,TIME,SRC,PACKET_SIZE,CUMULATIVE_PACKET_SIZE,PAGE_NUMBER,TOTAL_PACKET_SIZE
0,0.0,74.125.68.0-255,146,146,20,37237
1,3e-05,172.31.36.0-255,66,212,20,37237
2,3.6e-05,74.125.68.0-255,1484,1696,20,37237
3,4e-05,172.31.36.0-255,66,1762,20,37237
4,4.5e-05,74.125.68.0-255,2902,4664,20,37237
5,4.8e-05,172.31.36.0-255,66,4730,20,37237
6,7.1e-05,172.31.36.0-255,66,4796,20,37237
7,0.000157,172.31.36.0-255,66,4862,20,37237
8,0.000185,172.31.36.0-255,66,4928,20,37237
9,0.00033,172.31.36.0-255,66,4994,20,37237
10,0.000352,172.31.36.0-255,66,5060,20,37237
11,0.00051,74.125.68.0-255,2543,7603,20,37237
12,0.000514,172.31.36.0-255,66,7669,20,37237
13,0.000551,172.31.36.0-255,66,7735,20,37237
14,0.000569,172.31.36.0-255,66,7801,20,37237
15,0.000824,172.31.36.0-255,66,7867,20,37237
16,0.000848,172.31.36.0-255,66,7933,20,37237
17,0.001145,74.125.68.0-255,374,8307,20,37237
18,0.001147,172.31.36.0-255,66,8373,20,37237
19,0.001183,172.31.36.0-255,66,8439,20,37237
20,0.001213,172.31.36.0-255,66,8505,20,37237
21,0.001563,74.125.68.0-255,2902,11407,20,37237
22,0.001565,172.31.36.0-255,66,11473,20,37237
23,0.00159,172.31.36.0-255,66,11539,20,37237
24,0.00191,74.125.68.0-255,1484,13023,20,37237
25,0.001912,172.31.36.0-255,66,13089,20,37237
26,0.00193,74.125.68.0-255,2902,15991,20,37237
27,0.001931,172.31.36.0-255,66,16057,20,37237
28,0.001975,172.31.36.0-255,66,16123,20,37237
29,0.001991,74.125.68.0-255,1484,17607,20,37237
30,0.001992,172.31.36.0-255,66,17673,20,37237
31,0.00207,74.125.68.0-255,1484,19157,20,37237
32,0.002072,172.31.36.0-255,66,19223,20,37237
33,0.002099,172.31.36.0-255,66,19289,20,37237
34,0.002118,172.31.36.0-255,66,19355,20,37237
35,0.002276,74.125.68.0-255,1484,20839,20,37237
36,0.002291,74.125.68.0-255,1484,22323,20,37237
37,0.002293,172.31.36.0-255,66,22389,20,37237
38,0.002307,74.125.68.0-255,2902,25291,20,37237
39,0.002309,172.31.36.0-255,66,25357,20,37237
40,0.002335,172.31.36.0-255,66,25423,20,37237
41,0.002506,74.125.68.0-255,2902,28325,20,37237
42,0.002508,172.31.36.0-255,66,28391,20,37237
43,0.00254,172.31.36.0-255,66,28457,20,37237
44,0.002802,172.31.36.0-255,66,28523,20,37237
45,0.002828,172.31.36.0-255,66,28589,20,37237
46,0.003128,172.31.36.0-255,66,28655,20,37237
47,0.003176,172.31.36.0-255,66,28721,20,37237
48,0.003193,74.125.68.0-255,2184,30905,20,37237
49,0.003196,172.31.36.0-255,66,30971,20,37237
50,0.005729,172.31.36.0-255,66,31037,20,37237
51,0.005745,74.125.68.0-255,1484,32521,20,37237
52,0.00826,74.125.68.0-255,2902,35423,20,37237
53,0.008267,172.31.36.0-255,66,35489,20,37237
54,0.008288,74.125.68.0-255,1484,36973,20,37237
55,0.010812,172.31.36.0-255,66,37039,20,37237
56,0.013364,172.31.36.0-255,66,37105,20,37237
57,0.015904,172.31.36.0-255,66,37171,20,37237
58,0.018452,172.31.36.0-255,66,37237,20,37237
59,0.0,74.125.24.0-255,152,152,20,72431
60,3.4e-05,172.31.36.0-255,66,218,20,72431
61,4e-05,74.125.24.0-255,1484,1702,20,72431
62,4.4e-05,172.31.36.0-255,66,1768,20,72431
63,4.9e-05,74.125.24.0-255,2902,4670,20,72431
64,5.3e-05,172.31.36.0-255,66,4736,20,72431
65,6.4e-05,172.31.36.0-255,66,4802,20,72431
66,0.000106,172.31.36.0-255,66,4868,20,72431
67,0.00011,74.125.24.0-255,2543,7411,20,72431
68,0.000113,172.31.36.0-255,66,7477,20,72431
69,0.000171,74.125.24.0-255,1484,8961,20,72431
70,0.000175,172.31.36.0-255,66,9027,20,72431
71,0.000183,74.125.24.0-255,2902,11929,20,72431
72,0.000186,172.31.36.0-255,66,11995,20,72431
73,0.000196,172.31.36.0-255,66,12061,20,72431
74,0.000207,172.31.36.0-255,66,12127,20,72431
75,0.000235,74.125.24.0-255,1484,13611,20,72431
76,0.000237,172.31.36.0-255,66,13677,20,72431
77,0.000276,172.31.36.0-255,66,13743,20,72431
78,0.00028,74.125.24.0-255,2821,16564,20,72431
79,0.000282,172.31.36.0-255,66,16630,20,72431
80,0.000285,74.125.24.0-255,133,16763,20,72431
81,0.00029,172.31.36.0-255,66,16829,20,72431
82,0.000349,74.125.24.0-255,342,17171,20,72431
83,0.000355,172.31.36.0-255,66,17237,20,72431
84,0.000629,74.125.24.0-255,1484,18721,20,72431
85,0.000636,172.31.36.0-255,66,18787,20,72431
86,0.000643,74.125.24.0-255,2902,21689,20,72431
87,0.00065,172.31.36.0-255,66,21755,20,72431
88,0.000653,172.31.36.0-255,66,21821,20,72431
89,0.000685,172.31.36.0-255,66,21887,20,72431
90,0.000717,74.125.24.0-255,1484,23371,20,72431
91,0.000761,172.31.36.0-255,66,23437,20,72431
92,0.001099,74.125.24.0-255,1484,24921,20,72431
93,0.001107,74.125.24.0-255,2902,27823,20,72431
94,0.001111,172.31.36.0-255,66,27889,20,72431
95,0.001134,172.31.36.0-255,66,27955,20,72431
96,0.001164,172.31.36.0-255,66,28021,20,72431
97,0.001173,172.31.36.0-255,66,28087,20,72431
98,0.001209,172.31.36.0-255,66,28153,20,72431
99,0.001263,74.125.24.0-255,1484,29637,20,72431
100,0.001268,74.125.24.0-255,2902,32539,20,72431
101,0.001271,172.31.36.0-255,66,32605,20,72431
102,0.001281,172.31.36.0-255,66,32671,20,72431
103,0.001285,172.31.36.0-255,66,32737,20,72431
104,0.001291,172.31.36.0-255,66,32803,20,72431
105,0.001307,74.125.24.0-255,1484,34287,20,72431
106,0.001323,74.125.24.0-255,1484,35771,20,72431
107,0.001327,172.31.36.0-255,66,35837,20,72431
108,0.001359,172.31.36.0-255,66,35903,20,72431
109,0.001381,172.31.36.0-255,66,35969,20,72431
110,0.001422,172.31.36.0-255,66,36035,20,72431
111,0.001436,172.31.36.0-255,66,36101,20,72431
112,0.001447,172.31.36.0-255,66,36167,20,72431
113,0.001455,172.31.36.0-255,66,36233,20,72431
114,0.001488,172.31.36.0-255,66,36299,20,72431
115,0.001501,172.31.36.0-255,66,36365,20,72431
116,0.001548,172.31.36.0-255,66,36431,20,72431
117,0.001565,74.125.24.0-255,2184,38615,20,72431
118,0.001569,172.31.36.0-255,66,38681,20,72431
119,0.001615,74.125.24.0-255,1484,40165,20,72431
120,0.001621,74.125.24.0-255,2902,43067,20,72431
121,0.001625,172.31.36.0-255,66,43133,20,72431
122,0.001645,172.31.36.0-255,66,43199,20,72431
123,0.001648,74.125.24.0-255,1484,44683,20,72431
124,0.001692,172.31.36.0-255,66,44749,20,72431
125,0.001703,172.31.36.0-255,66,44815,20,72431
126,0.001727,74.125.24.0-255,2184,46999,20,72431
127,0.001732,172.31.36.0-255,66,47065,20,72431
128,0.001745,74.125.24.0-255,2902,49967,20,72431
129,0.001749,172.31.36.0-255,66,50033,20,72431
130,0.001783,172.31.36.0-255,66,50099,20,72431
131,0.001786,74.125.24.0-255,1484,51583,20,72431
132,0.001815,172.31.36.0-255,66,51649,20,72431
133,0.001828,74.125.24.0-255,1484,53133,20,72431
134,0.001858,172.31.36.0-255,66,53199,20,72431
135,0.001897,74.125.24.0-255,1484,54683,20,72431
136,0.001903,74.125.24.0-255,2902,57585,20,72431
137,0.001907,172.31.36.0-255,66,57651,20,72431
138,0.001911,74.125.24.0-255,1484,59135,20,72431
139,0.001936,172.31.36.0-255,66,59201,20,72431
140,0.001946,172.31.36.0-255,66,59267,20,72431
141,0.002009,172.31.36.0-255,66,59333,20,72431
142,0.002013,74.125.24.0-255,2184,61517,20,72431
143,0.002015,172.31.36.0-255,66,61583,20,72431
144,0.00202,74.125.24.0-255,2902,64485,20,72431
145,0.002022,172.31.36.0-255,66,64551,20,72431
146,0.00203,172.31.36.0-255,66,64617,20,72431
147,0.002059,74.125.24.0-255,2902,67519,20,72431
148,0.002063,172.31.36.0-255,66,67585,20,72431
149,0.002071,172.31.36.0-255,66,67651,20,72431
150,0.002083,172.31.36.0-255,66,67717,20,72431
151,0.002097,172.31.36.0-255,66,67783,20,72431
152,0.002106,172.31.36.0-255,66,67849,20,72431
153,0.002116,172.31.36.0-255,66,67915,20,72431
154,0.002167,172.31.36.0-255,66,67981,20,72431
155,0.002179,172.31.36.0-255,66,68047,20,72431
156,0.002209,74.125.24.0-255,3388,71435,20,72431
157,0.002212,172.31.36.0-255,66,71501,20,72431
158,0.002216,74.125.24.0-255,105,71606,20,72431
159,0.00222,74.125.24.0-255,129,71735,20,72431
160,0.008026,172.31.36.0-255,105,71840,20,72431
161,0.008059,172.31.36.0-255,105,71945,20,72431
162,0.008264,172.31.36.0-255,90,72035,20,72431
163,0.008274,172.31.36.0-255,66,72101,20,72431
164,0.01033,74.125.24.0-255,66,72167,20,72431
165,0.01034,74.125.24.0-255,66,72233,20,72431
166,0.010547,74.125.24.0-255,66,72299,20,72431
167,0.010564,74.125.24.0-255,66,72365,20,72431
168,0.010571,172.31.36.0-255,66,72431,20,72431
169,0.0,74.125.68.0-255,152,152,20,140760
170,2.3e-05,172.31.36.0-255,66,218,20,140760
171,3e-05,74.125.68.0-255,1484,1702,20,140760
172,3.4e-05,172.31.36.0-255,66,1768,20,140760
173,4.1e-05,74.125.68.0-255,2902,4670,20,140760
174,4.4e-05,172.31.36.0-255,66,4736,20,140760
175,5.3e-05,172.31.36.0-255,66,4802,20,140760
176,6.1e-05,172.31.36.0-255,66,4868,20,140760
177,0.000123,74.125.68.0-255,1484,6352,20,140760
178,0.000126,172.31.36.0-255,66,6418,20,140760
179,0.00013,74.125.68.0-255,1484,7902,20,140760
180,0.000133,172.31.36.0-255,66,7968,20,140760
181,0.000136,74.125.68.0-255,1484,9452,20,140760
182,0.000138,172.31.36.0-255,66,9518,20,140760
183,0.000165,74.125.68.0-255,1484,11002,20,140760
184,0.000168,172.31.36.0-255,66,11068,20,140760
185,0.000178,172.31.36.0-255,66,11134,20,140760
186,0.000181,74.125.68.0-255,1484,12618,20,140760
187,0.000183,172.31.36.0-255,66,12684,20,140760
188,0.000201,74.125.68.0-255,3961,16645,20,140760
189,0.000203,172.31.36.0-255,66,16711,20,140760
190,0.000374,74.125.68.0-255,1484,18195,20,140760
191,0.000379,172.31.36.0-255,66,18261,20,140760
192,0.000385,74.125.68.0-255,2902,21163,20,140760
193,0.000388,172.31.36.0-255,66,21229,20,140760
194,0.00039,74.125.68.0-255,1484,22713,20,140760
195,0.000392,172.31.36.0-255,66,22779,20,140760
196,0.000419,74.125.68.0-255,2902,25681,20,140760
197,0.000422,172.31.36.0-255,66,25747,20,140760
198,0.00044,172.31.36.0-255,66,25813,20,140760
199,0.00046,74.125.68.0-255,2543,28356,20,140760
200,0.000463,172.31.36.0-255,66,28422,20,140760
201,0.000498,74.125.68.0-255,1484,29906,20,140760
202,0.000519,74.125.68.0-255,2902,32808,20,140760
203,0.000522,172.31.36.0-255,66,32874,20,140760
204,0.000547,74.125.68.0-255,2902,35776,20,140760
205,0.00055,172.31.36.0-255,66,35842,20,140760
206,0.000573,74.125.68.0-255,2902,38744,20,140760
207,0.000576,172.31.36.0-255,66,38810,20,140760
208,0.000581,74.125.68.0-255,2902,41712,20,140760
209,0.000583,172.31.36.0-255,66,41778,20,140760
210,0.000615,172.31.36.0-255,66,41844,20,140760
211,0.000686,74.125.68.0-255,1484,43328,20,140760
212,0.000691,74.125.68.0-255,1484,44812,20,140760
213,0.000693,172.31.36.0-255,66,44878,20,140760
214,0.000705,74.125.68.0-255,1484,46362,20,140760
215,0.000731,172.31.36.0-255,66,46428,20,140760
216,0.000751,74.125.68.0-255,1484,47912,20,140760
217,0.000759,172.31.36.0-255,66,47978,20,140760
218,0.000767,172.31.36.0-255,66,48044,20,140760
219,0.000786,74.125.68.0-255,1484,49528,20,140760
220,0.000804,172.31.36.0-255,66,49594,20,140760
221,0.000819,74.125.68.0-255,1484,51078,20,140760
222,0.00084,74.125.68.0-255,3961,55039,20,140760
223,0.000843,172.31.36.0-255,66,55105,20,140760
224,0.000927,74.125.68.0-255,1484,56589,20,140760
225,0.000943,74.125.68.0-255,2902,59491,20,140760
226,0.000951,172.31.36.0-255,66,59557,20,140760
227,0.00096,172.31.36.0-255,66,59623,20,140760
228,0.00099,172.31.36.0-255,66,59689,20,140760
229,0.001012,74.125.68.0-255,2902,62591,20,140760
230,0.001026,172.31.36.0-255,66,62657,20,140760
231,0.001029,172.31.36.0-255,66,62723,20,140760
232,0.001032,172.31.36.0-255,66,62789,20,140760
233,0.001051,74.125.68.0-255,2902,65691,20,140760
234,0.001054,172.31.36.0-255,66,65757,20,140760
235,0.001059,74.125.68.0-255,3602,69359,20,140760
236,0.001062,172.31.36.0-255,66,69425,20,140760
237,0.00114,74.125.68.0-255,1484,70909,20,140760
238,0.001154,74.125.68.0-255,2902,73811,20,140760
239,0.001158,172.31.36.0-255,66,73877,20,140760
240,0.001167,172.31.36.0-255,66,73943,20,140760
241,0.001202,172.31.36.0-255,66,74009,20,140760
242,0.001227,74.125.68.0-255,2902,76911,20,140760
243,0.00123,172.31.36.0-255,66,76977,20,140760
244,0.001233,172.31.36.0-255,66,77043,20,140760
245,0.00126,172.31.36.0-255,66,77109,20,140760
246,0.001263,74.125.68.0-255,1484,78593,20,140760
247,0.001267,74.125.68.0-255,2902,81495,20,140760
248,0.001269,172.31.36.0-255,66,81561,20,140760
249,0.001298,172.31.36.0-255,66,81627,20,140760
250,0.001307,172.31.36.0-255,66,81693,20,140760
251,0.001341,172.31.36.0-255,66,81759,20,140760
252,0.001356,74.125.68.0-255,2902,84661,20,140760
253,0.001359,172.31.36.0-255,66,84727,20,140760
254,0.001378,74.125.68.0-255,2902,87629,20,140760
255,0.001381,172.31.36.0-255,66,87695,20,140760
256,0.001424,172.31.36.0-255,66,87761,20,140760
257,0.00146,172.31.36.0-255,66,87827,20,140760
258,0.001477,172.31.36.0-255,66,87893,20,140760
259,0.001499,74.125.68.0-255,1484,89377,20,140760
260,0.00151,172.31.36.0-255,66,89443,20,140760
261,0.001514,74.125.68.0-255,1484,90927,20,140760
262,0.001544,172.31.36.0-255,66,90993,20,140760
263,0.001551,172.31.36.0-255,66,91059,20,140760
264,0.001562,74.125.68.0-255,766,91825,20,140760
265,0.001598,74.125.68.0-255,1484,93309,20,140760
266,0.001603,74.125.68.0-255,2902,96211,20,140760
267,0.001646,172.31.36.0-255,66,96277,20,140760
268,0.001649,172.31.36.0-255,66,96343,20,140760
269,0.001677,172.31.36.0-255,66,96409,20,140760
270,0.001685,172.31.36.0-255,66,96475,20,140760
271,0.001688,74.125.68.0-255,1484,97959,20,140760
272,0.001711,172.31.36.0-255,66,98025,20,140760
273,0.001728,74.125.68.0-255,2902,100927,20,140760
274,0.001732,172.31.36.0-255,66,100993,20,140760
275,0.001746,74.125.68.0-255,2184,103177,20,140760
276,0.001749,172.31.36.0-255,66,103243,20,140760
277,0.001956,74.125.68.0-255,1484,104727,20,140760
278,0.001962,74.125.68.0-255,2902,107629,20,140760
279,0.001965,172.31.36.0-255,66,107695,20,140760
280,0.00199,172.31.36.0-255,66,107761,20,140760
281,0.002003,74.125.68.0-255,2902,110663,20,140760
282,0.002005,172.31.36.0-255,66,110729,20,140760
283,0.002028,172.31.36.0-255,66,110795,20,140760
284,0.00204,172.31.36.0-255,66,110861,20,140760
285,0.002071,172.31.36.0-255,66,110927,20,140760
286,0.002146,74.125.68.0-255,1484,112411,20,140760
287,0.002158,74.125.68.0-255,1484,113895,20,140760
288,0.002162,172.31.36.0-255,66,113961,20,140760
289,0.002166,74.125.68.0-255,1484,115445,20,140760
290,0.002178,74.125.68.0-255,1484,116929,20,140760
291,0.00218,172.31.36.0-255,66,116995,20,140760
292,0.00219,172.31.36.0-255,66,117061,20,140760
293,0.002193,74.125.68.0-255,1484,118545,20,140760
294,0.002219,172.31.36.0-255,66,118611,20,140760
295,0.002258,172.31.36.0-255,66,118677,20,140760
296,0.002263,74.125.68.0-255,3602,122279,20,140760
297,0.002265,172.31.36.0-255,66,122345,20,140760
298,0.002273,172.31.36.0-255,66,122411,20,140760
299,0.002304,172.31.36.0-255,66,122477,20,140760
300,0.00232,74.125.68.0-255,2902,125379,20,140760
301,0.002323,172.31.36.0-255,66,125445,20,140760
302,0.004586,74.125.68.0-255,2902,128347,20,140760
303,0.004595,172.31.36.0-255,66,128413,20,140760
304,0.004617,74.125.68.0-255,2902,131315,20,140760
305,0.00462,172.31.36.0-255,66,131381,20,140760
306,0.006871,74.125.68.0-255,2902,134283,20,140760
307,0.006875,172.31.36.0-255,66,134349,20,140760
308,0.006893,74.125.68.0-255,2902,137251,20,140760
309,0.006896,172.31.36.0-255,66,137317,20,140760
310,0.00918,172.31.36.0-255,66,137383,20,140760
311,0.011481,172.31.36.0-255,66,137449,20,140760
312,0.01378,172.31.36.0-255,66,137515,20,140760
313,0.016061,74.125.68.0-255,2681,140196,20,140760
314,0.01607,172.31.36.0-255,66,140262,20,140760
315,0.01749,172.31.36.0-255,105,140367,20,140760
316,0.017537,172.31.36.0-255,105,140472,20,140760
317,0.017801,172.31.36.0-255,90,140562,20,140760
318,0.017811,172.31.36.0-255,66,140628,20,140760
319,0.019754,74.125.68.0-255,66,140694,20,140760
320,0.019781,74.125.68.0-255,66,140760,20,140760
321,0.0,172.217.194.0-255,66,66,20,66
322,0.0,172.217.160.0-255,153,153,20,38972
323,1.8e-05,172.31.36.0-255,66,219,20,38972
324,2.6e-05,172.217.160.0-255,1484,1703,20,38972
325,3.1e-05,172.31.36.0-255,66,1769,20,38972
326,3.7e-05,172.217.160.0-255,2902,4671,20,38972
327,5e-05,172.31.36.0-255,66,4737,20,38972
328,6.1e-05,172.31.36.0-255,66,4803,20,38972
329,7.1e-05,172.31.36.0-255,66,4869,20,38972
330,7.4e-05,172.217.160.0-255,1484,6353,20,38972
331,7.7e-05,172.31.36.0-255,66,6419,20,38972
332,8.3e-05,172.217.160.0-255,2902,9321,20,38972
333,8.6e-05,172.31.36.0-255,66,9387,20,38972
334,8.9e-05,172.217.160.0-255,1484,10871,20,38972
335,9.1e-05,172.31.36.0-255,66,10937,20,38972
336,0.000116,172.31.36.0-255,66,11003,20,38972
337,0.000145,172.217.160.0-255,3961,14964,20,38972
338,0.000149,172.31.36.0-255,66,15030,20,38972
339,0.000179,172.31.36.0-255,66,15096,20,38972
340,0.000216,172.31.36.0-255,66,15162,20,38972
341,0.000251,172.31.36.0-255,66,15228,20,38972
342,0.000265,172.31.36.0-255,66,15294,20,38972
343,0.000274,172.31.36.0-255,66,15360,20,38972
344,0.000967,172.217.160.0-255,124,15484,20,38972
345,0.000974,172.31.36.0-255,66,15550,20,38972
346,0.001091,172.217.160.0-255,1484,17034,20,38972
347,0.001098,172.217.160.0-255,2902,19936,20,38972
348,0.001117,172.217.160.0-255,2902,22838,20,38972
349,0.001121,172.31.36.0-255,66,22904,20,38972
350,0.001127,172.31.36.0-255,66,22970,20,38972
351,0.001148,172.217.160.0-255,2902,25872,20,38972
352,0.001178,172.217.160.0-255,1125,26997,20,38972
353,0.001181,172.217.160.0-255,1484,28481,20,38972
354,0.00119,172.31.36.0-255,66,28547,20,38972
355,0.001244,172.217.160.0-255,2543,31090,20,38972
356,0.001261,172.31.36.0-255,66,31156,20,38972
357,0.001797,172.217.160.0-255,1484,32640,20,38972
358,0.001805,172.217.160.0-255,2902,35542,20,38972
359,0.00181,172.31.36.0-255,66,35608,20,38972
360,0.001855,172.217.160.0-255,2902,38510,20,38972
361,0.006388,172.31.36.0-255,66,38576,20,38972
362,0.008362,172.31.36.0-255,66,38642,20,38972
363,0.010316,172.31.36.0-255,66,38708,20,38972
364,0.013659,172.31.36.0-255,66,38774,20,38972
365,0.015623,172.31.36.0-255,66,38840,20,38972
366,0.017578,172.31.36.0-255,66,38906,20,38972
367,0.019541,172.31.36.0-255,66,38972,20,38972
368,0.0,74.125.24.0-255,153,153,20,76717
369,2.4e-05,172.31.36.0-255,66,219,20,76717
370,3.1e-05,74.125.24.0-255,1484,1703,20,76717
371,3.5e-05,172.31.36.0-255,66,1769,20,76717
372,4.1e-05,74.125.24.0-255,2902,4671,20,76717
373,4.4e-05,172.31.36.0-255,66,4737,20,76717
374,5.6e-05,172.31.36.0-255,66,4803,20,76717
375,6e-05,74.125.24.0-255,2076,6879,20,76717
376,6.3e-05,172.31.36.0-255,66,6945,20,76717
377,0.00013,74.125.24.0-255,1484,8429,20,76717
378,0.000133,172.31.36.0-255,66,8495,20,76717
379,0.000153,74.125.24.0-255,2902,11397,20,76717
380,0.000156,172.31.36.0-255,66,11463,20,76717
381,0.000165,172.31.36.0-255,66,11529,20,76717
382,0.000181,74.125.24.0-255,1484,13013,20,76717
383,0.000185,172.31.36.0-255,66,13079,20,76717
384,0.000216,172.31.36.0-255,66,13145,20,76717
385,0.000226,172.31.36.0-255,66,13211,20,76717
386,0.000258,172.31.36.0-255,66,13277,20,76717
387,0.00041,74.125.24.0-255,1484,14761,20,76717
388,0.000415,172.31.36.0-255,66,14827,20,76717
389,0.000421,74.125.24.0-255,2902,17729,20,76717
390,0.000423,172.31.36.0-255,66,17795,20,76717
391,0.000433,172.31.36.0-255,66,17861,20,76717
392,0.000466,172.31.36.0-255,66,17927,20,76717
393,0.000702,74.125.24.0-255,1484,19411,20,76717
394,0.000709,74.125.24.0-255,2902,22313,20,76717
395,0.000712,172.31.36.0-255,66,22379,20,76717
396,0.000718,74.125.24.0-255,2902,25281,20,76717
397,0.00072,172.31.36.0-255,66,25347,20,76717
398,0.000735,74.125.24.0-255,2902,28249,20,76717
399,0.000739,172.31.36.0-255,66,28315,20,76717
400,0.000747,74.125.24.0-255,1484,29799,20,76717
401,0.00077,172.31.36.0-255,66,29865,20,76717
402,0.000808,172.31.36.0-255,66,29931,20,76717
403,0.000817,172.31.36.0-255,66,29997,20,76717
404,0.000859,172.31.36.0-255,66,30063,20,76717
405,0.0009,74.125.24.0-255,2902,32965,20,76717
406,0.000904,172.31.36.0-255,66,33031,20,76717
407,0.000928,172.31.36.0-255,66,33097,20,76717
408,0.000931,74.125.24.0-255,1484,34581,20,76717
409,0.001032,172.31.36.0-255,66,34647,20,76717
410,0.001047,172.31.36.0-255,66,34713,20,76717
411,0.001052,74.125.24.0-255,3602,38315,20,76717
412,0.001055,172.31.36.0-255,66,38381,20,76717
413,0.001259,74.125.24.0-255,1484,39865,20,76717
414,0.001264,74.125.24.0-255,1484,41349,20,76717
415,0.001267,172.31.36.0-255,66,41415,20,76717
416,0.001285,74.125.24.0-255,1484,42899,20,76717
417,0.001294,172.31.36.0-255,66,42965,20,76717
418,0.001331,74.125.24.0-255,1484,44449,20,76717
419,0.001344,74.125.24.0-255,1484,45933,20,76717
420,0.001346,172.31.36.0-255,66,45999,20,76717
421,0.001354,172.31.36.0-255,66,46065,20,76717
422,0.001365,172.31.36.0-255,66,46131,20,76717
423,0.001373,172.31.36.0-255,66,46197,20,76717
424,0.001411,74.125.24.0-255,2184,48381,20,76717
425,0.001414,172.31.36.0-255,66,48447,20,76717
426,0.001444,74.125.24.0-255,2902,51349,20,76717
427,0.001447,172.31.36.0-255,66,51415,20,76717
428,0.001451,74.125.24.0-255,2902,54317,20,76717
429,0.001454,172.31.36.0-255,66,54383,20,76717
430,0.001492,172.31.36.0-255,66,54449,20,76717
431,0.001507,172.31.36.0-255,66,54515,20,76717
432,0.001531,74.125.24.0-255,2902,57417,20,76717
433,0.001534,172.31.36.0-255,66,57483,20,76717
434,0.001538,74.125.24.0-255,2902,60385,20,76717
435,0.00154,172.31.36.0-255,66,60451,20,76717
436,0.001552,74.125.24.0-255,2184,62635,20,76717
437,0.001554,172.31.36.0-255,66,62701,20,76717
438,0.001858,74.125.24.0-255,1484,64185,20,76717
439,0.001864,74.125.24.0-255,2902,67087,20,76717
440,0.001868,172.31.36.0-255,66,67153,20,76717
441,0.001873,74.125.24.0-255,2902,70055,20,76717
442,0.001875,172.31.36.0-255,66,70121,20,76717
443,0.00189,74.125.24.0-255,2902,73023,20,76717
444,0.001892,172.31.36.0-255,66,73089,20,76717
445,0.0019,172.31.36.0-255,66,73155,20,76717
446,0.001938,172.31.36.0-255,66,73221,20,76717
447,0.001969,74.125.24.0-255,2902,76123,20,76717
448,0.001972,172.31.36.0-255,66,76189,20,76717
449,0.001999,172.31.36.0-255,66,76255,20,76717
450,0.004347,172.31.36.0-255,66,76321,20,76717
451,0.006739,172.31.36.0-255,66,76387,20,76717
452,0.009078,172.31.36.0-255,66,76453,20,76717
453,0.011465,172.31.36.0-255,66,76519,20,76717
454,0.013807,172.31.36.0-255,66,76585,20,76717
455,0.016167,172.31.36.0-255,66,76651,20,76717
456,0.018537,172.31.36.0-255,66,76717,20,76717
457,0.0,74.125.24.0-255,153,153,20,65322
458,2.9e-05,172.31.36.0-255,66,219,20,65322
459,3.6e-05,74.125.24.0-255,1484,1703,20,65322
460,4e-05,172.31.36.0-255,66,1769,20,65322
461,5.2e-05,74.125.24.0-255,2902,4671,20,65322
462,5.5e-05,172.31.36.0-255,66,4737,20,65322
463,6.5e-05,172.31.36.0-255,66,4803,20,65322
464,0.000105,172.31.36.0-255,66,4869,20,65322
465,0.000114,172.31.36.0-255,66,4935,20,65322
466,0.000147,74.125.24.0-255,2543,7478,20,65322
467,0.00015,172.31.36.0-255,66,7544,20,65322
468,0.000208,74.125.24.0-255,1484,9028,20,65322
469,0.000212,172.31.36.0-255,66,9094,20,65322
470,0.000217,74.125.24.0-255,2902,11996,20,65322
471,0.000219,172.31.36.0-255,66,12062,20,65322
472,0.000289,172.31.36.0-255,66,12128,20,65322
473,0.000298,172.31.36.0-255,66,12194,20,65322
474,0.000311,172.31.36.0-255,66,12260,20,65322
475,0.00032,172.31.36.0-255,66,12326,20,65322
476,0.000349,74.125.24.0-255,399,12725,20,65322
477,0.000352,172.31.36.0-255,66,12791,20,65322
478,0.00041,74.125.24.0-255,111,12902,20,65322
479,0.000416,172.31.36.0-255,66,12968,20,65322
480,0.000474,74.125.24.0-255,1484,14452,20,65322
481,0.000478,172.31.36.0-255,66,14518,20,65322
482,0.000483,74.125.24.0-255,2902,17420,20,65322
483,0.000485,172.31.36.0-255,66,17486,20,65322
484,0.000499,172.31.36.0-255,66,17552,20,65322
485,0.000507,172.31.36.0-255,66,17618,20,65322
486,0.000551,172.31.36.0-255,66,17684,20,65322
487,0.000586,172.31.36.0-255,66,17750,20,65322
488,0.00065,74.125.24.0-255,1484,19234,20,65322
489,0.000656,74.125.24.0-255,2902,22136,20,65322
490,0.000659,172.31.36.0-255,66,22202,20,65322
491,0.000665,74.125.24.0-255,2902,25104,20,65322
492,0.000667,172.31.36.0-255,66,25170,20,65322
493,0.000686,74.125.24.0-255,2902,28072,20,65322
494,0.00069,172.31.36.0-255,66,28138,20,65322
495,0.000709,172.31.36.0-255,66,28204,20,65322
496,0.000713,74.125.24.0-255,1484,29688,20,65322
497,0.000753,172.31.36.0-255,66,29754,20,65322
498,0.000776,74.125.24.0-255,1484,31238,20,65322
499,0.00078,74.125.24.0-255,2902,34140,20,65322
500,0.000783,172.31.36.0-255,66,34206,20,65322
501,0.000792,172.31.36.0-255,66,34272,20,65322
502,0.000837,172.31.36.0-255,66,34338,20,65322
503,0.000845,172.31.36.0-255,66,34404,20,65322
504,0.000888,172.31.36.0-255,66,34470,20,65322
505,0.0009,172.31.36.0-255,66,34536,20,65322
506,0.000935,172.31.36.0-255,66,34602,20,65322
507,0.00098,74.125.24.0-255,1484,36086,20,65322
508,0.001004,74.125.24.0-255,2902,38988,20,65322
509,0.001007,172.31.36.0-255,66,39054,20,65322
510,0.001016,172.31.36.0-255,66,39120,20,65322
511,0.001065,172.31.36.0-255,66,39186,20,65322
512,0.00109,74.125.24.0-255,2902,42088,20,65322
513,0.001094,172.31.36.0-255,66,42154,20,65322
514,0.001099,172.31.36.0-255,66,42220,20,65322
515,0.001108,172.31.36.0-255,66,42286,20,65322
516,0.00113,74.125.24.0-255,1484,43770,20,65322
517,0.001135,74.125.24.0-255,2902,46672,20,65322
518,0.001138,172.31.36.0-255,66,46738,20,65322
519,0.001179,172.31.36.0-255,66,46804,20,65322
520,0.001199,172.31.36.0-255,66,46870,20,65322
521,0.001209,172.31.36.0-255,66,46936,20,65322
522,0.001213,74.125.24.0-255,1484,48420,20,65322
523,0.001243,74.125.24.0-255,3602,52022,20,65322
524,0.001247,172.31.36.0-255,66,52088,20,65322
525,0.001274,74.125.24.0-255,1484,53572,20,65322
526,0.001292,74.125.24.0-255,2902,56474,20,65322
527,0.001296,172.31.36.0-255,66,56540,20,65322
528,0.001299,74.125.24.0-255,1484,58024,20,65322
529,0.001328,172.31.36.0-255,66,58090,20,65322
530,0.001339,172.31.36.0-255,66,58156,20,65322
531,0.001383,172.31.36.0-255,66,58222,20,65322
532,0.001412,172.31.36.0-255,66,58288,20,65322
533,0.001443,74.125.24.0-255,1484,59772,20,65322
534,0.001449,74.125.24.0-255,2902,62674,20,65322
535,0.001452,172.31.36.0-255,66,62740,20,65322
536,0.001461,172.31.36.0-255,66,62806,20,65322
537,0.001472,172.31.36.0-255,66,62872,20,65322
538,0.00151,172.31.36.0-255,66,62938,20,65322
539,0.00152,172.31.36.0-255,66,63004,20,65322
540,0.001556,172.31.36.0-255,66,63070,20,65322
541,0.001566,172.31.36.0-255,66,63136,20,65322
542,0.001587,172.31.36.0-255,66,63202,20,65322
543,0.001608,172.31.36.0-255,66,63268,20,65322
544,0.001639,74.125.24.0-255,1646,64914,20,65322
545,0.001642,172.31.36.0-255,66,64980,20,65322
546,0.001646,74.125.24.0-255,105,65085,20,65322
547,0.003324,172.31.36.0-255,66,65151,20,65322
548,0.003352,172.31.36.0-255,105,65256,20,65322
549,0.005531,74.125.24.0-255,66,65322,20,65322
550,0.0,74.125.24.0-255,152,152,20,90485
551,1.7e-05,172.31.36.0-255,66,218,20,90485
552,2.4e-05,74.125.24.0-255,1484,1702,20,90485
553,2.8e-05,172.31.36.0-255,66,1768,20,90485
554,3.3e-05,74.125.24.0-255,2902,4670,20,90485
555,3.6e-05,172.31.36.0-255,66,4736,20,90485
556,4.6e-05,172.31.36.0-255,66,4802,20,90485
557,6.6e-05,74.125.24.0-255,2902,7704,20,90485
558,6.9e-05,172.31.36.0-255,66,7770,20,90485
559,8.1e-05,172.31.36.0-255,66,7836,20,90485
560,0.0001,74.125.24.0-255,2902,10738,20,90485
561,0.000102,172.31.36.0-255,66,10804,20,90485
562,0.000136,172.31.36.0-255,66,10870,20,90485
563,0.000176,74.125.24.0-255,1484,12354,20,90485
564,0.000178,172.31.36.0-255,66,12420,20,90485
565,0.000183,74.125.24.0-255,2902,15322,20,90485
566,0.000185,172.31.36.0-255,66,15388,20,90485
567,0.000204,172.31.36.0-255,66,15454,20,90485
568,0.000232,172.31.36.0-255,66,15520,20,90485
569,0.000252,74.125.24.0-255,1484,17004,20,90485
570,0.000254,172.31.36.0-255,66,17070,20,90485
571,0.00028,172.31.36.0-255,66,17136,20,90485
572,0.000282,74.125.24.0-255,359,17495,20,90485
573,0.000285,172.31.36.0-255,66,17561,20,90485
574,0.000331,74.125.24.0-255,132,17693,20,90485
575,0.000335,172.31.36.0-255,66,17759,20,90485
576,0.000474,74.125.24.0-255,1484,19243,20,90485
577,0.000482,74.125.24.0-255,2902,22145,20,90485
578,0.000486,172.31.36.0-255,66,22211,20,90485
579,0.000494,172.31.36.0-255,66,22277,20,90485
580,0.000519,74.125.24.0-255,2902,25179,20,90485
581,0.000521,172.31.36.0-255,66,25245,20,90485
582,0.00054,74.125.24.0-255,1484,26729,20,90485
583,0.000562,172.31.36.0-255,66,26795,20,90485
584,0.000569,172.31.36.0-255,66,26861,20,90485
585,0.000882,74.125.24.0-255,1484,28345,20,90485
586,0.000886,74.125.24.0-255,1484,29829,20,90485
587,0.000889,172.31.36.0-255,66,29895,20,90485
588,0.000908,74.125.24.0-255,1484,31379,20,90485
589,0.000912,74.125.24.0-255,2902,34281,20,90485
590,0.000914,172.31.36.0-255,66,34347,20,90485
591,0.000922,172.31.36.0-255,66,34413,20,90485
592,0.000966,172.31.36.0-255,66,34479,20,90485
593,0.000971,74.125.24.0-255,3602,38081,20,90485
594,0.000973,172.31.36.0-255,66,38147,20,90485
595,0.001004,74.125.24.0-255,2902,41049,20,90485
596,0.001006,172.31.36.0-255,66,41115,20,90485
597,0.001034,172.31.36.0-255,66,41181,20,90485
598,0.001056,74.125.24.0-255,1484,42665,20,90485
599,0.001061,172.31.36.0-255,66,42731,20,90485
600,0.001073,74.125.24.0-255,766,43497,20,90485
601,0.001134,74.125.24.0-255,1484,44981,20,90485
602,0.001139,172.31.36.0-255,66,45047,20,90485
603,0.001147,74.125.24.0-255,2902,47949,20,90485
604,0.001149,172.31.36.0-255,66,48015,20,90485
605,0.001152,74.125.24.0-255,1484,49499,20,90485
606,0.001193,172.31.36.0-255,66,49565,20,90485
607,0.001203,74.125.24.0-255,2902,52467,20,90485
608,0.001232,172.31.36.0-255,66,52533,20,90485
609,0.001247,74.125.24.0-255,3602,56135,20,90485
610,0.001255,172.31.36.0-255,66,56201,20,90485
611,0.00128,74.125.24.0-255,1484,57685,20,90485
612,0.001295,74.125.24.0-255,2902,60587,20,90485
613,0.001314,172.31.36.0-255,66,60653,20,90485
614,0.001321,74.125.24.0-255,1484,62137,20,90485
615,0.001359,172.31.36.0-255,66,62203,20,90485
616,0.001372,74.125.24.0-255,1484,63687,20,90485
617,0.00141,172.31.36.0-255,66,63753,20,90485
618,0.001487,74.125.24.0-255,1484,65237,20,90485
619,0.001492,74.125.24.0-255,2902,68139,20,90485
620,0.001515,172.31.36.0-255,66,68205,20,90485
621,0.001523,74.125.24.0-255,2902,71107,20,90485
622,0.001527,172.31.36.0-255,66,71173,20,90485
623,0.001566,172.31.36.0-255,66,71239,20,90485
624,0.001626,172.31.36.0-255,66,71305,20,90485
625,0.001665,74.125.24.0-255,1484,72789,20,90485
626,0.001669,74.125.24.0-255,2902,75691,20,90485
627,0.001673,172.31.36.0-255,66,75757,20,90485
628,0.001682,74.125.24.0-255,2902,78659,20,90485
629,0.001694,74.125.24.0-255,2902,81561,20,90485
630,0.001709,74.125.24.0-255,2902,84463,20,90485
631,0.001713,172.31.36.0-255,66,84529,20,90485
632,0.001729,172.31.36.0-255,66,84595,20,90485
633,0.001736,74.125.24.0-255,1484,86079,20,90485
634,0.00176,172.31.36.0-255,66,86145,20,90485
635,0.001769,74.125.24.0-255,2184,88329,20,90485
636,0.001771,74.125.24.0-255,1484,89813,20,90485
637,0.001786,172.31.36.0-255,66,89879,20,90485
638,0.001822,172.31.36.0-255,66,89945,20,90485
639,0.001877,172.31.36.0-255,66,90011,20,90485
640,0.001899,172.31.36.0-255,66,90077,20,90485
641,0.001945,172.31.36.0-255,66,90143,20,90485
642,0.001959,74.125.24.0-255,105,90248,20,90485
643,0.001981,172.31.36.0-255,66,90314,20,90485
644,0.004189,172.31.36.0-255,105,90419,20,90485
645,0.006193,74.125.24.0-255,66,90485,20,90485
646,0.0,172.31.36.0-255,105,105,20,276
647,0.001496,157.240.13.0-255,105,210,20,276
648,0.001506,172.31.36.0-255,66,276,20,276
649,0.0,172.217.194.0-255,298,298,20,59469
650,2.9e-05,172.31.36.0-255,66,364,20,59469
651,3.6e-05,172.217.194.0-255,1484,1848,20,59469
652,4e-05,172.31.36.0-255,66,1914,20,59469
653,4.5e-05,172.217.194.0-255,2902,4816,20,59469
654,4.8e-05,172.31.36.0-255,66,4882,20,59469
655,5.6e-05,172.31.36.0-255,66,4948,20,59469
656,8.6e-05,172.217.194.0-255,1484,6432,20,59469
657,8.8e-05,172.31.36.0-255,66,6498,20,59469
658,9.8e-05,172.31.36.0-255,66,6564,20,59469
659,0.00012,172.217.194.0-255,1859,8423,20,59469
660,0.000122,172.31.36.0-255,66,8489,20,59469
661,0.000154,172.31.36.0-255,66,8555,20,59469
662,0.000178,172.31.36.0-255,66,8621,20,59469
663,0.000182,172.217.194.0-255,1125,9746,20,59469
664,0.000183,172.31.36.0-255,66,9812,20,59469
665,0.000275,172.217.194.0-255,1484,11296,20,59469
666,0.000278,172.31.36.0-255,66,11362,20,59469
667,0.000283,172.217.194.0-255,2902,14264,20,59469
668,0.000286,172.31.36.0-255,66,14330,20,59469
669,0.000317,172.31.36.0-255,66,14396,20,59469
670,0.000346,172.31.36.0-255,66,14462,20,59469
671,0.00037,172.31.36.0-255,66,14528,20,59469
672,0.000393,172.31.36.0-255,66,14594,20,59469
673,0.00042,172.31.36.0-255,66,14660,20,59469
674,0.000423,172.217.194.0-255,434,15094,20,59469
675,0.000549,172.217.194.0-255,1484,16578,20,59469
676,0.000553,172.31.36.0-255,66,16644,20,59469
677,0.000558,172.217.194.0-255,2902,19546,20,59469
678,0.00056,172.31.36.0-255,66,19612,20,59469
679,0.000586,172.31.36.0-255,66,19678,20,59469
680,0.00059,172.217.194.0-255,2902,22580,20,59469
681,0.000593,172.31.36.0-255,66,22646,20,59469
682,0.000644,172.31.36.0-255,66,22712,20,59469
683,0.000663,172.217.194.0-255,1125,23837,20,59469
684,0.000672,172.31.36.0-255,66,23903,20,59469
685,0.00069,172.217.194.0-255,1484,25387,20,59469
686,0.000714,172.31.36.0-255,66,25453,20,59469
687,0.001483,172.217.194.0-255,1484,26937,20,59469
688,0.001493,172.217.194.0-255,2902,29839,20,59469
689,0.001498,172.31.36.0-255,66,29905,20,59469
690,0.001507,172.31.36.0-255,66,29971,20,59469
691,0.001548,172.31.36.0-255,66,30037,20,59469
692,0.001552,172.217.194.0-255,1484,31521,20,59469
693,0.0016,172.31.36.0-255,66,31587,20,59469
694,0.001647,172.217.194.0-255,1484,33071,20,59469
695,0.001652,172.217.194.0-255,2902,35973,20,59469
696,0.001655,172.31.36.0-255,66,36039,20,59469
697,0.001671,172.31.36.0-255,66,36105,20,59469
698,0.001706,172.31.36.0-255,66,36171,20,59469
699,0.001728,172.31.36.0-255,66,36237,20,59469
700,0.001748,172.217.194.0-255,1484,37721,20,59469
701,0.00177,172.31.36.0-255,66,37787,20,59469
702,0.001787,172.217.194.0-255,3602,41389,20,59469
703,0.00179,172.31.36.0-255,66,41455,20,59469
704,0.001794,172.217.194.0-255,1484,42939,20,59469
705,0.001838,172.31.36.0-255,66,43005,20,59469
706,0.001846,172.31.36.0-255,66,43071,20,59469
707,0.001872,172.31.36.0-255,66,43137,20,59469
708,0.001905,172.31.36.0-255,66,43203,20,59469
709,0.002145,172.217.194.0-255,1484,44687,20,59469
710,0.002158,172.217.194.0-255,2902,47589,20,59469
711,0.002161,172.31.36.0-255,66,47655,20,59469
712,0.002187,172.31.36.0-255,66,47721,20,59469
713,0.002208,172.31.36.0-255,66,47787,20,59469
714,0.002227,172.31.36.0-255,66,47853,20,59469
715,0.002234,172.31.36.0-255,66,47919,20,59469
716,0.002273,172.217.194.0-255,2902,50821,20,59469
717,0.002275,172.31.36.0-255,66,50887,20,59469
718,0.00228,172.217.194.0-255,3602,54489,20,59469
719,0.002283,172.31.36.0-255,66,54555,20,59469
720,0.004587,172.217.194.0-255,1484,56039,20,59469
721,0.004606,172.31.36.0-255,66,56105,20,59469
722,0.006917,172.31.36.0-255,66,56171,20,59469
723,0.009273,172.31.36.0-255,66,56237,20,59469
724,0.009288,172.217.194.0-255,1484,57721,20,59469
725,0.011607,172.31.36.0-255,66,57787,20,59469
726,0.01393,172.31.36.0-255,66,57853,20,59469
727,0.013953,172.217.194.0-255,1484,59337,20,59469
728,0.016252,172.31.36.0-255,66,59403,20,59469
729,0.018596,172.31.36.0-255,66,59469,20,59469
730,0.0,172.31.36.0-255,66,66,20,66
731,0.0,172.217.194.0-255,153,153,20,67552
732,2.3e-05,172.31.36.0-255,66,219,20,67552
733,3.1e-05,172.217.194.0-255,1484,1703,20,67552
734,3.5e-05,172.31.36.0-255,66,1769,20,67552
735,4.2e-05,172.217.194.0-255,2902,4671,20,67552
736,4.5e-05,172.31.36.0-255,66,4737,20,67552
737,5.7e-05,172.31.36.0-255,66,4803,20,67552
738,8.6e-05,172.31.36.0-255,66,4869,20,67552
739,9.1e-05,172.217.194.0-255,2543,7412,20,67552
740,9.4e-05,172.31.36.0-255,66,7478,20,67552
741,0.000134,172.217.194.0-255,1484,8962,20,67552
742,0.000138,172.31.36.0-255,66,9028,20,67552
743,0.000143,172.217.194.0-255,2902,11930,20,67552
744,0.000146,172.31.36.0-255,66,11996,20,67552
745,0.00016,172.31.36.0-255,66,12062,20,67552
746,0.000174,172.31.36.0-255,66,12128,20,67552
747,0.000186,172.31.36.0-255,66,12194,20,67552
748,0.000222,172.31.36.0-255,66,12260,20,67552
749,0.000416,172.217.194.0-255,98,12358,20,67552
750,0.000421,172.31.36.0-255,66,12424,20,67552
751,0.000446,172.217.194.0-255,364,12788,20,67552
752,0.000449,172.31.36.0-255,66,12854,20,67552
753,0.000617,172.217.194.0-255,1484,14338,20,67552
754,0.000623,172.31.36.0-255,66,14404,20,67552
755,0.000629,172.217.194.0-255,2902,17306,20,67552
756,0.000631,172.31.36.0-255,66,17372,20,67552
757,0.00067,172.217.194.0-255,2902,20274,20,67552
758,0.000673,172.31.36.0-255,66,20340,20,67552
759,0.000706,172.217.194.0-255,2902,23242,20,67552
760,0.000709,172.31.36.0-255,66,23308,20,67552
761,0.000729,172.31.36.0-255,66,23374,20,67552
762,0.000732,172.217.194.0-255,1484,24858,20,67552
763,0.000745,172.31.36.0-255,66,24924,20,67552
764,0.000787,172.217.194.0-255,1484,26408,20,67552
765,0.000792,172.217.194.0-255,2902,29310,20,67552
766,0.000795,172.31.36.0-255,66,29376,20,67552
767,0.000799,172.217.194.0-255,1484,30860,20,67552
768,0.000832,172.31.36.0-255,66,30926,20,67552
769,0.000845,172.31.36.0-255,66,30992,20,67552
770,0.000872,172.217.194.0-255,2902,33894,20,67552
771,0.000875,172.31.36.0-255,66,33960,20,67552
772,0.000888,172.31.36.0-255,66,34026,20,67552
773,0.000915,172.217.194.0-255,1484,35510,20,67552
774,0.00092,172.217.194.0-255,2902,38412,20,67552
775,0.000922,172.31.36.0-255,66,38478,20,67552
776,0.000931,172.31.36.0-255,66,38544,20,67552
777,0.000948,172.217.194.0-255,1484,40028,20,67552
778,0.000986,172.31.36.0-255,66,40094,20,67552
779,0.001004,172.31.36.0-255,66,40160,20,67552
780,0.001009,172.217.194.0-255,2902,43062,20,67552
781,0.001011,172.31.36.0-255,66,43128,20,67552
782,0.001042,172.31.36.0-255,66,43194,20,67552
783,0.001054,172.31.36.0-255,66,43260,20,67552
784,0.001069,172.31.36.0-255,66,43326,20,67552
785,0.001098,172.217.194.0-255,2902,46228,20,67552
786,0.001101,172.31.36.0-255,66,46294,20,67552
787,0.001105,172.217.194.0-255,766,47060,20,67552
788,0.001215,172.217.194.0-255,1484,48544,20,67552
789,0.001219,172.31.36.0-255,66,48610,20,67552
790,0.001226,172.217.194.0-255,2902,51512,20,67552
791,0.001228,172.31.36.0-255,66,51578,20,67552
792,0.001231,172.217.194.0-255,1484,53062,20,67552
793,0.001269,172.31.36.0-255,66,53128,20,67552
794,0.00128,172.31.36.0-255,66,53194,20,67552
795,0.001321,172.31.36.0-255,66,53260,20,67552
796,0.00134,172.31.36.0-255,66,53326,20,67552
797,0.001502,172.217.194.0-255,1484,54810,20,67552
798,0.001508,172.217.194.0-255,2902,57712,20,67552
799,0.001511,172.31.36.0-255,66,57778,20,67552
800,0.001521,172.31.36.0-255,66,57844,20,67552
801,0.001558,172.31.36.0-255,66,57910,20,67552
802,0.001581,172.31.36.0-255,66,57976,20,67552
803,0.001591,172.31.36.0-255,66,58042,20,67552
804,0.001677,172.217.194.0-255,1484,59526,20,67552
805,0.001683,172.217.194.0-255,2902,62428,20,67552
806,0.001686,172.31.36.0-255,66,62494,20,67552
807,0.00169,172.217.194.0-255,1484,63978,20,67552
808,0.001716,172.31.36.0-255,66,64044,20,67552
809,0.001767,172.31.36.0-255,66,64110,20,67552
810,0.001786,172.217.194.0-255,2902,67012,20,67552
811,0.001835,172.31.36.0-255,66,67078,20,67552
812,0.001885,172.31.36.0-255,66,67144,20,67552
813,0.001941,172.31.36.0-255,66,67210,20,67552
814,0.001958,172.217.194.0-255,105,67315,20,67552
815,0.001968,172.31.36.0-255,66,67381,20,67552
816,0.012096,172.31.36.0-255,105,67486,20,67552
817,0.01441,172.217.194.0-255,66,67552,20,67552
818,0.0,74.125.24.0-255,149,149,20,72887
819,2.4e-05,172.31.36.0-255,66,215,20,72887
820,3.1e-05,74.125.24.0-255,1484,1699,20,72887
821,3.6e-05,172.31.36.0-255,66,1765,20,72887
822,4.2e-05,74.125.24.0-255,2902,4667,20,72887
823,4.5e-05,172.31.36.0-255,66,4733,20,72887
824,5.7e-05,172.31.36.0-255,66,4799,20,72887
825,6.2e-05,74.125.24.0-255,2902,7701,20,72887
826,6.5e-05,172.31.36.0-255,66,7767,20,72887
827,9.9e-05,172.31.36.0-255,66,7833,20,72887
828,0.000112,172.31.36.0-255,66,7899,20,72887
829,0.000211,74.125.24.0-255,1484,9383,20,72887
830,0.000215,172.31.36.0-255,66,9449,20,72887
831,0.000221,74.125.24.0-255,2902,12351,20,72887
832,0.000223,172.31.36.0-255,66,12417,20,72887
833,0.000254,172.31.36.0-255,66,12483,20,72887
834,0.000257,74.125.24.0-255,1484,13967,20,72887
835,0.000259,172.31.36.0-255,66,14033,20,72887
836,0.000285,172.31.36.0-255,66,14099,20,72887
837,0.000296,172.31.36.0-255,66,14165,20,72887
838,0.000321,74.125.24.0-255,2902,17067,20,72887
839,0.000323,172.31.36.0-255,66,17133,20,72887
840,0.000326,74.125.24.0-255,1437,18570,20,72887
841,0.000329,172.31.36.0-255,66,18636,20,72887
842,0.000331,74.125.24.0-255,110,18746,20,72887
843,0.000333,172.31.36.0-255,66,18812,20,72887
844,0.000375,74.125.24.0-255,331,19143,20,72887
845,0.000784,74.125.24.0-255,1484,20627,20,72887
846,0.00079,74.125.24.0-255,2902,23529,20,72887
847,0.000807,74.125.24.0-255,1484,25013,20,72887
848,0.00082,172.31.36.0-255,66,25079,20,72887
849,0.000849,172.31.36.0-255,66,25145,20,72887
850,0.000909,172.31.36.0-255,66,25211,20,72887
851,0.001015,74.125.24.0-255,1484,26695,20,72887
852,0.00102,74.125.24.0-255,2902,29597,20,72887
853,0.001025,172.31.36.0-255,66,29663,20,72887
854,0.001058,172.31.36.0-255,66,29729,20,72887
855,0.001118,172.31.36.0-255,66,29795,20,72887
856,0.00114,172.31.36.0-255,66,29861,20,72887
857,0.001265,74.125.24.0-255,1484,31345,20,72887
858,0.001268,74.125.24.0-255,1484,32829,20,72887
859,0.001274,172.31.36.0-255,66,32895,20,72887
860,0.001292,74.125.24.0-255,1484,34379,20,72887
861,0.001304,74.125.24.0-255,2902,37281,20,72887
862,0.001308,172.31.36.0-255,66,37347,20,72887
863,0.00136,172.31.36.0-255,66,37413,20,72887
864,0.001732,74.125.24.0-255,1484,38897,20,72887
865,0.001738,74.125.24.0-255,2902,41799,20,72887
866,0.001742,172.31.36.0-255,66,41865,20,72887
867,0.001795,172.31.36.0-255,66,41931,20,72887
868,0.001827,74.125.24.0-255,2184,44115,20,72887
869,0.001831,172.31.36.0-255,66,44181,20,72887
870,0.001879,74.125.24.0-255,1484,45665,20,72887
871,0.001884,74.125.24.0-255,2902,48567,20,72887
872,0.001886,74.125.24.0-255,1484,50051,20,72887
873,0.001892,172.31.36.0-255,66,50117,20,72887
874,0.001906,74.125.24.0-255,1484,51601,20,72887
875,0.00192,172.31.36.0-255,66,51667,20,72887
876,0.001944,74.125.24.0-255,1484,53151,20,72887
877,0.001977,172.31.36.0-255,66,53217,20,72887
878,0.001989,74.125.24.0-255,2184,55401,20,72887
879,0.002018,172.31.36.0-255,66,55467,20,72887
880,0.002115,74.125.24.0-255,1484,56951,20,72887
881,0.002121,74.125.24.0-255,2902,59853,20,72887
882,0.002133,172.31.36.0-255,66,59919,20,72887
883,0.002158,172.31.36.0-255,66,59985,20,72887
884,0.002263,74.125.24.0-255,1484,61469,20,72887
885,0.002278,74.125.24.0-255,2902,64371,20,72887
886,0.002282,74.125.24.0-255,1484,65855,20,72887
887,0.002313,74.125.24.0-255,1484,67339,20,72887
888,0.002353,74.125.24.0-255,3602,70941,20,72887
889,0.003975,172.31.36.0-255,66,71007,20,72887
890,0.006298,172.31.36.0-255,66,71073,20,72887
891,0.00631,74.125.24.0-255,1484,72557,20,72887
892,0.008598,172.31.36.0-255,66,72623,20,72887
893,0.010931,172.31.36.0-255,66,72689,20,72887
894,0.01326,172.31.36.0-255,66,72755,20,72887
895,0.015605,172.31.36.0-255,66,72821,20,72887
896,0.017928,172.31.36.0-255,66,72887,20,72887
897,0.0,172.217.194.0-255,152,152,20,45986
898,1.4e-05,172.31.36.0-255,66,218,20,45986
899,2.1e-05,172.217.194.0-255,1484,1702,20,45986
900,2.6e-05,172.31.36.0-255,66,1768,20,45986
901,3.3e-05,172.217.194.0-255,2902,4670,20,45986
902,4.8e-05,172.31.36.0-255,66,4736,20,45986
903,6e-05,172.31.36.0-255,66,4802,20,45986
904,6.5e-05,172.217.194.0-255,2144,6946,20,45986
905,6.8e-05,172.31.36.0-255,66,7012,20,45986
906,0.000343,172.217.194.0-255,1484,8496,20,45986
907,0.00035,172.31.36.0-255,66,8562,20,45986
908,0.000356,172.217.194.0-255,2902,11464,20,45986
909,0.00036,172.31.36.0-255,66,11530,20,45986
910,0.000375,172.31.36.0-255,66,11596,20,45986
911,0.000378,172.217.194.0-255,1484,13080,20,45986
912,0.00038,172.31.36.0-255,66,13146,20,45986
913,0.000419,172.31.36.0-255,66,13212,20,45986
914,0.000424,172.217.194.0-255,2902,16114,20,45986
915,0.000427,172.31.36.0-255,66,16180,20,45986
916,0.000466,172.31.36.0-255,66,16246,20,45986
917,0.000477,172.31.36.0-255,66,16312,20,45986
918,0.000497,172.31.36.0-255,66,16378,20,45986
919,0.000537,172.31.36.0-255,66,16444,20,45986
920,0.000541,172.217.194.0-255,394,16838,20,45986
921,0.000542,172.31.36.0-255,66,16904,20,45986
922,0.000754,172.217.194.0-255,1484,18388,20,45986
923,0.000758,172.217.194.0-255,1484,19872,20,45986
924,0.000768,172.31.36.0-255,66,19938,20,45986
925,0.000777,172.217.194.0-255,1484,21422,20,45986
926,0.000787,172.31.36.0-255,66,21488,20,45986
927,0.000806,172.31.36.0-255,66,21554,20,45986
928,0.000819,172.31.36.0-255,66,21620,20,45986
929,0.001017,172.217.194.0-255,1484,23104,20,45986
930,0.001023,172.217.194.0-255,2902,26006,20,45986
931,0.00103,172.31.36.0-255,66,26072,20,45986
932,0.001052,172.31.36.0-255,66,26138,20,45986
933,0.001063,172.31.36.0-255,66,26204,20,45986
934,0.001113,172.31.36.0-255,66,26270,20,45986
935,0.001118,172.217.194.0-255,2184,28454,20,45986
936,0.00112,172.31.36.0-255,66,28520,20,45986
937,0.001572,172.217.194.0-255,1484,30004,20,45986
938,0.001578,172.217.194.0-255,1484,31488,20,45986
939,0.001582,172.31.36.0-255,66,31554,20,45986
940,0.001612,172.217.194.0-255,1484,33038,20,45986
941,0.001628,172.31.36.0-255,66,33104,20,45986
942,0.001632,172.31.36.0-255,66,33170,20,45986
943,0.00168,172.31.36.0-255,66,33236,20,45986
944,0.001689,172.31.36.0-255,66,33302,20,45986
945,0.001862,172.217.194.0-255,1484,34786,20,45986
946,0.001868,172.217.194.0-255,2902,37688,20,45986
947,0.001871,172.31.36.0-255,66,37754,20,45986
948,0.001895,172.31.36.0-255,66,37820,20,45986
949,0.001939,172.31.36.0-255,66,37886,20,45986
950,0.001954,172.31.36.0-255,66,37952,20,45986
951,0.001999,172.31.36.0-255,66,38018,20,45986
952,0.002052,172.31.36.0-255,66,38084,20,45986
953,0.002065,172.31.36.0-255,66,38150,20,45986
954,0.002103,172.31.36.0-255,66,38216,20,45986
955,0.002113,172.31.36.0-255,66,38282,20,45986
956,0.002145,172.217.194.0-255,2902,41184,20,45986
957,0.002148,172.31.36.0-255,66,41250,20,45986
958,0.002156,172.31.36.0-255,66,41316,20,45986
959,0.002184,172.31.36.0-255,66,41382,20,45986
960,0.002222,172.31.36.0-255,66,41448,20,45986
961,0.002236,172.31.36.0-255,66,41514,20,45986
962,0.002279,172.31.36.0-255,66,41580,20,45986
963,0.002299,172.31.36.0-255,66,41646,20,45986
964,0.00231,172.31.36.0-255,66,41712,20,45986
965,0.002361,172.31.36.0-255,66,41778,20,45986
966,0.002394,172.31.36.0-255,66,41844,20,45986
967,0.002455,172.31.36.0-255,66,41910,20,45986
968,0.00247,172.217.194.0-255,3602,45512,20,45986
969,0.002473,172.31.36.0-255,66,45578,20,45986
970,0.002496,172.31.36.0-255,66,45644,20,45986
971,0.002524,172.217.194.0-255,105,45749,20,45986
972,0.009466,172.31.36.0-255,66,45815,20,45986
973,0.009507,172.31.36.0-255,105,45920,20,45986
974,0.012095,172.217.194.0-255,66,45986,20,45986
975,0.0,172.217.194.0-255,146,146,20,54731
976,2.6e-05,172.31.36.0-255,66,212,20,54731
977,3.3e-05,172.217.194.0-255,1484,1696,20,54731
978,3.7e-05,172.31.36.0-255,66,1762,20,54731
979,4.2e-05,172.217.194.0-255,2902,4664,20,54731
980,4.4e-05,172.31.36.0-255,66,4730,20,54731
981,8e-05,172.31.36.0-255,66,4796,20,54731
982,8.4e-05,172.217.194.0-255,3489,8285,20,54731
983,8.6e-05,172.31.36.0-255,66,8351,20,54731
984,0.000104,172.31.36.0-255,66,8417,20,54731
985,0.000123,172.31.36.0-255,66,8483,20,54731
986,0.000128,172.217.194.0-255,2543,11026,20,54731
987,0.000129,172.31.36.0-255,66,11092,20,54731
988,0.000193,172.217.194.0-255,1484,12576,20,54731
989,0.000197,172.31.36.0-255,66,12642,20,54731
990,0.000218,172.217.194.0-255,2902,15544,20,54731
991,0.000221,172.31.36.0-255,66,15610,20,54731
992,0.000229,172.31.36.0-255,66,15676,20,54731
993,0.000264,172.31.36.0-255,66,15742,20,54731
994,0.000299,172.31.36.0-255,66,15808,20,54731
995,0.000311,172.31.36.0-255,66,15874,20,54731
996,0.000462,172.217.194.0-255,120,15994,20,54731
997,0.000465,172.31.36.0-255,66,16060,20,54731
998,0.000499,172.217.194.0-255,375,16435,20,54731
999,0.000502,172.31.36.0-255,66,16501,20,54731
1000,0.000624,172.217.194.0-255,1484,17985,20,54731
1001,0.000627,172.31.36.0-255,66,18051,20,54731
1002,0.000632,172.217.194.0-255,2902,20953,20,54731
1003,0.000634,172.31.36.0-255,66,21019,20,54731
1004,0.000638,172.217.194.0-255,2902,23921,20,54731
1005,0.00064,172.31.36.0-255,66,23987,20,54731
1006,0.000653,172.217.194.0-255,2902,26889,20,54731
1007,0.000658,172.31.36.0-255,66,26955,20,54731
1008,0.000673,172.31.36.0-255,66,27021,20,54731
1009,0.000692,172.31.36.0-255,66,27087,20,54731
1010,0.000695,172.217.194.0-255,1484,28571,20,54731
1011,0.000721,172.31.36.0-255,66,28637,20,54731
1012,0.001078,172.217.194.0-255,1484,30121,20,54731
1013,0.001086,172.217.194.0-255,1484,31605,20,54731
1014,0.001089,172.31.36.0-255,66,31671,20,54731
1015,0.001103,172.217.194.0-255,1484,33155,20,54731
1016,0.001113,172.31.36.0-255,66,33221,20,54731
1017,0.001158,172.31.36.0-255,66,33287,20,54731
1018,0.001176,172.217.194.0-255,1484,34771,20,54731
1019,0.001185,172.31.36.0-255,66,34837,20,54731
1020,0.001203,172.217.194.0-255,2184,37021,20,54731
1021,0.001206,172.31.36.0-255,66,37087,20,54731
1022,0.001404,172.217.194.0-255,1484,38571,20,54731
1023,0.001411,172.217.194.0-255,2902,41473,20,54731
1024,0.001414,172.31.36.0-255,66,41539,20,54731
1025,0.001423,172.31.36.0-255,66,41605,20,54731
1026,0.001449,172.31.36.0-255,66,41671,20,54731
1027,0.00148,172.31.36.0-255,66,41737,20,54731
1028,0.001491,172.31.36.0-255,66,41803,20,54731
1029,0.00159,172.217.194.0-255,1484,43287,20,54731
1030,0.001596,172.217.194.0-255,2902,46189,20,54731
1031,0.0016,172.31.36.0-255,66,46255,20,54731
1032,0.001604,172.217.194.0-255,1484,47739,20,54731
1033,0.00163,172.31.36.0-255,66,47805,20,54731
1034,0.001645,172.31.36.0-255,66,47871,20,54731
1035,0.001666,172.217.194.0-255,1484,49355,20,54731
1036,0.001677,172.31.36.0-255,66,49421,20,54731
1037,0.002153,172.217.194.0-255,1484,50905,20,54731
1038,0.002165,172.217.194.0-255,2902,53807,20,54731
1039,0.002167,172.31.36.0-255,66,53873,20,54731
1040,0.002188,172.31.36.0-255,66,53939,20,54731
1041,0.002194,172.31.36.0-255,66,54005,20,54731
1042,0.002218,172.31.36.0-255,66,54071,20,54731
1043,0.002238,172.31.36.0-255,66,54137,20,54731
1044,0.002254,172.31.36.0-255,66,54203,20,54731
1045,0.002272,172.31.36.0-255,66,54269,20,54731
1046,0.004589,172.31.36.0-255,66,54335,20,54731
1047,0.006889,172.31.36.0-255,66,54401,20,54731
1048,0.0092,172.31.36.0-255,66,54467,20,54731
1049,0.011507,172.31.36.0-255,66,54533,20,54731
1050,0.013819,172.31.36.0-255,66,54599,20,54731
1051,0.016123,172.31.36.0-255,66,54665,20,54731
1052,0.018456,172.31.36.0-255,66,54731,20,54731
1053,0.0,172.217.194.0-255,297,297,20,43136
1054,2.5e-05,172.31.36.0-255,66,363,20,43136
1055,3.2e-05,172.217.194.0-255,1484,1847,20,43136
1056,3.7e-05,172.31.36.0-255,66,1913,20,43136
1057,5.6e-05,172.31.36.0-255,66,1979,20,43136
1058,6.7e-05,172.31.36.0-255,66,2045,20,43136
1059,0.000112,172.31.36.0-255,66,2111,20,43136
1060,0.000129,172.31.36.0-255,66,2177,20,43136
1061,0.0002,172.217.194.0-255,1484,3661,20,43136
1062,0.000204,172.31.36.0-255,66,3727,20,43136
1063,0.000209,172.217.194.0-255,2902,6629,20,43136
1064,0.000211,172.31.36.0-255,66,6695,20,43136
1065,0.000248,172.31.36.0-255,66,6761,20,43136
1066,0.000259,172.31.36.0-255,66,6827,20,43136
1067,0.000267,172.217.194.0-255,2902,9729,20,43136
1068,0.00027,172.31.36.0-255,66,9795,20,43136
1069,0.0003,172.31.36.0-255,66,9861,20,43136
1070,0.000316,172.31.36.0-255,66,9927,20,43136
1071,0.000536,172.217.194.0-255,362,10289,20,43136
1072,0.000541,172.31.36.0-255,66,10355,20,43136
1073,0.000545,172.217.194.0-255,381,10736,20,43136
1074,0.000548,172.31.36.0-255,66,10802,20,43136
1075,0.00094,172.217.194.0-255,1484,12286,20,43136
1076,0.000945,172.31.36.0-255,66,12352,20,43136
1077,0.000952,172.217.194.0-255,2902,15254,20,43136
1078,0.000954,172.31.36.0-255,66,15320,20,43136
1079,0.000968,172.31.36.0-255,66,15386,20,43136
1080,0.000977,172.31.36.0-255,66,15452,20,43136
1081,0.000987,172.31.36.0-255,66,15518,20,43136
1082,0.001018,172.31.36.0-255,66,15584,20,43136
1083,0.001047,172.31.36.0-255,66,15650,20,43136
1084,0.001271,172.217.194.0-255,1484,17134,20,43136
1085,0.001288,172.217.194.0-255,2902,20036,20,43136
1086,0.001291,172.31.36.0-255,66,20102,20,43136
1087,0.001295,172.217.194.0-255,1484,21586,20,43136
1088,0.001329,172.31.36.0-255,66,21652,20,43136
1089,0.001343,172.31.36.0-255,66,21718,20,43136
1090,0.001357,172.31.36.0-255,66,21784,20,43136
1091,0.00138,172.217.194.0-255,2902,24686,20,43136
1092,0.001383,172.31.36.0-255,66,24752,20,43136
1093,0.001391,172.217.194.0-255,2184,26936,20,43136
1094,0.001394,172.31.36.0-255,66,27002,20,43136
1095,0.001978,172.217.194.0-255,1484,28486,20,43136
1096,0.001985,172.217.194.0-255,2902,31388,20,43136
1097,0.001989,172.31.36.0-255,66,31454,20,43136
1098,0.001995,172.217.194.0-255,2902,34356,20,43136
1099,0.001997,172.31.36.0-255,66,34422,20,43136
1100,0.002025,172.217.194.0-255,2902,37324,20,43136
1101,0.002028,172.31.36.0-255,66,37390,20,43136
1102,0.002045,172.31.36.0-255,66,37456,20,43136
1103,0.002081,172.31.36.0-255,66,37522,20,43136
1104,0.002109,172.217.194.0-255,3602,41124,20,43136
1105,0.002112,172.31.36.0-255,66,41190,20,43136
1106,0.004348,172.31.36.0-255,66,41256,20,43136
1107,0.004379,172.217.194.0-255,1484,42740,20,43136
1108,0.006613,172.31.36.0-255,66,42806,20,43136
1109,0.008836,172.31.36.0-255,66,42872,20,43136
1110,0.01106,172.31.36.0-255,66,42938,20,43136
1111,0.013279,172.31.36.0-255,66,43004,20,43136
1112,0.01552,172.31.36.0-255,66,43070,20,43136
1113,0.017803,172.31.36.0-255,66,43136,20,43136
1114,0.0,74.125.24.0-255,309,309,20,73825
1115,1.6e-05,172.31.36.0-255,66,375,20,73825
1116,3.3e-05,74.125.24.0-255,1484,1859,20,73825
1117,3.8e-05,172.31.36.0-255,66,1925,20,73825
1118,4.9e-05,172.31.36.0-255,66,1991,20,73825
1119,0.000143,172.31.36.0-255,66,2057,20,73825
1120,0.000167,74.125.24.0-255,1939,3996,20,73825
1121,0.00017,172.31.36.0-255,66,4062,20,73825
1122,0.00018,172.31.36.0-255,66,4128,20,73825
1123,0.000191,172.31.36.0-255,66,4194,20,73825
1124,0.000206,172.31.36.0-255,66,4260,20,73825
1125,0.000245,74.125.24.0-255,1484,5744,20,73825
1126,0.000247,172.31.36.0-255,66,5810,20,73825
1127,0.000252,74.125.24.0-255,2902,8712,20,73825
1128,0.000254,172.31.36.0-255,66,8778,20,73825
1129,0.000276,74.125.24.0-255,2902,11680,20,73825
1130,0.000278,172.31.36.0-255,66,11746,20,73825
1131,0.000298,74.125.24.0-255,2902,14648,20,73825
1132,0.0003,172.31.36.0-255,66,14714,20,73825
1133,0.000307,172.31.36.0-255,66,14780,20,73825
1134,0.000318,74.125.24.0-255,2543,17323,20,73825
1135,0.00032,172.31.36.0-255,66,17389,20,73825
1136,0.000374,74.125.24.0-255,1484,18873,20,73825
1137,0.000376,172.31.36.0-255,66,18939,20,73825
1138,0.000381,74.125.24.0-255,2902,21841,20,73825
1139,0.000383,172.31.36.0-255,66,21907,20,73825
1140,0.000415,74.125.24.0-255,2543,24450,20,73825
1141,0.000464,172.31.36.0-255,66,24516,20,73825
1142,0.000533,74.125.24.0-255,1484,26000,20,73825
1143,0.000548,74.125.24.0-255,2902,28902,20,73825
1144,0.000553,172.31.36.0-255,66,28968,20,73825
1145,0.000589,172.31.36.0-255,66,29034,20,73825
1146,0.000628,74.125.24.0-255,2902,31936,20,73825
1147,0.000632,172.31.36.0-255,66,32002,20,73825
1148,0.000648,74.125.24.0-255,197,32199,20,73825
1149,0.000693,172.31.36.0-255,66,32265,20,73825
1150,0.00078,74.125.24.0-255,1484,33749,20,73825
1151,0.000805,74.125.24.0-255,2902,36651,20,73825
1152,0.000813,172.31.36.0-255,66,36717,20,73825
1153,0.000829,74.125.24.0-255,1484,38201,20,73825
1154,0.000839,74.125.24.0-255,1484,39685,20,73825
1155,0.000849,74.125.24.0-255,1484,41169,20,73825
1156,0.000858,74.125.24.0-255,1484,42653,20,73825
1157,0.000866,172.31.36.0-255,66,42719,20,73825
1158,0.000869,74.125.24.0-255,1484,44203,20,73825
1159,0.000887,74.125.24.0-255,2902,47105,20,73825
1160,0.000897,172.31.36.0-255,66,47171,20,73825
1161,0.000911,74.125.24.0-255,1484,48655,20,73825
1162,0.00095,172.31.36.0-255,66,48721,20,73825
1163,0.001596,74.125.24.0-255,1484,50205,20,73825
1164,0.001622,74.125.24.0-255,2902,53107,20,73825
1165,0.001625,172.31.36.0-255,66,53173,20,73825
1166,0.001648,74.125.24.0-255,1484,54657,20,73825
1167,0.001685,172.31.36.0-255,66,54723,20,73825
1168,0.001703,74.125.24.0-255,1484,56207,20,73825
1169,0.001722,172.31.36.0-255,66,56273,20,73825
1170,0.001742,74.125.24.0-255,1484,57757,20,73825
1171,0.001751,172.31.36.0-255,66,57823,20,73825
1172,0.001761,172.31.36.0-255,66,57889,20,73825
1173,0.001845,74.125.24.0-255,1484,59373,20,73825
1174,0.001859,74.125.24.0-255,2902,62275,20,73825
1175,0.001877,172.31.36.0-255,66,62341,20,73825
1176,0.00188,74.125.24.0-255,1484,63825,20,73825
1177,0.001951,74.125.24.0-255,1484,65309,20,73825
1178,0.001955,172.31.36.0-255,66,65375,20,73825
1179,0.002063,74.125.24.0-255,2902,68277,20,73825
1180,0.002066,74.125.24.0-255,1484,69761,20,73825
1181,0.002097,74.125.24.0-255,3602,73363,20,73825
1182,0.003395,172.31.36.0-255,66,73429,20,73825
1183,0.005449,172.31.36.0-255,66,73495,20,73825
1184,0.010746,172.31.36.0-255,66,73561,20,73825
1185,0.01287,172.31.36.0-255,66,73627,20,73825
1186,0.015118,172.31.36.0-255,66,73693,20,73825
1187,0.017147,172.31.36.0-255,66,73759,20,73825
1188,0.019209,172.31.36.0-255,66,73825,20,73825
1189,0.0,74.125.200.0-255,152,152,20,74741
1190,3.3e-05,172.31.36.0-255,66,218,20,74741
1191,4e-05,74.125.200.0-255,1484,1702,20,74741
1192,4.3e-05,172.31.36.0-255,66,1768,20,74741
1193,7.7e-05,74.125.200.0-255,2902,4670,20,74741
1194,8.2e-05,172.31.36.0-255,66,4736,20,74741
1195,0.00012,172.31.36.0-255,66,4802,20,74741
1196,0.000154,172.31.36.0-255,66,4868,20,74741
1197,0.000157,74.125.200.0-255,1484,6352,20,74741
1198,0.00016,172.31.36.0-255,66,6418,20,74741
1199,0.000186,172.31.36.0-255,66,6484,20,74741
1200,0.0002,172.31.36.0-255,66,6550,20,74741
1201,0.000227,74.125.200.0-255,3961,10511,20,74741
1202,0.000231,172.31.36.0-255,66,10577,20,74741
1203,0.000352,74.125.200.0-255,1484,12061,20,74741
1204,0.000356,172.31.36.0-255,66,12127,20,74741
1205,0.000387,74.125.200.0-255,1484,13611,20,74741
1206,0.00039,172.31.36.0-255,66,13677,20,74741
1207,0.000407,74.125.200.0-255,2902,16579,20,74741
1208,0.00041,172.31.36.0-255,66,16645,20,74741
1209,0.00042,172.31.36.0-255,66,16711,20,74741
1210,0.000458,172.31.36.0-255,66,16777,20,74741
1211,0.000487,172.31.36.0-255,66,16843,20,74741
1212,0.000519,172.31.36.0-255,66,16909,20,74741
1213,0.000559,172.31.36.0-255,66,16975,20,74741
1214,0.001242,74.125.200.0-255,112,17087,20,74741
1215,0.001284,74.125.200.0-255,1484,18571,20,74741
1216,0.001289,172.31.36.0-255,66,18637,20,74741
1217,0.001295,74.125.200.0-255,2902,21539,20,74741
1218,0.001297,172.31.36.0-255,66,21605,20,74741
1219,0.001333,172.31.36.0-255,66,21671,20,74741
1220,0.001342,172.31.36.0-255,66,21737,20,74741
1221,0.001369,74.125.200.0-255,2902,24639,20,74741
1222,0.001372,172.31.36.0-255,66,24705,20,74741
1223,0.001442,172.31.36.0-255,66,24771,20,74741
1224,0.001668,74.125.200.0-255,1484,26255,20,74741
1225,0.001672,74.125.200.0-255,1484,27739,20,74741
1226,0.001674,172.31.36.0-255,66,27805,20,74741
1227,0.001694,74.125.200.0-255,1484,29289,20,74741
1228,0.001701,172.31.36.0-255,66,29355,20,74741
1229,0.001712,74.125.200.0-255,1484,30839,20,74741
1230,0.001736,74.125.200.0-255,2902,33741,20,74741
1231,0.001739,172.31.36.0-255,66,33807,20,74741
1232,0.001773,172.31.36.0-255,66,33873,20,74741
1233,0.00179,172.31.36.0-255,66,33939,20,74741
1234,0.001797,172.31.36.0-255,66,34005,20,74741
1235,0.001805,172.31.36.0-255,66,34071,20,74741
1236,0.001837,172.31.36.0-255,66,34137,20,74741
1237,0.00184,74.125.200.0-255,1484,35621,20,74741
1238,0.001865,74.125.200.0-255,2902,38523,20,74741
1239,0.001868,172.31.36.0-255,66,38589,20,74741
1240,0.001871,74.125.200.0-255,1484,40073,20,74741
1241,0.001895,74.125.200.0-255,2902,42975,20,74741
1242,0.001897,172.31.36.0-255,66,43041,20,74741
1243,0.001928,74.125.200.0-255,3602,46643,20,74741
1244,0.001931,172.31.36.0-255,66,46709,20,74741
1245,0.001957,172.31.36.0-255,66,46775,20,74741
1246,0.001979,74.125.200.0-255,1484,48259,20,74741
1247,0.002004,172.31.36.0-255,66,48325,20,74741
1248,0.002016,172.31.36.0-255,66,48391,20,74741
1249,0.002061,172.31.36.0-255,66,48457,20,74741
1250,0.002065,74.125.200.0-255,2902,51359,20,74741
1251,0.002067,172.31.36.0-255,66,51425,20,74741
1252,0.002101,172.31.36.0-255,66,51491,20,74741
1253,0.002104,74.125.200.0-255,1484,52975,20,74741
1254,0.002108,74.125.200.0-255,2902,55877,20,74741
1255,0.00211,172.31.36.0-255,66,55943,20,74741
1256,0.00212,172.31.36.0-255,66,56009,20,74741
1257,0.002143,74.125.200.0-255,1484,57493,20,74741
1258,0.002148,74.125.200.0-255,2902,60395,20,74741
1259,0.00215,172.31.36.0-255,66,60461,20,74741
1260,0.002153,74.125.200.0-255,1484,61945,20,74741
1261,0.002183,172.31.36.0-255,66,62011,20,74741
1262,0.002191,172.31.36.0-255,66,62077,20,74741
1263,0.002202,172.31.36.0-255,66,62143,20,74741
1264,0.00222,74.125.200.0-255,1484,63627,20,74741
1265,0.002236,74.125.200.0-255,1484,65111,20,74741
1266,0.002238,172.31.36.0-255,66,65177,20,74741
1267,0.00227,172.31.36.0-255,66,65243,20,74741
1268,0.002297,74.125.200.0-255,2902,68145,20,74741
1269,0.0023,172.31.36.0-255,66,68211,20,74741
1270,0.002307,172.31.36.0-255,66,68277,20,74741
1271,0.00234,172.31.36.0-255,66,68343,20,74741
1272,0.002372,172.31.36.0-255,66,68409,20,74741
1273,0.002404,172.31.36.0-255,66,68475,20,74741
1274,0.002449,172.31.36.0-255,66,68541,20,74741
1275,0.002487,74.125.200.0-255,2902,71443,20,74741
1276,0.002553,74.125.200.0-255,2902,74345,20,74741
1277,0.006377,172.31.36.0-255,66,74411,20,74741
1278,0.00893,172.31.36.0-255,66,74477,20,74741
1279,0.011462,172.31.36.0-255,66,74543,20,74741
1280,0.014001,172.31.36.0-255,66,74609,20,74741
1281,0.016537,172.31.36.0-255,66,74675,20,74741
1282,0.019067,172.31.36.0-255,66,74741,20,74741
1283,0.0,74.125.130.0-255,146,146,20,91459
1284,1.6e-05,172.31.36.0-255,66,212,20,91459
1285,2.4e-05,74.125.130.0-255,1484,1696,20,91459
1286,2.8e-05,172.31.36.0-255,66,1762,20,91459
1287,3.3e-05,74.125.130.0-255,2902,4664,20,91459
1288,3.6e-05,172.31.36.0-255,66,4730,20,91459
1289,3.9e-05,74.125.130.0-255,1484,6214,20,91459
1290,4.1e-05,172.31.36.0-255,66,6280,20,91459
1291,4.6e-05,74.125.130.0-255,2902,9182,20,91459
1292,4.9e-05,172.31.36.0-255,66,9248,20,91459
1293,7e-05,74.125.130.0-255,1484,10732,20,91459
1294,7.3e-05,172.31.36.0-255,66,10798,20,91459
1295,0.0001,172.31.36.0-255,66,10864,20,91459
1296,0.000108,172.31.36.0-255,66,10930,20,91459
1297,0.000136,74.125.130.0-255,2902,13832,20,91459
1298,0.000138,172.31.36.0-255,66,13898,20,91459
1299,0.000146,172.31.36.0-255,66,13964,20,91459
1300,0.000183,74.125.130.0-255,2543,16507,20,91459
1301,0.000185,172.31.36.0-255,66,16573,20,91459
1302,0.00028,74.125.130.0-255,1484,18057,20,91459
1303,0.000285,172.31.36.0-255,66,18123,20,91459
1304,0.00029,74.125.130.0-255,2902,21025,20,91459
1305,0.000293,172.31.36.0-255,66,21091,20,91459
1306,0.000314,172.31.36.0-255,66,21157,20,91459
1307,0.000334,172.31.36.0-255,66,21223,20,91459
1308,0.000355,74.125.130.0-255,1484,22707,20,91459
1309,0.000357,172.31.36.0-255,66,22773,20,91459
1310,0.000361,74.125.130.0-255,2902,25675,20,91459
1311,0.000363,172.31.36.0-255,66,25741,20,91459
1312,0.00038,74.125.130.0-255,3961,29702,20,91459
1313,0.000382,172.31.36.0-255,66,29768,20,91459
1314,0.000391,172.31.36.0-255,66,29834,20,91459
1315,0.000474,74.125.130.0-255,366,30200,20,91459
1316,0.000498,172.31.36.0-255,66,30266,20,91459
1317,0.00064,74.125.130.0-255,1484,31750,20,91459
1318,0.000656,74.125.130.0-255,2902,34652,20,91459
1319,0.000676,172.31.36.0-255,66,34718,20,91459
1320,0.000703,74.125.130.0-255,1484,36202,20,91459
1321,0.000723,172.31.36.0-255,66,36268,20,91459
1322,0.000756,74.125.130.0-255,2902,39170,20,91459
1323,0.000765,172.31.36.0-255,66,39236,20,91459
1324,0.000769,74.125.130.0-255,2543,41779,20,91459
1325,0.000812,172.31.36.0-255,66,41845,20,91459
1326,0.001114,74.125.130.0-255,1484,43329,20,91459
1327,0.001121,74.125.130.0-255,2902,46231,20,91459
1328,0.001124,172.31.36.0-255,66,46297,20,91459
1329,0.001144,74.125.130.0-255,2902,49199,20,91459
1330,0.001154,172.31.36.0-255,66,49265,20,91459
1331,0.00117,172.31.36.0-255,66,49331,20,91459
1332,0.001187,74.125.130.0-255,2902,52233,20,91459
1333,0.001199,74.125.130.0-255,1484,53717,20,91459
1334,0.001211,172.31.36.0-255,66,53783,20,91459
1335,0.001235,74.125.130.0-255,1484,55267,20,91459
1336,0.00125,74.125.130.0-255,3602,58869,20,91459
1337,0.001263,172.31.36.0-255,66,58935,20,91459
1338,0.001454,74.125.130.0-255,1484,60419,20,91459
1339,0.001473,74.125.130.0-255,2902,63321,20,91459
1340,0.001477,172.31.36.0-255,66,63387,20,91459
1341,0.001511,74.125.130.0-255,1484,64871,20,91459
1342,0.001529,74.125.130.0-255,2902,67773,20,91459
1343,0.001532,74.125.130.0-255,1484,69257,20,91459
1344,0.00154,172.31.36.0-255,66,69323,20,91459
1345,0.001549,74.125.130.0-255,2902,72225,20,91459
1346,0.00156,172.31.36.0-255,66,72291,20,91459
1347,0.001593,172.31.36.0-255,66,72357,20,91459
1348,0.001601,74.125.130.0-255,1484,73841,20,91459
1349,0.001615,74.125.130.0-255,2902,76743,20,91459
1350,0.001641,74.125.130.0-255,1484,78227,20,91459
1351,0.001649,172.31.36.0-255,66,78293,20,91459
1352,0.001667,74.125.130.0-255,2902,81195,20,91459
1353,0.001671,172.31.36.0-255,66,81261,20,91459
1354,0.001679,74.125.130.0-255,766,82027,20,91459
1355,0.001928,74.125.130.0-255,1484,83511,20,91459
1356,0.001934,172.31.36.0-255,66,83577,20,91459
1357,0.00195,74.125.130.0-255,1484,85061,20,91459
1358,0.001974,74.125.130.0-255,2902,87963,20,91459
1359,0.002006,172.31.36.0-255,66,88029,20,91459
1360,0.00201,74.125.130.0-255,1484,89513,20,91459
1361,0.003998,172.31.36.0-255,66,89579,20,91459
1362,0.006003,74.125.130.0-255,1484,91063,20,91459
1363,0.007829,172.31.36.0-255,66,91129,20,91459
1364,0.009836,172.31.36.0-255,66,91195,20,91459
1365,0.012876,172.31.36.0-255,66,91261,20,91459
1366,0.014888,172.31.36.0-255,66,91327,20,91459
1367,0.016892,172.31.36.0-255,66,91393,20,91459
1368,0.018902,172.31.36.0-255,66,91459,20,91459
1369,0.0,74.125.200.0-255,153,153,20,70987
1370,2.5e-05,172.31.36.0-255,66,219,20,70987
1371,3.2e-05,74.125.200.0-255,1484,1703,20,70987
1372,3.6e-05,172.31.36.0-255,66,1769,20,70987
1373,3.9e-05,74.125.200.0-255,1484,3253,20,70987
1374,4.9e-05,172.31.36.0-255,66,3319,20,70987
1375,5.4e-05,74.125.200.0-255,2902,6221,20,70987
1376,5.7e-05,172.31.36.0-255,66,6287,20,70987
1377,6.2e-05,74.125.200.0-255,2902,9189,20,70987
1378,6.4e-05,172.31.36.0-255,66,9255,20,70987
1379,9.6e-05,74.125.200.0-255,2902,12157,20,70987
1380,9.9e-05,172.31.36.0-255,66,12223,20,70987
1381,0.000103,74.125.200.0-255,2067,14290,20,70987
1382,0.000106,172.31.36.0-255,66,14356,20,70987
1383,0.000206,74.125.200.0-255,1484,15840,20,70987
1384,0.00021,172.31.36.0-255,66,15906,20,70987
1385,0.000237,74.125.200.0-255,2902,18808,20,70987
1386,0.00024,172.31.36.0-255,66,18874,20,70987
1387,0.000244,74.125.200.0-255,2902,21776,20,70987
1388,0.000246,172.31.36.0-255,66,21842,20,70987
1389,0.000266,74.125.200.0-255,2902,24744,20,70987
1390,0.000269,172.31.36.0-255,66,24810,20,70987
1391,0.000282,172.31.36.0-255,66,24876,20,70987
1392,0.000293,172.31.36.0-255,66,24942,20,70987
1393,0.000329,172.31.36.0-255,66,25008,20,70987
1394,0.000365,74.125.200.0-255,1484,26492,20,70987
1395,0.000368,172.31.36.0-255,66,26558,20,70987
1396,0.000378,172.31.36.0-255,66,26624,20,70987
1397,0.000393,172.31.36.0-255,66,26690,20,70987
1398,0.000399,74.125.200.0-255,2902,29592,20,70987
1399,0.000401,172.31.36.0-255,66,29658,20,70987
1400,0.000435,74.125.200.0-255,2184,31842,20,70987
1401,0.000439,172.31.36.0-255,66,31908,20,70987
1402,0.000442,74.125.200.0-255,360,32268,20,70987
1403,0.000652,74.125.200.0-255,383,32651,20,70987
1404,0.000697,74.125.200.0-255,1484,34135,20,70987
1405,0.000701,172.31.36.0-255,66,34201,20,70987
1406,0.000707,74.125.200.0-255,2902,37103,20,70987
1407,0.000709,172.31.36.0-255,66,37169,20,70987
1408,0.000743,172.31.36.0-255,66,37235,20,70987
1409,0.000763,172.31.36.0-255,66,37301,20,70987
1410,0.000789,74.125.200.0-255,2902,40203,20,70987
1411,0.000792,172.31.36.0-255,66,40269,20,70987
1412,0.00082,172.31.36.0-255,66,40335,20,70987
1413,0.000826,172.31.36.0-255,66,40401,20,70987
1414,0.000855,74.125.200.0-255,3602,44003,20,70987
1415,0.000858,172.31.36.0-255,66,44069,20,70987
1416,0.000897,172.31.36.0-255,66,44135,20,70987
1417,0.000901,74.125.200.0-255,1484,45619,20,70987
1418,0.000923,74.125.200.0-255,2902,48521,20,70987
1419,0.000926,172.31.36.0-255,66,48587,20,70987
1420,0.000956,172.31.36.0-255,66,48653,20,70987
1421,0.000964,74.125.200.0-255,1484,50137,20,70987
1422,0.000968,74.125.200.0-255,2902,53039,20,70987
1423,0.000975,172.31.36.0-255,66,53105,20,70987
1424,0.000985,172.31.36.0-255,66,53171,20,70987
1425,0.001012,172.31.36.0-255,66,53237,20,70987
1426,0.001019,172.31.36.0-255,66,53303,20,70987
1427,0.001063,74.125.200.0-255,2184,55487,20,70987
1428,0.001068,172.31.36.0-255,66,55553,20,70987
1429,0.001938,74.125.200.0-255,1484,57037,20,70987
1430,0.001949,74.125.200.0-255,2902,59939,20,70987
1431,0.001954,172.31.36.0-255,66,60005,20,70987
1432,0.001958,74.125.200.0-255,1484,61489,20,70987
1433,0.001983,74.125.200.0-255,2902,64391,20,70987
1434,0.001987,172.31.36.0-255,66,64457,20,70987
1435,0.001995,172.31.36.0-255,66,64523,20,70987
1436,0.002034,172.31.36.0-255,66,64589,20,70987
1437,0.004013,172.31.36.0-255,66,64655,20,70987
1438,0.004037,74.125.200.0-255,1484,66139,20,70987
1439,0.005991,74.125.200.0-255,2902,69041,20,70987
1440,0.005998,172.31.36.0-255,66,69107,20,70987
1441,0.00603,74.125.200.0-255,1484,70591,20,70987
1442,0.007984,172.31.36.0-255,66,70657,20,70987
1443,0.010014,172.31.36.0-255,66,70723,20,70987
1444,0.012015,172.31.36.0-255,66,70789,20,70987
1445,0.014058,172.31.36.0-255,66,70855,20,70987
1446,0.016049,172.31.36.0-255,66,70921,20,70987
1447,0.018039,172.31.36.0-255,66,70987,20,70987
1448,0.0,172.217.194.0-255,66,66,20,66
1449,0.0,74.125.24.0-255,219,219,20,76536
1450,2.2e-05,172.31.36.0-255,66,285,20,76536
1451,2.9e-05,74.125.24.0-255,1484,1769,20,76536
1452,3.3e-05,172.31.36.0-255,66,1835,20,76536
1453,3.6e-05,74.125.24.0-255,1484,3319,20,76536
1454,4e-05,172.31.36.0-255,66,3385,20,76536
1455,4.6e-05,74.125.24.0-255,2902,6287,20,76536
1456,4.9e-05,172.31.36.0-255,66,6353,20,76536
1457,5.9e-05,172.31.36.0-255,66,6419,20,76536
1458,6.3e-05,74.125.24.0-255,1791,8210,20,76536
1459,6.6e-05,172.31.36.0-255,66,8276,20,76536
1460,0.000101,172.31.36.0-255,66,8342,20,76536
1461,0.000127,172.31.36.0-255,66,8408,20,76536
1462,0.000422,74.125.24.0-255,1484,9892,20,76536
1463,0.000428,172.31.36.0-255,66,9958,20,76536
1464,0.000434,74.125.24.0-255,2902,12860,20,76536
1465,0.000437,172.31.36.0-255,66,12926,20,76536
1466,0.000447,172.31.36.0-255,66,12992,20,76536
1467,0.000467,172.31.36.0-255,66,13058,20,76536
1468,0.000502,172.31.36.0-255,66,13124,20,76536
1469,0.000512,172.31.36.0-255,66,13190,20,76536
1470,0.000527,74.125.24.0-255,3602,16792,20,76536
1471,0.00053,172.31.36.0-255,66,16858,20,76536
1472,0.000544,74.125.24.0-255,401,17259,20,76536
1473,0.000547,172.31.36.0-255,66,17325,20,76536
1474,0.000609,74.125.24.0-255,109,17434,20,76536
1475,0.000835,74.125.24.0-255,1484,18918,20,76536
1476,0.00084,172.31.36.0-255,66,18984,20,76536
1477,0.00086,74.125.24.0-255,1484,20468,20,76536
1478,0.000873,74.125.24.0-255,1484,21952,20,76536
1479,0.000876,172.31.36.0-255,66,22018,20,76536
1480,0.000885,172.31.36.0-255,66,22084,20,76536
1481,0.000889,74.125.24.0-255,2902,24986,20,76536
1482,0.000891,172.31.36.0-255,66,25052,20,76536
1483,0.000928,172.31.36.0-255,66,25118,20,76536
1484,0.00094,172.31.36.0-255,66,25184,20,76536
1485,0.000944,74.125.24.0-255,2902,28086,20,76536
1486,0.000947,172.31.36.0-255,66,28152,20,76536
1487,0.00099,172.31.36.0-255,66,28218,20,76536
1488,0.001005,74.125.24.0-255,2184,30402,20,76536
1489,0.001007,172.31.36.0-255,66,30468,20,76536
1490,0.001041,74.125.24.0-255,2902,33370,20,76536
1491,0.001045,172.31.36.0-255,66,33436,20,76536
1492,0.001068,172.31.36.0-255,66,33502,20,76536
1493,0.001085,74.125.24.0-255,2902,36404,20,76536
1494,0.001089,172.31.36.0-255,66,36470,20,76536
1495,0.001116,74.125.24.0-255,2902,39372,20,76536
1496,0.00112,172.31.36.0-255,66,39438,20,76536
1497,0.001127,172.31.36.0-255,66,39504,20,76536
1498,0.00114,172.31.36.0-255,66,39570,20,76536
1499,0.001144,74.125.24.0-255,2184,41754,20,76536
1500,0.001147,172.31.36.0-255,66,41820,20,76536
1501,0.001236,74.125.24.0-255,1484,43304,20,76536
1502,0.001241,74.125.24.0-255,2902,46206,20,76536
1503,0.001246,172.31.36.0-255,66,46272,20,76536
1504,0.00127,172.31.36.0-255,66,46338,20,76536
1505,0.001301,74.125.24.0-255,1484,47822,20,76536
1506,0.001324,172.31.36.0-255,66,47888,20,76536
1507,0.001332,172.31.36.0-255,66,47954,20,76536
1508,0.001353,172.31.36.0-255,66,48020,20,76536
1509,0.001379,74.125.24.0-255,2184,50204,20,76536
1510,0.001381,172.31.36.0-255,66,50270,20,76536
1511,0.00144,74.125.24.0-255,1484,51754,20,76536
1512,0.00146,74.125.24.0-255,1484,53238,20,76536
1513,0.001465,172.31.36.0-255,66,53304,20,76536
1514,0.001484,74.125.24.0-255,1484,54788,20,76536
1515,0.001493,172.31.36.0-255,66,54854,20,76536
1516,0.001509,74.125.24.0-255,1484,56338,20,76536
1517,0.001533,172.31.36.0-255,66,56404,20,76536
1518,0.001538,74.125.24.0-255,2902,59306,20,76536
1519,0.00154,172.31.36.0-255,66,59372,20,76536
1520,0.001592,172.31.36.0-255,66,59438,20,76536
1521,0.001607,74.125.24.0-255,2184,61622,20,76536
1522,0.00161,172.31.36.0-255,66,61688,20,76536
1523,0.001714,74.125.24.0-255,1484,63172,20,76536
1524,0.001719,74.125.24.0-255,2902,66074,20,76536
1525,0.001722,172.31.36.0-255,66,66140,20,76536
1526,0.001725,74.125.24.0-255,1484,67624,20,76536
1527,0.001746,172.31.36.0-255,66,67690,20,76536
1528,0.001779,172.31.36.0-255,66,67756,20,76536
1529,0.001804,172.31.36.0-255,66,67822,20,76536
1530,0.001811,172.31.36.0-255,66,67888,20,76536
1531,0.001831,74.125.24.0-255,2902,70790,20,76536
1532,0.001836,172.31.36.0-255,66,70856,20,76536
1533,0.001845,74.125.24.0-255,3602,74458,20,76536
1534,0.001848,172.31.36.0-255,66,74524,20,76536
1535,0.003884,172.31.36.0-255,66,74590,20,76536
1536,0.003902,74.125.24.0-255,1484,76074,20,76536
1537,0.005912,172.31.36.0-255,66,76140,20,76536
1538,0.007942,172.31.36.0-255,66,76206,20,76536
1539,0.009939,172.31.36.0-255,66,76272,20,76536
1540,0.011985,172.31.36.0-255,66,76338,20,76536
1541,0.014046,172.31.36.0-255,66,76404,20,76536
1542,0.01608,172.31.36.0-255,66,76470,20,76536
1543,0.018108,172.31.36.0-255,66,76536,20,76536
1544,0.0,74.125.130.0-255,153,153,20,143695
1545,7e-05,172.31.36.0-255,66,219,20,143695
1546,7.8e-05,74.125.130.0-255,1484,1703,20,143695
1547,8.2e-05,172.31.36.0-255,66,1769,20,143695
1548,8.7e-05,74.125.130.0-255,2902,4671,20,143695
1549,9e-05,172.31.36.0-255,66,4737,20,143695
1550,9.2e-05,74.125.130.0-255,1484,6221,20,143695
1551,9.4e-05,172.31.36.0-255,66,6287,20,143695
1552,9.9e-05,74.125.130.0-255,2902,9189,20,143695
1553,0.000101,172.31.36.0-255,66,9255,20,143695
1554,0.000132,172.31.36.0-255,66,9321,20,143695
1555,0.000158,172.31.36.0-255,66,9387,20,143695
1556,0.000166,172.31.36.0-255,66,9453,20,143695
1557,0.00018,74.125.130.0-255,2902,12355,20,143695
1558,0.000182,172.31.36.0-255,66,12421,20,143695
1559,0.000215,74.125.130.0-255,3961,16382,20,143695
1560,0.000218,172.31.36.0-255,66,16448,20,143695
1561,0.000394,74.125.130.0-255,1484,17932,20,143695
1562,0.000398,172.31.36.0-255,66,17998,20,143695
1563,0.000412,74.125.130.0-255,1484,19482,20,143695
1564,0.000415,172.31.36.0-255,66,19548,20,143695
1565,0.000431,74.125.130.0-255,2902,22450,20,143695
1566,0.000435,172.31.36.0-255,66,22516,20,143695
1567,0.000464,172.31.36.0-255,66,22582,20,143695
1568,0.000468,74.125.130.0-255,2902,25484,20,143695
1569,0.000471,172.31.36.0-255,66,25550,20,143695
1570,0.000496,74.125.130.0-255,3961,29511,20,143695
1571,0.000499,172.31.36.0-255,66,29577,20,143695
1572,0.000524,172.31.36.0-255,66,29643,20,143695
1573,0.000527,74.125.130.0-255,1484,31127,20,143695
1574,0.000544,74.125.130.0-255,2902,34029,20,143695
1575,0.000546,172.31.36.0-255,66,34095,20,143695
1576,0.00058,74.125.130.0-255,2831,36926,20,143695
1577,0.000585,172.31.36.0-255,66,36992,20,143695
1578,0.000605,74.125.130.0-255,367,37359,20,143695
1579,0.00084,172.31.36.0-255,66,37425,20,143695
1580,0.001255,74.125.130.0-255,1484,38909,20,143695
1581,0.001277,74.125.130.0-255,2902,41811,20,143695
1582,0.001282,172.31.36.0-255,66,41877,20,143695
1583,0.001291,172.31.36.0-255,66,41943,20,143695
1584,0.001316,172.31.36.0-255,66,42009,20,143695
1585,0.001334,74.125.130.0-255,2902,44911,20,143695
1586,0.001336,172.31.36.0-255,66,44977,20,143695
1587,0.001344,172.31.36.0-255,66,45043,20,143695
1588,0.001366,172.31.36.0-255,66,45109,20,143695
1589,0.001397,172.31.36.0-255,66,45175,20,143695
1590,0.001406,172.31.36.0-255,66,45241,20,143695
1591,0.001415,172.31.36.0-255,66,45307,20,143695
1592,0.001445,172.31.36.0-255,66,45373,20,143695
1593,0.001881,74.125.130.0-255,1484,46857,20,143695
1594,0.001891,74.125.130.0-255,2902,49759,20,143695
1595,0.001895,172.31.36.0-255,66,49825,20,143695
1596,0.00192,172.31.36.0-255,66,49891,20,143695
1597,0.00195,172.31.36.0-255,66,49957,20,143695
1598,0.001974,172.31.36.0-255,66,50023,20,143695
1599,0.001989,172.31.36.0-255,66,50089,20,143695
1600,0.002012,74.125.130.0-255,2902,52991,20,143695
1601,0.002014,172.31.36.0-255,66,53057,20,143695
1602,0.002027,74.125.130.0-255,2902,55959,20,143695
1603,0.002028,172.31.36.0-255,66,56025,20,143695
1604,0.002044,74.125.130.0-255,3602,59627,20,143695
1605,0.002046,172.31.36.0-255,66,59693,20,143695
1606,0.002079,74.125.130.0-255,2902,62595,20,143695
1607,0.002081,172.31.36.0-255,66,62661,20,143695
1608,0.002099,74.125.130.0-255,1484,64145,20,143695
1609,0.002101,74.125.130.0-255,1484,65629,20,143695
1610,0.002103,172.31.36.0-255,66,65695,20,143695
1611,0.002107,74.125.130.0-255,2902,68597,20,143695
1612,0.002109,172.31.36.0-255,66,68663,20,143695
1613,0.002131,74.125.130.0-255,2902,71565,20,143695
1614,0.002133,172.31.36.0-255,66,71631,20,143695
1615,0.00215,74.125.130.0-255,2902,74533,20,143695
1616,0.002152,172.31.36.0-255,66,74599,20,143695
1617,0.002154,74.125.130.0-255,1484,76083,20,143695
1618,0.002158,74.125.130.0-255,2902,78985,20,143695
1619,0.00216,172.31.36.0-255,66,79051,20,143695
1620,0.002185,74.125.130.0-255,2902,81953,20,143695
1621,0.002188,172.31.36.0-255,66,82019,20,143695
1622,0.002199,74.125.130.0-255,2902,84921,20,143695
1623,0.002201,172.31.36.0-255,66,84987,20,143695
1624,0.002204,74.125.130.0-255,1484,86471,20,143695
1625,0.002256,74.125.130.0-255,2902,89373,20,143695
1626,0.002259,172.31.36.0-255,66,89439,20,143695
1627,0.002275,74.125.130.0-255,1484,90923,20,143695
1628,0.002286,74.125.130.0-255,2902,93825,20,143695
1629,0.002288,172.31.36.0-255,66,93891,20,143695
1630,0.002291,74.125.130.0-255,766,94657,20,143695
1631,0.002341,74.125.130.0-255,1484,96141,20,143695
1632,0.002343,172.31.36.0-255,66,96207,20,143695
1633,0.00236,74.125.130.0-255,2902,99109,20,143695
1634,0.002363,172.31.36.0-255,66,99175,20,143695
1635,0.002391,74.125.130.0-255,2902,102077,20,143695
1636,0.002393,172.31.36.0-255,66,102143,20,143695
1637,0.004661,74.125.130.0-255,2902,105045,20,143695
1638,0.004665,172.31.36.0-255,66,105111,20,143695
1639,0.004697,74.125.130.0-255,2902,108013,20,143695
1640,0.004699,172.31.36.0-255,66,108079,20,143695
1641,0.006972,74.125.130.0-255,2902,110981,20,143695
1642,0.006981,172.31.36.0-255,66,111047,20,143695
1643,0.006998,74.125.130.0-255,2902,113949,20,143695
1644,0.007001,172.31.36.0-255,66,114015,20,143695
1645,0.009325,74.125.130.0-255,2902,116917,20,143695
1646,0.009332,172.31.36.0-255,66,116983,20,143695
1647,0.009365,74.125.130.0-255,2902,119885,20,143695
1648,0.009368,172.31.36.0-255,66,119951,20,143695
1649,0.01165,74.125.130.0-255,2902,122853,20,143695
1650,0.011665,172.31.36.0-255,66,122919,20,143695
1651,0.011701,74.125.130.0-255,2902,125821,20,143695
1652,0.011704,172.31.36.0-255,66,125887,20,143695
1653,0.014001,74.125.130.0-255,2902,128789,20,143695
1654,0.014012,172.31.36.0-255,66,128855,20,143695
1655,0.014034,74.125.130.0-255,2902,131757,20,143695
1656,0.014037,172.31.36.0-255,66,131823,20,143695
1657,0.016325,74.125.130.0-255,2902,134725,20,143695
1658,0.016332,172.31.36.0-255,66,134791,20,143695
1659,0.016366,74.125.130.0-255,2902,137693,20,143695
1660,0.016369,172.31.36.0-255,66,137759,20,143695
1661,0.018661,74.125.130.0-255,2902,140661,20,143695
1662,0.018674,172.31.36.0-255,66,140727,20,143695
1663,0.018708,74.125.130.0-255,2902,143629,20,143695
1664,0.018712,172.31.36.0-255,66,143695,20,143695
1665,0.0,74.125.24.0-255,146,146,20,81567
1666,1.7e-05,172.31.36.0-255,66,212,20,81567
1667,2.4e-05,74.125.24.0-255,1484,1696,20,81567
1668,2.9e-05,172.31.36.0-255,66,1762,20,81567
1669,3.5e-05,74.125.24.0-255,2902,4664,20,81567
1670,3.8e-05,172.31.36.0-255,66,4730,20,81567
1671,4.9e-05,172.31.36.0-255,66,4796,20,81567
1672,7e-05,74.125.24.0-255,2054,6850,20,81567
1673,7.3e-05,172.31.36.0-255,66,6916,20,81567
1674,0.000108,74.125.24.0-255,2902,9818,20,81567
1675,0.000111,172.31.36.0-255,66,9884,20,81567
1676,0.000139,172.31.36.0-255,66,9950,20,81567
1677,0.00015,172.31.36.0-255,66,10016,20,81567
1678,0.000171,74.125.24.0-255,1125,11141,20,81567
1679,0.000173,172.31.36.0-255,66,11207,20,81567
1680,0.000259,74.125.24.0-255,1484,12691,20,81567
1681,0.000263,172.31.36.0-255,66,12757,20,81567
1682,0.000288,74.125.24.0-255,1484,14241,20,81567
1683,0.00029,172.31.36.0-255,66,14307,20,81567
1684,0.000306,74.125.24.0-255,1484,15791,20,81567
1685,0.000308,172.31.36.0-255,66,15857,20,81567
1686,0.000319,172.31.36.0-255,66,15923,20,81567
1687,0.000332,172.31.36.0-255,66,15989,20,81567
1688,0.00036,74.125.24.0-255,2543,18532,20,81567
1689,0.000362,172.31.36.0-255,66,18598,20,81567
1690,0.000374,172.31.36.0-255,66,18664,20,81567
1691,0.000377,74.125.24.0-255,109,18773,20,81567
1692,0.000398,74.125.24.0-255,332,19105,20,81567
1693,0.00064,74.125.24.0-255,1484,20589,20,81567
1694,0.000647,74.125.24.0-255,2902,23491,20,81567
1695,0.000684,172.31.36.0-255,66,23557,20,81567
1696,0.000704,74.125.24.0-255,2902,26459,20,81567
1697,0.000728,172.31.36.0-255,66,26525,20,81567
1698,0.000744,74.125.24.0-255,2184,28709,20,81567
1699,0.000759,172.31.36.0-255,66,28775,20,81567
1700,0.000789,74.125.24.0-255,2902,31677,20,81567
1701,0.000798,172.31.36.0-255,66,31743,20,81567
1702,0.000807,74.125.24.0-255,1484,33227,20,81567
1703,0.000835,74.125.24.0-255,2902,36129,20,81567
1704,0.000886,172.31.36.0-255,66,36195,20,81567
1705,0.000897,74.125.24.0-255,2184,38379,20,81567
1706,0.000922,172.31.36.0-255,66,38445,20,81567
1707,0.001268,74.125.24.0-255,1484,39929,20,81567
1708,0.001288,74.125.24.0-255,2902,42831,20,81567
1709,0.001292,172.31.36.0-255,66,42897,20,81567
1710,0.001316,172.31.36.0-255,66,42963,20,81567
1711,0.001338,172.31.36.0-255,66,43029,20,81567
1712,0.001386,172.31.36.0-255,66,43095,20,81567
1713,0.001475,74.125.24.0-255,1484,44579,20,81567
1714,0.001491,74.125.24.0-255,2902,47481,20,81567
1715,0.001497,172.31.36.0-255,66,47547,20,81567
1716,0.001516,74.125.24.0-255,1484,49031,20,81567
1717,0.001541,172.31.36.0-255,66,49097,20,81567
1718,0.001556,74.125.24.0-255,2902,51999,20,81567
1719,0.001561,74.125.24.0-255,2902,54901,20,81567
1720,0.001571,172.31.36.0-255,66,54967,20,81567
1721,0.001611,172.31.36.0-255,66,55033,20,81567
1722,0.001718,74.125.24.0-255,1484,56517,20,81567
1723,0.001723,74.125.24.0-255,2902,59419,20,81567
1724,0.001738,172.31.36.0-255,66,59485,20,81567
1725,0.001761,172.31.36.0-255,66,59551,20,81567
1726,0.001797,74.125.24.0-255,2902,62453,20,81567
1727,0.001835,74.125.24.0-255,1484,63937,20,81567
1728,0.001839,74.125.24.0-255,2902,66839,20,81567
1729,0.001843,74.125.24.0-255,2902,69741,20,81567
1730,0.001856,74.125.24.0-255,2902,72643,20,81567
1731,0.001859,172.31.36.0-255,66,72709,20,81567
1732,0.001874,172.31.36.0-255,66,72775,20,81567
1733,0.001928,172.31.36.0-255,66,72841,20,81567
1734,0.00198,74.125.24.0-255,1484,74325,20,81567
1735,0.001999,172.31.36.0-255,66,74391,20,81567
1736,0.002048,172.31.36.0-255,66,74457,20,81567
1737,0.002066,74.125.24.0-255,1484,75941,20,81567
1738,0.0021,74.125.24.0-255,2902,78843,20,81567
1739,0.002184,172.31.36.0-255,66,78909,20,81567
1740,0.002222,172.31.36.0-255,66,78975,20,81567
1741,0.002241,172.31.36.0-255,66,79041,20,81567
1742,0.002266,74.125.24.0-255,2184,81225,20,81567
1743,0.002284,74.125.24.0-255,105,81330,20,81567
1744,0.002339,172.31.36.0-255,66,81396,20,81567
1745,0.009577,172.31.36.0-255,105,81501,20,81567
1746,0.012157,74.125.24.0-255,66,81567,20,81567
1747,0.0,74.125.24.0-255,153,153,20,103242
1748,2.1e-05,172.31.36.0-255,66,219,20,103242
1749,2.9e-05,74.125.24.0-255,1484,1703,20,103242
1750,3.3e-05,172.31.36.0-255,66,1769,20,103242
1751,4e-05,74.125.24.0-255,2902,4671,20,103242
1752,4.4e-05,172.31.36.0-255,66,4737,20,103242
1753,7.6e-05,74.125.24.0-255,2902,7639,20,103242
1754,7.9e-05,172.31.36.0-255,66,7705,20,103242
1755,0.000103,172.31.36.0-255,66,7771,20,103242
1756,0.000108,74.125.24.0-255,2041,9812,20,103242
1757,0.00011,172.31.36.0-255,66,9878,20,103242
1758,0.000132,74.125.24.0-255,2902,12780,20,103242
1759,0.000134,172.31.36.0-255,66,12846,20,103242
1760,0.000145,172.31.36.0-255,66,12912,20,103242
1761,0.000194,172.31.36.0-255,66,12978,20,103242
1762,0.00021,74.125.24.0-255,2543,15521,20,103242
1763,0.000213,172.31.36.0-255,66,15587,20,103242
1764,0.000363,74.125.24.0-255,1484,17071,20,103242
1765,0.000368,172.31.36.0-255,66,17137,20,103242
1766,0.000374,74.125.24.0-255,2902,20039,20,103242
1767,0.000377,172.31.36.0-255,66,20105,20,103242
1768,0.00038,74.125.24.0-255,1484,21589,20,103242
1769,0.000382,172.31.36.0-255,66,21655,20,103242
1770,0.000415,172.31.36.0-255,66,21721,20,103242
1771,0.000427,172.31.36.0-255,66,21787,20,103242
1772,0.000453,172.31.36.0-255,66,21853,20,103242
1773,0.00049,172.31.36.0-255,66,21919,20,103242
1774,0.000493,74.125.24.0-255,679,22598,20,103242
1775,0.000674,74.125.24.0-255,1484,24082,20,103242
1776,0.000678,172.31.36.0-255,66,24148,20,103242
1777,0.000685,74.125.24.0-255,2902,27050,20,103242
1778,0.000688,172.31.36.0-255,66,27116,20,103242
1779,0.000697,172.31.36.0-255,66,27182,20,103242
1780,0.000725,74.125.24.0-255,1484,28666,20,103242
1781,0.00074,172.31.36.0-255,66,28732,20,103242
1782,0.000749,172.31.36.0-255,66,28798,20,103242
1783,0.000773,74.125.24.0-255,1484,30282,20,103242
1784,0.00079,74.125.24.0-255,3602,33884,20,103242
1785,0.000793,172.31.36.0-255,66,33950,20,103242
1786,0.000967,74.125.24.0-255,1484,35434,20,103242
1787,0.000981,74.125.24.0-255,2902,38336,20,103242
1788,0.000985,172.31.36.0-255,66,38402,20,103242
1789,0.000989,74.125.24.0-255,1484,39886,20,103242
1790,0.001024,172.31.36.0-255,66,39952,20,103242
1791,0.001038,172.31.36.0-255,66,40018,20,103242
1792,0.001078,172.31.36.0-255,66,40084,20,103242
1793,0.001083,74.125.24.0-255,2902,42986,20,103242
1794,0.001085,172.31.36.0-255,66,43052,20,103242
1795,0.001137,172.31.36.0-255,66,43118,20,103242
1796,0.001141,172.31.36.0-255,66,43184,20,103242
1797,0.00115,74.125.24.0-255,1484,44668,20,103242
1798,0.001165,74.125.24.0-255,2902,47570,20,103242
1799,0.001168,172.31.36.0-255,66,47636,20,103242
1800,0.001185,172.31.36.0-255,66,47702,20,103242
1801,0.001197,74.125.24.0-255,2184,49886,20,103242
1802,0.0012,172.31.36.0-255,66,49952,20,103242
1803,0.001261,74.125.24.0-255,1484,51436,20,103242
1804,0.001267,74.125.24.0-255,2902,54338,20,103242
1805,0.00127,172.31.36.0-255,66,54404,20,103242
1806,0.001289,172.31.36.0-255,66,54470,20,103242
1807,0.001292,74.125.24.0-255,1484,55954,20,103242
1808,0.001329,172.31.36.0-255,66,56020,20,103242
1809,0.001348,74.125.24.0-255,2902,58922,20,103242
1810,0.001352,172.31.36.0-255,66,58988,20,103242
1811,0.001364,172.31.36.0-255,66,59054,20,103242
1812,0.001417,74.125.24.0-255,3602,62656,20,103242
1813,0.00142,74.125.24.0-255,1484,64140,20,103242
1814,0.001426,172.31.36.0-255,66,64206,20,103242
1815,0.001436,74.125.24.0-255,2902,67108,20,103242
1816,0.001438,172.31.36.0-255,66,67174,20,103242
1817,0.001462,172.31.36.0-255,66,67240,20,103242
1818,0.001489,74.125.24.0-255,2902,70142,20,103242
1819,0.001491,172.31.36.0-255,66,70208,20,103242
1820,0.001502,172.31.36.0-255,66,70274,20,103242
1821,0.001506,74.125.24.0-255,2902,73176,20,103242
1822,0.001509,172.31.36.0-255,66,73242,20,103242
1823,0.001547,172.31.36.0-255,66,73308,20,103242
1824,0.001576,74.125.24.0-255,2184,75492,20,103242
1825,0.001578,172.31.36.0-255,66,75558,20,103242
1826,0.001592,74.125.24.0-255,1484,77042,20,103242
1827,0.001617,74.125.24.0-255,2902,79944,20,103242
1828,0.001622,172.31.36.0-255,66,80010,20,103242
1829,0.001645,172.31.36.0-255,66,80076,20,103242
1830,0.001659,172.31.36.0-255,66,80142,20,103242
1831,0.00168,74.125.24.0-255,2902,83044,20,103242
1832,0.001683,172.31.36.0-255,66,83110,20,103242
1833,0.001707,172.31.36.0-255,66,83176,20,103242
1834,0.001725,74.125.24.0-255,2184,85360,20,103242
1835,0.001727,172.31.36.0-255,66,85426,20,103242
1836,0.001828,74.125.24.0-255,1484,86910,20,103242
1837,0.001844,74.125.24.0-255,2902,89812,20,103242
1838,0.001848,172.31.36.0-255,66,89878,20,103242
1839,0.001858,172.31.36.0-255,66,89944,20,103242
1840,0.001868,172.31.36.0-255,66,90010,20,103242
1841,0.001894,74.125.24.0-255,1484,91494,20,103242
1842,0.001908,172.31.36.0-255,66,91560,20,103242
1843,0.001912,74.125.24.0-255,2184,93744,20,103242
1844,0.001914,172.31.36.0-255,66,93810,20,103242
1845,0.001947,74.125.24.0-255,2902,96712,20,103242
1846,0.00195,172.31.36.0-255,66,96778,20,103242
1847,0.003857,74.125.24.0-255,2902,99680,20,103242
1848,0.003864,172.31.36.0-255,66,99746,20,103242
1849,0.003886,74.125.24.0-255,2902,102648,20,103242
1850,0.003888,172.31.36.0-255,66,102714,20,103242
1851,0.00581,172.31.36.0-255,66,102780,20,103242
1852,0.007741,172.31.36.0-255,66,102846,20,103242
1853,0.009694,172.31.36.0-255,66,102912,20,103242
1854,0.011627,172.31.36.0-255,66,102978,20,103242
1855,0.013603,172.31.36.0-255,66,103044,20,103242
1856,0.01555,172.31.36.0-255,66,103110,20,103242
1857,0.017505,172.31.36.0-255,66,103176,20,103242
1858,0.019471,172.31.36.0-255,66,103242,20,103242
1859,0.0,74.125.24.0-255,153,153,20,68243
1860,2.3e-05,172.31.36.0-255,66,219,20,68243
1861,3e-05,74.125.24.0-255,1484,1703,20,68243
1862,3.4e-05,172.31.36.0-255,66,1769,20,68243
1863,3.9e-05,74.125.24.0-255,2902,4671,20,68243
1864,4.2e-05,172.31.36.0-255,66,4737,20,68243
1865,7.2e-05,172.31.36.0-255,66,4803,20,68243
1866,0.000113,74.125.24.0-255,1484,6287,20,68243
1867,0.000116,172.31.36.0-255,66,6353,20,68243
1868,0.000136,172.31.36.0-255,66,6419,20,68243
1869,0.000146,172.31.36.0-255,66,6485,20,68243
1870,0.00025,74.125.24.0-255,1484,7969,20,68243
1871,0.000254,172.31.36.0-255,66,8035,20,68243
1872,0.00028,74.125.24.0-255,2902,10937,20,68243
1873,0.000284,172.31.36.0-255,66,11003,20,68243
1874,0.000287,74.125.24.0-255,1484,12487,20,68243
1875,0.00029,172.31.36.0-255,66,12553,20,68243
1876,0.000332,172.31.36.0-255,66,12619,20,68243
1877,0.000341,172.31.36.0-255,66,12685,20,68243
1878,0.00037,172.31.36.0-255,66,12751,20,68243
1879,0.000405,172.31.36.0-255,66,12817,20,68243
1880,0.000443,172.31.36.0-255,66,12883,20,68243
1881,0.00046,74.125.24.0-255,410,13293,20,68243
1882,0.000462,172.31.36.0-255,66,13359,20,68243
1883,0.000562,74.125.24.0-255,1484,14843,20,68243
1884,0.000567,172.31.36.0-255,66,14909,20,68243
1885,0.000572,74.125.24.0-255,2902,17811,20,68243
1886,0.000574,172.31.36.0-255,66,17877,20,68243
1887,0.000614,172.31.36.0-255,66,17943,20,68243
1888,0.000656,172.31.36.0-255,66,18009,20,68243
1889,0.000893,74.125.24.0-255,1484,19493,20,68243
1890,0.000913,74.125.24.0-255,2902,22395,20,68243
1891,0.000916,172.31.36.0-255,66,22461,20,68243
1892,0.000921,74.125.24.0-255,2902,25363,20,68243
1893,0.000924,172.31.36.0-255,66,25429,20,68243
1894,0.000944,74.125.24.0-255,2902,28331,20,68243
1895,0.000947,172.31.36.0-255,66,28397,20,68243
1896,0.000964,172.31.36.0-255,66,28463,20,68243
1897,0.000998,172.31.36.0-255,66,28529,20,68243
1898,0.001033,172.31.36.0-255,66,28595,20,68243
1899,0.00122,74.125.24.0-255,1484,30079,20,68243
1900,0.001226,74.125.24.0-255,2902,32981,20,68243
1901,0.00123,172.31.36.0-255,66,33047,20,68243
1902,0.001239,172.31.36.0-255,66,33113,20,68243
1903,0.001253,172.31.36.0-255,66,33179,20,68243
1904,0.001296,172.31.36.0-255,66,33245,20,68243
1905,0.001306,172.31.36.0-255,66,33311,20,68243
1906,0.001679,74.125.24.0-255,1484,34795,20,68243
1907,0.001688,74.125.24.0-255,2902,37697,20,68243
1908,0.001692,172.31.36.0-255,66,37763,20,68243
1909,0.001699,74.125.24.0-255,2902,40665,20,68243
1910,0.001701,172.31.36.0-255,66,40731,20,68243
1911,0.001726,74.125.24.0-255,2902,43633,20,68243
1912,0.001734,172.31.36.0-255,66,43699,20,68243
1913,0.001749,172.31.36.0-255,66,43765,20,68243
1914,0.001761,172.31.36.0-255,66,43831,20,68243
1915,0.001802,74.125.24.0-255,1484,45315,20,68243
1916,0.001822,74.125.24.0-255,2902,48217,20,68243
1917,0.001826,172.31.36.0-255,66,48283,20,68243
1918,0.001873,172.31.36.0-255,66,48349,20,68243
1919,0.001905,74.125.24.0-255,1484,49833,20,68243
1920,0.001915,172.31.36.0-255,66,49899,20,68243
1921,0.001927,172.31.36.0-255,66,49965,20,68243
1922,0.001951,172.31.36.0-255,66,50031,20,68243
1923,0.001995,74.125.24.0-255,1484,51515,20,68243
1924,0.002001,74.125.24.0-255,2902,54417,20,68243
1925,0.002003,172.31.36.0-255,66,54483,20,68243
1926,0.002007,74.125.24.0-255,1484,55967,20,68243
1927,0.002032,172.31.36.0-255,66,56033,20,68243
1928,0.002056,172.31.36.0-255,66,56099,20,68243
1929,0.002092,172.31.36.0-255,66,56165,20,68243
1930,0.002103,172.31.36.0-255,66,56231,20,68243
1931,0.002137,74.125.24.0-255,2184,58415,20,68243
1932,0.00214,172.31.36.0-255,66,58481,20,68243
1933,0.002185,74.125.24.0-255,1484,59965,20,68243
1934,0.002201,74.125.24.0-255,2902,62867,20,68243
1935,0.002203,172.31.36.0-255,66,62933,20,68243
1936,0.002211,172.31.36.0-255,66,62999,20,68243
1937,0.002244,172.31.36.0-255,66,63065,20,68243
1938,0.002278,172.31.36.0-255,66,63131,20,68243
1939,0.002312,172.31.36.0-255,66,63197,20,68243
1940,0.002319,172.31.36.0-255,66,63263,20,68243
1941,0.002337,74.125.24.0-255,2902,66165,20,68243
1942,0.002341,172.31.36.0-255,66,66231,20,68243
1943,0.002355,172.31.36.0-255,66,66297,20,68243
1944,0.002358,74.125.24.0-255,1484,67781,20,68243
1945,0.004668,172.31.36.0-255,66,67847,20,68243
1946,0.007001,172.31.36.0-255,66,67913,20,68243
1947,0.009368,172.31.36.0-255,66,67979,20,68243
1948,0.011717,172.31.36.0-255,66,68045,20,68243
1949,0.014088,172.31.36.0-255,66,68111,20,68243
1950,0.016458,172.31.36.0-255,66,68177,20,68243
1951,0.01879,172.31.36.0-255,66,68243,20,68243
1952,0.0,74.125.130.0-255,153,153,20,70533
1953,2.1e-05,172.31.36.0-255,66,219,20,70533
1954,2.8e-05,74.125.130.0-255,1484,1703,20,70533
1955,3.2e-05,172.31.36.0-255,66,1769,20,70533
1956,3.7e-05,74.125.130.0-255,2902,4671,20,70533
1957,4e-05,172.31.36.0-255,66,4737,20,70533
1958,4.7e-05,172.31.36.0-255,66,4803,20,70533
1959,5.1e-05,74.125.130.0-255,2902,7705,20,70533
1960,5.4e-05,172.31.36.0-255,66,7771,20,70533
1961,8.2e-05,74.125.130.0-255,2123,9894,20,70533
1962,8.9e-05,172.31.36.0-255,66,9960,20,70533
1963,0.00013,74.125.130.0-255,1484,11444,20,70533
1964,0.000133,172.31.36.0-255,66,11510,20,70533
1965,0.000138,74.125.130.0-255,2902,14412,20,70533
1966,0.00014,172.31.36.0-255,66,14478,20,70533
1967,0.000187,172.31.36.0-255,66,14544,20,70533
1968,0.000196,172.31.36.0-255,66,14610,20,70533
1969,0.000287,74.125.130.0-255,1484,16094,20,70533
1970,0.000291,172.31.36.0-255,66,16160,20,70533
1971,0.000321,74.125.130.0-255,2902,19062,20,70533
1972,0.000325,172.31.36.0-255,66,19128,20,70533
1973,0.000335,172.31.36.0-255,66,19194,20,70533
1974,0.000342,172.31.36.0-255,66,19260,20,70533
1975,0.000372,74.125.130.0-255,2543,21803,20,70533
1976,0.000375,172.31.36.0-255,66,21869,20,70533
1977,0.000717,74.125.130.0-255,1484,23353,20,70533
1978,0.000721,172.31.36.0-255,66,23419,20,70533
1979,0.00073,74.125.130.0-255,2902,26321,20,70533
1980,0.000733,172.31.36.0-255,66,26387,20,70533
1981,0.000742,74.125.130.0-255,1484,27871,20,70533
1982,0.000747,74.125.130.0-255,2902,30773,20,70533
1983,0.000749,172.31.36.0-255,66,30839,20,70533
1984,0.000785,172.31.36.0-255,66,30905,20,70533
1985,0.000834,74.125.130.0-255,2543,33448,20,70533
1986,0.000838,172.31.36.0-255,66,33514,20,70533
1987,0.000842,74.125.130.0-255,356,33870,20,70533
1988,0.000845,74.125.130.0-255,387,34257,20,70533
1989,0.001242,74.125.130.0-255,1484,35741,20,70533
1990,0.001248,172.31.36.0-255,66,35807,20,70533
1991,0.001255,74.125.130.0-255,2902,38709,20,70533
1992,0.001257,172.31.36.0-255,66,38775,20,70533
1993,0.001301,172.31.36.0-255,66,38841,20,70533
1994,0.001305,74.125.130.0-255,1484,40325,20,70533
1995,0.001309,74.125.130.0-255,2902,43227,20,70533
1996,0.001311,172.31.36.0-255,66,43293,20,70533
1997,0.001342,172.31.36.0-255,66,43359,20,70533
1998,0.001347,74.125.130.0-255,2902,46261,20,70533
1999,0.001349,172.31.36.0-255,66,46327,20,70533
2000,0.001377,172.31.36.0-255,66,46393,20,70533
2001,0.001412,172.31.36.0-255,66,46459,20,70533
2002,0.003356,172.31.36.0-255,66,46525,20,70533
2003,0.005308,74.125.130.0-255,2902,49427,20,70533
2004,0.005314,172.31.36.0-255,66,49493,20,70533
2005,0.005344,74.125.130.0-255,2902,52395,20,70533
2006,0.005347,172.31.36.0-255,66,52461,20,70533
2007,0.007252,74.125.130.0-255,2902,55363,20,70533
2008,0.007258,172.31.36.0-255,66,55429,20,70533
2009,0.007287,74.125.130.0-255,2902,58331,20,70533
2010,0.00729,172.31.36.0-255,66,58397,20,70533
2011,0.009202,74.125.130.0-255,2902,61299,20,70533
2012,0.009209,172.31.36.0-255,66,61365,20,70533
2013,0.00924,74.125.130.0-255,2902,64267,20,70533
2014,0.009244,172.31.36.0-255,66,64333,20,70533
2015,0.011147,74.125.130.0-255,2902,67235,20,70533
2016,0.011152,172.31.36.0-255,66,67301,20,70533
2017,0.011183,74.125.130.0-255,2902,70203,20,70533
2018,0.011186,172.31.36.0-255,66,70269,20,70533
2019,0.013112,172.31.36.0-255,66,70335,20,70533
2020,0.015066,172.31.36.0-255,66,70401,20,70533
2021,0.017029,172.31.36.0-255,66,70467,20,70533
2022,0.018989,172.31.36.0-255,66,70533,20,70533
2023,0.0,74.125.24.0-255,152,152,20,32991
2024,2.3e-05,172.31.36.0-255,66,218,20,32991
2025,3.1e-05,74.125.24.0-255,1484,1702,20,32991
2026,3.6e-05,172.31.36.0-255,66,1768,20,32991
2027,3.9e-05,74.125.24.0-255,1484,3252,20,32991
2028,5.1e-05,172.31.36.0-255,66,3318,20,32991
2029,6.2e-05,172.31.36.0-255,66,3384,20,32991
2030,7.6e-05,172.31.36.0-255,66,3450,20,32991
2031,0.000121,172.31.36.0-255,66,3516,20,32991
2032,0.000144,74.125.24.0-255,1484,5000,20,32991
2033,0.000147,172.31.36.0-255,66,5066,20,32991
2034,0.000151,74.125.24.0-255,1125,6191,20,32991
2035,0.000153,172.31.36.0-255,66,6257,20,32991
2036,0.000541,74.125.24.0-255,1484,7741,20,32991
2037,0.000547,172.31.36.0-255,66,7807,20,32991
2038,0.000554,74.125.24.0-255,2902,10709,20,32991
2039,0.000557,172.31.36.0-255,66,10775,20,32991
2040,0.000572,172.31.36.0-255,66,10841,20,32991
2041,0.000577,74.125.24.0-255,2902,13743,20,32991
2042,0.000579,172.31.36.0-255,66,13809,20,32991
2043,0.000633,74.125.24.0-255,1454,15263,20,32991
2044,0.000638,172.31.36.0-255,66,15329,20,32991
2045,0.000641,172.31.36.0-255,66,15395,20,32991
2046,0.00065,172.31.36.0-255,66,15461,20,32991
2047,0.000751,74.125.24.0-255,348,15809,20,32991
2048,0.000757,172.31.36.0-255,66,15875,20,32991
2049,0.000928,74.125.24.0-255,1484,17359,20,32991
2050,0.000935,74.125.24.0-255,2902,20261,20,32991
2051,0.000938,172.31.36.0-255,66,20327,20,32991
2052,0.000942,74.125.24.0-255,1484,21811,20,32991
2053,0.000975,172.31.36.0-255,66,21877,20,32991
2054,0.000985,172.31.36.0-255,66,21943,20,32991
2055,0.001013,74.125.24.0-255,2902,24845,20,32991
2056,0.001015,172.31.36.0-255,66,24911,20,32991
2057,0.001045,172.31.36.0-255,66,24977,20,32991
2058,0.001061,172.31.36.0-255,66,25043,20,32991
2059,0.003157,172.31.36.0-255,66,25109,20,32991
2060,0.005232,172.31.36.0-255,66,25175,20,32991
2061,0.005249,74.125.24.0-255,1484,26659,20,32991
2062,0.007303,172.31.36.0-255,66,26725,20,32991
2063,0.009375,172.31.36.0-255,66,26791,20,32991
2064,0.011494,172.31.36.0-255,66,26857,20,32991
2065,0.013632,172.31.36.0-255,66,26923,20,32991
2066,0.015681,172.31.36.0-255,66,26989,20,32991
2067,0.017755,172.31.36.0-255,66,27055,20,32991
2068,0.019812,74.125.24.0-255,2902,29957,20,32991
2069,0.01982,172.31.36.0-255,66,30023,20,32991
2070,0.019849,74.125.24.0-255,2902,32925,20,32991
2071,0.019853,172.31.36.0-255,66,32991,20,32991
2072,0.0,104.244.42.0-255,66,66,20,66
2073,0.0,74.125.200.0-255,291,291,20,98923
2074,3.3e-05,172.31.36.0-255,66,357,20,98923
2075,3.9e-05,74.125.200.0-255,1484,1841,20,98923
2076,4.4e-05,172.31.36.0-255,66,1907,20,98923
2077,4.8e-05,74.125.200.0-255,2902,4809,20,98923
2078,5.9e-05,172.31.36.0-255,66,4875,20,98923
2079,6.8e-05,172.31.36.0-255,66,4941,20,98923
2080,0.000108,172.31.36.0-255,66,5007,20,98923
2081,0.000115,172.31.36.0-255,66,5073,20,98923
2082,0.000152,74.125.200.0-255,1484,6557,20,98923
2083,0.000155,172.31.36.0-255,66,6623,20,98923
2084,0.000193,172.31.36.0-255,66,6689,20,98923
2085,0.000268,74.125.200.0-255,1484,8173,20,98923
2086,0.000272,172.31.36.0-255,66,8239,20,98923
2087,0.000295,74.125.200.0-255,2902,11141,20,98923
2088,0.000299,172.31.36.0-255,66,11207,20,98923
2089,0.000331,172.31.36.0-255,66,11273,20,98923
2090,0.000361,74.125.200.0-255,1484,12757,20,98923
2091,0.000364,172.31.36.0-255,66,12823,20,98923
2092,0.000401,172.31.36.0-255,66,12889,20,98923
2093,0.000412,172.31.36.0-255,66,12955,20,98923
2094,0.000426,172.31.36.0-255,66,13021,20,98923
2095,0.000474,172.31.36.0-255,66,13087,20,98923
2096,0.000492,74.125.200.0-255,116,13203,20,98923
2097,0.000595,74.125.200.0-255,1484,14687,20,98923
2098,0.000599,172.31.36.0-255,66,14753,20,98923
2099,0.000622,74.125.200.0-255,1484,16237,20,98923
2100,0.000627,74.125.200.0-255,2902,19139,20,98923
2101,0.000631,172.31.36.0-255,66,19205,20,98923
2102,0.000654,172.31.36.0-255,66,19271,20,98923
2103,0.000662,172.31.36.0-255,66,19337,20,98923
2104,0.000692,74.125.200.0-255,1484,20821,20,98923
2105,0.000702,172.31.36.0-255,66,20887,20,98923
2106,0.000739,172.31.36.0-255,66,20953,20,98923
2107,0.000742,74.125.200.0-255,332,21285,20,98923
2108,0.001009,74.125.200.0-255,1484,22769,20,98923
2109,0.001013,172.31.36.0-255,66,22835,20,98923
2110,0.001041,74.125.200.0-255,2902,25737,20,98923
2111,0.001043,172.31.36.0-255,66,25803,20,98923
2112,0.001052,172.31.36.0-255,66,25869,20,98923
2113,0.001086,172.31.36.0-255,66,25935,20,98923
2114,0.00115,172.31.36.0-255,66,26001,20,98923
2115,0.001251,74.125.200.0-255,1484,27485,20,98923
2116,0.001264,74.125.200.0-255,1484,28969,20,98923
2117,0.001267,172.31.36.0-255,66,29035,20,98923
2118,0.001291,74.125.200.0-255,2902,31937,20,98923
2119,0.001294,172.31.36.0-255,66,32003,20,98923
2120,0.001322,172.31.36.0-255,66,32069,20,98923
2121,0.001356,172.31.36.0-255,66,32135,20,98923
2122,0.00139,172.31.36.0-255,66,32201,20,98923
2123,0.001423,172.31.36.0-255,66,32267,20,98923
2124,0.002003,74.125.200.0-255,1484,33751,20,98923
2125,0.002024,74.125.200.0-255,2902,36653,20,98923
2126,0.002029,172.31.36.0-255,66,36719,20,98923
2127,0.002034,74.125.200.0-255,1484,38203,20,98923
2128,0.002037,74.125.200.0-255,2902,41105,20,98923
2129,0.002039,172.31.36.0-255,66,41171,20,98923
2130,0.002076,172.31.36.0-255,66,41237,20,98923
2131,0.002083,172.31.36.0-255,66,41303,20,98923
2132,0.002112,74.125.200.0-255,1484,42787,20,98923
2133,0.002122,172.31.36.0-255,66,42853,20,98923
2134,0.002126,74.125.200.0-255,2902,45755,20,98923
2135,0.002128,172.31.36.0-255,66,45821,20,98923
2136,0.002153,74.125.200.0-255,3602,49423,20,98923
2137,0.002156,172.31.36.0-255,66,49489,20,98923
2138,0.002197,74.125.200.0-255,1484,50973,20,98923
2139,0.002212,74.125.200.0-255,2902,53875,20,98923
2140,0.002214,172.31.36.0-255,66,53941,20,98923
2141,0.002244,172.31.36.0-255,66,54007,20,98923
2142,0.002252,172.31.36.0-255,66,54073,20,98923
2143,0.002293,172.31.36.0-255,66,54139,20,98923
2144,0.0023,172.31.36.0-255,66,54205,20,98923
2145,0.002336,172.31.36.0-255,66,54271,20,98923
2146,0.002345,172.31.36.0-255,66,54337,20,98923
2147,0.002377,74.125.200.0-255,2902,57239,20,98923
2148,0.00238,172.31.36.0-255,66,57305,20,98923
2149,0.004656,74.125.200.0-255,2902,60207,20,98923
2150,0.004663,172.31.36.0-255,66,60273,20,98923
2151,0.004703,74.125.200.0-255,2902,63175,20,98923
2152,0.004707,172.31.36.0-255,66,63241,20,98923
2153,0.006964,74.125.200.0-255,2902,66143,20,98923
2154,0.006971,172.31.36.0-255,66,66209,20,98923
2155,0.006995,74.125.200.0-255,1484,67693,20,98923
2156,0.00701,74.125.200.0-255,1484,69177,20,98923
2157,0.007012,172.31.36.0-255,66,69243,20,98923
2158,0.009277,74.125.200.0-255,2902,72145,20,98923
2159,0.009285,172.31.36.0-255,66,72211,20,98923
2160,0.009328,74.125.200.0-255,2902,75113,20,98923
2161,0.009331,172.31.36.0-255,66,75179,20,98923
2162,0.011606,74.125.200.0-255,2902,78081,20,98923
2163,0.011614,172.31.36.0-255,66,78147,20,98923
2164,0.011643,74.125.200.0-255,2902,81049,20,98923
2165,0.011647,172.31.36.0-255,66,81115,20,98923
2166,0.013927,74.125.200.0-255,2902,84017,20,98923
2167,0.013935,172.31.36.0-255,66,84083,20,98923
2168,0.013964,74.125.200.0-255,2902,86985,20,98923
2169,0.013969,172.31.36.0-255,66,87051,20,98923
2170,0.016254,74.125.200.0-255,2902,89953,20,98923
2171,0.016264,172.31.36.0-255,66,90019,20,98923
2172,0.016308,74.125.200.0-255,2902,92921,20,98923
2173,0.016311,172.31.36.0-255,66,92987,20,98923
2174,0.018575,74.125.200.0-255,2902,95889,20,98923
2175,0.01858,172.31.36.0-255,66,95955,20,98923
2176,0.018618,74.125.200.0-255,2902,98857,20,98923
2177,0.018621,172.31.36.0-255,66,98923,20,98923
2178,0.0,74.125.24.0-255,148,148,20,34140
2179,2.4e-05,172.31.36.0-255,66,214,20,34140
2180,4.7e-05,74.125.24.0-255,1484,1698,20,34140
2181,5.1e-05,172.31.36.0-255,66,1764,20,34140
2182,5.6e-05,74.125.24.0-255,2902,4666,20,34140
2183,5.9e-05,172.31.36.0-255,66,4732,20,34140
2184,8.8e-05,172.31.36.0-255,66,4798,20,34140
2185,9.6e-05,172.31.36.0-255,66,4864,20,34140
2186,0.000112,74.125.24.0-255,3412,8276,20,34140
2187,0.000115,172.31.36.0-255,66,8342,20,34140
2188,0.000142,172.31.36.0-255,66,8408,20,34140
2189,0.000172,172.31.36.0-255,66,8474,20,34140
2190,0.000205,74.125.24.0-255,1484,9958,20,34140
2191,0.000207,172.31.36.0-255,66,10024,20,34140
2192,0.000212,74.125.24.0-255,2902,12926,20,34140
2193,0.000213,172.31.36.0-255,66,12992,20,34140
2194,0.000233,74.125.24.0-255,2902,15894,20,34140
2195,0.000236,172.31.36.0-255,66,15960,20,34140
2196,0.000241,172.31.36.0-255,66,16026,20,34140
2197,0.000261,74.125.24.0-255,3961,19987,20,34140
2198,0.000264,172.31.36.0-255,66,20053,20,34140
2199,0.000301,172.31.36.0-255,66,20119,20,34140
2200,0.000306,74.125.24.0-255,2849,22968,20,34140
2201,0.000309,172.31.36.0-255,66,23034,20,34140
2202,0.000335,74.125.24.0-255,115,23149,20,34140
2203,0.000339,172.31.36.0-255,66,23215,20,34140
2204,0.001014,74.125.24.0-255,331,23546,20,34140
2205,0.001384,74.125.24.0-255,1484,25030,20,34140
2206,0.001391,172.31.36.0-255,66,25096,20,34140
2207,0.001398,74.125.24.0-255,2902,27998,20,34140
2208,0.001401,172.31.36.0-255,66,28064,20,34140
2209,0.001434,172.31.36.0-255,66,28130,20,34140
2210,0.001442,172.31.36.0-255,66,28196,20,34140
2211,0.001452,172.31.36.0-255,66,28262,20,34140
2212,0.001475,74.125.24.0-255,2902,31164,20,34140
2213,0.001477,172.31.36.0-255,66,31230,20,34140
2214,0.001487,172.31.36.0-255,66,31296,20,34140
2215,0.00149,74.125.24.0-255,766,32062,20,34140
2216,0.003458,172.31.36.0-255,66,32128,20,34140
2217,0.005422,74.125.24.0-255,1484,33612,20,34140
2218,0.005443,172.31.36.0-255,66,33678,20,34140
2219,0.007449,172.31.36.0-255,66,33744,20,34140
2220,0.009416,172.31.36.0-255,66,33810,20,34140
2221,0.011391,172.31.36.0-255,66,33876,20,34140
2222,0.013389,172.31.36.0-255,66,33942,20,34140
2223,0.015372,172.31.36.0-255,66,34008,20,34140
2224,0.017355,172.31.36.0-255,66,34074,20,34140
2225,0.019329,172.31.36.0-255,66,34140,20,34140
2226,0.0,74.125.24.0-255,151,151,20,92583
2227,3.1e-05,172.31.36.0-255,66,217,20,92583
2228,3.8e-05,74.125.24.0-255,1484,1701,20,92583
2229,4.2e-05,172.31.36.0-255,66,1767,20,92583
2230,4.6e-05,74.125.24.0-255,2902,4669,20,92583
2231,4.9e-05,172.31.36.0-255,66,4735,20,92583
2232,5.7e-05,172.31.36.0-255,66,4801,20,92583
2233,6.1e-05,74.125.24.0-255,3481,8282,20,92583
2234,6.4e-05,172.31.36.0-255,66,8348,20,92583
2235,0.000104,172.31.36.0-255,66,8414,20,92583
2236,0.000108,74.125.24.0-255,2543,10957,20,92583
2237,0.000109,172.31.36.0-255,66,11023,20,92583
2238,0.000261,74.125.24.0-255,1484,12507,20,92583
2239,0.000265,172.31.36.0-255,66,12573,20,92583
2240,0.00027,74.125.24.0-255,2902,15475,20,92583
2241,0.000273,172.31.36.0-255,66,15541,20,92583
2242,0.000276,74.125.24.0-255,1484,17025,20,92583
2243,0.000277,172.31.36.0-255,66,17091,20,92583
2244,0.000301,74.125.24.0-255,2902,19993,20,92583
2245,0.000302,172.31.36.0-255,66,20059,20,92583
2246,0.000305,172.31.36.0-255,66,20125,20,92583
2247,0.000328,74.125.24.0-255,1484,21609,20,92583
2248,0.000331,172.31.36.0-255,66,21675,20,92583
2249,0.000361,172.31.36.0-255,66,21741,20,92583
2250,0.000369,172.31.36.0-255,66,21807,20,92583
2251,0.000385,172.31.36.0-255,66,21873,20,92583
2252,0.000387,74.125.24.0-255,379,22252,20,92583
2253,0.000502,74.125.24.0-255,1484,23736,20,92583
2254,0.000508,172.31.36.0-255,66,23802,20,92583
2255,0.000513,74.125.24.0-255,2902,26704,20,92583
2256,0.000521,172.31.36.0-255,66,26770,20,92583
2257,0.000533,172.31.36.0-255,66,26836,20,92583
2258,0.000549,172.31.36.0-255,66,26902,20,92583
2259,0.000566,74.125.24.0-255,2543,29445,20,92583
2260,0.000568,74.125.24.0-255,1484,30929,20,92583
2261,0.000581,172.31.36.0-255,66,30995,20,92583
2262,0.000601,172.31.36.0-255,66,31061,20,92583
2263,0.000611,74.125.24.0-255,1994,33055,20,92583
2264,0.000615,172.31.36.0-255,66,33121,20,92583
2265,0.00065,74.125.24.0-255,1484,34605,20,92583
2266,0.000654,74.125.24.0-255,1484,36089,20,92583
2267,0.000663,172.31.36.0-255,66,36155,20,92583
2268,0.000677,74.125.24.0-255,1484,37639,20,92583
2269,0.000691,172.31.36.0-255,66,37705,20,92583
2270,0.000696,172.31.36.0-255,66,37771,20,92583
2271,0.000812,74.125.24.0-255,1484,39255,20,92583
2272,0.000825,74.125.24.0-255,2902,42157,20,92583
2273,0.000828,172.31.36.0-255,66,42223,20,92583
2274,0.000841,172.31.36.0-255,66,42289,20,92583
2275,0.000863,74.125.24.0-255,1484,43773,20,92583
2276,0.000878,172.31.36.0-255,66,43839,20,92583
2277,0.000901,172.31.36.0-255,66,43905,20,92583
2278,0.000932,172.31.36.0-255,66,43971,20,92583
2279,0.000941,74.125.24.0-255,3602,47573,20,92583
2280,0.000943,172.31.36.0-255,66,47639,20,92583
2281,0.000956,172.31.36.0-255,66,47705,20,92583
2282,0.000979,74.125.24.0-255,1484,49189,20,92583
2283,0.001009,172.31.36.0-255,66,49255,20,92583
2284,0.001016,172.31.36.0-255,66,49321,20,92583
2285,0.001035,172.31.36.0-255,66,49387,20,92583
2286,0.001039,172.31.36.0-255,66,49453,20,92583
2287,0.001047,74.125.24.0-255,2902,52355,20,92583
2288,0.00105,172.31.36.0-255,66,52421,20,92583
2289,0.00108,172.31.36.0-255,66,52487,20,92583
2290,0.001092,74.125.24.0-255,2184,54671,20,92583
2291,0.001101,172.31.36.0-255,66,54737,20,92583
2292,0.001105,172.31.36.0-255,66,54803,20,92583
2293,0.001118,172.31.36.0-255,66,54869,20,92583
2294,0.001127,74.125.24.0-255,2902,57771,20,92583
2295,0.001141,172.31.36.0-255,66,57837,20,92583
2296,0.001155,74.125.24.0-255,2902,60739,20,92583
2297,0.001162,172.31.36.0-255,66,60805,20,92583
2298,0.001184,172.31.36.0-255,66,60871,20,92583
2299,0.001203,74.125.24.0-255,1484,62355,20,92583
2300,0.001207,74.125.24.0-255,2902,65257,20,92583
2301,0.001215,172.31.36.0-255,66,65323,20,92583
2302,0.001221,172.31.36.0-255,66,65389,20,92583
2303,0.001242,172.31.36.0-255,66,65455,20,92583
2304,0.001261,172.31.36.0-255,66,65521,20,92583
2305,0.001265,172.31.36.0-255,66,65587,20,92583
2306,0.001296,74.125.24.0-255,3602,69189,20,92583
2307,0.001299,172.31.36.0-255,66,69255,20,92583
2308,0.001529,74.125.24.0-255,1484,70739,20,92583
2309,0.001533,74.125.24.0-255,2902,73641,20,92583
2310,0.001538,172.31.36.0-255,66,73707,20,92583
2311,0.001543,74.125.24.0-255,2902,76609,20,92583
2312,0.001559,74.125.24.0-255,1484,78093,20,92583
2313,0.001561,172.31.36.0-255,66,78159,20,92583
2314,0.001567,74.125.24.0-255,1484,79643,20,92583
2315,0.001575,172.31.36.0-255,66,79709,20,92583
2316,0.001589,172.31.36.0-255,66,79775,20,92583
2317,0.001619,172.31.36.0-255,66,79841,20,92583
2318,0.001649,74.125.24.0-255,1484,81325,20,92583
2319,0.001668,74.125.24.0-255,2902,84227,20,92583
2320,0.001673,172.31.36.0-255,66,84293,20,92583
2321,0.001686,172.31.36.0-255,66,84359,20,92583
2322,0.001692,74.125.24.0-255,1484,85843,20,92583
2323,0.00172,172.31.36.0-255,66,85909,20,92583
2324,0.001735,172.31.36.0-255,66,85975,20,92583
2325,0.001738,74.125.24.0-255,2902,88877,20,92583
2326,0.001748,172.31.36.0-255,66,88943,20,92583
2327,0.00179,172.31.36.0-255,66,89009,20,92583
2328,0.001812,172.31.36.0-255,66,89075,20,92583
2329,0.001816,172.31.36.0-255,66,89141,20,92583
2330,0.001834,172.31.36.0-255,66,89207,20,92583
2331,0.001852,74.125.24.0-255,2902,92109,20,92583
2332,0.001856,172.31.36.0-255,66,92175,20,92583
2333,0.001884,172.31.36.0-255,66,92241,20,92583
2334,0.001899,74.125.24.0-255,105,92346,20,92583
2335,0.002976,172.31.36.0-255,66,92412,20,92583
2336,0.003002,172.31.36.0-255,105,92517,20,92583
2337,0.005538,74.125.24.0-255,66,92583,20,92583
2338,0.0,74.125.24.0-255,146,146,20,37667
2339,1.9e-05,172.31.36.0-255,66,212,20,37667
2340,2.6e-05,74.125.24.0-255,1484,1696,20,37667
2341,3e-05,172.31.36.0-255,66,1762,20,37667
2342,3.6e-05,74.125.24.0-255,2902,4664,20,37667
2343,3.8e-05,172.31.36.0-255,66,4730,20,37667
2344,4.7e-05,172.31.36.0-255,66,4796,20,37667
2345,5e-05,74.125.24.0-255,1484,6280,20,37667
2346,5.2e-05,172.31.36.0-255,66,6346,20,37667
2347,0.000104,172.31.36.0-255,66,6412,20,37667
2348,0.000115,172.31.36.0-255,66,6478,20,37667
2349,0.000177,74.125.24.0-255,1484,7962,20,37667
2350,0.00018,172.31.36.0-255,66,8028,20,37667
2351,0.000183,74.125.24.0-255,1484,9512,20,37667
2352,0.000185,172.31.36.0-255,66,9578,20,37667
2353,0.000199,74.125.24.0-255,1484,11062,20,37667
2354,0.000201,172.31.36.0-255,66,11128,20,37667
2355,0.00021,172.31.36.0-255,66,11194,20,37667
2356,0.000231,74.125.24.0-255,1484,12678,20,37667
2357,0.000233,172.31.36.0-255,66,12744,20,37667
2358,0.000245,172.31.36.0-255,66,12810,20,37667
2359,0.000263,172.31.36.0-255,66,12876,20,37667
2360,0.000287,74.125.24.0-255,1484,14360,20,37667
2361,0.00029,172.31.36.0-255,66,14426,20,37667
2362,0.000313,172.31.36.0-255,66,14492,20,37667
2363,0.000316,74.125.24.0-255,113,14605,20,37667
2364,0.00041,74.125.24.0-255,332,14937,20,37667
2365,0.000814,74.125.24.0-255,1484,16421,20,37667
2366,0.00082,172.31.36.0-255,66,16487,20,37667
2367,0.000826,74.125.24.0-255,2902,19389,20,37667
2368,0.000828,172.31.36.0-255,66,19455,20,37667
2369,0.000868,172.31.36.0-255,66,19521,20,37667
2370,0.000879,74.125.24.0-255,1484,21005,20,37667
2371,0.000896,172.31.36.0-255,66,21071,20,37667
2372,0.00091,172.31.36.0-255,66,21137,20,37667
2373,0.000952,172.31.36.0-255,66,21203,20,37667
2374,0.00098,172.31.36.0-255,66,21269,20,37667
2375,0.001707,74.125.24.0-255,1484,22753,20,37667
2376,0.001718,74.125.24.0-255,2902,25655,20,37667
2377,0.001722,172.31.36.0-255,66,25721,20,37667
2378,0.001732,172.31.36.0-255,66,25787,20,37667
2379,0.001735,74.125.24.0-255,1484,27271,20,37667
2380,0.001766,172.31.36.0-255,66,27337,20,37667
2381,0.001776,172.31.36.0-255,66,27403,20,37667
2382,0.00181,74.125.24.0-255,3602,31005,20,37667
2383,0.001813,172.31.36.0-255,66,31071,20,37667
2384,0.0023,74.125.24.0-255,1484,32555,20,37667
2385,0.002309,74.125.24.0-255,2902,35457,20,37667
2386,0.002313,172.31.36.0-255,66,35523,20,37667
2387,0.002372,172.31.36.0-255,66,35589,20,37667
2388,0.002386,172.31.36.0-255,66,35655,20,37667
2389,0.002394,172.31.36.0-255,66,35721,20,37667
2390,0.002397,74.125.24.0-255,1484,37205,20,37667
2391,0.00472,172.31.36.0-255,66,37271,20,37667
2392,0.007116,172.31.36.0-255,66,37337,20,37667
2393,0.009478,172.31.36.0-255,66,37403,20,37667
2394,0.011809,172.31.36.0-255,66,37469,20,37667
2395,0.014148,172.31.36.0-255,66,37535,20,37667
2396,0.016491,172.31.36.0-255,66,37601,20,37667
2397,0.018842,172.31.36.0-255,66,37667,20,37667
2398,0.0,172.217.160.0-255,153,153,20,61840
2399,2.2e-05,172.31.36.0-255,66,219,20,61840
2400,2.9e-05,172.217.160.0-255,1484,1703,20,61840
2401,3.3e-05,172.31.36.0-255,66,1769,20,61840
2402,3.9e-05,172.217.160.0-255,2902,4671,20,61840
2403,4.2e-05,172.31.36.0-255,66,4737,20,61840
2404,5.2e-05,172.31.36.0-255,66,4803,20,61840
2405,8.5e-05,172.217.160.0-255,1965,6768,20,61840
2406,8.8e-05,172.31.36.0-255,66,6834,20,61840
2407,0.000131,172.217.160.0-255,2902,9736,20,61840
2408,0.000134,172.31.36.0-255,66,9802,20,61840
2409,0.000153,172.217.160.0-255,1484,11286,20,61840
2410,0.000155,172.31.36.0-255,66,11352,20,61840
2411,0.000175,172.217.160.0-255,2902,14254,20,61840
2412,0.000177,172.31.36.0-255,66,14320,20,61840
2413,0.000194,172.217.160.0-255,1484,15804,20,61840
2414,0.000196,172.31.36.0-255,66,15870,20,61840
2415,0.000227,172.31.36.0-255,66,15936,20,61840
2416,0.000242,172.217.160.0-255,2543,18479,20,61840
2417,0.000244,172.31.36.0-255,66,18545,20,61840
2418,0.00025,172.217.160.0-255,2902,21447,20,61840
2419,0.000252,172.31.36.0-255,66,21513,20,61840
2420,0.000279,172.31.36.0-255,66,21579,20,61840
2421,0.000297,172.217.160.0-255,1484,23063,20,61840
2422,0.000299,172.31.36.0-255,66,23129,20,61840
2423,0.000315,172.217.160.0-255,1484,24613,20,61840
2424,0.000317,172.31.36.0-255,66,24679,20,61840
2425,0.000342,172.31.36.0-255,66,24745,20,61840
2426,0.000554,172.217.160.0-255,1484,26229,20,61840
2427,0.000561,172.217.160.0-255,1484,27713,20,61840
2428,0.000565,172.31.36.0-255,66,27779,20,61840
2429,0.000571,172.217.160.0-255,2902,30681,20,61840
2430,0.000574,172.31.36.0-255,66,30747,20,61840
2431,0.000582,172.31.36.0-255,66,30813,20,61840
2432,0.000647,172.31.36.0-255,66,30879,20,61840
2433,0.000649,172.217.160.0-255,340,31219,20,61840
2434,0.000962,172.217.160.0-255,123,31342,20,61840
2435,0.001017,172.217.160.0-255,1484,32826,20,61840
2436,0.001022,172.31.36.0-255,66,32892,20,61840
2437,0.001044,172.217.160.0-255,2902,35794,20,61840
2438,0.001047,172.31.36.0-255,66,35860,20,61840
2439,0.00106,172.217.160.0-255,1484,37344,20,61840
2440,0.00108,172.217.160.0-255,2902,40246,20,61840
2441,0.001083,172.31.36.0-255,66,40312,20,61840
2442,0.001087,172.217.160.0-255,2902,43214,20,61840
2443,0.001089,172.31.36.0-255,66,43280,20,61840
2444,0.001105,172.217.160.0-255,2902,46182,20,61840
2445,0.001107,172.31.36.0-255,66,46248,20,61840
2446,0.001123,172.217.160.0-255,2543,48791,20,61840
2447,0.001125,172.31.36.0-255,66,48857,20,61840
2448,0.001157,172.217.160.0-255,2902,51759,20,61840
2449,0.001159,172.31.36.0-255,66,51825,20,61840
2450,0.001187,172.31.36.0-255,66,51891,20,61840
2451,0.001228,172.31.36.0-255,66,51957,20,61840
2452,0.001251,172.217.160.0-255,377,52334,20,61840
2453,0.001564,172.217.160.0-255,1484,53818,20,61840
2454,0.001569,172.31.36.0-255,66,53884,20,61840
2455,0.001574,172.217.160.0-255,2902,56786,20,61840
2456,0.001577,172.31.36.0-255,66,56852,20,61840
2457,0.001598,172.31.36.0-255,66,56918,20,61840
2458,0.001648,172.31.36.0-255,66,56984,20,61840
2459,0.001671,172.31.36.0-255,66,57050,20,61840
2460,0.001736,172.31.36.0-255,66,57116,20,61840
2461,0.001752,172.217.160.0-255,1484,58600,20,61840
2462,0.001787,172.217.160.0-255,2184,60784,20,61840
2463,0.00179,172.31.36.0-255,66,60850,20,61840
2464,0.001822,172.31.36.0-255,66,60916,20,61840
2465,0.001854,172.31.36.0-255,66,60982,20,61840
2466,0.002026,172.31.36.0-255,66,61048,20,61840
2467,0.002073,172.31.36.0-255,66,61114,20,61840
2468,0.0021,172.31.36.0-255,66,61180,20,61840
2469,0.00219,172.31.36.0-255,66,61246,20,61840
2470,0.002208,172.31.36.0-255,66,61312,20,61840
2471,0.004239,172.31.36.0-255,66,61378,20,61840
2472,0.006211,172.31.36.0-255,66,61444,20,61840
2473,0.008199,172.31.36.0-255,66,61510,20,61840
2474,0.01018,172.31.36.0-255,66,61576,20,61840
2475,0.012162,172.31.36.0-255,66,61642,20,61840
2476,0.014151,172.31.36.0-255,66,61708,20,61840
2477,0.016189,172.31.36.0-255,66,61774,20,61840
2478,0.018176,172.31.36.0-255,66,61840,20,61840
2479,0.0,74.125.24.0-255,153,153,20,21029
2480,3.1e-05,172.31.36.0-255,66,219,20,21029
2481,3.7e-05,74.125.24.0-255,1484,1703,20,21029
2482,4.1e-05,172.31.36.0-255,66,1769,20,21029
2483,4.6e-05,74.125.24.0-255,2902,4671,20,21029
2484,5.7e-05,172.31.36.0-255,66,4737,20,21029
2485,6.4e-05,172.31.36.0-255,66,4803,20,21029
2486,9.3e-05,172.31.36.0-255,66,4869,20,21029
2487,0.000145,74.125.24.0-255,1484,6353,20,21029
2488,0.000149,172.31.36.0-255,66,6419,20,21029
2489,0.000154,74.125.24.0-255,2902,9321,20,21029
2490,0.000157,172.31.36.0-255,66,9387,20,21029
2491,0.000174,172.31.36.0-255,66,9453,20,21029
2492,0.000203,172.31.36.0-255,66,9519,20,21029
2493,0.000234,172.31.36.0-255,66,9585,20,21029
2494,0.00027,172.31.36.0-255,66,9651,20,21029
2495,0.00111,74.125.24.0-255,1484,11135,20,21029
2496,0.001117,172.31.36.0-255,66,11201,20,21029
2497,0.001127,74.125.24.0-255,2902,14103,20,21029
2498,0.001129,172.31.36.0-255,66,14169,20,21029
2499,0.001143,172.31.36.0-255,66,14235,20,21029
2500,0.001183,172.31.36.0-255,66,14301,20,21029
2501,0.001551,74.125.24.0-255,1484,15785,20,21029
2502,0.001557,172.31.36.0-255,66,15851,20,21029
2503,0.001563,74.125.24.0-255,2902,18753,20,21029
2504,0.001564,172.31.36.0-255,66,18819,20,21029
2505,0.001599,172.31.36.0-255,66,18885,20,21029
2506,0.001602,74.125.24.0-255,1484,20369,20,21029
2507,0.001631,172.31.36.0-255,66,20435,20,21029
2508,0.00167,172.31.36.0-255,66,20501,20,21029
2509,0.001704,172.31.36.0-255,66,20567,20,21029
2510,0.003998,172.31.36.0-255,66,20633,20,21029
2511,0.006275,172.31.36.0-255,66,20699,20,21029
2512,0.008575,172.31.36.0-255,66,20765,20,21029
2513,0.01087,172.31.36.0-255,66,20831,20,21029
2514,0.013198,172.31.36.0-255,66,20897,20,21029
2515,0.015504,172.31.36.0-255,66,20963,20,21029
2516,0.017804,172.31.36.0-255,66,21029,20,21029
2517,0.0,74.125.200.0-255,162,162,20,77618
2518,2.4e-05,172.31.36.0-255,66,228,20,77618
2519,3e-05,74.125.200.0-255,1484,1712,20,77618
2520,3.5e-05,172.31.36.0-255,66,1778,20,77618
2521,3.9e-05,74.125.200.0-255,2902,4680,20,77618
2522,4.2e-05,172.31.36.0-255,66,4746,20,77618
2523,5.8e-05,74.125.200.0-255,1484,6230,20,77618
2524,6e-05,172.31.36.0-255,66,6296,20,77618
2525,6.5e-05,74.125.200.0-255,2902,9198,20,77618
2526,6.7e-05,172.31.36.0-255,66,9264,20,77618
2527,0.000107,172.31.36.0-255,66,9330,20,77618
2528,0.000209,74.125.200.0-255,1484,10814,20,77618
2529,0.000213,172.31.36.0-255,66,10880,20,77618
2530,0.000219,74.125.200.0-255,2902,13782,20,77618
2531,0.000221,172.31.36.0-255,66,13848,20,77618
2532,0.000228,172.31.36.0-255,66,13914,20,77618
2533,0.000263,74.125.200.0-255,2902,16816,20,77618
2534,0.000266,172.31.36.0-255,66,16882,20,77618
2535,0.000288,172.31.36.0-255,66,16948,20,77618
2536,0.000315,172.31.36.0-255,66,17014,20,77618
2537,0.000323,172.31.36.0-255,66,17080,20,77618
2538,0.000366,74.125.200.0-255,3961,21041,20,77618
2539,0.000369,172.31.36.0-255,66,21107,20,77618
2540,0.000827,74.125.200.0-255,1484,22591,20,77618
2541,0.000833,172.31.36.0-255,66,22657,20,77618
2542,0.000844,74.125.200.0-255,2902,25559,20,77618
2543,0.000848,172.31.36.0-255,66,25625,20,77618
2544,0.000858,172.31.36.0-255,66,25691,20,77618
2545,0.000879,74.125.200.0-255,2902,28593,20,77618
2546,0.000882,172.31.36.0-255,66,28659,20,77618
2547,0.000915,74.125.200.0-255,1484,30143,20,77618
2548,0.000929,172.31.36.0-255,66,30209,20,77618
2549,0.000941,172.31.36.0-255,66,30275,20,77618
2550,0.000973,74.125.200.0-255,1484,31759,20,77618
2551,0.000997,172.31.36.0-255,66,31825,20,77618
2552,0.001005,172.31.36.0-255,66,31891,20,77618
2553,0.001028,172.31.36.0-255,66,31957,20,77618
2554,0.001031,74.125.200.0-255,1125,33082,20,77618
2555,0.001415,74.125.200.0-255,1484,34566,20,77618
2556,0.001421,172.31.36.0-255,66,34632,20,77618
2557,0.001427,74.125.200.0-255,2902,37534,20,77618
2558,0.001429,172.31.36.0-255,66,37600,20,77618
2559,0.001444,74.125.200.0-255,2902,40502,20,77618
2560,0.001447,172.31.36.0-255,66,40568,20,77618
2561,0.001467,74.125.200.0-255,2902,43470,20,77618
2562,0.00147,172.31.36.0-255,66,43536,20,77618
2563,0.001481,172.31.36.0-255,66,43602,20,77618
2564,0.001497,74.125.200.0-255,1484,45086,20,77618
2565,0.001523,172.31.36.0-255,66,45152,20,77618
2566,0.001543,74.125.200.0-255,2902,48054,20,77618
2567,0.001546,172.31.36.0-255,66,48120,20,77618
2568,0.00155,74.125.200.0-255,2184,50304,20,77618
2569,0.001552,172.31.36.0-255,66,50370,20,77618
2570,0.001761,74.125.200.0-255,1484,51854,20,77618
2571,0.001767,74.125.200.0-255,2902,54756,20,77618
2572,0.00177,172.31.36.0-255,66,54822,20,77618
2573,0.001773,74.125.200.0-255,1484,56306,20,77618
2574,0.001788,74.125.200.0-255,1484,57790,20,77618
2575,0.00179,172.31.36.0-255,66,57856,20,77618
2576,0.001813,74.125.200.0-255,1484,59340,20,77618
2577,0.001823,172.31.36.0-255,66,59406,20,77618
2578,0.001838,172.31.36.0-255,66,59472,20,77618
2579,0.001868,172.31.36.0-255,66,59538,20,77618
2580,0.001881,74.125.200.0-255,1484,61022,20,77618
2581,0.001908,172.31.36.0-255,66,61088,20,77618
2582,0.00235,74.125.200.0-255,1484,62572,20,77618
2583,0.002358,74.125.200.0-255,2902,65474,20,77618
2584,0.002361,172.31.36.0-255,66,65540,20,77618
2585,0.002381,172.31.36.0-255,66,65606,20,77618
2586,0.002385,74.125.200.0-255,2902,68508,20,77618
2587,0.002387,172.31.36.0-255,66,68574,20,77618
2588,0.002424,172.31.36.0-255,66,68640,20,77618
2589,0.002442,74.125.200.0-255,1484,70124,20,77618
2590,0.002453,172.31.36.0-255,66,70190,20,77618
2591,0.002475,74.125.200.0-255,766,70956,20,77618
2592,0.002499,74.125.200.0-255,1484,72440,20,77618
2593,0.002502,172.31.36.0-255,66,72506,20,77618
2594,0.002519,172.31.36.0-255,66,72572,20,77618
2595,0.002546,172.31.36.0-255,66,72638,20,77618
2596,0.002563,74.125.200.0-255,1484,74122,20,77618
2597,0.002578,172.31.36.0-255,66,74188,20,77618
2598,0.002603,172.31.36.0-255,66,74254,20,77618
2599,0.002607,74.125.200.0-255,2902,77156,20,77618
2600,0.002608,172.31.36.0-255,66,77222,20,77618
2601,0.00516,172.31.36.0-255,66,77288,20,77618
2602,0.007736,172.31.36.0-255,66,77354,20,77618
2603,0.01036,172.31.36.0-255,66,77420,20,77618
2604,0.012971,172.31.36.0-255,66,77486,20,77618
2605,0.015547,172.31.36.0-255,66,77552,20,77618
2606,0.018128,172.31.36.0-255,66,77618,20,77618
2607,0.0,172.217.194.0-255,297,297,20,70886
2608,2.6e-05,172.31.36.0-255,66,363,20,70886
2609,3.2e-05,172.217.194.0-255,1484,1847,20,70886
2610,3.7e-05,172.31.36.0-255,66,1913,20,70886
2611,4.8e-05,172.31.36.0-255,66,1979,20,70886
2612,6.1e-05,172.31.36.0-255,66,2045,20,70886
2613,8.3e-05,172.217.194.0-255,2902,4947,20,70886
2614,8.6e-05,172.31.36.0-255,66,5013,20,70886
2615,0.000111,172.31.36.0-255,66,5079,20,70886
2616,0.000121,172.31.36.0-255,66,5145,20,70886
2617,0.000124,172.217.194.0-255,1125,6270,20,70886
2618,0.000127,172.31.36.0-255,66,6336,20,70886
2619,0.000207,172.217.194.0-255,1484,7820,20,70886
2620,0.00021,172.31.36.0-255,66,7886,20,70886
2621,0.000215,172.217.194.0-255,2902,10788,20,70886
2622,0.000218,172.31.36.0-255,66,10854,20,70886
2623,0.000222,172.217.194.0-255,2902,13756,20,70886
2624,0.000225,172.31.36.0-255,66,13822,20,70886
2625,0.000241,172.217.194.0-255,2902,16724,20,70886
2626,0.000244,172.31.36.0-255,66,16790,20,70886
2627,0.000287,172.31.36.0-255,66,16856,20,70886
2628,0.000319,172.31.36.0-255,66,16922,20,70886
2629,0.00033,172.31.36.0-255,66,16988,20,70886
2630,0.000364,172.217.194.0-255,1419,18407,20,70886
2631,0.000366,172.31.36.0-255,66,18473,20,70886
2632,0.000435,172.217.194.0-255,383,18856,20,70886
2633,0.000847,172.217.194.0-255,1484,20340,20,70886
2634,0.000853,172.31.36.0-255,66,20406,20,70886
2635,0.00086,172.217.194.0-255,2902,23308,20,70886
2636,0.000863,172.31.36.0-255,66,23374,20,70886
2637,0.000896,172.31.36.0-255,66,23440,20,70886
2638,0.000905,172.31.36.0-255,66,23506,20,70886
2639,0.000921,172.31.36.0-255,66,23572,20,70886
2640,0.000935,172.31.36.0-255,66,23638,20,70886
2641,0.00096,172.217.194.0-255,1484,25122,20,70886
2642,0.00097,172.31.36.0-255,66,25188,20,70886
2643,0.001046,172.217.194.0-255,1484,26672,20,70886
2644,0.001066,172.217.194.0-255,2902,29574,20,70886
2645,0.001069,172.31.36.0-255,66,29640,20,70886
2646,0.001074,172.217.194.0-255,2902,32542,20,70886
2647,0.001076,172.31.36.0-255,66,32608,20,70886
2648,0.00109,172.217.194.0-255,2902,35510,20,70886
2649,0.001092,172.31.36.0-255,66,35576,20,70886
2650,0.001118,172.31.36.0-255,66,35642,20,70886
2651,0.001146,172.31.36.0-255,66,35708,20,70886
2652,0.001175,172.31.36.0-255,66,35774,20,70886
2653,0.001192,172.217.194.0-255,2902,38676,20,70886
2654,0.001194,172.31.36.0-255,66,38742,20,70886
2655,0.001218,172.31.36.0-255,66,38808,20,70886
2656,0.001225,172.31.36.0-255,66,38874,20,70886
2657,0.001285,172.31.36.0-255,66,38940,20,70886
2658,0.001311,172.31.36.0-255,66,39006,20,70886
2659,0.001314,172.217.194.0-255,766,39772,20,70886
2660,0.001326,172.217.194.0-255,1484,41256,20,70886
2661,0.001328,172.31.36.0-255,66,41322,20,70886
2662,0.001378,172.31.36.0-255,66,41388,20,70886
2663,0.001382,172.31.36.0-255,66,41454,20,70886
2664,0.001385,172.217.194.0-255,1484,42938,20,70886
2665,0.001406,172.31.36.0-255,66,43004,20,70886
2666,0.00142,172.217.194.0-255,1484,44488,20,70886
2667,0.001433,172.31.36.0-255,66,44554,20,70886
2668,0.00145,172.217.194.0-255,1484,46038,20,70886
2669,0.001453,172.217.194.0-255,766,46804,20,70886
2670,0.001456,172.31.36.0-255,66,46870,20,70886
2671,0.001914,172.217.194.0-255,1484,48354,20,70886
2672,0.001918,172.217.194.0-255,1484,49838,20,70886
2673,0.001923,172.31.36.0-255,66,49904,20,70886
2674,0.001941,172.217.194.0-255,1484,51388,20,70886
2675,0.001951,172.31.36.0-255,66,51454,20,70886
2676,0.00196,172.31.36.0-255,66,51520,20,70886
2677,0.001995,172.31.36.0-255,66,51586,20,70886
2678,0.002005,172.31.36.0-255,66,51652,20,70886
2679,0.00202,172.217.194.0-255,2184,53836,20,70886
2680,0.002022,172.31.36.0-255,66,53902,20,70886
2681,0.002372,172.217.194.0-255,1484,55386,20,70886
2682,0.002376,172.217.194.0-255,1484,56870,20,70886
2683,0.002379,172.31.36.0-255,66,56936,20,70886
2684,0.002397,172.217.194.0-255,1484,58420,20,70886
2685,0.002401,172.217.194.0-255,2902,61322,20,70886
2686,0.002403,172.31.36.0-255,66,61388,20,70886
2687,0.002421,172.217.194.0-255,2902,64290,20,70886
2688,0.002423,172.31.36.0-255,66,64356,20,70886
2689,0.002443,172.31.36.0-255,66,64422,20,70886
2690,0.002451,172.31.36.0-255,66,64488,20,70886
2691,0.002503,172.31.36.0-255,66,64554,20,70886
2692,0.00266,172.217.194.0-255,1484,66038,20,70886
2693,0.002677,172.217.194.0-255,2902,68940,20,70886
2694,0.00268,172.31.36.0-255,66,69006,20,70886
2695,0.00514,172.217.194.0-255,1484,70490,20,70886
2696,0.005334,172.31.36.0-255,66,70556,20,70886
2697,0.007984,172.31.36.0-255,66,70622,20,70886
2698,0.010629,172.31.36.0-255,66,70688,20,70886
2699,0.013292,172.31.36.0-255,66,70754,20,70886
2700,0.015958,172.31.36.0-255,66,70820,20,70886
2701,0.018629,172.31.36.0-255,66,70886,20,70886
2702,0.0,74.125.68.0-255,152,152,20,65121
2703,3.6e-05,172.31.36.0-255,66,218,20,65121
2704,4.3e-05,74.125.68.0-255,1484,1702,20,65121
2705,4.6e-05,172.31.36.0-255,66,1768,20,65121
2706,5.1e-05,74.125.68.0-255,2902,4670,20,65121
2707,6.1e-05,172.31.36.0-255,66,4736,20,65121
2708,6.9e-05,172.31.36.0-255,66,4802,20,65121
2709,9.3e-05,74.125.68.0-255,2902,7704,20,65121
2710,9.6e-05,172.31.36.0-255,66,7770,20,65121
2711,0.000123,74.125.68.0-255,2057,9827,20,65121
2712,0.000127,172.31.36.0-255,66,9893,20,65121
2713,0.000137,172.31.36.0-255,66,9959,20,65121
2714,0.000168,74.125.68.0-255,2902,12861,20,65121
2715,0.00017,172.31.36.0-255,66,12927,20,65121
2716,0.000205,172.31.36.0-255,66,12993,20,65121
2717,0.000245,74.125.68.0-255,2543,15536,20,65121
2718,0.000248,172.31.36.0-255,66,15602,20,65121
2719,0.000312,74.125.68.0-255,1484,17086,20,65121
2720,0.000316,172.31.36.0-255,66,17152,20,65121
2721,0.000322,74.125.68.0-255,2902,20054,20,65121
2722,0.000324,172.31.36.0-255,66,20120,20,65121
2723,0.00035,172.31.36.0-255,66,20186,20,65121
2724,0.000395,172.31.36.0-255,66,20252,20,65121
2725,0.000444,74.125.68.0-255,2902,23154,20,65121
2726,0.000447,172.31.36.0-255,66,23220,20,65121
2727,0.000483,172.31.36.0-255,66,23286,20,65121
2728,0.000541,172.31.36.0-255,66,23352,20,65121
2729,0.000569,74.125.68.0-255,2814,26166,20,65121
2730,0.000572,172.31.36.0-255,66,26232,20,65121
2731,0.000683,74.125.68.0-255,128,26360,20,65121
2732,0.000726,74.125.68.0-255,1484,27844,20,65121
2733,0.000731,172.31.36.0-255,66,27910,20,65121
2734,0.000752,74.125.68.0-255,2902,30812,20,65121
2735,0.000755,172.31.36.0-255,66,30878,20,65121
2736,0.000783,172.31.36.0-255,66,30944,20,65121
2737,0.000817,172.31.36.0-255,66,31010,20,65121
2738,0.00086,74.125.68.0-255,1484,32494,20,65121
2739,0.000877,74.125.68.0-255,2902,35396,20,65121
2740,0.00088,172.31.36.0-255,66,35462,20,65121
2741,0.000912,172.31.36.0-255,66,35528,20,65121
2742,0.000975,172.31.36.0-255,66,35594,20,65121
2743,0.001004,74.125.68.0-255,2543,38137,20,65121
2744,0.001007,172.31.36.0-255,66,38203,20,65121
2745,0.001444,74.125.68.0-255,1484,39687,20,65121
2746,0.001453,74.125.68.0-255,2902,42589,20,65121
2747,0.001457,172.31.36.0-255,66,42655,20,65121
2748,0.001487,172.31.36.0-255,66,42721,20,65121
2749,0.001518,74.125.68.0-255,1484,44205,20,65121
2750,0.001535,172.31.36.0-255,66,44271,20,65121
2751,0.001598,172.31.36.0-255,66,44337,20,65121
2752,0.001645,74.125.68.0-255,2902,47239,20,65121
2753,0.001649,172.31.36.0-255,66,47305,20,65121
2754,0.001678,172.31.36.0-255,66,47371,20,65121
2755,0.001681,74.125.68.0-255,1484,48855,20,65121
2756,0.001701,74.125.68.0-255,2902,51757,20,65121
2757,0.001704,172.31.36.0-255,66,51823,20,65121
2758,0.00174,74.125.68.0-255,2184,54007,20,65121
2759,0.001742,172.31.36.0-255,66,54073,20,65121
2760,0.00204,74.125.68.0-255,1484,55557,20,65121
2761,0.002055,74.125.68.0-255,2902,58459,20,65121
2762,0.002057,172.31.36.0-255,66,58525,20,65121
2763,0.002099,172.31.36.0-255,66,58591,20,65121
2764,0.002129,172.31.36.0-255,66,58657,20,65121
2765,0.002151,74.125.68.0-255,2902,61559,20,65121
2766,0.002154,172.31.36.0-255,66,61625,20,65121
2767,0.00221,74.125.68.0-255,1484,63109,20,65121
2768,0.002234,172.31.36.0-255,66,63175,20,65121
2769,0.002322,74.125.68.0-255,1484,64659,20,65121
2770,0.004525,172.31.36.0-255,66,64725,20,65121
2771,0.006837,172.31.36.0-255,66,64791,20,65121
2772,0.009146,172.31.36.0-255,66,64857,20,65121
2773,0.011451,172.31.36.0-255,66,64923,20,65121
2774,0.01378,172.31.36.0-255,66,64989,20,65121
2775,0.016087,172.31.36.0-255,66,65055,20,65121
2776,0.018396,172.31.36.0-255,66,65121,20,65121
2777,0.0,74.125.24.0-255,152,152,20,41997
2778,2.4e-05,172.31.36.0-255,66,218,20,41997
2779,3.2e-05,74.125.24.0-255,1484,1702,20,41997
2780,3.6e-05,172.31.36.0-255,66,1768,20,41997
2781,4.2e-05,74.125.24.0-255,2902,4670,20,41997
2782,4.4e-05,172.31.36.0-255,66,4736,20,41997
2783,5.5e-05,172.31.36.0-255,66,4802,20,41997
2784,5.9e-05,74.125.24.0-255,2002,6804,20,41997
2785,6.2e-05,172.31.36.0-255,66,6870,20,41997
2786,7.5e-05,172.31.36.0-255,66,6936,20,41997
2787,8.5e-05,172.31.36.0-255,66,7002,20,41997
2788,0.000162,74.125.24.0-255,1484,8486,20,41997
2789,0.000165,172.31.36.0-255,66,8552,20,41997
2790,0.000169,74.125.24.0-255,1484,10036,20,41997
2791,0.000171,172.31.36.0-255,66,10102,20,41997
2792,0.000185,74.125.24.0-255,1484,11586,20,41997
2793,0.000187,172.31.36.0-255,66,11652,20,41997
2794,0.000196,172.31.36.0-255,66,11718,20,41997
2795,0.000237,172.31.36.0-255,66,11784,20,41997
2796,0.000248,172.31.36.0-255,66,11850,20,41997
2797,0.000281,74.125.24.0-255,1431,13281,20,41997
2798,0.000284,172.31.36.0-255,66,13347,20,41997
2799,0.000314,74.125.24.0-255,380,13727,20,41997
2800,0.000316,172.31.36.0-255,66,13793,20,41997
2801,0.000909,74.125.24.0-255,1484,15277,20,41997
2802,0.000914,172.31.36.0-255,66,15343,20,41997
2803,0.000919,74.125.24.0-255,1484,16827,20,41997
2804,0.000937,74.125.24.0-255,1484,18311,20,41997
2805,0.000939,172.31.36.0-255,66,18377,20,41997
2806,0.000945,74.125.24.0-255,2902,21279,20,41997
2807,0.000947,172.31.36.0-255,66,21345,20,41997
2808,0.000957,172.31.36.0-255,66,21411,20,41997
2809,0.000979,74.125.24.0-255,2902,24313,20,41997
2810,0.000984,172.31.36.0-255,66,24379,20,41997
2811,0.001018,172.31.36.0-255,66,24445,20,41997
2812,0.001029,74.125.24.0-255,3602,28047,20,41997
2813,0.001037,172.31.36.0-255,66,28113,20,41997
2814,0.001565,74.125.24.0-255,1484,29597,20,41997
2815,0.001575,74.125.24.0-255,2902,32499,20,41997
2816,0.001579,172.31.36.0-255,66,32565,20,41997
2817,0.001589,172.31.36.0-255,66,32631,20,41997
2818,0.001592,74.125.24.0-255,1484,34115,20,41997
2819,0.001618,172.31.36.0-255,66,34181,20,41997
2820,0.00165,172.31.36.0-255,66,34247,20,41997
2821,0.001913,74.125.24.0-255,1484,35731,20,41997
2822,0.001921,74.125.24.0-255,2902,38633,20,41997
2823,0.001991,74.125.24.0-255,2902,41535,20,41997
2824,0.00708,172.31.36.0-255,66,41601,20,41997
2825,0.00905,172.31.36.0-255,66,41667,20,41997
2826,0.011022,172.31.36.0-255,66,41733,20,41997
2827,0.012992,172.31.36.0-255,66,41799,20,41997
2828,0.014993,172.31.36.0-255,66,41865,20,41997
2829,0.016955,172.31.36.0-255,66,41931,20,41997
2830,0.018939,172.31.36.0-255,66,41997,20,41997
2831,0.0,172.217.194.0-255,145,145,20,52416
2832,1.7e-05,172.31.36.0-255,66,211,20,52416
2833,2.4e-05,172.217.194.0-255,1484,1695,20,52416
2834,2.8e-05,172.31.36.0-255,66,1761,20,52416
2835,4.2e-05,172.217.194.0-255,2902,4663,20,52416
2836,4.6e-05,172.31.36.0-255,66,4729,20,52416
2837,5.6e-05,172.31.36.0-255,66,4795,20,52416
2838,9.8e-05,172.31.36.0-255,66,4861,20,52416
2839,0.000196,172.217.194.0-255,1484,6345,20,52416
2840,0.0002,172.31.36.0-255,66,6411,20,52416
2841,0.000206,172.217.194.0-255,2902,9313,20,52416
2842,0.000208,172.31.36.0-255,66,9379,20,52416
2843,0.000211,172.217.194.0-255,1484,10863,20,52416
2844,0.000218,172.31.36.0-255,66,10929,20,52416
2845,0.000257,172.31.36.0-255,66,10995,20,52416
2846,0.000266,172.31.36.0-255,66,11061,20,52416
2847,0.000313,172.31.36.0-255,66,11127,20,52416
2848,0.000354,172.31.36.0-255,66,11193,20,52416
2849,0.000392,172.31.36.0-255,66,11259,20,52416
2850,0.000423,172.31.36.0-255,66,11325,20,52416
2851,0.000447,172.217.194.0-255,366,11691,20,52416
2852,0.000451,172.31.36.0-255,66,11757,20,52416
2853,0.000674,172.217.194.0-255,1484,13241,20,52416
2854,0.00068,172.31.36.0-255,66,13307,20,52416
2855,0.000686,172.217.194.0-255,2902,16209,20,52416
2856,0.000689,172.31.36.0-255,66,16275,20,52416
2857,0.000703,172.31.36.0-255,66,16341,20,52416
2858,0.000748,172.31.36.0-255,66,16407,20,52416
2859,0.000775,172.217.194.0-255,2902,19309,20,52416
2860,0.000778,172.31.36.0-255,66,19375,20,52416
2861,0.00081,172.31.36.0-255,66,19441,20,52416
2862,0.000866,172.31.36.0-255,66,19507,20,52416
2863,0.000888,172.31.36.0-255,66,19573,20,52416
2864,0.000961,172.31.36.0-255,66,19639,20,52416
2865,0.000986,172.31.36.0-255,66,19705,20,52416
2866,0.00099,172.217.194.0-255,1484,21189,20,52416
2867,0.001027,172.31.36.0-255,66,21255,20,52416
2868,0.001077,172.217.194.0-255,2902,24157,20,52416
2869,0.00108,172.31.36.0-255,66,24223,20,52416
2870,0.001123,172.31.36.0-255,66,24289,20,52416
2871,0.001171,172.31.36.0-255,66,24355,20,52416
2872,0.001185,172.217.194.0-255,1484,25839,20,52416
2873,0.001225,172.217.194.0-255,2902,28741,20,52416
2874,0.001228,172.31.36.0-255,66,28807,20,52416
2875,0.001267,172.31.36.0-255,66,28873,20,52416
2876,0.001361,172.217.194.0-255,1484,30357,20,52416
2877,0.001368,172.217.194.0-255,2902,33259,20,52416
2878,0.001371,172.31.36.0-255,66,33325,20,52416
2879,0.001399,172.31.36.0-255,66,33391,20,52416
2880,0.001403,172.217.194.0-255,2902,36293,20,52416
2881,0.001405,172.31.36.0-255,66,36359,20,52416
2882,0.001433,172.31.36.0-255,66,36425,20,52416
2883,0.001438,172.217.194.0-255,2902,39327,20,52416
2884,0.00144,172.31.36.0-255,66,39393,20,52416
2885,0.001487,172.31.36.0-255,66,39459,20,52416
2886,0.001516,172.217.194.0-255,2902,42361,20,52416
2887,0.001519,172.31.36.0-255,66,42427,20,52416
2888,0.001548,172.217.194.0-255,2184,44611,20,52416
2889,0.001581,172.31.36.0-255,66,44677,20,52416
2890,0.001585,172.31.36.0-255,66,44743,20,52416
2891,0.001598,172.217.194.0-255,2902,47645,20,52416
2892,0.001601,172.31.36.0-255,66,47711,20,52416
2893,0.00166,172.31.36.0-255,66,47777,20,52416
2894,0.001688,172.217.194.0-255,766,48543,20,52416
2895,0.001698,172.31.36.0-255,66,48609,20,52416
2896,0.001754,172.31.36.0-255,66,48675,20,52416
2897,0.001885,172.31.36.0-255,66,48741,20,52416
2898,0.001913,172.217.194.0-255,2902,51643,20,52416
2899,0.001915,172.31.36.0-255,66,51709,20,52416
2900,0.001957,172.31.36.0-255,66,51775,20,52416
2901,0.002016,172.31.36.0-255,66,51841,20,52416
2902,0.00204,172.31.36.0-255,66,51907,20,52416
2903,0.002235,172.217.194.0-255,105,52012,20,52416
2904,0.006148,172.31.36.0-255,66,52078,20,52416
2905,0.008189,172.31.36.0-255,101,52179,20,52416
2906,0.008658,172.31.36.0-255,105,52284,20,52416
2907,0.0104,172.217.194.0-255,66,52350,20,52416
2908,0.010857,172.217.194.0-255,66,52416,20,52416
2909,0.0,74.125.24.0-255,147,147,20,58111
2910,1.4e-05,172.31.36.0-255,66,213,20,58111
2911,2.1e-05,74.125.24.0-255,1484,1697,20,58111
2912,2.5e-05,172.31.36.0-255,66,1763,20,58111
2913,3.9e-05,74.125.24.0-255,2902,4665,20,58111
2914,4.3e-05,172.31.36.0-255,66,4731,20,58111
2915,5.4e-05,172.31.36.0-255,66,4797,20,58111
2916,5.8e-05,74.125.24.0-255,2035,6832,20,58111
2917,6.1e-05,172.31.36.0-255,66,6898,20,58111
2918,0.000106,74.125.24.0-255,2902,9800,20,58111
2919,0.00011,172.31.36.0-255,66,9866,20,58111
2920,0.000119,172.31.36.0-255,66,9932,20,58111
2921,0.000133,172.31.36.0-255,66,9998,20,58111
2922,0.000284,74.125.24.0-255,1484,11482,20,58111
2923,0.000289,172.31.36.0-255,66,11548,20,58111
2924,0.000296,74.125.24.0-255,2902,14450,20,58111
2925,0.000298,172.31.36.0-255,66,14516,20,58111
2926,0.000302,74.125.24.0-255,2902,17418,20,58111
2927,0.00031,172.31.36.0-255,66,17484,20,58111
2928,0.000337,74.125.24.0-255,1484,18968,20,58111
2929,0.00034,172.31.36.0-255,66,19034,20,58111
2930,0.000356,172.31.36.0-255,66,19100,20,58111
2931,0.000361,74.125.24.0-255,2902,22002,20,58111
2932,0.000362,172.31.36.0-255,66,22068,20,58111
2933,0.000411,172.31.36.0-255,66,22134,20,58111
2934,0.000798,74.125.24.0-255,403,22537,20,58111
2935,0.000804,172.31.36.0-255,66,22603,20,58111
2936,0.000958,74.125.24.0-255,1484,24087,20,58111
2937,0.000965,74.125.24.0-255,2902,26989,20,58111
2938,0.000968,172.31.36.0-255,66,27055,20,58111
2939,0.000978,172.31.36.0-255,66,27121,20,58111
2940,0.00102,172.31.36.0-255,66,27187,20,58111
2941,0.001032,172.31.36.0-255,66,27253,20,58111
2942,0.001056,74.125.24.0-255,2184,29437,20,58111
2943,0.001058,172.31.36.0-255,66,29503,20,58111
2944,0.001066,172.31.36.0-255,66,29569,20,58111
2945,0.001085,74.125.24.0-255,1484,31053,20,58111
2946,0.0011,172.31.36.0-255,66,31119,20,58111
2947,0.001104,74.125.24.0-255,2902,34021,20,58111
2948,0.001106,172.31.36.0-255,66,34087,20,58111
2949,0.001138,172.31.36.0-255,66,34153,20,58111
2950,0.001148,172.31.36.0-255,66,34219,20,58111
2951,0.001177,74.125.24.0-255,1484,35703,20,58111
2952,0.001182,74.125.24.0-255,2902,38605,20,58111
2953,0.001184,172.31.36.0-255,66,38671,20,58111
2954,0.001193,172.31.36.0-255,66,38737,20,58111
2955,0.001265,172.31.36.0-255,66,38803,20,58111
2956,0.001275,172.31.36.0-255,66,38869,20,58111
2957,0.001284,74.125.24.0-255,3602,42471,20,58111
2958,0.001287,172.31.36.0-255,66,42537,20,58111
2959,0.001294,172.31.36.0-255,66,42603,20,58111
2960,0.001333,172.31.36.0-255,66,42669,20,58111
2961,0.001343,172.31.36.0-255,66,42735,20,58111
2962,0.001395,172.31.36.0-255,66,42801,20,58111
2963,0.001507,74.125.24.0-255,1484,44285,20,58111
2964,0.001513,74.125.24.0-255,2902,47187,20,58111
2965,0.001518,172.31.36.0-255,66,47253,20,58111
2966,0.001557,172.31.36.0-255,66,47319,20,58111
2967,0.001576,172.31.36.0-255,66,47385,20,58111
2968,0.001613,172.31.36.0-255,66,47451,20,58111
2969,0.001768,74.125.24.0-255,1484,48935,20,58111
2970,0.001774,74.125.24.0-255,2902,51837,20,58111
2971,0.001777,172.31.36.0-255,66,51903,20,58111
2972,0.001786,172.31.36.0-255,66,51969,20,58111
2973,0.001805,74.125.24.0-255,1484,53453,20,58111
2974,0.00183,172.31.36.0-255,66,53519,20,58111
2975,0.001844,172.31.36.0-255,66,53585,20,58111
2976,0.001896,172.31.36.0-255,66,53651,20,58111
2977,0.001904,172.31.36.0-255,66,53717,20,58111
2978,0.001954,172.31.36.0-255,66,53783,20,58111
2979,0.001985,74.125.24.0-255,3602,57385,20,58111
2980,0.001988,172.31.36.0-255,66,57451,20,58111
2981,0.002008,172.31.36.0-255,66,57517,20,58111
2982,0.00202,172.31.36.0-255,66,57583,20,58111
2983,0.002082,172.31.36.0-255,66,57649,20,58111
2984,0.004362,172.31.36.0-255,66,57715,20,58111
2985,0.006629,172.31.36.0-255,66,57781,20,58111
2986,0.008895,172.31.36.0-255,66,57847,20,58111
2987,0.011183,172.31.36.0-255,66,57913,20,58111
2988,0.013492,172.31.36.0-255,66,57979,20,58111
2989,0.015792,172.31.36.0-255,66,58045,20,58111
2990,0.018075,172.31.36.0-255,66,58111,20,58111
2991,0.0,74.125.68.0-255,153,153,20,62350
2992,2.3e-05,172.31.36.0-255,66,219,20,62350
2993,3.1e-05,74.125.68.0-255,1484,1703,20,62350
2994,3.5e-05,172.31.36.0-255,66,1769,20,62350
2995,5.2e-05,74.125.68.0-255,2902,4671,20,62350
2996,5.8e-05,172.31.36.0-255,66,4737,20,62350
2997,6.8e-05,172.31.36.0-255,66,4803,20,62350
2998,7.2e-05,74.125.68.0-255,1975,6778,20,62350
2999,7.5e-05,172.31.36.0-255,66,6844,20,62350
3000,9.4e-05,74.125.68.0-255,1484,8328,20,62350
3001,0.000101,172.31.36.0-255,66,8394,20,62350
3002,0.000129,74.125.68.0-255,1484,9878,20,62350
3003,0.000132,172.31.36.0-255,66,9944,20,62350
3004,0.000142,172.31.36.0-255,66,10010,20,62350
3005,0.000171,172.31.36.0-255,66,10076,20,62350
3006,0.000187,74.125.68.0-255,2902,12978,20,62350
3007,0.00019,172.31.36.0-255,66,13044,20,62350
3008,0.000221,74.125.68.0-255,1125,14169,20,62350
3009,0.000223,172.31.36.0-255,66,14235,20,62350
3010,0.000257,172.31.36.0-255,66,14301,20,62350
3011,0.000283,172.31.36.0-255,66,14367,20,62350
3012,0.000355,74.125.68.0-255,2902,17269,20,62350
3013,0.000359,172.31.36.0-255,66,17335,20,62350
3014,0.000365,74.125.68.0-255,3961,21296,20,62350
3015,0.000368,172.31.36.0-255,66,21362,20,62350
3016,0.000492,74.125.68.0-255,1484,22846,20,62350
3017,0.000496,172.31.36.0-255,66,22912,20,62350
3018,0.000524,74.125.68.0-255,2902,25814,20,62350
3019,0.000527,172.31.36.0-255,66,25880,20,62350
3020,0.000532,74.125.68.0-255,2902,28782,20,62350
3021,0.000534,172.31.36.0-255,66,28848,20,62350
3022,0.000573,172.31.36.0-255,66,28914,20,62350
3023,0.000594,172.31.36.0-255,66,28980,20,62350
3024,0.000618,74.125.68.0-255,1125,30105,20,62350
3025,0.000768,74.125.68.0-255,411,30516,20,62350
3026,0.000809,74.125.68.0-255,332,30848,20,62350
3027,0.000813,172.31.36.0-255,66,30914,20,62350
3028,0.001362,74.125.68.0-255,1484,32398,20,62350
3029,0.001372,74.125.68.0-255,2902,35300,20,62350
3030,0.001376,172.31.36.0-255,66,35366,20,62350
3031,0.001381,74.125.68.0-255,2902,38268,20,62350
3032,0.001384,172.31.36.0-255,66,38334,20,62350
3033,0.001422,172.31.36.0-255,66,38400,20,62350
3034,0.001459,172.31.36.0-255,66,38466,20,62350
3035,0.001525,74.125.68.0-255,2902,41368,20,62350
3036,0.001529,172.31.36.0-255,66,41434,20,62350
3037,0.001548,74.125.68.0-255,2902,44336,20,62350
3038,0.001551,172.31.36.0-255,66,44402,20,62350
3039,0.001584,74.125.68.0-255,2902,47304,20,62350
3040,0.001587,172.31.36.0-255,66,47370,20,62350
3041,0.00162,172.31.36.0-255,66,47436,20,62350
3042,0.001731,74.125.68.0-255,1484,48920,20,62350
3043,0.001736,74.125.68.0-255,1484,50404,20,62350
3044,0.001739,172.31.36.0-255,66,50470,20,62350
3045,0.001766,74.125.68.0-255,1484,51954,20,62350
3046,0.001774,172.31.36.0-255,66,52020,20,62350
3047,0.001807,172.31.36.0-255,66,52086,20,62350
3048,0.001859,172.31.36.0-255,66,52152,20,62350
3049,0.001895,172.31.36.0-255,66,52218,20,62350
3050,0.001973,74.125.68.0-255,2902,55120,20,62350
3051,0.001976,172.31.36.0-255,66,55186,20,62350
3052,0.001988,74.125.68.0-255,1484,56670,20,62350
3053,0.002007,74.125.68.0-255,3602,60272,20,62350
3054,0.002009,172.31.36.0-255,66,60338,20,62350
3055,0.004238,172.31.36.0-255,66,60404,20,62350
3056,0.004256,74.125.68.0-255,1484,61888,20,62350
3057,0.006446,172.31.36.0-255,66,61954,20,62350
3058,0.00867,172.31.36.0-255,66,62020,20,62350
3059,0.010876,172.31.36.0-255,66,62086,20,62350
3060,0.013086,172.31.36.0-255,66,62152,20,62350
3061,0.015337,172.31.36.0-255,66,62218,20,62350
3062,0.017549,172.31.36.0-255,66,62284,20,62350
3063,0.019763,172.31.36.0-255,66,62350,20,62350
3064,0.0,172.217.24.0-255,153,153,20,51842
3065,2.4e-05,172.31.36.0-255,66,219,20,51842
3066,3.1e-05,172.217.24.0-255,1484,1703,20,51842
3067,3.7e-05,172.31.36.0-255,66,1769,20,51842
3068,4.2e-05,172.217.24.0-255,2902,4671,20,51842
3069,5.4e-05,172.31.36.0-255,66,4737,20,51842
3070,6.4e-05,172.31.36.0-255,66,4803,20,51842
3071,7.5e-05,172.31.36.0-255,66,4869,20,51842
3072,8.7e-05,172.31.36.0-255,66,4935,20,51842
3073,0.000127,172.31.36.0-255,66,5001,20,51842
3074,0.00016,172.31.36.0-255,66,5067,20,51842
3075,0.000164,172.217.24.0-255,2184,7251,20,51842
3076,0.000167,172.31.36.0-255,66,7317,20,51842
3077,0.000184,172.31.36.0-255,66,7383,20,51842
3078,0.000646,172.217.24.0-255,138,7521,20,51842
3079,0.000653,172.31.36.0-255,66,7587,20,51842
3080,0.00086,172.217.24.0-255,1484,9071,20,51842
3081,0.000865,172.31.36.0-255,66,9137,20,51842
3082,0.000895,172.217.24.0-255,1484,10621,20,51842
3083,0.000897,172.31.36.0-255,66,10687,20,51842
3084,0.000902,172.217.24.0-255,2902,13589,20,51842
3085,0.000904,172.31.36.0-255,66,13655,20,51842
3086,0.000914,172.217.24.0-255,2902,16557,20,51842
3087,0.000916,172.31.36.0-255,66,16623,20,51842
3088,0.000947,172.217.24.0-255,2902,19525,20,51842
3089,0.00095,172.31.36.0-255,66,19591,20,51842
3090,0.000954,172.217.24.0-255,1484,21075,20,51842
3091,0.000958,172.217.24.0-255,1484,22559,20,51842
3092,0.00096,172.31.36.0-255,66,22625,20,51842
3093,0.000967,172.217.24.0-255,1484,24109,20,51842
3094,0.001,172.217.24.0-255,2902,27011,20,51842
3095,0.001003,172.31.36.0-255,66,27077,20,51842
3096,0.001011,172.31.36.0-255,66,27143,20,51842
3097,0.001027,172.31.36.0-255,66,27209,20,51842
3098,0.001031,172.217.24.0-255,2184,29393,20,51842
3099,0.001033,172.31.36.0-255,66,29459,20,51842
3100,0.001105,172.217.24.0-255,345,29804,20,51842
3101,0.001131,172.217.24.0-255,1484,31288,20,51842
3102,0.001134,172.31.36.0-255,66,31354,20,51842
3103,0.001162,172.217.24.0-255,2902,34256,20,51842
3104,0.001165,172.31.36.0-255,66,34322,20,51842
3105,0.001174,172.31.36.0-255,66,34388,20,51842
3106,0.001221,172.31.36.0-255,66,34454,20,51842
3107,0.001271,172.31.36.0-255,66,34520,20,51842
3108,0.001381,172.217.24.0-255,1484,36004,20,51842
3109,0.001387,172.217.24.0-255,2902,38906,20,51842
3110,0.00139,172.31.36.0-255,66,38972,20,51842
3111,0.001429,172.217.24.0-255,2902,41874,20,51842
3112,0.001434,172.31.36.0-255,66,41940,20,51842
3113,0.001441,172.31.36.0-255,66,42006,20,51842
3114,0.001457,172.31.36.0-255,66,42072,20,51842
3115,0.001466,172.31.36.0-255,66,42138,20,51842
3116,0.00151,172.31.36.0-255,66,42204,20,51842
3117,0.001532,172.31.36.0-255,66,42270,20,51842
3118,0.001553,172.31.36.0-255,66,42336,20,51842
3119,0.001584,172.31.36.0-255,66,42402,20,51842
3120,0.001601,172.31.36.0-255,66,42468,20,51842
3121,0.001635,172.31.36.0-255,66,42534,20,51842
3122,0.001649,172.31.36.0-255,66,42600,20,51842
3123,0.001671,172.31.36.0-255,66,42666,20,51842
3124,0.001684,172.31.36.0-255,66,42732,20,51842
3125,0.001687,172.217.24.0-255,766,43498,20,51842
3126,0.001867,172.217.24.0-255,1484,44982,20,51842
3127,0.001872,172.31.36.0-255,66,45048,20,51842
3128,0.001878,172.217.24.0-255,2902,47950,20,51842
3129,0.00188,172.31.36.0-255,66,48016,20,51842
3130,0.001883,172.217.24.0-255,1484,49500,20,51842
3131,0.001924,172.31.36.0-255,66,49566,20,51842
3132,0.001934,172.31.36.0-255,66,49632,20,51842
3133,0.001956,172.31.36.0-255,66,49698,20,51842
3134,0.001959,172.217.24.0-255,1484,51182,20,51842
3135,0.001996,172.31.36.0-255,66,51248,20,51842
3136,0.00394,172.31.36.0-255,66,51314,20,51842
3137,0.005875,172.31.36.0-255,66,51380,20,51842
3138,0.007822,172.31.36.0-255,66,51446,20,51842
3139,0.00976,172.31.36.0-255,66,51512,20,51842
3140,0.011747,172.31.36.0-255,66,51578,20,51842
3141,0.013698,172.31.36.0-255,66,51644,20,51842
3142,0.015637,172.31.36.0-255,66,51710,20,51842
3143,0.017595,172.31.36.0-255,66,51776,20,51842
3144,0.01956,172.31.36.0-255,66,51842,20,51842
3145,0.0,74.125.68.0-255,143,143,20,59816
3146,3e-05,172.31.36.0-255,66,209,20,59816
3147,3.8e-05,74.125.68.0-255,1484,1693,20,59816
3148,4.3e-05,172.31.36.0-255,66,1759,20,59816
3149,4.8e-05,74.125.68.0-255,2902,4661,20,59816
3150,5.2e-05,172.31.36.0-255,66,4727,20,59816
3151,8.5e-05,172.31.36.0-255,66,4793,20,59816
3152,0.000112,172.31.36.0-255,66,4859,20,59816
3153,0.000329,74.125.68.0-255,1484,6343,20,59816
3154,0.000335,172.31.36.0-255,66,6409,20,59816
3155,0.000339,74.125.68.0-255,1484,7893,20,59816
3156,0.000341,172.31.36.0-255,66,7959,20,59816
3157,0.000354,74.125.68.0-255,1484,9443,20,59816
3158,0.000357,172.31.36.0-255,66,9509,20,59816
3159,0.000376,172.31.36.0-255,66,9575,20,59816
3160,0.000403,172.31.36.0-255,66,9641,20,59816
3161,0.000417,74.125.68.0-255,2543,12184,20,59816
3162,0.00042,172.31.36.0-255,66,12250,20,59816
3163,0.000463,74.125.68.0-255,1484,13734,20,59816
3164,0.000467,172.31.36.0-255,66,13800,20,59816
3165,0.000487,74.125.68.0-255,1484,15284,20,59816
3166,0.00049,172.31.36.0-255,66,15350,20,59816
3167,0.000498,172.31.36.0-255,66,15416,20,59816
3168,0.000513,74.125.68.0-255,1484,16900,20,59816
3169,0.000516,172.31.36.0-255,66,16966,20,59816
3170,0.000545,172.31.36.0-255,66,17032,20,59816
3171,0.000575,74.125.68.0-255,3961,20993,20,59816
3172,0.000579,172.31.36.0-255,66,21059,20,59816
3173,0.000692,74.125.68.0-255,1484,22543,20,59816
3174,0.000698,74.125.68.0-255,1484,24027,20,59816
3175,0.000701,172.31.36.0-255,66,24093,20,59816
3176,0.000715,74.125.68.0-255,1484,25577,20,59816
3177,0.000729,74.125.68.0-255,2902,28479,20,59816
3178,0.000732,172.31.36.0-255,66,28545,20,59816
3179,0.000746,74.125.68.0-255,1484,30029,20,59816
3180,0.00076,74.125.68.0-255,2902,32931,20,59816
3181,0.000763,172.31.36.0-255,66,32997,20,59816
3182,0.00078,74.125.68.0-255,1484,34481,20,59816
3183,0.000801,74.125.68.0-255,3961,38442,20,59816
3184,0.000805,172.31.36.0-255,66,38508,20,59816
3185,0.000835,74.125.68.0-255,398,38906,20,59816
3186,0.000866,172.31.36.0-255,66,38972,20,59816
3187,0.001363,74.125.68.0-255,110,39082,20,59816
3188,0.001412,172.31.36.0-255,66,39148,20,59816
3189,0.001416,74.125.68.0-255,1484,40632,20,59816
3190,0.001431,74.125.68.0-255,1484,42116,20,59816
3191,0.001434,172.31.36.0-255,66,42182,20,59816
3192,0.001447,74.125.68.0-255,1484,43666,20,59816
3193,0.001467,172.31.36.0-255,66,43732,20,59816
3194,0.00147,74.125.68.0-255,1484,45216,20,59816
3195,0.001506,74.125.68.0-255,2902,48118,20,59816
3196,0.00151,172.31.36.0-255,66,48184,20,59816
3197,0.001513,74.125.68.0-255,1484,49668,20,59816
3198,0.001529,74.125.68.0-255,1125,50793,20,59816
3199,0.001532,172.31.36.0-255,66,50859,20,59816
3200,0.001576,74.125.68.0-255,1484,52343,20,59816
3201,0.001591,74.125.68.0-255,2902,55245,20,59816
3202,0.001596,172.31.36.0-255,66,55311,20,59816
3203,0.001618,172.31.36.0-255,66,55377,20,59816
3204,0.001675,172.31.36.0-255,66,55443,20,59816
3205,0.001693,74.125.68.0-255,2229,57672,20,59816
3206,0.001696,172.31.36.0-255,66,57738,20,59816
3207,0.003656,172.31.36.0-255,66,57804,20,59816
3208,0.003692,74.125.68.0-255,1484,59288,20,59816
3209,0.005635,172.31.36.0-255,66,59354,20,59816
3210,0.007616,172.31.36.0-255,66,59420,20,59816
3211,0.009619,172.31.36.0-255,66,59486,20,59816
3212,0.011613,172.31.36.0-255,66,59552,20,59816
3213,0.013612,172.31.36.0-255,66,59618,20,59816
3214,0.015594,172.31.36.0-255,66,59684,20,59816
3215,0.017584,172.31.36.0-255,66,59750,20,59816
3216,0.01956,172.31.36.0-255,66,59816,20,59816
3217,0.0,74.125.24.0-255,153,153,20,37054
3218,1.5e-05,172.31.36.0-255,66,219,20,37054
3219,2.2e-05,74.125.24.0-255,1484,1703,20,37054
3220,2.7e-05,172.31.36.0-255,66,1769,20,37054
3221,3.3e-05,74.125.24.0-255,2902,4671,20,37054
3222,3.7e-05,172.31.36.0-255,66,4737,20,37054
3223,4.7e-05,172.31.36.0-255,66,4803,20,37054
3224,7.6e-05,74.125.24.0-255,2902,7705,20,37054
3225,7.9e-05,172.31.36.0-255,66,7771,20,37054
3226,8.4e-05,74.125.24.0-255,2019,9790,20,37054
3227,8.7e-05,172.31.36.0-255,66,9856,20,37054
3228,0.000256,74.125.24.0-255,1484,11340,20,37054
3229,0.000261,172.31.36.0-255,66,11406,20,37054
3230,0.000281,74.125.24.0-255,2902,14308,20,37054
3231,0.000284,172.31.36.0-255,66,14374,20,37054
3232,0.000292,172.31.36.0-255,66,14440,20,37054
3233,0.00031,74.125.24.0-255,1484,15924,20,37054
3234,0.000313,172.31.36.0-255,66,15990,20,37054
3235,0.00032,172.31.36.0-255,66,16056,20,37054
3236,0.000354,74.125.24.0-255,2543,18599,20,37054
3237,0.000357,172.31.36.0-255,66,18665,20,37054
3238,0.000486,74.125.24.0-255,1484,20149,20,37054
3239,0.00049,172.31.36.0-255,66,20215,20,37054
3240,0.000513,74.125.24.0-255,2902,23117,20,37054
3241,0.000516,172.31.36.0-255,66,23183,20,37054
3242,0.000535,172.31.36.0-255,66,23249,20,37054
3243,0.000567,172.31.36.0-255,66,23315,20,37054
3244,0.000571,74.125.24.0-255,2902,26217,20,37054
3245,0.000573,172.31.36.0-255,66,26283,20,37054
3246,0.000621,74.125.24.0-255,1484,27767,20,37054
3247,0.000646,172.31.36.0-255,66,27833,20,37054
3248,0.00174,74.125.24.0-255,111,27944,20,37054
3249,0.001788,74.125.24.0-255,1484,29428,20,37054
3250,0.001793,172.31.36.0-255,66,29494,20,37054
3251,0.001826,74.125.24.0-255,2902,32396,20,37054
3252,0.001828,172.31.36.0-255,66,32462,20,37054
3253,0.001837,172.31.36.0-255,66,32528,20,37054
3254,0.001851,74.125.24.0-255,1484,34012,20,37054
3255,0.001854,74.125.24.0-255,1484,35496,20,37054
3256,0.001856,172.31.36.0-255,66,35562,20,37054
3257,0.001883,172.31.36.0-255,66,35628,20,37054
3258,0.001901,172.31.36.0-255,66,35694,20,37054
3259,0.001934,172.31.36.0-255,66,35760,20,37054
3260,0.001949,74.125.24.0-255,766,36526,20,37054
3261,0.004038,172.31.36.0-255,66,36592,20,37054
3262,0.006129,172.31.36.0-255,66,36658,20,37054
3263,0.008279,172.31.36.0-255,66,36724,20,37054
3264,0.01043,172.31.36.0-255,66,36790,20,37054
3265,0.012515,172.31.36.0-255,66,36856,20,37054
3266,0.014619,172.31.36.0-255,66,36922,20,37054
3267,0.016755,172.31.36.0-255,66,36988,20,37054
3268,0.018897,172.31.36.0-255,66,37054,20,37054
3269,0.0,172.217.194.0-255,153,153,20,24370
3270,2.6e-05,172.31.36.0-255,66,219,20,24370
3271,3.3e-05,172.217.194.0-255,1484,1703,20,24370
3272,3.7e-05,172.31.36.0-255,66,1769,20,24370
3273,4.1e-05,172.217.194.0-255,2902,4671,20,24370
3274,4.4e-05,172.31.36.0-255,66,4737,20,24370
3275,5.5e-05,172.217.194.0-255,1484,6221,20,24370
3276,5.7e-05,172.31.36.0-255,66,6287,20,24370
3277,6.7e-05,172.31.36.0-255,66,6353,20,24370
3278,0.000106,172.31.36.0-255,66,6419,20,24370
3279,0.000114,172.31.36.0-255,66,6485,20,24370
3280,0.000131,172.31.36.0-255,66,6551,20,24370
3281,0.00018,172.31.36.0-255,66,6617,20,24370
3282,0.000198,172.31.36.0-255,66,6683,20,24370
3283,0.000206,172.31.36.0-255,66,6749,20,24370
3284,0.000248,172.31.36.0-255,66,6815,20,24370
3285,0.000255,172.31.36.0-255,66,6881,20,24370
3286,0.000439,172.217.194.0-255,119,7000,20,24370
3287,0.000445,172.31.36.0-255,66,7066,20,24370
3288,0.000478,172.217.194.0-255,1484,8550,20,24370
3289,0.000481,172.31.36.0-255,66,8616,20,24370
3290,0.000485,172.217.194.0-255,1484,10100,20,24370
3291,0.000487,172.31.36.0-255,66,10166,20,24370
3292,0.000509,172.217.194.0-255,1484,11650,20,24370
3293,0.000526,172.31.36.0-255,66,11716,20,24370
3294,0.000538,172.31.36.0-255,66,11782,20,24370
3295,0.000582,172.31.36.0-255,66,11848,20,24370
3296,0.000591,172.31.36.0-255,66,11914,20,24370
3297,0.000758,172.217.194.0-255,378,12292,20,24370
3298,0.000957,172.217.194.0-255,1484,13776,20,24370
3299,0.000961,172.31.36.0-255,66,13842,20,24370
3300,0.000964,172.217.194.0-255,1484,15326,20,24370
3301,0.000986,172.217.194.0-255,1484,16810,20,24370
3302,0.000988,172.31.36.0-255,66,16876,20,24370
3303,0.000998,172.31.36.0-255,66,16942,20,24370
3304,0.001017,172.31.36.0-255,66,17008,20,24370
3305,0.001032,172.31.36.0-255,66,17074,20,24370
3306,0.001057,172.217.194.0-255,2902,19976,20,24370
3307,0.001065,172.31.36.0-255,66,20042,20,24370
3308,0.001067,172.217.194.0-255,766,20808,20,24370
3309,0.001323,172.31.36.0-255,66,20874,20,24370
3310,0.003317,172.31.36.0-255,66,20940,20,24370
3311,0.003591,172.217.194.0-255,1484,22424,20,24370
3312,0.005586,172.31.36.0-255,66,22490,20,24370
3313,0.007842,172.31.36.0-255,66,22556,20,24370
3314,0.010119,172.31.36.0-255,66,22622,20,24370
3315,0.012481,172.31.36.0-255,66,22688,20,24370
3316,0.014767,172.31.36.0-255,66,22754,20,24370
3317,0.017094,172.31.36.0-255,66,22820,20,24370
3318,0.019411,172.31.36.0-255,66,22886,20,24370
3319,0.019444,172.217.194.0-255,1484,24370,20,24370
3320,0.0,172.253.118.0-255,298,298,20,86327
3321,3.5e-05,172.31.36.0-255,66,364,20,86327
3322,4.1e-05,172.253.118.0-255,1484,1848,20,86327
3323,4.5e-05,172.31.36.0-255,66,1914,20,86327
3324,5e-05,172.253.118.0-255,2902,4816,20,86327
3325,5.3e-05,172.31.36.0-255,66,4882,20,86327
3326,5.6e-05,172.253.118.0-255,1484,6366,20,86327
3327,5.8e-05,172.31.36.0-255,66,6432,20,86327
3328,9.7e-05,172.31.36.0-255,66,6498,20,86327
3329,0.000103,172.253.118.0-255,3292,9790,20,86327
3330,0.000105,172.31.36.0-255,66,9856,20,86327
3331,0.000117,172.31.36.0-255,66,9922,20,86327
3332,0.000126,172.31.36.0-255,66,9988,20,86327
3333,0.000246,172.253.118.0-255,1484,11472,20,86327
3334,0.000251,172.31.36.0-255,66,11538,20,86327
3335,0.000256,172.253.118.0-255,1484,13022,20,86327
3336,0.000258,172.31.36.0-255,66,13088,20,86327
3337,0.000286,172.253.118.0-255,1484,14572,20,86327
3338,0.000289,172.31.36.0-255,66,14638,20,86327
3339,0.000297,172.31.36.0-255,66,14704,20,86327
3340,0.000327,172.31.36.0-255,66,14770,20,86327
3341,0.000331,172.253.118.0-255,2902,17672,20,86327
3342,0.000333,172.31.36.0-255,66,17738,20,86327
3343,0.0004,172.31.36.0-255,66,17804,20,86327
3344,0.000419,172.253.118.0-255,2902,20706,20,86327
3345,0.000423,172.253.118.0-255,2824,23530,20,86327
3346,0.000424,172.31.36.0-255,66,23596,20,86327
3347,0.000427,172.31.36.0-255,66,23662,20,86327
3348,0.000459,172.253.118.0-255,407,24069,20,86327
3349,0.000633,172.253.118.0-255,1484,25553,20,86327
3350,0.000637,172.31.36.0-255,66,25619,20,86327
3351,0.000643,172.253.118.0-255,2902,28521,20,86327
3352,0.000645,172.31.36.0-255,66,28587,20,86327
3353,0.000648,172.253.118.0-255,1484,30071,20,86327
3354,0.00068,172.31.36.0-255,66,30137,20,86327
3355,0.00069,172.31.36.0-255,66,30203,20,86327
3356,0.000722,172.31.36.0-255,66,30269,20,86327
3357,0.000729,172.31.36.0-255,66,30335,20,86327
3358,0.000767,172.31.36.0-255,66,30401,20,86327
3359,0.000937,172.253.118.0-255,1484,31885,20,86327
3360,0.000943,172.253.118.0-255,2902,34787,20,86327
3361,0.000946,172.31.36.0-255,66,34853,20,86327
3362,0.000957,172.31.36.0-255,66,34919,20,86327
3363,0.000984,172.31.36.0-255,66,34985,20,86327
3364,0.001012,172.253.118.0-255,2902,37887,20,86327
3365,0.001015,172.31.36.0-255,66,37953,20,86327
3366,0.001028,172.31.36.0-255,66,38019,20,86327
3367,0.001401,172.253.118.0-255,1484,39503,20,86327
3368,0.001406,172.253.118.0-255,2902,42405,20,86327
3369,0.00141,172.31.36.0-255,66,42471,20,86327
3370,0.001445,172.31.36.0-255,66,42537,20,86327
3371,0.001474,172.31.36.0-255,66,42603,20,86327
3372,0.001521,172.31.36.0-255,66,42669,20,86327
3373,0.001529,172.31.36.0-255,66,42735,20,86327
3374,0.001599,172.253.118.0-255,1484,44219,20,86327
3375,0.001614,172.253.118.0-255,2902,47121,20,86327
3376,0.001617,172.31.36.0-255,66,47187,20,86327
3377,0.001659,172.253.118.0-255,1484,48671,20,86327
3378,0.001682,172.31.36.0-255,66,48737,20,86327
3379,0.001703,172.31.36.0-255,66,48803,20,86327
3380,0.001706,172.31.36.0-255,66,48869,20,86327
3381,0.001711,172.31.36.0-255,66,48935,20,86327
3382,0.001741,172.253.118.0-255,766,49701,20,86327
3383,0.001767,172.253.118.0-255,2902,52603,20,86327
3384,0.00177,172.31.36.0-255,66,52669,20,86327
3385,0.001825,172.31.36.0-255,66,52735,20,86327
3386,0.001843,172.31.36.0-255,66,52801,20,86327
3387,0.001851,172.31.36.0-255,66,52867,20,86327
3388,0.00189,172.31.36.0-255,66,52933,20,86327
3389,0.001928,172.253.118.0-255,1484,54417,20,86327
3390,0.001932,172.253.118.0-255,1484,55901,20,86327
3391,0.001935,172.31.36.0-255,66,55967,20,86327
3392,0.001945,172.253.118.0-255,1484,57451,20,86327
3393,0.00196,172.31.36.0-255,66,57517,20,86327
3394,0.001965,172.253.118.0-255,2902,60419,20,86327
3395,0.001967,172.31.36.0-255,66,60485,20,86327
3396,0.002014,172.31.36.0-255,66,60551,20,86327
3397,0.002026,172.31.36.0-255,66,60617,20,86327
3398,0.002179,172.253.118.0-255,1484,62101,20,86327
3399,0.002185,172.253.118.0-255,2902,65003,20,86327
3400,0.002189,172.31.36.0-255,66,65069,20,86327
3401,0.002231,172.31.36.0-255,66,65135,20,86327
3402,0.002238,172.31.36.0-255,66,65201,20,86327
3403,0.002249,172.31.36.0-255,66,65267,20,86327
3404,0.002274,172.253.118.0-255,2902,68169,20,86327
3405,0.002278,172.31.36.0-255,66,68235,20,86327
3406,0.002288,172.31.36.0-255,66,68301,20,86327
3407,0.002333,172.253.118.0-255,1484,69785,20,86327
3408,0.002337,172.253.118.0-255,1484,71269,20,86327
3409,0.00234,172.31.36.0-255,66,71335,20,86327
3410,0.002344,172.253.118.0-255,1484,72819,20,86327
3411,0.002373,172.253.118.0-255,2902,75721,20,86327
3412,0.002377,172.31.36.0-255,66,75787,20,86327
3413,0.002381,172.253.118.0-255,2902,78689,20,86327
3414,0.002384,172.31.36.0-255,66,78755,20,86327
3415,0.002421,172.31.36.0-255,66,78821,20,86327
3416,0.002424,172.253.118.0-255,1484,80305,20,86327
3417,0.002432,172.31.36.0-255,66,80371,20,86327
3418,0.002472,172.31.36.0-255,66,80437,20,86327
3419,0.002475,172.253.118.0-255,1484,81921,20,86327
3420,0.002478,172.253.118.0-255,1484,83405,20,86327
3421,0.00248,172.31.36.0-255,66,83471,20,86327
3422,0.002516,172.31.36.0-255,66,83537,20,86327
3423,0.002558,172.31.36.0-255,66,83603,20,86327
3424,0.002599,172.31.36.0-255,66,83669,20,86327
3425,0.002631,172.253.118.0-255,2184,85853,20,86327
3426,0.002637,172.31.36.0-255,66,85919,20,86327
3427,0.002649,172.31.36.0-255,66,85985,20,86327
3428,0.002653,172.253.118.0-255,105,86090,20,86327
3429,0.016046,172.31.36.0-255,66,86156,20,86327
3430,0.016077,172.31.36.0-255,105,86261,20,86327
3431,0.018087,172.253.118.0-255,66,86327,20,86327
3432,0.0,172.217.194.0-255,150,150,20,69333
3433,3.4e-05,172.31.36.0-255,66,216,20,69333
3434,4.1e-05,172.217.194.0-255,1484,1700,20,69333
3435,4.5e-05,172.31.36.0-255,66,1766,20,69333
3436,5.1e-05,172.217.194.0-255,2902,4668,20,69333
3437,5.5e-05,172.31.36.0-255,66,4734,20,69333
3438,6.7e-05,172.31.36.0-255,66,4800,20,69333
3439,7e-05,172.217.194.0-255,1484,6284,20,69333
3440,7.3e-05,172.31.36.0-255,66,6350,20,69333
3441,7.6e-05,172.217.194.0-255,636,6986,20,69333
3442,7.9e-05,172.31.36.0-255,66,7052,20,69333
3443,0.000231,172.217.194.0-255,1484,8536,20,69333
3444,0.000236,172.31.36.0-255,66,8602,20,69333
3445,0.000242,172.217.194.0-255,2902,11504,20,69333
3446,0.000245,172.31.36.0-255,66,11570,20,69333
3447,0.000254,172.31.36.0-255,66,11636,20,69333
3448,0.000264,172.31.36.0-255,66,11702,20,69333
3449,0.0004,172.217.194.0-255,1484,13186,20,69333
3450,0.000404,172.31.36.0-255,66,13252,20,69333
3451,0.000426,172.217.194.0-255,2902,16154,20,69333
3452,0.000429,172.31.36.0-255,66,16220,20,69333
3453,0.000439,172.31.36.0-255,66,16286,20,69333
3454,0.000498,172.31.36.0-255,66,16352,20,69333
3455,0.000509,172.31.36.0-255,66,16418,20,69333
3456,0.000515,172.217.194.0-255,1736,18154,20,69333
3457,0.000517,172.31.36.0-255,66,18220,20,69333
3458,0.000716,172.217.194.0-255,1484,19704,20,69333
3459,0.000736,172.217.194.0-255,2902,22606,20,69333
3460,0.00074,172.31.36.0-255,66,22672,20,69333
3461,0.000744,172.217.194.0-255,1484,24156,20,69333
3462,0.000765,172.31.36.0-255,66,24222,20,69333
3463,0.000786,172.31.36.0-255,66,24288,20,69333
3464,0.000805,172.31.36.0-255,66,24354,20,69333
3465,0.000819,172.31.36.0-255,66,24420,20,69333
3466,0.000879,172.31.36.0-255,66,24486,20,69333
3467,0.000907,172.31.36.0-255,66,24552,20,69333
3468,0.000921,172.31.36.0-255,66,24618,20,69333
3469,0.000929,172.31.36.0-255,66,24684,20,69333
3470,0.00095,172.217.194.0-255,2184,26868,20,69333
3471,0.000953,172.31.36.0-255,66,26934,20,69333
3472,0.001588,172.217.194.0-255,1484,28418,20,69333
3473,0.001598,172.217.194.0-255,2902,31320,20,69333
3474,0.001602,172.31.36.0-255,66,31386,20,69333
3475,0.001612,172.31.36.0-255,66,31452,20,69333
3476,0.001634,172.31.36.0-255,66,31518,20,69333
3477,0.001655,172.31.36.0-255,66,31584,20,69333
3478,0.001696,172.31.36.0-255,66,31650,20,69333
3479,0.001724,172.31.36.0-255,66,31716,20,69333
3480,0.00174,172.217.194.0-255,1484,33200,20,69333
3481,0.001763,172.31.36.0-255,66,33266,20,69333
3482,0.001768,172.217.194.0-255,2902,36168,20,69333
3483,0.00177,172.31.36.0-255,66,36234,20,69333
3484,0.001791,172.31.36.0-255,66,36300,20,69333
3485,0.001799,172.31.36.0-255,66,36366,20,69333
3486,0.001839,172.31.36.0-255,66,36432,20,69333
3487,0.001963,172.217.194.0-255,1484,37916,20,69333
3488,0.001969,172.217.194.0-255,2902,40818,20,69333
3489,0.001972,172.31.36.0-255,66,40884,20,69333
3490,0.001998,172.31.36.0-255,66,40950,20,69333
3491,0.002,172.217.194.0-255,1484,42434,20,69333
3492,0.002022,172.31.36.0-255,66,42500,20,69333
3493,0.002034,172.217.194.0-255,2902,45402,20,69333
3494,0.002036,172.31.36.0-255,66,45468,20,69333
3495,0.002084,172.31.36.0-255,66,45534,20,69333
3496,0.002104,172.217.194.0-255,2902,48436,20,69333
3497,0.002106,172.31.36.0-255,66,48502,20,69333
3498,0.002111,172.217.194.0-255,2184,50686,20,69333
3499,0.002112,172.31.36.0-255,66,50752,20,69333
3500,0.002116,172.217.194.0-255,2902,53654,20,69333
3501,0.002119,172.31.36.0-255,66,53720,20,69333
3502,0.002121,172.217.194.0-255,1484,55204,20,69333
3503,0.00213,172.31.36.0-255,66,55270,20,69333
3504,0.002132,172.217.194.0-255,1484,56754,20,69333
3505,0.002173,172.31.36.0-255,66,56820,20,69333
3506,0.002185,172.31.36.0-255,66,56886,20,69333
3507,0.002205,172.217.194.0-255,1484,58370,20,69333
3508,0.002222,172.31.36.0-255,66,58436,20,69333
3509,0.002244,172.31.36.0-255,66,58502,20,69333
3510,0.002268,172.31.36.0-255,66,58568,20,69333
3511,0.002294,172.217.194.0-255,2902,61470,20,69333
3512,0.002296,172.31.36.0-255,66,61536,20,69333
3513,0.002307,172.31.36.0-255,66,61602,20,69333
3514,0.002315,172.31.36.0-255,66,61668,20,69333
3515,0.002349,172.31.36.0-255,66,61734,20,69333
3516,0.002376,172.31.36.0-255,66,61800,20,69333
3517,0.002381,172.217.194.0-255,3602,65402,20,69333
3518,0.002383,172.31.36.0-255,66,65468,20,69333
3519,0.00239,172.31.36.0-255,66,65534,20,69333
3520,0.002398,172.31.36.0-255,66,65600,20,69333
3521,0.002422,172.31.36.0-255,66,65666,20,69333
3522,0.00243,172.31.36.0-255,66,65732,20,69333
3523,0.002433,172.217.194.0-255,1484,67216,20,69333
3524,0.002467,172.31.36.0-255,66,67282,20,69333
3525,0.004869,172.31.36.0-255,66,67348,20,69333
3526,0.007279,172.31.36.0-255,66,67414,20,69333
3527,0.007295,172.217.194.0-255,1484,68898,20,69333
3528,0.009709,172.31.36.0-255,66,68964,20,69333
3529,0.012124,172.31.36.0-255,66,69030,20,69333
3530,0.014533,172.31.36.0-255,66,69096,20,69333
3531,0.016969,172.31.36.0-255,66,69162,20,69333
3532,0.017254,172.31.36.0-255,105,69267,20,69333
3533,0.019632,172.217.194.0-255,66,69333,20,69333
3534,0.0,172.217.194.0-255,296,296,20,61792
3535,2.7e-05,172.31.36.0-255,66,362,20,61792
3536,3.4e-05,172.217.194.0-255,1484,1846,20,61792
3537,3.9e-05,172.31.36.0-255,66,1912,20,61792
3538,4.6e-05,172.31.36.0-255,66,1978,20,61792
3539,8.9e-05,172.31.36.0-255,66,2044,20,61792
3540,9.6e-05,172.217.194.0-255,533,2577,20,61792
3541,9.8e-05,172.31.36.0-255,66,2643,20,61792
3542,0.000107,172.31.36.0-255,66,2709,20,61792
3543,0.00012,172.217.194.0-255,2902,5611,20,61792
3544,0.000122,172.31.36.0-255,66,5677,20,61792
3545,0.000131,172.31.36.0-255,66,5743,20,61792
3546,0.000152,172.217.194.0-255,1125,6868,20,61792
3547,0.000154,172.31.36.0-255,66,6934,20,61792
3548,0.000491,172.217.194.0-255,1484,8418,20,61792
3549,0.000496,172.31.36.0-255,66,8484,20,61792
3550,0.000501,172.217.194.0-255,2902,11386,20,61792
3551,0.000503,172.31.36.0-255,66,11452,20,61792
3552,0.000517,172.217.194.0-255,2902,14354,20,61792
3553,0.000519,172.31.36.0-255,66,14420,20,61792
3554,0.000539,172.217.194.0-255,2902,17322,20,61792
3555,0.000542,172.31.36.0-255,66,17388,20,61792
3556,0.000549,172.31.36.0-255,66,17454,20,61792
3557,0.000553,172.217.194.0-255,2902,20356,20,61792
3558,0.000555,172.31.36.0-255,66,20422,20,61792
3559,0.000612,172.31.36.0-255,66,20488,20,61792
3560,0.000629,172.217.194.0-255,1125,21613,20,61792
3561,0.000637,172.31.36.0-255,66,21679,20,61792
3562,0.000639,172.217.194.0-255,405,22084,20,61792
3563,0.000715,172.217.194.0-255,1484,23568,20,61792
3564,0.000718,172.31.36.0-255,66,23634,20,61792
3565,0.000722,172.217.194.0-255,1484,25118,20,61792
3566,0.000735,172.217.194.0-255,1484,26602,20,61792
3567,0.000738,172.31.36.0-255,66,26668,20,61792
3568,0.000746,172.31.36.0-255,66,26734,20,61792
3569,0.000783,172.31.36.0-255,66,26800,20,61792
3570,0.000795,172.31.36.0-255,66,26866,20,61792
3571,0.000808,172.217.194.0-255,3602,30468,20,61792
3572,0.000811,172.31.36.0-255,66,30534,20,61792
3573,0.001115,172.217.194.0-255,1484,32018,20,61792
3574,0.001122,172.217.194.0-255,2902,34920,20,61792
3575,0.001125,172.31.36.0-255,66,34986,20,61792
3576,0.001152,172.31.36.0-255,66,35052,20,61792
3577,0.00116,172.31.36.0-255,66,35118,20,61792
3578,0.00118,172.217.194.0-255,1484,36602,20,61792
3579,0.001195,172.31.36.0-255,66,36668,20,61792
3580,0.0012,172.217.194.0-255,2184,38852,20,61792
3581,0.001202,172.31.36.0-255,66,38918,20,61792
3582,0.001259,172.31.36.0-255,66,38984,20,61792
3583,0.001274,172.31.36.0-255,66,39050,20,61792
3584,0.001376,172.217.194.0-255,1484,40534,20,61792
3585,0.001381,172.217.194.0-255,2902,43436,20,61792
3586,0.001385,172.31.36.0-255,66,43502,20,61792
3587,0.001399,172.217.194.0-255,2902,46404,20,61792
3588,0.001401,172.31.36.0-255,66,46470,20,61792
3589,0.001415,172.217.194.0-255,2902,49372,20,61792
3590,0.001418,172.31.36.0-255,66,49438,20,61792
3591,0.00142,172.217.194.0-255,1484,50922,20,61792
3592,0.001444,172.31.36.0-255,66,50988,20,61792
3593,0.001467,172.31.36.0-255,66,51054,20,61792
3594,0.001488,172.217.194.0-255,3602,54656,20,61792
3595,0.001494,172.31.36.0-255,66,54722,20,61792
3596,0.001579,172.217.194.0-255,1484,56206,20,61792
3597,0.001598,172.217.194.0-255,2902,59108,20,61792
3598,0.001601,172.31.36.0-255,66,59174,20,61792
3599,0.001609,172.31.36.0-255,66,59240,20,61792
3600,0.001613,172.217.194.0-255,1484,60724,20,61792
3601,0.001636,172.31.36.0-255,66,60790,20,61792
3602,0.001674,172.31.36.0-255,66,60856,20,61792
3603,0.00171,172.31.36.0-255,66,60922,20,61792
3604,0.001765,172.31.36.0-255,66,60988,20,61792
3605,0.001798,172.31.36.0-255,66,61054,20,61792
3606,0.001811,172.31.36.0-255,66,61120,20,61792
3607,0.001857,172.31.36.0-255,66,61186,20,61792
3608,0.001874,172.31.36.0-255,66,61252,20,61792
3609,0.001884,172.31.36.0-255,66,61318,20,61792
3610,0.001942,172.31.36.0-255,66,61384,20,61792
3611,0.001966,172.31.36.0-255,66,61450,20,61792
3612,0.001969,172.217.194.0-255,105,61555,20,61792
3613,0.00344,172.31.36.0-255,66,61621,20,61792
3614,0.003468,172.31.36.0-255,105,61726,20,61792
3615,0.00544,172.217.194.0-255,66,61792,20,61792
3616,0.0,74.125.24.0-255,146,146,20,52115
3617,2.8e-05,172.31.36.0-255,66,212,20,52115
3618,3.5e-05,74.125.24.0-255,1484,1696,20,52115
3619,4e-05,172.31.36.0-255,66,1762,20,52115
3620,4.5e-05,74.125.24.0-255,2902,4664,20,52115
3621,4.7e-05,172.31.36.0-255,66,4730,20,52115
3622,6.7e-05,172.31.36.0-255,66,4796,20,52115
3623,8.5e-05,74.125.24.0-255,1484,6280,20,52115
3624,8.7e-05,172.31.36.0-255,66,6346,20,52115
3625,0.000132,74.125.24.0-255,1976,8322,20,52115
3626,0.000135,172.31.36.0-255,66,8388,20,52115
3627,0.000411,74.125.24.0-255,1484,9872,20,52115
3628,0.000415,172.31.36.0-255,66,9938,20,52115
3629,0.000446,74.125.24.0-255,2902,12840,20,52115
3630,0.00045,172.31.36.0-255,66,12906,20,52115
3631,0.000469,74.125.24.0-255,2902,15808,20,52115
3632,0.000472,172.31.36.0-255,66,15874,20,52115
3633,0.000493,74.125.24.0-255,2902,18776,20,52115
3634,0.000497,172.31.36.0-255,66,18842,20,52115
3635,0.00052,172.31.36.0-255,66,18908,20,52115
3636,0.000592,172.31.36.0-255,66,18974,20,52115
3637,0.000661,74.125.24.0-255,1484,20458,20,52115
3638,0.000665,172.31.36.0-255,66,20524,20,52115
3639,0.000691,172.31.36.0-255,66,20590,20,52115
3640,0.001673,74.125.24.0-255,1484,22074,20,52115
3641,0.001679,172.31.36.0-255,66,22140,20,52115
3642,0.00169,74.125.24.0-255,2902,25042,20,52115
3643,0.001692,172.31.36.0-255,66,25108,20,52115
3644,0.001695,74.125.24.0-255,1484,26592,20,52115
3645,0.001725,172.31.36.0-255,66,26658,20,52115
3646,0.001779,172.31.36.0-255,66,26724,20,52115
3647,0.001824,74.125.24.0-255,1125,27849,20,52115
3648,0.001888,74.125.24.0-255,646,28495,20,52115
3649,0.001892,172.31.36.0-255,66,28561,20,52115
3650,0.002093,74.125.24.0-255,1484,30045,20,52115
3651,0.002109,74.125.24.0-255,2902,32947,20,52115
3652,0.002113,172.31.36.0-255,66,33013,20,52115
3653,0.002135,172.31.36.0-255,66,33079,20,52115
3654,0.002209,172.31.36.0-255,66,33145,20,52115
3655,0.002225,74.125.24.0-255,1484,34629,20,52115
3656,0.002363,172.31.36.0-255,66,34695,20,52115
3657,0.002366,74.125.24.0-255,1484,36179,20,52115
3658,0.002434,74.125.24.0-255,3602,39781,20,52115
3659,0.002439,172.31.36.0-255,66,39847,20,52115
3660,0.002567,74.125.24.0-255,1484,41331,20,52115
3661,0.002575,74.125.24.0-255,2902,44233,20,52115
3662,0.002578,172.31.36.0-255,66,44299,20,52115
3663,0.002603,172.31.36.0-255,66,44365,20,52115
3664,0.002666,74.125.24.0-255,1484,45849,20,52115
3665,0.005201,74.125.24.0-255,2902,48751,20,52115
3666,0.005206,172.31.36.0-255,66,48817,20,52115
3667,0.005225,74.125.24.0-255,1484,50301,20,52115
3668,0.007791,172.31.36.0-255,66,50367,20,52115
3669,0.010386,172.31.36.0-255,66,50433,20,52115
3670,0.010409,74.125.24.0-255,1484,51917,20,52115
3671,0.012995,172.31.36.0-255,66,51983,20,52115
3672,0.015612,172.31.36.0-255,66,52049,20,52115
3673,0.018186,172.31.36.0-255,66,52115,20,52115
3674,0.0,172.217.194.0-255,148,148,20,49001
3675,2.5e-05,172.31.36.0-255,66,214,20,49001
3676,3.3e-05,172.217.194.0-255,1484,1698,20,49001
3677,3.8e-05,172.31.36.0-255,66,1764,20,49001
3678,5.2e-05,172.217.194.0-255,2902,4666,20,49001
3679,5.6e-05,172.31.36.0-255,66,4732,20,49001
3680,6.5e-05,172.31.36.0-255,66,4798,20,49001
3681,7.5e-05,172.31.36.0-255,66,4864,20,49001
3682,8.5e-05,172.31.36.0-255,66,4930,20,49001
3683,0.000115,172.31.36.0-255,66,4996,20,49001
3684,0.00013,172.31.36.0-255,66,5062,20,49001
3685,0.000205,172.217.194.0-255,1484,6546,20,49001
3686,0.000208,172.31.36.0-255,66,6612,20,49001
3687,0.000214,172.217.194.0-255,2902,9514,20,49001
3688,0.000216,172.31.36.0-255,66,9580,20,49001
3689,0.000261,172.31.36.0-255,66,9646,20,49001
3690,0.000276,172.31.36.0-255,66,9712,20,49001
3691,0.000289,172.31.36.0-255,66,9778,20,49001
3692,0.000333,172.31.36.0-255,66,9844,20,49001
3693,0.000437,172.217.194.0-255,378,10222,20,49001
3694,0.000442,172.31.36.0-255,66,10288,20,49001
3695,0.000475,172.217.194.0-255,366,10654,20,49001
3696,0.000478,172.31.36.0-255,66,10720,20,49001
3697,0.000956,172.217.194.0-255,1484,12204,20,49001
3698,0.000961,172.217.194.0-255,2902,15106,20,49001
3699,0.000974,172.31.36.0-255,66,15172,20,49001
3700,0.000986,172.31.36.0-255,66,15238,20,49001
3701,0.001002,172.31.36.0-255,66,15304,20,49001
3702,0.001051,172.31.36.0-255,66,15370,20,49001
3703,0.001069,172.31.36.0-255,66,15436,20,49001
3704,0.001178,172.217.194.0-255,1484,16920,20,49001
3705,0.001182,172.217.194.0-255,1484,18404,20,49001
3706,0.001185,172.31.36.0-255,66,18470,20,49001
3707,0.00121,172.217.194.0-255,1484,19954,20,49001
3708,0.00122,172.31.36.0-255,66,20020,20,49001
3709,0.001229,172.31.36.0-255,66,20086,20,49001
3710,0.001248,172.31.36.0-255,66,20152,20,49001
3711,0.001287,172.31.36.0-255,66,20218,20,49001
3712,0.001321,172.217.194.0-255,1484,21702,20,49001
3713,0.001324,172.217.194.0-255,1484,23186,20,49001
3714,0.00133,172.31.36.0-255,66,23252,20,49001
3715,0.001356,172.217.194.0-255,1484,24736,20,49001
3716,0.001366,172.31.36.0-255,66,24802,20,49001
3717,0.001376,172.31.36.0-255,66,24868,20,49001
3718,0.001416,172.31.36.0-255,66,24934,20,49001
3719,0.00142,172.217.194.0-255,2184,27118,20,49001
3720,0.001421,172.31.36.0-255,66,27184,20,49001
3721,0.001485,172.217.194.0-255,1484,28668,20,49001
3722,0.00149,172.217.194.0-255,2902,31570,20,49001
3723,0.001497,172.31.36.0-255,66,31636,20,49001
3724,0.001531,172.31.36.0-255,66,31702,20,49001
3725,0.001541,172.31.36.0-255,66,31768,20,49001
3726,0.001553,172.31.36.0-255,66,31834,20,49001
3727,0.001592,172.31.36.0-255,66,31900,20,49001
3728,0.001597,172.217.194.0-255,2184,34084,20,49001
3729,0.001599,172.31.36.0-255,66,34150,20,49001
3730,0.001638,172.31.36.0-255,66,34216,20,49001
3731,0.00167,172.31.36.0-255,66,34282,20,49001
3732,0.001678,172.31.36.0-255,66,34348,20,49001
3733,0.001712,172.31.36.0-255,66,34414,20,49001
3734,0.001721,172.31.36.0-255,66,34480,20,49001
3735,0.001777,172.31.36.0-255,66,34546,20,49001
3736,0.002029,172.217.194.0-255,1484,36030,20,49001
3737,0.002036,172.217.194.0-255,2902,38932,20,49001
3738,0.002039,172.31.36.0-255,66,38998,20,49001
3739,0.002048,172.31.36.0-255,66,39064,20,49001
3740,0.002081,172.217.194.0-255,1484,40548,20,49001
3741,0.002096,172.31.36.0-255,66,40614,20,49001
3742,0.002119,172.31.36.0-255,66,40680,20,49001
3743,0.002339,172.217.194.0-255,1484,42164,20,49001
3744,0.002344,172.217.194.0-255,2902,45066,20,49001
3745,0.002347,172.31.36.0-255,66,45132,20,49001
3746,0.002379,172.31.36.0-255,66,45198,20,49001
3747,0.00239,172.31.36.0-255,66,45264,20,49001
3748,0.002423,172.31.36.0-255,66,45330,20,49001
3749,0.002434,172.31.36.0-255,66,45396,20,49001
3750,0.002443,172.217.194.0-255,2902,48298,20,49001
3751,0.002446,172.31.36.0-255,66,48364,20,49001
3752,0.002493,172.31.36.0-255,66,48430,20,49001
3753,0.002515,172.31.36.0-255,66,48496,20,49001
3754,0.002529,172.31.36.0-255,66,48562,20,49001
3755,0.002532,172.217.194.0-255,97,48659,20,49001
3756,0.002535,172.217.194.0-255,105,48764,20,49001
3757,0.004514,172.31.36.0-255,66,48830,20,49001
3758,0.004552,172.31.36.0-255,105,48935,20,49001
3759,0.007126,172.217.194.0-255,66,49001,20,49001
3760,0.0,74.125.24.0-255,153,153,20,36374
3761,2e-05,172.31.36.0-255,66,219,20,36374
3762,2.8e-05,74.125.24.0-255,1484,1703,20,36374
3763,3.2e-05,172.31.36.0-255,66,1769,20,36374
3764,3.9e-05,74.125.24.0-255,2902,4671,20,36374
3765,4.3e-05,172.31.36.0-255,66,4737,20,36374
3766,5.3e-05,172.31.36.0-255,66,4803,20,36374
3767,9.2e-05,172.31.36.0-255,66,4869,20,36374
3768,9.6e-05,74.125.24.0-255,1484,6353,20,36374
3769,9.8e-05,172.31.36.0-255,66,6419,20,36374
3770,0.000101,74.125.24.0-255,1125,7544,20,36374
3771,0.000103,172.31.36.0-255,66,7610,20,36374
3772,0.000182,74.125.24.0-255,1484,9094,20,36374
3773,0.000185,172.31.36.0-255,66,9160,20,36374
3774,0.000191,74.125.24.0-255,2902,12062,20,36374
3775,0.000193,172.31.36.0-255,66,12128,20,36374
3776,0.000202,172.31.36.0-255,66,12194,20,36374
3777,0.00022,172.31.36.0-255,66,12260,20,36374
3778,0.000251,172.31.36.0-255,66,12326,20,36374
3779,0.000261,172.31.36.0-255,66,12392,20,36374
3780,0.000289,74.125.24.0-255,1125,13517,20,36374
3781,0.000291,172.31.36.0-255,66,13583,20,36374
3782,0.001041,74.125.24.0-255,647,14230,20,36374
3783,0.001047,172.31.36.0-255,66,14296,20,36374
3784,0.001412,74.125.24.0-255,1484,15780,20,36374
3785,0.001419,172.31.36.0-255,66,15846,20,36374
3786,0.001426,74.125.24.0-255,2902,18748,20,36374
3787,0.001428,172.31.36.0-255,66,18814,20,36374
3788,0.001432,74.125.24.0-255,1484,20298,20,36374
3789,0.001453,172.31.36.0-255,66,20364,20,36374
3790,0.001464,172.31.36.0-255,66,20430,20,36374
3791,0.001521,172.31.36.0-255,66,20496,20,36374
3792,0.001526,74.125.24.0-255,2184,22680,20,36374
3793,0.001528,172.31.36.0-255,66,22746,20,36374
3794,0.002002,74.125.24.0-255,1484,24230,20,36374
3795,0.002011,74.125.24.0-255,2902,27132,20,36374
3796,0.002015,172.31.36.0-255,66,27198,20,36374
3797,0.002025,172.31.36.0-255,66,27264,20,36374
3798,0.002066,172.31.36.0-255,66,27330,20,36374
3799,0.002078,172.31.36.0-255,66,27396,20,36374
3800,0.002099,74.125.24.0-255,2184,29580,20,36374
3801,0.002102,172.31.36.0-255,66,29646,20,36374
3802,0.002179,74.125.24.0-255,1484,31130,20,36374
3803,0.002183,74.125.24.0-255,1484,32614,20,36374
3804,0.002185,172.31.36.0-255,66,32680,20,36374
3805,0.002202,74.125.24.0-255,1484,34164,20,36374
3806,0.002212,172.31.36.0-255,66,34230,20,36374
3807,0.002222,172.31.36.0-255,66,34296,20,36374
3808,0.002244,172.31.36.0-255,66,34362,20,36374
3809,0.002257,172.31.36.0-255,66,34428,20,36374
3810,0.004624,172.31.36.0-255,66,34494,20,36374
3811,0.004641,74.125.24.0-255,1484,35978,20,36374
3812,0.006931,172.31.36.0-255,66,36044,20,36374
3813,0.009251,172.31.36.0-255,66,36110,20,36374
3814,0.011592,172.31.36.0-255,66,36176,20,36374
3815,0.013932,172.31.36.0-255,66,36242,20,36374
3816,0.01628,172.31.36.0-255,66,36308,20,36374
3817,0.018624,172.31.36.0-255,66,36374,20,36374
3818,0.0,74.125.24.0-255,146,146,20,30540
3819,2.7e-05,172.31.36.0-255,66,212,20,30540
3820,3.5e-05,74.125.24.0-255,1484,1696,20,30540
3821,4e-05,172.31.36.0-255,66,1762,20,30540
3822,4.5e-05,74.125.24.0-255,2902,4664,20,30540
3823,4.8e-05,172.31.36.0-255,66,4730,20,30540
3824,5.8e-05,172.31.36.0-255,66,4796,20,30540
3825,8e-05,74.125.24.0-255,1976,6772,20,30540
3826,8.3e-05,172.31.36.0-255,66,6838,20,30540
3827,0.000352,74.125.24.0-255,1484,8322,20,30540
3828,0.000357,172.31.36.0-255,66,8388,20,30540
3829,0.000364,74.125.24.0-255,2902,11290,20,30540
3830,0.000367,172.31.36.0-255,66,11356,20,30540
3831,0.000376,172.31.36.0-255,66,11422,20,30540
3832,0.000397,74.125.24.0-255,1484,12906,20,30540
3833,0.000402,172.31.36.0-255,66,12972,20,30540
3834,0.000423,172.31.36.0-255,66,13038,20,30540
3835,0.000477,74.125.24.0-255,1484,14522,20,30540
3836,0.000481,172.31.36.0-255,66,14588,20,30540
3837,0.000494,74.125.24.0-255,1484,16072,20,30540
3838,0.000497,172.31.36.0-255,66,16138,20,30540
3839,0.000515,74.125.24.0-255,1484,17622,20,30540
3840,0.000518,172.31.36.0-255,66,17688,20,30540
3841,0.000527,172.31.36.0-255,66,17754,20,30540
3842,0.000537,172.31.36.0-255,66,17820,20,30540
3843,0.000562,172.31.36.0-255,66,17886,20,30540
3844,0.000568,74.125.24.0-255,3961,21847,20,30540
3845,0.00057,172.31.36.0-255,66,21913,20,30540
3846,0.001763,74.125.24.0-255,415,22328,20,30540
3847,0.001803,74.125.24.0-255,1484,23812,20,30540
3848,0.001814,172.31.36.0-255,66,23878,20,30540
3849,0.001825,172.31.36.0-255,66,23944,20,30540
3850,0.001851,172.31.36.0-255,66,24010,20,30540
3851,0.001854,74.125.24.0-255,1484,25494,20,30540
3852,0.001877,172.31.36.0-255,66,25560,20,30540
3853,0.001902,74.125.24.0-255,1484,27044,20,30540
3854,0.001914,172.31.36.0-255,66,27110,20,30540
3855,0.004252,172.31.36.0-255,66,27176,20,30540
3856,0.004271,74.125.24.0-255,1484,28660,20,30540
3857,0.006577,172.31.36.0-255,66,28726,20,30540
3858,0.008906,172.31.36.0-255,66,28792,20,30540
3859,0.011219,172.31.36.0-255,66,28858,20,30540
3860,0.013534,172.31.36.0-255,66,28924,20,30540
3861,0.013558,74.125.24.0-255,1484,30408,20,30540
3862,0.015879,172.31.36.0-255,66,30474,20,30540
3863,0.018214,172.31.36.0-255,66,30540,20,30540
3864,0.0,74.125.24.0-255,153,153,20,69781
3865,3.6e-05,172.31.36.0-255,66,219,20,69781
3866,4.4e-05,74.125.24.0-255,1484,1703,20,69781
3867,4.8e-05,172.31.36.0-255,66,1769,20,69781
3868,6e-05,74.125.24.0-255,2902,4671,20,69781
3869,6.3e-05,172.31.36.0-255,66,4737,20,69781
3870,7.4e-05,172.31.36.0-255,66,4803,20,69781
3871,7.8e-05,74.125.24.0-255,2046,6849,20,69781
3872,8e-05,172.31.36.0-255,66,6915,20,69781
3873,0.000118,74.125.24.0-255,1484,8399,20,69781
3874,0.000121,172.31.36.0-255,66,8465,20,69781
3875,0.000126,74.125.24.0-255,2902,11367,20,69781
3876,0.000129,172.31.36.0-255,66,11433,20,69781
3877,0.000137,172.31.36.0-255,66,11499,20,69781
3878,0.000164,74.125.24.0-255,1484,12983,20,69781
3879,0.000167,172.31.36.0-255,66,13049,20,69781
3880,0.000204,172.31.36.0-255,66,13115,20,69781
3881,0.00021,74.125.24.0-255,2902,16017,20,69781
3882,0.000212,172.31.36.0-255,66,16083,20,69781
3883,0.000244,172.31.36.0-255,66,16149,20,69781
3884,0.000268,172.31.36.0-255,66,16215,20,69781
3885,0.000297,74.125.24.0-255,2543,18758,20,69781
3886,0.0003,172.31.36.0-255,66,18824,20,69781
3887,0.000787,74.125.24.0-255,1484,20308,20,69781
3888,0.000791,172.31.36.0-255,66,20374,20,69781
3889,0.000799,74.125.24.0-255,2902,23276,20,69781
3890,0.000802,172.31.36.0-255,66,23342,20,69781
3891,0.000805,74.125.24.0-255,1484,24826,20,69781
3892,0.00084,172.31.36.0-255,66,24892,20,69781
3893,0.000849,172.31.36.0-255,66,24958,20,69781
3894,0.000889,74.125.24.0-255,1484,26442,20,69781
3895,0.000903,74.125.24.0-255,2902,29344,20,69781
3896,0.000906,172.31.36.0-255,66,29410,20,69781
3897,0.000911,74.125.24.0-255,1484,30894,20,69781
3898,0.000938,172.31.36.0-255,66,30960,20,69781
3899,0.000945,172.31.36.0-255,66,31026,20,69781
3900,0.000986,74.125.24.0-255,3123,34149,20,69781
3901,0.000989,172.31.36.0-255,66,34215,20,69781
3902,0.001062,74.125.24.0-255,1484,35699,20,69781
3903,0.001068,74.125.24.0-255,2902,38601,20,69781
3904,0.001071,172.31.36.0-255,66,38667,20,69781
3905,0.001103,172.31.36.0-255,66,38733,20,69781
3906,0.001144,74.125.24.0-255,2902,41635,20,69781
3907,0.001148,172.31.36.0-255,66,41701,20,69781
3908,0.001203,172.31.36.0-255,66,41767,20,69781
3909,0.001214,172.31.36.0-255,66,41833,20,69781
3910,0.00125,172.31.36.0-255,66,41899,20,69781
3911,0.001522,74.125.24.0-255,1484,43383,20,69781
3912,0.001536,74.125.24.0-255,2902,46285,20,69781
3913,0.001538,172.31.36.0-255,66,46351,20,69781
3914,0.001571,172.31.36.0-255,66,46417,20,69781
3915,0.001574,74.125.24.0-255,1484,47901,20,69781
3916,0.001609,172.31.36.0-255,66,47967,20,69781
3917,0.001613,74.125.24.0-255,2902,50869,20,69781
3918,0.001615,172.31.36.0-255,66,50935,20,69781
3919,0.001655,172.31.36.0-255,66,51001,20,69781
3920,0.001951,74.125.24.0-255,1484,52485,20,69781
3921,0.001955,74.125.24.0-255,1484,53969,20,69781
3922,0.001957,172.31.36.0-255,66,54035,20,69781
3923,0.001992,74.125.24.0-255,1484,55519,20,69781
3924,0.002002,172.31.36.0-255,66,55585,20,69781
3925,0.002015,172.31.36.0-255,66,55651,20,69781
3926,0.002028,172.31.36.0-255,66,55717,20,69781
3927,0.002056,74.125.24.0-255,3602,59319,20,69781
3928,0.002058,172.31.36.0-255,66,59385,20,69781
3929,0.002163,74.125.24.0-255,1484,60869,20,69781
3930,0.002174,74.125.24.0-255,2902,63771,20,69781
3931,0.002177,172.31.36.0-255,66,63837,20,69781
3932,0.002202,74.125.24.0-255,2902,66739,20,69781
3933,0.002205,172.31.36.0-255,66,66805,20,69781
3934,0.00223,74.125.24.0-255,1484,68289,20,69781
3935,0.002238,172.31.36.0-255,66,68355,20,69781
3936,0.002245,172.31.36.0-255,66,68421,20,69781
3937,0.002282,172.31.36.0-255,66,68487,20,69781
3938,0.002291,172.31.36.0-255,66,68553,20,69781
3939,0.002298,74.125.24.0-255,766,69319,20,69781
3940,0.004506,172.31.36.0-255,66,69385,20,69781
3941,0.006789,172.31.36.0-255,66,69451,20,69781
3942,0.009053,172.31.36.0-255,66,69517,20,69781
3943,0.011297,172.31.36.0-255,66,69583,20,69781
3944,0.013542,172.31.36.0-255,66,69649,20,69781
3945,0.015786,172.31.36.0-255,66,69715,20,69781
3946,0.018049,172.31.36.0-255,66,69781,20,69781
3947,0.0,172.217.194.0-255,143,143,20,46573
3948,1.7e-05,172.31.36.0-255,66,209,20,46573
3949,2.4e-05,172.217.194.0-255,1484,1693,20,46573
3950,2.9e-05,172.31.36.0-255,66,1759,20,46573
3951,3.5e-05,172.217.194.0-255,2902,4661,20,46573
3952,3.8e-05,172.31.36.0-255,66,4727,20,46573
3953,4.1e-05,172.217.194.0-255,1484,6211,20,46573
3954,4.4e-05,172.31.36.0-255,66,6277,20,46573
3955,5.5e-05,172.31.36.0-255,66,6343,20,46573
3956,8.8e-05,172.31.36.0-255,66,6409,20,46573
3957,0.000118,172.31.36.0-255,66,6475,20,46573
3958,0.000339,172.217.194.0-255,1484,7959,20,46573
3959,0.000344,172.31.36.0-255,66,8025,20,46573
3960,0.00035,172.217.194.0-255,2902,10927,20,46573
3961,0.000353,172.31.36.0-255,66,10993,20,46573
3962,0.000382,172.31.36.0-255,66,11059,20,46573
3963,0.00039,172.31.36.0-255,66,11125,20,46573
3964,0.000431,172.31.36.0-255,66,11191,20,46573
3965,0.000459,172.31.36.0-255,66,11257,20,46573
3966,0.000468,172.31.36.0-255,66,11323,20,46573
3967,0.000472,172.217.194.0-255,1125,12448,20,46573
3968,0.000474,172.31.36.0-255,66,12514,20,46573
3969,0.000506,172.217.194.0-255,378,12892,20,46573
3970,0.000509,172.31.36.0-255,66,12958,20,46573
3971,0.000654,172.217.194.0-255,365,13323,20,46573
3972,0.000936,172.217.194.0-255,1484,14807,20,46573
3973,0.000941,172.31.36.0-255,66,14873,20,46573
3974,0.000947,172.217.194.0-255,2902,17775,20,46573
3975,0.00095,172.31.36.0-255,66,17841,20,46573
3976,0.000953,172.217.194.0-255,1484,19325,20,46573
3977,0.000974,172.31.36.0-255,66,19391,20,46573
3978,0.000982,172.31.36.0-255,66,19457,20,46573
3979,0.00101,172.31.36.0-255,66,19523,20,46573
3980,0.001018,172.31.36.0-255,66,19589,20,46573
3981,0.00105,172.31.36.0-255,66,19655,20,46573
3982,0.001397,172.217.194.0-255,1484,21139,20,46573
3983,0.001414,172.217.194.0-255,2902,24041,20,46573
3984,0.001418,172.31.36.0-255,66,24107,20,46573
3985,0.001435,172.217.194.0-255,2902,27009,20,46573
3986,0.001437,172.31.36.0-255,66,27075,20,46573
3987,0.001451,172.217.194.0-255,2902,29977,20,46573
3988,0.001453,172.31.36.0-255,66,30043,20,46573
3989,0.001458,172.217.194.0-255,2902,32945,20,46573
3990,0.00146,172.31.36.0-255,66,33011,20,46573
3991,0.001485,172.31.36.0-255,66,33077,20,46573
3992,0.001504,172.31.36.0-255,66,33143,20,46573
3993,0.001539,172.31.36.0-255,66,33209,20,46573
3994,0.001542,172.217.194.0-255,1484,34693,20,46573
3995,0.001559,172.217.194.0-255,766,35459,20,46573
3996,0.001562,172.31.36.0-255,66,35525,20,46573
3997,0.002411,172.217.194.0-255,1484,37009,20,46573
3998,0.002423,172.217.194.0-255,2902,39911,20,46573
3999,0.002428,172.31.36.0-255,66,39977,20,46573
4000,0.002438,172.31.36.0-255,66,40043,20,46573
4001,0.002442,172.217.194.0-255,1484,41527,20,46573
4002,0.002501,172.31.36.0-255,66,41593,20,46573
4003,0.002521,172.217.194.0-255,1484,43077,20,46573
4004,0.002524,172.217.194.0-255,1484,44561,20,46573
4005,0.002526,172.31.36.0-255,66,44627,20,46573
4006,0.002538,172.31.36.0-255,66,44693,20,46573
4007,0.005127,172.31.36.0-255,66,44759,20,46573
4008,0.005145,172.217.194.0-255,1484,46243,20,46573
4009,0.007692,172.31.36.0-255,66,46309,20,46573
4010,0.010283,172.31.36.0-255,66,46375,20,46573
4011,0.012882,172.31.36.0-255,66,46441,20,46573
4012,0.015451,172.31.36.0-255,66,46507,20,46573
4013,0.018065,172.31.36.0-255,66,46573,20,46573
4014,0.0,74.125.24.0-255,152,152,20,84524
4015,2.3e-05,172.31.36.0-255,66,218,20,84524
4016,3.1e-05,74.125.24.0-255,1484,1702,20,84524
4017,3.5e-05,172.31.36.0-255,66,1768,20,84524
4018,4.1e-05,74.125.24.0-255,2902,4670,20,84524
4019,4.4e-05,172.31.36.0-255,66,4736,20,84524
4020,5.5e-05,172.31.36.0-255,66,4802,20,84524
4021,6.9e-05,172.31.36.0-255,66,4868,20,84524
4022,9.7e-05,74.125.24.0-255,1484,6352,20,84524
4023,0.000101,172.31.36.0-255,66,6418,20,84524
4024,0.000129,172.31.36.0-255,66,6484,20,84524
4025,0.000166,74.125.24.0-255,1484,7968,20,84524
4026,0.000169,172.31.36.0-255,66,8034,20,84524
4027,0.000174,74.125.24.0-255,2902,10936,20,84524
4028,0.000176,172.31.36.0-255,66,11002,20,84524
4029,0.000197,172.31.36.0-255,66,11068,20,84524
4030,0.000207,172.31.36.0-255,66,11134,20,84524
4031,0.000237,74.125.24.0-255,2543,13677,20,84524
4032,0.00024,172.31.36.0-255,66,13743,20,84524
4033,0.000255,172.31.36.0-255,66,13809,20,84524
4034,0.000277,74.125.24.0-255,2856,16665,20,84524
4035,0.000279,172.31.36.0-255,66,16731,20,84524
4036,0.000302,74.125.24.0-255,343,17074,20,84524
4037,0.000304,172.31.36.0-255,66,17140,20,84524
4038,0.000437,74.125.24.0-255,1484,18624,20,84524
4039,0.000441,172.31.36.0-255,66,18690,20,84524
4040,0.000446,74.125.24.0-255,2902,21592,20,84524
4041,0.000449,172.31.36.0-255,66,21658,20,84524
4042,0.000473,172.31.36.0-255,66,21724,20,84524
4043,0.000511,172.31.36.0-255,66,21790,20,84524
4044,0.000523,172.31.36.0-255,66,21856,20,84524
4045,0.000984,74.125.24.0-255,1484,23340,20,84524
4046,0.000992,74.125.24.0-255,2902,26242,20,84524
4047,0.000995,172.31.36.0-255,66,26308,20,84524
4048,0.001004,172.31.36.0-255,66,26374,20,84524
4049,0.00104,74.125.24.0-255,1484,27858,20,84524
4050,0.001051,172.31.36.0-255,66,27924,20,84524
4051,0.001055,74.125.24.0-255,2902,30826,20,84524
4052,0.001057,172.31.36.0-255,66,30892,20,84524
4053,0.001085,74.125.24.0-255,2184,33076,20,84524
4054,0.001089,172.31.36.0-255,66,33142,20,84524
4055,0.001097,172.31.36.0-255,66,33208,20,84524
4056,0.001132,74.125.24.0-255,1484,34692,20,84524
4057,0.001138,74.125.24.0-255,2902,37594,20,84524
4058,0.001141,172.31.36.0-255,66,37660,20,84524
4059,0.001188,172.31.36.0-255,66,37726,20,84524
4060,0.001207,74.125.24.0-255,1484,39210,20,84524
4061,0.001228,172.31.36.0-255,66,39276,20,84524
4062,0.00124,172.31.36.0-255,66,39342,20,84524
4063,0.001258,74.125.24.0-255,2902,42244,20,84524
4064,0.00126,172.31.36.0-255,66,42310,20,84524
4065,0.001271,172.31.36.0-255,66,42376,20,84524
4066,0.001333,74.125.24.0-255,1484,43860,20,84524
4067,0.001358,74.125.24.0-255,2902,46762,20,84524
4068,0.001361,74.125.24.0-255,1484,48246,20,84524
4069,0.001365,172.31.36.0-255,66,48312,20,84524
4070,0.001382,172.31.36.0-255,66,48378,20,84524
4071,0.001419,74.125.24.0-255,1484,49862,20,84524
4072,0.001443,172.31.36.0-255,66,49928,20,84524
4073,0.001457,172.31.36.0-255,66,49994,20,84524
4074,0.001462,74.125.24.0-255,2184,52178,20,84524
4075,0.001464,172.31.36.0-255,66,52244,20,84524
4076,0.001575,74.125.24.0-255,1484,53728,20,84524
4077,0.00158,74.125.24.0-255,2902,56630,20,84524
4078,0.001583,172.31.36.0-255,66,56696,20,84524
4079,0.001587,74.125.24.0-255,2902,59598,20,84524
4080,0.001589,172.31.36.0-255,66,59664,20,84524
4081,0.001607,74.125.24.0-255,2902,62566,20,84524
4082,0.001609,172.31.36.0-255,66,62632,20,84524
4083,0.001656,172.31.36.0-255,66,62698,20,84524
4084,0.001665,172.31.36.0-255,66,62764,20,84524
4085,0.001669,74.125.24.0-255,2184,64948,20,84524
4086,0.001671,172.31.36.0-255,66,65014,20,84524
4087,0.001844,74.125.24.0-255,1484,66498,20,84524
4088,0.001848,74.125.24.0-255,1484,67982,20,84524
4089,0.001851,172.31.36.0-255,66,68048,20,84524
4090,0.001872,74.125.24.0-255,1484,69532,20,84524
4091,0.001881,172.31.36.0-255,66,69598,20,84524
4092,0.001894,172.31.36.0-255,66,69664,20,84524
4093,0.001902,172.31.36.0-255,66,69730,20,84524
4094,0.001928,172.31.36.0-255,66,69796,20,84524
4095,0.001935,172.31.36.0-255,66,69862,20,84524
4096,0.001955,172.31.36.0-255,66,69928,20,84524
4097,0.001969,172.31.36.0-255,66,69994,20,84524
4098,0.001994,172.31.36.0-255,66,70060,20,84524
4099,0.00202,74.125.24.0-255,3602,73662,20,84524
4100,0.002035,172.31.36.0-255,66,73728,20,84524
4101,0.002051,172.31.36.0-255,66,73794,20,84524
4102,0.002076,74.125.24.0-255,2902,76696,20,84524
4103,0.002082,172.31.36.0-255,66,76762,20,84524
4104,0.0021,74.125.24.0-255,2902,79664,20,84524
4105,0.002111,74.125.24.0-255,1484,81148,20,84524
4106,0.002123,74.125.24.0-255,2902,84050,20,84524
4107,0.002133,172.31.36.0-255,66,84116,20,84524
4108,0.002161,172.31.36.0-255,66,84182,20,84524
4109,0.002209,74.125.24.0-255,105,84287,20,84524
4110,0.002247,172.31.36.0-255,66,84353,20,84524
4111,0.003817,172.31.36.0-255,105,84458,20,84524
4112,0.006171,74.125.24.0-255,66,84524,20,84524
4113,0.0,172.253.118.0-255,146,146,20,52414
4114,2.2e-05,172.31.36.0-255,66,212,20,52414
4115,3.1e-05,172.253.118.0-255,1484,1696,20,52414
4116,3.5e-05,172.31.36.0-255,66,1762,20,52414
4117,4.1e-05,172.253.118.0-255,2902,4664,20,52414
4118,5.2e-05,172.31.36.0-255,66,4730,20,52414
4119,5.7e-05,172.253.118.0-255,2902,7632,20,52414
4120,6.1e-05,172.31.36.0-255,66,7698,20,52414
4121,7.3e-05,172.31.36.0-255,66,7764,20,52414
4122,0.000105,172.31.36.0-255,66,7830,20,52414
4123,0.000144,172.31.36.0-255,66,7896,20,52414
4124,0.000182,172.253.118.0-255,1484,9380,20,52414
4125,0.000184,172.31.36.0-255,66,9446,20,52414
4126,0.000212,172.253.118.0-255,2902,12348,20,52414
4127,0.000214,172.31.36.0-255,66,12414,20,52414
4128,0.000223,172.31.36.0-255,66,12480,20,52414
4129,0.000261,172.31.36.0-255,66,12546,20,52414
4130,0.000287,172.253.118.0-255,1125,13671,20,52414
4131,0.0003,172.31.36.0-255,66,13737,20,52414
4132,0.00047,172.253.118.0-255,1484,15221,20,52414
4133,0.000477,172.31.36.0-255,66,15287,20,52414
4134,0.000481,172.253.118.0-255,1484,16771,20,52414
4135,0.000484,172.31.36.0-255,66,16837,20,52414
4136,0.000508,172.253.118.0-255,1484,18321,20,52414
4137,0.000511,172.31.36.0-255,66,18387,20,52414
4138,0.00052,172.31.36.0-255,66,18453,20,52414
4139,0.000602,172.31.36.0-255,66,18519,20,52414
4140,0.00063,172.253.118.0-255,1704,20223,20,52414
4141,0.000632,172.31.36.0-255,66,20289,20,52414
4142,0.000678,172.253.118.0-255,1484,21773,20,52414
4143,0.000693,172.253.118.0-255,2902,24675,20,52414
4144,0.000696,172.31.36.0-255,66,24741,20,52414
4145,0.000702,172.253.118.0-255,2902,27643,20,52414
4146,0.000704,172.31.36.0-255,66,27709,20,52414
4147,0.000725,172.253.118.0-255,2902,30611,20,52414
4148,0.000732,172.31.36.0-255,66,30677,20,52414
4149,0.000736,172.253.118.0-255,1484,32161,20,52414
4150,0.000769,172.31.36.0-255,66,32227,20,52414
4151,0.000784,172.31.36.0-255,66,32293,20,52414
4152,0.000812,172.253.118.0-255,2543,34836,20,52414
4153,0.000815,172.31.36.0-255,66,34902,20,52414
4154,0.001097,172.253.118.0-255,1484,36386,20,52414
4155,0.001104,172.253.118.0-255,2902,39288,20,52414
4156,0.001107,172.31.36.0-255,66,39354,20,52414
4157,0.00114,172.31.36.0-255,66,39420,20,52414
4158,0.001164,172.253.118.0-255,1484,40904,20,52414
4159,0.001167,172.253.118.0-255,1484,42388,20,52414
4160,0.001169,172.31.36.0-255,66,42454,20,52414
4161,0.001179,172.31.36.0-255,66,42520,20,52414
4162,0.001204,172.253.118.0-255,2902,45422,20,52414
4163,0.001207,172.31.36.0-255,66,45488,20,52414
4164,0.001217,172.31.36.0-255,66,45554,20,52414
4165,0.001252,172.31.36.0-255,66,45620,20,52414
4166,0.001298,172.253.118.0-255,1484,47104,20,52414
4167,0.001314,172.253.118.0-255,1484,48588,20,52414
4168,0.001318,172.31.36.0-255,66,48654,20,52414
4169,0.001344,172.253.118.0-255,1484,50138,20,52414
4170,0.001355,172.31.36.0-255,66,50204,20,52414
4171,0.001366,172.31.36.0-255,66,50270,20,52414
4172,0.001381,172.31.36.0-255,66,50336,20,52414
4173,0.001409,172.31.36.0-255,66,50402,20,52414
4174,0.001418,172.31.36.0-255,66,50468,20,52414
4175,0.003771,172.31.36.0-255,66,50534,20,52414
4176,0.006127,172.31.36.0-255,66,50600,20,52414
4177,0.008473,172.31.36.0-255,66,50666,20,52414
4178,0.0085,172.253.118.0-255,1484,52150,20,52414
4179,0.010814,172.31.36.0-255,66,52216,20,52414
4180,0.01316,172.31.36.0-255,66,52282,20,52414
4181,0.015525,172.31.36.0-255,66,52348,20,52414
4182,0.017869,172.31.36.0-255,66,52414,20,52414
4183,0.0,74.125.24.0-255,146,146,20,66367
4184,2.4e-05,172.31.36.0-255,66,212,20,66367
4185,3.2e-05,74.125.24.0-255,1484,1696,20,66367
4186,3.7e-05,172.31.36.0-255,66,1762,20,66367
4187,5.2e-05,74.125.24.0-255,2902,4664,20,66367
4188,5.5e-05,172.31.36.0-255,66,4730,20,66367
4189,6.1e-05,74.125.24.0-255,2902,7632,20,66367
4190,6.4e-05,172.31.36.0-255,66,7698,20,66367
4191,7.2e-05,172.31.36.0-255,66,7764,20,66367
4192,7.6e-05,74.125.24.0-255,2068,9832,20,66367
4193,7.9e-05,172.31.36.0-255,66,9898,20,66367
4194,0.000209,74.125.24.0-255,1484,11382,20,66367
4195,0.000213,172.31.36.0-255,66,11448,20,66367
4196,0.000242,74.125.24.0-255,2902,14350,20,66367
4197,0.000246,172.31.36.0-255,66,14416,20,66367
4198,0.000254,172.31.36.0-255,66,14482,20,66367
4199,0.000288,172.31.36.0-255,66,14548,20,66367
4200,0.000318,74.125.24.0-255,1125,15673,20,66367
4201,0.000321,172.31.36.0-255,66,15739,20,66367
4202,0.000334,172.31.36.0-255,66,15805,20,66367
4203,0.000338,74.125.24.0-255,2902,18707,20,66367
4204,0.000341,172.31.36.0-255,66,18773,20,66367
4205,0.000382,172.31.36.0-255,66,18839,20,66367
4206,0.000412,172.31.36.0-255,66,18905,20,66367
4207,0.000435,74.125.24.0-255,3602,22507,20,66367
4208,0.000438,172.31.36.0-255,66,22573,20,66367
4209,0.000441,74.125.24.0-255,410,22983,20,66367
4210,0.000443,172.31.36.0-255,66,23049,20,66367
4211,0.00048,74.125.24.0-255,332,23381,20,66367
4212,0.000484,172.31.36.0-255,66,23447,20,66367
4213,0.000814,74.125.24.0-255,1484,24931,20,66367
4214,0.000819,172.31.36.0-255,66,24997,20,66367
4215,0.000823,74.125.24.0-255,1484,26481,20,66367
4216,0.000825,172.31.36.0-255,66,26547,20,66367
4217,0.000846,74.125.24.0-255,1484,28031,20,66367
4218,0.000853,172.31.36.0-255,66,28097,20,66367
4219,0.000858,74.125.24.0-255,2902,30999,20,66367
4220,0.00086,172.31.36.0-255,66,31065,20,66367
4221,0.000869,172.31.36.0-255,66,31131,20,66367
4222,0.000893,74.125.24.0-255,2902,34033,20,66367
4223,0.000896,172.31.36.0-255,66,34099,20,66367
4224,0.000911,172.31.36.0-255,66,34165,20,66367
4225,0.000955,172.31.36.0-255,66,34231,20,66367
4226,0.001963,74.125.24.0-255,1484,35715,20,66367
4227,0.00197,172.31.36.0-255,66,35781,20,66367
4228,0.00198,74.125.24.0-255,2902,38683,20,66367
4229,0.001982,172.31.36.0-255,66,38749,20,66367
4230,0.001997,172.31.36.0-255,66,38815,20,66367
4231,0.002036,172.31.36.0-255,66,38881,20,66367
4232,0.002063,172.31.36.0-255,66,38947,20,66367
4233,0.002076,172.31.36.0-255,66,39013,20,66367
4234,0.002206,74.125.24.0-255,1484,40497,20,66367
4235,0.002211,172.31.36.0-255,66,40563,20,66367
4236,0.002219,74.125.24.0-255,2902,43465,20,66367
4237,0.002221,172.31.36.0-255,66,43531,20,66367
4238,0.002236,172.31.36.0-255,66,43597,20,66367
4239,0.00226,74.125.24.0-255,1484,45081,20,66367
4240,0.002263,172.31.36.0-255,66,45147,20,66367
4241,0.002277,172.31.36.0-255,66,45213,20,66367
4242,0.002326,172.31.36.0-255,66,45279,20,66367
4243,0.002361,74.125.24.0-255,2184,47463,20,66367
4244,0.002387,74.125.24.0-255,2902,50365,20,66367
4245,0.002418,74.125.24.0-255,1484,51849,20,66367
4246,0.002557,74.125.24.0-255,3602,55451,20,66367
4247,0.002587,74.125.24.0-255,1484,56935,20,66367
4248,0.002592,74.125.24.0-255,2902,59837,20,66367
4249,0.002617,74.125.24.0-255,1484,61321,20,66367
4250,0.005454,172.31.36.0-255,66,61387,20,66367
4251,0.008047,172.31.36.0-255,66,61453,20,66367
4252,0.008073,74.125.24.0-255,1484,62937,20,66367
4253,0.008076,172.31.36.0-255,66,63003,20,66367
4254,0.010613,172.31.36.0-255,66,63069,20,66367
4255,0.010643,74.125.24.0-255,1484,64553,20,66367
4256,0.010647,172.31.36.0-255,66,64619,20,66367
4257,0.013212,172.31.36.0-255,66,64685,20,66367
4258,0.01324,74.125.24.0-255,1484,66169,20,66367
4259,0.013243,172.31.36.0-255,66,66235,20,66367
4260,0.015834,172.31.36.0-255,66,66301,20,66367
4261,0.018424,172.31.36.0-255,66,66367,20,66367
4262,0.0,74.125.68.0-255,66,66,20,66
4263,0.0,172.217.194.0-255,300,300,20,38792
4264,2.3e-05,172.31.36.0-255,66,366,20,38792
4265,2.9e-05,172.217.194.0-255,1484,1850,20,38792
4266,3.2e-05,172.31.36.0-255,66,1916,20,38792
4267,5e-05,172.31.36.0-255,66,1982,20,38792
4268,5.8e-05,172.31.36.0-255,66,2048,20,38792
4269,9.5e-05,172.31.36.0-255,66,2114,20,38792
4270,0.00011,172.31.36.0-255,66,2180,20,38792
4271,0.000149,172.217.194.0-255,1484,3664,20,38792
4272,0.000152,172.31.36.0-255,66,3730,20,38792
4273,0.000157,172.217.194.0-255,2902,6632,20,38792
4274,0.000159,172.31.36.0-255,66,6698,20,38792
4275,0.000185,172.31.36.0-255,66,6764,20,38792
4276,0.00021,172.31.36.0-255,66,6830,20,38792
4277,0.000247,172.31.36.0-255,66,6896,20,38792
4278,0.000264,172.31.36.0-255,66,6962,20,38792
4279,0.000266,172.217.194.0-255,365,7327,20,38792
4280,0.000268,172.31.36.0-255,66,7393,20,38792
4281,0.000755,172.217.194.0-255,379,7772,20,38792
4282,0.000763,172.31.36.0-255,66,7838,20,38792
4283,0.001108,172.217.194.0-255,1484,9322,20,38792
4284,0.001113,172.31.36.0-255,66,9388,20,38792
4285,0.001121,172.217.194.0-255,2902,12290,20,38792
4286,0.001123,172.31.36.0-255,66,12356,20,38792
4287,0.001137,172.31.36.0-255,66,12422,20,38792
4288,0.001144,172.31.36.0-255,66,12488,20,38792
4289,0.001191,172.31.36.0-255,66,12554,20,38792
4290,0.001226,172.31.36.0-255,66,12620,20,38792
4291,0.001254,172.217.194.0-255,3602,16222,20,38792
4292,0.001256,172.31.36.0-255,66,16288,20,38792
4293,0.001602,172.217.194.0-255,1484,17772,20,38792
4294,0.001613,172.217.194.0-255,2902,20674,20,38792
4295,0.001617,172.31.36.0-255,66,20740,20,38792
4296,0.001627,172.31.36.0-255,66,20806,20,38792
4297,0.001636,172.217.194.0-255,1484,22290,20,38792
4298,0.001682,172.31.36.0-255,66,22356,20,38792
4299,0.001719,172.31.36.0-255,66,22422,20,38792
4300,0.001869,172.217.194.0-255,1484,23906,20,38792
4301,0.001876,172.217.194.0-255,2902,26808,20,38792
4302,0.00188,172.31.36.0-255,66,26874,20,38792
4303,0.001889,172.31.36.0-255,66,26940,20,38792
4304,0.001922,172.217.194.0-255,1484,28424,20,38792
4305,0.00193,172.31.36.0-255,66,28490,20,38792
4306,0.001942,172.31.36.0-255,66,28556,20,38792
4307,0.001978,172.31.36.0-255,66,28622,20,38792
4308,0.001989,172.31.36.0-255,66,28688,20,38792
4309,0.002005,172.31.36.0-255,66,28754,20,38792
4310,0.00205,172.31.36.0-255,66,28820,20,38792
4311,0.002061,172.31.36.0-255,66,28886,20,38792
4312,0.002111,172.31.36.0-255,66,28952,20,38792
4313,0.002135,172.217.194.0-255,2902,31854,20,38792
4314,0.002138,172.31.36.0-255,66,31920,20,38792
4315,0.002157,172.31.36.0-255,66,31986,20,38792
4316,0.00219,172.31.36.0-255,66,32052,20,38792
4317,0.002224,172.31.36.0-255,66,32118,20,38792
4318,0.002227,172.217.194.0-255,1484,33602,20,38792
4319,0.002265,172.217.194.0-255,2902,36504,20,38792
4320,0.002268,172.31.36.0-255,66,36570,20,38792
4321,0.002316,172.31.36.0-255,66,36636,20,38792
4322,0.002333,172.31.36.0-255,66,36702,20,38792
4323,0.00239,172.31.36.0-255,66,36768,20,38792
4324,0.002393,172.217.194.0-255,1484,38252,20,38792
4325,0.002417,172.31.36.0-255,66,38318,20,38792
4326,0.002428,172.31.36.0-255,66,38384,20,38792
4327,0.002436,172.31.36.0-255,66,38450,20,38792
4328,0.002468,172.217.194.0-255,105,38555,20,38792
4329,0.006847,172.31.36.0-255,66,38621,20,38792
4330,0.006893,172.31.36.0-255,105,38726,20,38792
4331,0.009384,172.217.194.0-255,66,38792,20,38792
4332,0.0,74.125.200.0-255,153,153,20,86514
4333,3.5e-05,172.31.36.0-255,66,219,20,86514
4334,4.2e-05,74.125.200.0-255,1484,1703,20,86514
4335,4.7e-05,172.31.36.0-255,66,1769,20,86514
4336,5.2e-05,74.125.200.0-255,2902,4671,20,86514
4337,5.4e-05,172.31.36.0-255,66,4737,20,86514
4338,6.1e-05,172.31.36.0-255,66,4803,20,86514
4339,6.5e-05,74.125.200.0-255,2902,7705,20,86514
4340,6.8e-05,172.31.36.0-255,66,7771,20,86514
4341,8.7e-05,74.125.200.0-255,2054,9825,20,86514
4342,8.9e-05,172.31.36.0-255,66,9891,20,86514
4343,0.000136,74.125.200.0-255,1484,11375,20,86514
4344,0.000139,172.31.36.0-255,66,11441,20,86514
4345,0.000166,172.31.36.0-255,66,11507,20,86514
4346,0.000197,172.31.36.0-255,66,11573,20,86514
4347,0.000243,74.125.200.0-255,1484,13057,20,86514
4348,0.000246,172.31.36.0-255,66,13123,20,86514
4349,0.000252,74.125.200.0-255,2902,16025,20,86514
4350,0.000255,172.31.36.0-255,66,16091,20,86514
4351,0.000258,74.125.200.0-255,1484,17575,20,86514
4352,0.00026,172.31.36.0-255,66,17641,20,86514
4353,0.000276,74.125.200.0-255,2902,20543,20,86514
4354,0.000278,172.31.36.0-255,66,20609,20,86514
4355,0.000296,74.125.200.0-255,2902,23511,20,86514
4356,0.000298,172.31.36.0-255,66,23577,20,86514
4357,0.000324,172.31.36.0-255,66,23643,20,86514
4358,0.000328,74.125.200.0-255,2902,26545,20,86514
4359,0.00033,172.31.36.0-255,66,26611,20,86514
4360,0.00036,74.125.200.0-255,1484,28095,20,86514
4361,0.000387,172.31.36.0-255,66,28161,20,86514
4362,0.00039,74.125.200.0-255,112,28273,20,86514
4363,0.000429,74.125.200.0-255,1484,29757,20,86514
4364,0.000432,172.31.36.0-255,66,29823,20,86514
4365,0.000437,74.125.200.0-255,2902,32725,20,86514
4366,0.000439,172.31.36.0-255,66,32791,20,86514
4367,0.000462,172.31.36.0-255,66,32857,20,86514
4368,0.000467,74.125.200.0-255,2902,35759,20,86514
4369,0.000469,172.31.36.0-255,66,35825,20,86514
4370,0.000525,74.125.200.0-255,2229,38054,20,86514
4371,0.000529,172.31.36.0-255,66,38120,20,86514
4372,0.001128,74.125.200.0-255,1484,39604,20,86514
4373,0.001139,74.125.200.0-255,2902,42506,20,86514
4374,0.001142,172.31.36.0-255,66,42572,20,86514
4375,0.001181,74.125.200.0-255,2902,45474,20,86514
4376,0.001185,172.31.36.0-255,66,45540,20,86514
4377,0.0012,74.125.200.0-255,2902,48442,20,86514
4378,0.001203,172.31.36.0-255,66,48508,20,86514
4379,0.001213,172.31.36.0-255,66,48574,20,86514
4380,0.001247,172.31.36.0-255,66,48640,20,86514
4381,0.001273,172.31.36.0-255,66,48706,20,86514
4382,0.001277,74.125.200.0-255,2902,51608,20,86514
4383,0.001279,172.31.36.0-255,66,51674,20,86514
4384,0.001328,74.125.200.0-255,766,52440,20,86514
4385,0.00173,74.125.200.0-255,1484,53924,20,86514
4386,0.001736,172.31.36.0-255,66,53990,20,86514
4387,0.001742,74.125.200.0-255,2902,56892,20,86514
4388,0.001743,172.31.36.0-255,66,56958,20,86514
4389,0.001762,74.125.200.0-255,2902,59860,20,86514
4390,0.001764,172.31.36.0-255,66,59926,20,86514
4391,0.00178,74.125.200.0-255,2902,62828,20,86514
4392,0.001797,172.31.36.0-255,66,62894,20,86514
4393,0.001801,74.125.200.0-255,1484,64378,20,86514
4394,0.001806,74.125.200.0-255,2902,67280,20,86514
4395,0.001808,172.31.36.0-255,66,67346,20,86514
4396,0.001816,172.31.36.0-255,66,67412,20,86514
4397,0.001819,74.125.200.0-255,1484,68896,20,86514
4398,0.001838,74.125.200.0-255,1484,70380,20,86514
4399,0.00184,172.31.36.0-255,66,70446,20,86514
4400,0.001847,172.31.36.0-255,66,70512,20,86514
4401,0.001894,172.31.36.0-255,66,70578,20,86514
4402,0.001909,74.125.200.0-255,2184,72762,20,86514
4403,0.001911,172.31.36.0-255,66,72828,20,86514
4404,0.004168,74.125.200.0-255,2902,75730,20,86514
4405,0.004172,172.31.36.0-255,66,75796,20,86514
4406,0.004191,74.125.200.0-255,2902,78698,20,86514
4407,0.004195,172.31.36.0-255,66,78764,20,86514
4408,0.006441,74.125.200.0-255,2902,81666,20,86514
4409,0.006447,172.31.36.0-255,66,81732,20,86514
4410,0.006469,74.125.200.0-255,2902,84634,20,86514
4411,0.006471,172.31.36.0-255,66,84700,20,86514
4412,0.008727,172.31.36.0-255,66,84766,20,86514
4413,0.008746,74.125.200.0-255,1484,86250,20,86514
4414,0.011009,172.31.36.0-255,66,86316,20,86514
4415,0.013305,172.31.36.0-255,66,86382,20,86514
4416,0.015592,172.31.36.0-255,66,86448,20,86514
4417,0.017884,172.31.36.0-255,66,86514,20,86514
4418,0.0,74.125.68.0-255,150,150,20,32144
4419,2.5e-05,172.31.36.0-255,66,216,20,32144
4420,3.2e-05,74.125.68.0-255,1484,1700,20,32144
4421,3.6e-05,172.31.36.0-255,66,1766,20,32144
4422,4e-05,74.125.68.0-255,2902,4668,20,32144
4423,5e-05,172.31.36.0-255,66,4734,20,32144
4424,5.4e-05,74.125.68.0-255,2902,7636,20,32144
4425,5.6e-05,172.31.36.0-255,66,7702,20,32144
4426,9.4e-05,172.31.36.0-255,66,7768,20,32144
4427,0.000136,74.125.68.0-255,2045,9813,20,32144
4428,0.000139,172.31.36.0-255,66,9879,20,32144
4429,0.000174,172.31.36.0-255,66,9945,20,32144
4430,0.000203,172.31.36.0-255,66,10011,20,32144
4431,0.000289,74.125.68.0-255,2902,12913,20,32144
4432,0.000294,172.31.36.0-255,66,12979,20,32144
4433,0.000324,74.125.68.0-255,2543,15522,20,32144
4434,0.000328,172.31.36.0-255,66,15588,20,32144
4435,0.000345,74.125.68.0-255,1484,17072,20,32144
4436,0.000348,172.31.36.0-255,66,17138,20,32144
4437,0.000383,172.31.36.0-255,66,17204,20,32144
4438,0.000438,172.31.36.0-255,66,17270,20,32144
4439,0.000513,172.31.36.0-255,66,17336,20,32144
4440,0.000519,74.125.68.0-255,2902,20238,20,32144
4441,0.000522,172.31.36.0-255,66,20304,20,32144
4442,0.000582,74.125.68.0-255,1484,21788,20,32144
4443,0.000586,172.31.36.0-255,66,21854,20,32144
4444,0.000626,172.31.36.0-255,66,21920,20,32144
4445,0.000762,172.31.36.0-255,66,21986,20,32144
4446,0.000773,172.31.36.0-255,66,22052,20,32144
4447,0.000909,172.31.36.0-255,66,22118,20,32144
4448,0.000969,74.125.68.0-255,2902,25020,20,32144
4449,0.000975,172.31.36.0-255,66,25086,20,32144
4450,0.001031,172.31.36.0-255,66,25152,20,32144
4451,0.001211,74.125.68.0-255,2902,28054,20,32144
4452,0.001215,172.31.36.0-255,66,28120,20,32144
4453,0.001393,172.31.36.0-255,66,28186,20,32144
4454,0.001432,172.31.36.0-255,66,28252,20,32144
4455,0.001451,172.31.36.0-255,66,28318,20,32144
4456,0.001627,172.31.36.0-255,66,28384,20,32144
4457,0.001671,172.31.36.0-255,66,28450,20,32144
4458,0.001881,172.31.36.0-255,66,28516,20,32144
4459,0.002074,74.125.68.0-255,1484,30000,20,32144
4460,0.002867,172.31.36.0-255,66,30066,20,32144
4461,0.003085,172.31.36.0-255,66,30132,20,32144
4462,0.003109,172.31.36.0-255,66,30198,20,32144
4463,0.003207,172.31.36.0-255,66,30264,20,32144
4464,0.005468,172.31.36.0-255,66,30330,20,32144
4465,0.007744,74.125.68.0-255,1484,31814,20,32144
4466,0.008785,172.31.36.0-255,66,31880,20,32144
4467,0.011065,172.31.36.0-255,66,31946,20,32144
4468,0.013338,172.31.36.0-255,66,32012,20,32144
4469,0.015609,172.31.36.0-255,66,32078,20,32144
4470,0.01788,172.31.36.0-255,66,32144,20,32144
4471,0.0,74.125.24.0-255,153,153,20,22154
4472,3.3e-05,172.31.36.0-255,66,219,20,22154
4473,4e-05,74.125.24.0-255,1484,1703,20,22154
4474,4.5e-05,172.31.36.0-255,66,1769,20,22154
4475,5.7e-05,74.125.24.0-255,2902,4671,20,22154
4476,6.1e-05,172.31.36.0-255,66,4737,20,22154
4477,9.7e-05,172.31.36.0-255,66,4803,20,22154
4478,0.000205,172.31.36.0-255,66,4869,20,22154
4479,0.000302,172.31.36.0-255,66,4935,20,22154
4480,0.00033,74.125.24.0-255,2902,7837,20,22154
4481,0.000333,172.31.36.0-255,66,7903,20,22154
4482,0.000546,74.125.24.0-255,2543,10446,20,22154
4483,0.000551,172.31.36.0-255,66,10512,20,22154
4484,0.000588,74.125.24.0-255,2902,13414,20,22154
4485,0.000591,172.31.36.0-255,66,13480,20,22154
4486,0.000631,172.31.36.0-255,66,13546,20,22154
4487,0.000922,74.125.24.0-255,2902,16448,20,22154
4488,0.000927,172.31.36.0-255,66,16514,20,22154
4489,0.000999,172.31.36.0-255,66,16580,20,22154
4490,0.001044,172.31.36.0-255,66,16646,20,22154
4491,0.001477,74.125.24.0-255,1484,18130,20,22154
4492,0.001483,172.31.36.0-255,66,18196,20,22154
4493,0.001527,172.31.36.0-255,66,18262,20,22154
4494,0.001927,172.31.36.0-255,66,18328,20,22154
4495,0.002019,172.31.36.0-255,66,18394,20,22154
4496,0.002571,172.31.36.0-255,66,18460,20,22154
4497,0.002622,172.31.36.0-255,66,18526,20,22154
4498,0.002699,172.31.36.0-255,66,18592,20,22154
4499,0.003548,172.31.36.0-255,66,18658,20,22154
4500,0.003624,172.31.36.0-255,66,18724,20,22154
4501,0.004519,74.125.24.0-255,2902,21626,20,22154
4502,0.004524,172.31.36.0-255,66,21692,20,22154
4503,0.004604,172.31.36.0-255,66,21758,20,22154
4504,0.004638,172.31.36.0-255,66,21824,20,22154
4505,0.007247,172.31.36.0-255,66,21890,20,22154
4506,0.009855,172.31.36.0-255,66,21956,20,22154
4507,0.012451,172.31.36.0-255,66,22022,20,22154
4508,0.015024,172.31.36.0-255,66,22088,20,22154
4509,0.017633,172.31.36.0-255,66,22154,20,22154
4510,0.0,74.125.24.0-255,153,153,20,62369
4511,3.7e-05,172.31.36.0-255,66,219,20,62369
4512,4.4e-05,74.125.24.0-255,1484,1703,20,62369
4513,4.8e-05,172.31.36.0-255,66,1769,20,62369
4514,5.3e-05,74.125.24.0-255,2902,4671,20,62369
4515,6.7e-05,172.31.36.0-255,66,4737,20,62369
4516,7.8e-05,172.31.36.0-255,66,4803,20,62369
4517,8.1e-05,74.125.24.0-255,2094,6897,20,62369
4518,8.4e-05,172.31.36.0-255,66,6963,20,62369
4519,0.000187,74.125.24.0-255,1484,8447,20,62369
4520,0.000193,172.31.36.0-255,66,8513,20,62369
4521,0.000199,74.125.24.0-255,2902,11415,20,62369
4522,0.000202,172.31.36.0-255,66,11481,20,62369
4523,0.000237,172.31.36.0-255,66,11547,20,62369
4524,0.000248,74.125.24.0-255,2902,14449,20,62369
4525,0.000251,172.31.36.0-255,66,14515,20,62369
4526,0.000269,74.125.24.0-255,3961,18476,20,62369
4527,0.000277,172.31.36.0-255,66,18542,20,62369
4528,0.000287,172.31.36.0-255,66,18608,20,62369
4529,0.000341,172.31.36.0-255,66,18674,20,62369
4530,0.000375,172.31.36.0-255,66,18740,20,62369
4531,0.0004,74.125.24.0-255,423,19163,20,62369
4532,0.000403,172.31.36.0-255,66,19229,20,62369
4533,0.000658,74.125.24.0-255,352,19581,20,62369
4534,0.000662,172.31.36.0-255,66,19647,20,62369
4535,0.000848,74.125.24.0-255,1484,21131,20,62369
4536,0.000853,172.31.36.0-255,66,21197,20,62369
4537,0.000861,74.125.24.0-255,2902,24099,20,62369
4538,0.000863,172.31.36.0-255,66,24165,20,62369
4539,0.000872,74.125.24.0-255,1484,25649,20,62369
4540,0.000901,172.31.36.0-255,66,25715,20,62369
4541,0.000914,172.31.36.0-255,66,25781,20,62369
4542,0.000927,74.125.24.0-255,1484,27265,20,62369
4543,0.000943,172.31.36.0-255,66,27331,20,62369
4544,0.000975,74.125.24.0-255,3602,30933,20,62369
4545,0.000979,172.31.36.0-255,66,30999,20,62369
4546,0.001225,74.125.24.0-255,1484,32483,20,62369
4547,0.001232,74.125.24.0-255,2902,35385,20,62369
4548,0.001236,172.31.36.0-255,66,35451,20,62369
4549,0.001271,172.31.36.0-255,66,35517,20,62369
4550,0.001286,172.31.36.0-255,66,35583,20,62369
4551,0.001297,172.31.36.0-255,66,35649,20,62369
4552,0.00133,74.125.24.0-255,2184,37833,20,62369
4553,0.001333,172.31.36.0-255,66,37899,20,62369
4554,0.001392,74.125.24.0-255,1484,39383,20,62369
4555,0.001397,74.125.24.0-255,1484,40867,20,62369
4556,0.001401,172.31.36.0-255,66,40933,20,62369
4557,0.001424,74.125.24.0-255,1484,42417,20,62369
4558,0.001433,172.31.36.0-255,66,42483,20,62369
4559,0.00146,172.31.36.0-255,66,42549,20,62369
4560,0.001486,74.125.24.0-255,2902,45451,20,62369
4561,0.001488,172.31.36.0-255,66,45517,20,62369
4562,0.001492,74.125.24.0-255,1484,47001,20,62369
4563,0.001522,172.31.36.0-255,66,47067,20,62369
4564,0.001529,172.31.36.0-255,66,47133,20,62369
4565,0.001559,172.31.36.0-255,66,47199,20,62369
4566,0.001633,74.125.24.0-255,1484,48683,20,62369
4567,0.001644,74.125.24.0-255,2902,51585,20,62369
4568,0.001683,74.125.24.0-255,1484,53069,20,62369
4569,0.001924,74.125.24.0-255,1484,54553,20,62369
4570,0.001941,74.125.24.0-255,2902,57455,20,62369
4571,0.001965,74.125.24.0-255,1484,58939,20,62369
4572,0.001997,74.125.24.0-255,2902,61841,20,62369
4573,0.002213,172.31.36.0-255,66,61907,20,62369
4574,0.004554,172.31.36.0-255,66,61973,20,62369
4575,0.006868,172.31.36.0-255,66,62039,20,62369
4576,0.009216,172.31.36.0-255,66,62105,20,62369
4577,0.011558,172.31.36.0-255,66,62171,20,62369
4578,0.013877,172.31.36.0-255,66,62237,20,62369
4579,0.016223,172.31.36.0-255,66,62303,20,62369
4580,0.018587,172.31.36.0-255,66,62369,20,62369
4581,0.0,74.125.68.0-255,153,153,20,41552
4582,2.4e-05,172.31.36.0-255,66,219,20,41552
4583,3.2e-05,74.125.68.0-255,1484,1703,20,41552
4584,3.7e-05,172.31.36.0-255,66,1769,20,41552
4585,4.3e-05,74.125.68.0-255,2902,4671,20,41552
4586,4.7e-05,172.31.36.0-255,66,4737,20,41552
4587,5.6e-05,172.31.36.0-255,66,4803,20,41552
4588,6.6e-05,172.31.36.0-255,66,4869,20,41552
4589,0.000265,74.125.68.0-255,1484,6353,20,41552
4590,0.000271,172.31.36.0-255,66,6419,20,41552
4591,0.000278,74.125.68.0-255,2902,9321,20,41552
4592,0.00028,172.31.36.0-255,66,9387,20,41552
4593,0.00031,172.31.36.0-255,66,9453,20,41552
4594,0.000329,74.125.68.0-255,1484,10937,20,41552
4595,0.000331,172.31.36.0-255,66,11003,20,41552
4596,0.000349,172.31.36.0-255,66,11069,20,41552
4597,0.000406,74.125.68.0-255,1484,12553,20,41552
4598,0.000409,172.31.36.0-255,66,12619,20,41552
4599,0.000413,74.125.68.0-255,1484,14103,20,41552
4600,0.000414,172.31.36.0-255,66,14169,20,41552
4601,0.000429,74.125.68.0-255,1484,15653,20,41552
4602,0.000432,172.31.36.0-255,66,15719,20,41552
4603,0.000449,172.31.36.0-255,66,15785,20,41552
4604,0.000477,172.31.36.0-255,66,15851,20,41552
4605,0.000493,74.125.68.0-255,2543,18394,20,41552
4606,0.000495,172.31.36.0-255,66,18460,20,41552
4607,0.001822,74.125.68.0-255,1484,19944,20,41552
4608,0.001833,74.125.68.0-255,2902,22846,20,41552
4609,0.001838,172.31.36.0-255,66,22912,20,41552
4610,0.002063,74.125.68.0-255,1484,24396,20,41552
4611,0.00208,74.125.68.0-255,2902,27298,20,41552
4612,0.002096,74.125.68.0-255,1484,28782,20,41552
4613,0.002165,74.125.68.0-255,2902,31684,20,41552
4614,0.002336,74.125.68.0-255,1484,33168,20,41552
4615,0.002348,74.125.68.0-255,2902,36070,20,41552
4616,0.002486,74.125.68.0-255,2902,38972,20,41552
4617,0.002504,74.125.68.0-255,2184,41156,20,41552
4618,0.006151,172.31.36.0-255,66,41222,20,41552
4619,0.008742,172.31.36.0-255,66,41288,20,41552
4620,0.011316,172.31.36.0-255,66,41354,20,41552
4621,0.013881,172.31.36.0-255,66,41420,20,41552
4622,0.01647,172.31.36.0-255,66,41486,20,41552
4623,0.019055,172.31.36.0-255,66,41552,20,41552
4624,0.0,74.125.68.0-255,146,146,20,79052
4625,2.3e-05,172.31.36.0-255,66,212,20,79052
4626,2.9e-05,74.125.68.0-255,1484,1696,20,79052
4627,3.4e-05,172.31.36.0-255,66,1762,20,79052
4628,3.7e-05,74.125.68.0-255,1484,3246,20,79052
4629,3.9e-05,172.31.36.0-255,66,3312,20,79052
4630,6.5e-05,74.125.68.0-255,2902,6214,20,79052
4631,6.8e-05,172.31.36.0-255,66,6280,20,79052
4632,7.6e-05,172.31.36.0-255,66,6346,20,79052
4633,8.7e-05,74.125.68.0-255,1484,7830,20,79052
4634,8.9e-05,172.31.36.0-255,66,7896,20,79052
4635,0.000118,74.125.68.0-255,2028,9924,20,79052
4636,0.00012,172.31.36.0-255,66,9990,20,79052
4637,0.000213,74.125.68.0-255,1484,11474,20,79052
4638,0.000216,172.31.36.0-255,66,11540,20,79052
4639,0.000231,74.125.68.0-255,1484,13024,20,79052
4640,0.000233,172.31.36.0-255,66,13090,20,79052
4641,0.000254,74.125.68.0-255,2902,15992,20,79052
4642,0.000256,172.31.36.0-255,66,16058,20,79052
4643,0.000277,74.125.68.0-255,2902,18960,20,79052
4644,0.000279,172.31.36.0-255,66,19026,20,79052
4645,0.000293,74.125.68.0-255,2902,21928,20,79052
4646,0.000295,172.31.36.0-255,66,21994,20,79052
4647,0.000309,74.125.68.0-255,1484,23478,20,79052
4648,0.000311,172.31.36.0-255,66,23544,20,79052
4649,0.000316,74.125.68.0-255,3961,27505,20,79052
4650,0.000318,172.31.36.0-255,66,27571,20,79052
4651,0.000348,74.125.68.0-255,2902,30473,20,79052
4652,0.00035,172.31.36.0-255,66,30539,20,79052
4653,0.000366,74.125.68.0-255,1484,32023,20,79052
4654,0.000368,172.31.36.0-255,66,32089,20,79052
4655,0.000396,172.31.36.0-255,66,32155,20,79052
4656,0.0004,74.125.68.0-255,2902,35057,20,79052
4657,0.000401,172.31.36.0-255,66,35123,20,79052
4658,0.000423,172.31.36.0-255,66,35189,20,79052
4659,0.000432,172.31.36.0-255,66,35255,20,79052
4660,0.000455,74.125.68.0-255,1484,36739,20,79052
4661,0.000479,172.31.36.0-255,66,36805,20,79052
4662,0.000482,74.125.68.0-255,766,37571,20,79052
4663,0.000496,74.125.68.0-255,395,37966,20,79052
4664,0.00055,74.125.68.0-255,350,38316,20,79052
4665,0.000815,74.125.68.0-255,1484,39800,20,79052
4666,0.00082,172.31.36.0-255,66,39866,20,79052
4667,0.000825,74.125.68.0-255,1484,41350,20,79052
4668,0.000842,74.125.68.0-255,1484,42834,20,79052
4669,0.000845,172.31.36.0-255,66,42900,20,79052
4670,0.000849,74.125.68.0-255,1484,44384,20,79052
4671,0.000853,74.125.68.0-255,2902,47286,20,79052
4672,0.000855,172.31.36.0-255,66,47352,20,79052
4673,0.00086,74.125.68.0-255,2902,50254,20,79052
4674,0.000862,172.31.36.0-255,66,50320,20,79052
4675,0.000887,74.125.68.0-255,2902,53222,20,79052
4676,0.000889,172.31.36.0-255,66,53288,20,79052
4677,0.0009,172.31.36.0-255,66,53354,20,79052
4678,0.000935,172.31.36.0-255,66,53420,20,79052
4679,0.000938,74.125.68.0-255,766,54186,20,79052
4680,0.001225,74.125.68.0-255,1484,55670,20,79052
4681,0.001229,172.31.36.0-255,66,55736,20,79052
4682,0.001235,74.125.68.0-255,2902,58638,20,79052
4683,0.001237,172.31.36.0-255,66,58704,20,79052
4684,0.001253,74.125.68.0-255,2902,61606,20,79052
4685,0.001255,172.31.36.0-255,66,61672,20,79052
4686,0.001276,74.125.68.0-255,2902,64574,20,79052
4687,0.001279,172.31.36.0-255,66,64640,20,79052
4688,0.001288,172.31.36.0-255,66,64706,20,79052
4689,0.001311,172.31.36.0-255,66,64772,20,79052
4690,0.00136,172.31.36.0-255,66,64838,20,79052
4691,0.001383,172.31.36.0-255,66,64904,20,79052
4692,0.001911,74.125.68.0-255,1484,66388,20,79052
4693,0.001922,74.125.68.0-255,2902,69290,20,79052
4694,0.001926,172.31.36.0-255,66,69356,20,79052
4695,0.001965,172.31.36.0-255,66,69422,20,79052
4696,0.002,172.31.36.0-255,66,69488,20,79052
4697,0.00202,74.125.68.0-255,1484,70972,20,79052
4698,0.00203,172.31.36.0-255,66,71038,20,79052
4699,0.00208,172.31.36.0-255,66,71104,20,79052
4700,0.002105,172.31.36.0-255,66,71170,20,79052
4701,0.002108,74.125.68.0-255,1484,72654,20,79052
4702,0.0042,172.31.36.0-255,66,72720,20,79052
4703,0.006281,172.31.36.0-255,66,72786,20,79052
4704,0.006299,74.125.68.0-255,1484,74270,20,79052
4705,0.008361,74.125.68.0-255,2902,77172,20,79052
4706,0.008368,172.31.36.0-255,66,77238,20,79052
4707,0.008388,74.125.68.0-255,1484,78722,20,79052
4708,0.010476,172.31.36.0-255,66,78788,20,79052
4709,0.012575,172.31.36.0-255,66,78854,20,79052
4710,0.014679,172.31.36.0-255,66,78920,20,79052
4711,0.016777,172.31.36.0-255,66,78986,20,79052
4712,0.018869,172.31.36.0-255,66,79052,20,79052
4713,0.0,74.125.24.0-255,146,146,20,32529
4714,1.9e-05,172.31.36.0-255,66,212,20,32529
4715,2.6e-05,74.125.24.0-255,1484,1696,20,32529
4716,3e-05,172.31.36.0-255,66,1762,20,32529
4717,3.6e-05,74.125.24.0-255,2902,4664,20,32529
4718,3.9e-05,172.31.36.0-255,66,4730,20,32529
4719,4.9e-05,172.31.36.0-255,66,4796,20,32529
4720,5.4e-05,74.125.24.0-255,1967,6763,20,32529
4721,5.7e-05,172.31.36.0-255,66,6829,20,32529
4722,0.000204,74.125.24.0-255,1484,8313,20,32529
4723,0.00021,172.31.36.0-255,66,8379,20,32529
4724,0.000216,74.125.24.0-255,2902,11281,20,32529
4725,0.000219,172.31.36.0-255,66,11347,20,32529
4726,0.000228,172.31.36.0-255,66,11413,20,32529
4727,0.000241,74.125.24.0-255,1484,12897,20,32529
4728,0.000243,172.31.36.0-255,66,12963,20,32529
4729,0.000275,172.31.36.0-255,66,13029,20,32529
4730,0.000822,74.125.24.0-255,1484,14513,20,32529
4731,0.000827,172.31.36.0-255,66,14579,20,32529
4732,0.000837,74.125.24.0-255,2902,17481,20,32529
4733,0.000839,172.31.36.0-255,66,17547,20,32529
4734,0.000843,74.125.24.0-255,1484,19031,20,32529
4735,0.000844,172.31.36.0-255,66,19097,20,32529
4736,0.000874,172.31.36.0-255,66,19163,20,32529
4737,0.000883,172.31.36.0-255,66,19229,20,32529
4738,0.001175,74.125.24.0-255,1484,20713,20,32529
4739,0.001181,172.31.36.0-255,66,20779,20,32529
4740,0.001188,74.125.24.0-255,2902,23681,20,32529
4741,0.001246,74.125.24.0-255,332,24013,20,32529
4742,0.001574,74.125.24.0-255,1484,25497,20,32529
4743,0.001591,74.125.24.0-255,2902,28399,20,32529
4744,0.00166,74.125.24.0-255,1484,29883,20,32529
4745,0.001724,74.125.24.0-255,2184,32067,20,32529
4746,0.003803,172.31.36.0-255,66,32133,20,32529
4747,0.005899,172.31.36.0-255,66,32199,20,32529
4748,0.007984,172.31.36.0-255,66,32265,20,32529
4749,0.012265,172.31.36.0-255,66,32331,20,32529
4750,0.014344,172.31.36.0-255,66,32397,20,32529
4751,0.016416,172.31.36.0-255,66,32463,20,32529
4752,0.018488,172.31.36.0-255,66,32529,20,32529
4753,0.0,74.125.130.0-255,153,153,20,69489
4754,2.7e-05,172.31.36.0-255,66,219,20,69489
4755,3.4e-05,74.125.130.0-255,1484,1703,20,69489
4756,3.8e-05,172.31.36.0-255,66,1769,20,69489
4757,6.8e-05,74.125.130.0-255,2902,4671,20,69489
4758,7.1e-05,172.31.36.0-255,66,4737,20,69489
4759,7.3e-05,74.125.130.0-255,1484,6221,20,69489
4760,7.6e-05,172.31.36.0-255,66,6287,20,69489
4761,9.7e-05,74.125.130.0-255,2902,9189,20,69489
4762,0.000103,172.31.36.0-255,66,9255,20,69489
4763,0.000134,172.31.36.0-255,66,9321,20,69489
4764,0.000143,172.31.36.0-255,66,9387,20,69489
4765,0.000186,172.31.36.0-255,66,9453,20,69489
4766,0.000257,74.125.130.0-255,1484,10937,20,69489
4767,0.00026,172.31.36.0-255,66,11003,20,69489
4768,0.000266,74.125.130.0-255,2902,13905,20,69489
4769,0.000268,172.31.36.0-255,66,13971,20,69489
4770,0.000282,172.31.36.0-255,66,14037,20,69489
4771,0.000285,74.125.130.0-255,1484,15521,20,69489
4772,0.000288,172.31.36.0-255,66,15587,20,69489
4773,0.000335,172.31.36.0-255,66,15653,20,69489
4774,0.000345,172.31.36.0-255,66,15719,20,69489
4775,0.000383,172.31.36.0-255,66,15785,20,69489
4776,0.000473,74.125.130.0-255,1484,17269,20,69489
4777,0.000477,172.31.36.0-255,66,17335,20,69489
4778,0.000482,74.125.130.0-255,2902,20237,20,69489
4779,0.000484,172.31.36.0-255,66,20303,20,69489
4780,0.00051,172.31.36.0-255,66,20369,20,69489
4781,0.000542,172.31.36.0-255,66,20435,20,69489
4782,0.000554,172.31.36.0-255,66,20501,20,69489
4783,0.000603,172.31.36.0-255,66,20567,20,69489
4784,0.000941,74.125.130.0-255,1484,22051,20,69489
4785,0.000948,74.125.130.0-255,2902,24953,20,69489
4786,0.000952,172.31.36.0-255,66,25019,20,69489
4787,0.000962,172.31.36.0-255,66,25085,20,69489
4788,0.000981,74.125.130.0-255,1484,26569,20,69489
4789,0.000989,74.125.130.0-255,1484,28053,20,69489
4790,0.000991,172.31.36.0-255,66,28119,20,69489
4791,0.000996,74.125.130.0-255,2902,31021,20,69489
4792,0.000998,172.31.36.0-255,66,31087,20,69489
4793,0.00103,74.125.130.0-255,2902,33989,20,69489
4794,0.001034,172.31.36.0-255,66,34055,20,69489
4795,0.001058,172.31.36.0-255,66,34121,20,69489
4796,0.001067,172.31.36.0-255,66,34187,20,69489
4797,0.001093,74.125.130.0-255,2902,37089,20,69489
4798,0.001101,172.31.36.0-255,66,37155,20,69489
4799,0.001107,74.125.130.0-255,3602,40757,20,69489
4800,0.001109,172.31.36.0-255,66,40823,20,69489
4801,0.00115,74.125.130.0-255,1484,42307,20,69489
4802,0.001156,74.125.130.0-255,2902,45209,20,69489
4803,0.001159,172.31.36.0-255,66,45275,20,69489
4804,0.001175,74.125.130.0-255,1484,46759,20,69489
4805,0.001211,74.125.130.0-255,2902,49661,20,69489
4806,0.001214,172.31.36.0-255,66,49727,20,69489
4807,0.001217,74.125.130.0-255,1484,51211,20,69489
4808,0.001241,74.125.130.0-255,2902,54113,20,69489
4809,0.001244,172.31.36.0-255,66,54179,20,69489
4810,0.001253,172.31.36.0-255,66,54245,20,69489
4811,0.001271,172.31.36.0-255,66,54311,20,69489
4812,0.0013,74.125.130.0-255,1484,55795,20,69489
4813,0.001305,74.125.130.0-255,2184,57979,20,69489
4814,0.001308,172.31.36.0-255,66,58045,20,69489
4815,0.001563,74.125.130.0-255,1484,59529,20,69489
4816,0.001583,74.125.130.0-255,2902,62431,20,69489
4817,0.001587,172.31.36.0-255,66,62497,20,69489
4818,0.001595,172.31.36.0-255,66,62563,20,69489
4819,0.001673,172.31.36.0-255,66,62629,20,69489
4820,0.001677,172.31.36.0-255,66,62695,20,69489
4821,0.001697,172.31.36.0-255,66,62761,20,69489
4822,0.001706,172.31.36.0-255,66,62827,20,69489
4823,0.001914,74.125.130.0-255,1484,64311,20,69489
4824,0.00193,74.125.130.0-255,2902,67213,20,69489
4825,0.001932,74.125.130.0-255,1484,68697,20,69489
4826,0.001937,172.31.36.0-255,66,68763,20,69489
4827,0.00199,172.31.36.0-255,66,68829,20,69489
4828,0.002003,172.31.36.0-255,66,68895,20,69489
4829,0.002019,172.31.36.0-255,66,68961,20,69489
4830,0.004032,172.31.36.0-255,66,69027,20,69489
4831,0.006046,172.31.36.0-255,66,69093,20,69489
4832,0.008067,172.31.36.0-255,66,69159,20,69489
4833,0.010086,172.31.36.0-255,66,69225,20,69489
4834,0.012111,172.31.36.0-255,66,69291,20,69489
4835,0.014136,172.31.36.0-255,66,69357,20,69489
4836,0.016157,172.31.36.0-255,66,69423,20,69489
4837,0.018173,172.31.36.0-255,66,69489,20,69489
4838,0.0,172.217.194.0-255,153,153,20,51068
4839,1.7e-05,172.31.36.0-255,66,219,20,51068
4840,2.4e-05,172.217.194.0-255,1484,1703,20,51068
4841,2.9e-05,172.31.36.0-255,66,1769,20,51068
4842,3.4e-05,172.217.194.0-255,2902,4671,20,51068
4843,4.4e-05,172.31.36.0-255,66,4737,20,51068
4844,5.5e-05,172.31.36.0-255,66,4803,20,51068
4845,8.8e-05,172.217.194.0-255,2029,6832,20,51068
4846,9.1e-05,172.31.36.0-255,66,6898,20,51068
4847,0.000132,172.31.36.0-255,66,6964,20,51068
4848,0.000139,172.31.36.0-255,66,7030,20,51068
4849,0.000157,172.217.194.0-255,1484,8514,20,51068
4850,0.000159,172.31.36.0-255,66,8580,20,51068
4851,0.000198,172.31.36.0-255,66,8646,20,51068
4852,0.000229,172.217.194.0-255,1484,10130,20,51068
4853,0.000231,172.31.36.0-255,66,10196,20,51068
4854,0.000236,172.217.194.0-255,2902,13098,20,51068
4855,0.000238,172.31.36.0-255,66,13164,20,51068
4856,0.000261,172.31.36.0-255,66,13230,20,51068
4857,0.000288,172.31.36.0-255,66,13296,20,51068
4858,0.000327,172.31.36.0-255,66,13362,20,51068
4859,0.000334,172.31.36.0-255,66,13428,20,51068
4860,0.000358,172.217.194.0-255,367,13795,20,51068
4861,0.00036,172.31.36.0-255,66,13861,20,51068
4862,0.000859,172.217.194.0-255,1484,15345,20,51068
4863,0.000867,172.217.194.0-255,2902,18247,20,51068
4864,0.000871,172.31.36.0-255,66,18313,20,51068
4865,0.000877,172.217.194.0-255,2902,21215,20,51068
4866,0.000879,172.31.36.0-255,66,21281,20,51068
4867,0.000903,172.217.194.0-255,2902,24183,20,51068
4868,0.000905,172.31.36.0-255,66,24249,20,51068
4869,0.000918,172.31.36.0-255,66,24315,20,51068
4870,0.000923,172.217.194.0-255,2902,27217,20,51068
4871,0.000925,172.31.36.0-255,66,27283,20,51068
4872,0.001,172.31.36.0-255,66,27349,20,51068
4873,0.001037,172.31.36.0-255,66,27415,20,51068
4874,0.001053,172.31.36.0-255,66,27481,20,51068
4875,0.001581,172.217.194.0-255,1484,28965,20,51068
4876,0.001588,172.217.194.0-255,2902,31867,20,51068
4877,0.001591,172.31.36.0-255,66,31933,20,51068
4878,0.001596,172.217.194.0-255,2902,34835,20,51068
4879,0.001598,172.31.36.0-255,66,34901,20,51068
4880,0.001622,172.217.194.0-255,2902,37803,20,51068
4881,0.001624,172.31.36.0-255,66,37869,20,51068
4882,0.00164,172.31.36.0-255,66,37935,20,51068
4883,0.001674,172.31.36.0-255,66,38001,20,51068
4884,0.001705,172.31.36.0-255,66,38067,20,51068
4885,0.001893,172.217.194.0-255,1484,39551,20,51068
4886,0.001899,172.217.194.0-255,1484,41035,20,51068
4887,0.001902,172.31.36.0-255,66,41101,20,51068
4888,0.001918,172.217.194.0-255,1484,42585,20,51068
4889,0.001921,172.217.194.0-255,1484,44069,20,51068
4890,0.001924,172.31.36.0-255,66,44135,20,51068
4891,0.001932,172.31.36.0-255,66,44201,20,51068
4892,0.001973,172.31.36.0-255,66,44267,20,51068
4893,0.001984,172.31.36.0-255,66,44333,20,51068
4894,0.002017,172.31.36.0-255,66,44399,20,51068
4895,0.002052,172.31.36.0-255,66,44465,20,51068
4896,0.002064,172.31.36.0-255,66,44531,20,51068
4897,0.002087,172.31.36.0-255,66,44597,20,51068
4898,0.00213,172.31.36.0-255,66,44663,20,51068
4899,0.002141,172.217.194.0-255,2902,47565,20,51068
4900,0.002143,172.31.36.0-255,66,47631,20,51068
4901,0.002192,172.31.36.0-255,66,47697,20,51068
4902,0.002209,172.31.36.0-255,66,47763,20,51068
4903,0.002259,172.31.36.0-255,66,47829,20,51068
4904,0.002307,172.31.36.0-255,66,47895,20,51068
4905,0.002325,172.31.36.0-255,66,47961,20,51068
4906,0.002344,172.31.36.0-255,66,48027,20,51068
4907,0.002358,172.31.36.0-255,66,48093,20,51068
4908,0.002367,172.31.36.0-255,66,48159,20,51068
4909,0.002398,172.31.36.0-255,66,48225,20,51068
4910,0.002403,172.217.194.0-255,2435,50660,20,51068
4911,0.002405,172.31.36.0-255,66,50726,20,51068
4912,0.002477,172.217.194.0-255,105,50831,20,51068
4913,0.004702,172.31.36.0-255,66,50897,20,51068
4914,0.004732,172.31.36.0-255,105,51002,20,51068
4915,0.007317,172.217.194.0-255,66,51068,20,51068
4916,0.0,74.125.24.0-255,153,153,20,26720
4917,2.2e-05,172.31.36.0-255,66,219,20,26720
4918,3e-05,74.125.24.0-255,1484,1703,20,26720
4919,3.5e-05,172.31.36.0-255,66,1769,20,26720
4920,4.1e-05,74.125.24.0-255,2902,4671,20,26720
4921,4.5e-05,172.31.36.0-255,66,4737,20,26720
4922,5.6e-05,172.31.36.0-255,66,4803,20,26720
4923,8e-05,74.125.24.0-255,2050,6853,20,26720
4924,8.3e-05,172.31.36.0-255,66,6919,20,26720
4925,0.000106,74.125.24.0-255,1484,8403,20,26720
4926,0.000108,172.31.36.0-255,66,8469,20,26720
4927,0.000125,74.125.24.0-255,1484,9953,20,26720
4928,0.000128,172.31.36.0-255,66,10019,20,26720
4929,0.000139,172.31.36.0-255,66,10085,20,26720
4930,0.000192,172.31.36.0-255,66,10151,20,26720
4931,0.000423,74.125.24.0-255,1484,11635,20,26720
4932,0.000429,172.31.36.0-255,66,11701,20,26720
4933,0.000436,74.125.24.0-255,2902,14603,20,26720
4934,0.000438,172.31.36.0-255,66,14669,20,26720
4935,0.000441,74.125.24.0-255,1484,16153,20,26720
4936,0.000444,172.31.36.0-255,66,16219,20,26720
4937,0.000472,172.31.36.0-255,66,16285,20,26720
4938,0.000512,172.31.36.0-255,66,16351,20,26720
4939,0.000523,172.31.36.0-255,66,16417,20,26720
4940,0.00056,172.31.36.0-255,66,16483,20,26720
4941,0.000577,74.125.24.0-255,343,16826,20,26720
4942,0.000966,74.125.24.0-255,1484,18310,20,26720
4943,0.000971,172.31.36.0-255,66,18376,20,26720
4944,0.000977,74.125.24.0-255,2902,21278,20,26720
4945,0.000979,172.31.36.0-255,66,21344,20,26720
4946,0.000987,172.31.36.0-255,66,21410,20,26720
4947,0.001015,172.31.36.0-255,66,21476,20,26720
4948,0.001029,172.31.36.0-255,66,21542,20,26720
4949,0.001089,172.31.36.0-255,66,21608,20,26720
4950,0.001752,74.125.24.0-255,1484,23092,20,26720
4951,0.001762,74.125.24.0-255,2902,25994,20,26720
4952,0.001766,172.31.36.0-255,66,26060,20,26720
4953,0.001777,172.31.36.0-255,66,26126,20,26720
4954,0.001816,172.31.36.0-255,66,26192,20,26720
4955,0.00186,172.31.36.0-255,66,26258,20,26720
4956,0.004352,172.31.36.0-255,66,26324,20,26720
4957,0.00684,172.31.36.0-255,66,26390,20,26720
4958,0.009335,172.31.36.0-255,66,26456,20,26720
4959,0.011838,172.31.36.0-255,66,26522,20,26720
4960,0.014344,172.31.36.0-255,66,26588,20,26720
4961,0.016859,172.31.36.0-255,66,26654,20,26720
4962,0.019353,172.31.36.0-255,66,26720,20,26720
4963,0.0,172.217.194.0-255,147,147,20,74029
4964,2.8e-05,172.31.36.0-255,66,213,20,74029
4965,3.5e-05,172.217.194.0-255,1484,1697,20,74029
4966,3.9e-05,172.31.36.0-255,66,1763,20,74029
4967,4.4e-05,172.217.194.0-255,2902,4665,20,74029
4968,4.6e-05,172.31.36.0-255,66,4731,20,74029
4969,5.5e-05,172.31.36.0-255,66,4797,20,74029
4970,9.6e-05,172.217.194.0-255,3468,8265,20,74029
4971,9.9e-05,172.31.36.0-255,66,8331,20,74029
4972,0.000194,172.217.194.0-255,1484,9815,20,74029
4973,0.000199,172.31.36.0-255,66,9881,20,74029
4974,0.000204,172.217.194.0-255,2902,12783,20,74029
4975,0.000206,172.31.36.0-255,66,12849,20,74029
4976,0.000219,172.217.194.0-255,2902,15751,20,74029
4977,0.000222,172.31.36.0-255,66,15817,20,74029
4978,0.000243,172.217.194.0-255,2902,18719,20,74029
4979,0.000246,172.31.36.0-255,66,18785,20,74029
4980,0.00025,172.217.194.0-255,2902,21687,20,74029
4981,0.000252,172.31.36.0-255,66,21753,20,74029
4982,0.000265,172.217.194.0-255,3961,25714,20,74029
4983,0.000267,172.31.36.0-255,66,25780,20,74029
4984,0.000309,172.31.36.0-255,66,25846,20,74029
4985,0.000312,172.217.194.0-255,1484,27330,20,74029
4986,0.000313,172.31.36.0-255,66,27396,20,74029
4987,0.000333,172.31.36.0-255,66,27462,20,74029
4988,0.000352,172.217.194.0-255,2902,30364,20,74029
4989,0.000355,172.31.36.0-255,66,30430,20,74029
4990,0.000358,172.217.194.0-255,1125,31555,20,74029
4991,0.00036,172.31.36.0-255,66,31621,20,74029
4992,0.001491,172.217.194.0-255,1484,33105,20,74029
4993,0.001502,172.217.194.0-255,2902,36007,20,74029
4994,0.001506,172.31.36.0-255,66,36073,20,74029
4995,0.001562,172.217.194.0-255,2902,38975,20,74029
4996,0.001577,172.217.194.0-255,3961,42936,20,74029
4997,0.00161,172.217.194.0-255,1484,44420,20,74029
4998,0.001646,172.217.194.0-255,2902,47322,20,74029
4999,0.001658,172.217.194.0-255,1706,49028,20,74029
5000,0.001714,172.217.194.0-255,1484,50512,20,74029
5001,0.001726,172.217.194.0-255,1484,51996,20,74029
5002,0.001751,172.217.194.0-255,2902,54898,20,74029
5003,0.001774,172.217.194.0-255,1125,56023,20,74029
5004,0.001907,172.217.194.0-255,1484,57507,20,74029
5005,0.001932,172.217.194.0-255,2902,60409,20,74029
5006,0.002194,172.217.194.0-255,1484,61893,20,74029
5007,0.002198,172.217.194.0-255,2902,64795,20,74029
5008,0.002217,172.217.194.0-255,1484,66279,20,74029
5009,0.002234,172.217.194.0-255,2902,69181,20,74029
5010,0.002259,172.217.194.0-255,2902,72083,20,74029
5011,0.00399,172.31.36.0-255,66,72149,20,74029
5012,0.006335,172.31.36.0-255,66,72215,20,74029
5013,0.0087,172.31.36.0-255,66,72281,20,74029
5014,0.008719,172.217.194.0-255,1484,73765,20,74029
5015,0.011024,172.31.36.0-255,66,73831,20,74029
5016,0.013447,172.31.36.0-255,66,73897,20,74029
5017,0.015795,172.31.36.0-255,66,73963,20,74029
5018,0.018135,172.31.36.0-255,66,74029,20,74029
5019,0.0,74.125.24.0-255,431,431,20,19712
5020,2.4e-05,74.125.24.0-255,1484,1915,20,19712
5021,3.2e-05,172.31.36.0-255,66,1981,20,19712
5022,4.3e-05,172.31.36.0-255,66,2047,20,19712
5023,0.000104,172.31.36.0-255,66,2113,20,19712
5024,0.000133,74.125.24.0-255,3444,5557,20,19712
5025,0.000136,172.31.36.0-255,66,5623,20,19712
5026,0.000355,74.125.24.0-255,1484,7107,20,19712
5027,0.000449,74.125.24.0-255,2902,10009,20,19712
5028,0.000455,172.31.36.0-255,66,10075,20,19712
5029,0.000593,172.31.36.0-255,66,10141,20,19712
5030,0.000828,172.31.36.0-255,66,10207,20,19712
5031,0.002382,172.31.36.0-255,66,10273,20,19712
5032,0.002409,74.125.24.0-255,1484,11757,20,19712
5033,0.00252,172.31.36.0-255,66,11823,20,19712
5034,0.002831,74.125.24.0-255,1484,13307,20,19712
5035,0.002852,172.31.36.0-255,66,13373,20,19712
5036,0.002894,172.31.36.0-255,66,13439,20,19712
5037,0.003465,172.31.36.0-255,66,13505,20,19712
5038,0.003506,172.31.36.0-255,66,13571,20,19712
5039,0.004016,172.31.36.0-255,66,13637,20,19712
5040,0.004069,172.31.36.0-255,66,13703,20,19712
5041,0.004556,172.31.36.0-255,66,13769,20,19712
5042,0.004578,74.125.24.0-255,1484,15253,20,19712
5043,0.004744,172.31.36.0-255,66,15319,20,19712
5044,0.004798,74.125.24.0-255,2902,18221,20,19712
5045,0.004818,172.31.36.0-255,66,18287,20,19712
5046,0.005035,172.31.36.0-255,66,18353,20,19712
5047,0.005078,172.31.36.0-255,66,18419,20,19712
5048,0.00549,172.31.36.0-255,66,18485,20,19712
5049,0.005528,172.31.36.0-255,66,18551,20,19712
5050,0.005703,172.31.36.0-255,66,18617,20,19712
5051,0.00573,172.31.36.0-255,66,18683,20,19712
5052,0.005929,172.31.36.0-255,66,18749,20,19712
5053,0.005966,172.31.36.0-255,66,18815,20,19712
5054,0.006892,172.31.36.0-255,66,18881,20,19712
5055,0.006952,172.31.36.0-255,66,18947,20,19712
5056,0.007843,172.31.36.0-255,66,19013,20,19712
5057,0.007908,172.31.36.0-255,66,19079,20,19712
5058,0.008103,172.31.36.0-255,66,19145,20,19712
5059,0.008173,172.31.36.0-255,66,19211,20,19712
5060,0.008654,172.31.36.0-255,66,19277,20,19712
5061,0.008728,172.31.36.0-255,66,19343,20,19712
5062,0.009269,172.31.36.0-255,66,19409,20,19712
5063,0.009322,172.31.36.0-255,66,19475,20,19712
5064,0.009379,172.31.36.0-255,66,19541,20,19712
5065,0.010448,172.31.36.0-255,105,19646,20,19712
5066,0.016334,74.125.24.0-255,66,19712,20,19712
5067,0.0,74.125.68.0-255,147,147,20,83988
5068,2.3e-05,172.31.36.0-255,66,213,20,83988
5069,2.9e-05,74.125.68.0-255,1484,1697,20,83988
5070,3.4e-05,172.31.36.0-255,66,1763,20,83988
5071,3.9e-05,74.125.68.0-255,2902,4665,20,83988
5072,4.1e-05,172.31.36.0-255,66,4731,20,83988
5073,6.3e-05,172.31.36.0-255,66,4797,20,83988
5074,9.9e-05,74.125.68.0-255,1484,6281,20,83988
5075,0.000102,172.31.36.0-255,66,6347,20,83988
5076,0.000132,172.31.36.0-255,66,6413,20,83988
5077,0.000136,74.125.68.0-255,2902,9315,20,83988
5078,0.000137,172.31.36.0-255,66,9381,20,83988
5079,0.000145,172.31.36.0-255,66,9447,20,83988
5080,0.000183,172.31.36.0-255,66,9513,20,83988
5081,0.000261,74.125.68.0-255,1484,10997,20,83988
5082,0.000264,172.31.36.0-255,66,11063,20,83988
5083,0.000268,74.125.68.0-255,1484,12547,20,83988
5084,0.000269,172.31.36.0-255,66,12613,20,83988
5085,0.000287,74.125.68.0-255,1484,14097,20,83988
5086,0.000289,172.31.36.0-255,66,14163,20,83988
5087,0.000298,172.31.36.0-255,66,14229,20,83988
5088,0.000352,172.31.36.0-255,66,14295,20,83988
5089,0.000361,172.31.36.0-255,66,14361,20,83988
5090,0.000364,74.125.68.0-255,2902,17263,20,83988
5091,0.000366,172.31.36.0-255,66,17329,20,83988
5092,0.000397,172.31.36.0-255,66,17395,20,83988
5093,0.000415,74.125.68.0-255,1484,18879,20,83988
5094,0.000431,74.125.68.0-255,1401,20280,20,83988
5095,0.000433,172.31.36.0-255,66,20346,20,83988
5096,0.000435,74.125.68.0-255,128,20474,20,83988
5097,0.000559,74.125.68.0-255,1484,21958,20,83988
5098,0.000563,172.31.36.0-255,66,22024,20,83988
5099,0.000566,74.125.68.0-255,1484,23508,20,83988
5100,0.000589,74.125.68.0-255,1484,24992,20,83988
5101,0.000592,172.31.36.0-255,66,25058,20,83988
5102,0.000599,172.31.36.0-255,66,25124,20,83988
5103,0.000633,172.31.36.0-255,66,25190,20,83988
5104,0.000656,74.125.68.0-255,1125,26315,20,83988
5105,0.000663,172.31.36.0-255,66,26381,20,83988
5106,0.000696,74.125.68.0-255,2902,29283,20,83988
5107,0.000698,172.31.36.0-255,66,29349,20,83988
5108,0.000727,172.31.36.0-255,66,29415,20,83988
5109,0.000752,74.125.68.0-255,1484,30899,20,83988
5110,0.000786,74.125.68.0-255,2902,33801,20,83988
5111,0.000789,172.31.36.0-255,66,33867,20,83988
5112,0.000792,74.125.68.0-255,1484,35351,20,83988
5113,0.000815,74.125.68.0-255,1484,36835,20,83988
5114,0.000819,172.31.36.0-255,66,36901,20,83988
5115,0.000819,74.125.68.0-255,2902,39803,20,83988
5116,0.000823,172.31.36.0-255,66,39869,20,83988
5117,0.000825,172.31.36.0-255,66,39935,20,83988
5118,0.000861,172.31.36.0-255,66,40001,20,83988
5119,0.000896,74.125.68.0-255,2902,42903,20,83988
5120,0.000899,172.31.36.0-255,66,42969,20,83988
5121,0.00092,74.125.68.0-255,2184,45153,20,83988
5122,0.000923,172.31.36.0-255,66,45219,20,83988
5123,0.00095,172.31.36.0-255,66,45285,20,83988
5124,0.000978,172.31.36.0-255,66,45351,20,83988
5125,0.001007,172.31.36.0-255,66,45417,20,83988
5126,0.001031,74.125.68.0-255,2902,48319,20,83988
5127,0.001034,172.31.36.0-255,66,48385,20,83988
5128,0.001044,172.31.36.0-255,66,48451,20,83988
5129,0.001075,74.125.68.0-255,3602,52053,20,83988
5130,0.001077,172.31.36.0-255,66,52119,20,83988
5131,0.00108,74.125.68.0-255,1484,53603,20,83988
5132,0.001083,74.125.68.0-255,2902,56505,20,83988
5133,0.001085,172.31.36.0-255,66,56571,20,83988
5134,0.001134,172.31.36.0-255,66,56637,20,83988
5135,0.001143,172.31.36.0-255,66,56703,20,83988
5136,0.001171,74.125.68.0-255,1199,57902,20,83988
5137,0.001653,74.125.68.0-255,1484,59386,20,83988
5138,0.001658,172.31.36.0-255,66,59452,20,83988
5139,0.001662,74.125.68.0-255,1484,60936,20,83988
5140,0.001684,74.125.68.0-255,1484,62420,20,83988
5141,0.001686,172.31.36.0-255,66,62486,20,83988
5142,0.001695,172.31.36.0-255,66,62552,20,83988
5143,0.00171,172.31.36.0-255,66,62618,20,83988
5144,0.001713,74.125.68.0-255,2902,65520,20,83988
5145,0.001715,172.31.36.0-255,66,65586,20,83988
5146,0.001746,172.31.36.0-255,66,65652,20,83988
5147,0.00175,74.125.68.0-255,1484,67136,20,83988
5148,0.001779,172.31.36.0-255,66,67202,20,83988
5149,0.001992,74.125.68.0-255,1484,68686,20,83988
5150,0.001999,74.125.68.0-255,2902,71588,20,83988
5151,0.002002,172.31.36.0-255,66,71654,20,83988
5152,0.002026,172.31.36.0-255,66,71720,20,83988
5153,0.002097,172.31.36.0-255,66,71786,20,83988
5154,0.002106,172.31.36.0-255,66,71852,20,83988
5155,0.002151,172.31.36.0-255,66,71918,20,83988
5156,0.00222,74.125.68.0-255,1484,73402,20,83988
5157,0.002238,74.125.68.0-255,2902,76304,20,83988
5158,0.002244,74.125.68.0-255,2902,79206,20,83988
5159,0.002255,74.125.68.0-255,2902,82108,20,83988
5160,0.002258,74.125.68.0-255,1484,83592,20,83988
5161,0.007701,172.31.36.0-255,66,83658,20,83988
5162,0.009958,172.31.36.0-255,66,83724,20,83988
5163,0.012221,172.31.36.0-255,66,83790,20,83988
5164,0.014489,172.31.36.0-255,66,83856,20,83988
5165,0.016742,172.31.36.0-255,66,83922,20,83988
5166,0.018987,172.31.36.0-255,66,83988,20,83988
5167,0.0,74.125.24.0-255,153,153,20,64050
5168,2.4e-05,172.31.36.0-255,66,219,20,64050
5169,3.1e-05,74.125.24.0-255,1484,1703,20,64050
5170,3.6e-05,172.31.36.0-255,66,1769,20,64050
5171,4.2e-05,74.125.24.0-255,2902,4671,20,64050
5172,4.5e-05,172.31.36.0-255,66,4737,20,64050
5173,5.4e-05,172.31.36.0-255,66,4803,20,64050
5174,5.7e-05,74.125.24.0-255,1484,6287,20,64050
5175,6e-05,172.31.36.0-255,66,6353,20,64050
5176,0.0001,172.31.36.0-255,66,6419,20,64050
5177,0.000111,172.31.36.0-255,66,6485,20,64050
5178,0.000132,74.125.24.0-255,1484,7969,20,64050
5179,0.000135,172.31.36.0-255,66,8035,20,64050
5180,0.00016,172.31.36.0-255,66,8101,20,64050
5181,0.000169,172.31.36.0-255,66,8167,20,64050
5182,0.000223,74.125.24.0-255,3961,12128,20,64050
5183,0.000226,172.31.36.0-255,66,12194,20,64050
5184,0.000616,74.125.24.0-255,1484,13678,20,64050
5185,0.000622,172.31.36.0-255,66,13744,20,64050
5186,0.000628,74.125.24.0-255,2902,16646,20,64050
5187,0.000631,172.31.36.0-255,66,16712,20,64050
5188,0.000663,172.31.36.0-255,66,16778,20,64050
5189,0.000689,74.125.24.0-255,2902,19680,20,64050
5190,0.000691,172.31.36.0-255,66,19746,20,64050
5191,0.000715,172.31.36.0-255,66,19812,20,64050
5192,0.000718,74.125.24.0-255,1484,21296,20,64050
5193,0.000739,74.125.24.0-255,2902,24198,20,64050
5194,0.000819,74.125.24.0-255,1484,25682,20,64050
5195,0.000844,74.125.24.0-255,3602,29284,20,64050
5196,0.001313,74.125.24.0-255,1484,30768,20,64050
5197,0.001322,74.125.24.0-255,2902,33670,20,64050
5198,0.001325,74.125.24.0-255,1484,35154,20,64050
5199,0.001351,74.125.24.0-255,1484,36638,20,64050
5200,0.001381,74.125.24.0-255,2902,39540,20,64050
5201,0.001427,74.125.24.0-255,3602,43142,20,64050
5202,0.00182,74.125.24.0-255,1484,44626,20,64050
5203,0.001827,74.125.24.0-255,2902,47528,20,64050
5204,0.00183,74.125.24.0-255,1484,49012,20,64050
5205,0.00226,74.125.24.0-255,1484,50496,20,64050
5206,0.002274,74.125.24.0-255,2902,53398,20,64050
5207,0.002302,74.125.24.0-255,2902,56300,20,64050
5208,0.002318,74.125.24.0-255,2902,59202,20,64050
5209,0.002378,74.125.24.0-255,2902,62104,20,64050
5210,0.002458,74.125.24.0-255,1484,63588,20,64050
5211,0.003867,172.31.36.0-255,66,63654,20,64050
5212,0.00626,172.31.36.0-255,66,63720,20,64050
5213,0.008673,172.31.36.0-255,66,63786,20,64050
5214,0.011087,172.31.36.0-255,66,63852,20,64050
5215,0.013515,172.31.36.0-255,66,63918,20,64050
5216,0.015962,172.31.36.0-255,66,63984,20,64050
5217,0.018425,172.31.36.0-255,66,64050,20,64050
5218,0.0,172.217.194.0-255,153,153,20,19202
5219,1.9e-05,172.31.36.0-255,66,219,20,19202
5220,2.7e-05,172.217.194.0-255,1484,1703,20,19202
5221,3e-05,172.31.36.0-255,66,1769,20,19202
5222,4.5e-05,172.217.194.0-255,2902,4671,20,19202
5223,5e-05,172.31.36.0-255,66,4737,20,19202
5224,0.0001,172.31.36.0-255,66,4803,20,19202
5225,0.000221,172.217.194.0-255,3475,8278,20,19202
5226,0.000225,172.31.36.0-255,66,8344,20,19202
5227,0.000306,172.31.36.0-255,66,8410,20,19202
5228,0.000328,172.31.36.0-255,66,8476,20,19202
5229,0.000561,172.217.194.0-255,1484,9960,20,19202
5230,0.000566,172.31.36.0-255,66,10026,20,19202
5231,0.0006,172.31.36.0-255,66,10092,20,19202
5232,0.000634,172.31.36.0-255,66,10158,20,19202
5233,0.001046,172.217.194.0-255,1125,11283,20,19202
5234,0.001051,172.31.36.0-255,66,11349,20,19202
5235,0.001076,172.217.194.0-255,1484,12833,20,19202
5236,0.001078,172.31.36.0-255,66,12899,20,19202
5237,0.001108,172.31.36.0-255,66,12965,20,19202
5238,0.001219,172.31.36.0-255,66,13031,20,19202
5239,0.001237,172.217.194.0-255,1484,14515,20,19202
5240,0.00124,172.31.36.0-255,66,14581,20,19202
5241,0.001431,172.217.194.0-255,1125,15706,20,19202
5242,0.001436,172.31.36.0-255,66,15772,20,19202
5243,0.002682,172.217.194.0-255,2902,18674,20,19202
5244,0.00322,172.31.36.0-255,66,18740,20,19202
5245,0.005505,172.31.36.0-255,66,18806,20,19202
5246,0.00777,172.31.36.0-255,66,18872,20,19202
5247,0.010024,172.31.36.0-255,66,18938,20,19202
5248,0.01231,172.31.36.0-255,66,19004,20,19202
5249,0.014593,172.31.36.0-255,66,19070,20,19202
5250,0.016864,172.31.36.0-255,66,19136,20,19202
5251,0.019159,172.31.36.0-255,66,19202,20,19202
5252,0.0,104.244.42.0-255,66,66,20,66
5253,0.0,172.217.194.0-255,153,153,20,46221
5254,3.1e-05,172.31.36.0-255,66,219,20,46221
5255,3.8e-05,172.217.194.0-255,1484,1703,20,46221
5256,4.3e-05,172.31.36.0-255,66,1769,20,46221
5257,4.8e-05,172.217.194.0-255,2902,4671,20,46221
5258,5.1e-05,172.31.36.0-255,66,4737,20,46221
5259,6.1e-05,172.31.36.0-255,66,4803,20,46221
5260,9.3e-05,172.217.194.0-255,2078,6881,20,46221
5261,9.6e-05,172.31.36.0-255,66,6947,20,46221
5262,0.000594,172.217.194.0-255,1484,8431,20,46221
5263,0.0006,172.31.36.0-255,66,8497,20,46221
5264,0.000606,172.217.194.0-255,2902,11399,20,46221
5265,0.000609,172.31.36.0-255,66,11465,20,46221
5266,0.000645,172.31.36.0-255,66,11531,20,46221
5267,0.000667,172.31.36.0-255,66,11597,20,46221
5268,0.000708,172.31.36.0-255,66,11663,20,46221
5269,0.000721,172.31.36.0-255,66,11729,20,46221
5270,0.000724,172.217.194.0-255,1125,12854,20,46221
5271,0.000726,172.31.36.0-255,66,12920,20,46221
5272,0.00088,172.217.194.0-255,1484,14404,20,46221
5273,0.000884,172.31.36.0-255,66,14470,20,46221
5274,0.000889,172.217.194.0-255,1484,15954,20,46221
5275,0.000893,172.31.36.0-255,66,16020,20,46221
5276,0.000905,172.217.194.0-255,1484,17504,20,46221
5277,0.000908,172.31.36.0-255,66,17570,20,46221
5278,0.000911,172.217.194.0-255,1484,19054,20,46221
5279,0.000913,172.31.36.0-255,66,19120,20,46221
5280,0.000948,172.31.36.0-255,66,19186,20,46221
5281,0.00098,172.217.194.0-255,1484,20670,20,46221
5282,0.000992,172.217.194.0-255,1484,22154,20,46221
5283,0.000998,172.31.36.0-255,66,22220,20,46221
5284,0.001017,172.217.194.0-255,3961,26181,20,46221
5285,0.00102,172.31.36.0-255,66,26247,20,46221
5286,0.001597,172.217.194.0-255,1484,27731,20,46221
5287,0.001608,172.217.194.0-255,2902,30633,20,46221
5288,0.001613,172.31.36.0-255,66,30699,20,46221
5289,0.001706,172.217.194.0-255,286,30985,20,46221
5290,0.001829,172.217.194.0-255,1484,32469,20,46221
5291,0.001834,172.217.194.0-255,1484,33953,20,46221
5292,0.001848,172.217.194.0-255,1484,35437,20,46221
5293,0.001881,172.217.194.0-255,2902,38339,20,46221
5294,0.00195,172.217.194.0-255,2902,41241,20,46221
5295,0.001968,172.217.194.0-255,1484,42725,20,46221
5296,0.002013,172.217.194.0-255,1484,44209,20,46221
5297,0.002024,172.217.194.0-255,1484,45693,20,46221
5298,0.004253,172.31.36.0-255,66,45759,20,46221
5299,0.006286,172.31.36.0-255,66,45825,20,46221
5300,0.008299,172.31.36.0-255,66,45891,20,46221
5301,0.010345,172.31.36.0-255,66,45957,20,46221
5302,0.012401,172.31.36.0-255,66,46023,20,46221
5303,0.014403,172.31.36.0-255,66,46089,20,46221
5304,0.016398,172.31.36.0-255,66,46155,20,46221
5305,0.018357,172.31.36.0-255,66,46221,20,46221
5306,0.0,172.217.27.0-255,146,146,20,99328
5307,3.3e-05,172.31.36.0-255,66,212,20,99328
5308,4.1e-05,172.217.27.0-255,1484,1696,20,99328
5309,4.6e-05,172.31.36.0-255,66,1762,20,99328
5310,5e-05,172.217.27.0-255,2902,4664,20,99328
5311,6.4e-05,172.31.36.0-255,66,4730,20,99328
5312,7.4e-05,172.31.36.0-255,66,4796,20,99328
5313,7.8e-05,172.217.27.0-255,1968,6764,20,99328
5314,8e-05,172.31.36.0-255,66,6830,20,99328
5315,0.000112,172.217.27.0-255,2902,9732,20,99328
5316,0.000114,172.31.36.0-255,66,9798,20,99328
5317,0.000123,172.31.36.0-255,66,9864,20,99328
5318,0.000137,172.31.36.0-255,66,9930,20,99328
5319,0.00014,172.217.27.0-255,1125,11055,20,99328
5320,0.000142,172.31.36.0-255,66,11121,20,99328
5321,0.000327,172.217.27.0-255,1484,12605,20,99328
5322,0.000332,172.31.36.0-255,66,12671,20,99328
5323,0.000337,172.217.27.0-255,2902,15573,20,99328
5324,0.00034,172.31.36.0-255,66,15639,20,99328
5325,0.000356,172.31.36.0-255,66,15705,20,99328
5326,0.000364,172.31.36.0-255,66,15771,20,99328
5327,0.000402,172.217.27.0-255,2543,18314,20,99328
5328,0.000405,172.31.36.0-255,66,18380,20,99328
5329,0.000431,172.217.27.0-255,1484,19864,20,99328
5330,0.000435,172.31.36.0-255,66,19930,20,99328
5331,0.000439,172.217.27.0-255,2902,22832,20,99328
5332,0.000441,172.31.36.0-255,66,22898,20,99328
5333,0.000456,172.31.36.0-255,66,22964,20,99328
5334,0.000465,172.31.36.0-255,66,23030,20,99328
5335,0.000477,172.217.27.0-255,397,23427,20,99328
5336,0.000856,172.31.36.0-255,66,23493,20,99328
5337,0.000954,172.217.27.0-255,114,23607,20,99328
5338,0.001112,172.217.27.0-255,1484,25091,20,99328
5339,0.001117,172.31.36.0-255,66,25157,20,99328
5340,0.001123,172.217.27.0-255,2902,28059,20,99328
5341,0.001125,172.31.36.0-255,66,28125,20,99328
5342,0.001141,172.31.36.0-255,66,28191,20,99328
5343,0.001182,172.31.36.0-255,66,28257,20,99328
5344,0.001187,172.217.27.0-255,2902,31159,20,99328
5345,0.001189,172.31.36.0-255,66,31225,20,99328
5346,0.001222,172.31.36.0-255,66,31291,20,99328
5347,0.001239,172.31.36.0-255,66,31357,20,99328
5348,0.00129,172.217.27.0-255,2543,33900,20,99328
5349,0.001294,172.31.36.0-255,66,33966,20,99328
5350,0.002912,172.217.27.0-255,2902,36868,20,99328
5351,0.002919,172.31.36.0-255,66,36934,20,99328
5352,0.002962,172.217.27.0-255,2902,39836,20,99328
5353,0.002965,172.31.36.0-255,66,39902,20,99328
5354,0.004586,172.217.27.0-255,2902,42804,20,99328
5355,0.004588,172.31.36.0-255,66,42870,20,99328
5356,0.004624,172.217.27.0-255,2902,45772,20,99328
5357,0.004626,172.31.36.0-255,66,45838,20,99328
5358,0.006282,172.217.27.0-255,2902,48740,20,99328
5359,0.006287,172.31.36.0-255,66,48806,20,99328
5360,0.006316,172.217.27.0-255,1484,50290,20,99328
5361,0.006327,172.217.27.0-255,1484,51774,20,99328
5362,0.00633,172.31.36.0-255,66,51840,20,99328
5363,0.007957,172.217.27.0-255,2902,54742,20,99328
5364,0.007962,172.31.36.0-255,66,54808,20,99328
5365,0.007993,172.217.27.0-255,2902,57710,20,99328
5366,0.007996,172.31.36.0-255,66,57776,20,99328
5367,0.00964,172.217.27.0-255,2902,60678,20,99328
5368,0.009649,172.31.36.0-255,66,60744,20,99328
5369,0.00968,172.217.27.0-255,2902,63646,20,99328
5370,0.009684,172.31.36.0-255,66,63712,20,99328
5371,0.011321,172.217.27.0-255,2902,66614,20,99328
5372,0.011327,172.31.36.0-255,66,66680,20,99328
5373,0.011355,172.217.27.0-255,2902,69582,20,99328
5374,0.011359,172.31.36.0-255,66,69648,20,99328
5375,0.013006,172.217.27.0-255,2902,72550,20,99328
5376,0.013017,172.31.36.0-255,66,72616,20,99328
5377,0.013058,172.217.27.0-255,2902,75518,20,99328
5378,0.013061,172.31.36.0-255,66,75584,20,99328
5379,0.014705,172.217.27.0-255,2902,78486,20,99328
5380,0.014716,172.31.36.0-255,66,78552,20,99328
5381,0.014765,172.217.27.0-255,2902,81454,20,99328
5382,0.014769,172.31.36.0-255,66,81520,20,99328
5383,0.016394,172.217.27.0-255,2902,84422,20,99328
5384,0.016401,172.31.36.0-255,66,84488,20,99328
5385,0.016431,172.217.27.0-255,2902,87390,20,99328
5386,0.016433,172.31.36.0-255,66,87456,20,99328
5387,0.018071,172.217.27.0-255,2902,90358,20,99328
5388,0.018077,172.31.36.0-255,66,90424,20,99328
5389,0.018105,172.217.27.0-255,2902,93326,20,99328
5390,0.018108,172.31.36.0-255,66,93392,20,99328
5391,0.019752,172.217.27.0-255,2902,96294,20,99328
5392,0.019759,172.31.36.0-255,66,96360,20,99328
5393,0.019799,172.217.27.0-255,2902,99262,20,99328
5394,0.019803,172.31.36.0-255,66,99328,20,99328
5395,0.0,74.125.130.0-255,298,298,20,44733
5396,3.1e-05,172.31.36.0-255,66,364,20,44733
5397,3.8e-05,74.125.130.0-255,1484,1848,20,44733
5398,4.2e-05,172.31.36.0-255,66,1914,20,44733
5399,5.4e-05,74.125.130.0-255,2902,4816,20,44733
5400,5.8e-05,172.31.36.0-255,66,4882,20,44733
5401,6.7e-05,172.31.36.0-255,66,4948,20,44733
5402,7e-05,74.125.130.0-255,1484,6432,20,44733
5403,7.3e-05,172.31.36.0-255,66,6498,20,44733
5404,0.000101,74.125.130.0-255,1860,8358,20,44733
5405,0.000104,172.31.36.0-255,66,8424,20,44733
5406,0.000445,74.125.130.0-255,1484,9908,20,44733
5407,0.00045,172.31.36.0-255,66,9974,20,44733
5408,0.000476,74.125.130.0-255,2902,12876,20,44733
5409,0.000479,172.31.36.0-255,66,12942,20,44733
5410,0.000486,172.31.36.0-255,66,13008,20,44733
5411,0.000495,172.31.36.0-255,66,13074,20,44733
5412,0.000523,74.125.130.0-255,2543,15617,20,44733
5413,0.000532,172.31.36.0-255,66,15683,20,44733
5414,0.000537,74.125.130.0-255,2902,18585,20,44733
5415,0.000539,172.31.36.0-255,66,18651,20,44733
5416,0.000564,172.31.36.0-255,66,18717,20,44733
5417,0.000608,172.31.36.0-255,66,18783,20,44733
5418,0.000652,74.125.130.0-255,1484,20267,20,44733
5419,0.000656,172.31.36.0-255,66,20333,20,44733
5420,0.000661,74.125.130.0-255,2902,23235,20,44733
5421,0.000664,172.31.36.0-255,66,23301,20,44733
5422,0.000667,74.125.130.0-255,1484,24785,20,44733
5423,0.000686,74.125.130.0-255,2902,27687,20,44733
5424,0.000691,172.31.36.0-255,66,27753,20,44733
5425,0.000727,172.31.36.0-255,66,27819,20,44733
5426,0.000731,74.125.130.0-255,2543,30362,20,44733
5427,0.000734,172.31.36.0-255,66,30428,20,44733
5428,0.000756,74.125.130.0-255,360,30788,20,44733
5429,0.000936,172.31.36.0-255,66,30854,20,44733
5430,0.001616,74.125.130.0-255,383,31237,20,44733
5431,0.001658,172.31.36.0-255,66,31303,20,44733
5432,0.002094,74.125.130.0-255,1484,32787,20,44733
5433,0.002101,74.125.130.0-255,1484,34271,20,44733
5434,0.002105,172.31.36.0-255,66,34337,20,44733
5435,0.002129,74.125.130.0-255,1484,35821,20,44733
5436,0.002138,172.31.36.0-255,66,35887,20,44733
5437,0.002144,172.31.36.0-255,66,35953,20,44733
5438,0.00217,172.31.36.0-255,66,36019,20,44733
5439,0.002192,74.125.130.0-255,1484,37503,20,44733
5440,0.002213,172.31.36.0-255,66,37569,20,44733
5441,0.002239,74.125.130.0-255,2902,40471,20,44733
5442,0.002242,172.31.36.0-255,66,40537,20,44733
5443,0.002246,74.125.130.0-255,2184,42721,20,44733
5444,0.00225,172.31.36.0-255,66,42787,20,44733
5445,0.004604,172.31.36.0-255,66,42853,20,44733
5446,0.006986,172.31.36.0-255,66,42919,20,44733
5447,0.00936,172.31.36.0-255,66,42985,20,44733
5448,0.01176,172.31.36.0-255,66,43051,20,44733
5449,0.014142,172.31.36.0-255,66,43117,20,44733
5450,0.016519,172.31.36.0-255,66,43183,20,44733
5451,0.016576,74.125.130.0-255,1484,44667,20,44733
5452,0.018898,172.31.36.0-255,66,44733,20,44733
5453,0.0,172.217.194.0-255,146,146,20,101739
5454,2.7e-05,172.31.36.0-255,66,212,20,101739
5455,3.5e-05,172.217.194.0-255,1484,1696,20,101739
5456,3.9e-05,172.31.36.0-255,66,1762,20,101739
5457,4.3e-05,172.217.194.0-255,2902,4664,20,101739
5458,4.6e-05,172.31.36.0-255,66,4730,20,101739
5459,5.5e-05,172.31.36.0-255,66,4796,20,101739
5460,5.9e-05,172.217.194.0-255,1484,6280,20,101739
5461,6.1e-05,172.31.36.0-255,66,6346,20,101739
5462,8.6e-05,172.217.194.0-255,627,6973,20,101739
5463,8.9e-05,172.31.36.0-255,66,7039,20,101739
5464,0.000102,172.217.194.0-255,1484,8523,20,101739
5465,0.000104,172.31.36.0-255,66,8589,20,101739
5466,0.000112,172.31.36.0-255,66,8655,20,101739
5467,0.00013,172.217.194.0-255,1484,10139,20,101739
5468,0.000133,172.31.36.0-255,66,10205,20,101739
5469,0.000163,172.31.36.0-255,66,10271,20,101739
5470,0.000167,172.217.194.0-255,1125,11396,20,101739
5471,0.000169,172.31.36.0-255,66,11462,20,101739
5472,0.000238,172.217.194.0-255,1484,12946,20,101739
5473,0.000242,172.31.36.0-255,66,13012,20,101739
5474,0.000245,172.217.194.0-255,1484,14496,20,101739
5475,0.000247,172.31.36.0-255,66,14562,20,101739
5476,0.000262,172.217.194.0-255,1484,16046,20,101739
5477,0.000264,172.31.36.0-255,66,16112,20,101739
5478,0.000274,172.31.36.0-255,66,16178,20,101739
5479,0.000316,172.31.36.0-255,66,16244,20,101739
5480,0.000328,172.217.194.0-255,429,16673,20,101739
5481,0.000331,172.31.36.0-255,66,16739,20,101739
5482,0.000608,172.217.194.0-255,1484,18223,20,101739
5483,0.000612,172.31.36.0-255,66,18289,20,101739
5484,0.000616,172.217.194.0-255,1484,19773,20,101739
5485,0.000629,172.217.194.0-255,1484,21257,20,101739
5486,0.000642,172.31.36.0-255,66,21323,20,101739
5487,0.000652,172.217.194.0-255,1484,22807,20,101739
5488,0.000667,172.31.36.0-255,66,22873,20,101739
5489,0.000686,172.31.36.0-255,66,22939,20,101739
5490,0.000713,172.31.36.0-255,66,23005,20,101739
5491,0.000743,172.31.36.0-255,66,23071,20,101739
5492,0.000871,172.217.194.0-255,1484,24555,20,101739
5493,0.000876,172.217.194.0-255,2902,27457,20,101739
5494,0.000879,172.31.36.0-255,66,27523,20,101739
5495,0.000902,172.217.194.0-255,1484,29007,20,101739
5496,0.000921,172.217.194.0-255,1484,30491,20,101739
5497,0.000925,172.217.194.0-255,2902,33393,20,101739
5498,0.000929,172.31.36.0-255,66,33459,20,101739
5499,0.000937,172.217.194.0-255,2902,36361,20,101739
5500,0.000943,172.31.36.0-255,66,36427,20,101739
5501,0.000952,172.217.194.0-255,2902,39329,20,101739
5502,0.00096,172.31.36.0-255,66,39395,20,101739
5503,0.000963,172.217.194.0-255,1484,40879,20,101739
5504,0.000996,172.31.36.0-255,66,40945,20,101739
5505,0.001005,172.217.194.0-255,3602,44547,20,101739
5506,0.001008,172.217.194.0-255,1484,46031,20,101739
5507,0.001011,172.217.194.0-255,2902,48933,20,101739
5508,0.001016,172.31.36.0-255,66,48999,20,101739
5509,0.001034,172.31.36.0-255,66,49065,20,101739
5510,0.001058,172.217.194.0-255,1484,50549,20,101739
5511,0.00108,172.31.36.0-255,66,50615,20,101739
5512,0.001106,172.217.194.0-255,1484,52099,20,101739
5513,0.001119,172.217.194.0-255,2902,55001,20,101739
5514,0.001124,172.31.36.0-255,66,55067,20,101739
5515,0.001155,172.31.36.0-255,66,55133,20,101739
5516,0.001204,172.31.36.0-255,66,55199,20,101739
5517,0.00122,172.31.36.0-255,66,55265,20,101739
5518,0.001224,172.217.194.0-255,2902,58167,20,101739
5519,0.001237,172.31.36.0-255,66,58233,20,101739
5520,0.001251,172.31.36.0-255,66,58299,20,101739
5521,0.001379,172.217.194.0-255,1484,59783,20,101739
5522,0.001384,172.217.194.0-255,2902,62685,20,101739
5523,0.001396,172.217.194.0-255,1484,64169,20,101739
5524,0.001396,172.31.36.0-255,66,64235,20,101739
5525,0.001425,172.31.36.0-255,66,64301,20,101739
5526,0.001444,172.217.194.0-255,2902,67203,20,101739
5527,0.001451,172.31.36.0-255,66,67269,20,101739
5528,0.001466,172.31.36.0-255,66,67335,20,101739
5529,0.001501,172.31.36.0-255,66,67401,20,101739
5530,0.001826,172.217.194.0-255,1484,68885,20,101739
5531,0.001873,172.217.194.0-255,1484,70369,20,101739
5532,0.001876,172.31.36.0-255,66,70435,20,101739
5533,0.001897,172.217.194.0-255,1484,71919,20,101739
5534,0.001918,172.31.36.0-255,66,71985,20,101739
5535,0.001923,172.31.36.0-255,66,72051,20,101739
5536,0.001939,172.217.194.0-255,1484,73535,20,101739
5537,0.001968,172.31.36.0-255,66,73601,20,101739
5538,0.002036,172.217.194.0-255,1484,75085,20,101739
5539,0.002041,172.217.194.0-255,2902,77987,20,101739
5540,0.002044,172.31.36.0-255,66,78053,20,101739
5541,0.002062,172.31.36.0-255,66,78119,20,101739
5542,0.002082,172.31.36.0-255,66,78185,20,101739
5543,0.002119,172.31.36.0-255,66,78251,20,101739
5544,0.002141,172.217.194.0-255,2184,80435,20,101739
5545,0.002144,172.31.36.0-255,66,80501,20,101739
5546,0.002214,172.217.194.0-255,1484,81985,20,101739
5547,0.00223,172.217.194.0-255,2902,84887,20,101739
5548,0.002237,172.31.36.0-255,66,84953,20,101739
5549,0.002242,172.217.194.0-255,1484,86437,20,101739
5550,0.002265,172.31.36.0-255,66,86503,20,101739
5551,0.002273,172.217.194.0-255,2902,89405,20,101739
5552,0.002275,172.31.36.0-255,66,89471,20,101739
5553,0.002306,172.31.36.0-255,66,89537,20,101739
5554,0.00458,172.31.36.0-255,66,89603,20,101739
5555,0.006807,172.31.36.0-255,66,89669,20,101739
5556,0.009052,172.217.194.0-255,2902,92571,20,101739
5557,0.009056,172.31.36.0-255,66,92637,20,101739
5558,0.009074,172.217.194.0-255,2902,95539,20,101739
5559,0.009077,172.31.36.0-255,66,95605,20,101739
5560,0.011277,172.217.194.0-255,2902,98507,20,101739
5561,0.011285,172.31.36.0-255,66,98573,20,101739
5562,0.011307,172.217.194.0-255,2902,101475,20,101739
5563,0.011311,172.31.36.0-255,66,101541,20,101739
5564,0.01354,172.31.36.0-255,66,101607,20,101739
5565,0.015836,172.31.36.0-255,66,101673,20,101739
5566,0.018084,172.31.36.0-255,66,101739,20,101739
5567,0.0,172.217.194.0-255,153,153,20,44771
5568,3.3e-05,172.31.36.0-255,66,219,20,44771
5569,4e-05,172.217.194.0-255,1484,1703,20,44771
5570,4.3e-05,172.31.36.0-255,66,1769,20,44771
5571,4.8e-05,172.217.194.0-255,2902,4671,20,44771
5572,5.1e-05,172.31.36.0-255,66,4737,20,44771
5573,6.7e-05,172.31.36.0-255,66,4803,20,44771
5574,0.000115,172.31.36.0-255,66,4869,20,44771
5575,0.000125,172.31.36.0-255,66,4935,20,44771
5576,0.000416,172.217.194.0-255,1484,6419,20,44771
5577,0.000421,172.31.36.0-255,66,6485,20,44771
5578,0.000428,172.217.194.0-255,2902,9387,20,44771
5579,0.00043,172.31.36.0-255,66,9453,20,44771
5580,0.000491,172.31.36.0-255,66,9519,20,44771
5581,0.000499,172.31.36.0-255,66,9585,20,44771
5582,0.000517,172.31.36.0-255,66,9651,20,44771
5583,0.000564,172.31.36.0-255,66,9717,20,44771
5584,0.000567,172.217.194.0-255,411,10128,20,44771
5585,0.000569,172.31.36.0-255,66,10194,20,44771
5586,0.000641,172.217.194.0-255,1484,11678,20,44771
5587,0.000644,172.31.36.0-255,66,11744,20,44771
5588,0.000649,172.217.194.0-255,2902,14646,20,44771
5589,0.000652,172.31.36.0-255,66,14712,20,44771
5590,0.000683,172.31.36.0-255,66,14778,20,44771
5591,0.000687,172.217.194.0-255,2902,17680,20,44771
5592,0.000691,172.31.36.0-255,66,17746,20,44771
5593,0.000714,172.31.36.0-255,66,17812,20,44771
5594,0.000765,172.31.36.0-255,66,17878,20,44771
5595,0.000768,172.217.194.0-255,363,18241,20,44771
5596,0.001065,172.31.36.0-255,66,18307,20,44771
5597,0.001353,172.217.194.0-255,1484,19791,20,44771
5598,0.001362,172.217.194.0-255,2902,22693,20,44771
5599,0.001366,172.31.36.0-255,66,22759,20,44771
5600,0.001405,172.31.36.0-255,66,22825,20,44771
5601,0.001415,172.31.36.0-255,66,22891,20,44771
5602,0.001434,172.217.194.0-255,2902,25793,20,44771
5603,0.001436,172.31.36.0-255,66,25859,20,44771
5604,0.001461,172.31.36.0-255,66,25925,20,44771
5605,0.001477,172.31.36.0-255,66,25991,20,44771
5606,0.00148,172.217.194.0-255,766,26757,20,44771
5607,0.00213,172.217.194.0-255,1484,28241,20,44771
5608,0.002136,172.31.36.0-255,66,28307,20,44771
5609,0.002141,172.217.194.0-255,2902,31209,20,44771
5610,0.002143,172.31.36.0-255,66,31275,20,44771
5611,0.002167,172.31.36.0-255,66,31341,20,44771
5612,0.002174,172.31.36.0-255,66,31407,20,44771
5613,0.002204,172.31.36.0-255,66,31473,20,44771
5614,0.002221,172.31.36.0-255,66,31539,20,44771
5615,0.00224,172.217.194.0-255,2184,33723,20,44771
5616,0.002243,172.31.36.0-255,66,33789,20,44771
5617,0.002345,172.217.194.0-255,1484,35273,20,44771
5618,0.002363,172.217.194.0-255,2902,38175,20,44771
5619,0.002368,172.31.36.0-255,66,38241,20,44771
5620,0.002378,172.31.36.0-255,66,38307,20,44771
5621,0.002394,172.31.36.0-255,66,38373,20,44771
5622,0.00243,172.31.36.0-255,66,38439,20,44771
5623,0.002433,172.217.194.0-255,1484,39923,20,44771
5624,0.004749,172.217.194.0-255,2902,42825,20,44771
5625,0.004754,172.31.36.0-255,66,42891,20,44771
5626,0.00479,172.217.194.0-255,1484,44375,20,44771
5627,0.007049,172.31.36.0-255,66,44441,20,44771
5628,0.009348,172.31.36.0-255,66,44507,20,44771
5629,0.011675,172.31.36.0-255,66,44573,20,44771
5630,0.014029,172.31.36.0-255,66,44639,20,44771
5631,0.01633,172.31.36.0-255,66,44705,20,44771
5632,0.018646,172.31.36.0-255,66,44771,20,44771
5633,0.0,74.125.24.0-255,153,153,20,50442
5634,2e-05,172.31.36.0-255,66,219,20,50442
5635,2.7e-05,74.125.24.0-255,1484,1703,20,50442
5636,3.1e-05,172.31.36.0-255,66,1769,20,50442
5637,3.6e-05,74.125.24.0-255,2902,4671,20,50442
5638,4.7e-05,172.31.36.0-255,66,4737,20,50442
5639,5.8e-05,172.31.36.0-255,66,4803,20,50442
5640,9.9e-05,172.31.36.0-255,66,4869,20,50442
5641,0.000109,172.31.36.0-255,66,4935,20,50442
5642,0.000179,172.31.36.0-255,66,5001,20,50442
5643,0.000191,172.31.36.0-255,66,5067,20,50442
5644,0.0002,74.125.24.0-255,1468,6535,20,50442
5645,0.000202,172.31.36.0-255,66,6601,20,50442
5646,0.000291,74.125.24.0-255,1484,8085,20,50442
5647,0.000295,172.31.36.0-255,66,8151,20,50442
5648,0.0003,74.125.24.0-255,2902,11053,20,50442
5649,0.000302,172.31.36.0-255,66,11119,20,50442
5650,0.000335,172.31.36.0-255,66,11185,20,50442
5651,0.000349,172.31.36.0-255,66,11251,20,50442
5652,0.000376,74.125.24.0-255,1484,12735,20,50442
5653,0.000378,172.31.36.0-255,66,12801,20,50442
5654,0.000388,172.31.36.0-255,66,12867,20,50442
5655,0.000398,74.125.24.0-255,3880,16747,20,50442
5656,0.0004,172.31.36.0-255,66,16813,20,50442
5657,0.000566,74.125.24.0-255,1484,18297,20,50442
5658,0.000572,74.125.24.0-255,1484,19781,20,50442
5659,0.000576,172.31.36.0-255,66,19847,20,50442
5660,0.000604,74.125.24.0-255,1484,21331,20,50442
5661,0.000613,172.31.36.0-255,66,21397,20,50442
5662,0.000623,172.31.36.0-255,66,21463,20,50442
5663,0.000642,172.31.36.0-255,66,21529,20,50442
5664,0.000652,172.31.36.0-255,66,21595,20,50442
5665,0.000866,74.125.24.0-255,1484,23079,20,50442
5666,0.000873,74.125.24.0-255,2902,25981,20,50442
5667,0.000876,172.31.36.0-255,66,26047,20,50442
5668,0.000887,172.31.36.0-255,66,26113,20,50442
5669,0.000928,172.31.36.0-255,66,26179,20,50442
5670,0.000945,172.31.36.0-255,66,26245,20,50442
5671,0.00095,74.125.24.0-255,2184,28429,20,50442
5672,0.000952,172.31.36.0-255,66,28495,20,50442
5673,0.00101,74.125.24.0-255,1484,29979,20,50442
5674,0.001027,74.125.24.0-255,2902,32881,20,50442
5675,0.00103,172.31.36.0-255,66,32947,20,50442
5676,0.001039,172.31.36.0-255,66,33013,20,50442
5677,0.001076,172.31.36.0-255,66,33079,20,50442
5678,0.001085,172.31.36.0-255,66,33145,20,50442
5679,0.001113,172.31.36.0-255,66,33211,20,50442
5680,0.00115,172.31.36.0-255,66,33277,20,50442
5681,0.001188,172.31.36.0-255,66,33343,20,50442
5682,0.001197,172.31.36.0-255,66,33409,20,50442
5683,0.001265,172.31.36.0-255,66,33475,20,50442
5684,0.001288,74.125.24.0-255,1484,34959,20,50442
5685,0.001293,74.125.24.0-255,2902,37861,20,50442
5686,0.001295,172.31.36.0-255,66,37927,20,50442
5687,0.001328,172.31.36.0-255,66,37993,20,50442
5688,0.001336,172.31.36.0-255,66,38059,20,50442
5689,0.001373,172.31.36.0-255,66,38125,20,50442
5690,0.001398,172.31.36.0-255,66,38191,20,50442
5691,0.001408,172.31.36.0-255,66,38257,20,50442
5692,0.001533,74.125.24.0-255,1484,39741,20,50442
5693,0.001539,74.125.24.0-255,2902,42643,20,50442
5694,0.001542,172.31.36.0-255,66,42709,20,50442
5695,0.001567,172.31.36.0-255,66,42775,20,50442
5696,0.001578,172.31.36.0-255,66,42841,20,50442
5697,0.001626,74.125.24.0-255,1484,44325,20,50442
5698,0.001644,172.31.36.0-255,66,44391,20,50442
5699,0.001687,172.31.36.0-255,66,44457,20,50442
5700,0.001696,172.31.36.0-255,66,44523,20,50442
5701,0.001738,172.31.36.0-255,66,44589,20,50442
5702,0.001782,172.31.36.0-255,66,44655,20,50442
5703,0.001794,172.31.36.0-255,66,44721,20,50442
5704,0.001809,172.31.36.0-255,66,44787,20,50442
5705,0.002051,74.125.24.0-255,1484,46271,20,50442
5706,0.002058,74.125.24.0-255,2902,49173,20,50442
5707,0.002061,172.31.36.0-255,66,49239,20,50442
5708,0.002091,172.31.36.0-255,66,49305,20,50442
5709,0.002132,74.125.24.0-255,105,49410,20,50442
5710,0.002233,74.125.24.0-255,129,49539,20,50442
5711,0.011538,172.31.36.0-255,105,49644,20,50442
5712,0.01158,172.31.36.0-255,105,49749,20,50442
5713,0.01192,172.31.36.0-255,90,49839,20,50442
5714,0.01193,172.31.36.0-255,66,49905,20,50442
5715,0.012968,74.125.24.0-255,129,50034,20,50442
5716,0.01298,172.31.36.0-255,78,50112,20,50442
5717,0.01414,74.125.24.0-255,66,50178,20,50442
5718,0.014169,74.125.24.0-255,66,50244,20,50442
5719,0.014512,74.125.24.0-255,66,50310,20,50442
5720,0.014541,74.125.24.0-255,66,50376,20,50442
5721,0.014547,172.31.36.0-255,66,50442,20,50442
5722,0.0,74.125.24.0-255,153,153,20,41939
5723,2.3e-05,172.31.36.0-255,66,219,20,41939
5724,3e-05,74.125.24.0-255,1484,1703,20,41939
5725,3.6e-05,172.31.36.0-255,66,1769,20,41939
5726,5e-05,74.125.24.0-255,2902,4671,20,41939
5727,5.3e-05,172.31.36.0-255,66,4737,20,41939
5728,6.4e-05,172.31.36.0-255,66,4803,20,41939
5729,7.5e-05,172.31.36.0-255,66,4869,20,41939
5730,0.000102,172.31.36.0-255,66,4935,20,41939
5731,0.00012,172.31.36.0-255,66,5001,20,41939
5732,0.001535,74.125.24.0-255,1484,6485,20,41939
5733,0.001544,172.31.36.0-255,66,6551,20,41939
5734,0.001554,74.125.24.0-255,2902,9453,20,41939
5735,0.001557,172.31.36.0-255,66,9519,20,41939
5736,0.001573,172.31.36.0-255,66,9585,20,41939
5737,0.001614,172.31.36.0-255,66,9651,20,41939
5738,0.00165,172.31.36.0-255,66,9717,20,41939
5739,0.001674,74.125.24.0-255,2902,12619,20,41939
5740,0.001677,172.31.36.0-255,66,12685,20,41939
5741,0.001706,74.125.24.0-255,1399,14084,20,41939
5742,0.00171,172.31.36.0-255,66,14150,20,41939
5743,0.004019,74.125.24.0-255,131,14281,20,41939
5744,0.004022,172.31.36.0-255,66,14347,20,41939
5745,0.014203,74.125.24.0-255,1484,15831,20,41939
5746,0.014223,172.31.36.0-255,66,15897,20,41939
5747,0.014238,74.125.24.0-255,2902,18799,20,41939
5748,0.014393,172.31.36.0-255,66,18865,20,41939
5749,0.017339,74.125.24.0-255,1484,20349,20,41939
5750,0.017352,74.125.24.0-255,2902,23251,20,41939
5751,0.017357,172.31.36.0-255,66,23317,20,41939
5752,0.017458,74.125.24.0-255,2902,26219,20,41939
5753,0.017477,172.31.36.0-255,66,26285,20,41939
5754,0.017509,74.125.24.0-255,2184,28469,20,41939
5755,0.017513,74.125.24.0-255,2902,31371,20,41939
5756,0.017518,172.31.36.0-255,66,31437,20,41939
5757,0.017563,74.125.24.0-255,3602,35039,20,41939
5758,0.0176,172.31.36.0-255,66,35105,20,41939
5759,0.018249,74.125.24.0-255,1484,36589,20,41939
5760,0.018259,74.125.24.0-255,2902,39491,20,41939
5761,0.018263,172.31.36.0-255,66,39557,20,41939
5762,0.018332,172.31.36.0-255,66,39623,20,41939
5763,0.018338,172.31.36.0-255,66,39689,20,41939
5764,0.018396,74.125.24.0-255,2184,41873,20,41939
5765,0.018415,172.31.36.0-255,66,41939,20,41939
5766,0.0,74.125.24.0-255,66,66,20,66
5767,0.0,74.125.130.0-255,153,153,20,79722
5768,2e-05,172.31.36.0-255,66,219,20,79722
5769,2.7e-05,74.125.130.0-255,1484,1703,20,79722
5770,3.2e-05,172.31.36.0-255,66,1769,20,79722
5771,3.8e-05,74.125.130.0-255,2902,4671,20,79722
5772,5e-05,172.31.36.0-255,66,4737,20,79722
5773,6.2e-05,172.31.36.0-255,66,4803,20,79722
5774,7.2e-05,172.31.36.0-255,66,4869,20,79722
5775,0.000104,172.31.36.0-255,66,4935,20,79722
5776,0.000134,172.31.36.0-255,66,5001,20,79722
5777,0.000185,74.125.130.0-255,1484,6485,20,79722
5778,0.000188,172.31.36.0-255,66,6551,20,79722
5779,0.000193,74.125.130.0-255,2902,9453,20,79722
5780,0.000196,172.31.36.0-255,66,9519,20,79722
5781,0.000228,172.31.36.0-255,66,9585,20,79722
5782,0.000233,74.125.130.0-255,2902,12487,20,79722
5783,0.000235,172.31.36.0-255,66,12553,20,79722
5784,0.00027,172.31.36.0-255,66,12619,20,79722
5785,0.000281,172.31.36.0-255,66,12685,20,79722
5786,0.000307,74.125.130.0-255,1040,13725,20,79722
5787,0.000315,172.31.36.0-255,66,13791,20,79722
5788,0.000318,74.125.130.0-255,119,13910,20,79722
5789,0.00032,172.31.36.0-255,66,13976,20,79722
5790,0.000493,74.125.130.0-255,1484,15460,20,79722
5791,0.000499,172.31.36.0-255,66,15526,20,79722
5792,0.000505,74.125.130.0-255,2902,18428,20,79722
5793,0.000507,172.31.36.0-255,66,18494,20,79722
5794,0.000518,172.31.36.0-255,66,18560,20,79722
5795,0.000566,172.31.36.0-255,66,18626,20,79722
5796,0.000579,172.31.36.0-255,66,18692,20,79722
5797,0.00068,74.125.130.0-255,1484,20176,20,79722
5798,0.000685,74.125.130.0-255,2902,23078,20,79722
5799,0.000688,172.31.36.0-255,66,23144,20,79722
5800,0.000723,172.31.36.0-255,66,23210,20,79722
5801,0.000733,172.31.36.0-255,66,23276,20,79722
5802,0.000781,172.31.36.0-255,66,23342,20,79722
5803,0.000823,172.31.36.0-255,66,23408,20,79722
5804,0.000828,74.125.130.0-255,2184,25592,20,79722
5805,0.00083,172.31.36.0-255,66,25658,20,79722
5806,0.000833,74.125.130.0-255,1484,27142,20,79722
5807,0.000837,74.125.130.0-255,2902,30044,20,79722
5808,0.00084,172.31.36.0-255,66,30110,20,79722
5809,0.000844,74.125.130.0-255,2902,33012,20,79722
5810,0.000848,172.31.36.0-255,66,33078,20,79722
5811,0.00088,74.125.130.0-255,2902,35980,20,79722
5812,0.000884,172.31.36.0-255,66,36046,20,79722
5813,0.000893,172.31.36.0-255,66,36112,20,79722
5814,0.000897,74.125.130.0-255,1484,37596,20,79722
5815,0.000925,172.31.36.0-255,66,37662,20,79722
5816,0.000951,172.31.36.0-255,66,37728,20,79722
5817,0.000995,74.125.130.0-255,1484,39212,20,79722
5818,0.001,74.125.130.0-255,2902,42114,20,79722
5819,0.001004,172.31.36.0-255,66,42180,20,79722
5820,0.001031,74.125.130.0-255,1484,43664,20,79722
5821,0.00105,74.125.130.0-255,2902,46566,20,79722
5822,0.001054,172.31.36.0-255,66,46632,20,79722
5823,0.001063,172.31.36.0-255,66,46698,20,79722
5824,0.001081,172.31.36.0-255,66,46764,20,79722
5825,0.001112,74.125.130.0-255,1484,48248,20,79722
5826,0.001122,172.31.36.0-255,66,48314,20,79722
5827,0.001125,74.125.130.0-255,1484,49798,20,79722
5828,0.001128,74.125.130.0-255,1484,51282,20,79722
5829,0.00113,172.31.36.0-255,66,51348,20,79722
5830,0.001163,74.125.130.0-255,1484,52832,20,79722
5831,0.001173,172.31.36.0-255,66,52898,20,79722
5832,0.001183,172.31.36.0-255,66,52964,20,79722
5833,0.001201,172.31.36.0-255,66,53030,20,79722
5834,0.001204,74.125.130.0-255,1484,54514,20,79722
5835,0.001239,172.31.36.0-255,66,54580,20,79722
5836,0.001325,74.125.130.0-255,1484,56064,20,79722
5837,0.00133,74.125.130.0-255,2902,58966,20,79722
5838,0.001333,172.31.36.0-255,66,59032,20,79722
5839,0.001368,172.31.36.0-255,66,59098,20,79722
5840,0.001386,172.31.36.0-255,66,59164,20,79722
5841,0.001415,74.125.130.0-255,1484,60648,20,79722
5842,0.001436,172.31.36.0-255,66,60714,20,79722
5843,0.001517,74.125.130.0-255,1484,62198,20,79722
5844,0.00153,74.125.130.0-255,2902,65100,20,79722
5845,0.001534,172.31.36.0-255,66,65166,20,79722
5846,0.001538,74.125.130.0-255,2902,68068,20,79722
5847,0.00154,172.31.36.0-255,66,68134,20,79722
5848,0.001564,74.125.130.0-255,2902,71036,20,79722
5849,0.001568,172.31.36.0-255,66,71102,20,79722
5850,0.001583,172.31.36.0-255,66,71168,20,79722
5851,0.001613,172.31.36.0-255,66,71234,20,79722
5852,0.001621,74.125.130.0-255,1484,72718,20,79722
5853,0.001637,172.31.36.0-255,66,72784,20,79722
5854,0.001688,172.31.36.0-255,66,72850,20,79722
5855,0.001722,74.125.130.0-255,1484,74334,20,79722
5856,0.001739,172.31.36.0-255,66,74400,20,79722
5857,0.001742,74.125.130.0-255,1484,75884,20,79722
5858,0.001746,74.125.130.0-255,2902,78786,20,79722
5859,0.001748,172.31.36.0-255,66,78852,20,79722
5860,0.001765,172.31.36.0-255,66,78918,20,79722
5861,0.001772,172.31.36.0-255,66,78984,20,79722
5862,0.00182,172.31.36.0-255,66,79050,20,79722
5863,0.001836,172.31.36.0-255,66,79116,20,79722
5864,0.001845,172.31.36.0-255,66,79182,20,79722
5865,0.00189,172.31.36.0-255,66,79248,20,79722
5866,0.001898,172.31.36.0-255,66,79314,20,79722
5867,0.001939,172.31.36.0-255,66,79380,20,79722
5868,0.001942,74.125.130.0-255,105,79485,20,79722
5869,0.003679,172.31.36.0-255,66,79551,20,79722
5870,0.003706,172.31.36.0-255,105,79656,20,79722
5871,0.00597,74.125.130.0-255,66,79722,20,79722
5872,0.0,74.125.24.0-255,150,150,20,49342
5873,2.5e-05,172.31.36.0-255,66,216,20,49342
5874,3.2e-05,74.125.24.0-255,1484,1700,20,49342
5875,3.7e-05,172.31.36.0-255,66,1766,20,49342
5876,4.2e-05,74.125.24.0-255,2902,4668,20,49342
5877,5.2e-05,172.31.36.0-255,66,4734,20,49342
5878,6.2e-05,172.31.36.0-255,66,4800,20,49342
5879,6.5e-05,74.125.24.0-255,1484,6284,20,49342
5880,6.7e-05,172.31.36.0-255,66,6350,20,49342
5881,0.0001,74.125.24.0-255,636,6986,20,49342
5882,0.000102,172.31.36.0-255,66,7052,20,49342
5883,0.000119,74.125.24.0-255,1484,8536,20,49342
5884,0.000123,172.31.36.0-255,66,8602,20,49342
5885,0.000132,172.31.36.0-255,66,8668,20,49342
5886,0.000169,172.31.36.0-255,66,8734,20,49342
5887,0.000202,172.31.36.0-255,66,8800,20,49342
5888,0.000205,74.125.24.0-255,1125,9925,20,49342
5889,0.000206,172.31.36.0-255,66,9991,20,49342
5890,0.000225,172.31.36.0-255,66,10057,20,49342
5891,0.000231,74.125.24.0-255,3961,14018,20,49342
5892,0.000233,172.31.36.0-255,66,14084,20,49342
5893,0.000792,74.125.24.0-255,1484,15568,20,49342
5894,0.000799,172.31.36.0-255,66,15634,20,49342
5895,0.000809,74.125.24.0-255,2902,18536,20,49342
5896,0.000811,172.31.36.0-255,66,18602,20,49342
5897,0.000828,172.31.36.0-255,66,18668,20,49342
5898,0.000862,74.125.24.0-255,2543,21211,20,49342
5899,0.000876,74.125.24.0-255,645,21856,20,49342
5900,0.000907,74.125.24.0-255,1484,23340,20,49342
5901,0.00093,74.125.24.0-255,1484,24824,20,49342
5902,0.000934,172.31.36.0-255,66,24890,20,49342
5903,0.000968,172.31.36.0-255,66,24956,20,49342
5904,0.000975,74.125.24.0-255,2902,27858,20,49342
5905,0.000986,172.31.36.0-255,66,27924,20,49342
5906,0.00099,74.125.24.0-255,1484,29408,20,49342
5907,0.000991,172.31.36.0-255,66,29474,20,49342
5908,0.001049,172.31.36.0-255,66,29540,20,49342
5909,0.00114,74.125.24.0-255,1484,31024,20,49342
5910,0.001147,74.125.24.0-255,2902,33926,20,49342
5911,0.001173,172.31.36.0-255,66,33992,20,49342
5912,0.00118,172.31.36.0-255,66,34058,20,49342
5913,0.001263,172.31.36.0-255,66,34124,20,49342
5914,0.001389,74.125.24.0-255,1484,35608,20,49342
5915,0.001396,74.125.24.0-255,2902,38510,20,49342
5916,0.001504,74.125.24.0-255,3602,42112,20,49342
5917,0.001605,74.125.24.0-255,1484,43596,20,49342
5918,0.00161,74.125.24.0-255,1484,45080,20,49342
5919,0.001626,74.125.24.0-255,1484,46564,20,49342
5920,0.001717,74.125.24.0-255,2184,48748,20,49342
5921,0.001752,172.31.36.0-255,66,48814,20,49342
5922,0.00381,172.31.36.0-255,66,48880,20,49342
5923,0.005827,172.31.36.0-255,66,48946,20,49342
5924,0.00786,172.31.36.0-255,66,49012,20,49342
5925,0.009897,172.31.36.0-255,66,49078,20,49342
5926,0.011945,172.31.36.0-255,66,49144,20,49342
5927,0.013996,172.31.36.0-255,66,49210,20,49342
5928,0.016032,172.31.36.0-255,66,49276,20,49342
5929,0.018115,172.31.36.0-255,66,49342,20,49342
5930,0.0,74.125.130.0-255,297,297,20,58340
5931,1.6e-05,172.31.36.0-255,66,363,20,58340
5932,2.3e-05,74.125.130.0-255,1484,1847,20,58340
5933,2.7e-05,172.31.36.0-255,66,1913,20,58340
5934,3.8e-05,172.31.36.0-255,66,1979,20,58340
5935,5e-05,172.31.36.0-255,66,2045,20,58340
5936,7.4e-05,74.125.130.0-255,402,2447,20,58340
5937,7.7e-05,172.31.36.0-255,66,2513,20,58340
5938,0.000221,74.125.130.0-255,1484,3997,20,58340
5939,0.000225,172.31.36.0-255,66,4063,20,58340
5940,0.000231,74.125.130.0-255,2902,6965,20,58340
5941,0.000234,172.31.36.0-255,66,7031,20,58340
5942,0.000238,74.125.130.0-255,2902,9933,20,58340
5943,0.00024,172.31.36.0-255,66,9999,20,58340
5944,0.000244,74.125.130.0-255,2902,12901,20,58340
5945,0.000248,172.31.36.0-255,66,12967,20,58340
5946,0.000266,74.125.130.0-255,1484,14451,20,58340
5947,0.000268,172.31.36.0-255,66,14517,20,58340
5948,0.000327,172.31.36.0-255,66,14583,20,58340
5949,0.000498,74.125.130.0-255,1484,16067,20,58340
5950,0.000503,172.31.36.0-255,66,16133,20,58340
5951,0.00051,74.125.130.0-255,2902,19035,20,58340
5952,0.000513,172.31.36.0-255,66,19101,20,58340
5953,0.000544,172.31.36.0-255,66,19167,20,58340
5954,0.000548,74.125.130.0-255,2902,22069,20,58340
5955,0.00055,172.31.36.0-255,66,22135,20,58340
5956,0.000556,74.125.130.0-255,3961,26096,20,58340
5957,0.000558,172.31.36.0-255,66,26162,20,58340
5958,0.000618,172.31.36.0-255,66,26228,20,58340
5959,0.000646,74.125.130.0-255,2902,29130,20,58340
5960,0.000649,172.31.36.0-255,66,29196,20,58340
5961,0.000678,172.31.36.0-255,66,29262,20,58340
5962,0.000702,74.125.130.0-255,364,29626,20,58340
5963,0.000966,74.125.130.0-255,1484,31110,20,58340
5964,0.000971,172.31.36.0-255,66,31176,20,58340
5965,0.000977,74.125.130.0-255,2902,34078,20,58340
5966,0.000979,172.31.36.0-255,66,34144,20,58340
5967,0.001005,172.31.36.0-255,66,34210,20,58340
5968,0.001008,74.125.130.0-255,1484,35694,20,58340
5969,0.001031,172.31.36.0-255,66,35760,20,58340
5970,0.001067,172.31.36.0-255,66,35826,20,58340
5971,0.001098,74.125.130.0-255,3602,39428,20,58340
5972,0.001101,172.31.36.0-255,66,39494,20,58340
5973,0.001538,74.125.130.0-255,1484,40978,20,58340
5974,0.001546,74.125.130.0-255,2902,43880,20,58340
5975,0.001549,172.31.36.0-255,66,43946,20,58340
5976,0.001557,172.31.36.0-255,66,44012,20,58340
5977,0.001579,172.31.36.0-255,66,44078,20,58340
5978,0.001617,172.31.36.0-255,66,44144,20,58340
5979,0.001626,172.31.36.0-255,66,44210,20,58340
5980,0.001661,74.125.130.0-255,2184,46394,20,58340
5981,0.001663,172.31.36.0-255,66,46460,20,58340
5982,0.002113,74.125.130.0-255,1484,47944,20,58340
5983,0.002122,74.125.130.0-255,2902,50846,20,58340
5984,0.002126,172.31.36.0-255,66,50912,20,58340
5985,0.002136,172.31.36.0-255,66,50978,20,58340
5986,0.002146,172.31.36.0-255,66,51044,20,58340
5987,0.002168,172.31.36.0-255,66,51110,20,58340
5988,0.002197,172.31.36.0-255,66,51176,20,58340
5989,0.002214,74.125.130.0-255,3602,54778,20,58340
5990,0.002217,172.31.36.0-255,66,54844,20,58340
5991,0.004391,74.125.130.0-255,1484,56328,20,58340
5992,0.004432,172.31.36.0-255,66,56394,20,58340
5993,0.00663,172.31.36.0-255,66,56460,20,58340
5994,0.008817,172.31.36.0-255,66,56526,20,58340
5995,0.008835,74.125.130.0-255,1484,58010,20,58340
5996,0.01103,172.31.36.0-255,66,58076,20,58340
5997,0.013243,172.31.36.0-255,66,58142,20,58340
5998,0.015456,172.31.36.0-255,66,58208,20,58340
5999,0.01768,172.31.36.0-255,66,58274,20,58340
6000,0.019912,172.31.36.0-255,66,58340,20,58340
6001,0.0,172.217.194.0-255,153,153,20,61016
6002,3.8e-05,172.31.36.0-255,66,219,20,61016
6003,4.5e-05,172.217.194.0-255,1484,1703,20,61016
6004,5.1e-05,172.31.36.0-255,66,1769,20,61016
6005,6.4e-05,172.217.194.0-255,2902,4671,20,61016
6006,6.8e-05,172.31.36.0-255,66,4737,20,61016
6007,7.7e-05,172.31.36.0-255,66,4803,20,61016
6008,9.1e-05,172.31.36.0-255,66,4869,20,61016
6009,0.000104,172.31.36.0-255,66,4935,20,61016
6010,0.000161,172.217.194.0-255,1484,6419,20,61016
6011,0.000164,172.31.36.0-255,66,6485,20,61016
6012,0.00017,172.217.194.0-255,2902,9387,20,61016
6013,0.000172,172.31.36.0-255,66,9453,20,61016
6014,0.000177,172.217.194.0-255,2902,12355,20,61016
6015,0.000184,172.31.36.0-255,66,12421,20,61016
6016,0.000207,172.217.194.0-255,2902,15323,20,61016
6017,0.000211,172.31.36.0-255,66,15389,20,61016
6018,0.000222,172.31.36.0-255,66,15455,20,61016
6019,0.000259,172.31.36.0-255,66,15521,20,61016
6020,0.000271,172.31.36.0-255,66,15587,20,61016
6021,0.002676,172.217.194.0-255,645,16232,20,61016
6022,0.002688,172.31.36.0-255,66,16298,20,61016
6023,0.00298,172.217.194.0-255,1484,17782,20,61016
6024,0.002984,172.31.36.0-255,66,17848,20,61016
6025,0.003,172.217.194.0-255,1484,19332,20,61016
6026,0.003002,172.31.36.0-255,66,19398,20,61016
6027,0.003026,172.217.194.0-255,1484,20882,20,61016
6028,0.005037,172.217.194.0-255,1484,22366,20,61016
6029,0.005044,172.31.36.0-255,66,22432,20,61016
6030,0.005397,172.217.194.0-255,2902,25334,20,61016
6031,0.005403,172.31.36.0-255,66,25400,20,61016
6032,0.007409,172.217.194.0-255,2902,28302,20,61016
6033,0.007423,172.31.36.0-255,66,28368,20,61016
6034,0.00781,172.217.194.0-255,2902,31270,20,61016
6035,0.007817,172.31.36.0-255,66,31336,20,61016
6036,0.009803,172.217.194.0-255,2902,34238,20,61016
6037,0.009819,172.31.36.0-255,66,34304,20,61016
6038,0.010219,172.217.194.0-255,2902,37206,20,61016
6039,0.010226,172.31.36.0-255,66,37272,20,61016
6040,0.012193,172.217.194.0-255,2902,40174,20,61016
6041,0.012207,172.31.36.0-255,66,40240,20,61016
6042,0.012586,172.217.194.0-255,2902,43142,20,61016
6043,0.012594,172.31.36.0-255,66,43208,20,61016
6044,0.014615,172.217.194.0-255,2902,46110,20,61016
6045,0.014645,172.31.36.0-255,66,46176,20,61016
6046,0.01503,172.217.194.0-255,2902,49078,20,61016
6047,0.015037,172.31.36.0-255,66,49144,20,61016
6048,0.017061,172.217.194.0-255,2902,52046,20,61016
6049,0.017076,172.31.36.0-255,66,52112,20,61016
6050,0.017461,172.217.194.0-255,2902,55014,20,61016
6051,0.017467,172.31.36.0-255,66,55080,20,61016
6052,0.019521,172.217.194.0-255,2902,57982,20,61016
6053,0.019541,172.31.36.0-255,66,58048,20,61016
6054,0.019822,172.217.194.0-255,2902,60950,20,61016
6055,0.019828,172.31.36.0-255,66,61016,20,61016
6056,0.0,172.217.194.0-255,147,147,20,47453
6057,2.7e-05,172.31.36.0-255,66,213,20,47453
6058,3.4e-05,172.217.194.0-255,1484,1697,20,47453
6059,4e-05,172.31.36.0-255,66,1763,20,47453
6060,4.5e-05,172.217.194.0-255,2902,4665,20,47453
6061,4.9e-05,172.31.36.0-255,66,4731,20,47453
6062,5.9e-05,172.31.36.0-255,66,4797,20,47453
6063,8.6e-05,172.31.36.0-255,66,4863,20,47453
6064,0.000119,172.31.36.0-255,66,4929,20,47453
6065,0.000128,172.31.36.0-255,66,4995,20,47453
6066,0.000166,172.217.194.0-255,1484,6479,20,47453
6067,0.000168,172.31.36.0-255,66,6545,20,47453
6068,0.000173,172.217.194.0-255,2902,9447,20,47453
6069,0.000175,172.31.36.0-255,66,9513,20,47453
6070,0.000185,172.31.36.0-255,66,9579,20,47453
6071,0.000212,172.217.194.0-255,2902,12481,20,47453
6072,0.000214,172.31.36.0-255,66,12547,20,47453
6073,0.000242,172.31.36.0-255,66,12613,20,47453
6074,0.000256,172.31.36.0-255,66,12679,20,47453
6075,0.00026,172.217.194.0-255,2494,15173,20,47453
6076,0.000262,172.31.36.0-255,66,15239,20,47453
6077,0.000265,172.217.194.0-255,367,15606,20,47453
6078,0.000267,172.31.36.0-255,66,15672,20,47453
6079,0.000401,172.217.194.0-255,1484,17156,20,47453
6080,0.000406,172.31.36.0-255,66,17222,20,47453
6081,0.000411,172.217.194.0-255,2902,20124,20,47453
6082,0.000413,172.31.36.0-255,66,20190,20,47453
6083,0.000422,172.31.36.0-255,66,20256,20,47453
6084,0.000474,172.31.36.0-255,66,20322,20,47453
6085,0.000482,172.31.36.0-255,66,20388,20,47453
6086,0.000517,172.31.36.0-255,66,20454,20,47453
6087,0.000557,172.31.36.0-255,66,20520,20,47453
6088,0.000565,172.31.36.0-255,66,20586,20,47453
6089,0.000594,172.31.36.0-255,66,20652,20,47453
6090,0.000603,172.31.36.0-255,66,20718,20,47453
6091,0.000639,172.31.36.0-255,66,20784,20,47453
6092,0.000651,172.31.36.0-255,66,20850,20,47453
6093,0.000679,172.31.36.0-255,66,20916,20,47453
6094,0.000689,172.31.36.0-255,66,20982,20,47453
6095,0.000702,172.31.36.0-255,66,21048,20,47453
6096,0.000707,172.217.194.0-255,2902,23950,20,47453
6097,0.000709,172.31.36.0-255,66,24016,20,47453
6098,0.000737,172.31.36.0-255,66,24082,20,47453
6099,0.00076,172.217.194.0-255,1484,25566,20,47453
6100,0.000792,172.31.36.0-255,66,25632,20,47453
6101,0.000807,172.31.36.0-255,66,25698,20,47453
6102,0.000815,172.31.36.0-255,66,25764,20,47453
6103,0.00083,172.217.194.0-255,2184,27948,20,47453
6104,0.000832,172.31.36.0-255,66,28014,20,47453
6105,0.000863,172.31.36.0-255,66,28080,20,47453
6106,0.000933,172.31.36.0-255,66,28146,20,47453
6107,0.000953,172.217.194.0-255,1484,29630,20,47453
6108,0.000966,172.31.36.0-255,66,29696,20,47453
6109,0.000969,172.217.194.0-255,1484,31180,20,47453
6110,0.000976,172.217.194.0-255,2902,34082,20,47453
6111,0.000979,172.31.36.0-255,66,34148,20,47453
6112,0.000988,172.31.36.0-255,66,34214,20,47453
6113,0.001007,172.31.36.0-255,66,34280,20,47453
6114,0.00103,172.31.36.0-255,66,34346,20,47453
6115,0.001038,172.31.36.0-255,66,34412,20,47453
6116,0.001064,172.31.36.0-255,66,34478,20,47453
6117,0.001165,172.217.194.0-255,1484,35962,20,47453
6118,0.001171,172.217.194.0-255,2902,38864,20,47453
6119,0.001175,172.31.36.0-255,66,38930,20,47453
6120,0.00118,172.217.194.0-255,2902,41832,20,47453
6121,0.001182,172.31.36.0-255,66,41898,20,47453
6122,0.001198,172.217.194.0-255,2902,44800,20,47453
6123,0.0012,172.31.36.0-255,66,44866,20,47453
6124,0.001203,172.217.194.0-255,1484,46350,20,47453
6125,0.001234,172.31.36.0-255,66,46416,20,47453
6126,0.001244,172.31.36.0-255,66,46482,20,47453
6127,0.001282,172.31.36.0-255,66,46548,20,47453
6128,0.001289,172.31.36.0-255,66,46614,20,47453
6129,0.00132,172.31.36.0-255,66,46680,20,47453
6130,0.00133,172.31.36.0-255,66,46746,20,47453
6131,0.001378,172.31.36.0-255,66,46812,20,47453
6132,0.001391,172.31.36.0-255,66,46878,20,47453
6133,0.001404,172.31.36.0-255,66,46944,20,47453
6134,0.00143,172.31.36.0-255,66,47010,20,47453
6135,0.001433,172.217.194.0-255,105,47115,20,47453
6136,0.001538,172.31.36.0-255,101,47216,20,47453
6137,0.003817,172.217.194.0-255,66,47282,20,47453
6138,0.004404,172.31.36.0-255,105,47387,20,47453
6139,0.006689,172.217.194.0-255,66,47453,20,47453
6140,0.0,172.217.194.0-255,153,153,20,92522
6141,3.6e-05,172.31.36.0-255,66,219,20,92522
6142,4.3e-05,172.217.194.0-255,1484,1703,20,92522
6143,4.7e-05,172.31.36.0-255,66,1769,20,92522
6144,5.2e-05,172.217.194.0-255,2902,4671,20,92522
6145,5.5e-05,172.31.36.0-255,66,4737,20,92522
6146,6.6e-05,172.31.36.0-255,66,4803,20,92522
6147,7e-05,172.217.194.0-255,2066,6869,20,92522
6148,7.2e-05,172.31.36.0-255,66,6935,20,92522
6149,0.000361,172.217.194.0-255,1484,8419,20,92522
6150,0.000367,172.31.36.0-255,66,8485,20,92522
6151,0.000374,172.217.194.0-255,2902,11387,20,92522
6152,0.000376,172.31.36.0-255,66,11453,20,92522
6153,0.000381,172.217.194.0-255,2902,14355,20,92522
6154,0.000385,172.31.36.0-255,66,14421,20,92522
6155,0.000398,172.217.194.0-255,2902,17323,20,92522
6156,0.0004,172.31.36.0-255,66,17389,20,92522
6157,0.000421,172.217.194.0-255,2902,20291,20,92522
6158,0.000424,172.31.36.0-255,66,20357,20,92522
6159,0.000442,172.217.194.0-255,3961,24318,20,92522
6160,0.000446,172.31.36.0-255,66,24384,20,92522
6161,0.000496,172.217.194.0-255,1484,25868,20,92522
6162,0.000499,172.31.36.0-255,66,25934,20,92522
6163,0.000515,172.217.194.0-255,2902,28836,20,92522
6164,0.000519,172.31.36.0-255,66,28902,20,92522
6165,0.000524,172.217.194.0-255,2902,31804,20,92522
6166,0.000526,172.31.36.0-255,66,31870,20,92522
6167,0.000545,172.217.194.0-255,2902,34772,20,92522
6168,0.000548,172.31.36.0-255,66,34838,20,92522
6169,0.000556,172.31.36.0-255,66,34904,20,92522
6170,0.000579,172.217.194.0-255,1125,36029,20,92522
6171,0.000658,172.217.194.0-255,1484,37513,20,92522
6172,0.000662,172.31.36.0-255,66,37579,20,92522
6173,0.000665,172.217.194.0-255,1484,39063,20,92522
6174,0.00068,172.217.194.0-255,1484,40547,20,92522
6175,0.000682,172.31.36.0-255,66,40613,20,92522
6176,0.00069,172.31.36.0-255,66,40679,20,92522
6177,0.000708,172.217.194.0-255,1484,42163,20,92522
6178,0.000722,172.217.194.0-255,1484,43647,20,92522
6179,0.000726,172.31.36.0-255,66,43713,20,92522
6180,0.000743,172.31.36.0-255,66,43779,20,92522
6181,0.000812,172.217.194.0-255,380,44159,20,92522
6182,0.000841,172.31.36.0-255,66,44225,20,92522
6183,0.001004,172.217.194.0-255,1484,45709,20,92522
6184,0.001014,172.217.194.0-255,2902,48611,20,92522
6185,0.001018,172.31.36.0-255,66,48677,20,92522
6186,0.001029,172.31.36.0-255,66,48743,20,92522
6187,0.001037,172.31.36.0-255,66,48809,20,92522
6188,0.001072,172.31.36.0-255,66,48875,20,92522
6189,0.001123,172.31.36.0-255,66,48941,20,92522
6190,0.001134,172.31.36.0-255,66,49007,20,92522
6191,0.001169,172.31.36.0-255,66,49073,20,92522
6192,0.001173,172.217.194.0-255,1484,50557,20,92522
6193,0.001199,172.31.36.0-255,66,50623,20,92522
6194,0.001218,172.217.194.0-255,2902,53525,20,92522
6195,0.001221,172.31.36.0-255,66,53591,20,92522
6196,0.001224,172.217.194.0-255,1484,55075,20,92522
6197,0.001244,172.31.36.0-255,66,55141,20,92522
6198,0.001266,172.31.36.0-255,66,55207,20,92522
6199,0.001521,172.217.194.0-255,1484,56691,20,92522
6200,0.001529,172.217.194.0-255,2902,59593,20,92522
6201,0.001545,172.217.194.0-255,1484,61077,20,92522
6202,0.001592,172.217.194.0-255,1484,62561,20,92522
6203,0.001603,172.217.194.0-255,2184,64745,20,92522
6204,0.001958,172.217.194.0-255,1484,66229,20,92522
6205,0.001973,172.217.194.0-255,2902,69131,20,92522
6206,0.001992,172.217.194.0-255,1484,70615,20,92522
6207,0.002009,172.217.194.0-255,2902,73517,20,92522
6208,0.002039,172.217.194.0-255,1484,75001,20,92522
6209,0.00218,172.217.194.0-255,1484,76485,20,92522
6210,0.002184,172.217.194.0-255,1484,77969,20,92522
6211,0.002193,172.217.194.0-255,1484,79453,20,92522
6212,0.002198,172.217.194.0-255,2902,82355,20,92522
6213,0.002214,172.217.194.0-255,2902,85257,20,92522
6214,0.002254,172.217.194.0-255,2902,88159,20,92522
6215,0.002284,172.217.194.0-255,2184,90343,20,92522
6216,0.003878,172.31.36.0-255,66,90409,20,92522
6217,0.004182,172.31.36.0-255,101,90510,20,92522
6218,0.006181,172.31.36.0-255,66,90576,20,92522
6219,0.006412,172.217.194.0-255,66,90642,20,92522
6220,0.008455,172.31.36.0-255,66,90708,20,92522
6221,0.010718,172.31.36.0-255,66,90774,20,92522
6222,0.013016,172.31.36.0-255,66,90840,20,92522
6223,0.015309,172.31.36.0-255,66,90906,20,92522
6224,0.017596,172.31.36.0-255,66,90972,20,92522
6225,0.017611,172.217.194.0-255,1484,92456,20,92522
6226,0.019839,172.31.36.0-255,66,92522,20,92522
6227,0.0,172.31.36.0-255,105,105,20,459
6228,0.000213,172.31.36.0-255,90,195,20,459
6229,0.000223,172.31.36.0-255,66,261,20,459
6230,0.002826,74.125.24.0-255,66,327,20,459
6231,0.002848,74.125.24.0-255,66,393,20,459
6232,0.002865,172.31.36.0-255,66,459,20,459
6233,0.0,74.125.24.0-255,152,152,20,76086
6234,4.1e-05,172.31.36.0-255,66,218,20,76086
6235,4.8e-05,74.125.24.0-255,1484,1702,20,76086
6236,5.3e-05,172.31.36.0-255,66,1768,20,76086
6237,5.7e-05,74.125.24.0-255,2902,4670,20,76086
6238,6e-05,172.31.36.0-255,66,4736,20,76086
6239,7e-05,172.31.36.0-255,66,4802,20,76086
6240,7.5e-05,74.125.24.0-255,2012,6814,20,76086
6241,7.7e-05,172.31.36.0-255,66,6880,20,76086
6242,0.000112,172.31.36.0-255,66,6946,20,76086
6243,0.00013,74.125.24.0-255,1484,8430,20,76086
6244,0.000132,172.31.36.0-255,66,8496,20,76086
6245,0.00014,172.31.36.0-255,66,8562,20,76086
6246,0.000317,74.125.24.0-255,1484,10046,20,76086
6247,0.000322,172.31.36.0-255,66,10112,20,76086
6248,0.000329,74.125.24.0-255,2902,13014,20,76086
6249,0.000332,172.31.36.0-255,66,13080,20,76086
6250,0.000336,74.125.24.0-255,2902,15982,20,76086
6251,0.000339,172.31.36.0-255,66,16048,20,76086
6252,0.000351,74.125.24.0-255,1484,17532,20,76086
6253,0.000353,172.31.36.0-255,66,17598,20,76086
6254,0.000379,74.125.24.0-255,2902,20500,20,76086
6255,0.000383,172.31.36.0-255,66,20566,20,76086
6256,0.000392,172.31.36.0-255,66,20632,20,76086
6257,0.000423,172.31.36.0-255,66,20698,20,76086
6258,0.000433,172.31.36.0-255,66,20764,20,76086
6259,0.000458,74.125.24.0-255,2902,23666,20,76086
6260,0.000461,172.31.36.0-255,66,23732,20,76086
6261,0.00048,74.125.24.0-255,3154,26886,20,76086
6262,0.000482,172.31.36.0-255,66,26952,20,76086
6263,0.000647,74.125.24.0-255,1484,28436,20,76086
6264,0.000663,74.125.24.0-255,2902,31338,20,76086
6265,0.000666,172.31.36.0-255,66,31404,20,76086
6266,0.00067,74.125.24.0-255,1484,32888,20,76086
6267,0.000691,172.31.36.0-255,66,32954,20,76086
6268,0.000699,172.31.36.0-255,66,33020,20,76086
6269,0.000714,74.125.24.0-255,1994,35014,20,76086
6270,0.000717,172.31.36.0-255,66,35080,20,76086
6271,0.000751,74.125.24.0-255,2902,37982,20,76086
6272,0.000754,172.31.36.0-255,66,38048,20,76086
6273,0.000765,74.125.24.0-255,1484,39532,20,76086
6274,0.00077,74.125.24.0-255,2902,42434,20,76086
6275,0.000772,172.31.36.0-255,66,42500,20,76086
6276,0.000793,74.125.24.0-255,2902,45402,20,76086
6277,0.000796,172.31.36.0-255,66,45468,20,76086
6278,0.000805,172.31.36.0-255,66,45534,20,76086
6279,0.000817,74.125.24.0-255,1125,46659,20,76086
6280,0.000903,74.125.24.0-255,1484,48143,20,76086
6281,0.000907,172.31.36.0-255,66,48209,20,76086
6282,0.000912,74.125.24.0-255,2902,51111,20,76086
6283,0.000915,172.31.36.0-255,66,51177,20,76086
6284,0.000923,172.31.36.0-255,66,51243,20,76086
6285,0.000981,172.31.36.0-255,66,51309,20,76086
6286,0.001202,74.125.24.0-255,1484,52793,20,76086
6287,0.001218,74.125.24.0-255,2902,55695,20,76086
6288,0.001222,172.31.36.0-255,66,55761,20,76086
6289,0.00123,172.31.36.0-255,66,55827,20,76086
6290,0.00126,74.125.24.0-255,1484,57311,20,76086
6291,0.001275,172.31.36.0-255,66,57377,20,76086
6292,0.001286,172.31.36.0-255,66,57443,20,76086
6293,0.001341,172.31.36.0-255,66,57509,20,76086
6294,0.001376,172.31.36.0-255,66,57575,20,76086
6295,0.001383,172.31.36.0-255,101,57676,20,76086
6296,0.001543,74.125.24.0-255,1484,59160,20,76086
6297,0.00156,74.125.24.0-255,2902,62062,20,76086
6298,0.001564,172.31.36.0-255,66,62128,20,76086
6299,0.001567,74.125.24.0-255,1484,63612,20,76086
6300,0.001592,172.31.36.0-255,66,63678,20,76086
6301,0.001611,172.31.36.0-255,66,63744,20,76086
6302,0.001627,172.31.36.0-255,66,63810,20,76086
6303,0.001634,172.31.36.0-255,66,63876,20,76086
6304,0.001663,172.31.36.0-255,66,63942,20,76086
6305,0.001667,74.125.24.0-255,1484,65426,20,76086
6306,0.001679,74.125.24.0-255,2184,67610,20,76086
6307,0.001681,172.31.36.0-255,66,67676,20,76086
6308,0.001689,172.31.36.0-255,66,67742,20,76086
6309,0.001719,172.31.36.0-255,66,67808,20,76086
6310,0.001739,74.125.24.0-255,1484,69292,20,76086
6311,0.001749,172.31.36.0-255,66,69358,20,76086
6312,0.001818,172.31.36.0-255,66,69424,20,76086
6313,0.002152,74.125.24.0-255,1484,70908,20,76086
6314,0.002157,74.125.24.0-255,2902,73810,20,76086
6315,0.00216,172.31.36.0-255,66,73876,20,76086
6316,0.002185,172.31.36.0-255,66,73942,20,76086
6317,0.002201,74.125.24.0-255,1484,75426,20,76086
6318,0.00221,172.31.36.0-255,66,75492,20,76086
6319,0.002243,172.31.36.0-255,66,75558,20,76086
6320,0.002254,172.31.36.0-255,66,75624,20,76086
6321,0.003957,74.125.24.0-255,66,75690,20,76086
6322,0.004885,172.31.36.0-255,66,75756,20,76086
6323,0.007551,172.31.36.0-255,66,75822,20,76086
6324,0.010255,172.31.36.0-255,66,75888,20,76086
6325,0.012914,172.31.36.0-255,66,75954,20,76086
6326,0.015601,172.31.36.0-255,66,76020,20,76086
6327,0.018254,172.31.36.0-255,66,76086,20,76086
6328,0.0,74.125.130.0-255,153,153,20,34462
6329,3.2e-05,172.31.36.0-255,66,219,20,34462
6330,5.3e-05,74.125.130.0-255,1484,1703,20,34462
6331,5.8e-05,172.31.36.0-255,66,1769,20,34462
6332,6.4e-05,74.125.130.0-255,2902,4671,20,34462
6333,6.6e-05,172.31.36.0-255,66,4737,20,34462
6334,9.4e-05,172.31.36.0-255,66,4803,20,34462
6335,0.000113,74.125.130.0-255,1484,6287,20,34462
6336,0.000115,172.31.36.0-255,66,6353,20,34462
6337,0.000128,172.31.36.0-255,66,6419,20,34462
6338,0.000152,74.125.130.0-255,2902,9321,20,34462
6339,0.000154,172.31.36.0-255,66,9387,20,34462
6340,0.000176,172.31.36.0-255,66,9453,20,34462
6341,0.000191,74.125.130.0-255,3961,13414,20,34462
6342,0.000194,172.31.36.0-255,66,13480,20,34462
6343,0.000259,74.125.130.0-255,1484,14964,20,34462
6344,0.000262,172.31.36.0-255,66,15030,20,34462
6345,0.000266,74.125.130.0-255,1484,16514,20,34462
6346,0.000268,172.31.36.0-255,66,16580,20,34462
6347,0.000282,74.125.130.0-255,1484,18064,20,34462
6348,0.000285,172.31.36.0-255,66,18130,20,34462
6349,0.0003,74.125.130.0-255,1484,19614,20,34462
6350,0.000303,172.31.36.0-255,66,19680,20,34462
6351,0.000325,74.125.130.0-255,2902,22582,20,34462
6352,0.000329,172.31.36.0-255,66,22648,20,34462
6353,0.000338,172.31.36.0-255,66,22714,20,34462
6354,0.000368,172.31.36.0-255,66,22780,20,34462
6355,0.000387,74.125.130.0-255,2902,25682,20,34462
6356,0.00039,172.31.36.0-255,66,25748,20,34462
6357,0.000416,172.31.36.0-255,66,25814,20,34462
6358,0.000418,74.125.130.0-255,436,26250,20,34462
6359,0.00082,172.31.36.0-255,66,26316,20,34462
6360,0.002222,74.125.130.0-255,1484,27800,20,34462
6361,0.002235,74.125.130.0-255,2902,30702,20,34462
6362,0.002239,172.31.36.0-255,66,30768,20,34462
6363,0.002244,74.125.130.0-255,1484,32252,20,34462
6364,0.002263,172.31.36.0-255,66,32318,20,34462
6365,0.002274,172.31.36.0-255,66,32384,20,34462
6366,0.002283,172.31.36.0-255,66,32450,20,34462
6367,0.002307,172.31.36.0-255,66,32516,20,34462
6368,0.00452,74.125.130.0-255,1484,34000,20,34462
6369,0.004552,172.31.36.0-255,66,34066,20,34462
6370,0.006797,172.31.36.0-255,66,34132,20,34462
6371,0.009064,172.31.36.0-255,66,34198,20,34462
6372,0.011312,172.31.36.0-255,66,34264,20,34462
6373,0.013567,172.31.36.0-255,66,34330,20,34462
6374,0.01582,172.31.36.0-255,66,34396,20,34462
6375,0.018068,172.31.36.0-255,66,34462,20,34462
6376,0.0,74.125.68.0-255,153,153,20,102566
6377,2.3e-05,172.31.36.0-255,66,219,20,102566
6378,3e-05,74.125.68.0-255,1484,1703,20,102566
6379,3.4e-05,172.31.36.0-255,66,1769,20,102566
6380,4e-05,74.125.68.0-255,2902,4671,20,102566
6381,5.1e-05,172.31.36.0-255,66,4737,20,102566
6382,5.5e-05,74.125.68.0-255,1484,6221,20,102566
6383,5.7e-05,172.31.36.0-255,66,6287,20,102566
6384,6.2e-05,74.125.68.0-255,2902,9189,20,102566
6385,6.5e-05,172.31.36.0-255,66,9255,20,102566
6386,7.4e-05,172.31.36.0-255,66,9321,20,102566
6387,0.000445,74.125.68.0-255,1484,10805,20,102566
6388,0.000451,172.31.36.0-255,66,10871,20,102566
6389,0.000456,74.125.68.0-255,1484,12355,20,102566
6390,0.000459,172.31.36.0-255,66,12421,20,102566
6391,0.000464,74.125.68.0-255,2902,15323,20,102566
6392,0.000472,172.31.36.0-255,66,15389,20,102566
6393,0.000481,172.31.36.0-255,66,15455,20,102566
6394,0.00051,74.125.68.0-255,1484,16939,20,102566
6395,0.000513,172.31.36.0-255,66,17005,20,102566
6396,0.000522,172.31.36.0-255,66,17071,20,102566
6397,0.000552,74.125.68.0-255,2902,19973,20,102566
6398,0.000554,172.31.36.0-255,66,20039,20,102566
6399,0.000582,74.125.68.0-255,2902,22941,20,102566
6400,0.000585,172.31.36.0-255,66,23007,20,102566
6401,0.000593,172.31.36.0-255,66,23073,20,102566
6402,0.000601,172.31.36.0-255,66,23139,20,102566
6403,0.000639,172.31.36.0-255,66,23205,20,102566
6404,0.000643,74.125.68.0-255,1484,24689,20,102566
6405,0.000676,172.31.36.0-255,66,24755,20,102566
6406,0.000679,74.125.68.0-255,395,25150,20,102566
6407,0.000703,74.125.68.0-255,348,25498,20,102566
6408,0.000824,74.125.68.0-255,1484,26982,20,102566
6409,0.000828,172.31.36.0-255,66,27048,20,102566
6410,0.000833,74.125.68.0-255,2902,29950,20,102566
6411,0.000836,172.31.36.0-255,66,30016,20,102566
6412,0.000874,172.31.36.0-255,66,30082,20,102566
6413,0.000878,74.125.68.0-255,1484,31566,20,102566
6414,0.000882,74.125.68.0-255,2902,34468,20,102566
6415,0.000884,172.31.36.0-255,66,34534,20,102566
6416,0.000938,172.31.36.0-255,66,34600,20,102566
6417,0.000948,172.31.36.0-255,66,34666,20,102566
6418,0.000978,172.31.36.0-255,66,34732,20,102566
6419,0.001121,74.125.68.0-255,1484,36216,20,102566
6420,0.00115,74.125.68.0-255,2902,39118,20,102566
6421,0.001155,172.31.36.0-255,66,39184,20,102566
6422,0.001159,74.125.68.0-255,2902,42086,20,102566
6423,0.001161,172.31.36.0-255,66,42152,20,102566
6424,0.001189,74.125.68.0-255,2902,45054,20,102566
6425,0.001192,172.31.36.0-255,66,45120,20,102566
6426,0.001196,74.125.68.0-255,2902,48022,20,102566
6427,0.001198,172.31.36.0-255,66,48088,20,102566
6428,0.001206,172.31.36.0-255,66,48154,20,102566
6429,0.001216,172.31.36.0-255,66,48220,20,102566
6430,0.00125,74.125.68.0-255,2902,51122,20,102566
6431,0.001261,172.31.36.0-255,66,51188,20,102566
6432,0.001264,172.31.36.0-255,66,51254,20,102566
6433,0.001288,74.125.68.0-255,3602,54856,20,102566
6434,0.00129,172.31.36.0-255,66,54922,20,102566
6435,0.001311,74.125.68.0-255,2902,57824,20,102566
6436,0.001313,172.31.36.0-255,66,57890,20,102566
6437,0.001334,74.125.68.0-255,1484,59374,20,102566
6438,0.001338,74.125.68.0-255,1484,60858,20,102566
6439,0.00134,172.31.36.0-255,66,60924,20,102566
6440,0.001345,74.125.68.0-255,2902,63826,20,102566
6441,0.001347,172.31.36.0-255,66,63892,20,102566
6442,0.001355,172.31.36.0-255,66,63958,20,102566
6443,0.001381,172.31.36.0-255,66,64024,20,102566
6444,0.001432,172.31.36.0-255,66,64090,20,102566
6445,0.001444,172.31.36.0-255,66,64156,20,102566
6446,0.001447,74.125.68.0-255,766,64922,20,102566
6447,0.001503,74.125.68.0-255,1484,66406,20,102566
6448,0.001507,172.31.36.0-255,66,66472,20,102566
6449,0.001512,74.125.68.0-255,2902,69374,20,102566
6450,0.001514,172.31.36.0-255,66,69440,20,102566
6451,0.00154,172.31.36.0-255,66,69506,20,102566
6452,0.001548,172.31.36.0-255,66,69572,20,102566
6453,0.00158,172.31.36.0-255,66,69638,20,102566
6454,0.001616,172.31.36.0-255,66,69704,20,102566
6455,0.001627,172.31.36.0-255,66,69770,20,102566
6456,0.001634,74.125.68.0-255,766,70536,20,102566
6457,0.00188,74.125.68.0-255,1484,72020,20,102566
6458,0.001885,172.31.36.0-255,66,72086,20,102566
6459,0.00189,74.125.68.0-255,2902,74988,20,102566
6460,0.001892,172.31.36.0-255,66,75054,20,102566
6461,0.00192,172.31.36.0-255,66,75120,20,102566
6462,0.001959,172.31.36.0-255,66,75186,20,102566
6463,0.001969,172.31.36.0-255,66,75252,20,102566
6464,0.002004,172.31.36.0-255,66,75318,20,102566
6465,0.002031,172.31.36.0-255,66,75384,20,102566
6466,0.002072,172.31.36.0-255,66,75450,20,102566
6467,0.002083,172.31.36.0-255,66,75516,20,102566
6468,0.002111,172.31.36.0-255,66,75582,20,102566
6469,0.00217,74.125.68.0-255,1484,77066,20,102566
6470,0.002187,74.125.68.0-255,1484,78550,20,102566
6471,0.002189,172.31.36.0-255,66,78616,20,102566
6472,0.002216,74.125.68.0-255,2902,81518,20,102566
6473,0.002219,172.31.36.0-255,66,81584,20,102566
6474,0.002228,172.31.36.0-255,66,81650,20,102566
6475,0.002249,74.125.68.0-255,1484,83134,20,102566
6476,0.002254,74.125.68.0-255,2902,86036,20,102566
6477,0.002256,172.31.36.0-255,66,86102,20,102566
6478,0.002264,172.31.36.0-255,66,86168,20,102566
6479,0.002267,74.125.68.0-255,1484,87652,20,102566
6480,0.00231,172.31.36.0-255,66,87718,20,102566
6481,0.002315,74.125.68.0-255,2902,90620,20,102566
6482,0.002316,172.31.36.0-255,66,90686,20,102566
6483,0.002347,74.125.68.0-255,3602,94288,20,102566
6484,0.00235,172.31.36.0-255,66,94354,20,102566
6485,0.002383,74.125.68.0-255,1484,95838,20,102566
6486,0.002395,74.125.68.0-255,1484,97322,20,102566
6487,0.002397,172.31.36.0-255,66,97388,20,102566
6488,0.002409,74.125.68.0-255,1484,98872,20,102566
6489,0.002422,172.31.36.0-255,66,98938,20,102566
6490,0.002463,172.31.36.0-255,66,99004,20,102566
6491,0.002476,172.31.36.0-255,66,99070,20,102566
6492,0.002511,172.31.36.0-255,66,99136,20,102566
6493,0.002522,172.31.36.0-255,66,99202,20,102566
6494,0.00253,74.125.68.0-255,2902,102104,20,102566
6495,0.002532,172.31.36.0-255,66,102170,20,102566
6496,0.005029,172.31.36.0-255,66,102236,20,102566
6497,0.007543,172.31.36.0-255,66,102302,20,102566
6498,0.010049,172.31.36.0-255,66,102368,20,102566
6499,0.012568,172.31.36.0-255,66,102434,20,102566
6500,0.015084,172.31.36.0-255,66,102500,20,102566
6501,0.017596,172.31.36.0-255,66,102566,20,102566
6502,0.0,172.217.27.0-255,147,147,20,52165
6503,1.8e-05,172.31.36.0-255,66,213,20,52165
6504,2.6e-05,172.217.27.0-255,1484,1697,20,52165
6505,3e-05,172.31.36.0-255,66,1763,20,52165
6506,3.6e-05,172.217.27.0-255,2902,4665,20,52165
6507,4e-05,172.31.36.0-255,66,4731,20,52165
6508,4.3e-05,172.217.27.0-255,1484,6215,20,52165
6509,4.5e-05,172.31.36.0-255,66,6281,20,52165
6510,5.1e-05,172.217.27.0-255,2902,9183,20,52165
6511,5.3e-05,172.31.36.0-255,66,9249,20,52165
6512,7.8e-05,172.31.36.0-255,66,9315,20,52165
6513,8.9e-05,172.217.27.0-255,576,9891,20,52165
6514,9.1e-05,172.31.36.0-255,66,9957,20,52165
6515,0.000219,172.217.27.0-255,1484,11441,20,52165
6516,0.000223,172.31.36.0-255,66,11507,20,52165
6517,0.00023,172.217.27.0-255,2902,14409,20,52165
6518,0.000233,172.31.36.0-255,66,14475,20,52165
6519,0.000236,172.217.27.0-255,1484,15959,20,52165
6520,0.000238,172.31.36.0-255,66,16025,20,52165
6521,0.000262,172.31.36.0-255,66,16091,20,52165
6522,0.000265,172.217.27.0-255,1484,17575,20,52165
6523,0.000267,172.31.36.0-255,66,17641,20,52165
6524,0.000303,172.31.36.0-255,66,17707,20,52165
6525,0.000313,172.31.36.0-255,66,17773,20,52165
6526,0.000317,172.217.27.0-255,2902,20675,20,52165
6527,0.000319,172.31.36.0-255,66,20741,20,52165
6528,0.000345,172.31.36.0-255,66,20807,20,52165
6529,0.000798,172.217.27.0-255,1484,22291,20,52165
6530,0.000806,172.217.27.0-255,2902,25193,20,52165
6531,0.000809,172.31.36.0-255,66,25259,20,52165
6532,0.000843,172.217.27.0-255,2543,27802,20,52165
6533,0.000846,172.217.27.0-255,393,28195,20,52165
6534,0.000888,172.217.27.0-255,350,28545,20,52165
6535,0.000891,172.31.36.0-255,66,28611,20,52165
6536,0.001069,172.31.36.0-255,66,28677,20,52165
6537,0.001098,172.217.27.0-255,1484,30161,20,52165
6538,0.001103,172.217.27.0-255,2902,33063,20,52165
6539,0.001119,172.217.27.0-255,2902,35965,20,52165
6540,0.001137,172.217.27.0-255,2902,38867,20,52165
6541,0.001176,172.217.27.0-255,2543,41410,20,52165
6542,0.001205,172.31.36.0-255,66,41476,20,52165
6543,0.001218,172.217.27.0-255,3961,45437,20,52165
6544,0.001243,172.31.36.0-255,66,45503,20,52165
6545,0.001434,172.217.27.0-255,1484,46987,20,52165
6546,0.00144,172.217.27.0-255,2902,49889,20,52165
6547,0.001444,172.31.36.0-255,66,49955,20,52165
6548,0.001472,172.31.36.0-255,66,50021,20,52165
6549,0.001514,172.31.36.0-255,66,50087,20,52165
6550,0.003183,172.31.36.0-255,66,50153,20,52165
6551,0.004853,172.217.27.0-255,1484,51637,20,52165
6552,0.006712,172.31.36.0-255,66,51703,20,52165
6553,0.008381,172.31.36.0-255,66,51769,20,52165
6554,0.011341,172.31.36.0-255,66,51835,20,52165
6555,0.013016,172.31.36.0-255,66,51901,20,52165
6556,0.014704,172.31.36.0-255,66,51967,20,52165
6557,0.016391,172.31.36.0-255,66,52033,20,52165
6558,0.018055,172.31.36.0-255,66,52099,20,52165
6559,0.01974,172.31.36.0-255,66,52165,20,52165
6560,0.0,74.125.24.0-255,153,153,20,66494
6561,2.2e-05,172.31.36.0-255,66,219,20,66494
6562,3e-05,74.125.24.0-255,1484,1703,20,66494
6563,3.4e-05,172.31.36.0-255,66,1769,20,66494
6564,3.9e-05,74.125.24.0-255,2902,4671,20,66494
6565,4.3e-05,172.31.36.0-255,66,4737,20,66494
6566,5.1e-05,172.31.36.0-255,66,4803,20,66494
6567,8.6e-05,74.125.24.0-255,3406,8209,20,66494
6568,8.8e-05,172.31.36.0-255,66,8275,20,66494
6569,0.000142,74.125.24.0-255,1484,9759,20,66494
6570,0.000144,172.31.36.0-255,66,9825,20,66494
6571,0.000148,74.125.24.0-255,2902,12727,20,66494
6572,0.00015,172.31.36.0-255,66,12793,20,66494
6573,0.000167,172.31.36.0-255,66,12859,20,66494
6574,0.000192,74.125.24.0-255,2902,15761,20,66494
6575,0.000194,172.31.36.0-255,66,15827,20,66494
6576,0.000212,74.125.24.0-255,3961,19788,20,66494
6577,0.000215,172.31.36.0-255,66,19854,20,66494
6578,0.000225,172.31.36.0-255,66,19920,20,66494
6579,0.000259,172.31.36.0-255,66,19986,20,66494
6580,0.000322,172.31.36.0-255,66,20052,20,66494
6581,0.000331,172.31.36.0-255,66,20118,20,66494
6582,0.000366,74.125.24.0-255,1416,21534,20,66494
6583,0.000368,172.31.36.0-255,66,21600,20,66494
6584,0.000476,74.125.24.0-255,134,21734,20,66494
6585,0.00048,172.31.36.0-255,66,21800,20,66494
6586,0.000542,74.125.24.0-255,1484,23284,20,66494
6587,0.00055,74.125.24.0-255,2902,26186,20,66494
6588,0.000553,172.31.36.0-255,66,26252,20,66494
6589,0.000557,74.125.24.0-255,2902,29154,20,66494
6590,0.00056,172.31.36.0-255,66,29220,20,66494
6591,0.000571,172.31.36.0-255,66,29286,20,66494
6592,0.000608,172.31.36.0-255,66,29352,20,66494
6593,0.000614,74.125.24.0-255,3602,32954,20,66494
6594,0.000616,172.31.36.0-255,66,33020,20,66494
6595,0.000653,74.125.24.0-255,349,33369,20,66494
6596,0.001416,74.125.24.0-255,1484,34853,20,66494
6597,0.001422,172.31.36.0-255,66,34919,20,66494
6598,0.001429,74.125.24.0-255,2902,37821,20,66494
6599,0.001432,172.31.36.0-255,66,37887,20,66494
6600,0.001461,172.31.36.0-255,66,37953,20,66494
6601,0.001469,172.31.36.0-255,66,38019,20,66494
6602,0.001502,172.31.36.0-255,66,38085,20,66494
6603,0.001512,172.31.36.0-255,66,38151,20,66494
6604,0.001531,172.31.36.0-255,66,38217,20,66494
6605,0.002031,74.125.24.0-255,1484,39701,20,66494
6606,0.002038,74.125.24.0-255,1484,41185,20,66494
6607,0.002041,172.31.36.0-255,66,41251,20,66494
6608,0.002067,74.125.24.0-255,1484,42735,20,66494
6609,0.002076,172.31.36.0-255,66,42801,20,66494
6610,0.002084,172.31.36.0-255,66,42867,20,66494
6611,0.002124,172.31.36.0-255,66,42933,20,66494
6612,0.002128,74.125.24.0-255,2184,45117,20,66494
6613,0.002129,172.31.36.0-255,66,45183,20,66494
6614,0.002235,74.125.24.0-255,1484,46667,20,66494
6615,0.002241,74.125.24.0-255,2902,49569,20,66494
6616,0.002243,172.31.36.0-255,66,49635,20,66494
6617,0.002267,172.31.36.0-255,66,49701,20,66494
6618,0.00227,74.125.24.0-255,1484,51185,20,66494
6619,0.002299,172.31.36.0-255,66,51251,20,66494
6620,0.00233,172.31.36.0-255,66,51317,20,66494
6621,0.002349,172.31.36.0-255,66,51383,20,66494
6622,0.002373,74.125.24.0-255,2902,54285,20,66494
6623,0.002375,172.31.36.0-255,66,54351,20,66494
6624,0.002383,172.31.36.0-255,66,54417,20,66494
6625,0.002414,172.31.36.0-255,66,54483,20,66494
6626,0.002434,172.31.36.0-255,66,54549,20,66494
6627,0.002472,172.31.36.0-255,66,54615,20,66494
6628,0.002486,172.31.36.0-255,66,54681,20,66494
6629,0.002519,74.125.24.0-255,2902,57583,20,66494
6630,0.002522,172.31.36.0-255,66,57649,20,66494
6631,0.002536,172.31.36.0-255,66,57715,20,66494
6632,0.002552,172.31.36.0-255,66,57781,20,66494
6633,0.002614,172.31.36.0-255,66,57847,20,66494
6634,0.002622,172.31.36.0-255,66,57913,20,66494
6635,0.002634,172.31.36.0-255,66,57979,20,66494
6636,0.002671,172.31.36.0-255,66,58045,20,66494
6637,0.002673,74.125.24.0-255,1484,59529,20,66494
6638,0.002677,74.125.24.0-255,1484,61013,20,66494
6639,0.002679,172.31.36.0-255,66,61079,20,66494
6640,0.00269,172.31.36.0-255,66,61145,20,66494
6641,0.002698,172.31.36.0-255,66,61211,20,66494
6642,0.002745,172.31.36.0-255,66,61277,20,66494
6643,0.002759,172.31.36.0-255,66,61343,20,66494
6644,0.002762,74.125.24.0-255,1484,62827,20,66494
6645,0.002795,172.31.36.0-255,66,62893,20,66494
6646,0.002814,74.125.24.0-255,3193,66086,20,66494
6647,0.002817,172.31.36.0-255,66,66152,20,66494
6648,0.002829,74.125.24.0-255,105,66257,20,66494
6649,0.009457,172.31.36.0-255,66,66323,20,66494
6650,0.009494,172.31.36.0-255,105,66428,20,66494
6651,0.012096,74.125.24.0-255,66,66494,20,66494
6652,0.0,74.125.24.0-255,153,153,20,104142
6653,3.1e-05,172.31.36.0-255,66,219,20,104142
6654,3.8e-05,74.125.24.0-255,1484,1703,20,104142
6655,4.3e-05,172.31.36.0-255,66,1769,20,104142
6656,4.8e-05,74.125.24.0-255,2902,4671,20,104142
6657,5.1e-05,172.31.36.0-255,66,4737,20,104142
6658,6.9e-05,172.31.36.0-255,66,4803,20,104142
6659,7.3e-05,74.125.24.0-255,2902,7705,20,104142
6660,7.5e-05,172.31.36.0-255,66,7771,20,104142
6661,0.000102,172.31.36.0-255,66,7837,20,104142
6662,0.000148,172.31.36.0-255,66,7903,20,104142
6663,0.000159,172.31.36.0-255,66,7969,20,104142
6664,0.000198,172.31.36.0-255,66,8035,20,104142
6665,0.000258,172.31.36.0-255,66,8101,20,104142
6666,0.000261,74.125.24.0-255,132,8233,20,104142
6667,0.000262,172.31.36.0-255,66,8299,20,104142
6668,0.000378,74.125.24.0-255,1484,9783,20,104142
6669,0.000382,172.31.36.0-255,66,9849,20,104142
6670,0.000388,74.125.24.0-255,2902,12751,20,104142
6671,0.00039,172.31.36.0-255,66,12817,20,104142
6672,0.000393,74.125.24.0-255,1484,14301,20,104142
6673,0.000402,172.31.36.0-255,66,14367,20,104142
6674,0.00044,172.31.36.0-255,66,14433,20,104142
6675,0.000459,172.31.36.0-255,66,14499,20,104142
6676,0.000462,74.125.24.0-255,1484,15983,20,104142
6677,0.000505,172.31.36.0-255,66,16049,20,104142
6678,0.000968,74.125.24.0-255,1484,17533,20,104142
6679,0.000985,74.125.24.0-255,2902,20435,20,104142
6680,0.000989,172.31.36.0-255,66,20501,20,104142
6681,0.000994,74.125.24.0-255,2902,23403,20,104142
6682,0.000996,172.31.36.0-255,66,23469,20,104142
6683,0.001027,74.125.24.0-255,2902,26371,20,104142
6684,0.00103,172.31.36.0-255,66,26437,20,104142
6685,0.001037,172.31.36.0-255,66,26503,20,104142
6686,0.00107,74.125.24.0-255,2902,29405,20,104142
6687,0.001073,172.31.36.0-255,66,29471,20,104142
6688,0.001101,172.31.36.0-255,66,29537,20,104142
6689,0.001116,74.125.24.0-255,825,30362,20,104142
6690,0.00113,172.31.36.0-255,66,30428,20,104142
6691,0.001163,172.31.36.0-255,66,30494,20,104142
6692,0.001207,172.31.36.0-255,66,30560,20,104142
6693,0.001608,74.125.24.0-255,1484,32044,20,104142
6694,0.001617,74.125.24.0-255,1484,33528,20,104142
6695,0.001621,172.31.36.0-255,66,33594,20,104142
6696,0.001649,74.125.24.0-255,1484,35078,20,104142
6697,0.001661,172.31.36.0-255,66,35144,20,104142
6698,0.00167,172.31.36.0-255,66,35210,20,104142
6699,0.001708,172.31.36.0-255,66,35276,20,104142
6700,0.001716,172.31.36.0-255,66,35342,20,104142
6701,0.001759,172.31.36.0-255,66,35408,20,104142
6702,0.001795,74.125.24.0-255,1484,36892,20,104142
6703,0.0018,74.125.24.0-255,2902,39794,20,104142
6704,0.001802,172.31.36.0-255,66,39860,20,104142
6705,0.001805,74.125.24.0-255,1484,41344,20,104142
6706,0.001836,172.31.36.0-255,66,41410,20,104142
6707,0.001846,172.31.36.0-255,66,41476,20,104142
6708,0.001859,172.31.36.0-255,66,41542,20,104142
6709,0.001896,172.31.36.0-255,66,41608,20,104142
6710,0.001904,172.31.36.0-255,66,41674,20,104142
6711,0.001938,172.31.36.0-255,66,41740,20,104142
6712,0.001979,172.31.36.0-255,66,41806,20,104142
6713,0.002032,74.125.24.0-255,2902,44708,20,104142
6714,0.002038,172.31.36.0-255,66,44774,20,104142
6715,0.002071,172.31.36.0-255,66,44840,20,104142
6716,0.002075,74.125.24.0-255,2184,47024,20,104142
6717,0.002077,172.31.36.0-255,66,47090,20,104142
6718,0.002091,74.125.24.0-255,1484,48574,20,104142
6719,0.002095,74.125.24.0-255,2902,51476,20,104142
6720,0.002098,172.31.36.0-255,66,51542,20,104142
6721,0.002105,172.31.36.0-255,66,51608,20,104142
6722,0.002116,172.31.36.0-255,66,51674,20,104142
6723,0.00212,74.125.24.0-255,2902,54576,20,104142
6724,0.002123,172.31.36.0-255,66,54642,20,104142
6725,0.002166,172.31.36.0-255,66,54708,20,104142
6726,0.002192,74.125.24.0-255,2902,57610,20,104142
6727,0.002194,172.31.36.0-255,66,57676,20,104142
6728,0.002223,172.31.36.0-255,66,57742,20,104142
6729,0.002233,172.31.36.0-255,66,57808,20,104142
6730,0.002272,172.31.36.0-255,66,57874,20,104142
6731,0.002275,74.125.24.0-255,1484,59358,20,104142
6732,0.00231,172.31.36.0-255,66,59424,20,104142
6733,0.002332,74.125.24.0-255,1484,60908,20,104142
6734,0.002346,74.125.24.0-255,1484,62392,20,104142
6735,0.002348,172.31.36.0-255,66,62458,20,104142
6736,0.004558,74.125.24.0-255,1484,63942,20,104142
6737,0.00457,74.125.24.0-255,1484,65426,20,104142
6738,0.004574,172.31.36.0-255,66,65492,20,104142
6739,0.004616,74.125.24.0-255,1484,66976,20,104142
6740,0.004627,74.125.24.0-255,1484,68460,20,104142
6741,0.004629,172.31.36.0-255,66,68526,20,104142
6742,0.006847,74.125.24.0-255,2902,71428,20,104142
6743,0.006853,172.31.36.0-255,66,71494,20,104142
6744,0.0069,74.125.24.0-255,2902,74396,20,104142
6745,0.006904,172.31.36.0-255,66,74462,20,104142
6746,0.009145,74.125.24.0-255,2902,77364,20,104142
6747,0.009151,172.31.36.0-255,66,77430,20,104142
6748,0.009194,74.125.24.0-255,2902,80332,20,104142
6749,0.009197,172.31.36.0-255,66,80398,20,104142
6750,0.011446,74.125.24.0-255,2902,83300,20,104142
6751,0.011455,172.31.36.0-255,66,83366,20,104142
6752,0.01149,74.125.24.0-255,2902,86268,20,104142
6753,0.011494,172.31.36.0-255,66,86334,20,104142
6754,0.013711,74.125.24.0-255,2902,89236,20,104142
6755,0.013719,172.31.36.0-255,66,89302,20,104142
6756,0.013752,74.125.24.0-255,2902,92204,20,104142
6757,0.013754,172.31.36.0-255,66,92270,20,104142
6758,0.015984,74.125.24.0-255,2902,95172,20,104142
6759,0.015993,172.31.36.0-255,66,95238,20,104142
6760,0.016033,74.125.24.0-255,2902,98140,20,104142
6761,0.016037,172.31.36.0-255,66,98206,20,104142
6762,0.018291,74.125.24.0-255,2902,101108,20,104142
6763,0.018299,172.31.36.0-255,66,101174,20,104142
6764,0.018343,74.125.24.0-255,2902,104076,20,104142
6765,0.018348,172.31.36.0-255,66,104142,20,104142
6766,0.0,172.217.194.0-255,156,156,20,79159
6767,2.7e-05,172.31.36.0-255,66,222,20,79159
6768,3.3e-05,172.217.194.0-255,1484,1706,20,79159
6769,3.7e-05,172.31.36.0-255,66,1772,20,79159
6770,4.1e-05,172.217.194.0-255,2902,4674,20,79159
6771,4.3e-05,172.31.36.0-255,66,4740,20,79159
6772,4.9e-05,172.31.36.0-255,66,4806,20,79159
6773,7.9e-05,172.217.194.0-255,2017,6823,20,79159
6774,8.1e-05,172.31.36.0-255,66,6889,20,79159
6775,8.4e-05,172.217.194.0-255,1484,8373,20,79159
6776,8.6e-05,172.31.36.0-255,66,8439,20,79159
6777,9.9e-05,172.217.194.0-255,1484,9923,20,79159
6778,0.000101,172.31.36.0-255,66,9989,20,79159
6779,0.000105,172.217.194.0-255,2902,12891,20,79159
6780,0.000106,172.31.36.0-255,66,12957,20,79159
6781,0.000133,172.31.36.0-255,66,13023,20,79159
6782,0.000143,172.31.36.0-255,66,13089,20,79159
6783,0.000183,172.31.36.0-255,66,13155,20,79159
6784,0.000211,172.31.36.0-255,66,13221,20,79159
6785,0.000213,172.217.194.0-255,766,13987,20,79159
6786,0.000214,172.31.36.0-255,66,14053,20,79159
6787,0.001009,172.217.194.0-255,1484,15537,20,79159
6788,0.001015,172.31.36.0-255,66,15603,20,79159
6789,0.001024,172.217.194.0-255,2902,18505,20,79159
6790,0.001027,172.31.36.0-255,66,18571,20,79159
6791,0.001045,172.217.194.0-255,2902,21473,20,79159
6792,0.001048,172.31.36.0-255,66,21539,20,79159
6793,0.001062,172.217.194.0-255,2902,24441,20,79159
6794,0.001065,172.31.36.0-255,66,24507,20,79159
6795,0.001121,172.31.36.0-255,66,24573,20,79159
6796,0.002079,172.217.194.0-255,1484,26057,20,79159
6797,0.002098,172.217.194.0-255,2902,28959,20,79159
6798,0.002102,172.31.36.0-255,66,29025,20,79159
6799,0.002115,172.217.194.0-255,1484,30509,20,79159
6800,0.002135,172.31.36.0-255,66,30575,20,79159
6801,0.002164,172.217.194.0-255,2902,33477,20,79159
6802,0.002167,172.31.36.0-255,66,33543,20,79159
6803,0.002198,172.31.36.0-255,66,33609,20,79159
6804,0.002235,172.31.36.0-255,66,33675,20,79159
6805,0.002264,172.217.194.0-255,2902,36577,20,79159
6806,0.002267,172.31.36.0-255,66,36643,20,79159
6807,0.002285,172.31.36.0-255,66,36709,20,79159
6808,0.002333,172.217.194.0-255,766,37475,20,79159
6809,0.002518,172.31.36.0-255,66,37541,20,79159
6810,0.004615,172.217.194.0-255,2902,40443,20,79159
6811,0.004619,172.31.36.0-255,66,40509,20,79159
6812,0.004639,172.217.194.0-255,1484,41993,20,79159
6813,0.004869,172.217.194.0-255,1484,43477,20,79159
6814,0.004874,172.31.36.0-255,66,43543,20,79159
6815,0.006959,172.217.194.0-255,2902,46445,20,79159
6816,0.006966,172.31.36.0-255,66,46511,20,79159
6817,0.007193,172.217.194.0-255,2902,49413,20,79159
6818,0.007199,172.31.36.0-255,66,49479,20,79159
6819,0.009401,172.217.194.0-255,2902,52381,20,79159
6820,0.009409,172.31.36.0-255,66,52447,20,79159
6821,0.009546,172.217.194.0-255,2902,55349,20,79159
6822,0.009553,172.31.36.0-255,66,55415,20,79159
6823,0.011725,172.217.194.0-255,2902,58317,20,79159
6824,0.011732,172.31.36.0-255,66,58383,20,79159
6825,0.011892,172.217.194.0-255,2902,61285,20,79159
6826,0.011897,172.31.36.0-255,66,61351,20,79159
6827,0.014098,172.217.194.0-255,2902,64253,20,79159
6828,0.014106,172.31.36.0-255,66,64319,20,79159
6829,0.014228,172.217.194.0-255,2902,67221,20,79159
6830,0.014233,172.31.36.0-255,66,67287,20,79159
6831,0.016456,172.217.194.0-255,2902,70189,20,79159
6832,0.016462,172.31.36.0-255,66,70255,20,79159
6833,0.016566,172.217.194.0-255,2902,73157,20,79159
6834,0.01657,172.31.36.0-255,66,73223,20,79159
6835,0.018807,172.217.194.0-255,2902,76125,20,79159
6836,0.018816,172.31.36.0-255,66,76191,20,79159
6837,0.018871,172.217.194.0-255,2902,79093,20,79159
6838,0.018876,172.31.36.0-255,66,79159,20,79159
6839,0.0,74.125.24.0-255,146,146,20,47949
6840,2.5e-05,172.31.36.0-255,66,212,20,47949
6841,3.1e-05,74.125.24.0-255,1484,1696,20,47949
6842,3.5e-05,172.31.36.0-255,66,1762,20,47949
6843,4e-05,74.125.24.0-255,2902,4664,20,47949
6844,4.3e-05,172.31.36.0-255,66,4730,20,47949
6845,7.6e-05,172.31.36.0-255,66,4796,20,47949
6846,7.9e-05,74.125.24.0-255,1995,6791,20,47949
6847,8.1e-05,172.31.36.0-255,66,6857,20,47949
6848,0.000134,74.125.24.0-255,2902,9759,20,47949
6849,0.000138,172.31.36.0-255,66,9825,20,47949
6850,0.000164,172.31.36.0-255,66,9891,20,47949
6851,0.000175,172.31.36.0-255,66,9957,20,47949
6852,0.000196,74.125.24.0-255,1125,11082,20,47949
6853,0.000198,172.31.36.0-255,66,11148,20,47949
6854,0.000326,74.125.24.0-255,1484,12632,20,47949
6855,0.000331,172.31.36.0-255,66,12698,20,47949
6856,0.000336,74.125.24.0-255,2902,15600,20,47949
6857,0.000338,172.31.36.0-255,66,15666,20,47949
6858,0.000362,172.31.36.0-255,66,15732,20,47949
6859,0.000392,172.31.36.0-255,66,15798,20,47949
6860,0.000418,172.31.36.0-255,66,15864,20,47949
6861,0.000438,172.31.36.0-255,66,15930,20,47949
6862,0.000464,172.31.36.0-255,66,15996,20,47949
6863,0.000468,74.125.24.0-255,111,16107,20,47949
6864,0.00047,172.31.36.0-255,66,16173,20,47949
6865,0.000614,74.125.24.0-255,1484,17657,20,47949
6866,0.000618,172.31.36.0-255,66,17723,20,47949
6867,0.000623,74.125.24.0-255,2902,20625,20,47949
6868,0.000625,172.31.36.0-255,66,20691,20,47949
6869,0.000649,74.125.24.0-255,2902,23593,20,47949
6870,0.000652,172.31.36.0-255,66,23659,20,47949
6871,0.000663,172.31.36.0-255,66,23725,20,47949
6872,0.000676,172.31.36.0-255,66,23791,20,47949
6873,0.000704,172.31.36.0-255,66,23857,20,47949
6874,0.000715,74.125.24.0-255,3602,27459,20,47949
6875,0.000717,74.125.24.0-255,332,27791,20,47949
6876,0.000719,172.31.36.0-255,66,27857,20,47949
6877,0.000723,172.31.36.0-255,66,27923,20,47949
6878,0.001632,74.125.24.0-255,1484,29407,20,47949
6879,0.001639,172.31.36.0-255,66,29473,20,47949
6880,0.001664,74.125.24.0-255,2902,32375,20,47949
6881,0.001667,172.31.36.0-255,66,32441,20,47949
6882,0.001675,172.31.36.0-255,66,32507,20,47949
6883,0.001715,172.31.36.0-255,66,32573,20,47949
6884,0.001723,172.31.36.0-255,66,32639,20,47949
6885,0.001769,172.31.36.0-255,66,32705,20,47949
6886,0.001826,74.125.24.0-255,1484,34189,20,47949
6887,0.001829,172.31.36.0-255,66,34255,20,47949
6888,0.001834,74.125.24.0-255,2902,37157,20,47949
6889,0.001836,172.31.36.0-255,66,37223,20,47949
6890,0.001866,172.31.36.0-255,66,37289,20,47949
6891,0.001875,172.31.36.0-255,66,37355,20,47949
6892,0.001915,172.31.36.0-255,66,37421,20,47949
6893,0.001918,74.125.24.0-255,1484,38905,20,47949
6894,0.001974,172.31.36.0-255,66,38971,20,47949
6895,0.001983,74.125.24.0-255,766,39737,20,47949
6896,0.00206,74.125.24.0-255,1484,41221,20,47949
6897,0.002064,172.31.36.0-255,66,41287,20,47949
6898,0.002083,74.125.24.0-255,2902,44189,20,47949
6899,0.002087,74.125.24.0-255,1484,45673,20,47949
6900,0.00209,172.31.36.0-255,66,45739,20,47949
6901,0.002116,172.31.36.0-255,66,45805,20,47949
6902,0.002121,172.31.36.0-255,66,45871,20,47949
6903,0.002173,172.31.36.0-255,66,45937,20,47949
6904,0.002195,172.31.36.0-255,66,46003,20,47949
6905,0.002212,74.125.24.0-255,1484,47487,20,47949
6906,0.002242,172.31.36.0-255,66,47553,20,47949
6907,0.004811,172.31.36.0-255,66,47619,20,47949
6908,0.007422,172.31.36.0-255,66,47685,20,47949
6909,0.010035,172.31.36.0-255,66,47751,20,47949
6910,0.012682,172.31.36.0-255,66,47817,20,47949
6911,0.015281,172.31.36.0-255,66,47883,20,47949
6912,0.017876,172.31.36.0-255,66,47949,20,47949
6913,0.0,172.217.160.0-255,296,296,20,19490
6914,3.1e-05,172.31.36.0-255,66,362,20,19490
6915,3.8e-05,172.217.160.0-255,1484,1846,20,19490
6916,4.1e-05,172.31.36.0-255,66,1912,20,19490
6917,5e-05,172.31.36.0-255,66,1978,20,19490
6918,6.1e-05,172.31.36.0-255,66,2044,20,19490
6919,0.001373,172.217.160.0-255,1484,3528,20,19490
6920,0.001381,172.31.36.0-255,66,3594,20,19490
6921,0.001391,172.217.160.0-255,2902,6496,20,19490
6922,0.001393,172.31.36.0-255,66,6562,20,19490
6923,0.001403,172.31.36.0-255,66,6628,20,19490
6924,0.001439,172.31.36.0-255,66,6694,20,19490
6925,0.001482,172.217.160.0-255,1484,8178,20,19490
6926,0.001485,172.31.36.0-255,66,8244,20,19490
6927,0.00149,172.217.160.0-255,2902,11146,20,19490
6928,0.001492,172.31.36.0-255,66,11212,20,19490
6929,0.001499,172.31.36.0-255,66,11278,20,19490
6930,0.00152,172.217.160.0-255,1484,12762,20,19490
6931,0.001522,172.31.36.0-255,66,12828,20,19490
6932,0.001531,172.31.36.0-255,66,12894,20,19490
6933,0.003681,172.217.160.0-255,1484,14378,20,19490
6934,0.003687,172.31.36.0-255,66,14444,20,19490
6935,0.003694,172.217.160.0-255,2902,17346,20,19490
6936,0.003696,172.31.36.0-255,66,17412,20,19490
6937,0.003699,172.217.160.0-255,1484,18896,20,19490
6938,0.003702,172.31.36.0-255,66,18962,20,19490
6939,0.005597,172.31.36.0-255,66,19028,20,19490
6940,0.007529,172.31.36.0-255,66,19094,20,19490
6941,0.00945,172.31.36.0-255,66,19160,20,19490
6942,0.011374,172.31.36.0-255,66,19226,20,19490
6943,0.013313,172.31.36.0-255,66,19292,20,19490
6944,0.015247,172.31.36.0-255,66,19358,20,19490
6945,0.017154,172.31.36.0-255,66,19424,20,19490
6946,0.019061,172.31.36.0-255,66,19490,20,19490
6947,0.0,172.217.194.0-255,66,66,20,66
6948,0.0,172.217.194.0-255,153,153,20,44111
6949,1.7e-05,172.31.36.0-255,66,219,20,44111
6950,2.5e-05,172.217.194.0-255,1484,1703,20,44111
6951,3e-05,172.31.36.0-255,66,1769,20,44111
6952,3.5e-05,172.217.194.0-255,2902,4671,20,44111
6953,4.6e-05,172.31.36.0-255,66,4737,20,44111
6954,5.6e-05,172.31.36.0-255,66,4803,20,44111
6955,8.8e-05,172.217.194.0-255,2902,7705,20,44111
6956,9.1e-05,172.31.36.0-255,66,7771,20,44111
6957,9.6e-05,172.217.194.0-255,2055,9826,20,44111
6958,9.8e-05,172.31.36.0-255,66,9892,20,44111
6959,0.000115,172.217.194.0-255,2902,12794,20,44111
6960,0.000122,172.31.36.0-255,66,12860,20,44111
6961,0.000155,172.31.36.0-255,66,12926,20,44111
6962,0.000166,172.31.36.0-255,66,12992,20,44111
6963,0.000195,172.31.36.0-255,66,13058,20,44111
6964,0.000199,172.217.194.0-255,2902,15960,20,44111
6965,0.000201,172.31.36.0-255,66,16026,20,44111
6966,0.000242,172.31.36.0-255,66,16092,20,44111
6967,0.000251,172.31.36.0-255,66,16158,20,44111
6968,0.000272,172.217.194.0-255,3961,20119,20,44111
6969,0.000279,172.31.36.0-255,66,20185,20,44111
6970,0.000289,172.31.36.0-255,66,20251,20,44111
6971,0.000307,172.217.194.0-255,364,20615,20,44111
6972,0.00031,172.31.36.0-255,66,20681,20,44111
6973,0.000399,172.217.194.0-255,1484,22165,20,44111
6974,0.000405,172.217.194.0-255,2902,25067,20,44111
6975,0.000409,172.31.36.0-255,66,25133,20,44111
6976,0.000442,172.31.36.0-255,66,25199,20,44111
6977,0.000485,172.31.36.0-255,66,25265,20,44111
6978,0.000769,172.217.194.0-255,1484,26749,20,44111
6979,0.000776,172.217.194.0-255,2902,29651,20,44111
6980,0.00078,172.31.36.0-255,66,29717,20,44111
6981,0.00079,172.31.36.0-255,66,29783,20,44111
6982,0.000806,172.217.194.0-255,2902,32685,20,44111
6983,0.000808,172.31.36.0-255,66,32751,20,44111
6984,0.000849,172.31.36.0-255,66,32817,20,44111
6985,0.000881,172.31.36.0-255,66,32883,20,44111
6986,0.000907,172.217.194.0-255,3602,36485,20,44111
6987,0.000909,172.31.36.0-255,66,36551,20,44111
6988,0.001146,172.217.194.0-255,1484,38035,20,44111
6989,0.001153,172.217.194.0-255,2902,40937,20,44111
6990,0.001158,172.31.36.0-255,66,41003,20,44111
6991,0.001168,172.31.36.0-255,66,41069,20,44111
6992,0.001212,172.31.36.0-255,66,41135,20,44111
6993,0.001223,172.31.36.0-255,66,41201,20,44111
6994,0.001247,172.217.194.0-255,766,41967,20,44111
6995,0.00234,172.31.36.0-255,66,42033,20,44111
6996,0.003205,172.31.36.0-255,66,42099,20,44111
6997,0.004322,172.217.194.0-255,1484,43583,20,44111
6998,0.005193,172.31.36.0-255,66,43649,20,44111
6999,0.007187,172.31.36.0-255,66,43715,20,44111
7000,0.009164,172.31.36.0-255,66,43781,20,44111
7001,0.011145,172.31.36.0-255,66,43847,20,44111
7002,0.013134,172.31.36.0-255,66,43913,20,44111
7003,0.015141,172.31.36.0-255,66,43979,20,44111
7004,0.017164,172.31.36.0-255,66,44045,20,44111
7005,0.019183,172.31.36.0-255,66,44111,20,44111
7006,0.0,74.125.24.0-255,153,153,20,62968
7007,2.4e-05,172.31.36.0-255,66,219,20,62968
7008,3.1e-05,74.125.24.0-255,1484,1703,20,62968
7009,3.6e-05,172.31.36.0-255,66,1769,20,62968
7010,4.2e-05,74.125.24.0-255,2902,4671,20,62968
7011,4.6e-05,172.31.36.0-255,66,4737,20,62968
7012,5.7e-05,172.31.36.0-255,66,4803,20,62968
7013,6.1e-05,74.125.24.0-255,1941,6744,20,62968
7014,6.4e-05,172.31.36.0-255,66,6810,20,62968
7015,0.000164,74.125.24.0-255,1484,8294,20,62968
7016,0.000168,172.31.36.0-255,66,8360,20,62968
7017,0.000173,74.125.24.0-255,2902,11262,20,62968
7018,0.000176,172.31.36.0-255,66,11328,20,62968
7019,0.000179,74.125.24.0-255,1484,12812,20,62968
7020,0.000181,172.31.36.0-255,66,12878,20,62968
7021,0.000185,74.125.24.0-255,1484,14362,20,62968
7022,0.000188,172.31.36.0-255,66,14428,20,62968
7023,0.000213,172.31.36.0-255,66,14494,20,62968
7024,0.000231,74.125.24.0-255,2902,17396,20,62968
7025,0.000234,172.31.36.0-255,66,17462,20,62968
7026,0.00025,74.125.24.0-255,2543,20005,20,62968
7027,0.000253,172.31.36.0-255,66,20071,20,62968
7028,0.000262,172.31.36.0-255,66,20137,20,62968
7029,0.00029,172.31.36.0-255,66,20203,20,62968
7030,0.000307,74.125.24.0-255,2902,23105,20,62968
7031,0.000309,172.31.36.0-255,66,23171,20,62968
7032,0.000318,172.31.36.0-255,66,23237,20,62968
7033,0.000342,74.125.24.0-255,2902,26139,20,62968
7034,0.000344,172.31.36.0-255,66,26205,20,62968
7035,0.000371,172.31.36.0-255,66,26271,20,62968
7036,0.000374,74.125.24.0-255,409,26680,20,62968
7037,0.000424,74.125.24.0-255,334,27014,20,62968
7038,0.001033,172.31.36.0-255,66,27080,20,62968
7039,0.00115,74.125.24.0-255,1484,28564,20,62968
7040,0.001159,74.125.24.0-255,2902,31466,20,62968
7041,0.001162,172.31.36.0-255,66,31532,20,62968
7042,0.00118,74.125.24.0-255,2902,34434,20,62968
7043,0.001182,172.31.36.0-255,66,34500,20,62968
7044,0.001214,74.125.24.0-255,2902,37402,20,62968
7045,0.001217,172.31.36.0-255,66,37468,20,62968
7046,0.00123,172.31.36.0-255,66,37534,20,62968
7047,0.001261,172.31.36.0-255,66,37600,20,62968
7048,0.00129,172.31.36.0-255,66,37666,20,62968
7049,0.001333,74.125.24.0-255,1484,39150,20,62968
7050,0.001356,74.125.24.0-255,2902,42052,20,62968
7051,0.001359,172.31.36.0-255,66,42118,20,62968
7052,0.001369,172.31.36.0-255,66,42184,20,62968
7053,0.001376,172.31.36.0-255,66,42250,20,62968
7054,0.001413,172.31.36.0-255,66,42316,20,62968
7055,0.001426,172.31.36.0-255,66,42382,20,62968
7056,0.001702,74.125.24.0-255,1484,43866,20,62968
7057,0.001711,74.125.24.0-255,2902,46768,20,62968
7058,0.001716,172.31.36.0-255,66,46834,20,62968
7059,0.001725,172.31.36.0-255,66,46900,20,62968
7060,0.001745,74.125.24.0-255,2902,49802,20,62968
7061,0.001747,172.31.36.0-255,66,49868,20,62968
7062,0.001779,172.31.36.0-255,66,49934,20,62968
7063,0.00179,172.31.36.0-255,66,50000,20,62968
7064,0.001815,74.125.24.0-255,2184,52184,20,62968
7065,0.001818,172.31.36.0-255,66,52250,20,62968
7066,0.004619,74.125.24.0-255,1484,53734,20,62968
7067,0.004628,74.125.24.0-255,2902,56636,20,62968
7068,0.004634,172.31.36.0-255,66,56702,20,62968
7069,0.004675,74.125.24.0-255,1484,58186,20,62968
7070,0.007069,74.125.24.0-255,2902,61088,20,62968
7071,0.007077,172.31.36.0-255,66,61154,20,62968
7072,0.007093,74.125.24.0-255,1484,62638,20,62968
7073,0.009481,172.31.36.0-255,66,62704,20,62968
7074,0.011882,172.31.36.0-255,66,62770,20,62968
7075,0.014333,172.31.36.0-255,66,62836,20,62968
7076,0.016741,172.31.36.0-255,66,62902,20,62968
7077,0.019207,172.31.36.0-255,66,62968,20,62968
7078,0.0,172.217.194.0-255,145,145,20,28570
7079,3.4e-05,172.31.36.0-255,66,211,20,28570
7080,4.2e-05,172.217.194.0-255,1484,1695,20,28570
7081,4.7e-05,172.31.36.0-255,66,1761,20,28570
7082,5.2e-05,172.217.194.0-255,2902,4663,20,28570
7083,5.4e-05,172.31.36.0-255,66,4729,20,28570
7084,6.2e-05,172.31.36.0-255,66,4795,20,28570
7085,0.000101,172.31.36.0-255,66,4861,20,28570
7086,0.000111,172.217.194.0-255,2073,6934,20,28570
7087,0.000113,172.31.36.0-255,66,7000,20,28570
7088,0.000124,172.31.36.0-255,66,7066,20,28570
7089,0.000146,172.217.194.0-255,1484,8550,20,28570
7090,0.000149,172.31.36.0-255,66,8616,20,28570
7091,0.000161,172.31.36.0-255,66,8682,20,28570
7092,0.000189,172.31.36.0-255,66,8748,20,28570
7093,0.000946,172.217.194.0-255,1484,10232,20,28570
7094,0.000953,172.31.36.0-255,66,10298,20,28570
7095,0.000962,172.217.194.0-255,2902,13200,20,28570
7096,0.000964,172.31.36.0-255,66,13266,20,28570
7097,0.000989,172.217.194.0-255,2902,16168,20,28570
7098,0.000991,172.31.36.0-255,66,16234,20,28570
7099,0.000998,172.31.36.0-255,66,16300,20,28570
7100,0.001013,172.217.194.0-255,2902,19202,20,28570
7101,0.001015,172.31.36.0-255,66,19268,20,28570
7102,0.00102,172.217.194.0-255,2838,22106,20,28570
7103,0.001021,172.31.36.0-255,66,22172,20,28570
7104,0.003503,172.217.194.0-255,1484,23656,20,28570
7105,0.003511,172.217.194.0-255,2902,26558,20,28570
7106,0.003515,172.31.36.0-255,66,26624,20,28570
7107,0.003532,172.217.194.0-255,1484,28108,20,28570
7108,0.005798,172.31.36.0-255,66,28174,20,28570
7109,0.008107,172.31.36.0-255,66,28240,20,28570
7110,0.010433,172.31.36.0-255,66,28306,20,28570
7111,0.012778,172.31.36.0-255,66,28372,20,28570
7112,0.015108,172.31.36.0-255,66,28438,20,28570
7113,0.017449,172.31.36.0-255,66,28504,20,28570
7114,0.019765,172.31.36.0-255,66,28570,20,28570
7115,0.0,74.125.68.0-255,153,153,20,84206
7116,3.9e-05,172.31.36.0-255,66,219,20,84206
7117,4.6e-05,74.125.68.0-255,1484,1703,20,84206
7118,5e-05,172.31.36.0-255,66,1769,20,84206
7119,5.6e-05,74.125.68.0-255,2902,4671,20,84206
7120,5.9e-05,172.31.36.0-255,66,4737,20,84206
7121,6.3e-05,74.125.68.0-255,2902,7639,20,84206
7122,6.7e-05,172.31.36.0-255,66,7705,20,84206
7123,7.4e-05,172.31.36.0-255,66,7771,20,84206
7124,9.3e-05,74.125.68.0-255,2012,9783,20,84206
7125,9.6e-05,172.31.36.0-255,66,9849,20,84206
7126,0.00017,74.125.68.0-255,1484,11333,20,84206
7127,0.000176,172.31.36.0-255,66,11399,20,84206
7128,0.000181,74.125.68.0-255,2902,14301,20,84206
7129,0.000184,172.31.36.0-255,66,14367,20,84206
7130,0.000194,172.31.36.0-255,66,14433,20,84206
7131,0.000198,74.125.68.0-255,2902,17335,20,84206
7132,0.000201,172.31.36.0-255,66,17401,20,84206
7133,0.000238,74.125.68.0-255,3961,21362,20,84206
7134,0.000241,172.31.36.0-255,66,21428,20,84206
7135,0.000364,74.125.68.0-255,1484,22912,20,84206
7136,0.000368,172.31.36.0-255,66,22978,20,84206
7137,0.00039,74.125.68.0-255,2902,25880,20,84206
7138,0.000393,172.31.36.0-255,66,25946,20,84206
7139,0.000402,172.31.36.0-255,66,26012,20,84206
7140,0.000449,74.125.68.0-255,2902,28914,20,84206
7141,0.000455,172.31.36.0-255,66,28980,20,84206
7142,0.000473,172.31.36.0-255,66,29046,20,84206
7143,0.000484,172.31.36.0-255,66,29112,20,84206
7144,0.000495,172.31.36.0-255,66,29178,20,84206
7145,0.000499,74.125.68.0-255,110,29288,20,84206
7146,0.000784,172.31.36.0-255,66,29354,20,84206
7147,0.001049,74.125.68.0-255,332,29686,20,84206
7148,0.001382,74.125.68.0-255,1484,31170,20,84206
7149,0.001389,172.31.36.0-255,66,31236,20,84206
7150,0.001397,74.125.68.0-255,2902,34138,20,84206
7151,0.0014,172.31.36.0-255,66,34204,20,84206
7152,0.001408,172.31.36.0-255,66,34270,20,84206
7153,0.001439,172.31.36.0-255,66,34336,20,84206
7154,0.001458,172.31.36.0-255,66,34402,20,84206
7155,0.001484,172.31.36.0-255,66,34468,20,84206
7156,0.001507,74.125.68.0-255,2184,36652,20,84206
7157,0.001509,172.31.36.0-255,66,36718,20,84206
7158,0.003705,74.125.68.0-255,2902,39620,20,84206
7159,0.003709,172.31.36.0-255,66,39686,20,84206
7160,0.003729,74.125.68.0-255,2902,42588,20,84206
7161,0.003731,172.31.36.0-255,66,42654,20,84206
7162,0.005932,74.125.68.0-255,2902,45556,20,84206
7163,0.005934,172.31.36.0-255,66,45622,20,84206
7164,0.005955,74.125.68.0-255,2902,48524,20,84206
7165,0.005957,172.31.36.0-255,66,48590,20,84206
7166,0.008157,74.125.68.0-255,2902,51492,20,84206
7167,0.008165,172.31.36.0-255,66,51558,20,84206
7168,0.008185,74.125.68.0-255,2902,54460,20,84206
7169,0.008188,172.31.36.0-255,66,54526,20,84206
7170,0.010395,74.125.68.0-255,2902,57428,20,84206
7171,0.010401,172.31.36.0-255,66,57494,20,84206
7172,0.010419,74.125.68.0-255,2902,60396,20,84206
7173,0.010422,172.31.36.0-255,66,60462,20,84206
7174,0.012633,74.125.68.0-255,2902,63364,20,84206
7175,0.01264,172.31.36.0-255,66,63430,20,84206
7176,0.012661,74.125.68.0-255,2902,66332,20,84206
7177,0.012663,172.31.36.0-255,66,66398,20,84206
7178,0.01487,74.125.68.0-255,2902,69300,20,84206
7179,0.014876,172.31.36.0-255,66,69366,20,84206
7180,0.014909,74.125.68.0-255,2902,72268,20,84206
7181,0.014925,172.31.36.0-255,66,72334,20,84206
7182,0.017106,74.125.68.0-255,2902,75236,20,84206
7183,0.017115,172.31.36.0-255,66,75302,20,84206
7184,0.01715,74.125.68.0-255,2902,78204,20,84206
7185,0.017153,172.31.36.0-255,66,78270,20,84206
7186,0.019353,74.125.68.0-255,2902,81172,20,84206
7187,0.019363,172.31.36.0-255,66,81238,20,84206
7188,0.019403,74.125.68.0-255,2902,84140,20,84206
7189,0.019407,172.31.36.0-255,66,84206,20,84206
7190,0.0,74.125.24.0-255,146,146,20,77981
7191,2.2e-05,172.31.36.0-255,66,212,20,77981
7192,3e-05,74.125.24.0-255,1484,1696,20,77981
7193,3.5e-05,172.31.36.0-255,66,1762,20,77981
7194,3.9e-05,74.125.24.0-255,1484,3246,20,77981
7195,5e-05,172.31.36.0-255,66,3312,20,77981
7196,6.1e-05,172.31.36.0-255,66,3378,20,77981
7197,0.000105,172.31.36.0-255,66,3444,20,77981
7198,0.000115,172.31.36.0-255,66,3510,20,77981
7199,0.000161,172.31.36.0-255,66,3576,20,77981
7200,0.000197,74.125.24.0-255,1484,5060,20,77981
7201,0.0002,172.31.36.0-255,66,5126,20,77981
7202,0.000226,74.125.24.0-255,2902,8028,20,77981
7203,0.000229,172.31.36.0-255,66,8094,20,77981
7204,0.000238,172.31.36.0-255,66,8160,20,77981
7205,0.000243,74.125.24.0-255,2902,11062,20,77981
7206,0.000245,172.31.36.0-255,66,11128,20,77981
7207,0.000288,172.31.36.0-255,66,11194,20,77981
7208,0.000298,172.31.36.0-255,66,11260,20,77981
7209,0.000335,172.31.36.0-255,66,11326,20,77981
7210,0.000338,74.125.24.0-255,358,11684,20,77981
7211,0.00034,172.31.36.0-255,66,11750,20,77981
7212,0.000363,74.125.24.0-255,385,12135,20,77981
7213,0.000365,172.31.36.0-255,66,12201,20,77981
7214,0.000659,74.125.24.0-255,1484,13685,20,77981
7215,0.000665,74.125.24.0-255,1484,15169,20,77981
7216,0.00067,172.31.36.0-255,66,15235,20,77981
7217,0.000703,74.125.24.0-255,1484,16719,20,77981
7218,0.000714,172.31.36.0-255,66,16785,20,77981
7219,0.000722,172.31.36.0-255,66,16851,20,77981
7220,0.000736,172.31.36.0-255,66,16917,20,77981
7221,0.000763,172.31.36.0-255,66,16983,20,77981
7222,0.000771,172.31.36.0-255,66,17049,20,77981
7223,0.000805,74.125.24.0-255,1484,18533,20,77981
7224,0.000808,74.125.24.0-255,1484,20017,20,77981
7225,0.000813,172.31.36.0-255,66,20083,20,77981
7226,0.000823,74.125.24.0-255,1484,21567,20,77981
7227,0.000846,74.125.24.0-255,1484,23051,20,77981
7228,0.000883,172.31.36.0-255,66,23117,20,77981
7229,0.000893,74.125.24.0-255,2902,26019,20,77981
7230,0.000898,172.31.36.0-255,66,26085,20,77981
7231,0.000967,74.125.24.0-255,1484,27569,20,77981
7232,0.000975,172.31.36.0-255,66,27635,20,77981
7233,0.001006,74.125.24.0-255,2184,29819,20,77981
7234,0.001023,74.125.24.0-255,2902,32721,20,77981
7235,0.001029,172.31.36.0-255,66,32787,20,77981
7236,0.001087,74.125.24.0-255,2184,34971,20,77981
7237,0.001094,172.31.36.0-255,66,35037,20,77981
7238,0.001166,172.31.36.0-255,66,35103,20,77981
7239,0.001186,172.31.36.0-255,66,35169,20,77981
7240,0.001199,74.125.24.0-255,2902,38071,20,77981
7241,0.00122,74.125.24.0-255,576,38647,20,77981
7242,0.001229,172.31.36.0-255,66,38713,20,77981
7243,0.001428,74.125.24.0-255,1484,40197,20,77981
7244,0.001433,74.125.24.0-255,2902,43099,20,77981
7245,0.001437,172.31.36.0-255,66,43165,20,77981
7246,0.001478,74.125.24.0-255,1484,44649,20,77981
7247,0.001485,172.31.36.0-255,66,44715,20,77981
7248,0.001554,172.31.36.0-255,66,44781,20,77981
7249,0.00158,172.31.36.0-255,66,44847,20,77981
7250,0.00161,74.125.24.0-255,1484,46331,20,77981
7251,0.001616,74.125.24.0-255,2902,49233,20,77981
7252,0.001628,172.31.36.0-255,66,49299,20,77981
7253,0.001637,74.125.24.0-255,1484,50783,20,77981
7254,0.001681,74.125.24.0-255,3602,54385,20,77981
7255,0.001714,172.31.36.0-255,66,54451,20,77981
7256,0.001723,74.125.24.0-255,2902,57353,20,77981
7257,0.001728,172.31.36.0-255,66,57419,20,77981
7258,0.001784,74.125.24.0-255,2902,60321,20,77981
7259,0.001796,74.125.24.0-255,2902,63223,20,77981
7260,0.001804,172.31.36.0-255,66,63289,20,77981
7261,0.001853,172.31.36.0-255,66,63355,20,77981
7262,0.001877,74.125.24.0-255,1484,64839,20,77981
7263,0.001882,74.125.24.0-255,2902,67741,20,77981
7264,0.001897,74.125.24.0-255,2184,69925,20,77981
7265,0.001901,74.125.24.0-255,2902,72827,20,77981
7266,0.001904,172.31.36.0-255,66,72893,20,77981
7267,0.001909,172.31.36.0-255,66,72959,20,77981
7268,0.001927,74.125.24.0-255,2902,75861,20,77981
7269,0.001983,74.125.24.0-255,1681,77542,20,77981
7270,0.001988,172.31.36.0-255,66,77608,20,77981
7271,0.003926,74.125.24.0-255,136,77744,20,77981
7272,0.004497,172.31.36.0-255,66,77810,20,77981
7273,0.004536,172.31.36.0-255,105,77915,20,77981
7274,0.006442,74.125.24.0-255,66,77981,20,77981
7275,0.0,172.217.194.0-255,146,146,20,43085
7276,2.6e-05,172.31.36.0-255,66,212,20,43085
7277,3.3e-05,172.217.194.0-255,1484,1696,20,43085
7278,3.7e-05,172.31.36.0-255,66,1762,20,43085
7279,4.3e-05,172.217.194.0-255,2902,4664,20,43085
7280,4.5e-05,172.31.36.0-255,66,4730,20,43085
7281,5.6e-05,172.31.36.0-255,66,4796,20,43085
7282,6.1e-05,172.217.194.0-255,3423,8219,20,43085
7283,6.3e-05,172.31.36.0-255,66,8285,20,43085
7284,0.000906,172.217.194.0-255,1484,9769,20,43085
7285,0.000913,172.31.36.0-255,66,9835,20,43085
7286,0.000923,172.217.194.0-255,2902,12737,20,43085
7287,0.000926,172.31.36.0-255,66,12803,20,43085
7288,0.000947,172.31.36.0-255,66,12869,20,43085
7289,0.000965,172.31.36.0-255,66,12935,20,43085
7290,0.000976,172.217.194.0-255,2543,15478,20,43085
7291,0.00098,172.31.36.0-255,66,15544,20,43085
7292,0.001238,172.217.194.0-255,1484,17028,20,43085
7293,0.001243,172.31.36.0-255,66,17094,20,43085
7294,0.001251,172.217.194.0-255,2902,19996,20,43085
7295,0.001254,172.31.36.0-255,66,20062,20,43085
7296,0.001258,172.217.194.0-255,2902,22964,20,43085
7297,0.00126,172.31.36.0-255,66,23030,20,43085
7298,0.001284,172.217.194.0-255,2902,25932,20,43085
7299,0.001286,172.31.36.0-255,66,25998,20,43085
7300,0.001295,172.31.36.0-255,66,26064,20,43085
7301,0.001597,172.217.194.0-255,1484,27548,20,43085
7302,0.001599,172.31.36.0-255,66,27614,20,43085
7303,0.001603,172.217.194.0-255,2902,30516,20,43085
7304,0.001606,172.31.36.0-255,66,30582,20,43085
7305,0.001614,172.31.36.0-255,66,30648,20,43085
7306,0.001624,172.31.36.0-255,66,30714,20,43085
7307,0.001656,172.31.36.0-255,66,30780,20,43085
7308,0.001671,172.217.194.0-255,1484,32264,20,43085
7309,0.001701,172.31.36.0-255,66,32330,20,43085
7310,0.001726,172.31.36.0-255,66,32396,20,43085
7311,0.001754,172.31.36.0-255,66,32462,20,43085
7312,0.001786,172.217.194.0-255,2902,35364,20,43085
7313,0.001788,172.31.36.0-255,66,35430,20,43085
7314,0.001802,172.217.194.0-255,1125,36555,20,43085
7315,0.003714,172.217.194.0-255,1484,38039,20,43085
7316,0.003721,172.31.36.0-255,66,38105,20,43085
7317,0.003745,172.217.194.0-255,2902,41007,20,43085
7318,0.003748,172.31.36.0-255,66,41073,20,43085
7319,0.005702,172.31.36.0-255,66,41139,20,43085
7320,0.007877,172.31.36.0-255,66,41205,20,43085
7321,0.009955,172.31.36.0-255,66,41271,20,43085
7322,0.011965,172.31.36.0-255,66,41337,20,43085
7323,0.013958,172.31.36.0-255,66,41403,20,43085
7324,0.015949,172.31.36.0-255,66,41469,20,43085
7325,0.017954,172.31.36.0-255,66,41535,20,43085
7326,0.017977,172.217.194.0-255,1484,43019,20,43085
7327,0.019944,172.31.36.0-255,66,43085,20,43085
7328,0.0,74.125.24.0-255,150,150,20,109109
7329,2.7e-05,172.31.36.0-255,66,216,20,109109
7330,3.3e-05,74.125.24.0-255,1484,1700,20,109109
7331,3.7e-05,172.31.36.0-255,66,1766,20,109109
7332,4.4e-05,74.125.24.0-255,2902,4668,20,109109
7333,4.7e-05,172.31.36.0-255,66,4734,20,109109
7334,5.6e-05,172.31.36.0-255,66,4800,20,109109
7335,8.1e-05,74.125.24.0-255,2902,7702,20,109109
7336,8.4e-05,172.31.36.0-255,66,7768,20,109109
7337,8.9e-05,74.125.24.0-255,2102,9870,20,109109
7338,9.2e-05,172.31.36.0-255,66,9936,20,109109
7339,0.000104,172.31.36.0-255,66,10002,20,109109
7340,0.000133,172.31.36.0-255,66,10068,20,109109
7341,0.000214,74.125.24.0-255,1484,11552,20,109109
7342,0.000217,172.31.36.0-255,66,11618,20,109109
7343,0.000222,74.125.24.0-255,2902,14520,20,109109
7344,0.000224,172.31.36.0-255,66,14586,20,109109
7345,0.000233,172.31.36.0-255,66,14652,20,109109
7346,0.000255,74.125.24.0-255,1484,16136,20,109109
7347,0.000258,172.31.36.0-255,66,16202,20,109109
7348,0.000262,74.125.24.0-255,1484,17686,20,109109
7349,0.000264,172.31.36.0-255,66,17752,20,109109
7350,0.000286,172.31.36.0-255,66,17818,20,109109
7351,0.00086,74.125.24.0-255,1484,19302,20,109109
7352,0.000866,172.31.36.0-255,66,19368,20,109109
7353,0.000875,74.125.24.0-255,2902,22270,20,109109
7354,0.000878,172.31.36.0-255,66,22336,20,109109
7355,0.000887,172.31.36.0-255,66,22402,20,109109
7356,0.000909,172.31.36.0-255,66,22468,20,109109
7357,0.000934,74.125.24.0-255,2543,25011,20,109109
7358,0.000936,172.31.36.0-255,66,25077,20,109109
7359,0.000946,172.31.36.0-255,66,25143,20,109109
7360,0.000954,172.31.36.0-255,66,25209,20,109109
7361,0.000984,172.31.36.0-255,66,25275,20,109109
7362,0.001009,172.31.36.0-255,66,25341,20,109109
7363,0.001035,172.31.36.0-255,66,25407,20,109109
7364,0.001038,74.125.24.0-255,646,26053,20,109109
7365,0.001261,74.125.24.0-255,1484,27537,20,109109
7366,0.001266,172.31.36.0-255,66,27603,20,109109
7367,0.001272,74.125.24.0-255,2902,30505,20,109109
7368,0.001275,172.31.36.0-255,66,30571,20,109109
7369,0.001284,172.31.36.0-255,66,30637,20,109109
7370,0.001311,172.31.36.0-255,66,30703,20,109109
7371,0.001332,172.31.36.0-255,66,30769,20,109109
7372,0.001354,74.125.24.0-255,1484,32253,20,109109
7373,0.001377,172.31.36.0-255,66,32319,20,109109
7374,0.002357,74.125.24.0-255,1484,33803,20,109109
7375,0.002376,74.125.24.0-255,2902,36705,20,109109
7376,0.002378,172.31.36.0-255,66,36771,20,109109
7377,0.002381,74.125.24.0-255,1484,38255,20,109109
7378,0.002404,172.31.36.0-255,66,38321,20,109109
7379,0.002407,74.125.24.0-255,1484,39805,20,109109
7380,0.002429,74.125.24.0-255,1484,41289,20,109109
7381,0.002431,172.31.36.0-255,66,41355,20,109109
7382,0.002454,172.31.36.0-255,66,41421,20,109109
7383,0.002473,74.125.24.0-255,1484,42905,20,109109
7384,0.002481,172.31.36.0-255,66,42971,20,109109
7385,0.002488,172.31.36.0-255,66,43037,20,109109
7386,0.003089,74.125.24.0-255,1484,44521,20,109109
7387,0.003104,74.125.24.0-255,2902,47423,20,109109
7388,0.003107,172.31.36.0-255,66,47489,20,109109
7389,0.003135,74.125.24.0-255,2902,50391,20,109109
7390,0.003137,172.31.36.0-255,66,50457,20,109109
7391,0.003154,74.125.24.0-255,2902,53359,20,109109
7392,0.003157,172.31.36.0-255,66,53425,20,109109
7393,0.003159,74.125.24.0-255,1484,54909,20,109109
7394,0.003179,172.31.36.0-255,66,54975,20,109109
7395,0.003196,74.125.24.0-255,2902,57877,20,109109
7396,0.003199,172.31.36.0-255,66,57943,20,109109
7397,0.003226,172.31.36.0-255,66,58009,20,109109
7398,0.00323,74.125.24.0-255,2902,60911,20,109109
7399,0.003232,172.31.36.0-255,66,60977,20,109109
7400,0.003235,74.125.24.0-255,766,61743,20,109109
7401,0.003393,74.125.24.0-255,1484,63227,20,109109
7402,0.003396,172.31.36.0-255,66,63293,20,109109
7403,0.003413,74.125.24.0-255,2902,66195,20,109109
7404,0.003415,172.31.36.0-255,66,66261,20,109109
7405,0.003432,74.125.24.0-255,2902,69163,20,109109
7406,0.003434,172.31.36.0-255,66,69229,20,109109
7407,0.003449,74.125.24.0-255,2902,72131,20,109109
7408,0.003451,172.31.36.0-255,66,72197,20,109109
7409,0.003454,74.125.24.0-255,2902,75099,20,109109
7410,0.003457,172.31.36.0-255,66,75165,20,109109
7411,0.003481,172.31.36.0-255,66,75231,20,109109
7412,0.003516,172.31.36.0-255,66,75297,20,109109
7413,0.00354,172.31.36.0-255,66,75363,20,109109
7414,0.003547,172.31.36.0-255,66,75429,20,109109
7415,0.003567,172.31.36.0-255,66,75495,20,109109
7416,0.003593,74.125.24.0-255,2902,78397,20,109109
7417,0.003595,172.31.36.0-255,66,78463,20,109109
7418,0.003603,172.31.36.0-255,66,78529,20,109109
7419,0.003626,74.125.24.0-255,2902,81431,20,109109
7420,0.003629,172.31.36.0-255,66,81497,20,109109
7421,0.003655,172.31.36.0-255,66,81563,20,109109
7422,0.003657,74.125.24.0-255,1484,83047,20,109109
7423,0.003703,172.31.36.0-255,66,83113,20,109109
7424,0.003711,172.31.36.0-255,66,83179,20,109109
7425,0.00378,172.31.36.0-255,66,83245,20,109109
7426,0.003783,74.125.24.0-255,766,84011,20,109109
7427,0.004811,74.125.24.0-255,1484,85495,20,109109
7428,0.004817,172.31.36.0-255,66,85561,20,109109
7429,0.004823,74.125.24.0-255,2902,88463,20,109109
7430,0.004825,172.31.36.0-255,66,88529,20,109109
7431,0.004878,172.31.36.0-255,66,88595,20,109109
7432,0.004895,74.125.24.0-255,1484,90079,20,109109
7433,0.004904,172.31.36.0-255,66,90145,20,109109
7434,0.00492,74.125.24.0-255,1484,91629,20,109109
7435,0.004944,172.31.36.0-255,66,91695,20,109109
7436,0.004962,74.125.24.0-255,1484,93179,20,109109
7437,0.004981,172.31.36.0-255,66,93245,20,109109
7438,0.005005,172.31.36.0-255,66,93311,20,109109
7439,0.005021,74.125.24.0-255,2902,96213,20,109109
7440,0.005024,172.31.36.0-255,66,96279,20,109109
7441,0.005034,172.31.36.0-255,66,96345,20,109109
7442,0.005052,74.125.24.0-255,2902,99247,20,109109
7443,0.005055,172.31.36.0-255,66,99313,20,109109
7444,0.005091,172.31.36.0-255,66,99379,20,109109
7445,0.00513,74.125.24.0-255,3602,102981,20,109109
7446,0.005135,172.31.36.0-255,66,103047,20,109109
7447,0.005215,74.125.24.0-255,1484,104531,20,109109
7448,0.005219,74.125.24.0-255,1484,106015,20,109109
7449,0.005222,172.31.36.0-255,66,106081,20,109109
7450,0.005239,74.125.24.0-255,1484,107565,20,109109
7451,0.005248,172.31.36.0-255,66,107631,20,109109
7452,0.00527,74.125.24.0-255,1136,108767,20,109109
7453,0.005337,74.125.24.0-255,105,108872,20,109109
7454,0.006351,172.31.36.0-255,66,108938,20,109109
7455,0.006379,172.31.36.0-255,105,109043,20,109109
7456,0.008661,74.125.24.0-255,66,109109,20,109109
7457,0.0,74.125.68.0-255,153,153,20,28419
7458,2.2e-05,172.31.36.0-255,66,219,20,28419
7459,2.9e-05,74.125.68.0-255,1484,1703,20,28419
7460,3.5e-05,172.31.36.0-255,66,1769,20,28419
7461,5e-05,74.125.68.0-255,2902,4671,20,28419
7462,5.3e-05,172.31.36.0-255,66,4737,20,28419
7463,6.3e-05,172.31.36.0-255,66,4803,20,28419
7464,0.000106,74.125.68.0-255,3411,8214,20,28419
7465,0.000109,172.31.36.0-255,66,8280,20,28419
7466,0.000352,74.125.68.0-255,1484,9764,20,28419
7467,0.000359,172.31.36.0-255,66,9830,20,28419
7468,0.000365,74.125.68.0-255,2902,12732,20,28419
7469,0.000368,172.31.36.0-255,66,12798,20,28419
7470,0.000414,172.31.36.0-255,66,12864,20,28419
7471,0.000424,172.31.36.0-255,66,12930,20,28419
7472,0.000445,74.125.68.0-255,2902,15832,20,28419
7473,0.000447,172.31.36.0-255,66,15898,20,28419
7474,0.000456,172.31.36.0-255,66,15964,20,28419
7475,0.000516,172.31.36.0-255,66,16030,20,28419
7476,0.000525,172.31.36.0-255,66,16096,20,28419
7477,0.000546,74.125.68.0-255,1484,17580,20,28419
7478,0.000549,172.31.36.0-255,66,17646,20,28419
7479,0.000579,74.125.68.0-255,2902,20548,20,28419
7480,0.000582,172.31.36.0-255,66,20614,20,28419
7481,0.000591,172.31.36.0-255,66,20680,20,28419
7482,0.000614,74.125.68.0-255,1484,22164,20,28419
7483,0.000619,74.125.68.0-255,1484,23648,20,28419
7484,0.000635,74.125.68.0-255,766,24414,20,28419
7485,0.000646,172.31.36.0-255,66,24480,20,28419
7486,0.001559,74.125.68.0-255,399,24879,20,28419
7487,0.001568,74.125.68.0-255,110,24989,20,28419
7488,0.002863,74.125.68.0-255,2902,27891,20,28419
7489,0.00287,172.31.36.0-255,66,27957,20,28419
7490,0.00535,172.31.36.0-255,66,28023,20,28419
7491,0.007572,172.31.36.0-255,66,28089,20,28419
7492,0.009798,172.31.36.0-255,66,28155,20,28419
7493,0.012016,172.31.36.0-255,66,28221,20,28419
7494,0.014231,172.31.36.0-255,66,28287,20,28419
7495,0.016452,172.31.36.0-255,66,28353,20,28419
7496,0.018699,172.31.36.0-255,66,28419,20,28419
7497,0.0,74.125.24.0-255,146,146,20,77981
7498,2.2e-05,172.31.36.0-255,66,212,20,77981
7499,3e-05,74.125.24.0-255,1484,1696,20,77981
7500,3.5e-05,172.31.36.0-255,66,1762,20,77981
7501,3.9e-05,74.125.24.0-255,1484,3246,20,77981
7502,5e-05,172.31.36.0-255,66,3312,20,77981
7503,6.1e-05,172.31.36.0-255,66,3378,20,77981
7504,0.000105,172.31.36.0-255,66,3444,20,77981
7505,0.000115,172.31.36.0-255,66,3510,20,77981
7506,0.000161,172.31.36.0-255,66,3576,20,77981
7507,0.000197,74.125.24.0-255,1484,5060,20,77981
7508,0.0002,172.31.36.0-255,66,5126,20,77981
7509,0.000226,74.125.24.0-255,2902,8028,20,77981
7510,0.000229,172.31.36.0-255,66,8094,20,77981
7511,0.000238,172.31.36.0-255,66,8160,20,77981
7512,0.000243,74.125.24.0-255,2902,11062,20,77981
7513,0.000245,172.31.36.0-255,66,11128,20,77981
7514,0.000288,172.31.36.0-255,66,11194,20,77981
7515,0.000298,172.31.36.0-255,66,11260,20,77981
7516,0.000335,172.31.36.0-255,66,11326,20,77981
7517,0.000338,74.125.24.0-255,358,11684,20,77981
7518,0.00034,172.31.36.0-255,66,11750,20,77981
7519,0.000363,74.125.24.0-255,385,12135,20,77981
7520,0.000365,172.31.36.0-255,66,12201,20,77981
7521,0.000659,74.125.24.0-255,1484,13685,20,77981
7522,0.000665,74.125.24.0-255,1484,15169,20,77981
7523,0.00067,172.31.36.0-255,66,15235,20,77981
7524,0.000703,74.125.24.0-255,1484,16719,20,77981
7525,0.000714,172.31.36.0-255,66,16785,20,77981
7526,0.000722,172.31.36.0-255,66,16851,20,77981
7527,0.000736,172.31.36.0-255,66,16917,20,77981
7528,0.000763,172.31.36.0-255,66,16983,20,77981
7529,0.000771,172.31.36.0-255,66,17049,20,77981
7530,0.000805,74.125.24.0-255,1484,18533,20,77981
7531,0.000808,74.125.24.0-255,1484,20017,20,77981
7532,0.000813,172.31.36.0-255,66,20083,20,77981
7533,0.000823,74.125.24.0-255,1484,21567,20,77981
7534,0.000846,74.125.24.0-255,1484,23051,20,77981
7535,0.000883,172.31.36.0-255,66,23117,20,77981
7536,0.000893,74.125.24.0-255,2902,26019,20,77981
7537,0.000898,172.31.36.0-255,66,26085,20,77981
7538,0.000967,74.125.24.0-255,1484,27569,20,77981
7539,0.000975,172.31.36.0-255,66,27635,20,77981
7540,0.001006,74.125.24.0-255,2184,29819,20,77981
7541,0.001023,74.125.24.0-255,2902,32721,20,77981
7542,0.001029,172.31.36.0-255,66,32787,20,77981
7543,0.001087,74.125.24.0-255,2184,34971,20,77981
7544,0.001094,172.31.36.0-255,66,35037,20,77981
7545,0.001166,172.31.36.0-255,66,35103,20,77981
7546,0.001186,172.31.36.0-255,66,35169,20,77981
7547,0.001199,74.125.24.0-255,2902,38071,20,77981
7548,0.00122,74.125.24.0-255,576,38647,20,77981
7549,0.001229,172.31.36.0-255,66,38713,20,77981
7550,0.001428,74.125.24.0-255,1484,40197,20,77981
7551,0.001433,74.125.24.0-255,2902,43099,20,77981
7552,0.001437,172.31.36.0-255,66,43165,20,77981
7553,0.001478,74.125.24.0-255,1484,44649,20,77981
7554,0.001485,172.31.36.0-255,66,44715,20,77981
7555,0.001554,172.31.36.0-255,66,44781,20,77981
7556,0.00158,172.31.36.0-255,66,44847,20,77981
7557,0.00161,74.125.24.0-255,1484,46331,20,77981
7558,0.001616,74.125.24.0-255,2902,49233,20,77981
7559,0.001628,172.31.36.0-255,66,49299,20,77981
7560,0.001637,74.125.24.0-255,1484,50783,20,77981
7561,0.001681,74.125.24.0-255,3602,54385,20,77981
7562,0.001714,172.31.36.0-255,66,54451,20,77981
7563,0.001723,74.125.24.0-255,2902,57353,20,77981
7564,0.001728,172.31.36.0-255,66,57419,20,77981
7565,0.001784,74.125.24.0-255,2902,60321,20,77981
7566,0.001796,74.125.24.0-255,2902,63223,20,77981
7567,0.001804,172.31.36.0-255,66,63289,20,77981
7568,0.001853,172.31.36.0-255,66,63355,20,77981
7569,0.001877,74.125.24.0-255,1484,64839,20,77981
7570,0.001882,74.125.24.0-255,2902,67741,20,77981
7571,0.001897,74.125.24.0-255,2184,69925,20,77981
7572,0.001901,74.125.24.0-255,2902,72827,20,77981
7573,0.001904,172.31.36.0-255,66,72893,20,77981
7574,0.001909,172.31.36.0-255,66,72959,20,77981
7575,0.001927,74.125.24.0-255,2902,75861,20,77981
7576,0.001983,74.125.24.0-255,1681,77542,20,77981
7577,0.001988,172.31.36.0-255,66,77608,20,77981
7578,0.003926,74.125.24.0-255,136,77744,20,77981
7579,0.004497,172.31.36.0-255,66,77810,20,77981
7580,0.004536,172.31.36.0-255,105,77915,20,77981
7581,0.006442,74.125.24.0-255,66,77981,20,77981
7582,0.0,172.217.24.0-255,147,147,20,84587
7583,3.3e-05,172.31.36.0-255,66,213,20,84587
7584,4e-05,172.217.24.0-255,1484,1697,20,84587
7585,4.4e-05,172.31.36.0-255,66,1763,20,84587
7586,4.9e-05,172.217.24.0-255,2902,4665,20,84587
7587,5.1e-05,172.31.36.0-255,66,4731,20,84587
7588,7.3e-05,172.217.24.0-255,2902,7633,20,84587
7589,7.6e-05,172.31.36.0-255,66,7699,20,84587
7590,0.0001,172.31.36.0-255,66,7765,20,84587
7591,0.000104,172.217.24.0-255,2002,9767,20,84587
7592,0.000107,172.31.36.0-255,66,9833,20,84587
7593,0.000299,172.217.24.0-255,1484,11317,20,84587
7594,0.000304,172.31.36.0-255,66,11383,20,84587
7595,0.000319,172.217.24.0-255,2902,14285,20,84587
7596,0.000322,172.31.36.0-255,66,14351,20,84587
7597,0.000327,172.217.24.0-255,2902,17253,20,84587
7598,0.000329,172.31.36.0-255,66,17319,20,84587
7599,0.000332,172.217.24.0-255,1484,18803,20,84587
7600,0.000335,172.31.36.0-255,66,18869,20,84587
7601,0.000356,172.217.24.0-255,2902,21771,20,84587
7602,0.000359,172.31.36.0-255,66,21837,20,84587
7603,0.000383,172.31.36.0-255,66,21903,20,84587
7604,0.000431,172.217.24.0-255,1484,23387,20,84587
7605,0.000434,172.31.36.0-255,66,23453,20,84587
7606,0.000438,172.217.24.0-255,1484,24937,20,84587
7607,0.00044,172.31.36.0-255,66,25003,20,84587
7608,0.000452,172.217.24.0-255,1484,26487,20,84587
7609,0.000455,172.31.36.0-255,66,26553,20,84587
7610,0.000464,172.31.36.0-255,66,26619,20,84587
7611,0.000491,172.217.24.0-255,1484,28103,20,84587
7612,0.000502,172.31.36.0-255,66,28169,20,84587
7613,0.000623,172.217.24.0-255,1484,29653,20,84587
7614,0.000626,172.217.24.0-255,1484,31137,20,84587
7615,0.000631,172.31.36.0-255,66,31203,20,84587
7616,0.000637,172.217.24.0-255,1484,32687,20,84587
7617,0.00064,172.217.24.0-255,1484,34171,20,84587
7618,0.000642,172.31.36.0-255,66,34237,20,84587
7619,0.000661,172.31.36.0-255,66,34303,20,84587
7620,0.000682,172.31.36.0-255,66,34369,20,84587
7621,0.000703,172.217.24.0-255,2543,36912,20,84587
7622,0.000705,172.31.36.0-255,66,36978,20,84587
7623,0.000763,172.217.24.0-255,396,37374,20,84587
7624,0.000862,172.31.36.0-255,66,37440,20,84587
7625,0.001106,172.217.24.0-255,114,37554,20,84587
7626,0.001114,172.217.24.0-255,332,37886,20,84587
7627,0.001325,172.217.24.0-255,1484,39370,20,84587
7628,0.00133,172.31.36.0-255,66,39436,20,84587
7629,0.00134,172.217.24.0-255,2902,42338,20,84587
7630,0.001342,172.31.36.0-255,66,42404,20,84587
7631,0.00135,172.31.36.0-255,66,42470,20,84587
7632,0.001391,172.31.36.0-255,66,42536,20,84587
7633,0.001409,172.217.24.0-255,2543,45079,20,84587
7634,0.001412,172.31.36.0-255,66,45145,20,84587
7635,0.001416,172.217.24.0-255,1484,46629,20,84587
7636,0.001432,172.217.24.0-255,1484,48113,20,84587
7637,0.001434,172.31.36.0-255,66,48179,20,84587
7638,0.001437,172.217.24.0-255,1484,49663,20,84587
7639,0.001451,172.217.24.0-255,1484,51147,20,84587
7640,0.001453,172.31.36.0-255,66,51213,20,84587
7641,0.001461,172.31.36.0-255,66,51279,20,84587
7642,0.00149,172.31.36.0-255,66,51345,20,84587
7643,0.001899,172.217.24.0-255,1484,52829,20,84587
7644,0.001902,172.217.24.0-255,1484,54313,20,84587
7645,0.001904,172.31.36.0-255,66,54379,20,84587
7646,0.001927,172.217.24.0-255,1484,55863,20,84587
7647,0.001931,172.217.24.0-255,2902,58765,20,84587
7648,0.001933,172.31.36.0-255,66,58831,20,84587
7649,0.00194,172.31.36.0-255,66,58897,20,84587
7650,0.001943,172.217.24.0-255,1484,60381,20,84587
7651,0.001969,172.31.36.0-255,66,60447,20,84587
7652,0.001976,172.31.36.0-255,66,60513,20,84587
7653,0.003887,172.217.24.0-255,2902,63415,20,84587
7654,0.00389,172.31.36.0-255,66,63481,20,84587
7655,0.003909,172.217.24.0-255,2902,66383,20,84587
7656,0.003911,172.31.36.0-255,66,66449,20,84587
7657,0.005821,172.217.24.0-255,2902,69351,20,84587
7658,0.005828,172.31.36.0-255,66,69417,20,84587
7659,0.005847,172.217.24.0-255,2902,72319,20,84587
7660,0.005851,172.31.36.0-255,66,72385,20,84587
7661,0.007763,172.217.24.0-255,2902,75287,20,84587
7662,0.007769,172.31.36.0-255,66,75353,20,84587
7663,0.007805,172.217.24.0-255,2902,78255,20,84587
7664,0.007809,172.31.36.0-255,66,78321,20,84587
7665,0.009704,172.217.24.0-255,2902,81223,20,84587
7666,0.009712,172.31.36.0-255,66,81289,20,84587
7667,0.009733,172.217.24.0-255,2902,84191,20,84587
7668,0.009737,172.31.36.0-255,66,84257,20,84587
7669,0.011679,172.31.36.0-255,66,84323,20,84587
7670,0.013624,172.31.36.0-255,66,84389,20,84587
7671,0.015575,172.31.36.0-255,66,84455,20,84587
7672,0.017525,172.31.36.0-255,66,84521,20,84587
7673,0.019468,172.31.36.0-255,66,84587,20,84587
7674,0.0,172.217.194.0-255,301,301,20,44708
7675,2.3e-05,172.31.36.0-255,66,367,20,44708
7676,2.9e-05,172.217.194.0-255,1484,1851,20,44708
7677,3.3e-05,172.31.36.0-255,66,1917,20,44708
7678,5.3e-05,172.31.36.0-255,66,1983,20,44708
7679,8.4e-05,172.31.36.0-255,66,2049,20,44708
7680,9.4e-05,172.31.36.0-255,66,2115,20,44708
7681,0.00013,172.31.36.0-255,66,2181,20,44708
7682,0.00014,172.31.36.0-255,66,2247,20,44708
7683,0.000196,172.217.194.0-255,1484,3731,20,44708
7684,0.000199,172.31.36.0-255,66,3797,20,44708
7685,0.000225,172.217.194.0-255,2902,6699,20,44708
7686,0.000228,172.31.36.0-255,66,6765,20,44708
7687,0.000237,172.31.36.0-255,66,6831,20,44708
7688,0.000268,172.31.36.0-255,66,6897,20,44708
7689,0.000295,172.217.194.0-255,1484,8381,20,44708
7690,0.000297,172.31.36.0-255,66,8447,20,44708
7691,0.00032,172.31.36.0-255,66,8513,20,44708
7692,0.000349,172.31.36.0-255,66,8579,20,44708
7693,0.000377,172.31.36.0-255,66,8645,20,44708
7694,0.000423,172.217.194.0-255,365,9010,20,44708
7695,0.000426,172.31.36.0-255,66,9076,20,44708
7696,0.000743,172.217.194.0-255,1484,10560,20,44708
7697,0.00075,172.217.194.0-255,2902,13462,20,44708
7698,0.000754,172.31.36.0-255,66,13528,20,44708
7699,0.0008,172.31.36.0-255,66,13594,20,44708
7700,0.00081,172.31.36.0-255,66,13660,20,44708
7701,0.000835,172.31.36.0-255,66,13726,20,44708
7702,0.000849,172.31.36.0-255,66,13792,20,44708
7703,0.000888,172.217.194.0-255,2902,16694,20,44708
7704,0.000892,172.31.36.0-255,66,16760,20,44708
7705,0.000919,172.217.194.0-255,2184,18944,20,44708
7706,0.000922,172.31.36.0-255,66,19010,20,44708
7707,0.001498,172.217.194.0-255,1484,20494,20,44708
7708,0.001517,172.217.194.0-255,2902,23396,20,44708
7709,0.001521,172.31.36.0-255,66,23462,20,44708
7710,0.001526,172.217.194.0-255,2902,26364,20,44708
7711,0.001528,172.31.36.0-255,66,26430,20,44708
7712,0.001566,172.31.36.0-255,66,26496,20,44708
7713,0.001605,172.31.36.0-255,66,26562,20,44708
7714,0.001631,172.217.194.0-255,2902,29464,20,44708
7715,0.001633,172.31.36.0-255,66,29530,20,44708
7716,0.001639,172.217.194.0-255,3602,33132,20,44708
7717,0.001641,172.31.36.0-255,66,33198,20,44708
7718,0.001793,172.217.194.0-255,1484,34682,20,44708
7719,0.001816,172.217.194.0-255,2902,37584,20,44708
7720,0.001819,172.31.36.0-255,66,37650,20,44708
7721,0.00186,172.217.194.0-255,1484,39134,20,44708
7722,0.001874,172.31.36.0-255,66,39200,20,44708
7723,0.001882,172.31.36.0-255,66,39266,20,44708
7724,0.001895,172.31.36.0-255,66,39332,20,44708
7725,0.001908,172.31.36.0-255,66,39398,20,44708
7726,0.001998,172.217.194.0-255,1484,40882,20,44708
7727,0.002003,172.217.194.0-255,2902,43784,20,44708
7728,0.002012,172.31.36.0-255,66,43850,20,44708
7729,0.002036,172.31.36.0-255,66,43916,20,44708
7730,0.002066,172.31.36.0-255,66,43982,20,44708
7731,0.002075,172.31.36.0-255,66,44048,20,44708
7732,0.002107,172.31.36.0-255,66,44114,20,44708
7733,0.002115,172.31.36.0-255,66,44180,20,44708
7734,0.004279,172.31.36.0-255,66,44246,20,44708
7735,0.006424,172.31.36.0-255,66,44312,20,44708
7736,0.008544,172.31.36.0-255,66,44378,20,44708
7737,0.010627,172.31.36.0-255,66,44444,20,44708
7738,0.012745,172.31.36.0-255,66,44510,20,44708
7739,0.014846,172.31.36.0-255,66,44576,20,44708
7740,0.017043,172.31.36.0-255,66,44642,20,44708
7741,0.019192,172.31.36.0-255,66,44708,20,44708
7742,0.0,74.125.68.0-255,153,153,20,24591
7743,2e-05,172.31.36.0-255,66,219,20,24591
7744,4.9e-05,74.125.68.0-255,1484,1703,20,24591
7745,5.4e-05,172.31.36.0-255,66,1769,20,24591
7746,6.3e-05,74.125.68.0-255,2902,4671,20,24591
7747,6.6e-05,172.31.36.0-255,66,4737,20,24591
7748,7e-05,74.125.68.0-255,2902,7639,20,24591
7749,7.3e-05,172.31.36.0-255,66,7705,20,24591
7750,8.2e-05,172.31.36.0-255,66,7771,20,24591
7751,0.000147,172.31.36.0-255,66,7837,20,24591
7752,0.000169,172.31.36.0-255,66,7903,20,24591
7753,0.000178,172.31.36.0-255,66,7969,20,24591
7754,0.000212,74.125.68.0-255,1484,9453,20,24591
7755,0.000215,172.31.36.0-255,66,9519,20,24591
7756,0.00022,74.125.68.0-255,1484,11003,20,24591
7757,0.000222,172.31.36.0-255,66,11069,20,24591
7758,0.000256,172.31.36.0-255,66,11135,20,24591
7759,0.013963,74.125.68.0-255,1484,12619,20,24591
7760,0.013981,172.31.36.0-255,66,12685,20,24591
7761,0.014004,74.125.68.0-255,2902,15587,20,24591
7762,0.014007,172.31.36.0-255,66,15653,20,24591
7763,0.014011,74.125.68.0-255,1484,17137,20,24591
7764,0.014014,172.31.36.0-255,66,17203,20,24591
7765,0.016255,172.31.36.0-255,66,17269,20,24591
7766,0.016285,74.125.68.0-255,1484,18753,20,24591
7767,0.016288,172.31.36.0-255,66,18819,20,24591
7768,0.018389,172.31.36.0-255,172,18991,20,24591
7769,0.018442,172.31.36.0-255,1110,20101,20,24591
7770,0.018511,172.31.36.0-255,66,20167,20,24591
7771,0.018537,74.125.68.0-255,1484,21651,20,24591
7772,0.01858,172.31.36.0-255,1514,23165,20,24591
7773,0.018582,172.31.36.0-255,1294,24459,20,24591
7774,0.019943,104.244.42.0-255,66,24525,20,24591
7775,0.019998,104.244.42.0-255,66,24591,20,24591
7776,0.0,74.125.200.0-255,153,153,20,124883
7777,2.6e-05,172.31.36.0-255,66,219,20,124883
7778,4.6e-05,74.125.200.0-255,1484,1703,20,124883
7779,5e-05,172.31.36.0-255,66,1769,20,124883
7780,7.3e-05,74.125.200.0-255,2902,4671,20,124883
7781,7.5e-05,172.31.36.0-255,66,4737,20,124883
7782,8.3e-05,172.31.36.0-255,66,4803,20,124883
7783,0.000122,172.31.36.0-255,66,4869,20,124883
7784,0.000216,74.125.200.0-255,1484,6353,20,124883
7785,0.00022,172.31.36.0-255,66,6419,20,124883
7786,0.000224,74.125.200.0-255,1484,7903,20,124883
7787,0.000226,172.31.36.0-255,66,7969,20,124883
7788,0.000239,74.125.200.0-255,1484,9453,20,124883
7789,0.000241,172.31.36.0-255,66,9519,20,124883
7790,0.00026,74.125.200.0-255,1484,11003,20,124883
7791,0.000263,172.31.36.0-255,66,11069,20,124883
7792,0.000267,172.31.36.0-255,66,11135,20,124883
7793,0.000287,74.125.200.0-255,2902,14037,20,124883
7794,0.00029,172.31.36.0-255,66,14103,20,124883
7795,0.000312,74.125.200.0-255,2543,16646,20,124883
7796,0.000315,172.31.36.0-255,66,16712,20,124883
7797,0.00041,74.125.200.0-255,1484,18196,20,124883
7798,0.000415,172.31.36.0-255,66,18262,20,124883
7799,0.000432,74.125.200.0-255,2902,21164,20,124883
7800,0.000436,172.31.36.0-255,66,21230,20,124883
7801,0.000455,172.31.36.0-255,66,21296,20,124883
7802,0.000459,74.125.200.0-255,2902,24198,20,124883
7803,0.000461,172.31.36.0-255,66,24264,20,124883
7804,0.000487,74.125.200.0-255,3961,28225,20,124883
7805,0.00049,172.31.36.0-255,66,28291,20,124883
7806,0.000522,172.31.36.0-255,66,28357,20,124883
7807,0.000559,172.31.36.0-255,66,28423,20,124883
7808,0.000565,74.125.200.0-255,3961,32384,20,124883
7809,0.000567,172.31.36.0-255,66,32450,20,124883
7810,0.000685,74.125.200.0-255,646,33096,20,124883
7811,0.000764,172.31.36.0-255,66,33162,20,124883
7812,0.000859,74.125.200.0-255,1484,34646,20,124883
7813,0.000866,74.125.200.0-255,1484,36130,20,124883
7814,0.000869,172.31.36.0-255,66,36196,20,124883
7815,0.000875,74.125.200.0-255,2902,39098,20,124883
7816,0.000877,172.31.36.0-255,66,39164,20,124883
7817,0.000893,74.125.200.0-255,2902,42066,20,124883
7818,0.000896,172.31.36.0-255,66,42132,20,124883
7819,0.000913,74.125.200.0-255,2902,45034,20,124883
7820,0.000916,172.31.36.0-255,66,45100,20,124883
7821,0.000925,172.31.36.0-255,66,45166,20,124883
7822,0.000981,172.31.36.0-255,66,45232,20,124883
7823,0.000986,74.125.200.0-255,2902,48134,20,124883
7824,0.000988,172.31.36.0-255,66,48200,20,124883
7825,0.001002,74.125.200.0-255,2902,51102,20,124883
7826,0.001005,172.31.36.0-255,66,51168,20,124883
7827,0.001026,74.125.200.0-255,2902,54070,20,124883
7828,0.001029,172.31.36.0-255,66,54136,20,124883
7829,0.001049,74.125.200.0-255,3961,58097,20,124883
7830,0.001051,172.31.36.0-255,66,58163,20,124883
7831,0.001295,74.125.200.0-255,1484,59647,20,124883
7832,0.001303,74.125.200.0-255,2902,62549,20,124883
7833,0.001307,172.31.36.0-255,66,62615,20,124883
7834,0.001329,172.31.36.0-255,66,62681,20,124883
7835,0.001333,74.125.200.0-255,1484,64165,20,124883
7836,0.001364,172.31.36.0-255,66,64231,20,124883
7837,0.001368,74.125.200.0-255,1484,65715,20,124883
7838,0.001398,172.31.36.0-255,66,65781,20,124883
7839,0.001441,74.125.200.0-255,2184,67965,20,124883
7840,0.001443,172.31.36.0-255,66,68031,20,124883
7841,0.001458,74.125.200.0-255,2902,70933,20,124883
7842,0.00146,172.31.36.0-255,66,70999,20,124883
7843,0.001463,74.125.200.0-255,1484,72483,20,124883
7844,0.001473,74.125.200.0-255,1484,73967,20,124883
7845,0.001475,172.31.36.0-255,66,74033,20,124883
7846,0.001485,74.125.200.0-255,1484,75517,20,124883
7847,0.001503,172.31.36.0-255,66,75583,20,124883
7848,0.001541,172.31.36.0-255,66,75649,20,124883
7849,0.001584,172.31.36.0-255,66,75715,20,124883
7850,0.001608,172.31.36.0-255,66,75781,20,124883
7851,0.001699,74.125.200.0-255,1484,77265,20,124883
7852,0.001719,74.125.200.0-255,2902,80167,20,124883
7853,0.001721,172.31.36.0-255,66,80233,20,124883
7854,0.001755,172.31.36.0-255,66,80299,20,124883
7855,0.001769,74.125.200.0-255,2902,83201,20,124883
7856,0.001772,172.31.36.0-255,66,83267,20,124883
7857,0.001802,172.31.36.0-255,66,83333,20,124883
7858,0.001806,74.125.200.0-255,2902,86235,20,124883
7859,0.001808,172.31.36.0-255,66,86301,20,124883
7860,0.001815,172.31.36.0-255,66,86367,20,124883
7861,0.001834,172.31.36.0-255,66,86433,20,124883
7862,0.001837,74.125.200.0-255,766,87199,20,124883
7863,0.002036,74.125.200.0-255,1484,88683,20,124883
7864,0.002038,172.31.36.0-255,66,88749,20,124883
7865,0.002041,74.125.200.0-255,1484,90233,20,124883
7866,0.002055,74.125.200.0-255,1484,91717,20,124883
7867,0.002057,172.31.36.0-255,66,91783,20,124883
7868,0.00206,74.125.200.0-255,1484,93267,20,124883
7869,0.002077,172.31.36.0-255,66,93333,20,124883
7870,0.002083,172.31.36.0-255,66,93399,20,124883
7871,0.002115,172.31.36.0-255,66,93465,20,124883
7872,0.002132,74.125.200.0-255,2902,96367,20,124883
7873,0.002134,172.31.36.0-255,66,96433,20,124883
7874,0.002164,172.31.36.0-255,66,96499,20,124883
7875,0.002183,74.125.200.0-255,1484,97983,20,124883
7876,0.002196,74.125.200.0-255,2184,100167,20,124883
7877,0.002198,172.31.36.0-255,66,100233,20,124883
7878,0.002258,74.125.200.0-255,1484,101717,20,124883
7879,0.002278,74.125.200.0-255,2902,104619,20,124883
7880,0.00228,172.31.36.0-255,66,104685,20,124883
7881,0.002283,74.125.200.0-255,1484,106169,20,124883
7882,0.002301,74.125.200.0-255,2902,109071,20,124883
7883,0.002303,172.31.36.0-255,66,109137,20,124883
7884,0.002306,74.125.200.0-255,1484,110621,20,124883
7885,0.002336,172.31.36.0-255,66,110687,20,124883
7886,0.002344,172.31.36.0-255,66,110753,20,124883
7887,0.002347,74.125.200.0-255,1484,112237,20,124883
7888,0.002367,172.31.36.0-255,66,112303,20,124883
7889,0.002369,74.125.200.0-255,766,113069,20,124883
7890,0.002476,74.125.200.0-255,1484,114553,20,124883
7891,0.002478,172.31.36.0-255,66,114619,20,124883
7892,0.002482,74.125.200.0-255,2902,117521,20,124883
7893,0.002485,172.31.36.0-255,66,117587,20,124883
7894,0.002523,172.31.36.0-255,66,117653,20,124883
7895,0.002542,172.31.36.0-255,66,117719,20,124883
7896,0.002571,172.31.36.0-255,66,117785,20,124883
7897,0.00258,172.31.36.0-255,66,117851,20,124883
7898,0.002598,74.125.200.0-255,3602,121453,20,124883
7899,0.0026,172.31.36.0-255,66,121519,20,124883
7900,0.00512,74.125.200.0-255,1484,123003,20,124883
7901,0.005142,172.31.36.0-255,66,123069,20,124883
7902,0.007714,172.31.36.0-255,66,123135,20,124883
7903,0.007743,74.125.200.0-255,1484,124619,20,124883
7904,0.010265,172.31.36.0-255,66,124685,20,124883
7905,0.012819,172.31.36.0-255,66,124751,20,124883
7906,0.015378,172.31.36.0-255,66,124817,20,124883
7907,0.017949,172.31.36.0-255,66,124883,20,124883
7908,0.0,74.125.24.0-255,146,146,20,26035
7909,3.3e-05,172.31.36.0-255,66,212,20,26035
7910,4e-05,74.125.24.0-255,1484,1696,20,26035
7911,4.5e-05,172.31.36.0-255,66,1762,20,26035
7912,5e-05,74.125.24.0-255,2902,4664,20,26035
7913,5.2e-05,172.31.36.0-255,66,4730,20,26035
7914,8.1e-05,172.31.36.0-255,66,4796,20,26035
7915,0.000178,172.31.36.0-255,66,4862,20,26035
7916,0.000199,74.125.24.0-255,1987,6849,20,26035
7917,0.000201,172.31.36.0-255,66,6915,20,26035
7918,0.000285,172.31.36.0-255,66,6981,20,26035
7919,0.000316,172.31.36.0-255,66,7047,20,26035
7920,0.000443,172.31.36.0-255,66,7113,20,26035
7921,0.000463,74.125.24.0-255,2902,10015,20,26035
7922,0.000466,172.31.36.0-255,66,10081,20,26035
7923,0.000606,172.31.36.0-255,66,10147,20,26035
7924,0.000641,172.31.36.0-255,66,10213,20,26035
7925,0.000896,74.125.24.0-255,401,10614,20,26035
7926,0.000902,172.31.36.0-255,66,10680,20,26035
7927,0.000909,74.125.24.0-255,111,10791,20,26035
7928,0.000912,172.31.36.0-255,66,10857,20,26035
7929,0.001111,74.125.24.0-255,1484,12341,20,26035
7930,0.001116,172.31.36.0-255,66,12407,20,26035
7931,0.001121,74.125.24.0-255,1484,13891,20,26035
7932,0.001123,172.31.36.0-255,66,13957,20,26035
7933,0.001137,74.125.24.0-255,1484,15441,20,26035
7934,0.001157,172.31.36.0-255,66,15507,20,26035
7935,0.001172,74.125.24.0-255,1484,16991,20,26035
7936,0.001232,172.31.36.0-255,66,17057,20,26035
7937,0.001258,172.31.36.0-255,66,17123,20,26035
7938,0.00141,172.31.36.0-255,66,17189,20,26035
7939,0.001871,74.125.24.0-255,1484,18673,20,26035
7940,0.001892,74.125.24.0-255,2902,21575,20,26035
7941,0.001894,172.31.36.0-255,66,21641,20,26035
7942,0.001911,74.125.24.0-255,1484,23125,20,26035
7943,0.00193,172.31.36.0-255,66,23191,20,26035
7944,0.001994,74.125.24.0-255,1484,24675,20,26035
7945,0.00202,172.31.36.0-255,66,24741,20,26035
7946,0.002155,172.31.36.0-255,66,24807,20,26035
7947,0.002182,172.31.36.0-255,66,24873,20,26035
7948,0.002198,74.125.24.0-255,766,25639,20,26035
7949,0.004752,172.31.36.0-255,66,25705,20,26035
7950,0.007294,172.31.36.0-255,66,25771,20,26035
7951,0.009909,172.31.36.0-255,66,25837,20,26035
7952,0.012487,172.31.36.0-255,66,25903,20,26035
7953,0.015069,172.31.36.0-255,66,25969,20,26035
7954,0.017676,172.31.36.0-255,66,26035,20,26035
7955,0.0,172.31.36.0-255,74,74,20,4776
7956,0.001884,216.58.221.0-255,74,148,20,4776
7957,0.001913,172.31.36.0-255,66,214,20,4776
7958,0.003506,172.31.36.0-255,583,797,20,4776
7959,0.0054,216.58.221.0-255,66,863,20,4776
7960,0.006535,216.58.221.0-255,3847,4710,20,4776
7961,0.006549,172.31.36.0-255,66,4776,20,4776
7962,0.0,172.217.194.0-255,153,153,20,59289
7963,1.7e-05,172.31.36.0-255,66,219,20,59289
7964,2.5e-05,172.217.194.0-255,1484,1703,20,59289
7965,2.9e-05,172.31.36.0-255,66,1769,20,59289
7966,3.6e-05,172.217.194.0-255,2902,4671,20,59289
7967,3.9e-05,172.31.36.0-255,66,4737,20,59289
7968,4.7e-05,172.31.36.0-255,66,4803,20,59289
7969,6.9e-05,172.217.194.0-255,1484,6287,20,59289
7970,7.2e-05,172.31.36.0-255,66,6353,20,59289
7971,0.000114,172.31.36.0-255,66,6419,20,59289
7972,0.000125,172.31.36.0-255,66,6485,20,59289
7973,0.000133,172.31.36.0-255,66,6551,20,59289
7974,0.000172,172.31.36.0-255,66,6617,20,59289
7975,0.000175,172.217.194.0-255,766,7383,20,59289
7976,0.000177,172.31.36.0-255,66,7449,20,59289
7977,0.000407,172.217.194.0-255,1484,8933,20,59289
7978,0.000415,172.31.36.0-255,66,8999,20,59289
7979,0.00042,172.217.194.0-255,2902,11901,20,59289
7980,0.000423,172.31.36.0-255,66,11967,20,59289
7981,0.00043,172.31.36.0-255,66,12033,20,59289
7982,0.000438,172.31.36.0-255,66,12099,20,59289
7983,0.000462,172.217.194.0-255,1484,13583,20,59289
7984,0.000465,172.31.36.0-255,66,13649,20,59289
7985,0.000492,172.31.36.0-255,66,13715,20,59289
7986,0.00052,172.217.194.0-255,2543,16258,20,59289
7987,0.000522,172.31.36.0-255,66,16324,20,59289
7988,0.000532,172.31.36.0-255,66,16390,20,59289
7989,0.000535,172.217.194.0-255,645,17035,20,59289
7990,0.000559,172.217.194.0-255,1484,18519,20,59289
7991,0.000562,172.31.36.0-255,66,18585,20,59289
7992,0.000567,172.217.194.0-255,2902,21487,20,59289
7993,0.000569,172.31.36.0-255,66,21553,20,59289
7994,0.000582,172.217.194.0-255,1484,23037,20,59289
7995,0.000594,172.31.36.0-255,66,23103,20,59289
7996,0.000612,172.217.194.0-255,2902,26005,20,59289
7997,0.000614,172.31.36.0-255,66,26071,20,59289
7998,0.00064,172.31.36.0-255,66,26137,20,59289
7999,0.000677,172.31.36.0-255,66,26203,20,59289
8000,0.00068,172.217.194.0-255,462,26665,20,59289
8001,0.000849,172.217.194.0-255,198,26863,20,59289
8002,0.001234,172.217.194.0-255,1484,28347,20,59289
8003,0.001241,172.31.36.0-255,66,28413,20,59289
8004,0.001247,172.217.194.0-255,2902,31315,20,59289
8005,0.001249,172.31.36.0-255,66,31381,20,59289
8006,0.001252,172.217.194.0-255,1484,32865,20,59289
8007,0.001277,172.31.36.0-255,66,32931,20,59289
8008,0.001286,172.31.36.0-255,66,32997,20,59289
8009,0.001313,172.31.36.0-255,66,33063,20,59289
8010,0.001325,172.31.36.0-255,66,33129,20,59289
8011,0.001656,172.217.194.0-255,1484,34613,20,59289
8012,0.001664,172.217.194.0-255,2902,37515,20,59289
8013,0.001668,172.31.36.0-255,66,37581,20,59289
8014,0.001706,172.31.36.0-255,66,37647,20,59289
8015,0.00172,172.217.194.0-255,1484,39131,20,59289
8016,0.001732,172.31.36.0-255,66,39197,20,59289
8017,0.001743,172.31.36.0-255,66,39263,20,59289
8018,0.001746,172.217.194.0-255,766,40029,20,59289
8019,0.001771,172.217.194.0-255,1484,41513,20,59289
8020,0.001778,172.217.194.0-255,1484,42997,20,59289
8021,0.001781,172.31.36.0-255,66,43063,20,59289
8022,0.001788,172.31.36.0-255,66,43129,20,59289
8023,0.001799,172.31.36.0-255,66,43195,20,59289
8024,0.00184,172.31.36.0-255,66,43261,20,59289
8025,0.002038,172.217.194.0-255,1484,44745,20,59289
8026,0.002043,172.217.194.0-255,2902,47647,20,59289
8027,0.002045,172.217.194.0-255,1484,49131,20,59289
8028,0.002049,172.31.36.0-255,66,49197,20,59289
8029,0.002067,172.31.36.0-255,66,49263,20,59289
8030,0.002099,172.31.36.0-255,66,49329,20,59289
8031,0.002131,172.31.36.0-255,66,49395,20,59289
8032,0.002165,172.217.194.0-255,1484,50879,20,59289
8033,0.00217,172.217.194.0-255,2902,53781,20,59289
8034,0.002172,172.31.36.0-255,66,53847,20,59289
8035,0.002189,172.217.194.0-255,1484,55331,20,59289
8036,0.002214,172.31.36.0-255,66,55397,20,59289
8037,0.002218,172.217.194.0-255,2902,58299,20,59289
8038,0.00222,172.31.36.0-255,66,58365,20,59289
8039,0.002237,172.31.36.0-255,66,58431,20,59289
8040,0.002246,172.31.36.0-255,66,58497,20,59289
8041,0.002273,172.31.36.0-255,66,58563,20,59289
8042,0.002287,172.31.36.0-255,66,58629,20,59289
8043,0.002297,172.31.36.0-255,66,58695,20,59289
8044,0.002318,172.31.36.0-255,66,58761,20,59289
8045,0.002327,172.31.36.0-255,66,58827,20,59289
8046,0.00462,172.31.36.0-255,66,58893,20,59289
8047,0.006909,172.31.36.0-255,66,58959,20,59289
8048,0.009211,172.31.36.0-255,66,59025,20,59289
8049,0.011544,172.31.36.0-255,66,59091,20,59289
8050,0.013847,172.31.36.0-255,66,59157,20,59289
8051,0.016136,172.31.36.0-255,66,59223,20,59289
8052,0.018426,172.31.36.0-255,66,59289,20,59289
8053,0.0,74.125.200.0-255,152,152,20,117558
8054,3.7e-05,172.31.36.0-255,66,218,20,117558
8055,4.5e-05,74.125.200.0-255,1484,1702,20,117558
8056,4.9e-05,172.31.36.0-255,66,1768,20,117558
8057,5.4e-05,74.125.200.0-255,2902,4670,20,117558
8058,5.7e-05,172.31.36.0-255,66,4736,20,117558
8059,6.6e-05,172.31.36.0-255,66,4802,20,117558
8060,9.4e-05,74.125.200.0-255,1484,6286,20,117558
8061,9.7e-05,172.31.36.0-255,66,6352,20,117558
8062,0.000112,74.125.200.0-255,2040,8392,20,117558
8063,0.000115,172.31.36.0-255,66,8458,20,117558
8064,0.000123,172.31.36.0-255,66,8524,20,117558
8065,0.000165,172.31.36.0-255,66,8590,20,117558
8066,0.000206,172.31.36.0-255,66,8656,20,117558
8067,0.000238,74.125.200.0-255,1484,10140,20,117558
8068,0.000243,172.31.36.0-255,66,10206,20,117558
8069,0.000248,74.125.200.0-255,1484,11690,20,117558
8070,0.00025,172.31.36.0-255,66,11756,20,117558
8071,0.00026,74.125.200.0-255,1484,13240,20,117558
8072,0.000262,172.31.36.0-255,66,13306,20,117558
8073,0.000293,172.31.36.0-255,66,13372,20,117558
8074,0.000321,172.31.36.0-255,66,13438,20,117558
8075,0.000345,74.125.200.0-255,1125,14563,20,117558
8076,0.000348,172.31.36.0-255,66,14629,20,117558
8077,0.000359,172.31.36.0-255,66,14695,20,117558
8078,0.000362,74.125.200.0-255,1484,16179,20,117558
8079,0.000403,172.31.36.0-255,66,16245,20,117558
8080,0.000424,74.125.200.0-255,3961,20206,20,117558
8081,0.000428,172.31.36.0-255,66,20272,20,117558
8082,0.000431,74.125.200.0-255,398,20670,20,117558
8083,0.000479,74.125.200.0-255,347,21017,20,117558
8084,0.000832,172.31.36.0-255,66,21083,20,117558
8085,0.00107,74.125.200.0-255,1484,22567,20,117558
8086,0.00108,74.125.200.0-255,2902,25469,20,117558
8087,0.001084,172.31.36.0-255,66,25535,20,117558
8088,0.00109,74.125.200.0-255,2902,28437,20,117558
8089,0.001092,172.31.36.0-255,66,28503,20,117558
8090,0.001109,74.125.200.0-255,2902,31405,20,117558
8091,0.001112,172.31.36.0-255,66,31471,20,117558
8092,0.001116,74.125.200.0-255,2902,34373,20,117558
8093,0.001118,172.31.36.0-255,66,34439,20,117558
8094,0.001156,172.31.36.0-255,66,34505,20,117558
8095,0.001167,172.31.36.0-255,66,34571,20,117558
8096,0.001185,74.125.200.0-255,1633,36204,20,117558
8097,0.001188,172.31.36.0-255,66,36270,20,117558
8098,0.001358,74.125.200.0-255,1484,37754,20,117558
8099,0.001378,74.125.200.0-255,2902,40656,20,117558
8100,0.001382,172.31.36.0-255,66,40722,20,117558
8101,0.001407,172.31.36.0-255,66,40788,20,117558
8102,0.001426,74.125.200.0-255,1484,42272,20,117558
8103,0.001429,74.125.200.0-255,1484,43756,20,117558
8104,0.001431,172.31.36.0-255,66,43822,20,117558
8105,0.001436,74.125.200.0-255,2902,46724,20,117558
8106,0.001438,172.31.36.0-255,66,46790,20,117558
8107,0.001446,172.31.36.0-255,66,46856,20,117558
8108,0.001481,172.31.36.0-255,66,46922,20,117558
8109,0.001513,74.125.200.0-255,1484,48406,20,117558
8110,0.001524,74.125.200.0-255,2184,50590,20,117558
8111,0.001526,172.31.36.0-255,66,50656,20,117558
8112,0.00186,74.125.200.0-255,1484,52140,20,117558
8113,0.001878,74.125.200.0-255,2902,55042,20,117558
8114,0.001881,172.31.36.0-255,66,55108,20,117558
8115,0.001885,74.125.200.0-255,2902,58010,20,117558
8116,0.001887,172.31.36.0-255,66,58076,20,117558
8117,0.001911,74.125.200.0-255,2902,60978,20,117558
8118,0.001913,172.31.36.0-255,66,61044,20,117558
8119,0.00192,172.31.36.0-255,66,61110,20,117558
8120,0.001932,74.125.200.0-255,2902,64012,20,117558
8121,0.001935,172.31.36.0-255,66,64078,20,117558
8122,0.00197,172.31.36.0-255,66,64144,20,117558
8123,0.001991,172.31.36.0-255,66,64210,20,117558
8124,0.001996,74.125.200.0-255,2184,66394,20,117558
8125,0.001998,172.31.36.0-255,66,66460,20,117558
8126,0.002035,74.125.200.0-255,2902,69362,20,117558
8127,0.002037,172.31.36.0-255,66,69428,20,117558
8128,0.002054,74.125.200.0-255,1484,70912,20,117558
8129,0.00207,74.125.200.0-255,2902,73814,20,117558
8130,0.002072,172.31.36.0-255,66,73880,20,117558
8131,0.002089,74.125.200.0-255,2902,76782,20,117558
8132,0.002091,172.31.36.0-255,66,76848,20,117558
8133,0.002113,74.125.200.0-255,2902,79750,20,117558
8134,0.002115,172.31.36.0-255,66,79816,20,117558
8135,0.002126,172.31.36.0-255,66,79882,20,117558
8136,0.002135,172.31.36.0-255,66,79948,20,117558
8137,0.002163,74.125.200.0-255,3602,83550,20,117558
8138,0.002166,172.31.36.0-255,66,83616,20,117558
8139,0.002212,74.125.200.0-255,1484,85100,20,117558
8140,0.002223,74.125.200.0-255,2902,88002,20,117558
8141,0.002227,172.31.36.0-255,66,88068,20,117558
8142,0.002249,172.31.36.0-255,66,88134,20,117558
8143,0.002266,74.125.200.0-255,2902,91036,20,117558
8144,0.002268,172.31.36.0-255,66,91102,20,117558
8145,0.002272,74.125.200.0-255,2902,94004,20,117558
8146,0.002274,172.31.36.0-255,66,94070,20,117558
8147,0.002284,74.125.200.0-255,1484,95554,20,117558
8148,0.002324,172.31.36.0-255,66,95620,20,117558
8149,0.00238,172.31.36.0-255,66,95686,20,117558
8150,0.002396,74.125.200.0-255,1484,97170,20,117558
8151,0.002398,74.125.200.0-255,766,97936,20,117558
8152,0.0024,172.31.36.0-255,66,98002,20,117558
8153,0.004717,74.125.200.0-255,2902,100904,20,117558
8154,0.004722,172.31.36.0-255,66,100970,20,117558
8155,0.004751,74.125.200.0-255,2902,103872,20,117558
8156,0.004754,172.31.36.0-255,66,103938,20,117558
8157,0.00707,74.125.200.0-255,2902,106840,20,117558
8158,0.007077,172.31.36.0-255,66,106906,20,117558
8159,0.007099,74.125.200.0-255,2902,109808,20,117558
8160,0.007104,172.31.36.0-255,66,109874,20,117558
8161,0.009455,74.125.200.0-255,2902,112776,20,117558
8162,0.009463,172.31.36.0-255,66,112842,20,117558
8163,0.009482,74.125.200.0-255,2902,115744,20,117558
8164,0.009485,172.31.36.0-255,66,115810,20,117558
8165,0.011818,172.31.36.0-255,66,115876,20,117558
8166,0.011839,74.125.200.0-255,1484,117360,20,117558
8167,0.014189,172.31.36.0-255,66,117426,20,117558
8168,0.016566,172.31.36.0-255,66,117492,20,117558
8169,0.01895,172.31.36.0-255,66,117558,20,117558
8170,0.0,172.217.194.0-255,153,153,20,59142
8171,4.1e-05,172.31.36.0-255,66,219,20,59142
8172,4.9e-05,172.217.194.0-255,1484,1703,20,59142
8173,5.4e-05,172.31.36.0-255,66,1769,20,59142
8174,6e-05,172.217.194.0-255,2902,4671,20,59142
8175,6.3e-05,172.31.36.0-255,66,4737,20,59142
8176,6.6e-05,172.217.194.0-255,1484,6221,20,59142
8177,6.8e-05,172.31.36.0-255,66,6287,20,59142
8178,0.0001,172.31.36.0-255,66,6353,20,59142
8179,0.000105,172.217.194.0-255,3484,9837,20,59142
8180,0.000107,172.31.36.0-255,66,9903,20,59142
8181,0.000146,172.31.36.0-255,66,9969,20,59142
8182,0.000153,172.31.36.0-255,66,10035,20,59142
8183,0.000256,172.217.194.0-255,1484,11519,20,59142
8184,0.000261,172.31.36.0-255,66,11585,20,59142
8185,0.000266,172.217.194.0-255,2902,14487,20,59142
8186,0.000268,172.31.36.0-255,66,14553,20,59142
8187,0.000306,172.31.36.0-255,66,14619,20,59142
8188,0.00031,172.217.194.0-255,2902,17521,20,59142
8189,0.000313,172.31.36.0-255,66,17587,20,59142
8190,0.000357,172.31.36.0-255,66,17653,20,59142
8191,0.000377,172.217.194.0-255,2543,20196,20,59142
8192,0.00038,172.31.36.0-255,66,20262,20,59142
8193,0.00039,172.31.36.0-255,66,20328,20,59142
8194,0.000418,172.31.36.0-255,66,20394,20,59142
8195,0.000458,172.217.194.0-255,366,20760,20,59142
8196,0.000633,172.217.194.0-255,1484,22244,20,59142
8197,0.000637,172.31.36.0-255,66,22310,20,59142
8198,0.000644,172.217.194.0-255,2902,25212,20,59142
8199,0.000646,172.31.36.0-255,66,25278,20,59142
8200,0.000677,172.31.36.0-255,66,25344,20,59142
8201,0.000687,172.31.36.0-255,66,25410,20,59142
8202,0.000745,172.31.36.0-255,66,25476,20,59142
8203,0.000762,172.31.36.0-255,66,25542,20,59142
8204,0.000765,172.217.194.0-255,1484,27026,20,59142
8205,0.000785,172.217.194.0-255,2184,29210,20,59142
8206,0.000788,172.31.36.0-255,66,29276,20,59142
8207,0.000796,172.31.36.0-255,66,29342,20,59142
8208,0.000837,172.31.36.0-255,66,29408,20,59142
8209,0.000842,172.217.194.0-255,3961,33369,20,59142
8210,0.000844,172.31.36.0-255,66,33435,20,59142
8211,0.000882,172.31.36.0-255,66,33501,20,59142
8212,0.000913,172.31.36.0-255,66,33567,20,59142
8213,0.000929,172.217.194.0-255,1125,34692,20,59142
8214,0.000932,172.31.36.0-255,66,34758,20,59142
8215,0.001033,172.217.194.0-255,1484,36242,20,59142
8216,0.001037,172.31.36.0-255,66,36308,20,59142
8217,0.001043,172.217.194.0-255,2902,39210,20,59142
8218,0.001045,172.31.36.0-255,66,39276,20,59142
8219,0.001048,172.217.194.0-255,1484,40760,20,59142
8220,0.001072,172.31.36.0-255,66,40826,20,59142
8221,0.00108,172.31.36.0-255,66,40892,20,59142
8222,0.001104,172.31.36.0-255,66,40958,20,59142
8223,0.001125,172.31.36.0-255,66,41024,20,59142
8224,0.001155,172.31.36.0-255,66,41090,20,59142
8225,0.001261,172.217.194.0-255,1484,42574,20,59142
8226,0.001266,172.217.194.0-255,1484,44058,20,59142
8227,0.001269,172.31.36.0-255,66,44124,20,59142
8228,0.00129,172.217.194.0-255,1484,45608,20,59142
8229,0.001299,172.31.36.0-255,66,45674,20,59142
8230,0.001349,172.31.36.0-255,66,45740,20,59142
8231,0.001372,172.31.36.0-255,66,45806,20,59142
8232,0.001384,172.31.36.0-255,66,45872,20,59142
8233,0.001735,172.217.194.0-255,1484,47356,20,59142
8234,0.00174,172.217.194.0-255,1484,48840,20,59142
8235,0.001743,172.31.36.0-255,66,48906,20,59142
8236,0.001764,172.217.194.0-255,1484,50390,20,59142
8237,0.001787,172.31.36.0-255,66,50456,20,59142
8238,0.001796,172.31.36.0-255,66,50522,20,59142
8239,0.001831,172.31.36.0-255,66,50588,20,59142
8240,0.001861,172.31.36.0-255,66,50654,20,59142
8241,0.00187,172.31.36.0-255,66,50720,20,59142
8242,0.001933,172.217.194.0-255,1484,52204,20,59142
8243,0.00194,172.217.194.0-255,2902,55106,20,59142
8244,0.00195,172.31.36.0-255,66,55172,20,59142
8245,0.001968,172.31.36.0-255,66,55238,20,59142
8246,0.001983,172.31.36.0-255,66,55304,20,59142
8247,0.001994,172.31.36.0-255,66,55370,20,59142
8248,0.002018,172.217.194.0-255,1484,56854,20,59142
8249,0.002066,172.31.36.0-255,66,56920,20,59142
8250,0.0021,172.31.36.0-255,66,56986,20,59142
8251,0.002103,172.217.194.0-255,1484,58470,20,59142
8252,0.002127,172.31.36.0-255,66,58536,20,59142
8253,0.00216,172.31.36.0-255,66,58602,20,59142
8254,0.002175,172.31.36.0-255,66,58668,20,59142
8255,0.0022,172.31.36.0-255,66,58734,20,59142
8256,0.002216,172.31.36.0-255,66,58800,20,59142
8257,0.002219,172.217.194.0-255,105,58905,20,59142
8258,0.009626,172.31.36.0-255,66,58971,20,59142
8259,0.009656,172.31.36.0-255,105,59076,20,59142
8260,0.01215,172.217.194.0-255,66,59142,20,59142
8261,0.0,74.125.200.0-255,153,153,20,32014
8262,3e-05,172.31.36.0-255,66,219,20,32014
8263,3.6e-05,74.125.200.0-255,1484,1703,20,32014
8264,4.1e-05,172.31.36.0-255,66,1769,20,32014
8265,4.6e-05,74.125.200.0-255,2902,4671,20,32014
8266,5.7e-05,172.31.36.0-255,66,4737,20,32014
8267,6.5e-05,172.31.36.0-255,66,4803,20,32014
8268,7.4e-05,172.31.36.0-255,66,4869,20,32014
8269,0.001025,74.125.200.0-255,1484,6353,20,32014
8270,0.001032,172.31.36.0-255,66,6419,20,32014
8271,0.001043,74.125.200.0-255,2902,9321,20,32014
8272,0.00105,172.31.36.0-255,66,9387,20,32014
8273,0.001056,74.125.200.0-255,2902,12289,20,32014
8274,0.001058,172.31.36.0-255,66,12355,20,32014
8275,0.001064,172.31.36.0-255,66,12421,20,32014
8276,0.001108,172.31.36.0-255,66,12487,20,32014
8277,0.001139,172.31.36.0-255,66,12553,20,32014
8278,0.00117,172.31.36.0-255,66,12619,20,32014
8279,0.001202,172.31.36.0-255,66,12685,20,32014
8280,0.001217,74.125.200.0-255,1125,13810,20,32014
8281,0.001219,172.31.36.0-255,66,13876,20,32014
8282,0.00439,74.125.200.0-255,1484,15360,20,32014
8283,0.004396,172.31.36.0-255,66,15426,20,32014
8284,0.004404,74.125.200.0-255,2902,18328,20,32014
8285,0.004407,172.31.36.0-255,66,18394,20,32014
8286,0.004411,74.125.200.0-255,1484,19878,20,32014
8287,0.006735,172.31.36.0-255,66,19944,20,32014
8288,0.009108,172.31.36.0-255,66,20010,20,32014
8289,0.011407,172.31.36.0-255,66,20076,20,32014
8290,0.013696,172.31.36.0-255,66,20142,20,32014
8291,0.015992,74.125.200.0-255,2902,23044,20,32014
8292,0.016,172.31.36.0-255,66,23110,20,32014
8293,0.016032,74.125.200.0-255,2902,26012,20,32014
8294,0.016068,172.31.36.0-255,66,26078,20,32014
8295,0.018289,74.125.200.0-255,2902,28980,20,32014
8296,0.018298,172.31.36.0-255,66,29046,20,32014
8297,0.018344,74.125.200.0-255,2902,31948,20,32014
8298,0.01838,172.31.36.0-255,66,32014,20,32014
8299,0.0,172.253.118.0-255,298,298,20,51756
8300,2.5e-05,172.31.36.0-255,66,364,20,51756
8301,3.1e-05,172.253.118.0-255,1484,1848,20,51756
8302,3.5e-05,172.31.36.0-255,66,1914,20,51756
8303,5.6e-05,172.31.36.0-255,66,1980,20,51756
8304,6.5e-05,172.31.36.0-255,66,2046,20,51756
8305,6.8e-05,172.253.118.0-255,1484,3530,20,51756
8306,7.1e-05,172.31.36.0-255,66,3596,20,51756
8307,9.3e-05,172.253.118.0-255,1905,5501,20,51756
8308,9.5e-05,172.31.36.0-255,66,5567,20,51756
8309,0.000143,172.253.118.0-255,1484,7051,20,51756
8310,0.000147,172.31.36.0-255,66,7117,20,51756
8311,0.000151,172.253.118.0-255,2902,10019,20,51756
8312,0.000154,172.31.36.0-255,66,10085,20,51756
8313,0.0002,172.31.36.0-255,66,10151,20,51756
8314,0.00021,172.31.36.0-255,66,10217,20,51756
8315,0.000257,172.31.36.0-255,66,10283,20,51756
8316,0.000262,172.253.118.0-255,3961,14244,20,51756
8317,0.000264,172.31.36.0-255,66,14310,20,51756
8318,0.001121,172.253.118.0-255,1484,15794,20,51756
8319,0.001127,172.31.36.0-255,66,15860,20,51756
8320,0.001136,172.253.118.0-255,2902,18762,20,51756
8321,0.001139,172.31.36.0-255,66,18828,20,51756
8322,0.001153,172.31.36.0-255,66,18894,20,51756
8323,0.001164,172.31.36.0-255,66,18960,20,51756
8324,0.001258,172.253.118.0-255,1484,20444,20,51756
8325,0.001265,172.253.118.0-255,2902,23346,20,51756
8326,0.001269,172.31.36.0-255,66,23412,20,51756
8327,0.001278,172.31.36.0-255,66,23478,20,51756
8328,0.001319,172.31.36.0-255,66,23544,20,51756
8329,0.001356,172.31.36.0-255,66,23610,20,51756
8330,0.001363,172.31.36.0-255,66,23676,20,51756
8331,0.001394,172.31.36.0-255,66,23742,20,51756
8332,0.001441,172.253.118.0-255,1484,25226,20,51756
8333,0.001445,172.253.118.0-255,2902,28128,20,51756
8334,0.001449,172.31.36.0-255,66,28194,20,51756
8335,0.001488,172.31.36.0-255,66,28260,20,51756
8336,0.001508,172.31.36.0-255,66,28326,20,51756
8337,0.001512,172.253.118.0-255,2902,31228,20,51756
8338,0.001515,172.31.36.0-255,66,31294,20,51756
8339,0.001555,172.31.36.0-255,66,31360,20,51756
8340,0.001582,172.253.118.0-255,1484,32844,20,51756
8341,0.001588,172.253.118.0-255,2902,35746,20,51756
8342,0.001591,172.31.36.0-255,66,35812,20,51756
8343,0.0016,172.31.36.0-255,66,35878,20,51756
8344,0.001637,172.31.36.0-255,66,35944,20,51756
8345,0.001677,172.31.36.0-255,66,36010,20,51756
8346,0.001769,172.253.118.0-255,1484,37494,20,51756
8347,0.001776,172.253.118.0-255,2902,40396,20,51756
8348,0.001779,172.31.36.0-255,66,40462,20,51756
8349,0.001816,172.31.36.0-255,66,40528,20,51756
8350,0.001827,172.31.36.0-255,66,40594,20,51756
8351,0.001869,172.31.36.0-255,66,40660,20,51756
8352,0.00188,172.31.36.0-255,66,40726,20,51756
8353,0.00189,172.253.118.0-255,3602,44328,20,51756
8354,0.001892,172.31.36.0-255,66,44394,20,51756
8355,0.00209,172.253.118.0-255,1484,45878,20,51756
8356,0.002126,172.253.118.0-255,2902,48780,20,51756
8357,0.002132,172.31.36.0-255,66,48846,20,51756
8358,0.002143,172.31.36.0-255,66,48912,20,51756
8359,0.002152,172.253.118.0-255,1484,50396,20,51756
8360,0.002163,172.31.36.0-255,66,50462,20,51756
8361,0.002223,172.31.36.0-255,66,50528,20,51756
8362,0.002226,172.253.118.0-255,766,51294,20,51756
8363,0.004526,172.31.36.0-255,66,51360,20,51756
8364,0.006825,172.31.36.0-255,66,51426,20,51756
8365,0.009129,172.31.36.0-255,66,51492,20,51756
8366,0.01144,172.31.36.0-255,66,51558,20,51756
8367,0.013874,172.31.36.0-255,66,51624,20,51756
8368,0.016185,172.31.36.0-255,66,51690,20,51756
8369,0.01849,172.31.36.0-255,66,51756,20,51756
8370,0.0,172.31.36.0-255,181,181,20,247
8371,0.006389,172.217.194.0-255,66,247,20,247
8372,0.0,172.217.194.0-255,152,152,20,54595
8373,1.8e-05,172.31.36.0-255,66,218,20,54595
8374,2.5e-05,172.217.194.0-255,1484,1702,20,54595
8375,2.9e-05,172.31.36.0-255,66,1768,20,54595
8376,3.5e-05,172.217.194.0-255,2902,4670,20,54595
8377,3.8e-05,172.31.36.0-255,66,4736,20,54595
8378,4.9e-05,172.31.36.0-255,66,4802,20,54595
8379,6.7e-05,172.217.194.0-255,1484,6286,20,54595
8380,7e-05,172.31.36.0-255,66,6352,20,54595
8381,0.000106,172.31.36.0-255,66,6418,20,54595
8382,0.000118,172.31.36.0-255,66,6484,20,54595
8383,0.000121,172.217.194.0-255,1125,7609,20,54595
8384,0.000124,172.31.36.0-255,66,7675,20,54595
8385,0.0002,172.217.194.0-255,1484,9159,20,54595
8386,0.000203,172.31.36.0-255,66,9225,20,54595
8387,0.000235,172.217.194.0-255,2902,12127,20,54595
8388,0.000238,172.31.36.0-255,66,12193,20,54595
8389,0.000241,172.217.194.0-255,1484,13677,20,54595
8390,0.000243,172.31.36.0-255,66,13743,20,54595
8391,0.000274,172.31.36.0-255,66,13809,20,54595
8392,0.0003,172.31.36.0-255,66,13875,20,54595
8393,0.000325,172.31.36.0-255,66,13941,20,54595
8394,0.000335,172.31.36.0-255,66,14007,20,54595
8395,0.000338,172.217.194.0-255,427,14434,20,54595
8396,0.00034,172.31.36.0-255,66,14500,20,54595
8397,0.00053,172.217.194.0-255,1484,15984,20,54595
8398,0.000536,172.217.194.0-255,2902,18886,20,54595
8399,0.00054,172.31.36.0-255,66,18952,20,54595
8400,0.000546,172.217.194.0-255,2902,21854,20,54595
8401,0.000548,172.31.36.0-255,66,21920,20,54595
8402,0.000562,172.217.194.0-255,2902,24822,20,54595
8403,0.000565,172.31.36.0-255,66,24888,20,54595
8404,0.000574,172.31.36.0-255,66,24954,20,54595
8405,0.000604,172.31.36.0-255,66,25020,20,54595
8406,0.000622,172.217.194.0-255,1484,26504,20,54595
8407,0.000632,172.31.36.0-255,66,26570,20,54595
8408,0.000901,172.217.194.0-255,1484,28054,20,54595
8409,0.000907,172.217.194.0-255,2902,30956,20,54595
8410,0.00091,172.31.36.0-255,66,31022,20,54595
8411,0.00092,172.31.36.0-255,66,31088,20,54595
8412,0.000943,172.31.36.0-255,66,31154,20,54595
8413,0.000963,172.31.36.0-255,66,31220,20,54595
8414,0.000987,172.31.36.0-255,66,31286,20,54595
8415,0.001009,172.217.194.0-255,3602,34888,20,54595
8416,0.001012,172.31.36.0-255,66,34954,20,54595
8417,0.001052,172.31.36.0-255,66,35020,20,54595
8418,0.001061,172.31.36.0-255,66,35086,20,54595
8419,0.001083,172.31.36.0-255,66,35152,20,54595
8420,0.001097,172.31.36.0-255,66,35218,20,54595
8421,0.001142,172.217.194.0-255,2902,38120,20,54595
8422,0.001145,172.31.36.0-255,66,38186,20,54595
8423,0.001176,172.31.36.0-255,66,38252,20,54595
8424,0.001188,172.31.36.0-255,66,38318,20,54595
8425,0.001202,172.31.36.0-255,66,38384,20,54595
8426,0.001262,172.31.36.0-255,66,38450,20,54595
8427,0.001271,172.31.36.0-255,66,38516,20,54595
8428,0.001282,172.31.36.0-255,66,38582,20,54595
8429,0.0013,172.217.194.0-255,1484,40066,20,54595
8430,0.001309,172.31.36.0-255,66,40132,20,54595
8431,0.001347,172.31.36.0-255,66,40198,20,54595
8432,0.00139,172.217.194.0-255,1484,41682,20,54595
8433,0.001406,172.217.194.0-255,2902,44584,20,54595
8434,0.001409,172.31.36.0-255,66,44650,20,54595
8435,0.001433,172.31.36.0-255,66,44716,20,54595
8436,0.001442,172.31.36.0-255,66,44782,20,54595
8437,0.00148,172.31.36.0-255,66,44848,20,54595
8438,0.001501,172.31.36.0-255,66,44914,20,54595
8439,0.001543,172.31.36.0-255,66,44980,20,54595
8440,0.00155,172.31.36.0-255,66,45046,20,54595
8441,0.001594,172.31.36.0-255,66,45112,20,54595
8442,0.001607,172.31.36.0-255,66,45178,20,54595
8443,0.001645,172.31.36.0-255,66,45244,20,54595
8444,0.001674,172.31.36.0-255,66,45310,20,54595
8445,0.001688,172.31.36.0-255,66,45376,20,54595
8446,0.001721,172.31.36.0-255,66,45442,20,54595
8447,0.001748,172.217.194.0-255,1484,46926,20,54595
8448,0.001751,172.217.194.0-255,1484,48410,20,54595
8449,0.001753,172.31.36.0-255,66,48476,20,54595
8450,0.001771,172.217.194.0-255,1484,49960,20,54595
8451,0.00178,172.31.36.0-255,66,50026,20,54595
8452,0.001819,172.31.36.0-255,66,50092,20,54595
8453,0.001861,172.31.36.0-255,66,50158,20,54595
8454,0.001884,172.217.194.0-255,3602,53760,20,54595
8455,0.001887,172.31.36.0-255,66,53826,20,54595
8456,0.001901,172.31.36.0-255,66,53892,20,54595
8457,0.001948,172.31.36.0-255,66,53958,20,54595
8458,0.001974,172.31.36.0-255,66,54024,20,54595
8459,0.001984,172.31.36.0-255,66,54090,20,54595
8460,0.001992,172.31.36.0-255,66,54156,20,54595
8461,0.001996,172.217.194.0-255,97,54253,20,54595
8462,0.002041,172.217.194.0-255,105,54358,20,54595
8463,0.004526,172.31.36.0-255,66,54424,20,54595
8464,0.004563,172.31.36.0-255,105,54529,20,54595
8465,0.006768,172.217.194.0-255,66,54595,20,54595
8466,0.0,172.217.194.0-255,216,216,20,61355
8467,2.1e-05,172.31.36.0-255,66,282,20,61355
8468,2.8e-05,172.217.194.0-255,1484,1766,20,61355
8469,3.2e-05,172.31.36.0-255,66,1832,20,61355
8470,3.5e-05,172.217.194.0-255,1484,3316,20,61355
8471,3.8e-05,172.31.36.0-255,66,3382,20,61355
8472,5e-05,172.31.36.0-255,66,3448,20,61355
8473,8.3e-05,172.31.36.0-255,66,3514,20,61355
8474,0.0001,172.217.194.0-255,3261,6775,20,61355
8475,0.000104,172.31.36.0-255,66,6841,20,61355
8476,0.000116,172.31.36.0-255,66,6907,20,61355
8477,0.000119,172.217.194.0-255,1125,8032,20,61355
8478,0.000121,172.31.36.0-255,66,8098,20,61355
8479,0.000511,172.217.194.0-255,1484,9582,20,61355
8480,0.000518,172.31.36.0-255,66,9648,20,61355
8481,0.000525,172.217.194.0-255,2902,12550,20,61355
8482,0.000527,172.31.36.0-255,66,12616,20,61355
8483,0.000536,172.31.36.0-255,66,12682,20,61355
8484,0.000546,172.31.36.0-255,66,12748,20,61355
8485,0.0006,172.31.36.0-255,66,12814,20,61355
8486,0.000604,172.217.194.0-255,2798,15612,20,61355
8487,0.000606,172.31.36.0-255,66,15678,20,61355
8488,0.000609,172.217.194.0-255,119,15797,20,61355
8489,0.000611,172.31.36.0-255,66,15863,20,61355
8490,0.000667,172.217.194.0-255,1484,17347,20,61355
8491,0.000672,172.31.36.0-255,66,17413,20,61355
8492,0.000677,172.217.194.0-255,2902,20315,20,61355
8493,0.00068,172.31.36.0-255,66,20381,20,61355
8494,0.000687,172.31.36.0-255,66,20447,20,61355
8495,0.000728,172.31.36.0-255,66,20513,20,61355
8496,0.00079,172.217.194.0-255,1484,21997,20,61355
8497,0.000804,172.31.36.0-255,66,22063,20,61355
8498,0.000809,172.217.194.0-255,2902,24965,20,61355
8499,0.000813,172.217.194.0-255,2902,27867,20,61355
8500,0.000826,172.217.194.0-255,2902,30769,20,61355
8501,0.000857,172.31.36.0-255,66,30835,20,61355
8502,0.000897,172.217.194.0-255,2902,33737,20,61355
8503,0.000943,172.31.36.0-255,66,33803,20,61355
8504,0.000976,172.217.194.0-255,1484,35287,20,61355
8505,0.000981,172.217.194.0-255,2902,38189,20,61355
8506,0.001046,172.217.194.0-255,1484,39673,20,61355
8507,0.001058,172.31.36.0-255,66,39739,20,61355
8508,0.001116,172.31.36.0-255,66,39805,20,61355
8509,0.001154,172.217.194.0-255,1484,41289,20,61355
8510,0.00116,172.217.194.0-255,2902,44191,20,61355
8511,0.001183,172.217.194.0-255,1484,45675,20,61355
8512,0.001186,172.217.194.0-255,1484,47159,20,61355
8513,0.001214,172.217.194.0-255,2902,50061,20,61355
8514,0.001221,172.31.36.0-255,66,50127,20,61355
8515,0.001236,172.217.194.0-255,766,50893,20,61355
8516,0.001272,172.31.36.0-255,66,50959,20,61355
8517,0.00132,172.217.194.0-255,1484,52443,20,61355
8518,0.001335,172.217.194.0-255,2902,55345,20,61355
8519,0.001346,172.31.36.0-255,66,55411,20,61355
8520,0.001375,172.217.194.0-255,1484,56895,20,61355
8521,0.00138,172.31.36.0-255,66,56961,20,61355
8522,0.001434,172.31.36.0-255,66,57027,20,61355
8523,0.001511,172.31.36.0-255,66,57093,20,61355
8524,0.001641,172.31.36.0-255,66,57159,20,61355
8525,0.001702,172.217.194.0-255,3854,61013,20,61355
8526,0.001705,172.217.194.0-255,105,61118,20,61355
8527,0.001742,172.31.36.0-255,66,61184,20,61355
8528,0.004368,172.31.36.0-255,105,61289,20,61355
8529,0.00662,172.217.194.0-255,66,61355,20,61355
8530,0.0,74.125.24.0-255,153,153,20,64296
8531,1.6e-05,172.31.36.0-255,66,219,20,64296
8532,2.2e-05,74.125.24.0-255,1484,1703,20,64296
8533,2.7e-05,172.31.36.0-255,66,1769,20,64296
8534,4.1e-05,74.125.24.0-255,2902,4671,20,64296
8535,4.4e-05,172.31.36.0-255,66,4737,20,64296
8536,5.6e-05,172.31.36.0-255,66,4803,20,64296
8537,6e-05,74.125.24.0-255,2019,6822,20,64296
8538,6.3e-05,172.31.36.0-255,66,6888,20,64296
8539,0.000125,172.31.36.0-255,66,6954,20,64296
8540,0.000142,172.31.36.0-255,66,7020,20,64296
8541,0.000182,172.31.36.0-255,66,7086,20,64296
8542,0.000191,172.31.36.0-255,66,7152,20,64296
8543,0.000227,172.31.36.0-255,66,7218,20,64296
8544,0.000276,172.31.36.0-255,66,7284,20,64296
8545,0.000379,74.125.24.0-255,1484,8768,20,64296
8546,0.000382,172.31.36.0-255,66,8834,20,64296
8547,0.000387,74.125.24.0-255,2902,11736,20,64296
8548,0.000389,172.31.36.0-255,66,11802,20,64296
8549,0.000403,74.125.24.0-255,1484,13286,20,64296
8550,0.000405,172.31.36.0-255,66,13352,20,64296
8551,0.000429,172.31.36.0-255,66,13418,20,64296
8552,0.000432,74.125.24.0-255,1484,14902,20,64296
8553,0.000434,172.31.36.0-255,66,14968,20,64296
8554,0.000473,172.31.36.0-255,66,15034,20,64296
8555,0.000486,172.31.36.0-255,66,15100,20,64296
8556,0.000513,74.125.24.0-255,1870,16970,20,64296
8557,0.000515,172.31.36.0-255,66,17036,20,64296
8558,0.000519,74.125.24.0-255,1484,18520,20,64296
8559,0.000543,74.125.24.0-255,2902,21422,20,64296
8560,0.000545,172.31.36.0-255,66,21488,20,64296
8561,0.000553,172.31.36.0-255,66,21554,20,64296
8562,0.000588,172.31.36.0-255,66,21620,20,64296
8563,0.000624,172.31.36.0-255,66,21686,20,64296
8564,0.000655,172.31.36.0-255,66,21752,20,64296
8565,0.000725,74.125.24.0-255,1484,23236,20,64296
8566,0.000729,74.125.24.0-255,1484,24720,20,64296
8567,0.000732,172.31.36.0-255,66,24786,20,64296
8568,0.000744,74.125.24.0-255,1484,26270,20,64296
8569,0.000756,172.31.36.0-255,66,26336,20,64296
8570,0.000765,74.125.24.0-255,1484,27820,20,64296
8571,0.000793,172.31.36.0-255,66,27886,20,64296
8572,0.000838,172.31.36.0-255,66,27952,20,64296
8573,0.000861,74.125.24.0-255,3602,31554,20,64296
8574,0.000864,172.31.36.0-255,66,31620,20,64296
8575,0.000874,172.31.36.0-255,66,31686,20,64296
8576,0.000894,74.125.24.0-255,2902,34588,20,64296
8577,0.000896,172.31.36.0-255,66,34654,20,64296
8578,0.000905,172.31.36.0-255,66,34720,20,64296
8579,0.000932,74.125.24.0-255,2902,37622,20,64296
8580,0.000935,172.31.36.0-255,66,37688,20,64296
8581,0.000973,172.31.36.0-255,66,37754,20,64296
8582,0.000977,74.125.24.0-255,2902,40656,20,64296
8583,0.000978,172.31.36.0-255,66,40722,20,64296
8584,0.000985,172.31.36.0-255,66,40788,20,64296
8585,0.001024,74.125.24.0-255,1484,42272,20,64296
8586,0.001068,172.31.36.0-255,66,42338,20,64296
8587,0.001084,172.31.36.0-255,66,42404,20,64296
8588,0.001087,74.125.24.0-255,766,43170,20,64296
8589,0.001157,74.125.24.0-255,1484,44654,20,64296
8590,0.001162,172.31.36.0-255,66,44720,20,64296
8591,0.001167,74.125.24.0-255,2902,47622,20,64296
8592,0.001169,172.31.36.0-255,66,47688,20,64296
8593,0.001205,172.31.36.0-255,66,47754,20,64296
8594,0.001245,172.31.36.0-255,66,47820,20,64296
8595,0.001254,172.31.36.0-255,66,47886,20,64296
8596,0.00129,74.125.24.0-255,3602,51488,20,64296
8597,0.001293,172.31.36.0-255,66,51554,20,64296
8598,0.001422,74.125.24.0-255,1484,53038,20,64296
8599,0.001437,74.125.24.0-255,2902,55940,20,64296
8600,0.00144,172.31.36.0-255,66,56006,20,64296
8601,0.001445,74.125.24.0-255,2902,58908,20,64296
8602,0.001447,172.31.36.0-255,66,58974,20,64296
8603,0.001466,74.125.24.0-255,2902,61876,20,64296
8604,0.001469,172.31.36.0-255,66,61942,20,64296
8605,0.001473,74.125.24.0-255,1484,63426,20,64296
8606,0.001516,172.31.36.0-255,66,63492,20,64296
8607,0.00153,172.31.36.0-255,66,63558,20,64296
8608,0.001581,172.31.36.0-255,66,63624,20,64296
8609,0.001589,172.31.36.0-255,66,63690,20,64296
8610,0.001623,172.31.36.0-255,66,63756,20,64296
8611,0.001656,172.31.36.0-255,66,63822,20,64296
8612,0.001714,172.31.36.0-255,66,63888,20,64296
8613,0.001724,172.31.36.0-255,66,63954,20,64296
8614,0.001731,74.125.24.0-255,105,64059,20,64296
8615,0.010737,172.31.36.0-255,66,64125,20,64296
8616,0.010781,172.31.36.0-255,105,64230,20,64296
8617,0.013388,74.125.24.0-255,66,64296,20,64296
8618,0.0,172.217.194.0-255,146,146,20,69392
8619,3.6e-05,172.31.36.0-255,66,212,20,69392
8620,4.3e-05,172.217.194.0-255,1484,1696,20,69392
8621,4.8e-05,172.31.36.0-255,66,1762,20,69392
8622,5.4e-05,172.217.194.0-255,2902,4664,20,69392
8623,5.8e-05,172.31.36.0-255,66,4730,20,69392
8624,6.8e-05,172.31.36.0-255,66,4796,20,69392
8625,8.2e-05,172.31.36.0-255,66,4862,20,69392
8626,0.000113,172.31.36.0-255,66,4928,20,69392
8627,0.00018,172.217.194.0-255,1484,6412,20,69392
8628,0.000184,172.31.36.0-255,66,6478,20,69392
8629,0.000189,172.217.194.0-255,2902,9380,20,69392
8630,0.000191,172.31.36.0-255,66,9446,20,69392
8631,0.000196,172.217.194.0-255,2902,12348,20,69392
8632,0.000198,172.31.36.0-255,66,12414,20,69392
8633,0.000225,172.217.194.0-255,2902,15316,20,69392
8634,0.000229,172.31.36.0-255,66,15382,20,69392
8635,0.00024,172.31.36.0-255,66,15448,20,69392
8636,0.000274,172.217.194.0-255,3961,19409,20,69392
8637,0.000278,172.31.36.0-255,66,19475,20,69392
8638,0.000289,172.31.36.0-255,66,19541,20,69392
8639,0.000307,172.217.194.0-255,1426,20967,20,69392
8640,0.00031,172.31.36.0-255,66,21033,20,69392
8641,0.00033,172.217.194.0-255,385,21418,20,69392
8642,0.000333,172.31.36.0-255,66,21484,20,69392
8643,0.000387,172.217.194.0-255,1484,22968,20,69392
8644,0.000391,172.31.36.0-255,66,23034,20,69392
8645,0.000396,172.217.194.0-255,2902,25936,20,69392
8646,0.000399,172.31.36.0-255,66,26002,20,69392
8647,0.000402,172.217.194.0-255,1484,27486,20,69392
8648,0.000432,172.31.36.0-255,66,27552,20,69392
8649,0.000453,172.31.36.0-255,66,27618,20,69392
8650,0.000475,172.217.194.0-255,1994,29612,20,69392
8651,0.000478,172.31.36.0-255,66,29678,20,69392
8652,0.000793,172.217.194.0-255,1484,31162,20,69392
8653,0.0008,172.217.194.0-255,2902,34064,20,69392
8654,0.000803,172.31.36.0-255,66,34130,20,69392
8655,0.000812,172.31.36.0-255,66,34196,20,69392
8656,0.00082,172.31.36.0-255,66,34262,20,69392
8657,0.000845,172.31.36.0-255,66,34328,20,69392
8658,0.000883,172.31.36.0-255,66,34394,20,69392
8659,0.001165,172.217.194.0-255,1484,35878,20,69392
8660,0.001172,172.217.194.0-255,2902,38780,20,69392
8661,0.001176,172.31.36.0-255,66,38846,20,69392
8662,0.00118,172.217.194.0-255,1484,40330,20,69392
8663,0.001202,172.31.36.0-255,66,40396,20,69392
8664,0.001222,172.31.36.0-255,66,40462,20,69392
8665,0.001284,172.31.36.0-255,66,40528,20,69392
8666,0.001292,172.31.36.0-255,66,40594,20,69392
8667,0.001325,172.217.194.0-255,1484,42078,20,69392
8668,0.001329,172.217.194.0-255,2902,44980,20,69392
8669,0.001332,172.31.36.0-255,66,45046,20,69392
8670,0.00134,172.31.36.0-255,66,45112,20,69392
8671,0.001364,172.217.194.0-255,1484,46596,20,69392
8672,0.001377,172.31.36.0-255,66,46662,20,69392
8673,0.00143,172.31.36.0-255,66,46728,20,69392
8674,0.00146,172.31.36.0-255,66,46794,20,69392
8675,0.001474,172.217.194.0-255,1484,48278,20,69392
8676,0.001491,172.217.194.0-255,2902,51180,20,69392
8677,0.001493,172.31.36.0-255,66,51246,20,69392
8678,0.001496,172.217.194.0-255,1484,52730,20,69392
8679,0.001516,172.31.36.0-255,66,52796,20,69392
8680,0.00152,172.217.194.0-255,2902,55698,20,69392
8681,0.001523,172.31.36.0-255,66,55764,20,69392
8682,0.001593,172.31.36.0-255,66,55830,20,69392
8683,0.001602,172.31.36.0-255,66,55896,20,69392
8684,0.00162,172.217.194.0-255,2184,58080,20,69392
8685,0.001622,172.31.36.0-255,66,58146,20,69392
8686,0.001861,172.217.194.0-255,1484,59630,20,69392
8687,0.001866,172.217.194.0-255,1484,61114,20,69392
8688,0.001868,172.31.36.0-255,66,61180,20,69392
8689,0.001895,172.217.194.0-255,1484,62664,20,69392
8690,0.001911,172.31.36.0-255,66,62730,20,69392
8691,0.001919,172.31.36.0-255,66,62796,20,69392
8692,0.001929,172.31.36.0-255,66,62862,20,69392
8693,0.001941,172.31.36.0-255,66,62928,20,69392
8694,0.001994,172.31.36.0-255,66,62994,20,69392
8695,0.002043,172.31.36.0-255,66,63060,20,69392
8696,0.002064,172.31.36.0-255,66,63126,20,69392
8697,0.004713,172.31.36.0-255,66,63192,20,69392
8698,0.007412,172.31.36.0-255,66,63258,20,69392
8699,0.010089,172.31.36.0-255,66,63324,20,69392
8700,0.012722,172.31.36.0-255,66,63390,20,69392
8701,0.015412,172.31.36.0-255,66,63456,20,69392
8702,0.015429,172.217.194.0-255,1484,64940,20,69392
8703,0.018032,172.217.194.0-255,2902,67842,20,69392
8704,0.018035,172.31.36.0-255,66,67908,20,69392
8705,0.018052,172.217.194.0-255,1484,69392,20,69392
8706,0.0,172.217.194.0-255,298,298,20,59050
8707,3e-05,172.31.36.0-255,66,364,20,59050
8708,3.7e-05,172.217.194.0-255,1484,1848,20,59050
8709,4.1e-05,172.31.36.0-255,66,1914,20,59050
8710,5.7e-05,172.31.36.0-255,66,1980,20,59050
8711,6.7e-05,172.31.36.0-255,66,2046,20,59050
8712,7e-05,172.217.194.0-255,1838,3884,20,59050
8713,7.2e-05,172.31.36.0-255,66,3950,20,59050
8714,0.000118,172.31.36.0-255,66,4016,20,59050
8715,0.000147,172.31.36.0-255,66,4082,20,59050
8716,0.000156,172.31.36.0-255,66,4148,20,59050
8717,0.00018,172.217.194.0-255,1484,5632,20,59050
8718,0.000183,172.31.36.0-255,66,5698,20,59050
8719,0.000211,172.217.194.0-255,2902,8600,20,59050
8720,0.000214,172.31.36.0-255,66,8666,20,59050
8721,0.000223,172.31.36.0-255,66,8732,20,59050
8722,0.000258,172.31.36.0-255,66,8798,20,59050
8723,0.000267,172.31.36.0-255,66,8864,20,59050
8724,0.000309,172.31.36.0-255,66,8930,20,59050
8725,0.000334,172.217.194.0-255,3181,12111,20,59050
8726,0.000337,172.217.194.0-255,1484,13595,20,59050
8727,0.000339,172.31.36.0-255,66,13661,20,59050
8728,0.000343,172.31.36.0-255,66,13727,20,59050
8729,0.000357,172.217.194.0-255,2902,16629,20,59050
8730,0.00036,172.31.36.0-255,66,16695,20,59050
8731,0.000371,172.31.36.0-255,66,16761,20,59050
8732,0.000399,172.217.194.0-255,1435,18196,20,59050
8733,0.00042,172.217.194.0-255,1484,19680,20,59050
8734,0.000423,172.31.36.0-255,66,19746,20,59050
8735,0.000428,172.217.194.0-255,2902,22648,20,59050
8736,0.000431,172.31.36.0-255,66,22714,20,59050
8737,0.000454,172.217.194.0-255,2902,25616,20,59050
8738,0.000455,172.31.36.0-255,66,25682,20,59050
8739,0.000458,172.31.36.0-255,66,25748,20,59050
8740,0.000476,172.217.194.0-255,2902,28650,20,59050
8741,0.00048,172.31.36.0-255,66,28716,20,59050
8742,0.000494,172.31.36.0-255,66,28782,20,59050
8743,0.00053,172.31.36.0-255,66,28848,20,59050
8744,0.000569,172.217.194.0-255,1484,30332,20,59050
8745,0.000575,172.217.194.0-255,2902,33234,20,59050
8746,0.000578,172.31.36.0-255,66,33300,20,59050
8747,0.000587,172.31.36.0-255,66,33366,20,59050
8748,0.000597,172.31.36.0-255,66,33432,20,59050
8749,0.000641,172.217.194.0-255,1252,34684,20,59050
8750,0.000709,172.217.194.0-255,1484,36168,20,59050
8751,0.000712,172.217.194.0-255,1484,37652,20,59050
8752,0.000714,172.31.36.0-255,66,37718,20,59050
8753,0.000738,172.217.194.0-255,1484,39202,20,59050
8754,0.000741,172.31.36.0-255,66,39268,20,59050
8755,0.00075,172.31.36.0-255,66,39334,20,59050
8756,0.00079,172.31.36.0-255,66,39400,20,59050
8757,0.000802,172.31.36.0-255,66,39466,20,59050
8758,0.00085,172.31.36.0-255,66,39532,20,59050
8759,0.000889,172.217.194.0-255,766,40298,20,59050
8760,0.000901,172.31.36.0-255,66,40364,20,59050
8761,0.000914,172.31.36.0-255,66,40430,20,59050
8762,0.000929,172.31.36.0-255,66,40496,20,59050
8763,0.000932,172.217.194.0-255,766,41262,20,59050
8764,0.001028,172.217.194.0-255,1484,42746,20,59050
8765,0.001032,172.31.36.0-255,66,42812,20,59050
8766,0.001037,172.217.194.0-255,2902,45714,20,59050
8767,0.00104,172.31.36.0-255,66,45780,20,59050
8768,0.001067,172.31.36.0-255,66,45846,20,59050
8769,0.00107,172.217.194.0-255,1484,47330,20,59050
8770,0.001111,172.31.36.0-255,66,47396,20,59050
8771,0.001121,172.31.36.0-255,66,47462,20,59050
8772,0.001161,172.31.36.0-255,66,47528,20,59050
8773,0.001399,172.217.194.0-255,1484,49012,20,59050
8774,0.001405,172.217.194.0-255,2902,51914,20,59050
8775,0.001408,172.31.36.0-255,66,51980,20,59050
8776,0.001439,172.31.36.0-255,66,52046,20,59050
8777,0.001478,172.31.36.0-255,66,52112,20,59050
8778,0.001491,172.31.36.0-255,66,52178,20,59050
8779,0.001883,172.217.194.0-255,1484,53662,20,59050
8780,0.001889,172.217.194.0-255,2902,56564,20,59050
8781,0.001894,172.31.36.0-255,66,56630,20,59050
8782,0.001911,172.31.36.0-255,66,56696,20,59050
8783,0.001948,172.31.36.0-255,66,56762,20,59050
8784,0.001991,172.31.36.0-255,66,56828,20,59050
8785,0.002026,172.31.36.0-255,66,56894,20,59050
8786,0.002039,172.31.36.0-255,66,56960,20,59050
8787,0.002048,172.31.36.0-255,66,57026,20,59050
8788,0.002096,172.31.36.0-255,66,57092,20,59050
8789,0.00212,172.217.194.0-255,1484,58576,20,59050
8790,0.002165,172.31.36.0-255,66,58642,20,59050
8791,0.00225,172.31.36.0-255,66,58708,20,59050
8792,0.002275,172.217.194.0-255,105,58813,20,59050
8793,0.003398,172.31.36.0-255,66,58879,20,59050
8794,0.003426,172.31.36.0-255,105,58984,20,59050
8795,0.005647,172.217.194.0-255,66,59050,20,59050
8796,0.0,172.217.194.0-255,154,154,20,63274
8797,1.8e-05,172.31.36.0-255,66,220,20,63274
8798,2.5e-05,172.217.194.0-255,1484,1704,20,63274
8799,2.9e-05,172.31.36.0-255,66,1770,20,63274
8800,3.4e-05,172.217.194.0-255,2902,4672,20,63274
8801,3.7e-05,172.31.36.0-255,66,4738,20,63274
8802,4.8e-05,172.31.36.0-255,66,4804,20,63274
8803,8.3e-05,172.31.36.0-255,66,4870,20,63274
8804,0.000109,172.31.36.0-255,66,4936,20,63274
8805,0.000113,172.217.194.0-255,2543,7479,20,63274
8806,0.000116,172.31.36.0-255,66,7545,20,63274
8807,0.000134,172.217.194.0-255,2902,10447,20,63274
8808,0.000136,172.31.36.0-255,66,10513,20,63274
8809,0.000156,172.31.36.0-255,66,10579,20,63274
8810,0.00016,172.217.194.0-255,2902,13481,20,63274
8811,0.000162,172.31.36.0-255,66,13547,20,63274
8812,0.000189,172.217.194.0-255,3961,17508,20,63274
8813,0.000191,172.31.36.0-255,66,17574,20,63274
8814,0.000205,172.31.36.0-255,66,17640,20,63274
8815,0.000218,172.217.194.0-255,2902,20542,20,63274
8816,0.00022,172.31.36.0-255,66,20608,20,63274
8817,0.000224,172.217.194.0-255,1438,22046,20,63274
8818,0.000226,172.31.36.0-255,66,22112,20,63274
8819,0.000245,172.217.194.0-255,365,22477,20,63274
8820,0.000247,172.31.36.0-255,66,22543,20,63274
8821,0.000931,172.217.194.0-255,1484,24027,20,63274
8822,0.000954,172.31.36.0-255,66,24093,20,63274
8823,0.00096,172.217.194.0-255,2902,26995,20,63274
8824,0.000964,172.31.36.0-255,66,27061,20,63274
8825,0.000972,172.31.36.0-255,66,27127,20,63274
8826,0.000981,172.31.36.0-255,66,27193,20,63274
8827,0.001023,172.31.36.0-255,66,27259,20,63274
8828,0.001036,172.31.36.0-255,66,27325,20,63274
8829,0.001206,172.217.194.0-255,1484,28809,20,63274
8830,0.001213,172.217.194.0-255,2902,31711,20,63274
8831,0.001217,172.31.36.0-255,66,31777,20,63274
8832,0.001227,172.31.36.0-255,66,31843,20,63274
8833,0.001271,172.31.36.0-255,66,31909,20,63274
8834,0.001283,172.31.36.0-255,66,31975,20,63274
8835,0.001376,172.217.194.0-255,1484,33459,20,63274
8836,0.001382,172.217.194.0-255,2902,36361,20,63274
8837,0.001385,172.31.36.0-255,66,36427,20,63274
8838,0.001403,172.31.36.0-255,66,36493,20,63274
8839,0.001442,172.31.36.0-255,66,36559,20,63274
8840,0.001492,172.31.36.0-255,66,36625,20,63274
8841,0.001501,172.31.36.0-255,66,36691,20,63274
8842,0.001524,172.31.36.0-255,66,36757,20,63274
8843,0.001533,172.31.36.0-255,66,36823,20,63274
8844,0.001577,172.31.36.0-255,66,36889,20,63274
8845,0.00168,172.217.194.0-255,1484,38373,20,63274
8846,0.001685,172.217.194.0-255,2902,41275,20,63274
8847,0.001691,172.31.36.0-255,66,41341,20,63274
8848,0.001713,172.31.36.0-255,66,41407,20,63274
8849,0.001717,172.217.194.0-255,1484,42891,20,63274
8850,0.001747,172.31.36.0-255,66,42957,20,63274
8851,0.001777,172.217.194.0-255,1484,44441,20,63274
8852,0.001817,172.31.36.0-255,66,44507,20,63274
8853,0.002406,172.217.194.0-255,1484,45991,20,63274
8854,0.002414,172.217.194.0-255,2902,48893,20,63274
8855,0.002418,172.31.36.0-255,66,48959,20,63274
8856,0.002436,172.217.194.0-255,1484,50443,20,63274
8857,0.002458,172.217.194.0-255,2902,53345,20,63274
8858,0.002461,172.31.36.0-255,66,53411,20,63274
8859,0.002472,172.31.36.0-255,66,53477,20,63274
8860,0.002515,172.31.36.0-255,66,53543,20,63274
8861,0.002538,172.217.194.0-255,1484,55027,20,63274
8862,0.002543,172.217.194.0-255,2902,57929,20,63274
8863,0.002545,172.31.36.0-255,66,57995,20,63274
8864,0.002549,172.217.194.0-255,1484,59479,20,63274
8865,0.002566,172.31.36.0-255,66,59545,20,63274
8866,0.002606,172.31.36.0-255,66,59611,20,63274
8867,0.002639,172.31.36.0-255,66,59677,20,63274
8868,0.002651,172.31.36.0-255,66,59743,20,63274
8869,0.002655,172.217.194.0-255,2902,62645,20,63274
8870,0.002657,172.31.36.0-255,66,62711,20,63274
8871,0.005235,172.31.36.0-255,66,62777,20,63274
8872,0.005911,172.31.36.0-255,101,62878,20,63274
8873,0.007843,172.31.36.0-255,66,62944,20,63274
8874,0.008418,172.217.194.0-255,66,63010,20,63274
8875,0.010405,172.31.36.0-255,66,63076,20,63274
8876,0.012992,172.31.36.0-255,66,63142,20,63274
8877,0.015564,172.31.36.0-255,66,63208,20,63274
8878,0.018123,172.31.36.0-255,66,63274,20,63274
8879,0.0,172.217.26.0-255,156,156,20,36813
8880,2.9e-05,172.31.36.0-255,66,222,20,36813
8881,3.6e-05,172.217.26.0-255,1484,1706,20,36813
8882,4e-05,172.31.36.0-255,66,1772,20,36813
8883,4.5e-05,172.217.26.0-255,2902,4674,20,36813
8884,4.8e-05,172.31.36.0-255,66,4740,20,36813
8885,5.8e-05,172.31.36.0-255,66,4806,20,36813
8886,6.1e-05,172.217.26.0-255,2040,6846,20,36813
8887,6.4e-05,172.31.36.0-255,66,6912,20,36813
8888,0.000103,172.217.26.0-255,1484,8396,20,36813
8889,0.000105,172.31.36.0-255,66,8462,20,36813
8890,0.000109,172.217.26.0-255,1484,9946,20,36813
8891,0.00011,172.31.36.0-255,66,10012,20,36813
8892,0.000126,172.217.26.0-255,1484,11496,20,36813
8893,0.000129,172.31.36.0-255,66,11562,20,36813
8894,0.000139,172.31.36.0-255,66,11628,20,36813
8895,0.000169,172.31.36.0-255,66,11694,20,36813
8896,0.000206,172.217.26.0-255,1484,13178,20,36813
8897,0.000209,172.31.36.0-255,66,13244,20,36813
8898,0.000212,172.217.26.0-255,1484,14728,20,36813
8899,0.000214,172.31.36.0-255,66,14794,20,36813
8900,0.000227,172.217.26.0-255,1484,16278,20,36813
8901,0.000229,172.31.36.0-255,66,16344,20,36813
8902,0.000232,172.217.26.0-255,1484,17828,20,36813
8903,0.000234,172.31.36.0-255,66,17894,20,36813
8904,0.000258,172.31.36.0-255,66,17960,20,36813
8905,0.000268,172.31.36.0-255,66,18026,20,36813
8906,0.000365,172.217.26.0-255,1484,19510,20,36813
8907,0.000369,172.217.26.0-255,1484,20994,20,36813
8908,0.000372,172.31.36.0-255,66,21060,20,36813
8909,0.000385,172.217.26.0-255,1484,22544,20,36813
8910,0.000394,172.31.36.0-255,66,22610,20,36813
8911,0.000416,172.31.36.0-255,66,22676,20,36813
8912,0.000424,172.217.26.0-255,2543,25219,20,36813
8913,0.000426,172.31.36.0-255,66,25285,20,36813
8914,0.000555,172.217.26.0-255,395,25680,20,36813
8915,0.000689,172.31.36.0-255,66,25746,20,36813
8916,0.001202,172.217.26.0-255,114,25860,20,36813
8917,0.001346,172.217.26.0-255,1484,27344,20,36813
8918,0.001351,172.31.36.0-255,66,27410,20,36813
8919,0.001369,172.217.26.0-255,2902,30312,20,36813
8920,0.001371,172.31.36.0-255,66,30378,20,36813
8921,0.001399,172.31.36.0-255,66,30444,20,36813
8922,0.001406,172.31.36.0-255,66,30510,20,36813
8923,0.001423,172.217.26.0-255,2902,33412,20,36813
8924,0.001424,172.31.36.0-255,66,33478,20,36813
8925,0.00144,172.31.36.0-255,66,33544,20,36813
8926,0.001457,172.217.26.0-255,1125,34669,20,36813
8927,0.001464,172.31.36.0-255,66,34735,20,36813
8928,0.003388,172.31.36.0-255,66,34801,20,36813
8929,0.003404,172.217.26.0-255,1484,36285,20,36813
8930,0.005325,172.31.36.0-255,66,36351,20,36813
8931,0.00727,172.31.36.0-255,66,36417,20,36813
8932,0.009235,172.31.36.0-255,66,36483,20,36813
8933,0.011181,172.31.36.0-255,66,36549,20,36813
8934,0.013117,172.31.36.0-255,66,36615,20,36813
8935,0.01507,172.31.36.0-255,66,36681,20,36813
8936,0.01702,172.31.36.0-255,66,36747,20,36813
8937,0.01897,172.31.36.0-255,66,36813,20,36813
8938,0.0,74.125.200.0-255,153,153,20,75532
8939,3.3e-05,172.31.36.0-255,66,219,20,75532
8940,4.1e-05,74.125.200.0-255,1484,1703,20,75532
8941,4.5e-05,172.31.36.0-255,66,1769,20,75532
8942,4.8e-05,74.125.200.0-255,1484,3253,20,75532
8943,5e-05,172.31.36.0-255,66,3319,20,75532
8944,5.4e-05,74.125.200.0-255,2902,6221,20,75532
8945,5.6e-05,172.31.36.0-255,66,6287,20,75532
8946,6.1e-05,74.125.200.0-255,2902,9189,20,75532
8947,6.4e-05,172.31.36.0-255,66,9255,20,75532
8948,9.2e-05,74.125.200.0-255,2902,12157,20,75532
8949,9.4e-05,172.31.36.0-255,66,12223,20,75532
8950,9.8e-05,74.125.200.0-255,2019,14242,20,75532
8951,0.000101,172.31.36.0-255,66,14308,20,75532
8952,0.00023,74.125.200.0-255,1484,15792,20,75532
8953,0.000234,172.31.36.0-255,66,15858,20,75532
8954,0.000252,74.125.200.0-255,2902,18760,20,75532
8955,0.000255,172.31.36.0-255,66,18826,20,75532
8956,0.000263,172.31.36.0-255,66,18892,20,75532
8957,0.000301,74.125.200.0-255,2902,21794,20,75532
8958,0.000302,172.31.36.0-255,66,21860,20,75532
8959,0.000307,172.31.36.0-255,66,21926,20,75532
8960,0.000319,172.31.36.0-255,66,21992,20,75532
8961,0.000334,74.125.200.0-255,1484,23476,20,75532
8962,0.000337,172.31.36.0-255,66,23542,20,75532
8963,0.000366,172.31.36.0-255,66,23608,20,75532
8964,0.000392,172.31.36.0-255,66,23674,20,75532
8965,0.00042,172.31.36.0-255,66,23740,20,75532
8966,0.000423,74.125.200.0-255,394,24134,20,75532
8967,0.000453,74.125.200.0-255,114,24248,20,75532
8968,0.000527,74.125.200.0-255,332,24580,20,75532
8969,0.000748,74.125.200.0-255,1484,26064,20,75532
8970,0.000752,172.31.36.0-255,66,26130,20,75532
8971,0.000758,74.125.200.0-255,2902,29032,20,75532
8972,0.000763,172.31.36.0-255,66,29098,20,75532
8973,0.00077,74.125.200.0-255,1484,30582,20,75532
8974,0.000795,172.31.36.0-255,66,30648,20,75532
8975,0.000803,172.31.36.0-255,66,30714,20,75532
8976,0.000841,172.31.36.0-255,66,30780,20,75532
8977,0.00086,74.125.200.0-255,1484,32264,20,75532
8978,0.000873,172.31.36.0-255,66,32330,20,75532
8979,0.001138,74.125.200.0-255,1484,33814,20,75532
8980,0.001145,74.125.200.0-255,2902,36716,20,75532
8981,0.001148,172.31.36.0-255,66,36782,20,75532
8982,0.001168,172.31.36.0-255,66,36848,20,75532
8983,0.001198,172.31.36.0-255,66,36914,20,75532
8984,0.001223,172.31.36.0-255,66,36980,20,75532
8985,0.001231,172.31.36.0-255,66,37046,20,75532
8986,0.001263,172.31.36.0-255,66,37112,20,75532
8987,0.001539,74.125.200.0-255,1484,38596,20,75532
8988,0.001549,74.125.200.0-255,2902,41498,20,75532
8989,0.001553,172.31.36.0-255,66,41564,20,75532
8990,0.001558,74.125.200.0-255,1484,43048,20,75532
8991,0.001563,74.125.200.0-255,2902,45950,20,75532
8992,0.001565,172.31.36.0-255,66,46016,20,75532
8993,0.001568,74.125.200.0-255,1484,47500,20,75532
8994,0.001598,172.31.36.0-255,66,47566,20,75532
8995,0.001622,172.31.36.0-255,66,47632,20,75532
8996,0.001652,172.31.36.0-255,66,47698,20,75532
8997,0.001657,74.125.200.0-255,2902,50600,20,75532
8998,0.001659,172.31.36.0-255,66,50666,20,75532
8999,0.001682,172.31.36.0-255,66,50732,20,75532
9000,0.001812,74.125.200.0-255,1484,52216,20,75532
9001,0.001817,74.125.200.0-255,1484,53700,20,75532
9002,0.001821,172.31.36.0-255,66,53766,20,75532
9003,0.001834,74.125.200.0-255,1484,55250,20,75532
9004,0.00184,74.125.200.0-255,2902,58152,20,75532
9005,0.001842,172.31.36.0-255,66,58218,20,75532
9006,0.001866,74.125.200.0-255,2902,61120,20,75532
9007,0.001868,172.31.36.0-255,66,61186,20,75532
9008,0.001877,172.31.36.0-255,66,61252,20,75532
9009,0.001884,172.31.36.0-255,66,61318,20,75532
9010,0.001902,74.125.200.0-255,2902,64220,20,75532
9011,0.001904,172.31.36.0-255,66,64286,20,75532
9012,0.001926,74.125.200.0-255,2902,67188,20,75532
9013,0.001928,172.31.36.0-255,66,67254,20,75532
9014,0.001956,172.31.36.0-255,66,67320,20,75532
9015,0.002058,74.125.200.0-255,1484,68804,20,75532
9016,0.002063,74.125.200.0-255,1484,70288,20,75532
9017,0.002067,172.31.36.0-255,66,70354,20,75532
9018,0.002086,74.125.200.0-255,1484,71838,20,75532
9019,0.002097,172.31.36.0-255,66,71904,20,75532
9020,0.002113,74.125.200.0-255,1484,73388,20,75532
9021,0.002138,172.31.36.0-255,66,73454,20,75532
9022,0.002175,172.31.36.0-255,66,73520,20,75532
9023,0.0022,172.31.36.0-255,66,73586,20,75532
9024,0.004413,172.31.36.0-255,66,73652,20,75532
9025,0.006629,172.31.36.0-255,66,73718,20,75532
9026,0.008869,172.31.36.0-255,66,73784,20,75532
9027,0.011111,172.31.36.0-255,66,73850,20,75532
9028,0.013332,172.31.36.0-255,66,73916,20,75532
9029,0.015595,172.31.36.0-255,66,73982,20,75532
9030,0.017813,172.31.36.0-255,66,74048,20,75532
9031,0.017831,74.125.200.0-255,1484,75532,20,75532
9032,0.0,172.217.194.0-255,150,150,20,30594
9033,3.6e-05,172.31.36.0-255,66,216,20,30594
9034,4.3e-05,172.217.194.0-255,1484,1700,20,30594
9035,4.7e-05,172.31.36.0-255,66,1766,20,30594
9036,5e-05,172.217.194.0-255,1484,3250,20,30594
9037,5.3e-05,172.31.36.0-255,66,3316,20,30594
9038,6.3e-05,172.31.36.0-255,66,3382,20,30594
9039,7.3e-05,172.31.36.0-255,66,3448,20,30594
9040,0.000165,172.217.194.0-255,1484,4932,20,30594
9041,0.000168,172.31.36.0-255,66,4998,20,30594
9042,0.000173,172.217.194.0-255,2902,7900,20,30594
9043,0.000177,172.31.36.0-255,66,7966,20,30594
9044,0.00021,172.31.36.0-255,66,8032,20,30594
9045,0.000221,172.31.36.0-255,66,8098,20,30594
9046,0.000437,172.217.194.0-255,1484,9582,20,30594
9047,0.000442,172.31.36.0-255,66,9648,20,30594
9048,0.000448,172.217.194.0-255,2902,12550,20,30594
9049,0.00045,172.31.36.0-255,66,12616,20,30594
9050,0.000485,172.31.36.0-255,66,12682,20,30594
9051,0.00051,172.31.36.0-255,66,12748,20,30594
9052,0.000521,172.31.36.0-255,66,12814,20,30594
9053,0.000539,172.217.194.0-255,2543,15357,20,30594
9054,0.000547,172.31.36.0-255,66,15423,20,30594
9055,0.000573,172.217.194.0-255,645,16068,20,30594
9056,0.000576,172.31.36.0-255,66,16134,20,30594
9057,0.000857,172.217.194.0-255,1484,17618,20,30594
9058,0.000865,172.217.194.0-255,2902,20520,20,30594
9059,0.000868,172.31.36.0-255,66,20586,20,30594
9060,0.000892,172.31.36.0-255,66,20652,20,30594
9061,0.0009,172.31.36.0-255,66,20718,20,30594
9062,0.000933,172.31.36.0-255,66,20784,20,30594
9063,0.000944,172.31.36.0-255,66,20850,20,30594
9064,0.000979,172.217.194.0-255,1484,22334,20,30594
9065,0.000983,172.217.194.0-255,766,23100,20,30594
9066,0.000987,172.31.36.0-255,66,23166,20,30594
9067,0.00107,172.217.194.0-255,1484,24650,20,30594
9068,0.001075,172.217.194.0-255,2902,27552,20,30594
9069,0.001079,172.31.36.0-255,66,27618,20,30594
9070,0.001098,172.31.36.0-255,66,27684,20,30594
9071,0.001132,172.31.36.0-255,66,27750,20,30594
9072,0.001143,172.31.36.0-255,66,27816,20,30594
9073,0.001165,172.217.194.0-255,766,28582,20,30594
9074,0.001445,172.31.36.0-255,66,28648,20,30594
9075,0.00368,172.31.36.0-255,66,28714,20,30594
9076,0.004009,172.217.194.0-255,1484,30198,20,30594
9077,0.006249,172.31.36.0-255,66,30264,20,30594
9078,0.008907,172.31.36.0-255,66,30330,20,30594
9079,0.01153,172.31.36.0-255,66,30396,20,30594
9080,0.014119,172.31.36.0-255,66,30462,20,30594
9081,0.016736,172.31.36.0-255,66,30528,20,30594
9082,0.01929,172.31.36.0-255,66,30594,20,30594
9083,0.0,74.125.24.0-255,145,145,20,20691
9084,2.1e-05,172.31.36.0-255,66,211,20,20691
9085,2.9e-05,74.125.24.0-255,1484,1695,20,20691
9086,3.3e-05,172.31.36.0-255,66,1761,20,20691
9087,3.9e-05,74.125.24.0-255,2902,4663,20,20691
9088,4.2e-05,172.31.36.0-255,66,4729,20,20691
9089,6.4e-05,74.125.24.0-255,2902,7631,20,20691
9090,6.7e-05,172.31.36.0-255,66,7697,20,20691
9091,8.9e-05,172.31.36.0-255,66,7763,20,20691
9092,0.000355,74.125.24.0-255,1484,9247,20,20691
9093,0.000361,172.31.36.0-255,66,9313,20,20691
9094,0.000368,74.125.24.0-255,2902,12215,20,20691
9095,0.000371,172.31.36.0-255,66,12281,20,20691
9096,0.000379,172.31.36.0-255,66,12347,20,20691
9097,0.000395,74.125.24.0-255,1484,13831,20,20691
9098,0.000397,172.31.36.0-255,66,13897,20,20691
9099,0.000441,172.31.36.0-255,66,13963,20,20691
9100,0.00046,74.125.24.0-255,1484,15447,20,20691
9101,0.000462,172.31.36.0-255,66,15513,20,20691
9102,0.000468,74.125.24.0-255,2902,18415,20,20691
9103,0.00047,172.31.36.0-255,66,18481,20,20691
9104,0.000477,172.31.36.0-255,66,18547,20,20691
9105,0.000495,74.125.24.0-255,1484,20031,20,20691
9106,0.000497,172.31.36.0-255,66,20097,20,20691
9107,0.000506,172.31.36.0-255,66,20163,20,20691
9108,0.002835,172.31.36.0-255,66,20229,20,20691
9109,0.005139,172.31.36.0-255,66,20295,20,20691
9110,0.007476,172.31.36.0-255,66,20361,20,20691
9111,0.00985,172.31.36.0-255,66,20427,20,20691
9112,0.01218,172.31.36.0-255,66,20493,20,20691
9113,0.014481,172.31.36.0-255,66,20559,20,20691
9114,0.016843,172.31.36.0-255,66,20625,20,20691
9115,0.019166,172.31.36.0-255,66,20691,20,20691
9116,0.0,172.217.194.0-255,330,330,20,47888
9117,2.4e-05,172.31.36.0-255,66,396,20,47888
9118,3.1e-05,172.217.194.0-255,1484,1880,20,47888
9119,3.5e-05,172.31.36.0-255,66,1946,20,47888
9120,4.5e-05,172.31.36.0-255,66,2012,20,47888
9121,5.3e-05,172.31.36.0-255,66,2078,20,47888
9122,8.7e-05,172.31.36.0-255,66,2144,20,47888
9123,9.8e-05,172.31.36.0-255,66,2210,20,47888
9124,0.000101,172.217.194.0-255,1484,3694,20,47888
9125,0.000104,172.31.36.0-255,66,3760,20,47888
9126,0.000146,172.31.36.0-255,66,3826,20,47888
9127,0.000155,172.31.36.0-255,66,3892,20,47888
9128,0.000229,172.31.36.0-255,66,3958,20,47888
9129,0.000248,172.217.194.0-255,366,4324,20,47888
9130,0.000251,172.31.36.0-255,66,4390,20,47888
9131,0.000626,172.217.194.0-255,1484,5874,20,47888
9132,0.000631,172.31.36.0-255,66,5940,20,47888
9133,0.000634,172.217.194.0-255,1484,7424,20,47888
9134,0.000637,172.31.36.0-255,66,7490,20,47888
9135,0.000653,172.217.194.0-255,1484,8974,20,47888
9136,0.000655,172.31.36.0-255,66,9040,20,47888
9137,0.000664,172.31.36.0-255,66,9106,20,47888
9138,0.000669,172.217.194.0-255,2902,12008,20,47888
9139,0.000671,172.31.36.0-255,66,12074,20,47888
9140,0.000706,172.31.36.0-255,66,12140,20,47888
9141,0.000717,172.31.36.0-255,66,12206,20,47888
9142,0.003252,172.31.36.0-255,66,12272,20,47888
9143,0.005793,172.217.194.0-255,2902,15174,20,47888
9144,0.005797,172.31.36.0-255,66,15240,20,47888
9145,0.005834,172.217.194.0-255,2902,18142,20,47888
9146,0.005837,172.31.36.0-255,66,18208,20,47888
9147,0.008309,172.217.194.0-255,2902,21110,20,47888
9148,0.008316,172.31.36.0-255,66,21176,20,47888
9149,0.008355,172.217.194.0-255,2902,24078,20,47888
9150,0.008359,172.31.36.0-255,66,24144,20,47888
9151,0.01084,172.217.194.0-255,2902,27046,20,47888
9152,0.010851,172.31.36.0-255,66,27112,20,47888
9153,0.010873,172.217.194.0-255,2902,30014,20,47888
9154,0.010876,172.31.36.0-255,66,30080,20,47888
9155,0.013352,172.217.194.0-255,2902,32982,20,47888
9156,0.01336,172.31.36.0-255,66,33048,20,47888
9157,0.013408,172.217.194.0-255,2902,35950,20,47888
9158,0.013411,172.31.36.0-255,66,36016,20,47888
9159,0.015883,172.217.194.0-255,2902,38918,20,47888
9160,0.015896,172.31.36.0-255,66,38984,20,47888
9161,0.015924,172.217.194.0-255,2902,41886,20,47888
9162,0.015928,172.31.36.0-255,66,41952,20,47888
9163,0.018418,172.217.194.0-255,2902,44854,20,47888
9164,0.018426,172.31.36.0-255,66,44920,20,47888
9165,0.018449,172.217.194.0-255,2902,47822,20,47888
9166,0.018452,172.31.36.0-255,66,47888,20,47888
9167,0.0,172.217.194.0-255,153,153,20,71096
9168,2.7e-05,172.31.36.0-255,66,219,20,71096
9169,3.4e-05,172.217.194.0-255,1484,1703,20,71096
9170,3.8e-05,172.31.36.0-255,66,1769,20,71096
9171,4.3e-05,172.217.194.0-255,2902,4671,20,71096
9172,4.5e-05,172.31.36.0-255,66,4737,20,71096
9173,6.5e-05,172.31.36.0-255,66,4803,20,71096
9174,7.7e-05,172.31.36.0-255,66,4869,20,71096
9175,0.000125,172.31.36.0-255,66,4935,20,71096
9176,0.000159,172.31.36.0-255,66,5001,20,71096
9177,0.000169,172.31.36.0-255,66,5067,20,71096
9178,0.000197,172.217.194.0-255,3961,9028,20,71096
9179,0.0002,172.31.36.0-255,66,9094,20,71096
9180,0.000218,172.31.36.0-255,66,9160,20,71096
9181,0.000226,172.31.36.0-255,66,9226,20,71096
9182,0.000277,172.217.194.0-255,1484,10710,20,71096
9183,0.000281,172.31.36.0-255,66,10776,20,71096
9184,0.000286,172.217.194.0-255,2902,13678,20,71096
9185,0.000289,172.31.36.0-255,66,13744,20,71096
9186,0.000304,172.31.36.0-255,66,13810,20,71096
9187,0.000308,172.217.194.0-255,2902,16712,20,71096
9188,0.000311,172.31.36.0-255,66,16778,20,71096
9189,0.000344,172.217.194.0-255,3412,20190,20,71096
9190,0.000348,172.31.36.0-255,66,20256,20,71096
9191,0.000373,172.217.194.0-255,1484,21740,20,71096
9192,0.000378,172.217.194.0-255,2902,24642,20,71096
9193,0.000382,172.31.36.0-255,66,24708,20,71096
9194,0.00039,172.31.36.0-255,66,24774,20,71096
9195,0.000409,172.217.194.0-255,2902,27676,20,71096
9196,0.000412,172.31.36.0-255,66,27742,20,71096
9197,0.000436,172.217.194.0-255,3961,31703,20,71096
9198,0.000444,172.31.36.0-255,66,31769,20,71096
9199,0.000564,172.217.194.0-255,1484,33253,20,71096
9200,0.000569,172.217.194.0-255,2902,36155,20,71096
9201,0.000572,172.31.36.0-255,66,36221,20,71096
9202,0.000576,172.217.194.0-255,1484,37705,20,71096
9203,0.000597,172.31.36.0-255,66,37771,20,71096
9204,0.000636,172.31.36.0-255,66,37837,20,71096
9205,0.000642,172.31.36.0-255,66,37903,20,71096
9206,0.000664,172.217.194.0-255,766,38669,20,71096
9207,0.000782,172.217.194.0-255,1484,40153,20,71096
9208,0.000785,172.217.194.0-255,1484,41637,20,71096
9209,0.000787,172.31.36.0-255,66,41703,20,71096
9210,0.000818,172.217.194.0-255,1484,43187,20,71096
9211,0.000821,172.31.36.0-255,66,43253,20,71096
9212,0.000831,172.31.36.0-255,66,43319,20,71096
9213,0.000848,172.31.36.0-255,66,43385,20,71096
9214,0.00093,172.31.36.0-255,66,43451,20,71096
9215,0.00094,172.31.36.0-255,66,43517,20,71096
9216,0.00096,172.31.36.0-255,66,43583,20,71096
9217,0.001023,172.217.194.0-255,1484,45067,20,71096
9218,0.001029,172.217.194.0-255,2902,47969,20,71096
9219,0.001033,172.31.36.0-255,66,48035,20,71096
9220,0.001062,172.31.36.0-255,66,48101,20,71096
9221,0.001066,172.217.194.0-255,2902,51003,20,71096
9222,0.001068,172.31.36.0-255,66,51069,20,71096
9223,0.001119,172.31.36.0-255,66,51135,20,71096
9224,0.001129,172.31.36.0-255,66,51201,20,71096
9225,0.001132,172.217.194.0-255,766,51967,20,71096
9226,0.001245,172.217.194.0-255,1484,53451,20,71096
9227,0.001248,172.217.194.0-255,1484,54935,20,71096
9228,0.00125,172.31.36.0-255,66,55001,20,71096
9229,0.001259,172.217.194.0-255,1484,56485,20,71096
9230,0.001262,172.31.36.0-255,66,56551,20,71096
9231,0.001277,172.31.36.0-255,66,56617,20,71096
9232,0.00128,172.217.194.0-255,1484,58101,20,71096
9233,0.001329,172.31.36.0-255,66,58167,20,71096
9234,0.001341,172.31.36.0-255,66,58233,20,71096
9235,0.001345,172.217.194.0-255,2184,60417,20,71096
9236,0.001347,172.31.36.0-255,66,60483,20,71096
9237,0.00135,172.217.194.0-255,1484,61967,20,71096
9238,0.001386,172.217.194.0-255,1484,63451,20,71096
9239,0.00139,172.31.36.0-255,66,63517,20,71096
9240,0.0014,172.31.36.0-255,66,63583,20,71096
9241,0.001409,172.31.36.0-255,66,63649,20,71096
9242,0.001449,172.31.36.0-255,66,63715,20,71096
9243,0.001457,172.31.36.0-255,66,63781,20,71096
9244,0.001461,172.217.194.0-255,2902,66683,20,71096
9245,0.001474,172.31.36.0-255,66,66749,20,71096
9246,0.001482,172.31.36.0-255,66,66815,20,71096
9247,0.001494,172.31.36.0-255,66,66881,20,71096
9248,0.001528,172.31.36.0-255,66,66947,20,71096
9249,0.001558,172.31.36.0-255,66,67013,20,71096
9250,0.0016,172.31.36.0-255,66,67079,20,71096
9251,0.00163,172.31.36.0-255,66,67145,20,71096
9252,0.001648,172.31.36.0-255,66,67211,20,71096
9253,0.001662,172.31.36.0-255,66,67277,20,71096
9254,0.001668,172.217.194.0-255,3411,70688,20,71096
9255,0.00167,172.31.36.0-255,66,70754,20,71096
9256,0.001673,172.217.194.0-255,105,70859,20,71096
9257,0.008732,172.31.36.0-255,66,70925,20,71096
9258,0.00876,172.31.36.0-255,105,71030,20,71096
9259,0.01107,172.217.194.0-255,66,71096,20,71096
9260,0.0,172.217.194.0-255,153,153,20,88916
9261,1.6e-05,172.31.36.0-255,66,219,20,88916
9262,2.3e-05,172.217.194.0-255,1484,1703,20,88916
9263,2.7e-05,172.31.36.0-255,66,1769,20,88916
9264,4.2e-05,172.217.194.0-255,2902,4671,20,88916
9265,4.6e-05,172.31.36.0-255,66,4737,20,88916
9266,5.8e-05,172.31.36.0-255,66,4803,20,88916
9267,6.8e-05,172.31.36.0-255,66,4869,20,88916
9268,0.000111,172.31.36.0-255,66,4935,20,88916
9269,0.00039,172.217.194.0-255,1484,6419,20,88916
9270,0.000395,172.31.36.0-255,66,6485,20,88916
9271,0.000402,172.217.194.0-255,2902,9387,20,88916
9272,0.000404,172.31.36.0-255,66,9453,20,88916
9273,0.000421,172.31.36.0-255,66,9519,20,88916
9274,0.000471,172.31.36.0-255,66,9585,20,88916
9275,0.00048,172.31.36.0-255,66,9651,20,88916
9276,0.000531,172.31.36.0-255,66,9717,20,88916
9277,0.000535,172.217.194.0-255,378,10095,20,88916
9278,0.000537,172.31.36.0-255,66,10161,20,88916
9279,0.000567,172.217.194.0-255,1484,11645,20,88916
9280,0.000569,172.31.36.0-255,66,11711,20,88916
9281,0.000578,172.31.36.0-255,66,11777,20,88916
9282,0.000628,172.31.36.0-255,66,11843,20,88916
9283,0.000657,172.217.194.0-255,2902,14745,20,88916
9284,0.000659,172.31.36.0-255,66,14811,20,88916
9285,0.000677,172.31.36.0-255,66,14877,20,88916
9286,0.000712,172.31.36.0-255,66,14943,20,88916
9287,0.000748,172.31.36.0-255,66,15009,20,88916
9288,0.000768,172.31.36.0-255,66,15075,20,88916
9289,0.000773,172.217.194.0-255,3321,18396,20,88916
9290,0.000776,172.31.36.0-255,66,18462,20,88916
9291,0.000816,172.217.194.0-255,1484,19946,20,88916
9292,0.000822,172.217.194.0-255,2902,22848,20,88916
9293,0.000825,172.31.36.0-255,66,22914,20,88916
9294,0.000834,172.31.36.0-255,66,22980,20,88916
9295,0.000838,172.217.194.0-255,2902,25882,20,88916
9296,0.000841,172.31.36.0-255,66,25948,20,88916
9297,0.000884,172.31.36.0-255,66,26014,20,88916
9298,0.000895,172.31.36.0-255,66,26080,20,88916
9299,0.000922,172.217.194.0-255,766,26846,20,88916
9300,0.000952,172.217.194.0-255,1484,28330,20,88916
9301,0.000956,172.31.36.0-255,66,28396,20,88916
9302,0.000962,172.217.194.0-255,2902,31298,20,88916
9303,0.000964,172.31.36.0-255,66,31364,20,88916
9304,0.000976,172.31.36.0-255,66,31430,20,88916
9305,0.001002,172.217.194.0-255,1484,32914,20,88916
9306,0.001013,172.31.36.0-255,66,32980,20,88916
9307,0.001049,172.31.36.0-255,66,33046,20,88916
9308,0.001066,172.31.36.0-255,66,33112,20,88916
9309,0.001069,172.217.194.0-255,1484,34596,20,88916
9310,0.001073,172.217.194.0-255,2902,37498,20,88916
9311,0.001075,172.31.36.0-255,66,37564,20,88916
9312,0.001107,172.31.36.0-255,66,37630,20,88916
9313,0.001111,172.217.194.0-255,2902,40532,20,88916
9314,0.001113,172.31.36.0-255,66,40598,20,88916
9315,0.001153,172.31.36.0-255,66,40664,20,88916
9316,0.001189,172.31.36.0-255,66,40730,20,88916
9317,0.001213,172.217.194.0-255,2184,42914,20,88916
9318,0.001216,172.31.36.0-255,66,42980,20,88916
9319,0.001403,172.217.194.0-255,1484,44464,20,88916
9320,0.00141,172.217.194.0-255,2902,47366,20,88916
9321,0.001416,172.31.36.0-255,66,47432,20,88916
9322,0.00147,172.31.36.0-255,66,47498,20,88916
9323,0.001473,172.31.36.0-255,66,47564,20,88916
9324,0.001489,172.31.36.0-255,66,47630,20,88916
9325,0.001526,172.31.36.0-255,66,47696,20,88916
9326,0.001591,172.217.194.0-255,1484,49180,20,88916
9327,0.001595,172.217.194.0-255,2902,52082,20,88916
9328,0.001598,172.31.36.0-255,66,52148,20,88916
9329,0.001608,172.31.36.0-255,66,52214,20,88916
9330,0.001616,172.31.36.0-255,66,52280,20,88916
9331,0.001629,172.31.36.0-255,66,52346,20,88916
9332,0.00164,172.31.36.0-255,66,52412,20,88916
9333,0.001867,172.217.194.0-255,1484,53896,20,88916
9334,0.001873,172.217.194.0-255,2902,56798,20,88916
9335,0.001878,172.31.36.0-255,66,56864,20,88916
9336,0.001915,172.31.36.0-255,66,56930,20,88916
9337,0.001929,172.31.36.0-255,66,56996,20,88916
9338,0.001954,172.217.194.0-255,1484,58480,20,88916
9339,0.001968,172.31.36.0-255,66,58546,20,88916
9340,0.002004,172.217.194.0-255,766,59312,20,88916
9341,0.004025,172.31.36.0-255,66,59378,20,88916
9342,0.0061,172.31.36.0-255,66,59444,20,88916
9343,0.008151,172.31.36.0-255,66,59510,20,88916
9344,0.010227,172.217.194.0-255,2902,62412,20,88916
9345,0.010234,172.31.36.0-255,66,62478,20,88916
9346,0.010261,172.217.194.0-255,2902,65380,20,88916
9347,0.010264,172.31.36.0-255,66,65446,20,88916
9348,0.012284,172.217.194.0-255,2902,68348,20,88916
9349,0.012292,172.31.36.0-255,66,68414,20,88916
9350,0.012321,172.217.194.0-255,2902,71316,20,88916
9351,0.012324,172.31.36.0-255,66,71382,20,88916
9352,0.014334,172.217.194.0-255,2902,74284,20,88916
9353,0.014341,172.31.36.0-255,66,74350,20,88916
9354,0.014371,172.217.194.0-255,2902,77252,20,88916
9355,0.014374,172.31.36.0-255,66,77318,20,88916
9356,0.016406,172.217.194.0-255,2902,80220,20,88916
9357,0.016414,172.31.36.0-255,66,80286,20,88916
9358,0.016444,172.217.194.0-255,2902,83188,20,88916
9359,0.016446,172.31.36.0-255,66,83254,20,88916
9360,0.018492,172.217.194.0-255,2902,86156,20,88916
9361,0.0185,172.31.36.0-255,66,86222,20,88916
9362,0.01853,172.217.194.0-255,2523,88745,20,88916
9363,0.018534,172.31.36.0-255,66,88811,20,88916
9364,0.018735,172.31.36.0-255,105,88916,20,88916
9365,0.0,172.217.194.0-255,146,146,20,85625
9366,1.5e-05,172.31.36.0-255,66,212,20,85625
9367,3.5e-05,172.217.194.0-255,1484,1696,20,85625
9368,4e-05,172.31.36.0-255,66,1762,20,85625
9369,4.6e-05,172.217.194.0-255,2902,4664,20,85625
9370,4.9e-05,172.31.36.0-255,66,4730,20,85625
9371,6e-05,172.31.36.0-255,66,4796,20,85625
9372,7e-05,172.31.36.0-255,66,4862,20,85625
9373,0.000101,172.217.194.0-255,2902,7764,20,85625
9374,0.000105,172.31.36.0-255,66,7830,20,85625
9375,0.000126,172.31.36.0-255,66,7896,20,85625
9376,0.000197,172.217.194.0-255,1484,9380,20,85625
9377,0.0002,172.31.36.0-255,66,9446,20,85625
9378,0.000214,172.217.194.0-255,2902,12348,20,85625
9379,0.000216,172.31.36.0-255,66,12414,20,85625
9380,0.000247,172.31.36.0-255,66,12480,20,85625
9381,0.000255,172.31.36.0-255,66,12546,20,85625
9382,0.000277,172.217.194.0-255,1125,13671,20,85625
9383,0.000279,172.31.36.0-255,66,13737,20,85625
9384,0.00029,172.31.36.0-255,66,13803,20,85625
9385,0.000311,172.31.36.0-255,66,13869,20,85625
9386,0.000332,172.31.36.0-255,66,13935,20,85625
9387,0.000335,172.217.194.0-255,366,14301,20,85625
9388,0.000337,172.31.36.0-255,66,14367,20,85625
9389,0.000509,172.217.194.0-255,1484,15851,20,85625
9390,0.000515,172.31.36.0-255,66,15917,20,85625
9391,0.000535,172.217.194.0-255,2902,18819,20,85625
9392,0.000539,172.31.36.0-255,66,18885,20,85625
9393,0.000548,172.31.36.0-255,66,18951,20,85625
9394,0.000571,172.31.36.0-255,66,19017,20,85625
9395,0.000597,172.31.36.0-255,66,19083,20,85625
9396,0.00061,172.31.36.0-255,66,19149,20,85625
9397,0.000612,172.217.194.0-255,766,19915,20,85625
9398,0.000614,172.31.36.0-255,66,19981,20,85625
9399,0.000655,172.217.194.0-255,1484,21465,20,85625
9400,0.000658,172.31.36.0-255,66,21531,20,85625
9401,0.000663,172.217.194.0-255,2902,24433,20,85625
9402,0.000666,172.31.36.0-255,66,24499,20,85625
9403,0.000685,172.217.194.0-255,1484,25983,20,85625
9404,0.000702,172.217.194.0-255,2902,28885,20,85625
9405,0.000739,172.217.194.0-255,1484,30369,20,85625
9406,0.000744,172.217.194.0-255,2902,33271,20,85625
9407,0.000748,172.217.194.0-255,2902,36173,20,85625
9408,0.000767,172.217.194.0-255,2902,39075,20,85625
9409,0.000769,172.217.194.0-255,766,39841,20,85625
9410,0.000796,172.31.36.0-255,66,39907,20,85625
9411,0.000829,172.217.194.0-255,1484,41391,20,85625
9412,0.000834,172.217.194.0-255,2902,44293,20,85625
9413,0.000841,172.31.36.0-255,66,44359,20,85625
9414,0.000863,172.31.36.0-255,66,44425,20,85625
9415,0.000909,172.31.36.0-255,66,44491,20,85625
9416,0.000923,172.217.194.0-255,2902,47393,20,85625
9417,0.000936,172.31.36.0-255,66,47459,20,85625
9418,0.000965,172.217.194.0-255,1484,48943,20,85625
9419,0.000992,172.217.194.0-255,1484,50427,20,85625
9420,0.00106,172.31.36.0-255,66,50493,20,85625
9421,0.001071,172.217.194.0-255,3602,54095,20,85625
9422,0.001077,172.31.36.0-255,66,54161,20,85625
9423,0.001209,172.217.194.0-255,1484,55645,20,85625
9424,0.001216,172.217.194.0-255,2902,58547,20,85625
9425,0.001231,172.31.36.0-255,66,58613,20,85625
9426,0.001248,172.31.36.0-255,66,58679,20,85625
9427,0.001275,172.217.194.0-255,1484,60163,20,85625
9428,0.001339,172.31.36.0-255,66,60229,20,85625
9429,0.001458,172.217.194.0-255,1484,61713,20,85625
9430,0.001474,172.217.194.0-255,2902,64615,20,85625
9431,0.001493,172.217.194.0-255,1484,66099,20,85625
9432,0.001498,172.217.194.0-255,2902,69001,20,85625
9433,0.001506,172.31.36.0-255,66,69067,20,85625
9434,0.001551,172.217.194.0-255,1484,70551,20,85625
9435,0.001574,172.217.194.0-255,3602,74153,20,85625
9436,0.001581,172.31.36.0-255,66,74219,20,85625
9437,0.001592,172.217.194.0-255,2902,77121,20,85625
9438,0.001617,172.217.194.0-255,2902,80023,20,85625
9439,0.00165,172.217.194.0-255,1484,81507,20,85625
9440,0.00168,172.31.36.0-255,66,81573,20,85625
9441,0.001685,172.31.36.0-255,66,81639,20,85625
9442,0.001705,172.217.194.0-255,766,82405,20,85625
9443,0.001738,172.31.36.0-255,66,82471,20,85625
9444,0.001744,172.31.36.0-255,66,82537,20,85625
9445,0.001858,172.31.36.0-255,66,82603,20,85625
9446,0.001874,172.217.194.0-255,2680,85283,20,85625
9447,0.001878,172.217.194.0-255,105,85388,20,85625
9448,0.001905,172.31.36.0-255,66,85454,20,85625
9449,0.0042,172.31.36.0-255,105,85559,20,85625
9450,0.006752,172.217.194.0-255,66,85625,20,85625
9451,0.0,74.125.130.0-255,153,153,20,76911
9452,1.6e-05,172.31.36.0-255,66,219,20,76911
9453,2.3e-05,74.125.130.0-255,1484,1703,20,76911
9454,2.7e-05,172.31.36.0-255,66,1769,20,76911
9455,3e-05,74.125.130.0-255,1484,3253,20,76911
9456,4.1e-05,172.31.36.0-255,66,3319,20,76911
9457,6e-05,74.125.130.0-255,1484,4803,20,76911
9458,6.2e-05,172.31.36.0-255,66,4869,20,76911
9459,7.6e-05,172.31.36.0-255,66,4935,20,76911
9460,8.1e-05,74.125.130.0-255,2902,7837,20,76911
9461,8.3e-05,172.31.36.0-255,66,7903,20,76911
9462,0.000108,74.125.130.0-255,668,8571,20,76911
9463,0.000111,172.31.36.0-255,66,8637,20,76911
9464,0.000119,172.31.36.0-255,66,8703,20,76911
9465,0.000128,172.31.36.0-255,66,8769,20,76911
9466,0.000156,74.125.130.0-255,2902,11671,20,76911
9467,0.000158,172.31.36.0-255,66,11737,20,76911
9468,0.000167,74.125.130.0-255,2543,14280,20,76911
9469,0.000169,172.31.36.0-255,66,14346,20,76911
9470,0.00027,74.125.130.0-255,1484,15830,20,76911
9471,0.000274,172.31.36.0-255,66,15896,20,76911
9472,0.00028,74.125.130.0-255,2902,18798,20,76911
9473,0.000282,172.31.36.0-255,66,18864,20,76911
9474,0.000316,172.31.36.0-255,66,18930,20,76911
9475,0.000349,172.31.36.0-255,66,18996,20,76911
9476,0.000386,172.31.36.0-255,66,19062,20,76911
9477,0.00041,74.125.130.0-255,646,19708,20,76911
9478,0.000508,172.31.36.0-255,66,19774,20,76911
9479,0.000533,74.125.130.0-255,1484,21258,20,76911
9480,0.000555,74.125.130.0-255,2902,24160,20,76911
9481,0.000587,172.31.36.0-255,66,24226,20,76911
9482,0.00059,74.125.130.0-255,1484,25710,20,76911
9483,0.00064,172.31.36.0-255,66,25776,20,76911
9484,0.000677,172.31.36.0-255,66,25842,20,76911
9485,0.000686,74.125.130.0-255,2543,28385,20,76911
9486,0.000709,172.31.36.0-255,66,28451,20,76911
9487,0.000911,74.125.130.0-255,1484,29935,20,76911
9488,0.000917,74.125.130.0-255,2902,32837,20,76911
9489,0.000927,74.125.130.0-255,1484,34321,20,76911
9490,0.000936,74.125.130.0-255,1484,35805,20,76911
9491,0.000947,74.125.130.0-255,1484,37289,20,76911
9492,0.000954,172.31.36.0-255,66,37355,20,76911
9493,0.000985,74.125.130.0-255,1484,38839,20,76911
9494,0.001017,172.31.36.0-255,66,38905,20,76911
9495,0.001063,172.31.36.0-255,66,38971,20,76911
9496,0.001082,172.31.36.0-255,66,39037,20,76911
9497,0.001304,74.125.130.0-255,1484,40521,20,76911
9498,0.001317,74.125.130.0-255,2902,43423,20,76911
9499,0.00132,172.31.36.0-255,66,43489,20,76911
9500,0.001369,74.125.130.0-255,1484,44973,20,76911
9501,0.001407,172.31.36.0-255,66,45039,20,76911
9502,0.001438,172.31.36.0-255,66,45105,20,76911
9503,0.001461,172.31.36.0-255,66,45171,20,76911
9504,0.001504,172.31.36.0-255,66,45237,20,76911
9505,0.001546,74.125.130.0-255,2184,47421,20,76911
9506,0.001566,172.31.36.0-255,66,47487,20,76911
9507,0.001631,74.125.130.0-255,1484,48971,20,76911
9508,0.001635,74.125.130.0-255,1484,50455,20,76911
9509,0.001648,74.125.130.0-255,1484,51939,20,76911
9510,0.001658,74.125.130.0-255,1484,53423,20,76911
9511,0.001666,172.31.36.0-255,66,53489,20,76911
9512,0.001699,74.125.130.0-255,2902,56391,20,76911
9513,0.001718,74.125.130.0-255,1484,57875,20,76911
9514,0.001722,172.31.36.0-255,66,57941,20,76911
9515,0.001759,74.125.130.0-255,3602,61543,20,76911
9516,0.001773,172.31.36.0-255,66,61609,20,76911
9517,0.001918,74.125.130.0-255,1484,63093,20,76911
9518,0.001936,74.125.130.0-255,2902,65995,20,76911
9519,0.001939,172.31.36.0-255,66,66061,20,76911
9520,0.001992,172.31.36.0-255,66,66127,20,76911
9521,0.002014,74.125.130.0-255,1484,67611,20,76911
9522,0.002033,172.31.36.0-255,66,67677,20,76911
9523,0.002131,172.31.36.0-255,66,67743,20,76911
9524,0.002184,172.31.36.0-255,66,67809,20,76911
9525,0.002248,172.31.36.0-255,66,67875,20,76911
9526,0.00226,74.125.130.0-255,2902,70777,20,76911
9527,0.002307,74.125.130.0-255,1484,72261,20,76911
9528,0.002311,74.125.130.0-255,2902,75163,20,76911
9529,0.002336,172.31.36.0-255,66,75229,20,76911
9530,0.004638,172.31.36.0-255,66,75295,20,76911
9531,0.00699,172.31.36.0-255,66,75361,20,76911
9532,0.00927,172.31.36.0-255,66,75427,20,76911
9533,0.018884,74.125.130.0-255,1484,76911,20,76911
9534,0.0,74.125.24.0-255,153,153,20,40108
9535,1.4e-05,172.31.36.0-255,66,219,20,40108
9536,2.1e-05,74.125.24.0-255,1484,1703,20,40108
9537,2.5e-05,172.31.36.0-255,66,1769,20,40108
9538,3e-05,74.125.24.0-255,2902,4671,20,40108
9539,3.3e-05,172.31.36.0-255,66,4737,20,40108
9540,6.5e-05,172.31.36.0-255,66,4803,20,40108
9541,0.000108,74.125.24.0-255,2058,6861,20,40108
9542,0.00011,172.31.36.0-255,66,6927,20,40108
9543,0.000133,74.125.24.0-255,2902,9829,20,40108
9544,0.000135,172.31.36.0-255,66,9895,20,40108
9545,0.000169,172.31.36.0-255,66,9961,20,40108
9546,0.000235,172.31.36.0-255,66,10027,20,40108
9547,0.000385,74.125.24.0-255,1484,11511,20,40108
9548,0.000389,172.31.36.0-255,66,11577,20,40108
9549,0.000412,74.125.24.0-255,2902,14479,20,40108
9550,0.000414,172.31.36.0-255,66,14545,20,40108
9551,0.000425,172.31.36.0-255,66,14611,20,40108
9552,0.000466,172.31.36.0-255,66,14677,20,40108
9553,0.000486,74.125.24.0-255,3961,18638,20,40108
9554,0.000489,172.31.36.0-255,66,18704,20,40108
9555,0.000554,172.31.36.0-255,66,18770,20,40108
9556,0.000573,172.31.36.0-255,66,18836,20,40108
9557,0.000678,74.125.24.0-255,678,19514,20,40108
9558,0.000682,172.31.36.0-255,66,19580,20,40108
9559,0.000806,74.125.24.0-255,1484,21064,20,40108
9560,0.000812,74.125.24.0-255,1484,22548,20,40108
9561,0.000824,74.125.24.0-255,1484,24032,20,40108
9562,0.000828,74.125.24.0-255,2902,26934,20,40108
9563,0.000836,172.31.36.0-255,66,27000,20,40108
9564,0.000841,74.125.24.0-255,2902,29902,20,40108
9565,0.000847,172.31.36.0-255,66,29968,20,40108
9566,0.000909,172.31.36.0-255,66,30034,20,40108
9567,0.00101,74.125.24.0-255,1484,31518,20,40108
9568,0.001045,172.31.36.0-255,66,31584,20,40108
9569,0.001126,172.31.36.0-255,66,31650,20,40108
9570,0.001166,172.31.36.0-255,66,31716,20,40108
9571,0.001654,74.125.24.0-255,2184,33900,20,40108
9572,0.002506,74.125.24.0-255,2902,36802,20,40108
9573,0.00272,74.125.24.0-255,2902,39704,20,40108
9574,0.004288,172.31.36.0-255,66,39770,20,40108
9575,0.005468,172.31.36.0-255,101,39871,20,40108
9576,0.00688,172.31.36.0-255,105,39976,20,40108
9577,0.007939,74.125.24.0-255,66,40042,20,40108
9578,0.009088,74.125.24.0-255,66,40108,20,40108
9579,0.0,172.217.194.0-255,146,146,20,82236
9580,3.6e-05,172.31.36.0-255,66,212,20,82236
9581,4.3e-05,172.217.194.0-255,1484,1696,20,82236
9582,4.7e-05,172.31.36.0-255,66,1762,20,82236
9583,5.2e-05,172.217.194.0-255,2902,4664,20,82236
9584,6.4e-05,172.31.36.0-255,66,4730,20,82236
9585,7.4e-05,172.31.36.0-255,66,4796,20,82236
9586,7.8e-05,172.217.194.0-255,1947,6743,20,82236
9587,8.1e-05,172.31.36.0-255,66,6809,20,82236
9588,0.000299,172.217.194.0-255,1484,8293,20,82236
9589,0.000305,172.31.36.0-255,66,8359,20,82236
9590,0.000311,172.217.194.0-255,2902,11261,20,82236
9591,0.000316,172.31.36.0-255,66,11327,20,82236
9592,0.000335,172.31.36.0-255,66,11393,20,82236
9593,0.000357,172.217.194.0-255,1484,12877,20,82236
9594,0.00036,172.31.36.0-255,66,12943,20,82236
9595,0.000401,172.31.36.0-255,66,13009,20,82236
9596,0.000405,172.31.36.0-255,66,13075,20,82236
9597,0.000445,172.31.36.0-255,66,13141,20,82236
9598,0.000457,172.217.194.0-255,1484,14625,20,82236
9599,0.000464,172.31.36.0-255,66,14691,20,82236
9600,0.000491,172.217.194.0-255,2902,17593,20,82236
9601,0.000494,172.31.36.0-255,66,17659,20,82236
9602,0.000504,172.31.36.0-255,66,17725,20,82236
9603,0.000539,172.31.36.0-255,66,17791,20,82236
9604,0.000567,172.217.194.0-255,2543,20334,20,82236
9605,0.000571,172.31.36.0-255,66,20400,20,82236
9606,0.000574,172.217.194.0-255,646,21046,20,82236
9607,0.00076,172.217.194.0-255,1484,22530,20,82236
9608,0.000764,172.31.36.0-255,66,22596,20,82236
9609,0.000768,172.217.194.0-255,1484,24080,20,82236
9610,0.000788,172.217.194.0-255,1484,25564,20,82236
9611,0.000791,172.31.36.0-255,66,25630,20,82236
9612,0.0008,172.31.36.0-255,66,25696,20,82236
9613,0.000834,172.31.36.0-255,66,25762,20,82236
9614,0.000838,172.31.36.0-255,66,25828,20,82236
9615,0.000869,172.217.194.0-255,2902,28730,20,82236
9616,0.000872,172.31.36.0-255,66,28796,20,82236
9617,0.000885,172.31.36.0-255,66,28862,20,82236
9618,0.00107,172.217.194.0-255,1484,30346,20,82236
9619,0.001086,172.217.194.0-255,2902,33248,20,82236
9620,0.001091,172.31.36.0-255,66,33314,20,82236
9621,0.001098,172.217.194.0-255,1484,34798,20,82236
9622,0.001117,172.217.194.0-255,2902,37700,20,82236
9623,0.00112,172.31.36.0-255,66,37766,20,82236
9624,0.001143,172.217.194.0-255,2902,40668,20,82236
9625,0.001146,172.31.36.0-255,66,40734,20,82236
9626,0.001179,172.31.36.0-255,66,40800,20,82236
9627,0.001198,172.217.194.0-255,1484,42284,20,82236
9628,0.001204,172.217.194.0-255,2902,45186,20,82236
9629,0.001206,172.31.36.0-255,66,45252,20,82236
9630,0.001243,172.31.36.0-255,66,45318,20,82236
9631,0.001272,172.31.36.0-255,66,45384,20,82236
9632,0.001494,172.217.194.0-255,1484,46868,20,82236
9633,0.001504,172.217.194.0-255,2902,49770,20,82236
9634,0.001507,172.31.36.0-255,66,49836,20,82236
9635,0.001513,172.217.194.0-255,2902,52738,20,82236
9636,0.001514,172.31.36.0-255,66,52804,20,82236
9637,0.001537,172.217.194.0-255,1484,54288,20,82236
9638,0.001562,172.31.36.0-255,66,54354,20,82236
9639,0.001592,172.31.36.0-255,66,54420,20,82236
9640,0.001633,172.31.36.0-255,66,54486,20,82236
9641,0.001637,172.217.194.0-255,1484,55970,20,82236
9642,0.001664,172.217.194.0-255,3602,59572,20,82236
9643,0.001668,172.31.36.0-255,66,59638,20,82236
9644,0.001817,172.217.194.0-255,1484,61122,20,82236
9645,0.001824,172.217.194.0-255,2902,64024,20,82236
9646,0.001827,172.31.36.0-255,66,64090,20,82236
9647,0.001872,172.31.36.0-255,66,64156,20,82236
9648,0.001883,172.31.36.0-255,66,64222,20,82236
9649,0.001941,172.217.194.0-255,2902,67124,20,82236
9650,0.001945,172.31.36.0-255,66,67190,20,82236
9651,0.001978,172.31.36.0-255,66,67256,20,82236
9652,0.002024,172.31.36.0-255,66,67322,20,82236
9653,0.002063,172.31.36.0-255,66,67388,20,82236
9654,0.002072,172.31.36.0-255,66,67454,20,82236
9655,0.002085,172.31.36.0-255,66,67520,20,82236
9656,0.00209,172.217.194.0-255,2902,70422,20,82236
9657,0.002093,172.31.36.0-255,66,70488,20,82236
9658,0.0021,172.31.36.0-255,66,70554,20,82236
9659,0.002156,172.31.36.0-255,66,70620,20,82236
9660,0.002159,172.217.194.0-255,1484,72104,20,82236
9661,0.002184,172.217.194.0-255,2902,75006,20,82236
9662,0.002186,172.31.36.0-255,66,75072,20,82236
9663,0.002224,172.31.36.0-255,66,75138,20,82236
9664,0.002228,172.217.194.0-255,1484,76622,20,82236
9665,0.00225,172.217.194.0-255,3602,80224,20,82236
9666,0.002254,172.31.36.0-255,66,80290,20,82236
9667,0.004548,172.31.36.0-255,66,80356,20,82236
9668,0.006843,172.31.36.0-255,66,80422,20,82236
9669,0.00913,172.31.36.0-255,66,80488,20,82236
9670,0.011418,172.31.36.0-255,66,80554,20,82236
9671,0.013707,172.31.36.0-255,66,80620,20,82236
9672,0.013733,172.217.194.0-255,1484,82104,20,82236
9673,0.016011,172.31.36.0-255,66,82170,20,82236
9674,0.018323,172.31.36.0-255,66,82236,20,82236
9675,0.0,74.125.130.0-255,292,292,20,101398
9676,1.6e-05,172.31.36.0-255,66,358,20,101398
9677,2.3e-05,74.125.130.0-255,1484,1842,20,101398
9678,2.6e-05,172.31.36.0-255,66,1908,20,101398
9679,2.9e-05,74.125.130.0-255,1484,3392,20,101398
9680,3.1e-05,172.31.36.0-255,66,3458,20,101398
9681,3.6e-05,74.125.130.0-255,2902,6360,20,101398
9682,4.5e-05,172.31.36.0-255,66,6426,20,101398
9683,4.9e-05,74.125.130.0-255,1484,7910,20,101398
9684,5e-05,172.31.36.0-255,66,7976,20,101398
9685,7.6e-05,172.31.36.0-255,66,8042,20,101398
9686,7.9e-05,74.125.130.0-255,1484,9526,20,101398
9687,8e-05,172.31.36.0-255,66,9592,20,101398
9688,0.000112,74.125.130.0-255,1769,11361,20,101398
9689,0.000115,172.31.36.0-255,66,11427,20,101398
9690,0.000119,74.125.130.0-255,2902,14329,20,101398
9691,0.000121,172.31.36.0-255,66,14395,20,101398
9692,0.00015,172.31.36.0-255,66,14461,20,101398
9693,0.000196,172.31.36.0-255,66,14527,20,101398
9694,0.000298,74.125.130.0-255,1484,16011,20,101398
9695,0.000303,172.31.36.0-255,66,16077,20,101398
9696,0.000309,74.125.130.0-255,2902,18979,20,101398
9697,0.000311,172.31.36.0-255,66,19045,20,101398
9698,0.00034,74.125.130.0-255,2902,21947,20,101398
9699,0.000343,172.31.36.0-255,66,22013,20,101398
9700,0.000351,172.31.36.0-255,66,22079,20,101398
9701,0.000375,74.125.130.0-255,2902,24981,20,101398
9702,0.000377,172.31.36.0-255,66,25047,20,101398
9703,0.000409,172.31.36.0-255,66,25113,20,101398
9704,0.000419,172.31.36.0-255,66,25179,20,101398
9705,0.000446,74.125.130.0-255,1484,26663,20,101398
9706,0.000456,172.31.36.0-255,66,26729,20,101398
9707,0.000459,74.125.130.0-255,1079,27808,20,101398
9708,0.000658,74.125.130.0-255,100,27908,20,101398
9709,0.000964,74.125.130.0-255,1484,29392,20,101398
9710,0.000969,74.125.130.0-255,2902,32294,20,101398
9711,0.000979,172.31.36.0-255,66,32360,20,101398
9712,0.000983,172.31.36.0-255,66,32426,20,101398
9713,0.000991,172.31.36.0-255,66,32492,20,101398
9714,0.001024,172.31.36.0-255,66,32558,20,101398
9715,0.001045,74.125.130.0-255,1484,34042,20,101398
9716,0.001054,74.125.130.0-255,2902,36944,20,101398
9717,0.001057,172.31.36.0-255,66,37010,20,101398
9718,0.001064,172.31.36.0-255,66,37076,20,101398
9719,0.001104,74.125.130.0-255,766,37842,20,101398
9720,0.001108,172.31.36.0-255,66,37908,20,101398
9721,0.001333,74.125.130.0-255,1484,39392,20,101398
9722,0.001338,172.31.36.0-255,66,39458,20,101398
9723,0.001369,74.125.130.0-255,2902,42360,20,101398
9724,0.001371,172.31.36.0-255,66,42426,20,101398
9725,0.001381,172.31.36.0-255,66,42492,20,101398
9726,0.001389,74.125.130.0-255,2902,45394,20,101398
9727,0.001391,172.31.36.0-255,66,45460,20,101398
9728,0.001398,172.31.36.0-255,66,45526,20,101398
9729,0.001431,172.31.36.0-255,66,45592,20,101398
9730,0.001444,172.31.36.0-255,66,45658,20,101398
9731,0.001484,74.125.130.0-255,2184,47842,20,101398
9732,0.001486,172.31.36.0-255,66,47908,20,101398
9733,0.00344,74.125.130.0-255,2902,50810,20,101398
9734,0.003448,172.31.36.0-255,66,50876,20,101398
9735,0.003492,74.125.130.0-255,2902,53778,20,101398
9736,0.003495,172.31.36.0-255,66,53844,20,101398
9737,0.005443,74.125.130.0-255,2902,56746,20,101398
9738,0.005447,172.31.36.0-255,66,56812,20,101398
9739,0.005472,74.125.130.0-255,1484,58296,20,101398
9740,0.005485,74.125.130.0-255,1484,59780,20,101398
9741,0.005487,172.31.36.0-255,66,59846,20,101398
9742,0.007432,74.125.130.0-255,2902,62748,20,101398
9743,0.007436,172.31.36.0-255,66,62814,20,101398
9744,0.00748,74.125.130.0-255,2902,65716,20,101398
9745,0.007482,172.31.36.0-255,66,65782,20,101398
9746,0.009432,74.125.130.0-255,2902,68684,20,101398
9747,0.00944,172.31.36.0-255,66,68750,20,101398
9748,0.009469,74.125.130.0-255,2902,71652,20,101398
9749,0.009472,172.31.36.0-255,66,71718,20,101398
9750,0.011449,74.125.130.0-255,2902,74620,20,101398
9751,0.011457,172.31.36.0-255,66,74686,20,101398
9752,0.011489,74.125.130.0-255,2902,77588,20,101398
9753,0.011491,172.31.36.0-255,66,77654,20,101398
9754,0.013462,74.125.130.0-255,2902,80556,20,101398
9755,0.013469,172.31.36.0-255,66,80622,20,101398
9756,0.0135,74.125.130.0-255,2902,83524,20,101398
9757,0.013503,172.31.36.0-255,66,83590,20,101398
9758,0.015476,74.125.130.0-255,2902,86492,20,101398
9759,0.015483,172.31.36.0-255,66,86558,20,101398
9760,0.015516,74.125.130.0-255,2902,89460,20,101398
9761,0.015519,172.31.36.0-255,66,89526,20,101398
9762,0.01749,74.125.130.0-255,2902,92428,20,101398
9763,0.017497,172.31.36.0-255,66,92494,20,101398
9764,0.017522,74.125.130.0-255,2902,95396,20,101398
9765,0.017524,172.31.36.0-255,66,95462,20,101398
9766,0.019495,74.125.130.0-255,2902,98364,20,101398
9767,0.019503,172.31.36.0-255,66,98430,20,101398
9768,0.019533,74.125.130.0-255,2902,101332,20,101398
9769,0.019535,172.31.36.0-255,66,101398,20,101398
9770,0.0,74.125.24.0-255,297,297,20,49967
9771,1.9e-05,172.31.36.0-255,66,363,20,49967
9772,2.5e-05,74.125.24.0-255,1484,1847,20,49967
9773,3e-05,172.31.36.0-255,66,1913,20,49967
9774,4e-05,172.31.36.0-255,66,1979,20,49967
9775,4.9e-05,172.31.36.0-255,66,2045,20,49967
9776,7.9e-05,172.31.36.0-255,66,2111,20,49967
9777,8.9e-05,172.31.36.0-255,66,2177,20,49967
9778,0.000122,172.31.36.0-255,66,2243,20,49967
9779,0.000155,172.31.36.0-255,66,2309,20,49967
9780,0.000176,74.125.24.0-255,1484,3793,20,49967
9781,0.000178,172.31.36.0-255,66,3859,20,49967
9782,0.000188,172.31.36.0-255,66,3925,20,49967
9783,0.000208,74.125.24.0-255,1125,5050,20,49967
9784,0.000211,172.31.36.0-255,66,5116,20,49967
9785,0.000736,74.125.24.0-255,1484,6600,20,49967
9786,0.000742,172.31.36.0-255,66,6666,20,49967
9787,0.000747,74.125.24.0-255,2902,9568,20,49967
9788,0.00075,172.31.36.0-255,66,9634,20,49967
9789,0.000753,74.125.24.0-255,1484,11118,20,49967
9790,0.000755,172.31.36.0-255,66,11184,20,49967
9791,0.000786,172.31.36.0-255,66,11250,20,49967
9792,0.000796,172.31.36.0-255,66,11316,20,49967
9793,0.000843,74.125.24.0-255,645,11961,20,49967
9794,0.001011,172.31.36.0-255,66,12027,20,49967
9795,0.001203,74.125.24.0-255,1484,13511,20,49967
9796,0.00123,74.125.24.0-255,2902,16413,20,49967
9797,0.001234,172.31.36.0-255,66,16479,20,49967
9798,0.001239,74.125.24.0-255,1484,17963,20,49967
9799,0.001247,172.31.36.0-255,66,18029,20,49967
9800,0.001285,172.31.36.0-255,66,18095,20,49967
9801,0.001302,74.125.24.0-255,1125,19220,20,49967
9802,0.001344,74.125.24.0-255,1484,20704,20,49967
9803,0.001348,172.31.36.0-255,66,20770,20,49967
9804,0.001354,74.125.24.0-255,2902,23672,20,49967
9805,0.001355,172.31.36.0-255,66,23738,20,49967
9806,0.001369,74.125.24.0-255,1484,25222,20,49967
9807,0.001384,172.31.36.0-255,66,25288,20,49967
9808,0.001441,74.125.24.0-255,2902,28190,20,49967
9809,0.001444,172.31.36.0-255,66,28256,20,49967
9810,0.001464,74.125.24.0-255,3961,32217,20,49967
9811,0.001466,172.31.36.0-255,66,32283,20,49967
9812,0.001796,74.125.24.0-255,1484,33767,20,49967
9813,0.001822,74.125.24.0-255,2902,36669,20,49967
9814,0.001827,172.31.36.0-255,66,36735,20,49967
9815,0.001837,172.31.36.0-255,66,36801,20,49967
9816,0.001845,172.31.36.0-255,66,36867,20,49967
9817,0.001877,74.125.24.0-255,2902,39769,20,49967
9818,0.001881,172.31.36.0-255,66,39835,20,49967
9819,0.001907,172.31.36.0-255,66,39901,20,49967
9820,0.001914,172.31.36.0-255,66,39967,20,49967
9821,0.001934,74.125.24.0-255,1484,41451,20,49967
9822,0.001952,74.125.24.0-255,2184,43635,20,49967
9823,0.001955,172.31.36.0-255,66,43701,20,49967
9824,0.004455,74.125.24.0-255,1484,45185,20,49967
9825,0.004502,74.125.24.0-255,2902,48087,20,49967
9826,0.004508,172.31.36.0-255,66,48153,20,49967
9827,0.004527,74.125.24.0-255,1484,49637,20,49967
9828,0.007074,172.31.36.0-255,66,49703,20,49967
9829,0.009678,172.31.36.0-255,66,49769,20,49967
9830,0.012272,172.31.36.0-255,66,49835,20,49967
9831,0.014875,172.31.36.0-255,66,49901,20,49967
9832,0.017474,172.31.36.0-255,66,49967,20,49967
9833,0.0,172.217.24.0-255,153,153,20,22513
9834,2.7e-05,172.31.36.0-255,66,219,20,22513
9835,3.5e-05,172.217.24.0-255,1484,1703,20,22513
9836,3.9e-05,172.31.36.0-255,66,1769,20,22513
9837,4.6e-05,172.217.24.0-255,2902,4671,20,22513
9838,5.8e-05,172.31.36.0-255,66,4737,20,22513
9839,6.7e-05,172.31.36.0-255,66,4803,20,22513
9840,7.6e-05,172.31.36.0-255,66,4869,20,22513
9841,0.000135,172.217.24.0-255,1484,6353,20,22513
9842,0.000138,172.31.36.0-255,66,6419,20,22513
9843,0.000143,172.217.24.0-255,2902,9321,20,22513
9844,0.000145,172.31.36.0-255,66,9387,20,22513
9845,0.000149,172.217.24.0-255,1484,10871,20,22513
9846,0.000155,172.31.36.0-255,66,10937,20,22513
9847,0.000191,172.31.36.0-255,66,11003,20,22513
9848,0.000199,172.31.36.0-255,66,11069,20,22513
9849,0.000208,172.31.36.0-255,66,11135,20,22513
9850,0.000247,172.31.36.0-255,66,11201,20,22513
9851,0.000258,172.31.36.0-255,66,11267,20,22513
9852,0.001194,172.217.24.0-255,1484,12751,20,22513
9853,0.001201,172.31.36.0-255,66,12817,20,22513
9854,0.001211,172.217.24.0-255,2902,15719,20,22513
9855,0.001213,172.31.36.0-255,66,15785,20,22513
9856,0.001228,172.31.36.0-255,66,15851,20,22513
9857,0.001238,172.31.36.0-255,66,15917,20,22513
9858,0.001243,172.217.24.0-255,2902,18819,20,22513
9859,0.001245,172.31.36.0-255,66,18885,20,22513
9860,0.001275,172.31.36.0-255,66,18951,20,22513
9861,0.0013,172.217.24.0-255,2902,21853,20,22513
9862,0.001859,172.217.24.0-255,198,22051,20,22513
9863,0.007091,172.31.36.0-255,66,22117,20,22513
9864,0.00904,172.31.36.0-255,66,22183,20,22513
9865,0.010981,172.31.36.0-255,66,22249,20,22513
9866,0.012923,172.31.36.0-255,66,22315,20,22513
9867,0.014862,172.31.36.0-255,66,22381,20,22513
9868,0.016806,172.31.36.0-255,66,22447,20,22513
9869,0.018739,172.31.36.0-255,66,22513,20,22513
9870,0.0,172.31.36.0-255,237,237,20,303
9871,0.007124,172.253.118.0-255,66,303,20,303
9872,0.0,74.125.130.0-255,147,147,20,52305
9873,2.2e-05,172.31.36.0-255,66,213,20,52305
9874,2.9e-05,74.125.130.0-255,1484,1697,20,52305
9875,3.5e-05,172.31.36.0-255,66,1763,20,52305
9876,4.9e-05,74.125.130.0-255,2902,4665,20,52305
9877,5.2e-05,172.31.36.0-255,66,4731,20,52305
9878,6.3e-05,172.31.36.0-255,66,4797,20,52305
9879,7.2e-05,172.31.36.0-255,66,4863,20,52305
9880,0.000124,74.125.130.0-255,1484,6347,20,52305
9881,0.000127,172.31.36.0-255,66,6413,20,52305
9882,0.000132,74.125.130.0-255,2902,9315,20,52305
9883,0.000134,172.31.36.0-255,66,9381,20,52305
9884,0.000165,172.31.36.0-255,66,9447,20,52305
9885,0.000182,74.125.130.0-255,1484,10931,20,52305
9886,0.000184,172.31.36.0-255,66,10997,20,52305
9887,0.000193,172.31.36.0-255,66,11063,20,52305
9888,0.000233,74.125.130.0-255,2543,13606,20,52305
9889,0.000236,172.31.36.0-255,66,13672,20,52305
9890,0.000634,74.125.130.0-255,1484,15156,20,52305
9891,0.00064,172.31.36.0-255,66,15222,20,52305
9892,0.00066,74.125.130.0-255,2902,18124,20,52305
9893,0.000663,172.31.36.0-255,66,18190,20,52305
9894,0.000695,172.31.36.0-255,66,18256,20,52305
9895,0.000699,74.125.130.0-255,1484,19740,20,52305
9896,0.0007,172.31.36.0-255,66,19806,20,52305
9897,0.000706,74.125.130.0-255,2902,22708,20,52305
9898,0.000708,172.31.36.0-255,66,22774,20,52305
9899,0.000758,172.31.36.0-255,66,22840,20,52305
9900,0.000788,172.31.36.0-255,66,22906,20,52305
9901,0.000792,74.125.130.0-255,1484,24390,20,52305
9902,0.000796,74.125.130.0-255,1484,25874,20,52305
9903,0.000798,172.31.36.0-255,66,25940,20,52305
9904,0.000821,74.125.130.0-255,1484,27424,20,52305
9905,0.000849,172.31.36.0-255,66,27490,20,52305
9906,0.000923,74.125.130.0-255,403,27893,20,52305
9907,0.001169,172.31.36.0-255,66,27959,20,52305
9908,0.001306,74.125.130.0-255,1484,29443,20,52305
9909,0.001324,74.125.130.0-255,2902,32345,20,52305
9910,0.001329,172.31.36.0-255,66,32411,20,52305
9911,0.001364,172.31.36.0-255,66,32477,20,52305
9912,0.001369,74.125.130.0-255,2902,35379,20,52305
9913,0.001371,172.31.36.0-255,66,35445,20,52305
9914,0.001402,172.31.36.0-255,66,35511,20,52305
9915,0.001416,172.31.36.0-255,66,35577,20,52305
9916,0.00142,74.125.130.0-255,2902,38479,20,52305
9917,0.001422,172.31.36.0-255,66,38545,20,52305
9918,0.001456,172.31.36.0-255,66,38611,20,52305
9919,0.001462,74.125.130.0-255,3602,42213,20,52305
9920,0.001465,172.31.36.0-255,66,42279,20,52305
9921,0.001895,74.125.130.0-255,1484,43763,20,52305
9922,0.001913,74.125.130.0-255,2902,46665,20,52305
9923,0.001918,172.31.36.0-255,66,46731,20,52305
9924,0.001948,172.31.36.0-255,66,46797,20,52305
9925,0.001957,172.31.36.0-255,66,46863,20,52305
9926,0.001996,172.31.36.0-255,66,46929,20,52305
9927,0.002005,172.31.36.0-255,66,46995,20,52305
9928,0.002043,172.31.36.0-255,66,47061,20,52305
9929,0.00207,172.31.36.0-255,66,47127,20,52305
9930,0.002075,74.125.130.0-255,2902,50029,20,52305
9931,0.002077,172.31.36.0-255,66,50095,20,52305
9932,0.002111,172.31.36.0-255,66,50161,20,52305
9933,0.002121,172.31.36.0-255,66,50227,20,52305
9934,0.002153,172.31.36.0-255,66,50293,20,52305
9935,0.004305,172.31.36.0-255,66,50359,20,52305
9936,0.004337,74.125.130.0-255,1484,51843,20,52305
9937,0.006426,172.31.36.0-255,66,51909,20,52305
9938,0.008553,172.31.36.0-255,66,51975,20,52305
9939,0.010665,172.31.36.0-255,66,52041,20,52305
9940,0.012818,172.31.36.0-255,66,52107,20,52305
9941,0.014957,172.31.36.0-255,66,52173,20,52305
9942,0.017093,172.31.36.0-255,66,52239,20,52305
9943,0.019238,172.31.36.0-255,66,52305,20,52305
9944,0.0,172.217.194.0-255,153,153,20,64763
9945,2.3e-05,172.31.36.0-255,66,219,20,64763
9946,3.1e-05,172.217.194.0-255,1484,1703,20,64763
9947,3.5e-05,172.31.36.0-255,66,1769,20,64763
9948,4.1e-05,172.217.194.0-255,2902,4671,20,64763
9949,4.4e-05,172.31.36.0-255,66,4737,20,64763
9950,5.4e-05,172.31.36.0-255,66,4803,20,64763
9951,5.9e-05,172.217.194.0-255,2049,6852,20,64763
9952,6.2e-05,172.31.36.0-255,66,6918,20,64763
9953,0.000238,172.217.194.0-255,1484,8402,20,64763
9954,0.000243,172.31.36.0-255,66,8468,20,64763
9955,0.00025,172.217.194.0-255,2902,11370,20,64763
9956,0.000252,172.31.36.0-255,66,11436,20,64763
9957,0.000261,172.31.36.0-255,66,11502,20,64763
9958,0.000278,172.217.194.0-255,1484,12986,20,64763
9959,0.000281,172.31.36.0-255,66,13052,20,64763
9960,0.000302,172.31.36.0-255,66,13118,20,64763
9961,0.000323,172.217.194.0-255,2543,15661,20,64763
9962,0.000325,172.31.36.0-255,66,15727,20,64763
9963,0.000342,172.217.194.0-255,1484,17211,20,64763
9964,0.000345,172.31.36.0-255,66,17277,20,64763
9965,0.000359,172.217.194.0-255,2902,20179,20,64763
9966,0.000362,172.31.36.0-255,66,20245,20,64763
9967,0.000367,172.217.194.0-255,2902,23147,20,64763
9968,0.000369,172.31.36.0-255,66,23213,20,64763
9969,0.000391,172.217.194.0-255,2902,26115,20,64763
9970,0.000393,172.31.36.0-255,66,26181,20,64763
9971,0.000403,172.31.36.0-255,66,26247,20,64763
9972,0.000615,172.217.194.0-255,1484,27731,20,64763
9973,0.000622,172.217.194.0-255,2902,30633,20,64763
9974,0.000626,172.217.194.0-255,1484,32117,20,64763
9975,0.000634,172.31.36.0-255,66,32183,20,64763
9976,0.000649,172.217.194.0-255,1484,33667,20,64763
9977,0.000653,172.31.36.0-255,66,33733,20,64763
9978,0.000687,172.31.36.0-255,66,33799,20,64763
9979,0.000697,172.217.194.0-255,1484,35283,20,64763
9980,0.0007,172.217.194.0-255,1484,36767,20,64763
9981,0.000719,172.217.194.0-255,1484,38251,20,64763
9982,0.000735,172.31.36.0-255,66,38317,20,64763
9983,0.000817,172.31.36.0-255,66,38383,20,64763
9984,0.000823,172.31.36.0-255,66,38449,20,64763
9985,0.000851,172.217.194.0-255,457,38906,20,64763
9986,0.000872,172.31.36.0-255,66,38972,20,64763
9987,0.000994,172.217.194.0-255,1484,40456,20,64763
9988,0.001,172.217.194.0-255,2902,43358,20,64763
9989,0.001003,172.217.194.0-255,2902,46260,20,64763
9990,0.001015,172.217.194.0-255,2902,49162,20,64763
9991,0.001024,172.31.36.0-255,66,49228,20,64763
9992,0.001063,172.217.194.0-255,2902,52130,20,64763
9993,0.001098,172.217.194.0-255,2902,55032,20,64763
9994,0.001109,172.31.36.0-255,66,55098,20,64763
9995,0.001128,172.217.194.0-255,2902,58000,20,64763
9996,0.001136,172.31.36.0-255,66,58066,20,64763
9997,0.001189,172.31.36.0-255,66,58132,20,64763
9998,0.002055,172.217.194.0-255,1484,59616,20,64763
9999,0.002061,172.217.194.0-255,2902,62518,20,64763
10000,0.002065,172.31.36.0-255,66,62584,20,64763
10001,0.002069,172.217.194.0-255,1484,64068,20,64763
10002,0.002116,172.31.36.0-255,66,64134,20,64763
10003,0.002154,172.31.36.0-255,66,64200,20,64763
10004,0.004428,172.31.36.0-255,66,64266,20,64763
10005,0.008427,172.31.36.0-255,66,64332,20,64763
10006,0.008475,172.31.36.0-255,101,64433,20,64763
10007,0.010684,172.31.36.0-255,66,64499,20,64763
10008,0.010689,172.217.194.0-255,66,64565,20,64763
10009,0.013924,172.31.36.0-255,66,64631,20,64763
10010,0.016182,172.31.36.0-255,66,64697,20,64763
10011,0.018457,172.31.36.0-255,66,64763,20,64763
10012,0.0,172.217.194.0-255,153,153,20,34123
10013,2.3e-05,172.31.36.0-255,66,219,20,34123
10014,3e-05,172.217.194.0-255,1484,1703,20,34123
10015,3.4e-05,172.31.36.0-255,66,1769,20,34123
10016,3.9e-05,172.217.194.0-255,2902,4671,20,34123
10017,4.3e-05,172.31.36.0-255,66,4737,20,34123
10018,5.4e-05,172.31.36.0-255,66,4803,20,34123
10019,6.5e-05,172.31.36.0-255,66,4869,20,34123
10020,0.000109,172.31.36.0-255,66,4935,20,34123
10021,0.000119,172.31.36.0-255,66,5001,20,34123
10022,0.000144,172.217.194.0-255,1484,6485,20,34123
10023,0.000147,172.31.36.0-255,66,6551,20,34123
10024,0.000152,172.217.194.0-255,2902,9453,20,34123
10025,0.000154,172.31.36.0-255,66,9519,20,34123
10026,0.000182,172.31.36.0-255,66,9585,20,34123
10027,0.000208,172.31.36.0-255,66,9651,20,34123
10028,0.00024,172.31.36.0-255,66,9717,20,34123
10029,0.000253,172.31.36.0-255,66,9783,20,34123
10030,0.000387,172.217.194.0-255,646,10429,20,34123
10031,0.000392,172.31.36.0-255,66,10495,20,34123
10032,0.000453,172.217.194.0-255,1484,11979,20,34123
10033,0.000456,172.31.36.0-255,66,12045,20,34123
10034,0.00046,172.217.194.0-255,1484,13529,20,34123
10035,0.000462,172.31.36.0-255,66,13595,20,34123
10036,0.000479,172.217.194.0-255,2902,16497,20,34123
10037,0.000513,172.217.194.0-255,576,17073,20,34123
10038,0.000851,172.31.36.0-255,66,17139,20,34123
10039,0.001249,172.217.194.0-255,1484,18623,20,34123
10040,0.001256,172.217.194.0-255,2902,21525,20,34123
10041,0.00126,172.31.36.0-255,66,21591,20,34123
10042,0.001296,172.31.36.0-255,66,21657,20,34123
10043,0.00131,172.217.194.0-255,1484,23141,20,34123
10044,0.001342,172.31.36.0-255,66,23207,20,34123
10045,0.001551,172.217.194.0-255,1484,24691,20,34123
10046,0.001557,172.217.194.0-255,2902,27593,20,34123
10047,0.001566,172.31.36.0-255,66,27659,20,34123
10048,0.00158,172.31.36.0-255,66,27725,20,34123
10049,0.001636,172.31.36.0-255,66,27791,20,34123
10050,0.00395,172.31.36.0-255,66,27857,20,34123
10051,0.003993,172.217.194.0-255,1484,29341,20,34123
10052,0.006273,172.217.194.0-255,2902,32243,20,34123
10053,0.006277,172.31.36.0-255,66,32309,20,34123
10054,0.006295,172.217.194.0-255,1484,33793,20,34123
10055,0.008575,172.31.36.0-255,66,33859,20,34123
10056,0.010882,172.31.36.0-255,66,33925,20,34123
10057,0.013185,172.31.36.0-255,66,33991,20,34123
10058,0.015526,172.31.36.0-255,66,34057,20,34123
10059,0.017852,172.31.36.0-255,66,34123,20,34123
10060,0.0,172.31.36.0-255,196,196,20,660
10061,3.3e-05,172.31.36.0-255,332,528,20,660
10062,0.00158,104.244.42.0-255,66,594,20,660
10063,0.001591,104.244.42.0-255,66,660,20,660
10064,0.0,172.217.194.0-255,153,153,20,76515
10065,2.3e-05,172.31.36.0-255,66,219,20,76515
10066,3e-05,172.217.194.0-255,1484,1703,20,76515
10067,3.4e-05,172.31.36.0-255,66,1769,20,76515
10068,3.9e-05,172.217.194.0-255,2902,4671,20,76515
10069,4.2e-05,172.31.36.0-255,66,4737,20,76515
10070,5.2e-05,172.31.36.0-255,66,4803,20,76515
10071,7.3e-05,172.217.194.0-255,2062,6865,20,76515
10072,7.6e-05,172.31.36.0-255,66,6931,20,76515
10073,8e-05,172.217.194.0-255,2902,9833,20,76515
10074,8.2e-05,172.31.36.0-255,66,9899,20,76515
10075,9e-05,172.31.36.0-255,66,9965,20,76515
10076,0.000112,172.217.194.0-255,2902,12867,20,76515
10077,0.000114,172.31.36.0-255,66,12933,20,76515
10078,0.000117,172.217.194.0-255,1484,14417,20,76515
10079,0.000118,172.31.36.0-255,66,14483,20,76515
10080,0.00014,172.31.36.0-255,66,14549,20,76515
10081,0.000187,172.217.194.0-255,1484,16033,20,76515
10082,0.00019,172.31.36.0-255,66,16099,20,76515
10083,0.000194,172.217.194.0-255,2902,19001,20,76515
10084,0.000197,172.31.36.0-255,66,19067,20,76515
10085,0.000231,172.31.36.0-255,66,19133,20,76515
10086,0.000238,172.31.36.0-255,66,19199,20,76515
10087,0.000274,172.217.194.0-255,2543,21742,20,76515
10088,0.000277,172.31.36.0-255,66,21808,20,76515
10089,0.0003,172.217.194.0-255,2902,24710,20,76515
10090,0.000303,172.31.36.0-255,66,24776,20,76515
10091,0.000326,172.31.36.0-255,66,24842,20,76515
10092,0.00033,172.217.194.0-255,2902,27744,20,76515
10093,0.000332,172.31.36.0-255,66,27810,20,76515
10094,0.000345,172.217.194.0-255,1484,29294,20,76515
10095,0.000376,172.217.194.0-255,2838,32132,20,76515
10096,0.000379,172.31.36.0-255,66,32198,20,76515
10097,0.000758,172.217.194.0-255,382,32580,20,76515
10098,0.001078,172.217.194.0-255,1484,34064,20,76515
10099,0.001084,172.31.36.0-255,66,34130,20,76515
10100,0.00109,172.217.194.0-255,2902,37032,20,76515
10101,0.001093,172.31.36.0-255,66,37098,20,76515
10102,0.001132,172.31.36.0-255,66,37164,20,76515
10103,0.001135,172.217.194.0-255,1484,38648,20,76515
10104,0.001154,172.31.36.0-255,66,38714,20,76515
10105,0.001195,172.31.36.0-255,66,38780,20,76515
10106,0.0012,172.217.194.0-255,2184,40964,20,76515
10107,0.001202,172.31.36.0-255,66,41030,20,76515
10108,0.001294,172.217.194.0-255,1484,42514,20,76515
10109,0.0013,172.217.194.0-255,2902,45416,20,76515
10110,0.001303,172.31.36.0-255,66,45482,20,76515
10111,0.001312,172.31.36.0-255,66,45548,20,76515
10112,0.001333,172.217.194.0-255,1484,47032,20,76515
10113,0.001337,172.217.194.0-255,1484,48516,20,76515
10114,0.001339,172.31.36.0-255,66,48582,20,76515
10115,0.001376,172.31.36.0-255,66,48648,20,76515
10116,0.001389,172.31.36.0-255,66,48714,20,76515
10117,0.001455,172.31.36.0-255,66,48780,20,76515
10118,0.001468,172.31.36.0-255,66,48846,20,76515
10119,0.001491,172.217.194.0-255,1484,50330,20,76515
10120,0.001496,172.217.194.0-255,2902,53232,20,76515
10121,0.001498,172.31.36.0-255,66,53298,20,76515
10122,0.001521,172.31.36.0-255,66,53364,20,76515
10123,0.00153,172.31.36.0-255,66,53430,20,76515
10124,0.001546,172.217.194.0-255,1484,54914,20,76515
10125,0.001555,172.31.36.0-255,66,54980,20,76515
10126,0.001587,172.31.36.0-255,66,55046,20,76515
10127,0.001591,172.217.194.0-255,2184,57230,20,76515
10128,0.001593,172.31.36.0-255,66,57296,20,76515
10129,0.001878,172.217.194.0-255,1484,58780,20,76515
10130,0.001886,172.217.194.0-255,2902,61682,20,76515
10131,0.001892,172.31.36.0-255,66,61748,20,76515
10132,0.001901,172.31.36.0-255,66,61814,20,76515
10133,0.001938,172.31.36.0-255,66,61880,20,76515
10134,0.001948,172.31.36.0-255,66,61946,20,76515
10135,0.001964,172.217.194.0-255,3602,65548,20,76515
10136,0.001966,172.31.36.0-255,66,65614,20,76515
10137,0.00201,172.31.36.0-255,66,65680,20,76515
10138,0.002037,172.31.36.0-255,66,65746,20,76515
10139,0.00204,172.217.194.0-255,1484,67230,20,76515
10140,0.002081,172.31.36.0-255,66,67296,20,76515
10141,0.002098,172.31.36.0-255,66,67362,20,76515
10142,0.002111,172.31.36.0-255,66,67428,20,76515
10143,0.002133,172.217.194.0-255,766,68194,20,76515
10144,0.002147,172.217.194.0-255,1484,69678,20,76515
10145,0.00215,172.31.36.0-255,66,69744,20,76515
10146,0.002154,172.217.194.0-255,1484,71228,20,76515
10147,0.002169,172.217.194.0-255,2902,74130,20,76515
10148,0.002172,172.31.36.0-255,66,74196,20,76515
10149,0.00222,172.31.36.0-255,66,74262,20,76515
10150,0.002246,172.217.194.0-255,1484,75746,20,76515
10151,0.002256,172.31.36.0-255,66,75812,20,76515
10152,0.002274,172.31.36.0-255,66,75878,20,76515
10153,0.002287,172.31.36.0-255,66,75944,20,76515
10154,0.002318,172.31.36.0-255,66,76010,20,76515
10155,0.002348,172.31.36.0-255,66,76076,20,76515
10156,0.002352,172.217.194.0-255,97,76173,20,76515
10157,0.002354,172.217.194.0-255,105,76278,20,76515
10158,0.008667,172.31.36.0-255,66,76344,20,76515
10159,0.008702,172.31.36.0-255,105,76449,20,76515
10160,0.011032,172.217.194.0-255,66,76515,20,76515
10161,0.0,74.125.130.0-255,153,153,20,48572
10162,2.6e-05,172.31.36.0-255,66,219,20,48572
10163,3.2e-05,74.125.130.0-255,1484,1703,20,48572
10164,3.6e-05,172.31.36.0-255,66,1769,20,48572
10165,4.1e-05,74.125.130.0-255,2902,4671,20,48572
10166,5.2e-05,172.31.36.0-255,66,4737,20,48572
10167,5.7e-05,74.125.130.0-255,2902,7639,20,48572
10168,5.9e-05,172.31.36.0-255,66,7705,20,48572
10169,0.000106,172.31.36.0-255,66,7771,20,48572
10170,0.000109,74.125.130.0-255,2056,9827,20,48572
10171,0.000111,172.31.36.0-255,66,9893,20,48572
10172,0.000114,74.125.130.0-255,1484,11377,20,48572
10173,0.000116,172.31.36.0-255,66,11443,20,48572
10174,0.000152,74.125.130.0-255,2902,14345,20,48572
10175,0.000158,172.31.36.0-255,66,14411,20,48572
10176,0.000168,172.31.36.0-255,66,14477,20,48572
10177,0.000178,172.31.36.0-255,66,14543,20,48572
10178,0.000276,74.125.130.0-255,1484,16027,20,48572
10179,0.000281,74.125.130.0-255,2902,18929,20,48572
10180,0.000282,172.31.36.0-255,66,18995,20,48572
10181,0.000287,172.31.36.0-255,66,19061,20,48572
10182,0.000297,74.125.130.0-255,2902,21963,20,48572
10183,0.0003,172.31.36.0-255,66,22029,20,48572
10184,0.000337,74.125.130.0-255,2902,24931,20,48572
10185,0.00034,172.31.36.0-255,66,24997,20,48572
10186,0.000349,172.31.36.0-255,66,25063,20,48572
10187,0.000357,172.31.36.0-255,66,25129,20,48572
10188,0.000371,172.31.36.0-255,66,25195,20,48572
10189,0.000375,74.125.130.0-255,2543,27738,20,48572
10190,0.000377,172.31.36.0-255,66,27804,20,48572
10191,0.000435,74.125.130.0-255,676,28480,20,48572
10192,0.000723,74.125.130.0-255,1484,29964,20,48572
10193,0.000727,172.31.36.0-255,66,30030,20,48572
10194,0.000734,74.125.130.0-255,2902,32932,20,48572
10195,0.000736,172.31.36.0-255,66,32998,20,48572
10196,0.000739,74.125.130.0-255,1484,34482,20,48572
10197,0.000775,172.31.36.0-255,66,34548,20,48572
10198,0.000785,172.31.36.0-255,66,34614,20,48572
10199,0.000793,172.31.36.0-255,66,34680,20,48572
10200,0.00083,172.31.36.0-255,66,34746,20,48572
10201,0.000839,172.31.36.0-255,66,34812,20,48572
10202,0.001686,74.125.130.0-255,1484,36296,20,48572
10203,0.001694,74.125.130.0-255,1484,37780,20,48572
10204,0.001698,172.31.36.0-255,66,37846,20,48572
10205,0.001719,74.125.130.0-255,1484,39330,20,48572
10206,0.001727,172.31.36.0-255,66,39396,20,48572
10207,0.001733,172.31.36.0-255,66,39462,20,48572
10208,0.00174,172.31.36.0-255,66,39528,20,48572
10209,0.001779,74.125.130.0-255,1484,41012,20,48572
10210,0.00179,172.31.36.0-255,66,41078,20,48572
10211,0.001794,74.125.130.0-255,2184,43262,20,48572
10212,0.001796,172.31.36.0-255,66,43328,20,48572
10213,0.002238,74.125.130.0-255,1484,44812,20,48572
10214,0.002242,74.125.130.0-255,1484,46296,20,48572
10215,0.002244,172.31.36.0-255,66,46362,20,48572
10216,0.002263,74.125.130.0-255,1484,47846,20,48572
10217,0.002285,172.31.36.0-255,66,47912,20,48572
10218,0.002318,172.31.36.0-255,66,47978,20,48572
10219,0.002356,172.31.36.0-255,66,48044,20,48572
10220,0.002372,172.31.36.0-255,66,48110,20,48572
10221,0.004722,172.31.36.0-255,66,48176,20,48572
10222,0.007071,172.31.36.0-255,66,48242,20,48572
10223,0.009425,172.31.36.0-255,66,48308,20,48572
10224,0.011783,172.31.36.0-255,66,48374,20,48572
10225,0.014134,172.31.36.0-255,66,48440,20,48572
10226,0.016486,172.31.36.0-255,66,48506,20,48572
10227,0.018859,172.31.36.0-255,66,48572,20,48572
10228,0.0,172.217.194.0-255,153,153,20,72448
10229,1.5e-05,172.31.36.0-255,66,219,20,72448
10230,2.1e-05,172.217.194.0-255,1484,1703,20,72448
10231,2.6e-05,172.31.36.0-255,66,1769,20,72448
10232,3.1e-05,172.217.194.0-255,2902,4671,20,72448
10233,3.4e-05,172.31.36.0-255,66,4737,20,72448
10234,4.5e-05,172.31.36.0-255,66,4803,20,72448
10235,4.9e-05,172.217.194.0-255,3465,8268,20,72448
10236,5.2e-05,172.31.36.0-255,66,8334,20,72448
10237,8.6e-05,172.31.36.0-255,66,8400,20,72448
10238,9e-05,172.217.194.0-255,2543,10943,20,72448
10239,9.3e-05,172.31.36.0-255,66,11009,20,72448
10240,0.000142,172.217.194.0-255,1484,12493,20,72448
10241,0.000145,172.31.36.0-255,66,12559,20,72448
10242,0.000162,172.217.194.0-255,2902,15461,20,72448
10243,0.000164,172.217.194.0-255,1484,16945,20,72448
10244,0.000168,172.31.36.0-255,66,17011,20,72448
10245,0.00017,172.31.36.0-255,66,17077,20,72448
10246,0.000192,172.31.36.0-255,66,17143,20,72448
10247,0.000213,172.31.36.0-255,66,17209,20,72448
10248,0.000241,172.31.36.0-255,66,17275,20,72448
10249,0.000244,172.217.194.0-255,1484,18759,20,72448
10250,0.000246,172.31.36.0-255,66,18825,20,72448
10251,0.000279,172.31.36.0-255,66,18891,20,72448
10252,0.000354,172.217.194.0-255,1484,20375,20,72448
10253,0.000358,172.31.36.0-255,66,20441,20,72448
10254,0.000364,172.217.194.0-255,2902,23343,20,72448
10255,0.000366,172.31.36.0-255,66,23409,20,72448
10256,0.000374,172.31.36.0-255,66,23475,20,72448
10257,0.0004,172.217.194.0-255,1484,24959,20,72448
10258,0.000415,172.31.36.0-255,66,25025,20,72448
10259,0.000418,172.217.194.0-255,1484,26509,20,72448
10260,0.000459,172.31.36.0-255,66,26575,20,72448
10261,0.000477,172.217.194.0-255,3602,30177,20,72448
10262,0.00048,172.31.36.0-255,66,30243,20,72448
10263,0.000555,172.217.194.0-255,1484,31727,20,72448
10264,0.00057,172.217.194.0-255,2902,34629,20,72448
10265,0.000574,172.31.36.0-255,66,34695,20,72448
10266,0.000599,172.31.36.0-255,66,34761,20,72448
10267,0.000609,172.31.36.0-255,66,34827,20,72448
10268,0.000646,172.31.36.0-255,66,34893,20,72448
10269,0.000655,172.31.36.0-255,66,34959,20,72448
10270,0.000722,172.31.36.0-255,66,35025,20,72448
10271,0.000736,172.31.36.0-255,66,35091,20,72448
10272,0.000739,172.217.194.0-255,1484,36575,20,72448
10273,0.000784,172.31.36.0-255,66,36641,20,72448
10274,0.000792,172.31.36.0-255,66,36707,20,72448
10275,0.000832,172.31.36.0-255,66,36773,20,72448
10276,0.000846,172.31.36.0-255,66,36839,20,72448
10277,0.00085,172.217.194.0-255,2902,39741,20,72448
10278,0.000852,172.31.36.0-255,66,39807,20,72448
10279,0.000872,172.217.194.0-255,3602,43409,20,72448
10280,0.000875,172.31.36.0-255,66,43475,20,72448
10281,0.000968,172.217.194.0-255,1484,44959,20,72448
10282,0.000974,172.217.194.0-255,2902,47861,20,72448
10283,0.000977,172.31.36.0-255,66,47927,20,72448
10284,0.000994,172.217.194.0-255,1484,49411,20,72448
10285,0.001014,172.31.36.0-255,66,49477,20,72448
10286,0.001017,172.217.194.0-255,1484,50961,20,72448
10287,0.001027,172.31.36.0-255,66,51027,20,72448
10288,0.001066,172.31.36.0-255,66,51093,20,72448
10289,0.001092,172.31.36.0-255,66,51159,20,72448
10290,0.001106,172.31.36.0-255,66,51225,20,72448
10291,0.001137,172.217.194.0-255,1484,52709,20,72448
10292,0.001154,172.31.36.0-255,66,52775,20,72448
10293,0.001164,172.31.36.0-255,66,52841,20,72448
10294,0.001181,172.217.194.0-255,2184,55025,20,72448
10295,0.001183,172.31.36.0-255,66,55091,20,72448
10296,0.001188,172.217.194.0-255,2902,57993,20,72448
10297,0.001191,172.31.36.0-255,66,58059,20,72448
10298,0.001214,172.31.36.0-255,66,58125,20,72448
10299,0.001228,172.31.36.0-255,66,58191,20,72448
10300,0.001273,172.31.36.0-255,66,58257,20,72448
10301,0.001314,172.217.194.0-255,1484,59741,20,72448
10302,0.001324,172.31.36.0-255,66,59807,20,72448
10303,0.001329,172.217.194.0-255,2902,62709,20,72448
10304,0.001333,172.31.36.0-255,66,62775,20,72448
10305,0.001357,172.217.194.0-255,1484,64259,20,72448
10306,0.001361,172.217.194.0-255,2902,67161,20,72448
10307,0.00144,172.31.36.0-255,66,67227,20,72448
10308,0.001485,172.217.194.0-255,1484,68711,20,72448
10309,0.001491,172.217.194.0-255,2902,71613,20,72448
10310,0.001506,172.31.36.0-255,66,71679,20,72448
10311,0.001535,172.31.36.0-255,66,71745,20,72448
10312,0.001569,172.31.36.0-255,66,71811,20,72448
10313,0.001597,172.31.36.0-255,66,71877,20,72448
10314,0.001624,172.31.36.0-255,66,71943,20,72448
10315,0.001662,172.217.194.0-255,97,72040,20,72448
10316,0.001685,172.31.36.0-255,66,72106,20,72448
10317,0.001703,172.217.194.0-255,105,72211,20,72448
10318,0.012426,172.31.36.0-255,66,72277,20,72448
10319,0.012476,172.31.36.0-255,105,72382,20,72448
10320,0.014795,172.217.194.0-255,66,72448,20,72448
10321,0.0,74.125.130.0-255,153,153,20,82849
10322,2.3e-05,172.31.36.0-255,66,219,20,82849
10323,3e-05,74.125.130.0-255,1484,1703,20,82849
10324,3.4e-05,172.31.36.0-255,66,1769,20,82849
10325,3.9e-05,74.125.130.0-255,2902,4671,20,82849
10326,4.2e-05,172.31.36.0-255,66,4737,20,82849
10327,5.2e-05,172.31.36.0-255,66,4803,20,82849
10328,8e-05,74.125.130.0-255,3522,8325,20,82849
10329,8.3e-05,172.31.36.0-255,66,8391,20,82849
10330,0.000121,172.31.36.0-255,66,8457,20,82849
10331,0.000125,74.125.130.0-255,2902,11359,20,82849
10332,0.000127,172.31.36.0-255,66,11425,20,82849
10333,0.000135,172.31.36.0-255,66,11491,20,82849
10334,0.00018,172.31.36.0-255,66,11557,20,82849
10335,0.000369,74.125.130.0-255,1484,13041,20,82849
10336,0.000374,172.31.36.0-255,66,13107,20,82849
10337,0.000396,74.125.130.0-255,2902,16009,20,82849
10338,0.000398,172.31.36.0-255,66,16075,20,82849
10339,0.000431,74.125.130.0-255,2902,18977,20,82849
10340,0.000434,172.31.36.0-255,66,19043,20,82849
10341,0.000439,74.125.130.0-255,2902,21945,20,82849
10342,0.000441,172.31.36.0-255,66,22011,20,82849
10343,0.000468,74.125.130.0-255,1484,23495,20,82849
10344,0.000471,172.31.36.0-255,66,23561,20,82849
10345,0.000481,172.31.36.0-255,66,23627,20,82849
10346,0.000485,74.125.130.0-255,2902,26529,20,82849
10347,0.000487,172.31.36.0-255,66,26595,20,82849
10348,0.000507,74.125.130.0-255,2902,29497,20,82849
10349,0.00051,172.31.36.0-255,66,29563,20,82849
10350,0.000529,172.31.36.0-255,66,29629,20,82849
10351,0.000554,172.31.36.0-255,66,29695,20,82849
10352,0.000566,74.125.130.0-255,1378,31073,20,82849
10353,0.000605,74.125.130.0-255,121,31194,20,82849
10354,0.000837,74.125.130.0-255,1484,32678,20,82849
10355,0.000841,172.31.36.0-255,66,32744,20,82849
10356,0.000847,74.125.130.0-255,2902,35646,20,82849
10357,0.000849,172.31.36.0-255,66,35712,20,82849
10358,0.000878,172.31.36.0-255,66,35778,20,82849
10359,0.000882,74.125.130.0-255,2902,38680,20,82849
10360,0.000884,172.31.36.0-255,66,38746,20,82849
10361,0.00089,74.125.130.0-255,3961,42707,20,82849
10362,0.000891,172.31.36.0-255,66,42773,20,82849
10363,0.000934,172.31.36.0-255,66,42839,20,82849
10364,0.000964,74.125.130.0-255,2902,45741,20,82849
10365,0.000968,172.31.36.0-255,66,45807,20,82849
10366,0.000992,172.31.36.0-255,66,45873,20,82849
10367,0.001934,74.125.130.0-255,1484,47357,20,82849
10368,0.001982,74.125.130.0-255,2902,50259,20,82849
10369,0.001987,172.31.36.0-255,66,50325,20,82849
10370,0.001994,74.125.130.0-255,2902,53227,20,82849
10371,0.001996,172.31.36.0-255,66,53293,20,82849
10372,0.002004,172.31.36.0-255,66,53359,20,82849
10373,0.002042,74.125.130.0-255,2902,56261,20,82849
10374,0.002044,172.31.36.0-255,66,56327,20,82849
10375,0.002062,172.31.36.0-255,66,56393,20,82849
10376,0.002095,172.31.36.0-255,66,56459,20,82849
10377,0.002116,172.31.36.0-255,66,56525,20,82849
10378,0.002146,74.125.130.0-255,1484,58009,20,82849
10379,0.002171,74.125.130.0-255,766,58775,20,82849
10380,0.002173,172.31.36.0-255,66,58841,20,82849
10381,0.004406,74.125.130.0-255,2902,61743,20,82849
10382,0.004411,172.31.36.0-255,66,61809,20,82849
10383,0.004474,74.125.130.0-255,2902,64711,20,82849
10384,0.004477,172.31.36.0-255,66,64777,20,82849
10385,0.006703,74.125.130.0-255,2902,67679,20,82849
10386,0.006706,172.31.36.0-255,66,67745,20,82849
10387,0.006758,74.125.130.0-255,1484,69229,20,82849
10388,0.006775,74.125.130.0-255,1484,70713,20,82849
10389,0.006777,172.31.36.0-255,66,70779,20,82849
10390,0.009032,74.125.130.0-255,2902,73681,20,82849
10391,0.009039,172.31.36.0-255,66,73747,20,82849
10392,0.009071,74.125.130.0-255,2902,76649,20,82849
10393,0.009075,172.31.36.0-255,66,76715,20,82849
10394,0.01136,74.125.130.0-255,2902,79617,20,82849
10395,0.011373,172.31.36.0-255,66,79683,20,82849
10396,0.011394,74.125.130.0-255,2902,82585,20,82849
10397,0.011397,172.31.36.0-255,66,82651,20,82849
10398,0.013721,172.31.36.0-255,66,82717,20,82849
10399,0.016049,172.31.36.0-255,66,82783,20,82849
10400,0.018382,172.31.36.0-255,66,82849,20,82849
10401,0.0,74.125.24.0-255,146,146,20,53871
10402,2.1e-05,172.31.36.0-255,66,212,20,53871
10403,2.9e-05,74.125.24.0-255,1484,1696,20,53871
10404,3.4e-05,172.31.36.0-255,66,1762,20,53871
10405,4.7e-05,74.125.24.0-255,2902,4664,20,53871
10406,5.1e-05,172.31.36.0-255,66,4730,20,53871
10407,6.2e-05,172.31.36.0-255,66,4796,20,53871
10408,6.7e-05,74.125.24.0-255,2038,6834,20,53871
10409,7e-05,172.31.36.0-255,66,6900,20,53871
10410,8.5e-05,172.31.36.0-255,66,6966,20,53871
10411,0.000128,172.31.36.0-255,66,7032,20,53871
10412,0.000258,74.125.24.0-255,1484,8516,20,53871
10413,0.000263,172.31.36.0-255,66,8582,20,53871
10414,0.000269,74.125.24.0-255,2902,11484,20,53871
10415,0.000271,172.31.36.0-255,66,11550,20,53871
10416,0.000285,172.31.36.0-255,66,11616,20,53871
10417,0.00029,74.125.24.0-255,2902,14518,20,53871
10418,0.000292,172.31.36.0-255,66,14584,20,53871
10419,0.000353,172.31.36.0-255,66,14650,20,53871
10420,0.000371,172.31.36.0-255,66,14716,20,53871
10421,0.000373,74.125.24.0-255,1425,16141,20,53871
10422,0.000375,172.31.36.0-255,66,16207,20,53871
10423,0.000943,74.125.24.0-255,379,16586,20,53871
10424,0.000949,172.31.36.0-255,66,16652,20,53871
10425,0.001117,74.125.24.0-255,1484,18136,20,53871
10426,0.001121,172.31.36.0-255,66,18202,20,53871
10427,0.001127,74.125.24.0-255,2902,21104,20,53871
10428,0.001129,172.31.36.0-255,66,21170,20,53871
10429,0.001172,172.31.36.0-255,66,21236,20,53871
10430,0.001179,172.31.36.0-255,66,21302,20,53871
10431,0.001192,172.31.36.0-255,66,21368,20,53871
10432,0.001235,172.31.36.0-255,66,21434,20,53871
10433,0.001241,74.125.24.0-255,3961,25395,20,53871
10434,0.001243,172.31.36.0-255,66,25461,20,53871
10435,0.001639,74.125.24.0-255,1484,26945,20,53871
10436,0.00165,74.125.24.0-255,2902,29847,20,53871
10437,0.001654,172.31.36.0-255,66,29913,20,53871
10438,0.001689,172.31.36.0-255,66,29979,20,53871
10439,0.001736,172.31.36.0-255,66,30045,20,53871
10440,0.001771,172.31.36.0-255,66,30111,20,53871
10441,0.001799,74.125.24.0-255,2184,32295,20,53871
10442,0.001801,172.31.36.0-255,66,32361,20,53871
10443,0.001804,74.125.24.0-255,1484,33845,20,53871
10444,0.001835,172.31.36.0-255,66,33911,20,53871
10445,0.001844,172.31.36.0-255,66,33977,20,53871
10446,0.001883,172.31.36.0-255,66,34043,20,53871
10447,0.0019,172.31.36.0-255,66,34109,20,53871
10448,0.002017,74.125.24.0-255,1484,35593,20,53871
10449,0.002023,74.125.24.0-255,2902,38495,20,53871
10450,0.002027,172.31.36.0-255,66,38561,20,53871
10451,0.002053,172.31.36.0-255,66,38627,20,53871
10452,0.002058,74.125.24.0-255,2902,41529,20,53871
10453,0.00206,172.31.36.0-255,66,41595,20,53871
10454,0.002104,172.31.36.0-255,66,41661,20,53871
10455,0.002107,74.125.24.0-255,1484,43145,20,53871
10456,0.00214,172.31.36.0-255,66,43211,20,53871
10457,0.002348,74.125.24.0-255,1484,44695,20,53871
10458,0.002355,74.125.24.0-255,2902,47597,20,53871
10459,0.002359,172.31.36.0-255,66,47663,20,53871
10460,0.002391,74.125.24.0-255,2902,50565,20,53871
10461,0.002394,172.31.36.0-255,66,50631,20,53871
10462,0.002402,172.31.36.0-255,66,50697,20,53871
10463,0.002419,172.31.36.0-255,66,50763,20,53871
10464,0.002461,172.31.36.0-255,66,50829,20,53871
10465,0.002483,172.31.36.0-255,66,50895,20,53871
10466,0.00252,172.31.36.0-255,66,50961,20,53871
10467,0.002528,172.31.36.0-255,66,51027,20,53871
10468,0.002565,74.125.24.0-255,1484,52511,20,53871
10469,0.002618,172.31.36.0-255,66,52577,20,53871
10470,0.002621,74.125.24.0-255,766,53343,20,53871
10471,0.00264,172.31.36.0-255,66,53409,20,53871
10472,0.002651,172.31.36.0-255,66,53475,20,53871
10473,0.005235,172.31.36.0-255,66,53541,20,53871
10474,0.007817,172.31.36.0-255,66,53607,20,53871
10475,0.010419,172.31.36.0-255,66,53673,20,53871
10476,0.013049,172.31.36.0-255,66,53739,20,53871
10477,0.015666,172.31.36.0-255,66,53805,20,53871
10478,0.018308,172.31.36.0-255,66,53871,20,53871
10479,0.0,172.217.194.0-255,150,150,20,97386
10480,2.7e-05,172.31.36.0-255,66,216,20,97386
10481,3.5e-05,172.217.194.0-255,1484,1700,20,97386
10482,3.9e-05,172.31.36.0-255,66,1766,20,97386
10483,4.5e-05,172.217.194.0-255,2902,4668,20,97386
10484,4.8e-05,172.31.36.0-255,66,4734,20,97386
10485,8.4e-05,172.31.36.0-255,66,4800,20,97386
10486,0.000118,172.31.36.0-255,66,4866,20,97386
10487,0.000145,172.31.36.0-255,66,4932,20,97386
10488,0.000162,172.217.194.0-255,2902,7834,20,97386
10489,0.000165,172.31.36.0-255,66,7900,20,97386
10490,0.00018,172.217.194.0-255,3961,11861,20,97386
10491,0.000184,172.31.36.0-255,66,11927,20,97386
10492,0.000279,172.217.194.0-255,1484,13411,20,97386
10493,0.000283,172.31.36.0-255,66,13477,20,97386
10494,0.000287,172.217.194.0-255,1484,14961,20,97386
10495,0.000289,172.31.36.0-255,66,15027,20,97386
10496,0.000302,172.217.194.0-255,1484,16511,20,97386
10497,0.000305,172.31.36.0-255,66,16577,20,97386
10498,0.000309,172.217.194.0-255,2902,19479,20,97386
10499,0.000312,172.31.36.0-255,66,19545,20,97386
10500,0.000333,172.217.194.0-255,2902,22447,20,97386
10501,0.000336,172.31.36.0-255,66,22513,20,97386
10502,0.000345,172.31.36.0-255,66,22579,20,97386
10503,0.000381,172.31.36.0-255,66,22645,20,97386
10504,0.000411,172.217.194.0-255,3961,26606,20,97386
10505,0.000413,172.31.36.0-255,66,26672,20,97386
10506,0.000413,172.217.194.0-255,677,27349,20,97386
10507,0.000417,172.31.36.0-255,66,27415,20,97386
10508,0.000586,172.217.194.0-255,1484,28899,20,97386
10509,0.00059,172.31.36.0-255,66,28965,20,97386
10510,0.000595,172.217.194.0-255,2902,31867,20,97386
10511,0.000598,172.31.36.0-255,66,31933,20,97386
10512,0.000601,172.217.194.0-255,1484,33417,20,97386
10513,0.000633,172.31.36.0-255,66,33483,20,97386
10514,0.000643,172.31.36.0-255,66,33549,20,97386
10515,0.000646,172.31.36.0-255,66,33615,20,97386
10516,0.000678,172.31.36.0-255,66,33681,20,97386
10517,0.000688,172.31.36.0-255,66,33747,20,97386
10518,0.000764,172.217.194.0-255,1484,35231,20,97386
10519,0.000783,172.217.194.0-255,2902,38133,20,97386
10520,0.000787,172.31.36.0-255,66,38199,20,97386
10521,0.000795,172.31.36.0-255,66,38265,20,97386
10522,0.000821,172.217.194.0-255,1484,39749,20,97386
10523,0.000835,172.31.36.0-255,66,39815,20,97386
10524,0.000848,172.31.36.0-255,66,39881,20,97386
10525,0.001066,172.217.194.0-255,1484,41365,20,97386
10526,0.001072,172.217.194.0-255,2902,44267,20,97386
10527,0.001075,172.31.36.0-255,66,44333,20,97386
10528,0.00109,172.217.194.0-255,2902,47235,20,97386
10529,0.001094,172.31.36.0-255,66,47301,20,97386
10530,0.001114,172.217.194.0-255,2902,50203,20,97386
10531,0.001117,172.31.36.0-255,66,50269,20,97386
10532,0.001125,172.31.36.0-255,66,50335,20,97386
10533,0.001153,172.31.36.0-255,66,50401,20,97386
10534,0.001159,172.31.36.0-255,66,50467,20,97386
10535,0.001191,172.31.36.0-255,66,50533,20,97386
10536,0.001225,172.217.194.0-255,1484,52017,20,97386
10537,0.001247,172.217.194.0-255,2902,54919,20,97386
10538,0.001251,172.31.36.0-255,66,54985,20,97386
10539,0.00126,172.31.36.0-255,66,55051,20,97386
10540,0.001268,172.217.194.0-255,1484,56535,20,97386
10541,0.001288,172.31.36.0-255,66,56601,20,97386
10542,0.001307,172.217.194.0-255,2902,59503,20,97386
10543,0.001312,172.31.36.0-255,66,59569,20,97386
10544,0.001316,172.31.36.0-255,66,59635,20,97386
10545,0.00133,172.217.194.0-255,2902,62537,20,97386
10546,0.001333,172.31.36.0-255,66,62603,20,97386
10547,0.001336,172.217.194.0-255,1484,64087,20,97386
10548,0.001358,172.217.194.0-255,3602,67689,20,97386
10549,0.001362,172.31.36.0-255,66,67755,20,97386
10550,0.001396,172.217.194.0-255,1484,69239,20,97386
10551,0.001419,172.217.194.0-255,2902,72141,20,97386
10552,0.001422,172.31.36.0-255,66,72207,20,97386
10553,0.00143,172.31.36.0-255,66,72273,20,97386
10554,0.001438,172.31.36.0-255,66,72339,20,97386
10555,0.001468,172.31.36.0-255,66,72405,20,97386
10556,0.00149,172.31.36.0-255,66,72471,20,97386
10557,0.001521,172.31.36.0-255,66,72537,20,97386
10558,0.001542,172.31.36.0-255,66,72603,20,97386
10559,0.001612,172.31.36.0-255,66,72669,20,97386
10560,0.001627,172.31.36.0-255,66,72735,20,97386
10561,0.001631,172.217.194.0-255,2902,75637,20,97386
10562,0.001634,172.31.36.0-255,66,75703,20,97386
10563,0.001674,172.31.36.0-255,66,75769,20,97386
10564,0.001679,172.217.194.0-255,3602,79371,20,97386
10565,0.001681,172.31.36.0-255,66,79437,20,97386
10566,0.001728,172.217.194.0-255,1484,80921,20,97386
10567,0.001734,172.217.194.0-255,2902,83823,20,97386
10568,0.001737,172.31.36.0-255,66,83889,20,97386
10569,0.001741,172.217.194.0-255,2902,86791,20,97386
10570,0.001746,172.31.36.0-255,66,86857,20,97386
10571,0.001758,172.217.194.0-255,2902,89759,20,97386
10572,0.00176,172.31.36.0-255,66,89825,20,97386
10573,0.001788,172.31.36.0-255,66,89891,20,97386
10574,0.001805,172.217.194.0-255,2902,92793,20,97386
10575,0.001808,172.31.36.0-255,66,92859,20,97386
10576,0.001844,172.31.36.0-255,66,92925,20,97386
10577,0.001853,172.31.36.0-255,66,92991,20,97386
10578,0.00188,172.31.36.0-255,66,93057,20,97386
10579,0.001891,172.31.36.0-255,66,93123,20,97386
10580,0.001908,172.217.194.0-255,2902,96025,20,97386
10581,0.001911,172.31.36.0-255,66,96091,20,97386
10582,0.001963,172.31.36.0-255,66,96157,20,97386
10583,0.001976,172.31.36.0-255,66,96223,20,97386
10584,0.001988,172.31.36.0-255,66,96289,20,97386
10585,0.001991,172.217.194.0-255,105,96394,20,97386
10586,0.001993,172.217.194.0-255,129,96523,20,97386
10587,0.007269,172.31.36.0-255,101,96624,20,97386
10588,0.007872,172.31.36.0-255,105,96729,20,97386
10589,0.007902,172.31.36.0-255,105,96834,20,97386
10590,0.008152,172.31.36.0-255,90,96924,20,97386
10591,0.008162,172.31.36.0-255,66,96990,20,97386
10592,0.009656,172.217.194.0-255,66,97056,20,97386
10593,0.010238,172.217.194.0-255,66,97122,20,97386
10594,0.010241,172.217.194.0-255,66,97188,20,97386
10595,0.010501,172.217.194.0-255,66,97254,20,97386
10596,0.01053,172.217.194.0-255,66,97320,20,97386
10597,0.010538,172.31.36.0-255,66,97386,20,97386
10598,0.0,172.217.160.0-255,153,153,20,32006
10599,1.6e-05,172.31.36.0-255,66,219,20,32006
10600,2.3e-05,172.217.160.0-255,1484,1703,20,32006
10601,2.8e-05,172.31.36.0-255,66,1769,20,32006
10602,3.3e-05,172.217.160.0-255,2902,4671,20,32006
10603,3.7e-05,172.31.36.0-255,66,4737,20,32006
10604,5.8e-05,172.217.160.0-255,1484,6221,20,32006
10605,6.1e-05,172.31.36.0-255,66,6287,20,32006
10606,7.9e-05,172.217.160.0-255,2902,9189,20,32006
10607,8.2e-05,172.31.36.0-255,66,9255,20,32006
10608,0.000137,172.31.36.0-255,66,9321,20,32006
10609,0.000218,172.217.160.0-255,2902,12223,20,32006
10610,0.00022,172.31.36.0-255,66,12289,20,32006
10611,0.000246,172.31.36.0-255,66,12355,20,32006
10612,0.000407,172.31.36.0-255,66,12421,20,32006
10613,0.000505,172.217.160.0-255,1484,13905,20,32006
10614,0.000508,172.31.36.0-255,66,13971,20,32006
10615,0.000549,172.31.36.0-255,66,14037,20,32006
10616,0.000915,172.31.36.0-255,66,14103,20,32006
10617,0.000935,172.217.160.0-255,3602,17705,20,32006
10618,0.000937,172.31.36.0-255,66,17771,20,32006
10619,0.001038,172.217.160.0-255,374,18145,20,32006
10620,0.001042,172.31.36.0-255,66,18211,20,32006
10621,0.001075,172.31.36.0-255,66,18277,20,32006
10622,0.001102,172.31.36.0-255,66,18343,20,32006
10623,0.001626,172.31.36.0-255,66,18409,20,32006
10624,0.001689,172.217.160.0-255,2902,21311,20,32006
10625,0.001835,172.31.36.0-255,66,21377,20,32006
10626,0.002039,172.31.36.0-255,66,21443,20,32006
10627,0.002059,172.31.36.0-255,66,21509,20,32006
10628,0.002079,172.217.160.0-255,3602,25111,20,32006
10629,0.002087,172.31.36.0-255,66,25177,20,32006
10630,0.002467,172.31.36.0-255,66,25243,20,32006
10631,0.002493,172.31.36.0-255,66,25309,20,32006
10632,0.002541,172.31.36.0-255,66,25375,20,32006
10633,0.004249,172.31.36.0-255,66,25441,20,32006
10634,0.00588,172.217.160.0-255,2902,28343,20,32006
10635,0.005899,172.217.160.0-255,2902,31245,20,32006
10636,0.006062,172.31.36.0-255,66,31311,20,32006
10637,0.006865,172.31.36.0-255,101,31412,20,32006
10638,0.00769,172.31.36.0-255,66,31478,20,32006
10639,0.008453,172.217.160.0-255,66,31544,20,32006
10640,0.009304,172.31.36.0-255,66,31610,20,32006
10641,0.010936,172.31.36.0-255,66,31676,20,32006
10642,0.012825,172.31.36.0-255,66,31742,20,32006
10643,0.014524,172.31.36.0-255,66,31808,20,32006
10644,0.016157,172.31.36.0-255,66,31874,20,32006
10645,0.017791,172.31.36.0-255,66,31940,20,32006
10646,0.019421,172.31.36.0-255,66,32006,20,32006
10647,0.0,74.125.68.0-255,152,152,20,100081
10648,2.3e-05,172.31.36.0-255,66,218,20,100081
10649,3.1e-05,74.125.68.0-255,1484,1702,20,100081
10650,3.6e-05,172.31.36.0-255,66,1768,20,100081
10651,4.3e-05,74.125.68.0-255,2902,4670,20,100081
10652,5.4e-05,172.31.36.0-255,66,4736,20,100081
10653,5.8e-05,74.125.68.0-255,2902,7638,20,100081
10654,6.2e-05,172.31.36.0-255,66,7704,20,100081
10655,7.2e-05,172.31.36.0-255,66,7770,20,100081
10656,9.3e-05,74.125.68.0-255,2075,9845,20,100081
10657,9.7e-05,172.31.36.0-255,66,9911,20,100081
10658,0.000198,74.125.68.0-255,1484,11395,20,100081
10659,0.000202,172.31.36.0-255,66,11461,20,100081
10660,0.000231,74.125.68.0-255,2902,14363,20,100081
10661,0.000234,172.31.36.0-255,66,14429,20,100081
10662,0.000243,172.31.36.0-255,66,14495,20,100081
10663,0.000247,74.125.68.0-255,2902,17397,20,100081
10664,0.00025,172.31.36.0-255,66,17463,20,100081
10665,0.00028,74.125.68.0-255,3961,21424,20,100081
10666,0.000284,172.31.36.0-255,66,21490,20,100081
10667,0.000294,172.31.36.0-255,66,21556,20,100081
10668,0.00032,74.125.68.0-255,1484,23040,20,100081
10669,0.000322,172.31.36.0-255,66,23106,20,100081
10670,0.000334,172.31.36.0-255,66,23172,20,100081
10671,0.00035,172.31.36.0-255,66,23238,20,100081
10672,0.000377,74.125.68.0-255,1484,24722,20,100081
10673,0.000379,172.31.36.0-255,66,24788,20,100081
10674,0.000418,74.125.68.0-255,707,25495,20,100081
10675,0.00054,74.125.68.0-255,1484,26979,20,100081
10676,0.000562,74.125.68.0-255,2902,29881,20,100081
10677,0.00058,172.31.36.0-255,66,29947,20,100081
10678,0.000589,74.125.68.0-255,2902,32849,20,100081
10679,0.000594,172.31.36.0-255,66,32915,20,100081
10680,0.000614,74.125.68.0-255,1484,34399,20,100081
10681,0.000685,74.125.68.0-255,3602,38001,20,100081
10682,0.0007,172.31.36.0-255,66,38067,20,100081
10683,0.001036,74.125.68.0-255,1484,39551,20,100081
10684,0.001056,74.125.68.0-255,1484,41035,20,100081
10685,0.00106,172.31.36.0-255,66,41101,20,100081
10686,0.001087,74.125.68.0-255,1484,42585,20,100081
10687,0.001096,74.125.68.0-255,1484,44069,20,100081
10688,0.00111,74.125.68.0-255,2902,46971,20,100081
10689,0.001115,172.31.36.0-255,66,47037,20,100081
10690,0.001203,172.31.36.0-255,66,47103,20,100081
10691,0.001323,74.125.68.0-255,1484,48587,20,100081
10692,0.001329,74.125.68.0-255,2902,51489,20,100081
10693,0.001332,172.31.36.0-255,66,51555,20,100081
10694,0.001367,172.31.36.0-255,66,51621,20,100081
10695,0.001397,74.125.68.0-255,1484,53105,20,100081
10696,0.001435,172.31.36.0-255,66,53171,20,100081
10697,0.001461,74.125.68.0-255,2902,56073,20,100081
10698,0.001467,172.31.36.0-255,66,56139,20,100081
10699,0.0015,172.31.36.0-255,66,56205,20,100081
10700,0.00155,74.125.68.0-255,1484,57689,20,100081
10701,0.001556,74.125.68.0-255,2902,60591,20,100081
10702,0.001585,172.31.36.0-255,66,60657,20,100081
10703,0.001646,172.31.36.0-255,66,60723,20,100081
10704,0.001676,172.31.36.0-255,66,60789,20,100081
10705,0.001761,74.125.68.0-255,1484,62273,20,100081
10706,0.00178,74.125.68.0-255,2902,65175,20,100081
10707,0.001783,74.125.68.0-255,1484,66659,20,100081
10708,0.001788,172.31.36.0-255,66,66725,20,100081
10709,0.001813,74.125.68.0-255,2902,69627,20,100081
10710,0.001848,172.31.36.0-255,66,69693,20,100081
10711,0.001869,74.125.68.0-255,2184,71877,20,100081
10712,0.001889,74.125.68.0-255,1484,73361,20,100081
10713,0.001905,74.125.68.0-255,1484,74845,20,100081
10714,0.001909,172.31.36.0-255,66,74911,20,100081
10715,0.001933,74.125.68.0-255,1484,76395,20,100081
10716,0.001948,74.125.68.0-255,2902,79297,20,100081
10717,0.001952,172.31.36.0-255,66,79363,20,100081
10718,0.001968,74.125.68.0-255,1484,80847,20,100081
10719,0.001975,74.125.68.0-255,1484,82331,20,100081
10720,0.001989,74.125.68.0-255,1484,83815,20,100081
10721,0.002013,172.31.36.0-255,66,83881,20,100081
10722,0.002045,172.31.36.0-255,66,83947,20,100081
10723,0.002062,74.125.68.0-255,2902,86849,20,100081
10724,0.002065,74.125.68.0-255,766,87615,20,100081
10725,0.002086,172.31.36.0-255,66,87681,20,100081
10726,0.002449,74.125.68.0-255,1484,89165,20,100081
10727,0.002453,74.125.68.0-255,1484,90649,20,100081
10728,0.002457,172.31.36.0-255,66,90715,20,100081
10729,0.002483,74.125.68.0-255,1484,92199,20,100081
10730,0.002488,74.125.68.0-255,2902,95101,20,100081
10731,0.002512,74.125.68.0-255,1484,96585,20,100081
10732,0.002517,172.31.36.0-255,66,96651,20,100081
10733,0.002539,74.125.68.0-255,1484,98135,20,100081
10734,0.002562,172.31.36.0-255,66,98201,20,100081
10735,0.005078,172.31.36.0-255,66,98267,20,100081
10736,0.00511,74.125.68.0-255,1484,99751,20,100081
10737,0.007591,172.31.36.0-255,66,99817,20,100081
10738,0.010106,172.31.36.0-255,66,99883,20,100081
10739,0.012637,172.31.36.0-255,66,99949,20,100081
10740,0.015208,172.31.36.0-255,66,100015,20,100081
10741,0.017741,172.31.36.0-255,66,100081,20,100081
10742,0.0,74.125.24.0-255,153,153,20,49631
10743,2.6e-05,172.31.36.0-255,66,219,20,49631
10744,3.3e-05,74.125.24.0-255,1484,1703,20,49631
10745,3.8e-05,172.31.36.0-255,66,1769,20,49631
10746,4.3e-05,74.125.24.0-255,2902,4671,20,49631
10747,4.6e-05,172.31.36.0-255,66,4737,20,49631
10748,8.4e-05,172.31.36.0-255,66,4803,20,49631
10749,8.9e-05,74.125.24.0-255,3394,8197,20,49631
10750,9.2e-05,172.31.36.0-255,66,8263,20,49631
10751,0.000322,74.125.24.0-255,1484,9747,20,49631
10752,0.000329,172.31.36.0-255,66,9813,20,49631
10753,0.000336,74.125.24.0-255,2902,12715,20,49631
10754,0.000339,172.31.36.0-255,66,12781,20,49631
10755,0.000348,172.31.36.0-255,66,12847,20,49631
10756,0.000388,172.31.36.0-255,66,12913,20,49631
10757,0.000414,74.125.24.0-255,2543,15456,20,49631
10758,0.000417,172.31.36.0-255,66,15522,20,49631
10759,0.000428,172.31.36.0-255,66,15588,20,49631
10760,0.000439,172.31.36.0-255,66,15654,20,49631
10761,0.000673,74.125.24.0-255,1484,17138,20,49631
10762,0.000679,172.31.36.0-255,66,17204,20,49631
10763,0.000685,74.125.24.0-255,2902,20106,20,49631
10764,0.000688,172.31.36.0-255,66,20172,20,49631
10765,0.000696,172.31.36.0-255,66,20238,20,49631
10766,0.000752,172.31.36.0-255,66,20304,20,49631
10767,0.000786,74.125.24.0-255,331,20635,20,49631
10768,0.001089,74.125.24.0-255,1484,22119,20,49631
10769,0.001096,172.31.36.0-255,66,22185,20,49631
10770,0.001102,74.125.24.0-255,2902,25087,20,49631
10771,0.001104,172.31.36.0-255,66,25153,20,49631
10772,0.001112,172.31.36.0-255,66,25219,20,49631
10773,0.001146,172.31.36.0-255,66,25285,20,49631
10774,0.001154,172.31.36.0-255,66,25351,20,49631
10775,0.001193,172.31.36.0-255,66,25417,20,49631
10776,0.001198,74.125.24.0-255,2184,27601,20,49631
10777,0.0012,172.31.36.0-255,66,27667,20,49631
10778,0.001795,74.125.24.0-255,1484,29151,20,49631
10779,0.001811,74.125.24.0-255,2902,32053,20,49631
10780,0.001818,172.31.36.0-255,66,32119,20,49631
10781,0.00183,172.31.36.0-255,66,32185,20,49631
10782,0.001845,172.31.36.0-255,66,32251,20,49631
10783,0.00187,74.125.24.0-255,2902,35153,20,49631
10784,0.001874,172.31.36.0-255,66,35219,20,49631
10785,0.001912,172.31.36.0-255,66,35285,20,49631
10786,0.001943,74.125.24.0-255,1484,36769,20,49631
10787,0.001947,74.125.24.0-255,1484,38253,20,49631
10788,0.00195,172.31.36.0-255,66,38319,20,49631
10789,0.001976,74.125.24.0-255,1484,39803,20,49631
10790,0.001986,172.31.36.0-255,66,39869,20,49631
10791,0.001996,172.31.36.0-255,66,39935,20,49631
10792,0.002028,172.31.36.0-255,66,40001,20,49631
10793,0.002049,74.125.24.0-255,1484,41485,20,49631
10794,0.002059,172.31.36.0-255,66,41551,20,49631
10795,0.002229,74.125.24.0-255,1484,43035,20,49631
10796,0.002237,74.125.24.0-255,2902,45937,20,49631
10797,0.002243,172.31.36.0-255,66,46003,20,49631
10798,0.002252,172.31.36.0-255,66,46069,20,49631
10799,0.00228,172.31.36.0-255,66,46135,20,49631
10800,0.002301,74.125.24.0-255,2902,49037,20,49631
10801,0.002305,172.31.36.0-255,66,49103,20,49631
10802,0.002338,172.31.36.0-255,66,49169,20,49631
10803,0.00468,172.31.36.0-255,66,49235,20,49631
10804,0.007012,172.31.36.0-255,66,49301,20,49631
10805,0.009363,172.31.36.0-255,66,49367,20,49631
10806,0.011729,172.31.36.0-255,66,49433,20,49631
10807,0.014028,172.31.36.0-255,66,49499,20,49631
10808,0.016358,172.31.36.0-255,66,49565,20,49631
10809,0.018712,172.31.36.0-255,66,49631,20,49631
10810,0.0,172.217.194.0-255,212,212,20,41015
10811,3.3e-05,172.31.36.0-255,66,278,20,41015
10812,4e-05,172.217.194.0-255,1484,1762,20,41015
10813,4.4e-05,172.31.36.0-255,66,1828,20,41015
10814,5.3e-05,172.31.36.0-255,66,1894,20,41015
10815,5.6e-05,172.217.194.0-255,1484,3378,20,41015
10816,5.9e-05,172.31.36.0-255,66,3444,20,41015
10817,0.000109,172.31.36.0-255,66,3510,20,41015
10818,0.000119,172.31.36.0-255,66,3576,20,41015
10819,0.000161,172.31.36.0-255,66,3642,20,41015
10820,0.000267,172.217.194.0-255,1484,5126,20,41015
10821,0.000271,172.31.36.0-255,66,5192,20,41015
10822,0.000313,172.217.194.0-255,2902,8094,20,41015
10823,0.000316,172.31.36.0-255,66,8160,20,41015
10824,0.00032,172.217.194.0-255,1484,9644,20,41015
10825,0.000322,172.31.36.0-255,66,9710,20,41015
10826,0.000338,172.217.194.0-255,2902,12612,20,41015
10827,0.000341,172.31.36.0-255,66,12678,20,41015
10828,0.000353,172.31.36.0-255,66,12744,20,41015
10829,0.000389,172.31.36.0-255,66,12810,20,41015
10830,0.000438,172.217.194.0-255,3602,16412,20,41015
10831,0.000442,172.31.36.0-255,66,16478,20,41015
10832,0.000454,172.217.194.0-255,381,16859,20,41015
10833,0.000459,172.31.36.0-255,66,16925,20,41015
10834,0.001395,172.217.194.0-255,364,17289,20,41015
10835,0.001401,172.31.36.0-255,66,17355,20,41015
10836,0.001715,172.217.194.0-255,1484,18839,20,41015
10837,0.001723,172.217.194.0-255,2902,21741,20,41015
10838,0.001747,172.217.194.0-255,1484,23225,20,41015
10839,0.001845,172.217.194.0-255,766,23991,20,41015
10840,0.001977,172.217.194.0-255,1484,25475,20,41015
10841,0.001993,172.217.194.0-255,2902,28377,20,41015
10842,0.002011,172.217.194.0-255,2902,31279,20,41015
10843,0.002025,172.217.194.0-255,2902,34181,20,41015
10844,0.002052,172.217.194.0-255,2902,37083,20,41015
10845,0.002095,172.217.194.0-255,1484,38567,20,41015
10846,0.002194,172.217.194.0-255,2184,40751,20,41015
10847,0.010965,172.31.36.0-255,66,40817,20,41015
10848,0.013607,172.31.36.0-255,66,40883,20,41015
10849,0.016249,172.31.36.0-255,66,40949,20,41015
10850,0.018883,172.31.36.0-255,66,41015,20,41015
10851,0.0,74.125.24.0-255,152,152,20,54304
10852,2.3e-05,172.31.36.0-255,66,218,20,54304
10853,2.9e-05,74.125.24.0-255,1484,1702,20,54304
10854,3.4e-05,172.31.36.0-255,66,1768,20,54304
10855,4.1e-05,74.125.24.0-255,2902,4670,20,54304
10856,4.5e-05,172.31.36.0-255,66,4736,20,54304
10857,5.6e-05,172.31.36.0-255,66,4802,20,54304
10858,0.0001,172.31.36.0-255,66,4868,20,54304
10859,0.000111,172.31.36.0-255,66,4934,20,54304
10860,0.000156,74.125.24.0-255,1484,6418,20,54304
10861,0.000159,172.31.36.0-255,66,6484,20,54304
10862,0.000175,74.125.24.0-255,2902,9386,20,54304
10863,0.000184,172.31.36.0-255,66,9452,20,54304
10864,0.000192,172.31.36.0-255,66,9518,20,54304
10865,0.000232,172.31.36.0-255,66,9584,20,54304
10866,0.000241,172.31.36.0-255,66,9650,20,54304
10867,0.000283,74.125.24.0-255,3963,13613,20,54304
10868,0.000285,172.31.36.0-255,66,13679,20,54304
10869,0.000432,74.125.24.0-255,1484,15163,20,54304
10870,0.000437,172.31.36.0-255,66,15229,20,54304
10871,0.000444,74.125.24.0-255,2902,18131,20,54304
10872,0.000446,172.31.36.0-255,66,18197,20,54304
10873,0.000454,172.31.36.0-255,66,18263,20,54304
10874,0.000493,172.31.36.0-255,66,18329,20,54304
10875,0.000501,172.31.36.0-255,66,18395,20,54304
10876,0.000532,74.125.24.0-255,2902,21297,20,54304
10877,0.000534,172.31.36.0-255,66,21363,20,54304
10878,0.000554,74.125.24.0-255,2466,23829,20,54304
10879,0.000556,172.31.36.0-255,66,23895,20,54304
10880,0.000727,74.125.24.0-255,1484,25379,20,54304
10881,0.000748,74.125.24.0-255,2902,28281,20,54304
10882,0.000752,172.31.36.0-255,66,28347,20,54304
10883,0.000761,172.31.36.0-255,66,28413,20,54304
10884,0.000777,74.125.24.0-255,1484,29897,20,54304
10885,0.000791,172.31.36.0-255,66,29963,20,54304
10886,0.000813,74.125.24.0-255,1484,31447,20,54304
10887,0.000821,172.31.36.0-255,66,31513,20,54304
10888,0.000846,172.31.36.0-255,66,31579,20,54304
10889,0.000993,74.125.24.0-255,1484,33063,20,54304
10890,0.001,74.125.24.0-255,2902,35965,20,54304
10891,0.001003,172.31.36.0-255,66,36031,20,54304
10892,0.001029,172.31.36.0-255,66,36097,20,54304
10893,0.001037,172.31.36.0-255,66,36163,20,54304
10894,0.00107,172.31.36.0-255,66,36229,20,54304
10895,0.001082,172.31.36.0-255,66,36295,20,54304
10896,0.001113,172.31.36.0-255,66,36361,20,54304
10897,0.001145,172.31.36.0-255,66,36427,20,54304
10898,0.00116,172.31.36.0-255,66,36493,20,54304
10899,0.00117,172.31.36.0-255,66,36559,20,54304
10900,0.001245,74.125.24.0-255,1484,38043,20,54304
10901,0.001258,74.125.24.0-255,2902,40945,20,54304
10902,0.001261,172.31.36.0-255,66,41011,20,54304
10903,0.00127,172.31.36.0-255,66,41077,20,54304
10904,0.001288,74.125.24.0-255,1484,42561,20,54304
10905,0.001303,172.31.36.0-255,66,42627,20,54304
10906,0.001314,172.31.36.0-255,66,42693,20,54304
10907,0.001337,74.125.24.0-255,766,43459,20,54304
10908,0.0014,74.125.24.0-255,1484,44943,20,54304
10909,0.001404,172.31.36.0-255,66,45009,20,54304
10910,0.00141,74.125.24.0-255,2902,47911,20,54304
10911,0.001412,172.31.36.0-255,66,47977,20,54304
10912,0.001421,172.31.36.0-255,66,48043,20,54304
10913,0.001491,172.31.36.0-255,66,48109,20,54304
10914,0.001522,74.125.24.0-255,1484,49593,20,54304
10915,0.001534,172.31.36.0-255,66,49659,20,54304
10916,0.001557,172.31.36.0-255,66,49725,20,54304
10917,0.00157,172.31.36.0-255,66,49791,20,54304
10918,0.001579,172.31.36.0-255,66,49857,20,54304
10919,0.001636,172.31.36.0-255,66,49923,20,54304
10920,0.001658,172.31.36.0-255,66,49989,20,54304
10921,0.001697,172.31.36.0-255,66,50055,20,54304
10922,0.00172,74.125.24.0-255,2184,52239,20,54304
10923,0.001723,172.31.36.0-255,66,52305,20,54304
10924,0.001728,74.125.24.0-255,1591,53896,20,54304
10925,0.001731,172.31.36.0-255,66,53962,20,54304
10926,0.001734,74.125.24.0-255,105,54067,20,54304
10927,0.016244,172.31.36.0-255,66,54133,20,54304
10928,0.016306,172.31.36.0-255,105,54238,20,54304
10929,0.01831,74.125.24.0-255,66,54304,20,54304
10930,0.0,172.217.194.0-255,146,146,20,63384
10931,2.3e-05,172.31.36.0-255,66,212,20,63384
10932,3e-05,172.217.194.0-255,1484,1696,20,63384
10933,3.5e-05,172.31.36.0-255,66,1762,20,63384
10934,4.1e-05,172.217.194.0-255,2902,4664,20,63384
10935,4.5e-05,172.31.36.0-255,66,4730,20,63384
10936,5.6e-05,172.31.36.0-255,66,4796,20,63384
10937,6.1e-05,172.217.194.0-255,2046,6842,20,63384
10938,6.4e-05,172.31.36.0-255,66,6908,20,63384
10939,0.000103,172.217.194.0-255,1484,8392,20,63384
10940,0.000105,172.31.36.0-255,66,8458,20,63384
10941,0.00011,172.217.194.0-255,2902,11360,20,63384
10942,0.000113,172.31.36.0-255,66,11426,20,63384
10943,0.000121,172.31.36.0-255,66,11492,20,63384
10944,0.000152,172.31.36.0-255,66,11558,20,63384
10945,0.000199,172.217.194.0-255,1484,13042,20,63384
10946,0.000201,172.31.36.0-255,66,13108,20,63384
10947,0.000207,172.217.194.0-255,2902,16010,20,63384
10948,0.000209,172.31.36.0-255,66,16076,20,63384
10949,0.000212,172.217.194.0-255,1484,17560,20,63384
10950,0.000214,172.31.36.0-255,66,17626,20,63384
10951,0.000241,172.31.36.0-255,66,17692,20,63384
10952,0.00025,172.31.36.0-255,66,17758,20,63384
10953,0.000273,172.31.36.0-255,66,17824,20,63384
10954,0.000306,172.31.36.0-255,66,17890,20,63384
10955,0.000331,172.31.36.0-255,66,17956,20,63384
10956,0.000402,172.217.194.0-255,364,18320,20,63384
10957,0.000405,172.31.36.0-255,66,18386,20,63384
10958,0.000657,172.217.194.0-255,1484,19870,20,63384
10959,0.000663,172.31.36.0-255,66,19936,20,63384
10960,0.000668,172.217.194.0-255,2902,22838,20,63384
10961,0.000671,172.31.36.0-255,66,22904,20,63384
10962,0.000718,172.31.36.0-255,66,22970,20,63384
10963,0.000728,172.31.36.0-255,66,23036,20,63384
10964,0.000735,172.31.36.0-255,66,23102,20,63384
10965,0.000773,172.31.36.0-255,66,23168,20,63384
10966,0.000778,172.217.194.0-255,2184,25352,20,63384
10967,0.00078,172.31.36.0-255,66,25418,20,63384
10968,0.000801,172.217.194.0-255,1484,26902,20,63384
10969,0.000806,172.217.194.0-255,2902,29804,20,63384
10970,0.000809,172.31.36.0-255,66,29870,20,63384
10971,0.000818,172.31.36.0-255,66,29936,20,63384
10972,0.000859,172.31.36.0-255,66,30002,20,63384
10973,0.000877,172.217.194.0-255,2902,32904,20,63384
10974,0.000879,172.31.36.0-255,66,32970,20,63384
10975,0.000887,172.31.36.0-255,66,33036,20,63384
10976,0.000915,172.31.36.0-255,66,33102,20,63384
10977,0.001438,172.217.194.0-255,1484,34586,20,63384
10978,0.001444,172.217.194.0-255,2902,37488,20,63384
10979,0.001449,172.31.36.0-255,66,37554,20,63384
10980,0.001458,172.31.36.0-255,66,37620,20,63384
10981,0.001486,172.31.36.0-255,66,37686,20,63384
10982,0.001515,172.31.36.0-255,66,37752,20,63384
10983,0.001532,172.31.36.0-255,66,37818,20,63384
10984,0.00156,172.31.36.0-255,66,37884,20,63384
10985,0.001673,172.217.194.0-255,1484,39368,20,63384
10986,0.001679,172.217.194.0-255,2902,42270,20,63384
10987,0.001682,172.31.36.0-255,66,42336,20,63384
10988,0.001687,172.217.194.0-255,2902,45238,20,63384
10989,0.00169,172.31.36.0-255,66,45304,20,63384
10990,0.001704,172.217.194.0-255,2902,48206,20,63384
10991,0.001707,172.31.36.0-255,66,48272,20,63384
10992,0.001714,172.31.36.0-255,66,48338,20,63384
10993,0.001739,172.31.36.0-255,66,48404,20,63384
10994,0.001759,172.217.194.0-255,2902,51306,20,63384
10995,0.001763,172.31.36.0-255,66,51372,20,63384
10996,0.001777,172.31.36.0-255,66,51438,20,63384
10997,0.001799,172.217.194.0-255,766,52204,20,63384
10998,0.001984,172.217.194.0-255,1484,53688,20,63384
10999,0.001989,172.31.36.0-255,66,53754,20,63384
11000,0.001995,172.217.194.0-255,2902,56656,20,63384
11001,0.001997,172.31.36.0-255,66,56722,20,63384
11002,0.002,172.217.194.0-255,1484,58206,20,63384
11003,0.002019,172.31.36.0-255,66,58272,20,63384
11004,0.002022,172.217.194.0-255,1484,59756,20,63384
11005,0.002046,172.31.36.0-255,66,59822,20,63384
11006,0.002061,172.217.194.0-255,1484,61306,20,63384
11007,0.002077,172.217.194.0-255,1484,62790,20,63384
11008,0.00208,172.31.36.0-255,66,62856,20,63384
11009,0.002111,172.31.36.0-255,66,62922,20,63384
11010,0.004432,172.31.36.0-255,66,62988,20,63384
11011,0.006765,172.31.36.0-255,66,63054,20,63384
11012,0.009122,172.31.36.0-255,66,63120,20,63384
11013,0.011477,172.31.36.0-255,66,63186,20,63384
11014,0.0138,172.31.36.0-255,66,63252,20,63384
11015,0.016149,172.31.36.0-255,66,63318,20,63384
11016,0.018475,172.31.36.0-255,66,63384,20,63384
11017,0.0,74.125.24.0-255,147,147,20,120110
11018,3.2e-05,172.31.36.0-255,66,213,20,120110
11019,3.9e-05,74.125.24.0-255,1484,1697,20,120110
11020,4.4e-05,172.31.36.0-255,66,1763,20,120110
11021,4.6e-05,74.125.24.0-255,1484,3247,20,120110
11022,4.8e-05,172.31.36.0-255,66,3313,20,120110
11023,5.7e-05,172.31.36.0-255,66,3379,20,120110
11024,9.9e-05,172.31.36.0-255,66,3445,20,120110
11025,0.000115,74.125.24.0-255,574,4019,20,120110
11026,0.000117,172.31.36.0-255,66,4085,20,120110
11027,0.000172,74.125.24.0-255,1484,5569,20,120110
11028,0.000176,172.31.36.0-255,66,5635,20,120110
11029,0.000191,74.125.24.0-255,2902,8537,20,120110
11030,0.000193,172.31.36.0-255,66,8603,20,120110
11031,0.000211,172.31.36.0-255,66,8669,20,120110
11032,0.000233,74.125.24.0-255,1484,10153,20,120110
11033,0.000235,172.31.36.0-255,66,10219,20,120110
11034,0.000258,172.31.36.0-255,66,10285,20,120110
11035,0.000298,172.31.36.0-255,66,10351,20,120110
11036,0.000313,74.125.24.0-255,1484,11835,20,120110
11037,0.000316,172.31.36.0-255,66,11901,20,120110
11038,0.000324,172.31.36.0-255,66,11967,20,120110
11039,0.000334,74.125.24.0-255,1484,13451,20,120110
11040,0.000336,172.31.36.0-255,66,13517,20,120110
11041,0.000353,74.125.24.0-255,3961,17478,20,120110
11042,0.000356,172.31.36.0-255,66,17544,20,120110
11043,0.000419,74.125.24.0-255,1484,19028,20,120110
11044,0.000425,74.125.24.0-255,2902,21930,20,120110
11045,0.000432,172.31.36.0-255,66,21996,20,120110
11046,0.000441,74.125.24.0-255,1484,23480,20,120110
11047,0.000445,74.125.24.0-255,2902,26382,20,120110
11048,0.000448,172.31.36.0-255,66,26448,20,120110
11049,0.000477,172.31.36.0-255,66,26514,20,120110
11050,0.000497,74.125.24.0-255,2543,29057,20,120110
11051,0.0005,172.31.36.0-255,66,29123,20,120110
11052,0.000932,74.125.24.0-255,646,29769,20,120110
11053,0.000959,74.125.24.0-255,1484,31253,20,120110
11054,0.000963,172.31.36.0-255,66,31319,20,120110
11055,0.000971,74.125.24.0-255,2902,34221,20,120110
11056,0.000973,172.31.36.0-255,66,34287,20,120110
11057,0.000996,74.125.24.0-255,1484,35771,20,120110
11058,0.001008,172.31.36.0-255,66,35837,20,120110
11059,0.001017,172.31.36.0-255,66,35903,20,120110
11060,0.001036,172.31.36.0-255,66,35969,20,120110
11061,0.001049,74.125.24.0-255,1484,37453,20,120110
11062,0.001073,172.31.36.0-255,66,37519,20,120110
11063,0.001238,74.125.24.0-255,1484,39003,20,120110
11064,0.001246,74.125.24.0-255,2902,41905,20,120110
11065,0.00125,172.31.36.0-255,66,41971,20,120110
11066,0.001259,172.31.36.0-255,66,42037,20,120110
11067,0.001305,74.125.24.0-255,2902,44939,20,120110
11068,0.001309,172.31.36.0-255,66,45005,20,120110
11069,0.001337,172.31.36.0-255,66,45071,20,120110
11070,0.001351,172.31.36.0-255,66,45137,20,120110
11071,0.001375,74.125.24.0-255,1484,46621,20,120110
11072,0.001379,74.125.24.0-255,2902,49523,20,120110
11073,0.001381,172.31.36.0-255,66,49589,20,120110
11074,0.00139,172.31.36.0-255,66,49655,20,120110
11075,0.001402,74.125.24.0-255,1484,51139,20,120110
11076,0.001412,172.31.36.0-255,66,51205,20,120110
11077,0.001418,74.125.24.0-255,2902,54107,20,120110
11078,0.00142,172.31.36.0-255,66,54173,20,120110
11079,0.001451,74.125.24.0-255,2184,56357,20,120110
11080,0.001453,74.125.24.0-255,1484,57841,20,120110
11081,0.001467,74.125.24.0-255,1484,59325,20,120110
11082,0.00149,74.125.24.0-255,2902,62227,20,120110
11083,0.001519,74.125.24.0-255,2902,65129,20,120110
11084,0.001536,74.125.24.0-255,3412,68541,20,120110
11085,0.001609,74.125.24.0-255,1484,70025,20,120110
11086,0.00162,74.125.24.0-255,2902,72927,20,120110
11087,0.001705,74.125.24.0-255,1484,74411,20,120110
11088,0.001786,74.125.24.0-255,1484,75895,20,120110
11089,0.001802,74.125.24.0-255,2902,78797,20,120110
11090,0.001817,74.125.24.0-255,2902,81699,20,120110
11091,0.001827,74.125.24.0-255,2902,84601,20,120110
11092,0.001873,74.125.24.0-255,1484,86085,20,120110
11093,0.001956,74.125.24.0-255,1484,87569,20,120110
11094,0.001959,74.125.24.0-255,1484,89053,20,120110
11095,0.001968,74.125.24.0-255,1484,90537,20,120110
11096,0.001971,74.125.24.0-255,1484,92021,20,120110
11097,0.002025,74.125.24.0-255,2902,94923,20,120110
11098,0.002063,74.125.24.0-255,3602,98525,20,120110
11099,0.002084,74.125.24.0-255,1484,100009,20,120110
11100,0.002098,74.125.24.0-255,2902,102911,20,120110
11101,0.002101,74.125.24.0-255,1484,104395,20,120110
11102,0.002192,74.125.24.0-255,2902,107297,20,120110
11103,0.002311,74.125.24.0-255,2902,110199,20,120110
11104,0.002325,74.125.24.0-255,766,110965,20,120110
11105,0.002366,74.125.24.0-255,2902,113867,20,120110
11106,0.002386,74.125.24.0-255,2902,116769,20,120110
11107,0.00242,74.125.24.0-255,2902,119671,20,120110
11108,0.002466,74.125.24.0-255,97,119768,20,120110
11109,0.002574,74.125.24.0-255,105,119873,20,120110
11110,0.007036,172.31.36.0-255,66,119939,20,120110
11111,0.009639,172.31.36.0-255,105,120044,20,120110
11112,0.01218,74.125.24.0-255,66,120110,20,120110
11113,0.0,74.125.200.0-255,66,66,20,66
11114,0.0,74.125.24.0-255,153,153,20,63250
11115,2.6e-05,172.31.36.0-255,66,219,20,63250
11116,3.3e-05,74.125.24.0-255,1484,1703,20,63250
11117,3.8e-05,172.31.36.0-255,66,1769,20,63250
11118,4.3e-05,74.125.24.0-255,2902,4671,20,63250
11119,4.6e-05,172.31.36.0-255,66,4737,20,63250
11120,5.8e-05,172.31.36.0-255,66,4803,20,63250
11121,6.5e-05,172.31.36.0-255,66,4869,20,63250
11122,0.0001,172.31.36.0-255,66,4935,20,63250
11123,0.000104,74.125.24.0-255,2902,7837,20,63250
11124,0.000107,172.31.36.0-255,66,7903,20,63250
11125,0.000129,74.125.24.0-255,2543,10446,20,63250
11126,0.000131,172.31.36.0-255,66,10512,20,63250
11127,0.000153,172.31.36.0-255,66,10578,20,63250
11128,0.000156,74.125.24.0-255,1484,12062,20,63250
11129,0.000158,172.31.36.0-255,66,12128,20,63250
11130,0.00018,172.31.36.0-255,66,12194,20,63250
11131,0.000213,74.125.24.0-255,3961,16155,20,63250
11132,0.000217,172.31.36.0-255,66,16221,20,63250
11133,0.000232,172.31.36.0-255,66,16287,20,63250
11134,0.000269,172.31.36.0-255,66,16353,20,63250
11135,0.000273,74.125.24.0-255,2840,19193,20,63250
11136,0.000274,172.31.36.0-255,66,19259,20,63250
11137,0.000286,74.125.24.0-255,381,19640,20,63250
11138,0.000288,172.31.36.0-255,66,19706,20,63250
11139,0.000435,74.125.24.0-255,1484,21190,20,63250
11140,0.000443,74.125.24.0-255,2902,24092,20,63250
11141,0.000448,172.31.36.0-255,66,24158,20,63250
11142,0.000457,172.31.36.0-255,66,24224,20,63250
11143,0.000475,74.125.24.0-255,1484,25708,20,63250
11144,0.000484,172.31.36.0-255,66,25774,20,63250
11145,0.000507,74.125.24.0-255,1993,27767,20,63250
11146,0.00051,172.31.36.0-255,66,27833,20,63250
11147,0.000552,172.31.36.0-255,66,27899,20,63250
11148,0.000569,74.125.24.0-255,1484,29383,20,63250
11149,0.000578,172.31.36.0-255,66,29449,20,63250
11150,0.00058,74.125.24.0-255,1125,30574,20,63250
11151,0.00076,74.125.24.0-255,1484,32058,20,63250
11152,0.000766,172.31.36.0-255,66,32124,20,63250
11153,0.000772,74.125.24.0-255,2902,35026,20,63250
11154,0.000775,172.31.36.0-255,66,35092,20,63250
11155,0.000785,172.31.36.0-255,66,35158,20,63250
11156,0.000788,74.125.24.0-255,1484,36642,20,63250
11157,0.000799,172.31.36.0-255,66,36708,20,63250
11158,0.000836,172.31.36.0-255,66,36774,20,63250
11159,0.000863,172.31.36.0-255,66,36840,20,63250
11160,0.000909,172.31.36.0-255,66,36906,20,63250
11161,0.000926,172.31.36.0-255,66,36972,20,63250
11162,0.000931,74.125.24.0-255,3602,40574,20,63250
11163,0.000934,172.31.36.0-255,66,40640,20,63250
11164,0.000955,172.31.36.0-255,66,40706,20,63250
11165,0.000959,74.125.24.0-255,2902,43608,20,63250
11166,0.000961,172.31.36.0-255,66,43674,20,63250
11167,0.001001,172.31.36.0-255,66,43740,20,63250
11168,0.001009,172.31.36.0-255,66,43806,20,63250
11169,0.00104,172.31.36.0-255,66,43872,20,63250
11170,0.001076,172.31.36.0-255,66,43938,20,63250
11171,0.001079,74.125.24.0-255,1484,45422,20,63250
11172,0.001118,172.31.36.0-255,66,45488,20,63250
11173,0.001146,74.125.24.0-255,2184,47672,20,63250
11174,0.001149,172.31.36.0-255,66,47738,20,63250
11175,0.001154,74.125.24.0-255,2902,50640,20,63250
11176,0.001157,172.31.36.0-255,66,50706,20,63250
11177,0.001164,172.31.36.0-255,66,50772,20,63250
11178,0.001192,74.125.24.0-255,2902,53674,20,63250
11179,0.001196,172.31.36.0-255,66,53740,20,63250
11180,0.001332,172.31.36.0-255,66,53806,20,63250
11181,0.001359,172.31.36.0-255,66,53872,20,63250
11182,0.001392,74.125.24.0-255,2902,56774,20,63250
11183,0.001436,172.31.36.0-255,66,56840,20,63250
11184,0.001485,172.31.36.0-255,66,56906,20,63250
11185,0.001499,74.125.24.0-255,1484,58390,20,63250
11186,0.001506,74.125.24.0-255,2902,61292,20,63250
11187,0.001538,74.125.24.0-255,1484,62776,20,63250
11188,0.001553,172.31.36.0-255,66,62842,20,63250
11189,0.00158,172.31.36.0-255,66,62908,20,63250
11190,0.00159,74.125.24.0-255,105,63013,20,63250
11191,0.004317,172.31.36.0-255,66,63079,20,63250
11192,0.004362,172.31.36.0-255,105,63184,20,63250
11193,0.006628,74.125.24.0-255,66,63250,20,63250
11194,0.0,172.253.118.0-255,162,162,20,49374
11195,1.3e-05,172.31.36.0-255,66,228,20,49374
11196,1.9e-05,172.253.118.0-255,1484,1712,20,49374
11197,2.3e-05,172.31.36.0-255,66,1778,20,49374
11198,3.1e-05,172.253.118.0-255,2902,4680,20,49374
11199,3.4e-05,172.31.36.0-255,66,4746,20,49374
11200,4.2e-05,172.31.36.0-255,66,4812,20,49374
11201,0.000105,172.31.36.0-255,66,4878,20,49374
11202,0.000115,172.253.118.0-255,594,5472,20,49374
11203,0.000117,172.31.36.0-255,66,5538,20,49374
11204,0.00029,172.253.118.0-255,1484,7022,20,49374
11205,0.000294,172.31.36.0-255,66,7088,20,49374
11206,0.000312,172.253.118.0-255,2902,9990,20,49374
11207,0.000315,172.31.36.0-255,66,10056,20,49374
11208,0.000339,172.31.36.0-255,66,10122,20,49374
11209,0.000355,172.253.118.0-255,1484,11606,20,49374
11210,0.000357,172.31.36.0-255,66,11672,20,49374
11211,0.00036,172.253.118.0-255,1484,13156,20,49374
11212,0.000362,172.31.36.0-255,66,13222,20,49374
11213,0.000381,172.31.36.0-255,66,13288,20,49374
11214,0.00041,172.31.36.0-255,66,13354,20,49374
11215,0.00043,172.31.36.0-255,66,13420,20,49374
11216,0.000442,172.253.118.0-255,1484,14904,20,49374
11217,0.000444,172.31.36.0-255,66,14970,20,49374
11218,0.000448,172.253.118.0-255,2902,17872,20,49374
11219,0.00045,172.31.36.0-255,66,17938,20,49374
11220,0.000476,172.253.118.0-255,3961,21899,20,49374
11221,0.000479,172.31.36.0-255,66,21965,20,49374
11222,0.001009,172.253.118.0-255,1484,23449,20,49374
11223,0.001019,172.253.118.0-255,2902,26351,20,49374
11224,0.001024,172.31.36.0-255,66,26417,20,49374
11225,0.001034,172.31.36.0-255,66,26483,20,49374
11226,0.001038,172.253.118.0-255,2902,29385,20,49374
11227,0.001041,172.31.36.0-255,66,29451,20,49374
11228,0.001064,172.253.118.0-255,3961,33412,20,49374
11229,0.001067,172.31.36.0-255,66,33478,20,49374
11230,0.001205,172.253.118.0-255,1484,34962,20,49374
11231,0.001213,172.253.118.0-255,2902,37864,20,49374
11232,0.001216,172.31.36.0-255,66,37930,20,49374
11233,0.001226,172.31.36.0-255,66,37996,20,49374
11234,0.001248,172.253.118.0-255,1484,39480,20,49374
11235,0.00126,172.31.36.0-255,66,39546,20,49374
11236,0.001268,172.31.36.0-255,66,39612,20,49374
11237,0.001291,172.253.118.0-255,2902,42514,20,49374
11238,0.001293,172.31.36.0-255,66,42580,20,49374
11239,0.001297,172.253.118.0-255,1484,44064,20,49374
11240,0.00132,172.31.36.0-255,66,44130,20,49374
11241,0.002249,172.253.118.0-255,1484,45614,20,49374
11242,0.002257,172.253.118.0-255,2902,48516,20,49374
11243,0.002262,172.31.36.0-255,66,48582,20,49374
11244,0.002273,172.31.36.0-255,66,48648,20,49374
11245,0.002307,172.31.36.0-255,66,48714,20,49374
11246,0.002331,172.31.36.0-255,66,48780,20,49374
11247,0.002372,172.31.36.0-255,66,48846,20,49374
11248,0.002391,172.31.36.0-255,66,48912,20,49374
11249,0.004737,172.31.36.0-255,66,48978,20,49374
11250,0.007088,172.31.36.0-255,66,49044,20,49374
11251,0.009442,172.31.36.0-255,66,49110,20,49374
11252,0.011808,172.31.36.0-255,66,49176,20,49374
11253,0.014183,172.31.36.0-255,66,49242,20,49374
11254,0.016544,172.31.36.0-255,66,49308,20,49374
11255,0.018916,172.31.36.0-255,66,49374,20,49374
11256,0.0,74.125.24.0-255,151,151,20,38726
11257,1.7e-05,172.31.36.0-255,66,217,20,38726
11258,2.4e-05,74.125.24.0-255,1484,1701,20,38726
11259,2.8e-05,172.31.36.0-255,66,1767,20,38726
11260,3.4e-05,74.125.24.0-255,2902,4669,20,38726
11261,3.8e-05,172.31.36.0-255,66,4735,20,38726
11262,4.1e-05,74.125.24.0-255,1484,6219,20,38726
11263,4.3e-05,172.31.36.0-255,66,6285,20,38726
11264,7.5e-05,172.31.36.0-255,66,6351,20,38726
11265,0.000149,74.125.24.0-255,3566,9917,20,38726
11266,0.000153,172.31.36.0-255,66,9983,20,38726
11267,0.000209,172.31.36.0-255,66,10049,20,38726
11268,0.00024,172.31.36.0-255,66,10115,20,38726
11269,0.000381,74.125.24.0-255,2543,12658,20,38726
11270,0.000386,172.31.36.0-255,66,12724,20,38726
11271,0.000427,172.31.36.0-255,66,12790,20,38726
11272,0.00046,172.31.36.0-255,66,12856,20,38726
11273,0.000684,172.31.36.0-255,66,12922,20,38726
11274,0.000704,74.125.24.0-255,2902,15824,20,38726
11275,0.000707,172.31.36.0-255,66,15890,20,38726
11276,0.000792,172.31.36.0-255,66,15956,20,38726
11277,0.000813,172.31.36.0-255,66,16022,20,38726
11278,0.000976,172.31.36.0-255,66,16088,20,38726
11279,0.001188,172.31.36.0-255,66,16154,20,38726
11280,0.001207,74.125.24.0-255,2184,18338,20,38726
11281,0.001218,172.31.36.0-255,66,18404,20,38726
11282,0.001929,74.125.24.0-255,1484,19888,20,38726
11283,0.001941,74.125.24.0-255,2902,22790,20,38726
11284,0.001946,172.31.36.0-255,66,22856,20,38726
11285,0.001963,74.125.24.0-255,2902,25758,20,38726
11286,0.001975,74.125.24.0-255,2902,28660,20,38726
11287,0.002044,74.125.24.0-255,2902,31562,20,38726
11288,0.002355,74.125.24.0-255,766,32328,20,38726
11289,0.002389,74.125.24.0-255,1484,33812,20,38726
11290,0.002496,74.125.24.0-255,2902,36714,20,38726
11291,0.002749,74.125.24.0-255,1484,38198,20,38726
11292,0.002849,172.31.36.0-255,66,38264,20,38726
11293,0.005201,172.31.36.0-255,66,38330,20,38726
11294,0.007531,172.31.36.0-255,66,38396,20,38726
11295,0.00984,172.31.36.0-255,66,38462,20,38726
11296,0.012193,172.31.36.0-255,66,38528,20,38726
11297,0.014508,172.31.36.0-255,66,38594,20,38726
11298,0.016858,172.31.36.0-255,66,38660,20,38726
11299,0.019187,172.31.36.0-255,66,38726,20,38726
11300,0.0,74.125.68.0-255,153,153,20,90582
11301,2.3e-05,172.31.36.0-255,66,219,20,90582
11302,3e-05,74.125.68.0-255,1484,1703,20,90582
11303,3.6e-05,172.31.36.0-255,66,1769,20,90582
11304,4.2e-05,74.125.68.0-255,2902,4671,20,90582
11305,4.5e-05,172.31.36.0-255,66,4737,20,90582
11306,5.5e-05,172.31.36.0-255,66,4803,20,90582
11307,0.000104,172.31.36.0-255,66,4869,20,90582
11308,0.000684,74.125.68.0-255,1484,6353,20,90582
11309,0.000691,172.31.36.0-255,66,6419,20,90582
11310,0.000698,74.125.68.0-255,1484,7903,20,90582
11311,0.000701,172.31.36.0-255,66,7969,20,90582
11312,0.000723,74.125.68.0-255,2902,10871,20,90582
11313,0.000726,172.31.36.0-255,66,10937,20,90582
11314,0.00074,74.125.68.0-255,2902,13839,20,90582
11315,0.000743,172.31.36.0-255,66,13905,20,90582
11316,0.000765,74.125.68.0-255,2902,16807,20,90582
11317,0.000767,172.31.36.0-255,66,16873,20,90582
11318,0.000804,172.31.36.0-255,66,16939,20,90582
11319,0.001039,74.125.68.0-255,1484,18423,20,90582
11320,0.001045,172.31.36.0-255,66,18489,20,90582
11321,0.00105,74.125.68.0-255,1484,19973,20,90582
11322,0.001052,172.31.36.0-255,66,20039,20,90582
11323,0.001058,74.125.68.0-255,2902,22941,20,90582
11324,0.001061,172.31.36.0-255,66,23007,20,90582
11325,0.001065,74.125.68.0-255,2902,25909,20,90582
11326,0.001068,172.31.36.0-255,66,25975,20,90582
11327,0.001092,74.125.68.0-255,2902,28877,20,90582
11328,0.001095,172.31.36.0-255,66,28943,20,90582
11329,0.001104,172.31.36.0-255,66,29009,20,90582
11330,0.001133,74.125.68.0-255,2543,31552,20,90582
11331,0.001136,172.31.36.0-255,66,31618,20,90582
11332,0.001146,172.31.36.0-255,66,31684,20,90582
11333,0.001153,172.31.36.0-255,66,31750,20,90582
11334,0.00117,74.125.68.0-255,3961,35711,20,90582
11335,0.001173,172.31.36.0-255,66,35777,20,90582
11336,0.001217,74.125.68.0-255,647,36424,20,90582
11337,0.001354,74.125.68.0-255,1484,37908,20,90582
11338,0.00136,172.31.36.0-255,66,37974,20,90582
11339,0.001374,74.125.68.0-255,2902,40876,20,90582
11340,0.001377,172.31.36.0-255,66,40942,20,90582
11341,0.001401,74.125.68.0-255,1484,42426,20,90582
11342,0.001423,172.31.36.0-255,66,42492,20,90582
11343,0.001434,74.125.68.0-255,1484,43976,20,90582
11344,0.001458,172.31.36.0-255,66,44042,20,90582
11345,0.001475,172.31.36.0-255,66,44108,20,90582
11346,0.001496,74.125.68.0-255,2902,47010,20,90582
11347,0.001498,172.31.36.0-255,66,47076,20,90582
11348,0.001542,172.31.36.0-255,66,47142,20,90582
11349,0.001567,172.31.36.0-255,66,47208,20,90582
11350,0.001815,74.125.68.0-255,1484,48692,20,90582
11351,0.001827,74.125.68.0-255,1484,50176,20,90582
11352,0.00183,172.31.36.0-255,66,50242,20,90582
11353,0.001844,74.125.68.0-255,1484,51726,20,90582
11354,0.001848,74.125.68.0-255,1484,53210,20,90582
11355,0.00185,172.31.36.0-255,66,53276,20,90582
11356,0.001869,74.125.68.0-255,2902,56178,20,90582
11357,0.001872,172.31.36.0-255,66,56244,20,90582
11358,0.001875,74.125.68.0-255,1484,57728,20,90582
11359,0.001893,172.31.36.0-255,66,57794,20,90582
11360,0.001898,74.125.68.0-255,2902,60696,20,90582
11361,0.001901,172.31.36.0-255,66,60762,20,90582
11362,0.001916,74.125.68.0-255,1484,62246,20,90582
11363,0.001919,74.125.68.0-255,1484,63730,20,90582
11364,0.001922,172.31.36.0-255,66,63796,20,90582
11365,0.001947,172.31.36.0-255,66,63862,20,90582
11366,0.001978,172.31.36.0-255,66,63928,20,90582
11367,0.002175,74.125.68.0-255,1484,65412,20,90582
11368,0.002178,74.125.68.0-255,1484,66896,20,90582
11369,0.00218,172.31.36.0-255,66,66962,20,90582
11370,0.002212,74.125.68.0-255,1484,68446,20,90582
11371,0.002223,172.31.36.0-255,66,68512,20,90582
11372,0.002228,74.125.68.0-255,2902,71414,20,90582
11373,0.00223,172.31.36.0-255,66,71480,20,90582
11374,0.002238,172.31.36.0-255,66,71546,20,90582
11375,0.002243,74.125.68.0-255,2902,74448,20,90582
11376,0.002246,172.31.36.0-255,66,74514,20,90582
11377,0.002267,172.31.36.0-255,66,74580,20,90582
11378,0.002276,172.31.36.0-255,66,74646,20,90582
11379,0.002311,74.125.68.0-255,2184,76830,20,90582
11380,0.002314,172.31.36.0-255,66,76896,20,90582
11381,0.004622,74.125.68.0-255,2902,79798,20,90582
11382,0.004628,172.31.36.0-255,66,79864,20,90582
11383,0.004649,74.125.68.0-255,2902,82766,20,90582
11384,0.004651,172.31.36.0-255,66,82832,20,90582
11385,0.006956,74.125.68.0-255,2902,85734,20,90582
11386,0.006965,172.31.36.0-255,66,85800,20,90582
11387,0.006988,74.125.68.0-255,2902,88702,20,90582
11388,0.006991,172.31.36.0-255,66,88768,20,90582
11389,0.009311,172.31.36.0-255,66,88834,20,90582
11390,0.009325,74.125.68.0-255,1484,90318,20,90582
11391,0.01166,172.31.36.0-255,66,90384,20,90582
11392,0.014005,172.31.36.0-255,66,90450,20,90582
11393,0.016363,172.31.36.0-255,66,90516,20,90582
11394,0.018715,172.31.36.0-255,66,90582,20,90582
11395,0.0,74.125.24.0-255,153,153,20,32867
11396,2.4e-05,172.31.36.0-255,66,219,20,32867
11397,4e-05,74.125.24.0-255,1484,1703,20,32867
11398,5.1e-05,172.31.36.0-255,66,1769,20,32867
11399,5.7e-05,74.125.24.0-255,2902,4671,20,32867
11400,5.9e-05,172.31.36.0-255,66,4737,20,32867
11401,6.8e-05,172.31.36.0-255,66,4803,20,32867
11402,9.7e-05,74.125.24.0-255,2902,7705,20,32867
11403,9.9e-05,172.31.36.0-255,66,7771,20,32867
11404,0.000141,74.125.24.0-255,2018,9789,20,32867
11405,0.000146,172.31.36.0-255,66,9855,20,32867
11406,0.00019,74.125.24.0-255,2902,12757,20,32867
11407,0.000194,172.31.36.0-255,66,12823,20,32867
11408,0.000199,74.125.24.0-255,2902,15725,20,32867
11409,0.000202,172.31.36.0-255,66,15791,20,32867
11410,0.000233,172.31.36.0-255,66,15857,20,32867
11411,0.000268,172.31.36.0-255,66,15923,20,32867
11412,0.00032,172.31.36.0-255,66,15989,20,32867
11413,0.000357,172.31.36.0-255,66,16055,20,32867
11414,0.00047,172.31.36.0-255,66,16121,20,32867
11415,0.000509,74.125.24.0-255,2902,19023,20,32867
11416,0.000513,172.31.36.0-255,66,19089,20,32867
11417,0.000539,74.125.24.0-255,1484,20573,20,32867
11418,0.000542,172.31.36.0-255,66,20639,20,32867
11419,0.000581,172.31.36.0-255,66,20705,20,32867
11420,0.00066,74.125.24.0-255,378,21083,20,32867
11421,0.000698,74.125.24.0-255,1484,22567,20,32867
11422,0.000701,172.31.36.0-255,66,22633,20,32867
11423,0.00071,172.31.36.0-255,66,22699,20,32867
11424,0.000765,172.31.36.0-255,66,22765,20,32867
11425,0.000786,172.31.36.0-255,66,22831,20,32867
11426,0.000872,172.31.36.0-255,66,22897,20,32867
11427,0.000911,172.31.36.0-255,66,22963,20,32867
11428,0.001044,74.125.24.0-255,1484,24447,20,32867
11429,0.001072,74.125.24.0-255,2902,27349,20,32867
11430,0.001074,172.31.36.0-255,66,27415,20,32867
11431,0.001105,172.31.36.0-255,66,27481,20,32867
11432,0.001163,172.31.36.0-255,66,27547,20,32867
11433,0.001288,74.125.24.0-255,2902,30449,20,32867
11434,0.001292,172.31.36.0-255,66,30515,20,32867
11435,0.001359,172.31.36.0-255,66,30581,20,32867
11436,0.001393,172.31.36.0-255,66,30647,20,32867
11437,0.001587,172.31.36.0-255,66,30713,20,32867
11438,0.001618,172.31.36.0-255,66,30779,20,32867
11439,0.001722,74.125.24.0-255,766,31545,20,32867
11440,0.001749,172.31.36.0-255,66,31611,20,32867
11441,0.001753,172.31.36.0-255,66,31677,20,32867
11442,0.001794,172.31.36.0-255,66,31743,20,32867
11443,0.001942,172.31.36.0-255,66,31809,20,32867
11444,0.002007,172.31.36.0-255,66,31875,20,32867
11445,0.00232,172.31.36.0-255,66,31941,20,32867
11446,0.002391,172.31.36.0-255,66,32007,20,32867
11447,0.002837,172.31.36.0-255,66,32073,20,32867
11448,0.002882,172.31.36.0-255,66,32139,20,32867
11449,0.00317,172.31.36.0-255,66,32205,20,32867
11450,0.003336,172.31.36.0-255,66,32271,20,32867
11451,0.005459,172.31.36.0-255,66,32337,20,32867
11452,0.007611,172.31.36.0-255,66,32403,20,32867
11453,0.00966,74.125.24.0-255,227,32630,20,32867
11454,0.014601,172.31.36.0-255,66,32696,20,32867
11455,0.014634,172.31.36.0-255,105,32801,20,32867
11456,0.016712,74.125.24.0-255,66,32867,20,32867
11457,0.0,74.125.24.0-255,296,296,20,120162
11458,2.5e-05,172.31.36.0-255,66,362,20,120162
11459,3.2e-05,74.125.24.0-255,1484,1846,20,120162
11460,3.8e-05,172.31.36.0-255,66,1912,20,120162
11461,6e-05,172.31.36.0-255,66,1978,20,120162
11462,6.9e-05,172.31.36.0-255,66,2044,20,120162
11463,8.8e-05,74.125.24.0-255,3259,5303,20,120162
11464,9.5e-05,172.31.36.0-255,66,5369,20,120162
11465,0.000438,74.125.24.0-255,1484,6853,20,120162
11466,0.000445,172.31.36.0-255,66,6919,20,120162
11467,0.000451,74.125.24.0-255,2902,9821,20,120162
11468,0.000454,172.31.36.0-255,66,9887,20,120162
11469,0.000464,74.125.24.0-255,2902,12789,20,120162
11470,0.000466,172.31.36.0-255,66,12855,20,120162
11471,0.000492,74.125.24.0-255,2902,15757,20,120162
11472,0.000495,172.31.36.0-255,66,15823,20,120162
11473,0.000504,172.31.36.0-255,66,15889,20,120162
11474,0.000541,172.31.36.0-255,66,15955,20,120162
11475,0.000549,172.31.36.0-255,66,16021,20,120162
11476,0.000579,74.125.24.0-255,2902,18923,20,120162
11477,0.000582,172.31.36.0-255,66,18989,20,120162
11478,0.000588,74.125.24.0-255,3961,22950,20,120162
11479,0.00059,172.31.36.0-255,66,23016,20,120162
11480,0.000963,74.125.24.0-255,1484,24500,20,120162
11481,0.000967,172.31.36.0-255,66,24566,20,120162
11482,0.000973,74.125.24.0-255,2902,27468,20,120162
11483,0.000976,172.31.36.0-255,66,27534,20,120162
11484,0.001012,172.31.36.0-255,66,27600,20,120162
11485,0.001021,172.31.36.0-255,66,27666,20,120162
11486,0.001048,74.125.24.0-255,390,28056,20,120162
11487,0.001073,74.125.24.0-255,353,28409,20,120162
11488,0.001201,172.31.36.0-255,66,28475,20,120162
11489,0.00127,74.125.24.0-255,1484,29959,20,120162
11490,0.001283,74.125.24.0-255,2902,32861,20,120162
11491,0.001286,172.31.36.0-255,66,32927,20,120162
11492,0.001321,74.125.24.0-255,2902,35829,20,120162
11493,0.001326,172.31.36.0-255,66,35895,20,120162
11494,0.001329,172.31.36.0-255,66,35961,20,120162
11495,0.001352,172.31.36.0-255,66,36027,20,120162
11496,0.001364,172.31.36.0-255,66,36093,20,120162
11497,0.00147,74.125.24.0-255,1484,37577,20,120162
11498,0.001474,74.125.24.0-255,1484,39061,20,120162
11499,0.001477,172.31.36.0-255,66,39127,20,120162
11500,0.001495,74.125.24.0-255,1484,40611,20,120162
11501,0.001503,172.31.36.0-255,66,40677,20,120162
11502,0.001526,74.125.24.0-255,1484,42161,20,120162
11503,0.001531,74.125.24.0-255,2902,45063,20,120162
11504,0.001533,172.31.36.0-255,66,45129,20,120162
11505,0.001545,172.31.36.0-255,66,45195,20,120162
11506,0.001581,172.31.36.0-255,66,45261,20,120162
11507,0.001611,74.125.24.0-255,3602,48863,20,120162
11508,0.001614,172.31.36.0-255,66,48929,20,120162
11509,0.00183,74.125.24.0-255,1484,50413,20,120162
11510,0.001836,74.125.24.0-255,2902,53315,20,120162
11511,0.001839,172.31.36.0-255,66,53381,20,120162
11512,0.001849,172.31.36.0-255,66,53447,20,120162
11513,0.001854,74.125.24.0-255,2902,56349,20,120162
11514,0.00186,172.31.36.0-255,66,56415,20,120162
11515,0.001891,172.31.36.0-255,66,56481,20,120162
11516,0.001901,172.31.36.0-255,66,56547,20,120162
11517,0.001949,74.125.24.0-255,3602,60149,20,120162
11518,0.001952,172.31.36.0-255,66,60215,20,120162
11519,0.002365,74.125.24.0-255,1484,61699,20,120162
11520,0.00237,74.125.24.0-255,1484,63183,20,120162
11521,0.002373,172.31.36.0-255,66,63249,20,120162
11522,0.002402,74.125.24.0-255,1484,64733,20,120162
11523,0.002411,172.31.36.0-255,66,64799,20,120162
11524,0.002419,172.31.36.0-255,66,64865,20,120162
11525,0.002422,74.125.24.0-255,1484,66349,20,120162
11526,0.002436,172.31.36.0-255,66,66415,20,120162
11527,0.002472,172.31.36.0-255,66,66481,20,120162
11528,0.002506,172.31.36.0-255,66,66547,20,120162
11529,0.002525,172.31.36.0-255,66,66613,20,120162
11530,0.002552,74.125.24.0-255,2902,69515,20,120162
11531,0.002555,172.31.36.0-255,66,69581,20,120162
11532,0.002567,172.31.36.0-255,66,69647,20,120162
11533,0.002593,74.125.24.0-255,2184,71831,20,120162
11534,0.002595,172.31.36.0-255,66,71897,20,120162
11535,0.002599,74.125.24.0-255,2902,74799,20,120162
11536,0.002601,172.31.36.0-255,66,74865,20,120162
11537,0.00265,172.31.36.0-255,66,74931,20,120162
11538,0.002668,74.125.24.0-255,1484,76415,20,120162
11539,0.002688,172.31.36.0-255,66,76481,20,120162
11540,0.002692,74.125.24.0-255,2902,79383,20,120162
11541,0.002695,172.31.36.0-255,66,79449,20,120162
11542,0.002739,172.31.36.0-255,66,79515,20,120162
11543,0.002744,74.125.24.0-255,3602,83117,20,120162
11544,0.002747,172.31.36.0-255,66,83183,20,120162
11545,0.003274,74.125.24.0-255,1484,84667,20,120162
11546,0.003297,74.125.24.0-255,2902,87569,20,120162
11547,0.003302,172.31.36.0-255,66,87635,20,120162
11548,0.003312,172.31.36.0-255,66,87701,20,120162
11549,0.003334,172.31.36.0-255,66,87767,20,120162
11550,0.003356,74.125.24.0-255,2902,90669,20,120162
11551,0.003358,172.31.36.0-255,66,90735,20,120162
11552,0.003363,74.125.24.0-255,2902,93637,20,120162
11553,0.003365,172.31.36.0-255,66,93703,20,120162
11554,0.003379,74.125.24.0-255,2902,96605,20,120162
11555,0.003382,172.31.36.0-255,66,96671,20,120162
11556,0.003418,172.31.36.0-255,66,96737,20,120162
11557,0.003492,74.125.24.0-255,1484,98221,20,120162
11558,0.003526,74.125.24.0-255,2184,100405,20,120162
11559,0.003635,74.125.24.0-255,1484,101889,20,120162
11560,0.003639,74.125.24.0-255,1484,103373,20,120162
11561,0.00365,74.125.24.0-255,1484,104857,20,120162
11562,0.003654,74.125.24.0-255,1484,106341,20,120162
11563,0.00367,74.125.24.0-255,1484,107825,20,120162
11564,0.003673,74.125.24.0-255,1484,109309,20,120162
11565,0.003745,74.125.24.0-255,1484,110793,20,120162
11566,0.003778,74.125.24.0-255,2184,112977,20,120162
11567,0.0038,74.125.24.0-255,2902,115879,20,120162
11568,0.003841,74.125.24.0-255,2902,118781,20,120162
11569,0.003844,74.125.24.0-255,942,119723,20,120162
11570,0.003847,74.125.24.0-255,97,119820,20,120162
11571,0.003934,74.125.24.0-255,105,119925,20,120162
11572,0.007438,172.31.36.0-255,66,119991,20,120162
11573,0.009313,172.31.36.0-255,105,120096,20,120162
11574,0.011619,74.125.24.0-255,66,120162,20,120162
11575,0.0,74.125.24.0-255,153,153,20,53924
11576,3.1e-05,172.31.36.0-255,66,219,20,53924
11577,3.7e-05,74.125.24.0-255,1484,1703,20,53924
11578,4.1e-05,172.31.36.0-255,66,1769,20,53924
11579,5.6e-05,74.125.24.0-255,2902,4671,20,53924
11580,5.8e-05,172.31.36.0-255,66,4737,20,53924
11581,6.8e-05,172.31.36.0-255,66,4803,20,53924
11582,7.1e-05,74.125.24.0-255,2038,6841,20,53924
11583,7.3e-05,172.31.36.0-255,66,6907,20,53924
11584,0.000116,172.31.36.0-255,66,6973,20,53924
11585,0.000124,172.31.36.0-255,66,7039,20,53924
11586,0.000186,74.125.24.0-255,1484,8523,20,53924
11587,0.000189,172.31.36.0-255,66,8589,20,53924
11588,0.00021,74.125.24.0-255,2902,11491,20,53924
11589,0.000212,172.31.36.0-255,66,11557,20,53924
11590,0.00022,172.31.36.0-255,66,11623,20,53924
11591,0.000228,172.31.36.0-255,66,11689,20,53924
11592,0.000247,74.125.24.0-255,2902,14591,20,53924
11593,0.00025,74.125.24.0-255,1484,16075,20,53924
11594,0.000252,172.31.36.0-255,66,16141,20,53924
11595,0.000256,172.31.36.0-255,66,16207,20,53924
11596,0.000282,172.31.36.0-255,66,16273,20,53924
11597,0.000286,74.125.24.0-255,2479,18752,20,53924
11598,0.000289,172.31.36.0-255,66,18818,20,53924
11599,0.000345,74.125.24.0-255,134,18952,20,53924
11600,0.000349,172.31.36.0-255,66,19018,20,53924
11601,0.000697,74.125.24.0-255,1484,20502,20,53924
11602,0.000719,74.125.24.0-255,2902,23404,20,53924
11603,0.000722,172.31.36.0-255,66,23470,20,53924
11604,0.000727,74.125.24.0-255,2902,26372,20,53924
11605,0.00073,172.31.36.0-255,66,26438,20,53924
11606,0.000749,172.31.36.0-255,66,26504,20,53924
11607,0.000765,74.125.24.0-255,1484,27988,20,53924
11608,0.000786,172.31.36.0-255,66,28054,20,53924
11609,0.000811,172.31.36.0-255,66,28120,20,53924
11610,0.00089,172.31.36.0-255,66,28186,20,53924
11611,0.001525,74.125.24.0-255,1484,29670,20,53924
11612,0.001535,74.125.24.0-255,2902,32572,20,53924
11613,0.001539,172.31.36.0-255,66,32638,20,53924
11614,0.001544,74.125.24.0-255,2902,35540,20,53924
11615,0.001547,172.31.36.0-255,66,35606,20,53924
11616,0.00155,74.125.24.0-255,1484,37090,20,53924
11617,0.001582,172.31.36.0-255,66,37156,20,53924
11618,0.001621,172.31.36.0-255,66,37222,20,53924
11619,0.001644,172.31.36.0-255,66,37288,20,53924
11620,0.001649,74.125.24.0-255,3602,40890,20,53924
11621,0.001652,172.31.36.0-255,66,40956,20,53924
11622,0.001799,74.125.24.0-255,1484,42440,20,53924
11623,0.001813,74.125.24.0-255,2902,45342,20,53924
11624,0.001815,172.31.36.0-255,66,45408,20,53924
11625,0.001818,74.125.24.0-255,1484,46892,20,53924
11626,0.00184,74.125.24.0-255,2902,49794,20,53924
11627,0.001884,74.125.24.0-255,1484,51278,20,53924
11628,0.001912,74.125.24.0-255,2184,53462,20,53924
11629,0.005969,172.31.36.0-255,66,53528,20,53924
11630,0.00802,172.31.36.0-255,66,53594,20,53924
11631,0.010091,172.31.36.0-255,66,53660,20,53924
11632,0.012107,172.31.36.0-255,66,53726,20,53924
11633,0.014107,172.31.36.0-255,66,53792,20,53924
11634,0.016144,172.31.36.0-255,66,53858,20,53924
11635,0.018202,172.31.36.0-255,66,53924,20,53924
11636,0.0,172.217.160.0-255,143,143,20,36462
11637,1.3e-05,172.31.36.0-255,66,209,20,36462
11638,4.6e-05,172.217.160.0-255,1484,1693,20,36462
11639,5.1e-05,172.31.36.0-255,66,1759,20,36462
11640,5.4e-05,172.217.160.0-255,1484,3243,20,36462
11641,5.6e-05,172.31.36.0-255,66,3309,20,36462
11642,7.2e-05,172.31.36.0-255,66,3375,20,36462
11643,7.6e-05,172.217.160.0-255,2902,6277,20,36462
11644,8e-05,172.31.36.0-255,66,6343,20,36462
11645,8.5e-05,172.217.160.0-255,3469,9812,20,36462
11646,8.8e-05,172.31.36.0-255,66,9878,20,36462
11647,0.000137,172.31.36.0-255,66,9944,20,36462
11648,0.000141,172.217.160.0-255,2902,12846,20,36462
11649,0.000143,172.31.36.0-255,66,12912,20,36462
11650,0.000181,172.31.36.0-255,66,12978,20,36462
11651,0.000184,172.217.160.0-255,1484,14462,20,36462
11652,0.000186,172.31.36.0-255,66,14528,20,36462
11653,0.000205,172.217.160.0-255,2902,17430,20,36462
11654,0.000208,172.31.36.0-255,66,17496,20,36462
11655,0.00022,172.31.36.0-255,66,17562,20,36462
11656,0.00027,172.31.36.0-255,66,17628,20,36462
11657,0.000286,172.31.36.0-255,66,17694,20,36462
11658,0.001048,172.217.160.0-255,123,17817,20,36462
11659,0.001054,172.31.36.0-255,66,17883,20,36462
11660,0.001166,172.217.160.0-255,1484,19367,20,36462
11661,0.001171,172.31.36.0-255,66,19433,20,36462
11662,0.001178,172.217.160.0-255,2902,22335,20,36462
11663,0.00118,172.31.36.0-255,66,22401,20,36462
11664,0.001183,172.217.160.0-255,1484,23885,20,36462
11665,0.001216,172.31.36.0-255,66,23951,20,36462
11666,0.001225,172.31.36.0-255,66,24017,20,36462
11667,0.00124,172.31.36.0-255,66,24083,20,36462
11668,0.001299,172.31.36.0-255,66,24149,20,36462
11669,0.001325,172.217.160.0-255,1125,25274,20,36462
11670,0.001359,172.217.160.0-255,1484,26758,20,36462
11671,0.001363,172.31.36.0-255,66,26824,20,36462
11672,0.00137,172.217.160.0-255,2902,29726,20,36462
11673,0.001373,172.31.36.0-255,66,29792,20,36462
11674,0.001388,172.31.36.0-255,66,29858,20,36462
11675,0.001455,172.217.160.0-255,1484,31342,20,36462
11676,0.001461,172.217.160.0-255,2902,34244,20,36462
11677,0.001464,172.31.36.0-255,66,34310,20,36462
11678,0.001473,172.31.36.0-255,66,34376,20,36462
11679,0.001491,172.31.36.0-255,66,34442,20,36462
11680,0.001494,172.217.160.0-255,766,35208,20,36462
11681,0.00153,172.31.36.0-255,66,35274,20,36462
11682,0.001539,172.31.36.0-255,66,35340,20,36462
11683,0.00157,172.31.36.0-255,66,35406,20,36462
11684,0.001588,172.31.36.0-255,66,35472,20,36462
11685,0.0016,172.31.36.0-255,66,35538,20,36462
11686,0.00164,172.31.36.0-255,66,35604,20,36462
11687,0.00165,172.31.36.0-255,66,35670,20,36462
11688,0.00169,172.31.36.0-255,66,35736,20,36462
11689,0.001708,172.31.36.0-255,66,35802,20,36462
11690,0.001975,172.31.36.0-255,66,35868,20,36462
11691,0.003902,172.31.36.0-255,66,35934,20,36462
11692,0.005822,172.31.36.0-255,66,36000,20,36462
11693,0.007744,172.31.36.0-255,66,36066,20,36462
11694,0.009676,172.31.36.0-255,66,36132,20,36462
11695,0.011601,172.31.36.0-255,66,36198,20,36462
11696,0.01353,172.31.36.0-255,66,36264,20,36462
11697,0.015457,172.31.36.0-255,66,36330,20,36462
11698,0.017384,172.31.36.0-255,66,36396,20,36462
11699,0.01932,172.31.36.0-255,66,36462,20,36462
11700,0.0,172.217.194.0-255,146,146,20,72978
11701,2.2e-05,172.31.36.0-255,66,212,20,72978
11702,2.9e-05,172.217.194.0-255,1484,1696,20,72978
11703,3.2e-05,172.31.36.0-255,66,1762,20,72978
11704,5.9e-05,172.217.194.0-255,2902,4664,20,72978
11705,6.2e-05,172.31.36.0-255,66,4730,20,72978
11706,7e-05,172.31.36.0-255,66,4796,20,72978
11707,0.000108,172.217.194.0-255,3483,8279,20,72978
11708,0.00011,172.31.36.0-255,66,8345,20,72978
11709,0.00031,172.217.194.0-255,1484,9829,20,72978
11710,0.000316,172.31.36.0-255,66,9895,20,72978
11711,0.000321,172.217.194.0-255,2902,12797,20,72978
11712,0.000323,172.31.36.0-255,66,12863,20,72978
11713,0.000338,172.31.36.0-255,66,12929,20,72978
11714,0.000353,172.217.194.0-255,1484,14413,20,72978
11715,0.000355,172.31.36.0-255,66,14479,20,72978
11716,0.000364,172.31.36.0-255,66,14545,20,72978
11717,0.000407,172.31.36.0-255,66,14611,20,72978
11718,0.000438,172.31.36.0-255,66,14677,20,72978
11719,0.000449,172.31.36.0-255,66,14743,20,72978
11720,0.000469,172.217.194.0-255,2902,17645,20,72978
11721,0.000471,172.31.36.0-255,66,17711,20,72978
11722,0.000497,172.31.36.0-255,66,17777,20,72978
11723,0.000519,172.217.194.0-255,2184,19961,20,72978
11724,0.000522,172.31.36.0-255,66,20027,20,72978
11725,0.000524,172.217.194.0-255,379,20406,20,72978
11726,0.000527,172.31.36.0-255,66,20472,20,72978
11727,0.000568,172.217.194.0-255,1484,21956,20,72978
11728,0.000572,172.31.36.0-255,66,22022,20,72978
11729,0.000593,172.217.194.0-255,2902,24924,20,72978
11730,0.000596,172.31.36.0-255,66,24990,20,72978
11731,0.000604,172.31.36.0-255,66,25056,20,72978
11732,0.000611,172.31.36.0-255,66,25122,20,72978
11733,0.00066,172.31.36.0-255,66,25188,20,72978
11734,0.000683,172.31.36.0-255,66,25254,20,72978
11735,0.000692,172.31.36.0-255,66,25320,20,72978
11736,0.000695,172.217.194.0-255,364,25684,20,72978
11737,0.000696,172.31.36.0-255,66,25750,20,72978
11738,0.001097,172.217.194.0-255,1484,27234,20,72978
11739,0.001102,172.31.36.0-255,66,27300,20,72978
11740,0.001106,172.217.194.0-255,2902,30202,20,72978
11741,0.001108,172.31.36.0-255,66,30268,20,72978
11742,0.001111,172.217.194.0-255,1484,31752,20,72978
11743,0.001112,172.31.36.0-255,66,31818,20,72978
11744,0.001126,172.217.194.0-255,2902,34720,20,72978
11745,0.001128,172.31.36.0-255,66,34786,20,72978
11746,0.001145,172.217.194.0-255,2902,37688,20,72978
11747,0.001147,172.31.36.0-255,66,37754,20,72978
11748,0.001171,172.31.36.0-255,66,37820,20,72978
11749,0.00118,172.31.36.0-255,66,37886,20,72978
11750,0.001233,172.31.36.0-255,66,37952,20,72978
11751,0.00161,172.217.194.0-255,1484,39436,20,72978
11752,0.001614,172.31.36.0-255,66,39502,20,72978
11753,0.001618,172.217.194.0-255,2902,42404,20,72978
11754,0.00162,172.31.36.0-255,66,42470,20,72978
11755,0.001631,172.217.194.0-255,1484,43954,20,72978
11756,0.001633,172.31.36.0-255,66,44020,20,72978
11757,0.001656,172.31.36.0-255,66,44086,20,72978
11758,0.001659,172.217.194.0-255,2902,46988,20,72978
11759,0.001661,172.31.36.0-255,66,47054,20,72978
11760,0.001676,172.31.36.0-255,66,47120,20,72978
11761,0.001705,172.31.36.0-255,66,47186,20,72978
11762,0.001715,172.31.36.0-255,66,47252,20,72978
11763,0.001718,172.217.194.0-255,766,48018,20,72978
11764,0.00172,172.31.36.0-255,66,48084,20,72978
11765,0.001733,172.217.194.0-255,1484,49568,20,72978
11766,0.001736,172.31.36.0-255,66,49634,20,72978
11767,0.001753,172.31.36.0-255,66,49700,20,72978
11768,0.001791,172.31.36.0-255,66,49766,20,72978
11769,0.0018,172.31.36.0-255,66,49832,20,72978
11770,0.001836,172.31.36.0-255,66,49898,20,72978
11771,0.00186,172.31.36.0-255,66,49964,20,72978
11772,0.002127,172.217.194.0-255,1484,51448,20,72978
11773,0.002132,172.31.36.0-255,66,51514,20,72978
11774,0.002137,172.217.194.0-255,2902,54416,20,72978
11775,0.002139,172.31.36.0-255,66,54482,20,72978
11776,0.00216,172.31.36.0-255,66,54548,20,72978
11777,0.002184,172.31.36.0-255,66,54614,20,72978
11778,0.002199,172.31.36.0-255,66,54680,20,72978
11779,0.002221,172.217.194.0-255,1484,56164,20,72978
11780,0.002224,172.31.36.0-255,66,56230,20,72978
11781,0.002242,172.217.194.0-255,1484,57714,20,72978
11782,0.002244,172.31.36.0-255,66,57780,20,72978
11783,0.002275,172.31.36.0-255,66,57846,20,72978
11784,0.002489,172.217.194.0-255,1484,59330,20,72978
11785,0.002494,172.31.36.0-255,66,59396,20,72978
11786,0.002501,172.217.194.0-255,2902,62298,20,72978
11787,0.002502,172.31.36.0-255,66,62364,20,72978
11788,0.002511,172.31.36.0-255,66,62430,20,72978
11789,0.002546,172.31.36.0-255,66,62496,20,72978
11790,0.002564,172.217.194.0-255,2902,65398,20,72978
11791,0.002566,172.31.36.0-255,66,65464,20,72978
11792,0.002577,172.31.36.0-255,66,65530,20,72978
11793,0.002638,172.31.36.0-255,66,65596,20,72978
11794,0.002641,172.217.194.0-255,1484,67080,20,72978
11795,0.002643,172.31.36.0-255,66,67146,20,72978
11796,0.002655,172.31.36.0-255,66,67212,20,72978
11797,0.002665,172.31.36.0-255,66,67278,20,72978
11798,0.002695,172.217.194.0-255,2902,70180,20,72978
11799,0.002697,172.31.36.0-255,66,70246,20,72978
11800,0.002727,172.31.36.0-255,66,70312,20,72978
11801,0.002775,172.31.36.0-255,66,70378,20,72978
11802,0.002804,172.31.36.0-255,66,70444,20,72978
11803,0.002837,172.31.36.0-255,66,70510,20,72978
11804,0.002847,172.31.36.0-255,66,70576,20,72978
11805,0.002865,172.217.194.0-255,1484,72060,20,72978
11806,0.002868,172.31.36.0-255,66,72126,20,72978
11807,0.002909,172.31.36.0-255,66,72192,20,72978
11808,0.002916,172.31.36.0-255,66,72258,20,72978
11809,0.002939,172.217.194.0-255,312,72570,20,72978
11810,0.002942,172.31.36.0-255,66,72636,20,72978
11811,0.002945,172.217.194.0-255,105,72741,20,72978
11812,0.004628,172.31.36.0-255,66,72807,20,72978
11813,0.004664,172.31.36.0-255,105,72912,20,72978
11814,0.007222,172.217.194.0-255,66,72978,20,72978
11815,0.0,74.125.24.0-255,143,143,20,50334
11816,2.5e-05,172.31.36.0-255,66,209,20,50334
11817,3.2e-05,74.125.24.0-255,1484,1693,20,50334
11818,3.5e-05,172.31.36.0-255,66,1759,20,50334
11819,4.9e-05,74.125.24.0-255,2902,4661,20,50334
11820,5.2e-05,172.31.36.0-255,66,4727,20,50334
11821,6.3e-05,172.31.36.0-255,66,4793,20,50334
11822,9.9e-05,74.125.24.0-255,2073,6866,20,50334
11823,0.000102,172.31.36.0-255,66,6932,20,50334
11824,0.000107,74.125.24.0-255,2902,9834,20,50334
11825,0.00011,172.31.36.0-255,66,9900,20,50334
11826,0.000117,172.31.36.0-255,66,9966,20,50334
11827,0.000152,74.125.24.0-255,2902,12868,20,50334
11828,0.000155,172.31.36.0-255,66,12934,20,50334
11829,0.000166,172.31.36.0-255,66,13000,20,50334
11830,0.000198,172.31.36.0-255,66,13066,20,50334
11831,0.00022,172.31.36.0-255,66,13132,20,50334
11832,0.000342,74.125.24.0-255,1484,14616,20,50334
11833,0.000346,172.31.36.0-255,66,14682,20,50334
11834,0.000351,74.125.24.0-255,1484,16166,20,50334
11835,0.000353,172.31.36.0-255,66,16232,20,50334
11836,0.000383,74.125.24.0-255,1484,17716,20,50334
11837,0.000387,172.31.36.0-255,66,17782,20,50334
11838,0.000397,172.31.36.0-255,66,17848,20,50334
11839,0.000433,172.31.36.0-255,66,17914,20,50334
11840,0.002047,74.125.24.0-255,1484,19398,20,50334
11841,0.002064,74.125.24.0-255,2902,22300,20,50334
11842,0.002068,172.31.36.0-255,66,22366,20,50334
11843,0.002078,172.31.36.0-255,66,22432,20,50334
11844,0.002108,172.31.36.0-255,66,22498,20,50334
11845,0.002131,74.125.24.0-255,1484,23982,20,50334
11846,0.002144,172.31.36.0-255,66,24048,20,50334
11847,0.002148,74.125.24.0-255,2184,26232,20,50334
11848,0.002151,172.31.36.0-255,66,26298,20,50334
11849,0.002981,74.125.24.0-255,1484,27782,20,50334
11850,0.002993,74.125.24.0-255,2902,30684,20,50334
11851,0.002995,172.31.36.0-255,66,30750,20,50334
11852,0.003029,172.31.36.0-255,66,30816,20,50334
11853,0.003072,172.31.36.0-255,66,30882,20,50334
11854,0.003098,172.31.36.0-255,66,30948,20,50334
11855,0.003108,172.31.36.0-255,66,31014,20,50334
11856,0.003151,172.31.36.0-255,66,31080,20,50334
11857,0.00316,172.31.36.0-255,66,31146,20,50334
11858,0.003163,74.125.24.0-255,1484,32630,20,50334
11859,0.003198,172.31.36.0-255,66,32696,20,50334
11860,0.003219,172.31.36.0-255,66,32762,20,50334
11861,0.003239,172.31.36.0-255,66,32828,20,50334
11862,0.003272,172.31.36.0-255,66,32894,20,50334
11863,0.003299,74.125.24.0-255,2902,35796,20,50334
11864,0.003301,172.31.36.0-255,66,35862,20,50334
11865,0.00331,172.31.36.0-255,66,35928,20,50334
11866,0.003313,74.125.24.0-255,1484,37412,20,50334
11867,0.003371,172.31.36.0-255,66,37478,20,50334
11868,0.00339,172.31.36.0-255,66,37544,20,50334
11869,0.003418,172.31.36.0-255,66,37610,20,50334
11870,0.003457,172.31.36.0-255,66,37676,20,50334
11871,0.003511,172.31.36.0-255,66,37742,20,50334
11872,0.003549,74.125.24.0-255,1484,39226,20,50334
11873,0.003555,74.125.24.0-255,3602,42828,20,50334
11874,0.003558,172.31.36.0-255,66,42894,20,50334
11875,0.003585,172.31.36.0-255,66,42960,20,50334
11876,0.003603,172.31.36.0-255,66,43026,20,50334
11877,0.003644,172.31.36.0-255,66,43092,20,50334
11878,0.003648,74.125.24.0-255,2184,45276,20,50334
11879,0.00365,172.31.36.0-255,66,45342,20,50334
11880,0.003655,74.125.24.0-255,2902,48244,20,50334
11881,0.003658,172.31.36.0-255,66,48310,20,50334
11882,0.003668,172.31.36.0-255,66,48376,20,50334
11883,0.003681,172.31.36.0-255,66,48442,20,50334
11884,0.003706,74.125.24.0-255,1484,49926,20,50334
11885,0.003717,172.31.36.0-255,66,49992,20,50334
11886,0.003762,74.125.24.0-255,105,50097,20,50334
11887,0.009284,172.31.36.0-255,66,50163,20,50334
11888,0.009313,172.31.36.0-255,105,50268,20,50334
11889,0.011617,74.125.24.0-255,66,50334,20,50334
11890,0.0,74.125.24.0-255,147,147,20,23297
11891,1.9e-05,172.31.36.0-255,66,213,20,23297
11892,2.6e-05,74.125.24.0-255,1484,1697,20,23297
11893,3e-05,172.31.36.0-255,66,1763,20,23297
11894,3.5e-05,74.125.24.0-255,2902,4665,20,23297
11895,4.8e-05,172.31.36.0-255,66,4731,20,23297
11896,6e-05,172.31.36.0-255,66,4797,20,23297
11897,6.3e-05,74.125.24.0-255,1484,6281,20,23297
11898,6.6e-05,172.31.36.0-255,66,6347,20,23297
11899,7e-05,74.125.24.0-255,670,7017,20,23297
11900,7.2e-05,172.31.36.0-255,66,7083,20,23297
11901,0.000331,74.125.24.0-255,1484,8567,20,23297
11902,0.000336,172.31.36.0-255,66,8633,20,23297
11903,0.000343,74.125.24.0-255,2902,11535,20,23297
11904,0.000345,172.31.36.0-255,66,11601,20,23297
11905,0.00036,172.31.36.0-255,66,11667,20,23297
11906,0.00039,74.125.24.0-255,1484,13151,20,23297
11907,0.000392,172.31.36.0-255,66,13217,20,23297
11908,0.000413,172.31.36.0-255,66,13283,20,23297
11909,0.000425,172.31.36.0-255,66,13349,20,23297
11910,0.000455,172.31.36.0-255,66,13415,20,23297
11911,0.000484,172.31.36.0-255,66,13481,20,23297
11912,0.00134,74.125.24.0-255,376,13857,20,23297
11913,0.001347,172.31.36.0-255,66,13923,20,23297
11914,0.00138,74.125.24.0-255,1484,15407,20,23297
11915,0.001383,172.31.36.0-255,66,15473,20,23297
11916,0.00141,74.125.24.0-255,2902,18375,20,23297
11917,0.001413,172.31.36.0-255,66,18441,20,23297
11918,0.001422,172.31.36.0-255,66,18507,20,23297
11919,0.001454,172.31.36.0-255,66,18573,20,23297
11920,0.001488,172.31.36.0-255,66,18639,20,23297
11921,0.001509,172.31.36.0-255,66,18705,20,23297
11922,0.001543,172.31.36.0-255,66,18771,20,23297
11923,0.001556,172.31.36.0-255,66,18837,20,23297
11924,0.001574,172.31.36.0-255,66,18903,20,23297
11925,0.001622,172.31.36.0-255,66,18969,20,23297
11926,0.001653,74.125.24.0-255,2184,21153,20,23297
11927,0.001656,172.31.36.0-255,66,21219,20,23297
11928,0.001677,172.31.36.0-255,66,21285,20,23297
11929,0.003904,172.31.36.0-255,66,21351,20,23297
11930,0.003932,74.125.24.0-255,1484,22835,20,23297
11931,0.006137,172.31.36.0-255,66,22901,20,23297
11932,0.008384,172.31.36.0-255,66,22967,20,23297
11933,0.01065,172.31.36.0-255,66,23033,20,23297
11934,0.012915,172.31.36.0-255,66,23099,20,23297
11935,0.015194,172.31.36.0-255,66,23165,20,23297
11936,0.017466,172.31.36.0-255,66,23231,20,23297
11937,0.019696,172.31.36.0-255,66,23297,20,23297
11938,0.0,74.125.68.0-255,153,153,20,71939
11939,2.6e-05,172.31.36.0-255,66,219,20,71939
11940,3.3e-05,74.125.68.0-255,1484,1703,20,71939
11941,3.7e-05,172.31.36.0-255,66,1769,20,71939
11942,4.2e-05,74.125.68.0-255,2902,4671,20,71939
11943,4.5e-05,172.31.36.0-255,66,4737,20,71939
11944,4.8e-05,74.125.68.0-255,1484,6221,20,71939
11945,5.1e-05,172.31.36.0-255,66,6287,20,71939
11946,9.4e-05,172.31.36.0-255,66,6353,20,71939
11947,9.9e-05,74.125.68.0-255,3472,9825,20,71939
11948,0.000101,172.31.36.0-255,66,9891,20,71939
11949,0.000109,172.31.36.0-255,66,9957,20,71939
11950,0.000152,172.31.36.0-255,66,10023,20,71939
11951,0.000178,74.125.68.0-255,2543,12566,20,71939
11952,0.000181,172.31.36.0-255,66,12632,20,71939
11953,0.000265,74.125.68.0-255,1484,14116,20,71939
11954,0.000268,172.31.36.0-255,66,14182,20,71939
11955,0.000285,74.125.68.0-255,2902,17084,20,71939
11956,0.000288,172.31.36.0-255,66,17150,20,71939
11957,0.00032,172.31.36.0-255,66,17216,20,71939
11958,0.000329,172.31.36.0-255,66,17282,20,71939
11959,0.000345,74.125.68.0-255,3961,21243,20,71939
11960,0.000348,172.31.36.0-255,66,21309,20,71939
11961,0.000353,74.125.68.0-255,2902,24211,20,71939
11962,0.000355,172.31.36.0-255,66,24277,20,71939
11963,0.000394,74.125.68.0-255,2902,27179,20,71939
11964,0.000397,172.31.36.0-255,66,27245,20,71939
11965,0.000432,172.31.36.0-255,66,27311,20,71939
11966,0.000435,74.125.68.0-255,396,27707,20,71939
11967,0.000473,74.125.68.0-255,348,28055,20,71939
11968,0.000637,74.125.68.0-255,1484,29539,20,71939
11969,0.000641,172.31.36.0-255,66,29605,20,71939
11970,0.000654,74.125.68.0-255,2902,32507,20,71939
11971,0.000657,172.31.36.0-255,66,32573,20,71939
11972,0.000667,172.31.36.0-255,66,32639,20,71939
11973,0.000688,74.125.68.0-255,1484,34123,20,71939
11974,0.000697,172.31.36.0-255,66,34189,20,71939
11975,0.000706,74.125.68.0-255,1484,35673,20,71939
11976,0.000726,172.31.36.0-255,66,35739,20,71939
11977,0.000746,74.125.68.0-255,2902,38641,20,71939
11978,0.000749,172.31.36.0-255,66,38707,20,71939
11979,0.000756,172.31.36.0-255,66,38773,20,71939
11980,0.000774,74.125.68.0-255,3602,42375,20,71939
11981,0.000776,172.31.36.0-255,66,42441,20,71939
11982,0.001423,74.125.68.0-255,1484,43925,20,71939
11983,0.001433,74.125.68.0-255,2902,46827,20,71939
11984,0.001438,172.31.36.0-255,66,46893,20,71939
11985,0.001449,172.31.36.0-255,66,46959,20,71939
11986,0.001452,74.125.68.0-255,1484,48443,20,71939
11987,0.001484,172.31.36.0-255,66,48509,20,71939
11988,0.00151,172.31.36.0-255,66,48575,20,71939
11989,0.001525,74.125.68.0-255,1484,50059,20,71939
11990,0.001542,172.31.36.0-255,66,50125,20,71939
11991,0.001546,74.125.68.0-255,1484,51609,20,71939
11992,0.001562,74.125.68.0-255,2184,53793,20,71939
11993,0.001564,172.31.36.0-255,66,53859,20,71939
11994,0.001695,74.125.68.0-255,1484,55343,20,71939
11995,0.001713,74.125.68.0-255,2902,58245,20,71939
11996,0.001717,172.31.36.0-255,66,58311,20,71939
11997,0.001746,172.31.36.0-255,66,58377,20,71939
11998,0.00175,74.125.68.0-255,1484,59861,20,71939
11999,0.001771,172.31.36.0-255,66,59927,20,71939
12000,0.001831,172.31.36.0-255,66,59993,20,71939
12001,0.00184,172.31.36.0-255,66,60059,20,71939
12002,0.001881,74.125.68.0-255,1484,61543,20,71939
12003,0.001902,74.125.68.0-255,2902,64445,20,71939
12004,0.001906,172.31.36.0-255,66,64511,20,71939
12005,0.00193,172.31.36.0-255,66,64577,20,71939
12006,0.001956,172.31.36.0-255,66,64643,20,71939
12007,0.001963,172.31.36.0-255,66,64709,20,71939
12008,0.001984,74.125.68.0-255,1484,66193,20,71939
12009,0.001993,172.31.36.0-255,66,66259,20,71939
12010,0.002017,74.125.68.0-255,3602,69861,20,71939
12011,0.002019,172.31.36.0-255,66,69927,20,71939
12012,0.003987,74.125.68.0-255,1484,71411,20,71939
12013,0.004012,172.31.36.0-255,66,71477,20,71939
12014,0.006008,172.31.36.0-255,66,71543,20,71939
12015,0.008008,172.31.36.0-255,66,71609,20,71939
12016,0.010008,172.31.36.0-255,66,71675,20,71939
12017,0.012039,172.31.36.0-255,66,71741,20,71939
12018,0.01404,172.31.36.0-255,66,71807,20,71939
12019,0.01604,172.31.36.0-255,66,71873,20,71939
12020,0.018051,172.31.36.0-255,66,71939,20,71939
12021,0.0,74.125.24.0-255,153,153,20,60421
12022,1.8e-05,172.31.36.0-255,66,219,20,60421
12023,2.5e-05,74.125.24.0-255,1484,1703,20,60421
12024,3e-05,172.31.36.0-255,66,1769,20,60421
12025,3.4e-05,74.125.24.0-255,1484,3253,20,60421
12026,3.7e-05,172.31.36.0-255,66,3319,20,60421
12027,5.6e-05,74.125.24.0-255,1484,4803,20,60421
12028,6e-05,172.31.36.0-255,66,4869,20,60421
12029,6.9e-05,172.31.36.0-255,66,4935,20,60421
12030,9.4e-05,74.125.24.0-255,2902,7837,20,60421
12031,9.7e-05,172.31.36.0-255,66,7903,20,60421
12032,0.000102,74.125.24.0-255,2104,10007,20,60421
12033,0.000105,172.31.36.0-255,66,10073,20,60421
12034,0.00014,172.31.36.0-255,66,10139,20,60421
12035,0.000155,74.125.24.0-255,1484,11623,20,60421
12036,0.000157,172.31.36.0-255,66,11689,20,60421
12037,0.000166,172.31.36.0-255,66,11755,20,60421
12038,0.000223,74.125.24.0-255,1484,13239,20,60421
12039,0.000226,172.31.36.0-255,66,13305,20,60421
12040,0.000247,74.125.24.0-255,2902,16207,20,60421
12041,0.000249,172.31.36.0-255,66,16273,20,60421
12042,0.000258,172.31.36.0-255,66,16339,20,60421
12043,0.000281,172.31.36.0-255,66,16405,20,60421
12044,0.000316,172.31.36.0-255,66,16471,20,60421
12045,0.000327,172.31.36.0-255,66,16537,20,60421
12046,0.000347,74.125.24.0-255,382,16919,20,60421
12047,0.000466,74.125.24.0-255,1484,18403,20,60421
12048,0.00047,172.31.36.0-255,66,18469,20,60421
12049,0.000475,74.125.24.0-255,2902,21371,20,60421
12050,0.000478,172.31.36.0-255,66,21437,20,60421
12051,0.000486,172.31.36.0-255,66,21503,20,60421
12052,0.000516,74.125.24.0-255,1484,22987,20,60421
12053,0.000525,172.31.36.0-255,66,23053,20,60421
12054,0.000537,172.31.36.0-255,66,23119,20,60421
12055,0.000563,172.31.36.0-255,66,23185,20,60421
12056,0.000567,74.125.24.0-255,2543,25728,20,60421
12057,0.000569,172.31.36.0-255,66,25794,20,60421
12058,0.000736,74.125.24.0-255,1484,27278,20,60421
12059,0.000756,74.125.24.0-255,2902,30180,20,60421
12060,0.00076,172.31.36.0-255,66,30246,20,60421
12061,0.00077,172.31.36.0-255,66,30312,20,60421
12062,0.00082,172.31.36.0-255,66,30378,20,60421
12063,0.000828,172.31.36.0-255,66,30444,20,60421
12064,0.000847,172.31.36.0-255,66,30510,20,60421
12065,0.000849,74.125.24.0-255,766,31276,20,60421
12066,0.00095,74.125.24.0-255,1484,32760,20,60421
12067,0.000955,172.31.36.0-255,66,32826,20,60421
12068,0.000959,74.125.24.0-255,1484,34310,20,60421
12069,0.000974,74.125.24.0-255,1484,35794,20,60421
12070,0.000976,172.31.36.0-255,66,35860,20,60421
12071,0.001008,172.31.36.0-255,66,35926,20,60421
12072,0.001039,172.31.36.0-255,66,35992,20,60421
12073,0.00107,172.31.36.0-255,66,36058,20,60421
12074,0.001127,172.31.36.0-255,66,36124,20,60421
12075,0.001135,172.31.36.0-255,66,36190,20,60421
12076,0.001153,172.31.36.0-255,66,36256,20,60421
12077,0.0013,172.31.36.0-255,66,36322,20,60421
12078,0.001335,74.125.24.0-255,1484,37806,20,60421
12079,0.001348,74.125.24.0-255,1484,39290,20,60421
12080,0.001353,172.31.36.0-255,66,39356,20,60421
12081,0.001362,74.125.24.0-255,1484,40840,20,60421
12082,0.001367,74.125.24.0-255,2902,43742,20,60421
12083,0.001446,172.31.36.0-255,66,43808,20,60421
12084,0.001466,74.125.24.0-255,3602,47410,20,60421
12085,0.001487,172.31.36.0-255,66,47476,20,60421
12086,0.001556,74.125.24.0-255,1484,48960,20,60421
12087,0.001575,74.125.24.0-255,2902,51862,20,60421
12088,0.001581,172.31.36.0-255,66,51928,20,60421
12089,0.001651,172.31.36.0-255,66,51994,20,60421
12090,0.001657,172.31.36.0-255,66,52060,20,60421
12091,0.001665,74.125.24.0-255,1484,53544,20,60421
12092,0.001703,172.31.36.0-255,66,53610,20,60421
12093,0.001748,172.31.36.0-255,66,53676,20,60421
12094,0.001787,74.125.24.0-255,1484,55160,20,60421
12095,0.001803,74.125.24.0-255,2902,58062,20,60421
12096,0.001814,172.31.36.0-255,66,58128,20,60421
12097,0.001834,74.125.24.0-255,1484,59612,20,60421
12098,0.00184,172.31.36.0-255,66,59678,20,60421
12099,0.001953,172.31.36.0-255,66,59744,20,60421
12100,0.001976,172.31.36.0-255,66,59810,20,60421
12101,0.002047,172.31.36.0-255,66,59876,20,60421
12102,0.003213,172.31.36.0-255,101,59977,20,60421
12103,0.004004,74.125.24.0-255,207,60184,20,60421
12104,0.004792,172.31.36.0-255,105,60289,20,60421
12105,0.005174,74.125.24.0-255,66,60355,20,60421
12106,0.006755,74.125.24.0-255,66,60421,20,60421
12107,0.0,74.125.24.0-255,152,152,20,67393
12108,2.2e-05,172.31.36.0-255,66,218,20,67393
12109,2.9e-05,74.125.24.0-255,1484,1702,20,67393
12110,3.4e-05,172.31.36.0-255,66,1768,20,67393
12111,3.9e-05,74.125.24.0-255,2902,4670,20,67393
12112,4.2e-05,172.31.36.0-255,66,4736,20,67393
12113,5.3e-05,172.31.36.0-255,66,4802,20,67393
12114,5.6e-05,74.125.24.0-255,1484,6286,20,67393
12115,5.8e-05,172.31.36.0-255,66,6352,20,67393
12116,8.7e-05,172.31.36.0-255,66,6418,20,67393
12117,0.000109,172.31.36.0-255,66,6484,20,67393
12118,0.000137,172.31.36.0-255,66,6550,20,67393
12119,0.000143,74.125.24.0-255,2543,9093,20,67393
12120,0.000145,172.31.36.0-255,66,9159,20,67393
12121,0.000193,74.125.24.0-255,1484,10643,20,67393
12122,0.000196,172.31.36.0-255,66,10709,20,67393
12123,0.000201,74.125.24.0-255,2902,13611,20,67393
12124,0.000203,172.31.36.0-255,66,13677,20,67393
12125,0.000223,172.31.36.0-255,66,13743,20,67393
12126,0.000228,74.125.24.0-255,2902,16645,20,67393
12127,0.00023,172.31.36.0-255,66,16711,20,67393
12128,0.000255,74.125.24.0-255,3961,20672,20,67393
12129,0.000258,172.31.36.0-255,66,20738,20,67393
12130,0.000288,172.31.36.0-255,66,20804,20,67393
12131,0.000313,172.31.36.0-255,66,20870,20,67393
12132,0.000318,74.125.24.0-255,2819,23689,20,67393
12133,0.000319,172.31.36.0-255,66,23755,20,67393
12134,0.000322,74.125.24.0-255,130,23885,20,67393
12135,0.000557,74.125.24.0-255,347,24232,20,67393
12136,0.000661,172.31.36.0-255,101,24333,20,67393
12137,0.001096,74.125.24.0-255,1484,25817,20,67393
12138,0.001103,74.125.24.0-255,2902,28719,20,67393
12139,0.001107,172.31.36.0-255,66,28785,20,67393
12140,0.001115,172.31.36.0-255,66,28851,20,67393
12141,0.001138,172.31.36.0-255,66,28917,20,67393
12142,0.001174,172.31.36.0-255,66,28983,20,67393
12143,0.001184,172.31.36.0-255,66,29049,20,67393
12144,0.001195,74.125.24.0-255,1484,30533,20,67393
12145,0.00121,74.125.24.0-255,2184,32717,20,67393
12146,0.001212,172.31.36.0-255,66,32783,20,67393
12147,0.001334,74.125.24.0-255,1484,34267,20,67393
12148,0.00134,74.125.24.0-255,2902,37169,20,67393
12149,0.001343,172.31.36.0-255,66,37235,20,67393
12150,0.001352,172.31.36.0-255,66,37301,20,67393
12151,0.00136,172.31.36.0-255,66,37367,20,67393
12152,0.001388,172.31.36.0-255,66,37433,20,67393
12153,0.001411,172.31.36.0-255,66,37499,20,67393
12154,0.001442,172.31.36.0-255,66,37565,20,67393
12155,0.001537,74.125.24.0-255,1484,39049,20,67393
12156,0.00155,74.125.24.0-255,2902,41951,20,67393
12157,0.001553,172.31.36.0-255,66,42017,20,67393
12158,0.001576,172.31.36.0-255,66,42083,20,67393
12159,0.001617,172.31.36.0-255,66,42149,20,67393
12160,0.001627,172.31.36.0-255,66,42215,20,67393
12161,0.00167,74.125.24.0-255,2902,45117,20,67393
12162,0.001675,172.31.36.0-255,66,45183,20,67393
12163,0.001692,74.125.24.0-255,3602,48785,20,67393
12164,0.001695,172.31.36.0-255,66,48851,20,67393
12165,0.001703,172.31.36.0-255,66,48917,20,67393
12166,0.001722,74.125.24.0-255,2902,51819,20,67393
12167,0.001726,172.31.36.0-255,66,51885,20,67393
12168,0.001734,172.31.36.0-255,66,51951,20,67393
12169,0.001742,172.31.36.0-255,66,52017,20,67393
12170,0.00178,172.31.36.0-255,66,52083,20,67393
12171,0.00179,172.31.36.0-255,66,52149,20,67393
12172,0.001852,74.125.24.0-255,1484,53633,20,67393
12173,0.001856,74.125.24.0-255,1484,55117,20,67393
12174,0.001859,172.31.36.0-255,66,55183,20,67393
12175,0.001876,74.125.24.0-255,1484,56667,20,67393
12176,0.001887,172.31.36.0-255,66,56733,20,67393
12177,0.001906,74.125.24.0-255,2902,59635,20,67393
12178,0.001908,172.31.36.0-255,66,59701,20,67393
12179,0.001943,172.31.36.0-255,66,59767,20,67393
12180,0.001955,172.31.36.0-255,66,59833,20,67393
12181,0.001973,74.125.24.0-255,766,60599,20,67393
12182,0.00214,74.125.24.0-255,1484,62083,20,67393
12183,0.002145,172.31.36.0-255,66,62149,20,67393
12184,0.00215,74.125.24.0-255,2902,65051,20,67393
12185,0.002153,172.31.36.0-255,66,65117,20,67393
12186,0.002156,74.125.24.0-255,1484,66601,20,67393
12187,0.002181,172.31.36.0-255,66,66667,20,67393
12188,0.002196,172.31.36.0-255,66,66733,20,67393
12189,0.002226,172.31.36.0-255,66,66799,20,67393
12190,0.00224,172.31.36.0-255,66,66865,20,67393
12191,0.002882,74.125.24.0-255,66,66931,20,67393
12192,0.004542,172.31.36.0-255,66,66997,20,67393
12193,0.006864,172.31.36.0-255,66,67063,20,67393
12194,0.009183,172.31.36.0-255,66,67129,20,67393
12195,0.011478,172.31.36.0-255,66,67195,20,67393
12196,0.013818,172.31.36.0-255,66,67261,20,67393
12197,0.016089,172.31.36.0-255,66,67327,20,67393
12198,0.018354,172.31.36.0-255,66,67393,20,67393
12199,0.0,74.125.24.0-255,146,146,20,55805
12200,3.4e-05,172.31.36.0-255,66,212,20,55805
12201,4.1e-05,74.125.24.0-255,1484,1696,20,55805
12202,4.5e-05,172.31.36.0-255,66,1762,20,55805
12203,5e-05,74.125.24.0-255,2902,4664,20,55805
12204,6e-05,172.31.36.0-255,66,4730,20,55805
12205,7.1e-05,172.31.36.0-255,66,4796,20,55805
12206,8e-05,172.31.36.0-255,66,4862,20,55805
12207,8.3e-05,74.125.24.0-255,1484,6346,20,55805
12208,8.6e-05,172.31.36.0-255,66,6412,20,55805
12209,0.000121,172.31.36.0-255,66,6478,20,55805
12210,0.000133,172.31.36.0-255,66,6544,20,55805
12211,0.000282,74.125.24.0-255,1484,8028,20,55805
12212,0.000287,172.31.36.0-255,66,8094,20,55805
12213,0.000307,74.125.24.0-255,2902,10996,20,55805
12214,0.000311,172.31.36.0-255,66,11062,20,55805
12215,0.000316,74.125.24.0-255,2902,13964,20,55805
12216,0.00032,172.31.36.0-255,66,14030,20,55805
12217,0.000344,74.125.24.0-255,2902,16932,20,55805
12218,0.000347,172.31.36.0-255,66,16998,20,55805
12219,0.000356,172.31.36.0-255,66,17064,20,55805
12220,0.000414,172.31.36.0-255,66,17130,20,55805
12221,0.000445,172.31.36.0-255,66,17196,20,55805
12222,0.000448,74.125.24.0-255,133,17329,20,55805
12223,0.000451,172.31.36.0-255,66,17395,20,55805
12224,0.000567,74.125.24.0-255,1484,18879,20,55805
12225,0.00059,74.125.24.0-255,2902,21781,20,55805
12226,0.000593,172.31.36.0-255,66,21847,20,55805
12227,0.000629,172.31.36.0-255,66,21913,20,55805
12228,0.000672,172.31.36.0-255,66,21979,20,55805
12229,0.000714,172.31.36.0-255,66,22045,20,55805
12230,0.001177,74.125.24.0-255,1484,23529,20,55805
12231,0.001187,74.125.24.0-255,2902,26431,20,55805
12232,0.001191,172.31.36.0-255,66,26497,20,55805
12233,0.001201,172.31.36.0-255,66,26563,20,55805
12234,0.001242,172.31.36.0-255,66,26629,20,55805
12235,0.001254,172.31.36.0-255,66,26695,20,55805
12236,0.001287,74.125.24.0-255,2184,28879,20,55805
12237,0.00129,172.31.36.0-255,66,28945,20,55805
12238,0.001349,74.125.24.0-255,1484,30429,20,55805
12239,0.001369,74.125.24.0-255,2902,33331,20,55805
12240,0.001372,172.31.36.0-255,66,33397,20,55805
12241,0.001381,172.31.36.0-255,66,33463,20,55805
12242,0.001418,172.31.36.0-255,66,33529,20,55805
12243,0.001459,172.31.36.0-255,66,33595,20,55805
12244,0.001544,74.125.24.0-255,1484,35079,20,55805
12245,0.00155,74.125.24.0-255,2902,37981,20,55805
12246,0.001554,172.31.36.0-255,66,38047,20,55805
12247,0.001586,172.31.36.0-255,66,38113,20,55805
12248,0.001596,172.31.36.0-255,66,38179,20,55805
12249,0.001646,172.31.36.0-255,66,38245,20,55805
12250,0.00165,74.125.24.0-255,2184,40429,20,55805
12251,0.001652,172.31.36.0-255,66,40495,20,55805
12252,0.002071,74.125.24.0-255,1484,41979,20,55805
12253,0.002078,74.125.24.0-255,2902,44881,20,55805
12254,0.002083,172.31.36.0-255,66,44947,20,55805
12255,0.002088,74.125.24.0-255,2902,47849,20,55805
12256,0.00209,172.31.36.0-255,66,47915,20,55805
12257,0.00211,74.125.24.0-255,2902,50817,20,55805
12258,0.002112,172.31.36.0-255,66,50883,20,55805
12259,0.002121,172.31.36.0-255,66,50949,20,55805
12260,0.002147,172.31.36.0-255,66,51015,20,55805
12261,0.002192,172.31.36.0-255,66,51081,20,55805
12262,0.002213,74.125.24.0-255,2184,53265,20,55805
12263,0.002215,172.31.36.0-255,66,53331,20,55805
12264,0.002242,172.31.36.0-255,66,53397,20,55805
12265,0.002253,172.31.36.0-255,66,53463,20,55805
12266,0.002294,172.31.36.0-255,66,53529,20,55805
12267,0.002326,172.31.36.0-255,66,53595,20,55805
12268,0.002344,172.31.36.0-255,66,53661,20,55805
12269,0.002373,172.31.36.0-255,66,53727,20,55805
12270,0.002381,172.31.36.0-255,66,53793,20,55805
12271,0.002414,172.31.36.0-255,66,53859,20,55805
12272,0.004718,172.31.36.0-255,66,53925,20,55805
12273,0.00705,172.31.36.0-255,66,53991,20,55805
12274,0.00935,172.31.36.0-255,66,54057,20,55805
12275,0.011657,172.31.36.0-255,66,54123,20,55805
12276,0.011685,74.125.24.0-255,1484,55607,20,55805
12277,0.013956,172.31.36.0-255,66,55673,20,55805
12278,0.016287,172.31.36.0-255,66,55739,20,55805
12279,0.018609,172.31.36.0-255,66,55805,20,55805
12280,0.0,172.31.36.0-255,180,180,20,246
12281,0.006171,74.125.200.0-255,66,246,20,246
12282,0.0,172.217.194.0-255,153,153,20,63195
12283,2.6e-05,172.31.36.0-255,66,219,20,63195
12284,3.3e-05,172.217.194.0-255,1484,1703,20,63195
12285,3.7e-05,172.31.36.0-255,66,1769,20,63195
12286,4.2e-05,172.217.194.0-255,2902,4671,20,63195
12287,4.4e-05,172.31.36.0-255,66,4737,20,63195
12288,6.2e-05,172.31.36.0-255,66,4803,20,63195
12289,6.6e-05,172.217.194.0-255,2036,6839,20,63195
12290,6.9e-05,172.31.36.0-255,66,6905,20,63195
12291,7.7e-05,172.31.36.0-255,66,6971,20,63195
12292,0.000117,172.31.36.0-255,66,7037,20,63195
12293,0.000127,172.31.36.0-255,66,7103,20,63195
12294,0.000157,172.217.194.0-255,2902,10005,20,63195
12295,0.000161,172.31.36.0-255,66,10071,20,63195
12296,0.00017,172.31.36.0-255,66,10137,20,63195
12297,0.00018,172.31.36.0-255,66,10203,20,63195
12298,0.000223,172.31.36.0-255,66,10269,20,63195
12299,0.000251,172.31.36.0-255,66,10335,20,63195
12300,0.000254,172.217.194.0-255,1432,11767,20,63195
12301,0.000259,172.31.36.0-255,66,11833,20,63195
12302,0.000336,172.217.194.0-255,1484,13317,20,63195
12303,0.00034,172.31.36.0-255,66,13383,20,63195
12304,0.000345,172.217.194.0-255,2902,16285,20,63195
12305,0.000348,172.31.36.0-255,66,16351,20,63195
12306,0.000351,172.217.194.0-255,1484,17835,20,63195
12307,0.000391,172.31.36.0-255,66,17901,20,63195
12308,0.000432,172.31.36.0-255,66,17967,20,63195
12309,0.000449,172.31.36.0-255,66,18033,20,63195
12310,0.000457,172.217.194.0-255,379,18412,20,63195
12311,0.000462,172.31.36.0-255,66,18478,20,63195
12312,0.001319,172.217.194.0-255,1484,19962,20,63195
12313,0.00133,172.217.194.0-255,2902,22864,20,63195
12314,0.001334,172.31.36.0-255,66,22930,20,63195
12315,0.001374,172.217.194.0-255,2902,25832,20,63195
12316,0.001436,172.217.194.0-255,2184,28016,20,63195
12317,0.001448,172.217.194.0-255,1484,29500,20,63195
12318,0.001458,172.217.194.0-255,1484,30984,20,63195
12319,0.001489,172.217.194.0-255,2902,33886,20,63195
12320,0.001507,172.217.194.0-255,1484,35370,20,63195
12321,0.001549,172.217.194.0-255,1484,36854,20,63195
12322,0.001565,172.217.194.0-255,2184,39038,20,63195
12323,0.001735,172.217.194.0-255,1484,40522,20,63195
12324,0.001739,172.217.194.0-255,1484,42006,20,63195
12325,0.001759,172.217.194.0-255,1484,43490,20,63195
12326,0.001767,172.217.194.0-255,1484,44974,20,63195
12327,0.001777,172.217.194.0-255,1484,46458,20,63195
12328,0.00179,172.217.194.0-255,1484,47942,20,63195
12329,0.001818,172.217.194.0-255,2902,50844,20,63195
12330,0.001834,172.217.194.0-255,2184,53028,20,63195
12331,0.001865,172.217.194.0-255,1484,54512,20,63195
12332,0.001881,172.217.194.0-255,2902,57414,20,63195
12333,0.001884,172.217.194.0-255,1484,58898,20,63195
12334,0.001969,172.217.194.0-255,2184,61082,20,63195
12335,0.002543,172.31.36.0-255,66,61148,20,63195
12336,0.003314,172.31.36.0-255,101,61249,20,63195
12337,0.004896,172.31.36.0-255,66,61315,20,63195
12338,0.005558,172.217.194.0-255,66,61381,20,63195
12339,0.007159,172.31.36.0-255,66,61447,20,63195
12340,0.007189,172.217.194.0-255,1484,62931,20,63195
12341,0.009453,172.31.36.0-255,66,62997,20,63195
12342,0.013344,172.31.36.0-255,66,63063,20,63195
12343,0.015676,172.31.36.0-255,66,63129,20,63195
12344,0.017948,172.31.36.0-255,66,63195,20,63195
12345,0.0,172.217.194.0-255,153,153,20,15319
12346,1.6e-05,172.31.36.0-255,66,219,20,15319
12347,2.2e-05,172.217.194.0-255,1484,1703,20,15319
12348,2.6e-05,172.31.36.0-255,66,1769,20,15319
12349,4e-05,172.217.194.0-255,2902,4671,20,15319
12350,4.4e-05,172.31.36.0-255,66,4737,20,15319
12351,9.8e-05,172.31.36.0-255,66,4803,20,15319
12352,0.000118,172.217.194.0-255,1484,6287,20,15319
12353,0.00012,172.31.36.0-255,66,6353,20,15319
12354,0.000277,172.217.194.0-255,2014,8367,20,15319
12355,0.000282,172.31.36.0-255,66,8433,20,15319
12356,0.000341,172.31.36.0-255,66,8499,20,15319
12357,0.000374,172.31.36.0-255,66,8565,20,15319
12358,0.000642,172.31.36.0-255,66,8631,20,15319
12359,0.000676,172.31.36.0-255,66,8697,20,15319
12360,0.001108,172.31.36.0-255,66,8763,20,15319
12361,0.001641,172.217.194.0-255,678,9441,20,15319
12362,0.001649,172.31.36.0-255,66,9507,20,15319
12363,0.001698,172.31.36.0-255,66,9573,20,15319
12364,0.001729,172.31.36.0-255,66,9639,20,15319
12365,0.002315,172.31.36.0-255,66,9705,20,15319
12366,0.002342,172.217.194.0-255,3602,13307,20,15319
12367,0.002344,172.31.36.0-255,66,13373,20,15319
12368,0.006164,172.31.36.0-255,66,13439,20,15319
12369,0.008168,172.31.36.0-255,66,13505,20,15319
12370,0.010205,172.31.36.0-255,66,13571,20,15319
12371,0.012219,172.31.36.0-255,66,13637,20,15319
12372,0.014247,172.31.36.0-255,66,13703,20,15319
12373,0.014275,172.217.194.0-255,1484,15187,20,15319
12374,0.016315,172.31.36.0-255,66,15253,20,15319
12375,0.018333,172.31.36.0-255,66,15319,20,15319
12376,0.0,74.125.24.0-255,153,153,20,43615
12377,3.4e-05,172.31.36.0-255,66,219,20,43615
12378,4.1e-05,74.125.24.0-255,1484,1703,20,43615
12379,4.5e-05,172.31.36.0-255,66,1769,20,43615
12380,5e-05,74.125.24.0-255,2902,4671,20,43615
12381,5.2e-05,172.31.36.0-255,66,4737,20,43615
12382,6.2e-05,172.31.36.0-255,66,4803,20,43615
12383,8.3e-05,74.125.24.0-255,1974,6777,20,43615
12384,8.6e-05,172.31.36.0-255,66,6843,20,43615
12385,0.000141,74.125.24.0-255,1484,8327,20,43615
12386,0.000144,172.31.36.0-255,66,8393,20,43615
12387,0.000149,74.125.24.0-255,2902,11295,20,43615
12388,0.000151,172.31.36.0-255,66,11361,20,43615
12389,0.000156,74.125.24.0-255,2902,14263,20,43615
12390,0.000158,172.31.36.0-255,66,14329,20,43615
12391,0.00018,74.125.24.0-255,2902,17231,20,43615
12392,0.000182,172.31.36.0-255,66,17297,20,43615
12393,0.000191,172.31.36.0-255,66,17363,20,43615
12394,0.000261,172.31.36.0-255,66,17429,20,43615
12395,0.000266,74.125.24.0-255,3961,21390,20,43615
12396,0.000268,172.31.36.0-255,66,21456,20,43615
12397,0.001183,74.125.24.0-255,1484,22940,20,43615
12398,0.001189,172.31.36.0-255,66,23006,20,43615
12399,0.001199,74.125.24.0-255,2902,25908,20,43615
12400,0.001202,172.31.36.0-255,66,25974,20,43615
12401,0.001211,172.31.36.0-255,66,26040,20,43615
12402,0.001246,172.31.36.0-255,66,26106,20,43615
12403,0.001264,74.125.24.0-255,1705,27811,20,43615
12404,0.001806,74.125.24.0-255,1484,29295,20,43615
12405,0.001813,74.125.24.0-255,2902,32197,20,43615
12406,0.001817,74.125.24.0-255,2902,35099,20,43615
12407,0.001834,74.125.24.0-255,2902,38001,20,43615
12408,0.001881,74.125.24.0-255,1484,39485,20,43615
12409,0.001903,74.125.24.0-255,3602,43087,20,43615
12410,0.003722,172.31.36.0-255,66,43153,20,43615
12411,0.006048,172.31.36.0-255,66,43219,20,43615
12412,0.008288,172.31.36.0-255,66,43285,20,43615
12413,0.010546,172.31.36.0-255,66,43351,20,43615
12414,0.012825,172.31.36.0-255,66,43417,20,43615
12415,0.015084,172.31.36.0-255,66,43483,20,43615
12416,0.017331,172.31.36.0-255,66,43549,20,43615
12417,0.019582,172.31.36.0-255,66,43615,20,43615
12418,0.0,172.31.36.0-255,168,168,20,168
12419,0.0,172.217.194.0-255,153,153,20,31067
12420,2.2e-05,172.31.36.0-255,66,219,20,31067
12421,3e-05,172.217.194.0-255,1484,1703,20,31067
12422,3.4e-05,172.31.36.0-255,66,1769,20,31067
12423,4.1e-05,172.217.194.0-255,2902,4671,20,31067
12424,4.4e-05,172.31.36.0-255,66,4737,20,31067
12425,5.4e-05,172.31.36.0-255,66,4803,20,31067
12426,6.8e-05,172.217.194.0-255,1484,6287,20,31067
12427,7.1e-05,172.31.36.0-255,66,6353,20,31067
12428,8.8e-05,172.217.194.0-255,2902,9255,20,31067
12429,9e-05,172.31.36.0-255,66,9321,20,31067
12430,0.000121,172.217.194.0-255,3439,12760,20,31067
12431,0.000123,172.31.36.0-255,66,12826,20,31067
12432,0.000138,172.217.194.0-255,2902,15728,20,31067
12433,0.000141,172.31.36.0-255,66,15794,20,31067
12434,0.000161,172.217.194.0-255,2902,18696,20,31067
12435,0.000163,172.31.36.0-255,66,18762,20,31067
12436,0.000189,172.31.36.0-255,66,18828,20,31067
12437,0.000194,172.217.194.0-255,2543,21371,20,31067
12438,0.000196,172.31.36.0-255,66,21437,20,31067
12439,0.002446,172.217.194.0-255,1484,22921,20,31067
12440,0.002453,172.31.36.0-255,66,22987,20,31067
12441,0.002461,172.217.194.0-255,2902,25889,20,31067
12442,0.002463,172.31.36.0-255,66,25955,20,31067
12443,0.002467,172.217.194.0-255,1484,27439,20,31067
12444,0.002468,172.31.36.0-255,66,27505,20,31067
12445,0.004451,172.217.194.0-255,1484,28989,20,31067
12446,0.004455,172.31.36.0-255,66,29055,20,31067
12447,0.004492,172.31.36.0-255,66,29121,20,31067
12448,0.006485,172.217.194.0-255,1484,30605,20,31067
12449,0.006521,172.31.36.0-255,66,30671,20,31067
12450,0.008581,172.31.36.0-255,66,30737,20,31067
12451,0.010637,172.31.36.0-255,66,30803,20,31067
12452,0.012677,172.31.36.0-255,66,30869,20,31067
12453,0.014727,172.31.36.0-255,66,30935,20,31067
12454,0.016758,172.31.36.0-255,66,31001,20,31067
12455,0.018804,172.31.36.0-255,66,31067,20,31067
12456,0.0,74.125.200.0-255,153,153,20,175764
12457,1.7e-05,172.31.36.0-255,66,219,20,175764
12458,4e-05,74.125.200.0-255,1484,1703,20,175764
12459,4.4e-05,172.31.36.0-255,66,1769,20,175764
12460,5.1e-05,74.125.200.0-255,2902,4671,20,175764
12461,5.6e-05,172.31.36.0-255,66,4737,20,175764
12462,6e-05,74.125.200.0-255,1484,6221,20,175764
12463,6.3e-05,172.31.36.0-255,66,6287,20,175764
12464,8.7e-05,172.31.36.0-255,66,6353,20,175764
12465,0.000111,172.31.36.0-255,66,6419,20,175764
12466,0.000113,74.125.200.0-255,1484,7903,20,175764
12467,0.000115,172.31.36.0-255,66,7969,20,175764
12468,0.000167,172.31.36.0-255,66,8035,20,175764
12469,0.000193,172.31.36.0-255,66,8101,20,175764
12470,0.000197,74.125.200.0-255,2543,10644,20,175764
12471,0.000199,172.31.36.0-255,66,10710,20,175764
12472,0.000299,74.125.200.0-255,1484,12194,20,175764
12473,0.000304,172.31.36.0-255,66,12260,20,175764
12474,0.000326,74.125.200.0-255,2902,15162,20,175764
12475,0.000329,172.31.36.0-255,66,15228,20,175764
12476,0.000334,74.125.200.0-255,2902,18130,20,175764
12477,0.000336,172.31.36.0-255,66,18196,20,175764
12478,0.000349,74.125.200.0-255,1484,19680,20,175764
12479,0.000351,172.31.36.0-255,66,19746,20,175764
12480,0.000377,172.31.36.0-255,66,19812,20,175764
12481,0.000418,172.31.36.0-255,66,19878,20,175764
12482,0.000423,74.125.200.0-255,2902,22780,20,175764
12483,0.000426,172.31.36.0-255,66,22846,20,175764
12484,0.00047,74.125.200.0-255,2902,25748,20,175764
12485,0.000474,172.31.36.0-255,66,25814,20,175764
12486,0.000488,74.125.200.0-255,2817,28631,20,175764
12487,0.000491,172.31.36.0-255,66,28697,20,175764
12488,0.000494,74.125.200.0-255,382,29079,20,175764
12489,0.000845,74.125.200.0-255,1484,30563,20,175764
12490,0.00085,172.31.36.0-255,66,30629,20,175764
12491,0.000856,74.125.200.0-255,2902,33531,20,175764
12492,0.000858,172.31.36.0-255,66,33597,20,175764
12493,0.000873,74.125.200.0-255,2902,36499,20,175764
12494,0.000875,172.31.36.0-255,66,36565,20,175764
12495,0.000903,172.31.36.0-255,66,36631,20,175764
12496,0.000964,172.31.36.0-255,66,36697,20,175764
12497,0.000992,172.31.36.0-255,66,36763,20,175764
12498,0.000995,74.125.200.0-255,1484,38247,20,175764
12499,0.001005,172.31.36.0-255,66,38313,20,175764
12500,0.001029,74.125.200.0-255,2902,41215,20,175764
12501,0.001031,172.31.36.0-255,66,41281,20,175764
12502,0.001034,74.125.200.0-255,766,42047,20,175764
12503,0.001171,74.125.200.0-255,1484,43531,20,175764
12504,0.001175,172.31.36.0-255,66,43597,20,175764
12505,0.001179,74.125.200.0-255,1484,45081,20,175764
12506,0.001191,74.125.200.0-255,1484,46565,20,175764
12507,0.001193,172.31.36.0-255,66,46631,20,175764
12508,0.001212,172.31.36.0-255,66,46697,20,175764
12509,0.001232,172.31.36.0-255,66,46763,20,175764
12510,0.001249,172.31.36.0-255,66,46829,20,175764
12511,0.001252,74.125.200.0-255,2902,49731,20,175764
12512,0.001254,172.31.36.0-255,66,49797,20,175764
12513,0.001261,172.31.36.0-255,66,49863,20,175764
12514,0.001297,172.31.36.0-255,66,49929,20,175764
12515,0.0013,74.125.200.0-255,766,50695,20,175764
12516,0.001356,172.31.36.0-255,66,50761,20,175764
12517,0.001376,172.31.36.0-255,66,50827,20,175764
12518,0.00139,74.125.200.0-255,2902,53729,20,175764
12519,0.001393,172.31.36.0-255,66,53795,20,175764
12520,0.001416,172.31.36.0-255,66,53861,20,175764
12521,0.00142,74.125.200.0-255,2902,56763,20,175764
12522,0.001421,172.31.36.0-255,66,56829,20,175764
12523,0.001455,74.125.200.0-255,2902,59731,20,175764
12524,0.001459,172.31.36.0-255,66,59797,20,175764
12525,0.001484,172.31.36.0-255,66,59863,20,175764
12526,0.001533,74.125.200.0-255,1484,61347,20,175764
12527,0.00155,74.125.200.0-255,2902,64249,20,175764
12528,0.001554,172.31.36.0-255,66,64315,20,175764
12529,0.001591,172.31.36.0-255,66,64381,20,175764
12530,0.001603,74.125.200.0-255,2902,67283,20,175764
12531,0.001605,172.31.36.0-255,66,67349,20,175764
12532,0.001623,74.125.200.0-255,2902,70251,20,175764
12533,0.001625,172.31.36.0-255,66,70317,20,175764
12534,0.001636,74.125.200.0-255,1484,71801,20,175764
12535,0.001656,172.31.36.0-255,66,71867,20,175764
12536,0.001674,74.125.200.0-255,1484,73351,20,175764
12537,0.001681,172.31.36.0-255,66,73417,20,175764
12538,0.001683,74.125.200.0-255,1484,74901,20,175764
12539,0.0017,172.31.36.0-255,66,74967,20,175764
12540,0.001702,74.125.200.0-255,766,75733,20,175764
12541,0.001777,74.125.200.0-255,1484,77217,20,175764
12542,0.001779,172.31.36.0-255,66,77283,20,175764
12543,0.001794,74.125.200.0-255,1484,78767,20,175764
12544,0.001804,74.125.200.0-255,1484,80251,20,175764
12545,0.001806,172.31.36.0-255,66,80317,20,175764
12546,0.001831,172.31.36.0-255,66,80383,20,175764
12547,0.001849,172.31.36.0-255,66,80449,20,175764
12548,0.001873,172.31.36.0-255,66,80515,20,175764
12549,0.001876,74.125.200.0-255,1484,81999,20,175764
12550,0.0019,74.125.200.0-255,1484,83483,20,175764
12551,0.001901,172.31.36.0-255,66,83549,20,175764
12552,0.001929,172.31.36.0-255,66,83615,20,175764
12553,0.001933,74.125.200.0-255,3602,87217,20,175764
12554,0.001935,172.31.36.0-255,66,87283,20,175764
12555,0.001951,74.125.200.0-255,2902,90185,20,175764
12556,0.001953,172.31.36.0-255,66,90251,20,175764
12557,0.001961,74.125.200.0-255,1484,91735,20,175764
12558,0.001986,74.125.200.0-255,1484,93219,20,175764
12559,0.001988,172.31.36.0-255,66,93285,20,175764
12560,0.001991,74.125.200.0-255,2902,96187,20,175764
12561,0.001993,172.31.36.0-255,66,96253,20,175764
12562,0.002009,74.125.200.0-255,1484,97737,20,175764
12563,0.002024,74.125.200.0-255,1484,99221,20,175764
12564,0.002026,172.31.36.0-255,66,99287,20,175764
12565,0.002045,74.125.200.0-255,2902,102189,20,175764
12566,0.002047,172.31.36.0-255,66,102255,20,175764
12567,0.00205,74.125.200.0-255,2902,105157,20,175764
12568,0.002052,172.31.36.0-255,66,105223,20,175764
12569,0.002063,74.125.200.0-255,1484,106707,20,175764
12570,0.002076,74.125.200.0-255,1484,108191,20,175764
12571,0.002078,172.31.36.0-255,66,108257,20,175764
12572,0.002101,172.31.36.0-255,66,108323,20,175764
12573,0.002105,74.125.200.0-255,2902,111225,20,175764
12574,0.002106,172.31.36.0-255,66,111291,20,175764
12575,0.002142,74.125.200.0-255,2902,114193,20,175764
12576,0.002143,172.31.36.0-255,66,114259,20,175764
12577,0.002162,74.125.200.0-255,1484,115743,20,175764
12578,0.002166,74.125.200.0-255,2184,117927,20,175764
12579,0.002168,172.31.36.0-255,66,117993,20,175764
12580,0.002462,74.125.200.0-255,1484,119477,20,175764
12581,0.002485,74.125.200.0-255,2902,122379,20,175764
12582,0.002488,172.31.36.0-255,66,122445,20,175764
12583,0.002519,172.31.36.0-255,66,122511,20,175764
12584,0.002533,74.125.200.0-255,1484,123995,20,175764
12585,0.002536,74.125.200.0-255,1484,125479,20,175764
12586,0.002537,172.31.36.0-255,66,125545,20,175764
12587,0.002556,172.31.36.0-255,66,125611,20,175764
12588,0.002558,74.125.200.0-255,1484,127095,20,175764
12589,0.002581,172.31.36.0-255,66,127161,20,175764
12590,0.002596,172.31.36.0-255,66,127227,20,175764
12591,0.002613,74.125.200.0-255,2902,130129,20,175764
12592,0.002615,172.31.36.0-255,66,130195,20,175764
12593,0.002619,74.125.200.0-255,2902,133097,20,175764
12594,0.002621,172.31.36.0-255,66,133163,20,175764
12595,0.002633,74.125.200.0-255,766,133929,20,175764
12596,0.00282,74.125.200.0-255,1484,135413,20,175764
12597,0.002822,172.31.36.0-255,66,135479,20,175764
12598,0.002853,74.125.200.0-255,2902,138381,20,175764
12599,0.002855,172.31.36.0-255,66,138447,20,175764
12600,0.002859,74.125.200.0-255,2902,141349,20,175764
12601,0.00286,172.31.36.0-255,66,141415,20,175764
12602,0.002871,74.125.200.0-255,1484,142899,20,175764
12603,0.002894,74.125.200.0-255,1484,144383,20,175764
12604,0.002895,172.31.36.0-255,66,144449,20,175764
12605,0.002919,172.31.36.0-255,66,144515,20,175764
12606,0.002922,74.125.200.0-255,2902,147417,20,175764
12607,0.002924,172.31.36.0-255,66,147483,20,175764
12608,0.002961,74.125.200.0-255,1484,148967,20,175764
12609,0.002979,172.31.36.0-255,66,149033,20,175764
12610,0.002982,74.125.200.0-255,2902,151935,20,175764
12611,0.002984,172.31.36.0-255,66,152001,20,175764
12612,0.003003,74.125.200.0-255,2184,154185,20,175764
12613,0.003005,172.31.36.0-255,66,154251,20,175764
12614,0.003016,74.125.200.0-255,1484,155735,20,175764
12615,0.003044,74.125.200.0-255,1484,157219,20,175764
12616,0.003046,172.31.36.0-255,66,157285,20,175764
12617,0.00305,74.125.200.0-255,2902,160187,20,175764
12618,0.003052,172.31.36.0-255,66,160253,20,175764
12619,0.003063,74.125.200.0-255,1484,161737,20,175764
12620,0.003076,74.125.200.0-255,1484,163221,20,175764
12621,0.003078,172.31.36.0-255,66,163287,20,175764
12622,0.003103,172.31.36.0-255,66,163353,20,175764
12623,0.003105,74.125.200.0-255,1484,164837,20,175764
12624,0.003125,172.31.36.0-255,66,164903,20,175764
12625,0.003145,172.31.36.0-255,66,164969,20,175764
12626,0.003148,74.125.200.0-255,2902,167871,20,175764
12627,0.00315,172.31.36.0-255,66,167937,20,175764
12628,0.003188,172.31.36.0-255,66,168003,20,175764
12629,0.003205,74.125.200.0-255,2902,170905,20,175764
12630,0.003207,172.31.36.0-255,66,170971,20,175764
12631,0.003209,74.125.200.0-255,1484,172455,20,175764
12632,0.003221,74.125.200.0-255,1484,173939,20,175764
12633,0.003223,172.31.36.0-255,66,174005,20,175764
12634,0.003226,74.125.200.0-255,1219,175224,20,175764
12635,0.003228,74.125.200.0-255,97,175321,20,175764
12636,0.003308,74.125.200.0-255,105,175426,20,175764
12637,0.005643,172.31.36.0-255,101,175527,20,175764
12638,0.007537,172.31.36.0-255,105,175632,20,175764
12639,0.007654,74.125.200.0-255,66,175698,20,175764
12640,0.009518,74.125.200.0-255,66,175764,20,175764
12641,0.0,172.217.194.0-255,146,146,20,80216
12642,3.2e-05,172.31.36.0-255,66,212,20,80216
12643,3.8e-05,172.217.194.0-255,1484,1696,20,80216
12644,4.3e-05,172.31.36.0-255,66,1762,20,80216
12645,4.8e-05,172.217.194.0-255,2902,4664,20,80216
12646,5.9e-05,172.31.36.0-255,66,4730,20,80216
12647,6.9e-05,172.31.36.0-255,66,4796,20,80216
12648,7.3e-05,172.217.194.0-255,1484,6280,20,80216
12649,7.5e-05,172.31.36.0-255,66,6346,20,80216
12650,0.000126,172.31.36.0-255,66,6412,20,80216
12651,0.000139,172.31.36.0-255,66,6478,20,80216
12652,0.000151,172.31.36.0-255,66,6544,20,80216
12653,0.000178,172.217.194.0-255,1484,8028,20,80216
12654,0.000181,172.31.36.0-255,66,8094,20,80216
12655,0.000186,172.217.194.0-255,2902,10996,20,80216
12656,0.000188,172.31.36.0-255,66,11062,20,80216
12657,0.000224,172.31.36.0-255,66,11128,20,80216
12658,0.000233,172.31.36.0-255,66,11194,20,80216
12659,0.000283,172.31.36.0-255,66,11260,20,80216
12660,0.000296,172.31.36.0-255,66,11326,20,80216
12661,0.000311,172.31.36.0-255,66,11392,20,80216
12662,0.000364,172.217.194.0-255,403,11795,20,80216
12663,0.00037,172.31.36.0-255,66,11861,20,80216
12664,0.002264,172.217.194.0-255,1484,13345,20,80216
12665,0.00227,172.31.36.0-255,66,13411,20,80216
12666,0.002278,172.217.194.0-255,2902,16313,20,80216
12667,0.002295,172.217.194.0-255,2902,19215,20,80216
12668,0.002321,172.217.194.0-255,1484,20699,20,80216
12669,0.002437,172.217.194.0-255,1484,22183,20,80216
12670,0.002449,172.217.194.0-255,2902,25085,20,80216
12671,0.00246,172.217.194.0-255,1484,26569,20,80216
12672,0.002541,172.217.194.0-255,1484,28053,20,80216
12673,0.002579,172.217.194.0-255,2184,30237,20,80216
12674,0.00267,172.217.194.0-255,1484,31721,20,80216
12675,0.002681,172.217.194.0-255,2902,34623,20,80216
12676,0.002695,172.217.194.0-255,2902,37525,20,80216
12677,0.002707,172.217.194.0-255,2902,40427,20,80216
12678,0.00271,172.217.194.0-255,2902,43329,20,80216
12679,0.002755,172.217.194.0-255,1484,44813,20,80216
12680,0.002851,172.217.194.0-255,1484,46297,20,80216
12681,0.002853,172.217.194.0-255,1484,47781,20,80216
12682,0.002866,172.217.194.0-255,1484,49265,20,80216
12683,0.002875,172.217.194.0-255,1484,50749,20,80216
12684,0.002903,172.217.194.0-255,2902,53651,20,80216
12685,0.002936,172.217.194.0-255,1484,55135,20,80216
12686,0.002959,172.217.194.0-255,1484,56619,20,80216
12687,0.002962,172.217.194.0-255,2902,59521,20,80216
12688,0.00298,172.217.194.0-255,2902,62423,20,80216
12689,0.002991,172.217.194.0-255,2902,65325,20,80216
12690,0.003041,172.217.194.0-255,1484,66809,20,80216
12691,0.003102,172.217.194.0-255,1484,68293,20,80216
12692,0.00317,172.217.194.0-255,1484,69777,20,80216
12693,0.00322,172.217.194.0-255,1484,71261,20,80216
12694,0.003231,172.217.194.0-255,2184,73445,20,80216
12695,0.003349,172.31.36.0-255,66,73511,20,80216
12696,0.003687,172.217.194.0-255,1484,74995,20,80216
12697,0.003692,172.217.194.0-255,1484,76479,20,80216
12698,0.003702,172.217.194.0-255,1484,77963,20,80216
12699,0.003702,172.31.36.0-255,66,78029,20,80216
12700,0.003742,172.31.36.0-255,66,78095,20,80216
12701,0.003742,172.217.194.0-255,1484,79579,20,80216
12702,0.003747,172.31.36.0-255,66,79645,20,80216
12703,0.003794,172.31.36.0-255,66,79711,20,80216
12704,0.003802,172.217.194.0-255,97,79808,20,80216
12705,0.003808,172.31.36.0-255,66,79874,20,80216
12706,0.003859,172.217.194.0-255,105,79979,20,80216
12707,0.0052,172.31.36.0-255,66,80045,20,80216
12708,0.005224,172.31.36.0-255,105,80150,20,80216
12709,0.007256,172.217.194.0-255,66,80216,20,80216
12710,0.0,172.217.194.0-255,298,298,20,70225
12711,2.7e-05,172.31.36.0-255,66,364,20,70225
12712,3.3e-05,172.217.194.0-255,1484,1848,20,70225
12713,3.7e-05,172.31.36.0-255,66,1914,20,70225
12714,5.1e-05,172.31.36.0-255,66,1980,20,70225
12715,6.4e-05,172.31.36.0-255,66,2046,20,70225
12716,9.8e-05,172.217.194.0-255,1878,3924,20,70225
12717,0.000101,172.31.36.0-255,66,3990,20,70225
12718,0.00011,172.31.36.0-255,66,4056,20,70225
12719,0.000154,172.31.36.0-255,66,4122,20,70225
12720,0.000157,172.217.194.0-255,1484,5606,20,70225
12721,0.000159,172.31.36.0-255,66,5672,20,70225
12722,0.000187,172.217.194.0-255,1484,7156,20,70225
12723,0.00019,172.31.36.0-255,66,7222,20,70225
12724,0.000199,172.31.36.0-255,66,7288,20,70225
12725,0.000215,172.31.36.0-255,66,7354,20,70225
12726,0.000218,172.217.194.0-255,1484,8838,20,70225
12727,0.000221,172.31.36.0-255,66,8904,20,70225
12728,0.000265,172.31.36.0-255,66,8970,20,70225
12729,0.000269,172.217.194.0-255,2902,11872,20,70225
12730,0.000271,172.31.36.0-255,66,11938,20,70225
12731,0.000299,172.217.194.0-255,3163,15101,20,70225
12732,0.000302,172.31.36.0-255,66,15167,20,70225
12733,0.000474,172.217.194.0-255,1484,16651,20,70225
12734,0.000479,172.31.36.0-255,66,16717,20,70225
12735,0.000484,172.217.194.0-255,2902,19619,20,70225
12736,0.000488,172.217.194.0-255,1484,21103,20,70225
12737,0.000496,172.31.36.0-255,66,21169,20,70225
12738,0.000527,172.31.36.0-255,66,21235,20,70225
12739,0.000532,172.31.36.0-255,66,21301,20,70225
12740,0.000542,172.217.194.0-255,2902,24203,20,70225
12741,0.000546,172.31.36.0-255,66,24269,20,70225
12742,0.000585,172.217.194.0-255,766,25035,20,70225
12743,0.000592,172.31.36.0-255,66,25101,20,70225
12744,0.000646,172.217.194.0-255,1484,26585,20,70225
12745,0.000648,172.217.194.0-255,1484,28069,20,70225
12746,0.000659,172.217.194.0-255,1484,29553,20,70225
12747,0.000661,172.31.36.0-255,66,29619,20,70225
12748,0.000679,172.31.36.0-255,66,29685,20,70225
12749,0.000696,172.217.194.0-255,1484,31169,20,70225
12750,0.00071,172.31.36.0-255,66,31235,20,70225
12751,0.000725,172.31.36.0-255,66,31301,20,70225
12752,0.000743,172.217.194.0-255,2184,33485,20,70225
12753,0.000758,172.31.36.0-255,66,33551,20,70225
12754,0.000785,172.217.194.0-255,1484,35035,20,70225
12755,0.00079,172.217.194.0-255,2902,37937,20,70225
12756,0.000794,172.31.36.0-255,66,38003,20,70225
12757,0.000821,172.31.36.0-255,66,38069,20,70225
12758,0.000826,172.31.36.0-255,66,38135,20,70225
12759,0.000874,172.31.36.0-255,66,38201,20,70225
12760,0.000877,172.217.194.0-255,766,38967,20,70225
12761,0.000879,172.31.36.0-255,66,39033,20,70225
12762,0.000918,172.217.194.0-255,1484,40517,20,70225
12763,0.000925,172.31.36.0-255,66,40583,20,70225
12764,0.000931,172.217.194.0-255,2902,43485,20,70225
12765,0.000941,172.31.36.0-255,66,43551,20,70225
12766,0.000968,172.31.36.0-255,66,43617,20,70225
12767,0.000986,172.217.194.0-255,1484,45101,20,70225
12768,0.001014,172.31.36.0-255,66,45167,20,70225
12769,0.001019,172.31.36.0-255,66,45233,20,70225
12770,0.001097,172.31.36.0-255,66,45299,20,70225
12771,0.001103,172.31.36.0-255,66,45365,20,70225
12772,0.001139,172.31.36.0-255,66,45431,20,70225
12773,0.001208,172.217.194.0-255,1484,46915,20,70225
12774,0.001214,172.217.194.0-255,2902,49817,20,70225
12775,0.001217,172.31.36.0-255,66,49883,20,70225
12776,0.001257,172.31.36.0-255,66,49949,20,70225
12777,0.001262,172.31.36.0-255,66,50015,20,70225
12778,0.001299,172.217.194.0-255,2184,52199,20,70225
12779,0.001305,172.31.36.0-255,66,52265,20,70225
12780,0.001457,172.217.194.0-255,1484,53749,20,70225
12781,0.001464,172.217.194.0-255,2902,56651,20,70225
12782,0.001468,172.31.36.0-255,66,56717,20,70225
12783,0.001483,172.31.36.0-255,66,56783,20,70225
12784,0.001489,172.31.36.0-255,66,56849,20,70225
12785,0.001516,172.31.36.0-255,66,56915,20,70225
12786,0.001523,172.31.36.0-255,66,56981,20,70225
12787,0.001574,172.217.194.0-255,1484,58465,20,70225
12788,0.00158,172.217.194.0-255,2902,61367,20,70225
12789,0.001585,172.217.194.0-255,2902,64269,20,70225
12790,0.001586,172.31.36.0-255,66,64335,20,70225
12791,0.001591,172.31.36.0-255,66,64401,20,70225
12792,0.001602,172.217.194.0-255,2902,67303,20,70225
12793,0.001607,172.31.36.0-255,66,67369,20,70225
12794,0.001622,172.31.36.0-255,66,67435,20,70225
12795,0.001649,172.31.36.0-255,66,67501,20,70225
12796,0.001704,172.31.36.0-255,66,67567,20,70225
12797,0.001766,172.31.36.0-255,66,67633,20,70225
12798,0.00179,172.217.194.0-255,2184,69817,20,70225
12799,0.001807,172.31.36.0-255,66,69883,20,70225
12800,0.001812,172.217.194.0-255,105,69988,20,70225
12801,0.001819,172.31.36.0-255,66,70054,20,70225
12802,0.008493,172.31.36.0-255,105,70159,20,70225
12803,0.01052,172.217.194.0-255,66,70225,20,70225
12804,0.0,172.217.194.0-255,153,153,20,58768
12805,2.9e-05,172.31.36.0-255,66,219,20,58768
12806,3.6e-05,172.217.194.0-255,1484,1703,20,58768
12807,4e-05,172.31.36.0-255,66,1769,20,58768
12808,4.4e-05,172.217.194.0-255,2902,4671,20,58768
12809,5.5e-05,172.31.36.0-255,66,4737,20,58768
12810,6.2e-05,172.31.36.0-255,66,4803,20,58768
12811,7.3e-05,172.31.36.0-255,66,4869,20,58768
12812,0.000122,172.31.36.0-255,66,4935,20,58768
12813,0.000131,172.31.36.0-255,66,5001,20,58768
12814,0.000179,172.217.194.0-255,1484,6485,20,58768
12815,0.000182,172.31.36.0-255,66,6551,20,58768
12816,0.000201,172.217.194.0-255,2902,9453,20,58768
12817,0.000204,172.31.36.0-255,66,9519,20,58768
12818,0.000213,172.31.36.0-255,66,9585,20,58768
12819,0.000238,172.217.194.0-255,2902,12487,20,58768
12820,0.00024,172.31.36.0-255,66,12553,20,58768
12821,0.000277,172.31.36.0-255,66,12619,20,58768
12822,0.00029,172.31.36.0-255,66,12685,20,58768
12823,0.000293,172.217.194.0-255,365,13050,20,58768
12824,0.000294,172.31.36.0-255,66,13116,20,58768
12825,0.000401,172.217.194.0-255,1484,14600,20,58768
12826,0.000405,172.31.36.0-255,66,14666,20,58768
12827,0.00041,172.217.194.0-255,2902,17568,20,58768
12828,0.000414,172.31.36.0-255,66,17634,20,58768
12829,0.00043,172.31.36.0-255,66,17700,20,58768
12830,0.000477,172.31.36.0-255,66,17766,20,58768
12831,0.00049,172.31.36.0-255,66,17832,20,58768
12832,0.000613,172.217.194.0-255,1484,19316,20,58768
12833,0.000619,172.217.194.0-255,2902,22218,20,58768
12834,0.000623,172.31.36.0-255,66,22284,20,58768
12835,0.000661,172.31.36.0-255,66,22350,20,58768
12836,0.000681,172.31.36.0-255,66,22416,20,58768
12837,0.000693,172.31.36.0-255,66,22482,20,58768
12838,0.000729,172.217.194.0-255,2184,24666,20,58768
12839,0.000732,172.31.36.0-255,66,24732,20,58768
12840,0.000796,172.217.194.0-255,1484,26216,20,58768
12841,0.000801,172.217.194.0-255,2902,29118,20,58768
12842,0.000804,172.31.36.0-255,66,29184,20,58768
12843,0.000808,172.217.194.0-255,1484,30668,20,58768
12844,0.00084,172.31.36.0-255,66,30734,20,58768
12845,0.00085,172.31.36.0-255,66,30800,20,58768
12846,0.00087,172.31.36.0-255,66,30866,20,58768
12847,0.000907,172.31.36.0-255,66,30932,20,58768
12848,0.00091,172.217.194.0-255,766,31698,20,58768
12849,0.000938,172.217.194.0-255,2902,34600,20,58768
12850,0.000941,172.31.36.0-255,66,34666,20,58768
12851,0.00098,172.31.36.0-255,66,34732,20,58768
12852,0.000985,172.217.194.0-255,2902,37634,20,58768
12853,0.000988,172.31.36.0-255,66,37700,20,58768
12854,0.00103,172.31.36.0-255,66,37766,20,58768
12855,0.001033,172.217.194.0-255,1484,39250,20,58768
12856,0.001036,172.217.194.0-255,1484,40734,20,58768
12857,0.001047,172.31.36.0-255,66,40800,20,58768
12858,0.001073,172.217.194.0-255,1484,42284,20,58768
12859,0.001089,172.31.36.0-255,66,42350,20,58768
12860,0.001102,172.31.36.0-255,66,42416,20,58768
12861,0.001114,172.31.36.0-255,66,42482,20,58768
12862,0.001152,172.31.36.0-255,66,42548,20,58768
12863,0.001159,172.31.36.0-255,66,42614,20,58768
12864,0.001203,172.31.36.0-255,66,42680,20,58768
12865,0.001231,172.217.194.0-255,766,43446,20,58768
12866,0.001233,172.31.36.0-255,66,43512,20,58768
12867,0.001292,172.217.194.0-255,1484,44996,20,58768
12868,0.001302,172.217.194.0-255,2902,47898,20,58768
12869,0.001304,172.31.36.0-255,66,47964,20,58768
12870,0.001304,172.217.194.0-255,1484,49448,20,58768
12871,0.001307,172.31.36.0-255,66,49514,20,58768
12872,0.001347,172.31.36.0-255,66,49580,20,58768
12873,0.001361,172.31.36.0-255,66,49646,20,58768
12874,0.001372,172.31.36.0-255,66,49712,20,58768
12875,0.001375,172.217.194.0-255,766,50478,20,58768
12876,0.001408,172.217.194.0-255,1484,51962,20,58768
12877,0.001412,172.31.36.0-255,66,52028,20,58768
12878,0.001415,172.217.194.0-255,1484,53512,20,58768
12879,0.001449,172.217.194.0-255,2902,56414,20,58768
12880,0.001454,172.31.36.0-255,66,56480,20,58768
12881,0.001465,172.31.36.0-255,66,56546,20,58768
12882,0.001484,172.31.36.0-255,66,56612,20,58768
12883,0.001523,172.31.36.0-255,66,56678,20,58768
12884,0.001532,172.31.36.0-255,66,56744,20,58768
12885,0.001566,172.217.194.0-255,1484,58228,20,58768
12886,0.001584,172.31.36.0-255,66,58294,20,58768
12887,0.001602,172.31.36.0-255,66,58360,20,58768
12888,0.001645,172.31.36.0-255,66,58426,20,58768
12889,0.00167,172.217.194.0-255,105,58531,20,58768
12890,0.009233,172.31.36.0-255,66,58597,20,58768
12891,0.009261,172.31.36.0-255,105,58702,20,58768
12892,0.011735,172.217.194.0-255,66,58768,20,58768
12893,0.0,74.125.24.0-255,153,153,20,39475
12894,3.5e-05,172.31.36.0-255,66,219,20,39475
12895,4.3e-05,74.125.24.0-255,1484,1703,20,39475
12896,4.7e-05,172.31.36.0-255,66,1769,20,39475
12897,6e-05,74.125.24.0-255,2902,4671,20,39475
12898,6.3e-05,172.31.36.0-255,66,4737,20,39475
12899,6.7e-05,74.125.24.0-255,2902,7639,20,39475
12900,6.9e-05,172.31.36.0-255,66,7705,20,39475
12901,8e-05,172.31.36.0-255,66,7771,20,39475
12902,0.000127,172.31.36.0-255,66,7837,20,39475
12903,0.000475,74.125.24.0-255,1484,9321,20,39475
12904,0.000481,172.31.36.0-255,66,9387,20,39475
12905,0.000487,74.125.24.0-255,2902,12289,20,39475
12906,0.000489,172.31.36.0-255,66,12355,20,39475
12907,0.000523,172.31.36.0-255,66,12421,20,39475
12908,0.000569,74.125.24.0-255,1484,13905,20,39475
12909,0.000573,172.31.36.0-255,66,13971,20,39475
12910,0.000589,172.31.36.0-255,66,14037,20,39475
12911,0.000601,172.31.36.0-255,66,14103,20,39475
12912,0.000603,74.125.24.0-255,366,14469,20,39475
12913,0.000609,172.31.36.0-255,66,14535,20,39475
12914,0.000636,74.125.24.0-255,1484,16019,20,39475
12915,0.00064,172.31.36.0-255,66,16085,20,39475
12916,0.000645,172.31.36.0-255,66,16151,20,39475
12917,0.000648,172.31.36.0-255,66,16217,20,39475
12918,0.000703,172.31.36.0-255,66,16283,20,39475
12919,0.000941,74.125.24.0-255,1484,17767,20,39475
12920,0.000949,74.125.24.0-255,2902,20669,20,39475
12921,0.000952,172.31.36.0-255,66,20735,20,39475
12922,0.000988,172.31.36.0-255,66,20801,20,39475
12923,0.000993,74.125.24.0-255,2902,23703,20,39475
12924,0.000995,172.31.36.0-255,66,23769,20,39475
12925,0.001022,172.31.36.0-255,66,23835,20,39475
12926,0.001056,172.31.36.0-255,66,23901,20,39475
12927,0.001083,74.125.24.0-255,3602,27503,20,39475
12928,0.001086,172.31.36.0-255,66,27569,20,39475
12929,0.00172,74.125.24.0-255,1484,29053,20,39475
12930,0.001731,74.125.24.0-255,2902,31955,20,39475
12931,0.001736,172.31.36.0-255,66,32021,20,39475
12932,0.001745,172.31.36.0-255,66,32087,20,39475
12933,0.00178,74.125.24.0-255,1484,33571,20,39475
12934,0.001789,172.31.36.0-255,66,33637,20,39475
12935,0.001799,172.31.36.0-255,66,33703,20,39475
12936,0.001837,172.31.36.0-255,66,33769,20,39475
12937,0.001845,172.31.36.0-255,66,33835,20,39475
12938,0.001853,172.31.36.0-255,66,33901,20,39475
12939,0.001866,172.31.36.0-255,66,33967,20,39475
12940,0.001873,172.31.36.0-255,66,34033,20,39475
12941,0.001918,172.31.36.0-255,66,34099,20,39475
12942,0.001954,172.31.36.0-255,66,34165,20,39475
12943,0.002056,74.125.24.0-255,1484,35649,20,39475
12944,0.002061,74.125.24.0-255,1484,37133,20,39475
12945,0.002064,172.31.36.0-255,66,37199,20,39475
12946,0.002091,74.125.24.0-255,1484,38683,20,39475
12947,0.002102,172.31.36.0-255,66,38749,20,39475
12948,0.002111,172.31.36.0-255,66,38815,20,39475
12949,0.002145,172.31.36.0-255,66,38881,20,39475
12950,0.002152,172.31.36.0-255,66,38947,20,39475
12951,0.002176,172.31.36.0-255,66,39013,20,39475
12952,0.004499,172.31.36.0-255,66,39079,20,39475
12953,0.006749,172.31.36.0-255,66,39145,20,39475
12954,0.009149,172.31.36.0-255,66,39211,20,39475
12955,0.011445,172.31.36.0-255,66,39277,20,39475
12956,0.013749,172.31.36.0-255,66,39343,20,39475
12957,0.016052,172.31.36.0-255,66,39409,20,39475
12958,0.018344,172.31.36.0-255,66,39475,20,39475
12959,0.0,74.125.24.0-255,147,147,20,74582
12960,2.3e-05,172.31.36.0-255,66,213,20,74582
12961,3e-05,74.125.24.0-255,1484,1697,20,74582
12962,3.5e-05,172.31.36.0-255,66,1763,20,74582
12963,5e-05,74.125.24.0-255,2902,4665,20,74582
12964,5.4e-05,172.31.36.0-255,66,4731,20,74582
12965,6.4e-05,172.31.36.0-255,66,4797,20,74582
12966,6.8e-05,74.125.24.0-255,2018,6815,20,74582
12967,7.2e-05,172.31.36.0-255,66,6881,20,74582
12968,0.000116,172.31.36.0-255,66,6947,20,74582
12969,0.000146,74.125.24.0-255,2902,9849,20,74582
12970,0.000148,172.31.36.0-255,66,9915,20,74582
12971,0.000157,172.31.36.0-255,66,9981,20,74582
12972,0.000166,172.31.36.0-255,66,10047,20,74582
12973,0.00021,172.31.36.0-255,66,10113,20,74582
12974,0.000232,74.125.24.0-255,1484,11597,20,74582
12975,0.000234,172.31.36.0-255,66,11663,20,74582
12976,0.000239,74.125.24.0-255,2902,14565,20,74582
12977,0.000241,172.31.36.0-255,66,14631,20,74582
12978,0.00025,172.31.36.0-255,66,14697,20,74582
12979,0.000276,74.125.24.0-255,1484,16181,20,74582
12980,0.000278,172.31.36.0-255,66,16247,20,74582
12981,0.000289,172.31.36.0-255,66,16313,20,74582
12982,0.000966,74.125.24.0-255,1484,17797,20,74582
12983,0.000973,172.31.36.0-255,66,17863,20,74582
12984,0.000979,74.125.24.0-255,2902,20765,20,74582
12985,0.000982,172.31.36.0-255,66,20831,20,74582
12986,0.000995,172.31.36.0-255,66,20897,20,74582
12987,0.001025,74.125.24.0-255,1484,22381,20,74582
12988,0.001037,172.31.36.0-255,66,22447,20,74582
12989,0.001046,172.31.36.0-255,66,22513,20,74582
12990,0.001068,74.125.24.0-255,1484,23997,20,74582
12991,0.001076,172.31.36.0-255,66,24063,20,74582
12992,0.001115,172.31.36.0-255,66,24129,20,74582
12993,0.001127,172.31.36.0-255,66,24195,20,74582
12994,0.001136,172.31.36.0-255,66,24261,20,74582
12995,0.001162,74.125.24.0-255,2184,26445,20,74582
12996,0.001165,172.31.36.0-255,66,26511,20,74582
12997,0.001753,74.125.24.0-255,1484,27995,20,74582
12998,0.001763,74.125.24.0-255,2902,30897,20,74582
12999,0.001767,172.31.36.0-255,66,30963,20,74582
13000,0.001778,172.31.36.0-255,66,31029,20,74582
13001,0.001786,74.125.24.0-255,1484,32513,20,74582
13002,0.001815,172.31.36.0-255,66,32579,20,74582
13003,0.001855,172.31.36.0-255,66,32645,20,74582
13004,0.001886,172.31.36.0-255,66,32711,20,74582
13005,0.001895,172.31.36.0-255,66,32777,20,74582
13006,0.001935,172.31.36.0-255,66,32843,20,74582
13007,0.00202,74.125.24.0-255,1484,34327,20,74582
13008,0.002036,74.125.24.0-255,2902,37229,20,74582
13009,0.002039,172.31.36.0-255,66,37295,20,74582
13010,0.002067,172.31.36.0-255,66,37361,20,74582
13011,0.002094,172.31.36.0-255,66,37427,20,74582
13012,0.002098,74.125.24.0-255,2902,40329,20,74582
13013,0.0021,172.31.36.0-255,66,40395,20,74582
13014,0.002132,172.31.36.0-255,66,40461,20,74582
13015,0.002136,74.125.24.0-255,2184,42645,20,74582
13016,0.002138,172.31.36.0-255,66,42711,20,74582
13017,0.002142,74.125.24.0-255,2902,45613,20,74582
13018,0.002147,172.31.36.0-255,66,45679,20,74582
13019,0.002162,74.125.24.0-255,2902,48581,20,74582
13020,0.002164,172.31.36.0-255,66,48647,20,74582
13021,0.002198,172.31.36.0-255,66,48713,20,74582
13022,0.002204,172.31.36.0-255,66,48779,20,74582
13023,0.002208,74.125.24.0-255,2902,51681,20,74582
13024,0.00221,172.31.36.0-255,66,51747,20,74582
13025,0.002228,172.31.36.0-255,66,51813,20,74582
13026,0.00225,74.125.24.0-255,1484,53297,20,74582
13027,0.002259,172.31.36.0-255,66,53363,20,74582
13028,0.002294,172.31.36.0-255,66,53429,20,74582
13029,0.002313,74.125.24.0-255,2902,56331,20,74582
13030,0.002315,172.31.36.0-255,66,56397,20,74582
13031,0.002357,172.31.36.0-255,66,56463,20,74582
13032,0.002397,172.31.36.0-255,66,56529,20,74582
13033,0.002403,74.125.24.0-255,3602,60131,20,74582
13034,0.002405,172.31.36.0-255,66,60197,20,74582
13035,0.002408,74.125.24.0-255,1484,61681,20,74582
13036,0.002412,74.125.24.0-255,2902,64583,20,74582
13037,0.002414,172.31.36.0-255,66,64649,20,74582
13038,0.002422,172.31.36.0-255,66,64715,20,74582
13039,0.002425,74.125.24.0-255,1484,66199,20,74582
13040,0.002456,172.31.36.0-255,66,66265,20,74582
13041,0.002483,74.125.24.0-255,1484,67749,20,74582
13042,0.002498,172.31.36.0-255,66,67815,20,74582
13043,0.002529,172.31.36.0-255,66,67881,20,74582
13044,0.002541,172.31.36.0-255,66,67947,20,74582
13045,0.002578,172.31.36.0-255,66,68013,20,74582
13046,0.002589,172.31.36.0-255,66,68079,20,74582
13047,0.002599,172.31.36.0-255,66,68145,20,74582
13048,0.002639,172.31.36.0-255,66,68211,20,74582
13049,0.002647,172.31.36.0-255,66,68277,20,74582
13050,0.005257,74.125.24.0-255,1484,69761,20,74582
13051,0.005286,74.125.24.0-255,2902,72663,20,74582
13052,0.005293,172.31.36.0-255,66,72729,20,74582
13053,0.005323,74.125.24.0-255,1484,74213,20,74582
13054,0.007913,172.31.36.0-255,66,74279,20,74582
13055,0.010518,172.31.36.0-255,66,74345,20,74582
13056,0.013109,172.31.36.0-255,66,74411,20,74582
13057,0.015715,172.31.36.0-255,66,74477,20,74582
13058,0.017641,172.31.36.0-255,105,74582,20,74582
13059,0.0,172.217.194.0-255,145,145,20,50057
13060,2.3e-05,172.31.36.0-255,66,211,20,50057
13061,3.1e-05,172.217.194.0-255,1484,1695,20,50057
13062,3.5e-05,172.31.36.0-255,66,1761,20,50057
13063,4.9e-05,172.217.194.0-255,2902,4663,20,50057
13064,5.3e-05,172.31.36.0-255,66,4729,20,50057
13065,6.1e-05,172.31.36.0-255,66,4795,20,50057
13066,0.000111,172.31.36.0-255,66,4861,20,50057
13067,0.000114,172.217.194.0-255,1484,6345,20,50057
13068,0.000117,172.31.36.0-255,66,6411,20,50057
13069,0.000137,172.31.36.0-255,66,6477,20,50057
13070,0.000144,172.217.194.0-255,1484,7961,20,50057
13071,0.000147,172.31.36.0-255,66,8027,20,50057
13072,0.000179,172.31.36.0-255,66,8093,20,50057
13073,0.000211,172.217.194.0-255,1484,9577,20,50057
13074,0.000213,172.31.36.0-255,66,9643,20,50057
13075,0.000219,172.217.194.0-255,2902,12545,20,50057
13076,0.000221,172.31.36.0-255,66,12611,20,50057
13077,0.000235,172.31.36.0-255,66,12677,20,50057
13078,0.000276,172.31.36.0-255,66,12743,20,50057
13079,0.001059,172.217.194.0-255,1484,14227,20,50057
13080,0.001065,172.31.36.0-255,66,14293,20,50057
13081,0.001074,172.217.194.0-255,2902,17195,20,50057
13082,0.001076,172.31.36.0-255,66,17261,20,50057
13083,0.001091,172.31.36.0-255,66,17327,20,50057
13084,0.001123,172.217.194.0-255,1484,18811,20,50057
13085,0.00114,172.31.36.0-255,66,18877,20,50057
13086,0.001179,172.31.36.0-255,66,18943,20,50057
13087,0.001211,172.31.36.0-255,66,19009,20,50057
13088,0.001228,172.31.36.0-255,66,19075,20,50057
13089,0.001237,172.31.36.0-255,66,19141,20,50057
13090,0.001279,172.31.36.0-255,66,19207,20,50057
13091,0.00129,172.31.36.0-255,66,19273,20,50057
13092,0.001415,172.217.194.0-255,1484,20757,20,50057
13093,0.001421,172.217.194.0-255,2902,23659,20,50057
13094,0.001425,172.31.36.0-255,66,23725,20,50057
13095,0.00146,172.31.36.0-255,66,23791,20,50057
13096,0.001472,172.31.36.0-255,66,23857,20,50057
13097,0.001501,172.217.194.0-255,2902,26759,20,50057
13098,0.001504,172.31.36.0-255,66,26825,20,50057
13099,0.00152,172.31.36.0-255,66,26891,20,50057
13100,0.001523,172.217.194.0-255,766,27657,20,50057
13101,0.001837,172.217.194.0-255,1484,29141,20,50057
13102,0.001844,172.31.36.0-255,66,29207,20,50057
13103,0.00185,172.217.194.0-255,2902,32109,20,50057
13104,0.001854,172.31.36.0-255,66,32175,20,50057
13105,0.001868,172.31.36.0-255,66,32241,20,50057
13106,0.001931,172.31.36.0-255,66,32307,20,50057
13107,0.001942,172.31.36.0-255,66,32373,20,50057
13108,0.001952,172.217.194.0-255,3602,35975,20,50057
13109,0.001954,172.31.36.0-255,66,36041,20,50057
13110,0.002036,172.217.194.0-255,1484,37525,20,50057
13111,0.002053,172.217.194.0-255,2902,40427,20,50057
13112,0.002057,172.31.36.0-255,66,40493,20,50057
13113,0.002062,172.217.194.0-255,2902,43395,20,50057
13114,0.002064,172.31.36.0-255,66,43461,20,50057
13115,0.002086,172.217.194.0-255,2902,46363,20,50057
13116,0.002088,172.31.36.0-255,66,46429,20,50057
13117,0.002101,172.31.36.0-255,66,46495,20,50057
13118,0.002136,172.31.36.0-255,66,46561,20,50057
13119,0.00214,172.217.194.0-255,2902,49463,20,50057
13120,0.002142,172.31.36.0-255,66,49529,20,50057
13121,0.002182,172.31.36.0-255,66,49595,20,50057
13122,0.004613,172.31.36.0-255,66,49661,20,50057
13123,0.006995,172.31.36.0-255,66,49727,20,50057
13124,0.00938,172.31.36.0-255,66,49793,20,50057
13125,0.011767,172.31.36.0-255,66,49859,20,50057
13126,0.014158,172.31.36.0-255,66,49925,20,50057
13127,0.016571,172.31.36.0-255,66,49991,20,50057
13128,0.018993,172.31.36.0-255,66,50057,20,50057
13129,0.0,172.217.194.0-255,152,152,20,18254
13130,3.7e-05,172.31.36.0-255,66,218,20,18254
13131,4.4e-05,172.217.194.0-255,1484,1702,20,18254
13132,4.9e-05,172.31.36.0-255,66,1768,20,18254
13133,5.5e-05,172.217.194.0-255,2902,4670,20,18254
13134,6.6e-05,172.31.36.0-255,66,4736,20,18254
13135,7.5e-05,172.31.36.0-255,66,4802,20,18254
13136,8.1e-05,172.217.194.0-255,3485,8287,20,18254
13137,8.3e-05,172.31.36.0-255,66,8353,20,18254
13138,0.000137,172.31.36.0-255,66,8419,20,18254
13139,0.000146,172.31.36.0-255,66,8485,20,18254
13140,0.000153,172.31.36.0-255,66,8551,20,18254
13141,0.000195,172.31.36.0-255,66,8617,20,18254
13142,0.000204,172.31.36.0-255,66,8683,20,18254
13143,0.001686,172.217.194.0-255,1484,10167,20,18254
13144,0.001698,172.31.36.0-255,66,10233,20,18254
13145,0.001706,172.217.194.0-255,2902,13135,20,18254
13146,0.001709,172.31.36.0-255,66,13201,20,18254
13147,0.001724,172.31.36.0-255,66,13267,20,18254
13148,0.001755,172.31.36.0-255,66,13333,20,18254
13149,0.001777,172.217.194.0-255,1425,14758,20,18254
13150,0.001779,172.31.36.0-255,66,14824,20,18254
13151,0.004019,172.31.36.0-255,66,14890,20,18254
13152,0.004061,172.217.194.0-255,1484,16374,20,18254
13153,0.006325,172.31.36.0-255,66,16440,20,18254
13154,0.008635,172.31.36.0-255,66,16506,20,18254
13155,0.010934,172.31.36.0-255,66,16572,20,18254
13156,0.013218,172.31.36.0-255,66,16638,20,18254
13157,0.015495,172.31.36.0-255,66,16704,20,18254
13158,0.017801,172.31.36.0-255,66,16770,20,18254
13159,0.017831,172.217.194.0-255,1484,18254,20,18254
13160,0.0,74.125.68.0-255,145,145,20,69432
13161,2e-05,172.31.36.0-255,66,211,20,69432
13162,2.8e-05,74.125.68.0-255,1484,1695,20,69432
13163,3.3e-05,172.31.36.0-255,66,1761,20,69432
13164,4.8e-05,74.125.68.0-255,2902,4663,20,69432
13165,5.1e-05,172.31.36.0-255,66,4729,20,69432
13166,5.5e-05,74.125.68.0-255,1484,6213,20,69432
13167,5.8e-05,172.31.36.0-255,66,6279,20,69432
13168,7.6e-05,74.125.68.0-255,1484,7763,20,69432
13169,8.3e-05,172.31.36.0-255,66,7829,20,69432
13170,0.00011,74.125.68.0-255,1484,9313,20,69432
13171,0.000113,172.31.36.0-255,66,9379,20,69432
13172,0.000123,172.31.36.0-255,66,9445,20,69432
13173,0.000353,74.125.68.0-255,1484,10929,20,69432
13174,0.000358,172.31.36.0-255,66,10995,20,69432
13175,0.000363,74.125.68.0-255,1484,12479,20,69432
13176,0.000366,172.31.36.0-255,66,12545,20,69432
13177,0.000386,74.125.68.0-255,1484,14029,20,69432
13178,0.00039,172.31.36.0-255,66,14095,20,69432
13179,0.000398,172.31.36.0-255,66,14161,20,69432
13180,0.000428,172.31.36.0-255,66,14227,20,69432
13181,0.000457,74.125.68.0-255,2543,16770,20,69432
13182,0.00046,172.31.36.0-255,66,16836,20,69432
13183,0.000512,172.31.36.0-255,66,16902,20,69432
13184,0.000535,74.125.68.0-255,1484,18386,20,69432
13185,0.000537,172.31.36.0-255,66,18452,20,69432
13186,0.000568,172.31.36.0-255,66,18518,20,69432
13187,0.00065,172.31.36.0-255,66,18584,20,69432
13188,0.000683,172.31.36.0-255,66,18650,20,69432
13189,0.000746,74.125.68.0-255,442,19092,20,69432
13190,0.000815,74.125.68.0-255,1484,20576,20,69432
13191,0.00082,172.31.36.0-255,66,20642,20,69432
13192,0.000825,74.125.68.0-255,2902,23544,20,69432
13193,0.000828,172.31.36.0-255,66,23610,20,69432
13194,0.000832,74.125.68.0-255,1484,25094,20,69432
13195,0.000857,74.125.68.0-255,2902,27996,20,69432
13196,0.00086,172.31.36.0-255,66,28062,20,69432
13197,0.000869,172.31.36.0-255,66,28128,20,69432
13198,0.000899,172.31.36.0-255,66,28194,20,69432
13199,0.000945,172.31.36.0-255,66,28260,20,69432
13200,0.000985,74.125.68.0-255,1484,29744,20,69432
13201,0.001008,172.31.36.0-255,66,29810,20,69432
13202,0.001028,74.125.68.0-255,2184,31994,20,69432
13203,0.001031,172.31.36.0-255,66,32060,20,69432
13204,0.001405,74.125.68.0-255,1484,33544,20,69432
13205,0.001425,74.125.68.0-255,2902,36446,20,69432
13206,0.001428,74.125.68.0-255,1484,37930,20,69432
13207,0.001432,172.31.36.0-255,66,37996,20,69432
13208,0.00146,74.125.68.0-255,2902,40898,20,69432
13209,0.001463,172.31.36.0-255,66,40964,20,69432
13210,0.001472,172.31.36.0-255,66,41030,20,69432
13211,0.001501,74.125.68.0-255,1484,42514,20,69432
13212,0.001519,74.125.68.0-255,2902,45416,20,69432
13213,0.001521,172.31.36.0-255,66,45482,20,69432
13214,0.001545,172.31.36.0-255,66,45548,20,69432
13215,0.001586,172.31.36.0-255,66,45614,20,69432
13216,0.001625,74.125.68.0-255,1484,47098,20,69432
13217,0.001649,172.31.36.0-255,66,47164,20,69432
13218,0.001764,74.125.68.0-255,1484,48648,20,69432
13219,0.001802,74.125.68.0-255,1484,50132,20,69432
13220,0.001805,172.31.36.0-255,66,50198,20,69432
13221,0.001842,74.125.68.0-255,2902,53100,20,69432
13222,0.001845,172.31.36.0-255,66,53166,20,69432
13223,0.001874,172.31.36.0-255,66,53232,20,69432
13224,0.001898,74.125.68.0-255,1484,54716,20,69432
13225,0.001918,74.125.68.0-255,2902,57618,20,69432
13226,0.001921,172.31.36.0-255,66,57684,20,69432
13227,0.001953,172.31.36.0-255,66,57750,20,69432
13228,0.00198,172.31.36.0-255,66,57816,20,69432
13229,0.002004,74.125.68.0-255,2902,60718,20,69432
13230,0.002007,172.31.36.0-255,66,60784,20,69432
13231,0.00203,74.125.68.0-255,1484,62268,20,69432
13232,0.002035,74.125.68.0-255,2902,65170,20,69432
13233,0.002037,172.31.36.0-255,66,65236,20,69432
13234,0.002064,74.125.68.0-255,2184,67420,20,69432
13235,0.002066,172.31.36.0-255,66,67486,20,69432
13236,0.004275,172.31.36.0-255,66,67552,20,69432
13237,0.004302,74.125.68.0-255,1484,69036,20,69432
13238,0.006499,172.31.36.0-255,66,69102,20,69432
13239,0.008711,172.31.36.0-255,66,69168,20,69432
13240,0.010949,172.31.36.0-255,66,69234,20,69432
13241,0.013226,172.31.36.0-255,66,69300,20,69432
13242,0.015467,172.31.36.0-255,66,69366,20,69432
13243,0.017791,172.31.36.0-255,66,69432,20,69432
13244,0.0,172.217.194.0-255,153,153,20,80797
13245,1.8e-05,172.31.36.0-255,66,219,20,80797
13246,2.5e-05,172.217.194.0-255,1484,1703,20,80797
13247,3e-05,172.31.36.0-255,66,1769,20,80797
13248,3.7e-05,172.217.194.0-255,2902,4671,20,80797
13249,4.8e-05,172.31.36.0-255,66,4737,20,80797
13250,6.1e-05,172.31.36.0-255,66,4803,20,80797
13251,6.6e-05,172.217.194.0-255,2066,6869,20,80797
13252,6.9e-05,172.31.36.0-255,66,6935,20,80797
13253,0.000249,172.217.194.0-255,1484,8419,20,80797
13254,0.000255,172.31.36.0-255,66,8485,20,80797
13255,0.000261,172.217.194.0-255,2902,11387,20,80797
13256,0.000264,172.31.36.0-255,66,11453,20,80797
13257,0.000269,172.217.194.0-255,2902,14355,20,80797
13258,0.000272,172.31.36.0-255,66,14421,20,80797
13259,0.000302,172.217.194.0-255,2902,17323,20,80797
13260,0.000304,172.31.36.0-255,66,17389,20,80797
13261,0.000327,172.31.36.0-255,66,17455,20,80797
13262,0.000359,172.31.36.0-255,66,17521,20,80797
13263,0.000371,172.31.36.0-255,66,17587,20,80797
13264,0.000376,172.217.194.0-255,3961,21548,20,80797
13265,0.000378,172.31.36.0-255,66,21614,20,80797
13266,0.000407,172.217.194.0-255,1484,23098,20,80797
13267,0.000409,172.31.36.0-255,66,23164,20,80797
13268,0.000438,172.217.194.0-255,2902,26066,20,80797
13269,0.000441,172.31.36.0-255,66,26132,20,80797
13270,0.00045,172.31.36.0-255,66,26198,20,80797
13271,0.000491,172.31.36.0-255,66,26264,20,80797
13272,0.000516,172.217.194.0-255,119,26383,20,80797
13273,0.00052,172.217.194.0-255,380,26763,20,80797
13274,0.000856,172.217.194.0-255,1484,28247,20,80797
13275,0.000861,172.31.36.0-255,66,28313,20,80797
13276,0.000867,172.217.194.0-255,2902,31215,20,80797
13277,0.000869,172.31.36.0-255,66,31281,20,80797
13278,0.0009,172.217.194.0-255,1484,32765,20,80797
13279,0.000918,172.31.36.0-255,66,32831,20,80797
13280,0.000922,172.217.194.0-255,1484,34315,20,80797
13281,0.00093,172.31.36.0-255,66,34381,20,80797
13282,0.000986,172.31.36.0-255,66,34447,20,80797
13283,0.00099,172.31.36.0-255,66,34513,20,80797
13284,0.001065,172.217.194.0-255,1484,35997,20,80797
13285,0.001071,172.217.194.0-255,2902,38899,20,80797
13286,0.001074,172.31.36.0-255,66,38965,20,80797
13287,0.001084,172.31.36.0-255,66,39031,20,80797
13288,0.001097,172.31.36.0-255,66,39097,20,80797
13289,0.0011,172.217.194.0-255,1484,40581,20,80797
13290,0.001133,172.31.36.0-255,66,40647,20,80797
13291,0.001147,172.31.36.0-255,66,40713,20,80797
13292,0.001156,172.31.36.0-255,66,40779,20,80797
13293,0.001209,172.31.36.0-255,66,40845,20,80797
13294,0.001222,172.31.36.0-255,66,40911,20,80797
13295,0.001265,172.31.36.0-255,66,40977,20,80797
13296,0.001329,172.217.194.0-255,1484,42461,20,80797
13297,0.001335,172.217.194.0-255,2902,45363,20,80797
13298,0.001337,172.31.36.0-255,66,45429,20,80797
13299,0.001371,172.31.36.0-255,66,45495,20,80797
13300,0.001376,172.217.194.0-255,2902,48397,20,80797
13301,0.001378,172.31.36.0-255,66,48463,20,80797
13302,0.001411,172.31.36.0-255,66,48529,20,80797
13303,0.00142,172.31.36.0-255,66,48595,20,80797
13304,0.001451,172.217.194.0-255,3602,52197,20,80797
13305,0.001462,172.31.36.0-255,66,52263,20,80797
13306,0.001466,172.217.194.0-255,1484,53747,20,80797
13307,0.001471,172.217.194.0-255,2902,56649,20,80797
13308,0.001473,172.31.36.0-255,66,56715,20,80797
13309,0.001476,172.217.194.0-255,1484,58199,20,80797
13310,0.001506,172.31.36.0-255,66,58265,20,80797
13311,0.001516,172.31.36.0-255,66,58331,20,80797
13312,0.001535,172.31.36.0-255,66,58397,20,80797
13313,0.001567,172.217.194.0-255,2902,61299,20,80797
13314,0.00157,172.31.36.0-255,66,61365,20,80797
13315,0.001574,172.217.194.0-255,2184,63549,20,80797
13316,0.001576,172.31.36.0-255,66,63615,20,80797
13317,0.001976,172.217.194.0-255,1484,65099,20,80797
13318,0.001984,172.217.194.0-255,2902,68001,20,80797
13319,0.001987,172.31.36.0-255,66,68067,20,80797
13320,0.001991,172.217.194.0-255,1484,69551,20,80797
13321,0.002021,172.31.36.0-255,66,69617,20,80797
13322,0.00204,172.31.36.0-255,66,69683,20,80797
13323,0.002079,172.31.36.0-255,66,69749,20,80797
13324,0.002107,172.31.36.0-255,66,69815,20,80797
13325,0.002137,172.217.194.0-255,2902,72717,20,80797
13326,0.00214,172.31.36.0-255,66,72783,20,80797
13327,0.002151,172.31.36.0-255,66,72849,20,80797
13328,0.002163,172.31.36.0-255,66,72915,20,80797
13329,0.004208,172.217.194.0-255,1484,74399,20,80797
13330,0.004263,172.217.194.0-255,2902,77301,20,80797
13331,0.00427,172.31.36.0-255,66,77367,20,80797
13332,0.004289,172.217.194.0-255,1484,78851,20,80797
13333,0.006352,172.31.36.0-255,66,78917,20,80797
13334,0.008411,172.31.36.0-255,66,78983,20,80797
13335,0.010505,172.31.36.0-255,66,79049,20,80797
13336,0.012607,172.31.36.0-255,66,79115,20,80797
13337,0.012639,172.217.194.0-255,1484,80599,20,80797
13338,0.014715,172.31.36.0-255,66,80665,20,80797
13339,0.016819,172.31.36.0-255,66,80731,20,80797
13340,0.018982,172.31.36.0-255,66,80797,20,80797
13341,0.0,172.217.160.0-255,153,153,20,32279
13342,1.9e-05,172.31.36.0-255,66,219,20,32279
13343,2.6e-05,172.217.160.0-255,1484,1703,20,32279
13344,3.1e-05,172.31.36.0-255,66,1769,20,32279
13345,3.6e-05,172.217.160.0-255,2902,4671,20,32279
13346,3.9e-05,172.31.36.0-255,66,4737,20,32279
13347,5.1e-05,172.31.36.0-255,66,4803,20,32279
13348,5.6e-05,172.217.160.0-255,1976,6779,20,32279
13349,5.8e-05,172.31.36.0-255,66,6845,20,32279
13350,7.3e-05,172.31.36.0-255,66,6911,20,32279
13351,0.000102,172.31.36.0-255,66,6977,20,32279
13352,0.00011,172.31.36.0-255,66,7043,20,32279
13353,0.000137,172.217.160.0-255,1484,8527,20,32279
13354,0.00014,172.31.36.0-255,66,8593,20,32279
13355,0.000153,172.31.36.0-255,66,8659,20,32279
13356,0.000642,172.217.160.0-255,1484,10143,20,32279
13357,0.000647,172.31.36.0-255,66,10209,20,32279
13358,0.000654,172.217.160.0-255,2902,13111,20,32279
13359,0.000656,172.31.36.0-255,66,13177,20,32279
13360,0.000666,172.31.36.0-255,66,13243,20,32279
13361,0.000709,172.31.36.0-255,66,13309,20,32279
13362,0.00112,172.217.160.0-255,1484,14793,20,32279
13363,0.001126,172.31.36.0-255,66,14859,20,32279
13364,0.001135,172.217.160.0-255,2902,17761,20,32279
13365,0.001137,172.31.36.0-255,66,17827,20,32279
13366,0.001257,172.31.36.0-255,66,17893,20,32279
13367,0.001682,172.217.160.0-255,1484,19377,20,32279
13368,0.001691,172.217.160.0-255,2902,22279,20,32279
13369,0.001695,172.31.36.0-255,66,22345,20,32279
13370,0.001707,172.217.160.0-255,1484,23829,20,32279
13371,0.001755,172.217.160.0-255,1484,25313,20,32279
13372,0.001771,172.217.160.0-255,3602,28915,20,32279
13373,0.001811,172.217.160.0-255,2902,31817,20,32279
13374,0.007097,172.31.36.0-255,66,31883,20,32279
13375,0.008998,172.31.36.0-255,66,31949,20,32279
13376,0.010897,172.31.36.0-255,66,32015,20,32279
13377,0.012816,172.31.36.0-255,66,32081,20,32279
13378,0.014708,172.31.36.0-255,66,32147,20,32279
13379,0.016598,172.31.36.0-255,66,32213,20,32279
13380,0.018489,172.31.36.0-255,66,32279,20,32279
13381,0.0,172.31.36.0-255,180,180,20,246
13382,0.005762,172.217.194.0-255,66,246,20,246
13383,0.0,172.31.36.0-255,230,230,20,296
13384,0.00611,74.125.130.0-255,66,296,20,296
13385,0.0,172.217.27.0-255,150,150,20,64370
13386,3.4e-05,172.31.36.0-255,66,216,20,64370
13387,4.1e-05,172.217.27.0-255,1484,1700,20,64370
13388,4.5e-05,172.31.36.0-255,66,1766,20,64370
13389,5.1e-05,172.217.27.0-255,2902,4668,20,64370
13390,5.5e-05,172.31.36.0-255,66,4734,20,64370
13391,6.5e-05,172.31.36.0-255,66,4800,20,64370
13392,6.9e-05,172.217.27.0-255,2064,6864,20,64370
13393,7.2e-05,172.31.36.0-255,66,6930,20,64370
13394,0.000483,172.217.27.0-255,1484,8414,20,64370
13395,0.000488,172.31.36.0-255,66,8480,20,64370
13396,0.000498,172.217.27.0-255,2902,11382,20,64370
13397,0.0005,172.31.36.0-255,66,11448,20,64370
13398,0.000509,172.31.36.0-255,66,11514,20,64370
13399,0.000528,172.217.27.0-255,2902,14416,20,64370
13400,0.000531,172.31.36.0-255,66,14482,20,64370
13401,0.000558,172.217.27.0-255,3961,18443,20,64370
13402,0.000563,172.31.36.0-255,66,18509,20,64370
13403,0.000722,172.217.27.0-255,1484,19993,20,64370
13404,0.000727,172.31.36.0-255,66,20059,20,64370
13405,0.000733,172.217.27.0-255,2902,22961,20,64370
13406,0.000736,172.31.36.0-255,66,23027,20,64370
13407,0.000739,172.217.27.0-255,1484,24511,20,64370
13408,0.000742,172.31.36.0-255,66,24577,20,64370
13409,0.000774,172.31.36.0-255,66,24643,20,64370
13410,0.000782,172.31.36.0-255,66,24709,20,64370
13411,0.000807,172.31.36.0-255,66,24775,20,64370
13412,0.000844,172.31.36.0-255,66,24841,20,64370
13413,0.00118,172.217.27.0-255,116,24957,20,64370
13414,0.00124,172.31.36.0-255,66,25023,20,64370
13415,0.001327,172.217.27.0-255,1484,26507,20,64370
13416,0.001336,172.217.27.0-255,2902,29409,20,64370
13417,0.00134,172.31.36.0-255,66,29475,20,64370
13418,0.001348,172.31.36.0-255,66,29541,20,64370
13419,0.001359,172.217.27.0-255,1484,31025,20,64370
13420,0.001378,172.217.27.0-255,2902,33927,20,64370
13421,0.00138,172.31.36.0-255,66,33993,20,64370
13422,0.001408,172.31.36.0-255,66,34059,20,64370
13423,0.001418,172.31.36.0-255,66,34125,20,64370
13424,0.001433,172.217.27.0-255,1125,35250,20,64370
13425,0.001527,172.217.27.0-255,1484,36734,20,64370
13426,0.001531,172.31.36.0-255,66,36800,20,64370
13427,0.001536,172.217.27.0-255,2902,39702,20,64370
13428,0.001537,172.31.36.0-255,66,39768,20,64370
13429,0.001545,172.31.36.0-255,66,39834,20,64370
13430,0.001552,172.31.36.0-255,66,39900,20,64370
13431,0.00159,172.31.36.0-255,66,39966,20,64370
13432,0.001619,172.31.36.0-255,66,40032,20,64370
13433,0.001664,172.217.27.0-255,1484,41516,20,64370
13434,0.001668,172.217.27.0-255,1484,43000,20,64370
13435,0.00167,172.31.36.0-255,66,43066,20,64370
13436,0.001689,172.217.27.0-255,1484,44550,20,64370
13437,0.001693,172.217.27.0-255,1484,46034,20,64370
13438,0.001695,172.31.36.0-255,66,46100,20,64370
13439,0.003314,172.217.27.0-255,2902,49002,20,64370
13440,0.003318,172.31.36.0-255,66,49068,20,64370
13441,0.00334,172.217.27.0-255,2902,51970,20,64370
13442,0.003342,172.31.36.0-255,66,52036,20,64370
13443,0.004994,172.217.27.0-255,2902,54938,20,64370
13444,0.005,172.31.36.0-255,66,55004,20,64370
13445,0.005024,172.217.27.0-255,2902,57906,20,64370
13446,0.005027,172.31.36.0-255,66,57972,20,64370
13447,0.006652,172.217.27.0-255,2902,60874,20,64370
13448,0.006657,172.31.36.0-255,66,60940,20,64370
13449,0.00668,172.217.27.0-255,2902,63842,20,64370
13450,0.006684,172.31.36.0-255,66,63908,20,64370
13451,0.008326,172.31.36.0-255,66,63974,20,64370
13452,0.009997,172.31.36.0-255,66,64040,20,64370
13453,0.011665,172.31.36.0-255,66,64106,20,64370
13454,0.013347,172.31.36.0-255,66,64172,20,64370
13455,0.01502,172.31.36.0-255,66,64238,20,64370
13456,0.016682,172.31.36.0-255,66,64304,20,64370
13457,0.018358,172.31.36.0-255,66,64370,20,64370
13458,0.0,74.125.68.0-255,153,153,20,96238
13459,2.3e-05,172.31.36.0-255,66,219,20,96238
13460,3.1e-05,74.125.68.0-255,1484,1703,20,96238
13461,3.5e-05,172.31.36.0-255,66,1769,20,96238
13462,4e-05,74.125.68.0-255,2902,4671,20,96238
13463,4.3e-05,172.31.36.0-255,66,4737,20,96238
13464,5.2e-05,172.31.36.0-255,66,4803,20,96238
13465,7.8e-05,74.125.68.0-255,1484,6287,20,96238
13466,8e-05,172.31.36.0-255,66,6353,20,96238
13467,8.6e-05,74.125.68.0-255,3472,9825,20,96238
13468,8.9e-05,172.31.36.0-255,66,9891,20,96238
13469,0.000129,74.125.68.0-255,1484,11375,20,96238
13470,0.000131,172.31.36.0-255,66,11441,20,96238
13471,0.000136,74.125.68.0-255,2902,14343,20,96238
13472,0.000138,172.31.36.0-255,66,14409,20,96238
13473,0.000151,74.125.68.0-255,1484,15893,20,96238
13474,0.000154,172.31.36.0-255,66,15959,20,96238
13475,0.000185,172.31.36.0-255,66,16025,20,96238
13476,0.000193,172.31.36.0-255,66,16091,20,96238
13477,0.000212,74.125.68.0-255,1125,17216,20,96238
13478,0.000214,172.31.36.0-255,66,17282,20,96238
13479,0.000568,74.125.68.0-255,1484,18766,20,96238
13480,0.000573,172.31.36.0-255,66,18832,20,96238
13481,0.000595,74.125.68.0-255,2902,21734,20,96238
13482,0.000598,172.31.36.0-255,66,21800,20,96238
13483,0.000601,74.125.68.0-255,1484,23284,20,96238
13484,0.000603,172.31.36.0-255,66,23350,20,96238
13485,0.000633,74.125.68.0-255,2902,26252,20,96238
13486,0.000637,172.31.36.0-255,66,26318,20,96238
13487,0.000645,172.31.36.0-255,66,26384,20,96238
13488,0.000648,74.125.68.0-255,1484,27868,20,96238
13489,0.000666,74.125.68.0-255,3961,31829,20,96238
13490,0.000668,172.31.36.0-255,66,31895,20,96238
13491,0.000671,74.125.68.0-255,1484,33379,20,96238
13492,0.000696,74.125.68.0-255,2902,36281,20,96238
13493,0.000698,172.31.36.0-255,66,36347,20,96238
13494,0.00073,172.31.36.0-255,66,36413,20,96238
13495,0.000774,74.125.68.0-255,2902,39315,20,96238
13496,0.000778,172.31.36.0-255,66,39381,20,96238
13497,0.000795,74.125.68.0-255,2543,41924,20,96238
13498,0.000798,172.31.36.0-255,66,41990,20,96238
13499,0.000995,74.125.68.0-255,410,42400,20,96238
13500,0.001162,172.31.36.0-255,66,42466,20,96238
13501,0.001327,74.125.68.0-255,1484,43950,20,96238
13502,0.001344,74.125.68.0-255,1484,45434,20,96238
13503,0.001348,172.31.36.0-255,66,45500,20,96238
13504,0.001366,74.125.68.0-255,1484,46984,20,96238
13505,0.001369,74.125.68.0-255,1484,48468,20,96238
13506,0.001371,172.31.36.0-255,66,48534,20,96238
13507,0.001376,74.125.68.0-255,2902,51436,20,96238
13508,0.001378,172.31.36.0-255,66,51502,20,96238
13509,0.001386,172.31.36.0-255,66,51568,20,96238
13510,0.001393,172.31.36.0-255,66,51634,20,96238
13511,0.001415,74.125.68.0-255,1484,53118,20,96238
13512,0.001433,172.31.36.0-255,66,53184,20,96238
13513,0.001464,74.125.68.0-255,2902,56086,20,96238
13514,0.001467,172.31.36.0-255,66,56152,20,96238
13515,0.001475,172.31.36.0-255,66,56218,20,96238
13516,0.001619,74.125.68.0-255,1032,57250,20,96238
13517,0.001819,74.125.68.0-255,1484,58734,20,96238
13518,0.001823,172.31.36.0-255,66,58800,20,96238
13519,0.00183,74.125.68.0-255,2902,61702,20,96238
13520,0.001832,172.31.36.0-255,66,61768,20,96238
13521,0.001861,172.31.36.0-255,66,61834,20,96238
13522,0.001865,74.125.68.0-255,2902,64736,20,96238
13523,0.001867,172.31.36.0-255,66,64802,20,96238
13524,0.001883,74.125.68.0-255,2902,67704,20,96238
13525,0.001885,172.31.36.0-255,66,67770,20,96238
13526,0.001902,172.31.36.0-255,66,67836,20,96238
13527,0.001934,172.31.36.0-255,66,67902,20,96238
13528,0.001962,172.31.36.0-255,66,67968,20,96238
13529,0.002235,74.125.68.0-255,1484,69452,20,96238
13530,0.00224,74.125.68.0-255,1484,70936,20,96238
13531,0.002243,172.31.36.0-255,66,71002,20,96238
13532,0.002258,74.125.68.0-255,1484,72486,20,96238
13533,0.002266,172.31.36.0-255,66,72552,20,96238
13534,0.002282,74.125.68.0-255,2902,75454,20,96238
13535,0.002284,172.31.36.0-255,66,75520,20,96238
13536,0.002304,172.31.36.0-255,66,75586,20,96238
13537,0.002313,172.31.36.0-255,66,75652,20,96238
13538,0.002344,74.125.68.0-255,2902,78554,20,96238
13539,0.002346,172.31.36.0-255,66,78620,20,96238
13540,0.002367,172.31.36.0-255,66,78686,20,96238
13541,0.002372,74.125.68.0-255,3602,82288,20,96238
13542,0.002374,172.31.36.0-255,66,82354,20,96238
13543,0.002439,74.125.68.0-255,1484,83838,20,96238
13544,0.002451,74.125.68.0-255,2902,86740,20,96238
13545,0.002454,172.31.36.0-255,66,86806,20,96238
13546,0.002479,74.125.68.0-255,2902,89708,20,96238
13547,0.002482,172.31.36.0-255,66,89774,20,96238
13548,0.002501,74.125.68.0-255,2902,92676,20,96238
13549,0.002504,172.31.36.0-255,66,92742,20,96238
13550,0.002512,172.31.36.0-255,66,92808,20,96238
13551,0.002528,172.31.36.0-255,66,92874,20,96238
13552,0.002545,74.125.68.0-255,2902,95776,20,96238
13553,0.002548,172.31.36.0-255,66,95842,20,96238
13554,0.005095,172.31.36.0-255,66,95908,20,96238
13555,0.007622,172.31.36.0-255,66,95974,20,96238
13556,0.010163,172.31.36.0-255,66,96040,20,96238
13557,0.012701,172.31.36.0-255,66,96106,20,96238
13558,0.015251,172.31.36.0-255,66,96172,20,96238
13559,0.017787,172.31.36.0-255,66,96238,20,96238
13560,0.0,172.31.36.0-255,105,105,20,276
13561,0.00207,157.240.13.0-255,105,210,20,276
13562,0.002087,172.31.36.0-255,66,276,20,276
13563,0.0,74.125.24.0-255,291,291,20,24979
13564,3.6e-05,172.31.36.0-255,66,357,20,24979
13565,4.3e-05,74.125.24.0-255,1484,1841,20,24979
13566,4.6e-05,172.31.36.0-255,66,1907,20,24979
13567,5.7e-05,172.31.36.0-255,66,1973,20,24979
13568,6.7e-05,172.31.36.0-255,66,2039,20,24979
13569,0.000147,74.125.24.0-255,1484,3523,20,24979
13570,0.000152,172.31.36.0-255,66,3589,20,24979
13571,0.000157,74.125.24.0-255,2902,6491,20,24979
13572,0.000159,172.31.36.0-255,66,6557,20,24979
13573,0.000168,172.31.36.0-255,66,6623,20,24979
13574,0.000204,172.31.36.0-255,66,6689,20,24979
13575,0.000547,74.125.24.0-255,1484,8173,20,24979
13576,0.000553,172.31.36.0-255,66,8239,20,24979
13577,0.000558,74.125.24.0-255,2902,11141,20,24979
13578,0.00056,172.31.36.0-255,66,11207,20,24979
13579,0.000564,74.125.24.0-255,1484,12691,20,24979
13580,0.000565,172.31.36.0-255,66,12757,20,24979
13581,0.000595,172.31.36.0-255,66,12823,20,24979
13582,0.000598,74.125.24.0-255,1484,14307,20,24979
13583,0.0006,172.31.36.0-255,66,14373,20,24979
13584,0.000627,172.31.36.0-255,66,14439,20,24979
13585,0.000695,172.31.36.0-255,66,14505,20,24979
13586,0.00072,172.31.36.0-255,66,14571,20,24979
13587,0.001231,74.125.24.0-255,646,15217,20,24979
13588,0.001275,74.125.24.0-255,1484,16701,20,24979
13589,0.00128,172.31.36.0-255,66,16767,20,24979
13590,0.001287,74.125.24.0-255,2902,19669,20,24979
13591,0.001289,172.31.36.0-255,66,19735,20,24979
13592,0.001308,74.125.24.0-255,2902,22637,20,24979
13593,0.001311,172.31.36.0-255,66,22703,20,24979
13594,0.001319,172.31.36.0-255,66,22769,20,24979
13595,0.001346,172.31.36.0-255,66,22835,20,24979
13596,0.001357,74.125.24.0-255,1484,24319,20,24979
13597,0.001386,172.31.36.0-255,66,24385,20,24979
13598,0.003379,172.31.36.0-255,66,24451,20,24979
13599,0.005383,172.31.36.0-255,66,24517,20,24979
13600,0.007374,172.31.36.0-255,66,24583,20,24979
13601,0.009377,172.31.36.0-255,66,24649,20,24979
13602,0.011381,172.31.36.0-255,66,24715,20,24979
13603,0.013348,172.31.36.0-255,66,24781,20,24979
13604,0.015319,172.31.36.0-255,66,24847,20,24979
13605,0.017277,172.31.36.0-255,66,24913,20,24979
13606,0.019288,172.31.36.0-255,66,24979,20,24979
13607,0.0,74.125.200.0-255,146,146,20,71777
13608,1.5e-05,172.31.36.0-255,66,212,20,71777
13609,5e-05,74.125.200.0-255,1484,1696,20,71777
13610,5.5e-05,172.31.36.0-255,66,1762,20,71777
13611,6e-05,74.125.200.0-255,2902,4664,20,71777
13612,6.3e-05,172.31.36.0-255,66,4730,20,71777
13613,7.2e-05,172.31.36.0-255,66,4796,20,71777
13614,7.6e-05,74.125.200.0-255,2030,6826,20,71777
13615,7.8e-05,172.31.36.0-255,66,6892,20,71777
13616,8.2e-05,74.125.200.0-255,2902,9794,20,71777
13617,8.4e-05,172.31.36.0-255,66,9860,20,71777
13618,0.000126,172.31.36.0-255,66,9926,20,71777
13619,0.000129,74.125.200.0-255,1484,11410,20,71777
13620,0.00013,172.31.36.0-255,66,11476,20,71777
13621,0.000134,74.125.200.0-255,2902,14378,20,71777
13622,0.000136,172.31.36.0-255,66,14444,20,71777
13623,0.000176,74.125.200.0-255,2543,16987,20,71777
13624,0.00018,172.31.36.0-255,66,17053,20,71777
13625,0.000239,74.125.200.0-255,1484,18537,20,71777
13626,0.000241,172.31.36.0-255,66,18603,20,71777
13627,0.000269,74.125.200.0-255,2902,21505,20,71777
13628,0.000272,172.31.36.0-255,66,21571,20,71777
13629,0.000275,74.125.200.0-255,1484,23055,20,71777
13630,0.000276,172.31.36.0-255,66,23121,20,71777
13631,0.000309,172.31.36.0-255,66,23187,20,71777
13632,0.000318,172.31.36.0-255,66,23253,20,71777
13633,0.000322,74.125.200.0-255,2902,26155,20,71777
13634,0.000324,172.31.36.0-255,66,26221,20,71777
13635,0.000355,172.31.36.0-255,66,26287,20,71777
13636,0.000386,74.125.200.0-255,1484,27771,20,71777
13637,0.000399,74.125.200.0-255,2902,30673,20,71777
13638,0.000401,172.31.36.0-255,66,30739,20,71777
13639,0.000423,172.31.36.0-255,66,30805,20,71777
13640,0.000445,74.125.200.0-255,766,31571,20,71777
13641,0.000491,74.125.200.0-255,397,31968,20,71777
13642,0.000537,74.125.200.0-255,113,32081,20,71777
13643,0.000651,74.125.200.0-255,1484,33565,20,71777
13644,0.000654,172.31.36.0-255,66,33631,20,71777
13645,0.000659,74.125.200.0-255,2902,36533,20,71777
13646,0.000661,172.31.36.0-255,66,36599,20,71777
13647,0.000664,74.125.200.0-255,1484,38083,20,71777
13648,0.000684,74.125.200.0-255,1484,39567,20,71777
13649,0.000686,172.31.36.0-255,66,39633,20,71777
13650,0.000693,172.31.36.0-255,66,39699,20,71777
13651,0.000732,172.31.36.0-255,66,39765,20,71777
13652,0.000736,172.31.36.0-255,66,39831,20,71777
13653,0.000742,172.31.36.0-255,66,39897,20,71777
13654,0.000753,74.125.200.0-255,2902,42799,20,71777
13655,0.000756,172.31.36.0-255,66,42865,20,71777
13656,0.000758,74.125.200.0-255,766,43631,20,71777
13657,0.000797,74.125.200.0-255,1484,45115,20,71777
13658,0.0008,172.31.36.0-255,66,45181,20,71777
13659,0.00083,172.31.36.0-255,66,45247,20,71777
13660,0.000836,172.31.36.0-255,66,45313,20,71777
13661,0.000849,172.31.36.0-255,66,45379,20,71777
13662,0.000885,172.31.36.0-255,66,45445,20,71777
13663,0.000913,172.31.36.0-255,66,45511,20,71777
13664,0.000926,172.31.36.0-255,66,45577,20,71777
13665,0.000952,74.125.200.0-255,1484,47061,20,71777
13666,0.000983,172.31.36.0-255,66,47127,20,71777
13667,0.001451,74.125.200.0-255,1484,48611,20,71777
13668,0.001471,74.125.200.0-255,2902,51513,20,71777
13669,0.001474,172.31.36.0-255,66,51579,20,71777
13670,0.001478,74.125.200.0-255,1484,53063,20,71777
13671,0.001495,74.125.200.0-255,2902,55965,20,71777
13672,0.001497,172.31.36.0-255,66,56031,20,71777
13673,0.001504,172.31.36.0-255,66,56097,20,71777
13674,0.001525,74.125.200.0-255,1484,57581,20,71777
13675,0.001569,172.31.36.0-255,66,57647,20,71777
13676,0.00159,172.31.36.0-255,66,57713,20,71777
13677,0.001617,74.125.200.0-255,2184,59897,20,71777
13678,0.001619,172.31.36.0-255,66,59963,20,71777
13679,0.00164,74.125.200.0-255,1484,61447,20,71777
13680,0.001644,74.125.200.0-255,2902,64349,20,71777
13681,0.001646,172.31.36.0-255,66,64415,20,71777
13682,0.001685,172.31.36.0-255,66,64481,20,71777
13683,0.001694,172.31.36.0-255,66,64547,20,71777
13684,0.001714,74.125.200.0-255,2902,67449,20,71777
13685,0.001717,172.31.36.0-255,66,67515,20,71777
13686,0.001756,172.31.36.0-255,66,67581,20,71777
13687,0.00176,74.125.200.0-255,2184,69765,20,71777
13688,0.001762,172.31.36.0-255,66,69831,20,71777
13689,0.004069,172.31.36.0-255,66,69897,20,71777
13690,0.006373,74.125.200.0-255,1484,71381,20,71777
13691,0.006396,172.31.36.0-255,66,71447,20,71777
13692,0.008717,172.31.36.0-255,66,71513,20,71777
13693,0.011042,172.31.36.0-255,66,71579,20,71777
13694,0.01337,172.31.36.0-255,66,71645,20,71777
13695,0.015706,172.31.36.0-255,66,71711,20,71777
13696,0.018032,172.31.36.0-255,66,71777,20,71777
13697,0.0,74.125.130.0-255,153,153,20,64637
13698,3e-05,172.31.36.0-255,66,219,20,64637
13699,3.7e-05,74.125.130.0-255,1484,1703,20,64637
13700,4.1e-05,172.31.36.0-255,66,1769,20,64637
13701,4.7e-05,74.125.130.0-255,2902,4671,20,64637
13702,5e-05,172.31.36.0-255,66,4737,20,64637
13703,6e-05,172.31.36.0-255,66,4803,20,64637
13704,8.2e-05,74.125.130.0-255,2902,7705,20,64637
13705,8.7e-05,172.31.36.0-255,66,7771,20,64637
13706,0.000113,172.31.36.0-255,66,7837,20,64637
13707,0.000124,172.31.36.0-255,66,7903,20,64637
13708,0.000164,74.125.130.0-255,2543,10446,20,64637
13709,0.000166,172.31.36.0-255,66,10512,20,64637
13710,0.000206,74.125.130.0-255,1484,11996,20,64637
13711,0.000209,172.31.36.0-255,66,12062,20,64637
13712,0.000214,74.125.130.0-255,1484,13546,20,64637
13713,0.000217,172.31.36.0-255,66,13612,20,64637
13714,0.00023,74.125.130.0-255,1484,15096,20,64637
13715,0.000232,172.31.36.0-255,66,15162,20,64637
13716,0.00024,172.31.36.0-255,66,15228,20,64637
13717,0.000258,74.125.130.0-255,1484,16712,20,64637
13718,0.000261,172.31.36.0-255,66,16778,20,64637
13719,0.000271,172.31.36.0-255,66,16844,20,64637
13720,0.000298,74.125.130.0-255,1125,17969,20,64637
13721,0.0003,172.31.36.0-255,66,18035,20,64637
13722,0.00107,74.125.130.0-255,1484,19519,20,64637
13723,0.001076,172.31.36.0-255,66,19585,20,64637
13724,0.001083,74.125.130.0-255,2902,22487,20,64637
13725,0.001085,172.31.36.0-255,66,22553,20,64637
13726,0.001089,74.125.130.0-255,1484,24037,20,64637
13727,0.001116,172.31.36.0-255,66,24103,20,64637
13728,0.001125,172.31.36.0-255,66,24169,20,64637
13729,0.001199,74.125.130.0-255,1484,25653,20,64637
13730,0.001217,74.125.130.0-255,2902,28555,20,64637
13731,0.001222,172.31.36.0-255,66,28621,20,64637
13732,0.001231,172.31.36.0-255,66,28687,20,64637
13733,0.001284,172.31.36.0-255,66,28753,20,64637
13734,0.001307,172.31.36.0-255,66,28819,20,64637
13735,0.001317,172.31.36.0-255,66,28885,20,64637
13736,0.001337,172.31.36.0-255,66,28951,20,64637
13737,0.001351,172.31.36.0-255,66,29017,20,64637
13738,0.001392,74.125.130.0-255,3518,32535,20,64637
13739,0.001395,172.31.36.0-255,66,32601,20,64637
13740,0.001514,74.125.130.0-255,1484,34085,20,64637
13741,0.001531,74.125.130.0-255,1484,35569,20,64637
13742,0.001533,172.31.36.0-255,66,35635,20,64637
13743,0.001551,74.125.130.0-255,1484,37119,20,64637
13744,0.001557,74.125.130.0-255,2902,40021,20,64637
13745,0.001559,172.31.36.0-255,66,40087,20,64637
13746,0.001567,172.31.36.0-255,66,40153,20,64637
13747,0.001596,172.31.36.0-255,66,40219,20,64637
13748,0.001608,74.125.130.0-255,1820,42039,20,64637
13749,0.00161,172.31.36.0-255,66,42105,20,64637
13750,0.001647,74.125.130.0-255,1484,43589,20,64637
13751,0.001651,74.125.130.0-255,2902,46491,20,64637
13752,0.001654,172.31.36.0-255,66,46557,20,64637
13753,0.001677,172.31.36.0-255,66,46623,20,64637
13754,0.001704,172.31.36.0-255,66,46689,20,64637
13755,0.001719,74.125.130.0-255,2902,49591,20,64637
13756,0.001721,172.31.36.0-255,66,49657,20,64637
13757,0.001731,172.31.36.0-255,66,49723,20,64637
13758,0.001753,74.125.130.0-255,3602,53325,20,64637
13759,0.001755,172.31.36.0-255,66,53391,20,64637
13760,0.001861,74.125.130.0-255,1484,54875,20,64637
13761,0.001864,74.125.130.0-255,1484,56359,20,64637
13762,0.001866,172.31.36.0-255,66,56425,20,64637
13763,0.00188,74.125.130.0-255,1484,57909,20,64637
13764,0.001888,172.31.36.0-255,66,57975,20,64637
13765,0.001915,172.31.36.0-255,66,58041,20,64637
13766,0.001928,74.125.130.0-255,2902,60943,20,64637
13767,0.00193,172.31.36.0-255,66,61009,20,64637
13768,0.00197,74.125.130.0-255,2902,63911,20,64637
13769,0.001973,172.31.36.0-255,66,63977,20,64637
13770,0.001998,172.31.36.0-255,66,64043,20,64637
13771,0.00394,172.31.36.0-255,66,64109,20,64637
13772,0.005926,172.31.36.0-255,66,64175,20,64637
13773,0.007896,172.31.36.0-255,66,64241,20,64637
13774,0.009861,172.31.36.0-255,66,64307,20,64637
13775,0.011822,172.31.36.0-255,66,64373,20,64637
13776,0.013773,172.31.36.0-255,66,64439,20,64637
13777,0.015731,172.31.36.0-255,66,64505,20,64637
13778,0.017694,172.31.36.0-255,66,64571,20,64637
13779,0.019645,172.31.36.0-255,66,64637,20,64637
13780,0.0,74.125.24.0-255,296,296,20,34177
13781,3.7e-05,172.31.36.0-255,66,362,20,34177
13782,4.3e-05,74.125.24.0-255,1484,1846,20,34177
13783,4.8e-05,172.31.36.0-255,66,1912,20,34177
13784,5.7e-05,172.31.36.0-255,66,1978,20,34177
13785,6.7e-05,172.31.36.0-255,66,2044,20,34177
13786,7.5e-05,172.31.36.0-255,66,2110,20,34177
13787,0.000114,172.31.36.0-255,66,2176,20,34177
13788,0.000119,74.125.24.0-255,1125,3301,20,34177
13789,0.000121,172.31.36.0-255,66,3367,20,34177
13790,0.000125,74.125.24.0-255,1484,4851,20,34177
13791,0.000126,172.31.36.0-255,66,4917,20,34177
13792,0.00013,74.125.24.0-255,2902,7819,20,34177
13793,0.000132,172.31.36.0-255,66,7885,20,34177
13794,0.000163,172.31.36.0-255,66,7951,20,34177
13795,0.000187,172.31.36.0-255,66,8017,20,34177
13796,0.001439,74.125.24.0-255,1484,9501,20,34177
13797,0.001446,172.31.36.0-255,66,9567,20,34177
13798,0.001455,74.125.24.0-255,1484,11051,20,34177
13799,0.001457,172.31.36.0-255,66,11117,20,34177
13800,0.001478,74.125.24.0-255,1484,12601,20,34177
13801,0.001481,172.31.36.0-255,66,12667,20,34177
13802,0.001515,172.31.36.0-255,66,12733,20,34177
13803,0.001527,172.31.36.0-255,66,12799,20,34177
13804,0.001567,172.31.36.0-255,66,12865,20,34177
13805,0.001579,172.31.36.0-255,66,12931,20,34177
13806,0.001602,172.31.36.0-255,66,12997,20,34177
13807,0.001631,74.125.24.0-255,2184,15181,20,34177
13808,0.001634,172.31.36.0-255,66,15247,20,34177
13809,0.001644,172.31.36.0-255,66,15313,20,34177
13810,0.001789,74.125.24.0-255,1484,16797,20,34177
13811,0.001797,74.125.24.0-255,2902,19699,20,34177
13812,0.0018,172.31.36.0-255,66,19765,20,34177
13813,0.001805,74.125.24.0-255,2902,22667,20,34177
13814,0.001807,172.31.36.0-255,66,22733,20,34177
13815,0.001819,74.125.24.0-255,1484,24217,20,34177
13816,0.001847,172.31.36.0-255,66,24283,20,34177
13817,0.001893,74.125.24.0-255,1484,25767,20,34177
13818,0.001926,172.31.36.0-255,66,25833,20,34177
13819,0.001938,172.31.36.0-255,66,25899,20,34177
13820,0.001942,74.125.24.0-255,2902,28801,20,34177
13821,0.001944,172.31.36.0-255,66,28867,20,34177
13822,0.001976,172.31.36.0-255,66,28933,20,34177
13823,0.002,172.31.36.0-255,66,28999,20,34177
13824,0.002026,74.125.24.0-255,1484,30483,20,34177
13825,0.002046,74.125.24.0-255,2902,33385,20,34177
13826,0.002049,172.31.36.0-255,66,33451,20,34177
13827,0.002057,172.31.36.0-255,66,33517,20,34177
13828,0.00212,172.31.36.0-255,66,33583,20,34177
13829,0.002128,172.31.36.0-255,66,33649,20,34177
13830,0.002139,172.31.36.0-255,66,33715,20,34177
13831,0.004517,172.31.36.0-255,66,33781,20,34177
13832,0.006861,172.31.36.0-255,66,33847,20,34177
13833,0.009211,172.31.36.0-255,66,33913,20,34177
13834,0.011587,172.31.36.0-255,66,33979,20,34177
13835,0.013947,172.31.36.0-255,66,34045,20,34177
13836,0.016283,172.31.36.0-255,66,34111,20,34177
13837,0.018639,172.31.36.0-255,66,34177,20,34177
13838,0.0,172.217.194.0-255,153,153,20,81641
13839,3.1e-05,172.31.36.0-255,66,219,20,81641
13840,3.8e-05,172.217.194.0-255,1484,1703,20,81641
13841,4.2e-05,172.31.36.0-255,66,1769,20,81641
13842,4.7e-05,172.217.194.0-255,2902,4671,20,81641
13843,4.9e-05,172.31.36.0-255,66,4737,20,81641
13844,5.8e-05,172.31.36.0-255,66,4803,20,81641
13845,6.5e-05,172.31.36.0-255,66,4869,20,81641
13846,8.5e-05,172.217.194.0-255,1484,6353,20,81641
13847,8.8e-05,172.31.36.0-255,66,6419,20,81641
13848,0.000104,172.31.36.0-255,66,6485,20,81641
13849,0.000134,172.31.36.0-255,66,6551,20,81641
13850,0.000174,172.217.194.0-255,1484,8035,20,81641
13851,0.000176,172.31.36.0-255,66,8101,20,81641
13852,0.000181,172.217.194.0-255,2902,11003,20,81641
13853,0.000183,172.31.36.0-255,66,11069,20,81641
13854,0.000235,172.31.36.0-255,66,11135,20,81641
13855,0.000244,172.31.36.0-255,66,11201,20,81641
13856,0.000257,172.31.36.0-255,66,11267,20,81641
13857,0.000261,172.217.194.0-255,2797,14064,20,81641
13858,0.000263,172.31.36.0-255,66,14130,20,81641
13859,0.000289,172.217.194.0-255,120,14250,20,81641
13860,0.000291,172.31.36.0-255,66,14316,20,81641
13861,0.00031,172.217.194.0-255,378,14694,20,81641
13862,0.000312,172.31.36.0-255,66,14760,20,81641
13863,0.000474,172.217.194.0-255,1484,16244,20,81641
13864,0.000496,172.217.194.0-255,2902,19146,20,81641
13865,0.000498,172.217.194.0-255,1484,20630,20,81641
13866,0.000501,172.31.36.0-255,66,20696,20,81641
13867,0.000522,172.31.36.0-255,66,20762,20,81641
13868,0.000549,172.31.36.0-255,66,20828,20,81641
13869,0.000584,172.217.194.0-255,1484,22312,20,81641
13870,0.000618,172.31.36.0-255,66,22378,20,81641
13871,0.000645,172.217.194.0-255,2902,25280,20,81641
13872,0.00065,172.31.36.0-255,66,25346,20,81641
13873,0.00066,172.217.194.0-255,2543,27889,20,81641
13874,0.000663,172.31.36.0-255,66,27955,20,81641
13875,0.00146,172.217.194.0-255,1484,29439,20,81641
13876,0.001467,172.217.194.0-255,2902,32341,20,81641
13877,0.001471,172.31.36.0-255,66,32407,20,81641
13878,0.00148,172.31.36.0-255,66,32473,20,81641
13879,0.00149,172.217.194.0-255,1484,33957,20,81641
13880,0.001493,172.217.194.0-255,1484,35441,20,81641
13881,0.001495,172.31.36.0-255,66,35507,20,81641
13882,0.001515,172.31.36.0-255,66,35573,20,81641
13883,0.001522,172.31.36.0-255,66,35639,20,81641
13884,0.00155,172.31.36.0-255,66,35705,20,81641
13885,0.001553,172.217.194.0-255,766,36471,20,81641
13886,0.001799,172.217.194.0-255,1484,37955,20,81641
13887,0.001801,172.31.36.0-255,66,38021,20,81641
13888,0.001804,172.217.194.0-255,1484,39505,20,81641
13889,0.001815,172.217.194.0-255,1484,40989,20,81641
13890,0.001817,172.31.36.0-255,66,41055,20,81641
13891,0.00182,172.217.194.0-255,1484,42539,20,81641
13892,0.001831,172.217.194.0-255,2902,45441,20,81641
13893,0.001833,172.31.36.0-255,66,45507,20,81641
13894,0.001846,172.217.194.0-255,1484,46991,20,81641
13895,0.001856,172.31.36.0-255,66,47057,20,81641
13896,0.001882,172.31.36.0-255,66,47123,20,81641
13897,0.001889,172.31.36.0-255,66,47189,20,81641
13898,0.001902,172.217.194.0-255,3602,50791,20,81641
13899,0.001904,172.31.36.0-255,66,50857,20,81641
13900,0.001919,172.31.36.0-255,66,50923,20,81641
13901,0.001928,172.31.36.0-255,66,50989,20,81641
13902,0.001946,172.31.36.0-255,66,51055,20,81641
13903,0.00197,172.31.36.0-255,66,51121,20,81641
13904,0.001977,172.31.36.0-255,66,51187,20,81641
13905,0.001999,172.31.36.0-255,66,51253,20,81641
13906,0.00202,172.217.194.0-255,3602,54855,20,81641
13907,0.002022,172.31.36.0-255,66,54921,20,81641
13908,0.002036,172.217.194.0-255,1484,56405,20,81641
13909,0.002039,172.217.194.0-255,1484,57889,20,81641
13910,0.002041,172.31.36.0-255,66,57955,20,81641
13911,0.002059,172.217.194.0-255,1484,59439,20,81641
13912,0.002067,172.31.36.0-255,66,59505,20,81641
13913,0.002114,172.31.36.0-255,66,59571,20,81641
13914,0.002137,172.217.194.0-255,2902,62473,20,81641
13915,0.002139,172.31.36.0-255,66,62539,20,81641
13916,0.002152,172.31.36.0-255,66,62605,20,81641
13917,0.002156,172.217.194.0-255,2184,64789,20,81641
13918,0.002158,172.31.36.0-255,66,64855,20,81641
13919,0.002293,172.217.194.0-255,1484,66339,20,81641
13920,0.002304,172.217.194.0-255,2902,69241,20,81641
13921,0.002306,172.31.36.0-255,66,69307,20,81641
13922,0.002323,172.217.194.0-255,2902,72209,20,81641
13923,0.002325,172.31.36.0-255,66,72275,20,81641
13924,0.002345,172.217.194.0-255,2902,75177,20,81641
13925,0.002348,172.31.36.0-255,66,75243,20,81641
13926,0.002365,172.31.36.0-255,66,75309,20,81641
13927,0.002368,172.217.194.0-255,1484,76793,20,81641
13928,0.004614,172.217.194.0-255,2902,79695,20,81641
13929,0.004617,172.31.36.0-255,66,79761,20,81641
13930,0.004629,172.217.194.0-255,1484,81245,20,81641
13931,0.006896,172.31.36.0-255,66,81311,20,81641
13932,0.009164,172.31.36.0-255,66,81377,20,81641
13933,0.011415,172.31.36.0-255,66,81443,20,81641
13934,0.013679,172.31.36.0-255,66,81509,20,81641
13935,0.015974,172.31.36.0-255,66,81575,20,81641
13936,0.018243,172.31.36.0-255,66,81641,20,81641
13937,0.0,172.217.194.0-255,152,152,20,75055
13938,1.4e-05,172.31.36.0-255,66,218,20,75055
13939,2e-05,172.217.194.0-255,1484,1702,20,75055
13940,2.4e-05,172.31.36.0-255,66,1768,20,75055
13941,3e-05,172.217.194.0-255,2902,4670,20,75055
13942,3.3e-05,172.31.36.0-255,66,4736,20,75055
13943,3.6e-05,172.217.194.0-255,1484,6220,20,75055
13944,3.9e-05,172.31.36.0-255,66,6286,20,75055
13945,7.4e-05,172.31.36.0-255,66,6352,20,75055
13946,8.4e-05,172.31.36.0-255,66,6418,20,75055
13947,9.2e-05,172.31.36.0-255,66,6484,20,75055
13948,0.000128,172.31.36.0-255,66,6550,20,75055
13949,0.00013,172.217.194.0-255,1484,8034,20,75055
13950,0.000132,172.31.36.0-255,66,8100,20,75055
13951,0.000137,172.217.194.0-255,2902,11002,20,75055
13952,0.00014,172.31.36.0-255,66,11068,20,75055
13953,0.000173,172.31.36.0-255,66,11134,20,75055
13954,0.000177,172.217.194.0-255,2902,14036,20,75055
13955,0.000179,172.31.36.0-255,66,14102,20,75055
13956,0.000199,172.217.194.0-255,3961,18063,20,75055
13957,0.000201,172.31.36.0-255,66,18129,20,75055
13958,0.000447,172.217.194.0-255,1484,19613,20,75055
13959,0.000452,172.31.36.0-255,66,19679,20,75055
13960,0.000458,172.217.194.0-255,2902,22581,20,75055
13961,0.000461,172.31.36.0-255,66,22647,20,75055
13962,0.000466,172.217.194.0-255,2902,25549,20,75055
13963,0.000469,172.31.36.0-255,66,25615,20,75055
13964,0.000499,172.217.194.0-255,1484,27099,20,75055
13965,0.000519,172.31.36.0-255,66,27165,20,75055
13966,0.000524,172.217.194.0-255,2543,29708,20,75055
13967,0.000526,172.31.36.0-255,66,29774,20,75055
13968,0.00059,172.31.36.0-255,66,29840,20,75055
13969,0.000609,172.217.194.0-255,1484,31324,20,75055
13970,0.000643,172.31.36.0-255,66,31390,20,75055
13971,0.000664,172.217.194.0-255,1125,32515,20,75055
13972,0.000674,172.31.36.0-255,66,32581,20,75055
13973,0.00071,172.31.36.0-255,66,32647,20,75055
13974,0.000749,172.31.36.0-255,66,32713,20,75055
13975,0.000769,172.217.194.0-255,2902,35615,20,75055
13976,0.000772,172.31.36.0-255,66,35681,20,75055
13977,0.000833,172.217.194.0-255,2902,38583,20,75055
13978,0.000836,172.31.36.0-255,66,38649,20,75055
13979,0.000862,172.31.36.0-255,66,38715,20,75055
13980,0.00089,172.217.194.0-255,1484,40199,20,75055
13981,0.000894,172.217.194.0-255,2902,43101,20,75055
13982,0.000896,172.31.36.0-255,66,43167,20,75055
13983,0.000916,172.31.36.0-255,66,43233,20,75055
13984,0.000953,172.31.36.0-255,66,43299,20,75055
13985,0.000965,172.31.36.0-255,66,43365,20,75055
13986,0.000982,172.217.194.0-255,766,44131,20,75055
13987,0.001479,172.217.194.0-255,1484,45615,20,75055
13988,0.001482,172.31.36.0-255,66,45681,20,75055
13989,0.001497,172.217.194.0-255,2902,48583,20,75055
13990,0.001501,172.31.36.0-255,66,48649,20,75055
13991,0.001541,172.31.36.0-255,66,48715,20,75055
13992,0.001592,172.31.36.0-255,66,48781,20,75055
13993,0.001623,172.217.194.0-255,2902,51683,20,75055
13994,0.001626,172.31.36.0-255,66,51749,20,75055
13995,0.001637,172.31.36.0-255,66,51815,20,75055
13996,0.001645,172.31.36.0-255,66,51881,20,75055
13997,0.00166,172.217.194.0-255,2184,54065,20,75055
13998,0.001663,172.31.36.0-255,66,54131,20,75055
13999,0.001762,172.217.194.0-255,1484,55615,20,75055
14000,0.001776,172.217.194.0-255,2902,58517,20,75055
14001,0.001779,172.31.36.0-255,66,58583,20,75055
14002,0.001811,172.31.36.0-255,66,58649,20,75055
14003,0.001818,172.31.36.0-255,66,58715,20,75055
14004,0.001836,172.31.36.0-255,66,58781,20,75055
14005,0.001871,172.31.36.0-255,66,58847,20,75055
14006,0.001874,172.31.36.0-255,66,58913,20,75055
14007,0.001896,172.31.36.0-255,66,58979,20,75055
14008,0.001905,172.31.36.0-255,66,59045,20,75055
14009,0.001928,172.31.36.0-255,66,59111,20,75055
14010,0.001956,172.217.194.0-255,1484,60595,20,75055
14011,0.001973,172.31.36.0-255,66,60661,20,75055
14012,0.00198,172.217.194.0-255,766,61427,20,75055
14013,0.002127,172.217.194.0-255,1484,62911,20,75055
14014,0.002131,172.31.36.0-255,66,62977,20,75055
14015,0.002136,172.217.194.0-255,2902,65879,20,75055
14016,0.002139,172.31.36.0-255,66,65945,20,75055
14017,0.002158,172.31.36.0-255,66,66011,20,75055
14018,0.002183,172.31.36.0-255,66,66077,20,75055
14019,0.002217,172.31.36.0-255,66,66143,20,75055
14020,0.002236,172.217.194.0-255,2902,69045,20,75055
14021,0.002239,172.31.36.0-255,66,69111,20,75055
14022,0.002243,172.217.194.0-255,2184,71295,20,75055
14023,0.002245,172.31.36.0-255,66,71361,20,75055
14024,0.002248,172.217.194.0-255,1484,72845,20,75055
14025,0.002314,172.31.36.0-255,66,72911,20,75055
14026,0.002327,172.31.36.0-255,66,72977,20,75055
14027,0.002382,172.31.36.0-255,66,73043,20,75055
14028,0.002406,172.31.36.0-255,66,73109,20,75055
14029,0.004669,172.31.36.0-255,66,73175,20,75055
14030,0.006988,172.31.36.0-255,66,73241,20,75055
14031,0.009247,172.31.36.0-255,66,73307,20,75055
14032,0.009269,172.217.194.0-255,1484,74791,20,75055
14033,0.011541,172.31.36.0-255,66,74857,20,75055
14034,0.013818,172.31.36.0-255,66,74923,20,75055
14035,0.016118,172.31.36.0-255,66,74989,20,75055
14036,0.018431,172.31.36.0-255,66,75055,20,75055
14037,0.0,172.217.26.0-255,152,152,20,22288
14038,3e-05,172.31.36.0-255,66,218,20,22288
14039,3.7e-05,172.217.26.0-255,1484,1702,20,22288
14040,4.1e-05,172.31.36.0-255,66,1768,20,22288
14041,7.9e-05,172.217.26.0-255,2902,4670,20,22288
14042,8.1e-05,172.31.36.0-255,66,4736,20,22288
14043,0.000218,172.217.26.0-255,2902,7638,20,22288
14044,0.000223,172.31.36.0-255,66,7704,20,22288
14045,0.000246,172.217.26.0-255,2902,10606,20,22288
14046,0.000249,172.31.36.0-255,66,10672,20,22288
14047,0.000504,172.217.26.0-255,3437,14109,20,22288
14048,0.000509,172.31.36.0-255,66,14175,20,22288
14049,0.000682,172.31.36.0-255,66,14241,20,22288
14050,0.00091,172.31.36.0-255,66,14307,20,22288
14051,0.000944,172.31.36.0-255,66,14373,20,22288
14052,0.001417,172.31.36.0-255,66,14439,20,22288
14053,0.001757,172.31.36.0-255,66,14505,20,22288
14054,0.001797,172.31.36.0-255,66,14571,20,22288
14055,0.002383,172.217.26.0-255,2902,17473,20,22288
14056,0.002387,172.31.36.0-255,66,17539,20,22288
14057,0.002431,172.31.36.0-255,66,17605,20,22288
14058,0.004333,172.31.36.0-255,66,17671,20,22288
14059,0.006243,172.31.36.0-255,66,17737,20,22288
14060,0.008145,172.31.36.0-255,66,17803,20,22288
14061,0.010056,172.31.36.0-255,66,17869,20,22288
14062,0.01198,172.31.36.0-255,66,17935,20,22288
14063,0.013886,172.31.36.0-255,66,18001,20,22288
14064,0.015792,172.31.36.0-255,66,18067,20,22288
14065,0.017722,172.31.36.0-255,66,18133,20,22288
14066,0.01893,172.31.36.0-255,171,18304,20,22288
14067,0.018976,172.31.36.0-255,1136,19440,20,22288
14068,0.019028,172.31.36.0-255,1514,20954,20,22288
14069,0.01903,172.31.36.0-255,1268,22222,20,22288
14070,0.019646,172.31.36.0-255,66,22288,20,22288
14071,0.0,74.125.24.0-255,153,153,20,42950
14072,3.7e-05,172.31.36.0-255,66,219,20,42950
14073,4.4e-05,74.125.24.0-255,1484,1703,20,42950
14074,4.8e-05,172.31.36.0-255,66,1769,20,42950
14075,5.3e-05,74.125.24.0-255,2902,4671,20,42950
14076,6.4e-05,172.31.36.0-255,66,4737,20,42950
14077,7.3e-05,172.31.36.0-255,66,4803,20,42950
14078,7.8e-05,74.125.24.0-255,2902,7705,20,42950
14079,8e-05,172.31.36.0-255,66,7771,20,42950
14080,0.000109,74.125.24.0-255,657,8428,20,42950
14081,0.000111,172.31.36.0-255,66,8494,20,42950
14082,0.000506,74.125.24.0-255,1484,9978,20,42950
14083,0.000512,172.31.36.0-255,66,10044,20,42950
14084,0.000522,74.125.24.0-255,2902,12946,20,42950
14085,0.000524,172.31.36.0-255,66,13012,20,42950
14086,0.00054,172.31.36.0-255,66,13078,20,42950
14087,0.00058,172.31.36.0-255,66,13144,20,42950
14088,0.000591,172.31.36.0-255,66,13210,20,42950
14089,0.000594,74.125.24.0-255,1484,14694,20,42950
14090,0.000596,172.31.36.0-255,66,14760,20,42950
14091,0.000668,172.31.36.0-255,66,14826,20,42950
14092,0.000672,172.31.36.0-255,66,14892,20,42950
14093,0.0007,74.125.24.0-255,366,15258,20,42950
14094,0.000704,172.31.36.0-255,66,15324,20,42950
14095,0.000857,74.125.24.0-255,378,15702,20,42950
14096,0.000863,172.31.36.0-255,66,15768,20,42950
14097,0.001005,74.125.24.0-255,1484,17252,20,42950
14098,0.001013,74.125.24.0-255,2902,20154,20,42950
14099,0.001017,172.31.36.0-255,66,20220,20,42950
14100,0.001022,74.125.24.0-255,1484,21704,20,42950
14101,0.001055,172.31.36.0-255,66,21770,20,42950
14102,0.001091,172.31.36.0-255,66,21836,20,42950
14103,0.001106,172.31.36.0-255,66,21902,20,42950
14104,0.001353,74.125.24.0-255,1484,23386,20,42950
14105,0.001358,74.125.24.0-255,1484,24870,20,42950
14106,0.001361,172.31.36.0-255,66,24936,20,42950
14107,0.001392,74.125.24.0-255,1484,26420,20,42950
14108,0.001402,172.31.36.0-255,66,26486,20,42950
14109,0.001413,172.31.36.0-255,66,26552,20,42950
14110,0.001442,74.125.24.0-255,1484,28036,20,42950
14111,0.001454,172.31.36.0-255,66,28102,20,42950
14112,0.002169,74.125.24.0-255,1484,29586,20,42950
14113,0.002185,74.125.24.0-255,2902,32488,20,42950
14114,0.002189,172.31.36.0-255,66,32554,20,42950
14115,0.002227,172.31.36.0-255,66,32620,20,42950
14116,0.002234,172.31.36.0-255,66,32686,20,42950
14117,0.002265,172.31.36.0-255,66,32752,20,42950
14118,0.002295,172.31.36.0-255,66,32818,20,42950
14119,0.00232,74.125.24.0-255,3602,36420,20,42950
14120,0.002323,172.31.36.0-255,66,36486,20,42950
14121,0.002551,74.125.24.0-255,1484,37970,20,42950
14122,0.002557,74.125.24.0-255,2902,40872,20,42950
14123,0.00256,172.31.36.0-255,66,40938,20,42950
14124,0.002591,172.31.36.0-255,66,41004,20,42950
14125,0.002598,172.31.36.0-255,66,41070,20,42950
14126,0.005129,172.31.36.0-255,66,41136,20,42950
14127,0.005158,74.125.24.0-255,1484,42620,20,42950
14128,0.007659,172.31.36.0-255,66,42686,20,42950
14129,0.010192,172.31.36.0-255,66,42752,20,42950
14130,0.012747,172.31.36.0-255,66,42818,20,42950
14131,0.015284,172.31.36.0-255,66,42884,20,42950
14132,0.017836,172.31.36.0-255,66,42950,20,42950
14133,0.0,74.125.68.0-255,296,296,20,74409
14134,1.7e-05,172.31.36.0-255,66,362,20,74409
14135,6.5e-05,74.125.68.0-255,1484,1846,20,74409
14136,6.9e-05,172.31.36.0-255,66,1912,20,74409
14137,7.5e-05,74.125.68.0-255,2902,4814,20,74409
14138,7.8e-05,172.31.36.0-255,66,4880,20,74409
14139,8.8e-05,74.125.68.0-255,2902,7782,20,74409
14140,9.2e-05,172.31.36.0-255,66,7848,20,74409
14141,9.7e-05,74.125.68.0-255,2902,10750,20,74409
14142,9.9e-05,172.31.36.0-255,66,10816,20,74409
14143,0.000124,74.125.68.0-255,1484,12300,20,74409
14144,0.000127,172.31.36.0-255,66,12366,20,74409
14145,0.000133,74.125.68.0-255,1856,14222,20,74409
14146,0.000136,172.31.36.0-255,66,14288,20,74409
14147,0.000258,74.125.68.0-255,1484,15772,20,74409
14148,0.000263,172.31.36.0-255,66,15838,20,74409
14149,0.000268,74.125.68.0-255,2902,18740,20,74409
14150,0.000271,172.31.36.0-255,66,18806,20,74409
14151,0.000292,172.31.36.0-255,66,18872,20,74409
14152,0.000339,172.31.36.0-255,66,18938,20,74409
14153,0.000369,74.125.68.0-255,2543,21481,20,74409
14154,0.000371,172.31.36.0-255,66,21547,20,74409
14155,0.000387,172.31.36.0-255,66,21613,20,74409
14156,0.000424,172.31.36.0-255,66,21679,20,74409
14157,0.000455,172.31.36.0-255,66,21745,20,74409
14158,0.000479,74.125.68.0-255,2184,23929,20,74409
14159,0.000482,172.31.36.0-255,66,23995,20,74409
14160,0.000485,74.125.68.0-255,708,24703,20,74409
14161,0.000607,74.125.68.0-255,1484,26187,20,74409
14162,0.000611,172.31.36.0-255,66,26253,20,74409
14163,0.000616,74.125.68.0-255,2902,29155,20,74409
14164,0.000619,172.31.36.0-255,66,29221,20,74409
14165,0.000656,172.31.36.0-255,66,29287,20,74409
14166,0.000699,172.31.36.0-255,66,29353,20,74409
14167,0.000732,172.31.36.0-255,66,29419,20,74409
14168,0.001153,74.125.68.0-255,1484,30903,20,74409
14169,0.001158,74.125.68.0-255,1484,32387,20,74409
14170,0.001162,172.31.36.0-255,66,32453,20,74409
14171,0.001206,74.125.68.0-255,2902,35355,20,74409
14172,0.001209,172.31.36.0-255,66,35421,20,74409
14173,0.001213,74.125.68.0-255,1484,36905,20,74409
14174,0.001216,74.125.68.0-255,1484,38389,20,74409
14175,0.001218,172.31.36.0-255,66,38455,20,74409
14176,0.001242,74.125.68.0-255,1484,39939,20,74409
14177,0.001267,74.125.68.0-255,2902,42841,20,74409
14178,0.00127,172.31.36.0-255,66,42907,20,74409
14179,0.001275,74.125.68.0-255,2902,45809,20,74409
14180,0.001277,172.31.36.0-255,66,45875,20,74409
14181,0.001291,74.125.68.0-255,1484,47359,20,74409
14182,0.001317,74.125.68.0-255,2902,50261,20,74409
14183,0.001319,172.31.36.0-255,66,50327,20,74409
14184,0.001343,74.125.68.0-255,1484,51811,20,74409
14185,0.001358,74.125.68.0-255,2902,54713,20,74409
14186,0.001361,172.31.36.0-255,66,54779,20,74409
14187,0.001377,74.125.68.0-255,2902,57681,20,74409
14188,0.00138,172.31.36.0-255,66,57747,20,74409
14189,0.001413,172.31.36.0-255,66,57813,20,74409
14190,0.001417,74.125.68.0-255,766,58579,20,74409
14191,0.001491,74.125.68.0-255,1484,60063,20,74409
14192,0.001495,172.31.36.0-255,66,60129,20,74409
14193,0.001521,74.125.68.0-255,1484,61613,20,74409
14194,0.001534,74.125.68.0-255,2902,64515,20,74409
14195,0.001537,172.31.36.0-255,66,64581,20,74409
14196,0.001603,74.125.68.0-255,2902,67483,20,74409
14197,0.001608,172.31.36.0-255,66,67549,20,74409
14198,0.001616,172.31.36.0-255,66,67615,20,74409
14199,0.001631,172.31.36.0-255,66,67681,20,74409
14200,0.001635,74.125.68.0-255,1484,69165,20,74409
14201,0.001672,172.31.36.0-255,66,69231,20,74409
14202,0.001702,172.31.36.0-255,66,69297,20,74409
14203,0.001945,74.125.68.0-255,1484,70781,20,74409
14204,0.001953,74.125.68.0-255,2902,73683,20,74409
14205,0.001957,172.31.36.0-255,66,73749,20,74409
14206,0.001997,172.31.36.0-255,66,73815,20,74409
14207,0.003991,172.31.36.0-255,66,73881,20,74409
14208,0.005929,172.31.36.0-255,66,73947,20,74409
14209,0.007868,172.31.36.0-255,66,74013,20,74409
14210,0.009811,172.31.36.0-255,66,74079,20,74409
14211,0.011753,172.31.36.0-255,66,74145,20,74409
14212,0.013691,172.31.36.0-255,66,74211,20,74409
14213,0.015638,172.31.36.0-255,66,74277,20,74409
14214,0.017609,172.31.36.0-255,66,74343,20,74409
14215,0.019569,172.31.36.0-255,66,74409,20,74409
14216,0.0,74.125.24.0-255,154,154,20,16137
14217,2.1e-05,172.31.36.0-255,66,220,20,16137
14218,2.8e-05,74.125.24.0-255,1484,1704,20,16137
14219,3.1e-05,172.31.36.0-255,66,1770,20,16137
14220,3.6e-05,74.125.24.0-255,2902,4672,20,16137
14221,3.9e-05,172.31.36.0-255,66,4738,20,16137
14222,5.5e-05,172.31.36.0-255,66,4804,20,16137
14223,5.9e-05,74.125.24.0-255,2048,6852,20,16137
14224,6.1e-05,172.31.36.0-255,66,6918,20,16137
14225,6.9e-05,172.31.36.0-255,66,6984,20,16137
14226,8.9e-05,172.31.36.0-255,66,7050,20,16137
14227,0.000103,172.31.36.0-255,66,7116,20,16137
14228,0.000141,172.31.36.0-255,66,7182,20,16137
14229,0.000146,74.125.24.0-255,3602,10784,20,16137
14230,0.000148,172.31.36.0-255,66,10850,20,16137
14231,0.001694,74.125.24.0-255,1484,12334,20,16137
14232,0.001701,172.31.36.0-255,66,12400,20,16137
14233,0.001711,74.125.24.0-255,2902,15302,20,16137
14234,0.001718,172.31.36.0-255,66,15368,20,16137
14235,0.001727,172.31.36.0-255,66,15434,20,16137
14236,0.001736,172.31.36.0-255,66,15500,20,16137
14237,0.001739,74.125.24.0-255,109,15609,20,16137
14238,0.001741,172.31.36.0-255,66,15675,20,16137
14239,0.00411,172.31.36.0-255,66,15741,20,16137
14240,0.006471,172.31.36.0-255,66,15807,20,16137
14241,0.008842,172.31.36.0-255,66,15873,20,16137
14242,0.011222,172.31.36.0-255,66,15939,20,16137
14243,0.013663,172.31.36.0-255,66,16005,20,16137
14244,0.016064,172.31.36.0-255,66,16071,20,16137
14245,0.018456,172.31.36.0-255,66,16137,20,16137
14246,0.0,74.125.24.0-255,153,153,20,78301
14247,3.2e-05,172.31.36.0-255,66,219,20,78301
14248,3.9e-05,74.125.24.0-255,1484,1703,20,78301
14249,4.4e-05,172.31.36.0-255,66,1769,20,78301
14250,4.8e-05,74.125.24.0-255,2902,4671,20,78301
14251,5e-05,172.31.36.0-255,66,4737,20,78301
14252,5.9e-05,172.31.36.0-255,66,4803,20,78301
14253,6.3e-05,74.125.24.0-255,2030,6833,20,78301
14254,6.5e-05,172.31.36.0-255,66,6899,20,78301
14255,0.000104,172.31.36.0-255,66,6965,20,78301
14256,0.000115,172.31.36.0-255,66,7031,20,78301
14257,0.000131,74.125.24.0-255,2902,9933,20,78301
14258,0.000133,172.31.36.0-255,66,9999,20,78301
14259,0.000153,172.31.36.0-255,66,10065,20,78301
14260,0.000165,74.125.24.0-255,2184,12249,20,78301
14261,0.000168,172.31.36.0-255,66,12315,20,78301
14262,0.000209,172.31.36.0-255,66,12381,20,78301
14263,0.000218,172.31.36.0-255,66,12447,20,78301
14264,0.000244,74.125.24.0-255,1433,13880,20,78301
14265,0.000246,172.31.36.0-255,66,13946,20,78301
14266,0.000769,74.125.24.0-255,113,14059,20,78301
14267,0.000773,172.31.36.0-255,66,14125,20,78301
14268,0.001006,74.125.24.0-255,1484,15609,20,78301
14269,0.001011,172.31.36.0-255,66,15675,20,78301
14270,0.00102,74.125.24.0-255,2902,18577,20,78301
14271,0.001023,172.31.36.0-255,66,18643,20,78301
14272,0.001031,172.31.36.0-255,66,18709,20,78301
14273,0.001247,74.125.24.0-255,1484,20193,20,78301
14274,0.001253,74.125.24.0-255,2902,23095,20,78301
14275,0.001289,74.125.24.0-255,2902,25997,20,78301
14276,0.001326,74.125.24.0-255,2184,28181,20,78301
14277,0.001474,74.125.24.0-255,1484,29665,20,78301
14278,0.00148,74.125.24.0-255,2902,32567,20,78301
14279,0.001498,74.125.24.0-255,2902,35469,20,78301
14280,0.00151,74.125.24.0-255,2902,38371,20,78301
14281,0.001512,74.125.24.0-255,1484,39855,20,78301
14282,0.001568,74.125.24.0-255,2902,42757,20,78301
14283,0.001596,74.125.24.0-255,1484,44241,20,78301
14284,0.00162,74.125.24.0-255,2902,47143,20,78301
14285,0.001671,74.125.24.0-255,2902,50045,20,78301
14286,0.001913,74.125.24.0-255,1484,51529,20,78301
14287,0.001916,74.125.24.0-255,1484,53013,20,78301
14288,0.00193,74.125.24.0-255,1484,54497,20,78301
14289,0.002001,74.125.24.0-255,2184,56681,20,78301
14290,0.00201,74.125.24.0-255,1484,58165,20,78301
14291,0.002079,74.125.24.0-255,2902,61067,20,78301
14292,0.002194,74.125.24.0-255,1484,62551,20,78301
14293,0.002197,74.125.24.0-255,1484,64035,20,78301
14294,0.00221,74.125.24.0-255,1484,65519,20,78301
14295,0.002279,74.125.24.0-255,1484,67003,20,78301
14296,0.002533,74.125.24.0-255,1484,68487,20,78301
14297,0.002538,74.125.24.0-255,2902,71389,20,78301
14298,0.002542,74.125.24.0-255,2902,74291,20,78301
14299,0.002554,74.125.24.0-255,2902,77193,20,78301
14300,0.002598,74.125.24.0-255,766,77959,20,78301
14301,0.002737,74.125.24.0-255,105,78064,20,78301
14302,0.00625,172.31.36.0-255,66,78130,20,78301
14303,0.008779,172.31.36.0-255,105,78235,20,78301
14304,0.011095,74.125.24.0-255,66,78301,20,78301
14305,0.0,74.125.24.0-255,156,156,20,68683
14306,2.3e-05,172.31.36.0-255,66,222,20,68683
14307,3e-05,74.125.24.0-255,1484,1706,20,68683
14308,3.5e-05,172.31.36.0-255,66,1772,20,68683
14309,4.1e-05,74.125.24.0-255,2902,4674,20,68683
14310,4.4e-05,172.31.36.0-255,66,4740,20,68683
14311,5.6e-05,172.31.36.0-255,66,4806,20,68683
14312,6.1e-05,74.125.24.0-255,2119,6925,20,68683
14313,6.4e-05,172.31.36.0-255,66,6991,20,68683
14314,7.8e-05,172.31.36.0-255,66,7057,20,68683
14315,9.4e-05,74.125.24.0-255,1484,8541,20,68683
14316,9.6e-05,172.31.36.0-255,66,8607,20,68683
14317,0.000128,172.31.36.0-255,66,8673,20,68683
14318,0.000146,172.31.36.0-255,66,8739,20,68683
14319,0.000166,172.31.36.0-255,66,8805,20,68683
14320,0.00028,74.125.24.0-255,1484,10289,20,68683
14321,0.000284,172.31.36.0-255,66,10355,20,68683
14322,0.000289,74.125.24.0-255,2902,13257,20,68683
14323,0.000291,172.31.36.0-255,66,13323,20,68683
14324,0.000315,172.31.36.0-255,66,13389,20,68683
14325,0.000348,172.31.36.0-255,66,13455,20,68683
14326,0.000367,74.125.24.0-255,1714,15169,20,68683
14327,0.000369,172.31.36.0-255,66,15235,20,68683
14328,0.000871,74.125.24.0-255,1484,16719,20,68683
14329,0.000876,172.31.36.0-255,66,16785,20,68683
14330,0.000882,74.125.24.0-255,2902,19687,20,68683
14331,0.000884,172.31.36.0-255,66,19753,20,68683
14332,0.000888,74.125.24.0-255,1484,21237,20,68683
14333,0.000918,172.31.36.0-255,66,21303,20,68683
14334,0.000926,172.31.36.0-255,66,21369,20,68683
14335,0.000946,172.31.36.0-255,66,21435,20,68683
14336,0.00095,74.125.24.0-255,2902,24337,20,68683
14337,0.000952,172.31.36.0-255,66,24403,20,68683
14338,0.000993,172.31.36.0-255,66,24469,20,68683
14339,0.001,172.31.36.0-255,66,24535,20,68683
14340,0.001028,172.31.36.0-255,66,24601,20,68683
14341,0.001042,172.31.36.0-255,66,24667,20,68683
14342,0.001067,172.31.36.0-255,66,24733,20,68683
14343,0.001072,74.125.24.0-255,3602,28335,20,68683
14344,0.001074,172.31.36.0-255,66,28401,20,68683
14345,0.001102,172.31.36.0-255,66,28467,20,68683
14346,0.001135,172.31.36.0-255,66,28533,20,68683
14347,0.00115,74.125.24.0-255,1484,30017,20,68683
14348,0.001161,172.31.36.0-255,66,30083,20,68683
14349,0.00117,172.31.36.0-255,66,30149,20,68683
14350,0.001194,74.125.24.0-255,2902,33051,20,68683
14351,0.001198,172.31.36.0-255,66,33117,20,68683
14352,0.001207,74.125.24.0-255,2902,36019,20,68683
14353,0.001209,172.31.36.0-255,66,36085,20,68683
14354,0.001214,74.125.24.0-255,2902,38987,20,68683
14355,0.001216,172.31.36.0-255,66,39053,20,68683
14356,0.001244,172.31.36.0-255,66,39119,20,68683
14357,0.001264,74.125.24.0-255,1484,40603,20,68683
14358,0.001274,172.31.36.0-255,66,40669,20,68683
14359,0.001309,172.31.36.0-255,66,40735,20,68683
14360,0.001485,74.125.24.0-255,1484,42219,20,68683
14361,0.001501,74.125.24.0-255,2902,45121,20,68683
14362,0.001504,172.31.36.0-255,66,45187,20,68683
14363,0.001543,74.125.24.0-255,2902,48089,20,68683
14364,0.001546,172.31.36.0-255,66,48155,20,68683
14365,0.001568,74.125.24.0-255,2902,51057,20,68683
14366,0.001571,172.31.36.0-255,66,51123,20,68683
14367,0.001579,172.31.36.0-255,66,51189,20,68683
14368,0.00159,172.31.36.0-255,66,51255,20,68683
14369,0.001623,74.125.24.0-255,2902,54157,20,68683
14370,0.001627,172.31.36.0-255,66,54223,20,68683
14371,0.001656,172.31.36.0-255,66,54289,20,68683
14372,0.001676,74.125.24.0-255,1484,55773,20,68683
14373,0.001681,74.125.24.0-255,2902,58675,20,68683
14374,0.001684,172.31.36.0-255,66,58741,20,68683
14375,0.001711,172.31.36.0-255,66,58807,20,68683
14376,0.00175,172.31.36.0-255,66,58873,20,68683
14377,0.001786,172.31.36.0-255,66,58939,20,68683
14378,0.001791,74.125.24.0-255,2184,61123,20,68683
14379,0.001793,172.31.36.0-255,66,61189,20,68683
14380,0.001797,74.125.24.0-255,1484,62673,20,68683
14381,0.001829,172.31.36.0-255,66,62739,20,68683
14382,0.001835,74.125.24.0-255,2902,65641,20,68683
14383,0.001837,172.31.36.0-255,66,65707,20,68683
14384,0.001874,172.31.36.0-255,66,65773,20,68683
14385,0.001902,172.31.36.0-255,66,65839,20,68683
14386,0.001905,74.125.24.0-255,766,66605,20,68683
14387,0.003387,172.31.36.0-255,66,66671,20,68683
14388,0.003956,172.31.36.0-255,66,66737,20,68683
14389,0.005454,74.125.24.0-255,1484,68221,20,68683
14390,0.005998,172.31.36.0-255,66,68287,20,68683
14391,0.008025,172.31.36.0-255,66,68353,20,68683
14392,0.010073,172.31.36.0-255,66,68419,20,68683
14393,0.012127,172.31.36.0-255,66,68485,20,68683
14394,0.014192,172.31.36.0-255,66,68551,20,68683
14395,0.016253,172.31.36.0-255,66,68617,20,68683
14396,0.018313,172.31.36.0-255,66,68683,20,68683
14397,0.0,74.125.68.0-255,153,153,20,51518
14398,2.3e-05,172.31.36.0-255,66,219,20,51518
14399,3.1e-05,74.125.68.0-255,1484,1703,20,51518
14400,3.6e-05,172.31.36.0-255,66,1769,20,51518
14401,4.3e-05,74.125.68.0-255,2902,4671,20,51518
14402,4.6e-05,172.31.36.0-255,66,4737,20,51518
14403,5.6e-05,172.31.36.0-255,66,4803,20,51518
14404,6e-05,74.125.68.0-255,1484,6287,20,51518
14405,6.3e-05,172.31.36.0-255,66,6353,20,51518
14406,8.3e-05,74.125.68.0-255,2004,8357,20,51518
14407,8.6e-05,172.31.36.0-255,66,8423,20,51518
14408,0.000212,74.125.68.0-255,1484,9907,20,51518
14409,0.000218,172.31.36.0-255,66,9973,20,51518
14410,0.000224,74.125.68.0-255,2902,12875,20,51518
14411,0.000226,172.31.36.0-255,66,12941,20,51518
14412,0.000259,172.31.36.0-255,66,13007,20,51518
14413,0.000272,74.125.68.0-255,2902,15909,20,51518
14414,0.000275,172.31.36.0-255,66,15975,20,51518
14415,0.000295,74.125.68.0-255,3961,19936,20,51518
14416,0.000298,172.31.36.0-255,66,20002,20,51518
14417,0.000366,74.125.68.0-255,1484,21486,20,51518
14418,0.00037,172.31.36.0-255,66,21552,20,51518
14419,0.000389,74.125.68.0-255,2902,24454,20,51518
14420,0.000392,172.31.36.0-255,66,24520,20,51518
14421,0.000395,74.125.68.0-255,1484,26004,20,51518
14422,0.000397,172.31.36.0-255,66,26070,20,51518
14423,0.000419,172.31.36.0-255,66,26136,20,51518
14424,0.000427,172.31.36.0-255,66,26202,20,51518
14425,0.000449,172.31.36.0-255,66,26268,20,51518
14426,0.000465,74.125.68.0-255,1484,27752,20,51518
14427,0.000496,172.31.36.0-255,66,27818,20,51518
14428,0.000515,74.125.68.0-255,2875,30693,20,51518
14429,0.000517,172.31.36.0-255,66,30759,20,51518
14430,0.000551,74.125.68.0-255,345,31104,20,51518
14431,0.000764,74.125.68.0-255,1484,32588,20,51518
14432,0.000769,172.31.36.0-255,66,32654,20,51518
14433,0.000789,74.125.68.0-255,2902,35556,20,51518
14434,0.000792,172.31.36.0-255,66,35622,20,51518
14435,0.000801,172.31.36.0-255,66,35688,20,51518
14436,0.000813,74.125.68.0-255,1484,37172,20,51518
14437,0.000837,172.31.36.0-255,66,37238,20,51518
14438,0.000844,172.31.36.0-255,66,37304,20,51518
14439,0.000858,74.125.68.0-255,2902,40206,20,51518
14440,0.00086,172.31.36.0-255,66,40272,20,51518
14441,0.000896,172.31.36.0-255,66,40338,20,51518
14442,0.002137,74.125.68.0-255,1484,41822,20,51518
14443,0.002148,74.125.68.0-255,2902,44724,20,51518
14444,0.002153,172.31.36.0-255,66,44790,20,51518
14445,0.002197,172.31.36.0-255,66,44856,20,51518
14446,0.002215,74.125.68.0-255,1484,46340,20,51518
14447,0.002232,172.31.36.0-255,66,46406,20,51518
14448,0.00225,74.125.68.0-255,1484,47890,20,51518
14449,0.002254,74.125.68.0-255,1484,49374,20,51518
14450,0.002256,172.31.36.0-255,66,49440,20,51518
14451,0.002292,172.31.36.0-255,66,49506,20,51518
14452,0.002314,172.31.36.0-255,66,49572,20,51518
14453,0.002318,74.125.68.0-255,1484,51056,20,51518
14454,0.004604,172.31.36.0-255,66,51122,20,51518
14455,0.00691,172.31.36.0-255,66,51188,20,51518
14456,0.009203,172.31.36.0-255,66,51254,20,51518
14457,0.011499,172.31.36.0-255,66,51320,20,51518
14458,0.013796,172.31.36.0-255,66,51386,20,51518
14459,0.016089,172.31.36.0-255,66,51452,20,51518
14460,0.018407,172.31.36.0-255,66,51518,20,51518
14461,0.0,74.125.24.0-255,152,152,20,89954
14462,3.4e-05,172.31.36.0-255,66,218,20,89954
14463,4.1e-05,74.125.24.0-255,1484,1702,20,89954
14464,4.6e-05,172.31.36.0-255,66,1768,20,89954
14465,5.1e-05,74.125.24.0-255,2902,4670,20,89954
14466,6.2e-05,172.31.36.0-255,66,4736,20,89954
14467,7e-05,172.31.36.0-255,66,4802,20,89954
14468,0.000116,172.31.36.0-255,66,4868,20,89954
14469,0.000161,172.31.36.0-255,66,4934,20,89954
14470,0.00021,172.31.36.0-255,66,5000,20,89954
14471,0.000243,172.31.36.0-255,66,5066,20,89954
14472,0.00032,74.125.24.0-255,1484,6550,20,89954
14473,0.000324,172.31.36.0-255,66,6616,20,89954
14474,0.00033,74.125.24.0-255,2902,9518,20,89954
14475,0.000333,172.31.36.0-255,66,9584,20,89954
14476,0.000354,74.125.24.0-255,1484,11068,20,89954
14477,0.000357,172.31.36.0-255,66,11134,20,89954
14478,0.000385,172.31.36.0-255,66,11200,20,89954
14479,0.00042,172.31.36.0-255,66,11266,20,89954
14480,0.000447,74.125.24.0-255,2543,13809,20,89954
14481,0.00045,172.31.36.0-255,66,13875,20,89954
14482,0.000493,172.31.36.0-255,66,13941,20,89954
14483,0.00052,172.31.36.0-255,66,14007,20,89954
14484,0.000619,74.125.24.0-255,2543,16550,20,89954
14485,0.000623,172.31.36.0-255,66,16616,20,89954
14486,0.000627,74.125.24.0-255,679,17295,20,89954
14487,0.000691,74.125.24.0-255,1484,18779,20,89954
14488,0.000694,172.31.36.0-255,66,18845,20,89954
14489,0.000699,74.125.24.0-255,2902,21747,20,89954
14490,0.000701,172.31.36.0-255,66,21813,20,89954
14491,0.000719,74.125.24.0-255,1484,23297,20,89954
14492,0.00074,74.125.24.0-255,2902,26199,20,89954
14493,0.000744,172.31.36.0-255,66,26265,20,89954
14494,0.000774,172.31.36.0-255,66,26331,20,89954
14495,0.000804,172.31.36.0-255,66,26397,20,89954
14496,0.000848,172.31.36.0-255,66,26463,20,89954
14497,0.00088,172.31.36.0-255,66,26529,20,89954
14498,0.001048,74.125.24.0-255,1484,28013,20,89954
14499,0.001054,74.125.24.0-255,2902,30915,20,89954
14500,0.001057,172.31.36.0-255,66,30981,20,89954
14501,0.001084,172.31.36.0-255,66,31047,20,89954
14502,0.001137,172.31.36.0-255,66,31113,20,89954
14503,0.001172,172.31.36.0-255,66,31179,20,89954
14504,0.001261,172.31.36.0-255,66,31245,20,89954
14505,0.001287,74.125.24.0-255,3602,34847,20,89954
14506,0.001291,172.31.36.0-255,66,34913,20,89954
14507,0.0014,172.31.36.0-255,66,34979,20,89954
14508,0.001427,74.125.24.0-255,1484,36463,20,89954
14509,0.001483,172.31.36.0-255,66,36529,20,89954
14510,0.001525,172.31.36.0-255,66,36595,20,89954
14511,0.001605,172.31.36.0-255,66,36661,20,89954
14512,0.001632,74.125.24.0-255,2184,38845,20,89954
14513,0.001635,172.31.36.0-255,66,38911,20,89954
14514,0.001765,74.125.24.0-255,1484,40395,20,89954
14515,0.00179,74.125.24.0-255,2902,43297,20,89954
14516,0.001794,172.31.36.0-255,66,43363,20,89954
14517,0.001802,172.31.36.0-255,66,43429,20,89954
14518,0.001854,172.31.36.0-255,66,43495,20,89954
14519,0.001879,172.31.36.0-255,66,43561,20,89954
14520,0.001976,74.125.24.0-255,2902,46463,20,89954
14521,0.00198,172.31.36.0-255,66,46529,20,89954
14522,0.002007,74.125.24.0-255,2902,49431,20,89954
14523,0.00201,172.31.36.0-255,66,49497,20,89954
14524,0.002037,172.31.36.0-255,66,49563,20,89954
14525,0.002414,74.125.24.0-255,1484,51047,20,89954
14526,0.002422,74.125.24.0-255,2902,53949,20,89954
14527,0.002426,172.31.36.0-255,66,54015,20,89954
14528,0.002459,172.31.36.0-255,66,54081,20,89954
14529,0.002488,74.125.24.0-255,1484,55565,20,89954
14530,0.002511,172.31.36.0-255,66,55631,20,89954
14531,0.002534,74.125.24.0-255,2902,58533,20,89954
14532,0.002536,172.31.36.0-255,66,58599,20,89954
14533,0.002587,74.125.24.0-255,1484,60083,20,89954
14534,0.002606,172.31.36.0-255,66,60149,20,89954
14535,0.002646,74.125.24.0-255,1484,61633,20,89954
14536,0.002666,74.125.24.0-255,2902,64535,20,89954
14537,0.002668,172.31.36.0-255,66,64601,20,89954
14538,0.002697,74.125.24.0-255,3602,68203,20,89954
14539,0.002699,172.31.36.0-255,66,68269,20,89954
14540,0.002728,172.31.36.0-255,66,68335,20,89954
14541,0.002766,74.125.24.0-255,1484,69819,20,89954
14542,0.002777,74.125.24.0-255,1484,71303,20,89954
14543,0.002779,172.31.36.0-255,66,71369,20,89954
14544,0.002808,172.31.36.0-255,66,71435,20,89954
14545,0.002854,74.125.24.0-255,2902,74337,20,89954
14546,0.002856,172.31.36.0-255,66,74403,20,89954
14547,0.002877,172.31.36.0-255,66,74469,20,89954
14548,0.00293,74.125.24.0-255,1484,75953,20,89954
14549,0.002947,74.125.24.0-255,2902,78855,20,89954
14550,0.00295,172.31.36.0-255,66,78921,20,89954
14551,0.002974,74.125.24.0-255,1484,80405,20,89954
14552,0.002985,74.125.24.0-255,1484,81889,20,89954
14553,0.002988,172.31.36.0-255,66,81955,20,89954
14554,0.00302,172.31.36.0-255,66,82021,20,89954
14555,0.003056,172.31.36.0-255,66,82087,20,89954
14556,0.003076,172.31.36.0-255,66,82153,20,89954
14557,0.003164,172.31.36.0-255,66,82219,20,89954
14558,0.003197,172.31.36.0-255,66,82285,20,89954
14559,0.00322,74.125.24.0-255,2184,84469,20,89954
14560,0.003222,172.31.36.0-255,66,84535,20,89954
14561,0.003391,172.31.36.0-255,66,84601,20,89954
14562,0.003437,172.31.36.0-255,66,84667,20,89954
14563,0.003669,172.31.36.0-255,66,84733,20,89954
14564,0.003707,74.125.24.0-255,1484,86217,20,89954
14565,0.003724,172.31.36.0-255,66,86283,20,89954
14566,0.003777,172.31.36.0-255,66,86349,20,89954
14567,0.003799,74.125.24.0-255,2902,89251,20,89954
14568,0.003801,172.31.36.0-255,66,89317,20,89954
14569,0.003863,172.31.36.0-255,66,89383,20,89954
14570,0.003901,172.31.36.0-255,66,89449,20,89954
14571,0.004052,172.31.36.0-255,66,89515,20,89954
14572,0.004082,172.31.36.0-255,66,89581,20,89954
14573,0.004132,74.125.24.0-255,136,89717,20,89954
14574,0.007756,172.31.36.0-255,66,89783,20,89954
14575,0.007784,172.31.36.0-255,105,89888,20,89954
14576,0.009998,74.125.24.0-255,66,89954,20,89954
14577,0.0,74.125.24.0-255,153,153,20,43787
14578,3.1e-05,172.31.36.0-255,66,219,20,43787
14579,3.8e-05,74.125.24.0-255,1484,1703,20,43787
14580,4.2e-05,172.31.36.0-255,66,1769,20,43787
14581,4.7e-05,74.125.24.0-255,2902,4671,20,43787
14582,5e-05,172.31.36.0-255,66,4737,20,43787
14583,6.6e-05,172.31.36.0-255,66,4803,20,43787
14584,7e-05,74.125.24.0-255,1971,6774,20,43787
14585,7.2e-05,172.31.36.0-255,66,6840,20,43787
14586,0.00015,74.125.24.0-255,1484,8324,20,43787
14587,0.000154,172.31.36.0-255,66,8390,20,43787
14588,0.000159,74.125.24.0-255,2902,11292,20,43787
14589,0.000161,172.31.36.0-255,66,11358,20,43787
14590,0.000174,172.31.36.0-255,66,11424,20,43787
14591,0.000199,74.125.24.0-255,1484,12908,20,43787
14592,0.000202,172.31.36.0-255,66,12974,20,43787
14593,0.000216,172.31.36.0-255,66,13040,20,43787
14594,0.000219,74.125.24.0-255,1125,14165,20,43787
14595,0.00022,172.31.36.0-255,66,14231,20,43787
14596,0.000313,74.125.24.0-255,1484,15715,20,43787
14597,0.000317,172.31.36.0-255,66,15781,20,43787
14598,0.000321,74.125.24.0-255,2902,18683,20,43787
14599,0.000323,172.31.36.0-255,66,18749,20,43787
14600,0.000326,74.125.24.0-255,1484,20233,20,43787
14601,0.000328,172.31.36.0-255,66,20299,20,43787
14602,0.000363,172.31.36.0-255,66,20365,20,43787
14603,0.000399,172.31.36.0-255,66,20431,20,43787
14604,0.0006,74.125.24.0-255,1484,21915,20,43787
14605,0.000615,74.125.24.0-255,2902,24817,20,43787
14606,0.000618,172.31.36.0-255,66,24883,20,43787
14607,0.000627,74.125.24.0-255,1484,26367,20,43787
14608,0.000646,74.125.24.0-255,2902,29269,20,43787
14609,0.000659,172.31.36.0-255,66,29335,20,43787
14610,0.000685,74.125.24.0-255,2543,31878,20,43787
14611,0.000693,172.31.36.0-255,66,31944,20,43787
14612,0.00117,74.125.24.0-255,1484,33428,20,43787
14613,0.001178,74.125.24.0-255,2902,36330,20,43787
14614,0.001182,172.31.36.0-255,66,36396,20,43787
14615,0.001242,74.125.24.0-255,2902,39298,20,43787
14616,0.001253,74.125.24.0-255,1484,40782,20,43787
14617,0.001296,74.125.24.0-255,2543,43325,20,43787
14618,0.006177,172.31.36.0-255,66,43391,20,43787
14619,0.008365,172.31.36.0-255,66,43457,20,43787
14620,0.010463,172.31.36.0-255,66,43523,20,43787
14621,0.01261,172.31.36.0-255,66,43589,20,43787
14622,0.014695,172.31.36.0-255,66,43655,20,43787
14623,0.016789,172.31.36.0-255,66,43721,20,43787
14624,0.018917,172.31.36.0-255,66,43787,20,43787
14625,0.0,172.217.194.0-255,147,147,20,64218
14626,3.4e-05,172.31.36.0-255,66,213,20,64218
14627,4.1e-05,172.217.194.0-255,1484,1697,20,64218
14628,4.5e-05,172.31.36.0-255,66,1763,20,64218
14629,5.2e-05,172.217.194.0-255,2902,4665,20,64218
14630,5.5e-05,172.31.36.0-255,66,4731,20,64218
14631,6.8e-05,172.217.194.0-255,2902,7633,20,64218
14632,7.1e-05,172.31.36.0-255,66,7699,20,64218
14633,8.5e-05,172.31.36.0-255,66,7765,20,64218
14634,9.3e-05,172.31.36.0-255,66,7831,20,64218
14635,0.000133,172.31.36.0-255,66,7897,20,64218
14636,0.000163,172.217.194.0-255,1484,9381,20,64218
14637,0.000166,172.31.36.0-255,66,9447,20,64218
14638,0.000171,172.217.194.0-255,2902,12349,20,64218
14639,0.000173,172.31.36.0-255,66,12415,20,64218
14640,0.000177,172.217.194.0-255,1484,13899,20,64218
14641,0.00018,172.31.36.0-255,66,13965,20,64218
14642,0.000212,172.217.194.0-255,2902,16867,20,64218
14643,0.000215,172.31.36.0-255,66,16933,20,64218
14644,0.000227,172.31.36.0-255,66,16999,20,64218
14645,0.000244,172.31.36.0-255,66,17065,20,64218
14646,0.00028,172.31.36.0-255,66,17131,20,64218
14647,0.000283,172.217.194.0-255,379,17510,20,64218
14648,0.000286,172.31.36.0-255,66,17576,20,64218
14649,0.000313,172.217.194.0-255,397,17973,20,64218
14650,0.000316,172.31.36.0-255,66,18039,20,64218
14651,0.00058,172.217.194.0-255,1484,19523,20,64218
14652,0.000588,172.217.194.0-255,2902,22425,20,64218
14653,0.000591,172.31.36.0-255,66,22491,20,64218
14654,0.000601,172.31.36.0-255,66,22557,20,64218
14655,0.000617,172.217.194.0-255,1484,24041,20,64218
14656,0.000626,172.31.36.0-255,66,24107,20,64218
14657,0.000653,172.31.36.0-255,66,24173,20,64218
14658,0.000666,172.31.36.0-255,66,24239,20,64218
14659,0.000859,172.217.194.0-255,1484,25723,20,64218
14660,0.000864,172.217.194.0-255,2902,28625,20,64218
14661,0.000867,172.31.36.0-255,66,28691,20,64218
14662,0.000936,172.31.36.0-255,66,28757,20,64218
14663,0.000942,172.31.36.0-255,66,28823,20,64218
14664,0.000951,172.31.36.0-255,66,28889,20,64218
14665,0.000989,172.31.36.0-255,66,28955,20,64218
14666,0.001004,172.31.36.0-255,66,29021,20,64218
14667,0.001017,172.31.36.0-255,66,29087,20,64218
14668,0.001061,172.31.36.0-255,66,29153,20,64218
14669,0.001069,172.31.36.0-255,66,29219,20,64218
14670,0.001099,172.31.36.0-255,66,29285,20,64218
14671,0.001107,172.31.36.0-255,66,29351,20,64218
14672,0.001133,172.217.194.0-255,3602,32953,20,64218
14673,0.001141,172.31.36.0-255,66,33019,20,64218
14674,0.001152,172.31.36.0-255,66,33085,20,64218
14675,0.001163,172.31.36.0-255,66,33151,20,64218
14676,0.001194,172.31.36.0-255,66,33217,20,64218
14677,0.001198,172.217.194.0-255,766,33983,20,64218
14678,0.001373,172.217.194.0-255,1484,35467,20,64218
14679,0.001377,172.31.36.0-255,66,35533,20,64218
14680,0.001382,172.217.194.0-255,2902,38435,20,64218
14681,0.001384,172.31.36.0-255,66,38501,20,64218
14682,0.001393,172.31.36.0-255,66,38567,20,64218
14683,0.001408,172.217.194.0-255,1484,40051,20,64218
14684,0.00142,172.31.36.0-255,66,40117,20,64218
14685,0.001456,172.31.36.0-255,66,40183,20,64218
14686,0.001465,172.31.36.0-255,66,40249,20,64218
14687,0.001502,172.31.36.0-255,66,40315,20,64218
14688,0.001748,172.217.194.0-255,1484,41799,20,64218
14689,0.001773,172.217.194.0-255,2902,44701,20,64218
14690,0.001776,172.31.36.0-255,66,44767,20,64218
14691,0.001785,172.31.36.0-255,66,44833,20,64218
14692,0.00182,172.31.36.0-255,66,44899,20,64218
14693,0.001865,172.31.36.0-255,66,44965,20,64218
14694,0.001925,172.217.194.0-255,1484,46449,20,64218
14695,0.001946,172.217.194.0-255,2902,49351,20,64218
14696,0.001949,172.31.36.0-255,66,49417,20,64218
14697,0.001958,172.31.36.0-255,66,49483,20,64218
14698,0.001963,172.217.194.0-255,2902,52385,20,64218
14699,0.001965,172.31.36.0-255,66,52451,20,64218
14700,0.002008,172.31.36.0-255,66,52517,20,64218
14701,0.002014,172.31.36.0-255,66,52583,20,64218
14702,0.002079,172.217.194.0-255,2184,54767,20,64218
14703,0.002083,172.31.36.0-255,66,54833,20,64218
14704,0.002087,172.217.194.0-255,2902,57735,20,64218
14705,0.002089,172.31.36.0-255,66,57801,20,64218
14706,0.002099,172.31.36.0-255,66,57867,20,64218
14707,0.002113,172.31.36.0-255,66,57933,20,64218
14708,0.002163,172.31.36.0-255,66,57999,20,64218
14709,0.002175,172.31.36.0-255,66,58065,20,64218
14710,0.00218,172.217.194.0-255,2902,60967,20,64218
14711,0.002182,172.31.36.0-255,66,61033,20,64218
14712,0.002225,172.31.36.0-255,66,61099,20,64218
14713,0.002234,172.31.36.0-255,66,61165,20,64218
14714,0.002259,172.217.194.0-255,2645,63810,20,64218
14715,0.002263,172.31.36.0-255,66,63876,20,64218
14716,0.002266,172.217.194.0-255,105,63981,20,64218
14717,0.003439,172.31.36.0-255,66,64047,20,64218
14718,0.003467,172.31.36.0-255,105,64152,20,64218
14719,0.005692,172.217.194.0-255,66,64218,20,64218
14720,0.0,74.125.68.0-255,226,226,20,53238
14721,2.4e-05,172.31.36.0-255,66,292,20,53238
14722,3.2e-05,74.125.68.0-255,1484,1776,20,53238
14723,3.6e-05,172.31.36.0-255,66,1842,20,53238
14724,7.2e-05,74.125.68.0-255,1484,3326,20,53238
14725,7.6e-05,172.31.36.0-255,66,3392,20,53238
14726,9.6e-05,74.125.68.0-255,1484,4876,20,53238
14727,9.9e-05,172.31.36.0-255,66,4942,20,53238
14728,0.000161,172.31.36.0-255,66,5008,20,53238
14729,0.000379,74.125.68.0-255,3446,8454,20,53238
14730,0.000385,172.31.36.0-255,66,8520,20,53238
14731,0.000526,172.31.36.0-255,66,8586,20,53238
14732,0.000955,172.31.36.0-255,66,8652,20,53238
14733,0.001177,172.31.36.0-255,66,8718,20,53238
14734,0.002509,74.125.68.0-255,2902,11620,20,53238
14735,0.002515,172.31.36.0-255,66,11686,20,53238
14736,0.003653,74.125.68.0-255,2902,14588,20,53238
14737,0.003659,172.31.36.0-255,66,14654,20,53238
14738,0.005,74.125.68.0-255,2902,17556,20,53238
14739,0.005006,172.31.36.0-255,66,17622,20,53238
14740,0.006137,74.125.68.0-255,2902,20524,20,53238
14741,0.006144,172.31.36.0-255,66,20590,20,53238
14742,0.007494,74.125.68.0-255,2902,23492,20,53238
14743,0.007501,172.31.36.0-255,66,23558,20,53238
14744,0.008623,74.125.68.0-255,2902,26460,20,53238
14745,0.00863,172.31.36.0-255,66,26526,20,53238
14746,0.009987,74.125.68.0-255,2902,29428,20,53238
14747,0.009994,172.31.36.0-255,66,29494,20,53238
14748,0.011119,74.125.68.0-255,2902,32396,20,53238
14749,0.011127,172.31.36.0-255,66,32462,20,53238
14750,0.012482,74.125.68.0-255,2902,35364,20,53238
14751,0.012489,172.31.36.0-255,66,35430,20,53238
14752,0.013612,74.125.68.0-255,2902,38332,20,53238
14753,0.013619,172.31.36.0-255,66,38398,20,53238
14754,0.014962,74.125.68.0-255,2902,41300,20,53238
14755,0.014968,172.31.36.0-255,66,41366,20,53238
14756,0.016101,74.125.68.0-255,2902,44268,20,53238
14757,0.016107,172.31.36.0-255,66,44334,20,53238
14758,0.017452,74.125.68.0-255,2902,47236,20,53238
14759,0.01746,172.31.36.0-255,66,47302,20,53238
14760,0.018582,74.125.68.0-255,2902,50204,20,53238
14761,0.018589,172.31.36.0-255,66,50270,20,53238
14762,0.019938,74.125.68.0-255,2902,53172,20,53238
14763,0.019946,172.31.36.0-255,66,53238,20,53238
14764,0.0,74.125.24.0-255,152,152,20,90638
14765,1.4e-05,172.31.36.0-255,66,218,20,90638
14766,2.1e-05,74.125.24.0-255,1484,1702,20,90638
14767,2.5e-05,172.31.36.0-255,66,1768,20,90638
14768,3.1e-05,74.125.24.0-255,2902,4670,20,90638
14769,3.4e-05,172.31.36.0-255,66,4736,20,90638
14770,4.2e-05,172.31.36.0-255,66,4802,20,90638
14771,8.9e-05,172.31.36.0-255,66,4868,20,90638
14772,9.7e-05,172.31.36.0-255,66,4934,20,90638
14773,0.000148,172.31.36.0-255,66,5000,20,90638
14774,0.000165,74.125.24.0-255,2543,7543,20,90638
14775,0.000167,172.31.36.0-255,66,7609,20,90638
14776,0.000203,74.125.24.0-255,1484,9093,20,90638
14777,0.000206,172.31.36.0-255,66,9159,20,90638
14778,0.00022,74.125.24.0-255,2902,12061,20,90638
14779,0.000222,172.31.36.0-255,66,12127,20,90638
14780,0.000225,74.125.24.0-255,1484,13611,20,90638
14781,0.000227,172.31.36.0-255,66,13677,20,90638
14782,0.000246,74.125.24.0-255,2902,16579,20,90638
14783,0.000248,172.31.36.0-255,66,16645,20,90638
14784,0.000256,172.31.36.0-255,66,16711,20,90638
14785,0.000281,74.125.24.0-255,3961,20672,20,90638
14786,0.000283,172.31.36.0-255,66,20738,20,90638
14787,0.000297,172.31.36.0-255,66,20804,20,90638
14788,0.000331,74.125.24.0-255,648,21452,20,90638
14789,0.000333,172.31.36.0-255,66,21518,20,90638
14790,0.000412,74.125.24.0-255,1484,23002,20,90638
14791,0.000419,74.125.24.0-255,2902,25904,20,90638
14792,0.000422,172.31.36.0-255,66,25970,20,90638
14793,0.000449,172.31.36.0-255,66,26036,20,90638
14794,0.000473,74.125.24.0-255,1484,27520,20,90638
14795,0.000495,172.31.36.0-255,66,27586,20,90638
14796,0.000506,172.31.36.0-255,66,27652,20,90638
14797,0.000527,74.125.24.0-255,2902,30554,20,90638
14798,0.000529,172.31.36.0-255,66,30620,20,90638
14799,0.000549,74.125.24.0-255,3961,34581,20,90638
14800,0.000552,172.31.36.0-255,66,34647,20,90638
14801,0.000624,74.125.24.0-255,1484,36131,20,90638
14802,0.000629,74.125.24.0-255,2902,39033,20,90638
14803,0.00064,172.31.36.0-255,66,39099,20,90638
14804,0.000643,74.125.24.0-255,1484,40583,20,90638
14805,0.000667,172.31.36.0-255,66,40649,20,90638
14806,0.000678,172.31.36.0-255,66,40715,20,90638
14807,0.000698,172.31.36.0-255,66,40781,20,90638
14808,0.000706,172.31.36.0-255,66,40847,20,90638
14809,0.000727,74.125.24.0-255,2184,43031,20,90638
14810,0.00073,172.31.36.0-255,66,43097,20,90638
14811,0.000738,172.31.36.0-255,66,43163,20,90638
14812,0.000766,74.125.24.0-255,2902,46065,20,90638
14813,0.00077,172.31.36.0-255,66,46131,20,90638
14814,0.000778,172.31.36.0-255,66,46197,20,90638
14815,0.000794,74.125.24.0-255,2902,49099,20,90638
14816,0.000797,172.31.36.0-255,66,49165,20,90638
14817,0.0008,74.125.24.0-255,1484,50649,20,90638
14818,0.000809,172.31.36.0-255,66,50715,20,90638
14819,0.000832,172.31.36.0-255,66,50781,20,90638
14820,0.000899,172.31.36.0-255,66,50847,20,90638
14821,0.000926,74.125.24.0-255,766,51613,20,90638
14822,0.001242,74.125.24.0-255,1484,53097,20,90638
14823,0.001248,172.31.36.0-255,66,53163,20,90638
14824,0.001254,74.125.24.0-255,2902,56065,20,90638
14825,0.001256,172.31.36.0-255,66,56131,20,90638
14826,0.001265,172.31.36.0-255,66,56197,20,90638
14827,0.001273,172.31.36.0-255,66,56263,20,90638
14828,0.001297,172.31.36.0-255,66,56329,20,90638
14829,0.001308,172.31.36.0-255,66,56395,20,90638
14830,0.001324,74.125.24.0-255,2184,58579,20,90638
14831,0.001326,172.31.36.0-255,66,58645,20,90638
14832,0.00134,74.125.24.0-255,1484,60129,20,90638
14833,0.001345,74.125.24.0-255,2902,63031,20,90638
14834,0.001347,172.31.36.0-255,66,63097,20,90638
14835,0.001373,172.31.36.0-255,66,63163,20,90638
14836,0.001376,74.125.24.0-255,1484,64647,20,90638
14837,0.001406,172.31.36.0-255,66,64713,20,90638
14838,0.001417,172.31.36.0-255,66,64779,20,90638
14839,0.001439,74.125.24.0-255,2184,66963,20,90638
14840,0.001441,172.31.36.0-255,66,67029,20,90638
14841,0.001504,74.125.24.0-255,1484,68513,20,90638
14842,0.001509,74.125.24.0-255,2902,71415,20,90638
14843,0.001512,172.31.36.0-255,66,71481,20,90638
14844,0.001518,74.125.24.0-255,2902,74383,20,90638
14845,0.00152,172.31.36.0-255,66,74449,20,90638
14846,0.001535,74.125.24.0-255,2902,77351,20,90638
14847,0.001538,172.31.36.0-255,66,77417,20,90638
14848,0.001557,172.31.36.0-255,66,77483,20,90638
14849,0.001568,172.31.36.0-255,66,77549,20,90638
14850,0.0016,74.125.24.0-255,2184,79733,20,90638
14851,0.001603,172.31.36.0-255,66,79799,20,90638
14852,0.001616,74.125.24.0-255,2902,82701,20,90638
14853,0.001619,172.31.36.0-255,66,82767,20,90638
14854,0.001624,74.125.24.0-255,2902,85669,20,90638
14855,0.001626,172.31.36.0-255,66,85735,20,90638
14856,0.001653,172.31.36.0-255,66,85801,20,90638
14857,0.001667,172.31.36.0-255,66,85867,20,90638
14858,0.001698,172.31.36.0-255,66,85933,20,90638
14859,0.001714,172.31.36.0-255,66,85999,20,90638
14860,0.001727,172.31.36.0-255,66,86065,20,90638
14861,0.001753,172.31.36.0-255,66,86131,20,90638
14862,0.001773,172.31.36.0-255,66,86197,20,90638
14863,0.001825,172.31.36.0-255,66,86263,20,90638
14864,0.0019,172.31.36.0-255,66,86329,20,90638
14865,0.001923,74.125.24.0-255,3901,90230,20,90638
14866,0.001926,172.31.36.0-255,66,90296,20,90638
14867,0.001929,74.125.24.0-255,105,90401,20,90638
14868,0.009935,172.31.36.0-255,66,90467,20,90638
14869,0.009978,172.31.36.0-255,105,90572,20,90638
14870,0.011924,74.125.24.0-255,66,90638,20,90638
14871,0.0,172.217.194.0-255,153,153,20,61827
14872,3.9e-05,172.31.36.0-255,66,219,20,61827
14873,4.6e-05,172.217.194.0-255,1484,1703,20,61827
14874,5e-05,172.31.36.0-255,66,1769,20,61827
14875,5.5e-05,172.217.194.0-255,2902,4671,20,61827
14876,5.9e-05,172.31.36.0-255,66,4737,20,61827
14877,7e-05,172.31.36.0-255,66,4803,20,61827
14878,7.4e-05,172.217.194.0-255,2012,6815,20,61827
14879,7.8e-05,172.31.36.0-255,66,6881,20,61827
14880,8.2e-05,172.217.194.0-255,2902,9783,20,61827
14881,8.5e-05,172.31.36.0-255,66,9849,20,61827
14882,0.00011,172.217.194.0-255,1484,11333,20,61827
14883,0.000113,172.31.36.0-255,66,11399,20,61827
14884,0.000149,172.31.36.0-255,66,11465,20,61827
14885,0.000159,172.31.36.0-255,66,11531,20,61827
14886,0.000334,172.217.194.0-255,1484,13015,20,61827
14887,0.000342,172.31.36.0-255,66,13081,20,61827
14888,0.000348,172.217.194.0-255,2902,15983,20,61827
14889,0.000351,172.31.36.0-255,66,16049,20,61827
14890,0.00036,172.217.194.0-255,1484,17533,20,61827
14891,0.000364,172.31.36.0-255,66,17599,20,61827
14892,0.000368,172.31.36.0-255,66,17665,20,61827
14893,0.000387,172.31.36.0-255,66,17731,20,61827
14894,0.000398,172.31.36.0-255,66,17797,20,61827
14895,0.000432,172.217.194.0-255,3961,21758,20,61827
14896,0.000437,172.31.36.0-255,66,21824,20,61827
14897,0.00044,172.217.194.0-255,361,22185,20,61827
14898,0.000496,172.217.194.0-255,382,22567,20,61827
14899,0.00091,172.217.194.0-255,1484,24051,20,61827
14900,0.000915,172.31.36.0-255,66,24117,20,61827
14901,0.000915,172.217.194.0-255,2902,27019,20,61827
14902,0.000919,172.31.36.0-255,66,27085,20,61827
14903,0.000941,172.31.36.0-255,66,27151,20,61827
14904,0.000982,172.31.36.0-255,66,27217,20,61827
14905,0.000996,172.31.36.0-255,66,27283,20,61827
14906,0.001026,172.217.194.0-255,3602,30885,20,61827
14907,0.00103,172.31.36.0-255,66,30951,20,61827
14908,0.001258,172.217.194.0-255,1484,32435,20,61827
14909,0.001266,172.217.194.0-255,2902,35337,20,61827
14910,0.001269,172.31.36.0-255,66,35403,20,61827
14911,0.001289,172.31.36.0-255,66,35469,20,61827
14912,0.001294,172.217.194.0-255,2902,38371,20,61827
14913,0.001297,172.31.36.0-255,66,38437,20,61827
14914,0.001327,172.31.36.0-255,66,38503,20,61827
14915,0.001336,172.31.36.0-255,66,38569,20,61827
14916,0.001357,172.31.36.0-255,66,38635,20,61827
14917,0.001567,172.217.194.0-255,1484,40119,20,61827
14918,0.001577,172.217.194.0-255,2902,43021,20,61827
14919,0.00158,172.31.36.0-255,66,43087,20,61827
14920,0.001608,172.31.36.0-255,66,43153,20,61827
14921,0.001633,172.31.36.0-255,66,43219,20,61827
14922,0.00166,172.31.36.0-255,66,43285,20,61827
14923,0.001672,172.31.36.0-255,66,43351,20,61827
14924,0.001694,172.217.194.0-255,766,44117,20,61827
14925,0.001752,172.217.194.0-255,1484,45601,20,61827
14926,0.001755,172.31.36.0-255,66,45667,20,61827
14927,0.001761,172.217.194.0-255,2902,48569,20,61827
14928,0.001763,172.31.36.0-255,66,48635,20,61827
14929,0.001777,172.217.194.0-255,1484,50119,20,61827
14930,0.001791,172.217.194.0-255,2902,53021,20,61827
14931,0.001794,172.31.36.0-255,66,53087,20,61827
14932,0.00181,172.217.194.0-255,1484,54571,20,61827
14933,0.001819,172.31.36.0-255,66,54637,20,61827
14934,0.001846,172.31.36.0-255,66,54703,20,61827
14935,0.001856,172.31.36.0-255,66,54769,20,61827
14936,0.001882,172.31.36.0-255,66,54835,20,61827
14937,0.001933,172.31.36.0-255,66,54901,20,61827
14938,0.001969,172.31.36.0-255,66,54967,20,61827
14939,0.001983,172.31.36.0-255,66,55033,20,61827
14940,0.002031,172.217.194.0-255,1484,56517,20,61827
14941,0.002036,172.217.194.0-255,1484,58001,20,61827
14942,0.002039,172.31.36.0-255,66,58067,20,61827
14943,0.002054,172.217.194.0-255,1484,59551,20,61827
14944,0.002066,172.31.36.0-255,66,59617,20,61827
14945,0.002069,172.217.194.0-255,1484,61101,20,61827
14946,0.002092,172.31.36.0-255,66,61167,20,61827
14947,0.00212,172.31.36.0-255,66,61233,20,61827
14948,0.00215,172.31.36.0-255,66,61299,20,61827
14949,0.002159,172.31.36.0-255,66,61365,20,61827
14950,0.00438,172.31.36.0-255,66,61431,20,61827
14951,0.006603,172.31.36.0-255,66,61497,20,61827
14952,0.008855,172.31.36.0-255,66,61563,20,61827
14953,0.011123,172.31.36.0-255,66,61629,20,61827
14954,0.01339,172.31.36.0-255,66,61695,20,61827
14955,0.015655,172.31.36.0-255,66,61761,20,61827
14956,0.017888,172.31.36.0-255,66,61827,20,61827
14957,0.0,74.125.24.0-255,146,146,20,91673
14958,1.3e-05,172.31.36.0-255,66,212,20,91673
14959,1.8e-05,74.125.24.0-255,1484,1696,20,91673
14960,2.2e-05,172.31.36.0-255,66,1762,20,91673
14961,3.4e-05,74.125.24.0-255,2902,4664,20,91673
14962,3.7e-05,172.31.36.0-255,66,4730,20,91673
14963,7.8e-05,172.31.36.0-255,66,4796,20,91673
14964,8.2e-05,74.125.24.0-255,2073,6869,20,91673
14965,8.5e-05,172.31.36.0-255,66,6935,20,91673
14966,0.000109,74.125.24.0-255,1484,8419,20,91673
14967,0.000111,172.31.36.0-255,66,8485,20,91673
14968,0.000139,74.125.24.0-255,1484,9969,20,91673
14969,0.000142,172.31.36.0-255,66,10035,20,91673
14970,0.000149,172.31.36.0-255,66,10101,20,91673
14971,0.000165,172.31.36.0-255,66,10167,20,91673
14972,0.000168,74.125.24.0-255,1125,11292,20,91673
14973,0.000169,172.31.36.0-255,66,11358,20,91673
14974,0.000262,74.125.24.0-255,1484,12842,20,91673
14975,0.000265,172.31.36.0-255,66,12908,20,91673
14976,0.00027,74.125.24.0-255,2902,15810,20,91673
14977,0.000272,172.31.36.0-255,66,15876,20,91673
14978,0.000305,172.31.36.0-255,66,15942,20,91673
14979,0.00034,172.31.36.0-255,66,16008,20,91673
14980,0.000472,74.125.24.0-255,1484,17492,20,91673
14981,0.000476,172.31.36.0-255,66,17558,20,91673
14982,0.000482,74.125.24.0-255,2902,20460,20,91673
14983,0.000484,172.31.36.0-255,66,20526,20,91673
14984,0.000499,172.31.36.0-255,66,20592,20,91673
14985,0.00053,172.31.36.0-255,66,20658,20,91673
14986,0.000555,74.125.24.0-255,2543,23201,20,91673
14987,0.000557,172.31.36.0-255,66,23267,20,91673
14988,0.000582,74.125.24.0-255,646,23913,20,91673
14989,0.000584,172.31.36.0-255,66,23979,20,91673
14990,0.000761,74.125.24.0-255,1484,25463,20,91673
14991,0.000767,172.31.36.0-255,66,25529,20,91673
14992,0.000772,74.125.24.0-255,2902,28431,20,91673
14993,0.000774,172.31.36.0-255,66,28497,20,91673
14994,0.000777,74.125.24.0-255,1484,29981,20,91673
14995,0.000779,172.31.36.0-255,66,30047,20,91673
14996,0.000812,172.31.36.0-255,66,30113,20,91673
14997,0.00083,172.31.36.0-255,66,30179,20,91673
14998,0.000839,172.31.36.0-255,66,30245,20,91673
14999,0.000888,172.31.36.0-255,66,30311,20,91673
15000,0.000996,74.125.24.0-255,1484,31795,20,91673
15001,0.001002,74.125.24.0-255,2902,34697,20,91673
15002,0.001005,172.31.36.0-255,66,34763,20,91673
15003,0.00101,74.125.24.0-255,2902,37665,20,91673
15004,0.001031,74.125.24.0-255,2902,40567,20,91673
15005,0.001034,74.125.24.0-255,1484,42051,20,91673
15006,0.001046,172.31.36.0-255,66,42117,20,91673
15007,0.001077,74.125.24.0-255,1484,43601,20,91673
15008,0.00108,74.125.24.0-255,1484,45085,20,91673
15009,0.001107,172.31.36.0-255,66,45151,20,91673
15010,0.00126,74.125.24.0-255,1484,46635,20,91673
15011,0.001266,74.125.24.0-255,2902,49537,20,91673
15012,0.001269,172.31.36.0-255,66,49603,20,91673
15013,0.001319,172.31.36.0-255,66,49669,20,91673
15014,0.001368,172.31.36.0-255,66,49735,20,91673
15015,0.001514,74.125.24.0-255,1484,51219,20,91673
15016,0.00152,74.125.24.0-255,2902,54121,20,91673
15017,0.001523,172.31.36.0-255,66,54187,20,91673
15018,0.001567,172.31.36.0-255,66,54253,20,91673
15019,0.001621,74.125.24.0-255,1484,55737,20,91673
15020,0.001657,172.31.36.0-255,66,55803,20,91673
15021,0.00184,74.125.24.0-255,1484,57287,20,91673
15022,0.001846,74.125.24.0-255,2902,60189,20,91673
15023,0.00185,172.31.36.0-255,66,60255,20,91673
15024,0.001877,74.125.24.0-255,1484,61739,20,91673
15025,0.001917,172.31.36.0-255,66,61805,20,91673
15026,0.001948,74.125.24.0-255,2184,63989,20,91673
15027,0.001966,172.31.36.0-255,66,64055,20,91673
15028,0.002,74.125.24.0-255,1484,65539,20,91673
15029,0.002006,74.125.24.0-255,2902,68441,20,91673
15030,0.002034,74.125.24.0-255,1484,69925,20,91673
15031,0.002037,172.31.36.0-255,66,69991,20,91673
15032,0.002043,172.31.36.0-255,66,70057,20,91673
15033,0.002095,74.125.24.0-255,766,70823,20,91673
15034,0.002127,172.31.36.0-255,66,70889,20,91673
15035,0.002153,74.125.24.0-255,1484,72373,20,91673
15036,0.002158,74.125.24.0-255,2902,75275,20,91673
15037,0.002177,74.125.24.0-255,1484,76759,20,91673
15038,0.0022,172.31.36.0-255,66,76825,20,91673
15039,0.002209,74.125.24.0-255,1484,78309,20,91673
15040,0.002221,172.31.36.0-255,66,78375,20,91673
15041,0.002265,172.31.36.0-255,66,78441,20,91673
15042,0.002293,74.125.24.0-255,1484,79925,20,91673
15043,0.002299,74.125.24.0-255,2902,82827,20,91673
15044,0.002308,74.125.24.0-255,1484,84311,20,91673
15045,0.002317,172.31.36.0-255,66,84377,20,91673
15046,0.002356,172.31.36.0-255,66,84443,20,91673
15047,0.002384,74.125.24.0-255,2184,86627,20,91673
15048,0.002413,172.31.36.0-255,66,86693,20,91673
15049,0.002483,74.125.24.0-255,1484,88177,20,91673
15050,0.002488,74.125.24.0-255,1484,89661,20,91673
15051,0.002504,74.125.24.0-255,1484,91145,20,91673
15052,0.002514,172.31.36.0-255,66,91211,20,91673
15053,0.002527,172.31.36.0-255,66,91277,20,91673
15054,0.005048,172.31.36.0-255,66,91343,20,91673
15055,0.007598,172.31.36.0-255,66,91409,20,91673
15056,0.010076,172.31.36.0-255,66,91475,20,91673
15057,0.012608,172.31.36.0-255,66,91541,20,91673
15058,0.015159,172.31.36.0-255,66,91607,20,91673
15059,0.017678,172.31.36.0-255,66,91673,20,91673
15060,0.0,74.125.200.0-255,153,153,20,49962
15061,1.7e-05,172.31.36.0-255,66,219,20,49962
15062,5.5e-05,74.125.200.0-255,1484,1703,20,49962
15063,6.1e-05,172.31.36.0-255,66,1769,20,49962
15064,6.7e-05,74.125.200.0-255,2902,4671,20,49962
15065,7.1e-05,172.31.36.0-255,66,4737,20,49962
15066,8.6e-05,172.31.36.0-255,66,4803,20,49962
15067,9.2e-05,74.125.200.0-255,3475,8278,20,49962
15068,9.4e-05,172.31.36.0-255,66,8344,20,49962
15069,0.000329,74.125.200.0-255,1484,9828,20,49962
15070,0.000336,172.31.36.0-255,66,9894,20,49962
15071,0.000378,74.125.200.0-255,1484,11378,20,49962
15072,0.000381,172.31.36.0-255,66,11444,20,49962
15073,0.00041,74.125.200.0-255,1484,12928,20,49962
15074,0.000428,172.31.36.0-255,66,12994,20,49962
15075,0.000436,172.31.36.0-255,66,13060,20,49962
15076,0.000439,172.31.36.0-255,66,13126,20,49962
15077,0.000443,74.125.200.0-255,2543,15669,20,49962
15078,0.000446,172.31.36.0-255,66,15735,20,49962
15079,0.000658,74.125.200.0-255,1484,17219,20,49962
15080,0.000664,172.31.36.0-255,66,17285,20,49962
15081,0.000671,74.125.200.0-255,2902,20187,20,49962
15082,0.000674,172.31.36.0-255,66,20253,20,49962
15083,0.000717,172.31.36.0-255,66,20319,20,49962
15084,0.000752,172.31.36.0-255,66,20385,20,49962
15085,0.000759,172.31.36.0-255,66,20451,20,49962
15086,0.000824,172.31.36.0-255,66,20517,20,49962
15087,0.000827,74.125.200.0-255,678,21195,20,49962
15088,0.001126,74.125.200.0-255,1484,22679,20,49962
15089,0.001132,172.31.36.0-255,66,22745,20,49962
15090,0.001138,74.125.200.0-255,2902,25647,20,49962
15091,0.00114,172.31.36.0-255,66,25713,20,49962
15092,0.001163,74.125.200.0-255,1484,27197,20,49962
15093,0.001186,74.125.200.0-255,2902,30099,20,49962
15094,0.001189,172.31.36.0-255,66,30165,20,49962
15095,0.001197,172.31.36.0-255,66,30231,20,49962
15096,0.001225,74.125.200.0-255,1484,31715,20,49962
15097,0.001229,74.125.200.0-255,1484,33199,20,49962
15098,0.001231,172.31.36.0-255,66,33265,20,49962
15099,0.001235,74.125.200.0-255,2902,36167,20,49962
15100,0.001237,172.31.36.0-255,66,36233,20,49962
15101,0.001252,172.31.36.0-255,66,36299,20,49962
15102,0.001256,74.125.200.0-255,2902,39201,20,49962
15103,0.001259,172.31.36.0-255,66,39267,20,49962
15104,0.001267,172.31.36.0-255,66,39333,20,49962
15105,0.001293,74.125.200.0-255,2184,41517,20,49962
15106,0.0013,172.31.36.0-255,66,41583,20,49962
15107,0.001555,74.125.200.0-255,1484,43067,20,49962
15108,0.001562,74.125.200.0-255,2902,45969,20,49962
15109,0.001565,172.31.36.0-255,66,46035,20,49962
15110,0.001583,74.125.200.0-255,1484,47519,20,49962
15111,0.001612,172.31.36.0-255,66,47585,20,49962
15112,0.001622,172.31.36.0-255,66,47651,20,49962
15113,0.001638,172.31.36.0-255,66,47717,20,49962
15114,0.001708,172.31.36.0-255,66,47783,20,49962
15115,0.002031,172.31.36.0-255,101,47884,20,49962
15116,0.003975,172.31.36.0-255,66,47950,20,49962
15117,0.004242,74.125.200.0-255,66,48016,20,49962
15118,0.006233,172.31.36.0-255,66,48082,20,49962
15119,0.006262,74.125.200.0-255,1484,49566,20,49962
15120,0.008497,172.31.36.0-255,66,49632,20,49962
15121,0.010757,172.31.36.0-255,66,49698,20,49962
15122,0.01303,172.31.36.0-255,66,49764,20,49962
15123,0.015299,172.31.36.0-255,66,49830,20,49962
15124,0.017564,172.31.36.0-255,66,49896,20,49962
15125,0.019827,172.31.36.0-255,66,49962,20,49962
15126,0.0,74.125.68.0-255,153,153,20,103563
15127,2.5e-05,172.31.36.0-255,66,219,20,103563
15128,3.2e-05,74.125.68.0-255,1484,1703,20,103563
15129,3.6e-05,172.31.36.0-255,66,1769,20,103563
15130,4e-05,74.125.68.0-255,2902,4671,20,103563
15131,4.2e-05,172.31.36.0-255,66,4737,20,103563
15132,6.7e-05,172.31.36.0-255,66,4803,20,103563
15133,9.1e-05,74.125.68.0-255,1484,6287,20,103563
15134,9.4e-05,172.31.36.0-255,66,6353,20,103563
15135,0.000121,172.31.36.0-255,66,6419,20,103563
15136,0.000126,74.125.68.0-255,2902,9321,20,103563
15137,0.000128,172.31.36.0-255,66,9387,20,103563
15138,0.000134,74.125.68.0-255,2902,12289,20,103563
15139,0.000136,172.31.36.0-255,66,12355,20,103563
15140,0.000169,172.31.36.0-255,66,12421,20,103563
15141,0.000263,74.125.68.0-255,1484,13905,20,103563
15142,0.000266,172.31.36.0-255,66,13971,20,103563
15143,0.000297,74.125.68.0-255,2902,16873,20,103563
15144,0.000301,172.31.36.0-255,66,16939,20,103563
15145,0.00031,172.31.36.0-255,66,17005,20,103563
15146,0.000343,172.31.36.0-255,66,17071,20,103563
15147,0.000364,172.31.36.0-255,66,17137,20,103563
15148,0.000383,74.125.68.0-255,3961,21098,20,103563
15149,0.000386,172.31.36.0-255,66,21164,20,103563
15150,0.000398,172.31.36.0-255,66,21230,20,103563
15151,0.000424,74.125.68.0-255,2854,24084,20,103563
15152,0.000429,172.31.36.0-255,66,24150,20,103563
15153,0.000566,74.125.68.0-255,109,24259,20,103563
15154,0.000715,74.125.68.0-255,1484,25743,20,103563
15155,0.000719,172.31.36.0-255,66,25809,20,103563
15156,0.000725,74.125.68.0-255,2902,28711,20,103563
15157,0.000727,172.31.36.0-255,66,28777,20,103563
15158,0.000755,172.31.36.0-255,66,28843,20,103563
15159,0.000787,172.31.36.0-255,66,28909,20,103563
15160,0.000792,74.125.68.0-255,2902,31811,20,103563
15161,0.000794,172.31.36.0-255,66,31877,20,103563
15162,0.000815,172.31.36.0-255,66,31943,20,103563
15163,0.000823,172.31.36.0-255,66,32009,20,103563
15164,0.000837,74.125.68.0-255,2184,34193,20,103563
15165,0.00084,172.31.36.0-255,66,34259,20,103563
15166,0.000843,74.125.68.0-255,332,34591,20,103563
15167,0.001072,172.31.36.0-255,66,34657,20,103563
15168,0.00139,74.125.68.0-255,1484,36141,20,103563
15169,0.001402,74.125.68.0-255,2902,39043,20,103563
15170,0.001406,172.31.36.0-255,66,39109,20,103563
15171,0.001417,172.31.36.0-255,66,39175,20,103563
15172,0.001442,172.31.36.0-255,66,39241,20,103563
15173,0.001507,172.31.36.0-255,66,39307,20,103563
15174,0.001533,74.125.68.0-255,2184,41491,20,103563
15175,0.001537,172.31.36.0-255,66,41557,20,103563
15176,0.001594,74.125.68.0-255,1484,43041,20,103563
15177,0.001602,74.125.68.0-255,2902,45943,20,103563
15178,0.001605,172.31.36.0-255,66,46009,20,103563
15179,0.001615,172.31.36.0-255,66,46075,20,103563
15180,0.001619,74.125.68.0-255,2902,48977,20,103563
15181,0.001622,172.31.36.0-255,66,49043,20,103563
15182,0.001657,172.31.36.0-255,66,49109,20,103563
15183,0.00166,74.125.68.0-255,1484,50593,20,103563
15184,0.001682,74.125.68.0-255,2902,53495,20,103563
15185,0.001685,172.31.36.0-255,66,53561,20,103563
15186,0.001693,172.31.36.0-255,66,53627,20,103563
15187,0.001706,74.125.68.0-255,766,54393,20,103563
15188,0.002178,172.31.36.0-255,66,54459,20,103563
15189,0.002233,74.125.68.0-255,1484,55943,20,103563
15190,0.002239,74.125.68.0-255,2902,58845,20,103563
15191,0.002242,172.31.36.0-255,66,58911,20,103563
15192,0.002275,172.31.36.0-255,66,58977,20,103563
15193,0.002279,74.125.68.0-255,2902,61879,20,103563
15194,0.002281,172.31.36.0-255,66,61945,20,103563
15195,0.002284,74.125.68.0-255,1484,63429,20,103563
15196,0.004533,74.125.68.0-255,1484,64913,20,103563
15197,0.004538,172.31.36.0-255,66,64979,20,103563
15198,0.004557,74.125.68.0-255,2902,67881,20,103563
15199,0.00456,172.31.36.0-255,66,67947,20,103563
15200,0.006805,74.125.68.0-255,2902,70849,20,103563
15201,0.006812,172.31.36.0-255,66,70915,20,103563
15202,0.006834,74.125.68.0-255,2902,73817,20,103563
15203,0.006837,172.31.36.0-255,66,73883,20,103563
15204,0.009075,74.125.68.0-255,2902,76785,20,103563
15205,0.009084,172.31.36.0-255,66,76851,20,103563
15206,0.009109,74.125.68.0-255,2902,79753,20,103563
15207,0.009112,172.31.36.0-255,66,79819,20,103563
15208,0.011349,74.125.68.0-255,2902,82721,20,103563
15209,0.011358,172.31.36.0-255,66,82787,20,103563
15210,0.011383,74.125.68.0-255,2902,85689,20,103563
15211,0.011387,172.31.36.0-255,66,85755,20,103563
15212,0.013627,74.125.68.0-255,2902,88657,20,103563
15213,0.013637,172.31.36.0-255,66,88723,20,103563
15214,0.013663,74.125.68.0-255,2902,91625,20,103563
15215,0.013666,172.31.36.0-255,66,91691,20,103563
15216,0.015913,74.125.68.0-255,2902,94593,20,103563
15217,0.015921,172.31.36.0-255,66,94659,20,103563
15218,0.015942,74.125.68.0-255,2902,97561,20,103563
15219,0.015946,172.31.36.0-255,66,97627,20,103563
15220,0.018186,74.125.68.0-255,2902,100529,20,103563
15221,0.018193,172.31.36.0-255,66,100595,20,103563
15222,0.018218,74.125.68.0-255,2902,103497,20,103563
15223,0.018221,172.31.36.0-255,66,103563,20,103563
15224,0.0,74.125.130.0-255,153,153,20,54374
15225,2.3e-05,172.31.36.0-255,66,219,20,54374
15226,3e-05,74.125.130.0-255,1484,1703,20,54374
15227,3.5e-05,172.31.36.0-255,66,1769,20,54374
15228,4.1e-05,74.125.130.0-255,2902,4671,20,54374
15229,4.5e-05,172.31.36.0-255,66,4737,20,54374
15230,5.5e-05,172.31.36.0-255,66,4803,20,54374
15231,6e-05,74.125.130.0-255,2045,6848,20,54374
15232,6.2e-05,172.31.36.0-255,66,6914,20,54374
15233,0.000867,74.125.130.0-255,1484,8398,20,54374
15234,0.000875,172.31.36.0-255,66,8464,20,54374
15235,0.000886,74.125.130.0-255,2902,11366,20,54374
15236,0.000889,172.31.36.0-255,66,11432,20,54374
15237,0.000899,172.31.36.0-255,66,11498,20,54374
15238,0.00093,172.31.36.0-255,66,11564,20,54374
15239,0.000963,74.125.130.0-255,2902,14466,20,54374
15240,0.000966,172.31.36.0-255,66,14532,20,54374
15241,0.000988,74.125.130.0-255,3961,18493,20,54374
15242,0.000991,172.31.36.0-255,66,18559,20,54374
15243,0.001001,172.31.36.0-255,66,18625,20,54374
15244,0.001027,74.125.130.0-255,3961,22586,20,54374
15245,0.00103,172.31.36.0-255,66,22652,20,54374
15246,0.001656,74.125.130.0-255,1484,24136,20,54374
15247,0.001662,172.31.36.0-255,66,24202,20,54374
15248,0.001677,74.125.130.0-255,1484,25686,20,54374
15249,0.001679,172.31.36.0-255,66,25752,20,54374
15250,0.001698,74.125.130.0-255,1484,27236,20,54374
15251,0.001701,172.31.36.0-255,66,27302,20,54374
15252,0.001719,74.125.130.0-255,2902,30204,20,54374
15253,0.001721,172.31.36.0-255,66,30270,20,54374
15254,0.001755,172.31.36.0-255,66,30336,20,54374
15255,0.001771,74.125.130.0-255,2902,33238,20,54374
15256,0.001773,172.31.36.0-255,66,33304,20,54374
15257,0.001793,74.125.130.0-255,2543,35847,20,54374
15258,0.001796,172.31.36.0-255,66,35913,20,54374
15259,0.001799,74.125.130.0-255,1484,37397,20,54374
15260,0.001821,172.31.36.0-255,66,37463,20,54374
15261,0.001825,74.125.130.0-255,2902,40365,20,54374
15262,0.001827,172.31.36.0-255,66,40431,20,54374
15263,0.00185,172.31.36.0-255,66,40497,20,54374
15264,0.001886,74.125.130.0-255,3961,44458,20,54374
15265,0.001888,172.31.36.0-255,66,44524,20,54374
15266,0.002001,74.125.130.0-255,1484,46008,20,54374
15267,0.002007,74.125.130.0-255,2902,48910,20,54374
15268,0.002011,172.31.36.0-255,66,48976,20,54374
15269,0.002019,172.31.36.0-255,66,49042,20,54374
15270,0.002022,74.125.130.0-255,1484,50526,20,54374
15271,0.002068,74.125.130.0-255,2902,53428,20,54374
15272,0.002071,172.31.36.0-255,66,53494,20,54374
15273,0.002078,172.31.36.0-255,66,53560,20,54374
15274,0.002081,74.125.130.0-255,286,53846,20,54374
15275,0.004146,172.31.36.0-255,66,53912,20,54374
15276,0.006222,172.31.36.0-255,66,53978,20,54374
15277,0.008311,172.31.36.0-255,66,54044,20,54374
15278,0.010409,172.31.36.0-255,66,54110,20,54374
15279,0.0125,172.31.36.0-255,66,54176,20,54374
15280,0.014581,172.31.36.0-255,66,54242,20,54374
15281,0.016677,172.31.36.0-255,66,54308,20,54374
15282,0.018764,172.31.36.0-255,66,54374,20,54374
15283,0.0,74.125.24.0-255,153,153,20,86491
15284,2.7e-05,172.31.36.0-255,66,219,20,86491
15285,3.4e-05,74.125.24.0-255,1484,1703,20,86491
15286,3.9e-05,172.31.36.0-255,66,1769,20,86491
15287,4.4e-05,74.125.24.0-255,2902,4671,20,86491
15288,4.6e-05,172.31.36.0-255,66,4737,20,86491
15289,7.8e-05,172.31.36.0-255,66,4803,20,86491
15290,0.00011,74.125.24.0-255,1484,6287,20,86491
15291,0.000113,172.31.36.0-255,66,6353,20,86491
15292,0.000131,74.125.24.0-255,2011,8364,20,86491
15293,0.000133,172.31.36.0-255,66,8430,20,86491
15294,0.000146,74.125.24.0-255,1484,9914,20,86491
15295,0.000149,172.31.36.0-255,66,9980,20,86491
15296,0.000165,74.125.24.0-255,2902,12882,20,86491
15297,0.000168,172.31.36.0-255,66,12948,20,86491
15298,0.000191,74.125.24.0-255,2902,15850,20,86491
15299,0.000193,172.31.36.0-255,66,15916,20,86491
15300,0.000217,172.31.36.0-255,66,15982,20,86491
15301,0.000273,74.125.24.0-255,1484,17466,20,86491
15302,0.000276,172.31.36.0-255,66,17532,20,86491
15303,0.000313,172.31.36.0-255,66,17598,20,86491
15304,0.000342,172.31.36.0-255,66,17664,20,86491
15305,0.000352,172.31.36.0-255,66,17730,20,86491
15306,0.000545,74.125.24.0-255,1484,19214,20,86491
15307,0.000549,172.31.36.0-255,66,19280,20,86491
15308,0.000555,74.125.24.0-255,2902,22182,20,86491
15309,0.000557,172.31.36.0-255,66,22248,20,86491
15310,0.000574,172.31.36.0-255,66,22314,20,86491
15311,0.000594,74.125.24.0-255,1484,23798,20,86491
15312,0.000623,172.31.36.0-255,66,23864,20,86491
15313,0.000716,74.125.24.0-255,1484,25348,20,86491
15314,0.00072,74.125.24.0-255,1484,26832,20,86491
15315,0.000723,172.31.36.0-255,66,26898,20,86491
15316,0.000741,74.125.24.0-255,1484,28382,20,86491
15317,0.000755,172.31.36.0-255,66,28448,20,86491
15318,0.000792,172.31.36.0-255,66,28514,20,86491
15319,0.000801,74.125.24.0-255,2902,31416,20,86491
15320,0.000804,172.31.36.0-255,66,31482,20,86491
15321,0.000831,172.31.36.0-255,66,31548,20,86491
15322,0.000847,74.125.24.0-255,1484,33032,20,86491
15323,0.000878,74.125.24.0-255,3483,36515,20,86491
15324,0.000878,172.31.36.0-255,66,36581,20,86491
15325,0.000883,172.31.36.0-255,66,36647,20,86491
15326,0.000919,172.31.36.0-255,66,36713,20,86491
15327,0.001269,74.125.24.0-255,1484,38197,20,86491
15328,0.001274,74.125.24.0-255,2902,41099,20,86491
15329,0.001278,172.31.36.0-255,66,41165,20,86491
15330,0.00131,172.31.36.0-255,66,41231,20,86491
15331,0.001337,172.31.36.0-255,66,41297,20,86491
15332,0.001346,74.125.24.0-255,3244,44541,20,86491
15333,0.00135,172.31.36.0-255,66,44607,20,86491
15334,0.00135,74.125.24.0-255,2902,47509,20,86491
15335,0.001353,172.31.36.0-255,66,47575,20,86491
15336,0.001376,74.125.24.0-255,2902,50477,20,86491
15337,0.001379,172.31.36.0-255,66,50543,20,86491
15338,0.001388,74.125.24.0-255,1484,52027,20,86491
15339,0.001391,74.125.24.0-255,1484,53511,20,86491
15340,0.001395,172.31.36.0-255,66,53577,20,86491
15341,0.001411,172.31.36.0-255,66,53643,20,86491
15342,0.001426,172.31.36.0-255,66,53709,20,86491
15343,0.00144,172.31.36.0-255,66,53775,20,86491
15344,0.001447,74.125.24.0-255,2184,55959,20,86491
15345,0.001462,172.31.36.0-255,66,56025,20,86491
15346,0.001842,74.125.24.0-255,1484,57509,20,86491
15347,0.001852,74.125.24.0-255,2902,60411,20,86491
15348,0.001856,172.31.36.0-255,66,60477,20,86491
15349,0.001861,74.125.24.0-255,1484,61961,20,86491
15350,0.001951,172.31.36.0-255,66,62027,20,86491
15351,0.002043,74.125.24.0-255,1484,63511,20,86491
15352,0.00205,74.125.24.0-255,2902,66413,20,86491
15353,0.002053,74.125.24.0-255,1484,67897,20,86491
15354,0.002075,74.125.24.0-255,2902,70799,20,86491
15355,0.002132,74.125.24.0-255,1484,72283,20,86491
15356,0.002143,74.125.24.0-255,766,73049,20,86491
15357,0.002159,74.125.24.0-255,1484,74533,20,86491
15358,0.002222,172.31.36.0-255,66,74599,20,86491
15359,0.002238,74.125.24.0-255,2902,77501,20,86491
15360,0.002273,74.125.24.0-255,1484,78985,20,86491
15361,0.002354,172.31.36.0-255,66,79051,20,86491
15362,0.00237,172.31.36.0-255,66,79117,20,86491
15363,0.002374,74.125.24.0-255,1484,80601,20,86491
15364,0.00244,172.31.36.0-255,66,80667,20,86491
15365,0.00248,74.125.24.0-255,1484,82151,20,86491
15366,0.002505,172.31.36.0-255,66,82217,20,86491
15367,0.00251,172.31.36.0-255,66,82283,20,86491
15368,0.002526,74.125.24.0-255,2902,85185,20,86491
15369,0.002558,172.31.36.0-255,66,85251,20,86491
15370,0.002577,172.31.36.0-255,66,85317,20,86491
15371,0.002609,74.125.24.0-255,766,86083,20,86491
15372,0.002634,172.31.36.0-255,66,86149,20,86491
15373,0.002701,74.125.24.0-255,105,86254,20,86491
15374,0.004134,172.31.36.0-255,66,86320,20,86491
15375,0.004174,172.31.36.0-255,105,86425,20,86491
15376,0.006251,74.125.24.0-255,66,86491,20,86491
15377,0.0,172.217.194.0-255,147,147,20,93791
15378,1.8e-05,172.31.36.0-255,66,213,20,93791
15379,2.5e-05,172.217.194.0-255,1484,1697,20,93791
15380,2.9e-05,172.31.36.0-255,66,1763,20,93791
15381,3.5e-05,172.217.194.0-255,2902,4665,20,93791
15382,3.8e-05,172.31.36.0-255,66,4731,20,93791
15383,4.9e-05,172.31.36.0-255,66,4797,20,93791
15384,5.3e-05,172.217.194.0-255,2073,6870,20,93791
15385,5.6e-05,172.31.36.0-255,66,6936,20,93791
15386,6.9e-05,172.31.36.0-255,66,7002,20,93791
15387,7.2e-05,172.217.194.0-255,1484,8486,20,93791
15388,7.5e-05,172.31.36.0-255,66,8552,20,93791
15389,0.0001,172.217.194.0-255,3961,12513,20,93791
15390,0.000104,172.31.36.0-255,66,12579,20,93791
15391,0.000151,172.217.194.0-255,1484,14063,20,93791
15392,0.000154,172.31.36.0-255,66,14129,20,93791
15393,0.000161,172.217.194.0-255,2902,17031,20,93791
15394,0.000163,172.31.36.0-255,66,17097,20,93791
15395,0.000182,172.31.36.0-255,66,17163,20,93791
15396,0.000214,172.31.36.0-255,66,17229,20,93791
15397,0.000223,172.31.36.0-255,66,17295,20,93791
15398,0.000242,172.31.36.0-255,66,17361,20,93791
15399,0.000246,172.217.194.0-255,2799,20160,20,93791
15400,0.000248,172.31.36.0-255,66,20226,20,93791
15401,0.000251,172.217.194.0-255,115,20341,20,93791
15402,0.000253,172.31.36.0-255,66,20407,20,93791
15403,0.000328,172.217.194.0-255,1484,21891,20,93791
15404,0.000333,172.217.194.0-255,1484,23375,20,93791
15405,0.000336,172.31.36.0-255,66,23441,20,93791
15406,0.000358,172.217.194.0-255,1484,24925,20,93791
15407,0.000367,172.31.36.0-255,66,24991,20,93791
15408,0.000394,172.31.36.0-255,66,25057,20,93791
15409,0.000404,172.31.36.0-255,66,25123,20,93791
15410,0.000417,172.217.194.0-255,2902,28025,20,93791
15411,0.000419,172.31.36.0-255,66,28091,20,93791
15412,0.000445,172.31.36.0-255,66,28157,20,93791
15413,0.000843,172.217.194.0-255,1484,29641,20,93791
15414,0.000849,172.217.194.0-255,2902,32543,20,93791
15415,0.000853,172.31.36.0-255,66,32609,20,93791
15416,0.000864,172.31.36.0-255,66,32675,20,93791
15417,0.000899,172.31.36.0-255,66,32741,20,93791
15418,0.000931,172.217.194.0-255,2902,35643,20,93791
15419,0.000934,172.31.36.0-255,66,35709,20,93791
15420,0.000963,172.31.36.0-255,66,35775,20,93791
15421,0.001024,172.31.36.0-255,66,35841,20,93791
15422,0.001041,172.31.36.0-255,66,35907,20,93791
15423,0.001046,172.217.194.0-255,3602,39509,20,93791
15424,0.001048,172.31.36.0-255,66,39575,20,93791
15425,0.001091,172.217.194.0-255,2902,42477,20,93791
15426,0.001094,172.31.36.0-255,66,42543,20,93791
15427,0.001118,172.31.36.0-255,66,42609,20,93791
15428,0.001131,172.31.36.0-255,66,42675,20,93791
15429,0.00114,172.31.36.0-255,66,42741,20,93791
15430,0.001158,172.31.36.0-255,66,42807,20,93791
15431,0.001184,172.217.194.0-255,2902,45709,20,93791
15432,0.001186,172.31.36.0-255,66,45775,20,93791
15433,0.00123,172.31.36.0-255,66,45841,20,93791
15434,0.001237,172.31.36.0-255,66,45907,20,93791
15435,0.001241,172.217.194.0-255,1484,47391,20,93791
15436,0.001251,172.31.36.0-255,66,47457,20,93791
15437,0.001424,172.217.194.0-255,1484,48941,20,93791
15438,0.001432,172.217.194.0-255,2902,51843,20,93791
15439,0.001436,172.31.36.0-255,66,51909,20,93791
15440,0.001458,172.31.36.0-255,66,51975,20,93791
15441,0.001478,172.217.194.0-255,1484,53459,20,93791
15442,0.001481,172.217.194.0-255,1484,54943,20,93791
15443,0.001484,172.31.36.0-255,66,55009,20,93791
15444,0.001519,172.31.36.0-255,66,55075,20,93791
15445,0.00154,172.217.194.0-255,1484,56559,20,93791
15446,0.001576,172.31.36.0-255,66,56625,20,93791
15447,0.001657,172.217.194.0-255,1484,58109,20,93791
15448,0.001662,172.217.194.0-255,1484,59593,20,93791
15449,0.001665,172.31.36.0-255,66,59659,20,93791
15450,0.001686,172.217.194.0-255,1484,61143,20,93791
15451,0.001696,172.31.36.0-255,66,61209,20,93791
15452,0.001699,172.217.194.0-255,1484,62693,20,93791
15453,0.001733,172.31.36.0-255,66,62759,20,93791
15454,0.001747,172.31.36.0-255,66,62825,20,93791
15455,0.001795,172.217.194.0-255,1484,64309,20,93791
15456,0.001799,172.217.194.0-255,2902,67211,20,93791
15457,0.001802,172.31.36.0-255,66,67277,20,93791
15458,0.001821,172.217.194.0-255,1484,68761,20,93791
15459,0.001838,172.31.36.0-255,66,68827,20,93791
15460,0.001887,172.217.194.0-255,2902,71729,20,93791
15461,0.001889,172.31.36.0-255,66,71795,20,93791
15462,0.001913,172.31.36.0-255,66,71861,20,93791
15463,0.001924,172.31.36.0-255,66,71927,20,93791
15464,0.001928,172.217.194.0-255,2184,74111,20,93791
15465,0.001931,172.31.36.0-255,66,74177,20,93791
15466,0.001948,172.217.194.0-255,1484,75661,20,93791
15467,0.001965,172.217.194.0-255,1484,77145,20,93791
15468,0.001968,172.31.36.0-255,66,77211,20,93791
15469,0.001973,172.217.194.0-255,2902,80113,20,93791
15470,0.001976,172.31.36.0-255,66,80179,20,93791
15471,0.001989,172.217.194.0-255,1484,81663,20,93791
15472,0.002001,172.31.36.0-255,66,81729,20,93791
15473,0.002017,172.217.194.0-255,1484,83213,20,93791
15474,0.00205,172.31.36.0-255,66,83279,20,93791
15475,0.002066,172.217.194.0-255,1484,84763,20,93791
15476,0.002087,172.217.194.0-255,2902,87665,20,93791
15477,0.00209,172.31.36.0-255,66,87731,20,93791
15478,0.002109,172.31.36.0-255,66,87797,20,93791
15479,0.00213,172.217.194.0-255,2902,90699,20,93791
15480,0.002133,172.31.36.0-255,66,90765,20,93791
15481,0.002164,172.31.36.0-255,66,90831,20,93791
15482,0.002172,172.31.36.0-255,66,90897,20,93791
15483,0.002185,172.217.194.0-255,2486,93383,20,93791
15484,0.002187,172.31.36.0-255,66,93449,20,93791
15485,0.002201,172.217.194.0-255,105,93554,20,93791
15486,0.0083,172.31.36.0-255,66,93620,20,93791
15487,0.008342,172.31.36.0-255,105,93725,20,93791
15488,0.010846,172.217.194.0-255,66,93791,20,93791
15489,0.0,172.217.194.0-255,297,297,20,71815
15490,3.7e-05,172.31.36.0-255,66,363,20,71815
15491,4.3e-05,172.217.194.0-255,1484,1847,20,71815
15492,4.7e-05,172.31.36.0-255,66,1913,20,71815
15493,5.6e-05,172.31.36.0-255,66,1979,20,71815
15494,6.5e-05,172.31.36.0-255,66,2045,20,71815
15495,8.2e-05,172.217.194.0-255,2902,4947,20,71815
15496,8.4e-05,172.31.36.0-255,66,5013,20,71815
15497,0.000122,172.31.36.0-255,66,5079,20,71815
15498,0.000125,172.217.194.0-255,1125,6204,20,71815
15499,0.000127,172.31.36.0-255,66,6270,20,71815
15500,0.00014,172.217.194.0-255,1484,7754,20,71815
15501,0.000143,172.31.36.0-255,66,7820,20,71815
15502,0.000158,172.217.194.0-255,1484,9304,20,71815
15503,0.000161,172.31.36.0-255,66,9370,20,71815
15504,0.000169,172.31.36.0-255,66,9436,20,71815
15505,0.000183,172.217.194.0-255,2902,12338,20,71815
15506,0.000185,172.31.36.0-255,66,12404,20,71815
15507,0.000208,172.31.36.0-255,66,12470,20,71815
15508,0.000212,172.217.194.0-255,2902,15372,20,71815
15509,0.000214,172.31.36.0-255,66,15438,20,71815
15510,0.00025,172.31.36.0-255,66,15504,20,71815
15511,0.000264,172.217.194.0-255,2902,18406,20,71815
15512,0.000267,172.31.36.0-255,66,18472,20,71815
15513,0.000286,172.217.194.0-255,2511,20983,20,71815
15514,0.000289,172.31.36.0-255,66,21049,20,71815
15515,0.000292,172.217.194.0-255,381,21430,20,71815
15516,0.000408,172.217.194.0-255,1484,22914,20,71815
15517,0.000412,172.31.36.0-255,66,22980,20,71815
15518,0.000439,172.217.194.0-255,2902,25882,20,71815
15519,0.000442,172.31.36.0-255,66,25948,20,71815
15520,0.000467,172.31.36.0-255,66,26014,20,71815
15521,0.000474,172.31.36.0-255,66,26080,20,71815
15522,0.000492,172.217.194.0-255,1994,28074,20,71815
15523,0.000497,172.31.36.0-255,66,28140,20,71815
15524,0.000547,172.217.194.0-255,1484,29624,20,71815
15525,0.000568,172.31.36.0-255,66,29690,20,71815
15526,0.00059,172.31.36.0-255,66,29756,20,71815
15527,0.000618,172.31.36.0-255,66,29822,20,71815
15528,0.000635,172.217.194.0-255,2543,32365,20,71815
15529,0.000637,172.31.36.0-255,66,32431,20,71815
15530,0.000894,172.217.194.0-255,1484,33915,20,71815
15531,0.000899,172.217.194.0-255,1484,35399,20,71815
15532,0.000902,172.31.36.0-255,66,35465,20,71815
15533,0.000922,172.217.194.0-255,1484,36949,20,71815
15534,0.000932,172.31.36.0-255,66,37015,20,71815
15535,0.000972,172.31.36.0-255,66,37081,20,71815
15536,0.001047,172.217.194.0-255,1484,38565,20,71815
15537,0.001052,172.217.194.0-255,2902,41467,20,71815
15538,0.001055,172.31.36.0-255,66,41533,20,71815
15539,0.001107,172.31.36.0-255,66,41599,20,71815
15540,0.001116,172.31.36.0-255,66,41665,20,71815
15541,0.00119,172.217.194.0-255,1484,43149,20,71815
15542,0.001196,172.217.194.0-255,2902,46051,20,71815
15543,0.001199,172.31.36.0-255,66,46117,20,71815
15544,0.001206,172.31.36.0-255,66,46183,20,71815
15545,0.001217,172.217.194.0-255,1484,47667,20,71815
15546,0.001228,172.217.194.0-255,1484,49151,20,71815
15547,0.001231,172.31.36.0-255,66,49217,20,71815
15548,0.001261,172.31.36.0-255,66,49283,20,71815
15549,0.001319,172.31.36.0-255,66,49349,20,71815
15550,0.00135,172.31.36.0-255,66,49415,20,71815
15551,0.001902,172.217.194.0-255,1484,50899,20,71815
15552,0.001914,172.217.194.0-255,2902,53801,20,71815
15553,0.001918,172.31.36.0-255,66,53867,20,71815
15554,0.001927,172.31.36.0-255,66,53933,20,71815
15555,0.001936,172.31.36.0-255,66,53999,20,71815
15556,0.001961,172.217.194.0-255,2543,56542,20,71815
15557,0.001965,172.31.36.0-255,66,56608,20,71815
15558,0.00226,172.217.194.0-255,1484,58092,20,71815
15559,0.002269,172.217.194.0-255,2902,60994,20,71815
15560,0.002273,172.31.36.0-255,66,61060,20,71815
15561,0.002283,172.31.36.0-255,66,61126,20,71815
15562,0.002316,172.217.194.0-255,1484,62610,20,71815
15563,0.002347,172.31.36.0-255,66,62676,20,71815
15564,0.002369,172.217.194.0-255,1125,63801,20,71815
15565,0.002382,172.31.36.0-255,66,63867,20,71815
15566,0.002518,172.217.194.0-255,1484,65351,20,71815
15567,0.002524,172.217.194.0-255,2902,68253,20,71815
15568,0.002527,172.31.36.0-255,66,68319,20,71815
15569,0.002531,172.217.194.0-255,1484,69803,20,71815
15570,0.002554,172.31.36.0-255,66,69869,20,71815
15571,0.002557,172.217.194.0-255,1484,71353,20,71815
15572,0.002575,172.31.36.0-255,66,71419,20,71815
15573,0.005172,172.31.36.0-255,66,71485,20,71815
15574,0.007775,172.31.36.0-255,66,71551,20,71815
15575,0.010341,172.31.36.0-255,66,71617,20,71815
15576,0.012961,172.31.36.0-255,66,71683,20,71815
15577,0.015563,172.31.36.0-255,66,71749,20,71815
15578,0.01817,172.31.36.0-255,66,71815,20,71815
15579,0.0,74.125.24.0-255,143,143,20,69261
15580,3.3e-05,172.31.36.0-255,66,209,20,69261
15581,4e-05,74.125.24.0-255,1484,1693,20,69261
15582,4.5e-05,172.31.36.0-255,66,1759,20,69261
15583,7.1e-05,74.125.24.0-255,2902,4661,20,69261
15584,7.4e-05,172.31.36.0-255,66,4727,20,69261
15585,0.000102,172.31.36.0-255,66,4793,20,69261
15586,0.000134,74.125.24.0-255,2902,7695,20,69261
15587,0.000137,172.31.36.0-255,66,7761,20,69261
15588,0.000156,74.125.24.0-255,2103,9864,20,69261
15589,0.000159,172.31.36.0-255,66,9930,20,69261
15590,0.000328,74.125.24.0-255,1484,11414,20,69261
15591,0.000333,172.31.36.0-255,66,11480,20,69261
15592,0.000338,74.125.24.0-255,1484,12964,20,69261
15593,0.000339,172.31.36.0-255,66,13030,20,69261
15594,0.000364,74.125.24.0-255,1484,14514,20,69261
15595,0.000371,172.31.36.0-255,66,14580,20,69261
15596,0.000375,172.31.36.0-255,66,14646,20,69261
15597,0.000383,172.31.36.0-255,66,14712,20,69261
15598,0.00042,74.125.24.0-255,2543,17255,20,69261
15599,0.000424,172.31.36.0-255,66,17321,20,69261
15600,0.000485,74.125.24.0-255,1484,18805,20,69261
15601,0.000488,172.31.36.0-255,66,18871,20,69261
15602,0.000493,74.125.24.0-255,2902,21773,20,69261
15603,0.000496,172.31.36.0-255,66,21839,20,69261
15604,0.000535,172.31.36.0-255,66,21905,20,69261
15605,0.000544,172.31.36.0-255,66,21971,20,69261
15606,0.000583,172.31.36.0-255,66,22037,20,69261
15607,0.000594,172.31.36.0-255,66,22103,20,69261
15608,0.000603,74.125.24.0-255,1394,23497,20,69261
15609,0.000636,74.125.24.0-255,416,23913,20,69261
15610,0.000639,172.31.36.0-255,66,23979,20,69261
15611,0.000823,74.125.24.0-255,1484,25463,20,69261
15612,0.000829,74.125.24.0-255,2902,28365,20,69261
15613,0.000832,172.31.36.0-255,66,28431,20,69261
15614,0.000836,74.125.24.0-255,1484,29915,20,69261
15615,0.000871,172.31.36.0-255,66,29981,20,69261
15616,0.000882,172.31.36.0-255,66,30047,20,69261
15617,0.000892,172.31.36.0-255,66,30113,20,69261
15618,0.000932,172.31.36.0-255,66,30179,20,69261
15619,0.000939,172.31.36.0-255,66,30245,20,69261
15620,0.000942,74.125.24.0-255,766,31011,20,69261
15621,0.00111,172.31.36.0-255,66,31077,20,69261
15622,0.001231,74.125.24.0-255,1484,32561,20,69261
15623,0.001239,74.125.24.0-255,1484,34045,20,69261
15624,0.001242,172.31.36.0-255,66,34111,20,69261
15625,0.001275,74.125.24.0-255,1484,35595,20,69261
15626,0.001285,172.31.36.0-255,66,35661,20,69261
15627,0.001288,74.125.24.0-255,1484,37145,20,69261
15628,0.001317,172.31.36.0-255,66,37211,20,69261
15629,0.001343,74.125.24.0-255,1484,38695,20,69261
15630,0.001357,172.31.36.0-255,66,38761,20,69261
15631,0.00136,74.125.24.0-255,1484,40245,20,69261
15632,0.001382,74.125.24.0-255,766,41011,20,69261
15633,0.001385,172.31.36.0-255,66,41077,20,69261
15634,0.001389,74.125.24.0-255,2902,43979,20,69261
15635,0.001391,172.31.36.0-255,66,44045,20,69261
15636,0.001407,172.31.36.0-255,66,44111,20,69261
15637,0.001456,172.31.36.0-255,66,44177,20,69261
15638,0.001459,74.125.24.0-255,1484,45661,20,69261
15639,0.001491,172.31.36.0-255,66,45727,20,69261
15640,0.001494,74.125.24.0-255,1484,47211,20,69261
15641,0.001521,172.31.36.0-255,66,47277,20,69261
15642,0.001551,74.125.24.0-255,1484,48761,20,69261
15643,0.001563,172.31.36.0-255,66,48827,20,69261
15644,0.001598,172.31.36.0-255,66,48893,20,69261
15645,0.001633,172.31.36.0-255,66,48959,20,69261
15646,0.001819,74.125.24.0-255,1484,50443,20,69261
15647,0.001825,74.125.24.0-255,1484,51927,20,69261
15648,0.001828,172.31.36.0-255,66,51993,20,69261
15649,0.001857,74.125.24.0-255,1484,53477,20,69261
15650,0.001866,172.31.36.0-255,66,53543,20,69261
15651,0.001897,172.31.36.0-255,66,53609,20,69261
15652,0.001929,172.31.36.0-255,66,53675,20,69261
15653,0.001937,172.31.36.0-255,66,53741,20,69261
15654,0.002048,74.125.24.0-255,1484,55225,20,69261
15655,0.00206,74.125.24.0-255,1484,56709,20,69261
15656,0.002062,172.31.36.0-255,66,56775,20,69261
15657,0.002088,74.125.24.0-255,1484,58259,20,69261
15658,0.002096,172.31.36.0-255,66,58325,20,69261
15659,0.002109,172.31.36.0-255,66,58391,20,69261
15660,0.002134,172.31.36.0-255,66,58457,20,69261
15661,0.002171,172.31.36.0-255,66,58523,20,69261
15662,0.002202,172.31.36.0-255,66,58589,20,69261
15663,0.002215,172.31.36.0-255,66,58655,20,69261
15664,0.002234,172.31.36.0-255,66,58721,20,69261
15665,0.0023,172.31.36.0-255,66,58787,20,69261
15666,0.00231,172.31.36.0-255,66,58853,20,69261
15667,0.00235,172.31.36.0-255,66,58919,20,69261
15668,0.002389,172.31.36.0-255,66,58985,20,69261
15669,0.002421,172.31.36.0-255,66,59051,20,69261
15670,0.002426,74.125.24.0-255,2902,61953,20,69261
15671,0.002428,172.31.36.0-255,66,62019,20,69261
15672,0.002462,172.31.36.0-255,66,62085,20,69261
15673,0.002475,172.31.36.0-255,66,62151,20,69261
15674,0.002512,74.125.24.0-255,2902,65053,20,69261
15675,0.002515,172.31.36.0-255,66,65119,20,69261
15676,0.002519,74.125.24.0-255,2184,67303,20,69261
15677,0.002521,172.31.36.0-255,66,67369,20,69261
15678,0.002542,74.125.24.0-255,1484,68853,20,69261
15679,0.002577,172.31.36.0-255,66,68919,20,69261
15680,0.002589,74.125.24.0-255,105,69024,20,69261
15681,0.010667,172.31.36.0-255,66,69090,20,69261
15682,0.01069,172.31.36.0-255,105,69195,20,69261
15683,0.013293,74.125.24.0-255,66,69261,20,69261
15684,0.0,172.217.194.0-255,220,220,20,71266
15685,2.1e-05,172.31.36.0-255,66,286,20,71266
15686,2.9e-05,172.217.194.0-255,1484,1770,20,71266
15687,3.4e-05,172.31.36.0-255,66,1836,20,71266
15688,4.3e-05,172.31.36.0-255,66,1902,20,71266
15689,5.3e-05,172.31.36.0-255,66,1968,20,71266
15690,6.2e-05,172.31.36.0-255,66,2034,20,71266
15691,8.9e-05,172.31.36.0-255,66,2100,20,71266
15692,9.5e-05,172.217.194.0-255,3961,6061,20,71266
15693,9.7e-05,172.31.36.0-255,66,6127,20,71266
15694,0.000204,172.217.194.0-255,1484,7611,20,71266
15695,0.000208,172.31.36.0-255,66,7677,20,71266
15696,0.000213,172.217.194.0-255,2902,10579,20,71266
15697,0.000216,172.31.36.0-255,66,10645,20,71266
15698,0.000219,172.217.194.0-255,1484,12129,20,71266
15699,0.000221,172.31.36.0-255,66,12195,20,71266
15700,0.000247,172.31.36.0-255,66,12261,20,71266
15701,0.000256,172.31.36.0-255,66,12327,20,71266
15702,0.000318,172.31.36.0-255,66,12393,20,71266
15703,0.000322,172.217.194.0-255,2800,15193,20,71266
15704,0.000324,172.31.36.0-255,66,15259,20,71266
15705,0.000327,172.217.194.0-255,116,15375,20,71266
15706,0.000329,172.31.36.0-255,66,15441,20,71266
15707,0.000374,172.217.194.0-255,1484,16925,20,71266
15708,0.000377,172.31.36.0-255,66,16991,20,71266
15709,0.000382,172.217.194.0-255,2902,19893,20,71266
15710,0.000384,172.31.36.0-255,66,19959,20,71266
15711,0.000387,172.217.194.0-255,1484,21443,20,71266
15712,0.000413,172.31.36.0-255,66,21509,20,71266
15713,0.000428,172.217.194.0-255,1484,22993,20,71266
15714,0.000452,172.31.36.0-255,66,23059,20,71266
15715,0.000484,172.31.36.0-255,66,23125,20,71266
15716,0.000487,172.217.194.0-255,1418,24543,20,71266
15717,0.000726,172.217.194.0-255,1484,26027,20,71266
15718,0.000731,172.31.36.0-255,66,26093,20,71266
15719,0.000735,172.217.194.0-255,1484,27577,20,71266
15720,0.000751,172.217.194.0-255,1484,29061,20,71266
15721,0.000754,172.31.36.0-255,66,29127,20,71266
15722,0.000762,172.31.36.0-255,66,29193,20,71266
15723,0.000766,172.217.194.0-255,1484,30677,20,71266
15724,0.000783,172.31.36.0-255,66,30743,20,71266
15725,0.000815,172.31.36.0-255,66,30809,20,71266
15726,0.000828,172.31.36.0-255,66,30875,20,71266
15727,0.000869,172.31.36.0-255,66,30941,20,71266
15728,0.000879,172.31.36.0-255,66,31007,20,71266
15729,0.000892,172.217.194.0-255,1484,32491,20,71266
15730,0.000917,172.31.36.0-255,66,32557,20,71266
15731,0.000925,172.31.36.0-255,66,32623,20,71266
15732,0.001008,172.217.194.0-255,1484,34107,20,71266
15733,0.001015,172.217.194.0-255,2902,37009,20,71266
15734,0.001018,172.31.36.0-255,66,37075,20,71266
15735,0.001027,172.31.36.0-255,66,37141,20,71266
15736,0.001037,172.31.36.0-255,66,37207,20,71266
15737,0.001068,172.31.36.0-255,66,37273,20,71266
15738,0.00108,172.31.36.0-255,66,37339,20,71266
15739,0.001118,172.217.194.0-255,1484,38823,20,71266
15740,0.001124,172.217.194.0-255,2902,41725,20,71266
15741,0.001127,172.31.36.0-255,66,41791,20,71266
15742,0.00116,172.31.36.0-255,66,41857,20,71266
15743,0.001167,172.31.36.0-255,66,41923,20,71266
15744,0.001175,172.31.36.0-255,66,41989,20,71266
15745,0.001213,172.31.36.0-255,66,42055,20,71266
15746,0.001217,172.217.194.0-255,2184,44239,20,71266
15747,0.001219,172.31.36.0-255,66,44305,20,71266
15748,0.001273,172.31.36.0-255,66,44371,20,71266
15749,0.001302,172.217.194.0-255,2902,47273,20,71266
15750,0.001306,172.31.36.0-255,66,47339,20,71266
15751,0.001314,172.31.36.0-255,66,47405,20,71266
15752,0.001329,172.31.36.0-255,66,47471,20,71266
15753,0.001332,172.217.194.0-255,766,48237,20,71266
15754,0.001362,172.217.194.0-255,1484,49721,20,71266
15755,0.001366,172.31.36.0-255,66,49787,20,71266
15756,0.001386,172.217.194.0-255,2902,52689,20,71266
15757,0.001427,172.31.36.0-255,66,52755,20,71266
15758,0.001445,172.31.36.0-255,66,52821,20,71266
15759,0.001448,172.217.194.0-255,1484,54305,20,71266
15760,0.001462,172.217.194.0-255,2902,57207,20,71266
15761,0.001491,172.31.36.0-255,66,57273,20,71266
15762,0.001508,172.217.194.0-255,1484,58757,20,71266
15763,0.001535,172.217.194.0-255,2902,61659,20,71266
15764,0.001557,172.217.194.0-255,1484,63143,20,71266
15765,0.001567,172.31.36.0-255,66,63209,20,71266
15766,0.001579,172.31.36.0-255,66,63275,20,71266
15767,0.001615,172.217.194.0-255,2902,66177,20,71266
15768,0.001622,172.31.36.0-255,66,66243,20,71266
15769,0.001687,172.217.194.0-255,1484,67727,20,71266
15770,0.001693,172.31.36.0-255,66,67793,20,71266
15771,0.001711,172.31.36.0-255,66,67859,20,71266
15772,0.00173,172.217.194.0-255,2902,70761,20,71266
15773,0.001768,172.31.36.0-255,66,70827,20,71266
15774,0.001782,172.217.194.0-255,97,70924,20,71266
15775,0.001785,172.217.194.0-255,105,71029,20,71266
15776,0.001791,172.31.36.0-255,66,71095,20,71266
15777,0.011992,172.31.36.0-255,105,71200,20,71266
15778,0.0146,172.217.194.0-255,66,71266,20,71266
15779,0.0,172.217.194.0-255,210,210,20,45204
15780,1.5e-05,172.31.36.0-255,66,276,20,45204
15781,2.1e-05,172.217.194.0-255,1484,1760,20,45204
15782,2.5e-05,172.31.36.0-255,66,1826,20,45204
15783,3.1e-05,172.217.194.0-255,2902,4728,20,45204
15784,4.1e-05,172.31.36.0-255,66,4794,20,45204
15785,6.9e-05,172.217.194.0-255,1484,6278,20,45204
15786,7.1e-05,172.31.36.0-255,66,6344,20,45204
15787,8.1e-05,172.31.36.0-255,66,6410,20,45204
15788,9.4e-05,172.31.36.0-255,66,6476,20,45204
15789,0.00013,172.31.36.0-255,66,6542,20,45204
15790,0.000133,172.217.194.0-255,1125,7667,20,45204
15791,0.000135,172.31.36.0-255,66,7733,20,45204
15792,0.000152,172.217.194.0-255,1484,9217,20,45204
15793,0.000154,172.31.36.0-255,66,9283,20,45204
15794,0.000175,172.217.194.0-255,2902,12185,20,45204
15795,0.000176,172.31.36.0-255,66,12251,20,45204
15796,0.000204,172.31.36.0-255,66,12317,20,45204
15797,0.000225,172.217.194.0-255,2902,15219,20,45204
15798,0.000228,172.31.36.0-255,66,15285,20,45204
15799,0.000258,172.31.36.0-255,66,15351,20,45204
15800,0.000266,172.31.36.0-255,66,15417,20,45204
15801,0.000297,172.217.194.0-255,2902,18319,20,45204
15802,0.000303,172.31.36.0-255,66,18385,20,45204
15803,0.000333,172.31.36.0-255,66,18451,20,45204
15804,0.000335,172.217.194.0-255,379,18830,20,45204
15805,0.00097,172.31.36.0-255,66,18896,20,45204
15806,0.001013,172.217.194.0-255,364,19260,20,45204
15807,0.001044,172.31.36.0-255,66,19326,20,45204
15808,0.001051,172.217.194.0-255,1484,20810,20,45204
15809,0.001071,172.31.36.0-255,66,20876,20,45204
15810,0.001101,172.31.36.0-255,66,20942,20,45204
15811,0.001104,172.217.194.0-255,1484,22426,20,45204
15812,0.001132,172.31.36.0-255,66,22492,20,45204
15813,0.001163,172.31.36.0-255,66,22558,20,45204
15814,0.001628,172.217.194.0-255,1484,24042,20,45204
15815,0.001639,172.217.194.0-255,2902,26944,20,45204
15816,0.001643,172.31.36.0-255,66,27010,20,45204
15817,0.001672,172.31.36.0-255,66,27076,20,45204
15818,0.001698,172.31.36.0-255,66,27142,20,45204
15819,0.001738,172.31.36.0-255,66,27208,20,45204
15820,0.001774,172.217.194.0-255,2184,29392,20,45204
15821,0.001776,172.31.36.0-255,66,29458,20,45204
15822,0.002071,172.217.194.0-255,1484,30942,20,45204
15823,0.002079,172.217.194.0-255,2902,33844,20,45204
15824,0.002084,172.31.36.0-255,66,33910,20,45204
15825,0.002094,172.31.36.0-255,66,33976,20,45204
15826,0.002104,172.217.194.0-255,2902,36878,20,45204
15827,0.002106,172.31.36.0-255,66,36944,20,45204
15828,0.002157,172.31.36.0-255,66,37010,20,45204
15829,0.002168,172.31.36.0-255,66,37076,20,45204
15830,0.002173,172.217.194.0-255,2184,39260,20,45204
15831,0.002175,172.31.36.0-255,66,39326,20,45204
15832,0.002369,172.217.194.0-255,1484,40810,20,45204
15833,0.002385,172.217.194.0-255,2902,43712,20,45204
15834,0.002389,172.31.36.0-255,66,43778,20,45204
15835,0.002399,172.31.36.0-255,66,43844,20,45204
15836,0.002448,172.31.36.0-255,66,43910,20,45204
15837,0.00248,172.31.36.0-255,66,43976,20,45204
15838,0.002491,172.31.36.0-255,66,44042,20,45204
15839,0.002494,172.217.194.0-255,766,44808,20,45204
15840,0.005063,172.31.36.0-255,66,44874,20,45204
15841,0.007669,172.31.36.0-255,66,44940,20,45204
15842,0.010278,172.31.36.0-255,66,45006,20,45204
15843,0.012905,172.31.36.0-255,66,45072,20,45204
15844,0.015517,172.31.36.0-255,66,45138,20,45204
15845,0.018139,172.31.36.0-255,66,45204,20,45204
15846,0.0,172.217.194.0-255,153,153,20,76525
15847,3.2e-05,172.31.36.0-255,66,219,20,76525
15848,3.9e-05,172.217.194.0-255,1484,1703,20,76525
15849,4.3e-05,172.31.36.0-255,66,1769,20,76525
15850,4.9e-05,172.217.194.0-255,2902,4671,20,76525
15851,5.2e-05,172.31.36.0-255,66,4737,20,76525
15852,6.3e-05,172.31.36.0-255,66,4803,20,76525
15853,6.7e-05,172.217.194.0-255,2149,6952,20,76525
15854,6.9e-05,172.31.36.0-255,66,7018,20,76525
15855,9.4e-05,172.31.36.0-255,66,7084,20,76525
15856,0.000114,172.217.194.0-255,2902,9986,20,76525
15857,0.000116,172.31.36.0-255,66,10052,20,76525
15858,0.000124,172.31.36.0-255,66,10118,20,76525
15859,0.000187,172.217.194.0-255,1484,11602,20,76525
15860,0.000191,172.31.36.0-255,66,11668,20,76525
15861,0.000195,172.217.194.0-255,1484,13152,20,76525
15862,0.000198,172.31.36.0-255,66,13218,20,76525
15863,0.00021,172.217.194.0-255,1484,14702,20,76525
15864,0.000213,172.31.36.0-255,66,14768,20,76525
15865,0.000223,172.31.36.0-255,66,14834,20,76525
15866,0.000269,172.31.36.0-255,66,14900,20,76525
15867,0.000285,172.217.194.0-255,2796,17696,20,76525
15868,0.000287,172.31.36.0-255,66,17762,20,76525
15869,0.000291,172.31.36.0-255,66,17828,20,76525
15870,0.000337,172.217.194.0-255,117,17945,20,76525
15871,0.000341,172.31.36.0-255,66,18011,20,76525
15872,0.000461,172.217.194.0-255,1484,19495,20,76525
15873,0.000499,172.217.194.0-255,2902,22397,20,76525
15874,0.000504,172.31.36.0-255,66,22463,20,76525
15875,0.000507,172.217.194.0-255,1484,23947,20,76525
15876,0.000531,172.31.36.0-255,66,24013,20,76525
15877,0.000538,172.31.36.0-255,66,24079,20,76525
15878,0.000555,172.217.194.0-255,2902,26981,20,76525
15879,0.000558,172.31.36.0-255,66,27047,20,76525
15880,0.000592,172.31.36.0-255,66,27113,20,76525
15881,0.000598,172.31.36.0-255,66,27179,20,76525
15882,0.00062,172.31.36.0-255,66,27245,20,76525
15883,0.000644,172.31.36.0-255,66,27311,20,76525
15884,0.000692,172.31.36.0-255,66,27377,20,76525
15885,0.0007,172.31.36.0-255,66,27443,20,76525
15886,0.000715,172.217.194.0-255,2902,30345,20,76525
15887,0.000718,172.31.36.0-255,66,30411,20,76525
15888,0.000738,172.31.36.0-255,66,30477,20,76525
15889,0.000769,172.31.36.0-255,66,30543,20,76525
15890,0.00079,172.31.36.0-255,66,30609,20,76525
15891,0.000822,172.31.36.0-255,66,30675,20,76525
15892,0.000842,172.31.36.0-255,66,30741,20,76525
15893,0.000859,172.217.194.0-255,1125,31866,20,76525
15894,0.000928,172.217.194.0-255,1484,33350,20,76525
15895,0.000932,172.31.36.0-255,66,33416,20,76525
15896,0.000937,172.217.194.0-255,2902,36318,20,76525
15897,0.00094,172.31.36.0-255,66,36384,20,76525
15898,0.000943,172.217.194.0-255,1484,37868,20,76525
15899,0.000963,172.31.36.0-255,66,37934,20,76525
15900,0.00097,172.31.36.0-255,66,38000,20,76525
15901,0.000999,172.31.36.0-255,66,38066,20,76525
15902,0.001011,172.31.36.0-255,66,38132,20,76525
15903,0.001195,172.217.194.0-255,1484,39616,20,76525
15904,0.001202,172.217.194.0-255,2902,42518,20,76525
15905,0.001206,172.31.36.0-255,66,42584,20,76525
15906,0.001213,172.31.36.0-255,66,42650,20,76525
15907,0.001226,172.217.194.0-255,1484,44134,20,76525
15908,0.00123,172.217.194.0-255,1484,45618,20,76525
15909,0.001232,172.31.36.0-255,66,45684,20,76525
15910,0.001259,172.31.36.0-255,66,45750,20,76525
15911,0.001316,172.31.36.0-255,66,45816,20,76525
15912,0.001332,172.217.194.0-255,2184,48000,20,76525
15913,0.001335,172.31.36.0-255,66,48066,20,76525
15914,0.001434,172.217.194.0-255,1484,49550,20,76525
15915,0.001447,172.217.194.0-255,2902,52452,20,76525
15916,0.001451,172.31.36.0-255,66,52518,20,76525
15917,0.001454,172.217.194.0-255,1484,54002,20,76525
15918,0.001475,172.31.36.0-255,66,54068,20,76525
15919,0.001524,172.217.194.0-255,1484,55552,20,76525
15920,0.001552,172.31.36.0-255,66,55618,20,76525
15921,0.001561,172.31.36.0-255,66,55684,20,76525
15922,0.001568,172.31.36.0-255,66,55750,20,76525
15923,0.001616,172.217.194.0-255,1484,57234,20,76525
15924,0.001621,172.217.194.0-255,2902,60136,20,76525
15925,0.001624,172.31.36.0-255,66,60202,20,76525
15926,0.001632,172.31.36.0-255,66,60268,20,76525
15927,0.00167,172.31.36.0-255,66,60334,20,76525
15928,0.00168,172.31.36.0-255,66,60400,20,76525
15929,0.001714,172.217.194.0-255,2184,62584,20,76525
15930,0.001718,172.31.36.0-255,66,62650,20,76525
15931,0.001721,172.217.194.0-255,1484,64134,20,76525
15932,0.001735,172.217.194.0-255,1484,65618,20,76525
15933,0.001738,172.31.36.0-255,66,65684,20,76525
15934,0.001747,172.31.36.0-255,66,65750,20,76525
15935,0.001763,172.217.194.0-255,1484,67234,20,76525
15936,0.001767,172.217.194.0-255,2902,70136,20,76525
15937,0.00177,172.31.36.0-255,66,70202,20,76525
15938,0.0018,172.31.36.0-255,66,70268,20,76525
15939,0.001812,172.31.36.0-255,66,70334,20,76525
15940,0.001821,172.31.36.0-255,66,70400,20,76525
15941,0.001841,172.217.194.0-255,2184,72584,20,76525
15942,0.001844,172.31.36.0-255,66,72650,20,76525
15943,0.001851,172.31.36.0-255,66,72716,20,76525
15944,0.00188,172.31.36.0-255,66,72782,20,76525
15945,0.001888,172.31.36.0-255,66,72848,20,76525
15946,0.001925,172.31.36.0-255,66,72914,20,76525
15947,0.001941,172.217.194.0-255,3203,76117,20,76525
15948,0.001944,172.31.36.0-255,66,76183,20,76525
15949,0.001965,172.217.194.0-255,105,76288,20,76525
15950,0.0034,172.31.36.0-255,66,76354,20,76525
15951,0.003427,172.31.36.0-255,105,76459,20,76525
15952,0.005979,172.217.194.0-255,66,76525,20,76525
15953,0.0,74.125.24.0-255,297,297,20,80856
15954,1.6e-05,172.31.36.0-255,66,363,20,80856
15955,2.3e-05,74.125.24.0-255,1484,1847,20,80856
15956,2.7e-05,172.31.36.0-255,66,1913,20,80856
15957,3.7e-05,172.31.36.0-255,66,1979,20,80856
15958,4e-05,74.125.24.0-255,1484,3463,20,80856
15959,4.2e-05,172.31.36.0-255,66,3529,20,80856
15960,5.1e-05,172.31.36.0-255,66,3595,20,80856
15961,7e-05,74.125.24.0-255,3325,6920,20,80856
15962,7.4e-05,172.31.36.0-255,66,6986,20,80856
15963,9.2e-05,172.31.36.0-255,66,7052,20,80856
15964,0.00012,172.31.36.0-255,66,7118,20,80856
15965,0.000763,74.125.24.0-255,1484,8602,20,80856
15966,0.00077,172.31.36.0-255,66,8668,20,80856
15967,0.000782,74.125.24.0-255,2902,11570,20,80856
15968,0.000784,172.31.36.0-255,66,11636,20,80856
15969,0.000793,172.31.36.0-255,66,11702,20,80856
15970,0.000797,74.125.24.0-255,1484,13186,20,80856
15971,0.000799,172.31.36.0-255,66,13252,20,80856
15972,0.000817,74.125.24.0-255,2902,16154,20,80856
15973,0.000819,172.31.36.0-255,66,16220,20,80856
15974,0.00083,172.31.36.0-255,66,16286,20,80856
15975,0.000852,172.31.36.0-255,66,16352,20,80856
15976,0.000861,172.31.36.0-255,66,16418,20,80856
15977,0.000874,74.125.24.0-255,2184,18602,20,80856
15978,0.001032,74.125.24.0-255,394,18996,20,80856
15979,0.001071,74.125.24.0-255,1484,20480,20,80856
15980,0.00115,74.125.24.0-255,1484,21964,20,80856
15981,0.001183,74.125.24.0-255,1484,23448,20,80856
15982,0.001209,74.125.24.0-255,2902,26350,20,80856
15983,0.001383,74.125.24.0-255,1484,27834,20,80856
15984,0.00139,74.125.24.0-255,2902,30736,20,80856
15985,0.001394,74.125.24.0-255,1484,32220,20,80856
15986,0.001428,74.125.24.0-255,1484,33704,20,80856
15987,0.001488,74.125.24.0-255,3602,37306,20,80856
15988,0.001611,74.125.24.0-255,1484,38790,20,80856
15989,0.001618,74.125.24.0-255,2902,41692,20,80856
15990,0.001724,74.125.24.0-255,2902,44594,20,80856
15991,0.00187,74.125.24.0-255,1484,46078,20,80856
15992,0.001878,74.125.24.0-255,2902,48980,20,80856
15993,0.001913,74.125.24.0-255,2902,51882,20,80856
15994,0.001931,74.125.24.0-255,2902,54784,20,80856
15995,0.001934,74.125.24.0-255,1484,56268,20,80856
15996,0.002035,74.125.24.0-255,1484,57752,20,80856
15997,0.002038,74.125.24.0-255,1484,59236,20,80856
15998,0.002052,74.125.24.0-255,1484,60720,20,80856
15999,0.002178,74.125.24.0-255,1484,62204,20,80856
16000,0.00219,74.125.24.0-255,1484,63688,20,80856
16001,0.002404,74.125.24.0-255,1484,65172,20,80856
16002,0.002418,74.125.24.0-255,2902,68074,20,80856
16003,0.002434,74.125.24.0-255,1484,69558,20,80856
16004,0.002454,74.125.24.0-255,1484,71042,20,80856
16005,0.002518,74.125.24.0-255,2902,73944,20,80856
16006,0.002583,74.125.24.0-255,1484,75428,20,80856
16007,0.002615,74.125.24.0-255,1484,76912,20,80856
16008,0.002832,74.125.24.0-255,3602,80514,20,80856
16009,0.002848,74.125.24.0-255,105,80619,20,80856
16010,0.004782,172.31.36.0-255,66,80685,20,80856
16011,0.007502,172.31.36.0-255,105,80790,20,80856
16012,0.009547,74.125.24.0-255,66,80856,20,80856
16013,0.0,74.125.24.0-255,297,297,20,78066
16014,3.3e-05,172.31.36.0-255,66,363,20,78066
16015,4e-05,74.125.24.0-255,1484,1847,20,78066
16016,4.4e-05,172.31.36.0-255,66,1913,20,78066
16017,5.2e-05,172.31.36.0-255,66,1979,20,78066
16018,6e-05,172.31.36.0-255,66,2045,20,78066
16019,0.000101,172.31.36.0-255,66,2111,20,78066
16020,0.000124,172.31.36.0-255,66,2177,20,78066
16021,0.000132,172.31.36.0-255,66,2243,20,78066
16022,0.000147,74.125.24.0-255,2543,4786,20,78066
16023,0.00015,172.31.36.0-255,66,4852,20,78066
16024,0.000333,74.125.24.0-255,1484,6336,20,78066
16025,0.000337,172.31.36.0-255,66,6402,20,78066
16026,0.000342,74.125.24.0-255,1484,7886,20,78066
16027,0.000345,172.31.36.0-255,66,7952,20,78066
16028,0.000359,74.125.24.0-255,1484,9436,20,78066
16029,0.000362,172.31.36.0-255,66,9502,20,78066
16030,0.000372,172.31.36.0-255,66,9568,20,78066
16031,0.0004,172.31.36.0-255,66,9634,20,78066
16032,0.000413,172.31.36.0-255,66,9700,20,78066
16033,0.000437,74.125.24.0-255,3961,13661,20,78066
16034,0.00044,172.31.36.0-255,66,13727,20,78066
16035,0.000464,74.125.24.0-255,363,14090,20,78066
16036,0.000467,172.31.36.0-255,66,14156,20,78066
16037,0.000625,74.125.24.0-255,1484,15640,20,78066
16038,0.000629,74.125.24.0-255,2902,18542,20,78066
16039,0.000634,172.31.36.0-255,66,18608,20,78066
16040,0.000646,172.31.36.0-255,66,18674,20,78066
16041,0.000678,74.125.24.0-255,2902,21576,20,78066
16042,0.000681,172.31.36.0-255,66,21642,20,78066
16043,0.000718,172.31.36.0-255,66,21708,20,78066
16044,0.000768,172.31.36.0-255,66,21774,20,78066
16045,0.000771,74.125.24.0-255,1416,23190,20,78066
16046,0.000931,74.125.24.0-255,1484,24674,20,78066
16047,0.000935,172.31.36.0-255,66,24740,20,78066
16048,0.00094,74.125.24.0-255,2902,27642,20,78066
16049,0.000943,172.31.36.0-255,66,27708,20,78066
16050,0.000956,74.125.24.0-255,1484,29192,20,78066
16051,0.000981,172.31.36.0-255,66,29258,20,78066
16052,0.000986,74.125.24.0-255,2902,32160,20,78066
16053,0.000999,172.31.36.0-255,66,32226,20,78066
16054,0.001006,172.31.36.0-255,66,32292,20,78066
16055,0.001023,172.31.36.0-255,66,32358,20,78066
16056,0.001026,172.31.36.0-255,66,32424,20,78066
16057,0.001035,74.125.24.0-255,1484,33908,20,78066
16058,0.001064,172.31.36.0-255,66,33974,20,78066
16059,0.001189,74.125.24.0-255,1484,35458,20,78066
16060,0.001195,74.125.24.0-255,2902,38360,20,78066
16061,0.001198,172.31.36.0-255,66,38426,20,78066
16062,0.001201,74.125.24.0-255,1484,39910,20,78066
16063,0.001223,172.31.36.0-255,66,39976,20,78066
16064,0.001239,74.125.24.0-255,2902,42878,20,78066
16065,0.001242,172.31.36.0-255,66,42944,20,78066
16066,0.001271,172.31.36.0-255,66,43010,20,78066
16067,0.001275,172.31.36.0-255,66,43076,20,78066
16068,0.00134,172.31.36.0-255,66,43142,20,78066
16069,0.001356,74.125.24.0-255,1484,44626,20,78066
16070,0.001366,172.31.36.0-255,66,44692,20,78066
16071,0.001374,74.125.24.0-255,2902,47594,20,78066
16072,0.001378,74.125.24.0-255,2902,50496,20,78066
16073,0.001379,172.31.36.0-255,66,50562,20,78066
16074,0.001387,172.31.36.0-255,66,50628,20,78066
16075,0.001415,172.31.36.0-255,66,50694,20,78066
16076,0.001462,172.31.36.0-255,66,50760,20,78066
16077,0.001482,74.125.24.0-255,1484,52244,20,78066
16078,0.001487,74.125.24.0-255,2902,55146,20,78066
16079,0.001493,172.31.36.0-255,66,55212,20,78066
16080,0.001508,172.31.36.0-255,66,55278,20,78066
16081,0.001513,74.125.24.0-255,1484,56762,20,78066
16082,0.001524,172.31.36.0-255,66,56828,20,78066
16083,0.00153,74.125.24.0-255,1484,58312,20,78066
16084,0.001563,172.31.36.0-255,66,58378,20,78066
16085,0.001569,74.125.24.0-255,1484,59862,20,78066
16086,0.001581,172.31.36.0-255,66,59928,20,78066
16087,0.002,74.125.24.0-255,1484,61412,20,78066
16088,0.002021,74.125.24.0-255,2902,64314,20,78066
16089,0.002025,172.31.36.0-255,66,64380,20,78066
16090,0.002039,172.31.36.0-255,66,64446,20,78066
16091,0.002044,74.125.24.0-255,2902,67348,20,78066
16092,0.002056,172.31.36.0-255,66,67414,20,78066
16093,0.002089,172.31.36.0-255,66,67480,20,78066
16094,0.002234,74.125.24.0-255,1484,68964,20,78066
16095,0.00224,74.125.24.0-255,2902,71866,20,78066
16096,0.002253,74.125.24.0-255,2902,74768,20,78066
16097,0.002275,74.125.24.0-255,2902,77670,20,78066
16098,0.008002,172.31.36.0-255,66,77736,20,78066
16099,0.010296,172.31.36.0-255,66,77802,20,78066
16100,0.012584,172.31.36.0-255,66,77868,20,78066
16101,0.014889,172.31.36.0-255,66,77934,20,78066
16102,0.017247,172.31.36.0-255,66,78000,20,78066
16103,0.019504,172.31.36.0-255,66,78066,20,78066
16104,0.0,172.217.194.0-255,153,153,20,74519
16105,3.3e-05,172.31.36.0-255,66,219,20,74519
16106,3.9e-05,172.217.194.0-255,1484,1703,20,74519
16107,4.3e-05,172.31.36.0-255,66,1769,20,74519
16108,4.8e-05,172.217.194.0-255,2902,4671,20,74519
16109,5.1e-05,172.31.36.0-255,66,4737,20,74519
16110,6.1e-05,172.31.36.0-255,66,4803,20,74519
16111,6.9e-05,172.31.36.0-255,66,4869,20,74519
16112,9.7e-05,172.217.194.0-255,3519,8388,20,74519
16113,9.9e-05,172.31.36.0-255,66,8454,20,74519
16114,0.00011,172.31.36.0-255,66,8520,20,74519
16115,0.000114,172.217.194.0-255,2543,11063,20,74519
16116,0.000116,172.31.36.0-255,66,11129,20,74519
16117,0.000203,172.217.194.0-255,1484,12613,20,74519
16118,0.000208,172.31.36.0-255,66,12679,20,74519
16119,0.000213,172.217.194.0-255,2902,15581,20,74519
16120,0.000215,172.31.36.0-255,66,15647,20,74519
16121,0.000224,172.31.36.0-255,66,15713,20,74519
16122,0.000264,172.31.36.0-255,66,15779,20,74519
16123,0.000275,172.31.36.0-255,66,15845,20,74519
16124,0.000298,172.217.194.0-255,1484,17329,20,74519
16125,0.0003,172.31.36.0-255,66,17395,20,74519
16126,0.000324,172.31.36.0-255,66,17461,20,74519
16127,0.000339,172.31.36.0-255,66,17527,20,74519
16128,0.000342,172.217.194.0-255,378,17905,20,74519
16129,0.000543,172.217.194.0-255,1484,19389,20,74519
16130,0.000548,172.31.36.0-255,66,19455,20,74519
16131,0.000552,172.217.194.0-255,2902,22357,20,74519
16132,0.000555,172.31.36.0-255,66,22423,20,74519
16133,0.000559,172.217.194.0-255,2902,25325,20,74519
16134,0.000563,172.31.36.0-255,66,25391,20,74519
16135,0.000586,172.217.194.0-255,2902,28293,20,74519
16136,0.000588,172.31.36.0-255,66,28359,20,74519
16137,0.000596,172.31.36.0-255,66,28425,20,74519
16138,0.000607,172.31.36.0-255,66,28491,20,74519
16139,0.000627,172.217.194.0-255,2902,31393,20,74519
16140,0.00063,172.31.36.0-255,66,31459,20,74519
16141,0.000642,172.31.36.0-255,66,31525,20,74519
16142,0.000863,172.217.194.0-255,1484,33009,20,74519
16143,0.000867,172.217.194.0-255,1484,34493,20,74519
16144,0.00087,172.31.36.0-255,66,34559,20,74519
16145,0.000882,172.217.194.0-255,1484,36043,20,74519
16146,0.000891,172.31.36.0-255,66,36109,20,74519
16147,0.00091,172.31.36.0-255,66,36175,20,74519
16148,0.000947,172.31.36.0-255,66,36241,20,74519
16149,0.000958,172.31.36.0-255,66,36307,20,74519
16150,0.000995,172.217.194.0-255,1484,37791,20,74519
16151,0.000999,172.217.194.0-255,2902,40693,20,74519
16152,0.001002,172.31.36.0-255,66,40759,20,74519
16153,0.001025,172.31.36.0-255,66,40825,20,74519
16154,0.001028,172.217.194.0-255,2902,43727,20,74519
16155,0.00103,172.31.36.0-255,66,43793,20,74519
16156,0.00105,172.31.36.0-255,66,43859,20,74519
16157,0.00106,172.31.36.0-255,66,43925,20,74519
16158,0.001083,172.31.36.0-255,66,43991,20,74519
16159,0.001087,172.217.194.0-255,2184,46175,20,74519
16160,0.001089,172.31.36.0-255,66,46241,20,74519
16161,0.001189,172.217.194.0-255,1484,47725,20,74519
16162,0.001203,172.217.194.0-255,2902,50627,20,74519
16163,0.001206,172.31.36.0-255,66,50693,20,74519
16164,0.001215,172.31.36.0-255,66,50759,20,74519
16165,0.001263,172.31.36.0-255,66,50825,20,74519
16166,0.001288,172.217.194.0-255,2902,53727,20,74519
16167,0.001291,172.31.36.0-255,66,53793,20,74519
16168,0.001314,172.31.36.0-255,66,53859,20,74519
16169,0.002035,172.217.194.0-255,1484,55343,20,74519
16170,0.002053,172.217.194.0-255,2902,58245,20,74519
16171,0.002057,172.31.36.0-255,66,58311,20,74519
16172,0.002066,172.31.36.0-255,66,58377,20,74519
16173,0.002097,172.217.194.0-255,1484,59861,20,74519
16174,0.002111,172.31.36.0-255,66,59927,20,74519
16175,0.002123,172.31.36.0-255,66,59993,20,74519
16176,0.002179,172.217.194.0-255,766,60759,20,74519
16177,0.002294,172.217.194.0-255,1484,62243,20,74519
16178,0.0023,172.31.36.0-255,66,62309,20,74519
16179,0.002306,172.217.194.0-255,2902,65211,20,74519
16180,0.002308,172.31.36.0-255,66,65277,20,74519
16181,0.002316,172.31.36.0-255,66,65343,20,74519
16182,0.002333,172.217.194.0-255,2902,68245,20,74519
16183,0.002335,172.31.36.0-255,66,68311,20,74519
16184,0.00236,172.31.36.0-255,66,68377,20,74519
16185,0.002372,172.31.36.0-255,66,68443,20,74519
16186,0.002419,172.31.36.0-255,66,68509,20,74519
16187,0.002447,172.31.36.0-255,66,68575,20,74519
16188,0.002466,172.217.194.0-255,1484,70059,20,74519
16189,0.002476,172.31.36.0-255,66,70125,20,74519
16190,0.002497,172.31.36.0-255,66,70191,20,74519
16191,0.002525,172.31.36.0-255,66,70257,20,74519
16192,0.00255,172.217.194.0-255,2184,72441,20,74519
16193,0.002553,172.31.36.0-255,66,72507,20,74519
16194,0.002566,172.31.36.0-255,66,72573,20,74519
16195,0.002583,172.31.36.0-255,66,72639,20,74519
16196,0.005095,172.31.36.0-255,66,72705,20,74519
16197,0.005112,172.217.194.0-255,1484,74189,20,74519
16198,0.007612,172.31.36.0-255,66,74255,20,74519
16199,0.01009,172.31.36.0-255,66,74321,20,74519
16200,0.012588,172.31.36.0-255,66,74387,20,74519
16201,0.015085,172.31.36.0-255,66,74453,20,74519
16202,0.01761,172.31.36.0-255,66,74519,20,74519
16203,0.0,172.253.118.0-255,150,150,20,63671
16204,2.8e-05,172.31.36.0-255,66,216,20,63671
16205,3.4e-05,172.253.118.0-255,1484,1700,20,63671
16206,3.9e-05,172.31.36.0-255,66,1766,20,63671
16207,4.5e-05,172.253.118.0-255,2902,4668,20,63671
16208,4.8e-05,172.31.36.0-255,66,4734,20,63671
16209,5.7e-05,172.31.36.0-255,66,4800,20,63671
16210,8.1e-05,172.253.118.0-255,2902,7702,20,63671
16211,8.3e-05,172.31.36.0-255,66,7768,20,63671
16212,0.000112,172.31.36.0-255,66,7834,20,63671
16213,0.000123,172.31.36.0-255,66,7900,20,63671
16214,0.000164,172.253.118.0-255,1484,9384,20,63671
16215,0.000168,172.31.36.0-255,66,9450,20,63671
16216,0.000172,172.253.118.0-255,2902,12352,20,63671
16217,0.000175,172.31.36.0-255,66,12418,20,63671
16218,0.000185,172.31.36.0-255,66,12484,20,63671
16219,0.000247,172.31.36.0-255,66,12550,20,63671
16220,0.000313,172.253.118.0-255,1484,14034,20,63671
16221,0.000318,172.31.36.0-255,66,14100,20,63671
16222,0.000324,172.253.118.0-255,2902,17002,20,63671
16223,0.000328,172.31.36.0-255,66,17068,20,63671
16224,0.000337,172.31.36.0-255,66,17134,20,63671
16225,0.000371,172.31.36.0-255,66,17200,20,63671
16226,0.000374,172.253.118.0-255,362,17562,20,63671
16227,0.000376,172.31.36.0-255,66,17628,20,63671
16228,0.000559,172.253.118.0-255,382,18010,20,63671
16229,0.000714,172.253.118.0-255,1484,19494,20,63671
16230,0.00072,172.31.36.0-255,66,19560,20,63671
16231,0.000725,172.253.118.0-255,2902,22462,20,63671
16232,0.000727,172.31.36.0-255,66,22528,20,63671
16233,0.000733,172.31.36.0-255,66,22594,20,63671
16234,0.000758,172.31.36.0-255,66,22660,20,63671
16235,0.000787,172.31.36.0-255,66,22726,20,63671
16236,0.000798,172.31.36.0-255,66,22792,20,63671
16237,0.000835,172.253.118.0-255,3961,26753,20,63671
16238,0.000838,172.31.36.0-255,66,26819,20,63671
16239,0.00138,172.253.118.0-255,1484,28303,20,63671
16240,0.0014,172.253.118.0-255,2902,31205,20,63671
16241,0.001404,172.31.36.0-255,66,31271,20,63671
16242,0.001409,172.253.118.0-255,2902,34173,20,63671
16243,0.001411,172.31.36.0-255,66,34239,20,63671
16244,0.001455,172.31.36.0-255,66,34305,20,63671
16245,0.001462,172.31.36.0-255,66,34371,20,63671
16246,0.001515,172.31.36.0-255,66,34437,20,63671
16247,0.001541,172.31.36.0-255,66,34503,20,63671
16248,0.001607,172.253.118.0-255,1484,35987,20,63671
16249,0.001612,172.253.118.0-255,2902,38889,20,63671
16250,0.001616,172.31.36.0-255,66,38955,20,63671
16251,0.001627,172.31.36.0-255,66,39021,20,63671
16252,0.001642,172.253.118.0-255,1484,40505,20,63671
16253,0.001674,172.31.36.0-255,66,40571,20,63671
16254,0.001684,172.31.36.0-255,66,40637,20,63671
16255,0.001707,172.253.118.0-255,1484,42121,20,63671
16256,0.00172,172.253.118.0-255,2184,44305,20,63671
16257,0.001723,172.31.36.0-255,66,44371,20,63671
16258,0.001804,172.253.118.0-255,1484,45855,20,63671
16259,0.001817,172.253.118.0-255,2902,48757,20,63671
16260,0.00182,172.31.36.0-255,66,48823,20,63671
16261,0.001824,172.253.118.0-255,2902,51725,20,63671
16262,0.001826,172.31.36.0-255,66,51791,20,63671
16263,0.00184,172.253.118.0-255,2902,54693,20,63671
16264,0.001843,172.31.36.0-255,66,54759,20,63671
16265,0.001853,172.31.36.0-255,66,54825,20,63671
16266,0.001874,172.31.36.0-255,66,54891,20,63671
16267,0.001883,172.31.36.0-255,66,54957,20,63671
16268,0.001916,172.253.118.0-255,2184,57141,20,63671
16269,0.001919,172.31.36.0-255,66,57207,20,63671
16270,0.002045,172.253.118.0-255,1484,58691,20,63671
16271,0.002059,172.253.118.0-255,2902,61593,20,63671
16272,0.002061,172.31.36.0-255,66,61659,20,63671
16273,0.003955,172.253.118.0-255,1484,63143,20,63671
16274,0.00411,172.31.36.0-255,66,63209,20,63671
16275,0.006152,172.31.36.0-255,66,63275,20,63671
16276,0.008375,172.31.36.0-255,66,63341,20,63671
16277,0.010416,172.31.36.0-255,66,63407,20,63671
16278,0.012465,172.31.36.0-255,66,63473,20,63671
16279,0.014492,172.31.36.0-255,66,63539,20,63671
16280,0.016539,172.31.36.0-255,66,63605,20,63671
16281,0.018582,172.31.36.0-255,66,63671,20,63671
16282,0.0,74.125.24.0-255,153,153,20,63578
16283,2.2e-05,172.31.36.0-255,66,219,20,63578
16284,2.9e-05,74.125.24.0-255,1484,1703,20,63578
16285,3.3e-05,172.31.36.0-255,66,1769,20,63578
16286,4e-05,74.125.24.0-255,2902,4671,20,63578
16287,5.1e-05,172.31.36.0-255,66,4737,20,63578
16288,6.1e-05,172.31.36.0-255,66,4803,20,63578
16289,0.000106,172.31.36.0-255,66,4869,20,63578
16290,0.000109,74.125.24.0-255,1484,6353,20,63578
16291,0.000112,172.31.36.0-255,66,6419,20,63578
16292,0.000146,172.31.36.0-255,66,6485,20,63578
16293,0.000183,172.31.36.0-255,66,6551,20,63578
16294,0.000193,172.31.36.0-255,66,6617,20,63578
16295,0.000233,172.31.36.0-255,66,6683,20,63578
16296,0.000268,172.31.36.0-255,66,6749,20,63578
16297,0.0005,74.125.24.0-255,401,7150,20,63578
16298,0.000505,172.31.36.0-255,66,7216,20,63578
16299,0.00051,74.125.24.0-255,342,7558,20,63578
16300,0.000512,172.31.36.0-255,66,7624,20,63578
16301,0.000784,74.125.24.0-255,1484,9108,20,63578
16302,0.00079,172.31.36.0-255,66,9174,20,63578
16303,0.000823,74.125.24.0-255,2902,12076,20,63578
16304,0.000826,172.31.36.0-255,66,12142,20,63578
16305,0.000835,172.31.36.0-255,66,12208,20,63578
16306,0.000855,172.31.36.0-255,66,12274,20,63578
16307,0.000868,172.31.36.0-255,66,12340,20,63578
16308,0.000909,74.125.24.0-255,766,13106,20,63578
16309,0.001113,74.125.24.0-255,1484,14590,20,63578
16310,0.001117,172.31.36.0-255,66,14656,20,63578
16311,0.001123,74.125.24.0-255,2902,17558,20,63578
16312,0.001125,172.31.36.0-255,66,17624,20,63578
16313,0.00114,172.31.36.0-255,66,17690,20,63578
16314,0.001178,172.31.36.0-255,66,17756,20,63578
16315,0.001204,74.125.24.0-255,2902,20658,20,63578
16316,0.001209,172.31.36.0-255,66,20724,20,63578
16317,0.001244,172.31.36.0-255,66,20790,20,63578
16318,0.001262,74.125.24.0-255,2184,22974,20,63578
16319,0.001265,172.31.36.0-255,66,23040,20,63578
16320,0.001322,74.125.24.0-255,1484,24524,20,63578
16321,0.001326,74.125.24.0-255,1484,26008,20,63578
16322,0.001329,172.31.36.0-255,66,26074,20,63578
16323,0.001353,74.125.24.0-255,1484,27558,20,63578
16324,0.001362,172.31.36.0-255,66,27624,20,63578
16325,0.001365,74.125.24.0-255,1484,29108,20,63578
16326,0.001405,172.31.36.0-255,66,29174,20,63578
16327,0.001471,172.31.36.0-255,66,29240,20,63578
16328,0.001548,74.125.24.0-255,1484,30724,20,63578
16329,0.001553,74.125.24.0-255,1484,32208,20,63578
16330,0.001556,172.31.36.0-255,66,32274,20,63578
16331,0.001578,74.125.24.0-255,1484,33758,20,63578
16332,0.001588,172.31.36.0-255,66,33824,20,63578
16333,0.001632,172.31.36.0-255,66,33890,20,63578
16334,0.001635,172.31.36.0-255,66,33956,20,63578
16335,0.001678,172.31.36.0-255,66,34022,20,63578
16336,0.001925,74.125.24.0-255,1484,35506,20,63578
16337,0.001931,74.125.24.0-255,2902,38408,20,63578
16338,0.001935,172.31.36.0-255,66,38474,20,63578
16339,0.001961,74.125.24.0-255,2902,41376,20,63578
16340,0.001964,172.31.36.0-255,66,41442,20,63578
16341,0.001996,74.125.24.0-255,2902,44344,20,63578
16342,0.001999,172.31.36.0-255,66,44410,20,63578
16343,0.002004,74.125.24.0-255,2902,47312,20,63578
16344,0.002006,172.31.36.0-255,66,47378,20,63578
16345,0.002018,172.31.36.0-255,66,47444,20,63578
16346,0.002021,74.125.24.0-255,1484,48928,20,63578
16347,0.00206,172.31.36.0-255,66,48994,20,63578
16348,0.002092,172.31.36.0-255,66,49060,20,63578
16349,0.002119,74.125.24.0-255,2184,51244,20,63578
16350,0.002122,172.31.36.0-255,66,51310,20,63578
16351,0.004176,172.31.36.0-255,66,51376,20,63578
16352,0.006241,74.125.24.0-255,2902,54278,20,63578
16353,0.006245,172.31.36.0-255,66,54344,20,63578
16354,0.006272,74.125.24.0-255,2902,57246,20,63578
16355,0.006274,172.31.36.0-255,66,57312,20,63578
16356,0.008292,74.125.24.0-255,2902,60214,20,63578
16357,0.008299,172.31.36.0-255,66,60280,20,63578
16358,0.008329,74.125.24.0-255,2902,63182,20,63578
16359,0.008332,172.31.36.0-255,66,63248,20,63578
16360,0.010415,172.31.36.0-255,66,63314,20,63578
16361,0.012467,172.31.36.0-255,66,63380,20,63578
16362,0.01455,172.31.36.0-255,66,63446,20,63578
16363,0.016679,172.31.36.0-255,66,63512,20,63578
16364,0.018727,172.31.36.0-255,66,63578,20,63578
16365,0.0,172.31.36.0-255,166,166,20,232
16366,0.007145,74.125.24.0-255,66,232,20,232
16367,0.0,74.125.68.0-255,155,155,20,153952
16368,2.6e-05,172.31.36.0-255,66,221,20,153952
16369,3.4e-05,74.125.68.0-255,1484,1705,20,153952
16370,3.9e-05,172.31.36.0-255,66,1771,20,153952
16371,4.2e-05,74.125.68.0-255,1484,3255,20,153952
16372,4.6e-05,172.31.36.0-255,66,3321,20,153952
16373,5.2e-05,74.125.68.0-255,2902,6223,20,153952
16374,5.6e-05,172.31.36.0-255,66,6289,20,153952
16375,6.7e-05,172.31.36.0-255,66,6355,20,153952
16376,7.1e-05,74.125.68.0-255,1995,8350,20,153952
16377,7.3e-05,172.31.36.0-255,66,8416,20,153952
16378,7.9e-05,74.125.68.0-255,2902,11318,20,153952
16379,8.2e-05,172.31.36.0-255,66,11384,20,153952
16380,8.5e-05,74.125.68.0-255,1484,12868,20,153952
16381,8.8e-05,172.31.36.0-255,66,12934,20,153952
16382,0.000127,172.31.36.0-255,66,13000,20,153952
16383,0.000139,172.31.36.0-255,66,13066,20,153952
16384,0.000283,74.125.68.0-255,1484,14550,20,153952
16385,0.000287,172.31.36.0-255,66,14616,20,153952
16386,0.000291,74.125.68.0-255,1484,16100,20,153952
16387,0.000294,172.31.36.0-255,66,16166,20,153952
16388,0.000306,74.125.68.0-255,1484,17650,20,153952
16389,0.000309,172.31.36.0-255,66,17716,20,153952
16390,0.000318,172.31.36.0-255,66,17782,20,153952
16391,0.000344,172.31.36.0-255,66,17848,20,153952
16392,0.000364,74.125.68.0-255,2902,20750,20,153952
16393,0.000367,172.31.36.0-255,66,20816,20,153952
16394,0.000396,172.31.36.0-255,66,20882,20,153952
16395,0.000418,172.31.36.0-255,66,20948,20,153952
16396,0.000435,74.125.68.0-255,2902,23850,20,153952
16397,0.000437,172.31.36.0-255,66,23916,20,153952
16398,0.000471,74.125.68.0-255,1436,25352,20,153952
16399,0.000516,74.125.68.0-255,110,25462,20,153952
16400,0.000611,74.125.68.0-255,1484,26946,20,153952
16401,0.000616,172.31.36.0-255,66,27012,20,153952
16402,0.00062,74.125.68.0-255,1484,28496,20,153952
16403,0.000637,74.125.68.0-255,1484,29980,20,153952
16404,0.000639,172.31.36.0-255,66,30046,20,153952
16405,0.000642,74.125.68.0-255,1484,31530,20,153952
16406,0.000661,172.31.36.0-255,66,31596,20,153952
16407,0.000693,172.31.36.0-255,66,31662,20,153952
16408,0.000707,172.31.36.0-255,66,31728,20,153952
16409,0.000712,74.125.68.0-255,2902,34630,20,153952
16410,0.000714,172.31.36.0-255,66,34696,20,153952
16411,0.00073,74.125.68.0-255,2184,36880,20,153952
16412,0.000732,172.31.36.0-255,66,36946,20,153952
16413,0.000748,74.125.68.0-255,332,37278,20,153952
16414,0.001165,74.125.68.0-255,1484,38762,20,153952
16415,0.00117,172.31.36.0-255,66,38828,20,153952
16416,0.001185,74.125.68.0-255,2902,41730,20,153952
16417,0.001188,172.31.36.0-255,66,41796,20,153952
16418,0.00122,172.31.36.0-255,66,41862,20,153952
16419,0.001239,74.125.68.0-255,1484,43346,20,153952
16420,0.00126,74.125.68.0-255,2902,46248,20,153952
16421,0.001262,172.31.36.0-255,66,46314,20,153952
16422,0.001287,172.31.36.0-255,66,46380,20,153952
16423,0.001317,172.31.36.0-255,66,46446,20,153952
16424,0.001346,74.125.68.0-255,1484,47930,20,153952
16425,0.001437,74.125.68.0-255,1484,49414,20,153952
16426,0.001441,172.31.36.0-255,66,49480,20,153952
16427,0.001492,74.125.68.0-255,1484,50964,20,153952
16428,0.00151,74.125.68.0-255,2184,53148,20,153952
16429,0.001513,172.31.36.0-255,66,53214,20,153952
16430,0.001952,74.125.68.0-255,1484,54698,20,153952
16431,0.001985,74.125.68.0-255,1484,56182,20,153952
16432,0.001989,172.31.36.0-255,66,56248,20,153952
16433,0.002004,74.125.68.0-255,2902,59150,20,153952
16434,0.002007,172.31.36.0-255,66,59216,20,153952
16435,0.002049,74.125.68.0-255,1484,60700,20,153952
16436,0.002055,74.125.68.0-255,2902,63602,20,153952
16437,0.002057,172.31.36.0-255,66,63668,20,153952
16438,0.002061,74.125.68.0-255,1484,65152,20,153952
16439,0.002093,74.125.68.0-255,1484,66636,20,153952
16440,0.002096,172.31.36.0-255,66,66702,20,153952
16441,0.002129,74.125.68.0-255,2902,69604,20,153952
16442,0.002132,172.31.36.0-255,66,69670,20,153952
16443,0.002162,74.125.68.0-255,2902,72572,20,153952
16444,0.002165,172.31.36.0-255,66,72638,20,153952
16445,0.002181,74.125.68.0-255,1484,74122,20,153952
16446,0.00219,172.31.36.0-255,66,74188,20,153952
16447,0.002206,74.125.68.0-255,1484,75672,20,153952
16448,0.002246,172.31.36.0-255,66,75738,20,153952
16449,0.002268,74.125.68.0-255,2184,77922,20,153952
16450,0.00227,172.31.36.0-255,66,77988,20,153952
16451,0.002281,172.31.36.0-255,66,78054,20,153952
16452,0.002288,172.31.36.0-255,66,78120,20,153952
16453,0.002291,74.125.68.0-255,1484,79604,20,153952
16454,0.002294,74.125.68.0-255,1484,81088,20,153952
16455,0.002295,172.31.36.0-255,66,81154,20,153952
16456,0.002299,74.125.68.0-255,1484,82638,20,153952
16457,0.002317,74.125.68.0-255,1484,84122,20,153952
16458,0.002319,172.31.36.0-255,66,84188,20,153952
16459,0.002337,172.31.36.0-255,66,84254,20,153952
16460,0.002348,74.125.68.0-255,1484,85738,20,153952
16461,0.00235,74.125.68.0-255,1484,87222,20,153952
16462,0.002352,172.31.36.0-255,66,87288,20,153952
16463,0.002371,74.125.68.0-255,1484,88772,20,153952
16464,0.002397,172.31.36.0-255,66,88838,20,153952
16465,0.002401,74.125.68.0-255,1484,90322,20,153952
16466,0.002403,74.125.68.0-255,766,91088,20,153952
16467,0.002405,172.31.36.0-255,66,91154,20,153952
16468,0.00248,74.125.68.0-255,1484,92638,20,153952
16469,0.002484,74.125.68.0-255,1484,94122,20,153952
16470,0.002487,172.31.36.0-255,66,94188,20,153952
16471,0.002507,74.125.68.0-255,2902,97090,20,153952
16472,0.00251,172.31.36.0-255,66,97156,20,153952
16473,0.002518,172.31.36.0-255,66,97222,20,153952
16474,0.002533,74.125.68.0-255,1484,98706,20,153952
16475,0.002554,172.31.36.0-255,66,98772,20,153952
16476,0.002575,172.31.36.0-255,66,98838,20,153952
16477,0.002599,74.125.68.0-255,1484,100322,20,153952
16478,0.00263,172.31.36.0-255,66,100388,20,153952
16479,0.002908,74.125.68.0-255,1484,101872,20,153952
16480,0.002927,74.125.68.0-255,2902,104774,20,153952
16481,0.002931,172.31.36.0-255,66,104840,20,153952
16482,0.002941,172.31.36.0-255,66,104906,20,153952
16483,0.002956,74.125.68.0-255,2902,107808,20,153952
16484,0.002958,172.31.36.0-255,66,107874,20,153952
16485,0.002981,172.31.36.0-255,66,107940,20,153952
16486,0.003006,74.125.68.0-255,2902,110842,20,153952
16487,0.003008,172.31.36.0-255,66,110908,20,153952
16488,0.00304,172.31.36.0-255,66,110974,20,153952
16489,0.003043,74.125.68.0-255,1484,112458,20,153952
16490,0.003058,74.125.68.0-255,1484,113942,20,153952
16491,0.00306,172.31.36.0-255,66,114008,20,153952
16492,0.003075,74.125.68.0-255,1484,115492,20,153952
16493,0.003112,172.31.36.0-255,66,115558,20,153952
16494,0.003144,172.31.36.0-255,66,115624,20,153952
16495,0.003147,74.125.68.0-255,1484,117108,20,153952
16496,0.003174,172.31.36.0-255,66,117174,20,153952
16497,0.003178,74.125.68.0-255,1484,118658,20,153952
16498,0.003181,74.125.68.0-255,1484,120142,20,153952
16499,0.003183,172.31.36.0-255,66,120208,20,153952
16500,0.003226,172.31.36.0-255,66,120274,20,153952
16501,0.003246,74.125.68.0-255,2902,123176,20,153952
16502,0.003249,172.31.36.0-255,66,123242,20,153952
16503,0.003254,74.125.68.0-255,3602,126844,20,153952
16504,0.003257,172.31.36.0-255,66,126910,20,153952
16505,0.003306,172.31.36.0-255,66,126976,20,153952
16506,0.003331,172.31.36.0-255,66,127042,20,153952
16507,0.003348,74.125.68.0-255,1484,128526,20,153952
16508,0.003352,74.125.68.0-255,1484,130010,20,153952
16509,0.003354,172.31.36.0-255,66,130076,20,153952
16510,0.00338,172.31.36.0-255,66,130142,20,153952
16511,0.00339,172.31.36.0-255,66,130208,20,153952
16512,0.003397,172.31.36.0-255,66,130274,20,153952
16513,0.00344,74.125.68.0-255,2902,133176,20,153952
16514,0.003442,172.31.36.0-255,66,133242,20,153952
16515,0.003464,74.125.68.0-255,2184,135426,20,153952
16516,0.003467,172.31.36.0-255,66,135492,20,153952
16517,0.00347,74.125.68.0-255,1484,136976,20,153952
16518,0.003474,74.125.68.0-255,2902,139878,20,153952
16519,0.003476,172.31.36.0-255,66,139944,20,153952
16520,0.003484,172.31.36.0-255,66,140010,20,153952
16521,0.003488,74.125.68.0-255,2902,142912,20,153952
16522,0.00349,172.31.36.0-255,66,142978,20,153952
16523,0.003494,74.125.68.0-255,1484,144462,20,153952
16524,0.00352,74.125.68.0-255,2902,147364,20,153952
16525,0.003522,172.31.36.0-255,66,147430,20,153952
16526,0.00353,172.31.36.0-255,66,147496,20,153952
16527,0.00354,172.31.36.0-255,66,147562,20,153952
16528,0.003568,172.31.36.0-255,66,147628,20,153952
16529,0.003589,74.125.68.0-255,2184,149812,20,153952
16530,0.003593,172.31.36.0-255,66,149878,20,153952
16531,0.003605,172.31.36.0-255,66,149944,20,153952
16532,0.003608,74.125.68.0-255,1484,151428,20,153952
16533,0.003626,74.125.68.0-255,2116,153544,20,153952
16534,0.003629,172.31.36.0-255,66,153610,20,153952
16535,0.003672,74.125.68.0-255,105,153715,20,153952
16536,0.010747,172.31.36.0-255,66,153781,20,153952
16537,0.010822,172.31.36.0-255,105,153886,20,153952
16538,0.012812,74.125.68.0-255,66,153952,20,153952
16539,0.0,74.125.24.0-255,147,147,20,53795
16540,2.1e-05,172.31.36.0-255,66,213,20,53795
16541,2.9e-05,74.125.24.0-255,1484,1697,20,53795
16542,3.3e-05,172.31.36.0-255,66,1763,20,53795
16543,3.8e-05,74.125.24.0-255,2902,4665,20,53795
16544,4.2e-05,172.31.36.0-255,66,4731,20,53795
16545,5.2e-05,172.31.36.0-255,66,4797,20,53795
16546,8.1e-05,74.125.24.0-255,2902,7699,20,53795
16547,8.4e-05,172.31.36.0-255,66,7765,20,53795
16548,8.9e-05,74.125.24.0-255,2104,9869,20,53795
16549,9.1e-05,172.31.36.0-255,66,9935,20,53795
16550,0.000134,74.125.24.0-255,1484,11419,20,53795
16551,0.000137,172.31.36.0-255,66,11485,20,53795
16552,0.000142,74.125.24.0-255,2902,14387,20,53795
16553,0.000144,172.31.36.0-255,66,14453,20,53795
16554,0.000166,172.31.36.0-255,66,14519,20,53795
16555,0.000188,74.125.24.0-255,1484,16003,20,53795
16556,0.00019,172.31.36.0-255,66,16069,20,53795
16557,0.0002,172.31.36.0-255,66,16135,20,53795
16558,0.000221,74.125.24.0-255,1484,17619,20,53795
16559,0.000223,172.31.36.0-255,66,17685,20,53795
16560,0.000244,74.125.24.0-255,2902,20587,20,53795
16561,0.000247,172.31.36.0-255,66,20653,20,53795
16562,0.000251,74.125.24.0-255,1484,22137,20,53795
16563,0.000253,172.31.36.0-255,66,22203,20,53795
16564,0.000274,172.31.36.0-255,66,22269,20,53795
16565,0.000278,74.125.24.0-255,2902,25171,20,53795
16566,0.00028,172.31.36.0-255,66,25237,20,53795
16567,0.000305,74.125.24.0-255,3961,29198,20,53795
16568,0.000308,172.31.36.0-255,66,29264,20,53795
16569,0.000798,74.125.24.0-255,1484,30748,20,53795
16570,0.000805,74.125.24.0-255,2902,33650,20,53795
16571,0.000809,172.31.36.0-255,66,33716,20,53795
16572,0.000814,74.125.24.0-255,1484,35200,20,53795
16573,0.000834,172.31.36.0-255,66,35266,20,53795
16574,0.000857,74.125.24.0-255,1484,36750,20,53795
16575,0.000879,172.31.36.0-255,66,36816,20,53795
16576,0.000896,74.125.24.0-255,392,37208,20,53795
16577,0.001052,172.31.36.0-255,66,37274,20,53795
16578,0.001203,74.125.24.0-255,350,37624,20,53795
16579,0.001537,74.125.24.0-255,1484,39108,20,53795
16580,0.001543,172.31.36.0-255,66,39174,20,53795
16581,0.001551,74.125.24.0-255,2902,42076,20,53795
16582,0.001553,172.31.36.0-255,66,42142,20,53795
16583,0.001562,172.31.36.0-255,66,42208,20,53795
16584,0.001583,74.125.24.0-255,2902,45110,20,53795
16585,0.001585,172.31.36.0-255,66,45176,20,53795
16586,0.00162,172.31.36.0-255,66,45242,20,53795
16587,0.001634,172.31.36.0-255,66,45308,20,53795
16588,0.001652,74.125.24.0-255,2543,47851,20,53795
16589,0.001654,172.31.36.0-255,66,47917,20,53795
16590,0.002041,74.125.24.0-255,1484,49401,20,53795
16591,0.002058,74.125.24.0-255,2902,52303,20,53795
16592,0.002062,172.31.36.0-255,66,52369,20,53795
16593,0.002072,172.31.36.0-255,66,52435,20,53795
16594,0.002106,172.31.36.0-255,66,52501,20,53795
16595,0.002116,172.31.36.0-255,66,52567,20,53795
16596,0.002134,172.31.36.0-255,66,52633,20,53795
16597,0.002137,74.125.24.0-255,766,53399,20,53795
16598,0.004699,172.31.36.0-255,66,53465,20,53795
16599,0.007272,172.31.36.0-255,66,53531,20,53795
16600,0.009817,172.31.36.0-255,66,53597,20,53795
16601,0.012388,172.31.36.0-255,66,53663,20,53795
16602,0.014984,172.31.36.0-255,66,53729,20,53795
16603,0.017546,172.31.36.0-255,66,53795,20,53795
16604,0.0,74.125.24.0-255,153,153,20,81063
16605,2.6e-05,172.31.36.0-255,66,219,20,81063
16606,3.2e-05,74.125.24.0-255,1484,1703,20,81063
16607,3.6e-05,172.31.36.0-255,66,1769,20,81063
16608,3.9e-05,74.125.24.0-255,1484,3253,20,81063
16609,4.7e-05,172.31.36.0-255,66,3319,20,81063
16610,7.1e-05,74.125.24.0-255,1484,4803,20,81063
16611,7.4e-05,172.31.36.0-255,66,4869,20,81063
16612,8.2e-05,172.31.36.0-255,66,4935,20,81063
16613,0.000113,172.31.36.0-255,66,5001,20,81063
16614,0.000182,172.31.36.0-255,66,5067,20,81063
16615,0.000213,172.31.36.0-255,66,5133,20,81063
16616,0.000265,74.125.24.0-255,2543,7676,20,81063
16617,0.000269,172.31.36.0-255,66,7742,20,81063
16618,0.000722,74.125.24.0-255,1484,9226,20,81063
16619,0.000728,172.31.36.0-255,66,9292,20,81063
16620,0.000736,74.125.24.0-255,2902,12194,20,81063
16621,0.000747,172.31.36.0-255,66,12260,20,81063
16622,0.000756,172.31.36.0-255,66,12326,20,81063
16623,0.000785,74.125.24.0-255,1484,13810,20,81063
16624,0.000788,172.31.36.0-255,66,13876,20,81063
16625,0.000826,172.31.36.0-255,66,13942,20,81063
16626,0.000866,172.31.36.0-255,66,14008,20,81063
16627,0.000899,172.31.36.0-255,66,14074,20,81063
16628,0.000967,172.31.36.0-255,66,14140,20,81063
16629,0.000993,74.125.24.0-255,1484,15624,20,81063
16630,0.001014,172.31.36.0-255,66,15690,20,81063
16631,0.00106,74.125.24.0-255,2902,18592,20,81063
16632,0.001064,172.31.36.0-255,66,18658,20,81063
16633,0.001095,172.31.36.0-255,66,18724,20,81063
16634,0.001194,74.125.24.0-255,1484,20208,20,81063
16635,0.001219,172.31.36.0-255,66,20274,20,81063
16636,0.001242,74.125.24.0-255,2451,22725,20,81063
16637,0.001245,172.31.36.0-255,66,22791,20,81063
16638,0.001348,74.125.24.0-255,1484,24275,20,81063
16639,0.001361,74.125.24.0-255,2902,27177,20,81063
16640,0.001364,172.31.36.0-255,66,27243,20,81063
16641,0.001396,172.31.36.0-255,66,27309,20,81063
16642,0.001427,74.125.24.0-255,2902,30211,20,81063
16643,0.001429,172.31.36.0-255,66,30277,20,81063
16644,0.001464,172.31.36.0-255,66,30343,20,81063
16645,0.001542,172.31.36.0-255,66,30409,20,81063
16646,0.001562,172.31.36.0-255,66,30475,20,81063
16647,0.002129,74.125.24.0-255,1484,31959,20,81063
16648,0.002143,74.125.24.0-255,1484,33443,20,81063
16649,0.002145,172.31.36.0-255,66,33509,20,81063
16650,0.003668,74.125.24.0-255,2902,36411,20,81063
16651,0.003674,172.31.36.0-255,66,36477,20,81063
16652,0.004239,74.125.24.0-255,2902,39379,20,81063
16653,0.004243,172.31.36.0-255,66,39445,20,81063
16654,0.005721,74.125.24.0-255,1484,40929,20,81063
16655,0.005755,74.125.24.0-255,1484,42413,20,81063
16656,0.005759,172.31.36.0-255,66,42479,20,81063
16657,0.006292,74.125.24.0-255,2902,45381,20,81063
16658,0.006298,172.31.36.0-255,66,45447,20,81063
16659,0.00784,74.125.24.0-255,2902,48349,20,81063
16660,0.007847,172.31.36.0-255,66,48415,20,81063
16661,0.008357,74.125.24.0-255,2902,51317,20,81063
16662,0.008364,172.31.36.0-255,66,51383,20,81063
16663,0.009918,74.125.24.0-255,2902,54285,20,81063
16664,0.009925,172.31.36.0-255,66,54351,20,81063
16665,0.010443,74.125.24.0-255,2902,57253,20,81063
16666,0.01045,172.31.36.0-255,66,57319,20,81063
16667,0.012026,74.125.24.0-255,2902,60221,20,81063
16668,0.012037,172.31.36.0-255,66,60287,20,81063
16669,0.012543,74.125.24.0-255,2902,63189,20,81063
16670,0.012552,172.31.36.0-255,66,63255,20,81063
16671,0.0141,74.125.24.0-255,2902,66157,20,81063
16672,0.014107,172.31.36.0-255,66,66223,20,81063
16673,0.014634,74.125.24.0-255,2902,69125,20,81063
16674,0.01464,172.31.36.0-255,66,69191,20,81063
16675,0.016151,74.125.24.0-255,2902,72093,20,81063
16676,0.016157,172.31.36.0-255,66,72159,20,81063
16677,0.016718,74.125.24.0-255,2902,75061,20,81063
16678,0.016724,172.31.36.0-255,66,75127,20,81063
16679,0.018219,74.125.24.0-255,2902,78029,20,81063
16680,0.018225,172.31.36.0-255,66,78095,20,81063
16681,0.018791,74.125.24.0-255,2902,80997,20,81063
16682,0.018797,172.31.36.0-255,66,81063,20,81063
16683,0.0,172.217.160.0-255,152,152,20,61823
16684,1.9e-05,172.31.36.0-255,66,218,20,61823
16685,2.6e-05,172.217.160.0-255,1484,1702,20,61823
16686,3e-05,172.31.36.0-255,66,1768,20,61823
16687,3.5e-05,172.217.160.0-255,2902,4670,20,61823
16688,3.8e-05,172.31.36.0-255,66,4736,20,61823
16689,4.8e-05,172.31.36.0-255,66,4802,20,61823
16690,5.8e-05,172.31.36.0-255,66,4868,20,61823
16691,6.1e-05,172.217.160.0-255,1484,6352,20,61823
16692,6.3e-05,172.31.36.0-255,66,6418,20,61823
16693,9.4e-05,172.31.36.0-255,66,6484,20,61823
16694,0.000102,172.31.36.0-255,66,6550,20,61823
16695,0.000146,172.217.160.0-255,2902,9452,20,61823
16696,0.00015,172.31.36.0-255,66,9518,20,61823
16697,0.000159,172.31.36.0-255,66,9584,20,61823
16698,0.00019,172.217.160.0-255,1125,10709,20,61823
16699,0.000194,172.31.36.0-255,66,10775,20,61823
16700,0.000197,172.31.36.0-255,66,10841,20,61823
16701,0.000276,172.217.160.0-255,1484,12325,20,61823
16702,0.000281,172.31.36.0-255,66,12391,20,61823
16703,0.000287,172.217.160.0-255,2902,15293,20,61823
16704,0.00029,172.31.36.0-255,66,15359,20,61823
16705,0.000315,172.31.36.0-255,66,15425,20,61823
16706,0.000353,172.31.36.0-255,66,15491,20,61823
16707,0.000367,172.217.160.0-255,1125,16616,20,61823
16708,0.000625,172.217.160.0-255,645,17261,20,61823
16709,0.000633,172.31.36.0-255,66,17327,20,61823
16710,0.000923,172.217.160.0-255,1484,18811,20,61823
16711,0.00093,172.217.160.0-255,2902,21713,20,61823
16712,0.000934,172.31.36.0-255,66,21779,20,61823
16713,0.000943,172.31.36.0-255,66,21845,20,61823
16714,0.000945,172.217.160.0-255,1484,23329,20,61823
16715,0.000969,172.31.36.0-255,66,23395,20,61823
16716,0.000984,172.217.160.0-255,2902,26297,20,61823
16717,0.000987,172.31.36.0-255,66,26363,20,61823
16718,0.001026,172.31.36.0-255,66,26429,20,61823
16719,0.001037,172.31.36.0-255,66,26495,20,61823
16720,0.001067,172.31.36.0-255,66,26561,20,61823
16721,0.001107,172.31.36.0-255,66,26627,20,61823
16722,0.001111,172.217.160.0-255,1484,28111,20,61823
16723,0.001115,172.217.160.0-255,2902,31013,20,61823
16724,0.001117,172.31.36.0-255,66,31079,20,61823
16725,0.001125,172.31.36.0-255,66,31145,20,61823
16726,0.001141,172.217.160.0-255,1484,32629,20,61823
16727,0.001158,172.31.36.0-255,66,32695,20,61823
16728,0.001179,172.31.36.0-255,66,32761,20,61823
16729,0.001187,172.31.36.0-255,66,32827,20,61823
16730,0.001195,172.31.36.0-255,66,32893,20,61823
16731,0.001197,172.217.160.0-255,766,33659,20,61823
16732,0.001257,172.217.160.0-255,1484,35143,20,61823
16733,0.00126,172.31.36.0-255,66,35209,20,61823
16734,0.001264,172.217.160.0-255,2902,38111,20,61823
16735,0.001267,172.31.36.0-255,66,38177,20,61823
16736,0.001275,172.31.36.0-255,66,38243,20,61823
16737,0.001339,172.31.36.0-255,66,38309,20,61823
16738,0.00135,172.31.36.0-255,66,38375,20,61823
16739,0.001364,172.217.160.0-255,1484,39859,20,61823
16740,0.001368,172.217.160.0-255,2902,42761,20,61823
16741,0.00137,172.31.36.0-255,66,42827,20,61823
16742,0.001374,172.217.160.0-255,2902,45729,20,61823
16743,0.001376,172.31.36.0-255,66,45795,20,61823
16744,0.001395,172.217.160.0-255,2902,48697,20,61823
16745,0.001397,172.31.36.0-255,66,48763,20,61823
16746,0.001406,172.31.36.0-255,66,48829,20,61823
16747,0.001442,172.31.36.0-255,66,48895,20,61823
16748,0.001453,172.31.36.0-255,66,48961,20,61823
16749,0.001508,172.31.36.0-255,66,49027,20,61823
16750,0.001518,172.31.36.0-255,66,49093,20,61823
16751,0.0016,172.217.160.0-255,1484,50577,20,61823
16752,0.001605,172.217.160.0-255,2902,53479,20,61823
16753,0.001608,172.31.36.0-255,66,53545,20,61823
16754,0.001616,172.31.36.0-255,66,53611,20,61823
16755,0.001619,172.217.160.0-255,1484,55095,20,61823
16756,0.001642,172.217.160.0-255,2902,57997,20,61823
16757,0.001644,172.31.36.0-255,66,58063,20,61823
16758,0.001655,172.31.36.0-255,66,58129,20,61823
16759,0.00167,172.217.160.0-255,1484,59613,20,61823
16760,0.003294,172.31.36.0-255,66,59679,20,61823
16761,0.004932,172.31.36.0-255,66,59745,20,61823
16762,0.006574,172.31.36.0-255,66,59811,20,61823
16763,0.008314,172.31.36.0-255,66,59877,20,61823
16764,0.009948,172.31.36.0-255,66,59943,20,61823
16765,0.011587,172.31.36.0-255,66,60009,20,61823
16766,0.013224,172.31.36.0-255,66,60075,20,61823
16767,0.014858,172.31.36.0-255,66,60141,20,61823
16768,0.016492,172.31.36.0-255,66,60207,20,61823
16769,0.018154,172.217.160.0-255,1484,61691,20,61823
16770,0.018195,172.31.36.0-255,66,61757,20,61823
16771,0.01983,172.31.36.0-255,66,61823,20,61823
16772,0.0,172.31.36.0-255,105,105,20,276
16773,0.001771,157.240.13.0-255,105,210,20,276
16774,0.001785,172.31.36.0-255,66,276,20,276
16775,0.0,74.125.68.0-255,150,150,20,41018
16776,3e-05,172.31.36.0-255,66,216,20,41018
16777,5.1e-05,74.125.68.0-255,1484,1700,20,41018
16778,5.5e-05,172.31.36.0-255,66,1766,20,41018
16779,5.9e-05,74.125.68.0-255,1484,3250,20,41018
16780,6.2e-05,172.31.36.0-255,66,3316,20,41018
16781,8.4e-05,74.125.68.0-255,1484,4800,20,41018
16782,8.8e-05,172.31.36.0-255,66,4866,20,41018
16783,9.8e-05,172.31.36.0-255,66,4932,20,41018
16784,0.000102,74.125.68.0-255,2902,7834,20,41018
16785,0.000103,172.31.36.0-255,66,7900,20,41018
16786,0.000123,74.125.68.0-255,625,8525,20,41018
16787,0.000127,172.31.36.0-255,66,8591,20,41018
16788,0.000158,74.125.68.0-255,1484,10075,20,41018
16789,0.000161,172.31.36.0-255,66,10141,20,41018
16790,0.000171,172.31.36.0-255,66,10207,20,41018
16791,0.000199,172.31.36.0-255,66,10273,20,41018
16792,0.000219,74.125.68.0-255,1484,11757,20,41018
16793,0.000221,172.31.36.0-255,66,11823,20,41018
16794,0.000248,172.31.36.0-255,66,11889,20,41018
16795,0.000251,74.125.68.0-255,1125,13014,20,41018
16796,0.000255,172.31.36.0-255,66,13080,20,41018
16797,0.000418,74.125.68.0-255,1484,14564,20,41018
16798,0.000423,172.31.36.0-255,66,14630,20,41018
16799,0.000441,74.125.68.0-255,2902,17532,20,41018
16800,0.000444,172.31.36.0-255,66,17598,20,41018
16801,0.000453,172.31.36.0-255,66,17664,20,41018
16802,0.000522,172.31.36.0-255,66,17730,20,41018
16803,0.000532,74.125.68.0-255,1484,19214,20,41018
16804,0.000568,172.31.36.0-255,66,19280,20,41018
16805,0.000587,74.125.68.0-255,1125,20405,20,41018
16806,0.000618,74.125.68.0-255,410,20815,20,41018
16807,0.000761,172.31.36.0-255,66,20881,20,41018
16808,0.000912,74.125.68.0-255,1484,22365,20,41018
16809,0.000922,74.125.68.0-255,2902,25267,20,41018
16810,0.000972,74.125.68.0-255,1484,26751,20,41018
16811,0.001045,172.31.36.0-255,66,26817,20,41018
16812,0.001063,172.31.36.0-255,66,26883,20,41018
16813,0.001074,74.125.68.0-255,766,27649,20,41018
16814,0.001156,74.125.68.0-255,335,27984,20,41018
16815,0.001475,172.31.36.0-255,66,28050,20,41018
16816,0.001955,74.125.68.0-255,1484,29534,20,41018
16817,0.001962,74.125.68.0-255,1484,31018,20,41018
16818,0.001966,74.125.68.0-255,1484,32502,20,41018
16819,0.001982,74.125.68.0-255,1484,33986,20,41018
16820,0.002021,74.125.68.0-255,2902,36888,20,41018
16821,0.002082,74.125.68.0-255,1484,38372,20,41018
16822,0.00212,74.125.68.0-255,2184,40556,20,41018
16823,0.005075,172.31.36.0-255,66,40622,20,41018
16824,0.007402,172.31.36.0-255,66,40688,20,41018
16825,0.009717,172.31.36.0-255,66,40754,20,41018
16826,0.012037,172.31.36.0-255,66,40820,20,41018
16827,0.01436,172.31.36.0-255,66,40886,20,41018
16828,0.016672,172.31.36.0-255,66,40952,20,41018
16829,0.018987,172.31.36.0-255,66,41018,20,41018
16830,0.0,172.217.194.0-255,153,153,20,81286
16831,3.1e-05,172.31.36.0-255,66,219,20,81286
16832,3.8e-05,172.217.194.0-255,1484,1703,20,81286
16833,4.2e-05,172.31.36.0-255,66,1769,20,81286
16834,4.6e-05,172.217.194.0-255,2902,4671,20,81286
16835,4.8e-05,172.31.36.0-255,66,4737,20,81286
16836,6.7e-05,172.31.36.0-255,66,4803,20,81286
16837,7.6e-05,172.31.36.0-255,66,4869,20,81286
16838,0.000112,172.217.194.0-255,2002,6871,20,81286
16839,0.000115,172.31.36.0-255,66,6937,20,81286
16840,0.000124,172.31.36.0-255,66,7003,20,81286
16841,0.000135,172.217.194.0-255,2543,9546,20,81286
16842,0.000137,172.31.36.0-255,66,9612,20,81286
16843,0.00016,172.217.194.0-255,2902,12514,20,81286
16844,0.000164,172.31.36.0-255,66,12580,20,81286
16845,0.000178,172.31.36.0-255,66,12646,20,81286
16846,0.000218,172.31.36.0-255,66,12712,20,81286
16847,0.00023,172.31.36.0-255,66,12778,20,81286
16848,0.000267,172.217.194.0-255,2902,15680,20,81286
16849,0.000273,172.31.36.0-255,66,15746,20,81286
16850,0.000306,172.31.36.0-255,66,15812,20,81286
16851,0.000352,172.217.194.0-255,647,16459,20,81286
16852,0.000356,172.31.36.0-255,66,16525,20,81286
16853,0.000826,172.217.194.0-255,1484,18009,20,81286
16854,0.000831,172.31.36.0-255,66,18075,20,81286
16855,0.000838,172.217.194.0-255,2902,20977,20,81286
16856,0.000841,172.31.36.0-255,66,21043,20,81286
16857,0.000857,172.31.36.0-255,66,21109,20,81286
16858,0.000899,172.31.36.0-255,66,21175,20,81286
16859,0.000916,172.31.36.0-255,66,21241,20,81286
16860,0.000919,172.217.194.0-255,766,22007,20,81286
16861,0.001114,172.31.36.0-255,66,22073,20,81286
16862,0.001778,172.217.194.0-255,1484,23557,20,81286
16863,0.00179,172.217.194.0-255,2902,26459,20,81286
16864,0.001795,172.31.36.0-255,66,26525,20,81286
16865,0.001804,172.31.36.0-255,66,26591,20,81286
16866,0.00185,172.31.36.0-255,66,26657,20,81286
16867,0.001884,172.31.36.0-255,66,26723,20,81286
16868,0.001894,172.31.36.0-255,66,26789,20,81286
16869,0.001902,172.217.194.0-255,2184,28973,20,81286
16870,0.001904,172.31.36.0-255,66,29039,20,81286
16871,0.002044,172.217.194.0-255,1484,30523,20,81286
16872,0.002062,172.217.194.0-255,2902,33425,20,81286
16873,0.002065,172.31.36.0-255,66,33491,20,81286
16874,0.002096,172.31.36.0-255,66,33557,20,81286
16875,0.002129,172.31.36.0-255,66,33623,20,81286
16876,0.002133,172.217.194.0-255,2902,36525,20,81286
16877,0.002135,172.31.36.0-255,66,36591,20,81286
16878,0.002173,172.31.36.0-255,66,36657,20,81286
16879,0.002185,172.31.36.0-255,66,36723,20,81286
16880,0.002215,172.31.36.0-255,66,36789,20,81286
16881,0.002241,172.217.194.0-255,2184,38973,20,81286
16882,0.002244,172.31.36.0-255,66,39039,20,81286
16883,0.002255,172.31.36.0-255,66,39105,20,81286
16884,0.002271,172.31.36.0-255,66,39171,20,81286
16885,0.002289,172.31.36.0-255,66,39237,20,81286
16886,0.00233,172.31.36.0-255,66,39303,20,81286
16887,0.002344,172.31.36.0-255,66,39369,20,81286
16888,0.002392,172.31.36.0-255,66,39435,20,81286
16889,0.002403,172.31.36.0-255,66,39501,20,81286
16890,0.002997,172.31.36.0-255,101,39602,20,81286
16891,0.004675,172.217.194.0-255,2902,42504,20,81286
16892,0.004679,172.31.36.0-255,66,42570,20,81286
16893,0.004707,172.217.194.0-255,2902,45472,20,81286
16894,0.00471,172.31.36.0-255,66,45538,20,81286
16895,0.005224,172.217.194.0-255,66,45604,20,81286
16896,0.006993,172.217.194.0-255,2902,48506,20,81286
16897,0.007,172.31.36.0-255,66,48572,20,81286
16898,0.007032,172.217.194.0-255,2902,51474,20,81286
16899,0.007035,172.31.36.0-255,66,51540,20,81286
16900,0.009281,172.217.194.0-255,2902,54442,20,81286
16901,0.009287,172.31.36.0-255,66,54508,20,81286
16902,0.00933,172.217.194.0-255,2902,57410,20,81286
16903,0.009333,172.31.36.0-255,66,57476,20,81286
16904,0.011573,172.217.194.0-255,2902,60378,20,81286
16905,0.01158,172.31.36.0-255,66,60444,20,81286
16906,0.011609,172.217.194.0-255,1484,61928,20,81286
16907,0.011627,172.217.194.0-255,1484,63412,20,81286
16908,0.011629,172.31.36.0-255,66,63478,20,81286
16909,0.013845,172.217.194.0-255,2902,66380,20,81286
16910,0.013853,172.31.36.0-255,66,66446,20,81286
16911,0.01389,172.217.194.0-255,2902,69348,20,81286
16912,0.013893,172.31.36.0-255,66,69414,20,81286
16913,0.016124,172.217.194.0-255,2902,72316,20,81286
16914,0.016133,172.31.36.0-255,66,72382,20,81286
16915,0.016186,172.217.194.0-255,2902,75284,20,81286
16916,0.016191,172.31.36.0-255,66,75350,20,81286
16917,0.018403,172.217.194.0-255,2902,78252,20,81286
16918,0.01841,172.31.36.0-255,66,78318,20,81286
16919,0.018472,172.217.194.0-255,2902,81220,20,81286
16920,0.018483,172.31.36.0-255,66,81286,20,81286
16921,0.0,216.58.203.0-255,152,152,20,42056
16922,3.1e-05,172.31.36.0-255,66,218,20,42056
16923,3.8e-05,216.58.203.0-255,1484,1702,20,42056
16924,4.3e-05,172.31.36.0-255,66,1768,20,42056
16925,4.8e-05,216.58.203.0-255,2902,4670,20,42056
16926,5.7e-05,172.31.36.0-255,66,4736,20,42056
16927,6.7e-05,172.31.36.0-255,66,4802,20,42056
16928,7.2e-05,216.58.203.0-255,3421,8223,20,42056
16929,7.5e-05,172.31.36.0-255,66,8289,20,42056
16930,0.000123,216.58.203.0-255,1484,9773,20,42056
16931,0.000127,172.31.36.0-255,66,9839,20,42056
16932,0.000133,216.58.203.0-255,2902,12741,20,42056
16933,0.000135,172.31.36.0-255,66,12807,20,42056
16934,0.000137,216.58.203.0-255,1484,14291,20,42056
16935,0.00014,172.31.36.0-255,66,14357,20,42056
16936,0.000178,172.31.36.0-255,66,14423,20,42056
16937,0.000187,172.31.36.0-255,66,14489,20,42056
16938,0.000298,216.58.203.0-255,1484,15973,20,42056
16939,0.000302,172.31.36.0-255,66,16039,20,42056
16940,0.000307,216.58.203.0-255,2902,18941,20,42056
16941,0.000309,172.31.36.0-255,66,19007,20,42056
16942,0.000313,216.58.203.0-255,2902,21909,20,42056
16943,0.000322,172.31.36.0-255,66,21975,20,42056
16944,0.00033,172.31.36.0-255,66,22041,20,42056
16945,0.000375,172.31.36.0-255,66,22107,20,42056
16946,0.000825,216.58.203.0-255,1484,23591,20,42056
16947,0.000831,172.31.36.0-255,66,23657,20,42056
16948,0.000841,216.58.203.0-255,2902,26559,20,42056
16949,0.000844,172.31.36.0-255,66,26625,20,42056
16950,0.000861,172.31.36.0-255,66,26691,20,42056
16951,0.000865,216.58.203.0-255,1484,28175,20,42056
16952,0.000897,172.31.36.0-255,66,28241,20,42056
16953,0.000956,216.58.203.0-255,1484,29725,20,42056
16954,0.000962,216.58.203.0-255,2902,32627,20,42056
16955,0.000965,172.31.36.0-255,66,32693,20,42056
16956,0.00097,216.58.203.0-255,2902,35595,20,42056
16957,0.000972,172.31.36.0-255,66,35661,20,42056
16958,0.000999,172.31.36.0-255,66,35727,20,42056
16959,0.001002,216.58.203.0-255,1484,37211,20,42056
16960,0.001039,172.31.36.0-255,66,37277,20,42056
16961,0.001049,172.31.36.0-255,66,37343,20,42056
16962,0.001092,172.31.36.0-255,66,37409,20,42056
16963,0.001122,172.31.36.0-255,66,37475,20,42056
16964,0.00113,172.31.36.0-255,66,37541,20,42056
16965,0.001134,216.58.203.0-255,1484,39025,20,42056
16966,0.001169,172.31.36.0-255,66,39091,20,42056
16967,0.001172,216.58.203.0-255,457,39548,20,42056
16968,0.001202,216.58.203.0-255,100,39648,20,42056
16969,0.001416,216.58.203.0-255,198,39846,20,42056
16970,0.001761,172.31.36.0-255,66,39912,20,42056
16971,0.002889,216.58.203.0-255,1484,41396,20,42056
16972,0.003507,172.31.36.0-255,66,41462,20,42056
16973,0.005204,172.31.36.0-255,66,41528,20,42056
16974,0.006885,172.31.36.0-255,66,41594,20,42056
16975,0.008568,172.31.36.0-255,66,41660,20,42056
16976,0.010251,172.31.36.0-255,66,41726,20,42056
16977,0.011939,172.31.36.0-255,66,41792,20,42056
16978,0.013639,172.31.36.0-255,66,41858,20,42056
16979,0.015329,172.31.36.0-255,66,41924,20,42056
16980,0.017019,172.31.36.0-255,66,41990,20,42056
16981,0.018699,172.31.36.0-255,66,42056,20,42056
16982,0.0,172.217.194.0-255,153,153,20,67465
16983,2.3e-05,172.31.36.0-255,66,219,20,67465
16984,3.1e-05,172.217.194.0-255,1484,1703,20,67465
16985,3.5e-05,172.31.36.0-255,66,1769,20,67465
16986,5.2e-05,172.217.194.0-255,2902,4671,20,67465
16987,5.6e-05,172.31.36.0-255,66,4737,20,67465
16988,6.6e-05,172.31.36.0-255,66,4803,20,67465
16989,9.8e-05,172.31.36.0-255,66,4869,20,67465
16990,0.000134,172.217.194.0-255,1484,6353,20,67465
16991,0.000136,172.31.36.0-255,66,6419,20,67465
16992,0.000142,172.217.194.0-255,2902,9321,20,67465
16993,0.000144,172.31.36.0-255,66,9387,20,67465
16994,0.000185,172.31.36.0-255,66,9453,20,67465
16995,0.000195,172.31.36.0-255,66,9519,20,67465
16996,0.000343,172.217.194.0-255,1484,11003,20,67465
16997,0.000348,172.31.36.0-255,66,11069,20,67465
16998,0.000354,172.217.194.0-255,2902,13971,20,67465
16999,0.000356,172.31.36.0-255,66,14037,20,67465
17000,0.000398,172.31.36.0-255,66,14103,20,67465
17001,0.00041,172.31.36.0-255,66,14169,20,67465
17002,0.00044,172.31.36.0-255,66,14235,20,67465
17003,0.000469,172.31.36.0-255,66,14301,20,67465
17004,0.000646,172.217.194.0-255,647,14948,20,67465
17005,0.000651,172.31.36.0-255,66,15014,20,67465
17006,0.000727,172.217.194.0-255,1484,16498,20,67465
17007,0.000747,172.217.194.0-255,2902,19400,20,67465
17008,0.000751,172.31.36.0-255,66,19466,20,67465
17009,0.000761,172.31.36.0-255,66,19532,20,67465
17010,0.00077,172.217.194.0-255,2902,22434,20,67465
17011,0.000773,172.31.36.0-255,66,22500,20,67465
17012,0.000815,172.31.36.0-255,66,22566,20,67465
17013,0.000822,172.31.36.0-255,66,22632,20,67465
17014,0.000831,172.31.36.0-255,66,22698,20,67465
17015,0.000834,172.217.194.0-255,766,23464,20,67465
17016,0.001102,172.217.194.0-255,1484,24948,20,67465
17017,0.001107,172.31.36.0-255,66,25014,20,67465
17018,0.001113,172.217.194.0-255,2902,27916,20,67465
17019,0.001116,172.31.36.0-255,66,27982,20,67465
17020,0.001124,172.217.194.0-255,1484,29466,20,67465
17021,0.001151,172.31.36.0-255,66,29532,20,67465
17022,0.001156,172.217.194.0-255,2902,32434,20,67465
17023,0.001157,172.31.36.0-255,66,32500,20,67465
17024,0.001199,172.31.36.0-255,66,32566,20,67465
17025,0.001207,172.31.36.0-255,66,32632,20,67465
17026,0.001247,172.31.36.0-255,66,32698,20,67465
17027,0.001277,172.217.194.0-255,1484,34182,20,67465
17028,0.00129,172.217.194.0-255,2902,37084,20,67465
17029,0.001294,172.31.36.0-255,66,37150,20,67465
17030,0.001325,172.31.36.0-255,66,37216,20,67465
17031,0.001332,172.31.36.0-255,66,37282,20,67465
17032,0.001362,172.31.36.0-255,66,37348,20,67465
17033,0.001387,172.217.194.0-255,2902,40250,20,67465
17034,0.001389,172.31.36.0-255,66,40316,20,67465
17035,0.001399,172.31.36.0-255,66,40382,20,67465
17036,0.001446,172.31.36.0-255,66,40448,20,67465
17037,0.001466,172.217.194.0-255,2902,43350,20,67465
17038,0.001469,172.31.36.0-255,66,43416,20,67465
17039,0.001506,172.31.36.0-255,66,43482,20,67465
17040,0.001545,172.31.36.0-255,66,43548,20,67465
17041,0.001562,172.31.36.0-255,66,43614,20,67465
17042,0.001591,172.31.36.0-255,66,43680,20,67465
17043,0.001601,172.31.36.0-255,66,43746,20,67465
17044,0.001648,172.217.194.0-255,1484,45230,20,67465
17045,0.001653,172.217.194.0-255,2902,48132,20,67465
17046,0.001656,172.31.36.0-255,66,48198,20,67465
17047,0.001692,172.31.36.0-255,66,48264,20,67465
17048,0.0017,172.31.36.0-255,66,48330,20,67465
17049,0.001738,172.31.36.0-255,66,48396,20,67465
17050,0.001754,172.31.36.0-255,66,48462,20,67465
17051,0.001839,172.31.36.0-255,66,48528,20,67465
17052,0.001857,172.31.36.0-255,66,48594,20,67465
17053,0.00188,172.217.194.0-255,1484,50078,20,67465
17054,0.001885,172.217.194.0-255,2902,52980,20,67465
17055,0.001909,172.217.194.0-255,1484,54464,20,67465
17056,0.001926,172.31.36.0-255,66,54530,20,67465
17057,0.001957,172.31.36.0-255,66,54596,20,67465
17058,0.001973,172.217.194.0-255,766,55362,20,67465
17059,0.002,172.217.194.0-255,1484,56846,20,67465
17060,0.002004,172.217.194.0-255,1484,58330,20,67465
17061,0.002021,172.217.194.0-255,2902,61232,20,67465
17062,0.002041,172.31.36.0-255,66,61298,20,67465
17063,0.002048,172.217.194.0-255,1484,62782,20,67465
17064,0.002051,172.217.194.0-255,1484,64266,20,67465
17065,0.002057,172.31.36.0-255,66,64332,20,67465
17066,0.002117,172.31.36.0-255,66,64398,20,67465
17067,0.002159,172.217.194.0-255,2725,67123,20,67465
17068,0.002163,172.217.194.0-255,105,67228,20,67465
17069,0.002169,172.31.36.0-255,66,67294,20,67465
17070,0.011197,172.31.36.0-255,105,67399,20,67465
17071,0.01375,172.217.194.0-255,66,67465,20,67465
17072,0.0,74.125.68.0-255,153,153,20,83977
17073,2.4e-05,172.31.36.0-255,66,219,20,83977
17074,3.1e-05,74.125.68.0-255,1484,1703,20,83977
17075,3.6e-05,172.31.36.0-255,66,1769,20,83977
17076,4.1e-05,74.125.68.0-255,2902,4671,20,83977
17077,4.5e-05,172.31.36.0-255,66,4737,20,83977
17078,5e-05,74.125.68.0-255,2902,7639,20,83977
17079,5.3e-05,172.31.36.0-255,66,7705,20,83977
17080,7.3e-05,74.125.68.0-255,2902,10607,20,83977
17081,7.6e-05,172.31.36.0-255,66,10673,20,83977
17082,9.7e-05,172.31.36.0-255,66,10739,20,83977
17083,0.000122,74.125.68.0-255,2068,12807,20,83977
17084,0.000124,172.31.36.0-255,66,12873,20,83977
17085,0.000128,74.125.68.0-255,1484,14357,20,83977
17086,0.00013,172.31.36.0-255,66,14423,20,83977
17087,0.000133,74.125.68.0-255,1484,15907,20,83977
17088,0.000135,172.31.36.0-255,66,15973,20,83977
17089,0.000171,172.31.36.0-255,66,16039,20,83977
17090,0.000174,74.125.68.0-255,1484,17523,20,83977
17091,0.000176,172.31.36.0-255,66,17589,20,83977
17092,0.000198,74.125.68.0-255,1125,18714,20,83977
17093,0.000201,172.31.36.0-255,66,18780,20,83977
17094,0.000916,74.125.68.0-255,1484,20264,20,83977
17095,0.000923,172.31.36.0-255,66,20330,20,83977
17096,0.000947,74.125.68.0-255,2902,23232,20,83977
17097,0.00095,172.31.36.0-255,66,23298,20,83977
17098,0.000954,74.125.68.0-255,1484,24782,20,83977
17099,0.000956,172.31.36.0-255,66,24848,20,83977
17100,0.000994,74.125.68.0-255,2902,27750,20,83977
17101,0.000997,172.31.36.0-255,66,27816,20,83977
17102,0.001005,172.31.36.0-255,66,27882,20,83977
17103,0.00102,74.125.68.0-255,1484,29366,20,83977
17104,0.001024,74.125.68.0-255,1484,30850,20,83977
17105,0.001027,172.31.36.0-255,66,30916,20,83977
17106,0.001063,74.125.68.0-255,1484,32400,20,83977
17107,0.00108,74.125.68.0-255,2902,35302,20,83977
17108,0.001083,172.31.36.0-255,66,35368,20,83977
17109,0.001103,74.125.68.0-255,2902,38270,20,83977
17110,0.001106,172.31.36.0-255,66,38336,20,83977
17111,0.001117,74.125.68.0-255,2902,41238,20,83977
17112,0.00112,172.31.36.0-255,66,41304,20,83977
17113,0.001123,74.125.68.0-255,1484,42788,20,83977
17114,0.001127,74.125.68.0-255,1484,44272,20,83977
17115,0.001128,172.31.36.0-255,66,44338,20,83977
17116,0.00115,74.125.68.0-255,1484,45822,20,83977
17117,0.001176,74.125.68.0-255,3602,49424,20,83977
17118,0.00118,172.31.36.0-255,66,49490,20,83977
17119,0.001765,74.125.68.0-255,413,49903,20,83977
17120,0.001808,74.125.68.0-255,1484,51387,20,83977
17121,0.001813,172.31.36.0-255,66,51453,20,83977
17122,0.001827,74.125.68.0-255,1484,52937,20,83977
17123,0.001845,74.125.68.0-255,2902,55839,20,83977
17124,0.001848,172.31.36.0-255,66,55905,20,83977
17125,0.00187,172.31.36.0-255,66,55971,20,83977
17126,0.001882,74.125.68.0-255,1484,57455,20,83977
17127,0.001903,74.125.68.0-255,2902,60357,20,83977
17128,0.001906,172.31.36.0-255,66,60423,20,83977
17129,0.001935,172.31.36.0-255,66,60489,20,83977
17130,0.001957,172.31.36.0-255,66,60555,20,83977
17131,0.001975,74.125.68.0-255,1484,62039,20,83977
17132,0.00198,74.125.68.0-255,2902,64941,20,83977
17133,0.001983,172.31.36.0-255,66,65007,20,83977
17134,0.001999,74.125.68.0-255,2902,67909,20,83977
17135,0.002002,172.31.36.0-255,66,67975,20,83977
17136,0.002035,74.125.68.0-255,2184,70159,20,83977
17137,0.002038,172.31.36.0-255,66,70225,20,83977
17138,0.004202,74.125.68.0-255,2902,73127,20,83977
17139,0.004207,172.31.36.0-255,66,73193,20,83977
17140,0.00424,74.125.68.0-255,2902,76095,20,83977
17141,0.004243,172.31.36.0-255,66,76161,20,83977
17142,0.006422,74.125.68.0-255,2902,79063,20,83977
17143,0.006443,172.31.36.0-255,66,79129,20,83977
17144,0.006466,74.125.68.0-255,2902,82031,20,83977
17145,0.006469,172.31.36.0-255,66,82097,20,83977
17146,0.008677,172.31.36.0-255,66,82163,20,83977
17147,0.008698,74.125.68.0-255,1484,83647,20,83977
17148,0.010904,172.31.36.0-255,66,83713,20,83977
17149,0.013146,172.31.36.0-255,66,83779,20,83977
17150,0.015411,172.31.36.0-255,66,83845,20,83977
17151,0.017638,172.31.36.0-255,66,83911,20,83977
17152,0.019868,172.31.36.0-255,66,83977,20,83977
17153,0.0,172.217.194.0-255,153,153,20,88296
17154,3.5e-05,172.31.36.0-255,66,219,20,88296
17155,4.2e-05,172.217.194.0-255,1484,1703,20,88296
17156,4.7e-05,172.31.36.0-255,66,1769,20,88296
17157,5.2e-05,172.217.194.0-255,2902,4671,20,88296
17158,5.5e-05,172.31.36.0-255,66,4737,20,88296
17159,6.5e-05,172.31.36.0-255,66,4803,20,88296
17160,6.8e-05,172.217.194.0-255,1977,6780,20,88296
17161,7e-05,172.31.36.0-255,66,6846,20,88296
17162,0.000106,172.31.36.0-255,66,6912,20,88296
17163,0.000109,172.217.194.0-255,1484,8396,20,88296
17164,0.000111,172.31.36.0-255,66,8462,20,88296
17165,0.000136,172.217.194.0-255,1484,9946,20,88296
17166,0.000139,172.31.36.0-255,66,10012,20,88296
17167,0.000166,172.31.36.0-255,66,10078,20,88296
17168,0.000177,172.31.36.0-255,66,10144,20,88296
17169,0.000203,172.217.194.0-255,3961,14105,20,88296
17170,0.000206,172.31.36.0-255,66,14171,20,88296
17171,0.000214,172.31.36.0-255,66,14237,20,88296
17172,0.000244,172.31.36.0-255,66,14303,20,88296
17173,0.00026,172.217.194.0-255,2902,17205,20,88296
17174,0.000263,172.31.36.0-255,66,17271,20,88296
17175,0.000267,172.217.194.0-255,2852,20123,20,88296
17176,0.000269,172.31.36.0-255,66,20189,20,88296
17177,0.000301,172.217.194.0-255,368,20557,20,88296
17178,0.000304,172.31.36.0-255,66,20623,20,88296
17179,0.000352,172.217.194.0-255,1484,22107,20,88296
17180,0.000363,172.31.36.0-255,66,22173,20,88296
17181,0.00038,172.217.194.0-255,2902,25075,20,88296
17182,0.000383,172.31.36.0-255,66,25141,20,88296
17183,0.000408,172.31.36.0-255,66,25207,20,88296
17184,0.000411,172.217.194.0-255,1484,26691,20,88296
17185,0.000428,172.31.36.0-255,66,26757,20,88296
17186,0.000449,172.31.36.0-255,66,26823,20,88296
17187,0.000455,172.217.194.0-255,3961,30784,20,88296
17188,0.000457,172.31.36.0-255,66,30850,20,88296
17189,0.00061,172.217.194.0-255,1484,32334,20,88296
17190,0.000615,172.217.194.0-255,1484,33818,20,88296
17191,0.000618,172.31.36.0-255,66,33884,20,88296
17192,0.000636,172.217.194.0-255,1484,35368,20,88296
17193,0.000645,172.31.36.0-255,66,35434,20,88296
17194,0.000684,172.31.36.0-255,66,35500,20,88296
17195,0.000711,172.217.194.0-255,2902,38402,20,88296
17196,0.000715,172.31.36.0-255,66,38468,20,88296
17197,0.000718,172.217.194.0-255,1484,39952,20,88296
17198,0.00075,172.31.36.0-255,66,40018,20,88296
17199,0.000772,172.31.36.0-255,66,40084,20,88296
17200,0.000783,172.31.36.0-255,66,40150,20,88296
17201,0.000785,172.217.194.0-255,1484,41634,20,88296
17202,0.000806,172.31.36.0-255,66,41700,20,88296
17203,0.000833,172.31.36.0-255,66,41766,20,88296
17204,0.00085,172.217.194.0-255,1484,43250,20,88296
17205,0.000881,172.31.36.0-255,66,43316,20,88296
17206,0.000895,172.217.194.0-255,3602,46918,20,88296
17207,0.000899,172.31.36.0-255,66,46984,20,88296
17208,0.000941,172.31.36.0-255,66,47050,20,88296
17209,0.00098,172.31.36.0-255,66,47116,20,88296
17210,0.00099,172.31.36.0-255,66,47182,20,88296
17211,0.001003,172.31.36.0-255,66,47248,20,88296
17212,0.001032,172.31.36.0-255,66,47314,20,88296
17213,0.00112,172.217.194.0-255,1484,48798,20,88296
17214,0.001125,172.217.194.0-255,2902,51700,20,88296
17215,0.001128,172.31.36.0-255,66,51766,20,88296
17216,0.001156,172.31.36.0-255,66,51832,20,88296
17217,0.001175,172.31.36.0-255,66,51898,20,88296
17218,0.001211,172.31.36.0-255,66,51964,20,88296
17219,0.001228,172.217.194.0-255,1484,53448,20,88296
17220,0.001248,172.31.36.0-255,66,53514,20,88296
17221,0.001267,172.217.194.0-255,3602,57116,20,88296
17222,0.00127,172.31.36.0-255,66,57182,20,88296
17223,0.001538,172.217.194.0-255,1484,58666,20,88296
17224,0.001554,172.217.194.0-255,2902,61568,20,88296
17225,0.001557,172.31.36.0-255,66,61634,20,88296
17226,0.001562,172.217.194.0-255,2902,64536,20,88296
17227,0.001564,172.31.36.0-255,66,64602,20,88296
17228,0.001578,172.217.194.0-255,2902,67504,20,88296
17229,0.00158,172.31.36.0-255,66,67570,20,88296
17230,0.001584,172.217.194.0-255,1484,69054,20,88296
17231,0.001615,172.31.36.0-255,66,69120,20,88296
17232,0.001627,172.31.36.0-255,66,69186,20,88296
17233,0.00174,172.217.194.0-255,1484,70670,20,88296
17234,0.001755,172.217.194.0-255,2902,73572,20,88296
17235,0.001758,172.31.36.0-255,66,73638,20,88296
17236,0.001794,172.217.194.0-255,2902,76540,20,88296
17237,0.001795,172.31.36.0-255,66,76606,20,88296
17238,0.001798,172.31.36.0-255,66,76672,20,88296
17239,0.001827,172.31.36.0-255,66,76738,20,88296
17240,0.00184,172.31.36.0-255,66,76804,20,88296
17241,0.001861,172.217.194.0-255,1484,78288,20,88296
17242,0.001866,172.217.194.0-255,2902,81190,20,88296
17243,0.001868,172.31.36.0-255,66,81256,20,88296
17244,0.001886,172.31.36.0-255,66,81322,20,88296
17245,0.001906,172.217.194.0-255,1484,82806,20,88296
17246,0.001916,172.31.36.0-255,66,82872,20,88296
17247,0.001943,172.31.36.0-255,66,82938,20,88296
17248,0.001987,172.31.36.0-255,66,83004,20,88296
17249,0.002007,172.217.194.0-255,766,83770,20,88296
17250,0.002017,172.31.36.0-255,66,83836,20,88296
17251,0.002033,172.217.194.0-255,4052,87888,20,88296
17252,0.002037,172.31.36.0-255,66,87954,20,88296
17253,0.00204,172.217.194.0-255,105,88059,20,88296
17254,0.003363,172.31.36.0-255,66,88125,20,88296
17255,0.003391,172.31.36.0-255,105,88230,20,88296
17256,0.00594,172.217.194.0-255,66,88296,20,88296
17257,0.0,172.31.36.0-255,105,105,20,276
17258,0.001788,157.240.13.0-255,105,210,20,276
17259,0.001799,172.31.36.0-255,66,276,20,276
17260,0.0,172.217.194.0-255,578,578,20,18328
17261,2.5e-05,172.217.194.0-255,1484,2062,20,18328
17262,3.4e-05,172.31.36.0-255,66,2128,20,18328
17263,4.7e-05,172.31.36.0-255,66,2194,20,18328
17264,0.00017,172.31.36.0-255,66,2260,20,18328
17265,0.000338,172.217.194.0-255,3246,5506,20,18328
17266,0.000344,172.31.36.0-255,66,5572,20,18328
17267,0.000468,172.31.36.0-255,66,5638,20,18328
17268,0.000497,172.31.36.0-255,66,5704,20,18328
17269,0.000874,172.31.36.0-255,66,5770,20,18328
17270,0.002377,172.31.36.0-255,66,5836,20,18328
17271,0.002971,172.217.194.0-255,2902,8738,20,18328
17272,0.003722,172.217.194.0-255,2902,11640,20,18328
17273,0.005272,172.31.36.0-255,66,11706,20,18328
17274,0.005702,172.31.36.0-255,66,11772,20,18328
17275,0.007596,172.31.36.0-255,66,11838,20,18328
17276,0.007648,172.31.36.0-255,66,11904,20,18328
17277,0.007693,172.31.36.0-255,66,11970,20,18328
17278,0.007716,172.31.36.0-255,66,12036,20,18328
17279,0.008008,172.217.194.0-255,3782,15818,20,18328
17280,0.008014,172.31.36.0-255,66,15884,20,18328
17281,0.00808,172.31.36.0-255,66,15950,20,18328
17282,0.008279,172.31.36.0-255,66,16016,20,18328
17283,0.008302,172.31.36.0-255,66,16082,20,18328
17284,0.009978,172.31.36.0-255,66,16148,20,18328
17285,0.010006,172.31.36.0-255,66,16214,20,18328
17286,0.01026,172.31.36.0-255,66,16280,20,18328
17287,0.010295,172.31.36.0-255,66,16346,20,18328
17288,0.01053,172.31.36.0-255,66,16412,20,18328
17289,0.010565,172.31.36.0-255,66,16478,20,18328
17290,0.010805,172.31.36.0-255,66,16544,20,18328
17291,0.010844,172.31.36.0-255,66,16610,20,18328
17292,0.011236,172.31.36.0-255,66,16676,20,18328
17293,0.011266,172.31.36.0-255,66,16742,20,18328
17294,0.011296,172.31.36.0-255,66,16808,20,18328
17295,0.01168,172.31.36.0-255,66,16874,20,18328
17296,0.011732,172.31.36.0-255,66,16940,20,18328
17297,0.012126,172.31.36.0-255,66,17006,20,18328
17298,0.012195,172.31.36.0-255,66,17072,20,18328
17299,0.012571,172.31.36.0-255,66,17138,20,18328
17300,0.012603,172.31.36.0-255,66,17204,20,18328
17301,0.01285,172.31.36.0-255,66,17270,20,18328
17302,0.012877,172.217.194.0-255,887,18157,20,18328
17303,0.014331,172.31.36.0-255,105,18262,20,18328
17304,0.016615,172.217.194.0-255,66,18328,20,18328
17305,0.0,74.125.24.0-255,150,150,20,58147
17306,2.4e-05,172.31.36.0-255,66,216,20,58147
17307,3.2e-05,74.125.24.0-255,1484,1700,20,58147
17308,3.7e-05,172.31.36.0-255,66,1766,20,58147
17309,4.3e-05,74.125.24.0-255,2902,4668,20,58147
17310,5.6e-05,172.31.36.0-255,66,4734,20,58147
17311,6e-05,74.125.24.0-255,1484,6218,20,58147
17312,6.2e-05,172.31.36.0-255,66,6284,20,58147
17313,7.6e-05,172.31.36.0-255,66,6350,20,58147
17314,8.6e-05,172.31.36.0-255,66,6416,20,58147
17315,0.000125,172.31.36.0-255,66,6482,20,58147
17316,0.000239,74.125.24.0-255,1484,7966,20,58147
17317,0.000243,172.31.36.0-255,66,8032,20,58147
17318,0.000249,74.125.24.0-255,2902,10934,20,58147
17319,0.000251,172.31.36.0-255,66,11000,20,58147
17320,0.000287,172.31.36.0-255,66,11066,20,58147
17321,0.000296,172.31.36.0-255,66,11132,20,58147
17322,0.000333,74.125.24.0-255,1125,12257,20,58147
17323,0.000336,172.31.36.0-255,66,12323,20,58147
17324,0.000367,74.125.24.0-255,1484,13807,20,58147
17325,0.000369,172.31.36.0-255,66,13873,20,58147
17326,0.000379,172.31.36.0-255,66,13939,20,58147
17327,0.000387,172.31.36.0-255,66,14005,20,58147
17328,0.00042,172.31.36.0-255,66,14071,20,58147
17329,0.000423,74.125.24.0-255,1421,15492,20,58147
17330,0.00047,74.125.24.0-255,128,15620,20,58147
17331,0.001092,172.31.36.0-255,66,15686,20,58147
17332,0.001247,74.125.24.0-255,1484,17170,20,58147
17333,0.001273,74.125.24.0-255,2902,20072,20,58147
17334,0.001297,74.125.24.0-255,1484,21556,20,58147
17335,0.0013,74.125.24.0-255,1484,23040,20,58147
17336,0.001303,74.125.24.0-255,2902,25942,20,58147
17337,0.001332,74.125.24.0-255,2902,28844,20,58147
17338,0.001361,74.125.24.0-255,3961,32805,20,58147
17339,0.001505,74.125.24.0-255,1484,34289,20,58147
17340,0.001511,74.125.24.0-255,2902,37191,20,58147
17341,0.001653,74.125.24.0-255,3602,40793,20,58147
17342,0.00171,74.125.24.0-255,1484,42277,20,58147
17343,0.001714,74.125.24.0-255,1484,43761,20,58147
17344,0.001725,74.125.24.0-255,1484,45245,20,58147
17345,0.001821,74.125.24.0-255,2184,47429,20,58147
17346,0.001888,74.125.24.0-255,1484,48913,20,58147
17347,0.001892,74.125.24.0-255,1484,50397,20,58147
17348,0.001904,74.125.24.0-255,1484,51881,20,58147
17349,0.002085,74.125.24.0-255,2902,54783,20,58147
17350,0.002185,74.125.24.0-255,2902,57685,20,58147
17351,0.004264,172.31.36.0-255,66,57751,20,58147
17352,0.00655,172.31.36.0-255,66,57817,20,58147
17353,0.010878,172.31.36.0-255,66,57883,20,58147
17354,0.01314,172.31.36.0-255,66,57949,20,58147
17355,0.015409,172.31.36.0-255,66,58015,20,58147
17356,0.017664,172.31.36.0-255,66,58081,20,58147
17357,0.019928,172.31.36.0-255,66,58147,20,58147
17358,0.0,74.125.24.0-255,156,156,20,76401
17359,3.5e-05,172.31.36.0-255,66,222,20,76401
17360,4.2e-05,74.125.24.0-255,1484,1706,20,76401
17361,4.6e-05,172.31.36.0-255,66,1772,20,76401
17362,5.9e-05,74.125.24.0-255,2902,4674,20,76401
17363,6.3e-05,172.31.36.0-255,66,4740,20,76401
17364,7.2e-05,172.31.36.0-255,66,4806,20,76401
17365,7.6e-05,74.125.24.0-255,1975,6781,20,76401
17366,7.9e-05,172.31.36.0-255,66,6847,20,76401
17367,0.000102,74.125.24.0-255,1484,8331,20,76401
17368,0.000105,172.31.36.0-255,66,8397,20,76401
17369,0.000129,74.125.24.0-255,1484,9881,20,76401
17370,0.000138,172.31.36.0-255,66,9947,20,76401
17371,0.000149,172.31.36.0-255,66,10013,20,76401
17372,0.000164,172.31.36.0-255,66,10079,20,76401
17373,0.000173,172.31.36.0-255,66,10145,20,76401
17374,0.000204,172.31.36.0-255,66,10211,20,76401
17375,0.000221,172.31.36.0-255,66,10277,20,76401
17376,0.000226,74.125.24.0-255,2902,13179,20,76401
17377,0.000229,172.31.36.0-255,66,13245,20,76401
17378,0.000262,172.31.36.0-255,66,13311,20,76401
17379,0.000269,172.31.36.0-255,66,13377,20,76401
17380,0.000294,74.125.24.0-255,332,13709,20,76401
17381,0.000297,172.31.36.0-255,66,13775,20,76401
17382,0.000535,74.125.24.0-255,1484,15259,20,76401
17383,0.000542,74.125.24.0-255,2902,18161,20,76401
17384,0.000545,172.31.36.0-255,66,18227,20,76401
17385,0.000549,74.125.24.0-255,1484,19711,20,76401
17386,0.000583,172.31.36.0-255,66,19777,20,76401
17387,0.000587,172.31.36.0-255,66,19843,20,76401
17388,0.00063,172.31.36.0-255,66,19909,20,76401
17389,0.000657,74.125.24.0-255,2902,22811,20,76401
17390,0.000661,172.31.36.0-255,66,22877,20,76401
17391,0.000665,74.125.24.0-255,2184,25061,20,76401
17392,0.000668,172.31.36.0-255,66,25127,20,76401
17393,0.001084,74.125.24.0-255,1484,26611,20,76401
17394,0.001092,74.125.24.0-255,2902,29513,20,76401
17395,0.001096,172.31.36.0-255,66,29579,20,76401
17396,0.001107,172.31.36.0-255,66,29645,20,76401
17397,0.001125,172.31.36.0-255,66,29711,20,76401
17398,0.001135,172.31.36.0-255,66,29777,20,76401
17399,0.001174,74.125.24.0-255,3602,33379,20,76401
17400,0.001178,172.31.36.0-255,66,33445,20,76401
17401,0.001205,74.125.24.0-255,1484,34929,20,76401
17402,0.00121,74.125.24.0-255,2902,37831,20,76401
17403,0.001212,172.31.36.0-255,66,37897,20,76401
17404,0.001221,172.31.36.0-255,66,37963,20,76401
17405,0.00124,172.31.36.0-255,66,38029,20,76401
17406,0.001249,172.31.36.0-255,66,38095,20,76401
17407,0.001282,74.125.24.0-255,3602,41697,20,76401
17408,0.001286,172.31.36.0-255,66,41763,20,76401
17409,0.001334,74.125.24.0-255,1484,43247,20,76401
17410,0.001339,74.125.24.0-255,2902,46149,20,76401
17411,0.001343,172.31.36.0-255,66,46215,20,76401
17412,0.001349,74.125.24.0-255,1484,47699,20,76401
17413,0.001373,172.31.36.0-255,66,47765,20,76401
17414,0.00139,172.31.36.0-255,66,47831,20,76401
17415,0.001426,74.125.24.0-255,2902,50733,20,76401
17416,0.001429,172.31.36.0-255,66,50799,20,76401
17417,0.001466,172.31.36.0-255,66,50865,20,76401
17418,0.001538,172.31.36.0-255,66,50931,20,76401
17419,0.001577,172.31.36.0-255,66,50997,20,76401
17420,0.001602,172.31.36.0-255,66,51063,20,76401
17421,0.001605,74.125.24.0-255,1484,52547,20,76401
17422,0.00161,74.125.24.0-255,2902,55449,20,76401
17423,0.001613,172.31.36.0-255,66,55515,20,76401
17424,0.001617,74.125.24.0-255,2902,58417,20,76401
17425,0.00162,172.31.36.0-255,66,58483,20,76401
17426,0.001645,74.125.24.0-255,2902,61385,20,76401
17427,0.001649,172.31.36.0-255,66,61451,20,76401
17428,0.001685,172.31.36.0-255,66,61517,20,76401
17429,0.001706,74.125.24.0-255,2902,64419,20,76401
17430,0.001712,172.31.36.0-255,66,64485,20,76401
17431,0.00172,172.31.36.0-255,66,64551,20,76401
17432,0.00176,172.31.36.0-255,66,64617,20,76401
17433,0.001773,172.31.36.0-255,66,64683,20,76401
17434,0.001794,172.31.36.0-255,66,64749,20,76401
17435,0.00182,74.125.24.0-255,1484,66233,20,76401
17436,0.001834,74.125.24.0-255,1484,67717,20,76401
17437,0.001838,172.31.36.0-255,66,67783,20,76401
17438,0.001868,172.31.36.0-255,66,67849,20,76401
17439,0.001906,172.31.36.0-255,66,67915,20,76401
17440,0.001909,74.125.24.0-255,1484,69399,20,76401
17441,0.001913,74.125.24.0-255,2902,72301,20,76401
17442,0.001915,172.31.36.0-255,66,72367,20,76401
17443,0.001931,172.31.36.0-255,66,72433,20,76401
17444,0.001941,172.31.36.0-255,66,72499,20,76401
17445,0.001956,172.31.36.0-255,66,72565,20,76401
17446,0.001971,172.31.36.0-255,66,72631,20,76401
17447,0.001982,172.31.36.0-255,66,72697,20,76401
17448,0.002,172.31.36.0-255,66,72763,20,76401
17449,0.002042,172.31.36.0-255,66,72829,20,76401
17450,0.002046,74.125.24.0-255,3164,75993,20,76401
17451,0.002049,172.31.36.0-255,66,76059,20,76401
17452,0.002051,74.125.24.0-255,105,76164,20,76401
17453,0.009673,172.31.36.0-255,66,76230,20,76401
17454,0.009701,172.31.36.0-255,105,76335,20,76401
17455,0.011975,74.125.24.0-255,66,76401,20,76401
17456,0.0,74.125.24.0-255,153,153,20,34314
17457,3.1e-05,172.31.36.0-255,66,219,20,34314
17458,3.8e-05,74.125.24.0-255,1484,1703,20,34314
17459,4.3e-05,172.31.36.0-255,66,1769,20,34314
17460,4.8e-05,74.125.24.0-255,2902,4671,20,34314
17461,5e-05,172.31.36.0-255,66,4737,20,34314
17462,5.5e-05,74.125.24.0-255,2902,7639,20,34314
17463,5.8e-05,172.31.36.0-255,66,7705,20,34314
17464,0.000101,172.31.36.0-255,66,7771,20,34314
17465,0.000144,172.31.36.0-255,66,7837,20,34314
17466,0.000154,172.31.36.0-255,66,7903,20,34314
17467,0.000173,74.125.24.0-255,1484,9387,20,34314
17468,0.000177,172.31.36.0-255,66,9453,20,34314
17469,0.000191,74.125.24.0-255,2543,11996,20,34314
17470,0.000193,172.31.36.0-255,66,12062,20,34314
17471,0.000198,74.125.24.0-255,2902,14964,20,34314
17472,0.000201,172.31.36.0-255,66,15030,20,34314
17473,0.000225,172.31.36.0-255,66,15096,20,34314
17474,0.000242,74.125.24.0-255,1484,16580,20,34314
17475,0.000245,172.31.36.0-255,66,16646,20,34314
17476,0.000255,172.31.36.0-255,66,16712,20,34314
17477,0.000579,74.125.24.0-255,1484,18196,20,34314
17478,0.000584,172.31.36.0-255,66,18262,20,34314
17479,0.000589,74.125.24.0-255,2902,21164,20,34314
17480,0.000592,172.31.36.0-255,66,21230,20,34314
17481,0.0006,172.31.36.0-255,66,21296,20,34314
17482,0.000618,172.31.36.0-255,66,21362,20,34314
17483,0.000623,74.125.24.0-255,1484,22846,20,34314
17484,0.000638,74.125.24.0-255,1125,23971,20,34314
17485,0.000641,172.31.36.0-255,66,24037,20,34314
17486,0.000729,74.125.24.0-255,647,24684,20,34314
17487,0.000812,172.31.36.0-255,66,24750,20,34314
17488,0.001324,74.125.24.0-255,1484,26234,20,34314
17489,0.001335,74.125.24.0-255,2902,29136,20,34314
17490,0.00134,172.31.36.0-255,66,29202,20,34314
17491,0.00135,172.31.36.0-255,66,29268,20,34314
17492,0.001366,74.125.24.0-255,1484,30752,20,34314
17493,0.001374,172.31.36.0-255,66,30818,20,34314
17494,0.00138,74.125.24.0-255,2902,33720,20,34314
17495,0.001382,172.31.36.0-255,66,33786,20,34314
17496,0.001418,172.31.36.0-255,66,33852,20,34314
17497,0.001428,172.31.36.0-255,66,33918,20,34314
17498,0.006763,172.31.36.0-255,66,33984,20,34314
17499,0.009094,172.31.36.0-255,66,34050,20,34314
17500,0.011478,172.31.36.0-255,66,34116,20,34314
17501,0.013803,172.31.36.0-255,66,34182,20,34314
17502,0.016168,172.31.36.0-255,66,34248,20,34314
17503,0.018496,172.31.36.0-255,66,34314,20,34314
17504,0.0,172.217.27.0-255,153,153,20,96404
17505,2.6e-05,172.31.36.0-255,66,219,20,96404
17506,3.4e-05,172.217.27.0-255,1484,1703,20,96404
17507,4e-05,172.31.36.0-255,66,1769,20,96404
17508,4.5e-05,172.217.27.0-255,2902,4671,20,96404
17509,4.8e-05,172.31.36.0-255,66,4737,20,96404
17510,5.8e-05,172.31.36.0-255,66,4803,20,96404
17511,7.9e-05,172.217.27.0-255,3394,8197,20,96404
17512,8.1e-05,172.31.36.0-255,66,8263,20,96404
17513,0.000607,172.217.27.0-255,1484,9747,20,96404
17514,0.000614,172.31.36.0-255,66,9813,20,96404
17515,0.000622,172.217.27.0-255,2902,12715,20,96404
17516,0.000625,172.31.36.0-255,66,12781,20,96404
17517,0.000634,172.31.36.0-255,66,12847,20,96404
17518,0.000644,172.31.36.0-255,66,12913,20,96404
17519,0.000758,172.217.27.0-255,1484,14397,20,96404
17520,0.000762,172.31.36.0-255,66,14463,20,96404
17521,0.000769,172.217.27.0-255,2902,17365,20,96404
17522,0.000771,172.31.36.0-255,66,17431,20,96404
17523,0.00078,172.31.36.0-255,66,17497,20,96404
17524,0.000816,172.31.36.0-255,66,17563,20,96404
17525,0.000858,172.31.36.0-255,66,17629,20,96404
17526,0.000862,172.217.27.0-255,1430,19059,20,96404
17527,0.000864,172.31.36.0-255,66,19125,20,96404
17528,0.001273,172.217.27.0-255,350,19475,20,96404
17529,0.001279,172.31.36.0-255,66,19541,20,96404
17530,0.001468,172.217.27.0-255,1484,21025,20,96404
17531,0.001476,172.217.27.0-255,2902,23927,20,96404
17532,0.00148,172.31.36.0-255,66,23993,20,96404
17533,0.001489,172.31.36.0-255,66,24059,20,96404
17534,0.001497,172.31.36.0-255,66,24125,20,96404
17535,0.001512,172.217.27.0-255,1484,25609,20,96404
17536,0.001549,172.31.36.0-255,66,25675,20,96404
17537,0.001576,172.31.36.0-255,66,25741,20,96404
17538,0.001579,172.217.27.0-255,1484,27225,20,96404
17539,0.001605,172.31.36.0-255,66,27291,20,96404
17540,0.001645,172.31.36.0-255,66,27357,20,96404
17541,0.00165,172.217.27.0-255,2902,30259,20,96404
17542,0.001652,172.31.36.0-255,66,30325,20,96404
17543,0.001671,172.31.36.0-255,66,30391,20,96404
17544,0.00168,172.31.36.0-255,66,30457,20,96404
17545,0.001703,172.31.36.0-255,66,30523,20,96404
17546,0.001707,172.217.27.0-255,2902,33425,20,96404
17547,0.00171,172.31.36.0-255,66,33491,20,96404
17548,0.001715,172.217.27.0-255,3602,37093,20,96404
17549,0.001718,172.31.36.0-255,66,37159,20,96404
17550,0.00178,172.217.27.0-255,1484,38643,20,96404
17551,0.001792,172.217.27.0-255,2902,41545,20,96404
17552,0.001795,172.31.36.0-255,66,41611,20,96404
17553,0.001804,172.31.36.0-255,66,41677,20,96404
17554,0.001865,172.31.36.0-255,66,41743,20,96404
17555,0.001874,172.31.36.0-255,66,41809,20,96404
17556,0.0019,172.31.36.0-255,66,41875,20,96404
17557,0.002211,172.217.27.0-255,1484,43359,20,96404
17558,0.002228,172.217.27.0-255,2902,46261,20,96404
17559,0.002231,172.31.36.0-255,66,46327,20,96404
17560,0.002241,172.31.36.0-255,66,46393,20,96404
17561,0.002245,172.217.27.0-255,2902,49295,20,96404
17562,0.002248,172.31.36.0-255,66,49361,20,96404
17563,0.002274,172.217.27.0-255,1484,50845,20,96404
17564,0.002283,172.31.36.0-255,66,50911,20,96404
17565,0.002308,172.31.36.0-255,66,50977,20,96404
17566,0.002311,172.217.27.0-255,1484,52461,20,96404
17567,0.002343,172.217.27.0-255,3602,56063,20,96404
17568,0.002346,172.31.36.0-255,66,56129,20,96404
17569,0.002415,172.217.27.0-255,1484,57613,20,96404
17570,0.002418,172.217.27.0-255,1484,59097,20,96404
17571,0.002421,172.31.36.0-255,66,59163,20,96404
17572,0.002445,172.31.36.0-255,66,59229,20,96404
17573,0.002454,172.31.36.0-255,66,59295,20,96404
17574,0.002457,172.217.27.0-255,1484,60779,20,96404
17575,0.002476,172.31.36.0-255,66,60845,20,96404
17576,0.002501,172.31.36.0-255,66,60911,20,96404
17577,0.002509,172.31.36.0-255,66,60977,20,96404
17578,0.002523,172.217.27.0-255,1484,62461,20,96404
17579,0.002526,172.217.27.0-255,1484,63945,20,96404
17580,0.002528,172.31.36.0-255,66,64011,20,96404
17581,0.002554,172.217.27.0-255,2184,66195,20,96404
17582,0.002557,172.31.36.0-255,66,66261,20,96404
17583,0.002614,172.217.27.0-255,1484,67745,20,96404
17584,0.002632,172.217.27.0-255,2902,70647,20,96404
17585,0.002635,172.31.36.0-255,66,70713,20,96404
17586,0.002666,172.31.36.0-255,66,70779,20,96404
17587,0.002684,172.31.36.0-255,66,70845,20,96404
17588,0.002704,172.217.27.0-255,1484,72329,20,96404
17589,0.002708,172.217.27.0-255,1484,73813,20,96404
17590,0.00271,172.31.36.0-255,66,73879,20,96404
17591,0.002738,172.31.36.0-255,66,73945,20,96404
17592,0.002851,172.217.27.0-255,1484,75429,20,96404
17593,0.002857,172.217.27.0-255,2902,78331,20,96404
17594,0.00286,172.31.36.0-255,66,78397,20,96404
17595,0.002864,172.217.27.0-255,1484,79881,20,96404
17596,0.002877,172.217.27.0-255,2902,82783,20,96404
17597,0.00288,172.31.36.0-255,66,82849,20,96404
17598,0.002914,172.31.36.0-255,66,82915,20,96404
17599,0.002927,172.31.36.0-255,66,82981,20,96404
17600,0.002947,172.31.36.0-255,66,83047,20,96404
17601,0.002968,172.217.27.0-255,2184,85231,20,96404
17602,0.002971,172.31.36.0-255,66,85297,20,96404
17603,0.00303,172.217.27.0-255,1484,86781,20,96404
17604,0.003061,172.217.27.0-255,2902,89683,20,96404
17605,0.003064,172.31.36.0-255,66,89749,20,96404
17606,0.003074,172.31.36.0-255,66,89815,20,96404
17607,0.003083,172.31.36.0-255,66,89881,20,96404
17608,0.003114,172.31.36.0-255,66,89947,20,96404
17609,0.00318,172.217.27.0-255,2902,92849,20,96404
17610,0.003184,172.31.36.0-255,78,92927,20,96404
17611,0.003193,172.217.27.0-255,1484,94411,20,96404
17612,0.003196,172.217.27.0-255,1484,95895,20,96404
17613,0.003312,172.217.27.0-255,105,96000,20,96404
17614,0.005253,172.31.36.0-255,66,96066,20,96404
17615,0.006681,172.31.36.0-255,101,96167,20,96404
17616,0.008089,172.31.36.0-255,105,96272,20,96404
17617,0.008299,172.217.27.0-255,66,96338,20,96404
17618,0.009735,172.217.27.0-255,66,96404,20,96404
17619,0.0,74.125.24.0-255,153,153,20,76030
17620,2.8e-05,172.31.36.0-255,66,219,20,76030
17621,3.4e-05,74.125.24.0-255,1484,1703,20,76030
17622,3.9e-05,172.31.36.0-255,66,1769,20,76030
17623,4.3e-05,74.125.24.0-255,2902,4671,20,76030
17624,4.6e-05,172.31.36.0-255,66,4737,20,76030
17625,4.8e-05,74.125.24.0-255,1484,6221,20,76030
17626,5e-05,172.31.36.0-255,66,6287,20,76030
17627,5.5e-05,74.125.24.0-255,2902,9189,20,76030
17628,5.7e-05,172.31.36.0-255,66,9255,20,76030
17629,8.1e-05,172.31.36.0-255,66,9321,20,76030
17630,9e-05,172.31.36.0-255,66,9387,20,76030
17631,0.000114,172.31.36.0-255,66,9453,20,76030
17632,0.000173,74.125.24.0-255,1484,10937,20,76030
17633,0.000177,172.31.36.0-255,66,11003,20,76030
17634,0.000182,74.125.24.0-255,2902,13905,20,76030
17635,0.000184,172.31.36.0-255,66,13971,20,76030
17636,0.000189,74.125.24.0-255,2902,16873,20,76030
17637,0.000191,172.31.36.0-255,66,16939,20,76030
17638,0.000206,74.125.24.0-255,2902,19841,20,76030
17639,0.000209,172.31.36.0-255,66,19907,20,76030
17640,0.000213,74.125.24.0-255,2902,22809,20,76030
17641,0.000215,172.31.36.0-255,66,22875,20,76030
17642,0.000251,172.31.36.0-255,66,22941,20,76030
17643,0.000258,172.31.36.0-255,66,23007,20,76030
17644,0.000281,74.125.24.0-255,428,23435,20,76030
17645,0.000284,172.31.36.0-255,66,23501,20,76030
17646,0.000354,74.125.24.0-255,1484,24985,20,76030
17647,0.000359,74.125.24.0-255,2902,27887,20,76030
17648,0.000362,172.31.36.0-255,66,27953,20,76030
17649,0.000384,74.125.24.0-255,2902,30855,20,76030
17650,0.000388,172.31.36.0-255,66,30921,20,76030
17651,0.000405,74.125.24.0-255,2902,33823,20,76030
17652,0.000409,172.31.36.0-255,66,33889,20,76030
17653,0.000419,172.31.36.0-255,66,33955,20,76030
17654,0.000449,74.125.24.0-255,1484,35439,20,76030
17655,0.000466,74.125.24.0-255,2902,38341,20,76030
17656,0.00047,172.31.36.0-255,66,38407,20,76030
17657,0.000491,172.31.36.0-255,66,38473,20,76030
17658,0.000499,172.31.36.0-255,66,38539,20,76030
17659,0.000529,172.31.36.0-255,66,38605,20,76030
17660,0.000533,74.125.24.0-255,1484,40089,20,76030
17661,0.000546,74.125.24.0-255,2902,42991,20,76030
17662,0.00055,172.31.36.0-255,66,43057,20,76030
17663,0.000579,172.31.36.0-255,66,43123,20,76030
17664,0.000777,74.125.24.0-255,1484,44607,20,76030
17665,0.000783,74.125.24.0-255,2902,47509,20,76030
17666,0.000786,172.31.36.0-255,66,47575,20,76030
17667,0.00081,172.31.36.0-255,66,47641,20,76030
17668,0.000829,172.31.36.0-255,66,47707,20,76030
17669,0.000855,172.31.36.0-255,66,47773,20,76030
17670,0.000866,172.31.36.0-255,66,47839,20,76030
17671,0.00091,172.31.36.0-255,66,47905,20,76030
17672,0.000929,172.31.36.0-255,66,47971,20,76030
17673,0.000942,172.31.36.0-255,66,48037,20,76030
17674,0.000979,172.31.36.0-255,66,48103,20,76030
17675,0.001003,172.31.36.0-255,66,48169,20,76030
17676,0.001017,172.31.36.0-255,66,48235,20,76030
17677,0.001036,74.125.24.0-255,2902,51137,20,76030
17678,0.001039,172.31.36.0-255,66,51203,20,76030
17679,0.001042,74.125.24.0-255,766,51969,20,76030
17680,0.00106,74.125.24.0-255,2902,54871,20,76030
17681,0.001078,172.31.36.0-255,66,54937,20,76030
17682,0.001088,172.31.36.0-255,66,55003,20,76030
17683,0.001099,172.31.36.0-255,66,55069,20,76030
17684,0.00113,172.31.36.0-255,66,55135,20,76030
17685,0.001151,74.125.24.0-255,1484,56619,20,76030
17686,0.001156,74.125.24.0-255,2184,58803,20,76030
17687,0.001158,172.31.36.0-255,66,58869,20,76030
17688,0.001214,74.125.24.0-255,1484,60353,20,76030
17689,0.001219,74.125.24.0-255,2902,63255,20,76030
17690,0.001223,172.31.36.0-255,66,63321,20,76030
17691,0.001284,172.31.36.0-255,66,63387,20,76030
17692,0.001297,172.31.36.0-255,66,63453,20,76030
17693,0.001306,172.31.36.0-255,66,63519,20,76030
17694,0.001311,74.125.24.0-255,2902,66421,20,76030
17695,0.001314,172.31.36.0-255,66,66487,20,76030
17696,0.00133,74.125.24.0-255,766,67253,20,76030
17697,0.001352,172.31.36.0-255,66,67319,20,76030
17698,0.001355,74.125.24.0-255,1484,68803,20,76030
17699,0.00138,172.31.36.0-255,66,68869,20,76030
17700,0.001389,172.31.36.0-255,66,68935,20,76030
17701,0.001438,172.31.36.0-255,66,69001,20,76030
17702,0.00147,172.31.36.0-255,66,69067,20,76030
17703,0.001486,172.31.36.0-255,66,69133,20,76030
17704,0.001513,74.125.24.0-255,2902,72035,20,76030
17705,0.001516,172.31.36.0-255,66,72101,20,76030
17706,0.001525,172.31.36.0-255,66,72167,20,76030
17707,0.001565,172.31.36.0-255,66,72233,20,76030
17708,0.00159,172.31.36.0-255,66,72299,20,76030
17709,0.001612,172.31.36.0-255,66,72365,20,76030
17710,0.001628,74.125.24.0-255,3257,75622,20,76030
17711,0.001631,172.31.36.0-255,66,75688,20,76030
17712,0.001634,74.125.24.0-255,105,75793,20,76030
17713,0.003183,172.31.36.0-255,66,75859,20,76030
17714,0.00321,172.31.36.0-255,105,75964,20,76030
17715,0.005372,74.125.24.0-255,66,76030,20,76030
17716,0.0,172.253.118.0-255,153,153,20,66971
17717,3.4e-05,172.31.36.0-255,66,219,20,66971
17718,4.2e-05,172.253.118.0-255,1484,1703,20,66971
17719,4.6e-05,172.31.36.0-255,66,1769,20,66971
17720,5e-05,172.253.118.0-255,2902,4671,20,66971
17721,5.2e-05,172.31.36.0-255,66,4737,20,66971
17722,7.2e-05,172.253.118.0-255,1484,6221,20,66971
17723,7.4e-05,172.31.36.0-255,66,6287,20,66971
17724,7.8e-05,172.253.118.0-255,2902,9189,20,66971
17725,8e-05,172.31.36.0-255,66,9255,20,66971
17726,0.000104,172.31.36.0-255,66,9321,20,66971
17727,0.000193,172.253.118.0-255,1484,10805,20,66971
17728,0.000196,172.31.36.0-255,66,10871,20,66971
17729,0.000201,172.253.118.0-255,1484,12355,20,66971
17730,0.000203,172.31.36.0-255,66,12421,20,66971
17731,0.000219,172.253.118.0-255,1484,13905,20,66971
17732,0.000221,172.31.36.0-255,66,13971,20,66971
17733,0.00023,172.31.36.0-255,66,14037,20,66971
17734,0.000273,172.31.36.0-255,66,14103,20,66971
17735,0.000342,172.253.118.0-255,1484,15587,20,66971
17736,0.000347,172.31.36.0-255,66,15653,20,66971
17737,0.000352,172.253.118.0-255,2902,18555,20,66971
17738,0.000355,172.31.36.0-255,66,18621,20,66971
17739,0.000384,172.31.36.0-255,66,18687,20,66971
17740,0.000412,172.31.36.0-255,66,18753,20,66971
17741,0.000427,172.253.118.0-255,3961,22714,20,66971
17742,0.000431,172.31.36.0-255,66,22780,20,66971
17743,0.000442,172.31.36.0-255,66,22846,20,66971
17744,0.000456,172.253.118.0-255,2902,25748,20,66971
17745,0.000459,172.31.36.0-255,66,25814,20,66971
17746,0.000478,172.31.36.0-255,66,25880,20,66971
17747,0.000515,172.253.118.0-255,111,25991,20,66971
17748,0.000671,172.253.118.0-255,1484,27475,20,66971
17749,0.000675,172.31.36.0-255,66,27541,20,66971
17750,0.000681,172.253.118.0-255,2902,30443,20,66971
17751,0.000683,172.31.36.0-255,66,30509,20,66971
17752,0.000686,172.253.118.0-255,1484,31993,20,66971
17753,0.00071,172.31.36.0-255,66,32059,20,66971
17754,0.00072,172.31.36.0-255,66,32125,20,66971
17755,0.000763,172.31.36.0-255,66,32191,20,66971
17756,0.000768,172.253.118.0-255,2543,34734,20,66971
17757,0.00077,172.31.36.0-255,66,34800,20,66971
17758,0.001555,172.253.118.0-255,1484,36284,20,66971
17759,0.001566,172.253.118.0-255,2902,39186,20,66971
17760,0.001571,172.31.36.0-255,66,39252,20,66971
17761,0.001578,172.253.118.0-255,2902,42154,20,66971
17762,0.001581,172.31.36.0-255,66,42220,20,66971
17763,0.001594,172.253.118.0-255,2902,45122,20,66971
17764,0.001596,172.31.36.0-255,66,45188,20,66971
17765,0.001616,172.31.36.0-255,66,45254,20,66971
17766,0.001643,172.31.36.0-255,66,45320,20,66971
17767,0.001652,172.31.36.0-255,66,45386,20,66971
17768,0.001675,172.253.118.0-255,2902,48288,20,66971
17769,0.001677,172.31.36.0-255,66,48354,20,66971
17770,0.001696,172.253.118.0-255,2184,50538,20,66971
17771,0.001699,172.31.36.0-255,66,50604,20,66971
17772,0.001765,172.253.118.0-255,1484,52088,20,66971
17773,0.001773,172.253.118.0-255,2902,54990,20,66971
17774,0.001776,172.31.36.0-255,66,55056,20,66971
17775,0.001803,172.253.118.0-255,2902,57958,20,66971
17776,0.001805,172.31.36.0-255,66,58024,20,66971
17777,0.001825,172.253.118.0-255,2902,60926,20,66971
17778,0.001827,172.31.36.0-255,66,60992,20,66971
17779,0.001836,172.31.36.0-255,66,61058,20,66971
17780,0.001868,172.31.36.0-255,66,61124,20,66971
17781,0.001881,172.253.118.0-255,1484,62608,20,66971
17782,0.001896,172.253.118.0-255,3602,66210,20,66971
17783,0.001899,172.31.36.0-255,66,66276,20,66971
17784,0.003941,172.31.36.0-255,66,66342,20,66971
17785,0.005991,172.31.36.0-255,66,66408,20,66971
17786,0.006859,172.31.36.0-255,101,66509,20,66971
17787,0.008072,172.31.36.0-255,66,66575,20,66971
17788,0.008867,172.253.118.0-255,66,66641,20,66971
17789,0.010136,172.31.36.0-255,66,66707,20,66971
17790,0.012192,172.31.36.0-255,66,66773,20,66971
17791,0.014255,172.31.36.0-255,66,66839,20,66971
17792,0.01634,172.31.36.0-255,66,66905,20,66971
17793,0.018415,172.31.36.0-255,66,66971,20,66971
17794,0.0,74.125.24.0-255,153,153,20,88098
17795,3.7e-05,172.31.36.0-255,66,219,20,88098
17796,4.5e-05,74.125.24.0-255,1484,1703,20,88098
17797,4.8e-05,172.31.36.0-255,66,1769,20,88098
17798,5.4e-05,74.125.24.0-255,2902,4671,20,88098
17799,5.6e-05,172.31.36.0-255,66,4737,20,88098
17800,6.6e-05,172.31.36.0-255,66,4803,20,88098
17801,6.9e-05,74.125.24.0-255,1484,6287,20,88098
17802,7.1e-05,172.31.36.0-255,66,6353,20,88098
17803,9.6e-05,74.125.24.0-255,640,6993,20,88098
17804,9.8e-05,172.31.36.0-255,66,7059,20,88098
17805,0.00025,74.125.24.0-255,1484,8543,20,88098
17806,0.000254,172.31.36.0-255,66,8609,20,88098
17807,0.000261,74.125.24.0-255,2902,11511,20,88098
17808,0.000263,172.31.36.0-255,66,11577,20,88098
17809,0.000286,172.31.36.0-255,66,11643,20,88098
17810,0.000314,172.31.36.0-255,66,11709,20,88098
17811,0.000347,172.31.36.0-255,66,11775,20,88098
17812,0.000351,172.31.36.0-255,66,11841,20,88098
17813,0.000369,172.31.36.0-255,66,11907,20,88098
17814,0.0004,172.31.36.0-255,66,11973,20,88098
17815,0.000403,74.125.24.0-255,364,12337,20,88098
17816,0.000405,172.31.36.0-255,66,12403,20,88098
17817,0.000427,74.125.24.0-255,383,12786,20,88098
17818,0.000429,172.31.36.0-255,66,12852,20,88098
17819,0.00051,74.125.24.0-255,1484,14336,20,88098
17820,0.000521,74.125.24.0-255,2902,17238,20,88098
17821,0.000524,172.31.36.0-255,66,17304,20,88098
17822,0.000547,172.31.36.0-255,66,17370,20,88098
17823,0.0006,172.31.36.0-255,66,17436,20,88098
17824,0.000682,74.125.24.0-255,1484,18920,20,88098
17825,0.000698,74.125.24.0-255,2902,21822,20,88098
17826,0.000701,172.31.36.0-255,66,21888,20,88098
17827,0.000705,74.125.24.0-255,2902,24790,20,88098
17828,0.000706,172.31.36.0-255,66,24856,20,88098
17829,0.000723,74.125.24.0-255,2902,27758,20,88098
17830,0.000725,172.31.36.0-255,66,27824,20,88098
17831,0.000731,172.31.36.0-255,66,27890,20,88098
17832,0.000734,74.125.24.0-255,2902,30792,20,88098
17833,0.000736,172.31.36.0-255,66,30858,20,88098
17834,0.000771,172.31.36.0-255,66,30924,20,88098
17835,0.000778,172.31.36.0-255,66,30990,20,88098
17836,0.000789,74.125.24.0-255,2184,33174,20,88098
17837,0.000793,172.31.36.0-255,66,33240,20,88098
17838,0.001461,74.125.24.0-255,1484,34724,20,88098
17839,0.00147,74.125.24.0-255,2902,37626,20,88098
17840,0.001473,172.31.36.0-255,66,37692,20,88098
17841,0.001478,74.125.24.0-255,2902,40594,20,88098
17842,0.00148,172.31.36.0-255,66,40660,20,88098
17843,0.001493,74.125.24.0-255,2902,43562,20,88098
17844,0.001494,172.31.36.0-255,66,43628,20,88098
17845,0.001516,172.31.36.0-255,66,43694,20,88098
17846,0.00155,172.31.36.0-255,66,43760,20,88098
17847,0.001558,172.31.36.0-255,66,43826,20,88098
17848,0.001572,74.125.24.0-255,1484,45310,20,88098
17849,0.001585,74.125.24.0-255,2184,47494,20,88098
17850,0.001587,172.31.36.0-255,66,47560,20,88098
17851,0.001804,74.125.24.0-255,1484,49044,20,88098
17852,0.00181,74.125.24.0-255,1484,50528,20,88098
17853,0.001813,172.31.36.0-255,66,50594,20,88098
17854,0.001827,74.125.24.0-255,1484,52078,20,88098
17855,0.001831,74.125.24.0-255,2902,54980,20,88098
17856,0.001834,172.31.36.0-255,66,55046,20,88098
17857,0.001859,74.125.24.0-255,2902,57948,20,88098
17858,0.001861,172.31.36.0-255,66,58014,20,88098
17859,0.001868,172.31.36.0-255,66,58080,20,88098
17860,0.001879,172.31.36.0-255,66,58146,20,88098
17861,0.001912,172.31.36.0-255,66,58212,20,88098
17862,0.001969,74.125.24.0-255,1484,59696,20,88098
17863,0.001982,74.125.24.0-255,2902,62598,20,88098
17864,0.001984,172.31.36.0-255,66,62664,20,88098
17865,0.002017,74.125.24.0-255,1484,64148,20,88098
17866,0.002038,172.31.36.0-255,66,64214,20,88098
17867,0.002042,74.125.24.0-255,2902,67116,20,88098
17868,0.002043,172.31.36.0-255,66,67182,20,88098
17869,0.00206,172.31.36.0-255,66,67248,20,88098
17870,0.002063,74.125.24.0-255,2902,70150,20,88098
17871,0.002065,172.31.36.0-255,66,70216,20,88098
17872,0.00209,172.31.36.0-255,66,70282,20,88098
17873,0.002093,74.125.24.0-255,2184,72466,20,88098
17874,0.002095,172.31.36.0-255,66,72532,20,88098
17875,0.002271,74.125.24.0-255,1484,74016,20,88098
17876,0.002273,74.125.24.0-255,1484,75500,20,88098
17877,0.002275,172.31.36.0-255,66,75566,20,88098
17878,0.002288,74.125.24.0-255,1484,77050,20,88098
17879,0.002298,74.125.24.0-255,2902,79952,20,88098
17880,0.0023,172.31.36.0-255,66,80018,20,88098
17881,0.002311,74.125.24.0-255,2902,82920,20,88098
17882,0.002313,172.31.36.0-255,66,82986,20,88098
17883,0.002323,74.125.24.0-255,2902,85888,20,88098
17884,0.002324,172.31.36.0-255,66,85954,20,88098
17885,0.002338,172.31.36.0-255,66,86020,20,88098
17886,0.002355,172.31.36.0-255,66,86086,20,88098
17887,0.002368,172.31.36.0-255,66,86152,20,88098
17888,0.004657,74.125.24.0-255,1484,87636,20,88098
17889,0.004679,172.31.36.0-255,66,87702,20,88098
17890,0.006997,172.31.36.0-255,66,87768,20,88098
17891,0.009295,172.31.36.0-255,66,87834,20,88098
17892,0.011569,172.31.36.0-255,66,87900,20,88098
17893,0.013877,172.31.36.0-255,66,87966,20,88098
17894,0.016165,172.31.36.0-255,66,88032,20,88098
17895,0.018456,172.31.36.0-255,66,88098,20,88098
17896,0.0,74.125.68.0-255,143,143,20,103190
17897,2.6e-05,172.31.36.0-255,66,209,20,103190
17898,3.4e-05,74.125.68.0-255,1484,1693,20,103190
17899,3.8e-05,172.31.36.0-255,66,1759,20,103190
17900,4.3e-05,74.125.68.0-255,1484,3243,20,103190
17901,4.6e-05,172.31.36.0-255,66,3309,20,103190
17902,7.2e-05,74.125.68.0-255,1484,4793,20,103190
17903,7.4e-05,172.31.36.0-255,66,4859,20,103190
17904,8.6e-05,172.31.36.0-255,66,4925,20,103190
17905,0.000125,172.31.36.0-255,66,4991,20,103190
17906,0.000128,74.125.68.0-255,1484,6475,20,103190
17907,0.00013,172.31.36.0-255,66,6541,20,103190
17908,0.00016,74.125.68.0-255,1484,8025,20,103190
17909,0.000162,172.31.36.0-255,66,8091,20,103190
17910,0.000191,172.31.36.0-255,66,8157,20,103190
17911,0.000369,74.125.68.0-255,1484,9641,20,103190
17912,0.000371,172.31.36.0-255,66,9707,20,103190
17913,0.00039,74.125.68.0-255,2902,12609,20,103190
17914,0.000393,172.31.36.0-255,66,12675,20,103190
17915,0.000396,74.125.68.0-255,1484,14159,20,103190
17916,0.000398,172.31.36.0-255,66,14225,20,103190
17917,0.000415,172.31.36.0-255,66,14291,20,103190
17918,0.000426,172.31.36.0-255,66,14357,20,103190
17919,0.000444,74.125.68.0-255,2902,17259,20,103190
17920,0.000447,172.31.36.0-255,66,17325,20,103190
17921,0.000458,172.31.36.0-255,66,17391,20,103190
17922,0.000477,74.125.68.0-255,2902,20293,20,103190
17923,0.000479,172.31.36.0-255,66,20359,20,103190
17924,0.000488,172.31.36.0-255,66,20425,20,103190
17925,0.000501,74.125.68.0-255,430,20855,20,103190
17926,0.000585,74.125.68.0-255,1484,22339,20,103190
17927,0.000587,172.31.36.0-255,66,22405,20,103190
17928,0.000603,74.125.68.0-255,1484,23889,20,103190
17929,0.000617,74.125.68.0-255,1484,25373,20,103190
17930,0.00062,172.31.36.0-255,66,25439,20,103190
17931,0.000642,172.31.36.0-255,66,25505,20,103190
17932,0.000658,74.125.68.0-255,1484,26989,20,103190
17933,0.000679,172.31.36.0-255,66,27055,20,103190
17934,0.000698,74.125.68.0-255,2241,29296,20,103190
17935,0.000701,172.31.36.0-255,66,29362,20,103190
17936,0.000731,74.125.68.0-255,1484,30846,20,103190
17937,0.000735,74.125.68.0-255,1484,32330,20,103190
17938,0.000737,172.31.36.0-255,66,32396,20,103190
17939,0.000757,74.125.68.0-255,1484,33880,20,103190
17940,0.000766,172.31.36.0-255,66,33946,20,103190
17941,0.00077,74.125.68.0-255,2902,36848,20,103190
17942,0.000773,172.31.36.0-255,66,36914,20,103190
17943,0.000788,74.125.68.0-255,3961,40875,20,103190
17944,0.000791,172.31.36.0-255,66,40941,20,103190
17945,0.000828,172.31.36.0-255,66,41007,20,103190
17946,0.000852,172.31.36.0-255,66,41073,20,103190
17947,0.000869,74.125.68.0-255,1484,42557,20,103190
17948,0.000887,172.31.36.0-255,66,42623,20,103190
17949,0.000926,172.31.36.0-255,66,42689,20,103190
17950,0.00094,74.125.68.0-255,2902,45591,20,103190
17951,0.000943,172.31.36.0-255,66,45657,20,103190
17952,0.000947,74.125.68.0-255,2902,48559,20,103190
17953,0.00095,172.31.36.0-255,66,48625,20,103190
17954,0.000978,172.31.36.0-255,66,48691,20,103190
17955,0.000981,74.125.68.0-255,1125,49816,20,103190
17956,0.001205,74.125.68.0-255,1484,51300,20,103190
17957,0.001208,172.31.36.0-255,66,51366,20,103190
17958,0.001227,74.125.68.0-255,2902,54268,20,103190
17959,0.00123,172.31.36.0-255,66,54334,20,103190
17960,0.001233,74.125.68.0-255,1484,55818,20,103190
17961,0.001237,74.125.68.0-255,2902,58720,20,103190
17962,0.00124,172.31.36.0-255,66,58786,20,103190
17963,0.001261,172.31.36.0-255,66,58852,20,103190
17964,0.001296,172.31.36.0-255,66,58918,20,103190
17965,0.001302,74.125.68.0-255,2902,61820,20,103190
17966,0.001304,172.31.36.0-255,66,61886,20,103190
17967,0.001324,172.31.36.0-255,66,61952,20,103190
17968,0.001334,172.31.36.0-255,66,62018,20,103190
17969,0.001374,172.31.36.0-255,66,62084,20,103190
17970,0.001377,74.125.68.0-255,1484,63568,20,103190
17971,0.001403,172.31.36.0-255,66,63634,20,103190
17972,0.001422,74.125.68.0-255,2902,66536,20,103190
17973,0.001425,172.31.36.0-255,66,66602,20,103190
17974,0.001428,74.125.68.0-255,1125,67727,20,103190
17975,0.001452,74.125.68.0-255,1484,69211,20,103190
17976,0.001454,172.31.36.0-255,66,69277,20,103190
17977,0.001466,74.125.68.0-255,1484,70761,20,103190
17978,0.001481,74.125.68.0-255,2902,73663,20,103190
17979,0.001484,172.31.36.0-255,66,73729,20,103190
17980,0.001489,74.125.68.0-255,2902,76631,20,103190
17981,0.001491,172.31.36.0-255,66,76697,20,103190
17982,0.001499,172.31.36.0-255,66,76763,20,103190
17983,0.001534,74.125.68.0-255,3961,80724,20,103190
17984,0.001537,172.31.36.0-255,66,80790,20,103190
17985,0.00167,74.125.68.0-255,1484,82274,20,103190
17986,0.001704,74.125.68.0-255,2902,85176,20,103190
17987,0.001707,172.31.36.0-255,66,85242,20,103190
17988,0.001732,172.31.36.0-255,66,85308,20,103190
17989,0.001735,74.125.68.0-255,1484,86792,20,103190
17990,0.001752,74.125.68.0-255,2902,89694,20,103190
17991,0.001755,172.31.36.0-255,66,89760,20,103190
17992,0.001816,74.125.68.0-255,3961,93721,20,103190
17993,0.001819,172.31.36.0-255,66,93787,20,103190
17994,0.001844,172.31.36.0-255,66,93853,20,103190
17995,0.001858,172.31.36.0-255,66,93919,20,103190
17996,0.001862,74.125.68.0-255,2543,96462,20,103190
17997,0.001864,172.31.36.0-255,66,96528,20,103190
17998,0.001938,74.125.68.0-255,1484,98012,20,103190
17999,0.001945,74.125.68.0-255,2902,100914,20,103190
18000,0.001948,172.31.36.0-255,66,100980,20,103190
18001,0.001973,172.31.36.0-255,66,101046,20,103190
18002,0.002005,172.31.36.0-255,66,101112,20,103190
18003,0.002027,74.125.68.0-255,1484,102596,20,103190
18004,0.00204,172.31.36.0-255,66,102662,20,103190
18005,0.002049,172.31.36.0-255,66,102728,20,103190
18006,0.004391,172.31.36.0-255,66,102794,20,103190
18007,0.006725,172.31.36.0-255,66,102860,20,103190
18008,0.009064,172.31.36.0-255,66,102926,20,103190
18009,0.011402,172.31.36.0-255,66,102992,20,103190
18010,0.013749,172.31.36.0-255,66,103058,20,103190
18011,0.016086,172.31.36.0-255,66,103124,20,103190
18012,0.018426,172.31.36.0-255,66,103190,20,103190
18013,0.0,74.125.68.0-255,299,299,20,31605
18014,3.3e-05,172.31.36.0-255,66,365,20,31605
18015,3.9e-05,74.125.68.0-255,1484,1849,20,31605
18016,4.3e-05,172.31.36.0-255,66,1915,20,31605
18017,5.4e-05,74.125.68.0-255,2902,4817,20,31605
18018,5.8e-05,172.31.36.0-255,66,4883,20,31605
18019,8.6e-05,74.125.68.0-255,1484,6367,20,31605
18020,8.9e-05,172.31.36.0-255,66,6433,20,31605
18021,0.00012,172.31.36.0-255,66,6499,20,31605
18022,0.000197,74.125.68.0-255,3239,9738,20,31605
18023,0.0002,172.31.36.0-255,66,9804,20,31605
18024,0.000257,74.125.68.0-255,1484,11288,20,31605
18025,0.000261,172.31.36.0-255,66,11354,20,31605
18026,0.000284,74.125.68.0-255,2902,14256,20,31605
18027,0.000287,172.31.36.0-255,66,14322,20,31605
18028,0.000329,74.125.68.0-255,1484,15806,20,31605
18029,0.000334,172.31.36.0-255,66,15872,20,31605
18030,0.00037,74.125.68.0-255,2902,18774,20,31605
18031,0.000374,172.31.36.0-255,66,18840,20,31605
18032,0.000403,74.125.68.0-255,2902,21742,20,31605
18033,0.000406,172.31.36.0-255,66,21808,20,31605
18034,0.000454,74.125.68.0-255,2902,24710,20,31605
18035,0.000459,172.31.36.0-255,66,24776,20,31605
18036,0.000494,172.31.36.0-255,66,24842,20,31605
18037,0.000655,172.31.36.0-255,66,24908,20,31605
18038,0.000693,172.31.36.0-255,66,24974,20,31605
18039,0.00097,172.31.36.0-255,66,25040,20,31605
18040,0.000996,74.125.68.0-255,1484,26524,20,31605
18041,0.002011,74.125.68.0-255,1484,28008,20,31605
18042,0.003089,74.125.68.0-255,1484,29492,20,31605
18043,0.003252,74.125.68.0-255,1484,30976,20,31605
18044,0.006116,172.31.36.0-255,66,31042,20,31605
18045,0.008314,172.31.36.0-255,66,31108,20,31605
18046,0.008393,172.31.36.0-255,101,31209,20,31605
18047,0.010504,172.31.36.0-255,66,31275,20,31605
18048,0.010532,74.125.68.0-255,66,31341,20,31605
18049,0.01272,172.31.36.0-255,66,31407,20,31605
18050,0.014908,172.31.36.0-255,66,31473,20,31605
18051,0.017152,172.31.36.0-255,66,31539,20,31605
18052,0.019356,172.31.36.0-255,66,31605,20,31605
18053,0.0,74.125.200.0-255,66,66,20,66
18054,0.0,74.125.24.0-255,146,146,20,75687
18055,1.6e-05,172.31.36.0-255,66,212,20,75687
18056,2.3e-05,74.125.24.0-255,1484,1696,20,75687
18057,2.7e-05,172.31.36.0-255,66,1762,20,75687
18058,3.3e-05,74.125.24.0-255,2902,4664,20,75687
18059,3.7e-05,172.31.36.0-255,66,4730,20,75687
18060,4e-05,74.125.24.0-255,1484,6214,20,75687
18061,4.3e-05,172.31.36.0-255,66,6280,20,75687
18062,5.2e-05,172.31.36.0-255,66,6346,20,75687
18063,9.5e-05,172.31.36.0-255,66,6412,20,75687
18064,0.000121,172.31.36.0-255,66,6478,20,75687
18065,0.00013,172.31.36.0-255,66,6544,20,75687
18066,0.000183,172.31.36.0-255,66,6610,20,75687
18067,0.0002,74.125.24.0-255,1484,8094,20,75687
18068,0.000203,172.31.36.0-255,66,8160,20,75687
18069,0.000213,172.31.36.0-255,66,8226,20,75687
18070,0.000254,172.31.36.0-255,66,8292,20,75687
18071,0.000262,172.31.36.0-255,66,8358,20,75687
18072,0.000284,74.125.24.0-255,112,8470,20,75687
18073,0.000287,172.31.36.0-255,66,8536,20,75687
18074,0.000417,74.125.24.0-255,1484,10020,20,75687
18075,0.000422,172.31.36.0-255,66,10086,20,75687
18076,0.000428,74.125.24.0-255,2902,12988,20,75687
18077,0.000431,172.31.36.0-255,66,13054,20,75687
18078,0.00044,172.31.36.0-255,66,13120,20,75687
18079,0.000445,74.125.24.0-255,2902,16022,20,75687
18080,0.000447,172.31.36.0-255,66,16088,20,75687
18081,0.000467,74.125.24.0-255,3961,20049,20,75687
18082,0.00047,172.31.36.0-255,66,20115,20,75687
18083,0.000488,74.125.24.0-255,2902,23017,20,75687
18084,0.00049,172.31.36.0-255,66,23083,20,75687
18085,0.000519,172.31.36.0-255,66,23149,20,75687
18086,0.000524,74.125.24.0-255,2543,25692,20,75687
18087,0.000527,172.31.36.0-255,66,25758,20,75687
18088,0.000554,74.125.24.0-255,329,26087,20,75687
18089,0.000682,74.125.24.0-255,1484,27571,20,75687
18090,0.000686,172.31.36.0-255,66,27637,20,75687
18091,0.000692,74.125.24.0-255,2902,30539,20,75687
18092,0.000694,172.31.36.0-255,66,30605,20,75687
18093,0.000719,172.31.36.0-255,66,30671,20,75687
18094,0.000722,74.125.24.0-255,1484,32155,20,75687
18095,0.000745,172.31.36.0-255,66,32221,20,75687
18096,0.000761,74.125.24.0-255,1484,33705,20,75687
18097,0.000766,74.125.24.0-255,2902,36607,20,75687
18098,0.000769,172.31.36.0-255,66,36673,20,75687
18099,0.000806,172.31.36.0-255,66,36739,20,75687
18100,0.000819,172.31.36.0-255,66,36805,20,75687
18101,0.000829,172.31.36.0-255,66,36871,20,75687
18102,0.00085,74.125.24.0-255,1484,38355,20,75687
18103,0.000871,172.31.36.0-255,66,38421,20,75687
18104,0.000924,74.125.24.0-255,1484,39905,20,75687
18105,0.000927,74.125.24.0-255,1484,41389,20,75687
18106,0.000929,172.31.36.0-255,66,41455,20,75687
18107,0.000948,74.125.24.0-255,1484,42939,20,75687
18108,0.000956,172.31.36.0-255,66,43005,20,75687
18109,0.000959,74.125.24.0-255,1484,44489,20,75687
18110,0.000992,172.31.36.0-255,66,44555,20,75687
18111,0.001014,74.125.24.0-255,2902,47457,20,75687
18112,0.001016,172.31.36.0-255,66,47523,20,75687
18113,0.001042,172.31.36.0-255,66,47589,20,75687
18114,0.001086,74.125.24.0-255,2184,49773,20,75687
18115,0.00109,172.31.36.0-255,66,49839,20,75687
18116,0.001094,74.125.24.0-255,2902,52741,20,75687
18117,0.001096,172.31.36.0-255,66,52807,20,75687
18118,0.001117,74.125.24.0-255,1484,54291,20,75687
18119,0.001126,172.31.36.0-255,66,54357,20,75687
18120,0.001187,172.31.36.0-255,66,54423,20,75687
18121,0.001207,172.31.36.0-255,66,54489,20,75687
18122,0.001218,74.125.24.0-255,2902,57391,20,75687
18123,0.00122,172.31.36.0-255,66,57457,20,75687
18124,0.001236,74.125.24.0-255,2184,59641,20,75687
18125,0.001238,172.31.36.0-255,66,59707,20,75687
18126,0.001289,74.125.24.0-255,1484,61191,20,75687
18127,0.001293,74.125.24.0-255,2902,64093,20,75687
18128,0.001296,172.31.36.0-255,66,64159,20,75687
18129,0.001318,172.31.36.0-255,66,64225,20,75687
18130,0.001341,172.31.36.0-255,66,64291,20,75687
18131,0.001366,74.125.24.0-255,2902,67193,20,75687
18132,0.001369,172.31.36.0-255,66,67259,20,75687
18133,0.001382,172.31.36.0-255,66,67325,20,75687
18134,0.001389,172.31.36.0-255,66,67391,20,75687
18135,0.001499,74.125.24.0-255,2902,70293,20,75687
18136,0.001611,74.125.24.0-255,2902,73195,20,75687
18137,0.001679,74.125.24.0-255,2150,75345,20,75687
18138,0.001709,74.125.24.0-255,105,75450,20,75687
18139,0.004458,172.31.36.0-255,66,75516,20,75687
18140,0.007298,172.31.36.0-255,105,75621,20,75687
18141,0.009599,74.125.24.0-255,66,75687,20,75687
18142,0.0,74.125.24.0-255,431,431,20,14458
18143,1.9e-05,74.125.24.0-255,1484,1915,20,14458
18144,3e-05,172.31.36.0-255,66,1981,20,14458
18145,4.3e-05,172.31.36.0-255,66,2047,20,14458
18146,0.000201,172.31.36.0-255,66,2113,20,14458
18147,0.000627,172.31.36.0-255,66,2179,20,14458
18148,0.000648,74.125.24.0-255,2902,5081,20,14458
18149,0.00065,172.31.36.0-255,66,5147,20,14458
18150,0.001131,74.125.24.0-255,2902,8049,20,14458
18151,0.001138,172.31.36.0-255,66,8115,20,14458
18152,0.004473,172.31.36.0-255,66,8181,20,14458
18153,0.004857,172.31.36.0-255,66,8247,20,14458
18154,0.004871,74.125.24.0-255,1484,9731,20,14458
18155,0.007055,172.31.36.0-255,66,9797,20,14458
18156,0.007142,74.125.24.0-255,2902,12699,20,14458
18157,0.009198,172.31.36.0-255,66,12765,20,14458
18158,0.009694,172.31.36.0-255,66,12831,20,14458
18159,0.009719,172.31.36.0-255,66,12897,20,14458
18160,0.009807,172.31.36.0-255,66,12963,20,14458
18161,0.009837,172.31.36.0-255,66,13029,20,14458
18162,0.010213,172.31.36.0-255,66,13095,20,14458
18163,0.010239,172.31.36.0-255,66,13161,20,14458
18164,0.011818,172.31.36.0-255,66,13227,20,14458
18165,0.011849,172.31.36.0-255,66,13293,20,14458
18166,0.011977,172.31.36.0-255,66,13359,20,14458
18167,0.012004,172.31.36.0-255,66,13425,20,14458
18168,0.012409,172.31.36.0-255,66,13491,20,14458
18169,0.012452,172.31.36.0-255,66,13557,20,14458
18170,0.013063,172.31.36.0-255,66,13623,20,14458
18171,0.013117,172.31.36.0-255,66,13689,20,14458
18172,0.013615,172.31.36.0-255,66,13755,20,14458
18173,0.01369,172.31.36.0-255,66,13821,20,14458
18174,0.014067,172.31.36.0-255,66,13887,20,14458
18175,0.014085,172.31.36.0-255,66,13953,20,14458
18176,0.014103,172.31.36.0-255,66,14019,20,14458
18177,0.014508,172.31.36.0-255,66,14085,20,14458
18178,0.014526,74.125.24.0-255,268,14353,20,14458
18179,0.014982,172.31.36.0-255,105,14458,20,14458
18180,0.0,172.217.160.0-255,146,146,20,46599
18181,3.2e-05,172.31.36.0-255,66,212,20,46599
18182,3.9e-05,172.217.160.0-255,1484,1696,20,46599
18183,4.3e-05,172.31.36.0-255,66,1762,20,46599
18184,4.8e-05,172.217.160.0-255,2902,4664,20,46599
18185,5.1e-05,172.31.36.0-255,66,4730,20,46599
18186,6.1e-05,172.31.36.0-255,66,4796,20,46599
18187,0.000114,172.217.160.0-255,1950,6746,20,46599
18188,0.000117,172.31.36.0-255,66,6812,20,46599
18189,0.000151,172.217.160.0-255,1484,8296,20,46599
18190,0.000154,172.31.36.0-255,66,8362,20,46599
18191,0.000158,172.217.160.0-255,2902,11264,20,46599
18192,0.00016,172.31.36.0-255,66,11330,20,46599
18193,0.000184,172.217.160.0-255,2902,14232,20,46599
18194,0.000187,172.31.36.0-255,66,14298,20,46599
18195,0.000205,172.217.160.0-255,2902,17200,20,46599
18196,0.000207,172.31.36.0-255,66,17266,20,46599
18197,0.000243,172.217.160.0-255,2902,20168,20,46599
18198,0.000246,172.31.36.0-255,66,20234,20,46599
18199,0.000266,172.217.160.0-255,3961,24195,20,46599
18200,0.00027,172.31.36.0-255,66,24261,20,46599
18201,0.000335,172.217.160.0-255,1484,25745,20,46599
18202,0.000339,172.31.36.0-255,66,25811,20,46599
18203,0.000345,172.217.160.0-255,2902,28713,20,46599
18204,0.000347,172.31.36.0-255,66,28779,20,46599
18205,0.000361,172.217.160.0-255,2902,31681,20,46599
18206,0.000364,172.31.36.0-255,66,31747,20,46599
18207,0.00038,172.217.160.0-255,2902,34649,20,46599
18208,0.000383,172.31.36.0-255,66,34715,20,46599
18209,0.000426,172.31.36.0-255,66,34781,20,46599
18210,0.000444,172.217.160.0-255,2543,37324,20,46599
18211,0.000447,172.31.36.0-255,66,37390,20,46599
18212,0.000495,172.31.36.0-255,66,37456,20,46599
18213,0.000517,172.31.36.0-255,66,37522,20,46599
18214,0.000609,172.31.36.0-255,66,37588,20,46599
18215,0.001085,172.217.160.0-255,103,37691,20,46599
18216,0.001094,172.217.160.0-255,366,38057,20,46599
18217,0.00126,172.217.160.0-255,1484,39541,20,46599
18218,0.001265,172.31.36.0-255,66,39607,20,46599
18219,0.001272,172.217.160.0-255,2902,42509,20,46599
18220,0.001275,172.31.36.0-255,66,42575,20,46599
18221,0.001293,172.217.160.0-255,1484,44059,20,46599
18222,0.001309,172.31.36.0-255,66,44125,20,46599
18223,0.001359,172.31.36.0-255,66,44191,20,46599
18224,0.001378,172.31.36.0-255,66,44257,20,46599
18225,0.001483,172.31.36.0-255,66,44323,20,46599
18226,0.001507,172.31.36.0-255,66,44389,20,46599
18227,0.003128,172.31.36.0-255,66,44455,20,46599
18228,0.004784,172.31.36.0-255,66,44521,20,46599
18229,0.006405,172.31.36.0-255,66,44587,20,46599
18230,0.008037,172.31.36.0-255,66,44653,20,46599
18231,0.009673,172.31.36.0-255,66,44719,20,46599
18232,0.011302,172.31.36.0-255,66,44785,20,46599
18233,0.012964,172.31.36.0-255,66,44851,20,46599
18234,0.014599,172.31.36.0-255,66,44917,20,46599
18235,0.016244,172.31.36.0-255,66,44983,20,46599
18236,0.016262,172.217.160.0-255,1484,46467,20,46599
18237,0.017877,172.31.36.0-255,66,46533,20,46599
18238,0.019518,172.31.36.0-255,66,46599,20,46599
18239,0.0,74.125.24.0-255,66,66,20,66
18240,0.0,74.125.24.0-255,153,153,20,70636
18241,3.2e-05,172.31.36.0-255,66,219,20,70636
18242,3.9e-05,74.125.24.0-255,1484,1703,20,70636
18243,4.4e-05,172.31.36.0-255,66,1769,20,70636
18244,4.8e-05,74.125.24.0-255,2902,4671,20,70636
18245,5.2e-05,172.31.36.0-255,66,4737,20,70636
18246,6.1e-05,172.31.36.0-255,66,4803,20,70636
18247,9.6e-05,74.125.24.0-255,3518,8321,20,70636
18248,9.9e-05,172.31.36.0-255,66,8387,20,70636
18249,0.000299,74.125.24.0-255,1484,9871,20,70636
18250,0.000306,172.31.36.0-255,66,9937,20,70636
18251,0.000312,74.125.24.0-255,2902,12839,20,70636
18252,0.000314,172.31.36.0-255,66,12905,20,70636
18253,0.000324,172.31.36.0-255,66,12971,20,70636
18254,0.000352,172.31.36.0-255,66,13037,20,70636
18255,0.000366,74.125.24.0-255,2543,15580,20,70636
18256,0.00037,172.31.36.0-255,66,15646,20,70636
18257,0.00038,172.31.36.0-255,66,15712,20,70636
18258,0.000422,172.31.36.0-255,66,15778,20,70636
18259,0.000919,74.125.24.0-255,1484,17262,20,70636
18260,0.000925,172.31.36.0-255,66,17328,20,70636
18261,0.000933,74.125.24.0-255,1484,18812,20,70636
18262,0.000936,172.31.36.0-255,66,18878,20,70636
18263,0.000956,74.125.24.0-255,1484,20362,20,70636
18264,0.000959,172.31.36.0-255,66,20428,20,70636
18265,0.000968,172.31.36.0-255,66,20494,20,70636
18266,0.001002,172.31.36.0-255,66,20560,20,70636
18267,0.001012,172.31.36.0-255,66,20626,20,70636
18268,0.001045,172.31.36.0-255,66,20692,20,70636
18269,0.001081,172.31.36.0-255,66,20758,20,70636
18270,0.001089,172.31.36.0-255,66,20824,20,70636
18271,0.001528,74.125.24.0-255,1484,22308,20,70636
18272,0.001537,74.125.24.0-255,2902,25210,20,70636
18273,0.001541,172.31.36.0-255,66,25276,20,70636
18274,0.00155,172.31.36.0-255,66,25342,20,70636
18275,0.001558,172.31.36.0-255,66,25408,20,70636
18276,0.001584,172.31.36.0-255,66,25474,20,70636
18277,0.001594,172.31.36.0-255,66,25540,20,70636
18278,0.001615,74.125.24.0-255,766,26306,20,70636
18279,0.001871,172.31.36.0-255,66,26372,20,70636
18280,0.001978,74.125.24.0-255,1484,27856,20,70636
18281,0.001986,74.125.24.0-255,2902,30758,20,70636
18282,0.00199,172.31.36.0-255,66,30824,20,70636
18283,0.00202,74.125.24.0-255,1484,32308,20,70636
18284,0.00205,172.31.36.0-255,66,32374,20,70636
18285,0.002063,172.31.36.0-255,66,32440,20,70636
18286,0.002072,172.31.36.0-255,66,32506,20,70636
18287,0.002098,74.125.24.0-255,2184,34690,20,70636
18288,0.002101,172.31.36.0-255,66,34756,20,70636
18289,0.002104,74.125.24.0-255,1484,36240,20,70636
18290,0.004116,74.125.24.0-255,1484,37724,20,70636
18291,0.004122,172.31.36.0-255,66,37790,20,70636
18292,0.004166,74.125.24.0-255,2902,40692,20,70636
18293,0.004169,172.31.36.0-255,66,40758,20,70636
18294,0.006189,74.125.24.0-255,2902,43660,20,70636
18295,0.006195,172.31.36.0-255,66,43726,20,70636
18296,0.006222,74.125.24.0-255,2902,46628,20,70636
18297,0.006226,172.31.36.0-255,66,46694,20,70636
18298,0.008284,74.125.24.0-255,2902,49596,20,70636
18299,0.008294,172.31.36.0-255,66,49662,20,70636
18300,0.008319,74.125.24.0-255,2902,52564,20,70636
18301,0.008322,172.31.36.0-255,66,52630,20,70636
18302,0.010378,74.125.24.0-255,2902,55532,20,70636
18303,0.010384,172.31.36.0-255,66,55598,20,70636
18304,0.010404,74.125.24.0-255,1484,57082,20,70636
18305,0.010422,74.125.24.0-255,1484,58566,20,70636
18306,0.010424,172.31.36.0-255,66,58632,20,70636
18307,0.012464,74.125.24.0-255,2902,61534,20,70636
18308,0.01247,172.31.36.0-255,66,61600,20,70636
18309,0.012491,74.125.24.0-255,2902,64502,20,70636
18310,0.012494,172.31.36.0-255,66,64568,20,70636
18311,0.014543,74.125.24.0-255,2902,67470,20,70636
18312,0.014551,172.31.36.0-255,66,67536,20,70636
18313,0.014579,74.125.24.0-255,2902,70438,20,70636
18314,0.014583,172.31.36.0-255,66,70504,20,70636
18315,0.016663,172.31.36.0-255,66,70570,20,70636
18316,0.018765,172.31.36.0-255,66,70636,20,70636
18317,0.0,74.125.130.0-255,153,153,20,108764
18318,2.7e-05,172.31.36.0-255,66,219,20,108764
18319,3.5e-05,74.125.130.0-255,1484,1703,20,108764
18320,3.9e-05,172.31.36.0-255,66,1769,20,108764
18321,4.4e-05,74.125.130.0-255,2902,4671,20,108764
18322,5.5e-05,172.31.36.0-255,66,4737,20,108764
18323,6.4e-05,172.31.36.0-255,66,4803,20,108764
18324,8.8e-05,74.125.130.0-255,1484,6287,20,108764
18325,9.1e-05,172.31.36.0-255,66,6353,20,108764
18326,9.4e-05,74.125.130.0-255,1484,7837,20,108764
18327,0.000101,172.31.36.0-255,66,7903,20,108764
18328,0.000136,172.31.36.0-255,66,7969,20,108764
18329,0.000141,74.125.130.0-255,2902,10871,20,108764
18330,0.000143,172.31.36.0-255,66,10937,20,108764
18331,0.000146,74.125.130.0-255,1484,12421,20,108764
18332,0.000148,172.31.36.0-255,66,12487,20,108764
18333,0.000193,172.31.36.0-255,66,12553,20,108764
18334,0.000371,74.125.130.0-255,1484,14037,20,108764
18335,0.000376,172.31.36.0-255,66,14103,20,108764
18336,0.000381,74.125.130.0-255,2902,17005,20,108764
18337,0.000384,172.31.36.0-255,66,17071,20,108764
18338,0.000417,172.31.36.0-255,66,17137,20,108764
18339,0.000425,172.31.36.0-255,66,17203,20,108764
18340,0.000478,172.31.36.0-255,66,17269,20,108764
18341,0.000483,74.125.130.0-255,2902,20171,20,108764
18342,0.000485,172.31.36.0-255,66,20237,20,108764
18343,0.000524,74.125.130.0-255,2902,23139,20,108764
18344,0.000528,172.31.36.0-255,66,23205,20,108764
18345,0.000553,74.125.130.0-255,1125,24330,20,108764
18346,0.000556,74.125.130.0-255,363,24693,20,108764
18347,0.000572,74.125.130.0-255,383,25076,20,108764
18348,0.000576,172.31.36.0-255,66,25142,20,108764
18349,0.000713,74.125.130.0-255,1484,26626,20,108764
18350,0.000718,74.125.130.0-255,1484,28110,20,108764
18351,0.000721,172.31.36.0-255,66,28176,20,108764
18352,0.000725,74.125.130.0-255,1484,29660,20,108764
18353,0.000748,74.125.130.0-255,1484,31144,20,108764
18354,0.000751,172.31.36.0-255,66,31210,20,108764
18355,0.000759,172.31.36.0-255,66,31276,20,108764
18356,0.000776,74.125.130.0-255,2902,34178,20,108764
18357,0.000779,172.31.36.0-255,66,34244,20,108764
18358,0.000809,74.125.130.0-255,2543,36787,20,108764
18359,0.000812,172.31.36.0-255,66,36853,20,108764
18360,0.000843,74.125.130.0-255,1484,38337,20,108764
18361,0.000858,74.125.130.0-255,2902,41239,20,108764
18362,0.000863,172.31.36.0-255,66,41305,20,108764
18363,0.000885,172.31.36.0-255,66,41371,20,108764
18364,0.000917,172.31.36.0-255,66,41437,20,108764
18365,0.000922,74.125.130.0-255,2543,43980,20,108764
18366,0.000924,172.31.36.0-255,66,44046,20,108764
18367,0.00196,74.125.130.0-255,1484,45530,20,108764
18368,0.00197,74.125.130.0-255,2902,48432,20,108764
18369,0.001975,172.31.36.0-255,66,48498,20,108764
18370,0.001984,172.31.36.0-255,66,48564,20,108764
18371,0.001987,74.125.130.0-255,1484,50048,20,108764
18372,0.001996,74.125.130.0-255,2902,52950,20,108764
18373,0.001998,172.31.36.0-255,66,53016,20,108764
18374,0.002034,172.31.36.0-255,66,53082,20,108764
18375,0.002071,74.125.130.0-255,2902,55984,20,108764
18376,0.002073,172.31.36.0-255,66,56050,20,108764
18377,0.002094,172.31.36.0-255,66,56116,20,108764
18378,0.002101,172.31.36.0-255,66,56182,20,108764
18379,0.002159,74.125.130.0-255,1484,57666,20,108764
18380,0.002178,74.125.130.0-255,2902,60568,20,108764
18381,0.00218,172.31.36.0-255,66,60634,20,108764
18382,0.002203,74.125.130.0-255,2902,63536,20,108764
18383,0.002205,172.31.36.0-255,66,63602,20,108764
18384,0.002212,172.31.36.0-255,66,63668,20,108764
18385,0.002239,172.31.36.0-255,66,63734,20,108764
18386,0.002245,172.31.36.0-255,66,63800,20,108764
18387,0.002279,74.125.130.0-255,1484,65284,20,108764
18388,0.002288,172.31.36.0-255,66,65350,20,108764
18389,0.002291,74.125.130.0-255,766,66116,20,108764
18390,0.002391,74.125.130.0-255,1484,67600,20,108764
18391,0.002393,172.31.36.0-255,66,67666,20,108764
18392,0.002415,74.125.130.0-255,2902,70568,20,108764
18393,0.002417,172.31.36.0-255,66,70634,20,108764
18394,0.002445,172.31.36.0-255,66,70700,20,108764
18395,0.002452,172.31.36.0-255,66,70766,20,108764
18396,0.002482,172.31.36.0-255,66,70832,20,108764
18397,0.002515,172.31.36.0-255,66,70898,20,108764
18398,0.002519,74.125.130.0-255,2184,73082,20,108764
18399,0.002521,172.31.36.0-255,66,73148,20,108764
18400,0.004996,74.125.130.0-255,2902,76050,20,108764
18401,0.004999,172.31.36.0-255,66,76116,20,108764
18402,0.005027,74.125.130.0-255,2902,79018,20,108764
18403,0.00503,172.31.36.0-255,66,79084,20,108764
18404,0.007496,74.125.130.0-255,2902,81986,20,108764
18405,0.007502,172.31.36.0-255,66,82052,20,108764
18406,0.007535,74.125.130.0-255,2902,84954,20,108764
18407,0.007539,172.31.36.0-255,66,85020,20,108764
18408,0.010006,74.125.130.0-255,2902,87922,20,108764
18409,0.010014,172.31.36.0-255,66,87988,20,108764
18410,0.01005,74.125.130.0-255,2902,90890,20,108764
18411,0.010054,172.31.36.0-255,66,90956,20,108764
18412,0.012516,74.125.130.0-255,2902,93858,20,108764
18413,0.012523,172.31.36.0-255,66,93924,20,108764
18414,0.012557,74.125.130.0-255,2902,96826,20,108764
18415,0.012561,172.31.36.0-255,66,96892,20,108764
18416,0.015025,74.125.130.0-255,2902,99794,20,108764
18417,0.015035,172.31.36.0-255,66,99860,20,108764
18418,0.015074,74.125.130.0-255,2902,102762,20,108764
18419,0.015078,172.31.36.0-255,66,102828,20,108764
18420,0.017532,74.125.130.0-255,2902,105730,20,108764
18421,0.017538,172.31.36.0-255,66,105796,20,108764
18422,0.017565,74.125.130.0-255,2902,108698,20,108764
18423,0.017567,172.31.36.0-255,66,108764,20,108764
18424,0.0,172.217.194.0-255,153,153,20,63942
18425,1.9e-05,172.31.36.0-255,66,219,20,63942
18426,2.7e-05,172.217.194.0-255,1484,1703,20,63942
18427,3.2e-05,172.31.36.0-255,66,1769,20,63942
18428,4.8e-05,172.217.194.0-255,2902,4671,20,63942
18429,5.1e-05,172.31.36.0-255,66,4737,20,63942
18430,6.3e-05,172.31.36.0-255,66,4803,20,63942
18431,6.8e-05,172.217.194.0-255,2072,6875,20,63942
18432,7e-05,172.31.36.0-255,66,6941,20,63942
18433,0.000107,172.217.194.0-255,2902,9843,20,63942
18434,0.000111,172.31.36.0-255,66,9909,20,63942
18435,0.000129,172.31.36.0-255,66,9975,20,63942
18436,0.000132,172.217.194.0-255,1484,11459,20,63942
18437,0.000134,172.31.36.0-255,66,11525,20,63942
18438,0.000182,172.31.36.0-255,66,11591,20,63942
18439,0.000217,172.31.36.0-255,66,11657,20,63942
18440,0.000229,172.31.36.0-255,66,11723,20,63942
18441,0.000249,172.31.36.0-255,66,11789,20,63942
18442,0.000297,172.31.36.0-255,66,11855,20,63942
18443,0.000302,172.217.194.0-255,2543,14398,20,63942
18444,0.000304,172.31.36.0-255,66,14464,20,63942
18445,0.000306,172.217.194.0-255,396,14860,20,63942
18446,0.000309,172.31.36.0-255,66,14926,20,63942
18447,0.000336,172.217.194.0-255,378,15304,20,63942
18448,0.000344,172.31.36.0-255,66,15370,20,63942
18449,0.00053,172.217.194.0-255,1484,16854,20,63942
18450,0.000538,172.217.194.0-255,2902,19756,20,63942
18451,0.000542,172.31.36.0-255,66,19822,20,63942
18452,0.000553,172.31.36.0-255,66,19888,20,63942
18453,0.000564,172.217.194.0-255,2902,22790,20,63942
18454,0.000566,172.31.36.0-255,66,22856,20,63942
18455,0.00061,172.31.36.0-255,66,22922,20,63942
18456,0.000613,172.217.194.0-255,1484,24406,20,63942
18457,0.000654,172.31.36.0-255,66,24472,20,63942
18458,0.000698,172.217.194.0-255,1484,25956,20,63942
18459,0.000713,172.217.194.0-255,2902,28858,20,63942
18460,0.000716,172.31.36.0-255,66,28924,20,63942
18461,0.000719,172.217.194.0-255,1484,30408,20,63942
18462,0.000751,172.31.36.0-255,66,30474,20,63942
18463,0.000773,172.31.36.0-255,66,30540,20,63942
18464,0.000783,172.31.36.0-255,66,30606,20,63942
18465,0.000826,172.31.36.0-255,66,30672,20,63942
18466,0.001021,172.217.194.0-255,1484,32156,20,63942
18467,0.001027,172.217.194.0-255,2902,35058,20,63942
18468,0.001031,172.31.36.0-255,66,35124,20,63942
18469,0.001034,172.217.194.0-255,1484,36608,20,63942
18470,0.001068,172.31.36.0-255,66,36674,20,63942
18471,0.001091,172.31.36.0-255,66,36740,20,63942
18472,0.001105,172.31.36.0-255,66,36806,20,63942
18473,0.001151,172.31.36.0-255,66,36872,20,63942
18474,0.001161,172.31.36.0-255,66,36938,20,63942
18475,0.001182,172.31.36.0-255,66,37004,20,63942
18476,0.001196,172.31.36.0-255,66,37070,20,63942
18477,0.001309,172.31.36.0-255,66,37136,20,63942
18478,0.001312,172.31.36.0-255,66,37202,20,63942
18479,0.001315,172.31.36.0-255,66,37268,20,63942
18480,0.001338,172.31.36.0-255,66,37334,20,63942
18481,0.001364,172.31.36.0-255,66,37400,20,63942
18482,0.001371,172.217.194.0-255,3602,41002,20,63942
18483,0.001375,172.31.36.0-255,66,41068,20,63942
18484,0.001428,172.217.194.0-255,1484,42552,20,63942
18485,0.001433,172.217.194.0-255,2902,45454,20,63942
18486,0.001439,172.31.36.0-255,66,45520,20,63942
18487,0.001473,172.31.36.0-255,66,45586,20,63942
18488,0.001487,172.31.36.0-255,66,45652,20,63942
18489,0.001515,172.31.36.0-255,66,45718,20,63942
18490,0.001549,172.31.36.0-255,66,45784,20,63942
18491,0.001569,172.31.36.0-255,66,45850,20,63942
18492,0.001583,172.31.36.0-255,66,45916,20,63942
18493,0.001625,172.31.36.0-255,66,45982,20,63942
18494,0.001669,172.217.194.0-255,1484,47466,20,63942
18495,0.001674,172.217.194.0-255,2902,50368,20,63942
18496,0.001676,172.217.194.0-255,1484,51852,20,63942
18497,0.001683,172.31.36.0-255,66,51918,20,63942
18498,0.001712,172.31.36.0-255,66,51984,20,63942
18499,0.001725,172.31.36.0-255,66,52050,20,63942
18500,0.001734,172.31.36.0-255,66,52116,20,63942
18501,0.00177,172.217.194.0-255,2902,55018,20,63942
18502,0.001774,172.31.36.0-255,66,55084,20,63942
18503,0.001777,172.217.194.0-255,766,55850,20,63942
18504,0.00178,172.217.194.0-255,1484,57334,20,63942
18505,0.001782,172.31.36.0-255,66,57400,20,63942
18506,0.001797,172.31.36.0-255,66,57466,20,63942
18507,0.001801,172.217.194.0-255,2902,60368,20,63942
18508,0.001803,172.31.36.0-255,66,60434,20,63942
18509,0.001841,172.31.36.0-255,66,60500,20,63942
18510,0.001886,172.31.36.0-255,66,60566,20,63942
18511,0.001928,172.217.194.0-255,2902,63468,20,63942
18512,0.001931,172.31.36.0-255,66,63534,20,63942
18513,0.001948,172.31.36.0-255,66,63600,20,63942
18514,0.001951,172.217.194.0-255,105,63705,20,63942
18515,0.004934,172.31.36.0-255,66,63771,20,63942
18516,0.004975,172.31.36.0-255,105,63876,20,63942
18517,0.007527,172.217.194.0-255,66,63942,20,63942
18518,0.0,74.125.200.0-255,153,153,20,89230
18519,3.6e-05,172.31.36.0-255,66,219,20,89230
18520,4.3e-05,74.125.200.0-255,1484,1703,20,89230
18521,4.7e-05,172.31.36.0-255,66,1769,20,89230
18522,5.2e-05,74.125.200.0-255,2902,4671,20,89230
18523,5.4e-05,172.31.36.0-255,66,4737,20,89230
18524,7.3e-05,172.31.36.0-255,66,4803,20,89230
18525,7.8e-05,74.125.200.0-255,3504,8307,20,89230
18526,8.1e-05,172.31.36.0-255,66,8373,20,89230
18527,0.000129,74.125.200.0-255,1484,9857,20,89230
18528,0.000133,172.31.36.0-255,66,9923,20,89230
18529,0.000136,74.125.200.0-255,1484,11407,20,89230
18530,0.000138,172.31.36.0-255,66,11473,20,89230
18531,0.000175,74.125.200.0-255,1484,12957,20,89230
18532,0.000179,172.31.36.0-255,66,13023,20,89230
18533,0.000188,172.31.36.0-255,66,13089,20,89230
18534,0.000197,74.125.200.0-255,2902,15991,20,89230
18535,0.0002,172.31.36.0-255,66,16057,20,89230
18536,0.00021,74.125.200.0-255,1484,17541,20,89230
18537,0.000213,172.31.36.0-255,66,17607,20,89230
18538,0.00026,172.31.36.0-255,66,17673,20,89230
18539,0.000268,172.31.36.0-255,66,17739,20,89230
18540,0.000294,172.31.36.0-255,66,17805,20,89230
18541,0.000575,74.125.200.0-255,1484,19289,20,89230
18542,0.000579,172.31.36.0-255,66,19355,20,89230
18543,0.000583,74.125.200.0-255,1484,20839,20,89230
18544,0.000586,172.31.36.0-255,66,20905,20,89230
18545,0.000607,74.125.200.0-255,1484,22389,20,89230
18546,0.000622,172.31.36.0-255,66,22455,20,89230
18547,0.000678,172.31.36.0-255,66,22521,20,89230
18548,0.000706,74.125.200.0-255,1484,24005,20,89230
18549,0.00071,74.125.200.0-255,1484,25489,20,89230
18550,0.000712,172.31.36.0-255,66,25555,20,89230
18551,0.000736,74.125.200.0-255,1484,27039,20,89230
18552,0.000741,74.125.200.0-255,2902,29941,20,89230
18553,0.000743,172.31.36.0-255,66,30007,20,89230
18554,0.00075,172.31.36.0-255,66,30073,20,89230
18555,0.000767,74.125.200.0-255,1484,31557,20,89230
18556,0.000801,172.31.36.0-255,66,31623,20,89230
18557,0.000806,74.125.200.0-255,2902,34525,20,89230
18558,0.000808,172.31.36.0-255,66,34591,20,89230
18559,0.000848,172.31.36.0-255,66,34657,20,89230
18560,0.000879,74.125.200.0-255,3961,38618,20,89230
18561,0.000882,172.31.36.0-255,66,38684,20,89230
18562,0.000962,74.125.200.0-255,1484,40168,20,89230
18563,0.000975,74.125.200.0-255,2902,43070,20,89230
18564,0.000978,172.31.36.0-255,66,43136,20,89230
18565,0.000982,74.125.200.0-255,1484,44620,20,89230
18566,0.001007,74.125.200.0-255,2902,47522,20,89230
18567,0.00101,172.31.36.0-255,66,47588,20,89230
18568,0.001019,172.31.36.0-255,66,47654,20,89230
18569,0.001022,74.125.200.0-255,1484,49138,20,89230
18570,0.001052,172.31.36.0-255,66,49204,20,89230
18571,0.00106,172.31.36.0-255,66,49270,20,89230
18572,0.001089,74.125.200.0-255,1484,50754,20,89230
18573,0.001102,74.125.200.0-255,2184,52938,20,89230
18574,0.001105,172.31.36.0-255,66,53004,20,89230
18575,0.001136,172.31.36.0-255,66,53070,20,89230
18576,0.001141,74.125.200.0-255,2902,55972,20,89230
18577,0.001143,172.31.36.0-255,66,56038,20,89230
18578,0.001175,74.125.200.0-255,1484,57522,20,89230
18579,0.001185,172.31.36.0-255,66,57588,20,89230
18580,0.001195,172.31.36.0-255,66,57654,20,89230
18581,0.001223,172.31.36.0-255,66,57720,20,89230
18582,0.001257,172.31.36.0-255,66,57786,20,89230
18583,0.001298,74.125.200.0-255,1484,59270,20,89230
18584,0.001311,74.125.200.0-255,2902,62172,20,89230
18585,0.001314,172.31.36.0-255,66,62238,20,89230
18586,0.001356,172.31.36.0-255,66,62304,20,89230
18587,0.001364,172.31.36.0-255,66,62370,20,89230
18588,0.001379,172.31.36.0-255,66,62436,20,89230
18589,0.00139,172.31.36.0-255,66,62502,20,89230
18590,0.001414,74.125.200.0-255,1484,63986,20,89230
18591,0.001423,74.125.200.0-255,2184,66170,20,89230
18592,0.001426,172.31.36.0-255,66,66236,20,89230
18593,0.001518,74.125.200.0-255,1484,67720,20,89230
18594,0.001524,74.125.200.0-255,2902,70622,20,89230
18595,0.001527,172.31.36.0-255,66,70688,20,89230
18596,0.001559,74.125.200.0-255,1484,72172,20,89230
18597,0.001562,172.31.36.0-255,66,72238,20,89230
18598,0.001593,172.31.36.0-255,66,72304,20,89230
18599,0.001603,172.31.36.0-255,66,72370,20,89230
18600,0.001632,172.31.36.0-255,66,72436,20,89230
18601,0.001667,172.31.36.0-255,66,72502,20,89230
18602,0.001774,74.125.200.0-255,1484,73986,20,89230
18603,0.001778,74.125.200.0-255,1484,75470,20,89230
18604,0.001783,172.31.36.0-255,66,75536,20,89230
18605,0.001789,74.125.200.0-255,1484,77020,20,89230
18606,0.001835,74.125.200.0-255,1484,78504,20,89230
18607,0.001839,172.31.36.0-255,66,78570,20,89230
18608,0.001858,74.125.200.0-255,2902,81472,20,89230
18609,0.001862,172.31.36.0-255,66,81538,20,89230
18610,0.001871,172.31.36.0-255,66,81604,20,89230
18611,0.001884,172.31.36.0-255,66,81670,20,89230
18612,0.001887,74.125.200.0-255,1484,83154,20,89230
18613,0.001918,172.31.36.0-255,66,83220,20,89230
18614,0.001958,172.31.36.0-255,66,83286,20,89230
18615,0.001966,172.31.36.0-255,66,83352,20,89230
18616,0.001982,172.31.36.0-255,66,83418,20,89230
18617,0.002009,74.125.200.0-255,3602,87020,20,89230
18618,0.002017,172.31.36.0-255,66,87086,20,89230
18619,0.002048,172.31.36.0-255,66,87152,20,89230
18620,0.002079,172.31.36.0-255,66,87218,20,89230
18621,0.004075,74.125.200.0-255,1484,88702,20,89230
18622,0.004101,172.31.36.0-255,66,88768,20,89230
18623,0.006141,172.31.36.0-255,66,88834,20,89230
18624,0.008181,172.31.36.0-255,66,88900,20,89230
18625,0.010211,172.31.36.0-255,66,88966,20,89230
18626,0.01225,172.31.36.0-255,66,89032,20,89230
18627,0.014289,172.31.36.0-255,66,89098,20,89230
18628,0.016351,172.31.36.0-255,66,89164,20,89230
18629,0.018413,172.31.36.0-255,66,89230,20,89230
18630,0.0,74.125.24.0-255,153,153,20,53661
18631,3.1e-05,172.31.36.0-255,66,219,20,53661
18632,4e-05,74.125.24.0-255,1484,1703,20,53661
18633,4.5e-05,172.31.36.0-255,66,1769,20,53661
18634,5.1e-05,74.125.24.0-255,2902,4671,20,53661
18635,5.5e-05,172.31.36.0-255,66,4737,20,53661
18636,6.7e-05,172.31.36.0-255,66,4803,20,53661
18637,0.000119,172.31.36.0-255,66,4869,20,53661
18638,0.000123,74.125.24.0-255,2543,7412,20,53661
18639,0.000126,172.31.36.0-255,66,7478,20,53661
18640,0.000445,74.125.24.0-255,1484,8962,20,53661
18641,0.000453,172.31.36.0-255,66,9028,20,53661
18642,0.00046,74.125.24.0-255,2902,11930,20,53661
18643,0.000463,172.31.36.0-255,66,11996,20,53661
18644,0.000473,172.31.36.0-255,66,12062,20,53661
18645,0.000515,172.31.36.0-255,66,12128,20,53661
18646,0.000518,74.125.24.0-255,1484,13612,20,53661
18647,0.00052,172.31.36.0-255,66,13678,20,53661
18648,0.000546,172.31.36.0-255,66,13744,20,53661
18649,0.000549,74.125.24.0-255,766,14510,20,53661
18650,0.000551,172.31.36.0-255,66,14576,20,53661
18651,0.000623,74.125.24.0-255,365,14941,20,53661
18652,0.000627,172.31.36.0-255,66,15007,20,53661
18653,0.00072,74.125.24.0-255,125,15132,20,53661
18654,0.000725,172.31.36.0-255,66,15198,20,53661
18655,0.000744,74.125.24.0-255,1484,16682,20,53661
18656,0.000747,172.31.36.0-255,66,16748,20,53661
18657,0.000752,74.125.24.0-255,2902,19650,20,53661
18658,0.000755,172.31.36.0-255,66,19716,20,53661
18659,0.000758,74.125.24.0-255,1484,21200,20,53661
18660,0.000791,172.31.36.0-255,66,21266,20,53661
18661,0.000802,172.31.36.0-255,66,21332,20,53661
18662,0.000822,172.31.36.0-255,66,21398,20,53661
18663,0.000863,172.31.36.0-255,66,21464,20,53661
18664,0.000872,172.31.36.0-255,66,21530,20,53661
18665,0.000895,172.31.36.0-255,66,21596,20,53661
18666,0.001038,74.125.24.0-255,1484,23080,20,53661
18667,0.001044,74.125.24.0-255,1484,24564,20,53661
18668,0.001048,172.31.36.0-255,66,24630,20,53661
18669,0.001069,74.125.24.0-255,1484,26114,20,53661
18670,0.001074,74.125.24.0-255,2902,29016,20,53661
18671,0.001077,172.31.36.0-255,66,29082,20,53661
18672,0.001085,172.31.36.0-255,66,29148,20,53661
18673,0.001101,74.125.24.0-255,2902,32050,20,53661
18674,0.001103,172.31.36.0-255,66,32116,20,53661
18675,0.001153,74.125.24.0-255,1484,33600,20,53661
18676,0.001177,172.31.36.0-255,66,33666,20,53661
18677,0.001202,172.31.36.0-255,66,33732,20,53661
18678,0.00121,172.31.36.0-255,66,33798,20,53661
18679,0.00139,74.125.24.0-255,1484,35282,20,53661
18680,0.001434,74.125.24.0-255,1484,36766,20,53661
18681,0.001437,172.31.36.0-255,66,36832,20,53661
18682,0.001455,74.125.24.0-255,1484,38316,20,53661
18683,0.001463,172.31.36.0-255,66,38382,20,53661
18684,0.001472,172.31.36.0-255,66,38448,20,53661
18685,0.001486,172.31.36.0-255,66,38514,20,53661
18686,0.001497,172.31.36.0-255,66,38580,20,53661
18687,0.001526,74.125.24.0-255,1484,40064,20,53661
18688,0.001531,74.125.24.0-255,2902,42966,20,53661
18689,0.001552,172.31.36.0-255,66,43032,20,53661
18690,0.001563,172.31.36.0-255,66,43098,20,53661
18691,0.00157,172.31.36.0-255,66,43164,20,53661
18692,0.001593,74.125.24.0-255,2902,46066,20,53661
18693,0.001596,172.31.36.0-255,66,46132,20,53661
18694,0.001636,74.125.24.0-255,2902,49034,20,53661
18695,0.00164,172.31.36.0-255,66,49100,20,53661
18696,0.001667,172.31.36.0-255,66,49166,20,53661
18697,0.001671,74.125.24.0-255,2184,51350,20,53661
18698,0.001673,172.31.36.0-255,66,51416,20,53661
18699,0.002635,172.31.36.0-255,101,51517,20,53661
18700,0.003724,172.31.36.0-255,66,51583,20,53661
18701,0.004608,74.125.24.0-255,66,51649,20,53661
18702,0.005778,172.31.36.0-255,66,51715,20,53661
18703,0.007829,172.31.36.0-255,66,51781,20,53661
18704,0.00986,172.31.36.0-255,66,51847,20,53661
18705,0.011865,172.31.36.0-255,66,51913,20,53661
18706,0.013929,172.31.36.0-255,66,51979,20,53661
18707,0.015935,172.31.36.0-255,66,52045,20,53661
18708,0.016015,74.125.24.0-255,1484,53529,20,53661
18709,0.017945,172.31.36.0-255,66,53595,20,53661
18710,0.019969,172.31.36.0-255,66,53661,20,53661
18711,0.0,172.217.194.0-255,220,220,20,50105
18712,2.2e-05,172.31.36.0-255,66,286,20,50105
18713,2.9e-05,172.217.194.0-255,1484,1770,20,50105
18714,3.5e-05,172.31.36.0-255,66,1836,20,50105
18715,4.7e-05,172.31.36.0-255,66,1902,20,50105
18716,5.9e-05,172.31.36.0-255,66,1968,20,50105
18717,7.1e-05,172.31.36.0-255,66,2034,20,50105
18718,0.000103,172.31.36.0-255,66,2100,20,50105
18719,0.000135,172.217.194.0-255,1484,3584,20,50105
18720,0.000138,172.31.36.0-255,66,3650,20,50105
18721,0.00016,172.217.194.0-255,2902,6552,20,50105
18722,0.000162,172.31.36.0-255,66,6618,20,50105
18723,0.000171,172.31.36.0-255,66,6684,20,50105
18724,0.000197,172.31.36.0-255,66,6750,20,50105
18725,0.000225,172.31.36.0-255,66,6816,20,50105
18726,0.000237,172.31.36.0-255,66,6882,20,50105
18727,0.00024,172.217.194.0-255,119,7001,20,50105
18728,0.000243,172.31.36.0-255,66,7067,20,50105
18729,0.000268,172.217.194.0-255,382,7449,20,50105
18730,0.000271,172.31.36.0-255,66,7515,20,50105
18731,0.000465,172.217.194.0-255,1484,8999,20,50105
18732,0.000472,172.31.36.0-255,66,9065,20,50105
18733,0.000478,172.217.194.0-255,2902,11967,20,50105
18734,0.00048,172.31.36.0-255,66,12033,20,50105
18735,0.000489,172.31.36.0-255,66,12099,20,50105
18736,0.000507,172.217.194.0-255,2902,15001,20,50105
18737,0.000509,172.31.36.0-255,66,15067,20,50105
18738,0.000546,172.31.36.0-255,66,15133,20,50105
18739,0.000558,172.31.36.0-255,66,15199,20,50105
18740,0.00058,172.31.36.0-255,66,15265,20,50105
18741,0.000604,172.217.194.0-255,3602,18867,20,50105
18742,0.000607,172.31.36.0-255,66,18933,20,50105
18743,0.000674,172.31.36.0-255,66,18999,20,50105
18744,0.000713,172.217.194.0-255,2902,21901,20,50105
18745,0.000718,172.31.36.0-255,66,21967,20,50105
18746,0.000759,172.31.36.0-255,66,22033,20,50105
18747,0.000985,172.217.194.0-255,1484,23517,20,50105
18748,0.00099,172.217.194.0-255,2902,26419,20,50105
18749,0.000994,172.31.36.0-255,66,26485,20,50105
18750,0.000998,172.217.194.0-255,1484,27969,20,50105
18751,0.001047,172.31.36.0-255,66,28035,20,50105
18752,0.001074,172.31.36.0-255,66,28101,20,50105
18753,0.001231,172.217.194.0-255,1484,29585,20,50105
18754,0.001236,172.217.194.0-255,2902,32487,20,50105
18755,0.001239,172.31.36.0-255,66,32553,20,50105
18756,0.001262,172.217.194.0-255,2902,35455,20,50105
18757,0.001272,172.31.36.0-255,66,35521,20,50105
18758,0.001312,172.217.194.0-255,1484,37005,20,50105
18759,0.00132,172.31.36.0-255,66,37071,20,50105
18760,0.001327,172.217.194.0-255,766,37837,20,50105
18761,0.001355,172.217.194.0-255,1484,39321,20,50105
18762,0.001374,172.31.36.0-255,66,39387,20,50105
18763,0.001409,172.217.194.0-255,2902,42289,20,50105
18764,0.001417,172.31.36.0-255,66,42355,20,50105
18765,0.001449,172.31.36.0-255,66,42421,20,50105
18766,0.001708,172.217.194.0-255,1484,43905,20,50105
18767,0.001715,172.217.194.0-255,2902,46807,20,50105
18768,0.001766,172.217.194.0-255,2902,49709,20,50105
18769,0.007024,172.31.36.0-255,66,49775,20,50105
18770,0.009286,172.31.36.0-255,66,49841,20,50105
18771,0.011547,172.31.36.0-255,66,49907,20,50105
18772,0.013799,172.31.36.0-255,66,49973,20,50105
18773,0.016061,172.31.36.0-255,66,50039,20,50105
18774,0.018323,172.31.36.0-255,66,50105,20,50105
18775,0.0,74.125.200.0-255,288,288,20,70709
18776,2.4e-05,172.31.36.0-255,66,354,20,70709
18777,3.1e-05,74.125.200.0-255,1484,1838,20,70709
18778,3.5e-05,172.31.36.0-255,66,1904,20,70709
18779,4e-05,74.125.200.0-255,2902,4806,20,70709
18780,4.3e-05,172.31.36.0-255,66,4872,20,70709
18781,5.1e-05,172.31.36.0-255,66,4938,20,70709
18782,7.4e-05,74.125.200.0-255,1484,6422,20,70709
18783,7.6e-05,172.31.36.0-255,66,6488,20,70709
18784,0.000102,74.125.200.0-255,3300,9788,20,70709
18785,0.000105,172.31.36.0-255,66,9854,20,70709
18786,0.000114,172.31.36.0-255,66,9920,20,70709
18787,0.00013,74.125.200.0-255,1484,11404,20,70709
18788,0.000132,172.31.36.0-255,66,11470,20,70709
18789,0.000151,172.31.36.0-255,66,11536,20,70709
18790,0.000171,74.125.200.0-255,2902,14438,20,70709
18791,0.000173,172.31.36.0-255,66,14504,20,70709
18792,0.000197,74.125.200.0-255,3961,18465,20,70709
18793,0.000199,172.31.36.0-255,66,18531,20,70709
18794,0.000338,74.125.200.0-255,1484,20015,20,70709
18795,0.000342,172.31.36.0-255,66,20081,20,70709
18796,0.000348,74.125.200.0-255,2902,22983,20,70709
18797,0.00035,172.31.36.0-255,66,23049,20,70709
18798,0.000368,74.125.200.0-255,1484,24533,20,70709
18799,0.00037,172.31.36.0-255,66,24599,20,70709
18800,0.000391,172.31.36.0-255,66,24665,20,70709
18801,0.000424,172.31.36.0-255,66,24731,20,70709
18802,0.000444,172.31.36.0-255,66,24797,20,70709
18803,0.000481,172.31.36.0-255,66,24863,20,70709
18804,0.000522,74.125.200.0-255,1403,26266,20,70709
18805,0.000541,74.125.200.0-255,132,26398,20,70709
18806,0.000628,74.125.200.0-255,343,26741,20,70709
18807,0.000632,172.31.36.0-255,66,26807,20,70709
18808,0.000727,74.125.200.0-255,1484,28291,20,70709
18809,0.000731,74.125.200.0-255,1484,29775,20,70709
18810,0.000735,172.31.36.0-255,66,29841,20,70709
18811,0.000757,74.125.200.0-255,1484,31325,20,70709
18812,0.000767,172.31.36.0-255,66,31391,20,70709
18813,0.000776,172.31.36.0-255,66,31457,20,70709
18814,0.00081,172.31.36.0-255,66,31523,20,70709
18815,0.000827,172.31.36.0-255,66,31589,20,70709
18816,0.000856,172.31.36.0-255,66,31655,20,70709
18817,0.001336,74.125.200.0-255,1484,33139,20,70709
18818,0.001342,74.125.200.0-255,2902,36041,20,70709
18819,0.001345,172.31.36.0-255,66,36107,20,70709
18820,0.001372,172.31.36.0-255,66,36173,20,70709
18821,0.001377,74.125.200.0-255,2902,39075,20,70709
18822,0.001379,172.31.36.0-255,66,39141,20,70709
18823,0.00141,172.31.36.0-255,66,39207,20,70709
18824,0.001421,172.31.36.0-255,66,39273,20,70709
18825,0.001449,172.31.36.0-255,66,39339,20,70709
18826,0.001993,74.125.200.0-255,1484,40823,20,70709
18827,0.002002,74.125.200.0-255,1484,42307,20,70709
18828,0.002005,172.31.36.0-255,66,42373,20,70709
18829,0.002023,74.125.200.0-255,1484,43857,20,70709
18830,0.002042,172.31.36.0-255,66,43923,20,70709
18831,0.002059,74.125.200.0-255,1484,45407,20,70709
18832,0.002078,172.31.36.0-255,66,45473,20,70709
18833,0.002082,74.125.200.0-255,1484,46957,20,70709
18834,0.002104,172.31.36.0-255,66,47023,20,70709
18835,0.002125,172.31.36.0-255,66,47089,20,70709
18836,0.002147,74.125.200.0-255,3602,50691,20,70709
18837,0.002149,172.31.36.0-255,66,50757,20,70709
18838,0.002263,74.125.200.0-255,1484,52241,20,70709
18839,0.002286,74.125.200.0-255,2902,55143,20,70709
18840,0.002289,172.31.36.0-255,66,55209,20,70709
18841,0.002313,74.125.200.0-255,1484,56693,20,70709
18842,0.002326,74.125.200.0-255,2902,59595,20,70709
18843,0.002328,172.31.36.0-255,66,59661,20,70709
18844,0.002362,172.31.36.0-255,66,59727,20,70709
18845,0.002393,172.31.36.0-255,66,59793,20,70709
18846,0.002399,74.125.200.0-255,2902,62695,20,70709
18847,0.002401,172.31.36.0-255,66,62761,20,70709
18848,0.002426,172.31.36.0-255,66,62827,20,70709
18849,0.002429,74.125.200.0-255,1484,64311,20,70709
18850,0.002483,172.31.36.0-255,66,64377,20,70709
18851,0.002514,74.125.200.0-255,1484,65861,20,70709
18852,0.002529,74.125.200.0-255,2902,68763,20,70709
18853,0.002532,172.31.36.0-255,66,68829,20,70709
18854,0.002535,74.125.200.0-255,1484,70313,20,70709
18855,0.005065,172.31.36.0-255,66,70379,20,70709
18856,0.007631,172.31.36.0-255,66,70445,20,70709
18857,0.010174,172.31.36.0-255,66,70511,20,70709
18858,0.012724,172.31.36.0-255,66,70577,20,70709
18859,0.015279,172.31.36.0-255,66,70643,20,70709
18860,0.017889,172.31.36.0-255,66,70709,20,70709
18861,0.0,74.125.24.0-255,153,153,20,53675
18862,2.5e-05,172.31.36.0-255,66,219,20,53675
18863,3.3e-05,74.125.24.0-255,1484,1703,20,53675
18864,3.8e-05,172.31.36.0-255,66,1769,20,53675
18865,5.1e-05,74.125.24.0-255,2902,4671,20,53675
18866,5.4e-05,172.31.36.0-255,66,4737,20,53675
18867,6.4e-05,172.31.36.0-255,66,4803,20,53675
18868,0.0001,172.31.36.0-255,66,4869,20,53675
18869,0.000121,172.31.36.0-255,66,4935,20,53675
18870,0.000147,74.125.24.0-255,1484,6419,20,53675
18871,0.000149,172.31.36.0-255,66,6485,20,53675
18872,0.000164,172.31.36.0-255,66,6551,20,53675
18873,0.000202,74.125.24.0-255,3961,10512,20,53675
18874,0.000206,172.31.36.0-255,66,10578,20,53675
18875,0.000248,74.125.24.0-255,2902,13480,20,53675
18876,0.000251,172.31.36.0-255,66,13546,20,53675
18877,0.00026,172.31.36.0-255,66,13612,20,53675
18878,0.000319,172.31.36.0-255,66,13678,20,53675
18879,0.000329,172.31.36.0-255,66,13744,20,53675
18880,0.000354,172.31.36.0-255,66,13810,20,53675
18881,0.000385,172.31.36.0-255,66,13876,20,53675
18882,0.000388,74.125.24.0-255,361,14237,20,53675
18883,0.00039,172.31.36.0-255,66,14303,20,53675
18884,0.000506,74.125.24.0-255,136,14439,20,53675
18885,0.000723,74.125.24.0-255,1484,15923,20,53675
18886,0.00073,172.31.36.0-255,66,15989,20,53675
18887,0.000736,74.125.24.0-255,2902,18891,20,53675
18888,0.000738,172.31.36.0-255,66,18957,20,53675
18889,0.000753,172.31.36.0-255,66,19023,20,53675
18890,0.000798,172.31.36.0-255,66,19089,20,53675
18891,0.000807,172.31.36.0-255,66,19155,20,53675
18892,0.000838,74.125.24.0-255,3961,23116,20,53675
18893,0.000841,172.31.36.0-255,66,23182,20,53675
18894,0.000844,74.125.24.0-255,343,23525,20,53675
18895,0.001016,74.125.24.0-255,1484,25009,20,53675
18896,0.00102,172.31.36.0-255,66,25075,20,53675
18897,0.001024,74.125.24.0-255,1484,26559,20,53675
18898,0.00105,74.125.24.0-255,1484,28043,20,53675
18899,0.001052,172.31.36.0-255,66,28109,20,53675
18900,0.001056,74.125.24.0-255,1484,29593,20,53675
18901,0.001078,172.31.36.0-255,66,29659,20,53675
18902,0.001082,74.125.24.0-255,1484,31143,20,53675
18903,0.001093,172.31.36.0-255,66,31209,20,53675
18904,0.001139,172.31.36.0-255,66,31275,20,53675
18905,0.001219,74.125.24.0-255,1484,32759,20,53675
18906,0.00124,74.125.24.0-255,2902,35661,20,53675
18907,0.001244,172.31.36.0-255,66,35727,20,53675
18908,0.001252,172.31.36.0-255,66,35793,20,53675
18909,0.001275,74.125.24.0-255,1484,37277,20,53675
18910,0.001289,172.31.36.0-255,66,37343,20,53675
18911,0.001304,172.31.36.0-255,66,37409,20,53675
18912,0.001354,172.31.36.0-255,66,37475,20,53675
18913,0.001371,172.31.36.0-255,66,37541,20,53675
18914,0.001393,74.125.24.0-255,1484,39025,20,53675
18915,0.001398,74.125.24.0-255,2184,41209,20,53675
18916,0.001399,172.31.36.0-255,66,41275,20,53675
18917,0.002589,74.125.24.0-255,1484,42759,20,53675
18918,0.002596,74.125.24.0-255,2902,45661,20,53675
18919,0.002601,172.31.36.0-255,66,45727,20,53675
18920,0.002606,74.125.24.0-255,2902,48629,20,53675
18921,0.002608,172.31.36.0-255,66,48695,20,53675
18922,0.002632,74.125.24.0-255,2902,51597,20,53675
18923,0.002638,172.31.36.0-255,66,51663,20,53675
18924,0.002652,172.31.36.0-255,66,51729,20,53675
18925,0.002683,74.125.24.0-255,1484,53213,20,53675
18926,0.002721,172.31.36.0-255,66,53279,20,53675
18927,0.005362,172.31.36.0-255,66,53345,20,53675
18928,0.007991,172.31.36.0-255,66,53411,20,53675
18929,0.010637,172.31.36.0-255,66,53477,20,53675
18930,0.013267,172.31.36.0-255,66,53543,20,53675
18931,0.015919,172.31.36.0-255,66,53609,20,53675
18932,0.018546,172.31.36.0-255,66,53675,20,53675
18933,0.0,172.253.118.0-255,153,153,20,43973
18934,2.3e-05,172.31.36.0-255,66,219,20,43973
18935,3e-05,172.253.118.0-255,1484,1703,20,43973
18936,3.6e-05,172.31.36.0-255,66,1769,20,43973
18937,4.2e-05,172.253.118.0-255,2902,4671,20,43973
18938,4.6e-05,172.31.36.0-255,66,4737,20,43973
18939,5.7e-05,172.31.36.0-255,66,4803,20,43973
18940,6e-05,172.253.118.0-255,1484,6287,20,43973
18941,6.2e-05,172.31.36.0-255,66,6353,20,43973
18942,0.000108,172.31.36.0-255,66,6419,20,43973
18943,0.000118,172.31.36.0-255,66,6485,20,43973
18944,0.000177,172.253.118.0-255,1484,7969,20,43973
18945,0.00018,172.31.36.0-255,66,8035,20,43973
18946,0.000184,172.253.118.0-255,1484,9519,20,43973
18947,0.000186,172.31.36.0-255,66,9585,20,43973
18948,0.000207,172.253.118.0-255,1484,11069,20,43973
18949,0.000209,172.31.36.0-255,66,11135,20,43973
18950,0.000219,172.31.36.0-255,66,11201,20,43973
18951,0.000251,172.253.118.0-255,1484,12685,20,43973
18952,0.000253,172.31.36.0-255,66,12751,20,43973
18953,0.000275,172.31.36.0-255,66,12817,20,43973
18954,0.000285,172.31.36.0-255,66,12883,20,43973
18955,0.000317,172.31.36.0-255,66,12949,20,43973
18956,0.00032,172.253.118.0-255,372,13321,20,43973
18957,0.000322,172.31.36.0-255,66,13387,20,43973
18958,0.000631,172.253.118.0-255,1484,14871,20,43973
18959,0.00064,172.253.118.0-255,2902,17773,20,43973
18960,0.000643,172.31.36.0-255,66,17839,20,43973
18961,0.000648,172.253.118.0-255,1484,19323,20,43973
18962,0.000654,172.253.118.0-255,2902,22225,20,43973
18963,0.000656,172.31.36.0-255,66,22291,20,43973
18964,0.000673,172.253.118.0-255,2902,25193,20,43973
18965,0.000675,172.31.36.0-255,66,25259,20,43973
18966,0.000711,172.253.118.0-255,2902,28161,20,43973
18967,0.000714,172.31.36.0-255,66,28227,20,43973
18968,0.000744,172.31.36.0-255,66,28293,20,43973
18969,0.000746,172.253.118.0-255,1484,29777,20,43973
18970,0.000773,172.31.36.0-255,66,29843,20,43973
18971,0.000799,172.253.118.0-255,1484,31327,20,43973
18972,0.000816,172.253.118.0-255,2184,33511,20,43973
18973,0.00082,172.31.36.0-255,66,33577,20,43973
18974,0.001375,172.253.118.0-255,1484,35061,20,43973
18975,0.001382,172.253.118.0-255,2902,37963,20,43973
18976,0.001385,172.31.36.0-255,66,38029,20,43973
18977,0.001422,172.31.36.0-255,66,38095,20,43973
18978,0.00143,172.31.36.0-255,66,38161,20,43973
18979,0.001434,172.253.118.0-255,2902,41063,20,43973
18980,0.001437,172.31.36.0-255,66,41129,20,43973
18981,0.001447,172.31.36.0-255,66,41195,20,43973
18982,0.001484,172.31.36.0-255,66,41261,20,43973
18983,0.001489,172.253.118.0-255,2184,43445,20,43973
18984,0.001491,172.31.36.0-255,66,43511,20,43973
18985,0.003816,172.31.36.0-255,66,43577,20,43973
18986,0.006175,172.31.36.0-255,66,43643,20,43973
18987,0.008529,172.31.36.0-255,66,43709,20,43973
18988,0.01088,172.31.36.0-255,66,43775,20,43973
18989,0.013231,172.31.36.0-255,66,43841,20,43973
18990,0.015588,172.31.36.0-255,66,43907,20,43973
18991,0.017951,172.31.36.0-255,66,43973,20,43973
18992,0.0,74.125.130.0-255,150,150,20,70992
18993,3.5e-05,172.31.36.0-255,66,216,20,70992
18994,4.2e-05,74.125.130.0-255,1484,1700,20,70992
18995,4.7e-05,172.31.36.0-255,66,1766,20,70992
18996,5.1e-05,74.125.130.0-255,2902,4668,20,70992
18997,6.4e-05,172.31.36.0-255,66,4734,20,70992
18998,0.000107,172.31.36.0-255,66,4800,20,70992
18999,0.000132,74.125.130.0-255,3567,8367,20,70992
19000,0.000135,172.31.36.0-255,66,8433,20,70992
19001,0.000591,74.125.130.0-255,1484,9917,20,70992
19002,0.000597,172.31.36.0-255,66,9983,20,70992
19003,0.000624,74.125.130.0-255,2902,12885,20,70992
19004,0.000628,172.31.36.0-255,66,12951,20,70992
19005,0.000637,172.31.36.0-255,66,13017,20,70992
19006,0.000642,74.125.130.0-255,2902,15919,20,70992
19007,0.000644,172.31.36.0-255,66,15985,20,70992
19008,0.00065,74.125.130.0-255,3961,19946,20,70992
19009,0.000653,172.31.36.0-255,66,20012,20,70992
19010,0.000919,74.125.130.0-255,1484,21496,20,70992
19011,0.000925,172.31.36.0-255,66,21562,20,70992
19012,0.000953,74.125.130.0-255,2902,24464,20,70992
19013,0.000957,172.31.36.0-255,66,24530,20,70992
19014,0.000966,172.31.36.0-255,66,24596,20,70992
19015,0.001,172.31.36.0-255,66,24662,20,70992
19016,0.001049,172.31.36.0-255,66,24728,20,70992
19017,0.001059,74.125.130.0-255,1484,26212,20,70992
19018,0.001066,172.31.36.0-255,66,26278,20,70992
19019,0.001104,172.31.36.0-255,66,26344,20,70992
19020,0.001109,74.125.130.0-255,2902,29246,20,70992
19021,0.001111,172.31.36.0-255,66,29312,20,70992
19022,0.00113,74.125.130.0-255,1125,30437,20,70992
19023,0.001155,74.125.130.0-255,339,30776,20,70992
19024,0.001204,74.125.130.0-255,1484,32260,20,70992
19025,0.00121,172.31.36.0-255,66,32326,20,70992
19026,0.00124,74.125.130.0-255,2902,35228,20,70992
19027,0.001243,172.31.36.0-255,66,35294,20,70992
19028,0.001267,74.125.130.0-255,1484,36778,20,70992
19029,0.001271,74.125.130.0-255,1484,38262,20,70992
19030,0.001273,172.31.36.0-255,66,38328,20,70992
19031,0.001305,172.31.36.0-255,66,38394,20,70992
19032,0.001315,172.31.36.0-255,66,38460,20,70992
19033,0.001419,74.125.130.0-255,1484,39944,20,70992
19034,0.001434,74.125.130.0-255,2902,42846,20,70992
19035,0.001438,172.31.36.0-255,66,42912,20,70992
19036,0.001452,74.125.130.0-255,2902,45814,20,70992
19037,0.001458,172.31.36.0-255,66,45880,20,70992
19038,0.001483,74.125.130.0-255,2902,48782,20,70992
19039,0.001487,172.31.36.0-255,66,48848,20,70992
19040,0.001497,172.31.36.0-255,66,48914,20,70992
19041,0.001946,74.125.130.0-255,1484,50398,20,70992
19042,0.001969,74.125.130.0-255,2902,53300,20,70992
19043,0.001974,172.31.36.0-255,66,53366,20,70992
19044,0.002,172.31.36.0-255,66,53432,20,70992
19045,0.002044,172.31.36.0-255,66,53498,20,70992
19046,0.002048,74.125.130.0-255,2902,56400,20,70992
19047,0.00205,172.31.36.0-255,66,56466,20,70992
19048,0.002058,172.31.36.0-255,66,56532,20,70992
19049,0.002095,172.31.36.0-255,66,56598,20,70992
19050,0.002137,172.31.36.0-255,66,56664,20,70992
19051,0.002141,74.125.130.0-255,1484,58148,20,70992
19052,0.002173,74.125.130.0-255,766,58914,20,70992
19053,0.002178,172.31.36.0-255,66,58980,20,70992
19054,0.002335,74.125.130.0-255,1484,60464,20,70992
19055,0.002352,74.125.130.0-255,2902,63366,20,70992
19056,0.002356,172.31.36.0-255,66,63432,20,70992
19057,0.002396,172.31.36.0-255,66,63498,20,70992
19058,0.002406,172.31.36.0-255,66,63564,20,70992
19059,0.002424,172.31.36.0-255,66,63630,20,70992
19060,0.002441,172.31.36.0-255,66,63696,20,70992
19061,0.002466,74.125.130.0-255,3602,67298,20,70992
19062,0.002469,172.31.36.0-255,66,67364,20,70992
19063,0.002497,172.31.36.0-255,66,67430,20,70992
19064,0.002518,74.125.130.0-255,2902,70332,20,70992
19065,0.002524,172.31.36.0-255,66,70398,20,70992
19066,0.002529,172.31.36.0-255,66,70464,20,70992
19067,0.002575,172.31.36.0-255,66,70530,20,70992
19068,0.002641,172.31.36.0-255,66,70596,20,70992
19069,0.005297,172.31.36.0-255,66,70662,20,70992
19070,0.007929,172.31.36.0-255,66,70728,20,70992
19071,0.010594,172.31.36.0-255,66,70794,20,70992
19072,0.01325,172.31.36.0-255,66,70860,20,70992
19073,0.015928,172.31.36.0-255,66,70926,20,70992
19074,0.018595,172.31.36.0-255,66,70992,20,70992
19075,0.0,74.125.24.0-255,153,153,20,80331
19076,2.3e-05,172.31.36.0-255,66,219,20,80331
19077,3.1e-05,74.125.24.0-255,1484,1703,20,80331
19078,3.6e-05,172.31.36.0-255,66,1769,20,80331
19079,4.8e-05,74.125.24.0-255,2902,4671,20,80331
19080,5.2e-05,172.31.36.0-255,66,4737,20,80331
19081,5.7e-05,74.125.24.0-255,2902,7639,20,80331
19082,6.1e-05,172.31.36.0-255,66,7705,20,80331
19083,0.000112,172.31.36.0-255,66,7771,20,80331
19084,0.000227,74.125.24.0-255,1484,9255,20,80331
19085,0.000231,172.31.36.0-255,66,9321,20,80331
19086,0.000237,74.125.24.0-255,2902,12223,20,80331
19087,0.000241,172.31.36.0-255,66,12289,20,80331
19088,0.000254,172.31.36.0-255,66,12355,20,80331
19089,0.00028,74.125.24.0-255,1484,13839,20,80331
19090,0.000282,172.31.36.0-255,66,13905,20,80331
19091,0.000294,172.31.36.0-255,66,13971,20,80331
19092,0.00031,172.31.36.0-255,66,14037,20,80331
19093,0.000366,172.31.36.0-255,66,14103,20,80331
19094,0.000725,74.125.24.0-255,1484,15587,20,80331
19095,0.000731,172.31.36.0-255,66,15653,20,80331
19096,0.000738,74.125.24.0-255,2902,18555,20,80331
19097,0.00074,172.31.36.0-255,66,18621,20,80331
19098,0.000755,172.31.36.0-255,66,18687,20,80331
19099,0.000785,172.31.36.0-255,66,18753,20,80331
19100,0.000839,172.31.36.0-255,66,18819,20,80331
19101,0.000847,172.31.36.0-255,66,18885,20,80331
19102,0.000862,172.31.36.0-255,66,18951,20,80331
19103,0.000897,172.31.36.0-255,66,19017,20,80331
19104,0.000901,74.125.24.0-255,1484,20501,20,80331
19105,0.000937,172.31.36.0-255,66,20567,20,80331
19106,0.000972,172.31.36.0-255,66,20633,20,80331
19107,0.001002,172.31.36.0-255,66,20699,20,80331
19108,0.001029,74.125.24.0-255,2902,23601,20,80331
19109,0.001032,172.31.36.0-255,66,23667,20,80331
19110,0.001049,172.31.36.0-255,66,23733,20,80331
19111,0.0011,74.125.24.0-255,1484,25217,20,80331
19112,0.001116,74.125.24.0-255,2902,28119,20,80331
19113,0.001119,172.31.36.0-255,66,28185,20,80331
19114,0.001153,172.31.36.0-255,66,28251,20,80331
19115,0.001156,74.125.24.0-255,1484,29735,20,80331
19116,0.001188,172.31.36.0-255,66,29801,20,80331
19117,0.001227,172.31.36.0-255,66,29867,20,80331
19118,0.001256,172.31.36.0-255,66,29933,20,80331
19119,0.001283,172.31.36.0-255,66,29999,20,80331
19120,0.001318,172.31.36.0-255,66,30065,20,80331
19121,0.001355,172.31.36.0-255,66,30131,20,80331
19122,0.001365,172.31.36.0-255,66,30197,20,80331
19123,0.001837,74.125.24.0-255,1484,31681,20,80331
19124,0.001842,74.125.24.0-255,1484,33165,20,80331
19125,0.001845,172.31.36.0-255,66,33231,20,80331
19126,0.001878,74.125.24.0-255,1484,34715,20,80331
19127,0.001888,172.31.36.0-255,66,34781,20,80331
19128,0.001891,74.125.24.0-255,1484,36265,20,80331
19129,0.001918,172.31.36.0-255,66,36331,20,80331
19130,0.001929,172.31.36.0-255,66,36397,20,80331
19131,0.001984,74.125.24.0-255,2184,38581,20,80331
19132,0.001987,172.31.36.0-255,66,38647,20,80331
19133,0.004203,74.125.24.0-255,2902,41549,20,80331
19134,0.004218,172.31.36.0-255,66,41615,20,80331
19135,0.004247,74.125.24.0-255,1484,43099,20,80331
19136,0.004261,74.125.24.0-255,1484,44583,20,80331
19137,0.004263,172.31.36.0-255,66,44649,20,80331
19138,0.006502,74.125.24.0-255,2902,47551,20,80331
19139,0.006508,172.31.36.0-255,66,47617,20,80331
19140,0.006528,74.125.24.0-255,1484,49101,20,80331
19141,0.006545,74.125.24.0-255,1484,50585,20,80331
19142,0.006547,172.31.36.0-255,66,50651,20,80331
19143,0.008791,74.125.24.0-255,2902,53553,20,80331
19144,0.008799,172.31.36.0-255,66,53619,20,80331
19145,0.008837,74.125.24.0-255,2902,56521,20,80331
19146,0.00884,172.31.36.0-255,66,56587,20,80331
19147,0.011079,74.125.24.0-255,2902,59489,20,80331
19148,0.011089,172.31.36.0-255,66,59555,20,80331
19149,0.011123,74.125.24.0-255,2902,62457,20,80331
19150,0.011126,172.31.36.0-255,66,62523,20,80331
19151,0.01337,74.125.24.0-255,2902,65425,20,80331
19152,0.01338,172.31.36.0-255,66,65491,20,80331
19153,0.013413,74.125.24.0-255,2902,68393,20,80331
19154,0.013415,172.31.36.0-255,66,68459,20,80331
19155,0.015656,74.125.24.0-255,2902,71361,20,80331
19156,0.015666,172.31.36.0-255,66,71427,20,80331
19157,0.015703,74.125.24.0-255,2902,74329,20,80331
19158,0.015706,172.31.36.0-255,66,74395,20,80331
19159,0.017946,74.125.24.0-255,2902,77297,20,80331
19160,0.017958,172.31.36.0-255,66,77363,20,80331
19161,0.017996,74.125.24.0-255,2902,80265,20,80331
19162,0.017999,172.31.36.0-255,66,80331,20,80331
19163,0.0,74.125.200.0-255,156,156,20,94166
19164,2.3e-05,172.31.36.0-255,66,222,20,94166
19165,2.9e-05,74.125.200.0-255,1484,1706,20,94166
19166,3.4e-05,172.31.36.0-255,66,1772,20,94166
19167,3.7e-05,74.125.200.0-255,1484,3256,20,94166
19168,4.9e-05,172.31.36.0-255,66,3322,20,94166
19169,5.6e-05,74.125.200.0-255,2902,6224,20,94166
19170,5.9e-05,172.31.36.0-255,66,6290,20,94166
19171,7e-05,172.31.36.0-255,66,6356,20,94166
19172,0.000106,74.125.200.0-255,2035,8391,20,94166
19173,0.000109,172.31.36.0-255,66,8457,20,94166
19174,0.000138,74.125.200.0-255,1484,9941,20,94166
19175,0.000141,172.31.36.0-255,66,10007,20,94166
19176,0.000162,74.125.200.0-255,2902,12909,20,94166
19177,0.000165,172.31.36.0-255,66,12975,20,94166
19178,0.000174,172.31.36.0-255,66,13041,20,94166
19179,0.000203,172.31.36.0-255,66,13107,20,94166
19180,0.000231,74.125.200.0-255,2902,16009,20,94166
19181,0.000233,172.31.36.0-255,66,16075,20,94166
19182,0.000254,74.125.200.0-255,3961,20036,20,94166
19183,0.000257,172.31.36.0-255,66,20102,20,94166
19184,0.000267,172.31.36.0-255,66,20168,20,94166
19185,0.000295,74.125.200.0-255,3961,24129,20,94166
19186,0.000298,172.31.36.0-255,66,24195,20,94166
19187,0.000336,74.125.200.0-255,1484,25679,20,94166
19188,0.000338,172.31.36.0-255,66,25745,20,94166
19189,0.000343,74.125.200.0-255,2902,28647,20,94166
19190,0.000346,172.31.36.0-255,66,28713,20,94166
19191,0.000379,172.31.36.0-255,66,28779,20,94166
19192,0.00041,172.31.36.0-255,66,28845,20,94166
19193,0.000435,74.125.200.0-255,414,29259,20,94166
19194,0.00048,74.125.200.0-255,1484,30743,20,94166
19195,0.000482,172.31.36.0-255,66,30809,20,94166
19196,0.000486,74.125.200.0-255,1484,32293,20,94166
19197,0.000509,74.125.200.0-255,2902,35195,20,94166
19198,0.000512,172.31.36.0-255,66,35261,20,94166
19199,0.000551,172.31.36.0-255,66,35327,20,94166
19200,0.00057,172.31.36.0-255,66,35393,20,94166
19201,0.000594,172.31.36.0-255,66,35459,20,94166
19202,0.000626,172.31.36.0-255,66,35525,20,94166
19203,0.000798,74.125.200.0-255,1484,37009,20,94166
19204,0.000814,74.125.200.0-255,2902,39911,20,94166
19205,0.000818,172.31.36.0-255,66,39977,20,94166
19206,0.000824,74.125.200.0-255,2902,42879,20,94166
19207,0.000826,172.31.36.0-255,66,42945,20,94166
19208,0.000842,74.125.200.0-255,1484,44429,20,94166
19209,0.000845,74.125.200.0-255,1484,45913,20,94166
19210,0.000851,172.31.36.0-255,66,45979,20,94166
19211,0.000887,172.31.36.0-255,66,46045,20,94166
19212,0.000898,172.31.36.0-255,66,46111,20,94166
19213,0.000909,172.31.36.0-255,66,46177,20,94166
19214,0.000912,74.125.200.0-255,766,46943,20,94166
19215,0.000948,74.125.200.0-255,1484,48427,20,94166
19216,0.00095,172.31.36.0-255,66,48493,20,94166
19217,0.000956,74.125.200.0-255,2902,51395,20,94166
19218,0.000958,172.31.36.0-255,66,51461,20,94166
19219,0.000992,74.125.200.0-255,1484,52945,20,94166
19220,0.001014,172.31.36.0-255,66,53011,20,94166
19221,0.001022,172.31.36.0-255,66,53077,20,94166
19222,0.001029,172.31.36.0-255,66,53143,20,94166
19223,0.001076,172.31.36.0-255,66,53209,20,94166
19224,0.001102,74.125.200.0-255,1484,54693,20,94166
19225,0.001108,74.125.200.0-255,2902,57595,20,94166
19226,0.00111,172.31.36.0-255,66,57661,20,94166
19227,0.001113,74.125.200.0-255,1484,59145,20,94166
19228,0.001141,172.31.36.0-255,66,59211,20,94166
19229,0.00115,172.31.36.0-255,66,59277,20,94166
19230,0.001177,74.125.200.0-255,2902,62179,20,94166
19231,0.001179,172.31.36.0-255,66,62245,20,94166
19232,0.001224,172.31.36.0-255,66,62311,20,94166
19233,0.001229,74.125.200.0-255,2184,64495,20,94166
19234,0.001231,172.31.36.0-255,66,64561,20,94166
19235,0.001296,74.125.200.0-255,2902,67463,20,94166
19236,0.0013,172.31.36.0-255,66,67529,20,94166
19237,0.00131,172.31.36.0-255,66,67595,20,94166
19238,0.00132,172.31.36.0-255,66,67661,20,94166
19239,0.001363,172.31.36.0-255,66,67727,20,94166
19240,0.001368,74.125.200.0-255,2184,69911,20,94166
19241,0.00137,172.31.36.0-255,66,69977,20,94166
19242,0.00148,74.125.200.0-255,1484,71461,20,94166
19243,0.001486,74.125.200.0-255,1484,72945,20,94166
19244,0.001488,172.31.36.0-255,66,73011,20,94166
19245,0.001513,74.125.200.0-255,1484,74495,20,94166
19246,0.001523,172.31.36.0-255,66,74561,20,94166
19247,0.001564,74.125.200.0-255,2902,77463,20,94166
19248,0.001569,172.31.36.0-255,66,77529,20,94166
19249,0.001576,172.31.36.0-255,66,77595,20,94166
19250,0.001591,172.31.36.0-255,66,77661,20,94166
19251,0.001601,172.31.36.0-255,66,77727,20,94166
19252,0.001726,74.125.200.0-255,1484,79211,20,94166
19253,0.00173,74.125.200.0-255,1484,80695,20,94166
19254,0.001733,172.31.36.0-255,66,80761,20,94166
19255,0.001758,74.125.200.0-255,1484,82245,20,94166
19256,0.00177,172.31.36.0-255,66,82311,20,94166
19257,0.001802,172.31.36.0-255,66,82377,20,94166
19258,0.001827,74.125.200.0-255,2902,85279,20,94166
19259,0.001829,172.31.36.0-255,66,85345,20,94166
19260,0.001842,172.31.36.0-255,66,85411,20,94166
19261,0.001863,74.125.200.0-255,1484,86895,20,94166
19262,0.001867,74.125.200.0-255,2184,89079,20,94166
19263,0.001871,74.125.200.0-255,2902,91981,20,94166
19264,0.001878,172.31.36.0-255,66,92047,20,94166
19265,0.001881,172.31.36.0-255,66,92113,20,94166
19266,0.001915,172.31.36.0-255,66,92179,20,94166
19267,0.001929,172.31.36.0-255,66,92245,20,94166
19268,0.001966,172.31.36.0-255,66,92311,20,94166
19269,0.001969,74.125.200.0-255,766,93077,20,94166
19270,0.002021,172.31.36.0-255,66,93143,20,94166
19271,0.002043,172.31.36.0-255,66,93209,20,94166
19272,0.002094,172.31.36.0-255,66,93275,20,94166
19273,0.004113,172.31.36.0-255,66,93341,20,94166
19274,0.006135,172.31.36.0-255,66,93407,20,94166
19275,0.008181,172.31.36.0-255,66,93473,20,94166
19276,0.010212,172.31.36.0-255,66,93539,20,94166
19277,0.012248,172.31.36.0-255,66,93605,20,94166
19278,0.014281,172.31.36.0-255,66,93671,20,94166
19279,0.016271,74.125.200.0-255,495,94166,20,94166
19280,0.0,172.217.194.0-255,153,153,20,70711
19281,2.3e-05,172.31.36.0-255,66,219,20,70711
19282,3e-05,172.217.194.0-255,1484,1703,20,70711
19283,3.5e-05,172.31.36.0-255,66,1769,20,70711
19284,4.1e-05,172.217.194.0-255,2902,4671,20,70711
19285,4.3e-05,172.31.36.0-255,66,4737,20,70711
19286,5.4e-05,172.31.36.0-255,66,4803,20,70711
19287,5.7e-05,172.217.194.0-255,1484,6287,20,70711
19288,6.1e-05,172.31.36.0-255,66,6353,20,70711
19289,9.1e-05,172.217.194.0-255,2902,9255,20,70711
19290,9.3e-05,172.31.36.0-255,66,9321,20,70711
19291,0.000117,172.31.36.0-255,66,9387,20,70711
19292,0.000144,172.217.194.0-255,3473,12860,20,70711
19293,0.000146,172.31.36.0-255,66,12926,20,70711
19294,0.000151,172.217.194.0-255,2543,15469,20,70711
19295,0.000153,172.31.36.0-255,66,15535,20,70711
19296,0.000254,172.217.194.0-255,1484,17019,20,70711
19297,0.000257,172.31.36.0-255,66,17085,20,70711
19298,0.000296,172.217.194.0-255,2902,19987,20,70711
19299,0.0003,172.31.36.0-255,66,20053,20,70711
19300,0.000308,172.31.36.0-255,66,20119,20,70711
19301,0.000318,172.31.36.0-255,66,20185,20,70711
19302,0.000361,172.217.194.0-255,1484,21669,20,70711
19303,0.000364,172.31.36.0-255,66,21735,20,70711
19304,0.000368,172.217.194.0-255,2902,24637,20,70711
19305,0.00037,172.31.36.0-255,66,24703,20,70711
19306,0.0004,172.31.36.0-255,66,24769,20,70711
19307,0.00041,172.31.36.0-255,66,24835,20,70711
19308,0.000516,172.217.194.0-255,1484,26319,20,70711
19309,0.000522,172.217.194.0-255,2902,29221,20,70711
19310,0.000525,172.31.36.0-255,66,29287,20,70711
19311,0.000529,172.217.194.0-255,1484,30771,20,70711
19312,0.000549,172.31.36.0-255,66,30837,20,70711
19313,0.000559,172.31.36.0-255,66,30903,20,70711
19314,0.000575,172.217.194.0-255,286,31189,20,70711
19315,0.000605,172.217.194.0-255,2902,34091,20,70711
19316,0.000608,172.31.36.0-255,66,34157,20,70711
19317,0.000632,172.31.36.0-255,66,34223,20,70711
19318,0.000635,172.217.194.0-255,1125,35348,20,70711
19319,0.00068,172.31.36.0-255,66,35414,20,70711
19320,0.000707,172.31.36.0-255,66,35480,20,70711
19321,0.00071,172.217.194.0-255,198,35678,20,70711
19322,0.000976,172.217.194.0-255,1484,37162,20,70711
19323,0.000982,172.31.36.0-255,66,37228,20,70711
19324,0.000988,172.217.194.0-255,2902,40130,20,70711
19325,0.00099,172.31.36.0-255,66,40196,20,70711
19326,0.000995,172.217.194.0-255,2902,43098,20,70711
19327,0.000998,172.31.36.0-255,66,43164,20,70711
19328,0.001011,172.217.194.0-255,2902,46066,20,70711
19329,0.001014,172.31.36.0-255,66,46132,20,70711
19330,0.001054,172.31.36.0-255,66,46198,20,70711
19331,0.001067,172.31.36.0-255,66,46264,20,70711
19332,0.001353,172.217.194.0-255,1484,47748,20,70711
19333,0.001374,172.217.194.0-255,2902,50650,20,70711
19334,0.001378,172.31.36.0-255,66,50716,20,70711
19335,0.001387,172.31.36.0-255,66,50782,20,70711
19336,0.001417,172.217.194.0-255,1484,52266,20,70711
19337,0.001427,172.31.36.0-255,66,52332,20,70711
19338,0.001438,172.31.36.0-255,66,52398,20,70711
19339,0.001443,172.217.194.0-255,2902,55300,20,70711
19340,0.001446,172.31.36.0-255,66,55366,20,70711
19341,0.001467,172.31.36.0-255,66,55432,20,70711
19342,0.001479,172.217.194.0-255,2902,58334,20,70711
19343,0.001481,172.31.36.0-255,66,58400,20,70711
19344,0.00152,172.31.36.0-255,66,58466,20,70711
19345,0.001572,172.31.36.0-255,66,58532,20,70711
19346,0.001679,172.31.36.0-255,66,58598,20,70711
19347,0.001706,172.217.194.0-255,1484,60082,20,70711
19348,0.001711,172.217.194.0-255,2902,62984,20,70711
19349,0.001761,172.31.36.0-255,66,63050,20,70711
19350,0.001807,172.31.36.0-255,66,63116,20,70711
19351,0.001964,172.217.194.0-255,1484,64600,20,70711
19352,0.001968,172.217.194.0-255,1484,66084,20,70711
19353,0.00198,172.217.194.0-255,1484,67568,20,70711
19354,0.001983,172.217.194.0-255,1484,69052,20,70711
19355,0.002016,172.31.36.0-255,66,69118,20,70711
19356,0.002042,172.31.36.0-255,66,69184,20,70711
19357,0.002071,172.217.194.0-255,766,69950,20,70711
19358,0.002093,172.31.36.0-255,66,70016,20,70711
19359,0.003025,172.31.36.0-255,101,70117,20,70711
19360,0.004282,172.31.36.0-255,66,70183,20,70711
19361,0.005043,172.217.194.0-255,66,70249,20,70711
19362,0.006349,172.31.36.0-255,66,70315,20,70711
19363,0.008441,172.31.36.0-255,66,70381,20,70711
19364,0.010534,172.31.36.0-255,66,70447,20,70711
19365,0.012633,172.31.36.0-255,66,70513,20,70711
19366,0.014756,172.31.36.0-255,66,70579,20,70711
19367,0.016854,172.31.36.0-255,66,70645,20,70711
19368,0.018952,172.31.36.0-255,66,70711,20,70711
19369,0.0,74.125.68.0-255,218,218,20,76593
19370,3.7e-05,172.31.36.0-255,66,284,20,76593
19371,4.4e-05,74.125.68.0-255,1484,1768,20,76593
19372,4.9e-05,172.31.36.0-255,66,1834,20,76593
19373,6.5e-05,172.31.36.0-255,66,1900,20,76593
19374,7.4e-05,172.31.36.0-255,66,1966,20,76593
19375,7.7e-05,74.125.68.0-255,1484,3450,20,76593
19376,8e-05,172.31.36.0-255,66,3516,20,76593
19377,0.000115,172.31.36.0-255,66,3582,20,76593
19378,0.000127,172.31.36.0-255,66,3648,20,76593
19379,0.000168,74.125.68.0-255,1125,4773,20,76593
19380,0.000172,172.31.36.0-255,66,4839,20,76593
19381,0.000176,74.125.68.0-255,1484,6323,20,76593
19382,0.000177,172.31.36.0-255,66,6389,20,76593
19383,0.000206,172.31.36.0-255,66,6455,20,76593
19384,0.000216,172.31.36.0-255,66,6521,20,76593
19385,0.000241,74.125.68.0-255,1484,8005,20,76593
19386,0.000244,172.31.36.0-255,66,8071,20,76593
19387,0.000258,172.31.36.0-255,66,8137,20,76593
19388,0.000269,172.31.36.0-255,66,8203,20,76593
19389,0.000308,74.125.68.0-255,3966,12169,20,76593
19390,0.000311,172.31.36.0-255,66,12235,20,76593
19391,0.000426,74.125.68.0-255,1484,13719,20,76593
19392,0.000431,172.31.36.0-255,66,13785,20,76593
19393,0.000435,74.125.68.0-255,1484,15269,20,76593
19394,0.000457,74.125.68.0-255,1484,16753,20,76593
19395,0.000463,172.31.36.0-255,66,16819,20,76593
19396,0.000467,74.125.68.0-255,1484,18303,20,76593
19397,0.000468,172.31.36.0-255,66,18369,20,76593
19398,0.000498,172.31.36.0-255,66,18435,20,76593
19399,0.000555,74.125.68.0-255,2184,20619,20,76593
19400,0.000561,172.31.36.0-255,66,20685,20,76593
19401,0.000624,74.125.68.0-255,1484,22169,20,76593
19402,0.00063,74.125.68.0-255,2902,25071,20,76593
19403,0.000639,172.31.36.0-255,66,25137,20,76593
19404,0.000642,74.125.68.0-255,1484,26621,20,76593
19405,0.000671,172.31.36.0-255,66,26687,20,76593
19406,0.000677,172.31.36.0-255,66,26753,20,76593
19407,0.000698,172.31.36.0-255,66,26819,20,76593
19408,0.000714,172.31.36.0-255,66,26885,20,76593
19409,0.000737,74.125.68.0-255,1484,28369,20,76593
19410,0.000741,74.125.68.0-255,2184,30553,20,76593
19411,0.00075,172.31.36.0-255,66,30619,20,76593
19412,0.000805,74.125.68.0-255,1484,32103,20,76593
19413,0.00081,74.125.68.0-255,1484,33587,20,76593
19414,0.000813,172.31.36.0-255,66,33653,20,76593
19415,0.000838,74.125.68.0-255,1484,35137,20,76593
19416,0.000851,172.31.36.0-255,66,35203,20,76593
19417,0.000891,172.31.36.0-255,66,35269,20,76593
19418,0.000904,172.31.36.0-255,66,35335,20,76593
19419,0.000931,172.31.36.0-255,66,35401,20,76593
19420,0.000946,172.31.36.0-255,66,35467,20,76593
19421,0.001204,74.125.68.0-255,1484,36951,20,76593
19422,0.00121,74.125.68.0-255,2902,39853,20,76593
19423,0.001213,172.31.36.0-255,66,39919,20,76593
19424,0.00125,172.31.36.0-255,66,39985,20,76593
19425,0.0013,172.31.36.0-255,66,40051,20,76593
19426,0.00134,172.31.36.0-255,66,40117,20,76593
19427,0.001343,74.125.68.0-255,2184,42301,20,76593
19428,0.001346,172.31.36.0-255,66,42367,20,76593
19429,0.001443,74.125.68.0-255,1484,43851,20,76593
19430,0.001447,74.125.68.0-255,1484,45335,20,76593
19431,0.001452,172.31.36.0-255,66,45401,20,76593
19432,0.001459,74.125.68.0-255,1484,46885,20,76593
19433,0.001462,74.125.68.0-255,1484,48369,20,76593
19434,0.001465,172.31.36.0-255,66,48435,20,76593
19435,0.001493,172.31.36.0-255,66,48501,20,76593
19436,0.001526,74.125.68.0-255,1484,49985,20,76593
19437,0.001556,172.31.36.0-255,66,50051,20,76593
19438,0.001574,172.31.36.0-255,66,50117,20,76593
19439,0.001639,74.125.68.0-255,1484,51601,20,76593
19440,0.001645,74.125.68.0-255,2902,54503,20,76593
19441,0.00165,172.31.36.0-255,66,54569,20,76593
19442,0.001685,172.31.36.0-255,66,54635,20,76593
19443,0.001711,172.31.36.0-255,66,54701,20,76593
19444,0.001712,74.125.68.0-255,2902,57603,20,76593
19445,0.001715,172.31.36.0-255,66,57669,20,76593
19446,0.001757,172.31.36.0-255,66,57735,20,76593
19447,0.001771,74.125.68.0-255,2184,59919,20,76593
19448,0.001775,172.31.36.0-255,66,59985,20,76593
19449,0.001794,74.125.68.0-255,1484,61469,20,76593
19450,0.001799,74.125.68.0-255,2902,64371,20,76593
19451,0.001804,172.31.36.0-255,66,64437,20,76593
19452,0.001841,172.31.36.0-255,66,64503,20,76593
19453,0.001846,172.31.36.0-255,66,64569,20,76593
19454,0.00186,74.125.68.0-255,2902,67471,20,76593
19455,0.001871,172.31.36.0-255,66,67537,20,76593
19456,0.001887,74.125.68.0-255,1484,69021,20,76593
19457,0.001923,172.31.36.0-255,66,69087,20,76593
19458,0.001936,172.31.36.0-255,66,69153,20,76593
19459,0.001965,172.31.36.0-255,66,69219,20,76593
19460,0.001979,172.31.36.0-255,66,69285,20,76593
19461,0.001996,74.125.68.0-255,2184,71469,20,76593
19462,0.002,74.125.68.0-255,2902,74371,20,76593
19463,0.002004,172.31.36.0-255,66,74437,20,76593
19464,0.002049,74.125.68.0-255,1484,75921,20,76593
19465,0.002053,172.31.36.0-255,66,75987,20,76593
19466,0.002089,172.31.36.0-255,66,76053,20,76593
19467,0.002118,172.31.36.0-255,66,76119,20,76593
19468,0.002161,172.31.36.0-255,66,76185,20,76593
19469,0.002202,172.31.36.0-255,66,76251,20,76593
19470,0.00221,74.125.68.0-255,105,76356,20,76593
19471,0.003668,172.31.36.0-255,66,76422,20,76593
19472,0.003697,172.31.36.0-255,105,76527,20,76593
19473,0.005908,74.125.68.0-255,66,76593,20,76593
19474,0.0,74.125.24.0-255,152,152,20,65329
19475,2.1e-05,172.31.36.0-255,66,218,20,65329
19476,2.8e-05,74.125.24.0-255,1484,1702,20,65329
19477,3.2e-05,172.31.36.0-255,66,1768,20,65329
19478,3.5e-05,74.125.24.0-255,1484,3252,20,65329
19479,3.7e-05,172.31.36.0-255,66,3318,20,65329
19480,4.7e-05,172.31.36.0-255,66,3384,20,65329
19481,9.6e-05,172.31.36.0-255,66,3450,20,65329
19482,0.000148,74.125.24.0-255,1484,4934,20,65329
19483,0.000151,172.31.36.0-255,66,5000,20,65329
19484,0.000156,74.125.24.0-255,2902,7902,20,65329
19485,0.000158,172.31.36.0-255,66,7968,20,65329
19486,0.000161,74.125.24.0-255,1484,9452,20,65329
19487,0.000163,172.31.36.0-255,66,9518,20,65329
19488,0.00019,172.31.36.0-255,66,9584,20,65329
19489,0.000195,74.125.24.0-255,2902,12486,20,65329
19490,0.000197,172.31.36.0-255,66,12552,20,65329
19491,0.000252,172.31.36.0-255,66,12618,20,65329
19492,0.000263,172.31.36.0-255,66,12684,20,65329
19493,0.000296,74.125.24.0-255,1484,14168,20,65329
19494,0.000298,172.31.36.0-255,66,14234,20,65329
19495,0.000302,74.125.24.0-255,1484,15718,20,65329
19496,0.000304,172.31.36.0-255,66,15784,20,65329
19497,0.000316,74.125.24.0-255,1484,17268,20,65329
19498,0.000319,172.31.36.0-255,66,17334,20,65329
19499,0.000322,74.125.24.0-255,1484,18818,20,65329
19500,0.000323,172.31.36.0-255,66,18884,20,65329
19501,0.000342,172.31.36.0-255,66,18950,20,65329
19502,0.000349,172.31.36.0-255,66,19016,20,65329
19503,0.000392,74.125.24.0-255,2874,21890,20,65329
19504,0.000395,172.31.36.0-255,66,21956,20,65329
19505,0.000441,74.125.24.0-255,1484,23440,20,65329
19506,0.000447,74.125.24.0-255,1484,24924,20,65329
19507,0.000449,172.31.36.0-255,66,24990,20,65329
19508,0.00046,74.125.24.0-255,1484,26474,20,65329
19509,0.000469,172.31.36.0-255,66,26540,20,65329
19510,0.000502,172.31.36.0-255,66,26606,20,65329
19511,0.000529,172.31.36.0-255,66,26672,20,65329
19512,0.000601,172.31.36.0-255,66,26738,20,65329
19513,0.000616,74.125.24.0-255,1406,28144,20,65329
19514,0.000775,74.125.24.0-255,1484,29628,20,65329
19515,0.000779,172.31.36.0-255,66,29694,20,65329
19516,0.000785,74.125.24.0-255,2902,32596,20,65329
19517,0.000787,172.31.36.0-255,66,32662,20,65329
19518,0.00079,74.125.24.0-255,1484,34146,20,65329
19519,0.00081,172.31.36.0-255,66,34212,20,65329
19520,0.000821,172.31.36.0-255,66,34278,20,65329
19521,0.000846,172.31.36.0-255,66,34344,20,65329
19522,0.000859,172.31.36.0-255,66,34410,20,65329
19523,0.001782,74.125.24.0-255,1484,35894,20,65329
19524,0.00179,74.125.24.0-255,2902,38796,20,65329
19525,0.001794,172.31.36.0-255,66,38862,20,65329
19526,0.001804,172.31.36.0-255,66,38928,20,65329
19527,0.001809,74.125.24.0-255,2902,41830,20,65329
19528,0.00181,172.31.36.0-255,66,41896,20,65329
19529,0.001842,74.125.24.0-255,2902,44798,20,65329
19530,0.001845,172.31.36.0-255,66,44864,20,65329
19531,0.001863,172.31.36.0-255,66,44930,20,65329
19532,0.001897,172.31.36.0-255,66,44996,20,65329
19533,0.001906,172.31.36.0-255,66,45062,20,65329
19534,0.001926,172.31.36.0-255,66,45128,20,65329
19535,0.001934,172.31.36.0-255,66,45194,20,65329
19536,0.001975,172.31.36.0-255,66,45260,20,65329
19537,0.002004,172.31.36.0-255,66,45326,20,65329
19538,0.002174,74.125.24.0-255,1484,46810,20,65329
19539,0.00218,74.125.24.0-255,2902,49712,20,65329
19540,0.002183,172.31.36.0-255,66,49778,20,65329
19541,0.002188,74.125.24.0-255,2902,52680,20,65329
19542,0.00219,172.31.36.0-255,66,52746,20,65329
19543,0.002203,74.125.24.0-255,2902,55648,20,65329
19544,0.002208,172.31.36.0-255,66,55714,20,65329
19545,0.002267,172.31.36.0-255,66,55780,20,65329
19546,0.002279,172.31.36.0-255,66,55846,20,65329
19547,0.002284,74.125.24.0-255,2184,58030,20,65329
19548,0.002287,172.31.36.0-255,66,58096,20,65329
19549,0.002378,74.125.24.0-255,1484,59580,20,65329
19550,0.002383,74.125.24.0-255,2902,62482,20,65329
19551,0.002386,172.31.36.0-255,66,62548,20,65329
19552,0.00239,74.125.24.0-255,1484,64032,20,65329
19553,0.002411,172.31.36.0-255,66,64098,20,65329
19554,0.002418,172.31.36.0-255,66,64164,20,65329
19555,0.002459,172.31.36.0-255,66,64230,20,65329
19556,0.002469,172.31.36.0-255,66,64296,20,65329
19557,0.002476,172.31.36.0-255,66,64362,20,65329
19558,0.002528,172.31.36.0-255,66,64428,20,65329
19559,0.00254,172.31.36.0-255,66,64494,20,65329
19560,0.002549,172.31.36.0-255,66,64560,20,65329
19561,0.002582,172.31.36.0-255,66,64626,20,65329
19562,0.002592,172.31.36.0-255,66,64692,20,65329
19563,0.002636,172.31.36.0-255,66,64758,20,65329
19564,0.002651,172.31.36.0-255,66,64824,20,65329
19565,0.002681,172.31.36.0-255,66,64890,20,65329
19566,0.002708,172.31.36.0-255,66,64956,20,65329
19567,0.005276,74.125.24.0-255,136,65092,20,65329
19568,0.009812,172.31.36.0-255,66,65158,20,65329
19569,0.009843,172.31.36.0-255,105,65263,20,65329
19570,0.012447,74.125.24.0-255,66,65329,20,65329
19571,0.0,74.125.24.0-255,153,153,20,96414
19572,2.1e-05,172.31.36.0-255,66,219,20,96414
19573,2.8e-05,74.125.24.0-255,1484,1703,20,96414
19574,3.2e-05,172.31.36.0-255,66,1769,20,96414
19575,3.7e-05,74.125.24.0-255,2902,4671,20,96414
19576,4e-05,172.31.36.0-255,66,4737,20,96414
19577,4.4e-05,74.125.24.0-255,2902,7639,20,96414
19578,4.6e-05,172.31.36.0-255,66,7705,20,96414
19579,4.9e-05,74.125.24.0-255,1484,9189,20,96414
19580,5.2e-05,172.31.36.0-255,66,9255,20,96414
19581,7.6e-05,74.125.24.0-255,2902,12157,20,96414
19582,7.8e-05,172.31.36.0-255,66,12223,20,96414
19583,9.9e-05,172.31.36.0-255,66,12289,20,96414
19584,0.000122,172.31.36.0-255,66,12355,20,96414
19585,0.000144,74.125.24.0-255,2902,15257,20,96414
19586,0.000146,172.31.36.0-255,66,15323,20,96414
19587,0.00015,74.125.24.0-255,2543,17866,20,96414
19588,0.000151,172.31.36.0-255,66,17932,20,96414
19589,0.000239,74.125.24.0-255,1484,19416,20,96414
19590,0.000242,172.31.36.0-255,66,19482,20,96414
19591,0.000255,74.125.24.0-255,2902,22384,20,96414
19592,0.000257,172.31.36.0-255,66,22450,20,96414
19593,0.00026,74.125.24.0-255,1484,23934,20,96414
19594,0.000261,172.31.36.0-255,66,24000,20,96414
19595,0.00029,172.31.36.0-255,66,24066,20,96414
19596,0.000298,172.31.36.0-255,66,24132,20,96414
19597,0.000301,74.125.24.0-255,1484,25616,20,96414
19598,0.000302,172.31.36.0-255,66,25682,20,96414
19599,0.00035,74.125.24.0-255,2902,28584,20,96414
19600,0.000374,74.125.24.0-255,133,28717,20,96414
19601,0.000482,74.125.24.0-255,1484,30201,20,96414
19602,0.000487,74.125.24.0-255,2902,33103,20,96414
19603,0.000491,74.125.24.0-255,2902,36005,20,96414
19604,0.000494,74.125.24.0-255,2902,38907,20,96414
19605,0.000508,74.125.24.0-255,1484,40391,20,96414
19606,0.00059,74.125.24.0-255,2803,43194,20,96414
19607,0.000685,172.31.36.0-255,66,43260,20,96414
19608,0.000862,74.125.24.0-255,1484,44744,20,96414
19609,0.000869,74.125.24.0-255,2902,47646,20,96414
19610,0.000873,172.31.36.0-255,66,47712,20,96414
19611,0.000891,172.31.36.0-255,66,47778,20,96414
19612,0.000924,172.31.36.0-255,66,47844,20,96414
19613,0.000943,74.125.24.0-255,2902,50746,20,96414
19614,0.000947,172.31.36.0-255,66,50812,20,96414
19615,0.000958,74.125.24.0-255,2184,52996,20,96414
19616,0.000962,172.31.36.0-255,66,53062,20,96414
19617,0.001209,74.125.24.0-255,1484,54546,20,96414
19618,0.001214,74.125.24.0-255,2902,57448,20,96414
19619,0.001217,172.31.36.0-255,66,57514,20,96414
19620,0.001248,172.31.36.0-255,66,57580,20,96414
19621,0.001269,172.31.36.0-255,66,57646,20,96414
19622,0.00132,172.31.36.0-255,66,57712,20,96414
19623,0.001353,172.31.36.0-255,66,57778,20,96414
19624,0.001367,74.125.24.0-255,1484,59262,20,96414
19625,0.001386,74.125.24.0-255,2902,62164,20,96414
19626,0.00139,74.125.24.0-255,2902,65066,20,96414
19627,0.001397,172.31.36.0-255,66,65132,20,96414
19628,0.001405,74.125.24.0-255,2902,68034,20,96414
19629,0.001407,74.125.24.0-255,1484,69518,20,96414
19630,0.001409,172.31.36.0-255,66,69584,20,96414
19631,0.001423,74.125.24.0-255,2902,72486,20,96414
19632,0.001433,172.31.36.0-255,66,72552,20,96414
19633,0.001435,74.125.24.0-255,2902,75454,20,96414
19634,0.001444,172.31.36.0-255,66,75520,20,96414
19635,0.001464,172.31.36.0-255,66,75586,20,96414
19636,0.00147,74.125.24.0-255,1484,77070,20,96414
19637,0.001479,172.31.36.0-255,66,77136,20,96414
19638,0.001489,74.125.24.0-255,3602,80738,20,96414
19639,0.001493,172.31.36.0-255,66,80804,20,96414
19640,0.001639,74.125.24.0-255,1484,82288,20,96414
19641,0.001642,74.125.24.0-255,1484,83772,20,96414
19642,0.001645,172.31.36.0-255,66,83838,20,96414
19643,0.001662,74.125.24.0-255,1484,85322,20,96414
19644,0.001675,172.31.36.0-255,66,85388,20,96414
19645,0.001689,172.31.36.0-255,66,85454,20,96414
19646,0.001705,172.31.36.0-255,66,85520,20,96414
19647,0.001735,172.31.36.0-255,66,85586,20,96414
19648,0.001803,74.125.24.0-255,1484,87070,20,96414
19649,0.001814,74.125.24.0-255,2902,89972,20,96414
19650,0.001817,172.31.36.0-255,66,90038,20,96414
19651,0.00184,172.31.36.0-255,66,90104,20,96414
19652,0.001874,172.31.36.0-255,66,90170,20,96414
19653,0.001909,172.31.36.0-255,66,90236,20,96414
19654,0.001914,172.31.36.0-255,66,90302,20,96414
19655,0.001929,172.31.36.0-255,66,90368,20,96414
19656,0.001946,172.31.36.0-255,66,90434,20,96414
19657,0.001968,172.31.36.0-255,66,90500,20,96414
19658,0.001972,172.31.36.0-255,66,90566,20,96414
19659,0.001997,172.31.36.0-255,66,90632,20,96414
19660,0.002067,172.31.36.0-255,66,90698,20,96414
19661,0.002094,172.31.36.0-255,66,90764,20,96414
19662,0.002099,172.31.36.0-255,66,90830,20,96414
19663,0.002112,172.31.36.0-255,66,90896,20,96414
19664,0.002115,74.125.24.0-255,1484,92380,20,96414
19665,0.002133,172.31.36.0-255,66,92446,20,96414
19666,0.004204,172.31.36.0-255,66,92512,20,96414
19667,0.006248,172.31.36.0-255,66,92578,20,96414
19668,0.008298,172.31.36.0-255,66,92644,20,96414
19669,0.010369,172.31.36.0-255,66,92710,20,96414
19670,0.01245,172.31.36.0-255,66,92776,20,96414
19671,0.014538,172.31.36.0-255,66,92842,20,96414
19672,0.016613,172.31.36.0-255,66,92908,20,96414
19673,0.018683,74.125.24.0-255,3335,96243,20,96414
19674,0.018691,172.31.36.0-255,66,96309,20,96414
19675,0.019979,172.31.36.0-255,105,96414,20,96414
19676,0.0,172.217.194.0-255,152,152,20,50222
19677,3.5e-05,172.31.36.0-255,66,218,20,50222
19678,4.2e-05,172.217.194.0-255,1484,1702,20,50222
19679,4.6e-05,172.31.36.0-255,66,1768,20,50222
19680,5.1e-05,172.217.194.0-255,2902,4670,20,50222
19681,5.5e-05,172.31.36.0-255,66,4736,20,50222
19682,7.3e-05,172.31.36.0-255,66,4802,20,50222
19683,0.000113,172.217.194.0-255,3463,8265,20,50222
19684,0.000116,172.31.36.0-255,66,8331,20,50222
19685,0.000139,172.217.194.0-255,1484,9815,20,50222
19686,0.000143,172.31.36.0-255,66,9881,20,50222
19687,0.000147,172.217.194.0-255,2902,12783,20,50222
19688,0.000149,172.31.36.0-255,66,12849,20,50222
19689,0.000157,172.31.36.0-255,66,12915,20,50222
19690,0.000189,172.217.194.0-255,1484,14399,20,50222
19691,0.000192,172.31.36.0-255,66,14465,20,50222
19692,0.000202,172.31.36.0-255,66,14531,20,50222
19693,0.000238,172.217.194.0-255,1484,16015,20,50222
19694,0.000241,172.31.36.0-255,66,16081,20,50222
19695,0.00027,172.217.194.0-255,2902,18983,20,50222
19696,0.000273,172.31.36.0-255,66,19049,20,50222
19697,0.000283,172.31.36.0-255,66,19115,20,50222
19698,0.000299,172.31.36.0-255,66,19181,20,50222
19699,0.000336,172.31.36.0-255,66,19247,20,50222
19700,0.000377,172.31.36.0-255,66,19313,20,50222
19701,0.00038,172.217.194.0-255,116,19429,20,50222
19702,0.000539,172.217.194.0-255,379,19808,20,50222
19703,0.000793,172.31.36.0-255,66,19874,20,50222
19704,0.000934,172.217.194.0-255,1484,21358,20,50222
19705,0.000954,172.217.194.0-255,2902,24260,20,50222
19706,0.000958,172.31.36.0-255,66,24326,20,50222
19707,0.000968,172.31.36.0-255,66,24392,20,50222
19708,0.000992,172.31.36.0-255,66,24458,20,50222
19709,0.001032,172.31.36.0-255,66,24524,20,50222
19710,0.001051,172.31.36.0-255,66,24590,20,50222
19711,0.001276,172.217.194.0-255,1484,26074,20,50222
19712,0.001284,172.217.194.0-255,2902,28976,20,50222
19713,0.001288,172.31.36.0-255,66,29042,20,50222
19714,0.001297,172.31.36.0-255,66,29108,20,50222
19715,0.001342,172.31.36.0-255,66,29174,20,50222
19716,0.001363,172.31.36.0-255,66,29240,20,50222
19717,0.00172,172.217.194.0-255,1484,30724,20,50222
19718,0.001725,172.217.194.0-255,1484,32208,20,50222
19719,0.00173,172.31.36.0-255,66,32274,20,50222
19720,0.001761,172.217.194.0-255,1484,33758,20,50222
19721,0.00177,172.31.36.0-255,66,33824,20,50222
19722,0.001787,172.31.36.0-255,66,33890,20,50222
19723,0.0018,172.31.36.0-255,66,33956,20,50222
19724,0.00247,172.217.194.0-255,1484,35440,20,50222
19725,0.002475,172.217.194.0-255,2902,38342,20,50222
19726,0.002477,172.31.36.0-255,66,38408,20,50222
19727,0.00248,172.217.194.0-255,1484,39892,20,50222
19728,0.002501,172.31.36.0-255,66,39958,20,50222
19729,0.002503,172.217.194.0-255,1484,41442,20,50222
19730,0.002534,172.31.36.0-255,66,41508,20,50222
19731,0.002562,172.31.36.0-255,66,41574,20,50222
19732,0.002595,172.217.194.0-255,2902,44476,20,50222
19733,0.002597,172.31.36.0-255,66,44542,20,50222
19734,0.002636,172.31.36.0-255,66,44608,20,50222
19735,0.00265,172.31.36.0-255,66,44674,20,50222
19736,0.002659,172.217.194.0-255,3602,48276,20,50222
19737,0.002662,172.31.36.0-255,66,48342,20,50222
19738,0.002707,172.217.194.0-255,1484,49826,20,50222
19739,0.00528,172.31.36.0-255,66,49892,20,50222
19740,0.007918,172.31.36.0-255,66,49958,20,50222
19741,0.010524,172.31.36.0-255,66,50024,20,50222
19742,0.013211,172.31.36.0-255,66,50090,20,50222
19743,0.015831,172.31.36.0-255,66,50156,20,50222
19744,0.018441,172.31.36.0-255,66,50222,20,50222
19745,0.0,74.125.24.0-255,152,152,20,36164
19746,2.7e-05,172.31.36.0-255,66,218,20,36164
19747,3.4e-05,74.125.24.0-255,1484,1702,20,36164
19748,4e-05,172.31.36.0-255,66,1768,20,36164
19749,5.2e-05,74.125.24.0-255,2902,4670,20,36164
19750,5.5e-05,172.31.36.0-255,66,4736,20,36164
19751,8.5e-05,74.125.24.0-255,2902,7638,20,36164
19752,8.8e-05,172.31.36.0-255,66,7704,20,36164
19753,9.1e-05,74.125.24.0-255,1484,9188,20,36164
19754,9.3e-05,172.31.36.0-255,66,9254,20,36164
19755,0.000117,74.125.24.0-255,2902,12156,20,36164
19756,0.00012,172.31.36.0-255,66,12222,20,36164
19757,0.000127,172.31.36.0-255,66,12288,20,36164
19758,0.000164,172.31.36.0-255,66,12354,20,36164
19759,0.000178,172.31.36.0-255,66,12420,20,36164
19760,0.000318,74.125.24.0-255,1484,13904,20,36164
19761,0.000324,172.31.36.0-255,66,13970,20,36164
19762,0.00033,74.125.24.0-255,2902,16872,20,36164
19763,0.000332,172.31.36.0-255,66,16938,20,36164
19764,0.000364,172.31.36.0-255,66,17004,20,36164
19765,0.000368,74.125.24.0-255,2902,19906,20,36164
19766,0.000372,172.31.36.0-255,66,19972,20,36164
19767,0.000409,172.31.36.0-255,66,20038,20,36164
19768,0.000423,172.31.36.0-255,66,20104,20,36164
19769,0.000436,74.125.24.0-255,1400,21504,20,36164
19770,0.000439,172.31.36.0-255,66,21570,20,36164
19771,0.000959,74.125.24.0-255,380,21950,20,36164
19772,0.001447,74.125.24.0-255,1484,23434,20,36164
19773,0.001453,172.31.36.0-255,66,23500,20,36164
19774,0.00146,74.125.24.0-255,2902,26402,20,36164
19775,0.001463,172.31.36.0-255,66,26468,20,36164
19776,0.001476,172.31.36.0-255,66,26534,20,36164
19777,0.001504,74.125.24.0-255,1484,28018,20,36164
19778,0.001516,172.31.36.0-255,66,28084,20,36164
19779,0.001556,172.31.36.0-255,66,28150,20,36164
19780,0.001585,172.31.36.0-255,66,28216,20,36164
19781,0.001682,74.125.24.0-255,1484,29700,20,36164
19782,0.001806,74.125.24.0-255,1484,31184,20,36164
19783,0.001879,74.125.24.0-255,1484,32668,20,36164
19784,0.001933,74.125.24.0-255,1484,34152,20,36164
19785,0.001957,74.125.24.0-255,1484,35636,20,36164
19786,0.004413,172.31.36.0-255,66,35702,20,36164
19787,0.00646,172.31.36.0-255,66,35768,20,36164
19788,0.008479,172.31.36.0-255,66,35834,20,36164
19789,0.010476,172.31.36.0-255,66,35900,20,36164
19790,0.012488,172.31.36.0-255,66,35966,20,36164
19791,0.014532,172.31.36.0-255,66,36032,20,36164
19792,0.016564,172.31.36.0-255,66,36098,20,36164
19793,0.018596,172.31.36.0-255,66,36164,20,36164
19794,0.0,172.217.194.0-255,153,153,20,37019
19795,2.7e-05,172.31.36.0-255,66,219,20,37019
19796,3.4e-05,172.217.194.0-255,1484,1703,20,37019
19797,3.7e-05,172.31.36.0-255,66,1769,20,37019
19798,4.2e-05,172.217.194.0-255,2902,4671,20,37019
19799,4.5e-05,172.31.36.0-255,66,4737,20,37019
19800,5.7e-05,172.31.36.0-255,66,4803,20,37019
19801,6e-05,172.217.194.0-255,2073,6876,20,37019
19802,6.3e-05,172.31.36.0-255,66,6942,20,37019
19803,0.000213,172.217.194.0-255,1484,8426,20,37019
19804,0.000219,172.31.36.0-255,66,8492,20,37019
19805,0.000225,172.217.194.0-255,2902,11394,20,37019
19806,0.000228,172.31.36.0-255,66,11460,20,37019
19807,0.000231,172.217.194.0-255,1484,12944,20,37019
19808,0.000232,172.31.36.0-255,66,13010,20,37019
19809,0.000261,172.31.36.0-255,66,13076,20,37019
19810,0.000269,172.31.36.0-255,66,13142,20,37019
19811,0.000301,172.31.36.0-255,66,13208,20,37019
19812,0.000318,172.217.194.0-255,1484,14692,20,37019
19813,0.000321,172.31.36.0-255,66,14758,20,37019
19814,0.000325,172.217.194.0-255,2543,17301,20,37019
19815,0.000328,172.31.36.0-255,66,17367,20,37019
19816,0.000349,172.217.194.0-255,2902,20269,20,37019
19817,0.000352,172.31.36.0-255,66,20335,20,37019
19818,0.000375,172.31.36.0-255,66,20401,20,37019
19819,0.000385,172.31.36.0-255,66,20467,20,37019
19820,0.000404,172.31.36.0-255,66,20533,20,37019
19821,0.000408,172.217.194.0-255,1381,21914,20,37019
19822,0.000449,172.217.194.0-255,119,22033,20,37019
19823,0.000821,172.31.36.0-255,66,22099,20,37019
19824,0.000973,172.217.194.0-255,376,22475,20,37019
19825,0.00139,172.217.194.0-255,1484,23959,20,37019
19826,0.001396,172.31.36.0-255,66,24025,20,37019
19827,0.001402,172.217.194.0-255,2902,26927,20,37019
19828,0.001404,172.31.36.0-255,66,26993,20,37019
19829,0.001412,172.31.36.0-255,66,27059,20,37019
19830,0.001436,172.217.194.0-255,1484,28543,20,37019
19831,0.001445,172.31.36.0-255,66,28609,20,37019
19832,0.001457,172.31.36.0-255,66,28675,20,37019
19833,0.001479,172.217.194.0-255,2902,31577,20,37019
19834,0.001481,172.31.36.0-255,66,31643,20,37019
19835,0.001504,172.31.36.0-255,66,31709,20,37019
19836,0.001753,172.217.194.0-255,1484,33193,20,37019
19837,0.00176,172.217.194.0-255,2902,36095,20,37019
19838,0.001764,172.31.36.0-255,66,36161,20,37019
19839,0.001773,172.31.36.0-255,66,36227,20,37019
19840,0.00178,172.31.36.0-255,66,36293,20,37019
19841,0.001806,172.31.36.0-255,66,36359,20,37019
19842,0.001833,172.31.36.0-255,66,36425,20,37019
19843,0.001844,172.31.36.0-255,66,36491,20,37019
19844,0.003908,172.31.36.0-255,66,36557,20,37019
19845,0.005975,172.31.36.0-255,66,36623,20,37019
19846,0.008036,172.31.36.0-255,66,36689,20,37019
19847,0.010058,172.31.36.0-255,66,36755,20,37019
19848,0.012129,172.31.36.0-255,66,36821,20,37019
19849,0.014181,172.31.36.0-255,66,36887,20,37019
19850,0.016238,172.31.36.0-255,66,36953,20,37019
19851,0.018244,172.31.36.0-255,66,37019,20,37019
19852,0.0,74.125.24.0-255,153,153,20,32488
19853,1.4e-05,172.31.36.0-255,66,219,20,32488
19854,2e-05,74.125.24.0-255,1484,1703,20,32488
19855,2.5e-05,172.31.36.0-255,66,1769,20,32488
19856,2.8e-05,74.125.24.0-255,1484,3253,20,32488
19857,4e-05,172.31.36.0-255,66,3319,20,32488
19858,5e-05,172.31.36.0-255,66,3385,20,32488
19859,6.3e-05,172.31.36.0-255,66,3451,20,32488
19860,6.7e-05,74.125.24.0-255,1484,4935,20,32488
19861,6.9e-05,172.31.36.0-255,66,5001,20,32488
19862,9.8e-05,172.31.36.0-255,66,5067,20,32488
19863,0.000336,74.125.24.0-255,1484,6551,20,32488
19864,0.000341,172.31.36.0-255,66,6617,20,32488
19865,0.000348,74.125.24.0-255,2902,9519,20,32488
19866,0.00035,172.31.36.0-255,66,9585,20,32488
19867,0.000375,74.125.24.0-255,2902,12487,20,32488
19868,0.000378,172.31.36.0-255,66,12553,20,32488
19869,0.000386,172.31.36.0-255,66,12619,20,32488
19870,0.00042,172.31.36.0-255,66,12685,20,32488
19871,0.00043,172.31.36.0-255,66,12751,20,32488
19872,0.000471,172.31.36.0-255,66,12817,20,32488
19873,0.000492,172.31.36.0-255,66,12883,20,32488
19874,0.00056,74.125.24.0-255,136,13019,20,32488
19875,0.000564,172.31.36.0-255,66,13085,20,32488
19876,0.000588,74.125.24.0-255,1484,14569,20,32488
19877,0.000622,74.125.24.0-255,2902,17471,20,32488
19878,0.000633,172.31.36.0-255,66,17537,20,32488
19879,0.000681,74.125.24.0-255,2543,20080,20,32488
19880,0.000684,172.31.36.0-255,66,20146,20,32488
19881,0.00069,172.31.36.0-255,66,20212,20,32488
19882,0.000705,172.31.36.0-255,66,20278,20,32488
19883,0.000722,172.31.36.0-255,66,20344,20,32488
19884,0.000763,172.31.36.0-255,66,20410,20,32488
19885,0.000793,172.31.36.0-255,66,20476,20,32488
19886,0.001279,74.125.24.0-255,1484,21960,20,32488
19887,0.001298,74.125.24.0-255,2902,24862,20,32488
19888,0.001302,172.31.36.0-255,66,24928,20,32488
19889,0.001312,172.31.36.0-255,66,24994,20,32488
19890,0.001366,172.31.36.0-255,66,25060,20,32488
19891,0.001403,74.125.24.0-255,2184,27244,20,32488
19892,0.001409,172.31.36.0-255,66,27310,20,32488
19893,0.00199,74.125.24.0-255,1484,28794,20,32488
19894,0.002,74.125.24.0-255,2902,31696,20,32488
19895,0.002004,172.31.36.0-255,66,31762,20,32488
19896,0.002014,172.31.36.0-255,66,31828,20,32488
19897,0.002063,172.31.36.0-255,66,31894,20,32488
19898,0.002101,172.31.36.0-255,66,31960,20,32488
19899,0.004149,172.31.36.0-255,66,32026,20,32488
19900,0.006197,172.31.36.0-255,66,32092,20,32488
19901,0.008297,172.31.36.0-255,66,32158,20,32488
19902,0.010415,172.31.36.0-255,66,32224,20,32488
19903,0.012526,172.31.36.0-255,66,32290,20,32488
19904,0.014619,172.31.36.0-255,66,32356,20,32488
19905,0.016716,172.31.36.0-255,66,32422,20,32488
19906,0.018768,172.31.36.0-255,66,32488,20,32488
19907,0.0,74.125.24.0-255,148,148,20,79803
19908,2.2e-05,172.31.36.0-255,66,214,20,79803
19909,2.9e-05,74.125.24.0-255,1484,1698,20,79803
19910,3.4e-05,172.31.36.0-255,66,1764,20,79803
19911,4e-05,74.125.24.0-255,2902,4666,20,79803
19912,4.3e-05,172.31.36.0-255,66,4732,20,79803
19913,5.5e-05,172.31.36.0-255,66,4798,20,79803
19914,6e-05,74.125.24.0-255,2049,6847,20,79803
19915,6.3e-05,172.31.36.0-255,66,6913,20,79803
19916,0.000132,74.125.24.0-255,1484,8397,20,79803
19917,0.000136,172.31.36.0-255,66,8463,20,79803
19918,0.000142,74.125.24.0-255,2902,11365,20,79803
19919,0.000145,172.31.36.0-255,66,11431,20,79803
19920,0.000153,172.31.36.0-255,66,11497,20,79803
19921,0.00017,74.125.24.0-255,1484,12981,20,79803
19922,0.000173,172.31.36.0-255,66,13047,20,79803
19923,0.000204,172.31.36.0-255,66,13113,20,79803
19924,0.000235,172.31.36.0-255,66,13179,20,79803
19925,0.000246,172.31.36.0-255,66,13245,20,79803
19926,0.000265,74.125.24.0-255,2543,15788,20,79803
19927,0.000267,172.31.36.0-255,66,15854,20,79803
19928,0.00033,74.125.24.0-255,1484,17338,20,79803
19929,0.000334,172.31.36.0-255,66,17404,20,79803
19930,0.000338,74.125.24.0-255,2902,20306,20,79803
19931,0.000341,172.31.36.0-255,66,20372,20,79803
19932,0.000344,74.125.24.0-255,1484,21856,20,79803
19933,0.000347,172.31.36.0-255,66,21922,20,79803
19934,0.000422,74.125.24.0-255,3155,25077,20,79803
19935,0.000502,172.31.36.0-255,66,25143,20,79803
19936,0.000572,74.125.24.0-255,1484,26627,20,79803
19937,0.000591,74.125.24.0-255,2902,29529,20,79803
19938,0.000612,172.31.36.0-255,66,29595,20,79803
19939,0.000663,172.31.36.0-255,66,29661,20,79803
19940,0.000675,74.125.24.0-255,2902,32563,20,79803
19941,0.000701,172.31.36.0-255,66,32629,20,79803
19942,0.000734,172.31.36.0-255,66,32695,20,79803
19943,0.001359,74.125.24.0-255,1484,34179,20,79803
19944,0.001381,74.125.24.0-255,2902,37081,20,79803
19945,0.001385,172.31.36.0-255,66,37147,20,79803
19946,0.00141,172.31.36.0-255,66,37213,20,79803
19947,0.001428,74.125.24.0-255,1484,38697,20,79803
19948,0.001457,172.31.36.0-255,66,38763,20,79803
19949,0.001479,172.31.36.0-255,66,38829,20,79803
19950,0.001491,172.31.36.0-255,66,38895,20,79803
19951,0.001517,172.31.36.0-255,66,38961,20,79803
19952,0.001555,74.125.24.0-255,1484,40445,20,79803
19953,0.00156,74.125.24.0-255,2902,43347,20,79803
19954,0.001608,74.125.24.0-255,2902,46249,20,79803
19955,0.001618,172.31.36.0-255,66,46315,20,79803
19956,0.001682,172.31.36.0-255,66,46381,20,79803
19957,0.0017,74.125.24.0-255,1484,47865,20,79803
19958,0.001721,74.125.24.0-255,2902,50767,20,79803
19959,0.001739,74.125.24.0-255,1484,52251,20,79803
19960,0.001746,172.31.36.0-255,66,52317,20,79803
19961,0.001761,74.125.24.0-255,1484,53801,20,79803
19962,0.001795,74.125.24.0-255,1484,55285,20,79803
19963,0.0018,172.31.36.0-255,66,55351,20,79803
19964,0.00182,74.125.24.0-255,1484,56835,20,79803
19965,0.001841,172.31.36.0-255,66,56901,20,79803
19966,0.001849,74.125.24.0-255,1484,58385,20,79803
19967,0.001862,74.125.24.0-255,766,59151,20,79803
19968,0.001878,172.31.36.0-255,66,59217,20,79803
19969,0.001989,74.125.24.0-255,1484,60701,20,79803
19970,0.00201,74.125.24.0-255,2902,63603,20,79803
19971,0.002016,172.31.36.0-255,66,63669,20,79803
19972,0.002038,74.125.24.0-255,1484,65153,20,79803
19973,0.002058,74.125.24.0-255,2902,68055,20,79803
19974,0.002092,172.31.36.0-255,66,68121,20,79803
19975,0.002106,74.125.24.0-255,1484,69605,20,79803
19976,0.00211,172.31.36.0-255,66,69671,20,79803
19977,0.002144,74.125.24.0-255,766,70437,20,79803
19978,0.002157,172.31.36.0-255,66,70503,20,79803
19979,0.002248,74.125.24.0-255,1484,71987,20,79803
19980,0.002253,74.125.24.0-255,2902,74889,20,79803
19981,0.002256,172.31.36.0-255,66,74955,20,79803
19982,0.00226,74.125.24.0-255,1484,76439,20,79803
19983,0.002284,74.125.24.0-255,2902,79341,20,79803
19984,0.002291,172.31.36.0-255,66,79407,20,79803
19985,0.007975,172.31.36.0-255,66,79473,20,79803
19986,0.010278,172.31.36.0-255,66,79539,20,79803
19987,0.01256,172.31.36.0-255,66,79605,20,79803
19988,0.014866,172.31.36.0-255,66,79671,20,79803
19989,0.017176,172.31.36.0-255,66,79737,20,79803
19990,0.01955,172.31.36.0-255,66,79803,20,79803
19991,0.0,172.217.194.0-255,152,152,20,62218
19992,3.5e-05,172.31.36.0-255,66,218,20,62218
19993,4.3e-05,172.217.194.0-255,1484,1702,20,62218
19994,4.8e-05,172.31.36.0-255,66,1768,20,62218
19995,5.3e-05,172.217.194.0-255,2902,4670,20,62218
19996,5.5e-05,172.31.36.0-255,66,4736,20,62218
19997,6.4e-05,172.31.36.0-255,66,4802,20,62218
19998,6.9e-05,172.217.194.0-255,3420,8222,20,62218
19999,7.1e-05,172.31.36.0-255,66,8288,20,62218
20000,7.6e-05,172.217.194.0-255,1484,9772,20,62218
20001,7.9e-05,172.31.36.0-255,66,9838,20,62218
20002,0.000109,172.31.36.0-255,66,9904,20,62218
20003,0.000113,172.217.194.0-255,2543,12447,20,62218
20004,0.000115,172.31.36.0-255,66,12513,20,62218
20005,0.000164,172.217.194.0-255,1484,13997,20,62218
20006,0.000169,172.31.36.0-255,66,14063,20,62218
20007,0.000173,172.217.194.0-255,2902,16965,20,62218
20008,0.000176,172.31.36.0-255,66,17031,20,62218
20009,0.000201,172.31.36.0-255,66,17097,20,62218
20010,0.00021,172.31.36.0-255,66,17163,20,62218
20011,0.000244,172.31.36.0-255,66,17229,20,62218
20012,0.00025,172.217.194.0-255,3133,20362,20,62218
20013,0.000252,172.31.36.0-255,66,20428,20,62218
20014,0.000292,172.217.194.0-255,2902,23330,20,62218
20015,0.000295,172.31.36.0-255,66,23396,20,62218
20016,0.000312,172.217.194.0-255,1484,24880,20,62218
20017,0.000315,172.31.36.0-255,66,24946,20,62218
20018,0.000318,172.217.194.0-255,1484,26430,20,62218
20019,0.000338,172.31.36.0-255,66,26496,20,62218
20020,0.000342,172.217.194.0-255,2902,29398,20,62218
20021,0.000356,172.217.194.0-255,1484,30882,20,62218
20022,0.000357,172.31.36.0-255,66,30948,20,62218
20023,0.000401,172.31.36.0-255,66,31014,20,62218
20024,0.000436,172.217.194.0-255,2902,33916,20,62218
20025,0.000438,172.31.36.0-255,66,33982,20,62218
20026,0.000443,172.31.36.0-255,66,34048,20,62218
20027,0.000461,172.31.36.0-255,66,34114,20,62218
20028,0.000473,172.217.194.0-255,2543,36657,20,62218
20029,0.000479,172.31.36.0-255,66,36723,20,62218
20030,0.000699,172.217.194.0-255,1484,38207,20,62218
20031,0.000723,172.217.194.0-255,2902,41109,20,62218
20032,0.000728,172.31.36.0-255,66,41175,20,62218
20033,0.000742,172.31.36.0-255,66,41241,20,62218
20034,0.000755,172.31.36.0-255,66,41307,20,62218
20035,0.000783,172.31.36.0-255,66,41373,20,62218
20036,0.0008,172.31.36.0-255,66,41439,20,62218
20037,0.001186,172.217.194.0-255,1484,42923,20,62218
20038,0.001192,172.217.194.0-255,2902,45825,20,62218
20039,0.001196,172.31.36.0-255,66,45891,20,62218
20040,0.001201,172.217.194.0-255,2902,48793,20,62218
20041,0.001211,172.31.36.0-255,66,48859,20,62218
20042,0.00122,172.217.194.0-255,2902,51761,20,62218
20043,0.001224,172.31.36.0-255,66,51827,20,62218
20044,0.00124,172.31.36.0-255,66,51893,20,62218
20045,0.001265,172.31.36.0-255,66,51959,20,62218
20046,0.001276,172.217.194.0-255,1484,53443,20,62218
20047,0.001291,172.31.36.0-255,66,53509,20,62218
20048,0.00134,172.31.36.0-255,101,53610,20,62218
20049,0.001345,172.217.194.0-255,1484,55094,20,62218
20050,0.001358,172.217.194.0-255,2902,57996,20,62218
20051,0.001362,172.31.36.0-255,66,58062,20,62218
20052,0.001388,172.31.36.0-255,66,58128,20,62218
20053,0.001393,172.31.36.0-255,66,58194,20,62218
20054,0.00142,172.31.36.0-255,66,58260,20,62218
20055,0.001456,172.31.36.0-255,66,58326,20,62218
20056,0.001461,172.31.36.0-255,66,58392,20,62218
20057,0.001484,172.31.36.0-255,66,58458,20,62218
20058,0.001509,172.31.36.0-255,66,58524,20,62218
20059,0.001522,172.31.36.0-255,66,58590,20,62218
20060,0.003331,172.217.194.0-255,66,58656,20,62218
20061,0.003541,172.31.36.0-255,66,58722,20,62218
20062,0.005536,172.31.36.0-255,66,58788,20,62218
20063,0.005553,172.217.194.0-255,1484,60272,20,62218
20064,0.007557,172.31.36.0-255,66,60338,20,62218
20065,0.009633,172.31.36.0-255,66,60404,20,62218
20066,0.01185,172.31.36.0-255,66,60470,20,62218
20067,0.013874,172.31.36.0-255,66,60536,20,62218
20068,0.01591,172.31.36.0-255,66,60602,20,62218
20069,0.017936,172.31.36.0-255,66,60668,20,62218
20070,0.01996,172.31.36.0-255,66,60734,20,62218
20071,0.019993,172.217.194.0-255,1484,62218,20,62218
20072,0.0,74.125.130.0-255,150,150,20,128877
20073,3.1e-05,172.31.36.0-255,66,216,20,128877
20074,5.1e-05,74.125.130.0-255,1484,1700,20,128877
20075,5.5e-05,172.31.36.0-255,66,1766,20,128877
20076,6.1e-05,74.125.130.0-255,2902,4668,20,128877
20077,6.4e-05,172.31.36.0-255,66,4734,20,128877
20078,9.1e-05,74.125.130.0-255,3493,8227,20,128877
20079,9.1e-05,172.31.36.0-255,66,8293,20,128877
20080,9.5e-05,172.31.36.0-255,66,8359,20,128877
20081,0.000109,74.125.130.0-255,1484,9843,20,128877
20082,0.000112,172.31.36.0-255,66,9909,20,128877
20083,0.000125,74.125.130.0-255,2902,12811,20,128877
20084,0.000128,172.31.36.0-255,66,12877,20,128877
20085,0.000145,74.125.130.0-255,1484,14361,20,128877
20086,0.000147,172.31.36.0-255,66,14427,20,128877
20087,0.000181,172.31.36.0-255,66,14493,20,128877
20088,0.000184,74.125.130.0-255,1484,15977,20,128877
20089,0.000186,172.31.36.0-255,66,16043,20,128877
20090,0.0002,74.125.130.0-255,1125,17168,20,128877
20091,0.000203,172.31.36.0-255,66,17234,20,128877
20092,0.000316,74.125.130.0-255,1484,18718,20,128877
20093,0.00032,172.31.36.0-255,66,18784,20,128877
20094,0.000324,74.125.130.0-255,1484,20268,20,128877
20095,0.000328,172.31.36.0-255,66,20334,20,128877
20096,0.000344,74.125.130.0-255,1484,21818,20,128877
20097,0.000349,172.31.36.0-255,66,21884,20,128877
20098,0.000352,172.31.36.0-255,66,21950,20,128877
20099,0.000384,172.31.36.0-255,66,22016,20,128877
20100,0.00041,172.31.36.0-255,66,22082,20,128877
20101,0.000432,74.125.130.0-255,3961,26043,20,128877
20102,0.000434,172.31.36.0-255,66,26109,20,128877
20103,0.000448,172.31.36.0-255,66,26175,20,128877
20104,0.000451,74.125.130.0-255,403,26578,20,128877
20105,0.000592,74.125.130.0-255,1484,28062,20,128877
20106,0.000597,172.31.36.0-255,66,28128,20,128877
20107,0.000602,74.125.130.0-255,2902,31030,20,128877
20108,0.000604,172.31.36.0-255,66,31096,20,128877
20109,0.000623,74.125.130.0-255,1484,32580,20,128877
20110,0.000645,172.31.36.0-255,66,32646,20,128877
20111,0.000656,172.31.36.0-255,66,32712,20,128877
20112,0.000668,74.125.130.0-255,1484,34196,20,128877
20113,0.000693,172.31.36.0-255,66,34262,20,128877
20114,0.000703,172.31.36.0-255,66,34328,20,128877
20115,0.000748,74.125.130.0-255,2543,36871,20,128877
20116,0.000751,172.31.36.0-255,66,36937,20,128877
20117,0.00085,74.125.130.0-255,1484,38421,20,128877
20118,0.000867,74.125.130.0-255,2902,41323,20,128877
20119,0.00087,172.31.36.0-255,66,41389,20,128877
20120,0.000897,172.31.36.0-255,66,41455,20,128877
20121,0.000906,172.31.36.0-255,66,41521,20,128877
20122,0.000938,74.125.130.0-255,2902,44423,20,128877
20123,0.000942,172.31.36.0-255,66,44489,20,128877
20124,0.000969,172.31.36.0-255,66,44555,20,128877
20125,0.000978,172.31.36.0-255,66,44621,20,128877
20126,0.001002,74.125.130.0-255,3602,48223,20,128877
20127,0.001005,172.31.36.0-255,66,48289,20,128877
20128,0.00117,74.125.130.0-255,1484,49773,20,128877
20129,0.001187,74.125.130.0-255,2902,52675,20,128877
20130,0.00119,172.31.36.0-255,66,52741,20,128877
20131,0.001214,74.125.130.0-255,2902,55643,20,128877
20132,0.001216,172.31.36.0-255,66,55709,20,128877
20133,0.001224,172.31.36.0-255,66,55775,20,128877
20134,0.001244,172.31.36.0-255,66,55841,20,128877
20135,0.001249,74.125.130.0-255,2902,58743,20,128877
20136,0.001251,172.31.36.0-255,66,58809,20,128877
20137,0.001281,74.125.130.0-255,2902,61711,20,128877
20138,0.001285,172.31.36.0-255,66,61777,20,128877
20139,0.00129,172.31.36.0-255,66,61843,20,128877
20140,0.001293,74.125.130.0-255,766,62609,20,128877
20141,0.00147,172.31.36.0-255,66,62675,20,128877
20142,0.00157,74.125.130.0-255,1484,64159,20,128877
20143,0.00158,74.125.130.0-255,2902,67061,20,128877
20144,0.001583,172.31.36.0-255,66,67127,20,128877
20145,0.001612,172.31.36.0-255,66,67193,20,128877
20146,0.001616,74.125.130.0-255,2902,70095,20,128877
20147,0.001618,172.31.36.0-255,66,70161,20,128877
20148,0.001622,74.125.130.0-255,1484,71645,20,128877
20149,0.001645,74.125.130.0-255,2902,74547,20,128877
20150,0.001648,172.31.36.0-255,66,74613,20,128877
20151,0.001657,172.31.36.0-255,66,74679,20,128877
20152,0.001673,74.125.130.0-255,2902,77581,20,128877
20153,0.001676,172.31.36.0-255,66,77647,20,128877
20154,0.001684,172.31.36.0-255,66,77713,20,128877
20155,0.00172,74.125.130.0-255,2184,79897,20,128877
20156,0.001724,172.31.36.0-255,66,79963,20,128877
20157,0.002222,74.125.130.0-255,1484,81447,20,128877
20158,0.002229,74.125.130.0-255,2902,84349,20,128877
20159,0.002233,172.31.36.0-255,66,84415,20,128877
20160,0.002262,172.31.36.0-255,66,84481,20,128877
20161,0.002269,172.31.36.0-255,66,84547,20,128877
20162,0.002288,172.31.36.0-255,66,84613,20,128877
20163,0.002314,172.31.36.0-255,66,84679,20,128877
20164,0.00234,172.31.36.0-255,66,84745,20,128877
20165,0.002377,172.31.36.0-255,66,84811,20,128877
20166,0.002433,172.31.36.0-255,66,84877,20,128877
20167,0.002485,172.31.36.0-255,66,84943,20,128877
20168,0.002498,74.125.130.0-255,766,85709,20,128877
20169,0.002529,74.125.130.0-255,1484,87193,20,128877
20170,0.002532,172.31.36.0-255,66,87259,20,128877
20171,0.002551,74.125.130.0-255,2902,90161,20,128877
20172,0.002555,172.31.36.0-255,66,90227,20,128877
20173,0.002576,172.31.36.0-255,66,90293,20,128877
20174,0.002592,74.125.130.0-255,2902,93195,20,128877
20175,0.002594,172.31.36.0-255,66,93261,20,128877
20176,0.00513,74.125.130.0-255,2902,96163,20,128877
20177,0.005136,172.31.36.0-255,66,96229,20,128877
20178,0.005155,74.125.130.0-255,2902,99131,20,128877
20179,0.005157,172.31.36.0-255,66,99197,20,128877
20180,0.007694,74.125.130.0-255,2902,102099,20,128877
20181,0.0077,172.31.36.0-255,66,102165,20,128877
20182,0.007722,74.125.130.0-255,2902,105067,20,128877
20183,0.007726,172.31.36.0-255,66,105133,20,128877
20184,0.010268,74.125.130.0-255,2902,108035,20,128877
20185,0.010276,172.31.36.0-255,66,108101,20,128877
20186,0.010314,74.125.130.0-255,2902,111003,20,128877
20187,0.010318,172.31.36.0-255,66,111069,20,128877
20188,0.012884,74.125.130.0-255,2902,113971,20,128877
20189,0.012893,172.31.36.0-255,66,114037,20,128877
20190,0.012925,74.125.130.0-255,2902,116939,20,128877
20191,0.012927,172.31.36.0-255,66,117005,20,128877
20192,0.015454,74.125.130.0-255,2902,119907,20,128877
20193,0.015461,172.31.36.0-255,66,119973,20,128877
20194,0.015498,74.125.130.0-255,2902,122875,20,128877
20195,0.015501,172.31.36.0-255,66,122941,20,128877
20196,0.018034,74.125.130.0-255,2902,125843,20,128877
20197,0.01804,172.31.36.0-255,66,125909,20,128877
20198,0.018062,74.125.130.0-255,2902,128811,20,128877
20199,0.018064,172.31.36.0-255,66,128877,20,128877
20200,0.0,172.217.194.0-255,146,146,20,32485
20201,3.4e-05,172.31.36.0-255,66,212,20,32485
20202,4.2e-05,172.217.194.0-255,1484,1696,20,32485
20203,4.6e-05,172.31.36.0-255,66,1762,20,32485
20204,5.1e-05,172.217.194.0-255,2902,4664,20,32485
20205,5.3e-05,172.31.36.0-255,66,4730,20,32485
20206,6.3e-05,172.31.36.0-255,66,4796,20,32485
20207,8.7e-05,172.31.36.0-255,66,4862,20,32485
20208,0.000138,172.31.36.0-255,66,4928,20,32485
20209,0.000212,172.217.194.0-255,1484,6412,20,32485
20210,0.000216,172.31.36.0-255,66,6478,20,32485
20211,0.000222,172.217.194.0-255,2902,9380,20,32485
20212,0.000224,172.31.36.0-255,66,9446,20,32485
20213,0.000253,172.31.36.0-255,66,9512,20,32485
20214,0.000288,172.217.194.0-255,1484,10996,20,32485
20215,0.000291,172.31.36.0-255,66,11062,20,32485
20216,0.000306,172.31.36.0-255,66,11128,20,32485
20217,0.000321,172.31.36.0-255,66,11194,20,32485
20218,0.000358,172.31.36.0-255,66,11260,20,32485
20219,0.000361,172.217.194.0-255,119,11379,20,32485
20220,0.000366,172.31.36.0-255,66,11445,20,32485
20221,0.00038,172.217.194.0-255,380,11825,20,32485
20222,0.000384,172.31.36.0-255,66,11891,20,32485
20223,0.000669,172.217.194.0-255,1484,13375,20,32485
20224,0.000673,172.31.36.0-255,66,13441,20,32485
20225,0.000679,172.217.194.0-255,2902,16343,20,32485
20226,0.000681,172.31.36.0-255,66,16409,20,32485
20227,0.000684,172.217.194.0-255,1484,17893,20,32485
20228,0.00072,172.31.36.0-255,66,17959,20,32485
20229,0.00073,172.31.36.0-255,66,18025,20,32485
20230,0.000745,172.31.36.0-255,66,18091,20,32485
20231,0.000782,172.31.36.0-255,66,18157,20,32485
20232,0.00081,172.217.194.0-255,2184,20341,20,32485
20233,0.000813,172.31.36.0-255,66,20407,20,32485
20234,0.001789,172.217.194.0-255,1484,21891,20,32485
20235,0.001799,172.217.194.0-255,2902,24793,20,32485
20236,0.001804,172.31.36.0-255,66,24859,20,32485
20237,0.001814,172.31.36.0-255,66,24925,20,32485
20238,0.001846,172.31.36.0-255,66,24991,20,32485
20239,0.00188,172.31.36.0-255,66,25057,20,32485
20240,0.00189,172.31.36.0-255,66,25123,20,32485
20241,0.001898,172.217.194.0-255,2184,27307,20,32485
20242,0.0019,172.31.36.0-255,66,27373,20,32485
20243,0.002361,172.217.194.0-255,1484,28857,20,32485
20244,0.002382,172.217.194.0-255,2902,31759,20,32485
20245,0.002384,172.31.36.0-255,66,31825,20,32485
20246,0.002392,172.31.36.0-255,66,31891,20,32485
20247,0.002404,172.31.36.0-255,66,31957,20,32485
20248,0.002451,172.31.36.0-255,66,32023,20,32485
20249,0.002459,172.31.36.0-255,66,32089,20,32485
20250,0.005014,172.31.36.0-255,66,32155,20,32485
20251,0.007593,172.31.36.0-255,66,32221,20,32485
20252,0.010171,172.31.36.0-255,66,32287,20,32485
20253,0.012719,172.31.36.0-255,66,32353,20,32485
20254,0.015308,172.31.36.0-255,66,32419,20,32485
20255,0.017866,172.31.36.0-255,66,32485,20,32485
20256,0.0,172.217.24.0-255,146,146,20,45275
20257,3.2e-05,172.31.36.0-255,66,212,20,45275
20258,4e-05,172.217.24.0-255,1484,1696,20,45275
20259,4.4e-05,172.31.36.0-255,66,1762,20,45275
20260,4.8e-05,172.217.24.0-255,2902,4664,20,45275
20261,5.1e-05,172.31.36.0-255,66,4730,20,45275
20262,6e-05,172.31.36.0-255,66,4796,20,45275
20263,8.8e-05,172.217.24.0-255,3385,8181,20,45275
20264,9e-05,172.31.36.0-255,66,8247,20,45275
20265,0.000114,172.31.36.0-255,66,8313,20,45275
20266,0.000117,172.217.24.0-255,1484,9797,20,45275
20267,0.000119,172.31.36.0-255,66,9863,20,45275
20268,0.000146,172.31.36.0-255,66,9929,20,45275
20269,0.000175,172.217.24.0-255,2543,12472,20,45275
20270,0.00018,172.31.36.0-255,66,12538,20,45275
20271,0.000303,172.217.24.0-255,1484,14022,20,45275
20272,0.000309,172.31.36.0-255,66,14088,20,45275
20273,0.000314,172.217.24.0-255,2902,16990,20,45275
20274,0.000316,172.217.24.0-255,1484,18474,20,45275
20275,0.000319,172.31.36.0-255,66,18540,20,45275
20276,0.000323,172.31.36.0-255,66,18606,20,45275
20277,0.000328,172.217.24.0-255,1484,20090,20,45275
20278,0.000331,172.31.36.0-255,66,20156,20,45275
20279,0.000339,172.31.36.0-255,66,20222,20,45275
20280,0.000378,172.31.36.0-255,66,20288,20,45275
20281,0.000418,172.31.36.0-255,66,20354,20,45275
20282,0.000428,172.31.36.0-255,66,20420,20,45275
20283,0.000477,172.217.24.0-255,2902,23322,20,45275
20284,0.00048,172.31.36.0-255,66,23388,20,45275
20285,0.000499,172.217.24.0-255,2871,26259,20,45275
20286,0.000502,172.31.36.0-255,66,26325,20,45275
20287,0.001197,172.217.24.0-255,350,26675,20,45275
20288,0.001346,172.217.24.0-255,1484,28159,20,45275
20289,0.001368,172.31.36.0-255,66,28225,20,45275
20290,0.001375,172.217.24.0-255,2902,31127,20,45275
20291,0.001377,172.31.36.0-255,66,31193,20,45275
20292,0.001387,172.31.36.0-255,66,31259,20,45275
20293,0.001396,172.31.36.0-255,66,31325,20,45275
20294,0.001433,172.31.36.0-255,66,31391,20,45275
20295,0.001437,172.217.24.0-255,1484,32875,20,45275
20296,0.0015,172.31.36.0-255,66,32941,20,45275
20297,0.003466,172.31.36.0-255,66,33007,20,45275
20298,0.005416,172.217.24.0-255,2902,35909,20,45275
20299,0.005419,172.31.36.0-255,66,35975,20,45275
20300,0.005436,172.217.24.0-255,2902,38877,20,45275
20301,0.005438,172.31.36.0-255,66,38943,20,45275
20302,0.007376,172.217.24.0-255,2902,41845,20,45275
20303,0.007385,172.31.36.0-255,66,41911,20,45275
20304,0.007411,172.217.24.0-255,2902,44813,20,45275
20305,0.007415,172.31.36.0-255,66,44879,20,45275
20306,0.009644,172.31.36.0-255,66,44945,20,45275
20307,0.011637,172.31.36.0-255,66,45011,20,45275
20308,0.013617,172.31.36.0-255,66,45077,20,45275
20309,0.015592,172.31.36.0-255,66,45143,20,45275
20310,0.017557,172.31.36.0-255,66,45209,20,45275
20311,0.019528,172.31.36.0-255,66,45275,20,45275
20312,0.0,74.125.24.0-255,152,152,20,72558
20313,3.7e-05,172.31.36.0-255,66,218,20,72558
20314,4.4e-05,74.125.24.0-255,1484,1702,20,72558
20315,4.9e-05,172.31.36.0-255,66,1768,20,72558
20316,5.4e-05,74.125.24.0-255,2902,4670,20,72558
20317,6.5e-05,172.31.36.0-255,66,4736,20,72558
20318,7.7e-05,172.31.36.0-255,66,4802,20,72558
20319,8e-05,74.125.24.0-255,1484,6286,20,72558
20320,8.2e-05,172.31.36.0-255,66,6352,20,72558
20321,0.000112,74.125.24.0-255,1484,7836,20,72558
20322,0.000114,172.31.36.0-255,66,7902,20,72558
20323,0.000158,172.31.36.0-255,66,7968,20,72558
20324,0.000179,172.31.36.0-255,66,8034,20,72558
20325,0.000185,74.125.24.0-255,3602,11636,20,72558
20326,0.000187,172.31.36.0-255,66,11702,20,72558
20327,0.000213,74.125.24.0-255,1484,13186,20,72558
20328,0.000216,172.31.36.0-255,66,13252,20,72558
20329,0.000222,74.125.24.0-255,2902,16154,20,72558
20330,0.000224,172.31.36.0-255,66,16220,20,72558
20331,0.000231,172.31.36.0-255,66,16286,20,72558
20332,0.000266,172.31.36.0-255,66,16352,20,72558
20333,0.000269,74.125.24.0-255,131,16483,20,72558
20334,0.000272,172.31.36.0-255,66,16549,20,72558
20335,0.000331,74.125.24.0-255,1484,18033,20,72558
20336,0.000335,172.31.36.0-255,66,18099,20,72558
20337,0.000363,74.125.24.0-255,2902,21001,20,72558
20338,0.000365,74.125.24.0-255,1484,22485,20,72558
20339,0.000369,172.31.36.0-255,66,22551,20,72558
20340,0.000376,172.31.36.0-255,66,22617,20,72558
20341,0.000424,172.31.36.0-255,66,22683,20,72558
20342,0.000434,172.31.36.0-255,66,22749,20,72558
20343,0.000512,172.31.36.0-255,66,22815,20,72558
20344,0.001173,74.125.24.0-255,1484,24299,20,72558
20345,0.001183,74.125.24.0-255,2902,27201,20,72558
20346,0.001186,172.31.36.0-255,66,27267,20,72558
20347,0.001192,74.125.24.0-255,2902,30169,20,72558
20348,0.001194,172.31.36.0-255,66,30235,20,72558
20349,0.00122,74.125.24.0-255,2902,33137,20,72558
20350,0.001223,172.31.36.0-255,66,33203,20,72558
20351,0.001236,172.31.36.0-255,66,33269,20,72558
20352,0.001246,172.31.36.0-255,66,33335,20,72558
20353,0.001297,74.125.24.0-255,3602,36937,20,72558
20354,0.001302,172.31.36.0-255,66,37003,20,72558
20355,0.00137,74.125.24.0-255,1484,38487,20,72558
20356,0.001376,74.125.24.0-255,2902,41389,20,72558
20357,0.00138,172.31.36.0-255,66,41455,20,72558
20358,0.00142,74.125.24.0-255,1484,42939,20,72558
20359,0.001461,172.31.36.0-255,66,43005,20,72558
20360,0.001473,172.31.36.0-255,66,43071,20,72558
20361,0.001489,172.31.36.0-255,66,43137,20,72558
20362,0.001525,172.31.36.0-255,66,43203,20,72558
20363,0.00153,74.125.24.0-255,2184,45387,20,72558
20364,0.001532,172.31.36.0-255,66,45453,20,72558
20365,0.001666,74.125.24.0-255,1484,46937,20,72558
20366,0.001674,74.125.24.0-255,2902,49839,20,72558
20367,0.001677,172.31.36.0-255,66,49905,20,72558
20368,0.001708,172.31.36.0-255,66,49971,20,72558
20369,0.001713,74.125.24.0-255,2902,52873,20,72558
20370,0.001715,172.31.36.0-255,66,52939,20,72558
20371,0.001727,172.31.36.0-255,66,53005,20,72558
20372,0.001774,172.31.36.0-255,66,53071,20,72558
20373,0.001914,74.125.24.0-255,1484,54555,20,72558
20374,0.001929,74.125.24.0-255,2902,57457,20,72558
20375,0.001933,172.31.36.0-255,66,57523,20,72558
20376,0.001952,172.31.36.0-255,66,57589,20,72558
20377,0.001962,172.31.36.0-255,66,57655,20,72558
20378,0.002007,172.31.36.0-255,101,57756,20,72558
20379,0.002019,172.31.36.0-255,66,57822,20,72558
20380,0.002046,74.125.24.0-255,2902,60724,20,72558
20381,0.00205,172.31.36.0-255,66,60790,20,72558
20382,0.002059,172.31.36.0-255,66,60856,20,72558
20383,0.002068,172.31.36.0-255,66,60922,20,72558
20384,0.002103,172.31.36.0-255,66,60988,20,72558
20385,0.00214,172.31.36.0-255,66,61054,20,72558
20386,0.002155,172.31.36.0-255,66,61120,20,72558
20387,0.002198,172.31.36.0-255,66,61186,20,72558
20388,0.002217,172.31.36.0-255,66,61252,20,72558
20389,0.002226,172.31.36.0-255,66,61318,20,72558
20390,0.002295,172.31.36.0-255,66,61384,20,72558
20391,0.002335,172.31.36.0-255,66,61450,20,72558
20392,0.002339,74.125.24.0-255,2184,63634,20,72558
20393,0.002341,172.31.36.0-255,66,63700,20,72558
20394,0.002344,74.125.24.0-255,1484,65184,20,72558
20395,0.002346,74.125.24.0-255,1484,66668,20,72558
20396,0.002348,172.31.36.0-255,66,66734,20,72558
20397,0.002379,74.125.24.0-255,1484,68218,20,72558
20398,0.002388,172.31.36.0-255,66,68284,20,72558
20399,0.002397,172.31.36.0-255,66,68350,20,72558
20400,0.002423,172.31.36.0-255,66,68416,20,72558
20401,0.00244,172.31.36.0-255,66,68482,20,72558
20402,0.002466,74.125.24.0-255,3602,72084,20,72558
20403,0.002468,172.31.36.0-255,66,72150,20,72558
20404,0.002477,172.31.36.0-255,66,72216,20,72558
20405,0.004379,74.125.24.0-255,66,72282,20,72558
20406,0.004831,74.125.24.0-255,105,72387,20,72558
20407,0.007858,172.31.36.0-255,105,72492,20,72558
20408,0.014654,74.125.24.0-255,66,72558,20,72558
20409,0.0,172.217.194.0-255,152,152,20,87981
20410,1.3e-05,172.31.36.0-255,66,218,20,87981
20411,2e-05,172.217.194.0-255,1484,1702,20,87981
20412,2.4e-05,172.31.36.0-255,66,1768,20,87981
20413,3e-05,172.217.194.0-255,2902,4670,20,87981
20414,3.3e-05,172.31.36.0-255,66,4736,20,87981
20415,4.5e-05,172.31.36.0-255,66,4802,20,87981
20416,4.9e-05,172.217.194.0-255,2026,6828,20,87981
20417,5.1e-05,172.31.36.0-255,66,6894,20,87981
20418,0.000197,172.217.194.0-255,1484,8378,20,87981
20419,0.000201,172.31.36.0-255,66,8444,20,87981
20420,0.000207,172.217.194.0-255,2902,11346,20,87981
20421,0.00021,172.31.36.0-255,66,11412,20,87981
20422,0.00022,172.31.36.0-255,66,11478,20,87981
20423,0.000256,172.31.36.0-255,66,11544,20,87981
20424,0.000266,172.31.36.0-255,66,11610,20,87981
20425,0.00029,172.217.194.0-255,1484,13094,20,87981
20426,0.000292,172.31.36.0-255,66,13160,20,87981
20427,0.000321,172.31.36.0-255,66,13226,20,87981
20428,0.0004,172.217.194.0-255,1484,14710,20,87981
20429,0.000403,172.31.36.0-255,66,14776,20,87981
20430,0.000409,172.217.194.0-255,2902,17678,20,87981
20431,0.000411,172.31.36.0-255,66,17744,20,87981
20432,0.000425,172.217.194.0-255,2902,20646,20,87981
20433,0.000428,172.31.36.0-255,66,20712,20,87981
20434,0.000449,172.217.194.0-255,2902,23614,20,87981
20435,0.000488,172.31.36.0-255,66,23680,20,87981
20436,0.0005,172.217.194.0-255,1484,25164,20,87981
20437,0.000504,172.217.194.0-255,2902,28066,20,87981
20438,0.000506,172.217.194.0-255,1484,29550,20,87981
20439,0.000509,172.31.36.0-255,66,29616,20,87981
20440,0.000531,172.217.194.0-255,1484,31100,20,87981
20441,0.000567,172.217.194.0-255,2902,34002,20,87981
20442,0.000575,172.31.36.0-255,66,34068,20,87981
20443,0.000606,172.217.194.0-255,1484,35552,20,87981
20444,0.000617,172.31.36.0-255,66,35618,20,87981
20445,0.000651,172.217.194.0-255,212,35830,20,87981
20446,0.000668,172.31.36.0-255,66,35896,20,87981
20447,0.000848,172.217.194.0-255,1484,37380,20,87981
20448,0.000854,172.217.194.0-255,2902,40282,20,87981
20449,0.000879,172.217.194.0-255,1484,41766,20,87981
20450,0.000883,172.31.36.0-255,66,41832,20,87981
20451,0.000899,172.31.36.0-255,66,41898,20,87981
20452,0.000951,172.31.36.0-255,66,41964,20,87981
20453,0.001024,172.217.194.0-255,1484,43448,20,87981
20454,0.001027,172.217.194.0-255,1484,44932,20,87981
20455,0.001043,172.217.194.0-255,1484,46416,20,87981
20456,0.001062,172.217.194.0-255,1484,47900,20,87981
20457,0.001099,172.31.36.0-255,66,47966,20,87981
20458,0.001119,172.217.194.0-255,2184,50150,20,87981
20459,0.001142,172.31.36.0-255,66,50216,20,87981
20460,0.001195,172.217.194.0-255,1484,51700,20,87981
20461,0.001199,172.217.194.0-255,2902,54602,20,87981
20462,0.001224,172.31.36.0-255,66,54668,20,87981
20463,0.001252,172.31.36.0-255,66,54734,20,87981
20464,0.001287,172.31.36.0-255,66,54800,20,87981
20465,0.001315,172.217.194.0-255,1484,56284,20,87981
20466,0.001335,172.217.194.0-255,2902,59186,20,87981
20467,0.001358,172.217.194.0-255,1484,60670,20,87981
20468,0.001372,172.31.36.0-255,66,60736,20,87981
20469,0.001383,172.217.194.0-255,2902,63638,20,87981
20470,0.001388,172.31.36.0-255,66,63704,20,87981
20471,0.00147,172.217.194.0-255,1484,65188,20,87981
20472,0.00148,172.217.194.0-255,2902,68090,20,87981
20473,0.001482,172.217.194.0-255,1484,69574,20,87981
20474,0.001487,172.31.36.0-255,66,69640,20,87981
20475,0.00151,172.217.194.0-255,1484,71124,20,87981
20476,0.001518,172.31.36.0-255,66,71190,20,87981
20477,0.00154,172.217.194.0-255,1484,72674,20,87981
20478,0.001576,172.31.36.0-255,66,72740,20,87981
20479,0.001699,172.217.194.0-255,1484,74224,20,87981
20480,0.001703,172.217.194.0-255,1484,75708,20,87981
20481,0.001715,172.217.194.0-255,1484,77192,20,87981
20482,0.001723,172.31.36.0-255,66,77258,20,87981
20483,0.001775,172.31.36.0-255,66,77324,20,87981
20484,0.001826,172.31.36.0-255,66,77390,20,87981
20485,0.00189,172.217.194.0-255,1484,78874,20,87981
20486,0.001895,172.217.194.0-255,2902,81776,20,87981
20487,0.001917,172.31.36.0-255,66,81842,20,87981
20488,0.001933,172.217.194.0-255,1484,83326,20,87981
20489,0.001943,172.217.194.0-255,2902,86228,20,87981
20490,0.001948,172.31.36.0-255,66,86294,20,87981
20491,0.00206,172.217.194.0-255,1345,87639,20,87981
20492,0.002063,172.217.194.0-255,105,87744,20,87981
20493,0.006865,172.31.36.0-255,66,87810,20,87981
20494,0.009202,172.31.36.0-255,105,87915,20,87981
20495,0.01168,172.217.194.0-255,66,87981,20,87981
20496,0.0,172.217.194.0-255,153,153,20,59176
20497,3.4e-05,172.31.36.0-255,66,219,20,59176
20498,4.1e-05,172.217.194.0-255,1484,1703,20,59176
20499,4.6e-05,172.31.36.0-255,66,1769,20,59176
20500,5.1e-05,172.217.194.0-255,2902,4671,20,59176
20501,5.3e-05,172.31.36.0-255,66,4737,20,59176
20502,6.2e-05,172.31.36.0-255,66,4803,20,59176
20503,7.3e-05,172.31.36.0-255,66,4869,20,59176
20504,8.4e-05,172.31.36.0-255,66,4935,20,59176
20505,0.000114,172.217.194.0-255,2543,7478,20,59176
20506,0.000117,172.31.36.0-255,66,7544,20,59176
20507,0.00012,172.217.194.0-255,1484,9028,20,59176
20508,0.000122,172.31.36.0-255,66,9094,20,59176
20509,0.000142,172.217.194.0-255,2902,11996,20,59176
20510,0.000145,172.31.36.0-255,66,12062,20,59176
20511,0.000156,172.31.36.0-255,66,12128,20,59176
20512,0.000198,172.31.36.0-255,66,12194,20,59176
20513,0.000209,172.31.36.0-255,66,12260,20,59176
20514,0.000283,172.217.194.0-255,1417,13677,20,59176
20515,0.000288,172.31.36.0-255,66,13743,20,59176
20516,0.000318,172.217.194.0-255,98,13841,20,59176
20517,0.000321,172.31.36.0-255,66,13907,20,59176
20518,0.000339,172.217.194.0-255,363,14270,20,59176
20519,0.000342,172.31.36.0-255,66,14336,20,59176
20520,0.000426,172.217.194.0-255,1484,15820,20,59176
20521,0.00043,172.31.36.0-255,66,15886,20,59176
20522,0.000435,172.217.194.0-255,2902,18788,20,59176
20523,0.000439,172.31.36.0-255,66,18854,20,59176
20524,0.000463,172.31.36.0-255,66,18920,20,59176
20525,0.000485,172.31.36.0-255,66,18986,20,59176
20526,0.000517,172.31.36.0-255,66,19052,20,59176
20527,0.000531,172.31.36.0-255,66,19118,20,59176
20528,0.000616,172.217.194.0-255,1484,20602,20,59176
20529,0.00064,172.217.194.0-255,2902,23504,20,59176
20530,0.000643,172.31.36.0-255,66,23570,20,59176
20531,0.000652,172.31.36.0-255,66,23636,20,59176
20532,0.000693,172.31.36.0-255,66,23702,20,59176
20533,0.000711,172.217.194.0-255,2543,26245,20,59176
20534,0.000714,172.31.36.0-255,66,26311,20,59176
20535,0.000877,172.217.194.0-255,1484,27795,20,59176
20536,0.000883,172.217.194.0-255,2902,30697,20,59176
20537,0.000885,172.31.36.0-255,66,30763,20,59176
20538,0.000918,172.31.36.0-255,66,30829,20,59176
20539,0.000948,172.31.36.0-255,66,30895,20,59176
20540,0.000976,172.31.36.0-255,66,30961,20,59176
20541,0.000987,172.31.36.0-255,66,31027,20,59176
20542,0.001119,172.217.194.0-255,1484,32511,20,59176
20543,0.001132,172.217.194.0-255,2902,35413,20,59176
20544,0.001135,172.31.36.0-255,66,35479,20,59176
20545,0.001163,172.31.36.0-255,66,35545,20,59176
20546,0.00118,172.31.36.0-255,66,35611,20,59176
20547,0.001201,172.31.36.0-255,66,35677,20,59176
20548,0.001208,172.31.36.0-255,66,35743,20,59176
20549,0.001235,172.31.36.0-255,66,35809,20,59176
20550,0.001337,172.217.194.0-255,1484,37293,20,59176
20551,0.00134,172.217.194.0-255,2902,40195,20,59176
20552,0.001343,172.31.36.0-255,66,40261,20,59176
20553,0.001362,172.31.36.0-255,66,40327,20,59176
20554,0.001379,172.217.194.0-255,1484,41811,20,59176
20555,0.001383,172.217.194.0-255,2902,44713,20,59176
20556,0.001385,172.31.36.0-255,66,44779,20,59176
20557,0.001412,172.31.36.0-255,66,44845,20,59176
20558,0.001415,172.31.36.0-255,66,44911,20,59176
20559,0.001448,172.31.36.0-255,66,44977,20,59176
20560,0.001493,172.217.194.0-255,1484,46461,20,59176
20561,0.001514,172.217.194.0-255,2902,49363,20,59176
20562,0.001517,172.31.36.0-255,66,49429,20,59176
20563,0.001524,172.31.36.0-255,66,49495,20,59176
20564,0.001568,172.31.36.0-255,66,49561,20,59176
20565,0.001578,172.31.36.0-255,66,49627,20,59176
20566,0.001652,172.31.36.0-255,66,49693,20,59176
20567,0.001661,172.31.36.0-255,66,49759,20,59176
20568,0.001668,172.31.36.0-255,66,49825,20,59176
20569,0.001696,172.31.36.0-255,66,49891,20,59176
20570,0.001703,172.31.36.0-255,66,49957,20,59176
20571,0.00173,172.31.36.0-255,66,50023,20,59176
20572,0.001741,172.31.36.0-255,66,50089,20,59176
20573,0.001767,172.31.36.0-255,66,50155,20,59176
20574,0.001792,172.31.36.0-255,66,50221,20,59176
20575,0.00181,172.217.194.0-255,1484,51705,20,59176
20576,0.001817,172.31.36.0-255,66,51771,20,59176
20577,0.001853,172.31.36.0-255,66,51837,20,59176
20578,0.001862,172.31.36.0-255,66,51903,20,59176
20579,0.001865,172.217.194.0-255,1484,53387,20,59176
20580,0.001882,172.217.194.0-255,3602,56989,20,59176
20581,0.001885,172.31.36.0-255,66,57055,20,59176
20582,0.001892,172.31.36.0-255,66,57121,20,59176
20583,0.001914,172.217.194.0-255,1484,58605,20,59176
20584,0.001955,172.31.36.0-255,66,58671,20,59176
20585,0.001965,172.31.36.0-255,66,58737,20,59176
20586,0.001967,172.217.194.0-255,97,58834,20,59176
20587,0.001983,172.217.194.0-255,105,58939,20,59176
20588,0.007895,172.31.36.0-255,66,59005,20,59176
20589,0.007924,172.31.36.0-255,105,59110,20,59176
20590,0.010154,172.217.194.0-255,66,59176,20,59176
20591,0.0,74.125.24.0-255,152,152,20,64961
20592,2.5e-05,172.31.36.0-255,66,218,20,64961
20593,3.3e-05,74.125.24.0-255,1484,1702,20,64961
20594,3.7e-05,172.31.36.0-255,66,1768,20,64961
20595,4.3e-05,74.125.24.0-255,2902,4670,20,64961
20596,5.4e-05,172.31.36.0-255,66,4736,20,64961
20597,6.5e-05,172.31.36.0-255,66,4802,20,64961
20598,7.6e-05,172.31.36.0-255,66,4868,20,64961
20599,9.7e-05,74.125.24.0-255,2902,7770,20,64961
20600,9.9e-05,172.31.36.0-255,66,7836,20,64961
20601,0.00014,172.31.36.0-255,66,7902,20,64961
20602,0.000512,74.125.24.0-255,1484,9386,20,64961
20603,0.000518,172.31.36.0-255,66,9452,20,64961
20604,0.000525,74.125.24.0-255,2902,12354,20,64961
20605,0.000527,172.31.36.0-255,66,12420,20,64961
20606,0.000542,172.31.36.0-255,66,12486,20,64961
20607,0.00057,74.125.24.0-255,2902,15388,20,64961
20608,0.000572,172.31.36.0-255,66,15454,20,64961
20609,0.000613,172.31.36.0-255,66,15520,20,64961
20610,0.000616,74.125.24.0-255,1484,17004,20,64961
20611,0.000618,172.31.36.0-255,66,17070,20,64961
20612,0.00063,172.31.36.0-255,66,17136,20,64961
20613,0.000776,74.125.24.0-255,131,17267,20,64961
20614,0.00078,172.31.36.0-255,66,17333,20,64961
20615,0.000927,74.125.24.0-255,1484,18817,20,64961
20616,0.000932,172.31.36.0-255,66,18883,20,64961
20617,0.000938,74.125.24.0-255,2902,21785,20,64961
20618,0.00097,74.125.24.0-255,1484,23269,20,64961
20619,0.000985,172.31.36.0-255,66,23335,20,64961
20620,0.00099,172.31.36.0-255,66,23401,20,64961
20621,0.001043,172.31.36.0-255,66,23467,20,64961
20622,0.001196,74.125.24.0-255,1484,24951,20,64961
20623,0.001202,74.125.24.0-255,2902,27853,20,64961
20624,0.001232,172.31.36.0-255,66,27919,20,64961
20625,0.001256,74.125.24.0-255,1484,29403,20,64961
20626,0.001281,74.125.24.0-255,1484,30887,20,64961
20627,0.001294,172.31.36.0-255,66,30953,20,64961
20628,0.001318,172.31.36.0-255,66,31019,20,64961
20629,0.001392,74.125.24.0-255,1484,32503,20,64961
20630,0.001398,74.125.24.0-255,2902,35405,20,64961
20631,0.001404,172.31.36.0-255,66,35471,20,64961
20632,0.001439,74.125.24.0-255,1484,36955,20,64961
20633,0.001448,172.31.36.0-255,66,37021,20,64961
20634,0.001479,74.125.24.0-255,1484,38505,20,64961
20635,0.001493,172.31.36.0-255,66,38571,20,64961
20636,0.001504,74.125.24.0-255,2902,41473,20,64961
20637,0.001586,172.31.36.0-255,66,41539,20,64961
20638,0.001593,172.31.36.0-255,66,41605,20,64961
20639,0.00166,74.125.24.0-255,1484,43089,20,64961
20640,0.001682,74.125.24.0-255,2184,45273,20,64961
20641,0.0017,172.31.36.0-255,66,45339,20,64961
20642,0.001792,74.125.24.0-255,1484,46823,20,64961
20643,0.001798,74.125.24.0-255,2902,49725,20,64961
20644,0.001805,172.31.36.0-255,66,49791,20,64961
20645,0.00184,74.125.24.0-255,2902,52693,20,64961
20646,0.001849,172.31.36.0-255,66,52759,20,64961
20647,0.001938,74.125.24.0-255,2902,55661,20,64961
20648,0.001958,74.125.24.0-255,1484,57145,20,64961
20649,0.002064,74.125.24.0-255,1484,58629,20,64961
20650,0.002076,74.125.24.0-255,1484,60113,20,64961
20651,0.002078,74.125.24.0-255,1484,61597,20,64961
20652,0.002092,74.125.24.0-255,2902,64499,20,64961
20653,0.006322,172.31.36.0-255,66,64565,20,64961
20654,0.008372,172.31.36.0-255,66,64631,20,64961
20655,0.01044,172.31.36.0-255,66,64697,20,64961
20656,0.012501,172.31.36.0-255,66,64763,20,64961
20657,0.014526,172.31.36.0-255,66,64829,20,64961
20658,0.016544,172.31.36.0-255,66,64895,20,64961
20659,0.018618,172.31.36.0-255,66,64961,20,64961
20660,0.0,172.253.118.0-255,66,66,20,66
20661,0.0,172.217.194.0-255,153,153,20,64677
20662,1.5e-05,172.31.36.0-255,66,219,20,64677
20663,2.3e-05,172.217.194.0-255,1484,1703,20,64677
20664,2.8e-05,172.31.36.0-255,66,1769,20,64677
20665,3.3e-05,172.217.194.0-255,2902,4671,20,64677
20666,4.4e-05,172.31.36.0-255,66,4737,20,64677
20667,5.5e-05,172.31.36.0-255,66,4803,20,64677
20668,5.9e-05,172.217.194.0-255,2003,6806,20,64677
20669,6.2e-05,172.31.36.0-255,66,6872,20,64677
20670,0.000112,172.217.194.0-255,1484,8356,20,64677
20671,0.000115,172.31.36.0-255,66,8422,20,64677
20672,0.00012,172.217.194.0-255,2902,11324,20,64677
20673,0.000122,172.31.36.0-255,66,11390,20,64677
20674,0.000131,172.31.36.0-255,66,11456,20,64677
20675,0.000136,172.217.194.0-255,2902,14358,20,64677
20676,0.000138,172.31.36.0-255,66,14424,20,64677
20677,0.000166,172.217.194.0-255,3961,18385,20,64677
20678,0.000169,172.31.36.0-255,66,18451,20,64677
20679,0.000178,172.31.36.0-255,66,18517,20,64677
20680,0.000183,172.217.194.0-255,2902,21419,20,64677
20681,0.000185,172.31.36.0-255,66,21485,20,64677
20682,0.000212,172.31.36.0-255,66,21551,20,64677
20683,0.000215,172.217.194.0-255,1484,23035,20,64677
20684,0.000217,172.31.36.0-255,66,23101,20,64677
20685,0.000261,172.31.36.0-255,66,23167,20,64677
20686,0.000271,172.31.36.0-255,66,23233,20,64677
20687,0.000274,172.217.194.0-255,710,23943,20,64677
20688,0.000485,172.217.194.0-255,1484,25427,20,64677
20689,0.000491,172.31.36.0-255,66,25493,20,64677
20690,0.000497,172.217.194.0-255,2902,28395,20,64677
20691,0.0005,172.31.36.0-255,66,28461,20,64677
20692,0.000514,172.31.36.0-255,66,28527,20,64677
20693,0.000566,172.31.36.0-255,66,28593,20,64677
20694,0.000578,172.31.36.0-255,66,28659,20,64677
20695,0.000581,172.217.194.0-255,766,29425,20,64677
20696,0.000732,172.217.194.0-255,1484,30909,20,64677
20697,0.000736,172.31.36.0-255,66,30975,20,64677
20698,0.000743,172.217.194.0-255,2902,33877,20,64677
20699,0.000746,172.31.36.0-255,66,33943,20,64677
20700,0.000775,172.31.36.0-255,66,34009,20,64677
20701,0.000789,172.31.36.0-255,66,34075,20,64677
20702,0.000851,172.31.36.0-255,66,34141,20,64677
20703,0.000864,172.31.36.0-255,66,34207,20,64677
20704,0.000875,172.31.36.0-255,66,34273,20,64677
20705,0.000913,172.217.194.0-255,2902,37175,20,64677
20706,0.000916,172.31.36.0-255,66,37241,20,64677
20707,0.000954,172.31.36.0-255,66,37307,20,64677
20708,0.000978,172.217.194.0-255,1484,38791,20,64677
20709,0.000983,172.217.194.0-255,2902,41693,20,64677
20710,0.000985,172.31.36.0-255,66,41759,20,64677
20711,0.000995,172.31.36.0-255,66,41825,20,64677
20712,0.000998,172.217.194.0-255,1484,43309,20,64677
20713,0.001029,172.31.36.0-255,66,43375,20,64677
20714,0.00104,172.31.36.0-255,66,43441,20,64677
20715,0.001123,172.217.194.0-255,2902,46343,20,64677
20716,0.001323,172.217.194.0-255,1484,47827,20,64677
20717,0.00133,172.217.194.0-255,2902,50729,20,64677
20718,0.00135,172.217.194.0-255,1484,52213,20,64677
20719,0.001416,172.217.194.0-255,215,52428,20,64677
20720,0.001456,172.217.194.0-255,1484,53912,20,64677
20721,0.001479,172.217.194.0-255,1484,55396,20,64677
20722,0.00174,172.217.194.0-255,1484,56880,20,64677
20723,0.001764,172.217.194.0-255,2902,59782,20,64677
20724,0.001784,172.217.194.0-255,1484,61266,20,64677
20725,0.001789,172.217.194.0-255,2902,64168,20,64677
20726,0.001916,172.217.194.0-255,105,64273,20,64677
20727,0.004411,172.31.36.0-255,66,64339,20,64677
20728,0.005003,172.31.36.0-255,101,64440,20,64677
20729,0.007197,172.217.194.0-255,66,64506,20,64677
20730,0.007363,172.31.36.0-255,105,64611,20,64677
20731,0.009555,172.217.194.0-255,66,64677,20,64677
20732,0.0,74.125.24.0-255,146,146,20,56266
20733,2.5e-05,172.31.36.0-255,66,212,20,56266
20734,3.1e-05,74.125.24.0-255,1484,1696,20,56266
20735,3.6e-05,172.31.36.0-255,66,1762,20,56266
20736,4e-05,74.125.24.0-255,1484,3246,20,56266
20737,4.9e-05,172.31.36.0-255,66,3312,20,56266
20738,6e-05,74.125.24.0-255,1484,4796,20,56266
20739,6.3e-05,172.31.36.0-255,66,4862,20,56266
20740,7.8e-05,172.31.36.0-255,66,4928,20,56266
20741,8e-05,74.125.24.0-255,1484,6412,20,56266
20742,8.3e-05,172.31.36.0-255,66,6478,20,56266
20743,0.000128,172.31.36.0-255,66,6544,20,56266
20744,0.000132,74.125.24.0-255,1484,8028,20,56266
20745,0.000133,172.31.36.0-255,66,8094,20,56266
20746,0.00017,172.31.36.0-255,66,8160,20,56266
20747,0.0002,74.125.24.0-255,1484,9644,20,56266
20748,0.000203,172.31.36.0-255,66,9710,20,56266
20749,0.000208,74.125.24.0-255,2902,12612,20,56266
20750,0.00021,172.31.36.0-255,66,12678,20,56266
20751,0.000232,172.31.36.0-255,66,12744,20,56266
20752,0.000254,74.125.24.0-255,1484,14228,20,56266
20753,0.000256,172.31.36.0-255,66,14294,20,56266
20754,0.000261,74.125.24.0-255,2902,17196,20,56266
20755,0.000263,172.31.36.0-255,66,17262,20,56266
20756,0.000281,172.31.36.0-255,66,17328,20,56266
20757,0.000319,172.31.36.0-255,66,17394,20,56266
20758,0.000323,74.125.24.0-255,397,17791,20,56266
20759,0.000325,172.31.36.0-255,66,17857,20,56266
20760,0.000554,74.125.24.0-255,345,18202,20,56266
20761,0.000558,172.31.36.0-255,66,18268,20,56266
20762,0.000588,74.125.24.0-255,1484,19752,20,56266
20763,0.000591,172.31.36.0-255,66,19818,20,56266
20764,0.000599,172.31.36.0-255,66,19884,20,56266
20765,0.000632,172.31.36.0-255,66,19950,20,56266
20766,0.000667,172.31.36.0-255,66,20016,20,56266
20767,0.000704,172.31.36.0-255,66,20082,20,56266
20768,0.001821,74.125.24.0-255,1484,21566,20,56266
20769,0.00183,74.125.24.0-255,2902,24468,20,56266
20770,0.00185,74.125.24.0-255,1484,25952,20,56266
20771,0.001872,74.125.24.0-255,2902,28854,20,56266
20772,0.001909,74.125.24.0-255,2902,31756,20,56266
20773,0.002491,74.125.24.0-255,1484,33240,20,56266
20774,0.002516,74.125.24.0-255,2902,36142,20,56266
20775,0.002529,74.125.24.0-255,2902,39044,20,56266
20776,0.002539,74.125.24.0-255,2902,41946,20,56266
20777,0.00259,74.125.24.0-255,2902,44848,20,56266
20778,0.002613,74.125.24.0-255,2902,47750,20,56266
20779,0.002617,74.125.24.0-255,2902,50652,20,56266
20780,0.002633,74.125.24.0-255,2184,52836,20,56266
20781,0.004724,172.31.36.0-255,66,52902,20,56266
20782,0.007367,172.31.36.0-255,66,52968,20,56266
20783,0.010041,172.31.36.0-255,66,53034,20,56266
20784,0.01007,74.125.24.0-255,1484,54518,20,56266
20785,0.010075,172.31.36.0-255,66,54584,20,56266
20786,0.012682,172.31.36.0-255,66,54650,20,56266
20787,0.012713,74.125.24.0-255,1484,56134,20,56266
20788,0.015344,172.31.36.0-255,66,56200,20,56266
20789,0.018105,172.31.36.0-255,66,56266,20,56266
20790,0.0,74.125.24.0-255,159,159,20,38261
20791,2.1e-05,172.31.36.0-255,66,225,20,38261
20792,2.8e-05,74.125.24.0-255,1484,1709,20,38261
20793,3.3e-05,172.31.36.0-255,66,1775,20,38261
20794,3.9e-05,74.125.24.0-255,2902,4677,20,38261
20795,4.5e-05,172.31.36.0-255,66,4743,20,38261
20796,5.6e-05,172.31.36.0-255,66,4809,20,38261
20797,6e-05,74.125.24.0-255,2076,6885,20,38261
20798,6.3e-05,172.31.36.0-255,66,6951,20,38261
20799,0.000455,74.125.24.0-255,1484,8435,20,38261
20800,0.000461,172.31.36.0-255,66,8501,20,38261
20801,0.000467,74.125.24.0-255,2902,11403,20,38261
20802,0.00047,172.31.36.0-255,66,11469,20,38261
20803,0.000502,172.31.36.0-255,66,11535,20,38261
20804,0.000514,172.31.36.0-255,66,11601,20,38261
20805,0.001096,74.125.24.0-255,1484,13085,20,38261
20806,0.001102,172.31.36.0-255,66,13151,20,38261
20807,0.001113,74.125.24.0-255,2902,16053,20,38261
20808,0.001115,172.31.36.0-255,66,16119,20,38261
20809,0.001125,172.31.36.0-255,66,16185,20,38261
20810,0.001142,74.125.24.0-255,2902,19087,20,38261
20811,0.001144,172.31.36.0-255,66,19153,20,38261
20812,0.001177,172.31.36.0-255,66,19219,20,38261
20813,0.001202,74.125.24.0-255,2902,22121,20,38261
20814,0.001205,172.31.36.0-255,66,22187,20,38261
20815,0.001232,172.31.36.0-255,66,22253,20,38261
20816,0.001235,74.125.24.0-255,1398,23651,20,38261
20817,0.001733,74.125.24.0-255,1484,25135,20,38261
20818,0.00174,172.31.36.0-255,66,25201,20,38261
20819,0.001747,74.125.24.0-255,2902,28103,20,38261
20820,0.00175,172.31.36.0-255,66,28169,20,38261
20821,0.001754,74.125.24.0-255,1484,29653,20,38261
20822,0.001787,172.31.36.0-255,66,29719,20,38261
20823,0.001797,172.31.36.0-255,66,29785,20,38261
20824,0.0018,74.125.24.0-255,1484,31269,20,38261
20825,0.001843,172.31.36.0-255,66,31335,20,38261
20826,0.001853,172.31.36.0-255,66,31401,20,38261
20827,0.001874,172.31.36.0-255,66,31467,20,38261
20828,0.001892,172.31.36.0-255,66,31533,20,38261
20829,0.00214,74.125.24.0-255,1484,33017,20,38261
20830,0.002156,74.125.24.0-255,2902,35919,20,38261
20831,0.002159,172.31.36.0-255,66,35985,20,38261
20832,0.002184,172.31.36.0-255,66,36051,20,38261
20833,0.002187,74.125.24.0-255,1484,37535,20,38261
20834,0.002223,172.31.36.0-255,66,37601,20,38261
20835,0.002231,172.31.36.0-255,66,37667,20,38261
20836,0.002251,172.31.36.0-255,66,37733,20,38261
20837,0.004456,172.31.36.0-255,66,37799,20,38261
20838,0.006659,172.31.36.0-255,66,37865,20,38261
20839,0.008883,172.31.36.0-255,66,37931,20,38261
20840,0.011103,172.31.36.0-255,66,37997,20,38261
20841,0.013341,172.31.36.0-255,66,38063,20,38261
20842,0.015547,172.31.36.0-255,66,38129,20,38261
20843,0.017771,172.31.36.0-255,66,38195,20,38261
20844,0.019994,172.31.36.0-255,66,38261,20,38261
20845,0.0,74.125.68.0-255,157,157,20,61844
20846,2.1e-05,172.31.36.0-255,66,223,20,61844
20847,3.8e-05,74.125.68.0-255,1484,1707,20,61844
20848,4.3e-05,172.31.36.0-255,66,1773,20,61844
20849,5.6e-05,74.125.68.0-255,1484,3257,20,61844
20850,5.9e-05,172.31.36.0-255,66,3323,20,61844
20851,7.5e-05,74.125.68.0-255,2902,6225,20,61844
20852,7.8e-05,172.31.36.0-255,66,6291,20,61844
20853,0.000103,74.125.68.0-255,1484,7775,20,61844
20854,0.000105,172.31.36.0-255,66,7841,20,61844
20855,0.000118,74.125.68.0-255,1484,9325,20,61844
20856,0.00012,172.31.36.0-255,66,9391,20,61844
20857,0.000134,74.125.68.0-255,1484,10875,20,61844
20858,0.000135,172.31.36.0-255,66,10941,20,61844
20859,0.000156,74.125.68.0-255,3453,14394,20,61844
20860,0.000159,172.31.36.0-255,66,14460,20,61844
20861,0.000239,74.125.68.0-255,1484,15944,20,61844
20862,0.000242,172.31.36.0-255,66,16010,20,61844
20863,0.000247,74.125.68.0-255,2902,18912,20,61844
20864,0.000249,172.31.36.0-255,66,18978,20,61844
20865,0.000279,172.31.36.0-255,66,19044,20,61844
20866,0.000317,172.31.36.0-255,66,19110,20,61844
20867,0.000353,172.31.36.0-255,66,19176,20,61844
20868,0.000365,74.125.68.0-255,2902,22078,20,61844
20869,0.000368,172.31.36.0-255,66,22144,20,61844
20870,0.000412,74.125.68.0-255,2902,25046,20,61844
20871,0.000414,172.31.36.0-255,66,25112,20,61844
20872,0.000436,172.31.36.0-255,66,25178,20,61844
20873,0.001204,74.125.68.0-255,1484,26662,20,61844
20874,0.001214,74.125.68.0-255,2902,29564,20,61844
20875,0.001218,172.31.36.0-255,66,29630,20,61844
20876,0.001244,172.31.36.0-255,66,29696,20,61844
20877,0.001269,74.125.68.0-255,1484,31180,20,61844
20878,0.001291,172.31.36.0-255,66,31246,20,61844
20879,0.001294,74.125.68.0-255,1484,32730,20,61844
20880,0.00131,172.31.36.0-255,66,32796,20,61844
20881,0.001314,74.125.68.0-255,2902,35698,20,61844
20882,0.001316,172.31.36.0-255,66,35764,20,61844
20883,0.001342,172.31.36.0-255,66,35830,20,61844
20884,0.001379,74.125.68.0-255,1125,36955,20,61844
20885,0.001408,74.125.68.0-255,1484,38439,20,61844
20886,0.001411,172.31.36.0-255,66,38505,20,61844
20887,0.001416,74.125.68.0-255,2902,41407,20,61844
20888,0.001418,172.31.36.0-255,66,41473,20,61844
20889,0.001421,74.125.68.0-255,1484,42957,20,61844
20890,0.001435,74.125.68.0-255,2902,45859,20,61844
20891,0.001437,172.31.36.0-255,66,45925,20,61844
20892,0.001454,74.125.68.0-255,1484,47409,20,61844
20893,0.001469,172.31.36.0-255,66,47475,20,61844
20894,0.001488,74.125.68.0-255,2902,50377,20,61844
20895,0.001491,172.31.36.0-255,66,50443,20,61844
20896,0.001494,74.125.68.0-255,287,50730,20,61844
20897,0.001719,74.125.68.0-255,1484,52214,20,61844
20898,0.001724,172.31.36.0-255,66,52280,20,61844
20899,0.001729,74.125.68.0-255,2902,55182,20,61844
20900,0.001731,172.31.36.0-255,66,55248,20,61844
20901,0.001736,74.125.68.0-255,2902,58150,20,61844
20902,0.001738,172.31.36.0-255,66,58216,20,61844
20903,0.001758,74.125.68.0-255,2902,61118,20,61844
20904,0.00176,172.31.36.0-255,66,61184,20,61844
20905,0.001791,172.31.36.0-255,66,61250,20,61844
20906,0.001806,172.31.36.0-255,66,61316,20,61844
20907,0.001851,172.31.36.0-255,66,61382,20,61844
20908,0.004215,172.31.36.0-255,66,61448,20,61844
20909,0.00654,172.31.36.0-255,66,61514,20,61844
20910,0.008896,172.31.36.0-255,66,61580,20,61844
20911,0.011237,172.31.36.0-255,66,61646,20,61844
20912,0.013569,172.31.36.0-255,66,61712,20,61844
20913,0.015912,172.31.36.0-255,66,61778,20,61844
20914,0.01824,172.31.36.0-255,66,61844,20,61844
20915,0.0,74.125.200.0-255,150,150,20,109145
20916,3.1e-05,172.31.36.0-255,66,216,20,109145
20917,3.8e-05,74.125.200.0-255,1484,1700,20,109145
20918,4.3e-05,172.31.36.0-255,66,1766,20,109145
20919,4.8e-05,74.125.200.0-255,2902,4668,20,109145
20920,5.1e-05,172.31.36.0-255,66,4734,20,109145
20921,6.3e-05,172.31.36.0-255,66,4800,20,109145
20922,8.2e-05,74.125.200.0-255,2036,6836,20,109145
20923,8.5e-05,172.31.36.0-255,66,6902,20,109145
20924,0.000175,74.125.200.0-255,1484,8386,20,109145
20925,0.000179,172.31.36.0-255,66,8452,20,109145
20926,0.000184,74.125.200.0-255,2902,11354,20,109145
20927,0.000187,172.31.36.0-255,66,11420,20,109145
20928,0.000221,172.31.36.0-255,66,11486,20,109145
20929,0.00023,172.31.36.0-255,66,11552,20,109145
20930,0.00024,172.31.36.0-255,66,11618,20,109145
20931,0.000244,74.125.200.0-255,1484,13102,20,109145
20932,0.000245,172.31.36.0-255,66,13168,20,109145
20933,0.000271,172.31.36.0-255,66,13234,20,109145
20934,0.000275,74.125.200.0-255,2543,15777,20,109145
20935,0.000277,172.31.36.0-255,66,15843,20,109145
20936,0.001317,74.125.200.0-255,1484,17327,20,109145
20937,0.001324,172.31.36.0-255,66,17393,20,109145
20938,0.001335,74.125.200.0-255,2902,20295,20,109145
20939,0.001338,172.31.36.0-255,66,20361,20,109145
20940,0.001348,172.31.36.0-255,66,20427,20,109145
20941,0.001353,74.125.200.0-255,2902,23329,20,109145
20942,0.001355,172.31.36.0-255,66,23395,20,109145
20943,0.001385,172.31.36.0-255,66,23461,20,109145
20944,0.001428,74.125.200.0-255,1484,24945,20,109145
20945,0.001436,74.125.200.0-255,2902,27847,20,109145
20946,0.001439,172.31.36.0-255,66,27913,20,109145
20947,0.001457,74.125.200.0-255,2902,30815,20,109145
20948,0.001459,172.31.36.0-255,66,30881,20,109145
20949,0.001474,74.125.200.0-255,2902,33783,20,109145
20950,0.001476,172.31.36.0-255,66,33849,20,109145
20951,0.001484,172.31.36.0-255,66,33915,20,109145
20952,0.001502,74.125.200.0-255,2902,36817,20,109145
20953,0.001505,172.31.36.0-255,66,36883,20,109145
20954,0.001525,74.125.200.0-255,2543,39426,20,109145
20955,0.001527,172.31.36.0-255,66,39492,20,109145
20956,0.00153,74.125.200.0-255,1484,40976,20,109145
20957,0.001548,172.31.36.0-255,66,41042,20,109145
20958,0.001573,172.31.36.0-255,66,41108,20,109145
20959,0.001584,74.125.200.0-255,2543,43651,20,109145
20960,0.001586,172.31.36.0-255,66,43717,20,109145
20961,0.001998,74.125.200.0-255,1484,45201,20,109145
20962,0.002013,74.125.200.0-255,2902,48103,20,109145
20963,0.002016,172.31.36.0-255,66,48169,20,109145
20964,0.002018,74.125.200.0-255,1484,49653,20,109145
20965,0.002032,74.125.200.0-255,1484,51137,20,109145
20966,0.002035,172.31.36.0-255,66,51203,20,109145
20967,0.002052,74.125.200.0-255,1484,52687,20,109145
20968,0.002056,74.125.200.0-255,2902,55589,20,109145
20969,0.002058,172.31.36.0-255,66,55655,20,109145
20970,0.002075,74.125.200.0-255,2902,58557,20,109145
20971,0.002077,172.31.36.0-255,66,58623,20,109145
20972,0.002084,172.31.36.0-255,66,58689,20,109145
20973,0.002095,74.125.200.0-255,2902,61591,20,109145
20974,0.002098,172.31.36.0-255,66,61657,20,109145
20975,0.004127,74.125.200.0-255,2902,64559,20,109145
20976,0.004131,172.31.36.0-255,66,64625,20,109145
20977,0.004146,74.125.200.0-255,2902,67527,20,109145
20978,0.004149,172.31.36.0-255,66,67593,20,109145
20979,0.006172,74.125.200.0-255,2902,70495,20,109145
20980,0.006178,172.31.36.0-255,66,70561,20,109145
20981,0.006195,74.125.200.0-255,2902,73463,20,109145
20982,0.006198,172.31.36.0-255,66,73529,20,109145
20983,0.008231,74.125.200.0-255,2902,76431,20,109145
20984,0.008238,172.31.36.0-255,66,76497,20,109145
20985,0.008263,74.125.200.0-255,2902,79399,20,109145
20986,0.008266,172.31.36.0-255,66,79465,20,109145
20987,0.010283,74.125.200.0-255,2902,82367,20,109145
20988,0.010291,172.31.36.0-255,66,82433,20,109145
20989,0.010314,74.125.200.0-255,2902,85335,20,109145
20990,0.010318,172.31.36.0-255,66,85401,20,109145
20991,0.01236,74.125.200.0-255,2902,88303,20,109145
20992,0.01237,172.31.36.0-255,66,88369,20,109145
20993,0.012393,74.125.200.0-255,2902,91271,20,109145
20994,0.012397,172.31.36.0-255,66,91337,20,109145
20995,0.014416,74.125.200.0-255,2902,94239,20,109145
20996,0.014423,172.31.36.0-255,66,94305,20,109145
20997,0.014445,74.125.200.0-255,2902,97207,20,109145
20998,0.014448,172.31.36.0-255,66,97273,20,109145
20999,0.016482,74.125.200.0-255,2902,100175,20,109145
21000,0.01649,172.31.36.0-255,66,100241,20,109145
21001,0.016511,74.125.200.0-255,2902,103143,20,109145
21002,0.016515,172.31.36.0-255,66,103209,20,109145
21003,0.018541,74.125.200.0-255,2902,106111,20,109145
21004,0.018547,172.31.36.0-255,66,106177,20,109145
21005,0.018571,74.125.200.0-255,2902,109079,20,109145
21006,0.018576,172.31.36.0-255,66,109145,20,109145
21007,0.0,74.125.24.0-255,152,152,20,47859
21008,1.5e-05,172.31.36.0-255,66,218,20,47859
21009,2.2e-05,74.125.24.0-255,1484,1702,20,47859
21010,2.7e-05,172.31.36.0-255,66,1768,20,47859
21011,3.3e-05,74.125.24.0-255,2902,4670,20,47859
21012,4.5e-05,172.31.36.0-255,66,4736,20,47859
21013,5.5e-05,172.31.36.0-255,66,4802,20,47859
21014,0.00012,74.125.24.0-255,3386,8188,20,47859
21015,0.000123,172.31.36.0-255,66,8254,20,47859
21016,0.000132,172.31.36.0-255,66,8320,20,47859
21017,0.000143,172.31.36.0-255,66,8386,20,47859
21018,0.000147,74.125.24.0-255,2543,10929,20,47859
21019,0.000149,172.31.36.0-255,66,10995,20,47859
21020,0.00028,74.125.24.0-255,1484,12479,20,47859
21021,0.000285,172.31.36.0-255,66,12545,20,47859
21022,0.000291,74.125.24.0-255,2902,15447,20,47859
21023,0.000293,172.31.36.0-255,66,15513,20,47859
21024,0.000308,172.31.36.0-255,66,15579,20,47859
21025,0.000341,172.31.36.0-255,66,15645,20,47859
21026,0.000371,172.31.36.0-255,66,15711,20,47859
21027,0.000402,172.31.36.0-255,66,15777,20,47859
21028,0.000449,74.125.24.0-255,111,15888,20,47859
21029,0.000452,172.31.36.0-255,66,15954,20,47859
21030,0.000463,74.125.24.0-255,329,16283,20,47859
21031,0.000469,172.31.36.0-255,66,16349,20,47859
21032,0.001051,74.125.24.0-255,1484,17833,20,47859
21033,0.001057,74.125.24.0-255,2902,20735,20,47859
21034,0.001062,172.31.36.0-255,66,20801,20,47859
21035,0.001072,172.31.36.0-255,66,20867,20,47859
21036,0.001108,172.31.36.0-255,66,20933,20,47859
21037,0.001113,74.125.24.0-255,2902,23835,20,47859
21038,0.001115,172.31.36.0-255,66,23901,20,47859
21039,0.001154,172.31.36.0-255,66,23967,20,47859
21040,0.001702,74.125.24.0-255,1484,25451,20,47859
21041,0.001713,74.125.24.0-255,2902,28353,20,47859
21042,0.001717,172.31.36.0-255,66,28419,20,47859
21043,0.001727,172.31.36.0-255,66,28485,20,47859
21044,0.001742,172.31.36.0-255,66,28551,20,47859
21045,0.001758,172.31.36.0-255,66,28617,20,47859
21046,0.001772,172.31.36.0-255,66,28683,20,47859
21047,0.001806,172.31.36.0-255,66,28749,20,47859
21048,0.001917,74.125.24.0-255,1484,30233,20,47859
21049,0.001923,74.125.24.0-255,1484,31717,20,47859
21050,0.001926,172.31.36.0-255,66,31783,20,47859
21051,0.001952,74.125.24.0-255,1484,33267,20,47859
21052,0.00196,172.31.36.0-255,66,33333,20,47859
21053,0.001994,172.31.36.0-255,66,33399,20,47859
21054,0.002026,172.31.36.0-255,66,33465,20,47859
21055,0.002029,74.125.24.0-255,766,34231,20,47859
21056,0.00221,74.125.24.0-255,1484,35715,20,47859
21057,0.002216,172.31.36.0-255,66,35781,20,47859
21058,0.002222,74.125.24.0-255,2902,38683,20,47859
21059,0.002225,172.31.36.0-255,66,38749,20,47859
21060,0.002239,172.31.36.0-255,66,38815,20,47859
21061,0.00228,172.31.36.0-255,66,38881,20,47859
21062,0.002289,172.31.36.0-255,66,38947,20,47859
21063,0.002346,74.125.24.0-255,3602,42549,20,47859
21064,0.002349,172.31.36.0-255,66,42615,20,47859
21065,0.002464,74.125.24.0-255,1484,44099,20,47859
21066,0.00247,74.125.24.0-255,2902,47001,20,47859
21067,0.002473,172.31.36.0-255,66,47067,20,47859
21068,0.002482,172.31.36.0-255,66,47133,20,47859
21069,0.002508,172.31.36.0-255,66,47199,20,47859
21070,0.002544,172.31.36.0-255,66,47265,20,47859
21071,0.002552,172.31.36.0-255,66,47331,20,47859
21072,0.002584,172.31.36.0-255,66,47397,20,47859
21073,0.002618,172.31.36.0-255,66,47463,20,47859
21074,0.005159,172.31.36.0-255,66,47529,20,47859
21075,0.007733,172.31.36.0-255,66,47595,20,47859
21076,0.01029,172.31.36.0-255,66,47661,20,47859
21077,0.012844,172.31.36.0-255,66,47727,20,47859
21078,0.015411,172.31.36.0-255,66,47793,20,47859
21079,0.017947,172.31.36.0-255,66,47859,20,47859
21080,0.0,74.125.24.0-255,152,152,20,23953
21081,2.3e-05,172.31.36.0-255,66,218,20,23953
21082,3e-05,74.125.24.0-255,1484,1702,20,23953
21083,3.5e-05,172.31.36.0-255,66,1768,20,23953
21084,4e-05,74.125.24.0-255,2902,4670,20,23953
21085,4.3e-05,172.31.36.0-255,66,4736,20,23953
21086,5.5e-05,172.31.36.0-255,66,4802,20,23953
21087,6.8e-05,172.31.36.0-255,66,4868,20,23953
21088,8e-05,172.31.36.0-255,66,4934,20,23953
21089,0.000435,74.125.24.0-255,1484,6418,20,23953
21090,0.000448,172.31.36.0-255,66,6484,20,23953
21091,0.000455,74.125.24.0-255,2902,9386,20,23953
21092,0.000458,172.31.36.0-255,66,9452,20,23953
21093,0.000461,74.125.24.0-255,1484,10936,20,23953
21094,0.000463,172.31.36.0-255,66,11002,20,23953
21095,0.000482,172.31.36.0-255,66,11068,20,23953
21096,0.000499,74.125.24.0-255,1484,12552,20,23953
21097,0.000501,172.31.36.0-255,66,12618,20,23953
21098,0.000533,172.31.36.0-255,66,12684,20,23953
21099,0.000536,172.31.36.0-255,66,12750,20,23953
21100,0.000556,172.31.36.0-255,66,12816,20,23953
21101,0.000595,74.125.24.0-255,3961,16777,20,23953
21102,0.000598,172.31.36.0-255,66,16843,20,23953
21103,0.003141,74.125.24.0-255,646,17489,20,23953
21104,0.003148,172.31.36.0-255,66,17555,20,23953
21105,0.003174,74.125.24.0-255,1484,19039,20,23953
21106,0.003191,74.125.24.0-255,2902,21941,20,23953
21107,0.003193,172.31.36.0-255,66,22007,20,23953
21108,0.005431,74.125.24.0-255,1484,23491,20,23953
21109,0.005477,172.31.36.0-255,66,23557,20,23953
21110,0.007753,172.31.36.0-255,66,23623,20,23953
21111,0.010055,172.31.36.0-255,66,23689,20,23953
21112,0.012357,172.31.36.0-255,66,23755,20,23953
21113,0.01466,172.31.36.0-255,66,23821,20,23953
21114,0.016967,172.31.36.0-255,66,23887,20,23953
21115,0.019241,172.31.36.0-255,66,23953,20,23953
21116,0.0,172.217.194.0-255,153,153,20,50457
21117,2.4e-05,172.31.36.0-255,66,219,20,50457
21118,3e-05,172.217.194.0-255,1484,1703,20,50457
21119,3.5e-05,172.31.36.0-255,66,1769,20,50457
21120,3.9e-05,172.217.194.0-255,2902,4671,20,50457
21121,4.8e-05,172.31.36.0-255,66,4737,20,50457
21122,5.4e-05,172.217.194.0-255,2902,7639,20,50457
21123,5.6e-05,172.31.36.0-255,66,7705,20,50457
21124,9.6e-05,172.31.36.0-255,66,7771,20,50457
21125,0.000101,172.217.194.0-255,3375,11146,20,50457
21126,0.000103,172.31.36.0-255,66,11212,20,50457
21127,0.000123,172.31.36.0-255,66,11278,20,50457
21128,0.000127,172.217.194.0-255,2543,13821,20,50457
21129,0.000129,172.31.36.0-255,66,13887,20,50457
21130,0.000236,172.217.194.0-255,1484,15371,20,50457
21131,0.00024,172.31.36.0-255,66,15437,20,50457
21132,0.000244,172.217.194.0-255,1484,16921,20,50457
21133,0.000246,172.31.36.0-255,66,16987,20,50457
21134,0.000268,172.217.194.0-255,1484,18471,20,50457
21135,0.000271,172.31.36.0-255,66,18537,20,50457
21136,0.000287,172.31.36.0-255,66,18603,20,50457
21137,0.000296,172.31.36.0-255,66,18669,20,50457
21138,0.000311,172.31.36.0-255,66,18735,20,50457
21139,0.000315,172.217.194.0-255,2527,21262,20,50457
21140,0.000319,172.31.36.0-255,66,21328,20,50457
21141,0.000426,172.217.194.0-255,1484,22812,20,50457
21142,0.00043,172.31.36.0-255,66,22878,20,50457
21143,0.000437,172.217.194.0-255,2902,25780,20,50457
21144,0.000439,172.31.36.0-255,66,25846,20,50457
21145,0.000456,172.31.36.0-255,66,25912,20,50457
21146,0.000471,172.217.194.0-255,1484,27396,20,50457
21147,0.000493,172.31.36.0-255,66,27462,20,50457
21148,0.000506,172.31.36.0-255,66,27528,20,50457
21149,0.000553,172.217.194.0-255,1484,29012,20,50457
21150,0.000559,172.217.194.0-255,2902,31914,20,50457
21151,0.000562,172.31.36.0-255,66,31980,20,50457
21152,0.000571,172.31.36.0-255,66,32046,20,50457
21153,0.00058,172.31.36.0-255,66,32112,20,50457
21154,0.000628,172.31.36.0-255,66,32178,20,50457
21155,0.000639,172.31.36.0-255,66,32244,20,50457
21156,0.000695,172.217.194.0-255,1484,33728,20,50457
21157,0.000708,172.217.194.0-255,2902,36630,20,50457
21158,0.000711,172.31.36.0-255,66,36696,20,50457
21159,0.000749,172.31.36.0-255,66,36762,20,50457
21160,0.000759,172.31.36.0-255,66,36828,20,50457
21161,0.000807,172.31.36.0-255,66,36894,20,50457
21162,0.000843,172.31.36.0-255,66,36960,20,50457
21163,0.000929,172.217.194.0-255,1484,38444,20,50457
21164,0.000934,172.217.194.0-255,1484,39928,20,50457
21165,0.000937,172.31.36.0-255,66,39994,20,50457
21166,0.000964,172.217.194.0-255,1484,41478,20,50457
21167,0.000973,172.31.36.0-255,66,41544,20,50457
21168,0.001011,172.31.36.0-255,66,41610,20,50457
21169,0.001039,172.217.194.0-255,1484,43094,20,50457
21170,0.001052,172.31.36.0-255,66,43160,20,50457
21171,0.001082,172.217.194.0-255,2184,45344,20,50457
21172,0.001085,172.31.36.0-255,66,45410,20,50457
21173,0.001096,172.31.36.0-255,66,45476,20,50457
21174,0.00112,172.31.36.0-255,66,45542,20,50457
21175,0.001123,172.217.194.0-255,766,46308,20,50457
21176,0.001165,172.31.36.0-255,66,46374,20,50457
21177,0.001218,172.31.36.0-255,66,46440,20,50457
21178,0.00123,172.31.36.0-255,66,46506,20,50457
21179,0.001247,172.31.36.0-255,66,46572,20,50457
21180,0.001287,172.31.36.0-255,66,46638,20,50457
21181,0.001338,172.31.36.0-255,66,46704,20,50457
21182,0.001348,172.31.36.0-255,66,46770,20,50457
21183,0.001372,172.31.36.0-255,66,46836,20,50457
21184,0.001385,172.31.36.0-255,66,46902,20,50457
21185,0.001396,172.31.36.0-255,66,46968,20,50457
21186,0.001454,172.31.36.0-255,66,47034,20,50457
21187,0.001459,172.217.194.0-255,3015,50049,20,50457
21188,0.001461,172.31.36.0-255,66,50115,20,50457
21189,0.001464,172.217.194.0-255,105,50220,20,50457
21190,0.003237,172.31.36.0-255,66,50286,20,50457
21191,0.008148,172.31.36.0-255,105,50391,20,50457
21192,0.010147,172.217.194.0-255,66,50457,20,50457
21193,0.0,172.217.194.0-255,148,148,20,34329
21194,1.5e-05,172.31.36.0-255,66,214,20,34329
21195,3.7e-05,172.217.194.0-255,1484,1698,20,34329
21196,4.1e-05,172.31.36.0-255,66,1764,20,34329
21197,4.6e-05,172.217.194.0-255,2902,4666,20,34329
21198,4.9e-05,172.31.36.0-255,66,4732,20,34329
21199,9e-05,172.31.36.0-255,66,4798,20,34329
21200,0.000197,172.217.194.0-255,1976,6774,20,34329
21201,0.000202,172.31.36.0-255,66,6840,20,34329
21202,0.000227,172.217.194.0-255,2902,9742,20,34329
21203,0.00023,172.31.36.0-255,66,9808,20,34329
21204,0.00026,172.217.194.0-255,2902,12710,20,34329
21205,0.000264,172.31.36.0-255,66,12776,20,34329
21206,0.000298,172.31.36.0-255,66,12842,20,34329
21207,0.000388,172.31.36.0-255,66,12908,20,34329
21208,0.000483,172.31.36.0-255,66,12974,20,34329
21209,0.000508,172.31.36.0-255,66,13040,20,34329
21210,0.000733,172.31.36.0-255,66,13106,20,34329
21211,0.000765,172.31.36.0-255,66,13172,20,34329
21212,0.000983,172.217.194.0-255,365,13537,20,34329
21213,0.00099,172.31.36.0-255,66,13603,20,34329
21214,0.001178,172.217.194.0-255,1484,15087,20,34329
21215,0.001184,172.31.36.0-255,66,15153,20,34329
21216,0.001189,172.217.194.0-255,2902,18055,20,34329
21217,0.001192,172.31.36.0-255,66,18121,20,34329
21218,0.001233,172.31.36.0-255,66,18187,20,34329
21219,0.001304,172.217.194.0-255,2902,21089,20,34329
21220,0.001322,172.31.36.0-255,66,21155,20,34329
21221,0.001327,172.31.36.0-255,66,21221,20,34329
21222,0.001438,172.31.36.0-255,66,21287,20,34329
21223,0.00147,172.31.36.0-255,66,21353,20,34329
21224,0.001644,172.217.194.0-255,2184,23537,20,34329
21225,0.001648,172.31.36.0-255,66,23603,20,34329
21226,0.001747,172.217.194.0-255,1484,25087,20,34329
21227,0.001766,172.217.194.0-255,2902,27989,20,34329
21228,0.001769,172.31.36.0-255,66,28055,20,34329
21229,0.001826,172.31.36.0-255,66,28121,20,34329
21230,0.001868,172.217.194.0-255,2902,31023,20,34329
21231,0.001904,172.31.36.0-255,66,31089,20,34329
21232,0.002065,172.31.36.0-255,66,31155,20,34329
21233,0.0022,172.217.194.0-255,2184,33339,20,34329
21234,0.002204,172.31.36.0-255,66,33405,20,34329
21235,0.002252,172.31.36.0-255,66,33471,20,34329
21236,0.002292,172.31.36.0-255,66,33537,20,34329
21237,0.002427,172.31.36.0-255,66,33603,20,34329
21238,0.002474,172.31.36.0-255,66,33669,20,34329
21239,0.002745,172.31.36.0-255,66,33735,20,34329
21240,0.00283,172.31.36.0-255,66,33801,20,34329
21241,0.003351,172.31.36.0-255,66,33867,20,34329
21242,0.003426,172.31.36.0-255,66,33933,20,34329
21243,0.006082,172.31.36.0-255,66,33999,20,34329
21244,0.008746,172.31.36.0-255,66,34065,20,34329
21245,0.01141,172.31.36.0-255,66,34131,20,34329
21246,0.014109,172.31.36.0-255,66,34197,20,34329
21247,0.016796,172.31.36.0-255,66,34263,20,34329
21248,0.019496,172.31.36.0-255,66,34329,20,34329
21249,0.0,172.217.194.0-255,153,153,20,77013
21250,2.4e-05,172.31.36.0-255,66,219,20,77013
21251,3.2e-05,172.217.194.0-255,1484,1703,20,77013
21252,3.6e-05,172.31.36.0-255,66,1769,20,77013
21253,5.1e-05,172.217.194.0-255,2902,4671,20,77013
21254,5.3e-05,172.31.36.0-255,66,4737,20,77013
21255,6.5e-05,172.31.36.0-255,66,4803,20,77013
21256,8.4e-05,172.31.36.0-255,66,4869,20,77013
21257,8.8e-05,172.217.194.0-255,2543,7412,20,77013
21258,9.1e-05,172.31.36.0-255,66,7478,20,77013
21259,0.00013,172.217.194.0-255,1484,8962,20,77013
21260,0.000133,172.31.36.0-255,66,9028,20,77013
21261,0.000138,172.217.194.0-255,2902,11930,20,77013
21262,0.000141,172.31.36.0-255,66,11996,20,77013
21263,0.000177,172.31.36.0-255,66,12062,20,77013
21264,0.000186,172.31.36.0-255,66,12128,20,77013
21265,0.000207,172.31.36.0-255,66,12194,20,77013
21266,0.000215,172.31.36.0-255,66,12260,20,77013
21267,0.000238,172.217.194.0-255,99,12359,20,77013
21268,0.00024,172.31.36.0-255,66,12425,20,77013
21269,0.000345,172.217.194.0-255,363,12788,20,77013
21270,0.000349,172.31.36.0-255,66,12854,20,77013
21271,0.000441,172.217.194.0-255,1484,14338,20,77013
21272,0.000445,172.31.36.0-255,66,14404,20,77013
21273,0.000451,172.217.194.0-255,2902,17306,20,77013
21274,0.000453,172.31.36.0-255,66,17372,20,77013
21275,0.000458,172.217.194.0-255,2902,20274,20,77013
21276,0.000464,172.31.36.0-255,66,20340,20,77013
21277,0.000487,172.217.194.0-255,2902,23242,20,77013
21278,0.00049,172.31.36.0-255,66,23308,20,77013
21279,0.000499,172.31.36.0-255,66,23374,20,77013
21280,0.000507,172.31.36.0-255,66,23440,20,77013
21281,0.000544,172.31.36.0-255,66,23506,20,77013
21282,0.000549,172.217.194.0-255,3410,26916,20,77013
21283,0.000551,172.31.36.0-255,66,26982,20,77013
21284,0.000572,172.217.194.0-255,1484,28466,20,77013
21285,0.000596,172.217.194.0-255,2902,31368,20,77013
21286,0.000599,172.31.36.0-255,66,31434,20,77013
21287,0.000607,172.31.36.0-255,66,31500,20,77013
21288,0.000612,172.217.194.0-255,2902,34402,20,77013
21289,0.000614,172.31.36.0-255,66,34468,20,77013
21290,0.000644,172.31.36.0-255,66,34534,20,77013
21291,0.000658,172.31.36.0-255,66,34600,20,77013
21292,0.000953,172.217.194.0-255,1484,36084,20,77013
21293,0.00096,172.217.194.0-255,2902,38986,20,77013
21294,0.000963,172.31.36.0-255,66,39052,20,77013
21295,0.000969,172.217.194.0-255,2902,41954,20,77013
21296,0.000971,172.31.36.0-255,66,42020,20,77013
21297,0.000993,172.217.194.0-255,2902,44922,20,77013
21298,0.000996,172.31.36.0-255,66,44988,20,77013
21299,0.001006,172.31.36.0-255,66,45054,20,77013
21300,0.001021,172.31.36.0-255,66,45120,20,77013
21301,0.001061,172.31.36.0-255,66,45186,20,77013
21302,0.00107,172.31.36.0-255,66,45252,20,77013
21303,0.001197,172.217.194.0-255,1484,46736,20,77013
21304,0.001205,172.217.194.0-255,2902,49638,20,77013
21305,0.001208,172.31.36.0-255,66,49704,20,77013
21306,0.001231,172.31.36.0-255,66,49770,20,77013
21307,0.00124,172.31.36.0-255,66,49836,20,77013
21308,0.001272,172.31.36.0-255,66,49902,20,77013
21309,0.001284,172.31.36.0-255,66,49968,20,77013
21310,0.001289,172.217.194.0-255,2184,52152,20,77013
21311,0.001291,172.31.36.0-255,66,52218,20,77013
21312,0.001296,172.217.194.0-255,2902,55120,20,77013
21313,0.001298,172.31.36.0-255,66,55186,20,77013
21314,0.001339,172.31.36.0-255,66,55252,20,77013
21315,0.001365,172.31.36.0-255,66,55318,20,77013
21316,0.001393,172.31.36.0-255,66,55384,20,77013
21317,0.001426,172.31.36.0-255,66,55450,20,77013
21318,0.001443,172.217.194.0-255,1484,56934,20,77013
21319,0.001448,172.217.194.0-255,2902,59836,20,77013
21320,0.001451,172.31.36.0-255,66,59902,20,77013
21321,0.001453,172.217.194.0-255,1484,61386,20,77013
21322,0.001482,172.31.36.0-255,66,61452,20,77013
21323,0.001497,172.31.36.0-255,66,61518,20,77013
21324,0.001526,172.31.36.0-255,66,61584,20,77013
21325,0.001535,172.31.36.0-255,66,61650,20,77013
21326,0.001566,172.31.36.0-255,66,61716,20,77013
21327,0.001575,172.31.36.0-255,66,61782,20,77013
21328,0.001624,172.31.36.0-255,66,61848,20,77013
21329,0.001636,172.31.36.0-255,66,61914,20,77013
21330,0.001649,172.217.194.0-255,1484,63398,20,77013
21331,0.001674,172.217.194.0-255,2902,66300,20,77013
21332,0.001676,172.31.36.0-255,66,66366,20,77013
21333,0.001686,172.31.36.0-255,66,66432,20,77013
21334,0.001709,172.217.194.0-255,1484,67916,20,77013
21335,0.001776,172.31.36.0-255,66,67982,20,77013
21336,0.00178,172.31.36.0-255,66,68048,20,77013
21337,0.001782,172.31.36.0-255,66,68114,20,77013
21338,0.001814,172.217.194.0-255,1484,69598,20,77013
21339,0.001817,172.217.194.0-255,1484,71082,20,77013
21340,0.001825,172.31.36.0-255,66,71148,20,77013
21341,0.001829,172.217.194.0-255,1484,72632,20,77013
21342,0.001832,172.217.194.0-255,1484,74116,20,77013
21343,0.001834,172.31.36.0-255,66,74182,20,77013
21344,0.001873,172.31.36.0-255,66,74248,20,77013
21345,0.001885,172.31.36.0-255,66,74314,20,77013
21346,0.001955,172.31.36.0-255,66,74380,20,77013
21347,0.001964,172.31.36.0-255,66,74446,20,77013
21348,0.001988,172.217.194.0-255,2159,76605,20,77013
21349,0.001991,172.31.36.0-255,66,76671,20,77013
21350,0.001994,172.217.194.0-255,105,76776,20,77013
21351,0.004508,172.31.36.0-255,66,76842,20,77013
21352,0.004546,172.31.36.0-255,105,76947,20,77013
21353,0.006803,172.217.194.0-255,66,77013,20,77013
21354,0.0,74.125.130.0-255,153,153,20,50783
21355,3.6e-05,172.31.36.0-255,66,219,20,50783
21356,4.4e-05,74.125.130.0-255,1484,1703,20,50783
21357,4.8e-05,172.31.36.0-255,66,1769,20,50783
21358,5.3e-05,74.125.130.0-255,2902,4671,20,50783
21359,5.6e-05,172.31.36.0-255,66,4737,20,50783
21360,6.4e-05,172.31.36.0-255,66,4803,20,50783
21361,9.6e-05,172.31.36.0-255,66,4869,20,50783
21362,0.000104,172.31.36.0-255,66,4935,20,50783
21363,0.000153,172.31.36.0-255,66,5001,20,50783
21364,0.000399,74.125.130.0-255,1484,6485,20,50783
21365,0.000404,172.31.36.0-255,66,6551,20,50783
21366,0.00041,74.125.130.0-255,2902,9453,20,50783
21367,0.000412,172.31.36.0-255,66,9519,20,50783
21368,0.000436,74.125.130.0-255,2902,12421,20,50783
21369,0.000439,172.31.36.0-255,66,12487,20,50783
21370,0.000449,172.31.36.0-255,66,12553,20,50783
21371,0.000481,172.31.36.0-255,66,12619,20,50783
21372,0.000509,74.125.130.0-255,2902,15521,20,50783
21373,0.000513,172.31.36.0-255,66,15587,20,50783
21374,0.000533,74.125.130.0-255,2902,18489,20,50783
21375,0.000536,74.125.130.0-255,2902,21391,20,50783
21376,0.000537,172.31.36.0-255,66,21457,20,50783
21377,0.000541,172.31.36.0-255,66,21523,20,50783
21378,0.000563,172.31.36.0-255,66,21589,20,50783
21379,0.000583,172.31.36.0-255,66,21655,20,50783
21380,0.000603,74.125.130.0-255,98,21753,20,50783
21381,0.000835,172.31.36.0-255,66,21819,20,50783
21382,0.001015,74.125.130.0-255,364,22183,20,50783
21383,0.001049,172.31.36.0-255,66,22249,20,50783
21384,0.001236,74.125.130.0-255,1484,23733,20,50783
21385,0.001243,74.125.130.0-255,1484,25217,20,50783
21386,0.001246,172.31.36.0-255,66,25283,20,50783
21387,0.001262,74.125.130.0-255,1484,26767,20,50783
21388,0.001271,172.31.36.0-255,66,26833,20,50783
21389,0.001285,74.125.130.0-255,2902,29735,20,50783
21390,0.001288,172.31.36.0-255,66,29801,20,50783
21391,0.001305,172.31.36.0-255,66,29867,20,50783
21392,0.001312,172.31.36.0-255,66,29933,20,50783
21393,0.001338,74.125.130.0-255,2902,32835,20,50783
21394,0.001341,172.31.36.0-255,66,32901,20,50783
21395,0.00135,172.31.36.0-255,66,32967,20,50783
21396,0.002188,74.125.130.0-255,1484,34451,20,50783
21397,0.002196,74.125.130.0-255,2902,37353,20,50783
21398,0.002199,172.31.36.0-255,66,37419,20,50783
21399,0.002221,74.125.130.0-255,2902,40321,20,50783
21400,0.002223,172.31.36.0-255,66,40387,20,50783
21401,0.002237,74.125.130.0-255,2902,43289,20,50783
21402,0.002238,172.31.36.0-255,66,43355,20,50783
21403,0.002242,74.125.130.0-255,2902,46257,20,50783
21404,0.002243,172.31.36.0-255,66,46323,20,50783
21405,0.002265,74.125.130.0-255,1484,47807,20,50783
21406,0.002273,172.31.36.0-255,66,47873,20,50783
21407,0.002299,172.31.36.0-255,66,47939,20,50783
21408,0.002316,172.31.36.0-255,66,48005,20,50783
21409,0.002378,172.31.36.0-255,66,48071,20,50783
21410,0.002392,74.125.130.0-255,766,48837,20,50783
21411,0.002555,172.31.36.0-255,66,48903,20,50783
21412,0.004936,172.31.36.0-255,66,48969,20,50783
21413,0.005108,74.125.130.0-255,1484,50453,20,50783
21414,0.007508,172.31.36.0-255,66,50519,20,50783
21415,0.010079,172.31.36.0-255,66,50585,20,50783
21416,0.012664,172.31.36.0-255,66,50651,20,50783
21417,0.015242,172.31.36.0-255,66,50717,20,50783
21418,0.017823,172.31.36.0-255,66,50783,20,50783
21419,0.0,74.125.24.0-255,153,153,20,93195
21420,2.4e-05,172.31.36.0-255,66,219,20,93195
21421,3.1e-05,74.125.24.0-255,1484,1703,20,93195
21422,3.6e-05,172.31.36.0-255,66,1769,20,93195
21423,5.1e-05,74.125.24.0-255,2902,4671,20,93195
21424,5.5e-05,172.31.36.0-255,66,4737,20,93195
21425,6.4e-05,172.31.36.0-255,66,4803,20,93195
21426,0.000105,74.125.24.0-255,3428,8231,20,93195
21427,0.000108,172.31.36.0-255,66,8297,20,93195
21428,0.000133,172.31.36.0-255,66,8363,20,93195
21429,0.000137,74.125.24.0-255,2902,11265,20,93195
21430,0.00014,172.31.36.0-255,66,11331,20,93195
21431,0.000178,172.31.36.0-255,66,11397,20,93195
21432,0.000181,74.125.24.0-255,1125,12522,20,93195
21433,0.000184,172.31.36.0-255,66,12588,20,93195
21434,0.000213,74.125.24.0-255,1484,14072,20,93195
21435,0.000215,172.31.36.0-255,66,14138,20,93195
21436,0.000234,74.125.24.0-255,1484,15622,20,93195
21437,0.000237,172.31.36.0-255,66,15688,20,93195
21438,0.000242,74.125.24.0-255,2902,18590,20,93195
21439,0.000244,172.31.36.0-255,66,18656,20,93195
21440,0.000248,74.125.24.0-255,2902,21558,20,93195
21441,0.00025,172.31.36.0-255,66,21624,20,93195
21442,0.000281,74.125.24.0-255,2902,24526,20,93195
21443,0.000283,172.31.36.0-255,66,24592,20,93195
21444,0.000292,172.31.36.0-255,66,24658,20,93195
21445,0.000332,172.31.36.0-255,66,24724,20,93195
21446,0.000358,172.31.36.0-255,66,24790,20,93195
21447,0.000388,74.125.24.0-255,3961,28751,20,93195
21448,0.000391,172.31.36.0-255,66,28817,20,93195
21449,0.000415,74.125.24.0-255,679,29496,20,93195
21450,0.000606,74.125.24.0-255,1484,30980,20,93195
21451,0.000611,172.31.36.0-255,66,31046,20,93195
21452,0.000617,74.125.24.0-255,2902,33948,20,93195
21453,0.00062,172.31.36.0-255,66,34014,20,93195
21454,0.000633,172.31.36.0-255,66,34080,20,93195
21455,0.000658,74.125.24.0-255,1484,35564,20,93195
21456,0.000676,172.31.36.0-255,66,35630,20,93195
21457,0.000688,172.31.36.0-255,66,35696,20,93195
21458,0.00072,74.125.24.0-255,2902,38598,20,93195
21459,0.000722,172.31.36.0-255,66,38664,20,93195
21460,0.000726,74.125.24.0-255,1125,39789,20,93195
21461,0.00075,74.125.24.0-255,1484,41273,20,93195
21462,0.000752,172.31.36.0-255,66,41339,20,93195
21463,0.00078,74.125.24.0-255,2902,44241,20,93195
21464,0.000783,172.31.36.0-255,66,44307,20,93195
21465,0.000792,172.31.36.0-255,66,44373,20,93195
21466,0.000797,74.125.24.0-255,2902,47275,20,93195
21467,0.000803,172.31.36.0-255,66,47341,20,93195
21468,0.000852,172.31.36.0-255,66,47407,20,93195
21469,0.000861,172.31.36.0-255,66,47473,20,93195
21470,0.00087,74.125.24.0-255,3602,51075,20,93195
21471,0.000872,172.31.36.0-255,66,51141,20,93195
21472,0.000949,74.125.24.0-255,1484,52625,20,93195
21473,0.000955,74.125.24.0-255,2902,55527,20,93195
21474,0.000958,172.31.36.0-255,66,55593,20,93195
21475,0.000995,172.31.36.0-255,66,55659,20,93195
21476,0.001005,172.31.36.0-255,66,55725,20,93195
21477,0.001079,172.31.36.0-255,66,55791,20,93195
21478,0.001083,74.125.24.0-255,2184,57975,20,93195
21479,0.001087,172.31.36.0-255,66,58041,20,93195
21480,0.001381,74.125.24.0-255,1484,59525,20,93195
21481,0.001395,74.125.24.0-255,2902,62427,20,93195
21482,0.0014,172.31.36.0-255,66,62493,20,93195
21483,0.001408,172.31.36.0-255,66,62559,20,93195
21484,0.001429,74.125.24.0-255,1484,64043,20,93195
21485,0.001447,172.31.36.0-255,66,64109,20,93195
21486,0.001458,172.31.36.0-255,66,64175,20,93195
21487,0.001484,74.125.24.0-255,766,64941,20,93195
21488,0.001564,74.125.24.0-255,1484,66425,20,93195
21489,0.001568,172.31.36.0-255,66,66491,20,93195
21490,0.001574,74.125.24.0-255,2902,69393,20,93195
21491,0.001576,172.31.36.0-255,66,69459,20,93195
21492,0.001579,74.125.24.0-255,1484,70943,20,93195
21493,0.001639,172.31.36.0-255,66,71009,20,93195
21494,0.001642,172.31.36.0-255,66,71075,20,93195
21495,0.001645,172.31.36.0-255,66,71141,20,93195
21496,0.00166,172.31.36.0-255,66,71207,20,93195
21497,0.001721,74.125.24.0-255,1484,72691,20,93195
21498,0.001737,74.125.24.0-255,2902,75593,20,93195
21499,0.00174,172.31.36.0-255,66,75659,20,93195
21500,0.001745,74.125.24.0-255,2902,78561,20,93195
21501,0.001747,172.31.36.0-255,66,78627,20,93195
21502,0.001788,172.31.36.0-255,66,78693,20,93195
21503,0.00181,172.31.36.0-255,66,78759,20,93195
21504,0.001832,172.31.36.0-255,66,78825,20,93195
21505,0.001837,74.125.24.0-255,3602,82427,20,93195
21506,0.001839,172.31.36.0-255,66,82493,20,93195
21507,0.001889,172.31.36.0-255,66,82559,20,93195
21508,0.0019,172.31.36.0-255,66,82625,20,93195
21509,0.001924,74.125.24.0-255,2184,84809,20,93195
21510,0.001926,172.31.36.0-255,66,84875,20,93195
21511,0.001944,74.125.24.0-255,2902,87777,20,93195
21512,0.00195,172.31.36.0-255,66,87843,20,93195
21513,0.001954,74.125.24.0-255,1484,89327,20,93195
21514,0.001985,172.31.36.0-255,66,89393,20,93195
21515,0.002192,74.125.24.0-255,3343,92736,20,93195
21516,0.002211,74.125.24.0-255,105,92841,20,93195
21517,0.010269,172.31.36.0-255,66,92907,20,93195
21518,0.011547,74.125.24.0-255,105,93012,20,93195
21519,0.011558,172.31.36.0-255,78,93090,20,93195
21520,0.019112,172.31.36.0-255,105,93195,20,93195
21521,0.0,74.125.24.0-255,153,153,20,100371
21522,2.3e-05,172.31.36.0-255,66,219,20,100371
21523,3.1e-05,74.125.24.0-255,1484,1703,20,100371
21524,3.6e-05,172.31.36.0-255,66,1769,20,100371
21525,5.1e-05,74.125.24.0-255,2902,4671,20,100371
21526,5.5e-05,172.31.36.0-255,66,4737,20,100371
21527,6.5e-05,172.31.36.0-255,66,4803,20,100371
21528,0.000114,74.125.24.0-255,3465,8268,20,100371
21529,0.000117,172.31.36.0-255,66,8334,20,100371
21530,0.000165,74.125.24.0-255,1484,9818,20,100371
21531,0.000168,172.31.36.0-255,66,9884,20,100371
21532,0.000197,74.125.24.0-255,2902,12786,20,100371
21533,0.000199,172.31.36.0-255,66,12852,20,100371
21534,0.000208,172.31.36.0-255,66,12918,20,100371
21535,0.000221,172.31.36.0-255,66,12984,20,100371
21536,0.000244,74.125.24.0-255,1484,14468,20,100371
21537,0.000251,172.31.36.0-255,66,14534,20,100371
21538,0.000272,74.125.24.0-255,2543,17077,20,100371
21539,0.000274,172.31.36.0-255,66,17143,20,100371
21540,0.000279,74.125.24.0-255,2902,20045,20,100371
21541,0.000281,172.31.36.0-255,66,20111,20,100371
21542,0.00029,172.31.36.0-255,66,20177,20,100371
21543,0.000302,74.125.24.0-255,2902,23079,20,100371
21544,0.000305,172.31.36.0-255,66,23145,20,100371
21545,0.000313,172.31.36.0-255,66,23211,20,100371
21546,0.000342,74.125.24.0-255,1484,24695,20,100371
21547,0.000344,172.31.36.0-255,66,24761,20,100371
21548,0.000347,74.125.24.0-255,1125,25886,20,100371
21549,0.00037,74.125.24.0-255,1484,27370,20,100371
21550,0.000429,74.125.24.0-255,1125,28495,20,100371
21551,0.000467,74.125.24.0-255,400,28895,20,100371
21552,0.000483,74.125.24.0-255,1484,30379,20,100371
21553,0.000527,74.125.24.0-255,1379,31758,20,100371
21554,0.000566,74.125.24.0-255,2902,34660,20,100371
21555,0.000569,74.125.24.0-255,1484,36144,20,100371
21556,0.000582,74.125.24.0-255,2902,39046,20,100371
21557,0.000599,74.125.24.0-255,2902,41948,20,100371
21558,0.000657,74.125.24.0-255,1125,43073,20,100371
21559,0.000675,172.31.36.0-255,66,43139,20,100371
21560,0.001211,74.125.24.0-255,1484,44623,20,100371
21561,0.00123,74.125.24.0-255,2902,47525,20,100371
21562,0.001234,172.31.36.0-255,66,47591,20,100371
21563,0.001268,74.125.24.0-255,2902,50493,20,100371
21564,0.001277,172.31.36.0-255,66,50559,20,100371
21565,0.001308,74.125.24.0-255,2902,53461,20,100371
21566,0.001331,172.31.36.0-255,66,53527,20,100371
21567,0.001363,74.125.24.0-255,2184,55711,20,100371
21568,0.001376,172.31.36.0-255,66,55777,20,100371
21569,0.001589,74.125.24.0-255,1484,57261,20,100371
21570,0.001615,74.125.24.0-255,2902,60163,20,100371
21571,0.001619,172.31.36.0-255,66,60229,20,100371
21572,0.001623,74.125.24.0-255,1484,61713,20,100371
21573,0.00168,172.31.36.0-255,66,61779,20,100371
21574,0.001685,172.31.36.0-255,66,61845,20,100371
21575,0.001723,74.125.24.0-255,1484,63329,20,100371
21576,0.001729,172.31.36.0-255,66,63395,20,100371
21577,0.00174,74.125.24.0-255,2902,66297,20,100371
21578,0.001781,172.31.36.0-255,66,66363,20,100371
21579,0.00179,74.125.24.0-255,1484,67847,20,100371
21580,0.001793,74.125.24.0-255,1484,69331,20,100371
21581,0.001797,74.125.24.0-255,2902,72233,20,100371
21582,0.001834,74.125.24.0-255,1484,73717,20,100371
21583,0.001858,172.31.36.0-255,66,73783,20,100371
21584,0.001892,74.125.24.0-255,1484,75267,20,100371
21585,0.001915,172.31.36.0-255,66,75333,20,100371
21586,0.00196,74.125.24.0-255,1484,76817,20,100371
21587,0.001975,74.125.24.0-255,2902,79719,20,100371
21588,0.001978,74.125.24.0-255,1484,81203,20,100371
21589,0.001984,172.31.36.0-255,66,81269,20,100371
21590,0.001994,74.125.24.0-255,2902,84171,20,100371
21591,0.002014,172.31.36.0-255,66,84237,20,100371
21592,0.002052,172.31.36.0-255,66,84303,20,100371
21593,0.002061,74.125.24.0-255,2902,87205,20,100371
21594,0.002087,74.125.24.0-255,2902,90107,20,100371
21595,0.002106,172.31.36.0-255,66,90173,20,100371
21596,0.002111,172.31.36.0-255,66,90239,20,100371
21597,0.002461,74.125.24.0-255,1484,91723,20,100371
21598,0.002465,74.125.24.0-255,1484,93207,20,100371
21599,0.002468,172.31.36.0-255,66,93273,20,100371
21600,0.002482,74.125.24.0-255,1484,94757,20,100371
21601,0.002507,172.31.36.0-255,66,94823,20,100371
21602,0.002563,74.125.24.0-255,1484,96307,20,100371
21603,0.002589,74.125.24.0-255,3602,99909,20,100371
21604,0.002939,172.31.36.0-255,66,99975,20,100371
21605,0.005581,172.31.36.0-255,66,100041,20,100371
21606,0.008803,172.31.36.0-255,66,100107,20,100371
21607,0.011459,172.31.36.0-255,66,100173,20,100371
21608,0.014129,172.31.36.0-255,66,100239,20,100371
21609,0.016772,172.31.36.0-255,66,100305,20,100371
21610,0.019452,172.31.36.0-255,66,100371,20,100371
21611,0.0,74.125.24.0-255,153,153,20,52714
21612,2.3e-05,172.31.36.0-255,66,219,20,52714
21613,3e-05,74.125.24.0-255,1484,1703,20,52714
21614,3.4e-05,172.31.36.0-255,66,1769,20,52714
21615,3.9e-05,74.125.24.0-255,2902,4671,20,52714
21616,4.1e-05,172.31.36.0-255,66,4737,20,52714
21617,6e-05,172.31.36.0-255,66,4803,20,52714
21618,7e-05,172.31.36.0-255,66,4869,20,52714
21619,0.000116,172.31.36.0-255,66,4935,20,52714
21620,0.0002,74.125.24.0-255,1484,6419,20,52714
21621,0.000203,172.31.36.0-255,66,6485,20,52714
21622,0.000232,74.125.24.0-255,2902,9387,20,52714
21623,0.000235,172.31.36.0-255,66,9453,20,52714
21624,0.000244,172.31.36.0-255,66,9519,20,52714
21625,0.000253,172.31.36.0-255,66,9585,20,52714
21626,0.000258,74.125.24.0-255,2902,12487,20,52714
21627,0.00026,172.31.36.0-255,66,12553,20,52714
21628,0.000294,172.31.36.0-255,66,12619,20,52714
21629,0.000325,172.31.36.0-255,66,12685,20,52714
21630,0.000328,74.125.24.0-255,412,13097,20,52714
21631,0.00033,172.31.36.0-255,66,13163,20,52714
21632,0.000891,74.125.24.0-255,1484,14647,20,52714
21633,0.000897,172.31.36.0-255,66,14713,20,52714
21634,0.000903,74.125.24.0-255,2902,17615,20,52714
21635,0.000905,172.31.36.0-255,66,17681,20,52714
21636,0.000918,172.31.36.0-255,66,17747,20,52714
21637,0.000952,74.125.24.0-255,1484,19231,20,52714
21638,0.000981,172.31.36.0-255,66,19297,20,52714
21639,0.001136,74.125.24.0-255,1484,20781,20,52714
21640,0.00114,74.125.24.0-255,1484,22265,20,52714
21641,0.001144,172.31.36.0-255,66,22331,20,52714
21642,0.001173,74.125.24.0-255,1484,23815,20,52714
21643,0.001183,172.31.36.0-255,66,23881,20,52714
21644,0.001196,172.31.36.0-255,66,23947,20,52714
21645,0.001242,172.31.36.0-255,66,24013,20,52714
21646,0.001654,74.125.24.0-255,1484,25497,20,52714
21647,0.001661,74.125.24.0-255,2902,28399,20,52714
21648,0.001664,172.31.36.0-255,66,28465,20,52714
21649,0.001672,172.31.36.0-255,66,28531,20,52714
21650,0.001704,74.125.24.0-255,1484,30015,20,52714
21651,0.001719,172.31.36.0-255,66,30081,20,52714
21652,0.001722,172.31.36.0-255,66,30147,20,52714
21653,0.001779,172.31.36.0-255,66,30213,20,52714
21654,0.001808,74.125.24.0-255,2902,33115,20,52714
21655,0.001811,172.31.36.0-255,66,33181,20,52714
21656,0.001839,74.125.24.0-255,2902,36083,20,52714
21657,0.001843,172.31.36.0-255,66,36149,20,52714
21658,0.001846,74.125.24.0-255,1484,37633,20,52714
21659,0.00188,172.31.36.0-255,66,37699,20,52714
21660,0.001898,172.31.36.0-255,66,37765,20,52714
21661,0.001964,74.125.24.0-255,1484,39249,20,52714
21662,0.00197,74.125.24.0-255,2902,42151,20,52714
21663,0.001973,172.31.36.0-255,66,42217,20,52714
21664,0.001981,172.31.36.0-255,66,42283,20,52714
21665,0.001994,172.31.36.0-255,66,42349,20,52714
21666,0.002006,172.31.36.0-255,66,42415,20,52714
21667,0.00201,74.125.24.0-255,2184,44599,20,52714
21668,0.002012,172.31.36.0-255,66,44665,20,52714
21669,0.002231,74.125.24.0-255,1484,46149,20,52714
21670,0.002244,74.125.24.0-255,2902,49051,20,52714
21671,0.002248,172.31.36.0-255,66,49117,20,52714
21672,0.002275,74.125.24.0-255,2902,52019,20,52714
21673,0.002278,172.31.36.0-255,66,52085,20,52714
21674,0.002623,172.31.36.0-255,101,52186,20,52714
21675,0.004518,172.31.36.0-255,66,52252,20,52714
21676,0.004819,74.125.24.0-255,66,52318,20,52714
21677,0.006739,172.31.36.0-255,66,52384,20,52714
21678,0.008984,172.31.36.0-255,66,52450,20,52714
21679,0.011263,172.31.36.0-255,66,52516,20,52714
21680,0.013538,172.31.36.0-255,66,52582,20,52714
21681,0.015815,172.31.36.0-255,66,52648,20,52714
21682,0.018083,172.31.36.0-255,66,52714,20,52714
21683,0.0,74.125.24.0-255,152,152,20,64255
21684,2.2e-05,172.31.36.0-255,66,218,20,64255
21685,2.9e-05,74.125.24.0-255,1484,1702,20,64255
21686,3.5e-05,172.31.36.0-255,66,1768,20,64255
21687,4.8e-05,74.125.24.0-255,2902,4670,20,64255
21688,5.1e-05,172.31.36.0-255,66,4736,20,64255
21689,7.6e-05,172.31.36.0-255,66,4802,20,64255
21690,9.3e-05,172.31.36.0-255,66,4868,20,64255
21691,0.000124,74.125.24.0-255,2543,7411,20,64255
21692,0.000128,172.31.36.0-255,66,7477,20,64255
21693,0.000183,74.125.24.0-255,1484,8961,20,64255
21694,0.000186,172.31.36.0-255,66,9027,20,64255
21695,0.000191,74.125.24.0-255,2902,11929,20,64255
21696,0.000193,172.31.36.0-255,66,11995,20,64255
21697,0.000219,172.31.36.0-255,66,12061,20,64255
21698,0.000223,74.125.24.0-255,2902,14963,20,64255
21699,0.000225,172.31.36.0-255,66,15029,20,64255
21700,0.000263,172.31.36.0-255,66,15095,20,64255
21701,0.000293,172.31.36.0-255,66,15161,20,64255
21702,0.000316,172.31.36.0-255,66,15227,20,64255
21703,0.000319,74.125.24.0-255,110,15337,20,64255
21704,0.000322,172.31.36.0-255,66,15403,20,64255
21705,0.000592,74.125.24.0-255,332,15735,20,64255
21706,0.000598,172.31.36.0-255,66,15801,20,64255
21707,0.000848,74.125.24.0-255,1484,17285,20,64255
21708,0.000853,172.31.36.0-255,66,17351,20,64255
21709,0.000859,74.125.24.0-255,2902,20253,20,64255
21710,0.000861,172.31.36.0-255,66,20319,20,64255
21711,0.000869,172.31.36.0-255,66,20385,20,64255
21712,0.000879,74.125.24.0-255,2902,23287,20,64255
21713,0.000927,172.31.36.0-255,66,23353,20,64255
21714,0.000941,172.31.36.0-255,66,23419,20,64255
21715,0.000958,74.125.24.0-255,3602,27021,20,64255
21716,0.000988,172.31.36.0-255,66,27087,20,64255
21717,0.001171,74.125.24.0-255,1484,28571,20,64255
21718,0.001178,74.125.24.0-255,2902,31473,20,64255
21719,0.001181,172.31.36.0-255,66,31539,20,64255
21720,0.001228,74.125.24.0-255,2902,34441,20,64255
21721,0.001261,172.31.36.0-255,66,34507,20,64255
21722,0.001402,74.125.24.0-255,1484,35991,20,64255
21723,0.00142,74.125.24.0-255,2902,38893,20,64255
21724,0.001424,172.31.36.0-255,66,38959,20,64255
21725,0.001434,74.125.24.0-255,1484,40443,20,64255
21726,0.001455,172.31.36.0-255,66,40509,20,64255
21727,0.001513,172.31.36.0-255,66,40575,20,64255
21728,0.001541,74.125.24.0-255,766,41341,20,64255
21729,0.001561,74.125.24.0-255,1484,42825,20,64255
21730,0.001582,172.31.36.0-255,66,42891,20,64255
21731,0.001593,172.31.36.0-255,66,42957,20,64255
21732,0.001647,172.31.36.0-255,66,43023,20,64255
21733,0.001698,172.31.36.0-255,66,43089,20,64255
21734,0.001708,74.125.24.0-255,2184,45273,20,64255
21735,0.001731,172.31.36.0-255,66,45339,20,64255
21736,0.00192,74.125.24.0-255,1484,46823,20,64255
21737,0.001935,74.125.24.0-255,1484,48307,20,64255
21738,0.001939,172.31.36.0-255,66,48373,20,64255
21739,0.001962,74.125.24.0-255,1484,49857,20,64255
21740,0.00202,172.31.36.0-255,66,49923,20,64255
21741,0.002164,74.125.24.0-255,1484,51407,20,64255
21742,0.002169,74.125.24.0-255,2902,54309,20,64255
21743,0.002344,74.125.24.0-255,766,55075,20,64255
21744,0.002357,74.125.24.0-255,1484,56559,20,64255
21745,0.00237,74.125.24.0-255,1484,58043,20,64255
21746,0.002385,74.125.24.0-255,2902,60945,20,64255
21747,0.002389,74.125.24.0-255,2902,63847,20,64255
21748,0.00687,172.31.36.0-255,66,63913,20,64255
21749,0.009385,74.125.24.0-255,105,64018,20,64255
21750,0.01103,172.31.36.0-255,66,64084,20,64255
21751,0.011076,172.31.36.0-255,105,64189,20,64255
21752,0.013607,74.125.24.0-255,66,64255,20,64255
21753,0.0,74.125.24.0-255,152,152,20,51839
21754,2.2e-05,172.31.36.0-255,66,218,20,51839
21755,2.9e-05,74.125.24.0-255,1484,1702,20,51839
21756,3.4e-05,172.31.36.0-255,66,1768,20,51839
21757,4e-05,74.125.24.0-255,2902,4670,20,51839
21758,4.3e-05,172.31.36.0-255,66,4736,20,51839
21759,5.4e-05,172.31.36.0-255,66,4802,20,51839
21760,6.6e-05,172.31.36.0-255,66,4868,20,51839
21761,6.9e-05,74.125.24.0-255,1484,6352,20,51839
21762,7.2e-05,172.31.36.0-255,66,6418,20,51839
21763,0.000113,172.31.36.0-255,66,6484,20,51839
21764,0.000478,74.125.24.0-255,1484,7968,20,51839
21765,0.000484,172.31.36.0-255,66,8034,20,51839
21766,0.000491,74.125.24.0-255,2902,10936,20,51839
21767,0.000494,172.31.36.0-255,66,11002,20,51839
21768,0.000504,172.31.36.0-255,66,11068,20,51839
21769,0.000541,172.31.36.0-255,66,11134,20,51839
21770,0.000544,74.125.24.0-255,1484,12618,20,51839
21771,0.000546,172.31.36.0-255,66,12684,20,51839
21772,0.000584,172.31.36.0-255,66,12750,20,51839
21773,0.0006,74.125.24.0-255,416,13166,20,51839
21774,0.000602,172.31.36.0-255,66,13232,20,51839
21775,0.000668,74.125.24.0-255,1484,14716,20,51839
21776,0.000672,172.31.36.0-255,66,14782,20,51839
21777,0.000677,74.125.24.0-255,2902,17684,20,51839
21778,0.000679,172.31.36.0-255,66,17750,20,51839
21779,0.000711,172.31.36.0-255,66,17816,20,51839
21780,0.000725,172.31.36.0-255,66,17882,20,51839
21781,0.000736,172.31.36.0-255,66,17948,20,51839
21782,0.000774,74.125.24.0-255,2447,20395,20,51839
21783,0.000778,172.31.36.0-255,66,20461,20,51839
21784,0.001078,74.125.24.0-255,1484,21945,20,51839
21785,0.001085,74.125.24.0-255,2902,24847,20,51839
21786,0.001088,172.31.36.0-255,66,24913,20,51839
21787,0.001097,172.31.36.0-255,66,24979,20,51839
21788,0.001117,74.125.24.0-255,2902,27881,20,51839
21789,0.001119,172.31.36.0-255,66,27947,20,51839
21790,0.001143,172.31.36.0-255,66,28013,20,51839
21791,0.001154,172.31.36.0-255,66,28079,20,51839
21792,0.001158,74.125.24.0-255,766,28845,20,51839
21793,0.00168,172.31.36.0-255,66,28911,20,51839
21794,0.001849,74.125.24.0-255,1484,30395,20,51839
21795,0.001859,74.125.24.0-255,2902,33297,20,51839
21796,0.001863,172.31.36.0-255,66,33363,20,51839
21797,0.001873,172.31.36.0-255,66,33429,20,51839
21798,0.001904,172.31.36.0-255,66,33495,20,51839
21799,0.001959,172.31.36.0-255,66,33561,20,51839
21800,0.001984,172.31.36.0-255,66,33627,20,51839
21801,0.001987,74.125.24.0-255,1484,35111,20,51839
21802,0.001993,74.125.24.0-255,2902,38013,20,51839
21803,0.001995,172.31.36.0-255,66,38079,20,51839
21804,0.002058,172.31.36.0-255,66,38145,20,51839
21805,0.002072,172.31.36.0-255,66,38211,20,51839
21806,0.002083,172.31.36.0-255,66,38277,20,51839
21807,0.0021,172.31.36.0-255,66,38343,20,51839
21808,0.00213,172.31.36.0-255,66,38409,20,51839
21809,0.002142,172.31.36.0-255,66,38475,20,51839
21810,0.002146,74.125.24.0-255,2184,40659,20,51839
21811,0.002148,172.31.36.0-255,66,40725,20,51839
21812,0.002212,74.125.24.0-255,1484,42209,20,51839
21813,0.002218,74.125.24.0-255,2902,45111,20,51839
21814,0.002222,172.31.36.0-255,66,45177,20,51839
21815,0.002225,74.125.24.0-255,1484,46661,20,51839
21816,0.002243,172.31.36.0-255,66,46727,20,51839
21817,0.002251,172.31.36.0-255,66,46793,20,51839
21818,0.002284,172.31.36.0-255,66,46859,20,51839
21819,0.002288,74.125.24.0-255,2902,49761,20,51839
21820,0.00229,172.31.36.0-255,66,49827,20,51839
21821,0.002313,172.31.36.0-255,66,49893,20,51839
21822,0.004626,172.31.36.0-255,66,49959,20,51839
21823,0.006905,74.125.24.0-255,1484,51443,20,51839
21824,0.006924,172.31.36.0-255,66,51509,20,51839
21825,0.009206,172.31.36.0-255,66,51575,20,51839
21826,0.011516,172.31.36.0-255,66,51641,20,51839
21827,0.01381,172.31.36.0-255,66,51707,20,51839
21828,0.01611,172.31.36.0-255,66,51773,20,51839
21829,0.018437,172.31.36.0-255,66,51839,20,51839
21830,0.0,172.217.194.0-255,153,153,20,47661
21831,3e-05,172.31.36.0-255,66,219,20,47661
21832,3.7e-05,172.217.194.0-255,1484,1703,20,47661
21833,4.2e-05,172.31.36.0-255,66,1769,20,47661
21834,4.7e-05,172.217.194.0-255,2902,4671,20,47661
21835,5.8e-05,172.31.36.0-255,66,4737,20,47661
21836,6.8e-05,172.31.36.0-255,66,4803,20,47661
21837,7.2e-05,172.217.194.0-255,2066,6869,20,47661
21838,7.5e-05,172.31.36.0-255,66,6935,20,47661
21839,0.000127,172.31.36.0-255,66,7001,20,47661
21840,0.000136,172.31.36.0-255,66,7067,20,47661
21841,0.000298,172.217.194.0-255,1484,8551,20,47661
21842,0.000303,172.31.36.0-255,66,8617,20,47661
21843,0.000309,172.217.194.0-255,2902,11519,20,47661
21844,0.000312,172.31.36.0-255,66,11585,20,47661
21845,0.000316,172.217.194.0-255,2902,14487,20,47661
21846,0.000324,172.31.36.0-255,66,14553,20,47661
21847,0.000353,172.217.194.0-255,1484,16037,20,47661
21848,0.000356,172.31.36.0-255,66,16103,20,47661
21849,0.000373,172.31.36.0-255,66,16169,20,47661
21850,0.000378,172.217.194.0-255,2902,19071,20,47661
21851,0.00038,172.31.36.0-255,66,19137,20,47661
21852,0.000414,172.31.36.0-255,66,19203,20,47661
21853,0.00046,172.217.194.0-255,3602,22805,20,47661
21854,0.000464,172.31.36.0-255,66,22871,20,47661
21855,0.000467,172.217.194.0-255,708,23579,20,47661
21856,0.000469,172.31.36.0-255,66,23645,20,47661
21857,0.000618,172.217.194.0-255,1484,25129,20,47661
21858,0.000625,172.217.194.0-255,2902,28031,20,47661
21859,0.000629,172.31.36.0-255,66,28097,20,47661
21860,0.000674,172.217.194.0-255,2902,30999,20,47661
21861,0.000678,172.31.36.0-255,66,31065,20,47661
21862,0.000692,172.217.194.0-255,2902,33967,20,47661
21863,0.0007,172.31.36.0-255,66,34033,20,47661
21864,0.000704,172.217.194.0-255,2902,36935,20,47661
21865,0.000706,172.31.36.0-255,66,37001,20,47661
21866,0.000731,172.31.36.0-255,66,37067,20,47661
21867,0.000755,172.31.36.0-255,66,37133,20,47661
21868,0.000765,172.31.36.0-255,66,37199,20,47661
21869,0.000791,172.217.194.0-255,3602,40801,20,47661
21870,0.000797,172.31.36.0-255,66,40867,20,47661
21871,0.001357,172.217.194.0-255,1484,42351,20,47661
21872,0.001367,172.217.194.0-255,2902,45253,20,47661
21873,0.001373,172.31.36.0-255,66,45319,20,47661
21874,0.001406,172.31.36.0-255,66,45385,20,47661
21875,0.001409,172.217.194.0-255,1484,46869,20,47661
21876,0.001434,172.31.36.0-255,66,46935,20,47661
21877,0.001463,172.31.36.0-255,66,47001,20,47661
21878,0.001501,172.31.36.0-255,66,47067,20,47661
21879,0.003516,172.31.36.0-255,66,47133,20,47661
21880,0.005503,172.31.36.0-255,66,47199,20,47661
21881,0.007493,172.31.36.0-255,66,47265,20,47661
21882,0.009529,172.31.36.0-255,66,47331,20,47661
21883,0.01152,172.31.36.0-255,66,47397,20,47661
21884,0.013521,172.31.36.0-255,66,47463,20,47661
21885,0.015517,172.31.36.0-255,66,47529,20,47661
21886,0.017525,172.31.36.0-255,66,47595,20,47661
21887,0.019529,172.31.36.0-255,66,47661,20,47661
21888,0.0,74.125.200.0-255,297,297,20,64985
21889,2.9e-05,172.31.36.0-255,66,363,20,64985
21890,3.5e-05,74.125.200.0-255,1484,1847,20,64985
21891,4e-05,172.31.36.0-255,66,1913,20,64985
21892,4.3e-05,74.125.200.0-255,1484,3397,20,64985
21893,4.5e-05,172.31.36.0-255,66,3463,20,64985
21894,5.8e-05,74.125.200.0-255,2902,6365,20,64985
21895,6.1e-05,172.31.36.0-255,66,6431,20,64985
21896,7e-05,172.31.36.0-255,66,6497,20,64985
21897,7.4e-05,74.125.200.0-255,1850,8347,20,64985
21898,7.7e-05,172.31.36.0-255,66,8413,20,64985
21899,0.000147,74.125.200.0-255,1484,9897,20,64985
21900,0.000152,172.31.36.0-255,66,9963,20,64985
21901,0.000183,74.125.200.0-255,2902,12865,20,64985
21902,0.000187,172.31.36.0-255,66,12931,20,64985
21903,0.000196,172.31.36.0-255,66,12997,20,64985
21904,0.000198,74.125.200.0-255,1484,14481,20,64985
21905,0.0002,172.31.36.0-255,66,14547,20,64985
21906,0.000235,172.31.36.0-255,66,14613,20,64985
21907,0.000243,172.31.36.0-255,66,14679,20,64985
21908,0.000246,74.125.200.0-255,1484,16163,20,64985
21909,0.000253,172.31.36.0-255,66,16229,20,64985
21910,0.000288,172.31.36.0-255,66,16295,20,64985
21911,0.000304,172.31.36.0-255,66,16361,20,64985
21912,0.000736,74.125.200.0-255,1484,17845,20,64985
21913,0.000741,172.31.36.0-255,66,17911,20,64985
21914,0.000751,74.125.200.0-255,2902,20813,20,64985
21915,0.00076,172.31.36.0-255,66,20879,20,64985
21916,0.000793,172.31.36.0-255,66,20945,20,64985
21917,0.000804,74.125.200.0-255,2902,23847,20,64985
21918,0.000806,172.31.36.0-255,66,23913,20,64985
21919,0.000834,74.125.200.0-255,3961,27874,20,64985
21920,0.000837,172.31.36.0-255,66,27940,20,64985
21921,0.000841,74.125.200.0-255,412,28352,20,64985
21922,0.0009,74.125.200.0-255,1484,29836,20,64985
21923,0.000906,172.31.36.0-255,66,29902,20,64985
21924,0.000911,74.125.200.0-255,2902,32804,20,64985
21925,0.000913,172.31.36.0-255,66,32870,20,64985
21926,0.000984,172.31.36.0-255,66,32936,20,64985
21927,0.000989,74.125.200.0-255,2902,35838,20,64985
21928,0.000991,172.31.36.0-255,66,35904,20,64985
21929,0.001004,172.31.36.0-255,66,35970,20,64985
21930,0.001018,172.31.36.0-255,66,36036,20,64985
21931,0.001051,172.31.36.0-255,66,36102,20,64985
21932,0.00108,74.125.200.0-255,2543,38645,20,64985
21933,0.001083,172.31.36.0-255,66,38711,20,64985
21934,0.001459,74.125.200.0-255,1484,40195,20,64985
21935,0.001466,74.125.200.0-255,2902,43097,20,64985
21936,0.00147,172.31.36.0-255,66,43163,20,64985
21937,0.001475,74.125.200.0-255,1484,44647,20,64985
21938,0.001507,172.31.36.0-255,66,44713,20,64985
21939,0.001512,74.125.200.0-255,2902,47615,20,64985
21940,0.001513,172.31.36.0-255,66,47681,20,64985
21941,0.001525,172.31.36.0-255,66,47747,20,64985
21942,0.001534,172.31.36.0-255,66,47813,20,64985
21943,0.001561,74.125.200.0-255,1484,49297,20,64985
21944,0.00157,172.31.36.0-255,66,49363,20,64985
21945,0.001595,74.125.200.0-255,766,50129,20,64985
21946,0.001779,74.125.200.0-255,1484,51613,20,64985
21947,0.001784,172.31.36.0-255,66,51679,20,64985
21948,0.001789,74.125.200.0-255,2902,54581,20,64985
21949,0.001791,172.31.36.0-255,66,54647,20,64985
21950,0.001823,172.31.36.0-255,66,54713,20,64985
21951,0.001833,172.31.36.0-255,66,54779,20,64985
21952,0.001836,74.125.200.0-255,1484,56263,20,64985
21953,0.00187,172.31.36.0-255,66,56329,20,64985
21954,0.001903,172.31.36.0-255,66,56395,20,64985
21955,0.001927,74.125.200.0-255,766,57161,20,64985
21956,0.002014,74.125.200.0-255,1484,58645,20,64985
21957,0.002018,172.31.36.0-255,66,58711,20,64985
21958,0.002023,74.125.200.0-255,2902,61613,20,64985
21959,0.002025,172.31.36.0-255,66,61679,20,64985
21960,0.002062,172.31.36.0-255,66,61745,20,64985
21961,0.00207,172.31.36.0-255,66,61811,20,64985
21962,0.002097,172.31.36.0-255,66,61877,20,64985
21963,0.002138,172.31.36.0-255,66,61943,20,64985
21964,0.002151,172.31.36.0-255,66,62009,20,64985
21965,0.002169,74.125.200.0-255,2184,64193,20,64985
21966,0.002171,172.31.36.0-255,66,64259,20,64985
21967,0.002183,172.31.36.0-255,66,64325,20,64985
21968,0.002225,172.31.36.0-255,66,64391,20,64985
21969,0.002233,172.31.36.0-255,66,64457,20,64985
21970,0.004437,172.31.36.0-255,66,64523,20,64985
21971,0.006651,172.31.36.0-255,66,64589,20,64985
21972,0.008897,172.31.36.0-255,66,64655,20,64985
21973,0.011111,172.31.36.0-255,66,64721,20,64985
21974,0.013317,172.31.36.0-255,66,64787,20,64985
21975,0.015545,172.31.36.0-255,66,64853,20,64985
21976,0.017757,172.31.36.0-255,66,64919,20,64985
21977,0.01996,172.31.36.0-255,66,64985,20,64985
21978,0.0,74.125.24.0-255,153,153,20,76367
21979,2.2e-05,172.31.36.0-255,66,219,20,76367
21980,2.9e-05,74.125.24.0-255,1484,1703,20,76367
21981,3.3e-05,172.31.36.0-255,66,1769,20,76367
21982,3.8e-05,74.125.24.0-255,2902,4671,20,76367
21983,4e-05,172.31.36.0-255,66,4737,20,76367
21984,4.8e-05,172.31.36.0-255,66,4803,20,76367
21985,8.4e-05,74.125.24.0-255,2902,7705,20,76367
21986,8.7e-05,172.31.36.0-255,66,7771,20,76367
21987,9.1e-05,74.125.24.0-255,2047,9818,20,76367
21988,9.3e-05,172.31.36.0-255,66,9884,20,76367
21989,9.7e-05,74.125.24.0-255,2902,12786,20,76367
21990,9.9e-05,172.31.36.0-255,66,12852,20,76367
21991,0.000112,172.31.36.0-255,66,12918,20,76367
21992,0.000121,172.31.36.0-255,66,12984,20,76367
21993,0.00019,74.125.24.0-255,1484,14468,20,76367
21994,0.000193,172.31.36.0-255,66,14534,20,76367
21995,0.000196,74.125.24.0-255,1484,16018,20,76367
21996,0.000198,172.31.36.0-255,66,16084,20,76367
21997,0.000232,74.125.24.0-255,1484,17568,20,76367
21998,0.000235,172.31.36.0-255,66,17634,20,76367
21999,0.000244,172.31.36.0-255,66,17700,20,76367
22000,0.000284,172.31.36.0-255,66,17766,20,76367
22001,0.000319,172.31.36.0-255,66,17832,20,76367
22002,0.000345,74.125.24.0-255,114,17946,20,76367
22003,0.000348,172.31.36.0-255,66,18012,20,76367
22004,0.000512,74.125.24.0-255,1484,19496,20,76367
22005,0.00052,74.125.24.0-255,2902,22398,20,76367
22006,0.000523,172.31.36.0-255,66,22464,20,76367
22007,0.000532,172.31.36.0-255,66,22530,20,76367
22008,0.000558,74.125.24.0-255,1484,24014,20,76367
22009,0.000582,172.31.36.0-255,66,24080,20,76367
22010,0.000638,172.31.36.0-255,66,24146,20,76367
22011,0.000656,172.31.36.0-255,66,24212,20,76367
22012,0.000731,74.125.24.0-255,329,24541,20,76367
22013,0.000969,74.125.24.0-255,1484,26025,20,76367
22014,0.000974,172.31.36.0-255,66,26091,20,76367
22015,0.001004,74.125.24.0-255,2902,28993,20,76367
22016,0.001006,172.31.36.0-255,66,29059,20,76367
22017,0.001014,172.31.36.0-255,66,29125,20,76367
22018,0.001044,172.31.36.0-255,66,29191,20,76367
22019,0.001052,172.31.36.0-255,66,29257,20,76367
22020,0.001117,172.31.36.0-255,66,29323,20,76367
22021,0.001144,74.125.24.0-255,3602,32925,20,76367
22022,0.001147,172.31.36.0-255,66,32991,20,76367
22023,0.001154,172.31.36.0-255,66,33057,20,76367
22024,0.00116,172.31.36.0-255,66,33123,20,76367
22025,0.0012,172.31.36.0-255,66,33189,20,76367
22026,0.001209,172.31.36.0-255,66,33255,20,76367
22027,0.00124,74.125.24.0-255,2902,36157,20,76367
22028,0.001243,172.31.36.0-255,66,36223,20,76367
22029,0.00128,172.31.36.0-255,66,36289,20,76367
22030,0.001323,74.125.24.0-255,1484,37773,20,76367
22031,0.001334,74.125.24.0-255,1484,39257,20,76367
22032,0.001337,172.31.36.0-255,66,39323,20,76367
22033,0.001366,74.125.24.0-255,1484,40807,20,76367
22034,0.001374,172.31.36.0-255,66,40873,20,76367
22035,0.001381,172.31.36.0-255,66,40939,20,76367
22036,0.001391,172.31.36.0-255,66,41005,20,76367
22037,0.001409,172.31.36.0-255,66,41071,20,76367
22038,0.001416,172.31.36.0-255,66,41137,20,76367
22039,0.001449,74.125.24.0-255,2184,43321,20,76367
22040,0.001452,172.31.36.0-255,66,43387,20,76367
22041,0.001645,74.125.24.0-255,1484,44871,20,76367
22042,0.00165,74.125.24.0-255,2902,47773,20,76367
22043,0.001652,172.31.36.0-255,66,47839,20,76367
22044,0.001659,172.31.36.0-255,66,47905,20,76367
22045,0.001683,74.125.24.0-255,1484,49389,20,76367
22046,0.001697,172.31.36.0-255,66,49455,20,76367
22047,0.001713,74.125.24.0-255,2902,52357,20,76367
22048,0.001715,172.31.36.0-255,66,52423,20,76367
22049,0.001747,74.125.24.0-255,2902,55325,20,76367
22050,0.00175,172.31.36.0-255,66,55391,20,76367
22051,0.001785,172.31.36.0-255,66,55457,20,76367
22052,0.001841,74.125.24.0-255,1484,56941,20,76367
22053,0.001845,74.125.24.0-255,2902,59843,20,76367
22054,0.001848,172.31.36.0-255,66,59909,20,76367
22055,0.001883,172.31.36.0-255,66,59975,20,76367
22056,0.00191,172.31.36.0-255,66,60041,20,76367
22057,0.001921,172.31.36.0-255,66,60107,20,76367
22058,0.001968,172.31.36.0-255,66,60173,20,76367
22059,0.001982,172.31.36.0-255,66,60239,20,76367
22060,0.002002,172.31.36.0-255,66,60305,20,76367
22061,0.002016,172.31.36.0-255,66,60371,20,76367
22062,0.002196,74.125.24.0-255,1484,61855,20,76367
22063,0.002203,74.125.24.0-255,2902,64757,20,76367
22064,0.002206,172.31.36.0-255,66,64823,20,76367
22065,0.002215,172.31.36.0-255,66,64889,20,76367
22066,0.002239,74.125.24.0-255,1484,66373,20,76367
22067,0.002252,172.31.36.0-255,66,66439,20,76367
22068,0.002284,172.31.36.0-255,66,66505,20,76367
22069,0.002293,172.31.36.0-255,66,66571,20,76367
22070,0.0023,74.125.24.0-255,1484,68055,20,76367
22071,0.002304,74.125.24.0-255,2902,70957,20,76367
22072,0.002305,172.31.36.0-255,66,71023,20,76367
22073,0.002324,74.125.24.0-255,1484,72507,20,76367
22074,0.002367,172.31.36.0-255,66,72573,20,76367
22075,0.00237,74.125.24.0-255,1484,74057,20,76367
22076,0.002405,172.31.36.0-255,66,74123,20,76367
22077,0.002413,172.31.36.0-255,66,74189,20,76367
22078,0.002461,172.31.36.0-255,66,74255,20,76367
22079,0.002503,172.31.36.0-255,66,74321,20,76367
22080,0.002518,172.31.36.0-255,66,74387,20,76367
22081,0.00254,74.125.24.0-255,1572,75959,20,76367
22082,0.002542,172.31.36.0-255,66,76025,20,76367
22083,0.002545,74.125.24.0-255,105,76130,20,76367
22084,0.014433,172.31.36.0-255,66,76196,20,76367
22085,0.014465,172.31.36.0-255,105,76301,20,76367
22086,0.01652,74.125.24.0-255,66,76367,20,76367
22087,0.0,74.125.24.0-255,153,153,20,65465
22088,2.5e-05,172.31.36.0-255,66,219,20,65465
22089,3.2e-05,74.125.24.0-255,1484,1703,20,65465
22090,3.6e-05,172.31.36.0-255,66,1769,20,65465
22091,4.2e-05,74.125.24.0-255,2902,4671,20,65465
22092,5.3e-05,172.31.36.0-255,66,4737,20,65465
22093,6.4e-05,172.31.36.0-255,66,4803,20,65465
22094,6.7e-05,74.125.24.0-255,1484,6287,20,65465
22095,7e-05,172.31.36.0-255,66,6353,20,65465
22096,8.4e-05,172.31.36.0-255,66,6419,20,65465
22097,9.4e-05,172.31.36.0-255,66,6485,20,65465
22098,0.000103,172.31.36.0-255,66,6551,20,65465
22099,0.000145,172.31.36.0-255,66,6617,20,65465
22100,0.00018,74.125.24.0-255,1484,8101,20,65465
22101,0.000183,172.31.36.0-255,66,8167,20,65465
22102,0.000188,74.125.24.0-255,2902,11069,20,65465
22103,0.00019,172.31.36.0-255,66,11135,20,65465
22104,0.000199,172.31.36.0-255,66,11201,20,65465
22105,0.000202,74.125.24.0-255,1484,12685,20,65465
22106,0.000204,172.31.36.0-255,66,12751,20,65465
22107,0.000209,74.125.24.0-255,2902,15653,20,65465
22108,0.000212,172.31.36.0-255,66,15719,20,65465
22109,0.000272,74.125.24.0-255,3132,18851,20,65465
22110,0.000275,172.31.36.0-255,66,18917,20,65465
22111,0.000519,74.125.24.0-255,1484,20401,20,65465
22112,0.000525,172.31.36.0-255,66,20467,20,65465
22113,0.000531,74.125.24.0-255,2902,23369,20,65465
22114,0.000533,172.31.36.0-255,66,23435,20,65465
22115,0.000547,172.31.36.0-255,66,23501,20,65465
22116,0.000585,172.31.36.0-255,66,23567,20,65465
22117,0.000593,172.31.36.0-255,66,23633,20,65465
22118,0.00062,172.31.36.0-255,66,23699,20,65465
22119,0.000813,74.125.24.0-255,1484,25183,20,65465
22120,0.00082,74.125.24.0-255,2902,28085,20,65465
22121,0.000823,172.31.36.0-255,66,28151,20,65465
22122,0.000832,172.31.36.0-255,66,28217,20,65465
22123,0.000855,74.125.24.0-255,1484,29701,20,65465
22124,0.000865,172.31.36.0-255,66,29767,20,65465
22125,0.000891,172.31.36.0-255,66,29833,20,65465
22126,0.000904,172.31.36.0-255,66,29899,20,65465
22127,0.000917,172.31.36.0-255,66,29965,20,65465
22128,0.000958,172.31.36.0-255,66,30031,20,65465
22129,0.000992,172.31.36.0-255,66,30097,20,65465
22130,0.001055,74.125.24.0-255,1484,31581,20,65465
22131,0.001075,74.125.24.0-255,2902,34483,20,65465
22132,0.001079,172.31.36.0-255,66,34549,20,65465
22133,0.001103,172.31.36.0-255,66,34615,20,65465
22134,0.001143,172.31.36.0-255,66,34681,20,65465
22135,0.001155,172.31.36.0-255,66,34747,20,65465
22136,0.001178,74.125.24.0-255,2184,36931,20,65465
22137,0.001181,172.31.36.0-255,66,36997,20,65465
22138,0.001402,74.125.24.0-255,1484,38481,20,65465
22139,0.001407,74.125.24.0-255,2902,41383,20,65465
22140,0.00141,172.31.36.0-255,66,41449,20,65465
22141,0.001415,74.125.24.0-255,2902,44351,20,65465
22142,0.001417,172.31.36.0-255,66,44417,20,65465
22143,0.00145,74.125.24.0-255,2902,47319,20,65465
22144,0.001453,172.31.36.0-255,66,47385,20,65465
22145,0.001456,74.125.24.0-255,1484,48869,20,65465
22146,0.001465,172.31.36.0-255,66,48935,20,65465
22147,0.001532,172.31.36.0-255,66,49001,20,65465
22148,0.001559,74.125.24.0-255,3602,52603,20,65465
22149,0.001562,172.31.36.0-255,66,52669,20,65465
22150,0.001576,172.31.36.0-255,66,52735,20,65465
22151,0.00159,172.31.36.0-255,66,52801,20,65465
22152,0.001616,74.125.24.0-255,2902,55703,20,65465
22153,0.001618,172.31.36.0-255,66,55769,20,65465
22154,0.001647,172.31.36.0-255,66,55835,20,65465
22155,0.002003,74.125.24.0-255,1484,57319,20,65465
22156,0.002009,74.125.24.0-255,2902,60221,20,65465
22157,0.002012,172.31.36.0-255,66,60287,20,65465
22158,0.002016,74.125.24.0-255,1484,61771,20,65465
22159,0.002045,74.125.24.0-255,1484,63255,20,65465
22160,0.002058,172.31.36.0-255,66,63321,20,65465
22161,0.002062,172.31.36.0-255,66,63387,20,65465
22162,0.002064,172.31.36.0-255,66,63453,20,65465
22163,0.002085,74.125.24.0-255,1484,64937,20,65465
22164,0.004095,172.31.36.0-255,66,65003,20,65465
22165,0.006133,172.31.36.0-255,66,65069,20,65465
22166,0.008204,172.31.36.0-255,66,65135,20,65465
22167,0.010283,172.31.36.0-255,66,65201,20,65465
22168,0.012332,172.31.36.0-255,66,65267,20,65465
22169,0.014393,172.31.36.0-255,66,65333,20,65465
22170,0.016431,172.31.36.0-255,66,65399,20,65465
22171,0.01848,172.31.36.0-255,66,65465,20,65465
22172,0.0,74.125.130.0-255,296,296,20,104488
22173,3.7e-05,172.31.36.0-255,66,362,20,104488
22174,4.5e-05,74.125.130.0-255,1484,1846,20,104488
22175,5.1e-05,172.31.36.0-255,66,1912,20,104488
22176,6.9e-05,172.31.36.0-255,66,1978,20,104488
22177,7.3e-05,74.125.130.0-255,1484,3462,20,104488
22178,7.6e-05,172.31.36.0-255,66,3528,20,104488
22179,0.000116,172.31.36.0-255,66,3594,20,104488
22180,0.000125,172.31.36.0-255,66,3660,20,104488
22181,0.000157,172.31.36.0-255,66,3726,20,104488
22182,0.000165,172.31.36.0-255,66,3792,20,104488
22183,0.00021,172.31.36.0-255,66,3858,20,104488
22184,0.000217,172.31.36.0-255,66,3924,20,104488
22185,0.000246,172.31.36.0-255,66,3990,20,104488
22186,0.000255,172.31.36.0-255,66,4056,20,104488
22187,0.000257,74.125.130.0-255,766,4822,20,104488
22188,0.000261,172.31.36.0-255,66,4888,20,104488
22189,0.000365,74.125.130.0-255,1484,6372,20,104488
22190,0.000369,172.31.36.0-255,66,6438,20,104488
22191,0.000374,74.125.130.0-255,2902,9340,20,104488
22192,0.000377,172.31.36.0-255,66,9406,20,104488
22193,0.00039,172.31.36.0-255,66,9472,20,104488
22194,0.000399,172.31.36.0-255,66,9538,20,104488
22195,0.00043,74.125.130.0-255,3122,12660,20,104488
22196,0.000434,172.31.36.0-255,66,12726,20,104488
22197,0.000518,74.125.130.0-255,1484,14210,20,104488
22198,0.000525,74.125.130.0-255,2902,17112,20,104488
22199,0.000528,172.31.36.0-255,66,17178,20,104488
22200,0.000565,172.31.36.0-255,66,17244,20,104488
22201,0.000575,172.31.36.0-255,66,17310,20,104488
22202,0.000607,74.125.130.0-255,1484,18794,20,104488
22203,0.000618,172.31.36.0-255,66,18860,20,104488
22204,0.000628,172.31.36.0-255,66,18926,20,104488
22205,0.000646,172.31.36.0-255,66,18992,20,104488
22206,0.000723,74.125.130.0-255,1484,20476,20,104488
22207,0.000743,74.125.130.0-255,2902,23378,20,104488
22208,0.000747,172.31.36.0-255,66,23444,20,104488
22209,0.00077,172.31.36.0-255,66,23510,20,104488
22210,0.000784,74.125.130.0-255,1484,24994,20,104488
22211,0.000799,172.31.36.0-255,66,25060,20,104488
22212,0.000809,172.31.36.0-255,66,25126,20,104488
22213,0.000836,74.125.130.0-255,2902,28028,20,104488
22214,0.000846,172.31.36.0-255,66,28094,20,104488
22215,0.000876,172.31.36.0-255,66,28160,20,104488
22216,0.000969,74.125.130.0-255,1484,29644,20,104488
22217,0.000986,74.125.130.0-255,2902,32546,20,104488
22218,0.000991,172.31.36.0-255,66,32612,20,104488
22219,0.000995,74.125.130.0-255,1484,34096,20,104488
22220,0.001026,172.31.36.0-255,66,34162,20,104488
22221,0.001036,172.31.36.0-255,66,34228,20,104488
22222,0.001069,172.31.36.0-255,66,34294,20,104488
22223,0.001082,172.31.36.0-255,66,34360,20,104488
22224,0.001112,74.125.130.0-255,2184,36544,20,104488
22225,0.001116,172.31.36.0-255,66,36610,20,104488
22226,0.001253,74.125.130.0-255,1484,38094,20,104488
22227,0.001276,74.125.130.0-255,2902,40996,20,104488
22228,0.00128,172.31.36.0-255,66,41062,20,104488
22229,0.001285,74.125.130.0-255,2902,43964,20,104488
22230,0.001287,172.31.36.0-255,66,44030,20,104488
22231,0.001291,74.125.130.0-255,1484,45514,20,104488
22232,0.001315,74.125.130.0-255,2902,48416,20,104488
22233,0.001318,172.31.36.0-255,66,48482,20,104488
22234,0.001334,172.31.36.0-255,66,48548,20,104488
22235,0.001341,172.31.36.0-255,66,48614,20,104488
22236,0.001345,74.125.130.0-255,2902,51516,20,104488
22237,0.001347,172.31.36.0-255,66,51582,20,104488
22238,0.001377,74.125.130.0-255,2902,54484,20,104488
22239,0.001385,172.31.36.0-255,66,54550,20,104488
22240,0.001391,74.125.130.0-255,3602,58152,20,104488
22241,0.001393,172.31.36.0-255,66,58218,20,104488
22242,0.001467,74.125.130.0-255,1484,59702,20,104488
22243,0.001489,74.125.130.0-255,2902,62604,20,104488
22244,0.001493,172.31.36.0-255,66,62670,20,104488
22245,0.001529,172.31.36.0-255,66,62736,20,104488
22246,0.001532,74.125.130.0-255,1484,64220,20,104488
22247,0.001563,172.31.36.0-255,66,64286,20,104488
22248,0.001574,172.31.36.0-255,66,64352,20,104488
22249,0.001602,74.125.130.0-255,1484,65836,20,104488
22250,0.001611,172.31.36.0-255,66,65902,20,104488
22251,0.00167,172.31.36.0-255,66,65968,20,104488
22252,0.001679,172.31.36.0-255,66,66034,20,104488
22253,0.001716,74.125.130.0-255,2902,68936,20,104488
22254,0.001719,172.31.36.0-255,66,69002,20,104488
22255,0.001728,172.31.36.0-255,66,69068,20,104488
22256,0.001744,172.31.36.0-255,66,69134,20,104488
22257,0.001747,74.125.130.0-255,1484,70618,20,104488
22258,0.00175,74.125.130.0-255,1484,72102,20,104488
22259,0.001752,172.31.36.0-255,66,72168,20,104488
22260,0.001782,74.125.130.0-255,1484,73652,20,104488
22261,0.001786,74.125.130.0-255,1484,75136,20,104488
22262,0.001788,172.31.36.0-255,66,75202,20,104488
22263,0.00182,74.125.130.0-255,2184,77386,20,104488
22264,0.001824,172.31.36.0-255,66,77452,20,104488
22265,0.001827,74.125.130.0-255,1484,78936,20,104488
22266,0.001854,74.125.130.0-255,2902,81838,20,104488
22267,0.001857,172.31.36.0-255,66,81904,20,104488
22268,0.001883,172.31.36.0-255,66,81970,20,104488
22269,0.001923,172.31.36.0-255,66,82036,20,104488
22270,0.001936,172.31.36.0-255,66,82102,20,104488
22271,0.001958,74.125.130.0-255,2902,85004,20,104488
22272,0.001968,172.31.36.0-255,66,85070,20,104488
22273,0.001971,74.125.130.0-255,1484,86554,20,104488
22274,0.001991,74.125.130.0-255,1484,88038,20,104488
22275,0.001994,172.31.36.0-255,66,88104,20,104488
22276,0.00203,172.31.36.0-255,66,88170,20,104488
22277,0.002088,74.125.130.0-255,1484,89654,20,104488
22278,0.002106,74.125.130.0-255,2902,92556,20,104488
22279,0.00211,172.31.36.0-255,66,92622,20,104488
22280,0.002119,172.31.36.0-255,66,92688,20,104488
22281,0.002146,74.125.130.0-255,1484,94172,20,104488
22282,0.002161,172.31.36.0-255,66,94238,20,104488
22283,0.002205,172.31.36.0-255,66,94304,20,104488
22284,0.002215,172.31.36.0-255,66,94370,20,104488
22285,0.002284,74.125.130.0-255,1484,95854,20,104488
22286,0.002299,74.125.130.0-255,2902,98756,20,104488
22287,0.002303,172.31.36.0-255,66,98822,20,104488
22288,0.002307,74.125.130.0-255,1484,100306,20,104488
22289,0.002327,172.31.36.0-255,66,100372,20,104488
22290,0.002367,172.31.36.0-255,66,100438,20,104488
22291,0.002404,172.31.36.0-255,66,100504,20,104488
22292,0.002435,172.31.36.0-255,66,100570,20,104488
22293,0.00244,74.125.130.0-255,2902,103472,20,104488
22294,0.002442,172.31.36.0-255,66,103538,20,104488
22295,0.002478,74.125.130.0-255,542,104080,20,104488
22296,0.002483,172.31.36.0-255,66,104146,20,104488
22297,0.00251,74.125.130.0-255,105,104251,20,104488
22298,0.003599,172.31.36.0-255,66,104317,20,104488
22299,0.003628,172.31.36.0-255,105,104422,20,104488
22300,0.006224,74.125.130.0-255,66,104488,20,104488
22301,0.0,74.125.24.0-255,156,156,20,59487
22302,2.1e-05,172.31.36.0-255,66,222,20,59487
22303,2.8e-05,74.125.24.0-255,1484,1706,20,59487
22304,3.3e-05,172.31.36.0-255,66,1772,20,59487
22305,3.8e-05,74.125.24.0-255,2902,4674,20,59487
22306,4.1e-05,172.31.36.0-255,66,4740,20,59487
22307,5.2e-05,172.31.36.0-255,66,4806,20,59487
22308,6.3e-05,172.31.36.0-255,66,4872,20,59487
22309,6.6e-05,74.125.24.0-255,1484,6356,20,59487
22310,7e-05,172.31.36.0-255,66,6422,20,59487
22311,9.8e-05,172.31.36.0-255,66,6488,20,59487
22312,0.00011,172.31.36.0-255,66,6554,20,59487
22313,0.000146,172.31.36.0-255,66,6620,20,59487
22314,0.000156,172.31.36.0-255,66,6686,20,59487
22315,0.00016,74.125.24.0-255,2902,9588,20,59487
22316,0.000162,172.31.36.0-255,66,9654,20,59487
22317,0.00017,172.31.36.0-255,66,9720,20,59487
22318,0.000204,172.31.36.0-255,66,9786,20,59487
22319,0.000207,74.125.24.0-255,1398,11184,20,59487
22320,0.00021,172.31.36.0-255,66,11250,20,59487
22321,0.000487,74.125.24.0-255,383,11633,20,59487
22322,0.000493,172.31.36.0-255,66,11699,20,59487
22323,0.000523,74.125.24.0-255,1484,13183,20,59487
22324,0.000526,172.31.36.0-255,66,13249,20,59487
22325,0.000549,172.31.36.0-255,66,13315,20,59487
22326,0.000576,74.125.24.0-255,2902,16217,20,59487
22327,0.000578,172.31.36.0-255,66,16283,20,59487
22328,0.000603,74.125.24.0-255,1484,17767,20,59487
22329,0.000619,172.31.36.0-255,66,17833,20,59487
22330,0.000631,172.31.36.0-255,66,17899,20,59487
22331,0.000668,74.125.24.0-255,3602,21501,20,59487
22332,0.000672,172.31.36.0-255,66,21567,20,59487
22333,0.000902,74.125.24.0-255,1484,23051,20,59487
22334,0.000916,74.125.24.0-255,2902,25953,20,59487
22335,0.00092,172.31.36.0-255,66,26019,20,59487
22336,0.000929,172.31.36.0-255,66,26085,20,59487
22337,0.00095,74.125.24.0-255,1484,27569,20,59487
22338,0.000954,74.125.24.0-255,1484,29053,20,59487
22339,0.000957,172.31.36.0-255,66,29119,20,59487
22340,0.000987,172.31.36.0-255,66,29185,20,59487
22341,0.00101,74.125.24.0-255,1484,30669,20,59487
22342,0.001031,172.31.36.0-255,66,30735,20,59487
22343,0.001197,74.125.24.0-255,1484,32219,20,59487
22344,0.001201,74.125.24.0-255,1484,33703,20,59487
22345,0.001204,172.31.36.0-255,66,33769,20,59487
22346,0.001224,74.125.24.0-255,1484,35253,20,59487
22347,0.001235,172.31.36.0-255,66,35319,20,59487
22348,0.001269,74.125.24.0-255,2902,38221,20,59487
22349,0.001272,172.31.36.0-255,66,38287,20,59487
22350,0.001302,172.31.36.0-255,66,38353,20,59487
22351,0.001312,172.31.36.0-255,66,38419,20,59487
22352,0.001339,172.31.36.0-255,66,38485,20,59487
22353,0.001352,172.31.36.0-255,66,38551,20,59487
22354,0.001367,172.31.36.0-255,66,38617,20,59487
22355,0.001386,74.125.24.0-255,1484,40101,20,59487
22356,0.001389,172.31.36.0-255,66,40167,20,59487
22357,0.001411,74.125.24.0-255,2184,42351,20,59487
22358,0.001414,172.31.36.0-255,66,42417,20,59487
22359,0.001453,74.125.24.0-255,1484,43901,20,59487
22360,0.001457,74.125.24.0-255,2902,46803,20,59487
22361,0.00146,172.31.36.0-255,66,46869,20,59487
22362,0.001468,172.31.36.0-255,66,46935,20,59487
22363,0.001483,74.125.24.0-255,1484,48419,20,59487
22364,0.001493,172.31.36.0-255,66,48485,20,59487
22365,0.001501,172.31.36.0-255,66,48551,20,59487
22366,0.001535,172.31.36.0-255,66,48617,20,59487
22367,0.001539,74.125.24.0-255,2184,50801,20,59487
22368,0.001541,172.31.36.0-255,66,50867,20,59487
22369,0.001712,74.125.24.0-255,1484,52351,20,59487
22370,0.001715,74.125.24.0-255,1484,53835,20,59487
22371,0.001722,172.31.36.0-255,66,53901,20,59487
22372,0.001732,74.125.24.0-255,1484,55385,20,59487
22373,0.001741,172.31.36.0-255,66,55451,20,59487
22374,0.001744,74.125.24.0-255,1484,56935,20,59487
22375,0.001775,172.31.36.0-255,66,57001,20,59487
22376,0.00182,172.31.36.0-255,66,57067,20,59487
22377,0.001848,172.31.36.0-255,66,57133,20,59487
22378,0.00186,172.31.36.0-255,66,57199,20,59487
22379,0.00188,172.31.36.0-255,66,57265,20,59487
22380,0.001918,172.31.36.0-255,66,57331,20,59487
22381,0.001953,172.31.36.0-255,66,57397,20,59487
22382,0.001972,172.31.36.0-255,66,57463,20,59487
22383,0.001984,172.31.36.0-255,66,57529,20,59487
22384,0.001987,74.125.24.0-255,1484,59013,20,59487
22385,0.002023,172.31.36.0-255,66,59079,20,59487
22386,0.002046,172.31.36.0-255,66,59145,20,59487
22387,0.002049,74.125.24.0-255,105,59250,20,59487
22388,0.004245,172.31.36.0-255,66,59316,20,59487
22389,0.004283,172.31.36.0-255,105,59421,20,59487
22390,0.006597,74.125.24.0-255,66,59487,20,59487
22391,0.0,74.125.68.0-255,296,296,20,98205
22392,3.9e-05,172.31.36.0-255,66,362,20,98205
22393,4.7e-05,74.125.68.0-255,1484,1846,20,98205
22394,5e-05,172.31.36.0-255,66,1912,20,98205
22395,6e-05,172.31.36.0-255,66,1978,20,98205
22396,7.2e-05,172.31.36.0-255,66,2044,20,98205
22397,0.00024,74.125.68.0-255,1484,3528,20,98205
22398,0.000246,172.31.36.0-255,66,3594,20,98205
22399,0.000252,74.125.68.0-255,2902,6496,20,98205
22400,0.000254,172.31.36.0-255,66,6562,20,98205
22401,0.000279,172.31.36.0-255,66,6628,20,98205
22402,0.000321,172.31.36.0-255,66,6694,20,98205
22403,0.000376,172.31.36.0-255,66,6760,20,98205
22404,0.000387,172.31.36.0-255,66,6826,20,98205
22405,0.000418,74.125.68.0-255,1484,8310,20,98205
22406,0.000422,172.31.36.0-255,66,8376,20,98205
22407,0.000427,74.125.68.0-255,2902,11278,20,98205
22408,0.000429,172.31.36.0-255,66,11344,20,98205
22409,0.000453,172.31.36.0-255,66,11410,20,98205
22410,0.000457,74.125.68.0-255,2902,14312,20,98205
22411,0.000459,172.31.36.0-255,66,14378,20,98205
22412,0.000463,74.125.68.0-255,2902,17280,20,98205
22413,0.000466,172.31.36.0-255,66,17346,20,98205
22414,0.000479,74.125.68.0-255,1125,18471,20,98205
22415,0.000482,172.31.36.0-255,66,18537,20,98205
22416,0.000492,74.125.68.0-255,648,19185,20,98205
22417,0.000557,74.125.68.0-255,1484,20669,20,98205
22418,0.000561,172.31.36.0-255,66,20735,20,98205
22419,0.000583,74.125.68.0-255,2902,23637,20,98205
22420,0.000586,172.31.36.0-255,66,23703,20,98205
22421,0.000597,172.31.36.0-255,66,23769,20,98205
22422,0.000635,172.31.36.0-255,66,23835,20,98205
22423,0.000654,74.125.68.0-255,2543,26378,20,98205
22424,0.000656,172.31.36.0-255,66,26444,20,98205
22425,0.00066,74.125.68.0-255,1484,27928,20,98205
22426,0.000686,74.125.68.0-255,2902,30830,20,98205
22427,0.000689,172.31.36.0-255,66,30896,20,98205
22428,0.000698,172.31.36.0-255,66,30962,20,98205
22429,0.00073,172.31.36.0-255,66,31028,20,98205
22430,0.001018,74.125.68.0-255,1484,32512,20,98205
22431,0.001034,74.125.68.0-255,2902,35414,20,98205
22432,0.001037,172.31.36.0-255,66,35480,20,98205
22433,0.00106,172.31.36.0-255,66,35546,20,98205
22434,0.001077,74.125.68.0-255,1484,37030,20,98205
22435,0.00108,74.125.68.0-255,1484,38514,20,98205
22436,0.001082,172.31.36.0-255,66,38580,20,98205
22437,0.001116,172.31.36.0-255,66,38646,20,98205
22438,0.001133,172.31.36.0-255,66,38712,20,98205
22439,0.001154,172.31.36.0-255,66,38778,20,98205
22440,0.001157,74.125.68.0-255,1484,40262,20,98205
22441,0.001173,74.125.68.0-255,2902,43164,20,98205
22442,0.001176,172.31.36.0-255,66,43230,20,98205
22443,0.001202,172.31.36.0-255,66,43296,20,98205
22444,0.001205,74.125.68.0-255,1484,44780,20,98205
22445,0.001229,172.31.36.0-255,66,44846,20,98205
22446,0.001242,172.31.36.0-255,66,44912,20,98205
22447,0.001245,74.125.68.0-255,1484,46396,20,98205
22448,0.001264,74.125.68.0-255,3602,49998,20,98205
22449,0.001267,172.31.36.0-255,66,50064,20,98205
22450,0.001348,74.125.68.0-255,1484,51548,20,98205
22451,0.001362,74.125.68.0-255,2902,54450,20,98205
22452,0.001365,172.31.36.0-255,66,54516,20,98205
22453,0.001369,74.125.68.0-255,1484,56000,20,98205
22454,0.001384,74.125.68.0-255,2902,58902,20,98205
22455,0.001387,172.31.36.0-255,66,58968,20,98205
22456,0.001414,172.31.36.0-255,66,59034,20,98205
22457,0.001433,172.31.36.0-255,66,59100,20,98205
22458,0.00146,172.31.36.0-255,66,59166,20,98205
22459,0.001483,172.31.36.0-255,66,59232,20,98205
22460,0.001573,74.125.68.0-255,1484,60716,20,98205
22461,0.001587,74.125.68.0-255,2902,63618,20,98205
22462,0.00159,172.31.36.0-255,66,63684,20,98205
22463,0.001593,74.125.68.0-255,1484,65168,20,98205
22464,0.00161,172.31.36.0-255,66,65234,20,98205
22465,0.00167,172.31.36.0-255,66,65300,20,98205
22466,0.001694,172.31.36.0-255,66,65366,20,98205
22467,0.001707,74.125.68.0-255,1484,66850,20,98205
22468,0.001708,172.31.36.0-255,66,66916,20,98205
22469,0.00171,74.125.68.0-255,2902,69818,20,98205
22470,0.001712,172.31.36.0-255,66,69884,20,98205
22471,0.001721,172.31.36.0-255,66,69950,20,98205
22472,0.001758,172.31.36.0-255,66,70016,20,98205
22473,0.001787,74.125.68.0-255,2902,72918,20,98205
22474,0.00179,172.31.36.0-255,66,72984,20,98205
22475,0.001804,172.31.36.0-255,66,73050,20,98205
22476,0.001819,74.125.68.0-255,1484,74534,20,98205
22477,0.001824,74.125.68.0-255,2902,77436,20,98205
22478,0.001827,172.31.36.0-255,66,77502,20,98205
22479,0.001862,172.31.36.0-255,66,77568,20,98205
22480,0.001892,172.31.36.0-255,66,77634,20,98205
22481,0.001919,172.31.36.0-255,66,77700,20,98205
22482,0.001942,172.31.36.0-255,66,77766,20,98205
22483,0.001965,172.31.36.0-255,66,77832,20,98205
22484,0.001983,74.125.68.0-255,2902,80734,20,98205
22485,0.001986,172.31.36.0-255,66,80800,20,98205
22486,0.002003,74.125.68.0-255,1484,82284,20,98205
22487,0.002018,172.31.36.0-255,66,82350,20,98205
22488,0.002035,74.125.68.0-255,1484,83834,20,98205
22489,0.002069,172.31.36.0-255,66,83900,20,98205
22490,0.002081,172.31.36.0-255,66,83966,20,98205
22491,0.002106,74.125.68.0-255,2184,86150,20,98205
22492,0.002109,172.31.36.0-255,66,86216,20,98205
22493,0.002112,74.125.68.0-255,1484,87700,20,98205
22494,0.002116,74.125.68.0-255,2902,90602,20,98205
22495,0.002118,172.31.36.0-255,66,90668,20,98205
22496,0.002126,172.31.36.0-255,66,90734,20,98205
22497,0.002151,172.31.36.0-255,66,90800,20,98205
22498,0.002173,172.31.36.0-255,66,90866,20,98205
22499,0.002181,172.31.36.0-255,66,90932,20,98205
22500,0.002207,74.125.68.0-255,2184,93116,20,98205
22501,0.002208,172.31.36.0-255,66,93182,20,98205
22502,0.002211,74.125.68.0-255,2902,96084,20,98205
22503,0.002212,172.31.36.0-255,66,96150,20,98205
22504,0.002215,172.31.36.0-255,66,96216,20,98205
22505,0.002223,74.125.68.0-255,1484,97700,20,98205
22506,0.002261,172.31.36.0-255,66,97766,20,98205
22507,0.002265,74.125.68.0-255,97,97863,20,98205
22508,0.002291,74.125.68.0-255,105,97968,20,98205
22509,0.003315,172.31.36.0-255,66,98034,20,98205
22510,0.003343,172.31.36.0-255,105,98139,20,98205
22511,0.005879,74.125.68.0-255,66,98205,20,98205
22512,0.0,74.125.24.0-255,153,153,20,38150
22513,3.4e-05,172.31.36.0-255,66,219,20,38150
22514,4.2e-05,74.125.24.0-255,1484,1703,20,38150
22515,4.6e-05,172.31.36.0-255,66,1769,20,38150
22516,5.1e-05,74.125.24.0-255,2902,4671,20,38150
22517,5.4e-05,172.31.36.0-255,66,4737,20,38150
22518,6.4e-05,172.31.36.0-255,66,4803,20,38150
22519,6.8e-05,74.125.24.0-255,1987,6790,20,38150
22520,7e-05,172.31.36.0-255,66,6856,20,38150
22521,9.1e-05,74.125.24.0-255,1484,8340,20,38150
22522,9.3e-05,172.31.36.0-255,66,8406,20,38150
22523,0.000121,172.31.36.0-255,66,8472,20,38150
22524,0.000129,172.31.36.0-255,66,8538,20,38150
22525,0.00017,172.31.36.0-255,66,8604,20,38150
22526,0.000198,172.31.36.0-255,66,8670,20,38150
22527,0.000224,172.31.36.0-255,66,8736,20,38150
22528,0.000243,172.31.36.0-255,66,8802,20,38150
22529,0.000258,74.125.24.0-255,1484,10286,20,38150
22530,0.00026,172.31.36.0-255,66,10352,20,38150
22531,0.000277,172.31.36.0-255,66,10418,20,38150
22532,0.00028,74.125.24.0-255,381,10799,20,38150
22533,0.000282,172.31.36.0-255,66,10865,20,38150
22534,0.000483,74.125.24.0-255,1484,12349,20,38150
22535,0.000488,172.31.36.0-255,66,12415,20,38150
22536,0.000493,74.125.24.0-255,1484,13899,20,38150
22537,0.00051,74.125.24.0-255,1484,15383,20,38150
22538,0.000512,172.31.36.0-255,66,15449,20,38150
22539,0.000521,172.31.36.0-255,66,15515,20,38150
22540,0.000574,172.31.36.0-255,66,15581,20,38150
22541,0.00058,74.125.24.0-255,2543,18124,20,38150
22542,0.000582,172.31.36.0-255,66,18190,20,38150
22543,0.000592,172.31.36.0-255,66,18256,20,38150
22544,0.00063,172.31.36.0-255,66,18322,20,38150
22545,0.001757,74.125.24.0-255,1484,19806,20,38150
22546,0.001767,74.125.24.0-255,1484,21290,20,38150
22547,0.001771,172.31.36.0-255,66,21356,20,38150
22548,0.00179,74.125.24.0-255,1484,22840,20,38150
22549,0.001797,172.31.36.0-255,66,22906,20,38150
22550,0.001808,74.125.24.0-255,1484,24390,20,38150
22551,0.001833,172.31.36.0-255,66,24456,20,38150
22552,0.001869,74.125.24.0-255,1484,25940,20,38150
22553,0.001883,172.31.36.0-255,66,26006,20,38150
22554,0.001899,172.31.36.0-255,66,26072,20,38150
22555,0.002237,74.125.24.0-255,1484,27556,20,38150
22556,0.00224,74.125.24.0-255,1484,29040,20,38150
22557,0.002242,172.31.36.0-255,66,29106,20,38150
22558,0.00226,74.125.24.0-255,1484,30590,20,38150
22559,0.002268,172.31.36.0-255,66,30656,20,38150
22560,0.002301,74.125.24.0-255,1484,32140,20,38150
22561,0.002318,172.31.36.0-255,66,32206,20,38150
22562,0.002327,172.31.36.0-255,66,32272,20,38150
22563,0.002354,172.31.36.0-255,66,32338,20,38150
22564,0.002362,172.31.36.0-255,66,32404,20,38150
22565,0.002399,172.31.36.0-255,66,32470,20,38150
22566,0.002428,172.31.36.0-255,66,32536,20,38150
22567,0.002441,74.125.24.0-255,766,33302,20,38150
22568,0.004811,74.125.24.0-255,2902,36204,20,38150
22569,0.004814,172.31.36.0-255,66,36270,20,38150
22570,0.004831,74.125.24.0-255,1484,37754,20,38150
22571,0.007206,172.31.36.0-255,66,37820,20,38150
22572,0.009584,172.31.36.0-255,66,37886,20,38150
22573,0.011997,172.31.36.0-255,66,37952,20,38150
22574,0.014405,172.31.36.0-255,66,38018,20,38150
22575,0.01683,172.31.36.0-255,66,38084,20,38150
22576,0.019241,172.31.36.0-255,66,38150,20,38150
22577,0.0,172.217.194.0-255,147,147,20,77034
22578,2e-05,172.31.36.0-255,66,213,20,77034
22579,2.6e-05,172.217.194.0-255,1484,1697,20,77034
22580,3e-05,172.31.36.0-255,66,1763,20,77034
22581,3.5e-05,172.217.194.0-255,2902,4665,20,77034
22582,4.7e-05,172.31.36.0-255,66,4731,20,77034
22583,5.8e-05,172.31.36.0-255,66,4797,20,77034
22584,6.1e-05,172.217.194.0-255,2040,6837,20,77034
22585,6.5e-05,172.31.36.0-255,66,6903,20,77034
22586,8.6e-05,172.217.194.0-255,2902,9805,20,77034
22587,8.9e-05,172.31.36.0-255,66,9871,20,77034
22588,0.000127,172.31.36.0-255,66,9937,20,77034
22589,0.000135,172.31.36.0-255,66,10003,20,77034
22590,0.000288,172.217.194.0-255,1484,11487,20,77034
22591,0.000293,172.31.36.0-255,66,11553,20,77034
22592,0.000298,172.217.194.0-255,2902,14455,20,77034
22593,0.0003,172.31.36.0-255,66,14521,20,77034
22594,0.000303,172.217.194.0-255,1484,16005,20,77034
22595,0.000304,172.31.36.0-255,66,16071,20,77034
22596,0.000346,172.31.36.0-255,66,16137,20,77034
22597,0.000355,172.31.36.0-255,66,16203,20,77034
22598,0.000359,172.217.194.0-255,2902,19105,20,77034
22599,0.000365,172.31.36.0-255,66,19171,20,77034
22600,0.000398,172.217.194.0-255,1484,20655,20,77034
22601,0.000401,172.31.36.0-255,66,20721,20,77034
22602,0.000409,172.31.36.0-255,66,20787,20,77034
22603,0.00044,172.217.194.0-255,2543,23330,20,77034
22604,0.000503,172.31.36.0-255,66,23396,20,77034
22605,0.001212,172.217.194.0-255,646,24042,20,77034
22606,0.001348,172.217.194.0-255,1484,25526,20,77034
22607,0.001354,172.31.36.0-255,66,25592,20,77034
22608,0.001359,172.217.194.0-255,2902,28494,20,77034
22609,0.001408,172.217.194.0-255,2902,31396,20,77034
22610,0.001425,172.217.194.0-255,2902,34298,20,77034
22611,0.001434,172.217.194.0-255,2902,37200,20,77034
22612,0.001457,172.217.194.0-255,2184,39384,20,77034
22613,0.001654,172.217.194.0-255,1484,40868,20,77034
22614,0.001658,172.217.194.0-255,2902,43770,20,77034
22615,0.001733,172.217.194.0-255,1484,45254,20,77034
22616,0.00176,172.217.194.0-255,2184,47438,20,77034
22617,0.001925,172.217.194.0-255,1484,48922,20,77034
22618,0.001944,172.217.194.0-255,2902,51824,20,77034
22619,0.001954,172.217.194.0-255,1484,53308,20,77034
22620,0.001981,172.217.194.0-255,2902,56210,20,77034
22621,0.002025,172.217.194.0-255,3602,59812,20,77034
22622,0.002168,172.217.194.0-255,1484,61296,20,77034
22623,0.002177,172.217.194.0-255,1484,62780,20,77034
22624,0.002196,172.217.194.0-255,1484,64264,20,77034
22625,0.002203,172.217.194.0-255,1484,65748,20,77034
22626,0.002215,172.217.194.0-255,2902,68650,20,77034
22627,0.002225,172.217.194.0-255,2902,71552,20,77034
22628,0.002234,172.217.194.0-255,2902,74454,20,77034
22629,0.002269,172.217.194.0-255,2184,76638,20,77034
22630,0.003119,172.31.36.0-255,66,76704,20,77034
22631,0.005326,172.31.36.0-255,66,76770,20,77034
22632,0.007572,172.31.36.0-255,66,76836,20,77034
22633,0.009829,172.31.36.0-255,66,76902,20,77034
22634,0.01206,172.31.36.0-255,66,76968,20,77034
22635,0.019139,172.31.36.0-255,66,77034,20,77034
22636,0.0,172.217.194.0-255,153,153,20,87948
22637,3.3e-05,172.31.36.0-255,66,219,20,87948
22638,4e-05,172.217.194.0-255,1484,1703,20,87948
22639,4.5e-05,172.31.36.0-255,66,1769,20,87948
22640,5e-05,172.217.194.0-255,2902,4671,20,87948
22641,5.2e-05,172.31.36.0-255,66,4737,20,87948
22642,6.9e-05,172.31.36.0-255,66,4803,20,87948
22643,7.3e-05,172.217.194.0-255,2104,6907,20,87948
22644,7.6e-05,172.31.36.0-255,66,6973,20,87948
22645,0.000119,172.31.36.0-255,66,7039,20,87948
22646,0.000133,172.31.36.0-255,66,7105,20,87948
22647,0.00017,172.31.36.0-255,66,7171,20,87948
22648,0.000177,172.217.194.0-255,3602,10773,20,87948
22649,0.000179,172.31.36.0-255,66,10839,20,87948
22650,0.001091,172.217.194.0-255,1484,12323,20,87948
22651,0.001097,172.31.36.0-255,66,12389,20,87948
22652,0.001106,172.217.194.0-255,1484,13873,20,87948
22653,0.001108,172.31.36.0-255,66,13939,20,87948
22654,0.00112,172.217.194.0-255,2902,16841,20,87948
22655,0.001122,172.31.36.0-255,66,16907,20,87948
22656,0.003369,172.217.194.0-255,2902,19809,20,87948
22657,0.003375,172.31.36.0-255,66,19875,20,87948
22658,0.003383,172.31.36.0-255,66,19941,20,87948
22659,0.003386,172.217.194.0-255,1484,21425,20,87948
22660,0.003393,172.31.36.0-255,66,21491,20,87948
22661,0.003418,172.217.194.0-255,1484,22975,20,87948
22662,0.00342,172.31.36.0-255,66,23041,20,87948
22663,0.003431,172.217.194.0-255,1375,24416,20,87948
22664,0.003438,172.217.194.0-255,120,24536,20,87948
22665,0.006355,172.31.36.0-255,66,24602,20,87948
22666,0.00666,172.217.194.0-255,1484,26086,20,87948
22667,0.006696,172.217.194.0-255,2902,28988,20,87948
22668,0.006701,172.31.36.0-255,66,29054,20,87948
22669,0.006723,172.31.36.0-255,66,29120,20,87948
22670,0.006752,172.31.36.0-255,66,29186,20,87948
22671,0.006793,172.31.36.0-255,66,29252,20,87948
22672,0.006823,172.217.194.0-255,3602,32854,20,87948
22673,0.006826,172.31.36.0-255,66,32920,20,87948
22674,0.008141,172.217.194.0-255,1484,34404,20,87948
22675,0.00815,172.217.194.0-255,2902,37306,20,87948
22676,0.008154,172.31.36.0-255,66,37372,20,87948
22677,0.008194,172.31.36.0-255,66,37438,20,87948
22678,0.008237,172.217.194.0-255,2902,40340,20,87948
22679,0.008241,172.31.36.0-255,66,40406,20,87948
22680,0.008245,172.217.194.0-255,1484,41890,20,87948
22681,0.008268,172.217.194.0-255,2902,44792,20,87948
22682,0.008271,172.31.36.0-255,66,44858,20,87948
22683,0.00828,172.31.36.0-255,66,44924,20,87948
22684,0.008304,172.217.194.0-255,2902,47826,20,87948
22685,0.008312,172.31.36.0-255,66,47892,20,87948
22686,0.008357,172.217.194.0-255,2902,50794,20,87948
22687,0.00836,172.31.36.0-255,66,50860,20,87948
22688,0.008396,172.31.36.0-255,66,50926,20,87948
22689,0.008415,172.31.36.0-255,66,50992,20,87948
22690,0.008437,172.217.194.0-255,2902,53894,20,87948
22691,0.00844,172.31.36.0-255,66,53960,20,87948
22692,0.00848,172.31.36.0-255,66,54026,20,87948
22693,0.008497,172.31.36.0-255,66,54092,20,87948
22694,0.009,172.217.194.0-255,1484,55576,20,87948
22695,0.009026,172.217.194.0-255,2902,58478,20,87948
22696,0.009031,172.31.36.0-255,66,58544,20,87948
22697,0.009041,172.31.36.0-255,66,58610,20,87948
22698,0.009078,172.31.36.0-255,66,58676,20,87948
22699,0.009081,172.217.194.0-255,1484,60160,20,87948
22700,0.009085,172.217.194.0-255,1484,61644,20,87948
22701,0.009087,172.31.36.0-255,66,61710,20,87948
22702,0.009104,172.31.36.0-255,66,61776,20,87948
22703,0.009158,172.31.36.0-255,66,61842,20,87948
22704,0.00957,172.217.194.0-255,1484,63326,20,87948
22705,0.009578,172.217.194.0-255,2902,66228,20,87948
22706,0.009582,172.31.36.0-255,66,66294,20,87948
22707,0.009614,172.31.36.0-255,66,66360,20,87948
22708,0.009622,172.31.36.0-255,66,66426,20,87948
22709,0.009679,172.31.36.0-255,66,66492,20,87948
22710,0.009699,172.31.36.0-255,66,66558,20,87948
22711,0.009738,172.31.36.0-255,66,66624,20,87948
22712,0.009793,172.31.36.0-255,66,66690,20,87948
22713,0.009813,172.31.36.0-255,66,66756,20,87948
22714,0.01,172.217.194.0-255,1484,68240,20,87948
22715,0.010006,172.217.194.0-255,2902,71142,20,87948
22716,0.01001,172.31.36.0-255,66,71208,20,87948
22717,0.010109,172.31.36.0-255,66,71274,20,87948
22718,0.010117,172.31.36.0-255,66,71340,20,87948
22719,0.010138,172.217.194.0-255,2902,74242,20,87948
22720,0.010148,172.31.36.0-255,66,74308,20,87948
22721,0.010157,172.31.36.0-255,66,74374,20,87948
22722,0.010197,172.31.36.0-255,66,74440,20,87948
22723,0.010201,172.217.194.0-255,2184,76624,20,87948
22724,0.010203,172.31.36.0-255,66,76690,20,87948
22725,0.010273,172.217.194.0-255,1484,78174,20,87948
22726,0.010296,172.217.194.0-255,2902,81076,20,87948
22727,0.0103,172.31.36.0-255,66,81142,20,87948
22728,0.010305,172.217.194.0-255,2902,84044,20,87948
22729,0.010307,172.31.36.0-255,66,84110,20,87948
22730,0.010329,172.217.194.0-255,2902,87012,20,87948
22731,0.010338,172.31.36.0-255,66,87078,20,87948
22732,0.01035,172.31.36.0-255,66,87144,20,87948
22733,0.010392,172.31.36.0-255,66,87210,20,87948
22734,0.010401,172.31.36.0-255,66,87276,20,87948
22735,0.010446,172.31.36.0-255,66,87342,20,87948
22736,0.010466,172.31.36.0-255,66,87408,20,87948
22737,0.010513,172.31.36.0-255,66,87474,20,87948
22738,0.010551,172.31.36.0-255,66,87540,20,87948
22739,0.010571,172.31.36.0-255,66,87606,20,87948
22740,0.010575,172.217.194.0-255,105,87711,20,87948
22741,0.012481,172.31.36.0-255,66,87777,20,87948
22742,0.012509,172.31.36.0-255,105,87882,20,87948
22743,0.014751,172.217.194.0-255,66,87948,20,87948
22744,0.0,74.125.24.0-255,153,153,20,44893
22745,2.8e-05,172.31.36.0-255,66,219,20,44893
22746,3.5e-05,74.125.24.0-255,1484,1703,20,44893
22747,4e-05,172.31.36.0-255,66,1769,20,44893
22748,4.5e-05,74.125.24.0-255,2902,4671,20,44893
22749,4.7e-05,172.31.36.0-255,66,4737,20,44893
22750,6.7e-05,172.31.36.0-255,66,4803,20,44893
22751,8.7e-05,74.125.24.0-255,1484,6287,20,44893
22752,9.1e-05,172.31.36.0-255,66,6353,20,44893
22753,0.000115,172.31.36.0-255,66,6419,20,44893
22754,0.000122,172.31.36.0-255,66,6485,20,44893
22755,0.000136,172.31.36.0-255,66,6551,20,44893
22756,0.000145,172.31.36.0-255,66,6617,20,44893
22757,0.000159,74.125.24.0-255,3602,10219,20,44893
22758,0.000162,172.31.36.0-255,66,10285,20,44893
22759,0.000191,74.125.24.0-255,1484,11769,20,44893
22760,0.000194,172.31.36.0-255,66,11835,20,44893
22761,0.000223,74.125.24.0-255,1484,13319,20,44893
22762,0.000226,172.31.36.0-255,66,13385,20,44893
22763,0.000233,172.31.36.0-255,66,13451,20,44893
22764,0.000243,172.31.36.0-255,66,13517,20,44893
22765,0.000245,74.125.24.0-255,1437,14954,20,44893
22766,0.000247,172.31.36.0-255,66,15020,20,44893
22767,0.000276,74.125.24.0-255,110,15130,20,44893
22768,0.000284,172.31.36.0-255,66,15196,20,44893
22769,0.000339,74.125.24.0-255,1484,16680,20,44893
22770,0.000344,74.125.24.0-255,2902,19582,20,44893
22771,0.000347,172.31.36.0-255,66,19648,20,44893
22772,0.000377,172.31.36.0-255,66,19714,20,44893
22773,0.000406,172.31.36.0-255,66,19780,20,44893
22774,0.000411,74.125.24.0-255,2902,22682,20,44893
22775,0.000414,172.31.36.0-255,66,22748,20,44893
22776,0.000449,74.125.24.0-255,2543,25291,20,44893
22777,0.000451,172.31.36.0-255,66,25357,20,44893
22778,0.000454,172.31.36.0-255,66,25423,20,44893
22779,0.000921,74.125.24.0-255,1484,26907,20,44893
22780,0.000927,74.125.24.0-255,2902,29809,20,44893
22781,0.00093,172.31.36.0-255,66,29875,20,44893
22782,0.000964,172.31.36.0-255,66,29941,20,44893
22783,0.000969,74.125.24.0-255,2902,32843,20,44893
22784,0.000971,172.31.36.0-255,66,32909,20,44893
22785,0.000978,172.31.36.0-255,66,32975,20,44893
22786,0.001011,172.31.36.0-255,66,33041,20,44893
22787,0.001024,172.31.36.0-255,66,33107,20,44893
22788,0.001274,74.125.24.0-255,1484,34591,20,44893
22789,0.001279,74.125.24.0-255,2902,37493,20,44893
22790,0.001282,172.31.36.0-255,66,37559,20,44893
22791,0.001287,74.125.24.0-255,2902,40461,20,44893
22792,0.001291,172.31.36.0-255,66,40527,20,44893
22793,0.00131,74.125.24.0-255,2902,43429,20,44893
22794,0.001313,172.31.36.0-255,66,43495,20,44893
22795,0.001324,172.31.36.0-255,66,43561,20,44893
22796,0.001357,172.31.36.0-255,66,43627,20,44893
22797,0.001399,172.31.36.0-255,66,43693,20,44893
22798,0.001414,172.31.36.0-255,66,43759,20,44893
22799,0.001468,172.31.36.0-255,66,43825,20,44893
22800,0.001501,172.31.36.0-255,66,43891,20,44893
22801,0.00152,172.31.36.0-255,66,43957,20,44893
22802,0.00153,172.31.36.0-255,66,44023,20,44893
22803,0.001539,172.31.36.0-255,66,44089,20,44893
22804,0.001599,172.31.36.0-255,66,44155,20,44893
22805,0.001613,172.31.36.0-255,66,44221,20,44893
22806,0.001656,172.31.36.0-255,66,44287,20,44893
22807,0.001674,172.31.36.0-255,66,44353,20,44893
22808,0.001689,172.31.36.0-255,66,44419,20,44893
22809,0.001721,172.31.36.0-255,66,44485,20,44893
22810,0.001735,172.31.36.0-255,66,44551,20,44893
22811,0.001787,74.125.24.0-255,105,44656,20,44893
22812,0.001792,172.31.36.0-255,66,44722,20,44893
22813,0.006333,172.31.36.0-255,105,44827,20,44893
22814,0.008517,74.125.24.0-255,66,44893,20,44893
22815,0.0,74.125.200.0-255,219,219,20,87747
22816,2.7e-05,172.31.36.0-255,66,285,20,87747
22817,3.4e-05,74.125.200.0-255,1484,1769,20,87747
22818,3.8e-05,172.31.36.0-255,66,1835,20,87747
22819,4.1e-05,74.125.200.0-255,1484,3319,20,87747
22820,4.3e-05,172.31.36.0-255,66,3385,20,87747
22821,7.4e-05,74.125.200.0-255,2902,6287,20,87747
22822,7.6e-05,172.31.36.0-255,66,6353,20,87747
22823,8.4e-05,172.31.36.0-255,66,6419,20,87747
22824,0.000108,172.31.36.0-255,66,6485,20,87747
22825,0.000131,172.31.36.0-255,66,6551,20,87747
22826,0.000151,74.125.200.0-255,1484,8035,20,87747
22827,0.000154,172.31.36.0-255,66,8101,20,87747
22828,0.000163,172.31.36.0-255,66,8167,20,87747
22829,0.000399,74.125.200.0-255,1484,9651,20,87747
22830,0.000404,172.31.36.0-255,66,9717,20,87747
22831,0.000409,74.125.200.0-255,2902,12619,20,87747
22832,0.000413,172.31.36.0-255,66,12685,20,87747
22833,0.000442,172.31.36.0-255,66,12751,20,87747
22834,0.000451,172.31.36.0-255,66,12817,20,87747
22835,0.00048,172.31.36.0-255,66,12883,20,87747
22836,0.000507,172.31.36.0-255,66,12949,20,87747
22837,0.000525,172.31.36.0-255,66,13015,20,87747
22838,0.00055,74.125.200.0-255,1478,14493,20,87747
22839,0.000577,74.125.200.0-255,334,14827,20,87747
22840,0.00058,172.31.36.0-255,66,14893,20,87747
22841,0.000658,74.125.200.0-255,1484,16377,20,87747
22842,0.000664,74.125.200.0-255,2902,19279,20,87747
22843,0.000668,172.31.36.0-255,66,19345,20,87747
22844,0.000684,74.125.200.0-255,2902,22247,20,87747
22845,0.000687,172.31.36.0-255,66,22313,20,87747
22846,0.000712,74.125.200.0-255,2902,25215,20,87747
22847,0.000715,172.31.36.0-255,66,25281,20,87747
22848,0.000723,172.31.36.0-255,66,25347,20,87747
22849,0.000732,172.31.36.0-255,66,25413,20,87747
22850,0.000754,172.31.36.0-255,66,25479,20,87747
22851,0.000771,172.31.36.0-255,66,25545,20,87747
22852,0.000803,74.125.200.0-255,2184,27729,20,87747
22853,0.000807,172.31.36.0-255,66,27795,20,87747
22854,0.000851,74.125.200.0-255,2902,30697,20,87747
22855,0.000855,172.31.36.0-255,66,30763,20,87747
22856,0.000873,74.125.200.0-255,1484,32247,20,87747
22857,0.000887,74.125.200.0-255,2902,35149,20,87747
22858,0.000889,172.31.36.0-255,66,35215,20,87747
22859,0.000898,172.31.36.0-255,66,35281,20,87747
22860,0.000919,172.31.36.0-255,66,35347,20,87747
22861,0.000919,74.125.200.0-255,2902,38249,20,87747
22862,0.000922,172.31.36.0-255,66,38315,20,87747
22863,0.000936,74.125.200.0-255,2902,41217,20,87747
22864,0.000938,172.31.36.0-255,66,41283,20,87747
22865,0.000973,172.31.36.0-255,66,41349,20,87747
22866,0.000977,74.125.200.0-255,2184,43533,20,87747
22867,0.00098,172.31.36.0-255,66,43599,20,87747
22868,0.001003,74.125.200.0-255,2902,46501,20,87747
22869,0.001006,172.31.36.0-255,66,46567,20,87747
22870,0.001013,172.31.36.0-255,66,46633,20,87747
22871,0.001041,172.31.36.0-255,66,46699,20,87747
22872,0.001064,172.31.36.0-255,66,46765,20,87747
22873,0.001074,172.31.36.0-255,66,46831,20,87747
22874,0.001117,172.31.36.0-255,66,46897,20,87747
22875,0.001136,74.125.200.0-255,2184,49081,20,87747
22876,0.001139,172.31.36.0-255,66,49147,20,87747
22877,0.001154,74.125.200.0-255,1484,50631,20,87747
22878,0.001166,74.125.200.0-255,1484,52115,20,87747
22879,0.001169,172.31.36.0-255,66,52181,20,87747
22880,0.001183,74.125.200.0-255,1484,53665,20,87747
22881,0.001192,172.31.36.0-255,66,53731,20,87747
22882,0.001208,74.125.200.0-255,1484,55215,20,87747
22883,0.001223,74.125.200.0-255,2902,58117,20,87747
22884,0.001226,172.31.36.0-255,66,58183,20,87747
22885,0.001253,172.31.36.0-255,66,58249,20,87747
22886,0.001257,172.31.36.0-255,66,58315,20,87747
22887,0.001284,172.31.36.0-255,66,58381,20,87747
22888,0.001288,74.125.200.0-255,2184,60565,20,87747
22889,0.00129,172.31.36.0-255,66,60631,20,87747
22890,0.001453,74.125.200.0-255,1484,62115,20,87747
22891,0.001469,74.125.200.0-255,2902,65017,20,87747
22892,0.001472,172.31.36.0-255,66,65083,20,87747
22893,0.001495,172.31.36.0-255,66,65149,20,87747
22894,0.001514,74.125.200.0-255,1484,66633,20,87747
22895,0.001523,172.31.36.0-255,66,66699,20,87747
22896,0.001549,172.31.36.0-255,66,66765,20,87747
22897,0.001563,74.125.200.0-255,2902,69667,20,87747
22898,0.001566,172.31.36.0-255,66,69733,20,87747
22899,0.00159,172.31.36.0-255,66,69799,20,87747
22900,0.001852,74.125.200.0-255,1484,71283,20,87747
22901,0.001856,74.125.200.0-255,1484,72767,20,87747
22902,0.001859,172.31.36.0-255,66,72833,20,87747
22903,0.001879,74.125.200.0-255,2902,75735,20,87747
22904,0.001882,172.31.36.0-255,66,75801,20,87747
22905,0.001905,74.125.200.0-255,1484,77285,20,87747
22906,0.001906,172.31.36.0-255,66,77351,20,87747
22907,0.001933,74.125.200.0-255,2902,80253,20,87747
22908,0.001936,172.31.36.0-255,66,80319,20,87747
22909,0.001944,172.31.36.0-255,66,80385,20,87747
22910,0.001947,74.125.200.0-255,1484,81869,20,87747
22911,0.001977,172.31.36.0-255,66,81935,20,87747
22912,0.00198,74.125.200.0-255,766,82701,20,87747
22913,0.001984,74.125.200.0-255,2902,85603,20,87747
22914,0.001986,172.31.36.0-255,66,85669,20,87747
22915,0.003924,74.125.200.0-255,1484,87153,20,87747
22916,0.003948,172.31.36.0-255,66,87219,20,87747
22917,0.0059,172.31.36.0-255,66,87285,20,87747
22918,0.007856,172.31.36.0-255,66,87351,20,87747
22919,0.009814,172.31.36.0-255,66,87417,20,87747
22920,0.011777,172.31.36.0-255,66,87483,20,87747
22921,0.013734,172.31.36.0-255,66,87549,20,87747
22922,0.015696,172.31.36.0-255,66,87615,20,87747
22923,0.017658,172.31.36.0-255,66,87681,20,87747
22924,0.019618,172.31.36.0-255,66,87747,20,87747
22925,0.0,172.217.160.0-255,153,153,20,81570
22926,1.3e-05,172.31.36.0-255,66,219,20,81570
22927,3.3e-05,172.217.160.0-255,1484,1703,20,81570
22928,3.9e-05,172.31.36.0-255,66,1769,20,81570
22929,5.1e-05,172.217.160.0-255,2902,4671,20,81570
22930,5.5e-05,172.31.36.0-255,66,4737,20,81570
22931,6.6e-05,172.31.36.0-255,66,4803,20,81570
22932,7e-05,172.217.160.0-255,1977,6780,20,81570
22933,7.3e-05,172.31.36.0-255,66,6846,20,81570
22934,0.000548,172.217.160.0-255,1484,8330,20,81570
22935,0.000554,172.31.36.0-255,66,8396,20,81570
22936,0.000563,172.217.160.0-255,2902,11298,20,81570
22937,0.000566,172.31.36.0-255,66,11364,20,81570
22938,0.000581,172.31.36.0-255,66,11430,20,81570
22939,0.000586,172.217.160.0-255,2902,14332,20,81570
22940,0.000588,172.31.36.0-255,66,14398,20,81570
22941,0.000625,172.217.160.0-255,3961,18359,20,81570
22942,0.000629,172.31.36.0-255,66,18425,20,81570
22943,0.000689,172.217.160.0-255,1484,19909,20,81570
22944,0.000693,172.31.36.0-255,66,19975,20,81570
22945,0.000699,172.217.160.0-255,2902,22877,20,81570
22946,0.000701,172.31.36.0-255,66,22943,20,81570
22947,0.000704,172.217.160.0-255,1484,24427,20,81570
22948,0.000707,172.31.36.0-255,66,24493,20,81570
22949,0.000746,172.31.36.0-255,66,24559,20,81570
22950,0.000756,172.31.36.0-255,66,24625,20,81570
22951,0.001298,172.217.160.0-255,1484,26109,20,81570
22952,0.001306,172.31.36.0-255,66,26175,20,81570
22953,0.001313,172.217.160.0-255,2902,29077,20,81570
22954,0.001315,172.31.36.0-255,66,29143,20,81570
22955,0.001331,172.31.36.0-255,66,29209,20,81570
22956,0.001368,172.31.36.0-255,66,29275,20,81570
22957,0.001394,172.217.160.0-255,2810,32085,20,81570
22958,0.001396,172.31.36.0-255,66,32151,20,81570
22959,0.00158,172.217.160.0-255,410,32561,20,81570
22960,0.001721,172.217.160.0-255,1484,34045,20,81570
22961,0.001724,172.31.36.0-255,66,34111,20,81570
22962,0.001729,172.217.160.0-255,2902,37013,20,81570
22963,0.001732,172.31.36.0-255,66,37079,20,81570
22964,0.001768,172.31.36.0-255,66,37145,20,81570
22965,0.001777,172.31.36.0-255,66,37211,20,81570
22966,0.001832,172.31.36.0-255,66,37277,20,81570
22967,0.001836,172.217.160.0-255,2543,39820,20,81570
22968,0.001839,172.31.36.0-255,66,39886,20,81570
22969,0.00377,172.217.160.0-255,2902,42788,20,81570
22970,0.003776,172.31.36.0-255,66,42854,20,81570
22971,0.003811,172.217.160.0-255,2902,45756,20,81570
22972,0.003814,172.31.36.0-255,66,45822,20,81570
22973,0.005717,172.217.160.0-255,2902,48724,20,81570
22974,0.005723,172.31.36.0-255,66,48790,20,81570
22975,0.005757,172.217.160.0-255,2902,51692,20,81570
22976,0.00576,172.31.36.0-255,66,51758,20,81570
22977,0.007678,172.217.160.0-255,2902,54660,20,81570
22978,0.007685,172.31.36.0-255,66,54726,20,81570
22979,0.007707,172.217.160.0-255,2902,57628,20,81570
22980,0.00771,172.31.36.0-255,66,57694,20,81570
22981,0.009637,172.217.160.0-255,2902,60596,20,81570
22982,0.009645,172.31.36.0-255,66,60662,20,81570
22983,0.009676,172.217.160.0-255,2902,63564,20,81570
22984,0.009679,172.31.36.0-255,66,63630,20,81570
22985,0.011641,172.217.160.0-255,2902,66532,20,81570
22986,0.011649,172.31.36.0-255,66,66598,20,81570
22987,0.01168,172.217.160.0-255,2902,69500,20,81570
22988,0.011683,172.31.36.0-255,66,69566,20,81570
22989,0.013598,172.217.160.0-255,2902,72468,20,81570
22990,0.013606,172.31.36.0-255,66,72534,20,81570
22991,0.013643,172.217.160.0-255,2902,75436,20,81570
22992,0.013645,172.31.36.0-255,66,75502,20,81570
22993,0.015553,172.217.160.0-255,2902,78404,20,81570
22994,0.015563,172.31.36.0-255,66,78470,20,81570
22995,0.015586,172.217.160.0-255,2902,81372,20,81570
22996,0.015589,172.31.36.0-255,66,81438,20,81570
22997,0.017533,172.31.36.0-255,66,81504,20,81570
22998,0.019498,172.31.36.0-255,66,81570,20,81570
22999,0.0,74.125.24.0-255,146,146,20,27115
23000,2.2e-05,172.31.36.0-255,66,212,20,27115
23001,3e-05,74.125.24.0-255,1484,1696,20,27115
23002,3.5e-05,172.31.36.0-255,66,1762,20,27115
23003,4.9e-05,74.125.24.0-255,2902,4664,20,27115
23004,5.3e-05,172.31.36.0-255,66,4730,20,27115
23005,6.4e-05,172.31.36.0-255,66,4796,20,27115
23006,9.5e-05,74.125.24.0-255,2000,6796,20,27115
23007,9.9e-05,172.31.36.0-255,66,6862,20,27115
23008,0.000615,74.125.24.0-255,1484,8346,20,27115
23009,0.000622,172.31.36.0-255,66,8412,20,27115
23010,0.000631,74.125.24.0-255,2902,11314,20,27115
23011,0.000633,172.31.36.0-255,66,11380,20,27115
23012,0.000649,172.31.36.0-255,66,11446,20,27115
23013,0.000698,172.31.36.0-255,66,11512,20,27115
23014,0.000729,172.31.36.0-255,66,11578,20,27115
23015,0.000738,172.31.36.0-255,66,11644,20,27115
23016,0.000768,74.125.24.0-255,2902,14546,20,27115
23017,0.000771,172.31.36.0-255,66,14612,20,27115
23018,0.000776,74.125.24.0-255,2543,17155,20,27115
23019,0.000778,172.31.36.0-255,66,17221,20,27115
23020,0.001565,74.125.24.0-255,1484,18705,20,27115
23021,0.001573,172.31.36.0-255,66,18771,20,27115
23022,0.001577,74.125.24.0-255,1484,20255,20,27115
23023,0.001579,172.31.36.0-255,66,20321,20,27115
23024,0.001599,74.125.24.0-255,1484,21805,20,27115
23025,0.001601,172.31.36.0-255,66,21871,20,27115
23026,0.001608,74.125.24.0-255,1484,23355,20,27115
23027,0.001612,74.125.24.0-255,1484,24839,20,27115
23028,0.001614,172.31.36.0-255,66,24905,20,27115
23029,0.001648,172.31.36.0-255,66,24971,20,27115
23030,0.001656,172.31.36.0-255,66,25037,20,27115
23031,0.003636,172.31.36.0-255,66,25103,20,27115
23032,0.005641,172.31.36.0-255,66,25169,20,27115
23033,0.007639,172.31.36.0-255,66,25235,20,27115
23034,0.009603,172.31.36.0-255,66,25301,20,27115
23035,0.009632,74.125.24.0-255,1484,26785,20,27115
23036,0.011577,172.31.36.0-255,66,26851,20,27115
23037,0.013579,172.31.36.0-255,66,26917,20,27115
23038,0.015583,172.31.36.0-255,66,26983,20,27115
23039,0.017593,172.31.36.0-255,66,27049,20,27115
23040,0.019579,172.31.36.0-255,66,27115,20,27115
23041,0.0,172.217.24.0-255,153,153,20,63273
23042,2.3e-05,172.31.36.0-255,66,219,20,63273
23043,3e-05,172.217.24.0-255,1484,1703,20,63273
23044,3.5e-05,172.31.36.0-255,66,1769,20,63273
23045,4.1e-05,172.217.24.0-255,2902,4671,20,63273
23046,5.3e-05,172.31.36.0-255,66,4737,20,63273
23047,6.3e-05,172.31.36.0-255,66,4803,20,63273
23048,7.5e-05,172.31.36.0-255,66,4869,20,63273
23049,8.3e-05,172.31.36.0-255,66,4935,20,63273
23050,0.000126,172.31.36.0-255,66,5001,20,63273
23051,0.000227,172.217.24.0-255,1484,6485,20,63273
23052,0.000231,172.31.36.0-255,66,6551,20,63273
23053,0.000235,172.217.24.0-255,1484,8035,20,63273
23054,0.000237,172.31.36.0-255,66,8101,20,63273
23055,0.000271,172.217.24.0-255,2902,11003,20,63273
23056,0.000274,172.31.36.0-255,66,11069,20,63273
23057,0.000283,172.31.36.0-255,66,11135,20,63273
23058,0.000295,172.31.36.0-255,66,11201,20,63273
23059,0.000337,172.31.36.0-255,66,11267,20,63273
23060,0.000346,172.31.36.0-255,66,11333,20,63273
23061,0.000371,172.217.24.0-255,2902,14235,20,63273
23062,0.000378,172.31.36.0-255,66,14301,20,63273
23063,0.000408,172.217.24.0-255,3961,18262,20,63273
23064,0.000411,172.31.36.0-255,66,18328,20,63273
23065,0.00047,172.217.24.0-255,363,18691,20,63273
23066,0.000923,172.217.24.0-255,381,19072,20,63273
23067,0.001066,172.217.24.0-255,1484,20556,20,63273
23068,0.001072,172.31.36.0-255,66,20622,20,63273
23069,0.001078,172.217.24.0-255,2902,23524,20,63273
23070,0.00108,172.31.36.0-255,66,23590,20,63273
23071,0.001092,172.31.36.0-255,66,23656,20,63273
23072,0.001119,172.217.24.0-255,1484,25140,20,63273
23073,0.001132,172.31.36.0-255,66,25206,20,63273
23074,0.001141,172.31.36.0-255,66,25272,20,63273
23075,0.001145,172.217.24.0-255,1484,26756,20,63273
23076,0.001185,172.31.36.0-255,66,26822,20,63273
23077,0.001398,172.217.24.0-255,1484,28306,20,63273
23078,0.001423,172.217.24.0-255,1484,29790,20,63273
23079,0.001427,172.31.36.0-255,66,29856,20,63273
23080,0.001432,172.217.24.0-255,2902,32758,20,63273
23081,0.001434,172.31.36.0-255,66,32824,20,63273
23082,0.001467,172.31.36.0-255,66,32890,20,63273
23083,0.001477,172.31.36.0-255,66,32956,20,63273
23084,0.001485,172.217.24.0-255,1484,34440,20,63273
23085,0.001533,172.31.36.0-255,66,34506,20,63273
23086,0.001536,172.217.24.0-255,766,35272,20,63273
23087,0.00159,172.217.24.0-255,1484,36756,20,63273
23088,0.001594,172.31.36.0-255,66,36822,20,63273
23089,0.001598,172.217.24.0-255,2902,39724,20,63273
23090,0.0016,172.31.36.0-255,66,39790,20,63273
23091,0.001603,172.217.24.0-255,1484,41274,20,63273
23092,0.001633,172.217.24.0-255,1484,42758,20,63273
23093,0.001636,172.31.36.0-255,66,42824,20,63273
23094,0.001645,172.31.36.0-255,66,42890,20,63273
23095,0.00166,172.31.36.0-255,66,42956,20,63273
23096,0.001696,172.217.24.0-255,2902,45858,20,63273
23097,0.001698,172.31.36.0-255,66,45924,20,63273
23098,0.001723,172.31.36.0-255,66,45990,20,63273
23099,0.001765,172.217.24.0-255,1484,47474,20,63273
23100,0.001778,172.217.24.0-255,2902,50376,20,63273
23101,0.001781,172.31.36.0-255,66,50442,20,63273
23102,0.001786,172.217.24.0-255,2902,53344,20,63273
23103,0.001788,172.31.36.0-255,66,53410,20,63273
23104,0.001814,172.217.24.0-255,2902,56312,20,63273
23105,0.001818,172.31.36.0-255,66,56378,20,63273
23106,0.001831,172.31.36.0-255,66,56444,20,63273
23107,0.001844,172.31.36.0-255,66,56510,20,63273
23108,0.001888,172.31.36.0-255,66,56576,20,63273
23109,0.001938,172.217.24.0-255,1484,58060,20,63273
23110,0.001943,172.217.24.0-255,2902,60962,20,63273
23111,0.001946,172.31.36.0-255,66,61028,20,63273
23112,0.002689,172.31.36.0-255,101,61129,20,63273
23113,0.003818,172.217.24.0-255,1484,62613,20,63273
23114,0.003873,172.31.36.0-255,66,62679,20,63273
23115,0.004597,172.217.24.0-255,66,62745,20,63273
23116,0.00581,172.31.36.0-255,66,62811,20,63273
23117,0.007749,172.31.36.0-255,66,62877,20,63273
23118,0.009705,172.31.36.0-255,66,62943,20,63273
23119,0.011684,172.31.36.0-255,66,63009,20,63273
23120,0.013644,172.31.36.0-255,66,63075,20,63273
23121,0.0156,172.31.36.0-255,66,63141,20,63273
23122,0.017552,172.31.36.0-255,66,63207,20,63273
23123,0.019512,172.31.36.0-255,66,63273,20,63273
23124,0.0,74.125.24.0-255,152,152,20,65346
23125,3.4e-05,172.31.36.0-255,66,218,20,65346
23126,4.1e-05,74.125.24.0-255,1484,1702,20,65346
23127,4.5e-05,172.31.36.0-255,66,1768,20,65346
23128,5e-05,74.125.24.0-255,2902,4670,20,65346
23129,5.4e-05,172.31.36.0-255,66,4736,20,65346
23130,6.4e-05,172.31.36.0-255,66,4802,20,65346
23131,0.000122,172.31.36.0-255,66,4868,20,65346
23132,0.000133,172.31.36.0-255,66,4934,20,65346
23133,0.000239,74.125.24.0-255,1484,6418,20,65346
23134,0.000243,172.31.36.0-255,66,6484,20,65346
23135,0.000249,74.125.24.0-255,2902,9386,20,65346
23136,0.000252,172.31.36.0-255,66,9452,20,65346
23137,0.00026,172.31.36.0-255,66,9518,20,65346
23138,0.000276,74.125.24.0-255,1484,11002,20,65346
23139,0.000279,172.31.36.0-255,66,11068,20,65346
23140,0.000307,172.31.36.0-255,66,11134,20,65346
23141,0.000336,172.31.36.0-255,66,11200,20,65346
23142,0.00035,172.31.36.0-255,66,11266,20,65346
23143,0.000352,74.125.24.0-255,395,11661,20,65346
23144,0.000355,172.31.36.0-255,66,11727,20,65346
23145,0.000373,74.125.24.0-255,113,11840,20,65346
23146,0.000377,172.31.36.0-255,66,11906,20,65346
23147,0.000669,74.125.24.0-255,1484,13390,20,65346
23148,0.000673,172.31.36.0-255,66,13456,20,65346
23149,0.000678,74.125.24.0-255,2902,16358,20,65346
23150,0.00068,172.31.36.0-255,66,16424,20,65346
23151,0.000683,74.125.24.0-255,1484,17908,20,65346
23152,0.000714,172.31.36.0-255,66,17974,20,65346
23153,0.000723,172.31.36.0-255,66,18040,20,65346
23154,0.000748,74.125.24.0-255,1484,19524,20,65346
23155,0.000778,172.31.36.0-255,66,19590,20,65346
23156,0.000824,172.31.36.0-255,66,19656,20,65346
23157,0.000947,74.125.24.0-255,1484,21140,20,65346
23158,0.000951,74.125.24.0-255,1484,22624,20,65346
23159,0.000954,172.31.36.0-255,66,22690,20,65346
23160,0.000969,74.125.24.0-255,1484,24174,20,65346
23161,0.000978,172.31.36.0-255,66,24240,20,65346
23162,0.000981,74.125.24.0-255,1484,25724,20,65346
23163,0.001013,172.31.36.0-255,66,25790,20,65346
23164,0.001016,74.125.24.0-255,1484,27274,20,65346
23165,0.001043,172.31.36.0-255,66,27340,20,65346
23166,0.001472,74.125.24.0-255,1484,28824,20,65346
23167,0.00148,74.125.24.0-255,1484,30308,20,65346
23168,0.001484,172.31.36.0-255,66,30374,20,65346
23169,0.001503,74.125.24.0-255,1484,31858,20,65346
23170,0.001512,172.31.36.0-255,66,31924,20,65346
23171,0.001583,172.31.36.0-255,66,31990,20,65346
23172,0.001603,74.125.24.0-255,1484,33474,20,65346
23173,0.001615,172.31.36.0-255,66,33540,20,65346
23174,0.001618,74.125.24.0-255,766,34306,20,65346
23175,0.001848,74.125.24.0-255,1484,35790,20,65346
23176,0.001854,172.31.36.0-255,66,35856,20,65346
23177,0.001861,74.125.24.0-255,2902,38758,20,65346
23178,0.001863,172.31.36.0-255,66,38824,20,65346
23179,0.001872,172.31.36.0-255,66,38890,20,65346
23180,0.001879,172.31.36.0-255,66,38956,20,65346
23181,0.001922,172.31.36.0-255,66,39022,20,65346
23182,0.00195,172.31.36.0-255,66,39088,20,65346
23183,0.001958,172.31.36.0-255,66,39154,20,65346
23184,0.001978,74.125.24.0-255,2184,41338,20,65346
23185,0.001981,172.31.36.0-255,66,41404,20,65346
23186,0.004283,74.125.24.0-255,2902,44306,20,65346
23187,0.004288,172.31.36.0-255,66,44372,20,65346
23188,0.004309,74.125.24.0-255,2902,47274,20,65346
23189,0.004313,172.31.36.0-255,66,47340,20,65346
23190,0.00661,74.125.24.0-255,2902,50242,20,65346
23191,0.006614,172.31.36.0-255,66,50308,20,65346
23192,0.006641,74.125.24.0-255,2902,53210,20,65346
23193,0.006643,172.31.36.0-255,66,53276,20,65346
23194,0.008945,74.125.24.0-255,2902,56178,20,65346
23195,0.008959,172.31.36.0-255,66,56244,20,65346
23196,0.008982,74.125.24.0-255,2902,59146,20,65346
23197,0.008985,172.31.36.0-255,66,59212,20,65346
23198,0.011296,74.125.24.0-255,2902,62114,20,65346
23199,0.011313,172.31.36.0-255,66,62180,20,65346
23200,0.011335,74.125.24.0-255,2902,65082,20,65346
23201,0.011337,172.31.36.0-255,66,65148,20,65346
23202,0.013688,172.31.36.0-255,66,65214,20,65346
23203,0.016044,172.31.36.0-255,66,65280,20,65346
23204,0.018461,172.31.36.0-255,66,65346,20,65346
23205,0.0,74.125.24.0-255,150,150,20,33767
23206,2.5e-05,172.31.36.0-255,66,216,20,33767
23207,3.3e-05,74.125.24.0-255,1484,1700,20,33767
23208,3.7e-05,172.31.36.0-255,66,1766,20,33767
23209,4.4e-05,74.125.24.0-255,2902,4668,20,33767
23210,4.7e-05,172.31.36.0-255,66,4734,20,33767
23211,5.8e-05,172.31.36.0-255,66,4800,20,33767
23212,0.0001,172.31.36.0-255,66,4866,20,33767
23213,0.000155,172.31.36.0-255,66,4932,20,33767
23214,0.000173,74.125.24.0-255,2902,7834,20,33767
23215,0.000176,172.31.36.0-255,66,7900,20,33767
23216,0.000258,74.125.24.0-255,1125,9025,20,33767
23217,0.000261,172.31.36.0-255,66,9091,20,33767
23218,0.000282,74.125.24.0-255,1484,10575,20,33767
23219,0.000284,172.31.36.0-255,66,10641,20,33767
23220,0.00029,74.125.24.0-255,2902,13543,20,33767
23221,0.000292,172.31.36.0-255,66,13609,20,33767
23222,0.000313,74.125.24.0-255,1484,15093,20,33767
23223,0.000316,172.31.36.0-255,66,15159,20,33767
23224,0.000352,172.31.36.0-255,66,15225,20,33767
23225,0.000441,172.31.36.0-255,66,15291,20,33767
23226,0.000466,172.31.36.0-255,66,15357,20,33767
23227,0.000613,172.31.36.0-255,66,15423,20,33767
23228,0.000655,172.31.36.0-255,66,15489,20,33767
23229,0.000767,74.125.24.0-255,1484,16973,20,33767
23230,0.000774,74.125.24.0-255,2902,19875,20,33767
23231,0.000777,172.31.36.0-255,66,19941,20,33767
23232,0.000822,172.31.36.0-255,66,20007,20,33767
23233,0.000862,172.31.36.0-255,66,20073,20,33767
23234,0.000891,172.31.36.0-255,66,20139,20,33767
23235,0.000996,172.31.36.0-255,66,20205,20,33767
23236,0.001017,74.125.24.0-255,3602,23807,20,33767
23237,0.00102,172.31.36.0-255,66,23873,20,33767
23238,0.001616,74.125.24.0-255,1484,25357,20,33767
23239,0.001623,74.125.24.0-255,2902,28259,20,33767
23240,0.001627,172.31.36.0-255,66,28325,20,33767
23241,0.001652,172.31.36.0-255,66,28391,20,33767
23242,0.001711,172.31.36.0-255,66,28457,20,33767
23243,0.001796,172.31.36.0-255,66,28523,20,33767
23244,0.001824,172.31.36.0-255,66,28589,20,33767
23245,0.002221,74.125.24.0-255,1484,30073,20,33767
23246,0.002231,74.125.24.0-255,2902,32975,20,33767
23247,0.002235,172.31.36.0-255,66,33041,20,33767
23248,0.002266,172.31.36.0-255,66,33107,20,33767
23249,0.002291,172.31.36.0-255,66,33173,20,33767
23250,0.002336,172.31.36.0-255,66,33239,20,33767
23251,0.002361,172.31.36.0-255,66,33305,20,33767
23252,0.002459,172.31.36.0-255,66,33371,20,33767
23253,0.005021,172.31.36.0-255,66,33437,20,33767
23254,0.007583,172.31.36.0-255,66,33503,20,33767
23255,0.010192,172.31.36.0-255,66,33569,20,33767
23256,0.012794,172.31.36.0-255,66,33635,20,33767
23257,0.015399,172.31.36.0-255,66,33701,20,33767
23258,0.017993,172.31.36.0-255,66,33767,20,33767
23259,0.0,172.217.194.0-255,152,152,20,53217
23260,7.9e-05,172.31.36.0-255,66,218,20,53217
23261,8.6e-05,172.217.194.0-255,1484,1702,20,53217
23262,9e-05,172.31.36.0-255,66,1768,20,53217
23263,9.5e-05,172.217.194.0-255,2902,4670,20,53217
23264,9.7e-05,172.31.36.0-255,66,4736,20,53217
23265,0.000107,172.31.36.0-255,66,4802,20,53217
23266,0.000114,172.31.36.0-255,66,4868,20,53217
23267,0.000127,172.31.36.0-255,66,4934,20,53217
23268,0.00013,172.217.194.0-255,1484,6418,20,53217
23269,0.000132,172.31.36.0-255,66,6484,20,53217
23270,0.000136,172.217.194.0-255,2902,9386,20,53217
23271,0.000139,172.31.36.0-255,66,9452,20,53217
23272,0.000149,172.31.36.0-255,66,9518,20,53217
23273,0.000176,172.31.36.0-255,66,9584,20,53217
23274,0.0002,172.31.36.0-255,66,9650,20,53217
23275,0.00021,172.31.36.0-255,66,9716,20,53217
23276,0.000231,172.217.194.0-255,3602,13318,20,53217
23277,0.000233,172.31.36.0-255,66,13384,20,53217
23278,0.000676,172.217.194.0-255,647,14031,20,53217
23279,0.000683,172.31.36.0-255,66,14097,20,53217
23280,0.000918,172.217.194.0-255,1484,15581,20,53217
23281,0.000923,172.31.36.0-255,66,15647,20,53217
23282,0.000931,172.217.194.0-255,2902,18549,20,53217
23283,0.000933,172.31.36.0-255,66,18615,20,53217
23284,0.000936,172.217.194.0-255,1484,20099,20,53217
23285,0.000965,172.31.36.0-255,66,20165,20,53217
23286,0.000974,172.31.36.0-255,66,20231,20,53217
23287,0.000989,172.217.194.0-255,1484,21715,20,53217
23288,0.001007,172.217.194.0-255,1484,23199,20,53217
23289,0.00101,172.31.36.0-255,66,23265,20,53217
23290,0.001035,172.31.36.0-255,66,23331,20,53217
23291,0.001062,172.31.36.0-255,66,23397,20,53217
23292,0.001891,172.217.194.0-255,1484,24881,20,53217
23293,0.001898,172.217.194.0-255,2902,27783,20,53217
23294,0.001903,172.31.36.0-255,66,27849,20,53217
23295,0.001907,172.217.194.0-255,1484,29333,20,53217
23296,0.001925,172.31.36.0-255,66,29399,20,53217
23297,0.001929,172.217.194.0-255,2902,32301,20,53217
23298,0.001931,172.31.36.0-255,66,32367,20,53217
23299,0.001951,172.31.36.0-255,66,32433,20,53217
23300,0.001969,172.217.194.0-255,1484,33917,20,53217
23301,0.001995,172.31.36.0-255,66,33983,20,53217
23302,0.002011,172.217.194.0-255,766,34749,20,53217
23303,0.002149,172.217.194.0-255,1484,36233,20,53217
23304,0.002151,172.31.36.0-255,66,36299,20,53217
23305,0.00217,172.217.194.0-255,2902,39201,20,53217
23306,0.002173,172.31.36.0-255,66,39267,20,53217
23307,0.002185,172.217.194.0-255,1484,40751,20,53217
23308,0.002203,172.217.194.0-255,2902,43653,20,53217
23309,0.002206,172.31.36.0-255,66,43719,20,53217
23310,0.002213,172.31.36.0-255,66,43785,20,53217
23311,0.002217,172.217.194.0-255,2902,46687,20,53217
23312,0.002219,172.31.36.0-255,66,46753,20,53217
23313,0.002248,172.31.36.0-255,66,46819,20,53217
23314,0.002257,172.31.36.0-255,66,46885,20,53217
23315,0.004539,172.217.194.0-255,2902,49787,20,53217
23316,0.004543,172.31.36.0-255,66,49853,20,53217
23317,0.004562,172.217.194.0-255,2902,52755,20,53217
23318,0.004564,172.31.36.0-255,66,52821,20,53217
23319,0.006822,172.31.36.0-255,66,52887,20,53217
23320,0.009088,172.31.36.0-255,66,52953,20,53217
23321,0.01136,172.31.36.0-255,66,53019,20,53217
23322,0.013685,172.31.36.0-255,66,53085,20,53217
23323,0.015948,172.31.36.0-255,66,53151,20,53217
23324,0.018223,172.31.36.0-255,66,53217,20,53217
23325,0.0,172.217.194.0-255,153,153,20,70980
23326,1.3e-05,172.31.36.0-255,66,219,20,70980
23327,3.8e-05,172.217.194.0-255,1484,1703,20,70980
23328,4.2e-05,172.31.36.0-255,66,1769,20,70980
23329,6.2e-05,172.217.194.0-255,2902,4671,20,70980
23330,6.5e-05,172.31.36.0-255,66,4737,20,70980
23331,6.9e-05,172.217.194.0-255,1484,6221,20,70980
23332,7.1e-05,172.31.36.0-255,66,6287,20,70980
23333,9.3e-05,172.31.36.0-255,66,6353,20,70980
23334,9.8e-05,172.217.194.0-255,2077,8430,20,70980
23335,0.0001,172.31.36.0-255,66,8496,20,70980
23336,0.000151,172.217.194.0-255,1484,9980,20,70980
23337,0.000154,172.31.36.0-255,66,10046,20,70980
23338,0.000169,172.217.194.0-255,2902,12948,20,70980
23339,0.000172,172.31.36.0-255,66,13014,20,70980
23340,0.000202,172.31.36.0-255,66,13080,20,70980
23341,0.000247,172.31.36.0-255,66,13146,20,70980
23342,0.000324,172.217.194.0-255,1484,14630,20,70980
23343,0.000327,172.31.36.0-255,66,14696,20,70980
23344,0.000342,172.217.194.0-255,2902,17598,20,70980
23345,0.000345,172.31.36.0-255,66,17664,20,70980
23346,0.000374,172.31.36.0-255,66,17730,20,70980
23347,0.0004,172.31.36.0-255,66,17796,20,70980
23348,0.000425,172.217.194.0-255,2543,20339,20,70980
23349,0.000428,172.31.36.0-255,66,20405,20,70980
23350,0.000439,172.31.36.0-255,66,20471,20,70980
23351,0.000448,172.31.36.0-255,66,20537,20,70980
23352,0.00047,172.217.194.0-255,118,20655,20,70980
23353,0.000489,172.217.194.0-255,381,21036,20,70980
23354,0.000681,172.217.194.0-255,1484,22520,20,70980
23355,0.000685,172.31.36.0-255,66,22586,20,70980
23356,0.000691,172.217.194.0-255,2902,25488,20,70980
23357,0.000694,172.31.36.0-255,66,25554,20,70980
23358,0.000716,172.31.36.0-255,66,25620,20,70980
23359,0.000758,172.31.36.0-255,66,25686,20,70980
23360,0.000782,172.31.36.0-255,66,25752,20,70980
23361,0.000818,172.31.36.0-255,66,25818,20,70980
23362,0.000844,172.217.194.0-255,2902,28720,20,70980
23363,0.000847,172.31.36.0-255,66,28786,20,70980
23364,0.000871,172.31.36.0-255,66,28852,20,70980
23365,0.000885,172.31.36.0-255,66,28918,20,70980
23366,0.000922,172.31.36.0-255,66,28984,20,70980
23367,0.000963,172.31.36.0-255,66,29050,20,70980
23368,0.000973,172.31.36.0-255,66,29116,20,70980
23369,0.00099,172.31.36.0-255,66,29182,20,70980
23370,0.001019,172.31.36.0-255,66,29248,20,70980
23371,0.001088,172.31.36.0-255,66,29314,20,70980
23372,0.001097,172.31.36.0-255,66,29380,20,70980
23373,0.001129,172.31.36.0-255,66,29446,20,70980
23374,0.001284,172.217.194.0-255,1484,30930,20,70980
23375,0.001303,172.217.194.0-255,2902,33832,20,70980
23376,0.001307,172.217.194.0-255,2902,36734,20,70980
23377,0.001316,172.31.36.0-255,66,36800,20,70980
23378,0.00132,172.31.36.0-255,66,36866,20,70980
23379,0.00135,172.31.36.0-255,66,36932,20,70980
23380,0.001374,172.31.36.0-255,66,36998,20,70980
23381,0.001404,172.31.36.0-255,66,37064,20,70980
23382,0.001409,172.217.194.0-255,3602,40666,20,70980
23383,0.001412,172.31.36.0-255,66,40732,20,70980
23384,0.001532,172.217.194.0-255,1484,42216,20,70980
23385,0.001545,172.217.194.0-255,2902,45118,20,70980
23386,0.001549,172.31.36.0-255,66,45184,20,70980
23387,0.001571,172.31.36.0-255,66,45250,20,70980
23388,0.001586,172.217.194.0-255,1484,46734,20,70980
23389,0.001606,172.31.36.0-255,66,46800,20,70980
23390,0.001622,172.217.194.0-255,1484,48284,20,70980
23391,0.001637,172.31.36.0-255,66,48350,20,70980
23392,0.001661,172.31.36.0-255,66,48416,20,70980
23393,0.001665,172.217.194.0-255,2184,50600,20,70980
23394,0.001668,172.31.36.0-255,66,50666,20,70980
23395,0.001707,172.217.194.0-255,2902,53568,20,70980
23396,0.001711,172.31.36.0-255,66,53634,20,70980
23397,0.001714,172.217.194.0-255,1484,55118,20,70980
23398,0.001737,172.31.36.0-255,66,55184,20,70980
23399,0.001784,172.31.36.0-255,66,55250,20,70980
23400,0.001787,172.31.36.0-255,66,55316,20,70980
23401,0.001797,172.217.194.0-255,2902,58218,20,70980
23402,0.001799,172.31.36.0-255,66,58284,20,70980
23403,0.001802,172.217.194.0-255,766,59050,20,70980
23404,0.001897,172.217.194.0-255,1484,60534,20,70980
23405,0.001901,172.31.36.0-255,66,60600,20,70980
23406,0.001906,172.217.194.0-255,2902,63502,20,70980
23407,0.001909,172.31.36.0-255,66,63568,20,70980
23408,0.001918,172.31.36.0-255,66,63634,20,70980
23409,0.001944,172.31.36.0-255,66,63700,20,70980
23410,0.001971,172.31.36.0-255,66,63766,20,70980
23411,0.001979,172.31.36.0-255,66,63832,20,70980
23412,0.001993,172.217.194.0-255,3602,67434,20,70980
23413,0.001995,172.31.36.0-255,66,67500,20,70980
23414,0.002016,172.217.194.0-255,1484,68984,20,70980
23415,0.002075,172.31.36.0-255,66,69050,20,70980
23416,0.002078,172.31.36.0-255,66,69116,20,70980
23417,0.002098,172.31.36.0-255,66,69182,20,70980
23418,0.002113,172.31.36.0-255,66,69248,20,70980
23419,0.002128,172.31.36.0-255,66,69314,20,70980
23420,0.002136,172.31.36.0-255,66,69380,20,70980
23421,0.002169,172.217.194.0-255,1258,70638,20,70980
23422,0.002189,172.217.194.0-255,105,70743,20,70980
23423,0.002202,172.31.36.0-255,66,70809,20,70980
23424,0.009774,172.31.36.0-255,105,70914,20,70980
23425,0.012021,172.217.194.0-255,66,70980,20,70980
23426,0.0,172.31.36.0-255,105,105,20,459
23427,0.000242,172.31.36.0-255,90,195,20,459
23428,0.000253,172.31.36.0-255,66,261,20,459
23429,0.00232,172.217.194.0-255,66,327,20,459
23430,0.002351,172.217.194.0-255,66,393,20,459
23431,0.002376,172.31.36.0-255,66,459,20,459
23432,0.0,74.125.24.0-255,153,153,20,30661
23433,2.2e-05,172.31.36.0-255,66,219,20,30661
23434,2.9e-05,74.125.24.0-255,1484,1703,20,30661
23435,3.4e-05,172.31.36.0-255,66,1769,20,30661
23436,4.7e-05,74.125.24.0-255,2902,4671,20,30661
23437,5.1e-05,172.31.36.0-255,66,4737,20,30661
23438,6.1e-05,172.31.36.0-255,66,4803,20,30661
23439,7e-05,172.31.36.0-255,66,4869,20,30661
23440,9.2e-05,74.125.24.0-255,667,5536,20,30661
23441,9.5e-05,172.31.36.0-255,66,5602,20,30661
23442,0.000669,74.125.24.0-255,1484,7086,20,30661
23443,0.000675,172.31.36.0-255,66,7152,20,30661
23444,0.000685,74.125.24.0-255,2902,10054,20,30661
23445,0.000688,172.31.36.0-255,66,10120,20,30661
23446,0.000704,172.31.36.0-255,66,10186,20,30661
23447,0.000737,172.31.36.0-255,66,10252,20,30661
23448,0.000808,74.125.24.0-255,1484,11736,20,30661
23449,0.000812,172.31.36.0-255,66,11802,20,30661
23450,0.000816,74.125.24.0-255,1484,13286,20,30661
23451,0.000818,172.31.36.0-255,66,13352,20,30661
23452,0.000837,74.125.24.0-255,1484,14836,20,30661
23453,0.000839,172.31.36.0-255,66,14902,20,30661
23454,0.000852,172.31.36.0-255,66,14968,20,30661
23455,0.000885,172.31.36.0-255,66,15034,20,30661
23456,0.00091,172.31.36.0-255,66,15100,20,30661
23457,0.000913,74.125.24.0-255,1484,16584,20,30661
23458,0.000943,172.31.36.0-255,66,16650,20,30661
23459,0.001684,74.125.24.0-255,647,17297,20,30661
23460,0.001874,74.125.24.0-255,1484,18781,20,30661
23461,0.001879,172.31.36.0-255,66,18847,20,30661
23462,0.001885,74.125.24.0-255,2902,21749,20,30661
23463,0.001887,172.31.36.0-255,66,21815,20,30661
23464,0.00192,172.31.36.0-255,66,21881,20,30661
23465,0.001932,172.31.36.0-255,66,21947,20,30661
23466,0.001958,74.125.24.0-255,1484,23431,20,30661
23467,0.001969,172.31.36.0-255,66,23497,20,30661
23468,0.001972,74.125.24.0-255,1484,24981,20,30661
23469,0.001998,74.125.24.0-255,2184,27165,20,30661
23470,0.002,172.31.36.0-255,66,27231,20,30661
23471,0.002385,74.125.24.0-255,1484,28715,20,30661
23472,0.004361,172.31.36.0-255,66,28781,20,30661
23473,0.006708,172.31.36.0-255,66,28847,20,30661
23474,0.00907,172.31.36.0-255,66,28913,20,30661
23475,0.011415,172.31.36.0-255,66,28979,20,30661
23476,0.01377,172.31.36.0-255,66,29045,20,30661
23477,0.016083,172.31.36.0-255,66,29111,20,30661
23478,0.016111,74.125.24.0-255,1484,30595,20,30661
23479,0.018419,172.31.36.0-255,66,30661,20,30661
23480,0.0,172.217.194.0-255,153,153,20,54518
23481,3.1e-05,172.31.36.0-255,66,219,20,54518
23482,3.8e-05,172.217.194.0-255,1484,1703,20,54518
23483,4.1e-05,172.31.36.0-255,66,1769,20,54518
23484,4.5e-05,172.217.194.0-255,2902,4671,20,54518
23485,5.5e-05,172.31.36.0-255,66,4737,20,54518
23486,6.4e-05,172.31.36.0-255,66,4803,20,54518
23487,7.1e-05,172.31.36.0-255,66,4869,20,54518
23488,0.000108,172.31.36.0-255,66,4935,20,54518
23489,0.000123,172.31.36.0-255,66,5001,20,54518
23490,0.000198,172.217.194.0-255,1484,6485,20,54518
23491,0.000202,172.31.36.0-255,66,6551,20,54518
23492,0.000205,172.217.194.0-255,1484,8035,20,54518
23493,0.000207,172.31.36.0-255,66,8101,20,54518
23494,0.000231,172.217.194.0-255,1484,9585,20,54518
23495,0.000235,172.31.36.0-255,66,9651,20,54518
23496,0.000243,172.31.36.0-255,66,9717,20,54518
23497,0.000252,172.31.36.0-255,66,9783,20,54518
23498,0.000295,172.31.36.0-255,66,9849,20,54518
23499,0.000319,172.217.194.0-255,1484,11333,20,54518
23500,0.000322,172.31.36.0-255,66,11399,20,54518
23501,0.000327,172.217.194.0-255,2543,13942,20,54518
23502,0.00033,172.31.36.0-255,66,14008,20,54518
23503,0.000455,172.217.194.0-255,358,14366,20,54518
23504,0.000459,172.31.36.0-255,66,14432,20,54518
23505,0.000487,172.217.194.0-255,385,14817,20,54518
23506,0.00061,172.217.194.0-255,1484,16301,20,54518
23507,0.000614,172.31.36.0-255,66,16367,20,54518
23508,0.000619,172.217.194.0-255,2902,19269,20,54518
23509,0.000622,172.31.36.0-255,66,19335,20,54518
23510,0.00066,172.31.36.0-255,66,19401,20,54518
23511,0.000668,172.31.36.0-255,66,19467,20,54518
23512,0.000702,172.31.36.0-255,66,19533,20,54518
23513,0.000714,172.31.36.0-255,66,19599,20,54518
23514,0.000787,172.31.36.0-255,66,19665,20,54518
23515,0.000799,172.31.36.0-255,66,19731,20,54518
23516,0.000815,172.217.194.0-255,1484,21215,20,54518
23517,0.000832,172.31.36.0-255,66,21281,20,54518
23518,0.000835,172.217.194.0-255,1484,22765,20,54518
23519,0.000867,172.217.194.0-255,2902,25667,20,54518
23520,0.000879,172.31.36.0-255,66,25733,20,54518
23521,0.000906,172.31.36.0-255,66,25799,20,54518
23522,0.000941,172.31.36.0-255,66,25865,20,54518
23523,0.000978,172.31.36.0-255,66,25931,20,54518
23524,0.000984,172.217.194.0-255,1484,27415,20,54518
23525,0.001007,172.217.194.0-255,2902,30317,20,54518
23526,0.00101,172.31.36.0-255,66,30383,20,54518
23527,0.001023,172.31.36.0-255,66,30449,20,54518
23528,0.001052,172.31.36.0-255,66,30515,20,54518
23529,0.00108,172.31.36.0-255,66,30581,20,54518
23530,0.001086,172.31.36.0-255,66,30647,20,54518
23531,0.001125,172.31.36.0-255,66,30713,20,54518
23532,0.001134,172.217.194.0-255,2902,33615,20,54518
23533,0.001139,172.31.36.0-255,66,33681,20,54518
23534,0.001152,172.31.36.0-255,66,33747,20,54518
23535,0.001184,172.31.36.0-255,66,33813,20,54518
23536,0.001222,172.31.36.0-255,66,33879,20,54518
23537,0.001257,172.31.36.0-255,66,33945,20,54518
23538,0.001262,172.31.36.0-255,66,34011,20,54518
23539,0.001287,172.31.36.0-255,66,34077,20,54518
23540,0.001303,172.31.36.0-255,66,34143,20,54518
23541,0.001342,172.31.36.0-255,66,34209,20,54518
23542,0.001363,172.31.36.0-255,66,34275,20,54518
23543,0.001428,172.31.36.0-255,66,34341,20,54518
23544,0.001471,172.217.194.0-255,1484,35825,20,54518
23545,0.00149,172.217.194.0-255,2902,38727,20,54518
23546,0.001503,172.31.36.0-255,66,38793,20,54518
23547,0.001509,172.217.194.0-255,1484,40277,20,54518
23548,0.001551,172.31.36.0-255,66,40343,20,54518
23549,0.001556,172.31.36.0-255,66,40409,20,54518
23550,0.001562,172.217.194.0-255,1484,41893,20,54518
23551,0.001596,172.217.194.0-255,2184,44077,20,54518
23552,0.001599,172.217.194.0-255,1484,45561,20,54518
23553,0.001604,172.31.36.0-255,66,45627,20,54518
23554,0.00161,172.217.194.0-255,1484,47111,20,54518
23555,0.001654,172.31.36.0-255,66,47177,20,54518
23556,0.001682,172.217.194.0-255,2902,50079,20,54518
23557,0.001697,172.217.194.0-255,2902,52981,20,54518
23558,0.00176,172.217.194.0-255,1195,54176,20,54518
23559,0.001763,172.217.194.0-255,105,54281,20,54518
23560,0.004806,172.31.36.0-255,66,54347,20,54518
23561,0.006727,172.31.36.0-255,105,54452,20,54518
23562,0.008985,172.217.194.0-255,66,54518,20,54518
23563,0.0,74.125.68.0-255,153,153,20,47705
23564,2.6e-05,172.31.36.0-255,66,219,20,47705
23565,3.3e-05,74.125.68.0-255,1484,1703,20,47705
23566,3.8e-05,172.31.36.0-255,66,1769,20,47705
23567,4.1e-05,74.125.68.0-255,1484,3253,20,47705
23568,4.3e-05,172.31.36.0-255,66,3319,20,47705
23569,6.8e-05,74.125.68.0-255,2902,6221,20,47705
23570,7.1e-05,172.31.36.0-255,66,6287,20,47705
23571,8.1e-05,172.31.36.0-255,66,6353,20,47705
23572,0.000101,74.125.68.0-255,1987,8340,20,47705
23573,0.000103,172.31.36.0-255,66,8406,20,47705
23574,0.000419,74.125.68.0-255,1484,9890,20,47705
23575,0.000425,172.31.36.0-255,66,9956,20,47705
23576,0.000432,74.125.68.0-255,2902,12858,20,47705
23577,0.000435,172.31.36.0-255,66,12924,20,47705
23578,0.000438,74.125.68.0-255,1484,14408,20,47705
23579,0.00044,172.31.36.0-255,66,14474,20,47705
23580,0.000462,74.125.68.0-255,1484,15958,20,47705
23581,0.000464,172.31.36.0-255,66,16024,20,47705
23582,0.000471,172.31.36.0-255,66,16090,20,47705
23583,0.000509,172.31.36.0-255,66,16156,20,47705
23584,0.000529,74.125.68.0-255,2543,18699,20,47705
23585,0.000532,172.31.36.0-255,66,18765,20,47705
23586,0.000543,172.31.36.0-255,66,18831,20,47705
23587,0.000583,172.31.36.0-255,66,18897,20,47705
23588,0.000605,172.31.36.0-255,66,18963,20,47705
23589,0.000638,172.31.36.0-255,66,19029,20,47705
23590,0.000641,74.125.68.0-255,398,19427,20,47705
23591,0.000673,74.125.68.0-255,114,19541,20,47705
23592,0.000712,74.125.68.0-255,1484,21025,20,47705
23593,0.000716,172.31.36.0-255,66,21091,20,47705
23594,0.000722,74.125.68.0-255,2902,23993,20,47705
23595,0.000724,172.31.36.0-255,66,24059,20,47705
23596,0.000757,172.31.36.0-255,66,24125,20,47705
23597,0.000761,74.125.68.0-255,2902,27027,20,47705
23598,0.000763,172.31.36.0-255,66,27093,20,47705
23599,0.000795,172.31.36.0-255,66,27159,20,47705
23600,0.000818,172.31.36.0-255,66,27225,20,47705
23601,0.000822,74.125.68.0-255,2902,30127,20,47705
23602,0.000825,172.31.36.0-255,66,30193,20,47705
23603,0.000847,172.31.36.0-255,66,30259,20,47705
23604,0.001567,74.125.68.0-255,330,30589,20,47705
23605,0.001697,74.125.68.0-255,1484,32073,20,47705
23606,0.001701,172.31.36.0-255,66,32139,20,47705
23607,0.001705,74.125.68.0-255,1484,33623,20,47705
23608,0.001718,74.125.68.0-255,1484,35107,20,47705
23609,0.001721,172.31.36.0-255,66,35173,20,47705
23610,0.001724,74.125.68.0-255,1484,36657,20,47705
23611,0.001741,74.125.68.0-255,2902,39559,20,47705
23612,0.001744,172.31.36.0-255,66,39625,20,47705
23613,0.001752,172.31.36.0-255,66,39691,20,47705
23614,0.001785,172.31.36.0-255,66,39757,20,47705
23615,0.001821,74.125.68.0-255,1484,41241,20,47705
23616,0.001852,172.31.36.0-255,66,41307,20,47705
23617,0.004088,172.31.36.0-255,66,41373,20,47705
23618,0.006331,172.31.36.0-255,66,41439,20,47705
23619,0.008579,172.31.36.0-255,66,41505,20,47705
23620,0.01082,172.31.36.0-255,66,41571,20,47705
23621,0.013079,172.31.36.0-255,66,41637,20,47705
23622,0.015337,172.31.36.0-255,66,41703,20,47705
23623,0.017577,172.31.36.0-255,66,41769,20,47705
23624,0.01982,74.125.68.0-255,2902,44671,20,47705
23625,0.019829,172.31.36.0-255,66,44737,20,47705
23626,0.019857,74.125.68.0-255,2902,47639,20,47705
23627,0.01986,172.31.36.0-255,66,47705,20,47705
23628,0.0,74.125.68.0-255,153,153,20,100953
23629,1.6e-05,172.31.36.0-255,66,219,20,100953
23630,2.2e-05,74.125.68.0-255,1484,1703,20,100953
23631,2.7e-05,172.31.36.0-255,66,1769,20,100953
23632,3.3e-05,74.125.68.0-255,2902,4671,20,100953
23633,3.7e-05,172.31.36.0-255,66,4737,20,100953
23634,6.8e-05,172.31.36.0-255,66,4803,20,100953
23635,7.1e-05,74.125.68.0-255,1484,6287,20,100953
23636,7.3e-05,172.31.36.0-255,66,6353,20,100953
23637,9.2e-05,74.125.68.0-255,3484,9837,20,100953
23638,9.5e-05,172.31.36.0-255,66,9903,20,100953
23639,0.000273,74.125.68.0-255,1484,11387,20,100953
23640,0.000278,172.31.36.0-255,66,11453,20,100953
23641,0.000326,74.125.68.0-255,1484,12937,20,100953
23642,0.000328,172.31.36.0-255,66,13003,20,100953
23643,0.000333,74.125.68.0-255,2902,15905,20,100953
23644,0.000336,172.31.36.0-255,66,15971,20,100953
23645,0.000352,74.125.68.0-255,1484,17455,20,100953
23646,0.000355,172.31.36.0-255,66,17521,20,100953
23647,0.000387,74.125.68.0-255,2902,20423,20,100953
23648,0.00039,172.31.36.0-255,66,20489,20,100953
23649,0.0004,172.31.36.0-255,66,20555,20,100953
23650,0.000403,74.125.68.0-255,1125,21680,20,100953
23651,0.000405,172.31.36.0-255,66,21746,20,100953
23652,0.000516,74.125.68.0-255,1484,23230,20,100953
23653,0.00052,172.31.36.0-255,66,23296,20,100953
23654,0.000526,74.125.68.0-255,2902,26198,20,100953
23655,0.000529,172.31.36.0-255,66,26264,20,100953
23656,0.000544,74.125.68.0-255,1484,27748,20,100953
23657,0.000547,172.31.36.0-255,66,27814,20,100953
23658,0.000566,172.31.36.0-255,66,27880,20,100953
23659,0.000598,172.31.36.0-255,66,27946,20,100953
23660,0.000601,74.125.68.0-255,1484,29430,20,100953
23661,0.000616,74.125.68.0-255,1484,30914,20,100953
23662,0.000618,172.31.36.0-255,66,30980,20,100953
23663,0.000626,172.31.36.0-255,66,31046,20,100953
23664,0.000651,172.31.36.0-255,66,31112,20,100953
23665,0.000671,74.125.68.0-255,1484,32596,20,100953
23666,0.000674,74.125.68.0-255,1125,33721,20,100953
23667,0.000676,172.31.36.0-255,66,33787,20,100953
23668,0.000679,74.125.68.0-255,429,34216,20,100953
23669,0.000962,74.125.68.0-255,345,34561,20,100953
23670,0.001156,172.31.36.0-255,66,34627,20,100953
23671,0.001202,74.125.68.0-255,1484,36111,20,100953
23672,0.001217,74.125.68.0-255,2902,39013,20,100953
23673,0.001221,172.31.36.0-255,66,39079,20,100953
23674,0.001248,172.31.36.0-255,66,39145,20,100953
23675,0.001265,74.125.68.0-255,2902,42047,20,100953
23676,0.001267,172.31.36.0-255,66,42113,20,100953
23677,0.0013,172.31.36.0-255,66,42179,20,100953
23678,0.001311,172.31.36.0-255,66,42245,20,100953
23679,0.001315,74.125.68.0-255,2902,45147,20,100953
23680,0.001317,172.31.36.0-255,66,45213,20,100953
23681,0.001337,74.125.68.0-255,2184,47397,20,100953
23682,0.001339,172.31.36.0-255,66,47463,20,100953
23683,0.002055,74.125.68.0-255,1484,48947,20,100953
23684,0.002065,74.125.68.0-255,1484,50431,20,100953
23685,0.00207,172.31.36.0-255,66,50497,20,100953
23686,0.003381,74.125.68.0-255,2902,53399,20,100953
23687,0.003388,172.31.36.0-255,66,53465,20,100953
23688,0.00411,74.125.68.0-255,2902,56367,20,100953
23689,0.004112,172.31.36.0-255,66,56433,20,100953
23690,0.005431,74.125.68.0-255,2902,59335,20,100953
23691,0.005437,172.31.36.0-255,66,59401,20,100953
23692,0.006143,74.125.68.0-255,2902,62303,20,100953
23693,0.006146,172.31.36.0-255,66,62369,20,100953
23694,0.007469,74.125.68.0-255,2902,65271,20,100953
23695,0.007474,172.31.36.0-255,66,65337,20,100953
23696,0.00819,74.125.68.0-255,2902,68239,20,100953
23697,0.008196,172.31.36.0-255,66,68305,20,100953
23698,0.009521,74.125.68.0-255,2902,71207,20,100953
23699,0.009529,172.31.36.0-255,66,71273,20,100953
23700,0.01023,74.125.68.0-255,2902,74175,20,100953
23701,0.010238,172.31.36.0-255,66,74241,20,100953
23702,0.011575,74.125.68.0-255,2902,77143,20,100953
23703,0.011582,172.31.36.0-255,66,77209,20,100953
23704,0.012284,74.125.68.0-255,2902,80111,20,100953
23705,0.012291,172.31.36.0-255,66,80177,20,100953
23706,0.013632,74.125.68.0-255,2902,83079,20,100953
23707,0.013639,172.31.36.0-255,66,83145,20,100953
23708,0.014339,74.125.68.0-255,2902,86047,20,100953
23709,0.014347,172.31.36.0-255,66,86113,20,100953
23710,0.015686,74.125.68.0-255,2902,89015,20,100953
23711,0.015693,172.31.36.0-255,66,89081,20,100953
23712,0.016416,74.125.68.0-255,2902,91983,20,100953
23713,0.016424,172.31.36.0-255,66,92049,20,100953
23714,0.017732,74.125.68.0-255,2902,94951,20,100953
23715,0.01774,172.31.36.0-255,66,95017,20,100953
23716,0.018474,74.125.68.0-255,2902,97919,20,100953
23717,0.018482,172.31.36.0-255,66,97985,20,100953
23718,0.019791,74.125.68.0-255,2902,100887,20,100953
23719,0.019798,172.31.36.0-255,66,100953,20,100953
23720,0.0,74.125.24.0-255,153,153,20,13743
23721,1e-05,172.31.36.0-255,66,219,20,13743
23722,1.6e-05,74.125.24.0-255,1484,1703,20,13743
23723,2e-05,172.31.36.0-255,66,1769,20,13743
23724,2.6e-05,74.125.24.0-255,2902,4671,20,13743
23725,3.7e-05,172.31.36.0-255,66,4737,20,13743
23726,6.5e-05,172.31.36.0-255,66,4803,20,13743
23727,0.00013,74.125.24.0-255,2037,6840,20,13743
23728,0.000133,172.31.36.0-255,66,6906,20,13743
23729,0.000162,172.31.36.0-255,66,6972,20,13743
23730,0.000276,172.31.36.0-255,66,7038,20,13743
23731,0.000333,172.31.36.0-255,66,7104,20,13743
23732,0.000383,172.31.36.0-255,66,7170,20,13743
23733,0.000408,172.31.36.0-255,66,7236,20,13743
23734,0.000532,172.31.36.0-255,66,7302,20,13743
23735,0.00057,172.31.36.0-255,66,7368,20,13743
23736,0.000684,172.31.36.0-255,66,7434,20,13743
23737,0.000715,172.31.36.0-255,66,7500,20,13743
23738,0.000863,172.31.36.0-255,66,7566,20,13743
23739,0.000883,74.125.24.0-255,3866,11432,20,13743
23740,0.000886,172.31.36.0-255,66,11498,20,13743
23741,0.001082,172.31.36.0-255,66,11564,20,13743
23742,0.001278,74.125.24.0-255,1484,13048,20,13743
23743,0.001283,172.31.36.0-255,101,13149,20,13743
23744,0.001359,172.31.36.0-255,66,13215,20,13743
23745,0.00163,172.31.36.0-255,66,13281,20,13743
23746,0.001718,172.31.36.0-255,66,13347,20,13743
23747,0.003804,74.125.24.0-255,66,13413,20,13743
23748,0.006598,172.31.36.0-255,66,13479,20,13743
23749,0.008947,172.31.36.0-255,66,13545,20,13743
23750,0.011289,172.31.36.0-255,66,13611,20,13743
23751,0.013651,172.31.36.0-255,66,13677,20,13743
23752,0.017897,172.31.36.0-255,66,13743,20,13743
23753,0.0,172.217.194.0-255,146,146,20,44274
23754,2.8e-05,172.31.36.0-255,66,212,20,44274
23755,3.5e-05,172.217.194.0-255,1484,1696,20,44274
23756,4e-05,172.31.36.0-255,66,1762,20,44274
23757,4.5e-05,172.217.194.0-255,2902,4664,20,44274
23758,5.6e-05,172.31.36.0-255,66,4730,20,44274
23759,6.5e-05,172.31.36.0-255,66,4796,20,44274
23760,9.4e-05,172.217.194.0-255,2902,7698,20,44274
23761,9.7e-05,172.31.36.0-255,66,7764,20,44274
23762,0.000133,172.31.36.0-255,66,7830,20,44274
23763,0.000142,172.31.36.0-255,66,7896,20,44274
23764,0.000158,172.31.36.0-255,66,7962,20,44274
23765,0.000183,172.217.194.0-255,2184,10146,20,44274
23766,0.000186,172.31.36.0-255,66,10212,20,44274
23767,0.000227,172.217.194.0-255,1484,11696,20,44274
23768,0.00023,172.31.36.0-255,66,11762,20,44274
23769,0.000233,172.217.194.0-255,1484,13246,20,44274
23770,0.000235,172.31.36.0-255,66,13312,20,44274
23771,0.000268,172.217.194.0-255,1484,14796,20,44274
23772,0.000271,172.31.36.0-255,66,14862,20,44274
23773,0.00028,172.31.36.0-255,66,14928,20,44274
23774,0.000283,172.217.194.0-255,1484,16412,20,44274
23775,0.000284,172.31.36.0-255,66,16478,20,44274
23776,0.000325,172.31.36.0-255,66,16544,20,44274
23777,0.000333,172.31.36.0-255,66,16610,20,44274
23778,0.000365,172.217.194.0-255,1484,18094,20,44274
23779,0.000378,172.31.36.0-255,66,18160,20,44274
23780,0.000408,172.31.36.0-255,66,18226,20,44274
23781,0.000417,172.31.36.0-255,66,18292,20,44274
23782,0.000446,172.31.36.0-255,66,18358,20,44274
23783,0.000477,172.31.36.0-255,66,18424,20,44274
23784,0.000505,172.31.36.0-255,66,18490,20,44274
23785,0.000745,172.217.194.0-255,1484,19974,20,44274
23786,0.000759,172.217.194.0-255,2902,22876,20,44274
23787,0.000762,172.31.36.0-255,66,22942,20,44274
23788,0.000805,172.31.36.0-255,66,23008,20,44274
23789,0.000836,172.31.36.0-255,66,23074,20,44274
23790,0.000844,172.217.194.0-255,2902,25976,20,44274
23791,0.000847,172.31.36.0-255,66,26042,20,44274
23792,0.000875,172.31.36.0-255,66,26108,20,44274
23793,0.000883,172.31.36.0-255,66,26174,20,44274
23794,0.000909,172.217.194.0-255,3602,29776,20,44274
23795,0.000913,172.31.36.0-255,66,29842,20,44274
23796,0.001135,172.217.194.0-255,1484,31326,20,44274
23797,0.001141,172.217.194.0-255,2902,34228,20,44274
23798,0.001144,172.31.36.0-255,66,34294,20,44274
23799,0.001169,172.31.36.0-255,66,34360,20,44274
23800,0.001204,172.31.36.0-255,66,34426,20,44274
23801,0.001211,172.31.36.0-255,66,34492,20,44274
23802,0.001251,172.31.36.0-255,66,34558,20,44274
23803,0.00126,172.31.36.0-255,66,34624,20,44274
23804,0.001294,172.31.36.0-255,66,34690,20,44274
23805,0.001349,172.31.36.0-255,66,34756,20,44274
23806,0.001372,172.217.194.0-255,2184,36940,20,44274
23807,0.001375,172.31.36.0-255,66,37006,20,44274
23808,0.001424,172.217.194.0-255,1484,38490,20,44274
23809,0.001442,172.217.194.0-255,2902,41392,20,44274
23810,0.001445,172.31.36.0-255,66,41458,20,44274
23811,0.001449,172.217.194.0-255,1484,42942,20,44274
23812,0.001471,172.31.36.0-255,66,43008,20,44274
23813,0.00148,172.31.36.0-255,66,43074,20,44274
23814,0.001526,172.31.36.0-255,66,43140,20,44274
23815,0.001534,172.31.36.0-255,66,43206,20,44274
23816,0.001586,172.31.36.0-255,66,43272,20,44274
23817,0.001626,172.31.36.0-255,66,43338,20,44274
23818,0.001643,172.31.36.0-255,66,43404,20,44274
23819,0.001655,172.31.36.0-255,66,43470,20,44274
23820,0.001708,172.31.36.0-255,66,43536,20,44274
23821,0.001762,172.31.36.0-255,66,43602,20,44274
23822,0.001778,172.31.36.0-255,66,43668,20,44274
23823,0.001821,172.31.36.0-255,66,43734,20,44274
23824,0.001841,172.31.36.0-255,66,43800,20,44274
23825,0.00185,172.31.36.0-255,66,43866,20,44274
23826,0.001882,172.31.36.0-255,66,43932,20,44274
23827,0.001885,172.217.194.0-255,105,44037,20,44274
23828,0.007949,172.31.36.0-255,66,44103,20,44274
23829,0.007978,172.31.36.0-255,105,44208,20,44274
23830,0.010223,172.217.194.0-255,66,44274,20,44274
23831,0.0,74.125.200.0-255,146,146,20,159958
23832,2.2e-05,172.31.36.0-255,66,212,20,159958
23833,7.6e-05,74.125.200.0-255,1484,1696,20,159958
23834,8.1e-05,172.31.36.0-255,66,1762,20,159958
23835,8.5e-05,74.125.200.0-255,1484,3246,20,159958
23836,8.7e-05,172.31.36.0-255,66,3312,20,159958
23837,0.00011,74.125.200.0-255,2902,6214,20,159958
23838,0.000117,172.31.36.0-255,66,6280,20,159958
23839,0.000128,172.31.36.0-255,66,6346,20,159958
23840,0.000159,172.31.36.0-255,66,6412,20,159958
23841,0.000168,172.31.36.0-255,66,6478,20,159958
23842,0.00018,74.125.200.0-255,1484,7962,20,159958
23843,0.000183,172.31.36.0-255,66,8028,20,159958
23844,0.000222,172.31.36.0-255,66,8094,20,159958
23845,0.000354,74.125.200.0-255,1484,9578,20,159958
23846,0.000358,172.31.36.0-255,66,9644,20,159958
23847,0.000383,74.125.200.0-255,2902,12546,20,159958
23848,0.000385,172.31.36.0-255,66,12612,20,159958
23849,0.000414,74.125.200.0-255,1484,14096,20,159958
23850,0.000417,172.31.36.0-255,66,14162,20,159958
23851,0.000422,74.125.200.0-255,2902,17064,20,159958
23852,0.000425,172.31.36.0-255,66,17130,20,159958
23853,0.000434,74.125.200.0-255,2902,20032,20,159958
23854,0.000437,172.31.36.0-255,66,20098,20,159958
23855,0.000467,74.125.200.0-255,2902,23000,20,159958
23856,0.00047,172.31.36.0-255,66,23066,20,159958
23857,0.000474,74.125.200.0-255,2543,25609,20,159958
23858,0.000476,172.31.36.0-255,66,25675,20,159958
23859,0.000502,74.125.200.0-255,1484,27159,20,159958
23860,0.000507,74.125.200.0-255,2902,30061,20,159958
23861,0.00051,172.31.36.0-255,66,30127,20,159958
23862,0.000538,172.31.36.0-255,66,30193,20,159958
23863,0.000541,74.125.200.0-255,1484,31677,20,159958
23864,0.000566,74.125.200.0-255,2902,34579,20,159958
23865,0.000569,172.31.36.0-255,66,34645,20,159958
23866,0.000595,74.125.200.0-255,2885,37530,20,159958
23867,0.000597,172.31.36.0-255,66,37596,20,159958
23868,0.000675,74.125.200.0-255,1484,39080,20,159958
23869,0.000693,74.125.200.0-255,1484,40564,20,159958
23870,0.000696,172.31.36.0-255,66,40630,20,159958
23871,0.000723,74.125.200.0-255,2902,43532,20,159958
23872,0.000726,172.31.36.0-255,66,43598,20,159958
23873,0.000737,172.31.36.0-255,66,43664,20,159958
23874,0.00074,74.125.200.0-255,1484,45148,20,159958
23875,0.000743,74.125.200.0-255,1484,46632,20,159958
23876,0.000745,172.31.36.0-255,66,46698,20,159958
23877,0.00077,74.125.200.0-255,1484,48182,20,159958
23878,0.000803,74.125.200.0-255,2902,51084,20,159958
23879,0.000806,172.31.36.0-255,66,51150,20,159958
23880,0.000827,74.125.200.0-255,1484,52634,20,159958
23881,0.000846,74.125.200.0-255,2902,55536,20,159958
23882,0.000849,172.31.36.0-255,66,55602,20,159958
23883,0.000875,74.125.200.0-255,2902,58504,20,159958
23884,0.000878,172.31.36.0-255,66,58570,20,159958
23885,0.000888,172.31.36.0-255,66,58636,20,159958
23886,0.000891,74.125.200.0-255,766,59402,20,159958
23887,0.00098,74.125.200.0-255,345,59747,20,159958
23888,0.001061,74.125.200.0-255,1484,61231,20,159958
23889,0.001064,172.31.36.0-255,66,61297,20,159958
23890,0.00107,74.125.200.0-255,2902,64199,20,159958
23891,0.001071,172.31.36.0-255,66,64265,20,159958
23892,0.001103,172.31.36.0-255,66,64331,20,159958
23893,0.001108,74.125.200.0-255,2902,67233,20,159958
23894,0.001111,172.31.36.0-255,66,67299,20,159958
23895,0.001144,74.125.200.0-255,1484,68783,20,159958
23896,0.001177,172.31.36.0-255,66,68849,20,159958
23897,0.001191,172.31.36.0-255,66,68915,20,159958
23898,0.001332,74.125.200.0-255,1484,70399,20,159958
23899,0.001338,74.125.200.0-255,2902,73301,20,159958
23900,0.001341,172.31.36.0-255,66,73367,20,159958
23901,0.001352,74.125.200.0-255,1484,74851,20,159958
23902,0.00136,74.125.200.0-255,2902,77753,20,159958
23903,0.001363,172.31.36.0-255,66,77819,20,159958
23904,0.001387,172.31.36.0-255,66,77885,20,159958
23905,0.001435,172.31.36.0-255,66,77951,20,159958
23906,0.001476,172.31.36.0-255,66,78017,20,159958
23907,0.00157,74.125.200.0-255,1484,79501,20,159958
23908,0.001575,74.125.200.0-255,1484,80985,20,159958
23909,0.001577,172.31.36.0-255,66,81051,20,159958
23910,0.001595,74.125.200.0-255,1484,82535,20,159958
23911,0.001604,172.31.36.0-255,66,82601,20,159958
23912,0.001633,172.31.36.0-255,66,82667,20,159958
23913,0.001656,74.125.200.0-255,2902,85569,20,159958
23914,0.001658,172.31.36.0-255,66,85635,20,159958
23915,0.001671,74.125.200.0-255,2902,88537,20,159958
23916,0.001677,172.31.36.0-255,66,88603,20,159958
23917,0.001709,74.125.200.0-255,1484,90087,20,159958
23918,0.001729,74.125.200.0-255,2902,92989,20,159958
23919,0.001732,172.31.36.0-255,66,93055,20,159958
23920,0.00177,74.125.200.0-255,1484,94539,20,159958
23921,0.001775,74.125.200.0-255,2902,97441,20,159958
23922,0.001778,172.31.36.0-255,66,97507,20,159958
23923,0.00182,172.31.36.0-255,66,97573,20,159958
23924,0.002017,74.125.200.0-255,1484,99057,20,159958
23925,0.002035,74.125.200.0-255,2902,101959,20,159958
23926,0.002039,172.31.36.0-255,66,102025,20,159958
23927,0.002062,172.31.36.0-255,66,102091,20,159958
23928,0.002065,74.125.200.0-255,1484,103575,20,159958
23929,0.002102,172.31.36.0-255,66,103641,20,159958
23930,0.002112,172.31.36.0-255,66,103707,20,159958
23931,0.002128,172.31.36.0-255,66,103773,20,159958
23932,0.002148,74.125.200.0-255,1484,105257,20,159958
23933,0.002163,74.125.200.0-255,766,106023,20,159958
23934,0.002166,172.31.36.0-255,66,106089,20,159958
23935,0.002288,74.125.200.0-255,1484,107573,20,159958
23936,0.002304,74.125.200.0-255,2902,110475,20,159958
23937,0.002309,172.31.36.0-255,66,110541,20,159958
23938,0.002312,74.125.200.0-255,1484,112025,20,159958
23939,0.002334,74.125.200.0-255,2902,114927,20,159958
23940,0.002337,172.31.36.0-255,66,114993,20,159958
23941,0.002353,172.31.36.0-255,66,115059,20,159958
23942,0.002357,74.125.200.0-255,1484,116543,20,159958
23943,0.002386,172.31.36.0-255,66,116609,20,159958
23944,0.002417,172.31.36.0-255,66,116675,20,159958
23945,0.00242,74.125.200.0-255,1484,118159,20,159958
23946,0.002423,74.125.200.0-255,1484,119643,20,159958
23947,0.002425,172.31.36.0-255,66,119709,20,159958
23948,0.002428,74.125.200.0-255,1484,121193,20,159958
23949,0.002468,172.31.36.0-255,66,121259,20,159958
23950,0.002505,172.31.36.0-255,66,121325,20,159958
23951,0.002514,172.31.36.0-255,66,121391,20,159958
23952,0.002527,172.31.36.0-255,66,121457,20,159958
23953,0.00254,74.125.200.0-255,1484,122941,20,159958
23954,0.00257,172.31.36.0-255,66,123007,20,159958
23955,0.00258,172.31.36.0-255,66,123073,20,159958
23956,0.002595,74.125.200.0-255,766,123839,20,159958
23957,0.002658,74.125.200.0-255,1484,125323,20,159958
23958,0.002662,172.31.36.0-255,66,125389,20,159958
23959,0.00267,172.31.36.0-255,66,125455,20,159958
23960,0.002678,172.31.36.0-255,66,125521,20,159958
23961,0.002682,74.125.200.0-255,2902,128423,20,159958
23962,0.002684,172.31.36.0-255,66,128489,20,159958
23963,0.002687,74.125.200.0-255,1484,129973,20,159958
23964,0.002716,74.125.200.0-255,1484,131457,20,159958
23965,0.002718,172.31.36.0-255,66,131523,20,159958
23966,0.002723,74.125.200.0-255,2902,134425,20,159958
23967,0.002726,172.31.36.0-255,66,134491,20,159958
23968,0.002757,172.31.36.0-255,66,134557,20,159958
23969,0.002761,74.125.200.0-255,1484,136041,20,159958
23970,0.00277,172.31.36.0-255,66,136107,20,159958
23971,0.002797,74.125.200.0-255,1484,137591,20,159958
23972,0.002802,74.125.200.0-255,2902,140493,20,159958
23973,0.002804,172.31.36.0-255,66,140559,20,159958
23974,0.002829,172.31.36.0-255,66,140625,20,159958
23975,0.002854,74.125.200.0-255,1484,142109,20,159958
23976,0.002859,74.125.200.0-255,2902,145011,20,159958
23977,0.002861,172.31.36.0-255,66,145077,20,159958
23978,0.002866,74.125.200.0-255,2902,147979,20,159958
23979,0.002868,172.31.36.0-255,66,148045,20,159958
23980,0.002904,172.31.36.0-255,66,148111,20,159958
23981,0.002912,172.31.36.0-255,66,148177,20,159958
23982,0.002916,74.125.200.0-255,2902,151079,20,159958
23983,0.002921,172.31.36.0-255,66,151145,20,159958
23984,0.002945,74.125.200.0-255,2902,154047,20,159958
23985,0.002956,74.125.200.0-255,1484,155531,20,159958
23986,0.002984,74.125.200.0-255,2902,158433,20,159958
23987,0.002987,74.125.200.0-255,1183,159616,20,159958
23988,0.00299,74.125.200.0-255,105,159721,20,159958
23989,0.007317,172.31.36.0-255,66,159787,20,159958
23990,0.009642,172.31.36.0-255,105,159892,20,159958
23991,0.011944,74.125.200.0-255,66,159958,20,159958
23992,0.0,172.217.194.0-255,153,153,20,80634
23993,2.4e-05,172.31.36.0-255,66,219,20,80634
23994,3e-05,172.217.194.0-255,1484,1703,20,80634
23995,3.4e-05,172.31.36.0-255,66,1769,20,80634
23996,3.8e-05,172.217.194.0-255,2902,4671,20,80634
23997,4e-05,172.31.36.0-255,66,4737,20,80634
23998,4.9e-05,172.31.36.0-255,66,4803,20,80634
23999,6.5e-05,172.217.194.0-255,2010,6813,20,80634
24000,6.7e-05,172.31.36.0-255,66,6879,20,80634
24001,0.00016,172.217.194.0-255,1484,8363,20,80634
24002,0.000163,172.31.36.0-255,66,8429,20,80634
24003,0.000168,172.217.194.0-255,2902,11331,20,80634
24004,0.00017,172.31.36.0-255,66,11397,20,80634
24005,0.000172,172.217.194.0-255,1484,12881,20,80634
24006,0.000174,172.31.36.0-255,66,12947,20,80634
24007,0.000196,172.31.36.0-255,66,13013,20,80634
24008,0.000207,172.217.194.0-255,1484,14497,20,80634
24009,0.000209,172.31.36.0-255,66,14563,20,80634
24010,0.000237,172.31.36.0-255,66,14629,20,80634
24011,0.000244,172.31.36.0-255,66,14695,20,80634
24012,0.000266,172.31.36.0-255,66,14761,20,80634
24013,0.000278,172.217.194.0-255,3961,18722,20,80634
24014,0.000281,172.31.36.0-255,66,18788,20,80634
24015,0.000305,172.217.194.0-255,2902,21690,20,80634
24016,0.000307,172.31.36.0-255,66,21756,20,80634
24017,0.000319,172.217.194.0-255,1484,23240,20,80634
24018,0.000321,172.31.36.0-255,66,23306,20,80634
24019,0.00033,172.31.36.0-255,66,23372,20,80634
24020,0.000355,172.217.194.0-255,1484,24856,20,80634
24021,0.000375,172.31.36.0-255,66,24922,20,80634
24022,0.000392,172.217.194.0-255,2902,27824,20,80634
24023,0.000395,172.31.36.0-255,66,27890,20,80634
24024,0.000422,172.31.36.0-255,66,27956,20,80634
24025,0.000448,172.31.36.0-255,66,28022,20,80634
24026,0.000472,172.217.194.0-255,3961,31983,20,80634
24027,0.000475,172.31.36.0-255,66,32049,20,80634
24028,0.000487,172.31.36.0-255,66,32115,20,80634
24029,0.000509,172.217.194.0-255,2543,34658,20,80634
24030,0.000512,172.31.36.0-255,66,34724,20,80634
24031,0.000624,172.217.194.0-255,1484,36208,20,80634
24032,0.00063,172.217.194.0-255,2902,39110,20,80634
24033,0.000632,172.31.36.0-255,66,39176,20,80634
24034,0.000655,172.31.36.0-255,66,39242,20,80634
24035,0.000673,172.31.36.0-255,66,39308,20,80634
24036,0.000694,172.31.36.0-255,66,39374,20,80634
24037,0.000716,172.217.194.0-255,1484,40858,20,80634
24038,0.000738,172.31.36.0-255,66,40924,20,80634
24039,0.000765,172.31.36.0-255,66,40990,20,80634
24040,0.000785,172.217.194.0-255,2902,43892,20,80634
24041,0.000788,172.31.36.0-255,66,43958,20,80634
24042,0.000796,172.31.36.0-255,66,44024,20,80634
24043,0.000815,172.31.36.0-255,66,44090,20,80634
24044,0.000819,172.217.194.0-255,2902,46992,20,80634
24045,0.000821,172.31.36.0-255,66,47058,20,80634
24046,0.000841,172.217.194.0-255,766,47824,20,80634
24047,0.001094,172.217.194.0-255,1484,49308,20,80634
24048,0.001099,172.31.36.0-255,66,49374,20,80634
24049,0.001111,172.217.194.0-255,2902,52276,20,80634
24050,0.001113,172.31.36.0-255,66,52342,20,80634
24051,0.001117,172.217.194.0-255,1484,53826,20,80634
24052,0.001145,172.31.36.0-255,66,53892,20,80634
24053,0.001149,172.217.194.0-255,1484,55376,20,80634
24054,0.001157,172.31.36.0-255,66,55442,20,80634
24055,0.001185,172.31.36.0-255,66,55508,20,80634
24056,0.00122,172.31.36.0-255,66,55574,20,80634
24057,0.00133,172.217.194.0-255,1484,57058,20,80634
24058,0.001335,172.217.194.0-255,2902,59960,20,80634
24059,0.001338,172.31.36.0-255,66,60026,20,80634
24060,0.001362,172.31.36.0-255,66,60092,20,80634
24061,0.001371,172.31.36.0-255,66,60158,20,80634
24062,0.00139,172.31.36.0-255,66,60224,20,80634
24063,0.001402,172.31.36.0-255,66,60290,20,80634
24064,0.001428,172.217.194.0-255,2184,62474,20,80634
24065,0.001432,172.31.36.0-255,66,62540,20,80634
24066,0.001604,172.217.194.0-255,1484,64024,20,80634
24067,0.001608,172.217.194.0-255,2902,66926,20,80634
24068,0.001611,172.31.36.0-255,66,66992,20,80634
24069,0.001646,172.31.36.0-255,66,67058,20,80634
24070,0.001653,172.31.36.0-255,66,67124,20,80634
24071,0.00169,172.31.36.0-255,66,67190,20,80634
24072,0.001702,172.217.194.0-255,2902,70092,20,80634
24073,0.001705,172.31.36.0-255,66,70158,20,80634
24074,0.001716,172.31.36.0-255,66,70224,20,80634
24075,0.001768,172.217.194.0-255,1484,71708,20,80634
24076,0.001773,172.217.194.0-255,2902,74610,20,80634
24077,0.001776,172.31.36.0-255,66,74676,20,80634
24078,0.001784,172.31.36.0-255,66,74742,20,80634
24079,0.001792,172.31.36.0-255,66,74808,20,80634
24080,0.00182,172.31.36.0-255,66,74874,20,80634
24081,0.001858,172.31.36.0-255,66,74940,20,80634
24082,0.001881,172.217.194.0-255,3602,78542,20,80634
24083,0.001884,172.31.36.0-255,66,78608,20,80634
24084,0.0019,172.31.36.0-255,66,78674,20,80634
24085,0.001908,172.31.36.0-255,66,78740,20,80634
24086,0.001938,172.31.36.0-255,66,78806,20,80634
24087,0.001951,172.31.36.0-255,66,78872,20,80634
24088,0.001958,172.31.36.0-255,66,78938,20,80634
24089,0.002,172.31.36.0-255,66,79004,20,80634
24090,0.002011,172.31.36.0-255,66,79070,20,80634
24091,0.002025,172.217.194.0-255,1125,80195,20,80634
24092,0.002028,172.217.194.0-255,97,80292,20,80634
24093,0.00205,172.217.194.0-255,105,80397,20,80634
24094,0.003166,172.31.36.0-255,66,80463,20,80634
24095,0.003194,172.31.36.0-255,105,80568,20,80634
24096,0.005269,172.217.194.0-255,66,80634,20,80634
24097,0.0,172.217.160.0-255,153,153,20,77007
24098,2.5e-05,172.31.36.0-255,66,219,20,77007
24099,3.2e-05,172.217.160.0-255,1484,1703,20,77007
24100,3.5e-05,172.31.36.0-255,66,1769,20,77007
24101,4.1e-05,172.217.160.0-255,2902,4671,20,77007
24102,4.3e-05,172.31.36.0-255,66,4737,20,77007
24103,6.9e-05,172.31.36.0-255,66,4803,20,77007
24104,0.000105,172.31.36.0-255,66,4869,20,77007
24105,0.000117,172.31.36.0-255,66,4935,20,77007
24106,0.000156,172.31.36.0-255,66,5001,20,77007
24107,0.000186,172.31.36.0-255,66,5067,20,77007
24108,0.000189,172.217.160.0-255,1484,6551,20,77007
24109,0.000191,172.31.36.0-255,66,6617,20,77007
24110,0.000194,172.217.160.0-255,1125,7742,20,77007
24111,0.000196,172.31.36.0-255,66,7808,20,77007
24112,0.000287,172.217.160.0-255,1484,9292,20,77007
24113,0.00029,172.31.36.0-255,66,9358,20,77007
24114,0.000296,172.217.160.0-255,2902,12260,20,77007
24115,0.000298,172.31.36.0-255,66,12326,20,77007
24116,0.000301,172.217.160.0-255,1484,13810,20,77007
24117,0.000303,172.31.36.0-255,66,13876,20,77007
24118,0.000322,172.31.36.0-255,66,13942,20,77007
24119,0.000345,172.217.160.0-255,1484,15426,20,77007
24120,0.000348,172.31.36.0-255,66,15492,20,77007
24121,0.000368,172.31.36.0-255,66,15558,20,77007
24122,0.000666,172.217.160.0-255,369,15927,20,77007
24123,0.000697,172.217.160.0-255,1484,17411,20,77007
24124,0.000701,172.31.36.0-255,66,17477,20,77007
24125,0.000706,172.217.160.0-255,2902,20379,20,77007
24126,0.000708,172.31.36.0-255,66,20445,20,77007
24127,0.000721,172.217.160.0-255,1484,21929,20,77007
24128,0.00075,172.31.36.0-255,66,21995,20,77007
24129,0.000775,172.31.36.0-255,66,22061,20,77007
24130,0.000787,172.31.36.0-255,66,22127,20,77007
24131,0.000791,172.217.160.0-255,2902,25029,20,77007
24132,0.000793,172.31.36.0-255,66,25095,20,77007
24133,0.000816,172.217.160.0-255,3602,28697,20,77007
24134,0.000819,172.31.36.0-255,66,28763,20,77007
24135,0.000922,172.217.160.0-255,1484,30247,20,77007
24136,0.000928,172.217.160.0-255,2902,33149,20,77007
24137,0.000931,172.31.36.0-255,66,33215,20,77007
24138,0.000935,172.217.160.0-255,1484,34699,20,77007
24139,0.000957,172.31.36.0-255,66,34765,20,77007
24140,0.00097,172.31.36.0-255,66,34831,20,77007
24141,0.000983,172.217.160.0-255,1484,36315,20,77007
24142,0.000987,172.217.160.0-255,2902,39217,20,77007
24143,0.00099,172.31.36.0-255,66,39283,20,77007
24144,0.000993,172.217.160.0-255,1484,40767,20,77007
24145,0.001018,172.31.36.0-255,66,40833,20,77007
24146,0.001021,172.217.160.0-255,766,41599,20,77007
24147,0.001035,172.217.160.0-255,1484,43083,20,77007
24148,0.001037,172.31.36.0-255,66,43149,20,77007
24149,0.00104,172.217.160.0-255,1484,44633,20,77007
24150,0.001054,172.217.160.0-255,2902,47535,20,77007
24151,0.001056,172.31.36.0-255,66,47601,20,77007
24152,0.001066,172.31.36.0-255,66,47667,20,77007
24153,0.001086,172.217.160.0-255,2902,50569,20,77007
24154,0.00109,172.31.36.0-255,66,50635,20,77007
24155,0.001092,172.217.160.0-255,1484,52119,20,77007
24156,0.001098,172.217.160.0-255,2902,55021,20,77007
24157,0.0011,172.31.36.0-255,66,55087,20,77007
24158,0.001103,172.217.160.0-255,1484,56571,20,77007
24159,0.001128,172.31.36.0-255,66,56637,20,77007
24160,0.00114,172.217.160.0-255,1484,58121,20,77007
24161,0.00116,172.217.160.0-255,2902,61023,20,77007
24162,0.001163,172.31.36.0-255,66,61089,20,77007
24163,0.001181,172.217.160.0-255,3602,64691,20,77007
24164,0.001184,172.31.36.0-255,66,64757,20,77007
24165,0.001213,172.31.36.0-255,66,64823,20,77007
24166,0.001256,172.31.36.0-255,66,64889,20,77007
24167,0.001266,172.31.36.0-255,66,64955,20,77007
24168,0.001276,172.31.36.0-255,66,65021,20,77007
24169,0.001306,172.31.36.0-255,66,65087,20,77007
24170,0.001315,172.31.36.0-255,66,65153,20,77007
24171,0.001374,172.31.36.0-255,66,65219,20,77007
24172,0.001397,172.217.160.0-255,2184,67403,20,77007
24173,0.001399,172.31.36.0-255,66,67469,20,77007
24174,0.001413,172.31.36.0-255,66,67535,20,77007
24175,0.00142,172.31.36.0-255,66,67601,20,77007
24176,0.00144,172.217.160.0-255,2902,70503,20,77007
24177,0.001443,172.31.36.0-255,66,70569,20,77007
24178,0.001476,172.31.36.0-255,66,70635,20,77007
24179,0.001495,172.31.36.0-255,66,70701,20,77007
24180,0.001511,172.31.36.0-255,66,70767,20,77007
24181,0.001554,172.31.36.0-255,66,70833,20,77007
24182,0.00159,172.31.36.0-255,66,70899,20,77007
24183,0.001597,172.31.36.0-255,66,70965,20,77007
24184,0.001607,172.31.36.0-255,66,71031,20,77007
24185,0.001614,172.31.36.0-255,66,71097,20,77007
24186,0.001661,172.31.36.0-255,66,71163,20,77007
24187,0.001701,172.217.160.0-255,1484,72647,20,77007
24188,0.004935,172.31.36.0-255,66,72713,20,77007
24189,0.006599,172.31.36.0-255,66,72779,20,77007
24190,0.00825,172.31.36.0-255,66,72845,20,77007
24191,0.009906,172.31.36.0-255,66,72911,20,77007
24192,0.01156,172.31.36.0-255,66,72977,20,77007
24193,0.013221,172.31.36.0-255,66,73043,20,77007
24194,0.014912,172.31.36.0-255,66,73109,20,77007
24195,0.016579,172.31.36.0-255,66,73175,20,77007
24196,0.018228,172.217.160.0-255,3661,76836,20,77007
24197,0.018234,172.31.36.0-255,66,76902,20,77007
24198,0.018426,172.31.36.0-255,105,77007,20,77007
24199,0.0,74.125.200.0-255,153,153,20,54549
24200,3.2e-05,172.31.36.0-255,66,219,20,54549
24201,4e-05,74.125.200.0-255,1484,1703,20,54549
24202,4.5e-05,172.31.36.0-255,66,1769,20,54549
24203,5.7e-05,74.125.200.0-255,2902,4671,20,54549
24204,6.1e-05,172.31.36.0-255,66,4737,20,54549
24205,6.4e-05,74.125.200.0-255,1484,6221,20,54549
24206,6.7e-05,172.31.36.0-255,66,6287,20,54549
24207,9e-05,74.125.200.0-255,2902,9189,20,54549
24208,9.4e-05,172.31.36.0-255,66,9255,20,54549
24209,0.000126,172.31.36.0-255,66,9321,20,54549
24210,0.000197,74.125.200.0-255,1484,10805,20,54549
24211,0.000201,172.31.36.0-255,66,10871,20,54549
24212,0.000205,74.125.200.0-255,1484,12355,20,54549
24213,0.000207,172.31.36.0-255,66,12421,20,54549
24214,0.000228,74.125.200.0-255,2902,15323,20,54549
24215,0.000231,172.31.36.0-255,66,15389,20,54549
24216,0.000247,172.31.36.0-255,66,15455,20,54549
24217,0.000287,172.31.36.0-255,66,15521,20,54549
24218,0.000298,172.31.36.0-255,66,15587,20,54549
24219,0.000332,74.125.200.0-255,1484,17071,20,54549
24220,0.000335,172.31.36.0-255,66,17137,20,54549
24221,0.000346,172.31.36.0-255,66,17203,20,54549
24222,0.000349,74.125.200.0-255,1484,18687,20,54549
24223,0.000351,172.31.36.0-255,66,18753,20,54549
24224,0.000394,172.31.36.0-255,66,18819,20,54549
24225,0.000397,74.125.200.0-255,1484,20303,20,54549
24226,0.000443,74.125.200.0-255,2184,22487,20,54549
24227,0.000447,172.31.36.0-255,66,22553,20,54549
24228,0.00045,74.125.200.0-255,362,22915,20,54549
24229,0.000797,172.31.36.0-255,66,22981,20,54549
24230,0.001405,74.125.200.0-255,1484,24465,20,54549
24231,0.001414,74.125.200.0-255,2902,27367,20,54549
24232,0.001417,172.31.36.0-255,66,27433,20,54549
24233,0.001421,74.125.200.0-255,1484,28917,20,54549
24234,0.001443,74.125.200.0-255,2902,31819,20,54549
24235,0.001445,172.31.36.0-255,66,31885,20,54549
24236,0.001455,74.125.200.0-255,1484,33369,20,54549
24237,0.001474,172.31.36.0-255,66,33435,20,54549
24238,0.001486,74.125.200.0-255,2902,36337,20,54549
24239,0.001491,172.31.36.0-255,66,36403,20,54549
24240,0.00152,172.31.36.0-255,66,36469,20,54549
24241,0.001526,172.31.36.0-255,66,36535,20,54549
24242,0.001555,172.31.36.0-255,66,36601,20,54549
24243,0.002111,74.125.200.0-255,1484,38085,20,54549
24244,0.002129,74.125.200.0-255,2902,40987,20,54549
24245,0.002131,172.31.36.0-255,66,41053,20,54549
24246,0.002133,74.125.200.0-255,1484,42537,20,54549
24247,0.002152,74.125.200.0-255,2902,45439,20,54549
24248,0.002154,172.31.36.0-255,66,45505,20,54549
24249,0.002156,74.125.200.0-255,1484,46989,20,54549
24250,0.002174,172.31.36.0-255,66,47055,20,54549
24251,0.0022,74.125.200.0-255,2902,49957,20,54549
24252,0.002202,172.31.36.0-255,66,50023,20,54549
24253,0.002209,172.31.36.0-255,66,50089,20,54549
24254,0.00222,172.31.36.0-255,66,50155,20,54549
24255,0.00225,172.31.36.0-255,66,50221,20,54549
24256,0.002272,74.125.200.0-255,2184,52405,20,54549
24257,0.002273,172.31.36.0-255,66,52471,20,54549
24258,0.002282,172.31.36.0-255,66,52537,20,54549
24259,0.002285,74.125.200.0-255,1484,54021,20,54549
24260,0.002314,172.31.36.0-255,66,54087,20,54549
24261,0.004562,172.31.36.0-255,66,54153,20,54549
24262,0.006817,172.31.36.0-255,66,54219,20,54549
24263,0.009066,172.31.36.0-255,66,54285,20,54549
24264,0.011321,172.31.36.0-255,66,54351,20,54549
24265,0.013582,172.31.36.0-255,66,54417,20,54549
24266,0.015842,172.31.36.0-255,66,54483,20,54549
24267,0.01809,172.31.36.0-255,66,54549,20,54549
24268,0.0,74.125.24.0-255,153,153,20,57625
24269,1.5e-05,172.31.36.0-255,66,219,20,57625
24270,2.3e-05,74.125.24.0-255,1484,1703,20,57625
24271,2.8e-05,172.31.36.0-255,66,1769,20,57625
24272,3.4e-05,74.125.24.0-255,2902,4671,20,57625
24273,3.8e-05,172.31.36.0-255,66,4737,20,57625
24274,4.8e-05,172.31.36.0-255,66,4803,20,57625
24275,6.7e-05,74.125.24.0-255,3385,8188,20,57625
24276,7e-05,172.31.36.0-255,66,8254,20,57625
24277,9.2e-05,172.31.36.0-255,66,8320,20,57625
24278,0.000101,172.31.36.0-255,66,8386,20,57625
24279,0.000124,172.31.36.0-255,66,8452,20,57625
24280,0.000128,74.125.24.0-255,2543,10995,20,57625
24281,0.00013,172.31.36.0-255,66,11061,20,57625
24282,0.000249,74.125.24.0-255,1484,12545,20,57625
24283,0.000254,172.31.36.0-255,66,12611,20,57625
24284,0.000275,74.125.24.0-255,2902,15513,20,57625
24285,0.000278,172.31.36.0-255,66,15579,20,57625
24286,0.000281,74.125.24.0-255,1484,17063,20,57625
24287,0.000283,172.31.36.0-255,66,17129,20,57625
24288,0.000316,172.31.36.0-255,66,17195,20,57625
24289,0.000321,74.125.24.0-255,2902,20097,20,57625
24290,0.000323,172.31.36.0-255,66,20163,20,57625
24291,0.000336,74.125.24.0-255,2543,22706,20,57625
24292,0.000339,172.31.36.0-255,66,22772,20,57625
24293,0.000394,172.31.36.0-255,66,22838,20,57625
24294,0.000407,172.31.36.0-255,66,22904,20,57625
24295,0.00041,74.125.24.0-255,110,23014,20,57625
24296,0.000435,74.125.24.0-255,331,23345,20,57625
24297,0.000656,74.125.24.0-255,1484,24829,20,57625
24298,0.000663,172.31.36.0-255,66,24895,20,57625
24299,0.000669,74.125.24.0-255,2902,27797,20,57625
24300,0.000671,172.31.36.0-255,66,27863,20,57625
24301,0.00068,172.31.36.0-255,66,27929,20,57625
24302,0.000688,172.31.36.0-255,66,27995,20,57625
24303,0.000702,74.125.24.0-255,1484,29479,20,57625
24304,0.000736,172.31.36.0-255,66,29545,20,57625
24305,0.000747,172.31.36.0-255,66,29611,20,57625
24306,0.000935,74.125.24.0-255,1484,31095,20,57625
24307,0.000942,74.125.24.0-255,2902,33997,20,57625
24308,0.000945,172.31.36.0-255,66,34063,20,57625
24309,0.000955,172.31.36.0-255,66,34129,20,57625
24310,0.00097,74.125.24.0-255,2902,37031,20,57625
24311,0.000973,172.31.36.0-255,66,37097,20,57625
24312,0.001019,172.31.36.0-255,66,37163,20,57625
24313,0.001023,172.31.36.0-255,66,37229,20,57625
24314,0.00104,74.125.24.0-255,3602,40831,20,57625
24315,0.001043,172.31.36.0-255,66,40897,20,57625
24316,0.001664,74.125.24.0-255,1484,42381,20,57625
24317,0.001671,74.125.24.0-255,2902,45283,20,57625
24318,0.001675,172.31.36.0-255,66,45349,20,57625
24319,0.001679,74.125.24.0-255,1484,46833,20,57625
24320,0.001703,172.31.36.0-255,66,46899,20,57625
24321,0.00171,172.31.36.0-255,66,46965,20,57625
24322,0.001719,172.31.36.0-255,66,47031,20,57625
24323,0.001776,172.31.36.0-255,66,47097,20,57625
24324,0.00178,74.125.24.0-255,2184,49281,20,57625
24325,0.001782,172.31.36.0-255,66,49347,20,57625
24326,0.001859,74.125.24.0-255,1484,50831,20,57625
24327,0.001874,74.125.24.0-255,2902,53733,20,57625
24328,0.001877,172.31.36.0-255,66,53799,20,57625
24329,0.001903,172.31.36.0-255,66,53865,20,57625
24330,0.001923,172.31.36.0-255,66,53931,20,57625
24331,0.001945,74.125.24.0-255,2902,56833,20,57625
24332,0.001948,172.31.36.0-255,66,56899,20,57625
24333,0.001956,172.31.36.0-255,66,56965,20,57625
24334,0.001982,172.31.36.0-255,66,57031,20,57625
24335,0.003972,172.31.36.0-255,66,57097,20,57625
24336,0.005959,172.31.36.0-255,66,57163,20,57625
24337,0.007943,172.31.36.0-255,66,57229,20,57625
24338,0.009935,172.31.36.0-255,66,57295,20,57625
24339,0.01193,172.31.36.0-255,66,57361,20,57625
24340,0.013902,172.31.36.0-255,66,57427,20,57625
24341,0.015897,172.31.36.0-255,66,57493,20,57625
24342,0.017891,172.31.36.0-255,66,57559,20,57625
24343,0.019881,172.31.36.0-255,66,57625,20,57625
24344,0.0,172.31.36.0-255,66,66,20,66
24345,0.0,74.125.24.0-255,153,153,20,92073
24346,3.1e-05,172.31.36.0-255,66,219,20,92073
24347,3.9e-05,74.125.24.0-255,1484,1703,20,92073
24348,4.3e-05,172.31.36.0-255,66,1769,20,92073
24349,4.7e-05,74.125.24.0-255,2902,4671,20,92073
24350,5e-05,172.31.36.0-255,66,4737,20,92073
24351,6.9e-05,172.31.36.0-255,66,4803,20,92073
24352,7.4e-05,74.125.24.0-255,3492,8295,20,92073
24353,7.8e-05,172.31.36.0-255,66,8361,20,92073
24354,0.000119,172.31.36.0-255,66,8427,20,92073
24355,0.000152,74.125.24.0-255,2902,11329,20,92073
24356,0.000155,172.31.36.0-255,66,11395,20,92073
24357,0.000159,74.125.24.0-255,2543,13938,20,92073
24358,0.000162,172.31.36.0-255,66,14004,20,92073
24359,0.00018,74.125.24.0-255,1484,15488,20,92073
24360,0.000187,172.31.36.0-255,66,15554,20,92073
24361,0.000191,74.125.24.0-255,2902,18456,20,92073
24362,0.000194,172.31.36.0-255,66,18522,20,92073
24363,0.000237,172.31.36.0-255,66,18588,20,92073
24364,0.000248,172.31.36.0-255,66,18654,20,92073
24365,0.000258,172.31.36.0-255,66,18720,20,92073
24366,0.000302,172.31.36.0-255,66,18786,20,92073
24367,0.000306,74.125.24.0-255,2184,20970,20,92073
24368,0.000311,74.125.24.0-255,423,21393,20,92073
24369,0.000316,172.31.36.0-255,66,21459,20,92073
24370,0.000332,172.31.36.0-255,66,21525,20,92073
24371,0.000468,74.125.24.0-255,1484,23009,20,92073
24372,0.000485,74.125.24.0-255,2902,25911,20,92073
24373,0.000499,172.31.36.0-255,66,25977,20,92073
24374,0.00051,74.125.24.0-255,2902,28879,20,92073
24375,0.000515,172.31.36.0-255,66,28945,20,92073
24376,0.000527,74.125.24.0-255,1484,30429,20,92073
24377,0.000574,172.31.36.0-255,66,30495,20,92073
24378,0.000593,172.31.36.0-255,66,30561,20,92073
24379,0.000635,172.31.36.0-255,66,30627,20,92073
24380,0.000646,74.125.24.0-255,2902,33529,20,92073
24381,0.000651,172.31.36.0-255,66,33595,20,92073
24382,0.000667,74.125.24.0-255,3666,37261,20,92073
24383,0.000682,172.31.36.0-255,66,37327,20,92073
24384,0.000716,74.125.24.0-255,1484,38811,20,92073
24385,0.000731,74.125.24.0-255,2902,41713,20,92073
24386,0.000738,172.31.36.0-255,66,41779,20,92073
24387,0.000756,172.31.36.0-255,66,41845,20,92073
24388,0.000759,74.125.24.0-255,1484,43329,20,92073
24389,0.000782,74.125.24.0-255,2902,46231,20,92073
24390,0.000796,172.31.36.0-255,66,46297,20,92073
24391,0.000812,172.31.36.0-255,66,46363,20,92073
24392,0.000828,172.31.36.0-255,66,46429,20,92073
24393,0.00084,74.125.24.0-255,2184,48613,20,92073
24394,0.000853,172.31.36.0-255,66,48679,20,92073
24395,0.000863,74.125.24.0-255,1484,50163,20,92073
24396,0.000885,74.125.24.0-255,2902,53065,20,92073
24397,0.00089,74.125.24.0-255,2902,55967,20,92073
24398,0.000891,172.31.36.0-255,66,56033,20,92073
24399,0.000897,172.31.36.0-255,66,56099,20,92073
24400,0.000912,74.125.24.0-255,2902,59001,20,92073
24401,0.000925,172.31.36.0-255,66,59067,20,92073
24402,0.00096,172.31.36.0-255,66,59133,20,92073
24403,0.000967,74.125.24.0-255,2184,61317,20,92073
24404,0.000974,172.31.36.0-255,66,61383,20,92073
24405,0.001024,74.125.24.0-255,1484,62867,20,92073
24406,0.001028,74.125.24.0-255,1484,64351,20,92073
24407,0.001032,172.31.36.0-255,66,64417,20,92073
24408,0.00104,74.125.24.0-255,1484,65901,20,92073
24409,0.001043,74.125.24.0-255,1484,67385,20,92073
24410,0.001059,172.31.36.0-255,66,67451,20,92073
24411,0.001079,172.31.36.0-255,66,67517,20,92073
24412,0.001103,74.125.24.0-255,2902,70419,20,92073
24413,0.001107,172.31.36.0-255,66,70485,20,92073
24414,0.001188,172.31.36.0-255,66,70551,20,92073
24415,0.0012,74.125.24.0-255,3602,74153,20,92073
24416,0.001203,74.125.24.0-255,1484,75637,20,92073
24417,0.001206,172.31.36.0-255,66,75703,20,92073
24418,0.001212,74.125.24.0-255,2902,78605,20,92073
24419,0.001214,172.31.36.0-255,66,78671,20,92073
24420,0.001224,172.31.36.0-255,66,78737,20,92073
24421,0.001239,172.31.36.0-255,66,78803,20,92073
24422,0.00128,172.31.36.0-255,66,78869,20,92073
24423,0.001285,172.31.36.0-255,66,78935,20,92073
24424,0.001405,74.125.24.0-255,1484,80419,20,92073
24425,0.00141,74.125.24.0-255,2902,83321,20,92073
24426,0.001414,172.31.36.0-255,66,83387,20,92073
24427,0.001447,172.31.36.0-255,66,83453,20,92073
24428,0.001484,172.31.36.0-255,66,83519,20,92073
24429,0.001499,172.31.36.0-255,66,83585,20,92073
24430,0.001505,172.31.36.0-255,66,83651,20,92073
24431,0.001521,74.125.24.0-255,1484,85135,20,92073
24432,0.001558,172.31.36.0-255,66,85201,20,92073
24433,0.001597,172.31.36.0-255,66,85267,20,92073
24434,0.001637,74.125.24.0-255,2902,88169,20,92073
24435,0.001651,172.31.36.0-255,66,88235,20,92073
24436,0.001682,172.31.36.0-255,66,88301,20,92073
24437,0.001727,172.31.36.0-255,66,88367,20,92073
24438,0.001732,172.31.36.0-255,66,88433,20,92073
24439,0.001774,172.31.36.0-255,66,88499,20,92073
24440,0.0018,172.31.36.0-255,66,88565,20,92073
24441,0.001803,74.125.24.0-255,2902,91467,20,92073
24442,0.001815,172.31.36.0-255,66,91533,20,92073
24443,0.00182,172.31.36.0-255,66,91599,20,92073
24444,0.001861,172.31.36.0-255,66,91665,20,92073
24445,0.001888,172.31.36.0-255,66,91731,20,92073
24446,0.001942,74.125.24.0-255,105,91836,20,92073
24447,0.001948,172.31.36.0-255,66,91902,20,92073
24448,0.009941,172.31.36.0-255,105,92007,20,92073
24449,0.01199,74.125.24.0-255,66,92073,20,92073
24450,0.0,74.125.68.0-255,153,153,20,90241
24451,3.8e-05,172.31.36.0-255,66,219,20,90241
24452,4.5e-05,74.125.68.0-255,1484,1703,20,90241
24453,5.1e-05,172.31.36.0-255,66,1769,20,90241
24454,5.5e-05,74.125.68.0-255,2902,4671,20,90241
24455,5.8e-05,172.31.36.0-255,66,4737,20,90241
24456,7e-05,74.125.68.0-255,1484,6221,20,90241
24457,7.3e-05,172.31.36.0-255,66,6287,20,90241
24458,9.9e-05,74.125.68.0-255,2902,9189,20,90241
24459,0.000101,172.31.36.0-255,66,9255,20,90241
24460,0.000105,74.125.68.0-255,2902,12157,20,90241
24461,0.000107,172.31.36.0-255,66,12223,20,90241
24462,0.000156,74.125.68.0-255,2093,14316,20,90241
24463,0.000159,172.31.36.0-255,66,14382,20,90241
24464,0.000187,74.125.68.0-255,2902,17284,20,90241
24465,0.000189,172.31.36.0-255,66,17350,20,90241
24466,0.000209,74.125.68.0-255,2902,20252,20,90241
24467,0.000212,172.31.36.0-255,66,20318,20,90241
24468,0.000236,172.31.36.0-255,66,20384,20,90241
24469,0.000269,172.31.36.0-255,66,20450,20,90241
24470,0.000292,74.125.68.0-255,1125,21575,20,90241
24471,0.000295,172.31.36.0-255,66,21641,20,90241
24472,0.000661,74.125.68.0-255,1484,23125,20,90241
24473,0.000666,172.31.36.0-255,66,23191,20,90241
24474,0.000675,74.125.68.0-255,2902,26093,20,90241
24475,0.000677,172.31.36.0-255,66,26159,20,90241
24476,0.00071,172.31.36.0-255,66,26225,20,90241
24477,0.000718,172.31.36.0-255,66,26291,20,90241
24478,0.000732,74.125.68.0-255,1125,27416,20,90241
24479,0.000737,74.125.68.0-255,1484,28900,20,90241
24480,0.000747,172.31.36.0-255,66,28966,20,90241
24481,0.000773,172.31.36.0-255,66,29032,20,90241
24482,0.00081,74.125.68.0-255,1392,30424,20,90241
24483,0.000826,74.125.68.0-255,136,30560,20,90241
24484,0.001025,74.125.68.0-255,1484,32044,20,90241
24485,0.001042,74.125.68.0-255,2902,34946,20,90241
24486,0.001076,74.125.68.0-255,2902,37848,20,90241
24487,0.001081,172.31.36.0-255,66,37914,20,90241
24488,0.001104,74.125.68.0-255,2902,40816,20,90241
24489,0.001107,172.31.36.0-255,66,40882,20,90241
24490,0.001126,74.125.68.0-255,1484,42366,20,90241
24491,0.001131,74.125.68.0-255,2902,45268,20,90241
24492,0.001159,74.125.68.0-255,1484,46752,20,90241
24493,0.001203,74.125.68.0-255,1049,47801,20,90241
24494,0.001208,172.31.36.0-255,66,47867,20,90241
24495,0.001409,74.125.68.0-255,1484,49351,20,90241
24496,0.001415,74.125.68.0-255,1484,50835,20,90241
24497,0.001444,74.125.68.0-255,2902,53737,20,90241
24498,0.001515,74.125.68.0-255,766,54503,20,90241
24499,0.001518,172.31.36.0-255,66,54569,20,90241
24500,0.001537,172.31.36.0-255,66,54635,20,90241
24501,0.00179,74.125.68.0-255,1484,56119,20,90241
24502,0.001798,74.125.68.0-255,2902,59021,20,90241
24503,0.001802,172.31.36.0-255,66,59087,20,90241
24504,0.001824,74.125.68.0-255,1484,60571,20,90241
24505,0.001843,172.31.36.0-255,66,60637,20,90241
24506,0.001847,74.125.68.0-255,1484,62121,20,90241
24507,0.001854,74.125.68.0-255,1484,63605,20,90241
24508,0.001859,172.31.36.0-255,66,63671,20,90241
24509,0.001892,74.125.68.0-255,1484,65155,20,90241
24510,0.0019,172.31.36.0-255,66,65221,20,90241
24511,0.001929,74.125.68.0-255,2184,67405,20,90241
24512,0.001953,74.125.68.0-255,1484,68889,20,90241
24513,0.001956,172.31.36.0-255,66,68955,20,90241
24514,0.001967,74.125.68.0-255,1484,70439,20,90241
24515,0.001992,74.125.68.0-255,2902,73341,20,90241
24516,0.001999,172.31.36.0-255,66,73407,20,90241
24517,0.002027,172.31.36.0-255,66,73473,20,90241
24518,0.002052,74.125.68.0-255,2902,76375,20,90241
24519,0.002066,172.31.36.0-255,66,76441,20,90241
24520,0.00208,74.125.68.0-255,3602,80043,20,90241
24521,0.002096,172.31.36.0-255,66,80109,20,90241
24522,0.002216,74.125.68.0-255,1484,81593,20,90241
24523,0.002223,74.125.68.0-255,2902,84495,20,90241
24524,0.002238,172.31.36.0-255,66,84561,20,90241
24525,0.002255,74.125.68.0-255,1484,86045,20,90241
24526,0.002281,172.31.36.0-255,66,86111,20,90241
24527,0.002295,74.125.68.0-255,2184,88295,20,90241
24528,0.0023,172.31.36.0-255,66,88361,20,90241
24529,0.002627,74.125.68.0-255,1484,89845,20,90241
24530,0.004914,172.31.36.0-255,66,89911,20,90241
24531,0.007582,172.31.36.0-255,66,89977,20,90241
24532,0.010488,172.31.36.0-255,66,90043,20,90241
24533,0.013298,172.31.36.0-255,66,90109,20,90241
24534,0.015912,172.31.36.0-255,66,90175,20,90241
24535,0.018577,172.31.36.0-255,66,90241,20,90241
24536,0.0,172.217.194.0-255,153,153,20,36300
24537,3.2e-05,172.31.36.0-255,66,219,20,36300
24538,3.9e-05,172.217.194.0-255,1484,1703,20,36300
24539,4.4e-05,172.31.36.0-255,66,1769,20,36300
24540,4.9e-05,172.217.194.0-255,2902,4671,20,36300
24541,5.1e-05,172.31.36.0-255,66,4737,20,36300
24542,7e-05,172.31.36.0-255,66,4803,20,36300
24543,0.000101,172.217.194.0-255,2076,6879,20,36300
24544,0.000104,172.31.36.0-255,66,6945,20,36300
24545,0.000607,172.217.194.0-255,1484,8429,20,36300
24546,0.000613,172.31.36.0-255,66,8495,20,36300
24547,0.000623,172.217.194.0-255,2902,11397,20,36300
24548,0.000625,172.31.36.0-255,66,11463,20,36300
24549,0.000642,172.31.36.0-255,66,11529,20,36300
24550,0.000681,172.31.36.0-255,66,11595,20,36300
24551,0.000755,172.217.194.0-255,1484,13079,20,36300
24552,0.000759,172.31.36.0-255,66,13145,20,36300
24553,0.00079,172.217.194.0-255,2902,16047,20,36300
24554,0.000793,172.31.36.0-255,66,16113,20,36300
24555,0.000801,172.31.36.0-255,66,16179,20,36300
24556,0.000822,172.217.194.0-255,1484,17663,20,36300
24557,0.000825,172.31.36.0-255,66,17729,20,36300
24558,0.000833,172.31.36.0-255,66,17795,20,36300
24559,0.00085,172.217.194.0-255,2543,20338,20,36300
24560,0.000857,172.31.36.0-255,66,20404,20,36300
24561,0.001713,172.217.194.0-255,1484,21888,20,36300
24562,0.001719,172.31.36.0-255,66,21954,20,36300
24563,0.001725,172.217.194.0-255,2902,24856,20,36300
24564,0.001728,172.31.36.0-255,66,24922,20,36300
24565,0.001731,172.217.194.0-255,1484,26406,20,36300
24566,0.001758,172.217.194.0-255,2902,29308,20,36300
24567,0.001761,172.31.36.0-255,66,29374,20,36300
24568,0.001765,172.217.194.0-255,2902,32276,20,36300
24569,0.001767,172.31.36.0-255,66,32342,20,36300
24570,0.001792,172.31.36.0-255,66,32408,20,36300
24571,0.001803,172.31.36.0-255,66,32474,20,36300
24572,0.001844,172.31.36.0-255,66,32540,20,36300
24573,0.001874,172.31.36.0-255,66,32606,20,36300
24574,0.001902,172.31.36.0-255,66,32672,20,36300
24575,0.001914,172.217.194.0-255,1484,34156,20,36300
24576,0.001939,172.31.36.0-255,66,34222,20,36300
24577,0.001978,172.31.36.0-255,66,34288,20,36300
24578,0.002006,172.31.36.0-255,66,34354,20,36300
24579,0.004299,172.31.36.0-255,66,34420,20,36300
24580,0.006597,172.31.36.0-255,66,34486,20,36300
24581,0.008893,172.31.36.0-255,66,34552,20,36300
24582,0.011176,172.31.36.0-255,66,34618,20,36300
24583,0.011208,172.217.194.0-255,1484,36102,20,36300
24584,0.013468,172.31.36.0-255,66,36168,20,36300
24585,0.015743,172.31.36.0-255,66,36234,20,36300
24586,0.018069,172.31.36.0-255,66,36300,20,36300
24587,0.0,74.125.24.0-255,153,153,20,94106
24588,2.3e-05,172.31.36.0-255,66,219,20,94106
24589,3.1e-05,74.125.24.0-255,1484,1703,20,94106
24590,3.6e-05,172.31.36.0-255,66,1769,20,94106
24591,5e-05,74.125.24.0-255,2902,4671,20,94106
24592,5.3e-05,172.31.36.0-255,66,4737,20,94106
24593,6.5e-05,172.31.36.0-255,66,4803,20,94106
24594,7e-05,74.125.24.0-255,2001,6804,20,94106
24595,7.3e-05,172.31.36.0-255,66,6870,20,94106
24596,7.7e-05,74.125.24.0-255,1484,8354,20,94106
24597,7.9e-05,172.31.36.0-255,66,8420,20,94106
24598,8.4e-05,74.125.24.0-255,2902,11322,20,94106
24599,8.7e-05,172.31.36.0-255,66,11388,20,94106
24600,0.000124,172.31.36.0-255,66,11454,20,94106
24601,0.000129,74.125.24.0-255,2902,14356,20,94106
24602,0.000131,172.31.36.0-255,66,14422,20,94106
24603,0.000153,74.125.24.0-255,3961,18383,20,94106
24604,0.000156,172.31.36.0-255,66,18449,20,94106
24605,0.000339,74.125.24.0-255,1484,19933,20,94106
24606,0.000344,172.31.36.0-255,66,19999,20,94106
24607,0.000351,74.125.24.0-255,2902,22901,20,94106
24608,0.000354,172.31.36.0-255,66,22967,20,94106
24609,0.000368,172.31.36.0-255,66,23033,20,94106
24610,0.000403,172.31.36.0-255,66,23099,20,94106
24611,0.000412,172.31.36.0-255,66,23165,20,94106
24612,0.000433,74.125.24.0-255,1484,24649,20,94106
24613,0.000436,172.31.36.0-255,66,24715,20,94106
24614,0.000448,172.31.36.0-255,66,24781,20,94106
24615,0.000471,74.125.24.0-255,419,25200,20,94106
24616,0.000532,74.125.24.0-255,328,25528,20,94106
24617,0.000813,74.125.24.0-255,1484,27012,20,94106
24618,0.000818,172.31.36.0-255,66,27078,20,94106
24619,0.000824,74.125.24.0-255,2902,29980,20,94106
24620,0.000826,172.31.36.0-255,66,30046,20,94106
24621,0.00084,172.31.36.0-255,66,30112,20,94106
24622,0.000848,172.31.36.0-255,66,30178,20,94106
24623,0.000883,172.31.36.0-255,66,30244,20,94106
24624,0.000905,74.125.24.0-255,1484,31728,20,94106
24625,0.000915,172.31.36.0-255,66,31794,20,94106
24626,0.002641,74.125.24.0-255,1484,33278,20,94106
24627,0.002649,74.125.24.0-255,1484,34762,20,94106
24628,0.002652,172.31.36.0-255,66,34828,20,94106
24629,0.002681,74.125.24.0-255,1484,36312,20,94106
24630,0.002689,172.31.36.0-255,66,36378,20,94106
24631,0.002702,172.31.36.0-255,66,36444,20,94106
24632,0.002706,74.125.24.0-255,2902,39346,20,94106
24633,0.002708,172.31.36.0-255,66,39412,20,94106
24634,0.002742,172.31.36.0-255,66,39478,20,94106
24635,0.002843,74.125.24.0-255,1484,40962,20,94106
24636,0.002858,74.125.24.0-255,1484,42446,20,94106
24637,0.00286,172.31.36.0-255,66,42512,20,94106
24638,0.00287,74.125.24.0-255,1484,43996,20,94106
24639,0.002905,172.31.36.0-255,66,44062,20,94106
24640,0.002929,74.125.24.0-255,1484,45546,20,94106
24641,0.002941,172.31.36.0-255,66,45612,20,94106
24642,0.002957,172.31.36.0-255,66,45678,20,94106
24643,0.002997,172.31.36.0-255,66,45744,20,94106
24644,0.00303,172.31.36.0-255,66,45810,20,94106
24645,0.003058,172.31.36.0-255,66,45876,20,94106
24646,0.003481,74.125.24.0-255,1484,47360,20,94106
24647,0.003496,74.125.24.0-255,1484,48844,20,94106
24648,0.003498,172.31.36.0-255,66,48910,20,94106
24649,0.003525,74.125.24.0-255,1484,50394,20,94106
24650,0.003533,172.31.36.0-255,66,50460,20,94106
24651,0.003538,74.125.24.0-255,2902,53362,20,94106
24652,0.00354,172.31.36.0-255,66,53428,20,94106
24653,0.003544,74.125.24.0-255,1484,54912,20,94106
24654,0.003582,172.31.36.0-255,66,54978,20,94106
24655,0.003592,172.31.36.0-255,66,55044,20,94106
24656,0.003615,74.125.24.0-255,2184,57228,20,94106
24657,0.003617,172.31.36.0-255,66,57294,20,94106
24658,0.003878,74.125.24.0-255,1484,58778,20,94106
24659,0.003895,74.125.24.0-255,2902,61680,20,94106
24660,0.003898,172.31.36.0-255,66,61746,20,94106
24661,0.003917,74.125.24.0-255,2902,64648,20,94106
24662,0.003919,172.31.36.0-255,66,64714,20,94106
24663,0.003947,74.125.24.0-255,2902,67616,20,94106
24664,0.003949,172.31.36.0-255,66,67682,20,94106
24665,0.003958,172.31.36.0-255,66,67748,20,94106
24666,0.004013,172.31.36.0-255,66,67814,20,94106
24667,0.004021,172.31.36.0-255,66,67880,20,94106
24668,0.004054,172.31.36.0-255,66,67946,20,94106
24669,0.004092,172.31.36.0-255,66,68012,20,94106
24670,0.004107,172.31.36.0-255,66,68078,20,94106
24671,0.004111,74.125.24.0-255,3602,71680,20,94106
24672,0.004114,172.31.36.0-255,66,71746,20,94106
24673,0.004204,74.125.24.0-255,1484,73230,20,94106
24674,0.004209,74.125.24.0-255,2902,76132,20,94106
24675,0.004213,172.31.36.0-255,66,76198,20,94106
24676,0.004216,74.125.24.0-255,1484,77682,20,94106
24677,0.004242,172.31.36.0-255,66,77748,20,94106
24678,0.004252,172.31.36.0-255,66,77814,20,94106
24679,0.004306,172.31.36.0-255,66,77880,20,94106
24680,0.004336,172.31.36.0-255,66,77946,20,94106
24681,0.004345,172.31.36.0-255,66,78012,20,94106
24682,0.004386,74.125.24.0-255,1484,79496,20,94106
24683,0.004391,74.125.24.0-255,1484,80980,20,94106
24684,0.004393,172.31.36.0-255,66,81046,20,94106
24685,0.004422,74.125.24.0-255,1484,82530,20,94106
24686,0.004432,172.31.36.0-255,66,82596,20,94106
24687,0.004436,74.125.24.0-255,1484,84080,20,94106
24688,0.004472,172.31.36.0-255,66,84146,20,94106
24689,0.004477,74.125.24.0-255,2902,87048,20,94106
24690,0.004479,172.31.36.0-255,66,87114,20,94106
24691,0.004519,172.31.36.0-255,66,87180,20,94106
24692,0.004523,74.125.24.0-255,2902,90082,20,94106
24693,0.004525,172.31.36.0-255,66,90148,20,94106
24694,0.004533,172.31.36.0-255,66,90214,20,94106
24695,0.004565,74.125.24.0-255,3484,93698,20,94106
24696,0.004569,172.31.36.0-255,66,93764,20,94106
24697,0.004598,74.125.24.0-255,105,93869,20,94106
24698,0.006965,172.31.36.0-255,66,93935,20,94106
24699,0.007004,172.31.36.0-255,105,94040,20,94106
24700,0.009277,74.125.24.0-255,66,94106,20,94106
24701,0.0,172.217.194.0-255,153,153,20,72552
24702,3.4e-05,172.31.36.0-255,66,219,20,72552
24703,4e-05,172.217.194.0-255,1484,1703,20,72552
24704,4.5e-05,172.31.36.0-255,66,1769,20,72552
24705,5.1e-05,172.217.194.0-255,2902,4671,20,72552
24706,5.4e-05,172.31.36.0-255,66,4737,20,72552
24707,6.3e-05,172.31.36.0-255,66,4803,20,72552
24708,0.000113,172.31.36.0-255,66,4869,20,72552
24709,0.000117,172.217.194.0-255,2543,7412,20,72552
24710,0.000119,172.31.36.0-255,66,7478,20,72552
24711,0.000143,172.217.194.0-255,1484,8962,20,72552
24712,0.000145,172.31.36.0-255,66,9028,20,72552
24713,0.000149,172.217.194.0-255,1484,10512,20,72552
24714,0.000151,172.31.36.0-255,66,10578,20,72552
24715,0.000168,172.217.194.0-255,1484,12062,20,72552
24716,0.00017,172.31.36.0-255,66,12128,20,72552
24717,0.000181,172.31.36.0-255,66,12194,20,72552
24718,0.000202,172.31.36.0-255,66,12260,20,72552
24719,0.000235,172.31.36.0-255,66,12326,20,72552
24720,0.000243,172.31.36.0-255,66,12392,20,72552
24721,0.000264,172.31.36.0-255,66,12458,20,72552
24722,0.000279,172.217.194.0-255,364,12822,20,72552
24723,0.000282,172.31.36.0-255,66,12888,20,72552
24724,0.000474,172.217.194.0-255,1484,14372,20,72552
24725,0.000479,172.31.36.0-255,66,14438,20,72552
24726,0.000486,172.217.194.0-255,2902,17340,20,72552
24727,0.000488,172.31.36.0-255,66,17406,20,72552
24728,0.000509,172.31.36.0-255,66,17472,20,72552
24729,0.000513,172.217.194.0-255,1484,18956,20,72552
24730,0.000542,172.31.36.0-255,66,19022,20,72552
24731,0.000573,172.31.36.0-255,66,19088,20,72552
24732,0.000602,172.31.36.0-255,66,19154,20,72552
24733,0.000606,172.217.194.0-255,1484,20638,20,72552
24734,0.000609,172.217.194.0-255,1125,21763,20,72552
24735,0.000611,172.31.36.0-255,66,21829,20,72552
24736,0.001234,172.217.194.0-255,1484,23313,20,72552
24737,0.001244,172.217.194.0-255,2902,26215,20,72552
24738,0.001248,172.31.36.0-255,66,26281,20,72552
24739,0.001258,172.31.36.0-255,66,26347,20,72552
24740,0.001299,172.31.36.0-255,66,26413,20,72552
24741,0.001312,172.31.36.0-255,66,26479,20,72552
24742,0.001314,172.217.194.0-255,766,27245,20,72552
24743,0.001411,172.217.194.0-255,1484,28729,20,72552
24744,0.001415,172.31.36.0-255,66,28795,20,72552
24745,0.00142,172.217.194.0-255,2902,31697,20,72552
24746,0.001423,172.31.36.0-255,66,31763,20,72552
24747,0.001443,172.31.36.0-255,66,31829,20,72552
24748,0.001447,172.217.194.0-255,1484,33313,20,72552
24749,0.001474,172.31.36.0-255,66,33379,20,72552
24750,0.001516,172.31.36.0-255,66,33445,20,72552
24751,0.00153,172.217.194.0-255,2184,35629,20,72552
24752,0.001533,172.31.36.0-255,66,35695,20,72552
24753,0.001768,172.217.194.0-255,1484,37179,20,72552
24754,0.001775,172.217.194.0-255,2902,40081,20,72552
24755,0.001779,172.31.36.0-255,66,40147,20,72552
24756,0.00179,172.31.36.0-255,66,40213,20,72552
24757,0.001826,172.31.36.0-255,66,40279,20,72552
24758,0.001858,172.31.36.0-255,66,40345,20,72552
24759,0.001882,172.31.36.0-255,66,40411,20,72552
24760,0.002083,172.217.194.0-255,1484,41895,20,72552
24761,0.002097,172.217.194.0-255,2902,44797,20,72552
24762,0.002099,172.31.36.0-255,66,44863,20,72552
24763,0.002127,172.31.36.0-255,66,44929,20,72552
24764,0.002135,172.31.36.0-255,66,44995,20,72552
24765,0.002138,172.217.194.0-255,2902,47897,20,72552
24766,0.00214,172.31.36.0-255,66,47963,20,72552
24767,0.00217,172.31.36.0-255,66,48029,20,72552
24768,0.002178,172.31.36.0-255,66,48095,20,72552
24769,0.002215,172.31.36.0-255,66,48161,20,72552
24770,0.002219,172.217.194.0-255,2902,51063,20,72552
24771,0.002221,172.31.36.0-255,66,51129,20,72552
24772,0.002235,172.217.194.0-255,2902,54031,20,72552
24773,0.002237,172.31.36.0-255,66,54097,20,72552
24774,0.002241,172.217.194.0-255,2902,56999,20,72552
24775,0.002243,172.31.36.0-255,66,57065,20,72552
24776,0.002277,172.31.36.0-255,66,57131,20,72552
24777,0.002285,172.31.36.0-255,66,57197,20,72552
24778,0.002313,172.31.36.0-255,66,57263,20,72552
24779,0.00232,172.31.36.0-255,66,57329,20,72552
24780,0.002354,172.31.36.0-255,66,57395,20,72552
24781,0.002356,172.217.194.0-255,766,58161,20,72552
24782,0.002628,172.217.194.0-255,1484,59645,20,72552
24783,0.00263,172.31.36.0-255,66,59711,20,72552
24784,0.002634,172.217.194.0-255,2902,62613,20,72552
24785,0.002735,172.217.194.0-255,1484,64097,20,72552
24786,0.002745,172.217.194.0-255,766,64863,20,72552
24787,0.002801,172.217.194.0-255,1484,66347,20,72552
24788,0.002847,172.217.194.0-255,2902,69249,20,72552
24789,0.002866,172.217.194.0-255,2961,72210,20,72552
24790,0.002868,172.217.194.0-255,105,72315,20,72552
24791,0.007078,172.31.36.0-255,66,72381,20,72552
24792,0.009359,172.31.36.0-255,105,72486,20,72552
24793,0.011962,172.217.194.0-255,66,72552,20,72552
24794,0.0,74.125.24.0-255,146,146,20,71341
24795,2.6e-05,172.31.36.0-255,66,212,20,71341
24796,3.4e-05,74.125.24.0-255,1484,1696,20,71341
24797,3.9e-05,172.31.36.0-255,66,1762,20,71341
24798,5.3e-05,74.125.24.0-255,2902,4664,20,71341
24799,5.7e-05,172.31.36.0-255,66,4730,20,71341
24800,6.9e-05,172.31.36.0-255,66,4796,20,71341
24801,7.3e-05,74.125.24.0-255,2091,6887,20,71341
24802,7.7e-05,172.31.36.0-255,66,6953,20,71341
24803,0.000216,74.125.24.0-255,1484,8437,20,71341
24804,0.00022,172.31.36.0-255,66,8503,20,71341
24805,0.000225,74.125.24.0-255,2902,11405,20,71341
24806,0.000228,172.31.36.0-255,66,11471,20,71341
24807,0.000238,74.125.24.0-255,2902,14373,20,71341
24808,0.000241,172.31.36.0-255,66,14439,20,71341
24809,0.000273,74.125.24.0-255,2902,17341,20,71341
24810,0.000276,172.31.36.0-255,66,17407,20,71341
24811,0.000285,172.31.36.0-255,66,17473,20,71341
24812,0.000324,172.31.36.0-255,66,17539,20,71341
24813,0.000348,172.31.36.0-255,66,17605,20,71341
24814,0.000357,172.31.36.0-255,66,17671,20,71341
24815,0.000396,172.31.36.0-255,66,17737,20,71341
24816,0.000399,74.125.24.0-255,707,18444,20,71341
24817,0.000401,172.31.36.0-255,66,18510,20,71341
24818,0.000612,74.125.24.0-255,1484,19994,20,71341
24819,0.000616,172.31.36.0-255,66,20060,20,71341
24820,0.000621,74.125.24.0-255,2902,22962,20,71341
24821,0.000623,172.31.36.0-255,66,23028,20,71341
24822,0.000654,172.31.36.0-255,66,23094,20,71341
24823,0.000665,172.31.36.0-255,66,23160,20,71341
24824,0.000689,74.125.24.0-255,1484,24644,20,71341
24825,0.000691,172.31.36.0-255,66,24710,20,71341
24826,0.000712,172.31.36.0-255,66,24776,20,71341
24827,0.000752,172.31.36.0-255,66,24842,20,71341
24828,0.001136,74.125.24.0-255,1484,26326,20,71341
24829,0.001143,74.125.24.0-255,2902,29228,20,71341
24830,0.001208,74.125.24.0-255,1484,30712,20,71341
24831,0.001237,74.125.24.0-255,3602,34314,20,71341
24832,0.002189,172.31.36.0-255,66,34380,20,71341
24833,0.002343,74.125.24.0-255,1484,35864,20,71341
24834,0.002352,74.125.24.0-255,2902,38766,20,71341
24835,0.00243,74.125.24.0-255,1484,40250,20,71341
24836,0.002497,74.125.24.0-255,1484,41734,20,71341
24837,0.002512,74.125.24.0-255,2902,44636,20,71341
24838,0.002638,74.125.24.0-255,1484,46120,20,71341
24839,0.002644,172.31.36.0-255,66,46186,20,71341
24840,0.002724,172.31.36.0-255,66,46252,20,71341
24841,0.002749,74.125.24.0-255,2184,48436,20,71341
24842,0.002754,74.125.24.0-255,2902,51338,20,71341
24843,0.002781,172.31.36.0-255,66,51404,20,71341
24844,0.00283,172.31.36.0-255,66,51470,20,71341
24845,0.00287,74.125.24.0-255,1484,52954,20,71341
24846,0.0029,172.31.36.0-255,66,53020,20,71341
24847,0.002927,172.31.36.0-255,66,53086,20,71341
24848,0.002977,172.31.36.0-255,66,53152,20,71341
24849,0.002998,74.125.24.0-255,3602,56754,20,71341
24850,0.003001,74.125.24.0-255,1484,58238,20,71341
24851,0.003017,74.125.24.0-255,1484,59722,20,71341
24852,0.003038,172.31.36.0-255,66,59788,20,71341
24853,0.003046,74.125.24.0-255,2902,62690,20,71341
24854,0.003057,172.31.36.0-255,66,62756,20,71341
24855,0.003263,74.125.24.0-255,766,63522,20,71341
24856,0.003374,74.125.24.0-255,1484,65006,20,71341
24857,0.00338,74.125.24.0-255,2902,67908,20,71341
24858,0.003422,74.125.24.0-255,1484,69392,20,71341
24859,0.003505,74.125.24.0-255,1510,70902,20,71341
24860,0.003531,74.125.24.0-255,97,70999,20,71341
24861,0.003589,74.125.24.0-255,105,71104,20,71341
24862,0.003961,172.31.36.0-255,66,71170,20,71341
24863,0.012779,172.31.36.0-255,105,71275,20,71341
24864,0.015375,74.125.24.0-255,66,71341,20,71341
24865,0.0,172.217.194.0-255,153,153,20,48293
24866,2.2e-05,172.31.36.0-255,66,219,20,48293
24867,2.9e-05,172.217.194.0-255,1484,1703,20,48293
24868,3.3e-05,172.31.36.0-255,66,1769,20,48293
24869,3.9e-05,172.217.194.0-255,2902,4671,20,48293
24870,4.2e-05,172.31.36.0-255,66,4737,20,48293
24871,5.2e-05,172.31.36.0-255,66,4803,20,48293
24872,8.2e-05,172.31.36.0-255,66,4869,20,48293
24873,9.4e-05,172.31.36.0-255,66,4935,20,48293
24874,0.000135,172.217.194.0-255,3961,8896,20,48293
24875,0.000138,172.31.36.0-255,66,8962,20,48293
24876,0.000214,172.217.194.0-255,1484,10446,20,48293
24877,0.000217,172.31.36.0-255,66,10512,20,48293
24878,0.000222,172.217.194.0-255,2902,13414,20,48293
24879,0.000225,172.31.36.0-255,66,13480,20,48293
24880,0.000229,172.217.194.0-255,2902,16382,20,48293
24881,0.000231,172.31.36.0-255,66,16448,20,48293
24882,0.000249,172.217.194.0-255,2902,19350,20,48293
24883,0.000252,172.31.36.0-255,66,19416,20,48293
24884,0.000281,172.31.36.0-255,66,19482,20,48293
24885,0.001146,172.217.194.0-255,1484,20966,20,48293
24886,0.001152,172.31.36.0-255,66,21032,20,48293
24887,0.001163,172.217.194.0-255,2902,23934,20,48293
24888,0.001165,172.31.36.0-255,66,24000,20,48293
24889,0.001174,172.31.36.0-255,66,24066,20,48293
24890,0.001197,172.31.36.0-255,66,24132,20,48293
24891,0.001302,172.217.194.0-255,647,24779,20,48293
24892,0.001332,172.217.194.0-255,1484,26263,20,48293
24893,0.001336,172.31.36.0-255,66,26329,20,48293
24894,0.001345,172.31.36.0-255,66,26395,20,48293
24895,0.001367,172.217.194.0-255,1484,27879,20,48293
24896,0.001386,172.31.36.0-255,66,27945,20,48293
24897,0.001394,172.31.36.0-255,66,28011,20,48293
24898,0.001412,172.31.36.0-255,66,28077,20,48293
24899,0.001455,172.31.36.0-255,66,28143,20,48293
24900,0.002085,172.217.194.0-255,1484,29627,20,48293
24901,0.002093,172.217.194.0-255,2902,32529,20,48293
24902,0.002096,172.31.36.0-255,66,32595,20,48293
24903,0.002107,172.31.36.0-255,66,32661,20,48293
24904,0.002137,172.31.36.0-255,66,32727,20,48293
24905,0.00217,172.31.36.0-255,66,32793,20,48293
24906,0.002351,172.217.194.0-255,1484,34277,20,48293
24907,0.002356,172.217.194.0-255,2902,37179,20,48293
24908,0.002359,172.31.36.0-255,66,37245,20,48293
24909,0.002364,172.217.194.0-255,2902,40147,20,48293
24910,0.002366,172.31.36.0-255,66,40213,20,48293
24911,0.002381,172.217.194.0-255,2902,43115,20,48293
24912,0.002383,172.31.36.0-255,66,43181,20,48293
24913,0.00242,172.31.36.0-255,66,43247,20,48293
24914,0.002433,172.31.36.0-255,66,43313,20,48293
24915,0.002469,172.217.194.0-255,2902,46215,20,48293
24916,0.002472,172.31.36.0-255,66,46281,20,48293
24917,0.002516,172.31.36.0-255,66,46347,20,48293
24918,0.002519,172.217.194.0-255,1484,47831,20,48293
24919,0.002719,172.31.36.0-255,66,47897,20,48293
24920,0.005236,172.31.36.0-255,66,47963,20,48293
24921,0.007766,172.31.36.0-255,66,48029,20,48293
24922,0.010291,172.31.36.0-255,66,48095,20,48293
24923,0.012849,172.31.36.0-255,66,48161,20,48293
24924,0.01543,172.31.36.0-255,66,48227,20,48293
24925,0.017996,172.31.36.0-255,66,48293,20,48293
24926,0.0,172.217.194.0-255,153,153,20,56534
24927,3.4e-05,172.31.36.0-255,66,219,20,56534
24928,4.2e-05,172.217.194.0-255,1484,1703,20,56534
24929,4.7e-05,172.31.36.0-255,66,1769,20,56534
24930,5.2e-05,172.217.194.0-255,2902,4671,20,56534
24931,5.5e-05,172.31.36.0-255,66,4737,20,56534
24932,6.5e-05,172.31.36.0-255,66,4803,20,56534
24933,6.8e-05,172.217.194.0-255,1484,6287,20,56534
24934,7e-05,172.31.36.0-255,66,6353,20,56534
24935,9.7e-05,172.217.194.0-255,653,7006,20,56534
24936,0.0001,172.31.36.0-255,66,7072,20,56534
24937,0.000119,172.217.194.0-255,1484,8556,20,56534
24938,0.000122,172.31.36.0-255,66,8622,20,56534
24939,0.000151,172.31.36.0-255,66,8688,20,56534
24940,0.000156,172.217.194.0-255,2902,11590,20,56534
24941,0.000159,172.31.36.0-255,66,11656,20,56534
24942,0.000182,172.31.36.0-255,66,11722,20,56534
24943,0.000185,172.217.194.0-255,1125,12847,20,56534
24944,0.000187,172.31.36.0-255,66,12913,20,56534
24945,0.000251,172.217.194.0-255,1484,14397,20,56534
24946,0.000255,172.31.36.0-255,66,14463,20,56534
24947,0.00026,172.217.194.0-255,2902,17365,20,56534
24948,0.000262,172.31.36.0-255,66,17431,20,56534
24949,0.000271,172.31.36.0-255,66,17497,20,56534
24950,0.000274,172.217.194.0-255,1484,18981,20,56534
24951,0.000276,172.31.36.0-255,66,19047,20,56534
24952,0.000343,172.31.36.0-255,66,19113,20,56534
24953,0.000365,172.217.194.0-255,1125,20238,20,56534
24954,0.000381,172.31.36.0-255,66,20304,20,56534
24955,0.000388,172.31.36.0-255,66,20370,20,56534
24956,0.000438,172.31.36.0-255,66,20436,20,56534
24957,0.000663,172.217.194.0-255,645,21081,20,56534
24958,0.000846,172.31.36.0-255,66,21147,20,56534
24959,0.000938,172.217.194.0-255,1484,22631,20,56534
24960,0.000946,172.217.194.0-255,2902,25533,20,56534
24961,0.001014,172.217.194.0-255,1484,27017,20,56534
24962,0.001611,172.217.194.0-255,1484,28501,20,56534
24963,0.001619,172.217.194.0-255,2902,31403,20,56534
24964,0.001637,172.217.194.0-255,2902,34305,20,56534
24965,0.001665,172.217.194.0-255,2902,37207,20,56534
24966,0.001689,172.217.194.0-255,2902,40109,20,56534
24967,0.001803,172.217.194.0-255,1484,41593,20,56534
24968,0.001819,172.217.194.0-255,2902,44495,20,56534
24969,0.001823,172.217.194.0-255,2902,47397,20,56534
24970,0.001839,172.217.194.0-255,2902,50299,20,56534
24971,0.00204,172.217.194.0-255,1484,51783,20,56534
24972,0.002044,172.217.194.0-255,2902,54685,20,56534
24973,0.002047,172.217.194.0-255,1484,56169,20,56534
24974,0.005653,172.31.36.0-255,66,56235,20,56534
24975,0.005955,172.31.36.0-255,101,56336,20,56534
24976,0.007765,172.31.36.0-255,66,56402,20,56534
24977,0.007956,172.217.194.0-255,66,56468,20,56534
24978,0.00981,172.31.36.0-255,66,56534,20,56534
24979,0.0,74.125.24.0-255,153,153,20,66161
24980,3.8e-05,172.31.36.0-255,66,219,20,66161
24981,4.5e-05,74.125.24.0-255,1484,1703,20,66161
24982,5e-05,172.31.36.0-255,66,1769,20,66161
24983,5.5e-05,74.125.24.0-255,2902,4671,20,66161
24984,5.8e-05,172.31.36.0-255,66,4737,20,66161
24985,6.8e-05,172.31.36.0-255,66,4803,20,66161
24986,7.4e-05,74.125.24.0-255,2021,6824,20,66161
24987,7.6e-05,172.31.36.0-255,66,6890,20,66161
24988,9e-05,172.31.36.0-255,66,6956,20,66161
24989,9.7e-05,172.31.36.0-255,66,7022,20,66161
24990,0.00012,74.125.24.0-255,1125,8147,20,66161
24991,0.000123,172.31.36.0-255,66,8213,20,66161
24992,0.00024,74.125.24.0-255,1484,9697,20,66161
24993,0.000244,172.31.36.0-255,66,9763,20,66161
24994,0.000249,74.125.24.0-255,2902,12665,20,66161
24995,0.000253,172.31.36.0-255,66,12731,20,66161
24996,0.000278,172.31.36.0-255,66,12797,20,66161
24997,0.000319,172.31.36.0-255,66,12863,20,66161
24998,0.00034,172.31.36.0-255,66,12929,20,66161
24999,0.000358,172.31.36.0-255,66,12995,20,66161
25000,0.000387,172.31.36.0-255,66,13061,20,66161
25001,0.000391,74.125.24.0-255,2820,15881,20,66161
25002,0.000393,172.31.36.0-255,66,15947,20,66161
25003,0.000704,74.125.24.0-255,380,16327,20,66161
25004,0.000841,74.125.24.0-255,1484,17811,20,66161
25005,0.000845,172.31.36.0-255,66,17877,20,66161
25006,0.000851,74.125.24.0-255,2902,20779,20,66161
25007,0.000853,172.31.36.0-255,66,20845,20,66161
25008,0.000892,172.31.36.0-255,66,20911,20,66161
25009,0.000897,74.125.24.0-255,2902,23813,20,66161
25010,0.000899,172.31.36.0-255,66,23879,20,66161
25011,0.000918,172.31.36.0-255,66,23945,20,66161
25012,0.000948,172.31.36.0-255,66,24011,20,66161
25013,0.000969,172.31.36.0-255,66,24077,20,66161
25014,0.000991,172.31.36.0-255,66,24143,20,66161
25015,0.001231,74.125.24.0-255,1484,25627,20,66161
25016,0.001241,74.125.24.0-255,2902,28529,20,66161
25017,0.001245,172.31.36.0-255,66,28595,20,66161
25018,0.001254,172.31.36.0-255,66,28661,20,66161
25019,0.001274,74.125.24.0-255,2902,31563,20,66161
25020,0.001278,172.31.36.0-255,66,31629,20,66161
25021,0.001317,172.31.36.0-255,66,31695,20,66161
25022,0.001329,172.31.36.0-255,66,31761,20,66161
25023,0.001422,74.125.24.0-255,1484,33245,20,66161
25024,0.001428,74.125.24.0-255,2902,36147,20,66161
25025,0.001432,172.31.36.0-255,66,36213,20,66161
25026,0.001442,172.31.36.0-255,66,36279,20,66161
25027,0.001474,172.31.36.0-255,66,36345,20,66161
25028,0.001482,172.31.36.0-255,66,36411,20,66161
25029,0.001489,172.31.36.0-255,66,36477,20,66161
25030,0.001526,172.31.36.0-255,66,36543,20,66161
25031,0.001531,74.125.24.0-255,2184,38727,20,66161
25032,0.001533,172.31.36.0-255,66,38793,20,66161
25033,0.001545,172.31.36.0-255,66,38859,20,66161
25034,0.001579,74.125.24.0-255,2902,41761,20,66161
25035,0.001582,172.31.36.0-255,66,41827,20,66161
25036,0.001599,172.31.36.0-255,66,41893,20,66161
25037,0.001603,74.125.24.0-255,766,42659,20,66161
25038,0.001634,74.125.24.0-255,1484,44143,20,66161
25039,0.001638,172.31.36.0-255,66,44209,20,66161
25040,0.001642,74.125.24.0-255,1484,45693,20,66161
25041,0.001661,74.125.24.0-255,1484,47177,20,66161
25042,0.001671,172.31.36.0-255,66,47243,20,66161
25043,0.00168,172.31.36.0-255,66,47309,20,66161
25044,0.001701,74.125.24.0-255,2902,50211,20,66161
25045,0.001704,172.31.36.0-255,66,50277,20,66161
25046,0.001736,172.31.36.0-255,66,50343,20,66161
25047,0.001746,172.31.36.0-255,66,50409,20,66161
25048,0.001795,74.125.24.0-255,1484,51893,20,66161
25049,0.0018,74.125.24.0-255,2902,54795,20,66161
25050,0.001833,172.31.36.0-255,66,54861,20,66161
25051,0.001837,172.31.36.0-255,66,54927,20,66161
25052,0.001841,172.31.36.0-255,66,54993,20,66161
25053,0.001845,74.125.24.0-255,2902,57895,20,66161
25054,0.001847,172.31.36.0-255,66,57961,20,66161
25055,0.001857,172.31.36.0-255,66,58027,20,66161
25056,0.001881,172.31.36.0-255,66,58093,20,66161
25057,0.001917,74.125.24.0-255,3602,61695,20,66161
25058,0.001921,172.31.36.0-255,66,61761,20,66161
25059,0.001934,172.31.36.0-255,66,61827,20,66161
25060,0.001965,74.125.24.0-255,1484,63311,20,66161
25061,0.001967,172.31.36.0-255,66,63377,20,66161
25062,0.00202,172.31.36.0-255,66,63443,20,66161
25063,0.00204,74.125.24.0-255,2184,65627,20,66161
25064,0.002064,172.31.36.0-255,66,65693,20,66161
25065,0.002081,74.125.24.0-255,126,65819,20,66161
25066,0.002083,74.125.24.0-255,105,65924,20,66161
25067,0.002103,172.31.36.0-255,66,65990,20,66161
25068,0.004006,172.31.36.0-255,105,66095,20,66161
25069,0.006369,74.125.24.0-255,66,66161,20,66161
25070,0.0,74.125.24.0-255,146,146,20,88426
25071,2.1e-05,172.31.36.0-255,66,212,20,88426
25072,2.9e-05,74.125.24.0-255,1484,1696,20,88426
25073,3.4e-05,172.31.36.0-255,66,1762,20,88426
25074,4e-05,74.125.24.0-255,2902,4664,20,88426
25075,4.4e-05,172.31.36.0-255,66,4730,20,88426
25076,5.3e-05,172.31.36.0-255,66,4796,20,88426
25077,5.8e-05,74.125.24.0-255,2902,7698,20,88426
25078,6.1e-05,172.31.36.0-255,66,7764,20,88426
25079,8.1e-05,74.125.24.0-255,694,8458,20,88426
25080,8.3e-05,172.31.36.0-255,66,8524,20,88426
25081,9.2e-05,172.31.36.0-255,66,8590,20,88426
25082,9.7e-05,74.125.24.0-255,2902,11492,20,88426
25083,9.9e-05,172.31.36.0-255,66,11558,20,88426
25084,0.000128,172.31.36.0-255,66,11624,20,88426
25085,0.000133,74.125.24.0-255,2543,14167,20,88426
25086,0.000135,172.31.36.0-255,66,14233,20,88426
25087,0.00024,74.125.24.0-255,1484,15717,20,88426
25088,0.000244,172.31.36.0-255,66,15783,20,88426
25089,0.00025,74.125.24.0-255,2902,18685,20,88426
25090,0.000252,172.31.36.0-255,66,18751,20,88426
25091,0.000261,172.31.36.0-255,66,18817,20,88426
25092,0.000265,74.125.24.0-255,1484,20301,20,88426
25093,0.000267,172.31.36.0-255,66,20367,20,88426
25094,0.00029,74.125.24.0-255,1484,21851,20,88426
25095,0.000292,172.31.36.0-255,66,21917,20,88426
25096,0.000296,74.125.24.0-255,1484,23401,20,88426
25097,0.000299,172.31.36.0-255,66,23467,20,88426
25098,0.000348,74.125.24.0-255,1484,24951,20,88426
25099,0.000407,74.125.24.0-255,379,25330,20,88426
25100,0.000481,172.31.36.0-255,66,25396,20,88426
25101,0.000561,74.125.24.0-255,1484,26880,20,88426
25102,0.000568,74.125.24.0-255,2902,29782,20,88426
25103,0.000593,172.31.36.0-255,66,29848,20,88426
25104,0.000616,172.31.36.0-255,66,29914,20,88426
25105,0.000661,172.31.36.0-255,66,29980,20,88426
25106,0.000674,74.125.24.0-255,2184,32164,20,88426
25107,0.00068,74.125.24.0-255,2902,35066,20,88426
25108,0.00071,172.31.36.0-255,66,35132,20,88426
25109,0.00072,74.125.24.0-255,2902,38034,20,88426
25110,0.000725,172.31.36.0-255,66,38100,20,88426
25111,0.000779,172.31.36.0-255,66,38166,20,88426
25112,0.000803,74.125.24.0-255,2184,40350,20,88426
25113,0.000887,172.31.36.0-255,66,40416,20,88426
25114,0.000897,74.125.24.0-255,1484,41900,20,88426
25115,0.000902,74.125.24.0-255,2902,44802,20,88426
25116,0.000913,172.31.36.0-255,66,44868,20,88426
25117,0.000923,74.125.24.0-255,2902,47770,20,88426
25118,0.000973,172.31.36.0-255,66,47836,20,88426
25119,0.00099,74.125.24.0-255,2902,50738,20,88426
25120,0.001007,74.125.24.0-255,2184,52922,20,88426
25121,0.001021,172.31.36.0-255,66,52988,20,88426
25122,0.001067,172.31.36.0-255,66,53054,20,88426
25123,0.001093,74.125.24.0-255,3602,56656,20,88426
25124,0.001097,74.125.24.0-255,1484,58140,20,88426
25125,0.001107,172.31.36.0-255,66,58206,20,88426
25126,0.001117,74.125.24.0-255,2902,61108,20,88426
25127,0.001121,74.125.24.0-255,2902,64010,20,88426
25128,0.00114,172.31.36.0-255,66,64076,20,88426
25129,0.001149,74.125.24.0-255,1484,65560,20,88426
25130,0.001199,74.125.24.0-255,2902,68462,20,88426
25131,0.001211,172.31.36.0-255,66,68528,20,88426
25132,0.001215,74.125.24.0-255,2902,71430,20,88426
25133,0.001218,74.125.24.0-255,2902,74332,20,88426
25134,0.001229,74.125.24.0-255,2902,77234,20,88426
25135,0.001234,172.31.36.0-255,66,77300,20,88426
25136,0.001242,74.125.24.0-255,2902,80202,20,88426
25137,0.001267,172.31.36.0-255,66,80268,20,88426
25138,0.001296,172.31.36.0-255,66,80334,20,88426
25139,0.001314,172.31.36.0-255,66,80400,20,88426
25140,0.001357,74.125.24.0-255,1484,81884,20,88426
25141,0.001361,74.125.24.0-255,2902,84786,20,88426
25142,0.001384,172.31.36.0-255,66,84852,20,88426
25143,0.001391,74.125.24.0-255,1484,86336,20,88426
25144,0.001395,172.31.36.0-255,66,86402,20,88426
25145,0.001402,74.125.24.0-255,1484,87886,20,88426
25146,0.001432,172.31.36.0-255,66,87952,20,88426
25147,0.001466,172.31.36.0-255,66,88018,20,88426
25148,0.001561,172.31.36.0-255,66,88084,20,88426
25149,0.001611,74.125.24.0-255,105,88189,20,88426
25150,0.001634,172.31.36.0-255,66,88255,20,88426
25151,0.00939,172.31.36.0-255,105,88360,20,88426
25152,0.011696,74.125.24.0-255,66,88426,20,88426
25153,0.0,74.125.130.0-255,298,298,20,90337
25154,2.6e-05,172.31.36.0-255,66,364,20,90337
25155,3.2e-05,74.125.130.0-255,1484,1848,20,90337
25156,3.6e-05,172.31.36.0-255,66,1914,20,90337
25157,4.6e-05,172.31.36.0-255,66,1980,20,90337
25158,7.7e-05,172.31.36.0-255,66,2046,20,90337
25159,8.4e-05,172.31.36.0-255,66,2112,20,90337
25160,0.000105,74.125.130.0-255,1484,3596,20,90337
25161,0.000107,172.31.36.0-255,66,3662,20,90337
25162,0.000137,172.31.36.0-255,66,3728,20,90337
25163,0.000164,74.125.130.0-255,3961,7689,20,90337
25164,0.000167,172.31.36.0-255,66,7755,20,90337
25165,0.000274,74.125.130.0-255,1484,9239,20,90337
25166,0.000279,172.31.36.0-255,66,9305,20,90337
25167,0.000283,74.125.130.0-255,1484,10789,20,90337
25168,0.000285,172.31.36.0-255,66,10855,20,90337
25169,0.000298,74.125.130.0-255,1484,12339,20,90337
25170,0.000301,172.31.36.0-255,66,12405,20,90337
25171,0.000304,74.125.130.0-255,1484,13889,20,90337
25172,0.000307,172.31.36.0-255,66,13955,20,90337
25173,0.00034,172.31.36.0-255,66,14021,20,90337
25174,0.000344,172.31.36.0-255,66,14087,20,90337
25175,0.000359,74.125.130.0-255,1484,15571,20,90337
25176,0.000362,172.31.36.0-255,66,15637,20,90337
25177,0.000388,74.125.130.0-255,2902,18539,20,90337
25178,0.00039,172.31.36.0-255,66,18605,20,90337
25179,0.000399,172.31.36.0-255,66,18671,20,90337
25180,0.000423,172.31.36.0-255,66,18737,20,90337
25181,0.000438,74.125.130.0-255,1125,19862,20,90337
25182,0.000442,74.125.130.0-255,645,20507,20,90337
25183,0.000444,172.31.36.0-255,66,20573,20,90337
25184,0.000712,74.125.130.0-255,1484,22057,20,90337
25185,0.00073,74.125.130.0-255,2902,24959,20,90337
25186,0.000734,172.31.36.0-255,66,25025,20,90337
25187,0.000783,74.125.130.0-255,2902,27927,20,90337
25188,0.000786,172.31.36.0-255,66,27993,20,90337
25189,0.000802,74.125.130.0-255,1484,29477,20,90337
25190,0.000832,172.31.36.0-255,66,29543,20,90337
25191,0.000835,74.125.130.0-255,1484,31027,20,90337
25192,0.000838,74.125.130.0-255,2543,33570,20,90337
25193,0.00084,172.31.36.0-255,66,33636,20,90337
25194,0.000884,74.125.130.0-255,2902,36538,20,90337
25195,0.000888,172.31.36.0-255,66,36604,20,90337
25196,0.000896,172.31.36.0-255,66,36670,20,90337
25197,0.000934,172.31.36.0-255,66,36736,20,90337
25198,0.000969,74.125.130.0-255,3961,40697,20,90337
25199,0.000972,172.31.36.0-255,66,40763,20,90337
25200,0.001209,74.125.130.0-255,1484,42247,20,90337
25201,0.001232,74.125.130.0-255,2902,45149,20,90337
25202,0.001237,172.31.36.0-255,66,45215,20,90337
25203,0.001265,172.31.36.0-255,66,45281,20,90337
25204,0.001288,172.31.36.0-255,66,45347,20,90337
25205,0.001293,74.125.130.0-255,2902,48249,20,90337
25206,0.001295,172.31.36.0-255,66,48315,20,90337
25207,0.001311,74.125.130.0-255,2902,51217,20,90337
25208,0.001315,172.31.36.0-255,66,51283,20,90337
25209,0.001345,172.31.36.0-255,66,51349,20,90337
25210,0.001381,172.31.36.0-255,66,51415,20,90337
25211,0.00148,74.125.130.0-255,1484,52899,20,90337
25212,0.0015,74.125.130.0-255,2902,55801,20,90337
25213,0.001503,172.31.36.0-255,66,55867,20,90337
25214,0.001512,172.31.36.0-255,66,55933,20,90337
25215,0.001526,74.125.130.0-255,1484,57417,20,90337
25216,0.001531,74.125.130.0-255,2902,60319,20,90337
25217,0.001533,172.31.36.0-255,66,60385,20,90337
25218,0.00154,172.31.36.0-255,66,60451,20,90337
25219,0.001553,74.125.130.0-255,2902,63353,20,90337
25220,0.001556,172.31.36.0-255,66,63419,20,90337
25221,0.001581,172.31.36.0-255,66,63485,20,90337
25222,0.001589,172.31.36.0-255,66,63551,20,90337
25223,0.001622,74.125.130.0-255,2184,65735,20,90337
25224,0.001625,172.31.36.0-255,66,65801,20,90337
25225,0.001782,74.125.130.0-255,1484,67285,20,90337
25226,0.001807,74.125.130.0-255,2902,70187,20,90337
25227,0.001812,172.31.36.0-255,66,70253,20,90337
25228,0.001816,74.125.130.0-255,1484,71737,20,90337
25229,0.001838,172.31.36.0-255,66,71803,20,90337
25230,0.001841,74.125.130.0-255,1484,73287,20,90337
25231,0.001863,172.31.36.0-255,66,73353,20,90337
25232,0.001886,172.31.36.0-255,66,73419,20,90337
25233,0.001903,74.125.130.0-255,2902,76321,20,90337
25234,0.001907,172.31.36.0-255,66,76387,20,90337
25235,0.001929,74.125.130.0-255,1484,77871,20,90337
25236,0.001957,172.31.36.0-255,66,77937,20,90337
25237,0.002054,74.125.130.0-255,1484,79421,20,90337
25238,0.00207,74.125.130.0-255,2902,82323,20,90337
25239,0.002072,172.31.36.0-255,66,82389,20,90337
25240,0.002086,74.125.130.0-255,1484,83873,20,90337
25241,0.002099,74.125.130.0-255,2902,86775,20,90337
25242,0.002101,172.31.36.0-255,66,86841,20,90337
25243,0.004127,74.125.130.0-255,1484,88325,20,90337
25244,0.004164,172.31.36.0-255,66,88391,20,90337
25245,0.006239,172.31.36.0-255,66,88457,20,90337
25246,0.008345,172.31.36.0-255,66,88523,20,90337
25247,0.010432,172.31.36.0-255,66,88589,20,90337
25248,0.012511,172.31.36.0-255,66,88655,20,90337
25249,0.014587,172.31.36.0-255,66,88721,20,90337
25250,0.016676,172.31.36.0-255,66,88787,20,90337
25251,0.018764,172.31.36.0-255,66,88853,20,90337
25252,0.018802,74.125.130.0-255,1484,90337,20,90337
25253,0.0,172.31.36.0-255,105,105,20,459
25254,0.000286,172.31.36.0-255,90,195,20,459
25255,0.000297,172.31.36.0-255,66,261,20,459
25256,0.002903,74.125.24.0-255,66,327,20,459
25257,0.002922,74.125.24.0-255,66,393,20,459
25258,0.002936,172.31.36.0-255,66,459,20,459
25259,0.0,74.125.24.0-255,66,66,20,66
25260,0.0,172.217.194.0-255,146,146,20,46758
25261,3.5e-05,172.31.36.0-255,66,212,20,46758
25262,4.2e-05,172.217.194.0-255,1484,1696,20,46758
25263,4.6e-05,172.31.36.0-255,66,1762,20,46758
25264,5.1e-05,172.217.194.0-255,2902,4664,20,46758
25265,5.4e-05,172.31.36.0-255,66,4730,20,46758
25266,6.5e-05,172.31.36.0-255,66,4796,20,46758
25267,6.7e-05,172.217.194.0-255,1484,6280,20,46758
25268,7e-05,172.31.36.0-255,66,6346,20,46758
25269,8.2e-05,172.31.36.0-255,66,6412,20,46758
25270,8.5e-05,172.217.194.0-255,1484,7896,20,46758
25271,9e-05,172.31.36.0-255,66,7962,20,46758
25272,0.00012,172.31.36.0-255,66,8028,20,46758
25273,0.000378,172.217.194.0-255,1484,9512,20,46758
25274,0.000384,172.31.36.0-255,66,9578,20,46758
25275,0.00039,172.217.194.0-255,2902,12480,20,46758
25276,0.000392,172.31.36.0-255,66,12546,20,46758
25277,0.0004,172.31.36.0-255,66,12612,20,46758
25278,0.000417,172.217.194.0-255,1484,14096,20,46758
25279,0.000421,172.31.36.0-255,66,14162,20,46758
25280,0.000457,172.31.36.0-255,66,14228,20,46758
25281,0.000482,172.31.36.0-255,66,14294,20,46758
25282,0.000493,172.31.36.0-255,66,14360,20,46758
25283,0.000496,172.217.194.0-255,365,14725,20,46758
25284,0.000498,172.31.36.0-255,66,14791,20,46758
25285,0.000531,172.217.194.0-255,1484,16275,20,46758
25286,0.000537,172.217.194.0-255,2902,19177,20,46758
25287,0.000548,172.31.36.0-255,66,19243,20,46758
25288,0.000552,172.217.194.0-255,1484,20727,20,46758
25289,0.000555,172.217.194.0-255,1484,22211,20,46758
25290,0.000558,172.217.194.0-255,1484,23695,20,46758
25291,0.000566,172.31.36.0-255,66,23761,20,46758
25292,0.000581,172.31.36.0-255,66,23827,20,46758
25293,0.000594,172.217.194.0-255,2902,26729,20,46758
25294,0.000607,172.31.36.0-255,66,26795,20,46758
25295,0.000624,172.31.36.0-255,66,26861,20,46758
25296,0.000653,172.31.36.0-255,66,26927,20,46758
25297,0.000661,172.217.194.0-255,1484,28411,20,46758
25298,0.000666,172.217.194.0-255,2902,31313,20,46758
25299,0.000669,172.31.36.0-255,66,31379,20,46758
25300,0.000681,172.31.36.0-255,66,31445,20,46758
25301,0.000717,172.217.194.0-255,1484,32929,20,46758
25302,0.000734,172.31.36.0-255,66,32995,20,46758
25303,0.00074,172.31.36.0-255,66,33061,20,46758
25304,0.000768,172.31.36.0-255,66,33127,20,46758
25305,0.000803,172.217.194.0-255,1484,34611,20,46758
25306,0.000807,172.217.194.0-255,1484,36095,20,46758
25307,0.000817,172.31.36.0-255,66,36161,20,46758
25308,0.000818,172.217.194.0-255,1484,37645,20,46758
25309,0.000833,172.31.36.0-255,66,37711,20,46758
25310,0.000852,172.217.194.0-255,1484,39195,20,46758
25311,0.000884,172.31.36.0-255,66,39261,20,46758
25312,0.000931,172.31.36.0-255,66,39327,20,46758
25313,0.001061,172.217.194.0-255,1484,40811,20,46758
25314,0.001067,172.217.194.0-255,2902,43713,20,46758
25315,0.001071,172.31.36.0-255,66,43779,20,46758
25316,0.001075,172.217.194.0-255,1484,45263,20,46758
25317,0.001105,172.31.36.0-255,66,45329,20,46758
25318,0.001133,172.31.36.0-255,66,45395,20,46758
25319,0.001158,172.31.36.0-255,66,45461,20,46758
25320,0.001185,172.31.36.0-255,66,45527,20,46758
25321,0.001198,172.31.36.0-255,66,45593,20,46758
25322,0.001248,172.31.36.0-255,66,45659,20,46758
25323,0.001299,172.31.36.0-255,66,45725,20,46758
25324,0.00133,172.31.36.0-255,66,45791,20,46758
25325,0.001343,172.31.36.0-255,66,45857,20,46758
25326,0.001359,172.31.36.0-255,66,45923,20,46758
25327,0.001394,172.31.36.0-255,66,45989,20,46758
25328,0.001409,172.31.36.0-255,66,46055,20,46758
25329,0.001429,172.31.36.0-255,66,46121,20,46758
25330,0.001445,172.31.36.0-255,66,46187,20,46758
25331,0.00146,172.31.36.0-255,66,46253,20,46758
25332,0.00151,172.217.194.0-255,97,46350,20,46758
25333,0.001512,172.217.194.0-255,105,46455,20,46758
25334,0.001514,172.31.36.0-255,66,46521,20,46758
25335,0.00348,172.31.36.0-255,66,46587,20,46758
25336,0.003507,172.31.36.0-255,105,46692,20,46758
25337,0.005744,172.217.194.0-255,66,46758,20,46758
25338,0.0,74.125.24.0-255,153,153,20,56555
25339,2.5e-05,172.31.36.0-255,66,219,20,56555
25340,3.3e-05,74.125.24.0-255,1484,1703,20,56555
25341,3.7e-05,172.31.36.0-255,66,1769,20,56555
25342,4.3e-05,74.125.24.0-255,2902,4671,20,56555
25343,4.6e-05,172.31.36.0-255,66,4737,20,56555
25344,5.6e-05,172.31.36.0-255,66,4803,20,56555
25345,9.8e-05,74.125.24.0-255,3423,8226,20,56555
25346,0.000102,172.31.36.0-255,66,8292,20,56555
25347,0.00041,74.125.24.0-255,1484,9776,20,56555
25348,0.000418,172.31.36.0-255,66,9842,20,56555
25349,0.000424,74.125.24.0-255,2902,12744,20,56555
25350,0.000427,172.31.36.0-255,66,12810,20,56555
25351,0.000435,172.31.36.0-255,66,12876,20,56555
25352,0.000469,172.31.36.0-255,66,12942,20,56555
25353,0.000561,74.125.24.0-255,1484,14426,20,56555
25354,0.000567,172.31.36.0-255,66,14492,20,56555
25355,0.000573,74.125.24.0-255,2902,17394,20,56555
25356,0.000575,172.31.36.0-255,66,17460,20,56555
25357,0.000583,172.31.36.0-255,66,17526,20,56555
25358,0.000601,74.125.24.0-255,1484,19010,20,56555
25359,0.000604,172.31.36.0-255,66,19076,20,56555
25360,0.000616,172.31.36.0-255,66,19142,20,56555
25361,0.000659,172.31.36.0-255,66,19208,20,56555
25362,0.000662,74.125.24.0-255,1435,20643,20,56555
25363,0.000664,172.31.36.0-255,66,20709,20,56555
25364,0.000784,74.125.24.0-255,110,20819,20,56555
25365,0.00079,74.125.24.0-255,333,21152,20,56555
25366,0.001126,172.31.36.0-255,66,21218,20,56555
25367,0.001463,74.125.24.0-255,1484,22702,20,56555
25368,0.001504,74.125.24.0-255,1484,24186,20,56555
25369,0.001507,172.31.36.0-255,66,24252,20,56555
25370,0.001512,74.125.24.0-255,2902,27154,20,56555
25371,0.001514,172.31.36.0-255,66,27220,20,56555
25372,0.001546,172.31.36.0-255,66,27286,20,56555
25373,0.001549,74.125.24.0-255,1484,28770,20,56555
25374,0.001577,172.31.36.0-255,66,28836,20,56555
25375,0.00158,74.125.24.0-255,1484,30320,20,56555
25376,0.001621,172.31.36.0-255,66,30386,20,56555
25377,0.001641,74.125.24.0-255,3602,33988,20,56555
25378,0.001643,172.31.36.0-255,66,34054,20,56555
25379,0.001671,74.125.24.0-255,1484,35538,20,56555
25380,0.001676,74.125.24.0-255,2902,38440,20,56555
25381,0.001678,172.31.36.0-255,66,38506,20,56555
25382,0.001685,172.31.36.0-255,66,38572,20,56555
25383,0.001698,74.125.24.0-255,1484,40056,20,56555
25384,0.001702,74.125.24.0-255,2902,42958,20,56555
25385,0.001704,172.31.36.0-255,66,43024,20,56555
25386,0.001707,74.125.24.0-255,1484,44508,20,56555
25387,0.001729,74.125.24.0-255,2902,47410,20,56555
25388,0.001731,172.31.36.0-255,66,47476,20,56555
25389,0.001756,172.31.36.0-255,66,47542,20,56555
25390,0.001764,172.31.36.0-255,66,47608,20,56555
25391,0.001778,74.125.24.0-255,766,48374,20,56555
25392,0.002026,74.125.24.0-255,1484,49858,20,56555
25393,0.00203,172.31.36.0-255,66,49924,20,56555
25394,0.002035,74.125.24.0-255,2902,52826,20,56555
25395,0.002037,172.31.36.0-255,66,52892,20,56555
25396,0.00204,74.125.24.0-255,2902,55794,20,56555
25397,0.002042,172.31.36.0-255,66,55860,20,56555
25398,0.004038,172.31.36.0-255,66,55926,20,56555
25399,0.006072,172.31.36.0-255,66,55992,20,56555
25400,0.008102,172.31.36.0-255,66,56058,20,56555
25401,0.010099,172.31.36.0-255,66,56124,20,56555
25402,0.012139,172.31.36.0-255,66,56190,20,56555
25403,0.012271,172.31.36.0-255,101,56291,20,56555
25404,0.01413,172.31.36.0-255,66,56357,20,56555
25405,0.01422,74.125.24.0-255,66,56423,20,56555
25406,0.016139,172.31.36.0-255,66,56489,20,56555
25407,0.018134,172.31.36.0-255,66,56555,20,56555
25408,0.0,172.217.194.0-255,153,153,20,22904
25409,1.5e-05,172.31.36.0-255,66,219,20,22904
25410,2.2e-05,172.217.194.0-255,1484,1703,20,22904
25411,2.6e-05,172.31.36.0-255,66,1769,20,22904
25412,3e-05,172.217.194.0-255,1484,3253,20,22904
25413,4.2e-05,172.31.36.0-255,66,3319,20,22904
25414,6.5e-05,172.217.194.0-255,1484,4803,20,22904
25415,7.3e-05,172.31.36.0-255,66,4869,20,22904
25416,7.7e-05,172.217.194.0-255,1484,6353,20,22904
25417,7.9e-05,172.31.36.0-255,66,6419,20,22904
25418,9.3e-05,172.31.36.0-255,66,6485,20,22904
25419,0.000128,172.31.36.0-255,66,6551,20,22904
25420,0.000136,172.31.36.0-255,66,6617,20,22904
25421,0.000166,172.217.194.0-255,1484,8101,20,22904
25422,0.000169,172.31.36.0-255,66,8167,20,22904
25423,0.000235,172.31.36.0-255,66,8233,20,22904
25424,0.000345,172.217.194.0-255,1484,9717,20,22904
25425,0.000349,172.31.36.0-255,66,9783,20,22904
25426,0.000353,172.217.194.0-255,1484,11267,20,22904
25427,0.000355,172.31.36.0-255,66,11333,20,22904
25428,0.000377,172.217.194.0-255,1484,12817,20,22904
25429,0.000379,172.31.36.0-255,66,12883,20,22904
25430,0.000394,172.31.36.0-255,66,12949,20,22904
25431,0.000401,172.31.36.0-255,66,13015,20,22904
25432,0.000455,172.31.36.0-255,66,13081,20,22904
25433,0.000459,172.217.194.0-255,2902,15983,20,22904
25434,0.000461,172.31.36.0-255,66,16049,20,22904
25435,0.000494,172.31.36.0-255,66,16115,20,22904
25436,0.00071,172.217.194.0-255,339,16454,20,22904
25437,0.000759,172.217.194.0-255,118,16572,20,22904
25438,0.001127,172.31.36.0-255,66,16638,20,22904
25439,0.004765,172.217.194.0-255,1484,18122,20,22904
25440,0.004774,172.217.194.0-255,2902,21024,20,22904
25441,0.004778,172.31.36.0-255,66,21090,20,22904
25442,0.004783,172.217.194.0-255,1484,22574,20,22904
25443,0.007326,172.31.36.0-255,66,22640,20,22904
25444,0.009876,172.31.36.0-255,66,22706,20,22904
25445,0.012451,172.31.36.0-255,66,22772,20,22904
25446,0.015014,172.31.36.0-255,66,22838,20,22904
25447,0.017567,172.31.36.0-255,66,22904,20,22904
25448,0.0,74.125.24.0-255,153,153,20,74810
25449,3.3e-05,172.31.36.0-255,66,219,20,74810
25450,3.9e-05,74.125.24.0-255,1484,1703,20,74810
25451,4.3e-05,172.31.36.0-255,66,1769,20,74810
25452,4.8e-05,74.125.24.0-255,2902,4671,20,74810
25453,5e-05,172.31.36.0-255,66,4737,20,74810
25454,6.8e-05,172.31.36.0-255,66,4803,20,74810
25455,0.000127,172.31.36.0-255,66,4869,20,74810
25456,0.000132,74.125.24.0-255,3961,8830,20,74810
25457,0.000134,172.31.36.0-255,66,8896,20,74810
25458,0.00023,74.125.24.0-255,1484,10380,20,74810
25459,0.000235,172.31.36.0-255,66,10446,20,74810
25460,0.00024,74.125.24.0-255,2902,13348,20,74810
25461,0.000243,172.31.36.0-255,66,13414,20,74810
25462,0.000279,172.31.36.0-255,66,13480,20,74810
25463,0.000289,172.31.36.0-255,66,13546,20,74810
25464,0.000344,172.31.36.0-255,66,13612,20,74810
25465,0.00035,74.125.24.0-255,2543,16155,20,74810
25466,0.000352,172.31.36.0-255,66,16221,20,74810
25467,0.000409,74.125.24.0-255,398,16619,20,74810
25468,0.000412,172.31.36.0-255,66,16685,20,74810
25469,0.000502,74.125.24.0-255,108,16793,20,74810
25470,0.000507,172.31.36.0-255,66,16859,20,74810
25471,0.000552,74.125.24.0-255,1484,18343,20,74810
25472,0.000555,172.31.36.0-255,66,18409,20,74810
25473,0.000561,74.125.24.0-255,2902,21311,20,74810
25474,0.000563,172.31.36.0-255,66,21377,20,74810
25475,0.000603,172.31.36.0-255,66,21443,20,74810
25476,0.000642,172.31.36.0-255,66,21509,20,74810
25477,0.000652,172.31.36.0-255,66,21575,20,74810
25478,0.000669,74.125.24.0-255,1484,23059,20,74810
25479,0.000688,74.125.24.0-255,2451,25510,20,74810
25480,0.000691,172.31.36.0-255,66,25576,20,74810
25481,0.000876,74.125.24.0-255,1484,27060,20,74810
25482,0.000881,74.125.24.0-255,1484,28544,20,74810
25483,0.000886,172.31.36.0-255,66,28610,20,74810
25484,0.000892,74.125.24.0-255,1484,30094,20,74810
25485,0.000917,172.31.36.0-255,66,30160,20,74810
25486,0.00092,74.125.24.0-255,1484,31644,20,74810
25487,0.000956,172.31.36.0-255,66,31710,20,74810
25488,0.000963,172.31.36.0-255,66,31776,20,74810
25489,0.000966,74.125.24.0-255,766,32542,20,74810
25490,0.00131,172.31.36.0-255,66,32608,20,74810
25491,0.001499,74.125.24.0-255,1484,34092,20,74810
25492,0.001509,74.125.24.0-255,2902,36994,20,74810
25493,0.001513,172.31.36.0-255,66,37060,20,74810
25494,0.001546,172.31.36.0-255,66,37126,20,74810
25495,0.001555,172.31.36.0-255,66,37192,20,74810
25496,0.00159,74.125.24.0-255,2902,40094,20,74810
25497,0.001594,172.31.36.0-255,66,40160,20,74810
25498,0.001605,172.31.36.0-255,66,40226,20,74810
25499,0.001608,74.125.24.0-255,1484,41710,20,74810
25500,0.00164,74.125.24.0-255,3602,45312,20,74810
25501,0.001643,172.31.36.0-255,66,45378,20,74810
25502,0.001685,74.125.24.0-255,1484,46862,20,74810
25503,0.001705,74.125.24.0-255,2902,49764,20,74810
25504,0.001708,172.31.36.0-255,66,49830,20,74810
25505,0.001711,74.125.24.0-255,1484,51314,20,74810
25506,0.001741,172.31.36.0-255,66,51380,20,74810
25507,0.001774,172.31.36.0-255,66,51446,20,74810
25508,0.001802,172.31.36.0-255,66,51512,20,74810
25509,0.001808,74.125.24.0-255,2902,54414,20,74810
25510,0.00181,172.31.36.0-255,66,54480,20,74810
25511,0.001852,172.31.36.0-255,66,54546,20,74810
25512,0.002053,74.125.24.0-255,1484,56030,20,74810
25513,0.00207,74.125.24.0-255,2902,58932,20,74810
25514,0.002073,172.31.36.0-255,66,58998,20,74810
25515,0.002082,172.31.36.0-255,66,59064,20,74810
25516,0.002107,74.125.24.0-255,1484,60548,20,74810
25517,0.002115,172.31.36.0-255,66,60614,20,74810
25518,0.002144,172.31.36.0-255,66,60680,20,74810
25519,0.002156,172.31.36.0-255,66,60746,20,74810
25520,0.00216,74.125.24.0-255,2184,62930,20,74810
25521,0.002199,172.31.36.0-255,66,62996,20,74810
25522,0.002236,74.125.24.0-255,1484,64480,20,74810
25523,0.00224,74.125.24.0-255,2902,67382,20,74810
25524,0.002243,172.31.36.0-255,66,67448,20,74810
25525,0.00225,172.31.36.0-255,66,67514,20,74810
25526,0.002275,74.125.24.0-255,1484,68998,20,74810
25527,0.002283,172.31.36.0-255,66,69064,20,74810
25528,0.002299,172.31.36.0-255,66,69130,20,74810
25529,0.002321,172.31.36.0-255,66,69196,20,74810
25530,0.002348,74.125.24.0-255,3602,72798,20,74810
25531,0.00235,172.31.36.0-255,66,72864,20,74810
25532,0.004583,74.125.24.0-255,1484,74348,20,74810
25533,0.004646,172.31.36.0-255,66,74414,20,74810
25534,0.006909,172.31.36.0-255,66,74480,20,74810
25535,0.009237,172.31.36.0-255,66,74546,20,74810
25536,0.011569,172.31.36.0-255,66,74612,20,74810
25537,0.013837,172.31.36.0-255,66,74678,20,74810
25538,0.016144,172.31.36.0-255,66,74744,20,74810
25539,0.018467,172.31.36.0-255,66,74810,20,74810
25540,0.0,74.125.24.0-255,153,153,20,84294
25541,3.8e-05,172.31.36.0-255,66,219,20,84294
25542,4.6e-05,74.125.24.0-255,1484,1703,20,84294
25543,5.1e-05,172.31.36.0-255,66,1769,20,84294
25544,5.6e-05,74.125.24.0-255,2902,4671,20,84294
25545,5.9e-05,172.31.36.0-255,66,4737,20,84294
25546,7e-05,172.31.36.0-255,66,4803,20,84294
25547,7.9e-05,172.31.36.0-255,66,4869,20,84294
25548,0.000133,172.31.36.0-255,66,4935,20,84294
25549,0.000158,172.31.36.0-255,66,5001,20,84294
25550,0.000187,74.125.24.0-255,1484,6485,20,84294
25551,0.000189,172.31.36.0-255,66,6551,20,84294
25552,0.000196,74.125.24.0-255,2902,9453,20,84294
25553,0.000198,172.31.36.0-255,66,9519,20,84294
25554,0.000209,172.31.36.0-255,66,9585,20,84294
25555,0.000243,172.31.36.0-255,66,9651,20,84294
25556,0.000253,172.31.36.0-255,66,9717,20,84294
25557,0.000273,172.31.36.0-255,66,9783,20,84294
25558,0.000277,74.125.24.0-255,2819,12602,20,84294
25559,0.000279,172.31.36.0-255,66,12668,20,84294
25560,0.000311,74.125.24.0-255,130,12798,20,84294
25561,0.000316,172.31.36.0-255,66,12864,20,84294
25562,0.000469,74.125.24.0-255,1484,14348,20,84294
25563,0.000474,172.31.36.0-255,66,14414,20,84294
25564,0.000495,74.125.24.0-255,2902,17316,20,84294
25565,0.000497,172.31.36.0-255,66,17382,20,84294
25566,0.00051,74.125.24.0-255,1484,18866,20,84294
25567,0.000532,172.31.36.0-255,66,18932,20,84294
25568,0.000536,74.125.24.0-255,2902,21834,20,84294
25569,0.000538,172.31.36.0-255,66,21900,20,84294
25570,0.000552,74.125.24.0-255,1484,23384,20,84294
25571,0.000585,172.31.36.0-255,66,23450,20,84294
25572,0.000613,74.125.24.0-255,1484,24934,20,84294
25573,0.000639,172.31.36.0-255,66,25000,20,84294
25574,0.000642,74.125.24.0-255,1484,26484,20,84294
25575,0.000647,74.125.24.0-255,2902,29386,20,84294
25576,0.000649,172.31.36.0-255,66,29452,20,84294
25577,0.000652,74.125.24.0-255,1484,30936,20,84294
25578,0.000679,172.31.36.0-255,66,31002,20,84294
25579,0.000693,172.31.36.0-255,66,31068,20,84294
25580,0.000703,172.31.36.0-255,66,31134,20,84294
25581,0.000736,74.125.24.0-255,2184,33318,20,84294
25582,0.000742,172.31.36.0-255,66,33384,20,84294
25583,0.001015,74.125.24.0-255,1484,34868,20,84294
25584,0.001021,74.125.24.0-255,2902,37770,20,84294
25585,0.001025,172.31.36.0-255,66,37836,20,84294
25586,0.001029,74.125.24.0-255,1484,39320,20,84294
25587,0.001052,172.31.36.0-255,66,39386,20,84294
25588,0.001087,172.31.36.0-255,66,39452,20,84294
25589,0.001112,172.31.36.0-255,66,39518,20,84294
25590,0.001115,74.125.24.0-255,1484,41002,20,84294
25591,0.001128,74.125.24.0-255,2902,43904,20,84294
25592,0.001131,172.31.36.0-255,66,43970,20,84294
25593,0.001149,172.31.36.0-255,66,44036,20,84294
25594,0.001154,74.125.24.0-255,3602,47638,20,84294
25595,0.001156,172.31.36.0-255,66,47704,20,84294
25596,0.00116,74.125.24.0-255,2902,50606,20,84294
25597,0.001162,172.31.36.0-255,66,50672,20,84294
25598,0.001179,74.125.24.0-255,1484,52156,20,84294
25599,0.001183,74.125.24.0-255,2902,55058,20,84294
25600,0.001185,172.31.36.0-255,66,55124,20,84294
25601,0.001217,172.31.36.0-255,66,55190,20,84294
25602,0.001227,172.31.36.0-255,66,55256,20,84294
25603,0.001267,172.31.36.0-255,66,55322,20,84294
25604,0.001284,74.125.24.0-255,2184,57506,20,84294
25605,0.001287,172.31.36.0-255,66,57572,20,84294
25606,0.00132,74.125.24.0-255,1484,59056,20,84294
25607,0.001337,74.125.24.0-255,2902,61958,20,84294
25608,0.00134,172.31.36.0-255,66,62024,20,84294
25609,0.001348,172.31.36.0-255,66,62090,20,84294
25610,0.00136,74.125.24.0-255,1484,63574,20,84294
25611,0.001394,172.31.36.0-255,66,63640,20,84294
25612,0.001419,172.31.36.0-255,66,63706,20,84294
25613,0.001428,172.31.36.0-255,66,63772,20,84294
25614,0.001468,172.31.36.0-255,66,63838,20,84294
25615,0.001484,74.125.24.0-255,766,64604,20,84294
25616,0.001551,74.125.24.0-255,1484,66088,20,84294
25617,0.001555,172.31.36.0-255,66,66154,20,84294
25618,0.00156,74.125.24.0-255,2902,69056,20,84294
25619,0.001563,172.31.36.0-255,66,69122,20,84294
25620,0.00159,172.31.36.0-255,66,69188,20,84294
25621,0.0016,74.125.24.0-255,1484,70672,20,84294
25622,0.001635,172.31.36.0-255,66,70738,20,84294
25623,0.001646,172.31.36.0-255,66,70804,20,84294
25624,0.001669,74.125.24.0-255,2184,72988,20,84294
25625,0.001672,172.31.36.0-255,66,73054,20,84294
25626,0.001677,74.125.24.0-255,2902,75956,20,84294
25627,0.001679,172.31.36.0-255,66,76022,20,84294
25628,0.001714,74.125.24.0-255,1484,77506,20,84294
25629,0.001739,172.31.36.0-255,66,77572,20,84294
25630,0.001753,172.31.36.0-255,66,77638,20,84294
25631,0.001772,172.31.36.0-255,66,77704,20,84294
25632,0.001795,74.125.24.0-255,766,78470,20,84294
25633,0.001809,172.31.36.0-255,66,78536,20,84294
25634,0.001828,74.125.24.0-255,2902,81438,20,84294
25635,0.001831,172.31.36.0-255,66,81504,20,84294
25636,0.00187,172.31.36.0-255,66,81570,20,84294
25637,0.001879,74.125.24.0-255,2184,83754,20,84294
25638,0.001881,172.31.36.0-255,66,83820,20,84294
25639,0.001948,172.31.36.0-255,66,83886,20,84294
25640,0.001958,172.31.36.0-255,66,83952,20,84294
25641,0.001961,74.125.24.0-255,105,84057,20,84294
25642,0.003263,172.31.36.0-255,66,84123,20,84294
25643,0.00329,172.31.36.0-255,105,84228,20,84294
25644,0.005339,74.125.24.0-255,66,84294,20,84294
25645,0.0,74.125.24.0-255,152,152,20,95951
25646,3.1e-05,172.31.36.0-255,66,218,20,95951
25647,3.9e-05,74.125.24.0-255,1484,1702,20,95951
25648,4.4e-05,172.31.36.0-255,66,1768,20,95951
25649,4.8e-05,74.125.24.0-255,2902,4670,20,95951
25650,5.1e-05,172.31.36.0-255,66,4736,20,95951
25651,7e-05,172.31.36.0-255,66,4802,20,95951
25652,8e-05,172.31.36.0-255,66,4868,20,95951
25653,0.000113,74.125.24.0-255,3414,8282,20,95951
25654,0.000117,172.31.36.0-255,66,8348,20,95951
25655,0.000129,172.31.36.0-255,66,8414,20,95951
25656,0.000134,74.125.24.0-255,2902,11316,20,95951
25657,0.000136,172.31.36.0-255,66,11382,20,95951
25658,0.000196,172.31.36.0-255,66,11448,20,95951
25659,0.000222,74.125.24.0-255,3602,15050,20,95951
25660,0.000225,172.31.36.0-255,66,15116,20,95951
25661,0.000288,74.125.24.0-255,1484,16600,20,95951
25662,0.000292,172.31.36.0-255,66,16666,20,95951
25663,0.000297,74.125.24.0-255,2902,19568,20,95951
25664,0.0003,172.31.36.0-255,66,19634,20,95951
25665,0.000304,74.125.24.0-255,2902,22536,20,95951
25666,0.000313,172.31.36.0-255,66,22602,20,95951
25667,0.000342,74.125.24.0-255,2902,25504,20,95951
25668,0.000346,172.31.36.0-255,66,25570,20,95951
25669,0.000383,172.31.36.0-255,66,25636,20,95951
25670,0.000421,172.31.36.0-255,66,25702,20,95951
25671,0.000442,74.125.24.0-255,2902,28604,20,95951
25672,0.000443,172.31.36.0-255,66,28670,20,95951
25673,0.000449,172.31.36.0-255,66,28736,20,95951
25674,0.000474,74.125.24.0-255,333,29069,20,95951
25675,0.000478,172.31.36.0-255,66,29135,20,95951
25676,0.000532,74.125.24.0-255,1484,30619,20,95951
25677,0.000536,74.125.24.0-255,2902,33521,20,95951
25678,0.000546,172.31.36.0-255,66,33587,20,95951
25679,0.000586,74.125.24.0-255,1484,35071,20,95951
25680,0.00062,172.31.36.0-255,66,35137,20,95951
25681,0.000626,172.31.36.0-255,66,35203,20,95951
25682,0.00064,172.31.36.0-255,66,35269,20,95951
25683,0.000645,172.31.36.0-255,66,35335,20,95951
25684,0.000686,74.125.24.0-255,1484,36819,20,95951
25685,0.00069,74.125.24.0-255,1484,38303,20,95951
25686,0.000693,172.31.36.0-255,66,38369,20,95951
25687,0.000731,74.125.24.0-255,1484,39853,20,95951
25688,0.00075,172.31.36.0-255,66,39919,20,95951
25689,0.000771,172.31.36.0-255,66,39985,20,95951
25690,0.000787,172.31.36.0-255,66,40051,20,95951
25691,0.000847,74.125.24.0-255,1484,41535,20,95951
25692,0.000854,74.125.24.0-255,2902,44437,20,95951
25693,0.000856,74.125.24.0-255,1484,45921,20,95951
25694,0.000864,172.31.36.0-255,66,45987,20,95951
25695,0.000879,172.31.36.0-255,66,46053,20,95951
25696,0.000906,172.31.36.0-255,66,46119,20,95951
25697,0.000927,172.31.36.0-255,66,46185,20,95951
25698,0.000943,172.31.36.0-255,66,46251,20,95951
25699,0.000981,74.125.24.0-255,1484,47735,20,95951
25700,0.000987,74.125.24.0-255,2902,50637,20,95951
25701,0.000995,172.31.36.0-255,66,50703,20,95951
25702,0.001019,74.125.24.0-255,2902,53605,20,95951
25703,0.001021,172.31.36.0-255,66,53671,20,95951
25704,0.001026,172.31.36.0-255,66,53737,20,95951
25705,0.001052,172.31.36.0-255,66,53803,20,95951
25706,0.001068,74.125.24.0-255,1484,55287,20,95951
25707,0.001102,172.31.36.0-255,66,55353,20,95951
25708,0.001127,172.31.36.0-255,66,55419,20,95951
25709,0.00115,74.125.24.0-255,1484,56903,20,95951
25710,0.001155,74.125.24.0-255,2902,59805,20,95951
25711,0.001158,172.31.36.0-255,66,59871,20,95951
25712,0.001194,172.31.36.0-255,66,59937,20,95951
25713,0.001198,172.31.36.0-255,66,60003,20,95951
25714,0.001252,74.125.24.0-255,2902,62905,20,95951
25715,0.001252,172.31.36.0-255,66,62971,20,95951
25716,0.001258,172.31.36.0-255,66,63037,20,95951
25717,0.001322,172.31.36.0-255,66,63103,20,95951
25718,0.001347,74.125.24.0-255,1484,64587,20,95951
25719,0.001377,74.125.24.0-255,2902,67489,20,95951
25720,0.001381,172.31.36.0-255,66,67555,20,95951
25721,0.001385,74.125.24.0-255,1484,69039,20,95951
25722,0.001427,172.31.36.0-255,66,69105,20,95951
25723,0.001465,172.31.36.0-255,66,69171,20,95951
25724,0.001529,74.125.24.0-255,766,69937,20,95951
25725,0.00153,172.31.36.0-255,66,70003,20,95951
25726,0.001619,74.125.24.0-255,1484,71487,20,95951
25727,0.001624,172.31.36.0-255,66,71553,20,95951
25728,0.00163,74.125.24.0-255,2902,74455,20,95951
25729,0.001633,74.125.24.0-255,1484,75939,20,95951
25730,0.001634,172.31.36.0-255,66,76005,20,95951
25731,0.001671,172.31.36.0-255,66,76071,20,95951
25732,0.001685,172.31.36.0-255,66,76137,20,95951
25733,0.001723,74.125.24.0-255,2184,78321,20,95951
25734,0.001727,172.31.36.0-255,66,78387,20,95951
25735,0.001733,172.31.36.0-255,66,78453,20,95951
25736,0.001787,74.125.24.0-255,1484,79937,20,95951
25737,0.001805,74.125.24.0-255,2902,82839,20,95951
25738,0.00181,172.31.36.0-255,66,82905,20,95951
25739,0.00182,74.125.24.0-255,2902,85807,20,95951
25740,0.001825,172.31.36.0-255,66,85873,20,95951
25741,0.001842,74.125.24.0-255,2902,88775,20,95951
25742,0.001851,172.31.36.0-255,66,88841,20,95951
25743,0.001864,74.125.24.0-255,2902,91743,20,95951
25744,0.001877,172.31.36.0-255,66,91809,20,95951
25745,0.001899,172.31.36.0-255,66,91875,20,95951
25746,0.001914,172.31.36.0-255,66,91941,20,95951
25747,0.001939,74.125.24.0-255,3602,95543,20,95951
25748,0.00195,172.31.36.0-255,66,95609,20,95951
25749,0.001952,74.125.24.0-255,105,95714,20,95951
25750,0.001957,172.31.36.0-255,66,95780,20,95951
25751,0.003543,172.31.36.0-255,105,95885,20,95951
25752,0.006141,74.125.24.0-255,66,95951,20,95951
25753,0.0,74.125.24.0-255,219,219,20,68583
25754,2.2e-05,172.31.36.0-255,66,285,20,68583
25755,2.9e-05,74.125.24.0-255,1484,1769,20,68583
25756,3.4e-05,172.31.36.0-255,66,1835,20,68583
25757,4.4e-05,172.31.36.0-255,66,1901,20,68583
25758,5.7e-05,172.31.36.0-255,66,1967,20,68583
25759,8.1e-05,74.125.24.0-255,1484,3451,20,68583
25760,8.4e-05,172.31.36.0-255,66,3517,20,68583
25761,8.9e-05,74.125.24.0-255,2902,6419,20,68583
25762,9.1e-05,172.31.36.0-255,66,6485,20,68583
25763,9.5e-05,74.125.24.0-255,2902,9387,20,68583
25764,9.7e-05,172.31.36.0-255,66,9453,20,68583
25765,0.00012,74.125.24.0-255,2902,12355,20,68583
25766,0.000122,172.31.36.0-255,66,12421,20,68583
25767,0.000136,74.125.24.0-255,1484,13905,20,68583
25768,0.000138,172.31.36.0-255,66,13971,20,68583
25769,0.000159,74.125.24.0-255,2902,16873,20,68583
25770,0.000161,172.31.36.0-255,66,16939,20,68583
25771,0.000178,74.125.24.0-255,2543,19482,20,68583
25772,0.000182,172.31.36.0-255,66,19548,20,68583
25773,0.000209,74.125.24.0-255,1484,21032,20,68583
25774,0.000211,172.31.36.0-255,66,21098,20,68583
25775,0.000216,74.125.24.0-255,2902,24000,20,68583
25776,0.000218,172.31.36.0-255,66,24066,20,68583
25777,0.000228,74.125.24.0-255,1484,25550,20,68583
25778,0.00023,172.31.36.0-255,66,25616,20,68583
25779,0.000245,172.31.36.0-255,66,25682,20,68583
25780,0.000252,172.31.36.0-255,66,25748,20,68583
25781,0.000273,74.125.24.0-255,2543,28291,20,68583
25782,0.000319,74.125.24.0-255,1484,29775,20,68583
25783,0.000332,74.125.24.0-255,2902,32677,20,68583
25784,0.000335,74.125.24.0-255,1484,34161,20,68583
25785,0.000405,74.125.24.0-255,411,34572,20,68583
25786,0.000479,172.31.36.0-255,66,34638,20,68583
25787,0.0007,74.125.24.0-255,333,34971,20,68583
25788,0.000998,74.125.24.0-255,1484,36455,20,68583
25789,0.00101,74.125.24.0-255,2902,39357,20,68583
25790,0.001022,74.125.24.0-255,1484,40841,20,68583
25791,0.001039,74.125.24.0-255,1484,42325,20,68583
25792,0.001053,74.125.24.0-255,1484,43809,20,68583
25793,0.001075,74.125.24.0-255,2902,46711,20,68583
25794,0.001123,74.125.24.0-255,766,47477,20,68583
25795,0.001303,74.125.24.0-255,1484,48961,20,68583
25796,0.001313,74.125.24.0-255,1484,50445,20,68583
25797,0.001323,74.125.24.0-255,1484,51929,20,68583
25798,0.001363,74.125.24.0-255,1484,53413,20,68583
25799,0.001385,74.125.24.0-255,1484,54897,20,68583
25800,0.001395,74.125.24.0-255,1484,56381,20,68583
25801,0.003613,172.31.36.0-255,66,56447,20,68583
25802,0.005703,74.125.24.0-255,2902,59349,20,68583
25803,0.00571,172.31.36.0-255,66,59415,20,68583
25804,0.005729,74.125.24.0-255,2902,62317,20,68583
25805,0.005732,172.31.36.0-255,66,62383,20,68583
25806,0.007789,74.125.24.0-255,1484,63867,20,68583
25807,0.007806,74.125.24.0-255,1484,65351,20,68583
25808,0.007851,74.125.24.0-255,2902,68253,20,68583
25809,0.011029,172.31.36.0-255,66,68319,20,68583
25810,0.013173,172.31.36.0-255,66,68385,20,68583
25811,0.015279,172.31.36.0-255,66,68451,20,68583
25812,0.017383,172.31.36.0-255,66,68517,20,68583
25813,0.019489,172.31.36.0-255,66,68583,20,68583
25814,0.0,74.125.200.0-255,150,150,20,102273
25815,2.4e-05,172.31.36.0-255,66,216,20,102273
25816,3.1e-05,74.125.200.0-255,1484,1700,20,102273
25817,3.6e-05,172.31.36.0-255,66,1766,20,102273
25818,4.2e-05,74.125.200.0-255,2902,4668,20,102273
25819,4.6e-05,172.31.36.0-255,66,4734,20,102273
25820,5.7e-05,172.31.36.0-255,66,4800,20,102273
25821,8.8e-05,74.125.200.0-255,3474,8274,20,102273
25822,9.1e-05,172.31.36.0-255,66,8340,20,102273
25823,0.0001,172.31.36.0-255,66,8406,20,102273
25824,0.000104,74.125.200.0-255,1484,9890,20,102273
25825,0.000106,172.31.36.0-255,66,9956,20,102273
25826,0.000132,172.31.36.0-255,66,10022,20,102273
25827,0.000135,74.125.200.0-255,1125,11147,20,102273
25828,0.000137,172.31.36.0-255,66,11213,20,102273
25829,0.000584,74.125.200.0-255,1484,12697,20,102273
25830,0.00059,172.31.36.0-255,66,12763,20,102273
25831,0.000612,74.125.200.0-255,2902,15665,20,102273
25832,0.000615,172.31.36.0-255,66,15731,20,102273
25833,0.000625,172.31.36.0-255,66,15797,20,102273
25834,0.000659,172.31.36.0-255,66,15863,20,102273
25835,0.000686,74.125.200.0-255,2902,18765,20,102273
25836,0.000689,172.31.36.0-255,66,18831,20,102273
25837,0.000698,172.31.36.0-255,66,18897,20,102273
25838,0.000722,74.125.200.0-255,2902,21799,20,102273
25839,0.000724,172.31.36.0-255,66,21865,20,102273
25840,0.000748,172.31.36.0-255,66,21931,20,102273
25841,0.000751,74.125.200.0-255,1435,23366,20,102273
25842,0.000755,74.125.200.0-255,109,23475,20,102273
25843,0.000903,74.125.200.0-255,1484,24959,20,102273
25844,0.000907,172.31.36.0-255,66,25025,20,102273
25845,0.000912,74.125.200.0-255,2902,27927,20,102273
25846,0.000914,172.31.36.0-255,66,27993,20,102273
25847,0.000923,172.31.36.0-255,66,28059,20,102273
25848,0.000943,74.125.200.0-255,1484,29543,20,102273
25849,0.000947,74.125.200.0-255,2902,32445,20,102273
25850,0.00095,172.31.36.0-255,66,32511,20,102273
25851,0.000968,172.31.36.0-255,66,32577,20,102273
25852,0.001007,172.31.36.0-255,66,32643,20,102273
25853,0.001011,74.125.200.0-255,2902,35545,20,102273
25854,0.001013,172.31.36.0-255,66,35611,20,102273
25855,0.001041,74.125.200.0-255,1484,37095,20,102273
25856,0.001055,74.125.200.0-255,3602,40697,20,102273
25857,0.001058,172.31.36.0-255,66,40763,20,102273
25858,0.001097,74.125.200.0-255,1484,42247,20,102273
25859,0.001102,74.125.200.0-255,2902,45149,20,102273
25860,0.001105,172.31.36.0-255,66,45215,20,102273
25861,0.001109,74.125.200.0-255,1484,46699,20,102273
25862,0.001129,172.31.36.0-255,66,46765,20,102273
25863,0.001159,172.31.36.0-255,66,46831,20,102273
25864,0.001184,172.31.36.0-255,66,46897,20,102273
25865,0.001206,172.31.36.0-255,66,46963,20,102273
25866,0.00121,74.125.200.0-255,2184,49147,20,102273
25867,0.001212,172.31.36.0-255,66,49213,20,102273
25868,0.001232,74.125.200.0-255,1484,50697,20,102273
25869,0.001272,172.31.36.0-255,66,50763,20,102273
25870,0.001281,172.31.36.0-255,66,50829,20,102273
25871,0.001299,74.125.200.0-255,2902,53731,20,102273
25872,0.001301,172.31.36.0-255,66,53797,20,102273
25873,0.001338,172.31.36.0-255,66,53863,20,102273
25874,0.00134,74.125.200.0-255,332,54195,20,102273
25875,0.001355,74.125.200.0-255,1484,55679,20,102273
25876,0.001358,172.31.36.0-255,66,55745,20,102273
25877,0.001384,172.31.36.0-255,66,55811,20,102273
25878,0.001402,172.31.36.0-255,66,55877,20,102273
25879,0.001419,74.125.200.0-255,2902,58779,20,102273
25880,0.001421,172.31.36.0-255,66,58845,20,102273
25881,0.001431,172.31.36.0-255,66,58911,20,102273
25882,0.001451,172.31.36.0-255,66,58977,20,102273
25883,0.00147,172.31.36.0-255,66,59043,20,102273
25884,0.001493,74.125.200.0-255,2184,61227,20,102273
25885,0.001496,172.31.36.0-255,66,61293,20,102273
25886,0.001536,74.125.200.0-255,2902,64195,20,102273
25887,0.00154,172.31.36.0-255,66,64261,20,102273
25888,0.001556,172.31.36.0-255,66,64327,20,102273
25889,0.001585,172.31.36.0-255,66,64393,20,102273
25890,0.001605,172.31.36.0-255,66,64459,20,102273
25891,0.001608,74.125.200.0-255,1484,65943,20,102273
25892,0.001637,172.31.36.0-255,66,66009,20,102273
25893,0.001649,74.125.200.0-255,1484,67493,20,102273
25894,0.001676,172.31.36.0-255,66,67559,20,102273
25895,0.001739,74.125.200.0-255,1484,69043,20,102273
25896,0.001746,74.125.200.0-255,2902,71945,20,102273
25897,0.001748,172.31.36.0-255,66,72011,20,102273
25898,0.001752,74.125.200.0-255,1484,73495,20,102273
25899,0.00177,74.125.200.0-255,2902,76397,20,102273
25900,0.001773,172.31.36.0-255,66,76463,20,102273
25901,0.001783,74.125.200.0-255,1484,77947,20,102273
25902,0.001808,172.31.36.0-255,66,78013,20,102273
25903,0.001817,172.31.36.0-255,66,78079,20,102273
25904,0.001826,172.31.36.0-255,66,78145,20,102273
25905,0.001858,172.31.36.0-255,66,78211,20,102273
25906,0.001988,74.125.200.0-255,1484,79695,20,102273
25907,0.001994,74.125.200.0-255,2902,82597,20,102273
25908,0.001997,172.31.36.0-255,66,82663,20,102273
25909,0.002022,172.31.36.0-255,66,82729,20,102273
25910,0.002034,74.125.200.0-255,1484,84213,20,102273
25911,0.002058,172.31.36.0-255,66,84279,20,102273
25912,0.002063,74.125.200.0-255,2902,87181,20,102273
25913,0.002065,172.31.36.0-255,66,87247,20,102273
25914,0.002127,172.31.36.0-255,66,87313,20,102273
25915,0.002132,74.125.200.0-255,2184,89497,20,102273
25916,0.002133,172.31.36.0-255,66,89563,20,102273
25917,0.002138,74.125.200.0-255,2902,92465,20,102273
25918,0.002141,172.31.36.0-255,66,92531,20,102273
25919,0.00215,172.31.36.0-255,66,92597,20,102273
25920,0.002159,172.31.36.0-255,66,92663,20,102273
25921,0.002194,172.31.36.0-255,66,92729,20,102273
25922,0.002221,172.31.36.0-255,66,92795,20,102273
25923,0.002235,74.125.200.0-255,2184,94979,20,102273
25924,0.002237,172.31.36.0-255,66,95045,20,102273
25925,0.002254,74.125.200.0-255,1484,96529,20,102273
25926,0.002273,172.31.36.0-255,66,96595,20,102273
25927,0.002298,172.31.36.0-255,66,96661,20,102273
25928,0.002301,74.125.200.0-255,1484,98145,20,102273
25929,0.002328,172.31.36.0-255,66,98211,20,102273
25930,0.002355,172.31.36.0-255,66,98277,20,102273
25931,0.004689,172.31.36.0-255,66,98343,20,102273
25932,0.00701,172.31.36.0-255,66,98409,20,102273
25933,0.009326,172.31.36.0-255,66,98475,20,102273
25934,0.009343,74.125.200.0-255,1484,99959,20,102273
25935,0.01165,172.31.36.0-255,66,100025,20,102273
25936,0.013997,172.31.36.0-255,66,100091,20,102273
25937,0.016331,172.31.36.0-255,66,100157,20,102273
25938,0.018647,74.125.200.0-255,1684,101841,20,102273
25939,0.018656,172.31.36.0-255,66,101907,20,102273
25940,0.018843,172.31.36.0-255,105,102012,20,102273
25941,0.018879,172.31.36.0-255,105,102117,20,102273
25942,0.019145,172.31.36.0-255,90,102207,20,102273
25943,0.019156,172.31.36.0-255,66,102273,20,102273
25944,0.0,74.125.24.0-255,66,66,20,66
25945,0.0,172.217.194.0-255,155,155,20,74880
25946,2.5e-05,172.31.36.0-255,66,221,20,74880
25947,3.2e-05,172.217.194.0-255,1484,1705,20,74880
25948,3.7e-05,172.31.36.0-255,66,1771,20,74880
25949,5.4e-05,172.217.194.0-255,2902,4673,20,74880
25950,5.8e-05,172.31.36.0-255,66,4739,20,74880
25951,6.8e-05,172.31.36.0-255,66,4805,20,74880
25952,7.2e-05,172.217.194.0-255,2004,6809,20,74880
25953,7.5e-05,172.31.36.0-255,66,6875,20,74880
25954,0.000122,172.217.194.0-255,2902,9777,20,74880
25955,0.000129,172.31.36.0-255,66,9843,20,74880
25956,0.000136,172.31.36.0-255,66,9909,20,74880
25957,0.000158,172.31.36.0-255,66,9975,20,74880
25958,0.000194,172.31.36.0-255,66,10041,20,74880
25959,0.000198,172.217.194.0-255,2543,12584,20,74880
25960,0.0002,172.31.36.0-255,66,12650,20,74880
25961,0.000211,172.217.194.0-255,2902,15552,20,74880
25962,0.000213,172.31.36.0-255,66,15618,20,74880
25963,0.000224,172.31.36.0-255,66,15684,20,74880
25964,0.000232,172.31.36.0-255,66,15750,20,74880
25965,0.000318,172.217.194.0-255,1484,17234,20,74880
25966,0.000324,172.31.36.0-255,66,17300,20,74880
25967,0.000328,172.217.194.0-255,1484,18784,20,74880
25968,0.000331,172.31.36.0-255,66,18850,20,74880
25969,0.00035,172.217.194.0-255,1484,20334,20,74880
25970,0.000356,172.31.36.0-255,66,20400,20,74880
25971,0.000363,172.31.36.0-255,66,20466,20,74880
25972,0.000395,172.31.36.0-255,66,20532,20,74880
25973,0.000609,172.217.194.0-255,367,20899,20,74880
25974,0.000734,172.217.194.0-255,1484,22383,20,74880
25975,0.00074,172.31.36.0-255,66,22449,20,74880
25976,0.000745,172.217.194.0-255,2902,25351,20,74880
25977,0.000749,172.31.36.0-255,66,25417,20,74880
25978,0.000751,172.217.194.0-255,1484,26901,20,74880
25979,0.000778,172.31.36.0-255,66,26967,20,74880
25980,0.000812,172.31.36.0-255,66,27033,20,74880
25981,0.000899,172.217.194.0-255,1484,28517,20,74880
25982,0.000905,172.217.194.0-255,1484,30001,20,74880
25983,0.000908,172.31.36.0-255,66,30067,20,74880
25984,0.000922,172.217.194.0-255,1484,31551,20,74880
25985,0.000936,172.31.36.0-255,66,31617,20,74880
25986,0.000941,172.217.194.0-255,2902,34519,20,74880
25987,0.000943,172.31.36.0-255,66,34585,20,74880
25988,0.000971,172.217.194.0-255,2902,37487,20,74880
25989,0.000974,172.31.36.0-255,66,37553,20,74880
25990,0.000977,172.217.194.0-255,1125,38678,20,74880
25991,0.001131,172.217.194.0-255,1484,40162,20,74880
25992,0.001137,172.31.36.0-255,66,40228,20,74880
25993,0.001143,172.217.194.0-255,2902,43130,20,74880
25994,0.001144,172.31.36.0-255,66,43196,20,74880
25995,0.001158,172.31.36.0-255,66,43262,20,74880
25996,0.001169,172.31.36.0-255,66,43328,20,74880
25997,0.001198,172.217.194.0-255,1484,44812,20,74880
25998,0.001213,172.217.194.0-255,2902,47714,20,74880
25999,0.001217,172.31.36.0-255,66,47780,20,74880
26000,0.001261,172.31.36.0-255,66,47846,20,74880
26001,0.001517,172.217.194.0-255,1484,49330,20,74880
26002,0.001525,172.217.194.0-255,2902,52232,20,74880
26003,0.00153,172.31.36.0-255,66,52298,20,74880
26004,0.001539,172.31.36.0-255,66,52364,20,74880
26005,0.001578,172.31.36.0-255,66,52430,20,74880
26006,0.001589,172.31.36.0-255,66,52496,20,74880
26007,0.00161,172.217.194.0-255,2902,55398,20,74880
26008,0.001612,172.31.36.0-255,66,55464,20,74880
26009,0.00162,172.31.36.0-255,66,55530,20,74880
26010,0.001794,172.217.194.0-255,1484,57014,20,74880
26011,0.001806,172.217.194.0-255,2902,59916,20,74880
26012,0.001809,172.31.36.0-255,66,59982,20,74880
26013,0.001812,172.217.194.0-255,1484,61466,20,74880
26014,0.001841,172.31.36.0-255,66,61532,20,74880
26015,0.001849,172.31.36.0-255,66,61598,20,74880
26016,0.001918,172.31.36.0-255,66,61664,20,74880
26017,0.001929,172.31.36.0-255,66,61730,20,74880
26018,0.001939,172.217.194.0-255,2184,63914,20,74880
26019,0.001944,172.31.36.0-255,66,63980,20,74880
26020,0.00198,172.217.194.0-255,1484,65464,20,74880
26021,0.001985,172.217.194.0-255,2902,68366,20,74880
26022,0.001993,172.31.36.0-255,66,68432,20,74880
26023,0.002031,172.31.36.0-255,66,68498,20,74880
26024,0.002042,172.31.36.0-255,66,68564,20,74880
26025,0.002088,172.31.36.0-255,66,68630,20,74880
26026,0.002092,172.217.194.0-255,2184,70814,20,74880
26027,0.002094,172.31.36.0-255,66,70880,20,74880
26028,0.002152,172.31.36.0-255,66,70946,20,74880
26029,0.0022,172.31.36.0-255,66,71012,20,74880
26030,0.002226,172.31.36.0-255,66,71078,20,74880
26031,0.002274,172.31.36.0-255,66,71144,20,74880
26032,0.002303,172.31.36.0-255,66,71210,20,74880
26033,0.002317,172.31.36.0-255,66,71276,20,74880
26034,0.002344,172.31.36.0-255,66,71342,20,74880
26035,0.00237,172.217.194.0-255,1484,72826,20,74880
26036,0.002392,172.31.36.0-255,66,72892,20,74880
26037,0.004679,172.31.36.0-255,66,72958,20,74880
26038,0.00699,172.31.36.0-255,66,73024,20,74880
26039,0.009297,172.31.36.0-255,66,73090,20,74880
26040,0.011616,172.31.36.0-255,66,73156,20,74880
26041,0.013942,172.31.36.0-255,66,73222,20,74880
26042,0.016278,172.217.194.0-255,1421,74643,20,74880
26043,0.016502,172.31.36.0-255,66,74709,20,74880
26044,0.016533,172.31.36.0-255,105,74814,20,74880
26045,0.018783,172.217.194.0-255,66,74880,20,74880
26046,0.0,74.125.24.0-255,153,153,20,47142
26047,3.2e-05,172.31.36.0-255,66,219,20,47142
26048,3.9e-05,74.125.24.0-255,1484,1703,20,47142
26049,4.4e-05,172.31.36.0-255,66,1769,20,47142
26050,5.7e-05,74.125.24.0-255,2902,4671,20,47142
26051,6e-05,172.31.36.0-255,66,4737,20,47142
26052,7.1e-05,172.31.36.0-255,66,4803,20,47142
26053,7.4e-05,74.125.24.0-255,2038,6841,20,47142
26054,7.6e-05,172.31.36.0-255,66,6907,20,47142
26055,0.000172,74.125.24.0-255,1484,8391,20,47142
26056,0.000177,172.31.36.0-255,66,8457,20,47142
26057,0.000183,74.125.24.0-255,2902,11359,20,47142
26058,0.000185,172.31.36.0-255,66,11425,20,47142
26059,0.0002,172.31.36.0-255,66,11491,20,47142
26060,0.00025,172.31.36.0-255,66,11557,20,47142
26061,0.000277,74.125.24.0-255,1125,12682,20,47142
26062,0.00028,172.31.36.0-255,66,12748,20,47142
26063,0.000464,74.125.24.0-255,1484,14232,20,47142
26064,0.000469,172.31.36.0-255,66,14298,20,47142
26065,0.000474,74.125.24.0-255,2902,17200,20,47142
26066,0.000476,172.31.36.0-255,66,17266,20,47142
26067,0.000484,172.31.36.0-255,66,17332,20,47142
26068,0.000519,74.125.24.0-255,1484,18816,20,47142
26069,0.000522,172.31.36.0-255,66,18882,20,47142
26070,0.000533,172.31.36.0-255,66,18948,20,47142
26071,0.000546,172.31.36.0-255,66,19014,20,47142
26072,0.000575,74.125.24.0-255,1484,20498,20,47142
26073,0.000581,74.125.24.0-255,2543,23041,20,47142
26074,0.000583,74.125.24.0-255,364,23405,20,47142
26075,0.000595,172.31.36.0-255,66,23471,20,47142
26076,0.000917,74.125.24.0-255,381,23852,20,47142
26077,0.000949,74.125.24.0-255,1484,25336,20,47142
26078,0.000955,172.31.36.0-255,66,25402,20,47142
26079,0.00157,74.125.24.0-255,1484,26886,20,47142
26080,0.001578,74.125.24.0-255,2902,29788,20,47142
26081,0.001591,74.125.24.0-255,1484,31272,20,47142
26082,0.00181,74.125.24.0-255,1484,32756,20,47142
26083,0.001813,74.125.24.0-255,1484,34240,20,47142
26084,0.001826,74.125.24.0-255,1484,35724,20,47142
26085,0.001853,74.125.24.0-255,2902,38626,20,47142
26086,0.001923,74.125.24.0-255,2902,41528,20,47142
26087,0.001939,74.125.24.0-255,3602,45130,20,47142
26088,0.00199,74.125.24.0-255,1484,46614,20,47142
26089,0.004326,172.31.36.0-255,66,46680,20,47142
26090,0.006478,172.31.36.0-255,66,46746,20,47142
26091,0.008581,172.31.36.0-255,66,46812,20,47142
26092,0.011543,172.31.36.0-255,66,46878,20,47142
26093,0.013652,172.31.36.0-255,66,46944,20,47142
26094,0.015729,172.31.36.0-255,66,47010,20,47142
26095,0.017816,172.31.36.0-255,66,47076,20,47142
26096,0.019922,172.31.36.0-255,66,47142,20,47142
26097,0.0,74.125.68.0-255,152,152,20,101668
26098,2.3e-05,172.31.36.0-255,66,218,20,101668
26099,3e-05,74.125.68.0-255,1484,1702,20,101668
26100,3.4e-05,172.31.36.0-255,66,1768,20,101668
26101,3.7e-05,74.125.68.0-255,1484,3252,20,101668
26102,3.9e-05,172.31.36.0-255,66,3318,20,101668
26103,4.5e-05,74.125.68.0-255,2902,6220,20,101668
26104,4.7e-05,172.31.36.0-255,66,6286,20,101668
26105,8.1e-05,172.31.36.0-255,66,6352,20,101668
26106,8.5e-05,74.125.68.0-255,2085,8437,20,101668
26107,8.7e-05,172.31.36.0-255,66,8503,20,101668
26108,0.000111,74.125.68.0-255,2902,11405,20,101668
26109,0.000113,172.31.36.0-255,66,11471,20,101668
26110,0.00013,74.125.68.0-255,1484,12955,20,101668
26111,0.000132,172.31.36.0-255,66,13021,20,101668
26112,0.00015,74.125.68.0-255,2902,15923,20,101668
26113,0.000152,172.31.36.0-255,66,15989,20,101668
26114,0.00017,74.125.68.0-255,1484,17473,20,101668
26115,0.000172,172.31.36.0-255,66,17539,20,101668
26116,0.000196,172.31.36.0-255,66,17605,20,101668
26117,0.000222,172.31.36.0-255,66,17671,20,101668
26118,0.000226,74.125.68.0-255,2902,20573,20,101668
26119,0.000227,172.31.36.0-255,66,20639,20,101668
26120,0.000242,74.125.68.0-255,1484,22123,20,101668
26121,0.000244,172.31.36.0-255,66,22189,20,101668
26122,0.00027,172.31.36.0-255,66,22255,20,101668
26123,0.000272,74.125.68.0-255,1484,23739,20,101668
26124,0.000274,172.31.36.0-255,66,23805,20,101668
26125,0.000288,74.125.68.0-255,2184,25989,20,101668
26126,0.000387,74.125.68.0-255,1484,27473,20,101668
26127,0.000393,74.125.68.0-255,2902,30375,20,101668
26128,0.000436,74.125.68.0-255,1484,31859,20,101668
26129,0.000484,74.125.68.0-255,2877,34736,20,101668
26130,0.000548,172.31.36.0-255,66,34802,20,101668
26131,0.000606,74.125.68.0-255,1484,36286,20,101668
26132,0.00061,74.125.68.0-255,1484,37770,20,101668
26133,0.000619,172.31.36.0-255,66,37836,20,101668
26134,0.000627,74.125.68.0-255,1484,39320,20,101668
26135,0.000629,74.125.68.0-255,1484,40804,20,101668
26136,0.000634,172.31.36.0-255,66,40870,20,101668
26137,0.000643,74.125.68.0-255,2902,43772,20,101668
26138,0.000655,74.125.68.0-255,1484,45256,20,101668
26139,0.000668,74.125.68.0-255,2902,48158,20,101668
26140,0.000676,172.31.36.0-255,66,48224,20,101668
26141,0.000685,74.125.68.0-255,1484,49708,20,101668
26142,0.000689,74.125.68.0-255,1484,51192,20,101668
26143,0.000714,172.31.36.0-255,66,51258,20,101668
26144,0.000721,74.125.68.0-255,1484,52742,20,101668
26145,0.000743,74.125.68.0-255,766,53508,20,101668
26146,0.000759,172.31.36.0-255,66,53574,20,101668
26147,0.000762,74.125.68.0-255,1484,55058,20,101668
26148,0.000792,172.31.36.0-255,66,55124,20,101668
26149,0.000817,172.31.36.0-255,66,55190,20,101668
26150,0.000863,172.31.36.0-255,66,55256,20,101668
26151,0.000924,74.125.68.0-255,2902,58158,20,101668
26152,0.000927,74.125.68.0-255,766,58924,20,101668
26153,0.000929,74.125.68.0-255,1484,60408,20,101668
26154,0.000946,172.31.36.0-255,66,60474,20,101668
26155,0.00095,172.31.36.0-255,66,60540,20,101668
26156,0.001013,172.31.36.0-255,66,60606,20,101668
26157,0.00104,172.31.36.0-255,66,60672,20,101668
26158,0.00107,74.125.68.0-255,1052,61724,20,101668
26159,0.001223,74.125.68.0-255,1484,63208,20,101668
26160,0.001228,74.125.68.0-255,1484,64692,20,101668
26161,0.001239,74.125.68.0-255,1484,66176,20,101668
26162,0.001279,172.31.36.0-255,66,66242,20,101668
26163,0.001339,172.31.36.0-255,66,66308,20,101668
26164,0.001358,172.31.36.0-255,66,66374,20,101668
26165,0.001411,172.31.36.0-255,66,66440,20,101668
26166,0.001449,74.125.68.0-255,1484,67924,20,101668
26167,0.001456,74.125.68.0-255,2902,70826,20,101668
26168,0.001468,172.31.36.0-255,66,70892,20,101668
26169,0.001493,74.125.68.0-255,1484,72376,20,101668
26170,0.0015,172.31.36.0-255,66,72442,20,101668
26171,0.001514,74.125.68.0-255,2902,75344,20,101668
26172,0.00158,172.31.36.0-255,66,75410,20,101668
26173,0.001598,172.31.36.0-255,66,75476,20,101668
26174,0.001605,74.125.68.0-255,766,76242,20,101668
26175,0.001849,74.125.68.0-255,1484,77726,20,101668
26176,0.001855,74.125.68.0-255,2902,80628,20,101668
26177,0.00186,172.31.36.0-255,66,80694,20,101668
26178,0.001869,74.125.68.0-255,2902,83596,20,101668
26179,0.001887,74.125.68.0-255,2902,86498,20,101668
26180,0.001889,74.125.68.0-255,1484,87982,20,101668
26181,0.001908,74.125.68.0-255,2902,90884,20,101668
26182,0.001912,172.31.36.0-255,66,90950,20,101668
26183,0.001931,74.125.68.0-255,2902,93852,20,101668
26184,0.001945,74.125.68.0-255,2902,96754,20,101668
26185,0.001951,172.31.36.0-255,66,96820,20,101668
26186,0.001967,172.31.36.0-255,66,96886,20,101668
26187,0.001979,74.125.68.0-255,2902,99788,20,101668
26188,0.00202,172.31.36.0-255,66,99854,20,101668
26189,0.004024,172.31.36.0-255,66,99920,20,101668
26190,0.013128,172.31.36.0-255,66,99986,20,101668
26191,0.014412,74.125.68.0-255,1484,101470,20,101668
26192,0.015161,172.31.36.0-255,66,101536,20,101668
26193,0.017246,172.31.36.0-255,66,101602,20,101668
26194,0.01927,172.31.36.0-255,66,101668,20,101668
26195,0.0,74.125.24.0-255,153,153,20,90598
26196,1.6e-05,172.31.36.0-255,66,219,20,90598
26197,2.2e-05,74.125.24.0-255,1484,1703,20,90598
26198,2.7e-05,172.31.36.0-255,66,1769,20,90598
26199,3.3e-05,74.125.24.0-255,2902,4671,20,90598
26200,3.8e-05,172.31.36.0-255,66,4737,20,90598
26201,4.9e-05,172.31.36.0-255,66,4803,20,90598
26202,9.6e-05,172.31.36.0-255,66,4869,20,90598
26203,9.9e-05,74.125.24.0-255,1484,6353,20,90598
26204,0.000101,172.31.36.0-255,66,6419,20,90598
26205,0.000118,74.125.24.0-255,2543,8962,20,90598
26206,0.000121,172.31.36.0-255,66,9028,20,90598
26207,0.000172,74.125.24.0-255,1484,10512,20,90598
26208,0.000176,172.31.36.0-255,66,10578,20,90598
26209,0.00018,74.125.24.0-255,2902,13480,20,90598
26210,0.000183,172.31.36.0-255,66,13546,20,90598
26211,0.000186,74.125.24.0-255,1484,15030,20,90598
26212,0.000188,172.31.36.0-255,66,15096,20,90598
26213,0.000213,172.31.36.0-255,66,15162,20,90598
26214,0.000221,172.31.36.0-255,66,15228,20,90598
26215,0.000237,74.125.24.0-255,2902,18130,20,90598
26216,0.00024,172.31.36.0-255,66,18196,20,90598
26217,0.000251,172.31.36.0-255,66,18262,20,90598
26218,0.00028,172.31.36.0-255,66,18328,20,90598
26219,0.000332,74.125.24.0-255,2540,20868,20,90598
26220,0.000336,172.31.36.0-255,66,20934,20,90598
26221,0.000377,74.125.24.0-255,351,21285,20,90598
26222,0.00051,74.125.24.0-255,1484,22769,20,90598
26223,0.000518,74.125.24.0-255,2902,25671,20,90598
26224,0.000557,74.125.24.0-255,1484,27155,20,90598
26225,0.000592,74.125.24.0-255,2543,29698,20,90598
26226,0.000717,172.31.36.0-255,66,29764,20,90598
26227,0.001028,74.125.24.0-255,1484,31248,20,90598
26228,0.001035,74.125.24.0-255,2902,34150,20,90598
26229,0.001039,74.125.24.0-255,1484,35634,20,90598
26230,0.001066,172.31.36.0-255,66,35700,20,90598
26231,0.001087,74.125.24.0-255,1484,37184,20,90598
26232,0.001118,74.125.24.0-255,766,37950,20,90598
26233,0.001123,172.31.36.0-255,66,38016,20,90598
26234,0.001155,74.125.24.0-255,1484,39500,20,90598
26235,0.001158,74.125.24.0-255,1484,40984,20,90598
26236,0.001175,74.125.24.0-255,2902,43886,20,90598
26237,0.001188,172.31.36.0-255,66,43952,20,90598
26238,0.001252,172.31.36.0-255,66,44018,20,90598
26239,0.001291,172.31.36.0-255,66,44084,20,90598
26240,0.001305,172.31.36.0-255,66,44150,20,90598
26241,0.001329,74.125.24.0-255,2902,47052,20,90598
26242,0.001341,172.31.36.0-255,66,47118,20,90598
26243,0.001368,74.125.24.0-255,766,47884,20,90598
26244,0.001403,172.31.36.0-255,66,47950,20,90598
26245,0.001408,172.31.36.0-255,66,48016,20,90598
26246,0.00143,74.125.24.0-255,1484,49500,20,90598
26247,0.001447,172.31.36.0-255,66,49566,20,90598
26248,0.001496,74.125.24.0-255,1484,51050,20,90598
26249,0.001501,74.125.24.0-255,2902,53952,20,90598
26250,0.001505,74.125.24.0-255,2902,56854,20,90598
26251,0.001517,74.125.24.0-255,2902,59756,20,90598
26252,0.001568,172.31.36.0-255,66,59822,20,90598
26253,0.00158,172.31.36.0-255,66,59888,20,90598
26254,0.001614,74.125.24.0-255,3602,63490,20,90598
26255,0.00162,172.31.36.0-255,66,63556,20,90598
26256,0.002289,74.125.24.0-255,1484,65040,20,90598
26257,0.002296,74.125.24.0-255,2902,67942,20,90598
26258,0.002299,172.31.36.0-255,66,68008,20,90598
26259,0.002333,74.125.24.0-255,1484,69492,20,90598
26260,0.002356,74.125.24.0-255,2902,72394,20,90598
26261,0.00236,172.31.36.0-255,66,72460,20,90598
26262,0.00237,172.31.36.0-255,66,72526,20,90598
26263,0.002421,172.31.36.0-255,66,72592,20,90598
26264,0.002456,74.125.24.0-255,1484,74076,20,90598
26265,0.00246,74.125.24.0-255,2902,76978,20,90598
26266,0.002472,172.31.36.0-255,66,77044,20,90598
26267,0.002483,74.125.24.0-255,2902,79946,20,90598
26268,0.002494,74.125.24.0-255,2902,82848,20,90598
26269,0.002521,172.31.36.0-255,66,82914,20,90598
26270,0.002552,74.125.24.0-255,1484,84398,20,90598
26271,0.002568,172.31.36.0-255,66,84464,20,90598
26272,0.002616,172.31.36.0-255,66,84530,20,90598
26273,0.005157,172.31.36.0-255,66,84596,20,90598
26274,0.007788,74.125.24.0-255,2902,87498,20,90598
26275,0.007804,74.125.24.0-255,2902,90400,20,90598
26276,0.008399,172.31.36.0-255,66,90466,20,90598
26277,0.010959,172.31.36.0-255,66,90532,20,90598
26278,0.013528,172.31.36.0-255,66,90598,20,90598
26279,0.0,74.125.24.0-255,153,153,20,32253
26280,1.5e-05,172.31.36.0-255,66,219,20,32253
26281,2.2e-05,74.125.24.0-255,1484,1703,20,32253
26282,2.7e-05,172.31.36.0-255,66,1769,20,32253
26283,4.2e-05,74.125.24.0-255,2902,4671,20,32253
26284,4.6e-05,172.31.36.0-255,66,4737,20,32253
26285,5.6e-05,172.31.36.0-255,66,4803,20,32253
26286,6.1e-05,74.125.24.0-255,2056,6859,20,32253
26287,6.4e-05,172.31.36.0-255,66,6925,20,32253
26288,0.000213,74.125.24.0-255,1484,8409,20,32253
26289,0.000218,172.31.36.0-255,66,8475,20,32253
26290,0.000224,74.125.24.0-255,2902,11377,20,32253
26291,0.000227,172.31.36.0-255,66,11443,20,32253
26292,0.00023,74.125.24.0-255,1484,12927,20,32253
26293,0.000237,172.31.36.0-255,66,12993,20,32253
26294,0.000274,172.31.36.0-255,66,13059,20,32253
26295,0.000285,172.31.36.0-255,66,13125,20,32253
26296,0.000732,74.125.24.0-255,1484,14609,20,32253
26297,0.000737,172.31.36.0-255,66,14675,20,32253
26298,0.000743,74.125.24.0-255,2902,17577,20,32253
26299,0.000745,172.31.36.0-255,66,17643,20,32253
26300,0.00076,172.31.36.0-255,66,17709,20,32253
26301,0.000769,172.31.36.0-255,66,17775,20,32253
26302,0.000858,74.125.24.0-255,1484,19259,20,32253
26303,0.000862,172.31.36.0-255,66,19325,20,32253
26304,0.000866,74.125.24.0-255,1484,20809,20,32253
26305,0.000868,172.31.36.0-255,66,20875,20,32253
26306,0.000888,74.125.24.0-255,1484,22359,20,32253
26307,0.000902,172.31.36.0-255,66,22425,20,32253
26308,0.000928,172.31.36.0-255,66,22491,20,32253
26309,0.000975,74.125.24.0-255,1484,23975,20,32253
26310,0.000996,74.125.24.0-255,2902,26877,20,32253
26311,0.001007,172.31.36.0-255,66,26943,20,32253
26312,0.001014,172.31.36.0-255,66,27009,20,32253
26313,0.001017,74.125.24.0-255,1484,28493,20,32253
26314,0.001047,172.31.36.0-255,66,28559,20,32253
26315,0.001061,172.31.36.0-255,66,28625,20,32253
26316,0.00107,172.31.36.0-255,66,28691,20,32253
26317,0.001106,172.31.36.0-255,66,28757,20,32253
26318,0.003341,172.31.36.0-255,66,28823,20,32253
26319,0.005602,172.31.36.0-255,66,28889,20,32253
26320,0.007831,172.31.36.0-255,66,28955,20,32253
26321,0.010057,172.31.36.0-255,66,29021,20,32253
26322,0.012285,74.125.24.0-255,1484,30505,20,32253
26323,0.012314,172.31.36.0-255,66,30571,20,32253
26324,0.014568,172.31.36.0-255,66,30637,20,32253
26325,0.016801,172.31.36.0-255,66,30703,20,32253
26326,0.019034,172.31.36.0-255,66,30769,20,32253
26327,0.019062,74.125.24.0-255,1484,32253,20,32253
26328,0.0,172.217.194.0-255,153,153,20,58047
26329,2.5e-05,172.31.36.0-255,66,219,20,58047
26330,3.3e-05,172.217.194.0-255,1484,1703,20,58047
26331,3.7e-05,172.31.36.0-255,66,1769,20,58047
26332,5.2e-05,172.217.194.0-255,2902,4671,20,58047
26333,5.5e-05,172.31.36.0-255,66,4737,20,58047
26334,5.8e-05,172.217.194.0-255,1484,6221,20,58047
26335,6.1e-05,172.31.36.0-255,66,6287,20,58047
26336,0.000101,172.217.194.0-255,1484,7771,20,58047
26337,0.000104,172.31.36.0-255,66,7837,20,58047
26338,0.000136,172.31.36.0-255,66,7903,20,58047
26339,0.000147,172.31.36.0-255,66,7969,20,58047
26340,0.000166,172.31.36.0-255,66,8035,20,58047
26341,0.000169,172.217.194.0-255,766,8801,20,58047
26342,0.000171,172.31.36.0-255,66,8867,20,58047
26343,0.000231,172.217.194.0-255,1484,10351,20,58047
26344,0.000233,172.31.36.0-255,66,10417,20,58047
26345,0.000238,172.217.194.0-255,2902,13319,20,58047
26346,0.000241,172.31.36.0-255,66,13385,20,58047
26347,0.000244,172.217.194.0-255,1484,14869,20,58047
26348,0.000246,172.31.36.0-255,66,14935,20,58047
26349,0.000282,172.31.36.0-255,66,15001,20,58047
26350,0.000314,172.31.36.0-255,66,15067,20,58047
26351,0.00036,172.217.194.0-255,1484,16551,20,58047
26352,0.000363,172.31.36.0-255,66,16617,20,58047
26353,0.000387,172.217.194.0-255,2902,19519,20,58047
26354,0.00039,172.31.36.0-255,66,19585,20,58047
26355,0.000421,172.31.36.0-255,66,19651,20,58047
26356,0.000424,172.217.194.0-255,1484,21135,20,58047
26357,0.000453,172.31.36.0-255,66,21201,20,58047
26358,0.000462,172.31.36.0-255,66,21267,20,58047
26359,0.000506,172.31.36.0-255,66,21333,20,58047
26360,0.00051,172.217.194.0-255,2184,23517,20,58047
26361,0.000512,172.31.36.0-255,66,23583,20,58047
26362,0.000523,172.31.36.0-255,66,23649,20,58047
26363,0.000575,172.31.36.0-255,66,23715,20,58047
26364,0.000588,172.31.36.0-255,66,23781,20,58047
26365,0.000605,172.31.36.0-255,66,23847,20,58047
26366,0.000658,172.31.36.0-255,66,23913,20,58047
26367,0.000662,172.217.194.0-255,2184,26097,20,58047
26368,0.000664,172.31.36.0-255,66,26163,20,58047
26369,0.000668,172.217.194.0-255,2902,29065,20,58047
26370,0.000671,172.31.36.0-255,66,29131,20,58047
26371,0.00068,172.31.36.0-255,66,29197,20,58047
26372,0.000683,172.217.194.0-255,1484,30681,20,58047
26373,0.000725,172.31.36.0-255,66,30747,20,58047
26374,0.000733,172.31.36.0-255,66,30813,20,58047
26375,0.000754,172.217.194.0-255,2184,32997,20,58047
26376,0.000757,172.31.36.0-255,66,33063,20,58047
26377,0.00079,172.217.194.0-255,1484,34547,20,58047
26378,0.000796,172.217.194.0-255,2902,37449,20,58047
26379,0.000798,172.31.36.0-255,66,37515,20,58047
26380,0.000803,172.217.194.0-255,2902,40417,20,58047
26381,0.000805,172.31.36.0-255,66,40483,20,58047
26382,0.000828,172.217.194.0-255,2902,43385,20,58047
26383,0.000831,172.31.36.0-255,66,43451,20,58047
26384,0.000839,172.31.36.0-255,66,43517,20,58047
26385,0.000879,172.31.36.0-255,66,43583,20,58047
26386,0.000884,172.217.194.0-255,2902,46485,20,58047
26387,0.000886,172.31.36.0-255,66,46551,20,58047
26388,0.000909,172.31.36.0-255,66,46617,20,58047
26389,0.000972,172.31.36.0-255,66,46683,20,58047
26390,0.001013,172.31.36.0-255,66,46749,20,58047
26391,0.001093,172.217.194.0-255,2902,49651,20,58047
26392,0.001096,172.217.194.0-255,1484,51135,20,58047
26393,0.001151,172.217.194.0-255,2902,54037,20,58047
26394,0.001217,172.217.194.0-255,3602,57639,20,58047
26395,0.001241,172.31.36.0-255,66,57705,20,58047
26396,0.001276,172.217.194.0-255,105,57810,20,58047
26397,0.001308,172.31.36.0-255,66,57876,20,58047
26398,0.004319,172.31.36.0-255,105,57981,20,58047
26399,0.00696,172.217.194.0-255,66,58047,20,58047
26400,0.0,74.125.130.0-255,153,153,20,96939
26401,2.8e-05,172.31.36.0-255,66,219,20,96939
26402,3.5e-05,74.125.130.0-255,1484,1703,20,96939
26403,3.8e-05,172.31.36.0-255,66,1769,20,96939
26404,4.4e-05,74.125.130.0-255,2902,4671,20,96939
26405,4.7e-05,172.31.36.0-255,66,4737,20,96939
26406,5.7e-05,172.31.36.0-255,66,4803,20,96939
26407,6.1e-05,74.125.130.0-255,1993,6796,20,96939
26408,6.3e-05,172.31.36.0-255,66,6862,20,96939
26409,0.000297,74.125.130.0-255,1484,8346,20,96939
26410,0.000302,172.31.36.0-255,66,8412,20,96939
26411,0.000322,74.125.130.0-255,1484,9896,20,96939
26412,0.000325,172.31.36.0-255,66,9962,20,96939
26413,0.00033,74.125.130.0-255,2902,12864,20,96939
26414,0.000333,172.31.36.0-255,66,12930,20,96939
26415,0.000341,172.31.36.0-255,66,12996,20,96939
26416,0.000369,172.31.36.0-255,66,13062,20,96939
26417,0.000389,74.125.130.0-255,1125,14187,20,96939
26418,0.000395,172.31.36.0-255,66,14253,20,96939
26419,0.000399,172.31.36.0-255,66,14319,20,96939
26420,0.00043,172.31.36.0-255,66,14385,20,96939
26421,0.000472,74.125.130.0-255,2543,16928,20,96939
26422,0.000476,172.31.36.0-255,66,16994,20,96939
26423,0.000554,74.125.130.0-255,1484,18478,20,96939
26424,0.000557,172.31.36.0-255,66,18544,20,96939
26425,0.000578,74.125.130.0-255,1484,20028,20,96939
26426,0.00058,172.31.36.0-255,66,20094,20,96939
26427,0.000585,74.125.130.0-255,2902,22996,20,96939
26428,0.000589,74.125.130.0-255,1484,24480,20,96939
26429,0.00059,172.31.36.0-255,66,24546,20,96939
26430,0.000606,172.31.36.0-255,66,24612,20,96939
26431,0.000642,172.31.36.0-255,66,24678,20,96939
26432,0.000684,74.125.130.0-255,376,25054,20,96939
26433,0.000802,172.31.36.0-255,66,25120,20,96939
26434,0.000844,74.125.130.0-255,367,25487,20,96939
26435,0.000856,172.31.36.0-255,66,25553,20,96939
26436,0.001112,74.125.130.0-255,1484,27037,20,96939
26437,0.00112,74.125.130.0-255,2902,29939,20,96939
26438,0.001135,74.125.130.0-255,1484,31423,20,96939
26439,0.001184,74.125.130.0-255,2902,34325,20,96939
26440,0.001235,74.125.130.0-255,2902,37227,20,96939
26441,0.001246,74.125.130.0-255,2902,40129,20,96939
26442,0.001282,74.125.130.0-255,2184,42313,20,96939
26443,0.001676,74.125.130.0-255,1484,43797,20,96939
26444,0.001681,74.125.130.0-255,1484,45281,20,96939
26445,0.001702,74.125.130.0-255,2902,48183,20,96939
26446,0.001712,74.125.130.0-255,1484,49667,20,96939
26447,0.001723,74.125.130.0-255,2902,52569,20,96939
26448,0.001732,74.125.130.0-255,1484,54053,20,96939
26449,0.001804,74.125.130.0-255,1484,55537,20,96939
26450,0.00183,74.125.130.0-255,2902,58439,20,96939
26451,0.001873,74.125.130.0-255,2902,61341,20,96939
26452,0.001918,74.125.130.0-255,1484,62825,20,96939
26453,0.001932,74.125.130.0-255,1484,64309,20,96939
26454,0.001935,74.125.130.0-255,2184,66493,20,96939
26455,0.002097,74.125.130.0-255,1484,67977,20,96939
26456,0.002111,74.125.130.0-255,1484,69461,20,96939
26457,0.002121,74.125.130.0-255,1484,70945,20,96939
26458,0.002123,74.125.130.0-255,1484,72429,20,96939
26459,0.002132,74.125.130.0-255,2902,75331,20,96939
26460,0.002143,74.125.130.0-255,1484,76815,20,96939
26461,0.002145,74.125.130.0-255,1484,78299,20,96939
26462,0.002216,74.125.130.0-255,1484,79783,20,96939
26463,0.002239,74.125.130.0-255,1484,81267,20,96939
26464,0.002251,74.125.130.0-255,1484,82751,20,96939
26465,0.002316,74.125.130.0-255,1484,84235,20,96939
26466,0.002327,74.125.130.0-255,2902,87137,20,96939
26467,0.002342,74.125.130.0-255,1484,88621,20,96939
26468,0.002356,74.125.130.0-255,2902,91523,20,96939
26469,0.00238,74.125.130.0-255,1484,93007,20,96939
26470,0.002398,74.125.130.0-255,3602,96609,20,96939
26471,0.005736,172.31.36.0-255,66,96675,20,96939
26472,0.008323,172.31.36.0-255,66,96741,20,96939
26473,0.013365,172.31.36.0-255,66,96807,20,96939
26474,0.015938,172.31.36.0-255,66,96873,20,96939
26475,0.018503,172.31.36.0-255,66,96939,20,96939
26476,0.0,74.125.24.0-255,66,66,20,66
26477,0.0,172.217.194.0-255,153,153,20,90544
26478,3.4e-05,172.31.36.0-255,66,219,20,90544
26479,4.1e-05,172.217.194.0-255,1484,1703,20,90544
26480,4.6e-05,172.31.36.0-255,66,1769,20,90544
26481,5e-05,172.217.194.0-255,2902,4671,20,90544
26482,6.1e-05,172.31.36.0-255,66,4737,20,90544
26483,7e-05,172.31.36.0-255,66,4803,20,90544
26484,7.4e-05,172.217.194.0-255,2001,6804,20,90544
26485,7.6e-05,172.31.36.0-255,66,6870,20,90544
26486,0.000128,172.217.194.0-255,1484,8354,20,90544
26487,0.000131,172.31.36.0-255,66,8420,20,90544
26488,0.000136,172.217.194.0-255,1484,9904,20,90544
26489,0.000138,172.31.36.0-255,66,9970,20,90544
26490,0.000165,172.217.194.0-255,1484,11454,20,90544
26491,0.000168,172.31.36.0-255,66,11520,20,90544
26492,0.000181,172.31.36.0-255,66,11586,20,90544
26493,0.000189,172.31.36.0-255,66,11652,20,90544
26494,0.000289,172.217.194.0-255,1484,13136,20,90544
26495,0.000293,172.31.36.0-255,66,13202,20,90544
26496,0.000298,172.217.194.0-255,2902,16104,20,90544
26497,0.000304,172.31.36.0-255,66,16170,20,90544
26498,0.000325,172.31.36.0-255,66,16236,20,90544
26499,0.000329,172.217.194.0-255,2902,19138,20,90544
26500,0.000331,172.31.36.0-255,66,19204,20,90544
26501,0.000367,172.217.194.0-255,3961,23165,20,90544
26502,0.000371,172.31.36.0-255,66,23231,20,90544
26503,0.000385,172.31.36.0-255,66,23297,20,90544
26504,0.000389,172.217.194.0-255,2543,25840,20,90544
26505,0.000393,172.31.36.0-255,66,25906,20,90544
26506,0.000429,172.217.194.0-255,679,26585,20,90544
26507,0.000606,172.217.194.0-255,1484,28069,20,90544
26508,0.000611,172.31.36.0-255,66,28135,20,90544
26509,0.000616,172.217.194.0-255,2902,31037,20,90544
26510,0.000618,172.31.36.0-255,66,31103,20,90544
26511,0.00068,172.31.36.0-255,66,31169,20,90544
26512,0.000692,172.31.36.0-255,66,31235,20,90544
26513,0.000697,172.31.36.0-255,66,31301,20,90544
26514,0.000743,172.31.36.0-255,66,31367,20,90544
26515,0.000783,172.217.194.0-255,1484,32851,20,90544
26516,0.000799,172.217.194.0-255,2902,35753,20,90544
26517,0.000802,172.217.194.0-255,1484,37237,20,90544
26518,0.000803,172.31.36.0-255,66,37303,20,90544
26519,0.000817,172.31.36.0-255,66,37369,20,90544
26520,0.000826,172.217.194.0-255,2902,40271,20,90544
26521,0.000828,172.31.36.0-255,66,40337,20,90544
26522,0.000852,172.217.194.0-255,2902,43239,20,90544
26523,0.000856,172.31.36.0-255,66,43305,20,90544
26524,0.000883,172.217.194.0-255,2902,46207,20,90544
26525,0.000887,172.31.36.0-255,66,46273,20,90544
26526,0.000921,172.31.36.0-255,66,46339,20,90544
26527,0.000929,172.31.36.0-255,66,46405,20,90544
26528,0.000933,172.217.194.0-255,2902,49307,20,90544
26529,0.000935,172.31.36.0-255,66,49373,20,90544
26530,0.000942,172.31.36.0-255,66,49439,20,90544
26531,0.000979,172.31.36.0-255,66,49505,20,90544
26532,0.000987,172.31.36.0-255,66,49571,20,90544
26533,0.001006,172.217.194.0-255,2902,52473,20,90544
26534,0.001013,172.31.36.0-255,66,52539,20,90544
26535,0.001038,172.217.194.0-255,1484,54023,20,90544
26536,0.001066,172.31.36.0-255,66,54089,20,90544
26537,0.001075,172.31.36.0-255,66,54155,20,90544
26538,0.001112,172.31.36.0-255,66,54221,20,90544
26539,0.001128,172.31.36.0-255,66,54287,20,90544
26540,0.001166,172.31.36.0-255,66,54353,20,90544
26541,0.001269,172.217.194.0-255,1484,55837,20,90544
26542,0.001292,172.217.194.0-255,2902,58739,20,90544
26543,0.001295,172.31.36.0-255,66,58805,20,90544
26544,0.001319,172.31.36.0-255,66,58871,20,90544
26545,0.001349,172.31.36.0-255,66,58937,20,90544
26546,0.001387,172.31.36.0-255,66,59003,20,90544
26547,0.001405,172.31.36.0-255,66,59069,20,90544
26548,0.001546,172.217.194.0-255,1484,60553,20,90544
26549,0.001552,172.217.194.0-255,2902,63455,20,90544
26550,0.001555,172.31.36.0-255,66,63521,20,90544
26551,0.001589,172.31.36.0-255,66,63587,20,90544
26552,0.001593,172.217.194.0-255,2902,66489,20,90544
26553,0.001596,172.31.36.0-255,66,66555,20,90544
26554,0.001635,172.31.36.0-255,66,66621,20,90544
26555,0.001682,172.217.194.0-255,1484,68105,20,90544
26556,0.001707,172.31.36.0-255,66,68171,20,90544
26557,0.001732,172.217.194.0-255,1484,69655,20,90544
26558,0.001738,172.217.194.0-255,2902,72557,20,90544
26559,0.00174,172.31.36.0-255,66,72623,20,90544
26560,0.001771,172.31.36.0-255,66,72689,20,90544
26561,0.001806,172.31.36.0-255,66,72755,20,90544
26562,0.00181,172.217.194.0-255,2902,75657,20,90544
26563,0.001813,172.31.36.0-255,66,75723,20,90544
26564,0.001852,172.31.36.0-255,66,75789,20,90544
26565,0.001881,172.217.194.0-255,3602,79391,20,90544
26566,0.001884,172.31.36.0-255,66,79457,20,90544
26567,0.002157,172.217.194.0-255,1484,80941,20,90544
26568,0.002162,172.217.194.0-255,2902,83843,20,90544
26569,0.002166,172.31.36.0-255,66,83909,20,90544
26570,0.002197,172.31.36.0-255,66,83975,20,90544
26571,0.002208,172.217.194.0-255,1484,85459,20,90544
26572,0.002238,172.31.36.0-255,66,85525,20,90544
26573,0.002242,172.31.36.0-255,66,85591,20,90544
26574,0.002267,172.217.194.0-255,1484,87075,20,90544
26575,0.002275,172.217.194.0-255,1484,88559,20,90544
26576,0.002278,172.31.36.0-255,66,88625,20,90544
26577,0.002318,172.31.36.0-255,66,88691,20,90544
26578,0.002342,172.217.194.0-255,1484,90175,20,90544
26579,0.002374,172.31.36.0-255,66,90241,20,90544
26580,0.004693,172.31.36.0-255,66,90307,20,90544
26581,0.006989,172.31.36.0-255,66,90373,20,90544
26582,0.009215,172.31.36.0-255,105,90478,20,90544
26583,0.011499,172.217.194.0-255,66,90544,20,90544
26584,0.0,74.125.68.0-255,146,146,20,23586
26585,2.1e-05,172.31.36.0-255,66,212,20,23586
26586,2.8e-05,74.125.68.0-255,1484,1696,20,23586
26587,3.1e-05,172.31.36.0-255,66,1762,20,23586
26588,3.7e-05,74.125.68.0-255,2902,4664,20,23586
26589,3.9e-05,172.31.36.0-255,66,4730,20,23586
26590,7.9e-05,172.31.36.0-255,66,4796,20,23586
26591,0.00019,74.125.68.0-255,3464,8260,20,23586
26592,0.000194,172.31.36.0-255,66,8326,20,23586
26593,0.000264,172.31.36.0-255,66,8392,20,23586
26594,0.000365,172.31.36.0-255,66,8458,20,23586
26595,0.000384,74.125.68.0-255,2902,11360,20,23586
26596,0.000387,172.31.36.0-255,66,11426,20,23586
26597,0.000555,74.125.68.0-255,2543,13969,20,23586
26598,0.000558,172.31.36.0-255,66,14035,20,23586
26599,0.000616,172.31.36.0-255,66,14101,20,23586
26600,0.00065,172.31.36.0-255,66,14167,20,23586
26601,0.000979,172.31.36.0-255,66,14233,20,23586
26602,0.001357,172.31.36.0-255,66,14299,20,23586
26603,0.001377,74.125.68.0-255,2786,17085,20,23586
26604,0.001391,172.31.36.0-255,66,17151,20,23586
26605,0.001688,172.31.36.0-255,66,17217,20,23586
26606,0.001756,172.31.36.0-255,66,17283,20,23586
26607,0.001795,74.125.68.0-255,2543,19826,20,23586
26608,0.001799,172.31.36.0-255,66,19892,20,23586
26609,0.002426,172.31.36.0-255,66,19958,20,23586
26610,0.002457,172.31.36.0-255,66,20024,20,23586
26611,0.002489,172.31.36.0-255,66,20090,20,23586
26612,0.003114,172.31.36.0-255,66,20156,20,23586
26613,0.003169,172.31.36.0-255,66,20222,20,23586
26614,0.004086,74.125.68.0-255,2902,23124,20,23586
26615,0.004089,172.31.36.0-255,66,23190,20,23586
26616,0.006352,172.31.36.0-255,66,23256,20,23586
26617,0.008982,172.31.36.0-255,66,23322,20,23586
26618,0.011619,172.31.36.0-255,66,23388,20,23586
26619,0.014263,172.31.36.0-255,66,23454,20,23586
26620,0.016909,172.31.36.0-255,66,23520,20,23586
26621,0.019537,172.31.36.0-255,66,23586,20,23586
26622,0.0,172.217.194.0-255,153,153,20,51873
26623,1.6e-05,172.31.36.0-255,66,219,20,51873
26624,2.1e-05,172.217.194.0-255,1484,1703,20,51873
26625,2.6e-05,172.31.36.0-255,66,1769,20,51873
26626,3.2e-05,172.217.194.0-255,2902,4671,20,51873
26627,3.4e-05,172.31.36.0-255,66,4737,20,51873
26628,3.8e-05,172.217.194.0-255,2902,7639,20,51873
26629,4e-05,172.31.36.0-255,66,7705,20,51873
26630,7.1e-05,172.31.36.0-255,66,7771,20,51873
26631,7.9e-05,172.31.36.0-255,66,7837,20,51873
26632,0.000111,172.31.36.0-255,66,7903,20,51873
26633,0.000136,172.31.36.0-255,66,7969,20,51873
26634,0.000139,172.217.194.0-255,1484,9453,20,51873
26635,0.000141,172.31.36.0-255,66,9519,20,51873
26636,0.00016,172.217.194.0-255,2902,12421,20,51873
26637,0.000162,172.31.36.0-255,66,12487,20,51873
26638,0.00018,172.31.36.0-255,66,12553,20,51873
26639,0.000196,172.217.194.0-255,1484,14037,20,51873
26640,0.000198,172.31.36.0-255,66,14103,20,51873
26641,0.000206,172.31.36.0-255,66,14169,20,51873
26642,0.000241,172.31.36.0-255,66,14235,20,51873
26643,0.000252,172.31.36.0-255,66,14301,20,51873
26644,0.000325,172.217.194.0-255,98,14399,20,51873
26645,0.00033,172.31.36.0-255,66,14465,20,51873
26646,0.000444,172.217.194.0-255,1484,15949,20,51873
26647,0.000451,172.217.194.0-255,2902,18851,20,51873
26648,0.000454,172.31.36.0-255,66,18917,20,51873
26649,0.000464,172.31.36.0-255,66,18983,20,51873
26650,0.00049,172.217.194.0-255,2902,21885,20,51873
26651,0.000493,172.31.36.0-255,66,21951,20,51873
26652,0.000515,172.31.36.0-255,66,22017,20,51873
26653,0.000517,172.217.194.0-255,1484,23501,20,51873
26654,0.00054,172.31.36.0-255,66,23567,20,51873
26655,0.000747,172.217.194.0-255,366,23933,20,51873
26656,0.001487,172.31.36.0-255,66,23999,20,51873
26657,0.002249,172.217.194.0-255,1484,25483,20,51873
26658,0.002258,172.217.194.0-255,2902,28385,20,51873
26659,0.002261,172.31.36.0-255,66,28451,20,51873
26660,0.002269,172.31.36.0-255,66,28517,20,51873
26661,0.002298,172.31.36.0-255,66,28583,20,51873
26662,0.002318,172.217.194.0-255,1484,30067,20,51873
26663,0.002329,172.31.36.0-255,66,30133,20,51873
26664,0.002375,172.217.194.0-255,2184,32317,20,51873
26665,0.002378,172.31.36.0-255,66,32383,20,51873
26666,0.004972,172.217.194.0-255,2902,35285,20,51873
26667,0.004982,172.31.36.0-255,66,35351,20,51873
26668,0.005012,172.217.194.0-255,2902,38253,20,51873
26669,0.005015,172.31.36.0-255,66,38319,20,51873
26670,0.007625,172.217.194.0-255,2902,41221,20,51873
26671,0.007635,172.31.36.0-255,66,41287,20,51873
26672,0.007658,172.217.194.0-255,2902,44189,20,51873
26673,0.007661,172.31.36.0-255,66,44255,20,51873
26674,0.010284,172.217.194.0-255,2902,47157,20,51873
26675,0.010292,172.31.36.0-255,66,47223,20,51873
26676,0.010311,172.217.194.0-255,2902,50125,20,51873
26677,0.010314,172.31.36.0-255,66,50191,20,51873
26678,0.012965,172.31.36.0-255,66,50257,20,51873
26679,0.015631,172.31.36.0-255,66,50323,20,51873
26680,0.018257,172.217.194.0-255,1484,51807,20,51873
26681,0.018284,172.31.36.0-255,66,51873,20,51873
26682,0.0,172.217.194.0-255,150,150,20,72769
26683,3.7e-05,172.31.36.0-255,66,216,20,72769
26684,4.5e-05,172.217.194.0-255,1484,1700,20,72769
26685,5e-05,172.31.36.0-255,66,1766,20,72769
26686,5.6e-05,172.217.194.0-255,2902,4668,20,72769
26687,5.9e-05,172.31.36.0-255,66,4734,20,72769
26688,7.7e-05,172.31.36.0-255,66,4800,20,72769
26689,8.1e-05,172.217.194.0-255,1991,6791,20,72769
26690,8.5e-05,172.31.36.0-255,66,6857,20,72769
26691,8.9e-05,172.217.194.0-255,2902,9759,20,72769
26692,9.2e-05,172.31.36.0-255,66,9825,20,72769
26693,0.000101,172.31.36.0-255,66,9891,20,72769
26694,0.000132,172.217.194.0-255,2902,12793,20,72769
26695,0.000135,172.31.36.0-255,66,12859,20,72769
26696,0.000166,172.217.194.0-255,3961,16820,20,72769
26697,0.00017,172.31.36.0-255,66,16886,20,72769
26698,0.00023,172.217.194.0-255,1484,18370,20,72769
26699,0.000234,172.31.36.0-255,66,18436,20,72769
26700,0.000254,172.217.194.0-255,2902,21338,20,72769
26701,0.000257,172.31.36.0-255,66,21404,20,72769
26702,0.000267,172.31.36.0-255,66,21470,20,72769
26703,0.0003,172.217.194.0-255,1484,22954,20,72769
26704,0.000303,172.31.36.0-255,66,23020,20,72769
26705,0.000322,172.31.36.0-255,66,23086,20,72769
26706,0.000335,172.31.36.0-255,66,23152,20,72769
26707,0.000361,172.217.194.0-255,2833,25985,20,72769
26708,0.000368,172.31.36.0-255,66,26051,20,72769
26709,0.000372,172.217.194.0-255,99,26150,20,72769
26710,0.00041,172.217.194.0-255,1484,27634,20,72769
26711,0.000427,172.31.36.0-255,66,27700,20,72769
26712,0.000429,172.217.194.0-255,1484,29184,20,72769
26713,0.000448,172.31.36.0-255,66,29250,20,72769
26714,0.000488,172.31.36.0-255,66,29316,20,72769
26715,0.000503,172.217.194.0-255,2543,31859,20,72769
26716,0.000537,172.217.194.0-255,1484,33343,20,72769
26717,0.000538,172.31.36.0-255,66,33409,20,72769
26718,0.000547,172.31.36.0-255,66,33475,20,72769
26719,0.000569,172.217.194.0-255,2840,36315,20,72769
26720,0.000589,172.31.36.0-255,66,36381,20,72769
26721,0.000651,172.217.194.0-255,1484,37865,20,72769
26722,0.000656,172.217.194.0-255,2902,40767,20,72769
26723,0.000659,172.217.194.0-255,1484,42251,20,72769
26724,0.000672,172.31.36.0-255,66,42317,20,72769
26725,0.000688,172.31.36.0-255,66,42383,20,72769
26726,0.000726,172.31.36.0-255,66,42449,20,72769
26727,0.00074,172.31.36.0-255,66,42515,20,72769
26728,0.000775,172.31.36.0-255,66,42581,20,72769
26729,0.000793,172.31.36.0-255,66,42647,20,72769
26730,0.000811,172.31.36.0-255,66,42713,20,72769
26731,0.000862,172.217.194.0-255,2902,45615,20,72769
26732,0.000869,172.31.36.0-255,66,45681,20,72769
26733,0.000926,172.31.36.0-255,66,45747,20,72769
26734,0.000963,172.217.194.0-255,1484,47231,20,72769
26735,0.000968,172.217.194.0-255,2902,50133,20,72769
26736,0.000972,172.31.36.0-255,66,50199,20,72769
26737,0.000976,172.31.36.0-255,66,50265,20,72769
26738,0.000998,172.31.36.0-255,66,50331,20,72769
26739,0.001019,172.217.194.0-255,1484,51815,20,72769
26740,0.001045,172.31.36.0-255,66,51881,20,72769
26741,0.001584,172.217.194.0-255,1484,53365,20,72769
26742,0.001612,172.217.194.0-255,2902,56267,20,72769
26743,0.001616,172.31.36.0-255,66,56333,20,72769
26744,0.001659,172.31.36.0-255,66,56399,20,72769
26745,0.001672,172.31.36.0-255,66,56465,20,72769
26746,0.001683,172.217.194.0-255,1484,57949,20,72769
26747,0.001699,172.217.194.0-255,1484,59433,20,72769
26748,0.001703,172.31.36.0-255,66,59499,20,72769
26749,0.001716,172.31.36.0-255,66,59565,20,72769
26750,0.001764,172.31.36.0-255,66,59631,20,72769
26751,0.001769,172.31.36.0-255,66,59697,20,72769
26752,0.001816,172.31.36.0-255,66,59763,20,72769
26753,0.001821,172.217.194.0-255,2902,62665,20,72769
26754,0.001824,172.217.194.0-255,1484,64149,20,72769
26755,0.001839,172.31.36.0-255,66,64215,20,72769
26756,0.001856,172.217.194.0-255,1484,65699,20,72769
26757,0.001856,172.31.36.0-255,66,65765,20,72769
26758,0.001869,172.217.194.0-255,1484,67249,20,72769
26759,0.001883,172.31.36.0-255,66,67315,20,72769
26760,0.001908,172.31.36.0-255,66,67381,20,72769
26761,0.001925,172.31.36.0-255,66,67447,20,72769
26762,0.001929,172.31.36.0-255,66,67513,20,72769
26763,0.001959,172.217.194.0-255,1484,68997,20,72769
26764,0.001964,172.217.194.0-255,2902,71899,20,72769
26765,0.001973,172.31.36.0-255,66,71965,20,72769
26766,0.00198,172.31.36.0-255,66,72031,20,72769
26767,0.001992,172.31.36.0-255,66,72097,20,72769
26768,0.002021,172.31.36.0-255,66,72163,20,72769
26769,0.002047,172.31.36.0-255,66,72229,20,72769
26770,0.002064,172.31.36.0-255,66,72295,20,72769
26771,0.00214,172.31.36.0-255,66,72361,20,72769
26772,0.002155,172.31.36.0-255,66,72427,20,72769
26773,0.002184,172.217.194.0-255,105,72532,20,72769
26774,0.002197,172.31.36.0-255,66,72598,20,72769
26775,0.003522,172.31.36.0-255,105,72703,20,72769
26776,0.005874,172.217.194.0-255,66,72769,20,72769
26777,0.0,74.125.24.0-255,153,153,20,69196
26778,1.8e-05,172.31.36.0-255,66,219,20,69196
26779,2.5e-05,74.125.24.0-255,1484,1703,20,69196
26780,2.9e-05,172.31.36.0-255,66,1769,20,69196
26781,3.5e-05,74.125.24.0-255,2902,4671,20,69196
26782,3.8e-05,172.31.36.0-255,66,4737,20,69196
26783,4.9e-05,172.31.36.0-255,66,4803,20,69196
26784,5.3e-05,74.125.24.0-255,2105,6908,20,69196
26785,5.5e-05,172.31.36.0-255,66,6974,20,69196
26786,0.000159,74.125.24.0-255,1484,8458,20,69196
26787,0.000163,172.31.36.0-255,66,8524,20,69196
26788,0.000168,74.125.24.0-255,2902,11426,20,69196
26789,0.000171,172.31.36.0-255,66,11492,20,69196
26790,0.000179,172.31.36.0-255,66,11558,20,69196
26791,0.000199,74.125.24.0-255,1484,13042,20,69196
26792,0.000201,172.31.36.0-255,66,13108,20,69196
26793,0.000211,172.31.36.0-255,66,13174,20,69196
26794,0.000499,74.125.24.0-255,1484,14658,20,69196
26795,0.000506,172.31.36.0-255,66,14724,20,69196
26796,0.000512,74.125.24.0-255,2902,17626,20,69196
26797,0.000514,172.31.36.0-255,66,17692,20,69196
26798,0.000517,74.125.24.0-255,1484,19176,20,69196
26799,0.000519,172.31.36.0-255,66,19242,20,69196
26800,0.000547,172.31.36.0-255,66,19308,20,69196
26801,0.000556,172.31.36.0-255,66,19374,20,69196
26802,0.000584,172.31.36.0-255,66,19440,20,69196
26803,0.000599,74.125.24.0-255,3961,23401,20,69196
26804,0.000602,172.31.36.0-255,66,23467,20,69196
26805,0.000608,74.125.24.0-255,3961,27428,20,69196
26806,0.000611,172.31.36.0-255,66,27494,20,69196
26807,0.000614,74.125.24.0-255,390,27884,20,69196
26808,0.000695,74.125.24.0-255,1484,29368,20,69196
26809,0.0007,172.31.36.0-255,66,29434,20,69196
26810,0.000705,74.125.24.0-255,2902,32336,20,69196
26811,0.000707,172.31.36.0-255,66,32402,20,69196
26812,0.000741,172.31.36.0-255,66,32468,20,69196
26813,0.000748,172.31.36.0-255,66,32534,20,69196
26814,0.000766,74.125.24.0-255,2807,35341,20,69196
26815,0.000769,172.31.36.0-255,66,35407,20,69196
26816,0.000777,172.31.36.0-255,66,35473,20,69196
26817,0.000805,172.31.36.0-255,66,35539,20,69196
26818,0.000809,74.125.24.0-255,2543,38082,20,69196
26819,0.000811,172.31.36.0-255,66,38148,20,69196
26820,0.001077,74.125.24.0-255,1484,39632,20,69196
26821,0.001099,74.125.24.0-255,2902,42534,20,69196
26822,0.001103,172.31.36.0-255,66,42600,20,69196
26823,0.001108,74.125.24.0-255,2902,45502,20,69196
26824,0.001109,172.31.36.0-255,66,45568,20,69196
26825,0.001129,172.31.36.0-255,66,45634,20,69196
26826,0.001161,172.31.36.0-255,66,45700,20,69196
26827,0.001189,172.31.36.0-255,66,45766,20,69196
26828,0.001192,74.125.24.0-255,1484,47250,20,69196
26829,0.001239,172.31.36.0-255,66,47316,20,69196
26830,0.001263,74.125.24.0-255,2184,49500,20,69196
26831,0.001267,172.31.36.0-255,66,49566,20,69196
26832,0.001279,172.31.36.0-255,66,49632,20,69196
26833,0.001293,172.31.36.0-255,66,49698,20,69196
26834,0.001313,74.125.24.0-255,1484,51182,20,69196
26835,0.001342,74.125.24.0-255,2902,54084,20,69196
26836,0.001345,172.31.36.0-255,66,54150,20,69196
26837,0.00137,172.31.36.0-255,66,54216,20,69196
26838,0.001373,74.125.24.0-255,1484,55700,20,69196
26839,0.001377,74.125.24.0-255,2902,58602,20,69196
26840,0.001379,172.31.36.0-255,66,58668,20,69196
26841,0.001409,172.31.36.0-255,66,58734,20,69196
26842,0.001419,172.31.36.0-255,66,58800,20,69196
26843,0.001436,74.125.24.0-255,766,59566,20,69196
26844,0.002173,74.125.24.0-255,1484,61050,20,69196
26845,0.002179,172.31.36.0-255,66,61116,20,69196
26846,0.002183,74.125.24.0-255,2902,64018,20,69196
26847,0.002186,172.31.36.0-255,66,64084,20,69196
26848,0.002189,74.125.24.0-255,1484,65568,20,69196
26849,0.002219,172.31.36.0-255,66,65634,20,69196
26850,0.002231,172.31.36.0-255,66,65700,20,69196
26851,0.002257,74.125.24.0-255,1484,67184,20,69196
26852,0.002271,172.31.36.0-255,66,67250,20,69196
26853,0.00458,172.31.36.0-255,66,67316,20,69196
26854,0.006867,74.125.24.0-255,1484,68800,20,69196
26855,0.006891,172.31.36.0-255,66,68866,20,69196
26856,0.009212,172.31.36.0-255,66,68932,20,69196
26857,0.011525,172.31.36.0-255,66,68998,20,69196
26858,0.013825,172.31.36.0-255,66,69064,20,69196
26859,0.016135,172.31.36.0-255,66,69130,20,69196
26860,0.01849,172.31.36.0-255,66,69196,20,69196
26861,0.0,74.125.200.0-255,156,156,20,64861
26862,2.6e-05,172.31.36.0-255,66,222,20,64861
26863,3.2e-05,74.125.200.0-255,1484,1706,20,64861
26864,3.7e-05,172.31.36.0-255,66,1772,20,64861
26865,5e-05,74.125.200.0-255,2902,4674,20,64861
26866,5.3e-05,172.31.36.0-255,66,4740,20,64861
26867,8.4e-05,172.31.36.0-255,66,4806,20,64861
26868,9.8e-05,172.31.36.0-255,66,4872,20,64861
26869,0.000136,172.31.36.0-255,66,4938,20,64861
26870,0.000167,172.31.36.0-255,66,5004,20,64861
26871,0.000184,172.31.36.0-255,66,5070,20,64861
26872,0.000817,74.125.200.0-255,1484,6554,20,64861
26873,0.000823,172.31.36.0-255,66,6620,20,64861
26874,0.000833,74.125.200.0-255,1484,8104,20,64861
26875,0.000843,172.31.36.0-255,66,8170,20,64861
26876,0.000848,74.125.200.0-255,2902,11072,20,64861
26877,0.00085,172.31.36.0-255,66,11138,20,64861
26878,0.00087,74.125.200.0-255,1484,12622,20,64861
26879,0.000872,172.31.36.0-255,66,12688,20,64861
26880,0.000877,74.125.200.0-255,2902,15590,20,64861
26881,0.00088,172.31.36.0-255,66,15656,20,64861
26882,0.000915,172.31.36.0-255,66,15722,20,64861
26883,0.000919,74.125.200.0-255,1125,16847,20,64861
26884,0.000921,172.31.36.0-255,66,16913,20,64861
26885,0.00096,74.125.200.0-255,1484,18397,20,64861
26886,0.000963,172.31.36.0-255,66,18463,20,64861
26887,0.000969,74.125.200.0-255,2902,21365,20,64861
26888,0.000971,172.31.36.0-255,66,21431,20,64861
26889,0.001005,172.31.36.0-255,66,21497,20,64861
26890,0.001042,172.31.36.0-255,66,21563,20,64861
26891,0.001076,74.125.200.0-255,1439,23002,20,64861
26892,0.001324,172.31.36.0-255,66,23068,20,64861
26893,0.001928,74.125.200.0-255,109,23177,20,64861
26894,0.001954,172.31.36.0-255,66,23243,20,64861
26895,0.003561,74.125.200.0-255,2902,26145,20,64861
26896,0.003568,172.31.36.0-255,66,26211,20,64861
26897,0.004451,74.125.200.0-255,2902,29113,20,64861
26898,0.004456,172.31.36.0-255,66,29179,20,64861
26899,0.006051,74.125.200.0-255,1484,30663,20,64861
26900,0.00608,74.125.200.0-255,1484,32147,20,64861
26901,0.006085,172.31.36.0-255,66,32213,20,64861
26902,0.006967,74.125.200.0-255,2902,35115,20,64861
26903,0.006976,172.31.36.0-255,66,35181,20,64861
26904,0.008607,74.125.200.0-255,2902,38083,20,64861
26905,0.008626,172.31.36.0-255,66,38149,20,64861
26906,0.00949,74.125.200.0-255,2902,41051,20,64861
26907,0.009503,172.31.36.0-255,66,41117,20,64861
26908,0.011151,74.125.200.0-255,2902,44019,20,64861
26909,0.011162,172.31.36.0-255,66,44085,20,64861
26910,0.012068,74.125.200.0-255,2902,46987,20,64861
26911,0.012076,172.31.36.0-255,66,47053,20,64861
26912,0.013734,74.125.200.0-255,2902,49955,20,64861
26913,0.013749,172.31.36.0-255,66,50021,20,64861
26914,0.014568,74.125.200.0-255,2902,52923,20,64861
26915,0.014575,172.31.36.0-255,66,52989,20,64861
26916,0.016261,74.125.200.0-255,2902,55891,20,64861
26917,0.016273,172.31.36.0-255,66,55957,20,64861
26918,0.017085,74.125.200.0-255,2902,58859,20,64861
26919,0.017091,172.31.36.0-255,66,58925,20,64861
26920,0.018794,74.125.200.0-255,2902,61827,20,64861
26921,0.018804,172.31.36.0-255,66,61893,20,64861
26922,0.019594,74.125.200.0-255,2902,64795,20,64861
26923,0.019604,172.31.36.0-255,66,64861,20,64861
26924,0.0,74.125.24.0-255,152,152,20,44037
26925,2.5e-05,172.31.36.0-255,66,218,20,44037
26926,3.2e-05,74.125.24.0-255,1484,1702,20,44037
26927,3.7e-05,172.31.36.0-255,66,1768,20,44037
26928,4.4e-05,74.125.24.0-255,2902,4670,20,44037
26929,4.8e-05,172.31.36.0-255,66,4736,20,44037
26930,5.9e-05,172.31.36.0-255,66,4802,20,44037
26931,6.4e-05,74.125.24.0-255,2039,6841,20,44037
26932,6.7e-05,172.31.36.0-255,66,6907,20,44037
26933,0.0001,74.125.24.0-255,1484,8391,20,44037
26934,0.000103,172.31.36.0-255,66,8457,20,44037
26935,0.000109,74.125.24.0-255,2902,11359,20,44037
26936,0.000111,172.31.36.0-255,66,11425,20,44037
26937,0.00012,172.31.36.0-255,66,11491,20,44037
26938,0.000145,172.31.36.0-255,66,11557,20,44037
26939,0.000166,74.125.24.0-255,2543,14100,20,44037
26940,0.000168,172.31.36.0-255,66,14166,20,44037
26941,0.000288,74.125.24.0-255,1484,15650,20,44037
26942,0.000293,172.31.36.0-255,66,15716,20,44037
26943,0.000299,74.125.24.0-255,2902,18618,20,44037
26944,0.000301,172.31.36.0-255,66,18684,20,44037
26945,0.000334,172.31.36.0-255,66,18750,20,44037
26946,0.000337,74.125.24.0-255,1484,20234,20,44037
26947,0.000339,172.31.36.0-255,66,20300,20,44037
26948,0.000362,172.31.36.0-255,66,20366,20,44037
26949,0.000374,172.31.36.0-255,66,20432,20,44037
26950,0.000416,172.31.36.0-255,66,20498,20,44037
26951,0.000842,74.125.24.0-255,411,20909,20,44037
26952,0.000885,74.125.24.0-255,1484,22393,20,44037
26953,0.000889,172.31.36.0-255,66,22459,20,44037
26954,0.000909,74.125.24.0-255,2902,25361,20,44037
26955,0.00092,172.31.36.0-255,66,25427,20,44037
26956,0.000928,172.31.36.0-255,66,25493,20,44037
26957,0.000947,172.31.36.0-255,66,25559,20,44037
26958,0.000983,172.31.36.0-255,66,25625,20,44037
26959,0.000996,172.31.36.0-255,66,25691,20,44037
26960,0.000999,74.125.24.0-255,332,26023,20,44037
26961,0.001117,74.125.24.0-255,1484,27507,20,44037
26962,0.001122,172.31.36.0-255,66,27573,20,44037
26963,0.001127,74.125.24.0-255,2902,30475,20,44037
26964,0.001129,172.31.36.0-255,66,30541,20,44037
26965,0.001144,74.125.24.0-255,2902,33443,20,44037
26966,0.001149,172.31.36.0-255,66,33509,20,44037
26967,0.001173,74.125.24.0-255,2902,36411,20,44037
26968,0.001176,172.31.36.0-255,66,36477,20,44037
26969,0.001198,172.31.36.0-255,66,36543,20,44037
26970,0.001226,172.31.36.0-255,66,36609,20,44037
26971,0.001241,172.31.36.0-255,66,36675,20,44037
26972,0.002148,74.125.24.0-255,1484,38159,20,44037
26973,0.002158,74.125.24.0-255,2902,41061,20,44037
26974,0.002163,172.31.36.0-255,66,41127,20,44037
26975,0.002175,172.31.36.0-255,66,41193,20,44037
26976,0.002184,172.31.36.0-255,66,41259,20,44037
26977,0.002222,172.31.36.0-255,66,41325,20,44037
26978,0.002227,74.125.24.0-255,2184,43509,20,44037
26979,0.002229,172.31.36.0-255,66,43575,20,44037
26980,0.004496,172.31.36.0-255,66,43641,20,44037
26981,0.006754,172.31.36.0-255,66,43707,20,44037
26982,0.00899,172.31.36.0-255,66,43773,20,44037
26983,0.011258,172.31.36.0-255,66,43839,20,44037
26984,0.013547,172.31.36.0-255,66,43905,20,44037
26985,0.015819,172.31.36.0-255,66,43971,20,44037
26986,0.018086,172.31.36.0-255,66,44037,20,44037
26987,0.0,74.125.24.0-255,153,153,20,59596
26988,2.2e-05,172.31.36.0-255,66,219,20,59596
26989,2.9e-05,74.125.24.0-255,1484,1703,20,59596
26990,3.4e-05,172.31.36.0-255,66,1769,20,59596
26991,4e-05,74.125.24.0-255,2902,4671,20,59596
26992,5.2e-05,172.31.36.0-255,66,4737,20,59596
26993,6.3e-05,172.31.36.0-255,66,4803,20,59596
26994,0.000104,74.125.24.0-255,2036,6839,20,59596
26995,0.000108,172.31.36.0-255,66,6905,20,59596
26996,0.000111,74.125.24.0-255,1484,8389,20,59596
26997,0.000113,172.31.36.0-255,66,8455,20,59596
26998,0.000141,74.125.24.0-255,1484,9939,20,59596
26999,0.000144,172.31.36.0-255,66,10005,20,59596
27000,0.000153,172.31.36.0-255,66,10071,20,59596
27001,0.000165,172.31.36.0-255,66,10137,20,59596
27002,0.000196,74.125.24.0-255,2543,12680,20,59596
27003,0.000198,172.31.36.0-255,66,12746,20,59596
27004,0.000263,74.125.24.0-255,1484,14230,20,59596
27005,0.000266,172.31.36.0-255,66,14296,20,59596
27006,0.000271,74.125.24.0-255,2902,17198,20,59596
27007,0.000273,172.31.36.0-255,66,17264,20,59596
27008,0.000287,172.31.36.0-255,66,17330,20,59596
27009,0.000318,172.31.36.0-255,66,17396,20,59596
27010,0.000327,172.31.36.0-255,66,17462,20,59596
27011,0.000366,172.31.36.0-255,66,17528,20,59596
27012,0.000375,172.31.36.0-255,66,17594,20,59596
27013,0.000424,74.125.24.0-255,414,18008,20,59596
27014,0.000679,74.125.24.0-255,330,18338,20,59596
27015,0.000935,74.125.24.0-255,1484,19822,20,59596
27016,0.00094,172.31.36.0-255,66,19888,20,59596
27017,0.000945,74.125.24.0-255,2902,22790,20,59596
27018,0.000946,172.31.36.0-255,66,22856,20,59596
27019,0.00095,74.125.24.0-255,1484,24340,20,59596
27020,0.000981,172.31.36.0-255,66,24406,20,59596
27021,0.00104,172.31.36.0-255,66,24472,20,59596
27022,0.001052,172.31.36.0-255,66,24538,20,59596
27023,0.001242,74.125.24.0-255,1484,26022,20,59596
27024,0.001263,74.125.24.0-255,2902,28924,20,59596
27025,0.001266,172.31.36.0-255,66,28990,20,59596
27026,0.001276,172.31.36.0-255,66,29056,20,59596
27027,0.00128,74.125.24.0-255,1484,30540,20,59596
27028,0.001316,172.31.36.0-255,66,30606,20,59596
27029,0.001333,172.31.36.0-255,66,30672,20,59596
27030,0.001429,74.125.24.0-255,1484,32156,20,59596
27031,0.001433,74.125.24.0-255,1484,33640,20,59596
27032,0.001435,172.31.36.0-255,66,33706,20,59596
27033,0.001468,74.125.24.0-255,1484,35190,20,59596
27034,0.001478,172.31.36.0-255,66,35256,20,59596
27035,0.001485,172.31.36.0-255,66,35322,20,59596
27036,0.001504,172.31.36.0-255,66,35388,20,59596
27037,0.001511,172.31.36.0-255,66,35454,20,59596
27038,0.001542,74.125.24.0-255,3602,39056,20,59596
27039,0.001545,172.31.36.0-255,66,39122,20,59596
27040,0.001591,74.125.24.0-255,1484,40606,20,59596
27041,0.001594,74.125.24.0-255,1484,42090,20,59596
27042,0.001597,172.31.36.0-255,66,42156,20,59596
27043,0.001623,74.125.24.0-255,1484,43640,20,59596
27044,0.001633,172.31.36.0-255,66,43706,20,59596
27045,0.001646,172.31.36.0-255,66,43772,20,59596
27046,0.001675,74.125.24.0-255,1484,45256,20,59596
27047,0.001693,172.31.36.0-255,66,45322,20,59596
27048,0.001722,74.125.24.0-255,2184,47506,20,59596
27049,0.001724,172.31.36.0-255,66,47572,20,59596
27050,0.00174,172.31.36.0-255,66,47638,20,59596
27051,0.001766,172.31.36.0-255,66,47704,20,59596
27052,0.001774,172.31.36.0-255,66,47770,20,59596
27053,0.001792,172.31.36.0-255,66,47836,20,59596
27054,0.001831,74.125.24.0-255,2902,50738,20,59596
27055,0.001834,172.31.36.0-255,66,50804,20,59596
27056,0.001888,172.31.36.0-255,66,50870,20,59596
27057,0.001924,172.31.36.0-255,66,50936,20,59596
27058,0.001943,172.31.36.0-255,66,51002,20,59596
27059,0.001948,74.125.24.0-255,2902,53904,20,59596
27060,0.00195,172.31.36.0-255,66,53970,20,59596
27061,0.002003,172.31.36.0-255,66,54036,20,59596
27062,0.002038,74.125.24.0-255,2184,56220,20,59596
27063,0.002057,74.125.24.0-255,1484,57704,20,59596
27064,0.002074,172.31.36.0-255,66,57770,20,59596
27065,0.002104,74.125.24.0-255,1484,59254,20,59596
27066,0.002143,74.125.24.0-255,105,59359,20,59596
27067,0.002155,172.31.36.0-255,66,59425,20,59596
27068,0.014862,172.31.36.0-255,105,59530,20,59596
27069,0.017203,74.125.24.0-255,66,59596,20,59596
