,TIME,SRC,PACKET_SIZE,CUMULATIVE_PACKET_SIZE,PAGE_NUMBER,TOTAL_PACKET_SIZE
0,0.0,74.125.24.0-255,297,297,44,289254
1,2.2e-05,172.31.46.0-255,66,363,44,289254
2,2.8e-05,74.125.24.0-255,1484,1847,44,289254
3,3.2e-05,172.31.46.0-255,66,1913,44,289254
4,3.8e-05,74.125.24.0-255,2902,4815,44,289254
5,4.2e-05,172.31.46.0-255,66,4881,44,289254
6,5.9e-05,74.125.24.0-255,1484,6365,44,289254
7,6.1e-05,172.31.46.0-255,66,6431,44,289254
8,8.2e-05,74.125.24.0-255,5738,12169,44,289254
9,8.5e-05,172.31.46.0-255,66,12235,44,289254
10,0.000107,74.125.24.0-255,1743,13978,44,289254
11,0.000109,172.31.46.0-255,66,14044,44,289254
12,0.000149,74.125.24.0-255,7156,21200,44,289254
13,0.000151,172.31.46.0-255,66,21266,44,289254
14,0.000173,74.125.24.0-255,1484,22750,44,289254
15,0.000176,172.31.46.0-255,66,22816,44,289254
16,0.000181,74.125.24.0-255,4320,27136,44,289254
17,0.000183,172.31.46.0-255,66,27202,44,289254
18,0.000189,74.125.24.0-255,3961,31163,44,289254
19,0.000191,172.31.46.0-255,66,31229,44,289254
20,0.000196,74.125.24.0-255,4320,35549,44,289254
21,0.000199,172.31.46.0-255,66,35615,44,289254
22,0.000231,74.125.24.0-255,5738,41353,44,289254
23,0.000234,172.31.46.0-255,66,41419,44,289254
24,0.000258,74.125.24.0-255,4320,45739,44,289254
25,0.00026,172.31.46.0-255,66,45805,44,289254
26,0.000264,74.125.24.0-255,2543,48348,44,289254
27,0.000266,172.31.46.0-255,66,48414,44,289254
28,0.000291,74.125.24.0-255,4320,52734,44,289254
29,0.000293,172.31.46.0-255,66,52800,44,289254
30,0.000322,172.31.46.0-255,66,52866,44,289254
31,0.000339,74.125.24.0-255,1484,54350,44,289254
32,0.000344,74.125.24.0-255,2543,56893,44,289254
33,0.000449,74.125.24.0-255,410,57303,44,289254
34,0.000517,172.31.46.0-255,66,57369,44,289254
35,0.000622,74.125.24.0-255,332,57701,44,289254
36,0.001068,172.31.46.0-255,66,57767,44,289254
37,0.001134,74.125.24.0-255,1484,59251,44,289254
38,0.001149,74.125.24.0-255,2902,62153,44,289254
39,0.001153,74.125.24.0-255,2902,65055,44,289254
40,0.001165,74.125.24.0-255,2902,67957,44,289254
41,0.001168,74.125.24.0-255,1484,69441,44,289254
42,0.001175,172.31.46.0-255,66,69507,44,289254
43,0.001228,172.31.46.0-255,66,69573,44,289254
44,0.001245,74.125.24.0-255,2184,71757,44,289254
45,0.001258,172.31.46.0-255,66,71823,44,289254
46,0.003561,74.125.24.0-255,2902,74725,44,289254
47,0.003568,172.31.46.0-255,66,74791,44,289254
48,0.00359,74.125.24.0-255,2902,77693,44,289254
49,0.004875,172.31.46.0-255,66,77759,44,289254
50,0.005903,74.125.24.0-255,2902,80661,44,289254
51,0.00591,172.31.46.0-255,66,80727,44,289254
52,0.007203,74.125.24.0-255,2902,83629,44,289254
53,0.008227,74.125.24.0-255,2902,86531,44,289254
54,0.008811,172.31.46.0-255,66,86597,44,289254
55,0.011136,74.125.24.0-255,5738,92335,44,289254
56,0.011143,172.31.46.0-255,66,92401,44,289254
57,0.013456,74.125.24.0-255,5738,98139,44,289254
58,0.013526,172.31.46.0-255,66,98205,44,289254
59,0.015837,74.125.24.0-255,5738,103943,44,289254
60,0.015846,172.31.46.0-255,66,104009,44,289254
61,0.01819,74.125.24.0-255,4320,108329,44,289254
62,0.018199,172.31.46.0-255,66,108395,44,289254
63,0.018219,74.125.24.0-255,1484,109879,44,289254
64,0.020523,74.125.24.0-255,4320,114199,44,289254
65,0.020531,172.31.46.0-255,66,114265,44,289254
66,0.022859,74.125.24.0-255,5738,120003,44,289254
67,0.022957,172.31.46.0-255,66,120069,44,289254
68,0.025406,74.125.24.0-255,5738,125807,44,289254
69,0.025415,172.31.46.0-255,66,125873,44,289254
70,0.02683,172.31.46.0-255,167,126040,44,289254
71,0.026862,172.31.46.0-255,1113,127153,44,289254
72,0.026925,172.31.46.0-255,1514,128667,44,289254
73,0.026927,172.31.46.0-255,1514,130181,44,289254
74,0.026928,172.31.46.0-255,1514,131695,44,289254
75,0.02693,172.31.46.0-255,1514,133209,44,289254
76,0.026931,172.31.46.0-255,557,133766,44,289254
77,0.02773,74.125.24.0-255,5738,139504,44,289254
78,0.027737,172.31.46.0-255,66,139570,44,289254
79,0.028866,104.244.42.0-255,66,139636,44,289254
80,0.030076,74.125.24.0-255,5738,145374,44,289254
81,0.030082,172.31.46.0-255,66,145440,44,289254
82,0.032409,74.125.24.0-255,1484,146924,44,289254
83,0.032436,74.125.24.0-255,4320,151244,44,289254
84,0.032441,172.31.46.0-255,66,151310,44,289254
85,0.034765,74.125.24.0-255,5738,157048,44,289254
86,0.034772,172.31.46.0-255,66,157114,44,289254
87,0.037177,74.125.24.0-255,5738,162852,44,289254
88,0.037184,172.31.46.0-255,66,162918,44,289254
89,0.039531,74.125.24.0-255,5738,168656,44,289254
90,0.039538,172.31.46.0-255,66,168722,44,289254
91,0.041868,74.125.24.0-255,5738,174460,44,289254
92,0.041874,172.31.46.0-255,66,174526,44,289254
93,0.044198,74.125.24.0-255,4320,178846,44,289254
94,0.044204,172.31.46.0-255,66,178912,44,289254
95,0.044223,74.125.24.0-255,1484,180396,44,289254
96,0.046569,74.125.24.0-255,4320,184716,44,289254
97,0.046576,172.31.46.0-255,66,184782,44,289254
98,0.048894,74.125.24.0-255,5738,190520,44,289254
99,0.048958,172.31.46.0-255,66,190586,44,289254
100,0.051283,74.125.24.0-255,5738,196324,44,289254
101,0.051292,172.31.46.0-255,66,196390,44,289254
102,0.053633,74.125.24.0-255,5738,202128,44,289254
103,0.05364,172.31.46.0-255,66,202194,44,289254
104,0.056023,74.125.24.0-255,5738,207932,44,289254
105,0.05603,172.31.46.0-255,66,207998,44,289254
106,0.058351,74.125.24.0-255,5738,213736,44,289254
107,0.058357,172.31.46.0-255,66,213802,44,289254
108,0.060679,74.125.24.0-255,5738,219540,44,289254
109,0.060685,172.31.46.0-255,66,219606,44,289254
110,0.063059,74.125.24.0-255,5738,225344,44,289254
111,0.063066,172.31.46.0-255,66,225410,44,289254
112,0.065413,74.125.24.0-255,5738,231148,44,289254
113,0.06542,172.31.46.0-255,66,231214,44,289254
114,0.067776,74.125.24.0-255,5738,236952,44,289254
115,0.067783,172.31.46.0-255,66,237018,44,289254
116,0.070099,74.125.24.0-255,5738,242756,44,289254
117,0.070105,172.31.46.0-255,66,242822,44,289254
118,0.072446,74.125.24.0-255,5738,248560,44,289254
119,0.072454,172.31.46.0-255,66,248626,44,289254
120,0.074798,74.125.24.0-255,5738,254364,44,289254
121,0.074807,172.31.46.0-255,66,254430,44,289254
122,0.077164,74.125.24.0-255,5738,260168,44,289254
123,0.07717,172.31.46.0-255,66,260234,44,289254
124,0.079528,74.125.24.0-255,5738,265972,44,289254
125,0.079535,172.31.46.0-255,66,266038,44,289254
126,0.081883,74.125.24.0-255,5738,271776,44,289254
127,0.08189,172.31.46.0-255,66,271842,44,289254
128,0.084237,74.125.24.0-255,5738,277580,44,289254
129,0.084244,172.31.46.0-255,66,277646,44,289254
130,0.086567,74.125.24.0-255,5738,283384,44,289254
131,0.086577,172.31.46.0-255,66,283450,44,289254
132,0.088898,74.125.24.0-255,5738,289188,44,289254
133,0.088905,172.31.46.0-255,66,289254,44,289254
134,0.0,74.125.68.0-255,153,153,44,383136
135,1.6e-05,172.31.46.0-255,66,219,44,383136
136,2.3e-05,74.125.68.0-255,1484,1703,44,383136
137,2.8e-05,172.31.46.0-255,66,1769,44,383136
138,3.4e-05,74.125.68.0-255,2902,4671,44,383136
139,3.7e-05,172.31.46.0-255,66,4737,44,383136
140,6.5e-05,74.125.68.0-255,5738,10475,44,383136
141,6.8e-05,172.31.46.0-255,66,10541,44,383136
142,8.9e-05,74.125.68.0-255,4320,14861,44,383136
143,9.1e-05,172.31.46.0-255,66,14927,44,383136
144,0.000102,74.125.68.0-255,2089,17016,44,383136
145,0.000104,172.31.46.0-255,66,17082,44,383136
146,0.000112,74.125.68.0-255,7156,24238,44,383136
147,0.000114,172.31.46.0-255,66,24304,44,383136
148,0.000144,74.125.68.0-255,2902,27206,44,383136
149,0.000146,172.31.46.0-255,66,27272,44,383136
150,0.000167,74.125.68.0-255,3961,31233,44,383136
151,0.000169,172.31.46.0-255,66,31299,44,383136
152,0.000229,74.125.68.0-255,1484,32783,44,383136
153,0.000231,172.31.46.0-255,66,32849,44,383136
154,0.000244,74.125.68.0-255,2902,35751,44,383136
155,0.000246,172.31.46.0-255,66,35817,44,383136
156,0.000249,74.125.68.0-255,1484,37301,44,383136
157,0.00025,172.31.46.0-255,66,37367,44,383136
158,0.000276,74.125.68.0-255,1484,38851,44,383136
159,0.000278,172.31.46.0-255,66,38917,44,383136
160,0.000284,74.125.68.0-255,4320,43237,44,383136
161,0.000286,172.31.46.0-255,66,43303,44,383136
162,0.000302,74.125.68.0-255,2902,46205,44,383136
163,0.000304,172.31.46.0-255,66,46271,44,383136
164,0.000324,74.125.68.0-255,2543,48814,44,383136
165,0.000326,172.31.46.0-255,66,48880,44,383136
166,0.000352,74.125.68.0-255,5738,54618,44,383136
167,0.000354,172.31.46.0-255,66,54684,44,383136
168,0.000358,74.125.68.0-255,2902,57586,44,383136
169,0.00036,172.31.46.0-255,66,57652,44,383136
170,0.000381,74.125.68.0-255,1484,59136,44,383136
171,0.000395,74.125.68.0-255,2902,62038,44,383136
172,0.000398,172.31.46.0-255,66,62104,44,383136
173,0.000403,74.125.68.0-255,4237,66341,44,383136
174,0.000405,172.31.46.0-255,66,66407,44,383136
175,0.00043,74.125.68.0-255,133,66540,44,383136
176,0.000612,74.125.68.0-255,1484,68024,44,383136
177,0.000617,172.31.46.0-255,66,68090,44,383136
178,0.000621,74.125.68.0-255,1484,69574,44,383136
179,0.000635,74.125.68.0-255,1484,71058,44,383136
180,0.000638,172.31.46.0-255,66,71124,44,383136
181,0.000645,74.125.68.0-255,5738,76862,44,383136
182,0.000647,172.31.46.0-255,66,76928,44,383136
183,0.000649,74.125.68.0-255,1484,78412,44,383136
184,0.000671,74.125.68.0-255,1484,79896,44,383136
185,0.000673,172.31.46.0-255,66,79962,44,383136
186,0.000679,74.125.68.0-255,4320,84282,44,383136
187,0.000681,172.31.46.0-255,66,84348,44,383136
188,0.000697,74.125.68.0-255,5738,90086,44,383136
189,0.000699,172.31.46.0-255,66,90152,44,383136
190,0.00072,74.125.68.0-255,2902,93054,44,383136
191,0.000722,172.31.46.0-255,66,93120,44,383136
192,0.000728,74.125.68.0-255,4320,97440,44,383136
193,0.000729,172.31.46.0-255,66,97506,44,383136
194,0.000751,74.125.68.0-255,5020,102526,44,383136
195,0.000753,172.31.46.0-255,66,102592,44,383136
196,0.000757,74.125.68.0-255,2902,105494,44,383136
197,0.000759,172.31.46.0-255,66,105560,44,383136
198,0.00078,74.125.68.0-255,4320,109880,44,383136
199,0.000782,172.31.46.0-255,66,109946,44,383136
200,0.000809,74.125.68.0-255,1484,111430,44,383136
201,0.000819,74.125.68.0-255,1484,112914,44,383136
202,0.000821,172.31.46.0-255,66,112980,44,383136
203,0.00084,74.125.68.0-255,1484,114464,44,383136
204,0.000846,74.125.68.0-255,5738,120202,44,383136
205,0.000849,172.31.46.0-255,66,120268,44,383136
206,0.000851,74.125.68.0-255,1484,121752,44,383136
207,0.000864,74.125.68.0-255,2902,124654,44,383136
208,0.000866,172.31.46.0-255,66,124720,44,383136
209,0.000892,74.125.68.0-255,1484,126204,44,383136
210,0.000901,74.125.68.0-255,7156,133360,44,383136
211,0.000903,172.31.46.0-255,66,133426,44,383136
212,0.000907,74.125.68.0-255,2460,135886,44,383136
213,0.000909,172.31.46.0-255,66,135952,44,383136
214,0.000953,74.125.68.0-255,1484,137436,44,383136
215,0.000966,74.125.68.0-255,2902,140338,44,383136
216,0.000969,172.31.46.0-255,66,140404,44,383136
217,0.000995,74.125.68.0-255,5738,146142,44,383136
218,0.000998,172.31.46.0-255,66,146208,44,383136
219,0.001042,74.125.68.0-255,2902,149110,44,383136
220,0.001044,172.31.46.0-255,66,149176,44,383136
221,0.001067,74.125.68.0-255,1484,150660,44,383136
222,0.001074,74.125.68.0-255,5738,156398,44,383136
223,0.001076,172.31.46.0-255,66,156464,44,383136
224,0.001087,172.31.46.0-255,66,156530,44,383136
225,0.001091,74.125.68.0-255,2184,158714,44,383136
226,0.001093,172.31.46.0-255,66,158780,44,383136
227,0.001716,74.125.68.0-255,1484,160264,44,383136
228,0.001777,74.125.68.0-255,2902,163166,44,383136
229,0.001781,172.31.46.0-255,66,163232,44,383136
230,0.001804,74.125.68.0-255,4320,167552,44,383136
231,0.001806,172.31.46.0-255,66,167618,44,383136
232,0.001818,74.125.68.0-255,2902,170520,44,383136
233,0.001821,172.31.46.0-255,66,170586,44,383136
234,0.001842,74.125.68.0-255,5738,176324,44,383136
235,0.001844,172.31.46.0-255,66,176390,44,383136
236,0.00185,74.125.68.0-255,4320,180710,44,383136
237,0.001851,172.31.46.0-255,66,180776,44,383136
238,0.001882,74.125.68.0-255,1484,182260,44,383136
239,0.001916,172.31.46.0-255,66,182326,44,383136
240,0.002181,74.125.68.0-255,1484,183810,44,383136
241,0.002201,74.125.68.0-255,2902,186712,44,383136
242,0.002205,172.31.46.0-255,66,186778,44,383136
243,0.002231,74.125.68.0-255,5738,192516,44,383136
244,0.002237,74.125.68.0-255,5738,198254,44,383136
245,0.00224,172.31.46.0-255,66,198320,44,383136
246,0.002243,172.31.46.0-255,66,198386,44,383136
247,0.002267,74.125.68.0-255,7156,205542,44,383136
248,0.00227,172.31.46.0-255,66,205608,44,383136
249,0.002303,172.31.46.0-255,66,205674,44,383136
250,0.002334,74.125.68.0-255,1484,207158,44,383136
251,0.002349,172.31.46.0-255,66,207224,44,383136
252,0.002354,74.125.68.0-255,2902,210126,44,383136
253,0.002356,74.125.68.0-255,1484,211610,44,383136
254,0.007911,172.31.46.0-255,66,211676,44,383136
255,0.010271,74.125.68.0-255,4320,215996,44,383136
256,0.010289,172.31.46.0-255,66,216062,44,383136
257,0.012649,74.125.68.0-255,5738,221800,44,383136
258,0.012669,172.31.46.0-255,66,221866,44,383136
259,0.015026,74.125.68.0-255,5738,227604,44,383136
260,0.015047,172.31.46.0-255,66,227670,44,383136
261,0.017399,74.125.68.0-255,5738,233408,44,383136
262,0.017418,172.31.46.0-255,66,233474,44,383136
263,0.01978,74.125.68.0-255,5738,239212,44,383136
264,0.019799,172.31.46.0-255,66,239278,44,383136
265,0.022146,74.125.68.0-255,5738,245016,44,383136
266,0.022164,172.31.46.0-255,66,245082,44,383136
267,0.024512,74.125.68.0-255,5738,250820,44,383136
268,0.02453,172.31.46.0-255,66,250886,44,383136
269,0.026868,74.125.68.0-255,5738,256624,44,383136
270,0.026885,172.31.46.0-255,66,256690,44,383136
271,0.029223,74.125.68.0-255,5738,262428,44,383136
272,0.02924,172.31.46.0-255,66,262494,44,383136
273,0.0316,74.125.68.0-255,5738,268232,44,383136
274,0.031619,172.31.46.0-255,66,268298,44,383136
275,0.033972,74.125.68.0-255,5738,274036,44,383136
276,0.03399,172.31.46.0-255,66,274102,44,383136
277,0.036338,74.125.68.0-255,5738,279840,44,383136
278,0.036348,172.31.46.0-255,66,279906,44,383136
279,0.038691,74.125.68.0-255,5738,285644,44,383136
280,0.038701,172.31.46.0-255,66,285710,44,383136
281,0.041061,74.125.68.0-255,5738,291448,44,383136
282,0.041073,172.31.46.0-255,66,291514,44,383136
283,0.043418,74.125.68.0-255,5738,297252,44,383136
284,0.043425,172.31.46.0-255,66,297318,44,383136
285,0.043591,172.31.46.0-255,172,297490,44,383136
286,0.043616,172.31.46.0-255,1114,298604,44,383136
287,0.043734,172.31.46.0-255,1514,300118,44,383136
288,0.043736,172.31.46.0-255,1514,301632,44,383136
289,0.043741,172.31.46.0-255,1514,303146,44,383136
290,0.043741,172.31.46.0-255,1514,304660,44,383136
291,0.04376,172.31.46.0-255,1514,306174,44,383136
292,0.043761,172.31.46.0-255,70,306244,44,383136
293,0.045147,104.244.42.0-255,66,306310,44,383136
294,0.045155,104.244.42.0-255,66,306376,44,383136
295,0.045274,104.244.42.0-255,66,306442,44,383136
296,0.04528,104.244.42.0-255,66,306508,44,383136
297,0.045757,74.125.68.0-255,5738,312246,44,383136
298,0.045763,172.31.46.0-255,66,312312,44,383136
299,0.048092,74.125.68.0-255,5738,318050,44,383136
300,0.048101,172.31.46.0-255,66,318116,44,383136
301,0.050434,74.125.68.0-255,5738,323854,44,383136
302,0.050444,172.31.46.0-255,66,323920,44,383136
303,0.052791,74.125.68.0-255,5738,329658,44,383136
304,0.052802,172.31.46.0-255,66,329724,44,383136
305,0.05516,74.125.68.0-255,5738,335462,44,383136
306,0.055169,172.31.46.0-255,66,335528,44,383136
307,0.057499,74.125.68.0-255,5738,341266,44,383136
308,0.057507,172.31.46.0-255,66,341332,44,383136
309,0.05986,74.125.68.0-255,5738,347070,44,383136
310,0.059885,172.31.46.0-255,66,347136,44,383136
311,0.062231,74.125.68.0-255,5738,352874,44,383136
312,0.062242,172.31.46.0-255,66,352940,44,383136
313,0.064563,74.125.68.0-255,4320,357260,44,383136
314,0.064573,172.31.46.0-255,66,357326,44,383136
315,0.064595,74.125.68.0-255,1484,358810,44,383136
316,0.066913,74.125.68.0-255,4320,363130,44,383136
317,0.066925,172.31.46.0-255,66,363196,44,383136
318,0.06926,74.125.68.0-255,5738,368934,44,383136
319,0.06927,172.31.46.0-255,66,369000,44,383136
320,0.07161,74.125.68.0-255,5738,374738,44,383136
321,0.071623,172.31.46.0-255,66,374804,44,383136
322,0.07397,74.125.68.0-255,5738,380542,44,383136
323,0.073985,172.31.46.0-255,66,380608,44,383136
324,0.076313,74.125.68.0-255,2291,382899,44,383136
325,0.076321,172.31.46.0-255,66,382965,44,383136
326,0.076503,172.31.46.0-255,105,383070,44,383136
327,0.078792,74.125.68.0-255,66,383136,44,383136
328,0.0,172.217.194.0-255,152,152,44,309096
329,2.2e-05,172.31.46.0-255,66,218,44,309096
330,2.9e-05,172.217.194.0-255,1484,1702,44,309096
331,3.3e-05,172.31.46.0-255,66,1768,44,309096
332,4e-05,172.217.194.0-255,2902,4670,44,309096
333,4.4e-05,172.31.46.0-255,66,4736,44,309096
334,5.1e-05,172.217.194.0-255,7156,11892,44,309096
335,5.4e-05,172.31.46.0-255,66,11958,44,309096
336,5.6e-05,172.217.194.0-255,1484,13442,44,309096
337,5.9e-05,172.31.46.0-255,66,13508,44,309096
338,0.000105,172.31.46.0-255,66,13574,44,309096
339,0.000109,172.217.194.0-255,2543,16117,44,309096
340,0.000111,172.31.46.0-255,66,16183,44,309096
341,0.000156,172.31.46.0-255,66,16249,44,309096
342,0.000205,172.217.194.0-255,1484,17733,44,309096
343,0.000207,172.31.46.0-255,66,17799,44,309096
344,0.000212,172.217.194.0-255,2902,20701,44,309096
345,0.000215,172.31.46.0-255,66,20767,44,309096
346,0.000248,172.217.194.0-255,5738,26505,44,309096
347,0.000251,172.31.46.0-255,66,26571,44,309096
348,0.000258,172.217.194.0-255,6797,33368,44,309096
349,0.000261,172.31.46.0-255,66,33434,44,309096
350,0.000284,172.217.194.0-255,380,33814,44,309096
351,0.000286,172.31.46.0-255,66,33880,44,309096
352,0.000303,172.217.194.0-255,363,34243,44,309096
353,0.000305,172.31.46.0-255,66,34309,44,309096
354,0.000496,172.217.194.0-255,1484,35793,44,309096
355,0.000501,172.31.46.0-255,66,35859,44,309096
356,0.000507,172.217.194.0-255,2902,38761,44,309096
357,0.000509,172.31.46.0-255,66,38827,44,309096
358,0.000516,172.217.194.0-255,5738,44565,44,309096
359,0.000518,172.31.46.0-255,66,44631,44,309096
360,0.000544,172.217.194.0-255,6248,50879,44,309096
361,0.000548,172.31.46.0-255,66,50945,44,309096
362,0.001018,172.217.194.0-255,1484,52429,44,309096
363,0.001025,172.217.194.0-255,2902,55331,44,309096
364,0.001029,172.31.46.0-255,66,55397,44,309096
365,0.001036,172.217.194.0-255,4320,59717,44,309096
366,0.001038,172.31.46.0-255,66,59783,44,309096
367,0.00106,172.217.194.0-255,1484,61267,44,309096
368,0.001074,172.31.46.0-255,66,61333,44,309096
369,0.001108,172.217.194.0-255,4320,65653,44,309096
370,0.001111,172.31.46.0-255,66,65719,44,309096
371,0.001136,172.217.194.0-255,6438,72157,44,309096
372,0.001139,172.31.46.0-255,66,72223,44,309096
373,0.001597,172.217.194.0-255,1484,73707,44,309096
374,0.001606,172.217.194.0-255,2902,76609,44,309096
375,0.001609,172.31.46.0-255,66,76675,44,309096
376,0.001615,172.217.194.0-255,2902,79577,44,309096
377,0.001617,172.31.46.0-255,66,79643,44,309096
378,0.00163,172.217.194.0-255,2902,82545,44,309096
379,0.001632,172.31.46.0-255,66,82611,44,309096
380,0.001638,172.217.194.0-255,7156,89767,44,309096
381,0.00164,172.31.46.0-255,66,89833,44,309096
382,0.001663,172.217.194.0-255,5738,95571,44,309096
383,0.001666,172.31.46.0-255,66,95637,44,309096
384,0.001677,172.31.46.0-255,66,95703,44,309096
385,0.001882,172.217.194.0-255,1484,97187,44,309096
386,0.001888,172.217.194.0-255,2902,100089,44,309096
387,0.001892,172.31.46.0-255,66,100155,44,309096
388,0.0019,172.217.194.0-255,5738,105893,44,309096
389,0.001902,172.31.46.0-255,66,105959,44,309096
390,0.001947,172.31.46.0-255,66,106025,44,309096
391,0.001949,172.217.194.0-255,1484,107509,44,309096
392,0.001969,172.217.194.0-255,7156,114665,44,309096
393,0.001971,172.31.46.0-255,66,114731,44,309096
394,0.001988,172.217.194.0-255,2184,116915,44,309096
395,0.00199,172.31.46.0-255,66,116981,44,309096
396,0.001993,172.217.194.0-255,1484,118465,44,309096
397,0.002017,172.31.46.0-255,66,118531,44,309096
398,0.002019,172.217.194.0-255,1484,120015,44,309096
399,0.002043,172.31.46.0-255,66,120081,44,309096
400,0.00206,172.217.194.0-255,1484,121565,44,309096
401,0.002071,172.31.46.0-255,66,121631,44,309096
402,0.00409,172.217.194.0-255,5738,127369,44,309096
403,0.004096,172.31.46.0-255,66,127435,44,309096
404,0.006117,172.217.194.0-255,5738,133173,44,309096
405,0.006122,172.31.46.0-255,66,133239,44,309096
406,0.008132,172.217.194.0-255,5738,138977,44,309096
407,0.008139,172.31.46.0-255,66,139043,44,309096
408,0.010157,172.217.194.0-255,5738,144781,44,309096
409,0.010164,172.31.46.0-255,66,144847,44,309096
410,0.012148,172.217.194.0-255,5738,150585,44,309096
411,0.012155,172.31.46.0-255,66,150651,44,309096
412,0.014158,172.217.194.0-255,5738,156389,44,309096
413,0.014165,172.31.46.0-255,66,156455,44,309096
414,0.016164,172.217.194.0-255,5738,162193,44,309096
415,0.01617,172.31.46.0-255,66,162259,44,309096
416,0.018175,172.217.194.0-255,5738,167997,44,309096
417,0.018182,172.31.46.0-255,66,168063,44,309096
418,0.020173,172.217.194.0-255,5738,173801,44,309096
419,0.02018,172.31.46.0-255,66,173867,44,309096
420,0.022204,172.217.194.0-255,5738,179605,44,309096
421,0.022212,172.31.46.0-255,66,179671,44,309096
422,0.024226,172.217.194.0-255,5738,185409,44,309096
423,0.024235,172.31.46.0-255,66,185475,44,309096
424,0.026252,172.217.194.0-255,5738,191213,44,309096
425,0.026262,172.31.46.0-255,66,191279,44,309096
426,0.028302,172.217.194.0-255,5738,197017,44,309096
427,0.028317,172.31.46.0-255,66,197083,44,309096
428,0.030338,172.217.194.0-255,5738,202821,44,309096
429,0.030348,172.31.46.0-255,66,202887,44,309096
430,0.032358,172.217.194.0-255,5738,208625,44,309096
431,0.032367,172.31.46.0-255,66,208691,44,309096
432,0.034369,172.217.194.0-255,5738,214429,44,309096
433,0.034377,172.31.46.0-255,66,214495,44,309096
434,0.036373,172.217.194.0-255,5738,220233,44,309096
435,0.036379,172.31.46.0-255,66,220299,44,309096
436,0.036775,172.31.46.0-255,188,220487,44,309096
437,0.036802,172.31.46.0-255,955,221442,44,309096
438,0.036862,172.31.46.0-255,1514,222956,44,309096
439,0.036864,172.31.46.0-255,1514,224470,44,309096
440,0.036869,172.31.46.0-255,1514,225984,44,309096
441,0.03687,172.31.46.0-255,1514,227498,44,309096
442,0.036887,172.31.46.0-255,1514,229012,44,309096
443,0.036888,172.31.46.0-255,229,229241,44,309096
444,0.038304,104.244.42.0-255,66,229307,44,309096
445,0.038386,172.217.194.0-255,5738,235045,44,309096
446,0.038397,172.31.46.0-255,66,235111,44,309096
447,0.038413,104.244.42.0-255,66,235177,44,309096
448,0.038417,104.244.42.0-255,66,235243,44,309096
449,0.03842,104.244.42.0-255,66,235309,44,309096
450,0.038423,104.244.42.0-255,66,235375,44,309096
451,0.040417,172.217.194.0-255,5738,241113,44,309096
452,0.040427,172.31.46.0-255,66,241179,44,309096
453,0.042438,172.217.194.0-255,5738,246917,44,309096
454,0.042443,172.31.46.0-255,66,246983,44,309096
455,0.044461,172.217.194.0-255,5738,252721,44,309096
456,0.044467,172.31.46.0-255,66,252787,44,309096
457,0.046492,172.217.194.0-255,5738,258525,44,309096
458,0.046499,172.31.46.0-255,66,258591,44,309096
459,0.04856,172.217.194.0-255,5738,264329,44,309096
460,0.048567,172.31.46.0-255,66,264395,44,309096
461,0.050584,172.217.194.0-255,5738,270133,44,309096
462,0.050589,172.31.46.0-255,66,270199,44,309096
463,0.052603,172.217.194.0-255,5738,275937,44,309096
464,0.052609,172.31.46.0-255,66,276003,44,309096
465,0.054603,172.217.194.0-255,5738,281741,44,309096
466,0.054612,172.31.46.0-255,66,281807,44,309096
467,0.056612,172.217.194.0-255,5738,287545,44,309096
468,0.056619,172.31.46.0-255,66,287611,44,309096
469,0.058636,172.217.194.0-255,5738,293349,44,309096
470,0.058642,172.31.46.0-255,66,293415,44,309096
471,0.06067,172.217.194.0-255,5738,299153,44,309096
472,0.060675,172.31.46.0-255,66,299219,44,309096
473,0.062685,172.217.194.0-255,5738,304957,44,309096
474,0.06269,172.31.46.0-255,66,305023,44,309096
475,0.064689,172.217.194.0-255,3836,308859,44,309096
476,0.064694,172.31.46.0-255,66,308925,44,309096
477,0.064845,172.31.46.0-255,105,309030,44,309096
478,0.066807,172.217.194.0-255,66,309096,44,309096
479,0.0,172.217.194.0-255,153,153,44,305345
480,3.6e-05,172.31.46.0-255,66,219,44,305345
481,4.4e-05,172.217.194.0-255,1484,1703,44,305345
482,4.8e-05,172.31.46.0-255,66,1769,44,305345
483,6.1e-05,172.217.194.0-255,2902,4671,44,305345
484,6.5e-05,172.31.46.0-255,66,4737,44,305345
485,7.3e-05,172.217.194.0-255,7156,11893,44,305345
486,7.7e-05,172.31.46.0-255,66,11959,44,305345
487,9.2e-05,172.31.46.0-255,66,12025,44,305345
488,0.0001,172.217.194.0-255,6797,18822,44,305345
489,0.000103,172.31.46.0-255,66,18888,44,305345
490,0.000151,172.217.194.0-255,1484,20372,44,305345
491,0.000159,172.31.46.0-255,66,20438,44,305345
492,0.000165,172.217.194.0-255,2902,23340,44,305345
493,0.000167,172.31.46.0-255,66,23406,44,305345
494,0.000173,172.217.194.0-255,4320,27726,44,305345
495,0.000176,172.31.46.0-255,66,27792,44,305345
496,0.000199,172.217.194.0-255,1484,29276,44,305345
497,0.000201,172.31.46.0-255,66,29342,44,305345
498,0.000207,172.217.194.0-255,4320,33662,44,305345
499,0.000209,172.31.46.0-255,66,33728,44,305345
500,0.000239,172.217.194.0-255,2543,36271,44,305345
501,0.000241,172.31.46.0-255,66,36337,44,305345
502,0.000268,172.217.194.0-255,2902,39239,44,305345
503,0.000271,172.31.46.0-255,66,39305,44,305345
504,0.000279,172.217.194.0-255,7156,46461,44,305345
505,0.000281,172.31.46.0-255,66,46527,44,305345
506,0.000284,172.217.194.0-255,1484,48011,44,305345
507,0.000287,172.31.46.0-255,66,48077,44,305345
508,0.000317,172.217.194.0-255,4320,52397,44,305345
509,0.00032,172.31.46.0-255,66,52463,44,305345
510,0.000343,172.217.194.0-255,1766,54229,44,305345
511,0.000345,172.31.46.0-255,66,54295,44,305345
512,0.000501,172.217.194.0-255,1484,55779,44,305345
513,0.000508,172.217.194.0-255,2902,58681,44,305345
514,0.000512,172.31.46.0-255,66,58747,44,305345
515,0.000541,172.217.194.0-255,5738,64485,44,305345
516,0.000544,172.31.46.0-255,66,64551,44,305345
517,0.000552,172.217.194.0-255,6249,70800,44,305345
518,0.000554,172.31.46.0-255,66,70866,44,305345
519,0.00088,172.217.194.0-255,1484,72350,44,305345
520,0.000888,172.217.194.0-255,2902,75252,44,305345
521,0.000892,172.31.46.0-255,66,75318,44,305345
522,0.000899,172.217.194.0-255,5738,81056,44,305345
523,0.000901,172.31.46.0-255,66,81122,44,305345
524,0.000934,172.31.46.0-255,66,81188,44,305345
525,0.000962,172.217.194.0-255,2902,84090,44,305345
526,0.000964,172.31.46.0-255,66,84156,44,305345
527,0.000978,172.31.46.0-255,66,84222,44,305345
528,0.001941,172.217.194.0-255,1484,85706,44,305345
529,0.001952,172.217.194.0-255,2902,88608,44,305345
530,0.001957,172.31.46.0-255,66,88674,44,305345
531,0.001999,172.217.194.0-255,1484,90158,44,305345
532,0.002015,172.217.194.0-255,4320,94478,44,305345
533,0.002017,172.31.46.0-255,66,94544,44,305345
534,0.002022,172.217.194.0-255,2902,97446,44,305345
535,0.002024,172.31.46.0-255,66,97512,44,305345
536,0.002056,172.217.194.0-255,2902,100414,44,305345
537,0.002059,172.31.46.0-255,66,100480,44,305345
538,0.002075,172.31.46.0-255,66,100546,44,305345
539,0.002078,172.217.194.0-255,766,101312,44,305345
540,0.003739,172.31.46.0-255,66,101378,44,305345
541,0.004612,172.217.194.0-255,4320,105698,44,305345
542,0.00462,172.31.46.0-255,66,105764,44,305345
543,0.006252,172.217.194.0-255,1484,107248,44,305345
544,0.007194,172.217.194.0-255,4320,111568,44,305345
545,0.007199,172.31.46.0-255,66,111634,44,305345
546,0.009799,172.217.194.0-255,5738,117372,44,305345
547,0.009811,172.31.46.0-255,66,117438,44,305345
548,0.012404,172.217.194.0-255,5738,123176,44,305345
549,0.01242,172.31.46.0-255,66,123242,44,305345
550,0.014957,172.217.194.0-255,5738,128980,44,305345
551,0.01497,172.31.46.0-255,66,129046,44,305345
552,0.017542,172.217.194.0-255,5738,134784,44,305345
553,0.017554,172.31.46.0-255,66,134850,44,305345
554,0.02008,172.217.194.0-255,5738,140588,44,305345
555,0.020088,172.31.46.0-255,66,140654,44,305345
556,0.022673,172.217.194.0-255,5738,146392,44,305345
557,0.022683,172.31.46.0-255,66,146458,44,305345
558,0.02525,172.217.194.0-255,5738,152196,44,305345
559,0.025258,172.31.46.0-255,66,152262,44,305345
560,0.027832,172.217.194.0-255,5738,158000,44,305345
561,0.02784,172.31.46.0-255,66,158066,44,305345
562,0.030431,172.217.194.0-255,5738,163804,44,305345
563,0.030438,172.31.46.0-255,66,163870,44,305345
564,0.031864,172.31.46.0-255,190,164060,44,305345
565,0.031894,172.31.46.0-255,1113,165173,44,305345
566,0.031963,172.31.46.0-255,1514,166687,44,305345
567,0.031965,172.31.46.0-255,1514,168201,44,305345
568,0.031966,172.31.46.0-255,1514,169715,44,305345
569,0.031967,172.31.46.0-255,1514,171229,44,305345
570,0.031968,172.31.46.0-255,558,171787,44,305345
571,0.032993,172.217.194.0-255,5738,177525,44,305345
572,0.033,172.31.46.0-255,66,177591,44,305345
573,0.034104,104.244.42.0-255,66,177657,44,305345
574,0.0356,172.217.194.0-255,5738,183395,44,305345
575,0.035609,172.31.46.0-255,66,183461,44,305345
576,0.038219,172.217.194.0-255,5738,189199,44,305345
577,0.038225,172.31.46.0-255,66,189265,44,305345
578,0.040763,172.217.194.0-255,5738,195003,44,305345
579,0.040772,172.31.46.0-255,66,195069,44,305345
580,0.043324,172.217.194.0-255,5738,200807,44,305345
581,0.043331,172.31.46.0-255,66,200873,44,305345
582,0.04591,172.217.194.0-255,5738,206611,44,305345
583,0.045919,172.31.46.0-255,66,206677,44,305345
584,0.048475,172.217.194.0-255,5738,212415,44,305345
585,0.048487,172.31.46.0-255,66,212481,44,305345
586,0.05105,172.217.194.0-255,5738,218219,44,305345
587,0.051069,172.31.46.0-255,66,218285,44,305345
588,0.053648,172.217.194.0-255,5738,224023,44,305345
589,0.053662,172.31.46.0-255,66,224089,44,305345
590,0.056207,172.217.194.0-255,5738,229827,44,305345
591,0.056217,172.31.46.0-255,66,229893,44,305345
592,0.05876,172.217.194.0-255,5738,235631,44,305345
593,0.058767,172.31.46.0-255,66,235697,44,305345
594,0.061367,172.217.194.0-255,5738,241435,44,305345
595,0.061378,172.31.46.0-255,66,241501,44,305345
596,0.06395,172.217.194.0-255,5738,247239,44,305345
597,0.063959,172.31.46.0-255,66,247305,44,305345
598,0.066518,172.217.194.0-255,5738,253043,44,305345
599,0.066535,172.31.46.0-255,66,253109,44,305345
600,0.069087,172.217.194.0-255,5738,258847,44,305345
601,0.069095,172.31.46.0-255,66,258913,44,305345
602,0.071671,172.217.194.0-255,5738,264651,44,305345
603,0.071678,172.31.46.0-255,66,264717,44,305345
604,0.07426,172.217.194.0-255,5738,270455,44,305345
605,0.074271,172.31.46.0-255,66,270521,44,305345
606,0.076856,172.217.194.0-255,5738,276259,44,305345
607,0.076863,172.31.46.0-255,66,276325,44,305345
608,0.079421,172.217.194.0-255,5738,282063,44,305345
609,0.079428,172.31.46.0-255,66,282129,44,305345
610,0.081979,172.217.194.0-255,5738,287867,44,305345
611,0.081989,172.31.46.0-255,66,287933,44,305345
612,0.084509,172.217.194.0-255,5738,293671,44,305345
613,0.084516,172.31.46.0-255,66,293737,44,305345
614,0.087034,172.217.194.0-255,5738,299475,44,305345
615,0.087041,172.31.46.0-255,66,299541,44,305345
616,0.089555,172.217.194.0-255,5738,305279,44,305345
617,0.089561,172.31.46.0-255,66,305345,44,305345
618,0.0,172.253.118.0-255,142,142,44,312744
619,1.6e-05,172.31.46.0-255,66,208,44,312744
620,2.3e-05,172.253.118.0-255,1484,1692,44,312744
621,2.6e-05,172.31.46.0-255,66,1758,44,312744
622,3.2e-05,172.253.118.0-255,2902,4660,44,312744
623,3.6e-05,172.31.46.0-255,66,4726,44,312744
624,3.9e-05,172.253.118.0-255,1484,6210,44,312744
625,4.1e-05,172.31.46.0-255,66,6276,44,312744
626,7.3e-05,172.253.118.0-255,5738,12014,44,312744
627,7.6e-05,172.31.46.0-255,66,12080,44,312744
628,8e-05,172.253.118.0-255,2056,14136,44,312744
629,8.3e-05,172.31.46.0-255,66,14202,44,312744
630,0.000109,172.253.118.0-255,1484,15686,44,312744
631,0.000112,172.31.46.0-255,66,15752,44,312744
632,0.000117,172.253.118.0-255,2902,18654,44,312744
633,0.00012,172.31.46.0-255,66,18720,44,312744
634,0.000124,172.253.118.0-255,2902,21622,44,312744
635,0.000126,172.31.46.0-255,66,21688,44,312744
636,0.000143,172.253.118.0-255,2902,24590,44,312744
637,0.000146,172.31.46.0-255,66,24656,44,312744
638,0.000152,172.253.118.0-255,4320,28976,44,312744
639,0.000154,172.31.46.0-255,66,29042,44,312744
640,0.000173,172.253.118.0-255,2543,31585,44,312744
641,0.000176,172.31.46.0-255,66,31651,44,312744
642,0.000361,172.253.118.0-255,1484,33135,44,312744
643,0.000367,172.31.46.0-255,66,33201,44,312744
644,0.000373,172.253.118.0-255,2902,36103,44,312744
645,0.000376,172.31.46.0-255,66,36169,44,312744
646,0.000379,172.253.118.0-255,1484,37653,44,312744
647,0.000381,172.31.46.0-255,66,37719,44,312744
648,0.000411,172.253.118.0-255,4320,42039,44,312744
649,0.000414,172.31.46.0-255,66,42105,44,312744
650,0.000425,172.31.46.0-255,66,42171,44,312744
651,0.000454,172.253.118.0-255,2543,44714,44,312744
652,0.000457,172.31.46.0-255,66,44780,44,312744
653,0.00047,172.31.46.0-255,66,44846,44,312744
654,0.000472,172.253.118.0-255,1457,46303,44,312744
655,0.000495,172.253.118.0-255,375,46678,44,312744
656,0.000497,172.31.46.0-255,66,46744,44,312744
657,0.00096,172.253.118.0-255,1484,48228,44,312744
658,0.000967,172.253.118.0-255,2902,51130,44,312744
659,0.00097,172.31.46.0-255,66,51196,44,312744
660,0.000989,172.253.118.0-255,5738,56934,44,312744
661,0.000992,172.31.46.0-255,66,57000,44,312744
662,0.001023,172.31.46.0-255,66,57066,44,312744
663,0.001042,172.253.118.0-255,1484,58550,44,312744
664,0.001054,172.31.46.0-255,66,58616,44,312744
665,0.001589,172.253.118.0-255,1484,60100,44,312744
666,0.001598,172.253.118.0-255,2902,63002,44,312744
667,0.001602,172.31.46.0-255,66,63068,44,312744
668,0.001626,172.253.118.0-255,4320,67388,44,312744
669,0.001628,172.31.46.0-255,66,67454,44,312744
670,0.00164,172.253.118.0-255,1484,68938,44,312744
671,0.001644,172.253.118.0-255,4320,73258,44,312744
672,0.001646,172.31.46.0-255,66,73324,44,312744
673,0.00166,172.253.118.0-255,2902,76226,44,312744
674,0.001662,172.31.46.0-255,66,76292,44,312744
675,0.001688,172.31.46.0-255,66,76358,44,312744
676,0.001694,172.253.118.0-255,5738,82096,44,312744
677,0.001696,172.31.46.0-255,66,82162,44,312744
678,0.00173,172.253.118.0-255,2184,84346,44,312744
679,0.001733,172.31.46.0-255,66,84412,44,312744
680,0.001858,172.253.118.0-255,1484,85896,44,312744
681,0.001864,172.253.118.0-255,2902,88798,44,312744
682,0.001867,172.31.46.0-255,66,88864,44,312744
683,0.001885,172.253.118.0-255,5738,94602,44,312744
684,0.001888,172.31.46.0-255,66,94668,44,312744
685,0.001938,172.31.46.0-255,66,94734,44,312744
686,0.001942,172.253.118.0-255,1484,96218,44,312744
687,0.001958,172.253.118.0-255,2902,99120,44,312744
688,0.00196,172.31.46.0-255,66,99186,44,312744
689,0.001997,172.253.118.0-255,6438,105624,44,312744
690,0.002,172.31.46.0-255,66,105690,44,312744
691,0.004546,172.253.118.0-255,5738,111428,44,312744
692,0.004554,172.31.46.0-255,66,111494,44,312744
693,0.007103,172.253.118.0-255,2902,114396,44,312744
694,0.007108,172.31.46.0-255,66,114462,44,312744
695,0.007126,172.253.118.0-255,2902,117364,44,312744
696,0.007128,172.31.46.0-255,66,117430,44,312744
697,0.009655,172.253.118.0-255,2902,120332,44,312744
698,0.009663,172.31.46.0-255,66,120398,44,312744
699,0.009685,172.253.118.0-255,2902,123300,44,312744
700,0.009688,172.31.46.0-255,66,123366,44,312744
701,0.012208,172.253.118.0-255,2902,126268,44,312744
702,0.012215,172.31.46.0-255,66,126334,44,312744
703,0.012235,172.253.118.0-255,2902,129236,44,312744
704,0.012238,172.31.46.0-255,66,129302,44,312744
705,0.014754,172.253.118.0-255,2902,132204,44,312744
706,0.014763,172.31.46.0-255,66,132270,44,312744
707,0.014779,172.253.118.0-255,2902,135172,44,312744
708,0.014781,172.31.46.0-255,66,135238,44,312744
709,0.017342,172.253.118.0-255,5738,140976,44,312744
710,0.017349,172.31.46.0-255,66,141042,44,312744
711,0.019917,172.253.118.0-255,5738,146780,44,312744
712,0.019924,172.31.46.0-255,66,146846,44,312744
713,0.022508,172.253.118.0-255,5738,152584,44,312744
714,0.022514,172.31.46.0-255,66,152650,44,312744
715,0.02507,172.253.118.0-255,5738,158388,44,312744
716,0.025077,172.31.46.0-255,66,158454,44,312744
717,0.027628,172.253.118.0-255,5738,164192,44,312744
718,0.027637,172.31.46.0-255,66,164258,44,312744
719,0.030187,172.253.118.0-255,5738,169996,44,312744
720,0.030194,172.31.46.0-255,66,170062,44,312744
721,0.03273,172.253.118.0-255,5738,175800,44,312744
722,0.032737,172.31.46.0-255,66,175866,44,312744
723,0.035124,172.31.46.0-255,172,176038,44,312744
724,0.035155,172.31.46.0-255,1114,177152,44,312744
725,0.035215,172.31.46.0-255,1514,178666,44,312744
726,0.035217,172.31.46.0-255,1514,180180,44,312744
727,0.035218,172.31.46.0-255,1514,181694,44,312744
728,0.035219,172.31.46.0-255,1514,183208,44,312744
729,0.035245,172.31.46.0-255,1514,184722,44,312744
730,0.035246,172.31.46.0-255,70,184792,44,312744
731,0.035274,172.253.118.0-255,5738,190530,44,312744
732,0.035278,172.31.46.0-255,66,190596,44,312744
733,0.036655,104.244.42.0-255,66,190662,44,312744
734,0.036693,104.244.42.0-255,66,190728,44,312744
735,0.036782,104.244.42.0-255,66,190794,44,312744
736,0.036808,104.244.42.0-255,66,190860,44,312744
737,0.037823,172.253.118.0-255,5738,196598,44,312744
738,0.037828,172.31.46.0-255,66,196664,44,312744
739,0.040385,172.253.118.0-255,5738,202402,44,312744
740,0.040394,172.31.46.0-255,66,202468,44,312744
741,0.042948,172.253.118.0-255,5738,208206,44,312744
742,0.042955,172.31.46.0-255,66,208272,44,312744
743,0.045549,172.253.118.0-255,5738,214010,44,312744
744,0.045554,172.31.46.0-255,66,214076,44,312744
745,0.048122,172.253.118.0-255,5738,219814,44,312744
746,0.048128,172.31.46.0-255,66,219880,44,312744
747,0.050679,172.253.118.0-255,5738,225618,44,312744
748,0.050686,172.31.46.0-255,66,225684,44,312744
749,0.053245,172.253.118.0-255,5738,231422,44,312744
750,0.053251,172.31.46.0-255,66,231488,44,312744
751,0.05583,172.253.118.0-255,5738,237226,44,312744
752,0.055836,172.31.46.0-255,66,237292,44,312744
753,0.0584,172.253.118.0-255,5738,243030,44,312744
754,0.058406,172.31.46.0-255,66,243096,44,312744
755,0.060966,172.253.118.0-255,5738,248834,44,312744
756,0.060974,172.31.46.0-255,66,248900,44,312744
757,0.06353,172.253.118.0-255,5738,254638,44,312744
758,0.063536,172.31.46.0-255,66,254704,44,312744
759,0.066105,172.253.118.0-255,5738,260442,44,312744
760,0.066112,172.31.46.0-255,66,260508,44,312744
761,0.068668,172.253.118.0-255,5738,266246,44,312744
762,0.068674,172.31.46.0-255,66,266312,44,312744
763,0.071236,172.253.118.0-255,5738,272050,44,312744
764,0.071244,172.31.46.0-255,66,272116,44,312744
765,0.073808,172.253.118.0-255,5738,277854,44,312744
766,0.073813,172.31.46.0-255,66,277920,44,312744
767,0.076357,172.253.118.0-255,5738,283658,44,312744
768,0.076362,172.31.46.0-255,66,283724,44,312744
769,0.078925,172.253.118.0-255,5738,289462,44,312744
770,0.078932,172.31.46.0-255,66,289528,44,312744
771,0.081497,172.253.118.0-255,5738,295266,44,312744
772,0.081503,172.31.46.0-255,66,295332,44,312744
773,0.084046,172.253.118.0-255,5738,301070,44,312744
774,0.084051,172.31.46.0-255,66,301136,44,312744
775,0.086589,172.253.118.0-255,5738,306874,44,312744
776,0.086594,172.31.46.0-255,66,306940,44,312744
777,0.089143,172.253.118.0-255,5738,312678,44,312744
778,0.089148,172.31.46.0-255,66,312744,44,312744
779,0.0,172.217.194.0-255,298,298,44,232273
780,2.1e-05,172.31.46.0-255,66,364,44,232273
781,2.7e-05,172.217.194.0-255,1484,1848,44,232273
782,3e-05,172.31.46.0-255,66,1914,44,232273
783,3.6e-05,172.217.194.0-255,4320,6234,44,232273
784,3.8e-05,172.31.46.0-255,66,6300,44,232273
785,5.8e-05,172.217.194.0-255,4320,10620,44,232273
786,6.1e-05,172.31.46.0-255,66,10686,44,232273
787,7.7e-05,172.217.194.0-255,3313,13999,44,232273
788,7.9e-05,172.31.46.0-255,66,14065,44,232273
789,0.000318,172.217.194.0-255,1484,15549,44,232273
790,0.000323,172.31.46.0-255,66,15615,44,232273
791,0.000329,172.217.194.0-255,2902,18517,44,232273
792,0.000331,172.31.46.0-255,66,18583,44,232273
793,0.000337,172.217.194.0-255,5738,24321,44,232273
794,0.000339,172.31.46.0-255,66,24387,44,232273
795,0.000368,172.217.194.0-255,6797,31184,44,232273
796,0.00037,172.31.46.0-255,66,31250,44,232273
797,0.000405,172.217.194.0-255,1484,32734,44,232273
798,0.000408,172.31.46.0-255,66,32800,44,232273
799,0.000411,172.217.194.0-255,1484,34284,44,232273
800,0.000413,172.31.46.0-255,66,34350,44,232273
801,0.000426,172.217.194.0-255,1484,35834,44,232273
802,0.000427,172.31.46.0-255,66,35900,44,232273
803,0.000432,172.217.194.0-255,2902,38802,44,232273
804,0.000434,172.31.46.0-255,66,38868,44,232273
805,0.000459,172.217.194.0-255,2902,41770,44,232273
806,0.000465,172.217.194.0-255,6797,48567,44,232273
807,0.000468,172.31.46.0-255,66,48633,44,232273
808,0.000471,172.31.46.0-255,66,48699,44,232273
809,0.000492,172.217.194.0-255,1484,50183,44,232273
810,0.000494,172.31.46.0-255,66,50249,44,232273
811,0.000511,172.217.194.0-255,2902,53151,44,232273
812,0.000528,172.31.46.0-255,66,53217,44,232273
813,0.000558,172.217.194.0-255,4320,57537,44,232273
814,0.000565,172.31.46.0-255,66,57603,44,232273
815,0.000575,172.217.194.0-255,1484,59087,44,232273
816,0.000578,172.217.194.0-255,1484,60571,44,232273
817,0.000596,172.217.194.0-255,5379,65950,44,232273
818,0.000599,172.217.194.0-255,676,66626,44,232273
819,0.000603,172.31.46.0-255,66,66692,44,232273
820,0.000804,172.217.194.0-255,1484,68176,44,232273
821,0.00081,172.217.194.0-255,2902,71078,44,232273
822,0.000822,172.31.46.0-255,66,71144,44,232273
823,0.000837,172.217.194.0-255,5738,76882,44,232273
824,0.000839,172.31.46.0-255,66,76948,44,232273
825,0.000844,172.217.194.0-255,4320,81268,44,232273
826,0.000856,172.31.46.0-255,66,81334,44,232273
827,0.000878,172.217.194.0-255,7156,88490,44,232273
828,0.000887,172.31.46.0-255,66,88556,44,232273
829,0.000898,172.217.194.0-255,3602,92158,44,232273
830,0.000918,172.31.46.0-255,66,92224,44,232273
831,0.001062,172.217.194.0-255,1484,93708,44,232273
832,0.001076,172.217.194.0-255,2902,96610,44,232273
833,0.001079,172.31.46.0-255,66,96676,44,232273
834,0.001085,172.217.194.0-255,4320,100996,44,232273
835,0.001099,172.217.194.0-255,1484,102480,44,232273
836,0.001105,172.31.46.0-255,66,102546,44,232273
837,0.001151,172.31.46.0-255,66,102612,44,232273
838,0.001215,172.217.194.0-255,1484,104096,44,232273
839,0.001232,172.217.194.0-255,2902,106998,44,232273
840,0.001246,172.31.46.0-255,66,107064,44,232273
841,0.001253,172.217.194.0-255,5738,112802,44,232273
842,0.001263,172.31.46.0-255,66,112868,44,232273
843,0.001331,172.217.194.0-255,4320,117188,44,232273
844,0.001352,172.217.194.0-255,6438,123626,44,232273
845,0.001358,172.31.46.0-255,66,123692,44,232273
846,0.001423,172.217.194.0-255,1484,125176,44,232273
847,0.001429,172.217.194.0-255,2902,128078,44,232273
848,0.001439,172.31.46.0-255,66,128144,44,232273
849,0.001455,172.217.194.0-255,5738,133882,44,232273
850,0.00147,172.31.46.0-255,66,133948,44,232273
851,0.00149,172.217.194.0-255,1484,135432,44,232273
852,0.001495,172.31.46.0-255,66,135498,44,232273
853,0.001531,172.31.46.0-255,66,135564,44,232273
854,0.001677,172.217.194.0-255,1484,137048,44,232273
855,0.001682,172.217.194.0-255,2902,139950,44,232273
856,0.001686,172.217.194.0-255,2902,142852,44,232273
857,0.0017,172.217.194.0-255,2902,145754,44,232273
858,0.001704,172.31.46.0-255,66,145820,44,232273
859,0.001709,172.31.46.0-255,66,145886,44,232273
860,0.001727,172.217.194.0-255,5738,151624,44,232273
861,0.001744,172.31.46.0-255,66,151690,44,232273
862,0.001759,172.217.194.0-255,7156,158846,44,232273
863,0.001798,172.217.194.0-255,1484,160330,44,232273
864,0.0018,172.31.46.0-255,66,160396,44,232273
865,0.001815,172.217.194.0-255,2902,163298,44,232273
866,0.00182,172.217.194.0-255,4320,167618,44,232273
867,0.001832,172.217.194.0-255,1484,169102,44,232273
868,0.001834,172.217.194.0-255,1484,170586,44,232273
869,0.001863,172.31.46.0-255,66,170652,44,232273
870,0.001907,172.31.46.0-255,66,170718,44,232273
871,0.001929,172.217.194.0-255,3602,174320,44,232273
872,0.001932,172.217.194.0-255,1484,175804,44,232273
873,0.00194,172.31.46.0-255,66,175870,44,232273
874,0.001967,172.217.194.0-255,2902,178772,44,232273
875,0.00199,172.217.194.0-255,7156,185928,44,232273
876,0.001993,172.31.46.0-255,66,185994,44,232273
877,0.001998,172.31.46.0-255,66,186060,44,232273
878,0.002015,172.217.194.0-255,2902,188962,44,232273
879,0.002026,172.217.194.0-255,1484,190446,44,232273
880,0.002043,172.217.194.0-255,7156,197602,44,232273
881,0.002048,172.217.194.0-255,4320,201922,44,232273
882,0.002063,172.217.194.0-255,2902,204824,44,232273
883,0.002067,172.31.46.0-255,66,204890,44,232273
884,0.002119,172.217.194.0-255,2902,207792,44,232273
885,0.00213,172.31.46.0-255,66,207858,44,232273
886,0.002177,172.31.46.0-255,66,207924,44,232273
887,0.002188,172.217.194.0-255,5020,212944,44,232273
888,0.002205,172.217.194.0-255,4320,217264,44,232273
889,0.002253,172.217.194.0-255,5738,223002,44,232273
890,0.002262,172.31.46.0-255,66,223068,44,232273
891,0.002278,172.217.194.0-255,6813,229881,44,232273
892,0.002292,172.217.194.0-255,105,229986,44,232273
893,0.002299,172.31.46.0-255,66,230052,44,232273
894,0.00427,172.31.46.0-255,105,230157,44,232273
895,0.006846,172.217.194.0-255,66,230223,44,232273
896,0.034931,172.31.46.0-255,172,230395,44,232273
897,0.034965,172.31.46.0-255,1114,231509,44,232273
898,0.035022,172.31.46.0-255,566,232075,44,232273
899,0.036503,104.244.42.0-255,66,232141,44,232273
900,0.036533,104.244.42.0-255,66,232207,44,232273
901,0.036544,104.244.42.0-255,66,232273,44,232273
902,0.0,74.125.24.0-255,153,153,44,193732
903,1.7e-05,172.31.46.0-255,66,219,44,193732
904,2.4e-05,74.125.24.0-255,1484,1703,44,193732
905,2.9e-05,172.31.46.0-255,66,1769,44,193732
906,5.5e-05,74.125.24.0-255,1484,3253,44,193732
907,5.8e-05,172.31.46.0-255,66,3319,44,193732
908,8.7e-05,74.125.24.0-255,1484,4803,44,193732
909,9e-05,172.31.46.0-255,66,4869,44,193732
910,9.6e-05,74.125.24.0-255,4320,9189,44,193732
911,9.9e-05,172.31.46.0-255,66,9255,44,193732
912,0.000127,74.125.24.0-255,4893,14148,44,193732
913,0.000129,172.31.46.0-255,66,14214,44,193732
914,0.000279,74.125.24.0-255,1484,15698,44,193732
915,0.000283,172.31.46.0-255,66,15764,44,193732
916,0.000289,74.125.24.0-255,2902,18666,44,193732
917,0.000291,172.31.46.0-255,66,18732,44,193732
918,0.000324,74.125.24.0-255,5738,24470,44,193732
919,0.000326,172.31.46.0-255,66,24536,44,193732
920,0.000334,74.125.24.0-255,6797,31333,44,193732
921,0.000337,172.31.46.0-255,66,31399,44,193732
922,0.000361,74.125.24.0-255,5738,37137,44,193732
923,0.000364,172.31.46.0-255,66,37203,44,193732
924,0.000372,74.125.24.0-255,7156,44359,44,193732
925,0.000374,172.31.46.0-255,66,44425,44,193732
926,0.000411,172.31.46.0-255,66,44491,44,193732
927,0.000431,74.125.24.0-255,2902,47393,44,193732
928,0.000435,172.31.46.0-255,66,47459,44,193732
929,0.000442,74.125.24.0-255,6438,53897,44,193732
930,0.000445,172.31.46.0-255,66,53963,44,193732
931,0.000447,74.125.24.0-255,417,54380,44,193732
932,0.00045,172.31.46.0-255,66,54446,44,193732
933,0.000492,74.125.24.0-255,329,54775,44,193732
934,0.000654,74.125.24.0-255,1484,56259,44,193732
935,0.000659,172.31.46.0-255,66,56325,44,193732
936,0.000664,74.125.24.0-255,2902,59227,44,193732
937,0.000667,172.31.46.0-255,66,59293,44,193732
938,0.000673,74.125.24.0-255,5738,65031,44,193732
939,0.00068,172.31.46.0-255,66,65097,44,193732
940,0.00072,74.125.24.0-255,6797,71894,44,193732
941,0.000724,172.31.46.0-255,66,71960,44,193732
942,0.000766,74.125.24.0-255,7156,79116,44,193732
943,0.000769,172.31.46.0-255,66,79182,44,193732
944,0.000776,74.125.24.0-255,5738,84920,44,193732
945,0.000778,172.31.46.0-255,66,84986,44,193732
946,0.000818,74.125.24.0-255,3961,88947,44,193732
947,0.000834,172.31.46.0-255,66,89013,44,193732
948,0.001307,74.125.24.0-255,1484,90497,44,193732
949,0.001316,74.125.24.0-255,2902,93399,44,193732
950,0.001322,172.31.46.0-255,66,93465,44,193732
951,0.001329,74.125.24.0-255,4320,97785,44,193732
952,0.001331,172.31.46.0-255,66,97851,44,193732
953,0.001373,172.31.46.0-255,66,97917,44,193732
954,0.001378,74.125.24.0-255,2902,100819,44,193732
955,0.001381,172.31.46.0-255,66,100885,44,193732
956,0.001424,172.31.46.0-255,66,100951,44,193732
957,0.001515,74.125.24.0-255,1484,102435,44,193732
958,0.001533,74.125.24.0-255,2902,105337,44,193732
959,0.001537,172.31.46.0-255,66,105403,44,193732
960,0.001544,74.125.24.0-255,5738,111141,44,193732
961,0.001546,172.31.46.0-255,66,111207,44,193732
962,0.0016,172.31.46.0-255,66,111273,44,193732
963,0.001617,172.31.46.0-255,66,111339,44,193732
964,0.001649,172.31.46.0-255,66,111405,44,193732
965,0.001657,74.125.24.0-255,7156,118561,44,193732
966,0.001659,172.31.46.0-255,66,118627,44,193732
967,0.001683,74.125.24.0-255,4320,122947,44,193732
968,0.001691,172.31.46.0-255,66,123013,44,193732
969,0.001703,172.31.46.0-255,66,123079,44,193732
970,0.001732,74.125.24.0-255,2184,125263,44,193732
971,0.001734,172.31.46.0-255,66,125329,44,193732
972,0.001737,74.125.24.0-255,1484,126813,44,193732
973,0.001766,74.125.24.0-255,2902,129715,44,193732
974,0.001769,172.31.46.0-255,66,129781,44,193732
975,0.001775,74.125.24.0-255,4320,134101,44,193732
976,0.001777,172.31.46.0-255,66,134167,44,193732
977,0.001794,74.125.24.0-255,1484,135651,44,193732
978,0.001805,74.125.24.0-255,4320,139971,44,193732
979,0.001807,172.31.46.0-255,66,140037,44,193732
980,0.001844,172.31.46.0-255,66,140103,44,193732
981,0.001849,74.125.24.0-255,2902,143005,44,193732
982,0.001851,172.31.46.0-255,66,143071,44,193732
983,0.001894,74.125.24.0-255,5020,148091,44,193732
984,0.001897,172.31.46.0-255,66,148157,44,193732
985,0.002025,74.125.24.0-255,1484,149641,44,193732
986,0.002031,74.125.24.0-255,2902,152543,44,193732
987,0.002035,172.31.46.0-255,66,152609,44,193732
988,0.002042,74.125.24.0-255,5738,158347,44,193732
989,0.002045,172.31.46.0-255,66,158413,44,193732
990,0.00209,172.31.46.0-255,66,158479,44,193732
991,0.002125,172.31.46.0-255,66,158545,44,193732
992,0.002131,74.125.24.0-255,5738,164283,44,193732
993,0.002133,172.31.46.0-255,66,164349,44,193732
994,0.002163,74.125.24.0-255,7156,171505,44,193732
995,0.00217,172.31.46.0-255,66,171571,44,193732
996,0.002185,172.31.46.0-255,66,171637,44,193732
997,0.002257,172.31.46.0-255,66,171703,44,193732
998,0.002267,172.31.46.0-255,66,171769,44,193732
999,0.002289,172.31.46.0-255,66,171835,44,193732
1000,0.002293,74.125.24.0-255,3602,175437,44,193732
1001,0.002295,172.31.46.0-255,66,175503,44,193732
1002,0.002349,172.31.46.0-255,66,175569,44,193732
1003,0.002359,172.31.46.0-255,66,175635,44,193732
1004,0.002376,74.125.24.0-255,1484,177119,44,193732
1005,0.002404,172.31.46.0-255,66,177185,44,193732
1006,0.002431,74.125.24.0-255,7089,184274,44,193732
1007,0.002433,172.31.46.0-255,66,184340,44,193732
1008,0.002492,74.125.24.0-255,105,184445,44,193732
1009,0.007663,172.31.46.0-255,66,184511,44,193732
1010,0.0077,172.31.46.0-255,105,184616,44,193732
1011,0.010235,74.125.24.0-255,66,184682,44,193732
1012,0.029877,172.31.46.0-255,164,184846,44,193732
1013,0.029911,172.31.46.0-255,1122,185968,44,193732
1014,0.029995,172.31.46.0-255,1514,187482,44,193732
1015,0.029997,172.31.46.0-255,1514,188996,44,193732
1016,0.030003,172.31.46.0-255,1514,190510,44,193732
1017,0.030004,172.31.46.0-255,1514,192024,44,193732
1018,0.030021,172.31.46.0-255,1510,193534,44,193732
1019,0.031418,104.244.42.0-255,66,193600,44,193732
1020,0.031474,104.244.42.0-255,66,193666,44,193732
1021,0.03162,104.244.42.0-255,66,193732,44,193732
1022,0.0,74.125.200.0-255,148,148,44,331715
1023,2.1e-05,172.31.46.0-255,66,214,44,331715
1024,3.6e-05,74.125.200.0-255,1484,1698,44,331715
1025,4.6e-05,172.31.46.0-255,66,1764,44,331715
1026,5.1e-05,74.125.200.0-255,2902,4666,44,331715
1027,5.3e-05,172.31.46.0-255,66,4732,44,331715
1028,8.6e-05,74.125.200.0-255,5738,10470,44,331715
1029,8.8e-05,172.31.46.0-255,66,10536,44,331715
1030,9.3e-05,74.125.200.0-255,4320,14856,44,331715
1031,9.7e-05,172.31.46.0-255,66,14922,44,331715
1032,0.000125,74.125.200.0-255,2119,17041,44,331715
1033,0.000127,172.31.46.0-255,66,17107,44,331715
1034,0.000138,172.31.46.0-255,66,17173,44,331715
1035,0.000181,74.125.200.0-255,3961,21134,44,331715
1036,0.000183,172.31.46.0-255,66,21200,44,331715
1037,0.00026,74.125.200.0-255,1484,22684,44,331715
1038,0.000262,172.31.46.0-255,66,22750,44,331715
1039,0.000279,74.125.200.0-255,2902,25652,44,331715
1040,0.000281,172.31.46.0-255,66,25718,44,331715
1041,0.000307,74.125.200.0-255,5738,31456,44,331715
1042,0.00031,172.31.46.0-255,66,31522,44,331715
1043,0.000334,74.125.200.0-255,5738,37260,44,331715
1044,0.000336,172.31.46.0-255,66,37326,44,331715
1045,0.000351,74.125.200.0-255,1125,38451,44,331715
1046,0.000353,172.31.46.0-255,66,38517,44,331715
1047,0.00038,74.125.200.0-255,7156,45673,44,331715
1048,0.000382,172.31.46.0-255,66,45739,44,331715
1049,0.000418,74.125.200.0-255,1484,47223,44,331715
1050,0.00042,172.31.46.0-255,66,47289,44,331715
1051,0.000443,74.125.200.0-255,7156,54445,44,331715
1052,0.000445,172.31.46.0-255,66,54511,44,331715
1053,0.000466,74.125.200.0-255,1465,55976,44,331715
1054,0.000527,74.125.200.0-255,1484,57460,44,331715
1055,0.000529,172.31.46.0-255,66,57526,44,331715
1056,0.000542,74.125.200.0-255,2902,60428,44,331715
1057,0.000549,172.31.46.0-255,66,60494,44,331715
1058,0.000572,74.125.200.0-255,1484,61978,44,331715
1059,0.000591,74.125.200.0-255,2902,64880,44,331715
1060,0.000593,172.31.46.0-255,66,64946,44,331715
1061,0.000619,74.125.200.0-255,5738,70684,44,331715
1062,0.000622,172.31.46.0-255,66,70750,44,331715
1063,0.000627,74.125.200.0-255,4320,75070,44,331715
1064,0.000628,172.31.46.0-255,66,75136,44,331715
1065,0.000659,74.125.200.0-255,5738,80874,44,331715
1066,0.000662,172.31.46.0-255,66,80940,44,331715
1067,0.000696,172.31.46.0-255,66,81006,44,331715
1068,0.000737,74.125.200.0-255,347,81353,44,331715
1069,0.000828,74.125.200.0-255,1484,82837,44,331715
1070,0.000831,172.31.46.0-255,66,82903,44,331715
1071,0.000837,74.125.200.0-255,2902,85805,44,331715
1072,0.000839,172.31.46.0-255,66,85871,44,331715
1073,0.000851,74.125.200.0-255,5738,91609,44,331715
1074,0.000853,172.31.46.0-255,66,91675,44,331715
1075,0.000857,74.125.200.0-255,2902,94577,44,331715
1076,0.000859,172.31.46.0-255,66,94643,44,331715
1077,0.000865,74.125.200.0-255,4320,98963,44,331715
1078,0.000868,172.31.46.0-255,66,99029,44,331715
1079,0.00088,172.31.46.0-255,66,99095,44,331715
1080,0.000886,74.125.200.0-255,5738,104833,44,331715
1081,0.000889,172.31.46.0-255,66,104899,44,331715
1082,0.000928,74.125.200.0-255,2902,107801,44,331715
1083,0.00093,172.31.46.0-255,66,107867,44,331715
1084,0.000955,74.125.200.0-255,3602,111469,44,331715
1085,0.000958,172.31.46.0-255,66,111535,44,331715
1086,0.000965,74.125.200.0-255,7156,118691,44,331715
1087,0.000968,172.31.46.0-255,66,118757,44,331715
1088,0.000993,74.125.200.0-255,4320,123077,44,331715
1089,0.000995,172.31.46.0-255,66,123143,44,331715
1090,0.001019,74.125.200.0-255,5738,128881,44,331715
1091,0.001021,172.31.46.0-255,66,128947,44,331715
1092,0.001045,74.125.200.0-255,4320,133267,44,331715
1093,0.001047,172.31.46.0-255,66,133333,44,331715
1094,0.001054,74.125.200.0-255,5738,139071,44,331715
1095,0.001056,172.31.46.0-255,66,139137,44,331715
1096,0.001114,74.125.200.0-255,2184,141321,44,331715
1097,0.001116,172.31.46.0-255,66,141387,44,331715
1098,0.001146,74.125.200.0-255,1484,142871,44,331715
1099,0.001158,74.125.200.0-255,2902,145773,44,331715
1100,0.001161,172.31.46.0-255,66,145839,44,331715
1101,0.001189,74.125.200.0-255,5738,151577,44,331715
1102,0.001192,172.31.46.0-255,66,151643,44,331715
1103,0.001196,74.125.200.0-255,2902,154545,44,331715
1104,0.001198,172.31.46.0-255,66,154611,44,331715
1105,0.001239,172.31.46.0-255,66,154677,44,331715
1106,0.001242,74.125.200.0-255,1484,156161,44,331715
1107,0.001284,74.125.200.0-255,1484,157645,44,331715
1108,0.001287,172.31.46.0-255,66,157711,44,331715
1109,0.00131,74.125.200.0-255,1484,159195,44,331715
1110,0.001333,74.125.200.0-255,4320,163515,44,331715
1111,0.001335,172.31.46.0-255,66,163581,44,331715
1112,0.001388,74.125.200.0-255,2184,165765,44,331715
1113,0.001391,172.31.46.0-255,66,165831,44,331715
1114,0.001509,74.125.200.0-255,1484,167315,44,331715
1115,0.00153,74.125.200.0-255,2902,170217,44,331715
1116,0.001535,172.31.46.0-255,66,170283,44,331715
1117,0.001542,74.125.200.0-255,5738,176021,44,331715
1118,0.001544,172.31.46.0-255,66,176087,44,331715
1119,0.001553,74.125.200.0-255,2902,178989,44,331715
1120,0.001556,172.31.46.0-255,66,179055,44,331715
1121,0.001562,74.125.200.0-255,4320,183375,44,331715
1122,0.001593,74.125.200.0-255,2902,186277,44,331715
1123,0.001611,74.125.200.0-255,4320,190597,44,331715
1124,0.001614,172.31.46.0-255,66,190663,44,331715
1125,0.001621,172.31.46.0-255,66,190729,44,331715
1126,0.001622,172.31.46.0-255,66,190795,44,331715
1127,0.001623,172.31.46.0-255,66,190861,44,331715
1128,0.001625,74.125.200.0-255,766,191627,44,331715
1129,0.001694,74.125.200.0-255,1484,193111,44,331715
1130,0.001698,172.31.46.0-255,66,193177,44,331715
1131,0.001704,74.125.200.0-255,2902,196079,44,331715
1132,0.001706,172.31.46.0-255,66,196145,44,331715
1133,0.001732,74.125.200.0-255,5738,201883,44,331715
1134,0.001735,172.31.46.0-255,66,201949,44,331715
1135,0.001738,74.125.200.0-255,1484,203433,44,331715
1136,0.001768,74.125.200.0-255,5738,209171,44,331715
1137,0.00177,172.31.46.0-255,66,209237,44,331715
1138,0.001786,172.31.46.0-255,66,209303,44,331715
1139,0.001819,172.31.46.0-255,66,209369,44,331715
1140,0.001821,74.125.200.0-255,1484,210853,44,331715
1141,0.001849,74.125.200.0-255,7156,218009,44,331715
1142,0.001857,74.125.200.0-255,7156,225165,44,331715
1143,0.001861,74.125.200.0-255,2902,228067,44,331715
1144,0.001883,74.125.200.0-255,5738,233805,44,331715
1145,0.001903,74.125.200.0-255,5738,239543,44,331715
1146,0.001919,74.125.200.0-255,3602,243145,44,331715
1147,0.001935,74.125.200.0-255,4320,247465,44,331715
1148,0.001957,74.125.200.0-255,5738,253203,44,331715
1149,0.001964,74.125.200.0-255,5738,258941,44,331715
1150,0.001972,74.125.200.0-255,7156,266097,44,331715
1151,0.002003,74.125.200.0-255,4320,270417,44,331715
1152,0.002017,74.125.200.0-255,6438,276855,44,331715
1153,0.002055,74.125.200.0-255,7156,284011,44,331715
1154,0.002067,74.125.200.0-255,1484,285495,44,331715
1155,0.002141,74.125.200.0-255,1484,286979,44,331715
1156,0.002159,74.125.200.0-255,4320,291299,44,331715
1157,0.002166,74.125.200.0-255,7156,298455,44,331715
1158,0.00217,74.125.200.0-255,2184,300639,44,331715
1159,0.002174,74.125.200.0-255,2902,303541,44,331715
1160,0.002198,74.125.200.0-255,7156,310697,44,331715
1161,0.002202,74.125.200.0-255,2902,313599,44,331715
1162,0.002205,74.125.200.0-255,1484,315083,44,331715
1163,0.002217,74.125.200.0-255,2902,317985,44,331715
1164,0.002263,74.125.200.0-255,4198,322183,44,331715
1165,0.002292,74.125.200.0-255,105,322288,44,331715
1166,0.002687,172.31.46.0-255,66,322354,44,331715
1167,0.005327,172.31.46.0-255,105,322459,44,331715
1168,0.007603,74.125.200.0-255,66,322525,44,331715
1169,0.037129,172.31.46.0-255,172,322697,44,331715
1170,0.037163,172.31.46.0-255,1114,323811,44,331715
1171,0.037227,172.31.46.0-255,1514,325325,44,331715
1172,0.037249,172.31.46.0-255,1514,326839,44,331715
1173,0.037253,172.31.46.0-255,1514,328353,44,331715
1174,0.037269,172.31.46.0-255,1514,329867,44,331715
1175,0.037279,172.31.46.0-255,1514,331381,44,331715
1176,0.03728,172.31.46.0-255,70,331451,44,331715
1177,0.03867,104.244.42.0-255,66,331517,44,331715
1178,0.038771,104.244.42.0-255,66,331583,44,331715
1179,0.038828,104.244.42.0-255,66,331649,44,331715
1180,0.038874,104.244.42.0-255,66,331715,44,331715
1181,0.0,74.125.68.0-255,146,146,44,371710
1182,2.9e-05,172.31.46.0-255,66,212,44,371710
1183,3.7e-05,74.125.68.0-255,1484,1696,44,371710
1184,4.2e-05,172.31.46.0-255,66,1762,44,371710
1185,4.5e-05,74.125.68.0-255,1484,3246,44,371710
1186,4.9e-05,172.31.46.0-255,66,3312,44,371710
1187,5.5e-05,74.125.68.0-255,2902,6214,44,371710
1188,5.9e-05,172.31.46.0-255,66,6280,44,371710
1189,6.5e-05,74.125.68.0-255,5738,12018,44,371710
1190,6.9e-05,172.31.46.0-255,66,12084,44,371710
1191,7.3e-05,74.125.68.0-255,1997,14081,44,371710
1192,7.6e-05,172.31.46.0-255,66,14147,44,371710
1193,0.000103,74.125.68.0-255,2902,17049,44,371710
1194,0.000107,172.31.46.0-255,66,17115,44,371710
1195,0.000127,74.125.68.0-255,5738,22853,44,371710
1196,0.00013,172.31.46.0-255,66,22919,44,371710
1197,0.000149,74.125.68.0-255,1484,24403,44,371710
1198,0.000151,172.31.46.0-255,66,24469,44,371710
1199,0.000162,172.31.46.0-255,66,24535,44,371710
1200,0.000186,172.31.46.0-255,66,24601,44,371710
1201,0.000204,74.125.68.0-255,4320,28921,44,371710
1202,0.000206,172.31.46.0-255,66,28987,44,371710
1203,0.00025,74.125.68.0-255,2184,31171,44,371710
1204,0.000253,172.31.46.0-255,66,31237,44,371710
1205,0.000602,74.125.68.0-255,1484,32721,44,371710
1206,0.000608,172.31.46.0-255,66,32787,44,371710
1207,0.000615,74.125.68.0-255,2902,35689,44,371710
1208,0.000618,172.31.46.0-255,66,35755,44,371710
1209,0.000622,74.125.68.0-255,1484,37239,44,371710
1210,0.000624,172.31.46.0-255,66,37305,44,371710
1211,0.000648,74.125.68.0-255,1484,38789,44,371710
1212,0.000656,74.125.68.0-255,4320,43109,44,371710
1213,0.000658,172.31.46.0-255,66,43175,44,371710
1214,0.000687,74.125.68.0-255,2902,46077,44,371710
1215,0.00069,172.31.46.0-255,66,46143,44,371710
1216,0.000729,74.125.68.0-255,6797,52940,44,371710
1217,0.000732,172.31.46.0-255,66,53006,44,371710
1218,0.000742,172.31.46.0-255,66,53072,44,371710
1219,0.000762,74.125.68.0-255,1484,54556,44,371710
1220,0.000767,74.125.68.0-255,2543,57099,44,371710
1221,0.000769,172.31.46.0-255,66,57165,44,371710
1222,0.000816,74.125.68.0-255,1484,58649,44,371710
1223,0.000836,74.125.68.0-255,1484,60133,44,371710
1224,0.000839,172.31.46.0-255,66,60199,44,371710
1225,0.000844,74.125.68.0-255,2902,63101,44,371710
1226,0.000846,172.31.46.0-255,66,63167,44,371710
1227,0.000872,74.125.68.0-255,1484,64651,44,371710
1228,0.00089,74.125.68.0-255,4320,68971,44,371710
1229,0.000893,172.31.46.0-255,66,69037,44,371710
1230,0.000908,74.125.68.0-255,1484,70521,44,371710
1231,0.000912,74.125.68.0-255,2902,73423,44,371710
1232,0.000915,172.31.46.0-255,66,73489,44,371710
1233,0.000922,74.125.68.0-255,5738,79227,44,371710
1234,0.000924,172.31.46.0-255,66,79293,44,371710
1235,0.00095,74.125.68.0-255,4320,83613,44,371710
1236,0.000953,172.31.46.0-255,66,83679,44,371710
1237,0.000957,74.125.68.0-255,1484,85163,44,371710
1238,0.000976,74.125.68.0-255,4320,89483,44,371710
1239,0.000978,172.31.46.0-255,66,89549,44,371710
1240,0.000982,74.125.68.0-255,2170,91719,44,371710
1241,0.000985,172.31.46.0-255,66,91785,44,371710
1242,0.001135,74.125.68.0-255,1484,93269,44,371710
1243,0.001142,74.125.68.0-255,2902,96171,44,371710
1244,0.001147,172.31.46.0-255,66,96237,44,371710
1245,0.001165,74.125.68.0-255,1484,97721,44,371710
1246,0.0012,74.125.68.0-255,4320,102041,44,371710
1247,0.001204,172.31.46.0-255,66,102107,44,371710
1248,0.001209,74.125.68.0-255,2902,105009,44,371710
1249,0.001211,172.31.46.0-255,66,105075,44,371710
1250,0.001216,74.125.68.0-255,4320,109395,44,371710
1251,0.001219,172.31.46.0-255,66,109461,44,371710
1252,0.001252,172.31.46.0-255,66,109527,44,371710
1253,0.001291,74.125.68.0-255,1484,111011,44,371710
1254,0.001325,74.125.68.0-255,6438,117449,44,371710
1255,0.001329,172.31.46.0-255,66,117515,44,371710
1256,0.001807,74.125.68.0-255,1484,118999,44,371710
1257,0.001813,74.125.68.0-255,2902,121901,44,371710
1258,0.001817,172.31.46.0-255,66,121967,44,371710
1259,0.001845,74.125.68.0-255,5738,127705,44,371710
1260,0.001848,172.31.46.0-255,66,127771,44,371710
1261,0.001851,74.125.68.0-255,1484,129255,44,371710
1262,0.001869,74.125.68.0-255,1484,130739,44,371710
1263,0.001871,172.31.46.0-255,66,130805,44,371710
1264,0.001891,74.125.68.0-255,1484,132289,44,371710
1265,0.001897,74.125.68.0-255,5738,138027,44,371710
1266,0.0019,172.31.46.0-255,66,138093,44,371710
1267,0.001907,74.125.68.0-255,7156,145249,44,371710
1268,0.00191,172.31.46.0-255,66,145315,44,371710
1269,0.001965,74.125.68.0-255,5738,151053,44,371710
1270,0.001969,172.31.46.0-255,66,151119,44,371710
1271,0.001991,74.125.68.0-255,766,151885,44,371710
1272,0.002374,172.31.46.0-255,101,151986,44,371710
1273,0.004282,74.125.68.0-255,4320,156306,44,371710
1274,0.0043,172.31.46.0-255,66,156372,44,371710
1275,0.00468,74.125.68.0-255,1484,157856,44,371710
1276,0.006599,74.125.68.0-255,4320,162176,44,371710
1277,0.006606,172.31.46.0-255,66,162242,44,371710
1278,0.008931,74.125.68.0-255,5738,167980,44,371710
1279,0.008942,172.31.46.0-255,66,168046,44,371710
1280,0.011263,74.125.68.0-255,5738,173784,44,371710
1281,0.011282,172.31.46.0-255,66,173850,44,371710
1282,0.01359,74.125.68.0-255,5738,179588,44,371710
1283,0.013607,172.31.46.0-255,66,179654,44,371710
1284,0.015914,74.125.68.0-255,5738,185392,44,371710
1285,0.01593,172.31.46.0-255,66,185458,44,371710
1286,0.018233,74.125.68.0-255,5738,191196,44,371710
1287,0.018244,172.31.46.0-255,66,191262,44,371710
1288,0.020558,74.125.68.0-255,5738,197000,44,371710
1289,0.020572,172.31.46.0-255,66,197066,44,371710
1290,0.0229,74.125.68.0-255,5738,202804,44,371710
1291,0.022915,172.31.46.0-255,66,202870,44,371710
1292,0.025235,74.125.68.0-255,5738,208608,44,371710
1293,0.025253,172.31.46.0-255,66,208674,44,371710
1294,0.027582,74.125.68.0-255,5738,214412,44,371710
1295,0.0276,172.31.46.0-255,66,214478,44,371710
1296,0.029919,74.125.68.0-255,5738,220216,44,371710
1297,0.029941,172.31.46.0-255,66,220282,44,371710
1298,0.032265,74.125.68.0-255,5738,226020,44,371710
1299,0.032282,172.31.46.0-255,66,226086,44,371710
1300,0.034597,74.125.68.0-255,5738,231824,44,371710
1301,0.034609,172.31.46.0-255,66,231890,44,371710
1302,0.03693,74.125.68.0-255,5738,237628,44,371710
1303,0.036946,172.31.46.0-255,66,237694,44,371710
1304,0.039271,74.125.68.0-255,5738,243432,44,371710
1305,0.03929,172.31.46.0-255,66,243498,44,371710
1306,0.041622,74.125.68.0-255,5738,249236,44,371710
1307,0.041641,172.31.46.0-255,66,249302,44,371710
1308,0.043956,74.125.68.0-255,5738,255040,44,371710
1309,0.043979,172.31.46.0-255,66,255106,44,371710
1310,0.046301,74.125.68.0-255,5738,260844,44,371710
1311,0.046319,172.31.46.0-255,66,260910,44,371710
1312,0.047491,172.31.46.0-255,172,261082,44,371710
1313,0.047529,172.31.46.0-255,1114,262196,44,371710
1314,0.047622,172.31.46.0-255,1514,263710,44,371710
1315,0.047624,172.31.46.0-255,1514,265224,44,371710
1316,0.047629,172.31.46.0-255,1514,266738,44,371710
1317,0.047631,172.31.46.0-255,1514,268252,44,371710
1318,0.047651,172.31.46.0-255,1514,269766,44,371710
1319,0.047652,172.31.46.0-255,70,269836,44,371710
1320,0.048632,74.125.68.0-255,5738,275574,44,371710
1321,0.048645,172.31.46.0-255,66,275640,44,371710
1322,0.049069,104.244.42.0-255,66,275706,44,371710
1323,0.049122,104.244.42.0-255,66,275772,44,371710
1324,0.049212,104.244.42.0-255,66,275838,44,371710
1325,0.049219,104.244.42.0-255,66,275904,44,371710
1326,0.050963,74.125.68.0-255,5738,281642,44,371710
1327,0.05098,172.31.46.0-255,66,281708,44,371710
1328,0.051782,104.244.42.0-255,108,281816,44,371710
1329,0.0518,172.31.46.0-255,66,281882,44,371710
1330,0.053293,74.125.68.0-255,5738,287620,44,371710
1331,0.053309,172.31.46.0-255,66,287686,44,371710
1332,0.05564,74.125.68.0-255,5738,293424,44,371710
1333,0.055659,172.31.46.0-255,66,293490,44,371710
1334,0.058024,74.125.68.0-255,5738,299228,44,371710
1335,0.058042,172.31.46.0-255,66,299294,44,371710
1336,0.060367,74.125.68.0-255,5738,305032,44,371710
1337,0.060381,172.31.46.0-255,66,305098,44,371710
1338,0.062724,74.125.68.0-255,5738,310836,44,371710
1339,0.062738,172.31.46.0-255,66,310902,44,371710
1340,0.065064,74.125.68.0-255,5738,316640,44,371710
1341,0.065079,172.31.46.0-255,66,316706,44,371710
1342,0.067402,74.125.68.0-255,5738,322444,44,371710
1343,0.067413,172.31.46.0-255,66,322510,44,371710
1344,0.069735,74.125.68.0-255,5738,328248,44,371710
1345,0.069747,172.31.46.0-255,66,328314,44,371710
1346,0.072074,74.125.68.0-255,5738,334052,44,371710
1347,0.07209,172.31.46.0-255,66,334118,44,371710
1348,0.074413,74.125.68.0-255,5738,339856,44,371710
1349,0.074432,172.31.46.0-255,66,339922,44,371710
1350,0.076762,74.125.68.0-255,5738,345660,44,371710
1351,0.076779,172.31.46.0-255,66,345726,44,371710
1352,0.079099,74.125.68.0-255,5738,351464,44,371710
1353,0.079111,172.31.46.0-255,66,351530,44,371710
1354,0.081429,74.125.68.0-255,5738,357268,44,371710
1355,0.081444,172.31.46.0-255,66,357334,44,371710
1356,0.083777,74.125.68.0-255,5738,363072,44,371710
1357,0.08379,172.31.46.0-255,66,363138,44,371710
1358,0.086106,74.125.68.0-255,5738,368876,44,371710
1359,0.086116,172.31.46.0-255,66,368942,44,371710
1360,0.088424,74.125.68.0-255,2597,371539,44,371710
1361,0.088439,172.31.46.0-255,66,371605,44,371710
1362,0.088703,172.31.46.0-255,105,371710,44,371710
1363,0.0,172.217.194.0-255,298,298,44,318243
1364,2.2e-05,172.31.46.0-255,66,364,44,318243
1365,3e-05,172.217.194.0-255,1484,1848,44,318243
1366,3.3e-05,172.31.46.0-255,66,1914,44,318243
1367,4e-05,172.217.194.0-255,4320,6234,44,318243
1368,4.3e-05,172.31.46.0-255,66,6300,44,318243
1369,6.4e-05,172.217.194.0-255,4320,10620,44,318243
1370,6.7e-05,172.31.46.0-255,66,10686,44,318243
1371,8.8e-05,172.217.194.0-255,3298,13984,44,318243
1372,9.1e-05,172.31.46.0-255,66,14050,44,318243
1373,0.000102,172.31.46.0-255,66,14116,44,318243
1374,0.000108,172.217.194.0-255,4320,18436,44,318243
1375,0.00011,172.31.46.0-255,66,18502,44,318243
1376,0.000126,172.217.194.0-255,3961,22463,44,318243
1377,0.000128,172.31.46.0-255,66,22529,44,318243
1378,0.00034,172.217.194.0-255,1484,24013,44,318243
1379,0.000345,172.31.46.0-255,66,24079,44,318243
1380,0.00035,172.217.194.0-255,2902,26981,44,318243
1381,0.000352,172.31.46.0-255,66,27047,44,318243
1382,0.000371,172.217.194.0-255,4320,31367,44,318243
1383,0.000374,172.31.46.0-255,66,31433,44,318243
1384,0.000419,172.217.194.0-255,4320,35753,44,318243
1385,0.000422,172.31.46.0-255,66,35819,44,318243
1386,0.000448,172.217.194.0-255,5379,41198,44,318243
1387,0.000451,172.31.46.0-255,66,41264,44,318243
1388,0.000462,172.31.46.0-255,66,41330,44,318243
1389,0.000468,172.217.194.0-255,5379,46709,44,318243
1390,0.00047,172.31.46.0-255,66,46775,44,318243
1391,0.000692,172.217.194.0-255,646,47421,44,318243
1392,0.000698,172.31.46.0-255,66,47487,44,318243
1393,0.000834,172.217.194.0-255,1484,48971,44,318243
1394,0.000841,172.217.194.0-255,2902,51873,44,318243
1395,0.000844,172.31.46.0-255,66,51939,44,318243
1396,0.000869,172.217.194.0-255,5738,57677,44,318243
1397,0.000871,172.31.46.0-255,101,57778,44,318243
1398,0.000875,172.31.46.0-255,66,57844,44,318243
1399,0.000907,172.31.46.0-255,66,57910,44,318243
1400,0.000916,172.217.194.0-255,7156,65066,44,318243
1401,0.000919,172.31.46.0-255,66,65132,44,318243
1402,0.000939,172.217.194.0-255,3602,68734,44,318243
1403,0.000942,172.31.46.0-255,66,68800,44,318243
1404,0.000966,172.217.194.0-255,1484,70284,44,318243
1405,0.000972,172.217.194.0-255,2902,73186,44,318243
1406,0.000974,172.31.46.0-255,66,73252,44,318243
1407,0.000981,172.217.194.0-255,5738,78990,44,318243
1408,0.000983,172.31.46.0-255,66,79056,44,318243
1409,0.000999,172.217.194.0-255,5738,84794,44,318243
1410,0.001002,172.31.46.0-255,66,84860,44,318243
1411,0.001019,172.217.194.0-255,7156,92016,44,318243
1412,0.001023,172.31.46.0-255,66,92082,44,318243
1413,0.001034,172.31.46.0-255,66,92148,44,318243
1414,0.001057,172.217.194.0-255,2184,94332,44,318243
1415,0.001059,172.31.46.0-255,66,94398,44,318243
1416,0.001062,172.217.194.0-255,1484,95882,44,318243
1417,0.00108,172.217.194.0-255,1484,97366,44,318243
1418,0.001083,172.31.46.0-255,66,97432,44,318243
1419,0.001091,172.217.194.0-255,7156,104588,44,318243
1420,0.001094,172.31.46.0-255,66,104654,44,318243
1421,0.001134,172.31.46.0-255,66,104720,44,318243
1422,0.001153,172.217.194.0-255,1484,106204,44,318243
1423,0.001168,172.217.194.0-255,5020,111224,44,318243
1424,0.001171,172.31.46.0-255,66,111290,44,318243
1425,0.001185,172.217.194.0-255,1484,112774,44,318243
1426,0.001202,172.217.194.0-255,5738,118512,44,318243
1427,0.001205,172.31.46.0-255,66,118578,44,318243
1428,0.001208,172.217.194.0-255,1484,120062,44,318243
1429,0.001235,172.31.46.0-255,66,120128,44,318243
1430,0.001275,172.31.46.0-255,66,120194,44,318243
1431,0.001292,172.217.194.0-255,6438,126632,44,318243
1432,0.001294,172.31.46.0-255,66,126698,44,318243
1433,0.001669,172.217.194.0-255,1484,128182,44,318243
1434,0.001675,172.217.194.0-255,2902,131084,44,318243
1435,0.001678,172.31.46.0-255,66,131150,44,318243
1436,0.001709,172.217.194.0-255,5738,136888,44,318243
1437,0.001712,172.31.46.0-255,66,136954,44,318243
1438,0.00172,172.217.194.0-255,7156,144110,44,318243
1439,0.001722,172.31.46.0-255,66,144176,44,318243
1440,0.001755,172.217.194.0-255,2902,147078,44,318243
1441,0.001758,172.31.46.0-255,66,147144,44,318243
1442,0.001785,172.31.46.0-255,66,147210,44,318243
1443,0.001789,172.217.194.0-255,2184,149394,44,318243
1444,0.001791,172.31.46.0-255,66,149460,44,318243
1445,0.001961,172.217.194.0-255,1484,150944,44,318243
1446,0.001966,172.217.194.0-255,2902,153846,44,318243
1447,0.001969,172.31.46.0-255,66,153912,44,318243
1448,0.001988,172.217.194.0-255,4320,158232,44,318243
1449,0.00199,172.31.46.0-255,66,158298,44,318243
1450,0.002014,172.217.194.0-255,1484,159782,44,318243
1451,0.002021,172.217.194.0-255,5738,165520,44,318243
1452,0.002023,172.31.46.0-255,66,165586,44,318243
1453,0.00284,172.217.194.0-255,66,165652,44,318243
1454,0.004043,172.217.194.0-255,5738,171390,44,318243
1455,0.00405,172.31.46.0-255,66,171456,44,318243
1456,0.00606,172.217.194.0-255,5738,177194,44,318243
1457,0.006064,172.31.46.0-255,66,177260,44,318243
1458,0.008066,172.217.194.0-255,5738,182998,44,318243
1459,0.008069,172.31.46.0-255,66,183064,44,318243
1460,0.010081,172.217.194.0-255,5738,188802,44,318243
1461,0.010088,172.31.46.0-255,66,188868,44,318243
1462,0.012106,172.217.194.0-255,5738,194606,44,318243
1463,0.012113,172.31.46.0-255,66,194672,44,318243
1464,0.014105,172.217.194.0-255,5738,200410,44,318243
1465,0.014113,172.31.46.0-255,66,200476,44,318243
1466,0.016118,172.217.194.0-255,5738,206214,44,318243
1467,0.016126,172.31.46.0-255,66,206280,44,318243
1468,0.018129,172.217.194.0-255,5738,212018,44,318243
1469,0.018137,172.31.46.0-255,66,212084,44,318243
1470,0.020128,172.217.194.0-255,5738,217822,44,318243
1471,0.020136,172.31.46.0-255,66,217888,44,318243
1472,0.022131,172.217.194.0-255,5738,223626,44,318243
1473,0.022138,172.31.46.0-255,66,223692,44,318243
1474,0.02413,172.217.194.0-255,5738,229430,44,318243
1475,0.024138,172.31.46.0-255,66,229496,44,318243
1476,0.026139,172.217.194.0-255,5738,235234,44,318243
1477,0.026145,172.31.46.0-255,66,235300,44,318243
1478,0.028136,172.217.194.0-255,5738,241038,44,318243
1479,0.028142,172.31.46.0-255,66,241104,44,318243
1480,0.030173,172.217.194.0-255,5738,246842,44,318243
1481,0.030179,172.31.46.0-255,66,246908,44,318243
1482,0.032173,172.217.194.0-255,5738,252646,44,318243
1483,0.03218,172.31.46.0-255,66,252712,44,318243
1484,0.0342,172.217.194.0-255,5738,258450,44,318243
1485,0.034207,172.31.46.0-255,66,258516,44,318243
1486,0.036219,172.217.194.0-255,5738,264254,44,318243
1487,0.036225,172.31.46.0-255,66,264320,44,318243
1488,0.036322,172.31.46.0-255,172,264492,44,318243
1489,0.036346,172.31.46.0-255,1114,265606,44,318243
1490,0.036398,172.31.46.0-255,1514,267120,44,318243
1491,0.036399,172.31.46.0-255,1514,268634,44,318243
1492,0.036403,172.31.46.0-255,1514,270148,44,318243
1493,0.036404,172.31.46.0-255,1514,271662,44,318243
1494,0.036421,172.31.46.0-255,1514,273176,44,318243
1495,0.036423,172.31.46.0-255,71,273247,44,318243
1496,0.037877,104.244.42.0-255,66,273313,44,318243
1497,0.037885,104.244.42.0-255,66,273379,44,318243
1498,0.037968,104.244.42.0-255,66,273445,44,318243
1499,0.037975,104.244.42.0-255,66,273511,44,318243
1500,0.038263,172.217.194.0-255,5738,279249,44,318243
1501,0.03827,172.31.46.0-255,66,279315,44,318243
1502,0.040287,172.217.194.0-255,5738,285053,44,318243
1503,0.040292,172.31.46.0-255,66,285119,44,318243
1504,0.042343,172.217.194.0-255,5738,290857,44,318243
1505,0.042351,172.31.46.0-255,66,290923,44,318243
1506,0.04437,172.217.194.0-255,5738,296661,44,318243
1507,0.044376,172.31.46.0-255,66,296727,44,318243
1508,0.046394,172.217.194.0-255,5738,302465,44,318243
1509,0.046404,172.31.46.0-255,66,302531,44,318243
1510,0.048408,172.217.194.0-255,5738,308269,44,318243
1511,0.048418,172.31.46.0-255,66,308335,44,318243
1512,0.050418,172.217.194.0-255,5738,314073,44,318243
1513,0.050424,172.31.46.0-255,66,314139,44,318243
1514,0.052423,172.217.194.0-255,3867,318006,44,318243
1515,0.052431,172.31.46.0-255,66,318072,44,318243
1516,0.052624,172.31.46.0-255,105,318177,44,318243
1517,0.058982,172.217.194.0-255,66,318243,44,318243
1518,0.0,74.125.24.0-255,153,153,44,263046
1519,1.4e-05,172.31.46.0-255,66,219,44,263046
1520,2.2e-05,74.125.24.0-255,1484,1703,44,263046
1521,2.8e-05,172.31.46.0-255,66,1769,44,263046
1522,4.2e-05,74.125.24.0-255,2902,4671,44,263046
1523,4.6e-05,172.31.46.0-255,66,4737,44,263046
1524,5.4e-05,74.125.24.0-255,7156,11893,44,263046
1525,5.7e-05,172.31.46.0-255,66,11959,44,263046
1526,0.000126,74.125.24.0-255,2006,13965,44,263046
1527,0.000129,172.31.46.0-255,66,14031,44,263046
1528,0.000213,74.125.24.0-255,1484,15515,44,263046
1529,0.000217,172.31.46.0-255,66,15581,44,263046
1530,0.000222,74.125.24.0-255,2902,18483,44,263046
1531,0.000224,172.31.46.0-255,66,18549,44,263046
1532,0.000257,74.125.24.0-255,5738,24287,44,263046
1533,0.00026,172.31.46.0-255,66,24353,44,263046
1534,0.000314,74.125.24.0-255,6797,31150,44,263046
1535,0.000318,172.31.46.0-255,66,31216,44,263046
1536,0.000396,172.31.46.0-255,66,31282,44,263046
1537,0.000422,74.125.24.0-255,4320,35602,44,263046
1538,0.000425,172.31.46.0-255,66,35668,44,263046
1539,0.000548,74.125.24.0-255,7156,42824,44,263046
1540,0.000553,172.31.46.0-255,66,42890,44,263046
1541,0.000592,172.31.46.0-255,66,42956,44,263046
1542,0.000728,74.125.24.0-255,399,43355,44,263046
1543,0.000732,172.31.46.0-255,66,43421,44,263046
1544,0.000736,74.125.24.0-255,108,43529,44,263046
1545,0.000738,172.31.46.0-255,66,43595,44,263046
1546,0.000768,74.125.24.0-255,2902,46497,44,263046
1547,0.000772,172.31.46.0-255,66,46563,44,263046
1548,0.000793,74.125.24.0-255,7156,53719,44,263046
1549,0.000813,172.31.46.0-255,66,53785,44,263046
1550,0.000872,74.125.24.0-255,5738,59523,44,263046
1551,0.000905,172.31.46.0-255,66,59589,44,263046
1552,0.001044,172.31.46.0-255,66,59655,44,263046
1553,0.001136,74.125.24.0-255,4320,63975,44,263046
1554,0.00114,172.31.46.0-255,66,64041,44,263046
1555,0.001165,74.125.24.0-255,5738,69779,44,263046
1556,0.001179,172.31.46.0-255,66,69845,44,263046
1557,0.001259,74.125.24.0-255,5738,75583,44,263046
1558,0.001273,172.31.46.0-255,66,75649,44,263046
1559,0.001304,172.31.46.0-255,66,75715,44,263046
1560,0.001485,74.125.24.0-255,2184,77899,44,263046
1561,0.001489,172.31.46.0-255,66,77965,44,263046
1562,0.001517,74.125.24.0-255,2902,80867,44,263046
1563,0.001523,172.31.46.0-255,66,80933,44,263046
1564,0.001553,74.125.24.0-255,7156,88089,44,263046
1565,0.001564,172.31.46.0-255,66,88155,44,263046
1566,0.001639,172.31.46.0-255,66,88221,44,263046
1567,0.001656,74.125.24.0-255,7156,95377,44,263046
1568,0.001671,172.31.46.0-255,66,95443,44,263046
1569,0.001796,74.125.24.0-255,5738,101181,44,263046
1570,0.0018,172.31.46.0-255,66,101247,44,263046
1571,0.001817,74.125.24.0-255,2184,103431,44,263046
1572,0.001841,172.31.46.0-255,66,103497,44,263046
1573,0.001893,74.125.24.0-255,7156,110653,44,263046
1574,0.001903,172.31.46.0-255,66,110719,44,263046
1575,0.001994,172.31.46.0-255,66,110785,44,263046
1576,0.002205,74.125.24.0-255,5020,115805,44,263046
1577,0.002209,172.31.46.0-255,66,115871,44,263046
1578,0.002244,74.125.24.0-255,2902,118773,44,263046
1579,0.002265,74.125.24.0-255,2902,121675,44,263046
1580,0.002275,172.31.46.0-255,66,121741,44,263046
1581,0.002336,74.125.24.0-255,2902,124643,44,263046
1582,0.002338,172.31.46.0-255,66,124709,44,263046
1583,0.002343,172.31.46.0-255,66,124775,44,263046
1584,0.002461,74.125.24.0-255,4320,129095,44,263046
1585,0.002465,172.31.46.0-255,66,129161,44,263046
1586,0.002517,172.31.46.0-255,66,129227,44,263046
1587,0.002684,172.31.46.0-255,66,129293,44,263046
1588,0.003102,172.31.46.0-255,66,129359,44,263046
1589,0.003551,172.31.46.0-255,101,129460,44,263046
1590,0.005372,74.125.24.0-255,5738,135198,44,263046
1591,0.005378,172.31.46.0-255,66,135264,44,263046
1592,0.005781,74.125.24.0-255,66,135330,44,263046
1593,0.007661,74.125.24.0-255,5738,141068,44,263046
1594,0.007667,172.31.46.0-255,66,141134,44,263046
1595,0.009964,74.125.24.0-255,5738,146872,44,263046
1596,0.009972,172.31.46.0-255,66,146938,44,263046
1597,0.012294,74.125.24.0-255,5738,152676,44,263046
1598,0.012309,172.31.46.0-255,66,152742,44,263046
1599,0.014621,74.125.24.0-255,5738,158480,44,263046
1600,0.014638,172.31.46.0-255,66,158546,44,263046
1601,0.01692,74.125.24.0-255,5738,164284,44,263046
1602,0.016935,172.31.46.0-255,66,164350,44,263046
1603,0.019206,74.125.24.0-255,5738,170088,44,263046
1604,0.019214,172.31.46.0-255,66,170154,44,263046
1605,0.021468,74.125.24.0-255,5738,175892,44,263046
1606,0.021478,172.31.46.0-255,66,175958,44,263046
1607,0.023729,74.125.24.0-255,5738,181696,44,263046
1608,0.023736,172.31.46.0-255,66,181762,44,263046
1609,0.026028,74.125.24.0-255,5738,187500,44,263046
1610,0.026035,172.31.46.0-255,66,187566,44,263046
1611,0.028293,74.125.24.0-255,5738,193304,44,263046
1612,0.028304,172.31.46.0-255,66,193370,44,263046
1613,0.03057,74.125.24.0-255,5738,199108,44,263046
1614,0.030577,172.31.46.0-255,66,199174,44,263046
1615,0.032867,74.125.24.0-255,5738,204912,44,263046
1616,0.032874,172.31.46.0-255,66,204978,44,263046
1617,0.035124,74.125.24.0-255,5738,210716,44,263046
1618,0.035131,172.31.46.0-255,66,210782,44,263046
1619,0.037416,74.125.24.0-255,5738,216520,44,263046
1620,0.037423,172.31.46.0-255,66,216586,44,263046
1621,0.039702,74.125.24.0-255,5738,222324,44,263046
1622,0.039711,172.31.46.0-255,66,222390,44,263046
1623,0.041044,172.31.46.0-255,172,222562,44,263046
1624,0.041075,172.31.46.0-255,1114,223676,44,263046
1625,0.041145,172.31.46.0-255,1514,225190,44,263046
1626,0.041147,172.31.46.0-255,1514,226704,44,263046
1627,0.041149,172.31.46.0-255,1514,228218,44,263046
1628,0.04115,172.31.46.0-255,1514,229732,44,263046
1629,0.041151,172.31.46.0-255,1514,231246,44,263046
1630,0.041179,172.31.46.0-255,70,231316,44,263046
1631,0.041996,74.125.24.0-255,5738,237054,44,263046
1632,0.042003,172.31.46.0-255,66,237120,44,263046
1633,0.042592,104.244.42.0-255,66,237186,44,263046
1634,0.04264,104.244.42.0-255,66,237252,44,263046
1635,0.042765,104.244.42.0-255,66,237318,44,263046
1636,0.042771,104.244.42.0-255,66,237384,44,263046
1637,0.043421,104.244.42.0-255,108,237492,44,263046
1638,0.043431,172.31.46.0-255,66,237558,44,263046
1639,0.044258,74.125.24.0-255,5738,243296,44,263046
1640,0.044264,172.31.46.0-255,66,243362,44,263046
1641,0.046596,74.125.24.0-255,5738,249100,44,263046
1642,0.046603,172.31.46.0-255,66,249166,44,263046
1643,0.048882,74.125.24.0-255,5738,254904,44,263046
1644,0.048889,172.31.46.0-255,66,254970,44,263046
1645,0.051172,74.125.24.0-255,5738,260708,44,263046
1646,0.051178,172.31.46.0-255,66,260774,44,263046
1647,0.053427,74.125.24.0-255,2035,262809,44,263046
1648,0.053433,172.31.46.0-255,66,262875,44,263046
1649,0.053605,172.31.46.0-255,105,262980,44,263046
1650,0.060739,74.125.24.0-255,66,263046,44,263046
1651,0.0,74.125.200.0-255,298,298,44,298206
1652,1.4e-05,172.31.46.0-255,66,364,44,298206
1653,5e-05,74.125.200.0-255,1484,1848,44,298206
1654,5.6e-05,172.31.46.0-255,66,1914,44,298206
1655,6.3e-05,74.125.200.0-255,4320,6234,44,298206
1656,6.6e-05,172.31.46.0-255,66,6300,44,298206
1657,7.2e-05,74.125.200.0-255,5738,12038,44,298206
1658,7.5e-05,172.31.46.0-255,66,12104,44,298206
1659,0.000111,74.125.200.0-255,6166,18270,44,298206
1660,0.000113,172.31.46.0-255,66,18336,44,298206
1661,0.000141,74.125.200.0-255,2902,21238,44,298206
1662,0.000143,172.31.46.0-255,66,21304,44,298206
1663,0.000163,74.125.200.0-255,4320,25624,44,298206
1664,0.000166,172.31.46.0-255,66,25690,44,298206
1665,0.000173,74.125.200.0-255,5379,31069,44,298206
1666,0.000176,172.31.46.0-255,66,31135,44,298206
1667,0.000253,74.125.200.0-255,1484,32619,44,298206
1668,0.000256,172.31.46.0-255,66,32685,44,298206
1669,0.000261,74.125.200.0-255,2902,35587,44,298206
1670,0.000263,172.31.46.0-255,66,35653,44,298206
1671,0.000296,74.125.200.0-255,5738,41391,44,298206
1672,0.0003,172.31.46.0-255,66,41457,44,298206
1673,0.000311,172.31.46.0-255,66,41523,44,298206
1674,0.000339,172.31.46.0-255,66,41589,44,298206
1675,0.000377,74.125.200.0-255,7071,48660,44,298206
1676,0.00038,172.31.46.0-255,66,48726,44,298206
1677,0.000383,74.125.200.0-255,127,48853,44,298206
1678,0.000385,172.31.46.0-255,66,48919,44,298206
1679,0.000492,74.125.200.0-255,1484,50403,44,298206
1680,0.000495,172.31.46.0-255,66,50469,44,298206
1681,0.0005,74.125.200.0-255,2902,53371,44,298206
1682,0.000502,172.31.46.0-255,66,53437,44,298206
1683,0.000506,74.125.200.0-255,1484,54921,44,298206
1684,0.000516,74.125.200.0-255,2902,57823,44,298206
1685,0.000518,172.31.46.0-255,66,57889,44,298206
1686,0.000543,74.125.200.0-255,5738,63627,44,298206
1687,0.000545,172.31.46.0-255,66,63693,44,298206
1688,0.000548,74.125.200.0-255,1484,65177,44,298206
1689,0.000579,74.125.200.0-255,5738,70915,44,298206
1690,0.000581,172.31.46.0-255,66,70981,44,298206
1691,0.000592,172.31.46.0-255,66,71047,44,298206
1692,0.000618,74.125.200.0-255,3602,74649,44,298206
1693,0.00062,172.31.46.0-255,66,74715,44,298206
1694,0.000623,74.125.200.0-255,351,75066,44,298206
1695,0.000673,74.125.200.0-255,1484,76550,44,298206
1696,0.000675,172.31.46.0-255,66,76616,44,298206
1697,0.000706,74.125.200.0-255,4320,80936,44,298206
1698,0.000709,172.31.46.0-255,66,81002,44,298206
1699,0.000714,74.125.200.0-255,4320,85322,44,298206
1700,0.000716,172.31.46.0-255,66,85388,44,298206
1701,0.000721,74.125.200.0-255,2902,88290,44,298206
1702,0.000723,172.31.46.0-255,66,88356,44,298206
1703,0.000744,74.125.200.0-255,2902,91258,44,298206
1704,0.000747,172.31.46.0-255,66,91324,44,298206
1705,0.000753,74.125.200.0-255,4320,95644,44,298206
1706,0.000756,172.31.46.0-255,66,95710,44,298206
1707,0.000791,74.125.200.0-255,7156,102866,44,298206
1708,0.000796,74.125.200.0-255,4320,107186,44,298206
1709,0.000799,74.125.200.0-255,2184,109370,44,298206
1710,0.00081,172.31.46.0-255,66,109436,44,298206
1711,0.000812,172.31.46.0-255,66,109502,44,298206
1712,0.000816,172.31.46.0-255,66,109568,44,298206
1713,0.00082,74.125.200.0-255,2902,112470,44,298206
1714,0.000822,172.31.46.0-255,66,112536,44,298206
1715,0.000857,74.125.200.0-255,7156,119692,44,298206
1716,0.000861,172.31.46.0-255,66,119758,44,298206
1717,0.000867,74.125.200.0-255,5738,125496,44,298206
1718,0.00087,172.31.46.0-255,66,125562,44,298206
1719,0.000877,74.125.200.0-255,5738,131300,44,298206
1720,0.00088,172.31.46.0-255,66,131366,44,298206
1721,0.000908,74.125.200.0-255,1484,132850,44,298206
1722,0.000914,74.125.200.0-255,2902,135752,44,298206
1723,0.000916,172.31.46.0-255,66,135818,44,298206
1724,0.000951,172.31.46.0-255,66,135884,44,298206
1725,0.001009,74.125.200.0-255,1484,137368,44,298206
1726,0.00104,74.125.200.0-255,2902,140270,44,298206
1727,0.001045,172.31.46.0-255,66,140336,44,298206
1728,0.001048,74.125.200.0-255,1484,141820,44,298206
1729,0.001071,74.125.200.0-255,4320,146140,44,298206
1730,0.001074,172.31.46.0-255,66,146206,44,298206
1731,0.001081,74.125.200.0-255,7156,153362,44,298206
1732,0.001083,172.31.46.0-255,66,153428,44,298206
1733,0.001124,172.31.46.0-255,66,153494,44,298206
1734,0.001157,74.125.200.0-255,2184,155678,44,298206
1735,0.00116,172.31.46.0-255,66,155744,44,298206
1736,0.00123,74.125.200.0-255,1484,157228,44,298206
1737,0.001242,74.125.200.0-255,2902,160130,44,298206
1738,0.001246,172.31.46.0-255,66,160196,44,298206
1739,0.001251,74.125.200.0-255,2902,163098,44,298206
1740,0.001253,172.31.46.0-255,66,163164,44,298206
1741,0.00128,74.125.200.0-255,4320,167484,44,298206
1742,0.001283,172.31.46.0-255,66,167550,44,298206
1743,0.001288,74.125.200.0-255,4320,171870,44,298206
1744,0.001291,172.31.46.0-255,66,171936,44,298206
1745,0.001315,74.125.200.0-255,4320,176256,44,298206
1746,0.001322,172.31.46.0-255,66,176322,44,298206
1747,0.001329,74.125.200.0-255,7156,183478,44,298206
1748,0.001331,172.31.46.0-255,66,183544,44,298206
1749,0.001365,74.125.200.0-255,6438,189982,44,298206
1750,0.001369,172.31.46.0-255,66,190048,44,298206
1751,0.001478,74.125.200.0-255,1484,191532,44,298206
1752,0.001484,74.125.200.0-255,2902,194434,44,298206
1753,0.001487,172.31.46.0-255,66,194500,44,298206
1754,0.00149,74.125.200.0-255,1484,195984,44,298206
1755,0.001515,74.125.200.0-255,4320,200304,44,298206
1756,0.001517,172.31.46.0-255,66,200370,44,298206
1757,0.001521,74.125.200.0-255,2902,203272,44,298206
1758,0.001524,172.31.46.0-255,66,203338,44,298206
1759,0.001535,74.125.200.0-255,4320,207658,44,298206
1760,0.001537,172.31.46.0-255,66,207724,44,298206
1761,0.001543,74.125.200.0-255,5738,213462,44,298206
1762,0.001546,172.31.46.0-255,66,213528,44,298206
1763,0.001579,74.125.200.0-255,2902,216430,44,298206
1764,0.001583,172.31.46.0-255,66,216496,44,298206
1765,0.001593,172.31.46.0-255,66,216562,44,298206
1766,0.001703,74.125.200.0-255,1484,218046,44,298206
1767,0.00172,74.125.200.0-255,2902,220948,44,298206
1768,0.001723,172.31.46.0-255,66,221014,44,298206
1769,0.001727,74.125.200.0-255,2902,223916,44,298206
1770,0.00173,172.31.46.0-255,66,223982,44,298206
1771,0.001749,74.125.200.0-255,2902,226884,44,298206
1772,0.001752,172.31.46.0-255,66,226950,44,298206
1773,0.001797,172.31.46.0-255,66,227016,44,298206
1774,0.001814,74.125.200.0-255,5738,232754,44,298206
1775,0.001817,172.31.46.0-255,66,232820,44,298206
1776,0.00182,74.125.200.0-255,1484,234304,44,298206
1777,0.001852,74.125.200.0-255,5020,239324,44,298206
1778,0.001855,172.31.46.0-255,66,239390,44,298206
1779,0.001863,74.125.200.0-255,7156,246546,44,298206
1780,0.001865,172.31.46.0-255,66,246612,44,298206
1781,0.001908,172.31.46.0-255,66,246678,44,298206
1782,0.001915,74.125.200.0-255,7156,253834,44,298206
1783,0.001917,172.31.46.0-255,66,253900,44,298206
1784,0.00195,74.125.200.0-255,4320,258220,44,298206
1785,0.001953,172.31.46.0-255,66,258286,44,298206
1786,0.001959,74.125.200.0-255,3602,261888,44,298206
1787,0.001961,172.31.46.0-255,66,261954,44,298206
1788,0.001966,74.125.200.0-255,4320,266274,44,298206
1789,0.001969,172.31.46.0-255,66,266340,44,298206
1790,0.001972,74.125.200.0-255,1484,267824,44,298206
1791,0.002002,74.125.200.0-255,7156,274980,44,298206
1792,0.00203,74.125.200.0-255,1484,276464,44,298206
1793,0.002035,172.31.46.0-255,66,276530,44,298206
1794,0.002095,74.125.200.0-255,1484,278014,44,298206
1795,0.0021,74.125.200.0-255,4320,282334,44,298206
1796,0.002138,172.31.46.0-255,66,282400,44,298206
1797,0.002164,74.125.200.0-255,6032,288432,44,298206
1798,0.002167,74.125.200.0-255,105,288537,44,298206
1799,0.002185,172.31.46.0-255,66,288603,44,298206
1800,0.009385,172.31.46.0-255,105,288708,44,298206
1801,0.011662,74.125.200.0-255,66,288774,44,298206
1802,0.043173,172.31.46.0-255,172,288946,44,298206
1803,0.043205,172.31.46.0-255,1114,290060,44,298206
1804,0.043293,172.31.46.0-255,1514,291574,44,298206
1805,0.043314,172.31.46.0-255,1514,293088,44,298206
1806,0.043318,172.31.46.0-255,1514,294602,44,298206
1807,0.043334,172.31.46.0-255,1514,296116,44,298206
1808,0.043342,172.31.46.0-255,1514,297630,44,298206
1809,0.043344,172.31.46.0-255,72,297702,44,298206
1810,0.044715,104.244.42.0-255,66,297768,44,298206
1811,0.044724,104.244.42.0-255,66,297834,44,298206
1812,0.04483,104.244.42.0-255,66,297900,44,298206
1813,0.044973,104.244.42.0-255,66,297966,44,298206
1814,0.04498,104.244.42.0-255,66,298032,44,298206
1815,0.045441,104.244.42.0-255,108,298140,44,298206
1816,0.045449,172.31.46.0-255,66,298206,44,298206
1817,0.0,74.125.130.0-255,150,150,44,372920
1818,2.2e-05,172.31.46.0-255,66,216,44,372920
1819,3e-05,74.125.130.0-255,1484,1700,44,372920
1820,3.5e-05,172.31.46.0-255,66,1766,44,372920
1821,6.2e-05,74.125.130.0-255,2902,4668,44,372920
1822,6.6e-05,172.31.46.0-255,66,4734,44,372920
1823,7.3e-05,74.125.130.0-255,5738,10472,44,372920
1824,7.6e-05,172.31.46.0-255,66,10538,44,372920
1825,8.2e-05,74.125.130.0-255,3395,13933,44,372920
1826,8.5e-05,172.31.46.0-255,66,13999,44,372920
1827,0.00023,74.125.130.0-255,1484,15483,44,372920
1828,0.000235,172.31.46.0-255,66,15549,44,372920
1829,0.000241,74.125.130.0-255,2902,18451,44,372920
1830,0.000244,172.31.46.0-255,66,18517,44,372920
1831,0.000262,74.125.130.0-255,5738,24255,44,372920
1832,0.00027,172.31.46.0-255,66,24321,44,372920
1833,0.000273,74.125.130.0-255,1484,25805,44,372920
1834,0.000275,172.31.46.0-255,66,25871,44,372920
1835,0.000279,74.125.130.0-255,2902,28773,44,372920
1836,0.000281,172.31.46.0-255,66,28839,44,372920
1837,0.000311,74.125.130.0-255,2543,31382,44,372920
1838,0.000313,172.31.46.0-255,66,31448,44,372920
1839,0.000338,74.125.130.0-255,2902,34350,44,372920
1840,0.000341,172.31.46.0-255,66,34416,44,372920
1841,0.000373,74.125.130.0-255,7156,41572,44,372920
1842,0.000376,172.31.46.0-255,66,41638,44,372920
1843,0.000383,74.125.130.0-255,6797,48435,44,372920
1844,0.000385,172.31.46.0-255,66,48501,44,372920
1845,0.000441,74.125.130.0-255,1484,49985,44,372920
1846,0.000445,172.31.46.0-255,66,50051,44,372920
1847,0.000449,74.125.130.0-255,2902,52953,44,372920
1848,0.000451,172.31.46.0-255,66,53019,44,372920
1849,0.000494,74.125.130.0-255,5738,58757,44,372920
1850,0.000497,172.31.46.0-255,66,58823,44,372920
1851,0.000504,74.125.130.0-255,7050,65873,44,372920
1852,0.000506,172.31.46.0-255,66,65939,44,372920
1853,0.000529,74.125.130.0-255,404,66343,44,372920
1854,0.00068,74.125.130.0-255,1484,67827,44,372920
1855,0.000684,172.31.46.0-255,66,67893,44,372920
1856,0.00069,74.125.130.0-255,2902,70795,44,372920
1857,0.000692,172.31.46.0-255,66,70861,44,372920
1858,0.000727,74.125.130.0-255,5738,76599,44,372920
1859,0.000729,172.31.46.0-255,66,76665,44,372920
1860,0.000733,74.125.130.0-255,2902,79567,44,372920
1861,0.000735,172.31.46.0-255,66,79633,44,372920
1862,0.000804,172.31.46.0-255,66,79699,44,372920
1863,0.00081,74.125.130.0-255,4320,84019,44,372920
1864,0.000812,172.31.46.0-255,66,84085,44,372920
1865,0.000823,74.125.130.0-255,5379,89464,44,372920
1866,0.000826,172.31.46.0-255,66,89530,44,372920
1867,0.001169,74.125.130.0-255,1484,91014,44,372920
1868,0.001185,74.125.130.0-255,2902,93916,44,372920
1869,0.001188,172.31.46.0-255,66,93982,44,372920
1870,0.00122,74.125.130.0-255,5738,99720,44,372920
1871,0.001222,172.31.46.0-255,66,99786,44,372920
1872,0.001226,74.125.130.0-255,2902,102688,44,372920
1873,0.001228,172.31.46.0-255,66,102754,44,372920
1874,0.001273,74.125.130.0-255,4320,107074,44,372920
1875,0.001276,172.31.46.0-255,66,107140,44,372920
1876,0.001283,74.125.130.0-255,5738,112878,44,372920
1877,0.001285,172.31.46.0-255,66,112944,44,372920
1878,0.001301,74.125.130.0-255,1484,114428,44,372920
1879,0.001315,172.31.46.0-255,66,114494,44,372920
1880,0.001319,74.125.130.0-255,766,115260,44,372920
1881,0.001408,74.125.130.0-255,1484,116744,44,372920
1882,0.001412,172.31.46.0-255,66,116810,44,372920
1883,0.001431,74.125.130.0-255,2902,119712,44,372920
1884,0.001434,172.31.46.0-255,66,119778,44,372920
1885,0.001437,74.125.130.0-255,1484,121262,44,372920
1886,0.00144,74.125.130.0-255,1484,122746,44,372920
1887,0.001442,172.31.46.0-255,66,122812,44,372920
1888,0.001465,74.125.130.0-255,1484,124296,44,372920
1889,0.001497,74.125.130.0-255,5738,130034,44,372920
1890,0.0015,172.31.46.0-255,66,130100,44,372920
1891,0.001505,74.125.130.0-255,2902,133002,44,372920
1892,0.001507,172.31.46.0-255,66,133068,44,372920
1893,0.001537,74.125.130.0-255,4320,137388,44,372920
1894,0.001541,172.31.46.0-255,66,137454,44,372920
1895,0.001548,74.125.130.0-255,7156,144610,44,372920
1896,0.00155,172.31.46.0-255,66,144676,44,372920
1897,0.00158,74.125.130.0-255,2902,147578,44,372920
1898,0.001584,172.31.46.0-255,66,147644,44,372920
1899,0.001608,74.125.130.0-255,2184,149828,44,372920
1900,0.001611,172.31.46.0-255,66,149894,44,372920
1901,0.001699,74.125.130.0-255,1484,151378,44,372920
1902,0.001704,74.125.130.0-255,2902,154280,44,372920
1903,0.001714,172.31.46.0-255,66,154346,44,372920
1904,0.001742,74.125.130.0-255,1484,155830,44,372920
1905,0.001755,74.125.130.0-255,2902,158732,44,372920
1906,0.001758,172.31.46.0-255,66,158798,44,372920
1907,0.001796,74.125.130.0-255,5738,164536,44,372920
1908,0.001799,172.31.46.0-255,66,164602,44,372920
1909,0.001806,74.125.130.0-255,5738,170340,44,372920
1910,0.001808,172.31.46.0-255,66,170406,44,372920
1911,0.001839,74.125.130.0-255,7156,177562,44,372920
1912,0.001842,172.31.46.0-255,66,177628,44,372920
1913,0.001845,74.125.130.0-255,1484,179112,44,372920
1914,0.001848,74.125.130.0-255,1484,180596,44,372920
1915,0.001872,74.125.130.0-255,1484,182080,44,372920
1916,0.00188,172.31.46.0-255,66,182146,44,372920
1917,0.001898,74.125.130.0-255,2184,184330,44,372920
1918,0.001916,172.31.46.0-255,66,184396,44,372920
1919,0.002144,74.125.130.0-255,1484,185880,44,372920
1920,0.002149,74.125.130.0-255,2902,188782,44,372920
1921,0.002154,172.31.46.0-255,66,188848,44,372920
1922,0.002165,74.125.130.0-255,2902,191750,44,372920
1923,0.002168,172.31.46.0-255,66,191816,44,372920
1924,0.002193,74.125.130.0-255,2902,194718,44,372920
1925,0.002195,172.31.46.0-255,66,194784,44,372920
1926,0.002202,74.125.130.0-255,5738,200522,44,372920
1927,0.002204,172.31.46.0-255,66,200588,44,372920
1928,0.002211,74.125.130.0-255,7156,207744,44,372920
1929,0.002262,172.31.46.0-255,66,207810,44,372920
1930,0.004571,74.125.130.0-255,5738,213548,44,372920
1931,0.004578,172.31.46.0-255,66,213614,44,372920
1932,0.006883,74.125.130.0-255,2902,216516,44,372920
1933,0.006888,172.31.46.0-255,66,216582,44,372920
1934,0.006915,74.125.130.0-255,2902,219484,44,372920
1935,0.006917,172.31.46.0-255,66,219550,44,372920
1936,0.009196,74.125.130.0-255,2902,222452,44,372920
1937,0.009202,172.31.46.0-255,66,222518,44,372920
1938,0.009226,74.125.130.0-255,2902,225420,44,372920
1939,0.009228,172.31.46.0-255,66,225486,44,372920
1940,0.011514,74.125.130.0-255,5738,231224,44,372920
1941,0.011522,172.31.46.0-255,66,231290,44,372920
1942,0.01386,74.125.130.0-255,5738,237028,44,372920
1943,0.013867,172.31.46.0-255,66,237094,44,372920
1944,0.016188,74.125.130.0-255,5738,242832,44,372920
1945,0.016196,172.31.46.0-255,66,242898,44,372920
1946,0.018508,74.125.130.0-255,5738,248636,44,372920
1947,0.018516,172.31.46.0-255,66,248702,44,372920
1948,0.020841,74.125.130.0-255,5738,254440,44,372920
1949,0.020856,172.31.46.0-255,66,254506,44,372920
1950,0.02317,74.125.130.0-255,5738,260244,44,372920
1951,0.023178,172.31.46.0-255,66,260310,44,372920
1952,0.025485,74.125.130.0-255,5738,266048,44,372920
1953,0.025491,172.31.46.0-255,66,266114,44,372920
1954,0.027795,74.125.130.0-255,5738,271852,44,372920
1955,0.027801,172.31.46.0-255,66,271918,44,372920
1956,0.028529,172.31.46.0-255,172,272090,44,372920
1957,0.028561,172.31.46.0-255,1113,273203,44,372920
1958,0.028627,172.31.46.0-255,1514,274717,44,372920
1959,0.028629,172.31.46.0-255,1514,276231,44,372920
1960,0.02863,172.31.46.0-255,1514,277745,44,372920
1961,0.028632,172.31.46.0-255,1514,279259,44,372920
1962,0.028633,172.31.46.0-255,559,279818,44,372920
1963,0.030112,74.125.130.0-255,5738,285556,44,372920
1964,0.030118,172.31.46.0-255,66,285622,44,372920
1965,0.03024,104.244.42.0-255,66,285688,44,372920
1966,0.032433,74.125.130.0-255,5738,291426,44,372920
1967,0.03244,172.31.46.0-255,66,291492,44,372920
1968,0.03476,74.125.130.0-255,5738,297230,44,372920
1969,0.034766,172.31.46.0-255,66,297296,44,372920
1970,0.037089,74.125.130.0-255,5738,303034,44,372920
1971,0.037096,172.31.46.0-255,66,303100,44,372920
1972,0.039404,74.125.130.0-255,5738,308838,44,372920
1973,0.03941,172.31.46.0-255,66,308904,44,372920
1974,0.041725,74.125.130.0-255,5738,314642,44,372920
1975,0.041733,172.31.46.0-255,66,314708,44,372920
1976,0.044052,74.125.130.0-255,5738,320446,44,372920
1977,0.044057,172.31.46.0-255,66,320512,44,372920
1978,0.046367,74.125.130.0-255,5738,326250,44,372920
1979,0.046372,172.31.46.0-255,66,326316,44,372920
1980,0.048696,74.125.130.0-255,5738,332054,44,372920
1981,0.0487,172.31.46.0-255,66,332120,44,372920
1982,0.051019,74.125.130.0-255,5738,337858,44,372920
1983,0.05103,172.31.46.0-255,66,337924,44,372920
1984,0.053357,74.125.130.0-255,5738,343662,44,372920
1985,0.053363,172.31.46.0-255,66,343728,44,372920
1986,0.055689,74.125.130.0-255,5738,349466,44,372920
1987,0.055695,172.31.46.0-255,66,349532,44,372920
1988,0.058007,74.125.130.0-255,5738,355270,44,372920
1989,0.058014,172.31.46.0-255,66,355336,44,372920
1990,0.060361,74.125.130.0-255,5738,361074,44,372920
1991,0.060367,172.31.46.0-255,66,361140,44,372920
1992,0.062687,74.125.130.0-255,5738,366878,44,372920
1993,0.062693,172.31.46.0-255,66,366944,44,372920
1994,0.065013,74.125.130.0-255,5673,372617,44,372920
1995,0.065019,172.31.46.0-255,66,372683,44,372920
1996,0.065218,172.31.46.0-255,105,372788,44,372920
1997,0.06749,74.125.130.0-255,66,372854,44,372920
1998,0.070917,104.244.42.0-255,66,372920,44,372920
1999,0.0,172.217.194.0-255,293,293,44,212891
2000,2.2e-05,172.31.46.0-255,66,359,44,212891
2001,2.8e-05,172.217.194.0-255,1484,1843,44,212891
2002,3.2e-05,172.31.46.0-255,66,1909,44,212891
2003,3.8e-05,172.217.194.0-255,4320,6229,44,212891
2004,4e-05,172.31.46.0-255,66,6295,44,212891
2005,4.3e-05,172.217.194.0-255,1484,7779,44,212891
2006,4.5e-05,172.31.46.0-255,66,7845,44,212891
2007,0.000104,172.31.46.0-255,66,7911,44,212891
2008,0.000115,172.31.46.0-255,66,7977,44,212891
2009,0.000129,172.217.194.0-255,2902,10879,44,212891
2010,0.00013,172.31.46.0-255,66,10945,44,212891
2011,0.000151,172.217.194.0-255,1125,12070,44,212891
2012,0.000153,172.31.46.0-255,66,12136,44,212891
2013,0.000182,172.217.194.0-255,1484,13620,44,212891
2014,0.000184,172.31.46.0-255,66,13686,44,212891
2015,0.000187,172.217.194.0-255,1484,15170,44,212891
2016,0.000189,172.31.46.0-255,66,15236,44,212891
2017,0.000203,172.217.194.0-255,1484,16720,44,212891
2018,0.000205,172.31.46.0-255,66,16786,44,212891
2019,0.000211,172.217.194.0-255,5738,22524,44,212891
2020,0.000212,172.31.46.0-255,66,22590,44,212891
2021,0.00024,172.217.194.0-255,2902,25492,44,212891
2022,0.000243,172.31.46.0-255,66,25558,44,212891
2023,0.000267,172.31.46.0-255,66,25624,44,212891
2024,0.000294,172.217.194.0-255,1484,27108,44,212891
2025,0.000296,172.31.46.0-255,66,27174,44,212891
2026,0.000324,172.31.46.0-255,66,27240,44,212891
2027,0.000327,172.217.194.0-255,119,27359,44,212891
2028,0.000472,172.217.194.0-255,1484,28843,44,212891
2029,0.000477,172.217.194.0-255,2902,31745,44,212891
2030,0.000495,172.217.194.0-255,5738,37483,44,212891
2031,0.000499,172.31.46.0-255,66,37549,44,212891
2032,0.000507,172.217.194.0-255,1484,39033,44,212891
2033,0.00051,172.31.46.0-255,66,39099,44,212891
2034,0.000521,172.217.194.0-255,7156,46255,44,212891
2035,0.000541,172.217.194.0-255,4320,50575,44,212891
2036,0.000548,172.217.194.0-255,7156,57731,44,212891
2037,0.000553,172.31.46.0-255,66,57797,44,212891
2038,0.000567,172.217.194.0-255,3916,61713,44,212891
2039,0.000584,172.31.46.0-255,66,61779,44,212891
2040,0.000723,172.217.194.0-255,1484,63263,44,212891
2041,0.000728,172.217.194.0-255,2902,66165,44,212891
2042,0.000732,172.31.46.0-255,66,66231,44,212891
2043,0.000751,172.217.194.0-255,5738,71969,44,212891
2044,0.000757,172.31.46.0-255,66,72035,44,212891
2045,0.000766,172.217.194.0-255,4320,76355,44,212891
2046,0.00077,172.31.46.0-255,66,76421,44,212891
2047,0.000802,172.217.194.0-255,7156,83577,44,212891
2048,0.00081,172.31.46.0-255,66,83643,44,212891
2049,0.000815,172.217.194.0-255,3602,87245,44,212891
2050,0.000818,172.31.46.0-255,66,87311,44,212891
2051,0.000835,172.217.194.0-255,2902,90213,44,212891
2052,0.00084,172.217.194.0-255,2902,93115,44,212891
2053,0.000848,172.217.194.0-255,1484,94599,44,212891
2054,0.000858,172.31.46.0-255,66,94665,44,212891
2055,0.000889,172.31.46.0-255,66,94731,44,212891
2056,0.000899,172.217.194.0-255,2902,97633,44,212891
2057,0.000909,172.31.46.0-255,66,97699,44,212891
2058,0.000929,172.31.46.0-255,66,97765,44,212891
2059,0.001017,172.217.194.0-255,1484,99249,44,212891
2060,0.001028,172.217.194.0-255,2902,102151,44,212891
2061,0.001041,172.217.194.0-255,5738,107889,44,212891
2062,0.001044,172.31.46.0-255,66,107955,44,212891
2063,0.00106,172.31.46.0-255,66,108021,44,212891
2064,0.001076,172.31.46.0-255,66,108087,44,212891
2065,0.001136,172.217.194.0-255,4320,112407,44,212891
2066,0.001164,172.31.46.0-255,66,112473,44,212891
2067,0.001443,172.217.194.0-255,1484,113957,44,212891
2068,0.001447,172.217.194.0-255,1484,115441,44,212891
2069,0.001457,172.217.194.0-255,1484,116925,44,212891
2070,0.001461,172.217.194.0-255,2902,119827,44,212891
2071,0.001471,172.217.194.0-255,2902,122729,44,212891
2072,0.001474,172.217.194.0-255,1484,124213,44,212891
2073,0.001479,172.31.46.0-255,66,124279,44,212891
2074,0.001509,172.31.46.0-255,66,124345,44,212891
2075,0.001521,172.217.194.0-255,2902,127247,44,212891
2076,0.001554,172.31.46.0-255,66,127313,44,212891
2077,0.00158,172.217.194.0-255,4320,131633,44,212891
2078,0.001591,172.31.46.0-255,66,131699,44,212891
2079,0.001596,172.217.194.0-255,5738,137437,44,212891
2080,0.001602,172.217.194.0-255,5738,143175,44,212891
2081,0.001606,172.31.46.0-255,66,143241,44,212891
2082,0.001633,172.217.194.0-255,5738,148979,44,212891
2083,0.001638,172.217.194.0-255,2902,151881,44,212891
2084,0.001665,172.31.46.0-255,66,151947,44,212891
2085,0.001704,172.217.194.0-255,1484,153431,44,212891
2086,0.001709,172.217.194.0-255,2902,156333,44,212891
2087,0.001719,172.217.194.0-255,1484,157817,44,212891
2088,0.001725,172.31.46.0-255,66,157883,44,212891
2089,0.001741,172.217.194.0-255,4320,162203,44,212891
2090,0.001744,172.217.194.0-255,2902,165105,44,212891
2091,0.001748,172.31.46.0-255,66,165171,44,212891
2092,0.0018,172.31.46.0-255,66,165237,44,212891
2093,0.00183,172.217.194.0-255,1484,166721,44,212891
2094,0.001834,172.217.194.0-255,2902,169623,44,212891
2095,0.001852,172.217.194.0-255,5738,175361,44,212891
2096,0.001863,172.217.194.0-255,1484,176845,44,212891
2097,0.001865,172.31.46.0-255,66,176911,44,212891
2098,0.001881,172.217.194.0-255,5738,182649,44,212891
2099,0.001894,172.217.194.0-255,4320,186969,44,212891
2100,0.0019,172.31.46.0-255,66,187035,44,212891
2101,0.001917,172.217.194.0-255,1484,188519,44,212891
2102,0.001932,172.217.194.0-255,5738,194257,44,212891
2103,0.001943,172.31.46.0-255,66,194323,44,212891
2104,0.001969,172.217.194.0-255,1484,195807,44,212891
2105,0.001974,172.31.46.0-255,66,195873,44,212891
2106,0.001994,172.217.194.0-255,1484,197357,44,212891
2107,0.002003,172.217.194.0-255,1484,198841,44,212891
2108,0.002008,172.31.46.0-255,66,198907,44,212891
2109,0.002037,172.31.46.0-255,66,198973,44,212891
2110,0.002055,172.217.194.0-255,4320,203293,44,212891
2111,0.002097,172.31.46.0-255,66,203359,44,212891
2112,0.002126,172.217.194.0-255,105,203464,44,212891
2113,0.002147,172.31.46.0-255,66,203530,44,212891
2114,0.004212,172.31.46.0-255,105,203635,44,212891
2115,0.006429,172.217.194.0-255,66,203701,44,212891
2116,0.036018,172.31.46.0-255,172,203873,44,212891
2117,0.036056,172.31.46.0-255,1114,204987,44,212891
2118,0.036123,172.31.46.0-255,1514,206501,44,212891
2119,0.036125,172.31.46.0-255,1514,208015,44,212891
2120,0.036126,172.31.46.0-255,1514,209529,44,212891
2121,0.036127,172.31.46.0-255,1514,211043,44,212891
2122,0.036155,172.31.46.0-255,1514,212557,44,212891
2123,0.036157,172.31.46.0-255,70,212627,44,212891
2124,0.037562,104.244.42.0-255,66,212693,44,212891
2125,0.03767,104.244.42.0-255,66,212759,44,212891
2126,0.037714,104.244.42.0-255,66,212825,44,212891
2127,0.037719,104.244.42.0-255,66,212891,44,212891
2128,0.0,74.125.24.0-255,152,152,44,324363
2129,2.2e-05,172.31.46.0-255,66,218,44,324363
2130,2.9e-05,74.125.24.0-255,1484,1702,44,324363
2131,3.3e-05,172.31.46.0-255,66,1768,44,324363
2132,3.9e-05,74.125.24.0-255,2902,4670,44,324363
2133,4.3e-05,172.31.46.0-255,66,4736,44,324363
2134,5.1e-05,74.125.24.0-255,7156,11892,44,324363
2135,5.3e-05,172.31.46.0-255,66,11958,44,324363
2136,5.6e-05,74.125.24.0-255,1484,13442,44,324363
2137,5.9e-05,172.31.46.0-255,66,13508,44,324363
2138,7.9e-05,74.125.24.0-255,683,14191,44,324363
2139,8.1e-05,172.31.46.0-255,66,14257,44,324363
2140,0.000106,74.125.24.0-255,1484,15741,44,324363
2141,0.000108,172.31.46.0-255,66,15807,44,324363
2142,0.000128,74.125.24.0-255,2902,18709,44,324363
2143,0.000131,172.31.46.0-255,66,18775,44,324363
2144,0.000138,74.125.24.0-255,5738,24513,44,324363
2145,0.00014,172.31.46.0-255,66,24579,44,324363
2146,0.000181,74.125.24.0-255,6797,31376,44,324363
2147,0.000184,172.31.46.0-255,66,31442,44,324363
2148,0.001415,74.125.24.0-255,1484,32926,44,324363
2149,0.001423,172.31.46.0-255,66,32992,44,324363
2150,0.001433,74.125.24.0-255,2902,35894,44,324363
2151,0.001435,172.31.46.0-255,66,35960,44,324363
2152,0.001442,74.125.24.0-255,5738,41698,44,324363
2153,0.001445,172.31.46.0-255,66,41764,44,324363
2154,0.001449,74.125.24.0-255,1484,43248,44,324363
2155,0.001451,172.31.46.0-255,66,43314,44,324363
2156,0.001479,74.125.24.0-255,5379,48693,44,324363
2157,0.001481,172.31.46.0-255,66,48759,44,324363
2158,0.001489,74.125.24.0-255,7156,55915,44,324363
2159,0.001491,172.31.46.0-255,66,55981,44,324363
2160,0.001509,74.125.24.0-255,7156,63137,44,324363
2161,0.001512,172.31.46.0-255,66,63203,44,324363
2162,0.001516,74.125.24.0-255,2543,65746,44,324363
2163,0.001518,172.31.46.0-255,66,65812,44,324363
2164,0.001543,74.125.24.0-255,361,66173,44,324363
2165,0.00199,74.125.24.0-255,126,66299,44,324363
2166,0.003515,74.125.24.0-255,2902,69201,44,324363
2167,0.003521,172.31.46.0-255,66,69267,44,324363
2168,0.005552,74.125.24.0-255,5738,75005,44,324363
2169,0.005559,172.31.46.0-255,66,75071,44,324363
2170,0.007564,74.125.24.0-255,5738,80809,44,324363
2171,0.00757,172.31.46.0-255,66,80875,44,324363
2172,0.009589,74.125.24.0-255,5738,86613,44,324363
2173,0.009596,172.31.46.0-255,66,86679,44,324363
2174,0.011597,74.125.24.0-255,5738,92417,44,324363
2175,0.011604,172.31.46.0-255,66,92483,44,324363
2176,0.013612,74.125.24.0-255,5738,98221,44,324363
2177,0.013618,172.31.46.0-255,66,98287,44,324363
2178,0.015596,74.125.24.0-255,5738,104025,44,324363
2179,0.015603,172.31.46.0-255,66,104091,44,324363
2180,0.017593,74.125.24.0-255,5738,109829,44,324363
2181,0.017601,172.31.46.0-255,66,109895,44,324363
2182,0.019619,74.125.24.0-255,5738,115633,44,324363
2183,0.019627,172.31.46.0-255,66,115699,44,324363
2184,0.021622,74.125.24.0-255,5738,121437,44,324363
2185,0.021629,172.31.46.0-255,66,121503,44,324363
2186,0.023626,74.125.24.0-255,5738,127241,44,324363
2187,0.023634,172.31.46.0-255,66,127307,44,324363
2188,0.025174,172.31.46.0-255,172,127479,44,324363
2189,0.025207,172.31.46.0-255,1114,128593,44,324363
2190,0.025272,172.31.46.0-255,1514,130107,44,324363
2191,0.025274,172.31.46.0-255,1514,131621,44,324363
2192,0.025275,172.31.46.0-255,1514,133135,44,324363
2193,0.025276,172.31.46.0-255,1514,134649,44,324363
2194,0.025277,172.31.46.0-255,556,135205,44,324363
2195,0.025618,74.125.24.0-255,5738,140943,44,324363
2196,0.025624,172.31.46.0-255,66,141009,44,324363
2197,0.026865,104.244.42.0-255,66,141075,44,324363
2198,0.027612,74.125.24.0-255,5738,146813,44,324363
2199,0.027618,172.31.46.0-255,66,146879,44,324363
2200,0.029591,74.125.24.0-255,5738,152617,44,324363
2201,0.029597,172.31.46.0-255,66,152683,44,324363
2202,0.031604,74.125.24.0-255,5738,158421,44,324363
2203,0.03161,172.31.46.0-255,66,158487,44,324363
2204,0.033599,74.125.24.0-255,5738,164225,44,324363
2205,0.033604,172.31.46.0-255,66,164291,44,324363
2206,0.035622,74.125.24.0-255,5738,170029,44,324363
2207,0.035631,172.31.46.0-255,66,170095,44,324363
2208,0.037671,74.125.24.0-255,5738,175833,44,324363
2209,0.037678,172.31.46.0-255,66,175899,44,324363
2210,0.039669,74.125.24.0-255,5738,181637,44,324363
2211,0.039676,172.31.46.0-255,66,181703,44,324363
2212,0.041689,74.125.24.0-255,5738,187441,44,324363
2213,0.041696,172.31.46.0-255,66,187507,44,324363
2214,0.043705,74.125.24.0-255,5738,193245,44,324363
2215,0.043711,172.31.46.0-255,66,193311,44,324363
2216,0.045701,74.125.24.0-255,4320,197631,44,324363
2217,0.045707,172.31.46.0-255,66,197697,44,324363
2218,0.045723,74.125.24.0-255,1484,199181,44,324363
2219,0.047713,74.125.24.0-255,4320,203501,44,324363
2220,0.047719,172.31.46.0-255,66,203567,44,324363
2221,0.049771,74.125.24.0-255,5738,209305,44,324363
2222,0.049778,172.31.46.0-255,66,209371,44,324363
2223,0.051802,74.125.24.0-255,5738,215109,44,324363
2224,0.05181,172.31.46.0-255,66,215175,44,324363
2225,0.053822,74.125.24.0-255,5738,220913,44,324363
2226,0.05383,172.31.46.0-255,66,220979,44,324363
2227,0.055834,74.125.24.0-255,5738,226717,44,324363
2228,0.055841,172.31.46.0-255,66,226783,44,324363
2229,0.057838,74.125.24.0-255,5738,232521,44,324363
2230,0.057845,172.31.46.0-255,66,232587,44,324363
2231,0.059839,74.125.24.0-255,5738,238325,44,324363
2232,0.059845,172.31.46.0-255,66,238391,44,324363
2233,0.061867,74.125.24.0-255,5738,244129,44,324363
2234,0.061875,172.31.46.0-255,66,244195,44,324363
2235,0.06386,74.125.24.0-255,5738,249933,44,324363
2236,0.063866,172.31.46.0-255,66,249999,44,324363
2237,0.065849,74.125.24.0-255,5738,255737,44,324363
2238,0.065856,172.31.46.0-255,66,255803,44,324363
2239,0.0673,104.244.42.0-255,66,255869,44,324363
2240,0.067892,74.125.24.0-255,5738,261607,44,324363
2241,0.0679,172.31.46.0-255,66,261673,44,324363
2242,0.069924,74.125.24.0-255,5738,267411,44,324363
2243,0.069931,172.31.46.0-255,66,267477,44,324363
2244,0.071944,74.125.24.0-255,2902,270379,44,324363
2245,0.071951,172.31.46.0-255,66,270445,44,324363
2246,0.071971,74.125.24.0-255,2902,273347,44,324363
2247,0.071974,172.31.46.0-255,66,273413,44,324363
2248,0.073947,74.125.24.0-255,1484,274897,44,324363
2249,0.073978,74.125.24.0-255,4320,279217,44,324363
2250,0.073983,172.31.46.0-255,66,279283,44,324363
2251,0.075967,74.125.24.0-255,5738,285021,44,324363
2252,0.075973,172.31.46.0-255,66,285087,44,324363
2253,0.077966,74.125.24.0-255,5738,290825,44,324363
2254,0.077973,172.31.46.0-255,66,290891,44,324363
2255,0.079956,74.125.24.0-255,5738,296629,44,324363
2256,0.079962,172.31.46.0-255,66,296695,44,324363
2257,0.08195,74.125.24.0-255,4320,301015,44,324363
2258,0.081956,172.31.46.0-255,66,301081,44,324363
2259,0.081973,74.125.24.0-255,1484,302565,44,324363
2260,0.083943,74.125.24.0-255,4320,306885,44,324363
2261,0.083952,172.31.46.0-255,66,306951,44,324363
2262,0.085967,74.125.24.0-255,5738,312689,44,324363
2263,0.085973,172.31.46.0-255,66,312755,44,324363
2264,0.087965,74.125.24.0-255,5738,318493,44,324363
2265,0.087972,172.31.46.0-255,66,318559,44,324363
2266,0.089965,74.125.24.0-255,5738,324297,44,324363
2267,0.089971,172.31.46.0-255,66,324363,44,324363
2268,0.0,74.125.24.0-255,152,152,44,305101
2269,2e-05,172.31.46.0-255,66,218,44,305101
2270,2.6e-05,74.125.24.0-255,1484,1702,44,305101
2271,3e-05,172.31.46.0-255,66,1768,44,305101
2272,3.5e-05,74.125.24.0-255,2902,4670,44,305101
2273,3.8e-05,172.31.46.0-255,66,4736,44,305101
2274,4.5e-05,74.125.24.0-255,7156,11892,44,305101
2275,4.9e-05,172.31.46.0-255,66,11958,44,305101
2276,5.3e-05,74.125.24.0-255,2056,14014,44,305101
2277,5.5e-05,172.31.46.0-255,66,14080,44,305101
2278,0.000506,74.125.24.0-255,1484,15564,44,305101
2279,0.000512,172.31.46.0-255,66,15630,44,305101
2280,0.000521,74.125.24.0-255,2902,18532,44,305101
2281,0.000523,172.31.46.0-255,66,18598,44,305101
2282,0.00053,74.125.24.0-255,5738,24336,44,305101
2283,0.000532,172.31.46.0-255,66,24402,44,305101
2284,0.000566,74.125.24.0-255,5738,30140,44,305101
2285,0.000569,172.31.46.0-255,66,30206,44,305101
2286,0.000583,74.125.24.0-255,1125,31331,44,305101
2287,0.000586,172.31.46.0-255,66,31397,44,305101
2288,0.001033,74.125.24.0-255,1484,32881,44,305101
2289,0.00104,172.31.46.0-255,66,32947,44,305101
2290,0.001047,74.125.24.0-255,2902,35849,44,305101
2291,0.00105,172.31.46.0-255,66,35915,44,305101
2292,0.001057,74.125.24.0-255,5738,41653,44,305101
2293,0.001059,172.31.46.0-255,66,41719,44,305101
2294,0.001066,74.125.24.0-255,5738,47457,44,305101
2295,0.001069,172.31.46.0-255,66,47523,44,305101
2296,0.001091,74.125.24.0-255,1125,48648,44,305101
2297,0.001093,172.31.46.0-255,66,48714,44,305101
2298,0.001099,74.125.24.0-255,4320,53034,44,305101
2299,0.001102,172.31.46.0-255,66,53100,44,305101
2300,0.001133,172.31.46.0-255,66,53166,44,305101
2301,0.001136,74.125.24.0-255,1484,54650,44,305101
2302,0.001169,74.125.24.0-255,1125,55775,44,305101
2303,0.001172,172.31.46.0-255,66,55841,44,305101
2304,0.00119,74.125.24.0-255,399,56240,44,305101
2305,0.001569,74.125.24.0-255,343,56583,44,305101
2306,0.001708,74.125.24.0-255,1484,58067,44,305101
2307,0.001713,172.31.46.0-255,66,58133,44,305101
2308,0.001719,74.125.24.0-255,2902,61035,44,305101
2309,0.001722,172.31.46.0-255,66,61101,44,305101
2310,0.001765,74.125.24.0-255,5738,66839,44,305101
2311,0.001768,172.31.46.0-255,66,66905,44,305101
2312,0.00178,172.31.46.0-255,66,66971,44,305101
2313,0.001795,74.125.24.0-255,3961,70932,44,305101
2314,0.001797,172.31.46.0-255,66,70998,44,305101
2315,0.001804,74.125.24.0-255,7156,78154,44,305101
2316,0.001806,172.31.46.0-255,66,78220,44,305101
2317,0.001829,74.125.24.0-255,2543,80763,44,305101
2318,0.001831,172.31.46.0-255,66,80829,44,305101
2319,0.004141,74.125.24.0-255,2902,83731,44,305101
2320,0.004148,172.31.46.0-255,66,83797,44,305101
2321,0.004196,74.125.24.0-255,2902,86699,44,305101
2322,0.004199,172.31.46.0-255,66,86765,44,305101
2323,0.006461,74.125.24.0-255,2902,89667,44,305101
2324,0.006469,172.31.46.0-255,66,89733,44,305101
2325,0.006548,74.125.24.0-255,2902,92635,44,305101
2326,0.006553,172.31.46.0-255,66,92701,44,305101
2327,0.008779,74.125.24.0-255,2902,95603,44,305101
2328,0.008787,172.31.46.0-255,66,95669,44,305101
2329,0.008907,74.125.24.0-255,2902,98571,44,305101
2330,0.008912,172.31.46.0-255,66,98637,44,305101
2331,0.011105,74.125.24.0-255,2902,101539,44,305101
2332,0.011112,172.31.46.0-255,66,101605,44,305101
2333,0.011285,74.125.24.0-255,2902,104507,44,305101
2334,0.01129,172.31.46.0-255,66,104573,44,305101
2335,0.013465,74.125.24.0-255,2902,107475,44,305101
2336,0.013488,172.31.46.0-255,66,107541,44,305101
2337,0.013625,74.125.24.0-255,2902,110443,44,305101
2338,0.013629,172.31.46.0-255,66,110509,44,305101
2339,0.01586,74.125.24.0-255,2902,113411,44,305101
2340,0.015868,172.31.46.0-255,66,113477,44,305101
2341,0.015923,74.125.24.0-255,2902,116379,44,305101
2342,0.015926,172.31.46.0-255,66,116445,44,305101
2343,0.018186,74.125.24.0-255,2902,119347,44,305101
2344,0.018194,172.31.46.0-255,66,119413,44,305101
2345,0.018227,74.125.24.0-255,2902,122315,44,305101
2346,0.018229,172.31.46.0-255,66,122381,44,305101
2347,0.020498,74.125.24.0-255,2902,125283,44,305101
2348,0.020505,172.31.46.0-255,66,125349,44,305101
2349,0.020536,74.125.24.0-255,2902,128251,44,305101
2350,0.020539,172.31.46.0-255,66,128317,44,305101
2351,0.022852,74.125.24.0-255,5738,134055,44,305101
2352,0.022859,172.31.46.0-255,66,134121,44,305101
2353,0.02293,172.31.46.0-255,172,134293,44,305101
2354,0.022957,172.31.46.0-255,1114,135407,44,305101
2355,0.023021,172.31.46.0-255,1514,136921,44,305101
2356,0.023023,172.31.46.0-255,1514,138435,44,305101
2357,0.023024,172.31.46.0-255,1514,139949,44,305101
2358,0.023025,172.31.46.0-255,1514,141463,44,305101
2359,0.023026,172.31.46.0-255,556,142019,44,305101
2360,0.024496,104.244.42.0-255,66,142085,44,305101
2361,0.024582,104.244.42.0-255,66,142151,44,305101
2362,0.024599,104.244.42.0-255,66,142217,44,305101
2363,0.024609,104.244.42.0-255,66,142283,44,305101
2364,0.025226,74.125.24.0-255,5738,148021,44,305101
2365,0.025231,172.31.46.0-255,66,148087,44,305101
2366,0.025237,104.244.42.0-255,108,148195,44,305101
2367,0.02524,172.31.46.0-255,66,148261,44,305101
2368,0.02756,74.125.24.0-255,5738,153999,44,305101
2369,0.027567,172.31.46.0-255,66,154065,44,305101
2370,0.02994,74.125.24.0-255,2902,156967,44,305101
2371,0.029946,172.31.46.0-255,66,157033,44,305101
2372,0.029966,74.125.24.0-255,2902,159935,44,305101
2373,0.029968,172.31.46.0-255,66,160001,44,305101
2374,0.032303,74.125.24.0-255,5738,165739,44,305101
2375,0.032309,172.31.46.0-255,66,165805,44,305101
2376,0.034655,74.125.24.0-255,5738,171543,44,305101
2377,0.034662,172.31.46.0-255,66,171609,44,305101
2378,0.036999,74.125.24.0-255,5738,177347,44,305101
2379,0.037007,172.31.46.0-255,66,177413,44,305101
2380,0.039335,74.125.24.0-255,5738,183151,44,305101
2381,0.039343,172.31.46.0-255,66,183217,44,305101
2382,0.041684,74.125.24.0-255,5738,188955,44,305101
2383,0.04169,172.31.46.0-255,66,189021,44,305101
2384,0.044038,74.125.24.0-255,5738,194759,44,305101
2385,0.044045,172.31.46.0-255,66,194825,44,305101
2386,0.046429,74.125.24.0-255,5738,200563,44,305101
2387,0.046437,172.31.46.0-255,66,200629,44,305101
2388,0.048775,74.125.24.0-255,5738,206367,44,305101
2389,0.04878,172.31.46.0-255,66,206433,44,305101
2390,0.051154,74.125.24.0-255,5738,212171,44,305101
2391,0.051159,172.31.46.0-255,66,212237,44,305101
2392,0.053493,74.125.24.0-255,5738,217975,44,305101
2393,0.053505,172.31.46.0-255,66,218041,44,305101
2394,0.055862,74.125.24.0-255,5738,223779,44,305101
2395,0.055869,172.31.46.0-255,66,223845,44,305101
2396,0.058238,74.125.24.0-255,5738,229583,44,305101
2397,0.058245,172.31.46.0-255,66,229649,44,305101
2398,0.060572,74.125.24.0-255,5738,235387,44,305101
2399,0.060578,172.31.46.0-255,66,235453,44,305101
2400,0.062906,74.125.24.0-255,5738,241191,44,305101
2401,0.062911,172.31.46.0-255,66,241257,44,305101
2402,0.065313,74.125.24.0-255,5738,246995,44,305101
2403,0.065319,172.31.46.0-255,66,247061,44,305101
2404,0.067656,74.125.24.0-255,5738,252799,44,305101
2405,0.067667,172.31.46.0-255,66,252865,44,305101
2406,0.069997,74.125.24.0-255,5738,258603,44,305101
2407,0.070005,172.31.46.0-255,66,258669,44,305101
2408,0.072348,74.125.24.0-255,5738,264407,44,305101
2409,0.072358,172.31.46.0-255,66,264473,44,305101
2410,0.074695,74.125.24.0-255,5738,270211,44,305101
2411,0.074702,172.31.46.0-255,66,270277,44,305101
2412,0.077033,74.125.24.0-255,5738,276015,44,305101
2413,0.077041,172.31.46.0-255,66,276081,44,305101
2414,0.079388,74.125.24.0-255,5738,281819,44,305101
2415,0.079394,172.31.46.0-255,66,281885,44,305101
2416,0.081947,74.125.24.0-255,5738,287623,44,305101
2417,0.081953,172.31.46.0-255,66,287689,44,305101
2418,0.084285,74.125.24.0-255,5738,293427,44,305101
2419,0.084293,172.31.46.0-255,66,293493,44,305101
2420,0.086673,74.125.24.0-255,5738,299231,44,305101
2421,0.086681,172.31.46.0-255,66,299297,44,305101
2422,0.089041,74.125.24.0-255,5738,305035,44,305101
2423,0.089048,172.31.46.0-255,66,305101,44,305101
2424,0.0,172.217.194.0-255,153,153,44,312262
2425,1.4e-05,172.31.46.0-255,66,219,44,312262
2426,2e-05,172.217.194.0-255,1484,1703,44,312262
2427,2.4e-05,172.31.46.0-255,66,1769,44,312262
2428,2.9e-05,172.217.194.0-255,2902,4671,44,312262
2429,3.1e-05,172.31.46.0-255,66,4737,44,312262
2430,6e-05,172.217.194.0-255,4320,9057,44,312262
2431,6.2e-05,172.31.46.0-255,66,9123,44,312262
2432,6.6e-05,172.217.194.0-255,1484,10607,44,312262
2433,6.7e-05,172.31.46.0-255,66,10673,44,312262
2434,9.4e-05,172.31.46.0-255,66,10739,44,312262
2435,0.000137,172.217.194.0-255,4320,15059,44,312262
2436,0.000139,172.31.46.0-255,66,15125,44,312262
2437,0.000154,172.217.194.0-255,5379,20504,44,312262
2438,0.000157,172.31.46.0-255,66,20570,44,312262
2439,0.0002,172.217.194.0-255,2902,23472,44,312262
2440,0.000203,172.31.46.0-255,66,23538,44,312262
2441,0.000208,172.217.194.0-255,4320,27858,44,312262
2442,0.00021,172.31.46.0-255,66,27924,44,312262
2443,0.000244,172.31.46.0-255,66,27990,44,312262
2444,0.000246,172.217.194.0-255,1125,29115,44,312262
2445,0.000248,172.31.46.0-255,66,29181,44,312262
2446,0.000324,172.217.194.0-255,1484,30665,44,312262
2447,0.000327,172.31.46.0-255,66,30731,44,312262
2448,0.000347,172.217.194.0-255,2902,33633,44,312262
2449,0.000349,172.31.46.0-255,66,33699,44,312262
2450,0.000371,172.217.194.0-255,5738,39437,44,312262
2451,0.000373,172.31.46.0-255,66,39503,44,312262
2452,0.000398,172.217.194.0-255,1484,40987,44,312262
2453,0.000401,172.31.46.0-255,66,41053,44,312262
2454,0.000414,172.217.194.0-255,5674,46727,44,312262
2455,0.000435,172.31.46.0-255,66,46793,44,312262
2456,0.001183,172.217.194.0-255,382,47175,44,312262
2457,0.001191,172.217.194.0-255,1484,48659,44,312262
2458,0.001195,172.31.46.0-255,66,48725,44,312262
2459,0.001279,172.217.194.0-255,1484,50209,44,312262
2460,0.001285,172.217.194.0-255,4320,54529,44,312262
2461,0.001318,172.31.46.0-255,66,54595,44,312262
2462,0.001642,172.217.194.0-255,1484,56079,44,312262
2463,0.001651,172.217.194.0-255,2902,58981,44,312262
2464,0.001655,172.31.46.0-255,66,59047,44,312262
2465,0.001663,172.217.194.0-255,5738,64785,44,312262
2466,0.001689,172.217.194.0-255,7156,71941,44,312262
2467,0.001709,172.217.194.0-255,4320,76261,44,312262
2468,0.001714,172.31.46.0-255,66,76327,44,312262
2469,0.001726,172.217.194.0-255,2902,79229,44,312262
2470,0.001746,172.217.194.0-255,7156,86385,44,312262
2471,0.001762,172.217.194.0-255,2184,88569,44,312262
2472,0.001772,172.31.46.0-255,66,88635,44,312262
2473,0.002327,172.217.194.0-255,1484,90119,44,312262
2474,0.002336,172.217.194.0-255,2902,93021,44,312262
2475,0.00234,172.31.46.0-255,66,93087,44,312262
2476,0.002348,172.217.194.0-255,5738,98825,44,312262
2477,0.002363,172.217.194.0-255,2902,101727,44,312262
2478,0.002401,172.217.194.0-255,7156,108883,44,312262
2479,0.002417,172.217.194.0-255,3602,112485,44,312262
2480,0.002947,172.31.46.0-255,66,112551,44,312262
2481,0.005535,172.217.194.0-255,5738,118289,44,312262
2482,0.005539,172.31.46.0-255,66,118355,44,312262
2483,0.008166,172.217.194.0-255,5738,124093,44,312262
2484,0.008174,172.31.46.0-255,66,124159,44,312262
2485,0.010763,172.217.194.0-255,5738,129897,44,312262
2486,0.011595,172.31.46.0-255,66,129963,44,312262
2487,0.014183,172.217.194.0-255,5738,135701,44,312262
2488,0.014194,172.31.46.0-255,66,135767,44,312262
2489,0.016781,172.217.194.0-255,5738,141505,44,312262
2490,0.016789,172.31.46.0-255,66,141571,44,312262
2491,0.019403,172.217.194.0-255,5738,147309,44,312262
2492,0.01941,172.31.46.0-255,66,147375,44,312262
2493,0.021988,172.217.194.0-255,5738,153113,44,312262
2494,0.021997,172.31.46.0-255,66,153179,44,312262
2495,0.024594,172.217.194.0-255,5738,158917,44,312262
2496,0.024601,172.31.46.0-255,66,158983,44,312262
2497,0.027178,172.217.194.0-255,5738,164721,44,312262
2498,0.027185,172.31.46.0-255,66,164787,44,312262
2499,0.027822,172.31.46.0-255,172,164959,44,312262
2500,0.027854,172.31.46.0-255,1114,166073,44,312262
2501,0.027919,172.31.46.0-255,1514,167587,44,312262
2502,0.027921,172.31.46.0-255,1514,169101,44,312262
2503,0.027922,172.31.46.0-255,1514,170615,44,312262
2504,0.027923,172.31.46.0-255,1514,172129,44,312262
2505,0.027951,172.31.46.0-255,1514,173643,44,312262
2506,0.027952,172.31.46.0-255,70,173713,44,312262
2507,0.029395,104.244.42.0-255,66,173779,44,312262
2508,0.029402,104.244.42.0-255,66,173845,44,312262
2509,0.029512,104.244.42.0-255,66,173911,44,312262
2510,0.029517,104.244.42.0-255,66,173977,44,312262
2511,0.029762,172.217.194.0-255,5738,179715,44,312262
2512,0.029768,172.31.46.0-255,66,179781,44,312262
2513,0.030227,104.244.42.0-255,108,179889,44,312262
2514,0.030235,172.31.46.0-255,66,179955,44,312262
2515,0.032383,172.217.194.0-255,5738,185693,44,312262
2516,0.032389,172.31.46.0-255,66,185759,44,312262
2517,0.034989,172.217.194.0-255,5738,191497,44,312262
2518,0.034995,172.31.46.0-255,66,191563,44,312262
2519,0.037681,172.217.194.0-255,5738,197301,44,312262
2520,0.037687,172.31.46.0-255,66,197367,44,312262
2521,0.040273,172.217.194.0-255,5738,203105,44,312262
2522,0.040279,172.31.46.0-255,66,203171,44,312262
2523,0.042884,172.217.194.0-255,5738,208909,44,312262
2524,0.042891,172.31.46.0-255,66,208975,44,312262
2525,0.045513,172.217.194.0-255,5738,214713,44,312262
2526,0.045519,172.31.46.0-255,66,214779,44,312262
2527,0.048119,172.217.194.0-255,5738,220517,44,312262
2528,0.048127,172.31.46.0-255,66,220583,44,312262
2529,0.050718,172.217.194.0-255,5738,226321,44,312262
2530,0.050726,172.31.46.0-255,66,226387,44,312262
2531,0.053324,172.217.194.0-255,5738,232125,44,312262
2532,0.05333,172.31.46.0-255,66,232191,44,312262
2533,0.055928,172.217.194.0-255,5738,237929,44,312262
2534,0.055934,172.31.46.0-255,66,237995,44,312262
2535,0.058522,172.217.194.0-255,5738,243733,44,312262
2536,0.058528,172.31.46.0-255,66,243799,44,312262
2537,0.061169,172.217.194.0-255,5738,249537,44,312262
2538,0.061174,172.31.46.0-255,66,249603,44,312262
2539,0.063785,172.217.194.0-255,5738,255341,44,312262
2540,0.06379,172.31.46.0-255,66,255407,44,312262
2541,0.06638,172.217.194.0-255,5738,261145,44,312262
2542,0.066386,172.31.46.0-255,66,261211,44,312262
2543,0.066485,172.31.46.0-255,101,261312,44,312262
2544,0.068979,172.217.194.0-255,5738,267050,44,312262
2545,0.068985,172.31.46.0-255,66,267116,44,312262
2546,0.069073,172.217.194.0-255,66,267182,44,312262
2547,0.071615,172.217.194.0-255,5738,272920,44,312262
2548,0.071621,172.31.46.0-255,66,272986,44,312262
2549,0.074234,172.217.194.0-255,5738,278724,44,312262
2550,0.074239,172.31.46.0-255,66,278790,44,312262
2551,0.076914,172.217.194.0-255,5738,284528,44,312262
2552,0.076921,172.31.46.0-255,66,284594,44,312262
2553,0.079494,172.217.194.0-255,5738,290332,44,312262
2554,0.0795,172.31.46.0-255,66,290398,44,312262
2555,0.082119,172.217.194.0-255,5738,296136,44,312262
2556,0.082126,172.31.46.0-255,66,296202,44,312262
2557,0.084735,172.217.194.0-255,4320,300522,44,312262
2558,0.08474,172.31.46.0-255,66,300588,44,312262
2559,0.084759,172.217.194.0-255,1484,302072,44,312262
2560,0.087352,172.217.194.0-255,4320,306392,44,312262
2561,0.087359,172.31.46.0-255,66,306458,44,312262
2562,0.089939,172.217.194.0-255,5738,312196,44,312262
2563,0.089982,172.31.46.0-255,66,312262,44,312262
2564,0.0,74.125.24.0-255,152,152,44,303063
2565,2.2e-05,172.31.46.0-255,66,218,44,303063
2566,2.9e-05,74.125.24.0-255,1484,1702,44,303063
2567,3.3e-05,172.31.46.0-255,66,1768,44,303063
2568,3.9e-05,74.125.24.0-255,2902,4670,44,303063
2569,4.2e-05,172.31.46.0-255,66,4736,44,303063
2570,6.4e-05,74.125.24.0-255,2902,7638,44,303063
2571,6.6e-05,172.31.46.0-255,66,7704,44,303063
2572,9.2e-05,74.125.24.0-255,4320,12024,44,303063
2573,9.5e-05,172.31.46.0-255,66,12090,44,303063
2574,9.9e-05,74.125.24.0-255,1940,14030,44,303063
2575,0.000102,172.31.46.0-255,66,14096,44,303063
2576,0.000142,74.125.24.0-255,1484,15580,44,303063
2577,0.000144,172.31.46.0-255,66,15646,44,303063
2578,0.000175,74.125.24.0-255,2902,18548,44,303063
2579,0.000178,172.31.46.0-255,66,18614,44,303063
2580,0.000185,74.125.24.0-255,5738,24352,44,303063
2581,0.000187,172.31.46.0-255,66,24418,44,303063
2582,0.000205,74.125.24.0-255,4320,28738,44,303063
2583,0.000208,172.31.46.0-255,66,28804,44,303063
2584,0.000238,74.125.24.0-255,2543,31347,44,303063
2585,0.000241,172.31.46.0-255,66,31413,44,303063
2586,0.000294,74.125.24.0-255,1484,32897,44,303063
2587,0.000297,172.31.46.0-255,66,32963,44,303063
2588,0.00031,74.125.24.0-255,2902,35865,44,303063
2589,0.000313,172.31.46.0-255,66,35931,44,303063
2590,0.000319,74.125.24.0-255,4320,40251,44,303063
2591,0.000322,172.31.46.0-255,66,40317,44,303063
2592,0.000345,74.125.24.0-255,1484,41801,44,303063
2593,0.000348,172.31.46.0-255,66,41867,44,303063
2594,0.000355,74.125.24.0-255,6797,48664,44,303063
2595,0.000358,172.31.46.0-255,66,48730,44,303063
2596,0.000364,74.125.24.0-255,5738,54468,44,303063
2597,0.000396,74.125.24.0-255,2875,57343,44,303063
2598,0.000413,74.125.24.0-255,377,57720,44,303063
2599,0.00051,172.31.46.0-255,66,57786,44,303063
2600,0.000755,74.125.24.0-255,1484,59270,44,303063
2601,0.00076,74.125.24.0-255,1484,60754,44,303063
2602,0.000763,172.31.46.0-255,66,60820,44,303063
2603,0.000786,74.125.24.0-255,1484,62304,44,303063
2604,0.000793,74.125.24.0-255,5738,68042,44,303063
2605,0.000799,74.125.24.0-255,5738,73780,44,303063
2606,0.000818,74.125.24.0-255,4320,78100,44,303063
2607,0.000827,172.31.46.0-255,66,78166,44,303063
2608,0.000841,74.125.24.0-255,7156,85322,44,303063
2609,0.000853,74.125.24.0-255,1484,86806,44,303063
2610,0.00086,74.125.24.0-255,5020,91826,44,303063
2611,0.00088,172.31.46.0-255,66,91892,44,303063
2612,0.001388,74.125.24.0-255,1484,93376,44,303063
2613,0.001408,74.125.24.0-255,2902,96278,44,303063
2614,0.001411,172.31.46.0-255,66,96344,44,303063
2615,0.001418,74.125.24.0-255,5738,102082,44,303063
2616,0.00142,172.31.46.0-255,66,102148,44,303063
2617,0.001442,74.125.24.0-255,2902,105050,44,303063
2618,0.001445,172.31.46.0-255,66,105116,44,303063
2619,0.00148,172.31.46.0-255,66,105182,44,303063
2620,0.001485,74.125.24.0-255,5738,110920,44,303063
2621,0.001488,172.31.46.0-255,66,110986,44,303063
2622,0.001535,74.125.24.0-255,5020,116006,44,303063
2623,0.001558,172.31.46.0-255,66,116072,44,303063
2624,0.001729,74.125.24.0-255,1484,117556,44,303063
2625,0.001785,74.125.24.0-255,2902,120458,44,303063
2626,0.001789,172.31.46.0-255,66,120524,44,303063
2627,0.001796,74.125.24.0-255,5738,126262,44,303063
2628,0.001799,172.31.46.0-255,66,126328,44,303063
2629,0.001816,74.125.24.0-255,5738,132066,44,303063
2630,0.001831,74.125.24.0-255,2902,134968,44,303063
2631,0.001855,74.125.24.0-255,2184,137152,44,303063
2632,0.001918,74.125.24.0-255,1484,138636,44,303063
2633,0.001936,74.125.24.0-255,2902,141538,44,303063
2634,0.001942,74.125.24.0-255,5738,147276,44,303063
2635,0.001947,74.125.24.0-255,2902,150178,44,303063
2636,0.001968,74.125.24.0-255,4320,154498,44,303063
2637,0.001971,74.125.24.0-255,1484,155982,44,303063
2638,0.001997,74.125.24.0-255,2184,158166,44,303063
2639,0.002032,74.125.24.0-255,2902,161068,44,303063
2640,0.002057,74.125.24.0-255,7156,168224,44,303063
2641,0.002062,74.125.24.0-255,4320,172544,44,303063
2642,0.002077,74.125.24.0-255,4320,176864,44,303063
2643,0.002103,74.125.24.0-255,1484,178348,44,303063
2644,0.002124,74.125.24.0-255,5020,183368,44,303063
2645,0.002145,74.125.24.0-255,4320,187688,44,303063
2646,0.002163,74.125.24.0-255,2902,190590,44,303063
2647,0.002168,74.125.24.0-255,4320,194910,44,303063
2648,0.00229,74.125.24.0-255,1484,196394,44,303063
2649,0.002305,74.125.24.0-255,2902,199296,44,303063
2650,0.002317,74.125.24.0-255,2902,202198,44,303063
2651,0.002329,74.125.24.0-255,2902,205100,44,303063
2652,0.002382,74.125.24.0-255,2902,208002,44,303063
2653,0.002386,74.125.24.0-255,4320,212322,44,303063
2654,0.002436,74.125.24.0-255,6438,218760,44,303063
2655,0.002525,74.125.24.0-255,1484,220244,44,303063
2656,0.002543,74.125.24.0-255,2902,223146,44,303063
2657,0.002548,74.125.24.0-255,4320,227466,44,303063
2658,0.002558,74.125.24.0-255,1484,228950,44,303063
2659,0.002565,74.125.24.0-255,7156,236106,44,303063
2660,0.002627,74.125.24.0-255,2184,238290,44,303063
2661,0.00431,172.31.46.0-255,66,238356,44,303063
2662,0.006932,74.125.24.0-255,5738,244094,44,303063
2663,0.006939,172.31.46.0-255,66,244160,44,303063
2664,0.009529,74.125.24.0-255,5738,249898,44,303063
2665,0.009536,172.31.46.0-255,66,249964,44,303063
2666,0.012159,74.125.24.0-255,5738,255702,44,303063
2667,0.012167,172.31.46.0-255,66,255768,44,303063
2668,0.014767,74.125.24.0-255,5738,261506,44,303063
2669,0.014776,172.31.46.0-255,66,261572,44,303063
2670,0.017383,74.125.24.0-255,5738,267310,44,303063
2671,0.017393,172.31.46.0-255,66,267376,44,303063
2672,0.019994,74.125.24.0-255,5738,273114,44,303063
2673,0.020004,172.31.46.0-255,66,273180,44,303063
2674,0.022591,74.125.24.0-255,5738,278918,44,303063
2675,0.022599,172.31.46.0-255,66,278984,44,303063
2676,0.025199,74.125.24.0-255,5738,284722,44,303063
2677,0.025209,172.31.46.0-255,66,284788,44,303063
2678,0.027814,74.125.24.0-255,5738,290526,44,303063
2679,0.027822,172.31.46.0-255,66,290592,44,303063
2680,0.030402,74.125.24.0-255,2870,293462,44,303063
2681,0.030411,172.31.46.0-255,66,293528,44,303063
2682,0.03062,172.31.46.0-255,105,293633,44,303063
2683,0.033185,74.125.24.0-255,66,293699,44,303063
2684,0.040859,172.31.46.0-255,172,293871,44,303063
2685,0.040911,172.31.46.0-255,1113,294984,44,303063
2686,0.040983,172.31.46.0-255,1514,296498,44,303063
2687,0.040985,172.31.46.0-255,1514,298012,44,303063
2688,0.040991,172.31.46.0-255,1514,299526,44,303063
2689,0.040993,172.31.46.0-255,1514,301040,44,303063
2690,0.041011,172.31.46.0-255,1514,302554,44,303063
2691,0.041017,172.31.46.0-255,71,302625,44,303063
2692,0.042364,104.244.42.0-255,66,302691,44,303063
2693,0.04243,104.244.42.0-255,66,302757,44,303063
2694,0.042545,104.244.42.0-255,66,302823,44,303063
2695,0.042552,104.244.42.0-255,66,302889,44,303063
2696,0.043104,104.244.42.0-255,108,302997,44,303063
2697,0.043114,172.31.46.0-255,66,303063,44,303063
2698,0.0,172.217.194.0-255,148,148,44,214481
2699,1.4e-05,172.31.46.0-255,66,214,44,214481
2700,2.1e-05,172.217.194.0-255,1484,1698,44,214481
2701,2.5e-05,172.31.46.0-255,66,1764,44,214481
2702,3.1e-05,172.217.194.0-255,2902,4666,44,214481
2703,3.5e-05,172.31.46.0-255,66,4732,44,214481
2704,4.2e-05,172.217.194.0-255,5738,10470,44,214481
2705,4.6e-05,172.31.46.0-255,66,10536,44,214481
2706,7.4e-05,172.217.194.0-255,3422,13958,44,214481
2707,7.7e-05,172.31.46.0-255,66,14024,44,214481
2708,0.000146,172.217.194.0-255,1484,15508,44,214481
2709,0.00015,172.31.46.0-255,66,15574,44,214481
2710,0.00017,172.217.194.0-255,2902,18476,44,214481
2711,0.000172,172.31.46.0-255,66,18542,44,214481
2712,0.000201,172.217.194.0-255,4320,22862,44,214481
2713,0.000204,172.31.46.0-255,66,22928,44,214481
2714,0.000226,172.217.194.0-255,5738,28666,44,214481
2715,0.000229,172.31.46.0-255,66,28732,44,214481
2716,0.000245,172.217.194.0-255,2543,31275,44,214481
2717,0.000248,172.31.46.0-255,66,31341,44,214481
2718,0.000276,172.217.194.0-255,2902,34243,44,214481
2719,0.000279,172.31.46.0-255,66,34309,44,214481
2720,0.000298,172.217.194.0-255,4320,38629,44,214481
2721,0.000301,172.31.46.0-255,66,38695,44,214481
2722,0.000322,172.217.194.0-255,2902,41597,44,214481
2723,0.000324,172.31.46.0-255,66,41663,44,214481
2724,0.000353,172.217.194.0-255,2902,44565,44,214481
2725,0.000355,172.31.46.0-255,66,44631,44,214481
2726,0.000374,172.217.194.0-255,3961,48592,44,214481
2727,0.000377,172.31.46.0-255,66,48658,44,214481
2728,0.000409,172.217.194.0-255,1484,50142,44,214481
2729,0.000411,172.31.46.0-255,66,50208,44,214481
2730,0.000416,172.217.194.0-255,2902,53110,44,214481
2731,0.000419,172.31.46.0-255,66,53176,44,214481
2732,0.000422,172.217.194.0-255,1484,54660,44,214481
2733,0.00044,172.217.194.0-255,4320,58980,44,214481
2734,0.000443,172.31.46.0-255,66,59046,44,214481
2735,0.000474,172.217.194.0-255,5738,64784,44,214481
2736,0.000477,172.31.46.0-255,66,64850,44,214481
2737,0.000494,172.217.194.0-255,1438,66288,44,214481
2738,0.000526,172.217.194.0-255,363,66651,44,214481
2739,0.000528,172.31.46.0-255,66,66717,44,214481
2740,0.000572,172.217.194.0-255,1484,68201,44,214481
2741,0.000589,172.217.194.0-255,4320,72521,44,214481
2742,0.000592,172.31.46.0-255,66,72587,44,214481
2743,0.000615,172.217.194.0-255,5738,78325,44,214481
2744,0.000618,172.31.46.0-255,66,78391,44,214481
2745,0.000644,172.217.194.0-255,2902,81293,44,214481
2746,0.000646,172.31.46.0-255,66,81359,44,214481
2747,0.000677,172.31.46.0-255,66,81425,44,214481
2748,0.000689,172.31.46.0-255,66,81491,44,214481
2749,0.000966,172.217.194.0-255,1484,82975,44,214481
2750,0.000973,172.217.194.0-255,2902,85877,44,214481
2751,0.000976,172.31.46.0-255,66,85943,44,214481
2752,0.000983,172.217.194.0-255,5738,91681,44,214481
2753,0.000985,172.31.46.0-255,66,91747,44,214481
2754,0.001008,172.217.194.0-255,1484,93231,44,214481
2755,0.001037,172.31.46.0-255,66,93297,44,214481
2756,0.00106,172.217.194.0-255,7156,100453,44,214481
2757,0.001063,172.31.46.0-255,66,100519,44,214481
2758,0.001098,172.31.46.0-255,66,100585,44,214481
2759,0.001112,172.31.46.0-255,66,100651,44,214481
2760,0.001133,172.217.194.0-255,1484,102135,44,214481
2761,0.001163,172.31.46.0-255,66,102201,44,214481
2762,0.00123,172.217.194.0-255,1484,103685,44,214481
2763,0.001248,172.217.194.0-255,2902,106587,44,214481
2764,0.001253,172.217.194.0-255,4320,110907,44,214481
2765,0.001258,172.31.46.0-255,66,110973,44,214481
2766,0.001262,172.31.46.0-255,66,111039,44,214481
2767,0.001269,172.217.194.0-255,1484,112523,44,214481
2768,0.001298,172.31.46.0-255,66,112589,44,214481
2769,0.001311,172.217.194.0-255,1484,114073,44,214481
2770,0.001325,172.217.194.0-255,2902,116975,44,214481
2771,0.00133,172.31.46.0-255,66,117041,44,214481
2772,0.001353,172.31.46.0-255,66,117107,44,214481
2773,0.001385,172.217.194.0-255,1484,118591,44,214481
2774,0.001405,172.217.194.0-255,2902,121493,44,214481
2775,0.001407,172.31.46.0-255,66,121559,44,214481
2776,0.001414,172.217.194.0-255,5738,127297,44,214481
2777,0.001417,172.31.46.0-255,66,127363,44,214481
2778,0.00142,172.217.194.0-255,1484,128847,44,214481
2779,0.00144,172.217.194.0-255,1484,130331,44,214481
2780,0.001443,172.31.46.0-255,66,130397,44,214481
2781,0.001451,172.217.194.0-255,7156,137553,44,214481
2782,0.001453,172.31.46.0-255,66,137619,44,214481
2783,0.001476,172.217.194.0-255,2902,140521,44,214481
2784,0.001479,172.31.46.0-255,66,140587,44,214481
2785,0.00149,172.31.46.0-255,66,140653,44,214481
2786,0.001503,172.217.194.0-255,2184,142837,44,214481
2787,0.001507,172.31.46.0-255,66,142903,44,214481
2788,0.001538,172.217.194.0-255,2902,145805,44,214481
2789,0.001541,172.31.46.0-255,66,145871,44,214481
2790,0.001561,172.217.194.0-255,4320,150191,44,214481
2791,0.001564,172.31.46.0-255,66,150257,44,214481
2792,0.001594,172.217.194.0-255,4320,154577,44,214481
2793,0.001623,172.31.46.0-255,66,154643,44,214481
2794,0.001632,172.31.46.0-255,66,154709,44,214481
2795,0.001635,172.31.46.0-255,66,154775,44,214481
2796,0.001638,172.217.194.0-255,1484,156259,44,214481
2797,0.001643,172.217.194.0-255,2902,159161,44,214481
2798,0.001645,172.31.46.0-255,66,159227,44,214481
2799,0.001651,172.217.194.0-255,4320,163547,44,214481
2800,0.001653,172.31.46.0-255,66,163613,44,214481
2801,0.001672,172.217.194.0-255,1484,165097,44,214481
2802,0.001722,172.31.46.0-255,66,165163,44,214481
2803,0.001746,172.217.194.0-255,1484,166647,44,214481
2804,0.001754,172.217.194.0-255,7156,173803,44,214481
2805,0.001757,172.31.46.0-255,66,173869,44,214481
2806,0.001762,172.217.194.0-255,3602,177471,44,214481
2807,0.001764,172.31.46.0-255,66,177537,44,214481
2808,0.001781,172.217.194.0-255,2902,180439,44,214481
2809,0.001784,172.31.46.0-255,66,180505,44,214481
2810,0.0018,172.217.194.0-255,1484,181989,44,214481
2811,0.001808,172.217.194.0-255,5738,187727,44,214481
2812,0.001811,172.31.46.0-255,66,187793,44,214481
2813,0.001822,172.31.46.0-255,66,187859,44,214481
2814,0.00184,172.217.194.0-255,1484,189343,44,214481
2815,0.001848,172.217.194.0-255,7156,196499,44,214481
2816,0.00185,172.31.46.0-255,66,196565,44,214481
2817,0.00187,172.217.194.0-255,5020,201585,44,214481
2818,0.001873,172.31.46.0-255,66,201651,44,214481
2819,0.001891,172.217.194.0-255,2902,204553,44,214481
2820,0.001894,172.31.46.0-255,66,204619,44,214481
2821,0.001913,172.31.46.0-255,66,204685,44,214481
2822,0.001944,172.31.46.0-255,66,204751,44,214481
2823,0.001955,172.31.46.0-255,66,204817,44,214481
2824,0.002006,172.31.46.0-255,66,204883,44,214481
2825,0.002009,172.217.194.0-255,105,204988,44,214481
2826,0.009917,172.31.46.0-255,66,205054,44,214481
2827,0.009956,172.31.46.0-255,105,205159,44,214481
2828,0.012564,172.217.194.0-255,66,205225,44,214481
2829,0.037773,172.31.46.0-255,172,205397,44,214481
2830,0.037808,172.31.46.0-255,1114,206511,44,214481
2831,0.037875,172.31.46.0-255,1514,208025,44,214481
2832,0.037877,172.31.46.0-255,1514,209539,44,214481
2833,0.037883,172.31.46.0-255,1514,211053,44,214481
2834,0.037885,172.31.46.0-255,1514,212567,44,214481
2835,0.037902,172.31.46.0-255,1514,214081,44,214481
2836,0.037903,172.31.46.0-255,70,214151,44,214481
2837,0.039328,104.244.42.0-255,66,214217,44,214481
2838,0.039383,104.244.42.0-255,66,214283,44,214481
2839,0.039428,104.244.42.0-255,66,214349,44,214481
2840,0.039465,104.244.42.0-255,66,214415,44,214481
2841,0.039469,104.244.42.0-255,66,214481,44,214481
2842,0.0,172.217.160.0-255,152,152,44,305648
2843,2.1e-05,172.31.46.0-255,66,218,44,305648
2844,2.8e-05,172.217.160.0-255,1484,1702,44,305648
2845,3.3e-05,172.31.46.0-255,66,1768,44,305648
2846,5.8e-05,172.217.160.0-255,1484,3252,44,305648
2847,6.1e-05,172.31.46.0-255,66,3318,44,305648
2848,9.3e-05,172.217.160.0-255,1484,4802,44,305648
2849,9.6e-05,172.31.46.0-255,66,4868,44,305648
2850,0.000126,172.217.160.0-255,1484,6352,44,305648
2851,0.000128,172.31.46.0-255,66,6418,44,305648
2852,0.00017,172.217.160.0-255,1484,7902,44,305648
2853,0.000173,172.31.46.0-255,66,7968,44,305648
2854,0.000191,172.217.160.0-255,2902,10870,44,305648
2855,0.000193,172.31.46.0-255,66,10936,44,305648
2856,0.000211,172.217.160.0-255,1484,12420,44,305648
2857,0.000213,172.31.46.0-255,66,12486,44,305648
2858,0.000239,172.217.160.0-255,1484,13970,44,305648
2859,0.000241,172.31.46.0-255,66,14036,44,305648
2860,0.000244,172.217.160.0-255,559,14595,44,305648
2861,0.000246,172.31.46.0-255,66,14661,44,305648
2862,0.000273,172.217.160.0-255,1484,16145,44,305648
2863,0.000275,172.31.46.0-255,66,16211,44,305648
2864,0.000281,172.217.160.0-255,4320,20531,44,305648
2865,0.000284,172.31.46.0-255,66,20597,44,305648
2866,0.000331,172.31.46.0-255,66,20663,44,305648
2867,0.000351,172.217.160.0-255,2543,23206,44,305648
2868,0.000354,172.31.46.0-255,66,23272,44,305648
2869,0.000388,172.217.160.0-255,2902,26174,44,305648
2870,0.000391,172.31.46.0-255,66,26240,44,305648
2871,0.000394,172.217.160.0-255,1484,27724,44,305648
2872,0.000396,172.31.46.0-255,66,27790,44,305648
2873,0.000416,172.217.160.0-255,5738,33528,44,305648
2874,0.000419,172.31.46.0-255,66,33594,44,305648
2875,0.000436,172.217.160.0-255,1484,35078,44,305648
2876,0.000483,172.31.46.0-255,66,35144,44,305648
2877,0.000494,172.31.46.0-255,66,35210,44,305648
2878,0.000497,172.217.160.0-255,1371,36581,44,305648
2879,0.001092,172.31.46.0-255,66,36647,44,305648
2880,0.00114,172.217.160.0-255,124,36771,44,305648
2881,0.001184,172.31.46.0-255,66,36837,44,305648
2882,0.001283,172.217.160.0-255,1484,38321,44,305648
2883,0.001291,172.217.160.0-255,2902,41223,44,305648
2884,0.001295,172.31.46.0-255,66,41289,44,305648
2885,0.001303,172.217.160.0-255,4320,45609,44,305648
2886,0.001305,172.31.46.0-255,66,45675,44,305648
2887,0.001323,172.217.160.0-255,1484,47159,44,305648
2888,0.001329,172.217.160.0-255,5738,52897,44,305648
2889,0.001331,172.31.46.0-255,66,52963,44,305648
2890,0.001335,172.217.160.0-255,1484,54447,44,305648
2891,0.001367,172.31.46.0-255,66,54513,44,305648
2892,0.001373,172.217.160.0-255,3961,58474,44,305648
2893,0.001375,172.31.46.0-255,66,58540,44,305648
2894,0.001568,172.217.160.0-255,1484,60024,44,305648
2895,0.001576,172.217.160.0-255,2902,62926,44,305648
2896,0.001579,172.31.46.0-255,66,62992,44,305648
2897,0.001586,172.217.160.0-255,5738,68730,44,305648
2898,0.001588,172.31.46.0-255,66,68796,44,305648
2899,0.001595,172.217.160.0-255,5738,74534,44,305648
2900,0.001599,172.31.46.0-255,66,74600,44,305648
2901,0.001619,172.217.160.0-255,7156,81756,44,305648
2902,0.001621,172.31.46.0-255,66,81822,44,305648
2903,0.001629,172.217.160.0-255,5738,87560,44,305648
2904,0.001631,172.31.46.0-255,66,87626,44,305648
2905,0.001655,172.217.160.0-255,5020,92646,44,305648
2906,0.001659,172.31.46.0-255,66,92712,44,305648
2907,0.001672,172.31.46.0-255,66,92778,44,305648
2908,0.001683,172.31.46.0-255,66,92844,44,305648
2909,0.001702,172.217.160.0-255,2902,95746,44,305648
2910,0.001704,172.31.46.0-255,66,95812,44,305648
2911,0.001737,172.31.46.0-255,66,95878,44,305648
2912,0.001817,172.217.160.0-255,1484,97362,44,305648
2913,0.001824,172.217.160.0-255,2902,100264,44,305648
2914,0.001827,172.31.46.0-255,66,100330,44,305648
2915,0.001834,172.217.160.0-255,5738,106068,44,305648
2916,0.001837,172.31.46.0-255,66,106134,44,305648
2917,0.001886,172.31.46.0-255,66,106200,44,305648
2918,0.001898,172.31.46.0-255,66,106266,44,305648
2919,0.003788,172.217.160.0-255,5738,112004,44,305648
2920,0.003796,172.31.46.0-255,66,112070,44,305648
2921,0.005716,172.217.160.0-255,5738,117808,44,305648
2922,0.005723,172.31.46.0-255,66,117874,44,305648
2923,0.007636,172.217.160.0-255,5738,123612,44,305648
2924,0.007641,172.31.46.0-255,66,123678,44,305648
2925,0.009528,172.217.160.0-255,5738,129416,44,305648
2926,0.009534,172.31.46.0-255,66,129482,44,305648
2927,0.01143,172.217.160.0-255,5738,135220,44,305648
2928,0.011438,172.31.46.0-255,66,135286,44,305648
2929,0.013339,172.217.160.0-255,5738,141024,44,305648
2930,0.013347,172.31.46.0-255,66,141090,44,305648
2931,0.015247,172.217.160.0-255,5738,146828,44,305648
2932,0.015254,172.31.46.0-255,66,146894,44,305648
2933,0.017144,172.217.160.0-255,5738,152632,44,305648
2934,0.017152,172.31.46.0-255,66,152698,44,305648
2935,0.019053,172.217.160.0-255,5738,158436,44,305648
2936,0.019061,172.31.46.0-255,66,158502,44,305648
2937,0.020967,172.217.160.0-255,5738,164240,44,305648
2938,0.020975,172.31.46.0-255,66,164306,44,305648
2939,0.022872,172.217.160.0-255,5738,170044,44,305648
2940,0.022879,172.31.46.0-255,66,170110,44,305648
2941,0.024776,172.217.160.0-255,5738,175848,44,305648
2942,0.024783,172.31.46.0-255,66,175914,44,305648
2943,0.026688,172.217.160.0-255,5738,181652,44,305648
2944,0.026695,172.31.46.0-255,66,181718,44,305648
2945,0.028604,172.217.160.0-255,5738,187456,44,305648
2946,0.028611,172.31.46.0-255,66,187522,44,305648
2947,0.029524,172.31.46.0-255,172,187694,44,305648
2948,0.029557,172.31.46.0-255,1113,188807,44,305648
2949,0.029625,172.31.46.0-255,1514,190321,44,305648
2950,0.029627,172.31.46.0-255,1514,191835,44,305648
2951,0.029628,172.31.46.0-255,1514,193349,44,305648
2952,0.029629,172.31.46.0-255,1514,194863,44,305648
2953,0.02963,172.31.46.0-255,558,195421,44,305648
2954,0.030533,172.217.160.0-255,5738,201159,44,305648
2955,0.030541,172.31.46.0-255,66,201225,44,305648
2956,0.031243,104.244.42.0-255,66,201291,44,305648
2957,0.032451,172.217.160.0-255,5738,207029,44,305648
2958,0.032456,172.31.46.0-255,66,207095,44,305648
2959,0.034337,172.217.160.0-255,5738,212833,44,305648
2960,0.034344,172.31.46.0-255,66,212899,44,305648
2961,0.036257,172.217.160.0-255,5738,218637,44,305648
2962,0.036265,172.31.46.0-255,66,218703,44,305648
2963,0.038156,172.217.160.0-255,5738,224441,44,305648
2964,0.038163,172.31.46.0-255,66,224507,44,305648
2965,0.040142,172.217.160.0-255,5738,230245,44,305648
2966,0.040152,172.31.46.0-255,66,230311,44,305648
2967,0.042043,172.217.160.0-255,5738,236049,44,305648
2968,0.042053,172.31.46.0-255,66,236115,44,305648
2969,0.043946,172.217.160.0-255,5738,241853,44,305648
2970,0.043953,172.31.46.0-255,66,241919,44,305648
2971,0.045851,172.217.160.0-255,5738,247657,44,305648
2972,0.045858,172.31.46.0-255,66,247723,44,305648
2973,0.047764,172.217.160.0-255,5738,253461,44,305648
2974,0.047771,172.31.46.0-255,66,253527,44,305648
2975,0.049673,172.217.160.0-255,5738,259265,44,305648
2976,0.04968,172.31.46.0-255,66,259331,44,305648
2977,0.05157,172.217.160.0-255,5738,265069,44,305648
2978,0.051577,172.31.46.0-255,66,265135,44,305648
2979,0.053469,172.217.160.0-255,5738,270873,44,305648
2980,0.053476,172.31.46.0-255,66,270939,44,305648
2981,0.055376,172.217.160.0-255,5738,276677,44,305648
2982,0.055382,172.31.46.0-255,66,276743,44,305648
2983,0.057288,172.217.160.0-255,5738,282481,44,305648
2984,0.057295,172.31.46.0-255,66,282547,44,305648
2985,0.059193,172.217.160.0-255,5738,288285,44,305648
2986,0.0592,172.31.46.0-255,66,288351,44,305648
2987,0.0611,172.217.160.0-255,5738,294089,44,305648
2988,0.061106,172.31.46.0-255,66,294155,44,305648
2989,0.063033,172.217.160.0-255,5738,299893,44,305648
2990,0.063039,172.31.46.0-255,66,299959,44,305648
2991,0.064935,172.217.160.0-255,5452,305411,44,305648
2992,0.064942,172.31.46.0-255,66,305477,44,305648
2993,0.065136,172.31.46.0-255,105,305582,44,305648
2994,0.067002,172.217.160.0-255,66,305648,44,305648
2995,0.0,74.125.24.0-255,153,153,44,345710
2996,1.4e-05,172.31.46.0-255,66,219,44,345710
2997,2e-05,74.125.24.0-255,1484,1703,44,345710
2998,2.4e-05,172.31.46.0-255,66,1769,44,345710
2999,2.9e-05,74.125.24.0-255,2902,4671,44,345710
3000,3.9e-05,172.31.46.0-255,66,4737,44,345710
3001,4.6e-05,74.125.24.0-255,7156,11893,44,345710
3002,4.9e-05,172.31.46.0-255,66,11959,44,345710
3003,6.5e-05,74.125.24.0-255,2138,14097,44,345710
3004,7.1e-05,172.31.46.0-255,66,14163,44,345710
3005,9.6e-05,74.125.24.0-255,4320,18483,44,345710
3006,9.8e-05,172.31.46.0-255,66,18549,44,345710
3007,0.000131,74.125.24.0-255,7156,25705,44,345710
3008,0.000133,172.31.46.0-255,66,25771,44,345710
3009,0.000138,74.125.24.0-255,5379,31150,44,345710
3010,0.00014,172.31.46.0-255,66,31216,44,345710
3011,0.000386,74.125.24.0-255,1484,32700,44,345710
3012,0.000392,172.31.46.0-255,66,32766,44,345710
3013,0.000397,74.125.24.0-255,2902,35668,44,345710
3014,0.000399,172.31.46.0-255,66,35734,44,345710
3015,0.000404,74.125.24.0-255,4320,40054,44,345710
3016,0.000411,172.31.46.0-255,66,40120,44,345710
3017,0.000444,74.125.24.0-255,1484,41604,44,345710
3018,0.000446,172.31.46.0-255,66,41670,44,345710
3019,0.000453,74.125.24.0-255,6797,48467,44,345710
3020,0.000456,172.31.46.0-255,66,48533,44,345710
3021,0.000497,172.31.46.0-255,66,48599,44,345710
3022,0.00052,74.125.24.0-255,5654,54253,44,345710
3023,0.000523,172.31.46.0-255,66,54319,44,345710
3024,0.001239,74.125.24.0-255,134,54453,44,345710
3025,0.001245,172.31.46.0-255,66,54519,44,345710
3026,0.001503,74.125.24.0-255,1484,56003,44,345710
3027,0.00151,74.125.24.0-255,2902,58905,44,345710
3028,0.001513,172.31.46.0-255,66,58971,44,345710
3029,0.001518,74.125.24.0-255,2902,61873,44,345710
3030,0.00152,172.31.46.0-255,66,61939,44,345710
3031,0.001539,74.125.24.0-255,2902,64841,44,345710
3032,0.001541,172.31.46.0-255,66,64907,44,345710
3033,0.001546,74.125.24.0-255,4320,69227,44,345710
3034,0.001547,172.31.46.0-255,66,69293,44,345710
3035,0.001578,172.31.46.0-255,66,69359,44,345710
3036,0.001584,74.125.24.0-255,5738,75097,44,345710
3037,0.001586,172.31.46.0-255,66,75163,44,345710
3038,0.001615,74.125.24.0-255,5020,80183,44,345710
3039,0.001616,172.31.46.0-255,66,80249,44,345710
3040,0.001853,74.125.24.0-255,1484,81733,44,345710
3041,0.001869,74.125.24.0-255,2902,84635,44,345710
3042,0.00187,172.31.46.0-255,66,84701,44,345710
3043,0.001874,74.125.24.0-255,2902,87603,44,345710
3044,0.001876,172.31.46.0-255,66,87669,44,345710
3045,0.001905,74.125.24.0-255,2902,90571,44,345710
3046,0.001907,172.31.46.0-255,66,90637,44,345710
3047,0.001919,172.31.46.0-255,66,90703,44,345710
3048,0.001944,172.31.46.0-255,66,90769,44,345710
3049,0.001977,74.125.24.0-255,3602,94371,44,345710
3050,0.001979,172.31.46.0-255,66,94437,44,345710
3051,0.001993,172.31.46.0-255,66,94503,44,345710
3052,0.002009,172.31.46.0-255,66,94569,44,345710
3053,0.002115,74.125.24.0-255,1484,96053,44,345710
3054,0.00213,74.125.24.0-255,2902,98955,44,345710
3055,0.002132,172.31.46.0-255,66,99021,44,345710
3056,0.002157,74.125.24.0-255,5738,104759,44,345710
3057,0.002159,172.31.46.0-255,66,104825,44,345710
3058,0.002182,74.125.24.0-255,5738,110563,44,345710
3059,0.002185,172.31.46.0-255,66,110629,44,345710
3060,0.002213,74.125.24.0-255,7156,117785,44,345710
3061,0.002216,172.31.46.0-255,66,117851,44,345710
3062,0.00222,74.125.24.0-255,4320,122171,44,345710
3063,0.002222,172.31.46.0-255,66,122237,44,345710
3064,0.002254,74.125.24.0-255,2902,125139,44,345710
3065,0.002256,172.31.46.0-255,66,125205,44,345710
3066,0.002267,74.125.24.0-255,3602,128807,44,345710
3067,0.002273,172.31.46.0-255,66,128873,44,345710
3068,0.004522,74.125.24.0-255,1484,130357,44,345710
3069,0.004539,74.125.24.0-255,4320,134677,44,345710
3070,0.004543,172.31.46.0-255,66,134743,44,345710
3071,0.006812,74.125.24.0-255,2902,137645,44,345710
3072,0.006817,172.31.46.0-255,66,137711,44,345710
3073,0.006838,74.125.24.0-255,2902,140613,44,345710
3074,0.006841,172.31.46.0-255,66,140679,44,345710
3075,0.009095,74.125.24.0-255,5738,146417,44,345710
3076,0.009102,172.31.46.0-255,66,146483,44,345710
3077,0.011358,74.125.24.0-255,5738,152221,44,345710
3078,0.011366,172.31.46.0-255,66,152287,44,345710
3079,0.013648,74.125.24.0-255,5738,158025,44,345710
3080,0.013656,172.31.46.0-255,66,158091,44,345710
3081,0.015929,74.125.24.0-255,5738,163829,44,345710
3082,0.015935,172.31.46.0-255,66,163895,44,345710
3083,0.018211,74.125.24.0-255,5738,169633,44,345710
3084,0.018218,172.31.46.0-255,66,169699,44,345710
3085,0.020486,74.125.24.0-255,5738,175437,44,345710
3086,0.020492,172.31.46.0-255,66,175503,44,345710
3087,0.022775,74.125.24.0-255,5738,181241,44,345710
3088,0.022781,172.31.46.0-255,66,181307,44,345710
3089,0.025046,74.125.24.0-255,5738,187045,44,345710
3090,0.025051,172.31.46.0-255,66,187111,44,345710
3091,0.027321,74.125.24.0-255,5738,192849,44,345710
3092,0.027331,172.31.46.0-255,66,192915,44,345710
3093,0.029594,74.125.24.0-255,5738,198653,44,345710
3094,0.029601,172.31.46.0-255,66,198719,44,345710
3095,0.030857,172.31.46.0-255,172,198891,44,345710
3096,0.030883,172.31.46.0-255,1114,200005,44,345710
3097,0.030939,172.31.46.0-255,1514,201519,44,345710
3098,0.03096,172.31.46.0-255,1514,203033,44,345710
3099,0.030961,172.31.46.0-255,1514,204547,44,345710
3100,0.03098,172.31.46.0-255,1514,206061,44,345710
3101,0.030983,172.31.46.0-255,1514,207575,44,345710
3102,0.030984,172.31.46.0-255,72,207647,44,345710
3103,0.031876,74.125.24.0-255,5738,213385,44,345710
3104,0.031882,172.31.46.0-255,66,213451,44,345710
3105,0.032356,104.244.42.0-255,66,213517,44,345710
3106,0.032363,104.244.42.0-255,66,213583,44,345710
3107,0.032472,104.244.42.0-255,66,213649,44,345710
3108,0.032527,104.244.42.0-255,66,213715,44,345710
3109,0.033177,104.244.42.0-255,108,213823,44,345710
3110,0.033187,172.31.46.0-255,66,213889,44,345710
3111,0.034156,74.125.24.0-255,5738,219627,44,345710
3112,0.034162,172.31.46.0-255,66,219693,44,345710
3113,0.036467,74.125.24.0-255,5738,225431,44,345710
3114,0.036474,172.31.46.0-255,66,225497,44,345710
3115,0.036586,172.31.46.0-255,101,225598,44,345710
3116,0.038748,74.125.24.0-255,5738,231336,44,345710
3117,0.038754,172.31.46.0-255,66,231402,44,345710
3118,0.038803,74.125.24.0-255,66,231468,44,345710
3119,0.041024,74.125.24.0-255,5738,237206,44,345710
3120,0.041029,172.31.46.0-255,66,237272,44,345710
3121,0.04329,74.125.24.0-255,5738,243010,44,345710
3122,0.043298,172.31.46.0-255,66,243076,44,345710
3123,0.045582,74.125.24.0-255,5738,248814,44,345710
3124,0.045589,172.31.46.0-255,66,248880,44,345710
3125,0.047848,74.125.24.0-255,5738,254618,44,345710
3126,0.047854,172.31.46.0-255,66,254684,44,345710
3127,0.050108,74.125.24.0-255,4320,259004,44,345710
3128,0.050113,172.31.46.0-255,66,259070,44,345710
3129,0.050136,74.125.24.0-255,1484,260554,44,345710
3130,0.052377,74.125.24.0-255,4320,264874,44,345710
3131,0.052384,172.31.46.0-255,66,264940,44,345710
3132,0.054642,74.125.24.0-255,5738,270678,44,345710
3133,0.054647,172.31.46.0-255,66,270744,44,345710
3134,0.056895,74.125.24.0-255,5738,276482,44,345710
3135,0.056901,172.31.46.0-255,66,276548,44,345710
3136,0.059152,74.125.24.0-255,5738,282286,44,345710
3137,0.059158,172.31.46.0-255,66,282352,44,345710
3138,0.061408,74.125.24.0-255,5738,288090,44,345710
3139,0.061414,172.31.46.0-255,66,288156,44,345710
3140,0.063694,74.125.24.0-255,5738,293894,44,345710
3141,0.0637,172.31.46.0-255,66,293960,44,345710
3142,0.065958,74.125.24.0-255,5738,299698,44,345710
3143,0.065964,172.31.46.0-255,66,299764,44,345710
3144,0.068207,74.125.24.0-255,5738,305502,44,345710
3145,0.068212,172.31.46.0-255,66,305568,44,345710
3146,0.070483,74.125.24.0-255,5738,311306,44,345710
3147,0.07049,172.31.46.0-255,66,311372,44,345710
3148,0.072744,74.125.24.0-255,5738,317110,44,345710
3149,0.072749,172.31.46.0-255,66,317176,44,345710
3150,0.07502,74.125.24.0-255,5738,322914,44,345710
3151,0.075027,172.31.46.0-255,66,322980,44,345710
3152,0.077283,74.125.24.0-255,5738,328718,44,345710
3153,0.07729,172.31.46.0-255,66,328784,44,345710
3154,0.079552,74.125.24.0-255,5738,334522,44,345710
3155,0.079557,172.31.46.0-255,66,334588,44,345710
3156,0.081822,74.125.24.0-255,5738,340326,44,345710
3157,0.081829,172.31.46.0-255,66,340392,44,345710
3158,0.084091,74.125.24.0-255,5147,345539,44,345710
3159,0.084097,172.31.46.0-255,66,345605,44,345710
3160,0.084288,172.31.46.0-255,105,345710,44,345710
3161,0.0,74.125.24.0-255,143,143,44,225765
3162,2.3e-05,172.31.46.0-255,66,209,44,225765
3163,3e-05,74.125.24.0-255,1484,1693,44,225765
3164,3.4e-05,172.31.46.0-255,66,1759,44,225765
3165,4.1e-05,74.125.24.0-255,2902,4661,44,225765
3166,4.4e-05,172.31.46.0-255,66,4727,44,225765
3167,5.2e-05,74.125.24.0-255,7156,11883,44,225765
3168,5.5e-05,172.31.46.0-255,66,11949,44,225765
3169,5.9e-05,74.125.24.0-255,2093,14042,44,225765
3170,6.2e-05,172.31.46.0-255,66,14108,44,225765
3171,0.000218,74.125.24.0-255,1484,15592,44,225765
3172,0.000222,172.31.46.0-255,66,15658,44,225765
3173,0.000243,74.125.24.0-255,2902,18560,44,225765
3174,0.000247,172.31.46.0-255,66,18626,44,225765
3175,0.000253,74.125.24.0-255,5738,24364,44,225765
3176,0.000256,172.31.46.0-255,66,24430,44,225765
3177,0.000261,74.125.24.0-255,4320,28750,44,225765
3178,0.000264,172.31.46.0-255,66,28816,44,225765
3179,0.000309,74.125.24.0-255,2902,31718,44,225765
3180,0.000312,172.31.46.0-255,66,31784,44,225765
3181,0.000336,172.31.46.0-255,66,31850,44,225765
3182,0.00034,74.125.24.0-255,1484,33334,44,225765
3183,0.000342,172.31.46.0-255,66,33400,44,225765
3184,0.000368,172.31.46.0-255,66,33466,44,225765
3185,0.000375,74.125.24.0-255,7156,40622,44,225765
3186,0.000378,172.31.46.0-255,66,40688,44,225765
3187,0.000409,74.125.24.0-255,3899,44587,44,225765
3188,0.000411,172.31.46.0-255,66,44653,44,225765
3189,0.00045,74.125.24.0-255,411,45064,44,225765
3190,0.000453,172.31.46.0-255,66,45130,44,225765
3191,0.001155,74.125.24.0-255,1484,46614,44,225765
3192,0.001165,74.125.24.0-255,2902,49516,44,225765
3193,0.00117,172.31.46.0-255,66,49582,44,225765
3194,0.001178,74.125.24.0-255,5738,55320,44,225765
3195,0.00118,172.31.46.0-255,66,55386,44,225765
3196,0.00121,172.31.46.0-255,66,55452,44,225765
3197,0.001232,74.125.24.0-255,4320,59772,44,225765
3198,0.001234,172.31.46.0-255,66,59838,44,225765
3199,0.001238,74.125.24.0-255,1484,61322,44,225765
3200,0.001276,74.125.24.0-255,5738,67060,44,225765
3201,0.00128,172.31.46.0-255,66,67126,44,225765
3202,0.0013,74.125.24.0-255,3602,70728,44,225765
3203,0.001303,172.31.46.0-255,66,70794,44,225765
3204,0.00133,172.31.46.0-255,66,70860,44,225765
3205,0.001341,172.31.46.0-255,66,70926,44,225765
3206,0.001413,172.31.46.0-255,66,70992,44,225765
3207,0.001433,172.31.46.0-255,66,71058,44,225765
3208,0.001441,74.125.24.0-255,6438,77496,44,225765
3209,0.001444,172.31.46.0-255,66,77562,44,225765
3210,0.001741,74.125.24.0-255,1484,79046,44,225765
3211,0.001748,74.125.24.0-255,2902,81948,44,225765
3212,0.001753,172.31.46.0-255,66,82014,44,225765
3213,0.001759,74.125.24.0-255,4320,86334,44,225765
3214,0.001761,172.31.46.0-255,66,86400,44,225765
3215,0.001774,74.125.24.0-255,1484,87884,44,225765
3216,0.001779,74.125.24.0-255,2902,90786,44,225765
3217,0.001782,172.31.46.0-255,66,90852,44,225765
3218,0.00181,74.125.24.0-255,7156,98008,44,225765
3219,0.001813,172.31.46.0-255,66,98074,44,225765
3220,0.001832,74.125.24.0-255,2902,100976,44,225765
3221,0.001834,172.31.46.0-255,66,101042,44,225765
3222,0.001863,172.31.46.0-255,66,101108,44,225765
3223,0.001974,74.125.24.0-255,1484,102592,44,225765
3224,0.001982,74.125.24.0-255,2902,105494,44,225765
3225,0.001986,172.31.46.0-255,66,105560,44,225765
3226,0.002013,74.125.24.0-255,5738,111298,44,225765
3227,0.002016,172.31.46.0-255,66,111364,44,225765
3228,0.002023,74.125.24.0-255,5738,117102,44,225765
3229,0.002026,172.31.46.0-255,66,117168,44,225765
3230,0.002036,74.125.24.0-255,1484,118652,44,225765
3231,0.00205,74.125.24.0-255,2902,121554,44,225765
3232,0.002053,172.31.46.0-255,66,121620,44,225765
3233,0.002085,172.31.46.0-255,66,121686,44,225765
3234,0.002088,74.125.24.0-255,2184,123870,44,225765
3235,0.002091,172.31.46.0-255,66,123936,44,225765
3236,0.002378,74.125.24.0-255,1484,125420,44,225765
3237,0.002385,74.125.24.0-255,1484,126904,44,225765
3238,0.002389,172.31.46.0-255,66,126970,44,225765
3239,0.002408,74.125.24.0-255,1484,128454,44,225765
3240,0.002414,74.125.24.0-255,5738,134192,44,225765
3241,0.002417,172.31.46.0-255,66,134258,44,225765
3242,0.00242,74.125.24.0-255,1484,135742,44,225765
3243,0.002434,74.125.24.0-255,1484,137226,44,225765
3244,0.002437,172.31.46.0-255,66,137292,44,225765
3245,0.00247,172.31.46.0-255,66,137358,44,225765
3246,0.002509,172.31.46.0-255,66,137424,44,225765
3247,0.003133,74.125.24.0-255,1484,138908,44,225765
3248,0.003138,74.125.24.0-255,2902,141810,44,225765
3249,0.00314,172.31.46.0-255,66,141876,44,225765
3250,0.003174,74.125.24.0-255,5738,147614,44,225765
3251,0.003177,172.31.46.0-255,66,147680,44,225765
3252,0.003182,74.125.24.0-255,4320,152000,44,225765
3253,0.003185,172.31.46.0-255,66,152066,44,225765
3254,0.003207,172.31.46.0-255,66,152132,44,225765
3255,0.003213,74.125.24.0-255,7156,159288,44,225765
3256,0.003216,172.31.46.0-255,66,159354,44,225765
3257,0.003249,74.125.24.0-255,3602,162956,44,225765
3258,0.003251,172.31.46.0-255,66,163022,44,225765
3259,0.003306,74.125.24.0-255,4320,167342,44,225765
3260,0.003309,172.31.46.0-255,66,167408,44,225765
3261,0.003321,172.31.46.0-255,66,167474,44,225765
3262,0.003327,74.125.24.0-255,7156,174630,44,225765
3263,0.00333,172.31.46.0-255,66,174696,44,225765
3264,0.003356,74.125.24.0-255,1484,176180,44,225765
3265,0.003378,74.125.24.0-255,7156,183336,44,225765
3266,0.00338,172.31.46.0-255,66,183402,44,225765
3267,0.0034,74.125.24.0-255,3602,187004,44,225765
3268,0.003402,172.31.46.0-255,66,187070,44,225765
3269,0.003548,74.125.24.0-255,1484,188554,44,225765
3270,0.003563,74.125.24.0-255,2902,191456,44,225765
3271,0.003566,172.31.46.0-255,66,191522,44,225765
3272,0.00357,74.125.24.0-255,1484,193006,44,225765
3273,0.003589,74.125.24.0-255,4320,197326,44,225765
3274,0.003592,172.31.46.0-255,66,197392,44,225765
3275,0.003595,74.125.24.0-255,1484,198876,44,225765
3276,0.0036,74.125.24.0-255,2902,201778,44,225765
3277,0.003603,172.31.46.0-255,66,201844,44,225765
3278,0.003639,172.31.46.0-255,66,201910,44,225765
3279,0.003642,74.125.24.0-255,1484,203394,44,225765
3280,0.003645,74.125.24.0-255,1484,204878,44,225765
3281,0.003647,172.31.46.0-255,66,204944,44,225765
3282,0.003663,74.125.24.0-255,5020,209964,44,225765
3283,0.003666,172.31.46.0-255,66,210030,44,225765
3284,0.003672,74.125.24.0-255,5738,215768,44,225765
3285,0.003674,172.31.46.0-255,66,215834,44,225765
3286,0.003694,74.125.24.0-255,1484,217318,44,225765
3287,0.003697,74.125.24.0-255,1484,218802,44,225765
3288,0.003699,172.31.46.0-255,66,218868,44,225765
3289,0.003722,172.31.46.0-255,66,218934,44,225765
3290,0.003744,74.125.24.0-255,2902,221836,44,225765
3291,0.003746,172.31.46.0-255,66,221902,44,225765
3292,0.003749,74.125.24.0-255,1455,223357,44,225765
3293,0.003786,74.125.24.0-255,105,223462,44,225765
3294,0.003789,172.31.46.0-255,66,223528,44,225765
3295,0.010806,172.31.46.0-255,105,223633,44,225765
3296,0.013127,74.125.24.0-255,66,223699,44,225765
3297,0.040305,172.31.46.0-255,188,223887,44,225765
3298,0.04034,172.31.46.0-255,955,224842,44,225765
3299,0.040412,172.31.46.0-255,725,225567,44,225765
3300,0.041854,104.244.42.0-255,66,225633,44,225765
3301,0.041917,104.244.42.0-255,66,225699,44,225765
3302,0.041922,104.244.42.0-255,66,225765,44,225765
3303,0.0,74.125.24.0-255,153,153,44,274908
3304,1.6e-05,172.31.46.0-255,66,219,44,274908
3305,2.2e-05,74.125.24.0-255,1484,1703,44,274908
3306,2.6e-05,172.31.46.0-255,66,1769,44,274908
3307,3.2e-05,74.125.24.0-255,2902,4671,44,274908
3308,3.6e-05,172.31.46.0-255,66,4737,44,274908
3309,4.5e-05,74.125.24.0-255,7156,11893,44,274908
3310,4.9e-05,172.31.46.0-255,66,11959,44,274908
3311,5.3e-05,74.125.24.0-255,1912,13871,44,274908
3312,5.7e-05,172.31.46.0-255,66,13937,44,274908
3313,0.000108,74.125.24.0-255,1484,15421,44,274908
3314,0.000111,172.31.46.0-255,66,15487,44,274908
3315,0.000116,74.125.24.0-255,2902,18389,44,274908
3316,0.000119,172.31.46.0-255,66,18455,44,274908
3317,0.000139,74.125.24.0-255,5738,24193,44,274908
3318,0.000142,172.31.46.0-255,66,24259,44,274908
3319,0.000147,74.125.24.0-255,4320,28579,44,274908
3320,0.00015,172.31.46.0-255,66,28645,44,274908
3321,0.000169,74.125.24.0-255,2543,31188,44,274908
3322,0.000173,172.31.46.0-255,66,31254,44,274908
3323,0.000338,74.125.24.0-255,1484,32738,44,274908
3324,0.000343,172.31.46.0-255,66,32804,44,274908
3325,0.000347,74.125.24.0-255,1484,34288,44,274908
3326,0.00035,172.31.46.0-255,66,34354,44,274908
3327,0.000362,74.125.24.0-255,1484,35838,44,274908
3328,0.000365,172.31.46.0-255,66,35904,44,274908
3329,0.000372,74.125.24.0-255,5738,41642,44,274908
3330,0.000374,172.31.46.0-255,66,41708,44,274908
3331,0.000413,172.31.46.0-255,66,41774,44,274908
3332,0.000431,74.125.24.0-255,1125,42899,44,274908
3333,0.000434,172.31.46.0-255,66,42965,44,274908
3334,0.000446,172.31.46.0-255,66,43031,44,274908
3335,0.000452,74.125.24.0-255,3961,46992,44,274908
3336,0.000455,172.31.46.0-255,66,47058,44,274908
3337,0.002098,74.125.24.0-255,413,47471,44,274908
3338,0.002136,172.31.46.0-255,66,47537,44,274908
3339,0.002307,74.125.24.0-255,333,47870,44,274908
3340,0.002329,172.31.46.0-255,66,47936,44,274908
3341,0.002749,74.125.24.0-255,2902,50838,44,274908
3342,0.002754,172.31.46.0-255,66,50904,44,274908
3343,0.004412,74.125.24.0-255,1484,52388,44,274908
3344,0.005038,74.125.24.0-255,4320,56708,44,274908
3345,0.005042,172.31.46.0-255,66,56774,44,274908
3346,0.007352,74.125.24.0-255,5738,62512,44,274908
3347,0.007357,172.31.46.0-255,66,62578,44,274908
3348,0.009645,74.125.24.0-255,5738,68316,44,274908
3349,0.009652,172.31.46.0-255,66,68382,44,274908
3350,0.011995,74.125.24.0-255,5738,74120,44,274908
3351,0.012003,172.31.46.0-255,66,74186,44,274908
3352,0.014304,74.125.24.0-255,5738,79924,44,274908
3353,0.014312,172.31.46.0-255,66,79990,44,274908
3354,0.016618,74.125.24.0-255,5738,85728,44,274908
3355,0.016628,172.31.46.0-255,66,85794,44,274908
3356,0.018932,74.125.24.0-255,5738,91532,44,274908
3357,0.018942,172.31.46.0-255,66,91598,44,274908
3358,0.021279,74.125.24.0-255,5738,97336,44,274908
3359,0.021287,172.31.46.0-255,66,97402,44,274908
3360,0.023585,74.125.24.0-255,5738,103140,44,274908
3361,0.023593,172.31.46.0-255,66,103206,44,274908
3362,0.025898,74.125.24.0-255,5738,108944,44,274908
3363,0.025906,172.31.46.0-255,66,109010,44,274908
3364,0.02822,74.125.24.0-255,5738,114748,44,274908
3365,0.028227,172.31.46.0-255,66,114814,44,274908
3366,0.03003,172.31.46.0-255,172,114986,44,274908
3367,0.030061,172.31.46.0-255,1109,116095,44,274908
3368,0.030131,172.31.46.0-255,1514,117609,44,274908
3369,0.030133,172.31.46.0-255,1514,119123,44,274908
3370,0.030134,172.31.46.0-255,1514,120637,44,274908
3371,0.030136,172.31.46.0-255,1514,122151,44,274908
3372,0.030168,172.31.46.0-255,1514,123665,44,274908
3373,0.030169,172.31.46.0-255,75,123740,44,274908
3374,0.030526,74.125.24.0-255,5738,129478,44,274908
3375,0.030532,172.31.46.0-255,66,129544,44,274908
3376,0.03157,104.244.42.0-255,66,129610,44,274908
3377,0.031611,104.244.42.0-255,66,129676,44,274908
3378,0.031729,104.244.42.0-255,66,129742,44,274908
3379,0.031736,104.244.42.0-255,66,129808,44,274908
3380,0.032867,74.125.24.0-255,5738,135546,44,274908
3381,0.032874,172.31.46.0-255,66,135612,44,274908
3382,0.03518,74.125.24.0-255,5738,141350,44,274908
3383,0.035187,172.31.46.0-255,66,141416,44,274908
3384,0.037492,74.125.24.0-255,5738,147154,44,274908
3385,0.037498,172.31.46.0-255,66,147220,44,274908
3386,0.039796,74.125.24.0-255,5738,152958,44,274908
3387,0.039802,172.31.46.0-255,66,153024,44,274908
3388,0.042097,74.125.24.0-255,5738,158762,44,274908
3389,0.042105,172.31.46.0-255,66,158828,44,274908
3390,0.04441,74.125.24.0-255,5738,164566,44,274908
3391,0.044416,172.31.46.0-255,66,164632,44,274908
3392,0.046701,74.125.24.0-255,5738,170370,44,274908
3393,0.046708,172.31.46.0-255,66,170436,44,274908
3394,0.049045,74.125.24.0-255,5738,176174,44,274908
3395,0.049051,172.31.46.0-255,66,176240,44,274908
3396,0.051343,74.125.24.0-255,5738,181978,44,274908
3397,0.05135,172.31.46.0-255,66,182044,44,274908
3398,0.053653,74.125.24.0-255,5738,187782,44,274908
3399,0.053659,172.31.46.0-255,66,187848,44,274908
3400,0.055963,74.125.24.0-255,5738,193586,44,274908
3401,0.05597,172.31.46.0-255,66,193652,44,274908
3402,0.058294,74.125.24.0-255,5738,199390,44,274908
3403,0.0583,172.31.46.0-255,66,199456,44,274908
3404,0.060615,74.125.24.0-255,5738,205194,44,274908
3405,0.060622,172.31.46.0-255,66,205260,44,274908
3406,0.062933,74.125.24.0-255,5738,210998,44,274908
3407,0.06294,172.31.46.0-255,66,211064,44,274908
3408,0.065257,74.125.24.0-255,5738,216802,44,274908
3409,0.065265,172.31.46.0-255,66,216868,44,274908
3410,0.06759,74.125.24.0-255,5738,222606,44,274908
3411,0.067597,172.31.46.0-255,66,222672,44,274908
3412,0.069905,74.125.24.0-255,5738,228410,44,274908
3413,0.069913,172.31.46.0-255,66,228476,44,274908
3414,0.072273,74.125.24.0-255,5738,234214,44,274908
3415,0.072279,172.31.46.0-255,66,234280,44,274908
3416,0.074593,74.125.24.0-255,5738,240018,44,274908
3417,0.0746,172.31.46.0-255,66,240084,44,274908
3418,0.076923,74.125.24.0-255,5738,245822,44,274908
3419,0.07693,172.31.46.0-255,66,245888,44,274908
3420,0.079237,74.125.24.0-255,5738,251626,44,274908
3421,0.079243,172.31.46.0-255,66,251692,44,274908
3422,0.081527,74.125.24.0-255,5738,257430,44,274908
3423,0.081534,172.31.46.0-255,66,257496,44,274908
3424,0.083846,74.125.24.0-255,5738,263234,44,274908
3425,0.083854,172.31.46.0-255,66,263300,44,274908
3426,0.086153,74.125.24.0-255,5738,269038,44,274908
3427,0.086158,172.31.46.0-255,66,269104,44,274908
3428,0.088491,74.125.24.0-255,5738,274842,44,274908
3429,0.088497,172.31.46.0-255,66,274908,44,274908
3430,0.0,74.125.24.0-255,150,150,44,318406
3431,2.2e-05,172.31.46.0-255,66,216,44,318406
3432,2.8e-05,74.125.24.0-255,1484,1700,44,318406
3433,3.2e-05,172.31.46.0-255,66,1766,44,318406
3434,3.7e-05,74.125.24.0-255,2902,4668,44,318406
3435,4e-05,172.31.46.0-255,66,4734,44,318406
3436,4.3e-05,74.125.24.0-255,1484,6218,44,318406
3437,4.6e-05,172.31.46.0-255,66,6284,44,318406
3438,7e-05,74.125.24.0-255,5738,12022,44,318406
3439,7.3e-05,172.31.46.0-255,66,12088,44,318406
3440,9.7e-05,74.125.24.0-255,1484,13572,44,318406
3441,9.9e-05,172.31.46.0-255,66,13638,44,318406
3442,0.000123,74.125.24.0-255,6346,19984,44,318406
3443,0.000126,172.31.46.0-255,66,20050,44,318406
3444,0.000135,172.31.46.0-255,66,20116,44,318406
3445,0.000151,74.125.24.0-255,2543,22659,44,318406
3446,0.000153,172.31.46.0-255,66,22725,44,318406
3447,0.000287,74.125.24.0-255,1484,24209,44,318406
3448,0.00029,172.31.46.0-255,66,24275,44,318406
3449,0.000307,74.125.24.0-255,2902,27177,44,318406
3450,0.00031,172.31.46.0-255,66,27243,44,318406
3451,0.000315,74.125.24.0-255,4320,31563,44,318406
3452,0.000317,172.31.46.0-255,66,31629,44,318406
3453,0.000334,74.125.24.0-255,1484,33113,44,318406
3454,0.000336,172.31.46.0-255,66,33179,44,318406
3455,0.000349,74.125.24.0-255,2902,36081,44,318406
3456,0.000352,172.31.46.0-255,66,36147,44,318406
3457,0.000388,172.31.46.0-255,66,36213,44,318406
3458,0.000398,172.31.46.0-255,66,36279,44,318406
3459,0.000424,74.125.24.0-255,1399,37678,44,318406
3460,0.000534,74.125.24.0-255,131,37809,44,318406
3461,0.000849,74.125.24.0-255,1484,39293,44,318406
3462,0.000853,172.31.46.0-255,66,39359,44,318406
3463,0.000859,74.125.24.0-255,2902,42261,44,318406
3464,0.000861,172.31.46.0-255,66,42327,44,318406
3465,0.000889,74.125.24.0-255,4320,46647,44,318406
3466,0.000891,172.31.46.0-255,66,46713,44,318406
3467,0.000924,74.125.24.0-255,2902,49615,44,318406
3468,0.000926,172.31.46.0-255,66,49681,44,318406
3469,0.000949,74.125.24.0-255,5738,55419,44,318406
3470,0.000951,172.31.46.0-255,66,55485,44,318406
3471,0.000962,172.31.46.0-255,66,55551,44,318406
3472,0.000998,172.31.46.0-255,66,55617,44,318406
3473,0.001017,74.125.24.0-255,467,56084,44,318406
3474,0.001031,172.31.46.0-255,66,56150,44,318406
3475,0.001044,172.31.46.0-255,66,56216,44,318406
3476,0.001092,74.125.24.0-255,1484,57700,44,318406
3477,0.00112,74.125.24.0-255,2902,60602,44,318406
3478,0.001123,172.31.46.0-255,66,60668,44,318406
3479,0.001127,74.125.24.0-255,2902,63570,44,318406
3480,0.001129,172.31.46.0-255,66,63636,44,318406
3481,0.001146,74.125.24.0-255,2902,66538,44,318406
3482,0.001148,172.31.46.0-255,66,66604,44,318406
3483,0.001172,74.125.24.0-255,4320,70924,44,318406
3484,0.001175,172.31.46.0-255,66,70990,44,318406
3485,0.001197,74.125.24.0-255,7156,78146,44,318406
3486,0.001199,172.31.46.0-255,66,78212,44,318406
3487,0.001216,74.125.24.0-255,1484,79696,44,318406
3488,0.001222,74.125.24.0-255,4320,84016,44,318406
3489,0.001225,172.31.46.0-255,66,84082,44,318406
3490,0.00125,74.125.24.0-255,6438,90520,44,318406
3491,0.001253,172.31.46.0-255,66,90586,44,318406
3492,0.001258,74.125.24.0-255,4320,94906,44,318406
3493,0.00126,172.31.46.0-255,66,94972,44,318406
3494,0.00128,74.125.24.0-255,7156,102128,44,318406
3495,0.001283,172.31.46.0-255,66,102194,44,318406
3496,0.001296,172.31.46.0-255,66,102260,44,318406
3497,0.001327,74.125.24.0-255,4320,106580,44,318406
3498,0.00133,172.31.46.0-255,66,106646,44,318406
3499,0.001353,74.125.24.0-255,6438,113084,44,318406
3500,0.001356,172.31.46.0-255,66,113150,44,318406
3501,0.00157,74.125.24.0-255,1484,114634,44,318406
3502,0.001586,74.125.24.0-255,2902,117536,44,318406
3503,0.001589,172.31.46.0-255,66,117602,44,318406
3504,0.001606,74.125.24.0-255,1484,119086,44,318406
3505,0.001626,74.125.24.0-255,4320,123406,44,318406
3506,0.001628,172.31.46.0-255,66,123472,44,318406
3507,0.001635,74.125.24.0-255,5738,129210,44,318406
3508,0.001637,172.31.46.0-255,66,129276,44,318406
3509,0.001662,74.125.24.0-255,4320,133596,44,318406
3510,0.001665,172.31.46.0-255,66,133662,44,318406
3511,0.001695,172.31.46.0-255,66,133728,44,318406
3512,0.001713,74.125.24.0-255,4320,138048,44,318406
3513,0.001715,172.31.46.0-255,66,138114,44,318406
3514,0.001741,74.125.24.0-255,766,138880,44,318406
3515,0.001766,74.125.24.0-255,1484,140364,44,318406
3516,0.001769,172.31.46.0-255,66,140430,44,318406
3517,0.001775,74.125.24.0-255,4320,144750,44,318406
3518,0.001777,172.31.46.0-255,66,144816,44,318406
3519,0.001814,74.125.24.0-255,4320,149136,44,318406
3520,0.001817,172.31.46.0-255,66,149202,44,318406
3521,0.001839,74.125.24.0-255,5738,154940,44,318406
3522,0.001841,172.31.46.0-255,66,155006,44,318406
3523,0.001874,172.31.46.0-255,66,155072,44,318406
3524,0.001881,74.125.24.0-255,6438,161510,44,318406
3525,0.001884,172.31.46.0-255,66,161576,44,318406
3526,0.003884,74.125.24.0-255,5738,167314,44,318406
3527,0.003892,172.31.46.0-255,66,167380,44,318406
3528,0.005915,74.125.24.0-255,5738,173118,44,318406
3529,0.005921,172.31.46.0-255,66,173184,44,318406
3530,0.007939,74.125.24.0-255,5738,178922,44,318406
3531,0.007945,172.31.46.0-255,66,178988,44,318406
3532,0.00997,74.125.24.0-255,5738,184726,44,318406
3533,0.009977,172.31.46.0-255,66,184792,44,318406
3534,0.011981,74.125.24.0-255,5738,190530,44,318406
3535,0.011989,172.31.46.0-255,66,190596,44,318406
3536,0.014034,74.125.24.0-255,5738,196334,44,318406
3537,0.014043,172.31.46.0-255,66,196400,44,318406
3538,0.016083,74.125.24.0-255,5738,202138,44,318406
3539,0.016092,172.31.46.0-255,66,202204,44,318406
3540,0.018103,74.125.24.0-255,5738,207942,44,318406
3541,0.018112,172.31.46.0-255,66,208008,44,318406
3542,0.020136,74.125.24.0-255,5738,213746,44,318406
3543,0.020145,172.31.46.0-255,66,213812,44,318406
3544,0.022179,74.125.24.0-255,5738,219550,44,318406
3545,0.022187,172.31.46.0-255,66,219616,44,318406
3546,0.02423,74.125.24.0-255,5738,225354,44,318406
3547,0.024237,172.31.46.0-255,66,225420,44,318406
3548,0.026236,74.125.24.0-255,5738,231158,44,318406
3549,0.026244,172.31.46.0-255,66,231224,44,318406
3550,0.028277,74.125.24.0-255,5738,236962,44,318406
3551,0.028294,172.31.46.0-255,66,237028,44,318406
3552,0.030325,74.125.24.0-255,5738,242766,44,318406
3553,0.030333,172.31.46.0-255,66,242832,44,318406
3554,0.032374,74.125.24.0-255,5738,248570,44,318406
3555,0.032381,172.31.46.0-255,66,248636,44,318406
3556,0.034421,74.125.24.0-255,5738,254374,44,318406
3557,0.034428,172.31.46.0-255,66,254440,44,318406
3558,0.036451,74.125.24.0-255,5738,260178,44,318406
3559,0.036459,172.31.46.0-255,66,260244,44,318406
3560,0.038484,74.125.24.0-255,5738,265982,44,318406
3561,0.038496,172.31.46.0-255,66,266048,44,318406
3562,0.03986,172.31.46.0-255,176,266224,44,318406
3563,0.039892,172.31.46.0-255,1114,267338,44,318406
3564,0.039957,172.31.46.0-255,1514,268852,44,318406
3565,0.039959,172.31.46.0-255,1514,270366,44,318406
3566,0.039965,172.31.46.0-255,1514,271880,44,318406
3567,0.039966,172.31.46.0-255,1514,273394,44,318406
3568,0.039985,172.31.46.0-255,1514,274908,44,318406
3569,0.039987,172.31.46.0-255,71,274979,44,318406
3570,0.040523,74.125.24.0-255,5738,280717,44,318406
3571,0.040529,172.31.46.0-255,66,280783,44,318406
3572,0.041394,104.244.42.0-255,66,280849,44,318406
3573,0.04144,104.244.42.0-255,66,280915,44,318406
3574,0.041546,104.244.42.0-255,66,280981,44,318406
3575,0.041549,104.244.42.0-255,66,281047,44,318406
3576,0.041552,104.244.42.0-255,66,281113,44,318406
3577,0.042561,74.125.24.0-255,5738,286851,44,318406
3578,0.042568,172.31.46.0-255,66,286917,44,318406
3579,0.044603,74.125.24.0-255,5738,292655,44,318406
3580,0.044609,172.31.46.0-255,66,292721,44,318406
3581,0.046651,74.125.24.0-255,5738,298459,44,318406
3582,0.046657,172.31.46.0-255,66,298525,44,318406
3583,0.048702,74.125.24.0-255,5738,304263,44,318406
3584,0.048707,172.31.46.0-255,66,304329,44,318406
3585,0.050748,74.125.24.0-255,5738,310067,44,318406
3586,0.050753,172.31.46.0-255,66,310133,44,318406
3587,0.052823,74.125.24.0-255,5738,315871,44,318406
3588,0.05283,172.31.46.0-255,66,315937,44,318406
3589,0.05485,74.125.24.0-255,2232,318169,44,318406
3590,0.054856,172.31.46.0-255,66,318235,44,318406
3591,0.055018,172.31.46.0-255,105,318340,44,318406
3592,0.057025,74.125.24.0-255,66,318406,44,318406
3593,0.0,172.253.118.0-255,150,150,44,306986
3594,2.4e-05,172.31.46.0-255,66,216,44,306986
3595,3.1e-05,172.253.118.0-255,1484,1700,44,306986
3596,3.6e-05,172.31.46.0-255,66,1766,44,306986
3597,5.1e-05,172.253.118.0-255,2902,4668,44,306986
3598,5.4e-05,172.31.46.0-255,66,4734,44,306986
3599,5.9e-05,172.253.118.0-255,2902,7636,44,306986
3600,6.2e-05,172.31.46.0-255,66,7702,44,306986
3601,9.8e-05,172.253.118.0-255,4320,12022,44,306986
3602,0.000109,172.31.46.0-255,66,12088,44,306986
3603,0.000134,172.253.118.0-255,1973,14061,44,306986
3604,0.000137,172.31.46.0-255,66,14127,44,306986
3605,0.000163,172.253.118.0-255,1484,15611,44,306986
3606,0.000165,172.31.46.0-255,66,15677,44,306986
3607,0.00017,172.253.118.0-255,2902,18579,44,306986
3608,0.000173,172.31.46.0-255,66,18645,44,306986
3609,0.000201,172.253.118.0-255,5738,24383,44,306986
3610,0.000204,172.31.46.0-255,66,24449,44,306986
3611,0.000242,172.253.118.0-255,6797,31246,44,306986
3612,0.000245,172.31.46.0-255,66,31312,44,306986
3613,0.000628,172.253.118.0-255,1484,32796,44,306986
3614,0.000635,172.31.46.0-255,66,32862,44,306986
3615,0.000642,172.253.118.0-255,2902,35764,44,306986
3616,0.000644,172.31.46.0-255,66,35830,44,306986
3617,0.000653,172.253.118.0-255,2902,38732,44,306986
3618,0.000656,172.31.46.0-255,66,38798,44,306986
3619,0.000694,172.253.118.0-255,2902,41700,44,306986
3620,0.000698,172.31.46.0-255,66,41766,44,306986
3621,0.000714,172.31.46.0-255,66,41832,44,306986
3622,0.000726,172.31.46.0-255,66,41898,44,306986
3623,0.001492,172.253.118.0-255,646,42544,44,306986
3624,0.001757,172.253.118.0-255,1484,44028,44,306986
3625,0.001764,172.31.46.0-255,66,44094,44,306986
3626,0.001771,172.253.118.0-255,2902,46996,44,306986
3627,0.001774,172.31.46.0-255,66,47062,44,306986
3628,0.001809,172.253.118.0-255,5738,52800,44,306986
3629,0.001812,172.31.46.0-255,66,52866,44,306986
3630,0.001819,172.253.118.0-255,5738,58604,44,306986
3631,0.001821,172.31.46.0-255,66,58670,44,306986
3632,0.001864,172.31.46.0-255,66,58736,44,306986
3633,0.001871,172.253.118.0-255,5020,63756,44,306986
3634,0.001873,172.31.46.0-255,66,63822,44,306986
3635,0.002034,172.253.118.0-255,1484,65306,44,306986
3636,0.002059,172.253.118.0-255,2902,68208,44,306986
3637,0.002062,172.31.46.0-255,66,68274,44,306986
3638,0.002069,172.253.118.0-255,5738,74012,44,306986
3639,0.002071,172.31.46.0-255,66,74078,44,306986
3640,0.002081,172.253.118.0-255,2902,76980,44,306986
3641,0.002083,172.31.46.0-255,66,77046,44,306986
3642,0.002117,172.31.46.0-255,66,77112,44,306986
3643,0.002132,172.31.46.0-255,66,77178,44,306986
3644,0.004395,172.253.118.0-255,5738,82916,44,306986
3645,0.0044,172.31.46.0-255,66,82982,44,306986
3646,0.006693,172.253.118.0-255,5738,88720,44,306986
3647,0.006698,172.31.46.0-255,66,88786,44,306986
3648,0.008983,172.253.118.0-255,5738,94524,44,306986
3649,0.008991,172.31.46.0-255,66,94590,44,306986
3650,0.011276,172.253.118.0-255,5738,100328,44,306986
3651,0.011284,172.31.46.0-255,66,100394,44,306986
3652,0.013615,172.253.118.0-255,5738,106132,44,306986
3653,0.013629,172.31.46.0-255,66,106198,44,306986
3654,0.015907,172.253.118.0-255,5738,111936,44,306986
3655,0.015918,172.31.46.0-255,66,112002,44,306986
3656,0.018203,172.253.118.0-255,5738,117740,44,306986
3657,0.018209,172.31.46.0-255,66,117806,44,306986
3658,0.020481,172.253.118.0-255,5738,123544,44,306986
3659,0.020489,172.31.46.0-255,66,123610,44,306986
3660,0.022778,172.253.118.0-255,5738,129348,44,306986
3661,0.022785,172.31.46.0-255,66,129414,44,306986
3662,0.025129,172.253.118.0-255,5738,135152,44,306986
3663,0.025137,172.31.46.0-255,66,135218,44,306986
3664,0.027406,172.253.118.0-255,5738,140956,44,306986
3665,0.027415,172.31.46.0-255,66,141022,44,306986
3666,0.029695,172.253.118.0-255,5738,146760,44,306986
3667,0.029702,172.31.46.0-255,66,146826,44,306986
3668,0.031977,172.253.118.0-255,5738,152564,44,306986
3669,0.031986,172.31.46.0-255,66,152630,44,306986
3670,0.03427,172.253.118.0-255,5738,158368,44,306986
3671,0.034279,172.31.46.0-255,66,158434,44,306986
3672,0.036565,172.253.118.0-255,5738,164172,44,306986
3673,0.036573,172.31.46.0-255,66,164238,44,306986
3674,0.037072,172.31.46.0-255,172,164410,44,306986
3675,0.037104,172.31.46.0-255,1109,165519,44,306986
3676,0.037171,172.31.46.0-255,1514,167033,44,306986
3677,0.037174,172.31.46.0-255,1514,168547,44,306986
3678,0.037179,172.31.46.0-255,1514,170061,44,306986
3679,0.03718,172.31.46.0-255,1514,171575,44,306986
3680,0.037199,172.31.46.0-255,1514,173089,44,306986
3681,0.037205,172.31.46.0-255,75,173164,44,306986
3682,0.038617,104.244.42.0-255,66,173230,44,306986
3683,0.038662,104.244.42.0-255,66,173296,44,306986
3684,0.038769,104.244.42.0-255,66,173362,44,306986
3685,0.038775,104.244.42.0-255,66,173428,44,306986
3686,0.038849,172.253.118.0-255,5738,179166,44,306986
3687,0.038855,172.31.46.0-255,66,179232,44,306986
3688,0.041146,172.253.118.0-255,5738,184970,44,306986
3689,0.041154,172.31.46.0-255,66,185036,44,306986
3690,0.043438,172.253.118.0-255,5738,190774,44,306986
3691,0.043444,172.31.46.0-255,66,190840,44,306986
3692,0.045714,172.253.118.0-255,5738,196578,44,306986
3693,0.045721,172.31.46.0-255,66,196644,44,306986
3694,0.048007,172.253.118.0-255,5738,202382,44,306986
3695,0.048014,172.31.46.0-255,66,202448,44,306986
3696,0.0503,172.253.118.0-255,5738,208186,44,306986
3697,0.050307,172.31.46.0-255,66,208252,44,306986
3698,0.052586,172.253.118.0-255,5738,213990,44,306986
3699,0.052594,172.31.46.0-255,66,214056,44,306986
3700,0.054903,172.253.118.0-255,5738,219794,44,306986
3701,0.05491,172.31.46.0-255,66,219860,44,306986
3702,0.057192,172.253.118.0-255,5738,225598,44,306986
3703,0.057198,172.31.46.0-255,66,225664,44,306986
3704,0.059484,172.253.118.0-255,1484,227148,44,306986
3705,0.059504,172.253.118.0-255,4320,231468,44,306986
3706,0.059509,172.31.46.0-255,66,231534,44,306986
3707,0.061803,172.253.118.0-255,5738,237272,44,306986
3708,0.06181,172.31.46.0-255,66,237338,44,306986
3709,0.064075,172.253.118.0-255,5738,243076,44,306986
3710,0.064082,172.31.46.0-255,66,243142,44,306986
3711,0.066367,172.253.118.0-255,5738,248880,44,306986
3712,0.066373,172.31.46.0-255,66,248946,44,306986
3713,0.068645,172.253.118.0-255,5738,254684,44,306986
3714,0.068652,172.31.46.0-255,66,254750,44,306986
3715,0.070924,172.253.118.0-255,5738,260488,44,306986
3716,0.070931,172.31.46.0-255,66,260554,44,306986
3717,0.073214,172.253.118.0-255,5738,266292,44,306986
3718,0.073223,172.31.46.0-255,66,266358,44,306986
3719,0.075508,172.253.118.0-255,5738,272096,44,306986
3720,0.075519,172.31.46.0-255,66,272162,44,306986
3721,0.077807,172.253.118.0-255,5738,277900,44,306986
3722,0.077819,172.31.46.0-255,66,277966,44,306986
3723,0.080132,172.253.118.0-255,5738,283704,44,306986
3724,0.080148,172.31.46.0-255,66,283770,44,306986
3725,0.082465,172.253.118.0-255,5738,289508,44,306986
3726,0.082477,172.31.46.0-255,66,289574,44,306986
3727,0.084772,172.253.118.0-255,5738,295312,44,306986
3728,0.08478,172.31.46.0-255,66,295378,44,306986
3729,0.087069,172.253.118.0-255,5738,301116,44,306986
3730,0.087077,172.31.46.0-255,66,301182,44,306986
3731,0.089394,172.253.118.0-255,5738,306920,44,306986
3732,0.089401,172.31.46.0-255,66,306986,44,306986
3733,0.0,172.217.27.0-255,153,153,44,378515
3734,2.1e-05,172.31.46.0-255,66,219,44,378515
3735,2.7e-05,172.217.27.0-255,1484,1703,44,378515
3736,3.2e-05,172.31.46.0-255,66,1769,44,378515
3737,4.5e-05,172.217.27.0-255,2902,4671,44,378515
3738,4.9e-05,172.31.46.0-255,66,4737,44,378515
3739,5.6e-05,172.217.27.0-255,5738,10475,44,378515
3740,5.9e-05,172.31.46.0-255,66,10541,44,378515
3741,0.000104,172.31.46.0-255,66,10607,44,378515
3742,0.000129,172.217.27.0-255,2043,12650,44,378515
3743,0.000131,172.31.46.0-255,66,12716,44,378515
3744,0.000143,172.31.46.0-255,66,12782,44,378515
3745,0.00021,172.217.27.0-255,1484,14266,44,378515
3746,0.000213,172.31.46.0-255,66,14332,44,378515
3747,0.000218,172.217.27.0-255,2902,17234,44,378515
3748,0.00022,172.31.46.0-255,66,17300,44,378515
3749,0.000224,172.217.27.0-255,2902,20202,44,378515
3750,0.000227,172.31.46.0-255,66,20268,44,378515
3751,0.000232,172.217.27.0-255,2902,23170,44,378515
3752,0.000234,172.31.46.0-255,66,23236,44,378515
3753,0.000267,172.217.27.0-255,1484,24720,44,378515
3754,0.000269,172.31.46.0-255,66,24786,44,378515
3755,0.000274,172.217.27.0-255,2902,27688,44,378515
3756,0.000277,172.31.46.0-255,66,27754,44,378515
3757,0.000304,172.217.27.0-255,2543,30297,44,378515
3758,0.000307,172.31.46.0-255,66,30363,44,378515
3759,0.000336,172.217.27.0-255,2902,33265,44,378515
3760,0.000339,172.31.46.0-255,66,33331,44,378515
3761,0.000344,172.217.27.0-255,2902,36233,44,378515
3762,0.000347,172.31.46.0-255,66,36299,44,378515
3763,0.000408,172.217.27.0-255,1484,37783,44,378515
3764,0.000422,172.31.46.0-255,66,37849,44,378515
3765,0.000425,172.217.27.0-255,1412,39261,44,378515
3766,0.000679,172.217.27.0-255,139,39400,44,378515
3767,0.000685,172.31.46.0-255,66,39466,44,378515
3768,0.001009,172.217.27.0-255,347,39813,44,378515
3769,0.001198,172.217.27.0-255,1484,41297,44,378515
3770,0.001204,172.31.46.0-255,66,41363,44,378515
3771,0.00121,172.217.27.0-255,2902,44265,44,378515
3772,0.001213,172.31.46.0-255,66,44331,44,378515
3773,0.001217,172.217.27.0-255,2902,47233,44,378515
3774,0.001226,172.31.46.0-255,66,47299,44,378515
3775,0.001256,172.217.27.0-255,2902,50201,44,378515
3776,0.001258,172.31.46.0-255,66,50267,44,378515
3777,0.001265,172.217.27.0-255,5738,56005,44,378515
3778,0.001267,172.31.46.0-255,66,56071,44,378515
3779,0.001292,172.217.27.0-255,1125,57196,44,378515
3780,0.001304,172.217.27.0-255,7156,64352,44,378515
3781,0.001307,172.31.46.0-255,66,64418,44,378515
3782,0.001314,172.217.27.0-255,7156,71574,44,378515
3783,0.001316,172.31.46.0-255,66,71640,44,378515
3784,0.001347,172.217.27.0-255,2543,74183,44,378515
3785,0.001349,172.31.46.0-255,66,74249,44,378515
3786,0.002944,172.217.27.0-255,2902,77151,44,378515
3787,0.002952,172.31.46.0-255,66,77217,44,378515
3788,0.002981,172.217.27.0-255,2902,80119,44,378515
3789,0.002984,172.31.46.0-255,66,80185,44,378515
3790,0.004594,172.217.27.0-255,5738,85923,44,378515
3791,0.004598,172.31.46.0-255,66,85989,44,378515
3792,0.006229,172.217.27.0-255,5738,91727,44,378515
3793,0.006236,172.31.46.0-255,66,91793,44,378515
3794,0.007876,172.217.27.0-255,5738,97531,44,378515
3795,0.00788,172.31.46.0-255,66,97597,44,378515
3796,0.009525,172.217.27.0-255,5738,103335,44,378515
3797,0.009532,172.31.46.0-255,66,103401,44,378515
3798,0.011193,172.217.27.0-255,5738,109139,44,378515
3799,0.011201,172.31.46.0-255,66,109205,44,378515
3800,0.012844,172.217.27.0-255,5738,114943,44,378515
3801,0.012851,172.31.46.0-255,66,115009,44,378515
3802,0.014486,172.217.27.0-255,5738,120747,44,378515
3803,0.014492,172.31.46.0-255,66,120813,44,378515
3804,0.016123,172.217.27.0-255,5738,126551,44,378515
3805,0.01613,172.31.46.0-255,66,126617,44,378515
3806,0.017763,172.217.27.0-255,5738,132355,44,378515
3807,0.017771,172.31.46.0-255,66,132421,44,378515
3808,0.01941,172.217.27.0-255,5738,138159,44,378515
3809,0.019418,172.31.46.0-255,66,138225,44,378515
3810,0.021073,172.217.27.0-255,5738,143963,44,378515
3811,0.021089,172.31.46.0-255,66,144029,44,378515
3812,0.022729,172.217.27.0-255,5738,149767,44,378515
3813,0.02274,172.31.46.0-255,66,149833,44,378515
3814,0.024383,172.217.27.0-255,5738,155571,44,378515
3815,0.024394,172.31.46.0-255,66,155637,44,378515
3816,0.026037,172.217.27.0-255,5738,161375,44,378515
3817,0.026046,172.31.46.0-255,66,161441,44,378515
3818,0.027676,172.217.27.0-255,5738,167179,44,378515
3819,0.027683,172.31.46.0-255,66,167245,44,378515
3820,0.029325,172.217.27.0-255,5738,172983,44,378515
3821,0.029332,172.31.46.0-255,66,173049,44,378515
3822,0.030973,172.217.27.0-255,5738,178787,44,378515
3823,0.030981,172.31.46.0-255,66,178853,44,378515
3824,0.032648,172.217.27.0-255,5738,184591,44,378515
3825,0.032658,172.31.46.0-255,66,184657,44,378515
3826,0.034347,172.217.27.0-255,5738,190395,44,378515
3827,0.034358,172.31.46.0-255,66,190461,44,378515
3828,0.036001,172.217.27.0-255,5738,196199,44,378515
3829,0.036013,172.31.46.0-255,66,196265,44,378515
3830,0.037657,172.217.27.0-255,5738,202003,44,378515
3831,0.03767,172.31.46.0-255,66,202069,44,378515
3832,0.03931,172.217.27.0-255,5738,207807,44,378515
3833,0.039318,172.31.46.0-255,66,207873,44,378515
3834,0.039903,172.31.46.0-255,172,208045,44,378515
3835,0.039933,172.31.46.0-255,1114,209159,44,378515
3836,0.040033,172.31.46.0-255,1514,210673,44,378515
3837,0.040055,172.31.46.0-255,1514,212187,44,378515
3838,0.040059,172.31.46.0-255,1514,213701,44,378515
3839,0.040085,172.31.46.0-255,1514,215215,44,378515
3840,0.040088,172.31.46.0-255,1514,216729,44,378515
3841,0.040089,172.31.46.0-255,70,216799,44,378515
3842,0.040952,172.217.27.0-255,5738,222537,44,378515
3843,0.04096,172.31.46.0-255,66,222603,44,378515
3844,0.041459,104.244.42.0-255,66,222669,44,378515
3845,0.041478,104.244.42.0-255,66,222735,44,378515
3846,0.041576,104.244.42.0-255,66,222801,44,378515
3847,0.041611,104.244.42.0-255,66,222867,44,378515
3848,0.041668,104.244.42.0-255,66,222933,44,378515
3849,0.041674,104.244.42.0-255,66,222999,44,378515
3850,0.042622,172.217.27.0-255,5738,228737,44,378515
3851,0.042631,172.31.46.0-255,66,228803,44,378515
3852,0.044275,172.217.27.0-255,5738,234541,44,378515
3853,0.044282,172.31.46.0-255,66,234607,44,378515
3854,0.045925,172.217.27.0-255,5738,240345,44,378515
3855,0.045932,172.31.46.0-255,66,240411,44,378515
3856,0.047579,172.217.27.0-255,5738,246149,44,378515
3857,0.047587,172.31.46.0-255,66,246215,44,378515
3858,0.049227,172.217.27.0-255,5738,251953,44,378515
3859,0.049234,172.31.46.0-255,66,252019,44,378515
3860,0.050879,172.217.27.0-255,5738,257757,44,378515
3861,0.050887,172.31.46.0-255,66,257823,44,378515
3862,0.052529,172.217.27.0-255,5738,263561,44,378515
3863,0.052539,172.31.46.0-255,66,263627,44,378515
3864,0.054196,172.217.27.0-255,5738,269365,44,378515
3865,0.054217,172.31.46.0-255,66,269431,44,378515
3866,0.055881,172.217.27.0-255,5738,275169,44,378515
3867,0.055895,172.31.46.0-255,66,275235,44,378515
3868,0.057569,172.217.27.0-255,5738,280973,44,378515
3869,0.057593,172.31.46.0-255,66,281039,44,378515
3870,0.059235,172.217.27.0-255,5738,286777,44,378515
3871,0.059242,172.31.46.0-255,66,286843,44,378515
3872,0.060893,172.217.27.0-255,5738,292581,44,378515
3873,0.0609,172.31.46.0-255,66,292647,44,378515
3874,0.06258,172.217.27.0-255,5738,298385,44,378515
3875,0.062587,172.31.46.0-255,66,298451,44,378515
3876,0.064248,172.217.27.0-255,5738,304189,44,378515
3877,0.064255,172.31.46.0-255,66,304255,44,378515
3878,0.065915,172.217.27.0-255,5738,309993,44,378515
3879,0.065923,172.31.46.0-255,66,310059,44,378515
3880,0.067559,172.217.27.0-255,5738,315797,44,378515
3881,0.067566,172.31.46.0-255,66,315863,44,378515
3882,0.069207,172.217.27.0-255,5738,321601,44,378515
3883,0.069217,172.31.46.0-255,66,321667,44,378515
3884,0.070857,172.217.27.0-255,5738,327405,44,378515
3885,0.07087,172.31.46.0-255,66,327471,44,378515
3886,0.072516,172.217.27.0-255,5738,333209,44,378515
3887,0.072525,172.31.46.0-255,66,333275,44,378515
3888,0.07417,172.217.27.0-255,5738,339013,44,378515
3889,0.074178,172.31.46.0-255,66,339079,44,378515
3890,0.075847,172.217.27.0-255,5738,344817,44,378515
3891,0.075855,172.31.46.0-255,66,344883,44,378515
3892,0.077505,172.217.27.0-255,5738,350621,44,378515
3893,0.077512,172.31.46.0-255,66,350687,44,378515
3894,0.079172,172.217.27.0-255,5738,356425,44,378515
3895,0.079178,172.31.46.0-255,66,356491,44,378515
3896,0.080817,172.217.27.0-255,5738,362229,44,378515
3897,0.080824,172.31.46.0-255,66,362295,44,378515
3898,0.08247,172.217.27.0-255,5738,368033,44,378515
3899,0.082478,172.31.46.0-255,66,368099,44,378515
3900,0.084119,172.217.27.0-255,5738,373837,44,378515
3901,0.084126,172.31.46.0-255,66,373903,44,378515
3902,0.085772,172.217.27.0-255,4375,378278,44,378515
3903,0.085785,172.31.46.0-255,66,378344,44,378515
3904,0.086643,172.31.46.0-255,105,378449,44,378515
3905,0.088288,172.217.27.0-255,66,378515,44,378515
3906,0.0,74.125.68.0-255,146,146,44,267443
3907,3.6e-05,172.31.46.0-255,66,212,44,267443
3908,4.3e-05,74.125.68.0-255,1484,1696,44,267443
3909,4.8e-05,172.31.46.0-255,66,1762,44,267443
3910,5.4e-05,74.125.68.0-255,2902,4664,44,267443
3911,5.7e-05,172.31.46.0-255,66,4730,44,267443
3912,6.4e-05,74.125.68.0-255,5738,10468,44,267443
3913,6.7e-05,172.31.46.0-255,66,10534,44,267443
3914,9.6e-05,74.125.68.0-255,6390,16924,44,267443
3915,0.0001,172.31.46.0-255,66,16990,44,267443
3916,0.000128,74.125.68.0-255,2902,19892,44,267443
3917,0.00013,172.31.46.0-255,66,19958,44,267443
3918,0.000149,74.125.68.0-255,4320,24278,44,267443
3919,0.000153,172.31.46.0-255,66,24344,44,267443
3920,0.00016,74.125.68.0-255,5738,30082,44,267443
3921,0.000162,172.31.46.0-255,66,30148,44,267443
3922,0.000184,74.125.68.0-255,1125,31273,44,267443
3923,0.000186,172.31.46.0-255,66,31339,44,267443
3924,0.000244,74.125.68.0-255,1484,32823,44,267443
3925,0.000247,172.31.46.0-255,66,32889,44,267443
3926,0.000263,74.125.68.0-255,2902,35791,44,267443
3927,0.000265,172.31.46.0-255,66,35857,44,267443
3928,0.000268,74.125.68.0-255,1484,37341,44,267443
3929,0.000271,172.31.46.0-255,66,37407,44,267443
3930,0.000295,74.125.68.0-255,2902,40309,44,267443
3931,0.000297,172.31.46.0-255,66,40375,44,267443
3932,0.000301,74.125.68.0-255,2902,43277,44,267443
3933,0.000303,172.31.46.0-255,66,43343,44,267443
3934,0.000324,74.125.68.0-255,5738,49081,44,267443
3935,0.000327,172.31.46.0-255,66,49147,44,267443
3936,0.000333,74.125.68.0-255,5738,54885,44,267443
3937,0.000335,172.31.46.0-255,66,54951,44,267443
3938,0.000342,74.125.68.0-255,7156,62107,44,267443
3939,0.000358,74.125.68.0-255,3602,65709,44,267443
3940,0.000387,74.125.68.0-255,677,66386,44,267443
3941,0.000437,74.125.68.0-255,1484,67870,44,267443
3942,0.00044,74.125.68.0-255,1484,69354,44,267443
3943,0.000452,74.125.68.0-255,1484,70838,44,267443
3944,0.000456,74.125.68.0-255,4320,75158,44,267443
3945,0.000471,74.125.68.0-255,1484,76642,44,267443
3946,0.000493,74.125.68.0-255,2902,79544,44,267443
3947,0.000507,74.125.68.0-255,5738,85282,44,267443
3948,0.000522,74.125.68.0-255,4320,89602,44,267443
3949,0.000535,74.125.68.0-255,2902,92504,44,267443
3950,0.000628,74.125.68.0-255,1484,93988,44,267443
3951,0.000642,74.125.68.0-255,2902,96890,44,267443
3952,0.000646,74.125.68.0-255,1484,98374,44,267443
3953,0.000667,74.125.68.0-255,4320,102694,44,267443
3954,0.000682,74.125.68.0-255,1484,104178,44,267443
3955,0.000688,172.31.46.0-255,66,104244,44,267443
3956,0.000739,172.31.46.0-255,66,104310,44,267443
3957,0.000752,74.125.68.0-255,5738,110048,44,267443
3958,0.000774,74.125.68.0-255,5020,115068,44,267443
3959,0.000784,172.31.46.0-255,66,115134,44,267443
3960,0.000873,74.125.68.0-255,1484,116618,44,267443
3961,0.000887,74.125.68.0-255,2902,119520,44,267443
3962,0.000902,74.125.68.0-255,1484,121004,44,267443
3963,0.000911,172.31.46.0-255,66,121070,44,267443
3964,0.000927,74.125.68.0-255,2902,123972,44,267443
3965,0.000943,74.125.68.0-255,7156,131128,44,267443
3966,0.000965,74.125.68.0-255,5738,136866,44,267443
3967,0.000967,172.31.46.0-255,66,136932,44,267443
3968,0.000972,172.31.46.0-255,66,136998,44,267443
3969,0.000987,74.125.68.0-255,2902,139900,44,267443
3970,0.00099,74.125.68.0-255,766,140666,44,267443
3971,0.001008,172.31.46.0-255,66,140732,44,267443
3972,0.001199,74.125.68.0-255,1484,142216,44,267443
3973,0.001212,74.125.68.0-255,2902,145118,44,267443
3974,0.001221,172.31.46.0-255,66,145184,44,267443
3975,0.001232,74.125.68.0-255,5738,150922,44,267443
3976,0.001248,74.125.68.0-255,4320,155242,44,267443
3977,0.001268,74.125.68.0-255,5738,160980,44,267443
3978,0.001281,74.125.68.0-255,1484,162464,44,267443
3979,0.001285,172.31.46.0-255,66,162530,44,267443
3980,0.001295,74.125.68.0-255,4320,166850,44,267443
3981,0.001305,172.31.46.0-255,66,166916,44,267443
3982,0.001311,74.125.68.0-255,5738,172654,44,267443
3983,0.001315,74.125.68.0-255,2184,174838,44,267443
3984,0.00139,172.31.46.0-255,66,174904,44,267443
3985,0.001432,74.125.68.0-255,766,175670,44,267443
3986,0.00144,172.31.46.0-255,66,175736,44,267443
3987,0.001457,74.125.68.0-255,1484,177220,44,267443
3988,0.001471,74.125.68.0-255,2902,180122,44,267443
3989,0.001478,172.31.46.0-255,66,180188,44,267443
3990,0.001492,74.125.68.0-255,5738,185926,44,267443
3991,0.001498,172.31.46.0-255,66,185992,44,267443
3992,0.001517,74.125.68.0-255,4320,190312,44,267443
3993,0.001529,74.125.68.0-255,5738,196050,44,267443
3994,0.00154,74.125.68.0-255,1484,197534,44,267443
3995,0.001544,172.31.46.0-255,66,197600,44,267443
3996,0.001573,74.125.68.0-255,2184,199784,44,267443
3997,0.001585,172.31.46.0-255,66,199850,44,267443
3998,0.001611,74.125.68.0-255,1484,201334,44,267443
3999,0.001671,172.31.46.0-255,66,201400,44,267443
4000,0.001678,74.125.68.0-255,7156,208556,44,267443
4001,0.001683,74.125.68.0-255,3602,212158,44,267443
4002,0.001689,172.31.46.0-255,66,212224,44,267443
4003,0.001711,74.125.68.0-255,1484,213708,44,267443
4004,0.001773,74.125.68.0-255,5738,219446,44,267443
4005,0.001778,172.31.46.0-255,66,219512,44,267443
4006,0.001783,172.31.46.0-255,66,219578,44,267443
4007,0.001815,74.125.68.0-255,5738,225316,44,267443
4008,0.001821,172.31.46.0-255,66,225382,44,267443
4009,0.001843,74.125.68.0-255,5738,231120,44,267443
4010,0.001858,74.125.68.0-255,1484,232604,44,267443
4011,0.001876,74.125.68.0-255,1484,234088,44,267443
4012,0.001879,172.31.46.0-255,66,234154,44,267443
4013,0.001913,74.125.68.0-255,7156,241310,44,267443
4014,0.001918,172.31.46.0-255,66,241376,44,267443
4015,0.001929,74.125.68.0-255,5738,247114,44,267443
4016,0.001968,74.125.68.0-255,5738,252852,44,267443
4017,0.001974,172.31.46.0-255,66,252918,44,267443
4018,0.001984,74.125.68.0-255,1484,254402,44,267443
4019,0.001997,74.125.68.0-255,2184,256586,44,267443
4020,0.00202,74.125.68.0-255,1259,257845,44,267443
4021,0.002026,172.31.46.0-255,66,257911,44,267443
4022,0.004014,74.125.68.0-255,105,258016,44,267443
4023,0.010893,172.31.46.0-255,66,258082,44,267443
4024,0.010952,172.31.46.0-255,105,258187,44,267443
4025,0.012945,74.125.68.0-255,66,258253,44,267443
4026,0.036554,172.31.46.0-255,172,258425,44,267443
4027,0.036585,172.31.46.0-255,1114,259539,44,267443
4028,0.036651,172.31.46.0-255,1514,261053,44,267443
4029,0.036653,172.31.46.0-255,1514,262567,44,267443
4030,0.036658,172.31.46.0-255,1514,264081,44,267443
4031,0.036659,172.31.46.0-255,1514,265595,44,267443
4032,0.036678,172.31.46.0-255,1514,267109,44,267443
4033,0.036679,172.31.46.0-255,70,267179,44,267443
4034,0.038145,104.244.42.0-255,66,267245,44,267443
4035,0.038157,104.244.42.0-255,66,267311,44,267443
4036,0.038241,104.244.42.0-255,66,267377,44,267443
4037,0.038247,104.244.42.0-255,66,267443,44,267443
4038,0.0,172.217.194.0-255,153,153,44,274005
4039,2.3e-05,172.31.46.0-255,66,219,44,274005
4040,3e-05,172.217.194.0-255,1484,1703,44,274005
4041,3.5e-05,172.31.46.0-255,66,1769,44,274005
4042,4.7e-05,172.217.194.0-255,2902,4671,44,274005
4043,5.1e-05,172.31.46.0-255,66,4737,44,274005
4044,5.9e-05,172.217.194.0-255,5738,10475,44,274005
4045,6.2e-05,172.31.46.0-255,66,10541,44,274005
4046,0.000105,172.217.194.0-255,3465,14006,44,274005
4047,0.000108,172.31.46.0-255,66,14072,44,274005
4048,0.000113,172.217.194.0-255,1484,15556,44,274005
4049,0.000115,172.31.46.0-255,66,15622,44,274005
4050,0.000136,172.217.194.0-255,2902,18524,44,274005
4051,0.000139,172.31.46.0-255,66,18590,44,274005
4052,0.000156,172.31.46.0-255,66,18656,44,274005
4053,0.000207,172.217.194.0-255,5738,24394,44,274005
4054,0.00021,172.31.46.0-255,66,24460,44,274005
4055,0.000236,172.217.194.0-255,2543,27003,44,274005
4056,0.000239,172.31.46.0-255,66,27069,44,274005
4057,0.000255,172.31.46.0-255,66,27135,44,274005
4058,0.000259,172.217.194.0-255,2543,29678,44,274005
4059,0.000262,172.31.46.0-255,66,29744,44,274005
4060,0.000362,172.217.194.0-255,1484,31228,44,274005
4061,0.000366,172.31.46.0-255,66,31294,44,274005
4062,0.000372,172.217.194.0-255,2902,34196,44,274005
4063,0.000374,172.31.46.0-255,66,34262,44,274005
4064,0.000385,172.217.194.0-255,5738,40000,44,274005
4065,0.000387,172.31.46.0-255,66,40066,44,274005
4066,0.00041,172.217.194.0-255,1484,41550,44,274005
4067,0.000412,172.31.46.0-255,66,41616,44,274005
4068,0.000442,172.217.194.0-255,5379,46995,44,274005
4069,0.000444,172.31.46.0-255,66,47061,44,274005
4070,0.000447,172.217.194.0-255,368,47429,44,274005
4071,0.000451,172.217.194.0-255,377,47806,44,274005
4072,0.000619,172.217.194.0-255,1484,49290,44,274005
4073,0.000624,172.31.46.0-255,66,49356,44,274005
4074,0.000628,172.217.194.0-255,1484,50840,44,274005
4075,0.000658,172.217.194.0-255,1484,52324,44,274005
4076,0.000661,172.31.46.0-255,66,52390,44,274005
4077,0.000669,172.217.194.0-255,5738,58128,44,274005
4078,0.000671,172.31.46.0-255,66,58194,44,274005
4079,0.000683,172.217.194.0-255,6797,64991,44,274005
4080,0.000686,172.31.46.0-255,66,65057,44,274005
4081,0.000693,172.217.194.0-255,7156,72213,44,274005
4082,0.000697,172.31.46.0-255,66,72279,44,274005
4083,0.000759,172.31.46.0-255,66,72345,44,274005
4084,0.000761,172.217.194.0-255,1125,73470,44,274005
4085,0.001531,172.31.46.0-255,66,73536,44,274005
4086,0.001981,172.217.194.0-255,1484,75020,44,274005
4087,0.001993,172.217.194.0-255,2902,77922,44,274005
4088,0.001998,172.31.46.0-255,66,77988,44,274005
4089,0.002006,172.217.194.0-255,5738,83726,44,274005
4090,0.002009,172.31.46.0-255,66,83792,44,274005
4091,0.00202,172.217.194.0-255,4320,88112,44,274005
4092,0.002023,172.31.46.0-255,66,88178,44,274005
4093,0.002059,172.31.46.0-255,66,88244,44,274005
4094,0.002067,172.217.194.0-255,7156,95400,44,274005
4095,0.00207,172.31.46.0-255,66,95466,44,274005
4096,0.002097,172.217.194.0-255,3602,99068,44,274005
4097,0.0021,172.31.46.0-255,66,99134,44,274005
4098,0.002196,172.217.194.0-255,1484,100618,44,274005
4099,0.002203,172.217.194.0-255,2902,103520,44,274005
4100,0.002206,172.31.46.0-255,66,103586,44,274005
4101,0.002212,172.217.194.0-255,4320,107906,44,274005
4102,0.002214,172.31.46.0-255,66,107972,44,274005
4103,0.002231,172.217.194.0-255,1484,109456,44,274005
4104,0.002239,172.217.194.0-255,7156,116612,44,274005
4105,0.002241,172.31.46.0-255,66,116678,44,274005
4106,0.002261,172.31.46.0-255,66,116744,44,274005
4107,0.00229,172.217.194.0-255,2184,118928,44,274005
4108,0.002293,172.31.46.0-255,66,118994,44,274005
4109,0.002903,172.217.194.0-255,1484,120478,44,274005
4110,0.002911,172.217.194.0-255,2902,123380,44,274005
4111,0.002915,172.31.46.0-255,66,123446,44,274005
4112,0.002936,172.217.194.0-255,2902,126348,44,274005
4113,0.002938,172.31.46.0-255,66,126414,44,274005
4114,0.002943,172.217.194.0-255,4320,130734,44,274005
4115,0.002946,172.31.46.0-255,66,130800,44,274005
4116,0.002951,172.217.194.0-255,2902,133702,44,274005
4117,0.002953,172.31.46.0-255,66,133768,44,274005
4118,0.002956,172.217.194.0-255,1484,135252,44,274005
4119,0.002991,172.31.46.0-255,66,135318,44,274005
4120,0.003023,172.217.194.0-255,5738,141056,44,274005
4121,0.003026,172.31.46.0-255,66,141122,44,274005
4122,0.00303,172.217.194.0-255,2184,143306,44,274005
4123,0.003032,172.31.46.0-255,66,143372,44,274005
4124,0.003159,172.217.194.0-255,1484,144856,44,274005
4125,0.003165,172.217.194.0-255,2902,147758,44,274005
4126,0.003168,172.31.46.0-255,66,147824,44,274005
4127,0.003173,172.217.194.0-255,2902,150726,44,274005
4128,0.003177,172.31.46.0-255,66,150792,44,274005
4129,0.00321,172.217.194.0-255,2902,153694,44,274005
4130,0.003213,172.31.46.0-255,66,153760,44,274005
4131,0.003225,172.31.46.0-255,66,153826,44,274005
4132,0.003242,172.31.46.0-255,66,153892,44,274005
4133,0.003246,172.217.194.0-255,2184,156076,44,274005
4134,0.003248,172.31.46.0-255,66,156142,44,274005
4135,0.003499,172.217.194.0-255,1484,157626,44,274005
4136,0.00352,172.217.194.0-255,2902,160528,44,274005
4137,0.003523,172.31.46.0-255,66,160594,44,274005
4138,0.00353,172.217.194.0-255,5738,166332,44,274005
4139,0.003533,172.31.46.0-255,66,166398,44,274005
4140,0.003548,172.217.194.0-255,5738,172136,44,274005
4141,0.00355,172.31.46.0-255,66,172202,44,274005
4142,0.003581,172.217.194.0-255,7156,179358,44,274005
4143,0.003588,172.31.46.0-255,66,179424,44,274005
4144,0.003599,172.31.46.0-255,66,179490,44,274005
4145,0.003601,172.217.194.0-255,766,180256,44,274005
4146,0.003628,172.217.194.0-255,1484,181740,44,274005
4147,0.003631,172.31.46.0-255,66,181806,44,274005
4148,0.003636,172.217.194.0-255,4320,186126,44,274005
4149,0.003638,172.31.46.0-255,66,186192,44,274005
4150,0.003714,172.31.46.0-255,66,186258,44,274005
4151,0.003731,172.31.46.0-255,66,186324,44,274005
4152,0.003738,172.217.194.0-255,6438,192762,44,274005
4153,0.00374,172.31.46.0-255,66,192828,44,274005
4154,0.003765,172.217.194.0-255,1484,194312,44,274005
4155,0.003785,172.217.194.0-255,2902,197214,44,274005
4156,0.00381,172.217.194.0-255,5738,202952,44,274005
4157,0.003817,172.217.194.0-255,7156,210108,44,274005
4158,0.003843,172.217.194.0-255,7156,217264,44,274005
4159,0.003864,172.217.194.0-255,4320,221584,44,274005
4160,0.003879,172.217.194.0-255,5020,226604,44,274005
4161,0.003923,172.217.194.0-255,1484,228088,44,274005
4162,0.003928,172.217.194.0-255,2902,230990,44,274005
4163,0.003951,172.217.194.0-255,5738,236728,44,274005
4164,0.003954,172.217.194.0-255,1484,238212,44,274005
4165,0.003972,172.217.194.0-255,4320,242532,44,274005
4166,0.00399,172.217.194.0-255,2902,245434,44,274005
4167,0.004019,172.217.194.0-255,5020,250454,44,274005
4168,0.004069,172.217.194.0-255,1484,251938,44,274005
4169,0.004083,172.217.194.0-255,4320,256258,44,274005
4170,0.004103,172.217.194.0-255,5738,261996,44,274005
4171,0.004133,172.217.194.0-255,2310,264306,44,274005
4172,0.004151,172.217.194.0-255,105,264411,44,274005
4173,0.00701,172.31.46.0-255,66,264477,44,274005
4174,0.00924,172.31.46.0-255,101,264578,44,274005
4175,0.00953,172.31.46.0-255,105,264683,44,274005
4176,0.011467,172.217.194.0-255,66,264749,44,274005
4177,0.011788,172.217.194.0-255,66,264815,44,274005
4178,0.04038,172.31.46.0-255,172,264987,44,274005
4179,0.040417,172.31.46.0-255,1115,266102,44,274005
4180,0.040483,172.31.46.0-255,1514,267616,44,274005
4181,0.040486,172.31.46.0-255,1514,269130,44,274005
4182,0.040487,172.31.46.0-255,1514,270644,44,274005
4183,0.040494,172.31.46.0-255,1514,272158,44,274005
4184,0.040495,172.31.46.0-255,1514,273672,44,274005
4185,0.040496,172.31.46.0-255,69,273741,44,274005
4186,0.041934,104.244.42.0-255,66,273807,44,274005
4187,0.041977,104.244.42.0-255,66,273873,44,274005
4188,0.042097,104.244.42.0-255,66,273939,44,274005
4189,0.042103,104.244.42.0-255,66,274005,44,274005
4190,0.0,172.217.194.0-255,154,154,44,236020
4191,1.7e-05,172.31.46.0-255,66,220,44,236020
4192,2.3e-05,172.217.194.0-255,1484,1704,44,236020
4193,2.7e-05,172.31.46.0-255,66,1770,44,236020
4194,3.2e-05,172.217.194.0-255,2902,4672,44,236020
4195,3.5e-05,172.31.46.0-255,66,4738,44,236020
4196,4.2e-05,172.217.194.0-255,7156,11894,44,236020
4197,4.5e-05,172.31.46.0-255,66,11960,44,236020
4198,7e-05,172.217.194.0-255,2075,14035,44,236020
4199,7.2e-05,172.31.46.0-255,66,14101,44,236020
4200,0.000111,172.217.194.0-255,1484,15585,44,236020
4201,0.000113,172.31.46.0-255,66,15651,44,236020
4202,0.000116,172.217.194.0-255,1484,17135,44,236020
4203,0.000118,172.31.46.0-255,66,17201,44,236020
4204,0.000128,172.217.194.0-255,1484,18685,44,236020
4205,0.00013,172.31.46.0-255,66,18751,44,236020
4206,0.000144,172.217.194.0-255,2902,21653,44,236020
4207,0.000146,172.31.46.0-255,66,21719,44,236020
4208,0.000158,172.217.194.0-255,2902,24621,44,236020
4209,0.000161,172.31.46.0-255,66,24687,44,236020
4210,0.000176,172.217.194.0-255,6797,31484,44,236020
4211,0.000178,172.31.46.0-255,66,31550,44,236020
4212,0.000205,172.217.194.0-255,7156,38706,44,236020
4213,0.000208,172.31.46.0-255,66,38772,44,236020
4214,0.00021,172.217.194.0-255,1484,40256,44,236020
4215,0.000212,172.31.46.0-255,66,40322,44,236020
4216,0.000234,172.31.46.0-255,66,40388,44,236020
4217,0.00076,172.217.194.0-255,1484,41872,44,236020
4218,0.000765,172.31.46.0-255,66,41938,44,236020
4219,0.000772,172.217.194.0-255,2902,44840,44,236020
4220,0.000774,172.31.46.0-255,66,44906,44,236020
4221,0.000779,172.217.194.0-255,4320,49226,44,236020
4222,0.000805,172.217.194.0-255,4320,53546,44,236020
4223,0.000818,172.217.194.0-255,5379,58925,44,236020
4224,0.000823,172.217.194.0-255,4320,63245,44,236020
4225,0.000841,172.217.194.0-255,4320,67565,44,236020
4226,0.000884,172.217.194.0-255,5738,73303,44,236020
4227,0.0009,172.217.194.0-255,3124,76427,44,236020
4228,0.000933,172.217.194.0-255,4320,80747,44,236020
4229,0.000946,172.217.194.0-255,1125,81872,44,236020
4230,0.001244,172.217.194.0-255,1484,83356,44,236020
4231,0.001251,172.217.194.0-255,2902,86258,44,236020
4232,0.001264,172.217.194.0-255,2902,89160,44,236020
4233,0.001281,172.217.194.0-255,2902,92062,44,236020
4234,0.001286,172.217.194.0-255,4320,96382,44,236020
4235,0.001317,172.217.194.0-255,5738,102120,44,236020
4236,0.001334,172.217.194.0-255,5020,107140,44,236020
4237,0.00145,172.217.194.0-255,1484,108624,44,236020
4238,0.001454,172.217.194.0-255,1484,110108,44,236020
4239,0.001467,172.217.194.0-255,1484,111592,44,236020
4240,0.001472,172.217.194.0-255,4320,115912,44,236020
4241,0.001484,172.217.194.0-255,1484,117396,44,236020
4242,0.001503,172.217.194.0-255,2902,120298,44,236020
4243,0.001537,172.217.194.0-255,1484,121782,44,236020
4244,0.001607,172.217.194.0-255,3602,125384,44,236020
4245,0.001613,172.217.194.0-255,4320,129704,44,236020
4246,0.001666,172.217.194.0-255,5738,135442,44,236020
4247,0.001679,172.217.194.0-255,766,136208,44,236020
4248,0.001727,172.217.194.0-255,1484,137692,44,236020
4249,0.001742,172.217.194.0-255,2902,140594,44,236020
4250,0.00176,172.217.194.0-255,5738,146332,44,236020
4251,0.001783,172.217.194.0-255,7156,153488,44,236020
4252,0.001807,172.217.194.0-255,4320,157808,44,236020
4253,0.001842,172.217.194.0-255,2184,159992,44,236020
4254,0.001894,172.217.194.0-255,1484,161476,44,236020
4255,0.001913,172.217.194.0-255,2902,164378,44,236020
4256,0.001916,172.217.194.0-255,1484,165862,44,236020
4257,0.001936,172.217.194.0-255,4320,170182,44,236020
4258,0.001942,172.217.194.0-255,4320,174502,44,236020
4259,0.001976,172.217.194.0-255,7156,181658,44,236020
4260,0.001994,172.217.194.0-255,3602,185260,44,236020
4261,0.00202,172.217.194.0-255,4320,189580,44,236020
4262,0.00204,172.217.194.0-255,7156,196736,44,236020
4263,0.002079,172.217.194.0-255,2902,199638,44,236020
4264,0.002099,172.217.194.0-255,7156,206794,44,236020
4265,0.002152,172.217.194.0-255,7156,213950,44,236020
4266,0.002156,172.217.194.0-255,2902,216852,44,236020
4267,0.002261,172.217.194.0-255,5020,221872,44,236020
4268,0.002292,172.217.194.0-255,5829,227701,44,236020
4269,0.002294,172.217.194.0-255,105,227806,44,236020
4270,0.002779,172.31.46.0-255,66,227872,44,236020
4271,0.005337,172.31.46.0-255,105,227977,44,236020
4272,0.007602,172.217.194.0-255,66,228043,44,236020
4273,0.034481,172.31.46.0-255,187,228230,44,236020
4274,0.034507,172.31.46.0-255,979,229209,44,236020
4275,0.034564,172.31.46.0-255,1514,230723,44,236020
4276,0.034566,172.31.46.0-255,1514,232237,44,236020
4277,0.034571,172.31.46.0-255,1514,233751,44,236020
4278,0.034572,172.31.46.0-255,1514,235265,44,236020
4279,0.034588,172.31.46.0-255,491,235756,44,236020
4280,0.036023,104.244.42.0-255,66,235822,44,236020
4281,0.036051,104.244.42.0-255,66,235888,44,236020
4282,0.036131,104.244.42.0-255,66,235954,44,236020
4283,0.036143,104.244.42.0-255,66,236020,44,236020
4284,0.0,74.125.24.0-255,146,146,44,193188
4285,2e-05,172.31.46.0-255,66,212,44,193188
4286,2.7e-05,74.125.24.0-255,1484,1696,44,193188
4287,3.1e-05,172.31.46.0-255,66,1762,44,193188
4288,4.3e-05,74.125.24.0-255,2902,4664,44,193188
4289,4.6e-05,172.31.46.0-255,66,4730,44,193188
4290,5.2e-05,74.125.24.0-255,4320,9050,44,193188
4291,5.5e-05,172.31.46.0-255,66,9116,44,193188
4292,6.2e-05,74.125.24.0-255,4776,13892,44,193188
4293,6.6e-05,172.31.46.0-255,66,13958,44,193188
4294,9.8e-05,172.31.46.0-255,66,14024,44,193188
4295,0.000109,74.125.24.0-255,5379,19403,44,193188
4296,0.000111,172.31.46.0-255,66,19469,44,193188
4297,0.000189,74.125.24.0-255,1484,20953,44,193188
4298,0.000192,172.31.46.0-255,66,21019,44,193188
4299,0.000197,74.125.24.0-255,2902,23921,44,193188
4300,0.000199,172.31.46.0-255,66,23987,44,193188
4301,0.000205,74.125.24.0-255,4320,28307,44,193188
4302,0.000211,172.31.46.0-255,66,28373,44,193188
4303,0.000237,74.125.24.0-255,1484,29857,44,193188
4304,0.00024,172.31.46.0-255,66,29923,44,193188
4305,0.000258,172.31.46.0-255,66,29989,44,193188
4306,0.000265,74.125.24.0-255,7156,37145,44,193188
4307,0.000268,172.31.46.0-255,66,37211,44,193188
4308,0.000295,74.125.24.0-255,1484,38695,44,193188
4309,0.000297,172.31.46.0-255,66,38761,44,193188
4310,0.000321,74.125.24.0-255,1434,40195,44,193188
4311,0.000323,172.31.46.0-255,66,40261,44,193188
4312,0.000326,74.125.24.0-255,114,40375,44,193188
4313,0.000329,172.31.46.0-255,66,40441,44,193188
4314,0.000439,74.125.24.0-255,1484,41925,44,193188
4315,0.000446,74.125.24.0-255,2902,44827,44,193188
4316,0.000449,172.31.46.0-255,66,44893,44,193188
4317,0.00048,74.125.24.0-255,5738,50631,44,193188
4318,0.000483,172.31.46.0-255,66,50697,44,193188
4319,0.000494,172.31.46.0-255,66,50763,44,193188
4320,0.000525,74.125.24.0-255,3961,54724,44,193188
4321,0.000528,172.31.46.0-255,66,54790,44,193188
4322,0.000538,172.31.46.0-255,66,54856,44,193188
4323,0.000545,74.125.24.0-255,1368,56224,44,193188
4324,0.00057,74.125.24.0-255,1484,57708,44,193188
4325,0.000572,172.31.46.0-255,66,57774,44,193188
4326,0.000603,74.125.24.0-255,4320,62094,44,193188
4327,0.000606,172.31.46.0-255,66,62160,44,193188
4328,0.000612,74.125.24.0-255,5738,67898,44,193188
4329,0.000615,172.31.46.0-255,66,67964,44,193188
4330,0.000627,74.125.24.0-255,7156,75120,44,193188
4331,0.000629,172.31.46.0-255,66,75186,44,193188
4332,0.000669,172.31.46.0-255,66,75252,44,193188
4333,0.000672,74.125.24.0-255,766,76018,44,193188
4334,0.000709,74.125.24.0-255,1484,77502,44,193188
4335,0.000712,172.31.46.0-255,66,77568,44,193188
4336,0.000717,74.125.24.0-255,2902,80470,44,193188
4337,0.00072,172.31.46.0-255,66,80536,44,193188
4338,0.000754,74.125.24.0-255,5738,86274,44,193188
4339,0.000757,172.31.46.0-255,66,86340,44,193188
4340,0.00077,172.31.46.0-255,66,86406,44,193188
4341,0.000781,74.125.24.0-255,5738,92144,44,193188
4342,0.000784,172.31.46.0-255,66,92210,44,193188
4343,0.00081,74.125.24.0-255,2902,95112,44,193188
4344,0.000814,172.31.46.0-255,66,95178,44,193188
4345,0.000822,74.125.24.0-255,2184,97362,44,193188
4346,0.000825,172.31.46.0-255,66,97428,44,193188
4347,0.000836,74.125.24.0-255,5738,103166,44,193188
4348,0.000838,172.31.46.0-255,66,103232,44,193188
4349,0.000863,74.125.24.0-255,2902,106134,44,193188
4350,0.000869,172.31.46.0-255,66,106200,44,193188
4351,0.000903,172.31.46.0-255,66,106266,44,193188
4352,0.000921,172.31.46.0-255,66,106332,44,193188
4353,0.000924,74.125.24.0-255,766,107098,44,193188
4354,0.000976,74.125.24.0-255,1484,108582,44,193188
4355,0.00098,172.31.46.0-255,66,108648,44,193188
4356,0.000985,74.125.24.0-255,2902,111550,44,193188
4357,0.000987,172.31.46.0-255,66,111616,44,193188
4358,0.001015,74.125.24.0-255,5738,117354,44,193188
4359,0.001018,172.31.46.0-255,66,117420,44,193188
4360,0.001067,74.125.24.0-255,5738,123158,44,193188
4361,0.001071,172.31.46.0-255,66,123224,44,193188
4362,0.001101,74.125.24.0-255,4320,127544,44,193188
4363,0.001104,172.31.46.0-255,66,127610,44,193188
4364,0.001122,172.31.46.0-255,66,127676,44,193188
4365,0.001125,74.125.24.0-255,1484,129160,44,193188
4366,0.001129,74.125.24.0-255,2902,132062,44,193188
4367,0.001131,172.31.46.0-255,66,132128,44,193188
4368,0.001137,74.125.24.0-255,5738,137866,44,193188
4369,0.001139,172.31.46.0-255,66,137932,44,193188
4370,0.001142,74.125.24.0-255,1484,139416,44,193188
4371,0.001197,172.31.46.0-255,66,139482,44,193188
4372,0.001216,172.31.46.0-255,66,139548,44,193188
4373,0.001289,74.125.24.0-255,1484,141032,44,193188
4374,0.001295,74.125.24.0-255,2902,143934,44,193188
4375,0.001297,172.31.46.0-255,66,144000,44,193188
4376,0.001305,74.125.24.0-255,5738,149738,44,193188
4377,0.001307,172.31.46.0-255,66,149804,44,193188
4378,0.001317,74.125.24.0-255,4320,154124,44,193188
4379,0.00132,172.31.46.0-255,66,154190,44,193188
4380,0.00136,172.31.46.0-255,66,154256,44,193188
4381,0.001367,74.125.24.0-255,5738,159994,44,193188
4382,0.001369,172.31.46.0-255,66,160060,44,193188
4383,0.001398,74.125.24.0-255,2184,162244,44,193188
4384,0.001401,172.31.46.0-255,66,162310,44,193188
4385,0.00142,74.125.24.0-255,5738,168048,44,193188
4386,0.001423,172.31.46.0-255,66,168114,44,193188
4387,0.001426,74.125.24.0-255,1484,169598,44,193188
4388,0.001455,74.125.24.0-255,5738,175336,44,193188
4389,0.001473,74.125.24.0-255,6438,181774,44,193188
4390,0.001477,172.31.46.0-255,66,181840,44,193188
4391,0.001484,172.31.46.0-255,66,181906,44,193188
4392,0.001487,172.31.46.0-255,66,181972,44,193188
4393,0.001537,172.31.46.0-255,66,182038,44,193188
4394,0.001551,172.31.46.0-255,66,182104,44,193188
4395,0.001579,74.125.24.0-255,1484,183588,44,193188
4396,0.00161,172.31.46.0-255,66,183654,44,193188
4397,0.001613,74.125.24.0-255,105,183759,44,193188
4398,0.004404,172.31.46.0-255,66,183825,44,193188
4399,0.004439,172.31.46.0-255,105,183930,44,193188
4400,0.00691,74.125.24.0-255,66,183996,44,193188
4401,0.034253,172.31.46.0-255,172,184168,44,193188
4402,0.034287,172.31.46.0-255,1113,185281,44,193188
4403,0.034356,172.31.46.0-255,1514,186795,44,193188
4404,0.034358,172.31.46.0-255,1514,188309,44,193188
4405,0.034359,172.31.46.0-255,1514,189823,44,193188
4406,0.034364,172.31.46.0-255,1514,191337,44,193188
4407,0.034365,172.31.46.0-255,1514,192851,44,193188
4408,0.034403,172.31.46.0-255,73,192924,44,193188
4409,0.035801,104.244.42.0-255,66,192990,44,193188
4410,0.035828,104.244.42.0-255,66,193056,44,193188
4411,0.035922,104.244.42.0-255,66,193122,44,193188
4412,0.035947,104.244.42.0-255,66,193188,44,193188
4413,0.0,172.217.194.0-255,150,150,44,328948
4414,2.7e-05,172.31.46.0-255,66,216,44,328948
4415,3.5e-05,172.217.194.0-255,1484,1700,44,328948
4416,4e-05,172.31.46.0-255,66,1766,44,328948
4417,5.2e-05,172.217.194.0-255,2902,4668,44,328948
4418,5.6e-05,172.31.46.0-255,66,4734,44,328948
4419,6.4e-05,172.217.194.0-255,7156,11890,44,328948
4420,6.8e-05,172.31.46.0-255,66,11956,44,328948
4421,7.2e-05,172.217.194.0-255,1937,13893,44,328948
4422,7.5e-05,172.31.46.0-255,66,13959,44,328948
4423,0.000129,172.217.194.0-255,1484,15443,44,328948
4424,0.000132,172.31.46.0-255,66,15509,44,328948
4425,0.000138,172.217.194.0-255,2902,18411,44,328948
4426,0.00014,172.31.46.0-255,66,18477,44,328948
4427,0.000145,172.217.194.0-255,2902,21379,44,328948
4428,0.000148,172.31.46.0-255,66,21445,44,328948
4429,0.000179,172.217.194.0-255,2902,24347,44,328948
4430,0.000181,172.31.46.0-255,66,24413,44,328948
4431,0.000189,172.217.194.0-255,6797,31210,44,328948
4432,0.000196,172.31.46.0-255,66,31276,44,328948
4433,0.000224,172.217.194.0-255,7156,38432,44,328948
4434,0.000227,172.31.46.0-255,66,38498,44,328948
4435,0.000251,172.217.194.0-255,7156,45654,44,328948
4436,0.000254,172.31.46.0-255,66,45720,44,328948
4437,0.000258,172.217.194.0-255,2543,48263,44,328948
4438,0.00026,172.31.46.0-255,66,48329,44,328948
4439,0.000298,172.217.194.0-255,4320,52649,44,328948
4440,0.000304,172.217.194.0-255,5738,58387,44,328948
4441,0.000308,172.31.46.0-255,66,58453,44,328948
4442,0.000315,172.31.46.0-255,66,58519,44,328948
4443,0.000343,172.217.194.0-255,6797,65316,44,328948
4444,0.000346,172.31.46.0-255,66,65382,44,328948
4445,0.000381,172.31.46.0-255,66,65448,44,328948
4446,0.000391,172.31.46.0-255,66,65514,44,328948
4447,0.000438,172.217.194.0-255,4320,69834,44,328948
4448,0.00044,172.31.46.0-255,66,69900,44,328948
4449,0.00047,172.217.194.0-255,5379,75279,44,328948
4450,0.000472,172.31.46.0-255,66,75345,44,328948
4451,0.000516,172.31.46.0-255,66,75411,44,328948
4452,0.000839,172.217.194.0-255,1484,76895,44,328948
4453,0.000848,172.217.194.0-255,2902,79797,44,328948
4454,0.000851,172.31.46.0-255,66,79863,44,328948
4455,0.000858,172.217.194.0-255,5738,85601,44,328948
4456,0.00086,172.31.46.0-255,66,85667,44,328948
4457,0.000899,172.31.46.0-255,66,85733,44,328948
4458,0.000906,172.217.194.0-255,7156,92889,44,328948
4459,0.000909,172.31.46.0-255,66,92955,44,328948
4460,0.000935,172.217.194.0-255,2902,95857,44,328948
4461,0.000938,172.31.46.0-255,66,95923,44,328948
4462,0.000963,172.217.194.0-255,766,96689,44,328948
4463,0.001012,172.217.194.0-255,1484,98173,44,328948
4464,0.001016,172.31.46.0-255,66,98239,44,328948
4465,0.001019,172.217.194.0-255,1484,99723,44,328948
4466,0.001047,172.217.194.0-255,1484,101207,44,328948
4467,0.00105,172.31.46.0-255,66,101273,44,328948
4468,0.001057,172.217.194.0-255,5738,107011,44,328948
4469,0.00106,172.31.46.0-255,66,107077,44,328948
4470,0.001066,172.217.194.0-255,5738,112815,44,328948
4471,0.001069,172.31.46.0-255,66,112881,44,328948
4472,0.001087,172.31.46.0-255,66,112947,44,328948
4473,0.001126,172.217.194.0-255,1484,114431,44,328948
4474,0.001149,172.217.194.0-255,3602,118033,44,328948
4475,0.001152,172.31.46.0-255,66,118099,44,328948
4476,0.001302,172.217.194.0-255,1484,119583,44,328948
4477,0.001307,172.217.194.0-255,2902,122485,44,328948
4478,0.00132,172.31.46.0-255,66,122551,44,328948
4479,0.001327,172.217.194.0-255,5738,128289,44,328948
4480,0.00133,172.31.46.0-255,66,128355,44,328948
4481,0.001337,172.217.194.0-255,1484,129839,44,328948
4482,0.001371,172.217.194.0-255,7156,136995,44,328948
4483,0.001374,172.31.46.0-255,66,137061,44,328948
4484,0.001402,172.217.194.0-255,4320,141381,44,328948
4485,0.001405,172.31.46.0-255,66,141447,44,328948
4486,0.001443,172.31.46.0-255,66,141513,44,328948
4487,0.001954,172.217.194.0-255,1484,142997,44,328948
4488,0.001963,172.217.194.0-255,2902,145899,44,328948
4489,0.001969,172.31.46.0-255,66,145965,44,328948
4490,0.001977,172.217.194.0-255,4320,150285,44,328948
4491,0.00198,172.31.46.0-255,66,150351,44,328948
4492,0.001998,172.217.194.0-255,1484,151835,44,328948
4493,0.00203,172.31.46.0-255,66,151901,44,328948
4494,0.002072,172.217.194.0-255,7156,159057,44,328948
4495,0.002076,172.31.46.0-255,66,159123,44,328948
4496,0.002103,172.217.194.0-255,3602,162725,44,328948
4497,0.002106,172.31.46.0-255,66,162791,44,328948
4498,0.002229,172.217.194.0-255,1484,164275,44,328948
4499,0.002244,172.217.194.0-255,2902,167177,44,328948
4500,0.002247,172.31.46.0-255,66,167243,44,328948
4501,0.002252,172.217.194.0-255,2902,170145,44,328948
4502,0.002254,172.31.46.0-255,66,170211,44,328948
4503,0.002284,172.217.194.0-255,7156,177367,44,328948
4504,0.002287,172.31.46.0-255,66,177433,44,328948
4505,0.00229,172.217.194.0-255,1484,178917,44,328948
4506,0.004556,172.217.194.0-255,4320,183237,44,328948
4507,0.004561,172.31.46.0-255,66,183303,44,328948
4508,0.006812,172.217.194.0-255,5738,189041,44,328948
4509,0.00682,172.31.46.0-255,66,189107,44,328948
4510,0.00906,172.217.194.0-255,5738,194845,44,328948
4511,0.009064,172.31.46.0-255,66,194911,44,328948
4512,0.011322,172.217.194.0-255,5738,200649,44,328948
4513,0.011329,172.31.46.0-255,66,200715,44,328948
4514,0.01357,172.217.194.0-255,5738,206453,44,328948
4515,0.013577,172.31.46.0-255,66,206519,44,328948
4516,0.015864,172.217.194.0-255,5738,212257,44,328948
4517,0.015873,172.31.46.0-255,66,212323,44,328948
4518,0.018138,172.217.194.0-255,5738,218061,44,328948
4519,0.018154,172.31.46.0-255,66,218127,44,328948
4520,0.020437,172.217.194.0-255,5738,223865,44,328948
4521,0.020445,172.31.46.0-255,66,223931,44,328948
4522,0.022714,172.217.194.0-255,5738,229669,44,328948
4523,0.022722,172.31.46.0-255,66,229735,44,328948
4524,0.024984,172.217.194.0-255,5738,235473,44,328948
4525,0.024991,172.31.46.0-255,66,235539,44,328948
4526,0.027228,172.217.194.0-255,5738,241277,44,328948
4527,0.027235,172.31.46.0-255,66,241343,44,328948
4528,0.029483,172.217.194.0-255,5738,247081,44,328948
4529,0.02949,172.31.46.0-255,66,247147,44,328948
4530,0.031739,172.217.194.0-255,5738,252885,44,328948
4531,0.031745,172.31.46.0-255,66,252951,44,328948
4532,0.033989,172.217.194.0-255,5738,258689,44,328948
4533,0.033998,172.31.46.0-255,66,258755,44,328948
4534,0.03626,172.217.194.0-255,5738,264493,44,328948
4535,0.03627,172.31.46.0-255,66,264559,44,328948
4536,0.038518,172.217.194.0-255,1484,266043,44,328948
4537,0.038538,172.217.194.0-255,4320,270363,44,328948
4538,0.038543,172.31.46.0-255,66,270429,44,328948
4539,0.039414,172.31.46.0-255,190,270619,44,328948
4540,0.039446,172.31.46.0-255,1109,271728,44,328948
4541,0.039512,172.31.46.0-255,1514,273242,44,328948
4542,0.039514,172.31.46.0-255,1514,274756,44,328948
4543,0.03952,172.31.46.0-255,1514,276270,44,328948
4544,0.039522,172.31.46.0-255,1514,277784,44,328948
4545,0.039541,172.31.46.0-255,1514,279298,44,328948
4546,0.039547,172.31.46.0-255,75,279373,44,328948
4547,0.040832,172.217.194.0-255,5738,285111,44,328948
4548,0.04084,172.31.46.0-255,66,285177,44,328948
4549,0.040948,104.244.42.0-255,66,285243,44,328948
4550,0.04101,104.244.42.0-255,66,285309,44,328948
4551,0.041114,104.244.42.0-255,66,285375,44,328948
4552,0.04112,104.244.42.0-255,66,285441,44,328948
4553,0.043106,172.217.194.0-255,5738,291179,44,328948
4554,0.043113,172.31.46.0-255,66,291245,44,328948
4555,0.045396,172.217.194.0-255,5738,296983,44,328948
4556,0.045403,172.31.46.0-255,66,297049,44,328948
4557,0.047662,172.217.194.0-255,5738,302787,44,328948
4558,0.047669,172.31.46.0-255,66,302853,44,328948
4559,0.049943,172.217.194.0-255,5738,308591,44,328948
4560,0.04995,172.31.46.0-255,66,308657,44,328948
4561,0.052238,172.217.194.0-255,5738,314395,44,328948
4562,0.052248,172.31.46.0-255,66,314461,44,328948
4563,0.054524,172.217.194.0-255,5738,320199,44,328948
4564,0.05453,172.31.46.0-255,66,320265,44,328948
4565,0.056777,172.217.194.0-255,5738,326003,44,328948
4566,0.056784,172.31.46.0-255,66,326069,44,328948
4567,0.059041,172.217.194.0-255,2642,328711,44,328948
4568,0.059048,172.31.46.0-255,66,328777,44,328948
4569,0.059233,172.31.46.0-255,105,328882,44,328948
4570,0.061427,172.217.194.0-255,66,328948,44,328948
4571,0.0,74.125.130.0-255,152,152,44,369019
4572,2.4e-05,172.31.46.0-255,66,218,44,369019
4573,5.9e-05,74.125.130.0-255,1484,1702,44,369019
4574,6.5e-05,172.31.46.0-255,66,1768,44,369019
4575,7.2e-05,74.125.130.0-255,2902,4670,44,369019
4576,7.5e-05,172.31.46.0-255,66,4736,44,369019
4577,8.2e-05,74.125.130.0-255,2902,7638,44,369019
4578,8.5e-05,172.31.46.0-255,66,7704,44,369019
4579,9.1e-05,74.125.130.0-255,2902,10606,44,369019
4580,9.4e-05,172.31.46.0-255,66,10672,44,369019
4581,0.000121,74.125.130.0-255,1484,12156,44,369019
4582,0.000124,172.31.46.0-255,66,12222,44,369019
4583,0.00013,74.125.130.0-255,4320,16542,44,369019
4584,0.000133,172.31.46.0-255,66,16608,44,369019
4585,0.000167,74.125.130.0-255,4931,21539,44,369019
4586,0.00017,172.31.46.0-255,66,21605,44,369019
4587,0.000176,74.125.130.0-255,4320,25925,44,369019
4588,0.000178,172.31.46.0-255,66,25991,44,369019
4589,0.000205,74.125.130.0-255,2902,28893,44,369019
4590,0.000208,172.31.46.0-255,66,28959,44,369019
4591,0.000231,74.125.130.0-255,2543,31502,44,369019
4592,0.000234,172.31.46.0-255,66,31568,44,369019
4593,0.000329,74.125.130.0-255,1484,33052,44,369019
4594,0.000335,172.31.46.0-255,66,33118,44,369019
4595,0.000344,74.125.130.0-255,1484,34602,44,369019
4596,0.000346,172.31.46.0-255,66,34668,44,369019
4597,0.000351,74.125.130.0-255,2902,37570,44,369019
4598,0.000354,172.31.46.0-255,66,37636,44,369019
4599,0.00039,74.125.130.0-255,5738,43374,44,369019
4600,0.000392,172.31.46.0-255,66,43440,44,369019
4601,0.000396,74.125.130.0-255,1484,44924,44,369019
4602,0.000397,172.31.46.0-255,66,44990,44,369019
4603,0.000419,74.125.130.0-255,1484,46474,44,369019
4604,0.000443,74.125.130.0-255,3961,50435,44,369019
4605,0.000446,172.31.46.0-255,66,50501,44,369019
4606,0.000455,74.125.130.0-255,7156,57657,44,369019
4607,0.000458,172.31.46.0-255,66,57723,44,369019
4608,0.000463,74.125.130.0-255,2902,60625,44,369019
4609,0.000464,172.31.46.0-255,66,60691,44,369019
4610,0.000497,74.125.130.0-255,5631,66322,44,369019
4611,0.000501,172.31.46.0-255,66,66388,44,369019
4612,0.000504,74.125.130.0-255,119,66507,44,369019
4613,0.000525,74.125.130.0-255,382,66889,44,369019
4614,0.000677,74.125.130.0-255,1484,68373,44,369019
4615,0.000683,172.31.46.0-255,66,68439,44,369019
4616,0.000689,74.125.130.0-255,2902,71341,44,369019
4617,0.000692,172.31.46.0-255,66,71407,44,369019
4618,0.000701,74.125.130.0-255,2902,74309,44,369019
4619,0.000703,172.31.46.0-255,66,74375,44,369019
4620,0.000706,74.125.130.0-255,1484,75859,44,369019
4621,0.000738,74.125.130.0-255,2902,78761,44,369019
4622,0.000741,172.31.46.0-255,66,78827,44,369019
4623,0.000746,74.125.130.0-255,4320,83147,44,369019
4624,0.000749,172.31.46.0-255,66,83213,44,369019
4625,0.000783,74.125.130.0-255,4320,87533,44,369019
4626,0.000786,172.31.46.0-255,66,87599,44,369019
4627,0.000799,172.31.46.0-255,66,87665,44,369019
4628,0.000804,74.125.130.0-255,3602,91267,44,369019
4629,0.000806,172.31.46.0-255,66,91333,44,369019
4630,0.001598,74.125.130.0-255,1484,92817,44,369019
4631,0.001641,74.125.130.0-255,2902,95719,44,369019
4632,0.001646,172.31.46.0-255,66,95785,44,369019
4633,0.001689,74.125.130.0-255,1484,97269,44,369019
4634,0.001694,74.125.130.0-255,2902,100171,44,369019
4635,0.001696,172.31.46.0-255,66,100237,44,369019
4636,0.001702,74.125.130.0-255,2902,103139,44,369019
4637,0.001704,172.31.46.0-255,66,103205,44,369019
4638,0.001734,74.125.130.0-255,2902,106107,44,369019
4639,0.001737,172.31.46.0-255,66,106173,44,369019
4640,0.001744,74.125.130.0-255,7156,113329,44,369019
4641,0.001746,172.31.46.0-255,66,113395,44,369019
4642,0.001771,74.125.130.0-255,4320,117715,44,369019
4643,0.001773,172.31.46.0-255,66,117781,44,369019
4644,0.001798,74.125.130.0-255,5738,123519,44,369019
4645,0.0018,172.31.46.0-255,66,123585,44,369019
4646,0.001822,74.125.130.0-255,2184,125769,44,369019
4647,0.001824,172.31.46.0-255,66,125835,44,369019
4648,0.0019,74.125.130.0-255,1484,127319,44,369019
4649,0.001913,74.125.130.0-255,1484,128803,44,369019
4650,0.001916,172.31.46.0-255,66,128869,44,369019
4651,0.00194,74.125.130.0-255,1484,130353,44,369019
4652,0.001947,74.125.130.0-255,5738,136091,44,369019
4653,0.00195,172.31.46.0-255,66,136157,44,369019
4654,0.001953,74.125.130.0-255,1484,137641,44,369019
4655,0.001983,172.31.46.0-255,66,137707,44,369019
4656,0.002018,74.125.130.0-255,7156,144863,44,369019
4657,0.002021,172.31.46.0-255,66,144929,44,369019
4658,0.002061,74.125.130.0-255,3602,148531,44,369019
4659,0.002065,172.31.46.0-255,66,148597,44,369019
4660,0.002213,74.125.130.0-255,1484,150081,44,369019
4661,0.002259,74.125.130.0-255,2902,152983,44,369019
4662,0.002263,172.31.46.0-255,66,153049,44,369019
4663,0.002289,74.125.130.0-255,4320,157369,44,369019
4664,0.002292,172.31.46.0-255,66,157435,44,369019
4665,0.002324,172.31.46.0-255,66,157501,44,369019
4666,0.002361,172.31.46.0-255,66,157567,44,369019
4667,0.002369,74.125.130.0-255,6438,164005,44,369019
4668,0.002371,172.31.46.0-255,66,164071,44,369019
4669,0.004978,74.125.130.0-255,2902,166973,44,369019
4670,0.004985,172.31.46.0-255,66,167039,44,369019
4671,0.005013,74.125.130.0-255,2902,169941,44,369019
4672,0.005016,172.31.46.0-255,66,170007,44,369019
4673,0.007579,74.125.130.0-255,2902,172909,44,369019
4674,0.007585,172.31.46.0-255,66,172975,44,369019
4675,0.007614,74.125.130.0-255,2902,175877,44,369019
4676,0.007617,172.31.46.0-255,66,175943,44,369019
4677,0.010183,74.125.130.0-255,2902,178845,44,369019
4678,0.01019,172.31.46.0-255,66,178911,44,369019
4679,0.010218,74.125.130.0-255,2902,181813,44,369019
4680,0.010222,172.31.46.0-255,66,181879,44,369019
4681,0.01277,74.125.130.0-255,2902,184781,44,369019
4682,0.012778,172.31.46.0-255,66,184847,44,369019
4683,0.012807,74.125.130.0-255,2902,187749,44,369019
4684,0.01281,172.31.46.0-255,66,187815,44,369019
4685,0.015363,74.125.130.0-255,2902,190717,44,369019
4686,0.01537,172.31.46.0-255,66,190783,44,369019
4687,0.015399,74.125.130.0-255,2902,193685,44,369019
4688,0.015402,172.31.46.0-255,66,193751,44,369019
4689,0.018052,74.125.130.0-255,2902,196653,44,369019
4690,0.01806,172.31.46.0-255,66,196719,44,369019
4691,0.018087,74.125.130.0-255,2902,199621,44,369019
4692,0.01809,172.31.46.0-255,66,199687,44,369019
4693,0.020664,74.125.130.0-255,2902,202589,44,369019
4694,0.020675,172.31.46.0-255,66,202655,44,369019
4695,0.02071,74.125.130.0-255,2902,205557,44,369019
4696,0.020713,172.31.46.0-255,66,205623,44,369019
4697,0.023275,74.125.130.0-255,2902,208525,44,369019
4698,0.023284,172.31.46.0-255,66,208591,44,369019
4699,0.023317,74.125.130.0-255,2902,211493,44,369019
4700,0.023321,172.31.46.0-255,66,211559,44,369019
4701,0.025874,74.125.130.0-255,2902,214461,44,369019
4702,0.025881,172.31.46.0-255,66,214527,44,369019
4703,0.025907,74.125.130.0-255,2902,217429,44,369019
4704,0.02591,172.31.46.0-255,66,217495,44,369019
4705,0.028467,74.125.130.0-255,2902,220397,44,369019
4706,0.028475,172.31.46.0-255,66,220463,44,369019
4707,0.028501,74.125.130.0-255,2902,223365,44,369019
4708,0.028504,172.31.46.0-255,66,223431,44,369019
4709,0.03106,74.125.130.0-255,2902,226333,44,369019
4710,0.031068,172.31.46.0-255,66,226399,44,369019
4711,0.031097,74.125.130.0-255,2902,229301,44,369019
4712,0.0311,172.31.46.0-255,66,229367,44,369019
4713,0.033666,74.125.130.0-255,2902,232269,44,369019
4714,0.033675,172.31.46.0-255,66,232335,44,369019
4715,0.033702,74.125.130.0-255,2902,235237,44,369019
4716,0.033705,172.31.46.0-255,66,235303,44,369019
4717,0.036276,74.125.130.0-255,2902,238205,44,369019
4718,0.036287,172.31.46.0-255,66,238271,44,369019
4719,0.036318,74.125.130.0-255,2902,241173,44,369019
4720,0.036323,172.31.46.0-255,66,241239,44,369019
4721,0.037168,172.31.46.0-255,172,241411,44,369019
4722,0.037197,172.31.46.0-255,1114,242525,44,369019
4723,0.037257,172.31.46.0-255,1514,244039,44,369019
4724,0.037258,172.31.46.0-255,1514,245553,44,369019
4725,0.03726,172.31.46.0-255,1514,247067,44,369019
4726,0.03726,172.31.46.0-255,1514,248581,44,369019
4727,0.037287,172.31.46.0-255,1514,250095,44,369019
4728,0.037288,172.31.46.0-255,70,250165,44,369019
4729,0.038736,104.244.42.0-255,66,250231,44,369019
4730,0.038744,104.244.42.0-255,66,250297,44,369019
4731,0.03883,104.244.42.0-255,66,250363,44,369019
4732,0.038833,104.244.42.0-255,66,250429,44,369019
4733,0.038884,74.125.130.0-255,2902,253331,44,369019
4734,0.038888,172.31.46.0-255,66,253397,44,369019
4735,0.03896,74.125.130.0-255,2902,256299,44,369019
4736,0.038965,172.31.46.0-255,66,256365,44,369019
4737,0.041472,74.125.130.0-255,2902,259267,44,369019
4738,0.04149,172.31.46.0-255,66,259333,44,369019
4739,0.041551,74.125.130.0-255,2902,262235,44,369019
4740,0.041558,172.31.46.0-255,66,262301,44,369019
4741,0.044069,74.125.130.0-255,2902,265203,44,369019
4742,0.044074,172.31.46.0-255,66,265269,44,369019
4743,0.044129,74.125.130.0-255,2902,268171,44,369019
4744,0.044133,172.31.46.0-255,66,268237,44,369019
4745,0.046657,74.125.130.0-255,2902,271139,44,369019
4746,0.046661,172.31.46.0-255,66,271205,44,369019
4747,0.046713,74.125.130.0-255,1484,272689,44,369019
4748,0.046727,74.125.130.0-255,1484,274173,44,369019
4749,0.04673,172.31.46.0-255,66,274239,44,369019
4750,0.049251,74.125.130.0-255,2902,277141,44,369019
4751,0.049255,172.31.46.0-255,66,277207,44,369019
4752,0.049318,74.125.130.0-255,2902,280109,44,369019
4753,0.049322,172.31.46.0-255,66,280175,44,369019
4754,0.051839,74.125.130.0-255,2902,283077,44,369019
4755,0.051845,172.31.46.0-255,66,283143,44,369019
4756,0.051898,74.125.130.0-255,2902,286045,44,369019
4757,0.051902,172.31.46.0-255,66,286111,44,369019
4758,0.054431,74.125.130.0-255,2902,289013,44,369019
4759,0.054437,172.31.46.0-255,66,289079,44,369019
4760,0.054474,74.125.130.0-255,2902,291981,44,369019
4761,0.054479,172.31.46.0-255,66,292047,44,369019
4762,0.057019,74.125.130.0-255,2902,294949,44,369019
4763,0.057025,172.31.46.0-255,66,295015,44,369019
4764,0.057059,74.125.130.0-255,2902,297917,44,369019
4765,0.057062,172.31.46.0-255,66,297983,44,369019
4766,0.059613,74.125.130.0-255,2902,300885,44,369019
4767,0.059618,172.31.46.0-255,66,300951,44,369019
4768,0.059649,74.125.130.0-255,2902,303853,44,369019
4769,0.059652,172.31.46.0-255,66,303919,44,369019
4770,0.062198,74.125.130.0-255,2902,306821,44,369019
4771,0.062204,172.31.46.0-255,66,306887,44,369019
4772,0.06224,74.125.130.0-255,2902,309789,44,369019
4773,0.062243,172.31.46.0-255,66,309855,44,369019
4774,0.064792,74.125.130.0-255,2902,312757,44,369019
4775,0.064798,172.31.46.0-255,66,312823,44,369019
4776,0.064828,74.125.130.0-255,2902,315725,44,369019
4777,0.064831,172.31.46.0-255,66,315791,44,369019
4778,0.067384,74.125.130.0-255,2902,318693,44,369019
4779,0.06739,172.31.46.0-255,66,318759,44,369019
4780,0.067426,74.125.130.0-255,2902,321661,44,369019
4781,0.067429,172.31.46.0-255,66,321727,44,369019
4782,0.069974,74.125.130.0-255,2902,324629,44,369019
4783,0.069979,172.31.46.0-255,66,324695,44,369019
4784,0.070016,74.125.130.0-255,2902,327597,44,369019
4785,0.070019,172.31.46.0-255,66,327663,44,369019
4786,0.072568,74.125.130.0-255,2902,330565,44,369019
4787,0.072574,172.31.46.0-255,66,330631,44,369019
4788,0.07261,74.125.130.0-255,2902,333533,44,369019
4789,0.072613,172.31.46.0-255,66,333599,44,369019
4790,0.075158,74.125.130.0-255,2902,336501,44,369019
4791,0.075163,172.31.46.0-255,66,336567,44,369019
4792,0.075202,74.125.130.0-255,2902,339469,44,369019
4793,0.075205,172.31.46.0-255,66,339535,44,369019
4794,0.077758,74.125.130.0-255,2902,342437,44,369019
4795,0.077767,172.31.46.0-255,66,342503,44,369019
4796,0.077805,74.125.130.0-255,2902,345405,44,369019
4797,0.077808,172.31.46.0-255,66,345471,44,369019
4798,0.080353,74.125.130.0-255,2902,348373,44,369019
4799,0.080359,172.31.46.0-255,66,348439,44,369019
4800,0.080396,74.125.130.0-255,2902,351341,44,369019
4801,0.080399,172.31.46.0-255,66,351407,44,369019
4802,0.082946,74.125.130.0-255,2902,354309,44,369019
4803,0.082952,172.31.46.0-255,66,354375,44,369019
4804,0.082985,74.125.130.0-255,2902,357277,44,369019
4805,0.082988,172.31.46.0-255,66,357343,44,369019
4806,0.085533,74.125.130.0-255,2902,360245,44,369019
4807,0.085554,172.31.46.0-255,66,360311,44,369019
4808,0.085572,74.125.130.0-255,2902,363213,44,369019
4809,0.085576,172.31.46.0-255,66,363279,44,369019
4810,0.088145,74.125.130.0-255,2902,366181,44,369019
4811,0.088151,172.31.46.0-255,66,366247,44,369019
4812,0.088185,74.125.130.0-255,2340,368587,44,369019
4813,0.088188,172.31.46.0-255,66,368653,44,369019
4814,0.088361,172.31.46.0-255,105,368758,44,369019
4815,0.088388,172.31.46.0-255,105,368863,44,369019
4816,0.088628,172.31.46.0-255,90,368953,44,369019
4817,0.088639,172.31.46.0-255,66,369019,44,369019
4818,0.0,74.125.24.0-255,153,153,44,295544
4819,1.4e-05,172.31.46.0-255,66,219,44,295544
4820,2e-05,74.125.24.0-255,1484,1703,44,295544
4821,2.4e-05,172.31.46.0-255,66,1769,44,295544
4822,2.9e-05,74.125.24.0-255,2902,4671,44,295544
4823,3.2e-05,172.31.46.0-255,66,4737,44,295544
4824,4.5e-05,74.125.24.0-255,7156,11893,44,295544
4825,4.7e-05,172.31.46.0-255,66,11959,44,295544
4826,5.1e-05,74.125.24.0-255,3357,15316,44,295544
4827,5.3e-05,172.31.46.0-255,66,15382,44,295544
4828,5.6e-05,74.125.24.0-255,1484,16866,44,295544
4829,5.8e-05,172.31.46.0-255,66,16932,44,295544
4830,8e-05,172.31.46.0-255,66,16998,44,295544
4831,0.000103,74.125.24.0-255,2902,19900,44,295544
4832,0.000105,172.31.46.0-255,66,19966,44,295544
4833,0.000114,74.125.24.0-255,2543,22509,44,295544
4834,0.000116,172.31.46.0-255,66,22575,44,295544
4835,0.000301,74.125.24.0-255,1484,24059,44,295544
4836,0.000305,172.31.46.0-255,66,24125,44,295544
4837,0.000311,74.125.24.0-255,2902,27027,44,295544
4838,0.000313,172.31.46.0-255,66,27093,44,295544
4839,0.000335,74.125.24.0-255,5738,32831,44,295544
4840,0.000337,172.31.46.0-255,66,32897,44,295544
4841,0.000373,74.125.24.0-255,2902,35799,44,295544
4842,0.000375,172.31.46.0-255,66,35865,44,295544
4843,0.00038,74.125.24.0-255,3961,39826,44,295544
4844,0.000382,172.31.46.0-255,66,39892,44,295544
4845,0.000423,74.125.24.0-255,1484,41376,44,295544
4846,0.000425,172.31.46.0-255,66,41442,44,295544
4847,0.000441,74.125.24.0-255,2902,44344,44,295544
4848,0.000444,172.31.46.0-255,66,44410,44,295544
4849,0.000447,74.125.24.0-255,1484,45894,44,295544
4850,0.000474,74.125.24.0-255,4320,50214,44,295544
4851,0.000476,172.31.46.0-255,66,50280,44,295544
4852,0.0005,74.125.24.0-255,7130,57410,44,295544
4853,0.000503,172.31.46.0-255,66,57476,44,295544
4854,0.000624,74.125.24.0-255,110,57586,44,295544
4855,0.000674,74.125.24.0-255,331,57917,44,295544
4856,0.001077,172.31.46.0-255,66,57983,44,295544
4857,0.001245,74.125.24.0-255,1484,59467,44,295544
4858,0.001254,74.125.24.0-255,2902,62369,44,295544
4859,0.001257,172.31.46.0-255,66,62435,44,295544
4860,0.001287,74.125.24.0-255,5738,68173,44,295544
4861,0.00129,172.31.46.0-255,66,68239,44,295544
4862,0.001319,74.125.24.0-255,2902,71141,44,295544
4863,0.001321,172.31.46.0-255,66,71207,44,295544
4864,0.001354,172.31.46.0-255,66,71273,44,295544
4865,0.001366,172.31.46.0-255,66,71339,44,295544
4866,0.002357,74.125.24.0-255,1484,72823,44,295544
4867,0.002365,74.125.24.0-255,2902,75725,44,295544
4868,0.00237,172.31.46.0-255,66,75791,44,295544
4869,0.002377,74.125.24.0-255,4320,80111,44,295544
4870,0.002379,172.31.46.0-255,66,80177,44,295544
4871,0.002401,74.125.24.0-255,1484,81661,44,295544
4872,0.002417,172.31.46.0-255,66,81727,44,295544
4873,0.004793,74.125.24.0-255,5738,87465,44,295544
4874,0.004798,172.31.46.0-255,66,87531,44,295544
4875,0.007183,74.125.24.0-255,5738,93269,44,295544
4876,0.007189,172.31.46.0-255,66,93335,44,295544
4877,0.00959,74.125.24.0-255,5738,99073,44,295544
4878,0.009598,172.31.46.0-255,66,99139,44,295544
4879,0.012008,74.125.24.0-255,5738,104877,44,295544
4880,0.012015,172.31.46.0-255,66,104943,44,295544
4881,0.014416,74.125.24.0-255,5738,110681,44,295544
4882,0.014425,172.31.46.0-255,66,110747,44,295544
4883,0.016816,74.125.24.0-255,5738,116485,44,295544
4884,0.016824,172.31.46.0-255,66,116551,44,295544
4885,0.019205,74.125.24.0-255,5738,122289,44,295544
4886,0.019214,172.31.46.0-255,66,122355,44,295544
4887,0.021589,74.125.24.0-255,5738,128093,44,295544
4888,0.021596,172.31.46.0-255,66,128159,44,295544
4889,0.023989,74.125.24.0-255,5738,133897,44,295544
4890,0.023996,172.31.46.0-255,66,133963,44,295544
4891,0.026356,74.125.24.0-255,5738,139701,44,295544
4892,0.026363,172.31.46.0-255,66,139767,44,295544
4893,0.028037,172.31.46.0-255,172,139939,44,295544
4894,0.028069,172.31.46.0-255,1113,141052,44,295544
4895,0.028138,172.31.46.0-255,1514,142566,44,295544
4896,0.02814,172.31.46.0-255,1514,144080,44,295544
4897,0.028141,172.31.46.0-255,1514,145594,44,295544
4898,0.028142,172.31.46.0-255,1514,147108,44,295544
4899,0.02817,172.31.46.0-255,1514,148622,44,295544
4900,0.028171,172.31.46.0-255,71,148693,44,295544
4901,0.028753,74.125.24.0-255,5738,154431,44,295544
4902,0.02876,172.31.46.0-255,66,154497,44,295544
4903,0.029604,104.244.42.0-255,66,154563,44,295544
4904,0.029613,104.244.42.0-255,66,154629,44,295544
4905,0.029715,104.244.42.0-255,66,154695,44,295544
4906,0.029719,104.244.42.0-255,66,154761,44,295544
4907,0.031194,74.125.24.0-255,5738,160499,44,295544
4908,0.0312,172.31.46.0-255,66,160565,44,295544
4909,0.033575,74.125.24.0-255,5738,166303,44,295544
4910,0.033581,172.31.46.0-255,66,166369,44,295544
4911,0.035976,74.125.24.0-255,5738,172107,44,295544
4912,0.035982,172.31.46.0-255,66,172173,44,295544
4913,0.038345,74.125.24.0-255,5738,177911,44,295544
4914,0.038351,172.31.46.0-255,66,177977,44,295544
4915,0.040733,74.125.24.0-255,4320,182297,44,295544
4916,0.040752,172.31.46.0-255,66,182363,44,295544
4917,0.040774,74.125.24.0-255,1484,183847,44,295544
4918,0.043167,74.125.24.0-255,4320,188167,44,295544
4919,0.043171,172.31.46.0-255,66,188233,44,295544
4920,0.045562,74.125.24.0-255,4320,192553,44,295544
4921,0.045566,172.31.46.0-255,66,192619,44,295544
4922,0.045593,74.125.24.0-255,1484,194103,44,295544
4923,0.047939,74.125.24.0-255,4320,198423,44,295544
4924,0.047945,172.31.46.0-255,66,198489,44,295544
4925,0.050325,74.125.24.0-255,5738,204227,44,295544
4926,0.050331,172.31.46.0-255,66,204293,44,295544
4927,0.052699,74.125.24.0-255,5738,210031,44,295544
4928,0.052705,172.31.46.0-255,66,210097,44,295544
4929,0.055086,74.125.24.0-255,5738,215835,44,295544
4930,0.055092,172.31.46.0-255,66,215901,44,295544
4931,0.057501,74.125.24.0-255,4320,220221,44,295544
4932,0.057507,172.31.46.0-255,66,220287,44,295544
4933,0.057545,74.125.24.0-255,1484,221771,44,295544
4934,0.059874,74.125.24.0-255,2902,224673,44,295544
4935,0.059879,172.31.46.0-255,66,224739,44,295544
4936,0.062225,74.125.24.0-255,1484,226223,44,295544
4937,0.062256,74.125.24.0-255,4320,230543,44,295544
4938,0.062261,172.31.46.0-255,66,230609,44,295544
4939,0.064625,74.125.24.0-255,5738,236347,44,295544
4940,0.06463,172.31.46.0-255,66,236413,44,295544
4941,0.067027,74.125.24.0-255,5738,242151,44,295544
4942,0.067032,172.31.46.0-255,66,242217,44,295544
4943,0.069413,74.125.24.0-255,5738,247955,44,295544
4944,0.069419,172.31.46.0-255,66,248021,44,295544
4945,0.06952,172.31.46.0-255,101,248122,44,295544
4946,0.071803,74.125.24.0-255,5738,253860,44,295544
4947,0.071808,172.31.46.0-255,66,253926,44,295544
4948,0.071853,74.125.24.0-255,66,253992,44,295544
4949,0.074188,74.125.24.0-255,2902,256894,44,295544
4950,0.074193,172.31.46.0-255,66,256960,44,295544
4951,0.074228,74.125.24.0-255,2902,259862,44,295544
4952,0.074231,172.31.46.0-255,66,259928,44,295544
4953,0.076562,74.125.24.0-255,2902,262830,44,295544
4954,0.076566,172.31.46.0-255,66,262896,44,295544
4955,0.076596,74.125.24.0-255,2902,265798,44,295544
4956,0.076599,172.31.46.0-255,66,265864,44,295544
4957,0.078948,74.125.24.0-255,2902,268766,44,295544
4958,0.078953,172.31.46.0-255,66,268832,44,295544
4959,0.078999,74.125.24.0-255,2902,271734,44,295544
4960,0.079002,172.31.46.0-255,66,271800,44,295544
4961,0.081328,74.125.24.0-255,2902,274702,44,295544
4962,0.081332,172.31.46.0-255,66,274768,44,295544
4963,0.081359,74.125.24.0-255,2902,277670,44,295544
4964,0.081362,172.31.46.0-255,66,277736,44,295544
4965,0.083683,74.125.24.0-255,2902,280638,44,295544
4966,0.083688,172.31.46.0-255,66,280704,44,295544
4967,0.08372,74.125.24.0-255,2902,283606,44,295544
4968,0.083723,172.31.46.0-255,66,283672,44,295544
4969,0.086063,74.125.24.0-255,2902,286574,44,295544
4970,0.086069,172.31.46.0-255,66,286640,44,295544
4971,0.086105,74.125.24.0-255,2902,289542,44,295544
4972,0.086108,172.31.46.0-255,66,289608,44,295544
4973,0.088443,74.125.24.0-255,2902,292510,44,295544
4974,0.088449,172.31.46.0-255,66,292576,44,295544
4975,0.088484,74.125.24.0-255,2902,295478,44,295544
4976,0.088487,172.31.46.0-255,66,295544,44,295544
4977,0.0,74.125.68.0-255,290,290,44,382114
4978,2.6e-05,172.31.46.0-255,66,356,44,382114
4979,3.2e-05,74.125.68.0-255,1484,1840,44,382114
4980,3.6e-05,172.31.46.0-255,66,1906,44,382114
4981,4.4e-05,74.125.68.0-255,4320,6226,44,382114
4982,4.7e-05,172.31.46.0-255,66,6292,44,382114
4983,7.4e-05,74.125.68.0-255,5738,12030,44,382114
4984,7.7e-05,172.31.46.0-255,66,12096,44,382114
4985,8.1e-05,74.125.68.0-255,1774,13870,44,382114
4986,8.3e-05,172.31.46.0-255,66,13936,44,382114
4987,0.00021,74.125.68.0-255,1484,15420,44,382114
4988,0.000214,172.31.46.0-255,66,15486,44,382114
4989,0.000231,74.125.68.0-255,1484,16970,44,382114
4990,0.000234,172.31.46.0-255,66,17036,44,382114
4991,0.000238,74.125.68.0-255,1484,18520,44,382114
4992,0.00024,172.31.46.0-255,66,18586,44,382114
4993,0.000253,74.125.68.0-255,1484,20070,44,382114
4994,0.000255,172.31.46.0-255,66,20136,44,382114
4995,0.000289,74.125.68.0-255,2902,23038,44,382114
4996,0.000292,172.31.46.0-255,66,23104,44,382114
4997,0.000328,74.125.68.0-255,4320,27424,44,382114
4998,0.000331,172.31.46.0-255,66,27490,44,382114
4999,0.000379,74.125.68.0-255,1484,28974,44,382114
5000,0.000382,172.31.46.0-255,66,29040,44,382114
5001,0.0004,74.125.68.0-255,2543,31583,44,382114
5002,0.000403,172.31.46.0-255,66,31649,44,382114
5003,0.000411,74.125.68.0-255,4320,35969,44,382114
5004,0.000413,172.31.46.0-255,66,36035,44,382114
5005,0.000441,74.125.68.0-255,1484,37519,44,382114
5006,0.000444,172.31.46.0-255,66,37585,44,382114
5007,0.000459,74.125.68.0-255,2902,40487,44,382114
5008,0.000462,172.31.46.0-255,66,40553,44,382114
5009,0.000486,74.125.68.0-255,2902,43455,44,382114
5010,0.000506,74.125.68.0-255,2902,46357,44,382114
5011,0.00052,74.125.68.0-255,1484,47841,44,382114
5012,0.00053,74.125.68.0-255,1125,48966,44,382114
5013,0.00058,172.31.46.0-255,66,49032,44,382114
5014,0.000907,74.125.68.0-255,1484,50516,44,382114
5015,0.000914,74.125.68.0-255,2902,53418,44,382114
5016,0.000917,172.31.46.0-255,66,53484,44,382114
5017,0.000942,74.125.68.0-255,5738,59222,44,382114
5018,0.000958,172.31.46.0-255,66,59288,44,382114
5019,0.000983,74.125.68.0-255,1484,60772,44,382114
5020,0.001,74.125.68.0-255,5379,66151,44,382114
5021,0.001016,172.31.46.0-255,66,66217,44,382114
5022,0.001075,74.125.68.0-255,1484,67701,44,382114
5023,0.001093,74.125.68.0-255,1484,69185,44,382114
5024,0.001095,172.31.46.0-255,66,69251,44,382114
5025,0.001117,74.125.68.0-255,2902,72153,44,382114
5026,0.001123,74.125.68.0-255,5738,77891,44,382114
5027,0.001139,172.31.46.0-255,66,77957,44,382114
5028,0.001158,74.125.68.0-255,2902,80859,44,382114
5029,0.001172,172.31.46.0-255,66,80925,44,382114
5030,0.001177,74.125.68.0-255,4320,85245,44,382114
5031,0.001182,172.31.46.0-255,66,85311,44,382114
5032,0.001223,74.125.68.0-255,4320,89631,44,382114
5033,0.001233,172.31.46.0-255,66,89697,44,382114
5034,0.00125,74.125.68.0-255,4320,94017,44,382114
5035,0.001265,172.31.46.0-255,66,94083,44,382114
5036,0.0013,74.125.68.0-255,6438,100521,44,382114
5037,0.001316,172.31.46.0-255,66,100587,44,382114
5038,0.001334,74.125.68.0-255,1484,102071,44,382114
5039,0.001356,74.125.68.0-255,5738,107809,44,382114
5040,0.001361,172.31.46.0-255,66,107875,44,382114
5041,0.001409,74.125.68.0-255,7156,115031,44,382114
5042,0.001423,74.125.68.0-255,4320,119351,44,382114
5043,0.001454,74.125.68.0-255,4320,123671,44,382114
5044,0.001465,172.31.46.0-255,66,123737,44,382114
5045,0.001533,74.125.68.0-255,2902,126639,44,382114
5046,0.001537,172.31.46.0-255,66,126705,44,382114
5047,0.001571,172.31.46.0-255,66,126771,44,382114
5048,0.001603,74.125.68.0-255,646,127417,44,382114
5049,0.00163,74.125.68.0-255,4320,131737,44,382114
5050,0.001634,172.31.46.0-255,66,131803,44,382114
5051,0.001655,74.125.68.0-255,7156,138959,44,382114
5052,0.001671,172.31.46.0-255,66,139025,44,382114
5053,0.001674,74.125.68.0-255,1484,140509,44,382114
5054,0.001728,74.125.68.0-255,5738,146247,44,382114
5055,0.001737,172.31.46.0-255,66,146313,44,382114
5056,0.001746,74.125.68.0-255,4320,150633,44,382114
5057,0.001757,172.31.46.0-255,66,150699,44,382114
5058,0.001832,172.31.46.0-255,66,150765,44,382114
5059,0.003864,74.125.68.0-255,5738,156503,44,382114
5060,0.003873,172.31.46.0-255,66,156569,44,382114
5061,0.005886,74.125.68.0-255,5738,162307,44,382114
5062,0.007856,172.31.46.0-255,66,162373,44,382114
5063,0.009906,74.125.68.0-255,5738,168111,44,382114
5064,0.009917,172.31.46.0-255,66,168177,44,382114
5065,0.011947,74.125.68.0-255,5738,173915,44,382114
5066,0.015123,172.31.46.0-255,66,173981,44,382114
5067,0.01717,74.125.68.0-255,5738,179719,44,382114
5068,0.017186,172.31.46.0-255,66,179785,44,382114
5069,0.019208,74.125.68.0-255,5738,185523,44,382114
5070,0.019221,172.31.46.0-255,66,185589,44,382114
5071,0.021252,74.125.68.0-255,5738,191327,44,382114
5072,0.021267,172.31.46.0-255,66,191393,44,382114
5073,0.023285,74.125.68.0-255,5738,197131,44,382114
5074,0.023294,172.31.46.0-255,66,197197,44,382114
5075,0.025324,74.125.68.0-255,5738,202935,44,382114
5076,0.025338,172.31.46.0-255,66,203001,44,382114
5077,0.027375,74.125.68.0-255,5738,208739,44,382114
5078,0.027388,172.31.46.0-255,66,208805,44,382114
5079,0.029414,74.125.68.0-255,5738,214543,44,382114
5080,0.029428,172.31.46.0-255,66,214609,44,382114
5081,0.031461,74.125.68.0-255,5738,220347,44,382114
5082,0.031473,172.31.46.0-255,66,220413,44,382114
5083,0.033545,74.125.68.0-255,5738,226151,44,382114
5084,0.033555,172.31.46.0-255,66,226217,44,382114
5085,0.035586,74.125.68.0-255,5738,231955,44,382114
5086,0.035596,172.31.46.0-255,66,232021,44,382114
5087,0.037626,74.125.68.0-255,5738,237759,44,382114
5088,0.037635,172.31.46.0-255,66,237825,44,382114
5089,0.038817,172.31.46.0-255,166,237991,44,382114
5090,0.038848,172.31.46.0-255,1133,239124,44,382114
5091,0.038921,172.31.46.0-255,1514,240638,44,382114
5092,0.038923,172.31.46.0-255,1514,242152,44,382114
5093,0.038924,172.31.46.0-255,1514,243666,44,382114
5094,0.038925,172.31.46.0-255,1514,245180,44,382114
5095,0.038953,172.31.46.0-255,337,245517,44,382114
5096,0.03967,74.125.68.0-255,5738,251255,44,382114
5097,0.039678,172.31.46.0-255,66,251321,44,382114
5098,0.040326,104.244.42.0-255,66,251387,44,382114
5099,0.040408,104.244.42.0-255,66,251453,44,382114
5100,0.040494,104.244.42.0-255,66,251519,44,382114
5101,0.0405,104.244.42.0-255,66,251585,44,382114
5102,0.041702,74.125.68.0-255,5738,257323,44,382114
5103,0.04171,172.31.46.0-255,66,257389,44,382114
5104,0.043732,74.125.68.0-255,5738,263127,44,382114
5105,0.043742,172.31.46.0-255,66,263193,44,382114
5106,0.045764,74.125.68.0-255,5738,268931,44,382114
5107,0.045773,172.31.46.0-255,66,268997,44,382114
5108,0.047816,74.125.68.0-255,5738,274735,44,382114
5109,0.047826,172.31.46.0-255,66,274801,44,382114
5110,0.049863,74.125.68.0-255,5738,280539,44,382114
5111,0.04987,172.31.46.0-255,66,280605,44,382114
5112,0.051905,74.125.68.0-255,5738,286343,44,382114
5113,0.051915,172.31.46.0-255,66,286409,44,382114
5114,0.053937,74.125.68.0-255,5738,292147,44,382114
5115,0.053942,172.31.46.0-255,66,292213,44,382114
5116,0.055955,74.125.68.0-255,5738,297951,44,382114
5117,0.055961,172.31.46.0-255,66,298017,44,382114
5118,0.057977,74.125.68.0-255,4320,302337,44,382114
5119,0.057982,172.31.46.0-255,66,302403,44,382114
5120,0.057997,74.125.68.0-255,1484,303887,44,382114
5121,0.059989,74.125.68.0-255,4320,308207,44,382114
5122,0.059994,172.31.46.0-255,66,308273,44,382114
5123,0.062014,74.125.68.0-255,5738,314011,44,382114
5124,0.062151,172.31.46.0-255,66,314077,44,382114
5125,0.064208,74.125.68.0-255,5738,319815,44,382114
5126,0.064224,172.31.46.0-255,66,319881,44,382114
5127,0.066249,74.125.68.0-255,5738,325619,44,382114
5128,0.066256,172.31.46.0-255,66,325685,44,382114
5129,0.068293,74.125.68.0-255,5738,331423,44,382114
5130,0.0683,172.31.46.0-255,66,331489,44,382114
5131,0.070343,74.125.68.0-255,5738,337227,44,382114
5132,0.070348,172.31.46.0-255,66,337293,44,382114
5133,0.072384,74.125.68.0-255,5738,343031,44,382114
5134,0.072391,172.31.46.0-255,66,343097,44,382114
5135,0.074408,74.125.68.0-255,5738,348835,44,382114
5136,0.074413,172.31.46.0-255,66,348901,44,382114
5137,0.076427,74.125.68.0-255,5738,354639,44,382114
5138,0.076432,172.31.46.0-255,66,354705,44,382114
5139,0.078442,74.125.68.0-255,5738,360443,44,382114
5140,0.078449,172.31.46.0-255,66,360509,44,382114
5141,0.080477,74.125.68.0-255,5738,366247,44,382114
5142,0.080488,172.31.46.0-255,66,366313,44,382114
5143,0.082539,74.125.68.0-255,5738,372051,44,382114
5144,0.082545,172.31.46.0-255,66,372117,44,382114
5145,0.084573,74.125.68.0-255,5738,377855,44,382114
5146,0.084579,172.31.46.0-255,66,377921,44,382114
5147,0.086599,74.125.68.0-255,3956,381877,44,382114
5148,0.086604,172.31.46.0-255,66,381943,44,382114
5149,0.08675,172.31.46.0-255,105,382048,44,382114
5150,0.088746,74.125.68.0-255,66,382114,44,382114
5151,0.0,74.125.68.0-255,146,146,44,389874
5152,1.5e-05,172.31.46.0-255,66,212,44,389874
5153,2.1e-05,74.125.68.0-255,1484,1696,44,389874
5154,2.6e-05,172.31.46.0-255,66,1762,44,389874
5155,3.2e-05,74.125.68.0-255,2902,4664,44,389874
5156,3.5e-05,172.31.46.0-255,66,4730,44,389874
5157,5.7e-05,74.125.68.0-255,1484,6214,44,389874
5158,5.9e-05,172.31.46.0-255,66,6280,44,389874
5159,7.7e-05,74.125.68.0-255,1484,7764,44,389874
5160,7.9e-05,172.31.46.0-255,66,7830,44,389874
5161,8.4e-05,74.125.68.0-255,2902,10732,44,389874
5162,8.7e-05,172.31.46.0-255,66,10798,44,389874
5163,0.000129,74.125.68.0-255,2902,13700,44,389874
5164,0.000132,172.31.46.0-255,66,13766,44,389874
5165,0.000153,74.125.68.0-255,3464,17230,44,389874
5166,0.000157,74.125.68.0-255,2902,20132,44,389874
5167,0.00016,172.31.46.0-255,66,20198,44,389874
5168,0.000163,172.31.46.0-255,66,20264,44,389874
5169,0.000181,172.31.46.0-255,66,20330,44,389874
5170,0.000299,74.125.68.0-255,1484,21814,44,389874
5171,0.000304,172.31.46.0-255,66,21880,44,389874
5172,0.000319,74.125.68.0-255,2902,24782,44,389874
5173,0.000322,172.31.46.0-255,66,24848,44,389874
5174,0.000337,74.125.68.0-255,2902,27750,44,389874
5175,0.000339,172.31.46.0-255,66,27816,44,389874
5176,0.000351,74.125.68.0-255,2902,30718,44,389874
5177,0.000354,172.31.46.0-255,66,30784,44,389874
5178,0.000359,74.125.68.0-255,2902,33686,44,389874
5179,0.000361,172.31.46.0-255,66,33752,44,389874
5180,0.000385,74.125.68.0-255,3961,37713,44,389874
5181,0.000387,172.31.46.0-255,66,37779,44,389874
5182,0.000422,74.125.68.0-255,7156,44935,44,389874
5183,0.000439,74.125.68.0-255,2902,47837,44,389874
5184,0.000446,74.125.68.0-255,7107,54944,44,389874
5185,0.000481,74.125.68.0-255,376,55320,44,389874
5186,0.000511,172.31.46.0-255,66,55386,44,389874
5187,0.000638,74.125.68.0-255,1484,56870,44,389874
5188,0.000659,74.125.68.0-255,1484,58354,44,389874
5189,0.000671,74.125.68.0-255,1484,59838,44,389874
5190,0.000686,74.125.68.0-255,5738,65576,44,389874
5191,0.00071,74.125.68.0-255,5738,71314,44,389874
5192,0.000728,74.125.68.0-255,7156,78470,44,389874
5193,0.000753,74.125.68.0-255,4320,82790,44,389874
5194,0.000776,74.125.68.0-255,4320,87110,44,389874
5195,0.000791,74.125.68.0-255,1484,88594,44,389874
5196,0.000794,74.125.68.0-255,766,89360,44,389874
5197,0.000825,172.31.46.0-255,66,89426,44,389874
5198,0.001003,74.125.68.0-255,1484,90910,44,389874
5199,0.00101,74.125.68.0-255,2902,93812,44,389874
5200,0.001022,172.31.46.0-255,66,93878,44,389874
5201,0.001059,74.125.68.0-255,5738,99616,44,389874
5202,0.001063,74.125.68.0-255,1484,101100,44,389874
5203,0.001085,74.125.68.0-255,5738,106838,44,389874
5204,0.001099,172.31.46.0-255,66,106904,44,389874
5205,0.001132,74.125.68.0-255,4320,111224,44,389874
5206,0.00114,172.31.46.0-255,66,111290,44,389874
5207,0.001161,74.125.68.0-255,3602,114892,44,389874
5208,0.001179,172.31.46.0-255,66,114958,44,389874
5209,0.001437,74.125.68.0-255,1484,116442,44,389874
5210,0.001453,74.125.68.0-255,2902,119344,44,389874
5211,0.001456,74.125.68.0-255,1484,120828,44,389874
5212,0.001489,74.125.68.0-255,2902,123730,44,389874
5213,0.001503,172.31.46.0-255,66,123796,44,389874
5214,0.001507,74.125.68.0-255,1484,125280,44,389874
5215,0.001523,74.125.68.0-255,2902,128182,44,389874
5216,0.001542,172.31.46.0-255,66,128248,44,389874
5217,0.001559,74.125.68.0-255,2902,131150,44,389874
5218,0.001573,74.125.68.0-255,2902,134052,44,389874
5219,0.001578,172.31.46.0-255,66,134118,44,389874
5220,0.001632,74.125.68.0-255,7156,141274,44,389874
5221,0.001648,172.31.46.0-255,66,141340,44,389874
5222,0.001686,74.125.68.0-255,1484,142824,44,389874
5223,0.001701,172.31.46.0-255,101,142925,44,389874
5224,0.001719,74.125.68.0-255,1484,144409,44,389874
5225,0.001768,74.125.68.0-255,1484,145893,44,389874
5226,0.001781,172.31.46.0-255,66,145959,44,389874
5227,0.001794,74.125.68.0-255,2902,148861,44,389874
5228,0.001797,74.125.68.0-255,766,149627,44,389874
5229,0.001819,172.31.46.0-255,66,149693,44,389874
5230,0.001956,74.125.68.0-255,1484,151177,44,389874
5231,0.00198,74.125.68.0-255,2902,154079,44,389874
5232,0.001984,172.31.46.0-255,66,154145,44,389874
5233,0.001991,74.125.68.0-255,5738,159883,44,389874
5234,0.002024,74.125.68.0-255,4320,164203,44,389874
5235,0.002028,172.31.46.0-255,66,164269,44,389874
5236,0.002039,74.125.68.0-255,7156,171425,44,389874
5237,0.002048,74.125.68.0-255,1484,172909,44,389874
5238,0.002051,172.31.46.0-255,66,172975,44,389874
5239,0.002074,74.125.68.0-255,4320,177295,44,389874
5240,0.002082,172.31.46.0-255,66,177361,44,389874
5241,0.0021,74.125.68.0-255,6438,183799,44,389874
5242,0.002117,172.31.46.0-255,66,183865,44,389874
5243,0.002176,74.125.68.0-255,1484,185349,44,389874
5244,0.002182,74.125.68.0-255,2902,188251,44,389874
5245,0.002187,172.31.46.0-255,66,188317,44,389874
5246,0.002221,74.125.68.0-255,4320,192637,44,389874
5247,0.002235,74.125.68.0-255,1484,194121,44,389874
5248,0.002241,74.125.68.0-255,4320,198441,44,389874
5249,0.002244,172.31.46.0-255,66,198507,44,389874
5250,0.002251,172.31.46.0-255,66,198573,44,389874
5251,0.002262,74.125.68.0-255,2902,201475,44,389874
5252,0.002283,172.31.46.0-255,66,201541,44,389874
5253,0.003902,74.125.68.0-255,66,201607,44,389874
5254,0.004476,74.125.68.0-255,2902,204509,44,389874
5255,0.00448,172.31.46.0-255,66,204575,44,389874
5256,0.004507,74.125.68.0-255,2902,207477,44,389874
5257,0.006617,172.31.46.0-255,66,207543,44,389874
5258,0.006715,74.125.68.0-255,2902,210445,44,389874
5259,0.006719,172.31.46.0-255,66,210511,44,389874
5260,0.008857,74.125.68.0-255,2902,213413,44,389874
5261,0.008864,172.31.46.0-255,66,213479,44,389874
5262,0.008952,74.125.68.0-255,2902,216381,44,389874
5263,0.008957,172.31.46.0-255,66,216447,44,389874
5264,0.011135,74.125.68.0-255,2902,219349,44,389874
5265,0.011143,172.31.46.0-255,66,219415,44,389874
5266,0.011191,74.125.68.0-255,2902,222317,44,389874
5267,0.013072,172.31.46.0-255,66,222383,44,389874
5268,0.013383,74.125.68.0-255,2902,225285,44,389874
5269,0.013392,172.31.46.0-255,66,225351,44,389874
5270,0.015309,74.125.68.0-255,2902,228253,44,389874
5271,0.015333,172.31.46.0-255,66,228319,44,389874
5272,0.015634,74.125.68.0-255,2902,231221,44,389874
5273,0.015641,172.31.46.0-255,66,231287,44,389874
5274,0.017597,74.125.68.0-255,2902,234189,44,389874
5275,0.017606,172.31.46.0-255,66,234255,44,389874
5276,0.017868,74.125.68.0-255,2902,237157,44,389874
5277,0.01803,172.31.46.0-255,66,237223,44,389874
5278,0.019847,74.125.68.0-255,2902,240125,44,389874
5279,0.019856,172.31.46.0-255,66,240191,44,389874
5280,0.020266,74.125.68.0-255,2902,243093,44,389874
5281,0.020272,172.31.46.0-255,66,243159,44,389874
5282,0.022087,74.125.68.0-255,2902,246061,44,389874
5283,0.022094,172.31.46.0-255,66,246127,44,389874
5284,0.022509,74.125.68.0-255,2902,249029,44,389874
5285,0.022516,172.31.46.0-255,66,249095,44,389874
5286,0.024347,74.125.68.0-255,2902,251997,44,389874
5287,0.024355,172.31.46.0-255,66,252063,44,389874
5288,0.02475,74.125.68.0-255,2902,254965,44,389874
5289,0.024757,172.31.46.0-255,66,255031,44,389874
5290,0.026614,74.125.68.0-255,2902,257933,44,389874
5291,0.026621,172.31.46.0-255,66,257999,44,389874
5292,0.026997,74.125.68.0-255,2902,260901,44,389874
5293,0.027003,172.31.46.0-255,66,260967,44,389874
5294,0.028861,74.125.68.0-255,2902,263869,44,389874
5295,0.028869,172.31.46.0-255,66,263935,44,389874
5296,0.029246,74.125.68.0-255,2902,266837,44,389874
5297,0.029252,172.31.46.0-255,66,266903,44,389874
5298,0.031111,74.125.68.0-255,2902,269805,44,389874
5299,0.031119,172.31.46.0-255,66,269871,44,389874
5300,0.031493,74.125.68.0-255,2902,272773,44,389874
5301,0.031499,172.31.46.0-255,66,272839,44,389874
5302,0.033353,74.125.68.0-255,2902,275741,44,389874
5303,0.033361,172.31.46.0-255,66,275807,44,389874
5304,0.033743,74.125.68.0-255,2902,278709,44,389874
5305,0.033749,172.31.46.0-255,66,278775,44,389874
5306,0.035592,74.125.68.0-255,2902,281677,44,389874
5307,0.035599,172.31.46.0-255,66,281743,44,389874
5308,0.035991,74.125.68.0-255,2902,284645,44,389874
5309,0.035998,172.31.46.0-255,66,284711,44,389874
5310,0.036982,172.31.46.0-255,188,284899,44,389874
5311,0.037011,172.31.46.0-255,955,285854,44,389874
5312,0.037072,172.31.46.0-255,1514,287368,44,389874
5313,0.037074,172.31.46.0-255,1514,288882,44,389874
5314,0.03708,172.31.46.0-255,1514,290396,44,389874
5315,0.037081,172.31.46.0-255,1514,291910,44,389874
5316,0.037098,172.31.46.0-255,1514,293424,44,389874
5317,0.0371,172.31.46.0-255,232,293656,44,389874
5318,0.03784,74.125.68.0-255,2902,296558,44,389874
5319,0.037845,172.31.46.0-255,66,296624,44,389874
5320,0.038237,74.125.68.0-255,2902,299526,44,389874
5321,0.038243,172.31.46.0-255,66,299592,44,389874
5322,0.038521,104.244.42.0-255,66,299658,44,389874
5323,0.038529,104.244.42.0-255,66,299724,44,389874
5324,0.038641,104.244.42.0-255,66,299790,44,389874
5325,0.038647,104.244.42.0-255,66,299856,44,389874
5326,0.040089,104.244.42.0-255,108,299964,44,389874
5327,0.040096,172.31.46.0-255,66,300030,44,389874
5328,0.0401,74.125.68.0-255,2902,302932,44,389874
5329,0.040102,172.31.46.0-255,66,302998,44,389874
5330,0.040487,74.125.68.0-255,2902,305900,44,389874
5331,0.040493,172.31.46.0-255,66,305966,44,389874
5332,0.042339,74.125.68.0-255,2902,308868,44,389874
5333,0.042346,172.31.46.0-255,66,308934,44,389874
5334,0.04275,74.125.68.0-255,2902,311836,44,389874
5335,0.042756,172.31.46.0-255,66,311902,44,389874
5336,0.04458,74.125.68.0-255,2902,314804,44,389874
5337,0.044586,172.31.46.0-255,66,314870,44,389874
5338,0.044994,74.125.68.0-255,2902,317772,44,389874
5339,0.044999,172.31.46.0-255,66,317838,44,389874
5340,0.046828,74.125.68.0-255,2902,320740,44,389874
5341,0.046835,172.31.46.0-255,66,320806,44,389874
5342,0.047256,74.125.68.0-255,2902,323708,44,389874
5343,0.047263,172.31.46.0-255,66,323774,44,389874
5344,0.049081,74.125.68.0-255,2902,326676,44,389874
5345,0.049088,172.31.46.0-255,66,326742,44,389874
5346,0.04951,74.125.68.0-255,2902,329644,44,389874
5347,0.049516,172.31.46.0-255,66,329710,44,389874
5348,0.051343,74.125.68.0-255,2902,332612,44,389874
5349,0.051349,172.31.46.0-255,66,332678,44,389874
5350,0.051755,74.125.68.0-255,2902,335580,44,389874
5351,0.051762,172.31.46.0-255,66,335646,44,389874
5352,0.053602,74.125.68.0-255,2902,338548,44,389874
5353,0.053608,172.31.46.0-255,66,338614,44,389874
5354,0.053998,74.125.68.0-255,2902,341516,44,389874
5355,0.054004,172.31.46.0-255,66,341582,44,389874
5356,0.055887,74.125.68.0-255,2902,344484,44,389874
5357,0.055894,172.31.46.0-255,66,344550,44,389874
5358,0.056242,74.125.68.0-255,2902,347452,44,389874
5359,0.056249,172.31.46.0-255,66,347518,44,389874
5360,0.058155,74.125.68.0-255,2902,350420,44,389874
5361,0.058164,172.31.46.0-255,66,350486,44,389874
5362,0.058485,74.125.68.0-255,2902,353388,44,389874
5363,0.058491,172.31.46.0-255,66,353454,44,389874
5364,0.060411,74.125.68.0-255,2902,356356,44,389874
5365,0.060417,172.31.46.0-255,66,356422,44,389874
5366,0.060733,74.125.68.0-255,2902,359324,44,389874
5367,0.060739,172.31.46.0-255,66,359390,44,389874
5368,0.062662,74.125.68.0-255,2902,362292,44,389874
5369,0.062668,172.31.46.0-255,66,362358,44,389874
5370,0.062979,74.125.68.0-255,2902,365260,44,389874
5371,0.062985,172.31.46.0-255,66,365326,44,389874
5372,0.064912,74.125.68.0-255,2902,368228,44,389874
5373,0.064919,172.31.46.0-255,66,368294,44,389874
5374,0.065221,74.125.68.0-255,2902,371196,44,389874
5375,0.065227,172.31.46.0-255,66,371262,44,389874
5376,0.067175,74.125.68.0-255,2902,374164,44,389874
5377,0.067181,172.31.46.0-255,66,374230,44,389874
5378,0.06746,74.125.68.0-255,2902,377132,44,389874
5379,0.067466,172.31.46.0-255,66,377198,44,389874
5380,0.069433,74.125.68.0-255,2902,380100,44,389874
5381,0.069439,172.31.46.0-255,66,380166,44,389874
5382,0.069708,74.125.68.0-255,2902,383068,44,389874
5383,0.069714,172.31.46.0-255,66,383134,44,389874
5384,0.071682,74.125.68.0-255,2902,386036,44,389874
5385,0.071688,172.31.46.0-255,66,386102,44,389874
5386,0.071952,74.125.68.0-255,2902,389004,44,389874
5387,0.071958,172.31.46.0-255,66,389070,44,389874
5388,0.073912,74.125.68.0-255,633,389703,44,389874
5389,0.074066,172.31.46.0-255,105,389808,44,389874
5390,0.08127,74.125.68.0-255,66,389874,44,389874
5391,0.0,172.217.194.0-255,298,298,44,267449
5392,2.2e-05,172.31.46.0-255,66,364,44,267449
5393,2.9e-05,172.217.194.0-255,1484,1848,44,267449
5394,3.3e-05,172.31.46.0-255,66,1914,44,267449
5395,4e-05,172.217.194.0-255,4320,6234,44,267449
5396,5.2e-05,172.31.46.0-255,66,6300,44,267449
5397,6e-05,172.217.194.0-255,7156,13456,44,267449
5398,6.4e-05,172.31.46.0-255,66,13522,44,267449
5399,6.7e-05,172.217.194.0-255,418,13940,44,267449
5400,7e-05,172.31.46.0-255,66,14006,44,267449
5401,0.000196,172.217.194.0-255,1484,15490,44,267449
5402,0.0002,172.31.46.0-255,66,15556,44,267449
5403,0.000205,172.217.194.0-255,2902,18458,44,267449
5404,0.000208,172.31.46.0-255,66,18524,44,267449
5405,0.000242,172.217.194.0-255,5738,24262,44,267449
5406,0.000245,172.31.46.0-255,66,24328,44,267449
5407,0.000251,172.217.194.0-255,5738,30066,44,267449
5408,0.000254,172.31.46.0-255,66,30132,44,267449
5409,0.000279,172.217.194.0-255,6797,36929,44,267449
5410,0.000282,172.31.46.0-255,66,36995,44,267449
5411,0.000322,172.31.46.0-255,66,37061,44,267449
5412,0.000353,172.217.194.0-255,6797,43858,44,267449
5413,0.000356,172.31.46.0-255,66,43924,44,267449
5414,0.000363,172.217.194.0-255,7156,51080,44,267449
5415,0.000366,172.31.46.0-255,66,51146,44,267449
5416,0.000384,172.217.194.0-255,1484,52630,44,267449
5417,0.000387,172.31.46.0-255,66,52696,44,267449
5418,0.000415,172.217.194.0-255,4211,56907,44,267449
5419,0.000418,172.31.46.0-255,66,56973,44,267449
5420,0.000485,172.217.194.0-255,115,57088,44,267449
5421,0.000489,172.31.46.0-255,66,57154,44,267449
5422,0.000512,172.217.194.0-255,1484,58638,44,267449
5423,0.000518,172.217.194.0-255,2902,61540,44,267449
5424,0.000521,172.31.46.0-255,66,61606,44,267449
5425,0.00054,172.217.194.0-255,7156,68762,44,267449
5426,0.000548,172.31.46.0-255,66,68828,44,267449
5427,0.000579,172.217.194.0-255,5120,73948,44,267449
5428,0.000582,172.31.46.0-255,66,74014,44,267449
5429,0.000609,172.217.194.0-255,1484,75498,44,267449
5430,0.000614,172.217.194.0-255,2902,78400,44,267449
5431,0.000649,172.217.194.0-255,5738,84138,44,267449
5432,0.000675,172.217.194.0-255,5738,89876,44,267449
5433,0.000686,172.217.194.0-255,1125,91001,44,267449
5434,0.000806,172.31.46.0-255,66,91067,44,267449
5435,0.000973,172.217.194.0-255,1484,92551,44,267449
5436,0.000981,172.217.194.0-255,2902,95453,44,267449
5437,0.000997,172.217.194.0-255,4320,99773,44,267449
5438,0.001006,172.31.46.0-255,66,99839,44,267449
5439,0.001016,172.217.194.0-255,1484,101323,44,267449
5440,0.001027,172.217.194.0-255,5738,107061,44,267449
5441,0.001031,172.217.194.0-255,2902,109963,44,267449
5442,0.001037,172.31.46.0-255,66,110029,44,267449
5443,0.001082,172.217.194.0-255,5020,115049,44,267449
5444,0.001093,172.31.46.0-255,66,115115,44,267449
5445,0.001346,172.217.194.0-255,1484,116599,44,267449
5446,0.00136,172.217.194.0-255,2902,119501,44,267449
5447,0.001364,172.31.46.0-255,66,119567,44,267449
5448,0.001368,172.217.194.0-255,1484,121051,44,267449
5449,0.00139,172.217.194.0-255,4320,125371,44,267449
5450,0.001393,172.217.194.0-255,1484,126855,44,267449
5451,0.001403,172.31.46.0-255,66,126921,44,267449
5452,0.001423,172.217.194.0-255,4320,131241,44,267449
5453,0.00144,172.217.194.0-255,5020,136261,44,267449
5454,0.001463,172.31.46.0-255,66,136327,44,267449
5455,0.001673,172.217.194.0-255,1484,137811,44,267449
5456,0.001688,172.217.194.0-255,2902,140713,44,267449
5457,0.001691,172.31.46.0-255,66,140779,44,267449
5458,0.001699,172.217.194.0-255,5738,146517,44,267449
5459,0.00172,172.217.194.0-255,4320,150837,44,267449
5460,0.001735,172.31.46.0-255,66,150903,44,267449
5461,0.001743,172.217.194.0-255,7156,158059,44,267449
5462,0.001748,172.217.194.0-255,4320,162379,44,267449
5463,0.001758,172.31.46.0-255,66,162445,44,267449
5464,0.001818,172.217.194.0-255,2902,165347,44,267449
5465,0.001849,172.31.46.0-255,66,165413,44,267449
5466,0.00186,172.217.194.0-255,7156,172569,44,267449
5467,0.001865,172.31.46.0-255,66,172635,44,267449
5468,0.001887,172.217.194.0-255,7156,179791,44,267449
5469,0.001923,172.31.46.0-255,66,179857,44,267449
5470,0.001934,172.217.194.0-255,4320,184177,44,267449
5471,0.001949,172.31.46.0-255,66,184243,44,267449
5472,0.002011,172.217.194.0-255,1484,185727,44,267449
5473,0.002016,172.217.194.0-255,2902,188629,44,267449
5474,0.002022,172.31.46.0-255,66,188695,44,267449
5475,0.002048,172.217.194.0-255,5738,194433,44,267449
5476,0.002065,172.217.194.0-255,7156,201589,44,267449
5477,0.002072,172.31.46.0-255,66,201655,44,267449
5478,0.002103,172.217.194.0-255,5738,207393,44,267449
5479,0.002108,172.217.194.0-255,2902,210295,44,267449
5480,0.002123,172.217.194.0-255,4320,214615,44,267449
5481,0.00213,172.31.46.0-255,66,214681,44,267449
5482,0.002148,172.217.194.0-255,3602,218283,44,267449
5483,0.002172,172.217.194.0-255,4320,222603,44,267449
5484,0.00218,172.31.46.0-255,66,222669,44,267449
5485,0.002191,172.217.194.0-255,4320,226989,44,267449
5486,0.002226,172.217.194.0-255,2902,229891,44,267449
5487,0.002233,172.31.46.0-255,66,229957,44,267449
5488,0.002287,172.217.194.0-255,2902,232859,44,267449
5489,0.002295,172.31.46.0-255,66,232925,44,267449
5490,0.002348,172.31.46.0-255,66,232991,44,267449
5491,0.004608,172.217.194.0-255,5738,238729,44,267449
5492,0.004616,172.31.46.0-255,66,238795,44,267449
5493,0.006857,172.217.194.0-255,5738,244533,44,267449
5494,0.00937,172.31.46.0-255,66,244599,44,267449
5495,0.011713,172.217.194.0-255,5738,250337,44,267449
5496,0.011726,172.31.46.0-255,66,250403,44,267449
5497,0.014011,172.217.194.0-255,5738,256141,44,267449
5498,0.014024,172.31.46.0-255,66,256207,44,267449
5499,0.016254,172.217.194.0-255,1814,258021,44,267449
5500,0.016265,172.31.46.0-255,66,258087,44,267449
5501,0.019194,172.31.46.0-255,105,258192,44,267449
5502,0.021392,172.217.194.0-255,66,258258,44,267449
5503,0.039109,172.31.46.0-255,172,258430,44,267449
5504,0.039141,172.31.46.0-255,1114,259544,44,267449
5505,0.03921,172.31.46.0-255,1514,261058,44,267449
5506,0.039212,172.31.46.0-255,1514,262572,44,267449
5507,0.039218,172.31.46.0-255,1514,264086,44,267449
5508,0.03922,172.31.46.0-255,1514,265600,44,267449
5509,0.039241,172.31.46.0-255,1514,267114,44,267449
5510,0.039242,172.31.46.0-255,71,267185,44,267449
5511,0.040645,104.244.42.0-255,66,267251,44,267449
5512,0.04068,104.244.42.0-255,66,267317,44,267449
5513,0.040795,104.244.42.0-255,66,267383,44,267449
5514,0.040801,104.244.42.0-255,66,267449,44,267449
5515,0.0,172.217.194.0-255,172,172,44,308789
5516,2.7e-05,172.31.46.0-255,66,238,44,308789
5517,3.5e-05,172.217.194.0-255,1484,1722,44,308789
5518,4.1e-05,172.31.46.0-255,66,1788,44,308789
5519,4.7e-05,172.217.194.0-255,2902,4690,44,308789
5520,5.2e-05,172.31.46.0-255,66,4756,44,308789
5521,5.9e-05,172.217.194.0-255,7156,11912,44,308789
5522,6.3e-05,172.31.46.0-255,66,11978,44,308789
5523,6.8e-05,172.217.194.0-255,2073,14051,44,308789
5524,7.1e-05,172.31.46.0-255,66,14117,44,308789
5525,0.000106,172.31.46.0-255,66,14183,44,308789
5526,0.000148,172.217.194.0-255,4320,18503,44,308789
5527,0.000152,172.31.46.0-255,66,18569,44,308789
5528,0.000168,172.217.194.0-255,3961,22530,44,308789
5529,0.00017,172.31.46.0-255,66,22596,44,308789
5530,0.000173,172.217.194.0-255,1484,24080,44,308789
5531,0.000176,172.31.46.0-255,66,24146,44,308789
5532,0.000199,172.217.194.0-255,7156,31302,44,308789
5533,0.000202,172.31.46.0-255,66,31368,44,308789
5534,0.000215,172.217.194.0-255,2902,34270,44,308789
5535,0.000217,172.31.46.0-255,66,34336,44,308789
5536,0.000249,172.217.194.0-255,5379,39715,44,308789
5537,0.000252,172.31.46.0-255,66,39781,44,308789
5538,0.000288,172.31.46.0-255,66,39847,44,308789
5539,0.000291,172.217.194.0-255,1484,41331,44,308789
5540,0.000293,172.31.46.0-255,66,41397,44,308789
5541,0.000309,172.217.194.0-255,3961,45358,44,308789
5542,0.000312,172.31.46.0-255,66,45424,44,308789
5543,0.000326,172.217.194.0-255,381,45805,44,308789
5544,0.000329,172.31.46.0-255,66,45871,44,308789
5545,0.000781,172.217.194.0-255,361,46232,44,308789
5546,0.001147,172.31.46.0-255,66,46298,44,308789
5547,0.001172,172.217.194.0-255,1484,47782,44,308789
5548,0.001199,172.217.194.0-255,2902,50684,44,308789
5549,0.001202,172.31.46.0-255,66,50750,44,308789
5550,0.001209,172.217.194.0-255,5738,56488,44,308789
5551,0.001212,172.31.46.0-255,66,56554,44,308789
5552,0.001218,172.217.194.0-255,4320,60874,44,308789
5553,0.001221,172.31.46.0-255,66,60940,44,308789
5554,0.001258,172.31.46.0-255,66,61006,44,308789
5555,0.001262,172.217.194.0-255,1484,62490,44,308789
5556,0.001277,172.217.194.0-255,1484,63974,44,308789
5557,0.00128,172.31.46.0-255,66,64040,44,308789
5558,0.0013,172.217.194.0-255,3961,68001,44,308789
5559,0.001303,172.31.46.0-255,66,68067,44,308789
5560,0.002238,172.217.194.0-255,1484,69551,44,308789
5561,0.002252,172.217.194.0-255,2902,72453,44,308789
5562,0.002261,172.31.46.0-255,66,72519,44,308789
5563,0.002271,172.217.194.0-255,5738,78257,44,308789
5564,0.002274,172.31.46.0-255,66,78323,44,308789
5565,0.00231,172.31.46.0-255,66,78389,44,308789
5566,0.002329,172.217.194.0-255,4320,82709,44,308789
5567,0.002331,172.31.46.0-255,66,82775,44,308789
5568,0.002341,172.31.46.0-255,66,82841,44,308789
5569,0.002364,172.217.194.0-255,2184,85025,44,308789
5570,0.002366,172.31.46.0-255,66,85091,44,308789
5571,0.002529,172.217.194.0-255,1484,86575,44,308789
5572,0.002536,172.217.194.0-255,2902,89477,44,308789
5573,0.00254,172.31.46.0-255,66,89543,44,308789
5574,0.002546,172.217.194.0-255,2902,92445,44,308789
5575,0.002548,172.31.46.0-255,66,92511,44,308789
5576,0.002564,172.217.194.0-255,4320,96831,44,308789
5577,0.002567,172.31.46.0-255,66,96897,44,308789
5578,0.00259,172.217.194.0-255,2902,99799,44,308789
5579,0.002593,172.31.46.0-255,66,99865,44,308789
5580,0.002612,172.217.194.0-255,4320,104185,44,308789
5581,0.002614,172.31.46.0-255,66,104251,44,308789
5582,0.002648,172.31.46.0-255,66,104317,44,308789
5583,0.002654,172.217.194.0-255,3602,107919,44,308789
5584,0.002656,172.31.46.0-255,66,107985,44,308789
5585,0.005199,172.217.194.0-255,1484,109469,44,308789
5586,0.00522,172.217.194.0-255,4320,113789,44,308789
5587,0.005226,172.31.46.0-255,66,113855,44,308789
5588,0.007805,172.217.194.0-255,5738,119593,44,308789
5589,0.007819,172.31.46.0-255,66,119659,44,308789
5590,0.010423,172.217.194.0-255,5738,125397,44,308789
5591,0.010443,172.31.46.0-255,66,125463,44,308789
5592,0.013043,172.217.194.0-255,5738,131201,44,308789
5593,0.013063,172.31.46.0-255,66,131267,44,308789
5594,0.015669,172.217.194.0-255,5738,137005,44,308789
5595,0.01569,172.31.46.0-255,66,137071,44,308789
5596,0.018335,172.217.194.0-255,5738,142809,44,308789
5597,0.018355,172.31.46.0-255,66,142875,44,308789
5598,0.020952,172.217.194.0-255,5738,148613,44,308789
5599,0.020973,172.31.46.0-255,66,148679,44,308789
5600,0.02359,172.217.194.0-255,5738,154417,44,308789
5601,0.023612,172.31.46.0-255,66,154483,44,308789
5602,0.026202,172.217.194.0-255,5738,160221,44,308789
5603,0.026221,172.31.46.0-255,66,160287,44,308789
5604,0.028805,172.217.194.0-255,5738,166025,44,308789
5605,0.028828,172.31.46.0-255,66,166091,44,308789
5606,0.031403,172.217.194.0-255,5738,171829,44,308789
5607,0.031423,172.31.46.0-255,66,171895,44,308789
5608,0.03401,172.217.194.0-255,5738,177633,44,308789
5609,0.034032,172.31.46.0-255,66,177699,44,308789
5610,0.036611,172.217.194.0-255,5738,183437,44,308789
5611,0.03663,172.31.46.0-255,66,183503,44,308789
5612,0.03925,172.217.194.0-255,5738,189241,44,308789
5613,0.039272,172.31.46.0-255,66,189307,44,308789
5614,0.041863,172.217.194.0-255,5738,195045,44,308789
5615,0.041882,172.31.46.0-255,66,195111,44,308789
5616,0.044517,172.217.194.0-255,5738,200849,44,308789
5617,0.044537,172.31.46.0-255,66,200915,44,308789
5618,0.046566,172.31.46.0-255,188,201103,44,308789
5619,0.046604,172.31.46.0-255,955,202058,44,308789
5620,0.046694,172.31.46.0-255,1514,203572,44,308789
5621,0.046696,172.31.46.0-255,1514,205086,44,308789
5622,0.046697,172.31.46.0-255,1514,206600,44,308789
5623,0.046698,172.31.46.0-255,1514,208114,44,308789
5624,0.04675,172.31.46.0-255,1514,209628,44,308789
5625,0.046751,172.31.46.0-255,229,209857,44,308789
5626,0.047141,172.217.194.0-255,5738,215595,44,308789
5627,0.047153,172.31.46.0-255,66,215661,44,308789
5628,0.048105,104.244.42.0-255,66,215727,44,308789
5629,0.0482,104.244.42.0-255,66,215793,44,308789
5630,0.048247,104.244.42.0-255,66,215859,44,308789
5631,0.048419,104.244.42.0-255,66,215925,44,308789
5632,0.049759,172.217.194.0-255,5738,221663,44,308789
5633,0.04978,172.31.46.0-255,66,221729,44,308789
5634,0.052359,172.217.194.0-255,5738,227467,44,308789
5635,0.052379,172.31.46.0-255,66,227533,44,308789
5636,0.054987,172.217.194.0-255,5738,233271,44,308789
5637,0.055007,172.31.46.0-255,66,233337,44,308789
5638,0.057608,172.217.194.0-255,5738,239075,44,308789
5639,0.057629,172.31.46.0-255,66,239141,44,308789
5640,0.060231,172.217.194.0-255,5738,244879,44,308789
5641,0.060249,172.31.46.0-255,66,244945,44,308789
5642,0.062842,172.217.194.0-255,5738,250683,44,308789
5643,0.062861,172.31.46.0-255,66,250749,44,308789
5644,0.065509,172.217.194.0-255,5738,256487,44,308789
5645,0.065527,172.31.46.0-255,66,256553,44,308789
5646,0.068173,172.217.194.0-255,5738,262291,44,308789
5647,0.068191,172.31.46.0-255,66,262357,44,308789
5648,0.07079,172.217.194.0-255,5738,268095,44,308789
5649,0.070809,172.31.46.0-255,66,268161,44,308789
5650,0.073416,172.217.194.0-255,5738,273899,44,308789
5651,0.073435,172.31.46.0-255,66,273965,44,308789
5652,0.076054,172.217.194.0-255,5738,279703,44,308789
5653,0.076076,172.31.46.0-255,66,279769,44,308789
5654,0.078705,172.217.194.0-255,5738,285507,44,308789
5655,0.078723,172.31.46.0-255,66,285573,44,308789
5656,0.081324,172.217.194.0-255,5738,291311,44,308789
5657,0.081334,172.31.46.0-255,66,291377,44,308789
5658,0.083926,172.217.194.0-255,5738,297115,44,308789
5659,0.083939,172.31.46.0-255,66,297181,44,308789
5660,0.086542,172.217.194.0-255,5738,302919,44,308789
5661,0.086558,172.31.46.0-255,66,302985,44,308789
5662,0.089149,172.217.194.0-255,5738,308723,44,308789
5663,0.089165,172.31.46.0-255,66,308789,44,308789
5664,0.0,74.125.24.0-255,153,153,44,274020
5665,2.4e-05,172.31.46.0-255,66,219,44,274020
5666,3.1e-05,74.125.24.0-255,1484,1703,44,274020
5667,3.5e-05,172.31.46.0-255,66,1769,44,274020
5668,4.1e-05,74.125.24.0-255,2902,4671,44,274020
5669,5.3e-05,172.31.46.0-255,66,4737,44,274020
5670,6.1e-05,74.125.24.0-255,7156,11893,44,274020
5671,6.3e-05,172.31.46.0-255,66,11959,44,274020
5672,6.7e-05,74.125.24.0-255,2066,14025,44,274020
5673,7e-05,172.31.46.0-255,66,14091,44,274020
5674,0.000358,74.125.24.0-255,1484,15575,44,274020
5675,0.000364,172.31.46.0-255,66,15641,44,274020
5676,0.00037,74.125.24.0-255,2902,18543,44,274020
5677,0.000373,172.31.46.0-255,66,18609,44,274020
5678,0.000383,74.125.24.0-255,4320,22929,44,274020
5679,0.000386,172.31.46.0-255,66,22995,44,274020
5680,0.000422,74.125.24.0-255,1484,24479,44,274020
5681,0.000425,172.31.46.0-255,66,24545,44,274020
5682,0.000433,74.125.24.0-255,6797,31342,44,274020
5683,0.000435,172.31.46.0-255,66,31408,44,274020
5684,0.000505,74.125.24.0-255,1484,32892,44,274020
5685,0.000508,172.31.46.0-255,66,32958,44,274020
5686,0.000513,74.125.24.0-255,2902,35860,44,274020
5687,0.000515,172.31.46.0-255,66,35926,44,274020
5688,0.000545,74.125.24.0-255,5738,41664,44,274020
5689,0.000548,172.31.46.0-255,66,41730,44,274020
5690,0.000551,74.125.24.0-255,1484,43214,44,274020
5691,0.000553,172.31.46.0-255,66,43280,44,274020
5692,0.000581,172.31.46.0-255,66,43346,44,274020
5693,0.000631,172.31.46.0-255,66,43412,44,274020
5694,0.000634,74.125.24.0-255,1125,44537,44,274020
5695,0.001037,74.125.24.0-255,411,44948,44,274020
5696,0.001069,74.125.24.0-255,332,45280,44,274020
5697,0.001073,172.31.46.0-255,66,45346,44,274020
5698,0.001898,74.125.24.0-255,1484,46830,44,274020
5699,0.001909,74.125.24.0-255,2902,49732,44,274020
5700,0.001914,172.31.46.0-255,66,49798,44,274020
5701,0.001922,74.125.24.0-255,5738,55536,44,274020
5702,0.001925,172.31.46.0-255,66,55602,44,274020
5703,0.001933,74.125.24.0-255,1484,57086,44,274020
5704,0.001968,172.31.46.0-255,66,57152,44,274020
5705,0.001984,172.31.46.0-255,66,57218,44,274020
5706,0.004329,74.125.24.0-255,5738,62956,44,274020
5707,0.004336,172.31.46.0-255,66,63022,44,274020
5708,0.006623,74.125.24.0-255,5738,68760,44,274020
5709,0.006628,172.31.46.0-255,66,68826,44,274020
5710,0.008955,74.125.24.0-255,5738,74564,44,274020
5711,0.008965,172.31.46.0-255,66,74630,44,274020
5712,0.011281,74.125.24.0-255,5738,80368,44,274020
5713,0.011295,172.31.46.0-255,66,80434,44,274020
5714,0.013595,74.125.24.0-255,5738,86172,44,274020
5715,0.013605,172.31.46.0-255,66,86238,44,274020
5716,0.015977,74.125.24.0-255,5738,91976,44,274020
5717,0.01599,172.31.46.0-255,66,92042,44,274020
5718,0.018318,74.125.24.0-255,5738,97780,44,274020
5719,0.018331,172.31.46.0-255,66,97846,44,274020
5720,0.020641,74.125.24.0-255,5738,103584,44,274020
5721,0.020653,172.31.46.0-255,66,103650,44,274020
5722,0.023006,74.125.24.0-255,5738,109388,44,274020
5723,0.023018,172.31.46.0-255,66,109454,44,274020
5724,0.025312,74.125.24.0-255,5738,115192,44,274020
5725,0.025321,172.31.46.0-255,66,115258,44,274020
5726,0.027635,74.125.24.0-255,5738,120996,44,274020
5727,0.027645,172.31.46.0-255,66,121062,44,274020
5728,0.02995,74.125.24.0-255,5738,126800,44,274020
5729,0.029959,172.31.46.0-255,66,126866,44,274020
5730,0.032307,74.125.24.0-255,5738,132604,44,274020
5731,0.032317,172.31.46.0-255,66,132670,44,274020
5732,0.034625,74.125.24.0-255,5738,138408,44,274020
5733,0.034635,172.31.46.0-255,66,138474,44,274020
5734,0.036914,74.125.24.0-255,5738,144212,44,274020
5735,0.03692,172.31.46.0-255,66,144278,44,274020
5736,0.037086,172.31.46.0-255,176,144454,44,274020
5737,0.037114,172.31.46.0-255,1114,145568,44,274020
5738,0.037177,172.31.46.0-255,566,146134,44,274020
5739,0.038616,104.244.42.0-255,66,146200,44,274020
5740,0.038652,104.244.42.0-255,66,146266,44,274020
5741,0.038675,104.244.42.0-255,66,146332,44,274020
5742,0.03924,74.125.24.0-255,5738,152070,44,274020
5743,0.039252,172.31.46.0-255,66,152136,44,274020
5744,0.041545,74.125.24.0-255,5738,157874,44,274020
5745,0.041552,172.31.46.0-255,66,157940,44,274020
5746,0.043844,74.125.24.0-255,5738,163678,44,274020
5747,0.043851,172.31.46.0-255,66,163744,44,274020
5748,0.046174,74.125.24.0-255,5738,169482,44,274020
5749,0.046181,172.31.46.0-255,66,169548,44,274020
5750,0.048488,74.125.24.0-255,5738,175286,44,274020
5751,0.048495,172.31.46.0-255,66,175352,44,274020
5752,0.050857,74.125.24.0-255,5738,181090,44,274020
5753,0.050864,172.31.46.0-255,66,181156,44,274020
5754,0.053166,74.125.24.0-255,5738,186894,44,274020
5755,0.053172,172.31.46.0-255,66,186960,44,274020
5756,0.055509,74.125.24.0-255,5738,192698,44,274020
5757,0.055517,172.31.46.0-255,66,192764,44,274020
5758,0.05782,74.125.24.0-255,5738,198502,44,274020
5759,0.057827,172.31.46.0-255,66,198568,44,274020
5760,0.060127,74.125.24.0-255,5738,204306,44,274020
5761,0.060134,172.31.46.0-255,66,204372,44,274020
5762,0.062486,74.125.24.0-255,5738,210110,44,274020
5763,0.062493,172.31.46.0-255,66,210176,44,274020
5764,0.064816,74.125.24.0-255,5738,215914,44,274020
5765,0.064823,172.31.46.0-255,66,215980,44,274020
5766,0.06714,74.125.24.0-255,5738,221718,44,274020
5767,0.067147,172.31.46.0-255,66,221784,44,274020
5768,0.069423,74.125.24.0-255,5738,227522,44,274020
5769,0.06943,172.31.46.0-255,66,227588,44,274020
5770,0.07171,74.125.24.0-255,5738,233326,44,274020
5771,0.071718,172.31.46.0-255,66,233392,44,274020
5772,0.074026,74.125.24.0-255,5738,239130,44,274020
5773,0.074034,172.31.46.0-255,66,239196,44,274020
5774,0.076345,74.125.24.0-255,5738,244934,44,274020
5775,0.076351,172.31.46.0-255,66,245000,44,274020
5776,0.078679,74.125.24.0-255,5738,250738,44,274020
5777,0.078686,172.31.46.0-255,66,250804,44,274020
5778,0.080961,74.125.24.0-255,5738,256542,44,274020
5779,0.080967,172.31.46.0-255,66,256608,44,274020
5780,0.083295,74.125.24.0-255,5738,262346,44,274020
5781,0.083303,172.31.46.0-255,66,262412,44,274020
5782,0.085589,74.125.24.0-255,5738,268150,44,274020
5783,0.085597,172.31.46.0-255,66,268216,44,274020
5784,0.087939,74.125.24.0-255,5738,273954,44,274020
5785,0.087946,172.31.46.0-255,66,274020,44,274020
5786,0.0,172.217.194.0-255,297,297,44,307318
5787,2.2e-05,172.31.46.0-255,66,363,44,307318
5788,2.8e-05,172.217.194.0-255,1484,1847,44,307318
5789,3.3e-05,172.31.46.0-255,66,1913,44,307318
5790,4.8e-05,172.217.194.0-255,4320,6233,44,307318
5791,5.3e-05,172.31.46.0-255,66,6299,44,307318
5792,6.2e-05,172.217.194.0-255,7156,13455,44,307318
5793,6.5e-05,172.31.46.0-255,66,13521,44,307318
5794,7.6e-05,172.31.46.0-255,66,13587,44,307318
5795,8.8e-05,172.31.46.0-255,66,13653,44,307318
5796,0.000134,172.217.194.0-255,7156,20809,44,307318
5797,0.000137,172.31.46.0-255,66,20875,44,307318
5798,0.000169,172.217.194.0-255,5379,26254,44,307318
5799,0.000172,172.31.46.0-255,66,26320,44,307318
5800,0.000175,172.217.194.0-255,1484,27804,44,307318
5801,0.000177,172.31.46.0-255,66,27870,44,307318
5802,0.00021,172.217.194.0-255,3961,31831,44,307318
5803,0.000213,172.31.46.0-255,66,31897,44,307318
5804,0.00022,172.217.194.0-255,5738,37635,44,307318
5805,0.000223,172.31.46.0-255,66,37701,44,307318
5806,0.000225,172.217.194.0-255,1484,39185,44,307318
5807,0.000227,172.31.46.0-255,66,39251,44,307318
5808,0.000266,172.31.46.0-255,66,39317,44,307318
5809,0.000269,172.217.194.0-255,381,39698,44,307318
5810,0.000271,172.31.46.0-255,66,39764,44,307318
5811,0.000553,172.217.194.0-255,1484,41248,44,307318
5812,0.00056,172.217.194.0-255,2902,44150,44,307318
5813,0.000566,172.31.46.0-255,66,44216,44,307318
5814,0.000571,172.31.46.0-255,66,44282,44,307318
5815,0.000591,172.217.194.0-255,5738,50020,44,307318
5816,0.000594,172.31.46.0-255,66,50086,44,307318
5817,0.0006,172.217.194.0-255,5738,55824,44,307318
5818,0.000603,172.31.46.0-255,66,55890,44,307318
5819,0.000615,172.31.46.0-255,66,55956,44,307318
5820,0.000646,172.217.194.0-255,4320,60276,44,307318
5821,0.000648,172.31.46.0-255,66,60342,44,307318
5822,0.000655,172.217.194.0-255,5020,65362,44,307318
5823,0.000657,172.31.46.0-255,66,65428,44,307318
5824,0.001956,172.217.194.0-255,1484,66912,44,307318
5825,0.001967,172.217.194.0-255,2902,69814,44,307318
5826,0.001971,172.31.46.0-255,66,69880,44,307318
5827,0.001979,172.217.194.0-255,5738,75618,44,307318
5828,0.001982,172.31.46.0-255,66,75684,44,307318
5829,0.001986,172.217.194.0-255,1484,77168,44,307318
5830,0.002032,172.31.46.0-255,66,77234,44,307318
5831,0.002051,172.31.46.0-255,66,77300,44,307318
5832,0.004317,172.217.194.0-255,5738,83038,44,307318
5833,0.004325,172.31.46.0-255,66,83104,44,307318
5834,0.006616,172.217.194.0-255,5738,88842,44,307318
5835,0.006624,172.31.46.0-255,66,88908,44,307318
5836,0.008894,172.217.194.0-255,5738,94646,44,307318
5837,0.0089,172.31.46.0-255,66,94712,44,307318
5838,0.011191,172.217.194.0-255,5738,100450,44,307318
5839,0.0112,172.31.46.0-255,66,100516,44,307318
5840,0.013464,172.217.194.0-255,5738,106254,44,307318
5841,0.013471,172.31.46.0-255,66,106320,44,307318
5842,0.015799,172.217.194.0-255,5738,112058,44,307318
5843,0.01581,172.31.46.0-255,66,112124,44,307318
5844,0.018087,172.217.194.0-255,5738,117862,44,307318
5845,0.018098,172.31.46.0-255,66,117928,44,307318
5846,0.020386,172.217.194.0-255,5738,123666,44,307318
5847,0.020399,172.31.46.0-255,66,123732,44,307318
5848,0.02267,172.217.194.0-255,5738,129470,44,307318
5849,0.022677,172.31.46.0-255,66,129536,44,307318
5850,0.024952,172.217.194.0-255,5738,135274,44,307318
5851,0.02496,172.31.46.0-255,66,135340,44,307318
5852,0.027227,172.217.194.0-255,5738,141078,44,307318
5853,0.027236,172.31.46.0-255,66,141144,44,307318
5854,0.029521,172.217.194.0-255,5738,146882,44,307318
5855,0.029531,172.31.46.0-255,66,146948,44,307318
5856,0.029686,172.31.46.0-255,101,147049,44,307318
5857,0.031833,172.217.194.0-255,5738,152787,44,307318
5858,0.031845,172.31.46.0-255,66,152853,44,307318
5859,0.031905,172.217.194.0-255,66,152919,44,307318
5860,0.03413,172.217.194.0-255,5738,158657,44,307318
5861,0.034144,172.31.46.0-255,66,158723,44,307318
5862,0.036457,172.217.194.0-255,5738,164461,44,307318
5863,0.03647,172.31.46.0-255,66,164527,44,307318
5864,0.038609,172.31.46.0-255,172,164699,44,307318
5865,0.038641,172.31.46.0-255,1109,165808,44,307318
5866,0.038711,172.31.46.0-255,1514,167322,44,307318
5867,0.038713,172.31.46.0-255,1514,168836,44,307318
5868,0.038719,172.31.46.0-255,1514,170350,44,307318
5869,0.03872,172.31.46.0-255,1514,171864,44,307318
5870,0.038743,172.31.46.0-255,1514,173378,44,307318
5871,0.038744,172.31.46.0-255,76,173454,44,307318
5872,0.038769,172.217.194.0-255,5738,179192,44,307318
5873,0.038774,172.31.46.0-255,66,179258,44,307318
5874,0.040152,104.244.42.0-255,66,179324,44,307318
5875,0.040344,104.244.42.0-255,66,179390,44,307318
5876,0.04035,104.244.42.0-255,66,179456,44,307318
5877,0.040892,104.244.42.0-255,108,179564,44,307318
5878,0.040903,172.31.46.0-255,66,179630,44,307318
5879,0.041054,172.217.194.0-255,5738,185368,44,307318
5880,0.041058,172.31.46.0-255,66,185434,44,307318
5881,0.043335,172.217.194.0-255,5738,191172,44,307318
5882,0.043344,172.31.46.0-255,66,191238,44,307318
5883,0.045626,172.217.194.0-255,5738,196976,44,307318
5884,0.045634,172.31.46.0-255,66,197042,44,307318
5885,0.04791,172.217.194.0-255,5738,202780,44,307318
5886,0.047931,172.31.46.0-255,66,202846,44,307318
5887,0.050216,172.217.194.0-255,5738,208584,44,307318
5888,0.050223,172.31.46.0-255,66,208650,44,307318
5889,0.052514,172.217.194.0-255,5738,214388,44,307318
5890,0.05252,172.31.46.0-255,66,214454,44,307318
5891,0.05481,172.217.194.0-255,5738,220192,44,307318
5892,0.054816,172.31.46.0-255,66,220258,44,307318
5893,0.057099,172.217.194.0-255,5738,225996,44,307318
5894,0.057105,172.31.46.0-255,66,226062,44,307318
5895,0.059404,172.217.194.0-255,5738,231800,44,307318
5896,0.05941,172.31.46.0-255,66,231866,44,307318
5897,0.061696,172.217.194.0-255,5738,237604,44,307318
5898,0.061703,172.31.46.0-255,66,237670,44,307318
5899,0.063991,172.217.194.0-255,5738,243408,44,307318
5900,0.064,172.31.46.0-255,66,243474,44,307318
5901,0.066309,172.217.194.0-255,5738,249212,44,307318
5902,0.066321,172.31.46.0-255,66,249278,44,307318
5903,0.068628,172.217.194.0-255,5738,255016,44,307318
5904,0.068634,172.31.46.0-255,66,255082,44,307318
5905,0.07092,172.217.194.0-255,5738,260820,44,307318
5906,0.070927,172.31.46.0-255,66,260886,44,307318
5907,0.073213,172.217.194.0-255,5738,266624,44,307318
5908,0.07322,172.31.46.0-255,66,266690,44,307318
5909,0.075546,172.217.194.0-255,5738,272428,44,307318
5910,0.075552,172.31.46.0-255,66,272494,44,307318
5911,0.077896,172.217.194.0-255,5738,278232,44,307318
5912,0.077903,172.31.46.0-255,66,278298,44,307318
5913,0.080205,172.217.194.0-255,5738,284036,44,307318
5914,0.080213,172.31.46.0-255,66,284102,44,307318
5915,0.082472,172.217.194.0-255,5738,289840,44,307318
5916,0.08248,172.31.46.0-255,66,289906,44,307318
5917,0.08475,172.217.194.0-255,5738,295644,44,307318
5918,0.084758,172.31.46.0-255,66,295710,44,307318
5919,0.087041,172.217.194.0-255,5738,301448,44,307318
5920,0.087049,172.31.46.0-255,66,301514,44,307318
5921,0.089414,172.217.194.0-255,5738,307252,44,307318
5922,0.089421,172.31.46.0-255,66,307318,44,307318
5923,0.0,74.125.68.0-255,297,297,44,381348
5924,3.4e-05,172.31.46.0-255,66,363,44,381348
5925,3.9e-05,74.125.68.0-255,1484,1847,44,381348
5926,4.4e-05,172.31.46.0-255,66,1913,44,381348
5927,6.4e-05,74.125.68.0-255,2902,4815,44,381348
5928,6.7e-05,172.31.46.0-255,66,4881,44,381348
5929,9.8e-05,74.125.68.0-255,4320,9201,44,381348
5930,0.000101,172.31.46.0-255,66,9267,44,381348
5931,0.000125,74.125.68.0-255,4320,13587,44,381348
5932,0.000128,172.31.46.0-255,66,13653,44,381348
5933,0.000131,74.125.68.0-255,428,14081,44,381348
5934,0.000133,172.31.46.0-255,66,14147,44,381348
5935,0.000423,74.125.68.0-255,1484,15631,44,381348
5936,0.000429,172.31.46.0-255,66,15697,44,381348
5937,0.000436,74.125.68.0-255,2902,18599,44,381348
5938,0.000439,172.31.46.0-255,66,18665,44,381348
5939,0.000444,74.125.68.0-255,5738,24403,44,381348
5940,0.000448,172.31.46.0-255,66,24469,44,381348
5941,0.000479,74.125.68.0-255,5738,30207,44,381348
5942,0.000483,172.31.46.0-255,66,30273,44,381348
5943,0.000498,74.125.68.0-255,2902,33175,44,381348
5944,0.0005,172.31.46.0-255,66,33241,44,381348
5945,0.000528,74.125.68.0-255,3961,37202,44,381348
5946,0.000532,74.125.68.0-255,2902,40104,44,381348
5947,0.000534,172.31.46.0-255,66,40170,44,381348
5948,0.000537,74.125.68.0-255,4320,44490,44,381348
5949,0.000554,172.31.46.0-255,66,44556,44,381348
5950,0.000556,74.125.68.0-255,1484,46040,44,381348
5951,0.000558,172.31.46.0-255,66,46106,44,381348
5952,0.000561,172.31.46.0-255,66,46172,44,381348
5953,0.000577,74.125.68.0-255,2902,49074,44,381348
5954,0.00058,172.31.46.0-255,66,49140,44,381348
5955,0.000602,74.125.68.0-255,5738,54878,44,381348
5956,0.000607,172.31.46.0-255,66,54944,44,381348
5957,0.000629,74.125.68.0-255,4320,59264,44,381348
5958,0.000635,74.125.68.0-255,5738,65002,44,381348
5959,0.000649,74.125.68.0-255,766,65768,44,381348
5960,0.000709,74.125.68.0-255,428,66196,44,381348
5961,0.000741,74.125.68.0-255,1484,67680,44,381348
5962,0.000759,74.125.68.0-255,4320,72000,44,381348
5963,0.000779,74.125.68.0-255,5738,77738,44,381348
5964,0.000805,74.125.68.0-255,4320,82058,44,381348
5965,0.000821,74.125.68.0-255,7156,89214,44,381348
5966,0.000826,74.125.68.0-255,4320,93534,44,381348
5967,0.000884,74.125.68.0-255,6719,100253,44,381348
5968,0.001116,74.125.68.0-255,1484,101737,44,381348
5969,0.001121,74.125.68.0-255,1484,103221,44,381348
5970,0.001123,74.125.68.0-255,1484,104705,44,381348
5971,0.001143,74.125.68.0-255,1484,106189,44,381348
5972,0.001149,74.125.68.0-255,4320,110509,44,381348
5973,0.001166,74.125.68.0-255,1484,111993,44,381348
5974,0.001179,74.125.68.0-255,2902,114895,44,381348
5975,0.001232,74.125.68.0-255,2902,117797,44,381348
5976,0.001249,74.125.68.0-255,6438,124235,44,381348
5977,0.001355,172.31.46.0-255,66,124301,44,381348
5978,0.001426,74.125.68.0-255,1484,125785,44,381348
5979,0.001456,74.125.68.0-255,2902,128687,44,381348
5980,0.001461,74.125.68.0-255,1484,130171,44,381348
5981,0.001472,172.31.46.0-255,66,130237,44,381348
5982,0.001485,74.125.68.0-255,4320,134557,44,381348
5983,0.00149,172.31.46.0-255,66,134623,44,381348
5984,0.001515,74.125.68.0-255,4320,138943,44,381348
5985,0.001522,172.31.46.0-255,66,139009,44,381348
5986,0.001531,74.125.68.0-255,5738,144747,44,381348
5987,0.001537,74.125.68.0-255,5738,150485,44,381348
5988,0.001554,74.125.68.0-255,5738,156223,44,381348
5989,0.001558,74.125.68.0-255,2184,158407,44,381348
5990,0.001579,74.125.68.0-255,1484,159891,44,381348
5991,0.001583,74.125.68.0-255,1484,161375,44,381348
5992,0.0016,74.125.68.0-255,1484,162859,44,381348
5993,0.001603,74.125.68.0-255,1484,164343,44,381348
5994,0.001615,74.125.68.0-255,4320,168663,44,381348
5995,0.001629,74.125.68.0-255,2902,171565,44,381348
5996,0.001651,74.125.68.0-255,5738,177303,44,381348
5997,0.001656,74.125.68.0-255,2902,180205,44,381348
5998,0.001677,74.125.68.0-255,7156,187361,44,381348
5999,0.001681,74.125.68.0-255,2902,190263,44,381348
6000,0.001694,74.125.68.0-255,2184,192447,44,381348
6001,0.001768,74.125.68.0-255,1484,193931,44,381348
6002,0.001784,74.125.68.0-255,2902,196833,44,381348
6003,0.001788,74.125.68.0-255,1484,198317,44,381348
6004,0.001811,74.125.68.0-255,2902,201219,44,381348
6005,0.001819,74.125.68.0-255,7156,208375,44,381348
6006,0.001848,74.125.68.0-255,1484,209859,44,381348
6007,0.001856,74.125.68.0-255,7156,217015,44,381348
6008,0.001861,74.125.68.0-255,5738,222753,44,381348
6009,0.001887,74.125.68.0-255,2902,225655,44,381348
6010,0.00189,74.125.68.0-255,766,226421,44,381348
6011,0.001979,74.125.68.0-255,1484,227905,44,381348
6012,0.001993,74.125.68.0-255,1484,229389,44,381348
6013,0.002014,74.125.68.0-255,1484,230873,44,381348
6014,0.002017,74.125.68.0-255,1484,232357,44,381348
6015,0.002048,74.125.68.0-255,4320,236677,44,381348
6016,0.002085,74.125.68.0-255,1484,238161,44,381348
6017,0.0021,74.125.68.0-255,5738,243899,44,381348
6018,0.002113,74.125.68.0-255,3602,247501,44,381348
6019,0.002165,74.125.68.0-255,1484,248985,44,381348
6020,0.002168,74.125.68.0-255,1484,250469,44,381348
6021,0.002185,74.125.68.0-255,1484,251953,44,381348
6022,0.002189,74.125.68.0-255,2902,254855,44,381348
6023,0.002192,74.125.68.0-255,1484,256339,44,381348
6024,0.002207,74.125.68.0-255,2902,259241,44,381348
6025,0.002256,74.125.68.0-255,1484,260725,44,381348
6026,0.002273,74.125.68.0-255,7156,267881,44,381348
6027,0.002277,74.125.68.0-255,2902,270783,44,381348
6028,0.002282,74.125.68.0-255,4320,275103,44,381348
6029,0.002289,74.125.68.0-255,6438,281541,44,381348
6030,0.003818,172.31.46.0-255,66,281607,44,381348
6031,0.006086,74.125.68.0-255,5738,287345,44,381348
6032,0.006095,172.31.46.0-255,66,287411,44,381348
6033,0.008346,74.125.68.0-255,5738,293149,44,381348
6034,0.008357,172.31.46.0-255,66,293215,44,381348
6035,0.010608,74.125.68.0-255,5738,298953,44,381348
6036,0.010617,172.31.46.0-255,66,299019,44,381348
6037,0.012884,74.125.68.0-255,5738,304757,44,381348
6038,0.012901,172.31.46.0-255,66,304823,44,381348
6039,0.015207,74.125.68.0-255,5738,310561,44,381348
6040,0.015467,172.31.46.0-255,66,310627,44,381348
6041,0.017725,74.125.68.0-255,5738,316365,44,381348
6042,0.017738,172.31.46.0-255,66,316431,44,381348
6043,0.019999,74.125.68.0-255,5738,322169,44,381348
6044,0.020013,172.31.46.0-255,66,322235,44,381348
6045,0.022279,74.125.68.0-255,5738,327973,44,381348
6046,0.022289,172.31.46.0-255,66,328039,44,381348
6047,0.024527,74.125.68.0-255,5738,333777,44,381348
6048,0.024535,172.31.46.0-255,66,333843,44,381348
6049,0.026836,74.125.68.0-255,5738,339581,44,381348
6050,0.026845,172.31.46.0-255,66,339647,44,381348
6051,0.029117,74.125.68.0-255,5738,345385,44,381348
6052,0.029134,172.31.46.0-255,66,345451,44,381348
6053,0.031393,74.125.68.0-255,5738,351189,44,381348
6054,0.031402,172.31.46.0-255,66,351255,44,381348
6055,0.033664,74.125.68.0-255,5738,356993,44,381348
6056,0.033678,172.31.46.0-255,66,357059,44,381348
6057,0.035922,74.125.68.0-255,5738,362797,44,381348
6058,0.03593,172.31.46.0-255,66,362863,44,381348
6059,0.037265,172.31.46.0-255,172,363035,44,381348
6060,0.037299,172.31.46.0-255,1114,364149,44,381348
6061,0.037379,172.31.46.0-255,1514,365663,44,381348
6062,0.037381,172.31.46.0-255,1514,367177,44,381348
6063,0.037386,172.31.46.0-255,1514,368691,44,381348
6064,0.037388,172.31.46.0-255,1514,370205,44,381348
6065,0.037406,172.31.46.0-255,1514,371719,44,381348
6066,0.037407,172.31.46.0-255,70,371789,44,381348
6067,0.038175,74.125.68.0-255,5738,377527,44,381348
6068,0.038183,172.31.46.0-255,66,377593,44,381348
6069,0.038792,104.244.42.0-255,66,377659,44,381348
6070,0.038832,104.244.42.0-255,66,377725,44,381348
6071,0.03897,104.244.42.0-255,66,377791,44,381348
6072,0.038977,104.244.42.0-255,66,377857,44,381348
6073,0.039794,104.244.42.0-255,108,377965,44,381348
6074,0.039804,172.31.46.0-255,66,378031,44,381348
6075,0.04042,74.125.68.0-255,3080,381111,44,381348
6076,0.040426,172.31.46.0-255,66,381177,44,381348
6077,0.040604,172.31.46.0-255,105,381282,44,381348
6078,0.042818,74.125.68.0-255,66,381348,44,381348
6079,0.0,74.125.130.0-255,153,153,44,308775
6080,2.9e-05,172.31.46.0-255,66,219,44,308775
6081,3.8e-05,74.125.130.0-255,1484,1703,44,308775
6082,4.3e-05,172.31.46.0-255,66,1769,44,308775
6083,6.1e-05,74.125.130.0-255,2902,4671,44,308775
6084,6.5e-05,172.31.46.0-255,66,4737,44,308775
6085,7.2e-05,74.125.130.0-255,4320,9057,44,308775
6086,7.6e-05,172.31.46.0-255,66,9123,44,308775
6087,8.2e-05,74.125.130.0-255,4802,13925,44,308775
6088,8.5e-05,172.31.46.0-255,66,13991,44,308775
6089,8.9e-05,74.125.130.0-255,1484,15475,44,308775
6090,9.2e-05,172.31.46.0-255,66,15541,44,308775
6091,0.000139,172.31.46.0-255,66,15607,44,308775
6092,0.000147,74.125.130.0-255,6797,22404,44,308775
6093,0.00015,172.31.46.0-255,66,22470,44,308775
6094,0.000277,74.125.130.0-255,1484,23954,44,308775
6095,0.00028,172.31.46.0-255,66,24020,44,308775
6096,0.000284,74.125.130.0-255,1484,25504,44,308775
6097,0.000286,172.31.46.0-255,66,25570,44,308775
6098,0.00032,74.125.130.0-255,2902,28472,44,308775
6099,0.000322,172.31.46.0-255,66,28538,44,308775
6100,0.000351,74.125.130.0-255,5738,34276,44,308775
6101,0.000355,172.31.46.0-255,66,34342,44,308775
6102,0.000358,74.125.130.0-255,1484,35826,44,308775
6103,0.00036,172.31.46.0-255,66,35892,44,308775
6104,0.000364,74.125.130.0-255,2902,38794,44,308775
6105,0.000372,172.31.46.0-255,66,38860,44,308775
6106,0.000397,74.125.130.0-255,3961,42821,44,308775
6107,0.0004,172.31.46.0-255,66,42887,44,308775
6108,0.000427,74.125.130.0-255,4320,47207,44,308775
6109,0.000429,172.31.46.0-255,66,47273,44,308775
6110,0.000468,74.125.130.0-255,5738,53011,44,308775
6111,0.000472,172.31.46.0-255,66,53077,44,308775
6112,0.000499,74.125.130.0-255,4216,57293,44,308775
6113,0.000502,172.31.46.0-255,66,57359,44,308775
6114,0.000533,74.125.130.0-255,116,57475,44,308775
6115,0.00065,74.125.130.0-255,1484,58959,44,308775
6116,0.000654,172.31.46.0-255,66,59025,44,308775
6117,0.00066,74.125.130.0-255,2902,61927,44,308775
6118,0.000663,172.31.46.0-255,66,61993,44,308775
6119,0.000677,74.125.130.0-255,1484,63477,44,308775
6120,0.000701,74.125.130.0-255,4320,67797,44,308775
6121,0.000705,172.31.46.0-255,66,67863,44,308775
6122,0.000712,74.125.130.0-255,5738,73601,44,308775
6123,0.000714,172.31.46.0-255,66,73667,44,308775
6124,0.000727,74.125.130.0-255,7156,80823,44,308775
6125,0.000729,172.31.46.0-255,66,80889,44,308775
6126,0.00075,74.125.130.0-255,1484,82373,44,308775
6127,0.000792,172.31.46.0-255,66,82439,44,308775
6128,0.000794,74.125.130.0-255,382,82821,44,308775
6129,0.000986,74.125.130.0-255,1484,84305,44,308775
6130,0.000991,172.31.46.0-255,66,84371,44,308775
6131,0.000998,74.125.130.0-255,2902,87273,44,308775
6132,0.001001,172.31.46.0-255,66,87339,44,308775
6133,0.001035,74.125.130.0-255,5738,93077,44,308775
6134,0.001038,172.31.46.0-255,66,93143,44,308775
6135,0.001102,172.31.46.0-255,66,93209,44,308775
6136,0.001106,74.125.130.0-255,1484,94693,44,308775
6137,0.00114,172.31.46.0-255,66,94759,44,308775
6138,0.001166,74.125.130.0-255,1484,96243,44,308775
6139,0.001177,74.125.130.0-255,2902,99145,44,308775
6140,0.001182,172.31.46.0-255,66,99211,44,308775
6141,0.001212,74.125.130.0-255,5738,104949,44,308775
6142,0.001215,172.31.46.0-255,66,105015,44,308775
6143,0.00122,74.125.130.0-255,2902,107917,44,308775
6144,0.001223,172.31.46.0-255,66,107983,44,308775
6145,0.001247,74.125.130.0-255,4320,112303,44,308775
6146,0.001249,172.31.46.0-255,66,112369,44,308775
6147,0.00126,74.125.130.0-255,4320,116689,44,308775
6148,0.001277,172.31.46.0-255,66,116755,44,308775
6149,0.001312,172.31.46.0-255,66,116821,44,308775
6150,0.001317,74.125.130.0-255,3602,120423,44,308775
6151,0.00132,172.31.46.0-255,66,120489,44,308775
6152,0.001361,74.125.130.0-255,2902,123391,44,308775
6153,0.001364,172.31.46.0-255,66,123457,44,308775
6154,0.00137,74.125.130.0-255,4320,127777,44,308775
6155,0.001372,172.31.46.0-255,66,127843,44,308775
6156,0.001411,74.125.130.0-255,4320,132163,44,308775
6157,0.001423,172.31.46.0-255,66,132229,44,308775
6158,0.001426,172.31.46.0-255,66,132295,44,308775
6159,0.001433,74.125.130.0-255,5738,138033,44,308775
6160,0.00144,172.31.46.0-255,66,138099,44,308775
6161,0.001479,172.31.46.0-255,66,138165,44,308775
6162,0.002252,74.125.130.0-255,1484,139649,44,308775
6163,0.002268,74.125.130.0-255,2902,142551,44,308775
6164,0.002279,172.31.46.0-255,66,142617,44,308775
6165,0.002287,74.125.130.0-255,4320,146937,44,308775
6166,0.002289,172.31.46.0-255,66,147003,44,308775
6167,0.002307,74.125.130.0-255,1484,148487,44,308775
6168,0.002342,172.31.46.0-255,66,148553,44,308775
6169,0.002347,74.125.130.0-255,2902,151455,44,308775
6170,0.002349,172.31.46.0-255,66,151521,44,308775
6171,0.002386,74.125.130.0-255,7156,158677,44,308775
6172,0.00239,172.31.46.0-255,66,158743,44,308775
6173,0.002396,74.125.130.0-255,4320,163063,44,308775
6174,0.002398,172.31.46.0-255,66,163129,44,308775
6175,0.002401,74.125.130.0-255,766,163895,44,308775
6176,0.002449,74.125.130.0-255,1484,165379,44,308775
6177,0.002453,172.31.46.0-255,66,165445,44,308775
6178,0.002457,74.125.130.0-255,1484,166929,44,308775
6179,0.002478,74.125.130.0-255,2902,169831,44,308775
6180,0.002481,172.31.46.0-255,66,169897,44,308775
6181,0.002488,74.125.130.0-255,4320,174217,44,308775
6182,0.00249,172.31.46.0-255,66,174283,44,308775
6183,0.002507,74.125.130.0-255,1484,175767,44,308775
6184,0.002548,172.31.46.0-255,66,175833,44,308775
6185,0.002591,172.31.46.0-255,66,175899,44,308775
6186,0.005209,74.125.130.0-255,5738,181637,44,308775
6187,0.005222,172.31.46.0-255,66,181703,44,308775
6188,0.007813,74.125.130.0-255,5738,187441,44,308775
6189,0.007819,172.31.46.0-255,66,187507,44,308775
6190,0.010427,74.125.130.0-255,5738,193245,44,308775
6191,0.010435,172.31.46.0-255,66,193311,44,308775
6192,0.010927,172.31.46.0-255,101,193412,44,308775
6193,0.013071,74.125.130.0-255,5738,199150,44,308775
6194,0.013079,172.31.46.0-255,66,199216,44,308775
6195,0.013499,74.125.130.0-255,66,199282,44,308775
6196,0.015687,74.125.130.0-255,5738,205020,44,308775
6197,0.015695,172.31.46.0-255,66,205086,44,308775
6198,0.018292,74.125.130.0-255,5738,210824,44,308775
6199,0.018299,172.31.46.0-255,66,210890,44,308775
6200,0.020907,74.125.130.0-255,5738,216628,44,308775
6201,0.020917,172.31.46.0-255,66,216694,44,308775
6202,0.023535,74.125.130.0-255,5738,222432,44,308775
6203,0.023545,172.31.46.0-255,66,222498,44,308775
6204,0.026161,74.125.130.0-255,5738,228236,44,308775
6205,0.026169,172.31.46.0-255,66,228302,44,308775
6206,0.028791,74.125.130.0-255,5738,234040,44,308775
6207,0.0288,172.31.46.0-255,66,234106,44,308775
6208,0.031407,74.125.130.0-255,2902,237008,44,308775
6209,0.031415,172.31.46.0-255,66,237074,44,308775
6210,0.031448,74.125.130.0-255,2902,239976,44,308775
6211,0.031452,172.31.46.0-255,66,240042,44,308775
6212,0.034043,74.125.130.0-255,5738,245780,44,308775
6213,0.034061,172.31.46.0-255,66,245846,44,308775
6214,0.036697,74.125.130.0-255,5738,251584,44,308775
6215,0.036716,172.31.46.0-255,66,251650,44,308775
6216,0.039344,74.125.130.0-255,5738,257388,44,308775
6217,0.039359,172.31.46.0-255,66,257454,44,308775
6218,0.041969,74.125.130.0-255,5738,263192,44,308775
6219,0.041983,172.31.46.0-255,66,263258,44,308775
6220,0.044608,74.125.130.0-255,5738,268996,44,308775
6221,0.044622,172.31.46.0-255,66,269062,44,308775
6222,0.046926,172.31.46.0-255,172,269234,44,308775
6223,0.046961,172.31.46.0-255,1109,270343,44,308775
6224,0.047027,172.31.46.0-255,1514,271857,44,308775
6225,0.047029,172.31.46.0-255,1514,273371,44,308775
6226,0.047035,172.31.46.0-255,1514,274885,44,308775
6227,0.047037,172.31.46.0-255,1514,276399,44,308775
6228,0.047056,172.31.46.0-255,1514,277913,44,308775
6229,0.047057,172.31.46.0-255,76,277989,44,308775
6230,0.047233,74.125.130.0-255,5738,283727,44,308775
6231,0.047242,172.31.46.0-255,66,283793,44,308775
6232,0.048482,104.244.42.0-255,66,283859,44,308775
6233,0.048584,104.244.42.0-255,66,283925,44,308775
6234,0.04859,104.244.42.0-255,66,283991,44,308775
6235,0.048718,104.244.42.0-255,66,284057,44,308775
6236,0.048725,104.244.42.0-255,66,284123,44,308775
6237,0.049845,74.125.130.0-255,5738,289861,44,308775
6238,0.049856,172.31.46.0-255,66,289927,44,308775
6239,0.052464,74.125.130.0-255,5738,295665,44,308775
6240,0.052478,172.31.46.0-255,66,295731,44,308775
6241,0.055108,74.125.130.0-255,5738,301469,44,308775
6242,0.05512,172.31.46.0-255,66,301535,44,308775
6243,0.057729,74.125.130.0-255,5738,307273,44,308775
6244,0.057736,172.31.46.0-255,66,307339,44,308775
6245,0.060325,74.125.130.0-255,1265,308604,44,308775
6246,0.060486,172.31.46.0-255,105,308709,44,308775
6247,0.067379,74.125.130.0-255,66,308775,44,308775
6248,0.0,74.125.24.0-255,146,146,44,338006
6249,2.4e-05,172.31.46.0-255,66,212,44,338006
6250,3.1e-05,74.125.24.0-255,1484,1696,44,338006
6251,3.6e-05,172.31.46.0-255,66,1762,44,338006
6252,4.1e-05,74.125.24.0-255,2902,4664,44,338006
6253,4.4e-05,172.31.46.0-255,66,4730,44,338006
6254,5.9e-05,74.125.24.0-255,7156,11886,44,338006
6255,6.3e-05,172.31.46.0-255,66,11952,44,338006
6256,8e-05,74.125.24.0-255,2083,14035,44,338006
6257,8.3e-05,172.31.46.0-255,66,14101,44,338006
6258,8.7e-05,74.125.24.0-255,2902,17003,44,338006
6259,9e-05,172.31.46.0-255,66,17069,44,338006
6260,9.8e-05,74.125.24.0-255,1484,18553,44,338006
6261,0.0001,172.31.46.0-255,66,18619,44,338006
6262,0.000131,74.125.24.0-255,5738,24357,44,338006
6263,0.000134,172.31.46.0-255,66,24423,44,338006
6264,0.000141,74.125.24.0-255,6797,31220,44,338006
6265,0.000144,172.31.46.0-255,66,31286,44,338006
6266,0.000262,74.125.24.0-255,1484,32770,44,338006
6267,0.000266,172.31.46.0-255,66,32836,44,338006
6268,0.000273,74.125.24.0-255,2902,35738,44,338006
6269,0.000275,172.31.46.0-255,66,35804,44,338006
6270,0.000285,74.125.24.0-255,2902,38706,44,338006
6271,0.000287,172.31.46.0-255,66,38772,44,338006
6272,0.000317,74.125.24.0-255,2902,41674,44,338006
6273,0.00032,172.31.46.0-255,66,41740,44,338006
6274,0.000323,74.125.24.0-255,1484,43224,44,338006
6275,0.000325,172.31.46.0-255,66,43290,44,338006
6276,0.000361,74.125.24.0-255,5379,48669,44,338006
6277,0.000363,172.31.46.0-255,66,48735,44,338006
6278,0.000655,74.125.24.0-255,1484,50219,44,338006
6279,0.000661,172.31.46.0-255,66,50285,44,338006
6280,0.000667,74.125.24.0-255,2902,53187,44,338006
6281,0.00067,172.31.46.0-255,66,53253,44,338006
6282,0.000681,74.125.24.0-255,5738,58991,44,338006
6283,0.000684,172.31.46.0-255,66,59057,44,338006
6284,0.000691,74.125.24.0-255,6797,65854,44,338006
6285,0.000697,172.31.46.0-255,66,65920,44,338006
6286,0.000744,74.125.24.0-255,410,66330,44,338006
6287,0.001127,172.31.46.0-255,66,66396,44,338006
6288,0.001154,74.125.24.0-255,333,66729,44,338006
6289,0.001168,172.31.46.0-255,66,66795,44,338006
6290,0.001602,74.125.24.0-255,1484,68279,44,338006
6291,0.001613,74.125.24.0-255,2902,71181,44,338006
6292,0.001618,172.31.46.0-255,66,71247,44,338006
6293,0.001647,74.125.24.0-255,5738,76985,44,338006
6294,0.00165,172.31.46.0-255,66,77051,44,338006
6295,0.001674,74.125.24.0-255,2902,79953,44,338006
6296,0.001677,172.31.46.0-255,66,80019,44,338006
6297,0.0017,74.125.24.0-255,5738,85757,44,338006
6298,0.001702,172.31.46.0-255,66,85823,44,338006
6299,0.001729,172.31.46.0-255,66,85889,44,338006
6300,0.001745,74.125.24.0-255,2184,88073,44,338006
6301,0.001748,172.31.46.0-255,66,88139,44,338006
6302,0.002115,74.125.24.0-255,1484,89623,44,338006
6303,0.002122,74.125.24.0-255,2902,92525,44,338006
6304,0.002126,172.31.46.0-255,66,92591,44,338006
6305,0.002162,74.125.24.0-255,2902,95493,44,338006
6306,0.002165,172.31.46.0-255,66,95559,44,338006
6307,0.002183,74.125.24.0-255,2902,98461,44,338006
6308,0.002185,172.31.46.0-255,66,98527,44,338006
6309,0.002198,172.31.46.0-255,66,98593,44,338006
6310,0.002202,74.125.24.0-255,1484,100077,44,338006
6311,0.002215,74.125.24.0-255,2902,102979,44,338006
6312,0.002221,172.31.46.0-255,66,103045,44,338006
6313,0.002244,74.125.24.0-255,6438,109483,44,338006
6314,0.002246,172.31.46.0-255,66,109549,44,338006
6315,0.00451,74.125.24.0-255,5738,115287,44,338006
6316,0.004515,172.31.46.0-255,66,115353,44,338006
6317,0.006755,74.125.24.0-255,5738,121091,44,338006
6318,0.006762,172.31.46.0-255,66,121157,44,338006
6319,0.009017,74.125.24.0-255,5738,126895,44,338006
6320,0.009029,172.31.46.0-255,66,126961,44,338006
6321,0.011291,74.125.24.0-255,5738,132699,44,338006
6322,0.011301,172.31.46.0-255,66,132765,44,338006
6323,0.013549,74.125.24.0-255,5738,138503,44,338006
6324,0.013558,172.31.46.0-255,66,138569,44,338006
6325,0.015824,74.125.24.0-255,5738,144307,44,338006
6326,0.015833,172.31.46.0-255,66,144373,44,338006
6327,0.01807,74.125.24.0-255,5738,150111,44,338006
6328,0.01808,172.31.46.0-255,66,150177,44,338006
6329,0.020334,74.125.24.0-255,5738,155915,44,338006
6330,0.020341,172.31.46.0-255,66,155981,44,338006
6331,0.022587,74.125.24.0-255,5738,161719,44,338006
6332,0.022595,172.31.46.0-255,66,161785,44,338006
6333,0.024868,74.125.24.0-255,5738,167523,44,338006
6334,0.024875,172.31.46.0-255,66,167589,44,338006
6335,0.027108,74.125.24.0-255,5738,173327,44,338006
6336,0.027116,172.31.46.0-255,66,173393,44,338006
6337,0.029362,74.125.24.0-255,4320,177713,44,338006
6338,0.029368,172.31.46.0-255,66,177779,44,338006
6339,0.029385,74.125.24.0-255,1484,179263,44,338006
6340,0.031633,74.125.24.0-255,4320,183583,44,338006
6341,0.031642,172.31.46.0-255,66,183649,44,338006
6342,0.033908,74.125.24.0-255,5738,189387,44,338006
6343,0.033915,172.31.46.0-255,66,189453,44,338006
6344,0.036163,74.125.24.0-255,5738,195191,44,338006
6345,0.036169,172.31.46.0-255,66,195257,44,338006
6346,0.036314,172.31.46.0-255,172,195429,44,338006
6347,0.03634,172.31.46.0-255,1114,196543,44,338006
6348,0.036399,172.31.46.0-255,1514,198057,44,338006
6349,0.036419,172.31.46.0-255,1514,199571,44,338006
6350,0.036422,172.31.46.0-255,1514,201085,44,338006
6351,0.036437,172.31.46.0-255,1514,202599,44,338006
6352,0.03644,172.31.46.0-255,1514,204113,44,338006
6353,0.036441,172.31.46.0-255,71,204184,44,338006
6354,0.037852,104.244.42.0-255,66,204250,44,338006
6355,0.037893,104.244.42.0-255,66,204316,44,338006
6356,0.037963,104.244.42.0-255,66,204382,44,338006
6357,0.038011,104.244.42.0-255,66,204448,44,338006
6358,0.038014,104.244.42.0-255,66,204514,44,338006
6359,0.038435,74.125.24.0-255,5738,210252,44,338006
6360,0.038441,172.31.46.0-255,66,210318,44,338006
6361,0.04072,74.125.24.0-255,5738,216056,44,338006
6362,0.04073,172.31.46.0-255,66,216122,44,338006
6363,0.042978,74.125.24.0-255,5738,221860,44,338006
6364,0.042985,172.31.46.0-255,66,221926,44,338006
6365,0.045228,74.125.24.0-255,5738,227664,44,338006
6366,0.045234,172.31.46.0-255,66,227730,44,338006
6367,0.047494,74.125.24.0-255,5738,233468,44,338006
6368,0.047501,172.31.46.0-255,66,233534,44,338006
6369,0.049752,74.125.24.0-255,5738,239272,44,338006
6370,0.049758,172.31.46.0-255,66,239338,44,338006
6371,0.052022,74.125.24.0-255,5738,245076,44,338006
6372,0.052029,172.31.46.0-255,66,245142,44,338006
6373,0.054287,74.125.24.0-255,5738,250880,44,338006
6374,0.054294,172.31.46.0-255,66,250946,44,338006
6375,0.056555,74.125.24.0-255,5738,256684,44,338006
6376,0.05656,172.31.46.0-255,66,256750,44,338006
6377,0.058824,74.125.24.0-255,5738,262488,44,338006
6378,0.058829,172.31.46.0-255,66,262554,44,338006
6379,0.061081,74.125.24.0-255,5738,268292,44,338006
6380,0.061086,172.31.46.0-255,66,268358,44,338006
6381,0.063361,74.125.24.0-255,5738,274096,44,338006
6382,0.063368,172.31.46.0-255,66,274162,44,338006
6383,0.06564,74.125.24.0-255,5738,279900,44,338006
6384,0.065645,172.31.46.0-255,66,279966,44,338006
6385,0.067889,74.125.24.0-255,5738,285704,44,338006
6386,0.067895,172.31.46.0-255,66,285770,44,338006
6387,0.070147,74.125.24.0-255,5738,291508,44,338006
6388,0.070155,172.31.46.0-255,66,291574,44,338006
6389,0.07239,74.125.24.0-255,5738,297312,44,338006
6390,0.072397,172.31.46.0-255,66,297378,44,338006
6391,0.074637,74.125.24.0-255,5738,303116,44,338006
6392,0.074643,172.31.46.0-255,66,303182,44,338006
6393,0.076879,74.125.24.0-255,5738,308920,44,338006
6394,0.076885,172.31.46.0-255,66,308986,44,338006
6395,0.079127,74.125.24.0-255,5738,314724,44,338006
6396,0.079134,172.31.46.0-255,66,314790,44,338006
6397,0.081417,74.125.24.0-255,5738,320528,44,338006
6398,0.081423,172.31.46.0-255,66,320594,44,338006
6399,0.083673,74.125.24.0-255,5738,326332,44,338006
6400,0.083678,172.31.46.0-255,66,326398,44,338006
6401,0.085936,74.125.24.0-255,5738,332136,44,338006
6402,0.085941,172.31.46.0-255,66,332202,44,338006
6403,0.088195,74.125.24.0-255,5738,337940,44,338006
6404,0.088201,172.31.46.0-255,66,338006,44,338006
6405,0.0,172.31.46.0-255,105,105,44,276
6406,0.001817,157.240.13.0-255,105,210,44,276
6407,0.001831,172.31.46.0-255,66,276,44,276
6408,0.0,172.217.194.0-255,146,146,44,350527
6409,2.6e-05,172.31.46.0-255,66,212,44,350527
6410,3.3e-05,172.217.194.0-255,1484,1696,44,350527
6411,3.7e-05,172.31.46.0-255,66,1762,44,350527
6412,4.3e-05,172.217.194.0-255,2902,4664,44,350527
6413,5.2e-05,172.31.46.0-255,66,4730,44,350527
6414,6.1e-05,172.217.194.0-255,7156,11886,44,350527
6415,6.4e-05,172.31.46.0-255,66,11952,44,350527
6416,6.8e-05,172.217.194.0-255,2083,14035,44,350527
6417,7.3e-05,172.31.46.0-255,66,14101,44,350527
6418,8.8e-05,172.31.46.0-255,66,14167,44,350527
6419,9.4e-05,172.217.194.0-255,5379,19546,44,350527
6420,9.8e-05,172.31.46.0-255,66,19612,44,350527
6421,0.000139,172.217.194.0-255,1484,21096,44,350527
6422,0.000142,172.31.46.0-255,66,21162,44,350527
6423,0.000146,172.217.194.0-255,1484,22646,44,350527
6424,0.000148,172.31.46.0-255,66,22712,44,350527
6425,0.000173,172.217.194.0-255,1484,24196,44,350527
6426,0.000176,172.31.46.0-255,66,24262,44,350527
6427,0.000183,172.217.194.0-255,5738,30000,44,350527
6428,0.000186,172.31.46.0-255,66,30066,44,350527
6429,0.000205,172.31.46.0-255,66,30132,44,350527
6430,0.000211,172.217.194.0-255,4320,34452,44,350527
6431,0.000213,172.31.46.0-255,66,34518,44,350527
6432,0.000251,172.217.194.0-255,7156,41674,44,350527
6433,0.000254,172.31.46.0-255,66,41740,44,350527
6434,0.000257,172.217.194.0-255,1435,43175,44,350527
6435,0.000259,172.31.46.0-255,66,43241,44,350527
6436,0.000262,172.217.194.0-255,98,43339,44,350527
6437,0.000264,172.31.46.0-255,66,43405,44,350527
6438,0.000317,172.217.194.0-255,1484,44889,44,350527
6439,0.000333,172.217.194.0-255,2902,47791,44,350527
6440,0.000337,172.31.46.0-255,66,47857,44,350527
6441,0.000342,172.217.194.0-255,2902,50759,44,350527
6442,0.000344,172.31.46.0-255,66,50825,44,350527
6443,0.000368,172.217.194.0-255,4320,55145,44,350527
6444,0.000375,172.31.46.0-255,66,55211,44,350527
6445,0.000378,172.217.194.0-255,1484,56695,44,350527
6446,0.000403,172.217.194.0-255,4260,60955,44,350527
6447,0.000405,172.31.46.0-255,66,61021,44,350527
6448,0.000429,172.217.194.0-255,4320,65341,44,350527
6449,0.000432,172.31.46.0-255,66,65407,44,350527
6450,0.000458,172.217.194.0-255,5738,71145,44,350527
6451,0.000461,172.31.46.0-255,66,71211,44,350527
6452,0.000481,172.217.194.0-255,2902,74113,44,350527
6453,0.000484,172.31.46.0-255,66,74179,44,350527
6454,0.000514,172.217.194.0-255,3961,78140,44,350527
6455,0.000518,172.31.46.0-255,66,78206,44,350527
6456,0.00119,172.217.194.0-255,1484,79690,44,350527
6457,0.001196,172.217.194.0-255,2902,82592,44,350527
6458,0.001199,172.31.46.0-255,66,82658,44,350527
6459,0.001205,172.217.194.0-255,4320,86978,44,350527
6460,0.001206,172.31.46.0-255,66,87044,44,350527
6461,0.001221,172.217.194.0-255,1484,88528,44,350527
6462,0.001225,172.217.194.0-255,2902,91430,44,350527
6463,0.001227,172.31.46.0-255,66,91496,44,350527
6464,0.00126,172.31.46.0-255,66,91562,44,350527
6465,0.001275,172.31.46.0-255,66,91628,44,350527
6466,0.003266,172.217.194.0-255,5738,97366,44,350527
6467,0.003273,172.31.46.0-255,66,97432,44,350527
6468,0.005322,172.217.194.0-255,2902,100334,44,350527
6469,0.005325,172.31.46.0-255,66,100400,44,350527
6470,0.005353,172.217.194.0-255,2902,103302,44,350527
6471,0.005355,172.31.46.0-255,66,103368,44,350527
6472,0.007352,172.217.194.0-255,5738,109106,44,350527
6473,0.007358,172.31.46.0-255,66,109172,44,350527
6474,0.009345,172.217.194.0-255,5738,114910,44,350527
6475,0.009353,172.31.46.0-255,66,114976,44,350527
6476,0.011362,172.217.194.0-255,5738,120714,44,350527
6477,0.011369,172.31.46.0-255,66,120780,44,350527
6478,0.013463,172.217.194.0-255,5738,126518,44,350527
6479,0.013473,172.31.46.0-255,66,126584,44,350527
6480,0.015515,172.217.194.0-255,5738,132322,44,350527
6481,0.015525,172.31.46.0-255,66,132388,44,350527
6482,0.017572,172.217.194.0-255,5738,138126,44,350527
6483,0.01758,172.31.46.0-255,66,138192,44,350527
6484,0.019626,172.217.194.0-255,5738,143930,44,350527
6485,0.019634,172.31.46.0-255,66,143996,44,350527
6486,0.021641,172.217.194.0-255,5738,149734,44,350527
6487,0.021649,172.31.46.0-255,66,149800,44,350527
6488,0.023664,172.217.194.0-255,5738,155538,44,350527
6489,0.023672,172.31.46.0-255,66,155604,44,350527
6490,0.025685,172.217.194.0-255,5738,161342,44,350527
6491,0.025693,172.31.46.0-255,66,161408,44,350527
6492,0.027722,172.217.194.0-255,5738,167146,44,350527
6493,0.027729,172.31.46.0-255,66,167212,44,350527
6494,0.029724,172.217.194.0-255,5738,172950,44,350527
6495,0.029731,172.31.46.0-255,66,173016,44,350527
6496,0.031762,172.217.194.0-255,5738,178754,44,350527
6497,0.031768,172.31.46.0-255,66,178820,44,350527
6498,0.03381,172.217.194.0-255,5738,184558,44,350527
6499,0.03382,172.31.46.0-255,66,184624,44,350527
6500,0.035813,172.217.194.0-255,5738,190362,44,350527
6501,0.035825,172.31.46.0-255,66,190428,44,350527
6502,0.037868,172.217.194.0-255,5738,196166,44,350527
6503,0.037879,172.31.46.0-255,66,196232,44,350527
6504,0.038769,172.31.46.0-255,176,196408,44,350527
6505,0.038806,172.31.46.0-255,1114,197522,44,350527
6506,0.038881,172.31.46.0-255,1514,199036,44,350527
6507,0.038884,172.31.46.0-255,1514,200550,44,350527
6508,0.038885,172.31.46.0-255,1514,202064,44,350527
6509,0.038886,172.31.46.0-255,1514,203578,44,350527
6510,0.038914,172.31.46.0-255,1514,205092,44,350527
6511,0.038915,172.31.46.0-255,71,205163,44,350527
6512,0.039914,172.217.194.0-255,5738,210901,44,350527
6513,0.039925,172.31.46.0-255,66,210967,44,350527
6514,0.04033,104.244.42.0-255,66,211033,44,350527
6515,0.040367,104.244.42.0-255,66,211099,44,350527
6516,0.040489,104.244.42.0-255,66,211165,44,350527
6517,0.040494,104.244.42.0-255,66,211231,44,350527
6518,0.041995,172.217.194.0-255,5738,216969,44,350527
6519,0.042007,172.31.46.0-255,66,217035,44,350527
6520,0.044022,172.217.194.0-255,5738,222773,44,350527
6521,0.044038,172.31.46.0-255,66,222839,44,350527
6522,0.046091,172.217.194.0-255,5738,228577,44,350527
6523,0.046104,172.31.46.0-255,66,228643,44,350527
6524,0.048124,172.217.194.0-255,5738,234381,44,350527
6525,0.048135,172.31.46.0-255,66,234447,44,350527
6526,0.050156,172.217.194.0-255,5738,240185,44,350527
6527,0.050166,172.31.46.0-255,66,240251,44,350527
6528,0.052208,172.217.194.0-255,5738,245989,44,350527
6529,0.052224,172.31.46.0-255,66,246055,44,350527
6530,0.054245,172.217.194.0-255,5738,251793,44,350527
6531,0.054252,172.31.46.0-255,66,251859,44,350527
6532,0.056256,172.217.194.0-255,5738,257597,44,350527
6533,0.056263,172.31.46.0-255,66,257663,44,350527
6534,0.058313,172.217.194.0-255,5738,263401,44,350527
6535,0.05832,172.31.46.0-255,66,263467,44,350527
6536,0.060372,172.217.194.0-255,5738,269205,44,350527
6537,0.060381,172.31.46.0-255,66,269271,44,350527
6538,0.062419,172.217.194.0-255,5738,275009,44,350527
6539,0.062424,172.31.46.0-255,66,275075,44,350527
6540,0.064471,172.217.194.0-255,5738,280813,44,350527
6541,0.064479,172.31.46.0-255,66,280879,44,350527
6542,0.06651,172.217.194.0-255,5738,286617,44,350527
6543,0.066518,172.31.46.0-255,66,286683,44,350527
6544,0.068517,172.217.194.0-255,5738,292421,44,350527
6545,0.068527,172.31.46.0-255,66,292487,44,350527
6546,0.070577,172.217.194.0-255,5738,298225,44,350527
6547,0.070586,172.31.46.0-255,66,298291,44,350527
6548,0.072589,172.217.194.0-255,5738,304029,44,350527
6549,0.072602,172.31.46.0-255,66,304095,44,350527
6550,0.074623,172.217.194.0-255,5738,309833,44,350527
6551,0.074633,172.31.46.0-255,66,309899,44,350527
6552,0.076704,172.217.194.0-255,5738,315637,44,350527
6553,0.07672,172.31.46.0-255,66,315703,44,350527
6554,0.078779,172.217.194.0-255,5738,321441,44,350527
6555,0.078788,172.31.46.0-255,66,321507,44,350527
6556,0.080835,172.217.194.0-255,5738,327245,44,350527
6557,0.080844,172.31.46.0-255,66,327311,44,350527
6558,0.082882,172.217.194.0-255,5738,333049,44,350527
6559,0.082892,172.31.46.0-255,66,333115,44,350527
6560,0.08491,172.217.194.0-255,5738,338853,44,350527
6561,0.084919,172.31.46.0-255,66,338919,44,350527
6562,0.086939,172.217.194.0-255,5738,344657,44,350527
6563,0.086946,172.31.46.0-255,66,344723,44,350527
6564,0.088969,172.217.194.0-255,5738,350461,44,350527
6565,0.088976,172.31.46.0-255,66,350527,44,350527
6566,0.0,172.217.194.0-255,147,147,44,317072
6567,2.4e-05,172.31.46.0-255,66,213,44,317072
6568,3e-05,172.217.194.0-255,1484,1697,44,317072
6569,3.4e-05,172.31.46.0-255,66,1763,44,317072
6570,4.1e-05,172.217.194.0-255,2902,4665,44,317072
6571,4.4e-05,172.31.46.0-255,66,4731,44,317072
6572,5.2e-05,172.217.194.0-255,7156,11887,44,317072
6573,5.5e-05,172.31.46.0-255,66,11953,44,317072
6574,6.1e-05,172.217.194.0-255,4939,16892,44,317072
6575,6.4e-05,172.31.46.0-255,66,16958,44,317072
6576,6.7e-05,172.217.194.0-255,1484,18442,44,317072
6577,6.9e-05,172.31.46.0-255,66,18508,44,317072
6578,0.000103,172.31.46.0-255,66,18574,44,317072
6579,0.000167,172.217.194.0-255,1484,20058,44,317072
6580,0.00017,172.31.46.0-255,66,20124,44,317072
6581,0.000173,172.217.194.0-255,1484,21608,44,317072
6582,0.000175,172.31.46.0-255,66,21674,44,317072
6583,0.000189,172.217.194.0-255,1484,23158,44,317072
6584,0.000192,172.31.46.0-255,66,23224,44,317072
6585,0.000199,172.217.194.0-255,5738,28962,44,317072
6586,0.000201,172.31.46.0-255,66,29028,44,317072
6587,0.000227,172.217.194.0-255,5738,34766,44,317072
6588,0.000245,172.31.46.0-255,66,34832,44,317072
6589,0.000272,172.31.46.0-255,66,34898,44,317072
6590,0.000277,172.217.194.0-255,5738,40636,44,317072
6591,0.00028,172.31.46.0-255,66,40702,44,317072
6592,0.000284,172.217.194.0-255,2902,43604,44,317072
6593,0.000286,172.31.46.0-255,66,43670,44,317072
6594,0.000299,172.217.194.0-255,1736,45406,44,317072
6595,0.000302,172.31.46.0-255,66,45472,44,317072
6596,0.000504,172.217.194.0-255,1484,46956,44,317072
6597,0.000511,172.217.194.0-255,2902,49858,44,317072
6598,0.000515,172.31.46.0-255,66,49924,44,317072
6599,0.00052,172.217.194.0-255,2902,52826,44,317072
6600,0.000523,172.31.46.0-255,66,52892,44,317072
6601,0.000538,172.217.194.0-255,2902,55794,44,317072
6602,0.00054,172.31.46.0-255,66,55860,44,317072
6603,0.000546,172.217.194.0-255,4320,60180,44,317072
6604,0.000548,172.31.46.0-255,66,60246,44,317072
6605,0.000579,172.217.194.0-255,7156,67402,44,317072
6606,0.000582,172.31.46.0-255,66,67468,44,317072
6607,0.000596,172.31.46.0-255,66,67534,44,317072
6608,0.000699,172.217.194.0-255,1484,69018,44,317072
6609,0.000714,172.217.194.0-255,2902,71920,44,317072
6610,0.000717,172.31.46.0-255,66,71986,44,317072
6611,0.000721,172.217.194.0-255,1484,73470,44,317072
6612,0.000741,172.217.194.0-255,4320,77790,44,317072
6613,0.000744,172.31.46.0-255,66,77856,44,317072
6614,0.000751,172.217.194.0-255,7156,85012,44,317072
6615,0.000753,172.31.46.0-255,66,85078,44,317072
6616,0.000772,172.217.194.0-255,2902,87980,44,317072
6617,0.000775,172.31.46.0-255,66,88046,44,317072
6618,0.0008,172.217.194.0-255,2902,90948,44,317072
6619,0.000803,172.31.46.0-255,66,91014,44,317072
6620,0.000828,172.31.46.0-255,66,91080,44,317072
6621,0.000889,172.217.194.0-255,5738,96818,44,317072
6622,0.000892,172.31.46.0-255,66,96884,44,317072
6623,0.000914,172.217.194.0-255,7156,104040,44,317072
6624,0.000932,172.217.194.0-255,6438,110478,44,317072
6625,0.000943,172.31.46.0-255,66,110544,44,317072
6626,0.000946,172.31.46.0-255,66,110610,44,317072
6627,0.00095,172.31.46.0-255,66,110676,44,317072
6628,0.001291,172.217.194.0-255,1484,112160,44,317072
6629,0.001298,172.217.194.0-255,2902,115062,44,317072
6630,0.001301,172.31.46.0-255,66,115128,44,317072
6631,0.001307,172.217.194.0-255,4320,119448,44,317072
6632,0.00131,172.31.46.0-255,66,119514,44,317072
6633,0.001321,172.217.194.0-255,1484,120998,44,317072
6634,0.001334,172.31.46.0-255,66,121064,44,317072
6635,0.001352,172.217.194.0-255,2902,123966,44,317072
6636,0.001355,172.31.46.0-255,66,124032,44,317072
6637,0.001373,172.217.194.0-255,5738,129770,44,317072
6638,0.001376,172.31.46.0-255,66,129836,44,317072
6639,0.001399,172.217.194.0-255,5020,134856,44,317072
6640,0.001402,172.31.46.0-255,66,134922,44,317072
6641,0.001594,172.217.194.0-255,1484,136406,44,317072
6642,0.0016,172.217.194.0-255,2902,139308,44,317072
6643,0.001604,172.31.46.0-255,66,139374,44,317072
6644,0.001626,172.217.194.0-255,5738,145112,44,317072
6645,0.001629,172.31.46.0-255,66,145178,44,317072
6646,0.001661,172.31.46.0-255,66,145244,44,317072
6647,0.001668,172.217.194.0-255,5738,150982,44,317072
6648,0.00167,172.31.46.0-255,66,151048,44,317072
6649,0.001697,172.217.194.0-255,5020,156068,44,317072
6650,0.001699,172.31.46.0-255,66,156134,44,317072
6651,0.001783,172.217.194.0-255,1484,157618,44,317072
6652,0.001807,172.217.194.0-255,2902,160520,44,317072
6653,0.00181,172.31.46.0-255,66,160586,44,317072
6654,0.001815,172.217.194.0-255,2902,163488,44,317072
6655,0.001817,172.31.46.0-255,66,163554,44,317072
6656,0.001831,172.217.194.0-255,1484,165038,44,317072
6657,0.001857,172.31.46.0-255,66,165104,44,317072
6658,0.001876,172.217.194.0-255,2902,168006,44,317072
6659,0.001879,172.31.46.0-255,66,168072,44,317072
6660,0.001901,172.217.194.0-255,7156,175228,44,317072
6661,0.001905,172.31.46.0-255,66,175294,44,317072
6662,0.001923,172.217.194.0-255,2902,178196,44,317072
6663,0.001926,172.31.46.0-255,66,178262,44,317072
6664,0.001948,172.217.194.0-255,3602,181864,44,317072
6665,0.001951,172.31.46.0-255,66,181930,44,317072
6666,0.002037,172.217.194.0-255,1484,183414,44,317072
6667,0.002041,172.217.194.0-255,1484,184898,44,317072
6668,0.002043,172.31.46.0-255,66,184964,44,317072
6669,0.003964,172.217.194.0-255,2902,187866,44,317072
6670,0.003972,172.31.46.0-255,66,187932,44,317072
6671,0.00409,172.217.194.0-255,2902,190834,44,317072
6672,0.004095,172.31.46.0-255,66,190900,44,317072
6673,0.006006,172.217.194.0-255,2902,193802,44,317072
6674,0.006013,172.31.46.0-255,66,193868,44,317072
6675,0.006143,172.217.194.0-255,2902,196770,44,317072
6676,0.006145,172.31.46.0-255,66,196836,44,317072
6677,0.00807,172.217.194.0-255,2902,199738,44,317072
6678,0.008074,172.31.46.0-255,66,199804,44,317072
6679,0.008156,172.217.194.0-255,2902,202706,44,317072
6680,0.00816,172.31.46.0-255,66,202772,44,317072
6681,0.008299,172.31.46.0-255,101,202873,44,317072
6682,0.010096,172.217.194.0-255,2902,205775,44,317072
6683,0.010104,172.31.46.0-255,66,205841,44,317072
6684,0.01018,172.217.194.0-255,2902,208743,44,317072
6685,0.010184,172.31.46.0-255,66,208809,44,317072
6686,0.010267,172.217.194.0-255,66,208875,44,317072
6687,0.012131,172.217.194.0-255,2902,211777,44,317072
6688,0.012143,172.31.46.0-255,66,211843,44,317072
6689,0.012193,172.217.194.0-255,2902,214745,44,317072
6690,0.012196,172.31.46.0-255,66,214811,44,317072
6691,0.014179,172.217.194.0-255,2902,217713,44,317072
6692,0.014193,172.31.46.0-255,66,217779,44,317072
6693,0.014216,172.217.194.0-255,2902,220681,44,317072
6694,0.014219,172.31.46.0-255,66,220747,44,317072
6695,0.01623,172.217.194.0-255,5738,226485,44,317072
6696,0.016243,172.31.46.0-255,66,226551,44,317072
6697,0.01829,172.217.194.0-255,5738,232289,44,317072
6698,0.018301,172.31.46.0-255,66,232355,44,317072
6699,0.020358,172.217.194.0-255,5738,238093,44,317072
6700,0.020376,172.31.46.0-255,66,238159,44,317072
6701,0.022391,172.217.194.0-255,5738,243897,44,317072
6702,0.022403,172.31.46.0-255,66,243963,44,317072
6703,0.024429,172.217.194.0-255,5738,249701,44,317072
6704,0.024438,172.31.46.0-255,66,249767,44,317072
6705,0.026477,172.217.194.0-255,5738,255505,44,317072
6706,0.026486,172.31.46.0-255,66,255571,44,317072
6707,0.028511,172.217.194.0-255,5738,261309,44,317072
6708,0.028523,172.31.46.0-255,66,261375,44,317072
6709,0.03058,172.217.194.0-255,5738,267113,44,317072
6710,0.030595,172.31.46.0-255,66,267179,44,317072
6711,0.032639,172.217.194.0-255,5738,272917,44,317072
6712,0.032659,172.31.46.0-255,66,272983,44,317072
6713,0.034677,172.217.194.0-255,5738,278721,44,317072
6714,0.03469,172.31.46.0-255,66,278787,44,317072
6715,0.036716,172.217.194.0-255,5738,284525,44,317072
6716,0.036731,172.31.46.0-255,66,284591,44,317072
6717,0.038766,172.217.194.0-255,5738,290329,44,317072
6718,0.038778,172.31.46.0-255,66,290395,44,317072
6719,0.040826,172.217.194.0-255,5738,296133,44,317072
6720,0.040847,172.31.46.0-255,66,296199,44,317072
6721,0.042879,172.217.194.0-255,5738,301937,44,317072
6722,0.042893,172.31.46.0-255,66,302003,44,317072
6723,0.044915,172.217.194.0-255,5642,307645,44,317072
6724,0.044932,172.31.46.0-255,66,307711,44,317072
6725,0.045221,172.31.46.0-255,105,307816,44,317072
6726,0.048809,172.31.46.0-255,172,307988,44,317072
6727,0.048844,172.31.46.0-255,1114,309102,44,317072
6728,0.048917,172.31.46.0-255,1514,310616,44,317072
6729,0.048919,172.31.46.0-255,1514,312130,44,317072
6730,0.048925,172.31.46.0-255,1514,313644,44,317072
6731,0.048926,172.31.46.0-255,1514,315158,44,317072
6732,0.048945,172.31.46.0-255,1514,316672,44,317072
6733,0.048946,172.31.46.0-255,70,316742,44,317072
6734,0.050387,104.244.42.0-255,66,316808,44,317072
6735,0.050423,104.244.42.0-255,66,316874,44,317072
6736,0.050524,104.244.42.0-255,66,316940,44,317072
6737,0.050531,104.244.42.0-255,66,317006,44,317072
6738,0.051545,172.217.194.0-255,66,317072,44,317072
6739,0.0,74.125.200.0-255,155,155,44,338420
6740,1.6e-05,172.31.46.0-255,66,221,44,338420
6741,4.5e-05,74.125.200.0-255,1484,1705,44,338420
6742,5e-05,172.31.46.0-255,66,1771,44,338420
6743,5.3e-05,74.125.200.0-255,1484,3255,44,338420
6744,5.5e-05,172.31.46.0-255,66,3321,44,338420
6745,7.2e-05,74.125.200.0-255,1484,4805,44,338420
6746,7.4e-05,172.31.46.0-255,66,4871,44,338420
6747,7.9e-05,74.125.200.0-255,2902,7773,44,338420
6748,8.2e-05,172.31.46.0-255,66,7839,44,338420
6749,8.7e-05,74.125.200.0-255,4320,12159,44,338420
6750,8.9e-05,172.31.46.0-255,66,12225,44,338420
6751,0.000138,172.31.46.0-255,66,12291,44,338420
6752,0.000143,74.125.200.0-255,4320,16611,44,338420
6753,0.000145,172.31.46.0-255,66,16677,44,338420
6754,0.000196,74.125.200.0-255,5379,22056,44,338420
6755,0.000199,172.31.46.0-255,66,22122,44,338420
6756,0.000229,74.125.200.0-255,1484,23606,44,338420
6757,0.000231,172.31.46.0-255,66,23672,44,338420
6758,0.000247,74.125.200.0-255,2902,26574,44,338420
6759,0.00025,172.31.46.0-255,66,26640,44,338420
6760,0.000272,74.125.200.0-255,2902,29542,44,338420
6761,0.000274,172.31.46.0-255,66,29608,44,338420
6762,0.000303,74.125.200.0-255,2902,32510,44,338420
6763,0.000305,172.31.46.0-255,66,32576,44,338420
6764,0.000313,74.125.200.0-255,6797,39373,44,338420
6765,0.000315,172.31.46.0-255,66,39439,44,338420
6766,0.000358,172.31.46.0-255,66,39505,44,338420
6767,0.000386,74.125.200.0-255,5720,45225,44,338420
6768,0.000389,172.31.46.0-255,66,45291,44,338420
6769,0.000391,74.125.200.0-255,345,45636,44,338420
6770,0.000672,74.125.200.0-255,1484,47120,44,338420
6771,0.000677,172.31.46.0-255,66,47186,44,338420
6772,0.000708,74.125.200.0-255,2902,50088,44,338420
6773,0.00071,172.31.46.0-255,66,50154,44,338420
6774,0.000716,74.125.200.0-255,4320,54474,44,338420
6775,0.000717,172.31.46.0-255,66,54540,44,338420
6776,0.000721,74.125.200.0-255,2902,57442,44,338420
6777,0.000723,172.31.46.0-255,66,57508,44,338420
6778,0.000755,74.125.200.0-255,5738,63246,44,338420
6779,0.000757,172.31.46.0-255,66,63312,44,338420
6780,0.000764,74.125.200.0-255,5738,69050,44,338420
6781,0.000765,172.31.46.0-255,66,69116,44,338420
6782,0.000772,74.125.200.0-255,7156,76272,44,338420
6783,0.000775,172.31.46.0-255,66,76338,44,338420
6784,0.000793,74.125.200.0-255,1484,77822,44,338420
6785,0.00081,74.125.200.0-255,2184,80006,44,338420
6786,0.000813,172.31.46.0-255,66,80072,44,338420
6787,0.000971,74.125.200.0-255,1484,81556,44,338420
6788,0.000976,74.125.200.0-255,2902,84458,44,338420
6789,0.000979,172.31.46.0-255,66,84524,44,338420
6790,0.000991,74.125.200.0-255,1484,86008,44,338420
6791,0.001008,74.125.200.0-255,1484,87492,44,338420
6792,0.00101,172.31.46.0-255,66,87558,44,338420
6793,0.001015,74.125.200.0-255,4320,91878,44,338420
6794,0.001016,172.31.46.0-255,66,91944,44,338420
6795,0.001052,172.31.46.0-255,66,92010,44,338420
6796,0.001058,74.125.200.0-255,7156,99166,44,338420
6797,0.001061,172.31.46.0-255,66,99232,44,338420
6798,0.001099,74.125.200.0-255,1484,100716,44,338420
6799,0.001109,74.125.200.0-255,1484,102200,44,338420
6800,0.001112,172.31.46.0-255,66,102266,44,338420
6801,0.001138,74.125.200.0-255,3602,105868,44,338420
6802,0.001141,172.31.46.0-255,66,105934,44,338420
6803,0.001205,74.125.200.0-255,1484,107418,44,338420
6804,0.001215,74.125.200.0-255,2902,110320,44,338420
6805,0.001218,172.31.46.0-255,66,110386,44,338420
6806,0.001221,74.125.200.0-255,1484,111870,44,338420
6807,0.001247,74.125.200.0-255,4320,116190,44,338420
6808,0.00125,172.31.46.0-255,66,116256,44,338420
6809,0.001253,74.125.200.0-255,1484,117740,44,338420
6810,0.001257,74.125.200.0-255,2902,120642,44,338420
6811,0.001259,172.31.46.0-255,66,120708,44,338420
6812,0.001265,74.125.200.0-255,1484,122192,44,338420
6813,0.001285,74.125.200.0-255,4320,126512,44,338420
6814,0.001287,172.31.46.0-255,66,126578,44,338420
6815,0.001306,74.125.200.0-255,7156,133734,44,338420
6816,0.00131,172.31.46.0-255,66,133800,44,338420
6817,0.001338,74.125.200.0-255,5738,139538,44,338420
6818,0.001341,172.31.46.0-255,66,139604,44,338420
6819,0.001344,74.125.200.0-255,766,140370,44,338420
6820,0.001346,74.125.200.0-255,1484,141854,44,338420
6821,0.001348,172.31.46.0-255,66,141920,44,338420
6822,0.001382,74.125.200.0-255,4320,146240,44,338420
6823,0.001385,172.31.46.0-255,66,146306,44,338420
6824,0.001395,74.125.200.0-255,1484,147790,44,338420
6825,0.001423,172.31.46.0-255,66,147856,44,338420
6826,0.001425,74.125.200.0-255,1484,149340,44,338420
6827,0.001464,172.31.46.0-255,66,149406,44,338420
6828,0.00147,74.125.200.0-255,6438,155844,44,338420
6829,0.001472,172.31.46.0-255,66,155910,44,338420
6830,0.001628,74.125.200.0-255,1484,157394,44,338420
6831,0.001634,74.125.200.0-255,2902,160296,44,338420
6832,0.001637,172.31.46.0-255,66,160362,44,338420
6833,0.001678,74.125.200.0-255,1484,161846,44,338420
6834,0.001698,74.125.200.0-255,2902,164748,44,338420
6835,0.001701,172.31.46.0-255,66,164814,44,338420
6836,0.001707,74.125.200.0-255,5738,170552,44,338420
6837,0.001708,172.31.46.0-255,66,170618,44,338420
6838,0.001723,172.31.46.0-255,66,170684,44,338420
6839,0.001747,74.125.200.0-255,1484,172168,44,338420
6840,0.001749,74.125.200.0-255,1484,173652,44,338420
6841,0.001751,172.31.46.0-255,66,173718,44,338420
6842,0.001759,74.125.200.0-255,2902,176620,44,338420
6843,0.001761,172.31.46.0-255,66,176686,44,338420
6844,0.001766,74.125.200.0-255,3602,180288,44,338420
6845,0.001768,172.31.46.0-255,66,180354,44,338420
6846,0.001851,74.125.200.0-255,1484,181838,44,338420
6847,0.001856,74.125.200.0-255,2902,184740,44,338420
6848,0.001859,172.31.46.0-255,66,184806,44,338420
6849,0.001884,74.125.200.0-255,5738,190544,44,338420
6850,0.001887,172.31.46.0-255,66,190610,44,338420
6851,0.001917,74.125.200.0-255,4320,194930,44,338420
6852,0.00192,172.31.46.0-255,66,194996,44,338420
6853,0.001923,74.125.200.0-255,1484,196480,44,338420
6854,0.001951,74.125.200.0-255,4320,200800,44,338420
6855,0.001953,172.31.46.0-255,66,200866,44,338420
6856,0.001959,74.125.200.0-255,5738,206604,44,338420
6857,0.001961,172.31.46.0-255,66,206670,44,338420
6858,0.001993,74.125.200.0-255,4320,210990,44,338420
6859,0.001995,172.31.46.0-255,66,211056,44,338420
6860,0.002022,74.125.200.0-255,3602,214658,44,338420
6861,0.002025,172.31.46.0-255,66,214724,44,338420
6862,0.002244,74.125.200.0-255,1484,216208,44,338420
6863,0.002261,74.125.200.0-255,2902,219110,44,338420
6864,0.002263,172.31.46.0-255,66,219176,44,338420
6865,0.00229,74.125.200.0-255,4320,223496,44,338420
6866,0.002292,172.31.46.0-255,66,223562,44,338420
6867,0.002304,74.125.200.0-255,1484,225046,44,338420
6868,0.002326,74.125.200.0-255,7156,232202,44,338420
6869,0.002328,172.31.46.0-255,66,232268,44,338420
6870,0.002333,74.125.200.0-255,2902,235170,44,338420
6871,0.002334,172.31.46.0-255,66,235236,44,338420
6872,0.002359,74.125.200.0-255,7156,242392,44,338420
6873,0.002361,172.31.46.0-255,66,242458,44,338420
6874,0.002371,74.125.200.0-255,6438,248896,44,338420
6875,0.002373,172.31.46.0-255,66,248962,44,338420
6876,0.002434,74.125.200.0-255,1484,250446,44,338420
6877,0.002457,74.125.200.0-255,2902,253348,44,338420
6878,0.00246,172.31.46.0-255,66,253414,44,338420
6879,0.002465,74.125.200.0-255,2902,256316,44,338420
6880,0.002466,172.31.46.0-255,66,256382,44,338420
6881,0.002471,74.125.200.0-255,4320,260702,44,338420
6882,0.002473,172.31.46.0-255,66,260768,44,338420
6883,0.002514,172.31.46.0-255,66,260834,44,338420
6884,0.002521,74.125.200.0-255,5738,266572,44,338420
6885,0.002523,172.31.46.0-255,66,266638,44,338420
6886,0.002526,74.125.200.0-255,1484,268122,44,338420
6887,0.002555,74.125.200.0-255,2902,271024,44,338420
6888,0.002558,172.31.46.0-255,66,271090,44,338420
6889,0.005018,74.125.200.0-255,1484,272574,44,338420
6890,0.005061,74.125.200.0-255,2902,275476,44,338420
6891,0.005067,172.31.46.0-255,66,275542,44,338420
6892,0.005097,74.125.200.0-255,1484,277026,44,338420
6893,0.007565,74.125.200.0-255,4320,281346,44,338420
6894,0.007569,172.31.46.0-255,66,281412,44,338420
6895,0.010067,74.125.200.0-255,5738,287150,44,338420
6896,0.010075,172.31.46.0-255,66,287216,44,338420
6897,0.012595,74.125.200.0-255,5738,292954,44,338420
6898,0.012605,172.31.46.0-255,66,293020,44,338420
6899,0.015122,74.125.200.0-255,5738,298758,44,338420
6900,0.015134,172.31.46.0-255,66,298824,44,338420
6901,0.017646,74.125.200.0-255,5738,304562,44,338420
6902,0.017658,172.31.46.0-255,66,304628,44,338420
6903,0.020211,74.125.200.0-255,5738,310366,44,338420
6904,0.020219,172.31.46.0-255,66,310432,44,338420
6905,0.022718,74.125.200.0-255,5738,316170,44,338420
6906,0.022725,172.31.46.0-255,66,316236,44,338420
6907,0.025243,74.125.200.0-255,5738,321974,44,338420
6908,0.02525,172.31.46.0-255,66,322040,44,338420
6909,0.027781,74.125.200.0-255,5738,327778,44,338420
6910,0.027788,172.31.46.0-255,66,327844,44,338420
6911,0.030267,74.125.200.0-255,1017,328861,44,338420
6912,0.03043,172.31.46.0-255,66,328927,44,338420
6913,0.030469,172.31.46.0-255,105,329032,44,338420
6914,0.032938,74.125.200.0-255,66,329098,44,338420
6915,0.036303,172.31.46.0-255,172,329270,44,338420
6916,0.036331,172.31.46.0-255,1114,330384,44,338420
6917,0.036386,172.31.46.0-255,1514,331898,44,338420
6918,0.036406,172.31.46.0-255,1514,333412,44,338420
6919,0.036409,172.31.46.0-255,1514,334926,44,338420
6920,0.036424,172.31.46.0-255,1514,336440,44,338420
6921,0.036439,172.31.46.0-255,1514,337954,44,338420
6922,0.03644,172.31.46.0-255,70,338024,44,338420
6923,0.037836,104.244.42.0-255,66,338090,44,338420
6924,0.037898,104.244.42.0-255,66,338156,44,338420
6925,0.037914,104.244.42.0-255,66,338222,44,338420
6926,0.037995,104.244.42.0-255,66,338288,44,338420
6927,0.038,104.244.42.0-255,66,338354,44,338420
6928,0.038002,104.244.42.0-255,66,338420,44,338420
6929,0.0,74.125.24.0-255,156,156,44,317882
6930,1.7e-05,172.31.46.0-255,66,222,44,317882
6931,2.4e-05,74.125.24.0-255,1484,1706,44,317882
6932,2.8e-05,172.31.46.0-255,66,1772,44,317882
6933,4.3e-05,74.125.24.0-255,2902,4674,44,317882
6934,4.7e-05,172.31.46.0-255,66,4740,44,317882
6935,5.3e-05,74.125.24.0-255,5738,10478,44,317882
6936,5.7e-05,172.31.46.0-255,66,10544,44,317882
6937,0.000102,172.31.46.0-255,66,10610,44,317882
6938,0.000112,172.31.46.0-255,66,10676,44,317882
6939,0.000123,74.125.24.0-255,3961,14637,44,317882
6940,0.000126,172.31.46.0-255,66,14703,44,317882
6941,0.000239,74.125.24.0-255,1484,16187,44,317882
6942,0.000243,172.31.46.0-255,66,16253,44,317882
6943,0.000248,74.125.24.0-255,2902,19155,44,317882
6944,0.000251,172.31.46.0-255,66,19221,44,317882
6945,0.000272,74.125.24.0-255,5738,24959,44,317882
6946,0.000274,172.31.46.0-255,66,25025,44,317882
6947,0.000283,74.125.24.0-255,2902,27927,44,317882
6948,0.000285,172.31.46.0-255,66,27993,44,317882
6949,0.000329,172.31.46.0-255,66,28059,44,317882
6950,0.000336,74.125.24.0-255,5738,33797,44,317882
6951,0.000338,172.31.46.0-255,66,33863,44,317882
6952,0.000376,74.125.24.0-255,4233,38096,44,317882
6953,0.000378,172.31.46.0-255,66,38162,44,317882
6954,0.000548,74.125.24.0-255,132,38294,44,317882
6955,0.000553,172.31.46.0-255,66,38360,44,317882
6956,0.00058,74.125.24.0-255,348,38708,44,317882
6957,0.000583,172.31.46.0-255,66,38774,44,317882
6958,0.000785,74.125.24.0-255,1484,40258,44,317882
6959,0.000792,74.125.24.0-255,2902,43160,44,317882
6960,0.000817,172.31.46.0-255,66,43226,44,317882
6961,0.000853,74.125.24.0-255,5738,48964,44,317882
6962,0.000858,74.125.24.0-255,4320,53284,44,317882
6963,0.000862,74.125.24.0-255,2902,56186,44,317882
6964,0.000868,172.31.46.0-255,66,56252,44,317882
6965,0.000917,172.31.46.0-255,66,56318,44,317882
6966,0.001119,74.125.24.0-255,1484,57802,44,317882
6967,0.001138,74.125.24.0-255,2902,60704,44,317882
6968,0.001142,172.31.46.0-255,66,60770,44,317882
6969,0.001149,74.125.24.0-255,5738,66508,44,317882
6970,0.001182,74.125.24.0-255,5738,72246,44,317882
6971,0.001187,172.31.46.0-255,66,72312,44,317882
6972,0.001209,74.125.24.0-255,7156,79468,44,317882
6973,0.001217,74.125.24.0-255,5738,85206,44,317882
6974,0.001241,74.125.24.0-255,5020,90226,44,317882
6975,0.001246,172.31.46.0-255,66,90292,44,317882
6976,0.001457,74.125.24.0-255,1484,91776,44,317882
6977,0.00147,74.125.24.0-255,2902,94678,44,317882
6978,0.001474,172.31.46.0-255,66,94744,44,317882
6979,0.001479,74.125.24.0-255,2902,97646,44,317882
6980,0.001507,74.125.24.0-255,2902,100548,44,317882
6981,0.001511,74.125.24.0-255,2902,103450,44,317882
6982,0.001516,74.125.24.0-255,4320,107770,44,317882
6983,0.001518,74.125.24.0-255,1484,109254,44,317882
6984,0.001527,172.31.46.0-255,66,109320,44,317882
6985,0.001545,74.125.24.0-255,7156,116476,44,317882
6986,0.001552,74.125.24.0-255,5738,122214,44,317882
6987,0.001563,74.125.24.0-255,2184,124398,44,317882
6988,0.001565,172.31.46.0-255,66,124464,44,317882
6989,0.001591,172.31.46.0-255,66,124530,44,317882
6990,0.001619,74.125.24.0-255,1484,126014,44,317882
6991,0.001635,74.125.24.0-255,2902,128916,44,317882
6992,0.001638,172.31.46.0-255,66,128982,44,317882
6993,0.001641,74.125.24.0-255,1484,130466,44,317882
6994,0.00167,74.125.24.0-255,4320,134786,44,317882
6995,0.001692,172.31.46.0-255,66,134852,44,317882
6996,0.001724,74.125.24.0-255,2902,137754,44,317882
6997,0.001738,172.31.46.0-255,66,137820,44,317882
6998,0.001748,74.125.24.0-255,2184,140004,44,317882
6999,0.001764,172.31.46.0-255,66,140070,44,317882
7000,0.001871,74.125.24.0-255,1484,141554,44,317882
7001,0.001876,74.125.24.0-255,1484,143038,44,317882
7002,0.001895,172.31.46.0-255,66,143104,44,317882
7003,0.001899,74.125.24.0-255,1484,144588,44,317882
7004,0.001903,74.125.24.0-255,2902,147490,44,317882
7005,0.001914,172.31.46.0-255,66,147556,44,317882
7006,0.001936,74.125.24.0-255,7156,154712,44,317882
7007,0.00195,74.125.24.0-255,2902,157614,44,317882
7008,0.001976,172.31.46.0-255,66,157680,44,317882
7009,0.001982,172.31.46.0-255,66,157746,44,317882
7010,0.002001,74.125.24.0-255,1484,159230,44,317882
7011,0.002007,74.125.24.0-255,3602,162832,44,317882
7012,0.002031,172.31.46.0-255,66,162898,44,317882
7013,0.002154,74.125.24.0-255,1484,164382,44,317882
7014,0.00217,74.125.24.0-255,2902,167284,44,317882
7015,0.002194,74.125.24.0-255,5738,173022,44,317882
7016,0.002199,74.125.24.0-255,5738,178760,44,317882
7017,0.002202,172.31.46.0-255,66,178826,44,317882
7018,0.002213,172.31.46.0-255,66,178892,44,317882
7019,0.002271,74.125.24.0-255,4320,183212,44,317882
7020,0.002303,74.125.24.0-255,5020,188232,44,317882
7021,0.002306,74.125.24.0-255,1484,189716,44,317882
7022,0.002689,172.31.46.0-255,66,189782,44,317882
7023,0.004962,74.125.24.0-255,5738,195520,44,317882
7024,0.004969,172.31.46.0-255,66,195586,44,317882
7025,0.007229,74.125.24.0-255,5738,201324,44,317882
7026,0.008424,172.31.46.0-255,66,201390,44,317882
7027,0.010764,74.125.24.0-255,5738,207128,44,317882
7028,0.010772,172.31.46.0-255,66,207194,44,317882
7029,0.013035,74.125.24.0-255,5738,212932,44,317882
7030,0.013043,172.31.46.0-255,66,212998,44,317882
7031,0.015346,74.125.24.0-255,5738,218736,44,317882
7032,0.015354,172.31.46.0-255,66,218802,44,317882
7033,0.017646,74.125.24.0-255,5738,224540,44,317882
7034,0.017654,172.31.46.0-255,66,224606,44,317882
7035,0.019945,74.125.24.0-255,5738,230344,44,317882
7036,0.019953,172.31.46.0-255,66,230410,44,317882
7037,0.022268,74.125.24.0-255,5738,236148,44,317882
7038,0.022275,172.31.46.0-255,66,236214,44,317882
7039,0.02455,74.125.24.0-255,5738,241952,44,317882
7040,0.02456,172.31.46.0-255,66,242018,44,317882
7041,0.026869,74.125.24.0-255,5738,247756,44,317882
7042,0.026878,172.31.46.0-255,66,247822,44,317882
7043,0.029167,74.125.24.0-255,5738,253560,44,317882
7044,0.029173,172.31.46.0-255,66,253626,44,317882
7045,0.031436,74.125.24.0-255,5738,259364,44,317882
7046,0.031444,172.31.46.0-255,66,259430,44,317882
7047,0.033753,74.125.24.0-255,5738,265168,44,317882
7048,0.03376,172.31.46.0-255,66,265234,44,317882
7049,0.036053,74.125.24.0-255,5738,270972,44,317882
7050,0.036061,172.31.46.0-255,66,271038,44,317882
7051,0.036856,172.31.46.0-255,172,271210,44,317882
7052,0.036885,172.31.46.0-255,1115,272325,44,317882
7053,0.036954,172.31.46.0-255,1514,273839,44,317882
7054,0.036955,172.31.46.0-255,1514,275353,44,317882
7055,0.036957,172.31.46.0-255,1514,276867,44,317882
7056,0.036962,172.31.46.0-255,1514,278381,44,317882
7057,0.036964,172.31.46.0-255,1514,279895,44,317882
7058,0.036965,172.31.46.0-255,69,279964,44,317882
7059,0.038347,74.125.24.0-255,5738,285702,44,317882
7060,0.038356,172.31.46.0-255,66,285768,44,317882
7061,0.038439,104.244.42.0-255,66,285834,44,317882
7062,0.038446,104.244.42.0-255,66,285900,44,317882
7063,0.03853,104.244.42.0-255,66,285966,44,317882
7064,0.038535,104.244.42.0-255,66,286032,44,317882
7065,0.040667,74.125.24.0-255,5738,291770,44,317882
7066,0.040674,172.31.46.0-255,66,291836,44,317882
7067,0.042964,74.125.24.0-255,5738,297574,44,317882
7068,0.042972,172.31.46.0-255,66,297640,44,317882
7069,0.04528,74.125.24.0-255,5738,303378,44,317882
7070,0.045287,172.31.46.0-255,66,303444,44,317882
7071,0.047557,74.125.24.0-255,5738,309182,44,317882
7072,0.047566,172.31.46.0-255,66,309248,44,317882
7073,0.049856,74.125.24.0-255,5738,314986,44,317882
7074,0.049863,172.31.46.0-255,66,315052,44,317882
7075,0.052132,74.125.24.0-255,2593,317645,44,317882
7076,0.052138,172.31.46.0-255,66,317711,44,317882
7077,0.052317,172.31.46.0-255,105,317816,44,317882
7078,0.054585,74.125.24.0-255,66,317882,44,317882
7079,0.0,172.217.194.0-255,146,146,44,230078
7080,2.4e-05,172.31.46.0-255,66,212,44,230078
7081,3.2e-05,172.217.194.0-255,1484,1696,44,230078
7082,3.6e-05,172.31.46.0-255,66,1762,44,230078
7083,4.3e-05,172.217.194.0-255,2902,4664,44,230078
7084,4.7e-05,172.31.46.0-255,66,4730,44,230078
7085,5.4e-05,172.217.194.0-255,7156,11886,44,230078
7086,5.8e-05,172.31.46.0-255,66,11952,44,230078
7087,6.2e-05,172.217.194.0-255,2092,14044,44,230078
7088,6.5e-05,172.31.46.0-255,66,14110,44,230078
7089,7.8e-05,172.31.46.0-255,66,14176,44,230078
7090,0.000101,172.217.194.0-255,1484,15660,44,230078
7091,0.000104,172.31.46.0-255,66,15726,44,230078
7092,0.00011,172.217.194.0-255,5379,21105,44,230078
7093,0.000113,172.31.46.0-255,66,21171,44,230078
7094,0.000142,172.217.194.0-255,1484,22655,44,230078
7095,0.000144,172.31.46.0-255,66,22721,44,230078
7096,0.000149,172.217.194.0-255,2902,25623,44,230078
7097,0.000152,172.31.46.0-255,66,25689,44,230078
7098,0.000158,172.217.194.0-255,5738,31427,44,230078
7099,0.000161,172.31.46.0-255,66,31493,44,230078
7100,0.000197,172.217.194.0-255,5738,37231,44,230078
7101,0.0002,172.31.46.0-255,66,37297,44,230078
7102,0.000225,172.31.46.0-255,66,37363,44,230078
7103,0.000273,172.31.46.0-255,66,37429,44,230078
7104,0.000481,172.217.194.0-255,1484,38913,44,230078
7105,0.000487,172.31.46.0-255,66,38979,44,230078
7106,0.000493,172.217.194.0-255,2902,41881,44,230078
7107,0.000495,172.31.46.0-255,66,41947,44,230078
7108,0.000501,172.217.194.0-255,4320,46267,44,230078
7109,0.000504,172.31.46.0-255,66,46333,44,230078
7110,0.000521,172.217.194.0-255,1484,47817,44,230078
7111,0.000524,172.31.46.0-255,66,47883,44,230078
7112,0.000531,172.217.194.0-255,5738,53621,44,230078
7113,0.000555,172.217.194.0-255,7156,60777,44,230078
7114,0.000587,172.31.46.0-255,66,60843,44,230078
7115,0.000683,172.217.194.0-255,1484,62327,44,230078
7116,0.000699,172.217.194.0-255,2902,65229,44,230078
7117,0.00071,172.31.46.0-255,66,65295,44,230078
7118,0.000725,172.217.194.0-255,5738,71033,44,230078
7119,0.000738,172.217.194.0-255,2902,73935,44,230078
7120,0.000749,172.31.46.0-255,66,74001,44,230078
7121,0.000774,172.217.194.0-255,7156,81157,44,230078
7122,0.000798,172.31.46.0-255,66,81223,44,230078
7123,0.000834,172.217.194.0-255,3602,84825,44,230078
7124,0.000846,172.31.46.0-255,66,84891,44,230078
7125,0.000897,172.217.194.0-255,1484,86375,44,230078
7126,0.00091,172.217.194.0-255,2902,89277,44,230078
7127,0.000914,172.217.194.0-255,1484,90761,44,230078
7128,0.000932,172.217.194.0-255,4320,95081,44,230078
7129,0.000939,172.31.46.0-255,66,95147,44,230078
7130,0.000946,172.217.194.0-255,1484,96631,44,230078
7131,0.000974,172.217.194.0-255,7156,103787,44,230078
7132,0.000996,172.31.46.0-255,66,103853,44,230078
7133,0.001009,172.217.194.0-255,3602,107455,44,230078
7134,0.001039,172.217.194.0-255,4320,111775,44,230078
7135,0.001043,172.31.46.0-255,66,111841,44,230078
7136,0.001053,172.31.46.0-255,66,111907,44,230078
7137,0.001081,172.217.194.0-255,1484,113391,44,230078
7138,0.001089,172.31.46.0-255,66,113457,44,230078
7139,0.001111,172.31.46.0-255,66,113523,44,230078
7140,0.001136,172.217.194.0-255,4320,117843,44,230078
7141,0.001147,172.31.46.0-255,66,117909,44,230078
7142,0.001187,172.217.194.0-255,2184,120093,44,230078
7143,0.001245,172.217.194.0-255,5738,125831,44,230078
7144,0.001253,172.217.194.0-255,7156,132987,44,230078
7145,0.001274,172.31.46.0-255,66,133053,44,230078
7146,0.001284,172.217.194.0-255,4320,137373,44,230078
7147,0.001292,172.217.194.0-255,6438,143811,44,230078
7148,0.001301,172.31.46.0-255,66,143877,44,230078
7149,0.00134,172.31.46.0-255,66,143943,44,230078
7150,0.001357,172.217.194.0-255,2902,146845,44,230078
7151,0.001387,172.31.46.0-255,66,146911,44,230078
7152,0.001475,172.217.194.0-255,1484,148395,44,230078
7153,0.001481,172.217.194.0-255,2902,151297,44,230078
7154,0.001488,172.217.194.0-255,5738,157035,44,230078
7155,0.001502,172.217.194.0-255,1484,158519,44,230078
7156,0.001509,172.31.46.0-255,66,158585,44,230078
7157,0.001551,172.217.194.0-255,766,159351,44,230078
7158,0.001563,172.31.46.0-255,66,159417,44,230078
7159,0.001645,172.217.194.0-255,1484,160901,44,230078
7160,0.001651,172.217.194.0-255,2902,163803,44,230078
7161,0.001658,172.31.46.0-255,66,163869,44,230078
7162,0.001688,172.217.194.0-255,5738,169607,44,230078
7163,0.001696,172.217.194.0-255,7156,176763,44,230078
7164,0.001713,172.217.194.0-255,2902,179665,44,230078
7165,0.001717,172.31.46.0-255,66,179731,44,230078
7166,0.00173,172.217.194.0-255,5738,185469,44,230078
7167,0.001736,172.217.194.0-255,4320,189789,44,230078
7168,0.001738,172.31.46.0-255,66,189855,44,230078
7169,0.001752,172.217.194.0-255,3602,193457,44,230078
7170,0.001769,172.217.194.0-255,1484,194941,44,230078
7171,0.001774,172.31.46.0-255,66,195007,44,230078
7172,0.001791,172.217.194.0-255,7156,202163,44,230078
7173,0.001796,172.217.194.0-255,4320,206483,44,230078
7174,0.00183,172.31.46.0-255,66,206549,44,230078
7175,0.001853,172.217.194.0-255,5738,212287,44,230078
7176,0.001862,172.217.194.0-255,6438,218725,44,230078
7177,0.00187,172.31.46.0-255,66,218791,44,230078
7178,0.001893,172.217.194.0-255,7156,225947,44,230078
7179,0.001898,172.31.46.0-255,66,226013,44,230078
7180,0.001907,172.217.194.0-255,1607,227620,44,230078
7181,0.001912,172.31.46.0-255,66,227686,44,230078
7182,0.00192,172.217.194.0-255,105,227791,44,230078
7183,0.011189,172.31.46.0-255,66,227857,44,230078
7184,0.011238,172.31.46.0-255,105,227962,44,230078
7185,0.013247,172.217.194.0-255,66,228028,44,230078
7186,0.036821,172.31.46.0-255,172,228200,44,230078
7187,0.036852,172.31.46.0-255,1114,229314,44,230078
7188,0.036926,172.31.46.0-255,566,229880,44,230078
7189,0.038347,104.244.42.0-255,66,229946,44,230078
7190,0.038371,104.244.42.0-255,66,230012,44,230078
7191,0.038502,104.244.42.0-255,66,230078,44,230078
7192,0.0,74.125.24.0-255,153,153,44,223462
7193,2.1e-05,172.31.46.0-255,66,219,44,223462
7194,2.7e-05,74.125.24.0-255,1484,1703,44,223462
7195,3e-05,172.31.46.0-255,66,1769,44,223462
7196,3.5e-05,74.125.24.0-255,2902,4671,44,223462
7197,3.8e-05,172.31.46.0-255,66,4737,44,223462
7198,4.3e-05,74.125.24.0-255,4320,9057,44,223462
7199,4.5e-05,172.31.46.0-255,66,9123,44,223462
7200,8.1e-05,172.31.46.0-255,66,9189,44,223462
7201,9.1e-05,172.31.46.0-255,66,9255,44,223462
7202,0.000109,74.125.24.0-255,1484,10739,44,223462
7203,0.000111,172.31.46.0-255,66,10805,44,223462
7204,0.00013,74.125.24.0-255,2543,13348,44,223462
7205,0.000131,172.31.46.0-255,66,13414,44,223462
7206,0.000172,74.125.24.0-255,2902,16316,44,223462
7207,0.000174,172.31.46.0-255,66,16382,44,223462
7208,0.000193,74.125.24.0-255,2902,19284,44,223462
7209,0.000196,172.31.46.0-255,66,19350,44,223462
7210,0.000201,74.125.24.0-255,7156,26506,44,223462
7211,0.000203,172.31.46.0-255,66,26572,44,223462
7212,0.000238,74.125.24.0-255,3961,30533,44,223462
7213,0.00024,172.31.46.0-255,66,30599,44,223462
7214,0.000927,74.125.24.0-255,1484,32083,44,223462
7215,0.000933,172.31.46.0-255,66,32149,44,223462
7216,0.000941,74.125.24.0-255,2902,35051,44,223462
7217,0.000943,172.31.46.0-255,66,35117,44,223462
7218,0.000946,74.125.24.0-255,1484,36601,44,223462
7219,0.000948,172.31.46.0-255,66,36667,44,223462
7220,0.000972,74.125.24.0-255,4320,40987,44,223462
7221,0.000974,172.31.46.0-255,66,41053,44,223462
7222,0.000991,74.125.24.0-255,7125,48178,44,223462
7223,0.000993,172.31.46.0-255,66,48244,44,223462
7224,0.022378,74.125.24.0-255,350,48594,44,223462
7225,0.022453,74.125.24.0-255,1484,50078,44,223462
7226,0.022459,172.31.46.0-255,66,50144,44,223462
7227,0.022468,74.125.24.0-255,2902,53046,44,223462
7228,0.022472,172.31.46.0-255,66,53112,44,223462
7229,0.02483,74.125.24.0-255,5738,58850,44,223462
7230,0.024838,172.31.46.0-255,66,58916,44,223462
7231,0.025397,172.31.46.0-255,172,59088,44,223462
7232,0.025426,172.31.46.0-255,1114,60202,44,223462
7233,0.0255,172.31.46.0-255,1514,61716,44,223462
7234,0.025502,172.31.46.0-255,1514,63230,44,223462
7235,0.025503,172.31.46.0-255,1514,64744,44,223462
7236,0.025508,172.31.46.0-255,1514,66258,44,223462
7237,0.02551,172.31.46.0-255,1514,67772,44,223462
7238,0.025511,172.31.46.0-255,70,67842,44,223462
7239,0.026933,104.244.42.0-255,66,67908,44,223462
7240,0.026955,104.244.42.0-255,66,67974,44,223462
7241,0.027062,104.244.42.0-255,66,68040,44,223462
7242,0.027069,104.244.42.0-255,66,68106,44,223462
7243,0.027154,74.125.24.0-255,5738,73844,44,223462
7244,0.02716,172.31.46.0-255,66,73910,44,223462
7245,0.029505,74.125.24.0-255,5738,79648,44,223462
7246,0.029513,172.31.46.0-255,66,79714,44,223462
7247,0.031881,74.125.24.0-255,5738,85452,44,223462
7248,0.031887,172.31.46.0-255,66,85518,44,223462
7249,0.034221,74.125.24.0-255,5738,91256,44,223462
7250,0.034227,172.31.46.0-255,66,91322,44,223462
7251,0.036584,74.125.24.0-255,5738,97060,44,223462
7252,0.03659,172.31.46.0-255,66,97126,44,223462
7253,0.038928,74.125.24.0-255,5738,102864,44,223462
7254,0.038934,172.31.46.0-255,66,102930,44,223462
7255,0.041275,74.125.24.0-255,5738,108668,44,223462
7256,0.041281,172.31.46.0-255,66,108734,44,223462
7257,0.043617,74.125.24.0-255,5738,114472,44,223462
7258,0.043623,172.31.46.0-255,66,114538,44,223462
7259,0.045958,74.125.24.0-255,5738,120276,44,223462
7260,0.045964,172.31.46.0-255,66,120342,44,223462
7261,0.048323,74.125.24.0-255,5738,126080,44,223462
7262,0.04833,172.31.46.0-255,66,126146,44,223462
7263,0.050713,74.125.24.0-255,5738,131884,44,223462
7264,0.050719,172.31.46.0-255,66,131950,44,223462
7265,0.053052,74.125.24.0-255,5738,137688,44,223462
7266,0.053058,172.31.46.0-255,66,137754,44,223462
7267,0.055401,74.125.24.0-255,5738,143492,44,223462
7268,0.055407,172.31.46.0-255,66,143558,44,223462
7269,0.057744,74.125.24.0-255,5738,149296,44,223462
7270,0.057751,172.31.46.0-255,66,149362,44,223462
7271,0.060086,74.125.24.0-255,5738,155100,44,223462
7272,0.060095,172.31.46.0-255,66,155166,44,223462
7273,0.062426,74.125.24.0-255,5738,160904,44,223462
7274,0.062432,172.31.46.0-255,66,160970,44,223462
7275,0.064782,74.125.24.0-255,5738,166708,44,223462
7276,0.064789,172.31.46.0-255,66,166774,44,223462
7277,0.067115,74.125.24.0-255,5738,172512,44,223462
7278,0.067122,172.31.46.0-255,66,172578,44,223462
7279,0.069439,74.125.24.0-255,5738,178316,44,223462
7280,0.069444,172.31.46.0-255,66,178382,44,223462
7281,0.071815,74.125.24.0-255,5738,184120,44,223462
7282,0.071821,172.31.46.0-255,66,184186,44,223462
7283,0.074157,74.125.24.0-255,5738,189924,44,223462
7284,0.074164,172.31.46.0-255,66,189990,44,223462
7285,0.076521,74.125.24.0-255,5738,195728,44,223462
7286,0.076527,172.31.46.0-255,66,195794,44,223462
7287,0.07887,74.125.24.0-255,5738,201532,44,223462
7288,0.078877,172.31.46.0-255,66,201598,44,223462
7289,0.081202,74.125.24.0-255,4320,205918,44,223462
7290,0.081208,172.31.46.0-255,66,205984,44,223462
7291,0.081227,74.125.24.0-255,1484,207468,44,223462
7292,0.083554,74.125.24.0-255,4320,211788,44,223462
7293,0.083559,172.31.46.0-255,66,211854,44,223462
7294,0.08587,74.125.24.0-255,5738,217592,44,223462
7295,0.085876,172.31.46.0-255,66,217658,44,223462
7296,0.08819,74.125.24.0-255,5738,223396,44,223462
7297,0.088197,172.31.46.0-255,66,223462,44,223462
7298,0.0,74.125.24.0-255,150,150,44,259513
7299,1.5e-05,172.31.46.0-255,66,216,44,259513
7300,2.2e-05,74.125.24.0-255,1484,1700,44,259513
7301,2.6e-05,172.31.46.0-255,66,1766,44,259513
7302,3.2e-05,74.125.24.0-255,2902,4668,44,259513
7303,3.6e-05,172.31.46.0-255,66,4734,44,259513
7304,4.4e-05,74.125.24.0-255,7156,11890,44,259513
7305,4.7e-05,172.31.46.0-255,66,11956,44,259513
7306,7e-05,74.125.24.0-255,1484,13440,44,259513
7307,7.2e-05,172.31.46.0-255,66,13506,44,259513
7308,0.000107,172.31.46.0-255,66,13572,44,259513
7309,0.000112,74.125.24.0-255,2902,16474,44,259513
7310,0.000114,172.31.46.0-255,66,16540,44,259513
7311,0.000128,74.125.24.0-255,2543,19083,44,259513
7312,0.00013,172.31.46.0-255,66,19149,44,259513
7313,0.000557,74.125.24.0-255,1484,20633,44,259513
7314,0.000564,172.31.46.0-255,66,20699,44,259513
7315,0.000572,74.125.24.0-255,2902,23601,44,259513
7316,0.000574,172.31.46.0-255,66,23667,44,259513
7317,0.000581,74.125.24.0-255,5738,29405,44,259513
7318,0.000584,172.31.46.0-255,66,29471,44,259513
7319,0.000632,172.31.46.0-255,66,29537,44,259513
7320,0.000639,74.125.24.0-255,5738,35275,44,259513
7321,0.000641,172.31.46.0-255,66,35341,44,259513
7322,0.000667,74.125.24.0-255,2902,38243,44,259513
7323,0.00067,172.31.46.0-255,66,38309,44,259513
7324,0.000673,74.125.24.0-255,1400,39709,44,259513
7325,0.000676,172.31.46.0-255,66,39775,44,259513
7326,0.0007,74.125.24.0-255,131,39906,44,259513
7327,0.000702,172.31.46.0-255,66,39972,44,259513
7328,0.000735,74.125.24.0-255,1484,41456,44,259513
7329,0.000739,74.125.24.0-255,1484,42940,44,259513
7330,0.000743,172.31.46.0-255,66,43006,44,259513
7331,0.000761,74.125.24.0-255,1484,44490,44,259513
7332,0.000777,74.125.24.0-255,7156,51646,44,259513
7333,0.000781,172.31.46.0-255,66,51712,44,259513
7334,0.000786,74.125.24.0-255,2902,54614,44,259513
7335,0.000788,172.31.46.0-255,66,54680,44,259513
7336,0.000839,74.125.24.0-255,2243,56923,44,259513
7337,0.000843,172.31.46.0-255,66,56989,44,259513
7338,0.000945,74.125.24.0-255,1484,58473,44,259513
7339,0.000962,74.125.24.0-255,2902,61375,44,259513
7340,0.000965,172.31.46.0-255,66,61441,44,259513
7341,0.000969,74.125.24.0-255,1484,62925,44,259513
7342,0.000986,74.125.24.0-255,4320,67245,44,259513
7343,0.000988,172.31.46.0-255,66,67311,44,259513
7344,0.000994,74.125.24.0-255,2902,70213,44,259513
7345,0.000996,172.31.46.0-255,66,70279,44,259513
7346,0.001035,172.31.46.0-255,66,70345,44,259513
7347,0.001042,74.125.24.0-255,7156,77501,44,259513
7348,0.001044,172.31.46.0-255,66,77567,44,259513
7349,0.001093,74.125.24.0-255,3602,81169,44,259513
7350,0.001097,172.31.46.0-255,66,81235,44,259513
7351,0.001132,74.125.24.0-255,1484,82719,44,259513
7352,0.001152,74.125.24.0-255,2902,85621,44,259513
7353,0.001155,172.31.46.0-255,66,85687,44,259513
7354,0.001162,74.125.24.0-255,5738,91425,44,259513
7355,0.001165,172.31.46.0-255,66,91491,44,259513
7356,0.001191,74.125.24.0-255,5738,97229,44,259513
7357,0.001194,172.31.46.0-255,66,97295,44,259513
7358,0.001197,74.125.24.0-255,1484,98779,44,259513
7359,0.001213,74.125.24.0-255,5738,104517,44,259513
7360,0.001216,172.31.46.0-255,66,104583,44,259513
7361,0.001241,74.125.24.0-255,2902,107485,44,259513
7362,0.001243,172.31.46.0-255,66,107551,44,259513
7363,0.001266,172.31.46.0-255,66,107617,44,259513
7364,0.001338,74.125.24.0-255,1484,109101,44,259513
7365,0.001364,74.125.24.0-255,2902,112003,44,259513
7366,0.001367,172.31.46.0-255,66,112069,44,259513
7367,0.001374,74.125.24.0-255,5738,117807,44,259513
7368,0.001377,172.31.46.0-255,66,117873,44,259513
7369,0.001408,172.31.46.0-255,66,117939,44,259513
7370,0.001421,172.31.46.0-255,66,118005,44,259513
7371,0.001444,74.125.24.0-255,2902,120907,44,259513
7372,0.001447,172.31.46.0-255,66,120973,44,259513
7373,0.001451,74.125.24.0-255,2184,123157,44,259513
7374,0.001453,172.31.46.0-255,66,123223,44,259513
7375,0.001493,74.125.24.0-255,1484,124707,44,259513
7376,0.001497,74.125.24.0-255,1484,126191,44,259513
7377,0.0015,172.31.46.0-255,66,126257,44,259513
7378,0.001519,74.125.24.0-255,1484,127741,44,259513
7379,0.001527,74.125.24.0-255,5738,133479,44,259513
7380,0.001529,172.31.46.0-255,66,133545,44,259513
7381,0.001559,172.31.46.0-255,66,133611,44,259513
7382,0.001597,74.125.24.0-255,2902,136513,44,259513
7383,0.001601,172.31.46.0-255,66,136579,44,259513
7384,0.001631,172.31.46.0-255,66,136645,44,259513
7385,0.001759,74.125.24.0-255,1484,138129,44,259513
7386,0.001766,74.125.24.0-255,2902,141031,44,259513
7387,0.001769,172.31.46.0-255,66,141097,44,259513
7388,0.001806,74.125.24.0-255,1484,142581,44,259513
7389,0.001824,74.125.24.0-255,4320,146901,44,259513
7390,0.001827,172.31.46.0-255,66,146967,44,259513
7391,0.001834,74.125.24.0-255,7156,154123,44,259513
7392,0.001836,172.31.46.0-255,66,154189,44,259513
7393,0.001851,172.31.46.0-255,66,154255,44,259513
7394,0.00186,74.125.24.0-255,2184,156439,44,259513
7395,0.001863,172.31.46.0-255,66,156505,44,259513
7396,0.001867,74.125.24.0-255,2902,159407,44,259513
7397,0.001869,172.31.46.0-255,66,159473,44,259513
7398,0.001876,74.125.24.0-255,7156,166629,44,259513
7399,0.001879,172.31.46.0-255,66,166695,44,259513
7400,0.001911,172.31.46.0-255,66,166761,44,259513
7401,0.001932,74.125.24.0-255,5738,172499,44,259513
7402,0.001934,172.31.46.0-255,66,172565,44,259513
7403,0.001937,74.125.24.0-255,1484,174049,44,259513
7404,0.00194,74.125.24.0-255,1484,175533,44,259513
7405,0.001942,172.31.46.0-255,66,175599,44,259513
7406,0.001959,74.125.24.0-255,5020,180619,44,259513
7407,0.001961,172.31.46.0-255,66,180685,44,259513
7408,0.001983,74.125.24.0-255,5738,186423,44,259513
7409,0.001985,172.31.46.0-255,66,186489,44,259513
7410,0.002011,74.125.24.0-255,1484,187973,44,259513
7411,0.002017,74.125.24.0-255,5738,193711,44,259513
7412,0.00202,172.31.46.0-255,66,193777,44,259513
7413,0.002035,172.31.46.0-255,66,193843,44,259513
7414,0.002065,74.125.24.0-255,6438,200281,44,259513
7415,0.002068,172.31.46.0-255,66,200347,44,259513
7416,0.002073,74.125.24.0-255,2902,203249,44,259513
7417,0.002075,172.31.46.0-255,66,203315,44,259513
7418,0.002092,74.125.24.0-255,4320,207635,44,259513
7419,0.002095,172.31.46.0-255,66,207701,44,259513
7420,0.002099,74.125.24.0-255,2902,210603,44,259513
7421,0.002102,172.31.46.0-255,66,210669,44,259513
7422,0.002133,172.31.46.0-255,66,210735,44,259513
7423,0.002147,172.31.46.0-255,66,210801,44,259513
7424,0.00422,74.125.24.0-255,5738,216539,44,259513
7425,0.004231,172.31.46.0-255,66,216605,44,259513
7426,0.006336,74.125.24.0-255,5738,222343,44,259513
7427,0.006345,172.31.46.0-255,66,222409,44,259513
7428,0.008458,74.125.24.0-255,5738,228147,44,259513
7429,0.008464,172.31.46.0-255,66,228213,44,259513
7430,0.01057,74.125.24.0-255,5738,233951,44,259513
7431,0.010578,172.31.46.0-255,66,234017,44,259513
7432,0.012655,74.125.24.0-255,5738,239755,44,259513
7433,0.012661,172.31.46.0-255,66,239821,44,259513
7434,0.014735,74.125.24.0-255,5738,245559,44,259513
7435,0.014741,172.31.46.0-255,66,245625,44,259513
7436,0.016824,74.125.24.0-255,4459,250084,44,259513
7437,0.016833,172.31.46.0-255,66,250150,44,259513
7438,0.020566,172.31.46.0-255,105,250255,44,259513
7439,0.022633,74.125.24.0-255,66,250321,44,259513
7440,0.041152,172.31.46.0-255,172,250493,44,259513
7441,0.041186,172.31.46.0-255,1114,251607,44,259513
7442,0.041256,172.31.46.0-255,1514,253121,44,259513
7443,0.041258,172.31.46.0-255,1514,254635,44,259513
7444,0.041263,172.31.46.0-255,1514,256149,44,259513
7445,0.041264,172.31.46.0-255,1514,257663,44,259513
7446,0.041283,172.31.46.0-255,1514,259177,44,259513
7447,0.041284,172.31.46.0-255,72,259249,44,259513
7448,0.042662,104.244.42.0-255,66,259315,44,259513
7449,0.042762,104.244.42.0-255,66,259381,44,259513
7450,0.042835,104.244.42.0-255,66,259447,44,259513
7451,0.042847,104.244.42.0-255,66,259513,44,259513
7452,0.0,172.217.194.0-255,153,153,44,227756
7453,2.5e-05,172.31.46.0-255,66,219,44,227756
7454,3.2e-05,172.217.194.0-255,1484,1703,44,227756
7455,3.6e-05,172.31.46.0-255,66,1769,44,227756
7456,4.2e-05,172.217.194.0-255,2902,4671,44,227756
7457,5.3e-05,172.31.46.0-255,66,4737,44,227756
7458,6.2e-05,172.217.194.0-255,7156,11893,44,227756
7459,6.4e-05,172.31.46.0-255,66,11959,44,227756
7460,7.1e-05,172.217.194.0-255,6330,18289,44,227756
7461,7.4e-05,172.31.46.0-255,66,18355,44,227756
7462,0.000131,172.31.46.0-255,66,18421,44,227756
7463,0.000149,172.217.194.0-255,2543,20964,44,227756
7464,0.000153,172.31.46.0-255,66,21030,44,227756
7465,0.000183,172.217.194.0-255,1484,22514,44,227756
7466,0.000185,172.31.46.0-255,66,22580,44,227756
7467,0.00021,172.217.194.0-255,1484,24064,44,227756
7468,0.000213,172.31.46.0-255,66,24130,44,227756
7469,0.000227,172.217.194.0-255,1484,25614,44,227756
7470,0.000229,172.31.46.0-255,66,25680,44,227756
7471,0.000235,172.217.194.0-255,5738,31418,44,227756
7472,0.000238,172.31.46.0-255,66,31484,44,227756
7473,0.000289,172.31.46.0-255,66,31550,44,227756
7474,0.000308,172.31.46.0-255,66,31616,44,227756
7475,0.000333,172.217.194.0-255,645,32261,44,227756
7476,0.000335,172.31.46.0-255,66,32327,44,227756
7477,0.000379,172.217.194.0-255,1484,33811,44,227756
7478,0.000382,172.31.46.0-255,66,33877,44,227756
7479,0.000387,172.217.194.0-255,2902,36779,44,227756
7480,0.000389,172.31.46.0-255,66,36845,44,227756
7481,0.000418,172.217.194.0-255,5738,42583,44,227756
7482,0.000421,172.31.46.0-255,66,42649,44,227756
7483,0.000428,172.217.194.0-255,6249,48898,44,227756
7484,0.000431,172.31.46.0-255,66,48964,44,227756
7485,0.000695,172.217.194.0-255,1484,50448,44,227756
7486,0.000704,172.217.194.0-255,2902,53350,44,227756
7487,0.000707,172.31.46.0-255,66,53416,44,227756
7488,0.000715,172.217.194.0-255,5738,59154,44,227756
7489,0.000717,172.31.46.0-255,66,59220,44,227756
7490,0.000761,172.217.194.0-255,7156,66376,44,227756
7491,0.000764,172.31.46.0-255,66,66442,44,227756
7492,0.000771,172.217.194.0-255,7156,73598,44,227756
7493,0.000775,172.31.46.0-255,66,73664,44,227756
7494,0.000804,172.217.194.0-255,7156,80820,44,227756
7495,0.000807,172.31.46.0-255,66,80886,44,227756
7496,0.000811,172.217.194.0-255,2184,83070,44,227756
7497,0.000813,172.31.46.0-255,66,83136,44,227756
7498,0.001042,172.217.194.0-255,1484,84620,44,227756
7499,0.001086,172.217.194.0-255,2902,87522,44,227756
7500,0.00109,172.31.46.0-255,66,87588,44,227756
7501,0.001097,172.217.194.0-255,5738,93326,44,227756
7502,0.001098,172.31.46.0-255,66,93392,44,227756
7503,0.001113,172.31.46.0-255,66,93458,44,227756
7504,0.001159,172.31.46.0-255,66,93524,44,227756
7505,0.001206,172.217.194.0-255,7156,100680,44,227756
7506,0.001211,172.31.46.0-255,66,100746,44,227756
7507,0.001219,172.31.46.0-255,66,100812,44,227756
7508,0.001224,172.217.194.0-255,2902,103714,44,227756
7509,0.001226,172.31.46.0-255,66,103780,44,227756
7510,0.00126,172.31.46.0-255,66,103846,44,227756
7511,0.0013,172.31.46.0-255,66,103912,44,227756
7512,0.001307,172.217.194.0-255,7156,111068,44,227756
7513,0.001309,172.31.46.0-255,66,111134,44,227756
7514,0.00132,172.217.194.0-255,5738,116872,44,227756
7515,0.001322,172.31.46.0-255,66,116938,44,227756
7516,0.001367,172.31.46.0-255,66,117004,44,227756
7517,0.00137,172.217.194.0-255,766,117770,44,227756
7518,0.001395,172.217.194.0-255,4320,122090,44,227756
7519,0.001398,172.31.46.0-255,66,122156,44,227756
7520,0.001425,172.217.194.0-255,2902,125058,44,227756
7521,0.001428,172.31.46.0-255,66,125124,44,227756
7522,0.00146,172.217.194.0-255,2902,128026,44,227756
7523,0.001463,172.31.46.0-255,66,128092,44,227756
7524,0.00148,172.31.46.0-255,66,128158,44,227756
7525,0.001494,172.31.46.0-255,66,128224,44,227756
7526,0.001558,172.217.194.0-255,5738,133962,44,227756
7527,0.001563,172.217.194.0-255,4320,138282,44,227756
7528,0.00157,172.31.46.0-255,66,138348,44,227756
7529,0.001578,172.31.46.0-255,66,138414,44,227756
7530,0.001581,172.31.46.0-255,66,138480,44,227756
7531,0.001588,172.31.46.0-255,66,138546,44,227756
7532,0.001593,172.217.194.0-255,2902,141448,44,227756
7533,0.001598,172.217.194.0-255,2184,143632,44,227756
7534,0.001603,172.31.46.0-255,66,143698,44,227756
7535,0.001604,172.31.46.0-255,66,143764,44,227756
7536,0.001664,172.217.194.0-255,1484,145248,44,227756
7537,0.001669,172.217.194.0-255,2902,148150,44,227756
7538,0.001672,172.31.46.0-255,66,148216,44,227756
7539,0.001703,172.217.194.0-255,5738,153954,44,227756
7540,0.001706,172.31.46.0-255,66,154020,44,227756
7541,0.001709,172.217.194.0-255,1484,155504,44,227756
7542,0.001746,172.31.46.0-255,66,155570,44,227756
7543,0.001789,172.217.194.0-255,2902,158472,44,227756
7544,0.001791,172.31.46.0-255,66,158538,44,227756
7545,0.001829,172.31.46.0-255,66,158604,44,227756
7546,0.001832,172.217.194.0-255,1484,160088,44,227756
7547,0.001836,172.217.194.0-255,2902,162990,44,227756
7548,0.001839,172.31.46.0-255,66,163056,44,227756
7549,0.001849,172.217.194.0-255,5738,168794,44,227756
7550,0.001852,172.31.46.0-255,66,168860,44,227756
7551,0.001858,172.217.194.0-255,5738,174598,44,227756
7552,0.00186,172.31.46.0-255,66,174664,44,227756
7553,0.0019,172.217.194.0-255,7156,181820,44,227756
7554,0.001909,172.31.46.0-255,66,181886,44,227756
7555,0.001916,172.217.194.0-255,5738,187624,44,227756
7556,0.001918,172.31.46.0-255,66,187690,44,227756
7557,0.001945,172.217.194.0-255,5020,192710,44,227756
7558,0.001948,172.31.46.0-255,66,192776,44,227756
7559,0.001976,172.217.194.0-255,1484,194260,44,227756
7560,0.001981,172.217.194.0-255,2902,197162,44,227756
7561,0.001984,172.31.46.0-255,66,197228,44,227756
7562,0.002004,172.217.194.0-255,5738,202966,44,227756
7563,0.002007,172.31.46.0-255,66,203032,44,227756
7564,0.002012,172.217.194.0-255,4320,207352,44,227756
7565,0.002015,172.31.46.0-255,66,207418,44,227756
7566,0.002046,172.217.194.0-255,4320,211738,44,227756
7567,0.00205,172.31.46.0-255,66,211804,44,227756
7568,0.002086,172.217.194.0-255,7156,218960,44,227756
7569,0.002089,172.31.46.0-255,66,219026,44,227756
7570,0.002107,172.31.46.0-255,66,219092,44,227756
7571,0.002148,172.31.46.0-255,66,219158,44,227756
7572,0.003857,172.31.46.0-255,101,219259,44,227756
7573,0.004217,172.217.194.0-255,105,219364,44,227756
7574,0.005923,172.217.194.0-255,66,219430,44,227756
7575,0.011312,172.31.46.0-255,105,219535,44,227756
7576,0.013392,172.217.194.0-255,66,219601,44,227756
7577,0.035151,172.31.46.0-255,164,219765,44,227756
7578,0.035185,172.31.46.0-255,1123,220888,44,227756
7579,0.03526,172.31.46.0-255,1514,222402,44,227756
7580,0.035262,172.31.46.0-255,1514,223916,44,227756
7581,0.035263,172.31.46.0-255,1514,225430,44,227756
7582,0.035264,172.31.46.0-255,1514,226944,44,227756
7583,0.035289,172.31.46.0-255,548,227492,44,227756
7584,0.036725,104.244.42.0-255,66,227558,44,227756
7585,0.036759,104.244.42.0-255,66,227624,44,227756
7586,0.036859,104.244.42.0-255,66,227690,44,227756
7587,0.036873,104.244.42.0-255,66,227756,44,227756
7588,0.0,74.125.68.0-255,150,150,44,350099
7589,1.9e-05,172.31.46.0-255,66,216,44,350099
7590,2.5e-05,74.125.68.0-255,1484,1700,44,350099
7591,3e-05,172.31.46.0-255,66,1766,44,350099
7592,3.3e-05,74.125.68.0-255,1484,3250,44,350099
7593,3.5e-05,172.31.46.0-255,66,3316,44,350099
7594,7.8e-05,74.125.68.0-255,2902,6218,44,350099
7595,8.1e-05,172.31.46.0-255,66,6284,44,350099
7596,8.8e-05,74.125.68.0-255,5738,12022,44,350099
7597,9e-05,172.31.46.0-255,66,12088,44,350099
7598,9.4e-05,74.125.68.0-255,2073,14161,44,350099
7599,9.6e-05,172.31.46.0-255,66,14227,44,350099
7600,0.000204,74.125.68.0-255,1484,15711,44,350099
7601,0.000209,172.31.46.0-255,66,15777,44,350099
7602,0.000213,74.125.68.0-255,1484,17261,44,350099
7603,0.000214,172.31.46.0-255,66,17327,44,350099
7604,0.000249,74.125.68.0-255,1484,18811,44,350099
7605,0.000252,172.31.46.0-255,66,18877,44,350099
7606,0.000259,74.125.68.0-255,5738,24615,44,350099
7607,0.000261,172.31.46.0-255,66,24681,44,350099
7608,0.000268,74.125.68.0-255,6797,31478,44,350099
7609,0.00027,172.31.46.0-255,66,31544,44,350099
7610,0.000303,74.125.68.0-255,4320,35864,44,350099
7611,0.000306,172.31.46.0-255,66,35930,44,350099
7612,0.000312,74.125.68.0-255,5738,41668,44,350099
7613,0.000314,172.31.46.0-255,66,41734,44,350099
7614,0.000336,74.125.68.0-255,1484,43218,44,350099
7615,0.000339,172.31.46.0-255,66,43284,44,350099
7616,0.000364,74.125.68.0-255,5379,48663,44,350099
7617,0.000367,172.31.46.0-255,66,48729,44,350099
7618,0.000441,74.125.68.0-255,1484,50213,44,350099
7619,0.000444,172.31.46.0-255,66,50279,44,350099
7620,0.000449,74.125.68.0-255,2902,53181,44,350099
7621,0.000452,172.31.46.0-255,66,53247,44,350099
7622,0.000484,74.125.68.0-255,5738,58985,44,350099
7623,0.000486,172.31.46.0-255,66,59051,44,350099
7624,0.000518,74.125.68.0-255,7122,66173,44,350099
7625,0.00052,172.31.46.0-255,66,66239,44,350099
7626,0.000523,74.125.68.0-255,329,66568,44,350099
7627,0.001059,74.125.68.0-255,1484,68052,44,350099
7628,0.001063,172.31.46.0-255,66,68118,44,350099
7629,0.001069,74.125.68.0-255,2902,71020,44,350099
7630,0.001071,172.31.46.0-255,66,71086,44,350099
7631,0.001105,74.125.68.0-255,5738,76824,44,350099
7632,0.001108,172.31.46.0-255,66,76890,44,350099
7633,0.001114,74.125.68.0-255,4320,81210,44,350099
7634,0.001116,172.31.46.0-255,66,81276,44,350099
7635,0.001123,74.125.68.0-255,5738,87014,44,350099
7636,0.001126,172.31.46.0-255,66,87080,44,350099
7637,0.001171,172.31.46.0-255,66,87146,44,350099
7638,0.001175,74.125.68.0-255,2184,89330,44,350099
7639,0.001177,172.31.46.0-255,66,89396,44,350099
7640,0.001248,74.125.68.0-255,1484,90880,44,350099
7641,0.001265,74.125.68.0-255,2902,93782,44,350099
7642,0.001269,172.31.46.0-255,66,93848,44,350099
7643,0.001301,74.125.68.0-255,2902,96750,44,350099
7644,0.001303,172.31.46.0-255,66,96816,44,350099
7645,0.001328,74.125.68.0-255,2902,99718,44,350099
7646,0.00133,172.31.46.0-255,66,99784,44,350099
7647,0.001348,172.31.46.0-255,66,99850,44,350099
7648,0.001362,172.31.46.0-255,66,99916,44,350099
7649,0.001714,74.125.68.0-255,1484,101400,44,350099
7650,0.001721,74.125.68.0-255,2902,104302,44,350099
7651,0.001724,172.31.46.0-255,66,104368,44,350099
7652,0.001751,74.125.68.0-255,5738,110106,44,350099
7653,0.001754,172.31.46.0-255,66,110172,44,350099
7654,0.00176,74.125.68.0-255,2902,113074,44,350099
7655,0.001762,172.31.46.0-255,66,113140,44,350099
7656,0.001781,74.125.68.0-255,4320,117460,44,350099
7657,0.001788,172.31.46.0-255,66,117526,44,350099
7658,0.001792,74.125.68.0-255,2902,120428,44,350099
7659,0.001794,172.31.46.0-255,66,120494,44,350099
7660,0.001827,74.125.68.0-255,5738,126232,44,350099
7661,0.00183,172.31.46.0-255,66,126298,44,350099
7662,0.00184,172.31.46.0-255,66,126364,44,350099
7663,0.001997,74.125.68.0-255,1484,127848,44,350099
7664,0.002014,74.125.68.0-255,2902,130750,44,350099
7665,0.002017,172.31.46.0-255,66,130816,44,350099
7666,0.002049,74.125.68.0-255,5738,136554,44,350099
7667,0.002052,172.31.46.0-255,66,136620,44,350099
7668,0.002093,172.31.46.0-255,66,136686,44,350099
7669,0.002119,74.125.68.0-255,4320,141006,44,350099
7670,0.002121,172.31.46.0-255,66,141072,44,350099
7671,0.002154,74.125.68.0-255,6438,147510,44,350099
7672,0.002157,172.31.46.0-255,66,147576,44,350099
7673,0.00221,172.31.46.0-255,101,147677,44,350099
7674,0.004261,74.125.68.0-255,5738,153415,44,350099
7675,0.004268,172.31.46.0-255,66,153481,44,350099
7676,0.004273,74.125.68.0-255,66,153547,44,350099
7677,0.006363,74.125.68.0-255,1484,155031,44,350099
7678,0.006379,74.125.68.0-255,4320,159351,44,350099
7679,0.006383,172.31.46.0-255,66,159417,44,350099
7680,0.008477,74.125.68.0-255,5738,165155,44,350099
7681,0.008483,172.31.46.0-255,66,165221,44,350099
7682,0.010583,74.125.68.0-255,5738,170959,44,350099
7683,0.01059,172.31.46.0-255,66,171025,44,350099
7684,0.012697,74.125.68.0-255,5738,176763,44,350099
7685,0.012707,172.31.46.0-255,66,176829,44,350099
7686,0.014815,74.125.68.0-255,5738,182567,44,350099
7687,0.014822,172.31.46.0-255,66,182633,44,350099
7688,0.016929,74.125.68.0-255,5738,188371,44,350099
7689,0.016937,172.31.46.0-255,66,188437,44,350099
7690,0.019039,74.125.68.0-255,5738,194175,44,350099
7691,0.019046,172.31.46.0-255,66,194241,44,350099
7692,0.021167,74.125.68.0-255,5738,199979,44,350099
7693,0.021176,172.31.46.0-255,66,200045,44,350099
7694,0.023277,74.125.68.0-255,5738,205783,44,350099
7695,0.023283,172.31.46.0-255,66,205849,44,350099
7696,0.025397,74.125.68.0-255,5738,211587,44,350099
7697,0.025403,172.31.46.0-255,66,211653,44,350099
7698,0.027518,74.125.68.0-255,5738,217391,44,350099
7699,0.027526,172.31.46.0-255,66,217457,44,350099
7700,0.029642,74.125.68.0-255,4320,221777,44,350099
7701,0.02965,172.31.46.0-255,66,221843,44,350099
7702,0.029692,74.125.68.0-255,1484,223327,44,350099
7703,0.031753,74.125.68.0-255,4320,227647,44,350099
7704,0.03176,172.31.46.0-255,66,227713,44,350099
7705,0.033871,74.125.68.0-255,5738,233451,44,350099
7706,0.033878,172.31.46.0-255,66,233517,44,350099
7707,0.035933,172.31.46.0-255,172,233689,44,350099
7708,0.036018,74.125.68.0-255,5738,239427,44,350099
7709,0.036023,172.31.46.0-255,66,239493,44,350099
7710,0.036046,172.31.46.0-255,1114,240607,44,350099
7711,0.036155,172.31.46.0-255,1514,242121,44,350099
7712,0.036176,172.31.46.0-255,1514,243635,44,350099
7713,0.036179,172.31.46.0-255,1514,245149,44,350099
7714,0.036195,172.31.46.0-255,1514,246663,44,350099
7715,0.036202,172.31.46.0-255,1514,248177,44,350099
7716,0.036203,172.31.46.0-255,71,248248,44,350099
7717,0.037475,104.244.42.0-255,66,248314,44,350099
7718,0.037615,104.244.42.0-255,66,248380,44,350099
7719,0.037726,104.244.42.0-255,66,248446,44,350099
7720,0.037743,104.244.42.0-255,66,248512,44,350099
7721,0.037784,104.244.42.0-255,66,248578,44,350099
7722,0.03813,74.125.68.0-255,2902,251480,44,350099
7723,0.038134,172.31.46.0-255,66,251546,44,350099
7724,0.038163,74.125.68.0-255,2902,254448,44,350099
7725,0.038166,172.31.46.0-255,66,254514,44,350099
7726,0.040241,74.125.68.0-255,2902,257416,44,350099
7727,0.040248,172.31.46.0-255,66,257482,44,350099
7728,0.040269,74.125.68.0-255,2902,260384,44,350099
7729,0.040272,172.31.46.0-255,66,260450,44,350099
7730,0.042367,74.125.68.0-255,5738,266188,44,350099
7731,0.042373,172.31.46.0-255,66,266254,44,350099
7732,0.044477,74.125.68.0-255,4320,270574,44,350099
7733,0.044483,172.31.46.0-255,66,270640,44,350099
7734,0.044495,74.125.68.0-255,1484,272124,44,350099
7735,0.046588,74.125.68.0-255,4320,276444,44,350099
7736,0.046594,172.31.46.0-255,66,276510,44,350099
7737,0.048711,74.125.68.0-255,5738,282248,44,350099
7738,0.048718,172.31.46.0-255,66,282314,44,350099
7739,0.050834,74.125.68.0-255,5738,288052,44,350099
7740,0.05084,172.31.46.0-255,66,288118,44,350099
7741,0.052985,74.125.68.0-255,5738,293856,44,350099
7742,0.052991,172.31.46.0-255,66,293922,44,350099
7743,0.055112,74.125.68.0-255,5738,299660,44,350099
7744,0.055118,172.31.46.0-255,66,299726,44,350099
7745,0.057248,74.125.68.0-255,5738,305464,44,350099
7746,0.057255,172.31.46.0-255,66,305530,44,350099
7747,0.059369,74.125.68.0-255,5738,311268,44,350099
7748,0.059376,172.31.46.0-255,66,311334,44,350099
7749,0.061486,74.125.68.0-255,5738,317072,44,350099
7750,0.061493,172.31.46.0-255,66,317138,44,350099
7751,0.063602,74.125.68.0-255,5738,322876,44,350099
7752,0.063608,172.31.46.0-255,66,322942,44,350099
7753,0.065727,74.125.68.0-255,5738,328680,44,350099
7754,0.065733,172.31.46.0-255,66,328746,44,350099
7755,0.067847,74.125.68.0-255,5738,334484,44,350099
7756,0.067853,172.31.46.0-255,66,334550,44,350099
7757,0.07002,74.125.68.0-255,5738,340288,44,350099
7758,0.070027,172.31.46.0-255,66,340354,44,350099
7759,0.072144,74.125.68.0-255,5738,346092,44,350099
7760,0.07215,172.31.46.0-255,66,346158,44,350099
7761,0.074252,74.125.68.0-255,3704,349862,44,350099
7762,0.074259,172.31.46.0-255,66,349928,44,350099
7763,0.074458,172.31.46.0-255,105,350033,44,350099
7764,0.081946,74.125.68.0-255,66,350099,44,350099
7765,0.0,74.125.24.0-255,153,153,44,388982
7766,1.5e-05,172.31.46.0-255,66,219,44,388982
7767,2.1e-05,74.125.24.0-255,1484,1703,44,388982
7768,2.5e-05,172.31.46.0-255,66,1769,44,388982
7769,3.1e-05,74.125.24.0-255,2902,4671,44,388982
7770,3.4e-05,172.31.46.0-255,66,4737,44,388982
7771,3.7e-05,74.125.24.0-255,1484,6221,44,388982
7772,4e-05,172.31.46.0-255,66,6287,44,388982
7773,4.7e-05,74.125.24.0-255,5738,12025,44,388982
7774,5e-05,172.31.46.0-255,66,12091,44,388982
7775,9.8e-05,74.125.24.0-255,2084,14175,44,388982
7776,0.0001,172.31.46.0-255,66,14241,44,388982
7777,0.000183,74.125.24.0-255,1484,15725,44,388982
7778,0.000187,172.31.46.0-255,66,15791,44,388982
7779,0.000191,74.125.24.0-255,2902,18693,44,388982
7780,0.000194,172.31.46.0-255,66,18759,44,388982
7781,0.0002,74.125.24.0-255,5738,24497,44,388982
7782,0.000203,172.31.46.0-255,66,24563,44,388982
7783,0.000209,74.125.24.0-255,5738,30301,44,388982
7784,0.000212,172.31.46.0-255,66,30367,44,388982
7785,0.000236,74.125.24.0-255,2902,33269,44,388982
7786,0.000239,172.31.46.0-255,66,33335,44,388982
7787,0.000263,74.125.24.0-255,5379,38714,44,388982
7788,0.000267,172.31.46.0-255,66,38780,44,388982
7789,0.000274,74.125.24.0-255,7156,45936,44,388982
7790,0.000277,172.31.46.0-255,66,46002,44,388982
7791,0.000299,74.125.24.0-255,1484,47486,44,388982
7792,0.000301,172.31.46.0-255,66,47552,44,388982
7793,0.000304,74.125.24.0-255,1125,48677,44,388982
7794,0.000306,172.31.46.0-255,66,48743,44,388982
7795,0.000328,74.125.24.0-255,1484,50227,44,388982
7796,0.00033,172.31.46.0-255,66,50293,44,388982
7797,0.000336,74.125.24.0-255,4320,54613,44,388982
7798,0.000338,172.31.46.0-255,66,54679,44,388982
7799,0.000343,74.125.24.0-255,2902,57581,44,388982
7800,0.000346,172.31.46.0-255,66,57647,44,388982
7801,0.000387,74.125.24.0-255,4320,61967,44,388982
7802,0.00039,172.31.46.0-255,66,62033,44,388982
7803,0.000412,74.125.24.0-255,4541,66574,44,388982
7804,0.000414,172.31.46.0-255,66,66640,44,388982
7805,0.000495,74.125.24.0-255,1484,68124,44,388982
7806,0.0005,74.125.24.0-255,2902,71026,44,388982
7807,0.000503,172.31.46.0-255,66,71092,44,388982
7808,0.000508,74.125.24.0-255,2902,73994,44,388982
7809,0.000509,172.31.46.0-255,66,74060,44,388982
7810,0.000522,74.125.24.0-255,2902,76962,44,388982
7811,0.000527,172.31.46.0-255,66,77028,44,388982
7812,0.000537,74.125.24.0-255,1484,78512,44,388982
7813,0.000556,74.125.24.0-255,4830,83342,44,388982
7814,0.000559,172.31.46.0-255,66,83408,44,388982
7815,0.000684,74.125.24.0-255,1484,84892,44,388982
7816,0.00069,74.125.24.0-255,2902,87794,44,388982
7817,0.000693,172.31.46.0-255,66,87860,44,388982
7818,0.000697,74.125.24.0-255,1484,89344,44,388982
7819,0.000716,74.125.24.0-255,4320,93664,44,388982
7820,0.000718,172.31.46.0-255,66,93730,44,388982
7821,0.000733,74.125.24.0-255,1484,95214,44,388982
7822,0.000754,74.125.24.0-255,5379,100593,44,388982
7823,0.000757,172.31.46.0-255,66,100659,44,388982
7824,0.000809,74.125.24.0-255,1484,102143,44,388982
7825,0.000823,74.125.24.0-255,1484,103627,44,388982
7826,0.000826,172.31.46.0-255,66,103693,44,388982
7827,0.000844,74.125.24.0-255,1484,105177,44,388982
7828,0.000851,74.125.24.0-255,5738,110915,44,388982
7829,0.000853,172.31.46.0-255,66,110981,44,388982
7830,0.000856,74.125.24.0-255,1484,112465,44,388982
7831,0.000889,74.125.24.0-255,5379,117844,44,388982
7832,0.000892,172.31.46.0-255,66,117910,44,388982
7833,0.001278,74.125.24.0-255,1484,119394,44,388982
7834,0.001304,74.125.24.0-255,2902,122296,44,388982
7835,0.001308,172.31.46.0-255,66,122362,44,388982
7836,0.001315,74.125.24.0-255,5738,128100,44,388982
7837,0.001317,172.31.46.0-255,66,128166,44,388982
7838,0.001341,172.31.46.0-255,66,128232,44,388982
7839,0.00137,74.125.24.0-255,2902,131134,44,388982
7840,0.001372,172.31.46.0-255,66,131200,44,388982
7841,0.001383,172.31.46.0-255,66,131266,44,388982
7842,0.001387,74.125.24.0-255,2184,133450,44,388982
7843,0.001389,172.31.46.0-255,66,133516,44,388982
7844,0.001897,74.125.24.0-255,1484,135000,44,388982
7845,0.001906,74.125.24.0-255,2902,137902,44,388982
7846,0.00191,172.31.46.0-255,66,137968,44,388982
7847,0.001914,74.125.24.0-255,1484,139452,44,388982
7848,0.001935,74.125.24.0-255,5738,145190,44,388982
7849,0.001937,172.31.46.0-255,66,145256,44,388982
7850,0.00196,74.125.24.0-255,7156,152412,44,388982
7851,0.001962,172.31.46.0-255,66,152478,44,388982
7852,0.00198,74.125.24.0-255,5738,158216,44,388982
7853,0.001983,172.31.46.0-255,66,158282,44,388982
7854,0.00199,74.125.24.0-255,7156,165438,44,388982
7855,0.001992,172.31.46.0-255,66,165504,44,388982
7856,0.002026,74.125.24.0-255,2184,167688,44,388982
7857,0.002029,172.31.46.0-255,66,167754,44,388982
7858,0.004231,74.125.24.0-255,2902,170656,44,388982
7859,0.004237,172.31.46.0-255,66,170722,44,388982
7860,0.004285,74.125.24.0-255,2902,173624,44,388982
7861,0.004287,172.31.46.0-255,66,173690,44,388982
7862,0.00651,74.125.24.0-255,2902,176592,44,388982
7863,0.006516,172.31.46.0-255,66,176658,44,388982
7864,0.006535,74.125.24.0-255,1484,178142,44,388982
7865,0.006548,74.125.24.0-255,1484,179626,44,388982
7866,0.00655,172.31.46.0-255,66,179692,44,388982
7867,0.008767,74.125.24.0-255,2902,182594,44,388982
7868,0.008775,172.31.46.0-255,66,182660,44,388982
7869,0.008797,74.125.24.0-255,2902,185562,44,388982
7870,0.0088,172.31.46.0-255,66,185628,44,388982
7871,0.011031,74.125.24.0-255,2902,188530,44,388982
7872,0.011038,172.31.46.0-255,66,188596,44,388982
7873,0.011069,74.125.24.0-255,2902,191498,44,388982
7874,0.011072,172.31.46.0-255,66,191564,44,388982
7875,0.013283,74.125.24.0-255,2902,194466,44,388982
7876,0.013292,172.31.46.0-255,66,194532,44,388982
7877,0.013319,74.125.24.0-255,2902,197434,44,388982
7878,0.013322,172.31.46.0-255,66,197500,44,388982
7879,0.015543,74.125.24.0-255,2902,200402,44,388982
7880,0.015551,172.31.46.0-255,66,200468,44,388982
7881,0.015572,74.125.24.0-255,2902,203370,44,388982
7882,0.015574,172.31.46.0-255,66,203436,44,388982
7883,0.017778,74.125.24.0-255,2902,206338,44,388982
7884,0.017785,172.31.46.0-255,66,206404,44,388982
7885,0.017817,74.125.24.0-255,2902,209306,44,388982
7886,0.01782,172.31.46.0-255,66,209372,44,388982
7887,0.020026,74.125.24.0-255,2902,212274,44,388982
7888,0.020032,172.31.46.0-255,66,212340,44,388982
7889,0.020066,74.125.24.0-255,2902,215242,44,388982
7890,0.020068,172.31.46.0-255,66,215308,44,388982
7891,0.022292,74.125.24.0-255,2902,218210,44,388982
7892,0.0223,172.31.46.0-255,66,218276,44,388982
7893,0.02232,74.125.24.0-255,2902,221178,44,388982
7894,0.022323,172.31.46.0-255,66,221244,44,388982
7895,0.02453,74.125.24.0-255,2902,224146,44,388982
7896,0.024537,172.31.46.0-255,66,224212,44,388982
7897,0.024557,74.125.24.0-255,2902,227114,44,388982
7898,0.024559,172.31.46.0-255,66,227180,44,388982
7899,0.026789,74.125.24.0-255,2902,230082,44,388982
7900,0.026797,172.31.46.0-255,66,230148,44,388982
7901,0.026835,74.125.24.0-255,2902,233050,44,388982
7902,0.026837,172.31.46.0-255,66,233116,44,388982
7903,0.029038,74.125.24.0-255,2902,236018,44,388982
7904,0.029044,172.31.46.0-255,66,236084,44,388982
7905,0.029078,74.125.24.0-255,2902,238986,44,388982
7906,0.029081,172.31.46.0-255,66,239052,44,388982
7907,0.029604,172.31.46.0-255,164,239216,44,388982
7908,0.029632,172.31.46.0-255,1123,240339,44,388982
7909,0.030379,172.31.46.0-255,1514,241853,44,388982
7910,0.030382,172.31.46.0-255,1514,243367,44,388982
7911,0.030383,172.31.46.0-255,1514,244881,44,388982
7912,0.030384,172.31.46.0-255,1514,246395,44,388982
7913,0.030414,172.31.46.0-255,1510,247905,44,388982
7914,0.031146,104.244.42.0-255,66,247971,44,388982
7915,0.031198,104.244.42.0-255,66,248037,44,388982
7916,0.03127,74.125.24.0-255,2902,250939,44,388982
7917,0.031275,172.31.46.0-255,66,251005,44,388982
7918,0.031312,74.125.24.0-255,2902,253907,44,388982
7919,0.031315,172.31.46.0-255,66,253973,44,388982
7920,0.031969,104.244.42.0-255,66,254039,44,388982
7921,0.033537,74.125.24.0-255,2902,256941,44,388982
7922,0.033544,172.31.46.0-255,66,257007,44,388982
7923,0.033566,74.125.24.0-255,2902,259909,44,388982
7924,0.033568,172.31.46.0-255,66,259975,44,388982
7925,0.035889,74.125.24.0-255,5738,265713,44,388982
7926,0.035896,172.31.46.0-255,66,265779,44,388982
7927,0.038157,74.125.24.0-255,5738,271517,44,388982
7928,0.038163,172.31.46.0-255,66,271583,44,388982
7929,0.040433,74.125.24.0-255,5738,277321,44,388982
7930,0.040439,172.31.46.0-255,66,277387,44,388982
7931,0.042683,74.125.24.0-255,5738,283125,44,388982
7932,0.04269,172.31.46.0-255,66,283191,44,388982
7933,0.044929,74.125.24.0-255,5738,288929,44,388982
7934,0.044935,172.31.46.0-255,66,288995,44,388982
7935,0.047202,74.125.24.0-255,5738,294733,44,388982
7936,0.047212,172.31.46.0-255,66,294799,44,388982
7937,0.049479,74.125.24.0-255,5738,300537,44,388982
7938,0.049486,172.31.46.0-255,66,300603,44,388982
7939,0.051741,74.125.24.0-255,5738,306341,44,388982
7940,0.051748,172.31.46.0-255,66,306407,44,388982
7941,0.05399,74.125.24.0-255,5738,312145,44,388982
7942,0.053998,172.31.46.0-255,66,312211,44,388982
7943,0.056258,74.125.24.0-255,5738,317949,44,388982
7944,0.056263,172.31.46.0-255,66,318015,44,388982
7945,0.058534,74.125.24.0-255,5738,323753,44,388982
7946,0.05854,172.31.46.0-255,66,323819,44,388982
7947,0.060796,74.125.24.0-255,5738,329557,44,388982
7948,0.060802,172.31.46.0-255,66,329623,44,388982
7949,0.063054,74.125.24.0-255,5738,335361,44,388982
7950,0.06306,172.31.46.0-255,66,335427,44,388982
7951,0.065295,74.125.24.0-255,5738,341165,44,388982
7952,0.0653,172.31.46.0-255,66,341231,44,388982
7953,0.067563,74.125.24.0-255,5738,346969,44,388982
7954,0.067569,172.31.46.0-255,66,347035,44,388982
7955,0.069827,74.125.24.0-255,5738,352773,44,388982
7956,0.069834,172.31.46.0-255,66,352839,44,388982
7957,0.072094,74.125.24.0-255,4320,357159,44,388982
7958,0.072101,172.31.46.0-255,66,357225,44,388982
7959,0.07212,74.125.24.0-255,1484,358709,44,388982
7960,0.074356,74.125.24.0-255,4320,363029,44,388982
7961,0.074362,172.31.46.0-255,66,363095,44,388982
7962,0.07659,74.125.24.0-255,5738,368833,44,388982
7963,0.076595,172.31.46.0-255,66,368899,44,388982
7964,0.078874,74.125.24.0-255,5738,374637,44,388982
7965,0.078879,172.31.46.0-255,66,374703,44,388982
7966,0.08117,74.125.24.0-255,5738,380441,44,388982
7967,0.081178,172.31.46.0-255,66,380507,44,388982
7968,0.083402,74.125.24.0-255,5738,386245,44,388982
7969,0.083408,172.31.46.0-255,66,386311,44,388982
7970,0.085659,74.125.24.0-255,2434,388745,44,388982
7971,0.085665,172.31.46.0-255,66,388811,44,388982
7972,0.085797,172.31.46.0-255,105,388916,44,388982
7973,0.088004,74.125.24.0-255,66,388982,44,388982
7974,0.0,74.125.200.0-255,150,150,44,409774
7975,2.1e-05,172.31.46.0-255,66,216,44,409774
7976,2.8e-05,74.125.200.0-255,1484,1700,44,409774
7977,3.3e-05,172.31.46.0-255,66,1766,44,409774
7978,3.8e-05,74.125.200.0-255,2902,4668,44,409774
7979,4.1e-05,172.31.46.0-255,66,4734,44,409774
7980,4.7e-05,74.125.200.0-255,5738,10472,44,409774
7981,5e-05,172.31.46.0-255,66,10538,44,409774
7982,5.5e-05,74.125.200.0-255,3498,14036,44,409774
7983,5.9e-05,172.31.46.0-255,66,14102,44,409774
7984,0.000105,74.125.200.0-255,1484,15586,44,409774
7985,0.000108,172.31.46.0-255,66,15652,44,409774
7986,0.000135,74.125.200.0-255,2902,18554,44,409774
7987,0.000138,172.31.46.0-255,66,18620,44,409774
7988,0.000144,74.125.200.0-255,5738,24358,44,409774
7989,0.000146,172.31.46.0-255,66,24424,44,409774
7990,0.000152,74.125.200.0-255,5738,30162,44,409774
7991,0.000154,172.31.46.0-255,66,30228,44,409774
7992,0.00019,74.125.200.0-255,2902,33130,44,409774
7993,0.000194,172.31.46.0-255,66,33196,44,409774
7994,0.000214,74.125.200.0-255,3961,37157,44,409774
7995,0.000216,172.31.46.0-255,66,37223,44,409774
7996,0.000219,74.125.200.0-255,1484,38707,44,409774
7997,0.000221,172.31.46.0-255,66,38773,44,409774
7998,0.000225,74.125.200.0-255,2902,41675,44,409774
7999,0.000228,172.31.46.0-255,66,41741,44,409774
8000,0.000234,74.125.200.0-255,5738,47479,44,409774
8001,0.000236,172.31.46.0-255,66,47545,44,409774
8002,0.000239,74.125.200.0-255,1125,48670,44,409774
8003,0.000241,172.31.46.0-255,66,48736,44,409774
8004,0.00029,74.125.200.0-255,1484,50220,44,409774
8005,0.000293,172.31.46.0-255,66,50286,44,409774
8006,0.000297,74.125.200.0-255,1484,51770,44,409774
8007,0.000316,74.125.200.0-255,1484,53254,44,409774
8008,0.000319,172.31.46.0-255,66,53320,44,409774
8009,0.000324,74.125.200.0-255,4320,57640,44,409774
8010,0.000327,172.31.46.0-255,66,57706,44,409774
8011,0.000359,74.125.200.0-255,4320,62026,44,409774
8012,0.000361,172.31.46.0-255,66,62092,44,409774
8013,0.000398,74.125.200.0-255,3961,66053,44,409774
8014,0.0004,172.31.46.0-255,66,66119,44,409774
8015,0.000403,74.125.200.0-255,649,66768,44,409774
8016,0.000438,74.125.200.0-255,1484,68252,44,409774
8017,0.000441,172.31.46.0-255,66,68318,44,409774
8018,0.000453,74.125.200.0-255,1484,69802,44,409774
8019,0.000478,74.125.200.0-255,2902,72704,44,409774
8020,0.000481,172.31.46.0-255,66,72770,44,409774
8021,0.000504,74.125.200.0-255,5738,78508,44,409774
8022,0.000506,172.31.46.0-255,66,78574,44,409774
8023,0.00051,74.125.200.0-255,1484,80058,44,409774
8024,0.000524,74.125.200.0-255,1484,81542,44,409774
8025,0.000526,172.31.46.0-255,66,81608,44,409774
8026,0.000544,74.125.200.0-255,1484,83092,44,409774
8027,0.000548,74.125.200.0-255,2902,85994,44,409774
8028,0.00055,172.31.46.0-255,66,86060,44,409774
8029,0.000571,74.125.200.0-255,2902,88962,44,409774
8030,0.000573,172.31.46.0-255,66,89028,44,409774
8031,0.000576,74.125.200.0-255,1484,90512,44,409774
8032,0.000589,74.125.200.0-255,1484,91996,44,409774
8033,0.000591,172.31.46.0-255,66,92062,44,409774
8034,0.000616,74.125.200.0-255,7156,99218,44,409774
8035,0.000618,172.31.46.0-255,66,99284,44,409774
8036,0.000622,74.125.200.0-255,2184,101468,44,409774
8037,0.000625,172.31.46.0-255,66,101534,44,409774
8038,0.000733,74.125.200.0-255,1484,103018,44,409774
8039,0.000753,74.125.200.0-255,2902,105920,44,409774
8040,0.000757,172.31.46.0-255,66,105986,44,409774
8041,0.000762,74.125.200.0-255,4320,110306,44,409774
8042,0.000765,172.31.46.0-255,66,110372,44,409774
8043,0.00079,74.125.200.0-255,5738,116110,44,409774
8044,0.000793,172.31.46.0-255,66,116176,44,409774
8045,0.000806,74.125.200.0-255,1873,118049,44,409774
8046,0.000809,172.31.46.0-255,66,118115,44,409774
8047,0.000905,74.125.200.0-255,215,118330,44,409774
8048,0.001067,74.125.200.0-255,1484,119814,44,409774
8049,0.001071,172.31.46.0-255,66,119880,44,409774
8050,0.001075,74.125.200.0-255,1484,121364,44,409774
8051,0.00109,74.125.200.0-255,1484,122848,44,409774
8052,0.001092,172.31.46.0-255,66,122914,44,409774
8053,0.001116,74.125.200.0-255,4320,127234,44,409774
8054,0.001118,172.31.46.0-255,66,127300,44,409774
8055,0.001157,74.125.200.0-255,1484,128784,44,409774
8056,0.001189,74.125.200.0-255,2902,131686,44,409774
8057,0.001192,172.31.46.0-255,66,131752,44,409774
8058,0.001225,74.125.200.0-255,1484,133236,44,409774
8059,0.001251,74.125.200.0-255,1484,134720,44,409774
8060,0.001254,172.31.46.0-255,66,134786,44,409774
8061,0.00127,74.125.200.0-255,2902,137688,44,409774
8062,0.001272,172.31.46.0-255,66,137754,44,409774
8063,0.001275,74.125.200.0-255,1484,139238,44,409774
8064,0.001295,74.125.200.0-255,4320,143558,44,409774
8065,0.001297,172.31.46.0-255,66,143624,44,409774
8066,0.001311,74.125.200.0-255,2902,146526,44,409774
8067,0.001314,172.31.46.0-255,66,146592,44,409774
8068,0.001346,74.125.200.0-255,4320,150912,44,409774
8069,0.001349,172.31.46.0-255,66,150978,44,409774
8070,0.001353,74.125.200.0-255,2184,153162,44,409774
8071,0.001355,172.31.46.0-255,66,153228,44,409774
8072,0.00155,74.125.200.0-255,1484,154712,44,409774
8073,0.001555,74.125.200.0-255,1484,156196,44,409774
8074,0.001558,172.31.46.0-255,66,156262,44,409774
8075,0.001562,74.125.200.0-255,1484,157746,44,409774
8076,0.001576,74.125.200.0-255,1484,159230,44,409774
8077,0.001578,172.31.46.0-255,66,159296,44,409774
8078,0.001581,74.125.200.0-255,1484,160780,44,409774
8079,0.001604,74.125.200.0-255,4320,165100,44,409774
8080,0.001607,172.31.46.0-255,66,165166,44,409774
8081,0.001614,74.125.200.0-255,7156,172322,44,409774
8082,0.001617,172.31.46.0-255,66,172388,44,409774
8083,0.001646,74.125.200.0-255,2902,175290,44,409774
8084,0.001649,172.31.46.0-255,66,175356,44,409774
8085,0.001671,74.125.200.0-255,5738,181094,44,409774
8086,0.001674,172.31.46.0-255,66,181160,44,409774
8087,0.001677,74.125.200.0-255,1484,182644,44,409774
8088,0.001723,74.125.200.0-255,2902,185546,44,409774
8089,0.001726,172.31.46.0-255,66,185612,44,409774
8090,0.001745,74.125.200.0-255,2184,187796,44,409774
8091,0.001748,172.31.46.0-255,66,187862,44,409774
8092,0.001945,74.125.200.0-255,1484,189346,44,409774
8093,0.001953,74.125.200.0-255,2902,192248,44,409774
8094,0.001958,172.31.46.0-255,66,192314,44,409774
8095,0.001989,74.125.200.0-255,1484,193798,44,409774
8096,0.002008,74.125.200.0-255,2902,196700,44,409774
8097,0.002011,172.31.46.0-255,66,196766,44,409774
8098,0.002023,74.125.200.0-255,1484,198250,44,409774
8099,0.002044,74.125.200.0-255,2902,201152,44,409774
8100,0.002047,172.31.46.0-255,66,201218,44,409774
8101,0.002082,74.125.200.0-255,1484,202702,44,409774
8102,0.002102,74.125.200.0-255,2902,205604,44,409774
8103,0.002105,172.31.46.0-255,66,205670,44,409774
8104,0.002124,74.125.200.0-255,2902,208572,44,409774
8105,0.002127,172.31.46.0-255,66,208638,44,409774
8106,0.002146,74.125.200.0-255,4320,212958,44,409774
8107,0.002148,172.31.46.0-255,66,213024,44,409774
8108,0.002166,74.125.200.0-255,2902,215926,44,409774
8109,0.002169,172.31.46.0-255,66,215992,44,409774
8110,0.002184,74.125.200.0-255,5738,221730,44,409774
8111,0.002187,172.31.46.0-255,66,221796,44,409774
8112,0.002202,74.125.200.0-255,766,222562,44,409774
8113,0.004505,74.125.200.0-255,4320,226882,44,409774
8114,0.004513,172.31.46.0-255,66,226948,44,409774
8115,0.006829,74.125.200.0-255,5738,232686,44,409774
8116,0.006835,172.31.46.0-255,66,232752,44,409774
8117,0.009156,74.125.200.0-255,5738,238490,44,409774
8118,0.009162,172.31.46.0-255,66,238556,44,409774
8119,0.011482,74.125.200.0-255,5738,244294,44,409774
8120,0.01149,172.31.46.0-255,66,244360,44,409774
8121,0.013819,74.125.200.0-255,5738,250098,44,409774
8122,0.013826,172.31.46.0-255,66,250164,44,409774
8123,0.016164,74.125.200.0-255,5738,255902,44,409774
8124,0.016173,172.31.46.0-255,66,255968,44,409774
8125,0.018501,74.125.200.0-255,5738,261706,44,409774
8126,0.018509,172.31.46.0-255,66,261772,44,409774
8127,0.020834,74.125.200.0-255,5738,267510,44,409774
8128,0.020842,172.31.46.0-255,66,267576,44,409774
8129,0.023171,74.125.200.0-255,5738,273314,44,409774
8130,0.023179,172.31.46.0-255,66,273380,44,409774
8131,0.025513,74.125.200.0-255,5738,279118,44,409774
8132,0.025522,172.31.46.0-255,66,279184,44,409774
8133,0.027845,74.125.200.0-255,4320,283504,44,409774
8134,0.027853,172.31.46.0-255,66,283570,44,409774
8135,0.027872,74.125.200.0-255,1484,285054,44,409774
8136,0.030176,74.125.200.0-255,4320,289374,44,409774
8137,0.030183,172.31.46.0-255,66,289440,44,409774
8138,0.032503,74.125.200.0-255,5738,295178,44,409774
8139,0.03251,172.31.46.0-255,66,295244,44,409774
8140,0.034831,74.125.200.0-255,5738,300982,44,409774
8141,0.034839,172.31.46.0-255,66,301048,44,409774
8142,0.037156,74.125.200.0-255,5738,306786,44,409774
8143,0.037164,172.31.46.0-255,66,306852,44,409774
8144,0.038825,172.31.46.0-255,172,307024,44,409774
8145,0.03886,172.31.46.0-255,1114,308138,44,409774
8146,0.038927,172.31.46.0-255,1514,309652,44,409774
8147,0.038929,172.31.46.0-255,1514,311166,44,409774
8148,0.03893,172.31.46.0-255,1514,312680,44,409774
8149,0.038932,172.31.46.0-255,1514,314194,44,409774
8150,0.038933,172.31.46.0-255,1514,315708,44,409774
8151,0.03896,172.31.46.0-255,70,315778,44,409774
8152,0.03949,74.125.200.0-255,5738,321516,44,409774
8153,0.039497,172.31.46.0-255,66,321582,44,409774
8154,0.040347,104.244.42.0-255,66,321648,44,409774
8155,0.040401,104.244.42.0-255,66,321714,44,409774
8156,0.040498,104.244.42.0-255,66,321780,44,409774
8157,0.040505,104.244.42.0-255,66,321846,44,409774
8158,0.041819,74.125.200.0-255,5738,327584,44,409774
8159,0.041825,172.31.46.0-255,66,327650,44,409774
8160,0.044154,74.125.200.0-255,5738,333388,44,409774
8161,0.044161,172.31.46.0-255,66,333454,44,409774
8162,0.046509,74.125.200.0-255,5738,339192,44,409774
8163,0.046516,172.31.46.0-255,66,339258,44,409774
8164,0.048889,74.125.200.0-255,5738,344996,44,409774
8165,0.048895,172.31.46.0-255,66,345062,44,409774
8166,0.051249,74.125.200.0-255,5738,350800,44,409774
8167,0.051256,172.31.46.0-255,66,350866,44,409774
8168,0.053591,74.125.200.0-255,5738,356604,44,409774
8169,0.053598,172.31.46.0-255,66,356670,44,409774
8170,0.055942,74.125.200.0-255,5738,362408,44,409774
8171,0.055949,172.31.46.0-255,66,362474,44,409774
8172,0.058286,74.125.200.0-255,5738,368212,44,409774
8173,0.058293,172.31.46.0-255,66,368278,44,409774
8174,0.060627,74.125.200.0-255,5738,374016,44,409774
8175,0.060634,172.31.46.0-255,66,374082,44,409774
8176,0.062953,74.125.200.0-255,5738,379820,44,409774
8177,0.062959,172.31.46.0-255,66,379886,44,409774
8178,0.065291,74.125.200.0-255,5738,385624,44,409774
8179,0.065298,172.31.46.0-255,66,385690,44,409774
8180,0.067645,74.125.200.0-255,5738,391428,44,409774
8181,0.067651,172.31.46.0-255,66,391494,44,409774
8182,0.07,74.125.200.0-255,5738,397232,44,409774
8183,0.070006,172.31.46.0-255,66,397298,44,409774
8184,0.072343,74.125.200.0-255,5738,403036,44,409774
8185,0.072349,172.31.46.0-255,66,403102,44,409774
8186,0.074679,74.125.200.0-255,5738,408840,44,409774
8187,0.074685,172.31.46.0-255,66,408906,44,409774
8188,0.076982,74.125.200.0-255,631,409537,44,409774
8189,0.077123,172.31.46.0-255,66,409603,44,409774
8190,0.077161,172.31.46.0-255,105,409708,44,409774
8191,0.079454,74.125.200.0-255,66,409774,44,409774
8192,0.0,74.125.24.0-255,146,146,44,164683
8193,2.3e-05,172.31.46.0-255,66,212,44,164683
8194,3e-05,74.125.24.0-255,1484,1696,44,164683
8195,3.5e-05,172.31.46.0-255,66,1762,44,164683
8196,4.9e-05,74.125.24.0-255,2902,4664,44,164683
8197,5.3e-05,172.31.46.0-255,66,4730,44,164683
8198,5.9e-05,74.125.24.0-255,5738,10468,44,164683
8199,6.2e-05,172.31.46.0-255,66,10534,44,164683
8200,6.7e-05,74.125.24.0-255,2902,13436,44,164683
8201,7e-05,172.31.46.0-255,66,13502,44,164683
8202,0.000111,172.31.46.0-255,66,13568,44,164683
8203,0.000118,74.125.24.0-255,6797,20365,44,164683
8204,0.000121,172.31.46.0-255,66,20431,44,164683
8205,0.0002,74.125.24.0-255,1484,21915,44,164683
8206,0.000203,172.31.46.0-255,66,21981,44,164683
8207,0.000208,74.125.24.0-255,2902,24883,44,164683
8208,0.00021,172.31.46.0-255,66,24949,44,164683
8209,0.000217,74.125.24.0-255,5738,30687,44,164683
8210,0.000224,172.31.46.0-255,66,30753,44,164683
8211,0.000271,172.31.46.0-255,66,30819,44,164683
8212,0.000287,172.31.46.0-255,66,30885,44,164683
8213,0.00038,74.125.24.0-255,133,31018,44,164683
8214,0.000383,172.31.46.0-255,66,31084,44,164683
8215,0.000485,74.125.24.0-255,1484,32568,44,164683
8216,0.000489,172.31.46.0-255,66,32634,44,164683
8217,0.000494,74.125.24.0-255,2902,35536,44,164683
8218,0.000497,172.31.46.0-255,66,35602,44,164683
8219,0.000508,74.125.24.0-255,5738,41340,44,164683
8220,0.00051,172.31.46.0-255,66,41406,44,164683
8221,0.000538,74.125.24.0-255,2902,44308,44,164683
8222,0.00054,172.31.46.0-255,66,44374,44,164683
8223,0.00056,74.125.24.0-255,3961,48335,44,164683
8224,0.000562,172.31.46.0-255,66,48401,44,164683
8225,0.000596,74.125.24.0-255,4320,52721,44,164683
8226,0.000599,172.31.46.0-255,66,52787,44,164683
8227,0.000612,74.125.24.0-255,2902,55689,44,164683
8228,0.000614,172.31.46.0-255,66,55755,44,164683
8229,0.00063,172.31.46.0-255,66,55821,44,164683
8230,0.000653,74.125.24.0-255,1125,56946,44,164683
8231,0.000713,74.125.24.0-255,1484,58430,44,164683
8232,0.000716,172.31.46.0-255,66,58496,44,164683
8233,0.000721,74.125.24.0-255,2902,61398,44,164683
8234,0.000724,172.31.46.0-255,66,61464,44,164683
8235,0.000752,74.125.24.0-255,5738,67202,44,164683
8236,0.000755,172.31.46.0-255,66,67268,44,164683
8237,0.000784,172.31.46.0-255,66,67334,44,164683
8238,0.000813,74.125.24.0-255,2902,70236,44,164683
8239,0.000816,172.31.46.0-255,66,70302,44,164683
8240,0.000829,172.31.46.0-255,66,70368,44,164683
8241,0.001032,74.125.24.0-255,1484,71852,44,164683
8242,0.001037,74.125.24.0-255,1484,73336,44,164683
8243,0.001039,172.31.46.0-255,66,73402,44,164683
8244,0.001054,74.125.24.0-255,1484,74886,44,164683
8245,0.001065,74.125.24.0-255,5738,80624,44,164683
8246,0.001067,172.31.46.0-255,66,80690,44,164683
8247,0.001073,74.125.24.0-255,7156,87846,44,164683
8248,0.001075,172.31.46.0-255,66,87912,44,164683
8249,0.001122,172.31.46.0-255,66,87978,44,164683
8250,0.001128,74.125.24.0-255,5020,92998,44,164683
8251,0.001131,172.31.46.0-255,66,93064,44,164683
8252,0.001137,74.125.24.0-255,5738,98802,44,164683
8253,0.001142,74.125.24.0-255,2902,101704,44,164683
8254,0.001147,172.31.46.0-255,66,101770,44,164683
8255,0.001149,172.31.46.0-255,66,101836,44,164683
8256,0.001186,172.31.46.0-255,66,101902,44,164683
8257,0.001197,172.31.46.0-255,66,101968,44,164683
8258,0.001227,74.125.24.0-255,2184,104152,44,164683
8259,0.001229,172.31.46.0-255,66,104218,44,164683
8260,0.001235,74.125.24.0-255,3187,107405,44,164683
8261,0.001237,172.31.46.0-255,66,107471,44,164683
8262,0.001245,74.125.24.0-255,7156,114627,44,164683
8263,0.001247,172.31.46.0-255,66,114693,44,164683
8264,0.001318,172.31.46.0-255,66,114759,44,164683
8265,0.001321,172.31.46.0-255,66,114825,44,164683
8266,0.001338,172.31.46.0-255,66,114891,44,164683
8267,0.001354,172.31.46.0-255,66,114957,44,164683
8268,0.001429,172.31.46.0-255,66,115023,44,164683
8269,0.001669,74.125.24.0-255,1484,116507,44,164683
8270,0.001688,74.125.24.0-255,2902,119409,44,164683
8271,0.001693,74.125.24.0-255,4320,123729,44,164683
8272,0.001699,172.31.46.0-255,66,123795,44,164683
8273,0.001713,172.31.46.0-255,66,123861,44,164683
8274,0.001716,74.125.24.0-255,1484,125345,44,164683
8275,0.001723,74.125.24.0-255,4320,129665,44,164683
8276,0.001725,172.31.46.0-255,66,129731,44,164683
8277,0.00176,172.31.46.0-255,66,129797,44,164683
8278,0.001763,74.125.24.0-255,1484,131281,44,164683
8279,0.001768,74.125.24.0-255,4320,135601,44,164683
8280,0.00177,172.31.46.0-255,66,135667,44,164683
8281,0.001796,74.125.24.0-255,5020,140687,44,164683
8282,0.001799,172.31.46.0-255,66,140753,44,164683
8283,0.001833,172.31.46.0-255,66,140819,44,164683
8284,0.00184,74.125.24.0-255,4320,145139,44,164683
8285,0.001842,172.31.46.0-255,66,145205,44,164683
8286,0.001869,74.125.24.0-255,5738,150943,44,164683
8287,0.001872,172.31.46.0-255,66,151009,44,164683
8288,0.001884,172.31.46.0-255,66,151075,44,164683
8289,0.001935,172.31.46.0-255,66,151141,44,164683
8290,0.001953,172.31.46.0-255,66,151207,44,164683
8291,0.001969,172.31.46.0-255,66,151273,44,164683
8292,0.001989,74.125.24.0-255,4874,156147,44,164683
8293,0.001995,172.31.46.0-255,66,156213,44,164683
8294,0.001997,172.31.46.0-255,66,156279,44,164683
8295,0.002022,74.125.24.0-255,105,156384,44,164683
8296,0.002418,172.31.46.0-255,101,156485,44,164683
8297,0.004647,74.125.24.0-255,66,156551,44,164683
8298,0.00961,172.31.46.0-255,105,156656,44,164683
8299,0.011865,74.125.24.0-255,66,156722,44,164683
8300,0.039415,172.31.46.0-255,171,156893,44,164683
8301,0.039447,172.31.46.0-255,1133,158026,44,164683
8302,0.039501,172.31.46.0-255,1514,159540,44,164683
8303,0.039502,172.31.46.0-255,1514,161054,44,164683
8304,0.039507,172.31.46.0-255,1514,162568,44,164683
8305,0.039509,172.31.46.0-255,1514,164082,44,164683
8306,0.039538,172.31.46.0-255,337,164419,44,164683
8307,0.040976,104.244.42.0-255,66,164485,44,164683
8308,0.041008,104.244.42.0-255,66,164551,44,164683
8309,0.041078,104.244.42.0-255,66,164617,44,164683
8310,0.041081,104.244.42.0-255,66,164683,44,164683
8311,0.0,172.31.46.0-255,105,105,44,525
8312,0.000164,172.31.46.0-255,90,195,44,525
8313,0.000185,172.31.46.0-255,66,261,44,525
8314,0.002769,74.125.200.0-255,66,327,44,525
8315,0.00279,74.125.200.0-255,66,393,44,525
8316,0.002795,172.31.46.0-255,66,459,44,525
8317,0.002798,74.125.200.0-255,66,525,44,525
8318,0.0,74.125.24.0-255,290,290,44,228853
8319,1.6e-05,172.31.46.0-255,66,356,44,228853
8320,2.3e-05,74.125.24.0-255,1484,1840,44,228853
8321,2.9e-05,172.31.46.0-255,66,1906,44,228853
8322,3.6e-05,74.125.24.0-255,4320,6226,44,228853
8323,4e-05,172.31.46.0-255,66,6292,44,228853
8324,5.4e-05,172.31.46.0-255,66,6358,44,228853
8325,7.9e-05,74.125.24.0-255,1484,7842,44,228853
8326,8.2e-05,172.31.46.0-255,66,7908,44,228853
8327,0.000116,172.31.46.0-255,66,7974,44,228853
8328,0.000122,74.125.24.0-255,5379,13353,44,228853
8329,0.000125,172.31.46.0-255,66,13419,44,228853
8330,0.000147,74.125.24.0-255,1484,14903,44,228853
8331,0.000149,172.31.46.0-255,66,14969,44,228853
8332,0.000154,74.125.24.0-255,2902,17871,44,228853
8333,0.000156,172.31.46.0-255,66,17937,44,228853
8334,0.000163,74.125.24.0-255,5738,23675,44,228853
8335,0.000166,172.31.46.0-255,66,23741,44,228853
8336,0.000203,172.31.46.0-255,66,23807,44,228853
8337,0.000216,74.125.24.0-255,1484,25291,44,228853
8338,0.000218,172.31.46.0-255,66,25357,44,228853
8339,0.000231,172.31.46.0-255,66,25423,44,228853
8340,0.000234,74.125.24.0-255,355,25778,44,228853
8341,0.000236,172.31.46.0-255,66,25844,44,228853
8342,0.000289,74.125.24.0-255,387,26231,44,228853
8343,0.000292,172.31.46.0-255,66,26297,44,228853
8344,0.000538,74.125.24.0-255,1484,27781,44,228853
8345,0.000545,172.31.46.0-255,66,27847,44,228853
8346,0.000588,74.125.24.0-255,2902,30749,44,228853
8347,0.000594,74.125.24.0-255,5738,36487,44,228853
8348,0.000618,172.31.46.0-255,66,36553,44,228853
8349,0.000621,172.31.46.0-255,66,36619,44,228853
8350,0.000624,172.31.46.0-255,66,36685,44,228853
8351,0.000633,172.31.46.0-255,66,36751,44,228853
8352,0.000638,74.125.24.0-255,2184,38935,44,228853
8353,0.00064,172.31.46.0-255,66,39001,44,228853
8354,0.000957,74.125.24.0-255,1484,40485,44,228853
8355,0.000966,74.125.24.0-255,2902,43387,44,228853
8356,0.00097,172.31.46.0-255,66,43453,44,228853
8357,0.000978,74.125.24.0-255,5738,49191,44,228853
8358,0.00098,172.31.46.0-255,66,49257,44,228853
8359,0.00101,172.31.46.0-255,66,49323,44,228853
8360,0.001033,74.125.24.0-255,1484,50807,44,228853
8361,0.001041,74.125.24.0-255,7156,57963,44,228853
8362,0.001044,172.31.46.0-255,66,58029,44,228853
8363,0.001068,74.125.24.0-255,4320,62349,44,228853
8364,0.001071,172.31.46.0-255,66,62415,44,228853
8365,0.001102,172.31.46.0-255,66,62481,44,228853
8366,0.001138,172.31.46.0-255,66,62547,44,228853
8367,0.001161,74.125.24.0-255,3602,66149,44,228853
8368,0.001164,172.31.46.0-255,66,66215,44,228853
8369,0.001184,74.125.24.0-255,1484,67699,44,228853
8370,0.001204,74.125.24.0-255,2902,70601,44,228853
8371,0.001207,172.31.46.0-255,66,70667,44,228853
8372,0.001214,74.125.24.0-255,5738,76405,44,228853
8373,0.001216,172.31.46.0-255,66,76471,44,228853
8374,0.001251,74.125.24.0-255,7156,83627,44,228853
8375,0.001255,172.31.46.0-255,66,83693,44,228853
8376,0.00127,172.31.46.0-255,66,83759,44,228853
8377,0.001274,74.125.24.0-255,2184,85943,44,228853
8378,0.001276,172.31.46.0-255,66,86009,44,228853
8379,0.001351,74.125.24.0-255,1484,87493,44,228853
8380,0.001355,74.125.24.0-255,1484,88977,44,228853
8381,0.001358,172.31.46.0-255,66,89043,44,228853
8382,0.001379,74.125.24.0-255,1484,90527,44,228853
8383,0.001386,74.125.24.0-255,5738,96265,44,228853
8384,0.001389,172.31.46.0-255,66,96331,44,228853
8385,0.001395,74.125.24.0-255,4320,100651,44,228853
8386,0.001398,172.31.46.0-255,66,100717,44,228853
8387,0.001424,172.31.46.0-255,66,100783,44,228853
8388,0.001437,172.31.46.0-255,66,100849,44,228853
8389,0.001549,74.125.24.0-255,1484,102333,44,228853
8390,0.001556,74.125.24.0-255,2902,105235,44,228853
8391,0.001559,172.31.46.0-255,66,105301,44,228853
8392,0.001567,74.125.24.0-255,5738,111039,44,228853
8393,0.00157,172.31.46.0-255,66,111105,44,228853
8394,0.001575,74.125.24.0-255,4320,115425,44,228853
8395,0.001577,172.31.46.0-255,66,115491,44,228853
8396,0.001614,172.31.46.0-255,66,115557,44,228853
8397,0.00165,172.31.46.0-255,66,115623,44,228853
8398,0.001716,74.125.24.0-255,1484,117107,44,228853
8399,0.001721,74.125.24.0-255,2902,120009,44,228853
8400,0.001724,172.31.46.0-255,66,120075,44,228853
8401,0.00173,74.125.24.0-255,4320,124395,44,228853
8402,0.001733,172.31.46.0-255,66,124461,44,228853
8403,0.001745,74.125.24.0-255,1484,125945,44,228853
8404,0.001749,74.125.24.0-255,2902,128847,44,228853
8405,0.001752,172.31.46.0-255,66,128913,44,228853
8406,0.001793,172.31.46.0-255,66,128979,44,228853
8407,0.001805,172.31.46.0-255,66,129045,44,228853
8408,0.00409,74.125.24.0-255,5738,134783,44,228853
8409,0.004097,172.31.46.0-255,66,134849,44,228853
8410,0.006354,74.125.24.0-255,5738,140587,44,228853
8411,0.006368,172.31.46.0-255,66,140653,44,228853
8412,0.008643,74.125.24.0-255,5738,146391,44,228853
8413,0.008657,172.31.46.0-255,66,146457,44,228853
8414,0.01096,74.125.24.0-255,5738,152195,44,228853
8415,0.010971,172.31.46.0-255,66,152261,44,228853
8416,0.013269,74.125.24.0-255,5738,157999,44,228853
8417,0.013278,172.31.46.0-255,66,158065,44,228853
8418,0.015556,74.125.24.0-255,5738,163803,44,228853
8419,0.015564,172.31.46.0-255,66,163869,44,228853
8420,0.017821,74.125.24.0-255,5738,169607,44,228853
8421,0.017828,172.31.46.0-255,66,169673,44,228853
8422,0.02011,74.125.24.0-255,5738,175411,44,228853
8423,0.020122,172.31.46.0-255,66,175477,44,228853
8424,0.022402,74.125.24.0-255,5738,181215,44,228853
8425,0.022409,172.31.46.0-255,66,181281,44,228853
8426,0.024693,74.125.24.0-255,5738,187019,44,228853
8427,0.024702,172.31.46.0-255,66,187085,44,228853
8428,0.026961,74.125.24.0-255,5738,192823,44,228853
8429,0.026969,172.31.46.0-255,66,192889,44,228853
8430,0.029236,74.125.24.0-255,5738,198627,44,228853
8431,0.02925,172.31.46.0-255,66,198693,44,228853
8432,0.031557,74.125.24.0-255,5738,204431,44,228853
8433,0.031568,172.31.46.0-255,66,204497,44,228853
8434,0.033859,74.125.24.0-255,5738,210235,44,228853
8435,0.033872,172.31.46.0-255,66,210301,44,228853
8436,0.036168,74.125.24.0-255,5738,216039,44,228853
8437,0.036181,172.31.46.0-255,66,216105,44,228853
8438,0.037764,172.31.46.0-255,188,216293,44,228853
8439,0.037798,172.31.46.0-255,955,217248,44,228853
8440,0.037862,172.31.46.0-255,1514,218762,44,228853
8441,0.037864,172.31.46.0-255,1514,220276,44,228853
8442,0.037868,172.31.46.0-255,1514,221790,44,228853
8443,0.03787,172.31.46.0-255,1514,223304,44,228853
8444,0.037889,172.31.46.0-255,1514,224818,44,228853
8445,0.03789,172.31.46.0-255,229,225047,44,228853
8446,0.038459,74.125.24.0-255,3239,228286,44,228853
8447,0.038466,172.31.46.0-255,66,228352,44,228853
8448,0.038638,172.31.46.0-255,105,228457,44,228853
8449,0.039381,104.244.42.0-255,66,228523,44,228853
8450,0.039402,104.244.42.0-255,66,228589,44,228853
8451,0.039473,104.244.42.0-255,66,228655,44,228853
8452,0.039543,104.244.42.0-255,66,228721,44,228853
8453,0.039549,104.244.42.0-255,66,228787,44,228853
8454,0.040869,74.125.24.0-255,66,228853,44,228853
8455,0.0,172.217.194.0-255,156,156,44,292648
8456,1.6e-05,172.31.46.0-255,66,222,44,292648
8457,2.3e-05,172.217.194.0-255,1484,1706,44,292648
8458,2.7e-05,172.31.46.0-255,66,1772,44,292648
8459,3.3e-05,172.217.194.0-255,2902,4674,44,292648
8460,3.5e-05,172.31.46.0-255,66,4740,44,292648
8461,4.3e-05,172.217.194.0-255,7156,11896,44,292648
8462,5.5e-05,172.31.46.0-255,66,11962,44,292648
8463,5.9e-05,172.217.194.0-255,2084,14046,44,292648
8464,6.2e-05,172.31.46.0-255,66,14112,44,292648
8465,9.7e-05,172.217.194.0-255,4320,18432,44,292648
8466,0.000101,172.31.46.0-255,66,18498,44,292648
8467,0.000131,172.31.46.0-255,66,18564,44,292648
8468,0.000166,172.217.194.0-255,3961,22525,44,292648
8469,0.000168,172.31.46.0-255,66,22591,44,292648
8470,0.00036,172.217.194.0-255,1484,24075,44,292648
8471,0.000366,172.31.46.0-255,66,24141,44,292648
8472,0.000372,172.217.194.0-255,2902,27043,44,292648
8473,0.000374,172.31.46.0-255,66,27109,44,292648
8474,0.000378,172.217.194.0-255,2902,30011,44,292648
8475,0.00038,172.31.46.0-255,66,30077,44,292648
8476,0.000409,172.217.194.0-255,2902,32979,44,292648
8477,0.000412,172.31.46.0-255,66,33045,44,292648
8478,0.000423,172.31.46.0-255,66,33111,44,292648
8479,0.000453,172.31.46.0-255,66,33177,44,292648
8480,0.000461,172.217.194.0-255,7046,40223,44,292648
8481,0.000463,172.31.46.0-255,66,40289,44,292648
8482,0.000474,172.217.194.0-255,436,40725,44,292648
8483,0.000477,172.31.46.0-255,66,40791,44,292648
8484,0.00067,172.217.194.0-255,1484,42275,44,292648
8485,0.000678,172.217.194.0-255,2902,45177,44,292648
8486,0.000682,172.31.46.0-255,66,45243,44,292648
8487,0.000685,172.217.194.0-255,1484,46727,44,292648
8488,0.000712,172.217.194.0-255,4320,51047,44,292648
8489,0.000715,172.31.46.0-255,66,51113,44,292648
8490,0.000721,172.217.194.0-255,5738,56851,44,292648
8491,0.000723,172.31.46.0-255,66,56917,44,292648
8492,0.000762,172.31.46.0-255,66,56983,44,292648
8493,0.000777,172.217.194.0-255,1484,58467,44,292648
8494,0.000784,172.217.194.0-255,5020,63487,44,292648
8495,0.000786,172.31.46.0-255,66,63553,44,292648
8496,0.000959,172.217.194.0-255,1484,65037,44,292648
8497,0.00099,172.217.194.0-255,2902,67939,44,292648
8498,0.000994,172.31.46.0-255,66,68005,44,292648
8499,0.001026,172.217.194.0-255,5738,73743,44,292648
8500,0.00103,172.31.46.0-255,66,73809,44,292648
8501,0.001036,172.217.194.0-255,5738,79547,44,292648
8502,0.001038,172.31.46.0-255,66,79613,44,292648
8503,0.001043,172.217.194.0-255,4320,83933,44,292648
8504,0.001046,172.31.46.0-255,66,83999,44,292648
8505,0.001079,172.31.46.0-255,66,84065,44,292648
8506,0.001085,172.217.194.0-255,5020,89085,44,292648
8507,0.001087,172.31.46.0-255,66,89151,44,292648
8508,0.001128,172.217.194.0-255,1484,90635,44,292648
8509,0.001146,172.217.194.0-255,2902,93537,44,292648
8510,0.001149,172.31.46.0-255,66,93603,44,292648
8511,0.001182,172.217.194.0-255,5738,99341,44,292648
8512,0.001185,172.31.46.0-255,66,99407,44,292648
8513,0.001191,172.217.194.0-255,5738,105145,44,292648
8514,0.001193,172.31.46.0-255,66,105211,44,292648
8515,0.001197,172.217.194.0-255,2902,108113,44,292648
8516,0.001199,172.31.46.0-255,66,108179,44,292648
8517,0.001239,172.31.46.0-255,66,108245,44,292648
8518,0.001245,172.217.194.0-255,5020,113265,44,292648
8519,0.001247,172.31.46.0-255,66,113331,44,292648
8520,0.0013,172.217.194.0-255,5738,119069,44,292648
8521,0.001303,172.31.46.0-255,66,119135,44,292648
8522,0.001308,172.217.194.0-255,4320,123455,44,292648
8523,0.00131,172.31.46.0-255,66,123521,44,292648
8524,0.001322,172.31.46.0-255,66,123587,44,292648
8525,0.001348,172.217.194.0-255,1484,125071,44,292648
8526,0.001352,172.217.194.0-255,2902,127973,44,292648
8527,0.001355,172.31.46.0-255,66,128039,44,292648
8528,0.001398,172.31.46.0-255,66,128105,44,292648
8529,0.001437,172.217.194.0-255,1484,129589,44,292648
8530,0.001451,172.217.194.0-255,2902,132491,44,292648
8531,0.001454,172.31.46.0-255,66,132557,44,292648
8532,0.001459,172.217.194.0-255,2902,135459,44,292648
8533,0.001461,172.31.46.0-255,66,135525,44,292648
8534,0.001494,172.217.194.0-255,2902,138427,44,292648
8535,0.001497,172.31.46.0-255,66,138493,44,292648
8536,0.001509,172.31.46.0-255,66,138559,44,292648
8537,0.001529,172.217.194.0-255,2902,141461,44,292648
8538,0.001532,172.31.46.0-255,66,141527,44,292648
8539,0.001572,172.31.46.0-255,66,141593,44,292648
8540,0.001575,172.217.194.0-255,1484,143077,44,292648
8541,0.001609,172.217.194.0-255,2902,145979,44,292648
8542,0.001612,172.31.46.0-255,66,146045,44,292648
8543,0.001619,172.217.194.0-255,5738,151783,44,292648
8544,0.001621,172.31.46.0-255,66,151849,44,292648
8545,0.001625,172.217.194.0-255,2902,154751,44,292648
8546,0.001628,172.31.46.0-255,66,154817,44,292648
8547,0.001663,172.31.46.0-255,66,154883,44,292648
8548,0.001674,172.31.46.0-255,66,154949,44,292648
8549,0.001677,172.217.194.0-255,2184,157133,44,292648
8550,0.00168,172.31.46.0-255,66,157199,44,292648
8551,0.004342,172.217.194.0-255,5738,162937,44,292648
8552,0.004349,172.31.46.0-255,66,163003,44,292648
8553,0.006992,172.217.194.0-255,5738,168741,44,292648
8554,0.006997,172.31.46.0-255,66,168807,44,292648
8555,0.009668,172.217.194.0-255,5738,174545,44,292648
8556,0.009674,172.31.46.0-255,66,174611,44,292648
8557,0.012318,172.217.194.0-255,5738,180349,44,292648
8558,0.012325,172.31.46.0-255,66,180415,44,292648
8559,0.014969,172.217.194.0-255,5738,186153,44,292648
8560,0.014978,172.31.46.0-255,66,186219,44,292648
8561,0.017611,172.217.194.0-255,5738,191957,44,292648
8562,0.017619,172.31.46.0-255,66,192023,44,292648
8563,0.020273,172.217.194.0-255,5738,197761,44,292648
8564,0.020284,172.31.46.0-255,66,197827,44,292648
8565,0.02293,172.217.194.0-255,2902,200729,44,292648
8566,0.022937,172.31.46.0-255,66,200795,44,292648
8567,0.022966,172.217.194.0-255,2902,203697,44,292648
8568,0.022969,172.31.46.0-255,66,203763,44,292648
8569,0.0256,172.217.194.0-255,5738,209501,44,292648
8570,0.025607,172.31.46.0-255,66,209567,44,292648
8571,0.028245,172.217.194.0-255,5738,215305,44,292648
8572,0.028252,172.31.46.0-255,66,215371,44,292648
8573,0.030911,172.217.194.0-255,5738,221109,44,292648
8574,0.030922,172.31.46.0-255,66,221175,44,292648
8575,0.033584,172.217.194.0-255,5738,226913,44,292648
8576,0.033593,172.31.46.0-255,66,226979,44,292648
8577,0.036235,172.217.194.0-255,5738,232717,44,292648
8578,0.036242,172.31.46.0-255,66,232783,44,292648
8579,0.038896,172.217.194.0-255,5738,238521,44,292648
8580,0.038906,172.31.46.0-255,66,238587,44,292648
8581,0.041583,172.217.194.0-255,5738,244325,44,292648
8582,0.041593,172.31.46.0-255,66,244391,44,292648
8583,0.042325,172.31.46.0-255,188,244579,44,292648
8584,0.042354,172.31.46.0-255,955,245534,44,292648
8585,0.042421,172.31.46.0-255,1514,247048,44,292648
8586,0.042423,172.31.46.0-255,1514,248562,44,292648
8587,0.042429,172.31.46.0-255,1514,250076,44,292648
8588,0.04243,172.31.46.0-255,1514,251590,44,292648
8589,0.042448,172.31.46.0-255,1514,253104,44,292648
8590,0.042449,172.31.46.0-255,229,253333,44,292648
8591,0.043934,104.244.42.0-255,66,253399,44,292648
8592,0.043944,104.244.42.0-255,66,253465,44,292648
8593,0.04402,104.244.42.0-255,66,253531,44,292648
8594,0.044025,104.244.42.0-255,66,253597,44,292648
8595,0.044251,172.217.194.0-255,5738,259335,44,292648
8596,0.044258,172.31.46.0-255,66,259401,44,292648
8597,0.046885,172.217.194.0-255,5738,265139,44,292648
8598,0.046893,172.31.46.0-255,66,265205,44,292648
8599,0.049567,172.217.194.0-255,5738,270943,44,292648
8600,0.049573,172.31.46.0-255,66,271009,44,292648
8601,0.052215,172.217.194.0-255,5738,276747,44,292648
8602,0.052221,172.31.46.0-255,66,276813,44,292648
8603,0.054882,172.217.194.0-255,5738,282551,44,292648
8604,0.05489,172.31.46.0-255,66,282617,44,292648
8605,0.057566,172.217.194.0-255,5738,288355,44,292648
8606,0.057573,172.31.46.0-255,66,288421,44,292648
8607,0.060214,172.217.194.0-255,3990,292411,44,292648
8608,0.06022,172.31.46.0-255,66,292477,44,292648
8609,0.06042,172.31.46.0-255,105,292582,44,292648
8610,0.063098,172.217.194.0-255,66,292648,44,292648
8611,0.0,172.217.194.0-255,149,149,44,225104
8612,1.3e-05,172.31.46.0-255,66,215,44,225104
8613,1.9e-05,172.217.194.0-255,1484,1699,44,225104
8614,2.4e-05,172.31.46.0-255,66,1765,44,225104
8615,3.5e-05,172.217.194.0-255,2902,4667,44,225104
8616,3.8e-05,172.31.46.0-255,66,4733,44,225104
8617,4.6e-05,172.217.194.0-255,7156,11889,44,225104
8618,4.8e-05,172.31.46.0-255,66,11955,44,225104
8619,5.2e-05,172.217.194.0-255,2094,14049,44,225104
8620,5.5e-05,172.31.46.0-255,66,14115,44,225104
8621,7.5e-05,172.217.194.0-255,4320,18435,44,225104
8622,8.2e-05,172.31.46.0-255,66,18501,44,225104
8623,0.000108,172.217.194.0-255,7156,25657,44,225104
8624,0.00011,172.31.46.0-255,66,25723,44,225104
8625,0.000115,172.217.194.0-255,5379,31102,44,225104
8626,0.000118,172.31.46.0-255,66,31168,44,225104
8627,0.000174,172.217.194.0-255,1484,32652,44,225104
8628,0.000176,172.31.46.0-255,66,32718,44,225104
8629,0.00018,172.217.194.0-255,2902,35620,44,225104
8630,0.000182,172.31.46.0-255,66,35686,44,225104
8631,0.00021,172.217.194.0-255,5738,41424,44,225104
8632,0.000213,172.31.46.0-255,66,41490,44,225104
8633,0.000216,172.217.194.0-255,1484,42974,44,225104
8634,0.000218,172.31.46.0-255,66,43040,44,225104
8635,0.000262,172.31.46.0-255,66,43106,44,225104
8636,0.000272,172.31.46.0-255,66,43172,44,225104
8637,0.000275,172.217.194.0-255,120,43292,44,225104
8638,0.000277,172.31.46.0-255,66,43358,44,225104
8639,0.000313,172.217.194.0-255,1484,44842,44,225104
8640,0.000315,172.31.46.0-255,66,44908,44,225104
8641,0.000319,172.217.194.0-255,2902,47810,44,225104
8642,0.000322,172.31.46.0-255,66,47876,44,225104
8643,0.000356,172.217.194.0-255,7156,55032,44,225104
8644,0.000358,172.31.46.0-255,66,55098,44,225104
8645,0.000364,172.217.194.0-255,5738,60836,44,225104
8646,0.000366,172.31.46.0-255,66,60902,44,225104
8647,0.000403,172.31.46.0-255,66,60968,44,225104
8648,0.000406,172.217.194.0-255,1484,62452,44,225104
8649,0.000412,172.217.194.0-255,5020,67472,44,225104
8650,0.000414,172.31.46.0-255,66,67538,44,225104
8651,0.000461,172.217.194.0-255,1484,69022,44,225104
8652,0.000465,172.217.194.0-255,2902,71924,44,225104
8653,0.000467,172.31.46.0-255,66,71990,44,225104
8654,0.000497,172.217.194.0-255,5738,77728,44,225104
8655,0.000499,172.31.46.0-255,66,77794,44,225104
8656,0.000504,172.217.194.0-255,4320,82114,44,225104
8657,0.000505,172.31.46.0-255,66,82180,44,225104
8658,0.00053,172.217.194.0-255,2278,84458,44,225104
8659,0.000532,172.31.46.0-255,66,84524,44,225104
8660,0.000538,172.217.194.0-255,7156,91680,44,225104
8661,0.00054,172.31.46.0-255,66,91746,44,225104
8662,0.000562,172.217.194.0-255,7156,98902,44,225104
8663,0.000564,172.31.46.0-255,66,98968,44,225104
8664,0.000573,172.31.46.0-255,66,99034,44,225104
8665,0.000593,172.217.194.0-255,1484,100518,44,225104
8666,0.000623,172.217.194.0-255,4320,104838,44,225104
8667,0.000626,172.31.46.0-255,66,104904,44,225104
8668,0.000646,172.217.194.0-255,5020,109924,44,225104
8669,0.000648,172.31.46.0-255,66,109990,44,225104
8670,0.000678,172.217.194.0-255,1484,111474,44,225104
8671,0.000681,172.217.194.0-255,1484,112958,44,225104
8672,0.000683,172.31.46.0-255,66,113024,44,225104
8673,0.00072,172.217.194.0-255,1484,114508,44,225104
8674,0.000728,172.217.194.0-255,5738,120246,44,225104
8675,0.000731,172.31.46.0-255,66,120312,44,225104
8676,0.000774,172.31.46.0-255,66,120378,44,225104
8677,0.000784,172.31.46.0-255,66,120444,44,225104
8678,0.000803,172.217.194.0-255,766,121210,44,225104
8679,0.000984,172.217.194.0-255,1484,122694,44,225104
8680,0.000989,172.31.46.0-255,66,122760,44,225104
8681,0.000995,172.217.194.0-255,2902,125662,44,225104
8682,0.000997,172.31.46.0-255,66,125728,44,225104
8683,0.001006,172.217.194.0-255,2902,128630,44,225104
8684,0.001009,172.31.46.0-255,66,128696,44,225104
8685,0.001052,172.217.194.0-255,2902,131598,44,225104
8686,0.001055,172.31.46.0-255,66,131664,44,225104
8687,0.001062,172.217.194.0-255,7156,138820,44,225104
8688,0.001064,172.31.46.0-255,66,138886,44,225104
8689,0.001074,172.31.46.0-255,66,138952,44,225104
8690,0.001085,172.31.46.0-255,66,139018,44,225104
8691,0.001405,172.217.194.0-255,1484,140502,44,225104
8692,0.001412,172.217.194.0-255,2902,143404,44,225104
8693,0.001415,172.31.46.0-255,66,143470,44,225104
8694,0.001422,172.217.194.0-255,5738,149208,44,225104
8695,0.001424,172.31.46.0-255,66,149274,44,225104
8696,0.00147,172.31.46.0-255,66,149340,44,225104
8697,0.00151,172.31.46.0-255,66,149406,44,225104
8698,0.001633,172.217.194.0-255,1484,150890,44,225104
8699,0.001639,172.217.194.0-255,2902,153792,44,225104
8700,0.001642,172.31.46.0-255,66,153858,44,225104
8701,0.001649,172.217.194.0-255,5738,159596,44,225104
8702,0.001651,172.31.46.0-255,66,159662,44,225104
8703,0.001674,172.217.194.0-255,7156,166818,44,225104
8704,0.001677,172.31.46.0-255,66,166884,44,225104
8705,0.001705,172.217.194.0-255,5738,172622,44,225104
8706,0.001749,172.31.46.0-255,66,172688,44,225104
8707,0.001752,172.31.46.0-255,66,172754,44,225104
8708,0.001775,172.217.194.0-255,2184,174938,44,225104
8709,0.001778,172.31.46.0-255,66,175004,44,225104
8710,0.0018,172.217.194.0-255,1484,176488,44,225104
8711,0.001809,172.217.194.0-255,2902,179390,44,225104
8712,0.001811,172.31.46.0-255,66,179456,44,225104
8713,0.001817,172.217.194.0-255,5738,185194,44,225104
8714,0.001819,172.31.46.0-255,66,185260,44,225104
8715,0.001868,172.31.46.0-255,66,185326,44,225104
8716,0.00191,172.31.46.0-255,66,185392,44,225104
8717,0.001955,172.31.46.0-255,66,185458,44,225104
8718,0.001972,172.31.46.0-255,66,185524,44,225104
8719,0.002009,172.31.46.0-255,66,185590,44,225104
8720,0.002086,172.217.194.0-255,1484,187074,44,225104
8721,0.002097,172.217.194.0-255,1484,188558,44,225104
8722,0.0021,172.31.46.0-255,66,188624,44,225104
8723,0.002127,172.217.194.0-255,1484,190108,44,225104
8724,0.002134,172.217.194.0-255,5738,195846,44,225104
8725,0.002148,172.217.194.0-255,2902,198748,44,225104
8726,0.002154,172.31.46.0-255,66,198814,44,225104
8727,0.002157,172.31.46.0-255,66,198880,44,225104
8728,0.002159,172.31.46.0-255,66,198946,44,225104
8729,0.002186,172.31.46.0-255,66,199012,44,225104
8730,0.00222,172.217.194.0-255,1484,200496,44,225104
8731,0.002226,172.217.194.0-255,2902,203398,44,225104
8732,0.002228,172.31.46.0-255,66,203464,44,225104
8733,0.002231,172.217.194.0-255,1484,204948,44,225104
8734,0.002257,172.217.194.0-255,4320,209268,44,225104
8735,0.002262,172.217.194.0-255,4320,213588,44,225104
8736,0.002264,172.217.194.0-255,1484,215072,44,225104
8737,0.002268,172.31.46.0-255,66,215138,44,225104
8738,0.002271,172.31.46.0-255,66,215204,44,225104
8739,0.002306,172.31.46.0-255,66,215270,44,225104
8740,0.002309,172.217.194.0-255,1147,216417,44,225104
8741,0.002344,172.217.194.0-255,105,216522,44,225104
8742,0.011684,172.31.46.0-255,66,216588,44,225104
8743,0.011727,172.31.46.0-255,105,216693,44,225104
8744,0.013183,172.217.194.0-255,105,216798,44,225104
8745,0.013194,172.31.46.0-255,78,216876,44,225104
8746,0.01429,172.217.194.0-255,66,216942,44,225104
8747,0.039687,172.31.46.0-255,172,217114,44,225104
8748,0.039721,172.31.46.0-255,1114,218228,44,225104
8749,0.039779,172.31.46.0-255,1514,219742,44,225104
8750,0.039781,172.31.46.0-255,1514,221256,44,225104
8751,0.039782,172.31.46.0-255,1514,222770,44,225104
8752,0.039783,172.31.46.0-255,1514,224284,44,225104
8753,0.039784,172.31.46.0-255,556,224840,44,225104
8754,0.041248,104.244.42.0-255,66,224906,44,225104
8755,0.041281,104.244.42.0-255,66,224972,44,225104
8756,0.041358,104.244.42.0-255,66,225038,44,225104
8757,0.041376,104.244.42.0-255,66,225104,44,225104
8758,0.0,172.217.160.0-255,146,146,44,378188
8759,1.8e-05,172.31.46.0-255,66,212,44,378188
8760,2.4e-05,172.217.160.0-255,1484,1696,44,378188
8761,2.9e-05,172.31.46.0-255,66,1762,44,378188
8762,3.5e-05,172.217.160.0-255,2902,4664,44,378188
8763,3.9e-05,172.31.46.0-255,66,4730,44,378188
8764,4.7e-05,172.217.160.0-255,7156,11886,44,378188
8765,5e-05,172.31.46.0-255,66,11952,44,378188
8766,6.7e-05,172.31.46.0-255,66,12018,44,378188
8767,8.5e-05,172.217.160.0-255,2060,14078,44,378188
8768,8.8e-05,172.31.46.0-255,66,14144,44,378188
8769,9.3e-05,172.217.160.0-255,2543,16687,44,378188
8770,9.5e-05,172.31.46.0-255,66,16753,44,378188
8771,0.000181,172.217.160.0-255,1484,18237,44,378188
8772,0.000184,172.31.46.0-255,66,18303,44,378188
8773,0.000188,172.217.160.0-255,2902,21205,44,378188
8774,0.000191,172.31.46.0-255,66,21271,44,378188
8775,0.000194,172.217.160.0-255,1484,22755,44,378188
8776,0.000196,172.31.46.0-255,66,22821,44,378188
8777,0.000225,172.217.160.0-255,4320,27141,44,378188
8778,0.000228,172.31.46.0-255,66,27207,44,378188
8779,0.000255,172.217.160.0-255,2902,30109,44,378188
8780,0.000257,172.31.46.0-255,66,30175,44,378188
8781,0.000279,172.217.160.0-255,3961,34136,44,378188
8782,0.000282,172.31.46.0-255,66,34202,44,378188
8783,0.000356,172.217.160.0-255,1484,35686,44,378188
8784,0.000359,172.31.46.0-255,66,35752,44,378188
8785,0.000365,172.217.160.0-255,2902,38654,44,378188
8786,0.000368,172.31.46.0-255,66,38720,44,378188
8787,0.000373,172.217.160.0-255,4320,43040,44,378188
8788,0.000376,172.31.46.0-255,66,43106,44,378188
8789,0.0004,172.217.160.0-255,1484,44590,44,378188
8790,0.000408,172.217.160.0-255,7104,51694,44,378188
8791,0.000411,172.31.46.0-255,66,51760,44,378188
8792,0.000567,172.217.160.0-255,106,51866,44,378188
8793,0.000684,172.217.160.0-255,1484,53350,44,378188
8794,0.000688,172.31.46.0-255,66,53416,44,378188
8795,0.000693,172.217.160.0-255,2902,56318,44,378188
8796,0.000695,172.31.46.0-255,66,56384,44,378188
8797,0.0007,172.217.160.0-255,5738,62122,44,378188
8798,0.000702,172.31.46.0-255,66,62188,44,378188
8799,0.00073,172.217.160.0-255,6797,68985,44,378188
8800,0.000733,172.31.46.0-255,66,69051,44,378188
8801,0.00074,172.217.160.0-255,7156,76207,44,378188
8802,0.000742,172.31.46.0-255,66,76273,44,378188
8803,0.000758,172.217.160.0-255,5738,82011,44,378188
8804,0.00076,172.31.46.0-255,66,82077,44,378188
8805,0.000784,172.217.160.0-255,3961,86038,44,378188
8806,0.000786,172.31.46.0-255,66,86104,44,378188
8807,0.000789,172.217.160.0-255,363,86467,44,378188
8808,0.001039,172.217.160.0-255,1484,87951,44,378188
8809,0.001043,172.31.46.0-255,66,88017,44,378188
8810,0.001048,172.217.160.0-255,2902,90919,44,378188
8811,0.001049,172.31.46.0-255,66,90985,44,378188
8812,0.001052,172.217.160.0-255,1484,92469,44,378188
8813,0.001067,172.217.160.0-255,4320,96789,44,378188
8814,0.001069,172.31.46.0-255,66,96855,44,378188
8815,0.0011,172.31.46.0-255,66,96921,44,378188
8816,0.001119,172.217.160.0-255,7156,104077,44,378188
8817,0.001122,172.31.46.0-255,66,104143,44,378188
8818,0.001133,172.217.160.0-255,3602,107745,44,378188
8819,0.001135,172.31.46.0-255,66,107811,44,378188
8820,0.002788,172.217.160.0-255,5738,113549,44,378188
8821,0.002795,172.31.46.0-255,66,113615,44,378188
8822,0.004467,172.217.160.0-255,1484,115099,44,378188
8823,0.004485,172.217.160.0-255,4320,119419,44,378188
8824,0.004488,172.31.46.0-255,66,119485,44,378188
8825,0.006149,172.217.160.0-255,2902,122387,44,378188
8826,0.006152,172.31.46.0-255,66,122453,44,378188
8827,0.006168,172.217.160.0-255,2902,125355,44,378188
8828,0.00617,172.31.46.0-255,66,125421,44,378188
8829,0.007805,172.217.160.0-255,2902,128323,44,378188
8830,0.007811,172.31.46.0-255,66,128389,44,378188
8831,0.00783,172.217.160.0-255,2902,131291,44,378188
8832,0.007832,172.31.46.0-255,66,131357,44,378188
8833,0.009475,172.217.160.0-255,5738,137095,44,378188
8834,0.009482,172.31.46.0-255,66,137161,44,378188
8835,0.011145,172.217.160.0-255,5738,142899,44,378188
8836,0.011151,172.31.46.0-255,66,142965,44,378188
8837,0.012816,172.217.160.0-255,5738,148703,44,378188
8838,0.012822,172.31.46.0-255,66,148769,44,378188
8839,0.014483,172.217.160.0-255,5738,154507,44,378188
8840,0.014489,172.31.46.0-255,66,154573,44,378188
8841,0.016154,172.217.160.0-255,5738,160311,44,378188
8842,0.01616,172.31.46.0-255,66,160377,44,378188
8843,0.01783,172.217.160.0-255,5738,166115,44,378188
8844,0.017838,172.31.46.0-255,66,166181,44,378188
8845,0.019505,172.217.160.0-255,5738,171919,44,378188
8846,0.019512,172.31.46.0-255,66,171985,44,378188
8847,0.021178,172.217.160.0-255,5738,177723,44,378188
8848,0.021185,172.31.46.0-255,66,177789,44,378188
8849,0.022931,172.217.160.0-255,5738,183527,44,378188
8850,0.022939,172.31.46.0-255,66,183593,44,378188
8851,0.024646,172.217.160.0-255,5738,189331,44,378188
8852,0.024652,172.31.46.0-255,66,189397,44,378188
8853,0.026348,172.217.160.0-255,5738,195135,44,378188
8854,0.026355,172.31.46.0-255,66,195201,44,378188
8855,0.028025,172.217.160.0-255,5738,200939,44,378188
8856,0.028033,172.31.46.0-255,66,201005,44,378188
8857,0.029719,172.217.160.0-255,5738,206743,44,378188
8858,0.029726,172.31.46.0-255,66,206809,44,378188
8859,0.0314,172.217.160.0-255,5738,212547,44,378188
8860,0.031406,172.31.46.0-255,66,212613,44,378188
8861,0.033083,172.217.160.0-255,5738,218351,44,378188
8862,0.033089,172.31.46.0-255,66,218417,44,378188
8863,0.034759,172.217.160.0-255,5738,224155,44,378188
8864,0.034765,172.31.46.0-255,66,224221,44,378188
8865,0.036433,172.217.160.0-255,5738,229959,44,378188
8866,0.036437,172.31.46.0-255,66,230025,44,378188
8867,0.036644,172.31.46.0-255,172,230197,44,378188
8868,0.036672,172.31.46.0-255,1114,231311,44,378188
8869,0.036733,172.31.46.0-255,1514,232825,44,378188
8870,0.036734,172.31.46.0-255,1514,234339,44,378188
8871,0.036736,172.31.46.0-255,1514,235853,44,378188
8872,0.036737,172.31.46.0-255,1514,237367,44,378188
8873,0.036761,172.31.46.0-255,1514,238881,44,378188
8874,0.036763,172.31.46.0-255,70,238951,44,378188
8875,0.038126,172.217.160.0-255,5738,244689,44,378188
8876,0.038132,172.31.46.0-255,66,244755,44,378188
8877,0.038168,104.244.42.0-255,66,244821,44,378188
8878,0.038173,104.244.42.0-255,66,244887,44,378188
8879,0.038262,104.244.42.0-255,66,244953,44,378188
8880,0.038267,104.244.42.0-255,66,245019,44,378188
8881,0.038923,104.244.42.0-255,108,245127,44,378188
8882,0.038932,172.31.46.0-255,66,245193,44,378188
8883,0.039817,172.217.160.0-255,5738,250931,44,378188
8884,0.039824,172.31.46.0-255,66,250997,44,378188
8885,0.041494,172.217.160.0-255,5738,256735,44,378188
8886,0.0415,172.31.46.0-255,66,256801,44,378188
8887,0.043167,172.217.160.0-255,5738,262539,44,378188
8888,0.043171,172.31.46.0-255,66,262605,44,378188
8889,0.04484,172.217.160.0-255,5738,268343,44,378188
8890,0.044848,172.31.46.0-255,66,268409,44,378188
8891,0.046519,172.217.160.0-255,5738,274147,44,378188
8892,0.046526,172.31.46.0-255,66,274213,44,378188
8893,0.0482,172.217.160.0-255,5738,279951,44,378188
8894,0.048205,172.31.46.0-255,66,280017,44,378188
8895,0.04988,172.217.160.0-255,5738,285755,44,378188
8896,0.049887,172.31.46.0-255,66,285821,44,378188
8897,0.051554,172.217.160.0-255,5738,291559,44,378188
8898,0.05156,172.31.46.0-255,66,291625,44,378188
8899,0.053229,172.217.160.0-255,5738,297363,44,378188
8900,0.053234,172.31.46.0-255,66,297429,44,378188
8901,0.054903,172.217.160.0-255,5738,303167,44,378188
8902,0.054908,172.31.46.0-255,66,303233,44,378188
8903,0.056584,172.217.160.0-255,5738,308971,44,378188
8904,0.056589,172.31.46.0-255,66,309037,44,378188
8905,0.058277,172.217.160.0-255,5738,314775,44,378188
8906,0.058282,172.31.46.0-255,66,314841,44,378188
8907,0.059951,172.217.160.0-255,5738,320579,44,378188
8908,0.059957,172.31.46.0-255,66,320645,44,378188
8909,0.061637,172.217.160.0-255,5738,326383,44,378188
8910,0.061643,172.31.46.0-255,66,326449,44,378188
8911,0.063319,172.217.160.0-255,5738,332187,44,378188
8912,0.063326,172.31.46.0-255,66,332253,44,378188
8913,0.064997,172.217.160.0-255,5738,337991,44,378188
8914,0.065002,172.31.46.0-255,66,338057,44,378188
8915,0.06667,172.217.160.0-255,5738,343795,44,378188
8916,0.066676,172.31.46.0-255,66,343861,44,378188
8917,0.068348,172.217.160.0-255,5738,349599,44,378188
8918,0.068354,172.31.46.0-255,66,349665,44,378188
8919,0.07003,172.217.160.0-255,5738,355403,44,378188
8920,0.070037,172.31.46.0-255,66,355469,44,378188
8921,0.071709,172.217.160.0-255,5738,361207,44,378188
8922,0.071714,172.31.46.0-255,66,361273,44,378188
8923,0.073384,172.217.160.0-255,5738,367011,44,378188
8924,0.07339,172.31.46.0-255,66,367077,44,378188
8925,0.075082,172.217.160.0-255,5738,372815,44,378188
8926,0.075088,172.31.46.0-255,66,372881,44,378188
8927,0.076757,172.217.160.0-255,5070,377951,44,378188
8928,0.076762,172.31.46.0-255,66,378017,44,378188
8929,0.076924,172.31.46.0-255,105,378122,44,378188
8930,0.078562,172.217.160.0-255,66,378188,44,378188
8931,0.0,172.217.194.0-255,152,152,44,280776
8932,2e-05,172.31.46.0-255,66,218,44,280776
8933,2.7e-05,172.217.194.0-255,1484,1702,44,280776
8934,4.7e-05,172.31.46.0-255,66,1768,44,280776
8935,5.1e-05,172.217.194.0-255,1484,3252,44,280776
8936,5.2e-05,172.31.46.0-255,66,3318,44,280776
8937,5.9e-05,172.217.194.0-255,4320,7638,44,280776
8938,6.1e-05,172.31.46.0-255,66,7704,44,280776
8939,7.8e-05,172.217.194.0-255,1484,9188,44,280776
8940,8e-05,172.31.46.0-255,66,9254,44,280776
8941,0.000106,172.217.194.0-255,4930,14184,44,280776
8942,0.000109,172.31.46.0-255,66,14250,44,280776
8943,0.000124,172.217.194.0-255,2902,17152,44,280776
8944,0.000129,172.31.46.0-255,66,17218,44,280776
8945,0.000134,172.217.194.0-255,4320,21538,44,280776
8946,0.000136,172.31.46.0-255,66,21604,44,280776
8947,0.000178,172.31.46.0-255,66,21670,44,280776
8948,0.00018,172.217.194.0-255,1125,22795,44,280776
8949,0.000182,172.31.46.0-255,66,22861,44,280776
8950,0.000283,172.217.194.0-255,1484,24345,44,280776
8951,0.000287,172.31.46.0-255,66,24411,44,280776
8952,0.000293,172.217.194.0-255,2902,27313,44,280776
8953,0.000295,172.31.46.0-255,66,27379,44,280776
8954,0.000341,172.217.194.0-255,5738,33117,44,280776
8955,0.000344,172.31.46.0-255,66,33183,44,280776
8956,0.000352,172.217.194.0-255,6797,39980,44,280776
8957,0.000354,172.31.46.0-255,66,40046,44,280776
8958,0.000358,172.217.194.0-255,2902,42948,44,280776
8959,0.000363,172.31.46.0-255,66,43014,44,280776
8960,0.000396,172.31.46.0-255,66,43080,44,280776
8961,0.0004,172.217.194.0-255,2795,45875,44,280776
8962,0.000405,172.217.194.0-255,119,45994,44,280776
8963,0.000409,172.31.46.0-255,66,46060,44,280776
8964,0.00073,172.217.194.0-255,381,46441,44,280776
8965,0.00098,172.217.194.0-255,1484,47925,44,280776
8966,0.000986,172.31.46.0-255,66,47991,44,280776
8967,0.000997,172.217.194.0-255,2902,50893,44,280776
8968,0.000999,172.31.46.0-255,66,50959,44,280776
8969,0.001002,172.217.194.0-255,1484,52443,44,280776
8970,0.001027,172.217.194.0-255,4320,56763,44,280776
8971,0.00103,172.31.46.0-255,66,56829,44,280776
8972,0.001043,172.31.46.0-255,66,56895,44,280776
8973,0.001076,172.217.194.0-255,1484,58379,44,280776
8974,0.001087,172.31.46.0-255,66,58445,44,280776
8975,0.001091,172.217.194.0-255,2184,60629,44,280776
8976,0.001093,172.31.46.0-255,66,60695,44,280776
8977,0.001661,172.217.194.0-255,1484,62179,44,280776
8978,0.001683,172.217.194.0-255,2902,65081,44,280776
8979,0.001688,172.31.46.0-255,66,65147,44,280776
8980,0.001696,172.217.194.0-255,5738,70885,44,280776
8981,0.001697,172.31.46.0-255,66,70951,44,280776
8982,0.001738,172.31.46.0-255,66,71017,44,280776
8983,0.001781,172.217.194.0-255,5738,76755,44,280776
8984,0.001784,172.31.46.0-255,66,76821,44,280776
8985,0.001819,172.31.46.0-255,66,76887,44,280776
8986,0.00438,172.217.194.0-255,4320,81207,44,280776
8987,0.004386,172.31.46.0-255,66,81273,44,280776
8988,0.004404,172.217.194.0-255,1484,82757,44,280776
8989,0.00696,172.217.194.0-255,4320,87077,44,280776
8990,0.006967,172.31.46.0-255,66,87143,44,280776
8991,0.009521,172.217.194.0-255,5738,92881,44,280776
8992,0.00953,172.31.46.0-255,66,92947,44,280776
8993,0.012093,172.217.194.0-255,5738,98685,44,280776
8994,0.012099,172.31.46.0-255,66,98751,44,280776
8995,0.014641,172.217.194.0-255,5738,104489,44,280776
8996,0.014651,172.31.46.0-255,66,104555,44,280776
8997,0.0172,172.217.194.0-255,5738,110293,44,280776
8998,0.017206,172.31.46.0-255,66,110359,44,280776
8999,0.01977,172.217.194.0-255,5738,116097,44,280776
9000,0.019775,172.31.46.0-255,66,116163,44,280776
9001,0.022332,172.217.194.0-255,5738,121901,44,280776
9002,0.022338,172.31.46.0-255,66,121967,44,280776
9003,0.024885,172.217.194.0-255,5738,127705,44,280776
9004,0.024893,172.31.46.0-255,66,127771,44,280776
9005,0.027501,172.217.194.0-255,5738,133509,44,280776
9006,0.027509,172.31.46.0-255,66,133575,44,280776
9007,0.030062,172.217.194.0-255,4320,137895,44,280776
9008,0.030069,172.31.46.0-255,66,137961,44,280776
9009,0.030094,172.217.194.0-255,1484,139445,44,280776
9010,0.031092,172.31.46.0-255,172,139617,44,280776
9011,0.031143,172.31.46.0-255,1114,140731,44,280776
9012,0.031224,172.31.46.0-255,1514,142245,44,280776
9013,0.031246,172.31.46.0-255,1514,143759,44,280776
9014,0.031247,172.31.46.0-255,1514,145273,44,280776
9015,0.031268,172.31.46.0-255,1514,146787,44,280776
9016,0.031276,172.31.46.0-255,1514,148301,44,280776
9017,0.031277,172.31.46.0-255,71,148372,44,280776
9018,0.032609,104.244.42.0-255,66,148438,44,280776
9019,0.032621,172.217.194.0-255,4320,152758,44,280776
9020,0.032626,172.31.46.0-255,66,152824,44,280776
9021,0.032706,104.244.42.0-255,66,152890,44,280776
9022,0.032779,104.244.42.0-255,66,152956,44,280776
9023,0.032847,104.244.42.0-255,66,153022,44,280776
9024,0.032853,104.244.42.0-255,66,153088,44,280776
9025,0.03519,172.217.194.0-255,5738,158826,44,280776
9026,0.035197,172.31.46.0-255,66,158892,44,280776
9027,0.03775,172.217.194.0-255,5738,164630,44,280776
9028,0.037757,172.31.46.0-255,66,164696,44,280776
9029,0.040298,172.217.194.0-255,5738,170434,44,280776
9030,0.040304,172.31.46.0-255,66,170500,44,280776
9031,0.042873,172.217.194.0-255,5738,176238,44,280776
9032,0.04288,172.31.46.0-255,66,176304,44,280776
9033,0.045479,172.217.194.0-255,5738,182042,44,280776
9034,0.045486,172.31.46.0-255,66,182108,44,280776
9035,0.048069,172.217.194.0-255,5738,187846,44,280776
9036,0.048074,172.31.46.0-255,66,187912,44,280776
9037,0.05062,172.217.194.0-255,5738,193650,44,280776
9038,0.050625,172.31.46.0-255,66,193716,44,280776
9039,0.05318,172.217.194.0-255,5738,199454,44,280776
9040,0.053186,172.31.46.0-255,66,199520,44,280776
9041,0.055742,172.217.194.0-255,5738,205258,44,280776
9042,0.055747,172.31.46.0-255,66,205324,44,280776
9043,0.058301,172.217.194.0-255,5738,211062,44,280776
9044,0.058308,172.31.46.0-255,66,211128,44,280776
9045,0.060871,172.217.194.0-255,5738,216866,44,280776
9046,0.060876,172.31.46.0-255,66,216932,44,280776
9047,0.063413,172.217.194.0-255,5738,222670,44,280776
9048,0.063419,172.31.46.0-255,66,222736,44,280776
9049,0.065976,172.217.194.0-255,5738,228474,44,280776
9050,0.065984,172.31.46.0-255,66,228540,44,280776
9051,0.06852,172.217.194.0-255,5738,234278,44,280776
9052,0.068528,172.31.46.0-255,66,234344,44,280776
9053,0.071078,172.217.194.0-255,5738,240082,44,280776
9054,0.071083,172.31.46.0-255,66,240148,44,280776
9055,0.07363,172.217.194.0-255,5738,245886,44,280776
9056,0.073636,172.31.46.0-255,66,245952,44,280776
9057,0.076192,172.217.194.0-255,5738,251690,44,280776
9058,0.076199,172.31.46.0-255,66,251756,44,280776
9059,0.078735,172.217.194.0-255,5738,257494,44,280776
9060,0.078741,172.31.46.0-255,66,257560,44,280776
9061,0.081302,172.217.194.0-255,5738,263298,44,280776
9062,0.081307,172.31.46.0-255,66,263364,44,280776
9063,0.083872,172.217.194.0-255,5738,269102,44,280776
9064,0.083877,172.31.46.0-255,66,269168,44,280776
9065,0.086426,172.217.194.0-255,5738,274906,44,280776
9066,0.086432,172.31.46.0-255,66,274972,44,280776
9067,0.088996,172.217.194.0-255,5738,280710,44,280776
9068,0.089001,172.31.46.0-255,66,280776,44,280776
9069,0.0,74.125.68.0-255,153,153,44,354072
9070,2.1e-05,172.31.46.0-255,66,219,44,354072
9071,2.8e-05,74.125.68.0-255,1484,1703,44,354072
9072,3.3e-05,172.31.46.0-255,66,1769,44,354072
9073,4e-05,74.125.68.0-255,2902,4671,44,354072
9074,4.3e-05,172.31.46.0-255,66,4737,44,354072
9075,4.6e-05,74.125.68.0-255,1484,6221,44,354072
9076,4.9e-05,172.31.46.0-255,66,6287,44,354072
9077,5.4e-05,74.125.68.0-255,2902,9189,44,354072
9078,5.7e-05,172.31.46.0-255,66,9255,44,354072
9079,8.5e-05,74.125.68.0-255,4905,14160,44,354072
9080,8.8e-05,172.31.46.0-255,66,14226,44,354072
9081,0.000134,74.125.68.0-255,1484,15710,44,354072
9082,0.000136,172.31.46.0-255,66,15776,44,354072
9083,0.000154,74.125.68.0-255,2902,18678,44,354072
9084,0.000156,172.31.46.0-255,66,18744,44,354072
9085,0.000162,74.125.68.0-255,2902,21646,44,354072
9086,0.000164,172.31.46.0-255,66,21712,44,354072
9087,0.000186,74.125.68.0-255,2902,24614,44,354072
9088,0.000189,172.31.46.0-255,66,24680,44,354072
9089,0.000194,74.125.68.0-255,4320,29000,44,354072
9090,0.000196,172.31.46.0-255,66,29066,44,354072
9091,0.000222,74.125.68.0-255,2902,31968,44,354072
9092,0.000224,172.31.46.0-255,66,32034,44,354072
9093,0.000243,74.125.68.0-255,2543,34577,44,354072
9094,0.000246,172.31.46.0-255,66,34643,44,354072
9095,0.000249,74.125.68.0-255,1484,36127,44,354072
9096,0.000251,172.31.46.0-255,66,36193,44,354072
9097,0.000256,74.125.68.0-255,2902,39095,44,354072
9098,0.000259,172.31.46.0-255,66,39161,44,354072
9099,0.000265,74.125.68.0-255,5738,44899,44,354072
9100,0.000268,172.31.46.0-255,66,44965,44,354072
9101,0.000295,74.125.68.0-255,3961,48926,44,354072
9102,0.000297,172.31.46.0-255,66,48992,44,354072
9103,0.000344,74.125.68.0-255,1484,50476,44,354072
9104,0.000349,74.125.68.0-255,1484,51960,44,354072
9105,0.000352,172.31.46.0-255,66,52026,44,354072
9106,0.000377,74.125.68.0-255,1484,53510,44,354072
9107,0.000384,74.125.68.0-255,5738,59248,44,354072
9108,0.000386,172.31.46.0-255,66,59314,44,354072
9109,0.000391,74.125.68.0-255,4320,63634,44,354072
9110,0.000394,172.31.46.0-255,66,63700,44,354072
9111,0.000438,74.125.68.0-255,3125,66825,44,354072
9112,0.000441,172.31.46.0-255,66,66891,44,354072
9113,0.000506,74.125.68.0-255,1484,68375,44,354072
9114,0.000526,74.125.68.0-255,2902,71277,44,354072
9115,0.000529,172.31.46.0-255,66,71343,44,354072
9116,0.000541,74.125.68.0-255,1484,72827,44,354072
9117,0.000564,74.125.68.0-255,2902,75729,44,354072
9118,0.000567,172.31.46.0-255,66,75795,44,354072
9119,0.00059,74.125.68.0-255,5738,81533,44,354072
9120,0.000593,172.31.46.0-255,66,81599,44,354072
9121,0.000598,74.125.68.0-255,2543,84142,44,354072
9122,0.0006,172.31.46.0-255,66,84208,44,354072
9123,0.000605,74.125.68.0-255,2902,87110,44,354072
9124,0.000608,172.31.46.0-255,66,87176,44,354072
9125,0.000636,74.125.68.0-255,7156,94332,44,354072
9126,0.000638,172.31.46.0-255,66,94398,44,354072
9127,0.000641,74.125.68.0-255,1484,95882,44,354072
9128,0.000645,74.125.68.0-255,2902,98784,44,354072
9129,0.000647,172.31.46.0-255,66,98850,44,354072
9130,0.000686,74.125.68.0-255,2543,101393,44,354072
9131,0.000688,172.31.46.0-255,66,101459,44,354072
9132,0.000961,74.125.68.0-255,1484,102943,44,354072
9133,0.000975,74.125.68.0-255,2902,105845,44,354072
9134,0.000978,172.31.46.0-255,66,105911,44,354072
9135,0.001,74.125.68.0-255,5738,111649,44,354072
9136,0.001002,172.31.46.0-255,66,111715,44,354072
9137,0.001023,74.125.68.0-255,7156,118871,44,354072
9138,0.001025,172.31.46.0-255,66,118937,44,354072
9139,0.00103,74.125.68.0-255,2902,121839,44,354072
9140,0.001032,172.31.46.0-255,66,121905,44,354072
9141,0.001064,74.125.68.0-255,5738,127643,44,354072
9142,0.001071,172.31.46.0-255,66,127709,44,354072
9143,0.001081,172.31.46.0-255,66,127775,44,354072
9144,0.001252,74.125.68.0-255,1484,129259,44,354072
9145,0.001271,74.125.68.0-255,2902,132161,44,354072
9146,0.001274,172.31.46.0-255,66,132227,44,354072
9147,0.00128,74.125.68.0-255,5738,137965,44,354072
9148,0.001283,172.31.46.0-255,66,138031,44,354072
9149,0.001315,74.125.68.0-255,4320,142351,44,354072
9150,0.001318,172.31.46.0-255,66,142417,44,354072
9151,0.001346,172.31.46.0-255,66,142483,44,354072
9152,0.001366,74.125.68.0-255,2902,145385,44,354072
9153,0.001369,172.31.46.0-255,66,145451,44,354072
9154,0.001396,172.31.46.0-255,66,145517,44,354072
9155,0.0014,74.125.68.0-255,2902,148419,44,354072
9156,0.001402,172.31.46.0-255,66,148485,44,354072
9157,0.001425,172.31.46.0-255,66,148551,44,354072
9158,0.00143,74.125.68.0-255,5738,154289,44,354072
9159,0.001433,172.31.46.0-255,66,154355,44,354072
9160,0.001467,74.125.68.0-255,4320,158675,44,354072
9161,0.001471,172.31.46.0-255,66,158741,44,354072
9162,0.0015,172.31.46.0-255,66,158807,44,354072
9163,0.001546,74.125.68.0-255,1484,160291,44,354072
9164,0.00155,74.125.68.0-255,2902,163193,44,354072
9165,0.001553,172.31.46.0-255,66,163259,44,354072
9166,0.001559,74.125.68.0-255,5738,168997,44,354072
9167,0.001561,172.31.46.0-255,66,169063,44,354072
9168,0.001564,74.125.68.0-255,2902,171965,44,354072
9169,0.001566,172.31.46.0-255,66,172031,44,354072
9170,0.001592,74.125.68.0-255,1484,173515,44,354072
9171,0.001599,74.125.68.0-255,5738,179253,44,354072
9172,0.001601,172.31.46.0-255,66,179319,44,354072
9173,0.001607,74.125.68.0-255,4320,183639,44,354072
9174,0.001609,172.31.46.0-255,66,183705,44,354072
9175,0.001627,74.125.68.0-255,7156,190861,44,354072
9176,0.001629,172.31.46.0-255,66,190927,44,354072
9177,0.001633,74.125.68.0-255,2184,193111,44,354072
9178,0.001635,172.31.46.0-255,66,193177,44,354072
9179,0.001729,74.125.68.0-255,1484,194661,44,354072
9180,0.001734,74.125.68.0-255,2902,197563,44,354072
9181,0.001738,172.31.46.0-255,66,197629,44,354072
9182,0.001762,74.125.68.0-255,2902,200531,44,354072
9183,0.001764,172.31.46.0-255,66,200597,44,354072
9184,0.001778,74.125.68.0-255,2902,203499,44,354072
9185,0.00178,172.31.46.0-255,66,203565,44,354072
9186,0.001789,74.125.68.0-255,4320,207885,44,354072
9187,0.001791,172.31.46.0-255,66,207951,44,354072
9188,0.001797,74.125.68.0-255,5738,213689,44,354072
9189,0.001799,172.31.46.0-255,66,213755,44,354072
9190,0.001816,74.125.68.0-255,5738,219493,44,354072
9191,0.001818,172.31.46.0-255,66,219559,44,354072
9192,0.001834,74.125.68.0-255,5738,225297,44,354072
9193,0.001836,172.31.46.0-255,66,225363,44,354072
9194,0.00184,74.125.68.0-255,2184,227547,44,354072
9195,0.001841,172.31.46.0-255,66,227613,44,354072
9196,0.004072,74.125.68.0-255,5738,233351,44,354072
9197,0.00408,172.31.46.0-255,66,233417,44,354072
9198,0.006314,74.125.68.0-255,5738,239155,44,354072
9199,0.006321,172.31.46.0-255,66,239221,44,354072
9200,0.008545,74.125.68.0-255,5738,244959,44,354072
9201,0.00855,172.31.46.0-255,66,245025,44,354072
9202,0.010792,74.125.68.0-255,5738,250763,44,354072
9203,0.010799,172.31.46.0-255,66,250829,44,354072
9204,0.013026,74.125.68.0-255,5738,256567,44,354072
9205,0.013033,172.31.46.0-255,66,256633,44,354072
9206,0.015264,74.125.68.0-255,5738,262371,44,354072
9207,0.015271,172.31.46.0-255,66,262437,44,354072
9208,0.017512,74.125.68.0-255,5738,268175,44,354072
9209,0.01752,172.31.46.0-255,66,268241,44,354072
9210,0.019761,74.125.68.0-255,5738,273979,44,354072
9211,0.019769,172.31.46.0-255,66,274045,44,354072
9212,0.022002,74.125.68.0-255,5738,279783,44,354072
9213,0.02201,172.31.46.0-255,66,279849,44,354072
9214,0.024237,74.125.68.0-255,5738,285587,44,354072
9215,0.024242,172.31.46.0-255,66,285653,44,354072
9216,0.02651,74.125.68.0-255,5738,291391,44,354072
9217,0.026517,172.31.46.0-255,66,291457,44,354072
9218,0.02874,74.125.68.0-255,5738,297195,44,354072
9219,0.028747,172.31.46.0-255,66,297261,44,354072
9220,0.030997,74.125.68.0-255,5738,302999,44,354072
9221,0.031004,172.31.46.0-255,66,303065,44,354072
9222,0.033224,74.125.68.0-255,5738,308803,44,354072
9223,0.033232,172.31.46.0-255,66,308869,44,354072
9224,0.035462,74.125.68.0-255,5738,314607,44,354072
9225,0.03547,172.31.46.0-255,66,314673,44,354072
9226,0.037698,74.125.68.0-255,5738,320411,44,354072
9227,0.037705,172.31.46.0-255,66,320477,44,354072
9228,0.03993,74.125.68.0-255,5738,326215,44,354072
9229,0.039939,172.31.46.0-255,66,326281,44,354072
9230,0.042168,74.125.68.0-255,5738,332019,44,354072
9231,0.042178,172.31.46.0-255,66,332085,44,354072
9232,0.042231,172.31.46.0-255,167,332252,44,354072
9233,0.042259,172.31.46.0-255,1114,333366,44,354072
9234,0.042311,172.31.46.0-255,566,333932,44,354072
9235,0.043755,104.244.42.0-255,66,333998,44,354072
9236,0.043782,104.244.42.0-255,66,334064,44,354072
9237,0.043825,104.244.42.0-255,66,334130,44,354072
9238,0.04441,74.125.68.0-255,5738,339868,44,354072
9239,0.044417,172.31.46.0-255,66,339934,44,354072
9240,0.046681,74.125.68.0-255,5738,345672,44,354072
9241,0.046688,172.31.46.0-255,66,345738,44,354072
9242,0.048915,74.125.68.0-255,5738,351476,44,354072
9243,0.048921,172.31.46.0-255,66,351542,44,354072
9244,0.051154,74.125.68.0-255,2293,353835,44,354072
9245,0.051161,172.31.46.0-255,66,353901,44,354072
9246,0.05134,172.31.46.0-255,105,354006,44,354072
9247,0.053532,74.125.68.0-255,66,354072,44,354072
9248,0.0,104.244.42.0-255,66,66,44,66
9249,0.0,74.125.200.0-255,152,152,44,337541
9250,2.4e-05,172.31.46.0-255,66,218,44,337541
9251,3e-05,74.125.200.0-255,1484,1702,44,337541
9252,3.5e-05,172.31.46.0-255,66,1768,44,337541
9253,6.1e-05,74.125.200.0-255,2902,4670,44,337541
9254,6.4e-05,172.31.46.0-255,66,4736,44,337541
9255,8.7e-05,74.125.200.0-255,1484,6220,44,337541
9256,8.9e-05,172.31.46.0-255,66,6286,44,337541
9257,0.00011,74.125.200.0-255,2902,9188,44,337541
9258,0.000113,172.31.46.0-255,66,9254,44,337541
9259,0.000135,74.125.200.0-255,2902,12156,44,337541
9260,0.000137,172.31.46.0-255,66,12222,44,337541
9261,0.000178,74.125.200.0-255,2089,14311,44,337541
9262,0.000181,172.31.46.0-255,66,14377,44,337541
9263,0.000356,74.125.200.0-255,1484,15861,44,337541
9264,0.000361,172.31.46.0-255,66,15927,44,337541
9265,0.00038,74.125.200.0-255,2902,18829,44,337541
9266,0.000383,172.31.46.0-255,66,18895,44,337541
9267,0.000416,74.125.200.0-255,4320,23215,44,337541
9268,0.000419,172.31.46.0-255,66,23281,44,337541
9269,0.000434,74.125.200.0-255,2902,26183,44,337541
9270,0.000437,172.31.46.0-255,66,26249,44,337541
9271,0.000463,74.125.200.0-255,4320,30569,44,337541
9272,0.000467,172.31.46.0-255,66,30635,44,337541
9273,0.000482,74.125.200.0-255,1484,32119,44,337541
9274,0.000484,172.31.46.0-255,66,32185,44,337541
9275,0.000503,74.125.200.0-255,2543,34728,44,337541
9276,0.000505,172.31.46.0-255,66,34794,44,337541
9277,0.000511,74.125.200.0-255,4320,39114,44,337541
9278,0.000513,172.31.46.0-255,66,39180,44,337541
9279,0.000536,74.125.200.0-255,5738,44918,44,337541
9280,0.000539,172.31.46.0-255,66,44984,44,337541
9281,0.000592,74.125.200.0-255,3961,48945,44,337541
9282,0.00062,172.31.46.0-255,66,49011,44,337541
9283,0.000655,74.125.200.0-255,1484,50495,44,337541
9284,0.000689,74.125.200.0-255,2902,53397,44,337541
9285,0.00071,74.125.200.0-255,4320,57717,44,337541
9286,0.000712,172.31.46.0-255,66,57783,44,337541
9287,0.000717,172.31.46.0-255,66,57849,44,337541
9288,0.00074,74.125.200.0-255,5738,63587,44,337541
9289,0.000751,172.31.46.0-255,66,63653,44,337541
9290,0.000791,74.125.200.0-255,2820,66473,44,337541
9291,0.000812,172.31.46.0-255,66,66539,44,337541
9292,0.0012,74.125.200.0-255,130,66669,44,337541
9293,0.001234,172.31.46.0-255,66,66735,44,337541
9294,0.001325,74.125.200.0-255,1484,68219,44,337541
9295,0.001347,74.125.200.0-255,2902,71121,44,337541
9296,0.001362,74.125.200.0-255,4320,75441,44,337541
9297,0.001387,74.125.200.0-255,1484,76925,44,337541
9298,0.001395,74.125.200.0-255,6797,83722,44,337541
9299,0.001419,74.125.200.0-255,7156,90878,44,337541
9300,0.001447,74.125.200.0-255,2902,93780,44,337541
9301,0.001477,74.125.200.0-255,6797,100577,44,337541
9302,0.002221,74.125.200.0-255,1484,102061,44,337541
9303,0.002231,74.125.200.0-255,2902,104963,44,337541
9304,0.002234,74.125.200.0-255,1484,106447,44,337541
9305,0.002256,74.125.200.0-255,4320,110767,44,337541
9306,0.002273,74.125.200.0-255,4320,115087,44,337541
9307,0.00229,74.125.200.0-255,2902,117989,44,337541
9308,0.002314,74.125.200.0-255,5738,123727,44,337541
9309,0.002356,74.125.200.0-255,4320,128047,44,337541
9310,0.002368,74.125.200.0-255,2902,130949,44,337541
9311,0.005874,172.31.46.0-255,66,131015,44,337541
9312,0.008201,74.125.200.0-255,5738,136753,44,337541
9313,0.008211,172.31.46.0-255,66,136819,44,337541
9314,0.010537,74.125.200.0-255,5738,142557,44,337541
9315,0.010549,172.31.46.0-255,66,142623,44,337541
9316,0.012873,74.125.200.0-255,5738,148361,44,337541
9317,0.015316,172.31.46.0-255,66,148427,44,337541
9318,0.017665,74.125.200.0-255,5738,154165,44,337541
9319,0.017681,172.31.46.0-255,66,154231,44,337541
9320,0.020013,74.125.200.0-255,5738,159969,44,337541
9321,0.020023,172.31.46.0-255,66,160035,44,337541
9322,0.022347,74.125.200.0-255,5738,165773,44,337541
9323,0.022358,172.31.46.0-255,66,165839,44,337541
9324,0.024704,74.125.200.0-255,5738,171577,44,337541
9325,0.024718,172.31.46.0-255,66,171643,44,337541
9326,0.027057,74.125.200.0-255,5738,177381,44,337541
9327,0.027071,172.31.46.0-255,66,177447,44,337541
9328,0.029396,74.125.200.0-255,5738,183185,44,337541
9329,0.029409,172.31.46.0-255,66,183251,44,337541
9330,0.03175,74.125.200.0-255,5738,188989,44,337541
9331,0.031787,172.31.46.0-255,66,189055,44,337541
9332,0.034125,74.125.200.0-255,5738,194793,44,337541
9333,0.034135,172.31.46.0-255,66,194859,44,337541
9334,0.034951,172.31.46.0-255,172,195031,44,337541
9335,0.03498,172.31.46.0-255,1114,196145,44,337541
9336,0.03505,172.31.46.0-255,1514,197659,44,337541
9337,0.035051,172.31.46.0-255,1514,199173,44,337541
9338,0.035053,172.31.46.0-255,1514,200687,44,337541
9339,0.035054,172.31.46.0-255,1514,202201,44,337541
9340,0.035055,172.31.46.0-255,1514,203715,44,337541
9341,0.03508,172.31.46.0-255,70,203785,44,337541
9342,0.036459,74.125.200.0-255,5738,209523,44,337541
9343,0.036471,172.31.46.0-255,66,209589,44,337541
9344,0.036497,104.244.42.0-255,66,209655,44,337541
9345,0.036515,104.244.42.0-255,66,209721,44,337541
9346,0.036628,104.244.42.0-255,66,209787,44,337541
9347,0.036634,104.244.42.0-255,66,209853,44,337541
9348,0.038815,74.125.200.0-255,5738,215591,44,337541
9349,0.038824,172.31.46.0-255,66,215657,44,337541
9350,0.041162,74.125.200.0-255,5738,221395,44,337541
9351,0.041169,172.31.46.0-255,66,221461,44,337541
9352,0.04349,74.125.200.0-255,5738,227199,44,337541
9353,0.043498,172.31.46.0-255,66,227265,44,337541
9354,0.045823,74.125.200.0-255,5738,233003,44,337541
9355,0.045831,172.31.46.0-255,66,233069,44,337541
9356,0.048153,74.125.200.0-255,5738,238807,44,337541
9357,0.048164,172.31.46.0-255,66,238873,44,337541
9358,0.050491,74.125.200.0-255,5738,244611,44,337541
9359,0.050502,172.31.46.0-255,66,244677,44,337541
9360,0.052837,74.125.200.0-255,5738,250415,44,337541
9361,0.052847,172.31.46.0-255,66,250481,44,337541
9362,0.055177,74.125.200.0-255,5738,256219,44,337541
9363,0.055184,172.31.46.0-255,66,256285,44,337541
9364,0.057517,74.125.200.0-255,5738,262023,44,337541
9365,0.057525,172.31.46.0-255,66,262089,44,337541
9366,0.059846,74.125.200.0-255,5738,267827,44,337541
9367,0.059855,172.31.46.0-255,66,267893,44,337541
9368,0.062191,74.125.200.0-255,5738,273631,44,337541
9369,0.0622,172.31.46.0-255,66,273697,44,337541
9370,0.064522,74.125.200.0-255,5738,279435,44,337541
9371,0.06453,172.31.46.0-255,66,279501,44,337541
9372,0.06685,74.125.200.0-255,5738,285239,44,337541
9373,0.066857,172.31.46.0-255,66,285305,44,337541
9374,0.06919,74.125.200.0-255,5738,291043,44,337541
9375,0.069197,172.31.46.0-255,66,291109,44,337541
9376,0.071523,74.125.200.0-255,5738,296847,44,337541
9377,0.07153,172.31.46.0-255,66,296913,44,337541
9378,0.073877,74.125.200.0-255,5738,302651,44,337541
9379,0.073891,172.31.46.0-255,66,302717,44,337541
9380,0.076238,74.125.200.0-255,5738,308455,44,337541
9381,0.076255,172.31.46.0-255,66,308521,44,337541
9382,0.078599,74.125.200.0-255,5738,314259,44,337541
9383,0.078614,172.31.46.0-255,66,314325,44,337541
9384,0.080976,74.125.200.0-255,5738,320063,44,337541
9385,0.080987,172.31.46.0-255,66,320129,44,337541
9386,0.083318,74.125.200.0-255,5738,325867,44,337541
9387,0.083331,172.31.46.0-255,66,325933,44,337541
9388,0.085672,74.125.200.0-255,5738,331671,44,337541
9389,0.085688,172.31.46.0-255,66,331737,44,337541
9390,0.088023,74.125.200.0-255,5738,337475,44,337541
9391,0.088037,172.31.46.0-255,66,337541,44,337541
9392,0.0,172.217.194.0-255,152,152,44,329478
9393,2.7e-05,172.31.46.0-255,66,218,44,329478
9394,3.5e-05,172.217.194.0-255,1484,1702,44,329478
9395,4e-05,172.31.46.0-255,66,1768,44,329478
9396,4.7e-05,172.217.194.0-255,2902,4670,44,329478
9397,5e-05,172.31.46.0-255,66,4736,44,329478
9398,5.8e-05,172.217.194.0-255,7156,11892,44,329478
9399,6.1e-05,172.31.46.0-255,66,11958,44,329478
9400,6.5e-05,172.217.194.0-255,2038,13996,44,329478
9401,6.9e-05,172.31.46.0-255,66,14062,44,329478
9402,7.3e-05,172.217.194.0-255,1484,15546,44,329478
9403,7.6e-05,172.31.46.0-255,66,15612,44,329478
9404,0.000106,172.217.194.0-255,1484,17096,44,329478
9405,0.000109,172.31.46.0-255,66,17162,44,329478
9406,0.000116,172.217.194.0-255,7156,24318,44,329478
9407,0.000119,172.31.46.0-255,66,24384,44,329478
9408,0.000122,172.217.194.0-255,1484,25868,44,329478
9409,0.000125,172.31.46.0-255,66,25934,44,329478
9410,0.000151,172.217.194.0-255,5379,31313,44,329478
9411,0.000154,172.31.46.0-255,66,31379,44,329478
9412,0.000263,172.217.194.0-255,1484,32863,44,329478
9413,0.000267,172.31.46.0-255,66,32929,44,329478
9414,0.000272,172.217.194.0-255,2902,35831,44,329478
9415,0.000274,172.31.46.0-255,66,35897,44,329478
9416,0.000277,172.217.194.0-255,1484,37381,44,329478
9417,0.000279,172.31.46.0-255,66,37447,44,329478
9418,0.000298,172.217.194.0-255,4320,41767,44,329478
9419,0.000301,172.31.46.0-255,66,41833,44,329478
9420,0.000315,172.217.194.0-255,4320,46153,44,329478
9421,0.000317,172.31.46.0-255,66,46219,44,329478
9422,0.000365,172.31.46.0-255,66,46285,44,329478
9423,0.000377,172.31.46.0-255,66,46351,44,329478
9424,0.000379,172.217.194.0-255,364,46715,44,329478
9425,0.000661,172.217.194.0-255,379,47094,44,329478
9426,0.001006,172.217.194.0-255,1484,48578,44,329478
9427,0.001012,172.31.46.0-255,66,48644,44,329478
9428,0.001018,172.217.194.0-255,2902,51546,44,329478
9429,0.00102,172.31.46.0-255,66,51612,44,329478
9430,0.001025,172.217.194.0-255,2902,54514,44,329478
9431,0.001027,172.31.46.0-255,66,54580,44,329478
9432,0.001049,172.217.194.0-255,2902,57482,44,329478
9433,0.001054,172.217.194.0-255,4320,61802,44,329478
9434,0.001058,172.31.46.0-255,66,61868,44,329478
9435,0.001061,172.31.46.0-255,66,61934,44,329478
9436,0.0011,172.31.46.0-255,66,62000,44,329478
9437,0.001123,172.217.194.0-255,1484,63484,44,329478
9438,0.001145,172.217.194.0-255,6438,69922,44,329478
9439,0.001148,172.31.46.0-255,66,69988,44,329478
9440,0.001229,172.31.46.0-255,101,70089,44,329478
9441,0.001366,172.217.194.0-255,1484,71573,44,329478
9442,0.001372,172.217.194.0-255,1484,73057,44,329478
9443,0.001375,172.31.46.0-255,66,73123,44,329478
9444,0.001395,172.217.194.0-255,1484,74607,44,329478
9445,0.001402,172.217.194.0-255,5738,80345,44,329478
9446,0.001405,172.31.46.0-255,66,80411,44,329478
9447,0.001411,172.217.194.0-255,4320,84731,44,329478
9448,0.001413,172.31.46.0-255,66,84797,44,329478
9449,0.00144,172.31.46.0-255,66,84863,44,329478
9450,0.001445,172.217.194.0-255,4320,89183,44,329478
9451,0.001447,172.31.46.0-255,66,89249,44,329478
9452,0.001468,172.217.194.0-255,6438,95687,44,329478
9453,0.001471,172.31.46.0-255,66,95753,44,329478
9454,0.001668,172.217.194.0-255,1484,97237,44,329478
9455,0.001691,172.217.194.0-255,2902,100139,44,329478
9456,0.001694,172.31.46.0-255,66,100205,44,329478
9457,0.001702,172.217.194.0-255,5738,105943,44,329478
9458,0.001704,172.31.46.0-255,66,106009,44,329478
9459,0.00171,172.217.194.0-255,4320,110329,44,329478
9460,0.001712,172.31.46.0-255,66,110395,44,329478
9461,0.001741,172.217.194.0-255,4320,114715,44,329478
9462,0.001745,172.31.46.0-255,66,114781,44,329478
9463,0.001765,172.217.194.0-255,7156,121937,44,329478
9464,0.001767,172.31.46.0-255,66,122003,44,329478
9465,0.001806,172.217.194.0-255,2902,124905,44,329478
9466,0.001809,172.31.46.0-255,66,124971,44,329478
9467,0.001829,172.217.194.0-255,5020,129991,44,329478
9468,0.001834,172.31.46.0-255,66,130057,44,329478
9469,0.002074,172.217.194.0-255,1484,131541,44,329478
9470,0.002081,172.217.194.0-255,2902,134443,44,329478
9471,0.002084,172.31.46.0-255,66,134509,44,329478
9472,0.00211,172.217.194.0-255,5738,140247,44,329478
9473,0.002113,172.31.46.0-255,66,140313,44,329478
9474,0.00212,172.217.194.0-255,7156,147469,44,329478
9475,0.002122,172.31.46.0-255,66,147535,44,329478
9476,0.002139,172.217.194.0-255,1484,149019,44,329478
9477,0.002172,172.217.194.0-255,5738,154757,44,329478
9478,0.002175,172.31.46.0-255,66,154823,44,329478
9479,0.002205,172.217.194.0-255,1484,156307,44,329478
9480,0.002209,172.31.46.0-255,66,156373,44,329478
9481,0.002249,172.31.46.0-255,66,156439,44,329478
9482,0.002262,172.31.46.0-255,66,156505,44,329478
9483,0.002269,172.217.194.0-255,5020,161525,44,329478
9484,0.002273,172.31.46.0-255,66,161591,44,329478
9485,0.002299,172.217.194.0-255,5738,167329,44,329478
9486,0.002303,172.31.46.0-255,66,167395,44,329478
9487,0.003442,172.217.194.0-255,66,167461,44,329478
9488,0.004555,172.217.194.0-255,5738,173199,44,329478
9489,0.004565,172.31.46.0-255,66,173265,44,329478
9490,0.006806,172.217.194.0-255,5738,179003,44,329478
9491,0.006813,172.31.46.0-255,66,179069,44,329478
9492,0.009052,172.217.194.0-255,5738,184807,44,329478
9493,0.009061,172.31.46.0-255,66,184873,44,329478
9494,0.011317,172.217.194.0-255,5738,190611,44,329478
9495,0.011341,172.31.46.0-255,66,190677,44,329478
9496,0.013607,172.217.194.0-255,5738,196415,44,329478
9497,0.013622,172.31.46.0-255,66,196481,44,329478
9498,0.015911,172.217.194.0-255,5738,202219,44,329478
9499,0.015922,172.31.46.0-255,66,202285,44,329478
9500,0.018164,172.217.194.0-255,5738,208023,44,329478
9501,0.018178,172.31.46.0-255,66,208089,44,329478
9502,0.020462,172.217.194.0-255,5738,213827,44,329478
9503,0.02048,172.31.46.0-255,66,213893,44,329478
9504,0.022769,172.217.194.0-255,5738,219631,44,329478
9505,0.022779,172.31.46.0-255,66,219697,44,329478
9506,0.025035,172.217.194.0-255,5738,225435,44,329478
9507,0.025054,172.31.46.0-255,66,225501,44,329478
9508,0.0273,172.217.194.0-255,5738,231239,44,329478
9509,0.027317,172.31.46.0-255,66,231305,44,329478
9510,0.029598,172.217.194.0-255,5738,237043,44,329478
9511,0.029612,172.31.46.0-255,66,237109,44,329478
9512,0.031881,172.217.194.0-255,5738,242847,44,329478
9513,0.031893,172.31.46.0-255,66,242913,44,329478
9514,0.034155,172.217.194.0-255,5738,248651,44,329478
9515,0.03417,172.31.46.0-255,66,248717,44,329478
9516,0.036418,172.217.194.0-255,5738,254455,44,329478
9517,0.036437,172.31.46.0-255,66,254521,44,329478
9518,0.038679,172.217.194.0-255,5738,260259,44,329478
9519,0.038693,172.31.46.0-255,66,260325,44,329478
9520,0.040972,172.217.194.0-255,5738,266063,44,329478
9521,0.040989,172.31.46.0-255,66,266129,44,329478
9522,0.043224,172.217.194.0-255,5738,271867,44,329478
9523,0.043238,172.31.46.0-255,66,271933,44,329478
9524,0.044258,172.31.46.0-255,172,272105,44,329478
9525,0.044291,172.31.46.0-255,1114,273219,44,329478
9526,0.044374,172.31.46.0-255,1514,274733,44,329478
9527,0.044376,172.31.46.0-255,1514,276247,44,329478
9528,0.044382,172.31.46.0-255,1514,277761,44,329478
9529,0.044384,172.31.46.0-255,1514,279275,44,329478
9530,0.044402,172.31.46.0-255,1514,280789,44,329478
9531,0.044404,172.31.46.0-255,71,280860,44,329478
9532,0.045506,172.217.194.0-255,5738,286598,44,329478
9533,0.045516,172.31.46.0-255,66,286664,44,329478
9534,0.045779,104.244.42.0-255,66,286730,44,329478
9535,0.045828,104.244.42.0-255,66,286796,44,329478
9536,0.045932,104.244.42.0-255,66,286862,44,329478
9537,0.045939,104.244.42.0-255,66,286928,44,329478
9538,0.047781,172.217.194.0-255,5738,292666,44,329478
9539,0.047793,172.31.46.0-255,66,292732,44,329478
9540,0.050075,172.217.194.0-255,5738,298470,44,329478
9541,0.050088,172.31.46.0-255,66,298536,44,329478
9542,0.052356,172.217.194.0-255,5738,304274,44,329478
9543,0.052367,172.31.46.0-255,66,304340,44,329478
9544,0.054639,172.217.194.0-255,5738,310078,44,329478
9545,0.054649,172.31.46.0-255,66,310144,44,329478
9546,0.056946,172.217.194.0-255,5738,315882,44,329478
9547,0.056962,172.31.46.0-255,66,315948,44,329478
9548,0.059208,172.217.194.0-255,5738,321686,44,329478
9549,0.05922,172.31.46.0-255,66,321752,44,329478
9550,0.061466,172.217.194.0-255,5738,327490,44,329478
9551,0.061476,172.31.46.0-255,66,327556,44,329478
9552,0.063722,172.217.194.0-255,1685,329241,44,329478
9553,0.06373,172.31.46.0-255,66,329307,44,329478
9554,0.06396,172.31.46.0-255,105,329412,44,329478
9555,0.070266,172.217.194.0-255,66,329478,44,329478
9556,0.0,216.58.203.0-255,295,295,44,360340
9557,2.2e-05,172.31.46.0-255,66,361,44,360340
9558,2.8e-05,216.58.203.0-255,1484,1845,44,360340
9559,3.2e-05,172.31.46.0-255,66,1911,44,360340
9560,4.5e-05,216.58.203.0-255,4320,6231,44,360340
9561,4.9e-05,172.31.46.0-255,66,6297,44,360340
9562,6.1e-05,172.31.46.0-255,66,6363,44,360340
9563,9.4e-05,216.58.203.0-255,1484,7847,44,360340
9564,9.7e-05,172.31.46.0-255,66,7913,44,360340
9565,0.000102,216.58.203.0-255,2902,10815,44,360340
9566,0.000104,172.31.46.0-255,66,10881,44,360340
9567,0.000133,216.58.203.0-255,5738,16619,44,360340
9568,0.000135,172.31.46.0-255,66,16685,44,360340
9569,0.00014,216.58.203.0-255,4320,21005,44,360340
9570,0.000142,172.31.46.0-255,66,21071,44,360340
9571,0.000185,216.58.203.0-255,2543,23614,44,360340
9572,0.000187,172.31.46.0-255,66,23680,44,360340
9573,0.000358,216.58.203.0-255,1484,25164,44,360340
9574,0.000363,172.31.46.0-255,66,25230,44,360340
9575,0.000368,216.58.203.0-255,2902,28132,44,360340
9576,0.00037,172.31.46.0-255,66,28198,44,360340
9577,0.000405,216.58.203.0-255,5738,33936,44,360340
9578,0.000408,172.31.46.0-255,66,34002,44,360340
9579,0.000413,216.58.203.0-255,4320,38322,44,360340
9580,0.000414,172.31.46.0-255,66,38388,44,360340
9581,0.000417,216.58.203.0-255,1484,39872,44,360340
9582,0.000419,172.31.46.0-255,66,39938,44,360340
9583,0.000447,216.58.203.0-255,3961,43899,44,360340
9584,0.000449,172.31.46.0-255,66,43965,44,360340
9585,0.000453,216.58.203.0-255,2902,46867,44,360340
9586,0.000456,172.31.46.0-255,66,46933,44,360340
9587,0.000487,216.58.203.0-255,7156,54089,44,360340
9588,0.00049,172.31.46.0-255,66,54155,44,360340
9589,0.000495,216.58.203.0-255,3961,58116,44,360340
9590,0.000497,172.31.46.0-255,66,58182,44,360340
9591,0.000544,216.58.203.0-255,389,58571,44,360340
9592,0.000688,216.58.203.0-255,120,58691,44,360340
9593,0.000858,216.58.203.0-255,1484,60175,44,360340
9594,0.000862,172.31.46.0-255,66,60241,44,360340
9595,0.000867,216.58.203.0-255,2902,63143,44,360340
9596,0.000869,172.31.46.0-255,66,63209,44,360340
9597,0.000919,216.58.203.0-255,4320,67529,44,360340
9598,0.000922,172.31.46.0-255,66,67595,44,360340
9599,0.000926,216.58.203.0-255,2902,70497,44,360340
9600,0.000928,172.31.46.0-255,66,70563,44,360340
9601,0.000956,216.58.203.0-255,2902,73465,44,360340
9602,0.000961,216.58.203.0-255,4320,77785,44,360340
9603,0.000964,172.31.46.0-255,66,77851,44,360340
9604,0.000967,172.31.46.0-255,66,77917,44,360340
9605,0.000992,216.58.203.0-255,3961,81878,44,360340
9606,0.000994,172.31.46.0-255,66,81944,44,360340
9607,0.001008,172.31.46.0-255,66,82010,44,360340
9608,0.001012,216.58.203.0-255,2543,84553,44,360340
9609,0.001013,172.31.46.0-255,66,84619,44,360340
9610,0.001116,216.58.203.0-255,1484,86103,44,360340
9611,0.00113,216.58.203.0-255,2902,89005,44,360340
9612,0.001133,172.31.46.0-255,66,89071,44,360340
9613,0.001138,216.58.203.0-255,2902,91973,44,360340
9614,0.001139,172.31.46.0-255,66,92039,44,360340
9615,0.001156,216.58.203.0-255,2902,94941,44,360340
9616,0.001159,172.31.46.0-255,66,95007,44,360340
9617,0.001164,216.58.203.0-255,5738,100745,44,360340
9618,0.00117,172.31.46.0-255,66,100811,44,360340
9619,0.001173,216.58.203.0-255,1484,102295,44,360340
9620,0.001202,216.58.203.0-255,5738,108033,44,360340
9621,0.001205,172.31.46.0-255,66,108099,44,360340
9622,0.001209,216.58.203.0-255,2902,111001,44,360340
9623,0.001211,172.31.46.0-255,66,111067,44,360340
9624,0.001262,172.31.46.0-255,66,111133,44,360340
9625,0.001289,216.58.203.0-255,1484,112617,44,360340
9626,0.00131,216.58.203.0-255,2902,115519,44,360340
9627,0.001313,172.31.46.0-255,66,115585,44,360340
9628,0.001317,216.58.203.0-255,4320,119905,44,360340
9629,0.001319,172.31.46.0-255,66,119971,44,360340
9630,0.001324,216.58.203.0-255,2902,122873,44,360340
9631,0.001331,172.31.46.0-255,66,122939,44,360340
9632,0.00136,216.58.203.0-255,5738,128677,44,360340
9633,0.001363,172.31.46.0-255,66,128743,44,360340
9634,0.001375,172.31.46.0-255,66,128809,44,360340
9635,0.001403,216.58.203.0-255,5020,133829,44,360340
9636,0.001405,172.31.46.0-255,66,133895,44,360340
9637,0.001408,216.58.203.0-255,333,134228,44,360340
9638,0.00152,216.58.203.0-255,1484,135712,44,360340
9639,0.001523,172.31.46.0-255,66,135778,44,360340
9640,0.001528,216.58.203.0-255,2902,138680,44,360340
9641,0.00153,172.31.46.0-255,66,138746,44,360340
9642,0.001533,216.58.203.0-255,1484,140230,44,360340
9643,0.001557,216.58.203.0-255,4320,144550,44,360340
9644,0.001559,172.31.46.0-255,66,144616,44,360340
9645,0.001564,216.58.203.0-255,2902,147518,44,360340
9646,0.001566,172.31.46.0-255,66,147584,44,360340
9647,0.001573,216.58.203.0-255,4320,151904,44,360340
9648,0.001575,172.31.46.0-255,66,151970,44,360340
9649,0.00158,216.58.203.0-255,2902,154872,44,360340
9650,0.001581,172.31.46.0-255,66,154938,44,360340
9651,0.001611,216.58.203.0-255,5738,160676,44,360340
9652,0.001613,172.31.46.0-255,66,160742,44,360340
9653,0.001627,172.31.46.0-255,66,160808,44,360340
9654,0.00325,216.58.203.0-255,5738,166546,44,360340
9655,0.003257,172.31.46.0-255,66,166612,44,360340
9656,0.004885,216.58.203.0-255,5738,172350,44,360340
9657,0.004891,172.31.46.0-255,66,172416,44,360340
9658,0.006512,216.58.203.0-255,5738,178154,44,360340
9659,0.006517,172.31.46.0-255,66,178220,44,360340
9660,0.008137,216.58.203.0-255,4320,182540,44,360340
9661,0.00814,172.31.46.0-255,66,182606,44,360340
9662,0.008161,216.58.203.0-255,1484,184090,44,360340
9663,0.009765,216.58.203.0-255,4320,188410,44,360340
9664,0.009773,172.31.46.0-255,66,188476,44,360340
9665,0.01141,216.58.203.0-255,5738,194214,44,360340
9666,0.011423,172.31.46.0-255,66,194280,44,360340
9667,0.013048,216.58.203.0-255,5738,200018,44,360340
9668,0.013058,172.31.46.0-255,66,200084,44,360340
9669,0.014719,216.58.203.0-255,5738,205822,44,360340
9670,0.014726,172.31.46.0-255,66,205888,44,360340
9671,0.016359,216.58.203.0-255,5738,211626,44,360340
9672,0.016368,172.31.46.0-255,66,211692,44,360340
9673,0.017997,216.58.203.0-255,5738,217430,44,360340
9674,0.018004,172.31.46.0-255,66,217496,44,360340
9675,0.019636,216.58.203.0-255,5738,223234,44,360340
9676,0.019643,172.31.46.0-255,66,223300,44,360340
9677,0.021273,216.58.203.0-255,5738,229038,44,360340
9678,0.021282,172.31.46.0-255,66,229104,44,360340
9679,0.022916,216.58.203.0-255,5738,234842,44,360340
9680,0.022927,172.31.46.0-255,66,234908,44,360340
9681,0.024557,216.58.203.0-255,5738,240646,44,360340
9682,0.024568,172.31.46.0-255,66,240712,44,360340
9683,0.026198,216.58.203.0-255,5738,246450,44,360340
9684,0.026207,172.31.46.0-255,66,246516,44,360340
9685,0.027838,216.58.203.0-255,5738,252254,44,360340
9686,0.027847,172.31.46.0-255,66,252320,44,360340
9687,0.029479,216.58.203.0-255,5738,258058,44,360340
9688,0.029488,172.31.46.0-255,66,258124,44,360340
9689,0.030956,172.31.46.0-255,167,258291,44,360340
9690,0.030988,172.31.46.0-255,1113,259404,44,360340
9691,0.031058,172.31.46.0-255,1514,260918,44,360340
9692,0.03106,172.31.46.0-255,1514,262432,44,360340
9693,0.031062,172.31.46.0-255,1514,263946,44,360340
9694,0.031063,172.31.46.0-255,1514,265460,44,360340
9695,0.031089,172.31.46.0-255,557,266017,44,360340
9696,0.031121,216.58.203.0-255,5738,271755,44,360340
9697,0.031126,172.31.46.0-255,66,271821,44,360340
9698,0.0325,104.244.42.0-255,66,271887,44,360340
9699,0.032641,104.244.42.0-255,66,271953,44,360340
9700,0.032646,104.244.42.0-255,66,272019,44,360340
9701,0.032649,104.244.42.0-255,66,272085,44,360340
9702,0.032743,216.58.203.0-255,5738,277823,44,360340
9703,0.03275,172.31.46.0-255,66,277889,44,360340
9704,0.034379,216.58.203.0-255,5738,283627,44,360340
9705,0.034391,172.31.46.0-255,66,283693,44,360340
9706,0.036065,216.58.203.0-255,5738,289431,44,360340
9707,0.03608,172.31.46.0-255,66,289497,44,360340
9708,0.037724,216.58.203.0-255,5738,295235,44,360340
9709,0.037738,172.31.46.0-255,66,295301,44,360340
9710,0.039374,216.58.203.0-255,5738,301039,44,360340
9711,0.039385,172.31.46.0-255,66,301105,44,360340
9712,0.041023,216.58.203.0-255,5738,306843,44,360340
9713,0.041036,172.31.46.0-255,66,306909,44,360340
9714,0.042677,216.58.203.0-255,5738,312647,44,360340
9715,0.042685,172.31.46.0-255,66,312713,44,360340
9716,0.044319,216.58.203.0-255,5738,318451,44,360340
9717,0.044327,172.31.46.0-255,66,318517,44,360340
9718,0.045959,216.58.203.0-255,5738,324255,44,360340
9719,0.045966,172.31.46.0-255,66,324321,44,360340
9720,0.047594,216.58.203.0-255,5738,330059,44,360340
9721,0.0476,172.31.46.0-255,66,330125,44,360340
9722,0.049231,216.58.203.0-255,5738,335863,44,360340
9723,0.04924,172.31.46.0-255,66,335929,44,360340
9724,0.050872,216.58.203.0-255,5738,341667,44,360340
9725,0.050878,172.31.46.0-255,66,341733,44,360340
9726,0.052514,216.58.203.0-255,5738,347471,44,360340
9727,0.052521,172.31.46.0-255,66,347537,44,360340
9728,0.054163,216.58.203.0-255,5738,353275,44,360340
9729,0.05417,172.31.46.0-255,66,353341,44,360340
9730,0.055805,216.58.203.0-255,5738,359079,44,360340
9731,0.055811,172.31.46.0-255,66,359145,44,360340
9732,0.057418,216.58.203.0-255,958,360103,44,360340
9733,0.057528,172.31.46.0-255,66,360169,44,360340
9734,0.05756,172.31.46.0-255,105,360274,44,360340
9735,0.059141,216.58.203.0-255,66,360340,44,360340
9736,0.0,74.125.68.0-255,152,152,44,383825
9737,3.1e-05,172.31.46.0-255,66,218,44,383825
9738,3.8e-05,74.125.68.0-255,1484,1702,44,383825
9739,4.3e-05,172.31.46.0-255,66,1768,44,383825
9740,4.7e-05,74.125.68.0-255,2902,4670,44,383825
9741,5e-05,172.31.46.0-255,66,4736,44,383825
9742,7.7e-05,74.125.68.0-255,4320,9056,44,383825
9743,8.1e-05,172.31.46.0-255,66,9122,44,383825
9744,0.0001,74.125.68.0-255,1484,10606,44,383825
9745,0.000103,172.31.46.0-255,66,10672,44,383825
9746,0.000124,74.125.68.0-255,3501,14173,44,383825
9747,0.000127,172.31.46.0-255,66,14239,44,383825
9748,0.000509,74.125.68.0-255,1484,15723,44,383825
9749,0.000514,172.31.46.0-255,66,15789,44,383825
9750,0.000525,74.125.68.0-255,2902,18691,44,383825
9751,0.000528,172.31.46.0-255,66,18757,44,383825
9752,0.000548,74.125.68.0-255,5738,24495,44,383825
9753,0.000551,172.31.46.0-255,66,24561,44,383825
9754,0.000556,74.125.68.0-255,2902,27463,44,383825
9755,0.000558,172.31.46.0-255,66,27529,44,383825
9756,0.000563,74.125.68.0-255,3961,31490,44,383825
9757,0.000566,172.31.46.0-255,66,31556,44,383825
9758,0.000724,74.125.68.0-255,1484,33040,44,383825
9759,0.000729,172.31.46.0-255,66,33106,44,383825
9760,0.000734,74.125.68.0-255,2902,36008,44,383825
9761,0.000737,172.31.46.0-255,66,36074,44,383825
9762,0.000753,74.125.68.0-255,2902,38976,44,383825
9763,0.000755,172.31.46.0-255,66,39042,44,383825
9764,0.000779,74.125.68.0-255,7156,46198,44,383825
9765,0.000781,172.31.46.0-255,66,46264,44,383825
9766,0.000812,74.125.68.0-255,6797,53061,44,383825
9767,0.000815,172.31.46.0-255,66,53127,44,383825
9768,0.00082,74.125.68.0-255,4320,57447,44,383825
9769,0.000822,172.31.46.0-255,66,57513,44,383825
9770,0.000833,74.125.68.0-255,2902,60415,44,383825
9771,0.000835,172.31.46.0-255,66,60481,44,383825
9772,0.000846,74.125.68.0-255,1484,61965,44,383825
9773,0.000864,74.125.68.0-255,3961,65926,44,383825
9774,0.000867,172.31.46.0-255,66,65992,44,383825
9775,0.000897,74.125.68.0-255,677,66669,44,383825
9776,0.001222,74.125.68.0-255,1484,68153,44,383825
9777,0.001225,172.31.46.0-255,66,68219,44,383825
9778,0.00123,74.125.68.0-255,2902,71121,44,383825
9779,0.001232,172.31.46.0-255,66,71187,44,383825
9780,0.001252,74.125.68.0-255,4320,75507,44,383825
9781,0.001254,172.31.46.0-255,66,75573,44,383825
9782,0.001272,74.125.68.0-255,1484,77057,44,383825
9783,0.001274,74.125.68.0-255,1484,78541,44,383825
9784,0.001276,172.31.46.0-255,66,78607,44,383825
9785,0.001302,172.31.46.0-255,66,78673,44,383825
9786,0.001317,74.125.68.0-255,4320,82993,44,383825
9787,0.001319,172.31.46.0-255,66,83059,44,383825
9788,0.001341,172.31.46.0-255,66,83125,44,383825
9789,0.001359,74.125.68.0-255,766,83891,44,383825
9790,0.001574,74.125.68.0-255,1484,85375,44,383825
9791,0.001576,172.31.46.0-255,66,85441,44,383825
9792,0.001591,74.125.68.0-255,2902,88343,44,383825
9793,0.001593,172.31.46.0-255,66,88409,44,383825
9794,0.001595,74.125.68.0-255,1484,89893,44,383825
9795,0.001607,74.125.68.0-255,1484,91377,44,383825
9796,0.001609,172.31.46.0-255,66,91443,44,383825
9797,0.001633,74.125.68.0-255,1484,92927,44,383825
9798,0.001638,74.125.68.0-255,5738,98665,44,383825
9799,0.00164,172.31.46.0-255,66,98731,44,383825
9800,0.001655,74.125.68.0-255,2902,101633,44,383825
9801,0.001657,172.31.46.0-255,66,101699,44,383825
9802,0.001681,74.125.68.0-255,7156,108855,44,383825
9803,0.001683,172.31.46.0-255,66,108921,44,383825
9804,0.001707,74.125.68.0-255,2902,111823,44,383825
9805,0.001708,172.31.46.0-255,66,111889,44,383825
9806,0.001729,74.125.68.0-255,6438,118327,44,383825
9807,0.001731,172.31.46.0-255,66,118393,44,383825
9808,0.001765,74.125.68.0-255,1484,119877,44,383825
9809,0.001768,74.125.68.0-255,1484,121361,44,383825
9810,0.001769,172.31.46.0-255,66,121427,44,383825
9811,0.001783,74.125.68.0-255,1484,122911,44,383825
9812,0.001793,74.125.68.0-255,1484,124395,44,383825
9813,0.001795,172.31.46.0-255,66,124461,44,383825
9814,0.00181,74.125.68.0-255,4320,128781,44,383825
9815,0.001812,172.31.46.0-255,66,128847,44,383825
9816,0.001815,74.125.68.0-255,2902,131749,44,383825
9817,0.001817,172.31.46.0-255,66,131815,44,383825
9818,0.00182,74.125.68.0-255,1484,133299,44,383825
9819,0.001837,74.125.68.0-255,2902,136201,44,383825
9820,0.001839,172.31.46.0-255,66,136267,44,383825
9821,0.001843,74.125.68.0-255,2902,139169,44,383825
9822,0.001844,172.31.46.0-255,66,139235,44,383825
9823,0.00186,74.125.68.0-255,5738,144973,44,383825
9824,0.001862,172.31.46.0-255,66,145039,44,383825
9825,0.001864,74.125.68.0-255,1484,146523,44,383825
9826,0.001883,74.125.68.0-255,4320,150843,44,383825
9827,0.001885,172.31.46.0-255,66,150909,44,383825
9828,0.001914,74.125.68.0-255,2184,153093,44,383825
9829,0.001916,172.31.46.0-255,66,153159,44,383825
9830,0.00229,74.125.68.0-255,1484,154643,44,383825
9831,0.002308,74.125.68.0-255,2902,157545,44,383825
9832,0.00231,172.31.46.0-255,66,157611,44,383825
9833,0.002312,74.125.68.0-255,1484,159095,44,383825
9834,0.002315,74.125.68.0-255,1484,160579,44,383825
9835,0.002316,172.31.46.0-255,66,160645,44,383825
9836,0.002326,74.125.68.0-255,1484,162129,44,383825
9837,0.002338,74.125.68.0-255,2902,165031,44,383825
9838,0.00234,172.31.46.0-255,66,165097,44,383825
9839,0.002356,74.125.68.0-255,2902,167999,44,383825
9840,0.002358,172.31.46.0-255,66,168065,44,383825
9841,0.00236,74.125.68.0-255,1484,169549,44,383825
9842,0.004678,74.125.68.0-255,2902,172451,44,383825
9843,0.004686,172.31.46.0-255,66,172517,44,383825
9844,0.004704,74.125.68.0-255,1484,174001,44,383825
9845,0.007192,74.125.68.0-255,4320,178321,44,383825
9846,0.007255,172.31.46.0-255,66,178387,44,383825
9847,0.009618,74.125.68.0-255,5738,184125,44,383825
9848,0.009625,172.31.46.0-255,66,184191,44,383825
9849,0.011969,74.125.68.0-255,5738,189929,44,383825
9850,0.011976,172.31.46.0-255,66,189995,44,383825
9851,0.014321,74.125.68.0-255,5738,195733,44,383825
9852,0.014328,172.31.46.0-255,66,195799,44,383825
9853,0.016679,74.125.68.0-255,5738,201537,44,383825
9854,0.016686,172.31.46.0-255,66,201603,44,383825
9855,0.019039,74.125.68.0-255,5738,207341,44,383825
9856,0.019058,172.31.46.0-255,66,207407,44,383825
9857,0.021413,74.125.68.0-255,5738,213145,44,383825
9858,0.021421,172.31.46.0-255,66,213211,44,383825
9859,0.023795,74.125.68.0-255,5738,218949,44,383825
9860,0.023803,172.31.46.0-255,66,219015,44,383825
9861,0.026151,74.125.68.0-255,5738,224753,44,383825
9862,0.026158,172.31.46.0-255,66,224819,44,383825
9863,0.028505,74.125.68.0-255,5738,230557,44,383825
9864,0.028514,172.31.46.0-255,66,230623,44,383825
9865,0.030734,172.31.46.0-255,172,230795,44,383825
9866,0.030763,172.31.46.0-255,1114,231909,44,383825
9867,0.030828,172.31.46.0-255,1514,233423,44,383825
9868,0.03083,172.31.46.0-255,1514,234937,44,383825
9869,0.030835,172.31.46.0-255,1514,236451,44,383825
9870,0.030836,172.31.46.0-255,1514,237965,44,383825
9871,0.030854,172.31.46.0-255,1514,239479,44,383825
9872,0.030855,172.31.46.0-255,70,239549,44,383825
9873,0.030865,74.125.68.0-255,2902,242451,44,383825
9874,0.030873,172.31.46.0-255,66,242517,44,383825
9875,0.030938,74.125.68.0-255,2902,245419,44,383825
9876,0.03094,172.31.46.0-255,66,245485,44,383825
9877,0.032311,104.244.42.0-255,66,245551,44,383825
9878,0.032364,104.244.42.0-255,66,245617,44,383825
9879,0.032402,104.244.42.0-255,66,245683,44,383825
9880,0.032523,104.244.42.0-255,66,245749,44,383825
9881,0.03323,74.125.68.0-255,2902,248651,44,383825
9882,0.033235,172.31.46.0-255,66,248717,44,383825
9883,0.033266,74.125.68.0-255,2902,251619,44,383825
9884,0.033268,172.31.46.0-255,66,251685,44,383825
9885,0.035608,74.125.68.0-255,4320,256005,44,383825
9886,0.035613,172.31.46.0-255,66,256071,44,383825
9887,0.035632,74.125.68.0-255,1484,257555,44,383825
9888,0.037971,74.125.68.0-255,4320,261875,44,383825
9889,0.037978,172.31.46.0-255,66,261941,44,383825
9890,0.040354,74.125.68.0-255,5738,267679,44,383825
9891,0.040361,172.31.46.0-255,66,267745,44,383825
9892,0.042723,74.125.68.0-255,5738,273483,44,383825
9893,0.04273,172.31.46.0-255,66,273549,44,383825
9894,0.045077,74.125.68.0-255,5738,279287,44,383825
9895,0.045082,172.31.46.0-255,66,279353,44,383825
9896,0.047444,74.125.68.0-255,5738,285091,44,383825
9897,0.047452,172.31.46.0-255,66,285157,44,383825
9898,0.049845,74.125.68.0-255,5738,290895,44,383825
9899,0.049852,172.31.46.0-255,66,290961,44,383825
9900,0.052203,74.125.68.0-255,5738,296699,44,383825
9901,0.052209,172.31.46.0-255,66,296765,44,383825
9902,0.054558,74.125.68.0-255,5738,302503,44,383825
9903,0.054565,172.31.46.0-255,66,302569,44,383825
9904,0.056912,74.125.68.0-255,5738,308307,44,383825
9905,0.056917,172.31.46.0-255,66,308373,44,383825
9906,0.05933,74.125.68.0-255,5738,314111,44,383825
9907,0.059337,172.31.46.0-255,66,314177,44,383825
9908,0.061686,74.125.68.0-255,5738,319915,44,383825
9909,0.061692,172.31.46.0-255,66,319981,44,383825
9910,0.064041,74.125.68.0-255,5738,325719,44,383825
9911,0.064047,172.31.46.0-255,66,325785,44,383825
9912,0.066408,74.125.68.0-255,5738,331523,44,383825
9913,0.066414,172.31.46.0-255,66,331589,44,383825
9914,0.068766,74.125.68.0-255,5738,337327,44,383825
9915,0.068772,172.31.46.0-255,66,337393,44,383825
9916,0.071141,74.125.68.0-255,5738,343131,44,383825
9917,0.071146,172.31.46.0-255,66,343197,44,383825
9918,0.073495,74.125.68.0-255,5738,348935,44,383825
9919,0.073502,172.31.46.0-255,66,349001,44,383825
9920,0.075866,74.125.68.0-255,5738,354739,44,383825
9921,0.075871,172.31.46.0-255,66,354805,44,383825
9922,0.078229,74.125.68.0-255,5738,360543,44,383825
9923,0.078234,172.31.46.0-255,66,360609,44,383825
9924,0.080611,74.125.68.0-255,5738,366347,44,383825
9925,0.080618,172.31.46.0-255,66,366413,44,383825
9926,0.082981,74.125.68.0-255,5738,372151,44,383825
9927,0.082986,172.31.46.0-255,66,372217,44,383825
9928,0.085363,74.125.68.0-255,5738,377955,44,383825
9929,0.085369,172.31.46.0-255,66,378021,44,383825
9930,0.087727,74.125.68.0-255,5738,383759,44,383825
9931,0.087732,172.31.46.0-255,66,383825,44,383825
9932,0.0,74.125.130.0-255,153,153,44,404235
9933,1.7e-05,172.31.46.0-255,66,219,44,404235
9934,2.4e-05,74.125.130.0-255,1484,1703,44,404235
9935,2.8e-05,172.31.46.0-255,66,1769,44,404235
9936,3.4e-05,74.125.130.0-255,2902,4671,44,404235
9937,3.7e-05,172.31.46.0-255,66,4737,44,404235
9938,5.9e-05,74.125.130.0-255,2902,7639,44,404235
9939,6.2e-05,172.31.46.0-255,66,7705,44,404235
9940,6.8e-05,74.125.130.0-255,4320,12025,44,404235
9941,7.1e-05,172.31.46.0-255,66,12091,44,404235
9942,9.4e-05,74.125.130.0-255,4320,16411,44,404235
9943,9.7e-05,172.31.46.0-255,66,16477,44,404235
9944,0.000118,74.125.130.0-255,4922,21399,44,404235
9945,0.00012,172.31.46.0-255,66,21465,44,404235
9946,0.000127,74.125.130.0-255,5738,27203,44,404235
9947,0.000129,172.31.46.0-255,66,27269,44,404235
9948,0.000151,74.125.130.0-255,3961,31230,44,404235
9949,0.000154,172.31.46.0-255,66,31296,44,404235
9950,0.000212,74.125.130.0-255,1484,32780,44,404235
9951,0.000215,172.31.46.0-255,66,32846,44,404235
9952,0.000231,74.125.130.0-255,2902,35748,44,404235
9953,0.000234,172.31.46.0-255,66,35814,44,404235
9954,0.000251,74.125.130.0-255,4320,40134,44,404235
9955,0.000254,172.31.46.0-255,66,40200,44,404235
9956,0.000257,74.125.130.0-255,1484,41684,44,404235
9957,0.000259,172.31.46.0-255,66,41750,44,404235
9958,0.000284,74.125.130.0-255,4320,46070,44,404235
9959,0.000287,172.31.46.0-255,66,46136,44,404235
9960,0.000303,74.125.130.0-255,2543,48679,44,404235
9961,0.000306,172.31.46.0-255,66,48745,44,404235
9962,0.000568,74.125.130.0-255,1484,50229,44,404235
9963,0.000574,172.31.46.0-255,66,50295,44,404235
9964,0.000589,74.125.130.0-255,2902,53197,44,404235
9965,0.000591,172.31.46.0-255,66,53263,44,404235
9966,0.00061,74.125.130.0-255,4320,57583,44,404235
9967,0.000612,172.31.46.0-255,66,57649,44,404235
9968,0.000616,74.125.130.0-255,1484,59133,44,404235
9969,0.000636,74.125.130.0-255,4320,63453,44,404235
9970,0.000639,172.31.46.0-255,66,63519,44,404235
9971,0.000658,74.125.130.0-255,2543,66062,44,404235
9972,0.000661,172.31.46.0-255,66,66128,44,404235
9973,0.000813,74.125.130.0-255,1484,67612,44,404235
9974,0.000831,74.125.130.0-255,2902,70514,44,404235
9975,0.000835,172.31.46.0-255,66,70580,44,404235
9976,0.000853,74.125.130.0-255,2902,73482,44,404235
9977,0.000856,172.31.46.0-255,66,73548,44,404235
9978,0.000884,74.125.130.0-255,2902,76450,44,404235
9979,0.000887,172.31.46.0-255,66,76516,44,404235
9980,0.000894,74.125.130.0-255,6797,83313,44,404235
9981,0.000897,172.31.46.0-255,66,83379,44,404235
9982,0.0009,74.125.130.0-255,1484,84863,44,404235
9983,0.000919,74.125.130.0-255,5738,90601,44,404235
9984,0.000922,172.31.46.0-255,66,90667,44,404235
9985,0.000925,74.125.130.0-255,1484,92151,44,404235
9986,0.000947,74.125.130.0-255,5738,97889,44,404235
9987,0.00095,172.31.46.0-255,66,97955,44,404235
9988,0.000968,74.125.130.0-255,1484,99439,44,404235
9989,0.000972,74.125.130.0-255,1705,101144,44,404235
9990,0.000974,172.31.46.0-255,66,101210,44,404235
9991,0.001062,74.125.130.0-255,1484,102694,44,404235
9992,0.001078,74.125.130.0-255,2902,105596,44,404235
9993,0.001081,172.31.46.0-255,66,105662,44,404235
9994,0.001114,74.125.130.0-255,5738,111400,44,404235
9995,0.001116,172.31.46.0-255,66,111466,44,404235
9996,0.001136,74.125.130.0-255,6133,117599,44,404235
9997,0.001138,172.31.46.0-255,66,117665,44,404235
9998,0.001286,74.125.130.0-255,1484,119149,44,404235
9999,0.001299,74.125.130.0-255,1484,120633,44,404235
10000,0.001303,172.31.46.0-255,66,120699,44,404235
10001,0.001323,74.125.130.0-255,1484,122183,44,404235
10002,0.001326,74.125.130.0-255,1484,123667,44,404235
10003,0.001328,172.31.46.0-255,66,123733,44,404235
10004,0.001333,74.125.130.0-255,2902,126635,44,404235
10005,0.001336,172.31.46.0-255,66,126701,44,404235
10006,0.001342,74.125.130.0-255,5738,132439,44,404235
10007,0.001344,172.31.46.0-255,66,132505,44,404235
10008,0.001375,172.31.46.0-255,66,132571,44,404235
10009,0.001419,74.125.130.0-255,7156,139727,44,404235
10010,0.001424,172.31.46.0-255,66,139793,44,404235
10011,0.001435,74.125.130.0-255,2184,141977,44,404235
10012,0.001437,172.31.46.0-255,66,142043,44,404235
10013,0.00338,74.125.130.0-255,2902,144945,44,404235
10014,0.003387,172.31.46.0-255,66,145011,44,404235
10015,0.003409,74.125.130.0-255,2902,147913,44,404235
10016,0.003411,172.31.46.0-255,66,147979,44,404235
10017,0.005339,74.125.130.0-255,2902,150881,44,404235
10018,0.005343,172.31.46.0-255,66,150947,44,404235
10019,0.005365,74.125.130.0-255,2902,153849,44,404235
10020,0.005367,172.31.46.0-255,66,153915,44,404235
10021,0.00729,74.125.130.0-255,1484,155399,44,404235
10022,0.007308,74.125.130.0-255,4320,159719,44,404235
10023,0.00731,172.31.46.0-255,66,159785,44,404235
10024,0.009274,74.125.130.0-255,5738,165523,44,404235
10025,0.00928,172.31.46.0-255,66,165589,44,404235
10026,0.011291,74.125.130.0-255,5738,171327,44,404235
10027,0.011298,172.31.46.0-255,66,171393,44,404235
10028,0.013268,74.125.130.0-255,5738,177131,44,404235
10029,0.013274,172.31.46.0-255,66,177197,44,404235
10030,0.015247,74.125.130.0-255,5738,182935,44,404235
10031,0.015255,172.31.46.0-255,66,183001,44,404235
10032,0.017216,74.125.130.0-255,5738,188739,44,404235
10033,0.017223,172.31.46.0-255,66,188805,44,404235
10034,0.019184,74.125.130.0-255,5738,194543,44,404235
10035,0.01919,172.31.46.0-255,66,194609,44,404235
10036,0.021168,74.125.130.0-255,5738,200347,44,404235
10037,0.021174,172.31.46.0-255,66,200413,44,404235
10038,0.023141,74.125.130.0-255,5738,206151,44,404235
10039,0.023149,172.31.46.0-255,66,206217,44,404235
10040,0.025135,74.125.130.0-255,5738,211955,44,404235
10041,0.02514,172.31.46.0-255,66,212021,44,404235
10042,0.027102,74.125.130.0-255,5738,217759,44,404235
10043,0.027108,172.31.46.0-255,66,217825,44,404235
10044,0.029099,74.125.130.0-255,5738,223563,44,404235
10045,0.029108,172.31.46.0-255,66,223629,44,404235
10046,0.031092,74.125.130.0-255,5738,229367,44,404235
10047,0.031098,172.31.46.0-255,66,229433,44,404235
10048,0.031908,172.31.46.0-255,172,229605,44,404235
10049,0.031943,172.31.46.0-255,1114,230719,44,404235
10050,0.032014,172.31.46.0-255,1514,232233,44,404235
10051,0.032016,172.31.46.0-255,1514,233747,44,404235
10052,0.032017,172.31.46.0-255,1514,235261,44,404235
10053,0.032019,172.31.46.0-255,1514,236775,44,404235
10054,0.032046,172.31.46.0-255,1514,238289,44,404235
10055,0.032047,172.31.46.0-255,70,238359,44,404235
10056,0.033107,74.125.130.0-255,5738,244097,44,404235
10057,0.033114,172.31.46.0-255,66,244163,44,404235
10058,0.033439,104.244.42.0-255,66,244229,44,404235
10059,0.033488,104.244.42.0-255,66,244295,44,404235
10060,0.033588,104.244.42.0-255,66,244361,44,404235
10061,0.033595,104.244.42.0-255,66,244427,44,404235
10062,0.03507,74.125.130.0-255,5738,250165,44,404235
10063,0.035077,172.31.46.0-255,66,250231,44,404235
10064,0.037049,74.125.130.0-255,5738,255969,44,404235
10065,0.037055,172.31.46.0-255,66,256035,44,404235
10066,0.039012,74.125.130.0-255,4320,260355,44,404235
10067,0.039018,172.31.46.0-255,66,260421,44,404235
10068,0.039039,74.125.130.0-255,1484,261905,44,404235
10069,0.04097,74.125.130.0-255,4320,266225,44,404235
10070,0.040976,172.31.46.0-255,66,266291,44,404235
10071,0.042946,74.125.130.0-255,5738,272029,44,404235
10072,0.042954,172.31.46.0-255,66,272095,44,404235
10073,0.04492,74.125.130.0-255,5738,277833,44,404235
10074,0.044926,172.31.46.0-255,66,277899,44,404235
10075,0.046881,74.125.130.0-255,4320,282219,44,404235
10076,0.046885,172.31.46.0-255,66,282285,44,404235
10077,0.046906,74.125.130.0-255,1484,283769,44,404235
10078,0.048862,74.125.130.0-255,4320,288089,44,404235
10079,0.048868,172.31.46.0-255,66,288155,44,404235
10080,0.05084,74.125.130.0-255,5738,293893,44,404235
10081,0.050845,172.31.46.0-255,66,293959,44,404235
10082,0.052818,74.125.130.0-255,5738,299697,44,404235
10083,0.052823,172.31.46.0-255,66,299763,44,404235
10084,0.054802,74.125.130.0-255,5738,305501,44,404235
10085,0.054809,172.31.46.0-255,66,305567,44,404235
10086,0.056768,74.125.130.0-255,5738,311305,44,404235
10087,0.056774,172.31.46.0-255,66,311371,44,404235
10088,0.058744,74.125.130.0-255,5738,317109,44,404235
10089,0.058751,172.31.46.0-255,66,317175,44,404235
10090,0.060724,74.125.130.0-255,5738,322913,44,404235
10091,0.06073,172.31.46.0-255,66,322979,44,404235
10092,0.062707,74.125.130.0-255,5738,328717,44,404235
10093,0.062715,172.31.46.0-255,66,328783,44,404235
10094,0.064691,74.125.130.0-255,5738,334521,44,404235
10095,0.064698,172.31.46.0-255,66,334587,44,404235
10096,0.06666,74.125.130.0-255,5738,340325,44,404235
10097,0.066666,172.31.46.0-255,66,340391,44,404235
10098,0.068622,74.125.130.0-255,5738,346129,44,404235
10099,0.068628,172.31.46.0-255,66,346195,44,404235
10100,0.070598,74.125.130.0-255,5738,351933,44,404235
10101,0.070604,172.31.46.0-255,66,351999,44,404235
10102,0.072558,74.125.130.0-255,5738,357737,44,404235
10103,0.072564,172.31.46.0-255,66,357803,44,404235
10104,0.074524,74.125.130.0-255,5738,363541,44,404235
10105,0.07453,172.31.46.0-255,66,363607,44,404235
10106,0.076496,74.125.130.0-255,5738,369345,44,404235
10107,0.076502,172.31.46.0-255,66,369411,44,404235
10108,0.078459,74.125.130.0-255,5738,375149,44,404235
10109,0.078465,172.31.46.0-255,66,375215,44,404235
10110,0.080432,74.125.130.0-255,5738,380953,44,404235
10111,0.080438,172.31.46.0-255,66,381019,44,404235
10112,0.082408,74.125.130.0-255,5738,386757,44,404235
10113,0.082415,172.31.46.0-255,66,386823,44,404235
10114,0.084389,74.125.130.0-255,5738,392561,44,404235
10115,0.084397,172.31.46.0-255,66,392627,44,404235
10116,0.086382,74.125.130.0-255,5738,398365,44,404235
10117,0.086392,172.31.46.0-255,66,398431,44,404235
10118,0.088363,74.125.130.0-255,5738,404169,44,404235
10119,0.088368,172.31.46.0-255,66,404235,44,404235
10120,0.0,74.125.24.0-255,438,438,44,331501
10121,2.5e-05,172.31.46.0-255,66,504,44,331501
10122,3.1e-05,74.125.24.0-255,1484,1988,44,331501
10123,3.5e-05,172.31.46.0-255,66,2054,44,331501
10124,4.2e-05,74.125.24.0-255,4320,6374,44,331501
10125,4.5e-05,172.31.46.0-255,66,6440,44,331501
10126,4.8e-05,74.125.24.0-255,1484,7924,44,331501
10127,5.1e-05,172.31.46.0-255,66,7990,44,331501
10128,8.1e-05,74.125.24.0-255,4320,12310,44,331501
10129,8.4e-05,172.31.46.0-255,66,12376,44,331501
10130,0.0001,74.125.24.0-255,1742,14118,44,331501
10131,0.000102,172.31.46.0-255,66,14184,44,331501
10132,0.000106,74.125.24.0-255,1484,15668,44,331501
10133,0.000108,172.31.46.0-255,66,15734,44,331501
10134,0.000136,74.125.24.0-255,5738,21472,44,331501
10135,0.000138,172.31.46.0-255,66,21538,44,331501
10136,0.000142,74.125.24.0-255,2902,24440,44,331501
10137,0.000144,172.31.46.0-255,66,24506,44,331501
10138,0.00015,74.125.24.0-255,4320,28826,44,331501
10139,0.000152,172.31.46.0-255,66,28892,44,331501
10140,0.000186,172.31.46.0-255,66,28958,44,331501
10141,0.000191,74.125.24.0-255,4320,33278,44,331501
10142,0.000193,172.31.46.0-255,66,33344,44,331501
10143,0.000232,74.125.24.0-255,6438,39782,44,331501
10144,0.000235,172.31.46.0-255,66,39848,44,331501
10145,0.000298,74.125.24.0-255,1484,41332,44,331501
10146,0.000301,172.31.46.0-255,66,41398,44,331501
10147,0.000306,74.125.24.0-255,2902,44300,44,331501
10148,0.000308,172.31.46.0-255,66,44366,44,331501
10149,0.000337,74.125.24.0-255,4320,48686,44,331501
10150,0.00034,172.31.46.0-255,66,48752,44,331501
10151,0.000372,74.125.24.0-255,129,48881,44,331501
10152,0.000478,74.125.24.0-255,1484,50365,44,331501
10153,0.000493,74.125.24.0-255,2902,53267,44,331501
10154,0.000518,74.125.24.0-255,5738,59005,44,331501
10155,0.000523,74.125.24.0-255,2902,61907,44,331501
10156,0.000552,74.125.24.0-255,1484,63391,44,331501
10157,0.000584,74.125.24.0-255,4320,67711,44,331501
10158,0.000607,74.125.24.0-255,5738,73449,44,331501
10159,0.00061,74.125.24.0-255,766,74215,44,331501
10160,0.000663,172.31.46.0-255,66,74281,44,331501
10161,0.000995,74.125.24.0-255,1484,75765,44,331501
10162,0.001,74.125.24.0-255,1484,77249,44,331501
10163,0.001009,172.31.46.0-255,66,77315,44,331501
10164,0.001018,74.125.24.0-255,1484,78799,44,331501
10165,0.00102,74.125.24.0-255,1484,80283,44,331501
10166,0.001025,172.31.46.0-255,66,80349,44,331501
10167,0.001038,74.125.24.0-255,4320,84669,44,331501
10168,0.001043,74.125.24.0-255,2902,87571,44,331501
10169,0.001067,74.125.24.0-255,5738,93309,44,331501
10170,0.001081,74.125.24.0-255,4320,97629,44,331501
10171,0.001086,172.31.46.0-255,66,97695,44,331501
10172,0.001124,172.31.46.0-255,66,97761,44,331501
10173,0.001137,74.125.24.0-255,2184,99945,44,331501
10174,0.001153,172.31.46.0-255,66,100011,44,331501
10175,0.001696,74.125.24.0-255,1484,101495,44,331501
10176,0.001704,74.125.24.0-255,2902,104397,44,331501
10177,0.001708,172.31.46.0-255,66,104463,44,331501
10178,0.001713,74.125.24.0-255,2902,107365,44,331501
10179,0.00173,74.125.24.0-255,2902,110267,44,331501
10180,0.001733,172.31.46.0-255,66,110333,44,331501
10181,0.001768,74.125.24.0-255,2902,113235,44,331501
10182,0.001772,172.31.46.0-255,66,113301,44,331501
10183,0.001841,172.31.46.0-255,66,113367,44,331501
10184,0.004145,74.125.24.0-255,5738,119105,44,331501
10185,0.004156,172.31.46.0-255,66,119171,44,331501
10186,0.006461,74.125.24.0-255,5738,124909,44,331501
10187,0.008431,172.31.46.0-255,66,124975,44,331501
10188,0.010706,74.125.24.0-255,5738,130713,44,331501
10189,0.010721,172.31.46.0-255,66,130779,44,331501
10190,0.013017,74.125.24.0-255,5738,136517,44,331501
10191,0.013035,172.31.46.0-255,66,136583,44,331501
10192,0.01533,74.125.24.0-255,5738,142321,44,331501
10193,0.015346,172.31.46.0-255,66,142387,44,331501
10194,0.017639,74.125.24.0-255,5738,148125,44,331501
10195,0.017652,172.31.46.0-255,66,148191,44,331501
10196,0.019955,74.125.24.0-255,5738,153929,44,331501
10197,0.019969,172.31.46.0-255,66,153995,44,331501
10198,0.022243,74.125.24.0-255,5738,159733,44,331501
10199,0.023441,172.31.46.0-255,66,159799,44,331501
10200,0.02577,74.125.24.0-255,5738,165537,44,331501
10201,0.025782,172.31.46.0-255,66,165603,44,331501
10202,0.02809,74.125.24.0-255,5738,171341,44,331501
10203,0.028106,172.31.46.0-255,66,171407,44,331501
10204,0.030426,74.125.24.0-255,5738,177145,44,331501
10205,0.030443,172.31.46.0-255,66,177211,44,331501
10206,0.032745,74.125.24.0-255,5738,182949,44,331501
10207,0.032764,172.31.46.0-255,66,183015,44,331501
10208,0.035068,74.125.24.0-255,5738,188753,44,331501
10209,0.035084,172.31.46.0-255,66,188819,44,331501
10210,0.037426,74.125.24.0-255,5738,194557,44,331501
10211,0.037441,172.31.46.0-255,66,194623,44,331501
10212,0.039794,74.125.24.0-255,5738,200361,44,331501
10213,0.039811,172.31.46.0-255,66,200427,44,331501
10214,0.042199,74.125.24.0-255,5738,206165,44,331501
10215,0.042215,172.31.46.0-255,66,206231,44,331501
10216,0.044499,74.125.24.0-255,5738,211969,44,331501
10217,0.044516,172.31.46.0-255,66,212035,44,331501
10218,0.046799,74.125.24.0-255,5738,217773,44,331501
10219,0.046814,172.31.46.0-255,66,217839,44,331501
10220,0.049157,74.125.24.0-255,5738,223577,44,331501
10221,0.049173,172.31.46.0-255,66,223643,44,331501
10222,0.051448,74.125.24.0-255,5738,229381,44,331501
10223,0.051462,172.31.46.0-255,66,229447,44,331501
10224,0.053757,74.125.24.0-255,5738,235185,44,331501
10225,0.053769,172.31.46.0-255,66,235251,44,331501
10226,0.056066,74.125.24.0-255,5738,240989,44,331501
10227,0.056082,172.31.46.0-255,66,241055,44,331501
10228,0.058367,74.125.24.0-255,5738,246793,44,331501
10229,0.058381,172.31.46.0-255,66,246859,44,331501
10230,0.060698,74.125.24.0-255,5738,252597,44,331501
10231,0.060717,172.31.46.0-255,66,252663,44,331501
10232,0.062974,74.125.24.0-255,5738,258401,44,331501
10233,0.062987,172.31.46.0-255,66,258467,44,331501
10234,0.065269,74.125.24.0-255,5738,264205,44,331501
10235,0.065277,172.31.46.0-255,66,264271,44,331501
10236,0.065479,172.31.46.0-255,172,264443,44,331501
10237,0.06551,172.31.46.0-255,1109,265552,44,331501
10238,0.065586,172.31.46.0-255,1514,267066,44,331501
10239,0.065588,172.31.46.0-255,1514,268580,44,331501
10240,0.06559,172.31.46.0-255,1514,270094,44,331501
10241,0.065596,172.31.46.0-255,1514,271608,44,331501
10242,0.065597,172.31.46.0-255,1514,273122,44,331501
10243,0.065598,172.31.46.0-255,75,273197,44,331501
10244,0.067043,104.244.42.0-255,66,273263,44,331501
10245,0.067078,104.244.42.0-255,66,273329,44,331501
10246,0.067195,104.244.42.0-255,66,273395,44,331501
10247,0.067201,104.244.42.0-255,66,273461,44,331501
10248,0.067598,74.125.24.0-255,5738,279199,44,331501
10249,0.067608,172.31.46.0-255,66,279265,44,331501
10250,0.069871,74.125.24.0-255,5738,285003,44,331501
10251,0.069881,172.31.46.0-255,66,285069,44,331501
10252,0.072242,74.125.24.0-255,5738,290807,44,331501
10253,0.072259,172.31.46.0-255,66,290873,44,331501
10254,0.07456,74.125.24.0-255,5738,296611,44,331501
10255,0.074572,172.31.46.0-255,66,296677,44,331501
10256,0.076828,74.125.24.0-255,5738,302415,44,331501
10257,0.076837,172.31.46.0-255,66,302481,44,331501
10258,0.079162,74.125.24.0-255,5738,308219,44,331501
10259,0.079174,172.31.46.0-255,66,308285,44,331501
10260,0.08147,74.125.24.0-255,5738,314023,44,331501
10261,0.081477,172.31.46.0-255,66,314089,44,331501
10262,0.083738,74.125.24.0-255,5738,319827,44,331501
10263,0.083744,172.31.46.0-255,66,319893,44,331501
10264,0.08603,74.125.24.0-255,5738,325631,44,331501
10265,0.086036,172.31.46.0-255,66,325697,44,331501
10266,0.088292,74.125.24.0-255,5738,331435,44,331501
10267,0.088298,172.31.46.0-255,66,331501,44,331501
10268,0.0,74.125.200.0-255,147,147,44,355583
10269,1.6e-05,172.31.46.0-255,66,213,44,355583
10270,2.3e-05,74.125.200.0-255,1484,1697,44,355583
10271,2.8e-05,172.31.46.0-255,66,1763,44,355583
10272,4.6e-05,74.125.200.0-255,1484,3247,44,355583
10273,4.9e-05,172.31.46.0-255,66,3313,44,355583
10274,7.3e-05,74.125.200.0-255,1484,4797,44,355583
10275,7.6e-05,172.31.46.0-255,66,4863,44,355583
10276,8.3e-05,74.125.200.0-255,4320,9183,44,355583
10277,8.5e-05,172.31.46.0-255,66,9249,44,355583
10278,0.000119,74.125.200.0-255,5738,14987,44,355583
10279,0.000121,172.31.46.0-255,66,15053,44,355583
10280,0.000143,74.125.200.0-255,3461,18514,44,355583
10281,0.000145,172.31.46.0-255,66,18580,44,355583
10282,0.000151,74.125.200.0-255,4320,22900,44,355583
10283,0.000153,172.31.46.0-255,66,22966,44,355583
10284,0.000176,74.125.200.0-255,4320,27286,44,355583
10285,0.000178,172.31.46.0-255,66,27352,44,355583
10286,0.000202,74.125.200.0-255,3961,31313,44,355583
10287,0.000205,172.31.46.0-255,66,31379,44,355583
10288,0.000997,74.125.200.0-255,1484,32863,44,355583
10289,0.001003,172.31.46.0-255,66,32929,44,355583
10290,0.001012,74.125.200.0-255,2902,35831,44,355583
10291,0.001015,172.31.46.0-255,66,35897,44,355583
10292,0.001021,74.125.200.0-255,2902,38799,44,355583
10293,0.001023,172.31.46.0-255,66,38865,44,355583
10294,0.001048,74.125.200.0-255,2902,41767,44,355583
10295,0.001051,172.31.46.0-255,66,41833,44,355583
10296,0.001054,74.125.200.0-255,1484,43317,44,355583
10297,0.001056,172.31.46.0-255,66,43383,44,355583
10298,0.001078,74.125.200.0-255,2902,46285,44,355583
10299,0.00108,172.31.46.0-255,66,46351,44,355583
10300,0.001083,74.125.200.0-255,1484,47835,44,355583
10301,0.001131,74.125.200.0-255,2543,50378,44,355583
10302,0.001134,172.31.46.0-255,66,50444,44,355583
10303,0.00114,74.125.200.0-255,5738,56182,44,355583
10304,0.001142,172.31.46.0-255,66,56248,44,355583
10305,0.001148,74.125.200.0-255,5738,61986,44,355583
10306,0.00115,172.31.46.0-255,66,62052,44,355583
10307,0.001178,74.125.200.0-255,2902,64954,44,355583
10308,0.00118,172.31.46.0-255,66,65020,44,355583
10309,0.001197,74.125.200.0-255,1401,66421,44,355583
10310,0.001273,74.125.200.0-255,126,66547,44,355583
10311,0.001912,74.125.200.0-255,1484,68031,44,355583
10312,0.001918,172.31.46.0-255,66,68097,44,355583
10313,0.001925,74.125.200.0-255,2902,70999,44,355583
10314,0.001929,172.31.46.0-255,66,71065,44,355583
10315,0.001936,74.125.200.0-255,5738,76803,44,355583
10316,0.001938,172.31.46.0-255,66,76869,44,355583
10317,0.001941,74.125.200.0-255,1484,78353,44,355583
10318,0.001964,74.125.200.0-255,1484,79837,44,355583
10319,0.001966,172.31.46.0-255,66,79903,44,355583
10320,0.001974,74.125.200.0-255,5738,85641,44,355583
10321,0.001976,172.31.46.0-255,66,85707,44,355583
10322,0.001994,74.125.200.0-255,4320,90027,44,355583
10323,0.001997,172.31.46.0-255,66,90093,44,355583
10324,0.00201,74.125.200.0-255,2902,92995,44,355583
10325,0.002013,172.31.46.0-255,66,93061,44,355583
10326,0.002035,172.31.46.0-255,66,93127,44,355583
10327,0.002111,74.125.200.0-255,1484,94611,44,355583
10328,0.002127,74.125.200.0-255,2902,97513,44,355583
10329,0.002129,172.31.46.0-255,66,97579,44,355583
10330,0.002132,74.125.200.0-255,1484,99063,44,355583
10331,0.00215,74.125.200.0-255,4320,103383,44,355583
10332,0.002153,172.31.46.0-255,66,103449,44,355583
10333,0.002156,74.125.200.0-255,1484,104933,44,355583
10334,0.00217,74.125.200.0-255,1484,106417,44,355583
10335,0.002172,172.31.46.0-255,66,106483,44,355583
10336,0.002186,74.125.200.0-255,1484,107967,44,355583
10337,0.002213,74.125.200.0-255,7156,115123,44,355583
10338,0.002215,172.31.46.0-255,66,115189,44,355583
10339,0.002229,74.125.200.0-255,1484,116673,44,355583
10340,0.002234,74.125.200.0-255,2902,119575,44,355583
10341,0.002236,172.31.46.0-255,66,119641,44,355583
10342,0.002241,74.125.200.0-255,4320,123961,44,355583
10343,0.002244,172.31.46.0-255,66,124027,44,355583
10344,0.004448,74.125.200.0-255,1484,125511,44,355583
10345,0.004469,74.125.200.0-255,4320,129831,44,355583
10346,0.004474,172.31.46.0-255,66,129897,44,355583
10347,0.0067,74.125.200.0-255,5738,135635,44,355583
10348,0.006706,172.31.46.0-255,66,135701,44,355583
10349,0.00893,74.125.200.0-255,5738,141439,44,355583
10350,0.008937,172.31.46.0-255,66,141505,44,355583
10351,0.011166,74.125.200.0-255,5738,147243,44,355583
10352,0.011173,172.31.46.0-255,66,147309,44,355583
10353,0.013401,74.125.200.0-255,4320,151629,44,355583
10354,0.013408,172.31.46.0-255,66,151695,44,355583
10355,0.013427,74.125.200.0-255,1484,153179,44,355583
10356,0.015649,74.125.200.0-255,4320,157499,44,355583
10357,0.015659,172.31.46.0-255,66,157565,44,355583
10358,0.01789,74.125.200.0-255,5738,163303,44,355583
10359,0.017898,172.31.46.0-255,66,163369,44,355583
10360,0.020125,74.125.200.0-255,5738,169107,44,355583
10361,0.020132,172.31.46.0-255,66,169173,44,355583
10362,0.022354,74.125.200.0-255,5738,174911,44,355583
10363,0.022362,172.31.46.0-255,66,174977,44,355583
10364,0.024603,74.125.200.0-255,5738,180715,44,355583
10365,0.024611,172.31.46.0-255,66,180781,44,355583
10366,0.026842,74.125.200.0-255,5738,186519,44,355583
10367,0.026857,172.31.46.0-255,66,186585,44,355583
10368,0.029099,74.125.200.0-255,5738,192323,44,355583
10369,0.029115,172.31.46.0-255,66,192389,44,355583
10370,0.031389,74.125.200.0-255,5738,198127,44,355583
10371,0.031404,172.31.46.0-255,66,198193,44,355583
10372,0.033193,172.31.46.0-255,172,198365,44,355583
10373,0.033226,172.31.46.0-255,1114,199479,44,355583
10374,0.033303,172.31.46.0-255,1514,200993,44,355583
10375,0.033305,172.31.46.0-255,1514,202507,44,355583
10376,0.03331,172.31.46.0-255,1514,204021,44,355583
10377,0.033312,172.31.46.0-255,1514,205535,44,355583
10378,0.033331,172.31.46.0-255,1514,207049,44,355583
10379,0.033336,172.31.46.0-255,70,207119,44,355583
10380,0.03362,74.125.200.0-255,5738,212857,44,355583
10381,0.033626,172.31.46.0-255,66,212923,44,355583
10382,0.03472,104.244.42.0-255,66,212989,44,355583
10383,0.034772,104.244.42.0-255,66,213055,44,355583
10384,0.034862,104.244.42.0-255,66,213121,44,355583
10385,0.034869,104.244.42.0-255,66,213187,44,355583
10386,0.03585,74.125.200.0-255,5738,218925,44,355583
10387,0.035858,172.31.46.0-255,66,218991,44,355583
10388,0.038099,74.125.200.0-255,5738,224729,44,355583
10389,0.038108,172.31.46.0-255,66,224795,44,355583
10390,0.040378,74.125.200.0-255,5738,230533,44,355583
10391,0.040385,172.31.46.0-255,66,230599,44,355583
10392,0.042607,74.125.200.0-255,5738,236337,44,355583
10393,0.042616,172.31.46.0-255,66,236403,44,355583
10394,0.044852,74.125.200.0-255,4320,240723,44,355583
10395,0.04486,172.31.46.0-255,66,240789,44,355583
10396,0.04488,74.125.200.0-255,1484,242273,44,355583
10397,0.047103,74.125.200.0-255,4320,246593,44,355583
10398,0.047118,172.31.46.0-255,66,246659,44,355583
10399,0.049351,74.125.200.0-255,5738,252397,44,355583
10400,0.049361,172.31.46.0-255,66,252463,44,355583
10401,0.051583,74.125.200.0-255,5738,258201,44,355583
10402,0.05159,172.31.46.0-255,66,258267,44,355583
10403,0.053823,74.125.200.0-255,5738,264005,44,355583
10404,0.053832,172.31.46.0-255,66,264071,44,355583
10405,0.056053,74.125.200.0-255,5738,269809,44,355583
10406,0.056061,172.31.46.0-255,66,269875,44,355583
10407,0.058342,74.125.200.0-255,5738,275613,44,355583
10408,0.05835,172.31.46.0-255,66,275679,44,355583
10409,0.060582,74.125.200.0-255,5738,281417,44,355583
10410,0.06059,172.31.46.0-255,66,281483,44,355583
10411,0.062819,74.125.200.0-255,5738,287221,44,355583
10412,0.062827,172.31.46.0-255,66,287287,44,355583
10413,0.065059,74.125.200.0-255,5738,293025,44,355583
10414,0.065067,172.31.46.0-255,66,293091,44,355583
10415,0.067293,74.125.200.0-255,5738,298829,44,355583
10416,0.067301,172.31.46.0-255,66,298895,44,355583
10417,0.069521,74.125.200.0-255,4320,303215,44,355583
10418,0.06953,172.31.46.0-255,66,303281,44,355583
10419,0.069551,74.125.200.0-255,1484,304765,44,355583
10420,0.071766,74.125.200.0-255,4320,309085,44,355583
10421,0.071775,172.31.46.0-255,66,309151,44,355583
10422,0.074009,74.125.200.0-255,5738,314889,44,355583
10423,0.074017,172.31.46.0-255,66,314955,44,355583
10424,0.076272,74.125.200.0-255,5738,320693,44,355583
10425,0.07628,172.31.46.0-255,66,320759,44,355583
10426,0.078511,74.125.200.0-255,5738,326497,44,355583
10427,0.078519,172.31.46.0-255,66,326563,44,355583
10428,0.080752,74.125.200.0-255,5738,332301,44,355583
10429,0.08076,172.31.46.0-255,66,332367,44,355583
10430,0.082995,74.125.200.0-255,5738,338105,44,355583
10431,0.083003,172.31.46.0-255,66,338171,44,355583
10432,0.085226,74.125.200.0-255,5738,343909,44,355583
10433,0.085233,172.31.46.0-255,66,343975,44,355583
10434,0.087466,74.125.200.0-255,5738,349713,44,355583
10435,0.087475,172.31.46.0-255,66,349779,44,355583
10436,0.089705,74.125.200.0-255,5738,355517,44,355583
10437,0.089713,172.31.46.0-255,66,355583,44,355583
10438,0.0,74.125.130.0-255,291,291,44,367305
10439,1.5e-05,172.31.46.0-255,66,357,44,367305
10440,2.1e-05,74.125.130.0-255,1484,1841,44,367305
10441,2.5e-05,172.31.46.0-255,66,1907,44,367305
10442,3.2e-05,74.125.130.0-255,4320,6227,44,367305
10443,4.2e-05,172.31.46.0-255,66,6293,44,367305
10444,4.9e-05,74.125.130.0-255,5738,12031,44,367305
10445,5.3e-05,172.31.46.0-255,66,12097,44,367305
10446,9.6e-05,74.125.130.0-255,6032,18129,44,367305
10447,0.0001,172.31.46.0-255,66,18195,44,367305
10448,0.000105,74.125.130.0-255,2902,21097,44,367305
10449,0.000108,172.31.46.0-255,66,21163,44,367305
10450,0.000119,74.125.130.0-255,4320,25483,44,367305
10451,0.000121,172.31.46.0-255,66,25549,44,367305
10452,0.000162,74.125.130.0-255,5379,30928,44,367305
10453,0.000165,172.31.46.0-255,66,30994,44,367305
10454,0.000664,74.125.130.0-255,1484,32478,44,367305
10455,0.000669,172.31.46.0-255,66,32544,44,367305
10456,0.000675,74.125.130.0-255,2902,35446,44,367305
10457,0.000678,172.31.46.0-255,66,35512,44,367305
10458,0.000719,74.125.130.0-255,5738,41250,44,367305
10459,0.000721,172.31.46.0-255,66,41316,44,367305
10460,0.000729,74.125.130.0-255,5738,47054,44,367305
10461,0.000731,172.31.46.0-255,66,47120,44,367305
10462,0.00075,74.125.130.0-255,1125,48245,44,367305
10463,0.000752,172.31.46.0-255,66,48311,44,367305
10464,0.000773,74.125.130.0-255,1484,49795,44,367305
10465,0.000775,172.31.46.0-255,66,49861,44,367305
10466,0.000779,74.125.130.0-255,2902,52763,44,367305
10467,0.000781,172.31.46.0-255,66,52829,44,367305
10468,0.000806,74.125.130.0-255,1484,54313,44,367305
10469,0.000809,172.31.46.0-255,66,54379,44,367305
10470,0.000813,74.125.130.0-255,2902,57281,44,367305
10471,0.000814,172.31.46.0-255,66,57347,44,367305
10472,0.000854,74.125.130.0-255,5738,63085,44,367305
10473,0.000856,172.31.46.0-255,66,63151,44,367305
10474,0.00086,74.125.130.0-255,2796,65947,44,367305
10475,0.000862,172.31.46.0-255,66,66013,44,367305
10476,0.001107,74.125.130.0-255,117,66130,44,367305
10477,0.001193,172.31.46.0-255,66,66196,44,367305
10478,0.001245,74.125.130.0-255,1484,67680,44,367305
10479,0.001251,74.125.130.0-255,1484,69164,44,367305
10480,0.001254,172.31.46.0-255,66,69230,44,367305
10481,0.001281,74.125.130.0-255,2902,72132,44,367305
10482,0.001284,172.31.46.0-255,66,72198,44,367305
10483,0.001306,74.125.130.0-255,1484,73682,44,367305
10484,0.00132,74.125.130.0-255,4320,78002,44,367305
10485,0.001322,172.31.46.0-255,66,78068,44,367305
10486,0.00135,74.125.130.0-255,7156,85224,44,367305
10487,0.001352,172.31.46.0-255,66,85290,44,367305
10488,0.001355,74.125.130.0-255,1484,86774,44,367305
10489,0.001378,74.125.130.0-255,2902,89676,44,367305
10490,0.001381,172.31.46.0-255,66,89742,44,367305
10491,0.001385,74.125.130.0-255,2902,92644,44,367305
10492,0.001387,172.31.46.0-255,66,92710,44,367305
10493,0.001407,74.125.130.0-255,2902,95612,44,367305
10494,0.001409,172.31.46.0-255,66,95678,44,367305
10495,0.00142,74.125.130.0-255,5020,100698,44,367305
10496,0.001422,172.31.46.0-255,66,100764,44,367305
10497,0.003397,74.125.130.0-255,5738,106502,44,367305
10498,0.003407,172.31.46.0-255,66,106568,44,367305
10499,0.005367,74.125.130.0-255,5738,112306,44,367305
10500,0.00537,172.31.46.0-255,66,112372,44,367305
10501,0.007335,74.125.130.0-255,5738,118110,44,367305
10502,0.007344,172.31.46.0-255,66,118176,44,367305
10503,0.009341,74.125.130.0-255,5738,123914,44,367305
10504,0.009349,172.31.46.0-255,66,123980,44,367305
10505,0.011353,74.125.130.0-255,2902,126882,44,367305
10506,0.011362,172.31.46.0-255,66,126948,44,367305
10507,0.011394,74.125.130.0-255,2902,129850,44,367305
10508,0.011397,172.31.46.0-255,66,129916,44,367305
10509,0.013335,74.125.130.0-255,2902,132818,44,367305
10510,0.013343,172.31.46.0-255,66,132884,44,367305
10511,0.013369,74.125.130.0-255,2902,135786,44,367305
10512,0.013372,172.31.46.0-255,66,135852,44,367305
10513,0.015313,74.125.130.0-255,2902,138754,44,367305
10514,0.015321,172.31.46.0-255,66,138820,44,367305
10515,0.01535,74.125.130.0-255,2902,141722,44,367305
10516,0.015353,172.31.46.0-255,66,141788,44,367305
10517,0.017312,74.125.130.0-255,2902,144690,44,367305
10518,0.017324,172.31.46.0-255,66,144756,44,367305
10519,0.017361,74.125.130.0-255,2902,147658,44,367305
10520,0.017364,172.31.46.0-255,66,147724,44,367305
10521,0.019307,74.125.130.0-255,2902,150626,44,367305
10522,0.019315,172.31.46.0-255,66,150692,44,367305
10523,0.01935,74.125.130.0-255,2902,153594,44,367305
10524,0.019353,172.31.46.0-255,66,153660,44,367305
10525,0.021289,74.125.130.0-255,2902,156562,44,367305
10526,0.021297,172.31.46.0-255,66,156628,44,367305
10527,0.021329,74.125.130.0-255,2902,159530,44,367305
10528,0.021332,172.31.46.0-255,66,159596,44,367305
10529,0.02326,74.125.130.0-255,2902,162498,44,367305
10530,0.023267,172.31.46.0-255,66,162564,44,367305
10531,0.023295,74.125.130.0-255,1484,164048,44,367305
10532,0.023315,74.125.130.0-255,1484,165532,44,367305
10533,0.023317,172.31.46.0-255,66,165598,44,367305
10534,0.025231,74.125.130.0-255,2902,168500,44,367305
10535,0.025239,172.31.46.0-255,66,168566,44,367305
10536,0.025271,74.125.130.0-255,2902,171468,44,367305
10537,0.025274,172.31.46.0-255,66,171534,44,367305
10538,0.027222,74.125.130.0-255,2902,174436,44,367305
10539,0.02723,172.31.46.0-255,66,174502,44,367305
10540,0.027261,74.125.130.0-255,2902,177404,44,367305
10541,0.027264,172.31.46.0-255,66,177470,44,367305
10542,0.029207,74.125.130.0-255,2902,180372,44,367305
10543,0.029215,172.31.46.0-255,66,180438,44,367305
10544,0.029245,74.125.130.0-255,2902,183340,44,367305
10545,0.029247,172.31.46.0-255,66,183406,44,367305
10546,0.031179,74.125.130.0-255,2902,186308,44,367305
10547,0.031187,172.31.46.0-255,66,186374,44,367305
10548,0.031219,74.125.130.0-255,2902,189276,44,367305
10549,0.031222,172.31.46.0-255,66,189342,44,367305
10550,0.03316,74.125.130.0-255,2902,192244,44,367305
10551,0.033167,172.31.46.0-255,66,192310,44,367305
10552,0.033198,74.125.130.0-255,2902,195212,44,367305
10553,0.0332,172.31.46.0-255,66,195278,44,367305
10554,0.034127,172.31.46.0-255,167,195445,44,367305
10555,0.034157,172.31.46.0-255,1113,196558,44,367305
10556,0.034224,172.31.46.0-255,1514,198072,44,367305
10557,0.034226,172.31.46.0-255,1514,199586,44,367305
10558,0.034232,172.31.46.0-255,1514,201100,44,367305
10559,0.034234,172.31.46.0-255,1514,202614,44,367305
10560,0.034252,172.31.46.0-255,1514,204128,44,367305
10561,0.034253,172.31.46.0-255,71,204199,44,367305
10562,0.035134,74.125.130.0-255,2902,207101,44,367305
10563,0.03514,172.31.46.0-255,66,207167,44,367305
10564,0.035168,74.125.130.0-255,1484,208651,44,367305
10565,0.035181,74.125.130.0-255,1484,210135,44,367305
10566,0.035183,172.31.46.0-255,66,210201,44,367305
10567,0.03565,104.244.42.0-255,66,210267,44,367305
10568,0.03569,104.244.42.0-255,66,210333,44,367305
10569,0.03579,104.244.42.0-255,66,210399,44,367305
10570,0.035796,104.244.42.0-255,66,210465,44,367305
10571,0.037133,74.125.130.0-255,2902,213367,44,367305
10572,0.03714,172.31.46.0-255,66,213433,44,367305
10573,0.03717,74.125.130.0-255,2902,216335,44,367305
10574,0.037172,172.31.46.0-255,66,216401,44,367305
10575,0.039125,74.125.130.0-255,5738,222139,44,367305
10576,0.039131,172.31.46.0-255,66,222205,44,367305
10577,0.041109,74.125.130.0-255,5738,227943,44,367305
10578,0.041116,172.31.46.0-255,66,228009,44,367305
10579,0.04308,74.125.130.0-255,5738,233747,44,367305
10580,0.043087,172.31.46.0-255,66,233813,44,367305
10581,0.045071,74.125.130.0-255,5738,239551,44,367305
10582,0.045078,172.31.46.0-255,66,239617,44,367305
10583,0.047052,74.125.130.0-255,5738,245355,44,367305
10584,0.047058,172.31.46.0-255,66,245421,44,367305
10585,0.049041,74.125.130.0-255,5738,251159,44,367305
10586,0.049047,172.31.46.0-255,66,251225,44,367305
10587,0.051025,74.125.130.0-255,5738,256963,44,367305
10588,0.051032,172.31.46.0-255,66,257029,44,367305
10589,0.053049,74.125.130.0-255,5738,262767,44,367305
10590,0.053055,172.31.46.0-255,66,262833,44,367305
10591,0.055034,74.125.130.0-255,5738,268571,44,367305
10592,0.055041,172.31.46.0-255,66,268637,44,367305
10593,0.057022,74.125.130.0-255,5738,274375,44,367305
10594,0.057028,172.31.46.0-255,66,274441,44,367305
10595,0.059,74.125.130.0-255,5738,280179,44,367305
10596,0.059006,172.31.46.0-255,66,280245,44,367305
10597,0.060987,74.125.130.0-255,5738,285983,44,367305
10598,0.060994,172.31.46.0-255,66,286049,44,367305
10599,0.062961,74.125.130.0-255,5738,291787,44,367305
10600,0.062967,172.31.46.0-255,66,291853,44,367305
10601,0.064951,74.125.130.0-255,5738,297591,44,367305
10602,0.064958,172.31.46.0-255,66,297657,44,367305
10603,0.066928,74.125.130.0-255,5738,303395,44,367305
10604,0.066935,172.31.46.0-255,66,303461,44,367305
10605,0.068918,74.125.130.0-255,5738,309199,44,367305
10606,0.068925,172.31.46.0-255,66,309265,44,367305
10607,0.070923,74.125.130.0-255,5738,315003,44,367305
10608,0.07093,172.31.46.0-255,66,315069,44,367305
10609,0.072908,74.125.130.0-255,5738,320807,44,367305
10610,0.072915,172.31.46.0-255,66,320873,44,367305
10611,0.074885,74.125.130.0-255,5738,326611,44,367305
10612,0.074894,172.31.46.0-255,66,326677,44,367305
10613,0.076884,74.125.130.0-255,5738,332415,44,367305
10614,0.076891,172.31.46.0-255,66,332481,44,367305
10615,0.078872,74.125.130.0-255,5738,338219,44,367305
10616,0.078879,172.31.46.0-255,66,338285,44,367305
10617,0.080857,74.125.130.0-255,5738,344023,44,367305
10618,0.080862,172.31.46.0-255,66,344089,44,367305
10619,0.082832,74.125.130.0-255,5738,349827,44,367305
10620,0.082838,172.31.46.0-255,66,349893,44,367305
10621,0.084823,74.125.130.0-255,5738,355631,44,367305
10622,0.08483,172.31.46.0-255,66,355697,44,367305
10623,0.086796,74.125.130.0-255,5738,361435,44,367305
10624,0.086802,172.31.46.0-255,66,361501,44,367305
10625,0.088786,74.125.130.0-255,5738,367239,44,367305
10626,0.088793,172.31.46.0-255,66,367305,44,367305
10627,0.0,216.58.203.0-255,153,153,44,387123
10628,2.5e-05,172.31.46.0-255,66,219,44,387123
10629,3.3e-05,216.58.203.0-255,1484,1703,44,387123
10630,3.7e-05,172.31.46.0-255,66,1769,44,387123
10631,4.2e-05,216.58.203.0-255,2902,4671,44,387123
10632,4.5e-05,172.31.46.0-255,66,4737,44,387123
10633,6.2e-05,216.58.203.0-255,7156,11893,44,387123
10634,6.5e-05,172.31.46.0-255,66,11959,44,387123
10635,9.9e-05,216.58.203.0-255,2066,14025,44,387123
10636,0.000103,172.31.46.0-255,66,14091,44,387123
10637,0.000108,216.58.203.0-255,2902,16993,44,387123
10638,0.00011,172.31.46.0-255,66,17059,44,387123
10639,0.000118,216.58.203.0-255,7156,24215,44,387123
10640,0.00012,172.31.46.0-255,66,24281,44,387123
10641,0.000156,216.58.203.0-255,6797,31078,44,387123
10642,0.000159,172.31.46.0-255,66,31144,44,387123
10643,0.00028,216.58.203.0-255,1484,32628,44,387123
10644,0.000283,172.31.46.0-255,66,32694,44,387123
10645,0.000289,216.58.203.0-255,2902,35596,44,387123
10646,0.000291,172.31.46.0-255,66,35662,44,387123
10647,0.000324,216.58.203.0-255,5738,41400,44,387123
10648,0.000337,172.31.46.0-255,66,41466,44,387123
10649,0.000345,216.58.203.0-255,6797,48263,44,387123
10650,0.000348,172.31.46.0-255,66,48329,44,387123
10651,0.000352,216.58.203.0-255,1484,49813,44,387123
10652,0.000354,172.31.46.0-255,66,49879,44,387123
10653,0.000386,216.58.203.0-255,5738,55617,44,387123
10654,0.000389,172.31.46.0-255,66,55683,44,387123
10655,0.000414,216.58.203.0-255,1484,57167,44,387123
10656,0.000416,172.31.46.0-255,66,57233,44,387123
10657,0.000451,172.31.46.0-255,66,57299,44,387123
10658,0.000454,216.58.203.0-255,361,57660,44,387123
10659,0.001071,216.58.203.0-255,136,57796,44,387123
10660,0.001135,172.31.46.0-255,66,57862,44,387123
10661,0.001204,216.58.203.0-255,1484,59346,44,387123
10662,0.001208,216.58.203.0-255,1484,60830,44,387123
10663,0.001211,172.31.46.0-255,66,60896,44,387123
10664,0.001234,216.58.203.0-255,1484,62380,44,387123
10665,0.001241,216.58.203.0-255,5738,68118,44,387123
10666,0.001243,172.31.46.0-255,66,68184,44,387123
10667,0.001251,216.58.203.0-255,6797,74981,44,387123
10668,0.001254,172.31.46.0-255,66,75047,44,387123
10669,0.001297,216.58.203.0-255,7156,82203,44,387123
10670,0.0013,172.31.46.0-255,66,82269,44,387123
10671,0.001306,216.58.203.0-255,4320,86589,44,387123
10672,0.001308,172.31.46.0-255,66,86655,44,387123
10673,0.001356,216.58.203.0-255,4320,90975,44,387123
10674,0.001359,172.31.46.0-255,66,91041,44,387123
10675,0.001385,216.58.203.0-255,1403,92444,44,387123
10676,0.001524,216.58.203.0-255,1484,93928,44,387123
10677,0.001528,172.31.46.0-255,66,93994,44,387123
10678,0.001533,216.58.203.0-255,2902,96896,44,387123
10679,0.001535,172.31.46.0-255,66,96962,44,387123
10680,0.001538,216.58.203.0-255,1484,98446,44,387123
10681,0.001564,216.58.203.0-255,4320,102766,44,387123
10682,0.001566,172.31.46.0-255,66,102832,44,387123
10683,0.001573,216.58.203.0-255,5738,108570,44,387123
10684,0.001575,172.31.46.0-255,66,108636,44,387123
10685,0.001586,216.58.203.0-255,7156,115792,44,387123
10686,0.001589,172.31.46.0-255,66,115858,44,387123
10687,0.001625,172.31.46.0-255,66,115924,44,387123
10688,0.003283,216.58.203.0-255,2902,118826,44,387123
10689,0.003292,172.31.46.0-255,66,118892,44,387123
10690,0.003323,216.58.203.0-255,2902,121794,44,387123
10691,0.003325,172.31.46.0-255,66,121860,44,387123
10692,0.004929,216.58.203.0-255,2902,124762,44,387123
10693,0.004932,172.31.46.0-255,66,124828,44,387123
10694,0.004958,216.58.203.0-255,2902,127730,44,387123
10695,0.004961,172.31.46.0-255,66,127796,44,387123
10696,0.006576,216.58.203.0-255,2902,130698,44,387123
10697,0.006579,172.31.46.0-255,66,130764,44,387123
10698,0.006612,216.58.203.0-255,2902,133666,44,387123
10699,0.006615,172.31.46.0-255,66,133732,44,387123
10700,0.008233,216.58.203.0-255,2902,136634,44,387123
10701,0.00824,172.31.46.0-255,66,136700,44,387123
10702,0.008282,216.58.203.0-255,2902,139602,44,387123
10703,0.008284,172.31.46.0-255,66,139668,44,387123
10704,0.009898,216.58.203.0-255,2902,142570,44,387123
10705,0.009906,172.31.46.0-255,66,142636,44,387123
10706,0.009933,216.58.203.0-255,2902,145538,44,387123
10707,0.009936,172.31.46.0-255,66,145604,44,387123
10708,0.011576,216.58.203.0-255,5738,151342,44,387123
10709,0.011585,172.31.46.0-255,66,151408,44,387123
10710,0.013269,216.58.203.0-255,5738,157146,44,387123
10711,0.013282,172.31.46.0-255,66,157212,44,387123
10712,0.01495,216.58.203.0-255,5738,162950,44,387123
10713,0.014958,172.31.46.0-255,66,163016,44,387123
10714,0.016612,216.58.203.0-255,5738,168754,44,387123
10715,0.016621,172.31.46.0-255,66,168820,44,387123
10716,0.018308,216.58.203.0-255,5738,174558,44,387123
10717,0.018316,172.31.46.0-255,66,174624,44,387123
10718,0.019971,216.58.203.0-255,5738,180362,44,387123
10719,0.019978,172.31.46.0-255,66,180428,44,387123
10720,0.02163,216.58.203.0-255,5738,186166,44,387123
10721,0.021637,172.31.46.0-255,66,186232,44,387123
10722,0.023291,216.58.203.0-255,5738,191970,44,387123
10723,0.023298,172.31.46.0-255,66,192036,44,387123
10724,0.024954,216.58.203.0-255,5738,197774,44,387123
10725,0.024963,172.31.46.0-255,66,197840,44,387123
10726,0.026627,216.58.203.0-255,5738,203578,44,387123
10727,0.026635,172.31.46.0-255,66,203644,44,387123
10728,0.028293,216.58.203.0-255,5738,209382,44,387123
10729,0.0283,172.31.46.0-255,66,209448,44,387123
10730,0.029953,216.58.203.0-255,5738,215186,44,387123
10731,0.02996,172.31.46.0-255,66,215252,44,387123
10732,0.031631,216.58.203.0-255,5738,220990,44,387123
10733,0.031639,172.31.46.0-255,66,221056,44,387123
10734,0.033331,216.58.203.0-255,5738,226794,44,387123
10735,0.033338,172.31.46.0-255,66,226860,44,387123
10736,0.035004,216.58.203.0-255,5738,232598,44,387123
10737,0.035016,172.31.46.0-255,66,232664,44,387123
10738,0.036692,216.58.203.0-255,5738,238402,44,387123
10739,0.036709,172.31.46.0-255,66,238468,44,387123
10740,0.038374,216.58.203.0-255,5738,244206,44,387123
10741,0.038391,172.31.46.0-255,66,244272,44,387123
10742,0.040049,216.58.203.0-255,4320,248592,44,387123
10743,0.04006,172.31.46.0-255,66,248658,44,387123
10744,0.040076,216.58.203.0-255,1484,250142,44,387123
10745,0.040209,172.31.46.0-255,172,250314,44,387123
10746,0.040239,172.31.46.0-255,1114,251428,44,387123
10747,0.040385,172.31.46.0-255,1514,252942,44,387123
10748,0.040387,172.31.46.0-255,1514,254456,44,387123
10749,0.040393,172.31.46.0-255,1514,255970,44,387123
10750,0.040394,172.31.46.0-255,1514,257484,44,387123
10751,0.040414,172.31.46.0-255,1514,258998,44,387123
10752,0.040415,172.31.46.0-255,70,259068,44,387123
10753,0.041722,216.58.203.0-255,4320,263388,44,387123
10754,0.041732,172.31.46.0-255,66,263454,44,387123
10755,0.041771,104.244.42.0-255,66,263520,44,387123
10756,0.041778,104.244.42.0-255,66,263586,44,387123
10757,0.041973,104.244.42.0-255,66,263652,44,387123
10758,0.041979,104.244.42.0-255,66,263718,44,387123
10759,0.043412,216.58.203.0-255,5738,269456,44,387123
10760,0.043421,172.31.46.0-255,66,269522,44,387123
10761,0.045078,216.58.203.0-255,5738,275260,44,387123
10762,0.045087,172.31.46.0-255,66,275326,44,387123
10763,0.046759,216.58.203.0-255,5738,281064,44,387123
10764,0.046766,172.31.46.0-255,66,281130,44,387123
10765,0.048426,216.58.203.0-255,5738,286868,44,387123
10766,0.048433,172.31.46.0-255,66,286934,44,387123
10767,0.050106,216.58.203.0-255,5738,292672,44,387123
10768,0.050115,172.31.46.0-255,66,292738,44,387123
10769,0.051779,216.58.203.0-255,5738,298476,44,387123
10770,0.051788,172.31.46.0-255,66,298542,44,387123
10771,0.053452,216.58.203.0-255,5738,304280,44,387123
10772,0.05346,172.31.46.0-255,66,304346,44,387123
10773,0.055114,216.58.203.0-255,5738,310084,44,387123
10774,0.055123,172.31.46.0-255,66,310150,44,387123
10775,0.056785,216.58.203.0-255,5738,315888,44,387123
10776,0.056791,172.31.46.0-255,66,315954,44,387123
10777,0.058454,216.58.203.0-255,5738,321692,44,387123
10778,0.058462,172.31.46.0-255,66,321758,44,387123
10779,0.060127,216.58.203.0-255,5738,327496,44,387123
10780,0.060134,172.31.46.0-255,66,327562,44,387123
10781,0.061801,216.58.203.0-255,5738,333300,44,387123
10782,0.061809,172.31.46.0-255,66,333366,44,387123
10783,0.06347,216.58.203.0-255,5738,339104,44,387123
10784,0.063477,172.31.46.0-255,66,339170,44,387123
10785,0.065147,216.58.203.0-255,5738,344908,44,387123
10786,0.065154,172.31.46.0-255,66,344974,44,387123
10787,0.066816,216.58.203.0-255,5738,350712,44,387123
10788,0.066824,172.31.46.0-255,66,350778,44,387123
10789,0.068482,216.58.203.0-255,5738,356516,44,387123
10790,0.068488,172.31.46.0-255,66,356582,44,387123
10791,0.070155,216.58.203.0-255,5738,362320,44,387123
10792,0.070162,172.31.46.0-255,66,362386,44,387123
10793,0.071833,216.58.203.0-255,5738,368124,44,387123
10794,0.07184,172.31.46.0-255,66,368190,44,387123
10795,0.073505,216.58.203.0-255,5738,373928,44,387123
10796,0.073512,172.31.46.0-255,66,373994,44,387123
10797,0.075172,216.58.203.0-255,5738,379732,44,387123
10798,0.075178,172.31.46.0-255,66,379798,44,387123
10799,0.076837,216.58.203.0-255,5738,385536,44,387123
10800,0.076843,172.31.46.0-255,66,385602,44,387123
10801,0.078493,216.58.203.0-255,1284,386886,44,387123
10802,0.07865,172.31.46.0-255,66,386952,44,387123
10803,0.078688,172.31.46.0-255,105,387057,44,387123
10804,0.080338,216.58.203.0-255,66,387123,44,387123
10805,0.0,172.217.194.0-255,297,297,44,254222
10806,2.3e-05,172.31.46.0-255,66,363,44,254222
10807,3e-05,172.217.194.0-255,1484,1847,44,254222
10808,3.4e-05,172.31.46.0-255,66,1913,44,254222
10809,4.9e-05,172.217.194.0-255,4320,6233,44,254222
10810,5.3e-05,172.31.46.0-255,66,6299,44,254222
10811,6e-05,172.217.194.0-255,5738,12037,44,254222
10812,6.3e-05,172.31.46.0-255,66,12103,44,254222
10813,9.1e-05,172.217.194.0-255,5995,18098,44,254222
10814,9.4e-05,172.31.46.0-255,66,18164,44,254222
10815,9.7e-05,172.217.194.0-255,1484,19648,44,254222
10816,0.0001,172.31.46.0-255,66,19714,44,254222
10817,0.000139,172.31.46.0-255,66,19780,44,254222
10818,0.000143,172.217.194.0-255,2543,22323,44,254222
10819,0.000145,172.31.46.0-255,66,22389,44,254222
10820,0.00022,172.217.194.0-255,1484,23873,44,254222
10821,0.000223,172.31.46.0-255,66,23939,44,254222
10822,0.000228,172.217.194.0-255,2902,26841,44,254222
10823,0.00023,172.31.46.0-255,66,26907,44,254222
10824,0.000234,172.217.194.0-255,2902,29809,44,254222
10825,0.000241,172.31.46.0-255,66,29875,44,254222
10826,0.000273,172.217.194.0-255,2902,32777,44,254222
10827,0.000276,172.31.46.0-255,66,32843,44,254222
10828,0.000287,172.31.46.0-255,66,32909,44,254222
10829,0.000315,172.217.194.0-255,4320,37229,44,254222
10830,0.000317,172.31.46.0-255,66,37295,44,254222
10831,0.000335,172.31.46.0-255,66,37361,44,254222
10832,0.000394,172.217.194.0-255,378,37739,44,254222
10833,0.000397,172.31.46.0-255,66,37805,44,254222
10834,0.000421,172.217.194.0-255,98,37903,44,254222
10835,0.00051,172.217.194.0-255,1484,39387,44,254222
10836,0.000517,172.217.194.0-255,2902,42289,44,254222
10837,0.000532,172.217.194.0-255,1484,43773,44,254222
10838,0.000547,172.217.194.0-255,4320,48093,44,254222
10839,0.000553,172.217.194.0-255,5738,53831,44,254222
10840,0.000561,172.217.194.0-255,7156,60987,44,254222
10841,0.000599,172.217.194.0-255,1484,62471,44,254222
10842,0.000659,172.31.46.0-255,66,62537,44,254222
10843,0.000765,172.217.194.0-255,1484,64021,44,254222
10844,0.000769,172.217.194.0-255,1484,65505,44,254222
10845,0.000779,172.31.46.0-255,66,65571,44,254222
10846,0.000786,172.217.194.0-255,1484,67055,44,254222
10847,0.000788,172.217.194.0-255,1484,68539,44,254222
10848,0.000792,172.31.46.0-255,66,68605,44,254222
10849,0.000809,172.217.194.0-255,4320,72925,44,254222
10850,0.00085,172.31.46.0-255,66,72991,44,254222
10851,0.000858,172.217.194.0-255,7156,80147,44,254222
10852,0.000863,172.31.46.0-255,66,80213,44,254222
10853,0.000888,172.217.194.0-255,6438,86651,44,254222
10854,0.000891,172.217.194.0-255,1484,88135,44,254222
10855,0.000902,172.217.194.0-255,1484,89619,44,254222
10856,0.000908,172.31.46.0-255,66,89685,44,254222
10857,0.000915,172.217.194.0-255,1484,91169,44,254222
10858,0.00092,172.217.194.0-255,5738,96907,44,254222
10859,0.000928,172.31.46.0-255,66,96973,44,254222
10860,0.00099,172.31.46.0-255,66,97039,44,254222
10861,0.001013,172.217.194.0-255,2184,99223,44,254222
10862,0.001031,172.217.194.0-255,2902,102125,44,254222
10863,0.001042,172.31.46.0-255,66,102191,44,254222
10864,0.001047,172.217.194.0-255,4320,106511,44,254222
10865,0.001052,172.31.46.0-255,66,106577,44,254222
10866,0.001076,172.217.194.0-255,2902,109479,44,254222
10867,0.001083,172.217.194.0-255,5738,115217,44,254222
10868,0.00113,172.217.194.0-255,5738,120955,44,254222
10869,0.001143,172.31.46.0-255,66,121021,44,254222
10870,0.001158,172.217.194.0-255,3602,124623,44,254222
10871,0.001164,172.31.46.0-255,66,124689,44,254222
10872,0.001426,172.217.194.0-255,1484,126173,44,254222
10873,0.00144,172.217.194.0-255,2902,129075,44,254222
10874,0.001442,172.217.194.0-255,1484,130559,44,254222
10875,0.001459,172.31.46.0-255,66,130625,44,254222
10876,0.001467,172.217.194.0-255,4320,134945,44,254222
10877,0.001492,172.31.46.0-255,66,135011,44,254222
10878,0.001529,172.217.194.0-255,7156,142167,44,254222
10879,0.001544,172.217.194.0-255,6438,148605,44,254222
10880,0.001582,172.31.46.0-255,66,148671,44,254222
10881,0.001591,172.217.194.0-255,2902,151573,44,254222
10882,0.001616,172.31.46.0-255,66,151639,44,254222
10883,0.001626,172.217.194.0-255,1484,153123,44,254222
10884,0.00166,172.31.46.0-255,66,153189,44,254222
10885,0.002363,172.217.194.0-255,1484,154673,44,254222
10886,0.002371,172.217.194.0-255,2902,157575,44,254222
10887,0.002374,172.31.46.0-255,66,157641,44,254222
10888,0.002379,172.217.194.0-255,2902,160543,44,254222
10889,0.002387,172.31.46.0-255,66,160609,44,254222
10890,0.00241,172.217.194.0-255,2902,163511,44,254222
10891,0.002419,172.217.194.0-255,4320,167831,44,254222
10892,0.002426,172.31.46.0-255,66,167897,44,254222
10893,0.002485,172.217.194.0-255,4320,172217,44,254222
10894,0.002503,172.217.194.0-255,2902,175119,44,254222
10895,0.00251,172.217.194.0-255,7156,182275,44,254222
10896,0.002515,172.31.46.0-255,66,182341,44,254222
10897,0.002522,172.217.194.0-255,1484,183825,44,254222
10898,0.002532,172.217.194.0-255,4320,188145,44,254222
10899,0.002537,172.31.46.0-255,66,188211,44,254222
10900,0.002578,172.217.194.0-255,766,188977,44,254222
10901,0.002585,172.31.46.0-255,66,189043,44,254222
10902,0.005094,172.217.194.0-255,5738,194781,44,254222
10903,0.005102,172.31.46.0-255,66,194847,44,254222
10904,0.007596,172.217.194.0-255,5738,200585,44,254222
10905,0.007603,172.31.46.0-255,66,200651,44,254222
10906,0.010114,172.217.194.0-255,5738,206389,44,254222
10907,0.01012,172.31.46.0-255,66,206455,44,254222
10908,0.012627,172.217.194.0-255,5738,212193,44,254222
10909,0.012633,172.31.46.0-255,66,212259,44,254222
10910,0.015134,172.217.194.0-255,5738,217997,44,254222
10911,0.015142,172.31.46.0-255,66,218063,44,254222
10912,0.017701,172.217.194.0-255,5738,223801,44,254222
10913,0.017711,172.31.46.0-255,66,223867,44,254222
10914,0.020225,172.217.194.0-255,5738,229605,44,254222
10915,0.020238,172.31.46.0-255,66,229671,44,254222
10916,0.022743,172.217.194.0-255,5738,235409,44,254222
10917,0.022751,172.31.46.0-255,66,235475,44,254222
10918,0.025274,172.217.194.0-255,5738,241213,44,254222
10919,0.025286,172.31.46.0-255,66,241279,44,254222
10920,0.027801,172.217.194.0-255,3515,244794,44,254222
10921,0.02781,172.31.46.0-255,66,244860,44,254222
10922,0.028013,172.31.46.0-255,105,244965,44,254222
10923,0.030483,172.217.194.0-255,66,245031,44,254222
10924,0.039925,172.31.46.0-255,172,245203,44,254222
10925,0.039955,172.31.46.0-255,1109,246312,44,254222
10926,0.04003,172.31.46.0-255,1514,247826,44,254222
10927,0.040032,172.31.46.0-255,1514,249340,44,254222
10928,0.040039,172.31.46.0-255,1514,250854,44,254222
10929,0.04004,172.31.46.0-255,1514,252368,44,254222
10930,0.040063,172.31.46.0-255,1514,253882,44,254222
10931,0.040064,172.31.46.0-255,76,253958,44,254222
10932,0.041486,104.244.42.0-255,66,254024,44,254222
10933,0.04151,104.244.42.0-255,66,254090,44,254222
10934,0.041579,104.244.42.0-255,66,254156,44,254222
10935,0.041596,104.244.42.0-255,66,254222,44,254222
10936,0.0,172.217.194.0-255,153,153,44,241978
10937,2.1e-05,172.31.46.0-255,66,219,44,241978
10938,2.8e-05,172.217.194.0-255,1484,1703,44,241978
10939,3.3e-05,172.31.46.0-255,66,1769,44,241978
10940,3.8e-05,172.217.194.0-255,2902,4671,44,241978
10941,4.7e-05,172.31.46.0-255,66,4737,44,241978
10942,5.5e-05,172.217.194.0-255,7156,11893,44,241978
10943,5.8e-05,172.31.46.0-255,66,11959,44,241978
10944,6.2e-05,172.217.194.0-255,2121,14080,44,241978
10945,6.5e-05,172.31.46.0-255,66,14146,44,241978
10946,0.000126,172.31.46.0-255,66,14212,44,241978
10947,0.000129,172.217.194.0-255,1125,15337,44,241978
10948,0.000132,172.31.46.0-255,66,15403,44,241978
10949,0.000204,172.217.194.0-255,1484,16887,44,241978
10950,0.000207,172.31.46.0-255,66,16953,44,241978
10951,0.000235,172.217.194.0-255,2902,19855,44,241978
10952,0.000238,172.31.46.0-255,66,19921,44,241978
10953,0.000244,172.217.194.0-255,5738,25659,44,241978
10954,0.000246,172.31.46.0-255,66,25725,44,241978
10955,0.000267,172.217.194.0-255,1484,27209,44,241978
10956,0.00027,172.31.46.0-255,66,27275,44,241978
10957,0.000275,172.217.194.0-255,2902,30177,44,241978
10958,0.000277,172.31.46.0-255,66,30243,44,241978
10959,0.000309,172.217.194.0-255,2543,32786,44,241978
10960,0.000312,172.31.46.0-255,66,32852,44,241978
10961,0.000317,172.217.194.0-255,2902,35754,44,241978
10962,0.000319,172.31.46.0-255,66,35820,44,241978
10963,0.000323,172.217.194.0-255,2902,38722,44,241978
10964,0.000325,172.31.46.0-255,66,38788,44,241978
10965,0.000347,172.217.194.0-255,4320,43108,44,241978
10966,0.00035,172.31.46.0-255,66,43174,44,241978
10967,0.000357,172.217.194.0-255,6797,49971,44,241978
10968,0.000359,172.31.46.0-255,66,50037,44,241978
10969,0.000362,172.217.194.0-255,364,50401,44,241978
10970,0.000566,172.217.194.0-255,380,50781,44,241978
10971,0.000919,172.217.194.0-255,1484,52265,44,241978
10972,0.000925,172.31.46.0-255,66,52331,44,241978
10973,0.00093,172.217.194.0-255,2902,55233,44,241978
10974,0.000933,172.31.46.0-255,66,55299,44,241978
10975,0.000937,172.217.194.0-255,2902,58201,44,241978
10976,0.000944,172.31.46.0-255,66,58267,44,241978
10977,0.000971,172.217.194.0-255,2902,61169,44,241978
10978,0.000974,172.31.46.0-255,66,61235,44,241978
10979,0.000977,172.217.194.0-255,1484,62719,44,241978
10980,0.001006,172.31.46.0-255,66,62785,44,241978
10981,0.001011,172.217.194.0-255,2902,65687,44,241978
10982,0.001013,172.31.46.0-255,66,65753,44,241978
10983,0.001049,172.217.194.0-255,7156,72909,44,241978
10984,0.001053,172.31.46.0-255,66,72975,44,241978
10985,0.001056,172.217.194.0-255,766,73741,44,241978
10986,0.001466,172.31.46.0-255,66,73807,44,241978
10987,0.001498,172.217.194.0-255,1484,75291,44,241978
10988,0.001512,172.217.194.0-255,2902,78193,44,241978
10989,0.001515,172.31.46.0-255,66,78259,44,241978
10990,0.001521,172.217.194.0-255,4320,82579,44,241978
10991,0.001523,172.31.46.0-255,66,82645,44,241978
10992,0.001539,172.217.194.0-255,1484,84129,44,241978
10993,0.00157,172.31.46.0-255,66,84195,44,241978
10994,0.001581,172.31.46.0-255,66,84261,44,241978
10995,0.001599,172.217.194.0-255,2184,86445,44,241978
10996,0.001605,172.31.46.0-255,66,86511,44,241978
10997,0.001629,172.217.194.0-255,2902,89413,44,241978
10998,0.001631,172.31.46.0-255,66,89479,44,241978
10999,0.001676,172.31.46.0-255,66,89545,44,241978
11000,0.001693,172.31.46.0-255,66,89611,44,241978
11001,0.001788,172.217.194.0-255,1484,91095,44,241978
11002,0.001793,172.217.194.0-255,1484,92579,44,241978
11003,0.001797,172.31.46.0-255,66,92645,44,241978
11004,0.001822,172.217.194.0-255,1484,94129,44,241978
11005,0.00183,172.217.194.0-255,5738,99867,44,241978
11006,0.001833,172.31.46.0-255,66,99933,44,241978
11007,0.001841,172.217.194.0-255,7156,107089,44,241978
11008,0.001843,172.31.46.0-255,66,107155,44,241978
11009,0.001882,172.217.194.0-255,2184,109339,44,241978
11010,0.001898,172.31.46.0-255,66,109405,44,241978
11011,0.001901,172.31.46.0-255,66,109471,44,241978
11012,0.001929,172.217.194.0-255,2902,112373,44,241978
11013,0.001932,172.31.46.0-255,66,112439,44,241978
11014,0.001963,172.217.194.0-255,4320,116759,44,241978
11015,0.001966,172.31.46.0-255,66,116825,44,241978
11016,0.001977,172.31.46.0-255,66,116891,44,241978
11017,0.001982,172.217.194.0-255,4320,121211,44,241978
11018,0.001984,172.31.46.0-255,66,121277,44,241978
11019,0.00202,172.31.46.0-255,66,121343,44,241978
11020,0.002023,172.217.194.0-255,766,122109,44,241978
11021,0.002027,172.217.194.0-255,1484,123593,44,241978
11022,0.002029,172.31.46.0-255,66,123659,44,241978
11023,0.002055,172.217.194.0-255,4320,127979,44,241978
11024,0.002058,172.31.46.0-255,66,128045,44,241978
11025,0.002064,172.217.194.0-255,4320,132365,44,241978
11026,0.002066,172.31.46.0-255,66,132431,44,241978
11027,0.0021,172.217.194.0-255,5738,138169,44,241978
11028,0.002103,172.31.46.0-255,66,138235,44,241978
11029,0.002115,172.217.194.0-255,5738,143973,44,241978
11030,0.002118,172.31.46.0-255,66,144039,44,241978
11031,0.002173,172.217.194.0-255,1484,145523,44,241978
11032,0.002231,172.217.194.0-255,1484,147007,44,241978
11033,0.002252,172.217.194.0-255,7156,154163,44,241978
11034,0.002298,172.217.194.0-255,4320,158483,44,241978
11035,0.002321,172.217.194.0-255,7156,165639,44,241978
11036,0.002343,172.217.194.0-255,1484,167123,44,241978
11037,0.002348,172.217.194.0-255,4320,171443,44,241978
11038,0.002369,172.217.194.0-255,5020,176463,44,241978
11039,0.005166,172.31.46.0-255,66,176529,44,241978
11040,0.007471,172.217.194.0-255,5738,182267,44,241978
11041,0.007477,172.31.46.0-255,66,182333,44,241978
11042,0.009778,172.217.194.0-255,4320,186653,44,241978
11043,0.009782,172.31.46.0-255,66,186719,44,241978
11044,0.009807,172.217.194.0-255,1484,188203,44,241978
11045,0.012124,172.217.194.0-255,4320,192523,44,241978
11046,0.01213,172.31.46.0-255,66,192589,44,241978
11047,0.014433,172.217.194.0-255,5738,198327,44,241978
11048,0.01444,172.31.46.0-255,66,198393,44,241978
11049,0.016745,172.217.194.0-255,2902,201295,44,241978
11050,0.016752,172.31.46.0-255,66,201361,44,241978
11051,0.016778,172.217.194.0-255,2902,204263,44,241978
11052,0.016781,172.31.46.0-255,66,204329,44,241978
11053,0.01909,172.217.194.0-255,5738,210067,44,241978
11054,0.0191,172.31.46.0-255,66,210133,44,241978
11055,0.021391,172.217.194.0-255,5738,215871,44,241978
11056,0.021398,172.31.46.0-255,66,215937,44,241978
11057,0.02369,172.217.194.0-255,5738,221675,44,241978
11058,0.023697,172.31.46.0-255,66,221741,44,241978
11059,0.025978,172.217.194.0-255,5738,227479,44,241978
11060,0.025986,172.31.46.0-255,66,227545,44,241978
11061,0.028287,172.217.194.0-255,4870,232415,44,241978
11062,0.028294,172.31.46.0-255,66,232481,44,241978
11063,0.028488,172.31.46.0-255,105,232586,44,241978
11064,0.030752,172.217.194.0-255,66,232652,44,241978
11065,0.040196,172.31.46.0-255,176,232828,44,241978
11066,0.040221,172.31.46.0-255,1114,233942,44,241978
11067,0.040401,172.31.46.0-255,1514,235456,44,241978
11068,0.040423,172.31.46.0-255,1514,236970,44,241978
11069,0.040427,172.31.46.0-255,1514,238484,44,241978
11070,0.040446,172.31.46.0-255,1514,239998,44,241978
11071,0.040449,172.31.46.0-255,1514,241512,44,241978
11072,0.04045,172.31.46.0-255,70,241582,44,241978
11073,0.041766,104.244.42.0-255,66,241648,44,241978
11074,0.041819,104.244.42.0-255,66,241714,44,241978
11075,0.041993,104.244.42.0-255,66,241780,44,241978
11076,0.042034,104.244.42.0-255,66,241846,44,241978
11077,0.042053,104.244.42.0-255,66,241912,44,241978
11078,0.042063,104.244.42.0-255,66,241978,44,241978
11079,0.0,74.125.68.0-255,150,150,44,360439
11080,1.9e-05,172.31.46.0-255,66,216,44,360439
11081,4.1e-05,74.125.68.0-255,1484,1700,44,360439
11082,4.5e-05,172.31.46.0-255,66,1766,44,360439
11083,5e-05,74.125.68.0-255,2902,4668,44,360439
11084,5.3e-05,172.31.46.0-255,66,4734,44,360439
11085,8.2e-05,74.125.68.0-255,5738,10472,44,360439
11086,8.4e-05,172.31.46.0-255,66,10538,44,360439
11087,8.9e-05,74.125.68.0-255,3502,14040,44,360439
11088,9.1e-05,172.31.46.0-255,66,14106,44,360439
11089,0.000125,74.125.68.0-255,1484,15590,44,360439
11090,0.000128,172.31.46.0-255,66,15656,44,360439
11091,0.000142,74.125.68.0-255,2902,18558,44,360439
11092,0.000145,172.31.46.0-255,66,18624,44,360439
11093,0.000168,74.125.68.0-255,5738,24362,44,360439
11094,0.000171,172.31.46.0-255,66,24428,44,360439
11095,0.000173,74.125.68.0-255,1484,25912,44,360439
11096,0.000175,172.31.46.0-255,66,25978,44,360439
11097,0.000193,74.125.68.0-255,5379,31357,44,360439
11098,0.000195,172.31.46.0-255,66,31423,44,360439
11099,0.000353,74.125.68.0-255,1484,32907,44,360439
11100,0.000357,172.31.46.0-255,66,32973,44,360439
11101,0.000361,74.125.68.0-255,2902,35875,44,360439
11102,0.000363,172.31.46.0-255,66,35941,44,360439
11103,0.000375,74.125.68.0-255,1484,37425,44,360439
11104,0.000377,172.31.46.0-255,66,37491,44,360439
11105,0.000397,74.125.68.0-255,4320,41811,44,360439
11106,0.000399,172.31.46.0-255,66,41877,44,360439
11107,0.000405,74.125.68.0-255,6797,48674,44,360439
11108,0.000407,172.31.46.0-255,66,48740,44,360439
11109,0.000447,74.125.68.0-255,2902,51642,44,360439
11110,0.000449,172.31.46.0-255,66,51708,44,360439
11111,0.00047,74.125.68.0-255,7156,58864,44,360439
11112,0.000488,74.125.68.0-255,5738,64602,44,360439
11113,0.000492,172.31.46.0-255,66,64668,44,360439
11114,0.000496,172.31.46.0-255,66,64734,44,360439
11115,0.000511,74.125.68.0-255,1125,65859,44,360439
11116,0.000513,74.125.68.0-255,680,66539,44,360439
11117,0.000525,172.31.46.0-255,66,66605,44,360439
11118,0.001083,74.125.68.0-255,1484,68089,44,360439
11119,0.001091,74.125.68.0-255,2902,70991,44,360439
11120,0.001118,74.125.68.0-255,4320,75311,44,360439
11121,0.001139,74.125.68.0-255,5738,81049,44,360439
11122,0.001154,74.125.68.0-255,2902,83951,44,360439
11123,0.001186,74.125.68.0-255,4320,88271,44,360439
11124,0.001219,74.125.68.0-255,3602,91873,44,360439
11125,0.001555,74.125.68.0-255,1484,93357,44,360439
11126,0.00156,74.125.68.0-255,1484,94841,44,360439
11127,0.001577,74.125.68.0-255,1484,96325,44,360439
11128,0.00158,74.125.68.0-255,1484,97809,44,360439
11129,0.001583,74.125.68.0-255,2902,100711,44,360439
11130,0.001586,74.125.68.0-255,1484,102195,44,360439
11131,0.001601,74.125.68.0-255,4320,106515,44,360439
11132,0.001629,74.125.68.0-255,7156,113671,44,360439
11133,0.001649,74.125.68.0-255,5738,119409,44,360439
11134,0.001671,74.125.68.0-255,2902,122311,44,360439
11135,0.001691,74.125.68.0-255,3602,125913,44,360439
11136,0.002195,74.125.68.0-255,1484,127397,44,360439
11137,0.002226,74.125.68.0-255,1484,128881,44,360439
11138,0.002241,74.125.68.0-255,1484,130365,44,360439
11139,0.002254,74.125.68.0-255,1484,131849,44,360439
11140,0.002277,74.125.68.0-255,1484,133333,44,360439
11141,0.002291,74.125.68.0-255,1484,134817,44,360439
11142,0.002307,74.125.68.0-255,1484,136301,44,360439
11143,0.00233,74.125.68.0-255,2902,139203,44,360439
11144,0.002332,74.125.68.0-255,1484,140687,44,360439
11145,0.002356,74.125.68.0-255,2902,143589,44,360439
11146,0.003595,172.31.46.0-255,66,143655,44,360439
11147,0.005933,74.125.68.0-255,5738,149393,44,360439
11148,0.00594,172.31.46.0-255,66,149459,44,360439
11149,0.00827,74.125.68.0-255,5738,155197,44,360439
11150,0.00941,172.31.46.0-255,66,155263,44,360439
11151,0.011747,74.125.68.0-255,5738,161001,44,360439
11152,0.011755,172.31.46.0-255,66,161067,44,360439
11153,0.014088,74.125.68.0-255,5738,166805,44,360439
11154,0.014097,172.31.46.0-255,66,166871,44,360439
11155,0.01643,74.125.68.0-255,5738,172609,44,360439
11156,0.016439,172.31.46.0-255,66,172675,44,360439
11157,0.018797,74.125.68.0-255,5738,178413,44,360439
11158,0.018805,172.31.46.0-255,66,178479,44,360439
11159,0.021197,74.125.68.0-255,5738,184217,44,360439
11160,0.021205,172.31.46.0-255,66,184283,44,360439
11161,0.023533,74.125.68.0-255,5738,190021,44,360439
11162,0.023539,172.31.46.0-255,66,190087,44,360439
11163,0.025873,74.125.68.0-255,5738,195825,44,360439
11164,0.025881,172.31.46.0-255,66,195891,44,360439
11165,0.028221,74.125.68.0-255,5738,201629,44,360439
11166,0.028228,172.31.46.0-255,66,201695,44,360439
11167,0.030555,74.125.68.0-255,5738,207433,44,360439
11168,0.030561,172.31.46.0-255,66,207499,44,360439
11169,0.031417,172.31.46.0-255,172,207671,44,360439
11170,0.031445,172.31.46.0-255,1114,208785,44,360439
11171,0.0315,172.31.46.0-255,1514,210299,44,360439
11172,0.031501,172.31.46.0-255,1514,211813,44,360439
11173,0.031502,172.31.46.0-255,1514,213327,44,360439
11174,0.031508,172.31.46.0-255,1514,214841,44,360439
11175,0.031509,172.31.46.0-255,1514,216355,44,360439
11176,0.03151,172.31.46.0-255,72,216427,44,360439
11177,0.032898,74.125.68.0-255,5738,222165,44,360439
11178,0.032905,172.31.46.0-255,66,222231,44,360439
11179,0.032945,104.244.42.0-255,66,222297,44,360439
11180,0.032952,104.244.42.0-255,66,222363,44,360439
11181,0.033029,104.244.42.0-255,66,222429,44,360439
11182,0.033034,104.244.42.0-255,66,222495,44,360439
11183,0.03526,74.125.68.0-255,5738,228233,44,360439
11184,0.035265,172.31.46.0-255,66,228299,44,360439
11185,0.037615,74.125.68.0-255,5738,234037,44,360439
11186,0.037622,172.31.46.0-255,66,234103,44,360439
11187,0.039956,74.125.68.0-255,5738,239841,44,360439
11188,0.039962,172.31.46.0-255,66,239907,44,360439
11189,0.042296,74.125.68.0-255,5738,245645,44,360439
11190,0.042302,172.31.46.0-255,66,245711,44,360439
11191,0.044637,74.125.68.0-255,5738,251449,44,360439
11192,0.044643,172.31.46.0-255,66,251515,44,360439
11193,0.046963,74.125.68.0-255,5738,257253,44,360439
11194,0.046969,172.31.46.0-255,66,257319,44,360439
11195,0.049303,74.125.68.0-255,5738,263057,44,360439
11196,0.049309,172.31.46.0-255,66,263123,44,360439
11197,0.051637,74.125.68.0-255,5738,268861,44,360439
11198,0.051642,172.31.46.0-255,66,268927,44,360439
11199,0.053976,74.125.68.0-255,5738,274665,44,360439
11200,0.053982,172.31.46.0-255,66,274731,44,360439
11201,0.056313,74.125.68.0-255,5738,280469,44,360439
11202,0.056319,172.31.46.0-255,66,280535,44,360439
11203,0.058652,74.125.68.0-255,5738,286273,44,360439
11204,0.058658,172.31.46.0-255,66,286339,44,360439
11205,0.060986,74.125.68.0-255,4320,290659,44,360439
11206,0.060993,172.31.46.0-255,66,290725,44,360439
11207,0.061008,74.125.68.0-255,1484,292209,44,360439
11208,0.063342,74.125.68.0-255,4320,296529,44,360439
11209,0.06335,172.31.46.0-255,66,296595,44,360439
11210,0.065688,74.125.68.0-255,5738,302333,44,360439
11211,0.065734,172.31.46.0-255,66,302399,44,360439
11212,0.068123,74.125.68.0-255,5738,308137,44,360439
11213,0.068131,172.31.46.0-255,66,308203,44,360439
11214,0.070473,74.125.68.0-255,5738,313941,44,360439
11215,0.07048,172.31.46.0-255,66,314007,44,360439
11216,0.072809,74.125.68.0-255,5738,319745,44,360439
11217,0.072815,172.31.46.0-255,66,319811,44,360439
11218,0.075157,74.125.68.0-255,5738,325549,44,360439
11219,0.075162,172.31.46.0-255,66,325615,44,360439
11220,0.077492,74.125.68.0-255,5738,331353,44,360439
11221,0.077498,172.31.46.0-255,66,331419,44,360439
11222,0.079836,74.125.68.0-255,5738,337157,44,360439
11223,0.079843,172.31.46.0-255,66,337223,44,360439
11224,0.082185,74.125.68.0-255,5738,342961,44,360439
11225,0.082191,172.31.46.0-255,66,343027,44,360439
11226,0.084524,74.125.68.0-255,5738,348765,44,360439
11227,0.08453,172.31.46.0-255,66,348831,44,360439
11228,0.086855,74.125.68.0-255,5738,354569,44,360439
11229,0.08686,172.31.46.0-255,66,354635,44,360439
11230,0.089186,74.125.68.0-255,5738,360373,44,360439
11231,0.089192,172.31.46.0-255,66,360439,44,360439
11232,0.0,74.125.24.0-255,146,146,44,313428
11233,1.6e-05,172.31.46.0-255,66,212,44,313428
11234,2.3e-05,74.125.24.0-255,1484,1696,44,313428
11235,2.8e-05,172.31.46.0-255,66,1762,44,313428
11236,3.4e-05,74.125.24.0-255,2902,4664,44,313428
11237,3.7e-05,172.31.46.0-255,66,4730,44,313428
11238,4e-05,74.125.24.0-255,1484,6214,44,313428
11239,4.2e-05,172.31.46.0-255,66,6280,44,313428
11240,6.6e-05,74.125.24.0-255,5738,12018,44,313428
11241,6.9e-05,172.31.46.0-255,66,12084,44,313428
11242,7.3e-05,74.125.24.0-255,2054,14138,44,313428
11243,7.6e-05,172.31.46.0-255,66,14204,44,313428
11244,0.000115,74.125.24.0-255,1484,15688,44,313428
11245,0.000117,172.31.46.0-255,66,15754,44,313428
11246,0.000121,74.125.24.0-255,1484,17238,44,313428
11247,0.000123,172.31.46.0-255,66,17304,44,313428
11248,0.000139,74.125.24.0-255,1484,18788,44,313428
11249,0.000141,172.31.46.0-255,66,18854,44,313428
11250,0.000145,74.125.24.0-255,2902,21756,44,313428
11251,0.000148,172.31.46.0-255,66,21822,44,313428
11252,0.000161,74.125.24.0-255,2902,24724,44,313428
11253,0.000163,172.31.46.0-255,66,24790,44,313428
11254,0.000198,74.125.24.0-255,6797,31587,44,313428
11255,0.000201,172.31.46.0-255,66,31653,44,313428
11256,0.000317,74.125.24.0-255,1484,33137,44,313428
11257,0.000322,172.31.46.0-255,66,33203,44,313428
11258,0.000328,74.125.24.0-255,2902,36105,44,313428
11259,0.00033,172.31.46.0-255,66,36171,44,313428
11260,0.000356,74.125.24.0-255,5738,41909,44,313428
11261,0.000359,172.31.46.0-255,66,41975,44,313428
11262,0.000366,74.125.24.0-255,6797,48772,44,313428
11263,0.000368,172.31.46.0-255,66,48838,44,313428
11264,0.000405,74.125.24.0-255,5738,54576,44,313428
11265,0.000408,172.31.46.0-255,66,54642,44,313428
11266,0.000435,172.31.46.0-255,66,54708,44,313428
11267,0.000439,74.125.24.0-255,2854,57562,44,313428
11268,0.000441,172.31.46.0-255,66,57628,44,313428
11269,0.000492,74.125.24.0-255,110,57738,44,313428
11270,0.000613,74.125.24.0-255,1484,59222,44,313428
11271,0.000618,172.31.46.0-255,66,59288,44,313428
11272,0.000624,74.125.24.0-255,2902,62190,44,313428
11273,0.000627,172.31.46.0-255,66,62256,44,313428
11274,0.000633,74.125.24.0-255,5738,67994,44,313428
11275,0.000635,172.31.46.0-255,66,68060,44,313428
11276,0.000642,74.125.24.0-255,5738,73798,44,313428
11277,0.000644,172.31.46.0-255,66,73864,44,313428
11278,0.000682,172.31.46.0-255,66,73930,44,313428
11279,0.000703,74.125.24.0-255,3961,77891,44,313428
11280,0.000706,172.31.46.0-255,66,77957,44,313428
11281,0.000711,74.125.24.0-255,3961,81918,44,313428
11282,0.000714,172.31.46.0-255,66,81984,44,313428
11283,0.000716,74.125.24.0-255,331,82315,44,313428
11284,0.001058,74.125.24.0-255,1484,83799,44,313428
11285,0.001064,172.31.46.0-255,66,83865,44,313428
11286,0.00107,74.125.24.0-255,2902,86767,44,313428
11287,0.001072,172.31.46.0-255,66,86833,44,313428
11288,0.001079,74.125.24.0-255,5738,92571,44,313428
11289,0.001081,172.31.46.0-255,66,92637,44,313428
11290,0.001086,74.125.24.0-255,4320,96957,44,313428
11291,0.001088,172.31.46.0-255,66,97023,44,313428
11292,0.001111,74.125.24.0-255,1484,98507,44,313428
11293,0.001126,172.31.46.0-255,66,98573,44,313428
11294,0.001129,74.125.24.0-255,1484,100057,44,313428
11295,0.001149,74.125.24.0-255,3602,103659,44,313428
11296,0.001151,172.31.46.0-255,66,103725,44,313428
11297,0.001675,74.125.24.0-255,1484,105209,44,313428
11298,0.00168,74.125.24.0-255,2902,108111,44,313428
11299,0.001683,172.31.46.0-255,66,108177,44,313428
11300,0.001688,74.125.24.0-255,2902,111079,44,313428
11301,0.00169,172.31.46.0-255,66,111145,44,313428
11302,0.001701,74.125.24.0-255,2902,114047,44,313428
11303,0.001703,172.31.46.0-255,66,114113,44,313428
11304,0.001715,74.125.24.0-255,1484,115597,44,313428
11305,0.00174,172.31.46.0-255,66,115663,44,313428
11306,0.001766,172.31.46.0-255,66,115729,44,313428
11307,0.001857,74.125.24.0-255,1484,117213,44,313428
11308,0.00187,74.125.24.0-255,2902,120115,44,313428
11309,0.001873,172.31.46.0-255,66,120181,44,313428
11310,0.001877,74.125.24.0-255,2902,123083,44,313428
11311,0.001879,172.31.46.0-255,66,123149,44,313428
11312,0.001893,74.125.24.0-255,2902,126051,44,313428
11313,0.001894,172.31.46.0-255,66,126117,44,313428
11314,0.0019,74.125.24.0-255,4320,130437,44,313428
11315,0.001901,172.31.46.0-255,66,130503,44,313428
11316,0.001922,74.125.24.0-255,2902,133405,44,313428
11317,0.001924,172.31.46.0-255,66,133471,44,313428
11318,0.00195,172.31.46.0-255,66,133537,44,313428
11319,0.001959,172.31.46.0-255,66,133603,44,313428
11320,0.001985,172.31.46.0-255,66,133669,44,313428
11321,0.002009,172.31.46.0-255,66,133735,44,313428
11322,0.00203,74.125.24.0-255,2902,136637,44,313428
11323,0.002033,172.31.46.0-255,66,136703,44,313428
11324,0.002054,74.125.24.0-255,7156,143859,44,313428
11325,0.002057,172.31.46.0-255,66,143925,44,313428
11326,0.002076,74.125.24.0-255,2184,146109,44,313428
11327,0.002079,172.31.46.0-255,66,146175,44,313428
11328,0.002096,74.125.24.0-255,4320,150495,44,313428
11329,0.002098,172.31.46.0-255,66,150561,44,313428
11330,0.002123,74.125.24.0-255,5738,156299,44,313428
11331,0.002126,172.31.46.0-255,66,156365,44,313428
11332,0.002182,172.31.46.0-255,66,156431,44,313428
11333,0.002192,172.31.46.0-255,66,156497,44,313428
11334,0.002195,74.125.24.0-255,2184,158681,44,313428
11335,0.002197,172.31.46.0-255,66,158747,44,313428
11336,0.002326,74.125.24.0-255,1484,160231,44,313428
11337,0.002338,74.125.24.0-255,2902,163133,44,313428
11338,0.002341,172.31.46.0-255,66,163199,44,313428
11339,0.002346,74.125.24.0-255,2902,166101,44,313428
11340,0.002348,172.31.46.0-255,66,166167,44,313428
11341,0.00236,74.125.24.0-255,2902,169069,44,313428
11342,0.002362,172.31.46.0-255,66,169135,44,313428
11343,0.002367,74.125.24.0-255,4320,173455,44,313428
11344,0.002369,172.31.46.0-255,66,173521,44,313428
11345,0.002388,74.125.24.0-255,1484,175005,44,313428
11346,0.004672,74.125.24.0-255,4320,179325,44,313428
11347,0.004679,172.31.46.0-255,66,179391,44,313428
11348,0.006993,74.125.24.0-255,5738,185129,44,313428
11349,0.006999,172.31.46.0-255,66,185195,44,313428
11350,0.009307,74.125.24.0-255,5738,190933,44,313428
11351,0.009313,172.31.46.0-255,66,190999,44,313428
11352,0.011643,74.125.24.0-255,5738,196737,44,313428
11353,0.011651,172.31.46.0-255,66,196803,44,313428
11354,0.013971,74.125.24.0-255,5738,202541,44,313428
11355,0.013982,172.31.46.0-255,66,202607,44,313428
11356,0.016299,74.125.24.0-255,5738,208345,44,313428
11357,0.016308,172.31.46.0-255,66,208411,44,313428
11358,0.018629,74.125.24.0-255,5738,214149,44,313428
11359,0.018637,172.31.46.0-255,66,214215,44,313428
11360,0.020975,74.125.24.0-255,5738,219953,44,313428
11361,0.020982,172.31.46.0-255,66,220019,44,313428
11362,0.023274,74.125.24.0-255,5738,225757,44,313428
11363,0.023294,172.31.46.0-255,66,225823,44,313428
11364,0.025589,74.125.24.0-255,5738,231561,44,313428
11365,0.025597,172.31.46.0-255,66,231627,44,313428
11366,0.027941,74.125.24.0-255,5738,237365,44,313428
11367,0.027948,172.31.46.0-255,66,237431,44,313428
11368,0.030253,74.125.24.0-255,5738,243169,44,313428
11369,0.03026,172.31.46.0-255,66,243235,44,313428
11370,0.032587,74.125.24.0-255,5738,248973,44,313428
11371,0.032595,172.31.46.0-255,66,249039,44,313428
11372,0.034896,74.125.24.0-255,5738,254777,44,313428
11373,0.034903,172.31.46.0-255,66,254843,44,313428
11374,0.035091,172.31.46.0-255,164,255007,44,313428
11375,0.03512,172.31.46.0-255,1123,256130,44,313428
11376,0.035252,172.31.46.0-255,1514,257644,44,313428
11377,0.035255,172.31.46.0-255,1514,259158,44,313428
11378,0.035256,172.31.46.0-255,1514,260672,44,313428
11379,0.035262,172.31.46.0-255,1514,262186,44,313428
11380,0.035263,172.31.46.0-255,1511,263697,44,313428
11381,0.036568,104.244.42.0-255,66,263763,44,313428
11382,0.036586,104.244.42.0-255,66,263829,44,313428
11383,0.036767,104.244.42.0-255,66,263895,44,313428
11384,0.037195,74.125.24.0-255,5738,269633,44,313428
11385,0.037202,172.31.46.0-255,66,269699,44,313428
11386,0.039514,74.125.24.0-255,5738,275437,44,313428
11387,0.039521,172.31.46.0-255,66,275503,44,313428
11388,0.041841,74.125.24.0-255,5738,281241,44,313428
11389,0.041849,172.31.46.0-255,66,281307,44,313428
11390,0.044145,74.125.24.0-255,5738,287045,44,313428
11391,0.044151,172.31.46.0-255,66,287111,44,313428
11392,0.046469,74.125.24.0-255,5738,292849,44,313428
11393,0.046477,172.31.46.0-255,66,292915,44,313428
11394,0.048784,74.125.24.0-255,5738,298653,44,313428
11395,0.04879,172.31.46.0-255,66,298719,44,313428
11396,0.051138,74.125.24.0-255,5738,304457,44,313428
11397,0.051145,172.31.46.0-255,66,304523,44,313428
11398,0.053453,74.125.24.0-255,5738,310261,44,313428
11399,0.05346,172.31.46.0-255,66,310327,44,313428
11400,0.055758,74.125.24.0-255,2864,313191,44,313428
11401,0.055764,172.31.46.0-255,66,313257,44,313428
11402,0.055934,172.31.46.0-255,105,313362,44,313428
11403,0.058196,74.125.24.0-255,66,313428,44,313428
11404,0.0,74.125.130.0-255,148,148,44,318118
11405,2.1e-05,172.31.46.0-255,66,214,44,318118
11406,2.8e-05,74.125.130.0-255,1484,1698,44,318118
11407,3.4e-05,172.31.46.0-255,66,1764,44,318118
11408,4e-05,74.125.130.0-255,2902,4666,44,318118
11409,4.3e-05,172.31.46.0-255,66,4732,44,318118
11410,5.1e-05,74.125.130.0-255,7156,11888,44,318118
11411,5.5e-05,172.31.46.0-255,66,11954,44,318118
11412,6e-05,74.125.130.0-255,3461,15415,44,318118
11413,6.3e-05,172.31.46.0-255,66,15481,44,318118
11414,7e-05,74.125.130.0-255,4320,19801,44,318118
11415,7.3e-05,172.31.46.0-255,66,19867,44,318118
11416,7.8e-05,74.125.130.0-255,4320,24187,44,318118
11417,8.1e-05,172.31.46.0-255,66,24253,44,318118
11418,0.000114,74.125.130.0-255,5738,29991,44,318118
11419,0.000117,172.31.46.0-255,66,30057,44,318118
11420,0.00012,74.125.130.0-255,1125,31182,44,318118
11421,0.000122,172.31.46.0-255,66,31248,44,318118
11422,0.00018,74.125.130.0-255,1484,32732,44,318118
11423,0.000182,172.31.46.0-255,66,32798,44,318118
11424,0.000188,74.125.130.0-255,2902,35700,44,318118
11425,0.00019,172.31.46.0-255,66,35766,44,318118
11426,0.000215,74.125.130.0-255,4320,40086,44,318118
11427,0.000217,172.31.46.0-255,66,40152,44,318118
11428,0.00022,74.125.130.0-255,1484,41636,44,318118
11429,0.000222,172.31.46.0-255,66,41702,44,318118
11430,0.000245,172.31.46.0-255,66,41768,44,318118
11431,0.000295,74.125.130.0-255,7156,48924,44,318118
11432,0.000298,172.31.46.0-255,66,48990,44,318118
11433,0.000309,172.31.46.0-255,66,49056,44,318118
11434,0.000312,74.125.130.0-255,121,49177,44,318118
11435,0.000315,74.125.130.0-255,380,49557,44,318118
11436,0.000671,74.125.130.0-255,1484,51041,44,318118
11437,0.000677,172.31.46.0-255,66,51107,44,318118
11438,0.000683,74.125.130.0-255,2902,54009,44,318118
11439,0.000685,172.31.46.0-255,66,54075,44,318118
11440,0.000692,74.125.130.0-255,5738,59813,44,318118
11441,0.000695,172.31.46.0-255,66,59879,44,318118
11442,0.000729,172.31.46.0-255,66,59945,44,318118
11443,0.000741,172.31.46.0-255,66,60011,44,318118
11444,0.00076,74.125.130.0-255,5020,65031,44,318118
11445,0.000764,172.31.46.0-255,66,65097,44,318118
11446,0.001197,172.31.46.0-255,101,65198,44,318118
11447,0.001311,74.125.130.0-255,1484,66682,44,318118
11448,0.001333,74.125.130.0-255,2902,69584,44,318118
11449,0.001337,172.31.46.0-255,66,69650,44,318118
11450,0.001344,74.125.130.0-255,5738,75388,44,318118
11451,0.001346,172.31.46.0-255,66,75454,44,318118
11452,0.001384,172.31.46.0-255,66,75520,44,318118
11453,0.001389,74.125.130.0-255,2902,78422,44,318118
11454,0.001391,172.31.46.0-255,66,78488,44,318118
11455,0.001408,74.125.130.0-255,5738,84226,44,318118
11456,0.00141,172.31.46.0-255,66,84292,44,318118
11457,0.001435,74.125.130.0-255,2184,86476,44,318118
11458,0.001439,172.31.46.0-255,66,86542,44,318118
11459,0.001452,74.125.130.0-255,2902,89444,44,318118
11460,0.001455,172.31.46.0-255,66,89510,44,318118
11461,0.00147,74.125.130.0-255,5738,95248,44,318118
11462,0.001473,172.31.46.0-255,66,95314,44,318118
11463,0.001497,74.125.130.0-255,1484,96798,44,318118
11464,0.001503,74.125.130.0-255,5738,102536,44,318118
11465,0.001506,172.31.46.0-255,66,102602,44,318118
11466,0.001518,172.31.46.0-255,66,102668,44,318118
11467,0.001538,74.125.130.0-255,4320,106988,44,318118
11468,0.00154,172.31.46.0-255,66,107054,44,318118
11469,0.001545,74.125.130.0-255,3602,110656,44,318118
11470,0.001547,172.31.46.0-255,66,110722,44,318118
11471,0.001655,74.125.130.0-255,1484,112206,44,318118
11472,0.00166,74.125.130.0-255,2902,115108,44,318118
11473,0.001663,172.31.46.0-255,66,115174,44,318118
11474,0.001684,74.125.130.0-255,4320,119494,44,318118
11475,0.001687,172.31.46.0-255,66,119560,44,318118
11476,0.001692,74.125.130.0-255,4320,123880,44,318118
11477,0.001694,172.31.46.0-255,66,123946,44,318118
11478,0.001705,74.125.130.0-255,1484,125430,44,318118
11479,0.001708,74.125.130.0-255,1484,126914,44,318118
11480,0.00171,172.31.46.0-255,66,126980,44,318118
11481,0.001745,172.31.46.0-255,66,127046,44,318118
11482,0.001755,172.31.46.0-255,66,127112,44,318118
11483,0.001886,74.125.130.0-255,1484,128596,44,318118
11484,0.001894,74.125.130.0-255,2902,131498,44,318118
11485,0.001897,172.31.46.0-255,66,131564,44,318118
11486,0.001904,74.125.130.0-255,4320,135884,44,318118
11487,0.001906,172.31.46.0-255,66,135950,44,318118
11488,0.001912,74.125.130.0-255,5738,141688,44,318118
11489,0.001914,172.31.46.0-255,66,141754,44,318118
11490,0.001929,172.31.46.0-255,66,141820,44,318118
11491,0.001965,74.125.130.0-255,7156,148976,44,318118
11492,0.001968,172.31.46.0-255,66,149042,44,318118
11493,0.001986,74.125.130.0-255,766,149808,44,318118
11494,0.00205,74.125.130.0-255,1484,151292,44,318118
11495,0.002054,172.31.46.0-255,66,151358,44,318118
11496,0.002059,74.125.130.0-255,2902,154260,44,318118
11497,0.002061,172.31.46.0-255,66,154326,44,318118
11498,0.002064,74.125.130.0-255,1484,155810,44,318118
11499,0.00209,74.125.130.0-255,4320,160130,44,318118
11500,0.002094,172.31.46.0-255,66,160196,44,318118
11501,0.002099,74.125.130.0-255,4320,164516,44,318118
11502,0.002101,172.31.46.0-255,66,164582,44,318118
11503,0.002112,74.125.130.0-255,5738,170320,44,318118
11504,0.002115,172.31.46.0-255,66,170386,44,318118
11505,0.002121,74.125.130.0-255,4320,174706,44,318118
11506,0.002123,172.31.46.0-255,66,174772,44,318118
11507,0.002153,74.125.130.0-255,7156,181928,44,318118
11508,0.002157,172.31.46.0-255,66,181994,44,318118
11509,0.002161,74.125.130.0-255,2184,184178,44,318118
11510,0.002163,172.31.46.0-255,66,184244,44,318118
11511,0.003432,74.125.130.0-255,66,184310,44,318118
11512,0.00442,74.125.130.0-255,5738,190048,44,318118
11513,0.004429,172.31.46.0-255,66,190114,44,318118
11514,0.00671,74.125.130.0-255,5738,195852,44,318118
11515,0.006719,172.31.46.0-255,66,195918,44,318118
11516,0.008998,74.125.130.0-255,5738,201656,44,318118
11517,0.009009,172.31.46.0-255,66,201722,44,318118
11518,0.011284,74.125.130.0-255,5738,207460,44,318118
11519,0.011301,172.31.46.0-255,66,207526,44,318118
11520,0.013582,74.125.130.0-255,5738,213264,44,318118
11521,0.013597,172.31.46.0-255,66,213330,44,318118
11522,0.015883,74.125.130.0-255,5738,219068,44,318118
11523,0.015899,172.31.46.0-255,66,219134,44,318118
11524,0.01819,74.125.130.0-255,5738,224872,44,318118
11525,0.018209,172.31.46.0-255,66,224938,44,318118
11526,0.020523,74.125.130.0-255,5738,230676,44,318118
11527,0.020541,172.31.46.0-255,66,230742,44,318118
11528,0.022827,74.125.130.0-255,5738,236480,44,318118
11529,0.022839,172.31.46.0-255,66,236546,44,318118
11530,0.025118,74.125.130.0-255,5738,242284,44,318118
11531,0.02513,172.31.46.0-255,66,242350,44,318118
11532,0.027423,74.125.130.0-255,5738,248088,44,318118
11533,0.027455,172.31.46.0-255,66,248154,44,318118
11534,0.029749,74.125.130.0-255,5738,253892,44,318118
11535,0.029765,172.31.46.0-255,66,253958,44,318118
11536,0.03207,74.125.130.0-255,5738,259696,44,318118
11537,0.03209,172.31.46.0-255,66,259762,44,318118
11538,0.034384,74.125.130.0-255,5738,265500,44,318118
11539,0.034401,172.31.46.0-255,66,265566,44,318118
11540,0.036695,74.125.130.0-255,5738,271304,44,318118
11541,0.036705,172.31.46.0-255,66,271370,44,318118
11542,0.038981,74.125.130.0-255,5738,277108,44,318118
11543,0.038991,172.31.46.0-255,66,277174,44,318118
11544,0.041261,74.125.130.0-255,5738,282912,44,318118
11545,0.041269,172.31.46.0-255,66,282978,44,318118
11546,0.041926,172.31.46.0-255,172,283150,44,318118
11547,0.041955,172.31.46.0-255,1114,284264,44,318118
11548,0.042026,172.31.46.0-255,1514,285778,44,318118
11549,0.042028,172.31.46.0-255,1514,287292,44,318118
11550,0.042035,172.31.46.0-255,1514,288806,44,318118
11551,0.042036,172.31.46.0-255,1514,290320,44,318118
11552,0.042053,172.31.46.0-255,1514,291834,44,318118
11553,0.042054,172.31.46.0-255,73,291907,44,318118
11554,0.043477,104.244.42.0-255,66,291973,44,318118
11555,0.043488,104.244.42.0-255,66,292039,44,318118
11556,0.043531,74.125.130.0-255,2902,294941,44,318118
11557,0.04354,172.31.46.0-255,66,295007,44,318118
11558,0.043555,74.125.130.0-255,2902,297909,44,318118
11559,0.043559,172.31.46.0-255,66,297975,44,318118
11560,0.043594,104.244.42.0-255,66,298041,44,318118
11561,0.043599,104.244.42.0-255,66,298107,44,318118
11562,0.045813,74.125.130.0-255,5738,303845,44,318118
11563,0.045821,172.31.46.0-255,66,303911,44,318118
11564,0.048106,74.125.130.0-255,5738,309649,44,318118
11565,0.048124,172.31.46.0-255,66,309715,44,318118
11566,0.050416,74.125.130.0-255,5738,315453,44,318118
11567,0.050429,172.31.46.0-255,66,315519,44,318118
11568,0.052721,74.125.130.0-255,2362,317881,44,318118
11569,0.052738,172.31.46.0-255,66,317947,44,318118
11570,0.053025,172.31.46.0-255,105,318052,44,318118
11571,0.059243,74.125.130.0-255,66,318118,44,318118
11572,0.0,172.217.194.0-255,146,146,44,153091
11573,2.3e-05,172.31.46.0-255,66,212,44,153091
11574,3e-05,172.217.194.0-255,1484,1696,44,153091
11575,3.4e-05,172.31.46.0-255,66,1762,44,153091
11576,3.9e-05,172.217.194.0-255,2902,4664,44,153091
11577,4.2e-05,172.31.46.0-255,66,4730,44,153091
11578,4.9e-05,172.217.194.0-255,7156,11886,44,153091
11579,5.3e-05,172.31.46.0-255,66,11952,44,153091
11580,6e-05,172.217.194.0-255,6364,18316,44,153091
11581,6.3e-05,172.31.46.0-255,66,18382,44,153091
11582,0.000106,172.217.194.0-255,4320,22702,44,153091
11583,0.000109,172.31.46.0-255,66,22768,44,153091
11584,0.000137,172.31.46.0-255,66,22834,44,153091
11585,0.000155,172.217.194.0-255,4320,27154,44,153091
11586,0.000157,172.31.46.0-255,66,27220,44,153091
11587,0.000179,172.217.194.0-255,7156,34376,44,153091
11588,0.000181,172.31.46.0-255,66,34442,44,153091
11589,0.000194,172.31.46.0-255,66,34508,44,153091
11590,0.000215,172.217.194.0-255,2902,37410,44,153091
11591,0.000218,172.31.46.0-255,66,37476,44,153091
11592,0.000242,172.217.194.0-255,7071,44547,44,153091
11593,0.000244,172.31.46.0-255,66,44613,44,153091
11594,0.000247,172.217.194.0-255,435,45048,44,153091
11595,0.000249,172.31.46.0-255,66,45114,44,153091
11596,0.000385,172.217.194.0-255,1484,46598,44,153091
11597,0.000389,172.31.46.0-255,66,46664,44,153091
11598,0.000394,172.217.194.0-255,2902,49566,44,153091
11599,0.000397,172.31.46.0-255,66,49632,44,153091
11600,0.0004,172.217.194.0-255,1484,51116,44,153091
11601,0.000403,172.31.46.0-255,66,51182,44,153091
11602,0.000443,172.217.194.0-255,4320,55502,44,153091
11603,0.000461,172.217.194.0-255,5738,61240,44,153091
11604,0.000481,172.217.194.0-255,5020,66260,44,153091
11605,0.000523,172.217.194.0-255,2902,69162,44,153091
11606,0.000596,172.217.194.0-255,5738,74900,44,153091
11607,0.000611,172.217.194.0-255,4320,79220,44,153091
11608,0.000692,172.217.194.0-255,5020,84240,44,153091
11609,0.000716,172.217.194.0-255,2902,87142,44,153091
11610,0.000736,172.217.194.0-255,4320,91462,44,153091
11611,0.00075,172.217.194.0-255,2902,94364,44,153091
11612,0.000787,172.217.194.0-255,766,95130,44,153091
11613,0.000819,172.217.194.0-255,1484,96614,44,153091
11614,0.000823,172.217.194.0-255,1484,98098,44,153091
11615,0.000838,172.217.194.0-255,1484,99582,44,153091
11616,0.000845,172.217.194.0-255,5738,105320,44,153091
11617,0.000877,172.217.194.0-255,4320,109640,44,153091
11618,0.000922,172.217.194.0-255,2184,111824,44,153091
11619,0.000955,172.31.46.0-255,66,111890,44,153091
11620,0.001027,172.217.194.0-255,1484,113374,44,153091
11621,0.001033,172.217.194.0-255,2902,116276,44,153091
11622,0.00104,172.217.194.0-255,5738,122014,44,153091
11623,0.001097,172.31.46.0-255,66,122080,44,153091
11624,0.001124,172.217.194.0-255,766,122846,44,153091
11625,0.00113,172.31.46.0-255,66,122912,44,153091
11626,0.001199,172.217.194.0-255,1484,124396,44,153091
11627,0.001205,172.217.194.0-255,2902,127298,44,153091
11628,0.001211,172.31.46.0-255,66,127364,44,153091
11629,0.001222,172.217.194.0-255,5738,133102,44,153091
11630,0.001228,172.217.194.0-255,5738,138840,44,153091
11631,0.001238,172.31.46.0-255,66,138906,44,153091
11632,0.001242,172.217.194.0-255,1484,140390,44,153091
11633,0.001287,172.217.194.0-255,2902,143292,44,153091
11634,0.00129,172.31.46.0-255,66,143358,44,153091
11635,0.001315,172.31.46.0-255,66,143424,44,153091
11636,0.001415,172.31.46.0-255,66,143490,44,153091
11637,0.001436,172.217.194.0-255,5738,149228,44,153091
11638,0.001464,172.31.46.0-255,66,149294,44,153091
11639,0.001509,172.31.46.0-255,66,149360,44,153091
11640,0.001512,172.217.194.0-255,1339,150699,44,153091
11641,0.001528,172.217.194.0-255,105,150804,44,153091
11642,0.004353,172.31.46.0-255,66,150870,44,153091
11643,0.004389,172.31.46.0-255,105,150975,44,153091
11644,0.006875,172.217.194.0-255,66,151041,44,153091
11645,0.036965,172.31.46.0-255,172,151213,44,153091
11646,0.037,172.31.46.0-255,1114,152327,44,153091
11647,0.037057,172.31.46.0-255,566,152893,44,153091
11648,0.038444,104.244.42.0-255,66,152959,44,153091
11649,0.038472,104.244.42.0-255,66,153025,44,153091
11650,0.038532,104.244.42.0-255,66,153091,44,153091
11651,0.0,74.125.200.0-255,293,293,44,397318
11652,2.2e-05,172.31.46.0-255,66,359,44,397318
11653,2.7e-05,74.125.200.0-255,1484,1843,44,397318
11654,3.1e-05,172.31.46.0-255,66,1909,44,397318
11655,3.7e-05,74.125.200.0-255,4320,6229,44,397318
11656,4e-05,172.31.46.0-255,66,6295,44,397318
11657,5.9e-05,74.125.200.0-255,1484,7779,44,397318
11658,6.1e-05,172.31.46.0-255,66,7845,44,397318
11659,8.4e-05,74.125.200.0-255,4320,12165,44,397318
11660,8.6e-05,172.31.46.0-255,66,12231,44,397318
11661,9.3e-05,74.125.200.0-255,6113,18344,44,397318
11662,9.5e-05,172.31.46.0-255,66,18410,44,397318
11663,9.8e-05,74.125.200.0-255,1484,19894,44,397318
11664,9.9e-05,172.31.46.0-255,66,19960,44,397318
11665,0.000121,74.125.200.0-255,7156,27116,44,397318
11666,0.000123,172.31.46.0-255,66,27182,44,397318
11667,0.000154,74.125.200.0-255,3961,31143,44,397318
11668,0.000156,172.31.46.0-255,66,31209,44,397318
11669,0.00021,74.125.200.0-255,1484,32693,44,397318
11670,0.000213,172.31.46.0-255,66,32759,44,397318
11671,0.000231,74.125.200.0-255,2902,35661,44,397318
11672,0.000233,172.31.46.0-255,66,35727,44,397318
11673,0.000248,74.125.200.0-255,2902,38629,44,397318
11674,0.00025,172.31.46.0-255,66,38695,44,397318
11675,0.000267,74.125.200.0-255,2902,41597,44,397318
11676,0.000269,172.31.46.0-255,66,41663,44,397318
11677,0.000296,74.125.200.0-255,7156,48819,44,397318
11678,0.000299,172.31.46.0-255,66,48885,44,397318
11679,0.000302,74.125.200.0-255,2902,51787,44,397318
11680,0.000305,172.31.46.0-255,66,51853,44,397318
11681,0.000319,74.125.200.0-255,4320,56173,44,397318
11682,0.000322,172.31.46.0-255,66,56239,44,397318
11683,0.000332,74.125.200.0-255,1484,57723,44,397318
11684,0.000347,74.125.200.0-255,4320,62043,44,397318
11685,0.000349,172.31.46.0-255,66,62109,44,397318
11686,0.000361,74.125.200.0-255,2902,65011,44,397318
11687,0.000363,172.31.46.0-255,66,65077,44,397318
11688,0.000366,74.125.200.0-255,766,65843,44,397318
11689,0.000772,74.125.200.0-255,400,66243,44,397318
11690,0.00094,172.31.46.0-255,66,66309,44,397318
11691,0.0011,74.125.200.0-255,109,66418,44,397318
11692,0.00114,74.125.200.0-255,1484,67902,44,397318
11693,0.001144,172.31.46.0-255,66,67968,44,397318
11694,0.001148,74.125.200.0-255,1484,69452,44,397318
11695,0.001176,74.125.200.0-255,2902,72354,44,397318
11696,0.00118,172.31.46.0-255,66,72420,44,397318
11697,0.001186,74.125.200.0-255,5738,78158,44,397318
11698,0.001187,172.31.46.0-255,66,78224,44,397318
11699,0.001216,74.125.200.0-255,1484,79708,44,397318
11700,0.001239,172.31.46.0-255,66,79774,44,397318
11701,0.001259,74.125.200.0-255,5738,85512,44,397318
11702,0.001262,172.31.46.0-255,66,85578,44,397318
11703,0.00128,74.125.200.0-255,5738,91316,44,397318
11704,0.001282,172.31.46.0-255,66,91382,44,397318
11705,0.001285,74.125.200.0-255,766,92148,44,397318
11706,0.001409,74.125.200.0-255,1484,93632,44,397318
11707,0.001413,172.31.46.0-255,66,93698,44,397318
11708,0.001418,74.125.200.0-255,2902,96600,44,397318
11709,0.00142,172.31.46.0-255,66,96666,44,397318
11710,0.00144,74.125.200.0-255,2902,99568,44,397318
11711,0.001442,172.31.46.0-255,66,99634,44,397318
11712,0.001453,74.125.200.0-255,2902,102536,44,397318
11713,0.001455,172.31.46.0-255,66,102602,44,397318
11714,0.001464,74.125.200.0-255,1484,104086,44,397318
11715,0.001481,74.125.200.0-255,4320,108406,44,397318
11716,0.001483,172.31.46.0-255,66,108472,44,397318
11717,0.001503,74.125.200.0-255,7156,115628,44,397318
11718,0.001505,172.31.46.0-255,66,115694,44,397318
11719,0.001523,74.125.200.0-255,4320,120014,44,397318
11720,0.001525,172.31.46.0-255,66,120080,44,397318
11721,0.001528,74.125.200.0-255,1484,121564,44,397318
11722,0.001544,74.125.200.0-255,4320,125884,44,397318
11723,0.001546,172.31.46.0-255,66,125950,44,397318
11724,0.001572,74.125.200.0-255,2184,128134,44,397318
11725,0.001575,172.31.46.0-255,66,128200,44,397318
11726,0.001579,74.125.200.0-255,2902,131102,44,397318
11727,0.001581,172.31.46.0-255,66,131168,44,397318
11728,0.001607,74.125.200.0-255,7156,138324,44,397318
11729,0.00161,172.31.46.0-255,66,138390,44,397318
11730,0.001613,74.125.200.0-255,1484,139874,44,397318
11731,0.001627,74.125.200.0-255,1484,141358,44,397318
11732,0.001629,172.31.46.0-255,66,141424,44,397318
11733,0.001644,74.125.200.0-255,4320,145744,44,397318
11734,0.001646,172.31.46.0-255,66,145810,44,397318
11735,0.001675,74.125.200.0-255,2902,148712,44,397318
11736,0.001678,172.31.46.0-255,66,148778,44,397318
11737,0.001698,74.125.200.0-255,5738,154516,44,397318
11738,0.0017,172.31.46.0-255,66,154582,44,397318
11739,0.00173,74.125.200.0-255,4320,158902,44,397318
11740,0.001732,172.31.46.0-255,66,158968,44,397318
11741,0.001747,74.125.200.0-255,2184,161152,44,397318
11742,0.00175,172.31.46.0-255,66,161218,44,397318
11743,0.001754,74.125.200.0-255,2902,164120,44,397318
11744,0.001756,172.31.46.0-255,66,164186,44,397318
11745,0.00178,74.125.200.0-255,4320,168506,44,397318
11746,0.001783,172.31.46.0-255,66,168572,44,397318
11747,0.001788,74.125.200.0-255,4320,172892,44,397318
11748,0.00179,172.31.46.0-255,66,172958,44,397318
11749,0.001803,74.125.200.0-255,1484,174442,44,397318
11750,0.00181,74.125.200.0-255,7156,181598,44,397318
11751,0.001812,172.31.46.0-255,66,181664,44,397318
11752,0.001825,74.125.200.0-255,1484,183148,44,397318
11753,0.001843,74.125.200.0-255,4320,187468,44,397318
11754,0.001847,172.31.46.0-255,66,187534,44,397318
11755,0.001852,74.125.200.0-255,4320,191854,44,397318
11756,0.001854,172.31.46.0-255,66,191920,44,397318
11757,0.001868,74.125.200.0-255,2902,194822,44,397318
11758,0.001869,172.31.46.0-255,66,194888,44,397318
11759,0.001872,74.125.200.0-255,766,195654,44,397318
11760,0.001897,74.125.200.0-255,1484,197138,44,397318
11761,0.0019,172.31.46.0-255,66,197204,44,397318
11762,0.001929,74.125.200.0-255,1484,198688,44,397318
11763,0.001935,74.125.200.0-255,2902,201590,44,397318
11764,0.001938,172.31.46.0-255,66,201656,44,397318
11765,0.001953,74.125.200.0-255,2902,204558,44,397318
11766,0.001974,74.125.200.0-255,2902,207460,44,397318
11767,0.001978,74.125.200.0-255,4320,211780,44,397318
11768,0.00199,74.125.200.0-255,1484,213264,44,397318
11769,0.002006,74.125.200.0-255,4320,217584,44,397318
11770,0.002024,74.125.200.0-255,2902,220486,44,397318
11771,0.002046,74.125.200.0-255,4320,224806,44,397318
11772,0.002063,74.125.200.0-255,5020,229826,44,397318
11773,0.006088,172.31.46.0-255,66,229892,44,397318
11774,0.008134,74.125.200.0-255,5738,235630,44,397318
11775,0.008142,172.31.46.0-255,66,235696,44,397318
11776,0.010194,74.125.200.0-255,2902,238598,44,397318
11777,0.0102,172.31.46.0-255,66,238664,44,397318
11778,0.010216,74.125.200.0-255,2902,241566,44,397318
11779,0.010218,172.31.46.0-255,66,241632,44,397318
11780,0.012288,74.125.200.0-255,5738,247370,44,397318
11781,0.012294,172.31.46.0-255,66,247436,44,397318
11782,0.014338,74.125.200.0-255,5738,253174,44,397318
11783,0.014345,172.31.46.0-255,66,253240,44,397318
11784,0.016405,74.125.200.0-255,5738,258978,44,397318
11785,0.016413,172.31.46.0-255,66,259044,44,397318
11786,0.018464,74.125.200.0-255,5738,264782,44,397318
11787,0.018473,172.31.46.0-255,66,264848,44,397318
11788,0.020519,74.125.200.0-255,5738,270586,44,397318
11789,0.020526,172.31.46.0-255,66,270652,44,397318
11790,0.022572,74.125.200.0-255,4320,274972,44,397318
11791,0.022578,172.31.46.0-255,66,275038,44,397318
11792,0.022596,74.125.200.0-255,1484,276522,44,397318
11793,0.02462,74.125.200.0-255,4320,280842,44,397318
11794,0.024626,172.31.46.0-255,66,280908,44,397318
11795,0.026673,74.125.200.0-255,4320,285228,44,397318
11796,0.02668,172.31.46.0-255,66,285294,44,397318
11797,0.026697,74.125.200.0-255,1484,286778,44,397318
11798,0.028731,74.125.200.0-255,4320,291098,44,397318
11799,0.028739,172.31.46.0-255,66,291164,44,397318
11800,0.03079,74.125.200.0-255,5738,296902,44,397318
11801,0.030796,172.31.46.0-255,66,296968,44,397318
11802,0.032848,74.125.200.0-255,5738,302706,44,397318
11803,0.032861,172.31.46.0-255,66,302772,44,397318
11804,0.03492,74.125.200.0-255,5738,308510,44,397318
11805,0.034927,172.31.46.0-255,66,308576,44,397318
11806,0.035987,172.31.46.0-255,172,308748,44,397318
11807,0.036017,172.31.46.0-255,1114,309862,44,397318
11808,0.036068,172.31.46.0-255,1514,311376,44,397318
11809,0.036069,172.31.46.0-255,1514,312890,44,397318
11810,0.03607,172.31.46.0-255,1514,314404,44,397318
11811,0.036071,172.31.46.0-255,1514,315918,44,397318
11812,0.036099,172.31.46.0-255,1514,317432,44,397318
11813,0.0361,172.31.46.0-255,70,317502,44,397318
11814,0.036975,74.125.200.0-255,4320,321822,44,397318
11815,0.036983,172.31.46.0-255,66,321888,44,397318
11816,0.037003,74.125.200.0-255,1484,323372,44,397318
11817,0.037527,104.244.42.0-255,66,323438,44,397318
11818,0.037564,104.244.42.0-255,66,323504,44,397318
11819,0.037707,104.244.42.0-255,66,323570,44,397318
11820,0.037714,104.244.42.0-255,66,323636,44,397318
11821,0.037717,104.244.42.0-255,66,323702,44,397318
11822,0.039041,74.125.200.0-255,4320,328022,44,397318
11823,0.039048,172.31.46.0-255,66,328088,44,397318
11824,0.041106,74.125.200.0-255,5738,333826,44,397318
11825,0.041112,172.31.46.0-255,66,333892,44,397318
11826,0.043151,74.125.200.0-255,5738,339630,44,397318
11827,0.043156,172.31.46.0-255,66,339696,44,397318
11828,0.045207,74.125.200.0-255,5738,345434,44,397318
11829,0.045213,172.31.46.0-255,66,345500,44,397318
11830,0.047248,74.125.200.0-255,5738,351238,44,397318
11831,0.047253,172.31.46.0-255,66,351304,44,397318
11832,0.049307,74.125.200.0-255,5738,357042,44,397318
11833,0.049314,172.31.46.0-255,66,357108,44,397318
11834,0.051369,74.125.200.0-255,5738,362846,44,397318
11835,0.051375,172.31.46.0-255,66,362912,44,397318
11836,0.053434,74.125.200.0-255,5738,368650,44,397318
11837,0.053441,172.31.46.0-255,66,368716,44,397318
11838,0.055491,74.125.200.0-255,5738,374454,44,397318
11839,0.055498,172.31.46.0-255,66,374520,44,397318
11840,0.057608,74.125.200.0-255,5738,380258,44,397318
11841,0.057617,172.31.46.0-255,66,380324,44,397318
11842,0.059669,74.125.200.0-255,5738,386062,44,397318
11843,0.059677,172.31.46.0-255,66,386128,44,397318
11844,0.061733,74.125.200.0-255,5738,391866,44,397318
11845,0.061738,172.31.46.0-255,66,391932,44,397318
11846,0.063781,74.125.200.0-255,5149,397081,44,397318
11847,0.063791,172.31.46.0-255,66,397147,44,397318
11848,0.06402,172.31.46.0-255,105,397252,44,397318
11849,0.066039,74.125.200.0-255,66,397318,44,397318
11850,0.0,74.125.24.0-255,150,150,44,358347
11851,1.4e-05,172.31.46.0-255,66,216,44,358347
11852,2e-05,74.125.24.0-255,1484,1700,44,358347
11853,2.5e-05,172.31.46.0-255,66,1766,44,358347
11854,3.1e-05,74.125.24.0-255,2902,4668,44,358347
11855,4.3e-05,172.31.46.0-255,66,4734,44,358347
11856,5.1e-05,74.125.24.0-255,7156,11890,44,358347
11857,5.4e-05,172.31.46.0-255,66,11956,44,358347
11858,5.9e-05,74.125.24.0-255,1979,13935,44,358347
11859,6.3e-05,172.31.46.0-255,66,14001,44,358347
11860,0.000513,74.125.24.0-255,1484,15485,44,358347
11861,0.00052,172.31.46.0-255,66,15551,44,358347
11862,0.000527,74.125.24.0-255,2902,18453,44,358347
11863,0.00053,172.31.46.0-255,66,18519,44,358347
11864,0.000542,74.125.24.0-255,5738,24257,44,358347
11865,0.000544,172.31.46.0-255,66,24323,44,358347
11866,0.000589,74.125.24.0-255,5738,30061,44,358347
11867,0.000593,172.31.46.0-255,66,30127,44,358347
11868,0.00062,74.125.24.0-255,5379,35506,44,358347
11869,0.000624,172.31.46.0-255,66,35572,44,358347
11870,0.00063,74.125.24.0-255,5738,41310,44,358347
11871,0.000632,172.31.46.0-255,66,41376,44,358347
11872,0.00066,74.125.24.0-255,5738,47114,44,358347
11873,0.000663,172.31.46.0-255,66,47180,44,358347
11874,0.000684,74.125.24.0-255,1125,48305,44,358347
11875,0.000687,172.31.46.0-255,66,48371,44,358347
11876,0.001092,74.125.24.0-255,1484,49855,44,358347
11877,0.001099,172.31.46.0-255,66,49921,44,358347
11878,0.001105,74.125.24.0-255,2902,52823,44,358347
11879,0.001108,172.31.46.0-255,66,52889,44,358347
11880,0.001121,74.125.24.0-255,5738,58627,44,358347
11881,0.001124,172.31.46.0-255,66,58693,44,358347
11882,0.001129,74.125.24.0-255,4320,63013,44,358347
11883,0.001131,172.31.46.0-255,66,63079,44,358347
11884,0.001197,172.31.46.0-255,66,63145,44,358347
11885,0.001232,172.31.46.0-255,66,63211,44,358347
11886,0.001283,74.125.24.0-255,2902,66113,44,358347
11887,0.001287,172.31.46.0-255,66,66179,44,358347
11888,0.00132,172.31.46.0-255,66,66245,44,358347
11889,0.001323,74.125.24.0-255,647,66892,44,358347
11890,0.001668,74.125.24.0-255,1484,68376,44,358347
11891,0.001673,172.31.46.0-255,66,68442,44,358347
11892,0.00168,74.125.24.0-255,2902,71344,44,358347
11893,0.001682,172.31.46.0-255,66,71410,44,358347
11894,0.001694,74.125.24.0-255,5738,77148,44,358347
11895,0.001696,172.31.46.0-255,66,77214,44,358347
11896,0.001733,74.125.24.0-255,7156,84370,44,358347
11897,0.001736,172.31.46.0-255,66,84436,44,358347
11898,0.001765,74.125.24.0-255,5738,90174,44,358347
11899,0.001768,172.31.46.0-255,66,90240,44,358347
11900,0.001784,74.125.24.0-255,1484,91724,44,358347
11901,0.001791,74.125.24.0-255,5738,97462,44,358347
11902,0.001795,172.31.46.0-255,66,97528,44,358347
11903,0.001815,74.125.24.0-255,3602,101130,44,358347
11904,0.001818,172.31.46.0-255,66,101196,44,358347
11905,0.0038,74.125.24.0-255,2902,104098,44,358347
11906,0.003807,172.31.46.0-255,66,104164,44,358347
11907,0.003839,74.125.24.0-255,2902,107066,44,358347
11908,0.003842,172.31.46.0-255,66,107132,44,358347
11909,0.005784,74.125.24.0-255,2902,110034,44,358347
11910,0.005789,172.31.46.0-255,66,110100,44,358347
11911,0.005809,74.125.24.0-255,2902,113002,44,358347
11912,0.005811,172.31.46.0-255,66,113068,44,358347
11913,0.007794,74.125.24.0-255,2902,115970,44,358347
11914,0.007801,172.31.46.0-255,66,116036,44,358347
11915,0.007829,74.125.24.0-255,2902,118938,44,358347
11916,0.007832,172.31.46.0-255,66,119004,44,358347
11917,0.009807,74.125.24.0-255,2902,121906,44,358347
11918,0.009814,172.31.46.0-255,66,121972,44,358347
11919,0.009845,74.125.24.0-255,2902,124874,44,358347
11920,0.009848,172.31.46.0-255,66,124940,44,358347
11921,0.011831,74.125.24.0-255,2902,127842,44,358347
11922,0.011839,172.31.46.0-255,66,127908,44,358347
11923,0.011868,74.125.24.0-255,2902,130810,44,358347
11924,0.011871,172.31.46.0-255,66,130876,44,358347
11925,0.013838,74.125.24.0-255,2902,133778,44,358347
11926,0.013845,172.31.46.0-255,66,133844,44,358347
11927,0.013877,74.125.24.0-255,2902,136746,44,358347
11928,0.01388,172.31.46.0-255,66,136812,44,358347
11929,0.015834,74.125.24.0-255,2902,139714,44,358347
11930,0.01584,172.31.46.0-255,66,139780,44,358347
11931,0.015869,74.125.24.0-255,2902,142682,44,358347
11932,0.015871,172.31.46.0-255,66,142748,44,358347
11933,0.01787,74.125.24.0-255,4320,147068,44,358347
11934,0.017877,172.31.46.0-255,66,147134,44,358347
11935,0.017906,74.125.24.0-255,1484,148618,44,358347
11936,0.019889,74.125.24.0-255,4320,152938,44,358347
11937,0.019896,172.31.46.0-255,66,153004,44,358347
11938,0.021911,74.125.24.0-255,5738,158742,44,358347
11939,0.021919,172.31.46.0-255,66,158808,44,358347
11940,0.023921,74.125.24.0-255,5738,164546,44,358347
11941,0.023929,172.31.46.0-255,66,164612,44,358347
11942,0.025949,74.125.24.0-255,4320,168932,44,358347
11943,0.025957,172.31.46.0-255,66,168998,44,358347
11944,0.025985,74.125.24.0-255,1484,170482,44,358347
11945,0.027952,74.125.24.0-255,4320,174802,44,358347
11946,0.027958,172.31.46.0-255,66,174868,44,358347
11947,0.029969,74.125.24.0-255,5738,180606,44,358347
11948,0.029976,172.31.46.0-255,66,180672,44,358347
11949,0.03196,74.125.24.0-255,5738,186410,44,358347
11950,0.031966,172.31.46.0-255,66,186476,44,358347
11951,0.032818,172.31.46.0-255,167,186643,44,358347
11952,0.032847,172.31.46.0-255,1113,187756,44,358347
11953,0.032923,172.31.46.0-255,1514,189270,44,358347
11954,0.032925,172.31.46.0-255,1514,190784,44,358347
11955,0.032926,172.31.46.0-255,1514,192298,44,358347
11956,0.032927,172.31.46.0-255,1514,193812,44,358347
11957,0.032953,172.31.46.0-255,1514,195326,44,358347
11958,0.032954,172.31.46.0-255,71,195397,44,358347
11959,0.033995,74.125.24.0-255,5738,201135,44,358347
11960,0.034001,172.31.46.0-255,66,201201,44,358347
11961,0.03434,104.244.42.0-255,66,201267,44,358347
11962,0.034388,104.244.42.0-255,66,201333,44,358347
11963,0.034513,104.244.42.0-255,66,201399,44,358347
11964,0.034519,104.244.42.0-255,66,201465,44,358347
11965,0.035629,104.244.42.0-255,108,201573,44,358347
11966,0.035637,172.31.46.0-255,66,201639,44,358347
11967,0.035997,74.125.24.0-255,5738,207377,44,358347
11968,0.036001,172.31.46.0-255,66,207443,44,358347
11969,0.038009,74.125.24.0-255,5738,213181,44,358347
11970,0.038016,172.31.46.0-255,66,213247,44,358347
11971,0.040072,74.125.24.0-255,5738,218985,44,358347
11972,0.040076,172.31.46.0-255,66,219051,44,358347
11973,0.042097,74.125.24.0-255,5738,224789,44,358347
11974,0.042104,172.31.46.0-255,66,224855,44,358347
11975,0.044121,74.125.24.0-255,5738,230593,44,358347
11976,0.044127,172.31.46.0-255,66,230659,44,358347
11977,0.04614,74.125.24.0-255,5738,236397,44,358347
11978,0.046147,172.31.46.0-255,66,236463,44,358347
11979,0.048144,74.125.24.0-255,5738,242201,44,358347
11980,0.04815,172.31.46.0-255,66,242267,44,358347
11981,0.050157,74.125.24.0-255,5738,248005,44,358347
11982,0.050164,172.31.46.0-255,66,248071,44,358347
11983,0.05217,74.125.24.0-255,5738,253809,44,358347
11984,0.052176,172.31.46.0-255,66,253875,44,358347
11985,0.054169,74.125.24.0-255,5738,259613,44,358347
11986,0.054176,172.31.46.0-255,66,259679,44,358347
11987,0.056199,74.125.24.0-255,5738,265417,44,358347
11988,0.056206,172.31.46.0-255,66,265483,44,358347
11989,0.05822,74.125.24.0-255,5738,271221,44,358347
11990,0.058226,172.31.46.0-255,66,271287,44,358347
11991,0.060237,74.125.24.0-255,5738,277025,44,358347
11992,0.060243,172.31.46.0-255,66,277091,44,358347
11993,0.062261,74.125.24.0-255,5738,282829,44,358347
11994,0.062268,172.31.46.0-255,66,282895,44,358347
11995,0.06426,74.125.24.0-255,5738,288633,44,358347
11996,0.064267,172.31.46.0-255,66,288699,44,358347
11997,0.066287,74.125.24.0-255,5738,294437,44,358347
11998,0.066297,172.31.46.0-255,66,294503,44,358347
11999,0.068333,74.125.24.0-255,5738,300241,44,358347
12000,0.06834,172.31.46.0-255,66,300307,44,358347
12001,0.070334,74.125.24.0-255,5738,306045,44,358347
12002,0.070342,172.31.46.0-255,66,306111,44,358347
12003,0.072373,74.125.24.0-255,5738,311849,44,358347
12004,0.07238,172.31.46.0-255,66,311915,44,358347
12005,0.074416,74.125.24.0-255,5738,317653,44,358347
12006,0.074422,172.31.46.0-255,66,317719,44,358347
12007,0.076448,74.125.24.0-255,5738,323457,44,358347
12008,0.076455,172.31.46.0-255,66,323523,44,358347
12009,0.07846,74.125.24.0-255,5738,329261,44,358347
12010,0.078467,172.31.46.0-255,66,329327,44,358347
12011,0.080463,74.125.24.0-255,5738,335065,44,358347
12012,0.080469,172.31.46.0-255,66,335131,44,358347
12013,0.082461,74.125.24.0-255,5738,340869,44,358347
12014,0.082467,172.31.46.0-255,66,340935,44,358347
12015,0.084517,74.125.24.0-255,5738,346673,44,358347
12016,0.084524,172.31.46.0-255,66,346739,44,358347
12017,0.086536,74.125.24.0-255,5738,352477,44,358347
12018,0.086544,172.31.46.0-255,66,352543,44,358347
12019,0.08857,74.125.24.0-255,5738,358281,44,358347
12020,0.088577,172.31.46.0-255,66,358347,44,358347
12021,0.0,172.217.27.0-255,150,150,44,393691
12022,2.4e-05,172.31.46.0-255,66,216,44,393691
12023,3.1e-05,172.217.27.0-255,1484,1700,44,393691
12024,3.6e-05,172.31.46.0-255,66,1766,44,393691
12025,4.1e-05,172.217.27.0-255,2902,4668,44,393691
12026,4.4e-05,172.31.46.0-255,66,4734,44,393691
12027,4.9e-05,172.217.27.0-255,2902,7636,44,393691
12028,5.3e-05,172.31.46.0-255,66,7702,44,393691
12029,5.9e-05,172.217.27.0-255,4320,12022,44,393691
12030,6.2e-05,172.31.46.0-255,66,12088,44,393691
12031,7.8e-05,172.217.27.0-255,2084,14172,44,393691
12032,8.2e-05,172.31.46.0-255,66,14238,44,393691
12033,0.000196,172.217.27.0-255,1484,15722,44,393691
12034,0.000199,172.31.46.0-255,66,15788,44,393691
12035,0.000203,172.217.27.0-255,1484,17272,44,393691
12036,0.000205,172.31.46.0-255,66,17338,44,393691
12037,0.00022,172.217.27.0-255,1484,18822,44,393691
12038,0.000222,172.31.46.0-255,66,18888,44,393691
12039,0.000227,172.217.27.0-255,2902,21790,44,393691
12040,0.000229,172.31.46.0-255,66,21856,44,393691
12041,0.000235,172.217.27.0-255,4320,26176,44,393691
12042,0.000237,172.31.46.0-255,66,26242,44,393691
12043,0.00026,172.217.27.0-255,2902,29144,44,393691
12044,0.000262,172.31.46.0-255,66,29210,44,393691
12045,0.000281,172.217.27.0-255,2543,31753,44,393691
12046,0.000284,172.31.46.0-255,66,31819,44,393691
12047,0.000287,172.217.27.0-255,1484,33303,44,393691
12048,0.000288,172.31.46.0-255,66,33369,44,393691
12049,0.000294,172.217.27.0-255,2902,36271,44,393691
12050,0.000296,172.31.46.0-255,66,36337,44,393691
12051,0.000303,172.217.27.0-255,5738,42075,44,393691
12052,0.000305,172.31.46.0-255,66,42141,44,393691
12053,0.000309,172.217.27.0-255,1484,43625,44,393691
12054,0.000332,172.217.27.0-255,1484,45109,44,393691
12055,0.000334,172.31.46.0-255,66,45175,44,393691
12056,0.000337,172.217.27.0-255,1484,46659,44,393691
12057,0.000342,172.217.27.0-255,2543,49202,44,393691
12058,0.000344,172.31.46.0-255,66,49268,44,393691
12059,0.000379,172.217.27.0-255,1484,50752,44,393691
12060,0.000402,172.217.27.0-255,1484,52236,44,393691
12061,0.000405,172.31.46.0-255,66,52302,44,393691
12062,0.000423,172.217.27.0-255,1484,53786,44,393691
12063,0.00043,172.217.27.0-255,5738,59524,44,393691
12064,0.000432,172.31.46.0-255,66,59590,44,393691
12065,0.00044,172.217.27.0-255,7066,66656,44,393691
12066,0.000442,172.31.46.0-255,66,66722,44,393691
12067,0.000777,172.217.27.0-255,385,67107,44,393691
12068,0.001239,172.217.27.0-255,1484,68591,44,393691
12069,0.001245,172.31.46.0-255,66,68657,44,393691
12070,0.001252,172.217.27.0-255,2902,71559,44,393691
12071,0.001255,172.31.46.0-255,66,71625,44,393691
12072,0.001259,172.217.27.0-255,2902,74527,44,393691
12073,0.001261,172.31.46.0-255,66,74593,44,393691
12074,0.001276,172.217.27.0-255,2902,77495,44,393691
12075,0.001278,172.31.46.0-255,66,77561,44,393691
12076,0.001283,172.217.27.0-255,2902,80463,44,393691
12077,0.001285,172.31.46.0-255,66,80529,44,393691
12078,0.001308,172.217.27.0-255,3961,84490,44,393691
12079,0.001312,172.31.46.0-255,66,84556,44,393691
12080,0.001335,172.217.27.0-255,7156,91712,44,393691
12081,0.001339,172.31.46.0-255,66,91778,44,393691
12082,0.001369,172.217.27.0-255,4320,96098,44,393691
12083,0.001372,172.31.46.0-255,66,96164,44,393691
12084,0.001391,172.217.27.0-255,4320,100484,44,393691
12085,0.001393,172.31.46.0-255,66,100550,44,393691
12086,0.001396,172.217.27.0-255,1125,101675,44,393691
12087,0.001512,172.217.27.0-255,1484,103159,44,393691
12088,0.001517,172.31.46.0-255,66,103225,44,393691
12089,0.001527,172.217.27.0-255,2902,106127,44,393691
12090,0.00153,172.31.46.0-255,66,106193,44,393691
12091,0.001537,172.217.27.0-255,5738,111931,44,393691
12092,0.001539,172.31.46.0-255,66,111997,44,393691
12093,0.001569,172.217.27.0-255,7156,119153,44,393691
12094,0.001576,172.217.27.0-255,5738,124891,44,393691
12095,0.001581,172.31.46.0-255,66,124957,44,393691
12096,0.001588,172.31.46.0-255,66,125023,44,393691
12097,0.001599,172.31.46.0-255,66,125089,44,393691
12098,0.001604,172.217.27.0-255,2184,127273,44,393691
12099,0.001606,172.31.46.0-255,66,127339,44,393691
12100,0.001659,172.217.27.0-255,1484,128823,44,393691
12101,0.001663,172.217.27.0-255,1484,130307,44,393691
12102,0.001666,172.31.46.0-255,66,130373,44,393691
12103,0.001684,172.217.27.0-255,1484,131857,44,393691
12104,0.001691,172.217.27.0-255,5738,137595,44,393691
12105,0.001694,172.31.46.0-255,66,137661,44,393691
12106,0.001697,172.217.27.0-255,1484,139145,44,393691
12107,0.001717,172.217.27.0-255,5738,144883,44,393691
12108,0.00172,172.31.46.0-255,66,144949,44,393691
12109,0.003376,172.217.27.0-255,5738,150687,44,393691
12110,0.003383,172.31.46.0-255,66,150753,44,393691
12111,0.005102,172.217.27.0-255,2902,153655,44,393691
12112,0.005106,172.31.46.0-255,66,153721,44,393691
12113,0.005128,172.217.27.0-255,2902,156623,44,393691
12114,0.00513,172.31.46.0-255,66,156689,44,393691
12115,0.006756,172.217.27.0-255,2902,159591,44,393691
12116,0.006759,172.31.46.0-255,66,159657,44,393691
12117,0.00678,172.217.27.0-255,2902,162559,44,393691
12118,0.006782,172.31.46.0-255,66,162625,44,393691
12119,0.008433,172.217.27.0-255,5738,168363,44,393691
12120,0.008441,172.31.46.0-255,66,168429,44,393691
12121,0.010103,172.217.27.0-255,5738,174167,44,393691
12122,0.010111,172.31.46.0-255,66,174233,44,393691
12123,0.011769,172.217.27.0-255,5738,179971,44,393691
12124,0.011776,172.31.46.0-255,66,180037,44,393691
12125,0.013452,172.217.27.0-255,5738,185775,44,393691
12126,0.013459,172.31.46.0-255,66,185841,44,393691
12127,0.015134,172.217.27.0-255,5738,191579,44,393691
12128,0.015142,172.31.46.0-255,66,191645,44,393691
12129,0.01681,172.217.27.0-255,5738,197383,44,393691
12130,0.016818,172.31.46.0-255,66,197449,44,393691
12131,0.018577,172.217.27.0-255,2902,200351,44,393691
12132,0.018586,172.31.46.0-255,66,200417,44,393691
12133,0.01861,172.217.27.0-255,2902,203319,44,393691
12134,0.018612,172.31.46.0-255,66,203385,44,393691
12135,0.020455,172.217.27.0-255,5738,209123,44,393691
12136,0.020462,172.31.46.0-255,66,209189,44,393691
12137,0.022133,172.217.27.0-255,5738,214927,44,393691
12138,0.02214,172.31.46.0-255,66,214993,44,393691
12139,0.023805,172.217.27.0-255,5738,220731,44,393691
12140,0.023812,172.31.46.0-255,66,220797,44,393691
12141,0.025486,172.217.27.0-255,5738,226535,44,393691
12142,0.025494,172.31.46.0-255,66,226601,44,393691
12143,0.027289,172.217.27.0-255,4320,230921,44,393691
12144,0.027301,172.31.46.0-255,66,230987,44,393691
12145,0.027323,172.217.27.0-255,1484,232471,44,393691
12146,0.028964,172.217.27.0-255,4320,236791,44,393691
12147,0.028971,172.31.46.0-255,66,236857,44,393691
12148,0.030642,172.217.27.0-255,5738,242595,44,393691
12149,0.030649,172.31.46.0-255,66,242661,44,393691
12150,0.030714,172.31.46.0-255,172,242833,44,393691
12151,0.030742,172.31.46.0-255,1114,243947,44,393691
12152,0.03081,172.31.46.0-255,1514,245461,44,393691
12153,0.030811,172.31.46.0-255,1514,246975,44,393691
12154,0.030813,172.31.46.0-255,1514,248489,44,393691
12155,0.030814,172.31.46.0-255,1514,250003,44,393691
12156,0.030815,172.31.46.0-255,558,250561,44,393691
12157,0.032294,104.244.42.0-255,66,250627,44,393691
12158,0.032308,104.244.42.0-255,66,250693,44,393691
12159,0.032317,172.217.27.0-255,5738,256431,44,393691
12160,0.032323,172.31.46.0-255,66,256497,44,393691
12161,0.032393,104.244.42.0-255,66,256563,44,393691
12162,0.032398,104.244.42.0-255,66,256629,44,393691
12163,0.03401,172.217.27.0-255,5738,262367,44,393691
12164,0.034017,172.31.46.0-255,66,262433,44,393691
12165,0.035974,172.217.27.0-255,5738,268171,44,393691
12166,0.035981,172.31.46.0-255,66,268237,44,393691
12167,0.037682,172.217.27.0-255,5738,273975,44,393691
12168,0.03769,172.31.46.0-255,66,274041,44,393691
12169,0.039482,172.217.27.0-255,5738,279779,44,393691
12170,0.039491,172.31.46.0-255,66,279845,44,393691
12171,0.04135,172.217.27.0-255,5738,285583,44,393691
12172,0.041357,172.31.46.0-255,66,285649,44,393691
12173,0.043036,172.217.27.0-255,5738,291387,44,393691
12174,0.043043,172.31.46.0-255,66,291453,44,393691
12175,0.044717,172.217.27.0-255,5738,297191,44,393691
12176,0.044729,172.31.46.0-255,66,297257,44,393691
12177,0.046473,172.217.27.0-255,5738,302995,44,393691
12178,0.046481,172.31.46.0-255,66,303061,44,393691
12179,0.048155,172.217.27.0-255,5738,308799,44,393691
12180,0.048162,172.31.46.0-255,66,308865,44,393691
12181,0.04985,172.217.27.0-255,5738,314603,44,393691
12182,0.049857,172.31.46.0-255,66,314669,44,393691
12183,0.051536,172.217.27.0-255,5738,320407,44,393691
12184,0.051543,172.31.46.0-255,66,320473,44,393691
12185,0.053213,172.217.27.0-255,5738,326211,44,393691
12186,0.053221,172.31.46.0-255,66,326277,44,393691
12187,0.054899,172.217.27.0-255,5738,332015,44,393691
12188,0.054906,172.31.46.0-255,66,332081,44,393691
12189,0.056568,172.217.27.0-255,4320,336401,44,393691
12190,0.056577,172.31.46.0-255,66,336467,44,393691
12191,0.056598,172.217.27.0-255,1484,337951,44,393691
12192,0.058244,172.217.27.0-255,4320,342271,44,393691
12193,0.058251,172.31.46.0-255,66,342337,44,393691
12194,0.059968,172.217.27.0-255,5738,348075,44,393691
12195,0.059975,172.31.46.0-255,66,348141,44,393691
12196,0.06166,172.217.27.0-255,5738,353879,44,393691
12197,0.06167,172.31.46.0-255,66,353945,44,393691
12198,0.063383,172.217.27.0-255,5738,359683,44,393691
12199,0.063389,172.31.46.0-255,66,359749,44,393691
12200,0.065053,172.217.27.0-255,5738,365487,44,393691
12201,0.06506,172.31.46.0-255,66,365553,44,393691
12202,0.06674,172.217.27.0-255,5738,371291,44,393691
12203,0.066747,172.31.46.0-255,66,371357,44,393691
12204,0.068425,172.217.27.0-255,5738,377095,44,393691
12205,0.068432,172.31.46.0-255,66,377161,44,393691
12206,0.070107,172.217.27.0-255,5738,382899,44,393691
12207,0.070113,172.31.46.0-255,66,382965,44,393691
12208,0.071774,172.217.27.0-255,5738,388703,44,393691
12209,0.071781,172.31.46.0-255,66,388769,44,393691
12210,0.073442,172.217.27.0-255,4685,393454,44,393691
12211,0.07345,172.31.46.0-255,66,393520,44,393691
12212,0.073755,172.31.46.0-255,105,393625,44,393691
12213,0.07539,172.217.27.0-255,66,393691,44,393691
12214,0.0,74.125.68.0-255,146,146,44,307413
12215,1.5e-05,172.31.46.0-255,66,212,44,307413
12216,2.2e-05,74.125.68.0-255,1484,1696,44,307413
12217,2.7e-05,172.31.46.0-255,66,1762,44,307413
12218,3.3e-05,74.125.68.0-255,2902,4664,44,307413
12219,3.6e-05,172.31.46.0-255,66,4730,44,307413
12220,5.3e-05,74.125.68.0-255,2902,7632,44,307413
12221,5.6e-05,172.31.46.0-255,66,7698,44,307413
12222,6.3e-05,74.125.68.0-255,4320,12018,44,307413
12223,6.6e-05,172.31.46.0-255,66,12084,44,307413
12224,9e-05,74.125.68.0-255,4949,17033,44,307413
12225,9.3e-05,172.31.46.0-255,66,17099,44,307413
12226,9.8e-05,74.125.68.0-255,4320,21419,44,307413
12227,0.000101,172.31.46.0-255,66,21485,44,307413
12228,0.000122,74.125.68.0-255,1484,22969,44,307413
12229,0.000124,172.31.46.0-255,66,23035,44,307413
12230,0.000154,172.31.46.0-255,66,23101,44,307413
12231,0.000224,74.125.68.0-255,1484,24585,44,307413
12232,0.000228,172.31.46.0-255,66,24651,44,307413
12233,0.000232,74.125.68.0-255,1484,26135,44,307413
12234,0.000234,172.31.46.0-255,66,26201,44,307413
12235,0.000249,74.125.68.0-255,2902,29103,44,307413
12236,0.000251,172.31.46.0-255,66,29169,44,307413
12237,0.000274,74.125.68.0-255,5738,34907,44,307413
12238,0.000276,172.31.46.0-255,66,34973,44,307413
12239,0.000292,74.125.68.0-255,5379,40352,44,307413
12240,0.000295,172.31.46.0-255,66,40418,44,307413
12241,0.000298,74.125.68.0-255,1484,41902,44,307413
12242,0.0003,172.31.46.0-255,66,41968,44,307413
12243,0.000327,74.125.68.0-255,4320,46288,44,307413
12244,0.00033,172.31.46.0-255,66,46354,44,307413
12245,0.000361,172.31.46.0-255,66,46420,44,307413
12246,0.000364,74.125.68.0-255,133,46553,44,307413
12247,0.000366,172.31.46.0-255,66,46619,44,307413
12248,0.000389,74.125.68.0-255,348,46967,44,307413
12249,0.000392,172.31.46.0-255,66,47033,44,307413
12250,0.000502,74.125.68.0-255,1484,48517,44,307413
12251,0.000505,172.31.46.0-255,66,48583,44,307413
12252,0.000509,74.125.68.0-255,1484,50067,44,307413
12253,0.000511,172.31.46.0-255,66,50133,44,307413
12254,0.000524,74.125.68.0-255,1484,51617,44,307413
12255,0.000527,172.31.46.0-255,66,51683,44,307413
12256,0.000534,74.125.68.0-255,5738,57421,44,307413
12257,0.000536,172.31.46.0-255,66,57487,44,307413
12258,0.00054,74.125.68.0-255,2902,60389,44,307413
12259,0.000543,172.31.46.0-255,66,60455,44,307413
12260,0.000566,74.125.68.0-255,4320,64775,44,307413
12261,0.000569,172.31.46.0-255,66,64841,44,307413
12262,0.000587,74.125.68.0-255,2902,67743,44,307413
12263,0.000589,172.31.46.0-255,66,67809,44,307413
12264,0.000601,74.125.68.0-255,2902,70711,44,307413
12265,0.000603,172.31.46.0-255,66,70777,44,307413
12266,0.000606,74.125.68.0-255,1484,72261,44,307413
12267,0.000609,172.31.46.0-255,66,72327,44,307413
12268,0.000634,74.125.68.0-255,5738,78065,44,307413
12269,0.000637,172.31.46.0-255,66,78131,44,307413
12270,0.000643,74.125.68.0-255,3602,81733,44,307413
12271,0.000645,172.31.46.0-255,66,81799,44,307413
12272,0.000755,74.125.68.0-255,1484,83283,44,307413
12273,0.000759,172.31.46.0-255,66,83349,44,307413
12274,0.000778,74.125.68.0-255,2902,86251,44,307413
12275,0.000781,172.31.46.0-255,66,86317,44,307413
12276,0.000799,74.125.68.0-255,1484,87801,44,307413
12277,0.000802,172.31.46.0-255,66,87867,44,307413
12278,0.000807,74.125.68.0-255,2902,90769,44,307413
12279,0.000809,172.31.46.0-255,66,90835,44,307413
12280,0.000814,74.125.68.0-255,4320,95155,44,307413
12281,0.000816,172.31.46.0-255,66,95221,44,307413
12282,0.000831,74.125.68.0-255,1484,96705,44,307413
12283,0.000833,172.31.46.0-255,66,96771,44,307413
12284,0.000852,74.125.68.0-255,4320,101091,44,307413
12285,0.000855,172.31.46.0-255,66,101157,44,307413
12286,0.00088,172.31.46.0-255,66,101223,44,307413
12287,0.000925,74.125.68.0-255,6438,107661,44,307413
12288,0.000928,172.31.46.0-255,66,107727,44,307413
12289,0.000945,74.125.68.0-255,1484,109211,44,307413
12290,0.000947,172.31.46.0-255,66,109277,44,307413
12291,0.000975,74.125.68.0-255,2902,112179,44,307413
12292,0.000978,172.31.46.0-255,66,112245,44,307413
12293,0.001004,74.125.68.0-255,5738,117983,44,307413
12294,0.001007,172.31.46.0-255,66,118049,44,307413
12295,0.001012,74.125.68.0-255,2902,120951,44,307413
12296,0.001014,172.31.46.0-255,66,121017,44,307413
12297,0.001019,74.125.68.0-255,4320,125337,44,307413
12298,0.001022,172.31.46.0-255,66,125403,44,307413
12299,0.001056,172.31.46.0-255,66,125469,44,307413
12300,0.001063,74.125.68.0-255,5738,131207,44,307413
12301,0.001065,172.31.46.0-255,66,131273,44,307413
12302,0.0011,74.125.68.0-255,2184,133457,44,307413
12303,0.001102,172.31.46.0-255,66,133523,44,307413
12304,0.001223,74.125.68.0-255,1484,135007,44,307413
12305,0.001227,172.31.46.0-255,66,135073,44,307413
12306,0.001232,74.125.68.0-255,2902,137975,44,307413
12307,0.001234,172.31.46.0-255,66,138041,44,307413
12308,0.001265,74.125.68.0-255,5738,143779,44,307413
12309,0.001268,172.31.46.0-255,66,143845,44,307413
12310,0.001275,74.125.68.0-255,5738,149583,44,307413
12311,0.001277,172.31.46.0-255,66,149649,44,307413
12312,0.001288,74.125.68.0-255,1484,151133,44,307413
12313,0.00129,172.31.46.0-255,66,151199,44,307413
12314,0.001309,74.125.68.0-255,4320,155519,44,307413
12315,0.001311,172.31.46.0-255,66,155585,44,307413
12316,0.001326,74.125.68.0-255,4320,159905,44,307413
12317,0.001328,172.31.46.0-255,66,159971,44,307413
12318,0.001371,172.31.46.0-255,66,160037,44,307413
12319,0.001568,74.125.68.0-255,1484,161521,44,307413
12320,0.001572,172.31.46.0-255,66,161587,44,307413
12321,0.001578,74.125.68.0-255,2902,164489,44,307413
12322,0.00158,172.31.46.0-255,66,164555,44,307413
12323,0.001609,74.125.68.0-255,5738,170293,44,307413
12324,0.001611,172.31.46.0-255,66,170359,44,307413
12325,0.001617,74.125.68.0-255,4320,174679,44,307413
12326,0.001619,172.31.46.0-255,66,174745,44,307413
12327,0.001626,74.125.68.0-255,5738,180483,44,307413
12328,0.001628,172.31.46.0-255,66,180549,44,307413
12329,0.001647,74.125.68.0-255,1484,182033,44,307413
12330,0.001649,172.31.46.0-255,66,182099,44,307413
12331,0.001685,172.31.46.0-255,66,182165,44,307413
12332,0.001689,74.125.68.0-255,2184,184349,44,307413
12333,0.001691,172.31.46.0-255,66,184415,44,307413
12334,0.001714,74.125.68.0-255,4320,188735,44,307413
12335,0.001717,172.31.46.0-255,66,188801,44,307413
12336,0.00174,74.125.68.0-255,5738,194539,44,307413
12337,0.001742,172.31.46.0-255,66,194605,44,307413
12338,0.001752,74.125.68.0-255,2902,197507,44,307413
12339,0.001755,172.31.46.0-255,66,197573,44,307413
12340,0.001797,74.125.68.0-255,5738,203311,44,307413
12341,0.001802,172.31.46.0-255,66,203377,44,307413
12342,0.001805,172.31.46.0-255,66,203443,44,307413
12343,0.001815,74.125.68.0-255,2902,206345,44,307413
12344,0.001817,172.31.46.0-255,66,206411,44,307413
12345,0.001835,74.125.68.0-255,3602,210013,44,307413
12346,0.001838,172.31.46.0-255,66,210079,44,307413
12347,0.001934,74.125.68.0-255,1484,211563,44,307413
12348,0.001938,74.125.68.0-255,1484,213047,44,307413
12349,0.001941,172.31.46.0-255,66,213113,44,307413
12350,0.001962,74.125.68.0-255,1484,214597,44,307413
12351,0.001975,74.125.68.0-255,5738,220335,44,307413
12352,0.001978,172.31.46.0-255,66,220401,44,307413
12353,0.001984,74.125.68.0-255,4320,224721,44,307413
12354,0.001986,172.31.46.0-255,66,224787,44,307413
12355,0.002031,74.125.68.0-255,4320,229107,44,307413
12356,0.002035,172.31.46.0-255,66,229173,44,307413
12357,0.002053,74.125.68.0-255,5738,234911,44,307413
12358,0.002056,172.31.46.0-255,66,234977,44,307413
12359,0.002077,74.125.68.0-255,1484,236461,44,307413
12360,0.002101,172.31.46.0-255,66,236527,44,307413
12361,0.002135,74.125.68.0-255,7156,243683,44,307413
12362,0.002138,172.31.46.0-255,66,243749,44,307413
12363,0.002197,172.31.46.0-255,66,243815,44,307413
12364,0.002207,172.31.46.0-255,66,243881,44,307413
12365,0.002233,74.125.68.0-255,7156,251037,44,307413
12366,0.002235,172.31.46.0-255,66,251103,44,307413
12367,0.002259,74.125.68.0-255,3602,254705,44,307413
12368,0.002264,74.125.68.0-255,4320,259025,44,307413
12369,0.002268,172.31.46.0-255,66,259091,44,307413
12370,0.002275,172.31.46.0-255,66,259157,44,307413
12371,0.002281,74.125.68.0-255,4320,263477,44,307413
12372,0.00231,172.31.46.0-255,66,263543,44,307413
12373,0.002321,74.125.68.0-255,2902,266445,44,307413
12374,0.002342,172.31.46.0-255,66,266511,44,307413
12375,0.004567,74.125.68.0-255,2902,269413,44,307413
12376,0.004574,172.31.46.0-255,66,269479,44,307413
12377,0.004598,74.125.68.0-255,2902,272381,44,307413
12378,0.0046,172.31.46.0-255,66,272447,44,307413
12379,0.006837,74.125.68.0-255,2902,275349,44,307413
12380,0.006843,172.31.46.0-255,66,275415,44,307413
12381,0.006863,74.125.68.0-255,2902,278317,44,307413
12382,0.006865,172.31.46.0-255,66,278383,44,307413
12383,0.009104,74.125.68.0-255,4320,282703,44,307413
12384,0.009111,172.31.46.0-255,66,282769,44,307413
12385,0.009128,74.125.68.0-255,1484,284253,44,307413
12386,0.011374,74.125.68.0-255,4320,288573,44,307413
12387,0.01138,172.31.46.0-255,66,288639,44,307413
12388,0.013659,74.125.68.0-255,5738,294377,44,307413
12389,0.013668,172.31.46.0-255,66,294443,44,307413
12390,0.015946,74.125.68.0-255,3514,297957,44,307413
12391,0.015953,172.31.46.0-255,66,298023,44,307413
12392,0.016671,172.31.46.0-255,105,298128,44,307413
12393,0.01891,74.125.68.0-255,66,298194,44,307413
12394,0.038083,172.31.46.0-255,199,298393,44,307413
12395,0.038119,172.31.46.0-255,1114,299507,44,307413
12396,0.038183,172.31.46.0-255,1514,301021,44,307413
12397,0.038185,172.31.46.0-255,1514,302535,44,307413
12398,0.038191,172.31.46.0-255,1514,304049,44,307413
12399,0.038193,172.31.46.0-255,1514,305563,44,307413
12400,0.03821,172.31.46.0-255,1514,307077,44,307413
12401,0.038211,172.31.46.0-255,72,307149,44,307413
12402,0.039582,104.244.42.0-255,66,307215,44,307413
12403,0.039692,104.244.42.0-255,66,307281,44,307413
12404,0.039713,104.244.42.0-255,66,307347,44,307413
12405,0.039724,104.244.42.0-255,66,307413,44,307413
12406,0.0,172.217.194.0-255,153,153,44,286423
12407,2.3e-05,172.31.46.0-255,66,219,44,286423
12408,3e-05,172.217.194.0-255,1484,1703,44,286423
12409,3.4e-05,172.31.46.0-255,66,1769,44,286423
12410,4e-05,172.217.194.0-255,2902,4671,44,286423
12411,4.3e-05,172.31.46.0-255,66,4737,44,286423
12412,4.7e-05,172.217.194.0-255,2902,7639,44,286423
12413,5.1e-05,172.31.46.0-255,66,7705,44,286423
12414,6.3e-05,172.31.46.0-255,66,7771,44,286423
12415,0.000111,172.31.46.0-255,66,7837,44,286423
12416,0.000642,172.217.194.0-255,1484,9321,44,286423
12417,0.000649,172.31.46.0-255,66,9387,44,286423
12418,0.000658,172.217.194.0-255,2902,12289,44,286423
12419,0.00066,172.31.46.0-255,66,12355,44,286423
12420,0.000667,172.217.194.0-255,5738,18093,44,286423
12421,0.00067,172.31.46.0-255,66,18159,44,286423
12422,0.000677,172.217.194.0-255,6797,24956,44,286423
12423,0.00068,172.31.46.0-255,66,25022,44,286423
12424,0.000707,172.217.194.0-255,5738,30760,44,286423
12425,0.000709,172.31.46.0-255,66,30826,44,286423
12426,0.000739,172.31.46.0-255,66,30892,44,286423
12427,0.000743,172.217.194.0-255,2543,33435,44,286423
12428,0.000745,172.31.46.0-255,66,33501,44,286423
12429,0.000893,172.217.194.0-255,1484,34985,44,286423
12430,0.0009,172.31.46.0-255,66,35051,44,286423
12431,0.000905,172.217.194.0-255,2902,37953,44,286423
12432,0.000907,172.31.46.0-255,66,38019,44,286423
12433,0.000932,172.217.194.0-255,5738,43757,44,286423
12434,0.000936,172.31.46.0-255,66,43823,44,286423
12435,0.000942,172.217.194.0-255,5738,49561,44,286423
12436,0.000944,172.31.46.0-255,66,49627,44,286423
12437,0.000965,172.217.194.0-255,1484,51111,44,286423
12438,0.00097,172.217.194.0-255,2902,54013,44,286423
12439,0.000973,172.31.46.0-255,66,54079,44,286423
12440,0.001004,172.31.46.0-255,66,54145,44,286423
12441,0.001008,172.217.194.0-255,2184,56329,44,286423
12442,0.00101,172.31.46.0-255,66,56395,44,286423
12443,0.001037,172.217.194.0-255,1484,57879,44,286423
12444,0.001068,172.31.46.0-255,66,57945,44,286423
12445,0.001091,172.217.194.0-255,3841,61786,44,286423
12446,0.001094,172.31.46.0-255,66,61852,44,286423
12447,0.001112,172.31.46.0-255,66,61918,44,286423
12448,0.001115,172.217.194.0-255,407,62325,44,286423
12449,0.001201,172.217.194.0-255,1484,63809,44,286423
12450,0.001205,172.31.46.0-255,66,63875,44,286423
12451,0.001211,172.217.194.0-255,2902,66777,44,286423
12452,0.001214,172.31.46.0-255,66,66843,44,286423
12453,0.001217,172.217.194.0-255,1484,68327,44,286423
12454,0.001235,172.217.194.0-255,4320,72647,44,286423
12455,0.001238,172.31.46.0-255,66,72713,44,286423
12456,0.001243,172.217.194.0-255,5738,78451,44,286423
12457,0.001246,172.31.46.0-255,66,78517,44,286423
12458,0.001286,172.31.46.0-255,66,78583,44,286423
12459,0.001292,172.217.194.0-255,5020,83603,44,286423
12460,0.001294,172.31.46.0-255,66,83669,44,286423
12461,0.00157,172.217.194.0-255,1484,85153,44,286423
12462,0.00158,172.217.194.0-255,2902,88055,44,286423
12463,0.001585,172.31.46.0-255,66,88121,44,286423
12464,0.001589,172.217.194.0-255,1484,89605,44,286423
12465,0.001611,172.217.194.0-255,1484,91089,44,286423
12466,0.001614,172.31.46.0-255,66,91155,44,286423
12467,0.001621,172.217.194.0-255,7156,98311,44,286423
12468,0.001624,172.31.46.0-255,66,98377,44,286423
12469,0.001646,172.217.194.0-255,2902,101279,44,286423
12470,0.001649,172.31.46.0-255,66,101345,44,286423
12471,0.00168,172.31.46.0-255,66,101411,44,286423
12472,0.001699,172.217.194.0-255,5020,106431,44,286423
12473,0.001702,172.31.46.0-255,66,106497,44,286423
12474,0.001941,172.217.194.0-255,1484,107981,44,286423
12475,0.001945,172.217.194.0-255,1484,109465,44,286423
12476,0.001948,172.31.46.0-255,66,109531,44,286423
12477,0.001962,172.217.194.0-255,1484,111015,44,286423
12478,0.001968,172.217.194.0-255,4320,115335,44,286423
12479,0.001971,172.31.46.0-255,66,115401,44,286423
12480,0.001992,172.217.194.0-255,1484,116885,44,286423
12481,0.001997,172.217.194.0-255,2902,119787,44,286423
12482,0.001999,172.31.46.0-255,66,119853,44,286423
12483,0.002028,172.31.46.0-255,66,119919,44,286423
12484,0.002058,172.217.194.0-255,1484,121403,44,286423
12485,0.002084,172.31.46.0-255,66,121469,44,286423
12486,0.002121,172.217.194.0-255,1484,122953,44,286423
12487,0.004174,172.217.194.0-255,1484,124437,44,286423
12488,0.004177,172.31.46.0-255,66,124503,44,286423
12489,0.004195,172.217.194.0-255,2902,127405,44,286423
12490,0.004198,172.31.46.0-255,66,127471,44,286423
12491,0.006323,172.217.194.0-255,2902,130373,44,286423
12492,0.00633,172.31.46.0-255,66,130439,44,286423
12493,0.006372,172.217.194.0-255,2902,133341,44,286423
12494,0.006375,172.31.46.0-255,66,133407,44,286423
12495,0.008437,172.217.194.0-255,2902,136309,44,286423
12496,0.008445,172.31.46.0-255,66,136375,44,286423
12497,0.008468,172.217.194.0-255,2902,139277,44,286423
12498,0.008471,172.31.46.0-255,66,139343,44,286423
12499,0.010543,172.217.194.0-255,2902,142245,44,286423
12500,0.010552,172.31.46.0-255,66,142311,44,286423
12501,0.010574,172.217.194.0-255,2902,145213,44,286423
12502,0.010578,172.31.46.0-255,66,145279,44,286423
12503,0.012656,172.217.194.0-255,2902,148181,44,286423
12504,0.012664,172.31.46.0-255,66,148247,44,286423
12505,0.012692,172.217.194.0-255,2902,151149,44,286423
12506,0.012696,172.31.46.0-255,66,151215,44,286423
12507,0.01479,172.217.194.0-255,4320,155535,44,286423
12508,0.014797,172.31.46.0-255,66,155601,44,286423
12509,0.014819,172.217.194.0-255,1484,157085,44,286423
12510,0.016926,172.217.194.0-255,4320,161405,44,286423
12511,0.016938,172.31.46.0-255,66,161471,44,286423
12512,0.019078,172.217.194.0-255,5738,167209,44,286423
12513,0.019093,172.31.46.0-255,66,167275,44,286423
12514,0.021209,172.217.194.0-255,5738,173013,44,286423
12515,0.021226,172.31.46.0-255,66,173079,44,286423
12516,0.023358,172.217.194.0-255,5738,178817,44,286423
12517,0.023373,172.31.46.0-255,66,178883,44,286423
12518,0.025511,172.217.194.0-255,5738,184621,44,286423
12519,0.025523,172.31.46.0-255,66,184687,44,286423
12520,0.027681,172.217.194.0-255,5738,190425,44,286423
12521,0.027701,172.31.46.0-255,66,190491,44,286423
12522,0.029828,172.217.194.0-255,5738,196229,44,286423
12523,0.029843,172.31.46.0-255,66,196295,44,286423
12524,0.031968,172.217.194.0-255,5738,202033,44,286423
12525,0.031986,172.31.46.0-255,66,202099,44,286423
12526,0.034123,172.217.194.0-255,5738,207837,44,286423
12527,0.034142,172.31.46.0-255,66,207903,44,286423
12528,0.036268,172.217.194.0-255,5738,213641,44,286423
12529,0.036286,172.31.46.0-255,66,213707,44,286423
12530,0.038399,172.217.194.0-255,5738,219445,44,286423
12531,0.038409,172.31.46.0-255,66,219511,44,286423
12532,0.03915,172.31.46.0-255,172,219683,44,286423
12533,0.03919,172.31.46.0-255,1109,220792,44,286423
12534,0.039254,172.31.46.0-255,1514,222306,44,286423
12535,0.039256,172.31.46.0-255,1514,223820,44,286423
12536,0.039257,172.31.46.0-255,1514,225334,44,286423
12537,0.039258,172.31.46.0-255,1514,226848,44,286423
12538,0.039289,172.31.46.0-255,1514,228362,44,286423
12539,0.039291,172.31.46.0-255,76,228438,44,286423
12540,0.040538,172.217.194.0-255,5738,234176,44,286423
12541,0.040549,172.31.46.0-255,66,234242,44,286423
12542,0.040711,104.244.42.0-255,66,234308,44,286423
12543,0.040719,104.244.42.0-255,66,234374,44,286423
12544,0.040837,104.244.42.0-255,66,234440,44,286423
12545,0.040882,104.244.42.0-255,66,234506,44,286423
12546,0.042685,172.217.194.0-255,5738,240244,44,286423
12547,0.042697,172.31.46.0-255,66,240310,44,286423
12548,0.044853,172.217.194.0-255,5738,246048,44,286423
12549,0.044864,172.31.46.0-255,66,246114,44,286423
12550,0.046987,172.217.194.0-255,5738,251852,44,286423
12551,0.046995,172.31.46.0-255,66,251918,44,286423
12552,0.049134,172.217.194.0-255,5738,257656,44,286423
12553,0.049144,172.31.46.0-255,66,257722,44,286423
12554,0.05128,172.217.194.0-255,5738,263460,44,286423
12555,0.05129,172.31.46.0-255,66,263526,44,286423
12556,0.0534,172.217.194.0-255,5738,269264,44,286423
12557,0.053416,172.31.46.0-255,66,269330,44,286423
12558,0.055534,172.217.194.0-255,5738,275068,44,286423
12559,0.055542,172.31.46.0-255,66,275134,44,286423
12560,0.057648,172.217.194.0-255,5738,280872,44,286423
12561,0.05766,172.31.46.0-255,66,280938,44,286423
12562,0.059782,172.217.194.0-255,5248,286186,44,286423
12563,0.059791,172.31.46.0-255,66,286252,44,286423
12564,0.059998,172.31.46.0-255,105,286357,44,286423
12565,0.062109,172.217.194.0-255,66,286423,44,286423
12566,0.0,74.125.68.0-255,153,153,44,408812
12567,2.1e-05,172.31.46.0-255,66,219,44,408812
12568,5e-05,74.125.68.0-255,1484,1703,44,408812
12569,5.5e-05,172.31.46.0-255,66,1769,44,408812
12570,6e-05,74.125.68.0-255,2902,4671,44,408812
12571,6.2e-05,172.31.46.0-255,66,4737,44,408812
12572,7.8e-05,74.125.68.0-255,5738,10475,44,408812
12573,8e-05,172.31.46.0-255,66,10541,44,408812
12574,0.000101,74.125.68.0-255,1484,12025,44,408812
12575,0.000104,172.31.46.0-255,66,12091,44,408812
12576,0.000108,74.125.68.0-255,2087,14178,44,408812
12577,0.00011,172.31.46.0-255,66,14244,44,408812
12578,0.000136,74.125.68.0-255,2902,17146,44,408812
12579,0.000139,172.31.46.0-255,66,17212,44,408812
12580,0.000142,74.125.68.0-255,1484,18696,44,408812
12581,0.000144,172.31.46.0-255,66,18762,44,408812
12582,0.000148,74.125.68.0-255,2902,21664,44,408812
12583,0.00015,172.31.46.0-255,66,21730,44,408812
12584,0.000202,74.125.68.0-255,5738,27468,44,408812
12585,0.000206,172.31.46.0-255,66,27534,44,408812
12586,0.000235,74.125.68.0-255,1484,29018,44,408812
12587,0.000238,172.31.46.0-255,66,29084,44,408812
12588,0.000241,74.125.68.0-255,1484,30568,44,408812
12589,0.000242,172.31.46.0-255,66,30634,44,408812
12590,0.00028,74.125.68.0-255,1125,31759,44,408812
12591,0.000284,172.31.46.0-255,66,31825,44,408812
12592,0.000355,74.125.68.0-255,1484,33309,44,408812
12593,0.000358,172.31.46.0-255,66,33375,44,408812
12594,0.000363,74.125.68.0-255,2902,36277,44,408812
12595,0.000365,172.31.46.0-255,66,36343,44,408812
12596,0.000394,74.125.68.0-255,5738,42081,44,408812
12597,0.000399,172.31.46.0-255,66,42147,44,408812
12598,0.000405,74.125.68.0-255,1484,43631,44,408812
12599,0.000443,74.125.68.0-255,1484,45115,44,408812
12600,0.000449,172.31.46.0-255,66,45181,44,408812
12601,0.000459,74.125.68.0-255,2902,48083,44,408812
12602,0.000463,172.31.46.0-255,66,48149,44,408812
12603,0.000485,74.125.68.0-255,1125,49274,44,408812
12604,0.000503,74.125.68.0-255,1484,50758,44,408812
12605,0.000506,172.31.46.0-255,66,50824,44,408812
12606,0.000528,74.125.68.0-255,4320,55144,44,408812
12607,0.000532,172.31.46.0-255,66,55210,44,408812
12608,0.000565,74.125.68.0-255,7156,62366,44,408812
12609,0.000571,172.31.46.0-255,66,62432,44,408812
12610,0.000597,74.125.68.0-255,3961,66393,44,408812
12611,0.000619,172.31.46.0-255,66,66459,44,408812
12612,0.000952,74.125.68.0-255,645,67104,44,408812
12613,0.000986,74.125.68.0-255,1484,68588,44,408812
12614,0.00099,172.31.46.0-255,66,68654,44,408812
12615,0.00101,74.125.68.0-255,2902,71556,44,408812
12616,0.001016,74.125.68.0-255,4320,75876,44,408812
12617,0.001061,74.125.68.0-255,4320,80196,44,408812
12618,0.001114,74.125.68.0-255,4320,84516,44,408812
12619,0.00114,74.125.68.0-255,5738,90254,44,408812
12620,0.001164,74.125.68.0-255,2902,93156,44,408812
12621,0.001179,74.125.68.0-255,1484,94640,44,408812
12622,0.001185,74.125.68.0-255,5738,100378,44,408812
12623,0.001197,74.125.68.0-255,766,101144,44,408812
12624,0.001279,74.125.68.0-255,1484,102628,44,408812
12625,0.001295,74.125.68.0-255,2902,105530,44,408812
12626,0.00131,74.125.68.0-255,4320,109850,44,408812
12627,0.001333,74.125.68.0-255,5738,115588,44,408812
12628,0.001361,74.125.68.0-255,5738,121326,44,408812
12629,0.001387,74.125.68.0-255,5738,127064,44,408812
12630,0.001393,74.125.68.0-255,4320,131384,44,408812
12631,0.001428,74.125.68.0-255,4320,135704,44,408812
12632,0.00146,74.125.68.0-255,5020,140724,44,408812
12633,0.001476,74.125.68.0-255,2902,143626,44,408812
12634,0.001516,74.125.68.0-255,1484,145110,44,408812
12635,0.001531,74.125.68.0-255,2902,148012,44,408812
12636,0.001536,74.125.68.0-255,5738,153750,44,408812
12637,0.001577,74.125.68.0-255,2902,156652,44,408812
12638,0.001592,74.125.68.0-255,2184,158836,44,408812
12639,0.001667,74.125.68.0-255,1484,160320,44,408812
12640,0.001698,74.125.68.0-255,2902,163222,44,408812
12641,0.001717,74.125.68.0-255,2902,166124,44,408812
12642,0.00173,74.125.68.0-255,2902,169026,44,408812
12643,0.001773,74.125.68.0-255,4320,173346,44,408812
12644,0.001783,74.125.68.0-255,2902,176248,44,408812
12645,0.001828,74.125.68.0-255,5738,181986,44,408812
12646,0.00184,74.125.68.0-255,2902,184888,44,408812
12647,0.001878,74.125.68.0-255,2902,187790,44,408812
12648,0.001891,74.125.68.0-255,5020,192810,44,408812
12649,0.002322,74.125.68.0-255,1484,194294,44,408812
12650,0.002373,74.125.68.0-255,2902,197196,44,408812
12651,0.002379,74.125.68.0-255,5738,202934,44,408812
12652,0.002397,74.125.68.0-255,7156,210090,44,408812
12653,0.002413,74.125.68.0-255,5738,215828,44,408812
12654,0.002446,74.125.68.0-255,1484,217312,44,408812
12655,0.00256,74.125.68.0-255,1484,218796,44,408812
12656,0.003313,172.31.46.0-255,66,218862,44,408812
12657,0.005864,74.125.68.0-255,5738,224600,44,408812
12658,0.00587,172.31.46.0-255,66,224666,44,408812
12659,0.008406,74.125.68.0-255,5738,230404,44,408812
12660,0.008411,172.31.46.0-255,66,230470,44,408812
12661,0.011251,74.125.68.0-255,5738,236208,44,408812
12662,0.011259,172.31.46.0-255,66,236274,44,408812
12663,0.013792,74.125.68.0-255,5738,242012,44,408812
12664,0.0138,172.31.46.0-255,66,242078,44,408812
12665,0.016324,74.125.68.0-255,5738,247816,44,408812
12666,0.01633,172.31.46.0-255,66,247882,44,408812
12667,0.018859,74.125.68.0-255,5738,253620,44,408812
12668,0.018866,172.31.46.0-255,66,253686,44,408812
12669,0.0214,74.125.68.0-255,5738,259424,44,408812
12670,0.021407,172.31.46.0-255,66,259490,44,408812
12671,0.023926,74.125.68.0-255,5738,265228,44,408812
12672,0.023933,172.31.46.0-255,66,265294,44,408812
12673,0.026462,74.125.68.0-255,5738,271032,44,408812
12674,0.026468,172.31.46.0-255,66,271098,44,408812
12675,0.028409,172.31.46.0-255,172,271270,44,408812
12676,0.02844,172.31.46.0-255,1114,272384,44,408812
12677,0.028488,172.31.46.0-255,1514,273898,44,408812
12678,0.028491,172.31.46.0-255,1514,275412,44,408812
12679,0.028492,172.31.46.0-255,1514,276926,44,408812
12680,0.028493,172.31.46.0-255,1514,278440,44,408812
12681,0.028494,172.31.46.0-255,556,278996,44,408812
12682,0.028985,74.125.68.0-255,5738,284734,44,408812
12683,0.028992,172.31.46.0-255,66,284800,44,408812
12684,0.029983,104.244.42.0-255,66,284866,44,408812
12685,0.029991,104.244.42.0-255,66,284932,44,408812
12686,0.030114,104.244.42.0-255,66,284998,44,408812
12687,0.030117,104.244.42.0-255,66,285064,44,408812
12688,0.030995,104.244.42.0-255,108,285172,44,408812
12689,0.031015,172.31.46.0-255,66,285238,44,408812
12690,0.031506,74.125.68.0-255,4320,289558,44,408812
12691,0.031511,172.31.46.0-255,66,289624,44,408812
12692,0.031544,74.125.68.0-255,1484,291108,44,408812
12693,0.034035,74.125.68.0-255,4320,295428,44,408812
12694,0.034039,172.31.46.0-255,66,295494,44,408812
12695,0.036599,74.125.68.0-255,2902,298396,44,408812
12696,0.036604,172.31.46.0-255,66,298462,44,408812
12697,0.036635,74.125.68.0-255,2902,301364,44,408812
12698,0.036656,172.31.46.0-255,66,301430,44,408812
12699,0.039123,74.125.68.0-255,2902,304332,44,408812
12700,0.039128,172.31.46.0-255,66,304398,44,408812
12701,0.039166,74.125.68.0-255,2902,307300,44,408812
12702,0.039182,172.31.46.0-255,66,307366,44,408812
12703,0.041655,74.125.68.0-255,2902,310268,44,408812
12704,0.041661,172.31.46.0-255,66,310334,44,408812
12705,0.041695,74.125.68.0-255,2902,313236,44,408812
12706,0.041707,172.31.46.0-255,66,313302,44,408812
12707,0.044178,74.125.68.0-255,2902,316204,44,408812
12708,0.044183,172.31.46.0-255,66,316270,44,408812
12709,0.044224,74.125.68.0-255,2902,319172,44,408812
12710,0.044236,172.31.46.0-255,66,319238,44,408812
12711,0.046702,74.125.68.0-255,2902,322140,44,408812
12712,0.046707,172.31.46.0-255,66,322206,44,408812
12713,0.046754,74.125.68.0-255,2902,325108,44,408812
12714,0.046764,172.31.46.0-255,66,325174,44,408812
12715,0.04922,74.125.68.0-255,2902,328076,44,408812
12716,0.049224,172.31.46.0-255,66,328142,44,408812
12717,0.04927,74.125.68.0-255,1484,329626,44,408812
12718,0.049279,74.125.68.0-255,1484,331110,44,408812
12719,0.049297,172.31.46.0-255,66,331176,44,408812
12720,0.051746,74.125.68.0-255,2902,334078,44,408812
12721,0.051753,172.31.46.0-255,66,334144,44,408812
12722,0.051813,74.125.68.0-255,2902,337046,44,408812
12723,0.051834,172.31.46.0-255,66,337112,44,408812
12724,0.054279,74.125.68.0-255,2902,340014,44,408812
12725,0.054283,172.31.46.0-255,66,340080,44,408812
12726,0.054357,74.125.68.0-255,2902,342982,44,408812
12727,0.054361,172.31.46.0-255,66,343048,44,408812
12728,0.056799,74.125.68.0-255,2902,345950,44,408812
12729,0.056804,172.31.46.0-255,66,346016,44,408812
12730,0.056872,74.125.68.0-255,2902,348918,44,408812
12731,0.056879,172.31.46.0-255,66,348984,44,408812
12732,0.059319,74.125.68.0-255,2902,351886,44,408812
12733,0.059323,172.31.46.0-255,66,351952,44,408812
12734,0.059404,74.125.68.0-255,2902,354854,44,408812
12735,0.059408,172.31.46.0-255,66,354920,44,408812
12736,0.06184,74.125.68.0-255,1484,356404,44,408812
12737,0.061928,74.125.68.0-255,4320,360724,44,408812
12738,0.06195,172.31.46.0-255,66,360790,44,408812
12739,0.064488,74.125.68.0-255,2902,363692,44,408812
12740,0.064492,172.31.46.0-255,66,363758,44,408812
12741,0.064522,74.125.68.0-255,2902,366660,44,408812
12742,0.064534,172.31.46.0-255,66,366726,44,408812
12743,0.06701,74.125.68.0-255,2902,369628,44,408812
12744,0.067015,172.31.46.0-255,66,369694,44,408812
12745,0.06705,74.125.68.0-255,2902,372596,44,408812
12746,0.067072,172.31.46.0-255,66,372662,44,408812
12747,0.069558,74.125.68.0-255,2902,375564,44,408812
12748,0.069562,172.31.46.0-255,66,375630,44,408812
12749,0.069598,74.125.68.0-255,2902,378532,44,408812
12750,0.069608,172.31.46.0-255,66,378598,44,408812
12751,0.072088,74.125.68.0-255,2902,381500,44,408812
12752,0.072093,172.31.46.0-255,66,381566,44,408812
12753,0.072138,74.125.68.0-255,2902,384468,44,408812
12754,0.072145,172.31.46.0-255,66,384534,44,408812
12755,0.074624,74.125.68.0-255,2902,387436,44,408812
12756,0.07463,172.31.46.0-255,66,387502,44,408812
12757,0.074668,74.125.68.0-255,2902,390404,44,408812
12758,0.074684,172.31.46.0-255,66,390470,44,408812
12759,0.077153,74.125.68.0-255,2902,393372,44,408812
12760,0.077158,172.31.46.0-255,66,393438,44,408812
12761,0.077202,74.125.68.0-255,2902,396340,44,408812
12762,0.07723,172.31.46.0-255,66,396406,44,408812
12763,0.07967,74.125.68.0-255,2902,399308,44,408812
12764,0.079675,172.31.46.0-255,66,399374,44,408812
12765,0.079734,74.125.68.0-255,2902,402276,44,408812
12766,0.079752,172.31.46.0-255,66,402342,44,408812
12767,0.082192,74.125.68.0-255,2902,405244,44,408812
12768,0.082197,172.31.46.0-255,66,405310,44,408812
12769,0.082266,74.125.68.0-255,2902,408212,44,408812
12770,0.082277,172.31.46.0-255,66,408278,44,408812
12771,0.0847,74.125.68.0-255,363,408641,44,408812
12772,0.089483,172.31.46.0-255,66,408707,44,408812
12773,0.089508,172.31.46.0-255,105,408812,44,408812
12774,0.0,74.125.24.0-255,147,147,44,297951
12775,2.3e-05,172.31.46.0-255,66,213,44,297951
12776,3e-05,74.125.24.0-255,1484,1697,44,297951
12777,3.5e-05,172.31.46.0-255,66,1763,44,297951
12778,4.1e-05,74.125.24.0-255,2902,4665,44,297951
12779,4.4e-05,172.31.46.0-255,66,4731,44,297951
12780,7.7e-05,74.125.24.0-255,7156,11887,44,297951
12781,8.1e-05,172.31.46.0-255,66,11953,44,297951
12782,9.1e-05,172.31.46.0-255,66,12019,44,297951
12783,9.7e-05,74.125.24.0-255,4320,16339,44,297951
12784,9.9e-05,172.31.46.0-255,66,16405,44,297951
12785,0.000118,74.125.24.0-255,1484,17889,44,297951
12786,0.00012,172.31.46.0-255,66,17955,44,297951
12787,0.000149,74.125.24.0-255,2902,20857,44,297951
12788,0.000152,172.31.46.0-255,66,20923,44,297951
12789,0.000168,74.125.24.0-255,2543,23466,44,297951
12790,0.00017,172.31.46.0-255,66,23532,44,297951
12791,0.000231,74.125.24.0-255,1484,25016,44,297951
12792,0.000234,172.31.46.0-255,66,25082,44,297951
12793,0.000239,74.125.24.0-255,2902,27984,44,297951
12794,0.000241,172.31.46.0-255,66,28050,44,297951
12795,0.000261,74.125.24.0-255,5738,33788,44,297951
12796,0.000263,172.31.46.0-255,66,33854,44,297951
12797,0.000293,74.125.24.0-255,1484,35338,44,297951
12798,0.000296,172.31.46.0-255,66,35404,44,297951
12799,0.000327,172.31.46.0-255,66,35470,44,297951
12800,0.000339,172.31.46.0-255,66,35536,44,297951
12801,0.000362,74.125.24.0-255,109,35645,44,297951
12802,0.000364,172.31.46.0-255,66,35711,44,297951
12803,0.000367,74.125.24.0-255,331,36042,44,297951
12804,0.000839,74.125.24.0-255,1484,37526,44,297951
12805,0.000845,172.31.46.0-255,66,37592,44,297951
12806,0.000851,74.125.24.0-255,2902,40494,44,297951
12807,0.000853,172.31.46.0-255,66,40560,44,297951
12808,0.000873,74.125.24.0-255,5738,46298,44,297951
12809,0.000876,172.31.46.0-255,66,46364,44,297951
12810,0.000928,172.31.46.0-255,66,46430,44,297951
12811,0.000941,172.31.46.0-255,66,46496,44,297951
12812,0.000973,74.125.24.0-255,3602,50098,44,297951
12813,0.000976,172.31.46.0-255,66,50164,44,297951
12814,0.001016,74.125.24.0-255,1484,51648,44,297951
12815,0.001039,74.125.24.0-255,2902,54550,44,297951
12816,0.001042,172.31.46.0-255,66,54616,44,297951
12817,0.001047,74.125.24.0-255,2902,57518,44,297951
12818,0.00105,172.31.46.0-255,66,57584,44,297951
12819,0.001063,74.125.24.0-255,2902,60486,44,297951
12820,0.001065,172.31.46.0-255,66,60552,44,297951
12821,0.00107,74.125.24.0-255,2902,63454,44,297951
12822,0.001072,172.31.46.0-255,66,63520,44,297951
12823,0.0011,74.125.24.0-255,5738,69258,44,297951
12824,0.001103,172.31.46.0-255,66,69324,44,297951
12825,0.001155,74.125.24.0-255,5738,75062,44,297951
12826,0.001158,172.31.46.0-255,66,75128,44,297951
12827,0.001187,172.31.46.0-255,66,75194,44,297951
12828,0.001414,74.125.24.0-255,1484,76678,44,297951
12829,0.001427,74.125.24.0-255,2902,79580,44,297951
12830,0.001431,172.31.46.0-255,66,79646,44,297951
12831,0.001436,74.125.24.0-255,2902,82548,44,297951
12832,0.001438,172.31.46.0-255,66,82614,44,297951
12833,0.001452,74.125.24.0-255,2902,85516,44,297951
12834,0.001454,172.31.46.0-255,66,85582,44,297951
12835,0.001487,74.125.24.0-255,6797,92379,44,297951
12836,0.00149,172.31.46.0-255,66,92445,44,297951
12837,0.001524,74.125.24.0-255,1484,93929,44,297951
12838,0.001527,74.125.24.0-255,1484,95413,44,297951
12839,0.00153,172.31.46.0-255,66,95479,44,297951
12840,0.00155,74.125.24.0-255,1484,96963,44,297951
12841,0.001556,74.125.24.0-255,5738,102701,44,297951
12842,0.001559,172.31.46.0-255,66,102767,44,297951
12843,0.001591,172.31.46.0-255,66,102833,44,297951
12844,0.001599,74.125.24.0-255,7156,109989,44,297951
12845,0.001617,172.31.46.0-255,66,110055,44,297951
12846,0.001636,74.125.24.0-255,3602,113657,44,297951
12847,0.001649,172.31.46.0-255,66,113723,44,297951
12848,0.002046,74.125.24.0-255,1484,115207,44,297951
12849,0.002053,74.125.24.0-255,2902,118109,44,297951
12850,0.002057,172.31.46.0-255,66,118175,44,297951
12851,0.002064,74.125.24.0-255,5738,123913,44,297951
12852,0.002067,172.31.46.0-255,66,123979,44,297951
12853,0.002107,172.31.46.0-255,66,124045,44,297951
12854,0.00212,172.31.46.0-255,66,124111,44,297951
12855,0.00215,74.125.24.0-255,1484,125595,44,297951
12856,0.002155,74.125.24.0-255,2902,128497,44,297951
12857,0.002157,172.31.46.0-255,66,128563,44,297951
12858,0.00218,74.125.24.0-255,5738,134301,44,297951
12859,0.002183,74.125.24.0-255,1484,135785,44,297951
12860,0.002189,172.31.46.0-255,66,135851,44,297951
12861,0.00222,172.31.46.0-255,66,135917,44,297951
12862,0.002225,74.125.24.0-255,4320,140237,44,297951
12863,0.002227,172.31.46.0-255,66,140303,44,297951
12864,0.002252,74.125.24.0-255,2902,143205,44,297951
12865,0.002272,74.125.24.0-255,3602,146807,44,297951
12866,0.002305,74.125.24.0-255,7156,153963,44,297951
12867,0.002341,74.125.24.0-255,1484,155447,44,297951
12868,0.002356,74.125.24.0-255,7156,162603,44,297951
12869,0.002363,74.125.24.0-255,5738,168341,44,297951
12870,0.009189,172.31.46.0-255,66,168407,44,297951
12871,0.011539,74.125.24.0-255,5738,174145,44,297951
12872,0.011555,172.31.46.0-255,66,174211,44,297951
12873,0.013898,74.125.24.0-255,5738,179949,44,297951
12874,0.013912,172.31.46.0-255,66,180015,44,297951
12875,0.016269,74.125.24.0-255,5738,185753,44,297951
12876,0.016286,172.31.46.0-255,66,185819,44,297951
12877,0.018627,74.125.24.0-255,5738,191557,44,297951
12878,0.018641,172.31.46.0-255,66,191623,44,297951
12879,0.020965,74.125.24.0-255,5738,197361,44,297951
12880,0.020981,172.31.46.0-255,66,197427,44,297951
12881,0.023301,74.125.24.0-255,5738,203165,44,297951
12882,0.023314,172.31.46.0-255,66,203231,44,297951
12883,0.025656,74.125.24.0-255,5738,208969,44,297951
12884,0.025673,172.31.46.0-255,66,209035,44,297951
12885,0.027995,74.125.24.0-255,5738,214773,44,297951
12886,0.028007,172.31.46.0-255,66,214839,44,297951
12887,0.030337,74.125.24.0-255,5738,220577,44,297951
12888,0.03035,172.31.46.0-255,66,220643,44,297951
12889,0.03269,74.125.24.0-255,5738,226381,44,297951
12890,0.032706,172.31.46.0-255,66,226447,44,297951
12891,0.035058,74.125.24.0-255,5738,232185,44,297951
12892,0.035075,172.31.46.0-255,66,232251,44,297951
12893,0.037419,74.125.24.0-255,5738,237989,44,297951
12894,0.037433,172.31.46.0-255,66,238055,44,297951
12895,0.039773,74.125.24.0-255,5738,243793,44,297951
12896,0.039788,172.31.46.0-255,66,243859,44,297951
12897,0.042139,74.125.24.0-255,5738,249597,44,297951
12898,0.042157,172.31.46.0-255,66,249663,44,297951
12899,0.044324,172.31.46.0-255,172,249835,44,297951
12900,0.044362,172.31.46.0-255,1114,250949,44,297951
12901,0.044451,172.31.46.0-255,1514,252463,44,297951
12902,0.044454,172.31.46.0-255,1514,253977,44,297951
12903,0.04446,172.31.46.0-255,1514,255491,44,297951
12904,0.044461,172.31.46.0-255,1514,257005,44,297951
12905,0.044478,172.31.46.0-255,1514,258519,44,297951
12906,0.044479,172.31.46.0-255,70,258589,44,297951
12907,0.0445,74.125.24.0-255,2902,261491,44,297951
12908,0.044508,172.31.46.0-255,66,261557,44,297951
12909,0.04452,74.125.24.0-255,2902,264459,44,297951
12910,0.044523,172.31.46.0-255,66,264525,44,297951
12911,0.045927,104.244.42.0-255,66,264591,44,297951
12912,0.045937,104.244.42.0-255,66,264657,44,297951
12913,0.046029,104.244.42.0-255,66,264723,44,297951
12914,0.046108,104.244.42.0-255,66,264789,44,297951
12915,0.046831,74.125.24.0-255,5738,270527,44,297951
12916,0.046838,172.31.46.0-255,66,270593,44,297951
12917,0.049152,74.125.24.0-255,5738,276331,44,297951
12918,0.049164,172.31.46.0-255,66,276397,44,297951
12919,0.051511,74.125.24.0-255,5738,282135,44,297951
12920,0.051524,172.31.46.0-255,66,282201,44,297951
12921,0.053863,74.125.24.0-255,5738,287939,44,297951
12922,0.053876,172.31.46.0-255,66,288005,44,297951
12923,0.056188,74.125.24.0-255,5738,293743,44,297951
12924,0.056198,172.31.46.0-255,66,293809,44,297951
12925,0.058545,74.125.24.0-255,3905,297714,44,297951
12926,0.058556,172.31.46.0-255,66,297780,44,297951
12927,0.058774,172.31.46.0-255,105,297885,44,297951
12928,0.061087,74.125.24.0-255,66,297951,44,297951
12929,0.0,172.217.194.0-255,143,143,44,289365
12930,2.1e-05,172.31.46.0-255,66,209,44,289365
12931,2.7e-05,172.217.194.0-255,1484,1693,44,289365
12932,3e-05,172.31.46.0-255,66,1759,44,289365
12933,3.5e-05,172.217.194.0-255,2902,4661,44,289365
12934,3.9e-05,172.31.46.0-255,66,4727,44,289365
12935,4.4e-05,172.217.194.0-255,4320,9047,44,289365
12936,4.7e-05,172.31.46.0-255,66,9113,44,289365
12937,7.6e-05,172.217.194.0-255,4320,13433,44,289365
12938,7.9e-05,172.31.46.0-255,66,13499,44,289365
12939,9.2e-05,172.217.194.0-255,2089,15588,44,289365
12940,9.5e-05,172.31.46.0-255,66,15654,44,289365
12941,0.000101,172.217.194.0-255,7156,22810,44,289365
12942,0.000103,172.31.46.0-255,66,22876,44,289365
12943,0.000126,172.217.194.0-255,1484,24360,44,289365
12944,0.000128,172.31.46.0-255,66,24426,44,289365
12945,0.000148,172.217.194.0-255,6797,31223,44,289365
12946,0.00015,172.31.46.0-255,66,31289,44,289365
12947,0.000236,172.217.194.0-255,1484,32773,44,289365
12948,0.00024,172.31.46.0-255,66,32839,44,289365
12949,0.000245,172.217.194.0-255,2902,35741,44,289365
12950,0.000248,172.31.46.0-255,66,35807,44,289365
12951,0.000264,172.217.194.0-255,5738,41545,44,289365
12952,0.000266,172.31.46.0-255,66,41611,44,289365
12953,0.000292,172.217.194.0-255,5738,47349,44,289365
12954,0.000294,172.31.46.0-255,66,47415,44,289365
12955,0.000315,172.31.46.0-255,66,47481,44,289365
12956,0.000317,172.217.194.0-255,1484,48965,44,289365
12957,0.00032,172.31.46.0-255,66,49031,44,289365
12958,0.000341,172.217.194.0-255,1484,50515,44,289365
12959,0.000343,172.31.46.0-255,66,50581,44,289365
12960,0.000371,172.217.194.0-255,7076,57657,44,289365
12961,0.000373,172.31.46.0-255,66,57723,44,289365
12962,0.000376,172.217.194.0-255,117,57840,44,289365
12963,0.000379,172.217.194.0-255,378,58218,44,289365
12964,0.000638,172.217.194.0-255,1484,59702,44,289365
12965,0.000642,172.31.46.0-255,66,59768,44,289365
12966,0.000646,172.217.194.0-255,1484,61252,44,289365
12967,0.00066,172.217.194.0-255,1484,62736,44,289365
12968,0.000662,172.31.46.0-255,66,62802,44,289365
12969,0.000668,172.217.194.0-255,5738,68540,44,289365
12970,0.00067,172.31.46.0-255,66,68606,44,289365
12971,0.000682,172.31.46.0-255,66,68672,44,289365
12972,0.000708,172.217.194.0-255,1484,70156,44,289365
12973,0.000722,172.31.46.0-255,66,70222,44,289365
12974,0.000729,172.217.194.0-255,7156,77378,44,289365
12975,0.000731,172.31.46.0-255,66,77444,44,289365
12976,0.000748,172.217.194.0-255,4320,81764,44,289365
12977,0.00075,172.31.46.0-255,66,81830,44,289365
12978,0.000756,172.217.194.0-255,5379,87209,44,289365
12979,0.000758,172.31.46.0-255,66,87275,44,289365
12980,0.000908,172.217.194.0-255,1484,88759,44,289365
12981,0.000926,172.217.194.0-255,2902,91661,44,289365
12982,0.00093,172.31.46.0-255,66,91727,44,289365
12983,0.000934,172.217.194.0-255,2902,94629,44,289365
12984,0.000936,172.31.46.0-255,66,94695,44,289365
12985,0.000968,172.217.194.0-255,2902,97597,44,289365
12986,0.001018,172.31.46.0-255,66,97663,44,289365
12987,0.001024,172.31.46.0-255,66,97729,44,289365
12988,0.001027,172.31.46.0-255,66,97795,44,289365
12989,0.00103,172.217.194.0-255,766,98561,44,289365
12990,0.001312,172.217.194.0-255,1484,100045,44,289365
12991,0.001316,172.31.46.0-255,66,100111,44,289365
12992,0.001321,172.217.194.0-255,2902,103013,44,289365
12993,0.001323,172.31.46.0-255,66,103079,44,289365
12994,0.001328,172.217.194.0-255,2902,105981,44,289365
12995,0.001329,172.31.46.0-255,66,106047,44,289365
12996,0.00135,172.217.194.0-255,2902,108949,44,289365
12997,0.001352,172.31.46.0-255,66,109015,44,289365
12998,0.001361,172.31.46.0-255,66,109081,44,289365
12999,0.0014,172.217.194.0-255,4320,113401,44,289365
13000,0.001403,172.31.46.0-255,66,113467,44,289365
13001,0.001414,172.31.46.0-255,66,113533,44,289365
13002,0.001587,172.217.194.0-255,1484,115017,44,289365
13003,0.001593,172.217.194.0-255,2902,117919,44,289365
13004,0.001595,172.31.46.0-255,66,117985,44,289365
13005,0.001621,172.217.194.0-255,5738,123723,44,289365
13006,0.001623,172.31.46.0-255,66,123789,44,289365
13007,0.001633,172.31.46.0-255,66,123855,44,289365
13008,0.001649,172.217.194.0-255,4320,128175,44,289365
13009,0.001651,172.31.46.0-255,66,128241,44,289365
13010,0.001676,172.217.194.0-255,1484,129725,44,289365
13011,0.001712,172.31.46.0-255,66,129791,44,289365
13012,0.002015,172.217.194.0-255,1484,131275,44,289365
13013,0.00202,172.217.194.0-255,2902,134177,44,289365
13014,0.002022,172.31.46.0-255,66,134243,44,289365
13015,0.002049,172.217.194.0-255,5738,139981,44,289365
13016,0.002051,172.31.46.0-255,66,140047,44,289365
13017,0.002057,172.217.194.0-255,5738,145785,44,289365
13018,0.002059,172.31.46.0-255,66,145851,44,289365
13019,0.002077,172.217.194.0-255,4320,150171,44,289365
13020,0.002079,172.31.46.0-255,66,150237,44,289365
13021,0.002101,172.31.46.0-255,66,150303,44,289365
13022,0.002125,172.217.194.0-255,3602,153905,44,289365
13023,0.002127,172.31.46.0-255,66,153971,44,289365
13024,0.00225,172.217.194.0-255,1484,155455,44,289365
13025,0.002264,172.217.194.0-255,2902,158357,44,289365
13026,0.002267,172.31.46.0-255,66,158423,44,289365
13027,0.002272,172.217.194.0-255,4320,162743,44,289365
13028,0.002274,172.31.46.0-255,66,162809,44,289365
13029,0.002287,172.217.194.0-255,1484,164293,44,289365
13030,0.002308,172.31.46.0-255,66,164359,44,289365
13031,0.002347,172.217.194.0-255,5738,170097,44,289365
13032,0.002349,172.31.46.0-255,66,170163,44,289365
13033,0.00237,172.217.194.0-255,6438,176601,44,289365
13034,0.002373,172.31.46.0-255,66,176667,44,289365
13035,0.002393,172.217.194.0-255,5738,182405,44,289365
13036,0.002396,172.31.46.0-255,66,182471,44,289365
13037,0.002427,172.217.194.0-255,2902,185373,44,289365
13038,0.00243,172.31.46.0-255,66,185439,44,289365
13039,0.002441,172.31.46.0-255,66,185505,44,289365
13040,0.002462,172.217.194.0-255,4320,189825,44,289365
13041,0.002464,172.31.46.0-255,66,189891,44,289365
13042,0.002493,172.31.46.0-255,66,189957,44,289365
13043,0.002504,172.217.194.0-255,1484,191441,44,289365
13044,0.002522,172.217.194.0-255,2902,194343,44,289365
13045,0.002524,172.31.46.0-255,66,194409,44,289365
13046,0.002545,172.217.194.0-255,4320,198729,44,289365
13047,0.002547,172.31.46.0-255,66,198795,44,289365
13048,0.00255,172.217.194.0-255,1484,200279,44,289365
13049,0.002587,172.217.194.0-255,7156,207435,44,289365
13050,0.002589,172.31.46.0-255,66,207501,44,289365
13051,0.002596,172.217.194.0-255,7156,214657,44,289365
13052,0.002598,172.31.46.0-255,66,214723,44,289365
13053,0.005146,172.217.194.0-255,5738,220461,44,289365
13054,0.005154,172.31.46.0-255,66,220527,44,289365
13055,0.007738,172.217.194.0-255,5738,226265,44,289365
13056,0.007742,172.31.46.0-255,66,226331,44,289365
13057,0.010327,172.217.194.0-255,5738,232069,44,289365
13058,0.010333,172.31.46.0-255,66,232135,44,289365
13059,0.012902,172.217.194.0-255,5738,237873,44,289365
13060,0.012911,172.31.46.0-255,66,237939,44,289365
13061,0.015474,172.217.194.0-255,5738,243677,44,289365
13062,0.015482,172.31.46.0-255,66,243743,44,289365
13063,0.018035,172.217.194.0-255,5738,249481,44,289365
13064,0.018046,172.31.46.0-255,66,249547,44,289365
13065,0.020623,172.217.194.0-255,5738,255285,44,289365
13066,0.02063,172.31.46.0-255,66,255351,44,289365
13067,0.023185,172.217.194.0-255,5738,261089,44,289365
13068,0.023192,172.31.46.0-255,66,261155,44,289365
13069,0.02575,172.217.194.0-255,5738,266893,44,289365
13070,0.025758,172.31.46.0-255,66,266959,44,289365
13071,0.028335,172.217.194.0-255,5738,272697,44,289365
13072,0.028341,172.31.46.0-255,66,272763,44,289365
13073,0.030916,172.217.194.0-255,5738,278501,44,289365
13074,0.030923,172.31.46.0-255,66,278567,44,289365
13075,0.033455,172.217.194.0-255,5738,284305,44,289365
13076,0.033463,172.31.46.0-255,66,284371,44,289365
13077,0.036031,172.217.194.0-255,2715,287086,44,289365
13078,0.03604,172.31.46.0-255,66,287152,44,289365
13079,0.03622,172.31.46.0-255,105,287257,44,289365
13080,0.038731,172.217.194.0-255,66,287323,44,289365
13081,0.040796,172.31.46.0-255,164,287487,44,289365
13082,0.040828,172.31.46.0-255,1123,288610,44,289365
13083,0.0409,172.31.46.0-255,557,289167,44,289365
13084,0.042316,104.244.42.0-255,66,289233,44,289365
13085,0.042447,104.244.42.0-255,66,289299,44,289365
13086,0.0425,104.244.42.0-255,66,289365,44,289365
13087,0.0,74.125.68.0-255,294,294,44,378340
13088,2.3e-05,172.31.46.0-255,66,360,44,378340
13089,3e-05,74.125.68.0-255,1484,1844,44,378340
13090,3.4e-05,172.31.46.0-255,66,1910,44,378340
13091,4e-05,74.125.68.0-255,2902,4812,44,378340
13092,4.2e-05,172.31.46.0-255,66,4878,44,378340
13093,4.9e-05,74.125.68.0-255,5738,10616,44,378340
13094,5.2e-05,172.31.46.0-255,66,10682,44,378340
13095,5.5e-05,74.125.68.0-255,1484,12166,44,378340
13096,5.8e-05,172.31.46.0-255,66,12232,44,378340
13097,9e-05,74.125.68.0-255,1920,14152,44,378340
13098,9.3e-05,172.31.46.0-255,66,14218,44,378340
13099,9.8e-05,74.125.68.0-255,4320,18538,44,378340
13100,0.000101,172.31.46.0-255,66,18604,44,378340
13101,0.000109,74.125.68.0-255,7156,25760,44,378340
13102,0.000111,172.31.46.0-255,66,25826,44,378340
13103,0.000136,74.125.68.0-255,2902,28728,44,378340
13104,0.000139,172.31.46.0-255,66,28794,44,378340
13105,0.000143,74.125.68.0-255,2543,31337,44,378340
13106,0.000145,172.31.46.0-255,66,31403,44,378340
13107,0.000261,74.125.68.0-255,1484,32887,44,378340
13108,0.000265,172.31.46.0-255,66,32953,44,378340
13109,0.00027,74.125.68.0-255,2902,35855,44,378340
13110,0.000273,172.31.46.0-255,66,35921,44,378340
13111,0.000295,74.125.68.0-255,5738,41659,44,378340
13112,0.000297,172.31.46.0-255,66,41725,44,378340
13113,0.00032,74.125.68.0-255,6797,48522,44,378340
13114,0.000322,172.31.46.0-255,66,48588,44,378340
13115,0.000348,74.125.68.0-255,7156,55744,44,378340
13116,0.00035,172.31.46.0-255,66,55810,44,378340
13117,0.000382,172.31.46.0-255,66,55876,44,378340
13118,0.000398,74.125.68.0-255,398,56274,44,378340
13119,0.000442,74.125.68.0-255,346,56620,44,378340
13120,0.000611,74.125.68.0-255,1484,58104,44,378340
13121,0.000615,74.125.68.0-255,1484,59588,44,378340
13122,0.000626,74.125.68.0-255,1484,61072,44,378340
13123,0.00064,172.31.46.0-255,66,61138,44,378340
13124,0.000652,74.125.68.0-255,5738,66876,44,378340
13125,0.000658,172.31.46.0-255,66,66942,44,378340
13126,0.000674,74.125.68.0-255,6797,73739,44,378340
13127,0.000693,172.31.46.0-255,66,73805,44,378340
13128,0.000714,74.125.68.0-255,2902,76707,44,378340
13129,0.000748,172.31.46.0-255,66,76773,44,378340
13130,0.000764,74.125.68.0-255,4320,81093,44,378340
13131,0.000776,74.125.68.0-255,1125,82218,44,378340
13132,0.000791,172.31.46.0-255,66,82284,44,378340
13133,0.001263,74.125.68.0-255,1484,83768,44,378340
13134,0.001268,74.125.68.0-255,2902,86670,44,378340
13135,0.001278,172.31.46.0-255,66,86736,44,378340
13136,0.001283,74.125.68.0-255,2902,89638,44,378340
13137,0.001287,172.31.46.0-255,66,89704,44,378340
13138,0.001299,74.125.68.0-255,2902,92606,44,378340
13139,0.001326,74.125.68.0-255,7156,99762,44,378340
13140,0.001328,172.31.46.0-255,66,99828,44,378340
13141,0.001332,172.31.46.0-255,66,99894,44,378340
13142,0.001343,74.125.68.0-255,5738,105632,44,378340
13143,0.001351,74.125.68.0-255,7156,112788,44,378340
13144,0.001379,172.31.46.0-255,66,112854,44,378340
13145,0.001385,74.125.68.0-255,3602,116456,44,378340
13146,0.001389,172.31.46.0-255,66,116522,44,378340
13147,0.001507,74.125.68.0-255,1484,118006,44,378340
13148,0.001521,74.125.68.0-255,1484,119490,44,378340
13149,0.001524,172.31.46.0-255,66,119556,44,378340
13150,0.001537,74.125.68.0-255,1484,121040,44,378340
13151,0.001541,74.125.68.0-255,1484,122524,44,378340
13152,0.001551,172.31.46.0-255,66,122590,44,378340
13153,0.001563,74.125.68.0-255,1484,124074,44,378340
13154,0.001569,74.125.68.0-255,4320,128394,44,378340
13155,0.001575,74.125.68.0-255,5738,134132,44,378340
13156,0.001588,172.31.46.0-255,66,134198,44,378340
13157,0.001605,74.125.68.0-255,2902,137100,44,378340
13158,0.001612,74.125.68.0-255,5738,142838,44,378340
13159,0.001618,74.125.68.0-255,7156,149994,44,378340
13160,0.001621,74.125.68.0-255,766,150760,44,378340
13161,0.001638,172.31.46.0-255,66,150826,44,378340
13162,0.001827,74.125.68.0-255,1484,152310,44,378340
13163,0.001842,74.125.68.0-255,2902,155212,44,378340
13164,0.001845,172.31.46.0-255,66,155278,44,378340
13165,0.001866,74.125.68.0-255,5738,161016,44,378340
13166,0.00187,172.31.46.0-255,66,161082,44,378340
13167,0.001892,74.125.68.0-255,4320,165402,44,378340
13168,0.0019,172.31.46.0-255,66,165468,44,378340
13169,0.001908,74.125.68.0-255,2902,168370,44,378340
13170,0.001913,74.125.68.0-255,2902,171272,44,378340
13171,0.001917,172.31.46.0-255,66,171338,44,378340
13172,0.001929,74.125.68.0-255,5738,177076,44,378340
13173,0.00194,74.125.68.0-255,2902,179978,44,378340
13174,0.001958,74.125.68.0-255,5020,184998,44,378340
13175,0.001966,172.31.46.0-255,66,185064,44,378340
13176,0.002055,74.125.68.0-255,1484,186548,44,378340
13177,0.002059,74.125.68.0-255,1484,188032,44,378340
13178,0.002062,172.31.46.0-255,66,188098,44,378340
13179,0.002081,74.125.68.0-255,1484,189582,44,378340
13180,0.002087,74.125.68.0-255,4320,193902,44,378340
13181,0.002096,172.31.46.0-255,66,193968,44,378340
13182,0.002104,74.125.68.0-255,1484,195452,44,378340
13183,0.002108,74.125.68.0-255,2902,198354,44,378340
13184,0.002112,74.125.68.0-255,4320,202674,44,378340
13185,0.002117,172.31.46.0-255,66,202740,44,378340
13186,0.002147,74.125.68.0-255,4320,207060,44,378340
13187,0.002153,172.31.46.0-255,66,207126,44,378340
13188,0.002167,74.125.68.0-255,2902,210028,44,378340
13189,0.002179,74.125.68.0-255,766,210794,44,378340
13190,0.002198,172.31.46.0-255,66,210860,44,378340
13191,0.002291,74.125.68.0-255,1484,212344,44,378340
13192,0.002296,74.125.68.0-255,1484,213828,44,378340
13193,0.002301,172.31.46.0-255,66,213894,44,378340
13194,0.002318,74.125.68.0-255,1484,215378,44,378340
13195,0.002324,74.125.68.0-255,5738,221116,44,378340
13196,0.002331,172.31.46.0-255,66,221182,44,378340
13197,0.004645,74.125.68.0-255,5738,226920,44,378340
13198,0.004652,172.31.46.0-255,66,226986,44,378340
13199,0.006966,74.125.68.0-255,5738,232724,44,378340
13200,0.010215,172.31.46.0-255,66,232790,44,378340
13201,0.012526,74.125.68.0-255,5738,238528,44,378340
13202,0.012535,172.31.46.0-255,66,238594,44,378340
13203,0.014887,74.125.68.0-255,5738,244332,44,378340
13204,0.014895,172.31.46.0-255,66,244398,44,378340
13205,0.017216,74.125.68.0-255,5738,250136,44,378340
13206,0.017223,172.31.46.0-255,66,250202,44,378340
13207,0.019542,74.125.68.0-255,5738,255940,44,378340
13208,0.019553,172.31.46.0-255,66,256006,44,378340
13209,0.021864,74.125.68.0-255,5738,261744,44,378340
13210,0.021872,172.31.46.0-255,66,261810,44,378340
13211,0.024181,74.125.68.0-255,5738,267548,44,378340
13212,0.024188,172.31.46.0-255,66,267614,44,378340
13213,0.026498,74.125.68.0-255,5738,273352,44,378340
13214,0.026505,172.31.46.0-255,66,273418,44,378340
13215,0.028819,74.125.68.0-255,5738,279156,44,378340
13216,0.028827,172.31.46.0-255,66,279222,44,378340
13217,0.031142,74.125.68.0-255,5738,284960,44,378340
13218,0.031154,172.31.46.0-255,66,285026,44,378340
13219,0.033476,74.125.68.0-255,5738,290764,44,378340
13220,0.033489,172.31.46.0-255,66,290830,44,378340
13221,0.035817,74.125.68.0-255,5738,296568,44,378340
13222,0.035832,172.31.46.0-255,66,296634,44,378340
13223,0.038158,74.125.68.0-255,5738,302372,44,378340
13224,0.038173,172.31.46.0-255,66,302438,44,378340
13225,0.040521,74.125.68.0-255,5738,308176,44,378340
13226,0.040537,172.31.46.0-255,66,308242,44,378340
13227,0.042855,74.125.68.0-255,5738,313980,44,378340
13228,0.042871,172.31.46.0-255,66,314046,44,378340
13229,0.044126,172.31.46.0-255,172,314218,44,378340
13230,0.044162,172.31.46.0-255,1114,315332,44,378340
13231,0.044226,172.31.46.0-255,1514,316846,44,378340
13232,0.044229,172.31.46.0-255,1514,318360,44,378340
13233,0.044235,172.31.46.0-255,1514,319874,44,378340
13234,0.044236,172.31.46.0-255,1514,321388,44,378340
13235,0.044292,172.31.46.0-255,1514,322902,44,378340
13236,0.044293,172.31.46.0-255,71,322973,44,378340
13237,0.045179,74.125.68.0-255,5738,328711,44,378340
13238,0.045189,172.31.46.0-255,66,328777,44,378340
13239,0.045652,104.244.42.0-255,66,328843,44,378340
13240,0.0457,104.244.42.0-255,66,328909,44,378340
13241,0.045807,104.244.42.0-255,66,328975,44,378340
13242,0.045838,104.244.42.0-255,66,329041,44,378340
13243,0.047502,74.125.68.0-255,5738,334779,44,378340
13244,0.047517,172.31.46.0-255,66,334845,44,378340
13245,0.049821,74.125.68.0-255,5738,340583,44,378340
13246,0.049832,172.31.46.0-255,66,340649,44,378340
13247,0.052181,74.125.68.0-255,5738,346387,44,378340
13248,0.05219,172.31.46.0-255,66,346453,44,378340
13249,0.054521,74.125.68.0-255,5738,352191,44,378340
13250,0.05454,172.31.46.0-255,66,352257,44,378340
13251,0.056856,74.125.68.0-255,5738,357995,44,378340
13252,0.056865,172.31.46.0-255,66,358061,44,378340
13253,0.05919,74.125.68.0-255,5738,363799,44,378340
13254,0.059199,172.31.46.0-255,66,363865,44,378340
13255,0.061523,74.125.68.0-255,5738,369603,44,378340
13256,0.061531,172.31.46.0-255,66,369669,44,378340
13257,0.06385,74.125.68.0-255,5738,375407,44,378340
13258,0.063858,172.31.46.0-255,66,375473,44,378340
13259,0.066171,74.125.68.0-255,2105,377578,44,378340
13260,0.066181,172.31.46.0-255,66,377644,44,378340
13261,0.066414,172.31.46.0-255,105,377749,44,378340
13262,0.06645,172.31.46.0-255,105,377854,44,378340
13263,0.066681,172.31.46.0-255,90,377944,44,378340
13264,0.066691,172.31.46.0-255,66,378010,44,378340
13265,0.068689,74.125.68.0-255,66,378076,44,378340
13266,0.068713,74.125.68.0-255,66,378142,44,378340
13267,0.068942,74.125.68.0-255,66,378208,44,378340
13268,0.06897,74.125.68.0-255,66,378274,44,378340
13269,0.068976,172.31.46.0-255,66,378340,44,378340
13270,0.0,74.125.24.0-255,298,298,44,176147
13271,2.2e-05,172.31.46.0-255,66,364,44,176147
13272,2.8e-05,74.125.24.0-255,1484,1848,44,176147
13273,3.3e-05,172.31.46.0-255,66,1914,44,176147
13274,4.7e-05,74.125.24.0-255,4320,6234,44,176147
13275,5.1e-05,172.31.46.0-255,66,6300,44,176147
13276,5.8e-05,74.125.24.0-255,5738,12038,44,176147
13277,6.1e-05,172.31.46.0-255,66,12104,44,176147
13278,8.3e-05,74.125.24.0-255,3299,15403,44,176147
13279,8.5e-05,172.31.46.0-255,66,15469,44,176147
13280,9.9e-05,74.125.24.0-255,7156,22625,44,176147
13281,0.000101,172.31.46.0-255,66,22691,44,176147
13282,0.000128,74.125.24.0-255,1484,24175,44,176147
13283,0.000131,172.31.46.0-255,66,24241,44,176147
13284,0.000158,74.125.24.0-255,6797,31038,44,176147
13285,0.000161,172.31.46.0-255,66,31104,44,176147
13286,0.000165,74.125.24.0-255,1484,32588,44,176147
13287,0.000167,172.31.46.0-255,66,32654,44,176147
13288,0.000205,74.125.24.0-255,2902,35556,44,176147
13289,0.000208,172.31.46.0-255,66,35622,44,176147
13290,0.000214,74.125.24.0-255,5738,41360,44,176147
13291,0.000216,172.31.46.0-255,66,41426,44,176147
13292,0.000248,172.31.46.0-255,66,41492,44,176147
13293,0.000298,172.31.46.0-255,66,41558,44,176147
13294,0.000332,74.125.24.0-255,1484,43042,44,176147
13295,0.000336,74.125.24.0-255,2902,45944,44,176147
13296,0.000339,172.31.46.0-255,66,46010,44,176147
13297,0.000342,172.31.46.0-255,66,46076,44,176147
13298,0.000353,74.125.24.0-255,2902,48978,44,176147
13299,0.00036,172.31.46.0-255,66,49044,44,176147
13300,0.000395,74.125.24.0-255,2902,51946,44,176147
13301,0.000398,172.31.46.0-255,66,52012,44,176147
13302,0.000404,74.125.24.0-255,6493,58505,44,176147
13303,0.000406,172.31.46.0-255,66,58571,44,176147
13304,0.000788,74.125.24.0-255,1484,60055,44,176147
13305,0.000796,74.125.24.0-255,2902,62957,44,176147
13306,0.000799,172.31.46.0-255,66,63023,44,176147
13307,0.000804,74.125.24.0-255,1484,64507,44,176147
13308,0.000831,74.125.24.0-255,4320,68827,44,176147
13309,0.000845,172.31.46.0-255,66,68893,44,176147
13310,0.000853,172.31.46.0-255,66,68959,44,176147
13311,0.000862,74.125.24.0-255,4320,73279,44,176147
13312,0.000864,172.31.46.0-255,66,73345,44,176147
13313,0.000922,172.31.46.0-255,66,73411,44,176147
13314,0.001212,74.125.24.0-255,1484,74895,44,176147
13315,0.001219,74.125.24.0-255,2902,77797,44,176147
13316,0.001222,172.31.46.0-255,66,77863,44,176147
13317,0.001257,74.125.24.0-255,5738,83601,44,176147
13318,0.00126,172.31.46.0-255,66,83667,44,176147
13319,0.001278,172.31.46.0-255,66,83733,44,176147
13320,0.001283,74.125.24.0-255,4320,88053,44,176147
13321,0.001285,172.31.46.0-255,66,88119,44,176147
13322,0.001321,74.125.24.0-255,6438,94557,44,176147
13323,0.001324,172.31.46.0-255,66,94623,44,176147
13324,0.001335,172.31.46.0-255,66,94689,44,176147
13325,0.001366,74.125.24.0-255,2902,97591,44,176147
13326,0.001369,172.31.46.0-255,66,97657,44,176147
13327,0.001384,172.31.46.0-255,66,97723,44,176147
13328,0.001421,172.31.46.0-255,66,97789,44,176147
13329,0.001484,74.125.24.0-255,1484,99273,44,176147
13330,0.00149,74.125.24.0-255,2902,102175,44,176147
13331,0.001492,172.31.46.0-255,66,102241,44,176147
13332,0.001523,74.125.24.0-255,5738,107979,44,176147
13333,0.001526,172.31.46.0-255,66,108045,44,176147
13334,0.001544,172.31.46.0-255,66,108111,44,176147
13335,0.001548,74.125.24.0-255,2902,111013,44,176147
13336,0.001551,172.31.46.0-255,66,111079,44,176147
13337,0.00158,172.31.46.0-255,66,111145,44,176147
13338,0.001618,74.125.24.0-255,1484,112629,44,176147
13339,0.001622,74.125.24.0-255,1484,114113,44,176147
13340,0.001625,172.31.46.0-255,66,114179,44,176147
13341,0.001642,74.125.24.0-255,1484,115663,44,176147
13342,0.001649,74.125.24.0-255,4320,119983,44,176147
13343,0.001651,172.31.46.0-255,66,120049,44,176147
13344,0.001678,74.125.24.0-255,1484,121533,44,176147
13345,0.001685,74.125.24.0-255,7156,128689,44,176147
13346,0.001688,172.31.46.0-255,66,128755,44,176147
13347,0.00172,74.125.24.0-255,5738,134493,44,176147
13348,0.001723,172.31.46.0-255,66,134559,44,176147
13349,0.001729,74.125.24.0-255,4320,138879,44,176147
13350,0.001731,172.31.46.0-255,66,138945,44,176147
13351,0.001765,74.125.24.0-255,6438,145383,44,176147
13352,0.001769,172.31.46.0-255,66,145449,44,176147
13353,0.001823,74.125.24.0-255,1484,146933,44,176147
13354,0.001828,74.125.24.0-255,2902,149835,44,176147
13355,0.001831,172.31.46.0-255,66,149901,44,176147
13356,0.001834,74.125.24.0-255,1484,151385,44,176147
13357,0.001859,74.125.24.0-255,4320,155705,44,176147
13358,0.001862,172.31.46.0-255,66,155771,44,176147
13359,0.001884,74.125.24.0-255,5738,161509,44,176147
13360,0.001887,172.31.46.0-255,66,161575,44,176147
13361,0.0019,172.31.46.0-255,66,161641,44,176147
13362,0.001905,74.125.24.0-255,4320,165961,44,176147
13363,0.001911,172.31.46.0-255,66,166027,44,176147
13364,0.001958,172.31.46.0-255,66,166093,44,176147
13365,0.001979,172.31.46.0-255,66,166159,44,176147
13366,0.001993,172.31.46.0-255,66,166225,44,176147
13367,0.002073,172.31.46.0-255,66,166291,44,176147
13368,0.002097,172.31.46.0-255,66,166357,44,176147
13369,0.002145,172.31.46.0-255,66,166423,44,176147
13370,0.002149,74.125.24.0-255,105,166528,44,176147
13371,0.010096,172.31.46.0-255,66,166594,44,176147
13372,0.010144,172.31.46.0-255,105,166699,44,176147
13373,0.012412,74.125.24.0-255,66,166765,44,176147
13374,0.03699,172.31.46.0-255,188,166953,44,176147
13375,0.037024,172.31.46.0-255,955,167908,44,176147
13376,0.037088,172.31.46.0-255,1514,169422,44,176147
13377,0.03709,172.31.46.0-255,1514,170936,44,176147
13378,0.037096,172.31.46.0-255,1514,172450,44,176147
13379,0.037097,172.31.46.0-255,1514,173964,44,176147
13380,0.037116,172.31.46.0-255,1514,175478,44,176147
13381,0.037118,172.31.46.0-255,231,175709,44,176147
13382,0.038485,104.244.42.0-255,66,175775,44,176147
13383,0.03852,104.244.42.0-255,66,175841,44,176147
13384,0.038611,104.244.42.0-255,66,175907,44,176147
13385,0.03863,104.244.42.0-255,66,175973,44,176147
13386,0.040215,104.244.42.0-255,108,176081,44,176147
13387,0.040232,172.31.46.0-255,66,176147,44,176147
13388,0.0,172.217.194.0-255,150,150,44,331076
13389,1.9e-05,172.31.46.0-255,66,216,44,331076
13390,2.6e-05,172.217.194.0-255,1484,1700,44,331076
13391,3e-05,172.31.46.0-255,66,1766,44,331076
13392,4.3e-05,172.217.194.0-255,2902,4668,44,331076
13393,4.7e-05,172.31.46.0-255,66,4734,44,331076
13394,5.5e-05,172.217.194.0-255,7156,11890,44,331076
13395,5.8e-05,172.31.46.0-255,66,11956,44,331076
13396,0.000104,172.31.46.0-255,66,12022,44,331076
13397,0.000111,172.217.194.0-255,5738,17760,44,331076
13398,0.000113,172.31.46.0-255,66,17826,44,331076
13399,0.000148,172.217.194.0-255,4320,22146,44,331076
13400,0.000152,172.31.46.0-255,66,22212,44,331076
13401,0.000155,172.217.194.0-255,1125,23337,44,331076
13402,0.000156,172.31.46.0-255,66,23403,44,331076
13403,0.000241,172.217.194.0-255,1484,24887,44,331076
13404,0.000245,172.31.46.0-255,66,24953,44,331076
13405,0.00025,172.217.194.0-255,2902,27855,44,331076
13406,0.000253,172.31.46.0-255,66,27921,44,331076
13407,0.000256,172.217.194.0-255,1484,29405,44,331076
13408,0.000258,172.31.46.0-255,66,29471,44,331076
13409,0.000292,172.217.194.0-255,4320,33791,44,331076
13410,0.000295,172.31.46.0-255,66,33857,44,331076
13411,0.000302,172.217.194.0-255,6797,40654,44,331076
13412,0.00031,172.31.46.0-255,66,40720,44,331076
13413,0.000317,172.217.194.0-255,7156,47876,44,331076
13414,0.00032,172.31.46.0-255,66,47942,44,331076
13415,0.000378,172.31.46.0-255,66,48008,44,331076
13416,0.000381,172.217.194.0-255,357,48365,44,331076
13417,0.000383,172.31.46.0-255,66,48431,44,331076
13418,0.000869,172.217.194.0-255,386,48817,44,331076
13419,0.001072,172.31.46.0-255,66,48883,44,331076
13420,0.001182,172.217.194.0-255,1484,50367,44,331076
13421,0.001192,172.217.194.0-255,2902,53269,44,331076
13422,0.001195,172.31.46.0-255,66,53335,44,331076
13423,0.001203,172.217.194.0-255,5738,59073,44,331076
13424,0.001205,172.31.46.0-255,66,59139,44,331076
13425,0.001238,172.217.194.0-255,6797,65936,44,331076
13426,0.00124,172.31.46.0-255,66,66002,44,331076
13427,0.001281,172.217.194.0-255,1484,67486,44,331076
13428,0.001286,172.217.194.0-255,2902,70388,44,331076
13429,0.001288,172.31.46.0-255,66,70454,44,331076
13430,0.0013,172.217.194.0-255,1484,71938,44,331076
13431,0.001317,172.217.194.0-255,4320,76258,44,331076
13432,0.00132,172.31.46.0-255,66,76324,44,331076
13433,0.001326,172.217.194.0-255,5738,82062,44,331076
13434,0.001329,172.31.46.0-255,66,82128,44,331076
13435,0.001366,172.217.194.0-255,1125,83253,44,331076
13436,0.001786,172.217.194.0-255,1484,84737,44,331076
13437,0.001793,172.31.46.0-255,66,84803,44,331076
13438,0.0018,172.217.194.0-255,2902,87705,44,331076
13439,0.001802,172.31.46.0-255,66,87771,44,331076
13440,0.001814,172.217.194.0-255,5738,93509,44,331076
13441,0.001816,172.31.46.0-255,66,93575,44,331076
13442,0.00186,172.31.46.0-255,66,93641,44,331076
13443,0.001864,172.217.194.0-255,1484,95125,44,331076
13444,0.001868,172.217.194.0-255,2902,98027,44,331076
13445,0.00187,172.31.46.0-255,66,98093,44,331076
13446,0.001905,172.217.194.0-255,5738,103831,44,331076
13447,0.001908,172.31.46.0-255,66,103897,44,331076
13448,0.001911,172.217.194.0-255,766,104663,44,331076
13449,0.00199,172.217.194.0-255,1484,106147,44,331076
13450,0.001995,172.31.46.0-255,66,106213,44,331076
13451,0.002026,172.217.194.0-255,2902,109115,44,331076
13452,0.00203,172.31.46.0-255,66,109181,44,331076
13453,0.002056,172.217.194.0-255,4320,113501,44,331076
13454,0.002059,172.31.46.0-255,66,113567,44,331076
13455,0.002069,172.31.46.0-255,66,113633,44,331076
13456,0.002085,172.31.46.0-255,66,113699,44,331076
13457,0.00211,172.217.194.0-255,3602,117301,44,331076
13458,0.002112,172.31.46.0-255,66,117367,44,331076
13459,0.002119,172.217.194.0-255,1484,118851,44,331076
13460,0.002123,172.217.194.0-255,2902,121753,44,331076
13461,0.002126,172.31.46.0-255,66,121819,44,331076
13462,0.002129,172.217.194.0-255,1484,123303,44,331076
13463,0.002164,172.217.194.0-255,4320,127623,44,331076
13464,0.002166,172.31.46.0-255,66,127689,44,331076
13465,0.002176,172.31.46.0-255,66,127755,44,331076
13466,0.002226,172.217.194.0-255,2902,130657,44,331076
13467,0.002229,172.31.46.0-255,66,130723,44,331076
13468,0.00226,172.31.46.0-255,66,130789,44,331076
13469,0.004536,172.217.194.0-255,5738,136527,44,331076
13470,0.00454,172.31.46.0-255,66,136593,44,331076
13471,0.006828,172.217.194.0-255,5738,142331,44,331076
13472,0.006836,172.31.46.0-255,66,142397,44,331076
13473,0.009141,172.217.194.0-255,5738,148135,44,331076
13474,0.009148,172.31.46.0-255,66,148201,44,331076
13475,0.011429,172.217.194.0-255,5738,153939,44,331076
13476,0.011436,172.31.46.0-255,66,154005,44,331076
13477,0.013753,172.217.194.0-255,5738,159743,44,331076
13478,0.013761,172.31.46.0-255,66,159809,44,331076
13479,0.016066,172.217.194.0-255,5738,165547,44,331076
13480,0.016077,172.31.46.0-255,66,165613,44,331076
13481,0.018374,172.217.194.0-255,5738,171351,44,331076
13482,0.018383,172.31.46.0-255,66,171417,44,331076
13483,0.020682,172.217.194.0-255,5738,177155,44,331076
13484,0.020691,172.31.46.0-255,66,177221,44,331076
13485,0.022995,172.217.194.0-255,5738,182959,44,331076
13486,0.023003,172.31.46.0-255,66,183025,44,331076
13487,0.025316,172.217.194.0-255,5738,188763,44,331076
13488,0.025325,172.31.46.0-255,66,188829,44,331076
13489,0.027633,172.217.194.0-255,5738,194567,44,331076
13490,0.027642,172.31.46.0-255,66,194633,44,331076
13491,0.029987,172.217.194.0-255,5738,200371,44,331076
13492,0.029996,172.31.46.0-255,66,200437,44,331076
13493,0.032202,172.31.46.0-255,172,200609,44,331076
13494,0.032235,172.31.46.0-255,1109,201718,44,331076
13495,0.032299,172.31.46.0-255,1514,203232,44,331076
13496,0.032301,172.31.46.0-255,1514,204746,44,331076
13497,0.032302,172.31.46.0-255,1514,206260,44,331076
13498,0.032315,172.31.46.0-255,1514,207774,44,331076
13499,0.032316,172.31.46.0-255,1514,209288,44,331076
13500,0.032317,172.31.46.0-255,75,209363,44,331076
13501,0.032328,172.217.194.0-255,5738,215101,44,331076
13502,0.032333,172.31.46.0-255,66,215167,44,331076
13503,0.033735,104.244.42.0-255,66,215233,44,331076
13504,0.033761,104.244.42.0-255,66,215299,44,331076
13505,0.03387,104.244.42.0-255,66,215365,44,331076
13506,0.033901,104.244.42.0-255,66,215431,44,331076
13507,0.033904,104.244.42.0-255,66,215497,44,331076
13508,0.034641,172.217.194.0-255,5738,221235,44,331076
13509,0.034653,172.31.46.0-255,66,221301,44,331076
13510,0.035093,104.244.42.0-255,108,221409,44,331076
13511,0.035102,172.31.46.0-255,66,221475,44,331076
13512,0.036953,172.217.194.0-255,5738,227213,44,331076
13513,0.036964,172.31.46.0-255,66,227279,44,331076
13514,0.039264,172.217.194.0-255,5738,233017,44,331076
13515,0.039282,172.31.46.0-255,66,233083,44,331076
13516,0.041616,172.217.194.0-255,5738,238821,44,331076
13517,0.041629,172.31.46.0-255,66,238887,44,331076
13518,0.04394,172.217.194.0-255,5738,244625,44,331076
13519,0.043948,172.31.46.0-255,66,244691,44,331076
13520,0.046282,172.217.194.0-255,5738,250429,44,331076
13521,0.046289,172.31.46.0-255,66,250495,44,331076
13522,0.048596,172.217.194.0-255,5738,256233,44,331076
13523,0.048603,172.31.46.0-255,66,256299,44,331076
13524,0.050914,172.217.194.0-255,4320,260619,44,331076
13525,0.050921,172.31.46.0-255,66,260685,44,331076
13526,0.050946,172.217.194.0-255,1484,262169,44,331076
13527,0.053233,172.217.194.0-255,4320,266489,44,331076
13528,0.053241,172.31.46.0-255,66,266555,44,331076
13529,0.055574,172.217.194.0-255,5738,272293,44,331076
13530,0.05558,172.31.46.0-255,66,272359,44,331076
13531,0.057929,172.217.194.0-255,5738,278097,44,331076
13532,0.05794,172.31.46.0-255,66,278163,44,331076
13533,0.060256,172.217.194.0-255,5738,283901,44,331076
13534,0.060262,172.31.46.0-255,66,283967,44,331076
13535,0.062558,172.217.194.0-255,5738,289705,44,331076
13536,0.062565,172.31.46.0-255,66,289771,44,331076
13537,0.064859,172.217.194.0-255,5738,295509,44,331076
13538,0.064866,172.31.46.0-255,66,295575,44,331076
13539,0.067175,172.217.194.0-255,5738,301313,44,331076
13540,0.067188,172.31.46.0-255,66,301379,44,331076
13541,0.069507,172.217.194.0-255,5738,307117,44,331076
13542,0.069521,172.31.46.0-255,66,307183,44,331076
13543,0.071831,172.217.194.0-255,5738,312921,44,331076
13544,0.07184,172.31.46.0-255,66,312987,44,331076
13545,0.074174,172.217.194.0-255,5738,318725,44,331076
13546,0.074182,172.31.46.0-255,66,318791,44,331076
13547,0.076469,172.217.194.0-255,5738,324529,44,331076
13548,0.076476,172.31.46.0-255,66,324595,44,331076
13549,0.078777,172.217.194.0-255,5738,330333,44,331076
13550,0.078784,172.31.46.0-255,66,330399,44,331076
13551,0.081076,172.217.194.0-255,440,330839,44,331076
13552,0.081214,172.31.46.0-255,66,330905,44,331076
13553,0.081253,172.31.46.0-255,105,331010,44,331076
13554,0.083501,172.217.194.0-255,66,331076,44,331076
13555,0.0,74.125.24.0-255,153,153,44,303594
13556,2.3e-05,172.31.46.0-255,66,219,44,303594
13557,3.1e-05,74.125.24.0-255,1484,1703,44,303594
13558,3.6e-05,172.31.46.0-255,66,1769,44,303594
13559,4.2e-05,74.125.24.0-255,2902,4671,44,303594
13560,4.5e-05,172.31.46.0-255,66,4737,44,303594
13561,5.3e-05,74.125.24.0-255,7156,11893,44,303594
13562,5.6e-05,172.31.46.0-255,66,11959,44,303594
13563,5.9e-05,74.125.24.0-255,1484,13443,44,303594
13564,6.2e-05,172.31.46.0-255,66,13509,44,303594
13565,9.1e-05,74.125.24.0-255,2074,15583,44,303594
13566,9.3e-05,172.31.46.0-255,66,15649,44,303594
13567,0.000108,172.31.46.0-255,66,15715,44,303594
13568,0.000113,74.125.24.0-255,2543,18258,44,303594
13569,0.000115,172.31.46.0-255,66,18324,44,303594
13570,0.000981,74.125.24.0-255,1484,19808,44,303594
13571,0.000991,172.31.46.0-255,66,19874,44,303594
13572,0.000999,74.125.24.0-255,2902,22776,44,303594
13573,0.001003,172.31.46.0-255,66,22842,44,303594
13574,0.001009,74.125.24.0-255,5738,28580,44,303594
13575,0.001012,172.31.46.0-255,66,28646,44,303594
13576,0.001026,172.31.46.0-255,66,28712,44,303594
13577,0.001055,74.125.24.0-255,1484,30196,44,303594
13578,0.001058,172.31.46.0-255,66,30262,44,303594
13579,0.001069,172.31.46.0-255,66,30328,44,303594
13580,0.001073,74.125.24.0-255,2184,32512,44,303594
13581,0.001076,172.31.46.0-255,66,32578,44,303594
13582,0.001383,74.125.24.0-255,398,32976,44,303594
13583,0.001389,172.31.46.0-255,66,33042,44,303594
13584,0.001437,74.125.24.0-255,345,33387,44,303594
13585,0.00171,74.125.24.0-255,1484,34871,44,303594
13586,0.001715,74.125.24.0-255,2902,37773,44,303594
13587,0.001722,172.31.46.0-255,66,37839,44,303594
13588,0.001726,172.31.46.0-255,66,37905,44,303594
13589,0.001748,74.125.24.0-255,5738,43643,44,303594
13590,0.001751,172.31.46.0-255,66,43709,44,303594
13591,0.001776,172.31.46.0-255,66,43775,44,303594
13592,0.001814,74.125.24.0-255,5738,49513,44,303594
13593,0.001818,172.31.46.0-255,66,49579,44,303594
13594,0.001847,172.31.46.0-255,66,49645,44,303594
13595,0.00189,74.125.24.0-255,1484,51129,44,303594
13596,0.001915,74.125.24.0-255,2902,54031,44,303594
13597,0.001918,172.31.46.0-255,66,54097,44,303594
13598,0.001925,74.125.24.0-255,5738,59835,44,303594
13599,0.001927,172.31.46.0-255,66,59901,44,303594
13600,0.001953,172.31.46.0-255,66,59967,44,303594
13601,0.001956,74.125.24.0-255,1484,61451,44,303594
13602,0.001983,172.31.46.0-255,66,61517,44,303594
13603,0.002021,74.125.24.0-255,2902,64419,44,303594
13604,0.002025,172.31.46.0-255,66,64485,44,303594
13605,0.002084,172.31.46.0-255,66,64551,44,303594
13606,0.002099,74.125.24.0-255,2902,67453,44,303594
13607,0.002102,172.31.46.0-255,66,67519,44,303594
13608,0.002116,172.31.46.0-255,66,67585,44,303594
13609,0.002119,74.125.24.0-255,1484,69069,44,303594
13610,0.002144,74.125.24.0-255,2902,71971,44,303594
13611,0.002147,172.31.46.0-255,66,72037,44,303594
13612,0.002154,74.125.24.0-255,5738,77775,44,303594
13613,0.002156,172.31.46.0-255,66,77841,44,303594
13614,0.002164,74.125.24.0-255,7156,84997,44,303594
13615,0.002166,172.31.46.0-255,66,85063,44,303594
13616,0.002192,74.125.24.0-255,5738,90801,44,303594
13617,0.002195,172.31.46.0-255,66,90867,44,303594
13618,0.002224,74.125.24.0-255,5738,96605,44,303594
13619,0.002227,172.31.46.0-255,66,96671,44,303594
13620,0.00225,74.125.24.0-255,5020,101691,44,303594
13621,0.002253,172.31.46.0-255,66,101757,44,303594
13622,0.00452,74.125.24.0-255,5738,107495,44,303594
13623,0.004533,172.31.46.0-255,66,107561,44,303594
13624,0.006789,74.125.24.0-255,5738,113299,44,303594
13625,0.006797,172.31.46.0-255,66,113365,44,303594
13626,0.009064,74.125.24.0-255,5738,119103,44,303594
13627,0.009071,172.31.46.0-255,66,119169,44,303594
13628,0.011377,74.125.24.0-255,5738,124907,44,303594
13629,0.011396,172.31.46.0-255,66,124973,44,303594
13630,0.013704,74.125.24.0-255,5738,130711,44,303594
13631,0.013722,172.31.46.0-255,66,130777,44,303594
13632,0.015961,74.125.24.0-255,5738,136515,44,303594
13633,0.015971,172.31.46.0-255,66,136581,44,303594
13634,0.018273,74.125.24.0-255,5738,142319,44,303594
13635,0.018281,172.31.46.0-255,66,142385,44,303594
13636,0.02057,74.125.24.0-255,5738,148123,44,303594
13637,0.02058,172.31.46.0-255,66,148189,44,303594
13638,0.022893,74.125.24.0-255,5738,153927,44,303594
13639,0.022901,172.31.46.0-255,66,153993,44,303594
13640,0.02523,74.125.24.0-255,5738,159731,44,303594
13641,0.025238,172.31.46.0-255,66,159797,44,303594
13642,0.027548,74.125.24.0-255,5738,165535,44,303594
13643,0.027559,172.31.46.0-255,66,165601,44,303594
13644,0.029807,74.125.24.0-255,5738,171339,44,303594
13645,0.029814,172.31.46.0-255,66,171405,44,303594
13646,0.032105,74.125.24.0-255,5738,177143,44,303594
13647,0.032113,172.31.46.0-255,66,177209,44,303594
13648,0.034399,74.125.24.0-255,5738,182947,44,303594
13649,0.034406,172.31.46.0-255,66,183013,44,303594
13650,0.036648,74.125.24.0-255,5738,188751,44,303594
13651,0.036654,172.31.46.0-255,66,188817,44,303594
13652,0.038901,74.125.24.0-255,5738,194555,44,303594
13653,0.038909,172.31.46.0-255,66,194621,44,303594
13654,0.041208,74.125.24.0-255,5738,200359,44,303594
13655,0.04122,172.31.46.0-255,66,200425,44,303594
13656,0.0435,74.125.24.0-255,5738,206163,44,303594
13657,0.043512,172.31.46.0-255,66,206229,44,303594
13658,0.045808,74.125.24.0-255,5738,211967,44,303594
13659,0.045815,172.31.46.0-255,66,212033,44,303594
13660,0.047056,172.31.46.0-255,188,212221,44,303594
13661,0.047087,172.31.46.0-255,955,213176,44,303594
13662,0.04715,172.31.46.0-255,1514,214690,44,303594
13663,0.047152,172.31.46.0-255,1514,216204,44,303594
13664,0.047157,172.31.46.0-255,1514,217718,44,303594
13665,0.047158,172.31.46.0-255,1514,219232,44,303594
13666,0.047182,172.31.46.0-255,1514,220746,44,303594
13667,0.047184,172.31.46.0-255,230,220976,44,303594
13668,0.048114,74.125.24.0-255,5738,226714,44,303594
13669,0.048121,172.31.46.0-255,66,226780,44,303594
13670,0.048583,104.244.42.0-255,66,226846,44,303594
13671,0.048629,104.244.42.0-255,66,226912,44,303594
13672,0.048757,104.244.42.0-255,66,226978,44,303594
13673,0.048764,104.244.42.0-255,66,227044,44,303594
13674,0.050384,74.125.24.0-255,5738,232782,44,303594
13675,0.050391,172.31.46.0-255,66,232848,44,303594
13676,0.052724,74.125.24.0-255,5738,238586,44,303594
13677,0.052733,172.31.46.0-255,66,238652,44,303594
13678,0.055001,74.125.24.0-255,5738,244390,44,303594
13679,0.055008,172.31.46.0-255,66,244456,44,303594
13680,0.057301,74.125.24.0-255,5738,250194,44,303594
13681,0.057307,172.31.46.0-255,66,250260,44,303594
13682,0.059591,74.125.24.0-255,5738,255998,44,303594
13683,0.059598,172.31.46.0-255,66,256064,44,303594
13684,0.061894,74.125.24.0-255,5738,261802,44,303594
13685,0.061901,172.31.46.0-255,66,261868,44,303594
13686,0.064194,74.125.24.0-255,5738,267606,44,303594
13687,0.064202,172.31.46.0-255,66,267672,44,303594
13688,0.066466,74.125.24.0-255,5738,273410,44,303594
13689,0.066473,172.31.46.0-255,66,273476,44,303594
13690,0.068721,74.125.24.0-255,5738,279214,44,303594
13691,0.068728,172.31.46.0-255,66,279280,44,303594
13692,0.071033,74.125.24.0-255,5738,285018,44,303594
13693,0.071043,172.31.46.0-255,66,285084,44,303594
13694,0.073324,74.125.24.0-255,5738,290822,44,303594
13695,0.073331,172.31.46.0-255,66,290888,44,303594
13696,0.075615,74.125.24.0-255,5738,296626,44,303594
13697,0.075621,172.31.46.0-255,66,296692,44,303594
13698,0.077873,74.125.24.0-255,5738,302430,44,303594
13699,0.077881,172.31.46.0-255,66,302496,44,303594
13700,0.080108,74.125.24.0-255,861,303357,44,303594
13701,0.080414,172.31.46.0-255,66,303423,44,303594
13702,0.080454,172.31.46.0-255,105,303528,44,303594
13703,0.082684,74.125.24.0-255,66,303594,44,303594
13704,0.0,172.217.194.0-255,146,146,44,208168
13705,1.8e-05,172.31.46.0-255,66,212,44,208168
13706,2.5e-05,172.217.194.0-255,1484,1696,44,208168
13707,3e-05,172.31.46.0-255,66,1762,44,208168
13708,3.6e-05,172.217.194.0-255,2902,4664,44,208168
13709,4e-05,172.31.46.0-255,66,4730,44,208168
13710,4.7e-05,172.217.194.0-255,7156,11886,44,208168
13711,5e-05,172.31.46.0-255,66,11952,44,208168
13712,5.5e-05,172.217.194.0-255,4320,16272,44,208168
13713,5.9e-05,172.31.46.0-255,66,16338,44,208168
13714,8.4e-05,172.217.194.0-255,3520,19858,44,208168
13715,8.8e-05,172.31.46.0-255,66,19924,44,208168
13716,0.000102,172.217.194.0-255,4320,24244,44,208168
13717,0.000104,172.31.46.0-255,66,24310,44,208168
13718,0.000127,172.217.194.0-255,6797,31107,44,208168
13719,0.00013,172.31.46.0-255,66,31173,44,208168
13720,0.000149,172.217.194.0-255,5738,36911,44,208168
13721,0.000151,172.31.46.0-255,66,36977,44,208168
13722,0.000175,172.217.194.0-255,5738,42715,44,208168
13723,0.000177,172.31.46.0-255,66,42781,44,208168
13724,0.000184,172.217.194.0-255,7156,49937,44,208168
13725,0.000186,172.31.46.0-255,66,50003,44,208168
13726,0.000201,172.217.194.0-255,5379,55382,44,208168
13727,0.000204,172.31.46.0-255,66,55448,44,208168
13728,0.000216,172.31.46.0-255,66,55514,44,208168
13729,0.000235,172.217.194.0-255,374,55888,44,208168
13730,0.000238,172.31.46.0-255,66,55954,44,208168
13731,0.00027,172.217.194.0-255,400,56354,44,208168
13732,0.000272,172.31.46.0-255,66,56420,44,208168
13733,0.000527,172.217.194.0-255,1484,57904,44,208168
13734,0.000534,172.31.46.0-255,66,57970,44,208168
13735,0.000539,172.217.194.0-255,2902,60872,44,208168
13736,0.000541,172.31.46.0-255,66,60938,44,208168
13737,0.000562,172.217.194.0-255,5738,66676,44,208168
13738,0.000565,172.31.46.0-255,66,66742,44,208168
13739,0.000568,172.217.194.0-255,1484,68226,44,208168
13740,0.00057,172.31.46.0-255,66,68292,44,208168
13741,0.000575,172.217.194.0-255,4320,72612,44,208168
13742,0.000578,172.31.46.0-255,66,72678,44,208168
13743,0.000599,172.217.194.0-255,5379,78057,44,208168
13744,0.00061,172.31.46.0-255,66,78123,44,208168
13745,0.000623,172.217.194.0-255,5738,83861,44,208168
13746,0.000641,172.217.194.0-255,6797,90658,44,208168
13747,0.000655,172.31.46.0-255,66,90724,44,208168
13748,0.000882,172.217.194.0-255,1484,92208,44,208168
13749,0.000888,172.217.194.0-255,2902,95110,44,208168
13750,0.0009,172.31.46.0-255,66,95176,44,208168
13751,0.000915,172.217.194.0-255,5738,100914,44,208168
13752,0.000918,172.217.194.0-255,1484,102398,44,208168
13753,0.000931,172.31.46.0-255,66,102464,44,208168
13754,0.000978,172.217.194.0-255,2902,105366,44,208168
13755,0.000981,172.31.46.0-255,66,105432,44,208168
13756,0.000986,172.31.46.0-255,66,105498,44,208168
13757,0.001023,172.31.46.0-255,66,105564,44,208168
13758,0.001373,172.217.194.0-255,1484,107048,44,208168
13759,0.00138,172.217.194.0-255,2902,109950,44,208168
13760,0.001383,172.31.46.0-255,66,110016,44,208168
13761,0.001409,172.217.194.0-255,5738,115754,44,208168
13762,0.001412,172.31.46.0-255,66,115820,44,208168
13763,0.00142,172.217.194.0-255,5738,121558,44,208168
13764,0.001436,172.217.194.0-255,7156,128714,44,208168
13765,0.001473,172.217.194.0-255,5738,134452,44,208168
13766,0.001488,172.217.194.0-255,5020,139472,44,208168
13767,0.001494,172.31.46.0-255,66,139538,44,208168
13768,0.001529,172.217.194.0-255,1484,141022,44,208168
13769,0.001534,172.217.194.0-255,2902,143924,44,208168
13770,0.001547,172.217.194.0-255,4320,148244,44,208168
13771,0.001553,172.31.46.0-255,66,148310,44,208168
13772,0.001564,172.217.194.0-255,1484,149794,44,208168
13773,0.001578,172.217.194.0-255,4320,154114,44,208168
13774,0.001582,172.31.46.0-255,66,154180,44,208168
13775,0.001607,172.217.194.0-255,5738,159918,44,208168
13776,0.001613,172.31.46.0-255,66,159984,44,208168
13777,0.001633,172.217.194.0-255,5020,165004,44,208168
13778,0.00164,172.31.46.0-255,66,165070,44,208168
13779,0.001727,172.217.194.0-255,1484,166554,44,208168
13780,0.001732,172.217.194.0-255,2902,169456,44,208168
13781,0.001741,172.31.46.0-255,66,169522,44,208168
13782,0.001756,172.217.194.0-255,5738,175260,44,208168
13783,0.001769,172.31.46.0-255,66,175326,44,208168
13784,0.001785,172.217.194.0-255,1484,176810,44,208168
13785,0.00179,172.31.46.0-255,66,176876,44,208168
13786,0.001826,172.31.46.0-255,66,176942,44,208168
13787,0.001834,172.217.194.0-255,2902,179844,44,208168
13788,0.001844,172.217.194.0-255,2902,182746,44,208168
13789,0.001848,172.31.46.0-255,66,182812,44,208168
13790,0.001859,172.217.194.0-255,1484,184296,44,208168
13791,0.001881,172.217.194.0-255,4320,188616,44,208168
13792,0.001904,172.31.46.0-255,66,188682,44,208168
13793,0.001913,172.217.194.0-255,4320,193002,44,208168
13794,0.001946,172.31.46.0-255,66,193068,44,208168
13795,0.001991,172.31.46.0-255,66,193134,44,208168
13796,0.002029,172.217.194.0-255,1484,194618,44,208168
13797,0.002037,172.31.46.0-255,66,194684,44,208168
13798,0.002079,172.31.46.0-255,66,194750,44,208168
13799,0.002169,172.31.46.0-255,66,194816,44,208168
13800,0.002194,172.31.46.0-255,66,194882,44,208168
13801,0.002221,172.31.46.0-255,66,194948,44,208168
13802,0.002246,172.31.46.0-255,66,195014,44,208168
13803,0.002304,172.31.46.0-255,66,195080,44,208168
13804,0.004373,172.217.194.0-255,3661,198741,44,208168
13805,0.004378,172.31.46.0-255,66,198807,44,208168
13806,0.010928,172.31.46.0-255,105,198912,44,208168
13807,0.013022,172.217.194.0-255,66,198978,44,208168
13808,0.02602,172.31.46.0-255,172,199150,44,208168
13809,0.026049,172.31.46.0-255,1114,200264,44,208168
13810,0.026104,172.31.46.0-255,1514,201778,44,208168
13811,0.026106,172.31.46.0-255,1514,203292,44,208168
13812,0.026107,172.31.46.0-255,1514,204806,44,208168
13813,0.026108,172.31.46.0-255,1514,206320,44,208168
13814,0.026138,172.31.46.0-255,1514,207834,44,208168
13815,0.026139,172.31.46.0-255,70,207904,44,208168
13816,0.027587,104.244.42.0-255,66,207970,44,208168
13817,0.027698,104.244.42.0-255,66,208036,44,208168
13818,0.027718,104.244.42.0-255,66,208102,44,208168
13819,0.02782,104.244.42.0-255,66,208168,44,208168
13820,0.0,74.125.24.0-255,150,150,44,291819
13821,2.3e-05,172.31.46.0-255,66,216,44,291819
13822,3e-05,74.125.24.0-255,1484,1700,44,291819
13823,3.5e-05,172.31.46.0-255,66,1766,44,291819
13824,4.1e-05,74.125.24.0-255,2902,4668,44,291819
13825,4.4e-05,172.31.46.0-255,66,4734,44,291819
13826,5.2e-05,74.125.24.0-255,7156,11890,44,291819
13827,5.5e-05,172.31.46.0-255,66,11956,44,291819
13828,5.8e-05,74.125.24.0-255,1484,13440,44,291819
13829,6.1e-05,172.31.46.0-255,66,13506,44,291819
13830,8.1e-05,74.125.24.0-255,709,14215,44,291819
13831,8.3e-05,172.31.46.0-255,66,14281,44,291819
13832,8.8e-05,74.125.24.0-255,2902,17183,44,291819
13833,9.1e-05,172.31.46.0-255,66,17249,44,291819
13834,9.9e-05,74.125.24.0-255,7156,24405,44,291819
13835,0.000101,172.31.46.0-255,66,24471,44,291819
13836,0.000125,74.125.24.0-255,7156,31627,44,291819
13837,0.000127,172.31.46.0-255,66,31693,44,291819
13838,0.00014,74.125.24.0-255,1484,33177,44,291819
13839,0.000142,172.31.46.0-255,66,33243,44,291819
13840,0.000172,172.31.46.0-255,66,33309,44,291819
13841,0.000175,74.125.24.0-255,766,34075,44,291819
13842,0.000177,172.31.46.0-255,66,34141,44,291819
13843,0.000199,74.125.24.0-255,1484,35625,44,291819
13844,0.000202,172.31.46.0-255,66,35691,44,291819
13845,0.000207,74.125.24.0-255,4320,40011,44,291819
13846,0.00021,172.31.46.0-255,66,40077,44,291819
13847,0.000228,74.125.24.0-255,4320,44397,44,291819
13848,0.000231,172.31.46.0-255,66,44463,44,291819
13849,0.000244,74.125.24.0-255,1484,45947,44,291819
13850,0.000247,172.31.46.0-255,66,46013,44,291819
13851,0.000264,74.125.24.0-255,2902,48915,44,291819
13852,0.000267,172.31.46.0-255,66,48981,44,291819
13853,0.000282,74.125.24.0-255,2815,51796,44,291819
13854,0.000284,172.31.46.0-255,66,51862,44,291819
13855,0.000309,74.125.24.0-255,135,51997,44,291819
13856,0.000371,74.125.24.0-255,1484,53481,44,291819
13857,0.000374,172.31.46.0-255,66,53547,44,291819
13858,0.000379,74.125.24.0-255,2902,56449,44,291819
13859,0.000381,172.31.46.0-255,66,56515,44,291819
13860,0.000396,74.125.24.0-255,5738,62253,44,291819
13861,0.000399,172.31.46.0-255,66,62319,44,291819
13862,0.000419,74.125.24.0-255,1484,63803,44,291819
13863,0.000431,172.31.46.0-255,66,63869,44,291819
13864,0.000443,74.125.24.0-255,1484,65353,44,291819
13865,0.000447,74.125.24.0-255,2902,68255,44,291819
13866,0.000449,172.31.46.0-255,66,68321,44,291819
13867,0.000482,172.31.46.0-255,66,68387,44,291819
13868,0.000484,74.125.24.0-255,766,69153,44,291819
13869,0.000882,74.125.24.0-255,1484,70637,44,291819
13870,0.000887,172.31.46.0-255,66,70703,44,291819
13871,0.000893,74.125.24.0-255,2902,73605,44,291819
13872,0.000895,172.31.46.0-255,66,73671,44,291819
13873,0.000901,74.125.24.0-255,5738,79409,44,291819
13874,0.000904,172.31.46.0-255,66,79475,44,291819
13875,0.000951,172.31.46.0-255,66,79541,44,291819
13876,0.000953,74.125.24.0-255,1484,81025,44,291819
13877,0.000975,74.125.24.0-255,7156,88181,44,291819
13878,0.000977,172.31.46.0-255,66,88247,44,291819
13879,0.001001,172.31.46.0-255,66,88313,44,291819
13880,0.001012,172.31.46.0-255,66,88379,44,291819
13881,0.001041,74.125.24.0-255,2902,91281,44,291819
13882,0.001044,172.31.46.0-255,66,91347,44,291819
13883,0.001076,172.31.46.0-255,66,91413,44,291819
13884,0.001107,74.125.24.0-255,3602,95015,44,291819
13885,0.00111,172.31.46.0-255,66,95081,44,291819
13886,0.001129,172.31.46.0-255,66,95147,44,291819
13887,0.001149,74.125.24.0-255,4320,99467,44,291819
13888,0.001152,172.31.46.0-255,66,99533,44,291819
13889,0.001185,172.31.46.0-255,66,99599,44,291819
13890,0.001521,74.125.24.0-255,1484,101083,44,291819
13891,0.001526,74.125.24.0-255,1484,102567,44,291819
13892,0.001529,172.31.46.0-255,66,102633,44,291819
13893,0.001552,74.125.24.0-255,1484,104117,44,291819
13894,0.001559,74.125.24.0-255,5738,109855,44,291819
13895,0.001562,172.31.46.0-255,66,109921,44,291819
13896,0.001585,172.31.46.0-255,66,109987,44,291819
13897,0.001598,74.125.24.0-255,2902,112889,44,291819
13898,0.001601,172.31.46.0-255,66,112955,44,291819
13899,0.001607,74.125.24.0-255,4320,117275,44,291819
13900,0.001609,172.31.46.0-255,66,117341,44,291819
13901,0.001634,74.125.24.0-255,6438,123779,44,291819
13902,0.001637,172.31.46.0-255,66,123845,44,291819
13903,0.002203,74.125.24.0-255,1484,125329,44,291819
13904,0.002209,74.125.24.0-255,2902,128231,44,291819
13905,0.002213,172.31.46.0-255,66,128297,44,291819
13906,0.002233,74.125.24.0-255,5738,134035,44,291819
13907,0.002235,172.31.46.0-255,66,134101,44,291819
13908,0.002251,74.125.24.0-255,4320,138421,44,291819
13909,0.002254,172.31.46.0-255,66,138487,44,291819
13910,0.002286,74.125.24.0-255,7156,145643,44,291819
13911,0.002289,172.31.46.0-255,66,145709,44,291819
13912,0.002313,74.125.24.0-255,4320,150029,44,291819
13913,0.002315,172.31.46.0-255,66,150095,44,291819
13914,0.002318,74.125.24.0-255,1484,151579,44,291819
13915,0.002323,74.125.24.0-255,2902,154481,44,291819
13916,0.002325,172.31.46.0-255,66,154547,44,291819
13917,0.002345,74.125.24.0-255,3602,158149,44,291819
13918,0.002347,172.31.46.0-255,66,158215,44,291819
13919,0.004671,74.125.24.0-255,5738,163953,44,291819
13920,0.004683,172.31.46.0-255,66,164019,44,291819
13921,0.007013,74.125.24.0-255,5738,169757,44,291819
13922,0.007024,172.31.46.0-255,66,169823,44,291819
13923,0.009362,74.125.24.0-255,5738,175561,44,291819
13924,0.009372,172.31.46.0-255,66,175627,44,291819
13925,0.011759,74.125.24.0-255,5738,181365,44,291819
13926,0.011775,172.31.46.0-255,66,181431,44,291819
13927,0.014122,74.125.24.0-255,5738,187169,44,291819
13928,0.014141,172.31.46.0-255,66,187235,44,291819
13929,0.016498,74.125.24.0-255,5738,192973,44,291819
13930,0.016513,172.31.46.0-255,66,193039,44,291819
13931,0.018879,74.125.24.0-255,5738,198777,44,291819
13932,0.018895,172.31.46.0-255,66,198843,44,291819
13933,0.021262,74.125.24.0-255,5738,204581,44,291819
13934,0.021279,172.31.46.0-255,66,204647,44,291819
13935,0.023627,74.125.24.0-255,5738,210385,44,291819
13936,0.023641,172.31.46.0-255,66,210451,44,291819
13937,0.026007,74.125.24.0-255,5738,216189,44,291819
13938,0.026026,172.31.46.0-255,66,216255,44,291819
13939,0.028353,74.125.24.0-255,5738,221993,44,291819
13940,0.028366,172.31.46.0-255,66,222059,44,291819
13941,0.030705,74.125.24.0-255,5738,227797,44,291819
13942,0.030719,172.31.46.0-255,66,227863,44,291819
13943,0.033072,74.125.24.0-255,5738,233601,44,291819
13944,0.033085,172.31.46.0-255,66,233667,44,291819
13945,0.035426,74.125.24.0-255,5738,239405,44,291819
13946,0.035439,172.31.46.0-255,66,239471,44,291819
13947,0.037805,74.125.24.0-255,5738,245209,44,291819
13948,0.03782,172.31.46.0-255,66,245275,44,291819
13949,0.040154,74.125.24.0-255,5738,251013,44,291819
13950,0.040173,172.31.46.0-255,66,251079,44,291819
13951,0.041564,172.31.46.0-255,172,251251,44,291819
13952,0.04159,172.31.46.0-255,1114,252365,44,291819
13953,0.041643,172.31.46.0-255,1514,253879,44,291819
13954,0.041644,172.31.46.0-255,1514,255393,44,291819
13955,0.041649,172.31.46.0-255,1514,256907,44,291819
13956,0.041651,172.31.46.0-255,1514,258421,44,291819
13957,0.041666,172.31.46.0-255,1514,259935,44,291819
13958,0.041671,172.31.46.0-255,70,260005,44,291819
13959,0.042499,74.125.24.0-255,5738,265743,44,291819
13960,0.042506,172.31.46.0-255,66,265809,44,291819
13961,0.043114,104.244.42.0-255,66,265875,44,291819
13962,0.043167,104.244.42.0-255,66,265941,44,291819
13963,0.043213,104.244.42.0-255,66,266007,44,291819
13964,0.043219,104.244.42.0-255,66,266073,44,291819
13965,0.044843,74.125.24.0-255,5738,271811,44,291819
13966,0.04485,172.31.46.0-255,66,271877,44,291819
13967,0.047177,74.125.24.0-255,5738,277615,44,291819
13968,0.047184,172.31.46.0-255,66,277681,44,291819
13969,0.049533,74.125.24.0-255,5738,283419,44,291819
13970,0.049541,172.31.46.0-255,66,283485,44,291819
13971,0.05189,74.125.24.0-255,5738,289223,44,291819
13972,0.051897,172.31.46.0-255,66,289289,44,291819
13973,0.054245,74.125.24.0-255,2293,291582,44,291819
13974,0.054254,172.31.46.0-255,66,291648,44,291819
13975,0.054451,172.31.46.0-255,105,291753,44,291819
13976,0.056792,74.125.24.0-255,66,291819,44,291819
13977,0.0,74.125.200.0-255,146,146,44,365155
13978,2.2e-05,172.31.46.0-255,66,212,44,365155
13979,3e-05,74.125.200.0-255,1484,1696,44,365155
13980,3.3e-05,172.31.46.0-255,66,1762,44,365155
13981,3.9e-05,74.125.200.0-255,2902,4664,44,365155
13982,4.2e-05,172.31.46.0-255,66,4730,44,365155
13983,5e-05,74.125.200.0-255,7156,11886,44,365155
13984,5.3e-05,172.31.46.0-255,66,11952,44,365155
13985,8.4e-05,172.31.46.0-255,66,12018,44,365155
13986,8.7e-05,74.125.200.0-255,1484,13502,44,365155
13987,8.9e-05,172.31.46.0-255,66,13568,44,365155
13988,0.000117,172.31.46.0-255,66,13634,44,365155
13989,0.000131,74.125.200.0-255,1125,14759,44,365155
13990,0.000134,172.31.46.0-255,66,14825,44,365155
13991,0.000192,74.125.200.0-255,1484,16309,44,365155
13992,0.000195,172.31.46.0-255,66,16375,44,365155
13993,0.000198,74.125.200.0-255,1484,17859,44,365155
13994,0.0002,172.31.46.0-255,66,17925,44,365155
13995,0.000214,74.125.200.0-255,1484,19409,44,365155
13996,0.000216,172.31.46.0-255,66,19475,44,365155
13997,0.000222,74.125.200.0-255,5738,25213,44,365155
13998,0.000225,172.31.46.0-255,66,25279,44,365155
13999,0.000249,74.125.200.0-255,2902,28181,44,365155
14000,0.000252,172.31.46.0-255,66,28247,44,365155
14001,0.000272,74.125.200.0-255,3961,32208,44,365155
14002,0.000274,172.31.46.0-255,66,32274,44,365155
14003,0.000324,74.125.200.0-255,1484,33758,44,365155
14004,0.000326,172.31.46.0-255,66,33824,44,365155
14005,0.000331,74.125.200.0-255,2902,36726,44,365155
14006,0.000333,172.31.46.0-255,66,36792,44,365155
14007,0.000346,74.125.200.0-255,1484,38276,44,365155
14008,0.000349,172.31.46.0-255,66,38342,44,365155
14009,0.000353,74.125.200.0-255,2902,41244,44,365155
14010,0.000355,172.31.46.0-255,66,41310,44,365155
14011,0.000391,74.125.200.0-255,5738,47048,44,365155
14012,0.000394,172.31.46.0-255,66,47114,44,365155
14013,0.000398,74.125.200.0-255,2887,50001,44,365155
14014,0.0004,172.31.46.0-255,66,50067,44,365155
14015,0.000421,74.125.200.0-255,332,50399,44,365155
14016,0.000423,172.31.46.0-255,66,50465,44,365155
14017,0.000777,74.125.200.0-255,1484,51949,44,365155
14018,0.000782,172.31.46.0-255,66,52015,44,365155
14019,0.000788,74.125.200.0-255,2902,54917,44,365155
14020,0.00079,172.31.46.0-255,66,54983,44,365155
14021,0.000804,74.125.200.0-255,2902,57885,44,365155
14022,0.000806,172.31.46.0-255,66,57951,44,365155
14023,0.00083,74.125.200.0-255,7156,65107,44,365155
14024,0.000832,172.31.46.0-255,66,65173,44,365155
14025,0.00086,74.125.200.0-255,4320,69493,44,365155
14026,0.000863,172.31.46.0-255,66,69559,44,365155
14027,0.000882,74.125.200.0-255,6797,76356,44,365155
14028,0.000885,172.31.46.0-255,66,76422,44,365155
14029,0.000907,74.125.200.0-255,4320,80742,44,365155
14030,0.000909,172.31.46.0-255,66,80808,44,365155
14031,0.000929,74.125.200.0-255,3961,84769,44,365155
14032,0.000932,172.31.46.0-255,66,84835,44,365155
14033,0.00121,74.125.200.0-255,1484,86319,44,365155
14034,0.001214,172.31.46.0-255,66,86385,44,365155
14035,0.001233,74.125.200.0-255,2902,89287,44,365155
14036,0.001235,172.31.46.0-255,66,89353,44,365155
14037,0.001267,74.125.200.0-255,2902,92255,44,365155
14038,0.00127,172.31.46.0-255,66,92321,44,365155
14039,0.001288,74.125.200.0-255,2902,95223,44,365155
14040,0.00129,172.31.46.0-255,66,95289,44,365155
14041,0.001309,74.125.200.0-255,1484,96773,44,365155
14042,0.001312,172.31.46.0-255,66,96839,44,365155
14043,0.001319,74.125.200.0-255,7156,103995,44,365155
14044,0.001322,172.31.46.0-255,66,104061,44,365155
14045,0.001329,74.125.200.0-255,7156,111217,44,365155
14046,0.001333,172.31.46.0-255,66,111283,44,365155
14047,0.001347,74.125.200.0-255,1484,112767,44,365155
14048,0.001349,172.31.46.0-255,66,112833,44,365155
14049,0.001359,74.125.200.0-255,6438,119271,44,365155
14050,0.001361,172.31.46.0-255,66,119337,44,365155
14051,0.001461,74.125.200.0-255,1484,120821,44,365155
14052,0.001464,172.31.46.0-255,66,120887,44,365155
14053,0.001478,74.125.200.0-255,2902,123789,44,365155
14054,0.00148,172.31.46.0-255,66,123855,44,365155
14055,0.001484,74.125.200.0-255,2902,126757,44,365155
14056,0.001486,172.31.46.0-255,66,126823,44,365155
14057,0.001516,74.125.200.0-255,2902,129725,44,365155
14058,0.00152,172.31.46.0-255,66,129791,44,365155
14059,0.001526,74.125.200.0-255,5738,135529,44,365155
14060,0.001529,172.31.46.0-255,66,135595,44,365155
14061,0.001537,74.125.200.0-255,7156,142751,44,365155
14062,0.001539,172.31.46.0-255,66,142817,44,365155
14063,0.001569,74.125.200.0-255,1484,144301,44,365155
14064,0.001572,172.31.46.0-255,66,144367,44,365155
14065,0.001601,172.31.46.0-255,66,144433,44,365155
14066,0.001695,74.125.200.0-255,1484,145917,44,365155
14067,0.001699,172.31.46.0-255,66,145983,44,365155
14068,0.001721,74.125.200.0-255,2902,148885,44,365155
14069,0.001724,172.31.46.0-255,66,148951,44,365155
14070,0.001731,74.125.200.0-255,5738,154689,44,365155
14071,0.001733,172.31.46.0-255,66,154755,44,365155
14072,0.00176,74.125.200.0-255,4320,159075,44,365155
14073,0.001763,172.31.46.0-255,66,159141,44,365155
14074,0.001786,172.31.46.0-255,66,159207,44,365155
14075,0.001817,74.125.200.0-255,5738,164945,44,365155
14076,0.00182,172.31.46.0-255,66,165011,44,365155
14077,0.001841,74.125.200.0-255,5020,170031,44,365155
14078,0.001845,172.31.46.0-255,66,170097,44,365155
14079,0.004144,74.125.200.0-255,5738,175835,44,365155
14080,0.004151,172.31.46.0-255,66,175901,44,365155
14081,0.006463,74.125.200.0-255,5738,181639,44,365155
14082,0.00647,172.31.46.0-255,66,181705,44,365155
14083,0.008775,74.125.200.0-255,5738,187443,44,365155
14084,0.008781,172.31.46.0-255,66,187509,44,365155
14085,0.011102,74.125.200.0-255,4320,191829,44,365155
14086,0.01111,172.31.46.0-255,66,191895,44,365155
14087,0.011132,74.125.200.0-255,1484,193379,44,365155
14088,0.011135,172.31.46.0-255,66,193445,44,365155
14089,0.013414,74.125.200.0-255,4320,197765,44,365155
14090,0.013422,172.31.46.0-255,66,197831,44,365155
14091,0.013441,74.125.200.0-255,1484,199315,44,365155
14092,0.013443,172.31.46.0-255,66,199381,44,365155
14093,0.015739,74.125.200.0-255,5738,205119,44,365155
14094,0.015746,172.31.46.0-255,66,205185,44,365155
14095,0.0181,74.125.200.0-255,5738,210923,44,365155
14096,0.018108,172.31.46.0-255,66,210989,44,365155
14097,0.020412,74.125.200.0-255,5738,216727,44,365155
14098,0.020419,172.31.46.0-255,66,216793,44,365155
14099,0.022761,74.125.200.0-255,5738,222531,44,365155
14100,0.02277,172.31.46.0-255,66,222597,44,365155
14101,0.025087,74.125.200.0-255,5738,228335,44,365155
14102,0.025095,172.31.46.0-255,66,228401,44,365155
14103,0.027404,74.125.200.0-255,5738,234139,44,365155
14104,0.027411,172.31.46.0-255,66,234205,44,365155
14105,0.029732,74.125.200.0-255,4320,238525,44,365155
14106,0.029741,172.31.46.0-255,66,238591,44,365155
14107,0.029759,74.125.200.0-255,1484,240075,44,365155
14108,0.029763,172.31.46.0-255,66,240141,44,365155
14109,0.03204,74.125.200.0-255,4320,244461,44,365155
14110,0.032047,172.31.46.0-255,66,244527,44,365155
14111,0.032064,74.125.200.0-255,1484,246011,44,365155
14112,0.032066,172.31.46.0-255,66,246077,44,365155
14113,0.034363,74.125.200.0-255,5738,251815,44,365155
14114,0.03437,172.31.46.0-255,66,251881,44,365155
14115,0.036691,74.125.200.0-255,5738,257619,44,365155
14116,0.036699,172.31.46.0-255,66,257685,44,365155
14117,0.038795,172.31.46.0-255,200,257885,44,365155
14118,0.038829,172.31.46.0-255,1114,258999,44,365155
14119,0.03889,172.31.46.0-255,566,259565,44,365155
14120,0.039008,74.125.200.0-255,5738,265303,44,365155
14121,0.039015,172.31.46.0-255,66,265369,44,365155
14122,0.040335,104.244.42.0-255,66,265435,44,365155
14123,0.040426,104.244.42.0-255,66,265501,44,365155
14124,0.040431,104.244.42.0-255,66,265567,44,365155
14125,0.041337,74.125.200.0-255,5738,271305,44,365155
14126,0.041344,172.31.46.0-255,66,271371,44,365155
14127,0.043685,74.125.200.0-255,5738,277109,44,365155
14128,0.043692,172.31.46.0-255,66,277175,44,365155
14129,0.046015,74.125.200.0-255,5738,282913,44,365155
14130,0.046022,172.31.46.0-255,66,282979,44,365155
14131,0.048333,74.125.200.0-255,5738,288717,44,365155
14132,0.048339,172.31.46.0-255,66,288783,44,365155
14133,0.050662,74.125.200.0-255,5738,294521,44,365155
14134,0.050669,172.31.46.0-255,66,294587,44,365155
14135,0.052982,74.125.200.0-255,5738,300325,44,365155
14136,0.052987,172.31.46.0-255,66,300391,44,365155
14137,0.055307,74.125.200.0-255,5738,306129,44,365155
14138,0.055314,172.31.46.0-255,66,306195,44,365155
14139,0.057634,74.125.200.0-255,5738,311933,44,365155
14140,0.057641,172.31.46.0-255,66,311999,44,365155
14141,0.059952,74.125.200.0-255,5738,317737,44,365155
14142,0.059959,172.31.46.0-255,66,317803,44,365155
14143,0.062288,74.125.200.0-255,5738,323541,44,365155
14144,0.062294,172.31.46.0-255,66,323607,44,365155
14145,0.064613,74.125.200.0-255,5738,329345,44,365155
14146,0.06462,172.31.46.0-255,66,329411,44,365155
14147,0.066961,74.125.200.0-255,5738,335149,44,365155
14148,0.066967,172.31.46.0-255,66,335215,44,365155
14149,0.069285,74.125.200.0-255,5738,340953,44,365155
14150,0.069291,172.31.46.0-255,66,341019,44,365155
14151,0.071625,74.125.200.0-255,5738,346757,44,365155
14152,0.071631,172.31.46.0-255,66,346823,44,365155
14153,0.073956,74.125.200.0-255,5738,352561,44,365155
14154,0.073961,172.31.46.0-255,66,352627,44,365155
14155,0.076277,74.125.200.0-255,5738,358365,44,365155
14156,0.076283,172.31.46.0-255,66,358431,44,365155
14157,0.078599,74.125.200.0-255,5738,364169,44,365155
14158,0.078606,172.31.46.0-255,66,364235,44,365155
14159,0.080882,74.125.200.0-255,683,364918,44,365155
14160,0.080993,172.31.46.0-255,66,364984,44,365155
14161,0.081025,172.31.46.0-255,105,365089,44,365155
14162,0.083295,74.125.200.0-255,66,365155,44,365155
14163,0.0,74.125.130.0-255,292,292,44,380959
14164,2.6e-05,172.31.46.0-255,66,358,44,380959
14165,3.2e-05,74.125.130.0-255,1484,1842,44,380959
14166,3.6e-05,172.31.46.0-255,66,1908,44,380959
14167,3.9e-05,74.125.130.0-255,1484,3392,44,380959
14168,4.2e-05,172.31.46.0-255,66,3458,44,380959
14169,4.9e-05,74.125.130.0-255,2902,6360,44,380959
14170,5.2e-05,172.31.46.0-255,66,6426,44,380959
14171,5.5e-05,74.125.130.0-255,1484,7910,44,380959
14172,5.7e-05,172.31.46.0-255,66,7976,44,380959
14173,8e-05,74.125.130.0-255,4320,12296,44,380959
14174,8.3e-05,172.31.46.0-255,66,12362,44,380959
14175,0.000112,74.125.130.0-255,1883,14245,44,380959
14176,0.000115,172.31.46.0-255,66,14311,44,380959
14177,0.00013,74.125.130.0-255,2902,17213,44,380959
14178,0.000132,172.31.46.0-255,66,17279,44,380959
14179,0.000152,74.125.130.0-255,2902,20181,44,380959
14180,0.000155,172.31.46.0-255,66,20247,44,380959
14181,0.000171,74.125.130.0-255,1484,21731,44,380959
14182,0.000173,172.31.46.0-255,66,21797,44,380959
14183,0.000197,74.125.130.0-255,5738,27535,44,380959
14184,0.0002,172.31.46.0-255,66,27601,44,380959
14185,0.000218,74.125.130.0-255,5738,33339,44,380959
14186,0.000221,172.31.46.0-255,66,33405,44,380959
14187,0.000243,74.125.130.0-255,7156,40561,44,380959
14188,0.000245,172.31.46.0-255,66,40627,44,380959
14189,0.000266,74.125.130.0-255,5738,46365,44,380959
14190,0.00027,172.31.46.0-255,66,46431,44,380959
14191,0.000278,74.125.130.0-255,2184,48615,44,380959
14192,0.000281,172.31.46.0-255,66,48681,44,380959
14193,0.000378,74.125.130.0-255,1484,50165,44,380959
14194,0.000382,172.31.46.0-255,66,50231,44,380959
14195,0.000388,74.125.130.0-255,2902,53133,44,380959
14196,0.00039,172.31.46.0-255,66,53199,44,380959
14197,0.000423,74.125.130.0-255,5738,58937,44,380959
14198,0.000426,172.31.46.0-255,66,59003,44,380959
14199,0.000433,74.125.130.0-255,6797,65800,44,380959
14200,0.000436,172.31.46.0-255,66,65866,44,380959
14201,0.000774,74.125.130.0-255,1484,67350,44,380959
14202,0.00079,74.125.130.0-255,2902,70252,44,380959
14203,0.000797,172.31.46.0-255,66,70318,44,380959
14204,0.000816,74.125.130.0-255,2902,73220,44,380959
14205,0.000818,172.31.46.0-255,66,73286,44,380959
14206,0.000836,74.125.130.0-255,2902,76188,44,380959
14207,0.000839,172.31.46.0-255,66,76254,44,380959
14208,0.000843,74.125.130.0-255,2902,79156,44,380959
14209,0.000845,172.31.46.0-255,66,79222,44,380959
14210,0.000866,74.125.130.0-255,1484,80706,44,380959
14211,0.000885,74.125.130.0-255,7156,87862,44,380959
14212,0.000887,172.31.46.0-255,66,87928,44,380959
14213,0.000914,74.125.130.0-255,1705,89633,44,380959
14214,0.000919,74.125.130.0-255,4320,93953,44,380959
14215,0.000921,74.125.130.0-255,1484,95437,44,380959
14216,0.000925,172.31.46.0-255,66,95503,44,380959
14217,0.000932,172.31.46.0-255,66,95569,44,380959
14218,0.00094,74.125.130.0-255,4320,99889,44,380959
14219,0.000942,172.31.46.0-255,66,99955,44,380959
14220,0.000982,172.31.46.0-255,66,100021,44,380959
14221,0.001002,74.125.130.0-255,2902,102923,44,380959
14222,0.001006,172.31.46.0-255,66,102989,44,380959
14223,0.001021,74.125.130.0-255,2936,105925,44,380959
14224,0.001023,172.31.46.0-255,66,105991,44,380959
14225,0.001076,74.125.130.0-255,1484,107475,44,380959
14226,0.00108,74.125.130.0-255,1484,108959,44,380959
14227,0.001083,172.31.46.0-255,66,109025,44,380959
14228,0.001101,74.125.130.0-255,1484,110509,44,380959
14229,0.001108,74.125.130.0-255,5738,116247,44,380959
14230,0.001111,172.31.46.0-255,66,116313,44,380959
14231,0.001131,74.125.130.0-255,4320,120633,44,380959
14232,0.001133,172.31.46.0-255,66,120699,44,380959
14233,0.001149,74.125.130.0-255,2669,123368,44,380959
14234,0.001152,172.31.46.0-255,66,123434,44,380959
14235,0.001224,74.125.130.0-255,1484,124918,44,380959
14236,0.001239,74.125.130.0-255,2902,127820,44,380959
14237,0.001242,172.31.46.0-255,66,127886,44,380959
14238,0.00126,74.125.130.0-255,4320,132206,44,380959
14239,0.001263,172.31.46.0-255,66,132272,44,380959
14240,0.001288,74.125.130.0-255,1484,133756,44,380959
14241,0.001296,74.125.130.0-255,7156,140912,44,380959
14242,0.001298,172.31.46.0-255,66,140978,44,380959
14243,0.001323,74.125.130.0-255,4320,145298,44,380959
14244,0.001326,172.31.46.0-255,66,145364,44,380959
14245,0.001348,74.125.130.0-255,4320,149684,44,380959
14246,0.001354,74.125.130.0-255,5738,155422,44,380959
14247,0.001359,172.31.46.0-255,66,155488,44,380959
14248,0.001366,172.31.46.0-255,66,155554,44,380959
14249,0.00137,74.125.130.0-255,2184,157738,44,380959
14250,0.001373,172.31.46.0-255,66,157804,44,380959
14251,0.001579,172.31.46.0-255,101,157905,44,380959
14252,0.001632,74.125.130.0-255,1484,159389,44,380959
14253,0.001649,74.125.130.0-255,2902,162291,44,380959
14254,0.001652,172.31.46.0-255,66,162357,44,380959
14255,0.001656,74.125.130.0-255,1484,163841,44,380959
14256,0.00167,74.125.130.0-255,4320,168161,44,380959
14257,0.001672,172.31.46.0-255,66,168227,44,380959
14258,0.001711,74.125.130.0-255,1484,169711,44,380959
14259,0.001725,74.125.130.0-255,2902,172613,44,380959
14260,0.00173,74.125.130.0-255,5738,178351,44,380959
14261,0.001733,172.31.46.0-255,66,178417,44,380959
14262,0.001736,172.31.46.0-255,66,178483,44,380959
14263,0.001768,172.31.46.0-255,66,178549,44,380959
14264,0.001787,74.125.130.0-255,4320,182869,44,380959
14265,0.001791,172.31.46.0-255,66,182935,44,380959
14266,0.001803,74.125.130.0-255,766,183701,44,380959
14267,0.002193,74.125.130.0-255,1484,185185,44,380959
14268,0.002197,172.31.46.0-255,66,185251,44,380959
14269,0.002218,74.125.130.0-255,2902,188153,44,380959
14270,0.00222,172.31.46.0-255,66,188219,44,380959
14271,0.002233,74.125.130.0-255,1484,189703,44,380959
14272,0.002254,74.125.130.0-255,4320,194023,44,380959
14273,0.002257,172.31.46.0-255,66,194089,44,380959
14274,0.00226,74.125.130.0-255,1484,195573,44,380959
14275,0.002274,74.125.130.0-255,1484,197057,44,380959
14276,0.002276,172.31.46.0-255,66,197123,44,380959
14277,0.002282,74.125.130.0-255,4320,201443,44,380959
14278,0.002284,172.31.46.0-255,66,201509,44,380959
14279,0.002287,74.125.130.0-255,1484,202993,44,380959
14280,0.002312,74.125.130.0-255,7156,210149,44,380959
14281,0.002315,172.31.46.0-255,66,210215,44,380959
14282,0.002319,74.125.130.0-255,2902,213117,44,380959
14283,0.002321,172.31.46.0-255,66,213183,44,380959
14284,0.002325,74.125.130.0-255,2902,216085,44,380959
14285,0.002328,172.31.46.0-255,66,216151,44,380959
14286,0.002349,74.125.130.0-255,1484,217635,44,380959
14287,0.002352,74.125.130.0-255,766,218401,44,380959
14288,0.002354,172.31.46.0-255,66,218467,44,380959
14289,0.002358,74.125.130.0-255,1484,219951,44,380959
14290,0.002382,74.125.130.0-255,2902,222853,44,380959
14291,0.002384,172.31.46.0-255,66,222919,44,380959
14292,0.002401,74.125.130.0-255,1484,224403,44,380959
14293,0.002404,74.125.130.0-255,1484,225887,44,380959
14294,0.002406,172.31.46.0-255,66,225953,44,380959
14295,0.002431,74.125.130.0-255,2902,228855,44,380959
14296,0.002433,172.31.46.0-255,66,228921,44,380959
14297,0.002466,74.125.130.0-255,5738,234659,44,380959
14298,0.002471,172.31.46.0-255,66,234725,44,380959
14299,0.002476,74.125.130.0-255,2902,237627,44,380959
14300,0.002478,172.31.46.0-255,66,237693,44,380959
14301,0.002496,74.125.130.0-255,4320,242013,44,380959
14302,0.002499,172.31.46.0-255,66,242079,44,380959
14303,0.002504,74.125.130.0-255,4320,246399,44,380959
14304,0.002507,172.31.46.0-255,66,246465,44,380959
14305,0.002537,74.125.130.0-255,5738,252203,44,380959
14306,0.00254,172.31.46.0-255,66,252269,44,380959
14307,0.002543,74.125.130.0-255,766,253035,44,380959
14308,0.004088,74.125.130.0-255,66,253101,44,380959
14309,0.005085,74.125.130.0-255,4320,257421,44,380959
14310,0.005092,172.31.46.0-255,66,257487,44,380959
14311,0.007648,74.125.130.0-255,5738,263225,44,380959
14312,0.007656,172.31.46.0-255,66,263291,44,380959
14313,0.010203,74.125.130.0-255,4320,267611,44,380959
14314,0.010208,172.31.46.0-255,66,267677,44,380959
14315,0.010227,74.125.130.0-255,1484,269161,44,380959
14316,0.012756,74.125.130.0-255,4320,273481,44,380959
14317,0.012768,172.31.46.0-255,66,273547,44,380959
14318,0.015319,74.125.130.0-255,5738,279285,44,380959
14319,0.015335,172.31.46.0-255,66,279351,44,380959
14320,0.017902,74.125.130.0-255,5738,285089,44,380959
14321,0.017918,172.31.46.0-255,66,285155,44,380959
14322,0.020481,74.125.130.0-255,5738,290893,44,380959
14323,0.020494,172.31.46.0-255,66,290959,44,380959
14324,0.023051,74.125.130.0-255,5738,296697,44,380959
14325,0.023059,172.31.46.0-255,66,296763,44,380959
14326,0.025604,74.125.130.0-255,5738,302501,44,380959
14327,0.025614,172.31.46.0-255,66,302567,44,380959
14328,0.028168,74.125.130.0-255,5738,308305,44,380959
14329,0.028178,172.31.46.0-255,66,308371,44,380959
14330,0.030739,74.125.130.0-255,5738,314109,44,380959
14331,0.030755,172.31.46.0-255,66,314175,44,380959
14332,0.033314,74.125.130.0-255,2902,317077,44,380959
14333,0.033332,172.31.46.0-255,66,317143,44,380959
14334,0.033348,74.125.130.0-255,2902,320045,44,380959
14335,0.033352,172.31.46.0-255,66,320111,44,380959
14336,0.035883,74.125.130.0-255,2902,323013,44,380959
14337,0.035893,172.31.46.0-255,66,323079,44,380959
14338,0.035915,74.125.130.0-255,2902,325981,44,380959
14339,0.035918,172.31.46.0-255,66,326047,44,380959
14340,0.038432,74.125.130.0-255,2902,328949,44,380959
14341,0.03844,172.31.46.0-255,66,329015,44,380959
14342,0.03846,74.125.130.0-255,2902,331917,44,380959
14343,0.038462,172.31.46.0-255,66,331983,44,380959
14344,0.040989,74.125.130.0-255,4320,336303,44,380959
14345,0.041002,172.31.46.0-255,66,336369,44,380959
14346,0.041029,74.125.130.0-255,1484,337853,44,380959
14347,0.043538,74.125.130.0-255,4320,342173,44,380959
14348,0.043551,172.31.46.0-255,66,342239,44,380959
14349,0.046148,74.125.130.0-255,5738,347977,44,380959
14350,0.046159,172.31.46.0-255,66,348043,44,380959
14351,0.048711,74.125.130.0-255,5738,353781,44,380959
14352,0.048723,172.31.46.0-255,66,353847,44,380959
14353,0.05128,74.125.130.0-255,5738,359585,44,380959
14354,0.051289,172.31.46.0-255,66,359651,44,380959
14355,0.053839,74.125.130.0-255,5738,365389,44,380959
14356,0.05385,172.31.46.0-255,66,365455,44,380959
14357,0.056395,74.125.130.0-255,5738,371193,44,380959
14358,0.056403,172.31.46.0-255,66,371259,44,380959
14359,0.057155,172.31.46.0-255,172,371431,44,380959
14360,0.057187,172.31.46.0-255,1114,372545,44,380959
14361,0.057247,172.31.46.0-255,566,373111,44,380959
14362,0.058681,104.244.42.0-255,66,373177,44,380959
14363,0.058748,104.244.42.0-255,66,373243,44,380959
14364,0.058803,104.244.42.0-255,66,373309,44,380959
14365,0.058951,74.125.130.0-255,5738,379047,44,380959
14366,0.058957,172.31.46.0-255,66,379113,44,380959
14367,0.061491,74.125.130.0-255,1609,380722,44,380959
14368,0.061499,172.31.46.0-255,66,380788,44,380959
14369,0.062498,172.31.46.0-255,105,380893,44,380959
14370,0.069171,74.125.130.0-255,66,380959,44,380959
14371,0.0,74.125.24.0-255,153,153,44,142272
14372,1.7e-05,172.31.46.0-255,66,219,44,142272
14373,2.4e-05,74.125.24.0-255,1484,1703,44,142272
14374,2.8e-05,172.31.46.0-255,66,1769,44,142272
14375,3.4e-05,74.125.24.0-255,2902,4671,44,142272
14376,3.6e-05,172.31.46.0-255,66,4737,44,142272
14377,4.2e-05,74.125.24.0-255,2902,7639,44,142272
14378,4.4e-05,172.31.46.0-255,66,7705,44,142272
14379,7.1e-05,74.125.24.0-255,4320,12025,44,142272
14380,7.4e-05,172.31.46.0-255,66,12091,44,142272
14381,9.3e-05,74.125.24.0-255,3392,15483,44,142272
14382,9.6e-05,172.31.46.0-255,66,15549,44,142272
14383,0.000135,172.31.46.0-255,66,15615,44,142272
14384,0.000239,74.125.24.0-255,2543,18158,44,142272
14385,0.000243,172.31.46.0-255,66,18224,44,142272
14386,0.000265,74.125.24.0-255,7156,25380,44,142272
14387,0.000268,172.31.46.0-255,66,25446,44,142272
14388,0.000313,74.125.24.0-255,7156,32602,44,142272
14389,0.000316,172.31.46.0-255,66,32668,44,142272
14390,0.000333,74.125.24.0-255,2543,35211,44,142272
14391,0.000335,172.31.46.0-255,66,35277,44,142272
14392,0.000393,74.125.24.0-255,4320,39597,44,142272
14393,0.000396,172.31.46.0-255,66,39663,44,142272
14394,0.00041,74.125.24.0-255,5738,45401,44,142272
14395,0.000413,172.31.46.0-255,66,45467,44,142272
14396,0.000471,74.125.24.0-255,1484,46951,44,142272
14397,0.000474,172.31.46.0-255,66,47017,44,142272
14398,0.000493,74.125.24.0-255,5961,52978,44,142272
14399,0.000496,172.31.46.0-255,66,53044,44,142272
14400,0.000532,74.125.24.0-255,1484,54528,44,142272
14401,0.000536,172.31.46.0-255,66,54594,44,142272
14402,0.000551,74.125.24.0-255,1484,56078,44,142272
14403,0.000564,74.125.24.0-255,1484,57562,44,142272
14404,0.00057,74.125.24.0-255,4320,61882,44,142272
14405,0.000579,74.125.24.0-255,1484,63366,44,142272
14406,0.000599,172.31.46.0-255,66,63432,44,142272
14407,0.000636,172.31.46.0-255,66,63498,44,142272
14408,0.000643,74.125.24.0-255,5379,68877,44,142272
14409,0.000653,172.31.46.0-255,66,68943,44,142272
14410,0.000741,74.125.24.0-255,4320,73263,44,142272
14411,0.000765,74.125.24.0-255,5379,78642,44,142272
14412,0.00078,172.31.46.0-255,66,78708,44,142272
14413,0.001103,74.125.24.0-255,1484,80192,44,142272
14414,0.001109,74.125.24.0-255,2902,83094,44,142272
14415,0.001125,74.125.24.0-255,1484,84578,44,142272
14416,0.001139,74.125.24.0-255,4320,88898,44,142272
14417,0.001142,172.31.46.0-255,66,88964,44,142272
14418,0.001147,172.31.46.0-255,66,89030,44,142272
14419,0.001173,74.125.24.0-255,2902,91932,44,142272
14420,0.001178,172.31.46.0-255,66,91998,44,142272
14421,0.001214,172.31.46.0-255,66,92064,44,142272
14422,0.001279,74.125.24.0-255,1484,93548,44,142272
14423,0.001314,172.31.46.0-255,66,93614,44,142272
14424,0.001373,74.125.24.0-255,2902,96516,44,142272
14425,0.001393,172.31.46.0-255,66,96582,44,142272
14426,0.001413,172.31.46.0-255,66,96648,44,142272
14427,0.001434,74.125.24.0-255,5738,102386,44,142272
14428,0.001447,172.31.46.0-255,66,102452,44,142272
14429,0.001532,74.125.24.0-255,1484,103936,44,142272
14430,0.001574,74.125.24.0-255,5020,108956,44,142272
14431,0.00161,172.31.46.0-255,66,109022,44,142272
14432,0.001615,172.31.46.0-255,66,109088,44,142272
14433,0.001666,74.125.24.0-255,7156,116244,44,142272
14434,0.001674,172.31.46.0-255,66,116310,44,142272
14435,0.001705,172.31.46.0-255,66,116376,44,142272
14436,0.001747,172.31.46.0-255,66,116442,44,142272
14437,0.001954,74.125.24.0-255,5738,122180,44,142272
14438,0.001959,172.31.46.0-255,66,122246,44,142272
14439,0.002026,172.31.46.0-255,66,122312,44,142272
14440,0.002226,74.125.24.0-255,4320,126632,44,142272
14441,0.002231,172.31.46.0-255,66,126698,44,142272
14442,0.002518,74.125.24.0-255,2902,129600,44,142272
14443,0.003023,74.125.24.0-255,2902,132502,44,142272
14444,0.008261,172.31.46.0-255,66,132568,44,142272
14445,0.009821,172.31.46.0-255,101,132669,44,142272
14446,0.010053,172.31.46.0-255,105,132774,44,142272
14447,0.012334,74.125.24.0-255,66,132840,44,142272
14448,0.01253,74.125.24.0-255,66,132906,44,142272
14449,0.032634,172.31.46.0-255,172,133078,44,142272
14450,0.032668,172.31.46.0-255,1109,134187,44,142272
14451,0.032732,172.31.46.0-255,1514,135701,44,142272
14452,0.032734,172.31.46.0-255,1514,137215,44,142272
14453,0.032739,172.31.46.0-255,1514,138729,44,142272
14454,0.03274,172.31.46.0-255,1514,140243,44,142272
14455,0.032759,172.31.46.0-255,1514,141757,44,142272
14456,0.03276,172.31.46.0-255,77,141834,44,142272
14457,0.034181,104.244.42.0-255,66,141900,44,142272
14458,0.034242,104.244.42.0-255,66,141966,44,142272
14459,0.03427,104.244.42.0-255,66,142032,44,142272
14460,0.034346,104.244.42.0-255,66,142098,44,142272
14461,0.035031,104.244.42.0-255,108,142206,44,142272
14462,0.035042,172.31.46.0-255,66,142272,44,142272
14463,0.0,172.217.194.0-255,152,152,44,344317
14464,2.4e-05,172.31.46.0-255,66,218,44,344317
14465,3.1e-05,172.217.194.0-255,1484,1702,44,344317
14466,3.5e-05,172.31.46.0-255,66,1768,44,344317
14467,4.1e-05,172.217.194.0-255,2902,4670,44,344317
14468,4.5e-05,172.31.46.0-255,66,4736,44,344317
14469,4.8e-05,172.217.194.0-255,1484,6220,44,344317
14470,5.1e-05,172.31.46.0-255,66,6286,44,344317
14471,8.1e-05,172.217.194.0-255,4320,10606,44,344317
14472,8.5e-05,172.31.46.0-255,66,10672,44,344317
14473,9.3e-05,172.217.194.0-255,7156,17828,44,344317
14474,9.6e-05,172.31.46.0-255,66,17894,44,344317
14475,0.000124,172.217.194.0-255,6364,24258,44,344317
14476,0.000127,172.31.46.0-255,66,24324,44,344317
14477,0.00013,172.217.194.0-255,1484,25808,44,344317
14478,0.000132,172.31.46.0-255,66,25874,44,344317
14479,0.00016,172.217.194.0-255,5379,31253,44,344317
14480,0.000162,172.31.46.0-255,66,31319,44,344317
14481,0.000196,172.217.194.0-255,1484,32803,44,344317
14482,0.000198,172.31.46.0-255,66,32869,44,344317
14483,0.000219,172.217.194.0-255,2902,35771,44,344317
14484,0.000221,172.31.46.0-255,66,35837,44,344317
14485,0.000227,172.217.194.0-255,5738,41575,44,344317
14486,0.00023,172.31.46.0-255,66,41641,44,344317
14487,0.000233,172.217.194.0-255,1484,43125,44,344317
14488,0.000234,172.31.46.0-255,66,43191,44,344317
14489,0.000254,172.217.194.0-255,2902,46093,44,344317
14490,0.000257,172.31.46.0-255,66,46159,44,344317
14491,0.000281,172.217.194.0-255,1484,47643,44,344317
14492,0.000284,172.31.46.0-255,66,47709,44,344317
14493,0.000313,172.31.46.0-255,66,47775,44,344317
14494,0.000332,172.217.194.0-255,1125,48900,44,344317
14495,0.00034,172.217.194.0-255,5738,54638,44,344317
14496,0.000343,172.31.46.0-255,66,54704,44,344317
14497,0.000361,172.217.194.0-255,1426,56130,44,344317
14498,0.000364,172.217.194.0-255,384,56514,44,344317
14499,0.000366,172.31.46.0-255,66,56580,44,344317
14500,0.000638,172.217.194.0-255,1484,58064,44,344317
14501,0.000645,172.217.194.0-255,2902,60966,44,344317
14502,0.000649,172.31.46.0-255,66,61032,44,344317
14503,0.000656,172.217.194.0-255,4320,65352,44,344317
14504,0.000659,172.31.46.0-255,66,65418,44,344317
14505,0.000672,172.217.194.0-255,1484,66902,44,344317
14506,0.000684,172.217.194.0-255,1484,68386,44,344317
14507,0.000686,172.31.46.0-255,66,68452,44,344317
14508,0.00071,172.31.46.0-255,66,68518,44,344317
14509,0.000735,172.217.194.0-255,2902,71420,44,344317
14510,0.000739,172.31.46.0-255,66,71486,44,344317
14511,0.000745,172.217.194.0-255,5738,77224,44,344317
14512,0.000747,172.31.46.0-255,66,77290,44,344317
14513,0.000771,172.217.194.0-255,1484,78774,44,344317
14514,0.000783,172.217.194.0-255,3602,82376,44,344317
14515,0.000786,172.31.46.0-255,66,82442,44,344317
14516,0.001944,172.217.194.0-255,1484,83926,44,344317
14517,0.001956,172.217.194.0-255,2902,86828,44,344317
14518,0.00196,172.31.46.0-255,66,86894,44,344317
14519,0.001969,172.217.194.0-255,5738,92632,44,344317
14520,0.001971,172.31.46.0-255,66,92698,44,344317
14521,0.001999,172.217.194.0-255,5738,98436,44,344317
14522,0.002001,172.31.46.0-255,66,98502,44,344317
14523,0.002004,172.217.194.0-255,1484,99986,44,344317
14524,0.002022,172.217.194.0-255,4320,104306,44,344317
14525,0.002024,172.31.46.0-255,66,104372,44,344317
14526,0.002044,172.217.194.0-255,1484,105856,44,344317
14527,0.002056,172.31.46.0-255,66,105922,44,344317
14528,0.002074,172.217.194.0-255,2184,108106,44,344317
14529,0.002076,172.31.46.0-255,66,108172,44,344317
14530,0.004186,172.217.194.0-255,5738,113910,44,344317
14531,0.004196,172.31.46.0-255,66,113976,44,344317
14532,0.006313,172.217.194.0-255,5738,119714,44,344317
14533,0.006319,172.31.46.0-255,66,119780,44,344317
14534,0.008417,172.217.194.0-255,5738,125518,44,344317
14535,0.008425,172.31.46.0-255,66,125584,44,344317
14536,0.010524,172.217.194.0-255,5738,131322,44,344317
14537,0.010532,172.31.46.0-255,66,131388,44,344317
14538,0.01266,172.217.194.0-255,5738,137126,44,344317
14539,0.012669,172.31.46.0-255,66,137192,44,344317
14540,0.014751,172.217.194.0-255,5738,142930,44,344317
14541,0.014759,172.31.46.0-255,66,142996,44,344317
14542,0.016877,172.217.194.0-255,5738,148734,44,344317
14543,0.016887,172.31.46.0-255,66,148800,44,344317
14544,0.018985,172.217.194.0-255,5738,154538,44,344317
14545,0.018993,172.31.46.0-255,66,154604,44,344317
14546,0.021105,172.217.194.0-255,4320,158924,44,344317
14547,0.021113,172.31.46.0-255,66,158990,44,344317
14548,0.021135,172.217.194.0-255,1484,160474,44,344317
14549,0.021246,172.31.46.0-255,101,160575,44,344317
14550,0.023217,172.217.194.0-255,4320,164895,44,344317
14551,0.023224,172.31.46.0-255,66,164961,44,344317
14552,0.023439,172.217.194.0-255,1484,166445,44,344317
14553,0.025306,172.217.194.0-255,2902,169347,44,344317
14554,0.025314,172.31.46.0-255,66,169413,44,344317
14555,0.025334,172.217.194.0-255,1484,170897,44,344317
14556,0.027486,172.217.194.0-255,4320,175217,44,344317
14557,0.027501,172.31.46.0-255,66,175283,44,344317
14558,0.029633,172.217.194.0-255,5738,181021,44,344317
14559,0.029644,172.31.46.0-255,66,181087,44,344317
14560,0.031782,172.217.194.0-255,5738,186825,44,344317
14561,0.031798,172.31.46.0-255,66,186891,44,344317
14562,0.033998,172.217.194.0-255,5738,192629,44,344317
14563,0.034037,172.31.46.0-255,66,192695,44,344317
14564,0.036135,172.217.194.0-255,5738,198433,44,344317
14565,0.036149,172.31.46.0-255,66,198499,44,344317
14566,0.038218,172.217.194.0-255,5738,204237,44,344317
14567,0.038229,172.31.46.0-255,66,204303,44,344317
14568,0.038305,172.31.46.0-255,192,204495,44,344317
14569,0.038332,172.31.46.0-255,955,205450,44,344317
14570,0.038388,172.31.46.0-255,725,206175,44,344317
14571,0.039845,104.244.42.0-255,66,206241,44,344317
14572,0.039906,104.244.42.0-255,66,206307,44,344317
14573,0.039937,104.244.42.0-255,66,206373,44,344317
14574,0.040369,172.217.194.0-255,5738,212111,44,344317
14575,0.040378,172.31.46.0-255,66,212177,44,344317
14576,0.042469,172.217.194.0-255,5738,217915,44,344317
14577,0.042479,172.31.46.0-255,66,217981,44,344317
14578,0.044636,172.217.194.0-255,5738,223719,44,344317
14579,0.044646,172.31.46.0-255,66,223785,44,344317
14580,0.046738,172.217.194.0-255,5738,229523,44,344317
14581,0.046748,172.31.46.0-255,66,229589,44,344317
14582,0.048869,172.217.194.0-255,5738,235327,44,344317
14583,0.04888,172.31.46.0-255,66,235393,44,344317
14584,0.050992,172.217.194.0-255,5738,241131,44,344317
14585,0.051003,172.31.46.0-255,66,241197,44,344317
14586,0.053114,172.217.194.0-255,5738,246935,44,344317
14587,0.053124,172.31.46.0-255,66,247001,44,344317
14588,0.055312,172.217.194.0-255,4320,251321,44,344317
14589,0.055319,172.31.46.0-255,66,251387,44,344317
14590,0.055339,172.217.194.0-255,1484,252871,44,344317
14591,0.05746,172.217.194.0-255,4320,257191,44,344317
14592,0.05747,172.31.46.0-255,66,257257,44,344317
14593,0.059762,172.217.194.0-255,5738,262995,44,344317
14594,0.059772,172.31.46.0-255,66,263061,44,344317
14595,0.061895,172.217.194.0-255,5738,268799,44,344317
14596,0.061904,172.31.46.0-255,66,268865,44,344317
14597,0.063975,172.217.194.0-255,5738,274603,44,344317
14598,0.063985,172.31.46.0-255,66,274669,44,344317
14599,0.066061,172.217.194.0-255,5738,280407,44,344317
14600,0.066068,172.31.46.0-255,66,280473,44,344317
14601,0.068201,172.217.194.0-255,5738,286211,44,344317
14602,0.068208,172.31.46.0-255,66,286277,44,344317
14603,0.070368,172.217.194.0-255,5738,292015,44,344317
14604,0.070377,172.31.46.0-255,66,292081,44,344317
14605,0.072505,172.217.194.0-255,5738,297819,44,344317
14606,0.072512,172.31.46.0-255,66,297885,44,344317
14607,0.074623,172.217.194.0-255,5738,303623,44,344317
14608,0.074633,172.31.46.0-255,66,303689,44,344317
14609,0.076747,172.217.194.0-255,5738,309427,44,344317
14610,0.076758,172.31.46.0-255,66,309493,44,344317
14611,0.078839,172.217.194.0-255,5738,315231,44,344317
14612,0.07885,172.31.46.0-255,66,315297,44,344317
14613,0.080951,172.217.194.0-255,5738,321035,44,344317
14614,0.080965,172.31.46.0-255,66,321101,44,344317
14615,0.083099,172.217.194.0-255,5738,326839,44,344317
14616,0.083115,172.31.46.0-255,66,326905,44,344317
14617,0.085234,172.217.194.0-255,5738,332643,44,344317
14618,0.085244,172.31.46.0-255,66,332709,44,344317
14619,0.08736,172.217.194.0-255,5738,338447,44,344317
14620,0.087369,172.31.46.0-255,66,338513,44,344317
14621,0.089467,172.217.194.0-255,5738,344251,44,344317
14622,0.089476,172.31.46.0-255,66,344317,44,344317
14623,0.0,172.217.194.0-255,146,146,44,312468
14624,2.3e-05,172.31.46.0-255,66,212,44,312468
14625,3.1e-05,172.217.194.0-255,1484,1696,44,312468
14626,3.6e-05,172.31.46.0-255,66,1762,44,312468
14627,5e-05,172.217.194.0-255,2902,4664,44,312468
14628,5.4e-05,172.31.46.0-255,66,4730,44,312468
14629,6.2e-05,172.217.194.0-255,7156,11886,44,312468
14630,6.5e-05,172.31.46.0-255,66,11952,44,312468
14631,6.9e-05,172.217.194.0-255,2122,14074,44,312468
14632,7.2e-05,172.31.46.0-255,66,14140,44,312468
14633,0.000378,172.217.194.0-255,1484,15624,44,312468
14634,0.000384,172.31.46.0-255,66,15690,44,312468
14635,0.00039,172.217.194.0-255,2902,18592,44,312468
14636,0.000393,172.31.46.0-255,66,18658,44,312468
14637,0.000398,172.217.194.0-255,4320,22978,44,312468
14638,0.0004,172.31.46.0-255,66,23044,44,312468
14639,0.000434,172.217.194.0-255,1484,24528,44,312468
14640,0.000436,172.31.46.0-255,66,24594,44,312468
14641,0.000459,172.217.194.0-255,6797,31391,44,312468
14642,0.000462,172.31.46.0-255,66,31457,44,312468
14643,0.000532,172.217.194.0-255,1484,32941,44,312468
14644,0.000536,172.31.46.0-255,66,33007,44,312468
14645,0.000542,172.217.194.0-255,2902,35909,44,312468
14646,0.000545,172.31.46.0-255,66,35975,44,312468
14647,0.000572,172.217.194.0-255,5738,41713,44,312468
14648,0.000575,172.31.46.0-255,66,41779,44,312468
14649,0.000585,172.217.194.0-255,1484,43263,44,312468
14650,0.000593,172.31.46.0-255,66,43329,44,312468
14651,0.000613,172.31.46.0-255,66,43395,44,312468
14652,0.000627,172.217.194.0-255,2543,45938,44,312468
14653,0.000629,172.31.46.0-255,66,46004,44,312468
14654,0.000646,172.31.46.0-255,66,46070,44,312468
14655,0.000648,172.217.194.0-255,342,46412,44,312468
14656,0.000652,172.217.194.0-255,433,46845,44,312468
14657,0.000975,172.217.194.0-255,1484,48329,44,312468
14658,0.000983,172.31.46.0-255,66,48395,44,312468
14659,0.000988,172.217.194.0-255,2902,51297,44,312468
14660,0.00099,172.31.46.0-255,66,51363,44,312468
14661,0.000995,172.217.194.0-255,2902,54265,44,312468
14662,0.000997,172.31.46.0-255,66,54331,44,312468
14663,0.001024,172.217.194.0-255,2902,57233,44,312468
14664,0.001038,172.31.46.0-255,66,57299,44,312468
14665,0.001041,172.31.46.0-255,66,57365,44,312468
14666,0.001082,172.31.46.0-255,66,57431,44,312468
14667,0.002049,172.217.194.0-255,1484,58915,44,312468
14668,0.002062,172.217.194.0-255,2902,61817,44,312468
14669,0.002067,172.31.46.0-255,66,61883,44,312468
14670,0.002075,172.217.194.0-255,5738,67621,44,312468
14671,0.002077,172.31.46.0-255,66,67687,44,312468
14672,0.002086,172.217.194.0-255,1484,69171,44,312468
14673,0.002123,172.31.46.0-255,66,69237,44,312468
14674,0.00214,172.31.46.0-255,66,69303,44,312468
14675,0.002207,172.217.194.0-255,1484,70787,44,312468
14676,0.002212,172.217.194.0-255,1484,72271,44,312468
14677,0.002214,172.31.46.0-255,66,72337,44,312468
14678,0.002237,172.217.194.0-255,1484,73821,44,312468
14679,0.002244,172.217.194.0-255,5738,79559,44,312468
14680,0.002246,172.31.46.0-255,66,79625,44,312468
14681,0.002251,172.217.194.0-255,2902,82527,44,312468
14682,0.002253,172.31.46.0-255,66,82593,44,312468
14683,0.002278,172.31.46.0-255,66,82659,44,312468
14684,0.002291,172.31.46.0-255,66,82725,44,312468
14685,0.00456,172.217.194.0-255,5738,88463,44,312468
14686,0.004569,172.31.46.0-255,66,88529,44,312468
14687,0.006868,172.217.194.0-255,5738,94267,44,312468
14688,0.006874,172.31.46.0-255,66,94333,44,312468
14689,0.009159,172.217.194.0-255,5738,100071,44,312468
14690,0.009168,172.31.46.0-255,66,100137,44,312468
14691,0.011475,172.217.194.0-255,5738,105875,44,312468
14692,0.011487,172.31.46.0-255,66,105941,44,312468
14693,0.013839,172.217.194.0-255,5738,111679,44,312468
14694,0.013848,172.31.46.0-255,66,111745,44,312468
14695,0.016151,172.217.194.0-255,5738,117483,44,312468
14696,0.01616,172.31.46.0-255,66,117549,44,312468
14697,0.018449,172.217.194.0-255,5738,123287,44,312468
14698,0.018485,172.31.46.0-255,66,123353,44,312468
14699,0.020798,172.217.194.0-255,5738,129091,44,312468
14700,0.02081,172.31.46.0-255,66,129157,44,312468
14701,0.023115,172.217.194.0-255,5738,134895,44,312468
14702,0.023128,172.31.46.0-255,66,134961,44,312468
14703,0.025413,172.217.194.0-255,5738,140699,44,312468
14704,0.025428,172.31.46.0-255,66,140765,44,312468
14705,0.027708,172.217.194.0-255,5738,146503,44,312468
14706,0.027717,172.31.46.0-255,66,146569,44,312468
14707,0.030005,172.217.194.0-255,5738,152307,44,312468
14708,0.030021,172.31.46.0-255,66,152373,44,312468
14709,0.032324,172.217.194.0-255,5738,158111,44,312468
14710,0.032342,172.31.46.0-255,66,158177,44,312468
14711,0.034644,172.217.194.0-255,5738,163915,44,312468
14712,0.034662,172.31.46.0-255,66,163981,44,312468
14713,0.036979,172.217.194.0-255,5738,169719,44,312468
14714,0.036996,172.31.46.0-255,66,169785,44,312468
14715,0.039292,172.217.194.0-255,5738,175523,44,312468
14716,0.039311,172.31.46.0-255,66,175589,44,312468
14717,0.041621,172.217.194.0-255,5738,181327,44,312468
14718,0.041639,172.31.46.0-255,66,181393,44,312468
14719,0.043946,172.217.194.0-255,5738,187131,44,312468
14720,0.043956,172.31.46.0-255,66,187197,44,312468
14721,0.044335,172.31.46.0-255,172,187369,44,312468
14722,0.044367,172.31.46.0-255,1114,188483,44,312468
14723,0.044444,172.31.46.0-255,1514,189997,44,312468
14724,0.044446,172.31.46.0-255,1514,191511,44,312468
14725,0.044451,172.31.46.0-255,1514,193025,44,312468
14726,0.044452,172.31.46.0-255,1514,194539,44,312468
14727,0.044471,172.31.46.0-255,1514,196053,44,312468
14728,0.044472,172.31.46.0-255,71,196124,44,312468
14729,0.045891,104.244.42.0-255,66,196190,44,312468
14730,0.045901,104.244.42.0-255,66,196256,44,312468
14731,0.045989,104.244.42.0-255,66,196322,44,312468
14732,0.046067,104.244.42.0-255,66,196388,44,312468
14733,0.046236,172.217.194.0-255,5738,202126,44,312468
14734,0.046243,172.31.46.0-255,66,202192,44,312468
14735,0.048504,172.217.194.0-255,5738,207930,44,312468
14736,0.048512,172.31.46.0-255,66,207996,44,312468
14737,0.050814,172.217.194.0-255,5738,213734,44,312468
14738,0.050822,172.31.46.0-255,66,213800,44,312468
14739,0.053142,172.217.194.0-255,5738,219538,44,312468
14740,0.053156,172.31.46.0-255,66,219604,44,312468
14741,0.05547,172.217.194.0-255,5738,225342,44,312468
14742,0.055478,172.31.46.0-255,66,225408,44,312468
14743,0.057755,172.217.194.0-255,5738,231146,44,312468
14744,0.057762,172.31.46.0-255,66,231212,44,312468
14745,0.060064,172.217.194.0-255,5738,236950,44,312468
14746,0.060071,172.31.46.0-255,66,237016,44,312468
14747,0.062351,172.217.194.0-255,5738,242754,44,312468
14748,0.062357,172.31.46.0-255,66,242820,44,312468
14749,0.064656,172.217.194.0-255,5738,248558,44,312468
14750,0.064663,172.31.46.0-255,66,248624,44,312468
14751,0.066933,172.217.194.0-255,5738,254362,44,312468
14752,0.066941,172.31.46.0-255,66,254428,44,312468
14753,0.069255,172.217.194.0-255,5738,260166,44,312468
14754,0.069261,172.31.46.0-255,66,260232,44,312468
14755,0.071566,172.217.194.0-255,5738,265970,44,312468
14756,0.071573,172.31.46.0-255,66,266036,44,312468
14757,0.073848,172.217.194.0-255,5738,271774,44,312468
14758,0.07386,172.31.46.0-255,66,271840,44,312468
14759,0.076155,172.217.194.0-255,5738,277578,44,312468
14760,0.076164,172.31.46.0-255,66,277644,44,312468
14761,0.078438,172.217.194.0-255,5738,283382,44,312468
14762,0.078446,172.31.46.0-255,66,283448,44,312468
14763,0.080754,172.217.194.0-255,5738,289186,44,312468
14764,0.080761,172.31.46.0-255,66,289252,44,312468
14765,0.083062,172.217.194.0-255,5738,294990,44,312468
14766,0.083069,172.31.46.0-255,66,295056,44,312468
14767,0.085332,172.217.194.0-255,5738,300794,44,312468
14768,0.085339,172.31.46.0-255,66,300860,44,312468
14769,0.087694,172.217.194.0-255,5738,306598,44,312468
14770,0.087702,172.31.46.0-255,66,306664,44,312468
14771,0.089978,172.217.194.0-255,5738,312402,44,312468
14772,0.089984,172.31.46.0-255,66,312468,44,312468
14773,0.0,172.217.194.0-255,146,146,44,304023
14774,2e-05,172.31.46.0-255,66,212,44,304023
14775,2.7e-05,172.217.194.0-255,1484,1696,44,304023
14776,3.2e-05,172.31.46.0-255,66,1762,44,304023
14777,3.8e-05,172.217.194.0-255,2902,4664,44,304023
14778,4.2e-05,172.31.46.0-255,66,4730,44,304023
14779,7.5e-05,172.217.194.0-255,7156,11886,44,304023
14780,7.8e-05,172.31.46.0-255,66,11952,44,304023
14781,0.000144,172.217.194.0-255,2106,14058,44,304023
14782,0.000147,172.31.46.0-255,66,14124,44,304023
14783,0.000165,172.217.194.0-255,2902,17026,44,304023
14784,0.000168,172.31.46.0-255,66,17092,44,304023
14785,0.0002,172.217.194.0-255,5738,22830,44,304023
14786,0.000202,172.31.46.0-255,66,22896,44,304023
14787,0.000218,172.217.194.0-255,1484,24380,44,304023
14788,0.00022,172.31.46.0-255,66,24446,44,304023
14789,0.000291,172.217.194.0-255,5738,30184,44,304023
14790,0.000294,172.31.46.0-255,66,30250,44,304023
14791,0.000315,172.31.46.0-255,66,30316,44,304023
14792,0.00048,172.217.194.0-255,5738,36054,44,304023
14793,0.000484,172.31.46.0-255,66,36120,44,304023
14794,0.000503,172.217.194.0-255,2543,38663,44,304023
14795,0.000505,172.31.46.0-255,66,38729,44,304023
14796,0.000584,172.217.194.0-255,4320,43049,44,304023
14797,0.000589,172.31.46.0-255,66,43115,44,304023
14798,0.000615,172.31.46.0-255,66,43181,44,304023
14799,0.000752,172.217.194.0-255,2817,45998,44,304023
14800,0.000755,172.31.46.0-255,66,46064,44,304023
14801,0.00079,172.217.194.0-255,5738,51802,44,304023
14802,0.000792,172.31.46.0-255,66,51868,44,304023
14803,0.000845,172.31.46.0-255,66,51934,44,304023
14804,0.001093,172.217.194.0-255,4320,56254,44,304023
14805,0.001097,172.31.46.0-255,66,56320,44,304023
14806,0.001113,172.217.194.0-255,5379,61699,44,304023
14807,0.00112,172.31.46.0-255,66,61765,44,304023
14808,0.001204,172.217.194.0-255,1484,63249,44,304023
14809,0.001218,172.217.194.0-255,2902,66151,44,304023
14810,0.001223,172.31.46.0-255,66,66217,44,304023
14811,0.001277,172.217.194.0-255,5738,71955,44,304023
14812,0.00128,172.31.46.0-255,66,72021,44,304023
14813,0.001333,172.217.194.0-255,7156,79177,44,304023
14814,0.001344,172.31.46.0-255,66,79243,44,304023
14815,0.001354,172.217.194.0-255,5738,84981,44,304023
14816,0.001364,172.31.46.0-255,66,85047,44,304023
14817,0.001501,172.31.46.0-255,66,85113,44,304023
14818,0.001519,172.217.194.0-255,2184,87297,44,304023
14819,0.001537,172.31.46.0-255,66,87363,44,304023
14820,0.001625,172.217.194.0-255,4320,91683,44,304023
14821,0.001628,172.31.46.0-255,66,91749,44,304023
14822,0.001704,172.31.46.0-255,66,91815,44,304023
14823,0.001947,172.31.46.0-255,66,91881,44,304023
14824,0.002169,172.217.194.0-255,5738,97619,44,304023
14825,0.002373,172.217.194.0-255,6438,104057,44,304023
14826,0.005858,172.31.46.0-255,66,104123,44,304023
14827,0.007955,172.217.194.0-255,5738,109861,44,304023
14828,0.007962,172.31.46.0-255,66,109927,44,304023
14829,0.010068,172.217.194.0-255,5738,115665,44,304023
14830,0.010075,172.31.46.0-255,66,115731,44,304023
14831,0.012169,172.217.194.0-255,5738,121469,44,304023
14832,0.013001,172.31.46.0-255,66,121535,44,304023
14833,0.015107,172.217.194.0-255,5738,127273,44,304023
14834,0.015117,172.31.46.0-255,66,127339,44,304023
14835,0.017236,172.217.194.0-255,5738,133077,44,304023
14836,0.017243,172.31.46.0-255,66,133143,44,304023
14837,0.019338,172.217.194.0-255,5738,138881,44,304023
14838,0.019346,172.31.46.0-255,66,138947,44,304023
14839,0.021442,172.217.194.0-255,5738,144685,44,304023
14840,0.021448,172.31.46.0-255,66,144751,44,304023
14841,0.023538,172.217.194.0-255,5738,150489,44,304023
14842,0.023545,172.31.46.0-255,66,150555,44,304023
14843,0.025638,172.217.194.0-255,5738,156293,44,304023
14844,0.025651,172.31.46.0-255,66,156359,44,304023
14845,0.027754,172.217.194.0-255,5738,162097,44,304023
14846,0.02777,172.31.46.0-255,66,162163,44,304023
14847,0.029904,172.217.194.0-255,5738,167901,44,304023
14848,0.029922,172.31.46.0-255,66,167967,44,304023
14849,0.03202,172.217.194.0-255,5738,173705,44,304023
14850,0.032032,172.31.46.0-255,66,173771,44,304023
14851,0.034137,172.217.194.0-255,5738,179509,44,304023
14852,0.034152,172.31.46.0-255,66,179575,44,304023
14853,0.036268,172.217.194.0-255,5738,185313,44,304023
14854,0.036284,172.31.46.0-255,66,185379,44,304023
14855,0.038363,172.217.194.0-255,5738,191117,44,304023
14856,0.038373,172.31.46.0-255,66,191183,44,304023
14857,0.03987,172.31.46.0-255,172,191355,44,304023
14858,0.039906,172.31.46.0-255,1114,192469,44,304023
14859,0.039967,172.31.46.0-255,1514,193983,44,304023
14860,0.039969,172.31.46.0-255,1514,195497,44,304023
14861,0.039974,172.31.46.0-255,1514,197011,44,304023
14862,0.039976,172.31.46.0-255,1514,198525,44,304023
14863,0.040001,172.31.46.0-255,1514,200039,44,304023
14864,0.040002,172.31.46.0-255,70,200109,44,304023
14865,0.04047,172.217.194.0-255,5738,205847,44,304023
14866,0.040478,172.31.46.0-255,66,205913,44,304023
14867,0.041385,104.244.42.0-255,66,205979,44,304023
14868,0.041409,104.244.42.0-255,66,206045,44,304023
14869,0.041498,104.244.42.0-255,66,206111,44,304023
14870,0.041522,104.244.42.0-255,66,206177,44,304023
14871,0.042136,104.244.42.0-255,108,206285,44,304023
14872,0.042146,172.31.46.0-255,66,206351,44,304023
14873,0.042579,172.217.194.0-255,5738,212089,44,304023
14874,0.042586,172.31.46.0-255,66,212155,44,304023
14875,0.044679,172.217.194.0-255,5738,217893,44,304023
14876,0.04469,172.31.46.0-255,66,217959,44,304023
14877,0.046796,172.217.194.0-255,5738,223697,44,304023
14878,0.046812,172.31.46.0-255,66,223763,44,304023
14879,0.048925,172.217.194.0-255,5738,229501,44,304023
14880,0.048941,172.31.46.0-255,66,229567,44,304023
14881,0.051055,172.217.194.0-255,5738,235305,44,304023
14882,0.051063,172.31.46.0-255,66,235371,44,304023
14883,0.053145,172.217.194.0-255,5738,241109,44,304023
14884,0.053153,172.31.46.0-255,66,241175,44,304023
14885,0.055252,172.217.194.0-255,5738,246913,44,304023
14886,0.055258,172.31.46.0-255,66,246979,44,304023
14887,0.057398,172.217.194.0-255,5738,252717,44,304023
14888,0.057404,172.31.46.0-255,66,252783,44,304023
14889,0.059499,172.217.194.0-255,5738,258521,44,304023
14890,0.059507,172.31.46.0-255,66,258587,44,304023
14891,0.061597,172.217.194.0-255,5738,264325,44,304023
14892,0.061608,172.31.46.0-255,66,264391,44,304023
14893,0.063712,172.217.194.0-255,5738,270129,44,304023
14894,0.063725,172.31.46.0-255,66,270195,44,304023
14895,0.065815,172.217.194.0-255,5738,275933,44,304023
14896,0.065824,172.31.46.0-255,66,275999,44,304023
14897,0.067951,172.217.194.0-255,5738,281737,44,304023
14898,0.067965,172.31.46.0-255,66,281803,44,304023
14899,0.070074,172.217.194.0-255,5738,287541,44,304023
14900,0.070083,172.31.46.0-255,66,287607,44,304023
14901,0.07217,172.217.194.0-255,5738,293345,44,304023
14902,0.072178,172.31.46.0-255,66,293411,44,304023
14903,0.074275,172.217.194.0-255,5738,299149,44,304023
14904,0.074282,172.31.46.0-255,66,299215,44,304023
14905,0.076384,172.217.194.0-255,4571,303786,44,304023
14906,0.076391,172.31.46.0-255,66,303852,44,304023
14907,0.076576,172.31.46.0-255,105,303957,44,304023
14908,0.07864,172.217.194.0-255,66,304023,44,304023
14909,0.0,74.125.130.0-255,150,150,44,302961
14910,2.4e-05,172.31.46.0-255,66,216,44,302961
14911,3.1e-05,74.125.130.0-255,1484,1700,44,302961
14912,3.6e-05,172.31.46.0-255,66,1766,44,302961
14913,4.3e-05,74.125.130.0-255,2902,4668,44,302961
14914,4.7e-05,172.31.46.0-255,66,4734,44,302961
14915,5.2e-05,74.125.130.0-255,4320,9054,44,302961
14916,5.5e-05,172.31.46.0-255,66,9120,44,302961
14917,5.8e-05,74.125.130.0-255,1484,10604,44,302961
14918,6e-05,172.31.46.0-255,66,10670,44,302961
14919,8.4e-05,74.125.130.0-255,3425,14095,44,302961
14920,8.7e-05,172.31.46.0-255,66,14161,44,302961
14921,0.00018,74.125.130.0-255,1484,15645,44,302961
14922,0.000183,172.31.46.0-255,66,15711,44,302961
14923,0.000188,74.125.130.0-255,2902,18613,44,302961
14924,0.00019,172.31.46.0-255,66,18679,44,302961
14925,0.000211,74.125.130.0-255,5738,24417,44,302961
14926,0.000214,172.31.46.0-255,66,24483,44,302961
14927,0.000219,74.125.130.0-255,4320,28803,44,302961
14928,0.000221,172.31.46.0-255,66,28869,44,302961
14929,0.00024,74.125.130.0-255,5379,34248,44,302961
14930,0.000243,172.31.46.0-255,66,34314,44,302961
14931,0.000277,172.31.46.0-255,66,34380,44,302961
14932,0.000283,74.125.130.0-255,5738,40118,44,302961
14933,0.000286,172.31.46.0-255,66,40184,44,302961
14934,0.000302,74.125.130.0-255,1484,41668,44,302961
14935,0.000304,172.31.46.0-255,66,41734,44,302961
14936,0.000327,74.125.130.0-255,4320,46054,44,302961
14937,0.000329,172.31.46.0-255,66,46120,44,302961
14938,0.000353,172.31.46.0-255,66,46186,44,302961
14939,0.000356,74.125.130.0-255,397,46583,44,302961
14940,0.000393,74.125.130.0-255,377,46960,44,302961
14941,0.000771,74.125.130.0-255,1484,48444,44,302961
14942,0.000777,172.31.46.0-255,66,48510,44,302961
14943,0.000783,74.125.130.0-255,2902,51412,44,302961
14944,0.000785,172.31.46.0-255,66,51478,44,302961
14945,0.000788,74.125.130.0-255,1484,52962,44,302961
14946,0.000814,74.125.130.0-255,4320,57282,44,302961
14947,0.000817,172.31.46.0-255,66,57348,44,302961
14948,0.00082,74.125.130.0-255,1484,58832,44,302961
14949,0.000854,172.31.46.0-255,66,58898,44,302961
14950,0.000865,172.31.46.0-255,66,58964,44,302961
14951,0.000888,74.125.130.0-255,2184,61148,44,302961
14952,0.00089,172.31.46.0-255,66,61214,44,302961
14953,0.001184,74.125.130.0-255,1484,62698,44,302961
14954,0.0012,74.125.130.0-255,2902,65600,44,302961
14955,0.001203,172.31.46.0-255,66,65666,44,302961
14956,0.001234,74.125.130.0-255,5738,71404,44,302961
14957,0.001237,172.31.46.0-255,66,71470,44,302961
14958,0.00124,74.125.130.0-255,1484,72954,44,302961
14959,0.001263,172.31.46.0-255,66,73020,44,302961
14960,0.001266,74.125.130.0-255,1484,74504,44,302961
14961,0.001296,172.31.46.0-255,66,74570,44,302961
14962,0.003551,74.125.130.0-255,4320,78890,44,302961
14963,0.003568,172.31.46.0-255,66,78956,44,302961
14964,0.003598,74.125.130.0-255,1484,80440,44,302961
14965,0.005808,74.125.130.0-255,4320,84760,44,302961
14966,0.005813,172.31.46.0-255,66,84826,44,302961
14967,0.008067,74.125.130.0-255,5738,90564,44,302961
14968,0.008081,172.31.46.0-255,66,90630,44,302961
14969,0.010345,74.125.130.0-255,5738,96368,44,302961
14970,0.010365,172.31.46.0-255,66,96434,44,302961
14971,0.012644,74.125.130.0-255,5738,102172,44,302961
14972,0.012665,172.31.46.0-255,66,102238,44,302961
14973,0.014924,74.125.130.0-255,5738,107976,44,302961
14974,0.014943,172.31.46.0-255,66,108042,44,302961
14975,0.017211,74.125.130.0-255,5738,113780,44,302961
14976,0.017231,172.31.46.0-255,66,113846,44,302961
14977,0.019507,74.125.130.0-255,5738,119584,44,302961
14978,0.019528,172.31.46.0-255,66,119650,44,302961
14979,0.021793,74.125.130.0-255,5738,125388,44,302961
14980,0.021811,172.31.46.0-255,66,125454,44,302961
14981,0.024105,74.125.130.0-255,5738,131192,44,302961
14982,0.02412,172.31.46.0-255,66,131258,44,302961
14983,0.026412,74.125.130.0-255,5738,136996,44,302961
14984,0.026428,172.31.46.0-255,66,137062,44,302961
14985,0.028695,74.125.130.0-255,5738,142800,44,302961
14986,0.028708,172.31.46.0-255,66,142866,44,302961
14987,0.030976,74.125.130.0-255,5738,148604,44,302961
14988,0.030996,172.31.46.0-255,66,148670,44,302961
14989,0.033263,74.125.130.0-255,5738,154408,44,302961
14990,0.033282,172.31.46.0-255,66,154474,44,302961
14991,0.035553,74.125.130.0-255,5738,160212,44,302961
14992,0.035571,172.31.46.0-255,66,160278,44,302961
14993,0.037835,74.125.130.0-255,5738,166016,44,302961
14994,0.037846,172.31.46.0-255,66,166082,44,302961
14995,0.038211,172.31.46.0-255,172,166254,44,302961
14996,0.038243,172.31.46.0-255,1109,167363,44,302961
14997,0.038332,172.31.46.0-255,1514,168877,44,302961
14998,0.038334,172.31.46.0-255,1514,170391,44,302961
14999,0.03834,172.31.46.0-255,1514,171905,44,302961
15000,0.038341,172.31.46.0-255,1514,173419,44,302961
15001,0.038365,172.31.46.0-255,1514,174933,44,302961
15002,0.038367,172.31.46.0-255,76,175009,44,302961
15003,0.039766,104.244.42.0-255,66,175075,44,302961
15004,0.039783,104.244.42.0-255,66,175141,44,302961
15005,0.039896,104.244.42.0-255,66,175207,44,302961
15006,0.039904,104.244.42.0-255,66,175273,44,302961
15007,0.040086,74.125.130.0-255,5738,181011,44,302961
15008,0.040098,172.31.46.0-255,66,181077,44,302961
15009,0.04237,74.125.130.0-255,5738,186815,44,302961
15010,0.042388,172.31.46.0-255,66,186881,44,302961
15011,0.044665,74.125.130.0-255,5738,192619,44,302961
15012,0.044687,172.31.46.0-255,66,192685,44,302961
15013,0.046954,74.125.130.0-255,5738,198423,44,302961
15014,0.046969,172.31.46.0-255,66,198489,44,302961
15015,0.049258,74.125.130.0-255,5738,204227,44,302961
15016,0.049274,172.31.46.0-255,66,204293,44,302961
15017,0.051528,74.125.130.0-255,5738,210031,44,302961
15018,0.051539,172.31.46.0-255,66,210097,44,302961
15019,0.053793,74.125.130.0-255,5738,215835,44,302961
15020,0.053804,172.31.46.0-255,66,215901,44,302961
15021,0.056066,74.125.130.0-255,5738,221639,44,302961
15022,0.056075,172.31.46.0-255,66,221705,44,302961
15023,0.058336,74.125.130.0-255,5738,227443,44,302961
15024,0.058347,172.31.46.0-255,66,227509,44,302961
15025,0.060612,74.125.130.0-255,5738,233247,44,302961
15026,0.060619,172.31.46.0-255,66,233313,44,302961
15027,0.062862,74.125.130.0-255,5738,239051,44,302961
15028,0.062875,172.31.46.0-255,66,239117,44,302961
15029,0.065148,74.125.130.0-255,5738,244855,44,302961
15030,0.065159,172.31.46.0-255,66,244921,44,302961
15031,0.067418,74.125.130.0-255,5738,250659,44,302961
15032,0.067428,172.31.46.0-255,66,250725,44,302961
15033,0.069695,74.125.130.0-255,5738,256463,44,302961
15034,0.069702,172.31.46.0-255,66,256529,44,302961
15035,0.071968,74.125.130.0-255,5738,262267,44,302961
15036,0.071975,172.31.46.0-255,66,262333,44,302961
15037,0.074221,74.125.130.0-255,5738,268071,44,302961
15038,0.074228,172.31.46.0-255,66,268137,44,302961
15039,0.076526,74.125.130.0-255,5738,273875,44,302961
15040,0.076533,172.31.46.0-255,66,273941,44,302961
15041,0.078787,74.125.130.0-255,5738,279679,44,302961
15042,0.078793,172.31.46.0-255,66,279745,44,302961
15043,0.081052,74.125.130.0-255,5738,285483,44,302961
15044,0.081059,172.31.46.0-255,66,285549,44,302961
15045,0.083314,74.125.130.0-255,5738,291287,44,302961
15046,0.083321,172.31.46.0-255,66,291353,44,302961
15047,0.085586,74.125.130.0-255,5738,297091,44,302961
15048,0.085593,172.31.46.0-255,66,297157,44,302961
15049,0.087849,74.125.130.0-255,5738,302895,44,302961
15050,0.087855,172.31.46.0-255,66,302961,44,302961
15051,0.0,104.244.42.0-255,66,66,44,66
15052,0.0,74.125.68.0-255,153,153,44,392116
15053,2.1e-05,172.31.46.0-255,66,219,44,392116
15054,2.9e-05,74.125.68.0-255,1484,1703,44,392116
15055,3.3e-05,172.31.46.0-255,66,1769,44,392116
15056,4.6e-05,74.125.68.0-255,2902,4671,44,392116
15057,5e-05,172.31.46.0-255,66,4737,44,392116
15058,8.6e-05,74.125.68.0-255,4320,9057,44,392116
15059,9e-05,172.31.46.0-255,66,9123,44,392116
15060,9.7e-05,74.125.68.0-255,4843,13966,44,392116
15061,9.9e-05,172.31.46.0-255,66,14032,44,392116
15062,0.000107,74.125.68.0-255,1484,15516,44,392116
15063,0.000109,172.31.46.0-255,66,15582,44,392116
15064,0.000138,74.125.68.0-255,2902,18484,44,392116
15065,0.00014,172.31.46.0-255,66,18550,44,392116
15066,0.000146,74.125.68.0-255,5738,24288,44,392116
15067,0.000148,172.31.46.0-255,66,24354,44,392116
15068,0.000155,74.125.68.0-255,1484,25838,44,392116
15069,0.000157,172.31.46.0-255,66,25904,44,392116
15070,0.000209,74.125.68.0-255,5379,31283,44,392116
15071,0.000212,172.31.46.0-255,66,31349,44,392116
15072,0.000295,74.125.68.0-255,1484,32833,44,392116
15073,0.000298,172.31.46.0-255,66,32899,44,392116
15074,0.000327,74.125.68.0-255,2902,35801,44,392116
15075,0.00033,172.31.46.0-255,66,35867,44,392116
15076,0.000358,74.125.68.0-255,5738,41605,44,392116
15077,0.000361,172.31.46.0-255,66,41671,44,392116
15078,0.000365,74.125.68.0-255,1484,43155,44,392116
15079,0.000367,172.31.46.0-255,66,43221,44,392116
15080,0.000371,74.125.68.0-255,2902,46123,44,392116
15081,0.000373,172.31.46.0-255,66,46189,44,392116
15082,0.000399,74.125.68.0-255,2543,48732,44,392116
15083,0.000406,172.31.46.0-255,66,48798,44,392116
15084,0.000755,74.125.68.0-255,1484,50282,44,392116
15085,0.000761,74.125.68.0-255,1484,51766,44,392116
15086,0.000765,172.31.46.0-255,66,51832,44,392116
15087,0.00077,74.125.68.0-255,2902,54734,44,392116
15088,0.000773,172.31.46.0-255,66,54800,44,392116
15089,0.000826,74.125.68.0-255,2902,57702,44,392116
15090,0.00083,172.31.46.0-255,66,57768,44,392116
15091,0.000859,74.125.68.0-255,4320,62088,44,392116
15092,0.000862,172.31.46.0-255,66,62154,44,392116
15093,0.000868,74.125.68.0-255,3961,66115,44,392116
15094,0.00087,172.31.46.0-255,66,66181,44,392116
15095,0.000917,74.125.68.0-255,1484,67665,44,392116
15096,0.000936,74.125.68.0-255,2902,70567,44,392116
15097,0.000939,172.31.46.0-255,66,70633,44,392116
15098,0.000965,74.125.68.0-255,5738,76371,44,392116
15099,0.000969,74.125.68.0-255,2902,79273,44,392116
15100,0.000988,172.31.46.0-255,66,79339,44,392116
15101,0.00099,172.31.46.0-255,66,79405,44,392116
15102,0.001026,74.125.68.0-255,7156,86561,44,392116
15103,0.001029,172.31.46.0-255,66,86627,44,392116
15104,0.001055,74.125.68.0-255,3961,90588,44,392116
15105,0.001057,172.31.46.0-255,66,90654,44,392116
15106,0.001063,74.125.68.0-255,4320,94974,44,392116
15107,0.001065,172.31.46.0-255,66,95040,44,392116
15108,0.001103,74.125.68.0-255,5379,100419,44,392116
15109,0.001107,172.31.46.0-255,66,100485,44,392116
15110,0.001375,74.125.68.0-255,1484,101969,44,392116
15111,0.001381,74.125.68.0-255,2902,104871,44,392116
15112,0.001384,172.31.46.0-255,66,104937,44,392116
15113,0.001409,74.125.68.0-255,5738,110675,44,392116
15114,0.001412,172.31.46.0-255,66,110741,44,392116
15115,0.001441,74.125.68.0-255,2902,113643,44,392116
15116,0.001444,172.31.46.0-255,66,113709,44,392116
15117,0.00145,74.125.68.0-255,3846,117555,44,392116
15118,0.001451,172.31.46.0-255,66,117621,44,392116
15119,0.001472,74.125.68.0-255,1484,119105,44,392116
15120,0.001498,74.125.68.0-255,7156,126261,44,392116
15121,0.001501,172.31.46.0-255,66,126327,44,392116
15122,0.001504,74.125.68.0-255,1484,127811,44,392116
15123,0.001542,172.31.46.0-255,66,127877,44,392116
15124,0.001546,74.125.68.0-255,2902,130779,44,392116
15125,0.001549,172.31.46.0-255,66,130845,44,392116
15126,0.00157,74.125.68.0-255,4320,135165,44,392116
15127,0.001573,172.31.46.0-255,66,135231,44,392116
15128,0.001588,172.31.46.0-255,66,135297,44,392116
15129,0.001698,74.125.68.0-255,1484,136781,44,392116
15130,0.001704,74.125.68.0-255,2902,139683,44,392116
15131,0.001707,172.31.46.0-255,66,139749,44,392116
15132,0.001734,74.125.68.0-255,5738,145487,44,392116
15133,0.001736,172.31.46.0-255,66,145553,44,392116
15134,0.001766,74.125.68.0-255,7156,152709,44,392116
15135,0.001768,172.31.46.0-255,66,152775,44,392116
15136,0.001771,74.125.68.0-255,402,153177,44,392116
15137,0.001825,74.125.68.0-255,1484,154661,44,392116
15138,0.001829,172.31.46.0-255,66,154727,44,392116
15139,0.001833,74.125.68.0-255,1484,156211,44,392116
15140,0.001837,74.125.68.0-255,1484,157695,44,392116
15141,0.001838,172.31.46.0-255,66,157761,44,392116
15142,0.001869,74.125.68.0-255,1484,159245,44,392116
15143,0.001876,74.125.68.0-255,5738,164983,44,392116
15144,0.001879,172.31.46.0-255,66,165049,44,392116
15145,0.001921,74.125.68.0-255,1484,166533,44,392116
15146,0.001947,74.125.68.0-255,4320,170853,44,392116
15147,0.00195,172.31.46.0-255,66,170919,44,392116
15148,0.001957,74.125.68.0-255,7156,178075,44,392116
15149,0.001959,172.31.46.0-255,66,178141,44,392116
15150,0.001965,74.125.68.0-255,4320,182461,44,392116
15151,0.001973,172.31.46.0-255,66,182527,44,392116
15152,0.002003,74.125.68.0-255,4320,186847,44,392116
15153,0.002006,172.31.46.0-255,66,186913,44,392116
15154,0.002013,74.125.68.0-255,766,187679,44,392116
15155,0.002016,74.125.68.0-255,1484,189163,44,392116
15156,0.002018,172.31.46.0-255,66,189229,44,392116
15157,0.002029,74.125.68.0-255,1484,190713,44,392116
15158,0.002051,74.125.68.0-255,2902,193615,44,392116
15159,0.002054,172.31.46.0-255,66,193681,44,392116
15160,0.002057,74.125.68.0-255,1484,195165,44,392116
15161,0.002095,74.125.68.0-255,4320,199485,44,392116
15162,0.002101,74.125.68.0-255,4320,203805,44,392116
15163,0.002106,74.125.68.0-255,5738,209543,44,392116
15164,0.002111,172.31.46.0-255,66,209609,44,392116
15165,0.002114,172.31.46.0-255,66,209675,44,392116
15166,0.002117,172.31.46.0-255,66,209741,44,392116
15167,0.002137,74.125.68.0-255,4320,214061,44,392116
15168,0.002144,172.31.46.0-255,66,214127,44,392116
15169,0.002173,74.125.68.0-255,7156,221283,44,392116
15170,0.002176,172.31.46.0-255,66,221349,44,392116
15171,0.002179,74.125.68.0-255,766,222115,44,392116
15172,0.004414,74.125.68.0-255,4320,226435,44,392116
15173,0.004428,172.31.46.0-255,66,226501,44,392116
15174,0.006677,74.125.68.0-255,5738,232239,44,392116
15175,0.006685,172.31.46.0-255,66,232305,44,392116
15176,0.00896,74.125.68.0-255,5738,238043,44,392116
15177,0.008977,172.31.46.0-255,66,238109,44,392116
15178,0.011217,74.125.68.0-255,5738,243847,44,392116
15179,0.011225,172.31.46.0-255,66,243913,44,392116
15180,0.013531,74.125.68.0-255,5738,249651,44,392116
15181,0.013539,172.31.46.0-255,66,249717,44,392116
15182,0.015794,74.125.68.0-255,5738,255455,44,392116
15183,0.015803,172.31.46.0-255,66,255521,44,392116
15184,0.018055,74.125.68.0-255,5738,261259,44,392116
15185,0.018063,172.31.46.0-255,66,261325,44,392116
15186,0.020301,74.125.68.0-255,5738,267063,44,392116
15187,0.020311,172.31.46.0-255,66,267129,44,392116
15188,0.022555,74.125.68.0-255,5738,272867,44,392116
15189,0.022569,172.31.46.0-255,66,272933,44,392116
15190,0.024817,74.125.68.0-255,5738,278671,44,392116
15191,0.024826,172.31.46.0-255,66,278737,44,392116
15192,0.027097,74.125.68.0-255,5738,284475,44,392116
15193,0.027109,172.31.46.0-255,66,284541,44,392116
15194,0.029364,74.125.68.0-255,5738,290279,44,392116
15195,0.029377,172.31.46.0-255,66,290345,44,392116
15196,0.031636,74.125.68.0-255,5738,296083,44,392116
15197,0.031646,172.31.46.0-255,66,296149,44,392116
15198,0.033897,74.125.68.0-255,5738,301887,44,392116
15199,0.033907,172.31.46.0-255,66,301953,44,392116
15200,0.036168,74.125.68.0-255,5738,307691,44,392116
15201,0.036186,172.31.46.0-255,66,307757,44,392116
15202,0.038445,74.125.68.0-255,5738,313495,44,392116
15203,0.038463,172.31.46.0-255,66,313561,44,392116
15204,0.040721,74.125.68.0-255,5738,319299,44,392116
15205,0.040745,172.31.46.0-255,66,319365,44,392116
15206,0.043004,74.125.68.0-255,5738,325103,44,392116
15207,0.043022,172.31.46.0-255,66,325169,44,392116
15208,0.045276,74.125.68.0-255,5738,330907,44,392116
15209,0.045287,172.31.46.0-255,66,330973,44,392116
15210,0.04575,172.31.46.0-255,172,331145,44,392116
15211,0.045782,172.31.46.0-255,1114,332259,44,392116
15212,0.045884,172.31.46.0-255,1514,333773,44,392116
15213,0.045886,172.31.46.0-255,1514,335287,44,392116
15214,0.04589,172.31.46.0-255,1514,336801,44,392116
15215,0.045892,172.31.46.0-255,1514,338315,44,392116
15216,0.045916,172.31.46.0-255,1514,339829,44,392116
15217,0.045921,172.31.46.0-255,71,339900,44,392116
15218,0.0473,104.244.42.0-255,66,339966,44,392116
15219,0.047312,104.244.42.0-255,66,340032,44,392116
15220,0.047452,104.244.42.0-255,66,340098,44,392116
15221,0.04746,104.244.42.0-255,66,340164,44,392116
15222,0.04752,74.125.68.0-255,4320,344484,44,392116
15223,0.047527,172.31.46.0-255,66,344550,44,392116
15224,0.047554,74.125.68.0-255,1484,346034,44,392116
15225,0.049784,74.125.68.0-255,4320,350354,44,392116
15226,0.049797,172.31.46.0-255,66,350420,44,392116
15227,0.05081,104.244.42.0-255,108,350528,44,392116
15228,0.050824,172.31.46.0-255,66,350594,44,392116
15229,0.052078,74.125.68.0-255,5738,356332,44,392116
15230,0.052083,172.31.46.0-255,66,356398,44,392116
15231,0.05436,74.125.68.0-255,5738,362136,44,392116
15232,0.054374,172.31.46.0-255,66,362202,44,392116
15233,0.056662,74.125.68.0-255,5738,367940,44,392116
15234,0.05668,172.31.46.0-255,66,368006,44,392116
15235,0.058931,74.125.68.0-255,5738,373744,44,392116
15236,0.058941,172.31.46.0-255,66,373810,44,392116
15237,0.061187,74.125.68.0-255,5738,379548,44,392116
15238,0.061197,172.31.46.0-255,66,379614,44,392116
15239,0.063448,74.125.68.0-255,5738,385352,44,392116
15240,0.063455,172.31.46.0-255,66,385418,44,392116
15241,0.065719,74.125.68.0-255,5738,391156,44,392116
15242,0.065732,172.31.46.0-255,66,391222,44,392116
15243,0.06796,74.125.68.0-255,657,391879,44,392116
15244,0.068143,172.31.46.0-255,66,391945,44,392116
15245,0.068184,172.31.46.0-255,105,392050,44,392116
15246,0.070383,74.125.68.0-255,66,392116,44,392116
15247,0.0,74.125.24.0-255,152,152,44,279459
15248,1.7e-05,172.31.46.0-255,66,218,44,279459
15249,2.4e-05,74.125.24.0-255,1484,1702,44,279459
15250,2.7e-05,172.31.46.0-255,66,1768,44,279459
15251,3.3e-05,74.125.24.0-255,2902,4670,44,279459
15252,3.6e-05,172.31.46.0-255,66,4736,44,279459
15253,4.1e-05,74.125.24.0-255,4320,9056,44,279459
15254,4.3e-05,172.31.46.0-255,66,9122,44,279459
15255,8.6e-05,74.125.24.0-255,4929,14051,44,279459
15256,8.9e-05,172.31.46.0-255,66,14117,44,279459
15257,0.000109,74.125.24.0-255,5738,19855,44,279459
15258,0.000111,172.31.46.0-255,66,19921,44,279459
15259,0.000159,172.31.46.0-255,66,19987,44,279459
15260,0.000176,74.125.24.0-255,1125,21112,44,279459
15261,0.000178,172.31.46.0-255,66,21178,44,279459
15262,0.00023,74.125.24.0-255,1484,22662,44,279459
15263,0.000233,172.31.46.0-255,66,22728,44,279459
15264,0.000237,74.125.24.0-255,2902,25630,44,279459
15265,0.000239,172.31.46.0-255,66,25696,44,279459
15266,0.000253,74.125.24.0-255,5738,31434,44,279459
15267,0.000255,172.31.46.0-255,66,31500,44,279459
15268,0.000295,74.125.24.0-255,5738,37238,44,279459
15269,0.000298,172.31.46.0-255,66,37304,44,279459
15270,0.000315,74.125.24.0-255,1125,38429,44,279459
15271,0.000317,172.31.46.0-255,66,38495,44,279459
15272,0.000324,74.125.24.0-255,7156,45651,44,279459
15273,0.000326,172.31.46.0-255,66,45717,44,279459
15274,0.000347,74.125.24.0-255,2902,48619,44,279459
15275,0.000349,172.31.46.0-255,66,48685,44,279459
15276,0.000372,74.125.24.0-255,7091,55776,44,279459
15277,0.000374,172.31.46.0-255,66,55842,44,279459
15278,0.000403,74.125.24.0-255,384,56226,44,279459
15279,0.000675,74.125.24.0-255,1484,57710,44,279459
15280,0.000679,172.31.46.0-255,66,57776,44,279459
15281,0.000684,74.125.24.0-255,2902,60678,44,279459
15282,0.000686,172.31.46.0-255,66,60744,44,279459
15283,0.000692,74.125.24.0-255,5738,66482,44,279459
15284,0.000694,172.31.46.0-255,66,66548,44,279459
15285,0.00072,74.125.24.0-255,7156,73704,44,279459
15286,0.000722,172.31.46.0-255,66,73770,44,279459
15287,0.000743,74.125.24.0-255,5738,79508,44,279459
15288,0.000745,172.31.46.0-255,66,79574,44,279459
15289,0.000762,74.125.24.0-255,1484,81058,44,279459
15290,0.000779,172.31.46.0-255,66,81124,44,279459
15291,0.00099,74.125.24.0-255,1484,82608,44,279459
15292,0.000996,74.125.24.0-255,2902,85510,44,279459
15293,0.000998,172.31.46.0-255,66,85576,44,279459
15294,0.001001,74.125.24.0-255,1484,87060,44,279459
15295,0.001017,74.125.24.0-255,4320,91380,44,279459
15296,0.001025,172.31.46.0-255,101,91481,44,279459
15297,0.001028,74.125.24.0-255,2902,94383,44,279459
15298,0.001032,172.31.46.0-255,66,94449,44,279459
15299,0.001034,172.31.46.0-255,66,94515,44,279459
15300,0.001049,172.31.46.0-255,66,94581,44,279459
15301,0.00107,74.125.24.0-255,1484,96065,44,279459
15302,0.001081,172.31.46.0-255,66,96131,44,279459
15303,0.001303,74.125.24.0-255,1484,97615,44,279459
15304,0.001308,74.125.24.0-255,2902,100517,44,279459
15305,0.001311,172.31.46.0-255,66,100583,44,279459
15306,0.001318,74.125.24.0-255,5738,106321,44,279459
15307,0.00132,172.31.46.0-255,66,106387,44,279459
15308,0.001359,172.31.46.0-255,66,106453,44,279459
15309,0.001364,74.125.24.0-255,2902,109355,44,279459
15310,0.001365,172.31.46.0-255,66,109421,44,279459
15311,0.001385,172.31.46.0-255,66,109487,44,279459
15312,0.001526,74.125.24.0-255,1484,110971,44,279459
15313,0.00153,74.125.24.0-255,2902,113873,44,279459
15314,0.001533,172.31.46.0-255,66,113939,44,279459
15315,0.001554,74.125.24.0-255,5738,119677,44,279459
15316,0.001556,172.31.46.0-255,66,119743,44,279459
15317,0.001588,172.31.46.0-255,66,119809,44,279459
15318,0.001591,74.125.24.0-255,1484,121293,44,279459
15319,0.001623,74.125.24.0-255,5738,127031,44,279459
15320,0.001627,172.31.46.0-255,66,127097,44,279459
15321,0.001644,74.125.24.0-255,3602,130699,44,279459
15322,0.001646,172.31.46.0-255,66,130765,44,279459
15323,0.001917,74.125.24.0-255,1484,132249,44,279459
15324,0.001922,74.125.24.0-255,2902,135151,44,279459
15325,0.001924,172.31.46.0-255,66,135217,44,279459
15326,0.001945,74.125.24.0-255,5738,140955,44,279459
15327,0.001947,172.31.46.0-255,66,141021,44,279459
15328,0.001986,172.31.46.0-255,66,141087,44,279459
15329,0.002043,172.31.46.0-255,66,141153,44,279459
15330,0.002076,74.125.24.0-255,5738,146891,44,279459
15331,0.002078,172.31.46.0-255,66,146957,44,279459
15332,0.002094,74.125.24.0-255,4320,151277,44,279459
15333,0.002096,172.31.46.0-255,66,151343,44,279459
15334,0.002111,74.125.24.0-255,4320,155663,44,279459
15335,0.002113,172.31.46.0-255,66,155729,44,279459
15336,0.002146,74.125.24.0-255,7156,162885,44,279459
15337,0.002149,172.31.46.0-255,66,162951,44,279459
15338,0.002158,172.31.46.0-255,66,163017,44,279459
15339,0.002176,74.125.24.0-255,3602,166619,44,279459
15340,0.002179,172.31.46.0-255,66,166685,44,279459
15341,0.002226,74.125.24.0-255,4320,171005,44,279459
15342,0.002229,172.31.46.0-255,66,171071,44,279459
15343,0.002252,74.125.24.0-255,5738,176809,44,279459
15344,0.002254,172.31.46.0-255,66,176875,44,279459
15345,0.002287,172.31.46.0-255,66,176941,44,279459
15346,0.002293,74.125.24.0-255,5738,182679,44,279459
15347,0.002295,172.31.46.0-255,66,182745,44,279459
15348,0.002344,74.125.24.0-255,6438,189183,44,279459
15349,0.002348,172.31.46.0-255,66,189249,44,279459
15350,0.002412,74.125.24.0-255,1484,190733,44,279459
15351,0.002429,74.125.24.0-255,2902,193635,44,279459
15352,0.002432,172.31.46.0-255,66,193701,44,279459
15353,0.002453,74.125.24.0-255,5738,199439,44,279459
15354,0.002456,172.31.46.0-255,66,199505,44,279459
15355,0.002469,74.125.24.0-255,5738,205243,44,279459
15356,0.002472,172.31.46.0-255,66,205309,44,279459
15357,0.002494,74.125.24.0-255,7156,212465,44,279459
15358,0.002497,172.31.46.0-255,66,212531,44,279459
15359,0.002503,74.125.24.0-255,5738,218269,44,279459
15360,0.002505,172.31.46.0-255,66,218335,44,279459
15361,0.002536,74.125.24.0-255,5020,223355,44,279459
15362,0.002552,172.31.46.0-255,66,223421,44,279459
15363,0.002574,74.125.24.0-255,5738,229159,44,279459
15364,0.002577,172.31.46.0-255,66,229225,44,279459
15365,0.002597,74.125.24.0-255,4320,233545,44,279459
15366,0.002599,172.31.46.0-255,66,233611,44,279459
15367,0.00261,74.125.24.0-255,1484,235095,44,279459
15368,0.002636,172.31.46.0-255,66,235161,44,279459
15369,0.002641,74.125.24.0-255,4320,239481,44,279459
15370,0.002643,172.31.46.0-255,66,239547,44,279459
15371,0.002659,74.125.24.0-255,4320,243867,44,279459
15372,0.002662,172.31.46.0-255,66,243933,44,279459
15373,0.002664,74.125.24.0-255,1484,245417,44,279459
15374,0.002669,74.125.24.0-255,3602,249019,44,279459
15375,0.002672,172.31.46.0-255,66,249085,44,279459
15376,0.002674,74.125.24.0-255,1484,250569,44,279459
15377,0.002677,74.125.24.0-255,1484,252053,44,279459
15378,0.002679,172.31.46.0-255,66,252119,44,279459
15379,0.002683,74.125.24.0-255,2902,255021,44,279459
15380,0.002685,172.31.46.0-255,66,255087,44,279459
15381,0.002721,74.125.24.0-255,5738,260825,44,279459
15382,0.002724,172.31.46.0-255,66,260891,44,279459
15383,0.002747,172.31.46.0-255,66,260957,44,279459
15384,0.002752,74.125.24.0-255,4320,265277,44,279459
15385,0.002754,172.31.46.0-255,66,265343,44,279459
15386,0.002756,74.125.24.0-255,1484,266827,44,279459
15387,0.002791,74.125.24.0-255,2902,269729,44,279459
15388,0.002795,172.31.46.0-255,66,269795,44,279459
15389,0.002824,172.31.46.0-255,66,269861,44,279459
15390,0.002869,74.125.24.0-255,105,269966,44,279459
15391,0.003556,74.125.24.0-255,66,270032,44,279459
15392,0.008214,172.31.46.0-255,105,270137,44,279459
15393,0.010768,74.125.24.0-255,66,270203,44,279459
15394,0.034424,172.31.46.0-255,172,270375,44,279459
15395,0.034457,172.31.46.0-255,1114,271489,44,279459
15396,0.034527,172.31.46.0-255,1514,273003,44,279459
15397,0.034529,172.31.46.0-255,1514,274517,44,279459
15398,0.034535,172.31.46.0-255,1514,276031,44,279459
15399,0.034536,172.31.46.0-255,1514,277545,44,279459
15400,0.034583,172.31.46.0-255,1514,279059,44,279459
15401,0.034584,172.31.46.0-255,70,279129,44,279459
15402,0.035936,104.244.42.0-255,66,279195,44,279459
15403,0.035946,104.244.42.0-255,66,279261,44,279459
15404,0.036086,104.244.42.0-255,66,279327,44,279459
15405,0.036091,104.244.42.0-255,66,279393,44,279459
15406,0.036093,104.244.42.0-255,66,279459,44,279459
15407,0.0,172.217.24.0-255,150,150,44,380705
15408,2.3e-05,172.31.46.0-255,66,216,44,380705
15409,3.1e-05,172.217.24.0-255,1484,1700,44,380705
15410,3.6e-05,172.31.46.0-255,66,1766,44,380705
15411,4.1e-05,172.217.24.0-255,2902,4668,44,380705
15412,4.5e-05,172.31.46.0-255,66,4734,44,380705
15413,5.3e-05,172.217.24.0-255,7156,11890,44,380705
15414,5.6e-05,172.31.46.0-255,66,11956,44,380705
15415,6.1e-05,172.217.24.0-255,2013,13969,44,380705
15416,6.4e-05,172.31.46.0-255,66,14035,44,380705
15417,0.000253,172.217.24.0-255,1484,15519,44,380705
15418,0.000258,172.31.46.0-255,66,15585,44,380705
15419,0.000265,172.217.24.0-255,2902,18487,44,380705
15420,0.000268,172.31.46.0-255,66,18553,44,380705
15421,0.000289,172.217.24.0-255,2902,21455,44,380705
15422,0.000292,172.31.46.0-255,66,21521,44,380705
15423,0.000314,172.217.24.0-255,2902,24423,44,380705
15424,0.000316,172.31.46.0-255,66,24489,44,380705
15425,0.000322,172.217.24.0-255,4320,28809,44,380705
15426,0.000324,172.31.46.0-255,66,28875,44,380705
15427,0.000352,172.217.24.0-255,2543,31418,44,380705
15428,0.000355,172.31.46.0-255,66,31484,44,380705
15429,0.000582,172.217.24.0-255,1484,32968,44,380705
15430,0.000586,172.31.46.0-255,66,33034,44,380705
15431,0.000592,172.217.24.0-255,2902,35936,44,380705
15432,0.000595,172.31.46.0-255,66,36002,44,380705
15433,0.000601,172.217.24.0-255,5738,41740,44,380705
15434,0.000604,172.31.46.0-255,66,41806,44,380705
15435,0.00061,172.217.24.0-255,4320,46126,44,380705
15436,0.000612,172.31.46.0-255,66,46192,44,380705
15437,0.000641,172.217.24.0-255,1484,47676,44,380705
15438,0.000644,172.31.46.0-255,66,47742,44,380705
15439,0.000652,172.217.24.0-255,6797,54539,44,380705
15440,0.000654,172.31.46.0-255,66,54605,44,380705
15441,0.000671,172.217.24.0-255,7156,61761,44,380705
15442,0.000674,172.31.46.0-255,66,61827,44,380705
15443,0.000699,172.217.24.0-255,3961,65788,44,380705
15444,0.000703,172.31.46.0-255,66,65854,44,380705
15445,0.000772,172.217.24.0-255,395,66249,44,380705
15446,0.001083,172.31.46.0-255,66,66315,44,380705
15447,0.001415,172.217.24.0-255,350,66665,44,380705
15448,0.001637,172.217.24.0-255,1484,68149,44,380705
15449,0.001643,172.31.46.0-255,66,68215,44,380705
15450,0.001651,172.217.24.0-255,2902,71117,44,380705
15451,0.001653,172.31.46.0-255,66,71183,44,380705
15452,0.00166,172.217.24.0-255,5738,76921,44,380705
15453,0.001662,172.31.46.0-255,66,76987,44,380705
15454,0.001696,172.217.24.0-255,6797,83784,44,380705
15455,0.001699,172.31.46.0-255,66,83850,44,380705
15456,0.001707,172.217.24.0-255,7156,91006,44,380705
15457,0.001709,172.31.46.0-255,66,91072,44,380705
15458,0.001727,172.217.24.0-255,7156,98228,44,380705
15459,0.001729,172.31.46.0-255,66,98294,44,380705
15460,0.001766,172.217.24.0-255,1484,99778,44,380705
15461,0.001815,172.217.24.0-255,1125,100903,44,380705
15462,0.001819,172.31.46.0-255,66,100969,44,380705
15463,0.00186,172.217.24.0-255,1484,102453,44,380705
15464,0.001878,172.217.24.0-255,2902,105355,44,380705
15465,0.00188,172.31.46.0-255,66,105421,44,380705
15466,0.001916,172.217.24.0-255,1484,106905,44,380705
15467,0.00192,172.217.24.0-255,1484,108389,44,380705
15468,0.001922,172.31.46.0-255,66,108455,44,380705
15469,0.001936,172.217.24.0-255,1484,109939,44,380705
15470,0.001947,172.217.24.0-255,1484,111423,44,380705
15471,0.001949,172.31.46.0-255,66,111489,44,380705
15472,0.003846,172.217.24.0-255,2902,114391,44,380705
15473,0.003849,172.31.46.0-255,66,114457,44,380705
15474,0.003865,172.217.24.0-255,2902,117359,44,380705
15475,0.003868,172.31.46.0-255,66,117425,44,380705
15476,0.005777,172.217.24.0-255,4320,121745,44,380705
15477,0.00578,172.31.46.0-255,66,121811,44,380705
15478,0.005793,172.217.24.0-255,1484,123295,44,380705
15479,0.007709,172.217.24.0-255,4320,127615,44,380705
15480,0.007716,172.31.46.0-255,66,127681,44,380705
15481,0.009649,172.217.24.0-255,5738,133419,44,380705
15482,0.009657,172.31.46.0-255,66,133485,44,380705
15483,0.011592,172.217.24.0-255,5738,139223,44,380705
15484,0.011601,172.31.46.0-255,66,139289,44,380705
15485,0.013536,172.217.24.0-255,5738,145027,44,380705
15486,0.013544,172.31.46.0-255,66,145093,44,380705
15487,0.015488,172.217.24.0-255,5738,150831,44,380705
15488,0.015499,172.31.46.0-255,66,150897,44,380705
15489,0.017432,172.217.24.0-255,5738,156635,44,380705
15490,0.01744,172.31.46.0-255,66,156701,44,380705
15491,0.019371,172.217.24.0-255,5738,162439,44,380705
15492,0.019378,172.31.46.0-255,66,162505,44,380705
15493,0.021311,172.217.24.0-255,5738,168243,44,380705
15494,0.021319,172.31.46.0-255,66,168309,44,380705
15495,0.023248,172.217.24.0-255,5738,174047,44,380705
15496,0.023255,172.31.46.0-255,66,174113,44,380705
15497,0.025191,172.217.24.0-255,5738,179851,44,380705
15498,0.025199,172.31.46.0-255,66,179917,44,380705
15499,0.027135,172.217.24.0-255,5738,185655,44,380705
15500,0.027146,172.31.46.0-255,66,185721,44,380705
15501,0.029076,172.217.24.0-255,5738,191459,44,380705
15502,0.029086,172.31.46.0-255,66,191525,44,380705
15503,0.031025,172.217.24.0-255,5738,197263,44,380705
15504,0.031034,172.31.46.0-255,66,197329,44,380705
15505,0.03259,172.31.46.0-255,172,197501,44,380705
15506,0.032622,172.31.46.0-255,1115,198616,44,380705
15507,0.032686,172.31.46.0-255,1514,200130,44,380705
15508,0.032688,172.31.46.0-255,1514,201644,44,380705
15509,0.032689,172.31.46.0-255,1514,203158,44,380705
15510,0.03269,172.31.46.0-255,1514,204672,44,380705
15511,0.032717,172.31.46.0-255,1514,206186,44,380705
15512,0.032722,172.31.46.0-255,69,206255,44,380705
15513,0.032968,172.217.24.0-255,5738,211993,44,380705
15514,0.032975,172.31.46.0-255,66,212059,44,380705
15515,0.034092,104.244.42.0-255,66,212125,44,380705
15516,0.03411,104.244.42.0-255,66,212191,44,380705
15517,0.034225,104.244.42.0-255,66,212257,44,380705
15518,0.034231,104.244.42.0-255,66,212323,44,380705
15519,0.034234,104.244.42.0-255,66,212389,44,380705
15520,0.034904,172.217.24.0-255,5738,218127,44,380705
15521,0.034912,172.31.46.0-255,66,218193,44,380705
15522,0.036855,172.217.24.0-255,5738,223931,44,380705
15523,0.036863,172.31.46.0-255,66,223997,44,380705
15524,0.038804,172.217.24.0-255,5738,229735,44,380705
15525,0.038811,172.31.46.0-255,66,229801,44,380705
15526,0.040749,172.217.24.0-255,5738,235539,44,380705
15527,0.040756,172.31.46.0-255,66,235605,44,380705
15528,0.042704,172.217.24.0-255,5738,241343,44,380705
15529,0.04271,172.31.46.0-255,66,241409,44,380705
15530,0.044644,172.217.24.0-255,5738,247147,44,380705
15531,0.044654,172.31.46.0-255,66,247213,44,380705
15532,0.046598,172.217.24.0-255,5738,252951,44,380705
15533,0.046605,172.31.46.0-255,66,253017,44,380705
15534,0.048544,172.217.24.0-255,5738,258755,44,380705
15535,0.048551,172.31.46.0-255,66,258821,44,380705
15536,0.050538,172.217.24.0-255,5738,264559,44,380705
15537,0.050544,172.31.46.0-255,66,264625,44,380705
15538,0.052487,172.217.24.0-255,5738,270363,44,380705
15539,0.052494,172.31.46.0-255,66,270429,44,380705
15540,0.054437,172.217.24.0-255,5738,276167,44,380705
15541,0.054444,172.31.46.0-255,66,276233,44,380705
15542,0.056368,172.217.24.0-255,5738,281971,44,380705
15543,0.056374,172.31.46.0-255,66,282037,44,380705
15544,0.058318,172.217.24.0-255,5738,287775,44,380705
15545,0.058325,172.31.46.0-255,66,287841,44,380705
15546,0.060265,172.217.24.0-255,5738,293579,44,380705
15547,0.060272,172.31.46.0-255,66,293645,44,380705
15548,0.062203,172.217.24.0-255,5738,299383,44,380705
15549,0.062209,172.31.46.0-255,66,299449,44,380705
15550,0.064141,172.217.24.0-255,5738,305187,44,380705
15551,0.064147,172.31.46.0-255,66,305253,44,380705
15552,0.066088,172.217.24.0-255,5738,310991,44,380705
15553,0.066093,172.31.46.0-255,66,311057,44,380705
15554,0.068024,172.217.24.0-255,5738,316795,44,380705
15555,0.068031,172.31.46.0-255,66,316861,44,380705
15556,0.069967,172.217.24.0-255,5738,322599,44,380705
15557,0.069974,172.31.46.0-255,66,322665,44,380705
15558,0.071908,172.217.24.0-255,5738,328403,44,380705
15559,0.071914,172.31.46.0-255,66,328469,44,380705
15560,0.073848,172.217.24.0-255,5738,334207,44,380705
15561,0.073853,172.31.46.0-255,66,334273,44,380705
15562,0.075798,172.217.24.0-255,5738,340011,44,380705
15563,0.075804,172.31.46.0-255,66,340077,44,380705
15564,0.077732,172.217.24.0-255,5738,345815,44,380705
15565,0.077739,172.31.46.0-255,66,345881,44,380705
15566,0.079669,172.217.24.0-255,5738,351619,44,380705
15567,0.079675,172.31.46.0-255,66,351685,44,380705
15568,0.081601,172.217.24.0-255,5738,357423,44,380705
15569,0.081606,172.31.46.0-255,66,357489,44,380705
15570,0.083538,172.217.24.0-255,5738,363227,44,380705
15571,0.083543,172.31.46.0-255,66,363293,44,380705
15572,0.085477,172.217.24.0-255,5738,369031,44,380705
15573,0.085484,172.31.46.0-255,66,369097,44,380705
15574,0.087423,172.217.24.0-255,5738,374835,44,380705
15575,0.087429,172.31.46.0-255,66,374901,44,380705
15576,0.089364,172.217.24.0-255,5738,380639,44,380705
15577,0.08937,172.31.46.0-255,66,380705,44,380705
15578,0.0,74.125.24.0-255,153,153,44,334666
15579,1.5e-05,172.31.46.0-255,66,219,44,334666
15580,2.2e-05,74.125.24.0-255,1484,1703,44,334666
15581,2.7e-05,172.31.46.0-255,66,1769,44,334666
15582,4e-05,74.125.24.0-255,2902,4671,44,334666
15583,4.3e-05,172.31.46.0-255,66,4737,44,334666
15584,8.3e-05,74.125.24.0-255,7156,11893,44,334666
15585,8.6e-05,172.31.46.0-255,66,11959,44,334666
15586,0.000105,74.125.24.0-255,2100,14059,44,334666
15587,0.000108,172.31.46.0-255,66,14125,44,334666
15588,0.000444,74.125.24.0-255,1484,15609,44,334666
15589,0.000451,172.31.46.0-255,66,15675,44,334666
15590,0.000458,74.125.24.0-255,2902,18577,44,334666
15591,0.000461,172.31.46.0-255,66,18643,44,334666
15592,0.000466,74.125.24.0-255,2902,21545,44,334666
15593,0.000469,172.31.46.0-255,66,21611,44,334666
15594,0.000507,74.125.24.0-255,2902,24513,44,334666
15595,0.00051,172.31.46.0-255,66,24579,44,334666
15596,0.000518,74.125.24.0-255,6797,31376,44,334666
15597,0.000521,172.31.46.0-255,66,31442,44,334666
15598,0.000607,74.125.24.0-255,1484,32926,44,334666
15599,0.000612,172.31.46.0-255,66,32992,44,334666
15600,0.000645,74.125.24.0-255,2902,35894,44,334666
15601,0.000649,172.31.46.0-255,66,35960,44,334666
15602,0.000655,74.125.24.0-255,5738,41698,44,334666
15603,0.000658,172.31.46.0-255,66,41764,44,334666
15604,0.000661,74.125.24.0-255,1484,43248,44,334666
15605,0.000668,172.31.46.0-255,66,43314,44,334666
15606,0.000716,172.31.46.0-255,66,43380,44,334666
15607,0.000728,172.31.46.0-255,66,43446,44,334666
15608,0.000731,74.125.24.0-255,361,43807,44,334666
15609,0.000756,74.125.24.0-255,381,44188,44,334666
15610,0.000929,74.125.24.0-255,1484,45672,44,334666
15611,0.000935,172.31.46.0-255,66,45738,44,334666
15612,0.000944,74.125.24.0-255,2902,48640,44,334666
15613,0.000947,172.31.46.0-255,66,48706,44,334666
15614,0.000956,74.125.24.0-255,2902,51608,44,334666
15615,0.000958,172.31.46.0-255,66,51674,44,334666
15616,0.000999,74.125.24.0-255,2902,54576,44,334666
15617,0.001002,172.31.46.0-255,66,54642,44,334666
15618,0.00101,74.125.24.0-255,6797,61439,44,334666
15619,0.001016,172.31.46.0-255,66,61505,44,334666
15620,0.001024,74.125.24.0-255,7156,68661,44,334666
15621,0.001026,172.31.46.0-255,66,68727,44,334666
15622,0.001032,74.125.24.0-255,5738,74465,44,334666
15623,0.001035,172.31.46.0-255,66,74531,44,334666
15624,0.001069,74.125.24.0-255,3961,78492,44,334666
15625,0.001073,172.31.46.0-255,66,78558,44,334666
15626,0.001096,74.125.24.0-255,1484,80042,44,334666
15627,0.001111,74.125.24.0-255,2902,82944,44,334666
15628,0.001114,172.31.46.0-255,66,83010,44,334666
15629,0.001118,74.125.24.0-255,2902,85912,44,334666
15630,0.00112,172.31.46.0-255,66,85978,44,334666
15631,0.001143,74.125.24.0-255,2902,88880,44,334666
15632,0.001146,172.31.46.0-255,66,88946,44,334666
15633,0.001154,74.125.24.0-255,7156,96102,44,334666
15634,0.001156,172.31.46.0-255,66,96168,44,334666
15635,0.001162,74.125.24.0-255,5738,101906,44,334666
15636,0.001165,172.31.46.0-255,66,101972,44,334666
15637,0.001208,172.31.46.0-255,66,102038,44,334666
15638,0.001212,74.125.24.0-255,2184,104222,44,334666
15639,0.001214,172.31.46.0-255,66,104288,44,334666
15640,0.001273,74.125.24.0-255,1484,105772,44,334666
15641,0.001279,74.125.24.0-255,2902,108674,44,334666
15642,0.001281,172.31.46.0-255,66,108740,44,334666
15643,0.001288,74.125.24.0-255,5738,114478,44,334666
15644,0.00129,172.31.46.0-255,66,114544,44,334666
15645,0.001333,172.31.46.0-255,66,114610,44,334666
15646,0.001379,172.31.46.0-255,66,114676,44,334666
15647,0.001406,74.125.24.0-255,5020,119696,44,334666
15648,0.001409,172.31.46.0-255,66,119762,44,334666
15649,0.001582,74.125.24.0-255,1484,121246,44,334666
15650,0.001588,74.125.24.0-255,2902,124148,44,334666
15651,0.001591,172.31.46.0-255,66,124214,44,334666
15652,0.001594,74.125.24.0-255,1484,125698,44,334666
15653,0.001622,74.125.24.0-255,4320,130018,44,334666
15654,0.001624,172.31.46.0-255,66,130084,44,334666
15655,0.00163,74.125.24.0-255,4320,134404,44,334666
15656,0.001633,172.31.46.0-255,66,134470,44,334666
15657,0.001665,172.31.46.0-255,66,134536,44,334666
15658,0.001677,172.31.46.0-255,66,134602,44,334666
15659,0.001719,74.125.24.0-255,1484,136086,44,334666
15660,0.001724,74.125.24.0-255,2902,138988,44,334666
15661,0.001726,172.31.46.0-255,66,139054,44,334666
15662,0.001764,74.125.24.0-255,5738,144792,44,334666
15663,0.001768,172.31.46.0-255,66,144858,44,334666
15664,0.001776,74.125.24.0-255,7156,152014,44,334666
15665,0.001778,172.31.46.0-255,66,152080,44,334666
15666,0.001806,74.125.24.0-255,7156,159236,44,334666
15667,0.001809,172.31.46.0-255,66,159302,44,334666
15668,0.00183,74.125.24.0-255,5738,165040,44,334666
15669,0.001833,172.31.46.0-255,66,165106,44,334666
15670,0.001836,74.125.24.0-255,1484,166590,44,334666
15671,0.001866,74.125.24.0-255,2184,168774,44,334666
15672,0.00187,74.125.24.0-255,2902,171676,44,334666
15673,0.001874,172.31.46.0-255,66,171742,44,334666
15674,0.001881,172.31.46.0-255,66,171808,44,334666
15675,0.001885,74.125.24.0-255,1484,173292,44,334666
15676,0.00189,74.125.24.0-255,2902,176194,44,334666
15677,0.001892,172.31.46.0-255,66,176260,44,334666
15678,0.001926,74.125.24.0-255,7156,183416,44,334666
15679,0.001933,172.31.46.0-255,66,183482,44,334666
15680,0.001941,74.125.24.0-255,1484,184966,44,334666
15681,0.001946,74.125.24.0-255,2902,187868,44,334666
15682,0.001948,172.31.46.0-255,66,187934,44,334666
15683,0.001955,74.125.24.0-255,5738,193672,44,334666
15684,0.001957,172.31.46.0-255,66,193738,44,334666
15685,0.001964,74.125.24.0-255,5738,199476,44,334666
15686,0.001966,172.31.46.0-255,66,199542,44,334666
15687,0.002005,74.125.24.0-255,1484,201026,44,334666
15688,0.002021,74.125.24.0-255,2184,203210,44,334666
15689,0.002024,172.31.46.0-255,66,203276,44,334666
15690,0.002119,74.125.24.0-255,1484,204760,44,334666
15691,0.002123,74.125.24.0-255,1484,206244,44,334666
15692,0.002125,172.31.46.0-255,66,206310,44,334666
15693,0.002151,74.125.24.0-255,1484,207794,44,334666
15694,0.002158,74.125.24.0-255,5738,213532,44,334666
15695,0.00216,172.31.46.0-255,66,213598,44,334666
15696,0.002163,74.125.24.0-255,1484,215082,44,334666
15697,0.002193,172.31.46.0-255,66,215148,44,334666
15698,0.002234,172.31.46.0-255,66,215214,44,334666
15699,0.003439,172.31.46.0-255,101,215315,44,334666
15700,0.004503,74.125.24.0-255,5738,221053,44,334666
15701,0.00451,172.31.46.0-255,66,221119,44,334666
15702,0.005669,74.125.24.0-255,66,221185,44,334666
15703,0.006776,74.125.24.0-255,4320,225505,44,334666
15704,0.006782,172.31.46.0-255,66,225571,44,334666
15705,0.006836,74.125.24.0-255,1484,227055,44,334666
15706,0.00904,74.125.24.0-255,4320,231375,44,334666
15707,0.009045,172.31.46.0-255,66,231441,44,334666
15708,0.011298,74.125.24.0-255,5738,237179,44,334666
15709,0.011305,172.31.46.0-255,66,237245,44,334666
15710,0.013577,74.125.24.0-255,5738,242983,44,334666
15711,0.013594,172.31.46.0-255,66,243049,44,334666
15712,0.015861,74.125.24.0-255,5738,248787,44,334666
15713,0.015877,172.31.46.0-255,66,248853,44,334666
15714,0.01815,74.125.24.0-255,5738,254591,44,334666
15715,0.018165,172.31.46.0-255,66,254657,44,334666
15716,0.020438,74.125.24.0-255,5738,260395,44,334666
15717,0.020452,172.31.46.0-255,66,260461,44,334666
15718,0.022737,74.125.24.0-255,5738,266199,44,334666
15719,0.022748,172.31.46.0-255,66,266265,44,334666
15720,0.025009,74.125.24.0-255,5738,272003,44,334666
15721,0.025027,172.31.46.0-255,66,272069,44,334666
15722,0.027316,74.125.24.0-255,5738,277807,44,334666
15723,0.027324,172.31.46.0-255,66,277873,44,334666
15724,0.029617,74.125.24.0-255,5738,283611,44,334666
15725,0.029626,172.31.46.0-255,66,283677,44,334666
15726,0.03188,74.125.24.0-255,5738,289415,44,334666
15727,0.031893,172.31.46.0-255,66,289481,44,334666
15728,0.034163,74.125.24.0-255,5738,295219,44,334666
15729,0.034174,172.31.46.0-255,66,295285,44,334666
15730,0.034784,172.31.46.0-255,172,295457,44,334666
15731,0.034819,172.31.46.0-255,1114,296571,44,334666
15732,0.034891,172.31.46.0-255,1514,298085,44,334666
15733,0.034893,172.31.46.0-255,1514,299599,44,334666
15734,0.034894,172.31.46.0-255,1514,301113,44,334666
15735,0.034895,172.31.46.0-255,1514,302627,44,334666
15736,0.03492,172.31.46.0-255,556,303183,44,334666
15737,0.036414,74.125.24.0-255,5738,308921,44,334666
15738,0.036426,172.31.46.0-255,66,308987,44,334666
15739,0.036492,104.244.42.0-255,66,309053,44,334666
15740,0.038697,74.125.24.0-255,5738,314791,44,334666
15741,0.038703,172.31.46.0-255,66,314857,44,334666
15742,0.040988,74.125.24.0-255,5738,320595,44,334666
15743,0.040995,172.31.46.0-255,66,320661,44,334666
15744,0.043297,74.125.24.0-255,5738,326399,44,334666
15745,0.043303,172.31.46.0-255,66,326465,44,334666
15746,0.045548,74.125.24.0-255,5738,332203,44,334666
15747,0.045557,172.31.46.0-255,66,332269,44,334666
15748,0.047813,74.125.24.0-255,2094,334363,44,334666
15749,0.04782,172.31.46.0-255,66,334429,44,334666
15750,0.047991,172.31.46.0-255,105,334534,44,334666
15751,0.055714,74.125.24.0-255,66,334600,44,334666
15752,0.077531,104.244.42.0-255,66,334666,44,334666
15753,0.0,74.125.24.0-255,149,149,44,358738
15754,3.4e-05,172.31.46.0-255,66,215,44,358738
15755,4.1e-05,74.125.24.0-255,1484,1699,44,358738
15756,4.6e-05,172.31.46.0-255,66,1765,44,358738
15757,5.2e-05,74.125.24.0-255,2902,4667,44,358738
15758,5.6e-05,172.31.46.0-255,66,4733,44,358738
15759,6.5e-05,74.125.24.0-255,7156,11889,44,358738
15760,6.8e-05,172.31.46.0-255,66,11955,44,358738
15761,7.3e-05,74.125.24.0-255,3355,15310,44,358738
15762,7.7e-05,172.31.46.0-255,66,15376,44,358738
15763,8.3e-05,74.125.24.0-255,4320,19696,44,358738
15764,8.6e-05,172.31.46.0-255,66,19762,44,358738
15765,9.2e-05,74.125.24.0-255,4320,24082,44,358738
15766,9.5e-05,172.31.46.0-255,66,24148,44,358738
15767,0.000124,74.125.24.0-255,5738,29886,44,358738
15768,0.000127,172.31.46.0-255,66,29952,44,358738
15769,0.00013,74.125.24.0-255,1125,31077,44,358738
15770,0.000132,172.31.46.0-255,66,31143,44,358738
15771,0.000236,74.125.24.0-255,1484,32627,44,358738
15772,0.000239,172.31.46.0-255,66,32693,44,358738
15773,0.000244,74.125.24.0-255,2902,35595,44,358738
15774,0.000246,172.31.46.0-255,66,35661,44,358738
15775,0.000249,74.125.24.0-255,1484,37145,44,358738
15776,0.000251,172.31.46.0-255,66,37211,44,358738
15777,0.000283,74.125.24.0-255,5738,42949,44,358738
15778,0.000286,172.31.46.0-255,66,43015,44,358738
15779,0.000299,74.125.24.0-255,2902,45917,44,358738
15780,0.000301,172.31.46.0-255,66,45983,44,358738
15781,0.000339,172.31.46.0-255,66,46049,44,358738
15782,0.000359,74.125.24.0-255,2902,48951,44,358738
15783,0.000362,172.31.46.0-255,66,49017,44,358738
15784,0.000384,74.125.24.0-255,5379,54396,44,358738
15785,0.000386,172.31.46.0-255,66,54462,44,358738
15786,0.000389,74.125.24.0-255,412,54874,44,358738
15787,0.000427,74.125.24.0-255,331,55205,44,358738
15788,0.000538,74.125.24.0-255,1484,56689,44,358738
15789,0.000542,172.31.46.0-255,66,56755,44,358738
15790,0.000546,74.125.24.0-255,1484,58239,44,358738
15791,0.000562,74.125.24.0-255,1484,59723,44,358738
15792,0.000565,172.31.46.0-255,66,59789,44,358738
15793,0.000571,74.125.24.0-255,5738,65527,44,358738
15794,0.000574,172.31.46.0-255,66,65593,44,358738
15795,0.000617,172.31.46.0-255,66,65659,44,358738
15796,0.000645,74.125.24.0-255,2902,68561,44,358738
15797,0.000648,172.31.46.0-255,66,68627,44,358738
15798,0.000665,74.125.24.0-255,1484,70111,44,358738
15799,0.000677,74.125.24.0-255,5738,75849,44,358738
15800,0.00068,172.31.46.0-255,66,75915,44,358738
15801,0.000699,74.125.24.0-255,766,76681,44,358738
15802,0.000792,74.125.24.0-255,1484,78165,44,358738
15803,0.000797,172.31.46.0-255,66,78231,44,358738
15804,0.000802,74.125.24.0-255,2902,81133,44,358738
15805,0.000804,172.31.46.0-255,66,81199,44,358738
15806,0.000823,74.125.24.0-255,5738,86937,44,358738
15807,0.000826,172.31.46.0-255,66,87003,44,358738
15808,0.000839,74.125.24.0-255,2902,89905,44,358738
15809,0.000842,172.31.46.0-255,66,89971,44,358738
15810,0.000875,172.31.46.0-255,66,90037,44,358738
15811,0.000903,74.125.24.0-255,5738,95775,44,358738
15812,0.000906,172.31.46.0-255,66,95841,44,358738
15813,0.000925,74.125.24.0-255,2902,98743,44,358738
15814,0.000928,172.31.46.0-255,66,98809,44,358738
15815,0.000932,74.125.24.0-255,2184,100993,44,358738
15816,0.000934,172.31.46.0-255,66,101059,44,358738
15817,0.001476,74.125.24.0-255,1484,102543,44,358738
15818,0.001503,74.125.24.0-255,2902,105445,44,358738
15819,0.001508,172.31.46.0-255,66,105511,44,358738
15820,0.001514,74.125.24.0-255,5738,111249,44,358738
15821,0.001517,172.31.46.0-255,66,111315,44,358738
15822,0.001524,74.125.24.0-255,5738,117053,44,358738
15823,0.001525,172.31.46.0-255,66,117119,44,358738
15824,0.001546,74.125.24.0-255,1484,118603,44,358738
15825,0.001577,172.31.46.0-255,66,118669,44,358738
15826,0.00163,74.125.24.0-255,5020,123689,44,358738
15827,0.001633,172.31.46.0-255,66,123755,44,358738
15828,0.001913,172.31.46.0-255,101,123856,44,358738
15829,0.003733,74.125.24.0-255,5738,129594,44,358738
15830,0.003744,172.31.46.0-255,66,129660,44,358738
15831,0.003959,74.125.24.0-255,66,129726,44,358738
15832,0.005829,74.125.24.0-255,5738,135464,44,358738
15833,0.005834,172.31.46.0-255,66,135530,44,358738
15834,0.007939,74.125.24.0-255,5738,141268,44,358738
15835,0.007947,172.31.46.0-255,66,141334,44,358738
15836,0.010041,74.125.24.0-255,5738,147072,44,358738
15837,0.010056,172.31.46.0-255,66,147138,44,358738
15838,0.012114,74.125.24.0-255,5738,152876,44,358738
15839,0.012126,172.31.46.0-255,66,152942,44,358738
15840,0.014248,74.125.24.0-255,5738,158680,44,358738
15841,0.014261,172.31.46.0-255,66,158746,44,358738
15842,0.016328,74.125.24.0-255,5738,164484,44,358738
15843,0.016344,172.31.46.0-255,66,164550,44,358738
15844,0.018405,74.125.24.0-255,5738,170288,44,358738
15845,0.018424,172.31.46.0-255,66,170354,44,358738
15846,0.020518,74.125.24.0-255,5738,176092,44,358738
15847,0.020535,172.31.46.0-255,66,176158,44,358738
15848,0.022685,74.125.24.0-255,5738,181896,44,358738
15849,0.0227,172.31.46.0-255,66,181962,44,358738
15850,0.024809,74.125.24.0-255,5738,187700,44,358738
15851,0.024824,172.31.46.0-255,66,187766,44,358738
15852,0.026937,74.125.24.0-255,5738,193504,44,358738
15853,0.026956,172.31.46.0-255,66,193570,44,358738
15854,0.029079,74.125.24.0-255,5738,199308,44,358738
15855,0.029093,172.31.46.0-255,66,199374,44,358738
15856,0.031187,74.125.24.0-255,5738,205112,44,358738
15857,0.031201,172.31.46.0-255,66,205178,44,358738
15858,0.033307,74.125.24.0-255,5738,210916,44,358738
15859,0.033318,172.31.46.0-255,66,210982,44,358738
15860,0.035451,74.125.24.0-255,5738,216720,44,358738
15861,0.035464,172.31.46.0-255,66,216786,44,358738
15862,0.037551,74.125.24.0-255,5738,222524,44,358738
15863,0.037563,172.31.46.0-255,66,222590,44,358738
15864,0.039669,74.125.24.0-255,5738,228328,44,358738
15865,0.03968,172.31.46.0-255,66,228394,44,358738
15866,0.040287,172.31.46.0-255,222,228616,44,358738
15867,0.04032,172.31.46.0-255,1113,229729,44,358738
15868,0.040394,172.31.46.0-255,1514,231243,44,358738
15869,0.040396,172.31.46.0-255,1514,232757,44,358738
15870,0.040401,172.31.46.0-255,1514,234271,44,358738
15871,0.040402,172.31.46.0-255,1514,235785,44,358738
15872,0.040426,172.31.46.0-255,1514,237299,44,358738
15873,0.040427,172.31.46.0-255,72,237371,44,358738
15874,0.041762,74.125.24.0-255,5738,243109,44,358738
15875,0.041777,172.31.46.0-255,66,243175,44,358738
15876,0.041837,104.244.42.0-255,66,243241,44,358738
15877,0.041865,104.244.42.0-255,66,243307,44,358738
15878,0.041975,104.244.42.0-255,66,243373,44,358738
15879,0.041982,104.244.42.0-255,66,243439,44,358738
15880,0.043887,74.125.24.0-255,5738,249177,44,358738
15881,0.043902,172.31.46.0-255,66,249243,44,358738
15882,0.045981,74.125.24.0-255,5738,254981,44,358738
15883,0.045996,172.31.46.0-255,66,255047,44,358738
15884,0.04817,74.125.24.0-255,5738,260785,44,358738
15885,0.048184,172.31.46.0-255,66,260851,44,358738
15886,0.050329,74.125.24.0-255,5738,266589,44,358738
15887,0.050346,172.31.46.0-255,66,266655,44,358738
15888,0.052473,74.125.24.0-255,5738,272393,44,358738
15889,0.052492,172.31.46.0-255,66,272459,44,358738
15890,0.054553,74.125.24.0-255,5738,278197,44,358738
15891,0.054562,172.31.46.0-255,66,278263,44,358738
15892,0.056662,74.125.24.0-255,5738,284001,44,358738
15893,0.056672,172.31.46.0-255,66,284067,44,358738
15894,0.058762,74.125.24.0-255,5738,289805,44,358738
15895,0.058776,172.31.46.0-255,66,289871,44,358738
15896,0.0609,74.125.24.0-255,5738,295609,44,358738
15897,0.060914,172.31.46.0-255,66,295675,44,358738
15898,0.062998,74.125.24.0-255,5738,301413,44,358738
15899,0.06301,172.31.46.0-255,66,301479,44,358738
15900,0.065102,74.125.24.0-255,5738,307217,44,358738
15901,0.065115,172.31.46.0-255,66,307283,44,358738
15902,0.067263,74.125.24.0-255,5738,313021,44,358738
15903,0.067274,172.31.46.0-255,66,313087,44,358738
15904,0.069374,74.125.24.0-255,5738,318825,44,358738
15905,0.069384,172.31.46.0-255,66,318891,44,358738
15906,0.071514,74.125.24.0-255,5738,324629,44,358738
15907,0.07153,172.31.46.0-255,66,324695,44,358738
15908,0.073635,74.125.24.0-255,5738,330433,44,358738
15909,0.073654,172.31.46.0-255,66,330499,44,358738
15910,0.075757,74.125.24.0-255,5738,336237,44,358738
15911,0.075765,172.31.46.0-255,66,336303,44,358738
15912,0.077879,74.125.24.0-255,5738,342041,44,358738
15913,0.077891,172.31.46.0-255,66,342107,44,358738
15914,0.079991,74.125.24.0-255,5738,347845,44,358738
15915,0.080003,172.31.46.0-255,66,347911,44,358738
15916,0.082118,74.125.24.0-255,5738,353649,44,358738
15917,0.082131,172.31.46.0-255,66,353715,44,358738
15918,0.084214,74.125.24.0-255,4852,358567,44,358738
15919,0.08423,172.31.46.0-255,66,358633,44,358738
15920,0.084463,172.31.46.0-255,105,358738,44,358738
15921,0.0,74.125.24.0-255,153,153,44,272336
15922,2.2e-05,172.31.46.0-255,66,219,44,272336
15923,2.9e-05,74.125.24.0-255,1484,1703,44,272336
15924,3.4e-05,172.31.46.0-255,66,1769,44,272336
15925,4.7e-05,74.125.24.0-255,2902,4671,44,272336
15926,5.1e-05,172.31.46.0-255,66,4737,44,272336
15927,9.1e-05,74.125.24.0-255,7156,11893,44,272336
15928,9.4e-05,172.31.46.0-255,66,11959,44,272336
15929,0.00019,74.125.24.0-255,2099,14058,44,272336
15930,0.000194,172.31.46.0-255,66,14124,44,272336
15931,0.001011,74.125.24.0-255,1484,15608,44,272336
15932,0.001019,172.31.46.0-255,66,15674,44,272336
15933,0.001029,74.125.24.0-255,2902,18576,44,272336
15934,0.001031,172.31.46.0-255,66,18642,44,272336
15935,0.001068,74.125.24.0-255,5738,24380,44,272336
15936,0.001071,172.31.46.0-255,66,24446,44,272336
15937,0.001163,74.125.24.0-255,5738,30184,44,272336
15938,0.001167,172.31.46.0-255,66,30250,44,272336
15939,0.001191,172.31.46.0-255,66,30316,44,272336
15940,0.00139,74.125.24.0-255,1484,31800,44,272336
15941,0.001396,172.31.46.0-255,66,31866,44,272336
15942,0.00143,74.125.24.0-255,5738,37604,44,272336
15943,0.001434,172.31.46.0-255,66,37670,44,272336
15944,0.00148,172.31.46.0-255,66,37736,44,272336
15945,0.001817,74.125.24.0-255,766,38502,44,272336
15946,0.001819,172.31.46.0-255,66,38568,44,272336
15947,0.001823,74.125.24.0-255,398,38966,44,272336
15948,0.001824,172.31.46.0-255,66,39032,44,272336
15949,0.001865,74.125.24.0-255,4320,43352,44,272336
15950,0.001868,172.31.46.0-255,66,43418,44,272336
15951,0.001904,172.31.46.0-255,66,43484,44,272336
15952,0.002144,74.125.24.0-255,2902,46386,44,272336
15953,0.002147,172.31.46.0-255,66,46452,44,272336
15954,0.002191,172.31.46.0-255,66,46518,44,272336
15955,0.002511,74.125.24.0-255,4320,50838,44,272336
15956,0.002514,172.31.46.0-255,66,50904,44,272336
15957,0.002544,172.31.46.0-255,66,50970,44,272336
15958,0.005888,74.125.24.0-255,1484,52454,44,272336
15959,0.005899,74.125.24.0-255,2902,55356,44,272336
15960,0.005903,172.31.46.0-255,66,55422,44,272336
15961,0.005944,74.125.24.0-255,1484,56906,44,272336
15962,0.008193,74.125.24.0-255,4320,61226,44,272336
15963,0.008201,172.31.46.0-255,66,61292,44,272336
15964,0.010483,74.125.24.0-255,5738,67030,44,272336
15965,0.01049,172.31.46.0-255,66,67096,44,272336
15966,0.012763,74.125.24.0-255,5738,72834,44,272336
15967,0.012773,172.31.46.0-255,66,72900,44,272336
15968,0.015083,74.125.24.0-255,5738,78638,44,272336
15969,0.01509,172.31.46.0-255,66,78704,44,272336
15970,0.017407,74.125.24.0-255,5738,84442,44,272336
15971,0.017419,172.31.46.0-255,66,84508,44,272336
15972,0.019689,74.125.24.0-255,5738,90246,44,272336
15973,0.019706,172.31.46.0-255,66,90312,44,272336
15974,0.022038,74.125.24.0-255,5738,96050,44,272336
15975,0.022049,172.31.46.0-255,66,96116,44,272336
15976,0.024331,74.125.24.0-255,5738,101854,44,272336
15977,0.02434,172.31.46.0-255,66,101920,44,272336
15978,0.026628,74.125.24.0-255,5738,107658,44,272336
15979,0.026637,172.31.46.0-255,66,107724,44,272336
15980,0.028919,74.125.24.0-255,5738,113462,44,272336
15981,0.028928,172.31.46.0-255,66,113528,44,272336
15982,0.030131,172.31.46.0-255,172,113700,44,272336
15983,0.030157,172.31.46.0-255,1114,114814,44,272336
15984,0.030216,172.31.46.0-255,1514,116328,44,272336
15985,0.030217,172.31.46.0-255,1514,117842,44,272336
15986,0.030218,172.31.46.0-255,1514,119356,44,272336
15987,0.030223,172.31.46.0-255,1514,120870,44,272336
15988,0.030223,172.31.46.0-255,1514,122384,44,272336
15989,0.030224,172.31.46.0-255,70,122454,44,272336
15990,0.031201,74.125.24.0-255,5738,128192,44,272336
15991,0.03121,172.31.46.0-255,66,128258,44,272336
15992,0.031676,104.244.42.0-255,66,128324,44,272336
15993,0.031728,104.244.42.0-255,66,128390,44,272336
15994,0.031769,104.244.42.0-255,66,128456,44,272336
15995,0.031774,104.244.42.0-255,66,128522,44,272336
15996,0.033484,74.125.24.0-255,5738,134260,44,272336
15997,0.03349,172.31.46.0-255,66,134326,44,272336
15998,0.035755,74.125.24.0-255,4320,138646,44,272336
15999,0.035759,172.31.46.0-255,66,138712,44,272336
16000,0.035787,74.125.24.0-255,1484,140196,44,272336
16001,0.038027,74.125.24.0-255,4320,144516,44,272336
16002,0.038033,172.31.46.0-255,66,144582,44,272336
16003,0.040302,74.125.24.0-255,5738,150320,44,272336
16004,0.040308,172.31.46.0-255,66,150386,44,272336
16005,0.042591,74.125.24.0-255,5738,156124,44,272336
16006,0.042597,172.31.46.0-255,66,156190,44,272336
16007,0.044888,74.125.24.0-255,5738,161928,44,272336
16008,0.044895,172.31.46.0-255,66,161994,44,272336
16009,0.047158,74.125.24.0-255,5738,167732,44,272336
16010,0.047165,172.31.46.0-255,66,167798,44,272336
16011,0.04949,74.125.24.0-255,5738,173536,44,272336
16012,0.049497,172.31.46.0-255,66,173602,44,272336
16013,0.051799,74.125.24.0-255,5738,179340,44,272336
16014,0.051804,172.31.46.0-255,66,179406,44,272336
16015,0.054089,74.125.24.0-255,5738,185144,44,272336
16016,0.054101,172.31.46.0-255,66,185210,44,272336
16017,0.056396,74.125.24.0-255,5738,190948,44,272336
16018,0.056403,172.31.46.0-255,66,191014,44,272336
16019,0.058691,74.125.24.0-255,5738,196752,44,272336
16020,0.058703,172.31.46.0-255,66,196818,44,272336
16021,0.06097,74.125.24.0-255,5738,202556,44,272336
16022,0.060979,172.31.46.0-255,66,202622,44,272336
16023,0.063266,74.125.24.0-255,5738,208360,44,272336
16024,0.063272,172.31.46.0-255,66,208426,44,272336
16025,0.065572,74.125.24.0-255,5738,214164,44,272336
16026,0.065579,172.31.46.0-255,66,214230,44,272336
16027,0.067824,74.125.24.0-255,5738,219968,44,272336
16028,0.06783,172.31.46.0-255,66,220034,44,272336
16029,0.070146,74.125.24.0-255,5738,225772,44,272336
16030,0.070153,172.31.46.0-255,66,225838,44,272336
16031,0.072415,74.125.24.0-255,5738,231576,44,272336
16032,0.072422,172.31.46.0-255,66,231642,44,272336
16033,0.074681,74.125.24.0-255,5738,237380,44,272336
16034,0.074686,172.31.46.0-255,66,237446,44,272336
16035,0.076958,74.125.24.0-255,5738,243184,44,272336
16036,0.076966,172.31.46.0-255,66,243250,44,272336
16037,0.079261,74.125.24.0-255,5738,248988,44,272336
16038,0.079268,172.31.46.0-255,66,249054,44,272336
16039,0.081546,74.125.24.0-255,5738,254792,44,272336
16040,0.081553,172.31.46.0-255,66,254858,44,272336
16041,0.083824,74.125.24.0-255,5738,260596,44,272336
16042,0.083833,172.31.46.0-255,66,260662,44,272336
16043,0.086081,74.125.24.0-255,5738,266400,44,272336
16044,0.086088,172.31.46.0-255,66,266466,44,272336
16045,0.088361,74.125.24.0-255,4320,270786,44,272336
16046,0.088369,172.31.46.0-255,66,270852,44,272336
16047,0.088404,74.125.24.0-255,1484,272336,44,272336
16048,0.0,172.31.46.0-255,105,105,44,32737
16049,0.002068,157.240.13.0-255,105,210,44,32737
16050,0.002081,172.31.46.0-255,66,276,44,32737
16051,0.089483,172.217.194.0-255,150,426,44,32737
16052,0.089498,172.31.46.0-255,66,492,44,32737
16053,0.089579,172.217.194.0-255,1484,1976,44,32737
16054,0.089583,172.31.46.0-255,66,2042,44,32737
16055,0.08959,172.217.194.0-255,2902,4944,44,32737
16056,0.089595,172.31.46.0-255,66,5010,44,32737
16057,0.089625,172.217.194.0-255,5738,10748,44,32737
16058,0.089628,172.31.46.0-255,66,10814,44,32737
16059,0.089636,172.217.194.0-255,6373,17187,44,32737
16060,0.089638,172.31.46.0-255,66,17253,44,32737
16061,0.089684,172.31.46.0-255,66,17319,44,32737
16062,0.089778,172.217.194.0-255,1484,18803,44,32737
16063,0.089782,172.31.46.0-255,66,18869,44,32737
16064,0.089797,172.217.194.0-255,2902,21771,44,32737
16065,0.0898,172.31.46.0-255,66,21837,44,32737
16066,0.089803,172.217.194.0-255,1484,23321,44,32737
16067,0.089806,172.31.46.0-255,66,23387,44,32737
16068,0.089828,172.217.194.0-255,4320,27707,44,32737
16069,0.089831,172.31.46.0-255,66,27773,44,32737
16070,0.089842,172.31.46.0-255,66,27839,44,32737
16071,0.08986,172.217.194.0-255,4320,32159,44,32737
16072,0.089863,172.31.46.0-255,66,32225,44,32737
16073,0.089892,172.31.46.0-255,66,32291,44,32737
16074,0.089914,172.217.194.0-255,380,32671,44,32737
16075,0.089916,172.31.46.0-255,66,32737,44,32737
16076,0.0,74.125.200.0-255,146,146,44,308731
16077,2.2e-05,172.31.46.0-255,66,212,44,308731
16078,3e-05,74.125.200.0-255,1484,1696,44,308731
16079,3.4e-05,172.31.46.0-255,66,1762,44,308731
16080,3.9e-05,74.125.200.0-255,2902,4664,44,308731
16081,4.2e-05,172.31.46.0-255,66,4730,44,308731
16082,4.6e-05,74.125.200.0-255,1484,6214,44,308731
16083,4.8e-05,172.31.46.0-255,66,6280,44,308731
16084,5.3e-05,74.125.200.0-255,2902,9182,44,308731
16085,5.6e-05,172.31.46.0-255,66,9248,44,308731
16086,9.5e-05,74.125.200.0-255,4993,14241,44,308731
16087,9.9e-05,172.31.46.0-255,66,14307,44,308731
16088,0.000106,74.125.200.0-255,5738,20045,44,308731
16089,0.000108,172.31.46.0-255,66,20111,44,308731
16090,0.000129,74.125.200.0-255,7156,27267,44,308731
16091,0.000131,172.31.46.0-255,66,27333,44,308731
16092,0.000156,74.125.200.0-255,3961,31294,44,308731
16093,0.000158,172.31.46.0-255,66,31360,44,308731
16094,0.000247,74.125.200.0-255,1484,32844,44,308731
16095,0.000251,172.31.46.0-255,66,32910,44,308731
16096,0.000257,74.125.200.0-255,2902,35812,44,308731
16097,0.000259,172.31.46.0-255,66,35878,44,308731
16098,0.000276,74.125.200.0-255,4320,40198,44,308731
16099,0.000279,172.31.46.0-255,66,40264,44,308731
16100,0.000324,74.125.200.0-255,4320,44584,44,308731
16101,0.000327,172.31.46.0-255,66,44650,44,308731
16102,0.000352,74.125.200.0-255,5738,50388,44,308731
16103,0.000355,172.31.46.0-255,66,50454,44,308731
16104,0.00039,172.31.46.0-255,66,50520,44,308731
16105,0.000395,74.125.200.0-255,3602,54122,44,308731
16106,0.000397,172.31.46.0-255,66,54188,44,308731
16107,0.0004,74.125.200.0-255,427,54615,44,308731
16108,0.000402,172.31.46.0-255,66,54681,44,308731
16109,0.000486,74.125.200.0-255,1484,56165,44,308731
16110,0.000489,172.31.46.0-255,66,56231,44,308731
16111,0.000494,74.125.200.0-255,2902,59133,44,308731
16112,0.000496,172.31.46.0-255,66,59199,44,308731
16113,0.000515,74.125.200.0-255,4320,63519,44,308731
16114,0.000518,172.31.46.0-255,66,63585,44,308731
16115,0.000543,74.125.200.0-255,1484,65069,44,308731
16116,0.000546,172.31.46.0-255,66,65135,44,308731
16117,0.000551,74.125.200.0-255,4320,69455,44,308731
16118,0.000553,172.31.46.0-255,66,69521,44,308731
16119,0.000559,74.125.200.0-255,5738,75259,44,308731
16120,0.000562,172.31.46.0-255,66,75325,44,308731
16121,0.0006,172.31.46.0-255,66,75391,44,308731
16122,0.00064,74.125.200.0-255,2465,77856,44,308731
16123,0.000643,172.31.46.0-255,66,77922,44,308731
16124,0.00093,74.125.200.0-255,1484,79406,44,308731
16125,0.000935,172.31.46.0-255,66,79472,44,308731
16126,0.000939,74.125.200.0-255,1484,80956,44,308731
16127,0.000941,172.31.46.0-255,66,81022,44,308731
16128,0.000945,74.125.200.0-255,2902,83924,44,308731
16129,0.000947,172.31.46.0-255,66,83990,44,308731
16130,0.000976,74.125.200.0-255,5738,89728,44,308731
16131,0.000979,172.31.46.0-255,66,89794,44,308731
16132,0.000982,74.125.200.0-255,1484,91278,44,308731
16133,0.001002,74.125.200.0-255,5738,97016,44,308731
16134,0.001005,172.31.46.0-255,66,97082,44,308731
16135,0.001024,74.125.200.0-255,2902,99984,44,308731
16136,0.001027,172.31.46.0-255,66,100050,44,308731
16137,0.001051,74.125.200.0-255,5738,105788,44,308731
16138,0.001054,172.31.46.0-255,66,105854,44,308731
16139,0.001058,74.125.200.0-255,2902,108756,44,308731
16140,0.00106,172.31.46.0-255,66,108822,44,308731
16141,0.001066,74.125.200.0-255,3602,112424,44,308731
16142,0.001068,172.31.46.0-255,66,112490,44,308731
16143,0.0011,74.125.200.0-255,1484,113974,44,308731
16144,0.001116,74.125.200.0-255,2902,116876,44,308731
16145,0.001119,172.31.46.0-255,66,116942,44,308731
16146,0.001138,74.125.200.0-255,2902,119844,44,308731
16147,0.00114,172.31.46.0-255,66,119910,44,308731
16148,0.001156,74.125.200.0-255,2902,122812,44,308731
16149,0.001158,172.31.46.0-255,66,122878,44,308731
16150,0.001161,74.125.200.0-255,1484,124362,44,308731
16151,0.001166,74.125.200.0-255,2902,127264,44,308731
16152,0.001168,172.31.46.0-255,66,127330,44,308731
16153,0.001171,74.125.200.0-255,1484,128814,44,308731
16154,0.001188,74.125.200.0-255,4320,133134,44,308731
16155,0.001191,172.31.46.0-255,66,133200,44,308731
16156,0.001197,74.125.200.0-255,5738,138938,44,308731
16157,0.001199,172.31.46.0-255,66,139004,44,308731
16158,0.001216,74.125.200.0-255,1484,140488,44,308731
16159,0.001243,74.125.200.0-255,2902,143390,44,308731
16160,0.001246,172.31.46.0-255,66,143456,44,308731
16161,0.001273,74.125.200.0-255,5020,148476,44,308731
16162,0.001276,172.31.46.0-255,66,148542,44,308731
16163,0.00128,74.125.200.0-255,2902,151444,44,308731
16164,0.001283,172.31.46.0-255,66,151510,44,308731
16165,0.001297,74.125.200.0-255,4320,155830,44,308731
16166,0.0013,172.31.46.0-255,66,155896,44,308731
16167,0.001319,172.31.46.0-255,66,155962,44,308731
16168,0.001331,172.31.46.0-255,66,156028,44,308731
16169,0.001389,74.125.200.0-255,6438,162466,44,308731
16170,0.001392,172.31.46.0-255,66,162532,44,308731
16171,0.001654,74.125.200.0-255,1484,164016,44,308731
16172,0.001674,74.125.200.0-255,2902,166918,44,308731
16173,0.001678,172.31.46.0-255,66,166984,44,308731
16174,0.001694,74.125.200.0-255,5738,172722,44,308731
16175,0.001696,172.31.46.0-255,66,172788,44,308731
16176,0.001703,74.125.200.0-255,4320,177108,44,308731
16177,0.001705,172.31.46.0-255,66,177174,44,308731
16178,0.001735,74.125.200.0-255,5738,182912,44,308731
16179,0.001738,172.31.46.0-255,66,182978,44,308731
16180,0.001759,74.125.200.0-255,5738,188716,44,308731
16181,0.001761,172.31.46.0-255,66,188782,44,308731
16182,0.001771,172.31.46.0-255,66,188848,44,308731
16183,0.001861,74.125.200.0-255,1484,190332,44,308731
16184,0.001879,74.125.200.0-255,2902,193234,44,308731
16185,0.001883,172.31.46.0-255,66,193300,44,308731
16186,0.001906,74.125.200.0-255,1484,194784,44,308731
16187,0.00193,74.125.200.0-255,4320,199104,44,308731
16188,0.001933,172.31.46.0-255,66,199170,44,308731
16189,0.001936,74.125.200.0-255,1484,200654,44,308731
16190,0.001939,74.125.200.0-255,1484,202138,44,308731
16191,0.00194,172.31.46.0-255,66,202204,44,308731
16192,0.001957,74.125.200.0-255,1484,203688,44,308731
16193,0.00196,74.125.200.0-255,1484,205172,44,308731
16194,0.001963,172.31.46.0-255,66,205238,44,308731
16195,0.001993,74.125.200.0-255,4320,209558,44,308731
16196,0.001996,172.31.46.0-255,66,209624,44,308731
16197,0.002003,74.125.200.0-255,7156,216780,44,308731
16198,0.002005,172.31.46.0-255,66,216846,44,308731
16199,0.002011,74.125.200.0-255,5738,222584,44,308731
16200,0.002014,172.31.46.0-255,66,222650,44,308731
16201,0.002029,74.125.200.0-255,766,223416,44,308731
16202,0.002063,74.125.200.0-255,4320,227736,44,308731
16203,0.002066,172.31.46.0-255,66,227802,44,308731
16204,0.002089,74.125.200.0-255,5738,233540,44,308731
16205,0.002094,172.31.46.0-255,66,233606,44,308731
16206,0.002105,74.125.200.0-255,2902,236508,44,308731
16207,0.002108,172.31.46.0-255,66,236574,44,308731
16208,0.002148,172.31.46.0-255,66,236640,44,308731
16209,0.002153,74.125.200.0-255,4320,240960,44,308731
16210,0.002155,172.31.46.0-255,66,241026,44,308731
16211,0.002173,74.125.200.0-255,5738,246764,44,308731
16212,0.002176,172.31.46.0-255,66,246830,44,308731
16213,0.002204,172.31.46.0-255,66,246896,44,308731
16214,0.002219,172.31.46.0-255,66,246962,44,308731
16215,0.002242,74.125.200.0-255,1484,248446,44,308731
16216,0.002245,74.125.200.0-255,1484,249930,44,308731
16217,0.002248,172.31.46.0-255,66,249996,44,308731
16218,0.002252,74.125.200.0-255,2902,252898,44,308731
16219,0.002254,172.31.46.0-255,66,252964,44,308731
16220,0.00226,74.125.200.0-255,5738,258702,44,308731
16221,0.002262,172.31.46.0-255,66,258768,44,308731
16222,0.002265,74.125.200.0-255,766,259534,44,308731
16223,0.002268,74.125.200.0-255,1484,261018,44,308731
16224,0.00227,172.31.46.0-255,66,261084,44,308731
16225,0.002288,74.125.200.0-255,4320,265404,44,308731
16226,0.002292,172.31.46.0-255,66,265470,44,308731
16227,0.002318,74.125.200.0-255,4320,269790,44,308731
16228,0.002321,172.31.46.0-255,66,269856,44,308731
16229,0.002342,74.125.200.0-255,4320,274176,44,308731
16230,0.002345,172.31.46.0-255,66,274242,44,308731
16231,0.002348,74.125.200.0-255,1484,275726,44,308731
16232,0.002375,172.31.46.0-255,66,275792,44,308731
16233,0.002377,74.125.200.0-255,1484,277276,44,308731
16234,0.002435,172.31.46.0-255,66,277342,44,308731
16235,0.002476,74.125.200.0-255,1484,278826,44,308731
16236,0.002497,74.125.200.0-255,4320,283146,44,308731
16237,0.0025,172.31.46.0-255,66,283212,44,308731
16238,0.002507,74.125.200.0-255,7156,290368,44,308731
16239,0.00251,172.31.46.0-255,66,290434,44,308731
16240,0.002574,172.31.46.0-255,66,290500,44,308731
16241,0.002592,74.125.200.0-255,2902,293402,44,308731
16242,0.002595,172.31.46.0-255,66,293468,44,308731
16243,0.002618,74.125.200.0-255,5739,299207,44,308731
16244,0.002621,172.31.46.0-255,66,299273,44,308731
16245,0.005135,74.125.200.0-255,105,299378,44,308731
16246,0.011101,172.31.46.0-255,66,299444,44,308731
16247,0.011145,172.31.46.0-255,105,299549,44,308731
16248,0.013669,74.125.200.0-255,66,299615,44,308731
16249,0.035663,172.31.46.0-255,164,299779,44,308731
16250,0.0357,172.31.46.0-255,1123,300902,44,308731
16251,0.035765,172.31.46.0-255,1514,302416,44,308731
16252,0.035767,172.31.46.0-255,1514,303930,44,308731
16253,0.035773,172.31.46.0-255,1514,305444,44,308731
16254,0.035774,172.31.46.0-255,1514,306958,44,308731
16255,0.035792,172.31.46.0-255,1509,308467,44,308731
16256,0.037231,104.244.42.0-255,66,308533,44,308731
16257,0.037265,104.244.42.0-255,66,308599,44,308731
16258,0.037376,104.244.42.0-255,66,308665,44,308731
16259,0.037414,104.244.42.0-255,66,308731,44,308731
16260,0.0,74.125.24.0-255,150,150,44,209216
16261,2.3e-05,172.31.46.0-255,66,216,44,209216
16262,3e-05,74.125.24.0-255,1484,1700,44,209216
16263,3.4e-05,172.31.46.0-255,66,1766,44,209216
16264,5.1e-05,74.125.24.0-255,2902,4668,44,209216
16265,5.6e-05,172.31.46.0-255,66,4734,44,209216
16266,6.3e-05,74.125.24.0-255,7156,11890,44,209216
16267,6.6e-05,172.31.46.0-255,66,11956,44,209216
16268,7.1e-05,74.125.24.0-255,1972,13928,44,209216
16269,7.4e-05,172.31.46.0-255,66,13994,44,209216
16270,0.000129,74.125.24.0-255,5738,19732,44,209216
16271,0.000133,172.31.46.0-255,66,19798,44,209216
16272,0.000142,74.125.24.0-255,7156,26954,44,209216
16273,0.000149,172.31.46.0-255,66,27020,44,209216
16274,0.000154,74.125.24.0-255,3961,30981,44,209216
16275,0.000157,172.31.46.0-255,66,31047,44,209216
16276,0.000233,74.125.24.0-255,1484,32531,44,209216
16277,0.000237,172.31.46.0-255,66,32597,44,209216
16278,0.000256,74.125.24.0-255,2902,35499,44,209216
16279,0.000259,172.31.46.0-255,66,35565,44,209216
16280,0.000265,74.125.24.0-255,5738,41303,44,209216
16281,0.000267,172.31.46.0-255,66,41369,44,209216
16282,0.000297,74.125.24.0-255,4320,45689,44,209216
16283,0.000299,172.31.46.0-255,66,45755,44,209216
16284,0.000333,74.125.24.0-255,6797,52552,44,209216
16285,0.000336,172.31.46.0-255,66,52618,44,209216
16286,0.000352,172.31.46.0-255,66,52684,44,209216
16287,0.000394,74.125.24.0-255,1455,54139,44,209216
16288,0.000396,172.31.46.0-255,66,54205,44,209216
16289,0.0004,74.125.24.0-255,116,54321,44,209216
16290,0.000402,172.31.46.0-255,66,54387,44,209216
16291,0.000404,74.125.24.0-255,330,54717,44,209216
16292,0.000668,74.125.24.0-255,1484,56201,44,209216
16293,0.000673,172.31.46.0-255,66,56267,44,209216
16294,0.000679,74.125.24.0-255,2902,59169,44,209216
16295,0.000682,172.31.46.0-255,66,59235,44,209216
16296,0.000692,74.125.24.0-255,5738,64973,44,209216
16297,0.000694,172.31.46.0-255,66,65039,44,209216
16298,0.00073,172.31.46.0-255,66,65105,44,209216
16299,0.000763,172.31.46.0-255,66,65171,44,209216
16300,0.00099,74.125.24.0-255,1484,66655,44,209216
16301,0.000995,74.125.24.0-255,1484,68139,44,209216
16302,0.000997,172.31.46.0-255,66,68205,44,209216
16303,0.001028,74.125.24.0-255,1484,69689,44,209216
16304,0.001033,74.125.24.0-255,5738,75427,44,209216
16305,0.001044,172.31.46.0-255,66,75493,44,209216
16306,0.001047,172.31.46.0-255,66,75559,44,209216
16307,0.00107,74.125.24.0-255,4320,79879,44,209216
16308,0.001073,172.31.46.0-255,66,79945,44,209216
16309,0.001081,74.125.24.0-255,4320,84265,44,209216
16310,0.001083,172.31.46.0-255,66,84331,44,209216
16311,0.001116,74.125.24.0-255,6438,90769,44,209216
16312,0.001118,172.31.46.0-255,66,90835,44,209216
16313,0.001124,74.125.24.0-255,4320,95155,44,209216
16314,0.001125,172.31.46.0-255,66,95221,44,209216
16315,0.001147,74.125.24.0-255,2902,98123,44,209216
16316,0.001149,172.31.46.0-255,66,98189,44,209216
16317,0.001155,74.125.24.0-255,7156,105345,44,209216
16318,0.001158,172.31.46.0-255,66,105411,44,209216
16319,0.001184,74.125.24.0-255,7156,112567,44,209216
16320,0.001188,172.31.46.0-255,66,112633,44,209216
16321,0.001194,74.125.24.0-255,1484,114117,44,209216
16322,0.001224,172.31.46.0-255,66,114183,44,209216
16323,0.001302,74.125.24.0-255,1484,115667,44,209216
16324,0.001317,74.125.24.0-255,2902,118569,44,209216
16325,0.001321,172.31.46.0-255,66,118635,44,209216
16326,0.001348,74.125.24.0-255,5738,124373,44,209216
16327,0.001362,74.125.24.0-255,4320,128693,44,209216
16328,0.001366,172.31.46.0-255,66,128759,44,209216
16329,0.001368,172.31.46.0-255,66,128825,44,209216
16330,0.001371,172.31.46.0-255,66,128891,44,209216
16331,0.001405,74.125.24.0-255,4320,133211,44,209216
16332,0.001408,172.31.46.0-255,66,133277,44,209216
16333,0.001431,74.125.24.0-255,2184,135461,44,209216
16334,0.001434,172.31.46.0-255,66,135527,44,209216
16335,0.001518,74.125.24.0-255,1484,137011,44,209216
16336,0.001523,74.125.24.0-255,2902,139913,44,209216
16337,0.001525,172.31.46.0-255,66,139979,44,209216
16338,0.001565,74.125.24.0-255,5738,145717,44,209216
16339,0.001568,172.31.46.0-255,66,145783,44,209216
16340,0.001585,172.31.46.0-255,66,145849,44,209216
16341,0.001587,74.125.24.0-255,1484,147333,44,209216
16342,0.001607,74.125.24.0-255,1484,148817,44,209216
16343,0.001609,172.31.46.0-255,66,148883,44,209216
16344,0.001639,172.31.46.0-255,66,148949,44,209216
16345,0.00165,172.31.46.0-255,66,149015,44,209216
16346,0.001718,74.125.24.0-255,1484,150499,44,209216
16347,0.001722,74.125.24.0-255,2902,153401,44,209216
16348,0.001727,74.125.24.0-255,5738,159139,44,209216
16349,0.00174,74.125.24.0-255,2902,162041,44,209216
16350,0.00175,172.31.46.0-255,66,162107,44,209216
16351,0.001794,172.31.46.0-255,66,162173,44,209216
16352,0.001846,74.125.24.0-255,1484,163657,44,209216
16353,0.001851,74.125.24.0-255,2902,166559,44,209216
16354,0.001862,172.31.46.0-255,66,166625,44,209216
16355,0.001879,74.125.24.0-255,5738,172363,44,209216
16356,0.001883,172.31.46.0-255,66,172429,44,209216
16357,0.001898,74.125.24.0-255,7156,179585,44,209216
16358,0.001918,74.125.24.0-255,5738,185323,44,209216
16359,0.001942,172.31.46.0-255,66,185389,44,209216
16360,0.001974,172.31.46.0-255,66,185455,44,209216
16361,0.001999,74.125.24.0-255,2902,188357,44,209216
16362,0.002024,74.125.24.0-255,4320,192677,44,209216
16363,0.002035,172.31.46.0-255,66,192743,44,209216
16364,0.002057,74.125.24.0-255,1484,194227,44,209216
16365,0.002063,172.31.46.0-255,66,194293,44,209216
16366,0.002089,74.125.24.0-255,5214,199507,44,209216
16367,0.002092,74.125.24.0-255,105,199612,44,209216
16368,0.002097,172.31.46.0-255,66,199678,44,209216
16369,0.003972,172.31.46.0-255,105,199783,44,209216
16370,0.006198,74.125.24.0-255,66,199849,44,209216
16371,0.037215,172.31.46.0-255,172,200021,44,209216
16372,0.03725,172.31.46.0-255,1109,201130,44,209216
16373,0.037333,172.31.46.0-255,1514,202644,44,209216
16374,0.037335,172.31.46.0-255,1514,204158,44,209216
16375,0.037336,172.31.46.0-255,1514,205672,44,209216
16376,0.037337,172.31.46.0-255,1514,207186,44,209216
16377,0.037366,172.31.46.0-255,1514,208700,44,209216
16378,0.037367,172.31.46.0-255,78,208778,44,209216
16379,0.038719,104.244.42.0-255,66,208844,44,209216
16380,0.038745,104.244.42.0-255,66,208910,44,209216
16381,0.038871,104.244.42.0-255,66,208976,44,209216
16382,0.038878,104.244.42.0-255,66,209042,44,209216
16383,0.039626,104.244.42.0-255,108,209150,44,209216
16384,0.039637,172.31.46.0-255,66,209216,44,209216
16385,0.0,172.217.194.0-255,153,153,44,359111
16386,1.9e-05,172.31.46.0-255,66,219,44,359111
16387,2.6e-05,172.217.194.0-255,1484,1703,44,359111
16388,3e-05,172.31.46.0-255,66,1769,44,359111
16389,4.6e-05,172.217.194.0-255,2902,4671,44,359111
16390,4.9e-05,172.31.46.0-255,66,4737,44,359111
16391,5.8e-05,172.217.194.0-255,7156,11893,44,359111
16392,6.1e-05,172.31.46.0-255,66,11959,44,359111
16393,6.5e-05,172.217.194.0-255,2135,14094,44,359111
16394,6.7e-05,172.31.46.0-255,66,14160,44,359111
16395,0.000129,172.217.194.0-255,7156,21316,44,359111
16396,0.000132,172.31.46.0-255,66,21382,44,359111
16397,0.000158,172.217.194.0-255,2902,24284,44,359111
16398,0.000161,172.31.46.0-255,66,24350,44,359111
16399,0.000168,172.217.194.0-255,6797,31147,44,359111
16400,0.000171,172.31.46.0-255,66,31213,44,359111
16401,0.000239,172.217.194.0-255,1484,32697,44,359111
16402,0.000241,172.31.46.0-255,66,32763,44,359111
16403,0.000267,172.217.194.0-255,2902,35665,44,359111
16404,0.00027,172.31.46.0-255,66,35731,44,359111
16405,0.000275,172.217.194.0-255,4320,40051,44,359111
16406,0.000278,172.31.46.0-255,66,40117,44,359111
16407,0.000337,172.31.46.0-255,66,40183,44,359111
16408,0.000674,172.217.194.0-255,1484,41667,44,359111
16409,0.000679,172.217.194.0-255,2902,44569,44,359111
16410,0.000689,172.31.46.0-255,66,44635,44,359111
16411,0.000693,172.31.46.0-255,66,44701,44,359111
16412,0.000697,172.217.194.0-255,1484,46185,44,359111
16413,0.0007,172.31.46.0-255,66,46251,44,359111
16414,0.00072,172.217.194.0-255,4320,50571,44,359111
16415,0.000723,172.31.46.0-255,66,50637,44,359111
16416,0.000729,172.217.194.0-255,4320,54957,44,359111
16417,0.000736,172.31.46.0-255,66,55023,44,359111
16418,0.000766,172.217.194.0-255,2543,57566,44,359111
16419,0.000769,172.31.46.0-255,66,57632,44,359111
16420,0.000776,172.217.194.0-255,7156,64788,44,359111
16421,0.000779,172.31.46.0-255,66,64854,44,359111
16422,0.000786,172.217.194.0-255,7156,72010,44,359111
16423,0.000788,172.31.46.0-255,66,72076,44,359111
16424,0.000818,172.217.194.0-255,2822,74898,44,359111
16425,0.000821,172.31.46.0-255,66,74964,44,359111
16426,0.000858,172.217.194.0-255,2902,77866,44,359111
16427,0.000862,172.31.46.0-255,66,77932,44,359111
16428,0.000888,172.217.194.0-255,2902,80834,44,359111
16429,0.00089,172.31.46.0-255,66,80900,44,359111
16430,0.000898,172.217.194.0-255,7156,88056,44,359111
16431,0.0009,172.31.46.0-255,66,88122,44,359111
16432,0.000941,172.217.194.0-255,4248,92370,44,359111
16433,0.000944,172.31.46.0-255,66,92436,44,359111
16434,0.001085,172.217.194.0-255,1484,93920,44,359111
16435,0.001092,172.217.194.0-255,2902,96822,44,359111
16436,0.001095,172.31.46.0-255,66,96888,44,359111
16437,0.001157,172.217.194.0-255,5738,102626,44,359111
16438,0.001161,172.31.46.0-255,66,102692,44,359111
16439,0.001176,172.31.46.0-255,66,102758,44,359111
16440,0.001214,172.217.194.0-255,7156,109914,44,359111
16441,0.001218,172.31.46.0-255,66,109980,44,359111
16442,0.001252,172.31.46.0-255,66,110046,44,359111
16443,0.001386,172.217.194.0-255,1484,111530,44,359111
16444,0.001404,172.217.194.0-255,2902,114432,44,359111
16445,0.001407,172.31.46.0-255,66,114498,44,359111
16446,0.001412,172.217.194.0-255,2902,117400,44,359111
16447,0.001414,172.31.46.0-255,66,117466,44,359111
16448,0.00144,172.217.194.0-255,2902,120368,44,359111
16449,0.001443,172.31.46.0-255,66,120434,44,359111
16450,0.001458,172.31.46.0-255,66,120500,44,359111
16451,0.001501,172.217.194.0-255,5738,126238,44,359111
16452,0.001504,172.31.46.0-255,66,126304,44,359111
16453,0.001536,172.31.46.0-255,66,126370,44,359111
16454,0.001842,172.217.194.0-255,1484,127854,44,359111
16455,0.001861,172.217.194.0-255,2902,130756,44,359111
16456,0.001864,172.31.46.0-255,66,130822,44,359111
16457,0.001897,172.217.194.0-255,5738,136560,44,359111
16458,0.0019,172.31.46.0-255,66,136626,44,359111
16459,0.00191,172.31.46.0-255,66,136692,44,359111
16460,0.001953,172.217.194.0-255,5738,142430,44,359111
16461,0.001957,172.31.46.0-255,66,142496,44,359111
16462,0.001988,172.31.46.0-255,66,142562,44,359111
16463,0.002396,172.217.194.0-255,1484,144046,44,359111
16464,0.004384,172.217.194.0-255,4320,148366,44,359111
16465,0.004391,172.31.46.0-255,66,148432,44,359111
16466,0.006749,172.217.194.0-255,5738,154170,44,359111
16467,0.006753,172.31.46.0-255,66,154236,44,359111
16468,0.009153,172.217.194.0-255,5738,159974,44,359111
16469,0.00916,172.31.46.0-255,66,160040,44,359111
16470,0.011564,172.217.194.0-255,5738,165778,44,359111
16471,0.011572,172.31.46.0-255,66,165844,44,359111
16472,0.013963,172.217.194.0-255,5738,171582,44,359111
16473,0.01397,172.31.46.0-255,66,171648,44,359111
16474,0.016348,172.217.194.0-255,5738,177386,44,359111
16475,0.016356,172.31.46.0-255,66,177452,44,359111
16476,0.018753,172.217.194.0-255,5738,183190,44,359111
16477,0.018763,172.31.46.0-255,66,183256,44,359111
16478,0.02115,172.217.194.0-255,4320,187576,44,359111
16479,0.021159,172.31.46.0-255,66,187642,44,359111
16480,0.021187,172.217.194.0-255,1484,189126,44,359111
16481,0.023542,172.217.194.0-255,4320,193446,44,359111
16482,0.02355,172.31.46.0-255,66,193512,44,359111
16483,0.025974,172.217.194.0-255,5738,199250,44,359111
16484,0.025988,172.31.46.0-255,66,199316,44,359111
16485,0.028374,172.217.194.0-255,5738,205054,44,359111
16486,0.028385,172.31.46.0-255,66,205120,44,359111
16487,0.030747,172.217.194.0-255,5738,210858,44,359111
16488,0.030755,172.31.46.0-255,66,210924,44,359111
16489,0.033166,172.217.194.0-255,5738,216662,44,359111
16490,0.033175,172.31.46.0-255,66,216728,44,359111
16491,0.035536,172.217.194.0-255,5738,222466,44,359111
16492,0.035544,172.31.46.0-255,66,222532,44,359111
16493,0.036628,172.31.46.0-255,172,222704,44,359111
16494,0.036661,172.31.46.0-255,1114,223818,44,359111
16495,0.036736,172.31.46.0-255,1514,225332,44,359111
16496,0.036738,172.31.46.0-255,1514,226846,44,359111
16497,0.03674,172.31.46.0-255,1514,228360,44,359111
16498,0.036741,172.31.46.0-255,1514,229874,44,359111
16499,0.036771,172.31.46.0-255,1514,231388,44,359111
16500,0.036776,172.31.46.0-255,70,231458,44,359111
16501,0.037942,172.217.194.0-255,5738,237196,44,359111
16502,0.037949,172.31.46.0-255,66,237262,44,359111
16503,0.038178,104.244.42.0-255,66,237328,44,359111
16504,0.038235,104.244.42.0-255,66,237394,44,359111
16505,0.038325,104.244.42.0-255,66,237460,44,359111
16506,0.038331,104.244.42.0-255,66,237526,44,359111
16507,0.040349,172.217.194.0-255,5738,243264,44,359111
16508,0.040356,172.31.46.0-255,66,243330,44,359111
16509,0.04275,172.217.194.0-255,5738,249068,44,359111
16510,0.042757,172.31.46.0-255,66,249134,44,359111
16511,0.045142,172.217.194.0-255,5738,254872,44,359111
16512,0.045149,172.31.46.0-255,66,254938,44,359111
16513,0.04756,172.217.194.0-255,5738,260676,44,359111
16514,0.047567,172.31.46.0-255,66,260742,44,359111
16515,0.049951,172.217.194.0-255,5738,266480,44,359111
16516,0.049957,172.31.46.0-255,66,266546,44,359111
16517,0.052349,172.217.194.0-255,5738,272284,44,359111
16518,0.052355,172.31.46.0-255,66,272350,44,359111
16519,0.054752,172.217.194.0-255,5738,278088,44,359111
16520,0.054759,172.31.46.0-255,66,278154,44,359111
16521,0.05717,172.217.194.0-255,5738,283892,44,359111
16522,0.057177,172.31.46.0-255,66,283958,44,359111
16523,0.05956,172.217.194.0-255,5738,289696,44,359111
16524,0.059568,172.31.46.0-255,66,289762,44,359111
16525,0.061964,172.217.194.0-255,5738,295500,44,359111
16526,0.061975,172.31.46.0-255,66,295566,44,359111
16527,0.06435,172.217.194.0-255,5738,301304,44,359111
16528,0.064357,172.31.46.0-255,66,301370,44,359111
16529,0.066766,172.217.194.0-255,5738,307108,44,359111
16530,0.066772,172.31.46.0-255,66,307174,44,359111
16531,0.069157,172.217.194.0-255,5738,312912,44,359111
16532,0.069164,172.31.46.0-255,66,312978,44,359111
16533,0.071554,172.217.194.0-255,5738,318716,44,359111
16534,0.07156,172.31.46.0-255,66,318782,44,359111
16535,0.074028,172.217.194.0-255,5738,324520,44,359111
16536,0.074035,172.31.46.0-255,66,324586,44,359111
16537,0.076474,172.217.194.0-255,5738,330324,44,359111
16538,0.076481,172.31.46.0-255,66,330390,44,359111
16539,0.078871,172.217.194.0-255,5738,336128,44,359111
16540,0.078877,172.31.46.0-255,66,336194,44,359111
16541,0.081273,172.217.194.0-255,5738,341932,44,359111
16542,0.08128,172.31.46.0-255,66,341998,44,359111
16543,0.083666,172.217.194.0-255,5738,347736,44,359111
16544,0.083672,172.31.46.0-255,66,347802,44,359111
16545,0.086072,172.217.194.0-255,5738,353540,44,359111
16546,0.086078,172.31.46.0-255,66,353606,44,359111
16547,0.088508,172.217.194.0-255,5334,358940,44,359111
16548,0.088514,172.31.46.0-255,66,359006,44,359111
16549,0.088719,172.31.46.0-255,105,359111,44,359111
16550,0.0,74.125.24.0-255,153,153,44,296618
16551,2.1e-05,172.31.46.0-255,66,219,44,296618
16552,2.8e-05,74.125.24.0-255,1484,1703,44,296618
16553,3.3e-05,172.31.46.0-255,66,1769,44,296618
16554,3.8e-05,74.125.24.0-255,2902,4671,44,296618
16555,4.9e-05,172.31.46.0-255,66,4737,44,296618
16556,5.6e-05,74.125.24.0-255,7156,11893,44,296618
16557,5.9e-05,172.31.46.0-255,66,11959,44,296618
16558,6.2e-05,74.125.24.0-255,1484,13443,44,296618
16559,6.5e-05,172.31.46.0-255,66,13509,44,296618
16560,9.4e-05,74.125.24.0-255,3500,17009,44,296618
16561,9.7e-05,172.31.46.0-255,66,17075,44,296618
16562,0.000102,74.125.24.0-255,4320,21395,44,296618
16563,0.000104,172.31.46.0-255,66,21461,44,296618
16564,0.000143,172.31.46.0-255,66,21527,44,296618
16565,0.000189,74.125.24.0-255,1484,23011,44,296618
16566,0.000191,172.31.46.0-255,66,23077,44,296618
16567,0.000214,74.125.24.0-255,2902,25979,44,296618
16568,0.000216,74.125.24.0-255,1484,27463,44,296618
16569,0.00022,172.31.46.0-255,66,27529,44,296618
16570,0.000226,172.31.46.0-255,66,27595,44,296618
16571,0.000232,74.125.24.0-255,4320,31915,44,296618
16572,0.000237,172.31.46.0-255,66,31981,44,296618
16573,0.000244,74.125.24.0-255,6797,38778,44,296618
16574,0.000247,172.31.46.0-255,66,38844,44,296618
16575,0.00027,74.125.24.0-255,1484,40328,44,296618
16576,0.000272,172.31.46.0-255,66,40394,44,296618
16577,0.000305,172.31.46.0-255,66,40460,44,296618
16578,0.000308,74.125.24.0-255,2851,43311,44,296618
16579,0.00031,172.31.46.0-255,66,43377,44,296618
16580,0.00033,74.125.24.0-255,380,43757,44,296618
16581,0.000779,74.125.24.0-255,1484,45241,44,296618
16582,0.000782,74.125.24.0-255,1484,46725,44,296618
16583,0.000789,172.31.46.0-255,66,46791,44,296618
16584,0.000797,74.125.24.0-255,1484,48275,44,296618
16585,0.000803,74.125.24.0-255,5738,54013,44,296618
16586,0.00082,74.125.24.0-255,4320,58333,44,296618
16587,0.000831,74.125.24.0-255,1484,59817,44,296618
16588,0.000846,74.125.24.0-255,7156,66973,44,296618
16589,0.000862,172.31.46.0-255,66,67039,44,296618
16590,0.000887,74.125.24.0-255,2184,69223,44,296618
16591,0.000907,172.31.46.0-255,66,69289,44,296618
16592,0.00113,74.125.24.0-255,1484,70773,44,296618
16593,0.001135,74.125.24.0-255,2902,73675,44,296618
16594,0.001138,172.31.46.0-255,66,73741,44,296618
16595,0.00115,74.125.24.0-255,2902,76643,44,296618
16596,0.001165,74.125.24.0-255,2902,79545,44,296618
16597,0.001169,74.125.24.0-255,2902,82447,44,296618
16598,0.001179,172.31.46.0-255,66,82513,44,296618
16599,0.001196,74.125.24.0-255,7156,89669,44,296618
16600,0.001268,172.31.46.0-255,66,89735,44,296618
16601,0.00158,74.125.24.0-255,1484,91219,44,296618
16602,0.001595,74.125.24.0-255,2902,94121,44,296618
16603,0.001598,172.31.46.0-255,66,94187,44,296618
16604,0.001624,74.125.24.0-255,5738,99925,44,296618
16605,0.001636,172.31.46.0-255,66,99991,44,296618
16606,0.001667,172.31.46.0-255,66,100057,44,296618
16607,0.001702,74.125.24.0-255,2184,102241,44,296618
16608,0.001706,74.125.24.0-255,2902,105143,44,296618
16609,0.001711,172.31.46.0-255,66,105209,44,296618
16610,0.00174,74.125.24.0-255,7156,112365,44,296618
16611,0.001747,74.125.24.0-255,5738,118103,44,296618
16612,0.001758,172.31.46.0-255,66,118169,44,296618
16613,0.001788,172.31.46.0-255,66,118235,44,296618
16614,0.00247,74.125.24.0-255,1484,119719,44,296618
16615,0.002479,74.125.24.0-255,2902,122621,44,296618
16616,0.002483,172.31.46.0-255,66,122687,44,296618
16617,0.002487,74.125.24.0-255,1484,124171,44,296618
16618,0.002518,74.125.24.0-255,4320,128491,44,296618
16619,0.002581,74.125.24.0-255,2902,131393,44,296618
16620,0.0026,74.125.24.0-255,4320,135713,44,296618
16621,0.002603,74.125.24.0-255,1484,137197,44,296618
16622,0.002625,74.125.24.0-255,7156,144353,44,296618
16623,0.002627,74.125.24.0-255,1484,145837,44,296618
16624,0.007335,172.31.46.0-255,66,145903,44,296618
16625,0.0099,74.125.24.0-255,5738,151641,44,296618
16626,0.009907,172.31.46.0-255,66,151707,44,296618
16627,0.012468,74.125.24.0-255,5738,157445,44,296618
16628,0.012946,172.31.46.0-255,66,157511,44,296618
16629,0.015535,74.125.24.0-255,5738,163249,44,296618
16630,0.015545,172.31.46.0-255,66,163315,44,296618
16631,0.018139,74.125.24.0-255,5738,169053,44,296618
16632,0.018151,172.31.46.0-255,66,169119,44,296618
16633,0.020736,74.125.24.0-255,5738,174857,44,296618
16634,0.020744,172.31.46.0-255,66,174923,44,296618
16635,0.023345,74.125.24.0-255,5738,180661,44,296618
16636,0.023351,172.31.46.0-255,66,180727,44,296618
16637,0.025921,74.125.24.0-255,5738,186465,44,296618
16638,0.025931,172.31.46.0-255,66,186531,44,296618
16639,0.028509,74.125.24.0-255,5738,192269,44,296618
16640,0.028517,172.31.46.0-255,66,192335,44,296618
16641,0.031146,74.125.24.0-255,5738,198073,44,296618
16642,0.031153,172.31.46.0-255,66,198139,44,296618
16643,0.033752,74.125.24.0-255,5738,203877,44,296618
16644,0.033761,172.31.46.0-255,66,203943,44,296618
16645,0.035656,172.31.46.0-255,172,204115,44,296618
16646,0.03569,172.31.46.0-255,1114,205229,44,296618
16647,0.035763,172.31.46.0-255,1514,206743,44,296618
16648,0.035765,172.31.46.0-255,1514,208257,44,296618
16649,0.035771,172.31.46.0-255,1514,209771,44,296618
16650,0.035772,172.31.46.0-255,1514,211285,44,296618
16651,0.035791,172.31.46.0-255,1514,212799,44,296618
16652,0.035792,172.31.46.0-255,70,212869,44,296618
16653,0.036353,74.125.24.0-255,5738,218607,44,296618
16654,0.036361,172.31.46.0-255,66,218673,44,296618
16655,0.037206,104.244.42.0-255,66,218739,44,296618
16656,0.037225,104.244.42.0-255,66,218805,44,296618
16657,0.037324,104.244.42.0-255,66,218871,44,296618
16658,0.037331,104.244.42.0-255,66,218937,44,296618
16659,0.038938,74.125.24.0-255,5738,224675,44,296618
16660,0.038945,172.31.46.0-255,66,224741,44,296618
16661,0.038987,104.244.42.0-255,108,224849,44,296618
16662,0.038991,172.31.46.0-255,66,224915,44,296618
16663,0.041593,74.125.24.0-255,5738,230653,44,296618
16664,0.041601,172.31.46.0-255,66,230719,44,296618
16665,0.044198,74.125.24.0-255,5738,236457,44,296618
16666,0.044204,172.31.46.0-255,66,236523,44,296618
16667,0.046781,74.125.24.0-255,5738,242261,44,296618
16668,0.046788,172.31.46.0-255,66,242327,44,296618
16669,0.049346,74.125.24.0-255,5738,248065,44,296618
16670,0.049352,172.31.46.0-255,66,248131,44,296618
16671,0.051939,74.125.24.0-255,5738,253869,44,296618
16672,0.051945,172.31.46.0-255,66,253935,44,296618
16673,0.054527,74.125.24.0-255,5738,259673,44,296618
16674,0.054537,172.31.46.0-255,66,259739,44,296618
16675,0.057117,74.125.24.0-255,5738,265477,44,296618
16676,0.057123,172.31.46.0-255,66,265543,44,296618
16677,0.059701,74.125.24.0-255,5738,271281,44,296618
16678,0.059708,172.31.46.0-255,66,271347,44,296618
16679,0.062286,74.125.24.0-255,5738,277085,44,296618
16680,0.062292,172.31.46.0-255,66,277151,44,296618
16681,0.064875,74.125.24.0-255,5738,282889,44,296618
16682,0.064881,172.31.46.0-255,66,282955,44,296618
16683,0.067448,74.125.24.0-255,2902,285857,44,296618
16684,0.067453,172.31.46.0-255,66,285923,44,296618
16685,0.067479,74.125.24.0-255,2902,288825,44,296618
16686,0.067498,172.31.46.0-255,66,288891,44,296618
16687,0.07006,74.125.24.0-255,2902,291793,44,296618
16688,0.070066,172.31.46.0-255,66,291859,44,296618
16689,0.070096,74.125.24.0-255,2902,294761,44,296618
16690,0.07012,172.31.46.0-255,66,294827,44,296618
16691,0.072652,74.125.24.0-255,1554,296381,44,296618
16692,0.072657,172.31.46.0-255,66,296447,44,296618
16693,0.072803,172.31.46.0-255,105,296552,44,296618
16694,0.075341,74.125.24.0-255,66,296618,44,296618
16695,0.0,74.125.24.0-255,153,153,44,364864
16696,2.3e-05,172.31.46.0-255,66,219,44,364864
16697,3e-05,74.125.24.0-255,1484,1703,44,364864
16698,3.4e-05,172.31.46.0-255,66,1769,44,364864
16699,4e-05,74.125.24.0-255,2902,4671,44,364864
16700,4.4e-05,172.31.46.0-255,66,4737,44,364864
16701,5.2e-05,74.125.24.0-255,7156,11893,44,364864
16702,5.5e-05,172.31.46.0-255,66,11959,44,364864
16703,5.9e-05,74.125.24.0-255,2092,14051,44,364864
16704,6.2e-05,172.31.46.0-255,66,14117,44,364864
16705,0.000101,74.125.24.0-255,7156,21273,44,364864
16706,0.000104,172.31.46.0-255,66,21339,44,364864
16707,0.000121,74.125.24.0-255,2902,24241,44,364864
16708,0.000124,172.31.46.0-255,66,24307,44,364864
16709,0.000142,74.125.24.0-255,6797,31104,44,364864
16710,0.000144,172.31.46.0-255,66,31170,44,364864
16711,0.000904,74.125.24.0-255,1484,32654,44,364864
16712,0.000911,172.31.46.0-255,66,32720,44,364864
16713,0.000919,74.125.24.0-255,2902,35622,44,364864
16714,0.000921,172.31.46.0-255,66,35688,44,364864
16715,0.000927,74.125.24.0-255,2902,38590,44,364864
16716,0.000929,172.31.46.0-255,66,38656,44,364864
16717,0.000935,74.125.24.0-255,4320,42976,44,364864
16718,0.000937,172.31.46.0-255,66,43042,44,364864
16719,0.000968,172.31.46.0-255,66,43108,44,364864
16720,0.000971,74.125.24.0-255,1484,44592,44,364864
16721,0.000973,172.31.46.0-255,66,44658,44,364864
16722,0.00099,74.125.24.0-255,5738,50396,44,364864
16723,0.000992,172.31.46.0-255,66,50462,44,364864
16724,0.001005,74.125.24.0-255,2902,53364,44,364864
16725,0.001007,172.31.46.0-255,66,53430,44,364864
16726,0.001011,74.125.24.0-255,2543,55973,44,364864
16727,0.001098,74.125.24.0-255,1484,57457,44,364864
16728,0.001104,74.125.24.0-255,2902,60359,44,364864
16729,0.001125,74.125.24.0-255,4320,64679,44,364864
16730,0.00114,74.125.24.0-255,1484,66163,44,364864
16731,0.001167,74.125.24.0-255,1484,67647,44,364864
16732,0.0012,74.125.24.0-255,5738,73385,44,364864
16733,0.001229,74.125.24.0-255,6438,79823,44,364864
16734,0.001233,74.125.24.0-255,2902,82725,44,364864
16735,0.001251,74.125.24.0-255,4320,87045,44,364864
16736,0.001265,74.125.24.0-255,2902,89947,44,364864
16737,0.001278,74.125.24.0-255,5738,95685,44,364864
16738,0.001292,74.125.24.0-255,5262,100947,44,364864
16739,0.001358,74.125.24.0-255,2902,103849,44,364864
16740,0.001501,74.125.24.0-255,1484,105333,44,364864
16741,0.001505,74.125.24.0-255,1484,106817,44,364864
16742,0.001528,74.125.24.0-255,1484,108301,44,364864
16743,0.001535,74.125.24.0-255,5738,114039,44,364864
16744,0.001553,74.125.24.0-255,5738,119777,44,364864
16745,0.001577,74.125.24.0-255,7156,126933,44,364864
16746,0.001581,74.125.24.0-255,1484,128417,44,364864
16747,0.001677,74.125.24.0-255,1484,129901,44,364864
16748,0.001683,74.125.24.0-255,2902,132803,44,364864
16749,0.001687,74.125.24.0-255,1484,134287,44,364864
16750,0.001718,74.125.24.0-255,4320,138607,44,364864
16751,0.001759,74.125.24.0-255,5738,144345,44,364864
16752,0.001783,74.125.24.0-255,7156,151501,44,364864
16753,0.00179,74.125.24.0-255,7156,158657,44,364864
16754,0.001795,74.125.24.0-255,3602,162259,44,364864
16755,0.002293,74.125.24.0-255,1484,163743,44,364864
16756,0.002306,74.125.24.0-255,1484,165227,44,364864
16757,0.002321,74.125.24.0-255,1484,166711,44,364864
16758,0.002327,74.125.24.0-255,5738,172449,44,364864
16759,0.002333,74.125.24.0-255,4320,176769,44,364864
16760,0.005788,172.31.46.0-255,66,176835,44,364864
16761,0.00814,74.125.24.0-255,5738,182573,44,364864
16762,0.008147,172.31.46.0-255,66,182639,44,364864
16763,0.010441,74.125.24.0-255,5738,188377,44,364864
16764,0.01045,172.31.46.0-255,66,188443,44,364864
16765,0.012751,74.125.24.0-255,4320,192763,44,364864
16766,0.012759,172.31.46.0-255,66,192829,44,364864
16767,0.012779,74.125.24.0-255,1484,194313,44,364864
16768,0.015037,74.125.24.0-255,4320,198633,44,364864
16769,0.015044,172.31.46.0-255,66,198699,44,364864
16770,0.01733,74.125.24.0-255,5738,204437,44,364864
16771,0.01738,172.31.46.0-255,66,204503,44,364864
16772,0.019686,74.125.24.0-255,5738,210241,44,364864
16773,0.019697,172.31.46.0-255,66,210307,44,364864
16774,0.021972,74.125.24.0-255,5738,216045,44,364864
16775,0.02198,172.31.46.0-255,66,216111,44,364864
16776,0.02428,74.125.24.0-255,5738,221849,44,364864
16777,0.024287,172.31.46.0-255,66,221915,44,364864
16778,0.026586,74.125.24.0-255,4320,226235,44,364864
16779,0.026593,172.31.46.0-255,66,226301,44,364864
16780,0.026615,74.125.24.0-255,1484,227785,44,364864
16781,0.028884,74.125.24.0-255,4320,232105,44,364864
16782,0.028894,172.31.46.0-255,66,232171,44,364864
16783,0.031182,74.125.24.0-255,5738,237909,44,364864
16784,0.031285,172.31.46.0-255,66,237975,44,364864
16785,0.033591,74.125.24.0-255,5738,243713,44,364864
16786,0.033603,172.31.46.0-255,66,243779,44,364864
16787,0.035883,74.125.24.0-255,5738,249517,44,364864
16788,0.035898,172.31.46.0-255,66,249583,44,364864
16789,0.038187,74.125.24.0-255,5738,255321,44,364864
16790,0.038195,172.31.46.0-255,66,255387,44,364864
16791,0.038834,172.31.46.0-255,182,255569,44,364864
16792,0.038868,172.31.46.0-255,1114,256683,44,364864
16793,0.038931,172.31.46.0-255,1514,258197,44,364864
16794,0.038933,172.31.46.0-255,1514,259711,44,364864
16795,0.038939,172.31.46.0-255,1514,261225,44,364864
16796,0.03894,172.31.46.0-255,1514,262739,44,364864
16797,0.038968,172.31.46.0-255,1514,264253,44,364864
16798,0.038969,172.31.46.0-255,70,264323,44,364864
16799,0.040408,104.244.42.0-255,66,264389,44,364864
16800,0.040466,104.244.42.0-255,66,264455,44,364864
16801,0.040497,74.125.24.0-255,5738,270193,44,364864
16802,0.040503,172.31.46.0-255,66,270259,44,364864
16803,0.040531,104.244.42.0-255,66,270325,44,364864
16804,0.040567,104.244.42.0-255,66,270391,44,364864
16805,0.042796,74.125.24.0-255,5738,276129,44,364864
16806,0.042803,172.31.46.0-255,66,276195,44,364864
16807,0.045176,74.125.24.0-255,5738,281933,44,364864
16808,0.045183,172.31.46.0-255,66,281999,44,364864
16809,0.047474,74.125.24.0-255,5738,287737,44,364864
16810,0.04748,172.31.46.0-255,66,287803,44,364864
16811,0.04978,74.125.24.0-255,5738,293541,44,364864
16812,0.049787,172.31.46.0-255,66,293607,44,364864
16813,0.052122,74.125.24.0-255,5738,299345,44,364864
16814,0.052129,172.31.46.0-255,66,299411,44,364864
16815,0.054413,74.125.24.0-255,5738,305149,44,364864
16816,0.054419,172.31.46.0-255,66,305215,44,364864
16817,0.056716,74.125.24.0-255,5738,310953,44,364864
16818,0.056722,172.31.46.0-255,66,311019,44,364864
16819,0.059012,74.125.24.0-255,5738,316757,44,364864
16820,0.059018,172.31.46.0-255,66,316823,44,364864
16821,0.061317,74.125.24.0-255,5738,322561,44,364864
16822,0.061324,172.31.46.0-255,66,322627,44,364864
16823,0.063639,74.125.24.0-255,5738,328365,44,364864
16824,0.063651,172.31.46.0-255,66,328431,44,364864
16825,0.065926,74.125.24.0-255,5738,334169,44,364864
16826,0.065934,172.31.46.0-255,66,334235,44,364864
16827,0.068275,74.125.24.0-255,5738,339973,44,364864
16828,0.068281,172.31.46.0-255,66,340039,44,364864
16829,0.070583,74.125.24.0-255,5738,345777,44,364864
16830,0.070592,172.31.46.0-255,66,345843,44,364864
16831,0.072898,74.125.24.0-255,5738,351581,44,364864
16832,0.072905,172.31.46.0-255,66,351647,44,364864
16833,0.075202,74.125.24.0-255,5738,357385,44,364864
16834,0.075208,172.31.46.0-255,66,357451,44,364864
16835,0.07751,74.125.24.0-255,5738,363189,44,364864
16836,0.077515,172.31.46.0-255,66,363255,44,364864
16837,0.079796,74.125.24.0-255,1372,364627,44,364864
16838,0.079951,172.31.46.0-255,66,364693,44,364864
16839,0.079988,172.31.46.0-255,105,364798,44,364864
16840,0.08225,74.125.24.0-255,66,364864,44,364864
16841,0.0,74.125.24.0-255,150,150,44,332450
16842,1.6e-05,172.31.46.0-255,66,216,44,332450
16843,2.2e-05,74.125.24.0-255,1484,1700,44,332450
16844,2.7e-05,172.31.46.0-255,66,1766,44,332450
16845,3.2e-05,74.125.24.0-255,2902,4668,44,332450
16846,3.6e-05,172.31.46.0-255,66,4734,44,332450
16847,5.2e-05,74.125.24.0-255,7156,11890,44,332450
16848,5.6e-05,172.31.46.0-255,66,11956,44,332450
16849,7.9e-05,74.125.24.0-255,1939,13895,44,332450
16850,8.2e-05,172.31.46.0-255,66,13961,44,332450
16851,0.000563,74.125.24.0-255,1484,15445,44,332450
16852,0.000569,172.31.46.0-255,66,15511,44,332450
16853,0.000578,74.125.24.0-255,2902,18413,44,332450
16854,0.000581,172.31.46.0-255,66,18479,44,332450
16855,0.000594,74.125.24.0-255,5738,24217,44,332450
16856,0.000597,172.31.46.0-255,66,24283,44,332450
16857,0.000647,172.31.46.0-255,66,24349,44,332450
16858,0.000654,74.125.24.0-255,7156,31505,44,332450
16859,0.000656,172.31.46.0-255,66,31571,44,332450
16860,0.000727,172.31.46.0-255,66,31637,44,332450
16861,0.000731,74.125.24.0-255,440,32077,44,332450
16862,0.000733,172.31.46.0-255,66,32143,44,332450
16863,0.000877,74.125.24.0-255,1484,33627,44,332450
16864,0.000883,172.31.46.0-255,66,33693,44,332450
16865,0.000889,74.125.24.0-255,2902,36595,44,332450
16866,0.000891,172.31.46.0-255,66,36661,44,332450
16867,0.000921,74.125.24.0-255,5738,42399,44,332450
16868,0.000924,172.31.46.0-255,66,42465,44,332450
16869,0.00093,74.125.24.0-255,4320,46785,44,332450
16870,0.000932,172.31.46.0-255,66,46851,44,332450
16871,0.000953,74.125.24.0-255,4320,51171,44,332450
16872,0.00096,74.125.24.0-255,5738,56909,44,332450
16873,0.000982,74.125.24.0-255,4320,61229,44,332450
16874,0.000989,74.125.24.0-255,5020,66249,44,332450
16875,0.001002,74.125.24.0-255,333,66582,44,332450
16876,0.001242,74.125.24.0-255,1484,68066,44,332450
16877,0.00125,74.125.24.0-255,2902,70968,44,332450
16878,0.001277,74.125.24.0-255,5738,76706,44,332450
16879,0.001294,74.125.24.0-255,5738,82444,44,332450
16880,0.001308,74.125.24.0-255,1484,83928,44,332450
16881,0.001323,74.125.24.0-255,5738,89666,44,332450
16882,0.001358,74.125.24.0-255,2184,91850,44,332450
16883,0.001658,74.125.24.0-255,1484,93334,44,332450
16884,0.001666,74.125.24.0-255,2902,96236,44,332450
16885,0.001682,74.125.24.0-255,5738,101974,44,332450
16886,0.001707,74.125.24.0-255,5738,107712,44,332450
16887,0.001718,74.125.24.0-255,2902,110614,44,332450
16888,0.001753,74.125.24.0-255,2902,113516,44,332450
16889,0.00211,74.125.24.0-255,1484,115000,44,332450
16890,0.002121,74.125.24.0-255,2902,117902,44,332450
16891,0.002138,74.125.24.0-255,4320,122222,44,332450
16892,0.002149,74.125.24.0-255,1484,123706,44,332450
16893,0.002207,74.125.24.0-255,4320,128026,44,332450
16894,0.002242,74.125.24.0-255,2184,130210,44,332450
16895,0.002912,172.31.46.0-255,66,130276,44,332450
16896,0.005192,74.125.24.0-255,5738,136014,44,332450
16897,0.005199,172.31.46.0-255,66,136080,44,332450
16898,0.007448,74.125.24.0-255,5738,141818,44,332450
16899,0.007456,172.31.46.0-255,66,141884,44,332450
16900,0.009715,74.125.24.0-255,5738,147622,44,332450
16901,0.01105,172.31.46.0-255,66,147688,44,332450
16902,0.013325,74.125.24.0-255,5738,153426,44,332450
16903,0.013335,172.31.46.0-255,66,153492,44,332450
16904,0.01563,74.125.24.0-255,5738,159230,44,332450
16905,0.015638,172.31.46.0-255,66,159296,44,332450
16906,0.017888,74.125.24.0-255,5738,165034,44,332450
16907,0.017896,172.31.46.0-255,66,165100,44,332450
16908,0.020177,74.125.24.0-255,5738,170838,44,332450
16909,0.020186,172.31.46.0-255,66,170904,44,332450
16910,0.022457,172.31.46.0-255,167,171071,44,332450
16911,0.022468,74.125.24.0-255,5738,176809,44,332450
16912,0.022474,172.31.46.0-255,66,176875,44,332450
16913,0.022536,172.31.46.0-255,1113,177988,44,332450
16914,0.022704,172.31.46.0-255,1514,179502,44,332450
16915,0.022706,172.31.46.0-255,1514,181016,44,332450
16916,0.022708,172.31.46.0-255,1514,182530,44,332450
16917,0.022713,172.31.46.0-255,1514,184044,44,332450
16918,0.022714,172.31.46.0-255,557,184601,44,332450
16919,0.024727,74.125.24.0-255,5738,190339,44,332450
16920,0.024734,172.31.46.0-255,66,190405,44,332450
16921,0.024826,104.244.42.0-255,66,190471,44,332450
16922,0.025604,104.244.42.0-255,108,190579,44,332450
16923,0.025626,172.31.46.0-255,66,190645,44,332450
16924,0.026988,74.125.24.0-255,5738,196383,44,332450
16925,0.026992,172.31.46.0-255,66,196449,44,332450
16926,0.029254,74.125.24.0-255,5738,202187,44,332450
16927,0.02926,172.31.46.0-255,66,202253,44,332450
16928,0.031528,74.125.24.0-255,5738,207991,44,332450
16929,0.031535,172.31.46.0-255,66,208057,44,332450
16930,0.033778,74.125.24.0-255,5738,213795,44,332450
16931,0.033784,172.31.46.0-255,66,213861,44,332450
16932,0.036023,74.125.24.0-255,5738,219599,44,332450
16933,0.036029,172.31.46.0-255,66,219665,44,332450
16934,0.03827,74.125.24.0-255,5738,225403,44,332450
16935,0.038275,172.31.46.0-255,66,225469,44,332450
16936,0.040531,74.125.24.0-255,5738,231207,44,332450
16937,0.040537,172.31.46.0-255,66,231273,44,332450
16938,0.042815,74.125.24.0-255,5738,237011,44,332450
16939,0.042821,172.31.46.0-255,66,237077,44,332450
16940,0.04512,74.125.24.0-255,5738,242815,44,332450
16941,0.045126,172.31.46.0-255,66,242881,44,332450
16942,0.047376,74.125.24.0-255,2902,245783,44,332450
16943,0.047398,172.31.46.0-255,66,245849,44,332450
16944,0.047424,74.125.24.0-255,2902,248751,44,332450
16945,0.047458,172.31.46.0-255,66,248817,44,332450
16946,0.049664,74.125.24.0-255,2902,251719,44,332450
16947,0.049669,172.31.46.0-255,66,251785,44,332450
16948,0.049705,74.125.24.0-255,2902,254687,44,332450
16949,0.04972,172.31.46.0-255,66,254753,44,332450
16950,0.051936,74.125.24.0-255,2902,257655,44,332450
16951,0.051942,172.31.46.0-255,66,257721,44,332450
16952,0.051985,74.125.24.0-255,2902,260623,44,332450
16953,0.051995,172.31.46.0-255,66,260689,44,332450
16954,0.054208,74.125.24.0-255,2902,263591,44,332450
16955,0.054213,172.31.46.0-255,66,263657,44,332450
16956,0.054252,74.125.24.0-255,2902,266559,44,332450
16957,0.054271,172.31.46.0-255,66,266625,44,332450
16958,0.056473,74.125.24.0-255,2902,269527,44,332450
16959,0.056478,172.31.46.0-255,66,269593,44,332450
16960,0.056513,74.125.24.0-255,2902,272495,44,332450
16961,0.056528,172.31.46.0-255,66,272561,44,332450
16962,0.058706,74.125.24.0-255,2902,275463,44,332450
16963,0.058712,172.31.46.0-255,66,275529,44,332450
16964,0.058783,74.125.24.0-255,2902,278431,44,332450
16965,0.058791,172.31.46.0-255,66,278497,44,332450
16966,0.060945,74.125.24.0-255,2902,281399,44,332450
16967,0.06095,172.31.46.0-255,66,281465,44,332450
16968,0.061014,74.125.24.0-255,2902,284367,44,332450
16969,0.06103,172.31.46.0-255,66,284433,44,332450
16970,0.063185,74.125.24.0-255,2902,287335,44,332450
16971,0.06319,172.31.46.0-255,66,287401,44,332450
16972,0.06327,74.125.24.0-255,2902,290303,44,332450
16973,0.063284,172.31.46.0-255,66,290369,44,332450
16974,0.065435,74.125.24.0-255,2902,293271,44,332450
16975,0.065441,172.31.46.0-255,66,293337,44,332450
16976,0.065544,74.125.24.0-255,2902,296239,44,332450
16977,0.065549,172.31.46.0-255,66,296305,44,332450
16978,0.067708,74.125.24.0-255,2902,299207,44,332450
16979,0.067722,172.31.46.0-255,66,299273,44,332450
16980,0.067811,74.125.24.0-255,2902,302175,44,332450
16981,0.069994,74.125.24.0-255,2902,305077,44,332450
16982,0.074759,172.31.46.0-255,66,305143,44,332450
16983,0.077022,74.125.24.0-255,5738,310881,44,332450
16984,0.077041,172.31.46.0-255,66,310947,44,332450
16985,0.079306,74.125.24.0-255,5738,316685,44,332450
16986,0.079328,172.31.46.0-255,66,316751,44,332450
16987,0.081608,74.125.24.0-255,5738,322489,44,332450
16988,0.081624,172.31.46.0-255,66,322555,44,332450
16989,0.083891,74.125.24.0-255,5738,328293,44,332450
16990,0.083908,172.31.46.0-255,66,328359,44,332450
16991,0.086162,74.125.24.0-255,3854,332213,44,332450
16992,0.086181,172.31.46.0-255,66,332279,44,332450
16993,0.08649,172.31.46.0-255,105,332384,44,332450
16994,0.088715,74.125.24.0-255,66,332450,44,332450
16995,0.0,172.217.194.0-255,150,150,44,233900
16996,2.1e-05,172.31.46.0-255,66,216,44,233900
16997,2.8e-05,172.217.194.0-255,1484,1700,44,233900
16998,3.3e-05,172.31.46.0-255,66,1766,44,233900
16999,3.9e-05,172.217.194.0-255,2902,4668,44,233900
17000,5.2e-05,172.31.46.0-255,66,4734,44,233900
17001,6e-05,172.217.194.0-255,7156,11890,44,233900
17002,6.3e-05,172.31.46.0-255,66,11956,44,233900
17003,6.7e-05,172.217.194.0-255,2005,13961,44,233900
17004,7.1e-05,172.31.46.0-255,66,14027,44,233900
17005,7.7e-05,172.217.194.0-255,2902,16929,44,233900
17006,8e-05,172.31.46.0-255,66,16995,44,233900
17007,0.000123,172.31.46.0-255,66,17061,44,233900
17008,0.000145,172.31.46.0-255,66,17127,44,233900
17009,0.000168,172.217.194.0-255,2902,20029,44,233900
17010,0.000171,172.31.46.0-255,66,20095,44,233900
17011,0.000175,172.217.194.0-255,2184,22279,44,233900
17012,0.000178,172.31.46.0-255,66,22345,44,233900
17013,0.000182,172.217.194.0-255,2902,25247,44,233900
17014,0.000185,172.31.46.0-255,66,25313,44,233900
17015,0.000192,172.217.194.0-255,7156,32469,44,233900
17016,0.000195,172.31.46.0-255,66,32535,44,233900
17017,0.00023,172.217.194.0-255,7088,39623,44,233900
17018,0.000233,172.31.46.0-255,66,39689,44,233900
17019,0.000269,172.217.194.0-255,1484,41173,44,233900
17020,0.000271,172.31.46.0-255,66,41239,44,233900
17021,0.000276,172.217.194.0-255,2902,44141,44,233900
17022,0.000278,172.31.46.0-255,66,44207,44,233900
17023,0.000283,172.217.194.0-255,2902,47109,44,233900
17024,0.000285,172.31.46.0-255,66,47175,44,233900
17025,0.000313,172.217.194.0-255,2902,50077,44,233900
17026,0.000315,172.31.46.0-255,66,50143,44,233900
17027,0.000325,172.31.46.0-255,66,50209,44,233900
17028,0.000344,172.31.46.0-255,66,50275,44,233900
17029,0.000373,172.217.194.0-255,2543,52818,44,233900
17030,0.000375,172.31.46.0-255,66,52884,44,233900
17031,0.001099,172.217.194.0-255,1484,54368,44,233900
17032,0.001107,172.217.194.0-255,2902,57270,44,233900
17033,0.001111,172.31.46.0-255,66,57336,44,233900
17034,0.001118,172.217.194.0-255,4320,61656,44,233900
17035,0.00112,172.31.46.0-255,66,61722,44,233900
17036,0.001151,172.217.194.0-255,1484,63206,44,233900
17037,0.001169,172.31.46.0-255,66,63272,44,233900
17038,0.001181,172.31.46.0-255,66,63338,44,233900
17039,0.001206,172.217.194.0-255,766,64104,44,233900
17040,0.001673,172.217.194.0-255,1484,65588,44,233900
17041,0.001678,172.31.46.0-255,66,65654,44,233900
17042,0.001684,172.217.194.0-255,2902,68556,44,233900
17043,0.001686,172.31.46.0-255,66,68622,44,233900
17044,0.001692,172.217.194.0-255,4320,72942,44,233900
17045,0.001699,172.31.46.0-255,66,73008,44,233900
17046,0.001709,172.217.194.0-255,1484,74492,44,233900
17047,0.001716,172.217.194.0-255,5738,80230,44,233900
17048,0.001718,172.31.46.0-255,66,80296,44,233900
17049,0.001746,172.217.194.0-255,7156,87452,44,233900
17050,0.001749,172.31.46.0-255,66,87518,44,233900
17051,0.001766,172.31.46.0-255,66,87584,44,233900
17052,0.001834,172.217.194.0-255,1484,89068,44,233900
17053,0.001841,172.217.194.0-255,2902,91970,44,233900
17054,0.001843,172.31.46.0-255,66,92036,44,233900
17055,0.001876,172.217.194.0-255,5738,97774,44,233900
17056,0.001879,172.31.46.0-255,66,97840,44,233900
17057,0.001893,172.31.46.0-255,66,97906,44,233900
17058,0.001909,172.31.46.0-255,66,97972,44,233900
17059,0.002,172.31.46.0-255,66,98038,44,233900
17060,0.002008,172.31.46.0-255,66,98104,44,233900
17061,0.002011,172.217.194.0-255,1484,99588,44,233900
17062,0.002084,172.31.46.0-255,66,99654,44,233900
17063,0.002087,172.217.194.0-255,1484,101138,44,233900
17064,0.004098,172.217.194.0-255,4320,105458,44,233900
17065,0.004105,172.31.46.0-255,66,105524,44,233900
17066,0.006117,172.217.194.0-255,5738,111262,44,233900
17067,0.006124,172.31.46.0-255,66,111328,44,233900
17068,0.008155,172.217.194.0-255,5738,117066,44,233900
17069,0.008161,172.31.46.0-255,66,117132,44,233900
17070,0.010177,172.217.194.0-255,5738,122870,44,233900
17071,0.010185,172.31.46.0-255,66,122936,44,233900
17072,0.0122,172.217.194.0-255,5738,128674,44,233900
17073,0.012208,172.31.46.0-255,66,128740,44,233900
17074,0.014212,172.217.194.0-255,5738,134478,44,233900
17075,0.014222,172.31.46.0-255,66,134544,44,233900
17076,0.016235,172.217.194.0-255,5738,140282,44,233900
17077,0.016242,172.31.46.0-255,66,140348,44,233900
17078,0.018265,172.217.194.0-255,5738,146086,44,233900
17079,0.018271,172.31.46.0-255,66,146152,44,233900
17080,0.020294,172.217.194.0-255,5738,151890,44,233900
17081,0.020304,172.31.46.0-255,66,151956,44,233900
17082,0.022323,172.217.194.0-255,5738,157694,44,233900
17083,0.02233,172.31.46.0-255,66,157760,44,233900
17084,0.02435,172.217.194.0-255,5738,163498,44,233900
17085,0.02436,172.31.46.0-255,66,163564,44,233900
17086,0.026396,172.217.194.0-255,5738,169302,44,233900
17087,0.026406,172.31.46.0-255,66,169368,44,233900
17088,0.02844,172.217.194.0-255,5738,175106,44,233900
17089,0.028449,172.31.46.0-255,66,175172,44,233900
17090,0.03048,172.217.194.0-255,5738,180910,44,233900
17091,0.030491,172.31.46.0-255,66,180976,44,233900
17092,0.032515,172.217.194.0-255,5738,186714,44,233900
17093,0.032523,172.31.46.0-255,66,186780,44,233900
17094,0.03452,172.217.194.0-255,5738,192518,44,233900
17095,0.034527,172.31.46.0-255,66,192584,44,233900
17096,0.036535,172.217.194.0-255,5738,198322,44,233900
17097,0.036543,172.31.46.0-255,66,198388,44,233900
17098,0.038556,172.217.194.0-255,5738,204126,44,233900
17099,0.038562,172.31.46.0-255,66,204192,44,233900
17100,0.04057,172.217.194.0-255,5738,209930,44,233900
17101,0.040581,172.31.46.0-255,66,209996,44,233900
17102,0.042104,172.31.46.0-255,172,210168,44,233900
17103,0.042131,172.31.46.0-255,1114,211282,44,233900
17104,0.042192,172.31.46.0-255,1514,212796,44,233900
17105,0.042193,172.31.46.0-255,1514,214310,44,233900
17106,0.042194,172.31.46.0-255,1514,215824,44,233900
17107,0.042195,172.31.46.0-255,1514,217338,44,233900
17108,0.042196,172.31.46.0-255,1514,218852,44,233900
17109,0.042222,172.31.46.0-255,72,218924,44,233900
17110,0.042626,172.217.194.0-255,5738,224662,44,233900
17111,0.042632,172.31.46.0-255,66,224728,44,233900
17112,0.043629,104.244.42.0-255,66,224794,44,233900
17113,0.043675,104.244.42.0-255,66,224860,44,233900
17114,0.043726,104.244.42.0-255,66,224926,44,233900
17115,0.04373,104.244.42.0-255,66,224992,44,233900
17116,0.044394,104.244.42.0-255,108,225100,44,233900
17117,0.044402,172.31.46.0-255,66,225166,44,233900
17118,0.044664,172.217.194.0-255,5738,230904,44,233900
17119,0.044669,172.31.46.0-255,66,230970,44,233900
17120,0.046718,172.217.194.0-255,2693,233663,44,233900
17121,0.046725,172.31.46.0-255,66,233729,44,233900
17122,0.046911,172.31.46.0-255,105,233834,44,233900
17123,0.048881,172.217.194.0-255,66,233900,44,233900
17124,0.0,74.125.200.0-255,299,299,44,339091
17125,2.3e-05,172.31.46.0-255,66,365,44,339091
17126,3e-05,74.125.200.0-255,1484,1849,44,339091
17127,3.5e-05,172.31.46.0-255,66,1915,44,339091
17128,5.1e-05,74.125.200.0-255,4320,6235,44,339091
17129,5.4e-05,172.31.46.0-255,66,6301,44,339091
17130,8.7e-05,172.31.46.0-255,66,6367,44,339091
17131,9.6e-05,74.125.200.0-255,2902,9269,44,339091
17132,9.9e-05,172.31.46.0-255,66,9335,44,339091
17133,0.000128,74.125.200.0-255,7156,16491,44,339091
17134,0.000135,172.31.46.0-255,66,16557,44,339091
17135,0.000142,74.125.200.0-255,5379,21936,44,339091
17136,0.000144,172.31.46.0-255,66,22002,44,339091
17137,0.000199,74.125.200.0-255,1484,23486,44,339091
17138,0.000201,172.31.46.0-255,66,23552,44,339091
17139,0.00022,74.125.200.0-255,1484,25036,44,339091
17140,0.000222,172.31.46.0-255,66,25102,44,339091
17141,0.000226,74.125.200.0-255,2902,28004,44,339091
17142,0.000229,172.31.46.0-255,66,28070,44,339091
17143,0.000234,74.125.200.0-255,4320,32390,44,339091
17144,0.000237,172.31.46.0-255,66,32456,44,339091
17145,0.000264,74.125.200.0-255,1484,33940,44,339091
17146,0.000266,172.31.46.0-255,66,34006,44,339091
17147,0.000274,74.125.200.0-255,6797,40803,44,339091
17148,0.000276,172.31.46.0-255,66,40869,44,339091
17149,0.000286,74.125.200.0-255,4320,45189,44,339091
17150,0.000288,172.31.46.0-255,66,45255,44,339091
17151,0.000322,74.125.200.0-255,2902,48157,44,339091
17152,0.000325,172.31.46.0-255,66,48223,44,339091
17153,0.000336,172.31.46.0-255,66,48289,44,339091
17154,0.000343,74.125.200.0-255,382,48671,44,339091
17155,0.000433,74.125.200.0-255,1484,50155,44,339091
17156,0.000436,172.31.46.0-255,66,50221,44,339091
17157,0.000442,74.125.200.0-255,2902,53123,44,339091
17158,0.000445,172.31.46.0-255,66,53189,44,339091
17159,0.000474,74.125.200.0-255,5738,58927,44,339091
17160,0.000477,172.31.46.0-255,66,58993,44,339091
17161,0.000481,74.125.200.0-255,2902,61895,44,339091
17162,0.000483,172.31.46.0-255,66,61961,44,339091
17163,0.000509,74.125.200.0-255,3961,65922,44,339091
17164,0.000511,172.31.46.0-255,66,65988,44,339091
17165,0.00055,172.31.46.0-255,66,66054,44,339091
17166,0.000613,74.125.200.0-255,5379,71433,44,339091
17167,0.000617,172.31.46.0-255,66,71499,44,339091
17168,0.00082,74.125.200.0-255,1484,72983,44,339091
17169,0.000838,74.125.200.0-255,2902,75885,44,339091
17170,0.000842,172.31.46.0-255,66,75951,44,339091
17171,0.000876,74.125.200.0-255,4320,80271,44,339091
17172,0.000879,172.31.46.0-255,66,80337,44,339091
17173,0.000912,172.31.46.0-255,66,80403,44,339091
17174,0.000948,172.31.46.0-255,66,80469,44,339091
17175,0.000955,74.125.200.0-255,6438,86907,44,339091
17176,0.000957,172.31.46.0-255,66,86973,44,339091
17177,0.001001,74.125.200.0-255,1484,88457,44,339091
17178,0.001018,74.125.200.0-255,2902,91359,44,339091
17179,0.001021,172.31.46.0-255,66,91425,44,339091
17180,0.001049,74.125.200.0-255,5738,97163,44,339091
17181,0.001052,172.31.46.0-255,66,97229,44,339091
17182,0.001056,74.125.200.0-255,2902,100131,44,339091
17183,0.001058,172.31.46.0-255,66,100197,44,339091
17184,0.001069,74.125.200.0-255,4320,104517,44,339091
17185,0.001072,172.31.46.0-255,66,104583,44,339091
17186,0.001075,74.125.200.0-255,1484,106067,44,339091
17187,0.001107,74.125.200.0-255,7156,113223,44,339091
17188,0.00111,172.31.46.0-255,66,113289,44,339091
17189,0.001117,74.125.200.0-255,7156,120445,44,339091
17190,0.001119,172.31.46.0-255,66,120511,44,339091
17191,0.001147,74.125.200.0-255,766,121277,44,339091
17192,0.001557,74.125.200.0-255,1484,122761,44,339091
17193,0.001562,172.31.46.0-255,66,122827,44,339091
17194,0.001593,74.125.200.0-255,2902,125729,44,339091
17195,0.001597,172.31.46.0-255,66,125795,44,339091
17196,0.001603,74.125.200.0-255,5738,131533,44,339091
17197,0.001606,172.31.46.0-255,66,131599,44,339091
17198,0.001614,74.125.200.0-255,2902,134501,44,339091
17199,0.001616,172.31.46.0-255,66,134567,44,339091
17200,0.00162,74.125.200.0-255,1484,136051,44,339091
17201,0.001648,74.125.200.0-255,2902,138953,44,339091
17202,0.001651,172.31.46.0-255,66,139019,44,339091
17203,0.001659,74.125.200.0-255,7156,146175,44,339091
17204,0.001661,172.31.46.0-255,66,146241,44,339091
17205,0.00169,74.125.200.0-255,1484,147725,44,339091
17206,0.001698,74.125.200.0-255,5738,153463,44,339091
17207,0.0017,172.31.46.0-255,66,153529,44,339091
17208,0.001704,74.125.200.0-255,2184,155713,44,339091
17209,0.001707,172.31.46.0-255,66,155779,44,339091
17210,0.00177,74.125.200.0-255,1484,157263,44,339091
17211,0.001783,74.125.200.0-255,2902,160165,44,339091
17212,0.001786,172.31.46.0-255,66,160231,44,339091
17213,0.001816,74.125.200.0-255,5738,165969,44,339091
17214,0.001818,172.31.46.0-255,66,166035,44,339091
17215,0.001858,74.125.200.0-255,2902,168937,44,339091
17216,0.001861,172.31.46.0-255,66,169003,44,339091
17217,0.001895,74.125.200.0-255,4320,173323,44,339091
17218,0.001898,172.31.46.0-255,66,173389,44,339091
17219,0.001917,172.31.46.0-255,66,173455,44,339091
17220,0.001922,74.125.200.0-255,3602,177057,44,339091
17221,0.001924,172.31.46.0-255,66,177123,44,339091
17222,0.00201,74.125.200.0-255,1484,178607,44,339091
17223,0.002026,74.125.200.0-255,2902,181509,44,339091
17224,0.00203,172.31.46.0-255,66,181575,44,339091
17225,0.002057,74.125.200.0-255,5738,187313,44,339091
17226,0.00206,172.31.46.0-255,66,187379,44,339091
17227,0.002086,74.125.200.0-255,5738,193117,44,339091
17228,0.002089,172.31.46.0-255,66,193183,44,339091
17229,0.002096,74.125.200.0-255,7156,200339,44,339091
17230,0.002098,172.31.46.0-255,66,200405,44,339091
17231,0.002125,74.125.200.0-255,7156,207561,44,339091
17232,0.002129,172.31.46.0-255,66,207627,44,339091
17233,0.002149,74.125.200.0-255,3602,211229,44,339091
17234,0.002151,172.31.46.0-255,66,211295,44,339091
17235,0.00218,74.125.200.0-255,1484,212779,44,339091
17236,0.002184,74.125.200.0-255,1484,214263,44,339091
17237,0.002186,172.31.46.0-255,66,214329,44,339091
17238,0.00221,74.125.200.0-255,1484,215813,44,339091
17239,0.002217,74.125.200.0-255,5738,221551,44,339091
17240,0.00222,172.31.46.0-255,66,221617,44,339091
17241,0.002224,74.125.200.0-255,2902,224519,44,339091
17242,0.002226,172.31.46.0-255,66,224585,44,339091
17243,0.002236,74.125.200.0-255,4320,228905,44,339091
17244,0.002239,172.31.46.0-255,66,228971,44,339091
17245,0.002242,74.125.200.0-255,1484,230455,44,339091
17246,0.002279,74.125.200.0-255,7156,237611,44,339091
17247,0.002283,172.31.46.0-255,66,237677,44,339091
17248,0.00229,74.125.200.0-255,5738,243415,44,339091
17249,0.002292,172.31.46.0-255,66,243481,44,339091
17250,0.002303,74.125.200.0-255,6438,249919,44,339091
17251,0.002306,172.31.46.0-255,66,249985,44,339091
17252,0.002311,74.125.200.0-255,4320,254305,44,339091
17253,0.002314,172.31.46.0-255,66,254371,44,339091
17254,0.004591,74.125.200.0-255,1484,255855,44,339091
17255,0.004621,74.125.200.0-255,4320,260175,44,339091
17256,0.00463,172.31.46.0-255,66,260241,44,339091
17257,0.006914,74.125.200.0-255,5738,265979,44,339091
17258,0.006924,172.31.46.0-255,66,266045,44,339091
17259,0.009208,74.125.200.0-255,5738,271783,44,339091
17260,0.009216,172.31.46.0-255,66,271849,44,339091
17261,0.011528,74.125.200.0-255,5738,277587,44,339091
17262,0.011534,172.31.46.0-255,66,277653,44,339091
17263,0.01382,74.125.200.0-255,5738,283391,44,339091
17264,0.013828,172.31.46.0-255,66,283457,44,339091
17265,0.016122,74.125.200.0-255,5738,289195,44,339091
17266,0.016129,172.31.46.0-255,66,289261,44,339091
17267,0.018418,74.125.200.0-255,5738,294999,44,339091
17268,0.018427,172.31.46.0-255,66,295065,44,339091
17269,0.020718,74.125.200.0-255,5738,300803,44,339091
17270,0.020727,172.31.46.0-255,66,300869,44,339091
17271,0.023008,74.125.200.0-255,2902,303771,44,339091
17272,0.023015,172.31.46.0-255,66,303837,44,339091
17273,0.023045,74.125.200.0-255,2902,306739,44,339091
17274,0.023048,172.31.46.0-255,66,306805,44,339091
17275,0.0253,74.125.200.0-255,2902,309707,44,339091
17276,0.025309,172.31.46.0-255,66,309773,44,339091
17277,0.025344,74.125.200.0-255,2902,312675,44,339091
17278,0.025347,172.31.46.0-255,66,312741,44,339091
17279,0.02759,74.125.200.0-255,2902,315643,44,339091
17280,0.027596,172.31.46.0-255,66,315709,44,339091
17281,0.027624,74.125.200.0-255,2902,318611,44,339091
17282,0.027626,172.31.46.0-255,66,318677,44,339091
17283,0.029876,74.125.200.0-255,2902,321579,44,339091
17284,0.029883,172.31.46.0-255,66,321645,44,339091
17285,0.029921,74.125.200.0-255,2902,324547,44,339091
17286,0.029923,172.31.46.0-255,66,324613,44,339091
17287,0.032179,74.125.200.0-255,2902,327515,44,339091
17288,0.032185,172.31.46.0-255,66,327581,44,339091
17289,0.032211,74.125.200.0-255,2902,330483,44,339091
17290,0.032214,172.31.46.0-255,66,330549,44,339091
17291,0.034477,74.125.200.0-255,2902,333451,44,339091
17292,0.034484,172.31.46.0-255,66,333517,44,339091
17293,0.034517,74.125.200.0-255,2902,336419,44,339091
17294,0.03452,172.31.46.0-255,66,336485,44,339091
17295,0.036747,74.125.200.0-255,320,336805,44,339091
17296,0.036876,172.31.46.0-255,66,336871,44,339091
17297,0.036912,172.31.46.0-255,105,336976,44,339091
17298,0.039141,74.125.200.0-255,66,337042,44,339091
17299,0.040433,172.31.46.0-255,172,337214,44,339091
17300,0.040461,172.31.46.0-255,1113,338327,44,339091
17301,0.040509,172.31.46.0-255,566,338893,44,339091
17302,0.041979,104.244.42.0-255,66,338959,44,339091
17303,0.04203,104.244.42.0-255,66,339025,44,339091
17304,0.042041,104.244.42.0-255,66,339091,44,339091
17305,0.0,172.217.194.0-255,153,153,44,326492
17306,1.4e-05,172.31.46.0-255,66,219,44,326492
17307,2e-05,172.217.194.0-255,1484,1703,44,326492
17308,2.4e-05,172.31.46.0-255,66,1769,44,326492
17309,3.6e-05,172.217.194.0-255,2902,4671,44,326492
17310,3.9e-05,172.31.46.0-255,66,4737,44,326492
17311,4.6e-05,172.217.194.0-255,7156,11893,44,326492
17312,4.8e-05,172.31.46.0-255,66,11959,44,326492
17313,7e-05,172.217.194.0-255,2152,14111,44,326492
17314,7.3e-05,172.31.46.0-255,66,14177,44,326492
17315,0.000188,172.217.194.0-255,1484,15661,44,326492
17316,0.000191,172.31.46.0-255,66,15727,44,326492
17317,0.000195,172.217.194.0-255,1484,17211,44,326492
17318,0.000197,172.31.46.0-255,66,17277,44,326492
17319,0.000217,172.217.194.0-255,1484,18761,44,326492
17320,0.000219,172.31.46.0-255,66,18827,44,326492
17321,0.000228,172.217.194.0-255,5738,24565,44,326492
17322,0.000231,172.31.46.0-255,66,24631,44,326492
17323,0.000237,172.217.194.0-255,6797,31428,44,326492
17324,0.000239,172.31.46.0-255,66,31494,44,326492
17325,0.000304,172.31.46.0-255,66,31560,44,326492
17326,0.000345,172.217.194.0-255,5379,36939,44,326492
17327,0.000348,172.31.46.0-255,66,37005,44,326492
17328,0.001148,172.217.194.0-255,1484,38489,44,326492
17329,0.001154,172.31.46.0-255,66,38555,44,326492
17330,0.001162,172.217.194.0-255,2902,41457,44,326492
17331,0.001164,172.31.46.0-255,66,41523,44,326492
17332,0.001174,172.217.194.0-255,5738,47261,44,326492
17333,0.001176,172.31.46.0-255,66,47327,44,326492
17334,0.001181,172.217.194.0-255,4320,51647,44,326492
17335,0.001183,172.31.46.0-255,66,51713,44,326492
17336,0.001213,172.217.194.0-255,2543,54256,44,326492
17337,0.001215,172.31.46.0-255,66,54322,44,326492
17338,0.001217,172.217.194.0-255,646,54968,44,326492
17339,0.00141,172.217.194.0-255,1484,56452,44,326492
17340,0.001414,172.31.46.0-255,66,56518,44,326492
17341,0.001418,172.217.194.0-255,1484,58002,44,326492
17342,0.001436,172.217.194.0-255,1484,59486,44,326492
17343,0.001438,172.31.46.0-255,66,59552,44,326492
17344,0.001445,172.217.194.0-255,5738,65290,44,326492
17345,0.001447,172.31.46.0-255,66,65356,44,326492
17346,0.001453,172.217.194.0-255,1484,66840,44,326492
17347,0.001479,172.31.46.0-255,66,66906,44,326492
17348,0.001514,172.31.46.0-255,66,66972,44,326492
17349,0.001537,172.217.194.0-255,2184,69156,44,326492
17350,0.001538,172.31.46.0-255,66,69222,44,326492
17351,0.00353,172.217.194.0-255,4320,73542,44,326492
17352,0.003534,172.31.46.0-255,66,73608,44,326492
17353,0.003556,172.217.194.0-255,1484,75092,44,326492
17354,0.005537,172.217.194.0-255,4320,79412,44,326492
17355,0.005541,172.31.46.0-255,66,79478,44,326492
17356,0.007571,172.217.194.0-255,5738,85216,44,326492
17357,0.007579,172.31.46.0-255,66,85282,44,326492
17358,0.009618,172.217.194.0-255,5738,91020,44,326492
17359,0.009627,172.31.46.0-255,66,91086,44,326492
17360,0.011685,172.217.194.0-255,5738,96824,44,326492
17361,0.011692,172.31.46.0-255,66,96890,44,326492
17362,0.013695,172.217.194.0-255,5738,102628,44,326492
17363,0.013703,172.31.46.0-255,66,102694,44,326492
17364,0.015733,172.217.194.0-255,5738,108432,44,326492
17365,0.015743,172.31.46.0-255,66,108498,44,326492
17366,0.017759,172.217.194.0-255,5738,114236,44,326492
17367,0.017767,172.31.46.0-255,66,114302,44,326492
17368,0.019773,172.217.194.0-255,5738,120040,44,326492
17369,0.019781,172.31.46.0-255,66,120106,44,326492
17370,0.021778,172.217.194.0-255,5738,125844,44,326492
17371,0.021788,172.31.46.0-255,66,125910,44,326492
17372,0.023822,172.217.194.0-255,5738,131648,44,326492
17373,0.02383,172.31.46.0-255,66,131714,44,326492
17374,0.025832,172.217.194.0-255,5738,137452,44,326492
17375,0.025841,172.31.46.0-255,66,137518,44,326492
17376,0.027869,172.217.194.0-255,5738,143256,44,326492
17377,0.027878,172.31.46.0-255,66,143322,44,326492
17378,0.028651,172.31.46.0-255,164,143486,44,326492
17379,0.028676,172.31.46.0-255,1123,144609,44,326492
17380,0.028748,172.31.46.0-255,1514,146123,44,326492
17381,0.028751,172.31.46.0-255,1514,147637,44,326492
17382,0.02876,172.31.46.0-255,1514,149151,44,326492
17383,0.028761,172.31.46.0-255,1514,150665,44,326492
17384,0.028787,172.31.46.0-255,1509,152174,44,326492
17385,0.029936,172.217.194.0-255,5738,157912,44,326492
17386,0.029943,172.31.46.0-255,66,157978,44,326492
17387,0.030218,104.244.42.0-255,66,158044,44,326492
17388,0.030226,104.244.42.0-255,66,158110,44,326492
17389,0.030353,104.244.42.0-255,66,158176,44,326492
17390,0.031977,172.217.194.0-255,5738,163914,44,326492
17391,0.031984,172.31.46.0-255,66,163980,44,326492
17392,0.034008,172.217.194.0-255,5738,169718,44,326492
17393,0.034014,172.31.46.0-255,66,169784,44,326492
17394,0.036045,172.217.194.0-255,5738,175522,44,326492
17395,0.036051,172.31.46.0-255,66,175588,44,326492
17396,0.038084,172.217.194.0-255,5738,181326,44,326492
17397,0.038091,172.31.46.0-255,66,181392,44,326492
17398,0.040165,172.217.194.0-255,5738,187130,44,326492
17399,0.040172,172.31.46.0-255,66,187196,44,326492
17400,0.042172,172.217.194.0-255,5738,192934,44,326492
17401,0.042181,172.31.46.0-255,66,193000,44,326492
17402,0.04419,172.217.194.0-255,5738,198738,44,326492
17403,0.044196,172.31.46.0-255,66,198804,44,326492
17404,0.046209,172.217.194.0-255,5738,204542,44,326492
17405,0.046215,172.31.46.0-255,66,204608,44,326492
17406,0.048248,172.217.194.0-255,5738,210346,44,326492
17407,0.048255,172.31.46.0-255,66,210412,44,326492
17408,0.050294,172.217.194.0-255,5738,216150,44,326492
17409,0.050299,172.31.46.0-255,66,216216,44,326492
17410,0.05235,172.217.194.0-255,5738,221954,44,326492
17411,0.052355,172.31.46.0-255,66,222020,44,326492
17412,0.054426,172.217.194.0-255,5738,227758,44,326492
17413,0.054433,172.31.46.0-255,66,227824,44,326492
17414,0.056459,172.217.194.0-255,5738,233562,44,326492
17415,0.056465,172.31.46.0-255,66,233628,44,326492
17416,0.058483,172.217.194.0-255,5738,239366,44,326492
17417,0.05849,172.31.46.0-255,66,239432,44,326492
17418,0.060506,172.217.194.0-255,5738,245170,44,326492
17419,0.060513,172.31.46.0-255,66,245236,44,326492
17420,0.062541,172.217.194.0-255,5738,250974,44,326492
17421,0.062548,172.31.46.0-255,66,251040,44,326492
17422,0.064594,172.217.194.0-255,5738,256778,44,326492
17423,0.064601,172.31.46.0-255,66,256844,44,326492
17424,0.066627,172.217.194.0-255,5738,262582,44,326492
17425,0.066634,172.31.46.0-255,66,262648,44,326492
17426,0.068648,172.217.194.0-255,5738,268386,44,326492
17427,0.068654,172.31.46.0-255,66,268452,44,326492
17428,0.070671,172.217.194.0-255,5738,274190,44,326492
17429,0.070678,172.31.46.0-255,66,274256,44,326492
17430,0.072748,172.217.194.0-255,5738,279994,44,326492
17431,0.072755,172.31.46.0-255,66,280060,44,326492
17432,0.074769,172.217.194.0-255,5738,285798,44,326492
17433,0.074775,172.31.46.0-255,66,285864,44,326492
17434,0.076792,172.217.194.0-255,5738,291602,44,326492
17435,0.076799,172.31.46.0-255,66,291668,44,326492
17436,0.078823,172.217.194.0-255,5738,297406,44,326492
17437,0.078829,172.31.46.0-255,66,297472,44,326492
17438,0.08086,172.217.194.0-255,5738,303210,44,326492
17439,0.080867,172.31.46.0-255,66,303276,44,326492
17440,0.08288,172.217.194.0-255,5738,309014,44,326492
17441,0.082887,172.31.46.0-255,66,309080,44,326492
17442,0.084922,172.217.194.0-255,5738,314818,44,326492
17443,0.084928,172.31.46.0-255,66,314884,44,326492
17444,0.086969,172.217.194.0-255,5738,320622,44,326492
17445,0.086975,172.31.46.0-255,66,320688,44,326492
17446,0.089004,172.217.194.0-255,5738,326426,44,326492
17447,0.089011,172.31.46.0-255,66,326492,44,326492
17448,0.0,172.31.46.0-255,105,105,44,459
17449,0.00016,172.31.46.0-255,90,195,44,459
17450,0.000169,172.31.46.0-255,66,261,44,459
17451,0.00216,172.253.118.0-255,66,327,44,459
17452,0.002188,172.253.118.0-255,66,393,44,459
17453,0.002208,172.31.46.0-255,66,459,44,459
17454,0.0,172.217.27.0-255,152,152,44,384105
17455,1.8e-05,172.31.46.0-255,66,218,44,384105
17456,2.4e-05,172.217.27.0-255,1484,1702,44,384105
17457,2.9e-05,172.31.46.0-255,66,1768,44,384105
17458,3.4e-05,172.217.27.0-255,2902,4670,44,384105
17459,3.7e-05,172.31.46.0-255,66,4736,44,384105
17460,4.3e-05,172.217.27.0-255,4320,9056,44,384105
17461,4.6e-05,172.31.46.0-255,66,9122,44,384105
17462,6.9e-05,172.217.27.0-255,1484,10606,44,384105
17463,7.2e-05,172.31.46.0-255,66,10672,44,384105
17464,9.5e-05,172.217.27.0-255,3500,14172,44,384105
17465,9.8e-05,172.31.46.0-255,66,14238,44,384105
17466,0.000454,172.217.27.0-255,1484,15722,44,384105
17467,0.00046,172.31.46.0-255,66,15788,44,384105
17468,0.000468,172.217.27.0-255,2902,18690,44,384105
17469,0.00047,172.31.46.0-255,66,18756,44,384105
17470,0.000477,172.217.27.0-255,4320,23076,44,384105
17471,0.000481,172.31.46.0-255,66,23142,44,384105
17472,0.000487,172.217.27.0-255,5738,28880,44,384105
17473,0.000489,172.31.46.0-255,66,28946,44,384105
17474,0.000523,172.217.27.0-255,2543,31489,44,384105
17475,0.000526,172.31.46.0-255,66,31555,44,384105
17476,0.000613,172.217.27.0-255,1484,33039,44,384105
17477,0.000617,172.31.46.0-255,66,33105,44,384105
17478,0.000622,172.217.27.0-255,2902,36007,44,384105
17479,0.000625,172.31.46.0-255,66,36073,44,384105
17480,0.000629,172.217.27.0-255,2902,38975,44,384105
17481,0.000631,172.31.46.0-255,66,39041,44,384105
17482,0.000636,172.217.27.0-255,4320,43361,44,384105
17483,0.000638,172.31.46.0-255,66,43427,44,384105
17484,0.000672,172.31.46.0-255,66,43493,44,384105
17485,0.000693,172.217.27.0-255,4320,47813,44,384105
17486,0.000696,172.31.46.0-255,66,47879,44,384105
17487,0.000719,172.217.27.0-255,5738,53617,44,384105
17488,0.000722,172.31.46.0-255,66,53683,44,384105
17489,0.000726,172.217.27.0-255,2849,56532,44,384105
17490,0.000728,172.31.46.0-255,66,56598,44,384105
17491,0.001323,172.217.27.0-255,117,56715,44,384105
17492,0.001527,172.217.27.0-255,1484,58199,44,384105
17493,0.001534,172.31.46.0-255,66,58265,44,384105
17494,0.001541,172.217.27.0-255,2902,61167,44,384105
17495,0.001543,172.31.46.0-255,66,61233,44,384105
17496,0.001547,172.217.27.0-255,1484,62717,44,384105
17497,0.001564,172.217.27.0-255,4320,67037,44,384105
17498,0.001566,172.31.46.0-255,66,67103,44,384105
17499,0.001601,172.31.46.0-255,66,67169,44,384105
17500,0.001636,172.217.27.0-255,4320,71489,44,384105
17501,0.001638,172.31.46.0-255,66,71555,44,384105
17502,0.00166,172.217.27.0-255,5379,76934,44,384105
17503,0.001662,172.31.46.0-255,66,77000,44,384105
17504,0.003325,172.217.27.0-255,5738,82738,44,384105
17505,0.003331,172.31.46.0-255,66,82804,44,384105
17506,0.005005,172.217.27.0-255,2902,85706,44,384105
17507,0.005007,172.31.46.0-255,66,85772,44,384105
17508,0.005022,172.217.27.0-255,2902,88674,44,384105
17509,0.005024,172.31.46.0-255,66,88740,44,384105
17510,0.006677,172.217.27.0-255,5738,94478,44,384105
17511,0.006683,172.31.46.0-255,66,94544,44,384105
17512,0.008348,172.217.27.0-255,5738,100282,44,384105
17513,0.008356,172.31.46.0-255,66,100348,44,384105
17514,0.010017,172.217.27.0-255,5738,106086,44,384105
17515,0.010024,172.31.46.0-255,66,106152,44,384105
17516,0.011688,172.217.27.0-255,5738,111890,44,384105
17517,0.011695,172.31.46.0-255,66,111956,44,384105
17518,0.01337,172.217.27.0-255,5738,117694,44,384105
17519,0.013377,172.31.46.0-255,66,117760,44,384105
17520,0.015045,172.217.27.0-255,5738,123498,44,384105
17521,0.015052,172.31.46.0-255,66,123564,44,384105
17522,0.01672,172.217.27.0-255,5738,129302,44,384105
17523,0.016727,172.31.46.0-255,66,129368,44,384105
17524,0.018386,172.217.27.0-255,5738,135106,44,384105
17525,0.018393,172.31.46.0-255,66,135172,44,384105
17526,0.020066,172.217.27.0-255,5738,140910,44,384105
17527,0.020074,172.31.46.0-255,66,140976,44,384105
17528,0.021734,172.217.27.0-255,5738,146714,44,384105
17529,0.02174,172.31.46.0-255,66,146780,44,384105
17530,0.023402,172.217.27.0-255,5738,152518,44,384105
17531,0.023411,172.31.46.0-255,66,152584,44,384105
17532,0.02509,172.217.27.0-255,5738,158322,44,384105
17533,0.025098,172.31.46.0-255,66,158388,44,384105
17534,0.02677,172.217.27.0-255,5738,164126,44,384105
17535,0.026777,172.31.46.0-255,66,164192,44,384105
17536,0.028455,172.217.27.0-255,5738,169930,44,384105
17537,0.028464,172.31.46.0-255,66,169996,44,384105
17538,0.03013,172.217.27.0-255,5738,175734,44,384105
17539,0.030138,172.31.46.0-255,66,175800,44,384105
17540,0.031807,172.217.27.0-255,5738,181538,44,384105
17541,0.031813,172.31.46.0-255,66,181604,44,384105
17542,0.03349,172.217.27.0-255,5738,187342,44,384105
17543,0.033497,172.31.46.0-255,66,187408,44,384105
17544,0.035163,172.217.27.0-255,5738,193146,44,384105
17545,0.03517,172.31.46.0-255,66,193212,44,384105
17546,0.036838,172.217.27.0-255,5738,198950,44,384105
17547,0.036844,172.31.46.0-255,66,199016,44,384105
17548,0.038518,172.217.27.0-255,5738,204754,44,384105
17549,0.038523,172.31.46.0-255,66,204820,44,384105
17550,0.040197,172.217.27.0-255,5738,210558,44,384105
17551,0.040204,172.31.46.0-255,66,210624,44,384105
17552,0.041866,172.217.27.0-255,5738,216362,44,384105
17553,0.041876,172.31.46.0-255,66,216428,44,384105
17554,0.043588,172.217.27.0-255,5738,222166,44,384105
17555,0.043596,172.31.46.0-255,66,222232,44,384105
17556,0.045266,172.217.27.0-255,5738,227970,44,384105
17557,0.045274,172.31.46.0-255,66,228036,44,384105
17558,0.045697,172.31.46.0-255,172,228208,44,384105
17559,0.045727,172.31.46.0-255,1114,229322,44,384105
17560,0.045789,172.31.46.0-255,1514,230836,44,384105
17561,0.045791,172.31.46.0-255,1514,232350,44,384105
17562,0.045792,172.31.46.0-255,1514,233864,44,384105
17563,0.045793,172.31.46.0-255,1514,235378,44,384105
17564,0.045822,172.31.46.0-255,1514,236892,44,384105
17565,0.045824,172.31.46.0-255,70,236962,44,384105
17566,0.046939,172.217.27.0-255,5738,242700,44,384105
17567,0.046945,172.31.46.0-255,66,242766,44,384105
17568,0.047217,104.244.42.0-255,66,242832,44,384105
17569,0.047355,104.244.42.0-255,66,242898,44,384105
17570,0.047361,104.244.42.0-255,66,242964,44,384105
17571,0.048487,104.244.42.0-255,108,243072,44,384105
17572,0.048495,172.31.46.0-255,66,243138,44,384105
17573,0.048613,172.217.27.0-255,5738,248876,44,384105
17574,0.048617,172.31.46.0-255,66,248942,44,384105
17575,0.050283,172.217.27.0-255,5738,254680,44,384105
17576,0.050289,172.31.46.0-255,66,254746,44,384105
17577,0.051957,172.217.27.0-255,4320,259066,44,384105
17578,0.051964,172.31.46.0-255,66,259132,44,384105
17579,0.051983,172.217.27.0-255,1484,260616,44,384105
17580,0.053637,172.217.27.0-255,4320,264936,44,384105
17581,0.053642,172.31.46.0-255,66,265002,44,384105
17582,0.055315,172.217.27.0-255,5738,270740,44,384105
17583,0.055322,172.31.46.0-255,66,270806,44,384105
17584,0.057019,172.217.27.0-255,5738,276544,44,384105
17585,0.057026,172.31.46.0-255,66,276610,44,384105
17586,0.058698,172.217.27.0-255,5738,282348,44,384105
17587,0.058703,172.31.46.0-255,66,282414,44,384105
17588,0.060381,172.217.27.0-255,5738,288152,44,384105
17589,0.060401,172.31.46.0-255,66,288218,44,384105
17590,0.062067,172.217.27.0-255,5738,293956,44,384105
17591,0.062073,172.31.46.0-255,66,294022,44,384105
17592,0.063744,172.217.27.0-255,5738,299760,44,384105
17593,0.06375,172.31.46.0-255,66,299826,44,384105
17594,0.065422,172.217.27.0-255,5738,305564,44,384105
17595,0.065429,172.31.46.0-255,66,305630,44,384105
17596,0.067094,172.217.27.0-255,5738,311368,44,384105
17597,0.067099,172.31.46.0-255,66,311434,44,384105
17598,0.068773,172.217.27.0-255,5738,317172,44,384105
17599,0.06878,172.31.46.0-255,66,317238,44,384105
17600,0.070452,172.217.27.0-255,5738,322976,44,384105
17601,0.070458,172.31.46.0-255,66,323042,44,384105
17602,0.072127,172.217.27.0-255,5738,328780,44,384105
17603,0.072133,172.31.46.0-255,66,328846,44,384105
17604,0.073807,172.217.27.0-255,5738,334584,44,384105
17605,0.073814,172.31.46.0-255,66,334650,44,384105
17606,0.075498,172.217.27.0-255,5738,340388,44,384105
17607,0.075505,172.31.46.0-255,66,340454,44,384105
17608,0.077169,172.217.27.0-255,5738,346192,44,384105
17609,0.077175,172.31.46.0-255,66,346258,44,384105
17610,0.077269,172.31.46.0-255,101,346359,44,384105
17611,0.078848,172.217.27.0-255,5738,352097,44,384105
17612,0.078855,172.31.46.0-255,66,352163,44,384105
17613,0.078886,172.217.27.0-255,66,352229,44,384105
17614,0.080519,172.217.27.0-255,5738,357967,44,384105
17615,0.080526,172.31.46.0-255,66,358033,44,384105
17616,0.082211,172.217.27.0-255,5738,363771,44,384105
17617,0.082218,172.31.46.0-255,66,363837,44,384105
17618,0.083888,172.217.27.0-255,5738,369575,44,384105
17619,0.083893,172.31.46.0-255,66,369641,44,384105
17620,0.085567,172.217.27.0-255,5738,375379,44,384105
17621,0.085574,172.31.46.0-255,66,375445,44,384105
17622,0.08724,172.217.27.0-255,5738,381183,44,384105
17623,0.087247,172.31.46.0-255,66,381249,44,384105
17624,0.088918,172.217.27.0-255,2685,383934,44,384105
17625,0.088928,172.31.46.0-255,66,384000,44,384105
17626,0.089089,172.31.46.0-255,105,384105,44,384105
17627,0.0,172.217.194.0-255,297,297,44,266812
17628,2e-05,172.31.46.0-255,66,363,44,266812
17629,2.6e-05,172.217.194.0-255,1484,1847,44,266812
17630,3e-05,172.31.46.0-255,66,1913,44,266812
17631,3.8e-05,172.217.194.0-255,4320,6233,44,266812
17632,4.2e-05,172.31.46.0-255,66,6299,44,266812
17633,4.9e-05,172.217.194.0-255,7156,13455,44,266812
17634,5.1e-05,172.31.46.0-255,66,13521,44,266812
17635,7.5e-05,172.217.194.0-255,495,14016,44,266812
17636,7.7e-05,172.31.46.0-255,66,14082,44,266812
17637,8.8e-05,172.217.194.0-255,1484,15566,44,266812
17638,9e-05,172.31.46.0-255,66,15632,44,266812
17639,9.5e-05,172.217.194.0-255,4320,19952,44,266812
17640,9.7e-05,172.31.46.0-255,66,20018,44,266812
17641,0.000101,172.217.194.0-255,2902,22920,44,266812
17642,0.000103,172.31.46.0-255,66,22986,44,266812
17643,0.000123,172.217.194.0-255,7156,30142,44,266812
17644,0.000125,172.31.46.0-255,66,30208,44,266812
17645,0.000128,172.217.194.0-255,1125,31333,44,266812
17646,0.000129,172.31.46.0-255,66,31399,44,266812
17647,0.000256,172.217.194.0-255,1484,32883,44,266812
17648,0.00026,172.31.46.0-255,66,32949,44,266812
17649,0.000277,172.217.194.0-255,2902,35851,44,266812
17650,0.00028,172.31.46.0-255,66,35917,44,266812
17651,0.000284,172.217.194.0-255,2902,38819,44,266812
17652,0.000286,172.31.46.0-255,66,38885,44,266812
17653,0.000305,172.217.194.0-255,2902,41787,44,266812
17654,0.000308,172.31.46.0-255,66,41853,44,266812
17655,0.000334,172.217.194.0-255,5738,47591,44,266812
17656,0.000337,172.31.46.0-255,66,47657,44,266812
17657,0.000363,172.31.46.0-255,66,47723,44,266812
17658,0.000366,172.217.194.0-255,1484,49207,44,266812
17659,0.0004,172.217.194.0-255,4320,53527,44,266812
17660,0.000403,172.31.46.0-255,66,53593,44,266812
17661,0.000423,172.217.194.0-255,4573,58166,44,266812
17662,0.000425,172.31.46.0-255,66,58232,44,266812
17663,0.000664,172.217.194.0-255,1484,59716,44,266812
17664,0.00067,172.217.194.0-255,2902,62618,44,266812
17665,0.000673,172.31.46.0-255,66,62684,44,266812
17666,0.000699,172.217.194.0-255,4320,67004,44,266812
17667,0.000701,172.31.46.0-255,66,67070,44,266812
17668,0.000719,172.217.194.0-255,1484,68554,44,266812
17669,0.000724,172.217.194.0-255,4320,72874,44,266812
17670,0.000726,172.31.46.0-255,66,72940,44,266812
17671,0.000749,172.31.46.0-255,66,73006,44,266812
17672,0.000762,172.31.46.0-255,66,73072,44,266812
17673,0.000808,172.217.194.0-255,1484,74556,44,266812
17674,0.000812,172.217.194.0-255,2902,77458,44,266812
17675,0.000817,172.217.194.0-255,5738,83196,44,266812
17676,0.000819,172.217.194.0-255,1484,84680,44,266812
17677,0.000823,172.31.46.0-255,66,84746,44,266812
17678,0.000826,172.31.46.0-255,66,84812,44,266812
17679,0.000847,172.31.46.0-255,66,84878,44,266812
17680,0.000853,172.217.194.0-255,7156,92034,44,266812
17681,0.000855,172.31.46.0-255,66,92100,44,266812
17682,0.000879,172.217.194.0-255,3602,95702,44,266812
17683,0.000881,172.31.46.0-255,66,95768,44,266812
17684,0.000885,172.217.194.0-255,2902,98670,44,266812
17685,0.000887,172.31.46.0-255,66,98736,44,266812
17686,0.000903,172.217.194.0-255,7156,105892,44,266812
17687,0.000906,172.31.46.0-255,66,105958,44,266812
17688,0.000929,172.31.46.0-255,66,106024,44,266812
17689,0.000944,172.217.194.0-255,2902,108926,44,266812
17690,0.000947,172.31.46.0-255,66,108992,44,266812
17691,0.000956,172.31.46.0-255,66,109058,44,266812
17692,0.001298,172.217.194.0-255,1484,110542,44,266812
17693,0.001305,172.217.194.0-255,2902,113444,44,266812
17694,0.001308,172.31.46.0-255,66,113510,44,266812
17695,0.001314,172.217.194.0-255,2902,116412,44,266812
17696,0.001316,172.31.46.0-255,66,116478,44,266812
17697,0.001331,172.217.194.0-255,2902,119380,44,266812
17698,0.001334,172.31.46.0-255,66,119446,44,266812
17699,0.001355,172.217.194.0-255,1484,120930,44,266812
17700,0.001376,172.217.194.0-255,2902,123832,44,266812
17701,0.001379,172.31.46.0-255,66,123898,44,266812
17702,0.001386,172.217.194.0-255,5738,129636,44,266812
17703,0.001388,172.31.46.0-255,66,129702,44,266812
17704,0.001394,172.217.194.0-255,4320,134022,44,266812
17705,0.001396,172.31.46.0-255,66,134088,44,266812
17706,0.001415,172.217.194.0-255,7156,141244,44,266812
17707,0.001417,172.31.46.0-255,66,141310,44,266812
17708,0.001445,172.217.194.0-255,2184,143494,44,266812
17709,0.001448,172.31.46.0-255,66,143560,44,266812
17710,0.001656,172.217.194.0-255,1484,145044,44,266812
17711,0.001661,172.217.194.0-255,1484,146528,44,266812
17712,0.001665,172.31.46.0-255,66,146594,44,266812
17713,0.001684,172.217.194.0-255,1484,148078,44,266812
17714,0.001691,172.217.194.0-255,5738,153816,44,266812
17715,0.001694,172.31.46.0-255,66,153882,44,266812
17716,0.001699,172.217.194.0-255,2902,156784,44,266812
17717,0.0017,172.31.46.0-255,66,156850,44,266812
17718,0.001734,172.31.46.0-255,66,156916,44,266812
17719,0.001745,172.31.46.0-255,66,156982,44,266812
17720,0.001748,172.217.194.0-255,766,157748,44,266812
17721,0.001814,172.217.194.0-255,1484,159232,44,266812
17722,0.001817,172.31.46.0-255,66,159298,44,266812
17723,0.001823,172.217.194.0-255,2902,162200,44,266812
17724,0.001825,172.31.46.0-255,66,162266,44,266812
17725,0.001828,172.217.194.0-255,1484,163750,44,266812
17726,0.001854,172.217.194.0-255,4320,168070,44,266812
17727,0.001856,172.31.46.0-255,66,168136,44,266812
17728,0.001862,172.217.194.0-255,4320,172456,44,266812
17729,0.001864,172.31.46.0-255,66,172522,44,266812
17730,0.001895,172.31.46.0-255,66,172588,44,266812
17731,0.001909,172.31.46.0-255,66,172654,44,266812
17732,0.001968,172.217.194.0-255,1484,174138,44,266812
17733,0.001972,172.217.194.0-255,2902,177040,44,266812
17734,0.001974,172.217.194.0-255,1484,178524,44,266812
17735,0.00198,172.31.46.0-255,66,178590,44,266812
17736,0.001995,172.217.194.0-255,4320,182910,44,266812
17737,0.001998,172.31.46.0-255,66,182976,44,266812
17738,0.002001,172.217.194.0-255,1484,184460,44,266812
17739,0.002083,172.31.46.0-255,66,184526,44,266812
17740,0.002119,172.217.194.0-255,1484,186010,44,266812
17741,0.002132,172.217.194.0-255,2902,188912,44,266812
17742,0.002135,172.31.46.0-255,66,188978,44,266812
17743,0.002141,172.217.194.0-255,5738,194716,44,266812
17744,0.002163,172.217.194.0-255,4320,199036,44,266812
17745,0.00217,172.31.46.0-255,66,199102,44,266812
17746,0.002214,172.31.46.0-255,66,199168,44,266812
17747,0.002241,172.217.194.0-255,2184,201352,44,266812
17748,0.002246,172.217.194.0-255,2902,204254,44,266812
17749,0.002268,172.217.194.0-255,7156,211410,44,266812
17750,0.002284,172.217.194.0-255,2902,214312,44,266812
17751,0.002289,172.31.46.0-255,66,214378,44,266812
17752,0.004548,172.217.194.0-255,5738,220116,44,266812
17753,0.004554,172.31.46.0-255,66,220182,44,266812
17754,0.006809,172.217.194.0-255,5738,225920,44,266812
17755,0.006815,172.31.46.0-255,66,225986,44,266812
17756,0.009043,172.217.194.0-255,5738,231724,44,266812
17757,0.009048,172.31.46.0-255,66,231790,44,266812
17758,0.011289,172.217.194.0-255,5738,237528,44,266812
17759,0.011297,172.31.46.0-255,66,237594,44,266812
17760,0.013542,172.217.194.0-255,5738,243332,44,266812
17761,0.013553,172.31.46.0-255,66,243398,44,266812
17762,0.015793,172.217.194.0-255,5738,249136,44,266812
17763,0.015802,172.31.46.0-255,66,249202,44,266812
17764,0.018022,172.217.194.0-255,5738,254940,44,266812
17765,0.01803,172.31.46.0-255,66,255006,44,266812
17766,0.020239,172.217.194.0-255,2363,257369,44,266812
17767,0.020249,172.31.46.0-255,66,257435,44,266812
17768,0.020715,172.31.46.0-255,105,257540,44,266812
17769,0.022895,172.217.194.0-255,66,257606,44,266812
17770,0.039422,172.31.46.0-255,188,257794,44,266812
17771,0.039452,172.31.46.0-255,955,258749,44,266812
17772,0.039521,172.31.46.0-255,1514,260263,44,266812
17773,0.039523,172.31.46.0-255,1514,261777,44,266812
17774,0.039524,172.31.46.0-255,1514,263291,44,266812
17775,0.039532,172.31.46.0-255,1514,264805,44,266812
17776,0.039533,172.31.46.0-255,1514,266319,44,266812
17777,0.039534,172.31.46.0-255,229,266548,44,266812
17778,0.040957,104.244.42.0-255,66,266614,44,266812
17779,0.041052,104.244.42.0-255,66,266680,44,266812
17780,0.041058,104.244.42.0-255,66,266746,44,266812
17781,0.041061,104.244.42.0-255,66,266812,44,266812
17782,0.0,172.217.194.0-255,146,146,44,231493
17783,1.5e-05,172.31.46.0-255,66,212,44,231493
17784,2.1e-05,172.217.194.0-255,1484,1696,44,231493
17785,2.6e-05,172.31.46.0-255,66,1762,44,231493
17786,3.9e-05,172.217.194.0-255,2902,4664,44,231493
17787,4.3e-05,172.31.46.0-255,66,4730,44,231493
17788,5.1e-05,172.217.194.0-255,7156,11886,44,231493
17789,5.4e-05,172.31.46.0-255,66,11952,44,231493
17790,8.5e-05,172.217.194.0-255,1994,13946,44,231493
17791,8.8e-05,172.31.46.0-255,66,14012,44,231493
17792,0.000147,172.217.194.0-255,1484,15496,44,231493
17793,0.000151,172.217.194.0-255,2902,18398,44,231493
17794,0.000153,172.217.194.0-255,1484,19882,44,231493
17795,0.000157,172.31.46.0-255,66,19948,44,231493
17796,0.000165,172.31.46.0-255,66,20014,44,231493
17797,0.000168,172.31.46.0-255,66,20080,44,231493
17798,0.000178,172.217.194.0-255,4320,24400,44,231493
17799,0.000181,172.31.46.0-255,66,24466,44,231493
17800,0.000193,172.217.194.0-255,1484,25950,44,231493
17801,0.000196,172.31.46.0-255,66,26016,44,231493
17802,0.000232,172.31.46.0-255,66,26082,44,231493
17803,0.000239,172.217.194.0-255,7156,33238,44,231493
17804,0.000241,172.31.46.0-255,66,33304,44,231493
17805,0.000289,172.31.46.0-255,66,33370,44,231493
17806,0.000314,172.217.194.0-255,5020,38390,44,231493
17807,0.000317,172.31.46.0-255,66,38456,44,231493
17808,0.00032,172.217.194.0-255,676,39132,44,231493
17809,0.000322,172.31.46.0-255,66,39198,44,231493
17810,0.000325,172.217.194.0-255,1484,40682,44,231493
17811,0.000327,172.31.46.0-255,66,40748,44,231493
17812,0.000334,172.217.194.0-255,4320,45068,44,231493
17813,0.000336,172.31.46.0-255,66,45134,44,231493
17814,0.00034,172.217.194.0-255,2902,48036,44,231493
17815,0.000342,172.31.46.0-255,66,48102,44,231493
17816,0.000378,172.217.194.0-255,7156,55258,44,231493
17817,0.000381,172.31.46.0-255,66,55324,44,231493
17818,0.000384,172.217.194.0-255,577,55901,44,231493
17819,0.000424,172.217.194.0-255,1484,57385,44,231493
17820,0.000427,172.31.46.0-255,66,57451,44,231493
17821,0.00043,172.217.194.0-255,1484,58935,44,231493
17822,0.000454,172.217.194.0-255,1484,60419,44,231493
17823,0.000457,172.31.46.0-255,66,60485,44,231493
17824,0.000463,172.217.194.0-255,5738,66223,44,231493
17825,0.000465,172.31.46.0-255,66,66289,44,231493
17826,0.000481,172.31.46.0-255,66,66355,44,231493
17827,0.000522,172.217.194.0-255,5738,72093,44,231493
17828,0.000525,172.31.46.0-255,66,72159,44,231493
17829,0.000558,172.31.46.0-255,66,72225,44,231493
17830,0.000561,172.217.194.0-255,1484,73709,44,231493
17831,0.000582,172.217.194.0-255,2902,76611,44,231493
17832,0.000585,172.31.46.0-255,66,76677,44,231493
17833,0.000591,172.217.194.0-255,4320,80997,44,231493
17834,0.000593,172.31.46.0-255,66,81063,44,231493
17835,0.000615,172.217.194.0-255,1484,82547,44,231493
17836,0.000623,172.217.194.0-255,6797,89344,44,231493
17837,0.000625,172.31.46.0-255,66,89410,44,231493
17838,0.000668,172.217.194.0-255,4320,93730,44,231493
17839,0.000671,172.31.46.0-255,66,93796,44,231493
17840,0.0007,172.217.194.0-255,4320,98116,44,231493
17841,0.000704,172.31.46.0-255,66,98182,44,231493
17842,0.00072,172.31.46.0-255,66,98248,44,231493
17843,0.000728,172.217.194.0-255,7156,105404,44,231493
17844,0.00073,172.31.46.0-255,66,105470,44,231493
17845,0.000769,172.31.46.0-255,66,105536,44,231493
17846,0.001077,172.217.194.0-255,1484,107020,44,231493
17847,0.001085,172.217.194.0-255,2902,109922,44,231493
17848,0.001088,172.31.46.0-255,66,109988,44,231493
17849,0.001094,172.217.194.0-255,2902,112890,44,231493
17850,0.001096,172.31.46.0-255,66,112956,44,231493
17851,0.00113,172.217.194.0-255,2902,115858,44,231493
17852,0.001133,172.31.46.0-255,66,115924,44,231493
17853,0.001152,172.31.46.0-255,66,115990,44,231493
17854,0.001179,172.217.194.0-255,2902,118892,44,231493
17855,0.001182,172.31.46.0-255,66,118958,44,231493
17856,0.001221,172.31.46.0-255,66,119024,44,231493
17857,0.001225,172.217.194.0-255,1484,120508,44,231493
17858,0.001249,172.217.194.0-255,4320,124828,44,231493
17859,0.001252,172.31.46.0-255,66,124894,44,231493
17860,0.00126,172.217.194.0-255,7156,132050,44,231493
17861,0.001262,172.31.46.0-255,66,132116,44,231493
17862,0.001272,172.217.194.0-255,4320,136436,44,231493
17863,0.001274,172.31.46.0-255,66,136502,44,231493
17864,0.00132,172.31.46.0-255,66,136568,44,231493
17865,0.001328,172.217.194.0-255,6438,143006,44,231493
17866,0.00133,172.31.46.0-255,66,143072,44,231493
17867,0.001341,172.217.194.0-255,5738,148810,44,231493
17868,0.001343,172.31.46.0-255,66,148876,44,231493
17869,0.00135,172.217.194.0-255,7156,156032,44,231493
17870,0.001353,172.31.46.0-255,66,156098,44,231493
17871,0.001429,172.31.46.0-255,66,156164,44,231493
17872,0.001436,172.217.194.0-255,6438,162602,44,231493
17873,0.001438,172.31.46.0-255,66,162668,44,231493
17874,0.001499,172.217.194.0-255,1484,164152,44,231493
17875,0.001505,172.217.194.0-255,2902,167054,44,231493
17876,0.001508,172.31.46.0-255,66,167120,44,231493
17877,0.00154,172.217.194.0-255,5738,172858,44,231493
17878,0.001543,172.31.46.0-255,66,172924,44,231493
17879,0.001572,172.31.46.0-255,66,172990,44,231493
17880,0.001611,172.31.46.0-255,66,173056,44,231493
17881,0.001643,172.217.194.0-255,1484,174540,44,231493
17882,0.001648,172.217.194.0-255,2902,177442,44,231493
17883,0.00165,172.31.46.0-255,66,177508,44,231493
17884,0.001676,172.217.194.0-255,5738,183246,44,231493
17885,0.001679,172.31.46.0-255,66,183312,44,231493
17886,0.001684,172.217.194.0-255,2902,186214,44,231493
17887,0.001687,172.31.46.0-255,66,186280,44,231493
17888,0.00171,172.217.194.0-255,4320,190600,44,231493
17889,0.001713,172.31.46.0-255,66,190666,44,231493
17890,0.001732,172.31.46.0-255,66,190732,44,231493
17891,0.001736,172.217.194.0-255,2184,192916,44,231493
17892,0.001738,172.31.46.0-255,66,192982,44,231493
17893,0.001774,172.217.194.0-255,2902,195884,44,231493
17894,0.001777,172.31.46.0-255,66,195950,44,231493
17895,0.001784,172.217.194.0-255,7156,203106,44,231493
17896,0.001786,172.31.46.0-255,66,203172,44,231493
17897,0.001798,172.217.194.0-255,7156,210328,44,231493
17898,0.0018,172.31.46.0-255,66,210394,44,231493
17899,0.001836,172.31.46.0-255,66,210460,44,231493
17900,0.001865,172.217.194.0-255,4320,214780,44,231493
17901,0.001868,172.31.46.0-255,66,214846,44,231493
17902,0.001871,172.217.194.0-255,766,215612,44,231493
17903,0.001874,172.217.194.0-255,1484,217096,44,231493
17904,0.001876,172.31.46.0-255,66,217162,44,231493
17905,0.001886,172.217.194.0-255,4320,221482,44,231493
17906,0.001888,172.31.46.0-255,66,221548,44,231493
17907,0.0019,172.31.46.0-255,66,221614,44,231493
17908,0.001911,172.31.46.0-255,66,221680,44,231493
17909,0.001914,172.217.194.0-255,97,221777,44,231493
17910,0.001934,172.217.194.0-255,105,221882,44,231493
17911,0.009113,172.31.46.0-255,66,221948,44,231493
17912,0.009155,172.31.46.0-255,105,222053,44,231493
17913,0.011309,172.217.194.0-255,105,222158,44,231493
17914,0.011319,172.31.46.0-255,78,222236,44,231493
17915,0.011431,172.217.194.0-255,66,222302,44,231493
17916,0.03954,172.31.46.0-255,172,222474,44,231493
17917,0.039572,172.31.46.0-255,1114,223588,44,231493
17918,0.039642,172.31.46.0-255,1514,225102,44,231493
17919,0.039644,172.31.46.0-255,1514,226616,44,231493
17920,0.03965,172.31.46.0-255,1514,228130,44,231493
17921,0.039651,172.31.46.0-255,1514,229644,44,231493
17922,0.039669,172.31.46.0-255,1514,231158,44,231493
17923,0.03967,172.31.46.0-255,71,231229,44,231493
17924,0.041101,104.244.42.0-255,66,231295,44,231493
17925,0.041384,104.244.42.0-255,66,231361,44,231493
17926,0.04139,104.244.42.0-255,66,231427,44,231493
17927,0.041432,104.244.42.0-255,66,231493,44,231493
17928,0.0,172.31.46.0-255,105,105,44,276
17929,0.001784,157.240.13.0-255,105,210,44,276
17930,0.0018,172.31.46.0-255,66,276,44,276
17931,0.0,74.125.200.0-255,153,153,44,309160
17932,1.4e-05,172.31.46.0-255,66,219,44,309160
17933,2e-05,74.125.200.0-255,1484,1703,44,309160
17934,2.4e-05,172.31.46.0-255,66,1769,44,309160
17935,2.7e-05,74.125.200.0-255,1484,3253,44,309160
17936,3.6e-05,172.31.46.0-255,66,3319,44,309160
17937,4.1e-05,74.125.200.0-255,2902,6221,44,309160
17938,4.3e-05,172.31.46.0-255,66,6287,44,309160
17939,4.7e-05,74.125.200.0-255,2902,9189,44,309160
17940,4.9e-05,172.31.46.0-255,66,9255,44,309160
17941,8e-05,74.125.200.0-255,2902,12157,44,309160
17942,8.2e-05,172.31.46.0-255,66,12223,44,309160
17943,9.1e-05,172.31.46.0-255,66,12289,44,309160
17944,9.4e-05,74.125.200.0-255,1484,13773,44,309160
17945,9.6e-05,172.31.46.0-255,66,13839,44,309160
17946,0.00013,74.125.200.0-255,7156,20995,44,309160
17947,0.000132,172.31.46.0-255,66,21061,44,309160
17948,0.000136,74.125.200.0-255,2543,23604,44,309160
17949,0.000138,172.31.46.0-255,66,23670,44,309160
17950,0.000214,74.125.200.0-255,1484,25154,44,309160
17951,0.000216,172.31.46.0-255,66,25220,44,309160
17952,0.00023,74.125.200.0-255,1484,26704,44,309160
17953,0.000232,172.31.46.0-255,66,26770,44,309160
17954,0.000268,74.125.200.0-255,2902,29672,44,309160
17955,0.000271,172.31.46.0-255,66,29738,44,309160
17956,0.000274,74.125.200.0-255,1484,31222,44,309160
17957,0.000275,172.31.46.0-255,66,31288,44,309160
17958,0.000303,74.125.200.0-255,2902,34190,44,309160
17959,0.000305,172.31.46.0-255,66,34256,44,309160
17960,0.000322,74.125.200.0-255,5738,39994,44,309160
17961,0.000324,172.31.46.0-255,66,40060,44,309160
17962,0.000327,74.125.200.0-255,1125,41185,44,309160
17963,0.000344,74.125.200.0-255,1484,42669,44,309160
17964,0.000369,74.125.200.0-255,4320,46989,44,309160
17965,0.000394,74.125.200.0-255,5738,52727,44,309160
17966,0.000434,74.125.200.0-255,4320,57047,44,309160
17967,0.000449,74.125.200.0-255,1125,58172,44,309160
17968,0.000461,74.125.200.0-255,679,58851,44,309160
17969,0.000495,172.31.46.0-255,66,58917,44,309160
17970,0.000637,74.125.200.0-255,1484,60401,44,309160
17971,0.000643,74.125.200.0-255,2902,63303,44,309160
17972,0.000649,172.31.46.0-255,66,63369,44,309160
17973,0.000664,74.125.200.0-255,5738,69107,44,309160
17974,0.000728,74.125.200.0-255,1484,70591,44,309160
17975,0.000731,172.31.46.0-255,66,70657,44,309160
17976,0.000748,74.125.200.0-255,3602,74259,44,309160
17977,0.000761,172.31.46.0-255,66,74325,44,309160
17978,0.001648,74.125.200.0-255,1484,75809,44,309160
17979,0.001659,74.125.200.0-255,2902,78711,44,309160
17980,0.001663,172.31.46.0-255,66,78777,44,309160
17981,0.001671,74.125.200.0-255,5738,84515,44,309160
17982,0.001722,74.125.200.0-255,1484,85999,44,309160
17983,0.001973,74.125.200.0-255,1484,87483,44,309160
17984,0.00198,74.125.200.0-255,2902,90385,44,309160
17985,0.002007,74.125.200.0-255,5738,96123,44,309160
17986,0.002009,74.125.200.0-255,1484,97607,44,309160
17987,0.002012,74.125.200.0-255,1484,99091,44,309160
17988,0.002034,74.125.200.0-255,4320,103411,44,309160
17989,0.002046,74.125.200.0-255,2902,106313,44,309160
17990,0.002068,74.125.200.0-255,7156,113469,44,309160
17991,0.002071,74.125.200.0-255,1484,114953,44,309160
17992,0.00212,74.125.200.0-255,1484,116437,44,309160
17993,0.00214,74.125.200.0-255,3602,120039,44,309160
17994,0.002316,74.125.200.0-255,1484,121523,44,309160
17995,0.002326,74.125.200.0-255,2902,124425,44,309160
17996,0.002338,74.125.200.0-255,2902,127327,44,309160
17997,0.002349,74.125.200.0-255,2902,130229,44,309160
17998,0.002363,74.125.200.0-255,4320,134549,44,309160
17999,0.002381,74.125.200.0-255,2902,137451,44,309160
18000,0.003141,74.125.200.0-255,1484,138935,44,309160
18001,0.003146,74.125.200.0-255,2902,141837,44,309160
18002,0.003158,74.125.200.0-255,1484,143321,44,309160
18003,0.003172,74.125.200.0-255,2902,146223,44,309160
18004,0.003193,74.125.200.0-255,5738,151961,44,309160
18005,0.003196,74.125.200.0-255,1484,153445,44,309160
18006,0.003224,74.125.200.0-255,4320,157765,44,309160
18007,0.003233,74.125.200.0-255,1484,159249,44,309160
18008,0.003247,74.125.200.0-255,3602,162851,44,309160
18009,0.003286,74.125.200.0-255,4320,167171,44,309160
18010,0.003307,74.125.200.0-255,4320,171491,44,309160
18011,0.003311,74.125.200.0-255,2902,174393,44,309160
18012,0.003339,74.125.200.0-255,7156,181549,44,309160
18013,0.003394,74.125.200.0-255,5020,186569,44,309160
18014,0.003514,74.125.200.0-255,1484,188053,44,309160
18015,0.003519,74.125.200.0-255,2902,190955,44,309160
18016,0.003541,74.125.200.0-255,5738,196693,44,309160
18017,0.003571,74.125.200.0-255,2902,199595,44,309160
18018,0.003589,74.125.200.0-255,7156,206751,44,309160
18019,0.003605,74.125.200.0-255,1484,208235,44,309160
18020,0.003637,74.125.200.0-255,2184,210419,44,309160
18021,0.003746,74.125.200.0-255,1484,211903,44,309160
18022,0.00376,74.125.200.0-255,2902,214805,44,309160
18023,0.003772,74.125.200.0-255,1484,216289,44,309160
18024,0.003775,74.125.200.0-255,1484,217773,44,309160
18025,0.003792,74.125.200.0-255,1484,219257,44,309160
18026,0.003797,74.125.200.0-255,2902,222159,44,309160
18027,0.003812,74.125.200.0-255,2902,225061,44,309160
18028,0.003816,74.125.200.0-255,1484,226545,44,309160
18029,0.003836,74.125.200.0-255,5738,232283,44,309160
18030,0.00387,74.125.200.0-255,1484,233767,44,309160
18031,0.003894,74.125.200.0-255,3602,237369,44,309160
18032,0.0039,74.125.200.0-255,5738,243107,44,309160
18033,0.003926,74.125.200.0-255,2902,246009,44,309160
18034,0.003941,74.125.200.0-255,2902,248911,44,309160
18035,0.003955,74.125.200.0-255,5738,254649,44,309160
18036,0.003973,74.125.200.0-255,1484,256133,44,309160
18037,0.00398,74.125.200.0-255,5738,261871,44,309160
18038,0.003995,74.125.200.0-255,2902,264773,44,309160
18039,0.00402,74.125.200.0-255,1484,266257,44,309160
18040,0.004042,74.125.200.0-255,3602,269859,44,309160
18041,0.004113,74.125.200.0-255,1484,271343,44,309160
18042,0.004129,74.125.200.0-255,1484,272827,44,309160
18043,0.004132,74.125.200.0-255,1484,274311,44,309160
18044,0.004143,74.125.200.0-255,1484,275795,44,309160
18045,0.004157,74.125.200.0-255,4320,280115,44,309160
18046,0.004175,74.125.200.0-255,1484,281599,44,309160
18047,0.004201,74.125.200.0-255,7156,288755,44,309160
18048,0.004214,74.125.200.0-255,2902,291657,44,309160
18049,0.004234,74.125.200.0-255,3602,295259,44,309160
18050,0.004367,74.125.200.0-255,1484,296743,44,309160
18051,0.00438,74.125.200.0-255,1484,298227,44,309160
18052,0.00442,74.125.200.0-255,1401,299628,44,309160
18053,0.004456,74.125.200.0-255,105,299733,44,309160
18054,0.005674,172.31.46.0-255,66,299799,44,309160
18055,0.011931,172.31.46.0-255,105,299904,44,309160
18056,0.013827,74.125.200.0-255,66,299970,44,309160
18057,0.033815,172.31.46.0-255,172,300142,44,309160
18058,0.033845,172.31.46.0-255,1114,301256,44,309160
18059,0.0339,172.31.46.0-255,1514,302770,44,309160
18060,0.033901,172.31.46.0-255,1514,304284,44,309160
18061,0.033905,172.31.46.0-255,1514,305798,44,309160
18062,0.033906,172.31.46.0-255,1514,307312,44,309160
18063,0.033925,172.31.46.0-255,1514,308826,44,309160
18064,0.033926,172.31.46.0-255,70,308896,44,309160
18065,0.035363,104.244.42.0-255,66,308962,44,309160
18066,0.035374,104.244.42.0-255,66,309028,44,309160
18067,0.035469,104.244.42.0-255,66,309094,44,309160
18068,0.035474,104.244.42.0-255,66,309160,44,309160
18069,0.0,74.125.24.0-255,153,153,44,205141
18070,2.2e-05,172.31.46.0-255,66,219,44,205141
18071,2.8e-05,74.125.24.0-255,1484,1703,44,205141
18072,3.3e-05,172.31.46.0-255,66,1769,44,205141
18073,4.5e-05,74.125.24.0-255,2902,4671,44,205141
18074,4.9e-05,172.31.46.0-255,66,4737,44,205141
18075,7.3e-05,74.125.24.0-255,7156,11893,44,205141
18076,8.1e-05,172.31.46.0-255,66,11959,44,205141
18077,0.000199,74.125.24.0-255,2053,14012,44,205141
18078,0.000203,172.31.46.0-255,66,14078,44,205141
18079,0.000228,74.125.24.0-255,2902,16980,44,205141
18080,0.00023,172.31.46.0-255,66,17046,44,205141
18081,0.000288,74.125.24.0-255,5738,22784,44,205141
18082,0.000291,172.31.46.0-255,66,22850,44,205141
18083,0.000317,74.125.24.0-255,1484,24334,44,205141
18084,0.00032,172.31.46.0-255,66,24400,44,205141
18085,0.000425,172.31.46.0-255,66,24466,44,205141
18086,0.000457,74.125.24.0-255,5379,29845,44,205141
18087,0.00046,172.31.46.0-255,66,29911,44,205141
18088,0.000681,74.125.24.0-255,5738,35649,44,205141
18089,0.000686,172.31.46.0-255,66,35715,44,205141
18090,0.000721,172.31.46.0-255,66,35781,44,205141
18091,0.000937,74.125.24.0-255,5738,41519,44,205141
18092,0.000942,172.31.46.0-255,66,41585,44,205141
18093,0.000964,74.125.24.0-255,5020,46605,44,205141
18094,0.000967,172.31.46.0-255,66,46671,44,205141
18095,0.001097,74.125.24.0-255,413,47084,44,205141
18096,0.001103,172.31.46.0-255,66,47150,44,205141
18097,0.001134,74.125.24.0-255,4320,51470,44,205141
18098,0.001137,172.31.46.0-255,66,51536,44,205141
18099,0.001181,172.31.46.0-255,66,51602,44,205141
18100,0.001207,74.125.24.0-255,1484,53086,44,205141
18101,0.001651,74.125.24.0-255,7156,60242,44,205141
18102,0.001657,172.31.46.0-255,66,60308,44,205141
18103,0.001709,172.31.46.0-255,66,60374,44,205141
18104,0.002083,172.31.46.0-255,66,60440,44,205141
18105,0.002128,172.31.46.0-255,66,60506,44,205141
18106,0.002634,172.31.46.0-255,66,60572,44,205141
18107,0.002701,172.31.46.0-255,66,60638,44,205141
18108,0.003201,74.125.24.0-255,2902,63540,44,205141
18109,0.003204,172.31.46.0-255,66,63606,44,205141
18110,0.00326,172.31.46.0-255,66,63672,44,205141
18111,0.003323,172.31.46.0-255,66,63738,44,205141
18112,0.004199,74.125.24.0-255,5738,69476,44,205141
18113,0.004203,172.31.46.0-255,66,69542,44,205141
18114,0.004241,172.31.46.0-255,66,69608,44,205141
18115,0.00428,172.31.46.0-255,66,69674,44,205141
18116,0.006707,172.31.46.0-255,101,69775,44,205141
18117,0.006816,74.125.24.0-255,5738,75513,44,205141
18118,0.006821,172.31.46.0-255,66,75579,44,205141
18119,0.009214,74.125.24.0-255,66,75645,44,205141
18120,0.009325,74.125.24.0-255,5738,81383,44,205141
18121,0.009328,172.31.46.0-255,66,81449,44,205141
18122,0.011866,74.125.24.0-255,5738,87187,44,205141
18123,0.011874,172.31.46.0-255,66,87253,44,205141
18124,0.014444,74.125.24.0-255,5738,92991,44,205141
18125,0.014453,172.31.46.0-255,66,93057,44,205141
18126,0.017056,74.125.24.0-255,5738,98795,44,205141
18127,0.017062,172.31.46.0-255,66,98861,44,205141
18128,0.019611,74.125.24.0-255,5738,104599,44,205141
18129,0.01962,172.31.46.0-255,66,104665,44,205141
18130,0.022162,74.125.24.0-255,5738,110403,44,205141
18131,0.022169,172.31.46.0-255,66,110469,44,205141
18132,0.024804,74.125.24.0-255,5738,116207,44,205141
18133,0.024811,172.31.46.0-255,66,116273,44,205141
18134,0.027345,74.125.24.0-255,5738,122011,44,205141
18135,0.027352,172.31.46.0-255,66,122077,44,205141
18136,0.029799,172.31.46.0-255,172,122249,44,205141
18137,0.029827,172.31.46.0-255,1114,123363,44,205141
18138,0.029886,172.31.46.0-255,1514,124877,44,205141
18139,0.029888,172.31.46.0-255,1514,126391,44,205141
18140,0.029889,172.31.46.0-255,1514,127905,44,205141
18141,0.02989,172.31.46.0-255,1514,129419,44,205141
18142,0.029891,172.31.46.0-255,556,129975,44,205141
18143,0.029902,74.125.24.0-255,1484,131459,44,205141
18144,0.029921,74.125.24.0-255,4320,135779,44,205141
18145,0.029924,172.31.46.0-255,66,135845,44,205141
18146,0.031448,104.244.42.0-255,66,135911,44,205141
18147,0.032493,74.125.24.0-255,5738,141649,44,205141
18148,0.032501,172.31.46.0-255,66,141715,44,205141
18149,0.035061,74.125.24.0-255,5738,147453,44,205141
18150,0.035074,172.31.46.0-255,66,147519,44,205141
18151,0.037655,74.125.24.0-255,5738,153257,44,205141
18152,0.037669,172.31.46.0-255,66,153323,44,205141
18153,0.040227,74.125.24.0-255,5738,159061,44,205141
18154,0.040236,172.31.46.0-255,66,159127,44,205141
18155,0.042799,74.125.24.0-255,5738,164865,44,205141
18156,0.042806,172.31.46.0-255,66,164931,44,205141
18157,0.045397,74.125.24.0-255,5738,170669,44,205141
18158,0.045404,172.31.46.0-255,66,170735,44,205141
18159,0.047972,74.125.24.0-255,5738,176473,44,205141
18160,0.047978,172.31.46.0-255,66,176539,44,205141
18161,0.050536,74.125.24.0-255,5738,182277,44,205141
18162,0.050542,172.31.46.0-255,66,182343,44,205141
18163,0.053103,74.125.24.0-255,5738,188081,44,205141
18164,0.053119,172.31.46.0-255,66,188147,44,205141
18165,0.055669,74.125.24.0-255,5738,193885,44,205141
18166,0.055684,172.31.46.0-255,66,193951,44,205141
18167,0.05824,74.125.24.0-255,5738,199689,44,205141
18168,0.058249,172.31.46.0-255,66,199755,44,205141
18169,0.06081,74.125.24.0-255,5149,204904,44,205141
18170,0.060817,172.31.46.0-255,66,204970,44,205141
18171,0.061025,172.31.46.0-255,105,205075,44,205141
18172,0.068712,74.125.24.0-255,66,205141,44,205141
18173,0.0,74.125.130.0-255,152,152,44,287556
18174,2.4e-05,172.31.46.0-255,66,218,44,287556
18175,4.8e-05,74.125.130.0-255,1484,1702,44,287556
18176,5.1e-05,172.31.46.0-255,66,1768,44,287556
18177,5.4e-05,74.125.130.0-255,1484,3252,44,287556
18178,5.8e-05,172.31.46.0-255,66,3318,44,287556
18179,6.3e-05,74.125.130.0-255,2902,6220,44,287556
18180,6.7e-05,172.31.46.0-255,66,6286,44,287556
18181,0.00011,74.125.130.0-255,5738,12024,44,287556
18182,0.000114,172.31.46.0-255,66,12090,44,287556
18183,0.00015,74.125.130.0-255,2121,14211,44,287556
18184,0.000153,172.31.46.0-255,66,14277,44,287556
18185,0.001451,74.125.130.0-255,1484,15761,44,287556
18186,0.001457,172.31.46.0-255,66,15827,44,287556
18187,0.001464,74.125.130.0-255,2902,18729,44,287556
18188,0.001466,172.31.46.0-255,66,18795,44,287556
18189,0.001481,74.125.130.0-255,1484,20279,44,287556
18190,0.001483,172.31.46.0-255,66,20345,44,287556
18191,0.001503,74.125.130.0-255,2902,23247,44,287556
18192,0.001505,172.31.46.0-255,66,23313,44,287556
18193,0.001516,74.125.130.0-255,1484,24797,44,287556
18194,0.001518,172.31.46.0-255,66,24863,44,287556
18195,0.001534,74.125.130.0-255,1484,26347,44,287556
18196,0.001535,172.31.46.0-255,66,26413,44,287556
18197,0.001566,74.125.130.0-255,4320,30733,44,287556
18198,0.001569,172.31.46.0-255,66,30799,44,287556
18199,0.001597,74.125.130.0-255,1125,31924,44,287556
18200,0.001599,172.31.46.0-255,66,31990,44,287556
18201,0.001742,74.125.130.0-255,1484,33474,44,287556
18202,0.001744,172.31.46.0-255,66,33540,44,287556
18203,0.001755,74.125.130.0-255,2902,36442,44,287556
18204,0.001756,172.31.46.0-255,66,36508,44,287556
18205,0.001785,74.125.130.0-255,2902,39410,44,287556
18206,0.001804,74.125.130.0-255,2902,42312,44,287556
18207,0.001818,74.125.130.0-255,1484,43796,44,287556
18208,0.001854,74.125.130.0-255,2902,46698,44,287556
18209,0.001866,74.125.130.0-255,3961,50659,44,287556
18210,0.001926,74.125.130.0-255,5738,56397,44,287556
18211,0.001934,74.125.130.0-255,1484,57881,44,287556
18212,0.001996,74.125.130.0-255,1484,59365,44,287556
18213,0.002009,74.125.130.0-255,2902,62267,44,287556
18214,0.002042,74.125.130.0-255,1484,63751,44,287556
18215,0.002052,74.125.130.0-255,2543,66294,44,287556
18216,0.002066,74.125.130.0-255,364,66658,44,287556
18217,0.002178,74.125.130.0-255,380,67038,44,287556
18218,0.002417,74.125.130.0-255,1484,68522,44,287556
18219,0.002433,74.125.130.0-255,2902,71424,44,287556
18220,0.00248,74.125.130.0-255,1484,72908,44,287556
18221,0.002503,74.125.130.0-255,2902,75810,44,287556
18222,0.002535,74.125.130.0-255,5738,81548,44,287556
18223,0.002598,74.125.130.0-255,2543,84091,44,287556
18224,0.002773,172.31.46.0-255,66,84157,44,287556
18225,0.005349,74.125.130.0-255,5738,89895,44,287556
18226,0.005357,172.31.46.0-255,66,89961,44,287556
18227,0.007917,74.125.130.0-255,5738,95699,44,287556
18228,0.007923,172.31.46.0-255,66,95765,44,287556
18229,0.010488,74.125.130.0-255,5738,101503,44,287556
18230,0.010497,172.31.46.0-255,66,101569,44,287556
18231,0.013069,74.125.130.0-255,5738,107307,44,287556
18232,0.013079,172.31.46.0-255,66,107373,44,287556
18233,0.015655,74.125.130.0-255,5738,113111,44,287556
18234,0.015667,172.31.46.0-255,66,113177,44,287556
18235,0.018226,74.125.130.0-255,5738,118915,44,287556
18236,0.018232,172.31.46.0-255,66,118981,44,287556
18237,0.020806,74.125.130.0-255,5738,124719,44,287556
18238,0.020818,172.31.46.0-255,66,124785,44,287556
18239,0.023419,74.125.130.0-255,5738,130523,44,287556
18240,0.023435,172.31.46.0-255,66,130589,44,287556
18241,0.026045,74.125.130.0-255,5738,136327,44,287556
18242,0.026062,172.31.46.0-255,66,136393,44,287556
18243,0.026649,172.31.46.0-255,172,136565,44,287556
18244,0.026675,172.31.46.0-255,1114,137679,44,287556
18245,0.026745,172.31.46.0-255,1514,139193,44,287556
18246,0.026747,172.31.46.0-255,1514,140707,44,287556
18247,0.026748,172.31.46.0-255,1514,142221,44,287556
18248,0.026749,172.31.46.0-255,1514,143735,44,287556
18249,0.026776,172.31.46.0-255,1514,145249,44,287556
18250,0.026782,172.31.46.0-255,72,145321,44,287556
18251,0.028149,104.244.42.0-255,66,145387,44,287556
18252,0.028206,104.244.42.0-255,66,145453,44,287556
18253,0.028301,104.244.42.0-255,66,145519,44,287556
18254,0.028306,104.244.42.0-255,66,145585,44,287556
18255,0.028309,104.244.42.0-255,66,145651,44,287556
18256,0.028645,74.125.130.0-255,5738,151389,44,287556
18257,0.028653,172.31.46.0-255,66,151455,44,287556
18258,0.03123,74.125.130.0-255,5738,157193,44,287556
18259,0.031238,172.31.46.0-255,66,157259,44,287556
18260,0.033797,74.125.130.0-255,5738,162997,44,287556
18261,0.033803,172.31.46.0-255,66,163063,44,287556
18262,0.036365,74.125.130.0-255,5738,168801,44,287556
18263,0.03637,172.31.46.0-255,66,168867,44,287556
18264,0.038931,74.125.130.0-255,5738,174605,44,287556
18265,0.038948,172.31.46.0-255,66,174671,44,287556
18266,0.041503,74.125.130.0-255,5738,180409,44,287556
18267,0.041509,172.31.46.0-255,66,180475,44,287556
18268,0.04165,172.31.46.0-255,101,180576,44,287556
18269,0.044078,74.125.130.0-255,5738,186314,44,287556
18270,0.044084,172.31.46.0-255,66,186380,44,287556
18271,0.044167,74.125.130.0-255,66,186446,44,287556
18272,0.046637,74.125.130.0-255,2902,189348,44,287556
18273,0.046643,172.31.46.0-255,66,189414,44,287556
18274,0.046671,74.125.130.0-255,2902,192316,44,287556
18275,0.04669,172.31.46.0-255,66,192382,44,287556
18276,0.049219,74.125.130.0-255,2902,195284,44,287556
18277,0.049224,172.31.46.0-255,66,195350,44,287556
18278,0.049296,74.125.130.0-255,2902,198252,44,287556
18279,0.049313,172.31.46.0-255,66,198318,44,287556
18280,0.051785,74.125.130.0-255,2902,201220,44,287556
18281,0.05179,172.31.46.0-255,66,201286,44,287556
18282,0.051866,74.125.130.0-255,2902,204188,44,287556
18283,0.051881,172.31.46.0-255,66,204254,44,287556
18284,0.05436,74.125.130.0-255,2902,207156,44,287556
18285,0.054365,172.31.46.0-255,66,207222,44,287556
18286,0.05444,74.125.130.0-255,2902,210124,44,287556
18287,0.054452,172.31.46.0-255,66,210190,44,287556
18288,0.056927,74.125.130.0-255,2902,213092,44,287556
18289,0.056932,172.31.46.0-255,66,213158,44,287556
18290,0.057007,74.125.130.0-255,1484,214642,44,287556
18291,0.057022,74.125.130.0-255,1484,216126,44,287556
18292,0.057028,172.31.46.0-255,66,216192,44,287556
18293,0.059494,74.125.130.0-255,2902,219094,44,287556
18294,0.0595,172.31.46.0-255,66,219160,44,287556
18295,0.059589,74.125.130.0-255,2902,222062,44,287556
18296,0.059599,172.31.46.0-255,66,222128,44,287556
18297,0.062059,74.125.130.0-255,2902,225030,44,287556
18298,0.062064,172.31.46.0-255,66,225096,44,287556
18299,0.062151,74.125.130.0-255,1484,226580,44,287556
18300,0.062164,74.125.130.0-255,1484,228064,44,287556
18301,0.062167,172.31.46.0-255,66,228130,44,287556
18302,0.06463,74.125.130.0-255,2902,231032,44,287556
18303,0.064635,172.31.46.0-255,66,231098,44,287556
18304,0.064742,74.125.130.0-255,2902,234000,44,287556
18305,0.064747,172.31.46.0-255,66,234066,44,287556
18306,0.067191,74.125.130.0-255,1484,235550,44,287556
18307,0.067213,74.125.130.0-255,1484,237034,44,287556
18308,0.067217,172.31.46.0-255,66,237100,44,287556
18309,0.06731,74.125.130.0-255,2902,240002,44,287556
18310,0.067314,172.31.46.0-255,66,240068,44,287556
18311,0.069784,74.125.130.0-255,2902,242970,44,287556
18312,0.06979,172.31.46.0-255,66,243036,44,287556
18313,0.069867,74.125.130.0-255,2902,245938,44,287556
18314,0.06988,172.31.46.0-255,66,246004,44,287556
18315,0.072347,74.125.130.0-255,2902,248906,44,287556
18316,0.072352,172.31.46.0-255,66,248972,44,287556
18317,0.072444,74.125.130.0-255,2902,251874,44,287556
18318,0.072818,172.31.46.0-255,66,251940,44,287556
18319,0.074916,74.125.130.0-255,2902,254842,44,287556
18320,0.074922,172.31.46.0-255,66,254908,44,287556
18321,0.075372,74.125.130.0-255,2902,257810,44,287556
18322,0.075377,172.31.46.0-255,66,257876,44,287556
18323,0.077474,74.125.130.0-255,2902,260778,44,287556
18324,0.077479,172.31.46.0-255,66,260844,44,287556
18325,0.07793,74.125.130.0-255,2902,263746,44,287556
18326,0.077936,172.31.46.0-255,66,263812,44,287556
18327,0.080041,74.125.130.0-255,2902,266714,44,287556
18328,0.080047,172.31.46.0-255,66,266780,44,287556
18329,0.08049,74.125.130.0-255,2902,269682,44,287556
18330,0.080496,172.31.46.0-255,66,269748,44,287556
18331,0.082604,74.125.130.0-255,2902,272650,44,287556
18332,0.08261,172.31.46.0-255,66,272716,44,287556
18333,0.083053,74.125.130.0-255,2902,275618,44,287556
18334,0.083058,172.31.46.0-255,66,275684,44,287556
18335,0.085162,74.125.130.0-255,2902,278586,44,287556
18336,0.085167,172.31.46.0-255,66,278652,44,287556
18337,0.085622,74.125.130.0-255,2902,281554,44,287556
18338,0.085628,172.31.46.0-255,66,281620,44,287556
18339,0.087725,74.125.130.0-255,2902,284522,44,287556
18340,0.087731,172.31.46.0-255,66,284588,44,287556
18341,0.08819,74.125.130.0-255,2902,287490,44,287556
18342,0.088195,172.31.46.0-255,66,287556,44,287556
18343,0.0,172.217.194.0-255,143,143,44,357850
18344,2.2e-05,172.31.46.0-255,66,209,44,357850
18345,3e-05,172.217.194.0-255,1484,1693,44,357850
18346,3.4e-05,172.31.46.0-255,66,1759,44,357850
18347,3.9e-05,172.217.194.0-255,2902,4661,44,357850
18348,4.2e-05,172.31.46.0-255,66,4727,44,357850
18349,7.1e-05,172.217.194.0-255,5738,10465,44,357850
18350,7.4e-05,172.31.46.0-255,66,10531,44,357850
18351,0.000109,172.217.194.0-255,1484,12015,44,357850
18352,0.000112,172.31.46.0-255,66,12081,44,357850
18353,0.000117,172.217.194.0-255,2085,14166,44,357850
18354,0.000119,172.31.46.0-255,66,14232,44,357850
18355,0.000133,172.31.46.0-255,66,14298,44,357850
18356,0.000139,172.217.194.0-255,5379,19677,44,357850
18357,0.000142,172.31.46.0-255,66,19743,44,357850
18358,0.000379,172.217.194.0-255,1484,21227,44,357850
18359,0.000385,172.31.46.0-255,66,21293,44,357850
18360,0.00039,172.217.194.0-255,2902,24195,44,357850
18361,0.000393,172.31.46.0-255,66,24261,44,357850
18362,0.000397,172.217.194.0-255,2902,27163,44,357850
18363,0.000399,172.31.46.0-255,66,27229,44,357850
18364,0.000419,172.217.194.0-255,2902,30131,44,357850
18365,0.000421,172.31.46.0-255,66,30197,44,357850
18366,0.000436,172.217.194.0-255,4320,34517,44,357850
18367,0.000439,172.31.46.0-255,66,34583,44,357850
18368,0.000469,172.31.46.0-255,66,34649,44,357850
18369,0.000476,172.217.194.0-255,7156,41805,44,357850
18370,0.000478,172.31.46.0-255,66,41871,44,357850
18371,0.000493,172.217.194.0-255,3961,45832,44,357850
18372,0.000495,172.31.46.0-255,66,45898,44,357850
18373,0.000525,172.217.194.0-255,647,46545,44,357850
18374,0.000667,172.217.194.0-255,1484,48029,44,357850
18375,0.000673,172.217.194.0-255,2902,50931,44,357850
18376,0.00068,172.217.194.0-255,5738,56669,44,357850
18377,0.000684,172.217.194.0-255,4320,60989,44,357850
18378,0.000699,172.217.194.0-255,2902,63891,44,357850
18379,0.000704,172.31.46.0-255,66,63957,44,357850
18380,0.000722,172.217.194.0-255,4320,68277,44,357850
18381,0.000728,172.31.46.0-255,66,68343,44,357850
18382,0.000739,172.217.194.0-255,3602,71945,44,357850
18383,0.000763,172.31.46.0-255,66,72011,44,357850
18384,0.001161,172.217.194.0-255,1484,73495,44,357850
18385,0.001167,172.217.194.0-255,2902,76397,44,357850
18386,0.00117,172.31.46.0-255,66,76463,44,357850
18387,0.001175,172.217.194.0-255,2902,79365,44,357850
18388,0.001177,172.31.46.0-255,66,79431,44,357850
18389,0.001198,172.217.194.0-255,2902,82333,44,357850
18390,0.001201,172.31.46.0-255,66,82399,44,357850
18391,0.00123,172.217.194.0-255,1484,83883,44,357850
18392,0.001238,172.217.194.0-255,7156,91039,44,357850
18393,0.001243,172.31.46.0-255,66,91105,44,357850
18394,0.001261,172.217.194.0-255,3602,94707,44,357850
18395,0.001275,172.31.46.0-255,66,94773,44,357850
18396,0.003197,172.217.194.0-255,1484,96257,44,357850
18397,0.003232,172.217.194.0-255,4320,100577,44,357850
18398,0.003237,172.31.46.0-255,66,100643,44,357850
18399,0.005192,172.217.194.0-255,5738,106381,44,357850
18400,0.005198,172.31.46.0-255,66,106447,44,357850
18401,0.00715,172.217.194.0-255,5738,112185,44,357850
18402,0.007154,172.31.46.0-255,66,112251,44,357850
18403,0.009128,172.217.194.0-255,5738,117989,44,357850
18404,0.009135,172.31.46.0-255,66,118055,44,357850
18405,0.01109,172.217.194.0-255,5738,123793,44,357850
18406,0.011097,172.31.46.0-255,66,123859,44,357850
18407,0.013053,172.217.194.0-255,5738,129597,44,357850
18408,0.013061,172.31.46.0-255,66,129663,44,357850
18409,0.015031,172.217.194.0-255,5738,135401,44,357850
18410,0.015044,172.31.46.0-255,66,135467,44,357850
18411,0.017025,172.217.194.0-255,5738,141205,44,357850
18412,0.017038,172.31.46.0-255,66,141271,44,357850
18413,0.018989,172.217.194.0-255,5738,147009,44,357850
18414,0.018997,172.31.46.0-255,66,147075,44,357850
18415,0.020933,172.217.194.0-255,5738,152813,44,357850
18416,0.02094,172.31.46.0-255,66,152879,44,357850
18417,0.02293,172.217.194.0-255,5738,158617,44,357850
18418,0.022935,172.31.46.0-255,66,158683,44,357850
18419,0.024925,172.217.194.0-255,5738,164421,44,357850
18420,0.02493,172.31.46.0-255,66,164487,44,357850
18421,0.026883,172.217.194.0-255,5738,170225,44,357850
18422,0.026889,172.31.46.0-255,66,170291,44,357850
18423,0.028885,172.217.194.0-255,5738,176029,44,357850
18424,0.028901,172.31.46.0-255,66,176095,44,357850
18425,0.03088,172.217.194.0-255,5738,181833,44,357850
18426,0.030898,172.31.46.0-255,66,181899,44,357850
18427,0.032867,172.217.194.0-255,5738,187637,44,357850
18428,0.03288,172.31.46.0-255,66,187703,44,357850
18429,0.034826,172.217.194.0-255,5738,193441,44,357850
18430,0.034835,172.31.46.0-255,66,193507,44,357850
18431,0.036781,172.217.194.0-255,5738,199245,44,357850
18432,0.036788,172.31.46.0-255,66,199311,44,357850
18433,0.038326,172.31.46.0-255,172,199483,44,357850
18434,0.038361,172.31.46.0-255,1114,200597,44,357850
18435,0.038415,172.31.46.0-255,566,201163,44,357850
18436,0.038753,172.217.194.0-255,5738,206901,44,357850
18437,0.038759,172.31.46.0-255,66,206967,44,357850
18438,0.039844,104.244.42.0-255,66,207033,44,357850
18439,0.03989,104.244.42.0-255,66,207099,44,357850
18440,0.039925,104.244.42.0-255,66,207165,44,357850
18441,0.040716,172.217.194.0-255,5738,212903,44,357850
18442,0.040727,172.31.46.0-255,66,212969,44,357850
18443,0.042681,172.217.194.0-255,5738,218707,44,357850
18444,0.042688,172.31.46.0-255,66,218773,44,357850
18445,0.044638,172.217.194.0-255,5738,224511,44,357850
18446,0.044644,172.31.46.0-255,66,224577,44,357850
18447,0.046599,172.217.194.0-255,5738,230315,44,357850
18448,0.046606,172.31.46.0-255,66,230381,44,357850
18449,0.048571,172.217.194.0-255,5738,236119,44,357850
18450,0.048578,172.31.46.0-255,66,236185,44,357850
18451,0.050544,172.217.194.0-255,5738,241923,44,357850
18452,0.050551,172.31.46.0-255,66,241989,44,357850
18453,0.052527,172.217.194.0-255,5738,247727,44,357850
18454,0.052534,172.31.46.0-255,66,247793,44,357850
18455,0.054483,172.217.194.0-255,5738,253531,44,357850
18456,0.05449,172.31.46.0-255,66,253597,44,357850
18457,0.056436,172.217.194.0-255,5738,259335,44,357850
18458,0.056443,172.31.46.0-255,66,259401,44,357850
18459,0.058387,172.217.194.0-255,5738,265139,44,357850
18460,0.058393,172.31.46.0-255,66,265205,44,357850
18461,0.060361,172.217.194.0-255,5738,270943,44,357850
18462,0.060366,172.31.46.0-255,66,271009,44,357850
18463,0.062331,172.217.194.0-255,5738,276747,44,357850
18464,0.062337,172.31.46.0-255,66,276813,44,357850
18465,0.064314,172.217.194.0-255,5738,282551,44,357850
18466,0.06432,172.31.46.0-255,66,282617,44,357850
18467,0.066255,172.217.194.0-255,5738,288355,44,357850
18468,0.06626,172.31.46.0-255,66,288421,44,357850
18469,0.068229,172.217.194.0-255,5738,294159,44,357850
18470,0.068236,172.31.46.0-255,66,294225,44,357850
18471,0.07019,172.217.194.0-255,5738,299963,44,357850
18472,0.070196,172.31.46.0-255,66,300029,44,357850
18473,0.072174,172.217.194.0-255,5738,305767,44,357850
18474,0.072182,172.31.46.0-255,66,305833,44,357850
18475,0.074161,172.217.194.0-255,5738,311571,44,357850
18476,0.074166,172.31.46.0-255,66,311637,44,357850
18477,0.076141,172.217.194.0-255,5738,317375,44,357850
18478,0.076147,172.31.46.0-255,66,317441,44,357850
18479,0.078097,172.217.194.0-255,5738,323179,44,357850
18480,0.078103,172.31.46.0-255,66,323245,44,357850
18481,0.08008,172.217.194.0-255,5738,328983,44,357850
18482,0.080085,172.31.46.0-255,66,329049,44,357850
18483,0.082037,172.217.194.0-255,5738,334787,44,357850
18484,0.082042,172.31.46.0-255,66,334853,44,357850
18485,0.084005,172.217.194.0-255,5738,340591,44,357850
18486,0.084011,172.31.46.0-255,66,340657,44,357850
18487,0.086006,172.217.194.0-255,5738,346395,44,357850
18488,0.086012,172.31.46.0-255,66,346461,44,357850
18489,0.087967,172.217.194.0-255,5738,352199,44,357850
18490,0.087973,172.31.46.0-255,66,352265,44,357850
18491,0.089915,172.217.194.0-255,5519,357784,44,357850
18492,0.08992,172.31.46.0-255,66,357850,44,357850
18493,0.0,74.125.130.0-255,153,153,44,294039
18494,2.3e-05,172.31.46.0-255,66,219,44,294039
18495,3e-05,74.125.130.0-255,1484,1703,44,294039
18496,3.4e-05,172.31.46.0-255,66,1769,44,294039
18497,4e-05,74.125.130.0-255,2902,4671,44,294039
18498,4.4e-05,172.31.46.0-255,66,4737,44,294039
18499,5e-05,74.125.130.0-255,4320,9057,44,294039
18500,5.4e-05,172.31.46.0-255,66,9123,44,294039
18501,7.6e-05,74.125.130.0-255,2902,12025,44,294039
18502,7.8e-05,172.31.46.0-255,66,12091,44,294039
18503,8.3e-05,74.125.130.0-255,2032,14123,44,294039
18504,8.5e-05,172.31.46.0-255,66,14189,44,294039
18505,0.000676,74.125.130.0-255,1484,15673,44,294039
18506,0.000682,172.31.46.0-255,66,15739,44,294039
18507,0.00069,74.125.130.0-255,1484,17223,44,294039
18508,0.000692,172.31.46.0-255,66,17289,44,294039
18509,0.000706,74.125.130.0-255,1484,18773,44,294039
18510,0.000708,172.31.46.0-255,66,18839,44,294039
18511,0.000759,74.125.130.0-255,5738,24577,44,294039
18512,0.000762,172.31.46.0-255,66,24643,44,294039
18513,0.000766,74.125.130.0-255,1484,26127,44,294039
18514,0.000768,172.31.46.0-255,66,26193,44,294039
18515,0.000773,74.125.130.0-255,2902,29095,44,294039
18516,0.000775,172.31.46.0-255,66,29161,44,294039
18517,0.00081,74.125.130.0-255,2543,31704,44,294039
18518,0.000813,172.31.46.0-255,66,31770,44,294039
18519,0.000845,74.125.130.0-255,2902,34672,44,294039
18520,0.000849,172.31.46.0-255,66,34738,44,294039
18521,0.000853,74.125.130.0-255,2902,37640,44,294039
18522,0.000856,172.31.46.0-255,66,37706,44,294039
18523,0.000868,74.125.130.0-255,1484,39190,44,294039
18524,0.00087,172.31.46.0-255,66,39256,44,294039
18525,0.000873,74.125.130.0-255,1484,40740,44,294039
18526,0.000896,74.125.130.0-255,4320,45060,44,294039
18527,0.0009,172.31.46.0-255,66,45126,44,294039
18528,0.000921,74.125.130.0-255,5738,50864,44,294039
18529,0.000924,172.31.46.0-255,66,50930,44,294039
18530,0.000942,74.125.130.0-255,1484,52414,44,294039
18531,0.000965,74.125.130.0-255,5738,58152,44,294039
18532,0.000968,172.31.46.0-255,66,58218,44,294039
18533,0.000972,74.125.130.0-255,1484,59702,44,294039
18534,0.001039,74.125.130.0-255,6438,66140,44,294039
18535,0.001044,172.31.46.0-255,66,66206,44,294039
18536,0.001064,74.125.130.0-255,341,66547,44,294039
18537,0.001076,74.125.130.0-255,403,66950,44,294039
18538,0.001633,74.125.130.0-255,1484,68434,44,294039
18539,0.00164,172.31.46.0-255,66,68500,44,294039
18540,0.001644,74.125.130.0-255,1484,69984,44,294039
18541,0.001649,74.125.130.0-255,2902,72886,44,294039
18542,0.001651,172.31.46.0-255,66,72952,44,294039
18543,0.001657,74.125.130.0-255,5738,78690,44,294039
18544,0.001659,172.31.46.0-255,66,78756,44,294039
18545,0.001683,74.125.130.0-255,1484,80240,44,294039
18546,0.001704,74.125.130.0-255,5738,85978,44,294039
18547,0.001706,172.31.46.0-255,66,86044,44,294039
18548,0.001718,172.31.46.0-255,66,86110,44,294039
18549,0.001746,74.125.130.0-255,1484,87594,44,294039
18550,0.001762,74.125.130.0-255,2184,89778,44,294039
18551,0.001765,172.31.46.0-255,66,89844,44,294039
18552,0.004402,74.125.130.0-255,1484,91328,44,294039
18553,0.00441,74.125.130.0-255,2902,94230,44,294039
18554,0.004415,172.31.46.0-255,66,94296,44,294039
18555,0.004434,74.125.130.0-255,1484,95780,44,294039
18556,0.006964,74.125.130.0-255,4320,100100,44,294039
18557,0.006972,172.31.46.0-255,66,100166,44,294039
18558,0.009527,74.125.130.0-255,5738,105904,44,294039
18559,0.009534,172.31.46.0-255,66,105970,44,294039
18560,0.012101,74.125.130.0-255,5738,111708,44,294039
18561,0.01211,172.31.46.0-255,66,111774,44,294039
18562,0.014672,74.125.130.0-255,5738,117512,44,294039
18563,0.014689,172.31.46.0-255,66,117578,44,294039
18564,0.017251,74.125.130.0-255,5738,123316,44,294039
18565,0.017267,172.31.46.0-255,66,123382,44,294039
18566,0.019843,74.125.130.0-255,5738,129120,44,294039
18567,0.019861,172.31.46.0-255,66,129186,44,294039
18568,0.022424,74.125.130.0-255,5738,134924,44,294039
18569,0.02244,172.31.46.0-255,66,134990,44,294039
18570,0.025005,74.125.130.0-255,5738,140728,44,294039
18571,0.025017,172.31.46.0-255,66,140794,44,294039
18572,0.027584,74.125.130.0-255,5738,146532,44,294039
18573,0.027601,172.31.46.0-255,66,146598,44,294039
18574,0.029293,172.31.46.0-255,172,146770,44,294039
18575,0.029325,172.31.46.0-255,1115,147885,44,294039
18576,0.029407,172.31.46.0-255,1514,149399,44,294039
18577,0.029409,172.31.46.0-255,1514,150913,44,294039
18578,0.029411,172.31.46.0-255,1514,152427,44,294039
18579,0.029416,172.31.46.0-255,1514,153941,44,294039
18580,0.029417,172.31.46.0-255,1514,155455,44,294039
18581,0.029418,172.31.46.0-255,70,155525,44,294039
18582,0.03016,74.125.130.0-255,5738,161263,44,294039
18583,0.03017,172.31.46.0-255,66,161329,44,294039
18584,0.030834,104.244.42.0-255,66,161395,44,294039
18585,0.030846,104.244.42.0-255,66,161461,44,294039
18586,0.030982,104.244.42.0-255,66,161527,44,294039
18587,0.030989,104.244.42.0-255,66,161593,44,294039
18588,0.031804,104.244.42.0-255,108,161701,44,294039
18589,0.031818,172.31.46.0-255,66,161767,44,294039
18590,0.03272,74.125.130.0-255,5738,167505,44,294039
18591,0.032729,172.31.46.0-255,66,167571,44,294039
18592,0.035317,74.125.130.0-255,4320,171891,44,294039
18593,0.035337,172.31.46.0-255,66,171957,44,294039
18594,0.035358,74.125.130.0-255,1484,173441,44,294039
18595,0.037918,74.125.130.0-255,4320,177761,44,294039
18596,0.037934,172.31.46.0-255,66,177827,44,294039
18597,0.040579,74.125.130.0-255,5738,183565,44,294039
18598,0.040596,172.31.46.0-255,66,183631,44,294039
18599,0.043188,74.125.130.0-255,5738,189369,44,294039
18600,0.043202,172.31.46.0-255,66,189435,44,294039
18601,0.045783,74.125.130.0-255,5738,195173,44,294039
18602,0.045798,172.31.46.0-255,66,195239,44,294039
18603,0.048389,74.125.130.0-255,5738,200977,44,294039
18604,0.048405,172.31.46.0-255,66,201043,44,294039
18605,0.050968,74.125.130.0-255,5738,206781,44,294039
18606,0.050978,172.31.46.0-255,66,206847,44,294039
18607,0.053557,74.125.130.0-255,5738,212585,44,294039
18608,0.053566,172.31.46.0-255,66,212651,44,294039
18609,0.056138,74.125.130.0-255,5738,218389,44,294039
18610,0.056148,172.31.46.0-255,66,218455,44,294039
18611,0.058715,74.125.130.0-255,5738,224193,44,294039
18612,0.058722,172.31.46.0-255,66,224259,44,294039
18613,0.061284,74.125.130.0-255,5738,229997,44,294039
18614,0.061297,172.31.46.0-255,66,230063,44,294039
18615,0.063857,74.125.130.0-255,5738,235801,44,294039
18616,0.063868,172.31.46.0-255,66,235867,44,294039
18617,0.066423,74.125.130.0-255,5738,241605,44,294039
18618,0.066433,172.31.46.0-255,66,241671,44,294039
18619,0.06899,74.125.130.0-255,5738,247409,44,294039
18620,0.069003,172.31.46.0-255,66,247475,44,294039
18621,0.071584,74.125.130.0-255,5738,253213,44,294039
18622,0.071598,172.31.46.0-255,66,253279,44,294039
18623,0.074208,74.125.130.0-255,5738,259017,44,294039
18624,0.074228,172.31.46.0-255,66,259083,44,294039
18625,0.076813,74.125.130.0-255,5738,264821,44,294039
18626,0.076826,172.31.46.0-255,66,264887,44,294039
18627,0.079392,74.125.130.0-255,5738,270625,44,294039
18628,0.079401,172.31.46.0-255,66,270691,44,294039
18629,0.081964,74.125.130.0-255,5738,276429,44,294039
18630,0.08197,172.31.46.0-255,66,276495,44,294039
18631,0.084525,74.125.130.0-255,5738,282233,44,294039
18632,0.084532,172.31.46.0-255,66,282299,44,294039
18633,0.087085,74.125.130.0-255,5738,288037,44,294039
18634,0.087091,172.31.46.0-255,66,288103,44,294039
18635,0.08964,74.125.130.0-255,2902,291005,44,294039
18636,0.089647,172.31.46.0-255,66,291071,44,294039
18637,0.089666,74.125.130.0-255,2902,293973,44,294039
18638,0.089669,172.31.46.0-255,66,294039,44,294039
18639,0.0,74.125.130.0-255,153,153,44,363488
18640,3.3e-05,172.31.46.0-255,66,219,44,363488
18641,4.1e-05,74.125.130.0-255,1484,1703,44,363488
18642,4.6e-05,172.31.46.0-255,66,1769,44,363488
18643,5.1e-05,74.125.130.0-255,1484,3253,44,363488
18644,5.4e-05,172.31.46.0-255,66,3319,44,363488
18645,7.6e-05,74.125.130.0-255,1484,4803,44,363488
18646,7.9e-05,172.31.46.0-255,66,4869,44,363488
18647,8.5e-05,74.125.130.0-255,2902,7771,44,363488
18648,8.7e-05,172.31.46.0-255,66,7837,44,363488
18649,9.3e-05,74.125.130.0-255,4320,12157,44,363488
18650,9.6e-05,172.31.46.0-255,66,12223,44,363488
18651,0.000118,74.125.130.0-255,1484,13707,44,363488
18652,0.00012,172.31.46.0-255,66,13773,44,363488
18653,0.000141,172.31.46.0-255,66,13839,44,363488
18654,0.000153,74.125.130.0-255,1484,15323,44,363488
18655,0.000155,172.31.46.0-255,66,15389,44,363488
18656,0.000178,172.31.46.0-255,66,15455,44,363488
18657,0.000324,74.125.130.0-255,1484,16939,44,363488
18658,0.000327,172.31.46.0-255,66,17005,44,363488
18659,0.000343,74.125.130.0-255,2902,19907,44,363488
18660,0.000345,172.31.46.0-255,66,19973,44,363488
18661,0.000365,74.125.130.0-255,5738,25711,44,363488
18662,0.000368,172.31.46.0-255,66,25777,44,363488
18663,0.000373,74.125.130.0-255,2902,28679,44,363488
18664,0.000375,172.31.46.0-255,66,28745,44,363488
18665,0.00039,74.125.130.0-255,1484,30229,44,363488
18666,0.000392,172.31.46.0-255,66,30295,44,363488
18667,0.000419,74.125.130.0-255,5379,35674,44,363488
18668,0.000422,172.31.46.0-255,66,35740,44,363488
18669,0.000452,172.31.46.0-255,66,35806,44,363488
18670,0.000468,74.125.130.0-255,1484,37290,44,363488
18671,0.000475,74.125.130.0-255,2846,40136,44,363488
18672,0.000477,172.31.46.0-255,66,40202,44,363488
18673,0.000598,74.125.130.0-255,1484,41686,44,363488
18674,0.000605,74.125.130.0-255,2902,44588,44,363488
18675,0.000607,172.31.46.0-255,66,44654,44,363488
18676,0.000624,74.125.130.0-255,1484,46138,44,363488
18677,0.000644,74.125.130.0-255,4320,50458,44,363488
18678,0.000647,172.31.46.0-255,66,50524,44,363488
18679,0.000652,74.125.130.0-255,4320,54844,44,363488
18680,0.000656,172.31.46.0-255,66,54910,44,363488
18681,0.000668,74.125.130.0-255,2543,57453,44,363488
18682,0.000671,172.31.46.0-255,66,57519,44,363488
18683,0.000687,74.125.130.0-255,4320,61839,44,363488
18684,0.00069,172.31.46.0-255,66,61905,44,363488
18685,0.000713,74.125.130.0-255,4320,66225,44,363488
18686,0.000715,172.31.46.0-255,66,66291,44,363488
18687,0.000734,74.125.130.0-255,2902,69193,44,363488
18688,0.000736,172.31.46.0-255,66,69259,44,363488
18689,0.000755,74.125.130.0-255,5695,74954,44,363488
18690,0.000757,172.31.46.0-255,66,75020,44,363488
18691,0.000833,74.125.130.0-255,1484,76504,44,363488
18692,0.000852,74.125.130.0-255,2902,79406,44,363488
18693,0.000855,172.31.46.0-255,66,79472,44,363488
18694,0.000877,74.125.130.0-255,4320,83792,44,363488
18695,0.00088,172.31.46.0-255,66,83858,44,363488
18696,0.000906,74.125.130.0-255,1484,85342,44,363488
18697,0.000909,74.125.130.0-255,1484,86826,44,363488
18698,0.000911,172.31.46.0-255,66,86892,44,363488
18699,0.000916,74.125.130.0-255,2902,89794,44,363488
18700,0.000918,172.31.46.0-255,66,89860,44,363488
18701,0.000925,74.125.130.0-255,5738,95598,44,363488
18702,0.000928,172.31.46.0-255,66,95664,44,363488
18703,0.000955,74.125.130.0-255,7156,102820,44,363488
18704,0.000957,172.31.46.0-255,66,102886,44,363488
18705,0.000997,74.125.130.0-255,4320,107206,44,363488
18706,0.000999,172.31.46.0-255,66,107272,44,363488
18707,0.001017,74.125.130.0-255,2184,109456,44,363488
18708,0.001019,172.31.46.0-255,66,109522,44,363488
18709,0.001683,74.125.130.0-255,1484,111006,44,363488
18710,0.001691,74.125.130.0-255,2902,113908,44,363488
18711,0.001696,172.31.46.0-255,66,113974,44,363488
18712,0.001701,74.125.130.0-255,2902,116876,44,363488
18713,0.001703,172.31.46.0-255,66,116942,44,363488
18714,0.001722,74.125.130.0-255,4320,121262,44,363488
18715,0.001725,172.31.46.0-255,66,121328,44,363488
18716,0.001763,172.31.46.0-255,66,121394,44,363488
18717,0.001767,74.125.130.0-255,1484,122878,44,363488
18718,0.001792,172.31.46.0-255,66,122944,44,363488
18719,0.00184,74.125.130.0-255,3602,126546,44,363488
18720,0.001842,172.31.46.0-255,66,126612,44,363488
18721,0.002032,74.125.130.0-255,1484,128096,44,363488
18722,0.002037,74.125.130.0-255,1484,129580,44,363488
18723,0.00204,172.31.46.0-255,66,129646,44,363488
18724,0.002078,74.125.130.0-255,2902,132548,44,363488
18725,0.002081,172.31.46.0-255,66,132614,44,363488
18726,0.002084,74.125.130.0-255,1484,134098,44,363488
18727,0.002103,74.125.130.0-255,4320,138418,44,363488
18728,0.002106,172.31.46.0-255,66,138484,44,363488
18729,0.002109,74.125.130.0-255,1484,139968,44,363488
18730,0.002113,74.125.130.0-255,2902,142870,44,363488
18731,0.002143,172.31.46.0-255,66,142936,44,363488
18732,0.00215,74.125.130.0-255,5738,148674,44,363488
18733,0.002154,172.31.46.0-255,66,148740,44,363488
18734,0.002165,74.125.130.0-255,7156,155896,44,363488
18735,0.002169,172.31.46.0-255,66,155962,44,363488
18736,0.002194,74.125.130.0-255,1484,157446,44,363488
18737,0.002217,74.125.130.0-255,3602,161048,44,363488
18738,0.00222,172.31.46.0-255,66,161114,44,363488
18739,0.002463,74.125.130.0-255,1484,162598,44,363488
18740,0.00247,74.125.130.0-255,2902,165500,44,363488
18741,0.002474,172.31.46.0-255,66,165566,44,363488
18742,0.002494,74.125.130.0-255,2902,168468,44,363488
18743,0.002498,172.31.46.0-255,66,168534,44,363488
18744,0.002518,74.125.130.0-255,2902,171436,44,363488
18745,0.002521,172.31.46.0-255,66,171502,44,363488
18746,0.002523,74.125.130.0-255,1484,172986,44,363488
18747,0.002528,74.125.130.0-255,2902,175888,44,363488
18748,0.002531,172.31.46.0-255,66,175954,44,363488
18749,0.002535,74.125.130.0-255,2902,178856,44,363488
18750,0.002537,172.31.46.0-255,66,178922,44,363488
18751,0.002563,74.125.130.0-255,2902,181824,44,363488
18752,0.002566,172.31.46.0-255,66,181890,44,363488
18753,0.002572,74.125.130.0-255,4320,186210,44,363488
18754,0.002574,172.31.46.0-255,66,186276,44,363488
18755,0.00258,74.125.130.0-255,5738,192014,44,363488
18756,0.002582,172.31.46.0-255,66,192080,44,363488
18757,0.002623,74.125.130.0-255,6438,198518,44,363488
18758,0.002626,172.31.46.0-255,66,198584,44,363488
18759,0.002631,74.125.130.0-255,2902,201486,44,363488
18760,0.002633,172.31.46.0-255,66,201552,44,363488
18761,0.00524,74.125.130.0-255,5738,207290,44,363488
18762,0.005253,172.31.46.0-255,66,207356,44,363488
18763,0.007883,74.125.130.0-255,5738,213094,44,363488
18764,0.007901,172.31.46.0-255,66,213160,44,363488
18765,0.010523,74.125.130.0-255,5738,218898,44,363488
18766,0.010538,172.31.46.0-255,66,218964,44,363488
18767,0.013157,74.125.130.0-255,5738,224702,44,363488
18768,0.013166,172.31.46.0-255,66,224768,44,363488
18769,0.015793,74.125.130.0-255,5738,230506,44,363488
18770,0.015814,172.31.46.0-255,66,230572,44,363488
18771,0.01842,74.125.130.0-255,5738,236310,44,363488
18772,0.018439,172.31.46.0-255,66,236376,44,363488
18773,0.021067,74.125.130.0-255,5738,242114,44,363488
18774,0.021082,172.31.46.0-255,66,242180,44,363488
18775,0.023695,74.125.130.0-255,5738,247918,44,363488
18776,0.023712,172.31.46.0-255,66,247984,44,363488
18777,0.026329,74.125.130.0-255,5738,253722,44,363488
18778,0.02635,172.31.46.0-255,66,253788,44,363488
18779,0.028966,74.125.130.0-255,5738,259526,44,363488
18780,0.028979,172.31.46.0-255,66,259592,44,363488
18781,0.031609,74.125.130.0-255,5738,265330,44,363488
18782,0.031631,172.31.46.0-255,66,265396,44,363488
18783,0.034273,74.125.130.0-255,5738,271134,44,363488
18784,0.034293,172.31.46.0-255,66,271200,44,363488
18785,0.03693,74.125.130.0-255,5738,276938,44,363488
18786,0.03695,172.31.46.0-255,66,277004,44,363488
18787,0.039575,74.125.130.0-255,5738,282742,44,363488
18788,0.039595,172.31.46.0-255,66,282808,44,363488
18789,0.042213,74.125.130.0-255,5738,288546,44,363488
18790,0.042236,172.31.46.0-255,66,288612,44,363488
18791,0.044863,74.125.130.0-255,5738,294350,44,363488
18792,0.044882,172.31.46.0-255,66,294416,44,363488
18793,0.047508,74.125.130.0-255,5738,300154,44,363488
18794,0.047531,172.31.46.0-255,66,300220,44,363488
18795,0.050182,74.125.130.0-255,5738,305958,44,363488
18796,0.050204,172.31.46.0-255,66,306024,44,363488
18797,0.052858,74.125.130.0-255,5738,311762,44,363488
18798,0.052872,172.31.46.0-255,66,311828,44,363488
18799,0.055486,74.125.130.0-255,5738,317566,44,363488
18800,0.055505,172.31.46.0-255,66,317632,44,363488
18801,0.058155,74.125.130.0-255,5738,323370,44,363488
18802,0.058176,172.31.46.0-255,66,323436,44,363488
18803,0.060813,74.125.130.0-255,5738,329174,44,363488
18804,0.060835,172.31.46.0-255,66,329240,44,363488
18805,0.063466,74.125.130.0-255,5738,334978,44,363488
18806,0.063484,172.31.46.0-255,66,335044,44,363488
18807,0.066092,74.125.130.0-255,5738,340782,44,363488
18808,0.066114,172.31.46.0-255,66,340848,44,363488
18809,0.068728,74.125.130.0-255,5738,346586,44,363488
18810,0.068743,172.31.46.0-255,66,346652,44,363488
18811,0.069601,172.31.46.0-255,172,346824,44,363488
18812,0.069634,172.31.46.0-255,1114,347938,44,363488
18813,0.069714,172.31.46.0-255,1514,349452,44,363488
18814,0.069717,172.31.46.0-255,1514,350966,44,363488
18815,0.069723,172.31.46.0-255,1514,352480,44,363488
18816,0.069724,172.31.46.0-255,1514,353994,44,363488
18817,0.069742,172.31.46.0-255,1514,355508,44,363488
18818,0.069743,172.31.46.0-255,70,355578,44,363488
18819,0.071156,104.244.42.0-255,66,355644,44,363488
18820,0.071192,104.244.42.0-255,66,355710,44,363488
18821,0.071306,104.244.42.0-255,66,355776,44,363488
18822,0.071314,104.244.42.0-255,66,355842,44,363488
18823,0.071351,74.125.130.0-255,5738,361580,44,363488
18824,0.071358,172.31.46.0-255,66,361646,44,363488
18825,0.072068,104.244.42.0-255,108,361754,44,363488
18826,0.072077,172.31.46.0-255,66,361820,44,363488
18827,0.073966,74.125.130.0-255,1431,363251,44,363488
18828,0.074407,172.31.46.0-255,66,363317,44,363488
18829,0.07445,172.31.46.0-255,105,363422,44,363488
18830,0.077037,74.125.130.0-255,66,363488,44,363488
18831,0.0,172.217.194.0-255,153,153,44,224014
18832,1.3e-05,172.31.46.0-255,66,219,44,224014
18833,3.6e-05,172.217.194.0-255,1484,1703,44,224014
18834,4e-05,172.31.46.0-255,66,1769,44,224014
18835,4.5e-05,172.217.194.0-255,2902,4671,44,224014
18836,4.9e-05,172.31.46.0-255,66,4737,44,224014
18837,7.7e-05,172.217.194.0-255,5738,10475,44,224014
18838,8e-05,172.31.46.0-255,66,10541,44,224014
18839,8.5e-05,172.217.194.0-255,4320,14861,44,224014
18840,8.8e-05,172.31.46.0-255,66,14927,44,224014
18841,0.000106,172.217.194.0-255,6294,21221,44,224014
18842,0.000109,172.31.46.0-255,66,21287,44,224014
18843,0.000127,172.217.194.0-255,2902,24189,44,224014
18844,0.000129,172.31.46.0-255,66,24255,44,224014
18845,0.000143,172.217.194.0-255,6797,31052,44,224014
18846,0.000145,172.31.46.0-255,66,31118,44,224014
18847,0.000179,172.217.194.0-255,1484,32602,44,224014
18848,0.000181,172.31.46.0-255,66,32668,44,224014
18849,0.000184,172.217.194.0-255,1484,34152,44,224014
18850,0.000186,172.31.46.0-255,66,34218,44,224014
18851,0.0002,172.217.194.0-255,1484,35702,44,224014
18852,0.000202,172.31.46.0-255,66,35768,44,224014
18853,0.000209,172.217.194.0-255,5738,41506,44,224014
18854,0.000211,172.31.46.0-255,66,41572,44,224014
18855,0.000244,172.31.46.0-255,66,41638,44,224014
18856,0.000265,172.217.194.0-255,2543,44181,44,224014
18857,0.000267,172.31.46.0-255,66,44247,44,224014
18858,0.000277,172.31.46.0-255,66,44313,44,224014
18859,0.000279,172.217.194.0-255,431,44744,44,224014
18860,0.000281,172.31.46.0-255,66,44810,44,224014
18861,0.000313,172.217.194.0-255,1484,46294,44,224014
18862,0.000338,172.217.194.0-255,4320,50614,44,224014
18863,0.000417,172.217.194.0-255,5738,56352,44,224014
18864,0.00043,172.217.194.0-255,5379,61731,44,224014
18865,0.000444,172.217.194.0-255,4320,66051,44,224014
18866,0.00046,172.217.194.0-255,2543,68594,44,224014
18867,0.000504,172.31.46.0-255,66,68660,44,224014
18868,0.000703,172.217.194.0-255,1484,70144,44,224014
18869,0.00071,172.217.194.0-255,2902,73046,44,224014
18870,0.000728,172.217.194.0-255,5738,78784,44,224014
18871,0.000732,172.31.46.0-255,66,78850,44,224014
18872,0.000739,172.31.46.0-255,66,78916,44,224014
18873,0.000748,172.217.194.0-255,4320,83236,44,224014
18874,0.00077,172.31.46.0-255,66,83302,44,224014
18875,0.000783,172.217.194.0-255,1484,84786,44,224014
18876,0.000788,172.31.46.0-255,66,84852,44,224014
18877,0.000809,172.217.194.0-255,2902,87754,44,224014
18878,0.000814,172.31.46.0-255,66,87820,44,224014
18879,0.00084,172.217.194.0-255,6438,94258,44,224014
18880,0.000846,172.31.46.0-255,66,94324,44,224014
18881,0.00086,172.217.194.0-255,1484,95808,44,224014
18882,0.000864,172.217.194.0-255,2902,98710,44,224014
18883,0.000878,172.217.194.0-255,1484,100194,44,224014
18884,0.000883,172.31.46.0-255,66,100260,44,224014
18885,0.000894,172.217.194.0-255,4320,104580,44,224014
18886,0.000898,172.31.46.0-255,66,104646,44,224014
18887,0.000932,172.31.46.0-255,66,104712,44,224014
18888,0.000966,172.217.194.0-255,5738,110450,44,224014
18889,0.001003,172.31.46.0-255,66,110516,44,224014
18890,0.001087,172.217.194.0-255,1484,112000,44,224014
18891,0.001093,172.217.194.0-255,2902,114902,44,224014
18892,0.001095,172.217.194.0-255,1484,116386,44,224014
18893,0.001105,172.31.46.0-255,66,116452,44,224014
18894,0.001125,172.217.194.0-255,4320,120772,44,224014
18895,0.001144,172.217.194.0-255,4320,125092,44,224014
18896,0.001152,172.31.46.0-255,66,125158,44,224014
18897,0.001163,172.217.194.0-255,2902,128060,44,224014
18898,0.0012,172.31.46.0-255,66,128126,44,224014
18899,0.001219,172.217.194.0-255,1484,129610,44,224014
18900,0.001222,172.217.194.0-255,1484,131094,44,224014
18901,0.001227,172.31.46.0-255,66,131160,44,224014
18902,0.001236,172.217.194.0-255,1484,132644,44,224014
18903,0.001239,172.217.194.0-255,1484,134128,44,224014
18904,0.001253,172.217.194.0-255,4320,138448,44,224014
18905,0.001257,172.217.194.0-255,1484,139932,44,224014
18906,0.00127,172.31.46.0-255,66,139998,44,224014
18907,0.001287,172.217.194.0-255,7156,147154,44,224014
18908,0.001302,172.217.194.0-255,1484,148638,44,224014
18909,0.001319,172.217.194.0-255,5738,154376,44,224014
18910,0.001324,172.31.46.0-255,66,154442,44,224014
18911,0.001353,172.217.194.0-255,1484,155926,44,224014
18912,0.001361,172.31.46.0-255,66,155992,44,224014
18913,0.001383,172.217.194.0-255,2902,158894,44,224014
18914,0.00139,172.217.194.0-255,5738,164632,44,224014
18915,0.001394,172.31.46.0-255,66,164698,44,224014
18916,0.001403,172.217.194.0-255,2902,167600,44,224014
18917,0.001412,172.31.46.0-255,66,167666,44,224014
18918,0.001424,172.217.194.0-255,5738,173404,44,224014
18919,0.00144,172.217.194.0-255,4320,177724,44,224014
18920,0.001505,172.31.46.0-255,66,177790,44,224014
18921,0.001524,172.217.194.0-255,1484,179274,44,224014
18922,0.001531,172.217.194.0-255,2902,182176,44,224014
18923,0.001536,172.31.46.0-255,66,182242,44,224014
18924,0.001559,172.217.194.0-255,5738,187980,44,224014
18925,0.001564,172.31.46.0-255,66,188046,44,224014
18926,0.001575,172.217.194.0-255,7156,195202,44,224014
18927,0.001591,172.217.194.0-255,4320,199522,44,224014
18928,0.001593,172.217.194.0-255,1484,201006,44,224014
18929,0.001619,172.217.194.0-255,1484,202490,44,224014
18930,0.001625,172.31.46.0-255,66,202556,44,224014
18931,0.001677,172.217.194.0-255,4320,206876,44,224014
18932,0.001729,172.217.194.0-255,1484,208360,44,224014
18933,0.001796,172.217.194.0-255,5738,214098,44,224014
18934,0.001799,172.217.194.0-255,216,214314,44,224014
18935,0.001801,172.217.194.0-255,105,214419,44,224014
18936,0.007399,172.31.46.0-255,66,214485,44,224014
18937,0.008765,172.31.46.0-255,101,214586,44,224014
18938,0.010048,172.31.46.0-255,105,214691,44,224014
18939,0.010812,172.217.194.0-255,66,214757,44,224014
18940,0.012102,172.217.194.0-255,66,214823,44,224014
18941,0.038413,172.31.46.0-255,172,214995,44,224014
18942,0.03845,172.31.46.0-255,1114,216109,44,224014
18943,0.038516,172.31.46.0-255,1514,217623,44,224014
18944,0.038517,172.31.46.0-255,1514,219137,44,224014
18945,0.038523,172.31.46.0-255,1514,220651,44,224014
18946,0.038525,172.31.46.0-255,1514,222165,44,224014
18947,0.038543,172.31.46.0-255,1514,223679,44,224014
18948,0.038545,172.31.46.0-255,71,223750,44,224014
18949,0.03994,104.244.42.0-255,66,223816,44,224014
18950,0.040018,104.244.42.0-255,66,223882,44,224014
18951,0.040052,104.244.42.0-255,66,223948,44,224014
18952,0.0401,104.244.42.0-255,66,224014,44,224014
18953,0.0,74.125.200.0-255,150,150,44,379648
18954,2.5e-05,172.31.46.0-255,66,216,44,379648
18955,3.2e-05,74.125.200.0-255,1484,1700,44,379648
18956,3.7e-05,172.31.46.0-255,66,1766,44,379648
18957,5e-05,74.125.200.0-255,2902,4668,44,379648
18958,5.2e-05,172.31.46.0-255,66,4734,44,379648
18959,5.9e-05,74.125.200.0-255,5738,10472,44,379648
18960,6.2e-05,172.31.46.0-255,66,10538,44,379648
18961,6.7e-05,74.125.200.0-255,3396,13934,44,379648
18962,7.1e-05,172.31.46.0-255,66,14000,44,379648
18963,0.000115,74.125.200.0-255,1484,15484,44,379648
18964,0.000119,172.31.46.0-255,66,15550,44,379648
18965,0.000123,74.125.200.0-255,2902,18452,44,379648
18966,0.000125,172.31.46.0-255,66,18518,44,379648
18967,0.000135,74.125.200.0-255,2902,21420,44,379648
18968,0.000137,172.31.46.0-255,66,21486,44,379648
18969,0.000166,74.125.200.0-255,2902,24388,44,379648
18970,0.000169,172.31.46.0-255,66,24454,44,379648
18971,0.000173,74.125.200.0-255,1484,25938,44,379648
18972,0.000175,172.31.46.0-255,66,26004,44,379648
18973,0.000179,74.125.200.0-255,2902,28906,44,379648
18974,0.000186,172.31.46.0-255,66,28972,44,379648
18975,0.000216,74.125.200.0-255,2543,31515,44,379648
18976,0.000219,172.31.46.0-255,66,31581,44,379648
18977,0.000245,74.125.200.0-255,2902,34483,44,379648
18978,0.000247,172.31.46.0-255,66,34549,44,379648
18979,0.000295,74.125.200.0-255,2902,37451,44,379648
18980,0.000297,172.31.46.0-255,66,37517,44,379648
18981,0.000302,74.125.200.0-255,4320,41837,44,379648
18982,0.000305,172.31.46.0-255,66,41903,44,379648
18983,0.000338,74.125.200.0-255,6797,48700,44,379648
18984,0.000341,172.31.46.0-255,66,48766,44,379648
18985,0.000435,74.125.200.0-255,1484,50250,44,379648
18986,0.000441,74.125.200.0-255,2902,53152,44,379648
18987,0.000454,74.125.200.0-255,2902,56054,44,379648
18988,0.000477,74.125.200.0-255,4320,60374,44,379648
18989,0.000503,74.125.200.0-255,1484,61858,44,379648
18990,0.000515,74.125.200.0-255,3961,65819,44,379648
18991,0.0006,74.125.200.0-255,393,66212,44,379648
18992,0.00063,74.125.200.0-255,350,66562,44,379648
18993,0.000639,172.31.46.0-255,66,66628,44,379648
18994,0.000906,74.125.200.0-255,1484,68112,44,379648
18995,0.000935,74.125.200.0-255,2902,71014,44,379648
18996,0.000955,172.31.46.0-255,66,71080,44,379648
18997,0.000962,74.125.200.0-255,5738,76818,44,379648
18998,0.000983,74.125.200.0-255,2902,79720,44,379648
18999,0.000985,172.31.46.0-255,66,79786,44,379648
19000,0.001021,74.125.200.0-255,4320,84106,44,379648
19001,0.001026,74.125.200.0-255,2902,87008,44,379648
19002,0.001039,74.125.200.0-255,1484,88492,44,379648
19003,0.001061,74.125.200.0-255,5738,94230,44,379648
19004,0.001065,74.125.200.0-255,1484,95714,44,379648
19005,0.001083,74.125.200.0-255,1484,97198,44,379648
19006,0.001088,74.125.200.0-255,3602,100800,44,379648
19007,0.001091,172.31.46.0-255,66,100866,44,379648
19008,0.001102,172.31.46.0-255,66,100932,44,379648
19009,0.001645,74.125.200.0-255,1484,102416,44,379648
19010,0.001665,74.125.200.0-255,2902,105318,44,379648
19011,0.001669,172.31.46.0-255,66,105384,44,379648
19012,0.001675,74.125.200.0-255,4320,109704,44,379648
19013,0.001698,74.125.200.0-255,1484,111188,44,379648
19014,0.001705,74.125.200.0-255,7156,118344,44,379648
19015,0.00172,74.125.200.0-255,1484,119828,44,379648
19016,0.001774,74.125.200.0-255,2184,122012,44,379648
19017,0.001785,172.31.46.0-255,66,122078,44,379648
19018,0.003799,74.125.200.0-255,5738,127816,44,379648
19019,0.003809,172.31.46.0-255,66,127882,44,379648
19020,0.005826,74.125.200.0-255,5738,133620,44,379648
19021,0.005937,172.31.46.0-255,66,133686,44,379648
19022,0.007937,74.125.200.0-255,5738,139424,44,379648
19023,0.007943,172.31.46.0-255,66,139490,44,379648
19024,0.009955,74.125.200.0-255,5738,145228,44,379648
19025,0.009966,172.31.46.0-255,66,145294,44,379648
19026,0.01198,74.125.200.0-255,5738,151032,44,379648
19027,0.011995,172.31.46.0-255,66,151098,44,379648
19028,0.014012,74.125.200.0-255,5738,156836,44,379648
19029,0.014024,172.31.46.0-255,66,156902,44,379648
19030,0.01605,74.125.200.0-255,5738,162640,44,379648
19031,0.016062,172.31.46.0-255,66,162706,44,379648
19032,0.018086,74.125.200.0-255,5738,168444,44,379648
19033,0.018101,172.31.46.0-255,66,168510,44,379648
19034,0.020112,74.125.200.0-255,5738,174248,44,379648
19035,0.020118,172.31.46.0-255,66,174314,44,379648
19036,0.020768,172.31.46.0-255,172,174486,44,379648
19037,0.020796,172.31.46.0-255,1113,175599,44,379648
19038,0.020864,172.31.46.0-255,1514,177113,44,379648
19039,0.020866,172.31.46.0-255,1514,178627,44,379648
19040,0.020867,172.31.46.0-255,1514,180141,44,379648
19041,0.020868,172.31.46.0-255,1514,181655,44,379648
19042,0.020869,172.31.46.0-255,557,182212,44,379648
19043,0.022152,74.125.200.0-255,5738,187950,44,379648
19044,0.022159,172.31.46.0-255,66,188016,44,379648
19045,0.022919,104.244.42.0-255,66,188082,44,379648
19046,0.024154,74.125.200.0-255,4320,192402,44,379648
19047,0.02416,172.31.46.0-255,66,192468,44,379648
19048,0.024194,74.125.200.0-255,1484,193952,44,379648
19049,0.026167,74.125.200.0-255,4320,198272,44,379648
19050,0.026172,172.31.46.0-255,66,198338,44,379648
19051,0.028185,74.125.200.0-255,2902,201240,44,379648
19052,0.02819,172.31.46.0-255,66,201306,44,379648
19053,0.028226,74.125.200.0-255,2902,204208,44,379648
19054,0.028246,172.31.46.0-255,66,204274,44,379648
19055,0.030201,74.125.200.0-255,2902,207176,44,379648
19056,0.030206,172.31.46.0-255,66,207242,44,379648
19057,0.030278,74.125.200.0-255,2902,210144,44,379648
19058,0.030292,172.31.46.0-255,66,210210,44,379648
19059,0.032214,74.125.200.0-255,2902,213112,44,379648
19060,0.032222,172.31.46.0-255,66,213178,44,379648
19061,0.032278,74.125.200.0-255,2902,216080,44,379648
19062,0.032299,172.31.46.0-255,66,216146,44,379648
19063,0.034228,74.125.200.0-255,2902,219048,44,379648
19064,0.034235,172.31.46.0-255,66,219114,44,379648
19065,0.034287,74.125.200.0-255,2902,222016,44,379648
19066,0.034295,172.31.46.0-255,66,222082,44,379648
19067,0.036243,74.125.200.0-255,2902,224984,44,379648
19068,0.036252,172.31.46.0-255,66,225050,44,379648
19069,0.036291,74.125.200.0-255,2902,227952,44,379648
19070,0.036316,172.31.46.0-255,66,228018,44,379648
19071,0.038252,74.125.200.0-255,2902,230920,44,379648
19072,0.038259,172.31.46.0-255,66,230986,44,379648
19073,0.038312,74.125.200.0-255,2902,233888,44,379648
19074,0.03835,172.31.46.0-255,66,233954,44,379648
19075,0.040268,74.125.200.0-255,2902,236856,44,379648
19076,0.040279,172.31.46.0-255,66,236922,44,379648
19077,0.040372,74.125.200.0-255,2902,239824,44,379648
19078,0.040407,172.31.46.0-255,66,239890,44,379648
19079,0.042295,74.125.200.0-255,2902,242792,44,379648
19080,0.042313,172.31.46.0-255,66,242858,44,379648
19081,0.042414,74.125.200.0-255,2902,245760,44,379648
19082,0.042427,172.31.46.0-255,66,245826,44,379648
19083,0.044345,74.125.200.0-255,2902,248728,44,379648
19084,0.044359,172.31.46.0-255,66,248794,44,379648
19085,0.044427,74.125.200.0-255,2902,251696,44,379648
19086,0.044461,172.31.46.0-255,66,251762,44,379648
19087,0.046378,74.125.200.0-255,2902,254664,44,379648
19088,0.046391,172.31.46.0-255,66,254730,44,379648
19089,0.046451,74.125.200.0-255,2902,257632,44,379648
19090,0.046497,172.31.46.0-255,66,257698,44,379648
19091,0.048411,74.125.200.0-255,1484,259182,44,379648
19092,0.048504,74.125.200.0-255,4320,263502,44,379648
19093,0.04853,172.31.46.0-255,66,263568,44,379648
19094,0.050545,74.125.200.0-255,5738,269306,44,379648
19095,0.050555,172.31.46.0-255,66,269372,44,379648
19096,0.052589,74.125.200.0-255,5738,275110,44,379648
19097,0.0526,172.31.46.0-255,66,275176,44,379648
19098,0.054612,74.125.200.0-255,5738,280914,44,379648
19099,0.054621,172.31.46.0-255,66,280980,44,379648
19100,0.056636,74.125.200.0-255,5738,286718,44,379648
19101,0.05665,172.31.46.0-255,66,286784,44,379648
19102,0.058662,74.125.200.0-255,5738,292522,44,379648
19103,0.058669,172.31.46.0-255,66,292588,44,379648
19104,0.060682,74.125.200.0-255,5738,298326,44,379648
19105,0.06069,172.31.46.0-255,66,298392,44,379648
19106,0.062691,74.125.200.0-255,5738,304130,44,379648
19107,0.062701,172.31.46.0-255,66,304196,44,379648
19108,0.06473,74.125.200.0-255,5738,309934,44,379648
19109,0.064738,172.31.46.0-255,66,310000,44,379648
19110,0.066759,74.125.200.0-255,5738,315738,44,379648
19111,0.066768,172.31.46.0-255,66,315804,44,379648
19112,0.068788,74.125.200.0-255,5738,321542,44,379648
19113,0.068797,172.31.46.0-255,66,321608,44,379648
19114,0.070811,74.125.200.0-255,5738,327346,44,379648
19115,0.070818,172.31.46.0-255,66,327412,44,379648
19116,0.07283,74.125.200.0-255,5738,333150,44,379648
19117,0.072838,172.31.46.0-255,66,333216,44,379648
19118,0.074857,74.125.200.0-255,5738,338954,44,379648
19119,0.074866,172.31.46.0-255,66,339020,44,379648
19120,0.076883,74.125.200.0-255,5738,344758,44,379648
19121,0.07689,172.31.46.0-255,66,344824,44,379648
19122,0.078905,74.125.200.0-255,5738,350562,44,379648
19123,0.078913,172.31.46.0-255,66,350628,44,379648
19124,0.080933,74.125.200.0-255,5738,356366,44,379648
19125,0.080941,172.31.46.0-255,66,356432,44,379648
19126,0.082964,74.125.200.0-255,5738,362170,44,379648
19127,0.082972,172.31.46.0-255,66,362236,44,379648
19128,0.084976,74.125.200.0-255,5738,367974,44,379648
19129,0.084983,172.31.46.0-255,66,368040,44,379648
19130,0.087027,74.125.200.0-255,5738,373778,44,379648
19131,0.087038,172.31.46.0-255,66,373844,44,379648
19132,0.08904,74.125.200.0-255,5738,379582,44,379648
19133,0.089047,172.31.46.0-255,66,379648,44,379648
19134,0.0,172.217.27.0-255,153,153,44,378605
19135,2.3e-05,172.31.46.0-255,66,219,44,378605
19136,3.2e-05,172.217.27.0-255,1484,1703,44,378605
19137,3.6e-05,172.31.46.0-255,66,1769,44,378605
19138,5e-05,172.217.27.0-255,2902,4671,44,378605
19139,5.4e-05,172.31.46.0-255,66,4737,44,378605
19140,6.1e-05,172.217.27.0-255,4320,9057,44,378605
19141,6.4e-05,172.31.46.0-255,66,9123,44,378605
19142,8.6e-05,172.217.27.0-255,1484,10607,44,378605
19143,9.3e-05,172.31.46.0-255,66,10673,44,378605
19144,0.000175,172.217.27.0-255,3476,14149,44,378605
19145,0.000178,172.31.46.0-255,66,14215,44,378605
19146,0.000233,172.217.27.0-255,1484,15699,44,378605
19147,0.000235,172.31.46.0-255,66,15765,44,378605
19148,0.000241,172.217.27.0-255,2902,18667,44,378605
19149,0.000243,172.31.46.0-255,66,18733,44,378605
19150,0.000275,172.217.27.0-255,2902,21635,44,378605
19151,0.000278,172.31.46.0-255,66,21701,44,378605
19152,0.000305,172.217.27.0-255,2902,24603,44,378605
19153,0.000308,172.31.46.0-255,66,24669,44,378605
19154,0.000354,172.217.27.0-255,5738,30407,44,378605
19155,0.000357,172.31.46.0-255,66,30473,44,378605
19156,0.000385,172.217.27.0-255,1125,31598,44,378605
19157,0.000387,172.31.46.0-255,66,31664,44,378605
19158,0.000444,172.217.27.0-255,7156,38820,44,378605
19159,0.000447,172.31.46.0-255,66,38886,44,378605
19160,0.000471,172.217.27.0-255,1484,40370,44,378605
19161,0.000473,172.31.46.0-255,66,40436,44,378605
19162,0.00056,172.31.46.0-255,66,40502,44,378605
19163,0.001162,172.217.27.0-255,1484,41986,44,378605
19164,0.001168,172.31.46.0-255,66,42052,44,378605
19165,0.001179,172.217.27.0-255,2902,44954,44,378605
19166,0.001203,172.217.27.0-255,5738,50692,44,378605
19167,0.00127,172.217.27.0-255,4320,55012,44,378605
19168,0.001285,172.217.27.0-255,3123,58135,44,378605
19169,0.001361,172.217.27.0-255,4320,62455,44,378605
19170,0.001379,172.217.27.0-255,4320,66775,44,378605
19171,0.001481,172.217.27.0-255,7156,73931,44,378605
19172,0.001721,172.217.27.0-255,6438,80369,44,378605
19173,0.001798,172.217.27.0-255,4320,84689,44,378605
19174,0.001818,172.217.27.0-255,5738,90427,44,378605
19175,0.001842,172.217.27.0-255,6133,96560,44,378605
19176,0.007063,172.31.46.0-255,66,96626,44,378605
19177,0.008744,172.217.27.0-255,5738,102364,44,378605
19178,0.008757,172.31.46.0-255,66,102430,44,378605
19179,0.010414,172.217.27.0-255,5738,108168,44,378605
19180,0.011438,172.31.46.0-255,66,108234,44,378605
19181,0.013103,172.217.27.0-255,5738,113972,44,378605
19182,0.013118,172.31.46.0-255,66,114038,44,378605
19183,0.014788,172.217.27.0-255,5738,119776,44,378605
19184,0.014799,172.31.46.0-255,66,119842,44,378605
19185,0.01651,172.217.27.0-255,5738,125580,44,378605
19186,0.01653,172.31.46.0-255,66,125646,44,378605
19187,0.018183,172.217.27.0-255,5738,131384,44,378605
19188,0.018192,172.31.46.0-255,66,131450,44,378605
19189,0.019854,172.217.27.0-255,5738,137188,44,378605
19190,0.019862,172.31.46.0-255,66,137254,44,378605
19191,0.02152,172.217.27.0-255,5738,142992,44,378605
19192,0.021528,172.31.46.0-255,66,143058,44,378605
19193,0.023184,172.217.27.0-255,5738,148796,44,378605
19194,0.0232,172.31.46.0-255,66,148862,44,378605
19195,0.024854,172.217.27.0-255,5738,154600,44,378605
19196,0.024864,172.31.46.0-255,66,154666,44,378605
19197,0.026531,172.217.27.0-255,5738,160404,44,378605
19198,0.026539,172.31.46.0-255,66,160470,44,378605
19199,0.028202,172.217.27.0-255,5738,166208,44,378605
19200,0.028212,172.31.46.0-255,66,166274,44,378605
19201,0.029872,172.217.27.0-255,5738,172012,44,378605
19202,0.029881,172.31.46.0-255,66,172078,44,378605
19203,0.03154,172.217.27.0-255,5738,177816,44,378605
19204,0.031548,172.31.46.0-255,66,177882,44,378605
19205,0.03321,172.217.27.0-255,5738,183620,44,378605
19206,0.033218,172.31.46.0-255,66,183686,44,378605
19207,0.034894,172.217.27.0-255,5738,189424,44,378605
19208,0.034903,172.31.46.0-255,66,189490,44,378605
19209,0.036578,172.217.27.0-255,5738,195228,44,378605
19210,0.036589,172.31.46.0-255,66,195294,44,378605
19211,0.038256,172.217.27.0-255,5738,201032,44,378605
19212,0.038267,172.31.46.0-255,66,201098,44,378605
19213,0.039927,172.217.27.0-255,5738,206836,44,378605
19214,0.03994,172.31.46.0-255,66,206902,44,378605
19215,0.041599,172.217.27.0-255,5738,212640,44,378605
19216,0.043042,172.31.46.0-255,66,212706,44,378605
19217,0.044722,172.217.27.0-255,5738,218444,44,378605
19218,0.044736,172.31.46.0-255,66,218510,44,378605
19219,0.046402,172.217.27.0-255,5738,224248,44,378605
19220,0.046418,172.31.46.0-255,66,224314,44,378605
19221,0.048073,172.217.27.0-255,5738,230052,44,378605
19222,0.048083,172.31.46.0-255,66,230118,44,378605
19223,0.049757,172.217.27.0-255,5738,235856,44,378605
19224,0.049768,172.31.46.0-255,66,235922,44,378605
19225,0.050918,172.31.46.0-255,172,236094,44,378605
19226,0.051128,172.31.46.0-255,1114,237208,44,378605
19227,0.051223,172.31.46.0-255,1514,238722,44,378605
19228,0.051225,172.31.46.0-255,1514,240236,44,378605
19229,0.05123,172.31.46.0-255,1514,241750,44,378605
19230,0.051232,172.31.46.0-255,1514,243264,44,378605
19231,0.051255,172.31.46.0-255,1514,244778,44,378605
19232,0.051256,172.31.46.0-255,71,244849,44,378605
19233,0.051436,172.217.27.0-255,5738,250587,44,378605
19234,0.051445,172.31.46.0-255,66,250653,44,378605
19235,0.052453,104.244.42.0-255,66,250719,44,378605
19236,0.052653,104.244.42.0-255,66,250785,44,378605
19237,0.052801,104.244.42.0-255,66,250851,44,378605
19238,0.052828,104.244.42.0-255,66,250917,44,378605
19239,0.053117,172.217.27.0-255,5738,256655,44,378605
19240,0.053129,172.31.46.0-255,66,256721,44,378605
19241,0.054809,172.217.27.0-255,5738,262459,44,378605
19242,0.054827,172.31.46.0-255,66,262525,44,378605
19243,0.056502,172.217.27.0-255,5738,268263,44,378605
19244,0.056512,172.31.46.0-255,66,268329,44,378605
19245,0.058213,172.217.27.0-255,5738,274067,44,378605
19246,0.058227,172.31.46.0-255,66,274133,44,378605
19247,0.059921,172.217.27.0-255,5738,279871,44,378605
19248,0.05993,172.31.46.0-255,66,279937,44,378605
19249,0.061605,172.217.27.0-255,5738,285675,44,378605
19250,0.061616,172.31.46.0-255,66,285741,44,378605
19251,0.063267,172.217.27.0-255,5738,291479,44,378605
19252,0.063274,172.31.46.0-255,66,291545,44,378605
19253,0.064948,172.217.27.0-255,5738,297283,44,378605
19254,0.064962,172.31.46.0-255,66,297349,44,378605
19255,0.066625,172.217.27.0-255,5738,303087,44,378605
19256,0.066632,172.31.46.0-255,66,303153,44,378605
19257,0.068287,172.217.27.0-255,5738,308891,44,378605
19258,0.068294,172.31.46.0-255,66,308957,44,378605
19259,0.069952,172.217.27.0-255,5738,314695,44,378605
19260,0.069959,172.31.46.0-255,66,314761,44,378605
19261,0.071614,172.217.27.0-255,5738,320499,44,378605
19262,0.071621,172.31.46.0-255,66,320565,44,378605
19263,0.073284,172.217.27.0-255,5738,326303,44,378605
19264,0.073291,172.31.46.0-255,66,326369,44,378605
19265,0.074972,172.217.27.0-255,5738,332107,44,378605
19266,0.074981,172.31.46.0-255,66,332173,44,378605
19267,0.076642,172.217.27.0-255,5738,337911,44,378605
19268,0.076653,172.31.46.0-255,66,337977,44,378605
19269,0.078316,172.217.27.0-255,5738,343715,44,378605
19270,0.078328,172.31.46.0-255,66,343781,44,378605
19271,0.080016,172.217.27.0-255,5738,349519,44,378605
19272,0.080027,172.31.46.0-255,66,349585,44,378605
19273,0.081694,172.217.27.0-255,5738,355323,44,378605
19274,0.081703,172.31.46.0-255,66,355389,44,378605
19275,0.083366,172.217.27.0-255,5738,361127,44,378605
19276,0.083376,172.31.46.0-255,66,361193,44,378605
19277,0.085042,172.217.27.0-255,5738,366931,44,378605
19278,0.085055,172.31.46.0-255,66,366997,44,378605
19279,0.086719,172.217.27.0-255,5738,372735,44,378605
19280,0.086728,172.31.46.0-255,66,372801,44,378605
19281,0.08839,172.217.27.0-255,5738,378539,44,378605
19282,0.088398,172.31.46.0-255,66,378605,44,378605
19283,0.0,172.217.194.0-255,153,153,44,174585
19284,2.7e-05,172.31.46.0-255,66,219,44,174585
19285,3.4e-05,172.217.194.0-255,1484,1703,44,174585
19286,3.8e-05,172.31.46.0-255,66,1769,44,174585
19287,4.4e-05,172.217.194.0-255,2902,4671,44,174585
19288,4.7e-05,172.31.46.0-255,66,4737,44,174585
19289,5.5e-05,172.217.194.0-255,7156,11893,44,174585
19290,5.8e-05,172.31.46.0-255,66,11959,44,174585
19291,7.5e-05,172.31.46.0-255,66,12025,44,174585
19292,7.9e-05,172.217.194.0-255,2543,14568,44,174585
19293,8.4e-05,172.31.46.0-255,66,14634,44,174585
19294,0.000105,172.217.194.0-255,1484,16118,44,174585
19295,0.000108,172.31.46.0-255,66,16184,44,174585
19296,0.000135,172.217.194.0-255,1484,17668,44,174585
19297,0.000137,172.31.46.0-255,66,17734,44,174585
19298,0.000152,172.217.194.0-255,1484,19218,44,174585
19299,0.000155,172.31.46.0-255,66,19284,44,174585
19300,0.000162,172.217.194.0-255,5738,25022,44,174585
19301,0.000164,172.31.46.0-255,66,25088,44,174585
19302,0.000179,172.31.46.0-255,66,25154,44,174585
19303,0.000206,172.217.194.0-255,5738,30892,44,174585
19304,0.000209,172.31.46.0-255,66,30958,44,174585
19305,0.000231,172.217.194.0-255,4252,35210,44,174585
19306,0.000233,172.31.46.0-255,66,35276,44,174585
19307,0.000235,172.217.194.0-255,99,35375,44,174585
19308,0.000238,172.31.46.0-255,66,35441,44,174585
19309,0.000331,172.217.194.0-255,1484,36925,44,174585
19310,0.000334,172.31.46.0-255,66,36991,44,174585
19311,0.000339,172.217.194.0-255,2902,39893,44,174585
19312,0.000342,172.31.46.0-255,66,39959,44,174585
19313,0.000356,172.217.194.0-255,1484,41443,44,174585
19314,0.000363,172.217.194.0-255,2902,44345,44,174585
19315,0.000366,172.31.46.0-255,66,44411,44,174585
19316,0.000391,172.217.194.0-255,5738,50149,44,174585
19317,0.000394,172.31.46.0-255,66,50215,44,174585
19318,0.000431,172.31.46.0-255,66,50281,44,174585
19319,0.000438,172.217.194.0-255,5653,55934,44,174585
19320,0.00044,172.31.46.0-255,66,56000,44,174585
19321,0.000481,172.217.194.0-255,1484,57484,44,174585
19322,0.000494,172.217.194.0-255,2902,60386,44,174585
19323,0.000497,172.31.46.0-255,66,60452,44,174585
19324,0.000503,172.217.194.0-255,5738,66190,44,174585
19325,0.000506,172.31.46.0-255,66,66256,44,174585
19326,0.000532,172.217.194.0-255,7156,73412,44,174585
19327,0.000535,172.31.46.0-255,66,73478,44,174585
19328,0.000538,172.217.194.0-255,1484,74962,44,174585
19329,0.000568,172.31.46.0-255,66,75028,44,174585
19330,0.000573,172.217.194.0-255,2184,77212,44,174585
19331,0.000575,172.31.46.0-255,66,77278,44,174585
19332,0.000628,172.31.46.0-255,66,77344,44,174585
19333,0.000658,172.31.46.0-255,66,77410,44,174585
19334,0.000683,172.31.46.0-255,66,77476,44,174585
19335,0.000699,172.217.194.0-255,3602,81078,44,174585
19336,0.000701,172.31.46.0-255,66,81144,44,174585
19337,0.000714,172.217.194.0-255,1484,82628,44,174585
19338,0.00072,172.217.194.0-255,2902,85530,44,174585
19339,0.000722,172.31.46.0-255,66,85596,44,174585
19340,0.00075,172.217.194.0-255,5738,91334,44,174585
19341,0.000752,172.31.46.0-255,66,91400,44,174585
19342,0.000758,172.217.194.0-255,4320,95720,44,174585
19343,0.00076,172.31.46.0-255,66,95786,44,174585
19344,0.000784,172.31.46.0-255,66,95852,44,174585
19345,0.000795,172.31.46.0-255,66,95918,44,174585
19346,0.000814,172.217.194.0-255,766,96684,44,174585
19347,0.000829,172.217.194.0-255,1484,98168,44,174585
19348,0.000832,172.31.46.0-255,66,98234,44,174585
19349,0.000853,172.217.194.0-255,4320,102554,44,174585
19350,0.000855,172.31.46.0-255,66,102620,44,174585
19351,0.000859,172.217.194.0-255,1484,104104,44,174585
19352,0.000883,172.31.46.0-255,66,104170,44,174585
19353,0.000894,172.31.46.0-255,66,104236,44,174585
19354,0.000973,172.31.46.0-255,66,104302,44,174585
19355,0.000991,172.31.46.0-255,66,104368,44,174585
19356,0.001005,172.31.46.0-255,66,104434,44,174585
19357,0.001071,172.217.194.0-255,1484,105918,44,174585
19358,0.001077,172.217.194.0-255,2902,108820,44,174585
19359,0.001079,172.31.46.0-255,66,108886,44,174585
19360,0.001083,172.217.194.0-255,1484,110370,44,174585
19361,0.001102,172.217.194.0-255,4320,114690,44,174585
19362,0.001105,172.31.46.0-255,66,114756,44,174585
19363,0.001108,172.217.194.0-255,1484,116240,44,174585
19364,0.001139,172.217.194.0-255,7156,123396,44,174585
19365,0.00115,172.31.46.0-255,66,123462,44,174585
19366,0.001154,172.31.46.0-255,66,123528,44,174585
19367,0.001182,172.217.194.0-255,3602,127130,44,174585
19368,0.001185,172.31.46.0-255,66,127196,44,174585
19369,0.001245,172.217.194.0-255,1484,128680,44,174585
19370,0.00125,172.217.194.0-255,2902,131582,44,174585
19371,0.001253,172.31.46.0-255,66,131648,44,174585
19372,0.001278,172.217.194.0-255,5738,137386,44,174585
19373,0.00128,172.31.46.0-255,66,137452,44,174585
19374,0.001285,172.217.194.0-255,2902,140354,44,174585
19375,0.001288,172.31.46.0-255,66,140420,44,174585
19376,0.001312,172.31.46.0-255,66,140486,44,174585
19377,0.001315,172.217.194.0-255,1484,141970,44,174585
19378,0.00133,172.31.46.0-255,66,142036,44,174585
19379,0.001368,172.217.194.0-255,3602,145638,44,174585
19380,0.001385,172.31.46.0-255,66,145704,44,174585
19381,0.001393,172.31.46.0-255,66,145770,44,174585
19382,0.001401,172.217.194.0-255,7156,152926,44,174585
19383,0.001403,172.31.46.0-255,66,152992,44,174585
19384,0.00144,172.31.46.0-255,66,153058,44,174585
19385,0.001448,172.217.194.0-255,5738,158796,44,174585
19386,0.00145,172.31.46.0-255,66,158862,44,174585
19387,0.001491,172.31.46.0-255,66,158928,44,174585
19388,0.001499,172.217.194.0-255,5885,164813,44,174585
19389,0.001502,172.31.46.0-255,66,164879,44,174585
19390,0.001505,172.217.194.0-255,105,164984,44,174585
19391,0.004605,172.31.46.0-255,66,165050,44,174585
19392,0.00465,172.31.46.0-255,105,165155,44,174585
19393,0.007137,172.217.194.0-255,66,165221,44,174585
19394,0.040898,172.31.46.0-255,172,165393,44,174585
19395,0.040935,172.31.46.0-255,1114,166507,44,174585
19396,0.041007,172.31.46.0-255,1514,168021,44,174585
19397,0.041008,172.31.46.0-255,1514,169535,44,174585
19398,0.04101,172.31.46.0-255,1514,171049,44,174585
19399,0.041011,172.31.46.0-255,1514,172563,44,174585
19400,0.041046,172.31.46.0-255,1514,174077,44,174585
19401,0.041051,172.31.46.0-255,70,174147,44,174585
19402,0.042432,104.244.42.0-255,66,174213,44,174585
19403,0.042466,104.244.42.0-255,66,174279,44,174585
19404,0.042537,104.244.42.0-255,66,174345,44,174585
19405,0.042579,104.244.42.0-255,66,174411,44,174585
19406,0.043189,104.244.42.0-255,108,174519,44,174585
19407,0.043201,172.31.46.0-255,66,174585,44,174585
19408,0.0,172.217.194.0-255,152,152,44,362650
19409,1.5e-05,172.31.46.0-255,66,218,44,362650
19410,2.1e-05,172.217.194.0-255,1484,1702,44,362650
19411,2.5e-05,172.31.46.0-255,66,1768,44,362650
19412,3e-05,172.217.194.0-255,2902,4670,44,362650
19413,3.2e-05,172.31.46.0-255,66,4736,44,362650
19414,3.9e-05,172.217.194.0-255,7156,11892,44,362650
19415,4.2e-05,172.31.46.0-255,66,11958,44,362650
19416,5.8e-05,172.217.194.0-255,2104,14062,44,362650
19417,6e-05,172.31.46.0-255,66,14128,44,362650
19418,8.7e-05,172.217.194.0-255,2902,17030,44,362650
19419,8.9e-05,172.31.46.0-255,66,17096,44,362650
19420,9.3e-05,172.217.194.0-255,2902,19998,44,362650
19421,9.4e-05,172.31.46.0-255,66,20064,44,362650
19422,0.000109,172.217.194.0-255,4320,24384,44,362650
19423,0.000111,172.31.46.0-255,66,24450,44,362650
19424,0.000132,172.217.194.0-255,1484,25934,44,362650
19425,0.000133,172.31.46.0-255,66,26000,44,362650
19426,0.00015,172.217.194.0-255,4320,30320,44,362650
19427,0.000152,172.31.46.0-255,66,30386,44,362650
19428,0.000167,172.217.194.0-255,1484,31870,44,362650
19429,0.000169,172.31.46.0-255,66,31936,44,362650
19430,0.000193,172.31.46.0-255,66,32002,44,362650
19431,0.000216,172.217.194.0-255,4320,36322,44,362650
19432,0.000218,172.31.46.0-255,66,36388,44,362650
19433,0.000237,172.217.194.0-255,3961,40349,44,362650
19434,0.000239,172.31.46.0-255,66,40415,44,362650
19435,0.000242,172.217.194.0-255,1484,41899,44,362650
19436,0.000243,172.31.46.0-255,66,41965,44,362650
19437,0.000266,172.217.194.0-255,7156,49121,44,362650
19438,0.000268,172.31.46.0-255,66,49187,44,362650
19439,0.000291,172.217.194.0-255,1484,50671,44,362650
19440,0.000309,172.217.194.0-255,7071,57742,44,362650
19441,0.000311,172.31.46.0-255,66,57808,44,362650
19442,0.000314,172.217.194.0-255,114,57922,44,362650
19443,0.000346,172.217.194.0-255,387,58309,44,362650
19444,0.000474,172.217.194.0-255,1484,59793,44,362650
19445,0.000477,172.31.46.0-255,66,59859,44,362650
19446,0.000483,172.217.194.0-255,2902,62761,44,362650
19447,0.000485,172.31.46.0-255,66,62827,44,362650
19448,0.000488,172.217.194.0-255,2902,65729,44,362650
19449,0.000491,172.31.46.0-255,66,65795,44,362650
19450,0.000506,172.217.194.0-255,2902,68697,44,362650
19451,0.000508,172.31.46.0-255,66,68763,44,362650
19452,0.00053,172.217.194.0-255,6797,75560,44,362650
19453,0.000534,172.31.46.0-255,66,75626,44,362650
19454,0.001043,172.217.194.0-255,1484,77110,44,362650
19455,0.001047,172.217.194.0-255,1484,78594,44,362650
19456,0.00105,172.31.46.0-255,66,78660,44,362650
19457,0.001068,172.217.194.0-255,1484,80144,44,362650
19458,0.001075,172.217.194.0-255,5738,85882,44,362650
19459,0.001077,172.31.46.0-255,66,85948,44,362650
19460,0.001097,172.217.194.0-255,4320,90268,44,362650
19461,0.001099,172.31.46.0-255,66,90334,44,362650
19462,0.001115,172.217.194.0-255,2902,93236,44,362650
19463,0.001117,172.31.46.0-255,66,93302,44,362650
19464,0.001143,172.31.46.0-255,66,93368,44,362650
19465,0.001175,172.217.194.0-255,1484,94852,44,362650
19466,0.001196,172.31.46.0-255,66,94918,44,362650
19467,0.001215,172.217.194.0-255,2902,97820,44,362650
19468,0.001217,172.31.46.0-255,66,97886,44,362650
19469,0.001234,172.217.194.0-255,1484,99370,44,362650
19470,0.001257,172.31.46.0-255,66,99436,44,362650
19471,0.003217,172.217.194.0-255,5738,105174,44,362650
19472,0.003224,172.31.46.0-255,66,105240,44,362650
19473,0.005197,172.217.194.0-255,5738,110978,44,362650
19474,0.005202,172.31.46.0-255,66,111044,44,362650
19475,0.00718,172.217.194.0-255,5738,116782,44,362650
19476,0.007186,172.31.46.0-255,66,116848,44,362650
19477,0.009182,172.217.194.0-255,5738,122586,44,362650
19478,0.009189,172.31.46.0-255,66,122652,44,362650
19479,0.011169,172.217.194.0-255,5738,128390,44,362650
19480,0.011175,172.31.46.0-255,66,128456,44,362650
19481,0.013156,172.217.194.0-255,5738,134194,44,362650
19482,0.013163,172.31.46.0-255,66,134260,44,362650
19483,0.015173,172.217.194.0-255,5738,139998,44,362650
19484,0.015179,172.31.46.0-255,66,140064,44,362650
19485,0.017143,172.217.194.0-255,5738,145802,44,362650
19486,0.017149,172.31.46.0-255,66,145868,44,362650
19487,0.01917,172.217.194.0-255,5738,151606,44,362650
19488,0.019179,172.31.46.0-255,66,151672,44,362650
19489,0.021153,172.217.194.0-255,5738,157410,44,362650
19490,0.021159,172.31.46.0-255,66,157476,44,362650
19491,0.023132,172.217.194.0-255,5738,163214,44,362650
19492,0.02314,172.31.46.0-255,66,163280,44,362650
19493,0.025114,172.217.194.0-255,5738,169018,44,362650
19494,0.02512,172.31.46.0-255,66,169084,44,362650
19495,0.027127,172.217.194.0-255,5738,174822,44,362650
19496,0.027133,172.31.46.0-255,66,174888,44,362650
19497,0.029104,172.217.194.0-255,5738,180626,44,362650
19498,0.029113,172.31.46.0-255,66,180692,44,362650
19499,0.031099,172.217.194.0-255,5738,186430,44,362650
19500,0.031106,172.31.46.0-255,66,186496,44,362650
19501,0.032372,172.31.46.0-255,172,186668,44,362650
19502,0.032399,172.31.46.0-255,1114,187782,44,362650
19503,0.032453,172.31.46.0-255,1514,189296,44,362650
19504,0.032454,172.31.46.0-255,1514,190810,44,362650
19505,0.032458,172.31.46.0-255,1514,192324,44,362650
19506,0.032459,172.31.46.0-255,1514,193838,44,362650
19507,0.032479,172.31.46.0-255,1514,195352,44,362650
19508,0.03248,172.31.46.0-255,70,195422,44,362650
19509,0.033087,172.217.194.0-255,5738,201160,44,362650
19510,0.033094,172.31.46.0-255,66,201226,44,362650
19511,0.033899,104.244.42.0-255,66,201292,44,362650
19512,0.033937,104.244.42.0-255,66,201358,44,362650
19513,0.034,104.244.42.0-255,66,201424,44,362650
19514,0.034006,104.244.42.0-255,66,201490,44,362650
19515,0.035076,172.217.194.0-255,5738,207228,44,362650
19516,0.035082,172.31.46.0-255,66,207294,44,362650
19517,0.037053,172.217.194.0-255,5738,213032,44,362650
19518,0.037059,172.31.46.0-255,66,213098,44,362650
19519,0.039016,172.217.194.0-255,5738,218836,44,362650
19520,0.039021,172.31.46.0-255,66,218902,44,362650
19521,0.04099,172.217.194.0-255,5738,224640,44,362650
19522,0.040995,172.31.46.0-255,66,224706,44,362650
19523,0.04298,172.217.194.0-255,5738,230444,44,362650
19524,0.042988,172.31.46.0-255,66,230510,44,362650
19525,0.044965,172.217.194.0-255,5738,236248,44,362650
19526,0.044972,172.31.46.0-255,66,236314,44,362650
19527,0.046946,172.217.194.0-255,5738,242052,44,362650
19528,0.046951,172.31.46.0-255,66,242118,44,362650
19529,0.048912,172.217.194.0-255,5738,247856,44,362650
19530,0.048918,172.31.46.0-255,66,247922,44,362650
19531,0.050934,172.217.194.0-255,4320,252242,44,362650
19532,0.050939,172.31.46.0-255,66,252308,44,362650
19533,0.050956,172.217.194.0-255,1484,253792,44,362650
19534,0.052915,172.217.194.0-255,4320,258112,44,362650
19535,0.052921,172.31.46.0-255,66,258178,44,362650
19536,0.054901,172.217.194.0-255,5738,263916,44,362650
19537,0.054906,172.31.46.0-255,66,263982,44,362650
19538,0.056896,172.217.194.0-255,5738,269720,44,362650
19539,0.056901,172.31.46.0-255,66,269786,44,362650
19540,0.058871,172.217.194.0-255,5738,275524,44,362650
19541,0.058879,172.31.46.0-255,66,275590,44,362650
19542,0.060864,172.217.194.0-255,5738,281328,44,362650
19543,0.06087,172.31.46.0-255,66,281394,44,362650
19544,0.062835,172.217.194.0-255,5738,287132,44,362650
19545,0.062842,172.31.46.0-255,66,287198,44,362650
19546,0.064796,172.217.194.0-255,5738,292936,44,362650
19547,0.064803,172.31.46.0-255,66,293002,44,362650
19548,0.066797,172.217.194.0-255,5738,298740,44,362650
19549,0.066802,172.31.46.0-255,66,298806,44,362650
19550,0.068835,172.217.194.0-255,5738,304544,44,362650
19551,0.068843,172.31.46.0-255,66,304610,44,362650
19552,0.070845,172.217.194.0-255,5738,310348,44,362650
19553,0.070852,172.31.46.0-255,66,310414,44,362650
19554,0.072842,172.217.194.0-255,5738,316152,44,362650
19555,0.072849,172.31.46.0-255,66,316218,44,362650
19556,0.074838,172.217.194.0-255,5738,321956,44,362650
19557,0.074846,172.31.46.0-255,66,322022,44,362650
19558,0.076832,172.217.194.0-255,5738,327760,44,362650
19559,0.076838,172.31.46.0-255,66,327826,44,362650
19560,0.078827,172.217.194.0-255,5738,333564,44,362650
19561,0.078834,172.31.46.0-255,66,333630,44,362650
19562,0.080804,172.217.194.0-255,5738,339368,44,362650
19563,0.080811,172.31.46.0-255,66,339434,44,362650
19564,0.082786,172.217.194.0-255,5738,345172,44,362650
19565,0.082793,172.31.46.0-255,66,345238,44,362650
19566,0.084783,172.217.194.0-255,5738,350976,44,362650
19567,0.084788,172.31.46.0-255,66,351042,44,362650
19568,0.086751,172.217.194.0-255,5738,356780,44,362650
19569,0.086757,172.31.46.0-255,66,356846,44,362650
19570,0.088742,172.217.194.0-255,5738,362584,44,362650
19571,0.08875,172.31.46.0-255,66,362650,44,362650
19572,0.0,74.125.24.0-255,146,146,44,353177
19573,1.9e-05,172.31.46.0-255,66,212,44,353177
19574,2.6e-05,74.125.24.0-255,1484,1696,44,353177
19575,3.1e-05,172.31.46.0-255,66,1762,44,353177
19576,4.3e-05,74.125.24.0-255,2902,4664,44,353177
19577,4.7e-05,172.31.46.0-255,66,4730,44,353177
19578,9.3e-05,74.125.24.0-255,7156,11886,44,353177
19579,9.7e-05,172.31.46.0-255,66,11952,44,353177
19580,0.000127,74.125.24.0-255,2112,14064,44,353177
19581,0.00013,172.31.46.0-255,66,14130,44,353177
19582,0.000135,74.125.24.0-255,2902,17032,44,353177
19583,0.000138,172.31.46.0-255,66,17098,44,353177
19584,0.000178,74.125.24.0-255,7156,24254,44,353177
19585,0.000181,172.31.46.0-255,66,24320,44,353177
19586,0.000187,74.125.24.0-255,5738,30058,44,353177
19587,0.00019,172.31.46.0-255,66,30124,44,353177
19588,0.00023,74.125.24.0-255,1125,31249,44,353177
19589,0.000232,172.31.46.0-255,66,31315,44,353177
19590,0.000257,74.125.24.0-255,1484,32799,44,353177
19591,0.000259,172.31.46.0-255,66,32865,44,353177
19592,0.000265,74.125.24.0-255,4320,37185,44,353177
19593,0.000267,172.31.46.0-255,66,37251,44,353177
19594,0.000273,74.125.24.0-255,4320,41571,44,353177
19595,0.000276,172.31.46.0-255,66,41637,44,353177
19596,0.000307,74.125.24.0-255,2902,44539,44,353177
19597,0.00031,172.31.46.0-255,66,44605,44,353177
19598,0.000315,74.125.24.0-255,3961,48566,44,353177
19599,0.000317,172.31.46.0-255,66,48632,44,353177
19600,0.000436,74.125.24.0-255,1484,50116,44,353177
19601,0.000439,172.31.46.0-255,66,50182,44,353177
19602,0.000444,74.125.24.0-255,2902,53084,44,353177
19603,0.000446,172.31.46.0-255,66,53150,44,353177
19604,0.000488,74.125.24.0-255,5738,58888,44,353177
19605,0.000491,172.31.46.0-255,66,58954,44,353177
19606,0.000497,74.125.24.0-255,4320,63274,44,353177
19607,0.000499,172.31.46.0-255,66,63340,44,353177
19608,0.000516,74.125.24.0-255,2840,66180,44,353177
19609,0.000518,172.31.46.0-255,66,66246,44,353177
19610,0.00054,74.125.24.0-255,130,66376,44,353177
19611,0.000618,74.125.24.0-255,1484,67860,44,353177
19612,0.000621,172.31.46.0-255,66,67926,44,353177
19613,0.000627,74.125.24.0-255,2902,70828,44,353177
19614,0.000629,172.31.46.0-255,66,70894,44,353177
19615,0.000658,74.125.24.0-255,5738,76632,44,353177
19616,0.000661,172.31.46.0-255,66,76698,44,353177
19617,0.000665,74.125.24.0-255,2902,79600,44,353177
19618,0.000668,172.31.46.0-255,66,79666,44,353177
19619,0.000701,74.125.24.0-255,4243,83909,44,353177
19620,0.000704,172.31.46.0-255,66,83975,44,353177
19621,0.000725,74.125.24.0-255,1484,85459,44,353177
19622,0.000729,74.125.24.0-255,1484,86943,44,353177
19623,0.000731,172.31.46.0-255,66,87009,44,353177
19624,0.00075,74.125.24.0-255,1484,88493,44,353177
19625,0.000755,74.125.24.0-255,2902,91395,44,353177
19626,0.000758,172.31.46.0-255,66,91461,44,353177
19627,0.000786,74.125.24.0-255,2902,94363,44,353177
19628,0.000789,172.31.46.0-255,66,94429,44,353177
19629,0.000797,74.125.24.0-255,6797,101226,44,353177
19630,0.000799,172.31.46.0-255,66,101292,44,353177
19631,0.001037,74.125.24.0-255,1484,102776,44,353177
19632,0.001041,74.125.24.0-255,1484,104260,44,353177
19633,0.001044,172.31.46.0-255,66,104326,44,353177
19634,0.001075,74.125.24.0-255,1484,105810,44,353177
19635,0.001083,74.125.24.0-255,5738,111548,44,353177
19636,0.001085,172.31.46.0-255,66,111614,44,353177
19637,0.001091,74.125.24.0-255,7156,118770,44,353177
19638,0.001093,172.31.46.0-255,66,118836,44,353177
19639,0.001099,74.125.24.0-255,5738,124574,44,353177
19640,0.001101,172.31.46.0-255,66,124640,44,353177
19641,0.00114,172.31.46.0-255,66,124706,44,353177
19642,0.001144,74.125.24.0-255,2184,126890,44,353177
19643,0.001146,172.31.46.0-255,66,126956,44,353177
19644,0.001568,74.125.24.0-255,1484,128440,44,353177
19645,0.001573,74.125.24.0-255,2902,131342,44,353177
19646,0.001576,172.31.46.0-255,66,131408,44,353177
19647,0.001582,74.125.24.0-255,5738,137146,44,353177
19648,0.001584,172.31.46.0-255,66,137212,44,353177
19649,0.001636,172.31.46.0-255,66,137278,44,353177
19650,0.001648,172.31.46.0-255,66,137344,44,353177
19651,0.002233,74.125.24.0-255,1484,138828,44,353177
19652,0.002256,74.125.24.0-255,2902,141730,44,353177
19653,0.002259,172.31.46.0-255,66,141796,44,353177
19654,0.002266,74.125.24.0-255,5738,147534,44,353177
19655,0.002269,172.31.46.0-255,66,147600,44,353177
19656,0.002273,74.125.24.0-255,2902,150502,44,353177
19657,0.002275,172.31.46.0-255,66,150568,44,353177
19658,0.002311,172.31.46.0-255,66,150634,44,353177
19659,0.002321,172.31.46.0-255,66,150700,44,353177
19660,0.002348,74.125.24.0-255,766,151466,44,353177
19661,0.004596,74.125.24.0-255,4320,155786,44,353177
19662,0.004607,172.31.46.0-255,66,155852,44,353177
19663,0.006923,74.125.24.0-255,5738,161590,44,353177
19664,0.006929,172.31.46.0-255,66,161656,44,353177
19665,0.009216,74.125.24.0-255,5738,167394,44,353177
19666,0.009226,172.31.46.0-255,66,167460,44,353177
19667,0.011511,74.125.24.0-255,5738,173198,44,353177
19668,0.011522,172.31.46.0-255,66,173264,44,353177
19669,0.013802,74.125.24.0-255,5738,179002,44,353177
19670,0.013815,172.31.46.0-255,66,179068,44,353177
19671,0.016104,74.125.24.0-255,5738,184806,44,353177
19672,0.016116,172.31.46.0-255,66,184872,44,353177
19673,0.018391,74.125.24.0-255,5738,190610,44,353177
19674,0.018405,172.31.46.0-255,66,190676,44,353177
19675,0.020696,74.125.24.0-255,5738,196414,44,353177
19676,0.020706,172.31.46.0-255,66,196480,44,353177
19677,0.022972,74.125.24.0-255,5738,202218,44,353177
19678,0.022984,172.31.46.0-255,66,202284,44,353177
19679,0.025258,74.125.24.0-255,5738,208022,44,353177
19680,0.025273,172.31.46.0-255,66,208088,44,353177
19681,0.027569,74.125.24.0-255,5738,213826,44,353177
19682,0.027579,172.31.46.0-255,66,213892,44,353177
19683,0.029859,74.125.24.0-255,5738,219630,44,353177
19684,0.029876,172.31.46.0-255,66,219696,44,353177
19685,0.032178,74.125.24.0-255,5738,225434,44,353177
19686,0.032192,172.31.46.0-255,66,225500,44,353177
19687,0.034494,74.125.24.0-255,5738,231238,44,353177
19688,0.034509,172.31.46.0-255,66,231304,44,353177
19689,0.036797,74.125.24.0-255,5738,237042,44,353177
19690,0.036811,172.31.46.0-255,66,237108,44,353177
19691,0.039095,74.125.24.0-255,5738,242846,44,353177
19692,0.039112,172.31.46.0-255,66,242912,44,353177
19693,0.041393,74.125.24.0-255,5738,248650,44,353177
19694,0.041406,172.31.46.0-255,66,248716,44,353177
19695,0.043707,74.125.24.0-255,5738,254454,44,353177
19696,0.043718,172.31.46.0-255,66,254520,44,353177
19697,0.046015,74.125.24.0-255,5738,260258,44,353177
19698,0.046028,172.31.46.0-255,66,260324,44,353177
19699,0.048306,74.125.24.0-255,5738,266062,44,353177
19700,0.048314,172.31.46.0-255,66,266128,44,353177
19701,0.048452,172.31.46.0-255,172,266300,44,353177
19702,0.048481,172.31.46.0-255,1114,267414,44,353177
19703,0.048557,172.31.46.0-255,1514,268928,44,353177
19704,0.048559,172.31.46.0-255,1514,270442,44,353177
19705,0.048565,172.31.46.0-255,1514,271956,44,353177
19706,0.048566,172.31.46.0-255,1514,273470,44,353177
19707,0.048585,172.31.46.0-255,1514,274984,44,353177
19708,0.048586,172.31.46.0-255,71,275055,44,353177
19709,0.049996,104.244.42.0-255,66,275121,44,353177
19710,0.050067,104.244.42.0-255,66,275187,44,353177
19711,0.050147,104.244.42.0-255,66,275253,44,353177
19712,0.050153,104.244.42.0-255,66,275319,44,353177
19713,0.050596,74.125.24.0-255,5738,281057,44,353177
19714,0.050604,172.31.46.0-255,66,281123,44,353177
19715,0.052898,74.125.24.0-255,5738,286861,44,353177
19716,0.052909,172.31.46.0-255,66,286927,44,353177
19717,0.055206,74.125.24.0-255,5738,292665,44,353177
19718,0.055214,172.31.46.0-255,66,292731,44,353177
19719,0.057509,74.125.24.0-255,5738,298469,44,353177
19720,0.057517,172.31.46.0-255,66,298535,44,353177
19721,0.059783,74.125.24.0-255,5738,304273,44,353177
19722,0.059788,172.31.46.0-255,66,304339,44,353177
19723,0.062081,74.125.24.0-255,5738,310077,44,353177
19724,0.062089,172.31.46.0-255,66,310143,44,353177
19725,0.064377,74.125.24.0-255,5738,315881,44,353177
19726,0.064383,172.31.46.0-255,66,315947,44,353177
19727,0.066707,74.125.24.0-255,5738,321685,44,353177
19728,0.066712,172.31.46.0-255,66,321751,44,353177
19729,0.068998,74.125.24.0-255,5738,327489,44,353177
19730,0.069005,172.31.46.0-255,66,327555,44,353177
19731,0.071289,74.125.24.0-255,5738,333293,44,353177
19732,0.071294,172.31.46.0-255,66,333359,44,353177
19733,0.073571,74.125.24.0-255,5738,339097,44,353177
19734,0.073577,172.31.46.0-255,66,339163,44,353177
19735,0.075879,74.125.24.0-255,5738,344901,44,353177
19736,0.075884,172.31.46.0-255,66,344967,44,353177
19737,0.07818,74.125.24.0-255,5738,350705,44,353177
19738,0.078185,172.31.46.0-255,66,350771,44,353177
19739,0.080462,74.125.24.0-255,2169,352940,44,353177
19740,0.080467,172.31.46.0-255,66,353006,44,353177
19741,0.080637,172.31.46.0-255,105,353111,44,353177
19742,0.082872,74.125.24.0-255,66,353177,44,353177
19743,0.0,172.217.24.0-255,153,153,44,388694
19744,2.5e-05,172.31.46.0-255,66,219,44,388694
19745,3.1e-05,172.217.24.0-255,1484,1703,44,388694
19746,3.5e-05,172.31.46.0-255,66,1769,44,388694
19747,4e-05,172.217.24.0-255,2902,4671,44,388694
19748,4.2e-05,172.31.46.0-255,66,4737,44,388694
19749,4.7e-05,172.217.24.0-255,4320,9057,44,388694
19750,5e-05,172.31.46.0-255,66,9123,44,388694
19751,9.1e-05,172.217.24.0-255,2902,12025,44,388694
19752,9.4e-05,172.31.46.0-255,66,12091,44,388694
19753,0.000112,172.217.24.0-255,2104,14195,44,388694
19754,0.000115,172.31.46.0-255,66,14261,44,388694
19755,0.000618,172.217.24.0-255,1484,15745,44,388694
19756,0.000625,172.31.46.0-255,66,15811,44,388694
19757,0.000634,172.217.24.0-255,2902,18713,44,388694
19758,0.000636,172.31.46.0-255,66,18779,44,388694
19759,0.000643,172.217.24.0-255,5738,24517,44,388694
19760,0.000645,172.31.46.0-255,66,24583,44,388694
19761,0.00065,172.217.24.0-255,4320,28903,44,388694
19762,0.000653,172.31.46.0-255,66,28969,44,388694
19763,0.000705,172.217.24.0-255,2543,31512,44,388694
19764,0.000708,172.31.46.0-255,66,31578,44,388694
19765,0.000733,172.217.24.0-255,1484,33062,44,388694
19766,0.000736,172.31.46.0-255,66,33128,44,388694
19767,0.000757,172.217.24.0-255,1484,34612,44,388694
19768,0.000759,172.31.46.0-255,66,34678,44,388694
19769,0.000766,172.217.24.0-255,5738,40416,44,388694
19770,0.000769,172.31.46.0-255,66,40482,44,388694
19771,0.000775,172.217.24.0-255,7156,47638,44,388694
19772,0.000777,172.31.46.0-255,66,47704,44,388694
19773,0.000798,172.217.24.0-255,1125,48829,44,388694
19774,0.000801,172.31.46.0-255,66,48895,44,388694
19775,0.001037,172.217.24.0-255,1484,50379,44,388694
19776,0.001044,172.217.24.0-255,2902,53281,44,388694
19777,0.001049,172.31.46.0-255,66,53347,44,388694
19778,0.001053,172.217.24.0-255,1484,54831,44,388694
19779,0.001073,172.217.24.0-255,4320,59151,44,388694
19780,0.001077,172.31.46.0-255,66,59217,44,388694
19781,0.001086,172.217.24.0-255,6797,66014,44,388694
19782,0.001089,172.31.46.0-255,66,66080,44,388694
19783,0.001091,172.217.24.0-255,359,66439,44,388694
19784,0.00145,172.217.24.0-255,386,66825,44,388694
19785,0.001543,172.217.24.0-255,1484,68309,44,388694
19786,0.001549,172.31.46.0-255,66,68375,44,388694
19787,0.001554,172.217.24.0-255,2902,71277,44,388694
19788,0.001556,172.31.46.0-255,66,71343,44,388694
19789,0.001561,172.217.24.0-255,4320,75663,44,388694
19790,0.001564,172.31.46.0-255,66,75729,44,388694
19791,0.001616,172.217.24.0-255,2902,78631,44,388694
19792,0.001619,172.31.46.0-255,66,78697,44,388694
19793,0.001638,172.217.24.0-255,5379,84076,44,388694
19794,0.001641,172.31.46.0-255,66,84142,44,388694
19795,0.001647,172.217.24.0-255,4320,88462,44,388694
19796,0.001649,172.31.46.0-255,66,88528,44,388694
19797,0.001669,172.217.24.0-255,4320,92848,44,388694
19798,0.001673,172.217.24.0-255,4320,97168,44,388694
19799,0.001673,172.31.46.0-255,66,97234,44,388694
19800,0.001677,172.31.46.0-255,66,97300,44,388694
19801,0.001688,172.217.24.0-255,3961,101261,44,388694
19802,0.001691,172.31.46.0-255,66,101327,44,388694
19803,0.001735,172.217.24.0-255,1484,102811,44,388694
19804,0.001739,172.217.24.0-255,1484,104295,44,388694
19805,0.001742,172.31.46.0-255,66,104361,44,388694
19806,0.001761,172.217.24.0-255,1484,105845,44,388694
19807,0.001769,172.217.24.0-255,5738,111583,44,388694
19808,0.001773,172.31.46.0-255,66,111649,44,388694
19809,0.001795,172.217.24.0-255,6128,117777,44,388694
19810,0.001798,172.31.46.0-255,66,117843,44,388694
19811,0.001815,172.217.24.0-255,1484,119327,44,388694
19812,0.001832,172.217.24.0-255,2902,122229,44,388694
19813,0.001835,172.31.46.0-255,66,122295,44,388694
19814,0.001841,172.217.24.0-255,5738,128033,44,388694
19815,0.001844,172.31.46.0-255,66,128099,44,388694
19816,0.001874,172.31.46.0-255,66,128165,44,388694
19817,0.003807,172.217.24.0-255,5738,133903,44,388694
19818,0.003812,172.31.46.0-255,66,133969,44,388694
19819,0.00575,172.217.24.0-255,5738,139707,44,388694
19820,0.005758,172.31.46.0-255,66,139773,44,388694
19821,0.007796,172.217.24.0-255,5738,145511,44,388694
19822,0.007803,172.31.46.0-255,66,145577,44,388694
19823,0.009736,172.217.24.0-255,5738,151315,44,388694
19824,0.009741,172.31.46.0-255,66,151381,44,388694
19825,0.011687,172.217.24.0-255,5738,157119,44,388694
19826,0.011693,172.31.46.0-255,66,157185,44,388694
19827,0.013638,172.217.24.0-255,5738,162923,44,388694
19828,0.013645,172.31.46.0-255,66,162989,44,388694
19829,0.015587,172.217.24.0-255,5738,168727,44,388694
19830,0.015595,172.31.46.0-255,66,168793,44,388694
19831,0.017536,172.217.24.0-255,5738,174531,44,388694
19832,0.017542,172.31.46.0-255,66,174597,44,388694
19833,0.019479,172.217.24.0-255,5738,180335,44,388694
19834,0.019486,172.31.46.0-255,66,180401,44,388694
19835,0.021419,172.217.24.0-255,5738,186139,44,388694
19836,0.021427,172.31.46.0-255,66,186205,44,388694
19837,0.023369,172.217.24.0-255,5738,191943,44,388694
19838,0.023376,172.31.46.0-255,66,192009,44,388694
19839,0.025321,172.217.24.0-255,5738,197747,44,388694
19840,0.025327,172.31.46.0-255,66,197813,44,388694
19841,0.02727,172.217.24.0-255,5738,203551,44,388694
19842,0.027278,172.31.46.0-255,66,203617,44,388694
19843,0.029229,172.217.24.0-255,5738,209355,44,388694
19844,0.029236,172.31.46.0-255,66,209421,44,388694
19845,0.031179,172.217.24.0-255,5738,215159,44,388694
19846,0.031187,172.31.46.0-255,66,215225,44,388694
19847,0.03277,172.31.46.0-255,176,215401,44,388694
19848,0.032799,172.31.46.0-255,1114,216515,44,388694
19849,0.032836,172.31.46.0-255,565,217080,44,388694
19850,0.033125,172.217.24.0-255,5738,222818,44,388694
19851,0.033131,172.31.46.0-255,66,222884,44,388694
19852,0.034276,104.244.42.0-255,66,222950,44,388694
19853,0.034422,104.244.42.0-255,66,223016,44,388694
19854,0.034428,104.244.42.0-255,66,223082,44,388694
19855,0.035067,172.217.24.0-255,5738,228820,44,388694
19856,0.035072,172.31.46.0-255,66,228886,44,388694
19857,0.037016,172.217.24.0-255,5738,234624,44,388694
19858,0.037021,172.31.46.0-255,66,234690,44,388694
19859,0.038966,172.217.24.0-255,5738,240428,44,388694
19860,0.038974,172.31.46.0-255,66,240494,44,388694
19861,0.040944,172.217.24.0-255,5738,246232,44,388694
19862,0.040954,172.31.46.0-255,66,246298,44,388694
19863,0.042932,172.217.24.0-255,5738,252036,44,388694
19864,0.042943,172.31.46.0-255,66,252102,44,388694
19865,0.04488,172.217.24.0-255,5738,257840,44,388694
19866,0.044886,172.31.46.0-255,66,257906,44,388694
19867,0.046822,172.217.24.0-255,5738,263644,44,388694
19868,0.046828,172.31.46.0-255,66,263710,44,388694
19869,0.048767,172.217.24.0-255,5738,269448,44,388694
19870,0.048772,172.31.46.0-255,66,269514,44,388694
19871,0.0507,172.217.24.0-255,5738,275252,44,388694
19872,0.050705,172.31.46.0-255,66,275318,44,388694
19873,0.052635,172.217.24.0-255,5738,281056,44,388694
19874,0.05264,172.31.46.0-255,66,281122,44,388694
19875,0.054575,172.217.24.0-255,5738,286860,44,388694
19876,0.054581,172.31.46.0-255,66,286926,44,388694
19877,0.056516,172.217.24.0-255,5738,292664,44,388694
19878,0.056521,172.31.46.0-255,66,292730,44,388694
19879,0.058457,172.217.24.0-255,5738,298468,44,388694
19880,0.058462,172.31.46.0-255,66,298534,44,388694
19881,0.060393,172.217.24.0-255,5738,304272,44,388694
19882,0.060399,172.31.46.0-255,66,304338,44,388694
19883,0.062335,172.217.24.0-255,5738,310076,44,388694
19884,0.06234,172.31.46.0-255,66,310142,44,388694
19885,0.064275,172.217.24.0-255,5738,315880,44,388694
19886,0.06428,172.31.46.0-255,66,315946,44,388694
19887,0.066207,172.217.24.0-255,5738,321684,44,388694
19888,0.066212,172.31.46.0-255,66,321750,44,388694
19889,0.068144,172.217.24.0-255,4320,326070,44,388694
19890,0.06815,172.31.46.0-255,66,326136,44,388694
19891,0.068179,172.217.24.0-255,1484,327620,44,388694
19892,0.070082,172.217.24.0-255,4320,331940,44,388694
19893,0.070088,172.31.46.0-255,66,332006,44,388694
19894,0.072022,172.217.24.0-255,4320,336326,44,388694
19895,0.072028,172.31.46.0-255,66,336392,44,388694
19896,0.072053,172.217.24.0-255,1484,337876,44,388694
19897,0.073967,172.217.24.0-255,4320,342196,44,388694
19898,0.073972,172.31.46.0-255,66,342262,44,388694
19899,0.075908,172.217.24.0-255,5738,348000,44,388694
19900,0.075912,172.31.46.0-255,66,348066,44,388694
19901,0.077844,172.217.24.0-255,5738,353804,44,388694
19902,0.077851,172.31.46.0-255,66,353870,44,388694
19903,0.079792,172.217.24.0-255,5738,359608,44,388694
19904,0.079797,172.31.46.0-255,66,359674,44,388694
19905,0.081726,172.217.24.0-255,5738,365412,44,388694
19906,0.081731,172.31.46.0-255,66,365478,44,388694
19907,0.08367,172.217.24.0-255,5738,371216,44,388694
19908,0.083675,172.31.46.0-255,66,371282,44,388694
19909,0.08563,172.217.24.0-255,5738,377020,44,388694
19910,0.085637,172.31.46.0-255,66,377086,44,388694
19911,0.087586,172.217.24.0-255,5738,382824,44,388694
19912,0.087593,172.31.46.0-255,66,382890,44,388694
19913,0.089545,172.217.24.0-255,5738,388628,44,388694
19914,0.089551,172.31.46.0-255,66,388694,44,388694
19915,0.0,74.125.24.0-255,153,153,44,327737
19916,2e-05,172.31.46.0-255,66,219,44,327737
19917,2.8e-05,74.125.24.0-255,1484,1703,44,327737
19918,3.1e-05,172.31.46.0-255,66,1769,44,327737
19919,3.6e-05,74.125.24.0-255,2902,4671,44,327737
19920,3.9e-05,172.31.46.0-255,66,4737,44,327737
19921,4.6e-05,74.125.24.0-255,7156,11893,44,327737
19922,4.9e-05,172.31.46.0-255,66,11959,44,327737
19923,5.2e-05,74.125.24.0-255,1484,13443,44,327737
19924,5.4e-05,172.31.46.0-255,66,13509,44,327737
19925,8.6e-05,74.125.24.0-255,1484,14993,44,327737
19926,8.8e-05,172.31.46.0-255,66,15059,44,327737
19927,0.000114,172.31.46.0-255,66,15125,44,327737
19928,0.00012,74.125.24.0-255,5738,20863,44,327737
19929,0.000122,172.31.46.0-255,66,20929,44,327737
19930,0.000137,74.125.24.0-255,1125,22054,44,327737
19931,0.000138,172.31.46.0-255,66,22120,44,327737
19932,0.00043,74.125.24.0-255,1484,23604,44,327737
19933,0.000434,172.31.46.0-255,66,23670,44,327737
19934,0.00044,74.125.24.0-255,2902,26572,44,327737
19935,0.000442,172.31.46.0-255,66,26638,44,327737
19936,0.000468,74.125.24.0-255,5738,32376,44,327737
19937,0.000471,172.31.46.0-255,66,32442,44,327737
19938,0.000496,74.125.24.0-255,7156,39598,44,327737
19939,0.000499,172.31.46.0-255,66,39664,44,327737
19940,0.000503,74.125.24.0-255,2902,42566,44,327737
19941,0.000505,172.31.46.0-255,66,42632,44,327737
19942,0.000522,74.125.24.0-255,5738,48370,44,327737
19943,0.000525,172.31.46.0-255,66,48436,44,327737
19944,0.000557,74.125.24.0-255,7156,55592,44,327737
19945,0.000559,172.31.46.0-255,66,55658,44,327737
19946,0.000574,74.125.24.0-255,766,56424,44,327737
19947,0.000584,74.125.24.0-255,356,56780,44,327737
19948,0.000638,74.125.24.0-255,135,56915,44,327737
19949,0.000671,74.125.24.0-255,1484,58399,44,327737
19950,0.000675,172.31.46.0-255,66,58465,44,327737
19951,0.000684,74.125.24.0-255,2902,61367,44,327737
19952,0.000686,172.31.46.0-255,66,61433,44,327737
19953,0.000711,74.125.24.0-255,7156,68589,44,327737
19954,0.000714,172.31.46.0-255,66,68655,44,327737
19955,0.000719,74.125.24.0-255,4320,72975,44,327737
19956,0.00072,172.31.46.0-255,66,73041,44,327737
19957,0.000758,172.31.46.0-255,66,73107,44,327737
19958,0.00078,74.125.24.0-255,5304,78411,44,327737
19959,0.000782,172.31.46.0-255,66,78477,44,327737
19960,0.001182,74.125.24.0-255,1484,79961,44,327737
19961,0.001189,74.125.24.0-255,2902,82863,44,327737
19962,0.001192,172.31.46.0-255,66,82929,44,327737
19963,0.0012,74.125.24.0-255,4320,87249,44,327737
19964,0.001202,172.31.46.0-255,66,87315,44,327737
19965,0.001214,74.125.24.0-255,1484,88799,44,327737
19966,0.001221,74.125.24.0-255,7156,95955,44,327737
19967,0.001223,172.31.46.0-255,66,96021,44,327737
19968,0.001248,172.31.46.0-255,66,96087,44,327737
19969,0.001277,74.125.24.0-255,5738,101825,44,327737
19970,0.00128,172.31.46.0-255,66,101891,44,327737
19971,0.001284,74.125.24.0-255,2184,104075,44,327737
19972,0.001286,172.31.46.0-255,66,104141,44,327737
19973,0.001352,74.125.24.0-255,1484,105625,44,327737
19974,0.001358,74.125.24.0-255,2902,108527,44,327737
19975,0.001361,172.31.46.0-255,66,108593,44,327737
19976,0.001367,74.125.24.0-255,2902,111495,44,327737
19977,0.001369,172.31.46.0-255,66,111561,44,327737
19978,0.001382,74.125.24.0-255,2902,114463,44,327737
19979,0.001384,172.31.46.0-255,66,114529,44,327737
19980,0.001387,74.125.24.0-255,1484,116013,44,327737
19981,0.001418,172.31.46.0-255,66,116079,44,327737
19982,0.00143,172.31.46.0-255,66,116145,44,327737
19983,0.001679,74.125.24.0-255,1484,117629,44,327737
19984,0.001685,74.125.24.0-255,2902,120531,44,327737
19985,0.001688,172.31.46.0-255,66,120597,44,327737
19986,0.001695,74.125.24.0-255,4320,124917,44,327737
19987,0.001697,172.31.46.0-255,66,124983,44,327737
19988,0.001709,74.125.24.0-255,1484,126467,44,327737
19989,0.001728,74.125.24.0-255,7156,133623,44,327737
19990,0.00173,172.31.46.0-255,66,133689,44,327737
19991,0.001748,74.125.24.0-255,5738,139427,44,327737
19992,0.001751,172.31.46.0-255,66,139493,44,327737
19993,0.001769,74.125.24.0-255,2902,142395,44,327737
19994,0.001771,172.31.46.0-255,66,142461,44,327737
19995,0.001802,172.31.46.0-255,66,142527,44,327737
19996,0.001808,74.125.24.0-255,4320,146847,44,327737
19997,0.00181,172.31.46.0-255,66,146913,44,327737
19998,0.001841,74.125.24.0-255,7156,154069,44,327737
19999,0.001844,172.31.46.0-255,66,154135,44,327737
20000,0.001855,172.31.46.0-255,66,154201,44,327737
20001,0.001878,74.125.24.0-255,5738,159939,44,327737
20002,0.00188,172.31.46.0-255,66,160005,44,327737
20003,0.001906,172.31.46.0-255,66,160071,44,327737
20004,0.004206,74.125.24.0-255,5738,165809,44,327737
20005,0.004213,172.31.46.0-255,66,165875,44,327737
20006,0.006489,74.125.24.0-255,4320,170195,44,327737
20007,0.006493,172.31.46.0-255,66,170261,44,327737
20008,0.006502,74.125.24.0-255,1484,171745,44,327737
20009,0.00879,74.125.24.0-255,4320,176065,44,327737
20010,0.008796,172.31.46.0-255,66,176131,44,327737
20011,0.011081,74.125.24.0-255,5738,181869,44,327737
20012,0.011091,172.31.46.0-255,66,181935,44,327737
20013,0.013406,74.125.24.0-255,5738,187673,44,327737
20014,0.013415,172.31.46.0-255,66,187739,44,327737
20015,0.0157,74.125.24.0-255,5738,193477,44,327737
20016,0.015712,172.31.46.0-255,66,193543,44,327737
20017,0.018027,74.125.24.0-255,5738,199281,44,327737
20018,0.018038,172.31.46.0-255,66,199347,44,327737
20019,0.020354,74.125.24.0-255,5738,205085,44,327737
20020,0.020369,172.31.46.0-255,66,205151,44,327737
20021,0.022699,74.125.24.0-255,5738,210889,44,327737
20022,0.022707,172.31.46.0-255,66,210955,44,327737
20023,0.025006,74.125.24.0-255,5738,216693,44,327737
20024,0.025013,172.31.46.0-255,66,216759,44,327737
20025,0.027336,74.125.24.0-255,5738,222497,44,327737
20026,0.027344,172.31.46.0-255,66,222563,44,327737
20027,0.029619,74.125.24.0-255,5738,228301,44,327737
20028,0.029627,172.31.46.0-255,66,228367,44,327737
20029,0.031909,74.125.24.0-255,5738,234105,44,327737
20030,0.031916,172.31.46.0-255,66,234171,44,327737
20031,0.034232,74.125.24.0-255,5738,239909,44,327737
20032,0.03424,172.31.46.0-255,66,239975,44,327737
20033,0.036517,74.125.24.0-255,5738,245713,44,327737
20034,0.036526,172.31.46.0-255,66,245779,44,327737
20035,0.03883,74.125.24.0-255,5738,251517,44,327737
20036,0.038838,172.31.46.0-255,66,251583,44,327737
20037,0.038921,172.31.46.0-255,172,251755,44,327737
20038,0.038948,172.31.46.0-255,1114,252869,44,327737
20039,0.039061,172.31.46.0-255,1514,254383,44,327737
20040,0.039063,172.31.46.0-255,1514,255897,44,327737
20041,0.039069,172.31.46.0-255,1514,257411,44,327737
20042,0.03907,172.31.46.0-255,1514,258925,44,327737
20043,0.039089,172.31.46.0-255,1514,260439,44,327737
20044,0.03909,172.31.46.0-255,70,260509,44,327737
20045,0.040514,104.244.42.0-255,66,260575,44,327737
20046,0.040522,104.244.42.0-255,66,260641,44,327737
20047,0.040659,104.244.42.0-255,66,260707,44,327737
20048,0.040667,104.244.42.0-255,66,260773,44,327737
20049,0.041151,74.125.24.0-255,5738,266511,44,327737
20050,0.041158,172.31.46.0-255,66,266577,44,327737
20051,0.04348,74.125.24.0-255,5738,272315,44,327737
20052,0.043488,172.31.46.0-255,66,272381,44,327737
20053,0.045799,74.125.24.0-255,4320,276701,44,327737
20054,0.045808,172.31.46.0-255,66,276767,44,327737
20055,0.04583,74.125.24.0-255,1484,278251,44,327737
20056,0.048208,74.125.24.0-255,4320,282571,44,327737
20057,0.048215,172.31.46.0-255,66,282637,44,327737
20058,0.0505,74.125.24.0-255,5738,288375,44,327737
20059,0.05051,172.31.46.0-255,66,288441,44,327737
20060,0.052836,74.125.24.0-255,5738,294179,44,327737
20061,0.052845,172.31.46.0-255,66,294245,44,327737
20062,0.055186,74.125.24.0-255,5738,299983,44,327737
20063,0.055192,172.31.46.0-255,66,300049,44,327737
20064,0.057477,74.125.24.0-255,5738,305787,44,327737
20065,0.057484,172.31.46.0-255,66,305853,44,327737
20066,0.05983,74.125.24.0-255,5738,311591,44,327737
20067,0.059835,172.31.46.0-255,66,311657,44,327737
20068,0.062154,74.125.24.0-255,5738,317395,44,327737
20069,0.06216,172.31.46.0-255,66,317461,44,327737
20070,0.064468,74.125.24.0-255,5738,323199,44,327737
20071,0.064474,172.31.46.0-255,66,323265,44,327737
20072,0.066763,74.125.24.0-255,4235,327500,44,327737
20073,0.06677,172.31.46.0-255,66,327566,44,327737
20074,0.066928,172.31.46.0-255,105,327671,44,327737
20075,0.069206,74.125.24.0-255,66,327737,44,327737
20076,0.0,172.217.194.0-255,153,153,44,264768
20077,2.2e-05,172.31.46.0-255,66,219,44,264768
20078,2.9e-05,172.217.194.0-255,1484,1703,44,264768
20079,3.3e-05,172.31.46.0-255,66,1769,44,264768
20080,3.9e-05,172.217.194.0-255,2902,4671,44,264768
20081,4.3e-05,172.31.46.0-255,66,4737,44,264768
20082,5e-05,172.217.194.0-255,7156,11893,44,264768
20083,5.3e-05,172.31.46.0-255,66,11959,44,264768
20084,5.8e-05,172.217.194.0-255,2122,14081,44,264768
20085,6e-05,172.31.46.0-255,66,14147,44,264768
20086,0.000182,172.217.194.0-255,1484,15631,44,264768
20087,0.000186,172.31.46.0-255,66,15697,44,264768
20088,0.000192,172.217.194.0-255,2902,18599,44,264768
20089,0.000194,172.31.46.0-255,66,18665,44,264768
20090,0.000201,172.217.194.0-255,5738,24403,44,264768
20091,0.000203,172.31.46.0-255,66,24469,44,264768
20092,0.000209,172.217.194.0-255,5738,30207,44,264768
20093,0.000212,172.31.46.0-255,66,30273,44,264768
20094,0.000245,172.217.194.0-255,1125,31398,44,264768
20095,0.000247,172.31.46.0-255,66,31464,44,264768
20096,0.000366,172.217.194.0-255,1484,32948,44,264768
20097,0.000371,172.31.46.0-255,66,33014,44,264768
20098,0.000376,172.217.194.0-255,2902,35916,44,264768
20099,0.000379,172.31.46.0-255,66,35982,44,264768
20100,0.000384,172.217.194.0-255,4320,40302,44,264768
20101,0.000386,172.31.46.0-255,66,40368,44,264768
20102,0.000405,172.217.194.0-255,1484,41852,44,264768
20103,0.000408,172.31.46.0-255,66,41918,44,264768
20104,0.000431,172.217.194.0-255,6797,48715,44,264768
20105,0.000434,172.31.46.0-255,66,48781,44,264768
20106,0.000461,172.217.194.0-255,4320,53101,44,264768
20107,0.000464,172.31.46.0-255,66,53167,44,264768
20108,0.000481,172.217.194.0-255,2902,56069,44,264768
20109,0.000484,172.31.46.0-255,66,56135,44,264768
20110,0.00052,172.217.194.0-255,4320,60455,44,264768
20111,0.000522,172.31.46.0-255,66,60521,44,264768
20112,0.000545,172.217.194.0-255,2902,63423,44,264768
20113,0.000547,172.31.46.0-255,66,63489,44,264768
20114,0.000551,172.217.194.0-255,2841,66330,44,264768
20115,0.000553,172.31.46.0-255,66,66396,44,264768
20116,0.000642,172.217.194.0-255,381,66777,44,264768
20117,0.000857,172.217.194.0-255,1484,68261,44,264768
20118,0.000861,172.31.46.0-255,66,68327,44,264768
20119,0.000867,172.217.194.0-255,2902,71229,44,264768
20120,0.00087,172.31.46.0-255,66,71295,44,264768
20121,0.000874,172.217.194.0-255,2902,74197,44,264768
20122,0.000876,172.31.46.0-255,66,74263,44,264768
20123,0.000895,172.217.194.0-255,2902,77165,44,264768
20124,0.000898,172.31.46.0-255,66,77231,44,264768
20125,0.000905,172.217.194.0-255,5738,82969,44,264768
20126,0.000907,172.31.46.0-255,66,83035,44,264768
20127,0.000929,172.217.194.0-255,7156,90191,44,264768
20128,0.000931,172.31.46.0-255,66,90257,44,264768
20129,0.000939,172.217.194.0-255,7156,97413,44,264768
20130,0.000941,172.31.46.0-255,66,97479,44,264768
20131,0.000957,172.217.194.0-255,3602,101081,44,264768
20132,0.000959,172.31.46.0-255,66,101147,44,264768
20133,0.001371,172.217.194.0-255,1484,102631,44,264768
20134,0.001377,172.217.194.0-255,2902,105533,44,264768
20135,0.00138,172.31.46.0-255,66,105599,44,264768
20136,0.001386,172.217.194.0-255,4320,109919,44,264768
20137,0.001388,172.31.46.0-255,66,109985,44,264768
20138,0.001411,172.217.194.0-255,1484,111469,44,264768
20139,0.001425,172.31.46.0-255,66,111535,44,264768
20140,0.001429,172.217.194.0-255,1484,113019,44,264768
20141,0.001455,172.31.46.0-255,66,113085,44,264768
20142,0.001522,172.217.194.0-255,1484,114569,44,264768
20143,0.001536,172.217.194.0-255,2902,117471,44,264768
20144,0.001539,172.217.194.0-255,1484,118955,44,264768
20145,0.001542,172.31.46.0-255,66,119021,44,264768
20146,0.001564,172.217.194.0-255,4320,123341,44,264768
20147,0.001567,172.31.46.0-255,66,123407,44,264768
20148,0.001581,172.31.46.0-255,66,123473,44,264768
20149,0.001584,172.217.194.0-255,1484,124957,44,264768
20150,0.00162,172.31.46.0-255,66,125023,44,264768
20151,0.001645,172.217.194.0-255,1484,126507,44,264768
20152,0.00165,172.217.194.0-255,2902,129409,44,264768
20153,0.001652,172.31.46.0-255,66,129475,44,264768
20154,0.001658,172.217.194.0-255,5738,135213,44,264768
20155,0.001661,172.31.46.0-255,66,135279,44,264768
20156,0.001696,172.31.46.0-255,66,135345,44,264768
20157,0.001725,172.31.46.0-255,66,135411,44,264768
20158,0.001773,172.217.194.0-255,1484,136895,44,264768
20159,0.001777,172.217.194.0-255,2902,139797,44,264768
20160,0.00178,172.31.46.0-255,66,139863,44,264768
20161,0.001783,172.217.194.0-255,1484,141347,44,264768
20162,0.001801,172.217.194.0-255,4320,145667,44,264768
20163,0.001804,172.31.46.0-255,66,145733,44,264768
20164,0.001823,172.217.194.0-255,4320,150053,44,264768
20165,0.001825,172.31.46.0-255,66,150119,44,264768
20166,0.001851,172.31.46.0-255,66,150185,44,264768
20167,0.001863,172.31.46.0-255,66,150251,44,264768
20168,0.0019,172.217.194.0-255,4320,154571,44,264768
20169,0.002027,172.217.194.0-255,1484,156055,44,264768
20170,0.002044,172.217.194.0-255,2902,158957,44,264768
20171,0.002049,172.217.194.0-255,4320,163277,44,264768
20172,0.002063,172.217.194.0-255,1484,164761,44,264768
20173,0.002092,172.217.194.0-255,4320,169081,44,264768
20174,0.002096,172.217.194.0-255,2902,171983,44,264768
20175,0.002377,172.217.194.0-255,1484,173467,44,264768
20176,0.002382,172.217.194.0-255,1484,174951,44,264768
20177,0.002394,172.217.194.0-255,1484,176435,44,264768
20178,0.0024,172.217.194.0-255,5738,182173,44,264768
20179,0.002424,172.217.194.0-255,5738,187911,44,264768
20180,0.00244,172.217.194.0-255,7156,195067,44,264768
20181,0.002471,172.217.194.0-255,2184,197251,44,264768
20182,0.004578,172.31.46.0-255,66,197317,44,264768
20183,0.007167,172.217.194.0-255,5738,203055,44,264768
20184,0.007173,172.31.46.0-255,66,203121,44,264768
20185,0.009706,172.217.194.0-255,5738,208859,44,264768
20186,0.009712,172.31.46.0-255,66,208925,44,264768
20187,0.012272,172.217.194.0-255,5738,214663,44,264768
20188,0.01228,172.31.46.0-255,66,214729,44,264768
20189,0.012393,172.31.46.0-255,101,214830,44,264768
20190,0.014825,172.217.194.0-255,5738,220568,44,264768
20191,0.014833,172.31.46.0-255,66,220634,44,264768
20192,0.014898,172.217.194.0-255,66,220700,44,264768
20193,0.017402,172.217.194.0-255,5738,226438,44,264768
20194,0.01741,172.31.46.0-255,66,226504,44,264768
20195,0.019978,172.217.194.0-255,5738,232242,44,264768
20196,0.01999,172.31.46.0-255,66,232308,44,264768
20197,0.022539,172.217.194.0-255,5738,238046,44,264768
20198,0.022547,172.31.46.0-255,66,238112,44,264768
20199,0.02512,172.217.194.0-255,5738,243850,44,264768
20200,0.025126,172.31.46.0-255,66,243916,44,264768
20201,0.027664,172.217.194.0-255,5738,249654,44,264768
20202,0.027672,172.31.46.0-255,66,249720,44,264768
20203,0.030239,172.217.194.0-255,5447,255167,44,264768
20204,0.030246,172.31.46.0-255,66,255233,44,264768
20205,0.030877,172.31.46.0-255,105,255338,44,264768
20206,0.036807,172.31.46.0-255,172,255510,44,264768
20207,0.036842,172.31.46.0-255,1114,256624,44,264768
20208,0.036909,172.31.46.0-255,1514,258138,44,264768
20209,0.03691,172.31.46.0-255,1514,259652,44,264768
20210,0.036912,172.31.46.0-255,1514,261166,44,264768
20211,0.036913,172.31.46.0-255,1514,262680,44,264768
20212,0.036914,172.31.46.0-255,1514,264194,44,264768
20213,0.036941,172.31.46.0-255,70,264264,44,264768
20214,0.03744,172.217.194.0-255,66,264330,44,264768
20215,0.038369,104.244.42.0-255,66,264396,44,264768
20216,0.038405,104.244.42.0-255,66,264462,44,264768
20217,0.038467,104.244.42.0-255,66,264528,44,264768
20218,0.038519,104.244.42.0-255,66,264594,44,264768
20219,0.039088,104.244.42.0-255,108,264702,44,264768
20220,0.039095,172.31.46.0-255,66,264768,44,264768
20221,0.0,74.125.200.0-255,152,152,44,379170
20222,2.2e-05,172.31.46.0-255,66,218,44,379170
20223,2.9e-05,74.125.200.0-255,1484,1702,44,379170
20224,3.3e-05,172.31.46.0-255,66,1768,44,379170
20225,3.9e-05,74.125.200.0-255,2902,4670,44,379170
20226,5.1e-05,172.31.46.0-255,66,4736,44,379170
20227,5.8e-05,74.125.200.0-255,5738,10474,44,379170
20228,6.2e-05,172.31.46.0-255,66,10540,44,379170
20229,6.8e-05,74.125.200.0-255,4878,15418,44,379170
20230,7.1e-05,172.31.46.0-255,66,15484,44,379170
20231,7.7e-05,74.125.200.0-255,5738,21222,44,379170
20232,8e-05,172.31.46.0-255,66,21288,44,379170
20233,0.000131,172.31.46.0-255,66,21354,44,379170
20234,0.000248,74.125.200.0-255,1484,22838,44,379170
20235,0.000252,172.31.46.0-255,66,22904,44,379170
20236,0.000255,74.125.200.0-255,1484,24388,44,379170
20237,0.000258,172.31.46.0-255,66,24454,44,379170
20238,0.00028,74.125.200.0-255,2902,27356,44,379170
20239,0.000283,172.31.46.0-255,66,27422,44,379170
20240,0.000314,74.125.200.0-255,4320,31742,44,379170
20241,0.000316,172.31.46.0-255,66,31808,44,379170
20242,0.000343,74.125.200.0-255,1484,33292,44,379170
20243,0.000345,172.31.46.0-255,66,33358,44,379170
20244,0.000351,74.125.200.0-255,5379,38737,44,379170
20245,0.000353,172.31.46.0-255,66,38803,44,379170
20246,0.000364,74.125.200.0-255,5738,44541,44,379170
20247,0.000367,172.31.46.0-255,66,44607,44,379170
20248,0.000373,74.125.200.0-255,5738,50345,44,379170
20249,0.000375,172.31.46.0-255,66,50411,44,379170
20250,0.000402,74.125.200.0-255,1484,51895,44,379170
20251,0.000404,172.31.46.0-255,66,51961,44,379170
20252,0.000409,74.125.200.0-255,1484,53445,44,379170
20253,0.000433,74.125.200.0-255,2543,55988,44,379170
20254,0.000543,172.31.46.0-255,66,56054,44,379170
20255,0.000683,74.125.200.0-255,645,56699,44,379170
20256,0.000922,74.125.200.0-255,1484,58183,44,379170
20257,0.000927,172.31.46.0-255,66,58249,44,379170
20258,0.000931,74.125.200.0-255,1484,59733,44,379170
20259,0.000955,74.125.200.0-255,1484,61217,44,379170
20260,0.000967,172.31.46.0-255,66,61283,44,379170
20261,0.000987,74.125.200.0-255,5738,67021,44,379170
20262,0.000992,74.125.200.0-255,2902,69923,44,379170
20263,0.001012,74.125.200.0-255,4320,74243,44,379170
20264,0.001017,172.31.46.0-255,66,74309,44,379170
20265,0.001044,74.125.200.0-255,5738,80047,44,379170
20266,0.001069,74.125.200.0-255,2902,82949,44,379170
20267,0.001076,172.31.46.0-255,66,83015,44,379170
20268,0.001091,74.125.200.0-255,4320,87335,44,379170
20269,0.001096,74.125.200.0-255,3602,90937,44,379170
20270,0.001102,172.31.46.0-255,66,91003,44,379170
20271,0.001429,74.125.200.0-255,1484,92487,44,379170
20272,0.001442,74.125.200.0-255,2902,95389,44,379170
20273,0.001446,172.31.46.0-255,66,95455,44,379170
20274,0.001476,74.125.200.0-255,5738,101193,44,379170
20275,0.00148,74.125.200.0-255,2902,104095,44,379170
20276,0.001485,74.125.200.0-255,2902,106997,44,379170
20277,0.001503,74.125.200.0-255,1484,108481,44,379170
20278,0.001506,74.125.200.0-255,1484,109965,44,379170
20279,0.001511,172.31.46.0-255,66,110031,44,379170
20280,0.001548,74.125.200.0-255,7156,117187,44,379170
20281,0.001555,74.125.200.0-255,4320,121507,44,379170
20282,0.001572,74.125.200.0-255,3602,125109,44,379170
20283,0.001582,172.31.46.0-255,66,125175,44,379170
20284,0.001702,74.125.200.0-255,1484,126659,44,379170
20285,0.001721,74.125.200.0-255,2902,129561,44,379170
20286,0.001737,172.31.46.0-255,66,129627,44,379170
20287,0.001741,74.125.200.0-255,1484,131111,44,379170
20288,0.00177,74.125.200.0-255,2902,134013,44,379170
20289,0.001773,74.125.200.0-255,1484,135497,44,379170
20290,0.001789,74.125.200.0-255,4320,139817,44,379170
20291,0.001791,74.125.200.0-255,1484,141301,44,379170
20292,0.001793,172.31.46.0-255,66,141367,44,379170
20293,0.001802,74.125.200.0-255,1484,142851,44,379170
20294,0.001811,172.31.46.0-255,66,142917,44,379170
20295,0.001831,74.125.200.0-255,5738,148655,44,379170
20296,0.001851,74.125.200.0-255,4320,152975,44,379170
20297,0.001855,74.125.200.0-255,2902,155877,44,379170
20298,0.001861,74.125.200.0-255,3602,159479,44,379170
20299,0.001866,172.31.46.0-255,66,159545,44,379170
20300,0.001889,74.125.200.0-255,2902,162447,44,379170
20301,0.001924,74.125.200.0-255,4320,166767,44,379170
20302,0.001938,74.125.200.0-255,4320,171087,44,379170
20303,0.001949,172.31.46.0-255,66,171153,44,379170
20304,0.001956,74.125.200.0-255,5738,176891,44,379170
20305,0.001967,172.31.46.0-255,66,176957,44,379170
20306,0.002018,172.31.46.0-255,66,177023,44,379170
20307,0.004011,74.125.200.0-255,5738,182761,44,379170
20308,0.004019,172.31.46.0-255,66,182827,44,379170
20309,0.006006,74.125.200.0-255,4320,187147,44,379170
20310,0.006024,74.125.200.0-255,1484,188631,44,379170
20311,0.008404,172.31.46.0-255,66,188697,44,379170
20312,0.010399,74.125.200.0-255,5738,194435,44,379170
20313,0.010406,172.31.46.0-255,66,194501,44,379170
20314,0.012435,74.125.200.0-255,5738,200239,44,379170
20315,0.0131,172.31.46.0-255,66,200305,44,379170
20316,0.015187,74.125.200.0-255,5738,206043,44,379170
20317,0.015193,172.31.46.0-255,66,206109,44,379170
20318,0.017193,74.125.200.0-255,5738,211847,44,379170
20319,0.0172,172.31.46.0-255,66,211913,44,379170
20320,0.019201,74.125.200.0-255,5738,217651,44,379170
20321,0.019209,172.31.46.0-255,66,217717,44,379170
20322,0.021212,74.125.200.0-255,5738,223455,44,379170
20323,0.02122,172.31.46.0-255,66,223521,44,379170
20324,0.023233,74.125.200.0-255,5738,229259,44,379170
20325,0.023247,172.31.46.0-255,66,229325,44,379170
20326,0.025242,74.125.200.0-255,1484,230809,44,379170
20327,0.025269,74.125.200.0-255,4320,235129,44,379170
20328,0.025275,172.31.46.0-255,66,235195,44,379170
20329,0.027284,74.125.200.0-255,5738,240933,44,379170
20330,0.027294,172.31.46.0-255,66,240999,44,379170
20331,0.029286,74.125.200.0-255,5738,246737,44,379170
20332,0.029293,172.31.46.0-255,66,246803,44,379170
20333,0.031324,74.125.200.0-255,5738,252541,44,379170
20334,0.031331,172.31.46.0-255,66,252607,44,379170
20335,0.033322,74.125.200.0-255,5738,258345,44,379170
20336,0.03333,172.31.46.0-255,66,258411,44,379170
20337,0.03536,74.125.200.0-255,5738,264149,44,379170
20338,0.03537,172.31.46.0-255,66,264215,44,379170
20339,0.037362,74.125.200.0-255,5738,269953,44,379170
20340,0.03737,172.31.46.0-255,66,270019,44,379170
20341,0.039372,74.125.200.0-255,5738,275757,44,379170
20342,0.03938,172.31.46.0-255,66,275823,44,379170
20343,0.041386,74.125.200.0-255,5738,281561,44,379170
20344,0.041393,172.31.46.0-255,66,281627,44,379170
20345,0.041464,172.31.46.0-255,172,281799,44,379170
20346,0.041491,172.31.46.0-255,1114,282913,44,379170
20347,0.041628,172.31.46.0-255,1514,284427,44,379170
20348,0.04163,172.31.46.0-255,1514,285941,44,379170
20349,0.041635,172.31.46.0-255,1514,287455,44,379170
20350,0.041636,172.31.46.0-255,1514,288969,44,379170
20351,0.041662,172.31.46.0-255,1514,290483,44,379170
20352,0.041663,172.31.46.0-255,70,290553,44,379170
20353,0.043029,104.244.42.0-255,66,290619,44,379170
20354,0.04305,104.244.42.0-255,66,290685,44,379170
20355,0.043214,104.244.42.0-255,66,290751,44,379170
20356,0.043221,104.244.42.0-255,66,290817,44,379170
20357,0.043407,74.125.200.0-255,5738,296555,44,379170
20358,0.043413,172.31.46.0-255,66,296621,44,379170
20359,0.045418,74.125.200.0-255,5738,302359,44,379170
20360,0.045425,172.31.46.0-255,66,302425,44,379170
20361,0.047437,74.125.200.0-255,5738,308163,44,379170
20362,0.047444,172.31.46.0-255,66,308229,44,379170
20363,0.049441,74.125.200.0-255,5738,313967,44,379170
20364,0.049448,172.31.46.0-255,66,314033,44,379170
20365,0.051443,74.125.200.0-255,5738,319771,44,379170
20366,0.05145,172.31.46.0-255,66,319837,44,379170
20367,0.053466,74.125.200.0-255,5738,325575,44,379170
20368,0.053472,172.31.46.0-255,66,325641,44,379170
20369,0.055463,74.125.200.0-255,5738,331379,44,379170
20370,0.05547,172.31.46.0-255,66,331445,44,379170
20371,0.057559,74.125.200.0-255,5738,337183,44,379170
20372,0.057566,172.31.46.0-255,66,337249,44,379170
20373,0.059572,74.125.200.0-255,5738,342987,44,379170
20374,0.059579,172.31.46.0-255,66,343053,44,379170
20375,0.061579,74.125.200.0-255,5738,348791,44,379170
20376,0.061586,172.31.46.0-255,66,348857,44,379170
20377,0.063582,74.125.200.0-255,5738,354595,44,379170
20378,0.063589,172.31.46.0-255,66,354661,44,379170
20379,0.065581,74.125.200.0-255,5738,360399,44,379170
20380,0.065591,172.31.46.0-255,66,360465,44,379170
20381,0.067579,74.125.200.0-255,5738,366203,44,379170
20382,0.067586,172.31.46.0-255,66,366269,44,379170
20383,0.069584,74.125.200.0-255,5738,372007,44,379170
20384,0.069591,172.31.46.0-255,66,372073,44,379170
20385,0.071595,74.125.200.0-255,5738,377811,44,379170
20386,0.071602,172.31.46.0-255,66,377877,44,379170
20387,0.073591,74.125.200.0-255,1056,378933,44,379170
20388,0.073732,172.31.46.0-255,66,378999,44,379170
20389,0.073768,172.31.46.0-255,105,379104,44,379170
20390,0.07572,74.125.200.0-255,66,379170,44,379170
20391,0.0,74.125.24.0-255,152,152,44,308353
20392,2.4e-05,172.31.46.0-255,66,218,44,308353
20393,3e-05,74.125.24.0-255,1484,1702,44,308353
20394,3.6e-05,172.31.46.0-255,66,1768,44,308353
20395,4.9e-05,74.125.24.0-255,2902,4670,44,308353
20396,5.2e-05,172.31.46.0-255,66,4736,44,308353
20397,5.8e-05,74.125.24.0-255,4320,9056,44,308353
20398,6.1e-05,172.31.46.0-255,66,9122,44,308353
20399,7.9e-05,74.125.24.0-255,1484,10606,44,308353
20400,8.6e-05,172.31.46.0-255,66,10672,44,308353
20401,0.000117,74.125.24.0-255,4747,15419,44,308353
20402,0.00012,172.31.46.0-255,66,15485,44,308353
20403,0.000128,74.125.24.0-255,7156,22641,44,308353
20404,0.000131,172.31.46.0-255,66,22707,44,308353
20405,0.000143,74.125.24.0-255,5738,28445,44,308353
20406,0.000145,172.31.46.0-255,66,28511,44,308353
20407,0.000173,74.125.24.0-255,2543,31054,44,308353
20408,0.000176,172.31.46.0-255,66,31120,44,308353
20409,0.000808,74.125.24.0-255,1484,32604,44,308353
20410,0.000814,172.31.46.0-255,66,32670,44,308353
20411,0.000824,74.125.24.0-255,2902,35572,44,308353
20412,0.000826,172.31.46.0-255,66,35638,44,308353
20413,0.000838,74.125.24.0-255,5738,41376,44,308353
20414,0.00084,172.31.46.0-255,66,41442,44,308353
20415,0.000847,74.125.24.0-255,6797,48239,44,308353
20416,0.000849,172.31.46.0-255,66,48305,44,308353
20417,0.00088,74.125.24.0-255,5738,54043,44,308353
20418,0.000883,172.31.46.0-255,66,54109,44,308353
20419,0.000915,172.31.46.0-255,66,54175,44,308353
20420,0.00092,74.125.24.0-255,2543,56718,44,308353
20421,0.000923,172.31.46.0-255,66,56784,44,308353
20422,0.001328,74.125.24.0-255,646,57430,44,308353
20423,0.001694,74.125.24.0-255,1484,58914,44,308353
20424,0.001699,74.125.24.0-255,1484,60398,44,308353
20425,0.001714,74.125.24.0-255,1484,61882,44,308353
20426,0.001722,74.125.24.0-255,5738,67620,44,308353
20427,0.001749,74.125.24.0-255,4320,71940,44,308353
20428,0.00177,74.125.24.0-255,2543,74483,44,308353
20429,0.001778,74.125.24.0-255,7156,81639,44,308353
20430,0.001803,74.125.24.0-255,4320,85959,44,308353
20431,0.001819,74.125.24.0-255,5379,91338,44,308353
20432,0.006034,172.31.46.0-255,66,91404,44,308353
20433,0.008321,74.125.24.0-255,5738,97142,44,308353
20434,0.008335,172.31.46.0-255,66,97208,44,308353
20435,0.010573,74.125.24.0-255,5738,102946,44,308353
20436,0.010588,172.31.46.0-255,66,103012,44,308353
20437,0.012826,74.125.24.0-255,5738,108750,44,308353
20438,0.012839,172.31.46.0-255,66,108816,44,308353
20439,0.015093,74.125.24.0-255,5738,114554,44,308353
20440,0.015112,172.31.46.0-255,66,114620,44,308353
20441,0.01738,74.125.24.0-255,5738,120358,44,308353
20442,0.017403,172.31.46.0-255,66,120424,44,308353
20443,0.019651,74.125.24.0-255,5738,126162,44,308353
20444,0.019668,172.31.46.0-255,66,126228,44,308353
20445,0.021909,74.125.24.0-255,5738,131966,44,308353
20446,0.021928,172.31.46.0-255,66,132032,44,308353
20447,0.02421,74.125.24.0-255,5738,137770,44,308353
20448,0.024226,172.31.46.0-255,66,137836,44,308353
20449,0.026461,74.125.24.0-255,5738,143574,44,308353
20450,0.026469,172.31.46.0-255,66,143640,44,308353
20451,0.028688,74.125.24.0-255,5738,149378,44,308353
20452,0.028695,172.31.46.0-255,66,149444,44,308353
20453,0.030954,74.125.24.0-255,5738,155182,44,308353
20454,0.030968,172.31.46.0-255,66,155248,44,308353
20455,0.033227,74.125.24.0-255,5738,160986,44,308353
20456,0.033236,172.31.46.0-255,66,161052,44,308353
20457,0.03554,74.125.24.0-255,5738,166790,44,308353
20458,0.035551,172.31.46.0-255,66,166856,44,308353
20459,0.037764,74.125.24.0-255,5738,172594,44,308353
20460,0.037773,172.31.46.0-255,66,172660,44,308353
20461,0.04002,74.125.24.0-255,5738,178398,44,308353
20462,0.040044,172.31.46.0-255,66,178464,44,308353
20463,0.042283,74.125.24.0-255,5738,184202,44,308353
20464,0.04229,172.31.46.0-255,66,184268,44,308353
20465,0.044615,74.125.24.0-255,5738,190006,44,308353
20466,0.044622,172.31.46.0-255,66,190072,44,308353
20467,0.046863,74.125.24.0-255,5738,195810,44,308353
20468,0.046878,172.31.46.0-255,66,195876,44,308353
20469,0.049137,74.125.24.0-255,5738,201614,44,308353
20470,0.04915,172.31.46.0-255,66,201680,44,308353
20471,0.051379,74.125.24.0-255,5738,207418,44,308353
20472,0.051386,172.31.46.0-255,66,207484,44,308353
20473,0.053618,74.125.24.0-255,5738,213222,44,308353
20474,0.053627,172.31.46.0-255,66,213288,44,308353
20475,0.053759,172.31.46.0-255,101,213389,44,308353
20476,0.05587,74.125.24.0-255,5738,219127,44,308353
20477,0.055889,172.31.46.0-255,66,219193,44,308353
20478,0.055988,74.125.24.0-255,66,219259,44,308353
20479,0.058137,74.125.24.0-255,5738,224997,44,308353
20480,0.058145,172.31.46.0-255,66,225063,44,308353
20481,0.0604,74.125.24.0-255,5738,230801,44,308353
20482,0.06042,172.31.46.0-255,66,230867,44,308353
20483,0.062674,74.125.24.0-255,5738,236605,44,308353
20484,0.062682,172.31.46.0-255,66,236671,44,308353
20485,0.064492,172.31.46.0-255,172,236843,44,308353
20486,0.064523,172.31.46.0-255,1109,237952,44,308353
20487,0.064589,172.31.46.0-255,1514,239466,44,308353
20488,0.064591,172.31.46.0-255,1514,240980,44,308353
20489,0.064593,172.31.46.0-255,1514,242494,44,308353
20490,0.064597,172.31.46.0-255,1514,244008,44,308353
20491,0.064603,172.31.46.0-255,1514,245522,44,308353
20492,0.064604,172.31.46.0-255,75,245597,44,308353
20493,0.064946,74.125.24.0-255,4320,249917,44,308353
20494,0.064953,172.31.46.0-255,66,249983,44,308353
20495,0.064985,74.125.24.0-255,1484,251467,44,308353
20496,0.06606,104.244.42.0-255,66,251533,44,308353
20497,0.066099,104.244.42.0-255,66,251599,44,308353
20498,0.066155,104.244.42.0-255,66,251665,44,308353
20499,0.066184,104.244.42.0-255,66,251731,44,308353
20500,0.067165,74.125.24.0-255,4320,256051,44,308353
20501,0.067173,172.31.46.0-255,66,256117,44,308353
20502,0.069407,74.125.24.0-255,5738,261855,44,308353
20503,0.070123,172.31.46.0-255,66,261921,44,308353
20504,0.072391,74.125.24.0-255,5738,267659,44,308353
20505,0.072409,172.31.46.0-255,66,267725,44,308353
20506,0.074654,74.125.24.0-255,5738,273463,44,308353
20507,0.074664,172.31.46.0-255,66,273529,44,308353
20508,0.076936,74.125.24.0-255,5738,279267,44,308353
20509,0.076952,172.31.46.0-255,66,279333,44,308353
20510,0.079209,74.125.24.0-255,5738,285071,44,308353
20511,0.079216,172.31.46.0-255,66,285137,44,308353
20512,0.081435,74.125.24.0-255,5738,290875,44,308353
20513,0.081442,172.31.46.0-255,66,290941,44,308353
20514,0.083724,74.125.24.0-255,5738,296679,44,308353
20515,0.083731,172.31.46.0-255,66,296745,44,308353
20516,0.085961,74.125.24.0-255,5738,302483,44,308353
20517,0.085978,172.31.46.0-255,66,302549,44,308353
20518,0.088231,74.125.24.0-255,5738,308287,44,308353
20519,0.088254,172.31.46.0-255,66,308353,44,308353
20520,0.0,74.125.68.0-255,153,153,44,393505
20521,2.4e-05,172.31.46.0-255,66,219,44,393505
20522,3.2e-05,74.125.68.0-255,1484,1703,44,393505
20523,3.7e-05,172.31.46.0-255,66,1769,44,393505
20524,6.6e-05,74.125.68.0-255,2902,4671,44,393505
20525,6.9e-05,172.31.46.0-255,66,4737,44,393505
20526,7.4e-05,74.125.68.0-255,2902,7639,44,393505
20527,7.7e-05,172.31.46.0-255,66,7705,44,393505
20528,0.000119,74.125.68.0-255,6365,14070,44,393505
20529,0.000122,172.31.46.0-255,66,14136,44,393505
20530,0.000231,74.125.68.0-255,1484,15620,44,393505
20531,0.000234,172.31.46.0-255,66,15686,44,393505
20532,0.000239,74.125.68.0-255,2902,18588,44,393505
20533,0.000242,172.31.46.0-255,66,18654,44,393505
20534,0.000255,74.125.68.0-255,2902,21556,44,393505
20535,0.000258,172.31.46.0-255,66,21622,44,393505
20536,0.000281,74.125.68.0-255,1484,23106,44,393505
20537,0.000283,172.31.46.0-255,66,23172,44,393505
20538,0.00029,74.125.68.0-255,5738,28910,44,393505
20539,0.000292,172.31.46.0-255,66,28976,44,393505
20540,0.000316,74.125.68.0-255,2543,31519,44,393505
20541,0.000319,172.31.46.0-255,66,31585,44,393505
20542,0.000377,74.125.68.0-255,1484,33069,44,393505
20543,0.00038,172.31.46.0-255,66,33135,44,393505
20544,0.000403,74.125.68.0-255,2902,36037,44,393505
20545,0.000405,172.31.46.0-255,66,36103,44,393505
20546,0.000427,74.125.68.0-255,1484,37587,44,393505
20547,0.000429,172.31.46.0-255,66,37653,44,393505
20548,0.000447,74.125.68.0-255,4320,41973,44,393505
20549,0.000449,172.31.46.0-255,66,42039,44,393505
20550,0.000457,74.125.68.0-255,6797,48836,44,393505
20551,0.000459,172.31.46.0-255,66,48902,44,393505
20552,0.000481,74.125.68.0-255,4320,53222,44,393505
20553,0.000501,74.125.68.0-255,4320,57542,44,393505
20554,0.000601,172.31.46.0-255,66,57608,44,393505
20555,0.000617,74.125.68.0-255,646,58254,44,393505
20556,0.000757,74.125.68.0-255,1484,59738,44,393505
20557,0.000762,74.125.68.0-255,2902,62640,44,393505
20558,0.000774,74.125.68.0-255,1484,64124,44,393505
20559,0.000788,74.125.68.0-255,4320,68444,44,393505
20560,0.00081,172.31.46.0-255,66,68510,44,393505
20561,0.000816,74.125.68.0-255,4320,72830,44,393505
20562,0.000822,172.31.46.0-255,66,72896,44,393505
20563,0.000832,74.125.68.0-255,2543,75439,44,393505
20564,0.000837,74.125.68.0-255,2902,78341,44,393505
20565,0.000855,74.125.68.0-255,4320,82661,44,393505
20566,0.000867,172.31.46.0-255,66,82727,44,393505
20567,0.000875,74.125.68.0-255,7156,89883,44,393505
20568,0.000885,74.125.68.0-255,1484,91367,44,393505
20569,0.000888,172.31.46.0-255,66,91433,44,393505
20570,0.000904,74.125.68.0-255,1125,92558,44,393505
20571,0.000923,172.31.46.0-255,66,92624,44,393505
20572,0.001051,74.125.68.0-255,1484,94108,44,393505
20573,0.001082,74.125.68.0-255,1484,95592,44,393505
20574,0.001086,74.125.68.0-255,1484,97076,44,393505
20575,0.001095,172.31.46.0-255,66,97142,44,393505
20576,0.001104,74.125.68.0-255,1484,98626,44,393505
20577,0.001111,74.125.68.0-255,5738,104364,44,393505
20578,0.001117,172.31.46.0-255,66,104430,44,393505
20579,0.001134,74.125.68.0-255,2902,107332,44,393505
20580,0.001139,74.125.68.0-255,4320,111652,44,393505
20581,0.001163,74.125.68.0-255,1484,113136,44,393505
20582,0.001182,74.125.68.0-255,4320,117456,44,393505
20583,0.001194,74.125.68.0-255,766,118222,44,393505
20584,0.001199,172.31.46.0-255,66,118288,44,393505
20585,0.001283,74.125.68.0-255,1484,119772,44,393505
20586,0.001288,74.125.68.0-255,2902,122674,44,393505
20587,0.001301,74.125.68.0-255,2902,125576,44,393505
20588,0.001306,172.31.46.0-255,66,125642,44,393505
20589,0.001326,74.125.68.0-255,2902,128544,44,393505
20590,0.00133,74.125.68.0-255,2902,131446,44,393505
20591,0.00134,74.125.68.0-255,1484,132930,44,393505
20592,0.001344,172.31.46.0-255,66,132996,44,393505
20593,0.001353,74.125.68.0-255,2902,135898,44,393505
20594,0.001358,74.125.68.0-255,4320,140218,44,393505
20595,0.001371,74.125.68.0-255,4320,144538,44,393505
20596,0.001374,172.31.46.0-255,66,144604,44,393505
20597,0.001399,74.125.68.0-255,5738,150342,44,393505
20598,0.001402,172.31.46.0-255,66,150408,44,393505
20599,0.001407,172.31.46.0-255,66,150474,44,393505
20600,0.001421,74.125.68.0-255,2184,152658,44,393505
20601,0.001441,172.31.46.0-255,66,152724,44,393505
20602,0.003456,74.125.68.0-255,2902,155626,44,393505
20603,0.003463,172.31.46.0-255,66,155692,44,393505
20604,0.003483,74.125.68.0-255,2902,158594,44,393505
20605,0.005507,74.125.68.0-255,2902,161496,44,393505
20606,0.007324,172.31.46.0-255,66,161562,44,393505
20607,0.009389,74.125.68.0-255,5738,167300,44,393505
20608,0.009396,172.31.46.0-255,66,167366,44,393505
20609,0.011453,74.125.68.0-255,5738,173104,44,393505
20610,0.011461,172.31.46.0-255,66,173170,44,393505
20611,0.013513,74.125.68.0-255,5738,178908,44,393505
20612,0.013932,172.31.46.0-255,66,178974,44,393505
20613,0.015994,74.125.68.0-255,5738,184712,44,393505
20614,0.016013,172.31.46.0-255,66,184778,44,393505
20615,0.018083,74.125.68.0-255,5738,190516,44,393505
20616,0.0181,172.31.46.0-255,66,190582,44,393505
20617,0.020173,74.125.68.0-255,5738,196320,44,393505
20618,0.020181,172.31.46.0-255,66,196386,44,393505
20619,0.022232,74.125.68.0-255,5738,202124,44,393505
20620,0.022242,172.31.46.0-255,66,202190,44,393505
20621,0.024332,74.125.68.0-255,5738,207928,44,393505
20622,0.02434,172.31.46.0-255,66,207994,44,393505
20623,0.026386,74.125.68.0-255,5738,213732,44,393505
20624,0.026395,172.31.46.0-255,66,213798,44,393505
20625,0.028452,74.125.68.0-255,5738,219536,44,393505
20626,0.02846,172.31.46.0-255,66,219602,44,393505
20627,0.030511,74.125.68.0-255,5738,225340,44,393505
20628,0.03052,172.31.46.0-255,66,225406,44,393505
20629,0.032597,74.125.68.0-255,5738,231144,44,393505
20630,0.032615,172.31.46.0-255,66,231210,44,393505
20631,0.034681,74.125.68.0-255,5738,236948,44,393505
20632,0.034697,172.31.46.0-255,66,237014,44,393505
20633,0.036763,74.125.68.0-255,5738,242752,44,393505
20634,0.036773,172.31.46.0-255,66,242818,44,393505
20635,0.037576,172.31.46.0-255,188,243006,44,393505
20636,0.037609,172.31.46.0-255,955,243961,44,393505
20637,0.037678,172.31.46.0-255,1514,245475,44,393505
20638,0.03768,172.31.46.0-255,1514,246989,44,393505
20639,0.037686,172.31.46.0-255,1514,248503,44,393505
20640,0.037688,172.31.46.0-255,1514,250017,44,393505
20641,0.037705,172.31.46.0-255,1514,251531,44,393505
20642,0.03771,172.31.46.0-255,230,251761,44,393505
20643,0.038826,74.125.68.0-255,2902,254663,44,393505
20644,0.038833,172.31.46.0-255,66,254729,44,393505
20645,0.038857,74.125.68.0-255,2902,257631,44,393505
20646,0.038884,172.31.46.0-255,66,257697,44,393505
20647,0.039111,104.244.42.0-255,66,257763,44,393505
20648,0.039173,104.244.42.0-255,66,257829,44,393505
20649,0.039249,104.244.42.0-255,66,257895,44,393505
20650,0.039255,104.244.42.0-255,66,257961,44,393505
20651,0.040885,74.125.68.0-255,2902,260863,44,393505
20652,0.040892,172.31.46.0-255,66,260929,44,393505
20653,0.040914,74.125.68.0-255,2902,263831,44,393505
20654,0.041281,172.31.46.0-255,66,263897,44,393505
20655,0.042946,74.125.68.0-255,2902,266799,44,393505
20656,0.042953,172.31.46.0-255,66,266865,44,393505
20657,0.043337,74.125.68.0-255,2902,269767,44,393505
20658,0.043343,172.31.46.0-255,66,269833,44,393505
20659,0.045,74.125.68.0-255,2902,272735,44,393505
20660,0.045007,172.31.46.0-255,66,272801,44,393505
20661,0.045382,74.125.68.0-255,2902,275703,44,393505
20662,0.045388,172.31.46.0-255,66,275769,44,393505
20663,0.047065,74.125.68.0-255,2902,278671,44,393505
20664,0.047071,172.31.46.0-255,66,278737,44,393505
20665,0.047454,74.125.68.0-255,2902,281639,44,393505
20666,0.04746,172.31.46.0-255,66,281705,44,393505
20667,0.049133,74.125.68.0-255,2902,284607,44,393505
20668,0.049152,172.31.46.0-255,66,284673,44,393505
20669,0.049496,74.125.68.0-255,2902,287575,44,393505
20670,0.049503,172.31.46.0-255,66,287641,44,393505
20671,0.051209,74.125.68.0-255,2902,290543,44,393505
20672,0.051218,172.31.46.0-255,66,290609,44,393505
20673,0.051566,74.125.68.0-255,2902,293511,44,393505
20674,0.051572,172.31.46.0-255,66,293577,44,393505
20675,0.05328,74.125.68.0-255,2902,296479,44,393505
20676,0.053286,172.31.46.0-255,66,296545,44,393505
20677,0.053634,74.125.68.0-255,2902,299447,44,393505
20678,0.053641,172.31.46.0-255,66,299513,44,393505
20679,0.055338,74.125.68.0-255,2902,302415,44,393505
20680,0.055344,172.31.46.0-255,66,302481,44,393505
20681,0.055718,74.125.68.0-255,2902,305383,44,393505
20682,0.055724,172.31.46.0-255,66,305449,44,393505
20683,0.057406,74.125.68.0-255,2902,308351,44,393505
20684,0.057412,172.31.46.0-255,66,308417,44,393505
20685,0.057768,74.125.68.0-255,2902,311319,44,393505
20686,0.057774,172.31.46.0-255,66,311385,44,393505
20687,0.059471,74.125.68.0-255,2902,314287,44,393505
20688,0.059477,172.31.46.0-255,66,314353,44,393505
20689,0.059812,74.125.68.0-255,2902,317255,44,393505
20690,0.059818,172.31.46.0-255,66,317321,44,393505
20691,0.061519,74.125.68.0-255,2902,320223,44,393505
20692,0.061526,172.31.46.0-255,66,320289,44,393505
20693,0.06186,74.125.68.0-255,2902,323191,44,393505
20694,0.061866,172.31.46.0-255,66,323257,44,393505
20695,0.06358,74.125.68.0-255,2902,326159,44,393505
20696,0.063589,172.31.46.0-255,66,326225,44,393505
20697,0.063907,74.125.68.0-255,2902,329127,44,393505
20698,0.063914,172.31.46.0-255,66,329193,44,393505
20699,0.065646,74.125.68.0-255,2902,332095,44,393505
20700,0.065655,172.31.46.0-255,66,332161,44,393505
20701,0.065953,74.125.68.0-255,2902,335063,44,393505
20702,0.065959,172.31.46.0-255,66,335129,44,393505
20703,0.067707,74.125.68.0-255,2902,338031,44,393505
20704,0.067715,172.31.46.0-255,66,338097,44,393505
20705,0.068001,74.125.68.0-255,2902,340999,44,393505
20706,0.068007,172.31.46.0-255,66,341065,44,393505
20707,0.069765,74.125.68.0-255,2902,343967,44,393505
20708,0.069771,172.31.46.0-255,66,344033,44,393505
20709,0.070053,74.125.68.0-255,2902,346935,44,393505
20710,0.07006,172.31.46.0-255,66,347001,44,393505
20711,0.071829,74.125.68.0-255,2902,349903,44,393505
20712,0.071836,172.31.46.0-255,66,349969,44,393505
20713,0.072103,74.125.68.0-255,2902,352871,44,393505
20714,0.072109,172.31.46.0-255,66,352937,44,393505
20715,0.073885,74.125.68.0-255,2902,355839,44,393505
20716,0.073891,172.31.46.0-255,66,355905,44,393505
20717,0.074156,74.125.68.0-255,2902,358807,44,393505
20718,0.074161,172.31.46.0-255,66,358873,44,393505
20719,0.07596,74.125.68.0-255,2902,361775,44,393505
20720,0.075968,172.31.46.0-255,66,361841,44,393505
20721,0.076202,74.125.68.0-255,2902,364743,44,393505
20722,0.076208,172.31.46.0-255,66,364809,44,393505
20723,0.078028,74.125.68.0-255,2902,367711,44,393505
20724,0.078034,172.31.46.0-255,66,367777,44,393505
20725,0.078264,74.125.68.0-255,2902,370679,44,393505
20726,0.07827,172.31.46.0-255,66,370745,44,393505
20727,0.080086,74.125.68.0-255,2902,373647,44,393505
20728,0.080096,172.31.46.0-255,66,373713,44,393505
20729,0.080317,74.125.68.0-255,2902,376615,44,393505
20730,0.080323,172.31.46.0-255,66,376681,44,393505
20731,0.082166,74.125.68.0-255,2902,379583,44,393505
20732,0.082177,172.31.46.0-255,66,379649,44,393505
20733,0.082367,74.125.68.0-255,2902,382551,44,393505
20734,0.082373,172.31.46.0-255,66,382617,44,393505
20735,0.084238,74.125.68.0-255,2902,385519,44,393505
20736,0.084252,172.31.46.0-255,66,385585,44,393505
20737,0.084422,74.125.68.0-255,2902,388487,44,393505
20738,0.084427,172.31.46.0-255,66,388553,44,393505
20739,0.086327,74.125.68.0-255,2902,391455,44,393505
20740,0.086333,172.31.46.0-255,66,391521,44,393505
20741,0.086486,74.125.68.0-255,1747,393268,44,393505
20742,0.086492,172.31.46.0-255,66,393334,44,393505
20743,0.08681,172.31.46.0-255,105,393439,44,393505
20744,0.088825,74.125.68.0-255,66,393505,44,393505
20745,0.0,172.31.46.0-255,66,66,44,66
20746,0.0,74.125.68.0-255,150,150,44,258893
20747,1.6e-05,172.31.46.0-255,66,216,44,258893
20748,2.2e-05,74.125.68.0-255,1484,1700,44,258893
20749,2.6e-05,172.31.46.0-255,66,1766,44,258893
20750,3.1e-05,74.125.68.0-255,2902,4668,44,258893
20751,3.4e-05,172.31.46.0-255,66,4734,44,258893
20752,3.7e-05,74.125.68.0-255,1484,6218,44,258893
20753,3.9e-05,172.31.46.0-255,66,6284,44,258893
20754,4.4e-05,74.125.68.0-255,2902,9186,44,258893
20755,4.6e-05,172.31.46.0-255,66,9252,44,258893
20756,6.6e-05,74.125.68.0-255,2902,12154,44,258893
20757,6.9e-05,172.31.46.0-255,66,12220,44,258893
20758,9.4e-05,74.125.68.0-255,3502,15722,44,258893
20759,9.7e-05,172.31.46.0-255,66,15788,44,258893
20760,0.000103,74.125.68.0-255,4320,20108,44,258893
20761,0.000105,172.31.46.0-255,66,20174,44,258893
20762,0.000111,74.125.68.0-255,5738,25912,44,258893
20763,0.000113,172.31.46.0-255,66,25978,44,258893
20764,0.000144,74.125.68.0-255,5379,31357,44,258893
20765,0.000147,172.31.46.0-255,66,31423,44,258893
20766,0.000258,74.125.68.0-255,1484,32907,44,258893
20767,0.000262,172.31.46.0-255,66,32973,44,258893
20768,0.000282,74.125.68.0-255,2902,35875,44,258893
20769,0.000284,172.31.46.0-255,66,35941,44,258893
20770,0.000287,74.125.68.0-255,1484,37425,44,258893
20771,0.000289,172.31.46.0-255,66,37491,44,258893
20772,0.000313,74.125.68.0-255,2902,40393,44,258893
20773,0.000316,172.31.46.0-255,66,40459,44,258893
20774,0.000322,74.125.68.0-255,5738,46197,44,258893
20775,0.000324,172.31.46.0-255,66,46263,44,258893
20776,0.000353,74.125.68.0-255,5379,51642,44,258893
20777,0.000356,172.31.46.0-255,66,51708,44,258893
20778,0.000363,74.125.68.0-255,5738,57446,44,258893
20779,0.000365,172.31.46.0-255,66,57512,44,258893
20780,0.000408,172.31.46.0-255,66,57578,44,258893
20781,0.000411,74.125.68.0-255,133,57711,44,258893
20782,0.000759,74.125.68.0-255,349,58060,44,258893
20783,0.000852,74.125.68.0-255,1484,59544,44,258893
20784,0.000857,172.31.46.0-255,66,59610,44,258893
20785,0.000861,74.125.68.0-255,1484,61094,44,258893
20786,0.000876,74.125.68.0-255,1484,62578,44,258893
20787,0.000879,172.31.46.0-255,66,62644,44,258893
20788,0.000885,74.125.68.0-255,5738,68382,44,258893
20789,0.000887,172.31.46.0-255,66,68448,44,258893
20790,0.000918,74.125.68.0-255,4320,72768,44,258893
20791,0.000921,172.31.46.0-255,66,72834,44,258893
20792,0.000927,74.125.68.0-255,5738,78572,44,258893
20793,0.000929,172.31.46.0-255,66,78638,44,258893
20794,0.000958,172.31.46.0-255,66,78704,44,258893
20795,0.000977,74.125.68.0-255,2902,81606,44,258893
20796,0.00098,172.31.46.0-255,66,81672,44,258893
20797,0.000984,74.125.68.0-255,2184,83856,44,258893
20798,0.000986,172.31.46.0-255,66,83922,44,258893
20799,0.001177,74.125.68.0-255,1484,85406,44,258893
20800,0.001195,74.125.68.0-255,2902,88308,44,258893
20801,0.001198,172.31.46.0-255,66,88374,44,258893
20802,0.001203,74.125.68.0-255,1484,89858,44,258893
20803,0.001221,74.125.68.0-255,2902,92760,44,258893
20804,0.001223,172.31.46.0-255,66,92826,44,258893
20805,0.00123,74.125.68.0-255,5738,98564,44,258893
20806,0.001232,172.31.46.0-255,66,98630,44,258893
20807,0.001254,74.125.68.0-255,4320,102950,44,258893
20808,0.001257,172.31.46.0-255,66,103016,44,258893
20809,0.001282,74.125.68.0-255,7156,110172,44,258893
20810,0.001285,172.31.46.0-255,66,110238,44,258893
20811,0.00129,74.125.68.0-255,4320,114558,44,258893
20812,0.001292,172.31.46.0-255,66,114624,44,258893
20813,0.001344,74.125.68.0-255,3602,118226,44,258893
20814,0.001348,172.31.46.0-255,66,118292,44,258893
20815,0.001434,74.125.68.0-255,1484,119776,44,258893
20816,0.001449,74.125.68.0-255,2902,122678,44,258893
20817,0.001453,172.31.46.0-255,66,122744,44,258893
20818,0.001462,74.125.68.0-255,2902,125646,44,258893
20819,0.001464,172.31.46.0-255,66,125712,44,258893
20820,0.001484,74.125.68.0-255,2902,128614,44,258893
20821,0.001486,172.31.46.0-255,66,128680,44,258893
20822,0.001493,74.125.68.0-255,7156,135836,44,258893
20823,0.001496,172.31.46.0-255,66,135902,44,258893
20824,0.001519,74.125.68.0-255,1484,137386,44,258893
20825,0.001545,172.31.46.0-255,66,137452,44,258893
20826,0.001573,74.125.68.0-255,2184,139636,44,258893
20827,0.001576,172.31.46.0-255,66,139702,44,258893
20828,0.001649,74.125.68.0-255,1484,141186,44,258893
20829,0.001656,74.125.68.0-255,2902,144088,44,258893
20830,0.00166,172.31.46.0-255,66,144154,44,258893
20831,0.001664,74.125.68.0-255,1484,145638,44,258893
20832,0.001682,74.125.68.0-255,2902,148540,44,258893
20833,0.001685,172.31.46.0-255,66,148606,44,258893
20834,0.001691,74.125.68.0-255,5738,154344,44,258893
20835,0.001693,172.31.46.0-255,66,154410,44,258893
20836,0.001704,74.125.68.0-255,1484,155894,44,258893
20837,0.001738,172.31.46.0-255,66,155960,44,258893
20838,0.001744,74.125.68.0-255,5738,161698,44,258893
20839,0.001747,172.31.46.0-255,66,161764,44,258893
20840,0.001772,74.125.68.0-255,2184,163948,44,258893
20841,0.001774,172.31.46.0-255,66,164014,44,258893
20842,0.001965,74.125.68.0-255,1484,165498,44,258893
20843,0.00198,74.125.68.0-255,1484,166982,44,258893
20844,0.001984,172.31.46.0-255,66,167048,44,258893
20845,0.001989,74.125.68.0-255,2902,169950,44,258893
20846,0.001991,172.31.46.0-255,66,170016,44,258893
20847,0.002013,74.125.68.0-255,5738,175754,44,258893
20848,0.002016,172.31.46.0-255,66,175820,44,258893
20849,0.002057,172.31.46.0-255,66,175886,44,258893
20850,0.002086,74.125.68.0-255,4320,180206,44,258893
20851,0.002089,172.31.46.0-255,66,180272,44,258893
20852,0.002119,172.31.46.0-255,66,180338,44,258893
20853,0.00214,172.31.46.0-255,66,180404,44,258893
20854,0.002151,172.31.46.0-255,66,180470,44,258893
20855,0.002184,74.125.68.0-255,4320,184790,44,258893
20856,0.002187,172.31.46.0-255,66,184856,44,258893
20857,0.002207,74.125.68.0-255,5020,189876,44,258893
20858,0.00221,172.31.46.0-255,66,189942,44,258893
20859,0.002222,172.31.46.0-255,66,190008,44,258893
20860,0.002251,172.31.46.0-255,66,190074,44,258893
20861,0.002284,74.125.68.0-255,2902,192976,44,258893
20862,0.002287,172.31.46.0-255,66,193042,44,258893
20863,0.002304,74.125.68.0-255,6438,199480,44,258893
20864,0.002307,172.31.46.0-255,66,199546,44,258893
20865,0.002314,74.125.68.0-255,5738,205284,44,258893
20866,0.002317,172.31.46.0-255,66,205350,44,258893
20867,0.002349,74.125.68.0-255,4320,209670,44,258893
20868,0.002351,172.31.46.0-255,66,209736,44,258893
20869,0.002363,172.31.46.0-255,66,209802,44,258893
20870,0.002406,74.125.68.0-255,7156,216958,44,258893
20871,0.002408,172.31.46.0-255,66,217024,44,258893
20872,0.002435,74.125.68.0-255,4320,221344,44,258893
20873,0.002438,172.31.46.0-255,66,221410,44,258893
20874,0.002442,74.125.68.0-255,2184,223594,44,258893
20875,0.002444,172.31.46.0-255,66,223660,44,258893
20876,0.002448,74.125.68.0-255,2902,226562,44,258893
20877,0.002451,172.31.46.0-255,66,226628,44,258893
20878,0.002458,74.125.68.0-255,7156,233784,44,258893
20879,0.00246,172.31.46.0-255,66,233850,44,258893
20880,0.00247,172.31.46.0-255,66,233916,44,258893
20881,0.002482,74.125.68.0-255,1484,235400,44,258893
20882,0.002503,74.125.68.0-255,2184,237584,44,258893
20883,0.002508,74.125.68.0-255,4320,241904,44,258893
20884,0.002539,74.125.68.0-255,2902,244806,44,258893
20885,0.002578,74.125.68.0-255,2902,247708,44,258893
20886,0.002599,74.125.68.0-255,1395,249103,44,258893
20887,0.008384,172.31.46.0-255,66,249169,44,258893
20888,0.010928,74.125.68.0-255,105,249274,44,258893
20889,0.011505,172.31.46.0-255,66,249340,44,258893
20890,0.011552,172.31.46.0-255,105,249445,44,258893
20891,0.014085,74.125.68.0-255,66,249511,44,258893
20892,0.037921,172.31.46.0-255,188,249699,44,258893
20893,0.037954,172.31.46.0-255,955,250654,44,258893
20894,0.038019,172.31.46.0-255,1514,252168,44,258893
20895,0.038021,172.31.46.0-255,1514,253682,44,258893
20896,0.038025,172.31.46.0-255,1514,255196,44,258893
20897,0.038027,172.31.46.0-255,1514,256710,44,258893
20898,0.038044,172.31.46.0-255,1514,258224,44,258893
20899,0.038045,172.31.46.0-255,231,258455,44,258893
20900,0.039434,104.244.42.0-255,66,258521,44,258893
20901,0.039447,104.244.42.0-255,66,258587,44,258893
20902,0.039553,104.244.42.0-255,66,258653,44,258893
20903,0.03956,104.244.42.0-255,66,258719,44,258893
20904,0.040393,104.244.42.0-255,108,258827,44,258893
20905,0.040404,172.31.46.0-255,66,258893,44,258893
20906,0.0,74.125.68.0-255,153,153,44,319866
20907,2.6e-05,172.31.46.0-255,66,219,44,319866
20908,3.4e-05,74.125.68.0-255,1484,1703,44,319866
20909,3.9e-05,172.31.46.0-255,66,1769,44,319866
20910,4.5e-05,74.125.68.0-255,2902,4671,44,319866
20911,5.5e-05,172.31.46.0-255,66,4737,44,319866
20912,6.1e-05,74.125.68.0-255,4320,9057,44,319866
20913,6.4e-05,172.31.46.0-255,66,9123,44,319866
20914,8.5e-05,74.125.68.0-255,4954,14077,44,319866
20915,8.8e-05,172.31.46.0-255,66,14143,44,319866
20916,9.8e-05,74.125.68.0-255,4320,18463,44,319866
20917,0.000101,172.31.46.0-255,66,18529,44,319866
20918,0.000125,74.125.68.0-255,1484,20013,44,319866
20919,0.000127,172.31.46.0-255,66,20079,44,319866
20920,0.000132,74.125.68.0-255,2902,22981,44,319866
20921,0.000135,172.31.46.0-255,66,23047,44,319866
20922,0.000174,172.31.46.0-255,66,23113,44,319866
20923,0.000187,172.31.46.0-255,66,23179,44,319866
20924,0.000211,74.125.68.0-255,1484,24663,44,319866
20925,0.000213,172.31.46.0-255,66,24729,44,319866
20926,0.000216,74.125.68.0-255,766,25495,44,319866
20927,0.000218,172.31.46.0-255,66,25561,44,319866
20928,0.000251,74.125.68.0-255,1484,27045,44,319866
20929,0.000254,172.31.46.0-255,66,27111,44,319866
20930,0.000257,74.125.68.0-255,1484,28595,44,319866
20931,0.000259,172.31.46.0-255,66,28661,44,319866
20932,0.000282,74.125.68.0-255,1484,30145,44,319866
20933,0.000284,172.31.46.0-255,66,30211,44,319866
20934,0.000291,74.125.68.0-255,5738,35949,44,319866
20935,0.000293,172.31.46.0-255,66,36015,44,319866
20936,0.000297,74.125.68.0-255,2902,38917,44,319866
20937,0.0003,172.31.46.0-255,66,38983,44,319866
20938,0.000305,74.125.68.0-255,4233,43216,44,319866
20939,0.000308,172.31.46.0-255,66,43282,44,319866
20940,0.000311,74.125.68.0-255,134,43416,44,319866
20941,0.000432,74.125.68.0-255,1484,44900,44,319866
20942,0.000436,172.31.46.0-255,66,44966,44,319866
20943,0.000442,74.125.68.0-255,2902,47868,44,319866
20944,0.000444,172.31.46.0-255,66,47934,44,319866
20945,0.000465,74.125.68.0-255,5738,53672,44,319866
20946,0.000468,172.31.46.0-255,66,53738,44,319866
20947,0.000506,172.31.46.0-255,66,53804,44,319866
20948,0.000533,74.125.68.0-255,2902,56706,44,319866
20949,0.000535,172.31.46.0-255,66,56772,44,319866
20950,0.000562,74.125.68.0-255,5738,62510,44,319866
20951,0.000565,172.31.46.0-255,66,62576,44,319866
20952,0.000593,74.125.68.0-255,5020,67596,44,319866
20953,0.000596,172.31.46.0-255,66,67662,44,319866
20954,0.000819,74.125.68.0-255,1484,69146,44,319866
20955,0.000824,74.125.68.0-255,1484,70630,44,319866
20956,0.000827,172.31.46.0-255,66,70696,44,319866
20957,0.000854,74.125.68.0-255,1484,72180,44,319866
20958,0.00086,74.125.68.0-255,4320,76500,44,319866
20959,0.000863,172.31.46.0-255,66,76566,44,319866
20960,0.000869,74.125.68.0-255,5738,82304,44,319866
20961,0.000872,172.31.46.0-255,66,82370,44,319866
20962,0.000912,172.31.46.0-255,66,82436,44,319866
20963,0.000975,74.125.68.0-255,7156,89592,44,319866
20964,0.000978,172.31.46.0-255,66,89658,44,319866
20965,0.000998,74.125.68.0-255,766,90424,44,319866
20966,0.0012,74.125.68.0-255,1484,91908,44,319866
20967,0.001205,172.31.46.0-255,66,91974,44,319866
20968,0.00121,74.125.68.0-255,2902,94876,44,319866
20969,0.001212,172.31.46.0-255,66,94942,44,319866
20970,0.00124,74.125.68.0-255,2902,97844,44,319866
20971,0.001242,172.31.46.0-255,66,97910,44,319866
20972,0.001265,74.125.68.0-255,1484,99394,44,319866
20973,0.00127,74.125.68.0-255,4320,103714,44,319866
20974,0.001273,172.31.46.0-255,66,103780,44,319866
20975,0.001277,74.125.68.0-255,2902,106682,44,319866
20976,0.001279,172.31.46.0-255,66,106748,44,319866
20977,0.001297,74.125.68.0-255,2902,109650,44,319866
20978,0.001305,172.31.46.0-255,66,109716,44,319866
20979,0.001347,172.31.46.0-255,66,109782,44,319866
20980,0.001352,74.125.68.0-255,3602,113384,44,319866
20981,0.001355,172.31.46.0-255,66,113450,44,319866
20982,0.001494,74.125.68.0-255,1484,114934,44,319866
20983,0.001501,74.125.68.0-255,2902,117836,44,319866
20984,0.001504,172.31.46.0-255,66,117902,44,319866
20985,0.001528,74.125.68.0-255,2902,120804,44,319866
20986,0.001531,172.31.46.0-255,66,120870,44,319866
20987,0.001536,74.125.68.0-255,4320,125190,44,319866
20988,0.001538,172.31.46.0-255,66,125256,44,319866
20989,0.00157,74.125.68.0-255,7156,132412,44,319866
20990,0.001572,172.31.46.0-255,66,132478,44,319866
20991,0.001589,74.125.68.0-255,1484,133962,44,319866
20992,0.001596,74.125.68.0-255,5738,139700,44,319866
20993,0.001599,172.31.46.0-255,66,139766,44,319866
20994,0.001605,74.125.68.0-255,4320,144086,44,319866
20995,0.001607,172.31.46.0-255,66,144152,44,319866
20996,0.001635,74.125.68.0-255,2902,147054,44,319866
20997,0.001638,172.31.46.0-255,66,147120,44,319866
20998,0.001641,74.125.68.0-255,766,147886,44,319866
20999,0.00172,74.125.68.0-255,1484,149370,44,319866
21000,0.001724,172.31.46.0-255,66,149436,44,319866
21001,0.001737,74.125.68.0-255,1484,150920,44,319866
21002,0.001762,74.125.68.0-255,1484,152404,44,319866
21003,0.001765,172.31.46.0-255,66,152470,44,319866
21004,0.001772,74.125.68.0-255,5738,158208,44,319866
21005,0.001775,172.31.46.0-255,66,158274,44,319866
21006,0.001783,74.125.68.0-255,2902,161176,44,319866
21007,0.001785,172.31.46.0-255,66,161242,44,319866
21008,0.001821,172.31.46.0-255,66,161308,44,319866
21009,0.001835,172.31.46.0-255,66,161374,44,319866
21010,0.001838,74.125.68.0-255,1484,162858,44,319866
21011,0.001843,74.125.68.0-255,2902,165760,44,319866
21012,0.001845,172.31.46.0-255,66,165826,44,319866
21013,0.001877,74.125.68.0-255,5738,171564,44,319866
21014,0.001889,74.125.68.0-255,4320,175884,44,319866
21015,0.001895,172.31.46.0-255,66,175950,44,319866
21016,0.001898,172.31.46.0-255,66,176016,44,319866
21017,0.001905,74.125.68.0-255,1484,177500,44,319866
21018,0.001917,74.125.68.0-255,7156,184656,44,319866
21019,0.001919,172.31.46.0-255,66,184722,44,319866
21020,0.001967,172.31.46.0-255,66,184788,44,319866
21021,0.00197,74.125.68.0-255,766,185554,44,319866
21022,0.003437,172.31.46.0-255,66,185620,44,319866
21023,0.003887,74.125.68.0-255,4320,189940,44,319866
21024,0.003895,172.31.46.0-255,66,190006,44,319866
21025,0.005353,74.125.68.0-255,1484,191490,44,319866
21026,0.005807,74.125.68.0-255,4320,195810,44,319866
21027,0.005813,172.31.46.0-255,66,195876,44,319866
21028,0.007729,74.125.68.0-255,4320,200196,44,319866
21029,0.007734,172.31.46.0-255,66,200262,44,319866
21030,0.007758,74.125.68.0-255,1484,201746,44,319866
21031,0.009653,74.125.68.0-255,4320,206066,44,319866
21032,0.009659,172.31.46.0-255,66,206132,44,319866
21033,0.01158,74.125.68.0-255,5738,211870,44,319866
21034,0.011588,172.31.46.0-255,66,211936,44,319866
21035,0.013507,74.125.68.0-255,5738,217674,44,319866
21036,0.013513,172.31.46.0-255,66,217740,44,319866
21037,0.015433,74.125.68.0-255,5738,223478,44,319866
21038,0.01544,172.31.46.0-255,66,223544,44,319866
21039,0.017403,74.125.68.0-255,5738,229282,44,319866
21040,0.01741,172.31.46.0-255,66,229348,44,319866
21041,0.019331,74.125.68.0-255,5738,235086,44,319866
21042,0.019344,172.31.46.0-255,66,235152,44,319866
21043,0.021291,74.125.68.0-255,5738,240890,44,319866
21044,0.021304,172.31.46.0-255,66,240956,44,319866
21045,0.023258,74.125.68.0-255,5738,246694,44,319866
21046,0.023271,172.31.46.0-255,66,246760,44,319866
21047,0.025196,74.125.68.0-255,5738,252498,44,319866
21048,0.025208,172.31.46.0-255,66,252564,44,319866
21049,0.027132,74.125.68.0-255,5738,258302,44,319866
21050,0.027141,172.31.46.0-255,66,258368,44,319866
21051,0.029085,74.125.68.0-255,5738,264106,44,319866
21052,0.029095,172.31.46.0-255,66,264172,44,319866
21053,0.031018,74.125.68.0-255,5738,269910,44,319866
21054,0.031034,172.31.46.0-255,66,269976,44,319866
21055,0.032983,74.125.68.0-255,5738,275714,44,319866
21056,0.032994,172.31.46.0-255,66,275780,44,319866
21057,0.034926,74.125.68.0-255,5738,281518,44,319866
21058,0.03494,172.31.46.0-255,66,281584,44,319866
21059,0.036897,74.125.68.0-255,5738,287322,44,319866
21060,0.036911,172.31.46.0-255,66,287388,44,319866
21061,0.038835,74.125.68.0-255,5738,293126,44,319866
21062,0.038843,172.31.46.0-255,66,293192,44,319866
21063,0.040768,74.125.68.0-255,5738,298930,44,319866
21064,0.040776,172.31.46.0-255,66,298996,44,319866
21065,0.042699,74.125.68.0-255,5738,304734,44,319866
21066,0.042706,172.31.46.0-255,66,304800,44,319866
21067,0.044642,74.125.68.0-255,5464,310264,44,319866
21068,0.04465,172.31.46.0-255,66,310330,44,319866
21069,0.044884,172.31.46.0-255,105,310435,44,319866
21070,0.046761,74.125.68.0-255,66,310501,44,319866
21071,0.047842,172.31.46.0-255,172,310673,44,319866
21072,0.047875,172.31.46.0-255,1114,311787,44,319866
21073,0.047957,172.31.46.0-255,1514,313301,44,319866
21074,0.047959,172.31.46.0-255,1514,314815,44,319866
21075,0.047964,172.31.46.0-255,1514,316329,44,319866
21076,0.047965,172.31.46.0-255,1514,317843,44,319866
21077,0.047986,172.31.46.0-255,1514,319357,44,319866
21078,0.047987,172.31.46.0-255,71,319428,44,319866
21079,0.049413,104.244.42.0-255,66,319494,44,319866
21080,0.049451,104.244.42.0-255,66,319560,44,319866
21081,0.049514,104.244.42.0-255,66,319626,44,319866
21082,0.049554,104.244.42.0-255,66,319692,44,319866
21083,0.050518,104.244.42.0-255,108,319800,44,319866
21084,0.050529,172.31.46.0-255,66,319866,44,319866
21085,0.0,172.31.46.0-255,66,66,44,66
21086,0.0,74.125.68.0-255,146,146,44,348504
21087,2.7e-05,172.31.46.0-255,66,212,44,348504
21088,3.3e-05,74.125.68.0-255,1484,1696,44,348504
21089,3.8e-05,172.31.46.0-255,66,1762,44,348504
21090,4.4e-05,74.125.68.0-255,2902,4664,44,348504
21091,5.4e-05,172.31.46.0-255,66,4730,44,348504
21092,5.9e-05,74.125.68.0-255,4320,9050,44,348504
21093,6.2e-05,172.31.46.0-255,66,9116,44,348504
21094,6.7e-05,74.125.68.0-255,2902,12018,44,348504
21095,6.9e-05,172.31.46.0-255,66,12084,44,348504
21096,9.6e-05,74.125.68.0-255,1994,14078,44,348504
21097,0.000103,172.31.46.0-255,66,14144,44,348504
21098,0.000131,74.125.68.0-255,1484,15628,44,348504
21099,0.000134,172.31.46.0-255,66,15694,44,348504
21100,0.000138,74.125.68.0-255,2902,18596,44,348504
21101,0.000141,172.31.46.0-255,66,18662,44,348504
21102,0.000172,74.125.68.0-255,4320,22982,44,348504
21103,0.000176,172.31.46.0-255,66,23048,44,348504
21104,0.000182,74.125.68.0-255,5738,28786,44,348504
21105,0.000184,172.31.46.0-255,66,28852,44,348504
21106,0.000213,74.125.68.0-255,2543,31395,44,348504
21107,0.000216,172.31.46.0-255,66,31461,44,348504
21108,0.000427,74.125.68.0-255,1484,32945,44,348504
21109,0.000431,172.31.46.0-255,66,33011,44,348504
21110,0.000435,74.125.68.0-255,1484,34495,44,348504
21111,0.000438,172.31.46.0-255,66,34561,44,348504
21112,0.000469,74.125.68.0-255,1484,36045,44,348504
21113,0.000472,172.31.46.0-255,66,36111,44,348504
21114,0.00048,74.125.68.0-255,5738,41849,44,348504
21115,0.000482,172.31.46.0-255,66,41915,44,348504
21116,0.000497,74.125.68.0-255,6797,48712,44,348504
21117,0.000499,172.31.46.0-255,66,48778,44,348504
21118,0.000805,74.125.68.0-255,1484,50262,44,348504
21119,0.000814,74.125.68.0-255,1484,51746,44,348504
21120,0.000818,172.31.46.0-255,66,51812,44,348504
21121,0.000824,74.125.68.0-255,2902,54714,44,348504
21122,0.000826,172.31.46.0-255,66,54780,44,348504
21123,0.000853,74.125.68.0-255,5738,60518,44,348504
21124,0.000863,172.31.46.0-255,66,60584,44,348504
21125,0.00087,74.125.68.0-255,5379,65963,44,348504
21126,0.000873,172.31.46.0-255,66,66029,44,348504
21127,0.00119,74.125.68.0-255,646,66675,44,348504
21128,0.001629,74.125.68.0-255,1484,68159,44,348504
21129,0.001635,172.31.46.0-255,66,68225,44,348504
21130,0.001665,74.125.68.0-255,2902,71127,44,348504
21131,0.001668,172.31.46.0-255,66,71193,44,348504
21132,0.001674,74.125.68.0-255,5738,76931,44,348504
21133,0.001676,172.31.46.0-255,66,76997,44,348504
21134,0.0017,74.125.68.0-255,1484,78481,44,348504
21135,0.001713,74.125.68.0-255,4320,82801,44,348504
21136,0.001715,172.31.46.0-255,66,82867,44,348504
21137,0.001737,74.125.68.0-255,1484,84351,44,348504
21138,0.001741,74.125.68.0-255,1484,85835,44,348504
21139,0.001743,172.31.46.0-255,66,85901,44,348504
21140,0.001747,74.125.68.0-255,2902,88803,44,348504
21141,0.00175,172.31.46.0-255,66,88869,44,348504
21142,0.001769,74.125.68.0-255,2902,91771,44,348504
21143,0.001771,172.31.46.0-255,66,91837,44,348504
21144,0.0018,74.125.68.0-255,2902,94739,44,348504
21145,0.001802,172.31.46.0-255,66,94805,44,348504
21146,0.001807,74.125.68.0-255,2902,97707,44,348504
21147,0.001809,172.31.46.0-255,66,97773,44,348504
21148,0.001833,74.125.68.0-255,3602,101375,44,348504
21149,0.001836,172.31.46.0-255,66,101441,44,348504
21150,0.002218,74.125.68.0-255,1484,102925,44,348504
21151,0.002234,74.125.68.0-255,1484,104409,44,348504
21152,0.002242,172.31.46.0-255,66,104475,44,348504
21153,0.002245,74.125.68.0-255,1484,105959,44,348504
21154,0.002277,74.125.68.0-255,5738,111697,44,348504
21155,0.002282,172.31.46.0-255,66,111763,44,348504
21156,0.002288,74.125.68.0-255,5738,117501,44,348504
21157,0.00229,172.31.46.0-255,66,117567,44,348504
21158,0.002335,74.125.68.0-255,7156,124723,44,348504
21159,0.002339,172.31.46.0-255,66,124789,44,348504
21160,0.002349,172.31.46.0-255,66,124855,44,348504
21161,0.002399,74.125.68.0-255,2184,127039,44,348504
21162,0.002407,172.31.46.0-255,66,127105,44,348504
21163,0.002495,74.125.68.0-255,1484,128589,44,348504
21164,0.002512,74.125.68.0-255,2902,131491,44,348504
21165,0.002515,172.31.46.0-255,66,131557,44,348504
21166,0.00252,74.125.68.0-255,2902,134459,44,348504
21167,0.002522,172.31.46.0-255,66,134525,44,348504
21168,0.002554,74.125.68.0-255,2902,137427,44,348504
21169,0.002557,172.31.46.0-255,66,137493,44,348504
21170,0.002566,74.125.68.0-255,2902,140395,44,348504
21171,0.002569,172.31.46.0-255,66,140461,44,348504
21172,0.002824,172.31.46.0-255,101,140562,44,348504
21173,0.005099,74.125.68.0-255,5738,146300,44,348504
21174,0.005105,172.31.46.0-255,66,146366,44,348504
21175,0.005307,74.125.68.0-255,66,146432,44,348504
21176,0.007621,74.125.68.0-255,5738,152170,44,348504
21177,0.007627,172.31.46.0-255,66,152236,44,348504
21178,0.010148,74.125.68.0-255,5738,157974,44,348504
21179,0.010157,172.31.46.0-255,66,158040,44,348504
21180,0.012698,74.125.68.0-255,5738,163778,44,348504
21181,0.012708,172.31.46.0-255,66,163844,44,348504
21182,0.015245,74.125.68.0-255,5738,169582,44,348504
21183,0.015261,172.31.46.0-255,66,169648,44,348504
21184,0.017779,74.125.68.0-255,5738,175386,44,348504
21185,0.017787,172.31.46.0-255,66,175452,44,348504
21186,0.02033,74.125.68.0-255,5738,181190,44,348504
21187,0.020348,172.31.46.0-255,66,181256,44,348504
21188,0.022893,74.125.68.0-255,5738,186994,44,348504
21189,0.022911,172.31.46.0-255,66,187060,44,348504
21190,0.025452,74.125.68.0-255,5738,192798,44,348504
21191,0.025462,172.31.46.0-255,66,192864,44,348504
21192,0.027985,74.125.68.0-255,4320,197184,44,348504
21193,0.027994,172.31.46.0-255,66,197250,44,348504
21194,0.028027,74.125.68.0-255,1484,198734,44,348504
21195,0.030526,74.125.68.0-255,4320,203054,44,348504
21196,0.030537,172.31.46.0-255,66,203120,44,348504
21197,0.03309,74.125.68.0-255,5738,208858,44,348504
21198,0.033106,172.31.46.0-255,66,208924,44,348504
21199,0.033884,172.31.46.0-255,192,209116,44,348504
21200,0.033921,172.31.46.0-255,1115,210231,44,348504
21201,0.033968,172.31.46.0-255,1514,211745,44,348504
21202,0.03397,172.31.46.0-255,1514,213259,44,348504
21203,0.033971,172.31.46.0-255,1514,214773,44,348504
21204,0.033972,172.31.46.0-255,1514,216287,44,348504
21205,0.034001,172.31.46.0-255,1514,217801,44,348504
21206,0.034003,172.31.46.0-255,69,217870,44,348504
21207,0.03564,74.125.68.0-255,5738,223608,44,348504
21208,0.035647,172.31.46.0-255,66,223674,44,348504
21209,0.035782,104.244.42.0-255,66,223740,44,348504
21210,0.035967,104.244.42.0-255,66,223806,44,348504
21211,0.035973,104.244.42.0-255,66,223872,44,348504
21212,0.035976,104.244.42.0-255,66,223938,44,348504
21213,0.036543,104.244.42.0-255,108,224046,44,348504
21214,0.036563,172.31.46.0-255,66,224112,44,348504
21215,0.038169,74.125.68.0-255,5738,229850,44,348504
21216,0.038176,172.31.46.0-255,66,229916,44,348504
21217,0.040708,74.125.68.0-255,5738,235654,44,348504
21218,0.040716,172.31.46.0-255,66,235720,44,348504
21219,0.043242,74.125.68.0-255,5738,241458,44,348504
21220,0.043247,172.31.46.0-255,66,241524,44,348504
21221,0.045774,74.125.68.0-255,2902,244426,44,348504
21222,0.045781,172.31.46.0-255,66,244492,44,348504
21223,0.045806,74.125.68.0-255,2902,247394,44,348504
21224,0.045809,172.31.46.0-255,66,247460,44,348504
21225,0.048303,74.125.68.0-255,2902,250362,44,348504
21226,0.04831,172.31.46.0-255,66,250428,44,348504
21227,0.048347,74.125.68.0-255,2902,253330,44,348504
21228,0.048351,172.31.46.0-255,66,253396,44,348504
21229,0.050838,74.125.68.0-255,2902,256298,44,348504
21230,0.050845,172.31.46.0-255,66,256364,44,348504
21231,0.050881,74.125.68.0-255,2902,259266,44,348504
21232,0.050883,172.31.46.0-255,66,259332,44,348504
21233,0.053384,74.125.68.0-255,2902,262234,44,348504
21234,0.053397,172.31.46.0-255,66,262300,44,348504
21235,0.053438,74.125.68.0-255,2902,265202,44,348504
21236,0.053441,172.31.46.0-255,66,265268,44,348504
21237,0.055938,74.125.68.0-255,2902,268170,44,348504
21238,0.055953,172.31.46.0-255,66,268236,44,348504
21239,0.056,74.125.68.0-255,2902,271138,44,348504
21240,0.056003,172.31.46.0-255,66,271204,44,348504
21241,0.058475,74.125.68.0-255,2902,274106,44,348504
21242,0.058487,172.31.46.0-255,66,274172,44,348504
21243,0.058527,74.125.68.0-255,2902,277074,44,348504
21244,0.058531,172.31.46.0-255,66,277140,44,348504
21245,0.061014,74.125.68.0-255,1484,278624,44,348504
21246,0.061036,74.125.68.0-255,1484,280108,44,348504
21247,0.061045,172.31.46.0-255,66,280174,44,348504
21248,0.061078,74.125.68.0-255,2902,283076,44,348504
21249,0.061081,172.31.46.0-255,66,283142,44,348504
21250,0.063568,74.125.68.0-255,2902,286044,44,348504
21251,0.063583,172.31.46.0-255,66,286110,44,348504
21252,0.063624,74.125.68.0-255,2902,289012,44,348504
21253,0.063628,172.31.46.0-255,66,289078,44,348504
21254,0.066122,74.125.68.0-255,2902,291980,44,348504
21255,0.066138,172.31.46.0-255,66,292046,44,348504
21256,0.066176,74.125.68.0-255,2902,294948,44,348504
21257,0.06618,172.31.46.0-255,66,295014,44,348504
21258,0.068668,74.125.68.0-255,2902,297916,44,348504
21259,0.06868,172.31.46.0-255,66,297982,44,348504
21260,0.068718,74.125.68.0-255,2902,300884,44,348504
21261,0.068721,172.31.46.0-255,66,300950,44,348504
21262,0.071206,74.125.68.0-255,2902,303852,44,348504
21263,0.071214,172.31.46.0-255,66,303918,44,348504
21264,0.071242,74.125.68.0-255,2902,306820,44,348504
21265,0.071246,172.31.46.0-255,66,306886,44,348504
21266,0.073762,74.125.68.0-255,2902,309788,44,348504
21267,0.073771,172.31.46.0-255,66,309854,44,348504
21268,0.073845,74.125.68.0-255,2902,312756,44,348504
21269,0.07385,172.31.46.0-255,66,312822,44,348504
21270,0.076285,74.125.68.0-255,2902,315724,44,348504
21271,0.076293,172.31.46.0-255,66,315790,44,348504
21272,0.076376,74.125.68.0-255,1484,317274,44,348504
21273,0.076398,74.125.68.0-255,1484,318758,44,348504
21274,0.076402,172.31.46.0-255,66,318824,44,348504
21275,0.078813,74.125.68.0-255,2902,321726,44,348504
21276,0.078819,172.31.46.0-255,66,321792,44,348504
21277,0.078932,74.125.68.0-255,2902,324694,44,348504
21278,0.078937,172.31.46.0-255,66,324760,44,348504
21279,0.081329,74.125.68.0-255,2902,327662,44,348504
21280,0.081335,172.31.46.0-255,66,327728,44,348504
21281,0.081434,74.125.68.0-255,1484,329212,44,348504
21282,0.081448,74.125.68.0-255,1484,330696,44,348504
21283,0.081451,172.31.46.0-255,66,330762,44,348504
21284,0.083851,74.125.68.0-255,2902,333664,44,348504
21285,0.083856,172.31.46.0-255,66,333730,44,348504
21286,0.083958,74.125.68.0-255,2902,336632,44,348504
21287,0.083964,172.31.46.0-255,66,336698,44,348504
21288,0.086377,74.125.68.0-255,2902,339600,44,348504
21289,0.086383,172.31.46.0-255,66,339666,44,348504
21290,0.086475,74.125.68.0-255,2902,342568,44,348504
21291,0.08648,172.31.46.0-255,66,342634,44,348504
21292,0.088899,74.125.68.0-255,1484,344118,44,348504
21293,0.088996,74.125.68.0-255,4320,348438,44,348504
21294,0.089004,172.31.46.0-255,66,348504,44,348504
21295,0.0,74.125.130.0-255,152,152,44,354542
21296,2.3e-05,172.31.46.0-255,66,218,44,354542
21297,3.1e-05,74.125.130.0-255,1484,1702,44,354542
21298,3.5e-05,172.31.46.0-255,66,1768,44,354542
21299,3.9e-05,74.125.130.0-255,1484,3252,44,354542
21300,4.1e-05,172.31.46.0-255,66,3318,44,354542
21301,7.6e-05,74.125.130.0-255,1484,4802,44,354542
21302,7.9e-05,172.31.46.0-255,66,4868,44,354542
21303,8.6e-05,74.125.130.0-255,5738,10606,44,354542
21304,8.9e-05,172.31.46.0-255,66,10672,44,354542
21305,9.4e-05,74.125.130.0-255,3360,14032,44,354542
21306,9.6e-05,172.31.46.0-255,66,14098,44,354542
21307,0.0001,74.125.130.0-255,2902,17000,44,354542
21308,0.000102,172.31.46.0-255,66,17066,44,354542
21309,0.000122,74.125.130.0-255,1484,18550,44,354542
21310,0.000124,172.31.46.0-255,66,18616,44,354542
21311,0.00013,74.125.130.0-255,4320,22936,44,354542
21312,0.000132,172.31.46.0-255,66,23002,44,354542
21313,0.000156,74.125.130.0-255,5738,28740,44,354542
21314,0.000159,172.31.46.0-255,66,28806,44,354542
21315,0.000163,74.125.130.0-255,2543,31349,44,354542
21316,0.000165,172.31.46.0-255,66,31415,44,354542
21317,0.000321,74.125.130.0-255,1484,32899,44,354542
21318,0.000327,172.31.46.0-255,66,32965,44,354542
21319,0.000332,74.125.130.0-255,2902,35867,44,354542
21320,0.000334,172.31.46.0-255,66,35933,44,354542
21321,0.000364,74.125.130.0-255,4320,40253,44,354542
21322,0.000366,172.31.46.0-255,66,40319,44,354542
21323,0.000372,74.125.130.0-255,5738,46057,44,354542
21324,0.000375,172.31.46.0-255,66,46123,44,354542
21325,0.000411,74.125.130.0-255,7156,53279,44,354542
21326,0.000415,172.31.46.0-255,66,53345,44,354542
21327,0.000431,74.125.130.0-255,3961,57306,44,354542
21328,0.000434,172.31.46.0-255,66,57372,44,354542
21329,0.000449,74.125.130.0-255,1484,58856,44,354542
21330,0.000488,74.125.130.0-255,4320,63176,44,354542
21331,0.000491,172.31.46.0-255,66,63242,44,354542
21332,0.000507,74.125.130.0-255,2832,66074,44,354542
21333,0.000509,172.31.46.0-255,66,66140,44,354542
21334,0.000859,74.125.130.0-255,101,66241,44,354542
21335,0.001083,172.31.46.0-255,66,66307,44,354542
21336,0.001547,74.125.130.0-255,1484,67791,44,354542
21337,0.001557,74.125.130.0-255,1484,69275,44,354542
21338,0.001561,172.31.46.0-255,66,69341,44,354542
21339,0.001582,74.125.130.0-255,1484,70825,44,354542
21340,0.001589,74.125.130.0-255,4320,75145,44,354542
21341,0.001591,172.31.46.0-255,66,75211,44,354542
21342,0.001618,74.125.130.0-255,4320,79531,44,354542
21343,0.00162,172.31.46.0-255,66,79597,44,354542
21344,0.001644,74.125.130.0-255,5379,84976,44,354542
21345,0.001646,172.31.46.0-255,66,85042,44,354542
21346,0.001651,74.125.130.0-255,4320,89362,44,354542
21347,0.001653,172.31.46.0-255,66,89428,44,354542
21348,0.00167,74.125.130.0-255,5738,95166,44,354542
21349,0.001672,172.31.46.0-255,66,95232,44,354542
21350,0.001676,74.125.130.0-255,2902,98134,44,354542
21351,0.001678,172.31.46.0-255,66,98200,44,354542
21352,0.001703,74.125.130.0-255,7156,105356,44,354542
21353,0.001705,172.31.46.0-255,66,105422,44,354542
21354,0.001715,172.31.46.0-255,66,105488,44,354542
21355,0.001729,74.125.130.0-255,1484,106972,44,354542
21356,0.001732,74.125.130.0-255,766,107738,44,354542
21357,0.001733,172.31.46.0-255,66,107804,44,354542
21358,0.001961,74.125.130.0-255,1484,109288,44,354542
21359,0.001974,74.125.130.0-255,2902,112190,44,354542
21360,0.001978,172.31.46.0-255,66,112256,44,354542
21361,0.001995,74.125.130.0-255,2902,115158,44,354542
21362,0.001997,172.31.46.0-255,66,115224,44,354542
21363,0.002018,74.125.130.0-255,2902,118126,44,354542
21364,0.00202,172.31.46.0-255,66,118192,44,354542
21365,0.002023,74.125.130.0-255,1484,119676,44,354542
21366,0.002041,74.125.130.0-255,6797,126473,44,354542
21367,0.002044,172.31.46.0-255,66,126539,44,354542
21368,0.002053,172.31.46.0-255,66,126605,44,354542
21369,0.002074,74.125.130.0-255,4320,130925,44,354542
21370,0.002076,172.31.46.0-255,66,130991,44,354542
21371,0.002093,74.125.130.0-255,5738,136729,44,354542
21372,0.002095,172.31.46.0-255,66,136795,44,354542
21373,0.002099,74.125.130.0-255,4320,141115,44,354542
21374,0.002102,172.31.46.0-255,66,141181,44,354542
21375,0.002129,74.125.130.0-255,7156,148337,44,354542
21376,0.002131,172.31.46.0-255,66,148403,44,354542
21377,0.002135,74.125.130.0-255,2184,150587,44,354542
21378,0.002137,172.31.46.0-255,66,150653,44,354542
21379,0.00463,74.125.130.0-255,4320,154973,44,354542
21380,0.004635,172.31.46.0-255,66,155039,44,354542
21381,0.004647,74.125.130.0-255,1484,156523,44,354542
21382,0.007139,74.125.130.0-255,4320,160843,44,354542
21383,0.007146,172.31.46.0-255,66,160909,44,354542
21384,0.00967,74.125.130.0-255,5738,166647,44,354542
21385,0.00968,172.31.46.0-255,66,166713,44,354542
21386,0.01223,74.125.130.0-255,5738,172451,44,354542
21387,0.01224,172.31.46.0-255,66,172517,44,354542
21388,0.014751,74.125.130.0-255,4320,176837,44,354542
21389,0.014759,172.31.46.0-255,66,176903,44,354542
21390,0.014777,74.125.130.0-255,1484,178387,44,354542
21391,0.017273,74.125.130.0-255,4320,182707,44,354542
21392,0.017279,172.31.46.0-255,66,182773,44,354542
21393,0.0198,74.125.130.0-255,5738,188511,44,354542
21394,0.019809,172.31.46.0-255,66,188577,44,354542
21395,0.022323,74.125.130.0-255,5738,194315,44,354542
21396,0.02233,172.31.46.0-255,66,194381,44,354542
21397,0.024851,74.125.130.0-255,5738,200119,44,354542
21398,0.024861,172.31.46.0-255,66,200185,44,354542
21399,0.027386,74.125.130.0-255,5738,205923,44,354542
21400,0.027396,172.31.46.0-255,66,205989,44,354542
21401,0.029915,74.125.130.0-255,5738,211727,44,354542
21402,0.029923,172.31.46.0-255,66,211793,44,354542
21403,0.032441,74.125.130.0-255,5738,217531,44,354542
21404,0.03245,172.31.46.0-255,66,217597,44,354542
21405,0.034969,74.125.130.0-255,5738,223335,44,354542
21406,0.034979,172.31.46.0-255,66,223401,44,354542
21407,0.037559,74.125.130.0-255,5738,229139,44,354542
21408,0.037575,172.31.46.0-255,66,229205,44,354542
21409,0.040109,74.125.130.0-255,5738,234943,44,354542
21410,0.040126,172.31.46.0-255,66,235009,44,354542
21411,0.042654,74.125.130.0-255,5738,240747,44,354542
21412,0.042667,172.31.46.0-255,66,240813,44,354542
21413,0.045218,74.125.130.0-255,5738,246551,44,354542
21414,0.045238,172.31.46.0-255,66,246617,44,354542
21415,0.047749,74.125.130.0-255,5738,252355,44,354542
21416,0.047759,172.31.46.0-255,66,252421,44,354542
21417,0.050309,74.125.130.0-255,5738,258159,44,354542
21418,0.050329,172.31.46.0-255,66,258225,44,354542
21419,0.052852,74.125.130.0-255,5738,263963,44,354542
21420,0.05286,172.31.46.0-255,66,264029,44,354542
21421,0.053604,172.31.46.0-255,172,264201,44,354542
21422,0.053636,172.31.46.0-255,1113,265314,44,354542
21423,0.053705,172.31.46.0-255,1514,266828,44,354542
21424,0.053707,172.31.46.0-255,1514,268342,44,354542
21425,0.053713,172.31.46.0-255,1514,269856,44,354542
21426,0.053714,172.31.46.0-255,1514,271370,44,354542
21427,0.053735,172.31.46.0-255,1514,272884,44,354542
21428,0.053736,172.31.46.0-255,72,272956,44,354542
21429,0.05515,104.244.42.0-255,66,273022,44,354542
21430,0.05519,104.244.42.0-255,66,273088,44,354542
21431,0.055278,104.244.42.0-255,66,273154,44,354542
21432,0.055284,104.244.42.0-255,66,273220,44,354542
21433,0.055362,74.125.130.0-255,5738,278958,44,354542
21434,0.055371,172.31.46.0-255,66,279024,44,354542
21435,0.057949,74.125.130.0-255,5738,284762,44,354542
21436,0.057969,172.31.46.0-255,66,284828,44,354542
21437,0.060506,74.125.130.0-255,5738,290566,44,354542
21438,0.060524,172.31.46.0-255,66,290632,44,354542
21439,0.063053,74.125.130.0-255,5738,296370,44,354542
21440,0.063072,172.31.46.0-255,66,296436,44,354542
21441,0.065611,74.125.130.0-255,5738,302174,44,354542
21442,0.065629,172.31.46.0-255,66,302240,44,354542
21443,0.068165,74.125.130.0-255,5738,307978,44,354542
21444,0.068181,172.31.46.0-255,66,308044,44,354542
21445,0.070699,74.125.130.0-255,5738,313782,44,354542
21446,0.070714,172.31.46.0-255,66,313848,44,354542
21447,0.073256,74.125.130.0-255,5738,319586,44,354542
21448,0.073273,172.31.46.0-255,66,319652,44,354542
21449,0.075812,74.125.130.0-255,5738,325390,44,354542
21450,0.075827,172.31.46.0-255,66,325456,44,354542
21451,0.078345,74.125.130.0-255,5738,331194,44,354542
21452,0.078352,172.31.46.0-255,66,331260,44,354542
21453,0.080907,74.125.130.0-255,5738,336998,44,354542
21454,0.080915,172.31.46.0-255,66,337064,44,354542
21455,0.083444,74.125.130.0-255,5738,342802,44,354542
21456,0.083451,172.31.46.0-255,66,342868,44,354542
21457,0.085951,74.125.130.0-255,5738,348606,44,354542
21458,0.085957,172.31.46.0-255,66,348672,44,354542
21459,0.088478,74.125.130.0-255,4320,352992,44,354542
21460,0.088486,172.31.46.0-255,66,353058,44,354542
21461,0.08851,74.125.130.0-255,1484,354542,44,354542
21462,0.0,74.125.24.0-255,292,292,44,307478
21463,2.3e-05,172.31.46.0-255,66,358,44,307478
21464,2.9e-05,74.125.24.0-255,1484,1842,44,307478
21465,3.2e-05,172.31.46.0-255,66,1908,44,307478
21466,3.9e-05,74.125.24.0-255,4320,6228,44,307478
21467,4.2e-05,172.31.46.0-255,66,6294,44,307478
21468,5.3e-05,172.31.46.0-255,66,6360,44,307478
21469,5.6e-05,74.125.24.0-255,1484,7844,44,307478
21470,5.9e-05,172.31.46.0-255,66,7910,44,307478
21471,6.5e-05,74.125.24.0-255,4320,12230,44,307478
21472,6.8e-05,172.31.46.0-255,66,12296,44,307478
21473,9.5e-05,172.31.46.0-255,66,12362,44,307478
21474,9.8e-05,74.125.24.0-255,1125,13487,44,307478
21475,0.0001,172.31.46.0-255,66,13553,44,307478
21476,0.000594,74.125.24.0-255,1484,15037,44,307478
21477,0.0006,172.31.46.0-255,66,15103,44,307478
21478,0.000605,74.125.24.0-255,2902,18005,44,307478
21479,0.000607,172.31.46.0-255,66,18071,44,307478
21480,0.000614,74.125.24.0-255,5738,23809,44,307478
21481,0.000616,172.31.46.0-255,66,23875,44,307478
21482,0.000638,74.125.24.0-255,1484,25359,44,307478
21483,0.00064,172.31.46.0-255,66,25425,44,307478
21484,0.000672,172.31.46.0-255,66,25491,44,307478
21485,0.000684,172.31.46.0-255,66,25557,44,307478
21486,0.000702,74.125.24.0-255,1395,26952,44,307478
21487,0.000704,172.31.46.0-255,66,27018,44,307478
21488,0.000968,74.125.24.0-255,384,27402,44,307478
21489,0.000974,172.31.46.0-255,66,27468,44,307478
21490,0.001484,74.125.24.0-255,1484,28952,44,307478
21491,0.001496,74.125.24.0-255,2902,31854,44,307478
21492,0.001503,74.125.24.0-255,5738,37592,44,307478
21493,0.001508,74.125.24.0-255,4320,41912,44,307478
21494,0.001522,74.125.24.0-255,1484,43396,44,307478
21495,0.001559,74.125.24.0-255,2902,46298,44,307478
21496,0.001579,74.125.24.0-255,5020,51318,44,307478
21497,0.00181,74.125.24.0-255,1484,52802,44,307478
21498,0.001818,74.125.24.0-255,2902,55704,44,307478
21499,0.00182,74.125.24.0-255,1484,57188,44,307478
21500,0.001842,74.125.24.0-255,4320,61508,44,307478
21501,0.001938,74.125.24.0-255,2902,64410,44,307478
21502,0.00204,74.125.24.0-255,1484,65894,44,307478
21503,0.003983,172.31.46.0-255,66,65960,44,307478
21504,0.004718,172.31.46.0-255,101,66061,44,307478
21505,0.006041,74.125.24.0-255,5738,71799,44,307478
21506,0.006066,172.31.46.0-255,66,71865,44,307478
21507,0.00672,74.125.24.0-255,66,71931,44,307478
21508,0.008118,74.125.24.0-255,5738,77669,44,307478
21509,0.008154,172.31.46.0-255,66,77735,44,307478
21510,0.010209,74.125.24.0-255,5738,83473,44,307478
21511,0.010218,172.31.46.0-255,66,83539,44,307478
21512,0.012295,74.125.24.0-255,5738,89277,44,307478
21513,0.012537,172.31.46.0-255,66,89343,44,307478
21514,0.014616,74.125.24.0-255,5738,95081,44,307478
21515,0.014626,172.31.46.0-255,66,95147,44,307478
21516,0.01672,74.125.24.0-255,5738,100885,44,307478
21517,0.016731,172.31.46.0-255,66,100951,44,307478
21518,0.018795,74.125.24.0-255,5738,106689,44,307478
21519,0.018806,172.31.46.0-255,66,106755,44,307478
21520,0.020865,74.125.24.0-255,5738,112493,44,307478
21521,0.020873,172.31.46.0-255,66,112559,44,307478
21522,0.022929,74.125.24.0-255,5738,118297,44,307478
21523,0.022936,172.31.46.0-255,66,118363,44,307478
21524,0.024966,74.125.24.0-255,5738,124101,44,307478
21525,0.024973,172.31.46.0-255,66,124167,44,307478
21526,0.027042,74.125.24.0-255,5738,129905,44,307478
21527,0.027048,172.31.46.0-255,66,129971,44,307478
21528,0.02912,74.125.24.0-255,5738,135709,44,307478
21529,0.029127,172.31.46.0-255,66,135775,44,307478
21530,0.031196,74.125.24.0-255,5738,141513,44,307478
21531,0.031203,172.31.46.0-255,66,141579,44,307478
21532,0.033277,74.125.24.0-255,5738,147317,44,307478
21533,0.033285,172.31.46.0-255,66,147383,44,307478
21534,0.035329,74.125.24.0-255,5738,153121,44,307478
21535,0.035336,172.31.46.0-255,66,153187,44,307478
21536,0.037424,74.125.24.0-255,5738,158925,44,307478
21537,0.038218,172.31.46.0-255,66,158991,44,307478
21538,0.039785,172.31.46.0-255,172,159163,44,307478
21539,0.039815,172.31.46.0-255,1114,160277,44,307478
21540,0.039882,172.31.46.0-255,1514,161791,44,307478
21541,0.039884,172.31.46.0-255,1514,163305,44,307478
21542,0.039885,172.31.46.0-255,1514,164819,44,307478
21543,0.039887,172.31.46.0-255,1514,166333,44,307478
21544,0.039916,172.31.46.0-255,1514,167847,44,307478
21545,0.039918,172.31.46.0-255,71,167918,44,307478
21546,0.040299,74.125.24.0-255,5738,173656,44,307478
21547,0.040307,172.31.46.0-255,66,173722,44,307478
21548,0.041332,104.244.42.0-255,66,173788,44,307478
21549,0.041467,104.244.42.0-255,66,173854,44,307478
21550,0.041497,104.244.42.0-255,66,173920,44,307478
21551,0.041502,104.244.42.0-255,66,173986,44,307478
21552,0.042386,74.125.24.0-255,5738,179724,44,307478
21553,0.042392,172.31.46.0-255,66,179790,44,307478
21554,0.044457,74.125.24.0-255,5738,185528,44,307478
21555,0.044463,172.31.46.0-255,66,185594,44,307478
21556,0.046523,74.125.24.0-255,5738,191332,44,307478
21557,0.046529,172.31.46.0-255,66,191398,44,307478
21558,0.048628,74.125.24.0-255,5738,197136,44,307478
21559,0.048635,172.31.46.0-255,66,197202,44,307478
21560,0.050712,74.125.24.0-255,5738,202940,44,307478
21561,0.050719,172.31.46.0-255,66,203006,44,307478
21562,0.052782,74.125.24.0-255,5738,208744,44,307478
21563,0.052788,172.31.46.0-255,66,208810,44,307478
21564,0.054884,74.125.24.0-255,5738,214548,44,307478
21565,0.054889,172.31.46.0-255,66,214614,44,307478
21566,0.056934,74.125.24.0-255,5738,220352,44,307478
21567,0.056939,172.31.46.0-255,66,220418,44,307478
21568,0.059008,74.125.24.0-255,5738,226156,44,307478
21569,0.059016,172.31.46.0-255,66,226222,44,307478
21570,0.061093,74.125.24.0-255,5738,231960,44,307478
21571,0.061099,172.31.46.0-255,66,232026,44,307478
21572,0.063222,74.125.24.0-255,5738,237764,44,307478
21573,0.063228,172.31.46.0-255,66,237830,44,307478
21574,0.065275,74.125.24.0-255,5738,243568,44,307478
21575,0.065281,172.31.46.0-255,66,243634,44,307478
21576,0.067322,74.125.24.0-255,5738,249372,44,307478
21577,0.067329,172.31.46.0-255,66,249438,44,307478
21578,0.069408,74.125.24.0-255,5738,255176,44,307478
21579,0.069415,172.31.46.0-255,66,255242,44,307478
21580,0.07147,74.125.24.0-255,5738,260980,44,307478
21581,0.071476,172.31.46.0-255,66,261046,44,307478
21582,0.07352,74.125.24.0-255,5738,266784,44,307478
21583,0.073525,172.31.46.0-255,66,266850,44,307478
21584,0.075595,74.125.24.0-255,5738,272588,44,307478
21585,0.075603,172.31.46.0-255,66,272654,44,307478
21586,0.077673,74.125.24.0-255,5738,278392,44,307478
21587,0.077678,172.31.46.0-255,66,278458,44,307478
21588,0.079734,74.125.24.0-255,5738,284196,44,307478
21589,0.079739,172.31.46.0-255,66,284262,44,307478
21590,0.081809,74.125.24.0-255,5738,290000,44,307478
21591,0.081815,172.31.46.0-255,66,290066,44,307478
21592,0.083863,74.125.24.0-255,5738,295804,44,307478
21593,0.083869,172.31.46.0-255,66,295870,44,307478
21594,0.085918,74.125.24.0-255,5738,301608,44,307478
21595,0.085924,172.31.46.0-255,66,301674,44,307478
21596,0.087984,74.125.24.0-255,5738,307412,44,307478
21597,0.08799,172.31.46.0-255,66,307478,44,307478
21598,0.0,172.217.194.0-255,146,146,44,304649
21599,1.9e-05,172.31.46.0-255,66,212,44,304649
21600,2.6e-05,172.217.194.0-255,1484,1696,44,304649
21601,3.1e-05,172.31.46.0-255,66,1762,44,304649
21602,3.7e-05,172.217.194.0-255,2902,4664,44,304649
21603,5e-05,172.31.46.0-255,66,4730,44,304649
21604,5.8e-05,172.217.194.0-255,7156,11886,44,304649
21605,6.1e-05,172.31.46.0-255,66,11952,44,304649
21606,6.5e-05,172.217.194.0-255,2105,14057,44,304649
21607,6.8e-05,172.31.46.0-255,66,14123,44,304649
21608,0.000187,172.217.194.0-255,1484,15607,44,304649
21609,0.000191,172.31.46.0-255,66,15673,44,304649
21610,0.000197,172.217.194.0-255,2902,18575,44,304649
21611,0.0002,172.31.46.0-255,66,18641,44,304649
21612,0.000212,172.217.194.0-255,5738,24379,44,304649
21613,0.000215,172.31.46.0-255,66,24445,44,304649
21614,0.000252,172.217.194.0-255,6797,31242,44,304649
21615,0.000255,172.31.46.0-255,66,31308,44,304649
21616,0.000275,172.217.194.0-255,1484,32792,44,304649
21617,0.000278,172.31.46.0-255,66,32858,44,304649
21618,0.000307,172.217.194.0-255,5738,38596,44,304649
21619,0.00031,172.31.46.0-255,66,38662,44,304649
21620,0.000321,172.31.46.0-255,66,38728,44,304649
21621,0.001807,172.217.194.0-255,1484,40212,44,304649
21622,0.001815,172.31.46.0-255,66,40278,44,304649
21623,0.001825,172.217.194.0-255,2902,43180,44,304649
21624,0.001832,172.31.46.0-255,66,43246,44,304649
21625,0.00184,172.217.194.0-255,5738,48984,44,304649
21626,0.001842,172.31.46.0-255,66,49050,44,304649
21627,0.001865,172.217.194.0-255,1484,50534,44,304649
21628,0.001867,172.31.46.0-255,66,50600,44,304649
21629,0.001904,172.31.46.0-255,66,50666,44,304649
21630,0.001919,172.31.46.0-255,66,50732,44,304649
21631,0.001927,172.217.194.0-255,7156,57888,44,304649
21632,0.001929,172.31.46.0-255,66,57954,44,304649
21633,0.001965,172.217.194.0-255,5020,62974,44,304649
21634,0.001967,172.31.46.0-255,66,63040,44,304649
21635,0.002123,172.217.194.0-255,647,63687,44,304649
21636,0.00214,172.217.194.0-255,1484,65171,44,304649
21637,0.002143,172.31.46.0-255,66,65237,44,304649
21638,0.002164,172.217.194.0-255,4320,69557,44,304649
21639,0.002167,172.31.46.0-255,66,69623,44,304649
21640,0.002173,172.217.194.0-255,4320,73943,44,304649
21641,0.002175,172.31.46.0-255,66,74009,44,304649
21642,0.0022,172.217.194.0-255,2902,76911,44,304649
21643,0.002202,172.31.46.0-255,66,76977,44,304649
21644,0.002228,172.217.194.0-255,3296,80273,44,304649
21645,0.002231,172.31.46.0-255,66,80339,44,304649
21646,0.004499,172.217.194.0-255,1484,81823,44,304649
21647,0.004519,172.217.194.0-255,4320,86143,44,304649
21648,0.004523,172.31.46.0-255,66,86209,44,304649
21649,0.006826,172.217.194.0-255,5738,91947,44,304649
21650,0.006832,172.31.46.0-255,66,92013,44,304649
21651,0.009119,172.217.194.0-255,5738,97751,44,304649
21652,0.009127,172.31.46.0-255,66,97817,44,304649
21653,0.011423,172.217.194.0-255,5738,103555,44,304649
21654,0.011431,172.31.46.0-255,66,103621,44,304649
21655,0.01372,172.217.194.0-255,5738,109359,44,304649
21656,0.013727,172.31.46.0-255,66,109425,44,304649
21657,0.016026,172.217.194.0-255,5738,115163,44,304649
21658,0.016038,172.31.46.0-255,66,115229,44,304649
21659,0.018318,172.217.194.0-255,5738,120967,44,304649
21660,0.018326,172.31.46.0-255,66,121033,44,304649
21661,0.020655,172.217.194.0-255,5738,126771,44,304649
21662,0.020669,172.31.46.0-255,66,126837,44,304649
21663,0.022996,172.217.194.0-255,5738,132575,44,304649
21664,0.023004,172.31.46.0-255,66,132641,44,304649
21665,0.025301,172.217.194.0-255,5738,138379,44,304649
21666,0.02531,172.31.46.0-255,66,138445,44,304649
21667,0.027606,172.217.194.0-255,5738,144183,44,304649
21668,0.027616,172.31.46.0-255,66,144249,44,304649
21669,0.02993,172.217.194.0-255,5738,149987,44,304649
21670,0.029939,172.31.46.0-255,66,150053,44,304649
21671,0.032252,172.217.194.0-255,5738,155791,44,304649
21672,0.03226,172.31.46.0-255,66,155857,44,304649
21673,0.034379,172.31.46.0-255,172,156029,44,304649
21674,0.034413,172.31.46.0-255,1114,157143,44,304649
21675,0.034481,172.31.46.0-255,1514,158657,44,304649
21676,0.034483,172.31.46.0-255,1514,160171,44,304649
21677,0.034484,172.31.46.0-255,1514,161685,44,304649
21678,0.034485,172.31.46.0-255,1514,163199,44,304649
21679,0.034513,172.31.46.0-255,1514,164713,44,304649
21680,0.034514,172.31.46.0-255,70,164783,44,304649
21681,0.034571,172.217.194.0-255,5738,170521,44,304649
21682,0.034576,172.31.46.0-255,66,170587,44,304649
21683,0.035941,104.244.42.0-255,66,170653,44,304649
21684,0.035962,104.244.42.0-255,66,170719,44,304649
21685,0.036057,104.244.42.0-255,66,170785,44,304649
21686,0.036062,104.244.42.0-255,66,170851,44,304649
21687,0.036695,104.244.42.0-255,108,170959,44,304649
21688,0.036703,172.31.46.0-255,66,171025,44,304649
21689,0.036881,172.217.194.0-255,5738,176763,44,304649
21690,0.036885,172.31.46.0-255,66,176829,44,304649
21691,0.039179,172.217.194.0-255,5738,182567,44,304649
21692,0.039185,172.31.46.0-255,66,182633,44,304649
21693,0.041493,172.217.194.0-255,5738,188371,44,304649
21694,0.0415,172.31.46.0-255,66,188437,44,304649
21695,0.043834,172.217.194.0-255,5738,194175,44,304649
21696,0.043839,172.31.46.0-255,66,194241,44,304649
21697,0.046159,172.217.194.0-255,5738,199979,44,304649
21698,0.046166,172.31.46.0-255,66,200045,44,304649
21699,0.04848,172.217.194.0-255,5738,205783,44,304649
21700,0.048486,172.31.46.0-255,66,205849,44,304649
21701,0.050787,172.217.194.0-255,5738,211587,44,304649
21702,0.050793,172.31.46.0-255,66,211653,44,304649
21703,0.053099,172.217.194.0-255,5738,217391,44,304649
21704,0.053106,172.31.46.0-255,66,217457,44,304649
21705,0.05543,172.217.194.0-255,5738,223195,44,304649
21706,0.055437,172.31.46.0-255,66,223261,44,304649
21707,0.057737,172.217.194.0-255,5738,228999,44,304649
21708,0.057743,172.31.46.0-255,66,229065,44,304649
21709,0.060057,172.217.194.0-255,5738,234803,44,304649
21710,0.060062,172.31.46.0-255,66,234869,44,304649
21711,0.062359,172.217.194.0-255,5738,240607,44,304649
21712,0.062364,172.31.46.0-255,66,240673,44,304649
21713,0.064674,172.217.194.0-255,5738,246411,44,304649
21714,0.064679,172.31.46.0-255,66,246477,44,304649
21715,0.066986,172.217.194.0-255,5738,252215,44,304649
21716,0.066995,172.31.46.0-255,66,252281,44,304649
21717,0.069315,172.217.194.0-255,5738,258019,44,304649
21718,0.069322,172.31.46.0-255,66,258085,44,304649
21719,0.071621,172.217.194.0-255,5738,263823,44,304649
21720,0.071627,172.31.46.0-255,66,263889,44,304649
21721,0.073945,172.217.194.0-255,5738,269627,44,304649
21722,0.073951,172.31.46.0-255,66,269693,44,304649
21723,0.076246,172.217.194.0-255,5738,275431,44,304649
21724,0.076253,172.31.46.0-255,66,275497,44,304649
21725,0.078546,172.217.194.0-255,5738,281235,44,304649
21726,0.078553,172.31.46.0-255,66,281301,44,304649
21727,0.080869,172.217.194.0-255,5738,287039,44,304649
21728,0.080877,172.31.46.0-255,66,287105,44,304649
21729,0.083186,172.217.194.0-255,2902,290007,44,304649
21730,0.083192,172.31.46.0-255,66,290073,44,304649
21731,0.083216,172.217.194.0-255,2902,292975,44,304649
21732,0.08322,172.31.46.0-255,66,293041,44,304649
21733,0.08551,172.217.194.0-255,5738,298779,44,304649
21734,0.085517,172.31.46.0-255,66,298845,44,304649
21735,0.08783,172.217.194.0-255,5738,304583,44,304649
21736,0.087837,172.31.46.0-255,66,304649,44,304649
21737,0.0,74.125.200.0-255,150,150,44,363049
21738,2.5e-05,172.31.46.0-255,66,216,44,363049
21739,3.2e-05,74.125.200.0-255,1484,1700,44,363049
21740,3.8e-05,172.31.46.0-255,66,1766,44,363049
21741,4.4e-05,74.125.200.0-255,2902,4668,44,363049
21742,4.8e-05,172.31.46.0-255,66,4734,44,363049
21743,5.7e-05,74.125.200.0-255,7156,11890,44,363049
21744,6e-05,172.31.46.0-255,66,11956,44,363049
21745,6.5e-05,74.125.200.0-255,1993,13949,44,363049
21746,6.7e-05,172.31.46.0-255,66,14015,44,363049
21747,9.8e-05,74.125.200.0-255,1484,15499,44,363049
21748,0.000101,172.31.46.0-255,66,15565,44,363049
21749,0.000116,74.125.200.0-255,2902,18467,44,363049
21750,0.000119,172.31.46.0-255,66,18533,44,363049
21751,0.000136,74.125.200.0-255,4320,22853,44,363049
21752,0.000138,172.31.46.0-255,66,22919,44,363049
21753,0.000165,74.125.200.0-255,1484,24403,44,363049
21754,0.000167,172.31.46.0-255,66,24469,44,363049
21755,0.000176,74.125.200.0-255,6797,31266,44,363049
21756,0.000178,172.31.46.0-255,66,31332,44,363049
21757,0.000205,74.125.200.0-255,1484,32816,44,363049
21758,0.000208,172.31.46.0-255,66,32882,44,363049
21759,0.000245,74.125.200.0-255,1484,34366,44,363049
21760,0.000249,172.31.46.0-255,66,34432,44,363049
21761,0.000258,74.125.200.0-255,2902,37334,44,363049
21762,0.000261,172.31.46.0-255,66,37400,44,363049
21763,0.000296,74.125.200.0-255,5738,43138,44,363049
21764,0.000298,172.31.46.0-255,66,43204,44,363049
21765,0.000305,74.125.200.0-255,5379,48583,44,363049
21766,0.000307,172.31.46.0-255,66,48649,44,363049
21767,0.000402,74.125.200.0-255,1484,50133,44,363049
21768,0.000405,172.31.46.0-255,66,50199,44,363049
21769,0.000428,74.125.200.0-255,2902,53101,44,363049
21770,0.000437,74.125.200.0-255,5738,58839,44,363049
21771,0.000464,74.125.200.0-255,1484,60323,44,363049
21772,0.000485,74.125.200.0-255,4320,64643,44,363049
21773,0.000489,74.125.200.0-255,1425,66068,44,363049
21774,0.00062,74.125.200.0-255,378,66446,44,363049
21775,0.000652,172.31.46.0-255,66,66512,44,363049
21776,0.000734,74.125.200.0-255,1484,67996,44,363049
21777,0.000751,74.125.200.0-255,1484,69480,44,363049
21778,0.000756,74.125.200.0-255,2902,72382,44,363049
21779,0.000772,74.125.200.0-255,5738,78120,44,363049
21780,0.000779,172.31.46.0-255,66,78186,44,363049
21781,0.000802,74.125.200.0-255,5379,83565,44,363049
21782,0.000826,172.31.46.0-255,66,83631,44,363049
21783,0.000875,74.125.200.0-255,1484,85115,44,363049
21784,0.000892,74.125.200.0-255,2902,88017,44,363049
21785,0.000895,74.125.200.0-255,1484,89501,44,363049
21786,0.000909,74.125.200.0-255,2902,92403,44,363049
21787,0.000926,172.31.46.0-255,66,92469,44,363049
21788,0.000944,74.125.200.0-255,5738,98207,44,363049
21789,0.000948,74.125.200.0-255,2543,100750,44,363049
21790,0.000971,172.31.46.0-255,66,100816,44,363049
21791,0.002016,74.125.200.0-255,1484,102300,44,363049
21792,0.002028,74.125.200.0-255,2902,105202,44,363049
21793,0.002034,172.31.46.0-255,66,105268,44,363049
21794,0.002041,74.125.200.0-255,2902,108170,44,363049
21795,0.002043,172.31.46.0-255,66,108236,44,363049
21796,0.00206,74.125.200.0-255,2902,111138,44,363049
21797,0.002091,74.125.200.0-255,2902,114040,44,363049
21798,0.002122,74.125.200.0-255,2184,116224,44,363049
21799,0.002161,74.125.200.0-255,1484,117708,44,363049
21800,0.002165,74.125.200.0-255,1484,119192,44,363049
21801,0.002181,74.125.200.0-255,1484,120676,44,363049
21802,0.002186,74.125.200.0-255,2902,123578,44,363049
21803,0.002203,74.125.200.0-255,2902,126480,44,363049
21804,0.002207,74.125.200.0-255,1484,127964,44,363049
21805,0.002276,74.125.200.0-255,2184,130148,44,363049
21806,0.002346,74.125.200.0-255,1484,131632,44,363049
21807,0.002359,74.125.200.0-255,1484,133116,44,363049
21808,0.002384,74.125.200.0-255,2902,136018,44,363049
21809,0.002414,74.125.200.0-255,5738,141756,44,363049
21810,0.002418,74.125.200.0-255,2902,144658,44,363049
21811,0.002428,74.125.200.0-255,2902,147560,44,363049
21812,0.00244,74.125.200.0-255,1484,149044,44,363049
21813,0.002462,74.125.200.0-255,5738,154782,44,363049
21814,0.00248,74.125.200.0-255,2902,157684,44,363049
21815,0.002485,74.125.200.0-255,4320,162004,44,363049
21816,0.00252,74.125.200.0-255,2184,164188,44,363049
21817,0.005008,172.31.46.0-255,66,164254,44,363049
21818,0.007499,74.125.200.0-255,5738,169992,44,363049
21819,0.00751,172.31.46.0-255,66,170058,44,363049
21820,0.009998,74.125.200.0-255,5738,175796,44,363049
21821,0.01001,172.31.46.0-255,66,175862,44,363049
21822,0.012506,74.125.200.0-255,5738,181600,44,363049
21823,0.012524,172.31.46.0-255,66,181666,44,363049
21824,0.015022,74.125.200.0-255,5738,187404,44,363049
21825,0.016812,172.31.46.0-255,66,187470,44,363049
21826,0.01929,74.125.200.0-255,5738,193208,44,363049
21827,0.019298,172.31.46.0-255,66,193274,44,363049
21828,0.021798,74.125.200.0-255,5738,199012,44,363049
21829,0.021808,172.31.46.0-255,66,199078,44,363049
21830,0.024324,74.125.200.0-255,5738,204816,44,363049
21831,0.024333,172.31.46.0-255,66,204882,44,363049
21832,0.026809,74.125.200.0-255,5738,210620,44,363049
21833,0.026816,172.31.46.0-255,66,210686,44,363049
21834,0.029305,74.125.200.0-255,5738,216424,44,363049
21835,0.029314,172.31.46.0-255,66,216490,44,363049
21836,0.030192,172.31.46.0-255,172,216662,44,363049
21837,0.03023,172.31.46.0-255,1113,217775,44,363049
21838,0.030301,172.31.46.0-255,1514,219289,44,363049
21839,0.030303,172.31.46.0-255,1514,220803,44,363049
21840,0.030304,172.31.46.0-255,1514,222317,44,363049
21841,0.030305,172.31.46.0-255,1514,223831,44,363049
21842,0.030307,172.31.46.0-255,557,224388,44,363049
21843,0.031795,74.125.200.0-255,5738,230126,44,363049
21844,0.031806,172.31.46.0-255,66,230192,44,363049
21845,0.03184,104.244.42.0-255,66,230258,44,363049
21846,0.034298,74.125.200.0-255,5738,235996,44,363049
21847,0.034308,172.31.46.0-255,66,236062,44,363049
21848,0.036804,74.125.200.0-255,5738,241800,44,363049
21849,0.036814,172.31.46.0-255,66,241866,44,363049
21850,0.039307,74.125.200.0-255,5738,247604,44,363049
21851,0.039316,172.31.46.0-255,66,247670,44,363049
21852,0.041795,74.125.200.0-255,5738,253408,44,363049
21853,0.041803,172.31.46.0-255,66,253474,44,363049
21854,0.044286,74.125.200.0-255,5738,259212,44,363049
21855,0.044299,172.31.46.0-255,66,259278,44,363049
21856,0.046797,74.125.200.0-255,5738,265016,44,363049
21857,0.046811,172.31.46.0-255,66,265082,44,363049
21858,0.049291,74.125.200.0-255,5738,270820,44,363049
21859,0.049299,172.31.46.0-255,66,270886,44,363049
21860,0.051791,74.125.200.0-255,5738,276624,44,363049
21861,0.051798,172.31.46.0-255,66,276690,44,363049
21862,0.054274,74.125.200.0-255,5738,282428,44,363049
21863,0.054283,172.31.46.0-255,66,282494,44,363049
21864,0.056776,74.125.200.0-255,5738,288232,44,363049
21865,0.056783,172.31.46.0-255,66,288298,44,363049
21866,0.05927,74.125.200.0-255,5738,294036,44,363049
21867,0.059277,172.31.46.0-255,66,294102,44,363049
21868,0.061754,74.125.200.0-255,5738,299840,44,363049
21869,0.06176,172.31.46.0-255,66,299906,44,363049
21870,0.064238,74.125.200.0-255,5738,305644,44,363049
21871,0.064245,172.31.46.0-255,66,305710,44,363049
21872,0.066723,74.125.200.0-255,5738,311448,44,363049
21873,0.066728,172.31.46.0-255,66,311514,44,363049
21874,0.06921,74.125.200.0-255,5738,317252,44,363049
21875,0.069216,172.31.46.0-255,66,317318,44,363049
21876,0.07171,74.125.200.0-255,5738,323056,44,363049
21877,0.071717,172.31.46.0-255,66,323122,44,363049
21878,0.072277,104.244.42.0-255,66,323188,44,363049
21879,0.07419,74.125.200.0-255,5738,328926,44,363049
21880,0.074194,172.31.46.0-255,66,328992,44,363049
21881,0.07667,74.125.200.0-255,5738,334730,44,363049
21882,0.076677,172.31.46.0-255,66,334796,44,363049
21883,0.079156,74.125.200.0-255,5738,340534,44,363049
21884,0.079162,172.31.46.0-255,66,340600,44,363049
21885,0.081639,74.125.200.0-255,5738,346338,44,363049
21886,0.081645,172.31.46.0-255,66,346404,44,363049
21887,0.084139,74.125.200.0-255,5738,352142,44,363049
21888,0.084146,172.31.46.0-255,66,352208,44,363049
21889,0.086635,74.125.200.0-255,5738,357946,44,363049
21890,0.086642,172.31.46.0-255,66,358012,44,363049
21891,0.089126,74.125.200.0-255,4866,362878,44,363049
21892,0.089133,172.31.46.0-255,66,362944,44,363049
21893,0.089332,172.31.46.0-255,105,363049,44,363049
21894,0.0,172.217.194.0-255,146,146,44,120004
21895,2.5e-05,172.31.46.0-255,66,212,44,120004
21896,3.2e-05,172.217.194.0-255,1484,1696,44,120004
21897,3.7e-05,172.31.46.0-255,66,1762,44,120004
21898,4.3e-05,172.217.194.0-255,2902,4664,44,120004
21899,4.6e-05,172.31.46.0-255,66,4730,44,120004
21900,5.4e-05,172.217.194.0-255,7156,11886,44,120004
21901,5.8e-05,172.31.46.0-255,66,11952,44,120004
21902,7.5e-05,172.217.194.0-255,2078,14030,44,120004
21903,7.8e-05,172.31.46.0-255,66,14096,44,120004
21904,0.000427,172.217.194.0-255,1484,15580,44,120004
21905,0.000432,172.31.46.0-255,66,15646,44,120004
21906,0.000438,172.217.194.0-255,2902,18548,44,120004
21907,0.000441,172.31.46.0-255,66,18614,44,120004
21908,0.000448,172.217.194.0-255,5738,24352,44,120004
21909,0.00045,172.31.46.0-255,66,24418,44,120004
21910,0.000455,172.217.194.0-255,4320,28738,44,120004
21911,0.000457,172.31.46.0-255,66,28804,44,120004
21912,0.00049,172.31.46.0-255,66,28870,44,120004
21913,0.000493,172.217.194.0-255,1484,30354,44,120004
21914,0.000494,172.31.46.0-255,66,30420,44,120004
21915,0.000518,172.217.194.0-255,2902,33322,44,120004
21916,0.00052,172.31.46.0-255,66,33388,44,120004
21917,0.000555,172.31.46.0-255,66,33454,44,120004
21918,0.000561,172.217.194.0-255,6438,39892,44,120004
21919,0.000563,172.31.46.0-255,66,39958,44,120004
21920,0.0006,172.217.194.0-255,379,40337,44,120004
21921,0.000602,172.31.46.0-255,66,40403,44,120004
21922,0.000639,172.217.194.0-255,366,40769,44,120004
21923,0.000642,172.31.46.0-255,66,40835,44,120004
21924,0.00095,172.217.194.0-255,1484,42319,44,120004
21925,0.000957,172.217.194.0-255,2902,45221,44,120004
21926,0.00096,172.31.46.0-255,66,45287,44,120004
21927,0.000983,172.217.194.0-255,5738,51025,44,120004
21928,0.000994,172.31.46.0-255,66,51091,44,120004
21929,0.001011,172.31.46.0-255,66,51157,44,120004
21930,0.001051,172.217.194.0-255,4320,55477,44,120004
21931,0.00106,172.31.46.0-255,66,55543,44,120004
21932,0.001098,172.31.46.0-255,66,55609,44,120004
21933,0.001253,172.217.194.0-255,1484,57093,44,120004
21934,0.001258,172.217.194.0-255,2902,59995,44,120004
21935,0.00126,172.31.46.0-255,66,60061,44,120004
21936,0.001272,172.217.194.0-255,1484,61545,44,120004
21937,0.001285,172.217.194.0-255,4320,65865,44,120004
21938,0.001308,172.31.46.0-255,66,65931,44,120004
21939,0.001312,172.31.46.0-255,66,65997,44,120004
21940,0.00133,172.217.194.0-255,4320,70317,44,120004
21941,0.001342,172.31.46.0-255,66,70383,44,120004
21942,0.001359,172.217.194.0-255,2184,72567,44,120004
21943,0.001365,172.31.46.0-255,66,72633,44,120004
21944,0.001799,172.217.194.0-255,1484,74117,44,120004
21945,0.001809,172.217.194.0-255,2902,77019,44,120004
21946,0.001813,172.31.46.0-255,66,77085,44,120004
21947,0.001821,172.217.194.0-255,5738,82823,44,120004
21948,0.002007,172.217.194.0-255,1484,84307,44,120004
21949,0.002014,172.217.194.0-255,2902,87209,44,120004
21950,0.002033,172.217.194.0-255,5738,92947,44,120004
21951,0.002066,172.217.194.0-255,1484,94431,44,120004
21952,0.002115,172.217.194.0-255,4320,98751,44,120004
21953,0.002186,172.217.194.0-255,1484,100235,44,120004
21954,0.002211,172.217.194.0-255,7156,107391,44,120004
21955,0.002243,172.217.194.0-255,1484,108875,44,120004
21956,0.002296,172.217.194.0-255,2902,111777,44,120004
21957,0.002392,172.217.194.0-255,5738,117515,44,120004
21958,0.002525,172.217.194.0-255,97,117612,44,120004
21959,0.002527,172.217.194.0-255,105,117717,44,120004
21960,0.004911,172.31.46.0-255,66,117783,44,120004
21961,0.006618,172.31.46.0-255,105,117888,44,120004
21962,0.009146,172.217.194.0-255,66,117954,44,120004
21963,0.037146,172.31.46.0-255,172,118126,44,120004
21964,0.03718,172.31.46.0-255,1114,119240,44,120004
21965,0.037235,172.31.46.0-255,566,119806,44,120004
21966,0.038681,104.244.42.0-255,66,119872,44,120004
21967,0.038704,104.244.42.0-255,66,119938,44,120004
21968,0.038753,104.244.42.0-255,66,120004,44,120004
21969,0.0,74.125.200.0-255,150,150,44,365106
21970,2.7e-05,172.31.46.0-255,66,216,44,365106
21971,3.5e-05,74.125.200.0-255,1484,1700,44,365106
21972,4e-05,172.31.46.0-255,66,1766,44,365106
21973,4.5e-05,74.125.200.0-255,2902,4668,44,365106
21974,4.8e-05,172.31.46.0-255,66,4734,44,365106
21975,5.3e-05,74.125.200.0-255,4320,9054,44,365106
21976,5.6e-05,172.31.46.0-255,66,9120,44,365106
21977,8.5e-05,74.125.200.0-255,4842,13962,44,365106
21978,8.8e-05,172.31.46.0-255,66,14028,44,365106
21979,0.000185,74.125.200.0-255,1484,15512,44,365106
21980,0.000188,172.31.46.0-255,66,15578,44,365106
21981,0.000202,74.125.200.0-255,2902,18480,44,365106
21982,0.000204,172.31.46.0-255,66,18546,44,365106
21983,0.000227,74.125.200.0-255,1484,20030,44,365106
21984,0.000229,172.31.46.0-255,66,20096,44,365106
21985,0.000233,74.125.200.0-255,1484,21580,44,365106
21986,0.000235,172.31.46.0-255,66,21646,44,365106
21987,0.00025,74.125.200.0-255,1484,23130,44,365106
21988,0.000252,172.31.46.0-255,66,23196,44,365106
21989,0.000259,74.125.200.0-255,5738,28934,44,365106
21990,0.00026,172.31.46.0-255,66,29000,44,365106
21991,0.000285,74.125.200.0-255,2543,31543,44,365106
21992,0.000288,172.31.46.0-255,66,31609,44,365106
21993,0.000423,74.125.200.0-255,1484,33093,44,365106
21994,0.000427,172.31.46.0-255,66,33159,44,365106
21995,0.00047,74.125.200.0-255,2902,36061,44,365106
21996,0.000473,172.31.46.0-255,66,36127,44,365106
21997,0.000517,74.125.200.0-255,5738,41865,44,365106
21998,0.000519,172.31.46.0-255,66,41931,44,365106
21999,0.000524,74.125.200.0-255,2902,44833,44,365106
22000,0.000526,172.31.46.0-255,66,44899,44,365106
22001,0.000541,74.125.200.0-255,3961,48860,44,365106
22002,0.000601,172.31.46.0-255,66,48926,44,365106
22003,0.000977,74.125.200.0-255,1484,50410,44,365106
22004,0.000986,74.125.200.0-255,2902,53312,44,365106
22005,0.000996,172.31.46.0-255,66,53378,44,365106
22006,0.001014,74.125.200.0-255,5738,59116,44,365106
22007,0.001032,74.125.200.0-255,5738,64854,44,365106
22008,0.001047,172.31.46.0-255,66,64920,44,365106
22009,0.00105,74.125.200.0-255,1125,66045,44,365106
22010,0.001077,74.125.200.0-255,1484,67529,44,365106
22011,0.001089,74.125.200.0-255,2902,70431,44,365106
22012,0.001094,172.31.46.0-255,66,70497,44,365106
22013,0.001117,74.125.200.0-255,5738,76235,44,365106
22014,0.001132,74.125.200.0-255,1484,77719,44,365106
22015,0.001146,74.125.200.0-255,4320,82039,44,365106
22016,0.00115,172.31.46.0-255,66,82105,44,365106
22017,0.001166,74.125.200.0-255,1704,83809,44,365106
22018,0.001178,172.31.46.0-255,66,83875,44,365106
22019,0.001185,74.125.200.0-255,1484,85359,44,365106
22020,0.0012,74.125.200.0-255,2902,88261,44,365106
22021,0.001214,74.125.200.0-255,5738,93999,44,365106
22022,0.001225,172.31.46.0-255,66,94065,44,365106
22023,0.001237,74.125.200.0-255,4320,98385,44,365106
22024,0.001265,172.31.46.0-255,66,98451,44,365106
22025,0.001274,74.125.200.0-255,2543,100994,44,365106
22026,0.001297,172.31.46.0-255,66,101060,44,365106
22027,0.001877,74.125.200.0-255,1484,102544,44,365106
22028,0.001884,74.125.200.0-255,2902,105446,44,365106
22029,0.001888,172.31.46.0-255,66,105512,44,365106
22030,0.001913,74.125.200.0-255,5738,111250,44,365106
22031,0.001921,172.31.46.0-255,66,111316,44,365106
22032,0.00194,74.125.200.0-255,4320,115636,44,365106
22033,0.00195,172.31.46.0-255,66,115702,44,365106
22034,0.001992,74.125.200.0-255,4320,120022,44,365106
22035,0.00201,172.31.46.0-255,66,120088,44,365106
22036,0.002017,74.125.200.0-255,6438,126526,44,365106
22037,0.002022,172.31.46.0-255,66,126592,44,365106
22038,0.002282,74.125.200.0-255,1484,128076,44,365106
22039,0.002289,74.125.200.0-255,2902,130978,44,365106
22040,0.002293,172.31.46.0-255,66,131044,44,365106
22041,0.002297,74.125.200.0-255,1484,132528,44,365106
22042,0.00232,74.125.200.0-255,4320,136848,44,365106
22043,0.002336,74.125.200.0-255,4320,141168,44,365106
22044,0.002384,74.125.200.0-255,5738,146906,44,365106
22045,0.002403,172.31.46.0-255,66,146972,44,365106
22046,0.004716,74.125.200.0-255,5738,152710,44,365106
22047,0.004739,172.31.46.0-255,66,152776,44,365106
22048,0.007059,74.125.200.0-255,5738,158514,44,365106
22049,0.008911,172.31.46.0-255,66,158580,44,365106
22050,0.011243,74.125.200.0-255,5738,164318,44,365106
22051,0.011262,172.31.46.0-255,66,164384,44,365106
22052,0.013595,74.125.200.0-255,5738,170122,44,365106
22053,0.013612,172.31.46.0-255,66,170188,44,365106
22054,0.015961,74.125.200.0-255,5738,175926,44,365106
22055,0.016745,172.31.46.0-255,66,175992,44,365106
22056,0.019088,74.125.200.0-255,5738,181730,44,365106
22057,0.019106,172.31.46.0-255,66,181796,44,365106
22058,0.021438,74.125.200.0-255,5738,187534,44,365106
22059,0.021457,172.31.46.0-255,66,187600,44,365106
22060,0.023768,74.125.200.0-255,5738,193338,44,365106
22061,0.023778,172.31.46.0-255,66,193404,44,365106
22062,0.026108,74.125.200.0-255,5738,199142,44,365106
22063,0.026125,172.31.46.0-255,66,199208,44,365106
22064,0.0285,74.125.200.0-255,5738,204946,44,365106
22065,0.028516,172.31.46.0-255,66,205012,44,365106
22066,0.030847,74.125.200.0-255,5738,210750,44,365106
22067,0.030856,172.31.46.0-255,66,210816,44,365106
22068,0.033199,74.125.200.0-255,5738,216554,44,365106
22069,0.033208,172.31.46.0-255,66,216620,44,365106
22070,0.035538,74.125.200.0-255,5738,222358,44,365106
22071,0.035548,172.31.46.0-255,66,222424,44,365106
22072,0.03787,74.125.200.0-255,5738,228162,44,365106
22073,0.037884,172.31.46.0-255,66,228228,44,365106
22074,0.040055,172.31.46.0-255,172,228400,44,365106
22075,0.040088,172.31.46.0-255,1114,229514,44,365106
22076,0.040179,172.31.46.0-255,1514,231028,44,365106
22077,0.040181,172.31.46.0-255,1514,232542,44,365106
22078,0.040186,172.31.46.0-255,1514,234056,44,365106
22079,0.040212,172.31.46.0-255,1514,235570,44,365106
22080,0.040222,74.125.200.0-255,5738,241308,44,365106
22081,0.040231,172.31.46.0-255,66,241374,44,365106
22082,0.040238,172.31.46.0-255,1514,242888,44,365106
22083,0.04024,172.31.46.0-255,70,242958,44,365106
22084,0.041629,104.244.42.0-255,66,243024,44,365106
22085,0.041643,104.244.42.0-255,66,243090,44,365106
22086,0.04181,104.244.42.0-255,66,243156,44,365106
22087,0.041817,104.244.42.0-255,66,243222,44,365106
22088,0.042558,74.125.200.0-255,5738,248960,44,365106
22089,0.042569,172.31.46.0-255,66,249026,44,365106
22090,0.044937,74.125.200.0-255,5738,254764,44,365106
22091,0.044951,172.31.46.0-255,66,254830,44,365106
22092,0.047282,74.125.200.0-255,5738,260568,44,365106
22093,0.047298,172.31.46.0-255,66,260634,44,365106
22094,0.04962,74.125.200.0-255,5738,266372,44,365106
22095,0.049632,172.31.46.0-255,66,266438,44,365106
22096,0.051959,74.125.200.0-255,5738,272176,44,365106
22097,0.051973,172.31.46.0-255,66,272242,44,365106
22098,0.054301,74.125.200.0-255,5738,277980,44,365106
22099,0.054322,172.31.46.0-255,66,278046,44,365106
22100,0.056684,74.125.200.0-255,5738,283784,44,365106
22101,0.056701,172.31.46.0-255,66,283850,44,365106
22102,0.059024,74.125.200.0-255,5738,289588,44,365106
22103,0.059033,172.31.46.0-255,66,289654,44,365106
22104,0.061357,74.125.200.0-255,5738,295392,44,365106
22105,0.061365,172.31.46.0-255,66,295458,44,365106
22106,0.063684,74.125.200.0-255,5738,301196,44,365106
22107,0.063693,172.31.46.0-255,66,301262,44,365106
22108,0.066028,74.125.200.0-255,5738,307000,44,365106
22109,0.066036,172.31.46.0-255,66,307066,44,365106
22110,0.06835,74.125.200.0-255,5738,312804,44,365106
22111,0.068357,172.31.46.0-255,66,312870,44,365106
22112,0.070688,74.125.200.0-255,5738,318608,44,365106
22113,0.070696,172.31.46.0-255,66,318674,44,365106
22114,0.073013,74.125.200.0-255,5738,324412,44,365106
22115,0.07302,172.31.46.0-255,66,324478,44,365106
22116,0.075365,74.125.200.0-255,5738,330216,44,365106
22117,0.075376,172.31.46.0-255,66,330282,44,365106
22118,0.077692,74.125.200.0-255,5738,336020,44,365106
22119,0.077701,172.31.46.0-255,66,336086,44,365106
22120,0.080022,74.125.200.0-255,5738,341824,44,365106
22121,0.080035,172.31.46.0-255,66,341890,44,365106
22122,0.082372,74.125.200.0-255,5738,347628,44,365106
22123,0.082391,172.31.46.0-255,66,347694,44,365106
22124,0.084719,74.125.200.0-255,5738,353432,44,365106
22125,0.084732,172.31.46.0-255,66,353498,44,365106
22126,0.087069,74.125.200.0-255,5738,359236,44,365106
22127,0.087085,172.31.46.0-255,66,359302,44,365106
22128,0.089411,74.125.200.0-255,5738,365040,44,365106
22129,0.089425,172.31.46.0-255,66,365106,44,365106
22130,0.0,74.125.200.0-255,150,150,44,351563
22131,2.4e-05,172.31.46.0-255,66,216,44,351563
22132,3.1e-05,74.125.200.0-255,1484,1700,44,351563
22133,3.5e-05,172.31.46.0-255,66,1766,44,351563
22134,4.2e-05,74.125.200.0-255,2902,4668,44,351563
22135,4.5e-05,172.31.46.0-255,66,4734,44,351563
22136,5.4e-05,74.125.200.0-255,7156,11890,44,351563
22137,5.7e-05,172.31.46.0-255,66,11956,44,351563
22138,8.9e-05,74.125.200.0-255,2046,14002,44,351563
22139,9.2e-05,172.31.46.0-255,66,14068,44,351563
22140,0.000227,74.125.200.0-255,1484,15552,44,351563
22141,0.000232,172.31.46.0-255,66,15618,44,351563
22142,0.000238,74.125.200.0-255,2902,18520,44,351563
22143,0.000241,172.31.46.0-255,66,18586,44,351563
22144,0.000255,74.125.200.0-255,4320,22906,44,351563
22145,0.000258,172.31.46.0-255,66,22972,44,351563
22146,0.000305,74.125.200.0-255,5738,28710,44,351563
22147,0.000308,172.31.46.0-255,66,28776,44,351563
22148,0.000322,74.125.200.0-255,2543,31319,44,351563
22149,0.000324,172.31.46.0-255,66,31385,44,351563
22150,0.000416,74.125.200.0-255,1484,32869,44,351563
22151,0.000419,172.31.46.0-255,66,32935,44,351563
22152,0.000424,74.125.200.0-255,2902,35837,44,351563
22153,0.000427,172.31.46.0-255,66,35903,44,351563
22154,0.000455,74.125.200.0-255,2902,38805,44,351563
22155,0.000458,172.31.46.0-255,66,38871,44,351563
22156,0.000464,74.125.200.0-255,4320,43191,44,351563
22157,0.000466,172.31.46.0-255,66,43257,44,351563
22158,0.00049,74.125.200.0-255,4320,47577,44,351563
22159,0.000492,172.31.46.0-255,66,47643,44,351563
22160,0.000516,74.125.200.0-255,5379,53022,44,351563
22161,0.000519,172.31.46.0-255,66,53088,44,351563
22162,0.000531,172.31.46.0-255,66,53154,44,351563
22163,0.000556,74.125.200.0-255,2543,55697,44,351563
22164,0.000558,172.31.46.0-255,66,55763,44,351563
22165,0.000576,74.125.200.0-255,677,56440,44,351563
22166,0.000815,74.125.200.0-255,1484,57924,44,351563
22167,0.00082,172.31.46.0-255,66,57990,44,351563
22168,0.000825,74.125.200.0-255,2902,60892,44,351563
22169,0.000827,172.31.46.0-255,66,60958,44,351563
22170,0.000841,74.125.200.0-255,1484,62442,44,351563
22171,0.00087,74.125.200.0-255,4320,66762,44,351563
22172,0.000873,172.31.46.0-255,66,66828,44,351563
22173,0.000878,74.125.200.0-255,2902,69730,44,351563
22174,0.00088,172.31.46.0-255,66,69796,44,351563
22175,0.000922,172.31.46.0-255,66,69862,44,351563
22176,0.000928,74.125.200.0-255,4320,74182,44,351563
22177,0.000931,172.31.46.0-255,66,74248,44,351563
22178,0.000951,74.125.200.0-255,6438,80686,44,351563
22179,0.000954,172.31.46.0-255,66,80752,44,351563
22180,0.001096,74.125.200.0-255,1484,82236,44,351563
22181,0.001114,74.125.200.0-255,2902,85138,44,351563
22182,0.001117,172.31.46.0-255,66,85204,44,351563
22183,0.001147,74.125.200.0-255,4320,89524,44,351563
22184,0.001149,172.31.46.0-255,66,89590,44,351563
22185,0.001166,74.125.200.0-255,1484,91074,44,351563
22186,0.001187,172.31.46.0-255,66,91140,44,351563
22187,0.001217,74.125.200.0-255,2902,94042,44,351563
22188,0.00122,172.31.46.0-255,66,94108,44,351563
22189,0.001248,172.31.46.0-255,66,94174,44,351563
22190,0.002021,74.125.200.0-255,1484,95658,44,351563
22191,0.002031,74.125.200.0-255,2902,98560,44,351563
22192,0.002036,172.31.46.0-255,66,98626,44,351563
22193,0.002044,74.125.200.0-255,5738,104364,44,351563
22194,0.002046,172.31.46.0-255,66,104430,44,351563
22195,0.00208,172.31.46.0-255,66,104496,44,351563
22196,0.002086,74.125.200.0-255,4320,108816,44,351563
22197,0.002088,172.31.46.0-255,66,108882,44,351563
22198,0.002128,74.125.200.0-255,2902,111784,44,351563
22199,0.002132,172.31.46.0-255,66,111850,44,351563
22200,0.002151,74.125.200.0-255,3602,115452,44,351563
22201,0.002154,172.31.46.0-255,66,115518,44,351563
22202,0.002196,74.125.200.0-255,1484,117002,44,351563
22203,0.002202,74.125.200.0-255,2902,119904,44,351563
22204,0.002205,172.31.46.0-255,66,119970,44,351563
22205,0.002222,74.125.200.0-255,1484,121454,44,351563
22206,0.00224,74.125.200.0-255,1484,122938,44,351563
22207,0.002243,172.31.46.0-255,66,123004,44,351563
22208,0.002249,74.125.200.0-255,4320,127324,44,351563
22209,0.002251,172.31.46.0-255,66,127390,44,351563
22210,0.002257,74.125.200.0-255,5738,133128,44,351563
22211,0.00226,172.31.46.0-255,66,133194,44,351563
22212,0.002273,74.125.200.0-255,1484,134678,44,351563
22213,0.004488,74.125.200.0-255,4320,138998,44,351563
22214,0.004496,172.31.46.0-255,66,139064,44,351563
22215,0.006722,74.125.200.0-255,5738,144802,44,351563
22216,0.006726,172.31.46.0-255,66,144868,44,351563
22217,0.008951,74.125.200.0-255,5738,150606,44,351563
22218,0.008958,172.31.46.0-255,66,150672,44,351563
22219,0.011195,74.125.200.0-255,5738,156410,44,351563
22220,0.011204,172.31.46.0-255,66,156476,44,351563
22221,0.013449,74.125.200.0-255,5738,162214,44,351563
22222,0.013458,172.31.46.0-255,66,162280,44,351563
22223,0.015697,74.125.200.0-255,5738,168018,44,351563
22224,0.015705,172.31.46.0-255,66,168084,44,351563
22225,0.017954,74.125.200.0-255,5738,173822,44,351563
22226,0.017967,172.31.46.0-255,66,173888,44,351563
22227,0.020202,74.125.200.0-255,5738,179626,44,351563
22228,0.02021,172.31.46.0-255,66,179692,44,351563
22229,0.022447,74.125.200.0-255,5738,185430,44,351563
22230,0.022456,172.31.46.0-255,66,185496,44,351563
22231,0.024689,74.125.200.0-255,5738,191234,44,351563
22232,0.024698,172.31.46.0-255,66,191300,44,351563
22233,0.026928,74.125.200.0-255,5738,197038,44,351563
22234,0.026935,172.31.46.0-255,66,197104,44,351563
22235,0.02918,74.125.200.0-255,5738,202842,44,351563
22236,0.029188,172.31.46.0-255,66,202908,44,351563
22237,0.031432,74.125.200.0-255,5738,208646,44,351563
22238,0.031441,172.31.46.0-255,66,208712,44,351563
22239,0.033675,74.125.200.0-255,5738,214450,44,351563
22240,0.033684,172.31.46.0-255,66,214516,44,351563
22241,0.035927,74.125.200.0-255,5738,220254,44,351563
22242,0.035934,172.31.46.0-255,66,220320,44,351563
22243,0.037431,172.31.46.0-255,188,220508,44,351563
22244,0.037459,172.31.46.0-255,955,221463,44,351563
22245,0.037512,172.31.46.0-255,1514,222977,44,351563
22246,0.037514,172.31.46.0-255,1514,224491,44,351563
22247,0.037524,172.31.46.0-255,1514,226005,44,351563
22248,0.037525,172.31.46.0-255,1514,227519,44,351563
22249,0.037545,172.31.46.0-255,1514,229033,44,351563
22250,0.037545,172.31.46.0-255,230,229263,44,351563
22251,0.038169,74.125.200.0-255,5738,235001,44,351563
22252,0.038175,172.31.46.0-255,66,235067,44,351563
22253,0.038969,104.244.42.0-255,66,235133,44,351563
22254,0.038976,104.244.42.0-255,66,235199,44,351563
22255,0.039083,104.244.42.0-255,66,235265,44,351563
22256,0.039089,104.244.42.0-255,66,235331,44,351563
22257,0.04041,74.125.200.0-255,5738,241069,44,351563
22258,0.040416,172.31.46.0-255,66,241135,44,351563
22259,0.042686,74.125.200.0-255,5738,246873,44,351563
22260,0.042696,172.31.46.0-255,66,246939,44,351563
22261,0.044925,74.125.200.0-255,5738,252677,44,351563
22262,0.044931,172.31.46.0-255,66,252743,44,351563
22263,0.047173,74.125.200.0-255,5738,258481,44,351563
22264,0.047182,172.31.46.0-255,66,258547,44,351563
22265,0.049424,74.125.200.0-255,5738,264285,44,351563
22266,0.049435,172.31.46.0-255,66,264351,44,351563
22267,0.051662,74.125.200.0-255,5738,270089,44,351563
22268,0.051668,172.31.46.0-255,66,270155,44,351563
22269,0.053901,74.125.200.0-255,5738,275893,44,351563
22270,0.053912,172.31.46.0-255,66,275959,44,351563
22271,0.056172,74.125.200.0-255,5738,281697,44,351563
22272,0.05618,172.31.46.0-255,66,281763,44,351563
22273,0.058417,74.125.200.0-255,5738,287501,44,351563
22274,0.058426,172.31.46.0-255,66,287567,44,351563
22275,0.060666,74.125.200.0-255,5738,293305,44,351563
22276,0.060675,172.31.46.0-255,66,293371,44,351563
22277,0.062918,74.125.200.0-255,5738,299109,44,351563
22278,0.062932,172.31.46.0-255,66,299175,44,351563
22279,0.065172,74.125.200.0-255,5738,304913,44,351563
22280,0.065185,172.31.46.0-255,66,304979,44,351563
22281,0.067446,74.125.200.0-255,5738,310717,44,351563
22282,0.067463,172.31.46.0-255,66,310783,44,351563
22283,0.06971,74.125.200.0-255,5738,316521,44,351563
22284,0.069718,172.31.46.0-255,66,316587,44,351563
22285,0.071973,74.125.200.0-255,5738,322325,44,351563
22286,0.071982,172.31.46.0-255,66,322391,44,351563
22287,0.07422,74.125.200.0-255,5738,328129,44,351563
22288,0.074227,172.31.46.0-255,66,328195,44,351563
22289,0.076463,74.125.200.0-255,5738,333933,44,351563
22290,0.076471,172.31.46.0-255,66,333999,44,351563
22291,0.078705,74.125.200.0-255,4320,338319,44,351563
22292,0.078713,172.31.46.0-255,66,338385,44,351563
22293,0.078733,74.125.200.0-255,1484,339869,44,351563
22294,0.080951,74.125.200.0-255,4320,344189,44,351563
22295,0.080968,172.31.46.0-255,66,344255,44,351563
22296,0.083206,74.125.200.0-255,5738,349993,44,351563
22297,0.083218,172.31.46.0-255,66,350059,44,351563
22298,0.085454,74.125.200.0-255,1267,351326,44,351563
22299,0.085676,172.31.46.0-255,66,351392,44,351563
22300,0.085721,172.31.46.0-255,105,351497,44,351563
22301,0.087921,74.125.200.0-255,66,351563,44,351563
22302,0.0,74.125.24.0-255,153,153,44,304977
22303,1.7e-05,172.31.46.0-255,66,219,44,304977
22304,2.4e-05,74.125.24.0-255,1484,1703,44,304977
22305,2.9e-05,172.31.46.0-255,66,1769,44,304977
22306,4.3e-05,74.125.24.0-255,2902,4671,44,304977
22307,4.5e-05,172.31.46.0-255,66,4737,44,304977
22308,5.4e-05,74.125.24.0-255,7156,11893,44,304977
22309,5.6e-05,172.31.46.0-255,66,11959,44,304977
22310,6e-05,74.125.24.0-255,1931,13890,44,304977
22311,6.4e-05,172.31.46.0-255,66,13956,44,304977
22312,0.000228,74.125.24.0-255,1484,15440,44,304977
22313,0.000233,172.31.46.0-255,66,15506,44,304977
22314,0.00024,74.125.24.0-255,2902,18408,44,304977
22315,0.000244,172.31.46.0-255,66,18474,44,304977
22316,0.000255,74.125.24.0-255,5738,24212,44,304977
22317,0.000258,172.31.46.0-255,66,24278,44,304977
22318,0.000263,74.125.24.0-255,2902,27180,44,304977
22319,0.000265,172.31.46.0-255,66,27246,44,304977
22320,0.000301,74.125.24.0-255,3961,31207,44,304977
22321,0.000304,172.31.46.0-255,66,31273,44,304977
22322,0.000361,74.125.24.0-255,1484,32757,44,304977
22323,0.000364,172.31.46.0-255,66,32823,44,304977
22324,0.000395,74.125.24.0-255,2902,35725,44,304977
22325,0.000399,172.31.46.0-255,66,35791,44,304977
22326,0.000405,74.125.24.0-255,5738,41529,44,304977
22327,0.000407,172.31.46.0-255,66,41595,44,304977
22328,0.00042,74.125.24.0-255,6797,48392,44,304977
22329,0.000422,172.31.46.0-255,66,48458,44,304977
22330,0.000613,74.125.24.0-255,1484,49942,44,304977
22331,0.000618,172.31.46.0-255,66,50008,44,304977
22332,0.000622,74.125.24.0-255,1484,51492,44,304977
22333,0.000624,172.31.46.0-255,66,51558,44,304977
22334,0.000658,74.125.24.0-255,1484,53042,44,304977
22335,0.000666,74.125.24.0-255,5738,58780,44,304977
22336,0.000674,74.125.24.0-255,5738,64518,44,304977
22337,0.000688,74.125.24.0-255,1125,65643,44,304977
22338,0.00069,74.125.24.0-255,414,66057,44,304977
22339,0.000709,172.31.46.0-255,66,66123,44,304977
22340,0.000737,74.125.24.0-255,331,66454,44,304977
22341,0.000916,74.125.24.0-255,1484,67938,44,304977
22342,0.000921,172.31.46.0-255,66,68004,44,304977
22343,0.000926,74.125.24.0-255,2902,70906,44,304977
22344,0.000931,74.125.24.0-255,2902,73808,44,304977
22345,0.000935,172.31.46.0-255,66,73874,44,304977
22346,0.000956,74.125.24.0-255,2902,76776,44,304977
22347,0.000959,74.125.24.0-255,1484,78260,44,304977
22348,0.000963,172.31.46.0-255,66,78326,44,304977
22349,0.000989,74.125.24.0-255,2902,81228,44,304977
22350,0.001003,74.125.24.0-255,2543,83771,44,304977
22351,0.001024,172.31.46.0-255,66,83837,44,304977
22352,0.001059,74.125.24.0-255,2902,86739,44,304977
22353,0.001074,74.125.24.0-255,4320,91059,44,304977
22354,0.001079,74.125.24.0-255,2902,93961,44,304977
22355,0.001097,74.125.24.0-255,5738,99699,44,304977
22356,0.001102,172.31.46.0-255,66,99765,44,304977
22357,0.001112,74.125.24.0-255,1125,100890,44,304977
22358,0.00157,172.31.46.0-255,66,100956,44,304977
22359,0.001855,74.125.24.0-255,1484,102440,44,304977
22360,0.001866,74.125.24.0-255,2902,105342,44,304977
22361,0.00187,172.31.46.0-255,66,105408,44,304977
22362,0.001877,74.125.24.0-255,5738,111146,44,304977
22363,0.001879,172.31.46.0-255,66,111212,44,304977
22364,0.001918,172.31.46.0-255,66,111278,44,304977
22365,0.001946,74.125.24.0-255,4320,115598,44,304977
22366,0.001948,172.31.46.0-255,66,115664,44,304977
22367,0.007508,172.31.46.0-255,66,115730,44,304977
22368,0.010106,74.125.24.0-255,5738,121468,44,304977
22369,0.010116,172.31.46.0-255,66,121534,44,304977
22370,0.012707,74.125.24.0-255,5738,127272,44,304977
22371,0.012716,172.31.46.0-255,66,127338,44,304977
22372,0.015358,74.125.24.0-255,5738,133076,44,304977
22373,0.015371,172.31.46.0-255,66,133142,44,304977
22374,0.017989,74.125.24.0-255,5738,138880,44,304977
22375,0.017998,172.31.46.0-255,66,138946,44,304977
22376,0.020583,74.125.24.0-255,5738,144684,44,304977
22377,0.020591,172.31.46.0-255,66,144750,44,304977
22378,0.023213,74.125.24.0-255,5738,150488,44,304977
22379,0.023221,172.31.46.0-255,66,150554,44,304977
22380,0.025845,74.125.24.0-255,5738,156292,44,304977
22381,0.025854,172.31.46.0-255,66,156358,44,304977
22382,0.028474,74.125.24.0-255,5738,162096,44,304977
22383,0.028484,172.31.46.0-255,66,162162,44,304977
22384,0.031104,74.125.24.0-255,5738,167900,44,304977
22385,0.031111,172.31.46.0-255,66,167966,44,304977
22386,0.031983,172.31.46.0-255,172,168138,44,304977
22387,0.032015,172.31.46.0-255,1109,169247,44,304977
22388,0.032076,172.31.46.0-255,1514,170761,44,304977
22389,0.032078,172.31.46.0-255,1514,172275,44,304977
22390,0.032083,172.31.46.0-255,1514,173789,44,304977
22391,0.032084,172.31.46.0-255,1514,175303,44,304977
22392,0.032102,172.31.46.0-255,1514,176817,44,304977
22393,0.032108,172.31.46.0-255,76,176893,44,304977
22394,0.033543,104.244.42.0-255,66,176959,44,304977
22395,0.033588,104.244.42.0-255,66,177025,44,304977
22396,0.03367,104.244.42.0-255,66,177091,44,304977
22397,0.033692,74.125.24.0-255,5738,182829,44,304977
22398,0.033697,172.31.46.0-255,66,182895,44,304977
22399,0.033711,104.244.42.0-255,66,182961,44,304977
22400,0.036306,74.125.24.0-255,5738,188699,44,304977
22401,0.036314,172.31.46.0-255,66,188765,44,304977
22402,0.038921,74.125.24.0-255,5738,194503,44,304977
22403,0.038932,172.31.46.0-255,66,194569,44,304977
22404,0.041563,74.125.24.0-255,5738,200307,44,304977
22405,0.04157,172.31.46.0-255,66,200373,44,304977
22406,0.04416,74.125.24.0-255,5738,206111,44,304977
22407,0.044167,172.31.46.0-255,66,206177,44,304977
22408,0.046805,74.125.24.0-255,5738,211915,44,304977
22409,0.046813,172.31.46.0-255,66,211981,44,304977
22410,0.049441,74.125.24.0-255,5738,217719,44,304977
22411,0.049449,172.31.46.0-255,66,217785,44,304977
22412,0.052083,74.125.24.0-255,5738,223523,44,304977
22413,0.052089,172.31.46.0-255,66,223589,44,304977
22414,0.054707,74.125.24.0-255,5738,229327,44,304977
22415,0.054714,172.31.46.0-255,66,229393,44,304977
22416,0.057312,74.125.24.0-255,5738,235131,44,304977
22417,0.057318,172.31.46.0-255,66,235197,44,304977
22418,0.059932,74.125.24.0-255,2902,238099,44,304977
22419,0.059939,172.31.46.0-255,66,238165,44,304977
22420,0.059969,74.125.24.0-255,2902,241067,44,304977
22421,0.059972,172.31.46.0-255,66,241133,44,304977
22422,0.062599,74.125.24.0-255,5738,246871,44,304977
22423,0.062606,172.31.46.0-255,66,246937,44,304977
22424,0.065187,74.125.24.0-255,5738,252675,44,304977
22425,0.065193,172.31.46.0-255,66,252741,44,304977
22426,0.067801,74.125.24.0-255,5738,258479,44,304977
22427,0.067808,172.31.46.0-255,66,258545,44,304977
22428,0.070389,74.125.24.0-255,5738,264283,44,304977
22429,0.070395,172.31.46.0-255,66,264349,44,304977
22430,0.07301,74.125.24.0-255,5738,270087,44,304977
22431,0.073017,172.31.46.0-255,66,270153,44,304977
22432,0.075649,74.125.24.0-255,5738,275891,44,304977
22433,0.075656,172.31.46.0-255,66,275957,44,304977
22434,0.078266,74.125.24.0-255,5738,281695,44,304977
22435,0.078273,172.31.46.0-255,66,281761,44,304977
22436,0.080868,74.125.24.0-255,5738,287499,44,304977
22437,0.080875,172.31.46.0-255,66,287565,44,304977
22438,0.08349,74.125.24.0-255,5738,293303,44,304977
22439,0.083503,172.31.46.0-255,66,293369,44,304977
22440,0.086126,74.125.24.0-255,5738,299107,44,304977
22441,0.086131,172.31.46.0-255,66,299173,44,304977
22442,0.088774,74.125.24.0-255,5738,304911,44,304977
22443,0.088781,172.31.46.0-255,66,304977,44,304977
22444,0.0,172.217.194.0-255,152,152,44,225244
22445,2.2e-05,172.31.46.0-255,66,218,44,225244
22446,2.9e-05,172.217.194.0-255,1484,1702,44,225244
22447,3.3e-05,172.31.46.0-255,66,1768,44,225244
22448,3.9e-05,172.217.194.0-255,2902,4670,44,225244
22449,5.2e-05,172.31.46.0-255,66,4736,44,225244
22450,5.8e-05,172.217.194.0-255,4320,9056,44,225244
22451,6.1e-05,172.31.46.0-255,66,9122,44,225244
22452,9.3e-05,172.217.194.0-255,2902,12024,44,225244
22453,9.6e-05,172.31.46.0-255,66,12090,44,225244
22454,0.000101,172.217.194.0-255,2045,14135,44,225244
22455,0.000104,172.31.46.0-255,66,14201,44,225244
22456,0.000109,172.217.194.0-255,2902,17103,44,225244
22457,0.000111,172.31.46.0-255,66,17169,44,225244
22458,0.000139,172.217.194.0-255,5738,22907,44,225244
22459,0.000142,172.31.46.0-255,66,22973,44,225244
22460,0.000171,172.217.194.0-255,5738,28711,44,225244
22461,0.000173,172.31.46.0-255,66,28777,44,225244
22462,0.000197,172.217.194.0-255,2543,31320,44,225244
22463,0.000199,172.31.46.0-255,66,31386,44,225244
22464,0.000221,172.217.194.0-255,1484,32870,44,225244
22465,0.000223,172.31.46.0-255,66,32936,44,225244
22466,0.000227,172.217.194.0-255,1484,34420,44,225244
22467,0.000229,172.31.46.0-255,66,34486,44,225244
22468,0.000269,172.217.194.0-255,1484,35970,44,225244
22469,0.000272,172.31.46.0-255,66,36036,44,225244
22470,0.000278,172.217.194.0-255,5738,41774,44,225244
22471,0.00028,172.31.46.0-255,66,41840,44,225244
22472,0.000288,172.217.194.0-255,6797,48637,44,225244
22473,0.00029,172.31.46.0-255,66,48703,44,225244
22474,0.000304,172.31.46.0-255,66,48769,44,225244
22475,0.000308,172.217.194.0-255,2543,51312,44,225244
22476,0.00031,172.31.46.0-255,66,51378,44,225244
22477,0.000361,172.217.194.0-255,676,52054,44,225244
22478,0.000569,172.217.194.0-255,1484,53538,44,225244
22479,0.000575,172.217.194.0-255,2902,56440,44,225244
22480,0.000577,172.217.194.0-255,1484,57924,44,225244
22481,0.000583,172.31.46.0-255,66,57990,44,225244
22482,0.000587,172.31.46.0-255,66,58056,44,225244
22483,0.000602,172.217.194.0-255,4320,62376,44,225244
22484,0.000605,172.31.46.0-255,66,62442,44,225244
22485,0.00061,172.217.194.0-255,4320,66762,44,225244
22486,0.000612,172.31.46.0-255,66,66828,44,225244
22487,0.000648,172.31.46.0-255,66,66894,44,225244
22488,0.00066,172.31.46.0-255,66,66960,44,225244
22489,0.000806,172.217.194.0-255,1484,68444,44,225244
22490,0.000813,172.217.194.0-255,2902,71346,44,225244
22491,0.000817,172.31.46.0-255,66,71412,44,225244
22492,0.00082,172.217.194.0-255,1484,72896,44,225244
22493,0.00085,172.217.194.0-255,4320,77216,44,225244
22494,0.000854,172.31.46.0-255,66,77282,44,225244
22495,0.000867,172.31.46.0-255,66,77348,44,225244
22496,0.000871,172.217.194.0-255,2902,80250,44,225244
22497,0.000874,172.31.46.0-255,66,80316,44,225244
22498,0.000906,172.31.46.0-255,66,80382,44,225244
22499,0.000969,172.31.46.0-255,66,80448,44,225244
22500,0.000983,172.31.46.0-255,66,80514,44,225244
22501,0.000993,172.217.194.0-255,5738,86252,44,225244
22502,0.000995,172.31.46.0-255,66,86318,44,225244
22503,0.001049,172.217.194.0-255,6438,92756,44,225244
22504,0.001052,172.31.46.0-255,66,92822,44,225244
22505,0.00106,172.217.194.0-255,7156,99978,44,225244
22506,0.001062,172.31.46.0-255,66,100044,44,225244
22507,0.001069,172.217.194.0-255,5738,105782,44,225244
22508,0.001071,172.31.46.0-255,66,105848,44,225244
22509,0.001112,172.31.46.0-255,66,105914,44,225244
22510,0.001125,172.31.46.0-255,66,105980,44,225244
22511,0.001155,172.217.194.0-255,1484,107464,44,225244
22512,0.00116,172.217.194.0-255,2902,110366,44,225244
22513,0.001163,172.31.46.0-255,66,110432,44,225244
22514,0.001169,172.217.194.0-255,4320,114752,44,225244
22515,0.001172,172.31.46.0-255,66,114818,44,225244
22516,0.0012,172.217.194.0-255,1484,116302,44,225244
22517,0.001213,172.31.46.0-255,66,116368,44,225244
22518,0.001253,172.31.46.0-255,66,116434,44,225244
22519,0.001275,172.217.194.0-255,2184,118618,44,225244
22520,0.001278,172.31.46.0-255,66,118684,44,225244
22521,0.00131,172.217.194.0-255,4320,123004,44,225244
22522,0.001337,172.217.194.0-255,2902,125906,44,225244
22523,0.001369,172.31.46.0-255,66,125972,44,225244
22524,0.001424,172.217.194.0-255,1484,127456,44,225244
22525,0.001429,172.217.194.0-255,2902,130358,44,225244
22526,0.001444,172.31.46.0-255,66,130424,44,225244
22527,0.001462,172.217.194.0-255,5738,136162,44,225244
22528,0.001477,172.217.194.0-255,2902,139064,44,225244
22529,0.001488,172.31.46.0-255,66,139130,44,225244
22530,0.001515,172.217.194.0-255,1484,140614,44,225244
22531,0.001534,172.217.194.0-255,5738,146352,44,225244
22532,0.00155,172.217.194.0-255,3602,149954,44,225244
22533,0.001565,172.31.46.0-255,66,150020,44,225244
22534,0.001603,172.217.194.0-255,1484,151504,44,225244
22535,0.001609,172.217.194.0-255,2902,154406,44,225244
22536,0.001614,172.31.46.0-255,66,154472,44,225244
22537,0.001638,172.217.194.0-255,5738,160210,44,225244
22538,0.001644,172.217.194.0-255,5738,165948,44,225244
22539,0.001684,172.217.194.0-255,7156,173104,44,225244
22540,0.001698,172.217.194.0-255,5738,178842,44,225244
22541,0.001704,172.217.194.0-255,5020,183862,44,225244
22542,0.001706,172.217.194.0-255,1484,185346,44,225244
22543,0.00171,172.217.194.0-255,2902,188248,44,225244
22544,0.001716,172.217.194.0-255,4320,192568,44,225244
22545,0.001726,172.217.194.0-255,1484,194052,44,225244
22546,0.00175,172.217.194.0-255,4320,198372,44,225244
22547,0.00176,172.31.46.0-255,66,198438,44,225244
22548,0.00178,172.217.194.0-255,7156,205594,44,225244
22549,0.001798,172.217.194.0-255,1484,207078,44,225244
22550,0.001802,172.31.46.0-255,66,207144,44,225244
22551,0.001827,172.217.194.0-255,2184,209328,44,225244
22552,0.001842,172.217.194.0-255,4320,213648,44,225244
22553,0.001859,172.31.46.0-255,66,213714,44,225244
22554,0.001869,172.217.194.0-255,4320,218034,44,225244
22555,0.001885,172.217.194.0-255,1484,219518,44,225244
22556,0.001889,172.217.194.0-255,2902,222420,44,225244
22557,0.001892,172.31.46.0-255,66,222486,44,225244
22558,0.001926,172.217.194.0-255,300,222786,44,225244
22559,0.001943,172.31.46.0-255,66,222852,44,225244
22560,0.001954,172.217.194.0-255,105,222957,44,225244
22561,0.00457,172.31.46.0-255,66,223023,44,225244
22562,0.004608,172.31.46.0-255,105,223128,44,225244
22563,0.006627,172.217.194.0-255,66,223194,44,225244
22564,0.039702,172.31.46.0-255,172,223366,44,225244
22565,0.039738,172.31.46.0-255,1114,224480,44,225244
22566,0.039796,172.31.46.0-255,566,225046,44,225244
22567,0.041276,104.244.42.0-255,66,225112,44,225244
22568,0.041403,104.244.42.0-255,66,225178,44,225244
22569,0.041409,104.244.42.0-255,66,225244,44,225244
22570,0.0,172.217.194.0-255,153,153,44,340407
22571,2.3e-05,172.31.46.0-255,66,219,44,340407
22572,3.1e-05,172.217.194.0-255,1484,1703,44,340407
22573,3.5e-05,172.31.46.0-255,66,1769,44,340407
22574,4.1e-05,172.217.194.0-255,2902,4671,44,340407
22575,4.5e-05,172.31.46.0-255,66,4737,44,340407
22576,4.8e-05,172.217.194.0-255,1484,6221,44,340407
22577,5.1e-05,172.31.46.0-255,66,6287,44,340407
22578,5.6e-05,172.217.194.0-255,2902,9189,44,340407
22579,5.9e-05,172.31.46.0-255,66,9255,44,340407
22580,6.4e-05,172.217.194.0-255,4320,13575,44,340407
22581,6.7e-05,172.31.46.0-255,66,13641,44,340407
22582,9.6e-05,172.217.194.0-255,2118,15759,44,340407
22583,9.8e-05,172.31.46.0-255,66,15825,44,340407
22584,0.000103,172.217.194.0-255,4320,20145,44,340407
22585,0.000106,172.31.46.0-255,66,20211,44,340407
22586,0.000143,172.217.194.0-255,5738,25949,44,340407
22587,0.000145,172.31.46.0-255,66,26015,44,340407
22588,0.000167,172.217.194.0-255,5379,31394,44,340407
22589,0.00017,172.31.46.0-255,66,31460,44,340407
22590,0.000572,172.217.194.0-255,1484,32944,44,340407
22591,0.000578,172.31.46.0-255,66,33010,44,340407
22592,0.000583,172.217.194.0-255,2902,35912,44,340407
22593,0.000585,172.31.46.0-255,66,35978,44,340407
22594,0.000608,172.217.194.0-255,5738,41716,44,340407
22595,0.00061,172.31.46.0-255,66,41782,44,340407
22596,0.000634,172.217.194.0-255,2902,44684,44,340407
22597,0.000637,172.31.46.0-255,66,44750,44,340407
22598,0.000653,172.217.194.0-255,3961,48711,44,340407
22599,0.000655,172.31.46.0-255,66,48777,44,340407
22600,0.000662,172.217.194.0-255,5738,54515,44,340407
22601,0.000664,172.31.46.0-255,66,54581,44,340407
22602,0.000678,172.217.194.0-255,1484,56065,44,340407
22603,0.000698,172.217.194.0-255,5738,61803,44,340407
22604,0.000702,172.31.46.0-255,66,61869,44,340407
22605,0.000725,172.217.194.0-255,4214,66083,44,340407
22606,0.000727,172.31.46.0-255,66,66149,44,340407
22607,0.001067,172.217.194.0-255,120,66269,44,340407
22608,0.001117,172.31.46.0-255,66,66335,44,340407
22609,0.001256,172.217.194.0-255,1484,67819,44,340407
22610,0.001264,172.217.194.0-255,1484,69303,44,340407
22611,0.001268,172.31.46.0-255,66,69369,44,340407
22612,0.001292,172.217.194.0-255,1484,70853,44,340407
22613,0.0013,172.217.194.0-255,5738,76591,44,340407
22614,0.001302,172.31.46.0-255,66,76657,44,340407
22615,0.001307,172.217.194.0-255,2902,79559,44,340407
22616,0.001309,172.31.46.0-255,66,79625,44,340407
22617,0.001324,172.217.194.0-255,4320,83945,44,340407
22618,0.001326,172.31.46.0-255,66,84011,44,340407
22619,0.001346,172.217.194.0-255,1484,85495,44,340407
22620,0.001398,172.31.46.0-255,66,85561,44,340407
22621,0.001403,172.217.194.0-255,2184,87745,44,340407
22622,0.001405,172.31.46.0-255,66,87811,44,340407
22623,0.001436,172.217.194.0-255,2902,90713,44,340407
22624,0.001438,172.31.46.0-255,66,90779,44,340407
22625,0.001456,172.217.194.0-255,5738,96517,44,340407
22626,0.001458,172.31.46.0-255,66,96583,44,340407
22627,0.001479,172.217.194.0-255,1484,98067,44,340407
22628,0.00149,172.31.46.0-255,66,98133,44,340407
22629,0.00151,172.217.194.0-255,2902,101035,44,340407
22630,0.001512,172.31.46.0-255,66,101101,44,340407
22631,0.001523,172.31.46.0-255,66,101167,44,340407
22632,0.001558,172.217.194.0-255,2902,104069,44,340407
22633,0.001561,172.31.46.0-255,66,104135,44,340407
22634,0.001595,172.31.46.0-255,66,104201,44,340407
22635,0.001609,172.31.46.0-255,66,104267,44,340407
22636,0.001621,172.31.46.0-255,66,104333,44,340407
22637,0.001691,172.217.194.0-255,1484,105817,44,340407
22638,0.001705,172.217.194.0-255,2902,108719,44,340407
22639,0.001709,172.31.46.0-255,66,108785,44,340407
22640,0.001734,172.217.194.0-255,5738,114523,44,340407
22641,0.001738,172.31.46.0-255,66,114589,44,340407
22642,0.001745,172.217.194.0-255,7156,121745,44,340407
22643,0.001747,172.31.46.0-255,66,121811,44,340407
22644,0.001765,172.217.194.0-255,5738,127549,44,340407
22645,0.001768,172.31.46.0-255,66,127615,44,340407
22646,0.001774,172.217.194.0-255,4320,131935,44,340407
22647,0.001776,172.31.46.0-255,66,132001,44,340407
22648,0.001808,172.217.194.0-255,6438,138439,44,340407
22649,0.001811,172.31.46.0-255,66,138505,44,340407
22650,0.004138,172.217.194.0-255,5738,144243,44,340407
22651,0.004146,172.31.46.0-255,66,144309,44,340407
22652,0.006538,172.217.194.0-255,5738,150047,44,340407
22653,0.006544,172.31.46.0-255,66,150113,44,340407
22654,0.008904,172.217.194.0-255,5738,155851,44,340407
22655,0.008911,172.31.46.0-255,66,155917,44,340407
22656,0.011265,172.217.194.0-255,5738,161655,44,340407
22657,0.011276,172.31.46.0-255,66,161721,44,340407
22658,0.013605,172.217.194.0-255,5738,167459,44,340407
22659,0.013613,172.31.46.0-255,66,167525,44,340407
22660,0.015954,172.217.194.0-255,4320,171845,44,340407
22661,0.015961,172.31.46.0-255,66,171911,44,340407
22662,0.015972,172.217.194.0-255,1484,173395,44,340407
22663,0.018294,172.217.194.0-255,4320,177715,44,340407
22664,0.018304,172.31.46.0-255,66,177781,44,340407
22665,0.020633,172.217.194.0-255,5738,183519,44,340407
22666,0.020642,172.31.46.0-255,66,183585,44,340407
22667,0.022967,172.217.194.0-255,5738,189323,44,340407
22668,0.022975,172.31.46.0-255,66,189389,44,340407
22669,0.025311,172.217.194.0-255,5738,195127,44,340407
22670,0.025319,172.31.46.0-255,66,195193,44,340407
22671,0.027662,172.217.194.0-255,5738,200931,44,340407
22672,0.027669,172.31.46.0-255,66,200997,44,340407
22673,0.030042,172.217.194.0-255,5738,206735,44,340407
22674,0.030052,172.31.46.0-255,66,206801,44,340407
22675,0.032391,172.217.194.0-255,5738,212539,44,340407
22676,0.0324,172.31.46.0-255,66,212605,44,340407
22677,0.034739,172.217.194.0-255,5738,218343,44,340407
22678,0.034748,172.31.46.0-255,66,218409,44,340407
22679,0.036822,172.31.46.0-255,172,218581,44,340407
22680,0.036851,172.31.46.0-255,1114,219695,44,340407
22681,0.036917,172.31.46.0-255,1514,221209,44,340407
22682,0.036919,172.31.46.0-255,1514,222723,44,340407
22683,0.036924,172.31.46.0-255,1514,224237,44,340407
22684,0.036925,172.31.46.0-255,1514,225751,44,340407
22685,0.036943,172.31.46.0-255,1514,227265,44,340407
22686,0.036944,172.31.46.0-255,70,227335,44,340407
22687,0.037079,172.217.194.0-255,5738,233073,44,340407
22688,0.037084,172.31.46.0-255,66,233139,44,340407
22689,0.038331,104.244.42.0-255,66,233205,44,340407
22690,0.038441,104.244.42.0-255,66,233271,44,340407
22691,0.038491,104.244.42.0-255,66,233337,44,340407
22692,0.038496,104.244.42.0-255,66,233403,44,340407
22693,0.039417,172.217.194.0-255,5738,239141,44,340407
22694,0.039424,172.31.46.0-255,66,239207,44,340407
22695,0.041757,172.217.194.0-255,5738,244945,44,340407
22696,0.041763,172.31.46.0-255,66,245011,44,340407
22697,0.044125,172.217.194.0-255,5738,250749,44,340407
22698,0.044131,172.31.46.0-255,66,250815,44,340407
22699,0.04646,172.217.194.0-255,5738,256553,44,340407
22700,0.046467,172.31.46.0-255,66,256619,44,340407
22701,0.048813,172.217.194.0-255,5738,262357,44,340407
22702,0.04882,172.31.46.0-255,66,262423,44,340407
22703,0.051197,172.217.194.0-255,5738,268161,44,340407
22704,0.051202,172.31.46.0-255,66,268227,44,340407
22705,0.05357,172.217.194.0-255,5738,273965,44,340407
22706,0.053579,172.31.46.0-255,66,274031,44,340407
22707,0.055917,172.217.194.0-255,5738,279769,44,340407
22708,0.055922,172.31.46.0-255,66,279835,44,340407
22709,0.058293,172.217.194.0-255,5738,285573,44,340407
22710,0.0583,172.31.46.0-255,66,285639,44,340407
22711,0.060655,172.217.194.0-255,5738,291377,44,340407
22712,0.06066,172.31.46.0-255,66,291443,44,340407
22713,0.063009,172.217.194.0-255,5738,297181,44,340407
22714,0.063014,172.31.46.0-255,66,297247,44,340407
22715,0.065387,172.217.194.0-255,5738,302985,44,340407
22716,0.065393,172.31.46.0-255,66,303051,44,340407
22717,0.06773,172.217.194.0-255,5738,308789,44,340407
22718,0.067737,172.31.46.0-255,66,308855,44,340407
22719,0.070072,172.217.194.0-255,5738,314593,44,340407
22720,0.070078,172.31.46.0-255,66,314659,44,340407
22721,0.072435,172.217.194.0-255,5738,320397,44,340407
22722,0.07244,172.31.46.0-255,66,320463,44,340407
22723,0.074774,172.217.194.0-255,5738,326201,44,340407
22724,0.074779,172.31.46.0-255,66,326267,44,340407
22725,0.077113,172.217.194.0-255,5738,332005,44,340407
22726,0.077119,172.31.46.0-255,66,332071,44,340407
22727,0.079469,172.217.194.0-255,5738,337809,44,340407
22728,0.079476,172.31.46.0-255,66,337875,44,340407
22729,0.081849,172.217.194.0-255,2295,340170,44,340407
22730,0.081855,172.31.46.0-255,66,340236,44,340407
22731,0.082006,172.31.46.0-255,105,340341,44,340407
22732,0.084364,172.217.194.0-255,66,340407,44,340407
22733,0.0,172.217.194.0-255,165,165,44,316342
22734,1.6e-05,172.31.46.0-255,66,231,44,316342
22735,2.1e-05,172.217.194.0-255,1484,1715,44,316342
22736,2.7e-05,172.31.46.0-255,66,1781,44,316342
22737,3.2e-05,172.217.194.0-255,2902,4683,44,316342
22738,3.5e-05,172.31.46.0-255,66,4749,44,316342
22739,3.8e-05,172.217.194.0-255,1484,6233,44,316342
22740,4.1e-05,172.31.46.0-255,66,6299,44,316342
22741,6.5e-05,172.217.194.0-255,2902,9201,44,316342
22742,6.8e-05,172.31.46.0-255,66,9267,44,316342
22743,8.6e-05,172.217.194.0-255,2902,12169,44,316342
22744,8.8e-05,172.31.46.0-255,66,12235,44,316342
22745,0.000105,172.217.194.0-255,2061,14296,44,316342
22746,0.000107,172.31.46.0-255,66,14362,44,316342
22747,0.00024,172.217.194.0-255,1484,15846,44,316342
22748,0.000244,172.31.46.0-255,66,15912,44,316342
22749,0.000249,172.217.194.0-255,2902,18814,44,316342
22750,0.000252,172.31.46.0-255,66,18880,44,316342
22751,0.000273,172.217.194.0-255,5738,24618,44,316342
22752,0.000275,172.31.46.0-255,66,24684,44,316342
22753,0.000289,172.217.194.0-255,2902,27586,44,316342
22754,0.000291,172.31.46.0-255,66,27652,44,316342
22755,0.000309,172.217.194.0-255,3961,31613,44,316342
22756,0.000311,172.31.46.0-255,66,31679,44,316342
22757,0.000326,172.217.194.0-255,4320,35999,44,316342
22758,0.000328,172.31.46.0-255,66,36065,44,316342
22759,0.000343,172.217.194.0-255,2902,38967,44,316342
22760,0.000345,172.31.46.0-255,66,39033,44,316342
22761,0.000351,172.217.194.0-255,5738,44771,44,316342
22762,0.000353,172.31.46.0-255,66,44837,44,316342
22763,0.000393,172.217.194.0-255,1484,46321,44,316342
22764,0.000395,172.31.46.0-255,66,46387,44,316342
22765,0.00041,172.217.194.0-255,2543,48930,44,316342
22766,0.000412,172.31.46.0-255,66,48996,44,316342
22767,0.001499,172.217.194.0-255,1484,50480,44,316342
22768,0.001506,172.31.46.0-255,66,50546,44,316342
22769,0.001517,172.217.194.0-255,2902,53448,44,316342
22770,0.001519,172.31.46.0-255,66,53514,44,316342
22771,0.001536,172.217.194.0-255,5738,59252,44,316342
22772,0.001538,172.31.46.0-255,66,59318,44,316342
22773,0.001574,172.31.46.0-255,66,59384,44,316342
22774,0.001605,172.217.194.0-255,4320,63704,44,316342
22775,0.001608,172.31.46.0-255,66,63770,44,316342
22776,0.001634,172.217.194.0-255,4320,68090,44,316342
22777,0.001636,172.31.46.0-255,66,68156,44,316342
22778,0.001644,172.217.194.0-255,7156,75312,44,316342
22779,0.001646,172.31.46.0-255,66,75378,44,316342
22780,0.001697,172.31.46.0-255,66,75444,44,316342
22781,0.00173,172.31.46.0-255,66,75510,44,316342
22782,0.001732,172.217.194.0-255,766,76276,44,316342
22783,0.001735,172.31.46.0-255,66,76342,44,316342
22784,0.002411,172.217.194.0-255,1484,77826,44,316342
22785,0.002417,172.31.46.0-255,66,77892,44,316342
22786,0.002438,172.217.194.0-255,2902,80794,44,316342
22787,0.002441,172.31.46.0-255,66,80860,44,316342
22788,0.002459,172.217.194.0-255,2902,83762,44,316342
22789,0.002461,172.31.46.0-255,66,83828,44,316342
22790,0.002464,172.217.194.0-255,1484,85312,44,316342
22791,0.002466,172.31.46.0-255,66,85378,44,316342
22792,0.002492,172.217.194.0-255,5738,91116,44,316342
22793,0.002494,172.31.46.0-255,66,91182,44,316342
22794,0.002497,172.217.194.0-255,1484,92666,44,316342
22795,0.002499,172.31.46.0-255,66,92732,44,316342
22796,0.002517,172.217.194.0-255,7156,99888,44,316342
22797,0.002519,172.31.46.0-255,66,99954,44,316342
22798,0.002546,172.217.194.0-255,1484,101438,44,316342
22799,0.002548,172.31.46.0-255,66,101504,44,316342
22800,0.002553,172.217.194.0-255,4320,105824,44,316342
22801,0.002555,172.31.46.0-255,66,105890,44,316342
22802,0.002573,172.217.194.0-255,5020,110910,44,316342
22803,0.002575,172.31.46.0-255,66,110976,44,316342
22804,0.005105,172.217.194.0-255,5738,116714,44,316342
22805,0.005108,172.31.46.0-255,66,116780,44,316342
22806,0.007631,172.217.194.0-255,5738,122518,44,316342
22807,0.007639,172.31.46.0-255,66,122584,44,316342
22808,0.010208,172.217.194.0-255,5738,128322,44,316342
22809,0.010215,172.31.46.0-255,66,128388,44,316342
22810,0.012767,172.217.194.0-255,5738,134126,44,316342
22811,0.012775,172.31.46.0-255,66,134192,44,316342
22812,0.015312,172.217.194.0-255,5738,139930,44,316342
22813,0.01532,172.31.46.0-255,66,139996,44,316342
22814,0.017882,172.217.194.0-255,5738,145734,44,316342
22815,0.01789,172.31.46.0-255,66,145800,44,316342
22816,0.020458,172.217.194.0-255,5738,151538,44,316342
22817,0.020467,172.31.46.0-255,66,151604,44,316342
22818,0.023003,172.217.194.0-255,5738,157342,44,316342
22819,0.023009,172.31.46.0-255,66,157408,44,316342
22820,0.023759,172.31.46.0-255,172,157580,44,316342
22821,0.023788,172.31.46.0-255,1114,158694,44,316342
22822,0.023843,172.31.46.0-255,1514,160208,44,316342
22823,0.023844,172.31.46.0-255,1514,161722,44,316342
22824,0.023846,172.31.46.0-255,1514,163236,44,316342
22825,0.023847,172.31.46.0-255,1514,164750,44,316342
22826,0.023848,172.31.46.0-255,556,165306,44,316342
22827,0.025416,104.244.42.0-255,66,165372,44,316342
22828,0.02561,172.217.194.0-255,5738,171110,44,316342
22829,0.025615,172.31.46.0-255,66,171176,44,316342
22830,0.028176,172.217.194.0-255,5738,176914,44,316342
22831,0.028183,172.31.46.0-255,66,176980,44,316342
22832,0.03075,172.217.194.0-255,5738,182718,44,316342
22833,0.030757,172.31.46.0-255,66,182784,44,316342
22834,0.033333,172.217.194.0-255,5738,188522,44,316342
22835,0.033339,172.31.46.0-255,66,188588,44,316342
22836,0.035891,172.217.194.0-255,5738,194326,44,316342
22837,0.035898,172.31.46.0-255,66,194392,44,316342
22838,0.038455,172.217.194.0-255,5738,200130,44,316342
22839,0.03846,172.31.46.0-255,66,200196,44,316342
22840,0.041021,172.217.194.0-255,5738,205934,44,316342
22841,0.041028,172.31.46.0-255,66,206000,44,316342
22842,0.043564,172.217.194.0-255,5738,211738,44,316342
22843,0.043569,172.31.46.0-255,66,211804,44,316342
22844,0.046114,172.217.194.0-255,5738,217542,44,316342
22845,0.046119,172.31.46.0-255,66,217608,44,316342
22846,0.048688,172.217.194.0-255,5738,223346,44,316342
22847,0.048693,172.31.46.0-255,66,223412,44,316342
22848,0.051268,172.217.194.0-255,5738,229150,44,316342
22849,0.051275,172.31.46.0-255,66,229216,44,316342
22850,0.053827,172.217.194.0-255,5738,234954,44,316342
22851,0.053832,172.31.46.0-255,66,235020,44,316342
22852,0.056388,172.217.194.0-255,5738,240758,44,316342
22853,0.056392,172.31.46.0-255,66,240824,44,316342
22854,0.058955,172.217.194.0-255,5738,246562,44,316342
22855,0.058961,172.31.46.0-255,66,246628,44,316342
22856,0.061527,172.217.194.0-255,5738,252366,44,316342
22857,0.061533,172.31.46.0-255,66,252432,44,316342
22858,0.064134,172.217.194.0-255,5738,258170,44,316342
22859,0.06414,172.31.46.0-255,66,258236,44,316342
22860,0.065927,104.244.42.0-255,66,258302,44,316342
22861,0.066692,172.217.194.0-255,5738,264040,44,316342
22862,0.066696,172.31.46.0-255,66,264106,44,316342
22863,0.069233,172.217.194.0-255,5738,269844,44,316342
22864,0.069239,172.31.46.0-255,66,269910,44,316342
22865,0.071781,172.217.194.0-255,5738,275648,44,316342
22866,0.071787,172.31.46.0-255,66,275714,44,316342
22867,0.074338,172.217.194.0-255,5738,281452,44,316342
22868,0.074345,172.31.46.0-255,66,281518,44,316342
22869,0.076913,172.217.194.0-255,5738,287256,44,316342
22870,0.076918,172.31.46.0-255,66,287322,44,316342
22871,0.079454,172.217.194.0-255,5738,293060,44,316342
22872,0.079459,172.31.46.0-255,66,293126,44,316342
22873,0.082009,172.217.194.0-255,5738,298864,44,316342
22874,0.082016,172.31.46.0-255,66,298930,44,316342
22875,0.084567,172.217.194.0-255,5738,304668,44,316342
22876,0.084574,172.31.46.0-255,66,304734,44,316342
22877,0.087109,172.217.194.0-255,5738,310472,44,316342
22878,0.087116,172.31.46.0-255,66,310538,44,316342
22879,0.089672,172.217.194.0-255,5738,316276,44,316342
22880,0.08969,172.31.46.0-255,66,316342,44,316342
22881,0.0,172.217.194.0-255,146,146,44,301433
22882,2.2e-05,172.31.46.0-255,66,212,44,301433
22883,2.9e-05,172.217.194.0-255,1484,1696,44,301433
22884,3.3e-05,172.31.46.0-255,66,1762,44,301433
22885,3.9e-05,172.217.194.0-255,2902,4664,44,301433
22886,4.2e-05,172.31.46.0-255,66,4730,44,301433
22887,5e-05,172.217.194.0-255,7156,11886,44,301433
22888,5.3e-05,172.31.46.0-255,66,11952,44,301433
22889,5.7e-05,172.217.194.0-255,2123,14075,44,301433
22890,5.9e-05,172.31.46.0-255,66,14141,44,301433
22891,0.000903,172.217.194.0-255,1484,15625,44,301433
22892,0.000911,172.31.46.0-255,66,15691,44,301433
22893,0.000921,172.217.194.0-255,2902,18593,44,301433
22894,0.000923,172.31.46.0-255,66,18659,44,301433
22895,0.00093,172.217.194.0-255,5738,24397,44,301433
22896,0.000932,172.31.46.0-255,66,24463,44,301433
22897,0.000965,172.217.194.0-255,6797,31260,44,301433
22898,0.000968,172.31.46.0-255,66,31326,44,301433
22899,0.000973,172.217.194.0-255,2902,34228,44,301433
22900,0.000975,172.31.46.0-255,66,34294,44,301433
22901,0.000997,172.217.194.0-255,5738,40032,44,301433
22902,0.000999,172.31.46.0-255,66,40098,44,301433
22903,0.001011,172.31.46.0-255,66,40164,44,301433
22904,0.001039,172.217.194.0-255,5738,45902,44,301433
22905,0.001041,172.31.46.0-255,66,45968,44,301433
22906,0.001072,172.31.46.0-255,66,46034,44,301433
22907,0.001075,172.217.194.0-255,341,46375,44,301433
22908,0.001076,172.31.46.0-255,66,46441,44,301433
22909,0.001099,172.217.194.0-255,120,46561,44,301433
22910,0.001102,172.31.46.0-255,66,46627,44,301433
22911,0.001135,172.217.194.0-255,1484,48111,44,301433
22912,0.001138,172.31.46.0-255,66,48177,44,301433
22913,0.001143,172.217.194.0-255,2902,51079,44,301433
22914,0.001145,172.31.46.0-255,66,51145,44,301433
22915,0.001148,172.217.194.0-255,1484,52629,44,301433
22916,0.00115,172.31.46.0-255,66,52695,44,301433
22917,0.001177,172.217.194.0-255,5738,58433,44,301433
22918,0.00118,172.31.46.0-255,66,58499,44,301433
22919,0.001193,172.31.46.0-255,66,58565,44,301433
22920,0.001265,172.31.46.0-255,66,58631,44,301433
22921,0.00129,172.217.194.0-255,2184,60815,44,301433
22922,0.001292,172.31.46.0-255,66,60881,44,301433
22923,0.001306,172.31.46.0-255,66,60947,44,301433
22924,0.001318,172.31.46.0-255,66,61013,44,301433
22925,0.001355,172.31.46.0-255,66,61079,44,301433
22926,0.001386,172.217.194.0-255,1484,62563,44,301433
22927,0.001389,172.31.46.0-255,66,62629,44,301433
22928,0.001393,172.217.194.0-255,2902,65531,44,301433
22929,0.001395,172.31.46.0-255,66,65597,44,301433
22930,0.001401,172.217.194.0-255,5738,71335,44,301433
22931,0.001403,172.31.46.0-255,66,71401,44,301433
22932,0.001447,172.31.46.0-255,66,71467,44,301433
22933,0.001457,172.31.46.0-255,66,71533,44,301433
22934,0.001487,172.217.194.0-255,2184,73717,44,301433
22935,0.00149,172.31.46.0-255,66,73783,44,301433
22936,0.00195,172.217.194.0-255,1484,75267,44,301433
22937,0.001955,172.31.46.0-255,66,75333,44,301433
22938,0.001962,172.217.194.0-255,2902,78235,44,301433
22939,0.001964,172.31.46.0-255,66,78301,44,301433
22940,0.001999,172.217.194.0-255,5738,84039,44,301433
22941,0.002001,172.31.46.0-255,66,84105,44,301433
22942,0.002005,172.217.194.0-255,1484,85589,44,301433
22943,0.002007,172.31.46.0-255,66,85655,44,301433
22944,0.00203,172.31.46.0-255,66,85721,44,301433
22945,0.002042,172.217.194.0-255,1484,87205,44,301433
22946,0.002049,172.217.194.0-255,7156,94361,44,301433
22947,0.002052,172.31.46.0-255,66,94427,44,301433
22948,0.002055,172.31.46.0-255,66,94493,44,301433
22949,0.002066,172.217.194.0-255,5020,99513,44,301433
22950,0.002069,172.31.46.0-255,66,99579,44,301433
22951,0.004134,172.217.194.0-255,5738,105317,44,301433
22952,0.004143,172.31.46.0-255,66,105383,44,301433
22953,0.006168,172.217.194.0-255,5738,111121,44,301433
22954,0.006173,172.31.46.0-255,66,111187,44,301433
22955,0.008206,172.217.194.0-255,5738,116925,44,301433
22956,0.008209,172.31.46.0-255,66,116991,44,301433
22957,0.010255,172.217.194.0-255,5738,122729,44,301433
22958,0.010266,172.31.46.0-255,66,122795,44,301433
22959,0.012296,172.217.194.0-255,5738,128533,44,301433
22960,0.012311,172.31.46.0-255,66,128599,44,301433
22961,0.014402,172.217.194.0-255,5738,134337,44,301433
22962,0.014416,172.31.46.0-255,66,134403,44,301433
22963,0.016438,172.217.194.0-255,5738,140141,44,301433
22964,0.016447,172.31.46.0-255,66,140207,44,301433
22965,0.018508,172.217.194.0-255,5738,145945,44,301433
22966,0.018517,172.31.46.0-255,66,146011,44,301433
22967,0.020608,172.217.194.0-255,5738,151749,44,301433
22968,0.02062,172.31.46.0-255,66,151815,44,301433
22969,0.022682,172.217.194.0-255,5738,157553,44,301433
22970,0.022695,172.31.46.0-255,66,157619,44,301433
22971,0.024751,172.217.194.0-255,5738,163357,44,301433
22972,0.024758,172.31.46.0-255,66,163423,44,301433
22973,0.026844,172.217.194.0-255,5738,169161,44,301433
22974,0.026856,172.31.46.0-255,66,169227,44,301433
22975,0.028901,172.217.194.0-255,5738,174965,44,301433
22976,0.028916,172.31.46.0-255,66,175031,44,301433
22977,0.030969,172.217.194.0-255,5738,180769,44,301433
22978,0.030978,172.31.46.0-255,66,180835,44,301433
22979,0.033034,172.217.194.0-255,5738,186573,44,301433
22980,0.03306,172.31.46.0-255,66,186639,44,301433
22981,0.035089,172.217.194.0-255,5738,192377,44,301433
22982,0.0351,172.31.46.0-255,66,192443,44,301433
22983,0.037148,172.217.194.0-255,5738,198181,44,301433
22984,0.037158,172.31.46.0-255,66,198247,44,301433
22985,0.039187,172.217.194.0-255,5738,203985,44,301433
22986,0.039198,172.31.46.0-255,66,204051,44,301433
22987,0.04128,172.217.194.0-255,5738,209789,44,301433
22988,0.041294,172.31.46.0-255,66,209855,44,301433
22989,0.043351,172.217.194.0-255,5738,215593,44,301433
22990,0.043364,172.31.46.0-255,66,215659,44,301433
22991,0.045409,172.217.194.0-255,5738,221397,44,301433
22992,0.045424,172.31.46.0-255,66,221463,44,301433
22993,0.047505,172.217.194.0-255,5738,227201,44,301433
22994,0.047521,172.31.46.0-255,66,227267,44,301433
22995,0.049568,172.217.194.0-255,5738,233005,44,301433
22996,0.04958,172.31.46.0-255,66,233071,44,301433
22997,0.051263,172.31.46.0-255,172,233243,44,301433
22998,0.051295,172.31.46.0-255,1114,234357,44,301433
22999,0.05137,172.31.46.0-255,1514,235871,44,301433
23000,0.051372,172.31.46.0-255,1514,237385,44,301433
23001,0.051377,172.31.46.0-255,1514,238899,44,301433
23002,0.051378,172.31.46.0-255,1514,240413,44,301433
23003,0.051396,172.31.46.0-255,1514,241927,44,301433
23004,0.051397,172.31.46.0-255,71,241998,44,301433
23005,0.051622,172.217.194.0-255,5738,247736,44,301433
23006,0.051629,172.31.46.0-255,66,247802,44,301433
23007,0.052828,104.244.42.0-255,66,247868,44,301433
23008,0.052873,104.244.42.0-255,66,247934,44,301433
23009,0.052944,104.244.42.0-255,66,248000,44,301433
23010,0.052988,104.244.42.0-255,66,248066,44,301433
23011,0.052992,104.244.42.0-255,66,248132,44,301433
23012,0.053683,172.217.194.0-255,5738,253870,44,301433
23013,0.053691,172.31.46.0-255,66,253936,44,301433
23014,0.053728,104.244.42.0-255,108,254044,44,301433
23015,0.053732,172.31.46.0-255,66,254110,44,301433
23016,0.055746,172.217.194.0-255,5738,259848,44,301433
23017,0.055752,172.31.46.0-255,66,259914,44,301433
23018,0.05781,172.217.194.0-255,5738,265652,44,301433
23019,0.057821,172.31.46.0-255,66,265718,44,301433
23020,0.059893,172.217.194.0-255,5738,271456,44,301433
23021,0.059902,172.31.46.0-255,66,271522,44,301433
23022,0.061959,172.217.194.0-255,5738,277260,44,301433
23023,0.061968,172.31.46.0-255,66,277326,44,301433
23024,0.06404,172.217.194.0-255,5738,283064,44,301433
23025,0.064052,172.31.46.0-255,66,283130,44,301433
23026,0.066109,172.217.194.0-255,5738,288868,44,301433
23027,0.066116,172.31.46.0-255,66,288934,44,301433
23028,0.068177,172.217.194.0-255,5738,294672,44,301433
23029,0.068186,172.31.46.0-255,66,294738,44,301433
23030,0.070223,172.217.194.0-255,5738,300476,44,301433
23031,0.070231,172.31.46.0-255,66,300542,44,301433
23032,0.072257,172.217.194.0-255,654,301196,44,301433
23033,0.072457,172.31.46.0-255,66,301262,44,301433
23034,0.072497,172.31.46.0-255,105,301367,44,301433
23035,0.074517,172.217.194.0-255,66,301433,44,301433
23036,0.0,74.125.68.0-255,150,150,44,339691
23037,2.5e-05,172.31.46.0-255,66,216,44,339691
23038,3.3e-05,74.125.68.0-255,1484,1700,44,339691
23039,3.8e-05,172.31.46.0-255,66,1766,44,339691
23040,4.4e-05,74.125.68.0-255,2902,4668,44,339691
23041,5.4e-05,172.31.46.0-255,66,4734,44,339691
23042,6.2e-05,74.125.68.0-255,7156,11890,44,339691
23043,6.5e-05,172.31.46.0-255,66,11956,44,339691
23044,6.9e-05,74.125.68.0-255,1950,13906,44,339691
23045,7.1e-05,172.31.46.0-255,66,13972,44,339691
23046,0.000209,74.125.68.0-255,1484,15456,44,339691
23047,0.000213,172.31.46.0-255,66,15522,44,339691
23048,0.000221,74.125.68.0-255,2902,18424,44,339691
23049,0.000224,172.31.46.0-255,66,18490,44,339691
23050,0.000228,74.125.68.0-255,1484,19974,44,339691
23051,0.000229,172.31.46.0-255,66,20040,44,339691
23052,0.000266,74.125.68.0-255,4320,24360,44,339691
23053,0.00027,172.31.46.0-255,66,24426,44,339691
23054,0.000277,74.125.68.0-255,6797,31223,44,339691
23055,0.000279,172.31.46.0-255,66,31289,44,339691
23056,0.000378,74.125.68.0-255,1484,32773,44,339691
23057,0.000383,172.31.46.0-255,66,32839,44,339691
23058,0.000388,74.125.68.0-255,2902,35741,44,339691
23059,0.00039,172.31.46.0-255,66,35807,44,339691
23060,0.000444,74.125.68.0-255,5738,41545,44,339691
23061,0.000449,172.31.46.0-255,66,41611,44,339691
23062,0.000454,74.125.68.0-255,2902,44513,44,339691
23063,0.000456,172.31.46.0-255,66,44579,44,339691
23064,0.000462,74.125.68.0-255,4320,48899,44,339691
23065,0.000464,172.31.46.0-255,66,48965,44,339691
23066,0.000496,74.125.68.0-255,6797,55762,44,339691
23067,0.000503,172.31.46.0-255,66,55828,44,339691
23068,0.000506,74.125.68.0-255,1484,57312,44,339691
23069,0.000511,74.125.68.0-255,2902,60214,44,339691
23070,0.000514,172.31.46.0-255,66,60280,44,339691
23071,0.000519,74.125.68.0-255,5653,65933,44,339691
23072,0.000521,172.31.46.0-255,66,65999,44,339691
23073,0.000953,74.125.68.0-255,130,66129,44,339691
23074,0.001081,74.125.68.0-255,1484,67613,44,339691
23075,0.001088,172.31.46.0-255,66,67679,44,339691
23076,0.001094,74.125.68.0-255,2902,70581,44,339691
23077,0.001096,172.31.46.0-255,66,70647,44,339691
23078,0.001106,74.125.68.0-255,2902,73549,44,339691
23079,0.001109,172.31.46.0-255,66,73615,44,339691
23080,0.001141,74.125.68.0-255,2902,76517,44,339691
23081,0.001143,172.31.46.0-255,66,76583,44,339691
23082,0.001148,74.125.68.0-255,2902,79485,44,339691
23083,0.001149,172.31.46.0-255,66,79551,44,339691
23084,0.00116,74.125.68.0-255,3961,83512,44,339691
23085,0.001162,172.31.46.0-255,66,83578,44,339691
23086,0.001203,74.125.68.0-255,1484,85062,44,339691
23087,0.00122,74.125.68.0-255,1484,86546,44,339691
23088,0.001223,172.31.46.0-255,66,86612,44,339691
23089,0.001228,74.125.68.0-255,2902,89514,44,339691
23090,0.001229,172.31.46.0-255,66,89580,44,339691
23091,0.001253,74.125.68.0-255,5738,95318,44,339691
23092,0.001259,172.31.46.0-255,66,95384,44,339691
23093,0.001286,74.125.68.0-255,5379,100763,44,339691
23094,0.001288,172.31.46.0-255,66,100829,44,339691
23095,0.002289,74.125.68.0-255,1484,102313,44,339691
23096,0.002301,74.125.68.0-255,2902,105215,44,339691
23097,0.002306,172.31.46.0-255,66,105281,44,339691
23098,0.002329,74.125.68.0-255,5738,111019,44,339691
23099,0.002331,172.31.46.0-255,66,111085,44,339691
23100,0.002335,74.125.68.0-255,2902,113987,44,339691
23101,0.002337,172.31.46.0-255,66,114053,44,339691
23102,0.002378,74.125.68.0-255,4320,118373,44,339691
23103,0.00238,172.31.46.0-255,66,118439,44,339691
23104,0.002391,172.31.46.0-255,66,118505,44,339691
23105,0.002401,74.125.68.0-255,2902,121407,44,339691
23106,0.002403,172.31.46.0-255,66,121473,44,339691
23107,0.002461,74.125.68.0-255,4320,125793,44,339691
23108,0.002465,172.31.46.0-255,66,125859,44,339691
23109,0.002482,74.125.68.0-255,766,126625,44,339691
23110,0.002519,74.125.68.0-255,1484,128109,44,339691
23111,0.002522,172.31.46.0-255,66,128175,44,339691
23112,0.00495,74.125.68.0-255,2902,131077,44,339691
23113,0.004957,172.31.46.0-255,66,131143,44,339691
23114,0.005004,74.125.68.0-255,2902,134045,44,339691
23115,0.005006,172.31.46.0-255,66,134111,44,339691
23116,0.007437,74.125.68.0-255,2902,137013,44,339691
23117,0.007442,172.31.46.0-255,66,137079,44,339691
23118,0.007476,74.125.68.0-255,2902,139981,44,339691
23119,0.007479,172.31.46.0-255,66,140047,44,339691
23120,0.009922,74.125.68.0-255,4320,144367,44,339691
23121,0.009932,172.31.46.0-255,66,144433,44,339691
23122,0.009965,74.125.68.0-255,1484,145917,44,339691
23123,0.012416,74.125.68.0-255,4320,150237,44,339691
23124,0.012427,172.31.46.0-255,66,150303,44,339691
23125,0.014914,74.125.68.0-255,5738,156041,44,339691
23126,0.014927,172.31.46.0-255,66,156107,44,339691
23127,0.017423,74.125.68.0-255,5738,161845,44,339691
23128,0.017442,172.31.46.0-255,66,161911,44,339691
23129,0.019968,74.125.68.0-255,5738,167649,44,339691
23130,0.019978,172.31.46.0-255,66,167715,44,339691
23131,0.02246,74.125.68.0-255,5738,173453,44,339691
23132,0.022479,172.31.46.0-255,66,173519,44,339691
23133,0.024971,74.125.68.0-255,5738,179257,44,339691
23134,0.024987,172.31.46.0-255,66,179323,44,339691
23135,0.027477,74.125.68.0-255,5738,185061,44,339691
23136,0.027491,172.31.46.0-255,66,185127,44,339691
23137,0.028501,172.31.46.0-255,172,185299,44,339691
23138,0.028545,172.31.46.0-255,1109,186408,44,339691
23139,0.028627,172.31.46.0-255,1514,187922,44,339691
23140,0.02863,172.31.46.0-255,1514,189436,44,339691
23141,0.028631,172.31.46.0-255,1514,190950,44,339691
23142,0.028632,172.31.46.0-255,1514,192464,44,339691
23143,0.028669,172.31.46.0-255,1514,193978,44,339691
23144,0.028671,172.31.46.0-255,75,194053,44,339691
23145,0.029973,74.125.68.0-255,2902,196955,44,339691
23146,0.029982,172.31.46.0-255,66,197021,44,339691
23147,0.030018,74.125.68.0-255,2902,199923,44,339691
23148,0.030021,172.31.46.0-255,66,199989,44,339691
23149,0.030038,104.244.42.0-255,66,200055,44,339691
23150,0.030142,104.244.42.0-255,66,200121,44,339691
23151,0.030301,104.244.42.0-255,66,200187,44,339691
23152,0.030308,104.244.42.0-255,66,200253,44,339691
23153,0.031272,104.244.42.0-255,108,200361,44,339691
23154,0.031293,172.31.46.0-255,66,200427,44,339691
23155,0.032444,74.125.68.0-255,1484,201911,44,339691
23156,0.032482,74.125.68.0-255,4320,206231,44,339691
23157,0.032488,172.31.46.0-255,66,206297,44,339691
23158,0.035021,74.125.68.0-255,5738,212035,44,339691
23159,0.035028,172.31.46.0-255,66,212101,44,339691
23160,0.037494,74.125.68.0-255,5738,217839,44,339691
23161,0.0375,172.31.46.0-255,66,217905,44,339691
23162,0.039984,74.125.68.0-255,2902,220807,44,339691
23163,0.039988,172.31.46.0-255,66,220873,44,339691
23164,0.04002,74.125.68.0-255,2902,223775,44,339691
23165,0.040023,172.31.46.0-255,66,223841,44,339691
23166,0.042448,74.125.68.0-255,2902,226743,44,339691
23167,0.042454,172.31.46.0-255,66,226809,44,339691
23168,0.042489,74.125.68.0-255,2902,229711,44,339691
23169,0.042493,172.31.46.0-255,66,229777,44,339691
23170,0.044922,74.125.68.0-255,2902,232679,44,339691
23171,0.044928,172.31.46.0-255,66,232745,44,339691
23172,0.044965,74.125.68.0-255,2902,235647,44,339691
23173,0.044968,172.31.46.0-255,66,235713,44,339691
23174,0.047388,74.125.68.0-255,2902,238615,44,339691
23175,0.047394,172.31.46.0-255,66,238681,44,339691
23176,0.047436,74.125.68.0-255,2902,241583,44,339691
23177,0.04744,172.31.46.0-255,66,241649,44,339691
23178,0.049858,74.125.68.0-255,2902,244551,44,339691
23179,0.049864,172.31.46.0-255,66,244617,44,339691
23180,0.049902,74.125.68.0-255,2902,247519,44,339691
23181,0.049905,172.31.46.0-255,66,247585,44,339691
23182,0.05235,74.125.68.0-255,2902,250487,44,339691
23183,0.052357,172.31.46.0-255,66,250553,44,339691
23184,0.052398,74.125.68.0-255,2902,253455,44,339691
23185,0.052401,172.31.46.0-255,66,253521,44,339691
23186,0.05482,74.125.68.0-255,2902,256423,44,339691
23187,0.054825,172.31.46.0-255,66,256489,44,339691
23188,0.054856,74.125.68.0-255,2902,259391,44,339691
23189,0.05486,172.31.46.0-255,66,259457,44,339691
23190,0.057282,74.125.68.0-255,2902,262359,44,339691
23191,0.057288,172.31.46.0-255,66,262425,44,339691
23192,0.057318,74.125.68.0-255,2902,265327,44,339691
23193,0.05732,172.31.46.0-255,66,265393,44,339691
23194,0.059747,74.125.68.0-255,1484,266877,44,339691
23195,0.059781,74.125.68.0-255,4320,271197,44,339691
23196,0.059786,172.31.46.0-255,66,271263,44,339691
23197,0.062272,74.125.68.0-255,4320,275583,44,339691
23198,0.062276,172.31.46.0-255,66,275649,44,339691
23199,0.062318,74.125.68.0-255,1484,277133,44,339691
23200,0.06474,74.125.68.0-255,4320,281453,44,339691
23201,0.064746,172.31.46.0-255,66,281519,44,339691
23202,0.06722,74.125.68.0-255,5738,287257,44,339691
23203,0.067231,172.31.46.0-255,66,287323,44,339691
23204,0.069701,74.125.68.0-255,5738,293061,44,339691
23205,0.069708,172.31.46.0-255,66,293127,44,339691
23206,0.072178,74.125.68.0-255,5738,298865,44,339691
23207,0.072188,172.31.46.0-255,66,298931,44,339691
23208,0.074667,74.125.68.0-255,5738,304669,44,339691
23209,0.074674,172.31.46.0-255,66,304735,44,339691
23210,0.077149,74.125.68.0-255,5738,310473,44,339691
23211,0.077155,172.31.46.0-255,66,310539,44,339691
23212,0.079634,74.125.68.0-255,5738,316277,44,339691
23213,0.07964,172.31.46.0-255,66,316343,44,339691
23214,0.082121,74.125.68.0-255,5738,322081,44,339691
23215,0.082129,172.31.46.0-255,66,322147,44,339691
23216,0.084598,74.125.68.0-255,5738,327885,44,339691
23217,0.084604,172.31.46.0-255,66,327951,44,339691
23218,0.087069,74.125.68.0-255,5738,333689,44,339691
23219,0.087075,172.31.46.0-255,66,333755,44,339691
23220,0.089537,74.125.68.0-255,2902,336657,44,339691
23221,0.089543,172.31.46.0-255,66,336723,44,339691
23222,0.089578,74.125.68.0-255,2902,339625,44,339691
23223,0.089581,172.31.46.0-255,66,339691,44,339691
23224,0.0,74.125.24.0-255,153,153,44,341170
23225,2.2e-05,172.31.46.0-255,66,219,44,341170
23226,2.9e-05,74.125.24.0-255,1484,1703,44,341170
23227,3.4e-05,172.31.46.0-255,66,1769,44,341170
23228,4.7e-05,74.125.24.0-255,2902,4671,44,341170
23229,5.2e-05,172.31.46.0-255,66,4737,44,341170
23230,5.9e-05,74.125.24.0-255,5738,10475,44,341170
23231,6.2e-05,172.31.46.0-255,66,10541,44,341170
23232,6.9e-05,74.125.24.0-255,6240,16781,44,341170
23233,7.3e-05,172.31.46.0-255,66,16847,44,341170
23234,8.9e-05,172.31.46.0-255,66,16913,44,341170
23235,0.000159,74.125.24.0-255,1484,18397,44,341170
23236,0.000162,172.31.46.0-255,66,18463,44,341170
23237,0.000181,74.125.24.0-255,2902,21365,44,341170
23238,0.000183,172.31.46.0-255,66,21431,44,341170
23239,0.000188,74.125.24.0-255,2902,24333,44,341170
23240,0.00019,172.31.46.0-255,66,24399,44,341170
23241,0.000232,74.125.24.0-255,7156,31555,44,341170
23242,0.000235,172.31.46.0-255,66,31621,44,341170
23243,0.000239,74.125.24.0-255,2543,34164,44,341170
23244,0.000241,172.31.46.0-255,66,34230,44,341170
23245,0.000309,74.125.24.0-255,1484,35714,44,341170
23246,0.000312,172.31.46.0-255,66,35780,44,341170
23247,0.000323,74.125.24.0-255,1484,37264,44,341170
23248,0.000329,172.31.46.0-255,66,37330,44,341170
23249,0.000358,74.125.24.0-255,1484,38814,44,341170
23250,0.00036,172.31.46.0-255,66,38880,44,341170
23251,0.000365,74.125.24.0-255,2902,41782,44,341170
23252,0.000367,172.31.46.0-255,66,41848,44,341170
23253,0.00038,74.125.24.0-255,7156,49004,44,341170
23254,0.000382,172.31.46.0-255,66,49070,44,341170
23255,0.000387,74.125.24.0-255,2887,51957,44,341170
23256,0.000389,172.31.46.0-255,66,52023,44,341170
23257,0.000418,74.125.24.0-255,333,52356,44,341170
23258,0.000729,74.125.24.0-255,1484,53840,44,341170
23259,0.000734,172.31.46.0-255,66,53906,44,341170
23260,0.00074,74.125.24.0-255,2902,56808,44,341170
23261,0.000743,172.31.46.0-255,66,56874,44,341170
23262,0.000746,74.125.24.0-255,1484,58358,44,341170
23263,0.000775,74.125.24.0-255,4320,62678,44,341170
23264,0.000778,172.31.46.0-255,66,62744,44,341170
23265,0.000786,74.125.24.0-255,7156,69900,44,341170
23266,0.000788,172.31.46.0-255,66,69966,44,341170
23267,0.000817,74.125.24.0-255,6797,76763,44,341170
23268,0.00082,172.31.46.0-255,66,76829,44,341170
23269,0.000827,74.125.24.0-255,5738,82567,44,341170
23270,0.000829,172.31.46.0-255,66,82633,44,341170
23271,0.000864,74.125.24.0-255,3961,86594,44,341170
23272,0.000871,172.31.46.0-255,66,86660,44,341170
23273,0.001335,74.125.24.0-255,1484,88144,44,341170
23274,0.001342,74.125.24.0-255,2902,91046,44,341170
23275,0.001346,172.31.46.0-255,66,91112,44,341170
23276,0.00138,74.125.24.0-255,5738,96850,44,341170
23277,0.001383,172.31.46.0-255,66,96916,44,341170
23278,0.001401,172.31.46.0-255,66,96982,44,341170
23279,0.00144,172.31.46.0-255,66,97048,44,341170
23280,0.002145,74.125.24.0-255,1484,98532,44,341170
23281,0.002154,74.125.24.0-255,1484,100016,44,341170
23282,0.002158,172.31.46.0-255,66,100082,44,341170
23283,0.002177,74.125.24.0-255,1484,101566,44,341170
23284,0.002184,74.125.24.0-255,5738,107304,44,341170
23285,0.002186,172.31.46.0-255,66,107370,44,341170
23286,0.002227,172.31.46.0-255,66,107436,44,341170
23287,0.002231,74.125.24.0-255,1484,108920,44,341170
23288,0.002271,172.31.46.0-255,66,108986,44,341170
23289,0.002276,74.125.24.0-255,2184,111170,44,341170
23290,0.002278,172.31.46.0-255,66,111236,44,341170
23291,0.00456,74.125.24.0-255,5738,116974,44,341170
23292,0.004577,172.31.46.0-255,66,117040,44,341170
23293,0.006872,74.125.24.0-255,5738,122778,44,341170
23294,0.006877,172.31.46.0-255,66,122844,44,341170
23295,0.009126,74.125.24.0-255,5738,128582,44,341170
23296,0.009139,172.31.46.0-255,66,128648,44,341170
23297,0.01139,74.125.24.0-255,5738,134386,44,341170
23298,0.011405,172.31.46.0-255,66,134452,44,341170
23299,0.013715,74.125.24.0-255,5738,140190,44,341170
23300,0.013735,172.31.46.0-255,66,140256,44,341170
23301,0.016007,74.125.24.0-255,5738,145994,44,341170
23302,0.016023,172.31.46.0-255,66,146060,44,341170
23303,0.018351,74.125.24.0-255,5738,151798,44,341170
23304,0.018368,172.31.46.0-255,66,151864,44,341170
23305,0.020663,74.125.24.0-255,5738,157602,44,341170
23306,0.020678,172.31.46.0-255,66,157668,44,341170
23307,0.022978,74.125.24.0-255,5738,163406,44,341170
23308,0.022988,172.31.46.0-255,66,163472,44,341170
23309,0.025265,74.125.24.0-255,5738,169210,44,341170
23310,0.025279,172.31.46.0-255,66,169276,44,341170
23311,0.027644,74.125.24.0-255,5738,175014,44,341170
23312,0.027659,172.31.46.0-255,66,175080,44,341170
23313,0.029946,74.125.24.0-255,5738,180818,44,341170
23314,0.029961,172.31.46.0-255,66,180884,44,341170
23315,0.032223,74.125.24.0-255,5738,186622,44,341170
23316,0.032236,172.31.46.0-255,66,186688,44,341170
23317,0.034506,74.125.24.0-255,5738,192426,44,341170
23318,0.034516,172.31.46.0-255,66,192492,44,341170
23319,0.036768,74.125.24.0-255,5738,198230,44,341170
23320,0.036777,172.31.46.0-255,66,198296,44,341170
23321,0.039046,74.125.24.0-255,5738,204034,44,341170
23322,0.039054,172.31.46.0-255,66,204100,44,341170
23323,0.039973,172.31.46.0-255,190,204290,44,341170
23324,0.040005,172.31.46.0-255,1115,205405,44,341170
23325,0.040071,172.31.46.0-255,1514,206919,44,341170
23326,0.040074,172.31.46.0-255,1514,208433,44,341170
23327,0.040075,172.31.46.0-255,1514,209947,44,341170
23328,0.040076,172.31.46.0-255,1514,211461,44,341170
23329,0.040108,172.31.46.0-255,1514,212975,44,341170
23330,0.04011,172.31.46.0-255,69,213044,44,341170
23331,0.041311,74.125.24.0-255,5738,218782,44,341170
23332,0.041319,172.31.46.0-255,66,218848,44,341170
23333,0.041614,104.244.42.0-255,66,218914,44,341170
23334,0.041642,104.244.42.0-255,66,218980,44,341170
23335,0.041704,104.244.42.0-255,66,219046,44,341170
23336,0.041708,104.244.42.0-255,66,219112,44,341170
23337,0.042385,104.244.42.0-255,108,219220,44,341170
23338,0.042395,172.31.46.0-255,66,219286,44,341170
23339,0.043578,74.125.24.0-255,5738,225024,44,341170
23340,0.043585,172.31.46.0-255,66,225090,44,341170
23341,0.045853,74.125.24.0-255,5738,230828,44,341170
23342,0.04586,172.31.46.0-255,66,230894,44,341170
23343,0.048108,74.125.24.0-255,5738,236632,44,341170
23344,0.048113,172.31.46.0-255,66,236698,44,341170
23345,0.050377,74.125.24.0-255,5738,242436,44,341170
23346,0.050384,172.31.46.0-255,66,242502,44,341170
23347,0.052678,74.125.24.0-255,5738,248240,44,341170
23348,0.052683,172.31.46.0-255,66,248306,44,341170
23349,0.054935,74.125.24.0-255,5738,254044,44,341170
23350,0.054941,172.31.46.0-255,66,254110,44,341170
23351,0.057274,74.125.24.0-255,5738,259848,44,341170
23352,0.057281,172.31.46.0-255,66,259914,44,341170
23353,0.059593,74.125.24.0-255,5738,265652,44,341170
23354,0.059599,172.31.46.0-255,66,265718,44,341170
23355,0.061857,74.125.24.0-255,5738,271456,44,341170
23356,0.061864,172.31.46.0-255,66,271522,44,341170
23357,0.064165,74.125.24.0-255,5738,277260,44,341170
23358,0.06417,172.31.46.0-255,66,277326,44,341170
23359,0.06643,74.125.24.0-255,5738,283064,44,341170
23360,0.066437,172.31.46.0-255,66,283130,44,341170
23361,0.068738,74.125.24.0-255,5738,288868,44,341170
23362,0.068745,172.31.46.0-255,66,288934,44,341170
23363,0.071018,74.125.24.0-255,5738,294672,44,341170
23364,0.071027,172.31.46.0-255,66,294738,44,341170
23365,0.073302,74.125.24.0-255,5738,300476,44,341170
23366,0.073316,172.31.46.0-255,66,300542,44,341170
23367,0.075585,74.125.24.0-255,5738,306280,44,341170
23368,0.075598,172.31.46.0-255,66,306346,44,341170
23369,0.077901,74.125.24.0-255,5738,312084,44,341170
23370,0.077914,172.31.46.0-255,66,312150,44,341170
23371,0.080217,74.125.24.0-255,5738,317888,44,341170
23372,0.080231,172.31.46.0-255,66,317954,44,341170
23373,0.082559,74.125.24.0-255,5738,323692,44,341170
23374,0.082567,172.31.46.0-255,66,323758,44,341170
23375,0.084909,74.125.24.0-255,5738,329496,44,341170
23376,0.084916,172.31.46.0-255,66,329562,44,341170
23377,0.087204,74.125.24.0-255,5738,335300,44,341170
23378,0.087211,172.31.46.0-255,66,335366,44,341170
23379,0.089461,74.125.24.0-255,5738,341104,44,341170
23380,0.089468,172.31.46.0-255,66,341170,44,341170
23381,0.0,216.58.221.0-255,297,297,44,362389
23382,1.5e-05,172.31.46.0-255,66,363,44,362389
23383,2.1e-05,216.58.221.0-255,1484,1847,44,362389
23384,2.6e-05,172.31.46.0-255,66,1913,44,362389
23385,3.1e-05,216.58.221.0-255,2902,4815,44,362389
23386,3.5e-05,172.31.46.0-255,66,4881,44,362389
23387,4.2e-05,216.58.221.0-255,5738,10619,44,362389
23388,4.4e-05,172.31.46.0-255,66,10685,44,362389
23389,7.4e-05,216.58.221.0-255,3270,13955,44,362389
23390,7.7e-05,172.31.46.0-255,66,14021,44,362389
23391,0.000146,216.58.221.0-255,1484,15505,44,362389
23392,0.00015,172.31.46.0-255,66,15571,44,362389
23393,0.000155,216.58.221.0-255,2902,18473,44,362389
23394,0.000157,172.31.46.0-255,66,18539,44,362389
23395,0.000163,216.58.221.0-255,4320,22859,44,362389
23396,0.000166,172.31.46.0-255,66,22925,44,362389
23397,0.000181,216.58.221.0-255,1484,24409,44,362389
23398,0.000183,172.31.46.0-255,66,24475,44,362389
23399,0.000191,216.58.221.0-255,6797,31272,44,362389
23400,0.000194,172.31.46.0-255,66,31338,44,362389
23401,0.000286,216.58.221.0-255,1484,32822,44,362389
23402,0.00029,172.31.46.0-255,66,32888,44,362389
23403,0.000296,216.58.221.0-255,2902,35790,44,362389
23404,0.000298,172.31.46.0-255,66,35856,44,362389
23405,0.000302,216.58.221.0-255,1484,37340,44,362389
23406,0.000304,172.31.46.0-255,66,37406,44,362389
23407,0.000327,216.58.221.0-255,4320,41726,44,362389
23408,0.000329,172.31.46.0-255,66,41792,44,362389
23409,0.000336,216.58.221.0-255,5738,47530,44,362389
23410,0.000338,172.31.46.0-255,66,47596,44,362389
23411,0.000367,216.58.221.0-255,1125,48721,44,362389
23412,0.000369,172.31.46.0-255,66,48787,44,362389
23413,0.000545,216.58.221.0-255,1484,50271,44,362389
23414,0.000552,216.58.221.0-255,2902,53173,44,362389
23415,0.000556,172.31.46.0-255,66,53239,44,362389
23416,0.00058,216.58.221.0-255,5738,58977,44,362389
23417,0.000582,172.31.46.0-255,66,59043,44,362389
23418,0.000588,216.58.221.0-255,4320,63363,44,362389
23419,0.00059,172.31.46.0-255,66,63429,44,362389
23420,0.000626,216.58.221.0-255,2543,65972,44,362389
23421,0.000629,172.31.46.0-255,66,66038,44,362389
23422,0.000651,216.58.221.0-255,395,66433,44,362389
23423,0.001396,216.58.221.0-255,350,66783,44,362389
23424,0.001546,216.58.221.0-255,1484,68267,44,362389
23425,0.001553,172.31.46.0-255,66,68333,44,362389
23426,0.00156,216.58.221.0-255,2902,71235,44,362389
23427,0.001562,172.31.46.0-255,66,71301,44,362389
23428,0.001569,216.58.221.0-255,5738,77039,44,362389
23429,0.001571,172.31.46.0-255,66,77105,44,362389
23430,0.001592,216.58.221.0-255,6797,83902,44,362389
23431,0.001594,172.31.46.0-255,66,83968,44,362389
23432,0.001625,216.58.221.0-255,7156,91124,44,362389
23433,0.001628,172.31.46.0-255,66,91190,44,362389
23434,0.001631,216.58.221.0-255,1484,92674,44,362389
23435,0.001658,172.31.46.0-255,66,92740,44,362389
23436,0.003582,216.58.221.0-255,5738,98478,44,362389
23437,0.003588,172.31.46.0-255,66,98544,44,362389
23438,0.005522,216.58.221.0-255,5738,104282,44,362389
23439,0.005532,172.31.46.0-255,66,104348,44,362389
23440,0.007466,216.58.221.0-255,5738,110086,44,362389
23441,0.007474,172.31.46.0-255,66,110152,44,362389
23442,0.009429,216.58.221.0-255,5738,115890,44,362389
23443,0.009438,172.31.46.0-255,66,115956,44,362389
23444,0.011366,216.58.221.0-255,5738,121694,44,362389
23445,0.011372,172.31.46.0-255,66,121760,44,362389
23446,0.013299,216.58.221.0-255,5738,127498,44,362389
23447,0.013307,172.31.46.0-255,66,127564,44,362389
23448,0.015237,216.58.221.0-255,5738,133302,44,362389
23449,0.015244,172.31.46.0-255,66,133368,44,362389
23450,0.017172,216.58.221.0-255,5738,139106,44,362389
23451,0.017179,172.31.46.0-255,66,139172,44,362389
23452,0.019107,216.58.221.0-255,5738,144910,44,362389
23453,0.019115,172.31.46.0-255,66,144976,44,362389
23454,0.02104,216.58.221.0-255,5738,150714,44,362389
23455,0.021046,172.31.46.0-255,66,150780,44,362389
23456,0.022982,216.58.221.0-255,5738,156518,44,362389
23457,0.022991,172.31.46.0-255,66,156584,44,362389
23458,0.024929,216.58.221.0-255,5738,162322,44,362389
23459,0.024939,172.31.46.0-255,66,162388,44,362389
23460,0.026888,216.58.221.0-255,5738,168126,44,362389
23461,0.026899,172.31.46.0-255,66,168192,44,362389
23462,0.02852,172.31.46.0-255,172,168364,44,362389
23463,0.028552,172.31.46.0-255,1114,169478,44,362389
23464,0.028619,172.31.46.0-255,1514,170992,44,362389
23465,0.028621,172.31.46.0-255,1514,172506,44,362389
23466,0.028622,172.31.46.0-255,1514,174020,44,362389
23467,0.028623,172.31.46.0-255,1514,175534,44,362389
23468,0.028625,172.31.46.0-255,557,176091,44,362389
23469,0.028825,216.58.221.0-255,5738,181829,44,362389
23470,0.028831,172.31.46.0-255,66,181895,44,362389
23471,0.03006,104.244.42.0-255,66,181961,44,362389
23472,0.030099,104.244.42.0-255,66,182027,44,362389
23473,0.030219,104.244.42.0-255,66,182093,44,362389
23474,0.030224,104.244.42.0-255,66,182159,44,362389
23475,0.03077,216.58.221.0-255,5738,187897,44,362389
23476,0.030777,172.31.46.0-255,66,187963,44,362389
23477,0.032716,216.58.221.0-255,5738,193701,44,362389
23478,0.032723,172.31.46.0-255,66,193767,44,362389
23479,0.034374,104.244.42.0-255,108,193875,44,362389
23480,0.034382,172.31.46.0-255,66,193941,44,362389
23481,0.034656,216.58.221.0-255,5738,199679,44,362389
23482,0.034661,172.31.46.0-255,66,199745,44,362389
23483,0.036627,216.58.221.0-255,5738,205483,44,362389
23484,0.036633,172.31.46.0-255,66,205549,44,362389
23485,0.038592,216.58.221.0-255,5738,211287,44,362389
23486,0.038598,172.31.46.0-255,66,211353,44,362389
23487,0.040522,216.58.221.0-255,5738,217091,44,362389
23488,0.040528,172.31.46.0-255,66,217157,44,362389
23489,0.042453,216.58.221.0-255,5738,222895,44,362389
23490,0.042462,172.31.46.0-255,66,222961,44,362389
23491,0.044438,216.58.221.0-255,5738,228699,44,362389
23492,0.044445,172.31.46.0-255,66,228765,44,362389
23493,0.046371,216.58.221.0-255,5738,234503,44,362389
23494,0.046377,172.31.46.0-255,66,234569,44,362389
23495,0.048327,216.58.221.0-255,5738,240307,44,362389
23496,0.048335,172.31.46.0-255,66,240373,44,362389
23497,0.050282,216.58.221.0-255,5738,246111,44,362389
23498,0.050289,172.31.46.0-255,66,246177,44,362389
23499,0.052223,216.58.221.0-255,5738,251915,44,362389
23500,0.052231,172.31.46.0-255,66,251981,44,362389
23501,0.054167,216.58.221.0-255,5738,257719,44,362389
23502,0.054174,172.31.46.0-255,66,257785,44,362389
23503,0.056105,216.58.221.0-255,5738,263523,44,362389
23504,0.056111,172.31.46.0-255,66,263589,44,362389
23505,0.058036,216.58.221.0-255,5738,269327,44,362389
23506,0.058043,172.31.46.0-255,66,269393,44,362389
23507,0.059966,216.58.221.0-255,5738,275131,44,362389
23508,0.059973,172.31.46.0-255,66,275197,44,362389
23509,0.061898,216.58.221.0-255,5738,280935,44,362389
23510,0.061906,172.31.46.0-255,66,281001,44,362389
23511,0.063838,216.58.221.0-255,5738,286739,44,362389
23512,0.063845,172.31.46.0-255,66,286805,44,362389
23513,0.065784,216.58.221.0-255,5738,292543,44,362389
23514,0.065794,172.31.46.0-255,66,292609,44,362389
23515,0.067732,216.58.221.0-255,5738,298347,44,362389
23516,0.067739,172.31.46.0-255,66,298413,44,362389
23517,0.069723,216.58.221.0-255,5738,304151,44,362389
23518,0.06973,172.31.46.0-255,66,304217,44,362389
23519,0.071678,216.58.221.0-255,2902,307119,44,362389
23520,0.071684,172.31.46.0-255,66,307185,44,362389
23521,0.071708,216.58.221.0-255,2902,310087,44,362389
23522,0.071711,172.31.46.0-255,66,310153,44,362389
23523,0.073627,216.58.221.0-255,5738,315891,44,362389
23524,0.073634,172.31.46.0-255,66,315957,44,362389
23525,0.075572,216.58.221.0-255,5738,321695,44,362389
23526,0.075579,172.31.46.0-255,66,321761,44,362389
23527,0.077509,216.58.221.0-255,5738,327499,44,362389
23528,0.077516,172.31.46.0-255,66,327565,44,362389
23529,0.07945,216.58.221.0-255,5738,333303,44,362389
23530,0.079458,172.31.46.0-255,66,333369,44,362389
23531,0.081393,216.58.221.0-255,5738,339107,44,362389
23532,0.0814,172.31.46.0-255,66,339173,44,362389
23533,0.083341,216.58.221.0-255,5738,344911,44,362389
23534,0.083351,172.31.46.0-255,66,344977,44,362389
23535,0.085287,216.58.221.0-255,5738,350715,44,362389
23536,0.085294,172.31.46.0-255,66,350781,44,362389
23537,0.087233,216.58.221.0-255,5738,356519,44,362389
23538,0.087239,172.31.46.0-255,66,356585,44,362389
23539,0.089209,216.58.221.0-255,5738,362323,44,362389
23540,0.089216,172.31.46.0-255,66,362389,44,362389
23541,0.0,74.125.24.0-255,153,153,44,346586
23542,2.3e-05,172.31.46.0-255,66,219,44,346586
23543,3.2e-05,74.125.24.0-255,1484,1703,44,346586
23544,3.7e-05,172.31.46.0-255,66,1769,44,346586
23545,4.2e-05,74.125.24.0-255,2902,4671,44,346586
23546,5.2e-05,172.31.46.0-255,66,4737,44,346586
23547,5.9e-05,74.125.24.0-255,7156,11893,44,346586
23548,6.3e-05,172.31.46.0-255,66,11959,44,346586
23549,6.7e-05,74.125.24.0-255,1972,13931,44,346586
23550,7e-05,172.31.46.0-255,66,13997,44,346586
23551,0.000154,74.125.24.0-255,1484,15481,44,346586
23552,0.000157,172.31.46.0-255,66,15547,44,346586
23553,0.000185,74.125.24.0-255,2902,18449,44,346586
23554,0.000188,172.31.46.0-255,66,18515,44,346586
23555,0.000194,74.125.24.0-255,5738,24253,44,346586
23556,0.000196,172.31.46.0-255,66,24319,44,346586
23557,0.000208,74.125.24.0-255,6797,31116,44,346586
23558,0.00021,172.31.46.0-255,66,31182,44,346586
23559,0.000251,74.125.24.0-255,7156,38338,44,346586
23560,0.000254,172.31.46.0-255,66,38404,44,346586
23561,0.000273,172.31.46.0-255,66,38470,44,346586
23562,0.000303,74.125.24.0-255,5738,44208,44,346586
23563,0.000306,172.31.46.0-255,66,44274,44,346586
23564,0.000334,74.125.24.0-255,5320,49594,44,346586
23565,0.000337,172.31.46.0-255,66,49660,44,346586
23566,0.000363,74.125.24.0-255,130,49790,44,346586
23567,0.000366,172.31.46.0-255,66,49856,44,346586
23568,0.000527,74.125.24.0-255,1484,51340,44,346586
23569,0.000531,172.31.46.0-255,66,51406,44,346586
23570,0.000537,74.125.24.0-255,2902,54308,44,346586
23571,0.00054,172.31.46.0-255,66,54374,44,346586
23572,0.000567,74.125.24.0-255,5738,60112,44,346586
23573,0.000584,74.125.24.0-255,2902,63014,44,346586
23574,0.000592,172.31.46.0-255,66,63080,44,346586
23575,0.000653,74.125.24.0-255,2463,65543,44,346586
23576,0.000665,172.31.46.0-255,66,65609,44,346586
23577,0.000853,74.125.24.0-255,1484,67093,44,346586
23578,0.000868,74.125.24.0-255,2902,69995,44,346586
23579,0.000878,74.125.24.0-255,1484,71479,44,346586
23580,0.000883,172.31.46.0-255,66,71545,44,346586
23581,0.0009,74.125.24.0-255,4320,75865,44,346586
23582,0.000918,172.31.46.0-255,66,75931,44,346586
23583,0.000927,74.125.24.0-255,1484,77415,44,346586
23584,0.000937,74.125.24.0-255,7156,84571,44,346586
23585,0.00095,172.31.46.0-255,66,84637,44,346586
23586,0.000969,74.125.24.0-255,3602,88239,44,346586
23587,0.000984,172.31.46.0-255,66,88305,44,346586
23588,0.00116,74.125.24.0-255,1484,89789,44,346586
23589,0.001163,74.125.24.0-255,1484,91273,44,346586
23590,0.001173,74.125.24.0-255,1484,92757,44,346586
23591,0.001175,74.125.24.0-255,1484,94241,44,346586
23592,0.001187,74.125.24.0-255,4320,98561,44,346586
23593,0.001195,172.31.46.0-255,66,98627,44,346586
23594,0.00122,172.31.46.0-255,66,98693,44,346586
23595,0.001224,74.125.24.0-255,2902,101595,44,346586
23596,0.00123,74.125.24.0-255,7156,108751,44,346586
23597,0.00128,74.125.24.0-255,3602,112353,44,346586
23598,0.001287,172.31.46.0-255,66,112419,44,346586
23599,0.003311,74.125.24.0-255,5738,118157,44,346586
23600,0.003318,172.31.46.0-255,66,118223,44,346586
23601,0.005358,74.125.24.0-255,5738,123961,44,346586
23602,0.005893,172.31.46.0-255,66,124027,44,346586
23603,0.007893,74.125.24.0-255,5738,129765,44,346586
23604,0.007899,172.31.46.0-255,66,129831,44,346586
23605,0.009921,74.125.24.0-255,5738,135569,44,346586
23606,0.009929,172.31.46.0-255,66,135635,44,346586
23607,0.011946,74.125.24.0-255,5738,141373,44,346586
23608,0.01197,172.31.46.0-255,66,141439,44,346586
23609,0.013994,74.125.24.0-255,5738,147177,44,346586
23610,0.014002,172.31.46.0-255,66,147243,44,346586
23611,0.016017,74.125.24.0-255,5738,152981,44,346586
23612,0.016027,172.31.46.0-255,66,153047,44,346586
23613,0.018074,74.125.24.0-255,5738,158785,44,346586
23614,0.018082,172.31.46.0-255,66,158851,44,346586
23615,0.020134,74.125.24.0-255,5738,164589,44,346586
23616,0.020141,172.31.46.0-255,66,164655,44,346586
23617,0.022172,74.125.24.0-255,5738,170393,44,346586
23618,0.022178,172.31.46.0-255,66,170459,44,346586
23619,0.024248,74.125.24.0-255,5738,176197,44,346586
23620,0.024254,172.31.46.0-255,66,176263,44,346586
23621,0.026286,74.125.24.0-255,5738,182001,44,346586
23622,0.026294,172.31.46.0-255,66,182067,44,346586
23623,0.028307,74.125.24.0-255,5738,187805,44,346586
23624,0.028316,172.31.46.0-255,66,187871,44,346586
23625,0.030342,74.125.24.0-255,5738,193609,44,346586
23626,0.030351,172.31.46.0-255,66,193675,44,346586
23627,0.032413,74.125.24.0-255,5738,199413,44,346586
23628,0.032421,172.31.46.0-255,66,199479,44,346586
23629,0.034446,74.125.24.0-255,5738,205217,44,346586
23630,0.034453,172.31.46.0-255,66,205283,44,346586
23631,0.035738,172.31.46.0-255,176,205459,44,346586
23632,0.035769,172.31.46.0-255,1109,206568,44,346586
23633,0.035824,172.31.46.0-255,1514,208082,44,346586
23634,0.035826,172.31.46.0-255,1514,209596,44,346586
23635,0.035827,172.31.46.0-255,1514,211110,44,346586
23636,0.035828,172.31.46.0-255,1514,212624,44,346586
23637,0.035853,172.31.46.0-255,1514,214138,44,346586
23638,0.035854,172.31.46.0-255,76,214214,44,346586
23639,0.036488,74.125.24.0-255,5738,219952,44,346586
23640,0.036494,172.31.46.0-255,66,220018,44,346586
23641,0.037302,104.244.42.0-255,66,220084,44,346586
23642,0.037485,104.244.42.0-255,66,220150,44,346586
23643,0.037491,104.244.42.0-255,66,220216,44,346586
23644,0.037495,104.244.42.0-255,66,220282,44,346586
23645,0.038521,74.125.24.0-255,5738,226020,44,346586
23646,0.038529,172.31.46.0-255,66,226086,44,346586
23647,0.040553,74.125.24.0-255,5738,231824,44,346586
23648,0.040561,172.31.46.0-255,66,231890,44,346586
23649,0.042579,74.125.24.0-255,5738,237628,44,346586
23650,0.042586,172.31.46.0-255,66,237694,44,346586
23651,0.044611,74.125.24.0-255,5738,243432,44,346586
23652,0.044619,172.31.46.0-255,66,243498,44,346586
23653,0.046664,74.125.24.0-255,5738,249236,44,346586
23654,0.046671,172.31.46.0-255,66,249302,44,346586
23655,0.048694,74.125.24.0-255,5738,255040,44,346586
23656,0.048701,172.31.46.0-255,66,255106,44,346586
23657,0.050731,74.125.24.0-255,5738,260844,44,346586
23658,0.050738,172.31.46.0-255,66,260910,44,346586
23659,0.052743,74.125.24.0-255,5738,266648,44,346586
23660,0.052754,172.31.46.0-255,66,266714,44,346586
23661,0.054814,74.125.24.0-255,5738,272452,44,346586
23662,0.054822,172.31.46.0-255,66,272518,44,346586
23663,0.05686,74.125.24.0-255,5738,278256,44,346586
23664,0.056866,172.31.46.0-255,66,278322,44,346586
23665,0.058891,74.125.24.0-255,5738,284060,44,346586
23666,0.058903,172.31.46.0-255,66,284126,44,346586
23667,0.060948,74.125.24.0-255,5738,289864,44,346586
23668,0.060955,172.31.46.0-255,66,289930,44,346586
23669,0.063035,74.125.24.0-255,5738,295668,44,346586
23670,0.063041,172.31.46.0-255,66,295734,44,346586
23671,0.065092,74.125.24.0-255,5738,301472,44,346586
23672,0.065099,172.31.46.0-255,66,301538,44,346586
23673,0.06713,74.125.24.0-255,5738,307276,44,346586
23674,0.067137,172.31.46.0-255,66,307342,44,346586
23675,0.069167,74.125.24.0-255,5738,313080,44,346586
23676,0.069174,172.31.46.0-255,66,313146,44,346586
23677,0.071211,74.125.24.0-255,5738,318884,44,346586
23678,0.071217,172.31.46.0-255,66,318950,44,346586
23679,0.073248,74.125.24.0-255,5738,324688,44,346586
23680,0.073255,172.31.46.0-255,66,324754,44,346586
23681,0.075312,74.125.24.0-255,5738,330492,44,346586
23682,0.075318,172.31.46.0-255,66,330558,44,346586
23683,0.077363,74.125.24.0-255,5738,336296,44,346586
23684,0.07737,172.31.46.0-255,66,336362,44,346586
23685,0.079412,74.125.24.0-255,5738,342100,44,346586
23686,0.079418,172.31.46.0-255,66,342166,44,346586
23687,0.081473,74.125.24.0-255,4183,346349,44,346586
23688,0.08148,172.31.46.0-255,66,346415,44,346586
23689,0.08167,172.31.46.0-255,105,346520,44,346586
23690,0.083667,74.125.24.0-255,66,346586,44,346586
23691,0.0,74.125.24.0-255,153,153,44,330877
23692,1.4e-05,172.31.46.0-255,66,219,44,330877
23693,2.1e-05,74.125.24.0-255,1484,1703,44,330877
23694,2.6e-05,172.31.46.0-255,66,1769,44,330877
23695,3.2e-05,74.125.24.0-255,2902,4671,44,330877
23696,3.6e-05,172.31.46.0-255,66,4737,44,330877
23697,4.4e-05,74.125.24.0-255,7156,11893,44,330877
23698,4.7e-05,172.31.46.0-255,66,11959,44,330877
23699,5.1e-05,74.125.24.0-255,2072,14031,44,330877
23700,5.4e-05,172.31.46.0-255,66,14097,44,330877
23701,7.8e-05,74.125.24.0-255,1484,15581,44,330877
23702,8.1e-05,172.31.46.0-255,66,15647,44,330877
23703,9.8e-05,74.125.24.0-255,2902,18549,44,330877
23704,0.000101,172.31.46.0-255,66,18615,44,330877
23705,0.00013,74.125.24.0-255,5738,24353,44,330877
23706,0.000133,172.31.46.0-255,66,24419,44,330877
23707,0.00014,74.125.24.0-255,6797,31216,44,330877
23708,0.000143,172.31.46.0-255,66,31282,44,330877
23709,0.000411,74.125.24.0-255,1484,32766,44,330877
23710,0.000416,172.31.46.0-255,66,32832,44,330877
23711,0.000422,74.125.24.0-255,2902,35734,44,330877
23712,0.000425,172.31.46.0-255,66,35800,44,330877
23713,0.00045,74.125.24.0-255,5738,41538,44,330877
23714,0.000454,172.31.46.0-255,66,41604,44,330877
23715,0.000457,74.125.24.0-255,1484,43088,44,330877
23716,0.000459,172.31.46.0-255,66,43154,44,330877
23717,0.000485,74.125.24.0-255,1484,44638,44,330877
23718,0.000488,172.31.46.0-255,66,44704,44,330877
23719,0.000518,172.31.46.0-255,66,44770,44,330877
23720,0.000524,74.125.24.0-255,5738,50508,44,330877
23721,0.000527,172.31.46.0-255,66,50574,44,330877
23722,0.000591,74.125.24.0-255,5738,56312,44,330877
23723,0.000596,172.31.46.0-255,66,56378,44,330877
23724,0.000614,74.125.24.0-255,1125,57503,44,330877
23725,0.001014,172.31.46.0-255,66,57569,44,330877
23726,0.001597,74.125.24.0-255,645,58214,44,330877
23727,0.00173,74.125.24.0-255,1484,59698,44,330877
23728,0.001736,172.31.46.0-255,66,59764,44,330877
23729,0.001743,74.125.24.0-255,2902,62666,44,330877
23730,0.001745,172.31.46.0-255,66,62732,44,330877
23731,0.001751,74.125.24.0-255,2902,65634,44,330877
23732,0.001753,172.31.46.0-255,66,65700,44,330877
23733,0.001781,74.125.24.0-255,2902,68602,44,330877
23734,0.001783,172.31.46.0-255,66,68668,44,330877
23735,0.001797,172.31.46.0-255,66,68734,44,330877
23736,0.001832,74.125.24.0-255,1484,70218,44,330877
23737,0.001858,172.31.46.0-255,66,70284,44,330877
23738,0.002167,74.125.24.0-255,1484,71768,44,330877
23739,0.002181,74.125.24.0-255,2902,74670,44,330877
23740,0.002183,172.31.46.0-255,66,74736,44,330877
23741,0.002189,74.125.24.0-255,4320,79056,44,330877
23742,0.002191,172.31.46.0-255,66,79122,44,330877
23743,0.002203,74.125.24.0-255,1484,80606,44,330877
23744,0.00223,74.125.24.0-255,4320,84926,44,330877
23745,0.002232,172.31.46.0-255,66,84992,44,330877
23746,0.00225,74.125.24.0-255,2902,87894,44,330877
23747,0.002252,172.31.46.0-255,66,87960,44,330877
23748,0.002268,74.125.24.0-255,1484,89444,44,330877
23749,0.00229,74.125.24.0-255,7156,96600,44,330877
23750,0.002293,172.31.46.0-255,66,96666,44,330877
23751,0.002298,74.125.24.0-255,4320,100986,44,330877
23752,0.0023,172.31.46.0-255,66,101052,44,330877
23753,0.002304,74.125.24.0-255,1484,102536,44,330877
23754,0.0046,74.125.24.0-255,4320,106856,44,330877
23755,0.004605,172.31.46.0-255,66,106922,44,330877
23756,0.0069,74.125.24.0-255,5738,112660,44,330877
23757,0.006905,172.31.46.0-255,66,112726,44,330877
23758,0.009194,74.125.24.0-255,5738,118464,44,330877
23759,0.009202,172.31.46.0-255,66,118530,44,330877
23760,0.011517,74.125.24.0-255,5738,124268,44,330877
23761,0.011531,172.31.46.0-255,66,124334,44,330877
23762,0.013817,74.125.24.0-255,5738,130072,44,330877
23763,0.013827,172.31.46.0-255,66,130138,44,330877
23764,0.016116,74.125.24.0-255,5738,135876,44,330877
23765,0.016129,172.31.46.0-255,66,135942,44,330877
23766,0.018428,74.125.24.0-255,5738,141680,44,330877
23767,0.018435,172.31.46.0-255,66,141746,44,330877
23768,0.020742,74.125.24.0-255,5738,147484,44,330877
23769,0.020761,172.31.46.0-255,66,147550,44,330877
23770,0.023036,74.125.24.0-255,5738,153288,44,330877
23771,0.023047,172.31.46.0-255,66,153354,44,330877
23772,0.025318,74.125.24.0-255,5738,159092,44,330877
23773,0.025326,172.31.46.0-255,66,159158,44,330877
23774,0.027671,74.125.24.0-255,5738,164896,44,330877
23775,0.027679,172.31.46.0-255,66,164962,44,330877
23776,0.029988,74.125.24.0-255,5738,170700,44,330877
23777,0.029995,172.31.46.0-255,66,170766,44,330877
23778,0.032265,74.125.24.0-255,5738,176504,44,330877
23779,0.032272,172.31.46.0-255,66,176570,44,330877
23780,0.034573,74.125.24.0-255,5738,182308,44,330877
23781,0.034581,172.31.46.0-255,66,182374,44,330877
23782,0.036897,74.125.24.0-255,5738,188112,44,330877
23783,0.036909,172.31.46.0-255,66,188178,44,330877
23784,0.038657,172.31.46.0-255,188,188366,44,330877
23785,0.038688,172.31.46.0-255,955,189321,44,330877
23786,0.038758,172.31.46.0-255,1514,190835,44,330877
23787,0.03876,172.31.46.0-255,1514,192349,44,330877
23788,0.038765,172.31.46.0-255,1514,193863,44,330877
23789,0.038767,172.31.46.0-255,1514,195377,44,330877
23790,0.038785,172.31.46.0-255,1514,196891,44,330877
23791,0.038786,172.31.46.0-255,230,197121,44,330877
23792,0.039189,74.125.24.0-255,5738,202859,44,330877
23793,0.039199,172.31.46.0-255,66,202925,44,330877
23794,0.040204,104.244.42.0-255,66,202991,44,330877
23795,0.040257,104.244.42.0-255,66,203057,44,330877
23796,0.040339,104.244.42.0-255,66,203123,44,330877
23797,0.040346,104.244.42.0-255,66,203189,44,330877
23798,0.041483,74.125.24.0-255,5738,208927,44,330877
23799,0.04149,172.31.46.0-255,66,208993,44,330877
23800,0.043768,74.125.24.0-255,5738,214731,44,330877
23801,0.043775,172.31.46.0-255,66,214797,44,330877
23802,0.046055,74.125.24.0-255,5738,220535,44,330877
23803,0.046062,172.31.46.0-255,66,220601,44,330877
23804,0.048333,74.125.24.0-255,5738,226339,44,330877
23805,0.048339,172.31.46.0-255,66,226405,44,330877
23806,0.050658,74.125.24.0-255,5738,232143,44,330877
23807,0.050669,172.31.46.0-255,66,232209,44,330877
23808,0.052985,74.125.24.0-255,5738,237947,44,330877
23809,0.052993,172.31.46.0-255,66,238013,44,330877
23810,0.055265,74.125.24.0-255,5738,243751,44,330877
23811,0.055272,172.31.46.0-255,66,243817,44,330877
23812,0.057552,74.125.24.0-255,5738,249555,44,330877
23813,0.057558,172.31.46.0-255,66,249621,44,330877
23814,0.059935,74.125.24.0-255,5738,255359,44,330877
23815,0.059942,172.31.46.0-255,66,255425,44,330877
23816,0.062222,74.125.24.0-255,5738,261163,44,330877
23817,0.062229,172.31.46.0-255,66,261229,44,330877
23818,0.064499,74.125.24.0-255,5738,266967,44,330877
23819,0.064505,172.31.46.0-255,66,267033,44,330877
23820,0.066811,74.125.24.0-255,5738,272771,44,330877
23821,0.06682,172.31.46.0-255,66,272837,44,330877
23822,0.06912,74.125.24.0-255,5738,278575,44,330877
23823,0.069128,172.31.46.0-255,66,278641,44,330877
23824,0.071436,74.125.24.0-255,5738,284379,44,330877
23825,0.071443,172.31.46.0-255,66,284445,44,330877
23826,0.073731,74.125.24.0-255,5738,290183,44,330877
23827,0.073738,172.31.46.0-255,66,290249,44,330877
23828,0.076088,74.125.24.0-255,5738,295987,44,330877
23829,0.076095,172.31.46.0-255,66,296053,44,330877
23830,0.078382,74.125.24.0-255,5738,301791,44,330877
23831,0.078388,172.31.46.0-255,66,301857,44,330877
23832,0.080653,74.125.24.0-255,5738,307595,44,330877
23833,0.080659,172.31.46.0-255,66,307661,44,330877
23834,0.082956,74.125.24.0-255,5738,313399,44,330877
23835,0.082965,172.31.46.0-255,66,313465,44,330877
23836,0.085247,74.125.24.0-255,5738,319203,44,330877
23837,0.085254,172.31.46.0-255,66,319269,44,330877
23838,0.087533,74.125.24.0-255,5738,325007,44,330877
23839,0.08754,172.31.46.0-255,66,325073,44,330877
23840,0.08983,74.125.24.0-255,5738,330811,44,330877
23841,0.089836,172.31.46.0-255,66,330877,44,330877
23842,0.0,172.217.194.0-255,156,156,44,214590
23843,1.6e-05,172.31.46.0-255,66,222,44,214590
23844,2.3e-05,172.217.194.0-255,1484,1706,44,214590
23845,2.9e-05,172.31.46.0-255,66,1772,44,214590
23846,3.5e-05,172.217.194.0-255,2902,4674,44,214590
23847,3.8e-05,172.31.46.0-255,66,4740,44,214590
23848,4.6e-05,172.217.194.0-255,7156,11896,44,214590
23849,4.9e-05,172.31.46.0-255,66,11962,44,214590
23850,5.2e-05,172.217.194.0-255,2071,14033,44,214590
23851,5.6e-05,172.31.46.0-255,66,14099,44,214590
23852,0.000105,172.217.194.0-255,5738,19837,44,214590
23853,0.000109,172.31.46.0-255,66,19903,44,214590
23854,0.000117,172.217.194.0-255,7156,27059,44,214590
23855,0.000119,172.31.46.0-255,66,27125,44,214590
23856,0.000152,172.217.194.0-255,3961,31086,44,214590
23857,0.000154,172.31.46.0-255,66,31152,44,214590
23858,0.000206,172.217.194.0-255,1484,32636,44,214590
23859,0.000209,172.31.46.0-255,66,32702,44,214590
23860,0.000227,172.217.194.0-255,2902,35604,44,214590
23861,0.00023,172.31.46.0-255,66,35670,44,214590
23862,0.000255,172.217.194.0-255,5738,41408,44,214590
23863,0.000258,172.31.46.0-255,66,41474,44,214590
23864,0.000265,172.217.194.0-255,5738,47212,44,214590
23865,0.000267,172.31.46.0-255,66,47278,44,214590
23866,0.000303,172.31.46.0-255,66,47344,44,214590
23867,0.000323,172.217.194.0-255,2543,49887,44,214590
23868,0.000326,172.31.46.0-255,66,49953,44,214590
23869,0.000331,172.217.194.0-255,3961,53914,44,214590
23870,0.000333,172.31.46.0-255,66,53980,44,214590
23871,0.000336,172.217.194.0-255,677,54657,44,214590
23872,0.000338,172.31.46.0-255,66,54723,44,214590
23873,0.000523,172.217.194.0-255,1484,56207,44,214590
23874,0.00053,172.217.194.0-255,2902,59109,44,214590
23875,0.000534,172.31.46.0-255,66,59175,44,214590
23876,0.00054,172.217.194.0-255,2902,62077,44,214590
23877,0.000542,172.31.46.0-255,66,62143,44,214590
23878,0.000554,172.217.194.0-255,2902,65045,44,214590
23879,0.000557,172.31.46.0-255,66,65111,44,214590
23880,0.000564,172.217.194.0-255,7156,72267,44,214590
23881,0.000567,172.31.46.0-255,66,72333,44,214590
23882,0.000577,172.31.46.0-255,66,72399,44,214590
23883,0.000626,172.31.46.0-255,66,72465,44,214590
23884,0.000636,172.31.46.0-255,66,72531,44,214590
23885,0.000658,172.217.194.0-255,7156,79687,44,214590
23886,0.00066,172.31.46.0-255,66,79753,44,214590
23887,0.000679,172.217.194.0-255,1111,80864,44,214590
23888,0.000712,172.31.46.0-255,66,80930,44,214590
23889,0.00072,172.217.194.0-255,7156,88086,44,214590
23890,0.000722,172.31.46.0-255,66,88152,44,214590
23891,0.000738,172.217.194.0-255,2902,91054,44,214590
23892,0.000741,172.31.46.0-255,66,91120,44,214590
23893,0.000782,172.31.46.0-255,66,91186,44,214590
23894,0.000848,172.217.194.0-255,1484,92670,44,214590
23895,0.000862,172.217.194.0-255,2902,95572,44,214590
23896,0.000866,172.31.46.0-255,66,95638,44,214590
23897,0.000873,172.217.194.0-255,5738,101376,44,214590
23898,0.000875,172.31.46.0-255,66,101442,44,214590
23899,0.000912,172.31.46.0-255,66,101508,44,214590
23900,0.000959,172.217.194.0-255,7156,108664,44,214590
23901,0.000961,172.31.46.0-255,66,108730,44,214590
23902,0.000989,172.217.194.0-255,3602,112332,44,214590
23903,0.000992,172.31.46.0-255,66,112398,44,214590
23904,0.000997,172.217.194.0-255,5738,118136,44,214590
23905,0.001,172.31.46.0-255,66,118202,44,214590
23906,0.001006,172.217.194.0-255,7156,125358,44,214590
23907,0.001009,172.31.46.0-255,66,125424,44,214590
23908,0.001025,172.31.46.0-255,66,125490,44,214590
23909,0.001031,172.217.194.0-255,5738,131228,44,214590
23910,0.001034,172.31.46.0-255,66,131294,44,214590
23911,0.001076,172.217.194.0-255,4320,135614,44,214590
23912,0.001079,172.31.46.0-255,66,135680,44,214590
23913,0.001103,172.31.46.0-255,66,135746,44,214590
23914,0.00115,172.217.194.0-255,1484,137230,44,214590
23915,0.001167,172.217.194.0-255,2902,140132,44,214590
23916,0.00117,172.31.46.0-255,66,140198,44,214590
23917,0.001177,172.217.194.0-255,5738,145936,44,214590
23918,0.001179,172.31.46.0-255,66,146002,44,214590
23919,0.001191,172.217.194.0-255,1484,147486,44,214590
23920,0.001226,172.31.46.0-255,66,147552,44,214590
23921,0.001239,172.31.46.0-255,66,147618,44,214590
23922,0.00179,172.217.194.0-255,1484,149102,44,214590
23923,0.001798,172.217.194.0-255,2902,152004,44,214590
23924,0.001802,172.31.46.0-255,66,152070,44,214590
23925,0.001809,172.217.194.0-255,4320,156390,44,214590
23926,0.001811,172.31.46.0-255,66,156456,44,214590
23927,0.001823,172.217.194.0-255,1484,157940,44,214590
23928,0.001831,172.217.194.0-255,7156,165096,44,214590
23929,0.001833,172.31.46.0-255,66,165162,44,214590
23930,0.001864,172.31.46.0-255,66,165228,44,214590
23931,0.001882,172.217.194.0-255,1484,166712,44,214590
23932,0.001886,172.217.194.0-255,2184,168896,44,214590
23933,0.001889,172.31.46.0-255,66,168962,44,214590
23934,0.001939,172.217.194.0-255,1484,170446,44,214590
23935,0.001943,172.217.194.0-255,1484,171930,44,214590
23936,0.001945,172.31.46.0-255,66,171996,44,214590
23937,0.00196,172.217.194.0-255,1484,173480,44,214590
23938,0.001966,172.217.194.0-255,5738,179218,44,214590
23939,0.001969,172.31.46.0-255,66,179284,44,214590
23940,0.001972,172.217.194.0-255,1484,180768,44,214590
23941,0.001992,172.217.194.0-255,4320,185088,44,214590
23942,0.001994,172.31.46.0-255,66,185154,44,214590
23943,0.002006,172.31.46.0-255,66,185220,44,214590
23944,0.002021,172.217.194.0-255,2902,188122,44,214590
23945,0.002023,172.31.46.0-255,66,188188,44,214590
23946,0.002027,172.217.194.0-255,2902,191090,44,214590
23947,0.002029,172.31.46.0-255,66,191156,44,214590
23948,0.002049,172.217.194.0-255,2184,193340,44,214590
23949,0.002051,172.31.46.0-255,66,193406,44,214590
23950,0.00208,172.217.194.0-255,5738,199144,44,214590
23951,0.002083,172.31.46.0-255,66,199210,44,214590
23952,0.002086,172.217.194.0-255,1484,200694,44,214590
23953,0.002118,172.31.46.0-255,66,200760,44,214590
23954,0.002139,172.217.194.0-255,4320,205080,44,214590
23955,0.002141,172.31.46.0-255,66,205146,44,214590
23956,0.002165,172.31.46.0-255,66,205212,44,214590
23957,0.002231,172.31.46.0-255,66,205278,44,214590
23958,0.002244,172.31.46.0-255,66,205344,44,214590
23959,0.002247,172.217.194.0-255,97,205441,44,214590
23960,0.002277,172.217.194.0-255,105,205546,44,214590
23961,0.004406,172.31.46.0-255,66,205612,44,214590
23962,0.004443,172.31.46.0-255,105,205717,44,214590
23963,0.004508,172.217.194.0-255,129,205846,44,214590
23964,0.006711,172.217.194.0-255,66,205912,44,214590
23965,0.009794,172.31.46.0-255,105,206017,44,214590
23966,0.010076,172.31.46.0-255,90,206107,44,214590
23967,0.010085,172.31.46.0-255,66,206173,44,214590
23968,0.012082,172.217.194.0-255,66,206239,44,214590
23969,0.012342,172.217.194.0-255,66,206305,44,214590
23970,0.012367,172.217.194.0-255,66,206371,44,214590
23971,0.012374,172.31.46.0-255,66,206437,44,214590
23972,0.036782,172.31.46.0-255,187,206624,44,214590
23973,0.036812,172.31.46.0-255,979,207603,44,214590
23974,0.036887,172.31.46.0-255,1514,209117,44,214590
23975,0.036889,172.31.46.0-255,1514,210631,44,214590
23976,0.036893,172.31.46.0-255,1514,212145,44,214590
23977,0.036894,172.31.46.0-255,1514,213659,44,214590
23978,0.036911,172.31.46.0-255,493,214152,44,214590
23979,0.03834,104.244.42.0-255,66,214218,44,214590
23980,0.038374,104.244.42.0-255,66,214284,44,214590
23981,0.038443,104.244.42.0-255,66,214350,44,214590
23982,0.038461,104.244.42.0-255,66,214416,44,214590
23983,0.039106,104.244.42.0-255,108,214524,44,214590
23984,0.039113,172.31.46.0-255,66,214590,44,214590
23985,0.0,172.217.27.0-255,146,146,44,374967
23986,1.8e-05,172.31.46.0-255,66,212,44,374967
23987,2.5e-05,172.217.27.0-255,1484,1696,44,374967
23988,3e-05,172.31.46.0-255,66,1762,44,374967
23989,3.6e-05,172.217.27.0-255,2902,4664,44,374967
23990,4e-05,172.31.46.0-255,66,4730,44,374967
23991,4.7e-05,172.217.27.0-255,7156,11886,44,374967
23992,5.1e-05,172.31.46.0-255,66,11952,44,374967
23993,7.4e-05,172.217.27.0-255,2134,14086,44,374967
23994,7.6e-05,172.31.46.0-255,66,14152,44,374967
23995,0.000109,172.217.27.0-255,2902,17054,44,374967
23996,0.000112,172.31.46.0-255,66,17120,44,374967
23997,0.000116,172.217.27.0-255,2902,20022,44,374967
23998,0.000118,172.31.46.0-255,66,20088,44,374967
23999,0.000123,172.217.27.0-255,4320,24408,44,374967
24000,0.000126,172.31.46.0-255,66,24474,44,374967
24001,0.000174,172.217.27.0-255,2902,27376,44,374967
24002,0.000177,172.31.46.0-255,66,27442,44,374967
24003,0.000197,172.217.27.0-255,3961,31403,44,374967
24004,0.0002,172.31.46.0-255,66,31469,44,374967
24005,0.000304,172.217.27.0-255,1484,32953,44,374967
24006,0.000309,172.31.46.0-255,66,33019,44,374967
24007,0.000312,172.217.27.0-255,1484,34503,44,374967
24008,0.000314,172.31.46.0-255,66,34569,44,374967
24009,0.000349,172.217.27.0-255,2902,37471,44,374967
24010,0.000353,172.31.46.0-255,66,37537,44,374967
24011,0.000359,172.217.27.0-255,5738,43275,44,374967
24012,0.000361,172.31.46.0-255,66,43341,44,374967
24013,0.000365,172.217.27.0-255,2902,46243,44,374967
24014,0.000368,172.31.46.0-255,66,46309,44,374967
24015,0.000404,172.31.46.0-255,66,46375,44,374967
24016,0.000416,172.217.27.0-255,356,46731,44,374967
24017,0.000486,172.31.46.0-255,66,46797,44,374967
24018,0.00094,172.217.27.0-255,136,46933,44,374967
24019,0.000971,172.31.46.0-255,66,46999,44,374967
24020,0.001071,172.217.27.0-255,1484,48483,44,374967
24021,0.00108,172.217.27.0-255,2902,51385,44,374967
24022,0.001097,172.217.27.0-255,4320,55705,44,374967
24023,0.0011,172.217.27.0-255,1484,57189,44,374967
24024,0.001125,172.217.27.0-255,4320,61509,44,374967
24025,0.001141,172.217.27.0-255,2543,64052,44,374967
24026,0.001184,172.217.27.0-255,2902,66954,44,374967
24027,0.001189,172.217.27.0-255,2902,69856,44,374967
24028,0.001205,172.217.27.0-255,4320,74176,44,374967
24029,0.001256,172.217.27.0-255,6797,80973,44,374967
24030,0.006343,172.31.46.0-255,66,81039,44,374967
24031,0.008012,172.217.27.0-255,5738,86777,44,374967
24032,0.008019,172.31.46.0-255,66,86843,44,374967
24033,0.009675,172.217.27.0-255,5738,92581,44,374967
24034,0.009683,172.31.46.0-255,66,92647,44,374967
24035,0.011352,172.217.27.0-255,5738,98385,44,374967
24036,0.01173,172.31.46.0-255,66,98451,44,374967
24037,0.013386,172.217.27.0-255,5738,104189,44,374967
24038,0.013393,172.31.46.0-255,66,104255,44,374967
24039,0.015051,172.217.27.0-255,5738,109993,44,374967
24040,0.015059,172.31.46.0-255,66,110059,44,374967
24041,0.016712,172.217.27.0-255,5738,115797,44,374967
24042,0.016719,172.31.46.0-255,66,115863,44,374967
24043,0.018403,172.217.27.0-255,5738,121601,44,374967
24044,0.01841,172.31.46.0-255,66,121667,44,374967
24045,0.020064,172.217.27.0-255,5738,127405,44,374967
24046,0.020071,172.31.46.0-255,66,127471,44,374967
24047,0.021722,172.217.27.0-255,5738,133209,44,374967
24048,0.021728,172.31.46.0-255,66,133275,44,374967
24049,0.023389,172.217.27.0-255,5738,139013,44,374967
24050,0.023397,172.31.46.0-255,66,139079,44,374967
24051,0.025051,172.217.27.0-255,5738,144817,44,374967
24052,0.025059,172.31.46.0-255,66,144883,44,374967
24053,0.026709,172.217.27.0-255,5738,150621,44,374967
24054,0.026715,172.31.46.0-255,66,150687,44,374967
24055,0.028366,172.217.27.0-255,5738,156425,44,374967
24056,0.028373,172.31.46.0-255,66,156491,44,374967
24057,0.030035,172.217.27.0-255,5738,162229,44,374967
24058,0.030042,172.31.46.0-255,66,162295,44,374967
24059,0.031696,172.217.27.0-255,5738,168033,44,374967
24060,0.031703,172.31.46.0-255,66,168099,44,374967
24061,0.033362,172.217.27.0-255,5738,173837,44,374967
24062,0.033373,172.31.46.0-255,66,173903,44,374967
24063,0.035037,172.217.27.0-255,5738,179641,44,374967
24064,0.035044,172.31.46.0-255,66,179707,44,374967
24065,0.036698,172.217.27.0-255,5738,185445,44,374967
24066,0.036705,172.31.46.0-255,66,185511,44,374967
24067,0.038358,172.217.27.0-255,5738,191249,44,374967
24068,0.038364,172.31.46.0-255,66,191315,44,374967
24069,0.040038,172.217.27.0-255,5738,197053,44,374967
24070,0.040046,172.31.46.0-255,66,197119,44,374967
24071,0.04178,172.217.27.0-255,5738,202857,44,374967
24072,0.041787,172.31.46.0-255,66,202923,44,374967
24073,0.042321,172.31.46.0-255,101,203024,44,374967
24074,0.042526,172.31.46.0-255,172,203196,44,374967
24075,0.042553,172.31.46.0-255,1114,204310,44,374967
24076,0.042609,172.31.46.0-255,1514,205824,44,374967
24077,0.04261,172.31.46.0-255,1514,207338,44,374967
24078,0.042616,172.31.46.0-255,1514,208852,44,374967
24079,0.042617,172.31.46.0-255,1514,210366,44,374967
24080,0.042632,172.31.46.0-255,1514,211880,44,374967
24081,0.042633,172.31.46.0-255,71,211951,44,374967
24082,0.043451,172.217.27.0-255,5738,217689,44,374967
24083,0.043458,172.31.46.0-255,66,217755,44,374967
24084,0.04395,172.217.27.0-255,66,217821,44,374967
24085,0.044073,104.244.42.0-255,66,217887,44,374967
24086,0.044079,104.244.42.0-255,66,217953,44,374967
24087,0.044154,104.244.42.0-255,66,218019,44,374967
24088,0.044184,104.244.42.0-255,66,218085,44,374967
24089,0.044847,104.244.42.0-255,108,218193,44,374967
24090,0.044857,172.31.46.0-255,66,218259,44,374967
24091,0.045138,172.217.27.0-255,5738,223997,44,374967
24092,0.045143,172.31.46.0-255,66,224063,44,374967
24093,0.046801,172.217.27.0-255,5738,229801,44,374967
24094,0.046806,172.31.46.0-255,66,229867,44,374967
24095,0.048497,172.217.27.0-255,5738,235605,44,374967
24096,0.048506,172.31.46.0-255,66,235671,44,374967
24097,0.050172,172.217.27.0-255,5738,241409,44,374967
24098,0.050178,172.31.46.0-255,66,241475,44,374967
24099,0.051838,172.217.27.0-255,5738,247213,44,374967
24100,0.051844,172.31.46.0-255,66,247279,44,374967
24101,0.053573,172.217.27.0-255,5738,253017,44,374967
24102,0.05358,172.31.46.0-255,66,253083,44,374967
24103,0.055241,172.217.27.0-255,5738,258821,44,374967
24104,0.055247,172.31.46.0-255,66,258887,44,374967
24105,0.056916,172.217.27.0-255,5738,264625,44,374967
24106,0.056922,172.31.46.0-255,66,264691,44,374967
24107,0.058628,172.217.27.0-255,5738,270429,44,374967
24108,0.058635,172.31.46.0-255,66,270495,44,374967
24109,0.060288,172.217.27.0-255,5738,276233,44,374967
24110,0.060295,172.31.46.0-255,66,276299,44,374967
24111,0.061957,172.217.27.0-255,5738,282037,44,374967
24112,0.061964,172.31.46.0-255,66,282103,44,374967
24113,0.063628,172.217.27.0-255,5738,287841,44,374967
24114,0.063635,172.31.46.0-255,66,287907,44,374967
24115,0.065318,172.217.27.0-255,5738,293645,44,374967
24116,0.065324,172.31.46.0-255,66,293711,44,374967
24117,0.066981,172.217.27.0-255,5738,299449,44,374967
24118,0.066986,172.31.46.0-255,66,299515,44,374967
24119,0.068659,172.217.27.0-255,5738,305253,44,374967
24120,0.068667,172.31.46.0-255,66,305319,44,374967
24121,0.070391,172.217.27.0-255,5738,311057,44,374967
24122,0.070397,172.31.46.0-255,66,311123,44,374967
24123,0.072164,172.217.27.0-255,5738,316861,44,374967
24124,0.072171,172.31.46.0-255,66,316927,44,374967
24125,0.073833,172.217.27.0-255,5738,322665,44,374967
24126,0.073841,172.31.46.0-255,66,322731,44,374967
24127,0.075501,172.217.27.0-255,5738,328469,44,374967
24128,0.075508,172.31.46.0-255,66,328535,44,374967
24129,0.077157,172.217.27.0-255,5738,334273,44,374967
24130,0.077165,172.31.46.0-255,66,334339,44,374967
24131,0.07883,172.217.27.0-255,5738,340077,44,374967
24132,0.078836,172.31.46.0-255,66,340143,44,374967
24133,0.080514,172.217.27.0-255,5738,345881,44,374967
24134,0.080521,172.31.46.0-255,66,345947,44,374967
24135,0.082183,172.217.27.0-255,5738,351685,44,374967
24136,0.082189,172.31.46.0-255,66,351751,44,374967
24137,0.083848,172.217.27.0-255,5738,357489,44,374967
24138,0.083854,172.31.46.0-255,66,357555,44,374967
24139,0.08552,172.217.27.0-255,5738,363293,44,374967
24140,0.085526,172.31.46.0-255,66,363359,44,374967
24141,0.087195,172.217.27.0-255,5738,369097,44,374967
24142,0.087201,172.31.46.0-255,66,369163,44,374967
24143,0.088872,172.217.27.0-255,5738,374901,44,374967
24144,0.088879,172.31.46.0-255,66,374967,44,374967
24145,0.0,172.217.194.0-255,150,150,44,317007
24146,1.4e-05,172.31.46.0-255,66,216,44,317007
24147,2.2e-05,172.217.194.0-255,1484,1700,44,317007
24148,2.6e-05,172.31.46.0-255,66,1766,44,317007
24149,3.1e-05,172.217.194.0-255,2902,4668,44,317007
24150,3.4e-05,172.31.46.0-255,66,4734,44,317007
24151,5.1e-05,172.217.194.0-255,7156,11890,44,317007
24152,5.4e-05,172.31.46.0-255,66,11956,44,317007
24153,6e-05,172.217.194.0-255,4937,16893,44,317007
24154,6.4e-05,172.31.46.0-255,66,16959,44,317007
24155,7e-05,172.217.194.0-255,5738,22697,44,317007
24156,7.3e-05,172.31.46.0-255,66,22763,44,317007
24157,0.000139,172.31.46.0-255,66,22829,44,317007
24158,0.000156,172.31.46.0-255,66,22895,44,317007
24159,0.000163,172.217.194.0-255,6438,29333,44,317007
24160,0.000165,172.31.46.0-255,66,29399,44,317007
24161,0.000172,172.217.194.0-255,7156,36555,44,317007
24162,0.000175,172.31.46.0-255,66,36621,44,317007
24163,0.000203,172.217.194.0-255,4320,40941,44,317007
24164,0.000205,172.31.46.0-255,66,41007,44,317007
24165,0.000233,172.217.194.0-255,1715,42722,44,317007
24166,0.000235,172.31.46.0-255,66,42788,44,317007
24167,0.000499,172.217.194.0-255,1484,44272,44,317007
24168,0.000505,172.31.46.0-255,66,44338,44,317007
24169,0.000511,172.217.194.0-255,2902,47240,44,317007
24170,0.000514,172.31.46.0-255,66,47306,44,317007
24171,0.000523,172.217.194.0-255,2902,50208,44,317007
24172,0.000525,172.31.46.0-255,66,50274,44,317007
24173,0.000553,172.217.194.0-255,2902,53176,44,317007
24174,0.000556,172.31.46.0-255,66,53242,44,317007
24175,0.000571,172.31.46.0-255,66,53308,44,317007
24176,0.000585,172.31.46.0-255,66,53374,44,317007
24177,0.000634,172.217.194.0-255,1125,54499,44,317007
24178,0.000973,172.217.194.0-255,1484,55983,44,317007
24179,0.000978,172.31.46.0-255,66,56049,44,317007
24180,0.000983,172.217.194.0-255,2902,58951,44,317007
24181,0.000985,172.31.46.0-255,66,59017,44,317007
24182,0.000989,172.217.194.0-255,1484,60501,44,317007
24183,0.001021,172.217.194.0-255,4320,64821,44,317007
24184,0.001023,172.31.46.0-255,66,64887,44,317007
24185,0.001034,172.31.46.0-255,66,64953,44,317007
24186,0.00106,172.217.194.0-255,2902,67855,44,317007
24187,0.001064,172.31.46.0-255,66,67921,44,317007
24188,0.001075,172.217.194.0-255,5738,73659,44,317007
24189,0.001077,172.31.46.0-255,66,73725,44,317007
24190,0.001109,172.217.194.0-255,5020,78745,44,317007
24191,0.001111,172.31.46.0-255,66,78811,44,317007
24192,0.001173,172.217.194.0-255,1484,80295,44,317007
24193,0.001177,172.217.194.0-255,1484,81779,44,317007
24194,0.001179,172.31.46.0-255,66,81845,44,317007
24195,0.001202,172.217.194.0-255,1484,83329,44,317007
24196,0.001208,172.217.194.0-255,5738,89067,44,317007
24197,0.00121,172.31.46.0-255,66,89133,44,317007
24198,0.001216,172.217.194.0-255,5738,94871,44,317007
24199,0.001218,172.31.46.0-255,66,94937,44,317007
24200,0.00124,172.217.194.0-255,7156,102093,44,317007
24201,0.001243,172.31.46.0-255,66,102159,44,317007
24202,0.001253,172.31.46.0-255,66,102225,44,317007
24203,0.001284,172.217.194.0-255,766,102991,44,317007
24204,0.001537,172.217.194.0-255,1484,104475,44,317007
24205,0.001541,172.31.46.0-255,66,104541,44,317007
24206,0.001545,172.217.194.0-255,2902,107443,44,317007
24207,0.001547,172.31.46.0-255,66,107509,44,317007
24208,0.001551,172.217.194.0-255,2902,110411,44,317007
24209,0.001553,172.31.46.0-255,66,110477,44,317007
24210,0.001585,172.217.194.0-255,2902,113379,44,317007
24211,0.001588,172.31.46.0-255,66,113445,44,317007
24212,0.0016,172.31.46.0-255,66,113511,44,317007
24213,0.001614,172.31.46.0-255,66,113577,44,317007
24214,0.001642,172.217.194.0-255,766,114343,44,317007
24215,0.001972,172.217.194.0-255,1484,115827,44,317007
24216,0.001976,172.31.46.0-255,66,115893,44,317007
24217,0.001979,172.217.194.0-255,1484,117377,44,317007
24218,0.002002,172.217.194.0-255,1484,118861,44,317007
24219,0.002004,172.31.46.0-255,66,118927,44,317007
24220,0.002011,172.217.194.0-255,5738,124665,44,317007
24221,0.002012,172.31.46.0-255,66,124731,44,317007
24222,0.002023,172.217.194.0-255,7156,131887,44,317007
24223,0.002025,172.31.46.0-255,66,131953,44,317007
24224,0.002048,172.217.194.0-255,2902,134855,44,317007
24225,0.00205,172.31.46.0-255,66,134921,44,317007
24226,0.002082,172.31.46.0-255,66,134987,44,317007
24227,0.00437,172.217.194.0-255,5738,140725,44,317007
24228,0.004376,172.31.46.0-255,66,140791,44,317007
24229,0.006663,172.217.194.0-255,5738,146529,44,317007
24230,0.006668,172.31.46.0-255,66,146595,44,317007
24231,0.008978,172.217.194.0-255,5738,152333,44,317007
24232,0.008984,172.31.46.0-255,66,152399,44,317007
24233,0.01127,172.217.194.0-255,5738,158137,44,317007
24234,0.011281,172.31.46.0-255,66,158203,44,317007
24235,0.013569,172.217.194.0-255,5738,163941,44,317007
24236,0.013579,172.31.46.0-255,66,164007,44,317007
24237,0.015863,172.217.194.0-255,5738,169745,44,317007
24238,0.015871,172.31.46.0-255,66,169811,44,317007
24239,0.018165,172.217.194.0-255,5738,175549,44,317007
24240,0.018171,172.31.46.0-255,66,175615,44,317007
24241,0.020517,172.217.194.0-255,5738,181353,44,317007
24242,0.020524,172.31.46.0-255,66,181419,44,317007
24243,0.02279,172.217.194.0-255,5738,187157,44,317007
24244,0.022796,172.31.46.0-255,66,187223,44,317007
24245,0.025078,172.217.194.0-255,5738,192961,44,317007
24246,0.025085,172.31.46.0-255,66,193027,44,317007
24247,0.027394,172.217.194.0-255,5738,198765,44,317007
24248,0.027403,172.31.46.0-255,66,198831,44,317007
24249,0.029665,172.217.194.0-255,5738,204569,44,317007
24250,0.029671,172.31.46.0-255,66,204635,44,317007
24251,0.031971,172.217.194.0-255,5738,210373,44,317007
24252,0.031976,172.31.46.0-255,66,210439,44,317007
24253,0.032303,172.31.46.0-255,176,210615,44,317007
24254,0.03233,172.31.46.0-255,1114,211729,44,317007
24255,0.032385,172.31.46.0-255,1514,213243,44,317007
24256,0.032387,172.31.46.0-255,1514,214757,44,317007
24257,0.032388,172.31.46.0-255,1514,216271,44,317007
24258,0.032393,172.31.46.0-255,1514,217785,44,317007
24259,0.032412,172.31.46.0-255,1514,219299,44,317007
24260,0.032413,172.31.46.0-255,70,219369,44,317007
24261,0.033802,104.244.42.0-255,66,219435,44,317007
24262,0.033887,104.244.42.0-255,66,219501,44,317007
24263,0.033892,104.244.42.0-255,66,219567,44,317007
24264,0.034002,104.244.42.0-255,66,219633,44,317007
24265,0.034252,172.217.194.0-255,5738,225371,44,317007
24266,0.034258,172.31.46.0-255,66,225437,44,317007
24267,0.036583,172.217.194.0-255,5738,231175,44,317007
24268,0.03659,172.31.46.0-255,66,231241,44,317007
24269,0.038883,172.217.194.0-255,5738,236979,44,317007
24270,0.038891,172.31.46.0-255,66,237045,44,317007
24271,0.041187,172.217.194.0-255,5738,242783,44,317007
24272,0.041192,172.31.46.0-255,66,242849,44,317007
24273,0.043469,172.217.194.0-255,5738,248587,44,317007
24274,0.043475,172.31.46.0-255,66,248653,44,317007
24275,0.04576,172.217.194.0-255,5738,254391,44,317007
24276,0.045766,172.31.46.0-255,66,254457,44,317007
24277,0.048057,172.217.194.0-255,5738,260195,44,317007
24278,0.048064,172.31.46.0-255,66,260261,44,317007
24279,0.05037,172.217.194.0-255,5738,265999,44,317007
24280,0.050392,172.31.46.0-255,66,266065,44,317007
24281,0.052689,172.217.194.0-255,5738,271803,44,317007
24282,0.052695,172.31.46.0-255,66,271869,44,317007
24283,0.055039,172.217.194.0-255,5738,277607,44,317007
24284,0.055045,172.31.46.0-255,66,277673,44,317007
24285,0.057351,172.217.194.0-255,5738,283411,44,317007
24286,0.057358,172.31.46.0-255,66,283477,44,317007
24287,0.059626,172.217.194.0-255,5738,289215,44,317007
24288,0.059632,172.31.46.0-255,66,289281,44,317007
24289,0.061925,172.217.194.0-255,5738,295019,44,317007
24290,0.061931,172.31.46.0-255,66,295085,44,317007
24291,0.064228,172.217.194.0-255,5738,300823,44,317007
24292,0.064235,172.31.46.0-255,66,300889,44,317007
24293,0.066553,172.217.194.0-255,5738,306627,44,317007
24294,0.066559,172.31.46.0-255,66,306693,44,317007
24295,0.068898,172.217.194.0-255,5738,312431,44,317007
24296,0.068903,172.31.46.0-255,66,312497,44,317007
24297,0.071195,172.217.194.0-255,4273,316770,44,317007
24298,0.071201,172.31.46.0-255,66,316836,44,317007
24299,0.07136,172.31.46.0-255,105,316941,44,317007
24300,0.073631,172.217.194.0-255,66,317007,44,317007
24301,0.0,172.31.46.0-255,105,105,44,525
24302,0.00018,172.31.46.0-255,90,195,44,525
24303,0.000191,172.31.46.0-255,66,261,44,525
24304,0.002733,74.125.24.0-255,66,327,44,525
24305,0.002765,74.125.24.0-255,66,393,44,525
24306,0.002779,172.31.46.0-255,66,459,44,525
24307,0.002783,74.125.24.0-255,66,525,44,525
24308,0.0,74.125.68.0-255,293,293,44,339146
24309,2.3e-05,172.31.46.0-255,66,359,44,339146
24310,2.9e-05,74.125.68.0-255,1484,1843,44,339146
24311,3.3e-05,172.31.46.0-255,66,1909,44,339146
24312,4.8e-05,74.125.68.0-255,4320,6229,44,339146
24313,5.1e-05,172.31.46.0-255,66,6295,44,339146
24314,6.3e-05,172.31.46.0-255,66,6361,44,339146
24315,9.2e-05,74.125.68.0-255,2902,9263,44,339146
24316,9.5e-05,172.31.46.0-255,66,9329,44,339146
24317,0.000111,74.125.68.0-255,5738,15067,44,339146
24318,0.000118,172.31.46.0-255,66,15133,44,339146
24319,0.000124,74.125.68.0-255,4320,19453,44,339146
24320,0.000126,172.31.46.0-255,66,19519,44,339146
24321,0.000132,74.125.68.0-255,5738,25257,44,339146
24322,0.000135,172.31.46.0-255,66,25323,44,339146
24323,0.000158,74.125.68.0-255,1484,26807,44,339146
24324,0.000161,172.31.46.0-255,66,26873,44,339146
24325,0.000165,74.125.68.0-255,2902,29775,44,339146
24326,0.000167,172.31.46.0-255,66,29841,44,339146
24327,0.000197,74.125.68.0-255,5738,35579,44,339146
24328,0.0002,172.31.46.0-255,66,35645,44,339146
24329,0.000203,74.125.68.0-255,1484,37129,44,339146
24330,0.000205,172.31.46.0-255,66,37195,44,339146
24331,0.000218,74.125.68.0-255,3602,40797,44,339146
24332,0.00022,172.31.46.0-255,66,40863,44,339146
24333,0.000343,74.125.68.0-255,1484,42347,44,339146
24334,0.000348,172.31.46.0-255,66,42413,44,339146
24335,0.000353,74.125.68.0-255,2902,45315,44,339146
24336,0.000356,172.31.46.0-255,66,45381,44,339146
24337,0.0004,74.125.68.0-255,5738,51119,44,339146
24338,0.000403,172.31.46.0-255,66,51185,44,339146
24339,0.00041,74.125.68.0-255,5738,56923,44,339146
24340,0.000412,172.31.46.0-255,66,56989,44,339146
24341,0.000449,74.125.68.0-255,1479,58468,44,339146
24342,0.001069,172.31.46.0-255,66,58534,44,339146
24343,0.001182,74.125.68.0-255,1484,60018,44,339146
24344,0.001191,74.125.68.0-255,2902,62920,44,339146
24345,0.001194,172.31.46.0-255,66,62986,44,339146
24346,0.001222,74.125.68.0-255,5738,68724,44,339146
24347,0.001225,172.31.46.0-255,66,68790,44,339146
24348,0.001254,74.125.68.0-255,7156,75946,44,339146
24349,0.001256,172.31.46.0-255,66,76012,44,339146
24350,0.001263,74.125.68.0-255,4320,80332,44,339146
24351,0.001265,172.31.46.0-255,66,80398,44,339146
24352,0.001296,74.125.68.0-255,7156,87554,44,339146
24353,0.001299,172.31.46.0-255,66,87620,44,339146
24354,0.001327,74.125.68.0-255,5020,92640,44,339146
24355,0.001329,172.31.46.0-255,66,92706,44,339146
24356,0.001843,74.125.68.0-255,1484,94190,44,339146
24357,0.001851,74.125.68.0-255,2902,97092,44,339146
24358,0.001855,172.31.46.0-255,66,97158,44,339146
24359,0.001886,74.125.68.0-255,4320,101478,44,339146
24360,0.00189,172.31.46.0-255,66,101544,44,339146
24361,0.001899,74.125.68.0-255,5738,107282,44,339146
24362,0.001901,172.31.46.0-255,66,107348,44,339146
24363,0.001904,74.125.68.0-255,1484,108832,44,339146
24364,0.001942,172.31.46.0-255,66,108898,44,339146
24365,0.001946,74.125.68.0-255,1484,110382,44,339146
24366,0.00195,74.125.68.0-255,2902,113284,44,339146
24367,0.001952,172.31.46.0-255,66,113350,44,339146
24368,0.00197,74.125.68.0-255,1484,114834,44,339146
24369,0.001993,74.125.68.0-255,2184,117018,44,339146
24370,0.001996,172.31.46.0-255,66,117084,44,339146
24371,0.002002,74.125.68.0-255,4320,121404,44,339146
24372,0.002005,172.31.46.0-255,66,121470,44,339146
24373,0.002027,74.125.68.0-255,4320,125790,44,339146
24374,0.00203,172.31.46.0-255,66,125856,44,339146
24375,0.002033,74.125.68.0-255,1484,127340,44,339146
24376,0.002062,74.125.68.0-255,4320,131660,44,339146
24377,0.002065,172.31.46.0-255,66,131726,44,339146
24378,0.002093,74.125.68.0-255,2902,134628,44,339146
24379,0.002095,172.31.46.0-255,66,134694,44,339146
24380,0.002101,74.125.68.0-255,4320,139014,44,339146
24381,0.002103,172.31.46.0-255,66,139080,44,339146
24382,0.002106,74.125.68.0-255,1484,140564,44,339146
24383,0.002116,74.125.68.0-255,4320,144884,44,339146
24384,0.00212,172.31.46.0-255,66,144950,44,339146
24385,0.002124,74.125.68.0-255,2902,147852,44,339146
24386,0.002126,172.31.46.0-255,66,147918,44,339146
24387,0.00213,74.125.68.0-255,1484,149402,44,339146
24388,0.00216,74.125.68.0-255,1484,150886,44,339146
24389,0.002163,172.31.46.0-255,66,150952,44,339146
24390,0.002167,74.125.68.0-255,766,151718,44,339146
24391,0.002525,74.125.68.0-255,1484,153202,44,339146
24392,0.002531,172.31.46.0-255,66,153268,44,339146
24393,0.002558,74.125.68.0-255,2902,156170,44,339146
24394,0.002561,172.31.46.0-255,66,156236,44,339146
24395,0.002567,74.125.68.0-255,5738,161974,44,339146
24396,0.00257,172.31.46.0-255,66,162040,44,339146
24397,0.002589,74.125.68.0-255,1484,163524,44,339146
24398,0.002632,172.31.46.0-255,66,163590,44,339146
24399,0.002638,74.125.68.0-255,4320,167910,44,339146
24400,0.00264,172.31.46.0-255,66,167976,44,339146
24401,0.002671,74.125.68.0-255,6438,174414,44,339146
24402,0.002674,172.31.46.0-255,66,174480,44,339146
24403,0.003563,74.125.68.0-255,1484,175964,44,339146
24404,0.003579,74.125.68.0-255,2902,178866,44,339146
24405,0.003581,172.31.46.0-255,66,178932,44,339146
24406,0.003585,74.125.68.0-255,1484,180416,44,339146
24407,0.003609,74.125.68.0-255,4320,184736,44,339146
24408,0.003612,172.31.46.0-255,66,184802,44,339146
24409,0.003617,74.125.68.0-255,2902,187704,44,339146
24410,0.003619,172.31.46.0-255,66,187770,44,339146
24411,0.003649,172.31.46.0-255,66,187836,44,339146
24412,0.003654,74.125.68.0-255,2902,190738,44,339146
24413,0.003656,172.31.46.0-255,66,190804,44,339146
24414,0.003686,74.125.68.0-255,7156,197960,44,339146
24415,0.003689,172.31.46.0-255,66,198026,44,339146
24416,0.003694,74.125.68.0-255,4320,202346,44,339146
24417,0.003697,172.31.46.0-255,66,202412,44,339146
24418,0.003723,74.125.68.0-255,6438,208850,44,339146
24419,0.003726,172.31.46.0-255,66,208916,44,339146
24420,0.003735,74.125.68.0-255,4320,213236,44,339146
24421,0.003737,172.31.46.0-255,66,213302,44,339146
24422,0.003743,74.125.68.0-255,5738,219040,44,339146
24423,0.003745,172.31.46.0-255,66,219106,44,339146
24424,0.003781,74.125.68.0-255,1484,220590,44,339146
24425,0.003808,74.125.68.0-255,2902,223492,44,339146
24426,0.003811,172.31.46.0-255,66,223558,44,339146
24427,0.003819,74.125.68.0-255,5738,229296,44,339146
24428,0.003821,172.31.46.0-255,66,229362,44,339146
24429,0.003825,74.125.68.0-255,3602,232964,44,339146
24430,0.003828,172.31.46.0-255,66,233030,44,339146
24431,0.004126,74.125.68.0-255,1484,234514,44,339146
24432,0.004133,74.125.68.0-255,2902,237416,44,339146
24433,0.004136,172.31.46.0-255,66,237482,44,339146
24434,0.00414,74.125.68.0-255,1484,238966,44,339146
24435,0.004158,74.125.68.0-255,1484,240450,44,339146
24436,0.00416,172.31.46.0-255,66,240516,44,339146
24437,0.004165,74.125.68.0-255,2902,243418,44,339146
24438,0.004168,172.31.46.0-255,66,243484,44,339146
24439,0.004187,74.125.68.0-255,5738,249222,44,339146
24440,0.00419,172.31.46.0-255,66,249288,44,339146
24441,0.004217,74.125.68.0-255,5738,255026,44,339146
24442,0.00422,172.31.46.0-255,66,255092,44,339146
24443,0.00425,74.125.68.0-255,7156,262248,44,339146
24444,0.004254,172.31.46.0-255,66,262314,44,339146
24445,0.004257,74.125.68.0-255,1484,263798,44,339146
24446,0.004282,74.125.68.0-255,3602,267400,44,339146
24447,0.004285,172.31.46.0-255,66,267466,44,339146
24448,0.00464,74.125.68.0-255,1484,268950,44,339146
24449,0.004661,74.125.68.0-255,2902,271852,44,339146
24450,0.004665,172.31.46.0-255,66,271918,44,339146
24451,0.00467,74.125.68.0-255,2902,274820,44,339146
24452,0.004673,172.31.46.0-255,66,274886,44,339146
24453,0.004676,74.125.68.0-255,1484,276370,44,339146
24454,0.004686,74.125.68.0-255,5738,282108,44,339146
24455,0.004717,74.125.68.0-255,2902,285010,44,339146
24456,0.004772,74.125.68.0-255,5738,290748,44,339146
24457,0.004823,74.125.68.0-255,5738,296486,44,339146
24458,0.004829,74.125.68.0-255,4320,300806,44,339146
24459,0.004848,74.125.68.0-255,5738,306544,44,339146
24460,0.004863,74.125.68.0-255,2184,308728,44,339146
24461,0.004888,74.125.68.0-255,2902,311630,44,339146
24462,0.004912,74.125.68.0-255,7156,318786,44,339146
24463,0.004919,74.125.68.0-255,4320,323106,44,339146
24464,0.004938,74.125.68.0-255,5738,328844,44,339146
24465,0.004952,74.125.68.0-255,703,329547,44,339146
24466,0.005028,74.125.68.0-255,105,329652,44,339146
24467,0.008847,172.31.46.0-255,66,329718,44,339146
24468,0.011373,172.31.46.0-255,105,329823,44,339146
24469,0.01334,74.125.68.0-255,66,329889,44,339146
24470,0.039097,172.31.46.0-255,172,330061,44,339146
24471,0.039129,172.31.46.0-255,1115,331176,44,339146
24472,0.039183,172.31.46.0-255,1514,332690,44,339146
24473,0.039185,172.31.46.0-255,1514,334204,44,339146
24474,0.039186,172.31.46.0-255,1514,335718,44,339146
24475,0.039207,172.31.46.0-255,1514,337232,44,339146
24476,0.039211,172.31.46.0-255,1514,338746,44,339146
24477,0.039212,172.31.46.0-255,70,338816,44,339146
24478,0.04071,104.244.42.0-255,66,338882,44,339146
24479,0.040722,104.244.42.0-255,66,338948,44,339146
24480,0.040747,104.244.42.0-255,66,339014,44,339146
24481,0.040796,104.244.42.0-255,66,339080,44,339146
24482,0.0408,104.244.42.0-255,66,339146,44,339146
24483,0.0,172.217.194.0-255,146,146,44,214706
24484,2.5e-05,172.31.46.0-255,66,212,44,214706
24485,3.1e-05,172.217.194.0-255,1484,1696,44,214706
24486,3.6e-05,172.31.46.0-255,66,1762,44,214706
24487,4.3e-05,172.217.194.0-255,2902,4664,44,214706
24488,4.6e-05,172.31.46.0-255,66,4730,44,214706
24489,5.3e-05,172.217.194.0-255,5738,10468,44,214706
24490,5.6e-05,172.31.46.0-255,66,10534,44,214706
24491,7.3e-05,172.217.194.0-255,1484,12018,44,214706
24492,7.6e-05,172.31.46.0-255,66,12084,44,214706
24493,8e-05,172.217.194.0-255,1941,14025,44,214706
24494,8.3e-05,172.31.46.0-255,66,14091,44,214706
24495,0.000119,172.217.194.0-255,1484,15575,44,214706
24496,0.000122,172.31.46.0-255,66,15641,44,214706
24497,0.000125,172.217.194.0-255,1484,17125,44,214706
24498,0.000128,172.31.46.0-255,66,17191,44,214706
24499,0.000145,172.217.194.0-255,1484,18675,44,214706
24500,0.000148,172.31.46.0-255,66,18741,44,214706
24501,0.000154,172.217.194.0-255,4320,23061,44,214706
24502,0.000156,172.31.46.0-255,66,23127,44,214706
24503,0.000184,172.217.194.0-255,1484,24611,44,214706
24504,0.000187,172.31.46.0-255,66,24677,44,214706
24505,0.000192,172.217.194.0-255,4320,28997,44,214706
24506,0.000195,172.31.46.0-255,66,29063,44,214706
24507,0.000218,172.217.194.0-255,7156,36219,44,214706
24508,0.000221,172.31.46.0-255,66,36285,44,214706
24509,0.000236,172.217.194.0-255,5379,41664,44,214706
24510,0.000239,172.31.46.0-255,66,41730,44,214706
24511,0.00028,172.217.194.0-255,6797,48527,44,214706
24512,0.000283,172.31.46.0-255,66,48593,44,214706
24513,0.000317,172.217.194.0-255,1484,50077,44,214706
24514,0.000319,172.31.46.0-255,66,50143,44,214706
24515,0.000339,172.217.194.0-255,2902,53045,44,214706
24516,0.000342,172.31.46.0-255,66,53111,44,214706
24517,0.000348,172.217.194.0-255,5738,58849,44,214706
24518,0.000351,172.31.46.0-255,66,58915,44,214706
24519,0.000364,172.217.194.0-255,1484,60399,44,214706
24520,0.000381,172.217.194.0-255,5379,65778,44,214706
24521,0.000384,172.31.46.0-255,66,65844,44,214706
24522,0.00051,172.217.194.0-255,1484,67328,44,214706
24523,0.000516,172.217.194.0-255,2902,70230,44,214706
24524,0.000519,172.31.46.0-255,66,70296,44,214706
24525,0.000542,172.217.194.0-255,5738,76034,44,214706
24526,0.000545,172.31.46.0-255,66,76100,44,214706
24527,0.000569,172.217.194.0-255,1484,77584,44,214706
24528,0.000583,172.217.194.0-255,4320,81904,44,214706
24529,0.000586,172.31.46.0-255,66,81970,44,214706
24530,0.000615,172.31.46.0-255,66,82036,44,214706
24531,0.000626,172.31.46.0-255,66,82102,44,214706
24532,0.000644,172.217.194.0-255,5738,87840,44,214706
24533,0.000647,172.31.46.0-255,66,87906,44,214706
24534,0.000652,172.217.194.0-255,4320,92226,44,214706
24535,0.000654,172.31.46.0-255,66,92292,44,214706
24536,0.000685,172.31.46.0-255,66,92358,44,214706
24537,0.000689,172.217.194.0-255,216,92574,44,214706
24538,0.000932,172.217.194.0-255,1484,94058,44,214706
24539,0.000936,172.31.46.0-255,66,94124,44,214706
24540,0.000943,172.217.194.0-255,2902,97026,44,214706
24541,0.000945,172.31.46.0-255,66,97092,44,214706
24542,0.000982,172.217.194.0-255,4320,101412,44,214706
24543,0.000985,172.217.194.0-255,1484,102896,44,214706
24544,0.000989,172.31.46.0-255,66,102962,44,214706
24545,0.001011,172.217.194.0-255,4320,107282,44,214706
24546,0.001013,172.31.46.0-255,66,107348,44,214706
24547,0.001017,172.217.194.0-255,1484,108832,44,214706
24548,0.001042,172.31.46.0-255,66,108898,44,214706
24549,0.001045,172.217.194.0-255,1484,110382,44,214706
24550,0.001085,172.217.194.0-255,5738,116120,44,214706
24551,0.001089,172.31.46.0-255,66,116186,44,214706
24552,0.001108,172.217.194.0-255,766,116952,44,214706
24553,0.001151,172.217.194.0-255,1484,118436,44,214706
24554,0.001154,172.31.46.0-255,66,118502,44,214706
24555,0.001173,172.217.194.0-255,2902,121404,44,214706
24556,0.001176,172.31.46.0-255,66,121470,44,214706
24557,0.001183,172.217.194.0-255,5738,127208,44,214706
24558,0.001185,172.31.46.0-255,66,127274,44,214706
24559,0.001213,172.31.46.0-255,66,127340,44,214706
24560,0.001305,172.31.46.0-255,66,127406,44,214706
24561,0.001313,172.217.194.0-255,1484,128890,44,214706
24562,0.001317,172.217.194.0-255,2902,131792,44,214706
24563,0.00132,172.31.46.0-255,66,131858,44,214706
24564,0.001327,172.217.194.0-255,5738,137596,44,214706
24565,0.001329,172.31.46.0-255,66,137662,44,214706
24566,0.001343,172.31.46.0-255,66,137728,44,214706
24567,0.001346,172.217.194.0-255,1484,139212,44,214706
24568,0.00138,172.31.46.0-255,66,139278,44,214706
24569,0.001404,172.31.46.0-255,66,139344,44,214706
24570,0.001426,172.217.194.0-255,5738,145082,44,214706
24571,0.001428,172.31.46.0-255,66,145148,44,214706
24572,0.001431,172.217.194.0-255,1484,146632,44,214706
24573,0.001461,172.31.46.0-255,66,146698,44,214706
24574,0.001471,172.217.194.0-255,3602,150300,44,214706
24575,0.001473,172.31.46.0-255,66,150366,44,214706
24576,0.001597,172.217.194.0-255,1484,151850,44,214706
24577,0.001633,172.217.194.0-255,2902,154752,44,214706
24578,0.001637,172.31.46.0-255,66,154818,44,214706
24579,0.001643,172.217.194.0-255,4320,159138,44,214706
24580,0.001645,172.31.46.0-255,66,159204,44,214706
24581,0.001658,172.217.194.0-255,1484,160688,44,214706
24582,0.00166,172.217.194.0-255,1484,162172,44,214706
24583,0.001665,172.31.46.0-255,66,162238,44,214706
24584,0.001676,172.217.194.0-255,4320,166558,44,214706
24585,0.001677,172.31.46.0-255,66,166624,44,214706
24586,0.001704,172.31.46.0-255,66,166690,44,214706
24587,0.001715,172.31.46.0-255,66,166756,44,214706
24588,0.001746,172.217.194.0-255,3602,170358,44,214706
24589,0.001749,172.31.46.0-255,66,170424,44,214706
24590,0.001755,172.217.194.0-255,4320,174744,44,214706
24591,0.001757,172.31.46.0-255,66,174810,44,214706
24592,0.001788,172.31.46.0-255,66,174876,44,214706
24593,0.001817,172.31.46.0-255,66,174942,44,214706
24594,0.001839,172.31.46.0-255,66,175008,44,214706
24595,0.001862,172.217.194.0-255,2902,177910,44,214706
24596,0.001865,172.31.46.0-255,66,177976,44,214706
24597,0.001889,172.217.194.0-255,5738,183714,44,214706
24598,0.001892,172.31.46.0-255,66,183780,44,214706
24599,0.001915,172.31.46.0-255,66,183846,44,214706
24600,0.001925,172.31.46.0-255,66,183912,44,214706
24601,0.001963,172.217.194.0-255,4320,188232,44,214706
24602,0.001966,172.31.46.0-255,66,188298,44,214706
24603,0.001999,172.31.46.0-255,66,188364,44,214706
24604,0.00203,172.217.194.0-255,3602,191966,44,214706
24605,0.002032,172.31.46.0-255,66,192032,44,214706
24606,0.002085,172.217.194.0-255,4320,196352,44,214706
24607,0.002087,172.31.46.0-255,66,196418,44,214706
24608,0.002112,172.217.194.0-255,3602,200020,44,214706
24609,0.002116,172.31.46.0-255,66,200086,44,214706
24610,0.002119,172.31.46.0-255,66,200152,44,214706
24611,0.002169,172.217.194.0-255,1484,201636,44,214706
24612,0.002208,172.217.194.0-255,2902,204538,44,214706
24613,0.002212,172.31.46.0-255,66,204604,44,214706
24614,0.002215,172.217.194.0-255,396,205000,44,214706
24615,0.004435,172.217.194.0-255,105,205105,44,214706
24616,0.004638,172.31.46.0-255,66,205171,44,214706
24617,0.004675,172.31.46.0-255,105,205276,44,214706
24618,0.006919,172.217.194.0-255,66,205342,44,214706
24619,0.036998,172.31.46.0-255,172,205514,44,214706
24620,0.037034,172.31.46.0-255,1109,206623,44,214706
24621,0.037098,172.31.46.0-255,1514,208137,44,214706
24622,0.037099,172.31.46.0-255,1514,209651,44,214706
24623,0.037104,172.31.46.0-255,1514,211165,44,214706
24624,0.037106,172.31.46.0-255,1514,212679,44,214706
24625,0.037124,172.31.46.0-255,1514,214193,44,214706
24626,0.037125,172.31.46.0-255,75,214268,44,214706
24627,0.038572,104.244.42.0-255,66,214334,44,214706
24628,0.038614,104.244.42.0-255,66,214400,44,214706
24629,0.03866,104.244.42.0-255,66,214466,44,214706
24630,0.038724,104.244.42.0-255,66,214532,44,214706
24631,0.039382,104.244.42.0-255,108,214640,44,214706
24632,0.039393,172.31.46.0-255,66,214706,44,214706
24633,0.0,74.125.24.0-255,153,153,44,302205
24634,1.7e-05,172.31.46.0-255,66,219,44,302205
24635,2.4e-05,74.125.24.0-255,1484,1703,44,302205
24636,2.8e-05,172.31.46.0-255,66,1769,44,302205
24637,3.5e-05,74.125.24.0-255,2902,4671,44,302205
24638,3.8e-05,172.31.46.0-255,66,4737,44,302205
24639,4.6e-05,74.125.24.0-255,7156,11893,44,302205
24640,4.9e-05,172.31.46.0-255,66,11959,44,302205
24641,5.3e-05,74.125.24.0-255,1931,13890,44,302205
24642,5.5e-05,172.31.46.0-255,66,13956,44,302205
24643,9.8e-05,74.125.24.0-255,4320,18276,44,302205
24644,0.000102,172.31.46.0-255,66,18342,44,302205
24645,0.000108,74.125.24.0-255,5738,24080,44,302205
24646,0.00011,172.31.46.0-255,66,24146,44,302205
24647,0.000148,74.125.24.0-255,4320,28466,44,302205
24648,0.000151,172.31.46.0-255,66,28532,44,302205
24649,0.000163,74.125.24.0-255,2543,31075,44,302205
24650,0.000166,172.31.46.0-255,66,31141,44,302205
24651,0.000295,74.125.24.0-255,1484,32625,44,302205
24652,0.0003,172.31.46.0-255,66,32691,44,302205
24653,0.000304,74.125.24.0-255,1484,34175,44,302205
24654,0.000307,172.31.46.0-255,66,34241,44,302205
24655,0.000321,74.125.24.0-255,1484,35725,44,302205
24656,0.000324,172.31.46.0-255,66,35791,44,302205
24657,0.000331,74.125.24.0-255,5738,41529,44,302205
24658,0.000333,172.31.46.0-255,66,41595,44,302205
24659,0.000368,172.31.46.0-255,66,41661,44,302205
24660,0.000396,74.125.24.0-255,1484,43145,44,302205
24661,0.000398,172.31.46.0-255,66,43211,44,302205
24662,0.000429,172.31.46.0-255,66,43277,44,302205
24663,0.000979,74.125.24.0-255,346,43623,44,302205
24664,0.001007,172.31.46.0-255,66,43689,44,302205
24665,0.001191,74.125.24.0-255,1484,45173,44,302205
24666,0.0012,74.125.24.0-255,2902,48075,44,302205
24667,0.001204,172.31.46.0-255,66,48141,44,302205
24668,0.001212,74.125.24.0-255,5738,53879,44,302205
24669,0.001214,172.31.46.0-255,66,53945,44,302205
24670,0.001259,172.31.46.0-255,66,54011,44,302205
24671,0.001275,74.125.24.0-255,5379,59390,44,302205
24672,0.001277,172.31.46.0-255,66,59456,44,302205
24673,0.001304,74.125.24.0-255,4320,63776,44,302205
24674,0.001306,172.31.46.0-255,66,63842,44,302205
24675,0.001328,74.125.24.0-255,5379,69221,44,302205
24676,0.00133,172.31.46.0-255,66,69287,44,302205
24677,0.002054,74.125.24.0-255,1484,70771,44,302205
24678,0.002061,74.125.24.0-255,2902,73673,44,302205
24679,0.002064,172.31.46.0-255,66,73739,44,302205
24680,0.002087,74.125.24.0-255,5738,79477,44,302205
24681,0.002089,172.31.46.0-255,66,79543,44,302205
24682,0.002102,74.125.24.0-255,2902,82445,44,302205
24683,0.002103,172.31.46.0-255,66,82511,44,302205
24684,0.002133,172.31.46.0-255,66,82577,44,302205
24685,0.002143,172.31.46.0-255,66,82643,44,302205
24686,0.002399,74.125.24.0-255,1484,84127,44,302205
24687,0.002414,74.125.24.0-255,2902,87029,44,302205
24688,0.002416,172.31.46.0-255,66,87095,44,302205
24689,0.002436,74.125.24.0-255,5738,92833,44,302205
24690,0.002438,172.31.46.0-255,66,92899,44,302205
24691,0.002485,172.31.46.0-255,66,92965,44,302205
24692,0.002494,172.31.46.0-255,66,93031,44,302205
24693,0.002535,74.125.24.0-255,2184,95215,44,302205
24694,0.002537,172.31.46.0-255,66,95281,44,302205
24695,0.005043,74.125.24.0-255,2902,98183,44,302205
24696,0.005047,172.31.46.0-255,66,98249,44,302205
24697,0.005101,74.125.24.0-255,2902,101151,44,302205
24698,0.005104,172.31.46.0-255,66,101217,44,302205
24699,0.007596,74.125.24.0-255,2902,104119,44,302205
24700,0.007602,172.31.46.0-255,66,104185,44,302205
24701,0.007651,74.125.24.0-255,2902,107087,44,302205
24702,0.007653,172.31.46.0-255,66,107153,44,302205
24703,0.010152,74.125.24.0-255,2902,110055,44,302205
24704,0.010162,172.31.46.0-255,66,110121,44,302205
24705,0.010198,74.125.24.0-255,2902,113023,44,302205
24706,0.010201,172.31.46.0-255,66,113089,44,302205
24707,0.012746,74.125.24.0-255,5738,118827,44,302205
24708,0.012754,172.31.46.0-255,66,118893,44,302205
24709,0.015299,74.125.24.0-255,5738,124631,44,302205
24710,0.015309,172.31.46.0-255,66,124697,44,302205
24711,0.017858,74.125.24.0-255,5738,130435,44,302205
24712,0.017864,172.31.46.0-255,66,130501,44,302205
24713,0.020416,74.125.24.0-255,5738,136239,44,302205
24714,0.020423,172.31.46.0-255,66,136305,44,302205
24715,0.023003,74.125.24.0-255,5738,142043,44,302205
24716,0.023009,172.31.46.0-255,66,142109,44,302205
24717,0.025553,74.125.24.0-255,5738,147847,44,302205
24718,0.025562,172.31.46.0-255,66,147913,44,302205
24719,0.028099,74.125.24.0-255,5738,153651,44,302205
24720,0.028106,172.31.46.0-255,66,153717,44,302205
24721,0.03066,74.125.24.0-255,5738,159455,44,302205
24722,0.030667,172.31.46.0-255,66,159521,44,302205
24723,0.030848,172.31.46.0-255,172,159693,44,302205
24724,0.03088,172.31.46.0-255,1109,160802,44,302205
24725,0.030943,172.31.46.0-255,1514,162316,44,302205
24726,0.030945,172.31.46.0-255,1514,163830,44,302205
24727,0.030947,172.31.46.0-255,1514,165344,44,302205
24728,0.030948,172.31.46.0-255,1514,166858,44,302205
24729,0.031025,172.31.46.0-255,1514,168372,44,302205
24730,0.031027,172.31.46.0-255,77,168449,44,302205
24731,0.032381,104.244.42.0-255,66,168515,44,302205
24732,0.03243,104.244.42.0-255,66,168581,44,302205
24733,0.03251,104.244.42.0-255,66,168647,44,302205
24734,0.032596,104.244.42.0-255,66,168713,44,302205
24735,0.033222,74.125.24.0-255,5738,174451,44,302205
24736,0.033228,172.31.46.0-255,66,174517,44,302205
24737,0.0358,74.125.24.0-255,5738,180255,44,302205
24738,0.035808,172.31.46.0-255,66,180321,44,302205
24739,0.038354,74.125.24.0-255,5738,186059,44,302205
24740,0.03836,172.31.46.0-255,66,186125,44,302205
24741,0.040916,74.125.24.0-255,5738,191863,44,302205
24742,0.040925,172.31.46.0-255,66,191929,44,302205
24743,0.043486,74.125.24.0-255,5738,197667,44,302205
24744,0.043492,172.31.46.0-255,66,197733,44,302205
24745,0.046029,74.125.24.0-255,5738,203471,44,302205
24746,0.046035,172.31.46.0-255,66,203537,44,302205
24747,0.048589,74.125.24.0-255,5738,209275,44,302205
24748,0.048595,172.31.46.0-255,66,209341,44,302205
24749,0.051132,74.125.24.0-255,5738,215079,44,302205
24750,0.051138,172.31.46.0-255,66,215145,44,302205
24751,0.053704,74.125.24.0-255,5738,220883,44,302205
24752,0.05371,172.31.46.0-255,66,220949,44,302205
24753,0.05625,74.125.24.0-255,5738,226687,44,302205
24754,0.056258,172.31.46.0-255,66,226753,44,302205
24755,0.058801,74.125.24.0-255,5738,232491,44,302205
24756,0.058807,172.31.46.0-255,66,232557,44,302205
24757,0.061452,74.125.24.0-255,5738,238295,44,302205
24758,0.06146,172.31.46.0-255,66,238361,44,302205
24759,0.064003,74.125.24.0-255,5738,244099,44,302205
24760,0.064008,172.31.46.0-255,66,244165,44,302205
24761,0.066543,74.125.24.0-255,5738,249903,44,302205
24762,0.066549,172.31.46.0-255,66,249969,44,302205
24763,0.069113,74.125.24.0-255,5738,255707,44,302205
24764,0.06912,172.31.46.0-255,66,255773,44,302205
24765,0.071709,74.125.24.0-255,5738,261511,44,302205
24766,0.071716,172.31.46.0-255,66,261577,44,302205
24767,0.074261,74.125.24.0-255,5738,267315,44,302205
24768,0.074267,172.31.46.0-255,66,267381,44,302205
24769,0.076822,74.125.24.0-255,5738,273119,44,302205
24770,0.076828,172.31.46.0-255,66,273185,44,302205
24771,0.079412,74.125.24.0-255,5738,278923,44,302205
24772,0.079418,172.31.46.0-255,66,278989,44,302205
24773,0.081981,74.125.24.0-255,5738,284727,44,302205
24774,0.081987,172.31.46.0-255,66,284793,44,302205
24775,0.08453,74.125.24.0-255,5738,290531,44,302205
24776,0.084537,172.31.46.0-255,66,290597,44,302205
24777,0.08709,74.125.24.0-255,5738,296335,44,302205
24778,0.087097,172.31.46.0-255,66,296401,44,302205
24779,0.089646,74.125.24.0-255,5738,302139,44,302205
24780,0.089652,172.31.46.0-255,66,302205,44,302205
24781,0.0,172.217.194.0-255,153,153,44,183790
24782,1.5e-05,172.31.46.0-255,66,219,44,183790
24783,2.1e-05,172.217.194.0-255,1484,1703,44,183790
24784,2.5e-05,172.31.46.0-255,66,1769,44,183790
24785,3e-05,172.217.194.0-255,2902,4671,44,183790
24786,3.3e-05,172.31.46.0-255,66,4737,44,183790
24787,5.8e-05,172.217.194.0-255,7156,11893,44,183790
24788,6.1e-05,172.31.46.0-255,66,11959,44,183790
24789,6.5e-05,172.217.194.0-255,2100,14059,44,183790
24790,6.6e-05,172.31.46.0-255,66,14125,44,183790
24791,0.000131,172.217.194.0-255,1484,15609,44,183790
24792,0.000134,172.31.46.0-255,66,15675,44,183790
24793,0.000138,172.217.194.0-255,2902,18577,44,183790
24794,0.00014,172.31.46.0-255,66,18643,44,183790
24795,0.000156,172.217.194.0-255,5738,24381,44,183790
24796,0.000158,172.31.46.0-255,66,24447,44,183790
24797,0.000206,172.31.46.0-255,66,24513,44,183790
24798,0.000211,172.217.194.0-255,5738,30251,44,183790
24799,0.000213,172.31.46.0-255,66,30317,44,183790
24800,0.000228,172.217.194.0-255,3961,34278,44,183790
24801,0.00023,172.31.46.0-255,66,34344,44,183790
24802,0.000261,172.217.194.0-255,7156,41500,44,183790
24803,0.000263,172.31.46.0-255,66,41566,44,183790
24804,0.000292,172.31.46.0-255,66,41632,44,183790
24805,0.000294,172.217.194.0-255,342,41974,44,183790
24806,0.000296,172.31.46.0-255,66,42040,44,183790
24807,0.000774,172.217.194.0-255,116,42156,44,183790
24808,0.000783,172.31.46.0-255,66,42222,44,183790
24809,0.000796,172.217.194.0-255,386,42608,44,183790
24810,0.000798,172.31.46.0-255,66,42674,44,183790
24811,0.001092,172.217.194.0-255,1484,44158,44,183790
24812,0.001101,172.217.194.0-255,2902,47060,44,183790
24813,0.001105,172.31.46.0-255,66,47126,44,183790
24814,0.00111,172.217.194.0-255,2902,50028,44,183790
24815,0.001112,172.31.46.0-255,66,50094,44,183790
24816,0.001128,172.217.194.0-255,2902,52996,44,183790
24817,0.00113,172.31.46.0-255,66,53062,44,183790
24818,0.001134,172.217.194.0-255,2902,55964,44,183790
24819,0.001136,172.31.46.0-255,66,56030,44,183790
24820,0.001164,172.31.46.0-255,66,56096,44,183790
24821,0.001168,172.217.194.0-255,1484,57580,44,183790
24822,0.001186,172.217.194.0-255,2902,60482,44,183790
24823,0.001189,172.31.46.0-255,66,60548,44,183790
24824,0.001212,172.217.194.0-255,6438,66986,44,183790
24825,0.001215,172.31.46.0-255,66,67052,44,183790
24826,0.001837,172.217.194.0-255,1484,68536,44,183790
24827,0.001845,172.217.194.0-255,2902,71438,44,183790
24828,0.00185,172.31.46.0-255,66,71504,44,183790
24829,0.001858,172.217.194.0-255,5738,77242,44,183790
24830,0.00186,172.31.46.0-255,66,77308,44,183790
24831,0.001892,172.31.46.0-255,66,77374,44,183790
24832,0.001913,172.217.194.0-255,2902,80276,44,183790
24833,0.001915,172.31.46.0-255,66,80342,44,183790
24834,0.001918,172.217.194.0-255,1484,81826,44,183790
24835,0.001952,172.31.46.0-255,66,81892,44,183790
24836,0.002118,172.217.194.0-255,1484,83376,44,183790
24837,0.002139,172.217.194.0-255,2902,86278,44,183790
24838,0.002143,172.31.46.0-255,66,86344,44,183790
24839,0.00215,172.217.194.0-255,5738,92082,44,183790
24840,0.002153,172.31.46.0-255,66,92148,44,183790
24841,0.002159,172.217.194.0-255,5738,97886,44,183790
24842,0.002162,172.31.46.0-255,66,97952,44,183790
24843,0.002192,172.217.194.0-255,7156,105108,44,183790
24844,0.002195,172.31.46.0-255,66,105174,44,183790
24845,0.002208,172.31.46.0-255,66,105240,44,183790
24846,0.002253,172.217.194.0-255,1484,106724,44,183790
24847,0.002298,172.217.194.0-255,1484,108208,44,183790
24848,0.002312,172.217.194.0-255,2902,111110,44,183790
24849,0.002315,172.217.194.0-255,1484,112594,44,183790
24850,0.002333,172.217.194.0-255,4320,116914,44,183790
24851,0.002387,172.217.194.0-255,7156,124070,44,183790
24852,0.002427,172.217.194.0-255,7156,131226,44,183790
24853,0.002459,172.217.194.0-255,5738,136964,44,183790
24854,0.002566,172.217.194.0-255,4320,141284,44,183790
24855,0.002625,172.217.194.0-255,2902,144186,44,183790
24856,0.002702,172.217.194.0-255,5738,149924,44,183790
24857,0.003176,172.31.46.0-255,66,149990,44,183790
24858,0.005782,172.217.194.0-255,5738,155728,44,183790
24859,0.005789,172.31.46.0-255,66,155794,44,183790
24860,0.008383,172.217.194.0-255,5738,161532,44,183790
24861,0.008388,172.31.46.0-255,66,161598,44,183790
24862,0.010957,172.217.194.0-255,5738,167336,44,183790
24863,0.010964,172.31.46.0-255,66,167402,44,183790
24864,0.01358,172.217.194.0-255,5738,173140,44,183790
24865,0.013589,172.31.46.0-255,66,173206,44,183790
24866,0.016166,172.217.194.0-255,1155,174361,44,183790
24867,0.018994,172.31.46.0-255,66,174427,44,183790
24868,0.019038,172.31.46.0-255,105,174532,44,183790
24869,0.021595,172.217.194.0-255,66,174598,44,183790
24870,0.035253,172.31.46.0-255,172,174770,44,183790
24871,0.03528,172.31.46.0-255,1114,175884,44,183790
24872,0.035338,172.31.46.0-255,1514,177398,44,183790
24873,0.035339,172.31.46.0-255,1514,178912,44,183790
24874,0.035345,172.31.46.0-255,1514,180426,44,183790
24875,0.035346,172.31.46.0-255,1514,181940,44,183790
24876,0.035362,172.31.46.0-255,1514,183454,44,183790
24877,0.035363,172.31.46.0-255,72,183526,44,183790
24878,0.03674,104.244.42.0-255,66,183592,44,183790
24879,0.036769,104.244.42.0-255,66,183658,44,183790
24880,0.036854,104.244.42.0-255,66,183724,44,183790
24881,0.036869,104.244.42.0-255,66,183790,44,183790
24882,0.0,74.125.200.0-255,143,143,44,310274
24883,1.5e-05,172.31.46.0-255,66,209,44,310274
24884,4.6e-05,74.125.200.0-255,1484,1693,44,310274
24885,5e-05,172.31.46.0-255,66,1759,44,310274
24886,5.6e-05,74.125.200.0-255,2902,4661,44,310274
24887,5.8e-05,172.31.46.0-255,66,4727,44,310274
24888,9e-05,74.125.200.0-255,5738,10465,44,310274
24889,9.2e-05,172.31.46.0-255,66,10531,44,310274
24890,0.000142,74.125.200.0-255,3490,14021,44,310274
24891,0.000144,172.31.46.0-255,66,14087,44,310274
24892,0.000287,74.125.200.0-255,1484,15571,44,310274
24893,0.000292,172.31.46.0-255,66,15637,44,310274
24894,0.000297,74.125.200.0-255,2902,18539,44,310274
24895,0.0003,172.31.46.0-255,66,18605,44,310274
24896,0.000309,74.125.200.0-255,2902,21507,44,310274
24897,0.000312,172.31.46.0-255,66,21573,44,310274
24898,0.000334,74.125.200.0-255,2902,24475,44,310274
24899,0.000338,172.31.46.0-255,66,24541,44,310274
24900,0.00036,74.125.200.0-255,4320,28861,44,310274
24901,0.000362,172.31.46.0-255,66,28927,44,310274
24902,0.000369,74.125.200.0-255,5379,34306,44,310274
24903,0.000371,172.31.46.0-255,66,34372,44,310274
24904,0.000378,74.125.200.0-255,5738,40110,44,310274
24905,0.00038,172.31.46.0-255,66,40176,44,310274
24906,0.000409,74.125.200.0-255,7156,47332,44,310274
24907,0.000412,172.31.46.0-255,66,47398,44,310274
24908,0.000436,74.125.200.0-255,5738,53136,44,310274
24909,0.000438,172.31.46.0-255,66,53202,44,310274
24910,0.000444,74.125.200.0-255,5738,58940,44,310274
24911,0.000447,172.31.46.0-255,66,59006,44,310274
24912,0.000454,74.125.200.0-255,5738,64744,44,310274
24913,0.000457,172.31.46.0-255,66,64810,44,310274
24914,0.000478,74.125.200.0-255,766,65576,44,310274
24915,0.000529,74.125.200.0-255,399,65975,44,310274
24916,0.000541,74.125.200.0-255,110,66085,44,310274
24917,0.000618,74.125.200.0-255,1484,67569,44,310274
24918,0.000628,172.31.46.0-255,66,67635,44,310274
24919,0.000634,74.125.200.0-255,2902,70537,44,310274
24920,0.000636,172.31.46.0-255,66,70603,44,310274
24921,0.000641,74.125.200.0-255,2902,73505,44,310274
24922,0.000644,172.31.46.0-255,66,73571,44,310274
24923,0.000671,74.125.200.0-255,2902,76473,44,310274
24924,0.000674,172.31.46.0-255,66,76539,44,310274
24925,0.000679,74.125.200.0-255,2902,79441,44,310274
24926,0.000682,172.31.46.0-255,66,79507,44,310274
24927,0.000711,172.31.46.0-255,66,79573,44,310274
24928,0.000737,74.125.200.0-255,4320,83893,44,310274
24929,0.000742,172.31.46.0-255,66,83959,44,310274
24930,0.000766,74.125.200.0-255,6703,90662,44,310274
24931,0.000769,172.31.46.0-255,66,90728,44,310274
24932,0.000986,74.125.200.0-255,1484,92212,44,310274
24933,0.001,74.125.200.0-255,2902,95114,44,310274
24934,0.001004,172.31.46.0-255,66,95180,44,310274
24935,0.001008,74.125.200.0-255,1484,96664,44,310274
24936,0.001032,74.125.200.0-255,4320,100984,44,310274
24937,0.001034,172.31.46.0-255,66,101050,44,310274
24938,0.00104,74.125.200.0-255,4320,105370,44,310274
24939,0.001042,172.31.46.0-255,66,105436,44,310274
24940,0.001079,74.125.200.0-255,5738,111174,44,310274
24941,0.001082,172.31.46.0-255,66,111240,44,310274
24942,0.001094,172.31.46.0-255,66,111306,44,310274
24943,0.001121,74.125.200.0-255,1484,112790,44,310274
24944,0.001136,74.125.200.0-255,3602,116392,44,310274
24945,0.001144,172.31.46.0-255,66,116458,44,310274
24946,0.001405,74.125.200.0-255,1484,117942,44,310274
24947,0.001428,74.125.200.0-255,2902,120844,44,310274
24948,0.001431,74.125.200.0-255,1484,122328,44,310274
24949,0.001446,74.125.200.0-255,1484,123812,44,310274
24950,0.001449,74.125.200.0-255,1484,125296,44,310274
24951,0.001458,172.31.46.0-255,66,125362,44,310274
24952,0.001462,172.31.46.0-255,66,125428,44,310274
24953,0.001468,74.125.200.0-255,4320,129748,44,310274
24954,0.00147,172.31.46.0-255,66,129814,44,310274
24955,0.001499,74.125.200.0-255,1484,131298,44,310274
24956,0.001512,172.31.46.0-255,66,131364,44,310274
24957,0.001544,74.125.200.0-255,5738,137102,44,310274
24958,0.001549,74.125.200.0-255,3602,140704,44,310274
24959,0.001553,172.31.46.0-255,66,140770,44,310274
24960,0.001566,172.31.46.0-255,66,140836,44,310274
24961,0.001569,74.125.200.0-255,1484,142320,44,310274
24962,0.001591,74.125.200.0-255,2902,145222,44,310274
24963,0.001593,172.31.46.0-255,66,145288,44,310274
24964,0.001599,74.125.200.0-255,4320,149608,44,310274
24965,0.001601,172.31.46.0-255,66,149674,44,310274
24966,0.001607,74.125.200.0-255,5738,155412,44,310274
24967,0.001611,172.31.46.0-255,66,155478,44,310274
24968,0.001634,74.125.200.0-255,2902,158380,44,310274
24969,0.001637,172.31.46.0-255,66,158446,44,310274
24970,0.001683,172.31.46.0-255,66,158512,44,310274
24971,0.001687,74.125.200.0-255,2902,161414,44,310274
24972,0.001689,172.31.46.0-255,66,161480,44,310274
24973,0.001753,74.125.200.0-255,5020,166500,44,310274
24974,0.001756,172.31.46.0-255,66,166566,44,310274
24975,0.001768,74.125.200.0-255,1484,168050,44,310274
24976,0.001775,74.125.200.0-255,1484,169534,44,310274
24977,0.001778,172.31.46.0-255,66,169600,44,310274
24978,0.001802,74.125.200.0-255,1484,171084,44,310274
24979,0.001809,74.125.200.0-255,5738,176822,44,310274
24980,0.001812,172.31.46.0-255,66,176888,44,310274
24981,0.001817,74.125.200.0-255,4320,181208,44,310274
24982,0.00182,172.31.46.0-255,66,181274,44,310274
24983,0.001843,74.125.200.0-255,2902,184176,44,310274
24984,0.001849,172.31.46.0-255,66,184242,44,310274
24985,0.001866,74.125.200.0-255,1484,185726,44,310274
24986,0.001888,172.31.46.0-255,66,185792,44,310274
24987,0.001921,74.125.200.0-255,4320,190112,44,310274
24988,0.001924,172.31.46.0-255,66,190178,44,310274
24989,0.001928,74.125.200.0-255,2184,192362,44,310274
24990,0.00193,172.31.46.0-255,66,192428,44,310274
24991,0.002007,74.125.200.0-255,1484,193912,44,310274
24992,0.002034,74.125.200.0-255,2902,196814,44,310274
24993,0.002038,172.31.46.0-255,66,196880,44,310274
24994,0.002042,74.125.200.0-255,1484,198364,44,310274
24995,0.002067,74.125.200.0-255,4320,202684,44,310274
24996,0.00207,172.31.46.0-255,66,202750,44,310274
24997,0.002082,74.125.200.0-255,5738,208488,44,310274
24998,0.002084,172.31.46.0-255,66,208554,44,310274
24999,0.002089,74.125.200.0-255,4320,212874,44,310274
25000,0.002092,172.31.46.0-255,66,212940,44,310274
25001,0.00212,74.125.200.0-255,2902,215842,44,310274
25002,0.002122,172.31.46.0-255,66,215908,44,310274
25003,0.002125,74.125.200.0-255,1484,217392,44,310274
25004,0.002148,74.125.200.0-255,5738,223130,44,310274
25005,0.002151,172.31.46.0-255,66,223196,44,310274
25006,0.002174,74.125.200.0-255,3602,226798,44,310274
25007,0.002177,172.31.46.0-255,66,226864,44,310274
25008,0.002179,74.125.200.0-255,1484,228348,44,310274
25009,0.002203,74.125.200.0-255,2902,231250,44,310274
25010,0.002206,172.31.46.0-255,66,231316,44,310274
25011,0.002209,74.125.200.0-255,1484,232800,44,310274
25012,0.002241,74.125.200.0-255,4320,237120,44,310274
25013,0.002243,172.31.46.0-255,66,237186,44,310274
25014,0.002249,74.125.200.0-255,4320,241506,44,310274
25015,0.002251,172.31.46.0-255,66,241572,44,310274
25016,0.002257,74.125.200.0-255,5738,247310,44,310274
25017,0.00226,172.31.46.0-255,66,247376,44,310274
25018,0.002263,74.125.200.0-255,1484,248860,44,310274
25019,0.002303,172.31.46.0-255,66,248926,44,310274
25020,0.002307,74.125.200.0-255,2184,251110,44,310274
25021,0.002309,172.31.46.0-255,66,251176,44,310274
25022,0.002325,74.125.200.0-255,2902,254078,44,310274
25023,0.002331,172.31.46.0-255,66,254144,44,310274
25024,0.002371,172.31.46.0-255,66,254210,44,310274
25025,0.002376,74.125.200.0-255,2902,257112,44,310274
25026,0.002378,172.31.46.0-255,66,257178,44,310274
25027,0.002388,172.31.46.0-255,66,257244,44,310274
25028,0.002392,74.125.200.0-255,2902,260146,44,310274
25029,0.002394,172.31.46.0-255,66,260212,44,310274
25030,0.002421,74.125.200.0-255,3602,263814,44,310274
25031,0.002424,172.31.46.0-255,66,263880,44,310274
25032,0.002427,74.125.200.0-255,1484,265364,44,310274
25033,0.002444,74.125.200.0-255,4320,269684,44,310274
25034,0.00245,172.31.46.0-255,66,269750,44,310274
25035,0.002471,74.125.200.0-255,2902,272652,44,310274
25036,0.002474,172.31.46.0-255,66,272718,44,310274
25037,0.002481,74.125.200.0-255,7156,279874,44,310274
25038,0.002484,172.31.46.0-255,66,279940,44,310274
25039,0.002516,172.31.46.0-255,66,280006,44,310274
25040,0.00254,74.125.200.0-255,1484,281490,44,310274
25041,0.002572,172.31.46.0-255,66,281556,44,310274
25042,0.002576,74.125.200.0-255,2902,284458,44,310274
25043,0.002578,172.31.46.0-255,66,284524,44,310274
25044,0.002581,74.125.200.0-255,1484,286008,44,310274
25045,0.002584,74.125.200.0-255,1484,287492,44,310274
25046,0.002586,172.31.46.0-255,66,287558,44,310274
25047,0.002589,74.125.200.0-255,1484,289042,44,310274
25048,0.002636,74.125.200.0-255,4320,293362,44,310274
25049,0.002638,172.31.46.0-255,66,293428,44,310274
25050,0.002651,74.125.200.0-255,7133,300561,44,310274
25051,0.002653,172.31.46.0-255,66,300627,44,310274
25052,0.002655,74.125.200.0-255,97,300724,44,310274
25053,0.002707,74.125.200.0-255,105,300829,44,310274
25054,0.009495,172.31.46.0-255,66,300895,44,310274
25055,0.009536,172.31.46.0-255,105,301000,44,310274
25056,0.011772,74.125.200.0-255,66,301066,44,310274
25057,0.036539,172.31.46.0-255,188,301254,44,310274
25058,0.036589,172.31.46.0-255,955,302209,44,310274
25059,0.036658,172.31.46.0-255,1514,303723,44,310274
25060,0.03666,172.31.46.0-255,1514,305237,44,310274
25061,0.036665,172.31.46.0-255,1514,306751,44,310274
25062,0.036667,172.31.46.0-255,1514,308265,44,310274
25063,0.036686,172.31.46.0-255,1514,309779,44,310274
25064,0.036687,172.31.46.0-255,231,310010,44,310274
25065,0.038035,104.244.42.0-255,66,310076,44,310274
25066,0.038067,104.244.42.0-255,66,310142,44,310274
25067,0.038188,104.244.42.0-255,66,310208,44,310274
25068,0.038205,104.244.42.0-255,66,310274,44,310274
25069,0.0,74.125.68.0-255,153,153,44,309244
25070,2.4e-05,172.31.46.0-255,66,219,44,309244
25071,3.2e-05,74.125.68.0-255,1484,1703,44,309244
25072,3.7e-05,172.31.46.0-255,66,1769,44,309244
25073,4e-05,74.125.68.0-255,1484,3253,44,309244
25074,4.3e-05,172.31.46.0-255,66,3319,44,309244
25075,4.9e-05,74.125.68.0-255,2902,6221,44,309244
25076,5.3e-05,172.31.46.0-255,66,6287,44,309244
25077,8.4e-05,74.125.68.0-255,5738,12025,44,309244
25078,8.7e-05,172.31.46.0-255,66,12091,44,309244
25079,9.1e-05,74.125.68.0-255,2042,14133,44,309244
25080,9.3e-05,172.31.46.0-255,66,14199,44,309244
25081,9.9e-05,74.125.68.0-255,2902,17101,44,309244
25082,0.000102,172.31.46.0-255,66,17167,44,309244
25083,0.000131,74.125.68.0-255,7156,24323,44,309244
25084,0.000134,172.31.46.0-255,66,24389,44,309244
25085,0.000137,74.125.68.0-255,1484,25873,44,309244
25086,0.000139,172.31.46.0-255,66,25939,44,309244
25087,0.000158,74.125.68.0-255,4320,30259,44,309244
25088,0.00016,172.31.46.0-255,66,30325,44,309244
25089,0.000167,74.125.68.0-255,7156,37481,44,309244
25090,0.000169,172.31.46.0-255,66,37547,44,309244
25091,0.000198,74.125.68.0-255,7156,44703,44,309244
25092,0.000201,172.31.46.0-255,66,44769,44,309244
25093,0.00022,74.125.68.0-255,3602,48371,44,309244
25094,0.000222,172.31.46.0-255,66,48437,44,309244
25095,0.000899,74.125.68.0-255,1484,49921,44,309244
25096,0.000905,172.31.46.0-255,66,49987,44,309244
25097,0.000914,74.125.68.0-255,2902,52889,44,309244
25098,0.000916,172.31.46.0-255,66,52955,44,309244
25099,0.00092,74.125.68.0-255,1484,54439,44,309244
25100,0.000923,172.31.46.0-255,66,54505,44,309244
25101,0.000945,74.125.68.0-255,4320,58825,44,309244
25102,0.000947,172.31.46.0-255,66,58891,44,309244
25103,0.000955,74.125.68.0-255,7066,65957,44,309244
25104,0.000957,172.31.46.0-255,66,66023,44,309244
25105,0.000974,74.125.68.0-255,134,66157,44,309244
25106,0.001296,74.125.68.0-255,1484,67641,44,309244
25107,0.001302,172.31.46.0-255,66,67707,44,309244
25108,0.001307,74.125.68.0-255,1484,69191,44,309244
25109,0.001324,74.125.68.0-255,2902,72093,44,309244
25110,0.001326,172.31.46.0-255,66,72159,44,309244
25111,0.001329,74.125.68.0-255,1484,73643,44,309244
25112,0.001347,74.125.68.0-255,4320,77963,44,309244
25113,0.001349,172.31.46.0-255,66,78029,44,309244
25114,0.001371,172.31.46.0-255,66,78095,44,309244
25115,0.001397,74.125.68.0-255,1484,79579,44,309244
25116,0.00141,172.31.46.0-255,66,79645,44,309244
25117,0.001413,74.125.68.0-255,766,80411,44,309244
25118,0.001704,74.125.68.0-255,1484,81895,44,309244
25119,0.001711,172.31.46.0-255,66,81961,44,309244
25120,0.001715,74.125.68.0-255,1484,83445,44,309244
25121,0.00172,74.125.68.0-255,2902,86347,44,309244
25122,0.001723,172.31.46.0-255,66,86413,44,309244
25123,0.001751,74.125.68.0-255,5738,92151,44,309244
25124,0.001754,172.31.46.0-255,66,92217,44,309244
25125,0.001785,172.31.46.0-255,66,92283,44,309244
25126,0.001816,74.125.68.0-255,2902,95185,44,309244
25127,0.001819,172.31.46.0-255,66,95251,44,309244
25128,0.001847,172.31.46.0-255,66,95317,44,309244
25129,0.00185,74.125.68.0-255,766,96083,44,309244
25130,0.001853,74.125.68.0-255,1484,97567,44,309244
25131,0.001855,172.31.46.0-255,66,97633,44,309244
25132,0.001861,74.125.68.0-255,4320,101953,44,309244
25133,0.001863,172.31.46.0-255,66,102019,44,309244
25134,0.001875,172.31.46.0-255,66,102085,44,309244
25135,0.001881,74.125.68.0-255,4320,106405,44,309244
25136,0.001884,172.31.46.0-255,66,106471,44,309244
25137,0.001927,74.125.68.0-255,4320,110791,44,309244
25138,0.001929,172.31.46.0-255,66,110857,44,309244
25139,0.001958,172.31.46.0-255,66,110923,44,309244
25140,0.001976,74.125.68.0-255,2902,113825,44,309244
25141,0.001978,172.31.46.0-255,66,113891,44,309244
25142,0.002004,172.31.46.0-255,66,113957,44,309244
25143,0.002008,74.125.68.0-255,2902,116859,44,309244
25144,0.00201,172.31.46.0-255,66,116925,44,309244
25145,0.002036,172.31.46.0-255,66,116991,44,309244
25146,0.002044,74.125.68.0-255,7156,124147,44,309244
25147,0.002047,172.31.46.0-255,66,124213,44,309244
25148,0.002074,74.125.68.0-255,2184,126397,44,309244
25149,0.002076,172.31.46.0-255,66,126463,44,309244
25150,0.002245,74.125.68.0-255,1484,127947,44,309244
25151,0.002266,74.125.68.0-255,2902,130849,44,309244
25152,0.002269,172.31.46.0-255,66,130915,44,309244
25153,0.002273,74.125.68.0-255,2902,133817,44,309244
25154,0.002275,172.31.46.0-255,66,133883,44,309244
25155,0.0023,74.125.68.0-255,2902,136785,44,309244
25156,0.002303,172.31.46.0-255,66,136851,44,309244
25157,0.002306,74.125.68.0-255,1484,138335,44,309244
25158,0.002322,74.125.68.0-255,1484,139819,44,309244
25159,0.002324,172.31.46.0-255,66,139885,44,309244
25160,0.002328,74.125.68.0-255,1484,141369,44,309244
25161,0.002342,74.125.68.0-255,2902,144271,44,309244
25162,0.002345,172.31.46.0-255,66,144337,44,309244
25163,0.002348,74.125.68.0-255,1484,145821,44,309244
25164,0.002371,74.125.68.0-255,1484,147305,44,309244
25165,0.002374,172.31.46.0-255,66,147371,44,309244
25166,0.002377,74.125.68.0-255,1484,148855,44,309244
25167,0.002395,74.125.68.0-255,4320,153175,44,309244
25168,0.002397,172.31.46.0-255,66,153241,44,309244
25169,0.002416,74.125.68.0-255,1484,154725,44,309244
25170,0.00242,74.125.68.0-255,1484,156209,44,309244
25171,0.002422,172.31.46.0-255,66,156275,44,309244
25172,0.00244,74.125.68.0-255,2902,159177,44,309244
25173,0.002443,172.31.46.0-255,66,159243,44,309244
25174,0.00246,74.125.68.0-255,2184,161427,44,309244
25175,0.002462,172.31.46.0-255,66,161493,44,309244
25176,0.002489,74.125.68.0-255,1484,162977,44,309244
25177,0.002493,74.125.68.0-255,1484,164461,44,309244
25178,0.002495,172.31.46.0-255,66,164527,44,309244
25179,0.002541,172.31.46.0-255,66,164593,44,309244
25180,0.002549,74.125.68.0-255,2902,167495,44,309244
25181,0.002552,172.31.46.0-255,66,167561,44,309244
25182,0.002557,74.125.68.0-255,4320,171881,44,309244
25183,0.00256,172.31.46.0-255,66,171947,44,309244
25184,0.002566,74.125.68.0-255,4320,176267,44,309244
25185,0.002568,172.31.46.0-255,66,176333,44,309244
25186,0.002596,74.125.68.0-255,4320,180653,44,309244
25187,0.002599,172.31.46.0-255,66,180719,44,309244
25188,0.002603,74.125.68.0-255,2902,183621,44,309244
25189,0.002606,172.31.46.0-255,66,183687,44,309244
25190,0.002608,74.125.68.0-255,1484,185171,44,309244
25191,0.00264,74.125.68.0-255,5020,190191,44,309244
25192,0.002644,172.31.46.0-255,66,190257,44,309244
25193,0.00265,74.125.68.0-255,5738,195995,44,309244
25194,0.002653,172.31.46.0-255,66,196061,44,309244
25195,0.00269,74.125.68.0-255,2902,198963,44,309244
25196,0.002693,172.31.46.0-255,66,199029,44,309244
25197,0.002712,74.125.68.0-255,5738,204767,44,309244
25198,0.002716,172.31.46.0-255,66,204833,44,309244
25199,0.002736,74.125.68.0-255,4320,209153,44,309244
25200,0.002739,172.31.46.0-255,66,209219,44,309244
25201,0.002745,74.125.68.0-255,5738,214957,44,309244
25202,0.002747,172.31.46.0-255,66,215023,44,309244
25203,0.00277,74.125.68.0-255,6438,221461,44,309244
25204,0.002773,172.31.46.0-255,66,221527,44,309244
25205,0.002872,74.125.68.0-255,1484,223011,44,309244
25206,0.002877,74.125.68.0-255,1484,224495,44,309244
25207,0.00288,172.31.46.0-255,66,224561,44,309244
25208,0.002931,74.125.68.0-255,2902,227463,44,309244
25209,0.002933,172.31.46.0-255,66,227529,44,309244
25210,0.00294,74.125.68.0-255,5738,233267,44,309244
25211,0.002943,172.31.46.0-255,66,233333,44,309244
25212,0.00295,74.125.68.0-255,7156,240489,44,309244
25213,0.002953,172.31.46.0-255,66,240555,44,309244
25214,0.002959,74.125.68.0-255,5738,246293,44,309244
25215,0.002962,172.31.46.0-255,66,246359,44,309244
25216,0.00298,74.125.68.0-255,2902,249261,44,309244
25217,0.002982,172.31.46.0-255,66,249327,44,309244
25218,0.00299,74.125.68.0-255,6438,255765,44,309244
25219,0.002992,172.31.46.0-255,66,255831,44,309244
25220,0.003011,74.125.68.0-255,7156,262987,44,309244
25221,0.003014,172.31.46.0-255,66,263053,44,309244
25222,0.003038,74.125.68.0-255,4320,267373,44,309244
25223,0.00304,172.31.46.0-255,66,267439,44,309244
25224,0.003072,74.125.68.0-255,7156,274595,44,309244
25225,0.003076,172.31.46.0-255,66,274661,44,309244
25226,0.003089,172.31.46.0-255,66,274727,44,309244
25227,0.003094,74.125.68.0-255,2184,276911,44,309244
25228,0.003096,172.31.46.0-255,66,276977,44,309244
25229,0.0031,74.125.68.0-255,2902,279879,44,309244
25230,0.003103,172.31.46.0-255,66,279945,44,309244
25231,0.00312,74.125.68.0-255,4320,284265,44,309244
25232,0.003123,172.31.46.0-255,66,284331,44,309244
25233,0.003147,74.125.68.0-255,2902,287233,44,309244
25234,0.003149,172.31.46.0-255,66,287299,44,309244
25235,0.003155,74.125.68.0-255,4320,291619,44,309244
25236,0.003157,172.31.46.0-255,66,291685,44,309244
25237,0.003163,74.125.68.0-255,5738,297423,44,309244
25238,0.003165,172.31.46.0-255,66,297489,44,309244
25239,0.003168,74.125.68.0-255,1484,298973,44,309244
25240,0.003171,74.125.68.0-255,397,299370,44,309244
25241,0.003173,172.31.46.0-255,66,299436,44,309244
25242,0.003234,74.125.68.0-255,105,299541,44,309244
25243,0.004384,172.31.46.0-255,101,299642,44,309244
25244,0.005397,172.31.46.0-255,105,299747,44,309244
25245,0.006617,74.125.68.0-255,66,299813,44,309244
25246,0.007616,74.125.68.0-255,66,299879,44,309244
25247,0.038106,172.31.46.0-255,172,300051,44,309244
25248,0.038142,172.31.46.0-255,1114,301165,44,309244
25249,0.038209,172.31.46.0-255,1514,302679,44,309244
25250,0.038211,172.31.46.0-255,1514,304193,44,309244
25251,0.038217,172.31.46.0-255,1514,305707,44,309244
25252,0.038218,172.31.46.0-255,1514,307221,44,309244
25253,0.038238,172.31.46.0-255,1514,308735,44,309244
25254,0.038239,172.31.46.0-255,71,308806,44,309244
25255,0.039661,104.244.42.0-255,66,308872,44,309244
25256,0.039761,104.244.42.0-255,66,308938,44,309244
25257,0.039766,104.244.42.0-255,66,309004,44,309244
25258,0.03997,104.244.42.0-255,66,309070,44,309244
25259,0.040415,104.244.42.0-255,108,309178,44,309244
25260,0.040426,172.31.46.0-255,66,309244,44,309244
25261,0.0,172.217.194.0-255,156,156,44,311731
25262,1.5e-05,172.31.46.0-255,66,222,44,311731
25263,2.1e-05,172.217.194.0-255,1484,1706,44,311731
25264,2.6e-05,172.31.46.0-255,66,1772,44,311731
25265,3.2e-05,172.217.194.0-255,2902,4674,44,311731
25266,3.6e-05,172.31.46.0-255,66,4740,44,311731
25267,5.1e-05,172.217.194.0-255,1484,6224,44,311731
25268,5.4e-05,172.31.46.0-255,66,6290,44,311731
25269,8.3e-05,172.217.194.0-255,5738,12028,44,311731
25270,8.6e-05,172.31.46.0-255,66,12094,44,311731
25271,0.000152,172.31.46.0-255,66,12160,44,311731
25272,0.000172,172.217.194.0-255,4925,17085,44,311731
25273,0.000175,172.31.46.0-255,66,17151,44,311731
25274,0.000297,172.217.194.0-255,5379,22530,44,311731
25275,0.000301,172.31.46.0-255,66,22596,44,311731
25276,0.000358,172.217.194.0-255,2902,25498,44,311731
25277,0.000361,172.31.46.0-255,66,25564,44,311731
25278,0.000394,172.31.46.0-255,66,25630,44,311731
25279,0.000583,172.217.194.0-255,4320,29950,44,311731
25280,0.000587,172.31.46.0-255,66,30016,44,311731
25281,0.000637,172.31.46.0-255,66,30082,44,311731
25282,0.000746,172.217.194.0-255,7156,37238,44,311731
25283,0.000751,172.31.46.0-255,66,37304,44,311731
25284,0.000833,172.31.46.0-255,66,37370,44,311731
25285,0.000928,172.217.194.0-255,7156,44526,44,311731
25286,0.000932,172.31.46.0-255,66,44592,44,311731
25287,0.000955,172.31.46.0-255,66,44658,44,311731
25288,0.001109,172.217.194.0-255,766,45424,44,311731
25289,0.00115,172.217.194.0-255,1484,46908,44,311731
25290,0.001166,172.217.194.0-255,2902,49810,44,311731
25291,0.001189,172.217.194.0-255,5738,55548,44,311731
25292,0.001264,172.217.194.0-255,7156,62704,44,311731
25293,0.001288,172.217.194.0-255,5738,68442,44,311731
25294,0.002158,172.217.194.0-255,1484,69926,44,311731
25295,0.00217,172.217.194.0-255,2902,72828,44,311731
25296,0.002194,172.217.194.0-255,4320,77148,44,311731
25297,0.002241,172.217.194.0-255,2902,80050,44,311731
25298,0.002261,172.217.194.0-255,5738,85788,44,311731
25299,0.003221,172.31.46.0-255,66,85854,44,311731
25300,0.005484,172.217.194.0-255,5738,91592,44,311731
25301,0.00549,172.31.46.0-255,66,91658,44,311731
25302,0.007719,172.217.194.0-255,5738,97396,44,311731
25303,0.008183,172.31.46.0-255,66,97462,44,311731
25304,0.010406,172.217.194.0-255,5738,103200,44,311731
25305,0.010416,172.31.46.0-255,66,103266,44,311731
25306,0.012609,172.217.194.0-255,5738,109004,44,311731
25307,0.012615,172.31.46.0-255,66,109070,44,311731
25308,0.014819,172.217.194.0-255,5738,114808,44,311731
25309,0.014828,172.31.46.0-255,66,114874,44,311731
25310,0.017056,172.217.194.0-255,5738,120612,44,311731
25311,0.017063,172.31.46.0-255,66,120678,44,311731
25312,0.019302,172.217.194.0-255,5738,126416,44,311731
25313,0.01931,172.31.46.0-255,66,126482,44,311731
25314,0.021519,172.217.194.0-255,5738,132220,44,311731
25315,0.021525,172.31.46.0-255,66,132286,44,311731
25316,0.023729,172.217.194.0-255,5738,138024,44,311731
25317,0.023735,172.31.46.0-255,66,138090,44,311731
25318,0.025938,172.217.194.0-255,5738,143828,44,311731
25319,0.025946,172.31.46.0-255,66,143894,44,311731
25320,0.027947,172.31.46.0-255,164,144058,44,311731
25321,0.027974,172.31.46.0-255,1123,145181,44,311731
25322,0.02803,172.31.46.0-255,1514,146695,44,311731
25323,0.028032,172.31.46.0-255,1514,148209,44,311731
25324,0.028036,172.31.46.0-255,1514,149723,44,311731
25325,0.028037,172.31.46.0-255,1514,151237,44,311731
25326,0.028056,172.31.46.0-255,1510,152747,44,311731
25327,0.028162,172.217.194.0-255,5738,158485,44,311731
25328,0.028167,172.31.46.0-255,66,158551,44,311731
25329,0.02949,104.244.42.0-255,66,158617,44,311731
25330,0.029499,104.244.42.0-255,66,158683,44,311731
25331,0.029605,104.244.42.0-255,66,158749,44,311731
25332,0.030382,172.217.194.0-255,5738,164487,44,311731
25333,0.030388,172.31.46.0-255,66,164553,44,311731
25334,0.032613,172.217.194.0-255,5738,170291,44,311731
25335,0.032619,172.31.46.0-255,66,170357,44,311731
25336,0.034829,172.217.194.0-255,5738,176095,44,311731
25337,0.034835,172.31.46.0-255,66,176161,44,311731
25338,0.037055,172.217.194.0-255,5738,181899,44,311731
25339,0.037061,172.31.46.0-255,66,181965,44,311731
25340,0.039288,172.217.194.0-255,5738,187703,44,311731
25341,0.039294,172.31.46.0-255,66,187769,44,311731
25342,0.041544,172.217.194.0-255,5738,193507,44,311731
25343,0.041549,172.31.46.0-255,66,193573,44,311731
25344,0.043788,172.217.194.0-255,5738,199311,44,311731
25345,0.043794,172.31.46.0-255,66,199377,44,311731
25346,0.046025,172.217.194.0-255,5738,205115,44,311731
25347,0.046033,172.31.46.0-255,66,205181,44,311731
25348,0.048248,172.217.194.0-255,5738,210919,44,311731
25349,0.048253,172.31.46.0-255,66,210985,44,311731
25350,0.05048,172.217.194.0-255,4320,215305,44,311731
25351,0.050487,172.31.46.0-255,66,215371,44,311731
25352,0.050506,172.217.194.0-255,1484,216855,44,311731
25353,0.052731,172.217.194.0-255,4320,221175,44,311731
25354,0.052736,172.31.46.0-255,66,221241,44,311731
25355,0.054945,172.217.194.0-255,5738,226979,44,311731
25356,0.054998,172.31.46.0-255,66,227045,44,311731
25357,0.057217,172.217.194.0-255,5738,232783,44,311731
25358,0.057227,172.31.46.0-255,66,232849,44,311731
25359,0.059434,172.217.194.0-255,5738,238587,44,311731
25360,0.059443,172.31.46.0-255,66,238653,44,311731
25361,0.061711,172.217.194.0-255,5738,244391,44,311731
25362,0.06172,172.31.46.0-255,66,244457,44,311731
25363,0.063934,172.217.194.0-255,5738,250195,44,311731
25364,0.063944,172.31.46.0-255,66,250261,44,311731
25365,0.066175,172.217.194.0-255,5738,255999,44,311731
25366,0.066188,172.31.46.0-255,66,256065,44,311731
25367,0.068421,172.217.194.0-255,5738,261803,44,311731
25368,0.068434,172.31.46.0-255,66,261869,44,311731
25369,0.070669,172.217.194.0-255,5738,267607,44,311731
25370,0.070682,172.31.46.0-255,66,267673,44,311731
25371,0.072944,172.217.194.0-255,5738,273411,44,311731
25372,0.072956,172.31.46.0-255,66,273477,44,311731
25373,0.075175,172.217.194.0-255,2902,276379,44,311731
25374,0.075187,172.31.46.0-255,66,276445,44,311731
25375,0.07521,172.217.194.0-255,2902,279347,44,311731
25376,0.076815,172.31.46.0-255,66,279413,44,311731
25377,0.077425,172.217.194.0-255,2902,282315,44,311731
25378,0.077434,172.31.46.0-255,66,282381,44,311731
25379,0.079098,172.217.194.0-255,2902,285283,44,311731
25380,0.079106,172.31.46.0-255,66,285349,44,311731
25381,0.07966,172.217.194.0-255,2902,288251,44,311731
25382,0.079666,172.31.46.0-255,66,288317,44,311731
25383,0.081315,172.217.194.0-255,2902,291219,44,311731
25384,0.081322,172.31.46.0-255,66,291285,44,311731
25385,0.081877,172.217.194.0-255,2902,294187,44,311731
25386,0.081884,172.31.46.0-255,66,294253,44,311731
25387,0.083517,172.217.194.0-255,1484,295737,44,311731
25388,0.084079,172.217.194.0-255,4320,300057,44,311731
25389,0.084119,172.31.46.0-255,66,300123,44,311731
25390,0.086353,172.217.194.0-255,5738,305861,44,311731
25391,0.086407,172.31.46.0-255,66,305927,44,311731
25392,0.088598,172.217.194.0-255,5738,311665,44,311731
25393,0.088602,172.31.46.0-255,66,311731,44,311731
25394,0.0,172.217.194.0-255,146,146,44,328230
25395,2.2e-05,172.31.46.0-255,66,212,44,328230
25396,2.8e-05,172.217.194.0-255,1484,1696,44,328230
25397,3.2e-05,172.31.46.0-255,66,1762,44,328230
25398,3.7e-05,172.217.194.0-255,2902,4664,44,328230
25399,4e-05,172.31.46.0-255,66,4730,44,328230
25400,5.4e-05,172.217.194.0-255,7156,11886,44,328230
25401,5.7e-05,172.31.46.0-255,66,11952,44,328230
25402,9.9e-05,172.31.46.0-255,66,12018,44,328230
25403,0.000102,172.217.194.0-255,1484,13502,44,328230
25404,0.000104,172.31.46.0-255,66,13568,44,328230
25405,0.000108,172.217.194.0-255,1125,14693,44,328230
25406,0.00011,172.31.46.0-255,66,14759,44,328230
25407,0.000189,172.217.194.0-255,1484,16243,44,328230
25408,0.000193,172.31.46.0-255,66,16309,44,328230
25409,0.000208,172.217.194.0-255,2902,19211,44,328230
25410,0.000211,172.31.46.0-255,66,19277,44,328230
25411,0.00027,172.217.194.0-255,5738,25015,44,328230
25412,0.000274,172.31.46.0-255,66,25081,44,328230
25413,0.000288,172.31.46.0-255,66,25147,44,328230
25414,0.000297,172.31.46.0-255,66,25213,44,328230
25415,0.00032,172.217.194.0-255,1125,26338,44,328230
25416,0.000322,172.31.46.0-255,66,26404,44,328230
25417,0.000418,172.217.194.0-255,647,27051,44,328230
25418,0.000421,172.31.46.0-255,66,27117,44,328230
25419,0.000489,172.217.194.0-255,1484,28601,44,328230
25420,0.000493,172.31.46.0-255,66,28667,44,328230
25421,0.000498,172.217.194.0-255,2902,31569,44,328230
25422,0.0005,172.31.46.0-255,66,31635,44,328230
25423,0.000503,172.217.194.0-255,1484,33119,44,328230
25424,0.000526,172.217.194.0-255,4320,37439,44,328230
25425,0.000528,172.31.46.0-255,66,37505,44,328230
25426,0.000531,172.217.194.0-255,1484,38989,44,328230
25427,0.000555,172.217.194.0-255,5379,44368,44,328230
25428,0.000558,172.31.46.0-255,66,44434,44,328230
25429,0.000561,172.217.194.0-255,1484,45918,44,328230
25430,0.000583,172.217.194.0-255,5738,51656,44,328230
25431,0.000586,172.31.46.0-255,66,51722,44,328230
25432,0.000596,172.31.46.0-255,66,51788,44,328230
25433,0.000624,172.217.194.0-255,1125,52913,44,328230
25434,0.000827,172.217.194.0-255,1484,54397,44,328230
25435,0.000831,172.217.194.0-255,2902,57299,44,328230
25436,0.000836,172.31.46.0-255,66,57365,44,328230
25437,0.000839,172.31.46.0-255,66,57431,44,328230
25438,0.000855,172.217.194.0-255,5738,63169,44,328230
25439,0.000857,172.31.46.0-255,66,63235,44,328230
25440,0.000862,172.217.194.0-255,2902,66137,44,328230
25441,0.000863,172.31.46.0-255,66,66203,44,328230
25442,0.00089,172.217.194.0-255,2902,69105,44,328230
25443,0.000892,172.31.46.0-255,66,69171,44,328230
25444,0.000921,172.31.46.0-255,66,69237,44,328230
25445,0.000926,172.217.194.0-255,5020,74257,44,328230
25446,0.000928,172.31.46.0-255,66,74323,44,328230
25447,0.00183,172.217.194.0-255,1484,75807,44,328230
25448,0.00184,172.217.194.0-255,2902,78709,44,328230
25449,0.001844,172.31.46.0-255,66,78775,44,328230
25450,0.001852,172.217.194.0-255,5738,84513,44,328230
25451,0.001853,172.31.46.0-255,66,84579,44,328230
25452,0.001916,172.31.46.0-255,66,84645,44,328230
25453,0.001923,172.217.194.0-255,7156,91801,44,328230
25454,0.001925,172.31.46.0-255,66,91867,44,328230
25455,0.00195,172.217.194.0-255,3602,95469,44,328230
25456,0.001952,172.31.46.0-255,66,95535,44,328230
25457,0.004006,172.217.194.0-255,1484,97019,44,328230
25458,0.004059,172.217.194.0-255,4320,101339,44,328230
25459,0.004063,172.31.46.0-255,66,101405,44,328230
25460,0.00615,172.217.194.0-255,4320,105725,44,328230
25461,0.006153,172.31.46.0-255,66,105791,44,328230
25462,0.006174,172.217.194.0-255,1484,107275,44,328230
25463,0.00824,172.217.194.0-255,4320,111595,44,328230
25464,0.008246,172.31.46.0-255,66,111661,44,328230
25465,0.010327,172.217.194.0-255,5738,117399,44,328230
25466,0.010333,172.31.46.0-255,66,117465,44,328230
25467,0.012446,172.217.194.0-255,5738,123203,44,328230
25468,0.012453,172.31.46.0-255,66,123269,44,328230
25469,0.014536,172.217.194.0-255,5738,129007,44,328230
25470,0.014545,172.31.46.0-255,66,129073,44,328230
25471,0.016641,172.217.194.0-255,5738,134811,44,328230
25472,0.016648,172.31.46.0-255,66,134877,44,328230
25473,0.018757,172.217.194.0-255,5738,140615,44,328230
25474,0.018762,172.31.46.0-255,66,140681,44,328230
25475,0.020887,172.217.194.0-255,5738,146419,44,328230
25476,0.020895,172.31.46.0-255,66,146485,44,328230
25477,0.02299,172.217.194.0-255,5738,152223,44,328230
25478,0.022997,172.31.46.0-255,66,152289,44,328230
25479,0.025118,172.217.194.0-255,5738,158027,44,328230
25480,0.025125,172.31.46.0-255,66,158093,44,328230
25481,0.027229,172.217.194.0-255,5738,163831,44,328230
25482,0.027235,172.31.46.0-255,66,163897,44,328230
25483,0.029324,172.217.194.0-255,5738,169635,44,328230
25484,0.029331,172.31.46.0-255,66,169701,44,328230
25485,0.031075,172.31.46.0-255,171,169872,44,328230
25486,0.031103,172.31.46.0-255,1138,171010,44,328230
25487,0.031154,172.31.46.0-255,1514,172524,44,328230
25488,0.031156,172.31.46.0-255,1514,174038,44,328230
25489,0.031161,172.31.46.0-255,1514,175552,44,328230
25490,0.031162,172.31.46.0-255,1514,177066,44,328230
25491,0.031186,172.31.46.0-255,333,177399,44,328230
25492,0.031418,172.217.194.0-255,5738,183137,44,328230
25493,0.031424,172.31.46.0-255,66,183203,44,328230
25494,0.032601,104.244.42.0-255,66,183269,44,328230
25495,0.032672,104.244.42.0-255,66,183335,44,328230
25496,0.032726,104.244.42.0-255,66,183401,44,328230
25497,0.032731,104.244.42.0-255,66,183467,44,328230
25498,0.033512,172.217.194.0-255,5738,189205,44,328230
25499,0.033517,172.31.46.0-255,66,189271,44,328230
25500,0.035636,172.217.194.0-255,5738,195009,44,328230
25501,0.035643,172.31.46.0-255,66,195075,44,328230
25502,0.037716,172.217.194.0-255,5738,200813,44,328230
25503,0.037722,172.31.46.0-255,66,200879,44,328230
25504,0.039811,172.217.194.0-255,5738,206617,44,328230
25505,0.039818,172.31.46.0-255,66,206683,44,328230
25506,0.04191,172.217.194.0-255,5738,212421,44,328230
25507,0.041916,172.31.46.0-255,66,212487,44,328230
25508,0.044015,172.217.194.0-255,5738,218225,44,328230
25509,0.044024,172.31.46.0-255,66,218291,44,328230
25510,0.046133,172.217.194.0-255,5738,224029,44,328230
25511,0.046139,172.31.46.0-255,66,224095,44,328230
25512,0.048252,172.217.194.0-255,5738,229833,44,328230
25513,0.048258,172.31.46.0-255,66,229899,44,328230
25514,0.050349,172.217.194.0-255,5738,235637,44,328230
25515,0.050354,172.31.46.0-255,66,235703,44,328230
25516,0.052462,172.217.194.0-255,5738,241441,44,328230
25517,0.05247,172.31.46.0-255,66,241507,44,328230
25518,0.054556,172.217.194.0-255,5738,247245,44,328230
25519,0.054565,172.31.46.0-255,66,247311,44,328230
25520,0.056682,172.217.194.0-255,5738,253049,44,328230
25521,0.056689,172.31.46.0-255,66,253115,44,328230
25522,0.058779,172.217.194.0-255,5738,258853,44,328230
25523,0.058784,172.31.46.0-255,66,258919,44,328230
25524,0.06093,172.217.194.0-255,5738,264657,44,328230
25525,0.060937,172.31.46.0-255,66,264723,44,328230
25526,0.063018,172.217.194.0-255,5738,270461,44,328230
25527,0.063025,172.31.46.0-255,66,270527,44,328230
25528,0.06513,172.217.194.0-255,5738,276265,44,328230
25529,0.065137,172.31.46.0-255,66,276331,44,328230
25530,0.067225,172.217.194.0-255,5738,282069,44,328230
25531,0.067231,172.31.46.0-255,66,282135,44,328230
25532,0.069401,172.217.194.0-255,5738,287873,44,328230
25533,0.069408,172.31.46.0-255,66,287939,44,328230
25534,0.0715,172.217.194.0-255,5738,293677,44,328230
25535,0.071506,172.31.46.0-255,66,293743,44,328230
25536,0.073644,172.217.194.0-255,5738,299481,44,328230
25537,0.073651,172.31.46.0-255,66,299547,44,328230
25538,0.07572,172.217.194.0-255,5738,305285,44,328230
25539,0.075726,172.31.46.0-255,66,305351,44,328230
25540,0.077822,172.217.194.0-255,5738,311089,44,328230
25541,0.077829,172.31.46.0-255,66,311155,44,328230
25542,0.079933,172.217.194.0-255,5738,316893,44,328230
25543,0.079939,172.31.46.0-255,66,316959,44,328230
25544,0.082016,172.217.194.0-255,5738,322697,44,328230
25545,0.082023,172.31.46.0-255,66,322763,44,328230
25546,0.084114,172.217.194.0-255,5230,327993,44,328230
25547,0.08412,172.31.46.0-255,66,328059,44,328230
25548,0.084318,172.31.46.0-255,105,328164,44,328230
25549,0.086391,172.217.194.0-255,66,328230,44,328230
25550,0.0,74.125.24.0-255,291,291,44,337994
25551,1.5e-05,172.31.46.0-255,66,357,44,337994
25552,2.1e-05,74.125.24.0-255,1484,1841,44,337994
25553,2.6e-05,172.31.46.0-255,66,1907,44,337994
25554,3.3e-05,74.125.24.0-255,4320,6227,44,337994
25555,3.6e-05,172.31.46.0-255,66,6293,44,337994
25556,7e-05,172.31.46.0-255,66,6359,44,337994
25557,0.000325,74.125.24.0-255,1484,7843,44,337994
25558,0.00033,172.31.46.0-255,66,7909,44,337994
25559,0.000336,74.125.24.0-255,2902,10811,44,337994
25560,0.000339,172.31.46.0-255,66,10877,44,337994
25561,0.000346,74.125.24.0-255,5738,16615,44,337994
25562,0.000349,172.31.46.0-255,66,16681,44,337994
25563,0.000352,74.125.24.0-255,1484,18165,44,337994
25564,0.000354,172.31.46.0-255,66,18231,44,337994
25565,0.000426,74.125.24.0-255,4320,22551,44,337994
25566,0.00043,172.31.46.0-255,66,22617,44,337994
25567,0.000441,74.125.24.0-255,1125,23742,44,337994
25568,0.000443,172.31.46.0-255,66,23808,44,337994
25569,0.000611,74.125.24.0-255,1484,25292,44,337994
25570,0.000615,172.31.46.0-255,66,25358,44,337994
25571,0.00062,74.125.24.0-255,2902,28260,44,337994
25572,0.000621,172.31.46.0-255,66,28326,44,337994
25573,0.000628,74.125.24.0-255,5738,34064,44,337994
25574,0.000629,172.31.46.0-255,66,34130,44,337994
25575,0.000637,74.125.24.0-255,6797,40927,44,337994
25576,0.000639,172.31.46.0-255,66,40993,44,337994
25577,0.000913,74.125.24.0-255,1484,42477,44,337994
25578,0.000918,172.31.46.0-255,66,42543,44,337994
25579,0.000932,74.125.24.0-255,2902,45445,44,337994
25580,0.000935,172.31.46.0-255,66,45511,44,337994
25581,0.00094,74.125.24.0-255,2902,48413,44,337994
25582,0.000941,172.31.46.0-255,66,48479,44,337994
25583,0.000965,74.125.24.0-255,1484,49963,44,337994
25584,0.000988,172.31.46.0-255,66,50029,44,337994
25585,0.001691,74.125.24.0-255,645,50674,44,337994
25586,0.001852,74.125.24.0-255,1484,52158,44,337994
25587,0.001859,172.31.46.0-255,66,52224,44,337994
25588,0.001865,74.125.24.0-255,2902,55126,44,337994
25589,0.001868,172.31.46.0-255,66,55192,44,337994
25590,0.001875,74.125.24.0-255,5738,60930,44,337994
25591,0.001877,172.31.46.0-255,66,60996,44,337994
25592,0.001913,172.31.46.0-255,66,61062,44,337994
25593,0.001931,74.125.24.0-255,1484,62546,44,337994
25594,0.001934,74.125.24.0-255,1484,64030,44,337994
25595,0.001936,172.31.46.0-255,66,64096,44,337994
25596,0.001942,74.125.24.0-255,4320,68416,44,337994
25597,0.001944,172.31.46.0-255,66,68482,44,337994
25598,0.001977,74.125.24.0-255,5020,73502,44,337994
25599,0.001981,172.31.46.0-255,66,73568,44,337994
25600,0.003973,74.125.24.0-255,5738,79306,44,337994
25601,0.003979,172.31.46.0-255,66,79372,44,337994
25602,0.005967,74.125.24.0-255,5738,85110,44,337994
25603,0.005974,172.31.46.0-255,66,85176,44,337994
25604,0.007994,74.125.24.0-255,5738,90914,44,337994
25605,0.008001,172.31.46.0-255,66,90980,44,337994
25606,0.009999,74.125.24.0-255,5738,96718,44,337994
25607,0.010008,172.31.46.0-255,66,96784,44,337994
25608,0.011995,74.125.24.0-255,5738,102522,44,337994
25609,0.012004,172.31.46.0-255,66,102588,44,337994
25610,0.013964,74.125.24.0-255,5738,108326,44,337994
25611,0.013972,172.31.46.0-255,66,108392,44,337994
25612,0.015985,74.125.24.0-255,5738,114130,44,337994
25613,0.015993,172.31.46.0-255,66,114196,44,337994
25614,0.01799,74.125.24.0-255,5738,119934,44,337994
25615,0.017999,172.31.46.0-255,66,120000,44,337994
25616,0.019969,74.125.24.0-255,5738,125738,44,337994
25617,0.019978,172.31.46.0-255,66,125804,44,337994
25618,0.021974,74.125.24.0-255,5738,131542,44,337994
25619,0.021982,172.31.46.0-255,66,131608,44,337994
25620,0.023931,74.125.24.0-255,5738,137346,44,337994
25621,0.023938,172.31.46.0-255,66,137412,44,337994
25622,0.025883,74.125.24.0-255,5738,143150,44,337994
25623,0.02589,172.31.46.0-255,66,143216,44,337994
25624,0.026773,172.31.46.0-255,164,143380,44,337994
25625,0.026818,172.31.46.0-255,1123,144503,44,337994
25626,0.026885,172.31.46.0-255,1514,146017,44,337994
25627,0.026887,172.31.46.0-255,1514,147531,44,337994
25628,0.026888,172.31.46.0-255,1514,149045,44,337994
25629,0.026889,172.31.46.0-255,1514,150559,44,337994
25630,0.026922,172.31.46.0-255,1509,152068,44,337994
25631,0.027868,74.125.24.0-255,5738,157806,44,337994
25632,0.027876,172.31.46.0-255,66,157872,44,337994
25633,0.028411,104.244.42.0-255,66,157938,44,337994
25634,0.028438,104.244.42.0-255,66,158004,44,337994
25635,0.028537,104.244.42.0-255,66,158070,44,337994
25636,0.029882,74.125.24.0-255,5738,163808,44,337994
25637,0.029888,172.31.46.0-255,66,163874,44,337994
25638,0.031891,74.125.24.0-255,5738,169612,44,337994
25639,0.031899,172.31.46.0-255,66,169678,44,337994
25640,0.033902,74.125.24.0-255,5738,175416,44,337994
25641,0.033909,172.31.46.0-255,66,175482,44,337994
25642,0.03591,74.125.24.0-255,5738,181220,44,337994
25643,0.035916,172.31.46.0-255,66,181286,44,337994
25644,0.037903,74.125.24.0-255,5738,187024,44,337994
25645,0.03791,172.31.46.0-255,66,187090,44,337994
25646,0.039914,74.125.24.0-255,5738,192828,44,337994
25647,0.039921,172.31.46.0-255,66,192894,44,337994
25648,0.041918,74.125.24.0-255,5738,198632,44,337994
25649,0.041927,172.31.46.0-255,66,198698,44,337994
25650,0.043912,74.125.24.0-255,5738,204436,44,337994
25651,0.043918,172.31.46.0-255,66,204502,44,337994
25652,0.045927,74.125.24.0-255,5738,210240,44,337994
25653,0.045934,172.31.46.0-255,66,210306,44,337994
25654,0.047951,74.125.24.0-255,5738,216044,44,337994
25655,0.047957,172.31.46.0-255,66,216110,44,337994
25656,0.049992,74.125.24.0-255,5738,221848,44,337994
25657,0.049999,172.31.46.0-255,66,221914,44,337994
25658,0.051978,74.125.24.0-255,5738,227652,44,337994
25659,0.051984,172.31.46.0-255,66,227718,44,337994
25660,0.053946,74.125.24.0-255,5738,233456,44,337994
25661,0.053953,172.31.46.0-255,66,233522,44,337994
25662,0.05596,74.125.24.0-255,5738,239260,44,337994
25663,0.055967,172.31.46.0-255,66,239326,44,337994
25664,0.057973,74.125.24.0-255,5738,245064,44,337994
25665,0.057981,172.31.46.0-255,66,245130,44,337994
25666,0.059997,74.125.24.0-255,5738,250868,44,337994
25667,0.060004,172.31.46.0-255,66,250934,44,337994
25668,0.061951,74.125.24.0-255,5738,256672,44,337994
25669,0.061958,172.31.46.0-255,66,256738,44,337994
25670,0.063971,74.125.24.0-255,5738,262476,44,337994
25671,0.063978,172.31.46.0-255,66,262542,44,337994
25672,0.065989,74.125.24.0-255,5738,268280,44,337994
25673,0.065995,172.31.46.0-255,66,268346,44,337994
25674,0.067983,74.125.24.0-255,5738,274084,44,337994
25675,0.06799,172.31.46.0-255,66,274150,44,337994
25676,0.069996,74.125.24.0-255,5738,279888,44,337994
25677,0.070003,172.31.46.0-255,66,279954,44,337994
25678,0.072006,74.125.24.0-255,5738,285692,44,337994
25679,0.072013,172.31.46.0-255,66,285758,44,337994
25680,0.07401,74.125.24.0-255,5738,291496,44,337994
25681,0.074017,172.31.46.0-255,66,291562,44,337994
25682,0.075966,74.125.24.0-255,5738,297300,44,337994
25683,0.075973,172.31.46.0-255,66,297366,44,337994
25684,0.078014,74.125.24.0-255,5738,303104,44,337994
25685,0.078021,172.31.46.0-255,66,303170,44,337994
25686,0.080023,74.125.24.0-255,5738,308908,44,337994
25687,0.080029,172.31.46.0-255,66,308974,44,337994
25688,0.082036,74.125.24.0-255,5738,314712,44,337994
25689,0.082043,172.31.46.0-255,66,314778,44,337994
25690,0.084026,74.125.24.0-255,5738,320516,44,337994
25691,0.084033,172.31.46.0-255,66,320582,44,337994
25692,0.08599,74.125.24.0-255,5738,326320,44,337994
25693,0.085996,172.31.46.0-255,66,326386,44,337994
25694,0.088021,74.125.24.0-255,5738,332124,44,337994
25695,0.088028,172.31.46.0-255,66,332190,44,337994
25696,0.089971,74.125.24.0-255,5738,337928,44,337994
25697,0.089978,172.31.46.0-255,66,337994,44,337994
25698,0.0,74.125.200.0-255,152,152,44,367668
25699,2.5e-05,172.31.46.0-255,66,218,44,367668
25700,3.2e-05,74.125.200.0-255,1484,1702,44,367668
25701,3.7e-05,172.31.46.0-255,66,1768,44,367668
25702,5.2e-05,74.125.200.0-255,2902,4670,44,367668
25703,5.5e-05,172.31.46.0-255,66,4736,44,367668
25704,8.5e-05,74.125.200.0-255,5738,10474,44,367668
25705,8.8e-05,172.31.46.0-255,66,10540,44,367668
25706,9.3e-05,74.125.200.0-255,3451,13991,44,367668
25707,9.5e-05,172.31.46.0-255,66,14057,44,367668
25708,0.000101,74.125.200.0-255,4320,18377,44,367668
25709,0.000103,172.31.46.0-255,66,18443,44,367668
25710,0.000128,74.125.200.0-255,2902,21345,44,367668
25711,0.000131,172.31.46.0-255,66,21411,44,367668
25712,0.000158,74.125.200.0-255,7156,28567,44,367668
25713,0.00016,172.31.46.0-255,66,28633,44,367668
25714,0.000165,74.125.200.0-255,2543,31176,44,367668
25715,0.000167,172.31.46.0-255,66,31242,44,367668
25716,0.0003,74.125.200.0-255,1484,32726,44,367668
25717,0.000305,172.31.46.0-255,66,32792,44,367668
25718,0.000319,74.125.200.0-255,2902,35694,44,367668
25719,0.000322,172.31.46.0-255,66,35760,44,367668
25720,0.000349,74.125.200.0-255,2902,38662,44,367668
25721,0.000352,172.31.46.0-255,66,38728,44,367668
25722,0.000356,74.125.200.0-255,2902,41630,44,367668
25723,0.000358,172.31.46.0-255,66,41696,44,367668
25724,0.000411,74.125.200.0-255,1484,43180,44,367668
25725,0.000416,172.31.46.0-255,66,43246,44,367668
25726,0.000424,74.125.200.0-255,5379,48625,44,367668
25727,0.000426,172.31.46.0-255,66,48691,44,367668
25728,0.000433,74.125.200.0-255,5738,54429,44,367668
25729,0.000435,172.31.46.0-255,66,54495,44,367668
25730,0.000488,172.31.46.0-255,66,54561,44,367668
25731,0.000508,74.125.200.0-255,2817,57378,44,367668
25732,0.000511,172.31.46.0-255,66,57444,44,367668
25733,0.000514,74.125.200.0-255,130,57574,44,367668
25734,0.000678,74.125.200.0-255,1484,59058,44,367668
25735,0.000682,172.31.46.0-255,66,59124,44,367668
25736,0.000687,74.125.200.0-255,1484,60608,44,367668
25737,0.000701,74.125.200.0-255,1484,62092,44,367668
25738,0.000704,172.31.46.0-255,66,62158,44,367668
25739,0.000709,74.125.200.0-255,4320,66478,44,367668
25740,0.000712,172.31.46.0-255,66,66544,44,367668
25741,0.000736,74.125.200.0-255,2902,69446,44,367668
25742,0.000739,172.31.46.0-255,66,69512,44,367668
25743,0.000755,74.125.200.0-255,6797,76309,44,367668
25744,0.000758,172.31.46.0-255,66,76375,44,367668
25745,0.000763,74.125.200.0-255,4320,80695,44,367668
25746,0.000766,172.31.46.0-255,66,80761,44,367668
25747,0.000802,74.125.200.0-255,5738,86499,44,367668
25748,0.000806,172.31.46.0-255,66,86565,44,367668
25749,0.000828,74.125.200.0-255,5379,91944,44,367668
25750,0.000831,172.31.46.0-255,66,92010,44,367668
25751,0.001222,74.125.200.0-255,1484,93494,44,367668
25752,0.001244,74.125.200.0-255,2902,96396,44,367668
25753,0.001248,172.31.46.0-255,66,96462,44,367668
25754,0.001286,74.125.200.0-255,2902,99364,44,367668
25755,0.00129,172.31.46.0-255,66,99430,44,367668
25756,0.001305,74.125.200.0-255,1484,100914,44,367668
25757,0.001308,74.125.200.0-255,1484,102398,44,367668
25758,0.00131,172.31.46.0-255,66,102464,44,367668
25759,0.001314,74.125.200.0-255,1484,103948,44,367668
25760,0.001331,74.125.200.0-255,1484,105432,44,367668
25761,0.001334,172.31.46.0-255,66,105498,44,367668
25762,0.001351,74.125.200.0-255,1484,106982,44,367668
25763,0.001367,74.125.200.0-255,2902,109884,44,367668
25764,0.00137,172.31.46.0-255,66,109950,44,367668
25765,0.001384,74.125.200.0-255,1484,111434,44,367668
25766,0.001405,74.125.200.0-255,4320,115754,44,367668
25767,0.001407,172.31.46.0-255,66,115820,44,367668
25768,0.001412,74.125.200.0-255,2902,118722,44,367668
25769,0.001414,172.31.46.0-255,66,118788,44,367668
25770,0.001439,74.125.200.0-255,2902,121690,44,367668
25771,0.001441,172.31.46.0-255,66,121756,44,367668
25772,0.001473,74.125.200.0-255,1484,123240,44,367668
25773,0.00149,74.125.200.0-255,3602,126842,44,367668
25774,0.001493,172.31.46.0-255,66,126908,44,367668
25775,0.001818,74.125.200.0-255,1484,128392,44,367668
25776,0.001839,74.125.200.0-255,2902,131294,44,367668
25777,0.001844,172.31.46.0-255,66,131360,44,367668
25778,0.00186,74.125.200.0-255,2902,134262,44,367668
25779,0.001862,172.31.46.0-255,66,134328,44,367668
25780,0.001867,74.125.200.0-255,2902,137230,44,367668
25781,0.001869,172.31.46.0-255,66,137296,44,367668
25782,0.00189,74.125.200.0-255,1484,138780,44,367668
25783,0.001902,74.125.200.0-255,1484,140264,44,367668
25784,0.001905,172.31.46.0-255,66,140330,44,367668
25785,0.001928,74.125.200.0-255,7156,147486,44,367668
25786,0.001931,172.31.46.0-255,66,147552,44,367668
25787,0.001936,74.125.200.0-255,4320,151872,44,367668
25788,0.001938,172.31.46.0-255,66,151938,44,367668
25789,0.001988,172.31.46.0-255,66,152004,44,367668
25790,0.002009,74.125.200.0-255,4320,156324,44,367668
25791,0.002011,172.31.46.0-255,66,156390,44,367668
25792,0.002044,172.31.46.0-255,66,156456,44,367668
25793,0.00205,74.125.200.0-255,5738,162194,44,367668
25794,0.002053,172.31.46.0-255,66,162260,44,367668
25795,0.002074,74.125.200.0-255,1484,163744,44,367668
25796,0.002092,74.125.200.0-255,5020,168764,44,367668
25797,0.002095,172.31.46.0-255,66,168830,44,367668
25798,0.002117,74.125.200.0-255,2902,171732,44,367668
25799,0.00212,172.31.46.0-255,66,171798,44,367668
25800,0.002143,74.125.200.0-255,2902,174700,44,367668
25801,0.002146,74.125.200.0-255,1484,176184,44,367668
25802,0.002154,172.31.46.0-255,66,176250,44,367668
25803,0.002163,74.125.200.0-255,5738,181988,44,367668
25804,0.002165,172.31.46.0-255,66,182054,44,367668
25805,0.002169,74.125.200.0-255,1484,183538,44,367668
25806,0.00219,74.125.200.0-255,7156,190694,44,367668
25807,0.002194,172.31.46.0-255,66,190760,44,367668
25808,0.0022,74.125.200.0-255,5738,196498,44,367668
25809,0.002202,172.31.46.0-255,66,196564,44,367668
25810,0.002222,74.125.200.0-255,4320,200884,44,367668
25811,0.002225,172.31.46.0-255,66,200950,44,367668
25812,0.002229,74.125.200.0-255,2184,203134,44,367668
25813,0.00223,172.31.46.0-255,66,203200,44,367668
25814,0.002276,74.125.200.0-255,2902,206102,44,367668
25815,0.002279,172.31.46.0-255,66,206168,44,367668
25816,0.002286,74.125.200.0-255,7156,213324,44,367668
25817,0.002288,172.31.46.0-255,66,213390,44,367668
25818,0.002291,74.125.200.0-255,1484,214874,44,367668
25819,0.002325,74.125.200.0-255,2902,217776,44,367668
25820,0.002329,172.31.46.0-255,66,217842,44,367668
25821,0.004578,74.125.200.0-255,1484,219326,44,367668
25822,0.004608,74.125.200.0-255,2902,222228,44,367668
25823,0.004614,172.31.46.0-255,66,222294,44,367668
25824,0.00463,74.125.200.0-255,1484,223778,44,367668
25825,0.006918,74.125.200.0-255,4320,228098,44,367668
25826,0.006925,172.31.46.0-255,66,228164,44,367668
25827,0.009231,74.125.200.0-255,5738,233902,44,367668
25828,0.009241,172.31.46.0-255,66,233968,44,367668
25829,0.011571,74.125.200.0-255,5738,239706,44,367668
25830,0.01159,172.31.46.0-255,66,239772,44,367668
25831,0.013902,74.125.200.0-255,5738,245510,44,367668
25832,0.01392,172.31.46.0-255,66,245576,44,367668
25833,0.01625,74.125.200.0-255,5738,251314,44,367668
25834,0.01627,172.31.46.0-255,66,251380,44,367668
25835,0.018598,74.125.200.0-255,5738,257118,44,367668
25836,0.018615,172.31.46.0-255,66,257184,44,367668
25837,0.020926,74.125.200.0-255,5738,262922,44,367668
25838,0.020947,172.31.46.0-255,66,262988,44,367668
25839,0.023265,74.125.200.0-255,5738,268726,44,367668
25840,0.02328,172.31.46.0-255,66,268792,44,367668
25841,0.025605,74.125.200.0-255,5738,274530,44,367668
25842,0.025623,172.31.46.0-255,66,274596,44,367668
25843,0.027925,74.125.200.0-255,5738,280334,44,367668
25844,0.027935,172.31.46.0-255,66,280400,44,367668
25845,0.030249,74.125.200.0-255,5738,286138,44,367668
25846,0.030264,172.31.46.0-255,66,286204,44,367668
25847,0.032577,74.125.200.0-255,5738,291942,44,367668
25848,0.032596,172.31.46.0-255,66,292008,44,367668
25849,0.034929,74.125.200.0-255,5738,297746,44,367668
25850,0.034951,172.31.46.0-255,66,297812,44,367668
25851,0.037282,74.125.200.0-255,5738,303550,44,367668
25852,0.037304,172.31.46.0-255,66,303616,44,367668
25853,0.039881,74.125.200.0-255,5738,309354,44,367668
25854,0.039898,172.31.46.0-255,66,309420,44,367668
25855,0.041114,172.31.46.0-255,172,309592,44,367668
25856,0.041147,172.31.46.0-255,1115,310707,44,367668
25857,0.041226,172.31.46.0-255,1514,312221,44,367668
25858,0.041228,172.31.46.0-255,1514,313735,44,367668
25859,0.041229,172.31.46.0-255,1514,315249,44,367668
25860,0.04123,172.31.46.0-255,1514,316763,44,367668
25861,0.041257,172.31.46.0-255,1514,318277,44,367668
25862,0.041258,172.31.46.0-255,69,318346,44,367668
25863,0.042206,74.125.200.0-255,5738,324084,44,367668
25864,0.042218,172.31.46.0-255,66,324150,44,367668
25865,0.042636,104.244.42.0-255,66,324216,44,367668
25866,0.042739,104.244.42.0-255,66,324282,44,367668
25867,0.042783,104.244.42.0-255,66,324348,44,367668
25868,0.042887,104.244.42.0-255,66,324414,44,367668
25869,0.043369,104.244.42.0-255,108,324522,44,367668
25870,0.043384,172.31.46.0-255,66,324588,44,367668
25871,0.044526,74.125.200.0-255,5738,330326,44,367668
25872,0.044536,172.31.46.0-255,66,330392,44,367668
25873,0.04686,74.125.200.0-255,5738,336130,44,367668
25874,0.046876,172.31.46.0-255,66,336196,44,367668
25875,0.049186,74.125.200.0-255,5738,341934,44,367668
25876,0.049203,172.31.46.0-255,66,342000,44,367668
25877,0.051522,74.125.200.0-255,5738,347738,44,367668
25878,0.051542,172.31.46.0-255,66,347804,44,367668
25879,0.053865,74.125.200.0-255,5738,353542,44,367668
25880,0.053881,172.31.46.0-255,66,353608,44,367668
25881,0.056202,74.125.200.0-255,5738,359346,44,367668
25882,0.05622,172.31.46.0-255,66,359412,44,367668
25883,0.058543,74.125.200.0-255,5738,365150,44,367668
25884,0.058563,172.31.46.0-255,66,365216,44,367668
25885,0.060883,74.125.200.0-255,2215,367431,44,367668
25886,0.060901,172.31.46.0-255,66,367497,44,367668
25887,0.061181,172.31.46.0-255,105,367602,44,367668
25888,0.063497,74.125.200.0-255,66,367668,44,367668
25889,0.0,74.125.68.0-255,146,146,44,347263
25890,1.4e-05,172.31.46.0-255,66,212,44,347263
25891,2.1e-05,74.125.68.0-255,1484,1696,44,347263
25892,2.6e-05,172.31.46.0-255,66,1762,44,347263
25893,3.8e-05,74.125.68.0-255,2902,4664,44,347263
25894,4.2e-05,172.31.46.0-255,66,4730,44,347263
25895,6.2e-05,74.125.68.0-255,4320,9050,44,347263
25896,6.4e-05,172.31.46.0-255,66,9116,44,347263
25897,9.5e-05,74.125.68.0-255,2902,12018,44,347263
25898,9.8e-05,172.31.46.0-255,66,12084,44,347263
25899,0.000103,74.125.68.0-255,2043,14127,44,347263
25900,0.000105,172.31.46.0-255,66,14193,44,347263
25901,0.000111,74.125.68.0-255,5738,19931,44,347263
25902,0.000114,172.31.46.0-255,66,19997,44,347263
25903,0.00015,74.125.68.0-255,5738,25735,44,347263
25904,0.000153,172.31.46.0-255,66,25801,44,347263
25905,0.000158,74.125.68.0-255,4320,30121,44,347263
25906,0.000161,172.31.46.0-255,66,30187,44,347263
25907,0.000165,74.125.68.0-255,1125,31312,44,347263
25908,0.000167,172.31.46.0-255,66,31378,44,347263
25909,0.000619,74.125.68.0-255,1484,32862,44,347263
25910,0.000626,172.31.46.0-255,66,32928,44,347263
25911,0.00063,74.125.68.0-255,1484,34412,44,347263
25912,0.000632,172.31.46.0-255,66,34478,44,347263
25913,0.000637,74.125.68.0-255,2902,37380,44,347263
25914,0.000645,172.31.46.0-255,66,37446,44,347263
25915,0.000651,74.125.68.0-255,4320,41766,44,347263
25916,0.000654,172.31.46.0-255,66,41832,44,347263
25917,0.000679,74.125.68.0-255,1484,43316,44,347263
25918,0.000682,172.31.46.0-255,66,43382,44,347263
25919,0.000689,74.125.68.0-255,5379,48761,44,347263
25920,0.000691,172.31.46.0-255,66,48827,44,347263
25921,0.000714,74.125.68.0-255,5738,54565,44,347263
25922,0.00072,172.31.46.0-255,66,54631,44,347263
25923,0.000739,74.125.68.0-255,2902,57533,44,347263
25924,0.000741,172.31.46.0-255,66,57599,44,347263
25925,0.000747,74.125.68.0-255,4320,61919,44,347263
25926,0.000749,172.31.46.0-255,66,61985,44,347263
25927,0.000769,74.125.68.0-255,1484,63469,44,347263
25928,0.000771,172.31.46.0-255,66,63535,44,347263
25929,0.000795,74.125.68.0-255,2543,66078,44,347263
25930,0.000797,172.31.46.0-255,66,66144,44,347263
25931,0.001416,74.125.68.0-255,1484,67628,44,347263
25932,0.001422,172.31.46.0-255,66,67694,44,347263
25933,0.001432,74.125.68.0-255,2902,70596,44,347263
25934,0.001434,172.31.46.0-255,66,70662,44,347263
25935,0.001443,74.125.68.0-255,1484,72146,44,347263
25936,0.001445,172.31.46.0-255,66,72212,44,347263
25937,0.00145,74.125.68.0-255,2902,75114,44,347263
25938,0.001452,172.31.46.0-255,66,75180,44,347263
25939,0.001487,74.125.68.0-255,5738,80918,44,347263
25940,0.00149,172.31.46.0-255,66,80984,44,347263
25941,0.001497,74.125.68.0-255,5738,86722,44,347263
25942,0.001499,172.31.46.0-255,66,86788,44,347263
25943,0.001506,74.125.68.0-255,5738,92526,44,347263
25944,0.001508,172.31.46.0-255,66,92592,44,347263
25945,0.001531,74.125.68.0-255,1484,94076,44,347263
25946,0.001533,172.31.46.0-255,66,94142,44,347263
25947,0.001542,74.125.68.0-255,6438,100580,44,347263
25948,0.001545,172.31.46.0-255,66,100646,44,347263
25949,0.001934,74.125.68.0-255,645,101291,44,347263
25950,0.001941,172.31.46.0-255,66,101357,44,347263
25951,0.001969,74.125.68.0-255,1484,102841,44,347263
25952,0.001972,172.31.46.0-255,66,102907,44,347263
25953,0.001993,74.125.68.0-255,4320,107227,44,347263
25954,0.001995,172.31.46.0-255,66,107293,44,347263
25955,0.002,74.125.68.0-255,2902,110195,44,347263
25956,0.002002,172.31.46.0-255,66,110261,44,347263
25957,0.002055,172.31.46.0-255,66,110327,44,347263
25958,0.002069,172.31.46.0-255,66,110393,44,347263
25959,0.002116,74.125.68.0-255,5020,115413,44,347263
25960,0.002119,172.31.46.0-255,66,115479,44,347263
25961,0.002203,74.125.68.0-255,1484,116963,44,347263
25962,0.002207,172.31.46.0-255,66,117029,44,347263
25963,0.002212,74.125.68.0-255,2902,119931,44,347263
25964,0.002243,74.125.68.0-255,5738,125669,44,347263
25965,0.002246,74.125.68.0-255,1484,127153,44,347263
25966,0.002271,74.125.68.0-255,2902,130055,44,347263
25967,0.002277,74.125.68.0-255,5738,135793,44,347263
25968,0.002297,74.125.68.0-255,2902,138695,44,347263
25969,0.002325,74.125.68.0-255,7156,145851,44,347263
25970,0.002363,74.125.68.0-255,2184,148035,44,347263
25971,0.002369,74.125.68.0-255,4320,152355,44,347263
25972,0.002403,74.125.68.0-255,5738,158093,44,347263
25973,0.002438,74.125.68.0-255,5020,163113,44,347263
25974,0.002475,74.125.68.0-255,5738,168851,44,347263
25975,0.002509,74.125.68.0-255,7156,176007,44,347263
25976,0.002514,74.125.68.0-255,2902,178909,44,347263
25977,0.002533,74.125.68.0-255,4320,183229,44,347263
25978,0.002536,74.125.68.0-255,1484,184713,44,347263
25979,0.002539,74.125.68.0-255,1484,186197,44,347263
25980,0.002563,74.125.68.0-255,4320,190517,44,347263
25981,0.002567,74.125.68.0-255,2902,193419,44,347263
25982,0.00257,74.125.68.0-255,1484,194903,44,347263
25983,0.002605,74.125.68.0-255,2184,197087,44,347263
25984,0.002618,74.125.68.0-255,1484,198571,44,347263
25985,0.002635,74.125.68.0-255,1484,200055,44,347263
25986,0.002646,74.125.68.0-255,1484,201539,44,347263
25987,0.002662,74.125.68.0-255,5738,207277,44,347263
25988,0.002665,74.125.68.0-255,1484,208761,44,347263
25989,0.002678,74.125.68.0-255,1484,210245,44,347263
25990,0.002709,74.125.68.0-255,2902,213147,44,347263
25991,0.002727,74.125.68.0-255,2902,216049,44,347263
25992,0.002733,74.125.68.0-255,4320,220369,44,347263
25993,0.002756,74.125.68.0-255,5738,226107,44,347263
25994,0.002778,74.125.68.0-255,2902,229009,44,347263
25995,0.002782,74.125.68.0-255,2184,231193,44,347263
25996,0.002829,74.125.68.0-255,1484,232677,44,347263
25997,0.002846,74.125.68.0-255,2902,235579,44,347263
25998,0.00287,74.125.68.0-255,2902,238481,44,347263
25999,0.002873,74.125.68.0-255,1484,239965,44,347263
26000,0.002893,74.125.68.0-255,2902,242867,44,347263
26001,0.002906,74.125.68.0-255,4320,247187,44,347263
26002,0.002929,74.125.68.0-255,4320,251507,44,347263
26003,0.002934,74.125.68.0-255,4320,255827,44,347263
26004,0.002972,74.125.68.0-255,1484,257311,44,347263
26005,0.002987,74.125.68.0-255,4320,261631,44,347263
26006,0.002992,74.125.68.0-255,3602,265233,44,347263
26007,0.002995,74.125.68.0-255,1484,266717,44,347263
26008,0.003013,74.125.68.0-255,2902,269619,44,347263
26009,0.003027,74.125.68.0-255,5738,275357,44,347263
26010,0.003043,74.125.68.0-255,1484,276841,44,347263
26011,0.00306,74.125.68.0-255,5738,282579,44,347263
26012,0.003081,74.125.68.0-255,2902,285481,44,347263
26013,0.003088,74.125.68.0-255,7156,292637,44,347263
26014,0.003128,74.125.68.0-255,4320,296957,44,347263
26015,0.003143,74.125.68.0-255,2184,299141,44,347263
26016,0.003146,74.125.68.0-255,1484,300625,44,347263
26017,0.003174,74.125.68.0-255,1484,302109,44,347263
26018,0.003192,74.125.68.0-255,2902,305011,44,347263
26019,0.003198,74.125.68.0-255,5738,310749,44,347263
26020,0.003247,74.125.68.0-255,1484,312233,44,347263
26021,0.003261,74.125.68.0-255,5738,317971,44,347263
26022,0.003288,74.125.68.0-255,4320,322291,44,347263
26023,0.00329,74.125.68.0-255,766,323057,44,347263
26024,0.003294,74.125.68.0-255,1484,324541,44,347263
26025,0.003299,74.125.68.0-255,4320,328861,44,347263
26026,0.003302,74.125.68.0-255,1484,330345,44,347263
26027,0.003317,74.125.68.0-255,1484,331829,44,347263
26028,0.003351,74.125.68.0-255,4320,336149,44,347263
26029,0.003387,74.125.68.0-255,1484,337633,44,347263
26030,0.00342,74.125.68.0-255,97,337730,44,347263
26031,0.003458,74.125.68.0-255,105,337835,44,347263
26032,0.004743,172.31.46.0-255,66,337901,44,347263
26033,0.007427,172.31.46.0-255,105,338006,44,347263
26034,0.009919,74.125.68.0-255,66,338072,44,347263
26035,0.041301,172.31.46.0-255,172,338244,44,347263
26036,0.041337,172.31.46.0-255,1114,339358,44,347263
26037,0.041427,172.31.46.0-255,1514,340872,44,347263
26038,0.041429,172.31.46.0-255,1514,342386,44,347263
26039,0.041435,172.31.46.0-255,1514,343900,44,347263
26040,0.041436,172.31.46.0-255,1514,345414,44,347263
26041,0.041461,172.31.46.0-255,1514,346928,44,347263
26042,0.041462,172.31.46.0-255,71,346999,44,347263
26043,0.042833,104.244.42.0-255,66,347065,44,347263
26044,0.042893,104.244.42.0-255,66,347131,44,347263
26045,0.043019,104.244.42.0-255,66,347197,44,347263
26046,0.043026,104.244.42.0-255,66,347263,44,347263
26047,0.0,172.31.46.0-255,105,105,44,276
26048,0.001521,157.240.7.0-255,105,210,44,276
26049,0.001532,172.31.46.0-255,66,276,44,276
26050,0.0,172.217.194.0-255,153,153,44,213013
26051,2.4e-05,172.31.46.0-255,66,219,44,213013
26052,3.2e-05,172.217.194.0-255,1484,1703,44,213013
26053,3.7e-05,172.31.46.0-255,66,1769,44,213013
26054,5.1e-05,172.217.194.0-255,2902,4671,44,213013
26055,5.4e-05,172.31.46.0-255,66,4737,44,213013
26056,6.2e-05,172.217.194.0-255,7156,11893,44,213013
26057,6.5e-05,172.31.46.0-255,66,11959,44,213013
26058,0.000126,172.31.46.0-255,66,12025,44,213013
26059,0.000133,172.217.194.0-255,5738,17763,44,213013
26060,0.000136,172.31.46.0-255,66,17829,44,213013
26061,0.000162,172.217.194.0-255,1125,18954,44,213013
26062,0.000166,172.31.46.0-255,66,19020,44,213013
26063,0.00019,172.217.194.0-255,1484,20504,44,213013
26064,0.000193,172.31.46.0-255,66,20570,44,213013
26065,0.000211,172.217.194.0-255,2902,23472,44,213013
26066,0.000214,172.31.46.0-255,66,23538,44,213013
26067,0.00022,172.217.194.0-255,5738,29276,44,213013
26068,0.000222,172.31.46.0-255,66,29342,44,213013
26069,0.000225,172.217.194.0-255,1484,30826,44,213013
26070,0.000227,172.31.46.0-255,66,30892,44,213013
26071,0.000297,172.31.46.0-255,66,30958,44,213013
26072,0.000302,172.217.194.0-255,2902,33860,44,213013
26073,0.000304,172.31.46.0-255,66,33926,44,213013
26074,0.000334,172.217.194.0-255,4320,38246,44,213013
26075,0.000337,172.31.46.0-255,66,38312,44,213013
26076,0.000357,172.217.194.0-255,5634,43946,44,213013
26077,0.00036,172.31.46.0-255,66,44012,44,213013
26078,0.000362,172.217.194.0-255,433,44445,44,213013
26079,0.000364,172.31.46.0-255,66,44511,44,213013
26080,0.000603,172.217.194.0-255,1484,45995,44,213013
26081,0.00061,172.217.194.0-255,2902,48897,44,213013
26082,0.000627,172.217.194.0-255,4320,53217,44,213013
26083,0.000637,172.217.194.0-255,1484,54701,44,213013
26084,0.000642,172.217.194.0-255,4320,59021,44,213013
26085,0.000646,172.31.46.0-255,66,59087,44,213013
26086,0.000658,172.31.46.0-255,66,59153,44,213013
26087,0.000734,172.31.46.0-255,66,59219,44,213013
26088,0.000784,172.217.194.0-255,1484,60703,44,213013
26089,0.000799,172.217.194.0-255,2902,63605,44,213013
26090,0.000809,172.217.194.0-255,1484,65089,44,213013
26091,0.000825,172.31.46.0-255,66,65155,44,213013
26092,0.000832,172.217.194.0-255,4320,69475,44,213013
26093,0.000838,172.217.194.0-255,4320,73795,44,213013
26094,0.000849,172.31.46.0-255,66,73861,44,213013
26095,0.000895,172.217.194.0-255,2184,76045,44,213013
26096,0.000903,172.31.46.0-255,66,76111,44,213013
26097,0.001068,172.217.194.0-255,1484,77595,44,213013
26098,0.001073,172.217.194.0-255,2902,80497,44,213013
26099,0.001087,172.217.194.0-255,5738,86235,44,213013
26100,0.001101,172.31.46.0-255,66,86301,44,213013
26101,0.001125,172.31.46.0-255,66,86367,44,213013
26102,0.001157,172.217.194.0-255,4320,90687,44,213013
26103,0.001179,172.31.46.0-255,66,90753,44,213013
26104,0.001205,172.31.46.0-255,66,90819,44,213013
26105,0.001343,172.217.194.0-255,1484,92303,44,213013
26106,0.001347,172.217.194.0-255,1484,93787,44,213013
26107,0.001362,172.31.46.0-255,66,93853,44,213013
26108,0.001366,172.217.194.0-255,1484,95337,44,213013
26109,0.00137,172.217.194.0-255,2902,98239,44,213013
26110,0.001388,172.31.46.0-255,66,98305,44,213013
26111,0.001393,172.217.194.0-255,2902,101207,44,213013
26112,0.001453,172.31.46.0-255,66,101273,44,213013
26113,0.001637,172.217.194.0-255,1484,102757,44,213013
26114,0.001643,172.217.194.0-255,2902,105659,44,213013
26115,0.00166,172.217.194.0-255,5738,111397,44,213013
26116,0.001683,172.31.46.0-255,66,111463,44,213013
26117,0.001716,172.217.194.0-255,5738,117201,44,213013
26118,0.001729,172.217.194.0-255,1484,118685,44,213013
26119,0.001768,172.217.194.0-255,7156,125841,44,213013
26120,0.001776,172.31.46.0-255,66,125907,44,213013
26121,0.001787,172.217.194.0-255,1484,127391,44,213013
26122,0.001809,172.31.46.0-255,66,127457,44,213013
26123,0.001867,172.217.194.0-255,1484,128941,44,213013
26124,0.001871,172.217.194.0-255,2902,131843,44,213013
26125,0.001893,172.217.194.0-255,2902,134745,44,213013
26126,0.001902,172.31.46.0-255,66,134811,44,213013
26127,0.001911,172.217.194.0-255,2902,137713,44,213013
26128,0.001915,172.217.194.0-255,5738,143451,44,213013
26129,0.00192,172.31.46.0-255,66,143517,44,213013
26130,0.001943,172.217.194.0-255,7156,150673,44,213013
26131,0.001946,172.217.194.0-255,1484,152157,44,213013
26132,0.001975,172.31.46.0-255,66,152223,44,213013
26133,0.001989,172.31.46.0-255,66,152289,44,213013
26134,0.002027,172.217.194.0-255,1484,153773,44,213013
26135,0.00203,172.217.194.0-255,1484,155257,44,213013
26136,0.002039,172.217.194.0-255,1484,156741,44,213013
26137,0.002054,172.217.194.0-255,5738,162479,44,213013
26138,0.002066,172.31.46.0-255,66,162545,44,213013
26139,0.002071,172.217.194.0-255,5738,168283,44,213013
26140,0.002076,172.31.46.0-255,66,168349,44,213013
26141,0.002101,172.217.194.0-255,7156,175505,44,213013
26142,0.002123,172.31.46.0-255,66,175571,44,213013
26143,0.002141,172.217.194.0-255,5020,180591,44,213013
26144,0.002147,172.217.194.0-255,5738,186329,44,213013
26145,0.002177,172.31.46.0-255,66,186395,44,213013
26146,0.002181,172.31.46.0-255,66,186461,44,213013
26147,0.002202,172.217.194.0-255,4320,190781,44,213013
26148,0.00222,172.31.46.0-255,66,190847,44,213013
26149,0.002259,172.217.194.0-255,7156,198003,44,213013
26150,0.002282,172.31.46.0-255,66,198069,44,213013
26151,0.002294,172.31.46.0-255,66,198135,44,213013
26152,0.002341,172.31.46.0-255,66,198201,44,213013
26153,0.002368,172.217.194.0-255,5104,203305,44,213013
26154,0.002385,172.217.194.0-255,105,203410,44,213013
26155,0.00239,172.31.46.0-255,66,203476,44,213013
26156,0.004309,172.31.46.0-255,105,203581,44,213013
26157,0.006913,172.217.194.0-255,66,203647,44,213013
26158,0.032152,172.31.46.0-255,172,203819,44,213013
26159,0.032185,172.31.46.0-255,1109,204928,44,213013
26160,0.032242,172.31.46.0-255,1514,206442,44,213013
26161,0.032243,172.31.46.0-255,1514,207956,44,213013
26162,0.032245,172.31.46.0-255,1514,209470,44,213013
26163,0.032249,172.31.46.0-255,1514,210984,44,213013
26164,0.032251,172.31.46.0-255,1514,212498,44,213013
26165,0.032252,172.31.46.0-255,77,212575,44,213013
26166,0.033686,104.244.42.0-255,66,212641,44,213013
26167,0.033736,104.244.42.0-255,66,212707,44,213013
26168,0.033843,104.244.42.0-255,66,212773,44,213013
26169,0.033882,104.244.42.0-255,66,212839,44,213013
26170,0.034493,104.244.42.0-255,108,212947,44,213013
26171,0.034501,172.31.46.0-255,66,213013,44,213013
26172,0.0,172.217.194.0-255,146,146,44,133929
26173,2.1e-05,172.31.46.0-255,66,212,44,133929
26174,2.8e-05,172.217.194.0-255,1484,1696,44,133929
26175,3.2e-05,172.31.46.0-255,66,1762,44,133929
26176,4.4e-05,172.217.194.0-255,2902,4664,44,133929
26177,4.8e-05,172.31.46.0-255,66,4730,44,133929
26178,5.5e-05,172.217.194.0-255,7156,11886,44,133929
26179,5.9e-05,172.31.46.0-255,66,11952,44,133929
26180,0.000109,172.31.46.0-255,66,12018,44,133929
26181,0.000113,172.217.194.0-255,2543,14561,44,133929
26182,0.000116,172.31.46.0-255,66,14627,44,133929
26183,0.00071,172.217.194.0-255,1484,16111,44,133929
26184,0.000716,172.31.46.0-255,66,16177,44,133929
26185,0.000725,172.217.194.0-255,2902,19079,44,133929
26186,0.000727,172.31.46.0-255,66,19145,44,133929
26187,0.00074,172.217.194.0-255,5738,24883,44,133929
26188,0.000742,172.31.46.0-255,66,24949,44,133929
26189,0.000748,172.217.194.0-255,4320,29269,44,133929
26190,0.00075,172.31.46.0-255,66,29335,44,133929
26191,0.000799,172.31.46.0-255,66,29401,44,133929
26192,0.000811,172.31.46.0-255,66,29467,44,133929
26193,0.000814,172.217.194.0-255,646,30113,44,133929
26194,0.000816,172.31.46.0-255,66,30179,44,133929
26195,0.000841,172.217.194.0-255,1484,31663,44,133929
26196,0.000843,172.31.46.0-255,66,31729,44,133929
26197,0.000849,172.217.194.0-255,4320,36049,44,133929
26198,0.000851,172.31.46.0-255,66,36115,44,133929
26199,0.000899,172.31.46.0-255,66,36181,44,133929
26200,0.000902,172.217.194.0-255,1125,37306,44,133929
26201,0.000934,172.31.46.0-255,66,37372,44,133929
26202,0.00094,172.217.194.0-255,3961,41333,44,133929
26203,0.000942,172.31.46.0-255,66,41399,44,133929
26204,0.000981,172.217.194.0-255,1484,42883,44,133929
26205,0.000987,172.217.194.0-255,2902,45785,44,133929
26206,0.00099,172.31.46.0-255,66,45851,44,133929
26207,0.000995,172.217.194.0-255,2902,48753,44,133929
26208,0.000997,172.31.46.0-255,66,48819,44,133929
26209,0.001023,172.217.194.0-255,2902,51721,44,133929
26210,0.001025,172.31.46.0-255,66,51787,44,133929
26211,0.001044,172.31.46.0-255,66,51853,44,133929
26212,0.001057,172.31.46.0-255,66,51919,44,133929
26213,0.001087,172.217.194.0-255,5738,57657,44,133929
26214,0.001094,172.31.46.0-255,66,57723,44,133929
26215,0.00112,172.217.194.0-255,1484,59207,44,133929
26216,0.001132,172.31.46.0-255,66,59273,44,133929
26217,0.001146,172.31.46.0-255,66,59339,44,133929
26218,0.001181,172.217.194.0-255,4320,63659,44,133929
26219,0.001184,172.31.46.0-255,66,63725,44,133929
26220,0.001187,172.217.194.0-255,766,64491,44,133929
26221,0.001373,172.217.194.0-255,1484,65975,44,133929
26222,0.001378,172.31.46.0-255,66,66041,44,133929
26223,0.001386,172.217.194.0-255,2902,68943,44,133929
26224,0.001389,172.31.46.0-255,66,69009,44,133929
26225,0.0014,172.217.194.0-255,5738,74747,44,133929
26226,0.001402,172.31.46.0-255,66,74813,44,133929
26227,0.001418,172.217.194.0-255,5738,80551,44,133929
26228,0.001421,172.31.46.0-255,66,80617,44,133929
26229,0.001452,172.217.194.0-255,7156,87773,44,133929
26230,0.001456,172.31.46.0-255,66,87839,44,133929
26231,0.001469,172.31.46.0-255,66,87905,44,133929
26232,0.001552,172.217.194.0-255,1484,89389,44,133929
26233,0.001558,172.217.194.0-255,2902,92291,44,133929
26234,0.001561,172.31.46.0-255,66,92357,44,133929
26235,0.001591,172.217.194.0-255,5738,98095,44,133929
26236,0.001594,172.31.46.0-255,66,98161,44,133929
26237,0.001644,172.31.46.0-255,66,98227,44,133929
26238,0.00167,172.217.194.0-255,1484,99711,44,133929
26239,0.001683,172.31.46.0-255,66,99777,44,133929
26240,0.001687,172.217.194.0-255,2184,101961,44,133929
26241,0.00169,172.31.46.0-255,66,102027,44,133929
26242,0.001721,172.217.194.0-255,2902,104929,44,133929
26243,0.001724,172.31.46.0-255,66,104995,44,133929
26244,0.001729,172.217.194.0-255,4320,109315,44,133929
26245,0.001732,172.31.46.0-255,66,109381,44,133929
26246,0.001742,172.31.46.0-255,66,109447,44,133929
26247,0.001776,172.217.194.0-255,4320,113767,44,133929
26248,0.001778,172.31.46.0-255,66,113833,44,133929
26249,0.001809,172.31.46.0-255,66,113899,44,133929
26250,0.001826,172.31.46.0-255,66,113965,44,133929
26251,0.001838,172.31.46.0-255,66,114031,44,133929
26252,0.001885,172.217.194.0-255,7156,121187,44,133929
26253,0.001888,172.31.46.0-255,66,121253,44,133929
26254,0.001932,172.217.194.0-255,1484,122737,44,133929
26255,0.001974,172.217.194.0-255,1484,124221,44,133929
26256,0.002048,172.217.194.0-255,105,124326,44,133929
26257,0.003396,172.31.46.0-255,66,124392,44,133929
26258,0.006111,172.31.46.0-255,105,124497,44,133929
26259,0.008326,172.217.194.0-255,66,124563,44,133929
26260,0.039596,172.31.46.0-255,172,124735,44,133929
26261,0.039632,172.31.46.0-255,1114,125849,44,133929
26262,0.039699,172.31.46.0-255,1514,127363,44,133929
26263,0.039701,172.31.46.0-255,1514,128877,44,133929
26264,0.039705,172.31.46.0-255,1514,130391,44,133929
26265,0.039707,172.31.46.0-255,1514,131905,44,133929
26266,0.039724,172.31.46.0-255,1514,133419,44,133929
26267,0.039725,172.31.46.0-255,72,133491,44,133929
26268,0.041085,104.244.42.0-255,66,133557,44,133929
26269,0.041122,104.244.42.0-255,66,133623,44,133929
26270,0.041227,104.244.42.0-255,66,133689,44,133929
26271,0.041233,104.244.42.0-255,66,133755,44,133929
26272,0.042035,104.244.42.0-255,108,133863,44,133929
26273,0.042045,172.31.46.0-255,66,133929,44,133929
26274,0.0,74.125.200.0-255,153,153,44,195373
26275,1.7e-05,172.31.46.0-255,66,219,44,195373
26276,2.4e-05,74.125.200.0-255,1484,1703,44,195373
26277,3e-05,172.31.46.0-255,66,1769,44,195373
26278,6.1e-05,74.125.200.0-255,2902,4671,44,195373
26279,6.8e-05,172.31.46.0-255,66,4737,44,195373
26280,7.4e-05,74.125.200.0-255,4320,9057,44,195373
26281,7.6e-05,172.31.46.0-255,66,9123,44,195373
26282,9.1e-05,74.125.200.0-255,1484,10607,44,195373
26283,9.4e-05,172.31.46.0-255,66,10673,44,195373
26284,0.000126,74.125.200.0-255,3548,14221,44,195373
26285,0.000128,172.31.46.0-255,66,14287,44,195373
26286,0.000132,74.125.200.0-255,1484,15771,44,195373
26287,0.000133,172.31.46.0-255,66,15837,44,195373
26288,0.000173,74.125.200.0-255,2902,18739,44,195373
26289,0.000176,172.31.46.0-255,66,18805,44,195373
26290,0.000183,74.125.200.0-255,5738,24543,44,195373
26291,0.000185,172.31.46.0-255,66,24609,44,195373
26292,0.000237,74.125.200.0-255,1484,26093,44,195373
26293,0.000239,172.31.46.0-255,66,26159,44,195373
26294,0.000271,74.125.200.0-255,5379,31538,44,195373
26295,0.000274,172.31.46.0-255,66,31604,44,195373
26296,0.000309,74.125.200.0-255,5738,37342,44,195373
26297,0.000312,172.31.46.0-255,66,37408,44,195373
26298,0.000329,74.125.200.0-255,2902,40310,44,195373
26299,0.000331,172.31.46.0-255,66,40376,44,195373
26300,0.00041,172.31.46.0-255,66,40442,44,195373
26301,0.00048,74.125.200.0-255,4320,44762,44,195373
26302,0.000484,172.31.46.0-255,66,44828,44,195373
26303,0.000515,74.125.200.0-255,4320,49148,44,195373
26304,0.000518,172.31.46.0-255,66,49214,44,195373
26305,0.000605,172.31.46.0-255,66,49280,44,195373
26306,0.000613,74.125.200.0-255,349,49629,44,195373
26307,0.000645,74.125.200.0-255,2902,52531,44,195373
26308,0.000662,172.31.46.0-255,66,52597,44,195373
26309,0.000691,74.125.200.0-255,5738,58335,44,195373
26310,0.000739,74.125.200.0-255,2902,61237,44,195373
26311,0.000867,74.125.200.0-255,7156,68393,44,195373
26312,0.000937,74.125.200.0-255,4830,73223,44,195373
26313,0.00096,172.31.46.0-255,66,73289,44,195373
26314,0.001035,74.125.200.0-255,1484,74773,44,195373
26315,0.001057,74.125.200.0-255,2902,77675,44,195373
26316,0.001064,172.31.46.0-255,66,77741,44,195373
26317,0.001084,74.125.200.0-255,4320,82061,44,195373
26318,0.001096,172.31.46.0-255,66,82127,44,195373
26319,0.001116,74.125.200.0-255,4320,86447,44,195373
26320,0.001131,74.125.200.0-255,1484,87931,44,195373
26321,0.001139,172.31.46.0-255,66,87997,44,195373
26322,0.001167,74.125.200.0-255,4320,92317,44,195373
26323,0.001174,172.31.46.0-255,66,92383,44,195373
26324,0.001192,74.125.200.0-255,2902,95285,44,195373
26325,0.001208,172.31.46.0-255,66,95351,44,195373
26326,0.00124,74.125.200.0-255,5738,101089,44,195373
26327,0.001263,74.125.200.0-255,6438,107527,44,195373
26328,0.001267,172.31.46.0-255,66,107593,44,195373
26329,0.001273,172.31.46.0-255,66,107659,44,195373
26330,0.001491,74.125.200.0-255,1484,109143,44,195373
26331,0.001495,74.125.200.0-255,1484,110627,44,195373
26332,0.001514,74.125.200.0-255,1484,112111,44,195373
26333,0.001521,74.125.200.0-255,4320,116431,44,195373
26334,0.001526,172.31.46.0-255,66,116497,44,195373
26335,0.001574,172.31.46.0-255,66,116563,44,195373
26336,0.00164,74.125.200.0-255,2902,119465,44,195373
26337,0.00165,74.125.200.0-255,1484,120949,44,195373
26338,0.001667,172.31.46.0-255,66,121015,44,195373
26339,0.001736,172.31.46.0-255,66,121081,44,195373
26340,0.001755,74.125.200.0-255,3602,124683,44,195373
26341,0.001767,172.31.46.0-255,66,124749,44,195373
26342,0.001811,74.125.200.0-255,5738,130487,44,195373
26343,0.001826,172.31.46.0-255,66,130553,44,195373
26344,0.001868,74.125.200.0-255,7156,137709,44,195373
26345,0.001875,172.31.46.0-255,66,137775,44,195373
26346,0.001931,74.125.200.0-255,1484,139259,44,195373
26347,0.001974,172.31.46.0-255,66,139325,44,195373
26348,0.002086,74.125.200.0-255,6438,145763,44,195373
26349,0.002096,172.31.46.0-255,66,145829,44,195373
26350,0.002141,74.125.200.0-255,2902,148731,44,195373
26351,0.002151,172.31.46.0-255,66,148797,44,195373
26352,0.002199,172.31.46.0-255,66,148863,44,195373
26353,0.00233,74.125.200.0-255,7156,156019,44,195373
26354,0.002334,172.31.46.0-255,66,156085,44,195373
26355,0.00239,172.31.46.0-255,66,156151,44,195373
26356,0.002476,74.125.200.0-255,7156,163307,44,195373
26357,0.00248,172.31.46.0-255,66,163373,44,195373
26358,0.002504,74.125.200.0-255,1484,164857,44,195373
26359,0.008092,172.31.46.0-255,66,164923,44,195373
26360,0.010659,74.125.200.0-255,5738,170661,44,195373
26361,0.010667,172.31.46.0-255,66,170727,44,195373
26362,0.013214,74.125.200.0-255,5738,176465,44,195373
26363,0.013224,172.31.46.0-255,66,176531,44,195373
26364,0.015788,74.125.200.0-255,5738,182269,44,195373
26365,0.015977,172.31.46.0-255,66,182335,44,195373
26366,0.018544,74.125.200.0-255,3437,185772,44,195373
26367,0.018563,172.31.46.0-255,66,185838,44,195373
26368,0.021011,172.31.46.0-255,105,185943,44,195373
26369,0.023534,74.125.200.0-255,66,186009,44,195373
26370,0.03634,172.31.46.0-255,172,186181,44,195373
26371,0.036379,172.31.46.0-255,1114,187295,44,195373
26372,0.036471,172.31.46.0-255,1514,188809,44,195373
26373,0.036473,172.31.46.0-255,1514,190323,44,195373
26374,0.036479,172.31.46.0-255,1514,191837,44,195373
26375,0.03648,172.31.46.0-255,1514,193351,44,195373
26376,0.036499,172.31.46.0-255,1514,194865,44,195373
26377,0.0365,172.31.46.0-255,70,194935,44,195373
26378,0.037898,104.244.42.0-255,66,195001,44,195373
26379,0.037935,104.244.42.0-255,66,195067,44,195373
26380,0.038057,104.244.42.0-255,66,195133,44,195373
26381,0.038064,104.244.42.0-255,66,195199,44,195373
26382,0.040913,104.244.42.0-255,108,195307,44,195373
26383,0.040925,172.31.46.0-255,66,195373,44,195373
26384,0.0,172.217.27.0-255,152,152,44,353407
26385,2.4e-05,172.31.46.0-255,66,218,44,353407
26386,3.1e-05,172.217.27.0-255,1484,1702,44,353407
26387,3.5e-05,172.31.46.0-255,66,1768,44,353407
26388,4e-05,172.217.27.0-255,2902,4670,44,353407
26389,4.3e-05,172.31.46.0-255,66,4736,44,353407
26390,5.8e-05,172.217.27.0-255,7156,11892,44,353407
26391,6.1e-05,172.31.46.0-255,66,11958,44,353407
26392,6.5e-05,172.217.27.0-255,2004,13962,44,353407
26393,6.8e-05,172.31.46.0-255,66,14028,44,353407
26394,0.000108,172.217.27.0-255,2902,16930,44,353407
26395,0.000111,172.31.46.0-255,66,16996,44,353407
26396,0.000117,172.217.27.0-255,4320,21316,44,353407
26397,0.000119,172.31.46.0-255,66,21382,44,353407
26398,0.00013,172.31.46.0-255,66,21448,44,353407
26399,0.00016,172.217.27.0-255,1125,22573,44,353407
26400,0.000162,172.31.46.0-255,66,22639,44,353407
26401,0.000339,172.217.27.0-255,1484,24123,44,353407
26402,0.000344,172.31.46.0-255,66,24189,44,353407
26403,0.00035,172.217.27.0-255,2902,27091,44,353407
26404,0.000352,172.31.46.0-255,66,27157,44,353407
26405,0.000363,172.217.27.0-255,5738,32895,44,353407
26406,0.000366,172.31.46.0-255,66,32961,44,353407
26407,0.000415,172.31.46.0-255,66,33027,44,353407
26408,0.000471,172.31.46.0-255,66,33093,44,353407
26409,0.000891,172.217.27.0-255,114,33207,44,353407
26410,0.000896,172.31.46.0-255,66,33273,44,353407
26411,0.00107,172.217.27.0-255,1484,34757,44,353407
26412,0.001075,172.31.46.0-255,66,34823,44,353407
26413,0.00108,172.217.27.0-255,2902,37725,44,353407
26414,0.001082,172.31.46.0-255,66,37791,44,353407
26415,0.001112,172.217.27.0-255,4320,42111,44,353407
26416,0.001115,172.31.46.0-255,66,42177,44,353407
26417,0.001126,172.31.46.0-255,66,42243,44,353407
26418,0.001172,172.31.46.0-255,66,42309,44,353407
26419,0.0012,172.217.27.0-255,2543,44852,44,353407
26420,0.001203,172.31.46.0-255,66,44918,44,353407
26421,0.002792,172.217.27.0-255,2902,47820,44,353407
26422,0.002799,172.31.46.0-255,66,47886,44,353407
26423,0.002847,172.217.27.0-255,2902,50788,44,353407
26424,0.002849,172.31.46.0-255,66,50854,44,353407
26425,0.004416,172.217.27.0-255,2902,53756,44,353407
26426,0.004418,172.31.46.0-255,66,53822,44,353407
26427,0.004453,172.217.27.0-255,2902,56724,44,353407
26428,0.004455,172.31.46.0-255,66,56790,44,353407
26429,0.006033,172.217.27.0-255,2902,59692,44,353407
26430,0.00604,172.31.46.0-255,66,59758,44,353407
26431,0.006076,172.217.27.0-255,2902,62660,44,353407
26432,0.006078,172.31.46.0-255,66,62726,44,353407
26433,0.007657,172.217.27.0-255,2902,65628,44,353407
26434,0.007662,172.31.46.0-255,66,65694,44,353407
26435,0.007687,172.217.27.0-255,2902,68596,44,353407
26436,0.007689,172.31.46.0-255,66,68662,44,353407
26437,0.009282,172.217.27.0-255,2902,71564,44,353407
26438,0.009288,172.31.46.0-255,66,71630,44,353407
26439,0.009319,172.217.27.0-255,2902,74532,44,353407
26440,0.009322,172.31.46.0-255,66,74598,44,353407
26441,0.010905,172.217.27.0-255,2902,77500,44,353407
26442,0.010912,172.31.46.0-255,66,77566,44,353407
26443,0.010938,172.217.27.0-255,2902,80468,44,353407
26444,0.010942,172.31.46.0-255,66,80534,44,353407
26445,0.012533,172.217.27.0-255,2902,83436,44,353407
26446,0.012541,172.31.46.0-255,66,83502,44,353407
26447,0.012569,172.217.27.0-255,2902,86404,44,353407
26448,0.012572,172.31.46.0-255,66,86470,44,353407
26449,0.014165,172.217.27.0-255,2902,89372,44,353407
26450,0.014173,172.31.46.0-255,66,89438,44,353407
26451,0.014209,172.217.27.0-255,2902,92340,44,353407
26452,0.014211,172.31.46.0-255,66,92406,44,353407
26453,0.015795,172.217.27.0-255,2902,95308,44,353407
26454,0.015803,172.31.46.0-255,66,95374,44,353407
26455,0.015836,172.217.27.0-255,2902,98276,44,353407
26456,0.015839,172.31.46.0-255,66,98342,44,353407
26457,0.017427,172.217.27.0-255,2902,101244,44,353407
26458,0.017434,172.31.46.0-255,66,101310,44,353407
26459,0.017465,172.217.27.0-255,2902,104212,44,353407
26460,0.017468,172.31.46.0-255,66,104278,44,353407
26461,0.019053,172.217.27.0-255,2902,107180,44,353407
26462,0.019061,172.31.46.0-255,66,107246,44,353407
26463,0.019089,172.217.27.0-255,2902,110148,44,353407
26464,0.019092,172.31.46.0-255,66,110214,44,353407
26465,0.020707,172.217.27.0-255,5738,115952,44,353407
26466,0.020716,172.31.46.0-255,66,116018,44,353407
26467,0.022339,172.217.27.0-255,5738,121756,44,353407
26468,0.022346,172.31.46.0-255,66,121822,44,353407
26469,0.023969,172.217.27.0-255,5738,127560,44,353407
26470,0.023977,172.31.46.0-255,66,127626,44,353407
26471,0.025607,172.217.27.0-255,5738,133364,44,353407
26472,0.025614,172.31.46.0-255,66,133430,44,353407
26473,0.027242,172.217.27.0-255,5738,139168,44,353407
26474,0.02725,172.31.46.0-255,66,139234,44,353407
26475,0.028871,172.217.27.0-255,5738,144972,44,353407
26476,0.02888,172.31.46.0-255,66,145038,44,353407
26477,0.030507,172.217.27.0-255,5738,150776,44,353407
26478,0.030515,172.31.46.0-255,66,150842,44,353407
26479,0.032149,172.217.27.0-255,5738,156580,44,353407
26480,0.032157,172.31.46.0-255,66,156646,44,353407
26481,0.03379,172.217.27.0-255,5738,162384,44,353407
26482,0.033798,172.31.46.0-255,66,162450,44,353407
26483,0.035422,172.217.27.0-255,5738,168188,44,353407
26484,0.03543,172.31.46.0-255,66,168254,44,353407
26485,0.037053,172.217.27.0-255,5738,173992,44,353407
26486,0.037061,172.31.46.0-255,66,174058,44,353407
26487,0.038688,172.217.27.0-255,5738,179796,44,353407
26488,0.038695,172.31.46.0-255,66,179862,44,353407
26489,0.040318,172.217.27.0-255,5738,185600,44,353407
26490,0.040326,172.31.46.0-255,66,185666,44,353407
26491,0.041458,172.31.46.0-255,172,185838,44,353407
26492,0.041488,172.31.46.0-255,1114,186952,44,353407
26493,0.041564,172.31.46.0-255,1514,188466,44,353407
26494,0.041566,172.31.46.0-255,1514,189980,44,353407
26495,0.04157,172.31.46.0-255,1514,191494,44,353407
26496,0.041571,172.31.46.0-255,1514,193008,44,353407
26497,0.041592,172.31.46.0-255,1514,194522,44,353407
26498,0.041593,172.31.46.0-255,71,194593,44,353407
26499,0.041955,172.217.27.0-255,5738,200331,44,353407
26500,0.041962,172.31.46.0-255,66,200397,44,353407
26501,0.043007,104.244.42.0-255,66,200463,44,353407
26502,0.043056,104.244.42.0-255,66,200529,44,353407
26503,0.043167,104.244.42.0-255,66,200595,44,353407
26504,0.043173,104.244.42.0-255,66,200661,44,353407
26505,0.043587,172.217.27.0-255,5738,206399,44,353407
26506,0.043594,172.31.46.0-255,66,206465,44,353407
26507,0.043787,104.244.42.0-255,108,206573,44,353407
26508,0.043796,172.31.46.0-255,66,206639,44,353407
26509,0.045226,172.217.27.0-255,5738,212377,44,353407
26510,0.045232,172.31.46.0-255,66,212443,44,353407
26511,0.046858,172.217.27.0-255,5738,218181,44,353407
26512,0.046864,172.31.46.0-255,66,218247,44,353407
26513,0.048484,172.217.27.0-255,5738,223985,44,353407
26514,0.04849,172.31.46.0-255,66,224051,44,353407
26515,0.05012,172.217.27.0-255,5738,229789,44,353407
26516,0.050126,172.31.46.0-255,66,229855,44,353407
26517,0.051753,172.217.27.0-255,5738,235593,44,353407
26518,0.05176,172.31.46.0-255,66,235659,44,353407
26519,0.053394,172.217.27.0-255,5738,241397,44,353407
26520,0.053401,172.31.46.0-255,66,241463,44,353407
26521,0.055038,172.217.27.0-255,5738,247201,44,353407
26522,0.055044,172.31.46.0-255,66,247267,44,353407
26523,0.056703,172.217.27.0-255,5738,253005,44,353407
26524,0.056709,172.31.46.0-255,66,253071,44,353407
26525,0.058339,172.217.27.0-255,5738,258809,44,353407
26526,0.058346,172.31.46.0-255,66,258875,44,353407
26527,0.059971,172.217.27.0-255,5738,264613,44,353407
26528,0.059978,172.31.46.0-255,66,264679,44,353407
26529,0.061619,172.217.27.0-255,5738,270417,44,353407
26530,0.061626,172.31.46.0-255,66,270483,44,353407
26531,0.06326,172.217.27.0-255,5738,276221,44,353407
26532,0.063266,172.31.46.0-255,66,276287,44,353407
26533,0.064903,172.217.27.0-255,5738,282025,44,353407
26534,0.06491,172.31.46.0-255,66,282091,44,353407
26535,0.066556,172.217.27.0-255,5738,287829,44,353407
26536,0.066562,172.31.46.0-255,66,287895,44,353407
26537,0.068196,172.217.27.0-255,5738,293633,44,353407
26538,0.068203,172.31.46.0-255,66,293699,44,353407
26539,0.069838,172.217.27.0-255,5738,299437,44,353407
26540,0.069844,172.31.46.0-255,66,299503,44,353407
26541,0.07148,172.217.27.0-255,5738,305241,44,353407
26542,0.071486,172.31.46.0-255,66,305307,44,353407
26543,0.073121,172.217.27.0-255,5738,311045,44,353407
26544,0.073128,172.31.46.0-255,66,311111,44,353407
26545,0.074755,172.217.27.0-255,5738,316849,44,353407
26546,0.074761,172.31.46.0-255,66,316915,44,353407
26547,0.076396,172.217.27.0-255,5738,322653,44,353407
26548,0.076402,172.31.46.0-255,66,322719,44,353407
26549,0.078032,172.217.27.0-255,5738,328457,44,353407
26550,0.078038,172.31.46.0-255,66,328523,44,353407
26551,0.079662,172.217.27.0-255,5738,334261,44,353407
26552,0.079668,172.31.46.0-255,66,334327,44,353407
26553,0.08129,172.217.27.0-255,5738,340065,44,353407
26554,0.081297,172.31.46.0-255,66,340131,44,353407
26555,0.082922,172.217.27.0-255,5738,345869,44,353407
26556,0.082928,172.31.46.0-255,66,345935,44,353407
26557,0.084564,172.217.27.0-255,5738,351673,44,353407
26558,0.08457,172.31.46.0-255,66,351739,44,353407
26559,0.086188,172.217.27.0-255,1431,353170,44,353407
26560,0.086323,172.31.46.0-255,66,353236,44,353407
26561,0.08636,172.31.46.0-255,105,353341,44,353407
26562,0.087954,172.217.27.0-255,66,353407,44,353407
26563,0.0,74.125.68.0-255,146,146,44,380497
26564,2.3e-05,172.31.46.0-255,66,212,44,380497
26565,3e-05,74.125.68.0-255,1484,1696,44,380497
26566,3.5e-05,172.31.46.0-255,66,1762,44,380497
26567,4.1e-05,74.125.68.0-255,2902,4664,44,380497
26568,5.3e-05,172.31.46.0-255,66,4730,44,380497
26569,9.1e-05,74.125.68.0-255,5738,10468,44,380497
26570,9.5e-05,172.31.46.0-255,66,10534,44,380497
26571,0.000101,74.125.68.0-255,3328,13862,44,380497
26572,0.000103,172.31.46.0-255,66,13928,44,380497
26573,0.00022,74.125.68.0-255,1484,15412,44,380497
26574,0.000225,172.31.46.0-255,66,15478,44,380497
26575,0.000229,74.125.68.0-255,1484,16962,44,380497
26576,0.000231,172.31.46.0-255,66,17028,44,380497
26577,0.000253,74.125.68.0-255,1484,18512,44,380497
26578,0.000256,172.31.46.0-255,66,18578,44,380497
26579,0.000312,74.125.68.0-255,2902,21480,44,380497
26580,0.000315,172.31.46.0-255,66,21546,44,380497
26581,0.00034,74.125.68.0-255,2902,24448,44,380497
26582,0.000343,172.31.46.0-255,66,24514,44,380497
26583,0.00035,74.125.68.0-255,6797,31311,44,380497
26584,0.000353,172.31.46.0-255,66,31377,44,380497
26585,0.000355,74.125.68.0-255,1484,32861,44,380497
26586,0.000358,172.31.46.0-255,66,32927,44,380497
26587,0.000363,74.125.68.0-255,2902,35829,44,380497
26588,0.000366,172.31.46.0-255,66,35895,44,380497
26589,0.000372,74.125.68.0-255,4320,40215,44,380497
26590,0.000374,172.31.46.0-255,66,40281,44,380497
26591,0.000407,74.125.68.0-255,5738,46019,44,380497
26592,0.000411,172.31.46.0-255,66,46085,44,380497
26593,0.000416,74.125.68.0-255,2902,48987,44,380497
26594,0.000418,172.31.46.0-255,66,49053,44,380497
26595,0.000446,74.125.68.0-255,4320,53373,44,380497
26596,0.000449,172.31.46.0-255,66,53439,44,380497
26597,0.000491,74.125.68.0-255,4320,57759,44,380497
26598,0.000495,172.31.46.0-255,66,57825,44,380497
26599,0.000522,74.125.68.0-255,2902,60727,44,380497
26600,0.000525,172.31.46.0-255,66,60793,44,380497
26601,0.000531,74.125.68.0-255,5020,65813,44,380497
26602,0.000533,172.31.46.0-255,66,65879,44,380497
26603,0.00055,74.125.68.0-255,447,66326,44,380497
26604,0.000913,74.125.68.0-255,328,66654,44,380497
26605,0.00118,172.31.46.0-255,66,66720,44,380497
26606,0.00123,74.125.68.0-255,1484,68204,44,380497
26607,0.001277,74.125.68.0-255,2902,71106,44,380497
26608,0.00128,172.31.46.0-255,66,71172,44,380497
26609,0.001287,74.125.68.0-255,5738,76910,44,380497
26610,0.00129,172.31.46.0-255,66,76976,44,380497
26611,0.001301,74.125.68.0-255,5738,82714,44,380497
26612,0.001303,172.31.46.0-255,66,82780,44,380497
26613,0.00131,74.125.68.0-255,7156,89936,44,380497
26614,0.001312,172.31.46.0-255,66,90002,44,380497
26615,0.001356,172.31.46.0-255,66,90068,44,380497
26616,0.001806,74.125.68.0-255,1484,91552,44,380497
26617,0.001853,74.125.68.0-255,2902,94454,44,380497
26618,0.001858,172.31.46.0-255,66,94520,44,380497
26619,0.001865,74.125.68.0-255,5738,100258,44,380497
26620,0.001868,172.31.46.0-255,66,100324,44,380497
26621,0.001879,74.125.68.0-255,4320,104644,44,380497
26622,0.001881,172.31.46.0-255,66,104710,44,380497
26623,0.001896,74.125.68.0-255,2902,107612,44,380497
26624,0.001899,172.31.46.0-255,66,107678,44,380497
26625,0.001905,74.125.68.0-255,5738,113416,44,380497
26626,0.001907,172.31.46.0-255,66,113482,44,380497
26627,0.001919,74.125.68.0-255,7156,120638,44,380497
26628,0.001921,172.31.46.0-255,66,120704,44,380497
26629,0.00197,74.125.68.0-255,3602,124306,44,380497
26630,0.001974,172.31.46.0-255,66,124372,44,380497
26631,0.003918,74.125.68.0-255,1484,125856,44,380497
26632,0.003999,74.125.68.0-255,4320,130176,44,380497
26633,0.004005,172.31.46.0-255,66,130242,44,380497
26634,0.006033,74.125.68.0-255,5738,135980,44,380497
26635,0.006041,172.31.46.0-255,66,136046,44,380497
26636,0.008055,74.125.68.0-255,4320,140366,44,380497
26637,0.008061,172.31.46.0-255,66,140432,44,380497
26638,0.00809,74.125.68.0-255,1484,141916,44,380497
26639,0.010085,74.125.68.0-255,4320,146236,44,380497
26640,0.010095,172.31.46.0-255,66,146302,44,380497
26641,0.012134,74.125.68.0-255,5738,152040,44,380497
26642,0.012147,172.31.46.0-255,66,152106,44,380497
26643,0.01417,74.125.68.0-255,4320,156426,44,380497
26644,0.014182,172.31.46.0-255,66,156492,44,380497
26645,0.014211,74.125.68.0-255,1484,157976,44,380497
26646,0.016203,74.125.68.0-255,4320,162296,44,380497
26647,0.016216,172.31.46.0-255,66,162362,44,380497
26648,0.018245,74.125.68.0-255,5738,168100,44,380497
26649,0.018258,172.31.46.0-255,66,168166,44,380497
26650,0.020295,74.125.68.0-255,5738,173904,44,380497
26651,0.020306,172.31.46.0-255,66,173970,44,380497
26652,0.022337,74.125.68.0-255,5738,179708,44,380497
26653,0.022353,172.31.46.0-255,66,179774,44,380497
26654,0.024377,74.125.68.0-255,5738,185512,44,380497
26655,0.024395,172.31.46.0-255,66,185578,44,380497
26656,0.026419,74.125.68.0-255,5738,191316,44,380497
26657,0.026433,172.31.46.0-255,66,191382,44,380497
26658,0.0285,74.125.68.0-255,5738,197120,44,380497
26659,0.028514,172.31.46.0-255,66,197186,44,380497
26660,0.030554,74.125.68.0-255,5738,202924,44,380497
26661,0.030569,172.31.46.0-255,66,202990,44,380497
26662,0.032594,74.125.68.0-255,5738,208728,44,380497
26663,0.032611,172.31.46.0-255,66,208794,44,380497
26664,0.034633,74.125.68.0-255,5738,214532,44,380497
26665,0.034644,172.31.46.0-255,66,214598,44,380497
26666,0.036676,74.125.68.0-255,5738,220336,44,380497
26667,0.036692,172.31.46.0-255,66,220402,44,380497
26668,0.038708,74.125.68.0-255,5738,226140,44,380497
26669,0.038721,172.31.46.0-255,66,226206,44,380497
26670,0.040744,74.125.68.0-255,5738,231944,44,380497
26671,0.040759,172.31.46.0-255,66,232010,44,380497
26672,0.042794,74.125.68.0-255,5738,237748,44,380497
26673,0.042808,172.31.46.0-255,66,237814,44,380497
26674,0.044618,172.31.46.0-255,172,237986,44,380497
26675,0.04465,172.31.46.0-255,1109,239095,44,380497
26676,0.044724,172.31.46.0-255,1514,240609,44,380497
26677,0.044731,172.31.46.0-255,1514,242123,44,380497
26678,0.044732,172.31.46.0-255,1514,243637,44,380497
26679,0.044738,172.31.46.0-255,1514,245151,44,380497
26680,0.04474,172.31.46.0-255,1514,246665,44,380497
26681,0.044741,172.31.46.0-255,76,246741,44,380497
26682,0.044829,74.125.68.0-255,5738,252479,44,380497
26683,0.044836,172.31.46.0-255,66,252545,44,380497
26684,0.046153,104.244.42.0-255,66,252611,44,380497
26685,0.046204,104.244.42.0-255,66,252677,44,380497
26686,0.046291,104.244.42.0-255,66,252743,44,380497
26687,0.046296,104.244.42.0-255,66,252809,44,380497
26688,0.046861,74.125.68.0-255,5738,258547,44,380497
26689,0.046872,172.31.46.0-255,66,258613,44,380497
26690,0.048906,74.125.68.0-255,5738,264351,44,380497
26691,0.04892,172.31.46.0-255,66,264417,44,380497
26692,0.050953,74.125.68.0-255,5738,270155,44,380497
26693,0.050962,172.31.46.0-255,66,270221,44,380497
26694,0.052988,74.125.68.0-255,5738,275959,44,380497
26695,0.052995,172.31.46.0-255,66,276025,44,380497
26696,0.055013,74.125.68.0-255,5738,281763,44,380497
26697,0.055024,172.31.46.0-255,66,281829,44,380497
26698,0.057065,74.125.68.0-255,5738,287567,44,380497
26699,0.057072,172.31.46.0-255,66,287633,44,380497
26700,0.059096,74.125.68.0-255,5738,293371,44,380497
26701,0.059104,172.31.46.0-255,66,293437,44,380497
26702,0.061129,74.125.68.0-255,5738,299175,44,380497
26703,0.061135,172.31.46.0-255,66,299241,44,380497
26704,0.063163,74.125.68.0-255,5738,304979,44,380497
26705,0.063171,172.31.46.0-255,66,305045,44,380497
26706,0.065198,74.125.68.0-255,5738,310783,44,380497
26707,0.065204,172.31.46.0-255,66,310849,44,380497
26708,0.06722,74.125.68.0-255,5738,316587,44,380497
26709,0.067227,172.31.46.0-255,66,316653,44,380497
26710,0.069255,74.125.68.0-255,5738,322391,44,380497
26711,0.069262,172.31.46.0-255,66,322457,44,380497
26712,0.071264,74.125.68.0-255,5738,328195,44,380497
26713,0.071271,172.31.46.0-255,66,328261,44,380497
26714,0.073309,74.125.68.0-255,5738,333999,44,380497
26715,0.073316,172.31.46.0-255,66,334065,44,380497
26716,0.075343,74.125.68.0-255,5738,339803,44,380497
26717,0.07535,172.31.46.0-255,66,339869,44,380497
26718,0.077369,74.125.68.0-255,5738,345607,44,380497
26719,0.077376,172.31.46.0-255,66,345673,44,380497
26720,0.079415,74.125.68.0-255,5738,351411,44,380497
26721,0.079421,172.31.46.0-255,66,351477,44,380497
26722,0.081462,74.125.68.0-255,5738,357215,44,380497
26723,0.081468,172.31.46.0-255,66,357281,44,380497
26724,0.083514,74.125.68.0-255,5738,363019,44,380497
26725,0.08352,172.31.46.0-255,66,363085,44,380497
26726,0.085558,74.125.68.0-255,5738,368823,44,380497
26727,0.085564,172.31.46.0-255,66,368889,44,380497
26728,0.087605,74.125.68.0-255,5738,374627,44,380497
26729,0.087612,172.31.46.0-255,66,374693,44,380497
26730,0.089638,74.125.68.0-255,5738,380431,44,380497
26731,0.089645,172.31.46.0-255,66,380497,44,380497
26732,0.0,74.125.24.0-255,153,153,44,279270
26733,2.4e-05,172.31.46.0-255,66,219,44,279270
26734,3.2e-05,74.125.24.0-255,1484,1703,44,279270
26735,3.8e-05,172.31.46.0-255,66,1769,44,279270
26736,4.3e-05,74.125.24.0-255,2902,4671,44,279270
26737,4.7e-05,172.31.46.0-255,66,4737,44,279270
26738,5.3e-05,74.125.24.0-255,4320,9057,44,279270
26739,5.6e-05,172.31.46.0-255,66,9123,44,279270
26740,0.000125,74.125.24.0-255,4795,13918,44,279270
26741,0.000129,172.31.46.0-255,66,13984,44,279270
26742,0.000136,74.125.24.0-255,5738,19722,44,279270
26743,0.000138,172.31.46.0-255,66,19788,44,279270
26744,0.000146,74.125.24.0-255,7156,26944,44,279270
26745,0.000148,172.31.46.0-255,66,27010,44,279270
26746,0.000169,74.125.24.0-255,1484,28494,44,279270
26747,0.000171,172.31.46.0-255,66,28560,44,279270
26748,0.000176,74.125.24.0-255,2543,31103,44,279270
26749,0.000178,172.31.46.0-255,66,31169,44,279270
26750,0.000332,74.125.24.0-255,1484,32653,44,279270
26751,0.000337,172.31.46.0-255,66,32719,44,279270
26752,0.000343,74.125.24.0-255,2902,35621,44,279270
26753,0.000347,172.31.46.0-255,66,35687,44,279270
26754,0.000352,74.125.24.0-255,4320,40007,44,279270
26755,0.000355,172.31.46.0-255,66,40073,44,279270
26756,0.000369,74.125.24.0-255,1484,41557,44,279270
26757,0.000371,172.31.46.0-255,66,41623,44,279270
26758,0.000392,74.125.24.0-255,5738,47361,44,279270
26759,0.000395,172.31.46.0-255,66,47427,44,279270
26760,0.000415,74.125.24.0-255,1125,48552,44,279270
26761,0.000417,172.31.46.0-255,66,48618,44,279270
26762,0.000426,74.125.24.0-255,7156,55774,44,279270
26763,0.000428,172.31.46.0-255,66,55840,44,279270
26764,0.000431,74.125.24.0-255,1484,57324,44,279270
26765,0.000466,172.31.46.0-255,66,57390,44,279270
26766,0.000541,74.125.24.0-255,129,57519,44,279270
26767,0.000567,74.125.24.0-255,349,57868,44,279270
26768,0.000793,74.125.24.0-255,1484,59352,44,279270
26769,0.000798,172.31.46.0-255,66,59418,44,279270
26770,0.000804,74.125.24.0-255,2902,62320,44,279270
26771,0.000807,172.31.46.0-255,66,62386,44,279270
26772,0.000814,74.125.24.0-255,5738,68124,44,279270
26773,0.000816,172.31.46.0-255,66,68190,44,279270
26774,0.000841,74.125.24.0-255,7156,75346,44,279270
26775,0.000844,172.31.46.0-255,66,75412,44,279270
26776,0.000876,74.125.24.0-255,5738,81150,44,279270
26777,0.000879,172.31.46.0-255,66,81216,44,279270
26778,0.000905,172.31.46.0-255,66,81282,44,279270
26779,0.001111,74.125.24.0-255,1484,82766,44,279270
26780,0.001128,74.125.24.0-255,2902,85668,44,279270
26781,0.001133,172.31.46.0-255,66,85734,44,279270
26782,0.00116,74.125.24.0-255,2902,88636,44,279270
26783,0.001163,172.31.46.0-255,66,88702,44,279270
26784,0.001175,74.125.24.0-255,1484,90186,44,279270
26785,0.001188,74.125.24.0-255,1484,91670,44,279270
26786,0.001191,172.31.46.0-255,66,91736,44,279270
26787,0.001213,74.125.24.0-255,5738,97474,44,279270
26788,0.001225,172.31.46.0-255,66,97540,44,279270
26789,0.001238,74.125.24.0-255,7156,104696,44,279270
26790,0.001245,74.125.24.0-255,5738,110434,44,279270
26791,0.001266,74.125.24.0-255,5020,115454,44,279270
26792,0.00128,172.31.46.0-255,66,115520,44,279270
26793,0.001433,74.125.24.0-255,1484,117004,44,279270
26794,0.00144,74.125.24.0-255,2902,119906,44,279270
26795,0.001443,172.31.46.0-255,66,119972,44,279270
26796,0.001447,74.125.24.0-255,1484,121456,44,279270
26797,0.001468,74.125.24.0-255,4320,125776,44,279270
26798,0.00147,74.125.24.0-255,1484,127260,44,279270
26799,0.001473,74.125.24.0-255,1484,128744,44,279270
26800,0.001482,172.31.46.0-255,66,128810,44,279270
26801,0.001486,74.125.24.0-255,1484,130294,44,279270
26802,0.001507,74.125.24.0-255,5738,136032,44,279270
26803,0.001514,172.31.46.0-255,66,136098,44,279270
26804,0.001549,74.125.24.0-255,3602,139700,44,279270
26805,0.001555,172.31.46.0-255,66,139766,44,279270
26806,0.001717,74.125.24.0-255,1484,141250,44,279270
26807,0.001723,74.125.24.0-255,2902,144152,44,279270
26808,0.001726,172.31.46.0-255,66,144218,44,279270
26809,0.001753,74.125.24.0-255,5738,149956,44,279270
26810,0.00176,74.125.24.0-255,5738,155694,44,279270
26811,0.00177,74.125.24.0-255,1484,157178,44,279270
26812,0.001773,172.31.46.0-255,66,157244,44,279270
26813,0.001809,74.125.24.0-255,2902,160146,44,279270
26814,0.00183,74.125.24.0-255,2184,162330,44,279270
26815,0.001836,74.125.24.0-255,5738,168068,44,279270
26816,0.001845,172.31.46.0-255,66,168134,44,279270
26817,0.001851,74.125.24.0-255,4320,172454,44,279270
26818,0.001855,172.31.46.0-255,66,172520,44,279270
26819,0.001868,74.125.24.0-255,5738,178258,44,279270
26820,0.001883,74.125.24.0-255,2902,181160,44,279270
26821,0.001889,74.125.24.0-255,7156,188316,44,279270
26822,0.001905,74.125.24.0-255,1484,189800,44,279270
26823,0.001907,74.125.24.0-255,1484,191284,44,279270
26824,0.00191,172.31.46.0-255,66,191350,44,279270
26825,0.001915,172.31.46.0-255,66,191416,44,279270
26826,0.001939,74.125.24.0-255,6438,197854,44,279270
26827,0.001981,74.125.24.0-255,1484,199338,44,279270
26828,0.001996,172.31.46.0-255,66,199404,44,279270
26829,0.002021,74.125.24.0-255,5020,204424,44,279270
26830,0.002027,172.31.46.0-255,66,204490,44,279270
26831,0.002039,74.125.24.0-255,5738,210228,44,279270
26832,0.002045,74.125.24.0-255,7156,217384,44,279270
26833,0.002071,74.125.24.0-255,1484,218868,44,279270
26834,0.002079,74.125.24.0-255,6438,225306,44,279270
26835,0.002097,172.31.46.0-255,66,225372,44,279270
26836,0.002119,74.125.24.0-255,5738,231110,44,279270
26837,0.002126,172.31.46.0-255,66,231176,44,279270
26838,0.002175,74.125.24.0-255,5738,236914,44,279270
26839,0.00218,172.31.46.0-255,66,236980,44,279270
26840,0.002192,74.125.24.0-255,6438,243418,44,279270
26841,0.002197,74.125.24.0-255,2902,246320,44,279270
26842,0.002202,172.31.46.0-255,66,246386,44,279270
26843,0.002255,74.125.24.0-255,2184,248570,44,279270
26844,0.002263,172.31.46.0-255,66,248636,44,279270
26845,0.004512,74.125.24.0-255,5738,254374,44,279270
26846,0.004519,172.31.46.0-255,66,254440,44,279270
26847,0.006757,74.125.24.0-255,2902,257342,44,279270
26848,0.006765,172.31.46.0-255,66,257408,44,279270
26849,0.006785,74.125.24.0-255,2902,260310,44,279270
26850,0.006787,172.31.46.0-255,66,260376,44,279270
26851,0.009039,74.125.24.0-255,2902,263278,44,279270
26852,0.009042,172.31.46.0-255,66,263344,44,279270
26853,0.009067,74.125.24.0-255,1484,264828,44,279270
26854,0.009078,74.125.24.0-255,1484,266312,44,279270
26855,0.009081,172.31.46.0-255,66,266378,44,279270
26856,0.01131,74.125.24.0-255,2902,269280,44,279270
26857,0.011318,172.31.46.0-255,66,269346,44,279270
26858,0.011335,74.125.24.0-255,637,269983,44,279270
26859,0.013415,172.31.46.0-255,66,270049,44,279270
26860,0.013455,172.31.46.0-255,105,270154,44,279270
26861,0.015688,74.125.24.0-255,66,270220,44,279270
26862,0.035758,172.31.46.0-255,164,270384,44,279270
26863,0.035799,172.31.46.0-255,1123,271507,44,279270
26864,0.035884,172.31.46.0-255,1514,273021,44,279270
26865,0.035886,172.31.46.0-255,1514,274535,44,279270
26866,0.035893,172.31.46.0-255,1514,276049,44,279270
26867,0.035894,172.31.46.0-255,1514,277563,44,279270
26868,0.035913,172.31.46.0-255,1509,279072,44,279270
26869,0.037301,104.244.42.0-255,66,279138,44,279270
26870,0.037333,104.244.42.0-255,66,279204,44,279270
26871,0.037488,104.244.42.0-255,66,279270,44,279270
26872,0.0,74.125.24.0-255,146,146,44,177936
26873,2.3e-05,172.31.46.0-255,66,212,44,177936
26874,3e-05,74.125.24.0-255,1484,1696,44,177936
26875,3.5e-05,172.31.46.0-255,66,1762,44,177936
26876,4e-05,74.125.24.0-255,2902,4664,44,177936
26877,5.3e-05,172.31.46.0-255,66,4730,44,177936
26878,6.1e-05,74.125.24.0-255,7156,11886,44,177936
26879,6.4e-05,172.31.46.0-255,66,11952,44,177936
26880,0.0001,74.125.24.0-255,1941,13893,44,177936
26881,0.000104,172.31.46.0-255,66,13959,44,177936
26882,0.000109,74.125.24.0-255,2902,16861,44,177936
26883,0.000111,172.31.46.0-255,66,16927,44,177936
26884,0.000117,74.125.24.0-255,2902,19829,44,177936
26885,0.000119,172.31.46.0-255,66,19895,44,177936
26886,0.000141,74.125.24.0-255,4320,24215,44,177936
26887,0.00015,172.31.46.0-255,66,24281,44,177936
26888,0.000176,74.125.24.0-255,4320,28601,44,177936
26889,0.000179,172.31.46.0-255,66,28667,44,177936
26890,0.000195,74.125.24.0-255,2543,31210,44,177936
26891,0.000197,172.31.46.0-255,66,31276,44,177936
26892,0.000223,74.125.24.0-255,2902,34178,44,177936
26893,0.000226,172.31.46.0-255,66,34244,44,177936
26894,0.000232,74.125.24.0-255,4320,38564,44,177936
26895,0.000234,172.31.46.0-255,66,38630,44,177936
26896,0.00027,172.31.46.0-255,66,38696,44,177936
26897,0.000312,172.31.46.0-255,66,38762,44,177936
26898,0.00034,74.125.24.0-255,5379,44141,44,177936
26899,0.000342,172.31.46.0-255,66,44207,44,177936
26900,0.000369,74.125.24.0-255,647,44854,44,177936
26901,0.000372,172.31.46.0-255,66,44920,44,177936
26902,0.000834,74.125.24.0-255,1484,46404,44,177936
26903,0.00084,74.125.24.0-255,1484,47888,44,177936
26904,0.000844,172.31.46.0-255,66,47954,44,177936
26905,0.00088,74.125.24.0-255,1484,49438,44,177936
26906,0.000887,74.125.24.0-255,5738,55176,44,177936
26907,0.00089,172.31.46.0-255,66,55242,44,177936
26908,0.000903,172.31.46.0-255,66,55308,44,177936
26909,0.000929,74.125.24.0-255,1484,56792,44,177936
26910,0.000947,172.31.46.0-255,66,56858,44,177936
26911,0.001228,74.125.24.0-255,1484,58342,44,177936
26912,0.001235,74.125.24.0-255,2902,61244,44,177936
26913,0.001239,172.31.46.0-255,66,61310,44,177936
26914,0.001247,74.125.24.0-255,5738,67048,44,177936
26915,0.001249,172.31.46.0-255,66,67114,44,177936
26916,0.001291,74.125.24.0-255,7156,74270,44,177936
26917,0.001294,172.31.46.0-255,66,74336,44,177936
26918,0.0013,74.125.24.0-255,2902,77238,44,177936
26919,0.001302,172.31.46.0-255,66,77304,44,177936
26920,0.001332,74.125.24.0-255,5738,83042,44,177936
26921,0.001357,172.31.46.0-255,66,83108,44,177936
26922,0.001371,172.31.46.0-255,66,83174,44,177936
26923,0.00226,74.125.24.0-255,1484,84658,44,177936
26924,0.002271,74.125.24.0-255,2902,87560,44,177936
26925,0.002275,172.31.46.0-255,66,87626,44,177936
26926,0.002311,74.125.24.0-255,5738,93364,44,177936
26927,0.002314,172.31.46.0-255,66,93430,44,177936
26928,0.00232,74.125.24.0-255,5738,99168,44,177936
26929,0.002323,172.31.46.0-255,66,99234,44,177936
26930,0.002326,74.125.24.0-255,1484,100718,44,177936
26931,0.00238,172.31.46.0-255,66,100784,44,177936
26932,0.002386,74.125.24.0-255,5020,105804,44,177936
26933,0.002388,172.31.46.0-255,66,105870,44,177936
26934,0.002586,74.125.24.0-255,1484,107354,44,177936
26935,0.002593,74.125.24.0-255,2902,110256,44,177936
26936,0.002597,172.31.46.0-255,66,110322,44,177936
26937,0.002631,74.125.24.0-255,5738,116060,44,177936
26938,0.002634,172.31.46.0-255,66,116126,44,177936
26939,0.002652,172.31.46.0-255,66,116192,44,177936
26940,0.002659,74.125.24.0-255,4320,120512,44,177936
26941,0.002661,172.31.46.0-255,66,120578,44,177936
26942,0.002711,172.31.46.0-255,66,120644,44,177936
26943,0.002731,172.31.46.0-255,66,120710,44,177936
26944,0.002748,172.31.46.0-255,66,120776,44,177936
26945,0.002787,74.125.24.0-255,1484,122260,44,177936
26946,0.002806,74.125.24.0-255,2902,125162,44,177936
26947,0.002808,172.31.46.0-255,66,125228,44,177936
26948,0.002815,74.125.24.0-255,5738,130966,44,177936
26949,0.002817,172.31.46.0-255,66,131032,44,177936
26950,0.002841,74.125.24.0-255,4320,135352,44,177936
26951,0.002843,172.31.46.0-255,66,135418,44,177936
26952,0.002887,172.31.46.0-255,66,135484,44,177936
26953,0.002899,172.31.46.0-255,66,135550,44,177936
26954,0.002902,74.125.24.0-255,1484,137034,44,177936
26955,0.002935,74.125.24.0-255,2902,139936,44,177936
26956,0.002937,172.31.46.0-255,66,140002,44,177936
26957,0.002944,74.125.24.0-255,5738,145740,44,177936
26958,0.002947,172.31.46.0-255,66,145806,44,177936
26959,0.002962,172.31.46.0-255,66,145872,44,177936
26960,0.003001,74.125.24.0-255,2902,148774,44,177936
26961,0.003004,172.31.46.0-255,66,148840,44,177936
26962,0.00302,172.31.46.0-255,66,148906,44,177936
26963,0.003073,172.31.46.0-255,66,148972,44,177936
26964,0.003123,172.31.46.0-255,66,149038,44,177936
26965,0.003152,172.31.46.0-255,66,149104,44,177936
26966,0.003156,74.125.24.0-255,2902,152006,44,177936
26967,0.003159,172.31.46.0-255,66,152072,44,177936
26968,0.003165,74.125.24.0-255,5738,157810,44,177936
26969,0.003168,172.31.46.0-255,66,157876,44,177936
26970,0.003176,74.125.24.0-255,6438,164314,44,177936
26971,0.003203,74.125.24.0-255,3825,168139,44,177936
26972,0.003208,74.125.24.0-255,105,168244,44,177936
26973,0.003213,172.31.46.0-255,66,168310,44,177936
26974,0.003215,172.31.46.0-255,66,168376,44,177936
26975,0.003216,172.31.46.0-255,66,168442,44,177936
26976,0.010221,172.31.46.0-255,66,168508,44,177936
26977,0.010255,172.31.46.0-255,105,168613,44,177936
26978,0.012488,74.125.24.0-255,66,168679,44,177936
26979,0.040906,172.31.46.0-255,172,168851,44,177936
26980,0.040936,172.31.46.0-255,1109,169960,44,177936
26981,0.040994,172.31.46.0-255,1514,171474,44,177936
26982,0.040996,172.31.46.0-255,1514,172988,44,177936
26983,0.041027,172.31.46.0-255,1514,174502,44,177936
26984,0.041029,172.31.46.0-255,1514,176016,44,177936
26985,0.041033,172.31.46.0-255,1514,177530,44,177936
26986,0.041034,172.31.46.0-255,76,177606,44,177936
26987,0.042435,104.244.42.0-255,66,177672,44,177936
26988,0.042469,104.244.42.0-255,66,177738,44,177936
26989,0.042596,104.244.42.0-255,66,177804,44,177936
26990,0.042642,104.244.42.0-255,66,177870,44,177936
26991,0.042645,104.244.42.0-255,66,177936,44,177936
26992,0.0,172.217.194.0-255,296,296,44,233114
26993,2.4e-05,172.31.46.0-255,66,362,44,233114
26994,3e-05,172.217.194.0-255,1484,1846,44,233114
26995,3.4e-05,172.31.46.0-255,66,1912,44,233114
26996,4.3e-05,172.217.194.0-255,4320,6232,44,233114
26997,5.3e-05,172.31.46.0-255,66,6298,44,233114
26998,6.5e-05,172.31.46.0-255,66,6364,44,233114
26999,7.7e-05,172.31.46.0-255,66,6430,44,233114
27000,8e-05,172.217.194.0-255,1484,7914,44,233114
27001,8.2e-05,172.31.46.0-255,66,7980,44,233114
27002,0.000119,172.217.194.0-255,6797,14777,44,233114
27003,0.000122,172.31.46.0-255,66,14843,44,233114
27004,0.00014,172.217.194.0-255,5738,20581,44,233114
27005,0.000142,172.31.46.0-255,66,20647,44,233114
27006,0.000154,172.217.194.0-255,1484,22131,44,233114
27007,0.000157,172.31.46.0-255,66,22197,44,233114
27008,0.00017,172.31.46.0-255,66,22263,44,233114
27009,0.000202,172.31.46.0-255,66,22329,44,233114
27010,0.000228,172.217.194.0-255,2902,25231,44,233114
27011,0.00023,172.31.46.0-255,66,25297,44,233114
27012,0.000236,172.217.194.0-255,5364,30661,44,233114
27013,0.000238,172.31.46.0-255,66,30727,44,233114
27014,0.000243,172.217.194.0-255,4320,35047,44,233114
27015,0.000244,172.31.46.0-255,66,35113,44,233114
27016,0.000272,172.217.194.0-255,1484,36597,44,233114
27017,0.000274,172.31.46.0-255,66,36663,44,233114
27018,0.000301,172.217.194.0-255,6515,43178,44,233114
27019,0.000304,172.31.46.0-255,66,43244,44,233114
27020,0.000618,172.217.194.0-255,1484,44728,44,233114
27021,0.000625,172.217.194.0-255,2902,47630,44,233114
27022,0.000628,172.31.46.0-255,66,47696,44,233114
27023,0.000633,172.217.194.0-255,2902,50598,44,233114
27024,0.000635,172.31.46.0-255,66,50664,44,233114
27025,0.000655,172.217.194.0-255,2902,53566,44,233114
27026,0.000661,172.31.46.0-255,66,53632,44,233114
27027,0.000674,172.217.194.0-255,4320,57952,44,233114
27028,0.00068,172.31.46.0-255,66,58018,44,233114
27029,0.000706,172.31.46.0-255,66,58084,44,233114
27030,0.000717,172.31.46.0-255,66,58150,44,233114
27031,0.000719,172.217.194.0-255,766,58916,44,233114
27032,0.000983,172.217.194.0-255,1484,60400,44,233114
27033,0.000987,172.31.46.0-255,66,60466,44,233114
27034,0.000991,172.217.194.0-255,2902,63368,44,233114
27035,0.000993,172.31.46.0-255,66,63434,44,233114
27036,0.001026,172.217.194.0-255,5738,69172,44,233114
27037,0.001028,172.31.46.0-255,66,69238,44,233114
27038,0.001033,172.217.194.0-255,4320,73558,44,233114
27039,0.001035,172.31.46.0-255,66,73624,44,233114
27040,0.001076,172.31.46.0-255,66,73690,44,233114
27041,0.001086,172.31.46.0-255,66,73756,44,233114
27042,0.001137,172.217.194.0-255,2184,75940,44,233114
27043,0.001139,172.31.46.0-255,66,76006,44,233114
27044,0.001143,172.217.194.0-255,2902,78908,44,233114
27045,0.001144,172.31.46.0-255,66,78974,44,233114
27046,0.00115,172.217.194.0-255,7156,86130,44,233114
27047,0.001156,172.31.46.0-255,66,86196,44,233114
27048,0.001161,172.217.194.0-255,4320,90516,44,233114
27049,0.001163,172.31.46.0-255,66,90582,44,233114
27050,0.001205,172.31.46.0-255,66,90648,44,233114
27051,0.001211,172.217.194.0-255,6438,97086,44,233114
27052,0.001213,172.31.46.0-255,66,97152,44,233114
27053,0.001464,172.217.194.0-255,1484,98636,44,233114
27054,0.001469,172.217.194.0-255,2902,101538,44,233114
27055,0.001472,172.31.46.0-255,66,101604,44,233114
27056,0.001476,172.217.194.0-255,1484,103088,44,233114
27057,0.001501,172.217.194.0-255,4320,107408,44,233114
27058,0.001503,172.31.46.0-255,66,107474,44,233114
27059,0.00151,172.217.194.0-255,7156,114630,44,233114
27060,0.001511,172.31.46.0-255,66,114696,44,233114
27061,0.001541,172.217.194.0-255,5738,120434,44,233114
27062,0.001544,172.31.46.0-255,66,120500,44,233114
27063,0.001546,172.217.194.0-255,1484,121984,44,233114
27064,0.001549,172.217.194.0-255,1484,123468,44,233114
27065,0.00155,172.31.46.0-255,66,123534,44,233114
27066,0.001592,172.31.46.0-255,66,123600,44,233114
27067,0.001606,172.31.46.0-255,66,123666,44,233114
27068,0.001632,172.217.194.0-255,7156,130822,44,233114
27069,0.001634,172.31.46.0-255,66,130888,44,233114
27070,0.001654,172.31.46.0-255,66,130954,44,233114
27071,0.001664,172.31.46.0-255,66,131020,44,233114
27072,0.001667,172.217.194.0-255,1484,132504,44,233114
27073,0.001702,172.31.46.0-255,66,132570,44,233114
27074,0.001724,172.217.194.0-255,2184,134754,44,233114
27075,0.001727,172.31.46.0-255,66,134820,44,233114
27076,0.001999,172.217.194.0-255,1484,136304,44,233114
27077,0.002004,172.217.194.0-255,2902,139206,44,233114
27078,0.002007,172.31.46.0-255,66,139272,44,233114
27079,0.002032,172.217.194.0-255,5738,145010,44,233114
27080,0.002034,172.31.46.0-255,66,145076,44,233114
27081,0.002036,172.217.194.0-255,1484,146560,44,233114
27082,0.002068,172.31.46.0-255,66,146626,44,233114
27083,0.002091,172.217.194.0-255,2902,149528,44,233114
27084,0.002094,172.31.46.0-255,66,149594,44,233114
27085,0.002133,172.31.46.0-255,66,149660,44,233114
27086,0.002139,172.217.194.0-255,7156,156816,44,233114
27087,0.002141,172.31.46.0-255,66,156882,44,233114
27088,0.004201,172.217.194.0-255,5738,162620,44,233114
27089,0.004207,172.31.46.0-255,66,162686,44,233114
27090,0.006296,172.217.194.0-255,5738,168424,44,233114
27091,0.0063,172.31.46.0-255,66,168490,44,233114
27092,0.008401,172.217.194.0-255,5738,174228,44,233114
27093,0.008408,172.31.46.0-255,66,174294,44,233114
27094,0.010476,172.217.194.0-255,5738,180032,44,233114
27095,0.010482,172.31.46.0-255,66,180098,44,233114
27096,0.012589,172.217.194.0-255,5738,185836,44,233114
27097,0.012597,172.31.46.0-255,66,185902,44,233114
27098,0.014703,172.217.194.0-255,5738,191640,44,233114
27099,0.01471,172.31.46.0-255,66,191706,44,233114
27100,0.016747,172.217.194.0-255,5738,197444,44,233114
27101,0.016758,172.31.46.0-255,66,197510,44,233114
27102,0.018816,172.217.194.0-255,5738,203248,44,233114
27103,0.018824,172.31.46.0-255,66,203314,44,233114
27104,0.020933,172.217.194.0-255,5738,209052,44,233114
27105,0.020943,172.31.46.0-255,66,209118,44,233114
27106,0.023001,172.217.194.0-255,5738,214856,44,233114
27107,0.023006,172.31.46.0-255,66,214922,44,233114
27108,0.025076,172.217.194.0-255,5738,220660,44,233114
27109,0.025082,172.31.46.0-255,66,220726,44,233114
27110,0.027165,172.217.194.0-255,2892,223618,44,233114
27111,0.027169,172.31.46.0-255,66,223684,44,233114
27112,0.027328,172.31.46.0-255,105,223789,44,233114
27113,0.029415,172.217.194.0-255,66,223855,44,233114
27114,0.040563,172.31.46.0-255,172,224027,44,233114
27115,0.040601,172.31.46.0-255,1114,225141,44,233114
27116,0.040678,172.31.46.0-255,1514,226655,44,233114
27117,0.04068,172.31.46.0-255,1514,228169,44,233114
27118,0.040685,172.31.46.0-255,1514,229683,44,233114
27119,0.040687,172.31.46.0-255,1514,231197,44,233114
27120,0.040704,172.31.46.0-255,1514,232711,44,233114
27121,0.040706,172.31.46.0-255,73,232784,44,233114
27122,0.042084,104.244.42.0-255,66,232850,44,233114
27123,0.042107,104.244.42.0-255,66,232916,44,233114
27124,0.042191,104.244.42.0-255,66,232982,44,233114
27125,0.042243,104.244.42.0-255,66,233048,44,233114
27126,0.042249,104.244.42.0-255,66,233114,44,233114
27127,0.0,172.217.194.0-255,146,146,44,196204
27128,3.4e-05,172.31.46.0-255,66,212,44,196204
27129,4.1e-05,172.217.194.0-255,1484,1696,44,196204
27130,4.5e-05,172.31.46.0-255,66,1762,44,196204
27131,5.7e-05,172.217.194.0-255,2902,4664,44,196204
27132,6e-05,172.31.46.0-255,66,4730,44,196204
27133,6.8e-05,172.217.194.0-255,7156,11886,44,196204
27134,7.1e-05,172.31.46.0-255,66,11952,44,196204
27135,0.000101,172.217.194.0-255,2084,14036,44,196204
27136,0.000105,172.31.46.0-255,66,14102,44,196204
27137,0.000549,172.217.194.0-255,1484,15586,44,196204
27138,0.000557,172.31.46.0-255,66,15652,44,196204
27139,0.000563,172.217.194.0-255,2902,18554,44,196204
27140,0.000566,172.31.46.0-255,66,18620,44,196204
27141,0.000578,172.217.194.0-255,5738,24358,44,196204
27142,0.00058,172.31.46.0-255,66,24424,44,196204
27143,0.000585,172.217.194.0-255,2902,27326,44,196204
27144,0.000587,172.31.46.0-255,66,27392,44,196204
27145,0.000618,172.217.194.0-255,2902,30294,44,196204
27146,0.000627,172.31.46.0-255,66,30360,44,196204
27147,0.00065,172.217.194.0-255,1484,31844,44,196204
27148,0.000657,172.31.46.0-255,66,31910,44,196204
27149,0.000666,172.217.194.0-255,4320,36230,44,196204
27150,0.000676,172.31.46.0-255,66,36296,44,196204
27151,0.000716,172.31.46.0-255,66,36362,44,196204
27152,0.000734,172.31.46.0-255,66,36428,44,196204
27153,0.00076,172.217.194.0-255,5738,42166,44,196204
27154,0.000764,172.31.46.0-255,66,42232,44,196204
27155,0.000797,172.217.194.0-255,5020,47252,44,196204
27156,0.000799,172.217.194.0-255,390,47642,44,196204
27157,0.000801,172.217.194.0-255,1484,49126,44,196204
27158,0.000803,172.31.46.0-255,66,49192,44,196204
27159,0.000808,172.31.46.0-255,66,49258,44,196204
27160,0.000832,172.217.194.0-255,4320,53578,44,196204
27161,0.000835,172.31.46.0-255,66,53644,44,196204
27162,0.000844,172.217.194.0-255,2902,56546,44,196204
27163,0.000847,172.31.46.0-255,66,56612,44,196204
27164,0.000887,172.217.194.0-255,7156,63768,44,196204
27165,0.000891,172.31.46.0-255,66,63834,44,196204
27166,0.000908,172.31.46.0-255,66,63900,44,196204
27167,0.000925,172.217.194.0-255,1484,65384,44,196204
27168,0.000932,172.217.194.0-255,6438,71822,44,196204
27169,0.000935,172.31.46.0-255,66,71888,44,196204
27170,0.000947,172.217.194.0-255,1484,73372,44,196204
27171,0.000957,172.217.194.0-255,2902,76274,44,196204
27172,0.00096,172.31.46.0-255,66,76340,44,196204
27173,0.000966,172.217.194.0-255,5738,82078,44,196204
27174,0.000968,172.31.46.0-255,66,82144,44,196204
27175,0.000973,172.217.194.0-255,4320,86464,44,196204
27176,0.000976,172.31.46.0-255,66,86530,44,196204
27177,0.001023,172.31.46.0-255,66,86596,44,196204
27178,0.001027,172.217.194.0-255,1484,88080,44,196204
27179,0.001032,172.217.194.0-255,4320,92400,44,196204
27180,0.001034,172.31.46.0-255,66,92466,44,196204
27181,0.001058,172.217.194.0-255,6438,98904,44,196204
27182,0.001062,172.31.46.0-255,66,98970,44,196204
27183,0.001075,172.31.46.0-255,66,99036,44,196204
27184,0.00113,172.31.46.0-255,66,99102,44,196204
27185,0.001141,172.31.46.0-255,66,99168,44,196204
27186,0.001161,172.31.46.0-255,66,99234,44,196204
27187,0.001174,172.31.46.0-255,66,99300,44,196204
27188,0.001203,172.217.194.0-255,2902,102202,44,196204
27189,0.001208,172.31.46.0-255,66,102268,44,196204
27190,0.001222,172.217.194.0-255,4320,106588,44,196204
27191,0.00123,172.31.46.0-255,66,106654,44,196204
27192,0.001241,172.31.46.0-255,66,106720,44,196204
27193,0.001299,172.31.46.0-255,66,106786,44,196204
27194,0.001336,172.31.46.0-255,66,106852,44,196204
27195,0.001353,172.31.46.0-255,66,106918,44,196204
27196,0.001401,172.217.194.0-255,4320,111238,44,196204
27197,0.001404,172.31.46.0-255,66,111304,44,196204
27198,0.001441,172.31.46.0-255,66,111370,44,196204
27199,0.001468,172.217.194.0-255,1484,112854,44,196204
27200,0.001473,172.217.194.0-255,2902,115756,44,196204
27201,0.001476,172.31.46.0-255,66,115822,44,196204
27202,0.001508,172.217.194.0-255,5738,121560,44,196204
27203,0.001513,172.31.46.0-255,66,121626,44,196204
27204,0.001535,172.217.194.0-255,5738,127364,44,196204
27205,0.001539,172.31.46.0-255,66,127430,44,196204
27206,0.001581,172.217.194.0-255,7156,134586,44,196204
27207,0.001585,172.31.46.0-255,66,134652,44,196204
27208,0.00162,172.31.46.0-255,66,134718,44,196204
27209,0.00165,172.217.194.0-255,2184,136902,44,196204
27210,0.001654,172.31.46.0-255,66,136968,44,196204
27211,0.001704,172.217.194.0-255,1484,138452,44,196204
27212,0.00171,172.217.194.0-255,2902,141354,44,196204
27213,0.001715,172.31.46.0-255,66,141420,44,196204
27214,0.001747,172.217.194.0-255,5738,147158,44,196204
27215,0.001751,172.31.46.0-255,66,147224,44,196204
27216,0.00179,172.31.46.0-255,66,147290,44,196204
27217,0.001822,172.217.194.0-255,4320,151610,44,196204
27218,0.001826,172.31.46.0-255,66,151676,44,196204
27219,0.001838,172.31.46.0-255,66,151742,44,196204
27220,0.001868,172.217.194.0-255,2184,153926,44,196204
27221,0.001871,172.31.46.0-255,66,153992,44,196204
27222,0.001962,172.217.194.0-255,1484,155476,44,196204
27223,0.001967,172.217.194.0-255,2902,158378,44,196204
27224,0.001971,172.31.46.0-255,66,158444,44,196204
27225,0.001975,172.217.194.0-255,1484,159928,44,196204
27226,0.002005,172.217.194.0-255,4320,164248,44,196204
27227,0.002008,172.31.46.0-255,66,164314,44,196204
27228,0.002013,172.217.194.0-255,2902,167216,44,196204
27229,0.002015,172.31.46.0-255,66,167282,44,196204
27230,0.002038,172.217.194.0-255,4320,171602,44,196204
27231,0.002041,172.31.46.0-255,66,171668,44,196204
27232,0.002073,172.217.194.0-255,5738,177406,44,196204
27233,0.002078,172.31.46.0-255,66,177472,44,196204
27234,0.002088,172.31.46.0-255,66,177538,44,196204
27235,0.002101,172.217.194.0-255,7156,184694,44,196204
27236,0.002104,172.31.46.0-255,66,184760,44,196204
27237,0.002147,172.31.46.0-255,66,184826,44,196204
27238,0.002151,172.217.194.0-255,1589,186415,44,196204
27239,0.002153,172.31.46.0-255,66,186481,44,196204
27240,0.002156,172.217.194.0-255,105,186586,44,196204
27241,0.003679,172.31.46.0-255,66,186652,44,196204
27242,0.003711,172.31.46.0-255,105,186757,44,196204
27243,0.006001,172.217.194.0-255,66,186823,44,196204
27244,0.039706,172.31.46.0-255,188,187011,44,196204
27245,0.039738,172.31.46.0-255,955,187966,44,196204
27246,0.039787,172.31.46.0-255,1514,189480,44,196204
27247,0.039788,172.31.46.0-255,1514,190994,44,196204
27248,0.039793,172.31.46.0-255,1514,192508,44,196204
27249,0.039794,172.31.46.0-255,1514,194022,44,196204
27250,0.039821,172.31.46.0-255,1514,195536,44,196204
27251,0.039822,172.31.46.0-255,230,195766,44,196204
27252,0.041265,104.244.42.0-255,66,195832,44,196204
27253,0.041277,104.244.42.0-255,66,195898,44,196204
27254,0.041358,104.244.42.0-255,66,195964,44,196204
27255,0.041362,104.244.42.0-255,66,196030,44,196204
27256,0.042233,104.244.42.0-255,108,196138,44,196204
27257,0.042257,172.31.46.0-255,66,196204,44,196204
27258,0.0,172.217.194.0-255,150,150,44,240749
27259,1.9e-05,172.31.46.0-255,66,216,44,240749
27260,2.6e-05,172.217.194.0-255,1484,1700,44,240749
27261,3.1e-05,172.31.46.0-255,66,1766,44,240749
27262,3.8e-05,172.217.194.0-255,2902,4668,44,240749
27263,4.2e-05,172.31.46.0-255,66,4734,44,240749
27264,5e-05,172.217.194.0-255,7156,11890,44,240749
27265,5.3e-05,172.31.46.0-255,66,11956,44,240749
27266,5.7e-05,172.217.194.0-255,2042,13998,44,240749
27267,6.1e-05,172.31.46.0-255,66,14064,44,240749
27268,9.6e-05,172.217.194.0-255,5738,19802,44,240749
27269,9.9e-05,172.31.46.0-255,66,19868,44,240749
27270,0.000113,172.217.194.0-255,4320,24188,44,240749
27271,0.000115,172.31.46.0-255,66,24254,44,240749
27272,0.000137,172.217.194.0-255,2902,27156,44,240749
27273,0.000139,172.31.46.0-255,66,27222,44,240749
27274,0.00016,172.217.194.0-255,3961,31183,44,240749
27275,0.000163,172.31.46.0-255,66,31249,44,240749
27276,0.000201,172.217.194.0-255,1484,32733,44,240749
27277,0.000204,172.31.46.0-255,66,32799,44,240749
27278,0.000223,172.217.194.0-255,2902,35701,44,240749
27279,0.000226,172.31.46.0-255,66,35767,44,240749
27280,0.000232,172.217.194.0-255,5738,41505,44,240749
27281,0.000234,172.31.46.0-255,66,41571,44,240749
27282,0.000238,172.217.194.0-255,2902,44473,44,240749
27283,0.00024,172.31.46.0-255,66,44539,44,240749
27284,0.000259,172.217.194.0-255,3961,48500,44,240749
27285,0.000261,172.31.46.0-255,66,48566,44,240749
27286,0.000265,172.217.194.0-255,1484,50050,44,240749
27287,0.000266,172.31.46.0-255,66,50116,44,240749
27288,0.0003,172.31.46.0-255,66,50182,44,240749
27289,0.000304,172.217.194.0-255,2797,52979,44,240749
27290,0.000306,172.31.46.0-255,66,53045,44,240749
27291,0.000332,172.217.194.0-255,432,53477,44,240749
27292,0.000477,172.217.194.0-255,1484,54961,44,240749
27293,0.000481,172.31.46.0-255,66,55027,44,240749
27294,0.000487,172.217.194.0-255,2902,57929,44,240749
27295,0.00049,172.31.46.0-255,66,57995,44,240749
27296,0.000494,172.217.194.0-255,2902,60897,44,240749
27297,0.000496,172.31.46.0-255,66,60963,44,240749
27298,0.000517,172.217.194.0-255,2902,63865,44,240749
27299,0.00052,172.31.46.0-255,66,63931,44,240749
27300,0.000522,172.217.194.0-255,1484,65415,44,240749
27301,0.000558,172.31.46.0-255,66,65481,44,240749
27302,0.000571,172.31.46.0-255,66,65547,44,240749
27303,0.000597,172.217.194.0-255,1484,67031,44,240749
27304,0.000601,172.217.194.0-255,1484,68515,44,240749
27305,0.000603,172.31.46.0-255,66,68581,44,240749
27306,0.000623,172.217.194.0-255,1484,70065,44,240749
27307,0.00063,172.217.194.0-255,5738,75803,44,240749
27308,0.000632,172.31.46.0-255,66,75869,44,240749
27309,0.000643,172.31.46.0-255,66,75935,44,240749
27310,0.000657,172.217.194.0-255,4320,80255,44,240749
27311,0.00066,172.31.46.0-255,66,80321,44,240749
27312,0.00067,172.31.46.0-255,66,80387,44,240749
27313,0.000725,172.217.194.0-255,6438,86825,44,240749
27314,0.000729,172.31.46.0-255,66,86891,44,240749
27315,0.000736,172.217.194.0-255,7156,94047,44,240749
27316,0.000738,172.31.46.0-255,66,94113,44,240749
27317,0.000784,172.31.46.0-255,66,94179,44,240749
27318,0.000791,172.217.194.0-255,6438,100617,44,240749
27319,0.000794,172.31.46.0-255,66,100683,44,240749
27320,0.000907,172.217.194.0-255,1484,102167,44,240749
27321,0.000913,172.217.194.0-255,2902,105069,44,240749
27322,0.000917,172.31.46.0-255,66,105135,44,240749
27323,0.000941,172.217.194.0-255,5738,110873,44,240749
27324,0.000944,172.31.46.0-255,66,110939,44,240749
27325,0.000969,172.217.194.0-255,7156,118095,44,240749
27326,0.000971,172.31.46.0-255,66,118161,44,240749
27327,0.000986,172.217.194.0-255,5738,123899,44,240749
27328,0.000989,172.31.46.0-255,66,123965,44,240749
27329,0.00104,172.31.46.0-255,66,124031,44,240749
27330,0.001073,172.217.194.0-255,5738,129769,44,240749
27331,0.001077,172.31.46.0-255,66,129835,44,240749
27332,0.001102,172.217.194.0-255,4320,134155,44,240749
27333,0.001105,172.31.46.0-255,66,134221,44,240749
27334,0.001118,172.31.46.0-255,66,134287,44,240749
27335,0.001132,172.31.46.0-255,66,134353,44,240749
27336,0.00116,172.217.194.0-255,7156,141509,44,240749
27337,0.001163,172.31.46.0-255,66,141575,44,240749
27338,0.001179,172.217.194.0-255,5738,147313,44,240749
27339,0.001182,172.31.46.0-255,66,147379,44,240749
27340,0.001199,172.31.46.0-255,66,147445,44,240749
27341,0.001259,172.31.46.0-255,66,147511,44,240749
27342,0.001272,172.31.46.0-255,66,147577,44,240749
27343,0.001279,172.217.194.0-255,5379,152956,44,240749
27344,0.001281,172.31.46.0-255,66,153022,44,240749
27345,0.001287,172.217.194.0-255,5738,158760,44,240749
27346,0.00129,172.31.46.0-255,66,158826,44,240749
27347,0.001319,172.217.194.0-255,2902,161728,44,240749
27348,0.001322,172.31.46.0-255,66,161794,44,240749
27349,0.001349,172.31.46.0-255,66,161860,44,240749
27350,0.001369,172.217.194.0-255,7156,169016,44,240749
27351,0.001371,172.31.46.0-255,66,169082,44,240749
27352,0.001399,172.217.194.0-255,4320,173402,44,240749
27353,0.001402,172.31.46.0-255,66,173468,44,240749
27354,0.001408,172.217.194.0-255,5379,178847,44,240749
27355,0.001411,172.31.46.0-255,66,178913,44,240749
27356,0.001911,172.217.194.0-255,1484,180397,44,240749
27357,0.00192,172.217.194.0-255,2902,183299,44,240749
27358,0.001924,172.31.46.0-255,66,183365,44,240749
27359,0.001928,172.217.194.0-255,1484,184849,44,240749
27360,0.001945,172.217.194.0-255,4320,189169,44,240749
27361,0.001947,172.31.46.0-255,66,189235,44,240749
27362,0.001988,172.217.194.0-255,7156,196391,44,240749
27363,0.001991,172.31.46.0-255,66,196457,44,240749
27364,0.001999,172.217.194.0-255,7156,203613,44,240749
27365,0.002002,172.31.46.0-255,66,203679,44,240749
27366,0.002044,172.217.194.0-255,5738,209417,44,240749
27367,0.002048,172.31.46.0-255,66,209483,44,240749
27368,0.002066,172.217.194.0-255,3602,213085,44,240749
27369,0.002068,172.31.46.0-255,66,213151,44,240749
27370,0.00209,172.31.46.0-255,66,213217,44,240749
27371,0.00211,172.217.194.0-255,1484,214701,44,240749
27372,0.002118,172.217.194.0-255,7156,221857,44,240749
27373,0.002145,172.217.194.0-255,7156,229013,44,240749
27374,0.002178,172.217.194.0-255,2204,231217,44,240749
27375,0.002203,172.217.194.0-255,105,231322,44,240749
27376,0.005273,172.31.46.0-255,66,231388,44,240749
27377,0.008082,172.31.46.0-255,105,231493,44,240749
27378,0.010347,172.217.194.0-255,66,231559,44,240749
27379,0.037492,172.31.46.0-255,172,231731,44,240749
27380,0.037525,172.31.46.0-255,1114,232845,44,240749
27381,0.037594,172.31.46.0-255,1514,234359,44,240749
27382,0.037596,172.31.46.0-255,1514,235873,44,240749
27383,0.037602,172.31.46.0-255,1514,237387,44,240749
27384,0.037604,172.31.46.0-255,1514,238901,44,240749
27385,0.037623,172.31.46.0-255,1514,240415,44,240749
27386,0.037629,172.31.46.0-255,70,240485,44,240749
27387,0.039036,104.244.42.0-255,66,240551,44,240749
27388,0.039152,104.244.42.0-255,66,240617,44,240749
27389,0.039198,104.244.42.0-255,66,240683,44,240749
27390,0.03922,104.244.42.0-255,66,240749,44,240749
27391,0.0,172.217.194.0-255,153,153,44,203476
27392,2.2e-05,172.31.46.0-255,66,219,44,203476
27393,2.8e-05,172.217.194.0-255,1484,1703,44,203476
27394,3.3e-05,172.31.46.0-255,66,1769,44,203476
27395,3.8e-05,172.217.194.0-255,2902,4671,44,203476
27396,4.1e-05,172.31.46.0-255,66,4737,44,203476
27397,4.8e-05,172.217.194.0-255,7156,11893,44,203476
27398,5.1e-05,172.31.46.0-255,66,11959,44,203476
27399,8.1e-05,172.217.194.0-255,2056,14015,44,203476
27400,8.3e-05,172.31.46.0-255,66,14081,44,203476
27401,0.000108,172.217.194.0-255,1484,15565,44,203476
27402,0.000111,172.31.46.0-255,66,15631,44,203476
27403,0.000132,172.217.194.0-255,2902,18533,44,203476
27404,0.000134,172.31.46.0-255,66,18599,44,203476
27405,0.000141,172.217.194.0-255,5738,24337,44,203476
27406,0.000144,172.31.46.0-255,66,24403,44,203476
27407,0.000179,172.217.194.0-255,6797,31200,44,203476
27408,0.000182,172.31.46.0-255,66,31266,44,203476
27409,0.000344,172.217.194.0-255,1484,32750,44,203476
27410,0.000349,172.31.46.0-255,66,32816,44,203476
27411,0.000355,172.217.194.0-255,2902,35718,44,203476
27412,0.000357,172.31.46.0-255,66,35784,44,203476
27413,0.000376,172.217.194.0-255,1484,37268,44,203476
27414,0.000378,172.31.46.0-255,66,37334,44,203476
27415,0.000398,172.217.194.0-255,4320,41654,44,203476
27416,0.0004,172.31.46.0-255,66,41720,44,203476
27417,0.000464,172.217.194.0-255,2902,44622,44,203476
27418,0.000468,172.31.46.0-255,66,44688,44,203476
27419,0.000488,172.217.194.0-255,3961,48649,44,203476
27420,0.000491,172.31.46.0-255,66,48715,44,203476
27421,0.000607,172.217.194.0-255,1484,50199,44,203476
27422,0.000611,172.31.46.0-255,66,50265,44,203476
27423,0.000626,172.217.194.0-255,2902,53167,44,203476
27424,0.000629,172.31.46.0-255,66,53233,44,203476
27425,0.000631,172.217.194.0-255,1484,54717,44,203476
27426,0.000653,172.217.194.0-255,4320,59037,44,203476
27427,0.000657,172.31.46.0-255,66,59103,44,203476
27428,0.000686,172.217.194.0-255,1484,60587,44,203476
27429,0.000717,172.31.46.0-255,66,60653,44,203476
27430,0.000728,172.31.46.0-255,66,60719,44,203476
27431,0.000732,172.217.194.0-255,3961,64680,44,203476
27432,0.000734,172.31.46.0-255,66,64746,44,203476
27433,0.000766,172.217.194.0-255,4320,69066,44,203476
27434,0.00077,172.31.46.0-255,66,69132,44,203476
27435,0.000783,172.217.194.0-255,1484,70616,44,203476
27436,0.000801,172.217.194.0-255,4320,74936,44,203476
27437,0.000803,172.31.46.0-255,66,75002,44,203476
27438,0.000823,172.217.194.0-255,2902,77904,44,203476
27439,0.000825,172.31.46.0-255,66,77970,44,203476
27440,0.000845,172.217.194.0-255,3961,81931,44,203476
27441,0.000848,172.31.46.0-255,66,81997,44,203476
27442,0.000901,172.217.194.0-255,1484,83481,44,203476
27443,0.00092,172.217.194.0-255,2902,86383,44,203476
27444,0.000923,172.31.46.0-255,66,86449,44,203476
27445,0.000927,172.217.194.0-255,4320,90769,44,203476
27446,0.000929,172.31.46.0-255,66,90835,44,203476
27447,0.000948,172.217.194.0-255,1484,92319,44,203476
27448,0.000953,172.217.194.0-255,5738,98057,44,203476
27449,0.000956,172.31.46.0-255,66,98123,44,203476
27450,0.00097,172.217.194.0-255,1111,99234,44,203476
27451,0.001149,172.217.194.0-255,1484,100718,44,203476
27452,0.001153,172.31.46.0-255,66,100784,44,203476
27453,0.001157,172.217.194.0-255,2902,103686,44,203476
27454,0.001159,172.31.46.0-255,66,103752,44,203476
27455,0.001163,172.217.194.0-255,1484,105236,44,203476
27456,0.001179,172.217.194.0-255,4320,109556,44,203476
27457,0.001181,172.31.46.0-255,66,109622,44,203476
27458,0.001192,172.217.194.0-255,1484,111106,44,203476
27459,0.001213,172.31.46.0-255,66,111172,44,203476
27460,0.001232,172.217.194.0-255,1484,112656,44,203476
27461,0.00127,172.31.46.0-255,66,112722,44,203476
27462,0.001404,172.217.194.0-255,1484,114206,44,203476
27463,0.001409,172.217.194.0-255,2902,117108,44,203476
27464,0.001412,172.31.46.0-255,66,117174,44,203476
27465,0.001415,172.217.194.0-255,1484,118658,44,203476
27466,0.001436,172.217.194.0-255,4320,122978,44,203476
27467,0.001439,172.31.46.0-255,66,123044,44,203476
27468,0.001448,172.31.46.0-255,66,123110,44,203476
27469,0.001461,172.217.194.0-255,4320,127430,44,203476
27470,0.001463,172.31.46.0-255,66,127496,44,203476
27471,0.001495,172.217.194.0-255,2902,130398,44,203476
27472,0.001497,172.31.46.0-255,66,130464,44,203476
27473,0.001518,172.217.194.0-255,6824,137288,44,203476
27474,0.00152,172.31.46.0-255,66,137354,44,203476
27475,0.001527,172.217.194.0-255,7156,144510,44,203476
27476,0.001529,172.31.46.0-255,66,144576,44,203476
27477,0.001553,172.217.194.0-255,2902,147478,44,203476
27478,0.001555,172.31.46.0-255,66,147544,44,203476
27479,0.001595,172.31.46.0-255,66,147610,44,203476
27480,0.00163,172.31.46.0-255,66,147676,44,203476
27481,0.001636,172.217.194.0-255,5020,152696,44,203476
27482,0.001638,172.31.46.0-255,66,152762,44,203476
27483,0.002041,172.217.194.0-255,1484,154246,44,203476
27484,0.002047,172.217.194.0-255,2902,157148,44,203476
27485,0.00205,172.31.46.0-255,66,157214,44,203476
27486,0.002061,172.217.194.0-255,1484,158698,44,203476
27487,0.002075,172.217.194.0-255,4320,163018,44,203476
27488,0.002077,172.31.46.0-255,66,163084,44,203476
27489,0.00208,172.217.194.0-255,1484,164568,44,203476
27490,0.002107,172.31.46.0-255,66,164634,44,203476
27491,0.002122,172.31.46.0-255,66,164700,44,203476
27492,0.002169,172.217.194.0-255,1484,166184,44,203476
27493,0.002172,172.217.194.0-255,1484,167668,44,203476
27494,0.002174,172.31.46.0-255,66,167734,44,203476
27495,0.002194,172.217.194.0-255,1484,169218,44,203476
27496,0.0022,172.217.194.0-255,5738,174956,44,203476
27497,0.002202,172.31.46.0-255,66,175022,44,203476
27498,0.002208,172.217.194.0-255,5738,180760,44,203476
27499,0.00221,172.31.46.0-255,66,180826,44,203476
27500,0.002255,172.31.46.0-255,66,180892,44,203476
27501,0.002259,172.217.194.0-255,2902,183794,44,203476
27502,0.002261,172.31.46.0-255,66,183860,44,203476
27503,0.002296,172.31.46.0-255,66,183926,44,203476
27504,0.002308,172.31.46.0-255,66,183992,44,203476
27505,0.002323,172.217.194.0-255,2902,186894,44,203476
27506,0.002325,172.31.46.0-255,66,186960,44,203476
27507,0.002328,172.217.194.0-255,1484,188444,44,203476
27508,0.002364,172.31.46.0-255,66,188510,44,203476
27509,0.00241,172.31.46.0-255,66,188576,44,203476
27510,0.002438,172.31.46.0-255,66,188642,44,203476
27511,0.00244,172.217.194.0-255,766,189408,44,203476
27512,0.002455,172.217.194.0-255,4320,193728,44,203476
27513,0.002458,172.31.46.0-255,66,193794,44,203476
27514,0.002501,172.31.46.0-255,66,193860,44,203476
27515,0.002517,172.31.46.0-255,66,193926,44,203476
27516,0.002519,172.217.194.0-255,105,194031,44,203476
27517,0.010033,172.31.46.0-255,66,194097,44,203476
27518,0.01008,172.31.46.0-255,105,194202,44,203476
27519,0.012715,172.217.194.0-255,66,194268,44,203476
27520,0.037084,172.31.46.0-255,190,194458,44,203476
27521,0.03712,172.31.46.0-255,1114,195572,44,203476
27522,0.037189,172.31.46.0-255,1514,197086,44,203476
27523,0.037191,172.31.46.0-255,1514,198600,44,203476
27524,0.037192,172.31.46.0-255,1514,200114,44,203476
27525,0.037193,172.31.46.0-255,1514,201628,44,203476
27526,0.037221,172.31.46.0-255,1514,203142,44,203476
27527,0.037223,172.31.46.0-255,70,203212,44,203476
27528,0.0386,104.244.42.0-255,66,203278,44,203476
27529,0.0387,104.244.42.0-255,66,203344,44,203476
27530,0.038762,104.244.42.0-255,66,203410,44,203476
27531,0.038781,104.244.42.0-255,66,203476,44,203476
27532,0.0,74.125.24.0-255,153,153,44,288600
27533,2.2e-05,172.31.46.0-255,66,219,44,288600
27534,2.9e-05,74.125.24.0-255,1484,1703,44,288600
27535,3.4e-05,172.31.46.0-255,66,1769,44,288600
27536,4.2e-05,74.125.24.0-255,2902,4671,44,288600
27537,5.5e-05,172.31.46.0-255,66,4737,44,288600
27538,6.1e-05,74.125.24.0-255,5738,10475,44,288600
27539,6.4e-05,172.31.46.0-255,66,10541,44,288600
27540,0.000115,172.31.46.0-255,66,10607,44,288600
27541,0.000119,74.125.24.0-255,1484,12091,44,288600
27542,0.000121,172.31.46.0-255,66,12157,44,288600
27543,0.000153,74.125.24.0-255,5379,17536,44,288600
27544,0.000156,172.31.46.0-255,66,17602,44,288600
27545,0.00022,74.125.24.0-255,1484,19086,44,288600
27546,0.000224,172.31.46.0-255,66,19152,44,288600
27547,0.000247,74.125.24.0-255,2902,22054,44,288600
27548,0.000249,172.31.46.0-255,66,22120,44,288600
27549,0.000256,74.125.24.0-255,5738,27858,44,288600
27550,0.000258,172.31.46.0-255,66,27924,44,288600
27551,0.000297,172.31.46.0-255,66,27990,44,288600
27552,0.0003,74.125.24.0-255,1484,29474,44,288600
27553,0.000302,172.31.46.0-255,66,29540,44,288600
27554,0.000337,74.125.24.0-255,7156,36696,44,288600
27555,0.000341,172.31.46.0-255,66,36762,44,288600
27556,0.000352,74.125.24.0-255,6797,43559,44,288600
27557,0.000355,172.31.46.0-255,66,43625,44,288600
27558,0.002482,74.125.24.0-255,646,44271,44,288600
27559,0.00249,172.31.46.0-255,66,44337,44,288600
27560,0.002529,74.125.24.0-255,1484,45821,44,288600
27561,0.002532,172.31.46.0-255,66,45887,44,288600
27562,0.002551,74.125.24.0-255,2902,48789,44,288600
27563,0.002553,172.31.46.0-255,66,48855,44,288600
27564,0.004551,74.125.24.0-255,1484,50339,44,288600
27565,0.004596,74.125.24.0-255,2902,53241,44,288600
27566,0.004599,172.31.46.0-255,66,53307,44,288600
27567,0.004626,74.125.24.0-255,1484,54791,44,288600
27568,0.006686,74.125.24.0-255,4320,59111,44,288600
27569,0.006692,172.31.46.0-255,66,59177,44,288600
27570,0.008779,74.125.24.0-255,5738,64915,44,288600
27571,0.008788,172.31.46.0-255,66,64981,44,288600
27572,0.010828,74.125.24.0-255,5738,70719,44,288600
27573,0.010836,172.31.46.0-255,66,70785,44,288600
27574,0.012887,74.125.24.0-255,5738,76523,44,288600
27575,0.012894,172.31.46.0-255,66,76589,44,288600
27576,0.014951,74.125.24.0-255,5738,82327,44,288600
27577,0.01496,172.31.46.0-255,66,82393,44,288600
27578,0.017059,74.125.24.0-255,5738,88131,44,288600
27579,0.017067,172.31.46.0-255,66,88197,44,288600
27580,0.019162,74.125.24.0-255,5738,93935,44,288600
27581,0.01917,172.31.46.0-255,66,94001,44,288600
27582,0.021258,74.125.24.0-255,5738,99739,44,288600
27583,0.021265,172.31.46.0-255,66,99805,44,288600
27584,0.023339,74.125.24.0-255,5738,105543,44,288600
27585,0.023348,172.31.46.0-255,66,105609,44,288600
27586,0.025402,74.125.24.0-255,2902,108511,44,288600
27587,0.02541,172.31.46.0-255,66,108577,44,288600
27588,0.025443,74.125.24.0-255,2902,111479,44,288600
27589,0.025446,172.31.46.0-255,66,111545,44,288600
27590,0.02745,74.125.24.0-255,2902,114447,44,288600
27591,0.027459,172.31.46.0-255,66,114513,44,288600
27592,0.027503,74.125.24.0-255,2902,117415,44,288600
27593,0.027506,172.31.46.0-255,66,117481,44,288600
27594,0.02954,74.125.24.0-255,2902,120383,44,288600
27595,0.029549,172.31.46.0-255,66,120449,44,288600
27596,0.029599,74.125.24.0-255,2902,123351,44,288600
27597,0.029603,172.31.46.0-255,66,123417,44,288600
27598,0.031646,74.125.24.0-255,2902,126319,44,288600
27599,0.031655,172.31.46.0-255,66,126385,44,288600
27600,0.031698,74.125.24.0-255,2902,129287,44,288600
27601,0.031701,172.31.46.0-255,66,129353,44,288600
27602,0.033739,74.125.24.0-255,2902,132255,44,288600
27603,0.033748,172.31.46.0-255,66,132321,44,288600
27604,0.033771,74.125.24.0-255,1484,133805,44,288600
27605,0.03379,74.125.24.0-255,1484,135289,44,288600
27606,0.033793,172.31.46.0-255,66,135355,44,288600
27607,0.034918,172.31.46.0-255,164,135519,44,288600
27608,0.03495,172.31.46.0-255,1118,136637,44,288600
27609,0.035013,172.31.46.0-255,562,137199,44,288600
27610,0.035807,74.125.24.0-255,2902,140101,44,288600
27611,0.035814,172.31.46.0-255,66,140167,44,288600
27612,0.035846,74.125.24.0-255,2902,143069,44,288600
27613,0.035849,172.31.46.0-255,66,143135,44,288600
27614,0.036472,104.244.42.0-255,66,143201,44,288600
27615,0.03648,104.244.42.0-255,66,143267,44,288600
27616,0.036543,104.244.42.0-255,66,143333,44,288600
27617,0.037914,74.125.24.0-255,5738,149071,44,288600
27618,0.037925,172.31.46.0-255,66,149137,44,288600
27619,0.040025,74.125.24.0-255,5738,154875,44,288600
27620,0.040033,172.31.46.0-255,66,154941,44,288600
27621,0.04207,74.125.24.0-255,5738,160679,44,288600
27622,0.042081,172.31.46.0-255,66,160745,44,288600
27623,0.044161,74.125.24.0-255,5738,166483,44,288600
27624,0.04417,172.31.46.0-255,66,166549,44,288600
27625,0.046253,74.125.24.0-255,5738,172287,44,288600
27626,0.046262,172.31.46.0-255,66,172353,44,288600
27627,0.048336,74.125.24.0-255,5738,178091,44,288600
27628,0.048344,172.31.46.0-255,66,178157,44,288600
27629,0.050405,74.125.24.0-255,5738,183895,44,288600
27630,0.050412,172.31.46.0-255,66,183961,44,288600
27631,0.052489,74.125.24.0-255,5738,189699,44,288600
27632,0.052498,172.31.46.0-255,66,189765,44,288600
27633,0.054568,74.125.24.0-255,5738,195503,44,288600
27634,0.054576,172.31.46.0-255,66,195569,44,288600
27635,0.056669,74.125.24.0-255,5738,201307,44,288600
27636,0.056676,172.31.46.0-255,66,201373,44,288600
27637,0.058775,74.125.24.0-255,5738,207111,44,288600
27638,0.058785,172.31.46.0-255,66,207177,44,288600
27639,0.060844,74.125.24.0-255,5738,212915,44,288600
27640,0.060854,172.31.46.0-255,66,212981,44,288600
27641,0.062952,74.125.24.0-255,5738,218719,44,288600
27642,0.062967,172.31.46.0-255,66,218785,44,288600
27643,0.065066,74.125.24.0-255,5738,224523,44,288600
27644,0.065083,172.31.46.0-255,66,224589,44,288600
27645,0.067177,74.125.24.0-255,5738,230327,44,288600
27646,0.067198,172.31.46.0-255,66,230393,44,288600
27647,0.069247,74.125.24.0-255,5738,236131,44,288600
27648,0.069259,172.31.46.0-255,66,236197,44,288600
27649,0.071349,74.125.24.0-255,5738,241935,44,288600
27650,0.071362,172.31.46.0-255,66,242001,44,288600
27651,0.073444,74.125.24.0-255,5738,247739,44,288600
27652,0.07345,172.31.46.0-255,66,247805,44,288600
27653,0.075518,74.125.24.0-255,5738,253543,44,288600
27654,0.075531,172.31.46.0-255,66,253609,44,288600
27655,0.075689,172.31.46.0-255,101,253710,44,288600
27656,0.077573,74.125.24.0-255,5738,259448,44,288600
27657,0.07758,172.31.46.0-255,66,259514,44,288600
27658,0.077705,74.125.24.0-255,66,259580,44,288600
27659,0.079668,74.125.24.0-255,5738,265318,44,288600
27660,0.079675,172.31.46.0-255,66,265384,44,288600
27661,0.081789,74.125.24.0-255,5738,271122,44,288600
27662,0.081796,172.31.46.0-255,66,271188,44,288600
27663,0.083849,74.125.24.0-255,5738,276926,44,288600
27664,0.083856,172.31.46.0-255,66,276992,44,288600
27665,0.085963,74.125.24.0-255,5738,282730,44,288600
27666,0.085969,172.31.46.0-255,66,282796,44,288600
27667,0.088034,74.125.24.0-255,5738,288534,44,288600
27668,0.088041,172.31.46.0-255,66,288600,44,288600
27669,0.0,74.125.68.0-255,153,153,44,379529
27670,2.5e-05,172.31.46.0-255,66,219,44,379529
27671,3.2e-05,74.125.68.0-255,1484,1703,44,379529
27672,3.7e-05,172.31.46.0-255,66,1769,44,379529
27673,5e-05,74.125.68.0-255,2902,4671,44,379529
27674,5.3e-05,172.31.46.0-255,66,4737,44,379529
27675,5.9e-05,74.125.68.0-255,4320,9057,44,379529
27676,6.1e-05,172.31.46.0-255,66,9123,44,379529
27677,0.000108,74.125.68.0-255,4906,14029,44,379529
27678,0.000111,172.31.46.0-255,66,14095,44,379529
27679,0.000127,74.125.68.0-255,5738,19833,44,379529
27680,0.000134,172.31.46.0-255,66,19899,44,379529
27681,0.000138,74.125.68.0-255,2902,22801,44,379529
27682,0.000141,172.31.46.0-255,66,22867,44,379529
27683,0.000146,74.125.68.0-255,2902,25769,44,379529
27684,0.000148,172.31.46.0-255,66,25835,44,379529
27685,0.000179,74.125.68.0-255,1484,27319,44,379529
27686,0.000181,172.31.46.0-255,66,27385,44,379529
27687,0.000191,74.125.68.0-255,3961,31346,44,379529
27688,0.000194,172.31.46.0-255,66,31412,44,379529
27689,0.000234,74.125.68.0-255,4320,35732,44,379529
27690,0.000236,172.31.46.0-255,66,35798,44,379529
27691,0.00024,74.125.68.0-255,1484,37282,44,379529
27692,0.000241,172.31.46.0-255,66,37348,44,379529
27693,0.000275,74.125.68.0-255,4320,41668,44,379529
27694,0.000278,172.31.46.0-255,66,41734,44,379529
27695,0.000317,74.125.68.0-255,2902,44636,44,379529
27696,0.000319,172.31.46.0-255,66,44702,44,379529
27697,0.000342,74.125.68.0-255,3961,48663,44,379529
27698,0.000345,172.31.46.0-255,66,48729,44,379529
27699,0.000686,74.125.68.0-255,1484,50213,44,379529
27700,0.000692,172.31.46.0-255,66,50279,44,379529
27701,0.000699,74.125.68.0-255,2902,53181,44,379529
27702,0.000701,172.31.46.0-255,66,53247,44,379529
27703,0.000704,74.125.68.0-255,1484,54731,44,379529
27704,0.000739,74.125.68.0-255,1484,56215,44,379529
27705,0.000742,172.31.46.0-255,66,56281,44,379529
27706,0.000748,74.125.68.0-255,4320,60601,44,379529
27707,0.00075,172.31.46.0-255,66,60667,44,379529
27708,0.000779,74.125.68.0-255,5379,66046,44,379529
27709,0.000781,172.31.46.0-255,66,66112,44,379529
27710,0.000784,74.125.68.0-255,647,66759,44,379529
27711,0.001177,172.31.46.0-255,66,66825,44,379529
27712,0.001552,74.125.68.0-255,1484,68309,44,379529
27713,0.001584,74.125.68.0-255,1484,69793,44,379529
27714,0.001589,172.31.46.0-255,66,69859,44,379529
27715,0.001594,74.125.68.0-255,1484,71343,44,379529
27716,0.001619,74.125.68.0-255,1484,72827,44,379529
27717,0.001621,172.31.46.0-255,66,72893,44,379529
27718,0.001628,74.125.68.0-255,5738,78631,44,379529
27719,0.00163,172.31.46.0-255,66,78697,44,379529
27720,0.001642,74.125.68.0-255,7156,85853,44,379529
27721,0.001644,172.31.46.0-255,66,85919,44,379529
27722,0.001668,74.125.68.0-255,1484,87403,44,379529
27723,0.001694,74.125.68.0-255,7156,94559,44,379529
27724,0.001696,172.31.46.0-255,66,94625,44,379529
27725,0.001722,74.125.68.0-255,2902,97527,44,379529
27726,0.001724,172.31.46.0-255,66,97593,44,379529
27727,0.001748,74.125.68.0-255,3602,101195,44,379529
27728,0.00175,172.31.46.0-255,66,101261,44,379529
27729,0.001874,74.125.68.0-255,1484,102745,44,379529
27730,0.001894,74.125.68.0-255,2902,105647,44,379529
27731,0.001898,172.31.46.0-255,66,105713,44,379529
27732,0.001921,74.125.68.0-255,5738,111451,44,379529
27733,0.001923,172.31.46.0-255,66,111517,44,379529
27734,0.001957,74.125.68.0-255,7156,118673,44,379529
27735,0.00196,172.31.46.0-255,66,118739,44,379529
27736,0.002001,172.31.46.0-255,66,118805,44,379529
27737,0.002027,74.125.68.0-255,3602,122407,44,379529
27738,0.00203,172.31.46.0-255,66,122473,44,379529
27739,0.002074,74.125.68.0-255,1484,123957,44,379529
27740,0.00208,74.125.68.0-255,2902,126859,44,379529
27741,0.002082,172.31.46.0-255,66,126925,44,379529
27742,0.002105,74.125.68.0-255,4320,131245,44,379529
27743,0.002109,172.31.46.0-255,66,131311,44,379529
27744,0.002138,74.125.68.0-255,1484,132795,44,379529
27745,0.002145,74.125.68.0-255,5738,138533,44,379529
27746,0.002147,172.31.46.0-255,66,138599,44,379529
27747,0.00218,74.125.68.0-255,2902,141501,44,379529
27748,0.002182,172.31.46.0-255,66,141567,44,379529
27749,0.002212,74.125.68.0-255,4320,145887,44,379529
27750,0.002215,172.31.46.0-255,66,145953,44,379529
27751,0.002218,74.125.68.0-255,1484,147437,44,379529
27752,0.002248,74.125.68.0-255,7156,154593,44,379529
27753,0.002251,172.31.46.0-255,66,154659,44,379529
27754,0.002255,74.125.68.0-255,2184,156843,44,379529
27755,0.002257,172.31.46.0-255,66,156909,44,379529
27756,0.00455,74.125.68.0-255,5738,162647,44,379529
27757,0.004567,172.31.46.0-255,66,162713,44,379529
27758,0.006887,74.125.68.0-255,5738,168451,44,379529
27759,0.006896,172.31.46.0-255,66,168517,44,379529
27760,0.00919,74.125.68.0-255,5738,174255,44,379529
27761,0.009204,172.31.46.0-255,66,174321,44,379529
27762,0.011511,74.125.68.0-255,5738,180059,44,379529
27763,0.011524,172.31.46.0-255,66,180125,44,379529
27764,0.013824,74.125.68.0-255,5738,185863,44,379529
27765,0.01384,172.31.46.0-255,66,185929,44,379529
27766,0.016173,74.125.68.0-255,5738,191667,44,379529
27767,0.016188,172.31.46.0-255,66,191733,44,379529
27768,0.018516,74.125.68.0-255,4320,196053,44,379529
27769,0.018528,172.31.46.0-255,66,196119,44,379529
27770,0.018563,74.125.68.0-255,1484,197603,44,379529
27771,0.020828,74.125.68.0-255,4320,201923,44,379529
27772,0.020842,172.31.46.0-255,66,201989,44,379529
27773,0.023132,74.125.68.0-255,5738,207727,44,379529
27774,0.023138,172.31.46.0-255,66,207793,44,379529
27775,0.02544,74.125.68.0-255,5738,213531,44,379529
27776,0.025456,172.31.46.0-255,66,213597,44,379529
27777,0.027828,74.125.68.0-255,5738,219335,44,379529
27778,0.027845,172.31.46.0-255,66,219401,44,379529
27779,0.030142,74.125.68.0-255,5738,225139,44,379529
27780,0.030151,172.31.46.0-255,66,225205,44,379529
27781,0.032574,74.125.68.0-255,5738,230943,44,379529
27782,0.032588,172.31.46.0-255,66,231009,44,379529
27783,0.034898,74.125.68.0-255,5738,236747,44,379529
27784,0.034914,172.31.46.0-255,66,236813,44,379529
27785,0.037021,172.31.46.0-255,164,236977,44,379529
27786,0.037056,172.31.46.0-255,1123,238100,44,379529
27787,0.037129,172.31.46.0-255,1514,239614,44,379529
27788,0.03713,172.31.46.0-255,1514,241128,44,379529
27789,0.037132,172.31.46.0-255,1514,242642,44,379529
27790,0.037133,172.31.46.0-255,1514,244156,44,379529
27791,0.037134,172.31.46.0-255,1509,245665,44,379529
27792,0.037229,74.125.68.0-255,5738,251403,44,379529
27793,0.037237,172.31.46.0-255,66,251469,44,379529
27794,0.038558,104.244.42.0-255,66,251535,44,379529
27795,0.038588,104.244.42.0-255,66,251601,44,379529
27796,0.038704,104.244.42.0-255,66,251667,44,379529
27797,0.039527,74.125.68.0-255,5738,257405,44,379529
27798,0.039536,172.31.46.0-255,66,257471,44,379529
27799,0.039565,104.244.42.0-255,108,257579,44,379529
27800,0.039568,172.31.46.0-255,66,257645,44,379529
27801,0.041833,74.125.68.0-255,5738,263383,44,379529
27802,0.041841,172.31.46.0-255,66,263449,44,379529
27803,0.044136,74.125.68.0-255,5738,269187,44,379529
27804,0.044143,172.31.46.0-255,66,269253,44,379529
27805,0.046434,74.125.68.0-255,5738,274991,44,379529
27806,0.046442,172.31.46.0-255,66,275057,44,379529
27807,0.048732,74.125.68.0-255,5738,280795,44,379529
27808,0.048738,172.31.46.0-255,66,280861,44,379529
27809,0.051043,74.125.68.0-255,5738,286599,44,379529
27810,0.051051,172.31.46.0-255,66,286665,44,379529
27811,0.053355,74.125.68.0-255,5738,292403,44,379529
27812,0.053364,172.31.46.0-255,66,292469,44,379529
27813,0.055662,74.125.68.0-255,5738,298207,44,379529
27814,0.055678,172.31.46.0-255,66,298273,44,379529
27815,0.057981,74.125.68.0-255,5738,304011,44,379529
27816,0.058,172.31.46.0-255,66,304077,44,379529
27817,0.0603,74.125.68.0-255,5738,309815,44,379529
27818,0.060318,172.31.46.0-255,66,309881,44,379529
27819,0.062628,74.125.68.0-255,5738,315619,44,379529
27820,0.06265,172.31.46.0-255,66,315685,44,379529
27821,0.064971,74.125.68.0-255,5738,321423,44,379529
27822,0.064992,172.31.46.0-255,66,321489,44,379529
27823,0.067308,74.125.68.0-255,5738,327227,44,379529
27824,0.067326,172.31.46.0-255,66,327293,44,379529
27825,0.069645,74.125.68.0-255,5738,333031,44,379529
27826,0.06966,172.31.46.0-255,66,333097,44,379529
27827,0.071996,74.125.68.0-255,5738,338835,44,379529
27828,0.072006,172.31.46.0-255,66,338901,44,379529
27829,0.074297,74.125.68.0-255,5738,344639,44,379529
27830,0.074303,172.31.46.0-255,66,344705,44,379529
27831,0.076628,74.125.68.0-255,5738,350443,44,379529
27832,0.076642,172.31.46.0-255,66,350509,44,379529
27833,0.078959,74.125.68.0-255,5738,356247,44,379529
27834,0.078979,172.31.46.0-255,66,356313,44,379529
27835,0.081272,74.125.68.0-255,5738,362051,44,379529
27836,0.081281,172.31.46.0-255,66,362117,44,379529
27837,0.083576,74.125.68.0-255,5738,367855,44,379529
27838,0.083585,172.31.46.0-255,66,367921,44,379529
27839,0.08589,74.125.68.0-255,5738,373659,44,379529
27840,0.085898,172.31.46.0-255,66,373725,44,379529
27841,0.088198,74.125.68.0-255,5738,379463,44,379529
27842,0.088206,172.31.46.0-255,66,379529,44,379529
27843,0.0,172.217.194.0-255,146,146,44,242612
27844,2.2e-05,172.31.46.0-255,66,212,44,242612
27845,2.9e-05,172.217.194.0-255,1484,1696,44,242612
27846,3.3e-05,172.31.46.0-255,66,1762,44,242612
27847,3.9e-05,172.217.194.0-255,2902,4664,44,242612
27848,4.2e-05,172.31.46.0-255,66,4730,44,242612
27849,4.9e-05,172.217.194.0-255,5738,10468,44,242612
27850,5.2e-05,172.31.46.0-255,66,10534,44,242612
27851,8.7e-05,172.217.194.0-255,3528,14062,44,242612
27852,8.9e-05,172.31.46.0-255,66,14128,44,242612
27853,0.00012,172.217.194.0-255,2902,17030,44,242612
27854,0.000123,172.31.46.0-255,66,17096,44,242612
27855,0.000143,172.217.194.0-255,1484,18580,44,242612
27856,0.000145,172.31.46.0-255,66,18646,44,242612
27857,0.000152,172.217.194.0-255,5738,24384,44,242612
27858,0.000154,172.31.46.0-255,66,24450,44,242612
27859,0.000159,172.217.194.0-255,4320,28770,44,242612
27860,0.000161,172.31.46.0-255,66,28836,44,242612
27861,0.000182,172.31.46.0-255,66,28902,44,242612
27862,0.000189,172.217.194.0-255,7156,36058,44,242612
27863,0.000192,172.31.46.0-255,66,36124,44,242612
27864,0.000216,172.217.194.0-255,3961,40085,44,242612
27865,0.000219,172.31.46.0-255,66,40151,44,242612
27866,0.000269,172.217.194.0-255,1484,41635,44,242612
27867,0.000272,172.31.46.0-255,66,41701,44,242612
27868,0.000277,172.217.194.0-255,2902,44603,44,242612
27869,0.000279,172.31.46.0-255,66,44669,44,242612
27870,0.00029,172.217.194.0-255,1484,46153,44,242612
27871,0.000292,172.31.46.0-255,66,46219,44,242612
27872,0.000306,172.217.194.0-255,4320,50539,44,242612
27873,0.000309,172.31.46.0-255,66,50605,44,242612
27874,0.000337,172.31.46.0-255,66,50671,44,242612
27875,0.000364,172.217.194.0-255,5738,56409,44,242612
27876,0.000367,172.31.46.0-255,66,56475,44,242612
27877,0.000386,172.217.194.0-255,2902,59377,44,242612
27878,0.000388,172.31.46.0-255,66,59443,44,242612
27879,0.000399,172.31.46.0-255,66,59509,44,242612
27880,0.000463,172.31.46.0-255,66,59575,44,242612
27881,0.000865,172.217.194.0-255,1484,61059,44,242612
27882,0.00087,172.217.194.0-255,2902,63961,44,242612
27883,0.000877,172.31.46.0-255,66,64027,44,242612
27884,0.000892,172.217.194.0-255,5738,69765,44,242612
27885,0.000894,172.31.46.0-255,66,69831,44,242612
27886,0.000898,172.217.194.0-255,1484,71315,44,242612
27887,0.00093,172.217.194.0-255,7156,78471,44,242612
27888,0.000933,172.31.46.0-255,66,78537,44,242612
27889,0.000965,172.217.194.0-255,7156,85693,44,242612
27890,0.000968,172.31.46.0-255,66,85759,44,242612
27891,0.000997,172.31.46.0-255,66,85825,44,242612
27892,0.001024,172.217.194.0-255,1484,87309,44,242612
27893,0.001043,172.217.194.0-255,2902,90211,44,242612
27894,0.001049,172.217.194.0-255,5738,95949,44,242612
27895,0.001053,172.31.46.0-255,66,96015,44,242612
27896,0.001056,172.31.46.0-255,66,96081,44,242612
27897,0.001078,172.217.194.0-255,7156,103237,44,242612
27898,0.001081,172.31.46.0-255,66,103303,44,242612
27899,0.001106,172.217.194.0-255,5738,109041,44,242612
27900,0.001109,172.31.46.0-255,66,109107,44,242612
27901,0.001123,172.31.46.0-255,66,109173,44,242612
27902,0.001219,172.217.194.0-255,1484,110657,44,242612
27903,0.001224,172.217.194.0-255,2902,113559,44,242612
27904,0.001227,172.31.46.0-255,66,113625,44,242612
27905,0.001249,172.217.194.0-255,5738,119363,44,242612
27906,0.001251,172.31.46.0-255,66,119429,44,242612
27907,0.001257,172.217.194.0-255,4320,123749,44,242612
27908,0.001259,172.31.46.0-255,66,123815,44,242612
27909,0.001299,172.31.46.0-255,66,123881,44,242612
27910,0.001332,172.31.46.0-255,66,123947,44,242612
27911,0.001726,172.217.194.0-255,1484,125431,44,242612
27912,0.001732,172.217.194.0-255,2902,128333,44,242612
27913,0.001735,172.31.46.0-255,66,128399,44,242612
27914,0.00174,172.217.194.0-255,2902,131301,44,242612
27915,0.001742,172.31.46.0-255,66,131367,44,242612
27916,0.001758,172.217.194.0-255,2902,134269,44,242612
27917,0.00176,172.31.46.0-255,66,134335,44,242612
27918,0.001766,172.217.194.0-255,4320,138655,44,242612
27919,0.001768,172.31.46.0-255,66,138721,44,242612
27920,0.001799,172.31.46.0-255,66,138787,44,242612
27921,0.001803,172.217.194.0-255,2902,141689,44,242612
27922,0.001805,172.31.46.0-255,66,141755,44,242612
27923,0.001849,172.31.46.0-255,66,141821,44,242612
27924,0.001855,172.217.194.0-255,4320,146141,44,242612
27925,0.001858,172.31.46.0-255,66,146207,44,242612
27926,0.001877,172.217.194.0-255,7156,153363,44,242612
27927,0.001881,172.31.46.0-255,66,153429,44,242612
27928,0.001899,172.217.194.0-255,4320,157749,44,242612
27929,0.001902,172.31.46.0-255,66,157815,44,242612
27930,0.001936,172.31.46.0-255,66,157881,44,242612
27931,0.002223,172.217.194.0-255,1484,159365,44,242612
27932,0.002227,172.217.194.0-255,1484,160849,44,242612
27933,0.002231,172.31.46.0-255,66,160915,44,242612
27934,0.002249,172.217.194.0-255,1484,162399,44,242612
27935,0.002252,172.217.194.0-255,1484,163883,44,242612
27936,0.002255,172.31.46.0-255,66,163949,44,242612
27937,0.002283,172.217.194.0-255,4320,168269,44,242612
27938,0.002297,172.31.46.0-255,66,168335,44,242612
27939,0.002304,172.31.46.0-255,66,168401,44,242612
27940,0.002317,172.31.46.0-255,66,168467,44,242612
27941,0.00234,172.217.194.0-255,1484,169951,44,242612
27942,0.002383,172.31.46.0-255,66,170017,44,242612
27943,0.002398,172.31.46.0-255,66,170083,44,242612
27944,0.002402,172.217.194.0-255,2902,172985,44,242612
27945,0.002405,172.31.46.0-255,66,173051,44,242612
27946,0.002429,172.217.194.0-255,6438,179489,44,242612
27947,0.002432,172.31.46.0-255,66,179555,44,242612
27948,0.004814,172.217.194.0-255,4320,183875,44,242612
27949,0.00482,172.31.46.0-255,66,183941,44,242612
27950,0.004838,172.217.194.0-255,1484,185425,44,242612
27951,0.007183,172.217.194.0-255,4320,189745,44,242612
27952,0.007185,172.31.46.0-255,66,189811,44,242612
27953,0.009554,172.217.194.0-255,5738,195549,44,242612
27954,0.009561,172.31.46.0-255,66,195615,44,242612
27955,0.011934,172.217.194.0-255,5738,201353,44,242612
27956,0.011942,172.31.46.0-255,66,201419,44,242612
27957,0.014296,172.217.194.0-255,5738,207157,44,242612
27958,0.014303,172.31.46.0-255,66,207223,44,242612
27959,0.016664,172.217.194.0-255,5738,212961,44,242612
27960,0.016671,172.31.46.0-255,66,213027,44,242612
27961,0.019043,172.217.194.0-255,5738,218765,44,242612
27962,0.019052,172.31.46.0-255,66,218831,44,242612
27963,0.021428,172.217.194.0-255,5738,224569,44,242612
27964,0.021439,172.31.46.0-255,66,224635,44,242612
27965,0.0238,172.217.194.0-255,5738,230373,44,242612
27966,0.023807,172.31.46.0-255,66,230439,44,242612
27967,0.026191,172.217.194.0-255,3980,234419,44,242612
27968,0.026197,172.31.46.0-255,66,234485,44,242612
27969,0.026346,172.31.46.0-255,105,234590,44,242612
27970,0.028678,172.217.194.0-255,66,234656,44,242612
27971,0.039185,172.31.46.0-255,166,234822,44,242612
27972,0.03922,172.31.46.0-255,1138,235960,44,242612
27973,0.039301,172.31.46.0-255,1514,237474,44,242612
27974,0.039304,172.31.46.0-255,1514,238988,44,242612
27975,0.039305,172.31.46.0-255,1514,240502,44,242612
27976,0.039306,172.31.46.0-255,1514,242016,44,242612
27977,0.039332,172.31.46.0-255,332,242348,44,242612
27978,0.040772,104.244.42.0-255,66,242414,44,242612
27979,0.040782,104.244.42.0-255,66,242480,44,242612
27980,0.040872,104.244.42.0-255,66,242546,44,242612
27981,0.040878,104.244.42.0-255,66,242612,44,242612
27982,0.0,74.125.130.0-255,147,147,44,309020
27983,1.4e-05,172.31.46.0-255,66,213,44,309020
27984,2e-05,74.125.130.0-255,1484,1697,44,309020
27985,2.4e-05,172.31.46.0-255,66,1763,44,309020
27986,2.9e-05,74.125.130.0-255,2902,4665,44,309020
27987,3.2e-05,172.31.46.0-255,66,4731,44,309020
27988,3.9e-05,74.125.130.0-255,5738,10469,44,309020
27989,4.1e-05,172.31.46.0-255,66,10535,44,309020
27990,7.8e-05,172.31.46.0-255,66,10601,44,309020
27991,9.7e-05,74.125.130.0-255,1484,12085,44,309020
27992,9.9e-05,172.31.46.0-255,66,12151,44,309020
27993,0.000126,172.31.46.0-255,66,12217,44,309020
27994,0.000129,74.125.130.0-255,1125,13342,44,309020
27995,0.000131,172.31.46.0-255,66,13408,44,309020
27996,0.000446,74.125.130.0-255,1484,14892,44,309020
27997,0.000452,172.31.46.0-255,66,14958,44,309020
27998,0.000456,74.125.130.0-255,1484,16442,44,309020
27999,0.000458,172.31.46.0-255,66,16508,44,309020
28000,0.000473,74.125.130.0-255,1484,17992,44,309020
28001,0.000475,172.31.46.0-255,66,18058,44,309020
28002,0.000481,74.125.130.0-255,4320,22378,44,309020
28003,0.000484,172.31.46.0-255,66,22444,44,309020
28004,0.000489,74.125.130.0-255,4320,26764,44,309020
28005,0.000491,172.31.46.0-255,66,26830,44,309020
28006,0.000516,74.125.130.0-255,4320,31150,44,309020
28007,0.000519,172.31.46.0-255,66,31216,44,309020
28008,0.000536,74.125.130.0-255,1484,32700,44,309020
28009,0.000538,172.31.46.0-255,66,32766,44,309020
28010,0.000569,172.31.46.0-255,66,32832,44,309020
28011,0.000773,74.125.130.0-255,647,33479,44,309020
28012,0.000822,74.125.130.0-255,1484,34963,44,309020
28013,0.000826,172.31.46.0-255,66,35029,44,309020
28014,0.000856,74.125.130.0-255,2902,37931,44,309020
28015,0.000861,74.125.130.0-255,2902,40833,44,309020
28016,0.000865,172.31.46.0-255,66,40899,44,309020
28017,0.000875,74.125.130.0-255,1484,42383,44,309020
28018,0.000893,74.125.130.0-255,2902,45285,44,309020
28019,0.000896,172.31.46.0-255,66,45351,44,309020
28020,0.000943,74.125.130.0-255,7156,52507,44,309020
28021,0.000975,74.125.130.0-255,4320,56827,44,309020
28022,0.00099,74.125.130.0-255,1484,58311,44,309020
28023,0.000996,172.31.46.0-255,66,58377,44,309020
28024,0.001006,74.125.130.0-255,766,59143,44,309020
28025,0.001228,74.125.130.0-255,1484,60627,44,309020
28026,0.001232,172.31.46.0-255,66,60693,44,309020
28027,0.001237,74.125.130.0-255,2902,63595,44,309020
28028,0.001241,74.125.130.0-255,1484,65079,44,309020
28029,0.001256,74.125.130.0-255,4320,69399,44,309020
28030,0.001264,172.31.46.0-255,66,69465,44,309020
28031,0.001289,74.125.130.0-255,5738,75203,44,309020
28032,0.001308,74.125.130.0-255,4320,79523,44,309020
28033,0.001318,172.31.46.0-255,66,79589,44,309020
28034,0.001376,172.31.46.0-255,66,79655,44,309020
28035,0.001394,74.125.130.0-255,4320,83975,44,309020
28036,0.001396,74.125.130.0-255,1484,85459,44,309020
28037,0.001407,172.31.46.0-255,66,85525,44,309020
28038,0.001413,74.125.130.0-255,4320,89845,44,309020
28039,0.00144,74.125.130.0-255,5738,95583,44,309020
28040,0.001454,74.125.130.0-255,1484,97067,44,309020
28041,0.001465,172.31.46.0-255,66,97133,44,309020
28042,0.001468,74.125.130.0-255,766,97899,44,309020
28043,0.001482,74.125.130.0-255,1484,99383,44,309020
28044,0.001501,74.125.130.0-255,4320,103703,44,309020
28045,0.001535,172.31.46.0-255,66,103769,44,309020
28046,0.00154,172.31.46.0-255,66,103835,44,309020
28047,0.001549,74.125.130.0-255,2902,106737,44,309020
28048,0.001572,74.125.130.0-255,7156,113893,44,309020
28049,0.001584,172.31.46.0-255,66,113959,44,309020
28050,0.001601,74.125.130.0-255,7156,121115,44,309020
28051,0.001615,74.125.130.0-255,4320,125435,44,309020
28052,0.001622,172.31.46.0-255,66,125501,44,309020
28053,0.001637,74.125.130.0-255,4320,129821,44,309020
28054,0.00165,172.31.46.0-255,66,129887,44,309020
28055,0.001668,172.31.46.0-255,66,129953,44,309020
28056,0.001684,74.125.130.0-255,2902,132855,44,309020
28057,0.001709,172.31.46.0-255,66,132921,44,309020
28058,0.001906,74.125.130.0-255,1484,134405,44,309020
28059,0.001928,74.125.130.0-255,2902,137307,44,309020
28060,0.001932,74.125.130.0-255,2902,140209,44,309020
28061,0.001938,172.31.46.0-255,66,140275,44,309020
28062,0.001948,74.125.130.0-255,4320,144595,44,309020
28063,0.001953,172.31.46.0-255,66,144661,44,309020
28064,0.001962,74.125.130.0-255,2902,147563,44,309020
28065,0.001977,74.125.130.0-255,5738,153301,44,309020
28066,0.001996,74.125.130.0-255,5738,159039,44,309020
28067,0.002009,172.31.46.0-255,66,159105,44,309020
28068,0.002051,172.31.46.0-255,66,159171,44,309020
28069,0.002207,74.125.130.0-255,1484,160655,44,309020
28070,0.002211,74.125.130.0-255,1484,162139,44,309020
28071,0.002214,172.31.46.0-255,101,162240,44,309020
28072,0.002224,74.125.130.0-255,1484,163724,44,309020
28073,0.002228,74.125.130.0-255,2902,166626,44,309020
28074,0.00225,74.125.130.0-255,2902,169528,44,309020
28075,0.002255,74.125.130.0-255,4320,173848,44,309020
28076,0.002267,74.125.130.0-255,1484,175332,44,309020
28077,0.002269,74.125.130.0-255,1484,176816,44,309020
28078,0.002294,74.125.130.0-255,5738,182554,44,309020
28079,0.002299,74.125.130.0-255,4320,186874,44,309020
28080,0.004039,172.31.46.0-255,66,186940,44,309020
28081,0.004444,74.125.130.0-255,66,187006,44,309020
28082,0.00631,74.125.130.0-255,5738,192744,44,309020
28083,0.006315,172.31.46.0-255,66,192810,44,309020
28084,0.008561,74.125.130.0-255,4320,197130,44,309020
28085,0.008568,172.31.46.0-255,66,197196,44,309020
28086,0.00859,74.125.130.0-255,1484,198680,44,309020
28087,0.010815,74.125.130.0-255,4320,203000,44,309020
28088,0.010824,172.31.46.0-255,66,203066,44,309020
28089,0.013079,74.125.130.0-255,5738,208804,44,309020
28090,0.013087,172.31.46.0-255,66,208870,44,309020
28091,0.015336,74.125.130.0-255,5738,214608,44,309020
28092,0.015344,172.31.46.0-255,66,214674,44,309020
28093,0.017621,74.125.130.0-255,5738,220412,44,309020
28094,0.017632,172.31.46.0-255,66,220478,44,309020
28095,0.019886,74.125.130.0-255,5738,226216,44,309020
28096,0.019894,172.31.46.0-255,66,226282,44,309020
28097,0.022139,74.125.130.0-255,5738,232020,44,309020
28098,0.022145,172.31.46.0-255,66,232086,44,309020
28099,0.024404,74.125.130.0-255,5738,237824,44,309020
28100,0.024412,172.31.46.0-255,66,237890,44,309020
28101,0.026666,74.125.130.0-255,5738,243628,44,309020
28102,0.026674,172.31.46.0-255,66,243694,44,309020
28103,0.028935,74.125.130.0-255,5738,249432,44,309020
28104,0.028942,172.31.46.0-255,66,249498,44,309020
28105,0.031184,74.125.130.0-255,5738,255236,44,309020
28106,0.031192,172.31.46.0-255,66,255302,44,309020
28107,0.033482,74.125.130.0-255,5738,261040,44,309020
28108,0.033492,172.31.46.0-255,66,261106,44,309020
28109,0.035754,74.125.130.0-255,5738,266844,44,309020
28110,0.035763,172.31.46.0-255,66,266910,44,309020
28111,0.03687,172.31.46.0-255,172,267082,44,309020
28112,0.036917,172.31.46.0-255,1109,268191,44,309020
28113,0.036979,172.31.46.0-255,1514,269705,44,309020
28114,0.036981,172.31.46.0-255,1514,271219,44,309020
28115,0.036982,172.31.46.0-255,1514,272733,44,309020
28116,0.036987,172.31.46.0-255,1514,274247,44,309020
28117,0.036988,172.31.46.0-255,1514,275761,44,309020
28118,0.036989,172.31.46.0-255,75,275836,44,309020
28119,0.038029,74.125.130.0-255,5738,281574,44,309020
28120,0.038035,172.31.46.0-255,66,281640,44,309020
28121,0.038447,104.244.42.0-255,66,281706,44,309020
28122,0.038492,104.244.42.0-255,66,281772,44,309020
28123,0.038553,104.244.42.0-255,66,281838,44,309020
28124,0.038559,104.244.42.0-255,66,281904,44,309020
28125,0.040293,74.125.130.0-255,5738,287642,44,309020
28126,0.040301,172.31.46.0-255,66,287708,44,309020
28127,0.042553,74.125.130.0-255,5738,293446,44,309020
28128,0.04256,172.31.46.0-255,66,293512,44,309020
28129,0.044823,74.125.130.0-255,5738,299250,44,309020
28130,0.044829,172.31.46.0-255,66,299316,44,309020
28131,0.047091,74.125.130.0-255,5738,305054,44,309020
28132,0.047098,172.31.46.0-255,66,305120,44,309020
28133,0.04938,74.125.130.0-255,3663,308783,44,309020
28134,0.04939,172.31.46.0-255,66,308849,44,309020
28135,0.049567,172.31.46.0-255,105,308954,44,309020
28136,0.055958,74.125.130.0-255,66,309020,44,309020
28137,0.0,74.125.24.0-255,177,177,44,325561
28138,1.4e-05,172.31.46.0-255,66,243,44,325561
28139,2e-05,74.125.24.0-255,1484,1727,44,325561
28140,2.4e-05,172.31.46.0-255,66,1793,44,325561
28141,3e-05,74.125.24.0-255,2902,4695,44,325561
28142,3.9e-05,172.31.46.0-255,66,4761,44,325561
28143,6.6e-05,74.125.24.0-255,4320,9081,44,325561
28144,6.9e-05,172.31.46.0-255,66,9147,44,325561
28145,7.4e-05,74.125.24.0-255,4927,14074,44,325561
28146,7.6e-05,172.31.46.0-255,66,14140,44,325561
28147,0.000148,74.125.24.0-255,1484,15624,44,325561
28148,0.00015,172.31.46.0-255,66,15690,44,325561
28149,0.000155,74.125.24.0-255,2902,18592,44,325561
28150,0.000157,172.31.46.0-255,66,18658,44,325561
28151,0.00016,74.125.24.0-255,1484,20142,44,325561
28152,0.000161,172.31.46.0-255,66,20208,44,325561
28153,0.000189,74.125.24.0-255,4320,24528,44,325561
28154,0.000192,172.31.46.0-255,66,24594,44,325561
28155,0.000204,74.125.24.0-255,1484,26078,44,325561
28156,0.000205,172.31.46.0-255,66,26144,44,325561
28157,0.000242,74.125.24.0-255,6797,32941,44,325561
28158,0.000245,172.31.46.0-255,66,33007,44,325561
28159,0.000254,172.31.46.0-255,66,33073,44,325561
28160,0.000259,74.125.24.0-255,2902,35975,44,325561
28161,0.000261,172.31.46.0-255,66,36041,44,325561
28162,0.000285,74.125.24.0-255,3961,40002,44,325561
28163,0.000287,172.31.46.0-255,66,40068,44,325561
28164,0.000443,74.125.24.0-255,1484,41552,44,325561
28165,0.000447,172.31.46.0-255,66,41618,44,325561
28166,0.000477,74.125.24.0-255,2902,44520,44,325561
28167,0.00048,172.31.46.0-255,66,44586,44,325561
28168,0.000485,74.125.24.0-255,4320,48906,44,325561
28169,0.000487,172.31.46.0-255,66,48972,44,325561
28170,0.000523,172.31.46.0-255,66,49038,44,325561
28171,0.000594,74.125.24.0-255,1484,50522,44,325561
28172,0.000609,74.125.24.0-255,2902,53424,44,325561
28173,0.000612,172.31.46.0-255,66,53490,44,325561
28174,0.000646,74.125.24.0-255,1484,54974,44,325561
28175,0.000662,74.125.24.0-255,4320,59294,44,325561
28176,0.000665,172.31.46.0-255,66,59360,44,325561
28177,0.000676,172.31.46.0-255,66,59426,44,325561
28178,0.000706,172.31.46.0-255,66,59492,44,325561
28179,0.000728,74.125.24.0-255,2902,62394,44,325561
28180,0.000731,172.31.46.0-255,66,62460,44,325561
28181,0.000733,74.125.24.0-255,1125,63585,44,325561
28182,0.000767,74.125.24.0-255,4320,67905,44,325561
28183,0.000772,172.31.46.0-255,66,67971,44,325561
28184,0.000799,74.125.24.0-255,1484,69455,44,325561
28185,0.000807,74.125.24.0-255,7156,76611,44,325561
28186,0.000809,172.31.46.0-255,66,76677,44,325561
28187,0.000822,172.31.46.0-255,66,76743,44,325561
28188,0.000831,74.125.24.0-255,6438,83181,44,325561
28189,0.000834,172.31.46.0-255,66,83247,44,325561
28190,0.000896,74.125.24.0-255,1484,84731,44,325561
28191,0.000909,74.125.24.0-255,2902,87633,44,325561
28192,0.000915,172.31.46.0-255,66,87699,44,325561
28193,0.000941,74.125.24.0-255,5738,93437,44,325561
28194,0.000944,172.31.46.0-255,66,93503,44,325561
28195,0.000948,74.125.24.0-255,2902,96405,44,325561
28196,0.000949,172.31.46.0-255,66,96471,44,325561
28197,0.000979,172.31.46.0-255,66,96537,44,325561
28198,0.001029,74.125.24.0-255,1484,98021,44,325561
28199,0.00104,74.125.24.0-255,2902,100923,44,325561
28200,0.001043,172.31.46.0-255,66,100989,44,325561
28201,0.001068,74.125.24.0-255,6438,107427,44,325561
28202,0.001071,172.31.46.0-255,66,107493,44,325561
28203,0.002144,74.125.24.0-255,1484,108977,44,325561
28204,0.002153,74.125.24.0-255,2902,111879,44,325561
28205,0.002156,172.31.46.0-255,66,111945,44,325561
28206,0.002162,74.125.24.0-255,4320,116265,44,325561
28207,0.002164,172.31.46.0-255,66,116331,44,325561
28208,0.002181,74.125.24.0-255,1484,117815,44,325561
28209,0.002191,172.31.46.0-255,66,117881,44,325561
28210,0.002216,74.125.24.0-255,2902,120783,44,325561
28211,0.002218,172.31.46.0-255,66,120849,44,325561
28212,0.002223,74.125.24.0-255,4320,125169,44,325561
28213,0.002225,172.31.46.0-255,66,125235,44,325561
28214,0.002233,74.125.24.0-255,6438,131673,44,325561
28215,0.002241,74.125.24.0-255,5738,137411,44,325561
28216,0.002247,74.125.24.0-255,4320,141731,44,325561
28217,0.002252,172.31.46.0-255,66,141797,44,325561
28218,0.002253,172.31.46.0-255,66,141863,44,325561
28219,0.002265,172.31.46.0-255,66,141929,44,325561
28220,0.002269,74.125.24.0-255,2902,144831,44,325561
28221,0.002271,172.31.46.0-255,66,144897,44,325561
28222,0.002311,172.31.46.0-255,66,144963,44,325561
28223,0.002335,74.125.24.0-255,2902,147865,44,325561
28224,0.002337,172.31.46.0-255,66,147931,44,325561
28225,0.0046,74.125.24.0-255,2902,150833,44,325561
28226,0.004608,172.31.46.0-255,66,150899,44,325561
28227,0.004613,74.125.24.0-255,2902,153801,44,325561
28228,0.004616,172.31.46.0-255,66,153867,44,325561
28229,0.00687,74.125.24.0-255,5738,159605,44,325561
28230,0.006875,172.31.46.0-255,66,159671,44,325561
28231,0.009134,74.125.24.0-255,5738,165409,44,325561
28232,0.009139,172.31.46.0-255,66,165475,44,325561
28233,0.011408,74.125.24.0-255,5738,171213,44,325561
28234,0.011415,172.31.46.0-255,66,171279,44,325561
28235,0.013705,74.125.24.0-255,5738,177017,44,325561
28236,0.013713,172.31.46.0-255,66,177083,44,325561
28237,0.01599,74.125.24.0-255,5738,182821,44,325561
28238,0.016,172.31.46.0-255,66,182887,44,325561
28239,0.018253,74.125.24.0-255,5738,188625,44,325561
28240,0.018261,172.31.46.0-255,66,188691,44,325561
28241,0.020538,74.125.24.0-255,5738,194429,44,325561
28242,0.020546,172.31.46.0-255,66,194495,44,325561
28243,0.022819,74.125.24.0-255,5738,200233,44,325561
28244,0.022826,172.31.46.0-255,66,200299,44,325561
28245,0.025104,74.125.24.0-255,5738,206037,44,325561
28246,0.025118,172.31.46.0-255,66,206103,44,325561
28247,0.02736,74.125.24.0-255,5738,211841,44,325561
28248,0.027368,172.31.46.0-255,66,211907,44,325561
28249,0.029633,74.125.24.0-255,5738,217645,44,325561
28250,0.029642,172.31.46.0-255,66,217711,44,325561
28251,0.031914,74.125.24.0-255,5738,223449,44,325561
28252,0.031921,172.31.46.0-255,66,223515,44,325561
28253,0.034181,74.125.24.0-255,5738,229253,44,325561
28254,0.034189,172.31.46.0-255,66,229319,44,325561
28255,0.03516,172.31.46.0-255,176,229495,44,325561
28256,0.035191,172.31.46.0-255,1114,230609,44,325561
28257,0.035254,172.31.46.0-255,1514,232123,44,325561
28258,0.035256,172.31.46.0-255,1514,233637,44,325561
28259,0.035261,172.31.46.0-255,1514,235151,44,325561
28260,0.035262,172.31.46.0-255,1514,236665,44,325561
28261,0.035279,172.31.46.0-255,1514,238179,44,325561
28262,0.03528,172.31.46.0-255,71,238250,44,325561
28263,0.036469,74.125.24.0-255,4320,242570,44,325561
28264,0.036476,172.31.46.0-255,66,242636,44,325561
28265,0.036499,74.125.24.0-255,1484,244120,44,325561
28266,0.036729,104.244.42.0-255,66,244186,44,325561
28267,0.036769,104.244.42.0-255,66,244252,44,325561
28268,0.036828,104.244.42.0-255,66,244318,44,325561
28269,0.036954,104.244.42.0-255,66,244384,44,325561
28270,0.038725,74.125.24.0-255,4320,248704,44,325561
28271,0.038732,172.31.46.0-255,66,248770,44,325561
28272,0.041008,74.125.24.0-255,5738,254508,44,325561
28273,0.041016,172.31.46.0-255,66,254574,44,325561
28274,0.043292,74.125.24.0-255,5738,260312,44,325561
28275,0.0433,172.31.46.0-255,66,260378,44,325561
28276,0.045583,74.125.24.0-255,5738,266116,44,325561
28277,0.045589,172.31.46.0-255,66,266182,44,325561
28278,0.047855,74.125.24.0-255,5738,271920,44,325561
28279,0.047863,172.31.46.0-255,66,271986,44,325561
28280,0.050128,74.125.24.0-255,5738,277724,44,325561
28281,0.050135,172.31.46.0-255,66,277790,44,325561
28282,0.052405,74.125.24.0-255,5738,283528,44,325561
28283,0.052412,172.31.46.0-255,66,283594,44,325561
28284,0.054661,74.125.24.0-255,5738,289332,44,325561
28285,0.054668,172.31.46.0-255,66,289398,44,325561
28286,0.056926,74.125.24.0-255,5738,295136,44,325561
28287,0.056932,172.31.46.0-255,66,295202,44,325561
28288,0.059203,74.125.24.0-255,5738,300940,44,325561
28289,0.059211,172.31.46.0-255,66,301006,44,325561
28290,0.061496,74.125.24.0-255,5738,306744,44,325561
28291,0.061502,172.31.46.0-255,66,306810,44,325561
28292,0.063789,74.125.24.0-255,5738,312548,44,325561
28293,0.063795,172.31.46.0-255,66,312614,44,325561
28294,0.066059,74.125.24.0-255,5738,318352,44,325561
28295,0.066066,172.31.46.0-255,66,318418,44,325561
28296,0.06832,74.125.24.0-255,5738,324156,44,325561
28297,0.068325,172.31.46.0-255,66,324222,44,325561
28298,0.07059,74.125.24.0-255,1102,325324,44,325561
28299,0.070716,172.31.46.0-255,66,325390,44,325561
28300,0.070754,172.31.46.0-255,105,325495,44,325561
28301,0.073004,74.125.24.0-255,66,325561,44,325561
28302,0.0,104.244.42.0-255,66,66,44,66
28303,0.0,172.253.118.0-255,146,146,44,334087
28304,1.6e-05,172.31.46.0-255,66,212,44,334087
28305,5.2e-05,172.253.118.0-255,1484,1696,44,334087
28306,5.7e-05,172.31.46.0-255,66,1762,44,334087
28307,8.5e-05,172.253.118.0-255,2902,4664,44,334087
28308,8.8e-05,172.31.46.0-255,66,4730,44,334087
28309,9.5e-05,172.253.118.0-255,5738,10468,44,334087
28310,9.7e-05,172.31.46.0-255,66,10534,44,334087
28311,0.000104,172.253.118.0-255,5738,16272,44,334087
28312,0.000107,172.31.46.0-255,66,16338,44,334087
28313,0.000145,172.253.118.0-255,673,17011,44,334087
28314,0.000148,172.31.46.0-255,66,17077,44,334087
28315,0.000162,172.31.46.0-255,66,17143,44,334087
28316,0.000188,172.253.118.0-255,1125,18268,44,334087
28317,0.00019,172.31.46.0-255,66,18334,44,334087
28318,0.000253,172.253.118.0-255,1484,19818,44,334087
28319,0.000256,172.31.46.0-255,66,19884,44,334087
28320,0.000261,172.253.118.0-255,2902,22786,44,334087
28321,0.000263,172.31.46.0-255,66,22852,44,334087
28322,0.000289,172.253.118.0-255,2902,25754,44,334087
28323,0.000292,172.31.46.0-255,66,25820,44,334087
28324,0.000299,172.253.118.0-255,5738,31558,44,334087
28325,0.000301,172.31.46.0-255,66,31624,44,334087
28326,0.000319,172.253.118.0-255,1484,33108,44,334087
28327,0.000326,172.31.46.0-255,66,33174,44,334087
28328,0.000374,172.31.46.0-255,66,33240,44,334087
28329,0.000378,172.253.118.0-255,2902,36142,44,334087
28330,0.00038,172.31.46.0-255,66,36208,44,334087
28331,0.000412,172.253.118.0-255,2543,38751,44,334087
28332,0.000415,172.31.46.0-255,66,38817,44,334087
28333,0.001082,172.253.118.0-255,645,39462,44,334087
28334,0.001333,172.253.118.0-255,1484,40946,44,334087
28335,0.001349,172.31.46.0-255,66,41012,44,334087
28336,0.001356,172.253.118.0-255,2902,43914,44,334087
28337,0.001358,172.31.46.0-255,66,43980,44,334087
28338,0.001362,172.253.118.0-255,2902,46882,44,334087
28339,0.001364,172.31.46.0-255,66,46948,44,334087
28340,0.001395,172.253.118.0-255,2902,49850,44,334087
28341,0.001398,172.31.46.0-255,66,49916,44,334087
28342,0.001412,172.31.46.0-255,66,49982,44,334087
28343,0.001451,172.253.118.0-255,4320,54302,44,334087
28344,0.001454,172.31.46.0-255,66,54368,44,334087
28345,0.001477,172.253.118.0-255,6438,60806,44,334087
28346,0.00148,172.31.46.0-255,66,60872,44,334087
28347,0.001994,172.253.118.0-255,1484,62356,44,334087
28348,0.002,172.253.118.0-255,2902,65258,44,334087
28349,0.002003,172.31.46.0-255,66,65324,44,334087
28350,0.002035,172.253.118.0-255,5738,71062,44,334087
28351,0.002039,172.31.46.0-255,66,71128,44,334087
28352,0.002044,172.253.118.0-255,4320,75448,44,334087
28353,0.002046,172.31.46.0-255,66,75514,44,334087
28354,0.002076,172.253.118.0-255,1484,76998,44,334087
28355,0.002083,172.253.118.0-255,5738,82736,44,334087
28356,0.002085,172.31.46.0-255,66,82802,44,334087
28357,0.002117,172.253.118.0-255,7156,89958,44,334087
28358,0.00212,172.31.46.0-255,66,90024,44,334087
28359,0.002127,172.253.118.0-255,5020,95044,44,334087
28360,0.002129,172.31.46.0-255,66,95110,44,334087
28361,0.00225,172.253.118.0-255,1484,96594,44,334087
28362,0.002269,172.253.118.0-255,2902,99496,44,334087
28363,0.002272,172.31.46.0-255,66,99562,44,334087
28364,0.002276,172.253.118.0-255,1484,101046,44,334087
28365,0.002296,172.253.118.0-255,4320,105366,44,334087
28366,0.002298,172.31.46.0-255,66,105432,44,334087
28367,0.002302,172.253.118.0-255,2902,108334,44,334087
28368,0.002304,172.31.46.0-255,66,108400,44,334087
28369,0.002354,172.31.46.0-255,66,108466,44,334087
28370,0.002359,172.253.118.0-255,4320,112786,44,334087
28371,0.002361,172.31.46.0-255,66,112852,44,334087
28372,0.004693,172.253.118.0-255,5738,118590,44,334087
28373,0.004699,172.31.46.0-255,66,118656,44,334087
28374,0.007043,172.253.118.0-255,5738,124394,44,334087
28375,0.007048,172.31.46.0-255,66,124460,44,334087
28376,0.009397,172.253.118.0-255,5738,130198,44,334087
28377,0.009404,172.31.46.0-255,66,130264,44,334087
28378,0.011761,172.253.118.0-255,5738,136002,44,334087
28379,0.011769,172.31.46.0-255,66,136068,44,334087
28380,0.01412,172.253.118.0-255,5738,141806,44,334087
28381,0.014127,172.31.46.0-255,66,141872,44,334087
28382,0.016492,172.253.118.0-255,5738,147610,44,334087
28383,0.0165,172.31.46.0-255,66,147676,44,334087
28384,0.018855,172.253.118.0-255,5738,153414,44,334087
28385,0.018864,172.31.46.0-255,66,153480,44,334087
28386,0.021218,172.253.118.0-255,5738,159218,44,334087
28387,0.021225,172.31.46.0-255,66,159284,44,334087
28388,0.023597,172.253.118.0-255,5738,165022,44,334087
28389,0.023603,172.31.46.0-255,66,165088,44,334087
28390,0.025943,172.253.118.0-255,5738,170826,44,334087
28391,0.025951,172.31.46.0-255,66,170892,44,334087
28392,0.028315,172.253.118.0-255,5738,176630,44,334087
28393,0.028324,172.31.46.0-255,66,176696,44,334087
28394,0.030682,172.253.118.0-255,5738,182434,44,334087
28395,0.03069,172.31.46.0-255,66,182500,44,334087
28396,0.033046,172.253.118.0-255,5738,188238,44,334087
28397,0.033054,172.31.46.0-255,66,188304,44,334087
28398,0.034694,172.31.46.0-255,172,188476,44,334087
28399,0.034725,172.31.46.0-255,1114,189590,44,334087
28400,0.034792,172.31.46.0-255,1514,191104,44,334087
28401,0.034794,172.31.46.0-255,1514,192618,44,334087
28402,0.034795,172.31.46.0-255,1514,194132,44,334087
28403,0.034796,172.31.46.0-255,1514,195646,44,334087
28404,0.034821,172.31.46.0-255,1514,197160,44,334087
28405,0.034823,172.31.46.0-255,71,197231,44,334087
28406,0.035403,172.253.118.0-255,5738,202969,44,334087
28407,0.035411,172.31.46.0-255,66,203035,44,334087
28408,0.036238,104.244.42.0-255,66,203101,44,334087
28409,0.036333,104.244.42.0-255,66,203167,44,334087
28410,0.036383,104.244.42.0-255,66,203233,44,334087
28411,0.036482,104.244.42.0-255,66,203299,44,334087
28412,0.037746,172.253.118.0-255,4320,207619,44,334087
28413,0.037751,172.31.46.0-255,66,207685,44,334087
28414,0.037774,172.253.118.0-255,1484,209169,44,334087
28415,0.040102,172.253.118.0-255,4320,213489,44,334087
28416,0.040108,172.31.46.0-255,66,213555,44,334087
28417,0.042465,172.253.118.0-255,5738,219293,44,334087
28418,0.042474,172.31.46.0-255,66,219359,44,334087
28419,0.044841,172.253.118.0-255,5738,225097,44,334087
28420,0.044846,172.31.46.0-255,66,225163,44,334087
28421,0.047188,172.253.118.0-255,5738,230901,44,334087
28422,0.047194,172.31.46.0-255,66,230967,44,334087
28423,0.049542,172.253.118.0-255,5738,236705,44,334087
28424,0.049548,172.31.46.0-255,66,236771,44,334087
28425,0.051903,172.253.118.0-255,5738,242509,44,334087
28426,0.05191,172.31.46.0-255,66,242575,44,334087
28427,0.054252,172.253.118.0-255,5738,248313,44,334087
28428,0.05426,172.31.46.0-255,66,248379,44,334087
28429,0.056617,172.253.118.0-255,5738,254117,44,334087
28430,0.056628,172.31.46.0-255,66,254183,44,334087
28431,0.058983,172.253.118.0-255,5738,259921,44,334087
28432,0.058991,172.31.46.0-255,66,259987,44,334087
28433,0.061358,172.253.118.0-255,5738,265725,44,334087
28434,0.061365,172.31.46.0-255,66,265791,44,334087
28435,0.063722,172.253.118.0-255,5738,271529,44,334087
28436,0.063729,172.31.46.0-255,66,271595,44,334087
28437,0.066075,172.253.118.0-255,5738,277333,44,334087
28438,0.066081,172.31.46.0-255,66,277399,44,334087
28439,0.068448,172.253.118.0-255,5738,283137,44,334087
28440,0.068455,172.31.46.0-255,66,283203,44,334087
28441,0.070801,172.253.118.0-255,4320,287523,44,334087
28442,0.070807,172.31.46.0-255,66,287589,44,334087
28443,0.070836,172.253.118.0-255,1484,289073,44,334087
28444,0.073146,172.253.118.0-255,4320,293393,44,334087
28445,0.073155,172.31.46.0-255,66,293459,44,334087
28446,0.075515,172.253.118.0-255,5738,299197,44,334087
28447,0.075521,172.31.46.0-255,66,299263,44,334087
28448,0.077914,172.253.118.0-255,5738,305001,44,334087
28449,0.077919,172.31.46.0-255,66,305067,44,334087
28450,0.080275,172.253.118.0-255,5738,310805,44,334087
28451,0.08028,172.31.46.0-255,66,310871,44,334087
28452,0.082627,172.253.118.0-255,5738,316609,44,334087
28453,0.082632,172.31.46.0-255,66,316675,44,334087
28454,0.084984,172.253.118.0-255,5738,322413,44,334087
28455,0.085005,172.31.46.0-255,66,322479,44,334087
28456,0.087357,172.253.118.0-255,5738,328217,44,334087
28457,0.087365,172.31.46.0-255,66,328283,44,334087
28458,0.089721,172.253.118.0-255,5738,334021,44,334087
28459,0.089727,172.31.46.0-255,66,334087,44,334087
28460,0.0,74.125.24.0-255,150,150,44,307280
28461,2.3e-05,172.31.46.0-255,66,216,44,307280
28462,3.1e-05,74.125.24.0-255,1484,1700,44,307280
28463,3.5e-05,172.31.46.0-255,66,1766,44,307280
28464,4.2e-05,74.125.24.0-255,2902,4668,44,307280
28465,4.5e-05,172.31.46.0-255,66,4734,44,307280
28466,5.1e-05,74.125.24.0-255,4320,9054,44,307280
28467,5.4e-05,172.31.46.0-255,66,9120,44,307280
28468,8.2e-05,74.125.24.0-255,2902,12022,44,307280
28469,8.6e-05,172.31.46.0-255,66,12088,44,307280
28470,0.000108,74.125.24.0-255,5738,17826,44,307280
28471,0.000111,172.31.46.0-255,66,17892,44,307280
28472,0.000143,172.31.46.0-255,66,17958,44,307280
28473,0.000147,74.125.24.0-255,2543,20501,44,307280
28474,0.000149,172.31.46.0-255,66,20567,44,307280
28475,0.000317,74.125.24.0-255,1484,22051,44,307280
28476,0.000321,172.31.46.0-255,66,22117,44,307280
28477,0.000327,74.125.24.0-255,2902,25019,44,307280
28478,0.00033,172.31.46.0-255,66,25085,44,307280
28479,0.000333,74.125.24.0-255,1484,26569,44,307280
28480,0.000334,172.31.46.0-255,66,26635,44,307280
28481,0.00036,74.125.24.0-255,5738,32373,44,307280
28482,0.000362,172.31.46.0-255,66,32439,44,307280
28483,0.000395,74.125.24.0-255,4320,36759,44,307280
28484,0.000398,172.31.46.0-255,66,36825,44,307280
28485,0.000426,172.31.46.0-255,66,36891,44,307280
28486,0.000444,74.125.24.0-255,2902,39793,44,307280
28487,0.000446,172.31.46.0-255,66,39859,44,307280
28488,0.000465,74.125.24.0-255,5379,45238,44,307280
28489,0.000468,172.31.46.0-255,66,45304,44,307280
28490,0.000478,74.125.24.0-255,392,45696,44,307280
28491,0.000939,74.125.24.0-255,350,46046,44,307280
28492,0.001059,172.31.46.0-255,66,46112,44,307280
28493,0.001176,74.125.24.0-255,1484,47596,44,307280
28494,0.001183,74.125.24.0-255,2902,50498,44,307280
28495,0.001187,172.31.46.0-255,66,50564,44,307280
28496,0.001194,74.125.24.0-255,4320,54884,44,307280
28497,0.001197,172.31.46.0-255,66,54950,44,307280
28498,0.001223,74.125.24.0-255,1484,56434,44,307280
28499,0.001231,74.125.24.0-255,7156,63590,44,307280
28500,0.001234,172.31.46.0-255,66,63656,44,307280
28501,0.001258,74.125.24.0-255,4320,67976,44,307280
28502,0.00126,172.31.46.0-255,66,68042,44,307280
28503,0.001306,172.31.46.0-255,66,68108,44,307280
28504,0.00131,74.125.24.0-255,2184,70292,44,307280
28505,0.001312,172.31.46.0-255,66,70358,44,307280
28506,0.001759,74.125.24.0-255,1484,71842,44,307280
28507,0.001767,74.125.24.0-255,1484,73326,44,307280
28508,0.001772,172.31.46.0-255,66,73392,44,307280
28509,0.001792,74.125.24.0-255,1484,74876,44,307280
28510,0.001799,74.125.24.0-255,5738,80614,44,307280
28511,0.001801,172.31.46.0-255,66,80680,44,307280
28512,0.001828,172.31.46.0-255,66,80746,44,307280
28513,0.001846,74.125.24.0-255,2902,83648,44,307280
28514,0.001848,172.31.46.0-255,66,83714,44,307280
28515,0.001858,172.31.46.0-255,66,83780,44,307280
28516,0.00188,74.125.24.0-255,2184,85964,44,307280
28517,0.001883,172.31.46.0-255,66,86030,44,307280
28518,0.002408,74.125.24.0-255,1484,87514,44,307280
28519,0.002416,74.125.24.0-255,2902,90416,44,307280
28520,0.002421,172.31.46.0-255,66,90482,44,307280
28521,0.002429,74.125.24.0-255,5738,96220,44,307280
28522,0.002431,172.31.46.0-255,66,96286,44,307280
28523,0.002455,74.125.24.0-255,4320,100606,44,307280
28524,0.002457,172.31.46.0-255,66,100672,44,307280
28525,0.002486,172.31.46.0-255,66,100738,44,307280
28526,0.002497,172.31.46.0-255,66,100804,44,307280
28527,0.005052,74.125.24.0-255,5738,106542,44,307280
28528,0.005069,172.31.46.0-255,66,106608,44,307280
28529,0.007632,74.125.24.0-255,5738,112346,44,307280
28530,0.007643,172.31.46.0-255,66,112412,44,307280
28531,0.010223,74.125.24.0-255,5738,118150,44,307280
28532,0.010241,172.31.46.0-255,66,118216,44,307280
28533,0.012805,74.125.24.0-255,5738,123954,44,307280
28534,0.012819,172.31.46.0-255,66,124020,44,307280
28535,0.015348,74.125.24.0-255,5738,129758,44,307280
28536,0.015358,172.31.46.0-255,66,129824,44,307280
28537,0.01791,74.125.24.0-255,5738,135562,44,307280
28538,0.017923,172.31.46.0-255,66,135628,44,307280
28539,0.020491,74.125.24.0-255,5738,141366,44,307280
28540,0.02051,172.31.46.0-255,66,141432,44,307280
28541,0.023074,74.125.24.0-255,5738,147170,44,307280
28542,0.023091,172.31.46.0-255,66,147236,44,307280
28543,0.025635,74.125.24.0-255,5738,152974,44,307280
28544,0.025648,172.31.46.0-255,66,153040,44,307280
28545,0.028202,74.125.24.0-255,5738,158778,44,307280
28546,0.028218,172.31.46.0-255,66,158844,44,307280
28547,0.030779,74.125.24.0-255,5738,164582,44,307280
28548,0.030788,172.31.46.0-255,66,164648,44,307280
28549,0.033335,74.125.24.0-255,5738,170386,44,307280
28550,0.033342,172.31.46.0-255,66,170452,44,307280
28551,0.035899,74.125.24.0-255,5738,176190,44,307280
28552,0.035907,172.31.46.0-255,66,176256,44,307280
28553,0.038479,74.125.24.0-255,5738,181994,44,307280
28554,0.038487,172.31.46.0-255,66,182060,44,307280
28555,0.040341,172.31.46.0-255,188,182248,44,307280
28556,0.040374,172.31.46.0-255,955,183203,44,307280
28557,0.040449,172.31.46.0-255,1514,184717,44,307280
28558,0.040456,172.31.46.0-255,1514,186231,44,307280
28559,0.040457,172.31.46.0-255,1514,187745,44,307280
28560,0.040458,172.31.46.0-255,1514,189259,44,307280
28561,0.040486,172.31.46.0-255,1514,190773,44,307280
28562,0.040487,172.31.46.0-255,229,191002,44,307280
28563,0.041047,74.125.24.0-255,5738,196740,44,307280
28564,0.041056,172.31.46.0-255,66,196806,44,307280
28565,0.041896,104.244.42.0-255,66,196872,44,307280
28566,0.041982,104.244.42.0-255,66,196938,44,307280
28567,0.04207,104.244.42.0-255,66,197004,44,307280
28568,0.042076,104.244.42.0-255,66,197070,44,307280
28569,0.043609,74.125.24.0-255,5738,202808,44,307280
28570,0.043616,172.31.46.0-255,66,202874,44,307280
28571,0.046209,74.125.24.0-255,5738,208612,44,307280
28572,0.046216,172.31.46.0-255,66,208678,44,307280
28573,0.048745,74.125.24.0-255,5738,214416,44,307280
28574,0.048753,172.31.46.0-255,66,214482,44,307280
28575,0.05131,74.125.24.0-255,5738,220220,44,307280
28576,0.051317,172.31.46.0-255,66,220286,44,307280
28577,0.053883,74.125.24.0-255,5738,226024,44,307280
28578,0.05389,172.31.46.0-255,66,226090,44,307280
28579,0.056452,74.125.24.0-255,5738,231828,44,307280
28580,0.056459,172.31.46.0-255,66,231894,44,307280
28581,0.059027,74.125.24.0-255,5738,237632,44,307280
28582,0.059033,172.31.46.0-255,66,237698,44,307280
28583,0.061623,74.125.24.0-255,5738,243436,44,307280
28584,0.061629,172.31.46.0-255,66,243502,44,307280
28585,0.064185,74.125.24.0-255,5738,249240,44,307280
28586,0.064191,172.31.46.0-255,66,249306,44,307280
28587,0.066741,74.125.24.0-255,5738,255044,44,307280
28588,0.066747,172.31.46.0-255,66,255110,44,307280
28589,0.069298,74.125.24.0-255,5738,260848,44,307280
28590,0.069307,172.31.46.0-255,66,260914,44,307280
28591,0.072003,74.125.24.0-255,5738,266652,44,307280
28592,0.072011,172.31.46.0-255,66,266718,44,307280
28593,0.07456,74.125.24.0-255,5738,272456,44,307280
28594,0.074568,172.31.46.0-255,66,272522,44,307280
28595,0.077129,74.125.24.0-255,5738,278260,44,307280
28596,0.077136,172.31.46.0-255,66,278326,44,307280
28597,0.079691,74.125.24.0-255,5738,284064,44,307280
28598,0.079699,172.31.46.0-255,66,284130,44,307280
28599,0.082246,74.125.24.0-255,5738,289868,44,307280
28600,0.082256,172.31.46.0-255,66,289934,44,307280
28601,0.084863,74.125.24.0-255,5738,295672,44,307280
28602,0.084874,172.31.46.0-255,66,295738,44,307280
28603,0.087414,74.125.24.0-255,5738,301476,44,307280
28604,0.087422,172.31.46.0-255,66,301542,44,307280
28605,0.089995,74.125.24.0-255,5738,307280,44,307280
28606,0.0,74.125.24.0-255,147,147,44,393597
28607,2.4e-05,172.31.46.0-255,66,213,44,393597
28608,3.1e-05,74.125.24.0-255,1484,1697,44,393597
28609,3.5e-05,172.31.46.0-255,66,1763,44,393597
28610,4e-05,74.125.24.0-255,2902,4665,44,393597
28611,4.3e-05,172.31.46.0-255,66,4731,44,393597
28612,5e-05,74.125.24.0-255,7156,11887,44,393597
28613,5.3e-05,172.31.46.0-255,66,11953,44,393597
28614,5.7e-05,74.125.24.0-255,2093,14046,44,393597
28615,6e-05,172.31.46.0-255,66,14112,44,393597
28616,0.000281,74.125.24.0-255,1484,15596,44,393597
28617,0.000287,172.31.46.0-255,66,15662,44,393597
28618,0.000294,74.125.24.0-255,2902,18564,44,393597
28619,0.000297,172.31.46.0-255,66,18630,44,393597
28620,0.000303,74.125.24.0-255,4320,22950,44,393597
28621,0.000305,172.31.46.0-255,66,23016,44,393597
28622,0.000323,74.125.24.0-255,1484,24500,44,393597
28623,0.000326,172.31.46.0-255,66,24566,44,393597
28624,0.000331,74.125.24.0-255,4320,28886,44,393597
28625,0.000333,172.31.46.0-255,66,28952,44,393597
28626,0.000365,74.125.24.0-255,2543,31495,44,393597
28627,0.000367,172.31.46.0-255,66,31561,44,393597
28628,0.000371,74.125.24.0-255,1484,33045,44,393597
28629,0.000373,172.31.46.0-255,66,33111,44,393597
28630,0.000385,74.125.24.0-255,1484,34595,44,393597
28631,0.000387,172.31.46.0-255,66,34661,44,393597
28632,0.000395,74.125.24.0-255,7156,41817,44,393597
28633,0.000397,172.31.46.0-255,66,41883,44,393597
28634,0.000444,74.125.24.0-255,4320,46203,44,393597
28635,0.000447,172.31.46.0-255,66,46269,44,393597
28636,0.00046,74.125.24.0-255,2543,48812,44,393597
28637,0.000462,172.31.46.0-255,66,48878,44,393597
28638,0.000659,74.125.24.0-255,1484,50362,44,393597
28639,0.000666,74.125.24.0-255,1484,51846,44,393597
28640,0.000669,172.31.46.0-255,66,51912,44,393597
28641,0.000687,74.125.24.0-255,1484,53396,44,393597
28642,0.000694,74.125.24.0-255,5738,59134,44,393597
28643,0.000696,172.31.46.0-255,66,59200,44,393597
28644,0.000731,74.125.24.0-255,5738,64938,44,393597
28645,0.000736,172.31.46.0-255,66,65004,44,393597
28646,0.000746,74.125.24.0-255,1454,66458,44,393597
28647,0.000749,74.125.24.0-255,347,66805,44,393597
28648,0.000751,172.31.46.0-255,66,66871,44,393597
28649,0.000904,74.125.24.0-255,1484,68355,44,393597
28650,0.000934,74.125.24.0-255,2902,71257,44,393597
28651,0.000938,172.31.46.0-255,66,71323,44,393597
28652,0.000945,74.125.24.0-255,5738,77061,44,393597
28653,0.000947,172.31.46.0-255,66,77127,44,393597
28654,0.000953,74.125.24.0-255,5738,82865,44,393597
28655,0.000955,172.31.46.0-255,66,82931,44,393597
28656,0.000989,74.125.24.0-255,2902,85833,44,393597
28657,0.000993,172.31.46.0-255,66,85899,44,393597
28658,0.001005,74.125.24.0-255,7156,93055,44,393597
28659,0.001008,172.31.46.0-255,66,93121,44,393597
28660,0.001027,74.125.24.0-255,5379,98500,44,393597
28661,0.00103,172.31.46.0-255,66,98566,44,393597
28662,0.001034,74.125.24.0-255,2543,101109,44,393597
28663,0.001036,172.31.46.0-255,66,101175,44,393597
28664,0.001852,74.125.24.0-255,1484,102659,44,393597
28665,0.001863,74.125.24.0-255,2902,105561,44,393597
28666,0.001867,172.31.46.0-255,66,105627,44,393597
28667,0.001875,74.125.24.0-255,5738,111365,44,393597
28668,0.001877,172.31.46.0-255,66,111431,44,393597
28669,0.001919,172.31.46.0-255,66,111497,44,393597
28670,0.001952,172.31.46.0-255,66,111563,44,393597
28671,0.001968,74.125.24.0-255,2184,113747,44,393597
28672,0.001971,172.31.46.0-255,66,113813,44,393597
28673,0.001976,74.125.24.0-255,4320,118133,44,393597
28674,0.001978,172.31.46.0-255,66,118199,44,393597
28675,0.001984,74.125.24.0-255,5738,123937,44,393597
28676,0.001986,172.31.46.0-255,66,124003,44,393597
28677,0.002009,74.125.24.0-255,5738,129741,44,393597
28678,0.002012,172.31.46.0-255,66,129807,44,393597
28679,0.002035,74.125.24.0-255,5738,135545,44,393597
28680,0.002038,172.31.46.0-255,66,135611,44,393597
28681,0.002045,74.125.24.0-255,7156,142767,44,393597
28682,0.002047,172.31.46.0-255,66,142833,44,393597
28683,0.002081,74.125.24.0-255,5020,147853,44,393597
28684,0.002083,172.31.46.0-255,66,147919,44,393597
28685,0.002112,74.125.24.0-255,1484,149403,44,393597
28686,0.002127,74.125.24.0-255,2902,152305,44,393597
28687,0.00213,172.31.46.0-255,66,152371,44,393597
28688,0.002136,74.125.24.0-255,5738,158109,44,393597
28689,0.002138,172.31.46.0-255,66,158175,44,393597
28690,0.002166,172.31.46.0-255,66,158241,44,393597
28691,0.002181,74.125.24.0-255,4320,162561,44,393597
28692,0.002184,172.31.46.0-255,66,162627,44,393597
28693,0.002189,74.125.24.0-255,4320,166947,44,393597
28694,0.002191,172.31.46.0-255,66,167013,44,393597
28695,0.002215,74.125.24.0-255,2902,169915,44,393597
28696,0.002218,172.31.46.0-255,66,169981,44,393597
28697,0.002231,74.125.24.0-255,3602,173583,44,393597
28698,0.002234,172.31.46.0-255,66,173649,44,393597
28699,0.004507,74.125.24.0-255,1484,175133,44,393597
28700,0.004539,74.125.24.0-255,2902,178035,44,393597
28701,0.004543,172.31.46.0-255,66,178101,44,393597
28702,0.004561,74.125.24.0-255,1484,179585,44,393597
28703,0.00683,74.125.24.0-255,4320,183905,44,393597
28704,0.006837,172.31.46.0-255,66,183971,44,393597
28705,0.00916,74.125.24.0-255,5738,189709,44,393597
28706,0.009168,172.31.46.0-255,66,189775,44,393597
28707,0.011504,74.125.24.0-255,5738,195513,44,393597
28708,0.011515,172.31.46.0-255,66,195579,44,393597
28709,0.013843,74.125.24.0-255,5738,201317,44,393597
28710,0.013854,172.31.46.0-255,66,201383,44,393597
28711,0.01618,74.125.24.0-255,5738,207121,44,393597
28712,0.016188,172.31.46.0-255,66,207187,44,393597
28713,0.018505,74.125.24.0-255,5738,212925,44,393597
28714,0.018511,172.31.46.0-255,66,212991,44,393597
28715,0.020805,74.125.24.0-255,5738,218729,44,393597
28716,0.020812,172.31.46.0-255,66,218795,44,393597
28717,0.023166,74.125.24.0-255,5738,224533,44,393597
28718,0.023172,172.31.46.0-255,66,224599,44,393597
28719,0.0255,74.125.24.0-255,5738,230337,44,393597
28720,0.025507,172.31.46.0-255,66,230403,44,393597
28721,0.027793,74.125.24.0-255,5738,236141,44,393597
28722,0.027802,172.31.46.0-255,66,236207,44,393597
28723,0.030145,74.125.24.0-255,5738,241945,44,393597
28724,0.030153,172.31.46.0-255,66,242011,44,393597
28725,0.032476,74.125.24.0-255,5738,247749,44,393597
28726,0.032484,172.31.46.0-255,66,247815,44,393597
28727,0.034437,172.31.46.0-255,172,247987,44,393597
28728,0.034464,172.31.46.0-255,1114,249101,44,393597
28729,0.034522,172.31.46.0-255,1514,250615,44,393597
28730,0.034524,172.31.46.0-255,1514,252129,44,393597
28731,0.034525,172.31.46.0-255,1514,253643,44,393597
28732,0.034526,172.31.46.0-255,1514,255157,44,393597
28733,0.034552,172.31.46.0-255,1514,256671,44,393597
28734,0.034553,172.31.46.0-255,70,256741,44,393597
28735,0.034783,74.125.24.0-255,5738,262479,44,393597
28736,0.034788,172.31.46.0-255,66,262545,44,393597
28737,0.036001,104.244.42.0-255,66,262611,44,393597
28738,0.036055,104.244.42.0-255,66,262677,44,393597
28739,0.036091,104.244.42.0-255,66,262743,44,393597
28740,0.036109,104.244.42.0-255,66,262809,44,393597
28741,0.037126,74.125.24.0-255,5738,268547,44,393597
28742,0.037131,172.31.46.0-255,66,268613,44,393597
28743,0.039476,74.125.24.0-255,5738,274351,44,393597
28744,0.039481,172.31.46.0-255,66,274417,44,393597
28745,0.041808,74.125.24.0-255,5738,280155,44,393597
28746,0.041818,172.31.46.0-255,66,280221,44,393597
28747,0.044181,74.125.24.0-255,5738,285959,44,393597
28748,0.044198,172.31.46.0-255,66,286025,44,393597
28749,0.04652,74.125.24.0-255,5738,291763,44,393597
28750,0.046529,172.31.46.0-255,66,291829,44,393597
28751,0.048876,74.125.24.0-255,5738,297567,44,393597
28752,0.048883,172.31.46.0-255,66,297633,44,393597
28753,0.051198,74.125.24.0-255,5738,303371,44,393597
28754,0.051205,172.31.46.0-255,66,303437,44,393597
28755,0.053541,74.125.24.0-255,5738,309175,44,393597
28756,0.053549,172.31.46.0-255,66,309241,44,393597
28757,0.055917,74.125.24.0-255,5738,314979,44,393597
28758,0.055925,172.31.46.0-255,66,315045,44,393597
28759,0.058239,74.125.24.0-255,4320,319365,44,393597
28760,0.058246,172.31.46.0-255,66,319431,44,393597
28761,0.058264,74.125.24.0-255,1484,320915,44,393597
28762,0.060538,74.125.24.0-255,4320,325235,44,393597
28763,0.060551,172.31.46.0-255,66,325301,44,393597
28764,0.062872,74.125.24.0-255,5738,331039,44,393597
28765,0.062881,172.31.46.0-255,66,331105,44,393597
28766,0.065173,74.125.24.0-255,5738,336843,44,393597
28767,0.065181,172.31.46.0-255,66,336909,44,393597
28768,0.06752,74.125.24.0-255,5738,342647,44,393597
28769,0.067525,172.31.46.0-255,66,342713,44,393597
28770,0.069896,74.125.24.0-255,5738,348451,44,393597
28771,0.069904,172.31.46.0-255,66,348517,44,393597
28772,0.072206,74.125.24.0-255,4320,352837,44,393597
28773,0.072213,172.31.46.0-255,66,352903,44,393597
28774,0.07223,74.125.24.0-255,1484,354387,44,393597
28775,0.074537,74.125.24.0-255,4320,358707,44,393597
28776,0.074544,172.31.46.0-255,66,358773,44,393597
28777,0.076869,74.125.24.0-255,5738,364511,44,393597
28778,0.076875,172.31.46.0-255,66,364577,44,393597
28779,0.079208,74.125.24.0-255,5738,370315,44,393597
28780,0.079214,172.31.46.0-255,66,370381,44,393597
28781,0.081558,74.125.24.0-255,5738,376119,44,393597
28782,0.081565,172.31.46.0-255,66,376185,44,393597
28783,0.083932,74.125.24.0-255,5738,381923,44,393597
28784,0.083939,172.31.46.0-255,66,381989,44,393597
28785,0.086238,74.125.24.0-255,5738,387727,44,393597
28786,0.086244,172.31.46.0-255,66,387793,44,393597
28787,0.088589,74.125.24.0-255,5738,393531,44,393597
28788,0.088596,172.31.46.0-255,66,393597,44,393597
28789,0.0,74.125.24.0-255,297,297,44,287391
28790,1.5e-05,172.31.46.0-255,66,363,44,287391
28791,2e-05,74.125.24.0-255,1484,1847,44,287391
28792,2.3e-05,172.31.46.0-255,66,1913,44,287391
28793,2.8e-05,74.125.24.0-255,4320,6233,44,287391
28794,3.2e-05,172.31.46.0-255,66,6299,44,287391
28795,5.3e-05,74.125.24.0-255,2902,9201,44,287391
28796,5.5e-05,172.31.46.0-255,66,9267,44,287391
28797,7.1e-05,74.125.24.0-255,6167,15434,44,287391
28798,7.3e-05,172.31.46.0-255,66,15500,44,287391
28799,0.000106,172.31.46.0-255,66,15566,44,287391
28800,0.00012,74.125.24.0-255,1125,16691,44,287391
28801,0.000122,172.31.46.0-255,66,16757,44,287391
28802,0.000149,74.125.24.0-255,1484,18241,44,287391
28803,0.000151,172.31.46.0-255,66,18307,44,287391
28804,0.000156,74.125.24.0-255,2902,21209,44,287391
28805,0.000158,172.31.46.0-255,66,21275,44,287391
28806,0.000161,74.125.24.0-255,2902,24177,44,287391
28807,0.000163,172.31.46.0-255,66,24243,44,287391
28808,0.000182,74.125.24.0-255,2902,27145,44,287391
28809,0.000184,172.31.46.0-255,66,27211,44,287391
28810,0.000189,74.125.24.0-255,6797,34008,44,287391
28811,0.000191,172.31.46.0-255,66,34074,44,287391
28812,0.000229,74.125.24.0-255,5738,39812,44,287391
28813,0.000231,172.31.46.0-255,66,39878,44,287391
28814,0.000256,172.31.46.0-255,66,39944,44,287391
28815,0.000259,74.125.24.0-255,2816,42760,44,287391
28816,0.00026,172.31.46.0-255,66,42826,44,287391
28817,0.000295,74.125.24.0-255,131,42957,44,287391
28818,0.000298,172.31.46.0-255,66,43023,44,287391
28819,0.000339,74.125.24.0-255,1484,44507,44,287391
28820,0.000343,74.125.24.0-255,1484,45991,44,287391
28821,0.000345,172.31.46.0-255,66,46057,44,287391
28822,0.000356,74.125.24.0-255,1484,47541,44,287391
28823,0.00036,74.125.24.0-255,2902,50443,44,287391
28824,0.000362,172.31.46.0-255,66,50509,44,287391
28825,0.000376,74.125.24.0-255,2902,53411,44,287391
28826,0.000378,172.31.46.0-255,66,53477,44,287391
28827,0.000413,74.125.24.0-255,4320,57797,44,287391
28828,0.000415,172.31.46.0-255,66,57863,44,287391
28829,0.000426,74.125.24.0-255,2543,60406,44,287391
28830,0.000428,172.31.46.0-255,66,60472,44,287391
28831,0.000466,74.125.24.0-255,4320,64792,44,287391
28832,0.000468,172.31.46.0-255,66,64858,44,287391
28833,0.000488,74.125.24.0-255,5738,70596,44,287391
28834,0.00049,172.31.46.0-255,66,70662,44,287391
28835,0.000518,74.125.24.0-255,4320,74982,44,287391
28836,0.00052,172.31.46.0-255,66,75048,44,287391
28837,0.000538,74.125.24.0-255,2824,77872,44,287391
28838,0.00054,172.31.46.0-255,66,77938,44,287391
28839,0.000857,74.125.24.0-255,1484,79422,44,287391
28840,0.000863,74.125.24.0-255,2902,82324,44,287391
28841,0.000866,172.31.46.0-255,66,82390,44,287391
28842,0.000878,74.125.24.0-255,1484,83874,44,287391
28843,0.000892,74.125.24.0-255,4320,88194,44,287391
28844,0.000895,172.31.46.0-255,66,88260,44,287391
28845,0.000913,74.125.24.0-255,2902,91162,44,287391
28846,0.000916,172.31.46.0-255,66,91228,44,287391
28847,0.000934,74.125.24.0-255,7156,98384,44,287391
28848,0.000936,172.31.46.0-255,66,98450,44,287391
28849,0.000941,74.125.24.0-255,4320,102770,44,287391
28850,0.000944,172.31.46.0-255,66,102836,44,287391
28851,0.000971,74.125.24.0-255,1484,104320,44,287391
28852,0.000978,74.125.24.0-255,7156,111476,44,287391
28853,0.00098,172.31.46.0-255,66,111542,44,287391
28854,0.000983,74.125.24.0-255,766,112308,44,287391
28855,0.000997,74.125.24.0-255,1484,113792,44,287391
28856,0.000999,172.31.46.0-255,66,113858,44,287391
28857,0.00102,74.125.24.0-255,4320,118178,44,287391
28858,0.001023,74.125.24.0-255,1484,119662,44,287391
28859,0.001026,172.31.46.0-255,66,119728,44,287391
28860,0.001037,74.125.24.0-255,5738,125466,44,287391
28861,0.00104,172.31.46.0-255,66,125532,44,287391
28862,0.001054,74.125.24.0-255,2902,128434,44,287391
28863,0.001056,172.31.46.0-255,66,128500,44,287391
28864,0.001095,172.31.46.0-255,66,128566,44,287391
28865,0.001099,74.125.24.0-255,2184,130750,44,287391
28866,0.001101,172.31.46.0-255,66,130816,44,287391
28867,0.001184,74.125.24.0-255,1484,132300,44,287391
28868,0.00119,74.125.24.0-255,2902,135202,44,287391
28869,0.001194,172.31.46.0-255,66,135268,44,287391
28870,0.001214,74.125.24.0-255,5738,141006,44,287391
28871,0.001217,172.31.46.0-255,66,141072,44,287391
28872,0.001236,74.125.24.0-255,4320,145392,44,287391
28873,0.001239,172.31.46.0-255,66,145458,44,287391
28874,0.001265,74.125.24.0-255,1484,146942,44,287391
28875,0.001269,172.31.46.0-255,66,147008,44,287391
28876,0.0013,74.125.24.0-255,2902,149910,44,287391
28877,0.001302,172.31.46.0-255,66,149976,44,287391
28878,0.001327,74.125.24.0-255,6438,156414,44,287391
28879,0.001329,172.31.46.0-255,66,156480,44,287391
28880,0.001339,172.31.46.0-255,66,156546,44,287391
28881,0.001375,172.31.46.0-255,66,156612,44,287391
28882,0.001407,74.125.24.0-255,2902,159514,44,287391
28883,0.001409,172.31.46.0-255,66,159580,44,287391
28884,0.001437,172.31.46.0-255,66,159646,44,287391
28885,0.001511,74.125.24.0-255,1484,161130,44,287391
28886,0.001531,74.125.24.0-255,2902,164032,44,287391
28887,0.001534,172.31.46.0-255,66,164098,44,287391
28888,0.001552,74.125.24.0-255,4320,168418,44,287391
28889,0.001555,172.31.46.0-255,66,168484,44,287391
28890,0.001576,74.125.24.0-255,1484,169968,44,287391
28891,0.001598,74.125.24.0-255,7156,177124,44,287391
28892,0.001602,172.31.46.0-255,66,177190,44,287391
28893,0.001609,74.125.24.0-255,7156,184346,44,287391
28894,0.001611,172.31.46.0-255,66,184412,44,287391
28895,0.001629,74.125.24.0-255,7156,191568,44,287391
28896,0.001632,172.31.46.0-255,66,191634,44,287391
28897,0.001646,74.125.24.0-255,2184,193818,44,287391
28898,0.001649,172.31.46.0-255,66,193884,44,287391
28899,0.001764,74.125.24.0-255,1484,195368,44,287391
28900,0.00177,74.125.24.0-255,2902,198270,44,287391
28901,0.001773,172.31.46.0-255,66,198336,44,287391
28902,0.00178,74.125.24.0-255,5738,204074,44,287391
28903,0.001783,172.31.46.0-255,66,204140,44,287391
28904,0.001803,74.125.24.0-255,5738,209878,44,287391
28905,0.001806,172.31.46.0-255,66,209944,44,287391
28906,0.001837,74.125.24.0-255,7156,217100,44,287391
28907,0.001842,172.31.46.0-255,66,217166,44,287391
28908,0.001852,172.31.46.0-255,66,217232,44,287391
28909,0.001867,74.125.24.0-255,2184,219416,44,287391
28910,0.001869,172.31.46.0-255,66,219482,44,287391
28911,0.001994,74.125.24.0-255,1484,220966,44,287391
28912,0.002,74.125.24.0-255,2902,223868,44,287391
28913,0.002003,172.31.46.0-255,66,223934,44,287391
28914,0.002026,74.125.24.0-255,5738,229672,44,287391
28915,0.002029,172.31.46.0-255,66,229738,44,287391
28916,0.002061,172.31.46.0-255,66,229804,44,287391
28917,0.002079,74.125.24.0-255,1484,231288,44,287391
28918,0.002093,172.31.46.0-255,66,231354,44,287391
28919,0.002118,74.125.24.0-255,766,232120,44,287391
28920,0.002129,172.31.46.0-255,66,232186,44,287391
28921,0.004215,74.125.24.0-255,5738,237924,44,287391
28922,0.004221,172.31.46.0-255,66,237990,44,287391
28923,0.006296,74.125.24.0-255,5738,243728,44,287391
28924,0.006306,172.31.46.0-255,66,243794,44,287391
28925,0.008359,74.125.24.0-255,5738,249532,44,287391
28926,0.008365,172.31.46.0-255,66,249598,44,287391
28927,0.010465,74.125.24.0-255,5738,255336,44,287391
28928,0.010472,172.31.46.0-255,66,255402,44,287391
28929,0.012712,74.125.24.0-255,5738,261140,44,287391
28930,0.012769,172.31.46.0-255,66,261206,44,287391
28931,0.01483,74.125.24.0-255,5738,266944,44,287391
28932,0.014837,172.31.46.0-255,66,267010,44,287391
28933,0.016923,74.125.24.0-255,5738,272748,44,287391
28934,0.01693,172.31.46.0-255,66,272814,44,287391
28935,0.019,74.125.24.0-255,5150,277964,44,287391
28936,0.019008,172.31.46.0-255,66,278030,44,287391
28937,0.019218,172.31.46.0-255,105,278135,44,287391
28938,0.021566,74.125.24.0-255,66,278201,44,287391
28939,0.034271,172.31.46.0-255,172,278373,44,287391
28940,0.03431,172.31.46.0-255,1114,279487,44,287391
28941,0.03438,172.31.46.0-255,1514,281001,44,287391
28942,0.034382,172.31.46.0-255,1514,282515,44,287391
28943,0.034388,172.31.46.0-255,1514,284029,44,287391
28944,0.034388,172.31.46.0-255,1514,285543,44,287391
28945,0.034408,172.31.46.0-255,1514,287057,44,287391
28946,0.034413,172.31.46.0-255,70,287127,44,287391
28947,0.035792,104.244.42.0-255,66,287193,44,287391
28948,0.035872,104.244.42.0-255,66,287259,44,287391
28949,0.03596,104.244.42.0-255,66,287325,44,287391
28950,0.035965,104.244.42.0-255,66,287391,44,287391
28951,0.0,74.125.68.0-255,143,143,44,360505
28952,3.5e-05,172.31.46.0-255,66,209,44,360505
28953,4.3e-05,74.125.68.0-255,1484,1693,44,360505
28954,4.7e-05,172.31.46.0-255,66,1759,44,360505
28955,5.2e-05,74.125.68.0-255,2902,4661,44,360505
28956,5.4e-05,172.31.46.0-255,66,4727,44,360505
28957,6.2e-05,74.125.68.0-255,5738,10465,44,360505
28958,6.5e-05,172.31.46.0-255,66,10531,44,360505
28959,9.3e-05,74.125.68.0-255,6336,16867,44,360505
28960,9.6e-05,172.31.46.0-255,66,16933,44,360505
28961,9.9e-05,74.125.68.0-255,1484,18417,44,360505
28962,0.000101,172.31.46.0-255,66,18483,44,360505
28963,0.000127,74.125.68.0-255,5738,24221,44,360505
28964,0.00013,172.31.46.0-255,66,24287,44,360505
28965,0.000166,74.125.68.0-255,6797,31084,44,360505
28966,0.000169,172.31.46.0-255,66,31150,44,360505
28967,0.000204,74.125.68.0-255,2902,34052,44,360505
28968,0.000207,172.31.46.0-255,66,34118,44,360505
28969,0.000233,74.125.68.0-255,4320,38438,44,360505
28970,0.000235,172.31.46.0-255,66,38504,44,360505
28971,0.000249,172.31.46.0-255,66,38570,44,360505
28972,0.000252,74.125.68.0-255,1125,39695,44,360505
28973,0.000254,172.31.46.0-255,66,39761,44,360505
28974,0.000552,74.125.68.0-255,1484,41245,44,360505
28975,0.000556,172.31.46.0-255,66,41311,44,360505
28976,0.000581,74.125.68.0-255,2902,44213,44,360505
28977,0.000584,172.31.46.0-255,66,44279,44,360505
28978,0.000587,74.125.68.0-255,1484,45763,44,360505
28979,0.00059,172.31.46.0-255,66,45829,44,360505
28980,0.000595,74.125.68.0-255,2902,48731,44,360505
28981,0.000597,172.31.46.0-255,66,48797,44,360505
28982,0.0006,74.125.68.0-255,1484,50281,44,360505
28983,0.000623,74.125.68.0-255,4320,54601,44,360505
28984,0.000626,172.31.46.0-255,66,54667,44,360505
28985,0.000631,74.125.68.0-255,2543,57210,44,360505
28986,0.000634,172.31.46.0-255,66,57276,44,360505
28987,0.000716,74.125.68.0-255,1484,58760,44,360505
28988,0.000729,74.125.68.0-255,2902,61662,44,360505
28989,0.000732,172.31.46.0-255,66,61728,44,360505
28990,0.000737,74.125.68.0-255,2902,64630,44,360505
28991,0.000743,172.31.46.0-255,66,64696,44,360505
28992,0.000753,74.125.68.0-255,4320,69016,44,360505
28993,0.000755,172.31.46.0-255,66,69082,44,360505
28994,0.000783,172.31.46.0-255,66,69148,44,360505
28995,0.000788,74.125.68.0-255,4320,73468,44,360505
28996,0.00079,172.31.46.0-255,66,73534,44,360505
28997,0.000834,74.125.68.0-255,5738,79272,44,360505
28998,0.000837,172.31.46.0-255,66,79338,44,360505
28999,0.000855,74.125.68.0-255,2543,81881,44,360505
29000,0.000858,172.31.46.0-255,66,81947,44,360505
29001,0.000925,74.125.68.0-255,1484,83431,44,360505
29002,0.000942,74.125.68.0-255,2902,86333,44,360505
29003,0.000945,172.31.46.0-255,66,86399,44,360505
29004,0.000948,74.125.68.0-255,1484,87883,44,360505
29005,0.000964,74.125.68.0-255,4320,92203,44,360505
29006,0.000966,172.31.46.0-255,66,92269,44,360505
29007,0.000995,172.31.46.0-255,66,92335,44,360505
29008,0.001027,172.31.46.0-255,66,92401,44,360505
29009,0.00105,74.125.68.0-255,5020,97421,44,360505
29010,0.001053,172.31.46.0-255,66,97487,44,360505
29011,0.00135,74.125.68.0-255,1484,98971,44,360505
29012,0.001367,74.125.68.0-255,2902,101873,44,360505
29013,0.00137,172.31.46.0-255,66,101939,44,360505
29014,0.001385,74.125.68.0-255,2902,104841,44,360505
29015,0.001388,172.31.46.0-255,66,104907,44,360505
29016,0.001411,74.125.68.0-255,2902,107809,44,360505
29017,0.001414,172.31.46.0-255,66,107875,44,360505
29018,0.001433,74.125.68.0-255,5738,113613,44,360505
29019,0.001436,172.31.46.0-255,66,113679,44,360505
29020,0.001451,74.125.68.0-255,7156,120835,44,360505
29021,0.001454,172.31.46.0-255,66,120901,44,360505
29022,0.001517,74.125.68.0-255,7156,128057,44,360505
29023,0.001521,172.31.46.0-255,66,128123,44,360505
29024,0.00154,74.125.68.0-255,3602,131725,44,360505
29025,0.001542,172.31.46.0-255,66,131791,44,360505
29026,0.001545,74.125.68.0-255,1484,133275,44,360505
29027,0.00155,74.125.68.0-255,2902,136177,44,360505
29028,0.001552,172.31.46.0-255,66,136243,44,360505
29029,0.001557,74.125.68.0-255,2902,139145,44,360505
29030,0.001559,172.31.46.0-255,66,139211,44,360505
29031,0.001581,74.125.68.0-255,2902,142113,44,360505
29032,0.001584,172.31.46.0-255,66,142179,44,360505
29033,0.001589,74.125.68.0-255,2902,145081,44,360505
29034,0.001593,74.125.68.0-255,4320,149401,44,360505
29035,0.001593,172.31.46.0-255,66,149467,44,360505
29036,0.001596,172.31.46.0-255,66,149533,44,360505
29037,0.001606,74.125.68.0-255,2902,152435,44,360505
29038,0.001608,172.31.46.0-255,66,152501,44,360505
29039,0.001631,74.125.68.0-255,5738,158239,44,360505
29040,0.001635,172.31.46.0-255,66,158305,44,360505
29041,0.00164,74.125.68.0-255,5738,164043,44,360505
29042,0.001643,172.31.46.0-255,66,164109,44,360505
29043,0.001684,74.125.68.0-255,2184,166293,44,360505
29044,0.001687,172.31.46.0-255,66,166359,44,360505
29045,0.001913,74.125.68.0-255,1484,167843,44,360505
29046,0.001939,74.125.68.0-255,2902,170745,44,360505
29047,0.001942,172.31.46.0-255,66,170811,44,360505
29048,0.001948,74.125.68.0-255,4320,175131,44,360505
29049,0.00195,172.31.46.0-255,66,175197,44,360505
29050,0.001954,74.125.68.0-255,2902,178099,44,360505
29051,0.001956,172.31.46.0-255,66,178165,44,360505
29052,0.00198,74.125.68.0-255,5738,183903,44,360505
29053,0.001983,172.31.46.0-255,66,183969,44,360505
29054,0.001989,74.125.68.0-255,5738,189707,44,360505
29055,0.001991,172.31.46.0-255,66,189773,44,360505
29056,0.002034,74.125.68.0-255,2902,192675,44,360505
29057,0.002038,172.31.46.0-255,66,192741,44,360505
29058,0.002061,74.125.68.0-255,5738,198479,44,360505
29059,0.002064,172.31.46.0-255,66,198545,44,360505
29060,0.002086,74.125.68.0-255,2184,200729,44,360505
29061,0.002088,172.31.46.0-255,66,200795,44,360505
29062,0.002364,74.125.68.0-255,1484,202279,44,360505
29063,0.002372,74.125.68.0-255,2902,205181,44,360505
29064,0.002375,172.31.46.0-255,66,205247,44,360505
29065,0.002392,74.125.68.0-255,1484,206731,44,360505
29066,0.002408,74.125.68.0-255,4320,211051,44,360505
29067,0.002411,172.31.46.0-255,66,211117,44,360505
29068,0.002437,74.125.68.0-255,4320,215437,44,360505
29069,0.00244,172.31.46.0-255,66,215503,44,360505
29070,0.002466,172.31.46.0-255,66,215569,44,360505
29071,0.002483,74.125.68.0-255,4320,219889,44,360505
29072,0.002486,172.31.46.0-255,66,219955,44,360505
29073,0.002514,74.125.68.0-255,6438,226393,44,360505
29074,0.002517,172.31.46.0-255,66,226459,44,360505
29075,0.005067,74.125.68.0-255,5738,232197,44,360505
29076,0.005077,172.31.46.0-255,66,232263,44,360505
29077,0.007638,74.125.68.0-255,5738,238001,44,360505
29078,0.007645,172.31.46.0-255,66,238067,44,360505
29079,0.010204,74.125.68.0-255,5738,243805,44,360505
29080,0.010213,172.31.46.0-255,66,243871,44,360505
29081,0.012782,74.125.68.0-255,5738,249609,44,360505
29082,0.012804,172.31.46.0-255,66,249675,44,360505
29083,0.015373,74.125.68.0-255,5738,255413,44,360505
29084,0.015391,172.31.46.0-255,66,255479,44,360505
29085,0.017969,74.125.68.0-255,5738,261217,44,360505
29086,0.017986,172.31.46.0-255,66,261283,44,360505
29087,0.020549,74.125.68.0-255,5738,267021,44,360505
29088,0.020558,172.31.46.0-255,66,267087,44,360505
29089,0.023121,74.125.68.0-255,5738,272825,44,360505
29090,0.023136,172.31.46.0-255,66,272891,44,360505
29091,0.025712,74.125.68.0-255,5738,278629,44,360505
29092,0.025727,172.31.46.0-255,66,278695,44,360505
29093,0.028296,74.125.68.0-255,5738,284433,44,360505
29094,0.028315,172.31.46.0-255,66,284499,44,360505
29095,0.030892,74.125.68.0-255,5738,290237,44,360505
29096,0.03091,172.31.46.0-255,66,290303,44,360505
29097,0.033483,74.125.68.0-255,5738,296041,44,360505
29098,0.033498,172.31.46.0-255,66,296107,44,360505
29099,0.036064,74.125.68.0-255,5738,301845,44,360505
29100,0.036078,172.31.46.0-255,66,301911,44,360505
29101,0.038685,74.125.68.0-255,5738,307649,44,360505
29102,0.038701,172.31.46.0-255,66,307715,44,360505
29103,0.041269,74.125.68.0-255,5738,313453,44,360505
29104,0.041286,172.31.46.0-255,66,313519,44,360505
29105,0.043836,74.125.68.0-255,5738,319257,44,360505
29106,0.043847,172.31.46.0-255,66,319323,44,360505
29107,0.044251,172.31.46.0-255,188,319511,44,360505
29108,0.04428,172.31.46.0-255,955,320466,44,360505
29109,0.044335,172.31.46.0-255,1514,321980,44,360505
29110,0.044336,172.31.46.0-255,1514,323494,44,360505
29111,0.044343,172.31.46.0-255,1514,325008,44,360505
29112,0.044344,172.31.46.0-255,1514,326522,44,360505
29113,0.044359,172.31.46.0-255,1514,328036,44,360505
29114,0.04436,172.31.46.0-255,230,328266,44,360505
29115,0.045811,104.244.42.0-255,66,328332,44,360505
29116,0.045846,104.244.42.0-255,66,328398,44,360505
29117,0.045908,104.244.42.0-255,66,328464,44,360505
29118,0.046008,104.244.42.0-255,66,328530,44,360505
29119,0.04641,74.125.68.0-255,5738,334268,44,360505
29120,0.046421,172.31.46.0-255,66,334334,44,360505
29121,0.048988,74.125.68.0-255,5738,340072,44,360505
29122,0.048999,172.31.46.0-255,66,340138,44,360505
29123,0.051582,74.125.68.0-255,5738,345876,44,360505
29124,0.051589,172.31.46.0-255,66,345942,44,360505
29125,0.054166,74.125.68.0-255,5738,351680,44,360505
29126,0.054174,172.31.46.0-255,66,351746,44,360505
29127,0.056735,74.125.68.0-255,4320,356066,44,360505
29128,0.056743,172.31.46.0-255,66,356132,44,360505
29129,0.056762,74.125.68.0-255,1484,357616,44,360505
29130,0.059319,74.125.68.0-255,2652,360268,44,360505
29131,0.059336,172.31.46.0-255,66,360334,44,360505
29132,0.05963,172.31.46.0-255,105,360439,44,360505
29133,0.062134,74.125.68.0-255,66,360505,44,360505
29134,0.0,172.217.194.0-255,150,150,44,228714
29135,2.2e-05,172.31.46.0-255,66,216,44,228714
29136,2.9e-05,172.217.194.0-255,1484,1700,44,228714
29137,3.4e-05,172.31.46.0-255,66,1766,44,228714
29138,4e-05,172.217.194.0-255,2902,4668,44,228714
29139,5.1e-05,172.31.46.0-255,66,4734,44,228714
29140,6e-05,172.217.194.0-255,7156,11890,44,228714
29141,6.3e-05,172.31.46.0-255,66,11956,44,228714
29142,0.00011,172.31.46.0-255,66,12022,44,228714
29143,0.000121,172.31.46.0-255,66,12088,44,228714
29144,0.000169,172.217.194.0-255,1484,13572,44,228714
29145,0.000172,172.31.46.0-255,66,13638,44,228714
29146,0.000178,172.217.194.0-255,2902,16540,44,228714
29147,0.00018,172.31.46.0-255,66,16606,44,228714
29148,0.000188,172.217.194.0-255,1484,18090,44,228714
29149,0.00019,172.31.46.0-255,66,18156,44,228714
29150,0.000203,172.217.194.0-255,4320,22476,44,228714
29151,0.000206,172.31.46.0-255,66,22542,44,228714
29152,0.000244,172.31.46.0-255,66,22608,44,228714
29153,0.000248,172.217.194.0-255,2902,25510,44,228714
29154,0.000251,172.31.46.0-255,66,25576,44,228714
29155,0.000286,172.31.46.0-255,66,25642,44,228714
29156,0.000288,172.217.194.0-255,391,26033,44,228714
29157,0.00029,172.31.46.0-255,66,26099,44,228714
29158,0.000453,172.217.194.0-255,383,26482,44,228714
29159,0.000459,172.31.46.0-255,66,26548,44,228714
29160,0.000624,172.217.194.0-255,1484,28032,44,228714
29161,0.000628,172.31.46.0-255,66,28098,44,228714
29162,0.000633,172.217.194.0-255,2902,31000,44,228714
29163,0.000636,172.31.46.0-255,66,31066,44,228714
29164,0.000668,172.217.194.0-255,5738,36804,44,228714
29165,0.000671,172.31.46.0-255,66,36870,44,228714
29166,0.000673,172.217.194.0-255,1484,38354,44,228714
29167,0.000708,172.217.194.0-255,2902,41256,44,228714
29168,0.000711,172.31.46.0-255,66,41322,44,228714
29169,0.000745,172.217.194.0-255,6797,48119,44,228714
29170,0.000757,172.31.46.0-255,66,48185,44,228714
29171,0.000764,172.31.46.0-255,66,48251,44,228714
29172,0.000768,172.217.194.0-255,1994,50245,44,228714
29173,0.00077,172.31.46.0-255,66,50311,44,228714
29174,0.000869,172.217.194.0-255,1484,51795,44,228714
29175,0.000873,172.217.194.0-255,1484,53279,44,228714
29176,0.000876,172.31.46.0-255,66,53345,44,228714
29177,0.000899,172.217.194.0-255,1484,54829,44,228714
29178,0.000905,172.217.194.0-255,5738,60567,44,228714
29179,0.000907,172.31.46.0-255,66,60633,44,228714
29180,0.00091,172.217.194.0-255,1484,62117,44,228714
29181,0.000929,172.217.194.0-255,1484,63601,44,228714
29182,0.000931,172.31.46.0-255,66,63667,44,228714
29183,0.000946,172.217.194.0-255,1484,65151,44,228714
29184,0.000972,172.31.46.0-255,66,65217,44,228714
29185,0.000989,172.31.46.0-255,66,65283,44,228714
29186,0.001244,172.217.194.0-255,1484,66767,44,228714
29187,0.001249,172.217.194.0-255,1484,68251,44,228714
29188,0.001251,172.31.46.0-255,66,68317,44,228714
29189,0.001268,172.217.194.0-255,1484,69801,44,228714
29190,0.001277,172.217.194.0-255,5738,75539,44,228714
29191,0.00128,172.31.46.0-255,66,75605,44,228714
29192,0.001337,172.31.46.0-255,66,75671,44,228714
29193,0.001362,172.217.194.0-255,4320,79991,44,228714
29194,0.001364,172.31.46.0-255,66,80057,44,228714
29195,0.00137,172.217.194.0-255,7156,87213,44,228714
29196,0.001372,172.31.46.0-255,66,87279,44,228714
29197,0.001377,172.217.194.0-255,3602,90881,44,228714
29198,0.001382,172.31.46.0-255,66,90947,44,228714
29199,0.001502,172.217.194.0-255,1484,92431,44,228714
29200,0.001522,172.217.194.0-255,2902,95333,44,228714
29201,0.001527,172.217.194.0-255,4320,99653,44,228714
29202,0.00153,172.31.46.0-255,66,99719,44,228714
29203,0.001534,172.31.46.0-255,66,99785,44,228714
29204,0.001547,172.217.194.0-255,1484,101269,44,228714
29205,0.001563,172.217.194.0-255,5738,107007,44,228714
29206,0.001566,172.31.46.0-255,66,107073,44,228714
29207,0.001606,172.217.194.0-255,7156,114229,44,228714
29208,0.001608,172.31.46.0-255,66,114295,44,228714
29209,0.001618,172.31.46.0-255,66,114361,44,228714
29210,0.001643,172.217.194.0-255,2184,116545,44,228714
29211,0.001646,172.31.46.0-255,66,116611,44,228714
29212,0.00165,172.217.194.0-255,2902,119513,44,228714
29213,0.001652,172.31.46.0-255,66,119579,44,228714
29214,0.001658,172.217.194.0-255,7156,126735,44,228714
29215,0.001661,172.31.46.0-255,66,126801,44,228714
29216,0.001706,172.31.46.0-255,66,126867,44,228714
29217,0.00171,172.217.194.0-255,4320,131187,44,228714
29218,0.001712,172.31.46.0-255,66,131253,44,228714
29219,0.001747,172.217.194.0-255,1484,132737,44,228714
29220,0.00175,172.31.46.0-255,66,132803,44,228714
29221,0.001774,172.217.194.0-255,2902,135705,44,228714
29222,0.001777,172.31.46.0-255,66,135771,44,228714
29223,0.001782,172.217.194.0-255,4320,140091,44,228714
29224,0.001784,172.31.46.0-255,66,140157,44,228714
29225,0.001812,172.217.194.0-255,1484,141641,44,228714
29226,0.001817,172.217.194.0-255,4320,145961,44,228714
29227,0.001819,172.31.46.0-255,66,146027,44,228714
29228,0.001838,172.31.46.0-255,66,146093,44,228714
29229,0.001859,172.217.194.0-255,1484,147577,44,228714
29230,0.001868,172.31.46.0-255,66,147643,44,228714
29231,0.002222,172.217.194.0-255,1484,149127,44,228714
29232,0.002226,172.217.194.0-255,1484,150611,44,228714
29233,0.002229,172.31.46.0-255,66,150677,44,228714
29234,0.002258,172.217.194.0-255,1484,152161,44,228714
29235,0.002264,172.217.194.0-255,5738,157899,44,228714
29236,0.002267,172.31.46.0-255,66,157965,44,228714
29237,0.002281,172.31.46.0-255,66,158031,44,228714
29238,0.002292,172.217.194.0-255,5738,163769,44,228714
29239,0.002294,172.31.46.0-255,66,163835,44,228714
29240,0.002327,172.217.194.0-255,5020,168855,44,228714
29241,0.002331,172.31.46.0-255,66,168921,44,228714
29242,0.002352,172.217.194.0-255,1484,170405,44,228714
29243,0.002356,172.217.194.0-255,1484,171889,44,228714
29244,0.002359,172.31.46.0-255,66,171955,44,228714
29245,0.002385,172.217.194.0-255,1484,173439,44,228714
29246,0.002392,172.217.194.0-255,4320,177759,44,228714
29247,0.002394,172.31.46.0-255,66,177825,44,228714
29248,0.002401,172.217.194.0-255,5738,183563,44,228714
29249,0.002403,172.31.46.0-255,66,183629,44,228714
29250,0.002408,172.217.194.0-255,4320,187949,44,228714
29251,0.002416,172.31.46.0-255,66,188015,44,228714
29252,0.002459,172.217.194.0-255,7156,195171,44,228714
29253,0.002462,172.31.46.0-255,66,195237,44,228714
29254,0.002473,172.31.46.0-255,66,195303,44,228714
29255,0.002552,172.217.194.0-255,1484,196787,44,228714
29256,0.002557,172.217.194.0-255,2902,199689,44,228714
29257,0.002559,172.31.46.0-255,66,199755,44,228714
29258,0.002564,172.217.194.0-255,2902,202657,44,228714
29259,0.002567,172.31.46.0-255,66,202723,44,228714
29260,0.002591,172.217.194.0-255,2902,205625,44,228714
29261,0.002597,172.31.46.0-255,66,205691,44,228714
29262,0.00261,172.31.46.0-255,66,205757,44,228714
29263,0.002616,172.217.194.0-255,5738,211495,44,228714
29264,0.002619,172.31.46.0-255,66,211561,44,228714
29265,0.002621,172.217.194.0-255,1484,213045,44,228714
29266,0.002647,172.217.194.0-255,1484,214529,44,228714
29267,0.00265,172.31.46.0-255,78,214607,44,228714
29268,0.002656,172.217.194.0-255,4320,218927,44,228714
29269,0.002659,172.31.46.0-255,78,219005,44,228714
29270,0.002702,172.31.46.0-255,78,219083,44,228714
29271,0.002718,172.217.194.0-255,3602,222685,44,228714
29272,0.002725,172.31.46.0-255,66,222751,44,228714
29273,0.00273,172.217.194.0-255,3505,226256,44,228714
29274,0.002733,172.31.46.0-255,66,226322,44,228714
29275,0.002735,172.217.194.0-255,105,226427,44,228714
29276,0.011333,172.31.46.0-255,66,226493,44,228714
29277,0.01138,172.31.46.0-255,105,226598,44,228714
29278,0.013691,172.217.194.0-255,66,226664,44,228714
29279,0.036895,172.31.46.0-255,172,226836,44,228714
29280,0.036929,172.31.46.0-255,1109,227945,44,228714
29281,0.036989,172.31.46.0-255,571,228516,44,228714
29282,0.038448,104.244.42.0-255,66,228582,44,228714
29283,0.038478,104.244.42.0-255,66,228648,44,228714
29284,0.038546,104.244.42.0-255,66,228714,44,228714
29285,0.0,172.253.118.0-255,153,153,44,350596
29286,2.1e-05,172.31.46.0-255,66,219,44,350596
29287,2.7e-05,172.253.118.0-255,1484,1703,44,350596
29288,3.1e-05,172.31.46.0-255,66,1769,44,350596
29289,3.3e-05,172.253.118.0-255,1484,3253,44,350596
29290,3.6e-05,172.31.46.0-255,66,3319,44,350596
29291,4.1e-05,172.253.118.0-255,2902,6221,44,350596
29292,4.3e-05,172.31.46.0-255,66,6287,44,350596
29293,4.6e-05,172.253.118.0-255,1484,7771,44,350596
29294,4.8e-05,172.31.46.0-255,66,7837,44,350596
29295,7.1e-05,172.253.118.0-255,4320,12157,44,350596
29296,7.3e-05,172.31.46.0-255,66,12223,44,350596
29297,0.000105,172.253.118.0-255,6393,18616,44,350596
29298,0.000107,172.31.46.0-255,66,18682,44,350596
29299,0.000114,172.253.118.0-255,7156,25838,44,350596
29300,0.000116,172.31.46.0-255,66,25904,44,350596
29301,0.000145,172.253.118.0-255,5379,31283,44,350596
29302,0.000147,172.31.46.0-255,66,31349,44,350596
29303,0.000452,172.253.118.0-255,1484,32833,44,350596
29304,0.000457,172.31.46.0-255,66,32899,44,350596
29305,0.000462,172.253.118.0-255,2902,35801,44,350596
29306,0.000463,172.31.46.0-255,66,35867,44,350596
29307,0.000487,172.253.118.0-255,5738,41605,44,350596
29308,0.000489,172.31.46.0-255,66,41671,44,350596
29309,0.000524,172.253.118.0-255,1484,43155,44,350596
29310,0.000527,172.31.46.0-255,66,43221,44,350596
29311,0.000555,172.31.46.0-255,66,43287,44,350596
29312,0.00056,172.253.118.0-255,4320,47607,44,350596
29313,0.000562,172.31.46.0-255,66,47673,44,350596
29314,0.000596,172.253.118.0-255,1484,49157,44,350596
29315,0.000599,172.31.46.0-255,66,49223,44,350596
29316,0.000624,172.253.118.0-255,6797,56020,44,350596
29317,0.000626,172.31.46.0-255,66,56086,44,350596
29318,0.000879,172.253.118.0-255,646,56732,44,350596
29319,0.000901,172.31.46.0-255,66,56798,44,350596
29320,0.001049,172.253.118.0-255,1484,58282,44,350596
29321,0.001056,172.253.118.0-255,1484,59766,44,350596
29322,0.001059,172.31.46.0-255,66,59832,44,350596
29323,0.001078,172.253.118.0-255,1484,61316,44,350596
29324,0.001085,172.253.118.0-255,5738,67054,44,350596
29325,0.001087,172.31.46.0-255,66,67120,44,350596
29326,0.001091,172.253.118.0-255,2902,70022,44,350596
29327,0.001093,172.31.46.0-255,66,70088,44,350596
29328,0.001108,172.253.118.0-255,2902,72990,44,350596
29329,0.001109,172.31.46.0-255,66,73056,44,350596
29330,0.001143,172.253.118.0-255,5738,78794,44,350596
29331,0.001145,172.31.46.0-255,66,78860,44,350596
29332,0.001174,172.31.46.0-255,66,78926,44,350596
29333,0.001179,172.253.118.0-255,3961,82887,44,350596
29334,0.001181,172.31.46.0-255,66,82953,44,350596
29335,0.001447,172.253.118.0-255,1484,84437,44,350596
29336,0.001463,172.253.118.0-255,2902,87339,44,350596
29337,0.001467,172.31.46.0-255,66,87405,44,350596
29338,0.001472,172.253.118.0-255,2902,90307,44,350596
29339,0.001473,172.31.46.0-255,66,90373,44,350596
29340,0.001489,172.253.118.0-255,2902,93275,44,350596
29341,0.001491,172.31.46.0-255,66,93341,44,350596
29342,0.001527,172.31.46.0-255,66,93407,44,350596
29343,0.001542,172.253.118.0-255,4320,97727,44,350596
29344,0.001545,172.31.46.0-255,66,97793,44,350596
29345,0.001567,172.31.46.0-255,66,97859,44,350596
29346,0.001661,172.253.118.0-255,1484,99343,44,350596
29347,0.001667,172.253.118.0-255,2902,102245,44,350596
29348,0.001671,172.31.46.0-255,66,102311,44,350596
29349,0.00171,172.253.118.0-255,5738,108049,44,350596
29350,0.001713,172.31.46.0-255,66,108115,44,350596
29351,0.001724,172.253.118.0-255,1484,109599,44,350596
29352,0.001744,172.253.118.0-255,5738,115337,44,350596
29353,0.001747,172.31.46.0-255,66,115403,44,350596
29354,0.001779,172.253.118.0-255,2902,118305,44,350596
29355,0.001783,172.31.46.0-255,66,118371,44,350596
29356,0.001803,172.253.118.0-255,7156,125527,44,350596
29357,0.001805,172.31.46.0-255,66,125593,44,350596
29358,0.001838,172.253.118.0-255,6438,132031,44,350596
29359,0.00184,172.31.46.0-255,66,132097,44,350596
29360,0.002039,172.253.118.0-255,1484,133581,44,350596
29361,0.002043,172.253.118.0-255,1484,135065,44,350596
29362,0.002045,172.31.46.0-255,66,135131,44,350596
29363,0.002059,172.253.118.0-255,1484,136615,44,350596
29364,0.002062,172.253.118.0-255,1484,138099,44,350596
29365,0.002064,172.31.46.0-255,66,138165,44,350596
29366,0.002087,172.253.118.0-255,4320,142485,44,350596
29367,0.00209,172.31.46.0-255,66,142551,44,350596
29368,0.002095,172.253.118.0-255,4320,146871,44,350596
29369,0.002098,172.31.46.0-255,66,146937,44,350596
29370,0.002122,172.31.46.0-255,66,147003,44,350596
29371,0.002134,172.31.46.0-255,66,147069,44,350596
29372,0.00238,172.253.118.0-255,1484,148553,44,350596
29373,0.002385,172.253.118.0-255,2902,151455,44,350596
29374,0.002387,172.31.46.0-255,66,151521,44,350596
29375,0.002406,172.253.118.0-255,1484,153005,44,350596
29376,0.002422,172.253.118.0-255,4320,157325,44,350596
29377,0.002425,172.31.46.0-255,66,157391,44,350596
29378,0.002432,172.253.118.0-255,7156,164547,44,350596
29379,0.002435,172.31.46.0-255,66,164613,44,350596
29380,0.002478,172.31.46.0-255,66,164679,44,350596
29381,0.002494,172.253.118.0-255,1484,166163,44,350596
29382,0.002498,172.253.118.0-255,2184,168347,44,350596
29383,0.002501,172.31.46.0-255,66,168413,44,350596
29384,0.002521,172.253.118.0-255,2902,171315,44,350596
29385,0.002524,172.31.46.0-255,66,171381,44,350596
29386,0.002546,172.253.118.0-255,2902,174283,44,350596
29387,0.002549,172.31.46.0-255,66,174349,44,350596
29388,0.002553,172.253.118.0-255,2902,177251,44,350596
29389,0.002556,172.31.46.0-255,66,177317,44,350596
29390,0.005069,172.253.118.0-255,4320,181637,44,350596
29391,0.005072,172.31.46.0-255,66,181703,44,350596
29392,0.005098,172.253.118.0-255,1484,183187,44,350596
29393,0.007612,172.253.118.0-255,4320,187507,44,350596
29394,0.007621,172.31.46.0-255,66,187573,44,350596
29395,0.010189,172.253.118.0-255,5738,193311,44,350596
29396,0.010195,172.31.46.0-255,66,193377,44,350596
29397,0.012746,172.253.118.0-255,5738,199115,44,350596
29398,0.012755,172.31.46.0-255,66,199181,44,350596
29399,0.015291,172.253.118.0-255,5738,204919,44,350596
29400,0.015298,172.31.46.0-255,66,204985,44,350596
29401,0.017809,172.253.118.0-255,5738,210723,44,350596
29402,0.017817,172.31.46.0-255,66,210789,44,350596
29403,0.020393,172.253.118.0-255,5738,216527,44,350596
29404,0.020403,172.31.46.0-255,66,216593,44,350596
29405,0.022937,172.253.118.0-255,5738,222331,44,350596
29406,0.022945,172.31.46.0-255,66,222397,44,350596
29407,0.025473,172.253.118.0-255,5738,228135,44,350596
29408,0.025481,172.31.46.0-255,66,228201,44,350596
29409,0.028018,172.253.118.0-255,5738,233939,44,350596
29410,0.028026,172.31.46.0-255,66,234005,44,350596
29411,0.030558,172.253.118.0-255,5738,239743,44,350596
29412,0.030567,172.31.46.0-255,66,239809,44,350596
29413,0.033095,172.253.118.0-255,5738,245547,44,350596
29414,0.033104,172.31.46.0-255,66,245613,44,350596
29415,0.035652,172.253.118.0-255,5738,251351,44,350596
29416,0.03566,172.31.46.0-255,66,251417,44,350596
29417,0.037959,172.31.46.0-255,172,251589,44,350596
29418,0.037991,172.31.46.0-255,1114,252703,44,350596
29419,0.038064,172.31.46.0-255,1514,254217,44,350596
29420,0.038066,172.31.46.0-255,1514,255731,44,350596
29421,0.038071,172.31.46.0-255,1514,257245,44,350596
29422,0.038073,172.31.46.0-255,1514,258759,44,350596
29423,0.03809,172.31.46.0-255,1514,260273,44,350596
29424,0.038091,172.31.46.0-255,70,260343,44,350596
29425,0.038194,172.253.118.0-255,5738,266081,44,350596
29426,0.038201,172.31.46.0-255,66,266147,44,350596
29427,0.039548,104.244.42.0-255,66,266213,44,350596
29428,0.039556,104.244.42.0-255,66,266279,44,350596
29429,0.039646,104.244.42.0-255,66,266345,44,350596
29430,0.039751,104.244.42.0-255,66,266411,44,350596
29431,0.040745,172.253.118.0-255,5738,272149,44,350596
29432,0.040751,172.31.46.0-255,66,272215,44,350596
29433,0.043285,172.253.118.0-255,5738,277953,44,350596
29434,0.043296,172.31.46.0-255,66,278019,44,350596
29435,0.045841,172.253.118.0-255,5738,283757,44,350596
29436,0.045849,172.31.46.0-255,66,283823,44,350596
29437,0.048405,172.253.118.0-255,5738,289561,44,350596
29438,0.048411,172.31.46.0-255,66,289627,44,350596
29439,0.050948,172.253.118.0-255,5738,295365,44,350596
29440,0.050954,172.31.46.0-255,66,295431,44,350596
29441,0.05348,172.253.118.0-255,5738,301169,44,350596
29442,0.053487,172.31.46.0-255,66,301235,44,350596
29443,0.056015,172.253.118.0-255,5738,306973,44,350596
29444,0.056022,172.31.46.0-255,66,307039,44,350596
29445,0.058545,172.253.118.0-255,5738,312777,44,350596
29446,0.058551,172.31.46.0-255,66,312843,44,350596
29447,0.061103,172.253.118.0-255,5738,318581,44,350596
29448,0.061109,172.31.46.0-255,66,318647,44,350596
29449,0.063639,172.253.118.0-255,5738,324385,44,350596
29450,0.063645,172.31.46.0-255,66,324451,44,350596
29451,0.066184,172.253.118.0-255,5738,330189,44,350596
29452,0.06619,172.31.46.0-255,66,330255,44,350596
29453,0.068737,172.253.118.0-255,5738,335993,44,350596
29454,0.068744,172.31.46.0-255,66,336059,44,350596
29455,0.071281,172.253.118.0-255,5738,341797,44,350596
29456,0.071287,172.31.46.0-255,66,341863,44,350596
29457,0.073834,172.253.118.0-255,5738,347601,44,350596
29458,0.073841,172.31.46.0-255,66,347667,44,350596
29459,0.076365,172.253.118.0-255,2692,350359,44,350596
29460,0.076372,172.31.46.0-255,66,350425,44,350596
29461,0.076737,172.31.46.0-255,105,350530,44,350596
29462,0.079236,172.253.118.0-255,66,350596,44,350596
29463,0.0,74.125.200.0-255,152,152,44,304554
29464,2.4e-05,172.31.46.0-255,66,218,44,304554
29465,3.2e-05,74.125.200.0-255,1484,1702,44,304554
29466,3.7e-05,172.31.46.0-255,66,1768,44,304554
29467,5.1e-05,74.125.200.0-255,2902,4670,44,304554
29468,5.6e-05,172.31.46.0-255,66,4736,44,304554
29469,6.2e-05,74.125.200.0-255,5738,10474,44,304554
29470,6.5e-05,172.31.46.0-255,66,10540,44,304554
29471,7.2e-05,74.125.200.0-255,3512,14052,44,304554
29472,7.4e-05,172.31.46.0-255,66,14118,44,304554
29473,8.1e-05,74.125.200.0-255,4320,18438,44,304554
29474,8.4e-05,172.31.46.0-255,66,18504,44,304554
29475,0.000137,172.31.46.0-255,66,18570,44,304554
29476,0.00014,74.125.200.0-255,1484,20054,44,304554
29477,0.000142,172.31.46.0-255,66,20120,44,304554
29478,0.000181,74.125.200.0-255,1125,21245,44,304554
29479,0.000183,172.31.46.0-255,66,21311,44,304554
29480,0.000221,74.125.200.0-255,1484,22795,44,304554
29481,0.000223,172.31.46.0-255,66,22861,44,304554
29482,0.000226,74.125.200.0-255,1484,24345,44,304554
29483,0.000228,172.31.46.0-255,66,24411,44,304554
29484,0.000256,74.125.200.0-255,1484,25895,44,304554
29485,0.000258,172.31.46.0-255,66,25961,44,304554
29486,0.000265,74.125.200.0-255,5738,31699,44,304554
29487,0.000268,172.31.46.0-255,66,31765,44,304554
29488,0.00029,74.125.200.0-255,2902,34667,44,304554
29489,0.000292,172.31.46.0-255,66,34733,44,304554
29490,0.000324,74.125.200.0-255,3961,38694,44,304554
29491,0.000327,172.31.46.0-255,66,38760,44,304554
29492,0.000331,74.125.200.0-255,2902,41662,44,304554
29493,0.000333,172.31.46.0-255,66,41728,44,304554
29494,0.000368,74.125.200.0-255,4320,46048,44,304554
29495,0.000371,172.31.46.0-255,66,46114,44,304554
29496,0.000381,172.31.46.0-255,66,46180,44,304554
29497,0.000384,74.125.200.0-255,1396,47576,44,304554
29498,0.000409,74.125.200.0-255,133,47709,44,304554
29499,0.000508,74.125.200.0-255,1484,49193,44,304554
29500,0.000514,172.31.46.0-255,66,49259,44,304554
29501,0.000548,74.125.200.0-255,2902,52161,44,304554
29502,0.000551,172.31.46.0-255,66,52227,44,304554
29503,0.000555,74.125.200.0-255,2902,55129,44,304554
29504,0.000557,172.31.46.0-255,66,55195,44,304554
29505,0.00057,74.125.200.0-255,4320,59515,44,304554
29506,0.000572,172.31.46.0-255,66,59581,44,304554
29507,0.000603,74.125.200.0-255,5738,65319,44,304554
29508,0.000606,172.31.46.0-255,66,65385,44,304554
29509,0.000633,74.125.200.0-255,2902,68287,44,304554
29510,0.000635,172.31.46.0-255,66,68353,44,304554
29511,0.000641,74.125.200.0-255,4320,72673,44,304554
29512,0.000643,172.31.46.0-255,66,72739,44,304554
29513,0.000656,172.31.46.0-255,66,72805,44,304554
29514,0.00066,74.125.200.0-255,2902,75707,44,304554
29515,0.000665,172.31.46.0-255,66,75773,44,304554
29516,0.000678,74.125.200.0-255,7156,82929,44,304554
29517,0.00068,172.31.46.0-255,66,82995,44,304554
29518,0.000704,74.125.200.0-255,1484,84479,44,304554
29519,0.00071,74.125.200.0-255,3663,88142,44,304554
29520,0.000712,172.31.46.0-255,66,88208,44,304554
29521,0.001329,74.125.200.0-255,1484,89692,44,304554
29522,0.001355,74.125.200.0-255,2902,92594,44,304554
29523,0.001359,172.31.46.0-255,66,92660,44,304554
29524,0.001388,74.125.200.0-255,1484,94144,44,304554
29525,0.0014,74.125.200.0-255,2902,97046,44,304554
29526,0.001403,172.31.46.0-255,66,97112,44,304554
29527,0.001434,74.125.200.0-255,5738,102850,44,304554
29528,0.001437,172.31.46.0-255,66,102916,44,304554
29529,0.001475,172.31.46.0-255,66,102982,44,304554
29530,0.00151,172.31.46.0-255,66,103048,44,304554
29531,0.001581,74.125.200.0-255,1484,104532,44,304554
29532,0.001586,74.125.200.0-255,1484,106016,44,304554
29533,0.001588,172.31.46.0-255,66,106082,44,304554
29534,0.001612,74.125.200.0-255,1484,107566,44,304554
29535,0.001615,74.125.200.0-255,1484,109050,44,304554
29536,0.001618,172.31.46.0-255,66,109116,44,304554
29537,0.001645,74.125.200.0-255,2902,112018,44,304554
29538,0.001648,172.31.46.0-255,66,112084,44,304554
29539,0.001658,172.31.46.0-255,66,112150,44,304554
29540,0.001663,74.125.200.0-255,2902,115052,44,304554
29541,0.001665,172.31.46.0-255,66,115118,44,304554
29542,0.001699,172.31.46.0-255,66,115184,44,304554
29543,0.001727,74.125.200.0-255,1484,116668,44,304554
29544,0.00173,74.125.200.0-255,766,117434,44,304554
29545,0.001733,172.31.46.0-255,66,117500,44,304554
29546,0.001736,74.125.200.0-255,1484,118984,44,304554
29547,0.001761,74.125.200.0-255,4320,123304,44,304554
29548,0.001764,172.31.46.0-255,66,123370,44,304554
29549,0.001771,74.125.200.0-255,5738,129108,44,304554
29550,0.001774,172.31.46.0-255,66,129174,44,304554
29551,0.001782,74.125.200.0-255,1484,130658,44,304554
29552,0.001818,74.125.200.0-255,4320,134978,44,304554
29553,0.001822,172.31.46.0-255,66,135044,44,304554
29554,0.00183,172.31.46.0-255,66,135110,44,304554
29555,0.001864,74.125.200.0-255,6438,141548,44,304554
29556,0.001867,172.31.46.0-255,66,141614,44,304554
29557,0.002186,74.125.200.0-255,1484,143098,44,304554
29558,0.002204,74.125.200.0-255,2902,146000,44,304554
29559,0.002208,172.31.46.0-255,66,146066,44,304554
29560,0.002214,74.125.200.0-255,4320,150386,44,304554
29561,0.002216,172.31.46.0-255,66,150452,44,304554
29562,0.002259,172.31.46.0-255,66,150518,44,304554
29563,0.00227,172.31.46.0-255,66,150584,44,304554
29564,0.002312,74.125.200.0-255,5738,156322,44,304554
29565,0.002316,172.31.46.0-255,66,156388,44,304554
29566,0.002347,74.125.200.0-255,2184,158572,44,304554
29567,0.00235,172.31.46.0-255,66,158638,44,304554
29568,0.002464,74.125.200.0-255,1484,160122,44,304554
29569,0.00248,74.125.200.0-255,2902,163024,44,304554
29570,0.002483,172.31.46.0-255,66,163090,44,304554
29571,0.002512,74.125.200.0-255,5738,168828,44,304554
29572,0.002515,172.31.46.0-255,66,168894,44,304554
29573,0.002518,74.125.200.0-255,1484,170378,44,304554
29574,0.002554,172.31.46.0-255,66,170444,44,304554
29575,0.002593,74.125.200.0-255,1484,171928,44,304554
29576,0.002623,172.31.46.0-255,66,171994,44,304554
29577,0.002639,172.31.46.0-255,66,172060,44,304554
29578,0.005228,74.125.200.0-255,5738,177798,44,304554
29579,0.009353,172.31.46.0-255,66,177864,44,304554
29580,0.011934,74.125.200.0-255,2902,180766,44,304554
29581,0.011942,172.31.46.0-255,66,180832,44,304554
29582,0.011971,74.125.200.0-255,2902,183734,44,304554
29583,0.011974,172.31.46.0-255,66,183800,44,304554
29584,0.014516,74.125.200.0-255,2902,186702,44,304554
29585,0.014523,172.31.46.0-255,66,186768,44,304554
29586,0.014544,74.125.200.0-255,2902,189670,44,304554
29587,0.014548,172.31.46.0-255,66,189736,44,304554
29588,0.017111,74.125.200.0-255,5738,195474,44,304554
29589,0.017119,172.31.46.0-255,66,195540,44,304554
29590,0.019702,74.125.200.0-255,5738,201278,44,304554
29591,0.01971,172.31.46.0-255,66,201344,44,304554
29592,0.022309,74.125.200.0-255,5738,207082,44,304554
29593,0.022316,172.31.46.0-255,66,207148,44,304554
29594,0.024913,74.125.200.0-255,5738,212886,44,304554
29595,0.024922,172.31.46.0-255,66,212952,44,304554
29596,0.027512,74.125.200.0-255,5738,218690,44,304554
29597,0.02752,172.31.46.0-255,66,218756,44,304554
29598,0.030105,74.125.200.0-255,5738,224494,44,304554
29599,0.030114,172.31.46.0-255,66,224560,44,304554
29600,0.032719,74.125.200.0-255,5738,230298,44,304554
29601,0.032741,172.31.46.0-255,66,230364,44,304554
29602,0.035338,74.125.200.0-255,5738,236102,44,304554
29603,0.035357,172.31.46.0-255,66,236168,44,304554
29604,0.03796,74.125.200.0-255,5738,241906,44,304554
29605,0.037975,172.31.46.0-255,66,241972,44,304554
29606,0.040573,74.125.200.0-255,5738,247710,44,304554
29607,0.040585,172.31.46.0-255,66,247776,44,304554
29608,0.043169,74.125.200.0-255,5738,253514,44,304554
29609,0.043184,172.31.46.0-255,66,253580,44,304554
29610,0.045775,74.125.200.0-255,5738,259318,44,304554
29611,0.045793,172.31.46.0-255,66,259384,44,304554
29612,0.048379,74.125.200.0-255,5738,265122,44,304554
29613,0.048387,172.31.46.0-255,66,265188,44,304554
29614,0.05098,74.125.200.0-255,5738,270926,44,304554
29615,0.050998,172.31.46.0-255,66,270992,44,304554
29616,0.053585,74.125.200.0-255,5738,276730,44,304554
29617,0.053593,172.31.46.0-255,66,276796,44,304554
29618,0.056216,74.125.200.0-255,5738,282534,44,304554
29619,0.056236,172.31.46.0-255,66,282600,44,304554
29620,0.058822,74.125.200.0-255,5738,288338,44,304554
29621,0.058832,172.31.46.0-255,66,288404,44,304554
29622,0.06145,74.125.200.0-255,5738,294142,44,304554
29623,0.061499,172.31.46.0-255,66,294208,44,304554
29624,0.064076,74.125.200.0-255,677,294885,44,304554
29625,0.064186,172.31.46.0-255,66,294951,44,304554
29626,0.064221,172.31.46.0-255,105,295056,44,304554
29627,0.065828,172.31.46.0-255,172,295228,44,304554
29628,0.065855,172.31.46.0-255,1114,296342,44,304554
29629,0.065934,172.31.46.0-255,1514,297856,44,304554
29630,0.065954,172.31.46.0-255,1514,299370,44,304554
29631,0.065955,172.31.46.0-255,1514,300884,44,304554
29632,0.065973,172.31.46.0-255,1514,302398,44,304554
29633,0.065977,172.31.46.0-255,1514,303912,44,304554
29634,0.065978,172.31.46.0-255,72,303984,44,304554
29635,0.066754,74.125.200.0-255,66,304050,44,304554
29636,0.067329,104.244.42.0-255,66,304116,44,304554
29637,0.067369,104.244.42.0-255,66,304182,44,304554
29638,0.067477,104.244.42.0-255,66,304248,44,304554
29639,0.067523,104.244.42.0-255,66,304314,44,304554
29640,0.067527,104.244.42.0-255,66,304380,44,304554
29641,0.068185,104.244.42.0-255,108,304488,44,304554
29642,0.068199,172.31.46.0-255,66,304554,44,304554
29643,0.0,172.217.194.0-255,153,153,44,347608
29644,2.1e-05,172.31.46.0-255,66,219,44,347608
29645,2.7e-05,172.217.194.0-255,1484,1703,44,347608
29646,3.1e-05,172.31.46.0-255,66,1769,44,347608
29647,3.6e-05,172.217.194.0-255,2902,4671,44,347608
29648,3.9e-05,172.31.46.0-255,66,4737,44,347608
29649,4.6e-05,172.217.194.0-255,7156,11893,44,347608
29650,4.9e-05,172.31.46.0-255,66,11959,44,347608
29651,5.3e-05,172.217.194.0-255,2105,14064,44,347608
29652,5.5e-05,172.31.46.0-255,66,14130,44,347608
29653,9e-05,172.217.194.0-255,1484,15614,44,347608
29654,9.2e-05,172.31.46.0-255,66,15680,44,347608
29655,0.000113,172.217.194.0-255,2902,18582,44,347608
29656,0.000115,172.31.46.0-255,66,18648,44,347608
29657,0.000118,172.217.194.0-255,1484,20132,44,347608
29658,0.00012,172.31.46.0-255,66,20198,44,347608
29659,0.000134,172.217.194.0-255,4320,24518,44,347608
29660,0.000136,172.31.46.0-255,66,24584,44,347608
29661,0.000146,172.217.194.0-255,1484,26068,44,347608
29662,0.000148,172.31.46.0-255,66,26134,44,347608
29663,0.000172,172.217.194.0-255,5379,31513,44,347608
29664,0.000174,172.31.46.0-255,66,31579,44,347608
29665,0.000181,172.217.194.0-255,7156,38735,44,347608
29666,0.000182,172.31.46.0-255,66,38801,44,347608
29667,0.000218,172.31.46.0-255,66,38867,44,347608
29668,0.0005,172.217.194.0-255,1484,40351,44,347608
29669,0.000506,172.31.46.0-255,66,40417,44,347608
29670,0.000511,172.217.194.0-255,2902,43319,44,347608
29671,0.000513,172.31.46.0-255,66,43385,44,347608
29672,0.000517,172.217.194.0-255,2902,46287,44,347608
29673,0.000519,172.31.46.0-255,66,46353,44,347608
29674,0.000531,172.217.194.0-255,1484,47837,44,347608
29675,0.000541,172.217.194.0-255,1484,49321,44,347608
29676,0.000543,172.31.46.0-255,66,49387,44,347608
29677,0.000562,172.217.194.0-255,7092,56479,44,347608
29678,0.000565,172.31.46.0-255,66,56545,44,347608
29679,0.000578,172.217.194.0-255,382,56927,44,347608
29680,0.000728,172.217.194.0-255,1484,58411,44,347608
29681,0.000733,172.31.46.0-255,66,58477,44,347608
29682,0.000749,172.217.194.0-255,1484,59961,44,347608
29683,0.000763,172.217.194.0-255,1484,61445,44,347608
29684,0.000769,172.217.194.0-255,5738,67183,44,347608
29685,0.000772,172.31.46.0-255,66,67249,44,347608
29686,0.000775,172.31.46.0-255,66,67315,44,347608
29687,0.000815,172.217.194.0-255,6797,74112,44,347608
29688,0.000818,172.31.46.0-255,66,74178,44,347608
29689,0.00122,172.217.194.0-255,1484,75662,44,347608
29690,0.001228,172.217.194.0-255,2902,78564,44,347608
29691,0.001232,172.31.46.0-255,66,78630,44,347608
29692,0.001235,172.217.194.0-255,1484,80114,44,347608
29693,0.001254,172.217.194.0-255,4320,84434,44,347608
29694,0.001256,172.31.46.0-255,66,84500,44,347608
29695,0.001261,172.217.194.0-255,4320,88820,44,347608
29696,0.001263,172.31.46.0-255,66,88886,44,347608
29697,0.001299,172.217.194.0-255,2543,91429,44,347608
29698,0.001301,172.31.46.0-255,66,91495,44,347608
29699,0.001351,172.217.194.0-255,1484,92979,44,347608
29700,0.001361,172.217.194.0-255,2902,95881,44,347608
29701,0.001363,172.31.46.0-255,66,95947,44,347608
29702,0.001384,172.217.194.0-255,5738,101685,44,347608
29703,0.001386,172.31.46.0-255,66,101751,44,347608
29704,0.001403,172.217.194.0-255,1484,103235,44,347608
29705,0.001431,172.31.46.0-255,66,103301,44,347608
29706,0.001455,172.217.194.0-255,4320,107621,44,347608
29707,0.001456,172.31.46.0-255,66,107687,44,347608
29708,0.001478,172.217.194.0-255,7156,114843,44,347608
29709,0.00148,172.31.46.0-255,66,114909,44,347608
29710,0.001484,172.217.194.0-255,2184,117093,44,347608
29711,0.001486,172.31.46.0-255,66,117159,44,347608
29712,0.001518,172.217.194.0-255,1484,118643,44,347608
29713,0.001521,172.217.194.0-255,1484,120127,44,347608
29714,0.001523,172.31.46.0-255,66,120193,44,347608
29715,0.001541,172.217.194.0-255,1484,121677,44,347608
29716,0.001547,172.217.194.0-255,5738,127415,44,347608
29717,0.001549,172.31.46.0-255,66,127481,44,347608
29718,0.001554,172.217.194.0-255,4320,131801,44,347608
29719,0.001555,172.31.46.0-255,66,131867,44,347608
29720,0.001603,172.31.46.0-255,66,131933,44,347608
29721,0.001606,172.217.194.0-255,1484,133417,44,347608
29722,0.001623,172.217.194.0-255,6438,139855,44,347608
29723,0.001625,172.31.46.0-255,66,139921,44,347608
29724,0.001705,172.217.194.0-255,1484,141405,44,347608
29725,0.001721,172.217.194.0-255,2902,144307,44,347608
29726,0.001724,172.31.46.0-255,66,144373,44,347608
29727,0.00173,172.217.194.0-255,5738,150111,44,347608
29728,0.001732,172.31.46.0-255,66,150177,44,347608
29729,0.001766,172.31.46.0-255,66,150243,44,347608
29730,0.001784,172.217.194.0-255,1484,151727,44,347608
29731,0.001796,172.31.46.0-255,66,151793,44,347608
29732,0.0018,172.217.194.0-255,2184,153977,44,347608
29733,0.001801,172.31.46.0-255,66,154043,44,347608
29734,0.001955,172.217.194.0-255,1484,155527,44,347608
29735,0.001963,172.217.194.0-255,2902,158429,44,347608
29736,0.001982,172.31.46.0-255,66,158495,44,347608
29737,0.001989,172.217.194.0-255,5738,164233,44,347608
29738,0.001992,172.31.46.0-255,66,164299,44,347608
29739,0.002017,172.217.194.0-255,7156,171455,44,347608
29740,0.00202,172.31.46.0-255,66,171521,44,347608
29741,0.002036,172.217.194.0-255,5738,177259,44,347608
29742,0.002039,172.31.46.0-255,66,177325,44,347608
29743,0.002068,172.217.194.0-255,5738,183063,44,347608
29744,0.002072,172.31.46.0-255,66,183129,44,347608
29745,0.002085,172.217.194.0-255,5020,188149,44,347608
29746,0.002088,172.31.46.0-255,66,188215,44,347608
29747,0.004378,172.217.194.0-255,5738,193953,44,347608
29748,0.004388,172.31.46.0-255,66,194019,44,347608
29749,0.006724,172.217.194.0-255,5738,199757,44,347608
29750,0.00673,172.31.46.0-255,66,199823,44,347608
29751,0.009023,172.217.194.0-255,5738,205561,44,347608
29752,0.009031,172.31.46.0-255,66,205627,44,347608
29753,0.011325,172.217.194.0-255,5738,211365,44,347608
29754,0.011334,172.31.46.0-255,66,211431,44,347608
29755,0.013644,172.217.194.0-255,5738,217169,44,347608
29756,0.013658,172.31.46.0-255,66,217235,44,347608
29757,0.015969,172.217.194.0-255,5738,222973,44,347608
29758,0.015987,172.31.46.0-255,66,223039,44,347608
29759,0.018325,172.217.194.0-255,5738,228777,44,347608
29760,0.018339,172.31.46.0-255,66,228843,44,347608
29761,0.02065,172.217.194.0-255,5738,234581,44,347608
29762,0.020666,172.31.46.0-255,66,234647,44,347608
29763,0.02298,172.217.194.0-255,5738,240385,44,347608
29764,0.022993,172.31.46.0-255,66,240451,44,347608
29765,0.025306,172.217.194.0-255,5738,246189,44,347608
29766,0.025324,172.31.46.0-255,66,246255,44,347608
29767,0.027646,172.217.194.0-255,5738,251993,44,347608
29768,0.027658,172.31.46.0-255,66,252059,44,347608
29769,0.029987,172.217.194.0-255,5738,257797,44,347608
29770,0.029996,172.31.46.0-255,66,257863,44,347608
29771,0.032342,172.217.194.0-255,5738,263601,44,347608
29772,0.032352,172.31.46.0-255,66,263667,44,347608
29773,0.034664,172.217.194.0-255,5738,269405,44,347608
29774,0.034673,172.31.46.0-255,66,269471,44,347608
29775,0.036957,172.217.194.0-255,5738,275209,44,347608
29776,0.036964,172.31.46.0-255,66,275275,44,347608
29777,0.039254,172.217.194.0-255,5738,281013,44,347608
29778,0.039266,172.31.46.0-255,66,281079,44,347608
29779,0.041346,172.31.46.0-255,167,281246,44,347608
29780,0.041379,172.31.46.0-255,1114,282360,44,347608
29781,0.041433,172.31.46.0-255,566,282926,44,347608
29782,0.041556,172.217.194.0-255,5738,288664,44,347608
29783,0.041566,172.31.46.0-255,66,288730,44,347608
29784,0.042895,104.244.42.0-255,66,288796,44,347608
29785,0.042912,104.244.42.0-255,66,288862,44,347608
29786,0.043,104.244.42.0-255,66,288928,44,347608
29787,0.043897,172.217.194.0-255,5738,294666,44,347608
29788,0.043906,172.31.46.0-255,66,294732,44,347608
29789,0.046221,172.217.194.0-255,5738,300470,44,347608
29790,0.046237,172.31.46.0-255,66,300536,44,347608
29791,0.048543,172.217.194.0-255,5738,306274,44,347608
29792,0.048551,172.31.46.0-255,66,306340,44,347608
29793,0.050856,172.217.194.0-255,5738,312078,44,347608
29794,0.050868,172.31.46.0-255,66,312144,44,347608
29795,0.053179,172.217.194.0-255,5738,317882,44,347608
29796,0.053185,172.31.46.0-255,66,317948,44,347608
29797,0.055477,172.217.194.0-255,5738,323686,44,347608
29798,0.055484,172.31.46.0-255,66,323752,44,347608
29799,0.057799,172.217.194.0-255,5738,329490,44,347608
29800,0.057807,172.31.46.0-255,66,329556,44,347608
29801,0.060097,172.217.194.0-255,5738,335294,44,347608
29802,0.060103,172.31.46.0-255,66,335360,44,347608
29803,0.062424,172.217.194.0-255,4320,339680,44,347608
29804,0.062432,172.31.46.0-255,66,339746,44,347608
29805,0.062455,172.217.194.0-255,1484,341230,44,347608
29806,0.064727,172.217.194.0-255,4320,345550,44,347608
29807,0.064734,172.31.46.0-255,66,345616,44,347608
29808,0.067052,172.217.194.0-255,1755,347371,44,347608
29809,0.06706,172.31.46.0-255,66,347437,44,347608
29810,0.06725,172.31.46.0-255,105,347542,44,347608
29811,0.06953,172.217.194.0-255,66,347608,44,347608
29812,0.0,172.217.194.0-255,152,152,44,291790
29813,1.6e-05,172.31.46.0-255,66,218,44,291790
29814,2.2e-05,172.217.194.0-255,1484,1702,44,291790
29815,2.6e-05,172.31.46.0-255,66,1768,44,291790
29816,3.1e-05,172.217.194.0-255,2902,4670,44,291790
29817,3.5e-05,172.31.46.0-255,66,4736,44,291790
29818,3.9e-05,172.217.194.0-255,2902,7638,44,291790
29819,4.3e-05,172.31.46.0-255,66,7704,44,291790
29820,9.5e-05,172.217.194.0-255,4320,12024,44,291790
29821,9.8e-05,172.31.46.0-255,66,12090,44,291790
29822,0.000117,172.217.194.0-255,2047,14137,44,291790
29823,0.000119,172.31.46.0-255,66,14203,44,291790
29824,0.000153,172.217.194.0-255,1484,15687,44,291790
29825,0.000156,172.31.46.0-255,66,15753,44,291790
29826,0.000159,172.217.194.0-255,1484,17237,44,291790
29827,0.00016,172.31.46.0-255,66,17303,44,291790
29828,0.000172,172.217.194.0-255,1484,18787,44,291790
29829,0.000174,172.31.46.0-255,66,18853,44,291790
29830,0.00018,172.217.194.0-255,4320,23173,44,291790
29831,0.000182,172.31.46.0-255,66,23239,44,291790
29832,0.000208,172.217.194.0-255,1484,24723,44,291790
29833,0.00021,172.31.46.0-255,66,24789,44,291790
29834,0.000217,172.217.194.0-255,6797,31586,44,291790
29835,0.000219,172.31.46.0-255,66,31652,44,291790
29836,0.000279,172.217.194.0-255,1484,33136,44,291790
29837,0.000282,172.31.46.0-255,66,33202,44,291790
29838,0.000286,172.217.194.0-255,2902,36104,44,291790
29839,0.000289,172.31.46.0-255,66,36170,44,291790
29840,0.000304,172.217.194.0-255,5738,41908,44,291790
29841,0.000306,172.31.46.0-255,66,41974,44,291790
29842,0.000347,172.31.46.0-255,66,42040,44,291790
29843,0.000368,172.217.194.0-255,1125,43165,44,291790
29844,0.000379,172.31.46.0-255,66,43231,44,291790
29845,0.000552,172.217.194.0-255,646,43877,44,291790
29846,0.000874,172.31.46.0-255,66,43943,44,291790
29847,0.001434,172.217.194.0-255,1484,45427,44,291790
29848,0.001443,172.217.194.0-255,2902,48329,44,291790
29849,0.001447,172.31.46.0-255,66,48395,44,291790
29850,0.001455,172.217.194.0-255,5738,54133,44,291790
29851,0.001457,172.31.46.0-255,66,54199,44,291790
29852,0.00146,172.217.194.0-255,1484,55683,44,291790
29853,0.001487,172.217.194.0-255,2902,58585,44,291790
29854,0.001489,172.31.46.0-255,66,58651,44,291790
29855,0.001507,172.217.194.0-255,1994,60645,44,291790
29856,0.001509,172.31.46.0-255,66,60711,44,291790
29857,0.003723,172.217.194.0-255,2902,63613,44,291790
29858,0.003729,172.31.46.0-255,66,63679,44,291790
29859,0.003762,172.217.194.0-255,2902,66581,44,291790
29860,0.003765,172.31.46.0-255,66,66647,44,291790
29861,0.005976,172.217.194.0-255,2902,69549,44,291790
29862,0.00598,172.31.46.0-255,66,69615,44,291790
29863,0.006022,172.217.194.0-255,2902,72517,44,291790
29864,0.006024,172.31.46.0-255,66,72583,44,291790
29865,0.008249,172.217.194.0-255,2902,75485,44,291790
29866,0.008257,172.31.46.0-255,66,75551,44,291790
29867,0.008289,172.217.194.0-255,2902,78453,44,291790
29868,0.008292,172.31.46.0-255,66,78519,44,291790
29869,0.0105,172.217.194.0-255,2902,81421,44,291790
29870,0.010508,172.31.46.0-255,66,81487,44,291790
29871,0.010557,172.217.194.0-255,2902,84389,44,291790
29872,0.01056,172.31.46.0-255,66,84455,44,291790
29873,0.012782,172.217.194.0-255,2902,87357,44,291790
29874,0.012793,172.31.46.0-255,66,87423,44,291790
29875,0.012818,172.217.194.0-255,2902,90325,44,291790
29876,0.012822,172.31.46.0-255,66,90391,44,291790
29877,0.015053,172.217.194.0-255,2902,93293,44,291790
29878,0.015062,172.31.46.0-255,66,93359,44,291790
29879,0.015082,172.217.194.0-255,2902,96261,44,291790
29880,0.015085,172.31.46.0-255,66,96327,44,291790
29881,0.01732,172.217.194.0-255,2902,99229,44,291790
29882,0.017326,172.31.46.0-255,66,99295,44,291790
29883,0.017366,172.217.194.0-255,2902,102197,44,291790
29884,0.017369,172.31.46.0-255,66,102263,44,291790
29885,0.019591,172.217.194.0-255,2902,105165,44,291790
29886,0.019599,172.31.46.0-255,66,105231,44,291790
29887,0.019621,172.217.194.0-255,2902,108133,44,291790
29888,0.019624,172.31.46.0-255,66,108199,44,291790
29889,0.021846,172.217.194.0-255,2902,111101,44,291790
29890,0.021854,172.31.46.0-255,66,111167,44,291790
29891,0.021889,172.217.194.0-255,2902,114069,44,291790
29892,0.021892,172.31.46.0-255,66,114135,44,291790
29893,0.024105,172.217.194.0-255,2902,117037,44,291790
29894,0.024112,172.31.46.0-255,66,117103,44,291790
29895,0.024133,172.217.194.0-255,2902,120005,44,291790
29896,0.024135,172.31.46.0-255,66,120071,44,291790
29897,0.026373,172.217.194.0-255,5738,125809,44,291790
29898,0.026382,172.31.46.0-255,66,125875,44,291790
29899,0.028661,172.217.194.0-255,5738,131613,44,291790
29900,0.028668,172.31.46.0-255,66,131679,44,291790
29901,0.030943,172.217.194.0-255,5738,137417,44,291790
29902,0.030952,172.31.46.0-255,66,137483,44,291790
29903,0.031917,172.31.46.0-255,188,137671,44,291790
29904,0.031957,172.31.46.0-255,955,138626,44,291790
29905,0.032017,172.31.46.0-255,1514,140140,44,291790
29906,0.032019,172.31.46.0-255,1514,141654,44,291790
29907,0.03202,172.31.46.0-255,1514,143168,44,291790
29908,0.032021,172.31.46.0-255,1514,144682,44,291790
29909,0.032048,172.31.46.0-255,1514,146196,44,291790
29910,0.032054,172.31.46.0-255,230,146426,44,291790
29911,0.03322,172.217.194.0-255,5738,152164,44,291790
29912,0.033227,172.31.46.0-255,66,152230,44,291790
29913,0.033478,104.244.42.0-255,66,152296,44,291790
29914,0.033526,104.244.42.0-255,66,152362,44,291790
29915,0.033588,104.244.42.0-255,66,152428,44,291790
29916,0.033728,104.244.42.0-255,66,152494,44,291790
29917,0.035487,172.217.194.0-255,5738,158232,44,291790
29918,0.035493,172.31.46.0-255,66,158298,44,291790
29919,0.037762,172.217.194.0-255,5738,164036,44,291790
29920,0.037769,172.31.46.0-255,66,164102,44,291790
29921,0.040068,172.217.194.0-255,5738,169840,44,291790
29922,0.040077,172.31.46.0-255,66,169906,44,291790
29923,0.042343,172.217.194.0-255,5738,175644,44,291790
29924,0.042349,172.31.46.0-255,66,175710,44,291790
29925,0.044605,172.217.194.0-255,5738,181448,44,291790
29926,0.044611,172.31.46.0-255,66,181514,44,291790
29927,0.046861,172.217.194.0-255,5738,187252,44,291790
29928,0.046868,172.31.46.0-255,66,187318,44,291790
29929,0.049132,172.217.194.0-255,5738,193056,44,291790
29930,0.049138,172.31.46.0-255,66,193122,44,291790
29931,0.051405,172.217.194.0-255,5738,198860,44,291790
29932,0.051411,172.31.46.0-255,66,198926,44,291790
29933,0.053688,172.217.194.0-255,5738,204664,44,291790
29934,0.053695,172.31.46.0-255,66,204730,44,291790
29935,0.055982,172.217.194.0-255,5738,210468,44,291790
29936,0.055989,172.31.46.0-255,66,210534,44,291790
29937,0.05825,172.217.194.0-255,5738,216272,44,291790
29938,0.058258,172.31.46.0-255,66,216338,44,291790
29939,0.060512,172.217.194.0-255,5738,222076,44,291790
29940,0.060519,172.31.46.0-255,66,222142,44,291790
29941,0.062799,172.217.194.0-255,5738,227880,44,291790
29942,0.062807,172.31.46.0-255,66,227946,44,291790
29943,0.065114,172.217.194.0-255,5738,233684,44,291790
29944,0.065121,172.31.46.0-255,66,233750,44,291790
29945,0.067368,172.217.194.0-255,5738,239488,44,291790
29946,0.067375,172.31.46.0-255,66,239554,44,291790
29947,0.069656,172.217.194.0-255,5738,245292,44,291790
29948,0.069662,172.31.46.0-255,66,245358,44,291790
29949,0.07193,172.217.194.0-255,5738,251096,44,291790
29950,0.071937,172.31.46.0-255,66,251162,44,291790
29951,0.074217,172.217.194.0-255,5738,256900,44,291790
29952,0.074223,172.31.46.0-255,66,256966,44,291790
29953,0.076506,172.217.194.0-255,5738,262704,44,291790
29954,0.076513,172.31.46.0-255,66,262770,44,291790
29955,0.078769,172.217.194.0-255,5738,268508,44,291790
29956,0.078776,172.31.46.0-255,66,268574,44,291790
29957,0.081041,172.217.194.0-255,5738,274312,44,291790
29958,0.081048,172.31.46.0-255,66,274378,44,291790
29959,0.083306,172.217.194.0-255,5738,280116,44,291790
29960,0.083312,172.31.46.0-255,66,280182,44,291790
29961,0.085586,172.217.194.0-255,5738,285920,44,291790
29962,0.085592,172.31.46.0-255,66,285986,44,291790
29963,0.087865,172.217.194.0-255,5738,291724,44,291790
29964,0.087871,172.31.46.0-255,66,291790,44,291790
29965,0.0,74.125.24.0-255,146,146,44,216341
29966,1.6e-05,172.31.46.0-255,66,212,44,216341
29967,4.9e-05,74.125.24.0-255,1484,1696,44,216341
29968,5.4e-05,172.31.46.0-255,66,1762,44,216341
29969,5.9e-05,74.125.24.0-255,2902,4664,44,216341
29970,6.3e-05,172.31.46.0-255,66,4730,44,216341
29971,7.5e-05,74.125.24.0-255,7156,11886,44,216341
29972,7.8e-05,172.31.46.0-255,66,11952,44,216341
29973,8.2e-05,74.125.24.0-255,2066,14018,44,216341
29974,8.5e-05,172.31.46.0-255,66,14084,44,216341
29975,0.000286,74.125.24.0-255,1484,15568,44,216341
29976,0.000291,172.31.46.0-255,66,15634,44,216341
29977,0.000298,74.125.24.0-255,2902,18536,44,216341
29978,0.000301,172.31.46.0-255,66,18602,44,216341
29979,0.000328,74.125.24.0-255,5738,24340,44,216341
29980,0.000331,172.31.46.0-255,66,24406,44,216341
29981,0.000336,74.125.24.0-255,4320,28726,44,216341
29982,0.000338,172.31.46.0-255,66,28792,44,216341
29983,0.00036,74.125.24.0-255,2543,31335,44,216341
29984,0.000362,172.31.46.0-255,66,31401,44,216341
29985,0.000472,74.125.24.0-255,1484,32885,44,216341
29986,0.000476,172.31.46.0-255,66,32951,44,216341
29987,0.000481,74.125.24.0-255,2902,35853,44,216341
29988,0.000484,172.31.46.0-255,66,35919,44,216341
29989,0.000496,74.125.24.0-255,5738,41657,44,216341
29990,0.000499,172.31.46.0-255,66,41723,44,216341
29991,0.000559,172.31.46.0-255,66,41789,44,216341
29992,0.000599,172.31.46.0-255,66,41855,44,216341
29993,0.000602,74.125.24.0-255,400,42255,44,216341
29994,0.000604,172.31.46.0-255,66,42321,44,216341
29995,0.00069,74.125.24.0-255,109,42430,44,216341
29996,0.000831,74.125.24.0-255,1484,43914,44,216341
29997,0.000839,74.125.24.0-255,2902,46816,44,216341
29998,0.000857,74.125.24.0-255,5738,52554,44,216341
29999,0.000868,172.31.46.0-255,66,52620,44,216341
30000,0.000875,74.125.24.0-255,4320,56940,44,216341
30001,0.000885,172.31.46.0-255,66,57006,44,216341
30002,0.000892,74.125.24.0-255,2543,59549,44,216341
30003,0.000918,74.125.24.0-255,4320,63869,44,216341
30004,0.000958,74.125.24.0-255,2543,66412,44,216341
30005,0.000972,172.31.46.0-255,66,66478,44,216341
30006,0.001428,74.125.24.0-255,1484,67962,44,216341
30007,0.001433,74.125.24.0-255,1484,69446,44,216341
30008,0.001436,172.31.46.0-255,66,69512,44,216341
30009,0.001464,74.125.24.0-255,1484,70996,44,216341
30010,0.00147,74.125.24.0-255,5738,76734,44,216341
30011,0.001477,74.125.24.0-255,7156,83890,44,216341
30012,0.001482,172.31.46.0-255,66,83956,44,216341
30013,0.001515,74.125.24.0-255,5738,89694,44,216341
30014,0.001532,172.31.46.0-255,66,89760,44,216341
30015,0.001554,74.125.24.0-255,1484,91244,44,216341
30016,0.001559,74.125.24.0-255,2902,94146,44,216341
30017,0.001562,172.31.46.0-255,66,94212,44,216341
30018,0.001567,74.125.24.0-255,2902,97114,44,216341
30019,0.001589,74.125.24.0-255,2902,100016,44,216341
30020,0.001612,172.31.46.0-255,66,100082,44,216341
30021,0.001641,74.125.24.0-255,4320,104402,44,216341
30022,0.001647,172.31.46.0-255,66,104468,44,216341
30023,0.001684,74.125.24.0-255,2902,107370,44,216341
30024,0.001689,172.31.46.0-255,66,107436,44,216341
30025,0.001737,74.125.24.0-255,4320,111756,44,216341
30026,0.001753,74.125.24.0-255,5020,116776,44,216341
30027,0.001764,172.31.46.0-255,66,116842,44,216341
30028,0.001855,74.125.24.0-255,1484,118326,44,216341
30029,0.001861,74.125.24.0-255,2902,121228,44,216341
30030,0.001867,172.31.46.0-255,66,121294,44,216341
30031,0.001903,74.125.24.0-255,5738,127032,44,216341
30032,0.001908,74.125.24.0-255,2902,129934,44,216341
30033,0.001913,74.125.24.0-255,4320,134254,44,216341
30034,0.001931,74.125.24.0-255,5738,139992,44,216341
30035,0.001934,74.125.24.0-255,1484,141476,44,216341
30036,0.001974,172.31.46.0-255,66,141542,44,216341
30037,0.002021,74.125.24.0-255,1484,143026,44,216341
30038,0.002027,74.125.24.0-255,2902,145928,44,216341
30039,0.002037,172.31.46.0-255,66,145994,44,216341
30040,0.002047,74.125.24.0-255,5738,151732,44,216341
30041,0.002083,74.125.24.0-255,1484,153216,44,216341
30042,0.002092,172.31.46.0-255,66,153282,44,216341
30043,0.0021,74.125.24.0-255,7156,160438,44,216341
30044,0.002121,74.125.24.0-255,2184,162622,44,216341
30045,0.002168,74.125.24.0-255,1484,164106,44,216341
30046,0.002173,74.125.24.0-255,2902,167008,44,216341
30047,0.002178,74.125.24.0-255,5738,172746,44,216341
30048,0.002195,74.125.24.0-255,7156,179902,44,216341
30049,0.002219,74.125.24.0-255,4320,184222,44,216341
30050,0.002302,74.125.24.0-255,7156,191378,44,216341
30051,0.002355,74.125.24.0-255,5020,196398,44,216341
30052,0.00236,74.125.24.0-255,5738,202136,44,216341
30053,0.002408,74.125.24.0-255,1484,203620,44,216341
30054,0.002501,74.125.24.0-255,3184,206804,44,216341
30055,0.002527,74.125.24.0-255,105,206909,44,216341
30056,0.00274,172.31.46.0-255,66,206975,44,216341
30057,0.008939,172.31.46.0-255,105,207080,44,216341
30058,0.011428,74.125.24.0-255,66,207146,44,216341
30059,0.037773,172.31.46.0-255,176,207322,44,216341
30060,0.037808,172.31.46.0-255,1114,208436,44,216341
30061,0.03789,172.31.46.0-255,1514,209950,44,216341
30062,0.037892,172.31.46.0-255,1514,211464,44,216341
30063,0.037896,172.31.46.0-255,1514,212978,44,216341
30064,0.037898,172.31.46.0-255,1514,214492,44,216341
30065,0.037921,172.31.46.0-255,1514,216006,44,216341
30066,0.037922,172.31.46.0-255,71,216077,44,216341
30067,0.039282,104.244.42.0-255,66,216143,44,216341
30068,0.039345,104.244.42.0-255,66,216209,44,216341
30069,0.039457,104.244.42.0-255,66,216275,44,216341
30070,0.039471,104.244.42.0-255,66,216341,44,216341
30071,0.0,172.217.194.0-255,153,153,44,286464
30072,2.2e-05,172.31.46.0-255,66,219,44,286464
30073,2.9e-05,172.217.194.0-255,1484,1703,44,286464
30074,3.4e-05,172.31.46.0-255,66,1769,44,286464
30075,3.9e-05,172.217.194.0-255,2902,4671,44,286464
30076,4.2e-05,172.31.46.0-255,66,4737,44,286464
30077,6.7e-05,172.217.194.0-255,5738,10475,44,286464
30078,7e-05,172.31.46.0-255,66,10541,44,286464
30079,8.8e-05,172.217.194.0-255,6257,16798,44,286464
30080,9.1e-05,172.31.46.0-255,66,16864,44,286464
30081,0.000119,172.217.194.0-255,7156,24020,44,286464
30082,0.000121,172.31.46.0-255,66,24086,44,286464
30083,0.000155,172.217.194.0-255,5738,29824,44,286464
30084,0.000157,172.31.46.0-255,66,29890,44,286464
30085,0.00017,172.217.194.0-255,1125,31015,44,286464
30086,0.000172,172.31.46.0-255,66,31081,44,286464
30087,0.000426,172.217.194.0-255,1484,32565,44,286464
30088,0.000432,172.31.46.0-255,66,32631,44,286464
30089,0.000438,172.217.194.0-255,2902,35533,44,286464
30090,0.000441,172.31.46.0-255,66,35599,44,286464
30091,0.000461,172.217.194.0-255,5738,41337,44,286464
30092,0.000466,172.31.46.0-255,66,41403,44,286464
30093,0.000489,172.217.194.0-255,1484,42887,44,286464
30094,0.000491,172.31.46.0-255,66,42953,44,286464
30095,0.000512,172.31.46.0-255,66,43019,44,286464
30096,0.000552,172.217.194.0-255,4320,47339,44,286464
30097,0.000555,172.31.46.0-255,66,47405,44,286464
30098,0.000571,172.217.194.0-255,6438,53843,44,286464
30099,0.000573,172.31.46.0-255,66,53909,44,286464
30100,0.001071,172.217.194.0-255,380,54289,44,286464
30101,0.001076,172.31.46.0-255,66,54355,44,286464
30102,0.001105,172.217.194.0-255,1484,55839,44,286464
30103,0.001122,172.217.194.0-255,2902,58741,44,286464
30104,0.001125,172.31.46.0-255,66,58807,44,286464
30105,0.001145,172.217.194.0-255,5738,64545,44,286464
30106,0.001148,172.217.194.0-255,1484,66029,44,286464
30107,0.001151,172.31.46.0-255,66,66095,44,286464
30108,0.001169,172.217.194.0-255,2902,68997,44,286464
30109,0.001171,172.31.46.0-255,66,69063,44,286464
30110,0.001201,172.31.46.0-255,66,69129,44,286464
30111,0.001204,172.217.194.0-255,1484,70613,44,286464
30112,0.001231,172.217.194.0-255,6438,77051,44,286464
30113,0.001234,172.31.46.0-255,66,77117,44,286464
30114,0.001641,172.217.194.0-255,1484,78601,44,286464
30115,0.001651,172.217.194.0-255,2902,81503,44,286464
30116,0.001655,172.31.46.0-255,66,81569,44,286464
30117,0.001672,172.217.194.0-255,1484,83053,44,286464
30118,0.001692,172.217.194.0-255,2902,85955,44,286464
30119,0.001695,172.31.46.0-255,66,86021,44,286464
30120,0.001711,172.217.194.0-255,4320,90341,44,286464
30121,0.001713,172.31.46.0-255,66,90407,44,286464
30122,0.001739,172.217.194.0-255,1484,91891,44,286464
30123,0.001745,172.217.194.0-255,4320,96211,44,286464
30124,0.001747,172.31.46.0-255,66,96277,44,286464
30125,0.001751,172.217.194.0-255,1484,97761,44,286464
30126,0.001779,172.31.46.0-255,66,97827,44,286464
30127,0.001784,172.217.194.0-255,3602,101429,44,286464
30128,0.001786,172.31.46.0-255,66,101495,44,286464
30129,0.001826,172.217.194.0-255,5738,107233,44,286464
30130,0.001829,172.31.46.0-255,66,107299,44,286464
30131,0.001851,172.31.46.0-255,66,107365,44,286464
30132,0.001888,172.217.194.0-255,2902,110267,44,286464
30133,0.001891,172.31.46.0-255,66,110333,44,286464
30134,0.001907,172.217.194.0-255,4320,114653,44,286464
30135,0.001909,172.31.46.0-255,66,114719,44,286464
30136,0.001946,172.31.46.0-255,66,114785,44,286464
30137,0.00195,172.217.194.0-255,1484,116269,44,286464
30138,0.001954,172.217.194.0-255,2902,119171,44,286464
30139,0.001956,172.31.46.0-255,66,119237,44,286464
30140,0.001962,172.217.194.0-255,5738,124975,44,286464
30141,0.001965,172.31.46.0-255,66,125041,44,286464
30142,0.00199,172.217.194.0-255,7156,132197,44,286464
30143,0.001993,172.31.46.0-255,66,132263,44,286464
30144,0.002023,172.31.46.0-255,66,132329,44,286464
30145,0.002043,172.217.194.0-255,5738,138067,44,286464
30146,0.002045,172.31.46.0-255,66,138133,44,286464
30147,0.002049,172.217.194.0-255,2184,140317,44,286464
30148,0.002052,172.31.46.0-255,66,140383,44,286464
30149,0.002076,172.217.194.0-255,2902,143285,44,286464
30150,0.002079,172.31.46.0-255,66,143351,44,286464
30151,0.002084,172.217.194.0-255,2902,146253,44,286464
30152,0.002086,172.31.46.0-255,66,146319,44,286464
30153,0.002097,172.217.194.0-255,1484,147803,44,286464
30154,0.002149,172.217.194.0-255,7156,154959,44,286464
30155,0.002153,172.31.46.0-255,66,155025,44,286464
30156,0.002169,172.217.194.0-255,1484,156509,44,286464
30157,0.002177,172.217.194.0-255,7156,163665,44,286464
30158,0.002179,172.31.46.0-255,66,163731,44,286464
30159,0.002193,172.31.46.0-255,66,163797,44,286464
30160,0.002227,172.31.46.0-255,66,163863,44,286464
30161,0.002247,172.217.194.0-255,7156,171019,44,286464
30162,0.00225,172.31.46.0-255,66,171085,44,286464
30163,0.002267,172.217.194.0-255,2902,173987,44,286464
30164,0.002269,172.31.46.0-255,66,174053,44,286464
30165,0.002284,172.217.194.0-255,4320,178373,44,286464
30166,0.002286,172.31.46.0-255,66,178439,44,286464
30167,0.002308,172.217.194.0-255,6438,184877,44,286464
30168,0.002311,172.31.46.0-255,66,184943,44,286464
30169,0.002326,172.217.194.0-255,1484,186427,44,286464
30170,0.008282,172.31.46.0-255,66,186493,44,286464
30171,0.010643,172.217.194.0-255,5738,192231,44,286464
30172,0.01065,172.31.46.0-255,66,192297,44,286464
30173,0.012998,172.217.194.0-255,5738,198035,44,286464
30174,0.013006,172.31.46.0-255,66,198101,44,286464
30175,0.015348,172.217.194.0-255,5738,203839,44,286464
30176,0.015356,172.31.46.0-255,66,203905,44,286464
30177,0.01772,172.217.194.0-255,5738,209643,44,286464
30178,0.017729,172.31.46.0-255,66,209709,44,286464
30179,0.020083,172.217.194.0-255,5738,215447,44,286464
30180,0.020094,172.31.46.0-255,66,215513,44,286464
30181,0.022429,172.217.194.0-255,5738,221251,44,286464
30182,0.022436,172.31.46.0-255,66,221317,44,286464
30183,0.024802,172.217.194.0-255,5738,227055,44,286464
30184,0.024809,172.31.46.0-255,66,227121,44,286464
30185,0.027143,172.217.194.0-255,5738,232859,44,286464
30186,0.02715,172.31.46.0-255,66,232925,44,286464
30187,0.02948,172.217.194.0-255,5738,238663,44,286464
30188,0.029488,172.31.46.0-255,66,238729,44,286464
30189,0.029607,172.31.46.0-255,101,238830,44,286464
30190,0.031806,172.217.194.0-255,5738,244568,44,286464
30191,0.031814,172.31.46.0-255,66,244634,44,286464
30192,0.031889,172.217.194.0-255,66,244700,44,286464
30193,0.034165,172.217.194.0-255,5738,250438,44,286464
30194,0.034172,172.31.46.0-255,66,250504,44,286464
30195,0.036481,172.217.194.0-255,5738,256242,44,286464
30196,0.036489,172.31.46.0-255,66,256308,44,286464
30197,0.038897,172.217.194.0-255,5738,262046,44,286464
30198,0.038905,172.31.46.0-255,66,262112,44,286464
30199,0.040199,172.31.46.0-255,172,262284,44,286464
30200,0.040229,172.31.46.0-255,1114,263398,44,286464
30201,0.040312,172.31.46.0-255,1514,264912,44,286464
30202,0.040314,172.31.46.0-255,1514,266426,44,286464
30203,0.040321,172.31.46.0-255,1514,267940,44,286464
30204,0.040322,172.31.46.0-255,1514,269454,44,286464
30205,0.040339,172.31.46.0-255,1514,270968,44,286464
30206,0.04034,172.31.46.0-255,71,271039,44,286464
30207,0.041235,172.217.194.0-255,5738,276777,44,286464
30208,0.041242,172.31.46.0-255,66,276843,44,286464
30209,0.041707,104.244.42.0-255,66,276909,44,286464
30210,0.041808,104.244.42.0-255,66,276975,44,286464
30211,0.041859,104.244.42.0-255,66,277041,44,286464
30212,0.041865,104.244.42.0-255,66,277107,44,286464
30213,0.043565,172.217.194.0-255,5738,282845,44,286464
30214,0.043572,172.31.46.0-255,66,282911,44,286464
30215,0.045937,172.217.194.0-255,3316,286227,44,286464
30216,0.045946,172.31.46.0-255,66,286293,44,286464
30217,0.046155,172.31.46.0-255,105,286398,44,286464
30218,0.053348,172.217.194.0-255,66,286464,44,286464
30219,0.0,172.217.194.0-255,143,143,44,176546
30220,2e-05,172.31.46.0-255,66,209,44,176546
30221,2.7e-05,172.217.194.0-255,1484,1693,44,176546
30222,3.1e-05,172.31.46.0-255,66,1759,44,176546
30223,3.6e-05,172.217.194.0-255,2902,4661,44,176546
30224,4.6e-05,172.31.46.0-255,66,4727,44,176546
30225,5.2e-05,172.217.194.0-255,5738,10465,44,176546
30226,5.5e-05,172.31.46.0-255,66,10531,44,176546
30227,8.8e-05,172.217.194.0-255,3510,14041,44,176546
30228,9.1e-05,172.31.46.0-255,66,14107,44,176546
30229,9.8e-05,172.217.194.0-255,4320,18427,44,176546
30230,0.000101,172.31.46.0-255,66,18493,44,176546
30231,0.000137,172.31.46.0-255,66,18559,44,176546
30232,0.000171,172.217.194.0-255,4320,22879,44,176546
30233,0.000174,172.31.46.0-255,66,22945,44,176546
30234,0.000189,172.217.194.0-255,2543,25488,44,176546
30235,0.000194,172.31.46.0-255,66,25554,44,176546
30236,0.000201,172.217.194.0-255,7156,32710,44,176546
30237,0.000203,172.31.46.0-255,66,32776,44,176546
30238,0.000235,172.217.194.0-255,5379,38155,44,176546
30239,0.000238,172.31.46.0-255,66,38221,44,176546
30240,0.000243,172.217.194.0-255,4320,42541,44,176546
30241,0.000245,172.31.46.0-255,66,42607,44,176546
30242,0.000261,172.217.194.0-255,1484,44091,44,176546
30243,0.000267,172.31.46.0-255,66,44157,44,176546
30244,0.000291,172.31.46.0-255,66,44223,44,176546
30245,0.000409,172.217.194.0-255,118,44341,44,176546
30246,0.000413,172.31.46.0-255,66,44407,44,176546
30247,0.000417,172.217.194.0-255,381,44788,44,176546
30248,0.000418,172.31.46.0-255,66,44854,44,176546
30249,0.000621,172.217.194.0-255,1484,46338,44,176546
30250,0.000632,172.217.194.0-255,1484,47822,44,176546
30251,0.000636,172.31.46.0-255,66,47888,44,176546
30252,0.000647,172.217.194.0-255,1484,49372,44,176546
30253,0.000657,172.217.194.0-255,5738,55110,44,176546
30254,0.000659,172.31.46.0-255,66,55176,44,176546
30255,0.000661,172.217.194.0-255,1484,56660,44,176546
30256,0.000701,172.31.46.0-255,66,56726,44,176546
30257,0.000712,172.31.46.0-255,66,56792,44,176546
30258,0.000746,172.217.194.0-255,6438,63230,44,176546
30259,0.000749,172.31.46.0-255,66,63296,44,176546
30260,0.000756,172.217.194.0-255,7156,70452,44,176546
30261,0.000758,172.31.46.0-255,66,70518,44,176546
30262,0.000793,172.31.46.0-255,66,70584,44,176546
30263,0.000798,172.217.194.0-255,5020,75604,44,176546
30264,0.0008,172.31.46.0-255,66,75670,44,176546
30265,0.000835,172.217.194.0-255,1484,77154,44,176546
30266,0.000847,172.217.194.0-255,2902,80056,44,176546
30267,0.000851,172.31.46.0-255,66,80122,44,176546
30268,0.000878,172.217.194.0-255,5738,85860,44,176546
30269,0.000881,172.31.46.0-255,66,85926,44,176546
30270,0.000893,172.31.46.0-255,66,85992,44,176546
30271,0.000907,172.31.46.0-255,66,86058,44,176546
30272,0.000958,172.217.194.0-255,2184,88242,44,176546
30273,0.00096,172.31.46.0-255,66,88308,44,176546
30274,0.000964,172.217.194.0-255,2902,91210,44,176546
30275,0.000966,172.31.46.0-255,66,91276,44,176546
30276,0.00097,172.217.194.0-255,2902,94178,44,176546
30277,0.000972,172.31.46.0-255,66,94244,44,176546
30278,0.000998,172.217.194.0-255,4320,98564,44,176546
30279,0.001001,172.31.46.0-255,66,98630,44,176546
30280,0.001019,172.31.46.0-255,66,98696,44,176546
30281,0.001057,172.31.46.0-255,66,98762,44,176546
30282,0.001067,172.31.46.0-255,66,98828,44,176546
30283,0.001082,172.217.194.0-255,1484,100312,44,176546
30284,0.001104,172.217.194.0-255,7156,107468,44,176546
30285,0.001108,172.31.46.0-255,66,107534,44,176546
30286,0.001142,172.31.46.0-255,66,107600,44,176546
30287,0.001152,172.31.46.0-255,66,107666,44,176546
30288,0.001195,172.31.46.0-255,66,107732,44,176546
30289,0.00121,172.31.46.0-255,66,107798,44,176546
30290,0.001213,172.217.194.0-255,1484,109282,44,176546
30291,0.001217,172.217.194.0-255,2902,112184,44,176546
30292,0.001219,172.31.46.0-255,66,112250,44,176546
30293,0.001225,172.217.194.0-255,5738,117988,44,176546
30294,0.001227,172.31.46.0-255,66,118054,44,176546
30295,0.00127,172.31.46.0-255,66,118120,44,176546
30296,0.00128,172.31.46.0-255,66,118186,44,176546
30297,0.00131,172.217.194.0-255,3602,121788,44,176546
30298,0.001313,172.31.46.0-255,66,121854,44,176546
30299,0.001317,172.217.194.0-255,4320,126174,44,176546
30300,0.00132,172.31.46.0-255,66,126240,44,176546
30301,0.001356,172.31.46.0-255,66,126306,44,176546
30302,0.001393,172.31.46.0-255,66,126372,44,176546
30303,0.001419,172.217.194.0-255,4320,130692,44,176546
30304,0.001422,172.31.46.0-255,66,130758,44,176546
30305,0.001455,172.217.194.0-255,5738,136496,44,176546
30306,0.001458,172.31.46.0-255,66,136562,44,176546
30307,0.001469,172.31.46.0-255,66,136628,44,176546
30308,0.001485,172.31.46.0-255,66,136694,44,176546
30309,0.001544,172.217.194.0-255,1484,138178,44,176546
30310,0.001547,172.217.194.0-255,1484,139662,44,176546
30311,0.00155,172.31.46.0-255,66,139728,44,176546
30312,0.001575,172.217.194.0-255,1484,141212,44,176546
30313,0.001581,172.217.194.0-255,5738,146950,44,176546
30314,0.001584,172.31.46.0-255,66,147016,44,176546
30315,0.00159,172.217.194.0-255,5738,152754,44,176546
30316,0.001592,172.31.46.0-255,66,152820,44,176546
30317,0.001614,172.217.194.0-255,7156,159976,44,176546
30318,0.001617,172.31.46.0-255,66,160042,44,176546
30319,0.001629,172.31.46.0-255,66,160108,44,176546
30320,0.001669,172.217.194.0-255,6840,166948,44,176546
30321,0.001672,172.31.46.0-255,66,167014,44,176546
30322,0.001697,172.217.194.0-255,105,167119,44,176546
30323,0.004238,172.31.46.0-255,66,167185,44,176546
30324,0.004276,172.31.46.0-255,105,167290,44,176546
30325,0.0065,172.217.194.0-255,66,167356,44,176546
30326,0.03296,172.31.46.0-255,172,167528,44,176546
30327,0.032988,172.31.46.0-255,1114,168642,44,176546
30328,0.033056,172.31.46.0-255,1514,170156,44,176546
30329,0.033058,172.31.46.0-255,1514,171670,44,176546
30330,0.033063,172.31.46.0-255,1514,173184,44,176546
30331,0.033064,172.31.46.0-255,1514,174698,44,176546
30332,0.033084,172.31.46.0-255,1514,176212,44,176546
30333,0.033085,172.31.46.0-255,70,176282,44,176546
30334,0.034484,104.244.42.0-255,66,176348,44,176546
30335,0.034531,104.244.42.0-255,66,176414,44,176546
30336,0.034632,104.244.42.0-255,66,176480,44,176546
30337,0.03465,104.244.42.0-255,66,176546,44,176546
30338,0.0,172.217.194.0-255,146,146,44,319988
30339,2.2e-05,172.31.46.0-255,66,212,44,319988
30340,2.9e-05,172.217.194.0-255,1484,1696,44,319988
30341,3.4e-05,172.31.46.0-255,66,1762,44,319988
30342,4e-05,172.217.194.0-255,2902,4664,44,319988
30343,4.3e-05,172.31.46.0-255,66,4730,44,319988
30344,5.2e-05,172.217.194.0-255,7156,11886,44,319988
30345,5.5e-05,172.31.46.0-255,66,11952,44,319988
30346,8.3e-05,172.217.194.0-255,2039,13991,44,319988
30347,8.5e-05,172.31.46.0-255,66,14057,44,319988
30348,0.000186,172.217.194.0-255,1484,15541,44,319988
30349,0.00019,172.31.46.0-255,66,15607,44,319988
30350,0.000204,172.217.194.0-255,2902,18509,44,319988
30351,0.000208,172.31.46.0-255,66,18575,44,319988
30352,0.000239,172.217.194.0-255,4320,22895,44,319988
30353,0.000242,172.31.46.0-255,66,22961,44,319988
30354,0.000269,172.217.194.0-255,1484,24445,44,319988
30355,0.000271,172.31.46.0-255,66,24511,44,319988
30356,0.000297,172.31.46.0-255,66,24577,44,319988
30357,0.000303,172.217.194.0-255,5738,30315,44,319988
30358,0.000306,172.31.46.0-255,66,30381,44,319988
30359,0.000356,172.217.194.0-255,5738,36119,44,319988
30360,0.000359,172.31.46.0-255,66,36185,44,319988
30361,0.000378,172.217.194.0-255,3961,40146,44,319988
30362,0.00038,172.31.46.0-255,66,40212,44,319988
30363,0.001082,172.217.194.0-255,1484,41696,44,319988
30364,0.001089,172.31.46.0-255,66,41762,44,319988
30365,0.001098,172.217.194.0-255,2902,44664,44,319988
30366,0.001101,172.31.46.0-255,66,44730,44,319988
30367,0.001108,172.217.194.0-255,5738,50468,44,319988
30368,0.00111,172.31.46.0-255,66,50534,44,319988
30369,0.001155,172.217.194.0-255,4320,54854,44,319988
30370,0.001159,172.31.46.0-255,66,54920,44,319988
30371,0.001182,172.217.194.0-255,2543,57463,44,319988
30372,0.001185,172.31.46.0-255,66,57529,44,319988
30373,0.001192,172.217.194.0-255,7156,64685,44,319988
30374,0.001194,172.31.46.0-255,66,64751,44,319988
30375,0.001201,172.217.194.0-255,5738,70489,44,319988
30376,0.001203,172.31.46.0-255,66,70555,44,319988
30377,0.001236,172.31.46.0-255,66,70621,44,319988
30378,0.001252,172.217.194.0-255,4320,74941,44,319988
30379,0.001254,172.31.46.0-255,66,75007,44,319988
30380,0.001276,172.217.194.0-255,6438,81445,44,319988
30381,0.001279,172.31.46.0-255,66,81511,44,319988
30382,0.001307,172.217.194.0-255,2063,83574,44,319988
30383,0.00131,172.31.46.0-255,66,83640,44,319988
30384,0.001335,172.217.194.0-255,2902,86542,44,319988
30385,0.001337,172.31.46.0-255,66,86608,44,319988
30386,0.001359,172.217.194.0-255,7156,93764,44,319988
30387,0.001363,172.31.46.0-255,66,93830,44,319988
30388,0.001384,172.217.194.0-255,4716,98546,44,319988
30389,0.001387,172.31.46.0-255,66,98612,44,319988
30390,0.001417,172.217.194.0-255,1484,100096,44,319988
30391,0.001437,172.217.194.0-255,2902,102998,44,319988
30392,0.00144,172.31.46.0-255,66,103064,44,319988
30393,0.001445,172.217.194.0-255,2902,105966,44,319988
30394,0.001447,172.31.46.0-255,66,106032,44,319988
30395,0.001458,172.217.194.0-255,1484,107516,44,319988
30396,0.001476,172.217.194.0-255,5738,113254,44,319988
30397,0.001479,172.31.46.0-255,66,113320,44,319988
30398,0.001499,172.217.194.0-255,2902,116222,44,319988
30399,0.001502,172.31.46.0-255,66,116288,44,319988
30400,0.00153,172.31.46.0-255,66,116354,44,319988
30401,0.00155,172.217.194.0-255,2902,119256,44,319988
30402,0.001552,172.31.46.0-255,66,119322,44,319988
30403,0.00157,172.217.194.0-255,2184,121506,44,319988
30404,0.001572,172.31.46.0-255,66,121572,44,319988
30405,0.001623,172.217.194.0-255,5738,127310,44,319988
30406,0.001626,172.31.46.0-255,66,127376,44,319988
30407,0.00163,172.217.194.0-255,4320,131696,44,319988
30408,0.001633,172.31.46.0-255,66,131762,44,319988
30409,0.001639,172.217.194.0-255,4320,136082,44,319988
30410,0.001641,172.31.46.0-255,66,136148,44,319988
30411,0.001668,172.31.46.0-255,66,136214,44,319988
30412,0.001678,172.31.46.0-255,66,136280,44,319988
30413,0.00172,172.217.194.0-255,4320,140600,44,319988
30414,0.001722,172.31.46.0-255,66,140666,44,319988
30415,0.001865,172.217.194.0-255,1484,142150,44,319988
30416,0.001872,172.217.194.0-255,2902,145052,44,319988
30417,0.001878,172.217.194.0-255,4320,149372,44,319988
30418,0.001889,172.217.194.0-255,1484,150856,44,319988
30419,0.001913,172.217.194.0-255,4320,155176,44,319988
30420,0.001928,172.217.194.0-255,2902,158078,44,319988
30421,0.001935,172.217.194.0-255,7156,165234,44,319988
30422,0.001949,172.217.194.0-255,1484,166718,44,319988
30423,0.002063,172.217.194.0-255,1484,168202,44,319988
30424,0.002068,172.217.194.0-255,1484,169686,44,319988
30425,0.002078,172.217.194.0-255,1484,171170,44,319988
30426,0.002086,172.217.194.0-255,4320,175490,44,319988
30427,0.002098,172.217.194.0-255,1484,176974,44,319988
30428,0.002112,172.217.194.0-255,5738,182712,44,319988
30429,0.002142,172.217.194.0-255,7156,189868,44,319988
30430,0.002167,172.217.194.0-255,4320,194188,44,319988
30431,0.00219,172.217.194.0-255,6438,200626,44,319988
30432,0.002196,172.217.194.0-255,5738,206364,44,319988
30433,0.002215,172.217.194.0-255,5738,212102,44,319988
30434,0.002266,172.217.194.0-255,1484,213586,44,319988
30435,0.002288,172.217.194.0-255,2902,216488,44,319988
30436,0.002291,172.217.194.0-255,1484,217972,44,319988
30437,0.002311,172.217.194.0-255,4320,222292,44,319988
30438,0.002316,172.217.194.0-255,4320,226612,44,319988
30439,0.002329,172.217.194.0-255,2902,229514,44,319988
30440,0.002371,172.217.194.0-255,2902,232416,44,319988
30441,0.002395,172.217.194.0-255,5738,238154,44,319988
30442,0.002412,172.217.194.0-255,4320,242474,44,319988
30443,0.002434,172.217.194.0-255,5738,248212,44,319988
30444,0.0028,172.31.46.0-255,66,248278,44,319988
30445,0.005107,172.217.194.0-255,5738,254016,44,319988
30446,0.005113,172.31.46.0-255,66,254082,44,319988
30447,0.007465,172.217.194.0-255,2902,256984,44,319988
30448,0.007469,172.31.46.0-255,66,257050,44,319988
30449,0.007489,172.217.194.0-255,2902,259952,44,319988
30450,0.007491,172.31.46.0-255,66,260018,44,319988
30451,0.009818,172.217.194.0-255,5738,265756,44,319988
30452,0.009824,172.31.46.0-255,66,265822,44,319988
30453,0.012101,172.217.194.0-255,5738,271560,44,319988
30454,0.01211,172.31.46.0-255,66,271626,44,319988
30455,0.014437,172.217.194.0-255,5738,277364,44,319988
30456,0.014446,172.31.46.0-255,66,277430,44,319988
30457,0.016861,172.217.194.0-255,5738,283168,44,319988
30458,0.016871,172.31.46.0-255,66,283234,44,319988
30459,0.019233,172.217.194.0-255,5738,288972,44,319988
30460,0.019242,172.31.46.0-255,66,289038,44,319988
30461,0.021577,172.217.194.0-255,5738,294776,44,319988
30462,0.021588,172.31.46.0-255,66,294842,44,319988
30463,0.023954,172.217.194.0-255,5738,300580,44,319988
30464,0.02396,172.31.46.0-255,66,300646,44,319988
30465,0.026284,172.217.194.0-255,5738,306384,44,319988
30466,0.026293,172.31.46.0-255,66,306450,44,319988
30467,0.028347,172.31.46.0-255,164,306614,44,319988
30468,0.02838,172.31.46.0-255,1123,307737,44,319988
30469,0.028463,172.31.46.0-255,1514,309251,44,319988
30470,0.028465,172.31.46.0-255,1514,310765,44,319988
30471,0.028466,172.31.46.0-255,1514,312279,44,319988
30472,0.028467,172.31.46.0-255,1514,313793,44,319988
30473,0.028468,172.31.46.0-255,548,314341,44,319988
30474,0.02863,172.217.194.0-255,5146,319487,44,319988
30475,0.028636,172.31.46.0-255,66,319553,44,319988
30476,0.028809,172.31.46.0-255,105,319658,44,319988
30477,0.029889,104.244.42.0-255,66,319724,44,319988
30478,0.029908,104.244.42.0-255,66,319790,44,319988
30479,0.030047,104.244.42.0-255,66,319856,44,319988
30480,0.030072,104.244.42.0-255,66,319922,44,319988
30481,0.031067,172.217.194.0-255,66,319988,44,319988
30482,0.0,74.125.24.0-255,150,150,44,323528
30483,2.2e-05,172.31.46.0-255,66,216,44,323528
30484,2.9e-05,74.125.24.0-255,1484,1700,44,323528
30485,3.3e-05,172.31.46.0-255,66,1766,44,323528
30486,5.8e-05,74.125.24.0-255,2902,4668,44,323528
30487,6.5e-05,172.31.46.0-255,66,4734,44,323528
30488,7.3e-05,74.125.24.0-255,7156,11890,44,323528
30489,7.5e-05,172.31.46.0-255,66,11956,44,323528
30490,8e-05,74.125.24.0-255,4320,16276,44,323528
30491,8.3e-05,172.31.46.0-255,66,16342,44,323528
30492,0.000122,172.31.46.0-255,66,16408,44,323528
30493,0.000126,74.125.24.0-255,2543,18951,44,323528
30494,0.000128,172.31.46.0-255,66,19017,44,323528
30495,0.000237,74.125.24.0-255,1484,20501,44,323528
30496,0.00024,172.31.46.0-255,66,20567,44,323528
30497,0.000268,74.125.24.0-255,2902,23469,44,323528
30498,0.000271,172.31.46.0-255,66,23535,44,323528
30499,0.000277,74.125.24.0-255,5738,29273,44,323528
30500,0.000279,172.31.46.0-255,66,29339,44,323528
30501,0.000288,74.125.24.0-255,4320,33659,44,323528
30502,0.00029,172.31.46.0-255,66,33725,44,323528
30503,0.000315,74.125.24.0-255,2543,36268,44,323528
30504,0.000317,172.31.46.0-255,66,36334,44,323528
30505,0.001139,74.125.24.0-255,1484,37818,44,323528
30506,0.001144,172.31.46.0-255,66,37884,44,323528
30507,0.001153,74.125.24.0-255,2902,40786,44,323528
30508,0.001156,172.31.46.0-255,66,40852,44,323528
30509,0.001167,74.125.24.0-255,5738,46590,44,323528
30510,0.001169,172.31.46.0-255,66,46656,44,323528
30511,0.001205,172.31.46.0-255,66,46722,44,323528
30512,0.001235,74.125.24.0-255,3961,50683,44,323528
30513,0.001237,172.31.46.0-255,66,50749,44,323528
30514,0.001246,172.31.46.0-255,66,50815,44,323528
30515,0.00127,74.125.24.0-255,1125,51940,44,323528
30516,0.001281,172.31.46.0-255,66,52006,44,323528
30517,0.001287,74.125.24.0-255,4320,56326,44,323528
30518,0.001289,172.31.46.0-255,66,56392,44,323528
30519,0.001316,74.125.24.0-255,3122,59514,44,323528
30520,0.001319,172.31.46.0-255,66,59580,44,323528
30521,0.001711,74.125.24.0-255,1484,61064,44,323528
30522,0.001716,74.125.24.0-255,1484,62548,44,323528
30523,0.00172,172.31.46.0-255,66,62614,44,323528
30524,0.001748,74.125.24.0-255,1484,64098,44,323528
30525,0.001753,74.125.24.0-255,2902,67000,44,323528
30526,0.001756,172.31.46.0-255,66,67066,44,323528
30527,0.001787,74.125.24.0-255,2902,69968,44,323528
30528,0.001789,172.31.46.0-255,66,70034,44,323528
30529,0.001796,74.125.24.0-255,6235,76269,44,323528
30530,0.001798,172.31.46.0-255,66,76335,44,323528
30531,0.002029,74.125.24.0-255,1484,77819,44,323528
30532,0.002049,74.125.24.0-255,2902,80721,44,323528
30533,0.002051,172.31.46.0-255,66,80787,44,323528
30534,0.002055,74.125.24.0-255,2902,83689,44,323528
30535,0.002057,172.31.46.0-255,66,83755,44,323528
30536,0.002063,74.125.24.0-255,5738,89493,44,323528
30537,0.002069,172.31.46.0-255,66,89559,44,323528
30538,0.002101,74.125.24.0-255,1484,91043,44,323528
30539,0.002116,172.31.46.0-255,66,91109,44,323528
30540,0.002139,74.125.24.0-255,3602,94711,44,323528
30541,0.002141,172.31.46.0-255,66,94777,44,323528
30542,0.004368,74.125.24.0-255,1484,96261,44,323528
30543,0.00444,74.125.24.0-255,4320,100581,44,323528
30544,0.004443,172.31.46.0-255,66,100647,44,323528
30545,0.006725,74.125.24.0-255,5738,106385,44,323528
30546,0.00673,172.31.46.0-255,66,106451,44,323528
30547,0.008996,74.125.24.0-255,5738,112189,44,323528
30548,0.009004,172.31.46.0-255,66,112255,44,323528
30549,0.011295,74.125.24.0-255,5738,117993,44,323528
30550,0.011303,172.31.46.0-255,66,118059,44,323528
30551,0.013615,74.125.24.0-255,5738,123797,44,323528
30552,0.013621,172.31.46.0-255,66,123863,44,323528
30553,0.015868,74.125.24.0-255,5738,129601,44,323528
30554,0.015876,172.31.46.0-255,66,129667,44,323528
30555,0.018184,74.125.24.0-255,5738,135405,44,323528
30556,0.018192,172.31.46.0-255,66,135471,44,323528
30557,0.020484,74.125.24.0-255,5738,141209,44,323528
30558,0.020491,172.31.46.0-255,66,141275,44,323528
30559,0.022809,74.125.24.0-255,5738,147013,44,323528
30560,0.022813,172.31.46.0-255,66,147079,44,323528
30561,0.023556,172.31.46.0-255,167,147246,44,323528
30562,0.023595,172.31.46.0-255,1113,148359,44,323528
30563,0.023652,172.31.46.0-255,1514,149873,44,323528
30564,0.023653,172.31.46.0-255,1514,151387,44,323528
30565,0.023655,172.31.46.0-255,1514,152901,44,323528
30566,0.023656,172.31.46.0-255,1514,154415,44,323528
30567,0.023657,172.31.46.0-255,557,154972,44,323528
30568,0.02508,74.125.24.0-255,5738,160710,44,323528
30569,0.025086,172.31.46.0-255,66,160776,44,323528
30570,0.025783,104.244.42.0-255,66,160842,44,323528
30571,0.0259,104.244.42.0-255,108,160950,44,323528
30572,0.025906,172.31.46.0-255,66,161016,44,323528
30573,0.027362,74.125.24.0-255,5738,166754,44,323528
30574,0.027366,172.31.46.0-255,66,166820,44,323528
30575,0.029614,74.125.24.0-255,5738,172558,44,323528
30576,0.02962,172.31.46.0-255,66,172624,44,323528
30577,0.031906,74.125.24.0-255,5738,178362,44,323528
30578,0.031912,172.31.46.0-255,66,178428,44,323528
30579,0.034191,74.125.24.0-255,5738,184166,44,323528
30580,0.034197,172.31.46.0-255,66,184232,44,323528
30581,0.036468,74.125.24.0-255,5738,189970,44,323528
30582,0.036474,172.31.46.0-255,66,190036,44,323528
30583,0.038735,74.125.24.0-255,5738,195774,44,323528
30584,0.038742,172.31.46.0-255,66,195840,44,323528
30585,0.041038,74.125.24.0-255,5738,201578,44,323528
30586,0.041044,172.31.46.0-255,66,201644,44,323528
30587,0.043339,74.125.24.0-255,5738,207382,44,323528
30588,0.043345,172.31.46.0-255,66,207448,44,323528
30589,0.045636,74.125.24.0-255,5738,213186,44,323528
30590,0.045642,172.31.46.0-255,66,213252,44,323528
30591,0.047966,74.125.24.0-255,5738,218990,44,323528
30592,0.047972,172.31.46.0-255,66,219056,44,323528
30593,0.050267,74.125.24.0-255,5738,224794,44,323528
30594,0.050273,172.31.46.0-255,66,224860,44,323528
30595,0.052556,74.125.24.0-255,5738,230598,44,323528
30596,0.052561,172.31.46.0-255,66,230664,44,323528
30597,0.054871,74.125.24.0-255,5738,236402,44,323528
30598,0.054878,172.31.46.0-255,66,236468,44,323528
30599,0.057129,74.125.24.0-255,5738,242206,44,323528
30600,0.057135,172.31.46.0-255,66,242272,44,323528
30601,0.059403,74.125.24.0-255,5738,248010,44,323528
30602,0.059409,172.31.46.0-255,66,248076,44,323528
30603,0.061713,74.125.24.0-255,5738,253814,44,323528
30604,0.061718,172.31.46.0-255,66,253880,44,323528
30605,0.064001,74.125.24.0-255,5738,259618,44,323528
30606,0.064006,172.31.46.0-255,66,259684,44,323528
30607,0.066291,74.125.24.0-255,5738,265422,44,323528
30608,0.066297,172.31.46.0-255,66,265488,44,323528
30609,0.068623,74.125.24.0-255,5738,271226,44,323528
30610,0.068629,172.31.46.0-255,66,271292,44,323528
30611,0.070922,74.125.24.0-255,5738,277030,44,323528
30612,0.070929,172.31.46.0-255,66,277096,44,323528
30613,0.073238,74.125.24.0-255,5738,282834,44,323528
30614,0.073246,172.31.46.0-255,66,282900,44,323528
30615,0.07553,74.125.24.0-255,5738,288638,44,323528
30616,0.075536,172.31.46.0-255,66,288704,44,323528
30617,0.077832,74.125.24.0-255,5738,294442,44,323528
30618,0.077839,172.31.46.0-255,66,294508,44,323528
30619,0.080111,74.125.24.0-255,5738,300246,44,323528
30620,0.080116,172.31.46.0-255,66,300312,44,323528
30621,0.08237,74.125.24.0-255,5738,306050,44,323528
30622,0.082376,172.31.46.0-255,66,306116,44,323528
30623,0.084638,74.125.24.0-255,5738,311854,44,323528
30624,0.084644,172.31.46.0-255,66,311920,44,323528
30625,0.086953,74.125.24.0-255,5738,317658,44,323528
30626,0.086958,172.31.46.0-255,66,317724,44,323528
30627,0.089229,74.125.24.0-255,5738,323462,44,323528
30628,0.089234,172.31.46.0-255,66,323528,44,323528
30629,0.0,216.58.221.0-255,146,146,44,330029
30630,1.8e-05,172.31.46.0-255,66,212,44,330029
30631,2.4e-05,216.58.221.0-255,1484,1696,44,330029
30632,2.8e-05,172.31.46.0-255,66,1762,44,330029
30633,3.3e-05,216.58.221.0-255,2902,4664,44,330029
30634,4.2e-05,172.31.46.0-255,66,4730,44,330029
30635,4.8e-05,216.58.221.0-255,5738,10468,44,330029
30636,5e-05,172.31.46.0-255,66,10534,44,330029
30637,8.5e-05,216.58.221.0-255,3552,14086,44,330029
30638,8.8e-05,172.31.46.0-255,66,14152,44,330029
30639,0.000541,216.58.221.0-255,1484,15636,44,330029
30640,0.000547,172.31.46.0-255,66,15702,44,330029
30641,0.000554,216.58.221.0-255,2902,18604,44,330029
30642,0.000556,172.31.46.0-255,66,18670,44,330029
30643,0.000566,216.58.221.0-255,2902,21572,44,330029
30644,0.000567,172.31.46.0-255,66,21638,44,330029
30645,0.000602,216.58.221.0-255,4320,25958,44,330029
30646,0.000604,172.31.46.0-255,66,26024,44,330029
30647,0.000635,172.31.46.0-255,66,26090,44,330029
30648,0.000668,172.31.46.0-255,66,26156,44,330029
30649,0.000673,216.58.221.0-255,2902,29058,44,330029
30650,0.000674,172.31.46.0-255,66,29124,44,330029
30651,0.000694,216.58.221.0-255,1484,30608,44,330029
30652,0.000696,172.31.46.0-255,66,30674,44,330029
30653,0.000706,216.58.221.0-255,5738,36412,44,330029
30654,0.000708,172.31.46.0-255,66,36478,44,330029
30655,0.000711,216.58.221.0-255,1484,37962,44,330029
30656,0.000713,172.31.46.0-255,66,38028,44,330029
30657,0.000755,172.31.46.0-255,66,38094,44,330029
30658,0.000758,216.58.221.0-255,766,38860,44,330029
30659,0.000863,216.58.221.0-255,360,39220,44,330029
30660,0.001439,216.58.221.0-255,133,39353,44,330029
30661,0.001459,216.58.221.0-255,346,39699,44,330029
30662,0.001682,216.58.221.0-255,1484,41183,44,330029
30663,0.001687,172.31.46.0-255,66,41249,44,330029
30664,0.001693,216.58.221.0-255,2902,44151,44,330029
30665,0.001695,172.31.46.0-255,66,44217,44,330029
30666,0.001717,216.58.221.0-255,4320,48537,44,330029
30667,0.00172,172.31.46.0-255,66,48603,44,330029
30668,0.001752,172.31.46.0-255,66,48669,44,330029
30669,0.001758,216.58.221.0-255,5738,54407,44,330029
30670,0.00176,172.31.46.0-255,66,54473,44,330029
30671,0.001771,216.58.221.0-255,4320,58793,44,330029
30672,0.001774,172.31.46.0-255,66,58859,44,330029
30673,0.001799,216.58.221.0-255,2902,61761,44,330029
30674,0.001801,172.31.46.0-255,66,61827,44,330029
30675,0.00181,216.58.221.0-255,3602,65429,44,330029
30676,0.001812,172.31.46.0-255,66,65495,44,330029
30677,0.003757,216.58.221.0-255,2902,68397,44,330029
30678,0.003764,172.31.46.0-255,66,68463,44,330029
30679,0.003795,216.58.221.0-255,2902,71365,44,330029
30680,0.003798,172.31.46.0-255,66,71431,44,330029
30681,0.005731,216.58.221.0-255,2902,74333,44,330029
30682,0.005739,172.31.46.0-255,66,74399,44,330029
30683,0.005771,216.58.221.0-255,2902,77301,44,330029
30684,0.005774,172.31.46.0-255,66,77367,44,330029
30685,0.007707,216.58.221.0-255,2902,80269,44,330029
30686,0.007715,172.31.46.0-255,66,80335,44,330029
30687,0.007735,216.58.221.0-255,2902,83237,44,330029
30688,0.007737,172.31.46.0-255,66,83303,44,330029
30689,0.009684,216.58.221.0-255,2902,86205,44,330029
30690,0.009692,172.31.46.0-255,66,86271,44,330029
30691,0.009726,216.58.221.0-255,2902,89173,44,330029
30692,0.009729,172.31.46.0-255,66,89239,44,330029
30693,0.011749,216.58.221.0-255,2902,92141,44,330029
30694,0.011755,172.31.46.0-255,66,92207,44,330029
30695,0.01178,216.58.221.0-255,1484,93691,44,330029
30696,0.011798,216.58.221.0-255,1484,95175,44,330029
30697,0.0118,172.31.46.0-255,66,95241,44,330029
30698,0.013743,216.58.221.0-255,2902,98143,44,330029
30699,0.013753,172.31.46.0-255,66,98209,44,330029
30700,0.01379,216.58.221.0-255,2902,101111,44,330029
30701,0.013793,172.31.46.0-255,66,101177,44,330029
30702,0.015802,216.58.221.0-255,2902,104079,44,330029
30703,0.015811,172.31.46.0-255,66,104145,44,330029
30704,0.015847,216.58.221.0-255,2902,107047,44,330029
30705,0.01585,172.31.46.0-255,66,107113,44,330029
30706,0.01788,216.58.221.0-255,2902,110015,44,330029
30707,0.017887,172.31.46.0-255,66,110081,44,330029
30708,0.017912,216.58.221.0-255,1484,111565,44,330029
30709,0.017929,216.58.221.0-255,1484,113049,44,330029
30710,0.017931,172.31.46.0-255,66,113115,44,330029
30711,0.019853,216.58.221.0-255,2902,116017,44,330029
30712,0.01986,172.31.46.0-255,66,116083,44,330029
30713,0.019888,216.58.221.0-255,2902,118985,44,330029
30714,0.01989,172.31.46.0-255,66,119051,44,330029
30715,0.021845,216.58.221.0-255,5738,124789,44,330029
30716,0.021853,172.31.46.0-255,66,124855,44,330029
30717,0.023833,216.58.221.0-255,5738,130593,44,330029
30718,0.023841,172.31.46.0-255,66,130659,44,330029
30719,0.025804,216.58.221.0-255,5738,136397,44,330029
30720,0.025809,172.31.46.0-255,66,136463,44,330029
30721,0.026032,172.31.46.0-255,172,136635,44,330029
30722,0.026061,172.31.46.0-255,1114,137749,44,330029
30723,0.026192,172.31.46.0-255,1514,139263,44,330029
30724,0.026194,172.31.46.0-255,1514,140777,44,330029
30725,0.0262,172.31.46.0-255,1514,142291,44,330029
30726,0.026202,172.31.46.0-255,1514,143805,44,330029
30727,0.026219,172.31.46.0-255,1514,145319,44,330029
30728,0.02622,172.31.46.0-255,70,145389,44,330029
30729,0.027609,104.244.42.0-255,66,145455,44,330029
30730,0.027622,104.244.42.0-255,66,145521,44,330029
30731,0.027784,216.58.221.0-255,5738,151259,44,330029
30732,0.027789,172.31.46.0-255,66,151325,44,330029
30733,0.027806,104.244.42.0-255,66,151391,44,330029
30734,0.027811,104.244.42.0-255,66,151457,44,330029
30735,0.029765,216.58.221.0-255,5738,157195,44,330029
30736,0.029771,172.31.46.0-255,66,157261,44,330029
30737,0.03174,216.58.221.0-255,5738,162999,44,330029
30738,0.031747,172.31.46.0-255,66,163065,44,330029
30739,0.033731,216.58.221.0-255,5738,168803,44,330029
30740,0.033739,172.31.46.0-255,66,168869,44,330029
30741,0.035713,216.58.221.0-255,5738,174607,44,330029
30742,0.035719,172.31.46.0-255,66,174673,44,330029
30743,0.037735,216.58.221.0-255,5738,180411,44,330029
30744,0.037743,172.31.46.0-255,66,180477,44,330029
30745,0.039725,216.58.221.0-255,5738,186215,44,330029
30746,0.039732,172.31.46.0-255,66,186281,44,330029
30747,0.041714,216.58.221.0-255,5738,192019,44,330029
30748,0.04172,172.31.46.0-255,66,192085,44,330029
30749,0.043688,216.58.221.0-255,5738,197823,44,330029
30750,0.043694,172.31.46.0-255,66,197889,44,330029
30751,0.045658,216.58.221.0-255,5738,203627,44,330029
30752,0.045664,172.31.46.0-255,66,203693,44,330029
30753,0.047643,216.58.221.0-255,5738,209431,44,330029
30754,0.047648,172.31.46.0-255,66,209497,44,330029
30755,0.049622,216.58.221.0-255,5738,215235,44,330029
30756,0.049632,172.31.46.0-255,66,215301,44,330029
30757,0.05163,216.58.221.0-255,5738,221039,44,330029
30758,0.051642,172.31.46.0-255,66,221105,44,330029
30759,0.053643,216.58.221.0-255,5738,226843,44,330029
30760,0.053654,172.31.46.0-255,66,226909,44,330029
30761,0.055627,216.58.221.0-255,5738,232647,44,330029
30762,0.055638,172.31.46.0-255,66,232713,44,330029
30763,0.057618,216.58.221.0-255,5738,238451,44,330029
30764,0.057625,172.31.46.0-255,66,238517,44,330029
30765,0.059601,216.58.221.0-255,5738,244255,44,330029
30766,0.059608,172.31.46.0-255,66,244321,44,330029
30767,0.061575,216.58.221.0-255,4320,248641,44,330029
30768,0.06158,172.31.46.0-255,66,248707,44,330029
30769,0.061604,216.58.221.0-255,1484,250191,44,330029
30770,0.063553,216.58.221.0-255,4320,254511,44,330029
30771,0.063559,172.31.46.0-255,66,254577,44,330029
30772,0.06553,216.58.221.0-255,5738,260315,44,330029
30773,0.065536,172.31.46.0-255,66,260381,44,330029
30774,0.0675,216.58.221.0-255,5738,266119,44,330029
30775,0.067506,172.31.46.0-255,66,266185,44,330029
30776,0.069502,216.58.221.0-255,5738,271923,44,330029
30777,0.069509,172.31.46.0-255,66,271989,44,330029
30778,0.071483,216.58.221.0-255,5738,277727,44,330029
30779,0.071489,172.31.46.0-255,66,277793,44,330029
30780,0.073458,216.58.221.0-255,5738,283531,44,330029
30781,0.073464,172.31.46.0-255,66,283597,44,330029
30782,0.075433,216.58.221.0-255,5738,289335,44,330029
30783,0.075438,172.31.46.0-255,66,289401,44,330029
30784,0.077417,216.58.221.0-255,5738,295139,44,330029
30785,0.077423,172.31.46.0-255,66,295205,44,330029
30786,0.079396,216.58.221.0-255,5738,300943,44,330029
30787,0.079402,172.31.46.0-255,66,301009,44,330029
30788,0.081377,216.58.221.0-255,5738,306747,44,330029
30789,0.081383,172.31.46.0-255,66,306813,44,330029
30790,0.083353,216.58.221.0-255,5738,312551,44,330029
30791,0.08336,172.31.46.0-255,66,312617,44,330029
30792,0.085329,216.58.221.0-255,5738,318355,44,330029
30793,0.085335,172.31.46.0-255,66,318421,44,330029
30794,0.087308,216.58.221.0-255,5738,324159,44,330029
30795,0.087314,172.31.46.0-255,66,324225,44,330029
30796,0.089284,216.58.221.0-255,5738,329963,44,330029
30797,0.08929,172.31.46.0-255,66,330029,44,330029
30798,0.0,172.31.46.0-255,66,66,44,66
30799,0.0,172.217.194.0-255,153,153,44,253046
30800,2.1e-05,172.31.46.0-255,66,219,44,253046
30801,2.7e-05,172.217.194.0-255,1484,1703,44,253046
30802,3.2e-05,172.31.46.0-255,66,1769,44,253046
30803,3.7e-05,172.217.194.0-255,2902,4671,44,253046
30804,4.7e-05,172.31.46.0-255,66,4737,44,253046
30805,5.4e-05,172.217.194.0-255,7156,11893,44,253046
30806,5.7e-05,172.31.46.0-255,66,11959,44,253046
30807,6.1e-05,172.217.194.0-255,2123,14082,44,253046
30808,6.3e-05,172.31.46.0-255,66,14148,44,253046
30809,0.000102,172.217.194.0-255,1484,15632,44,253046
30810,0.000104,172.31.46.0-255,66,15698,44,253046
30811,0.000109,172.217.194.0-255,2902,18600,44,253046
30812,0.000111,172.31.46.0-255,66,18666,44,253046
30813,0.000137,172.217.194.0-255,5738,24404,44,253046
30814,0.000139,172.31.46.0-255,66,24470,44,253046
30815,0.000168,172.217.194.0-255,6797,31267,44,253046
30816,0.000171,172.31.46.0-255,66,31333,44,253046
30817,0.000223,172.217.194.0-255,4320,35653,44,253046
30818,0.000226,172.31.46.0-255,66,35719,44,253046
30819,0.000249,172.217.194.0-255,2902,38621,44,253046
30820,0.000251,172.31.46.0-255,66,38687,44,253046
30821,0.000257,172.217.194.0-255,5738,44425,44,253046
30822,0.000259,172.31.46.0-255,66,44491,44,253046
30823,0.000263,172.217.194.0-255,2902,47393,44,253046
30824,0.000268,172.31.46.0-255,66,47459,44,253046
30825,0.000293,172.217.194.0-255,1125,48584,44,253046
30826,0.000296,172.31.46.0-255,66,48650,44,253046
30827,0.000611,172.217.194.0-255,1484,50134,44,253046
30828,0.000616,172.31.46.0-255,66,50200,44,253046
30829,0.000621,172.217.194.0-255,2902,53102,44,253046
30830,0.000624,172.31.46.0-255,66,53168,44,253046
30831,0.000654,172.217.194.0-255,5738,58906,44,253046
30832,0.00066,172.31.46.0-255,66,58972,44,253046
30833,0.000663,172.217.194.0-255,1484,60456,44,253046
30834,0.000688,172.217.194.0-255,5379,65835,44,253046
30835,0.000691,172.31.46.0-255,66,65901,44,253046
30836,0.000698,172.217.194.0-255,7156,73057,44,253046
30837,0.0007,172.31.46.0-255,66,73123,44,253046
30838,0.000721,172.217.194.0-255,5738,78861,44,253046
30839,0.000723,172.31.46.0-255,66,78927,44,253046
30840,0.000747,172.217.194.0-255,3961,82888,44,253046
30841,0.000749,172.31.46.0-255,66,82954,44,253046
30842,0.000761,172.217.194.0-255,4320,87274,44,253046
30843,0.000764,172.31.46.0-255,66,87340,44,253046
30844,0.000794,172.217.194.0-255,6319,93659,44,253046
30845,0.000796,172.31.46.0-255,66,93725,44,253046
30846,0.000802,172.217.194.0-255,6797,100522,44,253046
30847,0.000804,172.31.46.0-255,66,100588,44,253046
30848,0.001041,172.217.194.0-255,1484,102072,44,253046
30849,0.001054,172.217.194.0-255,2902,104974,44,253046
30850,0.001057,172.31.46.0-255,66,105040,44,253046
30851,0.001091,172.217.194.0-255,5738,110778,44,253046
30852,0.001093,172.31.46.0-255,66,110844,44,253046
30853,0.001117,172.217.194.0-255,7156,118000,44,253046
30854,0.00112,172.31.46.0-255,66,118066,44,253046
30855,0.001146,172.217.194.0-255,2902,120968,44,253046
30856,0.001148,172.31.46.0-255,66,121034,44,253046
30857,0.001159,172.31.46.0-255,66,121100,44,253046
30858,0.001185,172.217.194.0-255,3602,124702,44,253046
30859,0.001188,172.31.46.0-255,66,124768,44,253046
30860,0.001213,172.217.194.0-255,4320,129088,44,253046
30861,0.001216,172.31.46.0-255,66,129154,44,253046
30862,0.001224,172.217.194.0-255,7156,136310,44,253046
30863,0.001226,172.31.46.0-255,66,136376,44,253046
30864,0.001249,172.217.194.0-255,2902,139278,44,253046
30865,0.001252,172.31.46.0-255,66,139344,44,253046
30866,0.001265,172.31.46.0-255,66,139410,44,253046
30867,0.001302,172.31.46.0-255,66,139476,44,253046
30868,0.001328,172.217.194.0-255,4320,143796,44,253046
30869,0.00133,172.31.46.0-255,66,143862,44,253046
30870,0.00136,172.217.194.0-255,7156,151018,44,253046
30871,0.001363,172.31.46.0-255,66,151084,44,253046
30872,0.001368,172.217.194.0-255,5738,156822,44,253046
30873,0.00137,172.31.46.0-255,66,156888,44,253046
30874,0.0014,172.217.194.0-255,7156,164044,44,253046
30875,0.001402,172.31.46.0-255,66,164110,44,253046
30876,0.001447,172.31.46.0-255,66,164176,44,253046
30877,0.001457,172.31.46.0-255,66,164242,44,253046
30878,0.001494,172.217.194.0-255,7156,171398,44,253046
30879,0.001497,172.31.46.0-255,66,171464,44,253046
30880,0.001508,172.31.46.0-255,66,171530,44,253046
30881,0.001518,172.217.194.0-255,5020,176550,44,253046
30882,0.00152,172.31.46.0-255,66,176616,44,253046
30883,0.001575,172.217.194.0-255,5738,182354,44,253046
30884,0.001578,172.31.46.0-255,66,182420,44,253046
30885,0.001606,172.217.194.0-255,1484,183904,44,253046
30886,0.00161,172.31.46.0-255,66,183970,44,253046
30887,0.001658,172.31.46.0-255,66,184036,44,253046
30888,0.001698,172.217.194.0-255,6438,190474,44,253046
30889,0.0017,172.217.194.0-255,1484,191958,44,253046
30890,0.001707,172.31.46.0-255,66,192024,44,253046
30891,0.001716,172.217.194.0-255,2902,194926,44,253046
30892,0.001734,172.217.194.0-255,5738,200664,44,253046
30893,0.001746,172.217.194.0-255,1484,202148,44,253046
30894,0.001761,172.217.194.0-255,4320,206468,44,253046
30895,0.001767,172.31.46.0-255,66,206534,44,253046
30896,0.001777,172.217.194.0-255,7156,213690,44,253046
30897,0.001786,172.217.194.0-255,5738,219428,44,253046
30898,0.001798,172.217.194.0-255,2902,222330,44,253046
30899,0.001812,172.31.46.0-255,66,222396,44,253046
30900,0.001839,172.217.194.0-255,2184,224580,44,253046
30901,0.001842,172.217.194.0-255,2902,227482,44,253046
30902,0.001844,172.217.194.0-255,1484,228966,44,253046
30903,0.001868,172.217.194.0-255,5738,234704,44,253046
30904,0.001871,172.31.46.0-255,66,234770,44,253046
30905,0.001876,172.31.46.0-255,66,234836,44,253046
30906,0.001887,172.217.194.0-255,4320,239156,44,253046
30907,0.001906,172.31.46.0-255,66,239222,44,253046
30908,0.001946,172.31.46.0-255,66,239288,44,253046
30909,0.001973,172.217.194.0-255,1484,240772,44,253046
30910,0.002006,172.31.46.0-255,66,240838,44,253046
30911,0.00203,172.217.194.0-255,2409,243247,44,253046
30912,0.002032,172.217.194.0-255,97,243344,44,253046
30913,0.002043,172.217.194.0-255,105,243449,44,253046
30914,0.002046,172.31.46.0-255,66,243515,44,253046
30915,0.003878,172.31.46.0-255,101,243616,44,253046
30916,0.004127,172.31.46.0-255,105,243721,44,253046
30917,0.006197,172.217.194.0-255,66,243787,44,253046
30918,0.006453,172.217.194.0-255,66,243853,44,253046
30919,0.036269,172.31.46.0-255,172,244025,44,253046
30920,0.036303,172.31.46.0-255,1114,245139,44,253046
30921,0.036367,172.31.46.0-255,1514,246653,44,253046
30922,0.036369,172.31.46.0-255,1514,248167,44,253046
30923,0.036374,172.31.46.0-255,1514,249681,44,253046
30924,0.036375,172.31.46.0-255,1514,251195,44,253046
30925,0.036399,172.31.46.0-255,1514,252709,44,253046
30926,0.036401,172.31.46.0-255,73,252782,44,253046
30927,0.037809,104.244.42.0-255,66,252848,44,253046
30928,0.037856,104.244.42.0-255,66,252914,44,253046
30929,0.037938,104.244.42.0-255,66,252980,44,253046
30930,0.03796,104.244.42.0-255,66,253046,44,253046
30931,0.0,74.125.24.0-255,153,153,44,305702
30932,1.9e-05,172.31.46.0-255,66,219,44,305702
30933,2.5e-05,74.125.24.0-255,1484,1703,44,305702
30934,3e-05,172.31.46.0-255,66,1769,44,305702
30935,4.2e-05,74.125.24.0-255,2902,4671,44,305702
30936,4.5e-05,172.31.46.0-255,66,4737,44,305702
30937,5.2e-05,74.125.24.0-255,7156,11893,44,305702
30938,5.5e-05,172.31.46.0-255,66,11959,44,305702
30939,5.8e-05,74.125.24.0-255,1973,13932,44,305702
30940,6e-05,172.31.46.0-255,66,13998,44,305702
30941,0.000116,74.125.24.0-255,1484,15482,44,305702
30942,0.000118,172.31.46.0-255,66,15548,44,305702
30943,0.000123,74.125.24.0-255,2902,18450,44,305702
30944,0.000125,172.31.46.0-255,66,18516,44,305702
30945,0.000128,74.125.24.0-255,1484,20000,44,305702
30946,0.000129,172.31.46.0-255,66,20066,44,305702
30947,0.000156,74.125.24.0-255,4320,24386,44,305702
30948,0.000159,172.31.46.0-255,66,24452,44,305702
30949,0.000163,74.125.24.0-255,2902,27354,44,305702
30950,0.000165,172.31.46.0-255,66,27420,44,305702
30951,0.000198,74.125.24.0-255,3961,31381,44,305702
30952,0.0002,172.31.46.0-255,66,31447,44,305702
30953,0.000776,74.125.24.0-255,1484,32931,44,305702
30954,0.000783,172.31.46.0-255,66,32997,44,305702
30955,0.000788,74.125.24.0-255,2902,35899,44,305702
30956,0.00079,172.31.46.0-255,66,35965,44,305702
30957,0.0008,74.125.24.0-255,5738,41703,44,305702
30958,0.000802,172.31.46.0-255,66,41769,44,305702
30959,0.000805,74.125.24.0-255,1484,43253,44,305702
30960,0.000807,172.31.46.0-255,66,43319,44,305702
30961,0.000844,172.31.46.0-255,66,43385,44,305702
30962,0.000854,172.31.46.0-255,66,43451,44,305702
30963,0.000885,74.125.24.0-255,3961,47412,44,305702
30964,0.000888,172.31.46.0-255,66,47478,44,305702
30965,0.000891,74.125.24.0-255,400,47878,44,305702
30966,0.000932,74.125.24.0-255,109,47987,44,305702
30967,0.001046,74.125.24.0-255,331,48318,44,305702
30968,0.001595,74.125.24.0-255,1484,49802,44,305702
30969,0.001602,172.31.46.0-255,66,49868,44,305702
30970,0.00161,74.125.24.0-255,2902,52770,44,305702
30971,0.001612,172.31.46.0-255,66,52836,44,305702
30972,0.001621,74.125.24.0-255,1484,54320,44,305702
30973,0.001641,74.125.24.0-255,4320,58640,44,305702
30974,0.001643,172.31.46.0-255,66,58706,44,305702
30975,0.001646,74.125.24.0-255,1484,60190,44,305702
30976,0.001678,172.31.46.0-255,66,60256,44,305702
30977,0.001683,74.125.24.0-255,2902,63158,44,305702
30978,0.001686,172.31.46.0-255,66,63224,44,305702
30979,0.001717,74.125.24.0-255,7156,70380,44,305702
30980,0.00172,172.31.46.0-255,66,70446,44,305702
30981,0.001723,74.125.24.0-255,1484,71930,44,305702
30982,0.001748,74.125.24.0-255,2184,74114,44,305702
30983,0.001751,172.31.46.0-255,66,74180,44,305702
30984,0.0018,74.125.24.0-255,1484,75664,44,305702
30985,0.001805,74.125.24.0-255,2902,78566,44,305702
30986,0.001826,74.125.24.0-255,4320,82886,44,305702
30987,0.00184,74.125.24.0-255,1484,84370,44,305702
30988,0.001878,74.125.24.0-255,4320,88690,44,305702
30989,0.001903,74.125.24.0-255,6438,95128,44,305702
30990,0.002065,74.125.24.0-255,1484,96612,44,305702
30991,0.00208,74.125.24.0-255,2902,99514,44,305702
30992,0.002084,74.125.24.0-255,4320,103834,44,305702
30993,0.002142,74.125.24.0-255,7156,110990,44,305702
30994,0.002173,74.125.24.0-255,766,111756,44,305702
30995,0.005071,172.31.46.0-255,66,111822,44,305702
30996,0.00766,74.125.24.0-255,5738,117560,44,305702
30997,0.007667,172.31.46.0-255,66,117626,44,305702
30998,0.01027,74.125.24.0-255,5738,123364,44,305702
30999,0.01028,172.31.46.0-255,66,123430,44,305702
31000,0.012858,74.125.24.0-255,5738,129168,44,305702
31001,0.01287,172.31.46.0-255,66,129234,44,305702
31002,0.015465,74.125.24.0-255,5738,134972,44,305702
31003,0.015476,172.31.46.0-255,66,135038,44,305702
31004,0.018103,74.125.24.0-255,5738,140776,44,305702
31005,0.018111,172.31.46.0-255,66,140842,44,305702
31006,0.020688,74.125.24.0-255,5738,146580,44,305702
31007,0.020695,172.31.46.0-255,66,146646,44,305702
31008,0.023281,74.125.24.0-255,5738,152384,44,305702
31009,0.02329,172.31.46.0-255,66,152450,44,305702
31010,0.025892,74.125.24.0-255,5738,158188,44,305702
31011,0.0259,172.31.46.0-255,66,158254,44,305702
31012,0.028491,74.125.24.0-255,5738,163992,44,305702
31013,0.028498,172.31.46.0-255,66,164058,44,305702
31014,0.030944,172.31.46.0-255,163,164221,44,305702
31015,0.030974,172.31.46.0-255,1142,165363,44,305702
31016,0.031044,172.31.46.0-255,1514,166877,44,305702
31017,0.031046,172.31.46.0-255,1514,168391,44,305702
31018,0.031047,172.31.46.0-255,1514,169905,44,305702
31019,0.031081,74.125.24.0-255,5738,175643,44,305702
31020,0.03109,172.31.46.0-255,66,175709,44,305702
31021,0.031096,172.31.46.0-255,1514,177223,44,305702
31022,0.031097,172.31.46.0-255,329,177552,44,305702
31023,0.032468,104.244.42.0-255,66,177618,44,305702
31024,0.032495,104.244.42.0-255,66,177684,44,305702
31025,0.032601,104.244.42.0-255,66,177750,44,305702
31026,0.032634,104.244.42.0-255,66,177816,44,305702
31027,0.033668,74.125.24.0-255,1484,179300,44,305702
31028,0.033688,74.125.24.0-255,4320,183620,44,305702
31029,0.033706,172.31.46.0-255,66,183686,44,305702
31030,0.036297,74.125.24.0-255,5738,189424,44,305702
31031,0.036305,172.31.46.0-255,66,189490,44,305702
31032,0.038862,74.125.24.0-255,5738,195228,44,305702
31033,0.03887,172.31.46.0-255,66,195294,44,305702
31034,0.041465,74.125.24.0-255,5738,201032,44,305702
31035,0.041476,172.31.46.0-255,66,201098,44,305702
31036,0.044042,74.125.24.0-255,5738,206836,44,305702
31037,0.04405,172.31.46.0-255,66,206902,44,305702
31038,0.046632,74.125.24.0-255,5738,212640,44,305702
31039,0.046638,172.31.46.0-255,66,212706,44,305702
31040,0.049206,74.125.24.0-255,5738,218444,44,305702
31041,0.049212,172.31.46.0-255,66,218510,44,305702
31042,0.051805,74.125.24.0-255,2902,221412,44,305702
31043,0.051811,172.31.46.0-255,66,221478,44,305702
31044,0.051836,74.125.24.0-255,2902,224380,44,305702
31045,0.051839,172.31.46.0-255,66,224446,44,305702
31046,0.054398,74.125.24.0-255,5738,230184,44,305702
31047,0.054404,172.31.46.0-255,66,230250,44,305702
31048,0.056976,74.125.24.0-255,5738,235988,44,305702
31049,0.056988,172.31.46.0-255,66,236054,44,305702
31050,0.059578,74.125.24.0-255,5738,241792,44,305702
31051,0.059584,172.31.46.0-255,66,241858,44,305702
31052,0.062155,74.125.24.0-255,5738,247596,44,305702
31053,0.062163,172.31.46.0-255,66,247662,44,305702
31054,0.064752,74.125.24.0-255,5738,253400,44,305702
31055,0.064759,172.31.46.0-255,66,253466,44,305702
31056,0.067352,74.125.24.0-255,5738,259204,44,305702
31057,0.067358,172.31.46.0-255,66,259270,44,305702
31058,0.069941,74.125.24.0-255,5738,265008,44,305702
31059,0.069949,172.31.46.0-255,66,265074,44,305702
31060,0.07255,74.125.24.0-255,5738,270812,44,305702
31061,0.072562,172.31.46.0-255,66,270878,44,305702
31062,0.075139,74.125.24.0-255,5738,276616,44,305702
31063,0.075145,172.31.46.0-255,66,276682,44,305702
31064,0.077711,74.125.24.0-255,5738,282420,44,305702
31065,0.077717,172.31.46.0-255,66,282486,44,305702
31066,0.080326,74.125.24.0-255,5738,288224,44,305702
31067,0.080333,172.31.46.0-255,66,288290,44,305702
31068,0.08292,74.125.24.0-255,5738,294028,44,305702
31069,0.082926,172.31.46.0-255,66,294094,44,305702
31070,0.085558,74.125.24.0-255,5738,299832,44,305702
31071,0.085566,172.31.46.0-255,66,299898,44,305702
31072,0.088141,74.125.24.0-255,5738,305636,44,305702
31073,0.088153,172.31.46.0-255,66,305702,44,305702
31074,0.0,172.217.194.0-255,146,146,44,277994
31075,2.3e-05,172.31.46.0-255,66,212,44,277994
31076,3e-05,172.217.194.0-255,1484,1696,44,277994
31077,3.4e-05,172.31.46.0-255,66,1762,44,277994
31078,3.9e-05,172.217.194.0-255,2902,4664,44,277994
31079,4.3e-05,172.31.46.0-255,66,4730,44,277994
31080,5e-05,172.217.194.0-255,7156,11886,44,277994
31081,5.2e-05,172.31.46.0-255,66,11952,44,277994
31082,5.5e-05,172.217.194.0-255,1484,13436,44,277994
31083,5.6e-05,172.31.46.0-255,66,13502,44,277994
31084,8e-05,172.217.194.0-255,665,14167,44,277994
31085,8.2e-05,172.31.46.0-255,66,14233,44,277994
31086,0.000131,172.217.194.0-255,1484,15717,44,277994
31087,0.000133,172.31.46.0-255,66,15783,44,277994
31088,0.000154,172.217.194.0-255,2902,18685,44,277994
31089,0.000156,172.31.46.0-255,66,18751,44,277994
31090,0.000163,172.217.194.0-255,5738,24489,44,277994
31091,0.000166,172.31.46.0-255,66,24555,44,277994
31092,0.000192,172.217.194.0-255,1484,26039,44,277994
31093,0.000194,172.31.46.0-255,66,26105,44,277994
31094,0.000229,172.31.46.0-255,66,26171,44,277994
31095,0.00024,172.31.46.0-255,66,26237,44,277994
31096,0.000244,172.217.194.0-255,3961,30198,44,277994
31097,0.000246,172.31.46.0-255,66,30264,44,277994
31098,0.000581,172.217.194.0-255,1484,31748,44,277994
31099,0.000586,172.31.46.0-255,66,31814,44,277994
31100,0.00059,172.217.194.0-255,2902,34716,44,277994
31101,0.000593,172.31.46.0-255,66,34782,44,277994
31102,0.000608,172.217.194.0-255,5738,40520,44,277994
31103,0.000611,172.31.46.0-255,66,40586,44,277994
31104,0.000646,172.217.194.0-255,1484,42070,44,277994
31105,0.000671,172.217.194.0-255,5961,48031,44,277994
31106,0.000674,172.31.46.0-255,66,48097,44,277994
31107,0.000838,172.217.194.0-255,1484,49581,44,277994
31108,0.000843,172.217.194.0-255,2902,52483,44,277994
31109,0.000846,172.31.46.0-255,66,52549,44,277994
31110,0.00085,172.217.194.0-255,2902,55451,44,277994
31111,0.000853,172.31.46.0-255,66,55517,44,277994
31112,0.000868,172.217.194.0-255,2902,58419,44,277994
31113,0.000871,172.31.46.0-255,66,58485,44,277994
31114,0.000874,172.217.194.0-255,1484,59969,44,277994
31115,0.000909,172.31.46.0-255,66,60035,44,277994
31116,0.000923,172.31.46.0-255,66,60101,44,277994
31117,0.001207,172.217.194.0-255,1484,61585,44,277994
31118,0.001214,172.217.194.0-255,2902,64487,44,277994
31119,0.001218,172.31.46.0-255,66,64553,44,277994
31120,0.001225,172.217.194.0-255,5738,70291,44,277994
31121,0.001227,172.31.46.0-255,66,70357,44,277994
31122,0.001273,172.31.46.0-255,66,70423,44,277994
31123,0.001339,172.31.46.0-255,66,70489,44,277994
31124,0.00147,172.217.194.0-255,1484,71973,44,277994
31125,0.001486,172.217.194.0-255,2902,74875,44,277994
31126,0.001489,172.31.46.0-255,66,74941,44,277994
31127,0.001495,172.217.194.0-255,2902,77843,44,277994
31128,0.001497,172.31.46.0-255,66,77909,44,277994
31129,0.001512,172.217.194.0-255,2902,80811,44,277994
31130,0.001515,172.31.46.0-255,66,80877,44,277994
31131,0.001517,172.217.194.0-255,1484,82361,44,277994
31132,0.001525,172.217.194.0-255,7156,89517,44,277994
31133,0.001528,172.31.46.0-255,66,89583,44,277994
31134,0.001545,172.217.194.0-255,1484,91067,44,277994
31135,0.001548,172.217.194.0-255,1484,92551,44,277994
31136,0.001551,172.31.46.0-255,66,92617,44,277994
31137,0.001587,172.31.46.0-255,66,92683,44,277994
31138,0.001927,172.217.194.0-255,1484,94167,44,277994
31139,0.001933,172.217.194.0-255,2902,97069,44,277994
31140,0.001936,172.31.46.0-255,66,97135,44,277994
31141,0.001953,172.217.194.0-255,2902,100037,44,277994
31142,0.001956,172.31.46.0-255,66,100103,44,277994
31143,0.001978,172.217.194.0-255,2902,103005,44,277994
31144,0.00198,172.31.46.0-255,66,103071,44,277994
31145,0.001985,172.217.194.0-255,4320,107391,44,277994
31146,0.001987,172.31.46.0-255,66,107457,44,277994
31147,0.001991,172.217.194.0-255,4320,111777,44,277994
31148,0.001994,172.31.46.0-255,66,111843,44,277994
31149,0.002016,172.217.194.0-255,7156,118999,44,277994
31150,0.002018,172.31.46.0-255,66,119065,44,277994
31151,0.002041,172.31.46.0-255,66,119131,44,277994
31152,0.002073,172.217.194.0-255,1484,120615,44,277994
31153,0.002084,172.217.194.0-255,2902,123517,44,277994
31154,0.002088,172.31.46.0-255,66,123583,44,277994
31155,0.002123,172.217.194.0-255,5738,129321,44,277994
31156,0.002126,172.31.46.0-255,66,129387,44,277994
31157,0.002138,172.31.46.0-255,66,129453,44,277994
31158,0.002149,172.31.46.0-255,66,129519,44,277994
31159,0.002172,172.217.194.0-255,766,130285,44,277994
31160,0.002242,172.217.194.0-255,1484,131769,44,277994
31161,0.002245,172.31.46.0-255,66,131835,44,277994
31162,0.002249,172.217.194.0-255,1484,133319,44,277994
31163,0.002266,172.217.194.0-255,1484,134803,44,277994
31164,0.002268,172.31.46.0-255,66,134869,44,277994
31165,0.002275,172.217.194.0-255,5738,140607,44,277994
31166,0.002276,172.31.46.0-255,66,140673,44,277994
31167,0.002279,172.217.194.0-255,1484,142157,44,277994
31168,0.00232,172.31.46.0-255,66,142223,44,277994
31169,0.002338,172.217.194.0-255,2902,145125,44,277994
31170,0.002341,172.31.46.0-255,66,145191,44,277994
31171,0.002367,172.31.46.0-255,66,145257,44,277994
31172,0.002388,172.217.194.0-255,1484,146741,44,277994
31173,0.004721,172.217.194.0-255,4320,151061,44,277994
31174,0.004727,172.31.46.0-255,66,151127,44,277994
31175,0.007077,172.217.194.0-255,1484,152611,44,277994
31176,0.007097,172.217.194.0-255,4320,156931,44,277994
31177,0.0071,172.31.46.0-255,66,156997,44,277994
31178,0.009442,172.217.194.0-255,5738,162735,44,277994
31179,0.009448,172.31.46.0-255,66,162801,44,277994
31180,0.011835,172.217.194.0-255,5738,168539,44,277994
31181,0.011842,172.31.46.0-255,66,168605,44,277994
31182,0.014184,172.217.194.0-255,5738,174343,44,277994
31183,0.014192,172.31.46.0-255,66,174409,44,277994
31184,0.016571,172.217.194.0-255,5738,180147,44,277994
31185,0.016579,172.31.46.0-255,66,180213,44,277994
31186,0.018964,172.217.194.0-255,5738,185951,44,277994
31187,0.018972,172.31.46.0-255,66,186017,44,277994
31188,0.021341,172.217.194.0-255,5738,191755,44,277994
31189,0.021349,172.31.46.0-255,66,191821,44,277994
31190,0.02372,172.217.194.0-255,5738,197559,44,277994
31191,0.023732,172.31.46.0-255,66,197625,44,277994
31192,0.026109,172.217.194.0-255,5738,203363,44,277994
31193,0.026125,172.31.46.0-255,66,203429,44,277994
31194,0.028489,172.217.194.0-255,5738,209167,44,277994
31195,0.028497,172.31.46.0-255,66,209233,44,277994
31196,0.030873,172.217.194.0-255,5738,214971,44,277994
31197,0.030881,172.31.46.0-255,66,215037,44,277994
31198,0.03327,172.217.194.0-255,5738,220775,44,277994
31199,0.033277,172.31.46.0-255,66,220841,44,277994
31200,0.035614,172.217.194.0-255,5738,226579,44,277994
31201,0.035621,172.31.46.0-255,66,226645,44,277994
31202,0.037996,172.217.194.0-255,5738,232383,44,277994
31203,0.038012,172.31.46.0-255,66,232449,44,277994
31204,0.040368,172.217.194.0-255,5738,238187,44,277994
31205,0.040378,172.31.46.0-255,66,238253,44,277994
31206,0.04272,172.217.194.0-255,5738,243991,44,277994
31207,0.042728,172.31.46.0-255,66,244057,44,277994
31208,0.045096,172.217.194.0-255,5738,249795,44,277994
31209,0.045121,172.31.46.0-255,66,249861,44,277994
31210,0.045669,172.31.46.0-255,172,250033,44,277994
31211,0.045702,172.31.46.0-255,1114,251147,44,277994
31212,0.045766,172.31.46.0-255,1514,252661,44,277994
31213,0.045767,172.31.46.0-255,1514,254175,44,277994
31214,0.045773,172.31.46.0-255,1514,255689,44,277994
31215,0.045774,172.31.46.0-255,1514,257203,44,277994
31216,0.045795,172.31.46.0-255,1514,258717,44,277994
31217,0.045796,172.31.46.0-255,73,258790,44,277994
31218,0.047211,104.244.42.0-255,66,258856,44,277994
31219,0.047235,104.244.42.0-255,66,258922,44,277994
31220,0.047307,104.244.42.0-255,66,258988,44,277994
31221,0.047331,104.244.42.0-255,66,259054,44,277994
31222,0.047478,172.217.194.0-255,5738,264792,44,277994
31223,0.047483,172.31.46.0-255,66,264858,44,277994
31224,0.047974,104.244.42.0-255,108,264966,44,277994
31225,0.047981,172.31.46.0-255,66,265032,44,277994
31226,0.049832,172.217.194.0-255,5738,270770,44,277994
31227,0.049839,172.31.46.0-255,66,270836,44,277994
31228,0.052183,172.217.194.0-255,5738,276574,44,277994
31229,0.052189,172.31.46.0-255,66,276640,44,277994
31230,0.05455,172.217.194.0-255,1117,277757,44,277994
31231,0.054709,172.31.46.0-255,66,277823,44,277994
31232,0.054746,172.31.46.0-255,105,277928,44,277994
31233,0.057082,172.217.194.0-255,66,277994,44,277994
31234,0.0,172.217.194.0-255,150,150,44,328452
31235,3.3e-05,172.31.46.0-255,66,216,44,328452
31236,3.9e-05,172.217.194.0-255,1484,1700,44,328452
31237,4.2e-05,172.31.46.0-255,66,1766,44,328452
31238,4.7e-05,172.217.194.0-255,2902,4668,44,328452
31239,5e-05,172.31.46.0-255,66,4734,44,328452
31240,6.3e-05,172.217.194.0-255,7156,11890,44,328452
31241,6.6e-05,172.31.46.0-255,66,11956,44,328452
31242,7e-05,172.217.194.0-255,3394,15350,44,328452
31243,7.3e-05,172.31.46.0-255,66,15416,44,328452
31244,8.6e-05,172.31.46.0-255,66,15482,44,328452
31245,0.000109,172.217.194.0-255,2543,18025,44,328452
31246,0.000116,172.31.46.0-255,66,18091,44,328452
31247,0.000235,172.217.194.0-255,1484,19575,44,328452
31248,0.000239,172.31.46.0-255,66,19641,44,328452
31249,0.000256,172.217.194.0-255,2902,22543,44,328452
31250,0.000259,172.31.46.0-255,66,22609,44,328452
31251,0.000263,172.217.194.0-255,2902,25511,44,328452
31252,0.000265,172.31.46.0-255,66,25577,44,328452
31253,0.000284,172.217.194.0-255,2902,28479,44,328452
31254,0.000286,172.31.46.0-255,66,28545,44,328452
31255,0.000313,172.217.194.0-255,7156,35701,44,328452
31256,0.000315,172.31.46.0-255,66,35767,44,328452
31257,0.000333,172.217.194.0-255,6797,42564,44,328452
31258,0.000336,172.31.46.0-255,66,42630,44,328452
31259,0.00037,172.31.46.0-255,66,42696,44,328452
31260,0.000396,172.217.194.0-255,118,42814,44,328452
31261,0.000398,172.31.46.0-255,66,42880,44,328452
31262,0.000421,172.217.194.0-255,381,43261,44,328452
31263,0.000423,172.31.46.0-255,66,43327,44,328452
31264,0.000823,172.217.194.0-255,1484,44811,44,328452
31265,0.000828,172.217.194.0-255,2902,47713,44,328452
31266,0.000831,172.217.194.0-255,1484,49197,44,328452
31267,0.000843,172.31.46.0-255,66,49263,44,328452
31268,0.00085,172.217.194.0-255,4320,53583,44,328452
31269,0.000852,172.31.46.0-255,66,53649,44,328452
31270,0.000855,172.217.194.0-255,1484,55133,44,328452
31271,0.000882,172.217.194.0-255,4320,59453,44,328452
31272,0.000884,172.31.46.0-255,66,59519,44,328452
31273,0.000888,172.217.194.0-255,2902,62421,44,328452
31274,0.00089,172.31.46.0-255,66,62487,44,328452
31275,0.000923,172.31.46.0-255,66,62553,44,328452
31276,0.000929,172.217.194.0-255,5020,67573,44,328452
31277,0.000931,172.31.46.0-255,66,67639,44,328452
31278,0.001391,172.217.194.0-255,1484,69123,44,328452
31279,0.001396,172.217.194.0-255,1484,70607,44,328452
31280,0.001399,172.31.46.0-255,66,70673,44,328452
31281,0.001427,172.217.194.0-255,1484,72157,44,328452
31282,0.001434,172.217.194.0-255,5738,77895,44,328452
31283,0.001436,172.31.46.0-255,66,77961,44,328452
31284,0.001443,172.217.194.0-255,7156,85117,44,328452
31285,0.001445,172.31.46.0-255,66,85183,44,328452
31286,0.001465,172.217.194.0-255,5738,90921,44,328452
31287,0.001467,172.31.46.0-255,66,90987,44,328452
31288,0.001481,172.31.46.0-255,66,91053,44,328452
31289,0.001727,172.217.194.0-255,1484,92537,44,328452
31290,0.001732,172.217.194.0-255,2902,95439,44,328452
31291,0.001735,172.31.46.0-255,66,95505,44,328452
31292,0.00176,172.217.194.0-255,5738,101243,44,328452
31293,0.001763,172.31.46.0-255,66,101309,44,328452
31294,0.001767,172.217.194.0-255,2902,104211,44,328452
31295,0.001769,172.31.46.0-255,66,104277,44,328452
31296,0.00179,172.217.194.0-255,2902,107179,44,328452
31297,0.001792,172.31.46.0-255,66,107245,44,328452
31298,0.001798,172.217.194.0-255,5738,112983,44,328452
31299,0.001799,172.31.46.0-255,66,113049,44,328452
31300,0.001842,172.217.194.0-255,7156,120205,44,328452
31301,0.001845,172.31.46.0-255,66,120271,44,328452
31302,0.001851,172.217.194.0-255,5020,125291,44,328452
31303,0.001853,172.31.46.0-255,66,125357,44,328452
31304,0.00241,172.217.194.0-255,1484,126841,44,328452
31305,0.002419,172.217.194.0-255,2902,129743,44,328452
31306,0.002422,172.31.46.0-255,66,129809,44,328452
31307,0.002457,172.217.194.0-255,4320,134129,44,328452
31308,0.002459,172.31.46.0-255,66,134195,44,328452
31309,0.002483,172.217.194.0-255,1484,135679,44,328452
31310,0.002495,172.31.46.0-255,66,135745,44,328452
31311,0.002506,172.31.46.0-255,66,135811,44,328452
31312,0.005153,172.217.194.0-255,5738,141549,44,328452
31313,0.005166,172.31.46.0-255,66,141615,44,328452
31314,0.007824,172.217.194.0-255,5738,147353,44,328452
31315,0.007831,172.31.46.0-255,66,147419,44,328452
31316,0.010498,172.217.194.0-255,5738,153157,44,328452
31317,0.010513,172.31.46.0-255,66,153223,44,328452
31318,0.013158,172.217.194.0-255,5738,158961,44,328452
31319,0.013174,172.31.46.0-255,66,159027,44,328452
31320,0.015806,172.217.194.0-255,5738,164765,44,328452
31321,0.01582,172.31.46.0-255,66,164831,44,328452
31322,0.018485,172.217.194.0-255,5738,170569,44,328452
31323,0.018499,172.31.46.0-255,66,170635,44,328452
31324,0.021122,172.217.194.0-255,5738,176373,44,328452
31325,0.021132,172.31.46.0-255,66,176439,44,328452
31326,0.023784,172.217.194.0-255,5738,182177,44,328452
31327,0.0238,172.31.46.0-255,66,182243,44,328452
31328,0.026444,172.217.194.0-255,4320,186563,44,328452
31329,0.026454,172.31.46.0-255,66,186629,44,328452
31330,0.026484,172.217.194.0-255,1484,188113,44,328452
31331,0.027926,172.31.46.0-255,167,188280,44,328452
31332,0.027955,172.31.46.0-255,1113,189393,44,328452
31333,0.028015,172.31.46.0-255,1514,190907,44,328452
31334,0.028017,172.31.46.0-255,1514,192421,44,328452
31335,0.028018,172.31.46.0-255,1514,193935,44,328452
31336,0.028019,172.31.46.0-255,1514,195449,44,328452
31337,0.02802,172.31.46.0-255,557,196006,44,328452
31338,0.029104,172.217.194.0-255,4320,200326,44,328452
31339,0.029112,172.31.46.0-255,66,200392,44,328452
31340,0.029447,104.244.42.0-255,66,200458,44,328452
31341,0.029494,104.244.42.0-255,66,200524,44,328452
31342,0.029588,104.244.42.0-255,66,200590,44,328452
31343,0.031319,104.244.42.0-255,108,200698,44,328452
31344,0.031327,172.31.46.0-255,66,200764,44,328452
31345,0.03177,172.217.194.0-255,5738,206502,44,328452
31346,0.031774,172.31.46.0-255,66,206568,44,328452
31347,0.034401,172.217.194.0-255,5738,212306,44,328452
31348,0.034407,172.31.46.0-255,66,212372,44,328452
31349,0.037046,172.217.194.0-255,5738,218110,44,328452
31350,0.037051,172.31.46.0-255,66,218176,44,328452
31351,0.039701,172.217.194.0-255,5738,223914,44,328452
31352,0.039709,172.31.46.0-255,66,223980,44,328452
31353,0.042395,172.217.194.0-255,5738,229718,44,328452
31354,0.042403,172.31.46.0-255,66,229784,44,328452
31355,0.045034,172.217.194.0-255,5738,235522,44,328452
31356,0.045042,172.31.46.0-255,66,235588,44,328452
31357,0.047667,172.217.194.0-255,5738,241326,44,328452
31358,0.047673,172.31.46.0-255,66,241392,44,328452
31359,0.050362,172.217.194.0-255,5738,247130,44,328452
31360,0.050377,172.31.46.0-255,66,247196,44,328452
31361,0.053008,172.217.194.0-255,5738,252934,44,328452
31362,0.053021,172.31.46.0-255,66,253000,44,328452
31363,0.055665,172.217.194.0-255,5738,258738,44,328452
31364,0.055676,172.31.46.0-255,66,258804,44,328452
31365,0.058343,172.217.194.0-255,5738,264542,44,328452
31366,0.058352,172.31.46.0-255,66,264608,44,328452
31367,0.060975,172.217.194.0-255,5738,270346,44,328452
31368,0.060983,172.31.46.0-255,66,270412,44,328452
31369,0.063607,172.217.194.0-255,5738,276150,44,328452
31370,0.063623,172.31.46.0-255,66,276216,44,328452
31371,0.066267,172.217.194.0-255,5738,281954,44,328452
31372,0.06628,172.31.46.0-255,66,282020,44,328452
31373,0.068923,172.217.194.0-255,5738,287758,44,328452
31374,0.068932,172.31.46.0-255,66,287824,44,328452
31375,0.071573,172.217.194.0-255,5738,293562,44,328452
31376,0.071581,172.31.46.0-255,66,293628,44,328452
31377,0.074275,172.217.194.0-255,5738,299366,44,328452
31378,0.074293,172.31.46.0-255,66,299432,44,328452
31379,0.076922,172.217.194.0-255,5738,305170,44,328452
31380,0.07694,172.31.46.0-255,66,305236,44,328452
31381,0.079593,172.217.194.0-255,5738,310974,44,328452
31382,0.079605,172.31.46.0-255,66,311040,44,328452
31383,0.08227,172.217.194.0-255,5738,316778,44,328452
31384,0.08228,172.31.46.0-255,66,316844,44,328452
31385,0.084951,172.217.194.0-255,5738,322582,44,328452
31386,0.084966,172.31.46.0-255,66,322648,44,328452
31387,0.087618,172.217.194.0-255,5738,328386,44,328452
31388,0.087631,172.31.46.0-255,66,328452,44,328452
31389,0.0,74.125.24.0-255,147,147,44,198999
31390,2.2e-05,172.31.46.0-255,66,213,44,198999
31391,2.9e-05,74.125.24.0-255,1484,1697,44,198999
31392,3.3e-05,172.31.46.0-255,66,1763,44,198999
31393,3.9e-05,74.125.24.0-255,2902,4665,44,198999
31394,4.2e-05,172.31.46.0-255,66,4731,44,198999
31395,5e-05,74.125.24.0-255,7156,11887,44,198999
31396,5.2e-05,172.31.46.0-255,66,11953,44,198999
31397,8e-05,74.125.24.0-255,2112,14065,44,198999
31398,8.3e-05,172.31.46.0-255,66,14131,44,198999
31399,0.000156,74.125.24.0-255,1484,15615,44,198999
31400,0.000158,172.31.46.0-255,66,15681,44,198999
31401,0.000163,74.125.24.0-255,2902,18583,44,198999
31402,0.000166,172.31.46.0-255,66,18649,44,198999
31403,0.000184,74.125.24.0-255,1484,20133,44,198999
31404,0.000186,172.31.46.0-255,66,20199,44,198999
31405,0.000203,74.125.24.0-255,4320,24519,44,198999
31406,0.000205,172.31.46.0-255,66,24585,44,198999
31407,0.000212,74.125.24.0-255,6797,31382,44,198999
31408,0.000215,172.31.46.0-255,66,31448,44,198999
31409,0.000259,172.31.46.0-255,66,31514,44,198999
31410,0.000262,74.125.24.0-255,1484,32998,44,198999
31411,0.000264,172.31.46.0-255,66,33064,44,198999
31412,0.000279,172.31.46.0-255,66,33130,44,198999
31413,0.000303,74.125.24.0-255,5738,38868,44,198999
31414,0.000306,172.31.46.0-255,66,38934,44,198999
31415,0.000308,74.125.24.0-255,1058,39992,44,198999
31416,0.00031,172.31.46.0-255,66,40058,44,198999
31417,0.000313,74.125.24.0-255,134,40192,44,198999
31418,0.000315,172.31.46.0-255,66,40258,44,198999
31419,0.000468,74.125.24.0-255,1484,41742,44,198999
31420,0.000488,74.125.24.0-255,2902,44644,44,198999
31421,0.000493,172.31.46.0-255,66,44710,44,198999
31422,0.000499,74.125.24.0-255,5738,50448,44,198999
31423,0.000502,172.31.46.0-255,66,50514,44,198999
31424,0.000505,74.125.24.0-255,1484,51998,44,198999
31425,0.000544,172.31.46.0-255,66,52064,44,198999
31426,0.000555,172.31.46.0-255,66,52130,44,198999
31427,0.000594,74.125.24.0-255,2466,54596,44,198999
31428,0.000597,172.31.46.0-255,66,54662,44,198999
31429,0.000727,74.125.24.0-255,1484,56146,44,198999
31430,0.000733,74.125.24.0-255,2902,59048,44,198999
31431,0.000737,172.31.46.0-255,66,59114,44,198999
31432,0.000743,74.125.24.0-255,5738,64852,44,198999
31433,0.000746,172.31.46.0-255,66,64918,44,198999
31434,0.000763,74.125.24.0-255,1484,66402,44,198999
31435,0.000785,172.31.46.0-255,66,66468,44,198999
31436,0.0008,74.125.24.0-255,2902,69370,44,198999
31437,0.000803,172.31.46.0-255,66,69436,44,198999
31438,0.000838,74.125.24.0-255,1484,70920,44,198999
31439,0.000867,172.31.46.0-255,66,70986,44,198999
31440,0.000873,74.125.24.0-255,4320,75306,44,198999
31441,0.000875,172.31.46.0-255,66,75372,44,198999
31442,0.000893,74.125.24.0-255,7156,82528,44,198999
31443,0.000896,172.31.46.0-255,66,82594,44,198999
31444,0.000903,74.125.24.0-255,5738,88332,44,198999
31445,0.000905,172.31.46.0-255,66,88398,44,198999
31446,0.000911,74.125.24.0-255,5738,94136,44,198999
31447,0.000914,172.31.46.0-255,66,94202,44,198999
31448,0.000936,74.125.24.0-255,1484,95686,44,198999
31449,0.000949,172.31.46.0-255,66,95752,44,198999
31450,0.000988,74.125.24.0-255,1484,97236,44,198999
31451,0.001004,74.125.24.0-255,2902,100138,44,198999
31452,0.001006,172.31.46.0-255,66,100204,44,198999
31453,0.00101,74.125.24.0-255,1484,101688,44,198999
31454,0.001029,74.125.24.0-255,4320,106008,44,198999
31455,0.001032,172.31.46.0-255,66,106074,44,198999
31456,0.001039,74.125.24.0-255,5738,111812,44,198999
31457,0.001041,172.31.46.0-255,66,111878,44,198999
31458,0.001062,74.125.24.0-255,1484,113362,44,198999
31459,0.001094,172.31.46.0-255,66,113428,44,198999
31460,0.001101,74.125.24.0-255,5020,118448,44,198999
31461,0.001103,172.31.46.0-255,66,118514,44,198999
31462,0.001143,74.125.24.0-255,1484,119998,44,198999
31463,0.001158,74.125.24.0-255,2902,122900,44,198999
31464,0.001161,172.31.46.0-255,66,122966,44,198999
31465,0.001167,74.125.24.0-255,4320,127286,44,198999
31466,0.001169,172.31.46.0-255,66,127352,44,198999
31467,0.001182,74.125.24.0-255,1484,128836,44,198999
31468,0.001189,74.125.24.0-255,5738,134574,44,198999
31469,0.001192,172.31.46.0-255,66,134640,44,198999
31470,0.001255,172.31.46.0-255,66,134706,44,198999
31471,0.001262,74.125.24.0-255,5020,139726,44,198999
31472,0.001265,172.31.46.0-255,66,139792,44,198999
31473,0.001395,74.125.24.0-255,1484,141276,44,198999
31474,0.001401,74.125.24.0-255,2902,144178,44,198999
31475,0.001404,172.31.46.0-255,66,144244,44,198999
31476,0.001409,74.125.24.0-255,2902,147146,44,198999
31477,0.001412,172.31.46.0-255,66,147212,44,198999
31478,0.001427,74.125.24.0-255,2902,150114,44,198999
31479,0.00143,172.31.46.0-255,66,150180,44,198999
31480,0.001435,74.125.24.0-255,4320,154500,44,198999
31481,0.001438,172.31.46.0-255,66,154566,44,198999
31482,0.001469,172.31.46.0-255,66,154632,44,198999
31483,0.001491,74.125.24.0-255,2902,157534,44,198999
31484,0.001493,172.31.46.0-255,66,157600,44,198999
31485,0.001523,172.31.46.0-255,66,157666,44,198999
31486,0.001544,74.125.24.0-255,1484,159150,44,198999
31487,0.001549,74.125.24.0-255,2902,162052,44,198999
31488,0.001551,172.31.46.0-255,66,162118,44,198999
31489,0.001558,74.125.24.0-255,5738,167856,44,198999
31490,0.001561,172.31.46.0-255,66,167922,44,198999
31491,0.001627,172.31.46.0-255,66,167988,44,198999
31492,0.001654,74.125.24.0-255,2902,170890,44,198999
31493,0.001656,172.31.46.0-255,66,170956,44,198999
31494,0.001668,172.31.46.0-255,66,171022,44,198999
31495,0.001691,172.31.46.0-255,66,171088,44,198999
31496,0.001705,172.31.46.0-255,66,171154,44,198999
31497,0.001736,172.31.46.0-255,66,171220,44,198999
31498,0.001748,172.31.46.0-255,66,171286,44,198999
31499,0.001769,74.125.24.0-255,7156,178442,44,198999
31500,0.001771,172.31.46.0-255,66,178508,44,198999
31501,0.001776,74.125.24.0-255,3602,182110,44,198999
31502,0.001779,172.31.46.0-255,66,182176,44,198999
31503,0.001819,74.125.24.0-255,7156,189332,44,198999
31504,0.001821,172.31.46.0-255,66,189398,44,198999
31505,0.00185,172.31.46.0-255,66,189464,44,198999
31506,0.001853,74.125.24.0-255,105,189569,44,198999
31507,0.014929,172.31.46.0-255,66,189635,44,198999
31508,0.014975,172.31.46.0-255,105,189740,44,198999
31509,0.01728,74.125.24.0-255,66,189806,44,198999
31510,0.04951,172.31.46.0-255,172,189978,44,198999
31511,0.049545,172.31.46.0-255,1114,191092,44,198999
31512,0.049647,172.31.46.0-255,1514,192606,44,198999
31513,0.049649,172.31.46.0-255,1514,194120,44,198999
31514,0.049655,172.31.46.0-255,1514,195634,44,198999
31515,0.049656,172.31.46.0-255,1514,197148,44,198999
31516,0.049677,172.31.46.0-255,1514,198662,44,198999
31517,0.049678,172.31.46.0-255,73,198735,44,198999
31518,0.050988,104.244.42.0-255,66,198801,44,198999
31519,0.051024,104.244.42.0-255,66,198867,44,198999
31520,0.051158,104.244.42.0-255,66,198933,44,198999
31521,0.051165,104.244.42.0-255,66,198999,44,198999
31522,0.0,74.125.24.0-255,295,295,44,320743
31523,2.3e-05,172.31.46.0-255,66,361,44,320743
31524,3e-05,74.125.24.0-255,1484,1845,44,320743
31525,3.4e-05,172.31.46.0-255,66,1911,44,320743
31526,4.1e-05,74.125.24.0-255,4320,6231,44,320743
31527,5.5e-05,172.31.46.0-255,66,6297,44,320743
31528,6.8e-05,172.31.46.0-255,66,6363,44,320743
31529,7.1e-05,74.125.24.0-255,1484,7847,44,320743
31530,7.4e-05,172.31.46.0-255,66,7913,44,320743
31531,8.2e-05,74.125.24.0-255,7156,15069,44,320743
31532,8.5e-05,172.31.46.0-255,66,15135,44,320743
31533,0.000119,74.125.24.0-255,5738,20873,44,320743
31534,0.000123,172.31.46.0-255,66,20939,44,320743
31535,0.000125,74.125.24.0-255,1125,22064,44,320743
31536,0.000127,172.31.46.0-255,66,22130,44,320743
31537,0.000357,74.125.24.0-255,1484,23614,44,320743
31538,0.000362,172.31.46.0-255,66,23680,44,320743
31539,0.000368,74.125.24.0-255,2902,26582,44,320743
31540,0.00037,172.31.46.0-255,66,26648,44,320743
31541,0.000391,74.125.24.0-255,4320,30968,44,320743
31542,0.000394,172.31.46.0-255,66,31034,44,320743
31543,0.000419,74.125.24.0-255,1484,32518,44,320743
31544,0.000422,172.31.46.0-255,66,32584,44,320743
31545,0.000435,172.31.46.0-255,66,32650,44,320743
31546,0.000452,172.31.46.0-255,66,32716,44,320743
31547,0.000483,74.125.24.0-255,2184,34900,44,320743
31548,0.000486,172.31.46.0-255,66,34966,44,320743
31549,0.000567,74.125.24.0-255,398,35364,44,320743
31550,0.000572,172.31.46.0-255,66,35430,44,320743
31551,0.000611,74.125.24.0-255,114,35544,44,320743
31552,0.000661,74.125.24.0-255,1484,37028,44,320743
31553,0.000665,172.31.46.0-255,66,37094,44,320743
31554,0.00067,74.125.24.0-255,2902,39996,44,320743
31555,0.000672,172.31.46.0-255,66,40062,44,320743
31556,0.000709,74.125.24.0-255,7156,47218,44,320743
31557,0.000713,172.31.46.0-255,66,47284,44,320743
31558,0.000716,74.125.24.0-255,1484,48768,44,320743
31559,0.000721,74.125.24.0-255,2902,51670,44,320743
31560,0.000722,172.31.46.0-255,66,51736,44,320743
31561,0.000763,172.31.46.0-255,66,51802,44,320743
31562,0.000768,74.125.24.0-255,3602,55404,44,320743
31563,0.00077,172.31.46.0-255,66,55470,44,320743
31564,0.000773,74.125.24.0-255,328,55798,44,320743
31565,0.001138,74.125.24.0-255,1484,57282,44,320743
31566,0.001143,172.31.46.0-255,66,57348,44,320743
31567,0.001149,74.125.24.0-255,2902,60250,44,320743
31568,0.001151,172.31.46.0-255,66,60316,44,320743
31569,0.001164,74.125.24.0-255,5738,66054,44,320743
31570,0.001166,172.31.46.0-255,66,66120,44,320743
31571,0.001209,172.31.46.0-255,66,66186,44,320743
31572,0.001238,74.125.24.0-255,2902,69088,44,320743
31573,0.00124,172.31.46.0-255,66,69154,44,320743
31574,0.001273,172.31.46.0-255,66,69220,44,320743
31575,0.001639,74.125.24.0-255,1484,70704,44,320743
31576,0.001645,74.125.24.0-255,2902,73606,44,320743
31577,0.001648,172.31.46.0-255,66,73672,44,320743
31578,0.001667,74.125.24.0-255,5738,79410,44,320743
31579,0.001669,172.31.46.0-255,66,79476,44,320743
31580,0.001672,74.125.24.0-255,1484,80960,44,320743
31581,0.001708,172.31.46.0-255,66,81026,44,320743
31582,0.00172,172.31.46.0-255,66,81092,44,320743
31583,0.001723,74.125.24.0-255,766,81858,44,320743
31584,0.002116,74.125.24.0-255,1484,83342,44,320743
31585,0.00212,172.31.46.0-255,66,83408,44,320743
31586,0.002127,74.125.24.0-255,2902,86310,44,320743
31587,0.002129,172.31.46.0-255,66,86376,44,320743
31588,0.002165,74.125.24.0-255,5738,92114,44,320743
31589,0.002168,172.31.46.0-255,66,92180,44,320743
31590,0.002173,74.125.24.0-255,4320,96500,44,320743
31591,0.002176,172.31.46.0-255,66,96566,44,320743
31592,0.002181,74.125.24.0-255,4320,100886,44,320743
31593,0.002183,172.31.46.0-255,66,100952,44,320743
31594,0.002218,74.125.24.0-255,7156,108108,44,320743
31595,0.00222,172.31.46.0-255,66,108174,44,320743
31596,0.002347,172.31.46.0-255,101,108275,44,320743
31597,0.004309,74.125.24.0-255,5738,114013,44,320743
31598,0.004319,172.31.46.0-255,66,114079,44,320743
31599,0.004385,74.125.24.0-255,66,114145,44,320743
31600,0.006405,74.125.24.0-255,5738,119883,44,320743
31601,0.00641,172.31.46.0-255,66,119949,44,320743
31602,0.00848,74.125.24.0-255,5738,125687,44,320743
31603,0.008489,172.31.46.0-255,66,125753,44,320743
31604,0.010577,74.125.24.0-255,5738,131491,44,320743
31605,0.010587,172.31.46.0-255,66,131557,44,320743
31606,0.012672,74.125.24.0-255,5738,137295,44,320743
31607,0.012689,172.31.46.0-255,66,137361,44,320743
31608,0.014783,74.125.24.0-255,5738,143099,44,320743
31609,0.014804,172.31.46.0-255,66,143165,44,320743
31610,0.016884,74.125.24.0-255,5738,148903,44,320743
31611,0.0169,172.31.46.0-255,66,148969,44,320743
31612,0.018966,74.125.24.0-255,5738,154707,44,320743
31613,0.018975,172.31.46.0-255,66,154773,44,320743
31614,0.021019,74.125.24.0-255,5738,160511,44,320743
31615,0.021026,172.31.46.0-255,66,160577,44,320743
31616,0.023083,74.125.24.0-255,5738,166315,44,320743
31617,0.023098,172.31.46.0-255,66,166381,44,320743
31618,0.025174,74.125.24.0-255,5738,172119,44,320743
31619,0.025182,172.31.46.0-255,66,172185,44,320743
31620,0.027262,74.125.24.0-255,4320,176505,44,320743
31621,0.027269,172.31.46.0-255,66,176571,44,320743
31622,0.027294,74.125.24.0-255,1484,178055,44,320743
31623,0.029325,74.125.24.0-255,4320,182375,44,320743
31624,0.029332,172.31.46.0-255,66,182441,44,320743
31625,0.031402,74.125.24.0-255,5738,188179,44,320743
31626,0.03141,172.31.46.0-255,66,188245,44,320743
31627,0.033491,74.125.24.0-255,5738,193983,44,320743
31628,0.033499,172.31.46.0-255,66,194049,44,320743
31629,0.035645,74.125.24.0-255,5738,199787,44,320743
31630,0.035657,172.31.46.0-255,66,199853,44,320743
31631,0.037737,74.125.24.0-255,5738,205591,44,320743
31632,0.037753,172.31.46.0-255,66,205657,44,320743
31633,0.039805,74.125.24.0-255,5738,211395,44,320743
31634,0.039815,172.31.46.0-255,66,211461,44,320743
31635,0.040307,172.31.46.0-255,172,211633,44,320743
31636,0.040337,172.31.46.0-255,1114,212747,44,320743
31637,0.040401,172.31.46.0-255,1514,214261,44,320743
31638,0.040403,172.31.46.0-255,1514,215775,44,320743
31639,0.040408,172.31.46.0-255,1514,217289,44,320743
31640,0.040409,172.31.46.0-255,1514,218803,44,320743
31641,0.040427,172.31.46.0-255,1514,220317,44,320743
31642,0.040429,172.31.46.0-255,71,220388,44,320743
31643,0.041853,104.244.42.0-255,66,220454,44,320743
31644,0.041881,74.125.24.0-255,5738,226192,44,320743
31645,0.041888,172.31.46.0-255,66,226258,44,320743
31646,0.041894,104.244.42.0-255,66,226324,44,320743
31647,0.041985,104.244.42.0-255,66,226390,44,320743
31648,0.041992,104.244.42.0-255,66,226456,44,320743
31649,0.042717,104.244.42.0-255,108,226564,44,320743
31650,0.042729,172.31.46.0-255,66,226630,44,320743
31651,0.043964,74.125.24.0-255,5738,232368,44,320743
31652,0.043971,172.31.46.0-255,66,232434,44,320743
31653,0.046079,74.125.24.0-255,5738,238172,44,320743
31654,0.046087,172.31.46.0-255,66,238238,44,320743
31655,0.048149,74.125.24.0-255,5738,243976,44,320743
31656,0.048157,172.31.46.0-255,66,244042,44,320743
31657,0.050238,74.125.24.0-255,5738,249780,44,320743
31658,0.050249,172.31.46.0-255,66,249846,44,320743
31659,0.052315,74.125.24.0-255,5738,255584,44,320743
31660,0.052324,172.31.46.0-255,66,255650,44,320743
31661,0.054399,74.125.24.0-255,5738,261388,44,320743
31662,0.054409,172.31.46.0-255,66,261454,44,320743
31663,0.056483,74.125.24.0-255,5738,267192,44,320743
31664,0.05649,172.31.46.0-255,66,267258,44,320743
31665,0.058559,74.125.24.0-255,5738,272996,44,320743
31666,0.058566,172.31.46.0-255,66,273062,44,320743
31667,0.060631,74.125.24.0-255,5738,278800,44,320743
31668,0.060638,172.31.46.0-255,66,278866,44,320743
31669,0.062707,74.125.24.0-255,5738,284604,44,320743
31670,0.062713,172.31.46.0-255,66,284670,44,320743
31671,0.064787,74.125.24.0-255,5738,290408,44,320743
31672,0.064797,172.31.46.0-255,66,290474,44,320743
31673,0.066869,74.125.24.0-255,5738,296212,44,320743
31674,0.06688,172.31.46.0-255,66,296278,44,320743
31675,0.068953,74.125.24.0-255,5738,302016,44,320743
31676,0.06896,172.31.46.0-255,66,302082,44,320743
31677,0.071036,74.125.24.0-255,5738,307820,44,320743
31678,0.071043,172.31.46.0-255,66,307886,44,320743
31679,0.073133,74.125.24.0-255,5738,313624,44,320743
31680,0.073141,172.31.46.0-255,66,313690,44,320743
31681,0.075236,74.125.24.0-255,5738,319428,44,320743
31682,0.075246,172.31.46.0-255,66,319494,44,320743
31683,0.077303,74.125.24.0-255,1078,320572,44,320743
31684,0.077562,172.31.46.0-255,105,320677,44,320743
31685,0.085452,74.125.24.0-255,66,320743,44,320743
31686,0.0,74.125.24.0-255,150,150,44,320217
31687,2.5e-05,172.31.46.0-255,66,216,44,320217
31688,3.2e-05,74.125.24.0-255,1484,1700,44,320217
31689,3.6e-05,172.31.46.0-255,66,1766,44,320217
31690,4.8e-05,74.125.24.0-255,2902,4668,44,320217
31691,5.1e-05,172.31.46.0-255,66,4734,44,320217
31692,5.9e-05,74.125.24.0-255,7156,11890,44,320217
31693,6.2e-05,172.31.46.0-255,66,11956,44,320217
31694,6.6e-05,74.125.24.0-255,2040,13996,44,320217
31695,7e-05,172.31.46.0-255,66,14062,44,320217
31696,0.000128,74.125.24.0-255,1484,15546,44,320217
31697,0.000131,172.31.46.0-255,66,15612,44,320217
31698,0.00016,74.125.24.0-255,2902,18514,44,320217
31699,0.000162,172.31.46.0-255,66,18580,44,320217
31700,0.00017,74.125.24.0-255,5738,24318,44,320217
31701,0.000172,172.31.46.0-255,66,24384,44,320217
31702,0.000254,74.125.24.0-255,2902,27286,44,320217
31703,0.000256,172.31.46.0-255,66,27352,44,320217
31704,0.000277,74.125.24.0-255,3961,31313,44,320217
31705,0.00028,172.31.46.0-255,66,31379,44,320217
31706,0.000721,74.125.24.0-255,1484,32863,44,320217
31707,0.000728,172.31.46.0-255,66,32929,44,320217
31708,0.000734,74.125.24.0-255,2902,35831,44,320217
31709,0.000736,172.31.46.0-255,66,35897,44,320217
31710,0.000765,74.125.24.0-255,5738,41635,44,320217
31711,0.000768,172.31.46.0-255,66,41701,44,320217
31712,0.000778,172.31.46.0-255,66,41767,44,320217
31713,0.000805,74.125.24.0-255,4320,46087,44,320217
31714,0.000808,172.31.46.0-255,66,46153,44,320217
31715,0.000837,74.125.24.0-255,4320,50473,44,320217
31716,0.000841,172.31.46.0-255,66,50539,44,320217
31717,0.000847,74.125.24.0-255,5738,56277,44,320217
31718,0.000896,74.125.24.0-255,1125,57402,44,320217
31719,0.000908,172.31.46.0-255,66,57468,44,320217
31720,0.001589,74.125.24.0-255,646,58114,44,320217
31721,0.001782,74.125.24.0-255,1484,59598,44,320217
31722,0.001789,172.31.46.0-255,66,59664,44,320217
31723,0.001798,74.125.24.0-255,2902,62566,44,320217
31724,0.001804,74.125.24.0-255,4320,66886,44,320217
31725,0.001822,74.125.24.0-255,1484,68370,44,320217
31726,0.001872,74.125.24.0-255,2902,71272,44,320217
31727,0.001885,74.125.24.0-255,766,72038,44,320217
31728,0.00201,74.125.24.0-255,1484,73522,44,320217
31729,0.002024,74.125.24.0-255,2902,76424,44,320217
31730,0.002049,74.125.24.0-255,5738,82162,44,320217
31731,0.002056,74.125.24.0-255,5738,87900,44,320217
31732,0.0021,74.125.24.0-255,5020,92920,44,320217
31733,0.007816,172.31.46.0-255,66,92986,44,320217
31734,0.00993,74.125.24.0-255,5738,98724,44,320217
31735,0.009937,172.31.46.0-255,66,98790,44,320217
31736,0.012024,74.125.24.0-255,5738,104528,44,320217
31737,0.01203,172.31.46.0-255,66,104594,44,320217
31738,0.014132,74.125.24.0-255,5738,110332,44,320217
31739,0.014139,172.31.46.0-255,66,110398,44,320217
31740,0.016221,74.125.24.0-255,5738,116136,44,320217
31741,0.016229,172.31.46.0-255,66,116202,44,320217
31742,0.01833,74.125.24.0-255,5738,121940,44,320217
31743,0.018338,172.31.46.0-255,66,122006,44,320217
31744,0.020452,74.125.24.0-255,5738,127744,44,320217
31745,0.02046,172.31.46.0-255,66,127810,44,320217
31746,0.022563,74.125.24.0-255,5738,133548,44,320217
31747,0.022574,172.31.46.0-255,66,133614,44,320217
31748,0.024686,74.125.24.0-255,5738,139352,44,320217
31749,0.024693,172.31.46.0-255,66,139418,44,320217
31750,0.026798,74.125.24.0-255,5738,145156,44,320217
31751,0.026805,172.31.46.0-255,66,145222,44,320217
31752,0.028903,74.125.24.0-255,5738,150960,44,320217
31753,0.028911,172.31.46.0-255,66,151026,44,320217
31754,0.031035,74.125.24.0-255,5738,156764,44,320217
31755,0.031042,172.31.46.0-255,66,156830,44,320217
31756,0.033149,74.125.24.0-255,5738,162568,44,320217
31757,0.033157,172.31.46.0-255,66,162634,44,320217
31758,0.035261,74.125.24.0-255,5738,168372,44,320217
31759,0.035268,172.31.46.0-255,66,168438,44,320217
31760,0.037352,74.125.24.0-255,5738,174176,44,320217
31761,0.03736,172.31.46.0-255,66,174242,44,320217
31762,0.03948,74.125.24.0-255,5738,179980,44,320217
31763,0.039489,172.31.46.0-255,66,180046,44,320217
31764,0.041613,74.125.24.0-255,5738,185784,44,320217
31765,0.041621,172.31.46.0-255,66,185850,44,320217
31766,0.043709,74.125.24.0-255,5738,191588,44,320217
31767,0.043718,172.31.46.0-255,66,191654,44,320217
31768,0.045816,74.125.24.0-255,5738,197392,44,320217
31769,0.045823,172.31.46.0-255,66,197458,44,320217
31770,0.046373,172.31.46.0-255,190,197648,44,320217
31771,0.046404,172.31.46.0-255,1114,198762,44,320217
31772,0.046475,172.31.46.0-255,1514,200276,44,320217
31773,0.046476,172.31.46.0-255,1514,201790,44,320217
31774,0.046481,172.31.46.0-255,1514,203304,44,320217
31775,0.046482,172.31.46.0-255,1514,204818,44,320217
31776,0.046501,172.31.46.0-255,1514,206332,44,320217
31777,0.046502,172.31.46.0-255,71,206403,44,320217
31778,0.047893,74.125.24.0-255,5738,212141,44,320217
31779,0.047901,172.31.46.0-255,66,212207,44,320217
31780,0.047931,104.244.42.0-255,66,212273,44,320217
31781,0.047987,104.244.42.0-255,66,212339,44,320217
31782,0.048041,104.244.42.0-255,66,212405,44,320217
31783,0.048046,104.244.42.0-255,66,212471,44,320217
31784,0.048649,104.244.42.0-255,108,212579,44,320217
31785,0.048658,172.31.46.0-255,66,212645,44,320217
31786,0.049996,74.125.24.0-255,5738,218383,44,320217
31787,0.050002,172.31.46.0-255,66,218449,44,320217
31788,0.05214,74.125.24.0-255,5738,224187,44,320217
31789,0.052147,172.31.46.0-255,66,224253,44,320217
31790,0.054237,74.125.24.0-255,5738,229991,44,320217
31791,0.054246,172.31.46.0-255,66,230057,44,320217
31792,0.056359,74.125.24.0-255,5738,235795,44,320217
31793,0.056366,172.31.46.0-255,66,235861,44,320217
31794,0.058466,74.125.24.0-255,5738,241599,44,320217
31795,0.058473,172.31.46.0-255,66,241665,44,320217
31796,0.060602,74.125.24.0-255,5738,247403,44,320217
31797,0.060608,172.31.46.0-255,66,247469,44,320217
31798,0.062732,74.125.24.0-255,5738,253207,44,320217
31799,0.062738,172.31.46.0-255,66,253273,44,320217
31800,0.064813,74.125.24.0-255,5738,259011,44,320217
31801,0.06482,172.31.46.0-255,66,259077,44,320217
31802,0.066918,74.125.24.0-255,4320,263397,44,320217
31803,0.066925,172.31.46.0-255,66,263463,44,320217
31804,0.066952,74.125.24.0-255,1484,264947,44,320217
31805,0.06902,74.125.24.0-255,4320,269267,44,320217
31806,0.069027,172.31.46.0-255,66,269333,44,320217
31807,0.071597,74.125.24.0-255,5738,275071,44,320217
31808,0.071657,172.31.46.0-255,66,275137,44,320217
31809,0.073804,74.125.24.0-255,5738,280875,44,320217
31810,0.07381,172.31.46.0-255,66,280941,44,320217
31811,0.075919,74.125.24.0-255,5738,286679,44,320217
31812,0.075926,172.31.46.0-255,66,286745,44,320217
31813,0.078043,74.125.24.0-255,5738,292483,44,320217
31814,0.078048,172.31.46.0-255,66,292549,44,320217
31815,0.080145,74.125.24.0-255,5738,298287,44,320217
31816,0.080151,172.31.46.0-255,66,298353,44,320217
31817,0.082235,74.125.24.0-255,5738,304091,44,320217
31818,0.082241,172.31.46.0-255,66,304157,44,320217
31819,0.084349,74.125.24.0-255,4320,308477,44,320217
31820,0.084355,172.31.46.0-255,66,308543,44,320217
31821,0.084373,74.125.24.0-255,1484,310027,44,320217
31822,0.08647,74.125.24.0-255,4320,314347,44,320217
31823,0.08648,172.31.46.0-255,66,314413,44,320217
31824,0.088572,74.125.24.0-255,5738,320151,44,320217
31825,0.088626,172.31.46.0-255,66,320217,44,320217
31826,0.0,172.217.194.0-255,150,150,44,219166
31827,2.4e-05,172.31.46.0-255,66,216,44,219166
31828,3.2e-05,172.217.194.0-255,1484,1700,44,219166
31829,3.7e-05,172.31.46.0-255,66,1766,44,219166
31830,4.2e-05,172.217.194.0-255,2902,4668,44,219166
31831,5.2e-05,172.31.46.0-255,66,4734,44,219166
31832,6.1e-05,172.217.194.0-255,7156,11890,44,219166
31833,6.3e-05,172.31.46.0-255,66,11956,44,219166
31834,6.7e-05,172.217.194.0-255,2090,14046,44,219166
31835,6.9e-05,172.31.46.0-255,66,14112,44,219166
31836,9.1e-05,172.217.194.0-255,1484,15596,44,219166
31837,9.4e-05,172.31.46.0-255,66,15662,44,219166
31838,0.000118,172.217.194.0-255,1484,17146,44,219166
31839,0.000121,172.31.46.0-255,66,17212,44,219166
31840,0.000132,172.217.194.0-255,2902,20114,44,219166
31841,0.000135,172.31.46.0-255,66,20180,44,219166
31842,0.000141,172.217.194.0-255,4320,24500,44,219166
31843,0.000143,172.31.46.0-255,66,24566,44,219166
31844,0.000182,172.31.46.0-255,66,24632,44,219166
31845,0.00019,172.217.194.0-255,7156,31788,44,219166
31846,0.000192,172.31.46.0-255,66,31854,44,219166
31847,0.000214,172.217.194.0-255,1484,33338,44,219166
31848,0.000216,172.31.46.0-255,66,33404,44,219166
31849,0.000249,172.217.194.0-255,5379,38783,44,219166
31850,0.000251,172.31.46.0-255,66,38849,44,219166
31851,0.000871,172.217.194.0-255,1484,40333,44,219166
31852,0.000877,172.31.46.0-255,66,40399,44,219166
31853,0.000883,172.217.194.0-255,2902,43301,44,219166
31854,0.000885,172.31.46.0-255,66,43367,44,219166
31855,0.000897,172.217.194.0-255,5738,49105,44,219166
31856,0.000899,172.31.46.0-255,66,49171,44,219166
31857,0.000963,172.31.46.0-255,66,49237,44,219166
31858,0.001086,172.217.194.0-255,1484,50721,44,219166
31859,0.001104,172.217.194.0-255,2902,53623,44,219166
31860,0.001107,172.31.46.0-255,66,53689,44,219166
31861,0.001113,172.217.194.0-255,5738,59427,44,219166
31862,0.001115,172.31.46.0-255,66,59493,44,219166
31863,0.00115,172.31.46.0-255,66,59559,44,219166
31864,0.001182,172.217.194.0-255,2902,62461,44,219166
31865,0.001193,172.217.194.0-255,766,63227,44,219166
31866,0.001197,172.31.46.0-255,66,63293,44,219166
31867,0.0012,172.31.46.0-255,66,63359,44,219166
31868,0.001446,172.31.46.0-255,66,63425,44,219166
31869,0.00199,172.217.194.0-255,1484,64909,44,219166
31870,0.002001,172.217.194.0-255,2902,67811,44,219166
31871,0.002006,172.31.46.0-255,66,67877,44,219166
31872,0.002015,172.217.194.0-255,5738,73615,44,219166
31873,0.002017,172.31.46.0-255,66,73681,44,219166
31874,0.002074,172.217.194.0-255,5738,79419,44,219166
31875,0.002076,172.31.46.0-255,66,79485,44,219166
31876,0.002094,172.31.46.0-255,66,79551,44,219166
31877,0.002101,172.217.194.0-255,5020,84571,44,219166
31878,0.002103,172.31.46.0-255,66,84637,44,219166
31879,0.002135,172.217.194.0-255,2902,87539,44,219166
31880,0.002137,172.31.46.0-255,66,87605,44,219166
31881,0.00214,172.217.194.0-255,1484,89089,44,219166
31882,0.002147,172.217.194.0-255,5738,94827,44,219166
31883,0.002153,172.31.46.0-255,66,94893,44,219166
31884,0.002189,172.31.46.0-255,66,94959,44,219166
31885,0.002194,172.217.194.0-255,4320,99279,44,219166
31886,0.002196,172.31.46.0-255,66,99345,44,219166
31887,0.002228,172.217.194.0-255,6438,105783,44,219166
31888,0.002231,172.31.46.0-255,66,105849,44,219166
31889,0.002631,172.217.194.0-255,1484,107333,44,219166
31890,0.00264,172.217.194.0-255,2902,110235,44,219166
31891,0.002645,172.31.46.0-255,66,110301,44,219166
31892,0.002651,172.217.194.0-255,2902,113203,44,219166
31893,0.002654,172.31.46.0-255,66,113269,44,219166
31894,0.002679,172.217.194.0-255,2902,116171,44,219166
31895,0.002681,172.31.46.0-255,66,116237,44,219166
31896,0.002699,172.31.46.0-255,66,116303,44,219166
31897,0.002726,172.217.194.0-255,1484,117787,44,219166
31898,0.002738,172.31.46.0-255,66,117853,44,219166
31899,0.002741,172.217.194.0-255,766,118619,44,219166
31900,0.002765,172.217.194.0-255,1484,120103,44,219166
31901,0.002767,172.31.46.0-255,66,120169,44,219166
31902,0.002773,172.217.194.0-255,4320,124489,44,219166
31903,0.002776,172.31.46.0-255,66,124555,44,219166
31904,0.002779,172.217.194.0-255,1484,126039,44,219166
31905,0.002823,172.31.46.0-255,66,126105,44,219166
31906,0.002829,172.217.194.0-255,5738,131843,44,219166
31907,0.002831,172.31.46.0-255,66,131909,44,219166
31908,0.002861,172.217.194.0-255,5738,137647,44,219166
31909,0.002864,172.31.46.0-255,66,137713,44,219166
31910,0.002871,172.217.194.0-255,6438,144151,44,219166
31911,0.002874,172.31.46.0-255,66,144217,44,219166
31912,0.003235,172.217.194.0-255,1484,145701,44,219166
31913,0.003258,172.217.194.0-255,2902,148603,44,219166
31914,0.00326,172.31.46.0-255,66,148669,44,219166
31915,0.003268,172.217.194.0-255,5738,154407,44,219166
31916,0.003275,172.31.46.0-255,66,154473,44,219166
31917,0.003278,172.217.194.0-255,1484,155957,44,219166
31918,0.00332,172.31.46.0-255,66,156023,44,219166
31919,0.003326,172.217.194.0-255,5738,161761,44,219166
31920,0.003329,172.31.46.0-255,66,161827,44,219166
31921,0.003353,172.217.194.0-255,5020,166847,44,219166
31922,0.003356,172.31.46.0-255,66,166913,44,219166
31923,0.003396,172.217.194.0-255,2902,169815,44,219166
31924,0.003398,172.31.46.0-255,66,169881,44,219166
31925,0.003415,172.217.194.0-255,2902,172783,44,219166
31926,0.003418,172.31.46.0-255,66,172849,44,219166
31927,0.003426,172.217.194.0-255,7156,180005,44,219166
31928,0.003428,172.31.46.0-255,66,180071,44,219166
31929,0.003431,172.217.194.0-255,1484,181555,44,219166
31930,0.003483,172.31.46.0-255,66,181621,44,219166
31931,0.003487,172.217.194.0-255,2184,183805,44,219166
31932,0.003489,172.31.46.0-255,66,183871,44,219166
31933,0.003572,172.31.46.0-255,66,183937,44,219166
31934,0.00359,172.31.46.0-255,66,184003,44,219166
31935,0.003601,172.31.46.0-255,66,184069,44,219166
31936,0.003643,172.217.194.0-255,1484,185553,44,219166
31937,0.003661,172.217.194.0-255,2902,188455,44,219166
31938,0.003665,172.31.46.0-255,66,188521,44,219166
31939,0.003668,172.217.194.0-255,1484,190005,44,219166
31940,0.003693,172.217.194.0-255,4320,194325,44,219166
31941,0.003695,172.31.46.0-255,66,194391,44,219166
31942,0.003714,172.31.46.0-255,66,194457,44,219166
31943,0.003725,172.217.194.0-255,1484,195941,44,219166
31944,0.003743,172.31.46.0-255,66,196007,44,219166
31945,0.003794,172.217.194.0-255,1484,197491,44,219166
31946,0.003798,172.217.194.0-255,1484,198975,44,219166
31947,0.0038,172.31.46.0-255,66,199041,44,219166
31948,0.003818,172.217.194.0-255,1484,200525,44,219166
31949,0.003825,172.217.194.0-255,5738,206263,44,219166
31950,0.003828,172.31.46.0-255,66,206329,44,219166
31951,0.003877,172.217.194.0-255,2902,209231,44,219166
31952,0.00388,172.31.46.0-255,66,209297,44,219166
31953,0.003914,172.31.46.0-255,66,209363,44,219166
31954,0.003929,172.217.194.0-255,97,209460,44,219166
31955,0.003999,172.217.194.0-255,105,209565,44,219166
31956,0.009702,172.31.46.0-255,66,209631,44,219166
31957,0.009753,172.31.46.0-255,105,209736,44,219166
31958,0.011707,172.217.194.0-255,66,209802,44,219166
31959,0.041826,172.31.46.0-255,172,209974,44,219166
31960,0.041874,172.31.46.0-255,1114,211088,44,219166
31961,0.041944,172.31.46.0-255,1514,212602,44,219166
31962,0.041946,172.31.46.0-255,1514,214116,44,219166
31963,0.041947,172.31.46.0-255,1514,215630,44,219166
31964,0.041948,172.31.46.0-255,1514,217144,44,219166
31965,0.041976,172.31.46.0-255,1514,218658,44,219166
31966,0.041977,172.31.46.0-255,70,218728,44,219166
31967,0.043373,104.244.42.0-255,66,218794,44,219166
31968,0.043446,104.244.42.0-255,66,218860,44,219166
31969,0.043546,104.244.42.0-255,66,218926,44,219166
31970,0.043568,104.244.42.0-255,66,218992,44,219166
31971,0.04427,104.244.42.0-255,108,219100,44,219166
31972,0.044283,172.31.46.0-255,66,219166,44,219166
31973,0.0,74.125.24.0-255,146,146,44,275667
31974,1.4e-05,172.31.46.0-255,66,212,44,275667
31975,2e-05,74.125.24.0-255,1484,1696,44,275667
31976,2.5e-05,172.31.46.0-255,66,1762,44,275667
31977,3e-05,74.125.24.0-255,2902,4664,44,275667
31978,3.2e-05,172.31.46.0-255,66,4730,44,275667
31979,3.9e-05,74.125.24.0-255,5738,10468,44,275667
31980,4.2e-05,172.31.46.0-255,66,10534,44,275667
31981,6.3e-05,74.125.24.0-255,1484,12018,44,275667
31982,6.5e-05,172.31.46.0-255,66,12084,44,275667
31983,7e-05,74.125.24.0-255,2111,14195,44,275667
31984,7.2e-05,172.31.46.0-255,66,14261,44,275667
31985,7.6e-05,74.125.24.0-255,2902,17163,44,275667
31986,7.8e-05,172.31.46.0-255,66,17229,44,275667
31987,8.1e-05,74.125.24.0-255,1484,18713,44,275667
31988,8.2e-05,172.31.46.0-255,66,18779,44,275667
31989,0.000112,74.125.24.0-255,5738,24517,44,275667
31990,0.000115,172.31.46.0-255,66,24583,44,275667
31991,0.000121,74.125.24.0-255,5738,30321,44,275667
31992,0.000122,172.31.46.0-255,66,30387,44,275667
31993,0.000145,74.125.24.0-255,1125,31512,44,275667
31994,0.000147,172.31.46.0-255,66,31578,44,275667
31995,0.000494,74.125.24.0-255,1484,33062,44,275667
31996,0.000497,172.31.46.0-255,66,33128,44,275667
31997,0.000508,74.125.24.0-255,1484,34612,44,275667
31998,0.00051,172.31.46.0-255,66,34678,44,275667
31999,0.000531,74.125.24.0-255,1484,36162,44,275667
32000,0.000532,172.31.46.0-255,66,36228,44,275667
32001,0.000538,74.125.24.0-255,5738,41966,44,275667
32002,0.00054,172.31.46.0-255,66,42032,44,275667
32003,0.000563,74.125.24.0-255,1484,43516,44,275667
32004,0.000565,172.31.46.0-255,66,43582,44,275667
32005,0.000581,74.125.24.0-255,5738,49320,44,275667
32006,0.000583,172.31.46.0-255,66,49386,44,275667
32007,0.000597,74.125.24.0-255,5738,55124,44,275667
32008,0.000599,172.31.46.0-255,66,55190,44,275667
32009,0.000617,74.125.24.0-255,4320,59510,44,275667
32010,0.000619,172.31.46.0-255,66,59576,44,275667
32011,0.000641,74.125.24.0-255,6438,66014,44,275667
32012,0.000643,172.31.46.0-255,66,66080,44,275667
32013,0.000662,74.125.24.0-255,395,66475,44,275667
32014,0.000702,74.125.24.0-255,347,66822,44,275667
32015,0.000882,74.125.24.0-255,1484,68306,44,275667
32016,0.000887,172.31.46.0-255,66,68372,44,275667
32017,0.000892,74.125.24.0-255,2902,71274,44,275667
32018,0.000895,172.31.46.0-255,66,71340,44,275667
32019,0.000901,74.125.24.0-255,5738,77078,44,275667
32020,0.000904,172.31.46.0-255,66,77144,44,275667
32021,0.000906,74.125.24.0-255,1484,78628,44,275667
32022,0.000929,74.125.24.0-255,2902,81530,44,275667
32023,0.000933,172.31.46.0-255,66,81596,44,275667
32024,0.000956,74.125.24.0-255,4320,85916,44,275667
32025,0.000959,172.31.46.0-255,66,85982,44,275667
32026,0.000989,74.125.24.0-255,7156,93138,44,275667
32027,0.000992,172.31.46.0-255,66,93204,44,275667
32028,0.001003,172.31.46.0-255,66,93270,44,275667
32029,0.001643,74.125.24.0-255,1484,94754,44,275667
32030,0.001649,74.125.24.0-255,2902,97656,44,275667
32031,0.001653,172.31.46.0-255,66,97722,44,275667
32032,0.001684,74.125.24.0-255,1484,99206,44,275667
32033,0.001689,74.125.24.0-255,2902,102108,44,275667
32034,0.001691,172.31.46.0-255,66,102174,44,275667
32035,0.001719,74.125.24.0-255,5738,107912,44,275667
32036,0.001722,172.31.46.0-255,66,107978,44,275667
32037,0.001726,74.125.24.0-255,2902,110880,44,275667
32038,0.001728,172.31.46.0-255,66,110946,44,275667
32039,0.001746,74.125.24.0-255,5738,116684,44,275667
32040,0.001749,172.31.46.0-255,66,116750,44,275667
32041,0.001766,74.125.24.0-255,2902,119652,44,275667
32042,0.001769,172.31.46.0-255,66,119718,44,275667
32043,0.001794,74.125.24.0-255,7156,126874,44,275667
32044,0.001797,172.31.46.0-255,66,126940,44,275667
32045,0.001811,74.125.24.0-255,766,127706,44,275667
32046,0.002025,74.125.24.0-255,1484,129190,44,275667
32047,0.002029,172.31.46.0-255,66,129256,44,275667
32048,0.002035,74.125.24.0-255,2902,132158,44,275667
32049,0.002037,172.31.46.0-255,66,132224,44,275667
32050,0.002063,74.125.24.0-255,5738,137962,44,275667
32051,0.002066,172.31.46.0-255,66,138028,44,275667
32052,0.002088,172.31.46.0-255,66,138094,44,275667
32053,0.002106,74.125.24.0-255,4320,142414,44,275667
32054,0.002108,74.125.24.0-255,1484,143898,44,275667
32055,0.002112,172.31.46.0-255,66,143964,44,275667
32056,0.002155,172.31.46.0-255,66,144030,44,275667
32057,0.002254,74.125.24.0-255,1484,145514,44,275667
32058,0.002273,74.125.24.0-255,2902,148416,44,275667
32059,0.002276,172.31.46.0-255,66,148482,44,275667
32060,0.002314,74.125.24.0-255,1484,149966,44,275667
32061,0.002319,74.125.24.0-255,2902,152868,44,275667
32062,0.002321,172.31.46.0-255,66,152934,44,275667
32063,0.002386,74.125.24.0-255,4320,157254,44,275667
32064,0.00239,172.31.46.0-255,66,157320,44,275667
32065,0.002408,74.125.24.0-255,1484,158804,44,275667
32066,0.002448,74.125.24.0-255,1484,160288,44,275667
32067,0.00245,172.31.46.0-255,66,160354,44,275667
32068,0.002457,74.125.24.0-255,2902,163256,44,275667
32069,0.002458,172.31.46.0-255,66,163322,44,275667
32070,0.002485,74.125.24.0-255,5738,169060,44,275667
32071,0.002488,172.31.46.0-255,66,169126,44,275667
32072,0.002491,74.125.24.0-255,1484,170610,44,275667
32073,0.002544,74.125.24.0-255,7156,177766,44,275667
32074,0.002547,172.31.46.0-255,66,177832,44,275667
32075,0.002565,74.125.24.0-255,766,178598,44,275667
32076,0.002912,172.31.46.0-255,66,178664,44,275667
32077,0.002941,74.125.24.0-255,1484,180148,44,275667
32078,0.002955,74.125.24.0-255,2902,183050,44,275667
32079,0.002958,172.31.46.0-255,66,183116,44,275667
32080,0.002972,74.125.24.0-255,1484,184600,44,275667
32081,0.002982,74.125.24.0-255,1484,186084,44,275667
32082,0.002984,172.31.46.0-255,66,186150,44,275667
32083,0.003022,172.31.46.0-255,66,186216,44,275667
32084,0.003025,74.125.24.0-255,1484,187700,44,275667
32085,0.003049,172.31.46.0-255,66,187766,44,275667
32086,0.003053,74.125.24.0-255,2902,190668,44,275667
32087,0.003055,172.31.46.0-255,66,190734,44,275667
32088,0.003078,74.125.24.0-255,2184,192918,44,275667
32089,0.003081,172.31.46.0-255,66,192984,44,275667
32090,0.003107,74.125.24.0-255,4320,197304,44,275667
32091,0.00311,172.31.46.0-255,66,197370,44,275667
32092,0.003146,172.31.46.0-255,66,197436,44,275667
32093,0.003153,74.125.24.0-255,1484,198920,44,275667
32094,0.003202,74.125.24.0-255,766,199686,44,275667
32095,0.003937,74.125.24.0-255,1484,201170,44,275667
32096,0.00396,74.125.24.0-255,2902,204072,44,275667
32097,0.003974,74.125.24.0-255,5738,209810,44,275667
32098,0.003984,74.125.24.0-255,1484,211294,44,275667
32099,0.004,74.125.24.0-255,4320,215614,44,275667
32100,0.00402,74.125.24.0-255,4320,219934,44,275667
32101,0.004047,74.125.24.0-255,5020,224954,44,275667
32102,0.004097,74.125.24.0-255,1484,226438,44,275667
32103,0.004111,74.125.24.0-255,2902,229340,44,275667
32104,0.004129,74.125.24.0-255,2902,232242,44,275667
32105,0.004134,74.125.24.0-255,4320,236562,44,275667
32106,0.004147,74.125.24.0-255,1484,238046,44,275667
32107,0.004159,74.125.24.0-255,4320,242366,44,275667
32108,0.004173,74.125.24.0-255,2902,245268,44,275667
32109,0.004201,74.125.24.0-255,5020,250288,44,275667
32110,0.004219,74.125.24.0-255,2902,253190,44,275667
32111,0.004237,74.125.24.0-255,7156,260346,44,275667
32112,0.004265,74.125.24.0-255,4320,264666,44,275667
32113,0.004419,74.125.24.0-255,105,264771,44,275667
32114,0.009626,172.31.46.0-255,66,264837,44,275667
32115,0.009632,172.31.46.0-255,66,264903,44,275667
32116,0.009634,172.31.46.0-255,66,264969,44,275667
32117,0.009637,172.31.46.0-255,66,265035,44,275667
32118,0.009648,172.31.46.0-255,66,265101,44,275667
32119,0.009652,172.31.46.0-255,66,265167,44,275667
32120,0.009656,172.31.46.0-255,66,265233,44,275667
32121,0.009658,172.31.46.0-255,66,265299,44,275667
32122,0.009662,172.31.46.0-255,66,265365,44,275667
32123,0.009664,172.31.46.0-255,66,265431,44,275667
32124,0.009669,172.31.46.0-255,66,265497,44,275667
32125,0.009673,172.31.46.0-255,66,265563,44,275667
32126,0.009676,172.31.46.0-255,66,265629,44,275667
32127,0.009679,172.31.46.0-255,66,265695,44,275667
32128,0.009683,172.31.46.0-255,66,265761,44,275667
32129,0.009685,172.31.46.0-255,66,265827,44,275667
32130,0.009689,172.31.46.0-255,66,265893,44,275667
32131,0.009692,172.31.46.0-255,66,265959,44,275667
32132,0.009695,172.31.46.0-255,66,266025,44,275667
32133,0.009698,172.31.46.0-255,66,266091,44,275667
32134,0.009701,172.31.46.0-255,66,266157,44,275667
32135,0.009704,172.31.46.0-255,66,266223,44,275667
32136,0.011081,172.31.46.0-255,66,266289,44,275667
32137,0.011119,172.31.46.0-255,105,266394,44,275667
32138,0.013411,74.125.24.0-255,66,266460,44,275667
32139,0.039742,172.31.46.0-255,188,266648,44,275667
32140,0.039775,172.31.46.0-255,955,267603,44,275667
32141,0.039842,172.31.46.0-255,1514,269117,44,275667
32142,0.039844,172.31.46.0-255,1514,270631,44,275667
32143,0.039849,172.31.46.0-255,1514,272145,44,275667
32144,0.03985,172.31.46.0-255,1514,273659,44,275667
32145,0.039873,172.31.46.0-255,1514,275173,44,275667
32146,0.039875,172.31.46.0-255,230,275403,44,275667
32147,0.041304,104.244.42.0-255,66,275469,44,275667
32148,0.041323,104.244.42.0-255,66,275535,44,275667
32149,0.041424,104.244.42.0-255,66,275601,44,275667
32150,0.04143,104.244.42.0-255,66,275667,44,275667
32151,0.0,74.125.130.0-255,152,152,44,353033
32152,1.5e-05,172.31.46.0-255,66,218,44,353033
32153,4.1e-05,74.125.130.0-255,1484,1702,44,353033
32154,4.5e-05,172.31.46.0-255,66,1768,44,353033
32155,6.2e-05,74.125.130.0-255,2902,4670,44,353033
32156,6.7e-05,172.31.46.0-255,66,4736,44,353033
32157,7.2e-05,74.125.130.0-255,2902,7638,44,353033
32158,7.4e-05,172.31.46.0-255,66,7704,44,353033
32159,9.2e-05,74.125.130.0-255,2902,10606,44,353033
32160,9.5e-05,172.31.46.0-255,66,10672,44,353033
32161,0.0001,74.125.130.0-255,3414,14086,44,353033
32162,0.000102,172.31.46.0-255,66,14152,44,353033
32163,0.000106,74.125.130.0-255,1484,15636,44,353033
32164,0.000108,172.31.46.0-255,66,15702,44,353033
32165,0.000122,74.125.130.0-255,2902,18604,44,353033
32166,0.000125,172.31.46.0-255,66,18670,44,353033
32167,0.000154,74.125.130.0-255,1484,20154,44,353033
32168,0.000156,172.31.46.0-255,66,20220,44,353033
32169,0.000187,172.31.46.0-255,66,20286,44,353033
32170,0.000196,74.125.130.0-255,2543,22829,44,353033
32171,0.000199,172.31.46.0-255,66,22895,44,353033
32172,0.000892,74.125.130.0-255,1484,24379,44,353033
32173,0.000899,172.31.46.0-255,66,24445,44,353033
32174,0.000908,74.125.130.0-255,2902,27347,44,353033
32175,0.00091,172.31.46.0-255,66,27413,44,353033
32176,0.000944,74.125.130.0-255,4320,31733,44,353033
32177,0.000947,172.31.46.0-255,66,31799,44,353033
32178,0.000968,74.125.130.0-255,5738,37537,44,353033
32179,0.000971,172.31.46.0-255,66,37603,44,353033
32180,0.001018,74.125.130.0-255,3961,41564,44,353033
32181,0.001021,172.31.46.0-255,66,41630,44,353033
32182,0.001036,74.125.130.0-255,2902,44532,44,353033
32183,0.001038,172.31.46.0-255,66,44598,44,353033
32184,0.001048,74.125.130.0-255,1484,46082,44,353033
32185,0.001076,74.125.130.0-255,5738,51820,44,353033
32186,0.001079,172.31.46.0-255,66,51886,44,353033
32187,0.001091,74.125.130.0-255,2902,54788,44,353033
32188,0.001093,172.31.46.0-255,66,54854,44,353033
32189,0.00111,74.125.130.0-255,3122,57976,44,353033
32190,0.001113,172.31.46.0-255,66,58042,44,353033
32191,0.001311,74.125.130.0-255,1484,59526,44,353033
32192,0.001318,74.125.130.0-255,2902,62428,44,353033
32193,0.001323,172.31.46.0-255,66,62494,44,353033
32194,0.001346,74.125.130.0-255,5738,68232,44,353033
32195,0.001349,172.31.46.0-255,66,68298,44,353033
32196,0.001372,74.125.130.0-255,1484,69782,44,353033
32197,0.001376,74.125.130.0-255,2902,72684,44,353033
32198,0.001379,172.31.46.0-255,66,72750,44,353033
32199,0.001441,74.125.130.0-255,2543,75293,44,353033
32200,0.001445,172.31.46.0-255,66,75359,44,353033
32201,0.00204,74.125.130.0-255,1484,76843,44,353033
32202,0.00205,74.125.130.0-255,2902,79745,44,353033
32203,0.002054,172.31.46.0-255,66,79811,44,353033
32204,0.002074,74.125.130.0-255,4320,84131,44,353033
32205,0.002077,172.31.46.0-255,66,84197,44,353033
32206,0.002079,74.125.130.0-255,1484,85681,44,353033
32207,0.002105,74.125.130.0-255,4320,90001,44,353033
32208,0.002107,172.31.46.0-255,66,90067,44,353033
32209,0.002142,172.31.46.0-255,66,90133,44,353033
32210,0.002159,74.125.130.0-255,1484,91617,44,353033
32211,0.002189,172.31.46.0-255,66,91683,44,353033
32212,0.002318,74.125.130.0-255,1484,93167,44,353033
32213,0.00234,74.125.130.0-255,2902,96069,44,353033
32214,0.002342,172.31.46.0-255,66,96135,44,353033
32215,0.00236,74.125.130.0-255,1484,97619,44,353033
32216,0.0024,74.125.130.0-255,4320,101939,44,353033
32217,0.002404,172.31.46.0-255,66,102005,44,353033
32218,0.002409,74.125.130.0-255,2902,104907,44,353033
32219,0.002411,172.31.46.0-255,66,104973,44,353033
32220,0.002417,74.125.130.0-255,4320,109293,44,353033
32221,0.00242,172.31.46.0-255,66,109359,44,353033
32222,0.00243,172.31.46.0-255,66,109425,44,353033
32223,0.002436,74.125.130.0-255,4320,113745,44,353033
32224,0.002438,172.31.46.0-255,66,113811,44,353033
32225,0.00247,74.125.130.0-255,5020,118831,44,353033
32226,0.002473,172.31.46.0-255,66,118897,44,353033
32227,0.002476,74.125.130.0-255,1484,120381,44,353033
32228,0.002502,74.125.130.0-255,4320,124701,44,353033
32229,0.002505,172.31.46.0-255,66,124767,44,353033
32230,0.002512,74.125.130.0-255,7156,131923,44,353033
32231,0.002515,172.31.46.0-255,66,131989,44,353033
32232,0.002534,74.125.130.0-255,4320,136309,44,353033
32233,0.002537,172.31.46.0-255,66,136375,44,353033
32234,0.002552,74.125.130.0-255,7156,143531,44,353033
32235,0.002554,172.31.46.0-255,66,143597,44,353033
32236,0.002621,74.125.130.0-255,5738,149335,44,353033
32237,0.002625,172.31.46.0-255,66,149401,44,353033
32238,0.002642,74.125.130.0-255,2184,151585,44,353033
32239,0.002645,172.31.46.0-255,66,151651,44,353033
32240,0.005219,74.125.130.0-255,2902,154553,44,353033
32241,0.005224,172.31.46.0-255,66,154619,44,353033
32242,0.005244,74.125.130.0-255,2902,157521,44,353033
32243,0.005246,172.31.46.0-255,66,157587,44,353033
32244,0.007809,74.125.130.0-255,2902,160489,44,353033
32245,0.007816,172.31.46.0-255,66,160555,44,353033
32246,0.007837,74.125.130.0-255,2902,163457,44,353033
32247,0.00784,172.31.46.0-255,66,163523,44,353033
32248,0.010398,74.125.130.0-255,2902,166425,44,353033
32249,0.010405,172.31.46.0-255,66,166491,44,353033
32250,0.010427,74.125.130.0-255,2902,169393,44,353033
32251,0.010429,172.31.46.0-255,66,169459,44,353033
32252,0.012982,74.125.130.0-255,2902,172361,44,353033
32253,0.012991,172.31.46.0-255,66,172427,44,353033
32254,0.013013,74.125.130.0-255,2902,175329,44,353033
32255,0.013016,172.31.46.0-255,66,175395,44,353033
32256,0.015576,74.125.130.0-255,2902,178297,44,353033
32257,0.015583,172.31.46.0-255,66,178363,44,353033
32258,0.015601,74.125.130.0-255,2902,181265,44,353033
32259,0.015603,172.31.46.0-255,66,181331,44,353033
32260,0.018188,74.125.130.0-255,5738,187069,44,353033
32261,0.018195,172.31.46.0-255,66,187135,44,353033
32262,0.020798,74.125.130.0-255,5738,192873,44,353033
32263,0.020807,172.31.46.0-255,66,192939,44,353033
32264,0.023403,74.125.130.0-255,5738,198677,44,353033
32265,0.02341,172.31.46.0-255,66,198743,44,353033
32266,0.026009,74.125.130.0-255,5738,204481,44,353033
32267,0.026015,172.31.46.0-255,66,204547,44,353033
32268,0.02859,74.125.130.0-255,5738,210285,44,353033
32269,0.028596,172.31.46.0-255,66,210351,44,353033
32270,0.031192,74.125.130.0-255,5738,216089,44,353033
32271,0.031204,172.31.46.0-255,66,216155,44,353033
32272,0.03379,74.125.130.0-255,5738,221893,44,353033
32273,0.033799,172.31.46.0-255,66,221959,44,353033
32274,0.035245,172.31.46.0-255,172,222131,44,353033
32275,0.035268,172.31.46.0-255,1114,223245,44,353033
32276,0.035329,172.31.46.0-255,1514,224759,44,353033
32277,0.03533,172.31.46.0-255,1514,226273,44,353033
32278,0.035335,172.31.46.0-255,1514,227787,44,353033
32279,0.035336,172.31.46.0-255,1514,229301,44,353033
32280,0.035353,172.31.46.0-255,1514,230815,44,353033
32281,0.035353,172.31.46.0-255,70,230885,44,353033
32282,0.03639,74.125.130.0-255,5738,236623,44,353033
32283,0.036399,172.31.46.0-255,66,236689,44,353033
32284,0.036822,104.244.42.0-255,66,236755,44,353033
32285,0.036831,104.244.42.0-255,66,236821,44,353033
32286,0.036921,104.244.42.0-255,66,236887,44,353033
32287,0.036928,104.244.42.0-255,66,236953,44,353033
32288,0.039014,74.125.130.0-255,5738,242691,44,353033
32289,0.039021,172.31.46.0-255,66,242757,44,353033
32290,0.041611,74.125.130.0-255,5738,248495,44,353033
32291,0.041618,172.31.46.0-255,66,248561,44,353033
32292,0.044248,74.125.130.0-255,5738,254299,44,353033
32293,0.044257,172.31.46.0-255,66,254365,44,353033
32294,0.046848,74.125.130.0-255,5738,260103,44,353033
32295,0.046856,172.31.46.0-255,66,260169,44,353033
32296,0.049445,74.125.130.0-255,5738,265907,44,353033
32297,0.049451,172.31.46.0-255,66,265973,44,353033
32298,0.052044,74.125.130.0-255,5738,271711,44,353033
32299,0.05205,172.31.46.0-255,66,271777,44,353033
32300,0.054638,74.125.130.0-255,5738,277515,44,353033
32301,0.054645,172.31.46.0-255,66,277581,44,353033
32302,0.057263,74.125.130.0-255,5738,283319,44,353033
32303,0.057272,172.31.46.0-255,66,283385,44,353033
32304,0.059865,74.125.130.0-255,5738,289123,44,353033
32305,0.059874,172.31.46.0-255,66,289189,44,353033
32306,0.062479,74.125.130.0-255,5738,294927,44,353033
32307,0.062486,172.31.46.0-255,66,294993,44,353033
32308,0.06508,74.125.130.0-255,5738,300731,44,353033
32309,0.065087,172.31.46.0-255,66,300797,44,353033
32310,0.067693,74.125.130.0-255,5738,306535,44,353033
32311,0.067701,172.31.46.0-255,66,306601,44,353033
32312,0.070292,74.125.130.0-255,5738,312339,44,353033
32313,0.070299,172.31.46.0-255,66,312405,44,353033
32314,0.072897,74.125.130.0-255,5738,318143,44,353033
32315,0.072904,172.31.46.0-255,66,318209,44,353033
32316,0.075492,74.125.130.0-255,5738,323947,44,353033
32317,0.075499,172.31.46.0-255,66,324013,44,353033
32318,0.078106,74.125.130.0-255,5738,329751,44,353033
32319,0.078116,172.31.46.0-255,66,329817,44,353033
32320,0.080706,74.125.130.0-255,5738,335555,44,353033
32321,0.080717,172.31.46.0-255,66,335621,44,353033
32322,0.083336,74.125.130.0-255,5738,341359,44,353033
32323,0.083345,172.31.46.0-255,66,341425,44,353033
32324,0.085992,74.125.130.0-255,5738,347163,44,353033
32325,0.086002,172.31.46.0-255,66,347229,44,353033
32326,0.088599,74.125.130.0-255,5738,352967,44,353033
32327,0.088605,172.31.46.0-255,66,353033,44,353033
32328,0.0,172.217.194.0-255,152,152,44,286233
32329,3.5e-05,172.31.46.0-255,66,218,44,286233
32330,4.3e-05,172.217.194.0-255,1484,1702,44,286233
32331,4.8e-05,172.31.46.0-255,66,1768,44,286233
32332,6e-05,172.217.194.0-255,2902,4670,44,286233
32333,6.3e-05,172.31.46.0-255,66,4736,44,286233
32334,8.9e-05,172.217.194.0-255,7156,11892,44,286233
32335,9.1e-05,172.31.46.0-255,66,11958,44,286233
32336,0.000167,172.217.194.0-255,1977,13935,44,286233
32337,0.000173,172.31.46.0-255,66,14001,44,286233
32338,0.000204,172.217.194.0-255,7156,21157,44,286233
32339,0.000207,172.31.46.0-255,66,21223,44,286233
32340,0.000233,172.217.194.0-255,4320,25543,44,286233
32341,0.000235,172.31.46.0-255,66,25609,44,286233
32342,0.000308,172.217.194.0-255,2902,28511,44,286233
32343,0.000311,172.31.46.0-255,66,28577,44,286233
32344,0.000334,172.217.194.0-255,2543,31120,44,286233
32345,0.000337,172.31.46.0-255,66,31186,44,286233
32346,0.000379,172.217.194.0-255,5738,36924,44,286233
32347,0.000382,172.31.46.0-255,66,36990,44,286233
32348,0.000459,172.31.46.0-255,66,37056,44,286233
32349,0.000484,172.217.194.0-255,2543,39599,44,286233
32350,0.000487,172.31.46.0-255,66,39665,44,286233
32351,0.001046,172.217.194.0-255,1484,41149,44,286233
32352,0.001053,172.31.46.0-255,66,41215,44,286233
32353,0.001072,172.217.194.0-255,2902,44117,44,286233
32354,0.001075,172.31.46.0-255,66,44183,44,286233
32355,0.001103,172.217.194.0-255,5738,49921,44,286233
32356,0.001106,172.31.46.0-255,66,49987,44,286233
32357,0.001152,172.217.194.0-255,1484,51471,44,286233
32358,0.001155,172.31.46.0-255,66,51537,44,286233
32359,0.001185,172.217.194.0-255,5379,56916,44,286233
32360,0.001236,172.217.194.0-255,7156,64072,44,286233
32361,0.00132,172.217.194.0-255,4320,68392,44,286233
32362,0.001345,172.217.194.0-255,4320,72712,44,286233
32363,0.00144,172.217.194.0-255,7156,79868,44,286233
32364,0.001645,172.217.194.0-255,1125,80993,44,286233
32365,0.004347,172.31.46.0-255,66,81059,44,286233
32366,0.006721,172.217.194.0-255,5738,86797,44,286233
32367,0.00673,172.31.46.0-255,66,86863,44,286233
32368,0.009101,172.217.194.0-255,4320,91183,44,286233
32369,0.009112,172.31.46.0-255,66,91249,44,286233
32370,0.009141,172.217.194.0-255,1484,92733,44,286233
32371,0.011462,172.217.194.0-255,4320,97053,44,286233
32372,0.011477,172.31.46.0-255,66,97119,44,286233
32373,0.013874,172.217.194.0-255,5738,102857,44,286233
32374,0.016341,172.31.46.0-255,66,102923,44,286233
32375,0.018725,172.217.194.0-255,5738,108661,44,286233
32376,0.01874,172.31.46.0-255,66,108727,44,286233
32377,0.021101,172.217.194.0-255,5738,114465,44,286233
32378,0.021117,172.31.46.0-255,66,114531,44,286233
32379,0.023478,172.217.194.0-255,5738,120269,44,286233
32380,0.023488,172.31.46.0-255,66,120335,44,286233
32381,0.025917,172.217.194.0-255,5738,126073,44,286233
32382,0.02593,172.31.46.0-255,66,126139,44,286233
32383,0.028302,172.217.194.0-255,5738,131877,44,286233
32384,0.028319,172.31.46.0-255,66,131943,44,286233
32385,0.030704,172.217.194.0-255,5738,137681,44,286233
32386,0.030723,172.31.46.0-255,66,137747,44,286233
32387,0.033002,172.31.46.0-255,172,137919,44,286233
32388,0.033028,172.31.46.0-255,1113,139032,44,286233
32389,0.033067,172.217.194.0-255,5738,144770,44,286233
32390,0.033074,172.31.46.0-255,66,144836,44,286233
32391,0.033093,172.31.46.0-255,1514,146350,44,286233
32392,0.033095,172.31.46.0-255,1514,147864,44,286233
32393,0.033096,172.31.46.0-255,1514,149378,44,286233
32394,0.033097,172.31.46.0-255,1514,150892,44,286233
32395,0.033098,172.31.46.0-255,1514,152406,44,286233
32396,0.033121,172.31.46.0-255,71,152477,44,286233
32397,0.034533,104.244.42.0-255,66,152543,44,286233
32398,0.034566,104.244.42.0-255,66,152609,44,286233
32399,0.034697,104.244.42.0-255,66,152675,44,286233
32400,0.034701,104.244.42.0-255,66,152741,44,286233
32401,0.035427,172.217.194.0-255,5738,158479,44,286233
32402,0.035434,172.31.46.0-255,66,158545,44,286233
32403,0.037769,172.217.194.0-255,5738,164283,44,286233
32404,0.037781,172.31.46.0-255,66,164349,44,286233
32405,0.040164,172.217.194.0-255,5738,170087,44,286233
32406,0.040174,172.31.46.0-255,66,170153,44,286233
32407,0.042538,172.217.194.0-255,5738,175891,44,286233
32408,0.04255,172.31.46.0-255,66,175957,44,286233
32409,0.044911,172.217.194.0-255,5738,181695,44,286233
32410,0.044919,172.31.46.0-255,66,181761,44,286233
32411,0.047283,172.217.194.0-255,5738,187499,44,286233
32412,0.047293,172.31.46.0-255,66,187565,44,286233
32413,0.049653,172.217.194.0-255,5738,193303,44,286233
32414,0.049661,172.31.46.0-255,66,193369,44,286233
32415,0.052045,172.217.194.0-255,5738,199107,44,286233
32416,0.052055,172.31.46.0-255,66,199173,44,286233
32417,0.05444,172.217.194.0-255,5738,204911,44,286233
32418,0.054456,172.31.46.0-255,66,204977,44,286233
32419,0.056814,172.217.194.0-255,5738,210715,44,286233
32420,0.056826,172.31.46.0-255,66,210781,44,286233
32421,0.059178,172.217.194.0-255,5738,216519,44,286233
32422,0.059191,172.31.46.0-255,66,216585,44,286233
32423,0.061572,172.217.194.0-255,5738,222323,44,286233
32424,0.061582,172.31.46.0-255,66,222389,44,286233
32425,0.063941,172.217.194.0-255,5738,228127,44,286233
32426,0.063952,172.31.46.0-255,66,228193,44,286233
32427,0.066312,172.217.194.0-255,5738,233931,44,286233
32428,0.066322,172.31.46.0-255,66,233997,44,286233
32429,0.068698,172.217.194.0-255,5738,239735,44,286233
32430,0.068708,172.31.46.0-255,66,239801,44,286233
32431,0.071079,172.217.194.0-255,5738,245539,44,286233
32432,0.071094,172.31.46.0-255,66,245605,44,286233
32433,0.073447,172.217.194.0-255,5738,251343,44,286233
32434,0.073456,172.31.46.0-255,66,251409,44,286233
32435,0.075825,172.217.194.0-255,5738,257147,44,286233
32436,0.075833,172.31.46.0-255,66,257213,44,286233
32437,0.078206,172.217.194.0-255,5738,262951,44,286233
32438,0.078214,172.31.46.0-255,66,263017,44,286233
32439,0.080623,172.217.194.0-255,5738,268755,44,286233
32440,0.080633,172.31.46.0-255,66,268821,44,286233
32441,0.082977,172.217.194.0-255,5738,274559,44,286233
32442,0.082987,172.31.46.0-255,66,274625,44,286233
32443,0.08536,172.217.194.0-255,5738,280363,44,286233
32444,0.085369,172.31.46.0-255,66,280429,44,286233
32445,0.087758,172.217.194.0-255,5738,286167,44,286233
32446,0.087768,172.31.46.0-255,66,286233,44,286233
32447,0.0,74.125.24.0-255,146,146,44,197143
32448,2.5e-05,172.31.46.0-255,66,212,44,197143
32449,3.3e-05,74.125.24.0-255,1484,1696,44,197143
32450,3.9e-05,172.31.46.0-255,66,1762,44,197143
32451,5.3e-05,74.125.24.0-255,2902,4664,44,197143
32452,5.6e-05,172.31.46.0-255,66,4730,44,197143
32453,6.2e-05,74.125.24.0-255,4320,9050,44,197143
32454,6.5e-05,172.31.46.0-255,66,9116,44,197143
32455,7.3e-05,74.125.24.0-255,4877,13993,44,197143
32456,7.6e-05,172.31.46.0-255,66,14059,44,197143
32457,8.2e-05,74.125.24.0-255,4320,18379,44,197143
32458,8.5e-05,172.31.46.0-255,66,18445,44,197143
32459,0.000107,74.125.24.0-255,1484,19929,44,197143
32460,0.000109,172.31.46.0-255,66,19995,44,197143
32461,0.000157,172.31.46.0-255,66,20061,44,197143
32462,0.000161,74.125.24.0-255,1484,21545,44,197143
32463,0.000163,172.31.46.0-255,66,21611,44,197143
32464,0.000184,74.125.24.0-255,2902,24513,44,197143
32465,0.000187,172.31.46.0-255,66,24579,44,197143
32466,0.000193,74.125.24.0-255,5738,30317,44,197143
32467,0.000196,172.31.46.0-255,66,30383,44,197143
32468,0.00025,172.31.46.0-255,66,30449,44,197143
32469,0.000261,172.31.46.0-255,66,30515,44,197143
32470,0.000264,74.125.24.0-255,362,30877,44,197143
32471,0.000266,172.31.46.0-255,66,30943,44,197143
32472,0.000269,74.125.24.0-255,381,31324,44,197143
32473,0.000271,172.31.46.0-255,66,31390,44,197143
32474,0.000328,74.125.24.0-255,1484,32874,44,197143
32475,0.00033,172.31.46.0-255,66,32940,44,197143
32476,0.000335,74.125.24.0-255,2902,35842,44,197143
32477,0.000337,172.31.46.0-255,66,35908,44,197143
32478,0.00036,74.125.24.0-255,5738,41646,44,197143
32479,0.000366,172.31.46.0-255,66,41712,44,197143
32480,0.000399,74.125.24.0-255,6797,48509,44,197143
32481,0.000402,172.31.46.0-255,66,48575,44,197143
32482,0.000434,74.125.24.0-255,7156,55731,44,197143
32483,0.000437,172.31.46.0-255,66,55797,44,197143
32484,0.000443,74.125.24.0-255,5738,61535,44,197143
32485,0.000445,172.31.46.0-255,66,61601,44,197143
32486,0.000482,172.31.46.0-255,66,61667,44,197143
32487,0.000508,74.125.24.0-255,1994,63661,44,197143
32488,0.00051,172.31.46.0-255,66,63727,44,197143
32489,0.000516,74.125.24.0-255,5379,69106,44,197143
32490,0.000519,172.31.46.0-255,66,69172,44,197143
32491,0.000524,74.125.24.0-255,5738,74910,44,197143
32492,0.000527,172.31.46.0-255,66,74976,44,197143
32493,0.000577,172.31.46.0-255,66,75042,44,197143
32494,0.000637,74.125.24.0-255,1484,76526,44,197143
32495,0.000644,74.125.24.0-255,2902,79428,44,197143
32496,0.000668,74.125.24.0-255,5738,85166,44,197143
32497,0.000674,74.125.24.0-255,4320,89486,44,197143
32498,0.000739,74.125.24.0-255,5738,95224,44,197143
32499,0.00076,74.125.24.0-255,3602,98826,44,197143
32500,0.00086,172.31.46.0-255,66,98892,44,197143
32501,0.000864,74.125.24.0-255,1484,100376,44,197143
32502,0.000867,74.125.24.0-255,1484,101860,44,197143
32503,0.000873,172.31.46.0-255,66,101926,44,197143
32504,0.000898,74.125.24.0-255,1484,103410,44,197143
32505,0.000905,74.125.24.0-255,5738,109148,44,197143
32506,0.000929,74.125.24.0-255,4320,113468,44,197143
32507,0.000944,74.125.24.0-255,2902,116370,44,197143
32508,0.000956,172.31.46.0-255,66,116436,44,197143
32509,0.001043,172.31.46.0-255,66,116502,44,197143
32510,0.001073,74.125.24.0-255,1484,117986,44,197143
32511,0.001092,74.125.24.0-255,5738,123724,44,197143
32512,0.001095,172.31.46.0-255,66,123790,44,197143
32513,0.001114,74.125.24.0-255,2902,126692,44,197143
32514,0.001142,74.125.24.0-255,3961,130653,44,197143
32515,0.001156,172.31.46.0-255,66,130719,44,197143
32516,0.001166,74.125.24.0-255,4320,135039,44,197143
32517,0.001197,172.31.46.0-255,66,135105,44,197143
32518,0.001242,74.125.24.0-255,1484,136589,44,197143
32519,0.001247,74.125.24.0-255,2902,139491,44,197143
32520,0.001254,74.125.24.0-255,5738,145229,44,197143
32521,0.001272,172.31.46.0-255,66,145295,44,197143
32522,0.001308,74.125.24.0-255,6797,152092,44,197143
32523,0.001329,172.31.46.0-255,66,152158,44,197143
32524,0.001342,74.125.24.0-255,7156,159314,44,197143
32525,0.001351,172.31.46.0-255,66,159380,44,197143
32526,0.001373,74.125.24.0-255,7156,166536,44,197143
32527,0.001394,172.31.46.0-255,66,166602,44,197143
32528,0.001405,74.125.24.0-255,4320,170922,44,197143
32529,0.001432,74.125.24.0-255,6797,177719,44,197143
32530,0.001449,172.31.46.0-255,66,177785,44,197143
32531,0.001463,172.31.46.0-255,66,177851,44,197143
32532,0.001486,74.125.24.0-255,3961,181812,44,197143
32533,0.00155,172.31.46.0-255,66,181878,44,197143
32534,0.001572,74.125.24.0-255,5394,187272,44,197143
32535,0.001589,172.31.46.0-255,66,187338,44,197143
32536,0.001638,74.125.24.0-255,97,187435,44,197143
32537,0.001738,74.125.24.0-255,105,187540,44,197143
32538,0.00452,172.31.46.0-255,66,187606,44,197143
32539,0.00456,172.31.46.0-255,105,187711,44,197143
32540,0.006888,74.125.24.0-255,66,187777,44,197143
32541,0.038066,172.31.46.0-255,172,187949,44,197143
32542,0.038097,172.31.46.0-255,1114,189063,44,197143
32543,0.038172,172.31.46.0-255,1514,190577,44,197143
32544,0.038173,172.31.46.0-255,1514,192091,44,197143
32545,0.038175,172.31.46.0-255,1514,193605,44,197143
32546,0.038176,172.31.46.0-255,1514,195119,44,197143
32547,0.038177,172.31.46.0-255,1514,196633,44,197143
32548,0.038204,172.31.46.0-255,72,196705,44,197143
32549,0.039618,104.244.42.0-255,66,196771,44,197143
32550,0.039629,104.244.42.0-255,66,196837,44,197143
32551,0.039768,104.244.42.0-255,66,196903,44,197143
32552,0.039796,104.244.42.0-255,66,196969,44,197143
32553,0.040278,104.244.42.0-255,108,197077,44,197143
32554,0.040287,172.31.46.0-255,66,197143,44,197143
32555,0.0,74.125.24.0-255,149,149,44,315946
32556,2.1e-05,172.31.46.0-255,66,215,44,315946
32557,2.7e-05,74.125.24.0-255,1484,1699,44,315946
32558,3.1e-05,172.31.46.0-255,66,1765,44,315946
32559,4.5e-05,74.125.24.0-255,2902,4667,44,315946
32560,4.8e-05,172.31.46.0-255,66,4733,44,315946
32561,5.7e-05,74.125.24.0-255,7156,11889,44,315946
32562,5.9e-05,172.31.46.0-255,66,11955,44,315946
32563,9.2e-05,74.125.24.0-255,7156,19111,44,315946
32564,9.6e-05,172.31.46.0-255,66,19177,44,315946
32565,0.000136,172.31.46.0-255,66,19243,44,315946
32566,0.00014,74.125.24.0-255,2543,21786,44,315946
32567,0.000142,172.31.46.0-255,66,21852,44,315946
32568,0.000277,74.125.24.0-255,1484,23336,44,315946
32569,0.000281,172.31.46.0-255,66,23402,44,315946
32570,0.000287,74.125.24.0-255,2902,26304,44,315946
32571,0.000289,172.31.46.0-255,66,26370,44,315946
32572,0.0003,74.125.24.0-255,4320,30690,44,315946
32573,0.000303,172.31.46.0-255,66,30756,44,315946
32574,0.000336,74.125.24.0-255,1484,32240,44,315946
32575,0.000339,172.31.46.0-255,66,32306,44,315946
32576,0.000353,172.31.46.0-255,66,32372,44,315946
32577,0.000356,74.125.24.0-255,1484,33856,44,315946
32578,0.000358,172.31.46.0-255,66,33922,44,315946
32579,0.000362,74.125.24.0-255,1484,35406,44,315946
32580,0.000364,172.31.46.0-255,66,35472,44,315946
32581,0.000409,172.31.46.0-255,66,35538,44,315946
32582,0.000657,74.125.24.0-255,1484,37022,44,315946
32583,0.000663,172.31.46.0-255,66,37088,44,315946
32584,0.000669,74.125.24.0-255,2902,39990,44,315946
32585,0.000672,172.31.46.0-255,66,40056,44,315946
32586,0.000702,74.125.24.0-255,5738,45794,44,315946
32587,0.000705,172.31.46.0-255,66,45860,44,315946
32588,0.000721,172.31.46.0-255,66,45926,44,315946
32589,0.000748,74.125.24.0-255,1484,47410,44,315946
32590,0.000764,172.31.46.0-255,66,47476,44,315946
32591,0.000767,74.125.24.0-255,766,48242,44,315946
32592,0.001045,74.125.24.0-255,1484,49726,44,315946
32593,0.001052,172.31.46.0-255,66,49792,44,315946
32594,0.001058,74.125.24.0-255,2902,52694,44,315946
32595,0.001061,172.31.46.0-255,66,52760,44,315946
32596,0.001105,74.125.24.0-255,5738,58498,44,315946
32597,0.001109,172.31.46.0-255,66,58564,44,315946
32598,0.001162,172.31.46.0-255,66,58630,44,315946
32599,0.001181,172.31.46.0-255,66,58696,44,315946
32600,0.002064,172.31.46.0-255,101,58797,44,315946
32601,0.002112,74.125.24.0-255,1484,60281,44,315946
32602,0.002133,74.125.24.0-255,2902,63183,44,315946
32603,0.002137,172.31.46.0-255,66,63249,44,315946
32604,0.00217,74.125.24.0-255,5738,68987,44,315946
32605,0.002173,172.31.46.0-255,66,69053,44,315946
32606,0.00218,74.125.24.0-255,7156,76209,44,315946
32607,0.002183,172.31.46.0-255,66,76275,44,315946
32608,0.002212,74.125.24.0-255,5738,82013,44,315946
32609,0.002215,172.31.46.0-255,66,82079,44,315946
32610,0.002221,74.125.24.0-255,5738,87817,44,315946
32611,0.002223,172.31.46.0-255,66,87883,44,315946
32612,0.002295,74.125.24.0-255,5020,92903,44,315946
32613,0.0023,172.31.46.0-255,66,92969,44,315946
32614,0.004299,74.125.24.0-255,66,93035,44,315946
32615,0.004545,74.125.24.0-255,5738,98773,44,315946
32616,0.004552,172.31.46.0-255,66,98839,44,315946
32617,0.006835,74.125.24.0-255,5738,104577,44,315946
32618,0.006841,172.31.46.0-255,66,104643,44,315946
32619,0.009123,74.125.24.0-255,5738,110381,44,315946
32620,0.00913,172.31.46.0-255,66,110447,44,315946
32621,0.011473,74.125.24.0-255,5738,116185,44,315946
32622,0.011487,172.31.46.0-255,66,116251,44,315946
32623,0.013789,74.125.24.0-255,5738,121989,44,315946
32624,0.013801,172.31.46.0-255,66,122055,44,315946
32625,0.01608,74.125.24.0-255,5738,127793,44,315946
32626,0.016097,172.31.46.0-255,66,127859,44,315946
32627,0.018414,74.125.24.0-255,5738,133597,44,315946
32628,0.018428,172.31.46.0-255,66,133663,44,315946
32629,0.020754,74.125.24.0-255,5738,139401,44,315946
32630,0.020766,172.31.46.0-255,66,139467,44,315946
32631,0.02308,74.125.24.0-255,5738,145205,44,315946
32632,0.023099,172.31.46.0-255,66,145271,44,315946
32633,0.025421,74.125.24.0-255,5738,151009,44,315946
32634,0.025432,172.31.46.0-255,66,151075,44,315946
32635,0.027745,74.125.24.0-255,5738,156813,44,315946
32636,0.027754,172.31.46.0-255,66,156879,44,315946
32637,0.028395,172.31.46.0-255,172,157051,44,315946
32638,0.02843,172.31.46.0-255,1114,158165,44,315946
32639,0.028501,172.31.46.0-255,1514,159679,44,315946
32640,0.028503,172.31.46.0-255,1514,161193,44,315946
32641,0.028504,172.31.46.0-255,1514,162707,44,315946
32642,0.028505,172.31.46.0-255,1514,164221,44,315946
32643,0.028506,172.31.46.0-255,557,164778,44,315946
32644,0.029933,104.244.42.0-255,66,164844,44,315946
32645,0.029973,104.244.42.0-255,66,164910,44,315946
32646,0.030017,74.125.24.0-255,5738,170648,44,315946
32647,0.030022,172.31.46.0-255,66,170714,44,315946
32648,0.030085,104.244.42.0-255,66,170780,44,315946
32649,0.03009,104.244.42.0-255,66,170846,44,315946
32650,0.032329,74.125.24.0-255,5738,176584,44,315946
32651,0.032335,172.31.46.0-255,66,176650,44,315946
32652,0.034685,74.125.24.0-255,5738,182388,44,315946
32653,0.034699,172.31.46.0-255,66,182454,44,315946
32654,0.037023,74.125.24.0-255,5738,188192,44,315946
32655,0.037039,172.31.46.0-255,66,188258,44,315946
32656,0.039301,74.125.24.0-255,5738,193996,44,315946
32657,0.039309,172.31.46.0-255,66,194062,44,315946
32658,0.041583,74.125.24.0-255,5738,199800,44,315946
32659,0.041601,172.31.46.0-255,66,199866,44,315946
32660,0.043901,74.125.24.0-255,5738,205604,44,315946
32661,0.043916,172.31.46.0-255,66,205670,44,315946
32662,0.046222,74.125.24.0-255,5738,211408,44,315946
32663,0.046233,172.31.46.0-255,66,211474,44,315946
32664,0.048571,74.125.24.0-255,5738,217212,44,315946
32665,0.048583,172.31.46.0-255,66,217278,44,315946
32666,0.050872,74.125.24.0-255,5738,223016,44,315946
32667,0.050889,172.31.46.0-255,66,223082,44,315946
32668,0.053166,74.125.24.0-255,5738,228820,44,315946
32669,0.053194,172.31.46.0-255,66,228886,44,315946
32670,0.055494,74.125.24.0-255,5738,234624,44,315946
32671,0.055502,172.31.46.0-255,66,234690,44,315946
32672,0.057778,74.125.24.0-255,5738,240428,44,315946
32673,0.057793,172.31.46.0-255,66,240494,44,315946
32674,0.060114,74.125.24.0-255,5738,246232,44,315946
32675,0.060121,172.31.46.0-255,66,246298,44,315946
32676,0.062398,74.125.24.0-255,5738,252036,44,315946
32677,0.062404,172.31.46.0-255,66,252102,44,315946
32678,0.064717,74.125.24.0-255,5738,257840,44,315946
32679,0.064726,172.31.46.0-255,66,257906,44,315946
32680,0.067014,74.125.24.0-255,5738,263644,44,315946
32681,0.067025,172.31.46.0-255,66,263710,44,315946
32682,0.069296,74.125.24.0-255,5738,269448,44,315946
32683,0.069313,172.31.46.0-255,66,269514,44,315946
32684,0.071595,74.125.24.0-255,5738,275252,44,315946
32685,0.071603,172.31.46.0-255,66,275318,44,315946
32686,0.073931,74.125.24.0-255,5738,281056,44,315946
32687,0.073946,172.31.46.0-255,66,281122,44,315946
32688,0.076254,74.125.24.0-255,5738,286860,44,315946
32689,0.076261,172.31.46.0-255,66,286926,44,315946
32690,0.078547,74.125.24.0-255,5738,292664,44,315946
32691,0.078555,172.31.46.0-255,66,292730,44,315946
32692,0.080878,74.125.24.0-255,5738,298468,44,315946
32693,0.080883,172.31.46.0-255,66,298534,44,315946
32694,0.083165,74.125.24.0-255,5738,304272,44,315946
32695,0.083172,172.31.46.0-255,66,304338,44,315946
32696,0.085452,74.125.24.0-255,5738,310076,44,315946
32697,0.085461,172.31.46.0-255,66,310142,44,315946
32698,0.087815,74.125.24.0-255,5738,315880,44,315946
32699,0.087822,172.31.46.0-255,66,315946,44,315946
32700,0.0,74.125.68.0-255,146,146,44,395583
32701,2.3e-05,172.31.46.0-255,66,212,44,395583
32702,5.5e-05,74.125.68.0-255,1484,1696,44,395583
32703,6.1e-05,172.31.46.0-255,66,1762,44,395583
32704,6.7e-05,74.125.68.0-255,2902,4664,44,395583
32705,7e-05,172.31.46.0-255,66,4730,44,395583
32706,0.000122,74.125.68.0-255,5738,10468,44,395583
32707,0.000127,172.31.46.0-255,66,10534,44,395583
32708,0.00013,74.125.68.0-255,1484,12018,44,395583
32709,0.000132,172.31.46.0-255,66,12084,44,395583
32710,0.000157,74.125.68.0-255,7156,19240,44,395583
32711,0.00016,172.31.46.0-255,66,19306,44,395583
32712,0.000183,74.125.68.0-255,628,19934,44,395583
32713,0.000185,172.31.46.0-255,66,20000,44,395583
32714,0.000191,74.125.68.0-255,4320,24320,44,395583
32715,0.000193,172.31.46.0-255,66,24386,44,395583
32716,0.000226,74.125.68.0-255,4320,28706,44,395583
32717,0.00023,172.31.46.0-255,66,28772,44,395583
32718,0.000233,74.125.68.0-255,1484,30256,44,395583
32719,0.000236,172.31.46.0-255,66,30322,44,395583
32720,0.000239,74.125.68.0-255,1125,31447,44,395583
32721,0.000241,172.31.46.0-255,66,31513,44,395583
32722,0.000597,74.125.68.0-255,1484,32997,44,395583
32723,0.000603,172.31.46.0-255,66,33063,44,395583
32724,0.000633,74.125.68.0-255,2902,35965,44,395583
32725,0.000637,172.31.46.0-255,66,36031,44,395583
32726,0.00067,74.125.68.0-255,4320,40351,44,395583
32727,0.000674,172.31.46.0-255,66,40417,44,395583
32728,0.00068,74.125.68.0-255,5738,46155,44,395583
32729,0.000683,172.31.46.0-255,66,46221,44,395583
32730,0.000714,74.125.68.0-255,2543,48764,44,395583
32731,0.000718,172.31.46.0-255,66,48830,44,395583
32732,0.000722,74.125.68.0-255,2902,51732,44,395583
32733,0.000724,172.31.46.0-255,66,51798,44,395583
32734,0.000771,74.125.68.0-255,5738,57536,44,395583
32735,0.000775,172.31.46.0-255,66,57602,44,395583
32736,0.0008,74.125.68.0-255,7156,64758,44,395583
32737,0.000803,172.31.46.0-255,66,64824,44,395583
32738,0.000812,74.125.68.0-255,1438,66262,44,395583
32739,0.0009,74.125.68.0-255,110,66372,44,395583
32740,0.001074,74.125.68.0-255,1484,67856,44,395583
32741,0.001079,172.31.46.0-255,66,67922,44,395583
32742,0.001085,74.125.68.0-255,2902,70824,44,395583
32743,0.001087,172.31.46.0-255,66,70890,44,395583
32744,0.001117,74.125.68.0-255,4320,75210,44,395583
32745,0.00112,172.31.46.0-255,66,75276,44,395583
32746,0.001148,74.125.68.0-255,5738,81014,44,395583
32747,0.001151,172.31.46.0-255,66,81080,44,395583
32748,0.001179,74.125.68.0-255,2543,83623,44,395583
32749,0.001182,172.31.46.0-255,66,83689,44,395583
32750,0.001208,74.125.68.0-255,1484,85173,44,395583
32751,0.001226,74.125.68.0-255,2902,88075,44,395583
32752,0.001229,172.31.46.0-255,66,88141,44,395583
32753,0.001256,74.125.68.0-255,5738,93879,44,395583
32754,0.001261,172.31.46.0-255,66,93945,44,395583
32755,0.001306,74.125.68.0-255,1484,95429,44,395583
32756,0.001325,74.125.68.0-255,2902,98331,44,395583
32757,0.001328,172.31.46.0-255,66,98397,44,395583
32758,0.001368,74.125.68.0-255,2543,100940,44,395583
32759,0.001371,172.31.46.0-255,66,101006,44,395583
32760,0.001641,74.125.68.0-255,1484,102490,44,395583
32761,0.001661,74.125.68.0-255,2902,105392,44,395583
32762,0.001665,172.31.46.0-255,66,105458,44,395583
32763,0.001669,74.125.68.0-255,1484,106942,44,395583
32764,0.001787,74.125.68.0-255,1484,108426,44,395583
32765,0.001791,172.31.46.0-255,66,108492,44,395583
32766,0.001795,74.125.68.0-255,1484,109976,44,395583
32767,0.001799,74.125.68.0-255,2902,112878,44,395583
32768,0.0018,172.31.46.0-255,66,112944,44,395583
32769,0.001868,74.125.68.0-255,1484,114428,44,395583
32770,0.001966,74.125.68.0-255,1484,115912,44,395583
32771,0.001971,172.31.46.0-255,66,115978,44,395583
32772,0.001977,74.125.68.0-255,2902,118880,44,395583
32773,0.001979,172.31.46.0-255,66,118946,44,395583
32774,0.00199,74.125.68.0-255,5738,124684,44,395583
32775,0.001993,172.31.46.0-255,66,124750,44,395583
32776,0.001996,74.125.68.0-255,1484,126234,44,395583
32777,0.002035,74.125.68.0-255,5738,131972,44,395583
32778,0.002038,172.31.46.0-255,66,132038,44,395583
32779,0.002044,74.125.68.0-255,3602,135640,44,395583
32780,0.002046,172.31.46.0-255,66,135706,44,395583
32781,0.004079,74.125.68.0-255,5738,141444,44,395583
32782,0.004088,172.31.46.0-255,66,141510,44,395583
32783,0.006118,74.125.68.0-255,5738,147248,44,395583
32784,0.006123,172.31.46.0-255,66,147314,44,395583
32785,0.008156,74.125.68.0-255,5738,153052,44,395583
32786,0.008168,172.31.46.0-255,66,153118,44,395583
32787,0.01021,74.125.68.0-255,5738,158856,44,395583
32788,0.010226,172.31.46.0-255,66,158922,44,395583
32789,0.012259,74.125.68.0-255,5738,164660,44,395583
32790,0.012271,172.31.46.0-255,66,164726,44,395583
32791,0.014309,74.125.68.0-255,5738,170464,44,395583
32792,0.014323,172.31.46.0-255,66,170530,44,395583
32793,0.016374,74.125.68.0-255,5738,176268,44,395583
32794,0.016386,172.31.46.0-255,66,176334,44,395583
32795,0.018438,74.125.68.0-255,5738,182072,44,395583
32796,0.018449,172.31.46.0-255,66,182138,44,395583
32797,0.020481,74.125.68.0-255,5738,187876,44,395583
32798,0.020491,172.31.46.0-255,66,187942,44,395583
32799,0.022594,74.125.68.0-255,5738,193680,44,395583
32800,0.02261,172.31.46.0-255,66,193746,44,395583
32801,0.024683,74.125.68.0-255,5738,199484,44,395583
32802,0.024698,172.31.46.0-255,66,199550,44,395583
32803,0.026746,74.125.68.0-255,5738,205288,44,395583
32804,0.026763,172.31.46.0-255,66,205354,44,395583
32805,0.028819,74.125.68.0-255,5738,211092,44,395583
32806,0.028831,172.31.46.0-255,66,211158,44,395583
32807,0.030868,74.125.68.0-255,5738,216896,44,395583
32808,0.03088,172.31.46.0-255,66,216962,44,395583
32809,0.031747,172.31.46.0-255,188,217150,44,395583
32810,0.031795,172.31.46.0-255,955,218105,44,395583
32811,0.031881,172.31.46.0-255,1514,219619,44,395583
32812,0.031884,172.31.46.0-255,1514,221133,44,395583
32813,0.031885,172.31.46.0-255,1514,222647,44,395583
32814,0.031886,172.31.46.0-255,1514,224161,44,395583
32815,0.031925,172.31.46.0-255,1514,225675,44,395583
32816,0.031926,172.31.46.0-255,230,225905,44,395583
32817,0.032933,74.125.68.0-255,5738,231643,44,395583
32818,0.032941,172.31.46.0-255,66,231709,44,395583
32819,0.033287,104.244.42.0-255,66,231775,44,395583
32820,0.033325,104.244.42.0-255,66,231841,44,395583
32821,0.033469,104.244.42.0-255,66,231907,44,395583
32822,0.033475,104.244.42.0-255,66,231973,44,395583
32823,0.034164,104.244.42.0-255,108,232081,44,395583
32824,0.034187,172.31.46.0-255,66,232147,44,395583
32825,0.034956,74.125.68.0-255,5738,237885,44,395583
32826,0.03496,172.31.46.0-255,66,237951,44,395583
32827,0.03697,74.125.68.0-255,5738,243689,44,395583
32828,0.036977,172.31.46.0-255,66,243755,44,395583
32829,0.038985,74.125.68.0-255,5738,249493,44,395583
32830,0.038991,172.31.46.0-255,66,249559,44,395583
32831,0.041018,74.125.68.0-255,5738,255297,44,395583
32832,0.04103,172.31.46.0-255,66,255363,44,395583
32833,0.043053,74.125.68.0-255,5738,261101,44,395583
32834,0.043067,172.31.46.0-255,66,261167,44,395583
32835,0.0451,74.125.68.0-255,5738,266905,44,395583
32836,0.045112,172.31.46.0-255,66,266971,44,395583
32837,0.047158,74.125.68.0-255,5738,272709,44,395583
32838,0.047173,172.31.46.0-255,66,272775,44,395583
32839,0.049195,74.125.68.0-255,2902,275677,44,395583
32840,0.049201,172.31.46.0-255,66,275743,44,395583
32841,0.049236,74.125.68.0-255,2902,278645,44,395583
32842,0.049239,172.31.46.0-255,66,278711,44,395583
32843,0.051219,74.125.68.0-255,2902,281613,44,395583
32844,0.051225,172.31.46.0-255,66,281679,44,395583
32845,0.051264,74.125.68.0-255,2902,284581,44,395583
32846,0.051267,172.31.46.0-255,66,284647,44,395583
32847,0.053259,74.125.68.0-255,2902,287549,44,395583
32848,0.053265,172.31.46.0-255,66,287615,44,395583
32849,0.053301,74.125.68.0-255,2902,290517,44,395583
32850,0.053305,172.31.46.0-255,66,290583,44,395583
32851,0.055282,74.125.68.0-255,2902,293485,44,395583
32852,0.055287,172.31.46.0-255,66,293551,44,395583
32853,0.055325,74.125.68.0-255,2902,296453,44,395583
32854,0.055328,172.31.46.0-255,66,296519,44,395583
32855,0.057308,74.125.68.0-255,2902,299421,44,395583
32856,0.057317,172.31.46.0-255,66,299487,44,395583
32857,0.057351,74.125.68.0-255,2902,302389,44,395583
32858,0.057354,172.31.46.0-255,66,302455,44,395583
32859,0.059348,74.125.68.0-255,2902,305357,44,395583
32860,0.05936,172.31.46.0-255,66,305423,44,395583
32861,0.059396,74.125.68.0-255,2902,308325,44,395583
32862,0.059399,172.31.46.0-255,66,308391,44,395583
32863,0.061375,74.125.68.0-255,2902,311293,44,395583
32864,0.061383,172.31.46.0-255,66,311359,44,395583
32865,0.061409,74.125.68.0-255,2902,314261,44,395583
32866,0.061412,172.31.46.0-255,66,314327,44,395583
32867,0.063413,74.125.68.0-255,5738,320065,44,395583
32868,0.063426,172.31.46.0-255,66,320131,44,395583
32869,0.065452,74.125.68.0-255,5738,325869,44,395583
32870,0.06546,172.31.46.0-255,66,325935,44,395583
32871,0.067489,74.125.68.0-255,5738,331673,44,395583
32872,0.067497,172.31.46.0-255,66,331739,44,395583
32873,0.069519,74.125.68.0-255,5738,337477,44,395583
32874,0.069527,172.31.46.0-255,66,337543,44,395583
32875,0.071556,74.125.68.0-255,5738,343281,44,395583
32876,0.071566,172.31.46.0-255,66,343347,44,395583
32877,0.073588,74.125.68.0-255,5738,349085,44,395583
32878,0.073594,172.31.46.0-255,66,349151,44,395583
32879,0.075627,74.125.68.0-255,5738,354889,44,395583
32880,0.07564,172.31.46.0-255,66,354955,44,395583
32881,0.077669,74.125.68.0-255,5738,360693,44,395583
32882,0.077677,172.31.46.0-255,66,360759,44,395583
32883,0.079738,74.125.68.0-255,5738,366497,44,395583
32884,0.079746,172.31.46.0-255,66,366563,44,395583
32885,0.081779,74.125.68.0-255,5738,372301,44,395583
32886,0.08179,172.31.46.0-255,66,372367,44,395583
32887,0.083815,74.125.68.0-255,5738,378105,44,395583
32888,0.083821,172.31.46.0-255,66,378171,44,395583
32889,0.08588,74.125.68.0-255,5738,383909,44,395583
32890,0.085885,172.31.46.0-255,66,383975,44,395583
32891,0.087909,74.125.68.0-255,5738,389713,44,395583
32892,0.087916,172.31.46.0-255,66,389779,44,395583
32893,0.089942,74.125.68.0-255,5738,395517,44,395583
32894,0.089948,172.31.46.0-255,66,395583,44,395583
32895,0.0,74.125.130.0-255,153,153,44,380227
32896,1.8e-05,172.31.46.0-255,66,219,44,380227
32897,3.9e-05,74.125.130.0-255,1484,1703,44,380227
32898,4.4e-05,172.31.46.0-255,66,1769,44,380227
32899,5e-05,74.125.130.0-255,2902,4671,44,380227
32900,5.2e-05,172.31.46.0-255,66,4737,44,380227
32901,5.6e-05,74.125.130.0-255,1484,6221,44,380227
32902,5.8e-05,172.31.46.0-255,66,6287,44,380227
32903,8.1e-05,74.125.130.0-255,1484,7771,44,380227
32904,8.3e-05,172.31.46.0-255,66,7837,44,380227
32905,9e-05,74.125.130.0-255,4320,12157,44,380227
32906,9.2e-05,172.31.46.0-255,66,12223,44,380227
32907,0.000109,74.125.130.0-255,4320,16543,44,380227
32908,0.000112,172.31.46.0-255,66,16609,44,380227
32909,0.000139,74.125.130.0-255,4775,21384,44,380227
32910,0.000141,172.31.46.0-255,66,21450,44,380227
32911,0.000154,172.31.46.0-255,66,21516,44,380227
32912,0.000918,74.125.130.0-255,1484,23000,44,380227
32913,0.000924,172.31.46.0-255,66,23066,44,380227
32914,0.000934,74.125.130.0-255,2902,25968,44,380227
32915,0.000936,172.31.46.0-255,66,26034,44,380227
32916,0.000944,74.125.130.0-255,5738,31772,44,380227
32917,0.000946,172.31.46.0-255,66,31838,44,380227
32918,0.000969,74.125.130.0-255,2902,34740,44,380227
32919,0.000972,172.31.46.0-255,66,34806,44,380227
32920,0.000992,74.125.130.0-255,3961,38767,44,380227
32921,0.000994,172.31.46.0-255,66,38833,44,380227
32922,0.001001,74.125.130.0-255,7156,45989,44,380227
32923,0.001003,172.31.46.0-255,66,46055,44,380227
32924,0.00102,74.125.130.0-255,2902,48957,44,380227
32925,0.001022,172.31.46.0-255,66,49023,44,380227
32926,0.001043,74.125.130.0-255,7052,56075,44,380227
32927,0.001046,172.31.46.0-255,66,56141,44,380227
32928,0.001278,74.125.130.0-255,112,56253,44,380227
32929,0.001651,74.125.130.0-255,1484,57737,44,380227
32930,0.001658,172.31.46.0-255,66,57803,44,380227
32931,0.001666,74.125.130.0-255,2902,60705,44,380227
32932,0.001668,172.31.46.0-255,66,60771,44,380227
32933,0.001671,74.125.130.0-255,1484,62255,44,380227
32934,0.001697,74.125.130.0-255,2902,65157,44,380227
32935,0.001699,172.31.46.0-255,66,65223,44,380227
32936,0.001727,74.125.130.0-255,2902,68125,44,380227
32937,0.001729,172.31.46.0-255,66,68191,44,380227
32938,0.001751,74.125.130.0-255,4320,72511,44,380227
32939,0.001754,172.31.46.0-255,66,72577,44,380227
32940,0.001775,74.125.130.0-255,1484,74061,44,380227
32941,0.001791,74.125.130.0-255,7156,81217,44,380227
32942,0.001793,172.31.46.0-255,66,81283,44,380227
32943,0.001822,74.125.130.0-255,5738,87021,44,380227
32944,0.001824,172.31.46.0-255,66,87087,44,380227
32945,0.001839,74.125.130.0-255,3602,90689,44,380227
32946,0.001842,172.31.46.0-255,66,90755,44,380227
32947,0.001908,74.125.130.0-255,1484,92239,44,380227
32948,0.001925,74.125.130.0-255,2902,95141,44,380227
32949,0.001928,172.31.46.0-255,66,95207,44,380227
32950,0.001949,74.125.130.0-255,4320,99527,44,380227
32951,0.001951,172.31.46.0-255,66,99593,44,380227
32952,0.001975,74.125.130.0-255,1484,101077,44,380227
32953,0.00199,74.125.130.0-255,5738,106815,44,380227
32954,0.001993,172.31.46.0-255,66,106881,44,380227
32955,0.002012,74.125.130.0-255,4320,111201,44,380227
32956,0.002015,172.31.46.0-255,66,111267,44,380227
32957,0.002035,74.125.130.0-255,4320,115587,44,380227
32958,0.002037,172.31.46.0-255,66,115653,44,380227
32959,0.002041,74.125.130.0-255,2902,118555,44,380227
32960,0.002043,172.31.46.0-255,66,118621,44,380227
32961,0.002049,74.125.130.0-255,4320,122941,44,380227
32962,0.002052,172.31.46.0-255,66,123007,44,380227
32963,0.002089,74.125.130.0-255,2184,125191,44,380227
32964,0.002091,172.31.46.0-255,66,125257,44,380227
32965,0.002103,74.125.130.0-255,2902,128159,44,380227
32966,0.002106,172.31.46.0-255,66,128225,44,380227
32967,0.002138,74.125.130.0-255,4320,132545,44,380227
32968,0.00214,172.31.46.0-255,66,132611,44,380227
32969,0.002155,74.125.130.0-255,1484,134095,44,380227
32970,0.002176,74.125.130.0-255,4320,138415,44,380227
32971,0.002179,172.31.46.0-255,66,138481,44,380227
32972,0.002185,74.125.130.0-255,4320,142801,44,380227
32973,0.002187,172.31.46.0-255,66,142867,44,380227
32974,0.002207,74.125.130.0-255,5738,148605,44,380227
32975,0.002209,172.31.46.0-255,66,148671,44,380227
32976,0.002231,74.125.130.0-255,1484,150155,44,380227
32977,0.002261,74.125.130.0-255,2902,153057,44,380227
32978,0.002263,172.31.46.0-255,66,153123,44,380227
32979,0.00444,74.125.130.0-255,1484,154607,44,380227
32980,0.004495,74.125.130.0-255,4320,158927,44,380227
32981,0.004498,172.31.46.0-255,66,158993,44,380227
32982,0.006742,74.125.130.0-255,5738,164731,44,380227
32983,0.006749,172.31.46.0-255,66,164797,44,380227
32984,0.009007,74.125.130.0-255,5738,170535,44,380227
32985,0.009014,172.31.46.0-255,66,170601,44,380227
32986,0.011266,74.125.130.0-255,5738,176339,44,380227
32987,0.011276,172.31.46.0-255,66,176405,44,380227
32988,0.013529,74.125.130.0-255,5738,182143,44,380227
32989,0.013538,172.31.46.0-255,66,182209,44,380227
32990,0.015796,74.125.130.0-255,5738,187947,44,380227
32991,0.015807,172.31.46.0-255,66,188013,44,380227
32992,0.018073,74.125.130.0-255,5738,193751,44,380227
32993,0.018081,172.31.46.0-255,66,193817,44,380227
32994,0.020329,74.125.130.0-255,5738,199555,44,380227
32995,0.020337,172.31.46.0-255,66,199621,44,380227
32996,0.022581,74.125.130.0-255,5738,205359,44,380227
32997,0.022589,172.31.46.0-255,66,205425,44,380227
32998,0.02484,74.125.130.0-255,5738,211163,44,380227
32999,0.024848,172.31.46.0-255,66,211229,44,380227
33000,0.027099,74.125.130.0-255,5738,216967,44,380227
33001,0.027108,172.31.46.0-255,66,217033,44,380227
33002,0.029368,74.125.130.0-255,5738,222771,44,380227
33003,0.029377,172.31.46.0-255,66,222837,44,380227
33004,0.031628,74.125.130.0-255,5738,228575,44,380227
33005,0.031635,172.31.46.0-255,66,228641,44,380227
33006,0.033263,172.31.46.0-255,172,228813,44,380227
33007,0.033295,172.31.46.0-255,1109,229922,44,380227
33008,0.033356,172.31.46.0-255,1514,231436,44,380227
33009,0.033357,172.31.46.0-255,1514,232950,44,380227
33010,0.033363,172.31.46.0-255,1514,234464,44,380227
33011,0.033364,172.31.46.0-255,1514,235978,44,380227
33012,0.033382,172.31.46.0-255,1514,237492,44,380227
33013,0.033383,172.31.46.0-255,75,237567,44,380227
33014,0.033884,74.125.130.0-255,4320,241887,44,380227
33015,0.033891,172.31.46.0-255,66,241953,44,380227
33016,0.033911,74.125.130.0-255,1484,243437,44,380227
33017,0.034846,104.244.42.0-255,66,243503,44,380227
33018,0.034891,104.244.42.0-255,66,243569,44,380227
33019,0.034938,104.244.42.0-255,66,243635,44,380227
33020,0.034944,104.244.42.0-255,66,243701,44,380227
33021,0.036135,74.125.130.0-255,4320,248021,44,380227
33022,0.036143,172.31.46.0-255,66,248087,44,380227
33023,0.038422,74.125.130.0-255,5738,253825,44,380227
33024,0.038429,172.31.46.0-255,66,253891,44,380227
33025,0.040684,74.125.130.0-255,5738,259629,44,380227
33026,0.04069,172.31.46.0-255,66,259695,44,380227
33027,0.042945,74.125.130.0-255,5738,265433,44,380227
33028,0.042952,172.31.46.0-255,66,265499,44,380227
33029,0.045202,74.125.130.0-255,5738,271237,44,380227
33030,0.045209,172.31.46.0-255,66,271303,44,380227
33031,0.047458,74.125.130.0-255,5738,277041,44,380227
33032,0.047464,172.31.46.0-255,66,277107,44,380227
33033,0.049756,74.125.130.0-255,5738,282845,44,380227
33034,0.049763,172.31.46.0-255,66,282911,44,380227
33035,0.052023,74.125.130.0-255,5738,288649,44,380227
33036,0.05203,172.31.46.0-255,66,288715,44,380227
33037,0.054276,74.125.130.0-255,4320,293035,44,380227
33038,0.054284,172.31.46.0-255,66,293101,44,380227
33039,0.054302,74.125.130.0-255,1484,294585,44,380227
33040,0.056543,74.125.130.0-255,4320,298905,44,380227
33041,0.056549,172.31.46.0-255,66,298971,44,380227
33042,0.0588,74.125.130.0-255,5738,304709,44,380227
33043,0.058807,172.31.46.0-255,66,304775,44,380227
33044,0.061074,74.125.130.0-255,5738,310513,44,380227
33045,0.061081,172.31.46.0-255,66,310579,44,380227
33046,0.063322,74.125.130.0-255,5738,316317,44,380227
33047,0.063329,172.31.46.0-255,66,316383,44,380227
33048,0.06561,74.125.130.0-255,5738,322121,44,380227
33049,0.065621,172.31.46.0-255,66,322187,44,380227
33050,0.06787,74.125.130.0-255,5738,327925,44,380227
33051,0.067877,172.31.46.0-255,66,327991,44,380227
33052,0.070143,74.125.130.0-255,5738,333729,44,380227
33053,0.07015,172.31.46.0-255,66,333795,44,380227
33054,0.07241,74.125.130.0-255,5738,339533,44,380227
33055,0.072417,172.31.46.0-255,66,339599,44,380227
33056,0.074666,74.125.130.0-255,5738,345337,44,380227
33057,0.074672,172.31.46.0-255,66,345403,44,380227
33058,0.076957,74.125.130.0-255,5738,351141,44,380227
33059,0.076963,172.31.46.0-255,66,351207,44,380227
33060,0.079212,74.125.130.0-255,5738,356945,44,380227
33061,0.079219,172.31.46.0-255,66,357011,44,380227
33062,0.081476,74.125.130.0-255,5738,362749,44,380227
33063,0.081482,172.31.46.0-255,66,362815,44,380227
33064,0.083731,74.125.130.0-255,5738,368553,44,380227
33065,0.083738,172.31.46.0-255,66,368619,44,380227
33066,0.085993,74.125.130.0-255,5738,374357,44,380227
33067,0.085998,172.31.46.0-255,66,374423,44,380227
33068,0.088244,74.125.130.0-255,5738,380161,44,380227
33069,0.088252,172.31.46.0-255,66,380227,44,380227
33070,0.0,74.125.68.0-255,153,153,44,351631
33071,1.9e-05,172.31.46.0-255,66,219,44,351631
33072,2.5e-05,74.125.68.0-255,1484,1703,44,351631
33073,3e-05,172.31.46.0-255,66,1769,44,351631
33074,3.5e-05,74.125.68.0-255,2902,4671,44,351631
33075,4.5e-05,172.31.46.0-255,66,4737,44,351631
33076,5e-05,74.125.68.0-255,2902,7639,44,351631
33077,5.2e-05,172.31.46.0-255,66,7705,44,351631
33078,5.8e-05,74.125.68.0-255,4320,12025,44,351631
33079,6e-05,172.31.46.0-255,66,12091,44,351631
33080,9.3e-05,74.125.68.0-255,1938,14029,44,351631
33081,9.6e-05,172.31.46.0-255,66,14095,44,351631
33082,0.000417,74.125.68.0-255,1484,15579,44,351631
33083,0.000422,172.31.46.0-255,66,15645,44,351631
33084,0.000428,74.125.68.0-255,2902,18547,44,351631
33085,0.000431,172.31.46.0-255,66,18613,44,351631
33086,0.000447,74.125.68.0-255,2902,21515,44,351631
33087,0.000449,172.31.46.0-255,66,21581,44,351631
33088,0.000453,74.125.68.0-255,2902,24483,44,351631
33089,0.000459,172.31.46.0-255,66,24549,44,351631
33090,0.000485,74.125.68.0-255,1484,26033,44,351631
33091,0.000488,172.31.46.0-255,66,26099,44,351631
33092,0.000495,74.125.68.0-255,7156,33255,44,351631
33093,0.000497,172.31.46.0-255,66,33321,44,351631
33094,0.000517,74.125.68.0-255,2543,35864,44,351631
33095,0.000519,172.31.46.0-255,66,35930,44,351631
33096,0.000534,172.31.46.0-255,66,35996,44,351631
33097,0.000561,74.125.68.0-255,5738,41734,44,351631
33098,0.000564,172.31.46.0-255,66,41800,44,351631
33099,0.000581,74.125.68.0-255,5738,47538,44,351631
33100,0.000583,172.31.46.0-255,66,47604,44,351631
33101,0.000617,172.31.46.0-255,66,47670,44,351631
33102,0.00064,74.125.68.0-255,412,48082,44,351631
33103,0.000666,74.125.68.0-255,331,48413,44,351631
33104,0.001063,172.31.46.0-255,66,48479,44,351631
33105,0.001088,74.125.68.0-255,1484,49963,44,351631
33106,0.001091,74.125.68.0-255,1484,51447,44,351631
33107,0.001094,172.31.46.0-255,66,51513,44,351631
33108,0.001121,74.125.68.0-255,1484,52997,44,351631
33109,0.001126,74.125.68.0-255,4320,57317,44,351631
33110,0.001128,172.31.46.0-255,66,57383,44,351631
33111,0.001135,74.125.68.0-255,7156,64539,44,351631
33112,0.001137,172.31.46.0-255,66,64605,44,351631
33113,0.001161,74.125.68.0-255,1484,66089,44,351631
33114,0.001167,74.125.68.0-255,7156,73245,44,351631
33115,0.001169,172.31.46.0-255,66,73311,44,351631
33116,0.001178,172.31.46.0-255,66,73377,44,351631
33117,0.00118,74.125.68.0-255,766,74143,44,351631
33118,0.001442,172.31.46.0-255,66,74209,44,351631
33119,0.001565,74.125.68.0-255,1484,75693,44,351631
33120,0.001572,74.125.68.0-255,1484,77177,44,351631
33121,0.001575,172.31.46.0-255,66,77243,44,351631
33122,0.0016,74.125.68.0-255,1484,78727,44,351631
33123,0.001605,74.125.68.0-255,4320,83047,44,351631
33124,0.001608,172.31.46.0-255,66,83113,44,351631
33125,0.001614,74.125.68.0-255,5738,88851,44,351631
33126,0.001615,172.31.46.0-255,66,88917,44,351631
33127,0.001652,74.125.68.0-255,2902,91819,44,351631
33128,0.001655,172.31.46.0-255,66,91885,44,351631
33129,0.00168,74.125.68.0-255,5738,97623,44,351631
33130,0.001683,172.31.46.0-255,66,97689,44,351631
33131,0.001692,172.31.46.0-255,66,97755,44,351631
33132,0.001715,74.125.68.0-255,1484,99239,44,351631
33133,0.001718,74.125.68.0-255,766,100005,44,351631
33134,0.00172,172.31.46.0-255,66,100071,44,351631
33135,0.001917,74.125.68.0-255,1484,101555,44,351631
33136,0.001922,74.125.68.0-255,1484,103039,44,351631
33137,0.001926,172.31.46.0-255,66,103105,44,351631
33138,0.001948,74.125.68.0-255,1484,104589,44,351631
33139,0.001954,74.125.68.0-255,5738,110327,44,351631
33140,0.001956,172.31.46.0-255,66,110393,44,351631
33141,0.001977,74.125.68.0-255,7156,117549,44,351631
33142,0.00198,172.31.46.0-255,66,117615,44,351631
33143,0.002002,74.125.68.0-255,1484,119099,44,351631
33144,0.002038,172.31.46.0-255,66,119165,44,351631
33145,0.002064,74.125.68.0-255,2184,121349,44,351631
33146,0.002066,172.31.46.0-255,66,121415,44,351631
33147,0.002121,74.125.68.0-255,1484,122899,44,351631
33148,0.002135,74.125.68.0-255,2902,125801,44,351631
33149,0.002139,172.31.46.0-255,66,125867,44,351631
33150,0.002168,74.125.68.0-255,5738,131605,44,351631
33151,0.00217,172.31.46.0-255,66,131671,44,351631
33152,0.002177,74.125.68.0-255,7156,138827,44,351631
33153,0.002179,172.31.46.0-255,66,138893,44,351631
33154,0.002224,74.125.68.0-255,7156,146049,44,351631
33155,0.002227,172.31.46.0-255,66,146115,44,351631
33156,0.002257,74.125.68.0-255,7156,153271,44,351631
33157,0.002259,172.31.46.0-255,66,153337,44,351631
33158,0.002263,74.125.68.0-255,2184,155521,44,351631
33159,0.002265,172.31.46.0-255,66,155587,44,351631
33160,0.004504,74.125.68.0-255,5738,161325,44,351631
33161,0.004511,172.31.46.0-255,66,161391,44,351631
33162,0.00676,74.125.68.0-255,5738,167129,44,351631
33163,0.006776,172.31.46.0-255,66,167195,44,351631
33164,0.009015,74.125.68.0-255,5738,172933,44,351631
33165,0.009022,172.31.46.0-255,66,172999,44,351631
33166,0.011287,74.125.68.0-255,5738,178737,44,351631
33167,0.011295,172.31.46.0-255,66,178803,44,351631
33168,0.013546,74.125.68.0-255,5738,184541,44,351631
33169,0.013554,172.31.46.0-255,66,184607,44,351631
33170,0.015812,74.125.68.0-255,5738,190345,44,351631
33171,0.015822,172.31.46.0-255,66,190411,44,351631
33172,0.018062,74.125.68.0-255,5738,196149,44,351631
33173,0.01807,172.31.46.0-255,66,196215,44,351631
33174,0.020319,74.125.68.0-255,4320,200535,44,351631
33175,0.020327,172.31.46.0-255,66,200601,44,351631
33176,0.020358,74.125.68.0-255,1484,202085,44,351631
33177,0.022583,74.125.68.0-255,4320,206405,44,351631
33178,0.02259,172.31.46.0-255,66,206471,44,351631
33179,0.024841,74.125.68.0-255,5738,212209,44,351631
33180,0.024848,172.31.46.0-255,66,212275,44,351631
33181,0.027089,74.125.68.0-255,5738,218013,44,351631
33182,0.027096,172.31.46.0-255,66,218079,44,351631
33183,0.029337,74.125.68.0-255,5738,223817,44,351631
33184,0.029344,172.31.46.0-255,66,223883,44,351631
33185,0.031596,74.125.68.0-255,5738,229621,44,351631
33186,0.031603,172.31.46.0-255,66,229687,44,351631
33187,0.033845,74.125.68.0-255,5738,235425,44,351631
33188,0.033853,172.31.46.0-255,66,235491,44,351631
33189,0.036128,74.125.68.0-255,4320,239811,44,351631
33190,0.036135,172.31.46.0-255,66,239877,44,351631
33191,0.036158,74.125.68.0-255,1484,241361,44,351631
33192,0.037865,172.31.46.0-255,233,241594,44,351631
33193,0.037897,172.31.46.0-255,1113,242707,44,351631
33194,0.037965,172.31.46.0-255,567,243274,44,351631
33195,0.03838,74.125.68.0-255,4320,247594,44,351631
33196,0.038387,172.31.46.0-255,66,247660,44,351631
33197,0.039398,104.244.42.0-255,66,247726,44,351631
33198,0.039444,104.244.42.0-255,66,247792,44,351631
33199,0.039495,104.244.42.0-255,66,247858,44,351631
33200,0.040635,74.125.68.0-255,4320,252178,44,351631
33201,0.040642,172.31.46.0-255,66,252244,44,351631
33202,0.040666,74.125.68.0-255,1484,253728,44,351631
33203,0.042953,74.125.68.0-255,4320,258048,44,351631
33204,0.042962,172.31.46.0-255,66,258114,44,351631
33205,0.045213,74.125.68.0-255,5738,263852,44,351631
33206,0.045217,172.31.46.0-255,66,263918,44,351631
33207,0.047471,74.125.68.0-255,5738,269656,44,351631
33208,0.047478,172.31.46.0-255,66,269722,44,351631
33209,0.049729,74.125.68.0-255,5738,275460,44,351631
33210,0.049735,172.31.46.0-255,66,275526,44,351631
33211,0.051985,74.125.68.0-255,5738,281264,44,351631
33212,0.051992,172.31.46.0-255,66,281330,44,351631
33213,0.054226,74.125.68.0-255,5738,287068,44,351631
33214,0.054233,172.31.46.0-255,66,287134,44,351631
33215,0.056481,74.125.68.0-255,5738,292872,44,351631
33216,0.056486,172.31.46.0-255,66,292938,44,351631
33217,0.058758,74.125.68.0-255,5738,298676,44,351631
33218,0.058766,172.31.46.0-255,66,298742,44,351631
33219,0.061023,74.125.68.0-255,5738,304480,44,351631
33220,0.06103,172.31.46.0-255,66,304546,44,351631
33221,0.063293,74.125.68.0-255,5738,310284,44,351631
33222,0.063299,172.31.46.0-255,66,310350,44,351631
33223,0.065548,74.125.68.0-255,5738,316088,44,351631
33224,0.065555,172.31.46.0-255,66,316154,44,351631
33225,0.067808,74.125.68.0-255,5738,321892,44,351631
33226,0.067815,172.31.46.0-255,66,321958,44,351631
33227,0.070067,74.125.68.0-255,5738,327696,44,351631
33228,0.070073,172.31.46.0-255,66,327762,44,351631
33229,0.072323,74.125.68.0-255,5738,333500,44,351631
33230,0.072329,172.31.46.0-255,66,333566,44,351631
33231,0.074618,74.125.68.0-255,5738,339304,44,351631
33232,0.074629,172.31.46.0-255,66,339370,44,351631
33233,0.076883,74.125.68.0-255,5738,345108,44,351631
33234,0.07689,172.31.46.0-255,66,345174,44,351631
33235,0.079145,74.125.68.0-255,5738,350912,44,351631
33236,0.079151,172.31.46.0-255,66,350978,44,351631
33237,0.081381,74.125.68.0-255,416,351394,44,351631
33238,0.081491,172.31.46.0-255,66,351460,44,351631
33239,0.081524,172.31.46.0-255,105,351565,44,351631
33240,0.083751,74.125.68.0-255,66,351631,44,351631
33241,0.0,74.125.24.0-255,150,150,44,319466
33242,1.5e-05,172.31.46.0-255,66,216,44,319466
33243,2.2e-05,74.125.24.0-255,1484,1700,44,319466
33244,2.7e-05,172.31.46.0-255,66,1766,44,319466
33245,4e-05,74.125.24.0-255,2902,4668,44,319466
33246,4.4e-05,172.31.46.0-255,66,4734,44,319466
33247,5.2e-05,74.125.24.0-255,7156,11890,44,319466
33248,5.5e-05,172.31.46.0-255,66,11956,44,319466
33249,5.9e-05,74.125.24.0-255,2102,14058,44,319466
33250,6.2e-05,172.31.46.0-255,66,14124,44,319466
33251,0.0001,74.125.24.0-255,2902,17026,44,319466
33252,0.000104,172.31.46.0-255,66,17092,44,319466
33253,0.00011,74.125.24.0-255,5738,22830,44,319466
33254,0.000113,172.31.46.0-255,66,22896,44,319466
33255,0.000159,172.31.46.0-255,66,22962,44,319466
33256,0.00024,74.125.24.0-255,1484,24446,44,319466
33257,0.000243,172.31.46.0-255,66,24512,44,319466
33258,0.000248,74.125.24.0-255,2902,27414,44,319466
33259,0.000251,172.31.46.0-255,66,27480,44,319466
33260,0.000282,74.125.24.0-255,5738,33218,44,319466
33261,0.000286,172.31.46.0-255,66,33284,44,319466
33262,0.000325,172.31.46.0-255,66,33350,44,319466
33263,0.000376,172.31.46.0-255,66,33416,44,319466
33264,0.000399,74.125.24.0-255,111,33527,44,319466
33265,0.000401,172.31.46.0-255,66,33593,44,319466
33266,0.000505,74.125.24.0-255,331,33924,44,319466
33267,0.000509,172.31.46.0-255,66,33990,44,319466
33268,0.000779,74.125.24.0-255,1484,35474,44,319466
33269,0.000785,74.125.24.0-255,2902,38376,44,319466
33270,0.00079,172.31.46.0-255,66,38442,44,319466
33271,0.000794,172.31.46.0-255,66,38508,44,319466
33272,0.000824,74.125.24.0-255,5738,44246,44,319466
33273,0.000826,172.31.46.0-255,66,44312,44,319466
33274,0.000832,74.125.24.0-255,4320,48632,44,319466
33275,0.000835,172.31.46.0-255,66,48698,44,319466
33276,0.000847,172.31.46.0-255,66,48764,44,319466
33277,0.000884,172.31.46.0-255,66,48830,44,319466
33278,0.001226,74.125.24.0-255,1484,50314,44,319466
33279,0.001233,74.125.24.0-255,2902,53216,44,319466
33280,0.001237,172.31.46.0-255,66,53282,44,319466
33281,0.001244,74.125.24.0-255,5738,59020,44,319466
33282,0.001246,172.31.46.0-255,66,59086,44,319466
33283,0.001301,172.31.46.0-255,66,59152,44,319466
33284,0.001305,74.125.24.0-255,1484,60636,44,319466
33285,0.001342,172.31.46.0-255,66,60702,44,319466
33286,0.003378,74.125.24.0-255,5738,66440,44,319466
33287,0.003383,172.31.46.0-255,66,66506,44,319466
33288,0.005396,74.125.24.0-255,5738,72244,44,319466
33289,0.0054,172.31.46.0-255,66,72310,44,319466
33290,0.007415,74.125.24.0-255,5738,78048,44,319466
33291,0.007421,172.31.46.0-255,66,78114,44,319466
33292,0.009448,74.125.24.0-255,5738,83852,44,319466
33293,0.009456,172.31.46.0-255,66,83918,44,319466
33294,0.011457,74.125.24.0-255,5738,89656,44,319466
33295,0.011463,172.31.46.0-255,66,89722,44,319466
33296,0.01347,74.125.24.0-255,5738,95460,44,319466
33297,0.013476,172.31.46.0-255,66,95526,44,319466
33298,0.015517,74.125.24.0-255,5738,101264,44,319466
33299,0.015526,172.31.46.0-255,66,101330,44,319466
33300,0.017545,74.125.24.0-255,5738,107068,44,319466
33301,0.017555,172.31.46.0-255,66,107134,44,319466
33302,0.019574,74.125.24.0-255,5738,112872,44,319466
33303,0.019583,172.31.46.0-255,66,112938,44,319466
33304,0.021603,74.125.24.0-255,5738,118676,44,319466
33305,0.021611,172.31.46.0-255,66,118742,44,319466
33306,0.023614,74.125.24.0-255,5738,124480,44,319466
33307,0.023621,172.31.46.0-255,66,124546,44,319466
33308,0.025637,74.125.24.0-255,5738,130284,44,319466
33309,0.025644,172.31.46.0-255,66,130350,44,319466
33310,0.027666,74.125.24.0-255,5738,136088,44,319466
33311,0.027673,172.31.46.0-255,66,136154,44,319466
33312,0.029688,74.125.24.0-255,5738,141892,44,319466
33313,0.029695,172.31.46.0-255,66,141958,44,319466
33314,0.031712,74.125.24.0-255,5738,147696,44,319466
33315,0.03172,172.31.46.0-255,66,147762,44,319466
33316,0.033663,172.31.46.0-255,172,147934,44,319466
33317,0.03369,172.31.46.0-255,1114,149048,44,319466
33318,0.03373,74.125.24.0-255,5738,154786,44,319466
33319,0.033735,172.31.46.0-255,66,154852,44,319466
33320,0.033827,172.31.46.0-255,1514,156366,44,319466
33321,0.033829,172.31.46.0-255,1514,157880,44,319466
33322,0.033833,172.31.46.0-255,1514,159394,44,319466
33323,0.033834,172.31.46.0-255,1514,160908,44,319466
33324,0.033852,172.31.46.0-255,1514,162422,44,319466
33325,0.033856,172.31.46.0-255,72,162494,44,319466
33326,0.035141,104.244.42.0-255,66,162560,44,319466
33327,0.035161,104.244.42.0-255,66,162626,44,319466
33328,0.035334,104.244.42.0-255,66,162692,44,319466
33329,0.03534,104.244.42.0-255,66,162758,44,319466
33330,0.035768,74.125.24.0-255,5738,168496,44,319466
33331,0.035773,172.31.46.0-255,66,168562,44,319466
33332,0.037794,74.125.24.0-255,5738,174300,44,319466
33333,0.0378,172.31.46.0-255,66,174366,44,319466
33334,0.039859,74.125.24.0-255,5738,180104,44,319466
33335,0.039869,172.31.46.0-255,66,180170,44,319466
33336,0.041923,74.125.24.0-255,5738,185908,44,319466
33337,0.041929,172.31.46.0-255,66,185974,44,319466
33338,0.043955,74.125.24.0-255,5738,191712,44,319466
33339,0.043961,172.31.46.0-255,66,191778,44,319466
33340,0.045998,74.125.24.0-255,5738,197516,44,319466
33341,0.046004,172.31.46.0-255,66,197582,44,319466
33342,0.048031,74.125.24.0-255,5738,203320,44,319466
33343,0.048036,172.31.46.0-255,66,203386,44,319466
33344,0.050039,74.125.24.0-255,5738,209124,44,319466
33345,0.050046,172.31.46.0-255,66,209190,44,319466
33346,0.052076,74.125.24.0-255,5738,214928,44,319466
33347,0.052082,172.31.46.0-255,66,214994,44,319466
33348,0.0541,74.125.24.0-255,5738,220732,44,319466
33349,0.054106,172.31.46.0-255,66,220798,44,319466
33350,0.056138,74.125.24.0-255,5738,226536,44,319466
33351,0.056145,172.31.46.0-255,66,226602,44,319466
33352,0.058159,74.125.24.0-255,5738,232340,44,319466
33353,0.058165,172.31.46.0-255,66,232406,44,319466
33354,0.060168,74.125.24.0-255,5738,238144,44,319466
33355,0.060176,172.31.46.0-255,66,238210,44,319466
33356,0.062186,74.125.24.0-255,5738,243948,44,319466
33357,0.062191,172.31.46.0-255,66,244014,44,319466
33358,0.064266,74.125.24.0-255,5738,249752,44,319466
33359,0.064271,172.31.46.0-255,66,249818,44,319466
33360,0.06631,74.125.24.0-255,5738,255556,44,319466
33361,0.066315,172.31.46.0-255,66,255622,44,319466
33362,0.068334,74.125.24.0-255,5738,261360,44,319466
33363,0.06834,172.31.46.0-255,66,261426,44,319466
33364,0.070377,74.125.24.0-255,5738,267164,44,319466
33365,0.070383,172.31.46.0-255,66,267230,44,319466
33366,0.072384,74.125.24.0-255,5738,272968,44,319466
33367,0.072389,172.31.46.0-255,66,273034,44,319466
33368,0.074425,74.125.24.0-255,5738,278772,44,319466
33369,0.074431,172.31.46.0-255,66,278838,44,319466
33370,0.076456,74.125.24.0-255,5738,284576,44,319466
33371,0.076463,172.31.46.0-255,66,284642,44,319466
33372,0.078466,74.125.24.0-255,5738,290380,44,319466
33373,0.078472,172.31.46.0-255,66,290446,44,319466
33374,0.080506,74.125.24.0-255,5738,296184,44,319466
33375,0.080513,172.31.46.0-255,66,296250,44,319466
33376,0.082528,74.125.24.0-255,5738,301988,44,319466
33377,0.082533,172.31.46.0-255,66,302054,44,319466
33378,0.084567,74.125.24.0-255,5738,307792,44,319466
33379,0.084574,172.31.46.0-255,66,307858,44,319466
33380,0.086598,74.125.24.0-255,5738,313596,44,319466
33381,0.086603,172.31.46.0-255,66,313662,44,319466
33382,0.088643,74.125.24.0-255,5738,319400,44,319466
33383,0.088648,172.31.46.0-255,66,319466,44,319466
33384,0.0,172.217.194.0-255,152,152,44,309814
33385,2.3e-05,172.31.46.0-255,66,218,44,309814
33386,3e-05,172.217.194.0-255,1484,1702,44,309814
33387,3.5e-05,172.31.46.0-255,66,1768,44,309814
33388,4.7e-05,172.217.194.0-255,2902,4670,44,309814
33389,5e-05,172.31.46.0-255,66,4736,44,309814
33390,5.6e-05,172.217.194.0-255,4320,9056,44,309814
33391,5.9e-05,172.31.46.0-255,66,9122,44,309814
33392,0.000121,172.217.194.0-255,4876,13998,44,309814
33393,0.000125,172.31.46.0-255,66,14064,44,309814
33394,0.000131,172.217.194.0-255,5738,19802,44,309814
33395,0.000134,172.31.46.0-255,66,19868,44,309814
33396,0.000148,172.31.46.0-255,66,19934,44,309814
33397,0.000161,172.31.46.0-255,66,20000,44,309814
33398,0.000195,172.217.194.0-255,5379,25379,44,309814
33399,0.000203,172.31.46.0-255,66,25445,44,309814
33400,0.000209,172.217.194.0-255,5738,31183,44,309814
33401,0.000211,172.31.46.0-255,66,31249,44,309814
33402,0.000214,172.217.194.0-255,1484,32733,44,309814
33403,0.000216,172.31.46.0-255,66,32799,44,309814
33404,0.000253,172.31.46.0-255,66,32865,44,309814
33405,0.000256,172.217.194.0-255,367,33232,44,309814
33406,0.000258,172.31.46.0-255,66,33298,44,309814
33407,0.000745,172.217.194.0-255,376,33674,44,309814
33408,0.000751,172.31.46.0-255,66,33740,44,309814
33409,0.00108,172.217.194.0-255,1484,35224,44,309814
33410,0.001084,172.31.46.0-255,66,35290,44,309814
33411,0.00109,172.217.194.0-255,2902,38192,44,309814
33412,0.001093,172.31.46.0-255,66,38258,44,309814
33413,0.001098,172.217.194.0-255,2902,41160,44,309814
33414,0.0011,172.31.46.0-255,66,41226,44,309814
33415,0.001128,172.217.194.0-255,2902,44128,44,309814
33416,0.00113,172.31.46.0-255,66,44194,44,309814
33417,0.001141,172.217.194.0-255,5738,49932,44,309814
33418,0.001143,172.31.46.0-255,66,49998,44,309814
33419,0.001172,172.217.194.0-255,7156,57154,44,309814
33420,0.001174,172.31.46.0-255,66,57220,44,309814
33421,0.00119,172.31.46.0-255,66,57286,44,309814
33422,0.001193,172.217.194.0-255,766,58052,44,309814
33423,0.001468,172.31.46.0-255,66,58118,44,309814
33424,0.001882,172.217.194.0-255,1484,59602,44,309814
33425,0.001908,172.217.194.0-255,2902,62504,44,309814
33426,0.001913,172.31.46.0-255,66,62570,44,309814
33427,0.001921,172.217.194.0-255,5738,68308,44,309814
33428,0.001923,172.31.46.0-255,66,68374,44,309814
33429,0.001936,172.217.194.0-255,7156,75530,44,309814
33430,0.001938,172.31.46.0-255,66,75596,44,309814
33431,0.001948,172.31.46.0-255,66,75662,44,309814
33432,0.001984,172.217.194.0-255,5738,81400,44,309814
33433,0.001987,172.31.46.0-255,66,81466,44,309814
33434,0.001991,172.217.194.0-255,2184,83650,44,309814
33435,0.001993,172.31.46.0-255,66,83716,44,309814
33436,0.002194,172.217.194.0-255,1484,85200,44,309814
33437,0.002214,172.217.194.0-255,2902,88102,44,309814
33438,0.002218,172.31.46.0-255,66,88168,44,309814
33439,0.002225,172.217.194.0-255,5738,93906,44,309814
33440,0.002228,172.31.46.0-255,66,93972,44,309814
33441,0.002268,172.31.46.0-255,66,94038,44,309814
33442,0.00228,172.31.46.0-255,66,94104,44,309814
33443,0.004584,172.217.194.0-255,5738,99842,44,309814
33444,0.004588,172.31.46.0-255,66,99908,44,309814
33445,0.006882,172.217.194.0-255,5738,105646,44,309814
33446,0.006888,172.31.46.0-255,66,105712,44,309814
33447,0.009255,172.217.194.0-255,5738,111450,44,309814
33448,0.009261,172.31.46.0-255,66,111516,44,309814
33449,0.011594,172.217.194.0-255,5738,117254,44,309814
33450,0.011602,172.31.46.0-255,66,117320,44,309814
33451,0.01393,172.217.194.0-255,5738,123058,44,309814
33452,0.01394,172.31.46.0-255,66,123124,44,309814
33453,0.01626,172.217.194.0-255,5738,128862,44,309814
33454,0.016273,172.31.46.0-255,66,128928,44,309814
33455,0.01859,172.217.194.0-255,5738,134666,44,309814
33456,0.018601,172.31.46.0-255,66,134732,44,309814
33457,0.020902,172.217.194.0-255,5738,140470,44,309814
33458,0.020914,172.31.46.0-255,66,140536,44,309814
33459,0.023246,172.217.194.0-255,5738,146274,44,309814
33460,0.023255,172.31.46.0-255,66,146340,44,309814
33461,0.025574,172.217.194.0-255,5738,152078,44,309814
33462,0.025583,172.31.46.0-255,66,152144,44,309814
33463,0.027907,172.217.194.0-255,5738,157882,44,309814
33464,0.027916,172.31.46.0-255,66,157948,44,309814
33465,0.030237,172.217.194.0-255,5738,163686,44,309814
33466,0.030245,172.31.46.0-255,66,163752,44,309814
33467,0.032554,172.217.194.0-255,5738,169490,44,309814
33468,0.032563,172.31.46.0-255,66,169556,44,309814
33469,0.0328,172.31.46.0-255,172,169728,44,309814
33470,0.032832,172.31.46.0-255,1114,170842,44,309814
33471,0.032967,172.31.46.0-255,566,171408,44,309814
33472,0.034344,104.244.42.0-255,66,171474,44,309814
33473,0.034384,104.244.42.0-255,66,171540,44,309814
33474,0.034482,104.244.42.0-255,66,171606,44,309814
33475,0.034902,172.217.194.0-255,5738,177344,44,309814
33476,0.03491,172.31.46.0-255,66,177410,44,309814
33477,0.037225,172.217.194.0-255,5738,183148,44,309814
33478,0.037232,172.31.46.0-255,66,183214,44,309814
33479,0.039563,172.217.194.0-255,5738,188952,44,309814
33480,0.03957,172.31.46.0-255,66,189018,44,309814
33481,0.041887,172.217.194.0-255,5738,194756,44,309814
33482,0.041905,172.31.46.0-255,66,194822,44,309814
33483,0.0442,172.217.194.0-255,5738,200560,44,309814
33484,0.044206,172.31.46.0-255,66,200626,44,309814
33485,0.046514,172.217.194.0-255,5738,206364,44,309814
33486,0.046522,172.31.46.0-255,66,206430,44,309814
33487,0.048844,172.217.194.0-255,5738,212168,44,309814
33488,0.048851,172.31.46.0-255,66,212234,44,309814
33489,0.051181,172.217.194.0-255,5738,217972,44,309814
33490,0.051187,172.31.46.0-255,66,218038,44,309814
33491,0.053499,172.217.194.0-255,5738,223776,44,309814
33492,0.053506,172.31.46.0-255,66,223842,44,309814
33493,0.055819,172.217.194.0-255,5738,229580,44,309814
33494,0.055826,172.31.46.0-255,66,229646,44,309814
33495,0.058126,172.217.194.0-255,4320,233966,44,309814
33496,0.058133,172.31.46.0-255,66,234032,44,309814
33497,0.058162,172.217.194.0-255,1484,235516,44,309814
33498,0.060484,172.217.194.0-255,4320,239836,44,309814
33499,0.060491,172.31.46.0-255,66,239902,44,309814
33500,0.062809,172.217.194.0-255,5738,245640,44,309814
33501,0.062816,172.31.46.0-255,66,245706,44,309814
33502,0.065152,172.217.194.0-255,5738,251444,44,309814
33503,0.065159,172.31.46.0-255,66,251510,44,309814
33504,0.067467,172.217.194.0-255,5738,257248,44,309814
33505,0.067473,172.31.46.0-255,66,257314,44,309814
33506,0.069783,172.217.194.0-255,5738,263052,44,309814
33507,0.069789,172.31.46.0-255,66,263118,44,309814
33508,0.072088,172.217.194.0-255,2902,266020,44,309814
33509,0.072095,172.31.46.0-255,66,266086,44,309814
33510,0.072131,172.217.194.0-255,2902,268988,44,309814
33511,0.072135,172.31.46.0-255,66,269054,44,309814
33512,0.074423,172.217.194.0-255,2902,271956,44,309814
33513,0.074431,172.31.46.0-255,66,272022,44,309814
33514,0.074462,172.217.194.0-255,2902,274924,44,309814
33515,0.074465,172.31.46.0-255,66,274990,44,309814
33516,0.07678,172.217.194.0-255,5738,280728,44,309814
33517,0.076787,172.31.46.0-255,66,280794,44,309814
33518,0.07914,172.217.194.0-255,5738,286532,44,309814
33519,0.079146,172.31.46.0-255,66,286598,44,309814
33520,0.081472,172.217.194.0-255,5738,292336,44,309814
33521,0.081479,172.31.46.0-255,66,292402,44,309814
33522,0.083805,172.217.194.0-255,5738,298140,44,309814
33523,0.083813,172.31.46.0-255,66,298206,44,309814
33524,0.086179,172.217.194.0-255,5738,303944,44,309814
33525,0.086186,172.31.46.0-255,66,304010,44,309814
33526,0.088515,172.217.194.0-255,5738,309748,44,309814
33527,0.088521,172.31.46.0-255,66,309814,44,309814
33528,0.0,74.125.24.0-255,298,298,44,223979
33529,2.3e-05,172.31.46.0-255,66,364,44,223979
33530,3e-05,74.125.24.0-255,1484,1848,44,223979
33531,3.5e-05,172.31.46.0-255,66,1914,44,223979
33532,4.1e-05,74.125.24.0-255,4320,6234,44,223979
33533,4.4e-05,172.31.46.0-255,66,6300,44,223979
33534,6.3e-05,74.125.24.0-255,4320,10620,44,223979
33535,6.6e-05,172.31.46.0-255,66,10686,44,223979
33536,9.2e-05,172.31.46.0-255,66,10752,44,223979
33537,0.000103,172.31.46.0-255,66,10818,44,223979
33538,0.000121,74.125.24.0-255,1125,11943,44,223979
33539,0.000124,172.31.46.0-255,66,12009,44,223979
33540,0.000204,74.125.24.0-255,1484,13493,44,223979
33541,0.000207,172.31.46.0-255,66,13559,44,223979
33542,0.000212,74.125.24.0-255,2902,16461,44,223979
33543,0.000214,172.31.46.0-255,66,16527,44,223979
33544,0.000228,74.125.24.0-255,2902,19429,44,223979
33545,0.000231,172.31.46.0-255,66,19495,44,223979
33546,0.00026,74.125.24.0-255,2902,22397,44,223979
33547,0.000262,172.31.46.0-255,66,22463,44,223979
33548,0.000274,172.31.46.0-255,66,22529,44,223979
33549,0.000296,74.125.24.0-255,2902,25431,44,223979
33550,0.000299,172.31.46.0-255,66,25497,44,223979
33551,0.000327,172.31.46.0-255,66,25563,44,223979
33552,0.000598,74.125.24.0-255,109,25672,44,223979
33553,0.000603,172.31.46.0-255,66,25738,44,223979
33554,0.000607,74.125.24.0-255,331,26069,44,223979
33555,0.000609,172.31.46.0-255,66,26135,44,223979
33556,0.000746,74.125.24.0-255,1484,27619,44,223979
33557,0.000749,74.125.24.0-255,1484,29103,44,223979
33558,0.000761,172.31.46.0-255,66,29169,44,223979
33559,0.000766,74.125.24.0-255,1484,30653,44,223979
33560,0.000772,74.125.24.0-255,5738,36391,44,223979
33561,0.000774,172.31.46.0-255,66,36457,44,223979
33562,0.000799,74.125.24.0-255,1484,37941,44,223979
33563,0.000818,74.125.24.0-255,5379,43320,44,223979
33564,0.000821,172.31.46.0-255,66,43386,44,223979
33565,0.000829,74.125.24.0-255,7156,50542,44,223979
33566,0.000831,172.31.46.0-255,66,50608,44,223979
33567,0.000861,74.125.24.0-255,7156,57764,44,223979
33568,0.000864,172.31.46.0-255,66,57830,44,223979
33569,0.000882,74.125.24.0-255,2543,60373,44,223979
33570,0.000885,172.31.46.0-255,66,60439,44,223979
33571,0.002031,74.125.24.0-255,1484,61923,44,223979
33572,0.002042,74.125.24.0-255,2902,64825,44,223979
33573,0.002047,172.31.46.0-255,66,64891,44,223979
33574,0.002055,74.125.24.0-255,5738,70629,44,223979
33575,0.002057,172.31.46.0-255,66,70695,44,223979
33576,0.00206,74.125.24.0-255,1484,72179,44,223979
33577,0.002063,74.125.24.0-255,1484,73663,44,223979
33578,0.002065,172.31.46.0-255,66,73729,44,223979
33579,0.002068,74.125.24.0-255,1484,75213,44,223979
33580,0.002089,74.125.24.0-255,4320,79533,44,223979
33581,0.002091,172.31.46.0-255,66,79599,44,223979
33582,0.002098,74.125.24.0-255,5738,85337,44,223979
33583,0.0021,172.31.46.0-255,66,85403,44,223979
33584,0.002115,74.125.24.0-255,2902,88305,44,223979
33585,0.002117,172.31.46.0-255,66,88371,44,223979
33586,0.002125,74.125.24.0-255,6438,94809,44,223979
33587,0.002126,172.31.46.0-255,66,94875,44,223979
33588,0.00321,74.125.24.0-255,1484,96359,44,223979
33589,0.003218,74.125.24.0-255,2902,99261,44,223979
33590,0.003223,172.31.46.0-255,66,99327,44,223979
33591,0.00323,74.125.24.0-255,5738,105065,44,223979
33592,0.003232,172.31.46.0-255,66,105131,44,223979
33593,0.003237,74.125.24.0-255,2902,108033,44,223979
33594,0.003239,172.31.46.0-255,66,108099,44,223979
33595,0.003265,172.31.46.0-255,66,108165,44,223979
33596,0.003268,74.125.24.0-255,1484,109649,44,223979
33597,0.003321,172.31.46.0-255,66,109715,44,223979
33598,0.003326,74.125.24.0-255,2902,112617,44,223979
33599,0.003328,172.31.46.0-255,66,112683,44,223979
33600,0.003349,74.125.24.0-255,7156,119839,44,223979
33601,0.003351,172.31.46.0-255,66,119905,44,223979
33602,0.003354,74.125.24.0-255,1484,121389,44,223979
33603,0.003382,172.31.46.0-255,66,121455,44,223979
33604,0.003403,74.125.24.0-255,6438,127893,44,223979
33605,0.003405,172.31.46.0-255,66,127959,44,223979
33606,0.003429,74.125.24.0-255,1484,129443,44,223979
33607,0.003445,74.125.24.0-255,5738,135181,44,223979
33608,0.003448,172.31.46.0-255,66,135247,44,223979
33609,0.003454,74.125.24.0-255,5738,140985,44,223979
33610,0.003456,172.31.46.0-255,66,141051,44,223979
33611,0.00347,74.125.24.0-255,2902,143953,44,223979
33612,0.003472,172.31.46.0-255,66,144019,44,223979
33613,0.003505,172.31.46.0-255,66,144085,44,223979
33614,0.003511,74.125.24.0-255,6438,150523,44,223979
33615,0.003514,172.31.46.0-255,66,150589,44,223979
33616,0.003636,74.125.24.0-255,1484,152073,44,223979
33617,0.00364,74.125.24.0-255,1484,153557,44,223979
33618,0.003643,172.31.46.0-255,66,153623,44,223979
33619,0.003659,74.125.24.0-255,1484,155107,44,223979
33620,0.003666,74.125.24.0-255,5738,160845,44,223979
33621,0.003669,172.31.46.0-255,66,160911,44,223979
33622,0.003687,74.125.24.0-255,2902,163813,44,223979
33623,0.003689,172.31.46.0-255,66,163879,44,223979
33624,0.003727,172.31.46.0-255,66,163945,44,223979
33625,0.003739,172.31.46.0-255,66,164011,44,223979
33626,0.00377,74.125.24.0-255,1484,165495,44,223979
33627,0.003775,74.125.24.0-255,2902,168397,44,223979
33628,0.003777,172.31.46.0-255,66,168463,44,223979
33629,0.003782,74.125.24.0-255,2902,171365,44,223979
33630,0.003784,172.31.46.0-255,66,171431,44,223979
33631,0.0038,74.125.24.0-255,2902,174333,44,223979
33632,0.003802,172.31.46.0-255,66,174399,44,223979
33633,0.003808,74.125.24.0-255,4320,178719,44,223979
33634,0.003811,172.31.46.0-255,66,178785,44,223979
33635,0.003837,74.125.24.0-255,7156,185941,44,223979
33636,0.003839,172.31.46.0-255,66,186007,44,223979
33637,0.003857,74.125.24.0-255,5738,191745,44,223979
33638,0.003859,172.31.46.0-255,66,191811,44,223979
33639,0.003902,172.31.46.0-255,66,191877,44,223979
33640,0.003923,74.125.24.0-255,4320,196197,44,223979
33641,0.003946,74.125.24.0-255,5020,201217,44,223979
33642,0.004039,74.125.24.0-255,7156,208373,44,223979
33643,0.004089,74.125.24.0-255,3602,211975,44,223979
33644,0.004094,74.125.24.0-255,2297,214272,44,223979
33645,0.004097,74.125.24.0-255,105,214377,44,223979
33646,0.00535,172.31.46.0-255,66,214443,44,223979
33647,0.011307,172.31.46.0-255,105,214548,44,223979
33648,0.013271,74.125.24.0-255,66,214614,44,223979
33649,0.043315,172.31.46.0-255,172,214786,44,223979
33650,0.043344,172.31.46.0-255,1114,215900,44,223979
33651,0.043411,172.31.46.0-255,1514,217414,44,223979
33652,0.043413,172.31.46.0-255,1514,218928,44,223979
33653,0.043419,172.31.46.0-255,1514,220442,44,223979
33654,0.043421,172.31.46.0-255,1514,221956,44,223979
33655,0.04344,172.31.46.0-255,1514,223470,44,223979
33656,0.043441,172.31.46.0-255,71,223541,44,223979
33657,0.044868,104.244.42.0-255,66,223607,44,223979
33658,0.04488,104.244.42.0-255,66,223673,44,223979
33659,0.044958,104.244.42.0-255,66,223739,44,223979
33660,0.044964,104.244.42.0-255,66,223805,44,223979
33661,0.045989,104.244.42.0-255,108,223913,44,223979
33662,0.045999,172.31.46.0-255,66,223979,44,223979
33663,0.0,74.125.130.0-255,153,153,44,365845
33664,1.9e-05,172.31.46.0-255,66,219,44,365845
33665,2.6e-05,74.125.130.0-255,1484,1703,44,365845
33666,3e-05,172.31.46.0-255,66,1769,44,365845
33667,3.3e-05,74.125.130.0-255,1484,3253,44,365845
33668,4.3e-05,172.31.46.0-255,66,3319,44,365845
33669,5.9e-05,74.125.130.0-255,1484,4803,44,365845
33670,6.6e-05,172.31.46.0-255,66,4869,44,365845
33671,7.4e-05,74.125.130.0-255,4320,9189,44,365845
33672,7.6e-05,172.31.46.0-255,66,9255,44,365845
33673,0.00011,74.125.130.0-255,4320,13575,44,365845
33674,0.000113,172.31.46.0-255,66,13641,44,365845
33675,0.000137,74.125.130.0-255,587,14228,44,365845
33676,0.000139,172.31.46.0-255,66,14294,44,365845
33677,0.000143,74.125.130.0-255,1484,15778,44,365845
33678,0.000144,172.31.46.0-255,66,15844,44,365845
33679,0.000179,74.125.130.0-255,4320,20164,44,365845
33680,0.000182,172.31.46.0-255,66,20230,44,365845
33681,0.000219,172.31.46.0-255,66,20296,44,365845
33682,0.000249,74.125.130.0-255,2543,22839,44,365845
33683,0.000252,172.31.46.0-255,66,22905,44,365845
33684,0.000403,74.125.130.0-255,1484,24389,44,365845
33685,0.000408,172.31.46.0-255,66,24455,44,365845
33686,0.000432,74.125.130.0-255,2902,27357,44,365845
33687,0.000435,172.31.46.0-255,66,27423,44,365845
33688,0.000443,74.125.130.0-255,5738,33161,44,365845
33689,0.000446,172.31.46.0-255,66,33227,44,365845
33690,0.00045,74.125.130.0-255,2902,36129,44,365845
33691,0.000453,172.31.46.0-255,66,36195,44,365845
33692,0.000478,74.125.130.0-255,3961,40156,44,365845
33693,0.000485,172.31.46.0-255,66,40222,44,365845
33694,0.000512,74.125.130.0-255,4320,44542,44,365845
33695,0.000515,172.31.46.0-255,66,44608,44,365845
33696,0.000541,74.125.130.0-255,2902,47510,44,365845
33697,0.000543,172.31.46.0-255,66,47576,44,365845
33698,0.00057,74.125.130.0-255,2902,50478,44,365845
33699,0.000573,172.31.46.0-255,66,50544,44,365845
33700,0.000577,74.125.130.0-255,2902,53446,44,365845
33701,0.00058,172.31.46.0-255,66,53512,44,365845
33702,0.000585,74.125.130.0-255,4250,57762,44,365845
33703,0.000587,172.31.46.0-255,66,57828,44,365845
33704,0.000678,74.125.130.0-255,365,58193,44,365845
33705,0.000829,74.125.130.0-255,1484,59677,44,365845
33706,0.000834,172.31.46.0-255,66,59743,44,365845
33707,0.000848,74.125.130.0-255,2902,62645,44,365845
33708,0.000855,172.31.46.0-255,66,62711,44,365845
33709,0.000904,74.125.130.0-255,1484,64195,44,365845
33710,0.000944,74.125.130.0-255,2902,67097,44,365845
33711,0.000947,172.31.46.0-255,66,67163,44,365845
33712,0.000973,74.125.130.0-255,1484,68647,44,365845
33713,0.001013,74.125.130.0-255,1484,70131,44,365845
33714,0.001016,172.31.46.0-255,66,70197,44,365845
33715,0.001045,74.125.130.0-255,2902,73099,44,365845
33716,0.001048,172.31.46.0-255,66,73165,44,365845
33717,0.001081,74.125.130.0-255,4320,77485,44,365845
33718,0.001084,172.31.46.0-255,66,77551,44,365845
33719,0.001091,74.125.130.0-255,5738,83289,44,365845
33720,0.001093,172.31.46.0-255,66,83355,44,365845
33721,0.001123,172.31.46.0-255,66,83421,44,365845
33722,0.001149,74.125.130.0-255,766,84187,44,365845
33723,0.001645,172.31.46.0-255,66,84253,44,365845
33724,0.001936,74.125.130.0-255,1484,85737,44,365845
33725,0.001946,74.125.130.0-255,2902,88639,44,365845
33726,0.001951,172.31.46.0-255,66,88705,44,365845
33727,0.001955,74.125.130.0-255,1484,90189,44,365845
33728,0.001988,74.125.130.0-255,4320,94509,44,365845
33729,0.00199,172.31.46.0-255,66,94575,44,365845
33730,0.001996,74.125.130.0-255,4320,98895,44,365845
33731,0.001998,172.31.46.0-255,66,98961,44,365845
33732,0.002009,74.125.130.0-255,5738,104699,44,365845
33733,0.002012,172.31.46.0-255,66,104765,44,365845
33734,0.002042,74.125.130.0-255,5738,110503,44,365845
33735,0.002045,172.31.46.0-255,66,110569,44,365845
33736,0.002052,74.125.130.0-255,5738,116307,44,365845
33737,0.002054,172.31.46.0-255,66,116373,44,365845
33738,0.002074,74.125.130.0-255,1484,117857,44,365845
33739,0.002077,74.125.130.0-255,766,118623,44,365845
33740,0.002079,172.31.46.0-255,66,118689,44,365845
33741,0.004133,74.125.130.0-255,2902,121591,44,365845
33742,0.00414,172.31.46.0-255,66,121657,44,365845
33743,0.004174,74.125.130.0-255,2902,124559,44,365845
33744,0.004177,172.31.46.0-255,66,124625,44,365845
33745,0.006224,74.125.130.0-255,2902,127527,44,365845
33746,0.006226,172.31.46.0-255,66,127593,44,365845
33747,0.006255,74.125.130.0-255,2902,130495,44,365845
33748,0.006258,172.31.46.0-255,66,130561,44,365845
33749,0.008329,74.125.130.0-255,4320,134881,44,365845
33750,0.008336,172.31.46.0-255,66,134947,44,365845
33751,0.008366,74.125.130.0-255,1484,136431,44,365845
33752,0.010458,74.125.130.0-255,4320,140751,44,365845
33753,0.010466,172.31.46.0-255,66,140817,44,365845
33754,0.012553,74.125.130.0-255,5738,146555,44,365845
33755,0.01256,172.31.46.0-255,66,146621,44,365845
33756,0.01467,74.125.130.0-255,5738,152359,44,365845
33757,0.014678,172.31.46.0-255,66,152425,44,365845
33758,0.016773,74.125.130.0-255,5738,158163,44,365845
33759,0.016783,172.31.46.0-255,66,158229,44,365845
33760,0.018879,74.125.130.0-255,5738,163967,44,365845
33761,0.018887,172.31.46.0-255,66,164033,44,365845
33762,0.020989,74.125.130.0-255,5738,169771,44,365845
33763,0.020996,172.31.46.0-255,66,169837,44,365845
33764,0.023111,74.125.130.0-255,5738,175575,44,365845
33765,0.023119,172.31.46.0-255,66,175641,44,365845
33766,0.025208,74.125.130.0-255,5738,181379,44,365845
33767,0.025217,172.31.46.0-255,66,181445,44,365845
33768,0.027323,74.125.130.0-255,5738,187183,44,365845
33769,0.027331,172.31.46.0-255,66,187249,44,365845
33770,0.029424,74.125.130.0-255,5738,192987,44,365845
33771,0.029432,172.31.46.0-255,66,193053,44,365845
33772,0.031528,74.125.130.0-255,5738,198791,44,365845
33773,0.031536,172.31.46.0-255,66,198857,44,365845
33774,0.03366,74.125.130.0-255,5738,204595,44,365845
33775,0.033672,172.31.46.0-255,66,204661,44,365845
33776,0.035351,172.31.46.0-255,164,204825,44,365845
33777,0.035382,172.31.46.0-255,1123,205948,44,365845
33778,0.035455,172.31.46.0-255,1514,207462,44,365845
33779,0.035457,172.31.46.0-255,1514,208976,44,365845
33780,0.035461,172.31.46.0-255,1514,210490,44,365845
33781,0.035463,172.31.46.0-255,1514,212004,44,365845
33782,0.03548,172.31.46.0-255,1509,213513,44,365845
33783,0.035803,74.125.130.0-255,5738,219251,44,365845
33784,0.03581,172.31.46.0-255,66,219317,44,365845
33785,0.036888,104.244.42.0-255,66,219383,44,365845
33786,0.036946,104.244.42.0-255,66,219449,44,365845
33787,0.037076,104.244.42.0-255,66,219515,44,365845
33788,0.037903,74.125.130.0-255,5738,225253,44,365845
33789,0.03791,172.31.46.0-255,66,225319,44,365845
33790,0.040002,74.125.130.0-255,5738,231057,44,365845
33791,0.04001,172.31.46.0-255,66,231123,44,365845
33792,0.040265,104.244.42.0-255,108,231231,44,365845
33793,0.040273,172.31.46.0-255,66,231297,44,365845
33794,0.042124,74.125.130.0-255,5738,237035,44,365845
33795,0.04213,172.31.46.0-255,66,237101,44,365845
33796,0.044248,74.125.130.0-255,5738,242839,44,365845
33797,0.044254,172.31.46.0-255,66,242905,44,365845
33798,0.04635,74.125.130.0-255,5738,248643,44,365845
33799,0.046357,172.31.46.0-255,66,248709,44,365845
33800,0.04846,74.125.130.0-255,5738,254447,44,365845
33801,0.048469,172.31.46.0-255,66,254513,44,365845
33802,0.050558,74.125.130.0-255,5738,260251,44,365845
33803,0.050565,172.31.46.0-255,66,260317,44,365845
33804,0.052667,74.125.130.0-255,5738,266055,44,365845
33805,0.052673,172.31.46.0-255,66,266121,44,365845
33806,0.054804,74.125.130.0-255,5738,271859,44,365845
33807,0.054811,172.31.46.0-255,66,271925,44,365845
33808,0.056913,74.125.130.0-255,5738,277663,44,365845
33809,0.056919,172.31.46.0-255,66,277729,44,365845
33810,0.059008,74.125.130.0-255,5738,283467,44,365845
33811,0.059015,172.31.46.0-255,66,283533,44,365845
33812,0.061111,74.125.130.0-255,5738,289271,44,365845
33813,0.061117,172.31.46.0-255,66,289337,44,365845
33814,0.06323,74.125.130.0-255,5738,295075,44,365845
33815,0.063238,172.31.46.0-255,66,295141,44,365845
33816,0.065338,74.125.130.0-255,5738,300879,44,365845
33817,0.065345,172.31.46.0-255,66,300945,44,365845
33818,0.067425,74.125.130.0-255,5738,306683,44,365845
33819,0.067431,172.31.46.0-255,66,306749,44,365845
33820,0.06954,74.125.130.0-255,5738,312487,44,365845
33821,0.069546,172.31.46.0-255,66,312553,44,365845
33822,0.071638,74.125.130.0-255,5738,318291,44,365845
33823,0.071644,172.31.46.0-255,66,318357,44,365845
33824,0.073745,74.125.130.0-255,2902,321259,44,365845
33825,0.073752,172.31.46.0-255,66,321325,44,365845
33826,0.073781,74.125.130.0-255,2902,324227,44,365845
33827,0.073785,172.31.46.0-255,66,324293,44,365845
33828,0.075837,74.125.130.0-255,2902,327195,44,365845
33829,0.075844,172.31.46.0-255,66,327261,44,365845
33830,0.075907,74.125.130.0-255,2902,330163,44,365845
33831,0.07591,172.31.46.0-255,66,330229,44,365845
33832,0.077958,74.125.130.0-255,2902,333131,44,365845
33833,0.077964,172.31.46.0-255,66,333197,44,365845
33834,0.077997,74.125.130.0-255,2902,336099,44,365845
33835,0.078,172.31.46.0-255,66,336165,44,365845
33836,0.080079,74.125.130.0-255,2902,339067,44,365845
33837,0.080086,172.31.46.0-255,66,339133,44,365845
33838,0.080118,74.125.130.0-255,2902,342035,44,365845
33839,0.080121,172.31.46.0-255,66,342101,44,365845
33840,0.082175,74.125.130.0-255,2902,345003,44,365845
33841,0.082182,172.31.46.0-255,66,345069,44,365845
33842,0.082228,74.125.130.0-255,2902,347971,44,365845
33843,0.082231,172.31.46.0-255,66,348037,44,365845
33844,0.084278,74.125.130.0-255,2902,350939,44,365845
33845,0.084284,172.31.46.0-255,66,351005,44,365845
33846,0.084312,74.125.130.0-255,2902,353907,44,365845
33847,0.084315,172.31.46.0-255,66,353973,44,365845
33848,0.08638,74.125.130.0-255,2902,356875,44,365845
33849,0.086388,172.31.46.0-255,66,356941,44,365845
33850,0.08642,74.125.130.0-255,2902,359843,44,365845
33851,0.086423,172.31.46.0-255,66,359909,44,365845
33852,0.088482,74.125.130.0-255,2902,362811,44,365845
33853,0.088489,172.31.46.0-255,66,362877,44,365845
33854,0.088519,74.125.130.0-255,2902,365779,44,365845
33855,0.088522,172.31.46.0-255,66,365845,44,365845
33856,0.0,74.125.130.0-255,146,146,44,289025
33857,2.3e-05,172.31.46.0-255,66,212,44,289025
33858,3e-05,74.125.130.0-255,1484,1696,44,289025
33859,3.4e-05,172.31.46.0-255,66,1762,44,289025
33860,4.8e-05,74.125.130.0-255,2902,4664,44,289025
33861,5.1e-05,172.31.46.0-255,66,4730,44,289025
33862,5.6e-05,74.125.130.0-255,4320,9050,44,289025
33863,5.9e-05,172.31.46.0-255,66,9116,44,289025
33864,9.5e-05,74.125.130.0-255,4910,14026,44,289025
33865,9.8e-05,172.31.46.0-255,66,14092,44,289025
33866,0.000168,74.125.130.0-255,1484,15576,44,289025
33867,0.00017,172.31.46.0-255,66,15642,44,289025
33868,0.000187,74.125.130.0-255,2902,18544,44,289025
33869,0.000189,172.31.46.0-255,66,18610,44,289025
33870,0.000194,74.125.130.0-255,4320,22930,44,289025
33871,0.000196,172.31.46.0-255,66,22996,44,289025
33872,0.000237,74.125.130.0-255,2902,25898,44,289025
33873,0.000239,172.31.46.0-255,66,25964,44,289025
33874,0.000266,74.125.130.0-255,5379,31343,44,289025
33875,0.000268,172.31.46.0-255,66,31409,44,289025
33876,0.000275,74.125.130.0-255,7156,38565,44,289025
33877,0.000278,172.31.46.0-255,66,38631,44,289025
33878,0.000308,74.125.130.0-255,1484,40115,44,289025
33879,0.00031,172.31.46.0-255,66,40181,44,289025
33880,0.000317,74.125.130.0-255,5738,45919,44,289025
33881,0.000319,172.31.46.0-255,66,45985,44,289025
33882,0.000347,74.125.130.0-255,2543,48528,44,289025
33883,0.000349,172.31.46.0-255,66,48594,44,289025
33884,0.002213,74.125.130.0-255,1484,50078,44,289025
33885,0.002229,172.31.46.0-255,66,50144,44,289025
33886,0.002248,74.125.130.0-255,2902,53046,44,289025
33887,0.00225,172.31.46.0-255,66,53112,44,289025
33888,0.002255,74.125.130.0-255,2902,56014,44,289025
33889,0.002258,172.31.46.0-255,66,56080,44,289025
33890,0.002288,74.125.130.0-255,4320,60400,44,289025
33891,0.00229,172.31.46.0-255,66,60466,44,289025
33892,0.002302,74.125.130.0-255,2902,63368,44,289025
33893,0.002308,172.31.46.0-255,66,63434,44,289025
33894,0.002325,74.125.130.0-255,2543,65977,44,289025
33895,0.002326,172.31.46.0-255,66,66043,44,289025
33896,0.00235,74.125.130.0-255,1484,67527,44,289025
33897,0.00237,74.125.130.0-255,4320,71847,44,289025
33898,0.002371,172.31.46.0-255,66,71913,44,289025
33899,0.0024,74.125.130.0-255,7156,79069,44,289025
33900,0.002402,172.31.46.0-255,66,79135,44,289025
33901,0.002405,74.125.130.0-255,1484,80619,44,289025
33902,0.002424,74.125.130.0-255,2902,83521,44,289025
33903,0.002426,172.31.46.0-255,66,83587,44,289025
33904,0.002429,74.125.130.0-255,287,83874,44,289025
33905,0.004948,74.125.130.0-255,4320,88194,44,289025
33906,0.004953,172.31.46.0-255,66,88260,44,289025
33907,0.007481,74.125.130.0-255,5738,93998,44,289025
33908,0.007488,172.31.46.0-255,66,94064,44,289025
33909,0.010043,74.125.130.0-255,5738,99802,44,289025
33910,0.010061,172.31.46.0-255,66,99868,44,289025
33911,0.012609,74.125.130.0-255,5738,105606,44,289025
33912,0.012625,172.31.46.0-255,66,105672,44,289025
33913,0.015168,74.125.130.0-255,5738,111410,44,289025
33914,0.015179,172.31.46.0-255,66,111476,44,289025
33915,0.017725,74.125.130.0-255,5738,117214,44,289025
33916,0.017743,172.31.46.0-255,66,117280,44,289025
33917,0.020298,74.125.130.0-255,5738,123018,44,289025
33918,0.020308,172.31.46.0-255,66,123084,44,289025
33919,0.022854,74.125.130.0-255,5738,128822,44,289025
33920,0.022869,172.31.46.0-255,66,128888,44,289025
33921,0.025428,74.125.130.0-255,5738,134626,44,289025
33922,0.025443,172.31.46.0-255,66,134692,44,289025
33923,0.02802,74.125.130.0-255,5738,140430,44,289025
33924,0.028034,172.31.46.0-255,66,140496,44,289025
33925,0.030576,74.125.130.0-255,5738,146234,44,289025
33926,0.030585,172.31.46.0-255,66,146300,44,289025
33927,0.030936,172.31.46.0-255,215,146515,44,289025
33928,0.030967,172.31.46.0-255,955,147470,44,289025
33929,0.031048,172.31.46.0-255,1514,148984,44,289025
33930,0.03105,172.31.46.0-255,1514,150498,44,289025
33931,0.031051,172.31.46.0-255,1514,152012,44,289025
33932,0.031053,172.31.46.0-255,1514,153526,44,289025
33933,0.031081,172.31.46.0-255,1514,155040,44,289025
33934,0.031087,172.31.46.0-255,229,155269,44,289025
33935,0.032479,104.244.42.0-255,66,155335,44,289025
33936,0.0325,104.244.42.0-255,66,155401,44,289025
33937,0.032609,104.244.42.0-255,66,155467,44,289025
33938,0.032739,104.244.42.0-255,66,155533,44,289025
33939,0.033154,74.125.130.0-255,5738,161271,44,289025
33940,0.033162,172.31.46.0-255,66,161337,44,289025
33941,0.035731,74.125.130.0-255,5738,167075,44,289025
33942,0.035739,172.31.46.0-255,66,167141,44,289025
33943,0.038285,74.125.130.0-255,5738,172879,44,289025
33944,0.038296,172.31.46.0-255,66,172945,44,289025
33945,0.04085,74.125.130.0-255,5738,178683,44,289025
33946,0.040858,172.31.46.0-255,66,178749,44,289025
33947,0.043398,74.125.130.0-255,5738,184487,44,289025
33948,0.04341,172.31.46.0-255,66,184553,44,289025
33949,0.045963,74.125.130.0-255,5738,190291,44,289025
33950,0.045968,172.31.46.0-255,66,190357,44,289025
33951,0.048518,74.125.130.0-255,5738,196095,44,289025
33952,0.048528,172.31.46.0-255,66,196161,44,289025
33953,0.051082,74.125.130.0-255,5738,201899,44,289025
33954,0.051093,172.31.46.0-255,66,201965,44,289025
33955,0.053639,74.125.130.0-255,5738,207703,44,289025
33956,0.053653,172.31.46.0-255,66,207769,44,289025
33957,0.056199,74.125.130.0-255,5738,213507,44,289025
33958,0.056209,172.31.46.0-255,66,213573,44,289025
33959,0.058749,74.125.130.0-255,5738,219311,44,289025
33960,0.058757,172.31.46.0-255,66,219377,44,289025
33961,0.061287,74.125.130.0-255,5738,225115,44,289025
33962,0.061294,172.31.46.0-255,66,225181,44,289025
33963,0.063839,74.125.130.0-255,5738,230919,44,289025
33964,0.063847,172.31.46.0-255,66,230985,44,289025
33965,0.066393,74.125.130.0-255,5738,236723,44,289025
33966,0.066399,172.31.46.0-255,66,236789,44,289025
33967,0.068942,74.125.130.0-255,5738,242527,44,289025
33968,0.068949,172.31.46.0-255,66,242593,44,289025
33969,0.071488,74.125.130.0-255,5738,248331,44,289025
33970,0.071495,172.31.46.0-255,66,248397,44,289025
33971,0.074039,74.125.130.0-255,5738,254135,44,289025
33972,0.074046,172.31.46.0-255,66,254201,44,289025
33973,0.076595,74.125.130.0-255,5738,259939,44,289025
33974,0.076605,172.31.46.0-255,66,260005,44,289025
33975,0.079148,74.125.130.0-255,5738,265743,44,289025
33976,0.079156,172.31.46.0-255,66,265809,44,289025
33977,0.081693,74.125.130.0-255,5738,271547,44,289025
33978,0.081704,172.31.46.0-255,66,271613,44,289025
33979,0.084249,74.125.130.0-255,5738,277351,44,289025
33980,0.084256,172.31.46.0-255,66,277417,44,289025
33981,0.086806,74.125.130.0-255,5738,283155,44,289025
33982,0.086815,172.31.46.0-255,66,283221,44,289025
33983,0.089357,74.125.130.0-255,5738,288959,44,289025
33984,0.089366,172.31.46.0-255,66,289025,44,289025
33985,0.0,172.217.194.0-255,148,148,44,307020
33986,2.3e-05,172.31.46.0-255,66,214,44,307020
33987,3e-05,172.217.194.0-255,1484,1698,44,307020
33988,3.6e-05,172.31.46.0-255,66,1764,44,307020
33989,4.2e-05,172.217.194.0-255,2902,4666,44,307020
33990,5.2e-05,172.31.46.0-255,66,4732,44,307020
33991,6e-05,172.217.194.0-255,7156,11888,44,307020
33992,6.3e-05,172.31.46.0-255,66,11954,44,307020
33993,6.8e-05,172.217.194.0-255,2053,14007,44,307020
33994,7.1e-05,172.31.46.0-255,66,14073,44,307020
33995,0.000118,172.217.194.0-255,7156,21229,44,307020
33996,0.000121,172.31.46.0-255,66,21295,44,307020
33997,0.000149,172.217.194.0-255,4320,25615,44,307020
33998,0.000152,172.31.46.0-255,66,25681,44,307020
33999,0.000163,172.31.46.0-255,66,25747,44,307020
34000,0.000193,172.217.194.0-255,4320,30067,44,307020
34001,0.000196,172.31.46.0-255,66,30133,44,307020
34002,0.000204,172.217.194.0-255,7156,37289,44,307020
34003,0.000206,172.31.46.0-255,66,37355,44,307020
34004,0.00025,172.217.194.0-255,2184,39539,44,307020
34005,0.000253,172.31.46.0-255,66,39605,44,307020
34006,0.006962,172.217.194.0-255,1484,41089,44,307020
34007,0.00697,172.31.46.0-255,66,41155,44,307020
34008,0.006978,172.217.194.0-255,2902,44057,44,307020
34009,0.00698,172.31.46.0-255,66,44123,44,307020
34010,0.006991,172.217.194.0-255,5738,49861,44,307020
34011,0.006993,172.31.46.0-255,66,49927,44,307020
34012,0.007026,172.217.194.0-255,4320,54247,44,307020
34013,0.007028,172.31.46.0-255,66,54313,44,307020
34014,0.007045,172.217.194.0-255,2834,57147,44,307020
34015,0.007047,172.31.46.0-255,66,57213,44,307020
34016,0.007049,172.217.194.0-255,99,57312,44,307020
34017,0.009428,172.31.46.0-255,66,57378,44,307020
34018,0.011263,172.217.194.0-255,1484,58862,44,307020
34019,0.011276,172.217.194.0-255,2902,61764,44,307020
34020,0.01128,172.31.46.0-255,66,61830,44,307020
34021,0.011288,172.217.194.0-255,5738,67568,44,307020
34022,0.01129,172.31.46.0-255,66,67634,44,307020
34023,0.011331,172.217.194.0-255,2902,70536,44,307020
34024,0.011333,172.31.46.0-255,66,70602,44,307020
34025,0.011364,172.31.46.0-255,66,70668,44,307020
34026,0.011375,172.31.46.0-255,66,70734,44,307020
34027,0.012735,172.217.194.0-255,1484,72218,44,307020
34028,0.012752,172.217.194.0-255,2902,75120,44,307020
34029,0.012756,172.31.46.0-255,66,75186,44,307020
34030,0.012789,172.217.194.0-255,1484,76670,44,307020
34031,0.012804,172.217.194.0-255,2902,79572,44,307020
34032,0.012806,172.31.46.0-255,66,79638,44,307020
34033,0.012833,172.217.194.0-255,5738,85376,44,307020
34034,0.012835,172.31.46.0-255,66,85442,44,307020
34035,0.012868,172.31.46.0-255,66,85508,44,307020
34036,0.012892,172.217.194.0-255,2902,88410,44,307020
34037,0.012894,172.31.46.0-255,66,88476,44,307020
34038,0.012897,172.217.194.0-255,1484,89960,44,307020
34039,0.012927,172.217.194.0-255,4320,94280,44,307020
34040,0.012929,172.31.46.0-255,66,94346,44,307020
34041,0.012953,172.217.194.0-255,5020,99366,44,307020
34042,0.012955,172.31.46.0-255,66,99432,44,307020
34043,0.012965,172.31.46.0-255,66,99498,44,307020
34044,0.012991,172.217.194.0-255,7156,106654,44,307020
34045,0.012994,172.31.46.0-255,66,106720,44,307020
34046,0.013018,172.217.194.0-255,4320,111040,44,307020
34047,0.013021,172.31.46.0-255,66,111106,44,307020
34048,0.013038,172.217.194.0-255,2902,114008,44,307020
34049,0.01304,172.31.46.0-255,66,114074,44,307020
34050,0.013069,172.217.194.0-255,5020,119094,44,307020
34051,0.013071,172.31.46.0-255,66,119160,44,307020
34052,0.013264,172.217.194.0-255,1484,120644,44,307020
34053,0.013278,172.217.194.0-255,2902,123546,44,307020
34054,0.013281,172.31.46.0-255,66,123612,44,307020
34055,0.013312,172.217.194.0-255,5738,129350,44,307020
34056,0.013315,172.31.46.0-255,66,129416,44,307020
34057,0.013347,172.31.46.0-255,66,129482,44,307020
34058,0.013354,172.217.194.0-255,1484,130966,44,307020
34059,0.01339,172.217.194.0-255,2902,133868,44,307020
34060,0.013393,172.31.46.0-255,66,133934,44,307020
34061,0.013423,172.31.46.0-255,66,134000,44,307020
34062,0.013655,172.217.194.0-255,1484,135484,44,307020
34063,0.013676,172.217.194.0-255,2902,138386,44,307020
34064,0.013679,172.31.46.0-255,66,138452,44,307020
34065,0.013733,172.217.194.0-255,5738,144190,44,307020
34066,0.013736,172.31.46.0-255,66,144256,44,307020
34067,0.013763,172.217.194.0-255,7156,151412,44,307020
34068,0.013766,172.31.46.0-255,66,151478,44,307020
34069,0.01379,172.217.194.0-255,4320,155798,44,307020
34070,0.013794,172.31.46.0-255,66,155864,44,307020
34071,0.013816,172.217.194.0-255,2902,158766,44,307020
34072,0.013818,172.31.46.0-255,66,158832,44,307020
34073,0.013844,172.217.194.0-255,4320,163152,44,307020
34074,0.013846,172.31.46.0-255,66,163218,44,307020
34075,0.013871,172.217.194.0-255,4320,167538,44,307020
34076,0.013873,172.31.46.0-255,66,167604,44,307020
34077,0.013876,172.217.194.0-255,766,168370,44,307020
34078,0.013879,172.217.194.0-255,1484,169854,44,307020
34079,0.01388,172.31.46.0-255,66,169920,44,307020
34080,0.013886,172.217.194.0-255,4320,174240,44,307020
34081,0.013894,172.31.46.0-255,66,174306,44,307020
34082,0.013904,172.31.46.0-255,66,174372,44,307020
34083,0.01395,172.31.46.0-255,66,174438,44,307020
34084,0.013956,172.217.194.0-255,5020,179458,44,307020
34085,0.013958,172.31.46.0-255,66,179524,44,307020
34086,0.014131,172.217.194.0-255,1484,181008,44,307020
34087,0.014156,172.217.194.0-255,2902,183910,44,307020
34088,0.01416,172.31.46.0-255,66,183976,44,307020
34089,0.014187,172.217.194.0-255,5738,189714,44,307020
34090,0.014189,172.31.46.0-255,66,189780,44,307020
34091,0.014192,172.217.194.0-255,1484,191264,44,307020
34092,0.014212,172.217.194.0-255,2902,194166,44,307020
34093,0.014214,172.31.46.0-255,66,194232,44,307020
34094,0.01424,172.217.194.0-255,5738,199970,44,307020
34095,0.014243,172.31.46.0-255,66,200036,44,307020
34096,0.014253,172.217.194.0-255,1484,201520,44,307020
34097,0.014277,172.217.194.0-255,1484,203004,44,307020
34098,0.014296,172.31.46.0-255,66,203070,44,307020
34099,0.014322,172.217.194.0-255,7156,210226,44,307020
34100,0.014325,172.31.46.0-255,66,210292,44,307020
34101,0.014329,172.217.194.0-255,3602,213894,44,307020
34102,0.014332,172.31.46.0-255,66,213960,44,307020
34103,0.015617,172.217.194.0-255,1484,215444,44,307020
34104,0.015628,172.217.194.0-255,2902,218346,44,307020
34105,0.015632,172.31.46.0-255,66,218412,44,307020
34106,0.015638,172.217.194.0-255,1484,219896,44,307020
34107,0.01567,172.31.46.0-255,66,219962,44,307020
34108,0.015673,172.217.194.0-255,1484,221446,44,307020
34109,0.015695,172.217.194.0-255,1484,222930,44,307020
34110,0.015697,172.31.46.0-255,66,222996,44,307020
34111,0.0157,172.217.194.0-255,1484,224480,44,307020
34112,0.015721,172.217.194.0-255,4320,228800,44,307020
34113,0.015723,172.31.46.0-255,66,228866,44,307020
34114,0.01573,172.217.194.0-255,7156,236022,44,307020
34115,0.015732,172.31.46.0-255,66,236088,44,307020
34116,0.015765,172.217.194.0-255,3602,239690,44,307020
34117,0.015768,172.31.46.0-255,66,239756,44,307020
34118,0.015792,172.217.194.0-255,4320,244076,44,307020
34119,0.015794,172.31.46.0-255,66,244142,44,307020
34120,0.01582,172.217.194.0-255,5738,249880,44,307020
34121,0.015822,172.31.46.0-255,66,249946,44,307020
34122,0.015844,172.217.194.0-255,4320,254266,44,307020
34123,0.015846,172.31.46.0-255,66,254332,44,307020
34124,0.015858,172.31.46.0-255,66,254398,44,307020
34125,0.015883,172.217.194.0-255,1484,255882,44,307020
34126,0.015887,172.217.194.0-255,2902,258784,44,307020
34127,0.015889,172.31.46.0-255,66,258850,44,307020
34128,0.015893,172.217.194.0-255,2184,261034,44,307020
34129,0.015894,172.31.46.0-255,66,261100,44,307020
34130,0.016236,172.217.194.0-255,1484,262584,44,307020
34131,0.016241,172.217.194.0-255,1484,264068,44,307020
34132,0.016245,172.31.46.0-255,66,264134,44,307020
34133,0.016253,172.217.194.0-255,2902,267036,44,307020
34134,0.016254,172.31.46.0-255,66,267102,44,307020
34135,0.01628,172.217.194.0-255,1484,268586,44,307020
34136,0.016288,172.217.194.0-255,7156,275742,44,307020
34137,0.016289,172.31.46.0-255,66,275808,44,307020
34138,0.016292,172.217.194.0-255,1484,277292,44,307020
34139,0.016295,172.217.194.0-255,1484,278776,44,307020
34140,0.016296,172.31.46.0-255,66,278842,44,307020
34141,0.016311,172.217.194.0-255,1484,280326,44,307020
34142,0.016317,172.217.194.0-255,1484,281810,44,307020
34143,0.016319,172.31.46.0-255,66,281876,44,307020
34144,0.016323,172.217.194.0-255,2902,284778,44,307020
34145,0.016325,172.31.46.0-255,66,284844,44,307020
34146,0.016329,172.217.194.0-255,2902,287746,44,307020
34147,0.016331,172.31.46.0-255,66,287812,44,307020
34148,0.016379,172.31.46.0-255,66,287878,44,307020
34149,0.016776,172.217.194.0-255,1484,289362,44,307020
34150,0.016797,172.217.194.0-255,2902,292264,44,307020
34151,0.016801,172.31.46.0-255,66,292330,44,307020
34152,0.016829,172.217.194.0-255,2902,295232,44,307020
34153,0.016831,172.31.46.0-255,66,295298,44,307020
34154,0.016854,172.217.194.0-255,1949,297247,44,307020
34155,0.016857,172.31.46.0-255,66,297313,44,307020
34156,0.016887,172.217.194.0-255,105,297418,44,307020
34157,0.021686,172.31.46.0-255,66,297484,44,307020
34158,0.021726,172.31.46.0-255,105,297589,44,307020
34159,0.024016,172.217.194.0-255,66,297655,44,307020
34160,0.037953,172.31.46.0-255,172,297827,44,307020
34161,0.037996,172.31.46.0-255,1114,298941,44,307020
34162,0.038056,172.31.46.0-255,1514,300455,44,307020
34163,0.038058,172.31.46.0-255,1514,301969,44,307020
34164,0.038062,172.31.46.0-255,1514,303483,44,307020
34165,0.038063,172.31.46.0-255,1514,304997,44,307020
34166,0.038081,172.31.46.0-255,1514,306511,44,307020
34167,0.038085,172.31.46.0-255,71,306582,44,307020
34168,0.039496,104.244.42.0-255,66,306648,44,307020
34169,0.039542,104.244.42.0-255,66,306714,44,307020
34170,0.039644,104.244.42.0-255,66,306780,44,307020
34171,0.039658,104.244.42.0-255,66,306846,44,307020
34172,0.041363,104.244.42.0-255,108,306954,44,307020
34173,0.041371,172.31.46.0-255,66,307020,44,307020
34174,0.0,172.217.194.0-255,153,153,44,262439
34175,2.2e-05,172.31.46.0-255,66,219,44,262439
34176,2.9e-05,172.217.194.0-255,1484,1703,44,262439
34177,3.3e-05,172.31.46.0-255,66,1769,44,262439
34178,3.8e-05,172.217.194.0-255,2902,4671,44,262439
34179,4.7e-05,172.31.46.0-255,66,4737,44,262439
34180,5.4e-05,172.217.194.0-255,5738,10475,44,262439
34181,5.7e-05,172.31.46.0-255,66,10541,44,262439
34182,6.8e-05,172.31.46.0-255,66,10607,44,262439
34183,8.6e-05,172.217.194.0-255,4889,15496,44,262439
34184,8.9e-05,172.31.46.0-255,66,15562,44,262439
34185,0.0001,172.217.194.0-255,6797,22359,44,262439
34186,0.000102,172.31.46.0-255,66,22425,44,262439
34187,0.000138,172.217.194.0-255,1484,23909,44,262439
34188,0.00014,172.31.46.0-255,66,23975,44,262439
34189,0.000145,172.217.194.0-255,2902,26877,44,262439
34190,0.000146,172.31.46.0-255,66,26943,44,262439
34191,0.000152,172.217.194.0-255,5738,32681,44,262439
34192,0.000158,172.31.46.0-255,66,32747,44,262439
34193,0.000161,172.217.194.0-255,1484,34231,44,262439
34194,0.000162,172.31.46.0-255,66,34297,44,262439
34195,0.000189,172.217.194.0-255,5379,39676,44,262439
34196,0.000191,172.31.46.0-255,66,39742,44,262439
34197,0.0002,172.31.46.0-255,66,39808,44,262439
34198,0.000235,172.217.194.0-255,5738,45546,44,262439
34199,0.000238,172.31.46.0-255,66,45612,44,262439
34200,0.000241,172.217.194.0-255,2833,48445,44,262439
34201,0.000243,172.31.46.0-255,66,48511,44,262439
34202,0.000246,172.217.194.0-255,99,48610,44,262439
34203,0.000248,172.31.46.0-255,66,48676,44,262439
34204,0.000298,172.217.194.0-255,1484,50160,44,262439
34205,0.000303,172.217.194.0-255,2902,53062,44,262439
34206,0.000327,172.217.194.0-255,4320,57382,44,262439
34207,0.000343,172.217.194.0-255,2902,60284,44,262439
34208,0.000373,172.217.194.0-255,1484,61768,44,262439
34209,0.000418,172.217.194.0-255,1484,63252,44,262439
34210,0.000433,172.217.194.0-255,4320,67572,44,262439
34211,0.000444,172.217.194.0-255,2840,70412,44,262439
34212,0.000537,172.31.46.0-255,66,70478,44,262439
34213,0.00057,172.217.194.0-255,1484,71962,44,262439
34214,0.000576,172.217.194.0-255,2902,74864,44,262439
34215,0.000591,172.217.194.0-255,4320,79184,44,262439
34216,0.000604,172.217.194.0-255,1484,80668,44,262439
34217,0.000606,172.31.46.0-255,66,80734,44,262439
34218,0.00062,172.217.194.0-255,5738,86472,44,262439
34219,0.000645,172.217.194.0-255,7156,93628,44,262439
34220,0.000666,172.31.46.0-255,66,93694,44,262439
34221,0.000669,172.217.194.0-255,1484,95178,44,262439
34222,0.000688,172.217.194.0-255,2902,98080,44,262439
34223,0.000696,172.31.46.0-255,66,98146,44,262439
34224,0.000708,172.217.194.0-255,5738,103884,44,262439
34225,0.000732,172.31.46.0-255,66,103950,44,262439
34226,0.000737,172.217.194.0-255,4320,108270,44,262439
34227,0.000742,172.31.46.0-255,66,108336,44,262439
34228,0.000781,172.217.194.0-255,766,109102,44,262439
34229,0.000805,172.31.46.0-255,66,109168,44,262439
34230,0.000924,172.217.194.0-255,1484,110652,44,262439
34231,0.000929,172.217.194.0-255,2902,113554,44,262439
34232,0.000931,172.217.194.0-255,1484,115038,44,262439
34233,0.000943,172.217.194.0-255,4320,119358,44,262439
34234,0.000946,172.31.46.0-255,66,119424,44,262439
34235,0.00095,172.31.46.0-255,66,119490,44,262439
34236,0.00099,172.31.46.0-255,66,119556,44,262439
34237,0.000996,172.217.194.0-255,1484,121040,44,262439
34238,0.001013,172.31.46.0-255,66,121106,44,262439
34239,0.001024,172.217.194.0-255,2184,123290,44,262439
34240,0.001045,172.31.46.0-255,66,123356,44,262439
34241,0.001084,172.217.194.0-255,2902,126258,44,262439
34242,0.001088,172.217.194.0-255,2902,129160,44,262439
34243,0.001098,172.217.194.0-255,1484,130644,44,262439
34244,0.001106,172.31.46.0-255,66,130710,44,262439
34245,0.001178,172.217.194.0-255,5738,136448,44,262439
34246,0.001192,172.217.194.0-255,2902,139350,44,262439
34247,0.001218,172.31.46.0-255,66,139416,44,262439
34248,0.001284,172.217.194.0-255,1484,140900,44,262439
34249,0.001289,172.217.194.0-255,2902,143802,44,262439
34250,0.001296,172.31.46.0-255,66,143868,44,262439
34251,0.001323,172.217.194.0-255,5738,149606,44,262439
34252,0.00133,172.217.194.0-255,7156,156762,44,262439
34253,0.001336,172.31.46.0-255,66,156828,44,262439
34254,0.001349,172.217.194.0-255,5738,162566,44,262439
34255,0.001371,172.31.46.0-255,66,162632,44,262439
34256,0.001389,172.217.194.0-255,2902,165534,44,262439
34257,0.001399,172.31.46.0-255,66,165600,44,262439
34258,0.001414,172.217.194.0-255,5738,171338,44,262439
34259,0.001419,172.217.194.0-255,4320,175658,44,262439
34260,0.001435,172.217.194.0-255,5738,181396,44,262439
34261,0.001446,172.31.46.0-255,66,181462,44,262439
34262,0.001454,172.217.194.0-255,4320,185782,44,262439
34263,0.001459,172.31.46.0-255,66,185848,44,262439
34264,0.001501,172.217.194.0-255,2184,188032,44,262439
34265,0.001516,172.217.194.0-255,1484,189516,44,262439
34266,0.00152,172.217.194.0-255,2902,192418,44,262439
34267,0.001533,172.217.194.0-255,5738,198156,44,262439
34268,0.001577,172.217.194.0-255,4320,202476,44,262439
34269,0.001591,172.217.194.0-255,1484,203960,44,262439
34270,0.001608,172.217.194.0-255,4320,208280,44,262439
34271,0.001618,172.217.194.0-255,2902,211182,44,262439
34272,0.001636,172.217.194.0-255,2184,213366,44,262439
34273,0.001647,172.217.194.0-255,2902,216268,44,262439
34274,0.001683,172.217.194.0-255,7156,223424,44,262439
34275,0.00171,172.217.194.0-255,5738,229162,44,262439
34276,0.001727,172.217.194.0-255,7156,236318,44,262439
34277,0.001754,172.217.194.0-255,5738,242056,44,262439
34278,0.001788,172.217.194.0-255,5738,247794,44,262439
34279,0.00182,172.217.194.0-255,4320,252114,44,262439
34280,0.001841,172.217.194.0-255,752,252866,44,262439
34281,0.001843,172.217.194.0-255,105,252971,44,262439
34282,0.007212,172.31.46.0-255,66,253037,44,262439
34283,0.01039,172.31.46.0-255,105,253142,44,262439
34284,0.012699,172.217.194.0-255,66,253208,44,262439
34285,0.034183,172.31.46.0-255,211,253419,44,262439
34286,0.034212,172.31.46.0-255,1114,254533,44,262439
34287,0.034287,172.31.46.0-255,1514,256047,44,262439
34288,0.034288,172.31.46.0-255,1514,257561,44,262439
34289,0.034293,172.31.46.0-255,1514,259075,44,262439
34290,0.034294,172.31.46.0-255,1514,260589,44,262439
34291,0.034311,172.31.46.0-255,1514,262103,44,262439
34292,0.034312,172.31.46.0-255,72,262175,44,262439
34293,0.035725,104.244.42.0-255,66,262241,44,262439
34294,0.035774,104.244.42.0-255,66,262307,44,262439
34295,0.035819,104.244.42.0-255,66,262373,44,262439
34296,0.035863,104.244.42.0-255,66,262439,44,262439
34297,0.0,172.217.194.0-255,153,153,44,219180
34298,2.4e-05,172.31.46.0-255,66,219,44,219180
34299,3.1e-05,172.217.194.0-255,1484,1703,44,219180
34300,3.5e-05,172.31.46.0-255,66,1769,44,219180
34301,4.1e-05,172.217.194.0-255,2902,4671,44,219180
34302,4.4e-05,172.31.46.0-255,66,4737,44,219180
34303,5.2e-05,172.217.194.0-255,7156,11893,44,219180
34304,5.4e-05,172.31.46.0-255,66,11959,44,219180
34305,7.8e-05,172.217.194.0-255,2074,14033,44,219180
34306,8.1e-05,172.31.46.0-255,66,14099,44,219180
34307,8.6e-05,172.217.194.0-255,2902,17001,44,219180
34308,8.8e-05,172.31.46.0-255,66,17067,44,219180
34309,0.000111,172.217.194.0-255,7156,24223,44,219180
34310,0.000113,172.31.46.0-255,66,24289,44,219180
34311,0.000117,172.217.194.0-255,2902,27191,44,219180
34312,0.000119,172.31.46.0-255,66,27257,44,219180
34313,0.000155,172.31.46.0-255,66,27323,44,219180
34314,0.000182,172.31.46.0-255,66,27389,44,219180
34315,0.000279,172.217.194.0-255,1484,28873,44,219180
34316,0.000283,172.31.46.0-255,66,28939,44,219180
34317,0.00032,172.217.194.0-255,2902,31841,44,219180
34318,0.000322,172.31.46.0-255,66,31907,44,219180
34319,0.000328,172.217.194.0-255,5738,37645,44,219180
34320,0.000331,172.31.46.0-255,66,37711,44,219180
34321,0.000338,172.217.194.0-255,6797,44508,44,219180
34322,0.00034,172.31.46.0-255,66,44574,44,219180
34323,0.00036,172.217.194.0-255,645,45219,44,219180
34324,0.000362,172.31.46.0-255,66,45285,44,219180
34325,0.000391,172.217.194.0-255,1484,46769,44,219180
34326,0.000393,172.31.46.0-255,66,46835,44,219180
34327,0.000415,172.217.194.0-255,4320,51155,44,219180
34328,0.000418,172.31.46.0-255,66,51221,44,219180
34329,0.000423,172.217.194.0-255,4320,55541,44,219180
34330,0.000425,172.31.46.0-255,66,55607,44,219180
34331,0.00045,172.217.194.0-255,1484,57091,44,219180
34332,0.00048,172.31.46.0-255,66,57157,44,219180
34333,0.000488,172.217.194.0-255,7156,64313,44,219180
34334,0.000491,172.31.46.0-255,66,64379,44,219180
34335,0.000505,172.217.194.0-255,4831,69210,44,219180
34336,0.000508,172.31.46.0-255,66,69276,44,219180
34337,0.000563,172.217.194.0-255,1484,70760,44,219180
34338,0.000583,172.217.194.0-255,2902,73662,44,219180
34339,0.000586,172.31.46.0-255,66,73728,44,219180
34340,0.0006,172.217.194.0-255,2902,76630,44,219180
34341,0.000603,172.31.46.0-255,66,76696,44,219180
34342,0.000623,172.217.194.0-255,2902,79598,44,219180
34343,0.000625,172.31.46.0-255,66,79664,44,219180
34344,0.00064,172.31.46.0-255,66,79730,44,219180
34345,0.000646,172.217.194.0-255,5738,85468,44,219180
34346,0.00065,172.31.46.0-255,66,85534,44,219180
34347,0.000688,172.217.194.0-255,5020,90554,44,219180
34348,0.00069,172.31.46.0-255,66,90620,44,219180
34349,0.001016,172.217.194.0-255,1484,92104,44,219180
34350,0.001021,172.217.194.0-255,1484,93588,44,219180
34351,0.001024,172.31.46.0-255,66,93654,44,219180
34352,0.001038,172.217.194.0-255,1484,95138,44,219180
34353,0.001045,172.217.194.0-255,5738,100876,44,219180
34354,0.001048,172.31.46.0-255,66,100942,44,219180
34355,0.001054,172.217.194.0-255,4320,105262,44,219180
34356,0.001056,172.31.46.0-255,66,105328,44,219180
34357,0.001083,172.31.46.0-255,66,105394,44,219180
34358,0.001086,172.217.194.0-255,1484,106878,44,219180
34359,0.00111,172.31.46.0-255,66,106944,44,219180
34360,0.001198,172.217.194.0-255,1484,108428,44,219180
34361,0.001211,172.217.194.0-255,2902,111330,44,219180
34362,0.001215,172.31.46.0-255,66,111396,44,219180
34363,0.001219,172.217.194.0-255,1484,112880,44,219180
34364,0.001243,172.217.194.0-255,4320,117200,44,219180
34365,0.001246,172.31.46.0-255,66,117266,44,219180
34366,0.001256,172.31.46.0-255,66,117332,44,219180
34367,0.001292,172.217.194.0-255,5738,123070,44,219180
34368,0.001296,172.31.46.0-255,66,123136,44,219180
34369,0.001326,172.31.46.0-255,66,123202,44,219180
34370,0.001523,172.217.194.0-255,1484,124686,44,219180
34371,0.001529,172.217.194.0-255,2902,127588,44,219180
34372,0.001532,172.31.46.0-255,66,127654,44,219180
34373,0.001537,172.217.194.0-255,1484,129138,44,219180
34374,0.001554,172.217.194.0-255,1484,130622,44,219180
34375,0.001561,172.217.194.0-255,7156,137778,44,219180
34376,0.001565,172.31.46.0-255,66,137844,44,219180
34377,0.001572,172.31.46.0-255,66,137910,44,219180
34378,0.001575,172.217.194.0-255,1484,139394,44,219180
34379,0.001611,172.31.46.0-255,66,139460,44,219180
34380,0.001616,172.217.194.0-255,3602,143062,44,219180
34381,0.00162,172.31.46.0-255,66,143128,44,219180
34382,0.001806,172.217.194.0-255,1484,144612,44,219180
34383,0.001811,172.217.194.0-255,1484,146096,44,219180
34384,0.001814,172.31.46.0-255,66,146162,44,219180
34385,0.001832,172.217.194.0-255,1484,147646,44,219180
34386,0.001835,172.217.194.0-255,1484,149130,44,219180
34387,0.001839,172.31.46.0-255,66,149196,44,219180
34388,0.001862,172.217.194.0-255,4320,153516,44,219180
34389,0.001864,172.31.46.0-255,66,153582,44,219180
34390,0.00187,172.217.194.0-255,4320,157902,44,219180
34391,0.001872,172.31.46.0-255,66,157968,44,219180
34392,0.001884,172.217.194.0-255,4320,162288,44,219180
34393,0.001887,172.31.46.0-255,66,162354,44,219180
34394,0.001906,172.217.194.0-255,7156,169510,44,219180
34395,0.001909,172.31.46.0-255,66,169576,44,219180
34396,0.001919,172.31.46.0-255,66,169642,44,219180
34397,0.001946,172.217.194.0-255,1484,171126,44,219180
34398,0.00196,172.217.194.0-255,2902,174028,44,219180
34399,0.001962,172.31.46.0-255,66,174094,44,219180
34400,0.001983,172.217.194.0-255,5738,179832,44,219180
34401,0.001986,172.31.46.0-255,66,179898,44,219180
34402,0.002016,172.31.46.0-255,66,179964,44,219180
34403,0.00204,172.217.194.0-255,4320,184284,44,219180
34404,0.002042,172.31.46.0-255,66,184350,44,219180
34405,0.002074,172.31.46.0-255,66,184416,44,219180
34406,0.002086,172.31.46.0-255,66,184482,44,219180
34407,0.002143,172.31.46.0-255,66,184548,44,219180
34408,0.002167,172.217.194.0-255,2184,186732,44,219180
34409,0.002169,172.31.46.0-255,66,186798,44,219180
34410,0.002183,172.31.46.0-255,66,186864,44,219180
34411,0.002194,172.31.46.0-255,66,186930,44,219180
34412,0.002217,172.217.194.0-255,4320,191250,44,219180
34413,0.00222,172.31.46.0-255,66,191316,44,219180
34414,0.002232,172.31.46.0-255,66,191382,44,219180
34415,0.002238,172.217.194.0-255,4320,195702,44,219180
34416,0.00224,172.31.46.0-255,66,195768,44,219180
34417,0.00227,172.217.194.0-255,7156,202924,44,219180
34418,0.002272,172.31.46.0-255,66,202990,44,219180
34419,0.002279,172.217.194.0-255,6316,209306,44,219180
34420,0.002281,172.31.46.0-255,66,209372,44,219180
34421,0.002284,172.217.194.0-255,105,209477,44,219180
34422,0.008666,172.31.46.0-255,101,209578,44,219180
34423,0.00923,172.31.46.0-255,105,209683,44,219180
34424,0.011214,172.217.194.0-255,66,209749,44,219180
34425,0.011799,172.217.194.0-255,66,209815,44,219180
34426,0.047193,172.31.46.0-255,172,209987,44,219180
34427,0.047237,172.31.46.0-255,1114,211101,44,219180
34428,0.047324,172.31.46.0-255,1514,212615,44,219180
34429,0.047326,172.31.46.0-255,1514,214129,44,219180
34430,0.047327,172.31.46.0-255,1514,215643,44,219180
34431,0.047328,172.31.46.0-255,1514,217157,44,219180
34432,0.047329,172.31.46.0-255,1514,218671,44,219180
34433,0.04736,172.31.46.0-255,71,218742,44,219180
34434,0.048726,104.244.42.0-255,66,218808,44,219180
34435,0.048759,104.244.42.0-255,66,218874,44,219180
34436,0.048913,104.244.42.0-255,66,218940,44,219180
34437,0.048921,104.244.42.0-255,66,219006,44,219180
34438,0.049358,104.244.42.0-255,108,219114,44,219180
34439,0.049368,172.31.46.0-255,66,219180,44,219180
34440,0.0,74.125.200.0-255,146,146,44,181126
34441,2.5e-05,172.31.46.0-255,66,212,44,181126
34442,3.2e-05,74.125.200.0-255,1484,1696,44,181126
34443,3.7e-05,172.31.46.0-255,66,1762,44,181126
34444,4.3e-05,74.125.200.0-255,2902,4664,44,181126
34445,4.7e-05,172.31.46.0-255,66,4730,44,181126
34446,7.4e-05,74.125.200.0-255,7156,11886,44,181126
34447,8.9e-05,172.31.46.0-255,66,11952,44,181126
34448,0.000164,74.125.200.0-255,3461,15413,44,181126
34449,0.000167,172.31.46.0-255,66,15479,44,181126
34450,0.00022,74.125.200.0-255,4320,19799,44,181126
34451,0.000223,172.31.46.0-255,66,19865,44,181126
34452,0.00025,172.31.46.0-255,66,19931,44,181126
34453,0.000412,74.125.200.0-255,2543,22474,44,181126
34454,0.000417,172.31.46.0-255,66,22540,44,181126
34455,0.000462,172.31.46.0-255,66,22606,44,181126
34456,0.000602,74.125.200.0-255,5738,28344,44,181126
34457,0.000608,172.31.46.0-255,66,28410,44,181126
34458,0.000633,172.31.46.0-255,66,28476,44,181126
34459,0.000814,74.125.200.0-255,7156,35632,44,181126
34460,0.000819,172.31.46.0-255,66,35698,44,181126
34461,0.000857,172.31.46.0-255,66,35764,44,181126
34462,0.001183,74.125.200.0-255,1125,36889,44,181126
34463,0.001188,172.31.46.0-255,66,36955,44,181126
34464,0.001212,74.125.200.0-255,7156,44111,44,181126
34465,0.001215,172.31.46.0-255,66,44177,44,181126
34466,0.001249,172.31.46.0-255,66,44243,44,181126
34467,0.001512,172.31.46.0-255,66,44309,44,181126
34468,0.001584,172.31.46.0-255,66,44375,44,181126
34469,0.002196,74.125.200.0-255,7156,51531,44,181126
34470,0.002202,172.31.46.0-255,66,51597,44,181126
34471,0.002275,74.125.200.0-255,1484,53081,44,181126
34472,0.005941,172.31.46.0-255,66,53147,44,181126
34473,0.007996,74.125.200.0-255,5738,58885,44,181126
34474,0.008008,172.31.46.0-255,66,58951,44,181126
34475,0.010066,74.125.200.0-255,5738,64689,44,181126
34476,0.014566,172.31.46.0-255,66,64755,44,181126
34477,0.016632,74.125.200.0-255,5738,70493,44,181126
34478,0.016652,172.31.46.0-255,66,70559,44,181126
34479,0.01875,74.125.200.0-255,5738,76297,44,181126
34480,0.01877,172.31.46.0-255,66,76363,44,181126
34481,0.020848,74.125.200.0-255,5738,82101,44,181126
34482,0.020864,172.31.46.0-255,66,82167,44,181126
34483,0.022938,74.125.200.0-255,5738,87905,44,181126
34484,0.027295,172.31.46.0-255,66,87971,44,181126
34485,0.029366,74.125.200.0-255,5738,93709,44,181126
34486,0.029384,172.31.46.0-255,66,93775,44,181126
34487,0.031446,74.125.200.0-255,5738,99513,44,181126
34488,0.031463,172.31.46.0-255,66,99579,44,181126
34489,0.033514,74.125.200.0-255,5738,105317,44,181126
34490,0.033526,172.31.46.0-255,66,105383,44,181126
34491,0.035586,74.125.200.0-255,5738,111121,44,181126
34492,0.035604,172.31.46.0-255,66,111187,44,181126
34493,0.037672,74.125.200.0-255,5738,116925,44,181126
34494,0.037691,172.31.46.0-255,66,116991,44,181126
34495,0.039742,74.125.200.0-255,5738,122729,44,181126
34496,0.039757,172.31.46.0-255,66,122795,44,181126
34497,0.041835,74.125.200.0-255,5738,128533,44,181126
34498,0.041855,172.31.46.0-255,66,128599,44,181126
34499,0.043905,74.125.200.0-255,5738,134337,44,181126
34500,0.043916,172.31.46.0-255,66,134403,44,181126
34501,0.045997,74.125.200.0-255,5738,140141,44,181126
34502,0.046018,172.31.46.0-255,66,140207,44,181126
34503,0.048066,74.125.200.0-255,5738,145945,44,181126
34504,0.04808,172.31.46.0-255,66,146011,44,181126
34505,0.050152,74.125.200.0-255,5738,151749,44,181126
34506,0.050165,172.31.46.0-255,66,151815,44,181126
34507,0.05224,74.125.200.0-255,5738,157553,44,181126
34508,0.052256,172.31.46.0-255,66,157619,44,181126
34509,0.054307,74.125.200.0-255,5738,163357,44,181126
34510,0.054318,172.31.46.0-255,66,163423,44,181126
34511,0.056377,74.125.200.0-255,5738,169161,44,181126
34512,0.056391,172.31.46.0-255,66,169227,44,181126
34513,0.058453,74.125.200.0-255,2296,171523,44,181126
34514,0.058473,172.31.46.0-255,66,171589,44,181126
34515,0.058786,172.31.46.0-255,105,171694,44,181126
34516,0.06082,74.125.200.0-255,66,171760,44,181126
34517,0.068989,172.31.46.0-255,172,171932,44,181126
34518,0.069025,172.31.46.0-255,1114,173046,44,181126
34519,0.069088,172.31.46.0-255,1514,174560,44,181126
34520,0.069089,172.31.46.0-255,1514,176074,44,181126
34521,0.06909,172.31.46.0-255,1514,177588,44,181126
34522,0.069092,172.31.46.0-255,1514,179102,44,181126
34523,0.069116,172.31.46.0-255,1514,180616,44,181126
34524,0.06912,172.31.46.0-255,72,180688,44,181126
34525,0.070481,104.244.42.0-255,66,180754,44,181126
34526,0.070595,104.244.42.0-255,66,180820,44,181126
34527,0.070617,104.244.42.0-255,66,180886,44,181126
34528,0.070622,104.244.42.0-255,66,180952,44,181126
34529,0.071375,104.244.42.0-255,108,181060,44,181126
34530,0.071392,172.31.46.0-255,66,181126,44,181126
34531,0.0,172.31.46.0-255,105,105,44,459
34532,0.000147,172.31.46.0-255,90,195,44,459
34533,0.000157,172.31.46.0-255,66,261,44,459
34534,0.002403,74.125.24.0-255,66,327,44,459
34535,0.002429,74.125.24.0-255,66,393,44,459
34536,0.00245,172.31.46.0-255,66,459,44,459
34537,0.0,74.125.24.0-255,153,153,44,349983
34538,1.7e-05,172.31.46.0-255,66,219,44,349983
34539,2.3e-05,74.125.24.0-255,1484,1703,44,349983
34540,2.8e-05,172.31.46.0-255,66,1769,44,349983
34541,3.3e-05,74.125.24.0-255,2902,4671,44,349983
34542,4.2e-05,172.31.46.0-255,66,4737,44,349983
34543,4.8e-05,74.125.24.0-255,4320,9057,44,349983
34544,5.1e-05,172.31.46.0-255,66,9123,44,349983
34545,9.7e-05,74.125.24.0-255,4927,14050,44,349983
34546,0.0001,172.31.46.0-255,66,14116,44,349983
34547,0.000607,74.125.24.0-255,1484,15600,44,349983
34548,0.000615,172.31.46.0-255,66,15666,44,349983
34549,0.000623,74.125.24.0-255,2902,18568,44,349983
34550,0.000626,172.31.46.0-255,66,18634,44,349983
34551,0.000638,74.125.24.0-255,5738,24372,44,349983
34552,0.000641,172.31.46.0-255,66,24438,44,349983
34553,0.000691,74.125.24.0-255,6797,31235,44,349983
34554,0.000695,172.31.46.0-255,66,31301,44,349983
34555,0.00073,74.125.24.0-255,2902,34203,44,349983
34556,0.000732,172.31.46.0-255,66,34269,44,349983
34557,0.000738,74.125.24.0-255,4320,38589,44,349983
34558,0.000741,172.31.46.0-255,66,38655,44,349983
34559,0.000789,74.125.24.0-255,5738,44393,44,349983
34560,0.000793,172.31.46.0-255,66,44459,44,349983
34561,0.000836,74.125.24.0-255,3961,48420,44,349983
34562,0.000841,172.31.46.0-255,66,48486,44,349983
34563,0.000942,74.125.24.0-255,1484,49970,44,349983
34564,0.000946,172.31.46.0-255,66,50036,44,349983
34565,0.000952,74.125.24.0-255,2902,52938,44,349983
34566,0.000954,172.31.46.0-255,66,53004,44,349983
34567,0.000982,74.125.24.0-255,5738,58742,44,349983
34568,0.000986,172.31.46.0-255,66,58808,44,349983
34569,0.000993,74.125.24.0-255,6797,65605,44,349983
34570,0.000995,172.31.46.0-255,66,65671,44,349983
34571,0.001264,74.125.24.0-255,645,66316,44,349983
34572,0.0014,74.125.24.0-255,1484,67800,44,349983
34573,0.001405,172.31.46.0-255,66,67866,44,349983
34574,0.001411,74.125.24.0-255,2902,70768,44,349983
34575,0.001414,172.31.46.0-255,66,70834,44,349983
34576,0.001418,74.125.24.0-255,2902,73736,44,349983
34577,0.001426,172.31.46.0-255,66,73802,44,349983
34578,0.001453,74.125.24.0-255,2902,76704,44,349983
34579,0.001455,172.31.46.0-255,66,76770,44,349983
34580,0.001474,172.31.46.0-255,66,76836,44,349983
34581,0.001486,172.31.46.0-255,66,76902,44,349983
34582,0.001489,74.125.24.0-255,766,77668,44,349983
34583,0.001965,74.125.24.0-255,1484,79152,44,349983
34584,0.001968,172.31.46.0-255,66,79218,44,349983
34585,0.001995,74.125.24.0-255,2902,82120,44,349983
34586,0.001998,172.31.46.0-255,66,82186,44,349983
34587,0.002003,74.125.24.0-255,4320,86506,44,349983
34588,0.002005,172.31.46.0-255,66,86572,44,349983
34589,0.002012,74.125.24.0-255,5738,92310,44,349983
34590,0.002014,172.31.46.0-255,66,92376,44,349983
34591,0.002053,74.125.24.0-255,2902,95278,44,349983
34592,0.002055,172.31.46.0-255,66,95344,44,349983
34593,0.002077,172.31.46.0-255,66,95410,44,349983
34594,0.002104,74.125.24.0-255,1484,96894,44,349983
34595,0.002108,74.125.24.0-255,2902,99796,44,349983
34596,0.00211,172.31.46.0-255,66,99862,44,349983
34597,0.002113,74.125.24.0-255,1484,101346,44,349983
34598,0.002142,74.125.24.0-255,4320,105666,44,349983
34599,0.002144,172.31.46.0-255,66,105732,44,349983
34600,0.002151,74.125.24.0-255,5738,111470,44,349983
34601,0.002154,172.31.46.0-255,66,111536,44,349983
34602,0.002204,172.31.46.0-255,66,111602,44,349983
34603,0.002206,74.125.24.0-255,766,112368,44,349983
34604,0.002239,74.125.24.0-255,1484,113852,44,349983
34605,0.002242,172.31.46.0-255,66,113918,44,349983
34606,0.002268,74.125.24.0-255,2902,116820,44,349983
34607,0.002271,172.31.46.0-255,66,116886,44,349983
34608,0.002278,74.125.24.0-255,5738,122624,44,349983
34609,0.00228,172.31.46.0-255,66,122690,44,349983
34610,0.002316,74.125.24.0-255,4320,127010,44,349983
34611,0.002318,172.31.46.0-255,66,127076,44,349983
34612,0.002325,74.125.24.0-255,5738,132814,44,349983
34613,0.002327,172.31.46.0-255,66,132880,44,349983
34614,0.002343,172.31.46.0-255,66,132946,44,349983
34615,0.002347,74.125.24.0-255,2184,135130,44,349983
34616,0.00235,172.31.46.0-255,66,135196,44,349983
34617,0.004715,74.125.24.0-255,5738,140934,44,349983
34618,0.004721,172.31.46.0-255,66,141000,44,349983
34619,0.007132,74.125.24.0-255,5738,146738,44,349983
34620,0.007138,172.31.46.0-255,66,146804,44,349983
34621,0.009472,74.125.24.0-255,5738,152542,44,349983
34622,0.009479,172.31.46.0-255,66,152608,44,349983
34623,0.011834,74.125.24.0-255,5738,158346,44,349983
34624,0.011841,172.31.46.0-255,66,158412,44,349983
34625,0.014183,74.125.24.0-255,4320,162732,44,349983
34626,0.014191,172.31.46.0-255,66,162798,44,349983
34627,0.014223,74.125.24.0-255,1484,164282,44,349983
34628,0.016558,74.125.24.0-255,4320,168602,44,349983
34629,0.016566,172.31.46.0-255,66,168668,44,349983
34630,0.018903,74.125.24.0-255,5738,174406,44,349983
34631,0.018914,172.31.46.0-255,66,174472,44,349983
34632,0.021287,74.125.24.0-255,5738,180210,44,349983
34633,0.021295,172.31.46.0-255,66,180276,44,349983
34634,0.02368,74.125.24.0-255,5738,186014,44,349983
34635,0.023687,172.31.46.0-255,66,186080,44,349983
34636,0.02607,74.125.24.0-255,5738,191818,44,349983
34637,0.026078,172.31.46.0-255,66,191884,44,349983
34638,0.028463,74.125.24.0-255,5738,197622,44,349983
34639,0.028472,172.31.46.0-255,66,197688,44,349983
34640,0.030799,74.125.24.0-255,5738,203426,44,349983
34641,0.030808,172.31.46.0-255,66,203492,44,349983
34642,0.031554,172.31.46.0-255,163,203655,44,349983
34643,0.031584,172.31.46.0-255,1147,204802,44,349983
34644,0.031642,172.31.46.0-255,1514,206316,44,349983
34645,0.031644,172.31.46.0-255,1514,207830,44,349983
34646,0.031645,172.31.46.0-255,1514,209344,44,349983
34647,0.031645,172.31.46.0-255,1514,210858,44,349983
34648,0.031646,172.31.46.0-255,323,211181,44,349983
34649,0.033098,104.244.42.0-255,66,211247,44,349983
34650,0.03314,104.244.42.0-255,66,211313,44,349983
34651,0.033159,74.125.24.0-255,2902,214215,44,349983
34652,0.033164,172.31.46.0-255,66,214281,44,349983
34653,0.033191,104.244.42.0-255,66,214347,44,349983
34654,0.033198,74.125.24.0-255,2902,217249,44,349983
34655,0.033204,172.31.46.0-255,66,217315,44,349983
34656,0.035537,74.125.24.0-255,2902,220217,44,349983
34657,0.035544,172.31.46.0-255,66,220283,44,349983
34658,0.035579,74.125.24.0-255,2902,223185,44,349983
34659,0.035581,172.31.46.0-255,66,223251,44,349983
34660,0.037934,74.125.24.0-255,5738,228989,44,349983
34661,0.03794,172.31.46.0-255,66,229055,44,349983
34662,0.040316,74.125.24.0-255,5738,234793,44,349983
34663,0.040322,172.31.46.0-255,66,234859,44,349983
34664,0.042706,74.125.24.0-255,5738,240597,44,349983
34665,0.042712,172.31.46.0-255,66,240663,44,349983
34666,0.045082,74.125.24.0-255,5738,246401,44,349983
34667,0.045089,172.31.46.0-255,66,246467,44,349983
34668,0.04743,74.125.24.0-255,5738,252205,44,349983
34669,0.047437,172.31.46.0-255,66,252271,44,349983
34670,0.049842,74.125.24.0-255,5738,258009,44,349983
34671,0.049849,172.31.46.0-255,66,258075,44,349983
34672,0.052204,74.125.24.0-255,5738,263813,44,349983
34673,0.05221,172.31.46.0-255,66,263879,44,349983
34674,0.054606,74.125.24.0-255,5738,269617,44,349983
34675,0.054615,172.31.46.0-255,66,269683,44,349983
34676,0.056976,74.125.24.0-255,5738,275421,44,349983
34677,0.056982,172.31.46.0-255,66,275487,44,349983
34678,0.059359,74.125.24.0-255,5738,281225,44,349983
34679,0.059365,172.31.46.0-255,66,281291,44,349983
34680,0.061734,74.125.24.0-255,5738,287029,44,349983
34681,0.061741,172.31.46.0-255,66,287095,44,349983
34682,0.064133,74.125.24.0-255,4320,291415,44,349983
34683,0.064137,172.31.46.0-255,66,291481,44,349983
34684,0.064169,74.125.24.0-255,1484,292965,44,349983
34685,0.066497,74.125.24.0-255,4320,297285,44,349983
34686,0.066503,172.31.46.0-255,66,297351,44,349983
34687,0.068913,74.125.24.0-255,5738,303089,44,349983
34688,0.06892,172.31.46.0-255,66,303155,44,349983
34689,0.07133,74.125.24.0-255,5738,308893,44,349983
34690,0.071337,172.31.46.0-255,66,308959,44,349983
34691,0.073724,74.125.24.0-255,2902,311861,44,349983
34692,0.073729,172.31.46.0-255,66,311927,44,349983
34693,0.073756,74.125.24.0-255,2902,314829,44,349983
34694,0.073758,172.31.46.0-255,66,314895,44,349983
34695,0.076073,74.125.24.0-255,2902,317797,44,349983
34696,0.076079,172.31.46.0-255,66,317863,44,349983
34697,0.076124,74.125.24.0-255,2902,320765,44,349983
34698,0.076127,172.31.46.0-255,66,320831,44,349983
34699,0.078427,74.125.24.0-255,2902,323733,44,349983
34700,0.078435,172.31.46.0-255,66,323799,44,349983
34701,0.078486,74.125.24.0-255,2902,326701,44,349983
34702,0.078489,172.31.46.0-255,66,326767,44,349983
34703,0.080855,74.125.24.0-255,5738,332505,44,349983
34704,0.08086,172.31.46.0-255,66,332571,44,349983
34705,0.083226,74.125.24.0-255,5738,338309,44,349983
34706,0.083232,172.31.46.0-255,66,338375,44,349983
34707,0.085611,74.125.24.0-255,5738,344113,44,349983
34708,0.085618,172.31.46.0-255,66,344179,44,349983
34709,0.087999,74.125.24.0-255,5738,349917,44,349983
34710,0.088006,172.31.46.0-255,66,349983,44,349983
34711,0.0,74.125.24.0-255,156,156,44,203467
34712,2.3e-05,172.31.46.0-255,66,222,44,203467
34713,3e-05,74.125.24.0-255,1484,1706,44,203467
34714,3.6e-05,172.31.46.0-255,66,1772,44,203467
34715,4.2e-05,74.125.24.0-255,2902,4674,44,203467
34716,4.5e-05,172.31.46.0-255,66,4740,44,203467
34717,5.2e-05,74.125.24.0-255,7156,11896,44,203467
34718,5.5e-05,172.31.46.0-255,66,11962,44,203467
34719,7.5e-05,74.125.24.0-255,4320,16282,44,203467
34720,7.8e-05,172.31.46.0-255,66,16348,44,203467
34721,0.000103,74.125.24.0-255,3558,19906,44,203467
34722,0.000106,172.31.46.0-255,66,19972,44,203467
34723,0.000139,74.125.24.0-255,7156,27128,44,203467
34724,0.000142,172.31.46.0-255,66,27194,44,203467
34725,0.000163,74.125.24.0-255,3961,31155,44,203467
34726,0.000165,172.31.46.0-255,66,31221,44,203467
34727,0.000217,74.125.24.0-255,5738,36959,44,203467
34728,0.00022,172.31.46.0-255,66,37025,44,203467
34729,0.000238,74.125.24.0-255,5738,42763,44,203467
34730,0.00024,172.31.46.0-255,66,42829,44,203467
34731,0.000311,74.125.24.0-255,5738,48567,44,203467
34732,0.000315,172.31.46.0-255,66,48633,44,203467
34733,0.00034,74.125.24.0-255,7156,55789,44,203467
34734,0.000342,172.31.46.0-255,66,55855,44,203467
34735,0.000374,172.31.46.0-255,66,55921,44,203467
34736,0.000462,74.125.24.0-255,5738,61659,44,203467
34737,0.000466,172.31.46.0-255,66,61725,44,203467
34738,0.000501,172.31.46.0-255,66,61791,44,203467
34739,0.000583,74.125.24.0-255,1484,63275,44,203467
34740,0.000588,74.125.24.0-255,2902,66177,44,203467
34741,0.000592,172.31.46.0-255,66,66243,44,203467
34742,0.000596,172.31.46.0-255,66,66309,44,203467
34743,0.000629,74.125.24.0-255,5738,72047,44,203467
34744,0.000632,172.31.46.0-255,66,72113,44,203467
34745,0.000676,172.31.46.0-255,66,72179,44,203467
34746,0.000755,172.31.46.0-255,66,72245,44,203467
34747,0.000775,74.125.24.0-255,2184,74429,44,203467
34748,0.000777,172.31.46.0-255,66,74495,44,203467
34749,0.001583,74.125.24.0-255,1484,75979,44,203467
34750,0.00159,74.125.24.0-255,2902,78881,44,203467
34751,0.001594,172.31.46.0-255,66,78947,44,203467
34752,0.001599,74.125.24.0-255,2902,81849,44,203467
34753,0.001601,172.31.46.0-255,66,81915,44,203467
34754,0.001616,74.125.24.0-255,2902,84817,44,203467
34755,0.001618,172.31.46.0-255,66,84883,44,203467
34756,0.001653,74.125.24.0-255,2902,87785,44,203467
34757,0.001655,172.31.46.0-255,66,87851,44,203467
34758,0.001678,172.31.46.0-255,66,87917,44,203467
34759,0.001738,74.125.24.0-255,4320,92237,44,203467
34760,0.001741,172.31.46.0-255,66,92303,44,203467
34761,0.001773,172.31.46.0-255,66,92369,44,203467
34762,0.001845,74.125.24.0-255,5738,98107,44,203467
34763,0.001849,172.31.46.0-255,66,98173,44,203467
34764,0.001871,74.125.24.0-255,4320,102493,44,203467
34765,0.001874,172.31.46.0-255,66,102559,44,203467
34766,0.001918,74.125.24.0-255,2184,104743,44,203467
34767,0.001921,172.31.46.0-255,66,104809,44,203467
34768,0.001994,74.125.24.0-255,1484,106293,44,203467
34769,0.002008,74.125.24.0-255,2902,109195,44,203467
34770,0.002011,172.31.46.0-255,66,109261,44,203467
34771,0.002027,74.125.24.0-255,2902,112163,44,203467
34772,0.002031,172.31.46.0-255,66,112229,44,203467
34773,0.002039,74.125.24.0-255,1484,113713,44,203467
34774,0.002065,74.125.24.0-255,5738,119451,44,203467
34775,0.002067,172.31.46.0-255,66,119517,44,203467
34776,0.002088,74.125.24.0-255,1484,121001,44,203467
34777,0.002092,74.125.24.0-255,1484,122485,44,203467
34778,0.002096,172.31.46.0-255,66,122551,44,203467
34779,0.002134,74.125.24.0-255,7156,129707,44,203467
34780,0.002137,172.31.46.0-255,66,129773,44,203467
34781,0.002156,74.125.24.0-255,1484,131257,44,203467
34782,0.002179,74.125.24.0-255,5738,136995,44,203467
34783,0.002182,172.31.46.0-255,66,137061,44,203467
34784,0.002209,74.125.24.0-255,1484,138545,44,203467
34785,0.002235,172.31.46.0-255,66,138611,44,203467
34786,0.002254,74.125.24.0-255,2184,140795,44,203467
34787,0.002256,172.31.46.0-255,66,140861,44,203467
34788,0.002324,74.125.24.0-255,7156,148017,44,203467
34789,0.002326,172.31.46.0-255,66,148083,44,203467
34790,0.002356,172.31.46.0-255,66,148149,44,203467
34791,0.002488,74.125.24.0-255,2902,151051,44,203467
34792,0.002491,172.31.46.0-255,66,151117,44,203467
34793,0.00252,172.31.46.0-255,66,151183,44,203467
34794,0.002625,172.31.46.0-255,66,151249,44,203467
34795,0.002694,74.125.24.0-255,1484,152733,44,203467
34796,0.002716,74.125.24.0-255,6438,159171,44,203467
34797,0.002719,172.31.46.0-255,66,159237,44,203467
34798,0.002746,74.125.24.0-255,1484,160721,44,203467
34799,0.002769,172.31.46.0-255,66,160787,44,203467
34800,0.002854,74.125.24.0-255,2902,163689,44,203467
34801,0.002857,172.31.46.0-255,66,163755,44,203467
34802,0.002885,172.31.46.0-255,66,163821,44,203467
34803,0.002944,74.125.24.0-255,5738,169559,44,203467
34804,0.002948,172.31.46.0-255,66,169625,44,203467
34805,0.00302,172.31.46.0-255,66,169691,44,203467
34806,0.003039,74.125.24.0-255,7138,176829,44,203467
34807,0.003042,172.31.46.0-255,66,176895,44,203467
34808,0.003343,172.31.46.0-255,66,176961,44,203467
34809,0.003367,74.125.24.0-255,6438,183399,44,203467
34810,0.003371,172.31.46.0-255,66,183465,44,203467
34811,0.003464,74.125.24.0-255,7156,190621,44,203467
34812,0.003468,172.31.46.0-255,66,190687,44,203467
34813,0.003511,172.31.46.0-255,66,190753,44,203467
34814,0.00371,74.125.24.0-255,3287,194040,44,203467
34815,0.003718,172.31.46.0-255,66,194106,44,203467
34816,0.011118,172.31.46.0-255,105,194211,44,203467
34817,0.013081,74.125.24.0-255,66,194277,44,203467
34818,0.033962,172.31.46.0-255,172,194449,44,203467
34819,0.033996,172.31.46.0-255,1114,195563,44,203467
34820,0.034064,172.31.46.0-255,1514,197077,44,203467
34821,0.034066,172.31.46.0-255,1514,198591,44,203467
34822,0.034067,172.31.46.0-255,1514,200105,44,203467
34823,0.034072,172.31.46.0-255,1514,201619,44,203467
34824,0.034073,172.31.46.0-255,1514,203133,44,203467
34825,0.034074,172.31.46.0-255,70,203203,44,203467
34826,0.035494,104.244.42.0-255,66,203269,44,203467
34827,0.035549,104.244.42.0-255,66,203335,44,203467
34828,0.035648,104.244.42.0-255,66,203401,44,203467
34829,0.035653,104.244.42.0-255,66,203467,44,203467
34830,0.0,172.217.194.0-255,152,152,44,158186
34831,1.5e-05,172.31.46.0-255,66,218,44,158186
34832,2.1e-05,172.217.194.0-255,1484,1702,44,158186
34833,2.6e-05,172.31.46.0-255,66,1768,44,158186
34834,3.1e-05,172.217.194.0-255,2902,4670,44,158186
34835,4.1e-05,172.31.46.0-255,66,4736,44,158186
34836,4.8e-05,172.217.194.0-255,7156,11892,44,158186
34837,5.1e-05,172.31.46.0-255,66,11958,44,158186
34838,5.5e-05,172.217.194.0-255,1939,13897,44,158186
34839,5.7e-05,172.31.46.0-255,66,13963,44,158186
34840,9.9e-05,172.217.194.0-255,5738,19701,44,158186
34841,0.000102,172.31.46.0-255,66,19767,44,158186
34842,0.000132,172.217.194.0-255,5738,25505,44,158186
34843,0.000134,172.31.46.0-255,66,25571,44,158186
34844,0.000164,172.217.194.0-255,5379,30950,44,158186
34845,0.000166,172.31.46.0-255,66,31016,44,158186
34846,0.000171,172.217.194.0-255,5738,36754,44,158186
34847,0.000173,172.31.46.0-255,66,36820,44,158186
34848,0.000204,172.31.46.0-255,66,36886,44,158186
34849,0.000227,172.217.194.0-255,2543,39429,44,158186
34850,0.000229,172.31.46.0-255,66,39495,44,158186
34851,0.000232,172.217.194.0-255,1484,40979,44,158186
34852,0.000233,172.31.46.0-255,66,41045,44,158186
34853,0.000255,172.217.194.0-255,5738,46783,44,158186
34854,0.000257,172.31.46.0-255,66,46849,44,158186
34855,0.000287,172.31.46.0-255,66,46915,44,158186
34856,0.000292,172.217.194.0-255,365,47280,44,158186
34857,0.000294,172.31.46.0-255,66,47346,44,158186
34858,0.000511,172.217.194.0-255,1484,48830,44,158186
34859,0.000516,172.31.46.0-255,66,48896,44,158186
34860,0.000522,172.217.194.0-255,2902,51798,44,158186
34861,0.000524,172.31.46.0-255,66,51864,44,158186
34862,0.00053,172.217.194.0-255,5738,57602,44,158186
34863,0.000537,172.31.46.0-255,66,57668,44,158186
34864,0.000587,172.31.46.0-255,66,57734,44,158186
34865,0.000596,172.31.46.0-255,66,57800,44,158186
34866,0.000602,172.217.194.0-255,766,58566,44,158186
34867,0.000832,172.217.194.0-255,1484,60050,44,158186
34868,0.000836,172.31.46.0-255,66,60116,44,158186
34869,0.000841,172.217.194.0-255,2902,63018,44,158186
34870,0.000843,172.31.46.0-255,66,63084,44,158186
34871,0.000853,172.217.194.0-255,5738,68822,44,158186
34872,0.000855,172.31.46.0-255,66,68888,44,158186
34873,0.000859,172.217.194.0-255,2902,71790,44,158186
34874,0.000861,172.31.46.0-255,66,71856,44,158186
34875,0.000888,172.217.194.0-255,7156,79012,44,158186
34876,0.000893,172.31.46.0-255,66,79078,44,158186
34877,0.00092,172.217.194.0-255,2902,81980,44,158186
34878,0.000922,172.31.46.0-255,66,82046,44,158186
34879,0.00095,172.31.46.0-255,66,82112,44,158186
34880,0.001332,172.217.194.0-255,1484,83596,44,158186
34881,0.001339,172.217.194.0-255,2902,86498,44,158186
34882,0.001342,172.31.46.0-255,66,86564,44,158186
34883,0.001377,172.217.194.0-255,5738,92302,44,158186
34884,0.00138,172.31.46.0-255,66,92368,44,158186
34885,0.001387,172.217.194.0-255,7156,99524,44,158186
34886,0.001389,172.31.46.0-255,66,99590,44,158186
34887,0.001394,172.217.194.0-255,2902,102492,44,158186
34888,0.001401,172.31.46.0-255,66,102558,44,158186
34889,0.001444,172.31.46.0-255,66,102624,44,158186
34890,0.001449,172.217.194.0-255,2184,104808,44,158186
34891,0.001451,172.31.46.0-255,66,104874,44,158186
34892,0.001612,172.217.194.0-255,1484,106358,44,158186
34893,0.001618,172.217.194.0-255,2902,109260,44,158186
34894,0.001621,172.31.46.0-255,66,109326,44,158186
34895,0.001655,172.217.194.0-255,5738,115064,44,158186
34896,0.001658,172.31.46.0-255,66,115130,44,158186
34897,0.001677,172.31.46.0-255,66,115196,44,158186
34898,0.001707,172.217.194.0-255,4320,119516,44,158186
34899,0.00171,172.31.46.0-255,66,119582,44,158186
34900,0.001743,172.31.46.0-255,66,119648,44,158186
34901,0.001765,172.217.194.0-255,5020,124668,44,158186
34902,0.001784,172.31.46.0-255,66,124734,44,158186
34903,0.001791,172.217.194.0-255,5738,130472,44,158186
34904,0.001796,172.31.46.0-255,66,130538,44,158186
34905,0.001858,172.217.194.0-255,5738,136276,44,158186
34906,0.001922,172.31.46.0-255,66,136342,44,158186
34907,0.001987,172.217.194.0-255,1484,137826,44,158186
34908,0.001993,172.217.194.0-255,5738,143564,44,158186
34909,0.002026,172.31.46.0-255,66,143630,44,158186
34910,0.002079,172.217.194.0-255,5027,148657,44,158186
34911,0.002082,172.217.194.0-255,105,148762,44,158186
34912,0.002086,172.31.46.0-255,66,148828,44,158186
34913,0.004016,172.31.46.0-255,105,148933,44,158186
34914,0.006306,172.217.194.0-255,66,148999,44,158186
34915,0.033698,172.31.46.0-255,167,149166,44,158186
34916,0.033727,172.31.46.0-255,1113,150279,44,158186
34917,0.033795,172.31.46.0-255,1514,151793,44,158186
34918,0.033797,172.31.46.0-255,1514,153307,44,158186
34919,0.033802,172.31.46.0-255,1514,154821,44,158186
34920,0.033804,172.31.46.0-255,1514,156335,44,158186
34921,0.033821,172.31.46.0-255,1514,157849,44,158186
34922,0.033822,172.31.46.0-255,73,157922,44,158186
34923,0.035225,104.244.42.0-255,66,157988,44,158186
34924,0.035264,104.244.42.0-255,66,158054,44,158186
34925,0.035312,104.244.42.0-255,66,158120,44,158186
34926,0.03536,104.244.42.0-255,66,158186,44,158186
34927,0.0,74.125.24.0-255,152,152,44,325157
34928,1.5e-05,172.31.46.0-255,66,218,44,325157
34929,2.3e-05,74.125.24.0-255,1484,1702,44,325157
34930,2.7e-05,172.31.46.0-255,66,1768,44,325157
34931,3.2e-05,74.125.24.0-255,2902,4670,44,325157
34932,4.3e-05,172.31.46.0-255,66,4736,44,325157
34933,5.2e-05,74.125.24.0-255,7156,11892,44,325157
34934,5.4e-05,172.31.46.0-255,66,11958,44,325157
34935,5.9e-05,74.125.24.0-255,1968,13926,44,325157
34936,6.3e-05,172.31.46.0-255,66,13992,44,325157
34937,7e-05,74.125.24.0-255,4320,18312,44,325157
34938,7.3e-05,172.31.46.0-255,66,18378,44,325157
34939,9.4e-05,74.125.24.0-255,7156,25534,44,325157
34940,0.000102,172.31.46.0-255,66,25600,44,325157
34941,0.000109,74.125.24.0-255,5379,30979,44,325157
34942,0.000111,172.31.46.0-255,66,31045,44,325157
34943,0.00016,74.125.24.0-255,1484,32529,44,325157
34944,0.000162,172.31.46.0-255,66,32595,44,325157
34945,0.000168,74.125.24.0-255,2902,35497,44,325157
34946,0.000169,172.31.46.0-255,66,35563,44,325157
34947,0.000202,74.125.24.0-255,5738,41301,44,325157
34948,0.000205,172.31.46.0-255,66,41367,44,325157
34949,0.000212,74.125.24.0-255,6797,48164,44,325157
34950,0.000214,172.31.46.0-255,66,48230,44,325157
34951,0.000252,74.125.24.0-255,7156,55386,44,325157
34952,0.000255,172.31.46.0-255,66,55452,44,325157
34953,0.000285,74.125.24.0-255,7156,62608,44,325157
34954,0.000288,172.31.46.0-255,66,62674,44,325157
34955,0.000292,74.125.24.0-255,2817,65491,44,325157
34956,0.000294,172.31.46.0-255,66,65557,44,325157
34957,0.000328,74.125.24.0-255,128,65685,44,325157
34958,0.000331,172.31.46.0-255,66,65751,44,325157
34959,0.000465,74.125.24.0-255,1484,67235,44,325157
34960,0.000483,74.125.24.0-255,2902,70137,44,325157
34961,0.000487,172.31.46.0-255,66,70203,44,325157
34962,0.000494,74.125.24.0-255,5738,75941,44,325157
34963,0.000496,172.31.46.0-255,66,76007,44,325157
34964,0.000503,74.125.24.0-255,5738,81745,44,325157
34965,0.000505,172.31.46.0-255,66,81811,44,325157
34966,0.000544,172.31.46.0-255,66,81877,44,325157
34967,0.00058,172.31.46.0-255,66,81943,44,325157
34968,0.000613,74.125.24.0-255,1484,83427,44,325157
34969,0.000627,74.125.24.0-255,2902,86329,44,325157
34970,0.000629,172.31.46.0-255,66,86395,44,325157
34971,0.000635,74.125.24.0-255,4320,90715,44,325157
34972,0.000637,172.31.46.0-255,66,90781,44,325157
34973,0.00067,74.125.24.0-255,1484,92265,44,325157
34974,0.000684,172.31.46.0-255,66,92331,44,325157
34975,0.000717,172.31.46.0-255,66,92397,44,325157
34976,0.000739,74.125.24.0-255,3602,95999,44,325157
34977,0.000742,172.31.46.0-255,66,96065,44,325157
34978,0.000777,172.31.46.0-255,66,96131,44,325157
34979,0.000784,74.125.24.0-255,5738,101869,44,325157
34980,0.000786,172.31.46.0-255,66,101935,44,325157
34981,0.000823,172.31.46.0-255,66,102001,44,325157
34982,0.000852,74.125.24.0-255,6438,108439,44,325157
34983,0.000856,172.31.46.0-255,66,108505,44,325157
34984,0.000864,74.125.24.0-255,7156,115661,44,325157
34985,0.000866,172.31.46.0-255,66,115727,44,325157
34986,0.000884,172.31.46.0-255,66,115793,44,325157
34987,0.000917,74.125.24.0-255,7156,122949,44,325157
34988,0.000919,172.31.46.0-255,66,123015,44,325157
34989,0.000952,172.31.46.0-255,66,123081,44,325157
34990,0.000955,74.125.24.0-255,766,123847,44,325157
34991,0.001707,172.31.46.0-255,101,123948,44,325157
34992,0.003209,74.125.24.0-255,4320,128268,44,325157
34993,0.003222,172.31.46.0-255,66,128334,44,325157
34994,0.003953,74.125.24.0-255,1484,129818,44,325157
34995,0.005448,74.125.24.0-255,4320,134138,44,325157
34996,0.005454,172.31.46.0-255,66,134204,44,325157
34997,0.007688,74.125.24.0-255,5738,139942,44,325157
34998,0.007694,172.31.46.0-255,66,140008,44,325157
34999,0.00994,74.125.24.0-255,5738,145746,44,325157
35000,0.009952,172.31.46.0-255,66,145812,44,325157
35001,0.012207,74.125.24.0-255,5738,151550,44,325157
35002,0.012223,172.31.46.0-255,66,151616,44,325157
35003,0.014485,74.125.24.0-255,5738,157354,44,325157
35004,0.014498,172.31.46.0-255,66,157420,44,325157
35005,0.016804,74.125.24.0-255,5738,163158,44,325157
35006,0.016819,172.31.46.0-255,66,163224,44,325157
35007,0.019064,74.125.24.0-255,5738,168962,44,325157
35008,0.01908,172.31.46.0-255,66,169028,44,325157
35009,0.021317,74.125.24.0-255,5738,174766,44,325157
35010,0.021329,172.31.46.0-255,66,174832,44,325157
35011,0.023588,74.125.24.0-255,5738,180570,44,325157
35012,0.023601,172.31.46.0-255,66,180636,44,325157
35013,0.025851,74.125.24.0-255,5738,186374,44,325157
35014,0.025861,172.31.46.0-255,66,186440,44,325157
35015,0.02815,74.125.24.0-255,5738,192178,44,325157
35016,0.028159,172.31.46.0-255,66,192244,44,325157
35017,0.030426,74.125.24.0-255,5738,197982,44,325157
35018,0.030439,172.31.46.0-255,66,198048,44,325157
35019,0.032684,74.125.24.0-255,5738,203786,44,325157
35020,0.032696,172.31.46.0-255,66,203852,44,325157
35021,0.034965,74.125.24.0-255,5738,209590,44,325157
35022,0.034976,172.31.46.0-255,66,209656,44,325157
35023,0.037229,74.125.24.0-255,5738,215394,44,325157
35024,0.037242,172.31.46.0-255,66,215460,44,325157
35025,0.039491,74.125.24.0-255,5738,221198,44,325157
35026,0.039507,172.31.46.0-255,66,221264,44,325157
35027,0.041657,172.31.46.0-255,172,221436,44,325157
35028,0.041689,172.31.46.0-255,1109,222545,44,325157
35029,0.041754,74.125.24.0-255,4320,226865,44,325157
35030,0.041761,172.31.46.0-255,66,226931,44,325157
35031,0.041779,74.125.24.0-255,1484,228415,44,325157
35032,0.0418,172.31.46.0-255,1514,229929,44,325157
35033,0.041801,172.31.46.0-255,1514,231443,44,325157
35034,0.041807,172.31.46.0-255,1514,232957,44,325157
35035,0.041808,172.31.46.0-255,1514,234471,44,325157
35036,0.041826,172.31.46.0-255,1514,235985,44,325157
35037,0.041827,172.31.46.0-255,76,236061,44,325157
35038,0.04323,104.244.42.0-255,66,236127,44,325157
35039,0.043307,104.244.42.0-255,66,236193,44,325157
35040,0.043427,104.244.42.0-255,66,236259,44,325157
35041,0.043435,104.244.42.0-255,66,236325,44,325157
35042,0.044006,74.125.24.0-255,4320,240645,44,325157
35043,0.044014,172.31.46.0-255,66,240711,44,325157
35044,0.046269,74.125.24.0-255,5738,246449,44,325157
35045,0.04628,172.31.46.0-255,66,246515,44,325157
35046,0.048534,74.125.24.0-255,5738,252253,44,325157
35047,0.048546,172.31.46.0-255,66,252319,44,325157
35048,0.050815,74.125.24.0-255,5738,258057,44,325157
35049,0.050825,172.31.46.0-255,66,258123,44,325157
35050,0.05307,74.125.24.0-255,5738,263861,44,325157
35051,0.053078,172.31.46.0-255,66,263927,44,325157
35052,0.055331,74.125.24.0-255,5738,269665,44,325157
35053,0.055341,172.31.46.0-255,66,269731,44,325157
35054,0.057605,74.125.24.0-255,5738,275469,44,325157
35055,0.057618,172.31.46.0-255,66,275535,44,325157
35056,0.059876,74.125.24.0-255,5738,281273,44,325157
35057,0.059889,172.31.46.0-255,66,281339,44,325157
35058,0.062156,74.125.24.0-255,5738,287077,44,325157
35059,0.062166,172.31.46.0-255,66,287143,44,325157
35060,0.064423,74.125.24.0-255,5738,292881,44,325157
35061,0.064433,172.31.46.0-255,66,292947,44,325157
35062,0.066696,74.125.24.0-255,5738,298685,44,325157
35063,0.066705,172.31.46.0-255,66,298751,44,325157
35064,0.068956,74.125.24.0-255,5738,304489,44,325157
35065,0.068965,172.31.46.0-255,66,304555,44,325157
35066,0.071195,74.125.24.0-255,5738,310293,44,325157
35067,0.071202,172.31.46.0-255,66,310359,44,325157
35068,0.073452,74.125.24.0-255,5738,316097,44,325157
35069,0.073464,172.31.46.0-255,66,316163,44,325157
35070,0.075728,74.125.24.0-255,5738,321901,44,325157
35071,0.075739,172.31.46.0-255,66,321967,44,325157
35072,0.077977,74.125.24.0-255,2953,324920,44,325157
35073,0.077988,172.31.46.0-255,66,324986,44,325157
35074,0.078207,172.31.46.0-255,105,325091,44,325157
35075,0.084334,74.125.24.0-255,66,325157,44,325157
35076,0.0,74.125.24.0-255,290,290,44,293634
35077,2.2e-05,172.31.46.0-255,66,356,44,293634
35078,2.8e-05,74.125.24.0-255,1484,1840,44,293634
35079,3.3e-05,172.31.46.0-255,66,1906,44,293634
35080,4.5e-05,74.125.24.0-255,4320,6226,44,293634
35081,4.8e-05,172.31.46.0-255,66,6292,44,293634
35082,9.6e-05,74.125.24.0-255,4320,10612,44,293634
35083,9.9e-05,172.31.46.0-255,66,10678,44,293634
35084,0.000123,74.125.24.0-255,3151,13829,44,293634
35085,0.000125,172.31.46.0-255,66,13895,44,293634
35086,0.000128,74.125.24.0-255,1484,15379,44,293634
35087,0.00013,172.31.46.0-255,66,15445,44,293634
35088,0.000159,74.125.24.0-255,7156,22601,44,293634
35089,0.000162,172.31.46.0-255,66,22667,44,293634
35090,0.000166,74.125.24.0-255,2902,25569,44,293634
35091,0.000168,172.31.46.0-255,66,25635,44,293634
35092,0.000188,74.125.24.0-255,5379,31014,44,293634
35093,0.000191,172.31.46.0-255,66,31080,44,293634
35094,0.000499,74.125.24.0-255,1484,32564,44,293634
35095,0.000505,172.31.46.0-255,66,32630,44,293634
35096,0.000511,74.125.24.0-255,2902,35532,44,293634
35097,0.000514,172.31.46.0-255,66,35598,44,293634
35098,0.000521,74.125.24.0-255,1484,37082,44,293634
35099,0.000524,172.31.46.0-255,66,37148,44,293634
35100,0.000548,74.125.24.0-255,4320,41468,44,293634
35101,0.000556,172.31.46.0-255,66,41534,44,293634
35102,0.00056,74.125.24.0-255,2902,44436,44,293634
35103,0.000562,172.31.46.0-255,66,44502,44,293634
35104,0.000611,172.31.46.0-255,66,44568,44,293634
35105,0.000621,172.31.46.0-255,66,44634,44,293634
35106,0.000628,74.125.24.0-255,1125,45759,44,293634
35107,0.000631,172.31.46.0-255,66,45825,44,293634
35108,0.001057,74.125.24.0-255,648,46473,44,293634
35109,0.001062,172.31.46.0-255,66,46539,44,293634
35110,0.001186,74.125.24.0-255,1484,48023,44,293634
35111,0.001191,172.31.46.0-255,66,48089,44,293634
35112,0.001196,74.125.24.0-255,2902,50991,44,293634
35113,0.001198,172.31.46.0-255,66,51057,44,293634
35114,0.001202,74.125.24.0-255,1484,52541,44,293634
35115,0.001203,172.31.46.0-255,66,52607,44,293634
35116,0.001239,74.125.24.0-255,4320,56927,44,293634
35117,0.001242,172.31.46.0-255,66,56993,44,293634
35118,0.001252,172.31.46.0-255,66,57059,44,293634
35119,0.001264,74.125.24.0-255,7156,64215,44,293634
35120,0.001267,172.31.46.0-255,66,64281,44,293634
35121,0.001305,172.31.46.0-255,66,64347,44,293634
35122,0.004096,74.125.24.0-255,1484,65831,44,293634
35123,0.004105,172.31.46.0-255,66,65897,44,293634
35124,0.004116,74.125.24.0-255,2902,68799,44,293634
35125,0.004124,172.31.46.0-255,66,68865,44,293634
35126,0.004127,74.125.24.0-255,1484,70349,44,293634
35127,0.004129,172.31.46.0-255,66,70415,44,293634
35128,0.006432,74.125.24.0-255,1484,71899,44,293634
35129,0.006435,172.31.46.0-255,66,71965,44,293634
35130,0.006465,74.125.24.0-255,4320,76285,44,293634
35131,0.006467,172.31.46.0-255,66,76351,44,293634
35132,0.008765,74.125.24.0-255,1484,77835,44,293634
35133,0.008773,172.31.46.0-255,66,77901,44,293634
35134,0.008807,74.125.24.0-255,4320,82221,44,293634
35135,0.00881,172.31.46.0-255,66,82287,44,293634
35136,0.01111,74.125.24.0-255,1484,83771,44,293634
35137,0.011118,172.31.46.0-255,66,83837,44,293634
35138,0.011144,74.125.24.0-255,4320,88157,44,293634
35139,0.011147,172.31.46.0-255,66,88223,44,293634
35140,0.013437,74.125.24.0-255,1484,89707,44,293634
35141,0.013446,172.31.46.0-255,66,89773,44,293634
35142,0.013477,74.125.24.0-255,4320,94093,44,293634
35143,0.01348,172.31.46.0-255,66,94159,44,293634
35144,0.015779,74.125.24.0-255,1484,95643,44,293634
35145,0.01579,172.31.46.0-255,66,95709,44,293634
35146,0.015829,74.125.24.0-255,4320,100029,44,293634
35147,0.015832,172.31.46.0-255,66,100095,44,293634
35148,0.018138,74.125.24.0-255,1484,101579,44,293634
35149,0.018149,172.31.46.0-255,66,101645,44,293634
35150,0.018185,74.125.24.0-255,4320,105965,44,293634
35151,0.018188,172.31.46.0-255,66,106031,44,293634
35152,0.020484,74.125.24.0-255,1484,107515,44,293634
35153,0.020494,172.31.46.0-255,66,107581,44,293634
35154,0.020529,74.125.24.0-255,4320,111901,44,293634
35155,0.020532,172.31.46.0-255,66,111967,44,293634
35156,0.022808,74.125.24.0-255,1484,113451,44,293634
35157,0.022817,172.31.46.0-255,66,113517,44,293634
35158,0.022853,74.125.24.0-255,4320,117837,44,293634
35159,0.022856,172.31.46.0-255,66,117903,44,293634
35160,0.025122,74.125.24.0-255,1484,119387,44,293634
35161,0.02513,172.31.46.0-255,66,119453,44,293634
35162,0.025175,74.125.24.0-255,2902,122355,44,293634
35163,0.025178,172.31.46.0-255,66,122421,44,293634
35164,0.025205,74.125.24.0-255,1484,123905,44,293634
35165,0.025207,172.31.46.0-255,66,123971,44,293634
35166,0.027459,74.125.24.0-255,1484,125455,44,293634
35167,0.027469,172.31.46.0-255,66,125521,44,293634
35168,0.027505,74.125.24.0-255,2902,128423,44,293634
35169,0.027508,172.31.46.0-255,66,128489,44,293634
35170,0.027533,74.125.24.0-255,1484,129973,44,293634
35171,0.027535,172.31.46.0-255,66,130039,44,293634
35172,0.029807,74.125.24.0-255,1484,131523,44,293634
35173,0.029817,172.31.46.0-255,66,131589,44,293634
35174,0.029855,74.125.24.0-255,4320,135909,44,293634
35175,0.029858,172.31.46.0-255,66,135975,44,293634
35176,0.032164,74.125.24.0-255,1484,137459,44,293634
35177,0.032177,172.31.46.0-255,66,137525,44,293634
35178,0.032216,74.125.24.0-255,4320,141845,44,293634
35179,0.032219,172.31.46.0-255,66,141911,44,293634
35180,0.034492,74.125.24.0-255,1484,143395,44,293634
35181,0.034499,172.31.46.0-255,66,143461,44,293634
35182,0.034565,74.125.24.0-255,4320,147781,44,293634
35183,0.034569,172.31.46.0-255,66,147847,44,293634
35184,0.03468,172.31.46.0-255,199,148046,44,293634
35185,0.03471,172.31.46.0-255,1109,149155,44,293634
35186,0.034781,172.31.46.0-255,1514,150669,44,293634
35187,0.034783,172.31.46.0-255,1514,152183,44,293634
35188,0.034785,172.31.46.0-255,1514,153697,44,293634
35189,0.034786,172.31.46.0-255,1514,155211,44,293634
35190,0.034814,172.31.46.0-255,1514,156725,44,293634
35191,0.034816,172.31.46.0-255,75,156800,44,293634
35192,0.036235,104.244.42.0-255,66,156866,44,293634
35193,0.036291,104.244.42.0-255,66,156932,44,293634
35194,0.036378,104.244.42.0-255,66,156998,44,293634
35195,0.036431,104.244.42.0-255,66,157064,44,293634
35196,0.036828,74.125.24.0-255,1484,158548,44,293634
35197,0.036835,172.31.46.0-255,66,158614,44,293634
35198,0.036899,74.125.24.0-255,4320,162934,44,293634
35199,0.036902,172.31.46.0-255,66,163000,44,293634
35200,0.037635,104.244.42.0-255,108,163108,44,293634
35201,0.037646,172.31.46.0-255,66,163174,44,293634
35202,0.039176,74.125.24.0-255,1484,164658,44,293634
35203,0.039182,172.31.46.0-255,66,164724,44,293634
35204,0.039218,74.125.24.0-255,4320,169044,44,293634
35205,0.039221,172.31.46.0-255,66,169110,44,293634
35206,0.041505,74.125.24.0-255,1484,170594,44,293634
35207,0.041511,172.31.46.0-255,66,170660,44,293634
35208,0.041547,74.125.24.0-255,4320,174980,44,293634
35209,0.04155,172.31.46.0-255,66,175046,44,293634
35210,0.043863,74.125.24.0-255,1484,176530,44,293634
35211,0.043868,172.31.46.0-255,66,176596,44,293634
35212,0.043904,74.125.24.0-255,4320,180916,44,293634
35213,0.043907,172.31.46.0-255,66,180982,44,293634
35214,0.046226,74.125.24.0-255,1484,182466,44,293634
35215,0.046232,172.31.46.0-255,66,182532,44,293634
35216,0.046261,74.125.24.0-255,4320,186852,44,293634
35217,0.046264,172.31.46.0-255,66,186918,44,293634
35218,0.048566,74.125.24.0-255,1484,188402,44,293634
35219,0.048572,172.31.46.0-255,66,188468,44,293634
35220,0.048605,74.125.24.0-255,4320,192788,44,293634
35221,0.048608,172.31.46.0-255,66,192854,44,293634
35222,0.050898,74.125.24.0-255,1484,194338,44,293634
35223,0.050906,172.31.46.0-255,66,194404,44,293634
35224,0.050936,74.125.24.0-255,4320,198724,44,293634
35225,0.050939,172.31.46.0-255,66,198790,44,293634
35226,0.053234,74.125.24.0-255,1484,200274,44,293634
35227,0.053241,172.31.46.0-255,66,200340,44,293634
35228,0.05327,74.125.24.0-255,4320,204660,44,293634
35229,0.053273,172.31.46.0-255,66,204726,44,293634
35230,0.055554,74.125.24.0-255,1484,206210,44,293634
35231,0.05556,172.31.46.0-255,66,206276,44,293634
35232,0.055599,74.125.24.0-255,4320,210596,44,293634
35233,0.055602,172.31.46.0-255,66,210662,44,293634
35234,0.0579,74.125.24.0-255,1484,212146,44,293634
35235,0.057908,172.31.46.0-255,66,212212,44,293634
35236,0.057945,74.125.24.0-255,4320,216532,44,293634
35237,0.057948,172.31.46.0-255,66,216598,44,293634
35238,0.060257,74.125.24.0-255,1484,218082,44,293634
35239,0.060264,172.31.46.0-255,66,218148,44,293634
35240,0.060301,74.125.24.0-255,4320,222468,44,293634
35241,0.060304,172.31.46.0-255,66,222534,44,293634
35242,0.06261,74.125.24.0-255,1484,224018,44,293634
35243,0.062617,172.31.46.0-255,66,224084,44,293634
35244,0.062687,74.125.24.0-255,4320,228404,44,293634
35245,0.06269,172.31.46.0-255,66,228470,44,293634
35246,0.064923,74.125.24.0-255,1484,229954,44,293634
35247,0.064929,172.31.46.0-255,66,230020,44,293634
35248,0.065015,74.125.24.0-255,4320,234340,44,293634
35249,0.06502,172.31.46.0-255,66,234406,44,293634
35250,0.067255,74.125.24.0-255,1484,235890,44,293634
35251,0.067261,172.31.46.0-255,66,235956,44,293634
35252,0.067368,74.125.24.0-255,4320,240276,44,293634
35253,0.067373,172.31.46.0-255,66,240342,44,293634
35254,0.069588,74.125.24.0-255,1484,241826,44,293634
35255,0.069596,172.31.46.0-255,66,241892,44,293634
35256,0.069684,74.125.24.0-255,4320,246212,44,293634
35257,0.069688,172.31.46.0-255,66,246278,44,293634
35258,0.071933,74.125.24.0-255,1484,247762,44,293634
35259,0.07194,172.31.46.0-255,66,247828,44,293634
35260,0.072021,74.125.24.0-255,2902,250730,44,293634
35261,0.072026,172.31.46.0-255,66,250796,44,293634
35262,0.072052,74.125.24.0-255,1484,252280,44,293634
35263,0.072055,172.31.46.0-255,66,252346,44,293634
35264,0.074284,74.125.24.0-255,1484,253830,44,293634
35265,0.074291,172.31.46.0-255,66,253896,44,293634
35266,0.074339,74.125.24.0-255,2902,256798,44,293634
35267,0.074343,172.31.46.0-255,66,256864,44,293634
35268,0.074369,74.125.24.0-255,1484,258348,44,293634
35269,0.074371,172.31.46.0-255,66,258414,44,293634
35270,0.076638,74.125.24.0-255,1484,259898,44,293634
35271,0.076644,172.31.46.0-255,66,259964,44,293634
35272,0.076673,74.125.24.0-255,1484,261448,44,293634
35273,0.076675,172.31.46.0-255,66,261514,44,293634
35274,0.076702,74.125.24.0-255,1484,262998,44,293634
35275,0.076705,74.125.24.0-255,1484,264482,44,293634
35276,0.076707,172.31.46.0-255,66,264548,44,293634
35277,0.078978,74.125.24.0-255,1484,266032,44,293634
35278,0.079027,74.125.24.0-255,4320,270352,44,293634
35279,0.079032,172.31.46.0-255,66,270418,44,293634
35280,0.08136,74.125.24.0-255,5738,276156,44,293634
35281,0.081366,172.31.46.0-255,66,276222,44,293634
35282,0.083721,74.125.24.0-255,5738,281960,44,293634
35283,0.083728,172.31.46.0-255,66,282026,44,293634
35284,0.086059,74.125.24.0-255,5738,287764,44,293634
35285,0.086067,172.31.46.0-255,66,287830,44,293634
35286,0.088432,74.125.24.0-255,5738,293568,44,293634
35287,0.088439,172.31.46.0-255,66,293634,44,293634
35288,0.0,74.125.130.0-255,153,153,44,354966
35289,2.4e-05,172.31.46.0-255,66,219,44,354966
35290,3.1e-05,74.125.130.0-255,1484,1703,44,354966
35291,3.6e-05,172.31.46.0-255,66,1769,44,354966
35292,4.2e-05,74.125.130.0-255,2902,4671,44,354966
35293,4.6e-05,172.31.46.0-255,66,4737,44,354966
35294,5.3e-05,74.125.130.0-255,5738,10475,44,354966
35295,5.5e-05,172.31.46.0-255,66,10541,44,354966
35296,7.6e-05,74.125.130.0-255,3502,14043,44,354966
35297,7.9e-05,172.31.46.0-255,66,14109,44,354966
35298,0.000104,74.125.130.0-255,1484,15593,44,354966
35299,0.000106,172.31.46.0-255,66,15659,44,354966
35300,0.000122,74.125.130.0-255,2902,18561,44,354966
35301,0.000125,172.31.46.0-255,66,18627,44,354966
35302,0.000131,74.125.130.0-255,5738,24365,44,354966
35303,0.000133,172.31.46.0-255,66,24431,44,354966
35304,0.000161,74.125.130.0-255,4320,28751,44,354966
35305,0.000164,172.31.46.0-255,66,28817,44,354966
35306,0.000182,74.125.130.0-255,2543,31360,44,354966
35307,0.000197,172.31.46.0-255,66,31426,44,354966
35308,0.000286,74.125.130.0-255,1484,32910,44,354966
35309,0.000289,172.31.46.0-255,66,32976,44,354966
35310,0.000295,74.125.130.0-255,2902,35878,44,354966
35311,0.000298,172.31.46.0-255,66,35944,44,354966
35312,0.000301,74.125.130.0-255,1484,37428,44,354966
35313,0.000303,172.31.46.0-255,66,37494,44,354966
35314,0.000339,74.125.130.0-255,4320,41814,44,354966
35315,0.000342,172.31.46.0-255,66,41880,44,354966
35316,0.000347,74.125.130.0-255,4320,46200,44,354966
35317,0.000349,172.31.46.0-255,66,46266,44,354966
35318,0.000356,74.125.130.0-255,5379,51645,44,354966
35319,0.000358,172.31.46.0-255,66,51711,44,354966
35320,0.000361,74.125.130.0-255,1484,53195,44,354966
35321,0.0004,172.31.46.0-255,66,53261,44,354966
35322,0.000423,74.125.130.0-255,4275,57536,44,354966
35323,0.000425,172.31.46.0-255,66,57602,44,354966
35324,0.000469,74.125.130.0-255,365,57967,44,354966
35325,0.000633,74.125.130.0-255,1484,59451,44,354966
35326,0.000639,172.31.46.0-255,66,59517,44,354966
35327,0.000644,74.125.130.0-255,2902,62419,44,354966
35328,0.000647,172.31.46.0-255,66,62485,44,354966
35329,0.000652,74.125.130.0-255,4320,66805,44,354966
35330,0.000655,172.31.46.0-255,66,66871,44,354966
35331,0.000681,74.125.130.0-255,1484,68355,44,354966
35332,0.000689,74.125.130.0-255,6246,74601,44,354966
35333,0.000693,172.31.46.0-255,66,74667,44,354966
35334,0.000824,74.125.130.0-255,1484,76151,44,354966
35335,0.000845,74.125.130.0-255,2902,79053,44,354966
35336,0.000849,172.31.46.0-255,66,79119,44,354966
35337,0.000878,74.125.130.0-255,5738,84857,44,354966
35338,0.000881,172.31.46.0-255,66,84923,44,354966
35339,0.000887,74.125.130.0-255,4320,89243,44,354966
35340,0.000889,172.31.46.0-255,66,89309,44,354966
35341,0.000903,172.31.46.0-255,66,89375,44,354966
35342,0.000917,74.125.130.0-255,1484,90859,44,354966
35343,0.00094,74.125.130.0-255,6438,97297,44,354966
35344,0.000943,172.31.46.0-255,66,97363,44,354966
35345,0.001194,74.125.130.0-255,1484,98847,44,354966
35346,0.001199,74.125.130.0-255,1484,100331,44,354966
35347,0.001202,172.31.46.0-255,66,100397,44,354966
35348,0.001228,74.125.130.0-255,1484,101881,44,354966
35349,0.001235,74.125.130.0-255,5738,107619,44,354966
35350,0.00124,74.125.130.0-255,4320,111939,44,354966
35351,0.001245,74.125.130.0-255,5738,117677,44,354966
35352,0.001258,172.31.46.0-255,66,117743,44,354966
35353,0.001261,172.31.46.0-255,66,117809,44,354966
35354,0.001263,172.31.46.0-255,66,117875,44,354966
35355,0.001272,172.31.46.0-255,66,117941,44,354966
35356,0.001276,74.125.130.0-255,2902,120843,44,354966
35357,0.001278,172.31.46.0-255,66,120909,44,354966
35358,0.001282,74.125.130.0-255,2184,123093,44,354966
35359,0.001284,172.31.46.0-255,66,123159,44,354966
35360,0.001577,74.125.130.0-255,1484,124643,44,354966
35361,0.001598,74.125.130.0-255,2902,127545,44,354966
35362,0.001601,172.31.46.0-255,66,127611,44,354966
35363,0.001627,74.125.130.0-255,5738,133349,44,354966
35364,0.001629,172.31.46.0-255,66,133415,44,354966
35365,0.001637,74.125.130.0-255,7156,140571,44,354966
35366,0.001639,172.31.46.0-255,66,140637,44,354966
35367,0.001673,74.125.130.0-255,1484,142121,44,354966
35368,0.001696,74.125.130.0-255,7156,149277,44,354966
35369,0.001699,172.31.46.0-255,66,149343,44,354966
35370,0.001709,172.31.46.0-255,66,149409,44,354966
35371,0.001725,74.125.130.0-255,1484,150893,44,354966
35372,0.001744,74.125.130.0-255,2902,153795,44,354966
35373,0.001747,172.31.46.0-255,66,153861,44,354966
35374,0.001753,74.125.130.0-255,4320,158181,44,354966
35375,0.001755,172.31.46.0-255,66,158247,44,354966
35376,0.001768,74.125.130.0-255,1484,159731,44,354966
35377,0.001798,172.31.46.0-255,66,159797,44,354966
35378,0.001805,74.125.130.0-255,7156,166953,44,354966
35379,0.001808,172.31.46.0-255,66,167019,44,354966
35380,0.001847,74.125.130.0-255,3602,170621,44,354966
35381,0.001851,172.31.46.0-255,66,170687,44,354966
35382,0.00188,74.125.130.0-255,1484,172171,44,354966
35383,0.001895,74.125.130.0-255,2902,175073,44,354966
35384,0.001897,172.31.46.0-255,66,175139,44,354966
35385,0.001923,74.125.130.0-255,5738,180877,44,354966
35386,0.001926,172.31.46.0-255,66,180943,44,354966
35387,0.001933,74.125.130.0-255,5738,186681,44,354966
35388,0.001935,172.31.46.0-255,66,186747,44,354966
35389,0.001955,74.125.130.0-255,7156,193903,44,354966
35390,0.001958,172.31.46.0-255,66,193969,44,354966
35391,0.001966,74.125.130.0-255,7156,201125,44,354966
35392,0.001968,172.31.46.0-255,66,201191,44,354966
35393,0.002001,74.125.130.0-255,3602,204793,44,354966
35394,0.002004,172.31.46.0-255,66,204859,44,354966
35395,0.003923,74.125.130.0-255,1484,206343,44,354966
35396,0.003953,74.125.130.0-255,4320,210663,44,354966
35397,0.003958,172.31.46.0-255,66,210729,44,354966
35398,0.005931,74.125.130.0-255,5738,216467,44,354966
35399,0.005937,172.31.46.0-255,66,216533,44,354966
35400,0.007894,74.125.130.0-255,5738,222271,44,354966
35401,0.007898,172.31.46.0-255,66,222337,44,354966
35402,0.009863,74.125.130.0-255,5738,228075,44,354966
35403,0.009869,172.31.46.0-255,66,228141,44,354966
35404,0.011855,74.125.130.0-255,5738,233879,44,354966
35405,0.011862,172.31.46.0-255,66,233945,44,354966
35406,0.013835,74.125.130.0-255,5738,239683,44,354966
35407,0.013842,172.31.46.0-255,66,239749,44,354966
35408,0.015822,74.125.130.0-255,5738,245487,44,354966
35409,0.01583,172.31.46.0-255,66,245553,44,354966
35410,0.017808,74.125.130.0-255,5738,251291,44,354966
35411,0.017818,172.31.46.0-255,66,251357,44,354966
35412,0.019792,74.125.130.0-255,5738,257095,44,354966
35413,0.019799,172.31.46.0-255,66,257161,44,354966
35414,0.02176,74.125.130.0-255,4320,261481,44,354966
35415,0.021764,172.31.46.0-255,66,261547,44,354966
35416,0.021775,74.125.130.0-255,1484,263031,44,354966
35417,0.023723,74.125.130.0-255,4320,267351,44,354966
35418,0.023729,172.31.46.0-255,66,267417,44,354966
35419,0.025702,74.125.130.0-255,5738,273155,44,354966
35420,0.025711,172.31.46.0-255,66,273221,44,354966
35421,0.027688,74.125.130.0-255,5738,278959,44,354966
35422,0.027694,172.31.46.0-255,66,279025,44,354966
35423,0.029661,74.125.130.0-255,5738,284763,44,354966
35424,0.029668,172.31.46.0-255,66,284829,44,354966
35425,0.031632,74.125.130.0-255,5738,290567,44,354966
35426,0.031638,172.31.46.0-255,66,290633,44,354966
35427,0.033612,74.125.130.0-255,5738,296371,44,354966
35428,0.033621,172.31.46.0-255,66,296437,44,354966
35429,0.035596,74.125.130.0-255,5738,302175,44,354966
35430,0.035606,172.31.46.0-255,66,302241,44,354966
35431,0.037619,74.125.130.0-255,5738,307979,44,354966
35432,0.037627,172.31.46.0-255,66,308045,44,354966
35433,0.039611,74.125.130.0-255,5738,313783,44,354966
35434,0.039619,172.31.46.0-255,66,313849,44,354966
35435,0.041162,172.31.46.0-255,172,314021,44,354966
35436,0.04119,172.31.46.0-255,1114,315135,44,354966
35437,0.041242,172.31.46.0-255,1514,316649,44,354966
35438,0.041244,172.31.46.0-255,1514,318163,44,354966
35439,0.041248,172.31.46.0-255,1514,319677,44,354966
35440,0.041249,172.31.46.0-255,1514,321191,44,354966
35441,0.041283,172.31.46.0-255,1514,322705,44,354966
35442,0.041284,172.31.46.0-255,70,322775,44,354966
35443,0.041582,74.125.130.0-255,5738,328513,44,354966
35444,0.041588,172.31.46.0-255,66,328579,44,354966
35445,0.042677,104.244.42.0-255,66,328645,44,354966
35446,0.042733,104.244.42.0-255,66,328711,44,354966
35447,0.042822,104.244.42.0-255,66,328777,44,354966
35448,0.042828,104.244.42.0-255,66,328843,44,354966
35449,0.043566,74.125.130.0-255,5738,334581,44,354966
35450,0.043573,172.31.46.0-255,66,334647,44,354966
35451,0.04555,74.125.130.0-255,5738,340385,44,354966
35452,0.045557,172.31.46.0-255,66,340451,44,354966
35453,0.047523,74.125.130.0-255,5738,346189,44,354966
35454,0.047528,172.31.46.0-255,66,346255,44,354966
35455,0.049504,74.125.130.0-255,5738,351993,44,354966
35456,0.04951,172.31.46.0-255,66,352059,44,354966
35457,0.051473,74.125.130.0-255,2670,354729,44,354966
35458,0.051479,172.31.46.0-255,66,354795,44,354966
35459,0.05161,172.31.46.0-255,105,354900,44,354966
35460,0.053554,74.125.130.0-255,66,354966,44,354966
35461,0.0,74.125.24.0-255,153,153,44,312962
35462,1.3e-05,172.31.46.0-255,66,219,44,312962
35463,3.9e-05,74.125.24.0-255,1484,1703,44,312962
35464,4.4e-05,172.31.46.0-255,66,1769,44,312962
35465,5e-05,74.125.24.0-255,2902,4671,44,312962
35466,5.3e-05,172.31.46.0-255,66,4737,44,312962
35467,9.3e-05,74.125.24.0-255,7156,11893,44,312962
35468,9.6e-05,172.31.46.0-255,66,11959,44,312962
35469,0.000124,74.125.24.0-255,7156,19115,44,312962
35470,0.000127,172.31.46.0-255,66,19181,44,312962
35471,0.000154,74.125.24.0-255,3459,22640,44,312962
35472,0.000157,172.31.46.0-255,66,22706,44,312962
35473,0.00019,172.31.46.0-255,66,22772,44,312962
35474,0.000352,74.125.24.0-255,1484,24256,44,312962
35475,0.000357,172.31.46.0-255,66,24322,44,312962
35476,0.000362,74.125.24.0-255,2902,27224,44,312962
35477,0.000365,172.31.46.0-255,66,27290,44,312962
35478,0.000378,74.125.24.0-255,5738,33028,44,312962
35479,0.00038,172.31.46.0-255,66,33094,44,312962
35480,0.000433,74.125.24.0-255,7156,40250,44,312962
35481,0.000436,172.31.46.0-255,66,40316,44,312962
35482,0.00047,74.125.24.0-255,6797,47113,44,312962
35483,0.000473,172.31.46.0-255,66,47179,44,312962
35484,0.00048,74.125.24.0-255,5738,52917,44,312962
35485,0.000482,172.31.46.0-255,66,52983,44,312962
35486,0.000492,74.125.24.0-255,4235,57218,44,312962
35487,0.000494,172.31.46.0-255,66,57284,44,312962
35488,0.000516,74.125.24.0-255,130,57414,44,312962
35489,0.000518,172.31.46.0-255,66,57480,44,312962
35490,0.000541,74.125.24.0-255,1484,58964,44,312962
35491,0.000543,172.31.46.0-255,66,59030,44,312962
35492,0.000572,74.125.24.0-255,2902,61932,44,312962
35493,0.000575,172.31.46.0-255,66,61998,44,312962
35494,0.00058,74.125.24.0-255,2902,64900,44,312962
35495,0.000581,172.31.46.0-255,66,64966,44,312962
35496,0.00064,74.125.24.0-255,4320,69286,44,312962
35497,0.000644,172.31.46.0-255,66,69352,44,312962
35498,0.000651,74.125.24.0-255,5081,74433,44,312962
35499,0.000653,172.31.46.0-255,66,74499,44,312962
35500,0.001192,74.125.24.0-255,1484,75983,44,312962
35501,0.0012,74.125.24.0-255,2902,78885,44,312962
35502,0.001204,172.31.46.0-255,66,78951,44,312962
35503,0.001211,74.125.24.0-255,5738,84689,44,312962
35504,0.001213,172.31.46.0-255,66,84755,44,312962
35505,0.001265,172.31.46.0-255,66,84821,44,312962
35506,0.00127,74.125.24.0-255,2902,87723,44,312962
35507,0.001272,172.31.46.0-255,66,87789,44,312962
35508,0.001308,74.125.24.0-255,7156,94945,44,312962
35509,0.001311,172.31.46.0-255,66,95011,44,312962
35510,0.001317,74.125.24.0-255,5020,100031,44,312962
35511,0.001319,172.31.46.0-255,66,100097,44,312962
35512,0.001427,74.125.24.0-255,1484,101581,44,312962
35513,0.001433,74.125.24.0-255,2902,104483,44,312962
35514,0.001435,172.31.46.0-255,66,104549,44,312962
35515,0.001441,74.125.24.0-255,2902,107451,44,312962
35516,0.001443,172.31.46.0-255,66,107517,44,312962
35517,0.001463,74.125.24.0-255,2902,110419,44,312962
35518,0.00147,172.31.46.0-255,66,110485,44,312962
35519,0.001475,74.125.24.0-255,2902,113387,44,312962
35520,0.001476,172.31.46.0-255,66,113453,44,312962
35521,0.001528,172.31.46.0-255,66,113519,44,312962
35522,0.001539,172.31.46.0-255,66,113585,44,312962
35523,0.001548,74.125.24.0-255,2902,116487,44,312962
35524,0.00155,172.31.46.0-255,66,116553,44,312962
35525,0.001598,172.31.46.0-255,66,116619,44,312962
35526,0.001601,74.125.24.0-255,1484,118103,44,312962
35527,0.001606,74.125.24.0-255,2902,121005,44,312962
35528,0.001608,172.31.46.0-255,66,121071,44,312962
35529,0.001619,74.125.24.0-255,5738,126809,44,312962
35530,0.001621,172.31.46.0-255,66,126875,44,312962
35531,0.001679,172.31.46.0-255,66,126941,44,312962
35532,0.001697,172.31.46.0-255,66,127007,44,312962
35533,0.00177,74.125.24.0-255,1484,128491,44,312962
35534,0.001776,74.125.24.0-255,2902,131393,44,312962
35535,0.001779,172.31.46.0-255,66,131459,44,312962
35536,0.001783,74.125.24.0-255,1484,132943,44,312962
35537,0.001813,74.125.24.0-255,4320,137263,44,312962
35538,0.001816,172.31.46.0-255,66,137329,44,312962
35539,0.001819,74.125.24.0-255,1484,138813,44,312962
35540,0.001854,172.31.46.0-255,66,138879,44,312962
35541,0.001862,74.125.24.0-255,5738,144617,44,312962
35542,0.001864,172.31.46.0-255,66,144683,44,312962
35543,0.001909,172.31.46.0-255,66,144749,44,312962
35544,0.004154,74.125.24.0-255,5738,150487,44,312962
35545,0.00416,172.31.46.0-255,66,150553,44,312962
35546,0.006413,74.125.24.0-255,5738,156291,44,312962
35547,0.00642,172.31.46.0-255,66,156357,44,312962
35548,0.008698,74.125.24.0-255,5738,162095,44,312962
35549,0.008705,172.31.46.0-255,66,162161,44,312962
35550,0.011012,74.125.24.0-255,5738,167899,44,312962
35551,0.01102,172.31.46.0-255,66,167965,44,312962
35552,0.013265,74.125.24.0-255,5738,173703,44,312962
35553,0.013273,172.31.46.0-255,66,173769,44,312962
35554,0.015542,74.125.24.0-255,5738,179507,44,312962
35555,0.015549,172.31.46.0-255,66,179573,44,312962
35556,0.017806,74.125.24.0-255,5738,185311,44,312962
35557,0.017815,172.31.46.0-255,66,185377,44,312962
35558,0.020099,74.125.24.0-255,5738,191115,44,312962
35559,0.020107,172.31.46.0-255,66,191181,44,312962
35560,0.022369,74.125.24.0-255,5738,196919,44,312962
35561,0.022378,172.31.46.0-255,66,196985,44,312962
35562,0.024624,74.125.24.0-255,5738,202723,44,312962
35563,0.024631,172.31.46.0-255,66,202789,44,312962
35564,0.026913,74.125.24.0-255,5738,208527,44,312962
35565,0.026921,172.31.46.0-255,66,208593,44,312962
35566,0.029206,74.125.24.0-255,5738,214331,44,312962
35567,0.029216,172.31.46.0-255,66,214397,44,312962
35568,0.031501,74.125.24.0-255,5738,220135,44,312962
35569,0.03151,172.31.46.0-255,66,220201,44,312962
35570,0.033778,74.125.24.0-255,5738,225939,44,312962
35571,0.033786,172.31.46.0-255,66,226005,44,312962
35572,0.034529,172.31.46.0-255,164,226169,44,312962
35573,0.034559,172.31.46.0-255,1123,227292,44,312962
35574,0.034635,172.31.46.0-255,1514,228806,44,312962
35575,0.034661,172.31.46.0-255,1514,230320,44,312962
35576,0.034663,172.31.46.0-255,1514,231834,44,312962
35577,0.034684,172.31.46.0-255,1514,233348,44,312962
35578,0.034687,172.31.46.0-255,1509,234857,44,312962
35579,0.036056,104.244.42.0-255,66,234923,44,312962
35580,0.036065,74.125.24.0-255,5738,240661,44,312962
35581,0.03607,172.31.46.0-255,66,240727,44,312962
35582,0.03612,104.244.42.0-255,66,240793,44,312962
35583,0.03621,104.244.42.0-255,66,240859,44,312962
35584,0.03626,104.244.42.0-255,66,240925,44,312962
35585,0.037,104.244.42.0-255,108,241033,44,312962
35586,0.037007,172.31.46.0-255,66,241099,44,312962
35587,0.038348,74.125.24.0-255,5738,246837,44,312962
35588,0.038356,172.31.46.0-255,66,246903,44,312962
35589,0.040651,74.125.24.0-255,5738,252641,44,312962
35590,0.040657,172.31.46.0-255,66,252707,44,312962
35591,0.04292,74.125.24.0-255,5738,258445,44,312962
35592,0.042927,172.31.46.0-255,66,258511,44,312962
35593,0.045204,74.125.24.0-255,5738,264249,44,312962
35594,0.045209,172.31.46.0-255,66,264315,44,312962
35595,0.047472,74.125.24.0-255,5738,270053,44,312962
35596,0.047477,172.31.46.0-255,66,270119,44,312962
35597,0.049759,74.125.24.0-255,5738,275857,44,312962
35598,0.049765,172.31.46.0-255,66,275923,44,312962
35599,0.052027,74.125.24.0-255,5738,281661,44,312962
35600,0.052033,172.31.46.0-255,66,281727,44,312962
35601,0.054288,74.125.24.0-255,5738,287465,44,312962
35602,0.054295,172.31.46.0-255,66,287531,44,312962
35603,0.056589,74.125.24.0-255,5738,293269,44,312962
35604,0.056596,172.31.46.0-255,66,293335,44,312962
35605,0.058846,74.125.24.0-255,5738,299073,44,312962
35606,0.058853,172.31.46.0-255,66,299139,44,312962
35607,0.061129,74.125.24.0-255,5738,304877,44,312962
35608,0.061136,172.31.46.0-255,66,304943,44,312962
35609,0.063407,74.125.24.0-255,5738,310681,44,312962
35610,0.063413,172.31.46.0-255,66,310747,44,312962
35611,0.065666,74.125.24.0-255,1978,312725,44,312962
35612,0.065672,172.31.46.0-255,66,312791,44,312962
35613,0.065798,172.31.46.0-255,105,312896,44,312962
35614,0.068037,74.125.24.0-255,66,312962,44,312962
35615,0.0,172.217.194.0-255,152,152,44,290689
35616,2.3e-05,172.31.46.0-255,66,218,44,290689
35617,3.1e-05,172.217.194.0-255,1484,1702,44,290689
35618,3.7e-05,172.31.46.0-255,66,1768,44,290689
35619,5.1e-05,172.217.194.0-255,2902,4670,44,290689
35620,5.5e-05,172.31.46.0-255,66,4736,44,290689
35621,6.4e-05,172.217.194.0-255,7156,11892,44,290689
35622,6.7e-05,172.31.46.0-255,66,11958,44,290689
35623,7.3e-05,172.217.194.0-255,2109,14067,44,290689
35624,7.8e-05,172.31.46.0-255,66,14133,44,290689
35625,8.5e-05,172.217.194.0-255,2902,17035,44,290689
35626,8.8e-05,172.31.46.0-255,66,17101,44,290689
35627,0.000131,172.31.46.0-255,66,17167,44,290689
35628,0.000137,172.217.194.0-255,5379,22546,44,290689
35629,0.00014,172.31.46.0-255,66,22612,44,290689
35630,0.000176,172.217.194.0-255,1484,24096,44,290689
35631,0.000178,172.31.46.0-255,66,24162,44,290689
35632,0.000183,172.217.194.0-255,2902,27064,44,290689
35633,0.000185,172.31.46.0-255,66,27130,44,290689
35634,0.000223,172.217.194.0-255,5738,32868,44,290689
35635,0.000226,172.31.46.0-255,66,32934,44,290689
35636,0.000244,172.31.46.0-255,66,33000,44,290689
35637,0.000273,172.217.194.0-255,2543,35543,44,290689
35638,0.000275,172.31.46.0-255,66,35609,44,290689
35639,0.000291,172.31.46.0-255,66,35675,44,290689
35640,0.000435,172.217.194.0-255,120,35795,44,290689
35641,0.000439,172.31.46.0-255,66,35861,44,290689
35642,0.000443,172.217.194.0-255,377,36238,44,290689
35643,0.000446,172.31.46.0-255,66,36304,44,290689
35644,0.001008,172.217.194.0-255,1484,37788,44,290689
35645,0.001029,172.217.194.0-255,2902,40690,44,290689
35646,0.001033,172.31.46.0-255,66,40756,44,290689
35647,0.001064,172.217.194.0-255,5738,46494,44,290689
35648,0.001067,172.31.46.0-255,66,46560,44,290689
35649,0.001105,172.31.46.0-255,66,46626,44,290689
35650,0.001133,172.217.194.0-255,2902,49528,44,290689
35651,0.001135,172.31.46.0-255,66,49594,44,290689
35652,0.001146,172.31.46.0-255,66,49660,44,290689
35653,0.001155,172.217.194.0-255,2184,51844,44,290689
35654,0.001157,172.31.46.0-255,66,51910,44,290689
35655,0.003324,172.217.194.0-255,2902,54812,44,290689
35656,0.003332,172.31.46.0-255,66,54878,44,290689
35657,0.00336,172.217.194.0-255,2902,57780,44,290689
35658,0.003362,172.31.46.0-255,66,57846,44,290689
35659,0.005538,172.217.194.0-255,4320,62166,44,290689
35660,0.005542,172.31.46.0-255,66,62232,44,290689
35661,0.005566,172.217.194.0-255,1484,63716,44,290689
35662,0.00775,172.217.194.0-255,4320,68036,44,290689
35663,0.007758,172.31.46.0-255,66,68102,44,290689
35664,0.009951,172.217.194.0-255,5738,73840,44,290689
35665,0.009962,172.31.46.0-255,66,73906,44,290689
35666,0.012199,172.217.194.0-255,5738,79644,44,290689
35667,0.012208,172.31.46.0-255,66,79710,44,290689
35668,0.014408,172.217.194.0-255,5738,85448,44,290689
35669,0.014419,172.31.46.0-255,66,85514,44,290689
35670,0.016621,172.217.194.0-255,5738,91252,44,290689
35671,0.016634,172.31.46.0-255,66,91318,44,290689
35672,0.018844,172.217.194.0-255,5738,97056,44,290689
35673,0.018854,172.31.46.0-255,66,97122,44,290689
35674,0.021074,172.217.194.0-255,5738,102860,44,290689
35675,0.02109,172.31.46.0-255,66,102926,44,290689
35676,0.023282,172.217.194.0-255,5738,108664,44,290689
35677,0.023295,172.31.46.0-255,66,108730,44,290689
35678,0.025478,172.217.194.0-255,5738,114468,44,290689
35679,0.025488,172.31.46.0-255,66,114534,44,290689
35680,0.027692,172.217.194.0-255,5738,120272,44,290689
35681,0.027701,172.31.46.0-255,66,120338,44,290689
35682,0.029903,172.217.194.0-255,5738,126076,44,290689
35683,0.029913,172.31.46.0-255,66,126142,44,290689
35684,0.032141,172.217.194.0-255,5738,131880,44,290689
35685,0.032149,172.31.46.0-255,66,131946,44,290689
35686,0.034339,172.217.194.0-255,5738,137684,44,290689
35687,0.034346,172.31.46.0-255,66,137750,44,290689
35688,0.03655,172.217.194.0-255,5738,143488,44,290689
35689,0.036557,172.31.46.0-255,66,143554,44,290689
35690,0.036663,172.31.46.0-255,172,143726,44,290689
35691,0.036692,172.31.46.0-255,1114,144840,44,290689
35692,0.036763,172.31.46.0-255,1514,146354,44,290689
35693,0.036764,172.31.46.0-255,1514,147868,44,290689
35694,0.03677,172.31.46.0-255,1514,149382,44,290689
35695,0.036772,172.31.46.0-255,1514,150896,44,290689
35696,0.036789,172.31.46.0-255,1514,152410,44,290689
35697,0.036791,172.31.46.0-255,71,152481,44,290689
35698,0.038185,104.244.42.0-255,66,152547,44,290689
35699,0.038218,104.244.42.0-255,66,152613,44,290689
35700,0.038341,104.244.42.0-255,66,152679,44,290689
35701,0.038348,104.244.42.0-255,66,152745,44,290689
35702,0.038742,172.217.194.0-255,5738,158483,44,290689
35703,0.03875,172.31.46.0-255,66,158549,44,290689
35704,0.040953,172.217.194.0-255,5738,164287,44,290689
35705,0.040965,172.31.46.0-255,66,164353,44,290689
35706,0.04318,172.217.194.0-255,5738,170091,44,290689
35707,0.043195,172.31.46.0-255,66,170157,44,290689
35708,0.045385,172.217.194.0-255,5738,175895,44,290689
35709,0.045396,172.31.46.0-255,66,175961,44,290689
35710,0.047591,172.217.194.0-255,5738,181699,44,290689
35711,0.047598,172.31.46.0-255,66,181765,44,290689
35712,0.049823,172.217.194.0-255,5738,187503,44,290689
35713,0.049831,172.31.46.0-255,66,187569,44,290689
35714,0.052023,172.217.194.0-255,5738,193307,44,290689
35715,0.05203,172.31.46.0-255,66,193373,44,290689
35716,0.054241,172.217.194.0-255,4320,197693,44,290689
35717,0.054247,172.31.46.0-255,66,197759,44,290689
35718,0.054269,172.217.194.0-255,1484,199243,44,290689
35719,0.056461,172.217.194.0-255,4320,203563,44,290689
35720,0.056472,172.31.46.0-255,66,203629,44,290689
35721,0.058679,172.217.194.0-255,5738,209367,44,290689
35722,0.058689,172.31.46.0-255,66,209433,44,290689
35723,0.060921,172.217.194.0-255,5738,215171,44,290689
35724,0.060931,172.31.46.0-255,66,215237,44,290689
35725,0.06313,172.217.194.0-255,5738,220975,44,290689
35726,0.063135,172.31.46.0-255,66,221041,44,290689
35727,0.065346,172.217.194.0-255,5738,226779,44,290689
35728,0.065353,172.31.46.0-255,66,226845,44,290689
35729,0.067577,172.217.194.0-255,5738,232583,44,290689
35730,0.067584,172.31.46.0-255,66,232649,44,290689
35731,0.069818,172.217.194.0-255,5738,238387,44,290689
35732,0.069823,172.31.46.0-255,66,238453,44,290689
35733,0.072008,172.217.194.0-255,5738,244191,44,290689
35734,0.072014,172.31.46.0-255,66,244257,44,290689
35735,0.074242,172.217.194.0-255,5738,249995,44,290689
35736,0.074252,172.31.46.0-255,66,250061,44,290689
35737,0.076466,172.217.194.0-255,5738,255799,44,290689
35738,0.076482,172.31.46.0-255,66,255865,44,290689
35739,0.078686,172.217.194.0-255,5738,261603,44,290689
35740,0.078694,172.31.46.0-255,66,261669,44,290689
35741,0.080935,172.217.194.0-255,5738,267407,44,290689
35742,0.080942,172.31.46.0-255,66,267473,44,290689
35743,0.083132,172.217.194.0-255,5738,273211,44,290689
35744,0.083139,172.31.46.0-255,66,273277,44,290689
35745,0.085355,172.217.194.0-255,5738,279015,44,290689
35746,0.085362,172.31.46.0-255,66,279081,44,290689
35747,0.087575,172.217.194.0-255,5738,284819,44,290689
35748,0.087581,172.31.46.0-255,66,284885,44,290689
35749,0.089775,172.217.194.0-255,5738,290623,44,290689
35750,0.089782,172.31.46.0-255,66,290689,44,290689
35751,0.0,172.217.194.0-255,152,152,44,340786
35752,2.9e-05,172.31.46.0-255,66,218,44,340786
35753,3.5e-05,172.217.194.0-255,1484,1702,44,340786
35754,3.9e-05,172.31.46.0-255,66,1768,44,340786
35755,4.3e-05,172.217.194.0-255,2902,4670,44,340786
35756,4.5e-05,172.31.46.0-255,66,4736,44,340786
35757,5.8e-05,172.217.194.0-255,7156,11892,44,340786
35758,6.1e-05,172.31.46.0-255,66,11958,44,340786
35759,6.4e-05,172.217.194.0-255,2140,14098,44,340786
35760,6.6e-05,172.31.46.0-255,66,14164,44,340786
35761,0.00015,172.217.194.0-255,1484,15648,44,340786
35762,0.000154,172.31.46.0-255,66,15714,44,340786
35763,0.00016,172.217.194.0-255,2902,18616,44,340786
35764,0.000163,172.31.46.0-255,66,18682,44,340786
35765,0.000165,172.217.194.0-255,1484,20166,44,340786
35766,0.000167,172.31.46.0-255,66,20232,44,340786
35767,0.000186,172.217.194.0-255,4320,24552,44,340786
35768,0.000188,172.31.46.0-255,66,24618,44,340786
35769,0.000218,172.217.194.0-255,1484,26102,44,340786
35770,0.00022,172.31.46.0-255,66,26168,44,340786
35771,0.000252,172.217.194.0-255,6797,32965,44,340786
35772,0.000255,172.31.46.0-255,66,33031,44,340786
35773,0.000264,172.31.46.0-255,66,33097,44,340786
35774,0.000274,172.217.194.0-255,4320,37417,44,340786
35775,0.000276,172.31.46.0-255,66,37483,44,340786
35776,0.000305,172.217.194.0-255,2543,40026,44,340786
35777,0.000308,172.31.46.0-255,66,40092,44,340786
35778,0.001231,172.217.194.0-255,1484,41576,44,340786
35779,0.001237,172.31.46.0-255,66,41642,44,340786
35780,0.001244,172.217.194.0-255,2902,44544,44,340786
35781,0.001246,172.31.46.0-255,66,44610,44,340786
35782,0.001256,172.217.194.0-255,5738,50348,44,340786
35783,0.001258,172.31.46.0-255,66,50414,44,340786
35784,0.001292,172.31.46.0-255,66,50480,44,340786
35785,0.001317,172.217.194.0-255,5379,55859,44,340786
35786,0.001319,172.31.46.0-255,66,55925,44,340786
35787,0.001328,172.31.46.0-255,66,55991,44,340786
35788,0.001334,172.217.194.0-255,288,56279,44,340786
35789,0.00155,172.217.194.0-255,1484,57763,44,340786
35790,0.001552,172.31.46.0-255,66,57829,44,340786
35791,0.00157,172.217.194.0-255,2902,60731,44,340786
35792,0.001571,172.31.46.0-255,66,60797,44,340786
35793,0.001576,172.217.194.0-255,4320,65117,44,340786
35794,0.001577,172.31.46.0-255,66,65183,44,340786
35795,0.001602,172.217.194.0-255,1484,66667,44,340786
35796,0.001608,172.217.194.0-255,6797,73464,44,340786
35797,0.00161,172.31.46.0-255,66,73530,44,340786
35798,0.001873,172.217.194.0-255,1484,75014,44,340786
35799,0.001886,172.217.194.0-255,2902,77916,44,340786
35800,0.001888,172.31.46.0-255,66,77982,44,340786
35801,0.001891,172.217.194.0-255,1484,79466,44,340786
35802,0.001913,172.217.194.0-255,4320,83786,44,340786
35803,0.001915,172.31.46.0-255,66,83852,44,340786
35804,0.001919,172.217.194.0-255,2902,86754,44,340786
35805,0.001921,172.31.46.0-255,66,86820,44,340786
35806,0.001955,172.31.46.0-255,66,86886,44,340786
35807,0.001965,172.217.194.0-255,2902,89788,44,340786
35808,0.001967,172.31.46.0-255,66,89854,44,340786
35809,0.001995,172.31.46.0-255,66,89920,44,340786
35810,0.002083,172.217.194.0-255,1484,91404,44,340786
35811,0.002099,172.217.194.0-255,2902,94306,44,340786
35812,0.002101,172.31.46.0-255,66,94372,44,340786
35813,0.002103,172.217.194.0-255,1484,95856,44,340786
35814,0.002127,172.217.194.0-255,4320,100176,44,340786
35815,0.00213,172.31.46.0-255,66,100242,44,340786
35816,0.002135,172.217.194.0-255,5738,105980,44,340786
35817,0.002136,172.31.46.0-255,66,106046,44,340786
35818,0.00216,172.217.194.0-255,7156,113202,44,340786
35819,0.002162,172.31.46.0-255,66,113268,44,340786
35820,0.00217,172.31.46.0-255,66,113334,44,340786
35821,0.002193,172.217.194.0-255,2184,115518,44,340786
35822,0.002196,172.31.46.0-255,66,115584,44,340786
35823,0.00445,172.217.194.0-255,2902,118486,44,340786
35824,0.004452,172.31.46.0-255,66,118552,44,340786
35825,0.004491,172.217.194.0-255,2902,121454,44,340786
35826,0.004494,172.31.46.0-255,66,121520,44,340786
35827,0.006758,172.217.194.0-255,2902,124422,44,340786
35828,0.006765,172.31.46.0-255,66,124488,44,340786
35829,0.006799,172.217.194.0-255,2902,127390,44,340786
35830,0.006802,172.31.46.0-255,66,127456,44,340786
35831,0.00903,172.217.194.0-255,2902,130358,44,340786
35832,0.009036,172.31.46.0-255,66,130424,44,340786
35833,0.009076,172.217.194.0-255,2902,133326,44,340786
35834,0.009078,172.31.46.0-255,66,133392,44,340786
35835,0.011331,172.217.194.0-255,2902,136294,44,340786
35836,0.011338,172.31.46.0-255,66,136360,44,340786
35837,0.011376,172.217.194.0-255,2902,139262,44,340786
35838,0.01138,172.31.46.0-255,66,139328,44,340786
35839,0.013613,172.217.194.0-255,2902,142230,44,340786
35840,0.013621,172.31.46.0-255,66,142296,44,340786
35841,0.013664,172.217.194.0-255,2902,145198,44,340786
35842,0.013668,172.31.46.0-255,66,145264,44,340786
35843,0.015908,172.217.194.0-255,2902,148166,44,340786
35844,0.015913,172.31.46.0-255,66,148232,44,340786
35845,0.015972,172.217.194.0-255,2902,151134,44,340786
35846,0.015976,172.31.46.0-255,66,151200,44,340786
35847,0.01822,172.217.194.0-255,2902,154102,44,340786
35848,0.018226,172.31.46.0-255,66,154168,44,340786
35849,0.018266,172.217.194.0-255,2902,157070,44,340786
35850,0.018269,172.31.46.0-255,66,157136,44,340786
35851,0.020515,172.217.194.0-255,2902,160038,44,340786
35852,0.020522,172.31.46.0-255,66,160104,44,340786
35853,0.020569,172.217.194.0-255,2902,163006,44,340786
35854,0.020573,172.31.46.0-255,66,163072,44,340786
35855,0.022808,172.217.194.0-255,2902,165974,44,340786
35856,0.022814,172.31.46.0-255,66,166040,44,340786
35857,0.022839,172.217.194.0-255,2902,168942,44,340786
35858,0.022842,172.31.46.0-255,66,169008,44,340786
35859,0.024956,172.31.46.0-255,172,169180,44,340786
35860,0.024981,172.31.46.0-255,1114,170294,44,340786
35861,0.025022,172.31.46.0-255,1514,171808,44,340786
35862,0.025041,172.31.46.0-255,1514,173322,44,340786
35863,0.025043,172.31.46.0-255,1514,174836,44,340786
35864,0.025061,172.31.46.0-255,1514,176350,44,340786
35865,0.025065,172.31.46.0-255,1514,177864,44,340786
35866,0.025066,172.31.46.0-255,70,177934,44,340786
35867,0.025102,172.217.194.0-255,2902,180836,44,340786
35868,0.025106,172.31.46.0-255,66,180902,44,340786
35869,0.025135,172.217.194.0-255,2902,183804,44,340786
35870,0.025138,172.31.46.0-255,66,183870,44,340786
35871,0.026527,104.244.42.0-255,66,183936,44,340786
35872,0.026579,104.244.42.0-255,66,184002,44,340786
35873,0.026667,104.244.42.0-255,66,184068,44,340786
35874,0.026671,104.244.42.0-255,66,184134,44,340786
35875,0.026675,104.244.42.0-255,66,184200,44,340786
35876,0.02729,104.244.42.0-255,108,184308,44,340786
35877,0.027299,172.31.46.0-255,66,184374,44,340786
35878,0.027393,172.217.194.0-255,2902,187276,44,340786
35879,0.027398,172.31.46.0-255,66,187342,44,340786
35880,0.027431,172.217.194.0-255,2902,190244,44,340786
35881,0.027435,172.31.46.0-255,66,190310,44,340786
35882,0.029701,172.217.194.0-255,2902,193212,44,340786
35883,0.029704,172.31.46.0-255,66,193278,44,340786
35884,0.029739,172.217.194.0-255,2902,196180,44,340786
35885,0.029746,172.31.46.0-255,66,196246,44,340786
35886,0.03198,172.217.194.0-255,2902,199148,44,340786
35887,0.031989,172.31.46.0-255,66,199214,44,340786
35888,0.03202,172.217.194.0-255,2902,202116,44,340786
35889,0.032023,172.31.46.0-255,66,202182,44,340786
35890,0.034264,172.217.194.0-255,2902,205084,44,340786
35891,0.034269,172.31.46.0-255,66,205150,44,340786
35892,0.034305,172.217.194.0-255,2902,208052,44,340786
35893,0.034308,172.31.46.0-255,66,208118,44,340786
35894,0.036587,172.217.194.0-255,4320,212438,44,340786
35895,0.036593,172.31.46.0-255,66,212504,44,340786
35896,0.03663,172.217.194.0-255,1484,213988,44,340786
35897,0.038882,172.217.194.0-255,4320,218308,44,340786
35898,0.038886,172.31.46.0-255,66,218374,44,340786
35899,0.041191,172.217.194.0-255,2902,221276,44,340786
35900,0.041195,172.31.46.0-255,66,221342,44,340786
35901,0.041224,172.217.194.0-255,2902,224244,44,340786
35902,0.041227,172.31.46.0-255,66,224310,44,340786
35903,0.043486,172.217.194.0-255,4320,228630,44,340786
35904,0.043491,172.31.46.0-255,66,228696,44,340786
35905,0.04352,172.217.194.0-255,1484,230180,44,340786
35906,0.045763,172.217.194.0-255,4320,234500,44,340786
35907,0.045768,172.31.46.0-255,66,234566,44,340786
35908,0.048095,172.217.194.0-255,4320,238886,44,340786
35909,0.048099,172.31.46.0-255,66,238952,44,340786
35910,0.048129,172.217.194.0-255,1484,240436,44,340786
35911,0.050374,172.217.194.0-255,4320,244756,44,340786
35912,0.05038,172.31.46.0-255,66,244822,44,340786
35913,0.052645,172.217.194.0-255,5738,250560,44,340786
35914,0.052649,172.31.46.0-255,66,250626,44,340786
35915,0.05493,172.217.194.0-255,5738,256364,44,340786
35916,0.054935,172.31.46.0-255,66,256430,44,340786
35917,0.05724,172.217.194.0-255,4320,260750,44,340786
35918,0.057246,172.31.46.0-255,66,260816,44,340786
35919,0.057283,172.217.194.0-255,1484,262300,44,340786
35920,0.059555,172.217.194.0-255,4320,266620,44,340786
35921,0.059559,172.31.46.0-255,66,266686,44,340786
35922,0.061883,172.217.194.0-255,5738,272424,44,340786
35923,0.061888,172.31.46.0-255,66,272490,44,340786
35924,0.064213,172.217.194.0-255,5738,278228,44,340786
35925,0.064217,172.31.46.0-255,66,278294,44,340786
35926,0.066507,172.217.194.0-255,5738,284032,44,340786
35927,0.066513,172.31.46.0-255,66,284098,44,340786
35928,0.068833,172.217.194.0-255,5738,289836,44,340786
35929,0.068838,172.31.46.0-255,66,289902,44,340786
35930,0.071116,172.217.194.0-255,5738,295640,44,340786
35931,0.071121,172.31.46.0-255,66,295706,44,340786
35932,0.073439,172.217.194.0-255,5738,301444,44,340786
35933,0.073442,172.31.46.0-255,66,301510,44,340786
35934,0.075726,172.217.194.0-255,5738,307248,44,340786
35935,0.075732,172.31.46.0-255,66,307314,44,340786
35936,0.078022,172.217.194.0-255,5738,313052,44,340786
35937,0.078027,172.31.46.0-255,66,313118,44,340786
35938,0.080322,172.217.194.0-255,4320,317438,44,340786
35939,0.080327,172.31.46.0-255,66,317504,44,340786
35940,0.080355,172.217.194.0-255,1484,318988,44,340786
35941,0.082615,172.217.194.0-255,4320,323308,44,340786
35942,0.08262,172.31.46.0-255,66,323374,44,340786
35943,0.084882,172.217.194.0-255,5738,329112,44,340786
35944,0.084888,172.31.46.0-255,66,329178,44,340786
35945,0.087208,172.217.194.0-255,5738,334916,44,340786
35946,0.087213,172.31.46.0-255,66,334982,44,340786
35947,0.089496,172.217.194.0-255,5738,340720,44,340786
35948,0.089501,172.31.46.0-255,66,340786,44,340786
35949,0.0,74.125.24.0-255,153,153,44,199385
35950,1.7e-05,172.31.46.0-255,66,219,44,199385
35951,2.4e-05,74.125.24.0-255,1484,1703,44,199385
35952,2.8e-05,172.31.46.0-255,66,1769,44,199385
35953,3.3e-05,74.125.24.0-255,2902,4671,44,199385
35954,3.6e-05,172.31.46.0-255,66,4737,44,199385
35955,5.2e-05,74.125.24.0-255,7156,11893,44,199385
35956,5.5e-05,172.31.46.0-255,66,11959,44,199385
35957,5.9e-05,74.125.24.0-255,1980,13939,44,199385
35958,6.2e-05,172.31.46.0-255,66,14005,44,199385
35959,0.000113,172.31.46.0-255,66,14071,44,199385
35960,0.000119,74.125.24.0-255,5379,19450,44,199385
35961,0.000122,172.31.46.0-255,66,19516,44,199385
35962,0.000179,74.125.24.0-255,1484,21000,44,199385
35963,0.000183,172.31.46.0-255,66,21066,44,199385
35964,0.000186,74.125.24.0-255,1484,22550,44,199385
35965,0.000189,172.31.46.0-255,66,22616,44,199385
35966,0.000217,74.125.24.0-255,1484,24100,44,199385
35967,0.000219,172.31.46.0-255,66,24166,44,199385
35968,0.000227,74.125.24.0-255,5738,29904,44,199385
35969,0.000229,172.31.46.0-255,66,29970,44,199385
35970,0.000241,172.31.46.0-255,66,30036,44,199385
35971,0.000266,74.125.24.0-255,5379,35415,44,199385
35972,0.000269,172.31.46.0-255,66,35481,44,199385
35973,0.000275,74.125.24.0-255,5738,41219,44,199385
35974,0.000277,172.31.46.0-255,66,41285,44,199385
35975,0.000302,74.125.24.0-255,4232,45517,44,199385
35976,0.000304,172.31.46.0-255,66,45583,44,199385
35977,0.000332,74.125.24.0-255,126,45709,44,199385
35978,0.000335,172.31.46.0-255,66,45775,44,199385
35979,0.000406,74.125.24.0-255,1484,47259,44,199385
35980,0.000413,74.125.24.0-255,2902,50161,44,199385
35981,0.000416,172.31.46.0-255,66,50227,44,199385
35982,0.000443,74.125.24.0-255,5738,55965,44,199385
35983,0.000446,172.31.46.0-255,66,56031,44,199385
35984,0.000454,74.125.24.0-255,6797,62828,44,199385
35985,0.000456,172.31.46.0-255,66,62894,44,199385
35986,0.000504,172.31.46.0-255,66,62960,44,199385
35987,0.000508,74.125.24.0-255,1484,64444,44,199385
35988,0.000529,74.125.24.0-255,1125,65569,44,199385
35989,0.000532,172.31.46.0-255,66,65635,44,199385
35990,0.000578,74.125.24.0-255,1484,67119,44,199385
35991,0.000615,74.125.24.0-255,2902,70021,44,199385
35992,0.000618,172.31.46.0-255,66,70087,44,199385
35993,0.000624,74.125.24.0-255,4320,74407,44,199385
35994,0.000627,172.31.46.0-255,66,74473,44,199385
35995,0.000647,74.125.24.0-255,1484,75957,44,199385
35996,0.000669,172.31.46.0-255,66,76023,44,199385
35997,0.000697,74.125.24.0-255,7156,83179,44,199385
35998,0.000701,172.31.46.0-255,66,83245,44,199385
35999,0.000728,74.125.24.0-255,3602,86847,44,199385
36000,0.000732,172.31.46.0-255,66,86913,44,199385
36001,0.000763,74.125.24.0-255,1484,88397,44,199385
36002,0.000777,74.125.24.0-255,2902,91299,44,199385
36003,0.000779,172.31.46.0-255,66,91365,44,199385
36004,0.000804,74.125.24.0-255,5738,97103,44,199385
36005,0.000807,172.31.46.0-255,66,97169,44,199385
36006,0.000812,74.125.24.0-255,2902,100071,44,199385
36007,0.000814,172.31.46.0-255,66,100137,44,199385
36008,0.000853,172.31.46.0-255,66,100203,44,199385
36009,0.000866,172.31.46.0-255,66,100269,44,199385
36010,0.000905,74.125.24.0-255,1484,101753,44,199385
36011,0.00091,74.125.24.0-255,2902,104655,44,199385
36012,0.000913,172.31.46.0-255,66,104721,44,199385
36013,0.000948,74.125.24.0-255,5738,110459,44,199385
36014,0.000951,172.31.46.0-255,66,110525,44,199385
36015,0.000962,172.31.46.0-255,66,110591,44,199385
36016,0.001039,74.125.24.0-255,4729,115320,44,199385
36017,0.001049,172.31.46.0-255,66,115386,44,199385
36018,0.001057,74.125.24.0-255,1484,116870,44,199385
36019,0.00106,74.125.24.0-255,2902,119772,44,199385
36020,0.001079,172.31.46.0-255,66,119838,44,199385
36021,0.001107,74.125.24.0-255,5738,125576,44,199385
36022,0.001137,172.31.46.0-255,66,125642,44,199385
36023,0.001188,172.31.46.0-255,66,125708,44,199385
36024,0.001194,74.125.24.0-255,4320,130028,44,199385
36025,0.001199,172.31.46.0-255,66,130094,44,199385
36026,0.001233,74.125.24.0-255,5738,135832,44,199385
36027,0.001272,74.125.24.0-255,2902,138734,44,199385
36028,0.001275,74.125.24.0-255,766,139500,44,199385
36029,0.001292,172.31.46.0-255,66,139566,44,199385
36030,0.0013,74.125.24.0-255,1484,141050,44,199385
36031,0.001303,74.125.24.0-255,1484,142534,44,199385
36032,0.001308,172.31.46.0-255,66,142600,44,199385
36033,0.001326,74.125.24.0-255,2902,145502,44,199385
36034,0.001374,172.31.46.0-255,66,145568,44,199385
36035,0.001418,172.31.46.0-255,66,145634,44,199385
36036,0.001447,74.125.24.0-255,4320,149954,44,199385
36037,0.001457,172.31.46.0-255,66,150020,44,199385
36038,0.00148,74.125.24.0-255,1484,151504,44,199385
36039,0.001488,74.125.24.0-255,7156,158660,44,199385
36040,0.001523,74.125.24.0-255,6438,165098,44,199385
36041,0.001567,74.125.24.0-255,1484,166582,44,199385
36042,0.00158,74.125.24.0-255,2902,169484,44,199385
36043,0.001598,74.125.24.0-255,4320,173804,44,199385
36044,0.001613,74.125.24.0-255,1484,175288,44,199385
36045,0.001619,74.125.24.0-255,4320,179608,44,199385
36046,0.001626,74.125.24.0-255,7156,186764,44,199385
36047,0.001642,74.125.24.0-255,4320,191084,44,199385
36048,0.001757,74.125.24.0-255,105,191189,44,199385
36049,0.002144,172.31.46.0-255,66,191255,44,199385
36050,0.005036,172.31.46.0-255,105,191360,44,199385
36051,0.007276,74.125.24.0-255,66,191426,44,199385
36052,0.029413,172.31.46.0-255,167,191593,44,199385
36053,0.029447,172.31.46.0-255,1113,192706,44,199385
36054,0.029552,172.31.46.0-255,1514,194220,44,199385
36055,0.029555,172.31.46.0-255,1514,195734,44,199385
36056,0.029556,172.31.46.0-255,1514,197248,44,199385
36057,0.029557,172.31.46.0-255,1514,198762,44,199385
36058,0.029558,172.31.46.0-255,557,199319,44,199385
36059,0.031574,104.244.42.0-255,66,199385,44,199385
36060,0.0,74.125.200.0-255,153,153,44,305693
36061,2.1e-05,172.31.46.0-255,66,219,44,305693
36062,2.8e-05,74.125.200.0-255,1484,1703,44,305693
36063,3.3e-05,172.31.46.0-255,66,1769,44,305693
36064,3.6e-05,74.125.200.0-255,1484,3253,44,305693
36065,3.9e-05,172.31.46.0-255,66,3319,44,305693
36066,5.1e-05,74.125.200.0-255,2902,6221,44,305693
36067,5.5e-05,172.31.46.0-255,66,6287,44,305693
36068,6.2e-05,74.125.200.0-255,5738,12025,44,305693
36069,6.6e-05,172.31.46.0-255,66,12091,44,305693
36070,9.6e-05,74.125.200.0-255,1996,14087,44,305693
36071,9.9e-05,172.31.46.0-255,66,14153,44,305693
36072,0.000184,74.125.200.0-255,1484,15637,44,305693
36073,0.000188,172.31.46.0-255,66,15703,44,305693
36074,0.000214,74.125.200.0-255,2902,18605,44,305693
36075,0.000217,172.31.46.0-255,66,18671,44,305693
36076,0.000219,74.125.200.0-255,1484,20155,44,305693
36077,0.000221,172.31.46.0-255,66,20221,44,305693
36078,0.000246,74.125.200.0-255,4320,24541,44,305693
36079,0.000248,172.31.46.0-255,66,24607,44,305693
36080,0.00026,74.125.200.0-255,6797,31404,44,305693
36081,0.000262,172.31.46.0-255,66,31470,44,305693
36082,0.000293,74.125.200.0-255,7156,38626,44,305693
36083,0.000296,172.31.46.0-255,66,38692,44,305693
36084,0.000304,74.125.200.0-255,7156,45848,44,305693
36085,0.000306,172.31.46.0-255,66,45914,44,305693
36086,0.000334,172.31.46.0-255,66,45980,44,305693
36087,0.000375,172.31.46.0-255,66,46046,44,305693
36088,0.000432,74.125.200.0-255,2560,48606,44,305693
36089,0.000435,172.31.46.0-255,66,48672,44,305693
36090,0.000584,74.125.200.0-255,1484,50156,44,305693
36091,0.000663,74.125.200.0-255,1484,51640,44,305693
36092,0.000668,172.31.46.0-255,66,51706,44,305693
36093,0.000698,74.125.200.0-255,1484,53190,44,305693
36094,0.000727,74.125.200.0-255,2902,56092,44,305693
36095,0.000731,172.31.46.0-255,66,56158,44,305693
36096,0.000759,74.125.200.0-255,1484,57642,44,305693
36097,0.000765,74.125.200.0-255,2902,60544,44,305693
36098,0.000768,172.31.46.0-255,66,60610,44,305693
36099,0.000801,74.125.200.0-255,5738,66348,44,305693
36100,0.000804,172.31.46.0-255,66,66414,44,305693
36101,0.000832,74.125.200.0-255,1484,67898,44,305693
36102,0.000849,74.125.200.0-255,2902,70800,44,305693
36103,0.000851,172.31.46.0-255,66,70866,44,305693
36104,0.000899,74.125.200.0-255,1484,72350,44,305693
36105,0.000922,74.125.200.0-255,1484,73834,44,305693
36106,0.000925,172.31.46.0-255,66,73900,44,305693
36107,0.000953,74.125.200.0-255,1484,75384,44,305693
36108,0.00096,74.125.200.0-255,4320,79704,44,305693
36109,0.000962,172.31.46.0-255,66,79770,44,305693
36110,0.001004,74.125.200.0-255,3602,83372,44,305693
36111,0.001008,172.31.46.0-255,66,83438,44,305693
36112,0.00147,74.125.200.0-255,1484,84922,44,305693
36113,0.001487,74.125.200.0-255,2902,87824,44,305693
36114,0.00149,172.31.46.0-255,66,87890,44,305693
36115,0.001495,74.125.200.0-255,2902,90792,44,305693
36116,0.001497,172.31.46.0-255,66,90858,44,305693
36117,0.001503,74.125.200.0-255,2902,93760,44,305693
36118,0.001509,172.31.46.0-255,66,93826,44,305693
36119,0.001531,74.125.200.0-255,1484,95310,44,305693
36120,0.001564,74.125.200.0-255,7156,102466,44,305693
36121,0.001566,172.31.46.0-255,66,102532,44,305693
36122,0.001599,172.31.46.0-255,66,102598,44,305693
36123,0.001602,74.125.200.0-255,1484,104082,44,305693
36124,0.001648,74.125.200.0-255,1484,105566,44,305693
36125,0.001651,172.31.46.0-255,66,105632,44,305693
36126,0.00168,74.125.200.0-255,3602,109234,44,305693
36127,0.001682,172.31.46.0-255,66,109300,44,305693
36128,0.001781,74.125.200.0-255,1484,110784,44,305693
36129,0.001805,74.125.200.0-255,2902,113686,44,305693
36130,0.001808,172.31.46.0-255,66,113752,44,305693
36131,0.001811,74.125.200.0-255,1484,115236,44,305693
36132,0.001816,74.125.200.0-255,2902,118138,44,305693
36133,0.001818,172.31.46.0-255,66,118204,44,305693
36134,0.001822,74.125.200.0-255,2902,121106,44,305693
36135,0.001829,172.31.46.0-255,66,121172,44,305693
36136,0.001856,74.125.200.0-255,2902,124074,44,305693
36137,0.001858,172.31.46.0-255,66,124140,44,305693
36138,0.001885,74.125.200.0-255,7156,131296,44,305693
36139,0.001888,172.31.46.0-255,66,131362,44,305693
36140,0.001911,74.125.200.0-255,2902,134264,44,305693
36141,0.001914,172.31.46.0-255,66,134330,44,305693
36142,0.001925,172.31.46.0-255,66,134396,44,305693
36143,0.002087,74.125.200.0-255,1484,135880,44,305693
36144,0.002098,74.125.200.0-255,1484,137364,44,305693
36145,0.002101,172.31.46.0-255,66,137430,44,305693
36146,0.002127,74.125.200.0-255,2902,140332,44,305693
36147,0.00213,172.31.46.0-255,66,140398,44,305693
36148,0.002133,74.125.200.0-255,1484,141882,44,305693
36149,0.002163,74.125.200.0-255,4320,146202,44,305693
36150,0.002166,172.31.46.0-255,66,146268,44,305693
36151,0.00217,74.125.200.0-255,2902,149170,44,305693
36152,0.002172,172.31.46.0-255,66,149236,44,305693
36153,0.002177,74.125.200.0-255,4320,153556,44,305693
36154,0.002183,172.31.46.0-255,66,153622,44,305693
36155,0.00222,172.31.46.0-255,66,153688,44,305693
36156,0.002263,74.125.200.0-255,4320,158008,44,305693
36157,0.002267,172.31.46.0-255,66,158074,44,305693
36158,0.002292,74.125.200.0-255,3602,161676,44,305693
36159,0.002294,172.31.46.0-255,66,161742,44,305693
36160,0.002306,172.31.46.0-255,66,161808,44,305693
36161,0.002311,74.125.200.0-255,4320,166128,44,305693
36162,0.002314,172.31.46.0-255,66,166194,44,305693
36163,0.002317,74.125.200.0-255,1484,167678,44,305693
36164,0.002344,74.125.200.0-255,4320,171998,44,305693
36165,0.002347,172.31.46.0-255,66,172064,44,305693
36166,0.002379,172.31.46.0-255,66,172130,44,305693
36167,0.002396,74.125.200.0-255,1484,173614,44,305693
36168,0.002401,74.125.200.0-255,2902,176516,44,305693
36169,0.002403,172.31.46.0-255,66,176582,44,305693
36170,0.002433,74.125.200.0-255,5020,181602,44,305693
36171,0.002436,172.31.46.0-255,66,181668,44,305693
36172,0.002462,172.31.46.0-255,66,181734,44,305693
36173,0.002476,172.31.46.0-255,66,181800,44,305693
36174,0.002537,74.125.200.0-255,6438,188238,44,305693
36175,0.00254,172.31.46.0-255,66,188304,44,305693
36176,0.002547,74.125.200.0-255,7156,195460,44,305693
36177,0.002549,172.31.46.0-255,66,195526,44,305693
36178,0.002581,172.31.46.0-255,66,195592,44,305693
36179,0.002584,74.125.200.0-255,1484,197076,44,305693
36180,0.002615,172.31.46.0-255,66,197142,44,305693
36181,0.002622,74.125.200.0-255,5738,202880,44,305693
36182,0.002625,172.31.46.0-255,66,202946,44,305693
36183,0.005196,74.125.200.0-255,5738,208684,44,305693
36184,0.005204,172.31.46.0-255,66,208750,44,305693
36185,0.007778,74.125.200.0-255,2902,211652,44,305693
36186,0.007781,172.31.46.0-255,66,211718,44,305693
36187,0.007808,74.125.200.0-255,2902,214620,44,305693
36188,0.007811,172.31.46.0-255,66,214686,44,305693
36189,0.010369,74.125.200.0-255,2902,217588,44,305693
36190,0.010376,172.31.46.0-255,66,217654,44,305693
36191,0.010405,74.125.200.0-255,2902,220556,44,305693
36192,0.010408,172.31.46.0-255,66,220622,44,305693
36193,0.012952,74.125.200.0-255,2902,223524,44,305693
36194,0.01296,172.31.46.0-255,66,223590,44,305693
36195,0.012988,74.125.200.0-255,2902,226492,44,305693
36196,0.012991,172.31.46.0-255,66,226558,44,305693
36197,0.015542,74.125.200.0-255,2902,229460,44,305693
36198,0.015552,172.31.46.0-255,66,229526,44,305693
36199,0.015583,74.125.200.0-255,2902,232428,44,305693
36200,0.015586,172.31.46.0-255,66,232494,44,305693
36201,0.018145,74.125.200.0-255,2902,235396,44,305693
36202,0.018155,172.31.46.0-255,66,235462,44,305693
36203,0.018185,74.125.200.0-255,2902,238364,44,305693
36204,0.018188,172.31.46.0-255,66,238430,44,305693
36205,0.02073,74.125.200.0-255,2902,241332,44,305693
36206,0.020741,172.31.46.0-255,66,241398,44,305693
36207,0.020772,74.125.200.0-255,2902,244300,44,305693
36208,0.020775,172.31.46.0-255,66,244366,44,305693
36209,0.023344,74.125.200.0-255,5738,250104,44,305693
36210,0.023354,172.31.46.0-255,66,250170,44,305693
36211,0.025936,74.125.200.0-255,5738,255908,44,305693
36212,0.025944,172.31.46.0-255,66,255974,44,305693
36213,0.028534,74.125.200.0-255,5738,261712,44,305693
36214,0.028542,172.31.46.0-255,66,261778,44,305693
36215,0.031114,74.125.200.0-255,5738,267516,44,305693
36216,0.031124,172.31.46.0-255,66,267582,44,305693
36217,0.033716,74.125.200.0-255,5738,273320,44,305693
36218,0.033728,172.31.46.0-255,66,273386,44,305693
36219,0.036322,74.125.200.0-255,4320,277706,44,305693
36220,0.036332,172.31.46.0-255,66,277772,44,305693
36221,0.036361,74.125.200.0-255,1484,279256,44,305693
36222,0.038918,74.125.200.0-255,4320,283576,44,305693
36223,0.038927,172.31.46.0-255,66,283642,44,305693
36224,0.041519,74.125.200.0-255,5738,289380,44,305693
36225,0.041526,172.31.46.0-255,66,289446,44,305693
36226,0.04204,172.31.46.0-255,172,289618,44,305693
36227,0.042078,172.31.46.0-255,1114,290732,44,305693
36228,0.042139,172.31.46.0-255,1514,292246,44,305693
36229,0.042161,172.31.46.0-255,1514,293760,44,305693
36230,0.042164,172.31.46.0-255,1514,295274,44,305693
36231,0.04218,172.31.46.0-255,1514,296788,44,305693
36232,0.042184,172.31.46.0-255,1514,298302,44,305693
36233,0.042185,172.31.46.0-255,71,298373,44,305693
36234,0.043593,104.244.42.0-255,66,298439,44,305693
36235,0.043616,104.244.42.0-255,66,298505,44,305693
36236,0.043694,104.244.42.0-255,66,298571,44,305693
36237,0.043749,104.244.42.0-255,66,298637,44,305693
36238,0.043754,104.244.42.0-255,66,298703,44,305693
36239,0.043757,104.244.42.0-255,66,298769,44,305693
36240,0.0441,74.125.200.0-255,1484,300253,44,305693
36241,0.044125,74.125.200.0-255,4320,304573,44,305693
36242,0.04413,172.31.46.0-255,66,304639,44,305693
36243,0.046707,74.125.200.0-255,817,305456,44,305693
36244,0.046981,172.31.46.0-255,66,305522,44,305693
36245,0.047018,172.31.46.0-255,105,305627,44,305693
36246,0.04957,74.125.200.0-255,66,305693,44,305693
36247,0.0,74.125.24.0-255,146,146,44,269197
36248,1.6e-05,172.31.46.0-255,66,212,44,269197
36249,2.3e-05,74.125.24.0-255,1484,1696,44,269197
36250,2.8e-05,172.31.46.0-255,66,1762,44,269197
36251,3.3e-05,74.125.24.0-255,2902,4664,44,269197
36252,3.5e-05,172.31.46.0-255,66,4730,44,269197
36253,5e-05,74.125.24.0-255,7156,11886,44,269197
36254,5.3e-05,172.31.46.0-255,66,11952,44,269197
36255,8.7e-05,74.125.24.0-255,2080,14032,44,269197
36256,9e-05,172.31.46.0-255,66,14098,44,269197
36257,9.5e-05,74.125.24.0-255,2902,17000,44,269197
36258,9.7e-05,172.31.46.0-255,66,17066,44,269197
36259,0.000104,74.125.24.0-255,7156,24222,44,269197
36260,0.000107,172.31.46.0-255,66,24288,44,269197
36261,0.00014,74.125.24.0-255,6797,31085,44,269197
36262,0.000143,172.31.46.0-255,66,31151,44,269197
36263,0.000261,74.125.24.0-255,1484,32635,44,269197
36264,0.000265,172.31.46.0-255,66,32701,44,269197
36265,0.000271,74.125.24.0-255,2902,35603,44,269197
36266,0.000273,172.31.46.0-255,66,35669,44,269197
36267,0.000301,74.125.24.0-255,5738,41407,44,269197
36268,0.000304,172.31.46.0-255,66,41473,44,269197
36269,0.000333,74.125.24.0-255,7156,48629,44,269197
36270,0.000335,172.31.46.0-255,66,48695,44,269197
36271,0.00035,74.125.24.0-255,3961,52656,44,269197
36272,0.000352,172.31.46.0-255,66,52722,44,269197
36273,0.00037,172.31.46.0-255,66,52788,44,269197
36274,0.000375,74.125.24.0-255,1715,54503,44,269197
36275,0.000378,172.31.46.0-255,66,54569,44,269197
36276,0.000448,74.125.24.0-255,1484,56053,44,269197
36277,0.000451,172.31.46.0-255,66,56119,44,269197
36278,0.000496,74.125.24.0-255,2902,59021,44,269197
36279,0.0005,74.125.24.0-255,1484,60505,44,269197
36280,0.000507,74.125.24.0-255,5738,66243,44,269197
36281,0.00053,74.125.24.0-255,5379,71622,44,269197
36282,0.00073,172.31.46.0-255,66,71688,44,269197
36283,0.001378,74.125.24.0-255,1484,73172,44,269197
36284,0.001384,74.125.24.0-255,1484,74656,44,269197
36285,0.001387,172.31.46.0-255,66,74722,44,269197
36286,0.001413,74.125.24.0-255,1484,76206,44,269197
36287,0.001419,74.125.24.0-255,4320,80526,44,269197
36288,0.001425,172.31.46.0-255,66,80592,44,269197
36289,0.001434,74.125.24.0-255,1484,82076,44,269197
36290,0.001467,74.125.24.0-255,7156,89232,44,269197
36291,0.001479,172.31.46.0-255,66,89298,44,269197
36292,0.001489,74.125.24.0-255,3961,93259,44,269197
36293,0.001506,74.125.24.0-255,2902,96161,44,269197
36294,0.001512,172.31.46.0-255,66,96227,44,269197
36295,0.001543,74.125.24.0-255,2902,99129,44,269197
36296,0.001564,74.125.24.0-255,3602,102731,44,269197
36297,0.001574,172.31.46.0-255,66,102797,44,269197
36298,0.001697,74.125.24.0-255,1484,104281,44,269197
36299,0.001704,74.125.24.0-255,2902,107183,44,269197
36300,0.001706,172.31.46.0-255,66,107249,44,269197
36301,0.001735,74.125.24.0-255,5738,112987,44,269197
36302,0.001752,172.31.46.0-255,66,113053,44,269197
36303,0.001761,74.125.24.0-255,2902,115955,44,269197
36304,0.001765,172.31.46.0-255,66,116021,44,269197
36305,0.001786,74.125.24.0-255,4320,120341,44,269197
36306,0.001807,74.125.24.0-255,4320,124661,44,269197
36307,0.001822,172.31.46.0-255,66,124727,44,269197
36308,0.001848,74.125.24.0-255,2902,127629,44,269197
36309,0.001853,74.125.24.0-255,4320,131949,44,269197
36310,0.00189,74.125.24.0-255,1484,133433,44,269197
36311,0.001915,74.125.24.0-255,7156,140589,44,269197
36312,0.001933,74.125.24.0-255,766,141355,44,269197
36313,0.001936,74.125.24.0-255,1484,142839,44,269197
36314,0.001943,172.31.46.0-255,66,142905,44,269197
36315,0.001956,74.125.24.0-255,2902,145807,44,269197
36316,0.001967,74.125.24.0-255,5738,151545,44,269197
36317,0.002015,172.31.46.0-255,66,151611,44,269197
36318,0.002043,74.125.24.0-255,4320,155931,44,269197
36319,0.002065,74.125.24.0-255,6438,162369,44,269197
36320,0.002071,172.31.46.0-255,66,162435,44,269197
36321,0.002321,74.125.24.0-255,1484,163919,44,269197
36322,0.002342,74.125.24.0-255,2902,166821,44,269197
36323,0.002349,74.125.24.0-255,4320,171141,44,269197
36324,0.002359,74.125.24.0-255,1484,172625,44,269197
36325,0.002377,74.125.24.0-255,7156,179781,44,269197
36326,0.002393,172.31.46.0-255,66,179847,44,269197
36327,0.002414,74.125.24.0-255,4320,184167,44,269197
36328,0.00242,172.31.46.0-255,66,184233,44,269197
36329,0.002505,74.125.24.0-255,5738,189971,44,269197
36330,0.002531,74.125.24.0-255,4320,194291,44,269197
36331,0.00256,74.125.24.0-255,7156,201447,44,269197
36332,0.008519,172.31.46.0-255,66,201513,44,269197
36333,0.011054,74.125.24.0-255,5738,207251,44,269197
36334,0.011062,172.31.46.0-255,66,207317,44,269197
36335,0.0136,74.125.24.0-255,5738,213055,44,269197
36336,0.013607,172.31.46.0-255,66,213121,44,269197
36337,0.016169,74.125.24.0-255,5738,218859,44,269197
36338,0.016646,172.31.46.0-255,66,218925,44,269197
36339,0.01918,74.125.24.0-255,5738,224663,44,269197
36340,0.019191,172.31.46.0-255,66,224729,44,269197
36341,0.021788,74.125.24.0-255,5738,230467,44,269197
36342,0.021798,172.31.46.0-255,66,230533,44,269197
36343,0.024361,74.125.24.0-255,5738,236271,44,269197
36344,0.024369,172.31.46.0-255,66,236337,44,269197
36345,0.026903,74.125.24.0-255,5738,242075,44,269197
36346,0.02691,172.31.46.0-255,66,242141,44,269197
36347,0.029468,74.125.24.0-255,5738,247879,44,269197
36348,0.029476,172.31.46.0-255,66,247945,44,269197
36349,0.032024,74.125.24.0-255,4320,252265,44,269197
36350,0.032032,172.31.46.0-255,66,252331,44,269197
36351,0.03206,74.125.24.0-255,1484,253815,44,269197
36352,0.034593,74.125.24.0-255,4320,258135,44,269197
36353,0.034601,172.31.46.0-255,66,258201,44,269197
36354,0.037147,74.125.24.0-255,1568,259769,44,269197
36355,0.037156,172.31.46.0-255,66,259835,44,269197
36356,0.037347,172.31.46.0-255,105,259940,44,269197
36357,0.03986,74.125.24.0-255,66,260006,44,269197
36358,0.042107,172.31.46.0-255,172,260178,44,269197
36359,0.042136,172.31.46.0-255,1114,261292,44,269197
36360,0.042204,172.31.46.0-255,1514,262806,44,269197
36361,0.042205,172.31.46.0-255,1514,264320,44,269197
36362,0.042211,172.31.46.0-255,1514,265834,44,269197
36363,0.042212,172.31.46.0-255,1514,267348,44,269197
36364,0.042231,172.31.46.0-255,1514,268862,44,269197
36365,0.042233,172.31.46.0-255,71,268933,44,269197
36366,0.043664,104.244.42.0-255,66,268999,44,269197
36367,0.043733,104.244.42.0-255,66,269065,44,269197
36368,0.043782,104.244.42.0-255,66,269131,44,269197
36369,0.043828,104.244.42.0-255,66,269197,44,269197
36370,0.0,74.125.130.0-255,146,146,44,357542
36371,1.4e-05,172.31.46.0-255,66,212,44,357542
36372,4.8e-05,74.125.130.0-255,1484,1696,44,357542
36373,5.3e-05,172.31.46.0-255,66,1762,44,357542
36374,5.8e-05,74.125.130.0-255,2902,4664,44,357542
36375,6.2e-05,172.31.46.0-255,66,4730,44,357542
36376,6.9e-05,74.125.130.0-255,1484,6214,44,357542
36377,7.1e-05,172.31.46.0-255,66,6280,44,357542
36378,0.0001,74.125.130.0-255,1484,7764,44,357542
36379,0.000103,172.31.46.0-255,66,7830,44,357542
36380,0.000108,74.125.130.0-255,4320,12150,44,357542
36381,0.00011,172.31.46.0-255,66,12216,44,357542
36382,0.000117,74.125.130.0-255,2121,14337,44,357542
36383,0.000119,172.31.46.0-255,66,14403,44,357542
36384,0.000328,74.125.130.0-255,1484,15887,44,357542
36385,0.000331,172.31.46.0-255,66,15953,44,357542
36386,0.000335,74.125.130.0-255,2902,18855,44,357542
36387,0.000338,172.31.46.0-255,66,18921,44,357542
36388,0.000362,74.125.130.0-255,2902,21823,44,357542
36389,0.000364,172.31.46.0-255,66,21889,44,357542
36390,0.000387,74.125.130.0-255,4320,26209,44,357542
36391,0.00039,172.31.46.0-255,66,26275,44,357542
36392,0.000415,74.125.130.0-255,5379,31654,44,357542
36393,0.000417,172.31.46.0-255,66,31720,44,357542
36394,0.000451,74.125.130.0-255,2902,34622,44,357542
36395,0.000453,172.31.46.0-255,66,34688,44,357542
36396,0.000475,74.125.130.0-255,2902,37590,44,357542
36397,0.000477,172.31.46.0-255,66,37656,44,357542
36398,0.00048,74.125.130.0-255,1484,39140,44,357542
36399,0.000481,172.31.46.0-255,66,39206,44,357542
36400,0.000504,74.125.130.0-255,5738,44944,44,357542
36401,0.00051,172.31.46.0-255,66,45010,44,357542
36402,0.000534,74.125.130.0-255,2902,47912,44,357542
36403,0.000536,172.31.46.0-255,66,47978,44,357542
36404,0.000539,74.125.130.0-255,1484,49462,44,357542
36405,0.000541,172.31.46.0-255,66,49528,44,357542
36406,0.000545,74.125.130.0-255,2902,52430,44,357542
36407,0.000547,172.31.46.0-255,66,52496,44,357542
36408,0.000551,74.125.130.0-255,2902,55398,44,357542
36409,0.000553,172.31.46.0-255,66,55464,44,357542
36410,0.000576,74.125.130.0-255,2902,58366,44,357542
36411,0.000578,172.31.46.0-255,66,58432,44,357542
36412,0.000584,74.125.130.0-255,1484,59916,44,357542
36413,0.000586,172.31.46.0-255,66,59982,44,357542
36414,0.000614,74.125.130.0-255,1484,61466,44,357542
36415,0.000616,172.31.46.0-255,66,61532,44,357542
36416,0.000643,74.125.130.0-255,5020,66552,44,357542
36417,0.000645,172.31.46.0-255,66,66618,44,357542
36418,0.000851,74.125.130.0-255,360,66978,44,357542
36419,0.000854,172.31.46.0-255,66,67044,44,357542
36420,0.001024,74.125.130.0-255,1484,68528,44,357542
36421,0.001028,172.31.46.0-255,66,68594,44,357542
36422,0.001056,74.125.130.0-255,2902,71496,44,357542
36423,0.001058,172.31.46.0-255,66,71562,44,357542
36424,0.001065,74.125.130.0-255,5738,77300,44,357542
36425,0.001067,172.31.46.0-255,66,77366,44,357542
36426,0.001071,74.125.130.0-255,2902,80268,44,357542
36427,0.001076,172.31.46.0-255,66,80334,44,357542
36428,0.001105,74.125.130.0-255,1484,81818,44,357542
36429,0.001107,172.31.46.0-255,66,81884,44,357542
36430,0.001113,74.125.130.0-255,5738,87622,44,357542
36431,0.001115,172.31.46.0-255,66,87688,44,357542
36432,0.001118,74.125.130.0-255,1484,89172,44,357542
36433,0.001119,172.31.46.0-255,66,89238,44,357542
36434,0.001154,74.125.130.0-255,5738,94976,44,357542
36435,0.001156,172.31.46.0-255,66,95042,44,357542
36436,0.001184,74.125.130.0-255,6438,101480,44,357542
36437,0.001187,172.31.46.0-255,66,101546,44,357542
36438,0.001262,74.125.130.0-255,385,101931,44,357542
36439,0.001265,172.31.46.0-255,66,101997,44,357542
36440,0.0013,74.125.130.0-255,1484,103481,44,357542
36441,0.001303,172.31.46.0-255,66,103547,44,357542
36442,0.001319,74.125.130.0-255,4320,107867,44,357542
36443,0.001323,74.125.130.0-255,1484,109351,44,357542
36444,0.001346,74.125.130.0-255,2902,112253,44,357542
36445,0.001368,74.125.130.0-255,5738,117991,44,357542
36446,0.001371,74.125.130.0-255,1484,119475,44,357542
36447,0.001386,74.125.130.0-255,4320,123795,44,357542
36448,0.001393,74.125.130.0-255,7156,130951,44,357542
36449,0.001423,74.125.130.0-255,1484,132435,44,357542
36450,0.001429,172.31.46.0-255,66,132501,44,357542
36451,0.001452,74.125.130.0-255,3602,136103,44,357542
36452,0.001472,172.31.46.0-255,66,136169,44,357542
36453,0.001582,74.125.130.0-255,1484,137653,44,357542
36454,0.001588,74.125.130.0-255,2902,140555,44,357542
36455,0.0016,74.125.130.0-255,2902,143457,44,357542
36456,0.00161,172.31.46.0-255,66,143523,44,357542
36457,0.001614,74.125.130.0-255,2902,146425,44,357542
36458,0.001618,172.31.46.0-255,66,146491,44,357542
36459,0.001703,74.125.130.0-255,5020,151511,44,357542
36460,0.001709,172.31.46.0-255,66,151577,44,357542
36461,0.001748,74.125.130.0-255,1484,153061,44,357542
36462,0.001765,74.125.130.0-255,2902,155963,44,357542
36463,0.001773,172.31.46.0-255,66,156029,44,357542
36464,0.001778,74.125.130.0-255,4320,160349,44,357542
36465,0.001782,172.31.46.0-255,66,160415,44,357542
36466,0.001812,74.125.130.0-255,5738,166153,44,357542
36467,0.001825,74.125.130.0-255,5738,171891,44,357542
36468,0.001831,172.31.46.0-255,66,171957,44,357542
36469,0.00184,74.125.130.0-255,5738,177695,44,357542
36470,0.001849,74.125.130.0-255,5738,183433,44,357542
36471,0.001858,172.31.46.0-255,66,183499,44,357542
36472,0.001885,74.125.130.0-255,2184,185683,44,357542
36473,0.001901,172.31.46.0-255,66,185749,44,357542
36474,0.001962,74.125.130.0-255,1484,187233,44,357542
36475,0.001976,74.125.130.0-255,2902,190135,44,357542
36476,0.001987,74.125.130.0-255,1484,191619,44,357542
36477,0.001999,172.31.46.0-255,66,191685,44,357542
36478,0.002004,74.125.130.0-255,2902,194587,44,357542
36479,0.002008,74.125.130.0-255,2902,197489,44,357542
36480,0.002013,172.31.46.0-255,66,197555,44,357542
36481,0.002041,74.125.130.0-255,2902,200457,44,357542
36482,0.002084,74.125.130.0-255,5738,206195,44,357542
36483,0.00209,172.31.46.0-255,66,206261,44,357542
36484,0.002107,74.125.130.0-255,4320,210581,44,357542
36485,0.00211,74.125.130.0-255,766,211347,44,357542
36486,0.002125,172.31.46.0-255,66,211413,44,357542
36487,0.002269,74.125.130.0-255,1484,212897,44,357542
36488,0.002296,74.125.130.0-255,2902,215799,44,357542
36489,0.002299,74.125.130.0-255,1484,217283,44,357542
36490,0.002302,74.125.130.0-255,1484,218767,44,357542
36491,0.00231,172.31.46.0-255,66,218833,44,357542
36492,0.002322,74.125.130.0-255,4320,223153,44,357542
36493,0.002342,172.31.46.0-255,66,223219,44,357542
36494,0.002358,74.125.130.0-255,5738,228957,44,357542
36495,0.002369,172.31.46.0-255,66,229023,44,357542
36496,0.002379,74.125.130.0-255,7156,236179,44,357542
36497,0.0024,74.125.130.0-255,7156,243335,44,357542
36498,0.002413,74.125.130.0-255,2184,245519,44,357542
36499,0.002424,172.31.46.0-255,66,245585,44,357542
36500,0.002622,74.125.130.0-255,1484,247069,44,357542
36501,0.002642,74.125.130.0-255,2902,249971,44,357542
36502,0.002646,172.31.46.0-255,66,250037,44,357542
36503,0.00265,74.125.130.0-255,1484,251521,44,357542
36504,0.002669,74.125.130.0-255,1484,253005,44,357542
36505,0.002674,172.31.46.0-255,66,253071,44,357542
36506,0.002704,74.125.130.0-255,4320,257391,44,357542
36507,0.00271,74.125.130.0-255,4320,261711,44,357542
36508,0.002715,172.31.46.0-255,66,261777,44,357542
36509,0.002737,74.125.130.0-255,5738,267515,44,357542
36510,0.002753,74.125.130.0-255,5738,273253,44,357542
36511,0.002763,172.31.46.0-255,66,273319,44,357542
36512,0.002775,74.125.130.0-255,6438,279757,44,357542
36513,0.002792,172.31.46.0-255,66,279823,44,357542
36514,0.002803,74.125.130.0-255,5738,285561,44,357542
36515,0.002826,74.125.130.0-255,7156,292717,44,357542
36516,0.002842,172.31.46.0-255,66,292783,44,357542
36517,0.002884,172.31.46.0-255,66,292849,44,357542
36518,0.002911,74.125.130.0-255,4320,297169,44,357542
36519,0.002918,74.125.130.0-255,6438,303607,44,357542
36520,0.002921,74.125.130.0-255,1484,305091,44,357542
36521,0.002966,74.125.130.0-255,2902,307993,44,357542
36522,0.002969,74.125.130.0-255,1484,309477,44,357542
36523,0.002973,172.31.46.0-255,66,309543,44,357542
36524,0.002983,74.125.130.0-255,2902,312445,44,357542
36525,0.003003,74.125.130.0-255,2902,315347,44,357542
36526,0.003016,172.31.46.0-255,66,315413,44,357542
36527,0.003027,74.125.130.0-255,5738,321151,44,357542
36528,0.003043,74.125.130.0-255,1484,322635,44,357542
36529,0.003048,74.125.130.0-255,3602,326237,44,357542
36530,0.003056,172.31.46.0-255,66,326303,44,357542
36531,0.003065,74.125.130.0-255,2902,329205,44,357542
36532,0.003074,74.125.130.0-255,2902,332107,44,357542
36533,0.003101,74.125.130.0-255,7156,339263,44,357542
36534,0.003105,74.125.130.0-255,1484,340747,44,357542
36535,0.003109,172.31.46.0-255,66,340813,44,357542
36536,0.003116,74.125.130.0-255,1484,342297,44,357542
36537,0.003131,74.125.130.0-255,2902,345199,44,357542
36538,0.003161,74.125.130.0-255,2743,347942,44,357542
36539,0.003168,172.31.46.0-255,66,348008,44,357542
36540,0.003226,74.125.130.0-255,105,348113,44,357542
36541,0.009337,172.31.46.0-255,66,348179,44,357542
36542,0.009373,172.31.46.0-255,105,348284,44,357542
36543,0.011895,74.125.130.0-255,66,348350,44,357542
36544,0.043121,172.31.46.0-255,172,348522,44,357542
36545,0.043154,172.31.46.0-255,1114,349636,44,357542
36546,0.043211,172.31.46.0-255,1514,351150,44,357542
36547,0.043212,172.31.46.0-255,1514,352664,44,357542
36548,0.043217,172.31.46.0-255,1514,354178,44,357542
36549,0.043218,172.31.46.0-255,1514,355692,44,357542
36550,0.043235,172.31.46.0-255,1514,357206,44,357542
36551,0.043236,172.31.46.0-255,72,357278,44,357542
36552,0.044655,104.244.42.0-255,66,357344,44,357542
36553,0.044717,104.244.42.0-255,66,357410,44,357542
36554,0.044816,104.244.42.0-255,66,357476,44,357542
36555,0.044834,104.244.42.0-255,66,357542,44,357542
36556,0.0,74.125.24.0-255,146,146,44,127953
36557,2.5e-05,172.31.46.0-255,66,212,44,127953
36558,3.2e-05,74.125.24.0-255,1484,1696,44,127953
36559,3.7e-05,172.31.46.0-255,66,1762,44,127953
36560,5.2e-05,74.125.24.0-255,2902,4664,44,127953
36561,5.6e-05,172.31.46.0-255,66,4730,44,127953
36562,6.3e-05,74.125.24.0-255,7156,11886,44,127953
36563,6.6e-05,172.31.46.0-255,66,11952,44,127953
36564,7.7e-05,172.31.46.0-255,66,12018,44,127953
36565,0.000129,172.31.46.0-255,66,12084,44,127953
36566,0.000154,74.125.24.0-255,1484,13568,44,127953
36567,0.000156,172.31.46.0-255,66,13634,44,127953
36568,0.00016,74.125.24.0-255,1484,15118,44,127953
36569,0.000162,172.31.46.0-255,66,15184,44,127953
36570,0.000183,74.125.24.0-255,1484,16668,44,127953
36571,0.000185,172.31.46.0-255,66,16734,44,127953
36572,0.000196,74.125.24.0-255,5738,22472,44,127953
36573,0.000198,172.31.46.0-255,66,22538,44,127953
36574,0.000206,74.125.24.0-255,6797,29335,44,127953
36575,0.000209,172.31.46.0-255,66,29401,44,127953
36576,0.00025,172.31.46.0-255,66,29467,44,127953
36577,0.000276,74.125.24.0-255,2848,32315,44,127953
36578,0.000279,172.31.46.0-255,66,32381,44,127953
36579,0.000282,74.125.24.0-255,115,32496,44,127953
36580,0.000284,172.31.46.0-255,66,32562,44,127953
36581,0.000378,74.125.24.0-255,1484,34046,44,127953
36582,0.000382,172.31.46.0-255,66,34112,44,127953
36583,0.000386,74.125.24.0-255,1484,35596,44,127953
36584,0.000388,172.31.46.0-255,66,35662,44,127953
36585,0.000409,74.125.24.0-255,1484,37146,44,127953
36586,0.000422,74.125.24.0-255,5738,42884,44,127953
36587,0.000425,172.31.46.0-255,66,42950,44,127953
36588,0.000455,74.125.24.0-255,5738,48688,44,127953
36589,0.000457,172.31.46.0-255,66,48754,44,127953
36590,0.000489,74.125.24.0-255,5379,54133,44,127953
36591,0.000492,172.31.46.0-255,66,54199,44,127953
36592,0.000511,172.31.46.0-255,66,54265,44,127953
36593,0.000623,74.125.24.0-255,1484,55749,44,127953
36594,0.00063,74.125.24.0-255,2902,58651,44,127953
36595,0.000633,172.31.46.0-255,66,58717,44,127953
36596,0.00064,74.125.24.0-255,5738,64455,44,127953
36597,0.000643,172.31.46.0-255,66,64521,44,127953
36598,0.000664,74.125.24.0-255,1484,66005,44,127953
36599,0.000695,172.31.46.0-255,66,66071,44,127953
36600,0.000707,74.125.24.0-255,1484,67555,44,127953
36601,0.000739,172.31.46.0-255,66,67621,44,127953
36602,0.000745,74.125.24.0-255,7156,74777,44,127953
36603,0.000748,172.31.46.0-255,66,74843,44,127953
36604,0.000777,74.125.24.0-255,7156,81999,44,127953
36605,0.00078,172.31.46.0-255,66,82065,44,127953
36606,0.000792,172.31.46.0-255,66,82131,44,127953
36607,0.000809,172.31.46.0-255,66,82197,44,127953
36608,0.000833,74.125.24.0-255,4320,86517,44,127953
36609,0.000836,172.31.46.0-255,66,86583,44,127953
36610,0.000858,74.125.24.0-255,2543,89126,44,127953
36611,0.000865,172.31.46.0-255,66,89192,44,127953
36612,0.000891,74.125.24.0-255,1484,90676,44,127953
36613,0.000905,74.125.24.0-255,2902,93578,44,127953
36614,0.000908,172.31.46.0-255,66,93644,44,127953
36615,0.000912,74.125.24.0-255,2902,96546,44,127953
36616,0.000915,172.31.46.0-255,66,96612,44,127953
36617,0.000931,74.125.24.0-255,2902,99514,44,127953
36618,0.000934,172.31.46.0-255,66,99580,44,127953
36619,0.000949,172.31.46.0-255,66,99646,44,127953
36620,0.00101,172.31.46.0-255,66,99712,44,127953
36621,0.001047,172.31.46.0-255,66,99778,44,127953
36622,0.001086,172.31.46.0-255,66,99844,44,127953
36623,0.001093,74.125.24.0-255,5738,105582,44,127953
36624,0.001095,172.31.46.0-255,66,105648,44,127953
36625,0.001134,172.31.46.0-255,66,105714,44,127953
36626,0.001148,172.31.46.0-255,66,105780,44,127953
36627,0.001168,172.31.46.0-255,66,105846,44,127953
36628,0.001213,74.125.24.0-255,2902,108748,44,127953
36629,0.001215,172.31.46.0-255,66,108814,44,127953
36630,0.001242,74.125.24.0-255,1484,110298,44,127953
36631,0.001253,74.125.24.0-255,5738,116036,44,127953
36632,0.001255,172.31.46.0-255,66,116102,44,127953
36633,0.001267,172.31.46.0-255,66,116168,44,127953
36634,0.00128,172.31.46.0-255,66,116234,44,127953
36635,0.00129,172.31.46.0-255,66,116300,44,127953
36636,0.001336,172.31.46.0-255,66,116366,44,127953
36637,0.001347,172.31.46.0-255,66,116432,44,127953
36638,0.001382,172.31.46.0-255,66,116498,44,127953
36639,0.001385,74.125.24.0-255,1484,117982,44,127953
36640,0.001421,172.31.46.0-255,66,118048,44,127953
36641,0.001443,172.31.46.0-255,66,118114,44,127953
36642,0.001452,172.31.46.0-255,66,118180,44,127953
36643,0.001488,74.125.24.0-255,105,118285,44,127953
36644,0.004367,172.31.46.0-255,66,118351,44,127953
36645,0.004404,172.31.46.0-255,105,118456,44,127953
36646,0.006454,74.125.24.0-255,66,118522,44,127953
36647,0.038322,172.31.46.0-255,172,118694,44,127953
36648,0.038355,172.31.46.0-255,1114,119808,44,127953
36649,0.038426,172.31.46.0-255,1514,121322,44,127953
36650,0.038428,172.31.46.0-255,1514,122836,44,127953
36651,0.038433,172.31.46.0-255,1514,124350,44,127953
36652,0.038435,172.31.46.0-255,1514,125864,44,127953
36653,0.038453,172.31.46.0-255,1514,127378,44,127953
36654,0.038454,172.31.46.0-255,71,127449,44,127953
36655,0.039882,104.244.42.0-255,66,127515,44,127953
36656,0.039895,104.244.42.0-255,66,127581,44,127953
36657,0.039998,104.244.42.0-255,66,127647,44,127953
36658,0.040005,104.244.42.0-255,66,127713,44,127953
36659,0.040008,104.244.42.0-255,66,127779,44,127953
36660,0.04072,104.244.42.0-255,108,127887,44,127953
36661,0.040729,172.31.46.0-255,66,127953,44,127953
36662,0.0,74.125.200.0-255,152,152,44,350061
36663,1.5e-05,172.31.46.0-255,66,218,44,350061
36664,5.3e-05,74.125.200.0-255,1484,1702,44,350061
36665,5.8e-05,172.31.46.0-255,66,1768,44,350061
36666,6.4e-05,74.125.200.0-255,2902,4670,44,350061
36667,6.7e-05,172.31.46.0-255,66,4736,44,350061
36668,7.9e-05,74.125.200.0-255,5738,10474,44,350061
36669,8.2e-05,172.31.46.0-255,66,10540,44,350061
36670,8.6e-05,74.125.200.0-255,2902,13442,44,350061
36671,9e-05,172.31.46.0-255,66,13508,44,350061
36672,0.000103,74.125.200.0-255,1484,14992,44,350061
36673,0.000105,172.31.46.0-255,66,15058,44,350061
36674,0.000128,74.125.200.0-255,2111,17169,44,350061
36675,0.000135,172.31.46.0-255,66,17235,44,350061
36676,0.00014,74.125.200.0-255,2902,20137,44,350061
36677,0.000142,172.31.46.0-255,66,20203,44,350061
36678,0.000174,74.125.200.0-255,4320,24523,44,350061
36679,0.000177,172.31.46.0-255,66,24589,44,350061
36680,0.000208,74.125.200.0-255,6797,31386,44,350061
36681,0.000211,172.31.46.0-255,66,31452,44,350061
36682,0.000278,74.125.200.0-255,1484,32936,44,350061
36683,0.000281,172.31.46.0-255,66,33002,44,350061
36684,0.000298,74.125.200.0-255,2902,35904,44,350061
36685,0.000301,172.31.46.0-255,66,35970,44,350061
36686,0.000305,74.125.200.0-255,2902,38872,44,350061
36687,0.000308,172.31.46.0-255,66,38938,44,350061
36688,0.00032,74.125.200.0-255,2902,41840,44,350061
36689,0.000322,172.31.46.0-255,66,41906,44,350061
36690,0.000363,172.31.46.0-255,66,41972,44,350061
36691,0.000412,172.31.46.0-255,66,42038,44,350061
36692,0.000644,74.125.200.0-255,128,42166,44,350061
36693,0.00069,74.125.200.0-255,1484,43650,44,350061
36694,0.000707,74.125.200.0-255,2902,46552,44,350061
36695,0.000715,172.31.46.0-255,66,46618,44,350061
36696,0.000744,74.125.200.0-255,4320,50938,44,350061
36697,0.00076,74.125.200.0-255,2902,53840,44,350061
36698,0.000764,74.125.200.0-255,2902,56742,44,350061
36699,0.000774,172.31.46.0-255,66,56808,44,350061
36700,0.000781,74.125.200.0-255,5738,62546,44,350061
36701,0.00079,172.31.46.0-255,66,62612,44,350061
36702,0.000799,74.125.200.0-255,1484,64096,44,350061
36703,0.000822,74.125.200.0-255,5738,69834,44,350061
36704,0.000836,74.125.200.0-255,1484,71318,44,350061
36705,0.00084,172.31.46.0-255,66,71384,44,350061
36706,0.00085,74.125.200.0-255,2902,74286,44,350061
36707,0.000886,172.31.46.0-255,66,74352,44,350061
36708,0.000891,74.125.200.0-255,2184,76536,44,350061
36709,0.000909,172.31.46.0-255,66,76602,44,350061
36710,0.0012,74.125.200.0-255,1484,78086,44,350061
36711,0.001215,74.125.200.0-255,2902,80988,44,350061
36712,0.001218,172.31.46.0-255,66,81054,44,350061
36713,0.001244,74.125.200.0-255,2902,83956,44,350061
36714,0.001261,74.125.200.0-255,4320,88276,44,350061
36715,0.001276,172.31.46.0-255,66,88342,44,350061
36716,0.001306,74.125.200.0-255,2902,91244,44,350061
36717,0.001322,172.31.46.0-255,66,91310,44,350061
36718,0.001358,172.31.46.0-255,66,91376,44,350061
36719,0.001383,74.125.200.0-255,2184,93560,44,350061
36720,0.00139,172.31.46.0-255,66,93626,44,350061
36721,0.001515,74.125.200.0-255,1484,95110,44,350061
36722,0.00152,74.125.200.0-255,2902,98012,44,350061
36723,0.001523,172.31.46.0-255,66,98078,44,350061
36724,0.001551,74.125.200.0-255,5738,103816,44,350061
36725,0.001556,74.125.200.0-255,2902,106718,44,350061
36726,0.001562,74.125.200.0-255,4320,111038,44,350061
36727,0.001574,172.31.46.0-255,101,111139,44,350061
36728,0.00161,74.125.200.0-255,4320,115459,44,350061
36729,0.001618,172.31.46.0-255,66,115525,44,350061
36730,0.001646,74.125.200.0-255,3602,119127,44,350061
36731,0.001667,172.31.46.0-255,66,119193,44,350061
36732,0.001678,74.125.200.0-255,1484,120677,44,350061
36733,0.0017,74.125.200.0-255,2902,123579,44,350061
36734,0.001706,74.125.200.0-255,4320,127899,44,350061
36735,0.001719,74.125.200.0-255,2902,130801,44,350061
36736,0.001735,74.125.200.0-255,2902,133703,44,350061
36737,0.001754,74.125.200.0-255,5738,139441,44,350061
36738,0.001757,172.31.46.0-255,66,139507,44,350061
36739,0.001767,74.125.200.0-255,1484,140991,44,350061
36740,0.001775,172.31.46.0-255,66,141057,44,350061
36741,0.001799,74.125.200.0-255,3602,144659,44,350061
36742,0.00182,74.125.200.0-255,4320,148979,44,350061
36743,0.001834,172.31.46.0-255,66,149045,44,350061
36744,0.001864,74.125.200.0-255,5738,154783,44,350061
36745,0.001871,172.31.46.0-255,66,154849,44,350061
36746,0.001897,74.125.200.0-255,4320,159169,44,350061
36747,0.001905,74.125.200.0-255,5738,164907,44,350061
36748,0.001927,74.125.200.0-255,5738,170645,44,350061
36749,0.001934,74.125.200.0-255,7156,177801,44,350061
36750,0.001967,74.125.200.0-255,1484,179285,44,350061
36751,0.001984,172.31.46.0-255,66,179351,44,350061
36752,0.001992,74.125.200.0-255,6438,185789,44,350061
36753,0.002001,74.125.200.0-255,4320,190109,44,350061
36754,0.002013,74.125.200.0-255,5738,195847,44,350061
36755,0.002018,74.125.200.0-255,4320,200167,44,350061
36756,0.002027,172.31.46.0-255,66,200233,44,350061
36757,0.002038,74.125.200.0-255,2902,203135,44,350061
36758,0.002046,74.125.200.0-255,2902,206037,44,350061
36759,0.002064,172.31.46.0-255,66,206103,44,350061
36760,0.003591,74.125.200.0-255,66,206169,44,350061
36761,0.004058,74.125.200.0-255,5738,211907,44,350061
36762,0.006372,172.31.46.0-255,66,211973,44,350061
36763,0.008362,74.125.200.0-255,5738,217711,44,350061
36764,0.00837,172.31.46.0-255,66,217777,44,350061
36765,0.010352,74.125.200.0-255,4320,222097,44,350061
36766,0.010357,172.31.46.0-255,66,222163,44,350061
36767,0.010384,74.125.200.0-255,1484,223647,44,350061
36768,0.012363,74.125.200.0-255,4320,227967,44,350061
36769,0.012372,172.31.46.0-255,66,228033,44,350061
36770,0.014368,74.125.200.0-255,5738,233771,44,350061
36771,0.014377,172.31.46.0-255,66,233837,44,350061
36772,0.016374,74.125.200.0-255,5738,239575,44,350061
36773,0.016383,172.31.46.0-255,66,239641,44,350061
36774,0.01838,74.125.200.0-255,5738,245379,44,350061
36775,0.018393,172.31.46.0-255,66,245445,44,350061
36776,0.020414,74.125.200.0-255,5738,251183,44,350061
36777,0.020429,172.31.46.0-255,66,251249,44,350061
36778,0.022418,74.125.200.0-255,5738,256987,44,350061
36779,0.022431,172.31.46.0-255,66,257053,44,350061
36780,0.024442,74.125.200.0-255,5738,262791,44,350061
36781,0.024456,172.31.46.0-255,66,262857,44,350061
36782,0.026454,74.125.200.0-255,2902,265759,44,350061
36783,0.026466,172.31.46.0-255,66,265825,44,350061
36784,0.0265,74.125.200.0-255,2902,268727,44,350061
36785,0.026504,172.31.46.0-255,66,268793,44,350061
36786,0.02845,74.125.200.0-255,1484,270277,44,350061
36787,0.028478,74.125.200.0-255,1484,271761,44,350061
36788,0.028484,172.31.46.0-255,66,271827,44,350061
36789,0.028519,74.125.200.0-255,2902,274729,44,350061
36790,0.028522,172.31.46.0-255,66,274795,44,350061
36791,0.030483,74.125.200.0-255,2902,277697,44,350061
36792,0.030495,172.31.46.0-255,66,277763,44,350061
36793,0.030528,74.125.200.0-255,2902,280665,44,350061
36794,0.030531,172.31.46.0-255,66,280731,44,350061
36795,0.032503,74.125.200.0-255,2902,283633,44,350061
36796,0.032519,172.31.46.0-255,66,283699,44,350061
36797,0.032555,74.125.200.0-255,2902,286601,44,350061
36798,0.032559,172.31.46.0-255,66,286667,44,350061
36799,0.034527,74.125.200.0-255,2902,289569,44,350061
36800,0.034536,172.31.46.0-255,66,289635,44,350061
36801,0.03457,74.125.200.0-255,2902,292537,44,350061
36802,0.034573,172.31.46.0-255,66,292603,44,350061
36803,0.036527,74.125.200.0-255,2902,295505,44,350061
36804,0.036536,172.31.46.0-255,66,295571,44,350061
36805,0.036572,74.125.200.0-255,2902,298473,44,350061
36806,0.036575,172.31.46.0-255,66,298539,44,350061
36807,0.038536,74.125.200.0-255,2902,301441,44,350061
36808,0.038546,172.31.46.0-255,66,301507,44,350061
36809,0.038575,74.125.200.0-255,2902,304409,44,350061
36810,0.038577,172.31.46.0-255,66,304475,44,350061
36811,0.040539,74.125.200.0-255,2902,307377,44,350061
36812,0.040548,172.31.46.0-255,66,307443,44,350061
36813,0.040578,74.125.200.0-255,2902,310345,44,350061
36814,0.040581,172.31.46.0-255,66,310411,44,350061
36815,0.042531,74.125.200.0-255,2902,313313,44,350061
36816,0.042538,172.31.46.0-255,66,313379,44,350061
36817,0.04257,74.125.200.0-255,2902,316281,44,350061
36818,0.042574,172.31.46.0-255,66,316347,44,350061
36819,0.04333,172.31.46.0-255,188,316535,44,350061
36820,0.043363,172.31.46.0-255,955,317490,44,350061
36821,0.043427,172.31.46.0-255,1514,319004,44,350061
36822,0.043429,172.31.46.0-255,1514,320518,44,350061
36823,0.04343,172.31.46.0-255,1514,322032,44,350061
36824,0.043432,172.31.46.0-255,1514,323546,44,350061
36825,0.043459,172.31.46.0-255,1514,325060,44,350061
36826,0.04346,172.31.46.0-255,229,325289,44,350061
36827,0.044539,74.125.200.0-255,2902,328191,44,350061
36828,0.044546,172.31.46.0-255,66,328257,44,350061
36829,0.044571,74.125.200.0-255,2902,331159,44,350061
36830,0.044574,172.31.46.0-255,66,331225,44,350061
36831,0.044864,104.244.42.0-255,66,331291,44,350061
36832,0.044917,104.244.42.0-255,66,331357,44,350061
36833,0.045029,104.244.42.0-255,66,331423,44,350061
36834,0.04654,74.125.200.0-255,2902,334325,44,350061
36835,0.046548,172.31.46.0-255,66,334391,44,350061
36836,0.046581,74.125.200.0-255,2902,337293,44,350061
36837,0.046584,172.31.46.0-255,66,337359,44,350061
36838,0.048552,74.125.200.0-255,2902,340261,44,350061
36839,0.048559,172.31.46.0-255,66,340327,44,350061
36840,0.048592,74.125.200.0-255,2902,343229,44,350061
36841,0.048595,172.31.46.0-255,66,343295,44,350061
36842,0.050553,74.125.200.0-255,1484,344779,44,350061
36843,0.050587,74.125.200.0-255,4320,349099,44,350061
36844,0.050592,172.31.46.0-255,66,349165,44,350061
36845,0.05257,74.125.200.0-255,725,349890,44,350061
36846,0.052721,172.31.46.0-255,105,349995,44,350061
36847,0.059773,74.125.200.0-255,66,350061,44,350061
36848,0.0,172.217.194.0-255,153,153,44,200156
36849,2.7e-05,172.31.46.0-255,66,219,44,200156
36850,3.5e-05,172.217.194.0-255,1484,1703,44,200156
36851,4e-05,172.31.46.0-255,66,1769,44,200156
36852,4.6e-05,172.217.194.0-255,2902,4671,44,200156
36853,5e-05,172.31.46.0-255,66,4737,44,200156
36854,5.8e-05,172.217.194.0-255,7156,11893,44,200156
36855,6.2e-05,172.31.46.0-255,66,11959,44,200156
36856,6.9e-05,172.217.194.0-255,6346,18305,44,200156
36857,7.2e-05,172.31.46.0-255,66,18371,44,200156
36858,9.1e-05,172.217.194.0-255,1484,19855,44,200156
36859,9.3e-05,172.31.46.0-255,66,19921,44,200156
36860,0.000122,172.31.46.0-255,66,19987,44,200156
36861,0.000166,172.31.46.0-255,66,20053,44,200156
36862,0.00017,172.217.194.0-255,2902,22955,44,200156
36863,0.000173,172.31.46.0-255,66,23021,44,200156
36864,0.000203,172.31.46.0-255,66,23087,44,200156
36865,0.000215,172.31.46.0-255,66,23153,44,200156
36866,0.000218,172.217.194.0-255,341,23494,44,200156
36867,0.00022,172.31.46.0-255,66,23560,44,200156
36868,0.000723,172.217.194.0-255,117,23677,44,200156
36869,0.000729,172.31.46.0-255,66,23743,44,200156
36870,0.000768,172.217.194.0-255,1484,25227,44,200156
36871,0.000772,172.31.46.0-255,66,25293,44,200156
36872,0.000777,172.217.194.0-255,2902,28195,44,200156
36873,0.000779,172.31.46.0-255,66,28261,44,200156
36874,0.000811,172.217.194.0-255,7156,35417,44,200156
36875,0.000814,172.31.46.0-255,66,35483,44,200156
36876,0.000822,172.217.194.0-255,7156,42639,44,200156
36877,0.000824,172.31.46.0-255,66,42705,44,200156
36878,0.000846,172.217.194.0-255,1484,44189,44,200156
36879,0.000868,172.217.194.0-255,7156,51345,44,200156
36880,0.000872,172.31.46.0-255,66,51411,44,200156
36881,0.000894,172.217.194.0-255,6438,57849,44,200156
36882,0.000896,172.31.46.0-255,66,57915,44,200156
36883,0.000916,172.217.194.0-255,383,58298,44,200156
36884,0.000947,172.217.194.0-255,1484,59782,44,200156
36885,0.000951,172.31.46.0-255,66,59848,44,200156
36886,0.000962,172.217.194.0-255,4320,64168,44,200156
36887,0.000964,172.31.46.0-255,66,64234,44,200156
36888,0.001007,172.31.46.0-255,66,64300,44,200156
36889,0.00102,172.31.46.0-255,66,64366,44,200156
36890,0.001044,172.31.46.0-255,66,64432,44,200156
36891,0.001083,172.217.194.0-255,1484,65916,44,200156
36892,0.001087,172.217.194.0-255,2902,68818,44,200156
36893,0.00109,172.217.194.0-255,1484,70302,44,200156
36894,0.001094,172.31.46.0-255,66,70368,44,200156
36895,0.001113,172.217.194.0-255,4320,74688,44,200156
36896,0.001116,172.31.46.0-255,66,74754,44,200156
36897,0.001147,172.217.194.0-255,1484,76238,44,200156
36898,0.001166,172.31.46.0-255,66,76304,44,200156
36899,0.001179,172.31.46.0-255,66,76370,44,200156
36900,0.001196,172.217.194.0-255,3602,79972,44,200156
36901,0.001198,172.31.46.0-255,66,80038,44,200156
36902,0.001205,172.217.194.0-255,5738,85776,44,200156
36903,0.001208,172.31.46.0-255,66,85842,44,200156
36904,0.001244,172.31.46.0-255,66,85908,44,200156
36905,0.001255,172.31.46.0-255,66,85974,44,200156
36906,0.00128,172.217.194.0-255,4320,90294,44,200156
36907,0.001282,172.31.46.0-255,66,90360,44,200156
36908,0.0013,172.217.194.0-255,5020,95380,44,200156
36909,0.001303,172.31.46.0-255,66,95446,44,200156
36910,0.00154,172.217.194.0-255,1484,96930,44,200156
36911,0.001556,172.217.194.0-255,2902,99832,44,200156
36912,0.00156,172.31.46.0-255,66,99898,44,200156
36913,0.001567,172.217.194.0-255,5738,105636,44,200156
36914,0.001569,172.31.46.0-255,66,105702,44,200156
36915,0.001574,172.217.194.0-255,2902,108604,44,200156
36916,0.001576,172.31.46.0-255,66,108670,44,200156
36917,0.001598,172.217.194.0-255,4320,112990,44,200156
36918,0.001601,172.31.46.0-255,66,113056,44,200156
36919,0.001608,172.217.194.0-255,5738,118794,44,200156
36920,0.00161,172.31.46.0-255,66,118860,44,200156
36921,0.001638,172.31.46.0-255,66,118926,44,200156
36922,0.001643,172.217.194.0-255,2184,121110,44,200156
36923,0.001645,172.31.46.0-255,66,121176,44,200156
36924,0.001649,172.217.194.0-255,2902,124078,44,200156
36925,0.001651,172.31.46.0-255,66,124144,44,200156
36926,0.001659,172.217.194.0-255,5738,129882,44,200156
36927,0.001661,172.31.46.0-255,66,129948,44,200156
36928,0.001688,172.217.194.0-255,1484,131432,44,200156
36929,0.001711,172.31.46.0-255,66,131498,44,200156
36930,0.001714,172.217.194.0-255,1484,132982,44,200156
36931,0.001738,172.217.194.0-255,6438,139420,44,200156
36932,0.001741,172.31.46.0-255,66,139486,44,200156
36933,0.001747,172.217.194.0-255,4320,143806,44,200156
36934,0.001749,172.31.46.0-255,66,143872,44,200156
36935,0.001763,172.217.194.0-255,2902,146774,44,200156
36936,0.001765,172.31.46.0-255,66,146840,44,200156
36937,0.001779,172.217.194.0-255,2902,149742,44,200156
36938,0.001783,172.31.46.0-255,66,149808,44,200156
36939,0.001829,172.31.46.0-255,66,149874,44,200156
36940,0.001836,172.31.46.0-255,66,149940,44,200156
36941,0.001864,172.31.46.0-255,66,150006,44,200156
36942,0.00187,172.217.194.0-255,4320,154326,44,200156
36943,0.001872,172.31.46.0-255,66,154392,44,200156
36944,0.001915,172.217.194.0-255,3602,157994,44,200156
36945,0.001954,172.31.46.0-255,66,158060,44,200156
36946,0.001957,172.31.46.0-255,66,158126,44,200156
36947,0.002049,172.217.194.0-255,1484,159610,44,200156
36948,0.002055,172.217.194.0-255,2902,162512,44,200156
36949,0.002058,172.31.46.0-255,66,162578,44,200156
36950,0.002061,172.217.194.0-255,1484,164062,44,200156
36951,0.002082,172.217.194.0-255,4320,168382,44,200156
36952,0.002085,172.31.46.0-255,66,168448,44,200156
36953,0.002108,172.31.46.0-255,66,168514,44,200156
36954,0.002125,172.217.194.0-255,2902,171416,44,200156
36955,0.002127,172.31.46.0-255,66,171482,44,200156
36956,0.002131,172.217.194.0-255,1484,172966,44,200156
36957,0.002148,172.217.194.0-255,2902,175868,44,200156
36958,0.002152,172.31.46.0-255,66,175934,44,200156
36959,0.00218,172.31.46.0-255,66,176000,44,200156
36960,0.002183,172.217.194.0-255,1484,177484,44,200156
36961,0.002212,172.217.194.0-255,7156,184640,44,200156
36962,0.002216,172.31.46.0-255,66,184706,44,200156
36963,0.002239,172.217.194.0-255,5611,190317,44,200156
36964,0.002242,172.31.46.0-255,66,190383,44,200156
36965,0.002245,172.217.194.0-255,105,190488,44,200156
36966,0.008825,172.31.46.0-255,66,190554,44,200156
36967,0.008879,172.31.46.0-255,105,190659,44,200156
36968,0.011204,172.217.194.0-255,66,190725,44,200156
36969,0.03795,172.31.46.0-255,172,190897,44,200156
36970,0.037984,172.31.46.0-255,1113,192010,44,200156
36971,0.038069,172.31.46.0-255,1514,193524,44,200156
36972,0.03809,172.31.46.0-255,1514,195038,44,200156
36973,0.038094,172.31.46.0-255,1514,196552,44,200156
36974,0.038109,172.31.46.0-255,1514,198066,44,200156
36975,0.038113,172.31.46.0-255,1514,199580,44,200156
36976,0.038114,172.31.46.0-255,72,199652,44,200156
36977,0.039485,104.244.42.0-255,66,199718,44,200156
36978,0.039521,104.244.42.0-255,66,199784,44,200156
36979,0.039632,104.244.42.0-255,66,199850,44,200156
36980,0.039677,104.244.42.0-255,66,199916,44,200156
36981,0.039681,104.244.42.0-255,66,199982,44,200156
36982,0.040305,104.244.42.0-255,108,200090,44,200156
36983,0.040319,172.31.46.0-255,66,200156,44,200156
36984,0.0,74.125.130.0-255,153,153,44,369428
36985,2.4e-05,172.31.46.0-255,66,219,44,369428
36986,3e-05,74.125.130.0-255,1484,1703,44,369428
36987,3.6e-05,172.31.46.0-255,66,1769,44,369428
36988,4.1e-05,74.125.130.0-255,2902,4671,44,369428
36989,4.6e-05,172.31.46.0-255,66,4737,44,369428
36990,8.2e-05,74.125.130.0-255,7156,11893,44,369428
36991,8.5e-05,172.31.46.0-255,66,11959,44,369428
36992,0.000105,74.125.130.0-255,1948,13907,44,369428
36993,0.000108,172.31.46.0-255,66,13973,44,369428
36994,0.000261,74.125.130.0-255,1484,15457,44,369428
36995,0.000266,172.31.46.0-255,66,15523,44,369428
36996,0.000287,74.125.130.0-255,2902,18425,44,369428
36997,0.000304,172.31.46.0-255,66,18491,44,369428
36998,0.00031,74.125.130.0-255,4320,22811,44,369428
36999,0.000313,172.31.46.0-255,66,22877,44,369428
37000,0.000341,74.125.130.0-255,5738,28615,44,369428
37001,0.000344,172.31.46.0-255,66,28681,44,369428
37002,0.000363,74.125.130.0-255,1484,30165,44,369428
37003,0.000365,172.31.46.0-255,66,30231,44,369428
37004,0.000382,74.125.130.0-255,1125,31356,44,369428
37005,0.000385,172.31.46.0-255,66,31422,44,369428
37006,0.00043,74.125.130.0-255,1484,32906,44,369428
37007,0.000433,172.31.46.0-255,66,32972,44,369428
37008,0.000445,74.125.130.0-255,1484,34456,44,369428
37009,0.000448,172.31.46.0-255,66,34522,44,369428
37010,0.000466,74.125.130.0-255,2902,37424,44,369428
37011,0.000469,172.31.46.0-255,66,37490,44,369428
37012,0.000495,74.125.130.0-255,5738,43228,44,369428
37013,0.000498,172.31.46.0-255,66,43294,44,369428
37014,0.00052,74.125.130.0-255,5379,48673,44,369428
37015,0.000522,172.31.46.0-255,66,48739,44,369428
37016,0.00061,74.125.130.0-255,1484,50223,44,369428
37017,0.000624,74.125.130.0-255,1484,51707,44,369428
37018,0.000627,172.31.46.0-255,66,51773,44,369428
37019,0.000646,74.125.130.0-255,1484,53257,44,369428
37020,0.000649,74.125.130.0-255,1484,54741,44,369428
37021,0.000651,172.31.46.0-255,66,54807,44,369428
37022,0.000656,74.125.130.0-255,2902,57709,44,369428
37023,0.000659,172.31.46.0-255,66,57775,44,369428
37024,0.000673,74.125.130.0-255,1484,59259,44,369428
37025,0.000693,74.125.130.0-255,4320,63579,44,369428
37026,0.000697,172.31.46.0-255,66,63645,44,369428
37027,0.000701,74.125.130.0-255,2543,66188,44,369428
37028,0.000703,172.31.46.0-255,66,66254,44,369428
37029,0.000819,74.125.130.0-255,362,66616,44,369428
37030,0.000868,74.125.130.0-255,1484,68100,44,369428
37031,0.000872,172.31.46.0-255,66,68166,44,369428
37032,0.000889,74.125.130.0-255,2902,71068,44,369428
37033,0.000892,172.31.46.0-255,66,71134,44,369428
37034,0.000903,74.125.130.0-255,1484,72618,44,369428
37035,0.000927,74.125.130.0-255,1484,74102,44,369428
37036,0.00093,172.31.46.0-255,66,74168,44,369428
37037,0.000946,74.125.130.0-255,1484,75652,44,369428
37038,0.000953,74.125.130.0-255,5738,81390,44,369428
37039,0.000955,172.31.46.0-255,66,81456,44,369428
37040,0.000959,74.125.130.0-255,1484,82940,44,369428
37041,0.000963,74.125.130.0-255,2902,85842,44,369428
37042,0.000965,172.31.46.0-255,66,85908,44,369428
37043,0.000991,74.125.130.0-255,5738,91646,44,369428
37044,0.000995,172.31.46.0-255,66,91712,44,369428
37045,0.001003,74.125.130.0-255,1484,93196,44,369428
37046,0.001027,172.31.46.0-255,66,93262,44,369428
37047,0.001468,74.125.130.0-255,1484,94746,44,369428
37048,0.001524,74.125.130.0-255,1484,96230,44,369428
37049,0.001528,172.31.46.0-255,66,96296,44,369428
37050,0.001545,74.125.130.0-255,2902,99198,44,369428
37051,0.001549,172.31.46.0-255,66,99264,44,369428
37052,0.001564,74.125.130.0-255,1484,100748,44,369428
37053,0.001621,74.125.130.0-255,2902,103650,44,369428
37054,0.001625,172.31.46.0-255,66,103716,44,369428
37055,0.001659,74.125.130.0-255,4320,108036,44,369428
37056,0.001662,172.31.46.0-255,66,108102,44,369428
37057,0.001665,74.125.130.0-255,1484,109586,44,369428
37058,0.001668,74.125.130.0-255,1484,111070,44,369428
37059,0.00167,172.31.46.0-255,66,111136,44,369428
37060,0.001692,74.125.130.0-255,1484,112620,44,369428
37061,0.001718,74.125.130.0-255,1484,114104,44,369428
37062,0.001721,172.31.46.0-255,66,114170,44,369428
37063,0.001769,74.125.130.0-255,1484,115654,44,369428
37064,0.001811,74.125.130.0-255,2902,118556,44,369428
37065,0.001814,172.31.46.0-255,66,118622,44,369428
37066,0.001861,74.125.130.0-255,1484,120106,44,369428
37067,0.00188,74.125.130.0-255,2902,123008,44,369428
37068,0.001883,172.31.46.0-255,66,123074,44,369428
37069,0.001898,74.125.130.0-255,5020,128094,44,369428
37070,0.001901,172.31.46.0-255,66,128160,44,369428
37071,0.002165,74.125.130.0-255,1484,129644,44,369428
37072,0.002189,74.125.130.0-255,2902,132546,44,369428
37073,0.002194,172.31.46.0-255,66,132612,44,369428
37074,0.002201,74.125.130.0-255,5738,138350,44,369428
37075,0.002203,172.31.46.0-255,66,138416,44,369428
37076,0.002235,74.125.130.0-255,5738,144154,44,369428
37077,0.002238,172.31.46.0-255,66,144220,44,369428
37078,0.002256,74.125.130.0-255,1484,145704,44,369428
37079,0.002288,74.125.130.0-255,4320,150024,44,369428
37080,0.00229,172.31.46.0-255,66,150090,44,369428
37081,0.002311,74.125.130.0-255,1484,151574,44,369428
37082,0.002319,74.125.130.0-255,7156,158730,44,369428
37083,0.002321,172.31.46.0-255,66,158796,44,369428
37084,0.002327,74.125.130.0-255,3602,162398,44,369428
37085,0.002329,172.31.46.0-255,66,162464,44,369428
37086,0.004846,74.125.130.0-255,2902,165366,44,369428
37087,0.004854,172.31.46.0-255,66,165432,44,369428
37088,0.004875,74.125.130.0-255,2902,168334,44,369428
37089,0.004877,172.31.46.0-255,66,168400,44,369428
37090,0.007344,74.125.130.0-255,2902,171302,44,369428
37091,0.007348,172.31.46.0-255,66,171368,44,369428
37092,0.007363,74.125.130.0-255,2902,174270,44,369428
37093,0.007365,172.31.46.0-255,66,174336,44,369428
37094,0.009862,74.125.130.0-255,5738,180074,44,369428
37095,0.009872,172.31.46.0-255,66,180140,44,369428
37096,0.01238,74.125.130.0-255,5738,185878,44,369428
37097,0.012391,172.31.46.0-255,66,185944,44,369428
37098,0.014902,74.125.130.0-255,5738,191682,44,369428
37099,0.014915,172.31.46.0-255,66,191748,44,369428
37100,0.017435,74.125.130.0-255,5738,197486,44,369428
37101,0.017444,172.31.46.0-255,66,197552,44,369428
37102,0.019959,74.125.130.0-255,5738,203290,44,369428
37103,0.01997,172.31.46.0-255,66,203356,44,369428
37104,0.022492,74.125.130.0-255,5738,209094,44,369428
37105,0.022503,172.31.46.0-255,66,209160,44,369428
37106,0.025017,74.125.130.0-255,5738,214898,44,369428
37107,0.025025,172.31.46.0-255,66,214964,44,369428
37108,0.027539,74.125.130.0-255,5738,220702,44,369428
37109,0.02755,172.31.46.0-255,66,220768,44,369428
37110,0.030058,74.125.130.0-255,5738,226506,44,369428
37111,0.03007,172.31.46.0-255,66,226572,44,369428
37112,0.032569,74.125.130.0-255,5738,232310,44,369428
37113,0.032579,172.31.46.0-255,66,232376,44,369428
37114,0.035083,74.125.130.0-255,5738,238114,44,369428
37115,0.035094,172.31.46.0-255,66,238180,44,369428
37116,0.035623,172.31.46.0-255,172,238352,44,369428
37117,0.035655,172.31.46.0-255,1109,239461,44,369428
37118,0.035729,172.31.46.0-255,1514,240975,44,369428
37119,0.035735,172.31.46.0-255,1514,242489,44,369428
37120,0.035736,172.31.46.0-255,1514,244003,44,369428
37121,0.035737,172.31.46.0-255,1514,245517,44,369428
37122,0.035763,172.31.46.0-255,1514,247031,44,369428
37123,0.035765,172.31.46.0-255,75,247106,44,369428
37124,0.037186,104.244.42.0-255,66,247172,44,369428
37125,0.037235,104.244.42.0-255,66,247238,44,369428
37126,0.037343,104.244.42.0-255,66,247304,44,369428
37127,0.037349,104.244.42.0-255,66,247370,44,369428
37128,0.037609,74.125.130.0-255,5738,253108,44,369428
37129,0.037619,172.31.46.0-255,66,253174,44,369428
37130,0.037833,104.244.42.0-255,108,253282,44,369428
37131,0.037842,172.31.46.0-255,66,253348,44,369428
37132,0.040142,74.125.130.0-255,5738,259086,44,369428
37133,0.040152,172.31.46.0-255,66,259152,44,369428
37134,0.042665,74.125.130.0-255,5738,264890,44,369428
37135,0.042673,172.31.46.0-255,66,264956,44,369428
37136,0.045172,74.125.130.0-255,5738,270694,44,369428
37137,0.04518,172.31.46.0-255,66,270760,44,369428
37138,0.047696,74.125.130.0-255,5738,276498,44,369428
37139,0.047707,172.31.46.0-255,66,276564,44,369428
37140,0.050219,74.125.130.0-255,5738,282302,44,369428
37141,0.050227,172.31.46.0-255,66,282368,44,369428
37142,0.052743,74.125.130.0-255,5738,288106,44,369428
37143,0.05275,172.31.46.0-255,66,288172,44,369428
37144,0.05527,74.125.130.0-255,5738,293910,44,369428
37145,0.055277,172.31.46.0-255,66,293976,44,369428
37146,0.057794,74.125.130.0-255,5738,299714,44,369428
37147,0.057802,172.31.46.0-255,66,299780,44,369428
37148,0.060341,74.125.130.0-255,5738,305518,44,369428
37149,0.060349,172.31.46.0-255,66,305584,44,369428
37150,0.062852,74.125.130.0-255,5738,311322,44,369428
37151,0.062861,172.31.46.0-255,66,311388,44,369428
37152,0.065391,74.125.130.0-255,5738,317126,44,369428
37153,0.065399,172.31.46.0-255,66,317192,44,369428
37154,0.067913,74.125.130.0-255,5738,322930,44,369428
37155,0.06792,172.31.46.0-255,66,322996,44,369428
37156,0.070436,74.125.130.0-255,5738,328734,44,369428
37157,0.070443,172.31.46.0-255,66,328800,44,369428
37158,0.072955,74.125.130.0-255,5738,334538,44,369428
37159,0.072963,172.31.46.0-255,66,334604,44,369428
37160,0.075472,74.125.130.0-255,5738,340342,44,369428
37161,0.075479,172.31.46.0-255,66,340408,44,369428
37162,0.078028,74.125.130.0-255,5738,346146,44,369428
37163,0.078035,172.31.46.0-255,66,346212,44,369428
37164,0.080554,74.125.130.0-255,5738,351950,44,369428
37165,0.080575,172.31.46.0-255,66,352016,44,369428
37166,0.083079,74.125.130.0-255,5738,357754,44,369428
37167,0.083087,172.31.46.0-255,66,357820,44,369428
37168,0.085587,74.125.130.0-255,5738,363558,44,369428
37169,0.085593,172.31.46.0-255,66,363624,44,369428
37170,0.088117,74.125.130.0-255,5738,369362,44,369428
37171,0.088124,172.31.46.0-255,66,369428,44,369428
37172,0.0,74.125.200.0-255,152,152,44,337648
37173,2.4e-05,172.31.46.0-255,66,218,44,337648
37174,3e-05,74.125.200.0-255,1484,1702,44,337648
37175,3.4e-05,172.31.46.0-255,66,1768,44,337648
37176,3.8e-05,74.125.200.0-255,1484,3252,44,337648
37177,4.8e-05,172.31.46.0-255,66,3318,44,337648
37178,5.4e-05,74.125.200.0-255,2902,6220,44,337648
37179,5.6e-05,172.31.46.0-255,66,6286,44,337648
37180,6.3e-05,74.125.200.0-255,5738,12024,44,337648
37181,6.6e-05,172.31.46.0-255,66,12090,44,337648
37182,7e-05,74.125.200.0-255,2120,14210,44,337648
37183,7.3e-05,172.31.46.0-255,66,14276,44,337648
37184,0.000469,74.125.200.0-255,1484,15760,44,337648
37185,0.000476,172.31.46.0-255,66,15826,44,337648
37186,0.000483,74.125.200.0-255,2902,18728,44,337648
37187,0.000485,172.31.46.0-255,66,18794,44,337648
37188,0.000524,74.125.200.0-255,4320,23114,44,337648
37189,0.000528,172.31.46.0-255,66,23180,44,337648
37190,0.000552,74.125.200.0-255,1484,24664,44,337648
37191,0.000555,172.31.46.0-255,66,24730,44,337648
37192,0.000563,74.125.200.0-255,6797,31527,44,337648
37193,0.000565,172.31.46.0-255,66,31593,44,337648
37194,0.000568,74.125.200.0-255,1484,33077,44,337648
37195,0.00057,172.31.46.0-255,66,33143,44,337648
37196,0.000605,74.125.200.0-255,2902,36045,44,337648
37197,0.000608,172.31.46.0-255,66,36111,44,337648
37198,0.000614,74.125.200.0-255,4320,40431,44,337648
37199,0.000616,172.31.46.0-255,66,40497,44,337648
37200,0.000652,74.125.200.0-255,5738,46235,44,337648
37201,0.000655,172.31.46.0-255,66,46301,44,337648
37202,0.000659,74.125.200.0-255,2543,48844,44,337648
37203,0.000661,172.31.46.0-255,66,48910,44,337648
37204,0.000741,74.125.200.0-255,1484,50394,44,337648
37205,0.000762,74.125.200.0-255,1484,51878,44,337648
37206,0.000765,172.31.46.0-255,66,51944,44,337648
37207,0.000772,74.125.200.0-255,2902,54846,44,337648
37208,0.000774,172.31.46.0-255,66,54912,44,337648
37209,0.000802,74.125.200.0-255,5738,60650,44,337648
37210,0.000805,172.31.46.0-255,66,60716,44,337648
37211,0.000832,74.125.200.0-255,1484,62200,44,337648
37212,0.000836,74.125.200.0-255,2902,65102,44,337648
37213,0.000839,172.31.46.0-255,66,65168,44,337648
37214,0.000856,74.125.200.0-255,1125,66293,44,337648
37215,0.001089,74.125.200.0-255,645,66938,44,337648
37216,0.001093,172.31.46.0-255,66,67004,44,337648
37217,0.001119,74.125.200.0-255,1484,68488,44,337648
37218,0.001146,74.125.200.0-255,4320,72808,44,337648
37219,0.001149,172.31.46.0-255,66,72874,44,337648
37220,0.00119,172.31.46.0-255,66,72940,44,337648
37221,0.001197,74.125.200.0-255,7156,80096,44,337648
37222,0.001199,172.31.46.0-255,66,80162,44,337648
37223,0.001227,74.125.200.0-255,4320,84482,44,337648
37224,0.001229,172.31.46.0-255,66,84548,44,337648
37225,0.001235,74.125.200.0-255,6438,90986,44,337648
37226,0.001237,172.31.46.0-255,66,91052,44,337648
37227,0.001274,74.125.200.0-255,4320,95372,44,337648
37228,0.001276,172.31.46.0-255,66,95438,44,337648
37229,0.001281,74.125.200.0-255,5738,101176,44,337648
37230,0.001287,172.31.46.0-255,66,101242,44,337648
37231,0.00131,74.125.200.0-255,4320,105562,44,337648
37232,0.001312,172.31.46.0-255,66,105628,44,337648
37233,0.001336,74.125.200.0-255,7156,112784,44,337648
37234,0.001338,74.125.200.0-255,1484,114268,44,337648
37235,0.001343,172.31.46.0-255,66,114334,44,337648
37236,0.00136,74.125.200.0-255,7156,121490,44,337648
37237,0.001362,172.31.46.0-255,66,121556,44,337648
37238,0.00139,74.125.200.0-255,3602,125158,44,337648
37239,0.001393,172.31.46.0-255,66,125224,44,337648
37240,0.0014,74.125.200.0-255,7156,132380,44,337648
37241,0.001402,172.31.46.0-255,66,132446,44,337648
37242,0.001433,74.125.200.0-255,5738,138184,44,337648
37243,0.001435,172.31.46.0-255,66,138250,44,337648
37244,0.001445,172.31.46.0-255,66,138316,44,337648
37245,0.001459,172.31.46.0-255,66,138382,44,337648
37246,0.001463,74.125.200.0-255,2184,140566,44,337648
37247,0.001468,172.31.46.0-255,66,140632,44,337648
37248,0.001505,74.125.200.0-255,1484,142116,44,337648
37249,0.001522,74.125.200.0-255,2902,145018,44,337648
37250,0.001525,172.31.46.0-255,66,145084,44,337648
37251,0.001545,74.125.200.0-255,5738,150822,44,337648
37252,0.001547,172.31.46.0-255,66,150888,44,337648
37253,0.001576,74.125.200.0-255,7156,158044,44,337648
37254,0.001578,172.31.46.0-255,66,158110,44,337648
37255,0.001598,74.125.200.0-255,2902,161012,44,337648
37256,0.0016,172.31.46.0-255,66,161078,44,337648
37257,0.001612,172.31.46.0-255,66,161144,44,337648
37258,0.001616,74.125.200.0-255,2184,163328,44,337648
37259,0.001619,172.31.46.0-255,66,163394,44,337648
37260,0.001684,74.125.200.0-255,1484,164878,44,337648
37261,0.001701,74.125.200.0-255,2902,167780,44,337648
37262,0.001704,172.31.46.0-255,66,167846,44,337648
37263,0.001707,74.125.200.0-255,1484,169330,44,337648
37264,0.001732,74.125.200.0-255,2902,172232,44,337648
37265,0.001735,172.31.46.0-255,66,172298,44,337648
37266,0.001741,74.125.200.0-255,5738,178036,44,337648
37267,0.001743,172.31.46.0-255,66,178102,44,337648
37268,0.001782,172.31.46.0-255,66,178168,44,337648
37269,0.001787,74.125.200.0-255,4320,182488,44,337648
37270,0.001789,172.31.46.0-255,66,182554,44,337648
37271,0.001825,74.125.200.0-255,3602,186156,44,337648
37272,0.001828,172.31.46.0-255,66,186222,44,337648
37273,0.001903,74.125.200.0-255,1484,187706,44,337648
37274,0.001924,74.125.200.0-255,2902,190608,44,337648
37275,0.001927,172.31.46.0-255,66,190674,44,337648
37276,0.001933,74.125.200.0-255,4320,194994,44,337648
37277,0.001934,172.31.46.0-255,66,195060,44,337648
37278,0.001965,74.125.200.0-255,7156,202216,44,337648
37279,0.001968,172.31.46.0-255,66,202282,44,337648
37280,0.001992,74.125.200.0-255,1484,203766,44,337648
37281,0.001995,74.125.200.0-255,1484,205250,44,337648
37282,0.001997,172.31.46.0-255,66,205316,44,337648
37283,0.002002,74.125.200.0-255,2902,208218,44,337648
37284,0.002004,172.31.46.0-255,66,208284,44,337648
37285,0.002028,74.125.200.0-255,5738,214022,44,337648
37286,0.002031,172.31.46.0-255,66,214088,44,337648
37287,0.002034,74.125.200.0-255,1484,215572,44,337648
37288,0.002072,74.125.200.0-255,5020,220592,44,337648
37289,0.002075,172.31.46.0-255,66,220658,44,337648
37290,0.002143,74.125.200.0-255,1484,222142,44,337648
37291,0.002159,74.125.200.0-255,2902,225044,44,337648
37292,0.002163,172.31.46.0-255,66,225110,44,337648
37293,0.002172,74.125.200.0-255,2902,228012,44,337648
37294,0.002173,172.31.46.0-255,66,228078,44,337648
37295,0.002199,74.125.200.0-255,4320,232398,44,337648
37296,0.002201,172.31.46.0-255,66,232464,44,337648
37297,0.002233,74.125.200.0-255,1484,233948,44,337648
37298,0.002258,74.125.200.0-255,7156,241104,44,337648
37299,0.00226,172.31.46.0-255,66,241170,44,337648
37300,0.002267,74.125.200.0-255,7156,248326,44,337648
37301,0.00227,172.31.46.0-255,66,248392,44,337648
37302,0.002279,172.31.46.0-255,66,248458,44,337648
37303,0.002285,74.125.200.0-255,7156,255614,44,337648
37304,0.002287,172.31.46.0-255,66,255680,44,337648
37305,0.002325,172.31.46.0-255,66,255746,44,337648
37306,0.002353,74.125.200.0-255,5738,261484,44,337648
37307,0.002356,172.31.46.0-255,66,261550,44,337648
37308,0.004657,74.125.200.0-255,5738,267288,44,337648
37309,0.004663,172.31.46.0-255,66,267354,44,337648
37310,0.006965,74.125.200.0-255,5738,273092,44,337648
37311,0.006968,172.31.46.0-255,66,273158,44,337648
37312,0.009281,74.125.200.0-255,5738,278896,44,337648
37313,0.009288,172.31.46.0-255,66,278962,44,337648
37314,0.011591,74.125.200.0-255,5738,284700,44,337648
37315,0.011598,172.31.46.0-255,66,284766,44,337648
37316,0.013905,74.125.200.0-255,5738,290504,44,337648
37317,0.013913,172.31.46.0-255,66,290570,44,337648
37318,0.016218,74.125.200.0-255,5738,296308,44,337648
37319,0.016225,172.31.46.0-255,66,296374,44,337648
37320,0.018536,74.125.200.0-255,5738,302112,44,337648
37321,0.018543,172.31.46.0-255,66,302178,44,337648
37322,0.020854,74.125.200.0-255,5738,307916,44,337648
37323,0.020863,172.31.46.0-255,66,307982,44,337648
37324,0.02317,74.125.200.0-255,5738,313720,44,337648
37325,0.023176,172.31.46.0-255,66,313786,44,337648
37326,0.025486,74.125.200.0-255,5738,319524,44,337648
37327,0.025493,172.31.46.0-255,66,319590,44,337648
37328,0.027813,74.125.200.0-255,5738,325328,44,337648
37329,0.027821,172.31.46.0-255,66,325394,44,337648
37330,0.030138,74.125.200.0-255,2823,328217,44,337648
37331,0.030149,172.31.46.0-255,66,328283,44,337648
37332,0.030375,172.31.46.0-255,105,328388,44,337648
37333,0.032634,74.125.200.0-255,66,328454,44,337648
37334,0.040502,172.31.46.0-255,176,328630,44,337648
37335,0.040539,172.31.46.0-255,1114,329744,44,337648
37336,0.040612,172.31.46.0-255,1514,331258,44,337648
37337,0.040633,172.31.46.0-255,1514,332772,44,337648
37338,0.040635,172.31.46.0-255,1514,334286,44,337648
37339,0.040654,172.31.46.0-255,1514,335800,44,337648
37340,0.040663,172.31.46.0-255,1514,337314,44,337648
37341,0.040664,172.31.46.0-255,70,337384,44,337648
37342,0.042095,104.244.42.0-255,66,337450,44,337648
37343,0.042105,104.244.42.0-255,66,337516,44,337648
37344,0.0422,104.244.42.0-255,66,337582,44,337648
37345,0.042247,104.244.42.0-255,66,337648,44,337648
37346,0.0,172.217.194.0-255,146,146,44,300048
37347,1.3e-05,172.31.46.0-255,66,212,44,300048
37348,3.7e-05,172.217.194.0-255,1484,1696,44,300048
37349,4.2e-05,172.31.46.0-255,66,1762,44,300048
37350,4.7e-05,172.217.194.0-255,2902,4664,44,300048
37351,5e-05,172.31.46.0-255,66,4730,44,300048
37352,5.6e-05,172.217.194.0-255,5738,10468,44,300048
37353,5.9e-05,172.31.46.0-255,66,10534,44,300048
37354,0.000102,172.31.46.0-255,66,10600,44,300048
37355,0.000136,172.217.194.0-255,6797,17397,44,300048
37356,0.000138,172.31.46.0-255,66,17463,44,300048
37357,0.00017,172.217.194.0-255,1484,18947,44,300048
37358,0.000172,172.31.46.0-255,66,19013,44,300048
37359,0.000175,172.217.194.0-255,1484,20497,44,300048
37360,0.000177,172.31.46.0-255,66,20563,44,300048
37361,0.000195,172.217.194.0-255,1484,22047,44,300048
37362,0.000197,172.31.46.0-255,66,22113,44,300048
37363,0.000207,172.217.194.0-255,5738,27851,44,300048
37364,0.000209,172.31.46.0-255,66,27917,44,300048
37365,0.000214,172.217.194.0-255,4320,32237,44,300048
37366,0.000216,172.31.46.0-255,66,32303,44,300048
37367,0.000243,172.217.194.0-255,2543,34846,44,300048
37368,0.000245,172.31.46.0-255,66,34912,44,300048
37369,0.00025,172.217.194.0-255,4320,39232,44,300048
37370,0.000251,172.31.46.0-255,66,39298,44,300048
37371,0.000292,172.31.46.0-255,66,39364,44,300048
37372,0.000296,172.217.194.0-255,2836,42200,44,300048
37373,0.000298,172.31.46.0-255,66,42266,44,300048
37374,0.0003,172.217.194.0-255,364,42630,44,300048
37375,0.000302,172.31.46.0-255,66,42696,44,300048
37376,0.00034,172.217.194.0-255,1484,44180,44,300048
37377,0.000367,172.217.194.0-255,4320,48500,44,300048
37378,0.000379,172.31.46.0-255,66,48566,44,300048
37379,0.000389,172.31.46.0-255,66,48632,44,300048
37380,0.000421,172.31.46.0-255,66,48698,44,300048
37381,0.000451,172.217.194.0-255,6797,55495,44,300048
37382,0.000454,172.31.46.0-255,66,55561,44,300048
37383,0.00046,172.217.194.0-255,3961,59522,44,300048
37384,0.000462,172.31.46.0-255,66,59588,44,300048
37385,0.00074,172.217.194.0-255,1484,61072,44,300048
37386,0.000747,172.217.194.0-255,2902,63974,44,300048
37387,0.000752,172.31.46.0-255,66,64040,44,300048
37388,0.000757,172.217.194.0-255,2902,66942,44,300048
37389,0.000759,172.31.46.0-255,66,67008,44,300048
37390,0.00079,172.217.194.0-255,2902,69910,44,300048
37391,0.000806,172.31.46.0-255,66,69976,44,300048
37392,0.000814,172.31.46.0-255,66,70042,44,300048
37393,0.000849,172.31.46.0-255,66,70108,44,300048
37394,0.001486,172.217.194.0-255,1484,71592,44,300048
37395,0.001491,172.217.194.0-255,1484,73076,44,300048
37396,0.001494,172.31.46.0-255,66,73142,44,300048
37397,0.001518,172.217.194.0-255,1484,74626,44,300048
37398,0.001524,172.217.194.0-255,5738,80364,44,300048
37399,0.001526,172.31.46.0-255,66,80430,44,300048
37400,0.001539,172.217.194.0-255,2902,83332,44,300048
37401,0.001545,172.31.46.0-255,66,83398,44,300048
37402,0.001588,172.31.46.0-255,66,83464,44,300048
37403,0.001604,172.31.46.0-255,66,83530,44,300048
37404,0.00193,172.217.194.0-255,1484,85014,44,300048
37405,0.001936,172.217.194.0-255,2902,87916,44,300048
37406,0.001939,172.31.46.0-255,66,87982,44,300048
37407,0.001981,172.217.194.0-255,5738,93720,44,300048
37408,0.001984,172.31.46.0-255,66,93786,44,300048
37409,0.001993,172.31.46.0-255,66,93852,44,300048
37410,0.002025,172.217.194.0-255,4320,98172,44,300048
37411,0.002027,172.31.46.0-255,66,98238,44,300048
37412,0.002038,172.31.46.0-255,66,98304,44,300048
37413,0.004095,172.217.194.0-255,5738,104042,44,300048
37414,0.004101,172.31.46.0-255,66,104108,44,300048
37415,0.006152,172.217.194.0-255,5738,109846,44,300048
37416,0.006155,172.31.46.0-255,66,109912,44,300048
37417,0.008225,172.217.194.0-255,5738,115650,44,300048
37418,0.008232,172.31.46.0-255,66,115716,44,300048
37419,0.010262,172.217.194.0-255,5738,121454,44,300048
37420,0.010269,172.31.46.0-255,66,121520,44,300048
37421,0.012315,172.217.194.0-255,5738,127258,44,300048
37422,0.012324,172.31.46.0-255,66,127324,44,300048
37423,0.014402,172.217.194.0-255,5738,133062,44,300048
37424,0.014409,172.31.46.0-255,66,133128,44,300048
37425,0.016457,172.217.194.0-255,5738,138866,44,300048
37426,0.016463,172.31.46.0-255,66,138932,44,300048
37427,0.018518,172.217.194.0-255,5738,144670,44,300048
37428,0.018526,172.31.46.0-255,66,144736,44,300048
37429,0.020594,172.217.194.0-255,5738,150474,44,300048
37430,0.0206,172.31.46.0-255,66,150540,44,300048
37431,0.022661,172.217.194.0-255,5738,156278,44,300048
37432,0.022669,172.31.46.0-255,66,156344,44,300048
37433,0.024743,172.217.194.0-255,5738,162082,44,300048
37434,0.024751,172.31.46.0-255,66,162148,44,300048
37435,0.026805,172.217.194.0-255,5738,167886,44,300048
37436,0.026814,172.31.46.0-255,66,167952,44,300048
37437,0.028866,172.217.194.0-255,5738,173690,44,300048
37438,0.028874,172.31.46.0-255,66,173756,44,300048
37439,0.030929,172.217.194.0-255,5738,179494,44,300048
37440,0.030936,172.31.46.0-255,66,179560,44,300048
37441,0.033006,172.217.194.0-255,5738,185298,44,300048
37442,0.033013,172.31.46.0-255,66,185364,44,300048
37443,0.03505,172.217.194.0-255,5738,191102,44,300048
37444,0.035058,172.31.46.0-255,66,191168,44,300048
37445,0.036725,172.31.46.0-255,172,191340,44,300048
37446,0.036758,172.31.46.0-255,1114,192454,44,300048
37447,0.036821,172.31.46.0-255,1514,193968,44,300048
37448,0.036824,172.31.46.0-255,1514,195482,44,300048
37449,0.036828,172.31.46.0-255,1514,196996,44,300048
37450,0.036829,172.31.46.0-255,1514,198510,44,300048
37451,0.036847,172.31.46.0-255,1514,200024,44,300048
37452,0.036849,172.31.46.0-255,70,200094,44,300048
37453,0.0371,172.217.194.0-255,5738,205832,44,300048
37454,0.037105,172.31.46.0-255,66,205898,44,300048
37455,0.038304,104.244.42.0-255,66,205964,44,300048
37456,0.038311,104.244.42.0-255,66,206030,44,300048
37457,0.038389,104.244.42.0-255,66,206096,44,300048
37458,0.038395,104.244.42.0-255,66,206162,44,300048
37459,0.039136,172.217.194.0-255,5738,211900,44,300048
37460,0.039141,172.31.46.0-255,66,211966,44,300048
37461,0.041182,172.217.194.0-255,5738,217704,44,300048
37462,0.041192,172.31.46.0-255,66,217770,44,300048
37463,0.043237,172.217.194.0-255,5738,223508,44,300048
37464,0.043243,172.31.46.0-255,66,223574,44,300048
37465,0.045287,172.217.194.0-255,5738,229312,44,300048
37466,0.045292,172.31.46.0-255,66,229378,44,300048
37467,0.047347,172.217.194.0-255,5738,235116,44,300048
37468,0.047357,172.31.46.0-255,66,235182,44,300048
37469,0.049403,172.217.194.0-255,5738,240920,44,300048
37470,0.049409,172.31.46.0-255,66,240986,44,300048
37471,0.051484,172.217.194.0-255,5738,246724,44,300048
37472,0.051491,172.31.46.0-255,66,246790,44,300048
37473,0.05356,172.217.194.0-255,5738,252528,44,300048
37474,0.053566,172.31.46.0-255,66,252594,44,300048
37475,0.055671,172.217.194.0-255,5738,258332,44,300048
37476,0.055678,172.31.46.0-255,66,258398,44,300048
37477,0.057735,172.217.194.0-255,5738,264136,44,300048
37478,0.05774,172.31.46.0-255,66,264202,44,300048
37479,0.059828,172.217.194.0-255,5738,269940,44,300048
37480,0.059835,172.31.46.0-255,66,270006,44,300048
37481,0.061933,172.217.194.0-255,5738,275744,44,300048
37482,0.06194,172.31.46.0-255,66,275810,44,300048
37483,0.063979,172.217.194.0-255,5738,281548,44,300048
37484,0.063984,172.31.46.0-255,66,281614,44,300048
37485,0.066052,172.217.194.0-255,5738,287352,44,300048
37486,0.066063,172.31.46.0-255,66,287418,44,300048
37487,0.06811,172.217.194.0-255,5738,293156,44,300048
37488,0.068115,172.31.46.0-255,66,293222,44,300048
37489,0.070159,172.217.194.0-255,5738,298960,44,300048
37490,0.070166,172.31.46.0-255,66,299026,44,300048
37491,0.072201,172.217.194.0-255,785,299811,44,300048
37492,0.072312,172.31.46.0-255,66,299877,44,300048
37493,0.072346,172.31.46.0-255,105,299982,44,300048
37494,0.074366,172.217.194.0-255,66,300048,44,300048
37495,0.0,74.125.24.0-255,153,153,44,315466
37496,2.3e-05,172.31.46.0-255,66,219,44,315466
37497,3e-05,74.125.24.0-255,1484,1703,44,315466
37498,3.4e-05,172.31.46.0-255,66,1769,44,315466
37499,4.1e-05,74.125.24.0-255,2902,4671,44,315466
37500,5.1e-05,172.31.46.0-255,66,4737,44,315466
37501,5.9e-05,74.125.24.0-255,7156,11893,44,315466
37502,6.2e-05,172.31.46.0-255,66,11959,44,315466
37503,0.0001,74.125.24.0-255,2082,14041,44,315466
37504,0.000103,172.31.46.0-255,66,14107,44,315466
37505,0.000109,74.125.24.0-255,2902,17009,44,315466
37506,0.000111,172.31.46.0-255,66,17075,44,315466
37507,0.000118,74.125.24.0-255,7156,24231,44,315466
37508,0.000121,172.31.46.0-255,66,24297,44,315466
37509,0.000159,74.125.24.0-255,6797,31094,44,315466
37510,0.000162,172.31.46.0-255,66,31160,44,315466
37511,0.000195,74.125.24.0-255,4320,35480,44,315466
37512,0.000198,172.31.46.0-255,66,35546,44,315466
37513,0.000231,74.125.24.0-255,5738,41284,44,315466
37514,0.000233,172.31.46.0-255,66,41350,44,315466
37515,0.000265,74.125.24.0-255,6797,48147,44,315466
37516,0.000281,172.31.46.0-255,66,48213,44,315466
37517,0.000706,74.125.24.0-255,1484,49697,44,315466
37518,0.000712,172.31.46.0-255,66,49763,44,315466
37519,0.000718,74.125.24.0-255,2902,52665,44,315466
37520,0.000721,172.31.46.0-255,66,52731,44,315466
37521,0.000732,74.125.24.0-255,5738,58469,44,315466
37522,0.000736,172.31.46.0-255,66,58535,44,315466
37523,0.000763,74.125.24.0-255,4320,62855,44,315466
37524,0.000768,172.31.46.0-255,66,62921,44,315466
37525,0.000788,74.125.24.0-255,3123,66044,44,315466
37526,0.000791,172.31.46.0-255,66,66110,44,315466
37527,0.00091,74.125.24.0-255,1484,67594,44,315466
37528,0.00093,74.125.24.0-255,2902,70496,44,315466
37529,0.000933,172.31.46.0-255,66,70562,44,315466
37530,0.000938,74.125.24.0-255,2902,73464,44,315466
37531,0.00094,172.31.46.0-255,66,73530,44,315466
37532,0.000965,74.125.24.0-255,2902,76432,44,315466
37533,0.000971,172.31.46.0-255,66,76498,44,315466
37534,0.000979,74.125.24.0-255,6797,83295,44,315466
37535,0.000981,172.31.46.0-255,66,83361,44,315466
37536,0.001026,74.125.24.0-255,7156,90517,44,315466
37537,0.001029,172.31.46.0-255,66,90583,44,315466
37538,0.001058,74.125.24.0-255,7156,97739,44,315466
37539,0.001061,172.31.46.0-255,66,97805,44,315466
37540,0.001065,74.125.24.0-255,2543,100348,44,315466
37541,0.001068,172.31.46.0-255,66,100414,44,315466
37542,0.001392,74.125.24.0-255,1484,101898,44,315466
37543,0.001441,74.125.24.0-255,2902,104800,44,315466
37544,0.001445,172.31.46.0-255,66,104866,44,315466
37545,0.001499,74.125.24.0-255,5738,110604,44,315466
37546,0.001501,172.31.46.0-255,66,110670,44,315466
37547,0.001505,74.125.24.0-255,1484,112154,44,315466
37548,0.001519,172.31.46.0-255,66,112220,44,315466
37549,0.001524,74.125.24.0-255,2902,115122,44,315466
37550,0.001526,172.31.46.0-255,66,115188,44,315466
37551,0.001561,74.125.24.0-255,4320,119508,44,315466
37552,0.001564,172.31.46.0-255,66,119574,44,315466
37553,0.001586,74.125.24.0-255,6438,126012,44,315466
37554,0.001588,172.31.46.0-255,66,126078,44,315466
37555,0.001669,74.125.24.0-255,1484,127562,44,315466
37556,0.001672,74.125.24.0-255,1484,129046,44,315466
37557,0.001675,172.31.46.0-255,66,129112,44,315466
37558,0.0017,74.125.24.0-255,1484,130596,44,315466
37559,0.001718,74.125.24.0-255,2902,133498,44,315466
37560,0.001721,172.31.46.0-255,66,133564,44,315466
37561,0.001748,74.125.24.0-255,2902,136466,44,315466
37562,0.00175,172.31.46.0-255,66,136532,44,315466
37563,0.001755,74.125.24.0-255,2902,139434,44,315466
37564,0.001757,172.31.46.0-255,66,139500,44,315466
37565,0.00176,74.125.24.0-255,1484,140984,44,315466
37566,0.001796,172.31.46.0-255,66,141050,44,315466
37567,0.0018,74.125.24.0-255,2902,143952,44,315466
37568,0.001802,172.31.46.0-255,66,144018,44,315466
37569,0.001852,172.31.46.0-255,66,144084,44,315466
37570,0.001874,74.125.24.0-255,1484,145568,44,315466
37571,0.001884,74.125.24.0-255,1484,147052,44,315466
37572,0.001887,172.31.46.0-255,66,147118,44,315466
37573,0.001913,74.125.24.0-255,1484,148602,44,315466
37574,0.00192,74.125.24.0-255,5738,154340,44,315466
37575,0.001926,74.125.24.0-255,4320,158660,44,315466
37576,0.001933,172.31.46.0-255,66,158726,44,315466
37577,0.00198,74.125.24.0-255,2902,161628,44,315466
37578,0.001984,172.31.46.0-255,66,161694,44,315466
37579,0.001989,172.31.46.0-255,66,161760,44,315466
37580,0.002057,74.125.24.0-255,2184,163944,44,315466
37581,0.002075,172.31.46.0-255,66,164010,44,315466
37582,0.002321,74.125.24.0-255,1484,165494,44,315466
37583,0.002327,74.125.24.0-255,2902,168396,44,315466
37584,0.002332,74.125.24.0-255,4320,172716,44,315466
37585,0.002338,172.31.46.0-255,66,172782,44,315466
37586,0.002352,74.125.24.0-255,5738,178520,44,315466
37587,0.002369,172.31.46.0-255,66,178586,44,315466
37588,0.002372,74.125.24.0-255,1484,180070,44,315466
37589,0.002524,74.125.24.0-255,1484,181554,44,315466
37590,0.002528,74.125.24.0-255,1484,183038,44,315466
37591,0.002545,74.125.24.0-255,1484,184522,44,315466
37592,0.002552,74.125.24.0-255,5738,190260,44,315466
37593,0.002571,74.125.24.0-255,5738,195998,44,315466
37594,0.002596,74.125.24.0-255,7156,203154,44,315466
37595,0.002636,74.125.24.0-255,5738,208892,44,315466
37596,0.002654,74.125.24.0-255,5020,213912,44,315466
37597,0.006484,172.31.46.0-255,66,213978,44,315466
37598,0.009163,74.125.24.0-255,5738,219716,44,315466
37599,0.009169,172.31.46.0-255,66,219782,44,315466
37600,0.011853,74.125.24.0-255,5738,225520,44,315466
37601,0.011863,172.31.46.0-255,66,225586,44,315466
37602,0.014556,74.125.24.0-255,5738,231324,44,315466
37603,0.014567,172.31.46.0-255,66,231390,44,315466
37604,0.017224,74.125.24.0-255,5738,237128,44,315466
37605,0.017231,172.31.46.0-255,66,237194,44,315466
37606,0.019875,74.125.24.0-255,5738,242932,44,315466
37607,0.019885,172.31.46.0-255,66,242998,44,315466
37608,0.022546,74.125.24.0-255,5738,248736,44,315466
37609,0.022557,172.31.46.0-255,66,248802,44,315466
37610,0.025216,74.125.24.0-255,5738,254540,44,315466
37611,0.025222,172.31.46.0-255,66,254606,44,315466
37612,0.027843,74.125.24.0-255,5738,260344,44,315466
37613,0.02785,172.31.46.0-255,66,260410,44,315466
37614,0.030539,74.125.24.0-255,5738,266148,44,315466
37615,0.030546,172.31.46.0-255,66,266214,44,315466
37616,0.030676,172.31.46.0-255,101,266315,44,315466
37617,0.033208,74.125.24.0-255,5738,272053,44,315466
37618,0.033216,172.31.46.0-255,66,272119,44,315466
37619,0.033302,74.125.24.0-255,66,272185,44,315466
37620,0.035892,74.125.24.0-255,5738,277923,44,315466
37621,0.035904,172.31.46.0-255,66,277989,44,315466
37622,0.03861,74.125.24.0-255,5738,283727,44,315466
37623,0.038628,172.31.46.0-255,66,283793,44,315466
37624,0.041292,74.125.24.0-255,5738,289531,44,315466
37625,0.041307,172.31.46.0-255,66,289597,44,315466
37626,0.042172,172.31.46.0-255,172,289769,44,315466
37627,0.042204,172.31.46.0-255,1114,290883,44,315466
37628,0.042276,172.31.46.0-255,1514,292397,44,315466
37629,0.042277,172.31.46.0-255,1514,293911,44,315466
37630,0.042283,172.31.46.0-255,1514,295425,44,315466
37631,0.042284,172.31.46.0-255,1514,296939,44,315466
37632,0.042301,172.31.46.0-255,1514,298453,44,315466
37633,0.042303,172.31.46.0-255,71,298524,44,315466
37634,0.043746,104.244.42.0-255,66,298590,44,315466
37635,0.043755,104.244.42.0-255,66,298656,44,315466
37636,0.043825,104.244.42.0-255,66,298722,44,315466
37637,0.04383,104.244.42.0-255,66,298788,44,315466
37638,0.044073,74.125.24.0-255,5738,304526,44,315466
37639,0.044078,172.31.46.0-255,66,304592,44,315466
37640,0.044506,104.244.42.0-255,108,304700,44,315466
37641,0.044514,172.31.46.0-255,66,304766,44,315466
37642,0.04674,74.125.24.0-255,5738,310504,44,315466
37643,0.046745,172.31.46.0-255,66,310570,44,315466
37644,0.049435,74.125.24.0-255,4659,315229,44,315466
37645,0.049442,172.31.46.0-255,66,315295,44,315466
37646,0.049623,172.31.46.0-255,105,315400,44,315466
37647,0.057881,74.125.24.0-255,66,315466,44,315466
37648,0.0,74.125.68.0-255,153,153,44,286183
37649,1.5e-05,172.31.46.0-255,66,219,44,286183
37650,2.1e-05,74.125.68.0-255,1484,1703,44,286183
37651,2.6e-05,172.31.46.0-255,66,1769,44,286183
37652,8.9e-05,74.125.68.0-255,2902,4671,44,286183
37653,9.2e-05,172.31.46.0-255,66,4737,44,286183
37654,9.6e-05,74.125.68.0-255,2902,7639,44,286183
37655,9.8e-05,172.31.46.0-255,66,7705,44,286183
37656,0.000104,74.125.68.0-255,4320,12025,44,286183
37657,0.000106,172.31.46.0-255,66,12091,44,286183
37658,0.00011,74.125.68.0-255,2005,14096,44,286183
37659,0.000114,172.31.46.0-255,66,14162,44,286183
37660,0.000391,74.125.68.0-255,1484,15646,44,286183
37661,0.000396,172.31.46.0-255,66,15712,44,286183
37662,0.000403,74.125.68.0-255,2902,18614,44,286183
37663,0.000406,172.31.46.0-255,66,18680,44,286183
37664,0.000433,74.125.68.0-255,1484,20164,44,286183
37665,0.000436,172.31.46.0-255,66,20230,44,286183
37666,0.000441,74.125.68.0-255,2902,23132,44,286183
37667,0.000444,172.31.46.0-255,66,23198,44,286183
37668,0.000468,74.125.68.0-255,2902,26100,44,286183
37669,0.00047,172.31.46.0-255,66,26166,44,286183
37670,0.000505,74.125.68.0-255,4320,30486,44,286183
37671,0.000508,172.31.46.0-255,66,30552,44,286183
37672,0.000511,74.125.68.0-255,1125,31677,44,286183
37673,0.000512,172.31.46.0-255,66,31743,44,286183
37674,0.001334,74.125.68.0-255,1484,33227,44,286183
37675,0.001341,172.31.46.0-255,66,33293,44,286183
37676,0.001374,74.125.68.0-255,2902,36195,44,286183
37677,0.001377,172.31.46.0-255,66,36261,44,286183
37678,0.001405,74.125.68.0-255,4320,40581,44,286183
37679,0.001407,172.31.46.0-255,66,40647,44,286183
37680,0.001419,172.31.46.0-255,66,40713,44,286183
37681,0.001424,74.125.68.0-255,2902,43615,44,286183
37682,0.001426,172.31.46.0-255,66,43681,44,286183
37683,0.001458,74.125.68.0-255,7156,50837,44,286183
37684,0.001461,172.31.46.0-255,66,50903,44,286183
37685,0.001467,74.125.68.0-255,5379,56282,44,286183
37686,0.001471,172.31.46.0-255,66,56348,44,286183
37687,0.003737,74.125.68.0-255,5738,62086,44,286183
37688,0.003742,172.31.46.0-255,66,62152,44,286183
37689,0.006027,74.125.68.0-255,5738,67890,44,286183
37690,0.006034,172.31.46.0-255,66,67956,44,286183
37691,0.008323,74.125.68.0-255,5738,73694,44,286183
37692,0.008333,172.31.46.0-255,66,73760,44,286183
37693,0.010616,74.125.68.0-255,5738,79498,44,286183
37694,0.010624,172.31.46.0-255,66,79564,44,286183
37695,0.012925,74.125.68.0-255,5738,85302,44,286183
37696,0.012932,172.31.46.0-255,66,85368,44,286183
37697,0.015223,74.125.68.0-255,5738,91106,44,286183
37698,0.015234,172.31.46.0-255,66,91172,44,286183
37699,0.017519,74.125.68.0-255,5738,96910,44,286183
37700,0.017527,172.31.46.0-255,66,96976,44,286183
37701,0.019843,74.125.68.0-255,5738,102714,44,286183
37702,0.019852,172.31.46.0-255,66,102780,44,286183
37703,0.022136,74.125.68.0-255,5738,108518,44,286183
37704,0.022147,172.31.46.0-255,66,108584,44,286183
37705,0.024444,74.125.68.0-255,5738,114322,44,286183
37706,0.024462,172.31.46.0-255,66,114388,44,286183
37707,0.026753,74.125.68.0-255,5738,120126,44,286183
37708,0.026767,172.31.46.0-255,66,120192,44,286183
37709,0.029052,74.125.68.0-255,5738,125930,44,286183
37710,0.029066,172.31.46.0-255,66,125996,44,286183
37711,0.031362,74.125.68.0-255,5738,131734,44,286183
37712,0.031373,172.31.46.0-255,66,131800,44,286183
37713,0.033501,172.31.46.0-255,164,131964,44,286183
37714,0.033534,172.31.46.0-255,1123,133087,44,286183
37715,0.033615,172.31.46.0-255,1514,134601,44,286183
37716,0.033617,172.31.46.0-255,1514,136115,44,286183
37717,0.033623,172.31.46.0-255,1514,137629,44,286183
37718,0.033624,172.31.46.0-255,1514,139143,44,286183
37719,0.033641,74.125.68.0-255,5738,144881,44,286183
37720,0.033647,172.31.46.0-255,66,144947,44,286183
37721,0.033677,172.31.46.0-255,1509,146456,44,286183
37722,0.035055,104.244.42.0-255,66,146522,44,286183
37723,0.035065,104.244.42.0-255,66,146588,44,286183
37724,0.035213,104.244.42.0-255,66,146654,44,286183
37725,0.03525,104.244.42.0-255,66,146720,44,286183
37726,0.035921,74.125.68.0-255,5738,152458,44,286183
37727,0.035931,172.31.46.0-255,66,152524,44,286183
37728,0.038221,74.125.68.0-255,5738,158262,44,286183
37729,0.038228,172.31.46.0-255,66,158328,44,286183
37730,0.040508,74.125.68.0-255,5738,164066,44,286183
37731,0.040517,172.31.46.0-255,66,164132,44,286183
37732,0.042809,74.125.68.0-255,5738,169870,44,286183
37733,0.042815,172.31.46.0-255,66,169936,44,286183
37734,0.04508,74.125.68.0-255,5738,175674,44,286183
37735,0.045088,172.31.46.0-255,66,175740,44,286183
37736,0.04736,74.125.68.0-255,5738,181478,44,286183
37737,0.047368,172.31.46.0-255,66,181544,44,286183
37738,0.049701,74.125.68.0-255,5738,187282,44,286183
37739,0.049713,172.31.46.0-255,66,187348,44,286183
37740,0.052,74.125.68.0-255,5738,193086,44,286183
37741,0.052009,172.31.46.0-255,66,193152,44,286183
37742,0.054281,74.125.68.0-255,5738,198890,44,286183
37743,0.054289,172.31.46.0-255,66,198956,44,286183
37744,0.056592,74.125.68.0-255,5738,204694,44,286183
37745,0.056606,172.31.46.0-255,66,204760,44,286183
37746,0.058907,74.125.68.0-255,5738,210498,44,286183
37747,0.058921,172.31.46.0-255,66,210564,44,286183
37748,0.06123,74.125.68.0-255,5738,216302,44,286183
37749,0.061242,172.31.46.0-255,66,216368,44,286183
37750,0.063531,74.125.68.0-255,5738,222106,44,286183
37751,0.063547,172.31.46.0-255,66,222172,44,286183
37752,0.06584,74.125.68.0-255,5738,227910,44,286183
37753,0.065856,172.31.46.0-255,66,227976,44,286183
37754,0.068148,74.125.68.0-255,5738,233714,44,286183
37755,0.068161,172.31.46.0-255,66,233780,44,286183
37756,0.070446,74.125.68.0-255,5738,239518,44,286183
37757,0.070461,172.31.46.0-255,66,239584,44,286183
37758,0.070648,172.31.46.0-255,101,239685,44,286183
37759,0.072745,74.125.68.0-255,5738,245423,44,286183
37760,0.072752,172.31.46.0-255,66,245489,44,286183
37761,0.072883,74.125.68.0-255,66,245555,44,286183
37762,0.075025,74.125.68.0-255,5738,251293,44,286183
37763,0.075034,172.31.46.0-255,66,251359,44,286183
37764,0.077312,74.125.68.0-255,5738,257097,44,286183
37765,0.077321,172.31.46.0-255,66,257163,44,286183
37766,0.079597,74.125.68.0-255,5738,262901,44,286183
37767,0.079606,172.31.46.0-255,66,262967,44,286183
37768,0.081889,74.125.68.0-255,5738,268705,44,286183
37769,0.0819,172.31.46.0-255,66,268771,44,286183
37770,0.084179,74.125.68.0-255,5738,274509,44,286183
37771,0.084189,172.31.46.0-255,66,274575,44,286183
37772,0.086468,74.125.68.0-255,5738,280313,44,286183
37773,0.086476,172.31.46.0-255,66,280379,44,286183
37774,0.088753,74.125.68.0-255,5738,286117,44,286183
37775,0.088761,172.31.46.0-255,66,286183,44,286183
37776,0.0,74.125.68.0-255,153,153,44,351710
37777,2.8e-05,172.31.46.0-255,66,219,44,351710
37778,3.6e-05,74.125.68.0-255,1484,1703,44,351710
37779,4e-05,172.31.46.0-255,66,1769,44,351710
37780,5.7e-05,74.125.68.0-255,2902,4671,44,351710
37781,6.1e-05,172.31.46.0-255,66,4737,44,351710
37782,7e-05,74.125.68.0-255,7156,11893,44,351710
37783,7.3e-05,172.31.46.0-255,66,11959,44,351710
37784,7.7e-05,74.125.68.0-255,2100,14059,44,351710
37785,8e-05,172.31.46.0-255,66,14125,44,351710
37786,0.000105,74.125.68.0-255,2902,17027,44,351710
37787,0.000108,172.31.46.0-255,66,17093,44,351710
37788,0.000133,74.125.68.0-255,4320,21413,44,351710
37789,0.000136,172.31.46.0-255,66,21479,44,351710
37790,0.000165,74.125.68.0-255,2902,24381,44,351710
37791,0.000168,172.31.46.0-255,66,24447,44,351710
37792,0.000191,74.125.68.0-255,6797,31244,44,351710
37793,0.000194,172.31.46.0-255,66,31310,44,351710
37794,0.000319,74.125.68.0-255,1484,32794,44,351710
37795,0.000323,172.31.46.0-255,66,32860,44,351710
37796,0.000327,74.125.68.0-255,1484,34344,44,351710
37797,0.000329,172.31.46.0-255,66,34410,44,351710
37798,0.000356,74.125.68.0-255,2902,37312,44,351710
37799,0.000359,172.31.46.0-255,66,37378,44,351710
37800,0.000366,74.125.68.0-255,5738,43116,44,351710
37801,0.000368,172.31.46.0-255,66,43182,44,351710
37802,0.000401,74.125.68.0-255,6797,49979,44,351710
37803,0.000404,172.31.46.0-255,66,50045,44,351710
37804,0.000413,74.125.68.0-255,7156,57201,44,351710
37805,0.000415,172.31.46.0-255,66,57267,44,351710
37806,0.000444,74.125.68.0-255,2902,60169,44,351710
37807,0.000446,172.31.46.0-255,66,60235,44,351710
37808,0.000467,74.125.68.0-255,5379,65614,44,351710
37809,0.000471,74.125.68.0-255,412,66026,44,351710
37810,0.000511,74.125.68.0-255,331,66357,44,351710
37811,0.000637,172.31.46.0-255,66,66423,44,351710
37812,0.000768,74.125.68.0-255,1484,67907,44,351710
37813,0.000784,74.125.68.0-255,2902,70809,44,351710
37814,0.000787,74.125.68.0-255,1484,72293,44,351710
37815,0.000793,172.31.46.0-255,66,72359,44,351710
37816,0.000809,74.125.68.0-255,2902,75261,44,351710
37817,0.00083,74.125.68.0-255,5738,80999,44,351710
37818,0.000843,74.125.68.0-255,4320,85319,44,351710
37819,0.00086,74.125.68.0-255,5738,91057,44,351710
37820,0.000863,172.31.46.0-255,66,91123,44,351710
37821,0.000868,172.31.46.0-255,66,91189,44,351710
37822,0.000905,74.125.68.0-255,5738,96927,44,351710
37823,0.000911,172.31.46.0-255,66,96993,44,351710
37824,0.00092,74.125.68.0-255,3602,100595,44,351710
37825,0.000942,172.31.46.0-255,66,100661,44,351710
37826,0.001008,74.125.68.0-255,1484,102145,44,351710
37827,0.001013,74.125.68.0-255,2902,105047,44,351710
37828,0.001016,172.31.46.0-255,66,105113,44,351710
37829,0.001046,74.125.68.0-255,5738,110851,44,351710
37830,0.001053,74.125.68.0-255,5738,116589,44,351710
37831,0.001067,74.125.68.0-255,1484,118073,44,351710
37832,0.00107,172.31.46.0-255,66,118139,44,351710
37833,0.001111,74.125.68.0-255,5738,123877,44,351710
37834,0.001117,172.31.46.0-255,66,123943,44,351710
37835,0.001126,74.125.68.0-255,2184,126127,44,351710
37836,0.001131,172.31.46.0-255,66,126193,44,351710
37837,0.001179,74.125.68.0-255,1484,127677,44,351710
37838,0.001184,74.125.68.0-255,2902,130579,44,351710
37839,0.001213,74.125.68.0-255,5738,136317,44,351710
37840,0.001235,74.125.68.0-255,7156,143473,44,351710
37841,0.001238,172.31.46.0-255,66,143539,44,351710
37842,0.001248,172.31.46.0-255,66,143605,44,351710
37843,0.001317,74.125.68.0-255,2184,145789,44,351710
37844,0.001325,172.31.46.0-255,66,145855,44,351710
37845,0.001331,172.31.46.0-255,66,145921,44,351710
37846,0.001415,74.125.68.0-255,1484,147405,44,351710
37847,0.00143,74.125.68.0-255,2902,150307,44,351710
37848,0.001438,172.31.46.0-255,66,150373,44,351710
37849,0.001493,74.125.68.0-255,4320,154693,44,351710
37850,0.0015,172.31.46.0-255,66,154759,44,351710
37851,0.001508,74.125.68.0-255,1484,156243,44,351710
37852,0.001513,74.125.68.0-255,4320,160563,44,351710
37853,0.001564,172.31.46.0-255,66,160629,44,351710
37854,0.001876,74.125.68.0-255,1484,162113,44,351710
37855,0.001881,74.125.68.0-255,2902,165015,44,351710
37856,0.001891,172.31.46.0-255,66,165081,44,351710
37857,0.001895,74.125.68.0-255,1484,166565,44,351710
37858,0.001914,74.125.68.0-255,4320,170885,44,351710
37859,0.001917,74.125.68.0-255,1484,172369,44,351710
37860,0.001927,74.125.68.0-255,1484,173853,44,351710
37861,0.001933,74.125.68.0-255,4320,178173,44,351710
37862,0.001936,74.125.68.0-255,1484,179657,44,351710
37863,0.001953,74.125.68.0-255,7156,186813,44,351710
37864,0.001959,172.31.46.0-255,66,186879,44,351710
37865,0.001998,172.31.46.0-255,66,186945,44,351710
37866,0.002153,74.125.68.0-255,1484,188429,44,351710
37867,0.002167,74.125.68.0-255,2902,191331,44,351710
37868,0.00217,172.31.46.0-255,66,191397,44,351710
37869,0.002204,74.125.68.0-255,5738,197135,44,351710
37870,0.002229,74.125.68.0-255,4320,201455,44,351710
37871,0.002236,172.31.46.0-255,66,201521,44,351710
37872,0.00227,74.125.68.0-255,1484,203005,44,351710
37873,0.002285,74.125.68.0-255,2902,205907,44,351710
37874,0.00231,74.125.68.0-255,6438,212345,44,351710
37875,0.002348,74.125.68.0-255,4320,216665,44,351710
37876,0.002369,74.125.68.0-255,2902,219567,44,351710
37877,0.002384,74.125.68.0-255,5738,225305,44,351710
37878,0.002403,74.125.68.0-255,5738,231043,44,351710
37879,0.00242,74.125.68.0-255,4320,235363,44,351710
37880,0.002438,74.125.68.0-255,2184,237547,44,351710
37881,0.002475,74.125.68.0-255,1484,239031,44,351710
37882,0.002496,74.125.68.0-255,2902,241933,44,351710
37883,0.002503,74.125.68.0-255,4320,246253,44,351710
37884,0.002514,74.125.68.0-255,1484,247737,44,351710
37885,0.002533,74.125.68.0-255,2902,250639,44,351710
37886,0.002539,74.125.68.0-255,4320,254959,44,351710
37887,0.01129,172.31.46.0-255,66,255025,44,351710
37888,0.012677,172.31.46.0-255,101,255126,44,351710
37889,0.01383,74.125.68.0-255,5738,260864,44,351710
37890,0.013842,172.31.46.0-255,66,260930,44,351710
37891,0.015169,74.125.68.0-255,66,260996,44,351710
37892,0.016365,74.125.68.0-255,5738,266734,44,351710
37893,0.016377,172.31.46.0-255,66,266800,44,351710
37894,0.018907,74.125.68.0-255,5738,272538,44,351710
37895,0.01892,172.31.46.0-255,66,272604,44,351710
37896,0.021508,74.125.68.0-255,5738,278342,44,351710
37897,0.02152,172.31.46.0-255,66,278408,44,351710
37898,0.024057,74.125.68.0-255,5738,284146,44,351710
37899,0.024073,172.31.46.0-255,66,284212,44,351710
37900,0.026602,74.125.68.0-255,5738,289950,44,351710
37901,0.026614,172.31.46.0-255,66,290016,44,351710
37902,0.029184,74.125.68.0-255,5738,295754,44,351710
37903,0.029218,172.31.46.0-255,66,295820,44,351710
37904,0.031742,74.125.68.0-255,5738,301558,44,351710
37905,0.031754,172.31.46.0-255,66,301624,44,351710
37906,0.034294,74.125.68.0-255,5738,307362,44,351710
37907,0.034321,172.31.46.0-255,66,307428,44,351710
37908,0.036899,74.125.68.0-255,5738,313166,44,351710
37909,0.036921,172.31.46.0-255,66,313232,44,351710
37910,0.039457,74.125.68.0-255,5738,318970,44,351710
37911,0.039473,172.31.46.0-255,66,319036,44,351710
37912,0.042005,74.125.68.0-255,5738,324774,44,351710
37913,0.042019,172.31.46.0-255,66,324840,44,351710
37914,0.044548,74.125.68.0-255,5738,330578,44,351710
37915,0.04456,172.31.46.0-255,66,330644,44,351710
37916,0.04709,74.125.68.0-255,5738,336382,44,351710
37917,0.047098,172.31.46.0-255,66,336448,44,351710
37918,0.049518,172.31.46.0-255,182,336630,44,351710
37919,0.049551,172.31.46.0-255,1114,337744,44,351710
37920,0.049611,74.125.68.0-255,5651,343395,44,351710
37921,0.049617,172.31.46.0-255,66,343461,44,351710
37922,0.049654,172.31.46.0-255,1514,344975,44,351710
37923,0.049656,172.31.46.0-255,1514,346489,44,351710
37924,0.049657,172.31.46.0-255,1514,348003,44,351710
37925,0.049662,172.31.46.0-255,1514,349517,44,351710
37926,0.049663,172.31.46.0-255,1514,351031,44,351710
37927,0.049664,172.31.46.0-255,70,351101,44,351710
37928,0.049847,172.31.46.0-255,105,351206,44,351710
37929,0.051078,104.244.42.0-255,66,351272,44,351710
37930,0.051118,104.244.42.0-255,66,351338,44,351710
37931,0.051207,104.244.42.0-255,66,351404,44,351710
37932,0.051213,104.244.42.0-255,66,351470,44,351710
37933,0.053235,104.244.42.0-255,108,351578,44,351710
37934,0.053252,172.31.46.0-255,66,351644,44,351710
37935,0.058174,74.125.68.0-255,66,351710,44,351710
37936,0.0,74.125.68.0-255,288,288,44,324251
37937,2.8e-05,172.31.46.0-255,66,354,44,324251
37938,3.5e-05,74.125.68.0-255,1484,1838,44,324251
37939,4.1e-05,172.31.46.0-255,66,1904,44,324251
37940,5.7e-05,74.125.68.0-255,4320,6224,44,324251
37941,6.1e-05,172.31.46.0-255,66,6290,44,324251
37942,6.4e-05,74.125.68.0-255,1484,7774,44,324251
37943,6.7e-05,172.31.46.0-255,66,7840,44,324251
37944,7.5e-05,74.125.68.0-255,2902,10742,44,324251
37945,7.9e-05,172.31.46.0-255,66,10808,44,324251
37946,8.4e-05,74.125.68.0-255,3332,14140,44,324251
37947,8.8e-05,172.31.46.0-255,66,14206,44,324251
37948,0.000124,74.125.68.0-255,1484,15690,44,324251
37949,0.000126,172.31.46.0-255,66,15756,44,324251
37950,0.000132,74.125.68.0-255,2902,18658,44,324251
37951,0.000134,172.31.46.0-255,66,18724,44,324251
37952,0.000138,74.125.68.0-255,1484,20208,44,324251
37953,0.00014,172.31.46.0-255,66,20274,44,324251
37954,0.000169,74.125.68.0-255,4320,24594,44,324251
37955,0.000172,172.31.46.0-255,66,24660,44,324251
37956,0.00018,74.125.68.0-255,6797,31457,44,324251
37957,0.000183,172.31.46.0-255,66,31523,44,324251
37958,0.00076,74.125.68.0-255,1484,33007,44,324251
37959,0.000767,172.31.46.0-255,66,33073,44,324251
37960,0.000774,74.125.68.0-255,2902,35975,44,324251
37961,0.000776,172.31.46.0-255,66,36041,44,324251
37962,0.000779,74.125.68.0-255,1484,37525,44,324251
37963,0.000786,172.31.46.0-255,66,37591,44,324251
37964,0.000824,74.125.68.0-255,2902,40493,44,324251
37965,0.000827,172.31.46.0-255,66,40559,44,324251
37966,0.00083,74.125.68.0-255,1484,42043,44,324251
37967,0.000832,172.31.46.0-255,66,42109,44,324251
37968,0.000865,74.125.68.0-255,1484,43593,44,324251
37969,0.000873,74.125.68.0-255,4320,47913,44,324251
37970,0.000875,172.31.46.0-255,66,47979,44,324251
37971,0.000878,74.125.68.0-255,1125,49104,44,324251
37972,0.000937,74.125.68.0-255,1484,50588,44,324251
37973,0.00094,172.31.46.0-255,66,50654,44,324251
37974,0.000946,74.125.68.0-255,2902,53556,44,324251
37975,0.000948,172.31.46.0-255,66,53622,44,324251
37976,0.000979,74.125.68.0-255,5738,59360,44,324251
37977,0.000984,172.31.46.0-255,66,59426,44,324251
37978,0.000988,74.125.68.0-255,2902,62328,44,324251
37979,0.00099,172.31.46.0-255,66,62394,44,324251
37980,0.001024,74.125.68.0-255,3961,66355,44,324251
37981,0.001027,172.31.46.0-255,66,66421,44,324251
37982,0.00103,74.125.68.0-255,360,66781,44,324251
37983,0.001033,74.125.68.0-255,414,67195,44,324251
37984,0.001286,172.31.46.0-255,66,67261,44,324251
37985,0.001469,74.125.68.0-255,1484,68745,44,324251
37986,0.001484,74.125.68.0-255,1484,70229,44,324251
37987,0.001489,172.31.46.0-255,66,70295,44,324251
37988,0.001516,74.125.68.0-255,2902,73197,44,324251
37989,0.001519,172.31.46.0-255,66,73263,44,324251
37990,0.001552,74.125.68.0-255,5738,79001,44,324251
37991,0.001555,172.31.46.0-255,66,79067,44,324251
37992,0.001558,74.125.68.0-255,1484,80551,44,324251
37993,0.001588,172.31.46.0-255,66,80617,44,324251
37994,0.001615,74.125.68.0-255,2902,83519,44,324251
37995,0.001617,172.31.46.0-255,66,83585,44,324251
37996,0.001638,74.125.68.0-255,4320,87905,44,324251
37997,0.00164,172.31.46.0-255,66,87971,44,324251
37998,0.001659,74.125.68.0-255,1484,89455,44,324251
37999,0.00168,74.125.68.0-255,2902,92357,44,324251
38000,0.001683,172.31.46.0-255,66,92423,44,324251
38001,0.001686,74.125.68.0-255,766,93189,44,324251
38002,0.001931,74.125.68.0-255,1484,94673,44,324251
38003,0.001936,172.31.46.0-255,66,94739,44,324251
38004,0.001978,74.125.68.0-255,1484,96223,44,324251
38005,0.00203,74.125.68.0-255,1484,97707,44,324251
38006,0.002033,172.31.46.0-255,66,97773,44,324251
38007,0.002038,74.125.68.0-255,1484,99257,44,324251
38008,0.002065,74.125.68.0-255,1484,100741,44,324251
38009,0.002068,172.31.46.0-255,66,100807,44,324251
38010,0.002072,74.125.68.0-255,1484,102291,44,324251
38011,0.002077,74.125.68.0-255,2902,105193,44,324251
38012,0.002079,172.31.46.0-255,66,105259,44,324251
38013,0.002086,74.125.68.0-255,4320,109579,44,324251
38014,0.002088,172.31.46.0-255,66,109645,44,324251
38015,0.002117,74.125.68.0-255,1484,111129,44,324251
38016,0.002133,172.31.46.0-255,66,111195,44,324251
38017,0.002211,74.125.68.0-255,4320,115515,44,324251
38018,0.002216,172.31.46.0-255,66,115581,44,324251
38019,0.002241,74.125.68.0-255,2184,117765,44,324251
38020,0.002244,172.31.46.0-255,66,117831,44,324251
38021,0.00258,74.125.68.0-255,1484,119315,44,324251
38022,0.004764,74.125.68.0-255,1484,120799,44,324251
38023,0.004774,172.31.46.0-255,66,120865,44,324251
38024,0.004809,74.125.68.0-255,2902,123767,44,324251
38025,0.004814,172.31.46.0-255,66,123833,44,324251
38026,0.007342,74.125.68.0-255,2902,126735,44,324251
38027,0.007355,172.31.46.0-255,66,126801,44,324251
38028,0.007387,74.125.68.0-255,2902,129703,44,324251
38029,0.007391,172.31.46.0-255,66,129769,44,324251
38030,0.00993,74.125.68.0-255,2902,132671,44,324251
38031,0.009949,172.31.46.0-255,66,132737,44,324251
38032,0.009982,74.125.68.0-255,2902,135639,44,324251
38033,0.009986,172.31.46.0-255,66,135705,44,324251
38034,0.012514,74.125.68.0-255,2902,138607,44,324251
38035,0.012525,172.31.46.0-255,66,138673,44,324251
38036,0.01256,74.125.68.0-255,2902,141575,44,324251
38037,0.012566,172.31.46.0-255,66,141641,44,324251
38038,0.015096,74.125.68.0-255,2902,144543,44,324251
38039,0.015114,172.31.46.0-255,66,144609,44,324251
38040,0.015152,74.125.68.0-255,2902,147511,44,324251
38041,0.015157,172.31.46.0-255,66,147577,44,324251
38042,0.017678,74.125.68.0-255,2902,150479,44,324251
38043,0.017724,172.31.46.0-255,66,150545,44,324251
38044,0.017769,74.125.68.0-255,2902,153447,44,324251
38045,0.017775,172.31.46.0-255,66,153513,44,324251
38046,0.020304,74.125.68.0-255,2902,156415,44,324251
38047,0.020338,172.31.46.0-255,66,156481,44,324251
38048,0.020372,74.125.68.0-255,2902,159383,44,324251
38049,0.020378,172.31.46.0-255,66,159449,44,324251
38050,0.022908,74.125.68.0-255,4320,163769,44,324251
38051,0.02292,172.31.46.0-255,66,163835,44,324251
38052,0.022953,74.125.68.0-255,1484,165319,44,324251
38053,0.02549,74.125.68.0-255,4320,169639,44,324251
38054,0.025501,172.31.46.0-255,66,169705,44,324251
38055,0.028059,74.125.68.0-255,5738,175443,44,324251
38056,0.02807,172.31.46.0-255,66,175509,44,324251
38057,0.029255,172.31.46.0-255,188,175697,44,324251
38058,0.029288,172.31.46.0-255,955,176652,44,324251
38059,0.02935,172.31.46.0-255,1514,178166,44,324251
38060,0.029352,172.31.46.0-255,1514,179680,44,324251
38061,0.029358,172.31.46.0-255,1514,181194,44,324251
38062,0.029359,172.31.46.0-255,1514,182708,44,324251
38063,0.029377,172.31.46.0-255,1514,184222,44,324251
38064,0.029378,172.31.46.0-255,229,184451,44,324251
38065,0.03064,74.125.68.0-255,5738,190189,44,324251
38066,0.030646,172.31.46.0-255,66,190255,44,324251
38067,0.030769,104.244.42.0-255,66,190321,44,324251
38068,0.030928,104.244.42.0-255,66,190387,44,324251
38069,0.030933,104.244.42.0-255,66,190453,44,324251
38070,0.030937,104.244.42.0-255,66,190519,44,324251
38071,0.032348,104.244.42.0-255,108,190627,44,324251
38072,0.032356,172.31.46.0-255,66,190693,44,324251
38073,0.033209,74.125.68.0-255,5738,196431,44,324251
38074,0.033214,172.31.46.0-255,66,196497,44,324251
38075,0.035782,74.125.68.0-255,5738,202235,44,324251
38076,0.035788,172.31.46.0-255,66,202301,44,324251
38077,0.038363,74.125.68.0-255,5738,208039,44,324251
38078,0.03837,172.31.46.0-255,66,208105,44,324251
38079,0.040931,74.125.68.0-255,5738,213843,44,324251
38080,0.040937,172.31.46.0-255,66,213909,44,324251
38081,0.043518,74.125.68.0-255,5738,219647,44,324251
38082,0.043524,172.31.46.0-255,66,219713,44,324251
38083,0.046082,74.125.68.0-255,5738,225451,44,324251
38084,0.046088,172.31.46.0-255,66,225517,44,324251
38085,0.04869,74.125.68.0-255,5738,231255,44,324251
38086,0.048697,172.31.46.0-255,66,231321,44,324251
38087,0.051258,74.125.68.0-255,5738,237059,44,324251
38088,0.051265,172.31.46.0-255,66,237125,44,324251
38089,0.053811,74.125.68.0-255,1484,238609,44,324251
38090,0.053831,74.125.68.0-255,4320,242929,44,324251
38091,0.053836,172.31.46.0-255,66,242995,44,324251
38092,0.056407,74.125.68.0-255,5738,248733,44,324251
38093,0.056413,172.31.46.0-255,66,248799,44,324251
38094,0.058976,74.125.68.0-255,5738,254537,44,324251
38095,0.058983,172.31.46.0-255,66,254603,44,324251
38096,0.061545,74.125.68.0-255,5738,260341,44,324251
38097,0.061552,172.31.46.0-255,66,260407,44,324251
38098,0.064137,74.125.68.0-255,5738,266145,44,324251
38099,0.064144,172.31.46.0-255,66,266211,44,324251
38100,0.066708,74.125.68.0-255,5738,271949,44,324251
38101,0.066715,172.31.46.0-255,66,272015,44,324251
38102,0.069276,74.125.68.0-255,5738,277753,44,324251
38103,0.069283,172.31.46.0-255,66,277819,44,324251
38104,0.071886,74.125.68.0-255,5738,283557,44,324251
38105,0.071896,172.31.46.0-255,66,283623,44,324251
38106,0.07446,74.125.68.0-255,5738,289361,44,324251
38107,0.074472,172.31.46.0-255,66,289427,44,324251
38108,0.07705,74.125.68.0-255,5738,295165,44,324251
38109,0.077058,172.31.46.0-255,66,295231,44,324251
38110,0.07963,74.125.68.0-255,5738,300969,44,324251
38111,0.079638,172.31.46.0-255,66,301035,44,324251
38112,0.082196,74.125.68.0-255,5738,306773,44,324251
38113,0.082203,172.31.46.0-255,66,306839,44,324251
38114,0.084816,74.125.68.0-255,5738,312577,44,324251
38115,0.084823,172.31.46.0-255,66,312643,44,324251
38116,0.087376,74.125.68.0-255,5738,318381,44,324251
38117,0.087384,172.31.46.0-255,66,318447,44,324251
38118,0.089939,74.125.68.0-255,5738,324185,44,324251
38119,0.089944,172.31.46.0-255,66,324251,44,324251
38120,0.0,172.217.194.0-255,292,292,44,348710
38121,1.4e-05,172.31.46.0-255,66,358,44,348710
38122,2e-05,172.217.194.0-255,1484,1842,44,348710
38123,2.4e-05,172.31.46.0-255,66,1908,44,348710
38124,3.1e-05,172.217.194.0-255,4320,6228,44,348710
38125,3.5e-05,172.31.46.0-255,66,6294,44,348710
38126,4.3e-05,172.217.194.0-255,7156,13450,44,348710
38127,4.6e-05,172.31.46.0-255,66,13516,44,348710
38128,0.000102,172.31.46.0-255,66,13582,44,348710
38129,0.000123,172.217.194.0-255,1844,15426,44,348710
38130,0.000126,172.31.46.0-255,66,15492,44,348710
38131,0.000129,172.217.194.0-255,1484,16976,44,348710
38132,0.000131,172.31.46.0-255,66,17042,44,348710
38133,0.000146,172.217.194.0-255,2543,19585,44,348710
38134,0.000149,172.31.46.0-255,66,19651,44,348710
38135,0.000153,172.217.194.0-255,2902,22553,44,348710
38136,0.000155,172.31.46.0-255,66,22619,44,348710
38137,0.000183,172.217.194.0-255,7156,29775,44,348710
38138,0.000185,172.31.46.0-255,66,29841,44,348710
38139,0.000189,172.217.194.0-255,2902,32743,44,348710
38140,0.000191,172.31.46.0-255,66,32809,44,348710
38141,0.000211,172.217.194.0-255,3961,36770,44,348710
38142,0.000214,172.31.46.0-255,66,36836,44,348710
38143,0.000462,172.217.194.0-255,1484,38320,44,348710
38144,0.000467,172.31.46.0-255,66,38386,44,348710
38145,0.000473,172.217.194.0-255,2902,41288,44,348710
38146,0.000475,172.31.46.0-255,66,41354,44,348710
38147,0.000482,172.217.194.0-255,5738,47092,44,348710
38148,0.000484,172.31.46.0-255,66,47158,44,348710
38149,0.000514,172.217.194.0-255,6797,53955,44,348710
38150,0.000517,172.31.46.0-255,66,54021,44,348710
38151,0.000535,172.217.194.0-255,648,54669,44,348710
38152,0.000549,172.217.194.0-255,1484,56153,44,348710
38153,0.000552,172.31.46.0-255,66,56219,44,348710
38154,0.000572,172.217.194.0-255,4320,60539,44,348710
38155,0.000576,172.31.46.0-255,66,60605,44,348710
38156,0.000604,172.31.46.0-255,66,60671,44,348710
38157,0.000615,172.31.46.0-255,66,60737,44,348710
38158,0.000667,172.217.194.0-255,5738,66475,44,348710
38159,0.000669,172.31.46.0-255,66,66541,44,348710
38160,0.000689,172.217.194.0-255,3602,70143,44,348710
38161,0.000691,172.31.46.0-255,66,70209,44,348710
38162,0.000697,172.217.194.0-255,4320,74529,44,348710
38163,0.000699,172.31.46.0-255,66,74595,44,348710
38164,0.000713,172.217.194.0-255,4320,78915,44,348710
38165,0.000715,172.31.46.0-255,66,78981,44,348710
38166,0.000729,172.217.194.0-255,1484,80465,44,348710
38167,0.000736,172.217.194.0-255,6128,86593,44,348710
38168,0.000739,172.31.46.0-255,66,86659,44,348710
38169,0.000859,172.217.194.0-255,1484,88143,44,348710
38170,0.000864,172.217.194.0-255,1484,89627,44,348710
38171,0.000867,172.31.46.0-255,66,89693,44,348710
38172,0.000881,172.217.194.0-255,1484,91177,44,348710
38173,0.000886,172.217.194.0-255,4320,95497,44,348710
38174,0.000895,172.31.46.0-255,66,95563,44,348710
38175,0.000899,172.217.194.0-255,1484,97047,44,348710
38176,0.000906,172.217.194.0-255,6924,103971,44,348710
38177,0.000908,172.31.46.0-255,66,104037,44,348710
38178,0.000974,172.217.194.0-255,1484,105521,44,348710
38179,0.000987,172.217.194.0-255,2902,108423,44,348710
38180,0.00099,172.31.46.0-255,66,108489,44,348710
38181,0.000995,172.217.194.0-255,2902,111391,44,348710
38182,0.000998,172.31.46.0-255,66,111457,44,348710
38183,0.001011,172.217.194.0-255,2902,114359,44,348710
38184,0.001014,172.31.46.0-255,66,114425,44,348710
38185,0.00102,172.217.194.0-255,5738,120163,44,348710
38186,0.001022,172.31.46.0-255,66,120229,44,348710
38187,0.001062,172.31.46.0-255,66,120295,44,348710
38188,0.001068,172.217.194.0-255,5020,125315,44,348710
38189,0.00107,172.31.46.0-255,66,125381,44,348710
38190,0.001101,172.31.46.0-255,101,125482,44,348710
38191,0.001353,172.217.194.0-255,1484,126966,44,348710
38192,0.001359,172.217.194.0-255,2902,129868,44,348710
38193,0.001361,172.31.46.0-255,66,129934,44,348710
38194,0.001384,172.217.194.0-255,5738,135672,44,348710
38195,0.001387,172.31.46.0-255,66,135738,44,348710
38196,0.001391,172.217.194.0-255,4320,140058,44,348710
38197,0.001393,172.31.46.0-255,66,140124,44,348710
38198,0.001407,172.217.194.0-255,2902,143026,44,348710
38199,0.001409,172.31.46.0-255,66,143092,44,348710
38200,0.00144,172.31.46.0-255,66,143158,44,348710
38201,0.001444,172.217.194.0-255,2184,145342,44,348710
38202,0.001446,172.31.46.0-255,66,145408,44,348710
38203,0.002083,172.217.194.0-255,1484,146892,44,348710
38204,0.002089,172.217.194.0-255,2902,149794,44,348710
38205,0.002091,172.31.46.0-255,66,149860,44,348710
38206,0.00211,172.217.194.0-255,5738,155598,44,348710
38207,0.002112,172.31.46.0-255,66,155664,44,348710
38208,0.002115,172.217.194.0-255,1484,157148,44,348710
38209,0.002135,172.217.194.0-255,5738,162886,44,348710
38210,0.002137,172.31.46.0-255,66,162952,44,348710
38211,0.002158,172.217.194.0-255,5738,168690,44,348710
38212,0.002161,172.31.46.0-255,66,168756,44,348710
38213,0.002163,172.217.194.0-255,1484,170240,44,348710
38214,0.003165,172.217.194.0-255,66,170306,44,348710
38215,0.004272,172.217.194.0-255,4320,174626,44,348710
38216,0.004279,172.31.46.0-255,66,174692,44,348710
38217,0.006384,172.217.194.0-255,5738,180430,44,348710
38218,0.006389,172.31.46.0-255,66,180496,44,348710
38219,0.008506,172.217.194.0-255,4320,184816,44,348710
38220,0.00851,172.31.46.0-255,66,184882,44,348710
38221,0.008528,172.217.194.0-255,1484,186366,44,348710
38222,0.010601,172.217.194.0-255,4320,190686,44,348710
38223,0.010609,172.31.46.0-255,66,190752,44,348710
38224,0.012724,172.217.194.0-255,5738,196490,44,348710
38225,0.012733,172.31.46.0-255,66,196556,44,348710
38226,0.014878,172.217.194.0-255,5738,202294,44,348710
38227,0.014885,172.31.46.0-255,66,202360,44,348710
38228,0.016989,172.217.194.0-255,5738,208098,44,348710
38229,0.016999,172.31.46.0-255,66,208164,44,348710
38230,0.019123,172.217.194.0-255,5738,213902,44,348710
38231,0.019133,172.31.46.0-255,66,213968,44,348710
38232,0.02128,172.217.194.0-255,5738,219706,44,348710
38233,0.021288,172.31.46.0-255,66,219772,44,348710
38234,0.023376,172.217.194.0-255,4320,224092,44,348710
38235,0.023383,172.31.46.0-255,66,224158,44,348710
38236,0.023402,172.217.194.0-255,1484,225642,44,348710
38237,0.025508,172.217.194.0-255,4320,229962,44,348710
38238,0.025517,172.31.46.0-255,66,230028,44,348710
38239,0.027651,172.217.194.0-255,5738,235766,44,348710
38240,0.027659,172.31.46.0-255,66,235832,44,348710
38241,0.029774,172.217.194.0-255,1484,237316,44,348710
38242,0.029805,172.217.194.0-255,4320,241636,44,348710
38243,0.02981,172.31.46.0-255,66,241702,44,348710
38244,0.031947,172.217.194.0-255,5738,247440,44,348710
38245,0.031956,172.31.46.0-255,66,247506,44,348710
38246,0.034071,172.217.194.0-255,5738,253244,44,348710
38247,0.034078,172.31.46.0-255,66,253310,44,348710
38248,0.036222,172.217.194.0-255,4320,257630,44,348710
38249,0.036231,172.31.46.0-255,66,257696,44,348710
38250,0.03625,172.217.194.0-255,1484,259180,44,348710
38251,0.038403,172.217.194.0-255,4320,263500,44,348710
38252,0.038417,172.31.46.0-255,66,263566,44,348710
38253,0.040559,172.217.194.0-255,5738,269304,44,348710
38254,0.040572,172.31.46.0-255,66,269370,44,348710
38255,0.042687,172.217.194.0-255,5738,275108,44,348710
38256,0.042701,172.31.46.0-255,66,275174,44,348710
38257,0.044816,172.217.194.0-255,5738,280912,44,348710
38258,0.044832,172.31.46.0-255,66,280978,44,348710
38259,0.047017,172.217.194.0-255,5738,286716,44,348710
38260,0.047025,172.31.46.0-255,66,286782,44,348710
38261,0.049161,172.217.194.0-255,5738,292520,44,348710
38262,0.049179,172.31.46.0-255,66,292586,44,348710
38263,0.051288,172.217.194.0-255,5738,298324,44,348710
38264,0.051295,172.31.46.0-255,66,298390,44,348710
38265,0.051757,172.31.46.0-255,172,298562,44,348710
38266,0.051786,172.31.46.0-255,1114,299676,44,348710
38267,0.051853,172.31.46.0-255,1514,301190,44,348710
38268,0.051855,172.31.46.0-255,1514,302704,44,348710
38269,0.051862,172.31.46.0-255,1514,304218,44,348710
38270,0.051863,172.31.46.0-255,1514,305732,44,348710
38271,0.05188,172.31.46.0-255,1514,307246,44,348710
38272,0.051881,172.31.46.0-255,70,307316,44,348710
38273,0.053322,104.244.42.0-255,66,307382,44,348710
38274,0.053329,104.244.42.0-255,66,307448,44,348710
38275,0.053398,172.217.194.0-255,5738,313186,44,348710
38276,0.053402,172.31.46.0-255,66,313252,44,348710
38277,0.05342,104.244.42.0-255,66,313318,44,348710
38278,0.053425,104.244.42.0-255,66,313384,44,348710
38279,0.055523,172.217.194.0-255,5738,319122,44,348710
38280,0.055541,172.31.46.0-255,66,319188,44,348710
38281,0.057684,172.217.194.0-255,5738,324926,44,348710
38282,0.057703,172.31.46.0-255,66,324992,44,348710
38283,0.059824,172.217.194.0-255,5738,330730,44,348710
38284,0.059836,172.31.46.0-255,66,330796,44,348710
38285,0.061983,172.217.194.0-255,5738,336534,44,348710
38286,0.062001,172.31.46.0-255,66,336600,44,348710
38287,0.064144,172.217.194.0-255,5738,342338,44,348710
38288,0.06416,172.31.46.0-255,66,342404,44,348710
38289,0.066319,172.217.194.0-255,5738,348142,44,348710
38290,0.066334,172.31.46.0-255,66,348208,44,348710
38291,0.068444,172.217.194.0-255,331,348539,44,348710
38292,0.068787,172.31.46.0-255,105,348644,44,348710
38293,0.075627,172.217.194.0-255,66,348710,44,348710
38294,0.0,74.125.24.0-255,146,146,44,301497
38295,2.2e-05,172.31.46.0-255,66,212,44,301497
38296,2.9e-05,74.125.24.0-255,1484,1696,44,301497
38297,3.3e-05,172.31.46.0-255,66,1762,44,301497
38298,3.9e-05,74.125.24.0-255,2902,4664,44,301497
38299,4.2e-05,172.31.46.0-255,66,4730,44,301497
38300,5.1e-05,74.125.24.0-255,7156,11886,44,301497
38301,5.4e-05,172.31.46.0-255,66,11952,44,301497
38302,5.7e-05,74.125.24.0-255,1484,13436,44,301497
38303,6e-05,172.31.46.0-255,66,13502,44,301497
38304,6.3e-05,74.125.24.0-255,628,14130,44,301497
38305,6.6e-05,172.31.46.0-255,66,14196,44,301497
38306,0.000394,74.125.24.0-255,1484,15680,44,301497
38307,0.0004,172.31.46.0-255,66,15746,44,301497
38308,0.000407,74.125.24.0-255,2902,18648,44,301497
38309,0.00041,172.31.46.0-255,66,18714,44,301497
38310,0.000416,74.125.24.0-255,4320,23034,44,301497
38311,0.000418,172.31.46.0-255,66,23100,44,301497
38312,0.000435,74.125.24.0-255,1484,24584,44,301497
38313,0.000438,172.31.46.0-255,66,24650,44,301497
38314,0.000441,74.125.24.0-255,1484,26134,44,301497
38315,0.000442,172.31.46.0-255,66,26200,44,301497
38316,0.000474,74.125.24.0-255,5379,31579,44,301497
38317,0.000477,172.31.46.0-255,66,31645,44,301497
38318,0.000484,74.125.24.0-255,7156,38801,44,301497
38319,0.000487,172.31.46.0-255,66,38867,44,301497
38320,0.000523,172.31.46.0-255,66,38933,44,301497
38321,0.00053,74.125.24.0-255,7156,46089,44,301497
38322,0.000532,172.31.46.0-255,66,46155,44,301497
38323,0.000545,74.125.24.0-255,2902,49057,44,301497
38324,0.000547,172.31.46.0-255,66,49123,44,301497
38325,0.000575,74.125.24.0-255,2902,52025,44,301497
38326,0.000577,172.31.46.0-255,66,52091,44,301497
38327,0.000592,74.125.24.0-255,4269,56360,44,301497
38328,0.000595,172.31.46.0-255,66,56426,44,301497
38329,0.000677,74.125.24.0-255,110,56536,44,301497
38330,0.0007,74.125.24.0-255,333,56869,44,301497
38331,0.000901,74.125.24.0-255,1484,58353,44,301497
38332,0.000905,74.125.24.0-255,2902,61255,44,301497
38333,0.000915,172.31.46.0-255,66,61321,44,301497
38334,0.000919,172.31.46.0-255,66,61387,44,301497
38335,0.000937,74.125.24.0-255,4320,65707,44,301497
38336,0.000939,172.31.46.0-255,66,65773,44,301497
38337,0.000959,74.125.24.0-255,1484,67257,44,301497
38338,0.000972,74.125.24.0-255,1484,68741,44,301497
38339,0.000998,172.31.46.0-255,66,68807,44,301497
38340,0.001029,74.125.24.0-255,5738,74545,44,301497
38341,0.001032,172.31.46.0-255,66,74611,44,301497
38342,0.001055,74.125.24.0-255,6438,81049,44,301497
38343,0.001058,172.31.46.0-255,66,81115,44,301497
38344,0.001072,172.31.46.0-255,66,81181,44,301497
38345,0.0011,172.31.46.0-255,66,81247,44,301497
38346,0.001675,74.125.24.0-255,1484,82731,44,301497
38347,0.001681,74.125.24.0-255,2902,85633,44,301497
38348,0.001685,172.31.46.0-255,66,85699,44,301497
38349,0.00171,74.125.24.0-255,5738,91437,44,301497
38350,0.001713,172.31.46.0-255,66,91503,44,301497
38351,0.001723,172.31.46.0-255,66,91569,44,301497
38352,0.00174,74.125.24.0-255,4320,95889,44,301497
38353,0.001742,172.31.46.0-255,66,95955,44,301497
38354,0.001748,74.125.24.0-255,5738,101693,44,301497
38355,0.00175,172.31.46.0-255,66,101759,44,301497
38356,0.001775,74.125.24.0-255,5020,106779,44,301497
38357,0.001777,172.31.46.0-255,66,106845,44,301497
38358,0.001826,74.125.24.0-255,1484,108329,44,301497
38359,0.001831,74.125.24.0-255,2902,111231,44,301497
38360,0.001834,172.31.46.0-255,66,111297,44,301497
38361,0.001861,74.125.24.0-255,5738,117035,44,301497
38362,0.001863,172.31.46.0-255,66,117101,44,301497
38363,0.001867,74.125.24.0-255,1484,118585,44,301497
38364,0.001897,172.31.46.0-255,66,118651,44,301497
38365,0.0019,74.125.24.0-255,1484,120135,44,301497
38366,0.001925,172.31.46.0-255,66,120201,44,301497
38367,0.002157,74.125.24.0-255,1484,121685,44,301497
38368,0.002162,74.125.24.0-255,2902,124587,44,301497
38369,0.002168,172.31.46.0-255,66,124653,44,301497
38370,0.002189,74.125.24.0-255,4320,128973,44,301497
38371,0.002192,172.31.46.0-255,66,129039,44,301497
38372,0.002213,74.125.24.0-255,1484,130523,44,301497
38373,0.00222,74.125.24.0-255,5738,136261,44,301497
38374,0.002222,172.31.46.0-255,66,136327,44,301497
38375,0.002257,172.31.46.0-255,66,136393,44,301497
38376,0.002284,74.125.24.0-255,5020,141413,44,301497
38377,0.002286,172.31.46.0-255,66,141479,44,301497
38378,0.002311,74.125.24.0-255,5738,147217,44,301497
38379,0.002319,172.31.46.0-255,66,147283,44,301497
38380,0.002333,74.125.24.0-255,7156,154439,44,301497
38381,0.002359,74.125.24.0-255,7156,161595,44,301497
38382,0.002368,172.31.46.0-255,66,161661,44,301497
38383,0.002371,74.125.24.0-255,1484,163145,44,301497
38384,0.002376,74.125.24.0-255,4320,167465,44,301497
38385,0.002428,74.125.24.0-255,1484,168949,44,301497
38386,0.002445,74.125.24.0-255,2902,171851,44,301497
38387,0.002493,74.125.24.0-255,5738,177589,44,301497
38388,0.008258,172.31.46.0-255,66,177655,44,301497
38389,0.008267,172.31.46.0-255,66,177721,44,301497
38390,0.008369,172.31.46.0-255,66,177787,44,301497
38391,0.010806,74.125.24.0-255,5738,183525,44,301497
38392,0.01082,172.31.46.0-255,66,183591,44,301497
38393,0.013221,74.125.24.0-255,5738,189329,44,301497
38394,0.013233,172.31.46.0-255,66,189395,44,301497
38395,0.015626,74.125.24.0-255,5738,195133,44,301497
38396,0.015637,172.31.46.0-255,66,195199,44,301497
38397,0.018041,74.125.24.0-255,5738,200937,44,301497
38398,0.018054,172.31.46.0-255,66,201003,44,301497
38399,0.020438,74.125.24.0-255,5738,206741,44,301497
38400,0.020451,172.31.46.0-255,66,206807,44,301497
38401,0.022881,74.125.24.0-255,5738,212545,44,301497
38402,0.022893,172.31.46.0-255,66,212611,44,301497
38403,0.025282,74.125.24.0-255,5738,218349,44,301497
38404,0.025294,172.31.46.0-255,66,218415,44,301497
38405,0.027716,74.125.24.0-255,5738,224153,44,301497
38406,0.027728,172.31.46.0-255,66,224219,44,301497
38407,0.030115,74.125.24.0-255,5738,229957,44,301497
38408,0.030127,172.31.46.0-255,66,230023,44,301497
38409,0.032528,74.125.24.0-255,5738,235761,44,301497
38410,0.032541,172.31.46.0-255,66,235827,44,301497
38411,0.03493,74.125.24.0-255,5738,241565,44,301497
38412,0.034941,172.31.46.0-255,66,241631,44,301497
38413,0.037362,74.125.24.0-255,5738,247369,44,301497
38414,0.037373,172.31.46.0-255,66,247435,44,301497
38415,0.038848,172.31.46.0-255,188,247623,44,301497
38416,0.038877,172.31.46.0-255,955,248578,44,301497
38417,0.038944,172.31.46.0-255,1514,250092,44,301497
38418,0.038946,172.31.46.0-255,1514,251606,44,301497
38419,0.038952,172.31.46.0-255,1514,253120,44,301497
38420,0.038953,172.31.46.0-255,1514,254634,44,301497
38421,0.038971,172.31.46.0-255,1514,256148,44,301497
38422,0.038972,172.31.46.0-255,230,256378,44,301497
38423,0.039781,74.125.24.0-255,5738,262116,44,301497
38424,0.039789,172.31.46.0-255,66,262182,44,301497
38425,0.04042,104.244.42.0-255,66,262248,44,301497
38426,0.04043,104.244.42.0-255,66,262314,44,301497
38427,0.04053,104.244.42.0-255,66,262380,44,301497
38428,0.040537,104.244.42.0-255,66,262446,44,301497
38429,0.042253,74.125.24.0-255,5738,268184,44,301497
38430,0.042263,172.31.46.0-255,66,268250,44,301497
38431,0.043413,104.244.42.0-255,108,268358,44,301497
38432,0.043422,172.31.46.0-255,66,268424,44,301497
38433,0.044694,74.125.24.0-255,5738,274162,44,301497
38434,0.044704,172.31.46.0-255,66,274228,44,301497
38435,0.047141,74.125.24.0-255,5738,279966,44,301497
38436,0.047148,172.31.46.0-255,66,280032,44,301497
38437,0.049558,74.125.24.0-255,4320,284352,44,301497
38438,0.049566,172.31.46.0-255,66,284418,44,301497
38439,0.049586,74.125.24.0-255,1484,285902,44,301497
38440,0.051986,74.125.24.0-255,4320,290222,44,301497
38441,0.051993,172.31.46.0-255,66,290288,44,301497
38442,0.054409,74.125.24.0-255,5738,296026,44,301497
38443,0.054417,172.31.46.0-255,66,296092,44,301497
38444,0.056804,74.125.24.0-255,5168,301260,44,301497
38445,0.056811,172.31.46.0-255,66,301326,44,301497
38446,0.057024,172.31.46.0-255,105,301431,44,301497
38447,0.059358,74.125.24.0-255,66,301497,44,301497
38448,0.0,172.217.194.0-255,152,152,44,183653
38449,3.9e-05,172.31.46.0-255,66,218,44,183653
38450,4.7e-05,172.217.194.0-255,1484,1702,44,183653
38451,5.2e-05,172.31.46.0-255,66,1768,44,183653
38452,5.6e-05,172.217.194.0-255,2902,4670,44,183653
38453,5.9e-05,172.31.46.0-255,66,4736,44,183653
38454,7.4e-05,172.217.194.0-255,7156,11892,44,183653
38455,7.7e-05,172.31.46.0-255,66,11958,44,183653
38456,0.00011,172.217.194.0-255,1941,13899,44,183653
38457,0.000113,172.31.46.0-255,66,13965,44,183653
38458,0.000119,172.217.194.0-255,2902,16867,44,183653
38459,0.000123,172.31.46.0-255,66,16933,44,183653
38460,0.000135,172.217.194.0-255,7156,24089,44,183653
38461,0.000138,172.31.46.0-255,66,24155,44,183653
38462,0.000144,172.217.194.0-255,5738,29893,44,183653
38463,0.000146,172.31.46.0-255,66,29959,44,183653
38464,0.000177,172.217.194.0-255,1125,31084,44,183653
38465,0.00018,172.31.46.0-255,66,31150,44,183653
38466,0.000202,172.31.46.0-255,66,31216,44,183653
38467,0.000205,172.217.194.0-255,1125,32341,44,183653
38468,0.000208,172.31.46.0-255,66,32407,44,183653
38469,0.000413,172.217.194.0-255,1484,33891,44,183653
38470,0.000418,172.31.46.0-255,66,33957,44,183653
38471,0.000423,172.217.194.0-255,2902,36859,44,183653
38472,0.000426,172.31.46.0-255,66,36925,44,183653
38473,0.000433,172.217.194.0-255,5738,42663,44,183653
38474,0.000442,172.31.46.0-255,66,42729,44,183653
38475,0.000447,172.217.194.0-255,2902,45631,44,183653
38476,0.00045,172.31.46.0-255,66,45697,44,183653
38477,0.000484,172.217.194.0-255,4277,49974,44,183653
38478,0.000489,172.31.46.0-255,66,50040,44,183653
38479,0.000492,172.217.194.0-255,364,50404,44,183653
38480,0.000571,172.217.194.0-255,1484,51888,44,183653
38481,0.000574,172.31.46.0-255,66,51954,44,183653
38482,0.000578,172.217.194.0-255,1484,53438,44,183653
38483,0.000605,172.217.194.0-255,1484,54922,44,183653
38484,0.000612,172.217.194.0-255,5738,60660,44,183653
38485,0.000617,172.31.46.0-255,66,60726,44,183653
38486,0.000646,172.217.194.0-255,2902,63628,44,183653
38487,0.000654,172.31.46.0-255,66,63694,44,183653
38488,0.000682,172.31.46.0-255,66,63760,44,183653
38489,0.000697,172.31.46.0-255,66,63826,44,183653
38490,0.000811,172.217.194.0-255,1484,65310,44,183653
38491,0.000815,172.217.194.0-255,1484,66794,44,183653
38492,0.000818,172.31.46.0-255,66,66860,44,183653
38493,0.000847,172.217.194.0-255,1484,68344,44,183653
38494,0.000854,172.217.194.0-255,5738,74082,44,183653
38495,0.000864,172.31.46.0-255,66,74148,44,183653
38496,0.00089,172.217.194.0-255,1484,75632,44,183653
38497,0.000894,172.217.194.0-255,2902,78534,44,183653
38498,0.000905,172.31.46.0-255,66,78600,44,183653
38499,0.000915,172.217.194.0-255,5738,84338,44,183653
38500,0.000921,172.31.46.0-255,66,84404,44,183653
38501,0.000953,172.31.46.0-255,66,84470,44,183653
38502,0.000956,172.217.194.0-255,766,85236,44,183653
38503,0.001039,172.217.194.0-255,1484,86720,44,183653
38504,0.001047,172.31.46.0-255,66,86786,44,183653
38505,0.001073,172.217.194.0-255,2902,89688,44,183653
38506,0.00108,172.217.194.0-255,5738,95426,44,183653
38507,0.001086,172.31.46.0-255,66,95492,44,183653
38508,0.001153,172.31.46.0-255,66,95558,44,183653
38509,0.001171,172.217.194.0-255,4320,99878,44,183653
38510,0.001181,172.31.46.0-255,66,99944,44,183653
38511,0.001186,172.31.46.0-255,66,100010,44,183653
38512,0.001218,172.217.194.0-255,1484,101494,44,183653
38513,0.001224,172.217.194.0-255,2902,104396,44,183653
38514,0.00123,172.31.46.0-255,66,104462,44,183653
38515,0.001251,172.217.194.0-255,5738,110200,44,183653
38516,0.001257,172.31.46.0-255,66,110266,44,183653
38517,0.001258,172.217.194.0-255,7156,117422,44,183653
38518,0.001271,172.31.46.0-255,66,117488,44,183653
38519,0.001292,172.217.194.0-255,5738,123226,44,183653
38520,0.001298,172.31.46.0-255,66,123292,44,183653
38521,0.001312,172.217.194.0-255,2184,125476,44,183653
38522,0.001312,172.31.46.0-255,66,125542,44,183653
38523,0.00132,172.31.46.0-255,66,125608,44,183653
38524,0.001355,172.217.194.0-255,2902,128510,44,183653
38525,0.001369,172.31.46.0-255,66,128576,44,183653
38526,0.00138,172.217.194.0-255,4320,132896,44,183653
38527,0.001387,172.31.46.0-255,66,132962,44,183653
38528,0.0014,172.31.46.0-255,66,133028,44,183653
38529,0.001417,172.217.194.0-255,4320,137348,44,183653
38530,0.001436,172.31.46.0-255,66,137414,44,183653
38531,0.00147,172.217.194.0-255,7156,144570,44,183653
38532,0.001473,172.31.46.0-255,66,144636,44,183653
38533,0.001564,172.217.194.0-255,7156,151792,44,183653
38534,0.001568,172.31.46.0-255,66,151858,44,183653
38535,0.001605,172.31.46.0-255,66,151924,44,183653
38536,0.001618,172.31.46.0-255,66,151990,44,183653
38537,0.001626,172.217.194.0-255,3602,155592,44,183653
38538,0.001631,172.31.46.0-255,66,155658,44,183653
38539,0.001689,172.217.194.0-255,1484,157142,44,183653
38540,0.001693,172.217.194.0-255,1484,158626,44,183653
38541,0.001703,172.31.46.0-255,66,158692,44,183653
38542,0.001723,172.217.194.0-255,1484,160176,44,183653
38543,0.001729,172.217.194.0-255,5738,165914,44,183653
38544,0.001747,172.31.46.0-255,66,165980,44,183653
38545,0.00176,172.217.194.0-255,4320,170300,44,183653
38546,0.001771,172.31.46.0-255,66,170366,44,183653
38547,0.001787,172.31.46.0-255,66,170432,44,183653
38548,0.001864,172.217.194.0-255,2902,173334,44,183653
38549,0.001868,172.31.46.0-255,66,173400,44,183653
38550,0.001873,172.31.46.0-255,66,173466,44,183653
38551,0.001926,172.217.194.0-255,105,173571,44,183653
38552,0.001928,172.217.194.0-255,129,173700,44,183653
38553,0.001936,172.31.46.0-255,66,173766,44,183653
38554,0.003627,172.31.46.0-255,105,173871,44,183653
38555,0.003657,172.31.46.0-255,105,173976,44,183653
38556,0.003894,172.31.46.0-255,90,174066,44,183653
38557,0.003905,172.31.46.0-255,66,174132,44,183653
38558,0.00617,172.217.194.0-255,66,174198,44,183653
38559,0.006183,172.217.194.0-255,66,174264,44,183653
38560,0.006392,172.217.194.0-255,66,174330,44,183653
38561,0.006508,172.217.194.0-255,66,174396,44,183653
38562,0.006517,172.31.46.0-255,66,174462,44,183653
38563,0.038861,172.31.46.0-255,172,174634,44,183653
38564,0.038887,172.31.46.0-255,1113,175747,44,183653
38565,0.038962,172.31.46.0-255,1514,177261,44,183653
38566,0.038963,172.31.46.0-255,1514,178775,44,183653
38567,0.038969,172.31.46.0-255,1514,180289,44,183653
38568,0.03897,172.31.46.0-255,1514,181803,44,183653
38569,0.038992,172.31.46.0-255,1514,183317,44,183653
38570,0.038992,172.31.46.0-255,72,183389,44,183653
38571,0.040403,104.244.42.0-255,66,183455,44,183653
38572,0.040455,104.244.42.0-255,66,183521,44,183653
38573,0.040502,104.244.42.0-255,66,183587,44,183653
38574,0.0406,104.244.42.0-255,66,183653,44,183653
38575,0.0,74.125.68.0-255,147,147,44,348508
38576,2.8e-05,172.31.46.0-255,66,213,44,348508
38577,3.6e-05,74.125.68.0-255,1484,1697,44,348508
38578,4.2e-05,172.31.46.0-255,66,1763,44,348508
38579,5.6e-05,74.125.68.0-255,2902,4665,44,348508
38580,5.9e-05,172.31.46.0-255,66,4731,44,348508
38581,6.8e-05,74.125.68.0-255,7156,11887,44,348508
38582,7.2e-05,172.31.46.0-255,66,11953,44,348508
38583,9.4e-05,74.125.68.0-255,2093,14046,44,348508
38584,9.7e-05,172.31.46.0-255,66,14112,44,348508
38585,0.000186,74.125.68.0-255,1484,15596,44,348508
38586,0.000189,172.31.46.0-255,66,15662,44,348508
38587,0.000214,74.125.68.0-255,2902,18564,44,348508
38588,0.000216,172.31.46.0-255,66,18630,44,348508
38589,0.000219,74.125.68.0-255,1484,20114,44,348508
38590,0.000221,172.31.46.0-255,66,20180,44,348508
38591,0.000251,74.125.68.0-255,4320,24500,44,348508
38592,0.000254,172.31.46.0-255,66,24566,44,348508
38593,0.000259,74.125.68.0-255,2902,27468,44,348508
38594,0.000261,172.31.46.0-255,66,27534,44,348508
38595,0.000267,74.125.68.0-255,3961,31495,44,348508
38596,0.000269,172.31.46.0-255,66,31561,44,348508
38597,0.000387,74.125.68.0-255,1484,33045,44,348508
38598,0.000392,172.31.46.0-255,66,33111,44,348508
38599,0.000413,74.125.68.0-255,1484,34595,44,348508
38600,0.000416,172.31.46.0-255,66,34661,44,348508
38601,0.000442,74.125.68.0-255,2902,37563,44,348508
38602,0.000446,172.31.46.0-255,66,37629,44,348508
38603,0.000451,74.125.68.0-255,2902,40531,44,348508
38604,0.000454,172.31.46.0-255,66,40597,44,348508
38605,0.00048,74.125.68.0-255,2902,43499,44,348508
38606,0.000483,172.31.46.0-255,66,43565,44,348508
38607,0.000489,74.125.68.0-255,5379,48944,44,348508
38608,0.000492,172.31.46.0-255,66,49010,44,348508
38609,0.000618,74.125.68.0-255,1484,50494,44,348508
38610,0.000635,74.125.68.0-255,2902,53396,44,348508
38611,0.000639,172.31.46.0-255,66,53462,44,348508
38612,0.000642,74.125.68.0-255,1484,54946,44,348508
38613,0.00067,74.125.68.0-255,2902,57848,44,348508
38614,0.000673,172.31.46.0-255,66,57914,44,348508
38615,0.000681,74.125.68.0-255,5738,63652,44,348508
38616,0.000683,172.31.46.0-255,66,63718,44,348508
38617,0.000693,74.125.68.0-255,2872,66590,44,348508
38618,0.000696,172.31.46.0-255,66,66656,44,348508
38619,0.000846,74.125.68.0-255,348,67004,44,348508
38620,0.001032,74.125.68.0-255,1484,68488,44,348508
38621,0.001037,172.31.46.0-255,66,68554,44,348508
38622,0.001046,74.125.68.0-255,1484,70038,44,348508
38623,0.001054,74.125.68.0-255,2902,72940,44,348508
38624,0.001057,172.31.46.0-255,66,73006,44,348508
38625,0.001089,74.125.68.0-255,5738,78744,44,348508
38626,0.001092,172.31.46.0-255,66,78810,44,348508
38627,0.001115,74.125.68.0-255,1484,80294,44,348508
38628,0.001132,74.125.68.0-255,3961,84255,44,348508
38629,0.001135,172.31.46.0-255,66,84321,44,348508
38630,0.001158,74.125.68.0-255,1484,85805,44,348508
38631,0.001175,74.125.68.0-255,1484,87289,44,348508
38632,0.001178,172.31.46.0-255,66,87355,44,348508
38633,0.0012,74.125.68.0-255,1484,88839,44,348508
38634,0.001207,74.125.68.0-255,5738,94577,44,348508
38635,0.00121,172.31.46.0-255,66,94643,44,348508
38636,0.001218,74.125.68.0-255,6797,101440,44,348508
38637,0.00122,172.31.46.0-255,66,101506,44,348508
38638,0.001374,172.31.46.0-255,101,101607,44,348508
38639,0.001864,74.125.68.0-255,1484,103091,44,348508
38640,0.001889,74.125.68.0-255,1484,104575,44,348508
38641,0.001893,172.31.46.0-255,66,104641,44,348508
38642,0.001911,74.125.68.0-255,1484,106125,44,348508
38643,0.001918,74.125.68.0-255,5738,111863,44,348508
38644,0.001921,172.31.46.0-255,66,111929,44,348508
38645,0.001924,74.125.68.0-255,1484,113413,44,348508
38646,0.00195,74.125.68.0-255,5738,119151,44,348508
38647,0.001953,172.31.46.0-255,66,119217,44,348508
38648,0.001964,172.31.46.0-255,66,119283,44,348508
38649,0.001968,74.125.68.0-255,2902,122185,44,348508
38650,0.001971,172.31.46.0-255,66,122251,44,348508
38651,0.001993,74.125.68.0-255,5020,127271,44,348508
38652,0.001996,172.31.46.0-255,66,127337,44,348508
38653,0.002435,74.125.68.0-255,1484,128821,44,348508
38654,0.002447,74.125.68.0-255,2902,131723,44,348508
38655,0.002451,172.31.46.0-255,66,131789,44,348508
38656,0.002458,74.125.68.0-255,2902,134691,44,348508
38657,0.00246,172.31.46.0-255,66,134757,44,348508
38658,0.002494,74.125.68.0-255,1484,136241,44,348508
38659,0.002501,74.125.68.0-255,5738,141979,44,348508
38660,0.002504,172.31.46.0-255,66,142045,44,348508
38661,0.002522,172.31.46.0-255,66,142111,44,348508
38662,0.002528,74.125.68.0-255,4320,146431,44,348508
38663,0.00253,172.31.46.0-255,66,146497,44,348508
38664,0.002566,74.125.68.0-255,3602,150099,44,348508
38665,0.002569,172.31.46.0-255,66,150165,44,348508
38666,0.003915,74.125.68.0-255,66,150231,44,348508
38667,0.005072,74.125.68.0-255,1484,151715,44,348508
38668,0.005118,74.125.68.0-255,2902,154617,44,348508
38669,0.00513,172.31.46.0-255,66,154683,44,348508
38670,0.005156,74.125.68.0-255,1484,156167,44,348508
38671,0.007682,74.125.68.0-255,4320,160487,44,348508
38672,0.007689,172.31.46.0-255,66,160553,44,348508
38673,0.010259,74.125.68.0-255,5738,166291,44,348508
38674,0.010277,172.31.46.0-255,66,166357,44,348508
38675,0.012838,74.125.68.0-255,5738,172095,44,348508
38676,0.012856,172.31.46.0-255,66,172161,44,348508
38677,0.015425,74.125.68.0-255,5738,177899,44,348508
38678,0.015443,172.31.46.0-255,66,177965,44,348508
38679,0.018039,74.125.68.0-255,5738,183703,44,348508
38680,0.018059,172.31.46.0-255,66,183769,44,348508
38681,0.020637,74.125.68.0-255,5738,189507,44,348508
38682,0.020654,172.31.46.0-255,66,189573,44,348508
38683,0.023222,74.125.68.0-255,5738,195311,44,348508
38684,0.023237,172.31.46.0-255,66,195377,44,348508
38685,0.025832,74.125.68.0-255,5738,201115,44,348508
38686,0.025852,172.31.46.0-255,66,201181,44,348508
38687,0.028436,74.125.68.0-255,5738,206919,44,348508
38688,0.028454,172.31.46.0-255,66,206985,44,348508
38689,0.031049,74.125.68.0-255,5738,212723,44,348508
38690,0.031068,172.31.46.0-255,66,212789,44,348508
38691,0.033645,74.125.68.0-255,5738,218527,44,348508
38692,0.033662,172.31.46.0-255,66,218593,44,348508
38693,0.036216,74.125.68.0-255,5738,224331,44,348508
38694,0.036227,172.31.46.0-255,66,224397,44,348508
38695,0.036849,172.31.46.0-255,172,224569,44,348508
38696,0.036882,172.31.46.0-255,1114,225683,44,348508
38697,0.036952,172.31.46.0-255,1514,227197,44,348508
38698,0.036954,172.31.46.0-255,1514,228711,44,348508
38699,0.036955,172.31.46.0-255,1514,230225,44,348508
38700,0.036961,172.31.46.0-255,1514,231739,44,348508
38701,0.036962,172.31.46.0-255,557,232296,44,348508
38702,0.038535,104.244.42.0-255,66,232362,44,348508
38703,0.038791,74.125.68.0-255,5738,238100,44,348508
38704,0.038798,172.31.46.0-255,66,238166,44,348508
38705,0.041357,74.125.68.0-255,5738,243904,44,348508
38706,0.041365,172.31.46.0-255,66,243970,44,348508
38707,0.043935,74.125.68.0-255,5738,249708,44,348508
38708,0.043943,172.31.46.0-255,66,249774,44,348508
38709,0.046521,74.125.68.0-255,5738,255512,44,348508
38710,0.046533,172.31.46.0-255,66,255578,44,348508
38711,0.049092,74.125.68.0-255,5738,261316,44,348508
38712,0.049104,172.31.46.0-255,66,261382,44,348508
38713,0.051663,74.125.68.0-255,5738,267120,44,348508
38714,0.051672,172.31.46.0-255,66,267186,44,348508
38715,0.054237,74.125.68.0-255,5738,272924,44,348508
38716,0.05425,172.31.46.0-255,66,272990,44,348508
38717,0.056857,74.125.68.0-255,5738,278728,44,348508
38718,0.056864,172.31.46.0-255,66,278794,44,348508
38719,0.059429,74.125.68.0-255,5738,284532,44,348508
38720,0.059442,172.31.46.0-255,66,284598,44,348508
38721,0.061993,74.125.68.0-255,5738,290336,44,348508
38722,0.062001,172.31.46.0-255,66,290402,44,348508
38723,0.064571,74.125.68.0-255,5738,296140,44,348508
38724,0.064578,172.31.46.0-255,66,296206,44,348508
38725,0.067144,74.125.68.0-255,5738,301944,44,348508
38726,0.067152,172.31.46.0-255,66,302010,44,348508
38727,0.06971,74.125.68.0-255,5738,307748,44,348508
38728,0.06972,172.31.46.0-255,66,307814,44,348508
38729,0.072281,74.125.68.0-255,5738,313552,44,348508
38730,0.072292,172.31.46.0-255,66,313618,44,348508
38731,0.074873,74.125.68.0-255,5738,319356,44,348508
38732,0.074886,172.31.46.0-255,66,319422,44,348508
38733,0.077448,74.125.68.0-255,5738,325160,44,348508
38734,0.077456,172.31.46.0-255,66,325226,44,348508
38735,0.078682,104.244.42.0-255,66,325292,44,348508
38736,0.080025,74.125.68.0-255,5738,331030,44,348508
38737,0.080031,172.31.46.0-255,66,331096,44,348508
38738,0.0826,74.125.68.0-255,5738,336834,44,348508
38739,0.082608,172.31.46.0-255,66,336900,44,348508
38740,0.085169,74.125.68.0-255,5738,342638,44,348508
38741,0.085182,172.31.46.0-255,66,342704,44,348508
38742,0.087748,74.125.68.0-255,5738,348442,44,348508
38743,0.087759,172.31.46.0-255,66,348508,44,348508
38744,0.0,74.125.24.0-255,303,303,44,317070
38745,2.5e-05,172.31.46.0-255,66,369,44,317070
38746,3.3e-05,74.125.24.0-255,1484,1853,44,317070
38747,3.7e-05,172.31.46.0-255,66,1919,44,317070
38748,5.1e-05,74.125.24.0-255,2902,4821,44,317070
38749,5.5e-05,172.31.46.0-255,66,4887,44,317070
38750,6.1e-05,74.125.24.0-255,4320,9207,44,317070
38751,6.3e-05,172.31.46.0-255,66,9273,44,317070
38752,7e-05,74.125.24.0-255,5738,15011,44,317070
38753,7.3e-05,172.31.46.0-255,66,15077,44,317070
38754,0.000111,74.125.24.0-255,3265,18342,44,317070
38755,0.000115,172.31.46.0-255,66,18408,44,317070
38756,0.000134,172.31.46.0-255,66,18474,44,317070
38757,0.000138,74.125.24.0-255,2543,21017,44,317070
38758,0.00014,172.31.46.0-255,66,21083,44,317070
38759,0.00018,74.125.24.0-255,1484,22567,44,317070
38760,0.000184,172.31.46.0-255,66,22633,44,317070
38761,0.000188,74.125.24.0-255,2902,25535,44,317070
38762,0.000191,172.31.46.0-255,66,25601,44,317070
38763,0.0002,74.125.24.0-255,2902,28503,44,317070
38764,0.000202,172.31.46.0-255,66,28569,44,317070
38765,0.000231,74.125.24.0-255,2902,31471,44,317070
38766,0.000234,172.31.46.0-255,66,31537,44,317070
38767,0.000251,172.31.46.0-255,66,31603,44,317070
38768,0.000278,74.125.24.0-255,1484,33087,44,317070
38769,0.00028,172.31.46.0-255,66,33153,44,317070
38770,0.000321,172.31.46.0-255,66,33219,44,317070
38771,0.000588,74.125.24.0-255,399,33618,44,317070
38772,0.000594,172.31.46.0-255,66,33684,44,317070
38773,0.000609,74.125.24.0-255,110,33794,44,317070
38774,0.00068,74.125.24.0-255,330,34124,44,317070
38775,0.000709,74.125.24.0-255,1484,35608,44,317070
38776,0.000713,172.31.46.0-255,66,35674,44,317070
38777,0.000747,74.125.24.0-255,2902,38576,44,317070
38778,0.000751,172.31.46.0-255,66,38642,44,317070
38779,0.000757,74.125.24.0-255,5738,44380,44,317070
38780,0.00076,172.31.46.0-255,66,44446,44,317070
38781,0.000805,74.125.24.0-255,6249,50695,44,317070
38782,0.000808,172.31.46.0-255,66,50761,44,317070
38783,0.001062,74.125.24.0-255,1484,52245,44,317070
38784,0.001079,74.125.24.0-255,2902,55147,44,317070
38785,0.001084,172.31.46.0-255,66,55213,44,317070
38786,0.001087,74.125.24.0-255,1484,56697,44,317070
38787,0.001118,74.125.24.0-255,4320,61017,44,317070
38788,0.001121,172.31.46.0-255,66,61083,44,317070
38789,0.001145,74.125.24.0-255,2902,63985,44,317070
38790,0.001147,172.31.46.0-255,66,64051,44,317070
38791,0.001187,172.31.46.0-255,66,64117,44,317070
38792,0.001192,74.125.24.0-255,4320,68437,44,317070
38793,0.001196,172.31.46.0-255,66,68503,44,317070
38794,0.001227,74.125.24.0-255,6438,74941,44,317070
38795,0.001234,172.31.46.0-255,66,75007,44,317070
38796,0.002098,74.125.24.0-255,1484,76491,44,317070
38797,0.002108,74.125.24.0-255,2902,79393,44,317070
38798,0.002113,172.31.46.0-255,66,79459,44,317070
38799,0.002121,74.125.24.0-255,5738,85197,44,317070
38800,0.002123,172.31.46.0-255,66,85263,44,317070
38801,0.002134,74.125.24.0-255,2902,88165,44,317070
38802,0.002136,172.31.46.0-255,66,88231,44,317070
38803,0.002175,172.31.46.0-255,66,88297,44,317070
38804,0.002188,172.31.46.0-255,66,88363,44,317070
38805,0.004466,74.125.24.0-255,5738,94101,44,317070
38806,0.004476,172.31.46.0-255,66,94167,44,317070
38807,0.006766,74.125.24.0-255,5738,99905,44,317070
38808,0.006775,172.31.46.0-255,66,99971,44,317070
38809,0.009078,74.125.24.0-255,5738,105709,44,317070
38810,0.009085,172.31.46.0-255,66,105775,44,317070
38811,0.011372,74.125.24.0-255,5738,111513,44,317070
38812,0.011382,172.31.46.0-255,66,111579,44,317070
38813,0.013674,74.125.24.0-255,5738,117317,44,317070
38814,0.013689,172.31.46.0-255,66,117383,44,317070
38815,0.015985,74.125.24.0-255,5738,123121,44,317070
38816,0.015998,172.31.46.0-255,66,123187,44,317070
38817,0.018299,74.125.24.0-255,5738,128925,44,317070
38818,0.018311,172.31.46.0-255,66,128991,44,317070
38819,0.020611,74.125.24.0-255,5738,134729,44,317070
38820,0.020622,172.31.46.0-255,66,134795,44,317070
38821,0.022903,74.125.24.0-255,5738,140533,44,317070
38822,0.022913,172.31.46.0-255,66,140599,44,317070
38823,0.025192,74.125.24.0-255,5738,146337,44,317070
38824,0.0252,172.31.46.0-255,66,146403,44,317070
38825,0.026134,172.31.46.0-255,164,146567,44,317070
38826,0.026167,172.31.46.0-255,1123,147690,44,317070
38827,0.026231,172.31.46.0-255,1514,149204,44,317070
38828,0.026233,172.31.46.0-255,1514,150718,44,317070
38829,0.026234,172.31.46.0-255,1514,152232,44,317070
38830,0.026235,172.31.46.0-255,1514,153746,44,317070
38831,0.026237,172.31.46.0-255,548,154294,44,317070
38832,0.027503,74.125.24.0-255,5738,160032,44,317070
38833,0.027514,172.31.46.0-255,66,160098,44,317070
38834,0.027668,104.244.42.0-255,66,160164,44,317070
38835,0.027724,104.244.42.0-255,66,160230,44,317070
38836,0.027805,104.244.42.0-255,66,160296,44,317070
38837,0.027811,104.244.42.0-255,66,160362,44,317070
38838,0.029815,74.125.24.0-255,5738,166100,44,317070
38839,0.029831,172.31.46.0-255,66,166166,44,317070
38840,0.032125,74.125.24.0-255,5738,171904,44,317070
38841,0.032134,172.31.46.0-255,66,171970,44,317070
38842,0.034454,74.125.24.0-255,5738,177708,44,317070
38843,0.034464,172.31.46.0-255,66,177774,44,317070
38844,0.036746,74.125.24.0-255,5738,183512,44,317070
38845,0.036754,172.31.46.0-255,66,183578,44,317070
38846,0.039027,74.125.24.0-255,5738,189316,44,317070
38847,0.039036,172.31.46.0-255,66,189382,44,317070
38848,0.041341,74.125.24.0-255,5738,195120,44,317070
38849,0.041373,172.31.46.0-255,66,195186,44,317070
38850,0.043669,74.125.24.0-255,5738,200924,44,317070
38851,0.043687,172.31.46.0-255,66,200990,44,317070
38852,0.045978,74.125.24.0-255,5738,206728,44,317070
38853,0.045994,172.31.46.0-255,66,206794,44,317070
38854,0.048327,74.125.24.0-255,5738,212532,44,317070
38855,0.048345,172.31.46.0-255,66,212598,44,317070
38856,0.050626,74.125.24.0-255,5738,218336,44,317070
38857,0.050644,172.31.46.0-255,66,218402,44,317070
38858,0.052946,74.125.24.0-255,5738,224140,44,317070
38859,0.052964,172.31.46.0-255,66,224206,44,317070
38860,0.055249,74.125.24.0-255,5738,229944,44,317070
38861,0.055268,172.31.46.0-255,66,230010,44,317070
38862,0.057565,74.125.24.0-255,5738,235748,44,317070
38863,0.057585,172.31.46.0-255,66,235814,44,317070
38864,0.059892,74.125.24.0-255,5738,241552,44,317070
38865,0.059911,172.31.46.0-255,66,241618,44,317070
38866,0.062214,74.125.24.0-255,5738,247356,44,317070
38867,0.062231,172.31.46.0-255,66,247422,44,317070
38868,0.064543,74.125.24.0-255,5738,253160,44,317070
38869,0.064559,172.31.46.0-255,66,253226,44,317070
38870,0.066863,74.125.24.0-255,5738,258964,44,317070
38871,0.066877,172.31.46.0-255,66,259030,44,317070
38872,0.06918,74.125.24.0-255,5738,264768,44,317070
38873,0.069188,172.31.46.0-255,66,264834,44,317070
38874,0.071474,74.125.24.0-255,5738,270572,44,317070
38875,0.071482,172.31.46.0-255,66,270638,44,317070
38876,0.073758,74.125.24.0-255,5738,276376,44,317070
38877,0.073768,172.31.46.0-255,66,276442,44,317070
38878,0.076102,74.125.24.0-255,5738,282180,44,317070
38879,0.076111,172.31.46.0-255,66,282246,44,317070
38880,0.078384,74.125.24.0-255,5738,287984,44,317070
38881,0.07839,172.31.46.0-255,66,288050,44,317070
38882,0.080701,74.125.24.0-255,5738,293788,44,317070
38883,0.080709,172.31.46.0-255,66,293854,44,317070
38884,0.083005,74.125.24.0-255,5738,299592,44,317070
38885,0.083015,172.31.46.0-255,66,299658,44,317070
38886,0.085289,74.125.24.0-255,5738,305396,44,317070
38887,0.085305,172.31.46.0-255,66,305462,44,317070
38888,0.087624,74.125.24.0-255,5738,311200,44,317070
38889,0.087638,172.31.46.0-255,66,311266,44,317070
38890,0.089929,74.125.24.0-255,5738,317004,44,317070
38891,0.089941,172.31.46.0-255,66,317070,44,317070
38892,0.0,172.217.194.0-255,153,153,44,183679
38893,1.7e-05,172.31.46.0-255,66,219,44,183679
38894,2.5e-05,172.217.194.0-255,1484,1703,44,183679
38895,2.9e-05,172.31.46.0-255,66,1769,44,183679
38896,3.4e-05,172.217.194.0-255,2902,4671,44,183679
38897,4.6e-05,172.31.46.0-255,66,4737,44,183679
38898,5.3e-05,172.217.194.0-255,7156,11893,44,183679
38899,5.6e-05,172.31.46.0-255,66,11959,44,183679
38900,6.7e-05,172.31.46.0-255,66,12025,44,183679
38901,9.7e-05,172.217.194.0-255,1903,13928,44,183679
38902,0.0001,172.31.46.0-255,66,13994,44,183679
38903,0.000105,172.217.194.0-255,2902,16896,44,183679
38904,0.000107,172.31.46.0-255,66,16962,44,183679
38905,0.000134,172.217.194.0-255,5379,22341,44,183679
38906,0.000141,172.31.46.0-255,66,22407,44,183679
38907,0.000171,172.217.194.0-255,1484,23891,44,183679
38908,0.000173,172.31.46.0-255,66,23957,44,183679
38909,0.000177,172.217.194.0-255,2902,26859,44,183679
38910,0.000179,172.31.46.0-255,66,26925,44,183679
38911,0.000212,172.217.194.0-255,5738,32663,44,183679
38912,0.000214,172.31.46.0-255,66,32729,44,183679
38913,0.000262,172.31.46.0-255,66,32795,44,183679
38914,0.000273,172.31.46.0-255,66,32861,44,183679
38915,0.000277,172.217.194.0-255,4251,37112,44,183679
38916,0.000279,172.31.46.0-255,66,37178,44,183679
38917,0.000305,172.217.194.0-255,366,37544,44,183679
38918,0.000307,172.31.46.0-255,66,37610,44,183679
38919,0.000368,172.217.194.0-255,1484,39094,44,183679
38920,0.000372,172.31.46.0-255,66,39160,44,183679
38921,0.000377,172.217.194.0-255,2902,42062,44,183679
38922,0.000379,172.31.46.0-255,66,42128,44,183679
38923,0.000406,172.217.194.0-255,5738,47866,44,183679
38924,0.000408,172.31.46.0-255,66,47932,44,183679
38925,0.000432,172.217.194.0-255,4320,52252,44,183679
38926,0.000435,172.31.46.0-255,66,52318,44,183679
38927,0.00047,172.31.46.0-255,66,52384,44,183679
38928,0.000473,172.217.194.0-255,1484,53868,44,183679
38929,0.000507,172.31.46.0-255,66,53934,44,183679
38930,0.000656,172.217.194.0-255,1484,55418,44,183679
38931,0.00066,172.217.194.0-255,2902,58320,44,183679
38932,0.000665,172.31.46.0-255,66,58386,44,183679
38933,0.000694,172.217.194.0-255,5738,64124,44,183679
38934,0.000697,172.31.46.0-255,66,64190,44,183679
38935,0.0007,172.217.194.0-255,2902,67092,44,183679
38936,0.000702,172.31.46.0-255,66,67158,44,183679
38937,0.000741,172.31.46.0-255,66,67224,44,183679
38938,0.000755,172.31.46.0-255,66,67290,44,183679
38939,0.000759,172.217.194.0-255,2902,70192,44,183679
38940,0.000763,172.31.46.0-255,66,70258,44,183679
38941,0.000808,172.31.46.0-255,66,70324,44,183679
38942,0.000818,172.31.46.0-255,66,70390,44,183679
38943,0.000844,172.217.194.0-255,1484,71874,44,183679
38944,0.000865,172.217.194.0-255,5738,77612,44,183679
38945,0.000868,172.31.46.0-255,66,77678,44,183679
38946,0.000894,172.217.194.0-255,5020,82698,44,183679
38947,0.000897,172.31.46.0-255,66,82764,44,183679
38948,0.000906,172.31.46.0-255,66,82830,44,183679
38949,0.000929,172.217.194.0-255,4320,87150,44,183679
38950,0.000931,172.31.46.0-255,66,87216,44,183679
38951,0.000937,172.217.194.0-255,5738,92954,44,183679
38952,0.000939,172.31.46.0-255,66,93020,44,183679
38953,0.000962,172.217.194.0-255,2902,95922,44,183679
38954,0.000965,172.31.46.0-255,66,95988,44,183679
38955,0.000984,172.217.194.0-255,5020,101008,44,183679
38956,0.000987,172.31.46.0-255,66,101074,44,183679
38957,0.001021,172.31.46.0-255,66,101140,44,183679
38958,0.001028,172.217.194.0-255,7156,108296,44,183679
38959,0.00103,172.31.46.0-255,66,108362,44,183679
38960,0.001045,172.31.46.0-255,66,108428,44,183679
38961,0.001047,172.217.194.0-255,766,109194,44,183679
38962,0.001178,172.217.194.0-255,1484,110678,44,183679
38963,0.001182,172.31.46.0-255,66,110744,44,183679
38964,0.001186,172.217.194.0-255,2902,113646,44,183679
38965,0.001188,172.31.46.0-255,66,113712,44,183679
38966,0.001219,172.217.194.0-255,5738,119450,44,183679
38967,0.001222,172.31.46.0-255,66,119516,44,183679
38968,0.001228,172.217.194.0-255,7156,126672,44,183679
38969,0.00123,172.31.46.0-255,66,126738,44,183679
38970,0.001259,172.217.194.0-255,5738,132476,44,183679
38971,0.001262,172.31.46.0-255,66,132542,44,183679
38972,0.001272,172.31.46.0-255,66,132608,44,183679
38973,0.001309,172.217.194.0-255,1484,134092,44,183679
38974,0.001313,172.217.194.0-255,2902,136994,44,183679
38975,0.001315,172.31.46.0-255,66,137060,44,183679
38976,0.00132,172.217.194.0-255,2902,139962,44,183679
38977,0.001321,172.31.46.0-255,66,140028,44,183679
38978,0.001342,172.217.194.0-255,2902,142930,44,183679
38979,0.001344,172.31.46.0-255,66,142996,44,183679
38980,0.00135,172.217.194.0-255,7156,150152,44,183679
38981,0.001352,172.31.46.0-255,66,150218,44,183679
38982,0.001383,172.217.194.0-255,2902,153120,44,183679
38983,0.001385,172.31.46.0-255,66,153186,44,183679
38984,0.001388,172.217.194.0-255,1484,154670,44,183679
38985,0.001416,172.31.46.0-255,66,154736,44,183679
38986,0.001439,172.217.194.0-255,766,155502,44,183679
38987,0.001452,172.31.46.0-255,66,155568,44,183679
38988,0.001463,172.31.46.0-255,66,155634,44,183679
38989,0.001505,172.217.194.0-255,7156,162790,44,183679
38990,0.001508,172.31.46.0-255,66,162856,44,183679
38991,0.001549,172.31.46.0-255,66,162922,44,183679
38992,0.00159,172.31.46.0-255,66,162988,44,183679
38993,0.001596,172.31.46.0-255,66,163054,44,183679
38994,0.001695,172.217.194.0-255,1484,164538,44,183679
38995,0.001701,172.217.194.0-255,2902,167440,44,183679
38996,0.001705,172.217.194.0-255,4320,171760,44,183679
38997,0.001715,172.217.194.0-255,1484,173244,44,183679
38998,0.001725,172.31.46.0-255,66,173310,44,183679
38999,0.001755,172.31.46.0-255,66,173376,44,183679
39000,0.001766,172.217.194.0-255,597,173973,44,183679
39001,0.001796,172.217.194.0-255,105,174078,44,183679
39002,0.008673,172.31.46.0-255,66,174144,44,183679
39003,0.008715,172.31.46.0-255,105,174249,44,183679
39004,0.010782,172.217.194.0-255,66,174315,44,183679
39005,0.035893,172.31.46.0-255,172,174487,44,183679
39006,0.035931,172.31.46.0-255,1109,175596,44,183679
39007,0.035994,172.31.46.0-255,1514,177110,44,183679
39008,0.035996,172.31.46.0-255,1514,178624,44,183679
39009,0.036002,172.31.46.0-255,1514,180138,44,183679
39010,0.036003,172.31.46.0-255,1514,181652,44,183679
39011,0.036021,172.31.46.0-255,1514,183166,44,183679
39012,0.036022,172.31.46.0-255,75,183241,44,183679
39013,0.037446,104.244.42.0-255,66,183307,44,183679
39014,0.037481,104.244.42.0-255,66,183373,44,183679
39015,0.037597,104.244.42.0-255,66,183439,44,183679
39016,0.037603,104.244.42.0-255,66,183505,44,183679
39017,0.038286,104.244.42.0-255,108,183613,44,183679
39018,0.038297,172.31.46.0-255,66,183679,44,183679
39019,0.0,74.125.24.0-255,296,296,44,300965
39020,2.2e-05,172.31.46.0-255,66,362,44,300965
39021,2.9e-05,74.125.24.0-255,1484,1846,44,300965
39022,3.3e-05,172.31.46.0-255,66,1912,44,300965
39023,4e-05,74.125.24.0-255,4320,6232,44,300965
39024,4.4e-05,172.31.46.0-255,66,6298,44,300965
39025,5e-05,74.125.24.0-255,5738,12036,44,300965
39026,5.5e-05,172.31.46.0-255,66,12102,44,300965
39027,8.4e-05,74.125.24.0-255,1868,13970,44,300965
39028,8.7e-05,172.31.46.0-255,66,14036,44,300965
39029,0.000248,74.125.24.0-255,1484,15520,44,300965
39030,0.000253,172.31.46.0-255,66,15586,44,300965
39031,0.000259,74.125.24.0-255,2902,18488,44,300965
39032,0.000263,172.31.46.0-255,66,18554,44,300965
39033,0.000268,74.125.24.0-255,2902,21456,44,300965
39034,0.00027,172.31.46.0-255,66,21522,44,300965
39035,0.000292,74.125.24.0-255,2902,24424,44,300965
39036,0.000295,172.31.46.0-255,66,24490,44,300965
39037,0.000303,74.125.24.0-255,6797,31287,44,300965
39038,0.000306,172.31.46.0-255,66,31353,44,300965
39039,0.00035,74.125.24.0-255,1484,32837,44,300965
39040,0.000352,172.31.46.0-255,66,32903,44,300965
39041,0.000357,74.125.24.0-255,2902,35805,44,300965
39042,0.000359,172.31.46.0-255,66,35871,44,300965
39043,0.000362,74.125.24.0-255,1484,37355,44,300965
39044,0.000364,172.31.46.0-255,66,37421,44,300965
39045,0.000381,74.125.24.0-255,4320,41741,44,300965
39046,0.000384,172.31.46.0-255,66,41807,44,300965
39047,0.000425,74.125.24.0-255,6797,48604,44,300965
39048,0.000428,172.31.46.0-255,66,48670,44,300965
39049,0.000469,74.125.24.0-255,1484,50154,44,300965
39050,0.000471,172.31.46.0-255,66,50220,44,300965
39051,0.000486,74.125.24.0-255,2902,53122,44,300965
39052,0.000489,172.31.46.0-255,66,53188,44,300965
39053,0.000515,74.125.24.0-255,5738,58926,44,300965
39054,0.000518,172.31.46.0-255,66,58992,44,300965
39055,0.000551,74.125.24.0-255,7143,66135,44,300965
39056,0.000554,172.31.46.0-255,66,66201,44,300965
39057,0.000565,74.125.24.0-255,332,66533,44,300965
39058,0.000721,74.125.24.0-255,1484,68017,44,300965
39059,0.000726,172.31.46.0-255,66,68083,44,300965
39060,0.000731,74.125.24.0-255,2902,70985,44,300965
39061,0.000733,172.31.46.0-255,66,71051,44,300965
39062,0.000758,74.125.24.0-255,5738,76789,44,300965
39063,0.000762,172.31.46.0-255,66,76855,44,300965
39064,0.000771,74.125.24.0-255,2902,79757,44,300965
39065,0.000773,172.31.46.0-255,66,79823,44,300965
39066,0.000809,74.125.24.0-255,5738,85561,44,300965
39067,0.00084,172.31.46.0-255,66,85627,44,300965
39068,0.000843,172.31.46.0-255,66,85693,44,300965
39069,0.000857,74.125.24.0-255,4470,90163,44,300965
39070,0.00086,172.31.46.0-255,66,90229,44,300965
39071,0.00107,74.125.24.0-255,1484,91713,44,300965
39072,0.001077,74.125.24.0-255,2902,94615,44,300965
39073,0.00108,172.31.46.0-255,66,94681,44,300965
39074,0.001087,74.125.24.0-255,5738,100419,44,300965
39075,0.001089,172.31.46.0-255,66,100485,44,300965
39076,0.001107,74.125.24.0-255,2902,103387,44,300965
39077,0.00111,172.31.46.0-255,66,103453,44,300965
39078,0.001133,172.31.46.0-255,66,103519,44,300965
39079,0.001178,172.31.46.0-255,66,103585,44,300965
39080,0.001404,74.125.24.0-255,1484,105069,44,300965
39081,0.001409,74.125.24.0-255,2902,107971,44,300965
39082,0.001415,172.31.46.0-255,66,108037,44,300965
39083,0.001431,74.125.24.0-255,5738,113775,44,300965
39084,0.001434,172.31.46.0-255,66,113841,44,300965
39085,0.001448,74.125.24.0-255,4320,118161,44,300965
39086,0.001459,172.31.46.0-255,66,118227,44,300965
39087,0.001476,172.31.46.0-255,66,118293,44,300965
39088,0.00154,172.31.46.0-255,66,118359,44,300965
39089,0.00175,74.125.24.0-255,1484,119843,44,300965
39090,0.001754,74.125.24.0-255,1484,121327,44,300965
39091,0.001763,172.31.46.0-255,66,121393,44,300965
39092,0.001767,74.125.24.0-255,1484,122877,44,300965
39093,0.001774,74.125.24.0-255,5738,128615,44,300965
39094,0.001776,172.31.46.0-255,66,128681,44,300965
39095,0.00182,172.31.46.0-255,66,128747,44,300965
39096,0.001846,74.125.24.0-255,2184,130931,44,300965
39097,0.001849,172.31.46.0-255,66,130997,44,300965
39098,0.001853,172.31.46.0-255,66,131063,44,300965
39099,0.001871,74.125.24.0-255,2902,133965,44,300965
39100,0.00188,172.31.46.0-255,66,134031,44,300965
39101,0.001898,74.125.24.0-255,7156,141187,44,300965
39102,0.001919,74.125.24.0-255,2902,144089,44,300965
39103,0.001934,172.31.46.0-255,66,144155,44,300965
39104,0.001956,74.125.24.0-255,5738,149893,44,300965
39105,0.00196,172.31.46.0-255,66,149959,44,300965
39106,0.001971,74.125.24.0-255,6438,156397,44,300965
39107,0.001977,172.31.46.0-255,66,156463,44,300965
39108,0.002064,74.125.24.0-255,1484,157947,44,300965
39109,0.002069,74.125.24.0-255,2902,160849,44,300965
39110,0.002073,172.31.46.0-255,66,160915,44,300965
39111,0.002093,74.125.24.0-255,5738,166653,44,300965
39112,0.002102,172.31.46.0-255,66,166719,44,300965
39113,0.002153,74.125.24.0-255,1484,168203,44,300965
39114,0.002288,74.125.24.0-255,1484,169687,44,300965
39115,0.002292,74.125.24.0-255,1484,171171,44,300965
39116,0.002309,74.125.24.0-255,1484,172655,44,300965
39117,0.002312,74.125.24.0-255,1484,174139,44,300965
39118,0.002325,74.125.24.0-255,1484,175623,44,300965
39119,0.009167,172.31.46.0-255,66,175689,44,300965
39120,0.011093,74.125.24.0-255,1484,177173,44,300965
39121,0.011443,74.125.24.0-255,4320,181493,44,300965
39122,0.011451,172.31.46.0-255,66,181559,44,300965
39123,0.013734,74.125.24.0-255,5738,187297,44,300965
39124,0.01375,172.31.46.0-255,66,187363,44,300965
39125,0.016075,74.125.24.0-255,5738,193101,44,300965
39126,0.016086,172.31.46.0-255,66,193167,44,300965
39127,0.018402,74.125.24.0-255,5738,198905,44,300965
39128,0.018412,172.31.46.0-255,66,198971,44,300965
39129,0.020714,74.125.24.0-255,5738,204709,44,300965
39130,0.020723,172.31.46.0-255,66,204775,44,300965
39131,0.023058,74.125.24.0-255,5738,210513,44,300965
39132,0.023074,172.31.46.0-255,66,210579,44,300965
39133,0.02536,74.125.24.0-255,5738,216317,44,300965
39134,0.025369,172.31.46.0-255,66,216383,44,300965
39135,0.027662,74.125.24.0-255,5738,222121,44,300965
39136,0.027673,172.31.46.0-255,66,222187,44,300965
39137,0.029964,74.125.24.0-255,5738,227925,44,300965
39138,0.029973,172.31.46.0-255,66,227991,44,300965
39139,0.032299,74.125.24.0-255,5738,233729,44,300965
39140,0.032309,172.31.46.0-255,66,233795,44,300965
39141,0.034625,74.125.24.0-255,5738,239533,44,300965
39142,0.034636,172.31.46.0-255,66,239599,44,300965
39143,0.036927,74.125.24.0-255,5738,245337,44,300965
39144,0.036935,172.31.46.0-255,66,245403,44,300965
39145,0.039308,74.125.24.0-255,5738,251141,44,300965
39146,0.03932,172.31.46.0-255,66,251207,44,300965
39147,0.04073,172.31.46.0-255,172,251379,44,300965
39148,0.040758,172.31.46.0-255,1114,252493,44,300965
39149,0.04081,172.31.46.0-255,1514,254007,44,300965
39150,0.040812,172.31.46.0-255,1514,255521,44,300965
39151,0.040817,172.31.46.0-255,1514,257035,44,300965
39152,0.040818,172.31.46.0-255,1514,258549,44,300965
39153,0.040836,172.31.46.0-255,1514,260063,44,300965
39154,0.040837,172.31.46.0-255,71,260134,44,300965
39155,0.041621,74.125.24.0-255,5738,265872,44,300965
39156,0.04163,172.31.46.0-255,66,265938,44,300965
39157,0.042228,104.244.42.0-255,66,266004,44,300965
39158,0.042344,104.244.42.0-255,66,266070,44,300965
39159,0.04235,104.244.42.0-255,66,266136,44,300965
39160,0.042479,104.244.42.0-255,66,266202,44,300965
39161,0.043929,74.125.24.0-255,5738,271940,44,300965
39162,0.043935,172.31.46.0-255,66,272006,44,300965
39163,0.046235,74.125.24.0-255,5738,277744,44,300965
39164,0.046241,172.31.46.0-255,66,277810,44,300965
39165,0.048547,74.125.24.0-255,5738,283548,44,300965
39166,0.048555,172.31.46.0-255,66,283614,44,300965
39167,0.050856,74.125.24.0-255,5738,289352,44,300965
39168,0.050862,172.31.46.0-255,66,289418,44,300965
39169,0.053165,74.125.24.0-255,5738,295156,44,300965
39170,0.053171,172.31.46.0-255,66,295222,44,300965
39171,0.055471,74.125.24.0-255,5506,300728,44,300965
39172,0.055478,172.31.46.0-255,66,300794,44,300965
39173,0.055663,172.31.46.0-255,105,300899,44,300965
39174,0.057942,74.125.24.0-255,66,300965,44,300965
39175,0.0,172.31.46.0-255,105,105,44,459
39176,0.000165,172.31.46.0-255,90,195,44,459
39177,0.000173,172.31.46.0-255,66,261,44,459
39178,0.002475,172.217.194.0-255,66,327,44,459
39179,0.002513,172.217.194.0-255,66,393,44,459
39180,0.00254,172.31.46.0-255,66,459,44,459
39181,0.0,74.125.24.0-255,152,152,44,287796
39182,2.5e-05,172.31.46.0-255,66,218,44,287796
39183,3.3e-05,74.125.24.0-255,1484,1702,44,287796
39184,3.7e-05,172.31.46.0-255,66,1768,44,287796
39185,4.3e-05,74.125.24.0-255,2902,4670,44,287796
39186,4.5e-05,172.31.46.0-255,66,4736,44,287796
39187,5.4e-05,74.125.24.0-255,7156,11892,44,287796
39188,5.7e-05,172.31.46.0-255,66,11958,44,287796
39189,6.1e-05,74.125.24.0-255,2004,13962,44,287796
39190,6.4e-05,172.31.46.0-255,66,14028,44,287796
39191,0.000181,74.125.24.0-255,1484,15512,44,287796
39192,0.000184,172.31.46.0-255,66,15578,44,287796
39193,0.00019,74.125.24.0-255,2902,18480,44,287796
39194,0.000192,172.31.46.0-255,66,18546,44,287796
39195,0.000215,74.125.24.0-255,5738,24284,44,287796
39196,0.000218,172.31.46.0-255,66,24350,44,287796
39197,0.000238,74.125.24.0-255,1484,25834,44,287796
39198,0.000241,172.31.46.0-255,66,25900,44,287796
39199,0.000278,172.31.46.0-255,66,25966,44,287796
39200,0.000288,172.31.46.0-255,66,26032,44,287796
39201,0.000309,74.125.24.0-255,4320,30352,44,287796
39202,0.000311,172.31.46.0-255,66,30418,44,287796
39203,0.000334,172.31.46.0-255,66,30484,44,287796
39204,0.000337,74.125.24.0-255,412,30896,44,287796
39205,0.000339,172.31.46.0-255,66,30962,44,287796
39206,0.000459,74.125.24.0-255,330,31292,44,287796
39207,0.000463,172.31.46.0-255,66,31358,44,287796
39208,0.00082,74.125.24.0-255,1484,32842,44,287796
39209,0.000826,172.31.46.0-255,66,32908,44,287796
39210,0.000832,74.125.24.0-255,2902,35810,44,287796
39211,0.000834,172.31.46.0-255,66,35876,44,287796
39212,0.000837,74.125.24.0-255,1484,37360,44,287796
39213,0.000855,74.125.24.0-255,4320,41680,44,287796
39214,0.000858,172.31.46.0-255,66,41746,44,287796
39215,0.000863,74.125.24.0-255,2902,44648,44,287796
39216,0.000864,172.31.46.0-255,66,44714,44,287796
39217,0.000887,74.125.24.0-255,7156,51870,44,287796
39218,0.000889,172.31.46.0-255,66,51936,44,287796
39219,0.000939,172.31.46.0-255,66,52002,44,287796
39220,0.001871,74.125.24.0-255,1484,53486,44,287796
39221,0.001882,74.125.24.0-255,2902,56388,44,287796
39222,0.001886,172.31.46.0-255,66,56454,44,287796
39223,0.001894,74.125.24.0-255,5738,62192,44,287796
39224,0.001896,172.31.46.0-255,66,62258,44,287796
39225,0.001931,172.31.46.0-255,66,62324,44,287796
39226,0.001934,74.125.24.0-255,1484,63808,44,287796
39227,0.002006,172.31.46.0-255,66,63874,44,287796
39228,0.00205,74.125.24.0-255,1484,65358,44,287796
39229,0.002054,74.125.24.0-255,1484,66842,44,287796
39230,0.002056,172.31.46.0-255,66,66908,44,287796
39231,0.002075,74.125.24.0-255,1484,68392,44,287796
39232,0.002082,74.125.24.0-255,5738,74130,44,287796
39233,0.002084,172.31.46.0-255,66,74196,44,287796
39234,0.002108,74.125.24.0-255,1484,75680,44,287796
39235,0.00213,172.31.46.0-255,66,75746,44,287796
39236,0.00215,74.125.24.0-255,1484,77230,44,287796
39237,0.002157,74.125.24.0-255,5738,82968,44,287796
39238,0.002159,172.31.46.0-255,66,83034,44,287796
39239,0.002191,74.125.24.0-255,2902,85936,44,287796
39240,0.002194,172.31.46.0-255,66,86002,44,287796
39241,0.002213,74.125.24.0-255,2184,88186,44,287796
39242,0.002216,172.31.46.0-255,66,88252,44,287796
39243,0.004825,74.125.24.0-255,4320,92572,44,287796
39244,0.004829,172.31.46.0-255,66,92638,44,287796
39245,0.004848,74.125.24.0-255,1484,94122,44,287796
39246,0.007433,74.125.24.0-255,4320,98442,44,287796
39247,0.007442,172.31.46.0-255,66,98508,44,287796
39248,0.010076,74.125.24.0-255,5738,104246,44,287796
39249,0.010085,172.31.46.0-255,66,104312,44,287796
39250,0.012733,74.125.24.0-255,5738,110050,44,287796
39251,0.012749,172.31.46.0-255,66,110116,44,287796
39252,0.015374,74.125.24.0-255,5738,115854,44,287796
39253,0.015386,172.31.46.0-255,66,115920,44,287796
39254,0.018033,74.125.24.0-255,5738,121658,44,287796
39255,0.018051,172.31.46.0-255,66,121724,44,287796
39256,0.020729,74.125.24.0-255,5738,127462,44,287796
39257,0.020746,172.31.46.0-255,66,127528,44,287796
39258,0.023389,74.125.24.0-255,5738,133266,44,287796
39259,0.0234,172.31.46.0-255,66,133332,44,287796
39260,0.026077,74.125.24.0-255,5738,139070,44,287796
39261,0.026094,172.31.46.0-255,66,139136,44,287796
39262,0.028765,74.125.24.0-255,5738,144874,44,287796
39263,0.028779,172.31.46.0-255,66,144940,44,287796
39264,0.031429,74.125.24.0-255,5738,150678,44,287796
39265,0.031442,172.31.46.0-255,66,150744,44,287796
39266,0.034083,74.125.24.0-255,5738,156482,44,287796
39267,0.034098,172.31.46.0-255,66,156548,44,287796
39268,0.036261,172.31.46.0-255,172,156720,44,287796
39269,0.036295,172.31.46.0-255,1114,157834,44,287796
39270,0.036379,172.31.46.0-255,1514,159348,44,287796
39271,0.036381,172.31.46.0-255,1514,160862,44,287796
39272,0.036386,172.31.46.0-255,1514,162376,44,287796
39273,0.036387,172.31.46.0-255,1514,163890,44,287796
39274,0.036408,172.31.46.0-255,1514,165404,44,287796
39275,0.036409,172.31.46.0-255,70,165474,44,287796
39276,0.036691,74.125.24.0-255,5738,171212,44,287796
39277,0.036698,172.31.46.0-255,66,171278,44,287796
39278,0.037854,104.244.42.0-255,66,171344,44,287796
39279,0.037863,104.244.42.0-255,66,171410,44,287796
39280,0.037979,104.244.42.0-255,66,171476,44,287796
39281,0.038003,104.244.42.0-255,66,171542,44,287796
39282,0.039372,74.125.24.0-255,5738,177280,44,287796
39283,0.039381,172.31.46.0-255,66,177346,44,287796
39284,0.041753,104.244.42.0-255,108,177454,44,287796
39285,0.041765,172.31.46.0-255,66,177520,44,287796
39286,0.042008,74.125.24.0-255,5738,183258,44,287796
39287,0.042015,172.31.46.0-255,66,183324,44,287796
39288,0.044678,74.125.24.0-255,5738,189062,44,287796
39289,0.044685,172.31.46.0-255,66,189128,44,287796
39290,0.047382,74.125.24.0-255,5738,194866,44,287796
39291,0.04739,172.31.46.0-255,66,194932,44,287796
39292,0.050003,74.125.24.0-255,5738,200670,44,287796
39293,0.050012,172.31.46.0-255,66,200736,44,287796
39294,0.052644,74.125.24.0-255,5738,206474,44,287796
39295,0.052651,172.31.46.0-255,66,206540,44,287796
39296,0.055351,74.125.24.0-255,5738,212278,44,287796
39297,0.05536,172.31.46.0-255,66,212344,44,287796
39298,0.058001,74.125.24.0-255,5738,218082,44,287796
39299,0.058012,172.31.46.0-255,66,218148,44,287796
39300,0.060704,74.125.24.0-255,5738,223886,44,287796
39301,0.060709,172.31.46.0-255,66,223952,44,287796
39302,0.06335,74.125.24.0-255,5738,229690,44,287796
39303,0.063359,172.31.46.0-255,66,229756,44,287796
39304,0.066066,74.125.24.0-255,5738,235494,44,287796
39305,0.066075,172.31.46.0-255,66,235560,44,287796
39306,0.068729,74.125.24.0-255,5738,241298,44,287796
39307,0.068739,172.31.46.0-255,66,241364,44,287796
39308,0.071425,74.125.24.0-255,5738,247102,44,287796
39309,0.071432,172.31.46.0-255,66,247168,44,287796
39310,0.074043,74.125.24.0-255,5738,252906,44,287796
39311,0.074055,172.31.46.0-255,66,252972,44,287796
39312,0.076678,74.125.24.0-255,5738,258710,44,287796
39313,0.076686,172.31.46.0-255,66,258776,44,287796
39314,0.079346,74.125.24.0-255,5738,264514,44,287796
39315,0.079359,172.31.46.0-255,66,264580,44,287796
39316,0.081984,74.125.24.0-255,5738,270318,44,287796
39317,0.081993,172.31.46.0-255,66,270384,44,287796
39318,0.08465,74.125.24.0-255,5738,276122,44,287796
39319,0.084658,172.31.46.0-255,66,276188,44,287796
39320,0.087333,74.125.24.0-255,5738,281926,44,287796
39321,0.087341,172.31.46.0-255,66,281992,44,287796
39322,0.089971,74.125.24.0-255,5738,287730,44,287796
39323,0.089978,172.31.46.0-255,66,287796,44,287796
39324,0.0,172.217.194.0-255,290,290,44,162739
39325,2.2e-05,172.31.46.0-255,66,356,44,162739
39326,2.8e-05,172.217.194.0-255,1484,1840,44,162739
39327,3.2e-05,172.31.46.0-255,66,1906,44,162739
39328,3.8e-05,172.217.194.0-255,4320,6226,44,162739
39329,4.1e-05,172.31.46.0-255,66,6292,44,162739
39330,6e-05,172.31.46.0-255,66,6358,44,162739
39331,7e-05,172.31.46.0-255,66,6424,44,162739
39332,8.1e-05,172.31.46.0-255,66,6490,44,162739
39333,0.000111,172.217.194.0-255,7156,13646,44,162739
39334,0.000114,172.31.46.0-255,66,13712,44,162739
39335,0.000139,172.217.194.0-255,6438,20150,44,162739
39336,0.000142,172.31.46.0-255,66,20216,44,162739
39337,0.000194,172.217.194.0-255,1484,21700,44,162739
39338,0.000197,172.31.46.0-255,66,21766,44,162739
39339,0.000202,172.217.194.0-255,2902,24668,44,162739
39340,0.000204,172.31.46.0-255,66,24734,44,162739
39341,0.000238,172.217.194.0-255,5738,30472,44,162739
39342,0.000241,172.31.46.0-255,66,30538,44,162739
39343,0.000244,172.217.194.0-255,1484,32022,44,162739
39344,0.000245,172.31.46.0-255,66,32088,44,162739
39345,0.000268,172.217.194.0-255,5703,37791,44,162739
39346,0.000271,172.31.46.0-255,66,37857,44,162739
39347,0.000287,172.217.194.0-255,2902,40759,44,162739
39348,0.000294,172.31.46.0-255,66,40825,44,162739
39349,0.00032,172.217.194.0-255,4320,45145,44,162739
39350,0.000323,172.31.46.0-255,66,45211,44,162739
39351,0.000328,172.217.194.0-255,5738,50949,44,162739
39352,0.00033,172.31.46.0-255,66,51015,44,162739
39353,0.000354,172.217.194.0-255,3677,54692,44,162739
39354,0.000356,172.31.46.0-255,66,54758,44,162739
39355,0.000517,172.217.194.0-255,1484,56242,44,162739
39356,0.000525,172.217.194.0-255,2902,59144,44,162739
39357,0.000529,172.31.46.0-255,66,59210,44,162739
39358,0.000533,172.217.194.0-255,2902,62112,44,162739
39359,0.000535,172.31.46.0-255,66,62178,44,162739
39360,0.000559,172.217.194.0-255,2902,65080,44,162739
39361,0.000561,172.31.46.0-255,66,65146,44,162739
39362,0.000573,172.31.46.0-255,66,65212,44,162739
39363,0.000613,172.217.194.0-255,1484,66696,44,162739
39364,0.000642,172.31.46.0-255,66,66762,44,162739
39365,0.000932,172.217.194.0-255,1484,68246,44,162739
39366,0.000936,172.217.194.0-255,1484,69730,44,162739
39367,0.000939,172.31.46.0-255,66,69796,44,162739
39368,0.000965,172.217.194.0-255,1484,71280,44,162739
39369,0.000971,172.217.194.0-255,5738,77018,44,162739
39370,0.000973,172.31.46.0-255,66,77084,44,162739
39371,0.000979,172.217.194.0-255,4320,81404,44,162739
39372,0.00098,172.31.46.0-255,66,81470,44,162739
39373,0.000992,172.31.46.0-255,66,81536,44,162739
39374,0.001024,172.31.46.0-255,66,81602,44,162739
39375,0.001339,172.217.194.0-255,1484,83086,44,162739
39376,0.00136,172.217.194.0-255,2902,85988,44,162739
39377,0.001363,172.31.46.0-255,66,86054,44,162739
39378,0.001369,172.217.194.0-255,5738,91792,44,162739
39379,0.001371,172.31.46.0-255,66,91858,44,162739
39380,0.001401,172.31.46.0-255,66,91924,44,162739
39381,0.001467,172.31.46.0-255,66,91990,44,162739
39382,0.001472,172.217.194.0-255,4320,96310,44,162739
39383,0.001473,172.31.46.0-255,66,96376,44,162739
39384,0.001509,172.217.194.0-255,5738,102114,44,162739
39385,0.001511,172.31.46.0-255,66,102180,44,162739
39386,0.001523,172.31.46.0-255,66,102246,44,162739
39387,0.001528,172.217.194.0-255,5738,107984,44,162739
39388,0.00153,172.31.46.0-255,66,108050,44,162739
39389,0.00156,172.217.194.0-255,6438,114488,44,162739
39390,0.001562,172.31.46.0-255,66,114554,44,162739
39391,0.001565,172.217.194.0-255,1484,116038,44,162739
39392,0.001585,172.217.194.0-255,2902,118940,44,162739
39393,0.001587,172.31.46.0-255,66,119006,44,162739
39394,0.001593,172.217.194.0-255,5738,124744,44,162739
39395,0.001595,172.31.46.0-255,66,124810,44,162739
39396,0.001614,172.217.194.0-255,5738,130548,44,162739
39397,0.001616,172.31.46.0-255,66,130614,44,162739
39398,0.001638,172.217.194.0-255,7156,137770,44,162739
39399,0.00164,172.31.46.0-255,66,137836,44,162739
39400,0.001652,172.31.46.0-255,66,137902,44,162739
39401,0.001706,172.217.194.0-255,1484,139386,44,162739
39402,0.001729,172.217.194.0-255,2902,142288,44,162739
39403,0.001734,172.217.194.0-255,5738,148026,44,162739
39404,0.001738,172.31.46.0-255,66,148092,44,162739
39405,0.001745,172.31.46.0-255,66,148158,44,162739
39406,0.001748,172.217.194.0-255,1484,149642,44,162739
39407,0.001779,172.31.46.0-255,66,149708,44,162739
39408,0.001824,172.31.46.0-255,66,149774,44,162739
39409,0.001838,172.31.46.0-255,66,149840,44,162739
39410,0.001852,172.31.46.0-255,66,149906,44,162739
39411,0.001855,172.217.194.0-255,2902,152808,44,162739
39412,0.001858,172.31.46.0-255,66,152874,44,162739
39413,0.001899,172.31.46.0-255,66,152940,44,162739
39414,0.001914,172.31.46.0-255,66,153006,44,162739
39415,0.001992,172.31.46.0-255,66,153072,44,162739
39416,0.002027,172.31.46.0-255,66,153138,44,162739
39417,0.00204,172.31.46.0-255,66,153204,44,162739
39418,0.002043,172.217.194.0-255,105,153309,44,162739
39419,0.004284,172.31.46.0-255,66,153375,44,162739
39420,0.004323,172.31.46.0-255,105,153480,44,162739
39421,0.006363,172.217.194.0-255,66,153546,44,162739
39422,0.041008,172.31.46.0-255,172,153718,44,162739
39423,0.041042,172.31.46.0-255,1109,154827,44,162739
39424,0.041106,172.31.46.0-255,1514,156341,44,162739
39425,0.041108,172.31.46.0-255,1514,157855,44,162739
39426,0.04111,172.31.46.0-255,1514,159369,44,162739
39427,0.041115,172.31.46.0-255,1514,160883,44,162739
39428,0.041116,172.31.46.0-255,1514,162397,44,162739
39429,0.041117,172.31.46.0-255,78,162475,44,162739
39430,0.042561,104.244.42.0-255,66,162541,44,162739
39431,0.042572,104.244.42.0-255,66,162607,44,162739
39432,0.042638,104.244.42.0-255,66,162673,44,162739
39433,0.042643,104.244.42.0-255,66,162739,44,162739
39434,0.0,74.125.68.0-255,66,66,44,66
39435,0.0,74.125.24.0-255,153,153,44,225558
39436,1.4e-05,172.31.46.0-255,66,219,44,225558
39437,2.1e-05,74.125.24.0-255,1484,1703,44,225558
39438,2.6e-05,172.31.46.0-255,66,1769,44,225558
39439,3.9e-05,74.125.24.0-255,2902,4671,44,225558
39440,4.2e-05,172.31.46.0-255,66,4737,44,225558
39441,5.1e-05,74.125.24.0-255,7156,11893,44,225558
39442,5.4e-05,172.31.46.0-255,66,11959,44,225558
39443,5.7e-05,74.125.24.0-255,2006,13965,44,225558
39444,6e-05,172.31.46.0-255,66,14031,44,225558
39445,0.000345,74.125.24.0-255,1484,15515,44,225558
39446,0.000351,172.31.46.0-255,66,15581,44,225558
39447,0.000358,74.125.24.0-255,2902,18483,44,225558
39448,0.00036,172.31.46.0-255,66,18549,44,225558
39449,0.000388,74.125.24.0-255,5738,24287,44,225558
39450,0.00039,172.31.46.0-255,66,24353,44,225558
39451,0.000397,74.125.24.0-255,1484,25837,44,225558
39452,0.000399,172.31.46.0-255,66,25903,44,225558
39453,0.000421,74.125.24.0-255,2902,28805,44,225558
39454,0.000424,172.31.46.0-255,66,28871,44,225558
39455,0.000476,74.125.24.0-255,2543,31414,44,225558
39456,0.000479,172.31.46.0-255,66,31480,44,225558
39457,0.000684,74.125.24.0-255,1484,32964,44,225558
39458,0.000689,172.31.46.0-255,66,33030,44,225558
39459,0.000702,74.125.24.0-255,2902,35932,44,225558
39460,0.000708,172.31.46.0-255,66,35998,44,225558
39461,0.000713,74.125.24.0-255,2902,38900,44,225558
39462,0.000715,172.31.46.0-255,66,38966,44,225558
39463,0.000753,74.125.24.0-255,7156,46122,44,225558
39464,0.000755,172.31.46.0-255,66,46188,44,225558
39465,0.000781,172.31.46.0-255,66,46254,44,225558
39466,0.000822,74.125.24.0-255,4320,50574,44,225558
39467,0.000842,74.125.24.0-255,4269,54843,44,225558
39468,0.000845,74.125.24.0-255,378,55221,44,225558
39469,0.000853,172.31.46.0-255,66,55287,44,225558
39470,0.001247,74.125.24.0-255,1484,56771,44,225558
39471,0.001257,74.125.24.0-255,2902,59673,44,225558
39472,0.001261,172.31.46.0-255,66,59739,44,225558
39473,0.001275,74.125.24.0-255,1484,61223,44,225558
39474,0.001302,74.125.24.0-255,4320,65543,44,225558
39475,0.001309,74.125.24.0-255,5738,71281,44,225558
39476,0.001346,74.125.24.0-255,5020,76301,44,225558
39477,0.001388,74.125.24.0-255,1484,77785,44,225558
39478,0.001392,74.125.24.0-255,1484,79269,44,225558
39479,0.001407,74.125.24.0-255,1484,80753,44,225558
39480,0.00141,74.125.24.0-255,1484,82237,44,225558
39481,0.00143,74.125.24.0-255,4320,86557,44,225558
39482,0.001434,74.125.24.0-255,2902,89459,44,225558
39483,0.001512,74.125.24.0-255,2184,91643,44,225558
39484,0.001982,74.125.24.0-255,1484,93127,44,225558
39485,0.001991,74.125.24.0-255,2902,96029,44,225558
39486,0.001995,74.125.24.0-255,1484,97513,44,225558
39487,0.002022,74.125.24.0-255,4320,101833,44,225558
39488,0.002028,74.125.24.0-255,4320,106153,44,225558
39489,0.002032,74.125.24.0-255,2902,109055,44,225558
39490,0.00206,74.125.24.0-255,5738,114793,44,225558
39491,0.002076,74.125.24.0-255,2184,116977,44,225558
39492,0.002079,74.125.24.0-255,1484,118461,44,225558
39493,0.002101,74.125.24.0-255,7156,125617,44,225558
39494,0.002106,74.125.24.0-255,4320,129937,44,225558
39495,0.002179,74.125.24.0-255,4320,134257,44,225558
39496,0.002182,74.125.24.0-255,2184,136441,44,225558
39497,0.00234,74.125.24.0-255,1484,137925,44,225558
39498,0.002344,74.125.24.0-255,1484,139409,44,225558
39499,0.002364,74.125.24.0-255,1484,140893,44,225558
39500,0.002367,74.125.24.0-255,1484,142377,44,225558
39501,0.002369,74.125.24.0-255,1484,143861,44,225558
39502,0.002372,74.125.24.0-255,1484,145345,44,225558
39503,0.002396,74.125.24.0-255,4320,149665,44,225558
39504,0.002411,74.125.24.0-255,4320,153985,44,225558
39505,0.002423,74.125.24.0-255,1484,155469,44,225558
39506,0.002438,74.125.24.0-255,5020,160489,44,225558
39507,0.002505,74.125.24.0-255,1484,161973,44,225558
39508,0.00251,74.125.24.0-255,2902,164875,44,225558
39509,0.002545,74.125.24.0-255,5738,170613,44,225558
39510,0.002551,74.125.24.0-255,5738,176351,44,225558
39511,0.002577,74.125.24.0-255,7156,183507,44,225558
39512,0.002584,74.125.24.0-255,5738,189245,44,225558
39513,0.002604,74.125.24.0-255,5020,194265,44,225558
39514,0.002733,74.125.24.0-255,2902,197167,44,225558
39515,0.002735,74.125.24.0-255,766,197933,44,225558
39516,0.002743,74.125.24.0-255,7156,205089,44,225558
39517,0.002746,74.125.24.0-255,1484,206573,44,225558
39518,0.002775,74.125.24.0-255,7156,213729,44,225558
39519,0.002781,74.125.24.0-255,5738,219467,44,225558
39520,0.002858,74.125.24.0-255,3602,223069,44,225558
39521,0.002879,74.125.24.0-255,97,223166,44,225558
39522,0.002881,74.125.24.0-255,105,223271,44,225558
39523,0.006182,172.31.46.0-255,66,223337,44,225558
39524,0.008631,172.31.46.0-255,105,223442,44,225558
39525,0.010619,74.125.24.0-255,66,223508,44,225558
39526,0.038593,172.31.46.0-255,172,223680,44,225558
39527,0.038623,172.31.46.0-255,1114,224794,44,225558
39528,0.038679,172.31.46.0-255,566,225360,44,225558
39529,0.040132,104.244.42.0-255,66,225426,44,225558
39530,0.040192,104.244.42.0-255,66,225492,44,225558
39531,0.040219,104.244.42.0-255,66,225558,44,225558
39532,0.0,172.31.46.0-255,105,105,44,459
39533,0.000123,172.31.46.0-255,90,195,44,459
39534,0.00013,172.31.46.0-255,66,261,44,459
39535,0.002439,74.125.24.0-255,66,327,44,459
39536,0.002454,74.125.24.0-255,66,393,44,459
39537,0.002466,172.31.46.0-255,66,459,44,459
39538,0.0,74.125.24.0-255,146,146,44,307036
39539,2.5e-05,172.31.46.0-255,66,212,44,307036
39540,3.2e-05,74.125.24.0-255,1484,1696,44,307036
39541,3.7e-05,172.31.46.0-255,66,1762,44,307036
39542,4.3e-05,74.125.24.0-255,2902,4664,44,307036
39543,4.6e-05,172.31.46.0-255,66,4730,44,307036
39544,5.4e-05,74.125.24.0-255,7156,11886,44,307036
39545,5.8e-05,172.31.46.0-255,66,11952,44,307036
39546,6.2e-05,74.125.24.0-255,2084,14036,44,307036
39547,6.5e-05,172.31.46.0-255,66,14102,44,307036
39548,0.000174,74.125.24.0-255,1484,15586,44,307036
39549,0.000178,172.31.46.0-255,66,15652,44,307036
39550,0.000183,74.125.24.0-255,2902,18554,44,307036
39551,0.000185,172.31.46.0-255,66,18620,44,307036
39552,0.00019,74.125.24.0-255,2902,21522,44,307036
39553,0.000192,172.31.46.0-255,66,21588,44,307036
39554,0.00021,74.125.24.0-255,2902,24490,44,307036
39555,0.000212,172.31.46.0-255,66,24556,44,307036
39556,0.000218,74.125.24.0-255,5738,30294,44,307036
39557,0.000221,172.31.46.0-255,66,30360,44,307036
39558,0.000263,74.125.24.0-255,1125,31485,44,307036
39559,0.000265,172.31.46.0-255,66,31551,44,307036
39560,0.000268,74.125.24.0-255,1484,33035,44,307036
39561,0.00027,172.31.46.0-255,66,33101,44,307036
39562,0.000276,74.125.24.0-255,4320,37421,44,307036
39563,0.000278,172.31.46.0-255,66,37487,44,307036
39564,0.000313,172.31.46.0-255,66,37553,44,307036
39565,0.000316,74.125.24.0-255,1125,38678,44,307036
39566,0.000318,172.31.46.0-255,66,38744,44,307036
39567,0.00179,74.125.24.0-255,1484,40228,44,307036
39568,0.001802,172.31.46.0-255,66,40294,44,307036
39569,0.001813,74.125.24.0-255,2902,43196,44,307036
39570,0.001816,172.31.46.0-255,66,43262,44,307036
39571,0.001823,74.125.24.0-255,5738,49000,44,307036
39572,0.001843,172.31.46.0-255,66,49066,44,307036
39573,0.001852,74.125.24.0-255,6797,55863,44,307036
39574,0.001856,172.31.46.0-255,66,55929,44,307036
39575,0.001898,74.125.24.0-255,1484,57413,44,307036
39576,0.001903,74.125.24.0-255,1484,58897,44,307036
39577,0.001905,172.31.46.0-255,66,58963,44,307036
39578,0.001928,74.125.24.0-255,1484,60447,44,307036
39579,0.001935,74.125.24.0-255,5738,66185,44,307036
39580,0.001937,172.31.46.0-255,66,66251,44,307036
39581,0.001944,74.125.24.0-255,5738,71989,44,307036
39582,0.001947,172.31.46.0-255,66,72055,44,307036
39583,0.00197,74.125.24.0-255,1125,73180,44,307036
39584,0.001973,74.125.24.0-255,647,73827,44,307036
39585,0.001975,172.31.46.0-255,66,73893,44,307036
39586,0.001979,74.125.24.0-255,1484,75377,44,307036
39587,0.001983,74.125.24.0-255,2902,78279,44,307036
39588,0.001985,172.31.46.0-255,66,78345,44,307036
39589,0.002003,74.125.24.0-255,1484,79829,44,307036
39590,0.002014,172.31.46.0-255,66,79895,44,307036
39591,0.002033,74.125.24.0-255,1484,81379,44,307036
39592,0.002036,74.125.24.0-255,1125,82504,44,307036
39593,0.002039,172.31.46.0-255,66,82570,44,307036
39594,0.004313,74.125.24.0-255,2902,85472,44,307036
39595,0.004327,172.31.46.0-255,66,85538,44,307036
39596,0.00435,74.125.24.0-255,2902,88440,44,307036
39597,0.004353,172.31.46.0-255,66,88506,44,307036
39598,0.006611,74.125.24.0-255,2902,91408,44,307036
39599,0.006618,172.31.46.0-255,66,91474,44,307036
39600,0.006643,74.125.24.0-255,2902,94376,44,307036
39601,0.006645,172.31.46.0-255,66,94442,44,307036
39602,0.008915,74.125.24.0-255,2902,97344,44,307036
39603,0.008924,172.31.46.0-255,66,97410,44,307036
39604,0.008945,74.125.24.0-255,2902,100312,44,307036
39605,0.008948,172.31.46.0-255,66,100378,44,307036
39606,0.011237,74.125.24.0-255,2902,103280,44,307036
39607,0.011249,172.31.46.0-255,66,103346,44,307036
39608,0.011271,74.125.24.0-255,2902,106248,44,307036
39609,0.011275,172.31.46.0-255,66,106314,44,307036
39610,0.013577,74.125.24.0-255,5738,112052,44,307036
39611,0.013587,172.31.46.0-255,66,112118,44,307036
39612,0.015923,74.125.24.0-255,5738,117856,44,307036
39613,0.015942,172.31.46.0-255,66,117922,44,307036
39614,0.018229,74.125.24.0-255,5738,123660,44,307036
39615,0.018242,172.31.46.0-255,66,123726,44,307036
39616,0.020551,74.125.24.0-255,5738,129464,44,307036
39617,0.020569,172.31.46.0-255,66,129530,44,307036
39618,0.022872,74.125.24.0-255,5738,135268,44,307036
39619,0.022881,172.31.46.0-255,66,135334,44,307036
39620,0.025185,74.125.24.0-255,5738,141072,44,307036
39621,0.025196,172.31.46.0-255,66,141138,44,307036
39622,0.027524,74.125.24.0-255,5738,146876,44,307036
39623,0.027539,172.31.46.0-255,66,146942,44,307036
39624,0.029826,74.125.24.0-255,5738,152680,44,307036
39625,0.029856,172.31.46.0-255,66,152746,44,307036
39626,0.03216,74.125.24.0-255,5738,158484,44,307036
39627,0.032174,172.31.46.0-255,66,158550,44,307036
39628,0.034477,74.125.24.0-255,5738,164288,44,307036
39629,0.034495,172.31.46.0-255,66,164354,44,307036
39630,0.0368,74.125.24.0-255,5738,170092,44,307036
39631,0.036814,172.31.46.0-255,66,170158,44,307036
39632,0.039101,74.125.24.0-255,5738,175896,44,307036
39633,0.039112,172.31.46.0-255,66,175962,44,307036
39634,0.041449,74.125.24.0-255,5738,181700,44,307036
39635,0.041465,172.31.46.0-255,66,181766,44,307036
39636,0.042236,172.31.46.0-255,172,181938,44,307036
39637,0.042268,172.31.46.0-255,1114,183052,44,307036
39638,0.042349,172.31.46.0-255,1514,184566,44,307036
39639,0.042351,172.31.46.0-255,1514,186080,44,307036
39640,0.042352,172.31.46.0-255,1514,187594,44,307036
39641,0.042353,172.31.46.0-255,1514,189108,44,307036
39642,0.042381,172.31.46.0-255,1514,190622,44,307036
39643,0.042383,172.31.46.0-255,70,190692,44,307036
39644,0.043743,74.125.24.0-255,5738,196430,44,307036
39645,0.043752,172.31.46.0-255,66,196496,44,307036
39646,0.043771,104.244.42.0-255,66,196562,44,307036
39647,0.043794,104.244.42.0-255,66,196628,44,307036
39648,0.043917,104.244.42.0-255,66,196694,44,307036
39649,0.043924,104.244.42.0-255,66,196760,44,307036
39650,0.046106,74.125.24.0-255,5738,202498,44,307036
39651,0.046115,172.31.46.0-255,66,202564,44,307036
39652,0.048434,74.125.24.0-255,5738,208302,44,307036
39653,0.048442,172.31.46.0-255,66,208368,44,307036
39654,0.050733,74.125.24.0-255,5738,214106,44,307036
39655,0.050751,172.31.46.0-255,66,214172,44,307036
39656,0.053065,74.125.24.0-255,5738,219910,44,307036
39657,0.053081,172.31.46.0-255,66,219976,44,307036
39658,0.0554,74.125.24.0-255,5738,225714,44,307036
39659,0.055415,172.31.46.0-255,66,225780,44,307036
39660,0.057734,74.125.24.0-255,5738,231518,44,307036
39661,0.057758,172.31.46.0-255,66,231584,44,307036
39662,0.060098,74.125.24.0-255,5738,237322,44,307036
39663,0.060118,172.31.46.0-255,66,237388,44,307036
39664,0.062402,74.125.24.0-255,5738,243126,44,307036
39665,0.062413,172.31.46.0-255,66,243192,44,307036
39666,0.064775,74.125.24.0-255,5738,248930,44,307036
39667,0.064789,172.31.46.0-255,66,248996,44,307036
39668,0.067079,74.125.24.0-255,5738,254734,44,307036
39669,0.06709,172.31.46.0-255,66,254800,44,307036
39670,0.069389,74.125.24.0-255,5738,260538,44,307036
39671,0.069403,172.31.46.0-255,66,260604,44,307036
39672,0.071742,74.125.24.0-255,5738,266342,44,307036
39673,0.071756,172.31.46.0-255,66,266408,44,307036
39674,0.07408,74.125.24.0-255,5738,272146,44,307036
39675,0.074099,172.31.46.0-255,66,272212,44,307036
39676,0.076407,74.125.24.0-255,5738,277950,44,307036
39677,0.076425,172.31.46.0-255,66,278016,44,307036
39678,0.078747,74.125.24.0-255,5738,283754,44,307036
39679,0.07876,172.31.46.0-255,66,283820,44,307036
39680,0.081066,74.125.24.0-255,5738,289558,44,307036
39681,0.081078,172.31.46.0-255,66,289624,44,307036
39682,0.083405,74.125.24.0-255,5738,295362,44,307036
39683,0.083416,172.31.46.0-255,66,295428,44,307036
39684,0.085767,74.125.24.0-255,5738,301166,44,307036
39685,0.085781,172.31.46.0-255,66,301232,44,307036
39686,0.088082,74.125.24.0-255,5738,306970,44,307036
39687,0.088091,172.31.46.0-255,66,307036,44,307036
39688,0.0,74.125.24.0-255,146,146,44,353201
39689,2.4e-05,172.31.46.0-255,66,212,44,353201
39690,3.1e-05,74.125.24.0-255,1484,1696,44,353201
39691,3.7e-05,172.31.46.0-255,66,1762,44,353201
39692,4.2e-05,74.125.24.0-255,2902,4664,44,353201
39693,5.5e-05,172.31.46.0-255,66,4730,44,353201
39694,6.4e-05,74.125.24.0-255,7156,11886,44,353201
39695,6.7e-05,172.31.46.0-255,66,11952,44,353201
39696,7.1e-05,74.125.24.0-255,2014,13966,44,353201
39697,7.4e-05,172.31.46.0-255,66,14032,44,353201
39698,0.00018,74.125.24.0-255,1484,15516,44,353201
39699,0.000184,172.31.46.0-255,66,15582,44,353201
39700,0.000188,74.125.24.0-255,1484,17066,44,353201
39701,0.00019,172.31.46.0-255,66,17132,44,353201
39702,0.000209,74.125.24.0-255,1484,18616,44,353201
39703,0.000211,172.31.46.0-255,66,18682,44,353201
39704,0.000246,74.125.24.0-255,4320,23002,44,353201
39705,0.000249,172.31.46.0-255,66,23068,44,353201
39706,0.000252,74.125.24.0-255,1484,24552,44,353201
39707,0.000254,172.31.46.0-255,66,24618,44,353201
39708,0.000288,172.31.46.0-255,66,24684,44,353201
39709,0.000299,74.125.24.0-255,5738,30422,44,353201
39710,0.000301,172.31.46.0-255,66,30488,44,353201
39711,0.000329,74.125.24.0-255,5738,36226,44,353201
39712,0.000332,172.31.46.0-255,66,36292,44,353201
39713,0.000353,74.125.24.0-255,3961,40253,44,353201
39714,0.000356,172.31.46.0-255,66,40319,44,353201
39715,0.000819,74.125.24.0-255,1484,41803,44,353201
39716,0.000823,74.125.24.0-255,1484,43287,44,353201
39717,0.000828,172.31.46.0-255,66,43353,44,353201
39718,0.000836,172.31.46.0-255,66,43419,44,353201
39719,0.000841,74.125.24.0-255,1484,44903,44,353201
39720,0.000846,172.31.46.0-255,66,44969,44,353201
39721,0.000854,74.125.24.0-255,5738,50707,44,353201
39722,0.000856,172.31.46.0-255,66,50773,44,353201
39723,0.000895,172.31.46.0-255,66,50839,44,353201
39724,0.0009,74.125.24.0-255,2902,53741,44,353201
39725,0.000902,172.31.46.0-255,66,53807,44,353201
39726,0.000938,74.125.24.0-255,7156,60963,44,353201
39727,0.000945,74.125.24.0-255,5959,66922,44,353201
39728,0.00095,172.31.46.0-255,66,66988,44,353201
39729,0.000957,172.31.46.0-255,66,67054,44,353201
39730,0.000971,74.125.24.0-255,7156,74210,44,353201
39731,0.000974,172.31.46.0-255,66,74276,44,353201
39732,0.000994,74.125.24.0-255,1484,75760,44,353201
39733,0.000997,172.31.46.0-255,66,75826,44,353201
39734,0.001032,74.125.24.0-255,6797,82623,44,353201
39735,0.001035,172.31.46.0-255,66,82689,44,353201
39736,0.001093,74.125.24.0-255,1484,84173,44,353201
39737,0.001096,172.31.46.0-255,66,84239,44,353201
39738,0.001119,74.125.24.0-255,2902,87141,44,353201
39739,0.001121,172.31.46.0-255,66,87207,44,353201
39740,0.001129,74.125.24.0-255,5738,92945,44,353201
39741,0.001141,172.31.46.0-255,66,93011,44,353201
39742,0.001186,74.125.24.0-255,6133,99144,44,353201
39743,0.001195,172.31.46.0-255,66,99210,44,353201
39744,0.001544,74.125.24.0-255,1484,100694,44,353201
39745,0.001549,172.31.46.0-255,66,100760,44,353201
39746,0.001554,74.125.24.0-255,2902,103662,44,353201
39747,0.001557,172.31.46.0-255,66,103728,44,353201
39748,0.001587,74.125.24.0-255,2902,106630,44,353201
39749,0.001604,74.125.24.0-255,2902,109532,44,353201
39750,0.001606,74.125.24.0-255,1484,111016,44,353201
39751,0.001608,172.31.46.0-255,66,111082,44,353201
39752,0.001614,172.31.46.0-255,66,111148,44,353201
39753,0.00164,74.125.24.0-255,2902,114050,44,353201
39754,0.001646,74.125.24.0-255,3238,117288,44,353201
39755,0.001663,172.31.46.0-255,66,117354,44,353201
39756,0.001672,74.125.24.0-255,1484,118838,44,353201
39757,0.001688,74.125.24.0-255,2902,121740,44,353201
39758,0.001693,74.125.24.0-255,4320,126060,44,353201
39759,0.001709,74.125.24.0-255,2902,128962,44,353201
39760,0.001722,74.125.24.0-255,2902,131864,44,353201
39761,0.00173,172.31.46.0-255,66,131930,44,353201
39762,0.001754,172.31.46.0-255,66,131996,44,353201
39763,0.001798,74.125.24.0-255,5738,137734,44,353201
39764,0.001814,74.125.24.0-255,3602,141336,44,353201
39765,0.001827,172.31.46.0-255,66,141402,44,353201
39766,0.001942,74.125.24.0-255,1484,142886,44,353201
39767,0.001948,74.125.24.0-255,2902,145788,44,353201
39768,0.001953,172.31.46.0-255,66,145854,44,353201
39769,0.001988,74.125.24.0-255,5738,151592,44,353201
39770,0.002006,74.125.24.0-255,4320,155912,44,353201
39771,0.002011,172.31.46.0-255,66,155978,44,353201
39772,0.00202,74.125.24.0-255,2902,158880,44,353201
39773,0.002039,74.125.24.0-255,3602,162482,44,353201
39774,0.002061,74.125.24.0-255,4320,166802,44,353201
39775,0.002069,172.31.46.0-255,66,166868,44,353201
39776,0.00209,74.125.24.0-255,5738,172606,44,353201
39777,0.002113,74.125.24.0-255,4320,176926,44,353201
39778,0.00212,74.125.24.0-255,7156,184082,44,353201
39779,0.002124,172.31.46.0-255,66,184148,44,353201
39780,0.002149,74.125.24.0-255,2902,187050,44,353201
39781,0.002177,172.31.46.0-255,66,187116,44,353201
39782,0.004483,74.125.24.0-255,5738,192854,44,353201
39783,0.00449,172.31.46.0-255,66,192920,44,353201
39784,0.006749,74.125.24.0-255,5738,198658,44,353201
39785,0.006756,172.31.46.0-255,66,198724,44,353201
39786,0.009034,74.125.24.0-255,5738,204462,44,353201
39787,0.009041,172.31.46.0-255,66,204528,44,353201
39788,0.011314,74.125.24.0-255,5738,210266,44,353201
39789,0.011323,172.31.46.0-255,66,210332,44,353201
39790,0.01359,74.125.24.0-255,5738,216070,44,353201
39791,0.013604,172.31.46.0-255,66,216136,44,353201
39792,0.01587,74.125.24.0-255,5738,221874,44,353201
39793,0.015879,172.31.46.0-255,66,221940,44,353201
39794,0.018173,74.125.24.0-255,5738,227678,44,353201
39795,0.018185,172.31.46.0-255,66,227744,44,353201
39796,0.02047,74.125.24.0-255,5738,233482,44,353201
39797,0.020477,172.31.46.0-255,66,233548,44,353201
39798,0.022743,74.125.24.0-255,5738,239286,44,353201
39799,0.02275,172.31.46.0-255,66,239352,44,353201
39800,0.025015,74.125.24.0-255,5738,245090,44,353201
39801,0.025023,172.31.46.0-255,66,245156,44,353201
39802,0.027293,74.125.24.0-255,5738,250894,44,353201
39803,0.02731,172.31.46.0-255,66,250960,44,353201
39804,0.029901,74.125.24.0-255,5738,256698,44,353201
39805,0.029917,172.31.46.0-255,66,256764,44,353201
39806,0.032204,74.125.24.0-255,5738,262502,44,353201
39807,0.032215,172.31.46.0-255,66,262568,44,353201
39808,0.034484,74.125.24.0-255,5738,268306,44,353201
39809,0.034491,172.31.46.0-255,66,268372,44,353201
39810,0.035005,172.31.46.0-255,172,268544,44,353201
39811,0.035039,172.31.46.0-255,1115,269659,44,353201
39812,0.035103,172.31.46.0-255,1514,271173,44,353201
39813,0.035105,172.31.46.0-255,1514,272687,44,353201
39814,0.035106,172.31.46.0-255,1514,274201,44,353201
39815,0.035107,172.31.46.0-255,1514,275715,44,353201
39816,0.035136,172.31.46.0-255,1514,277229,44,353201
39817,0.035138,172.31.46.0-255,69,277298,44,353201
39818,0.03659,104.244.42.0-255,66,277364,44,353201
39819,0.036651,104.244.42.0-255,66,277430,44,353201
39820,0.03675,104.244.42.0-255,66,277496,44,353201
39821,0.036756,104.244.42.0-255,66,277562,44,353201
39822,0.036764,74.125.24.0-255,5738,283300,44,353201
39823,0.03677,172.31.46.0-255,66,283366,44,353201
39824,0.039029,74.125.24.0-255,5738,289104,44,353201
39825,0.039036,172.31.46.0-255,66,289170,44,353201
39826,0.039067,104.244.42.0-255,108,289278,44,353201
39827,0.039072,172.31.46.0-255,66,289344,44,353201
39828,0.04131,74.125.24.0-255,5738,295082,44,353201
39829,0.041318,172.31.46.0-255,66,295148,44,353201
39830,0.043667,74.125.24.0-255,5738,300886,44,353201
39831,0.043675,172.31.46.0-255,66,300952,44,353201
39832,0.045957,74.125.24.0-255,5738,306690,44,353201
39833,0.045969,172.31.46.0-255,66,306756,44,353201
39834,0.048235,74.125.24.0-255,5738,312494,44,353201
39835,0.048242,172.31.46.0-255,66,312560,44,353201
39836,0.050572,74.125.24.0-255,5738,318298,44,353201
39837,0.050587,172.31.46.0-255,66,318364,44,353201
39838,0.052852,74.125.24.0-255,5738,324102,44,353201
39839,0.052861,172.31.46.0-255,66,324168,44,353201
39840,0.055117,74.125.24.0-255,5738,329906,44,353201
39841,0.055125,172.31.46.0-255,66,329972,44,353201
39842,0.057437,74.125.24.0-255,5738,335710,44,353201
39843,0.057449,172.31.46.0-255,66,335776,44,353201
39844,0.059733,74.125.24.0-255,5738,341514,44,353201
39845,0.059741,172.31.46.0-255,66,341580,44,353201
39846,0.062045,74.125.24.0-255,5738,347318,44,353201
39847,0.062054,172.31.46.0-255,66,347384,44,353201
39848,0.064327,74.125.24.0-255,4320,351704,44,353201
39849,0.064335,172.31.46.0-255,66,351770,44,353201
39850,0.064369,74.125.24.0-255,1194,352964,44,353201
39851,0.064532,172.31.46.0-255,66,353030,44,353201
39852,0.06457,172.31.46.0-255,105,353135,44,353201
39853,0.066795,74.125.24.0-255,66,353201,44,353201
39854,0.0,172.31.46.0-255,105,105,44,459
39855,0.000158,172.31.46.0-255,90,195,44,459
39856,0.000167,172.31.46.0-255,66,261,44,459
39857,0.00222,172.217.194.0-255,66,327,44,459
39858,0.002244,172.217.194.0-255,66,393,44,459
39859,0.002263,172.31.46.0-255,66,459,44,459
39860,0.0,172.217.194.0-255,153,153,44,277925
39861,1.5e-05,172.31.46.0-255,66,219,44,277925
39862,2.2e-05,172.217.194.0-255,1484,1703,44,277925
39863,2.6e-05,172.31.46.0-255,66,1769,44,277925
39864,2.9e-05,172.217.194.0-255,1484,3253,44,277925
39865,3.2e-05,172.31.46.0-255,66,3319,44,277925
39866,4.5e-05,172.217.194.0-255,2902,6221,44,277925
39867,4.8e-05,172.31.46.0-255,66,6287,44,277925
39868,5.4e-05,172.217.194.0-255,5738,12025,44,277925
39869,5.7e-05,172.31.46.0-255,66,12091,44,277925
39870,6.1e-05,172.217.194.0-255,2042,14133,44,277925
39871,6.3e-05,172.31.46.0-255,66,14199,44,277925
39872,0.000127,172.217.194.0-255,1484,15683,44,277925
39873,0.00013,172.31.46.0-255,66,15749,44,277925
39874,0.000134,172.217.194.0-255,1484,17233,44,277925
39875,0.000136,172.31.46.0-255,66,17299,44,277925
39876,0.000166,172.217.194.0-255,1484,18783,44,277925
39877,0.000168,172.31.46.0-255,66,18849,44,277925
39878,0.000176,172.217.194.0-255,5738,24587,44,277925
39879,0.000178,172.31.46.0-255,66,24653,44,277925
39880,0.000184,172.217.194.0-255,5738,30391,44,277925
39881,0.000187,172.31.46.0-255,66,30457,44,277925
39882,0.000207,172.217.194.0-255,1125,31582,44,277925
39883,0.000209,172.31.46.0-255,66,31648,44,277925
39884,0.000288,172.217.194.0-255,1484,33132,44,277925
39885,0.000292,172.31.46.0-255,66,33198,44,277925
39886,0.000298,172.217.194.0-255,2902,36100,44,277925
39887,0.000301,172.31.46.0-255,66,36166,44,277925
39888,0.000305,172.217.194.0-255,2902,39068,44,277925
39889,0.000307,172.31.46.0-255,66,39134,44,277925
39890,0.000339,172.217.194.0-255,2902,42036,44,277925
39891,0.000342,172.31.46.0-255,66,42102,44,277925
39892,0.00035,172.217.194.0-255,6797,48899,44,277925
39893,0.000357,172.217.194.0-255,5738,54637,44,277925
39894,0.000397,172.217.194.0-255,2836,57473,44,277925
39895,0.0004,172.217.194.0-255,397,57870,44,277925
39896,0.000519,172.31.46.0-255,66,57936,44,277925
39897,0.000547,172.217.194.0-255,1484,59420,44,277925
39898,0.000552,172.217.194.0-255,2902,62322,44,277925
39899,0.000568,172.217.194.0-255,4320,66642,44,277925
39900,0.000584,172.217.194.0-255,1484,68126,44,277925
39901,0.000588,172.217.194.0-255,2902,71028,44,277925
39902,0.000591,172.31.46.0-255,66,71094,44,277925
39903,0.000597,172.31.46.0-255,66,71160,44,277925
39904,0.000626,172.217.194.0-255,7156,78316,44,277925
39905,0.000632,172.217.194.0-255,4320,82636,44,277925
39906,0.000664,172.31.46.0-255,66,82702,44,277925
39907,0.000669,172.31.46.0-255,66,82768,44,277925
39908,0.001028,172.217.194.0-255,1484,84252,44,277925
39909,0.001036,172.217.194.0-255,2902,87154,44,277925
39910,0.001042,172.217.194.0-255,5738,92892,44,277925
39911,0.001055,172.31.46.0-255,66,92958,44,277925
39912,0.00106,172.217.194.0-255,2902,95860,44,277925
39913,0.001065,172.31.46.0-255,66,95926,44,277925
39914,0.00112,172.31.46.0-255,66,95992,44,277925
39915,0.001165,172.217.194.0-255,1484,97476,44,277925
39916,0.001186,172.217.194.0-255,2902,100378,44,277925
39917,0.001193,172.217.194.0-255,5738,106116,44,277925
39918,0.001214,172.217.194.0-255,7156,113272,44,277925
39919,0.00123,172.217.194.0-255,5738,119010,44,277925
39920,0.001267,172.31.46.0-255,66,119076,44,277925
39921,0.001293,172.31.46.0-255,66,119142,44,277925
39922,0.001405,172.217.194.0-255,1484,120626,44,277925
39923,0.001431,172.217.194.0-255,2902,123528,44,277925
39924,0.001438,172.217.194.0-255,5738,129266,44,277925
39925,0.001441,172.217.194.0-255,1484,130750,44,277925
39926,0.001461,172.217.194.0-255,5738,136488,44,277925
39927,0.001464,172.217.194.0-255,1484,137972,44,277925
39928,0.001467,172.31.46.0-255,66,138038,44,277925
39929,0.001494,172.217.194.0-255,2184,140222,44,277925
39930,0.001503,172.31.46.0-255,66,140288,44,277925
39931,0.00153,172.31.46.0-255,66,140354,44,277925
39932,0.001877,172.217.194.0-255,1484,141838,44,277925
39933,0.001897,172.217.194.0-255,2902,144740,44,277925
39934,0.001901,172.31.46.0-255,66,144806,44,277925
39935,0.001933,172.217.194.0-255,5738,150544,44,277925
39936,0.001937,172.217.194.0-255,1484,152028,44,277925
39937,0.001951,172.217.194.0-255,2902,154930,44,277925
39938,0.001955,172.217.194.0-255,2902,157832,44,277925
39939,0.00197,172.217.194.0-255,2902,160734,44,277925
39940,0.001974,172.217.194.0-255,2902,163636,44,277925
39941,0.001981,172.31.46.0-255,66,163702,44,277925
39942,0.002014,172.31.46.0-255,66,163768,44,277925
39943,0.002018,172.217.194.0-255,2184,165952,44,277925
39944,0.00204,172.31.46.0-255,66,166018,44,277925
39945,0.002106,172.217.194.0-255,1484,167502,44,277925
39946,0.002118,172.217.194.0-255,2902,170404,44,277925
39947,0.002121,172.217.194.0-255,1484,171888,44,277925
39948,0.002138,172.217.194.0-255,4320,176208,44,277925
39949,0.002141,172.217.194.0-255,1484,177692,44,277925
39950,0.002144,172.217.194.0-255,1484,179176,44,277925
39951,0.002151,172.31.46.0-255,66,179242,44,277925
39952,0.002189,172.217.194.0-255,5738,184980,44,277925
39953,0.002206,172.217.194.0-255,4320,189300,44,277925
39954,0.002254,172.217.194.0-255,7156,196456,44,277925
39955,0.00226,172.217.194.0-255,4320,200776,44,277925
39956,0.002263,172.217.194.0-255,1484,202260,44,277925
39957,0.002285,172.217.194.0-255,4320,206580,44,277925
39958,0.002306,172.217.194.0-255,4320,210900,44,277925
39959,0.002351,172.217.194.0-255,2184,213084,44,277925
39960,0.002365,172.217.194.0-255,1484,214568,44,277925
39961,0.002386,172.217.194.0-255,1484,216052,44,277925
39962,0.00239,172.217.194.0-255,2902,218954,44,277925
39963,0.002407,172.217.194.0-255,4320,223274,44,277925
39964,0.00241,172.217.194.0-255,1484,224758,44,277925
39965,0.002412,172.217.194.0-255,1484,226242,44,277925
39966,0.002459,172.217.194.0-255,7156,233398,44,277925
39967,0.002475,172.217.194.0-255,2902,236300,44,277925
39968,0.00248,172.217.194.0-255,4320,240620,44,277925
39969,0.002504,172.217.194.0-255,6438,247058,44,277925
39970,0.00253,172.217.194.0-255,7156,254214,44,277925
39971,0.0026,172.217.194.0-255,2184,256398,44,277925
39972,0.002627,172.217.194.0-255,4320,260718,44,277925
39973,0.002651,172.217.194.0-255,1484,262202,44,277925
39974,0.002701,172.217.194.0-255,6016,268218,44,277925
39975,0.002746,172.217.194.0-255,105,268323,44,277925
39976,0.004762,172.31.46.0-255,66,268389,44,277925
39977,0.006766,172.31.46.0-255,105,268494,44,277925
39978,0.008837,172.217.194.0-255,66,268560,44,277925
39979,0.036665,172.31.46.0-255,172,268732,44,277925
39980,0.036699,172.31.46.0-255,1114,269846,44,277925
39981,0.036786,172.31.46.0-255,1514,271360,44,277925
39982,0.036788,172.31.46.0-255,1514,272874,44,277925
39983,0.036794,172.31.46.0-255,1514,274388,44,277925
39984,0.036795,172.31.46.0-255,1514,275902,44,277925
39985,0.036814,172.31.46.0-255,1514,277416,44,277925
39986,0.036816,172.31.46.0-255,71,277487,44,277925
39987,0.038214,104.244.42.0-255,66,277553,44,277925
39988,0.038225,104.244.42.0-255,66,277619,44,277925
39989,0.038315,104.244.42.0-255,66,277685,44,277925
39990,0.038357,104.244.42.0-255,66,277751,44,277925
39991,0.038985,104.244.42.0-255,108,277859,44,277925
39992,0.038995,172.31.46.0-255,66,277925,44,277925
39993,0.0,74.125.68.0-255,148,148,44,316289
39994,1.3e-05,172.31.46.0-255,66,214,44,316289
39995,2e-05,74.125.68.0-255,1484,1698,44,316289
39996,2.4e-05,172.31.46.0-255,66,1764,44,316289
39997,2.9e-05,74.125.68.0-255,2902,4666,44,316289
39998,3.2e-05,172.31.46.0-255,66,4732,44,316289
39999,5.8e-05,74.125.68.0-255,4320,9052,44,316289
40000,6.1e-05,172.31.46.0-255,66,9118,44,316289
40001,7.7e-05,74.125.68.0-255,1484,10602,44,316289
40002,7.9e-05,172.31.46.0-255,66,10668,44,316289
40003,0.000131,74.125.68.0-255,3356,14024,44,316289
40004,0.000134,172.31.46.0-255,66,14090,44,316289
40005,0.000343,74.125.68.0-255,1484,15574,44,316289
40006,0.000348,172.31.46.0-255,66,15640,44,316289
40007,0.000362,74.125.68.0-255,1484,17124,44,316289
40008,0.000364,172.31.46.0-255,66,17190,44,316289
40009,0.000389,74.125.68.0-255,2902,20092,44,316289
40010,0.000392,172.31.46.0-255,66,20158,44,316289
40011,0.000394,74.125.68.0-255,1484,21642,44,316289
40012,0.000396,172.31.46.0-255,66,21708,44,316289
40013,0.000415,74.125.68.0-255,4320,26028,44,316289
40014,0.000417,172.31.46.0-255,66,26094,44,316289
40015,0.00042,74.125.68.0-255,1484,27578,44,316289
40016,0.000422,172.31.46.0-255,66,27644,44,316289
40017,0.000447,74.125.68.0-255,2902,30546,44,316289
40018,0.00045,172.31.46.0-255,66,30612,44,316289
40019,0.000474,74.125.68.0-255,1125,31737,44,316289
40020,0.000476,172.31.46.0-255,66,31803,44,316289
40021,0.000993,74.125.68.0-255,1484,33287,44,316289
40022,0.000999,172.31.46.0-255,66,33353,44,316289
40023,0.001018,74.125.68.0-255,2902,36255,44,316289
40024,0.001021,172.31.46.0-255,66,36321,44,316289
40025,0.001042,74.125.68.0-255,4320,40641,44,316289
40026,0.001044,172.31.46.0-255,66,40707,44,316289
40027,0.001063,74.125.68.0-255,1484,42191,44,316289
40028,0.001076,74.125.68.0-255,2902,45093,44,316289
40029,0.001078,172.31.46.0-255,66,45159,44,316289
40030,0.001102,74.125.68.0-255,1484,46643,44,316289
40031,0.001119,74.125.68.0-255,5379,52022,44,316289
40032,0.001122,172.31.46.0-255,66,52088,44,316289
40033,0.001141,74.125.68.0-255,7156,59244,44,316289
40034,0.001144,172.31.46.0-255,66,59310,44,316289
40035,0.001185,74.125.68.0-255,6797,66107,44,316289
40036,0.001921,74.125.68.0-255,646,66753,44,316289
40037,0.002117,74.125.68.0-255,1484,68237,44,316289
40038,0.002122,74.125.68.0-255,2902,71139,44,316289
40039,0.002142,74.125.68.0-255,4320,75459,44,316289
40040,0.002154,74.125.68.0-255,1484,76943,44,316289
40041,0.00218,74.125.68.0-255,2902,79845,44,316289
40042,0.002203,74.125.68.0-255,7156,87001,44,316289
40043,0.002214,74.125.68.0-255,1484,88485,44,316289
40044,0.002217,74.125.68.0-255,1484,89969,44,316289
40045,0.002228,74.125.68.0-255,4320,94289,44,316289
40046,0.00224,74.125.68.0-255,4320,98609,44,316289
40047,0.002252,74.125.68.0-255,2184,100793,44,316289
40048,0.002994,172.31.46.0-255,66,100859,44,316289
40049,0.005277,74.125.68.0-255,5738,106597,44,316289
40050,0.005286,172.31.46.0-255,66,106663,44,316289
40051,0.007548,74.125.68.0-255,5738,112401,44,316289
40052,0.007557,172.31.46.0-255,66,112467,44,316289
40053,0.009818,74.125.68.0-255,5738,118205,44,316289
40054,0.009825,172.31.46.0-255,66,118271,44,316289
40055,0.01209,74.125.68.0-255,5738,124009,44,316289
40056,0.012097,172.31.46.0-255,66,124075,44,316289
40057,0.014407,74.125.68.0-255,5738,129813,44,316289
40058,0.014416,172.31.46.0-255,66,129879,44,316289
40059,0.016701,74.125.68.0-255,5738,135617,44,316289
40060,0.016712,172.31.46.0-255,66,135683,44,316289
40061,0.01898,74.125.68.0-255,5738,141421,44,316289
40062,0.01899,172.31.46.0-255,66,141487,44,316289
40063,0.021262,74.125.68.0-255,5738,147225,44,316289
40064,0.021271,172.31.46.0-255,66,147291,44,316289
40065,0.023535,74.125.68.0-255,5738,153029,44,316289
40066,0.023543,172.31.46.0-255,66,153095,44,316289
40067,0.02558,172.31.46.0-255,172,153267,44,316289
40068,0.02561,172.31.46.0-255,1113,154380,44,316289
40069,0.025682,172.31.46.0-255,1514,155894,44,316289
40070,0.025684,172.31.46.0-255,1514,157408,44,316289
40071,0.02569,172.31.46.0-255,1514,158922,44,316289
40072,0.025691,172.31.46.0-255,1514,160436,44,316289
40073,0.02571,172.31.46.0-255,1514,161950,44,316289
40074,0.025711,172.31.46.0-255,71,162021,44,316289
40075,0.025824,74.125.68.0-255,5738,167759,44,316289
40076,0.025829,172.31.46.0-255,66,167825,44,316289
40077,0.027136,104.244.42.0-255,66,167891,44,316289
40078,0.027184,104.244.42.0-255,66,167957,44,316289
40079,0.027296,104.244.42.0-255,66,168023,44,316289
40080,0.027315,104.244.42.0-255,66,168089,44,316289
40081,0.028097,74.125.68.0-255,5738,173827,44,316289
40082,0.028102,172.31.46.0-255,66,173893,44,316289
40083,0.030363,74.125.68.0-255,5738,179631,44,316289
40084,0.030368,172.31.46.0-255,66,179697,44,316289
40085,0.032631,74.125.68.0-255,5738,185435,44,316289
40086,0.032637,172.31.46.0-255,66,185501,44,316289
40087,0.034901,74.125.68.0-255,5738,191239,44,316289
40088,0.034906,172.31.46.0-255,66,191305,44,316289
40089,0.037174,74.125.68.0-255,5738,197043,44,316289
40090,0.037181,172.31.46.0-255,66,197109,44,316289
40091,0.039529,74.125.68.0-255,4320,201429,44,316289
40092,0.039536,172.31.46.0-255,66,201495,44,316289
40093,0.039553,74.125.68.0-255,1484,202979,44,316289
40094,0.042846,74.125.68.0-255,4320,207299,44,316289
40095,0.042855,172.31.46.0-255,66,207365,44,316289
40096,0.046865,74.125.68.0-255,5738,213103,44,316289
40097,0.046871,172.31.46.0-255,66,213169,44,316289
40098,0.049255,74.125.68.0-255,5738,218907,44,316289
40099,0.04926,172.31.46.0-255,66,218973,44,316289
40100,0.051552,74.125.68.0-255,5738,224711,44,316289
40101,0.051558,172.31.46.0-255,66,224777,44,316289
40102,0.053843,74.125.68.0-255,5738,230515,44,316289
40103,0.053849,172.31.46.0-255,66,230581,44,316289
40104,0.056135,74.125.68.0-255,5738,236319,44,316289
40105,0.056142,172.31.46.0-255,66,236385,44,316289
40106,0.0584,74.125.68.0-255,5738,242123,44,316289
40107,0.058406,172.31.46.0-255,66,242189,44,316289
40108,0.060675,74.125.68.0-255,5738,247927,44,316289
40109,0.06068,172.31.46.0-255,66,247993,44,316289
40110,0.06299,74.125.68.0-255,5738,253731,44,316289
40111,0.062995,172.31.46.0-255,66,253797,44,316289
40112,0.065256,74.125.68.0-255,5738,259535,44,316289
40113,0.065261,172.31.46.0-255,66,259601,44,316289
40114,0.067522,74.125.68.0-255,5738,265339,44,316289
40115,0.067528,172.31.46.0-255,66,265405,44,316289
40116,0.069799,74.125.68.0-255,5738,271143,44,316289
40117,0.069805,172.31.46.0-255,66,271209,44,316289
40118,0.072097,74.125.68.0-255,5738,276947,44,316289
40119,0.072102,172.31.46.0-255,66,277013,44,316289
40120,0.074371,74.125.68.0-255,5738,282751,44,316289
40121,0.074377,172.31.46.0-255,66,282817,44,316289
40122,0.076643,74.125.68.0-255,5738,288555,44,316289
40123,0.076653,172.31.46.0-255,66,288621,44,316289
40124,0.07892,74.125.68.0-255,5738,294359,44,316289
40125,0.078925,172.31.46.0-255,66,294425,44,316289
40126,0.081205,74.125.68.0-255,5738,300163,44,316289
40127,0.081212,172.31.46.0-255,66,300229,44,316289
40128,0.083482,74.125.68.0-255,5738,305967,44,316289
40129,0.083488,172.31.46.0-255,66,306033,44,316289
40130,0.085952,74.125.68.0-255,4320,310353,44,316289
40131,0.08596,172.31.46.0-255,66,310419,44,316289
40132,0.085978,74.125.68.0-255,1484,311903,44,316289
40133,0.08824,74.125.68.0-255,4320,316223,44,316289
40134,0.088245,172.31.46.0-255,66,316289,44,316289
40135,0.0,74.125.24.0-255,150,150,44,284577
40136,2.2e-05,172.31.46.0-255,66,216,44,284577
40137,2.8e-05,74.125.24.0-255,1484,1700,44,284577
40138,3.2e-05,172.31.46.0-255,66,1766,44,284577
40139,3.7e-05,74.125.24.0-255,2902,4668,44,284577
40140,4.7e-05,172.31.46.0-255,66,4734,44,284577
40141,5.4e-05,74.125.24.0-255,7156,11890,44,284577
40142,5.7e-05,172.31.46.0-255,66,11956,44,284577
40143,6e-05,74.125.24.0-255,2006,13962,44,284577
40144,6.3e-05,172.31.46.0-255,66,14028,44,284577
40145,0.000272,74.125.24.0-255,1484,15512,44,284577
40146,0.000277,172.31.46.0-255,66,15578,44,284577
40147,0.000282,74.125.24.0-255,2902,18480,44,284577
40148,0.000284,172.31.46.0-255,66,18546,44,284577
40149,0.000306,74.125.24.0-255,5738,24284,44,284577
40150,0.000309,172.31.46.0-255,66,24350,44,284577
40151,0.000334,74.125.24.0-255,2902,27252,44,284577
40152,0.000336,172.31.46.0-255,66,27318,44,284577
40153,0.000364,74.125.24.0-255,5379,32697,44,284577
40154,0.000367,172.31.46.0-255,66,32763,44,284577
40155,0.000376,172.31.46.0-255,66,32829,44,284577
40156,0.000403,74.125.24.0-255,6797,39626,44,284577
40157,0.000406,172.31.46.0-255,66,39692,44,284577
40158,0.000728,74.125.24.0-255,1484,41176,44,284577
40159,0.000732,172.31.46.0-255,66,41242,44,284577
40160,0.000759,74.125.24.0-255,2902,44144,44,284577
40161,0.000762,172.31.46.0-255,66,44210,44,284577
40162,0.000768,74.125.24.0-255,5738,49948,44,284577
40163,0.00077,172.31.46.0-255,66,50014,44,284577
40164,0.000819,74.125.24.0-255,5738,55752,44,284577
40165,0.000822,172.31.46.0-255,66,55818,44,284577
40166,0.000845,74.125.24.0-255,1704,57522,44,284577
40167,0.000847,172.31.46.0-255,66,57588,44,284577
40168,0.001168,74.125.24.0-255,1484,59072,44,284577
40169,0.001177,74.125.24.0-255,2902,61974,44,284577
40170,0.00118,172.31.46.0-255,66,62040,44,284577
40171,0.001212,74.125.24.0-255,5738,67778,44,284577
40172,0.001215,172.31.46.0-255,66,67844,44,284577
40173,0.001218,74.125.24.0-255,1484,69328,44,284577
40174,0.001243,74.125.24.0-255,5379,74707,44,284577
40175,0.001245,172.31.46.0-255,66,74773,44,284577
40176,0.00125,74.125.24.0-255,4320,79093,44,284577
40177,0.001252,172.31.46.0-255,66,79159,44,284577
40178,0.00127,74.125.24.0-255,2902,82061,44,284577
40179,0.001272,172.31.46.0-255,66,82127,44,284577
40180,0.001301,74.125.24.0-255,5738,87865,44,284577
40181,0.001304,172.31.46.0-255,66,87931,44,284577
40182,0.001333,74.125.24.0-255,3961,91892,44,284577
40183,0.001335,172.31.46.0-255,66,91958,44,284577
40184,0.001909,74.125.24.0-255,1484,93442,44,284577
40185,0.001917,74.125.24.0-255,2902,96344,44,284577
40186,0.001921,172.31.46.0-255,66,96410,44,284577
40187,0.001942,74.125.24.0-255,1484,97894,44,284577
40188,0.001964,74.125.24.0-255,2902,100796,44,284577
40189,0.001966,172.31.46.0-255,66,100862,44,284577
40190,0.001972,74.125.24.0-255,5738,106600,44,284577
40191,0.001974,172.31.46.0-255,66,106666,44,284577
40192,0.001998,74.125.24.0-255,1484,108150,44,284577
40193,0.002022,172.31.46.0-255,66,108216,44,284577
40194,0.002042,74.125.24.0-255,4320,112536,44,284577
40195,0.002043,172.31.46.0-255,66,112602,44,284577
40196,0.002054,74.125.24.0-255,2184,114786,44,284577
40197,0.00206,172.31.46.0-255,66,114852,44,284577
40198,0.002198,74.125.24.0-255,1484,116336,44,284577
40199,0.002215,74.125.24.0-255,2902,119238,44,284577
40200,0.002218,172.31.46.0-255,66,119304,44,284577
40201,0.002245,74.125.24.0-255,5738,125042,44,284577
40202,0.002247,172.31.46.0-255,66,125108,44,284577
40203,0.00225,74.125.24.0-255,1484,126592,44,284577
40204,0.002317,74.125.24.0-255,5020,131612,44,284577
40205,0.002465,74.125.24.0-255,1484,133096,44,284577
40206,0.002468,74.125.24.0-255,1484,134580,44,284577
40207,0.002477,74.125.24.0-255,1484,136064,44,284577
40208,0.002498,74.125.24.0-255,5738,141802,44,284577
40209,0.002521,74.125.24.0-255,4320,146122,44,284577
40210,0.00254,74.125.24.0-255,5738,151860,44,284577
40211,0.002552,74.125.24.0-255,2902,154762,44,284577
40212,0.002563,74.125.24.0-255,1484,156246,44,284577
40213,0.002581,74.125.24.0-255,7156,163402,44,284577
40214,0.002595,74.125.24.0-255,2184,165586,44,284577
40215,0.002598,74.125.24.0-255,1484,167070,44,284577
40216,0.002622,74.125.24.0-255,5738,172808,44,284577
40217,0.002624,74.125.24.0-255,1484,174292,44,284577
40218,0.002627,74.125.24.0-255,1484,175776,44,284577
40219,0.002639,74.125.24.0-255,2902,178678,44,284577
40220,0.002648,74.125.24.0-255,1484,180162,44,284577
40221,0.002706,74.125.24.0-255,2902,183064,44,284577
40222,0.00273,74.125.24.0-255,1484,184548,44,284577
40223,0.002767,74.125.24.0-255,7156,191704,44,284577
40224,0.003113,74.125.24.0-255,1484,193188,44,284577
40225,0.003118,74.125.24.0-255,2902,196090,44,284577
40226,0.00314,74.125.24.0-255,5738,201828,44,284577
40227,0.003165,74.125.24.0-255,7156,208984,44,284577
40228,0.003179,74.125.24.0-255,5738,214722,44,284577
40229,0.003206,74.125.24.0-255,1484,216206,44,284577
40230,0.00346,74.125.24.0-255,1484,217690,44,284577
40231,0.003464,74.125.24.0-255,1484,219174,44,284577
40232,0.00348,74.125.24.0-255,1484,220658,44,284577
40233,0.003486,74.125.24.0-255,5738,226396,44,284577
40234,0.003503,74.125.24.0-255,5738,232134,44,284577
40235,0.003524,74.125.24.0-255,7156,239290,44,284577
40236,0.003528,74.125.24.0-255,4320,243610,44,284577
40237,0.003546,74.125.24.0-255,6438,250048,44,284577
40238,0.003568,74.125.24.0-255,4320,254368,44,284577
40239,0.003622,74.125.24.0-255,7156,261524,44,284577
40240,0.003629,74.125.24.0-255,7156,268680,44,284577
40241,0.00364,74.125.24.0-255,2184,270864,44,284577
40242,0.003679,74.125.24.0-255,4320,275184,44,284577
40243,0.003723,74.125.24.0-255,105,275289,44,284577
40244,0.004082,172.31.46.0-255,66,275355,44,284577
40245,0.006484,172.31.46.0-255,105,275460,44,284577
40246,0.009062,74.125.24.0-255,66,275526,44,284577
40247,0.035688,172.31.46.0-255,164,275690,44,284577
40248,0.03572,172.31.46.0-255,1123,276813,44,284577
40249,0.035804,172.31.46.0-255,1514,278327,44,284577
40250,0.035806,172.31.46.0-255,1514,279841,44,284577
40251,0.035812,172.31.46.0-255,1514,281355,44,284577
40252,0.035814,172.31.46.0-255,1514,282869,44,284577
40253,0.035832,172.31.46.0-255,1510,284379,44,284577
40254,0.037247,104.244.42.0-255,66,284445,44,284577
40255,0.03729,104.244.42.0-255,66,284511,44,284577
40256,0.037414,104.244.42.0-255,66,284577,44,284577
40257,0.0,172.217.194.0-255,148,148,44,250942
40258,1.4e-05,172.31.46.0-255,66,214,44,250942
40259,2.1e-05,172.217.194.0-255,1484,1698,44,250942
40260,2.6e-05,172.31.46.0-255,66,1764,44,250942
40261,3.9e-05,172.217.194.0-255,2902,4666,44,250942
40262,4.2e-05,172.31.46.0-255,66,4732,44,250942
40263,5.1e-05,172.217.194.0-255,7156,11888,44,250942
40264,5.5e-05,172.31.46.0-255,66,11954,44,250942
40265,5.8e-05,172.217.194.0-255,1484,13438,44,250942
40266,6e-05,172.31.46.0-255,66,13504,44,250942
40267,6.3e-05,172.217.194.0-255,620,14124,44,250942
40268,6.6e-05,172.31.46.0-255,66,14190,44,250942
40269,0.000158,172.217.194.0-255,1484,15674,44,250942
40270,0.000161,172.31.46.0-255,66,15740,44,250942
40271,0.000167,172.217.194.0-255,2902,18642,44,250942
40272,0.000169,172.31.46.0-255,66,18708,44,250942
40273,0.0002,172.217.194.0-255,5738,24446,44,250942
40274,0.000203,172.31.46.0-255,66,24512,44,250942
40275,0.00021,172.217.194.0-255,6797,31309,44,250942
40276,0.000212,172.31.46.0-255,66,31375,44,250942
40277,0.000333,172.217.194.0-255,1484,32859,44,250942
40278,0.000337,172.31.46.0-255,66,32925,44,250942
40279,0.000357,172.217.194.0-255,2902,35827,44,250942
40280,0.00036,172.31.46.0-255,66,35893,44,250942
40281,0.000365,172.217.194.0-255,2902,38795,44,250942
40282,0.000367,172.31.46.0-255,66,38861,44,250942
40283,0.000405,172.217.194.0-255,2902,41763,44,250942
40284,0.000408,172.31.46.0-255,66,41829,44,250942
40285,0.000427,172.31.46.0-255,66,41895,44,250942
40286,0.000465,172.31.46.0-255,66,41961,44,250942
40287,0.00049,172.217.194.0-255,431,42392,44,250942
40288,0.000694,172.217.194.0-255,1484,43876,44,250942
40289,0.000699,172.31.46.0-255,66,43942,44,250942
40290,0.000706,172.217.194.0-255,2902,46844,44,250942
40291,0.000708,172.31.46.0-255,66,46910,44,250942
40292,0.000719,172.217.194.0-255,5738,52648,44,250942
40293,0.000722,172.31.46.0-255,66,52714,44,250942
40294,0.000795,172.31.46.0-255,66,52780,44,250942
40295,0.000821,172.31.46.0-255,66,52846,44,250942
40296,0.000845,172.217.194.0-255,2184,55030,44,250942
40297,0.000848,172.31.46.0-255,66,55096,44,250942
40298,0.000858,172.31.46.0-255,66,55162,44,250942
40299,0.000889,172.217.194.0-255,2902,58064,44,250942
40300,0.000891,172.31.46.0-255,66,58130,44,250942
40301,0.000899,172.217.194.0-255,7156,65286,44,250942
40302,0.000902,172.31.46.0-255,66,65352,44,250942
40303,0.000926,172.217.194.0-255,4320,69672,44,250942
40304,0.000931,172.31.46.0-255,66,69738,44,250942
40305,0.000957,172.31.46.0-255,66,69804,44,250942
40306,0.000969,172.31.46.0-255,66,69870,44,250942
40307,0.001014,172.217.194.0-255,5738,75608,44,250942
40308,0.001017,172.31.46.0-255,66,75674,44,250942
40309,0.001039,172.31.46.0-255,66,75740,44,250942
40310,0.001568,172.217.194.0-255,1484,77224,44,250942
40311,0.001577,172.217.194.0-255,2902,80126,44,250942
40312,0.001582,172.31.46.0-255,66,80192,44,250942
40313,0.001589,172.217.194.0-255,5738,85930,44,250942
40314,0.001591,172.31.46.0-255,66,85996,44,250942
40315,0.001633,172.31.46.0-255,66,86062,44,250942
40316,0.001646,172.31.46.0-255,66,86128,44,250942
40317,0.001672,172.217.194.0-255,766,86894,44,250942
40318,0.001829,172.217.194.0-255,1484,88378,44,250942
40319,0.001834,172.31.46.0-255,66,88444,44,250942
40320,0.00184,172.217.194.0-255,2902,91346,44,250942
40321,0.001842,172.31.46.0-255,66,91412,44,250942
40322,0.001845,172.217.194.0-255,1484,92896,44,250942
40323,0.001876,172.217.194.0-255,4320,97216,44,250942
40324,0.00188,172.31.46.0-255,66,97282,44,250942
40325,0.001885,172.217.194.0-255,4320,101602,44,250942
40326,0.001887,172.31.46.0-255,66,101668,44,250942
40327,0.001929,172.31.46.0-255,66,101734,44,250942
40328,0.001936,172.217.194.0-255,5738,107472,44,250942
40329,0.001938,172.31.46.0-255,66,107538,44,250942
40330,0.001964,172.217.194.0-255,5020,112558,44,250942
40331,0.001967,172.31.46.0-255,66,112624,44,250942
40332,0.001969,172.217.194.0-255,1484,114108,44,250942
40333,0.002007,172.31.46.0-255,66,114174,44,250942
40334,0.002031,172.31.46.0-255,66,114240,44,250942
40335,0.0021,172.31.46.0-255,66,114306,44,250942
40336,0.002124,172.217.194.0-255,2184,116490,44,250942
40337,0.002127,172.31.46.0-255,66,116556,44,250942
40338,0.004198,172.217.194.0-255,2902,119458,44,250942
40339,0.004206,172.31.46.0-255,66,119524,44,250942
40340,0.004257,172.217.194.0-255,2902,122426,44,250942
40341,0.00426,172.31.46.0-255,66,122492,44,250942
40342,0.006254,172.217.194.0-255,2902,125394,44,250942
40343,0.006261,172.31.46.0-255,66,125460,44,250942
40344,0.006318,172.217.194.0-255,2902,128362,44,250942
40345,0.006322,172.31.46.0-255,66,128428,44,250942
40346,0.008362,172.217.194.0-255,2902,131330,44,250942
40347,0.008369,172.31.46.0-255,66,131396,44,250942
40348,0.00842,172.217.194.0-255,2902,134298,44,250942
40349,0.008423,172.31.46.0-255,66,134364,44,250942
40350,0.010504,172.217.194.0-255,5738,140102,44,250942
40351,0.010511,172.31.46.0-255,66,140168,44,250942
40352,0.012645,172.217.194.0-255,5738,145906,44,250942
40353,0.012652,172.31.46.0-255,66,145972,44,250942
40354,0.01478,172.217.194.0-255,5738,151710,44,250942
40355,0.014787,172.31.46.0-255,66,151776,44,250942
40356,0.016894,172.217.194.0-255,5738,157514,44,250942
40357,0.016901,172.31.46.0-255,66,157580,44,250942
40358,0.01899,172.217.194.0-255,5738,163318,44,250942
40359,0.018997,172.31.46.0-255,66,163384,44,250942
40360,0.021104,172.217.194.0-255,5738,169122,44,250942
40361,0.021128,172.31.46.0-255,66,169188,44,250942
40362,0.023197,172.217.194.0-255,5738,174926,44,250942
40363,0.023206,172.31.46.0-255,66,174992,44,250942
40364,0.025269,172.217.194.0-255,5738,180730,44,250942
40365,0.025276,172.31.46.0-255,66,180796,44,250942
40366,0.027363,172.217.194.0-255,5738,186534,44,250942
40367,0.027371,172.31.46.0-255,66,186600,44,250942
40368,0.029509,172.217.194.0-255,5738,192338,44,250942
40369,0.029516,172.31.46.0-255,66,192404,44,250942
40370,0.031613,172.217.194.0-255,5738,198142,44,250942
40371,0.03162,172.31.46.0-255,66,198208,44,250942
40372,0.033698,172.217.194.0-255,5738,203946,44,250942
40373,0.033705,172.31.46.0-255,66,204012,44,250942
40374,0.035803,172.217.194.0-255,5738,209750,44,250942
40375,0.035811,172.31.46.0-255,66,209816,44,250942
40376,0.036736,172.31.46.0-255,172,209988,44,250942
40377,0.036763,172.31.46.0-255,1114,211102,44,250942
40378,0.036824,172.31.46.0-255,1514,212616,44,250942
40379,0.036825,172.31.46.0-255,1514,214130,44,250942
40380,0.036829,172.31.46.0-255,1514,215644,44,250942
40381,0.036831,172.31.46.0-255,1514,217158,44,250942
40382,0.03685,172.31.46.0-255,1514,218672,44,250942
40383,0.036851,172.31.46.0-255,70,218742,44,250942
40384,0.037902,172.217.194.0-255,5738,224480,44,250942
40385,0.03791,172.31.46.0-255,66,224546,44,250942
40386,0.038268,104.244.42.0-255,66,224612,44,250942
40387,0.038333,104.244.42.0-255,66,224678,44,250942
40388,0.038417,104.244.42.0-255,66,224744,44,250942
40389,0.038424,104.244.42.0-255,66,224810,44,250942
40390,0.039884,104.244.42.0-255,108,224918,44,250942
40391,0.039891,172.31.46.0-255,66,224984,44,250942
40392,0.040005,172.217.194.0-255,2902,227886,44,250942
40393,0.040009,172.31.46.0-255,66,227952,44,250942
40394,0.040027,172.217.194.0-255,2902,230854,44,250942
40395,0.040029,172.31.46.0-255,66,230920,44,250942
40396,0.042083,172.217.194.0-255,4320,235240,44,250942
40397,0.042091,172.31.46.0-255,66,235306,44,250942
40398,0.042118,172.217.194.0-255,1484,236790,44,250942
40399,0.044173,172.217.194.0-255,4320,241110,44,250942
40400,0.044178,172.31.46.0-255,66,241176,44,250942
40401,0.046293,172.217.194.0-255,5738,246914,44,250942
40402,0.046301,172.31.46.0-255,66,246980,44,250942
40403,0.048392,172.217.194.0-255,3725,250705,44,250942
40404,0.048397,172.31.46.0-255,66,250771,44,250942
40405,0.048592,172.31.46.0-255,105,250876,44,250942
40406,0.050676,172.217.194.0-255,66,250942,44,250942
40407,0.0,172.217.194.0-255,153,153,44,340954
40408,2.2e-05,172.31.46.0-255,66,219,44,340954
40409,3e-05,172.217.194.0-255,1484,1703,44,340954
40410,3.4e-05,172.31.46.0-255,66,1769,44,340954
40411,4e-05,172.217.194.0-255,2902,4671,44,340954
40412,5.1e-05,172.31.46.0-255,66,4737,44,340954
40413,5.9e-05,172.217.194.0-255,7156,11893,44,340954
40414,6.2e-05,172.31.46.0-255,66,11959,44,340954
40415,6.6e-05,172.217.194.0-255,2099,14058,44,340954
40416,6.8e-05,172.31.46.0-255,66,14124,44,340954
40417,0.000113,172.31.46.0-255,66,14190,44,340954
40418,0.00012,172.217.194.0-255,5379,19569,44,340954
40419,0.000122,172.31.46.0-255,66,19635,44,340954
40420,0.00018,172.217.194.0-255,1484,21119,44,340954
40421,0.000182,172.31.46.0-255,66,21185,44,340954
40422,0.000187,172.217.194.0-255,2902,24087,44,340954
40423,0.000189,172.31.46.0-255,66,24153,44,340954
40424,0.000217,172.217.194.0-255,5738,29891,44,340954
40425,0.00022,172.31.46.0-255,66,29957,44,340954
40426,0.000248,172.217.194.0-255,7156,37113,44,340954
40427,0.000251,172.31.46.0-255,66,37179,44,340954
40428,0.000271,172.217.194.0-255,3961,41140,44,340954
40429,0.000277,172.31.46.0-255,66,41206,44,340954
40430,0.000289,172.31.46.0-255,66,41272,44,340954
40431,0.00033,172.217.194.0-255,2852,44124,44,340954
40432,0.000332,172.31.46.0-255,66,44190,44,340954
40433,0.000402,172.217.194.0-255,377,44567,44,340954
40434,0.000405,172.31.46.0-255,66,44633,44,340954
40435,0.000799,172.217.194.0-255,1484,46117,44,340954
40436,0.000805,172.31.46.0-255,66,46183,44,340954
40437,0.000811,172.217.194.0-255,2902,49085,44,340954
40438,0.000831,172.217.194.0-255,2902,51987,44,340954
40439,0.000838,172.31.46.0-255,66,52053,44,340954
40440,0.000867,172.217.194.0-255,2902,54955,44,340954
40441,0.000875,172.217.194.0-255,6797,61752,44,340954
40442,0.000881,172.217.194.0-255,4320,66072,44,340954
40443,0.000893,172.31.46.0-255,66,66138,44,340954
40444,0.000921,172.217.194.0-255,2543,68681,44,340954
40445,0.00094,172.31.46.0-255,66,68747,44,340954
40446,0.001562,172.217.194.0-255,1484,70231,44,340954
40447,0.001571,172.217.194.0-255,2902,73133,44,340954
40448,0.001576,172.31.46.0-255,66,73199,44,340954
40449,0.001601,172.217.194.0-255,4320,77519,44,340954
40450,0.001611,172.217.194.0-255,1484,79003,44,340954
40451,0.001614,172.217.194.0-255,1484,80487,44,340954
40452,0.001619,172.217.194.0-255,2902,83389,44,340954
40453,0.001641,172.217.194.0-255,5738,89127,44,340954
40454,0.001727,172.217.194.0-255,1484,90611,44,340954
40455,0.001759,172.217.194.0-255,2902,93513,44,340954
40456,0.001785,172.217.194.0-255,2902,96415,44,340954
40457,0.001789,172.217.194.0-255,1484,97899,44,340954
40458,0.001807,172.217.194.0-255,5738,103637,44,340954
40459,0.001859,172.217.194.0-255,7156,110793,44,340954
40460,0.001886,172.217.194.0-255,3602,114395,44,340954
40461,0.002257,172.217.194.0-255,1484,115879,44,340954
40462,0.002266,172.217.194.0-255,2902,118781,44,340954
40463,0.002299,172.217.194.0-255,5738,124519,44,340954
40464,0.00232,172.217.194.0-255,1484,126003,44,340954
40465,0.002349,172.217.194.0-255,5738,131741,44,340954
40466,0.002375,172.217.194.0-255,4320,136061,44,340954
40467,0.007533,172.31.46.0-255,66,136127,44,340954
40468,0.009864,172.217.194.0-255,5738,141865,44,340954
40469,0.009879,172.31.46.0-255,66,141931,44,340954
40470,0.012232,172.217.194.0-255,5738,147669,44,340954
40471,0.012246,172.31.46.0-255,66,147735,44,340954
40472,0.014606,172.217.194.0-255,5738,153473,44,340954
40473,0.014621,172.31.46.0-255,66,153539,44,340954
40474,0.016989,172.217.194.0-255,5738,159277,44,340954
40475,0.017005,172.31.46.0-255,66,159343,44,340954
40476,0.019373,172.217.194.0-255,5738,165081,44,340954
40477,0.019386,172.31.46.0-255,66,165147,44,340954
40478,0.021746,172.217.194.0-255,5738,170885,44,340954
40479,0.021762,172.31.46.0-255,66,170951,44,340954
40480,0.024122,172.217.194.0-255,5738,176689,44,340954
40481,0.024132,172.31.46.0-255,66,176755,44,340954
40482,0.026551,172.217.194.0-255,2902,179657,44,340954
40483,0.026559,172.31.46.0-255,66,179723,44,340954
40484,0.026595,172.217.194.0-255,2902,182625,44,340954
40485,0.026625,172.31.46.0-255,66,182691,44,340954
40486,0.028888,172.217.194.0-255,2902,185593,44,340954
40487,0.028896,172.31.46.0-255,66,185659,44,340954
40488,0.028926,172.217.194.0-255,2902,188561,44,340954
40489,0.028954,172.31.46.0-255,66,188627,44,340954
40490,0.03125,172.217.194.0-255,2902,191529,44,340954
40491,0.031257,172.31.46.0-255,66,191595,44,340954
40492,0.031287,172.217.194.0-255,2902,194497,44,340954
40493,0.031664,172.31.46.0-255,66,194563,44,340954
40494,0.033611,172.217.194.0-255,2902,197465,44,340954
40495,0.033619,172.31.46.0-255,66,197531,44,340954
40496,0.03401,172.217.194.0-255,2902,200433,44,340954
40497,0.034017,172.31.46.0-255,66,200499,44,340954
40498,0.035984,172.217.194.0-255,1484,201983,44,340954
40499,0.036004,172.217.194.0-255,1484,203467,44,340954
40500,0.036009,172.31.46.0-255,66,203533,44,340954
40501,0.036171,172.31.46.0-255,172,203705,44,340954
40502,0.036212,172.31.46.0-255,1114,204819,44,340954
40503,0.036262,172.31.46.0-255,1514,206333,44,340954
40504,0.036264,172.31.46.0-255,1514,207847,44,340954
40505,0.036268,172.31.46.0-255,1514,209361,44,340954
40506,0.03627,172.31.46.0-255,1514,210875,44,340954
40507,0.036287,172.31.46.0-255,1514,212389,44,340954
40508,0.036292,172.31.46.0-255,71,212460,44,340954
40509,0.036338,172.217.194.0-255,2902,215362,44,340954
40510,0.036345,172.31.46.0-255,66,215428,44,340954
40511,0.037719,104.244.42.0-255,66,215494,44,340954
40512,0.037727,104.244.42.0-255,66,215560,44,340954
40513,0.037832,104.244.42.0-255,66,215626,44,340954
40514,0.037838,104.244.42.0-255,66,215692,44,340954
40515,0.038389,172.217.194.0-255,2902,218594,44,340954
40516,0.038396,172.31.46.0-255,66,218660,44,340954
40517,0.038785,172.217.194.0-255,2902,221562,44,340954
40518,0.038792,172.31.46.0-255,66,221628,44,340954
40519,0.040759,172.217.194.0-255,2902,224530,44,340954
40520,0.040765,172.31.46.0-255,66,224596,44,340954
40521,0.041106,172.217.194.0-255,2902,227498,44,340954
40522,0.041112,172.31.46.0-255,66,227564,44,340954
40523,0.04314,172.217.194.0-255,2902,230466,44,340954
40524,0.043147,172.31.46.0-255,66,230532,44,340954
40525,0.043488,172.217.194.0-255,2902,233434,44,340954
40526,0.043493,172.31.46.0-255,66,233500,44,340954
40527,0.045539,172.217.194.0-255,2902,236402,44,340954
40528,0.045547,172.31.46.0-255,66,236468,44,340954
40529,0.045844,172.217.194.0-255,2902,239370,44,340954
40530,0.045851,172.31.46.0-255,66,239436,44,340954
40531,0.047974,172.217.194.0-255,2902,242338,44,340954
40532,0.047983,172.31.46.0-255,66,242404,44,340954
40533,0.048185,172.217.194.0-255,2902,245306,44,340954
40534,0.048191,172.31.46.0-255,66,245372,44,340954
40535,0.050289,172.217.194.0-255,2902,248274,44,340954
40536,0.050296,172.31.46.0-255,66,248340,44,340954
40537,0.050524,172.217.194.0-255,2902,251242,44,340954
40538,0.050531,172.31.46.0-255,66,251308,44,340954
40539,0.052634,172.217.194.0-255,2902,254210,44,340954
40540,0.052643,172.31.46.0-255,66,254276,44,340954
40541,0.052958,172.217.194.0-255,2902,257178,44,340954
40542,0.052965,172.31.46.0-255,66,257244,44,340954
40543,0.055093,172.217.194.0-255,2902,260146,44,340954
40544,0.0551,172.31.46.0-255,66,260212,44,340954
40545,0.055318,172.217.194.0-255,2902,263114,44,340954
40546,0.055324,172.31.46.0-255,66,263180,44,340954
40547,0.057458,172.217.194.0-255,2902,266082,44,340954
40548,0.057468,172.31.46.0-255,66,266148,44,340954
40549,0.057768,172.217.194.0-255,2902,269050,44,340954
40550,0.057775,172.31.46.0-255,66,269116,44,340954
40551,0.059854,172.217.194.0-255,2902,272018,44,340954
40552,0.059862,172.31.46.0-255,66,272084,44,340954
40553,0.060119,172.217.194.0-255,2902,274986,44,340954
40554,0.060125,172.31.46.0-255,66,275052,44,340954
40555,0.062206,172.217.194.0-255,2902,277954,44,340954
40556,0.062215,172.31.46.0-255,66,278020,44,340954
40557,0.06247,172.217.194.0-255,2902,280922,44,340954
40558,0.062476,172.31.46.0-255,66,280988,44,340954
40559,0.064855,172.217.194.0-255,2902,283890,44,340954
40560,0.064863,172.31.46.0-255,66,283956,44,340954
40561,0.064998,172.217.194.0-255,2902,286858,44,340954
40562,0.065017,172.31.46.0-255,66,286924,44,340954
40563,0.067316,172.217.194.0-255,2902,289826,44,340954
40564,0.067324,172.31.46.0-255,66,289892,44,340954
40565,0.06744,172.217.194.0-255,2902,292794,44,340954
40566,0.067445,172.31.46.0-255,66,292860,44,340954
40567,0.069638,172.217.194.0-255,2902,295762,44,340954
40568,0.069645,172.31.46.0-255,66,295828,44,340954
40569,0.06978,172.217.194.0-255,2902,298730,44,340954
40570,0.069784,172.31.46.0-255,66,298796,44,340954
40571,0.071969,172.217.194.0-255,2902,301698,44,340954
40572,0.071975,172.31.46.0-255,66,301764,44,340954
40573,0.0721,172.217.194.0-255,2902,304666,44,340954
40574,0.072105,172.31.46.0-255,66,304732,44,340954
40575,0.074299,172.217.194.0-255,2902,307634,44,340954
40576,0.074305,172.31.46.0-255,66,307700,44,340954
40577,0.074433,172.217.194.0-255,2902,310602,44,340954
40578,0.074437,172.31.46.0-255,66,310668,44,340954
40579,0.076651,172.217.194.0-255,2902,313570,44,340954
40580,0.076663,172.31.46.0-255,66,313636,44,340954
40581,0.076753,172.217.194.0-255,1484,315120,44,340954
40582,0.076773,172.217.194.0-255,1484,316604,44,340954
40583,0.076787,172.31.46.0-255,66,316670,44,340954
40584,0.079022,172.217.194.0-255,2902,319572,44,340954
40585,0.079031,172.31.46.0-255,66,319638,44,340954
40586,0.079139,172.217.194.0-255,2902,322540,44,340954
40587,0.079156,172.31.46.0-255,66,322606,44,340954
40588,0.081375,172.217.194.0-255,2902,325508,44,340954
40589,0.081383,172.31.46.0-255,66,325574,44,340954
40590,0.081495,172.217.194.0-255,2902,328476,44,340954
40591,0.081511,172.31.46.0-255,66,328542,44,340954
40592,0.083746,172.217.194.0-255,2902,331444,44,340954
40593,0.083755,172.31.46.0-255,66,331510,44,340954
40594,0.083818,172.217.194.0-255,2902,334412,44,340954
40595,0.083859,172.31.46.0-255,66,334478,44,340954
40596,0.086095,172.217.194.0-255,2902,337380,44,340954
40597,0.086104,172.31.46.0-255,66,337446,44,340954
40598,0.086223,172.217.194.0-255,2902,340348,44,340954
40599,0.086228,172.31.46.0-255,66,340414,44,340954
40600,0.088413,172.217.194.0-255,369,340783,44,340954
40601,0.088565,172.31.46.0-255,66,340849,44,340954
40602,0.088592,172.31.46.0-255,105,340954,44,340954
40603,0.0,172.217.194.0-255,150,150,44,321245
40604,2.3e-05,172.31.46.0-255,66,216,44,321245
40605,3.1e-05,172.217.194.0-255,1484,1700,44,321245
40606,3.5e-05,172.31.46.0-255,66,1766,44,321245
40607,4.1e-05,172.217.194.0-255,2902,4668,44,321245
40608,4.4e-05,172.31.46.0-255,66,4734,44,321245
40609,5.1e-05,172.217.194.0-255,7156,11890,44,321245
40610,5.5e-05,172.31.46.0-255,66,11956,44,321245
40611,6e-05,172.217.194.0-255,2056,14012,44,321245
40612,6.2e-05,172.31.46.0-255,66,14078,44,321245
40613,6.8e-05,172.217.194.0-255,2902,16980,44,321245
40614,7.1e-05,172.31.46.0-255,66,17046,44,321245
40615,7.6e-05,172.217.194.0-255,4320,21366,44,321245
40616,7.9e-05,172.31.46.0-255,66,21432,44,321245
40617,0.000101,172.217.194.0-255,2902,24334,44,321245
40618,0.000103,172.31.46.0-255,66,24400,44,321245
40619,0.000109,172.217.194.0-255,4320,28720,44,321245
40620,0.000112,172.31.46.0-255,66,28786,44,321245
40621,0.000132,172.217.194.0-255,2543,31329,44,321245
40622,0.000134,172.31.46.0-255,66,31395,44,321245
40623,0.000327,172.217.194.0-255,1484,32879,44,321245
40624,0.000332,172.31.46.0-255,66,32945,44,321245
40625,0.000338,172.217.194.0-255,2902,35847,44,321245
40626,0.000341,172.31.46.0-255,66,35913,44,321245
40627,0.000371,172.217.194.0-255,5738,41651,44,321245
40628,0.000373,172.31.46.0-255,66,41717,44,321245
40629,0.000382,172.217.194.0-255,6797,48514,44,321245
40630,0.000385,172.31.46.0-255,66,48580,44,321245
40631,0.000411,172.217.194.0-255,2902,51482,44,321245
40632,0.000413,172.31.46.0-255,66,51548,44,321245
40633,0.000448,172.31.46.0-255,66,51614,44,321245
40634,0.000469,172.217.194.0-255,2543,54157,44,321245
40635,0.000472,172.31.46.0-255,66,54223,44,321245
40636,0.000835,172.217.194.0-255,648,54871,44,321245
40637,0.00097,172.217.194.0-255,1484,56355,44,321245
40638,0.000975,172.31.46.0-255,66,56421,44,321245
40639,0.00098,172.217.194.0-255,2902,59323,44,321245
40640,0.000982,172.31.46.0-255,66,59389,44,321245
40641,0.000999,172.217.194.0-255,5738,65127,44,321245
40642,0.001001,172.31.46.0-255,66,65193,44,321245
40643,0.001006,172.217.194.0-255,2902,68095,44,321245
40644,0.001007,172.31.46.0-255,66,68161,44,321245
40645,0.001031,172.31.46.0-255,66,68227,44,321245
40646,0.001037,172.217.194.0-255,4320,72547,44,321245
40647,0.001038,172.31.46.0-255,66,72613,44,321245
40648,0.001059,172.217.194.0-255,6438,79051,44,321245
40649,0.001062,172.31.46.0-255,66,79117,44,321245
40650,0.0013,172.217.194.0-255,1484,80601,44,321245
40651,0.001307,172.217.194.0-255,2902,83503,44,321245
40652,0.00131,172.31.46.0-255,66,83569,44,321245
40653,0.001353,172.217.194.0-255,5738,89307,44,321245
40654,0.001356,172.31.46.0-255,66,89373,44,321245
40655,0.00137,172.31.46.0-255,66,89439,44,321245
40656,0.001387,172.217.194.0-255,1484,90923,44,321245
40657,0.001422,172.31.46.0-255,66,90989,44,321245
40658,0.001562,172.217.194.0-255,1484,92473,44,321245
40659,0.001582,172.217.194.0-255,2902,95375,44,321245
40660,0.001586,172.31.46.0-255,66,95441,44,321245
40661,0.001592,172.217.194.0-255,5738,101179,44,321245
40662,0.001594,172.31.46.0-255,66,101245,44,321245
40663,0.001612,172.217.194.0-255,1484,102729,44,321245
40664,0.001646,172.31.46.0-255,66,102795,44,321245
40665,0.001651,172.217.194.0-255,2902,105697,44,321245
40666,0.001653,172.31.46.0-255,66,105763,44,321245
40667,0.0017,172.217.194.0-255,7156,112919,44,321245
40668,0.001703,172.31.46.0-255,66,112985,44,321245
40669,0.001723,172.217.194.0-255,766,113751,44,321245
40670,0.001734,172.31.46.0-255,66,113817,44,321245
40671,0.001752,172.31.46.0-255,66,113883,44,321245
40672,0.001773,172.217.194.0-255,6438,120321,44,321245
40673,0.001776,172.31.46.0-255,66,120387,44,321245
40674,0.003981,172.217.194.0-255,5738,126125,44,321245
40675,0.003992,172.31.46.0-255,66,126191,44,321245
40676,0.006174,172.217.194.0-255,5738,131929,44,321245
40677,0.006178,172.31.46.0-255,66,131995,44,321245
40678,0.008378,172.217.194.0-255,5738,137733,44,321245
40679,0.008384,172.31.46.0-255,66,137799,44,321245
40680,0.010583,172.217.194.0-255,5738,143537,44,321245
40681,0.010591,172.31.46.0-255,66,143603,44,321245
40682,0.012786,172.217.194.0-255,5738,149341,44,321245
40683,0.012794,172.31.46.0-255,66,149407,44,321245
40684,0.014976,172.217.194.0-255,5738,155145,44,321245
40685,0.014992,172.31.46.0-255,66,155211,44,321245
40686,0.01719,172.217.194.0-255,5738,160949,44,321245
40687,0.017199,172.31.46.0-255,66,161015,44,321245
40688,0.019428,172.217.194.0-255,5738,166753,44,321245
40689,0.019438,172.31.46.0-255,66,166819,44,321245
40690,0.02166,172.217.194.0-255,5738,172557,44,321245
40691,0.021666,172.31.46.0-255,66,172623,44,321245
40692,0.02386,172.217.194.0-255,5738,178361,44,321245
40693,0.023867,172.31.46.0-255,66,178427,44,321245
40694,0.026054,172.217.194.0-255,5738,184165,44,321245
40695,0.026061,172.31.46.0-255,66,184231,44,321245
40696,0.028257,172.217.194.0-255,5738,189969,44,321245
40697,0.028264,172.31.46.0-255,66,190035,44,321245
40698,0.030464,172.217.194.0-255,5738,195773,44,321245
40699,0.030472,172.31.46.0-255,66,195839,44,321245
40700,0.032679,172.217.194.0-255,5738,201577,44,321245
40701,0.032687,172.31.46.0-255,66,201643,44,321245
40702,0.034948,172.217.194.0-255,5738,207381,44,321245
40703,0.034954,172.31.46.0-255,66,207447,44,321245
40704,0.035749,172.31.46.0-255,171,207618,44,321245
40705,0.035781,172.31.46.0-255,1138,208756,44,321245
40706,0.035844,172.31.46.0-255,1514,210270,44,321245
40707,0.035846,172.31.46.0-255,1514,211784,44,321245
40708,0.035852,172.31.46.0-255,1514,213298,44,321245
40709,0.035853,172.31.46.0-255,1514,214812,44,321245
40710,0.035878,172.31.46.0-255,334,215146,44,321245
40711,0.037184,172.217.194.0-255,5738,220884,44,321245
40712,0.03719,172.31.46.0-255,66,220950,44,321245
40713,0.037225,104.244.42.0-255,66,221016,44,321245
40714,0.037284,104.244.42.0-255,66,221082,44,321245
40715,0.037347,104.244.42.0-255,66,221148,44,321245
40716,0.037376,104.244.42.0-255,66,221214,44,321245
40717,0.038115,104.244.42.0-255,108,221322,44,321245
40718,0.038122,172.31.46.0-255,66,221388,44,321245
40719,0.039401,172.217.194.0-255,5738,227126,44,321245
40720,0.039408,172.31.46.0-255,66,227192,44,321245
40721,0.041625,172.217.194.0-255,5738,232930,44,321245
40722,0.04163,172.31.46.0-255,66,232996,44,321245
40723,0.04384,172.217.194.0-255,5738,238734,44,321245
40724,0.043845,172.31.46.0-255,66,238800,44,321245
40725,0.046061,172.217.194.0-255,5738,244538,44,321245
40726,0.046067,172.31.46.0-255,66,244604,44,321245
40727,0.04828,172.217.194.0-255,5738,250342,44,321245
40728,0.048285,172.31.46.0-255,66,250408,44,321245
40729,0.050485,172.217.194.0-255,5738,256146,44,321245
40730,0.05049,172.31.46.0-255,66,256212,44,321245
40731,0.052689,172.217.194.0-255,5738,261950,44,321245
40732,0.052694,172.31.46.0-255,66,262016,44,321245
40733,0.054904,172.217.194.0-255,5738,267754,44,321245
40734,0.05491,172.31.46.0-255,66,267820,44,321245
40735,0.05712,172.217.194.0-255,5738,273558,44,321245
40736,0.057126,172.31.46.0-255,66,273624,44,321245
40737,0.059327,172.217.194.0-255,5738,279362,44,321245
40738,0.059334,172.31.46.0-255,66,279428,44,321245
40739,0.061517,172.217.194.0-255,5738,285166,44,321245
40740,0.061522,172.31.46.0-255,66,285232,44,321245
40741,0.06376,172.217.194.0-255,5738,290970,44,321245
40742,0.063765,172.31.46.0-255,66,291036,44,321245
40743,0.065956,172.217.194.0-255,5738,296774,44,321245
40744,0.065961,172.31.46.0-255,66,296840,44,321245
40745,0.068148,172.217.194.0-255,5738,302578,44,321245
40746,0.068153,172.31.46.0-255,66,302644,44,321245
40747,0.070357,172.217.194.0-255,5738,308382,44,321245
40748,0.070363,172.31.46.0-255,66,308448,44,321245
40749,0.072566,172.217.194.0-255,5738,314186,44,321245
40750,0.072574,172.31.46.0-255,66,314252,44,321245
40751,0.074806,172.217.194.0-255,5738,319990,44,321245
40752,0.074814,172.31.46.0-255,66,320056,44,321245
40753,0.076998,172.217.194.0-255,952,321008,44,321245
40754,0.077136,172.31.46.0-255,66,321074,44,321245
40755,0.077176,172.31.46.0-255,105,321179,44,321245
40756,0.079341,172.217.194.0-255,66,321245,44,321245
40757,0.0,172.217.194.0-255,150,150,44,195729
40758,1.7e-05,172.31.46.0-255,66,216,44,195729
40759,2.4e-05,172.217.194.0-255,1484,1700,44,195729
40760,2.9e-05,172.31.46.0-255,66,1766,44,195729
40761,3.4e-05,172.217.194.0-255,2902,4668,44,195729
40762,3.7e-05,172.31.46.0-255,66,4734,44,195729
40763,7.1e-05,172.217.194.0-255,4320,9054,44,195729
40764,7.4e-05,172.31.46.0-255,66,9120,44,195729
40765,9.7e-05,172.31.46.0-255,66,9186,44,195729
40766,0.000124,172.217.194.0-255,3499,12685,44,195729
40767,0.000126,172.31.46.0-255,66,12751,44,195729
40768,0.000138,172.31.46.0-255,66,12817,44,195729
40769,0.00016,172.217.194.0-255,1484,14301,44,195729
40770,0.000162,172.31.46.0-255,66,14367,44,195729
40771,0.000177,172.217.194.0-255,2902,17269,44,195729
40772,0.00018,172.31.46.0-255,66,17335,44,195729
40773,0.000194,172.217.194.0-255,1484,18819,44,195729
40774,0.000196,172.31.46.0-255,66,18885,44,195729
40775,0.000213,172.217.194.0-255,4320,23205,44,195729
40776,0.000215,172.31.46.0-255,66,23271,44,195729
40777,0.00022,172.217.194.0-255,4320,27591,44,195729
40778,0.000223,172.31.46.0-255,66,27657,44,195729
40779,0.000262,172.31.46.0-255,66,27723,44,195729
40780,0.000274,172.217.194.0-255,1484,29207,44,195729
40781,0.000276,172.31.46.0-255,66,29273,44,195729
40782,0.000287,172.31.46.0-255,66,29339,44,195729
40783,0.000289,172.217.194.0-255,380,29719,44,195729
40784,0.000291,172.31.46.0-255,66,29785,44,195729
40785,0.000777,172.217.194.0-255,98,29883,44,195729
40786,0.000944,172.217.194.0-255,1484,31367,44,195729
40787,0.000949,172.31.46.0-255,66,31433,44,195729
40788,0.000955,172.217.194.0-255,2902,34335,44,195729
40789,0.000957,172.31.46.0-255,66,34401,44,195729
40790,0.00096,172.217.194.0-255,1484,35885,44,195729
40791,0.000982,172.217.194.0-255,4320,40205,44,195729
40792,0.000984,172.31.46.0-255,66,40271,44,195729
40793,0.000987,172.217.194.0-255,1484,41755,44,195729
40794,0.000999,172.31.46.0-255,66,41821,44,195729
40795,0.001026,172.217.194.0-255,4320,46141,44,195729
40796,0.001029,172.31.46.0-255,66,46207,44,195729
40797,0.00106,172.31.46.0-255,66,46273,44,195729
40798,0.001469,172.217.194.0-255,1484,47757,44,195729
40799,0.001477,172.217.194.0-255,2902,50659,44,195729
40800,0.001481,172.31.46.0-255,66,50725,44,195729
40801,0.001489,172.217.194.0-255,5738,56463,44,195729
40802,0.001492,172.31.46.0-255,66,56529,44,195729
40803,0.001519,172.217.194.0-255,7156,63685,44,195729
40804,0.001521,172.31.46.0-255,66,63751,44,195729
40805,0.001549,172.217.194.0-255,5738,69489,44,195729
40806,0.001552,172.31.46.0-255,66,69555,44,195729
40807,0.001563,172.31.46.0-255,66,69621,44,195729
40808,0.001566,172.217.194.0-255,1484,71105,44,195729
40809,0.001581,172.217.194.0-255,3602,74707,44,195729
40810,0.001583,172.31.46.0-255,66,74773,44,195729
40811,0.001589,172.217.194.0-255,5738,80511,44,195729
40812,0.001591,172.31.46.0-255,66,80577,44,195729
40813,0.001615,172.217.194.0-255,7156,87733,44,195729
40814,0.001617,172.31.46.0-255,66,87799,44,195729
40815,0.001652,172.217.194.0-255,5738,93537,44,195729
40816,0.001654,172.31.46.0-255,66,93603,44,195729
40817,0.001666,172.31.46.0-255,66,93669,44,195729
40818,0.001721,172.217.194.0-255,1484,95153,44,195729
40819,0.001727,172.217.194.0-255,2902,98055,44,195729
40820,0.001731,172.31.46.0-255,66,98121,44,195729
40821,0.001735,172.217.194.0-255,1484,99605,44,195729
40822,0.00176,172.217.194.0-255,4320,103925,44,195729
40823,0.001763,172.31.46.0-255,66,103991,44,195729
40824,0.001769,172.217.194.0-255,5738,109729,44,195729
40825,0.001772,172.31.46.0-255,66,109795,44,195729
40826,0.0018,172.217.194.0-255,7156,116951,44,195729
40827,0.001803,172.31.46.0-255,66,117017,44,195729
40828,0.001816,172.31.46.0-255,66,117083,44,195729
40829,0.001933,172.217.194.0-255,1484,118567,44,195729
40830,0.001938,172.217.194.0-255,1484,120051,44,195729
40831,0.001941,172.31.46.0-255,66,120117,44,195729
40832,0.001966,172.217.194.0-255,1484,121601,44,195729
40833,0.001973,172.217.194.0-255,5738,127339,44,195729
40834,0.001977,172.31.46.0-255,66,127405,44,195729
40835,0.001984,172.217.194.0-255,7156,134561,44,195729
40836,0.001987,172.31.46.0-255,66,134627,44,195729
40837,0.002003,172.217.194.0-255,5738,140365,44,195729
40838,0.002006,172.31.46.0-255,66,140431,44,195729
40839,0.002045,172.31.46.0-255,66,140497,44,195729
40840,0.002055,172.217.194.0-255,766,141263,44,195729
40841,0.002088,172.31.46.0-255,66,141329,44,195729
40842,0.002092,172.217.194.0-255,2902,144231,44,195729
40843,0.002094,172.31.46.0-255,66,144297,44,195729
40844,0.002106,172.217.194.0-255,1484,145781,44,195729
40845,0.002136,172.31.46.0-255,66,145847,44,195729
40846,0.00214,172.217.194.0-255,1484,147331,44,195729
40847,0.002145,172.217.194.0-255,4320,151651,44,195729
40848,0.002147,172.31.46.0-255,66,151717,44,195729
40849,0.002152,172.217.194.0-255,3602,155319,44,195729
40850,0.002155,172.31.46.0-255,66,155385,44,195729
40851,0.002196,172.31.46.0-255,66,155451,44,195729
40852,0.002207,172.31.46.0-255,66,155517,44,195729
40853,0.002209,172.217.194.0-255,1484,157001,44,195729
40854,0.002212,172.31.46.0-255,78,157079,44,195729
40855,0.002253,172.217.194.0-255,4320,161399,44,195729
40856,0.002256,172.31.46.0-255,78,161477,44,195729
40857,0.002289,172.217.194.0-255,6438,167915,44,195729
40858,0.002293,172.31.46.0-255,66,167981,44,195729
40859,0.002304,172.31.46.0-255,66,168047,44,195729
40860,0.002307,172.217.194.0-255,1484,169531,44,195729
40861,0.002321,172.31.46.0-255,66,169597,44,195729
40862,0.002332,172.31.46.0-255,66,169663,44,195729
40863,0.002346,172.31.46.0-255,66,169729,44,195729
40864,0.002348,172.217.194.0-255,1484,171213,44,195729
40865,0.00235,172.31.46.0-255,78,171291,44,195729
40866,0.002353,172.217.194.0-255,1484,172775,44,195729
40867,0.002356,172.31.46.0-255,66,172841,44,195729
40868,0.002362,172.217.194.0-255,4320,177161,44,195729
40869,0.002364,172.31.46.0-255,66,177227,44,195729
40870,0.002374,172.31.46.0-255,66,177293,44,195729
40871,0.002396,172.217.194.0-255,2902,180195,44,195729
40872,0.002398,172.31.46.0-255,66,180261,44,195729
40873,0.002415,172.217.194.0-255,5738,185999,44,195729
40874,0.002417,172.31.46.0-255,66,186065,44,195729
40875,0.002454,172.31.46.0-255,66,186131,44,195729
40876,0.002467,172.31.46.0-255,66,186197,44,195729
40877,0.00247,172.217.194.0-255,105,186302,44,195729
40878,0.006509,172.31.46.0-255,66,186368,44,195729
40879,0.006542,172.31.46.0-255,105,186473,44,195729
40880,0.008521,172.217.194.0-255,66,186539,44,195729
40881,0.038622,172.31.46.0-255,172,186711,44,195729
40882,0.038649,172.31.46.0-255,1114,187825,44,195729
40883,0.038709,172.31.46.0-255,1514,189339,44,195729
40884,0.038712,172.31.46.0-255,1514,190853,44,195729
40885,0.038716,172.31.46.0-255,1514,192367,44,195729
40886,0.038717,172.31.46.0-255,1514,193881,44,195729
40887,0.038735,172.31.46.0-255,1514,195395,44,195729
40888,0.038736,172.31.46.0-255,70,195465,44,195729
40889,0.040172,104.244.42.0-255,66,195531,44,195729
40890,0.040227,104.244.42.0-255,66,195597,44,195729
40891,0.040316,104.244.42.0-255,66,195663,44,195729
40892,0.040345,104.244.42.0-255,66,195729,44,195729
40893,0.0,74.125.130.0-255,152,152,44,380690
40894,2.2e-05,172.31.46.0-255,66,218,44,380690
40895,2.9e-05,74.125.130.0-255,1484,1702,44,380690
40896,3.3e-05,172.31.46.0-255,66,1768,44,380690
40897,4.7e-05,74.125.130.0-255,1484,3252,44,380690
40898,5e-05,172.31.46.0-255,66,3318,44,380690
40899,5.3e-05,74.125.130.0-255,1484,4802,44,380690
40900,5.5e-05,172.31.46.0-255,66,4868,44,380690
40901,6.7e-05,74.125.130.0-255,1484,6352,44,380690
40902,6.9e-05,172.31.46.0-255,66,6418,44,380690
40903,8.4e-05,74.125.130.0-255,2902,9320,44,380690
40904,8.6e-05,172.31.46.0-255,66,9386,44,380690
40905,0.000112,74.125.130.0-255,2902,12288,44,380690
40906,0.000114,172.31.46.0-255,66,12354,44,380690
40907,0.000118,74.125.130.0-255,2055,14409,44,380690
40908,0.00012,172.31.46.0-255,66,14475,44,380690
40909,0.000302,74.125.130.0-255,1484,15959,44,380690
40910,0.000308,172.31.46.0-255,66,16025,44,380690
40911,0.000311,74.125.130.0-255,1484,17509,44,380690
40912,0.000314,172.31.46.0-255,66,17575,44,380690
40913,0.000328,74.125.130.0-255,1484,19059,44,380690
40914,0.00033,172.31.46.0-255,66,19125,44,380690
40915,0.000337,74.125.130.0-255,5738,24863,44,380690
40916,0.000339,172.31.46.0-255,66,24929,44,380690
40917,0.000344,74.125.130.0-255,4320,29249,44,380690
40918,0.000348,172.31.46.0-255,66,29315,44,380690
40919,0.000374,74.125.130.0-255,5379,34694,44,380690
40920,0.000378,172.31.46.0-255,66,34760,44,380690
40921,0.000422,172.31.46.0-255,66,34826,44,380690
40922,0.000426,74.125.130.0-255,2902,37728,44,380690
40923,0.000428,172.31.46.0-255,66,37794,44,380690
40924,0.000445,74.125.130.0-255,7156,44950,44,380690
40925,0.000448,172.31.46.0-255,66,45016,44,380690
40926,0.000459,172.31.46.0-255,66,45082,44,380690
40927,0.000472,74.125.130.0-255,1484,46566,44,380690
40928,0.000499,74.125.130.0-255,2184,48750,44,380690
40929,0.000502,172.31.46.0-255,66,48816,44,380690
40930,0.000581,74.125.130.0-255,378,49194,44,380690
40931,0.00062,74.125.130.0-255,364,49558,44,380690
40932,0.000698,74.125.130.0-255,1484,51042,44,380690
40933,0.000703,172.31.46.0-255,66,51108,44,380690
40934,0.000706,74.125.130.0-255,1484,52592,44,380690
40935,0.000722,74.125.130.0-255,1484,54076,44,380690
40936,0.000724,172.31.46.0-255,66,54142,44,380690
40937,0.000731,74.125.130.0-255,5738,59880,44,380690
40938,0.000733,172.31.46.0-255,66,59946,44,380690
40939,0.00076,74.125.130.0-255,7156,67102,44,380690
40940,0.000763,172.31.46.0-255,66,67168,44,380690
40941,0.000766,74.125.130.0-255,1484,68652,44,380690
40942,0.000791,74.125.130.0-255,7156,75808,44,380690
40943,0.000794,172.31.46.0-255,66,75874,44,380690
40944,0.0008,74.125.130.0-255,4320,80194,44,380690
40945,0.000803,172.31.46.0-255,66,80260,44,380690
40946,0.000821,74.125.130.0-255,3602,83862,44,380690
40947,0.000824,172.31.46.0-255,66,83928,44,380690
40948,0.001277,74.125.130.0-255,1484,85412,44,380690
40949,0.001284,74.125.130.0-255,2902,88314,44,380690
40950,0.001288,172.31.46.0-255,66,88380,44,380690
40951,0.001292,74.125.130.0-255,1484,89864,44,380690
40952,0.001307,74.125.130.0-255,4320,94184,44,380690
40953,0.001311,172.31.46.0-255,66,94250,44,380690
40954,0.001374,74.125.130.0-255,2902,97152,44,380690
40955,0.001377,172.31.46.0-255,66,97218,44,380690
40956,0.001392,74.125.130.0-255,4320,101538,44,380690
40957,0.001395,172.31.46.0-255,66,101604,44,380690
40958,0.001398,74.125.130.0-255,1484,103088,44,380690
40959,0.001401,74.125.130.0-255,1484,104572,44,380690
40960,0.001403,172.31.46.0-255,66,104638,44,380690
40961,0.001423,74.125.130.0-255,1484,106122,44,380690
40962,0.00143,74.125.130.0-255,5738,111860,44,380690
40963,0.001432,172.31.46.0-255,66,111926,44,380690
40964,0.001435,74.125.130.0-255,1484,113410,44,380690
40965,0.001439,74.125.130.0-255,2902,116312,44,380690
40966,0.001441,172.31.46.0-255,66,116378,44,380690
40967,0.001466,74.125.130.0-255,2184,118562,44,380690
40968,0.001468,172.31.46.0-255,66,118628,44,380690
40969,0.001942,74.125.130.0-255,1484,120112,44,380690
40970,0.001952,74.125.130.0-255,2902,123014,44,380690
40971,0.001956,172.31.46.0-255,66,123080,44,380690
40972,0.001961,74.125.130.0-255,2902,125982,44,380690
40973,0.001963,172.31.46.0-255,66,126048,44,380690
40974,0.001979,74.125.130.0-255,4320,130368,44,380690
40975,0.001981,172.31.46.0-255,66,130434,44,380690
40976,0.002003,74.125.130.0-255,5738,136172,44,380690
40977,0.002005,172.31.46.0-255,66,136238,44,380690
40978,0.002027,74.125.130.0-255,2902,139140,44,380690
40979,0.00203,172.31.46.0-255,66,139206,44,380690
40980,0.002033,74.125.130.0-255,1484,140690,44,380690
40981,0.002037,74.125.130.0-255,2902,143592,44,380690
40982,0.002039,172.31.46.0-255,66,143658,44,380690
40983,0.002046,74.125.130.0-255,5738,149396,44,380690
40984,0.002048,172.31.46.0-255,66,149462,44,380690
40985,0.002067,74.125.130.0-255,3602,153064,44,380690
40986,0.002069,172.31.46.0-255,66,153130,44,380690
40987,0.004326,74.125.130.0-255,1484,154614,44,380690
40988,0.004349,74.125.130.0-255,4320,158934,44,380690
40989,0.004353,172.31.46.0-255,66,159000,44,380690
40990,0.006645,74.125.130.0-255,5738,164738,44,380690
40991,0.00665,172.31.46.0-255,66,164804,44,380690
40992,0.008942,74.125.130.0-255,5738,170542,44,380690
40993,0.008949,172.31.46.0-255,66,170608,44,380690
40994,0.011247,74.125.130.0-255,5738,176346,44,380690
40995,0.011254,172.31.46.0-255,66,176412,44,380690
40996,0.013554,74.125.130.0-255,5738,182150,44,380690
40997,0.013561,172.31.46.0-255,66,182216,44,380690
40998,0.015856,74.125.130.0-255,5738,187954,44,380690
40999,0.015864,172.31.46.0-255,66,188020,44,380690
41000,0.018168,74.125.130.0-255,5738,193758,44,380690
41001,0.018176,172.31.46.0-255,66,193824,44,380690
41002,0.020482,74.125.130.0-255,5738,199562,44,380690
41003,0.020487,172.31.46.0-255,66,199628,44,380690
41004,0.022822,74.125.130.0-255,5738,205366,44,380690
41005,0.022829,172.31.46.0-255,66,205432,44,380690
41006,0.025122,74.125.130.0-255,5738,211170,44,380690
41007,0.025127,172.31.46.0-255,66,211236,44,380690
41008,0.027268,172.31.46.0-255,172,211408,44,380690
41009,0.027294,172.31.46.0-255,1114,212522,44,380690
41010,0.02735,172.31.46.0-255,1514,214036,44,380690
41011,0.027351,172.31.46.0-255,1514,215550,44,380690
41012,0.027353,172.31.46.0-255,1514,217064,44,380690
41013,0.027353,172.31.46.0-255,1514,218578,44,380690
41014,0.027377,172.31.46.0-255,556,219134,44,380690
41015,0.02741,74.125.130.0-255,5738,224872,44,380690
41016,0.027414,172.31.46.0-255,66,224938,44,380690
41017,0.028819,104.244.42.0-255,66,225004,44,380690
41018,0.028826,104.244.42.0-255,66,225070,44,380690
41019,0.028881,104.244.42.0-255,66,225136,44,380690
41020,0.028897,104.244.42.0-255,66,225202,44,380690
41021,0.0297,74.125.130.0-255,5738,230940,44,380690
41022,0.029705,172.31.46.0-255,66,231006,44,380690
41023,0.032009,74.125.130.0-255,5738,236744,44,380690
41024,0.032014,172.31.46.0-255,66,236810,44,380690
41025,0.034306,74.125.130.0-255,5738,242548,44,380690
41026,0.034314,172.31.46.0-255,66,242614,44,380690
41027,0.036625,74.125.130.0-255,5738,248352,44,380690
41028,0.036631,172.31.46.0-255,66,248418,44,380690
41029,0.038936,74.125.130.0-255,5738,254156,44,380690
41030,0.038942,172.31.46.0-255,66,254222,44,380690
41031,0.041251,74.125.130.0-255,5738,259960,44,380690
41032,0.041257,172.31.46.0-255,66,260026,44,380690
41033,0.043566,74.125.130.0-255,5738,265764,44,380690
41034,0.043572,172.31.46.0-255,66,265830,44,380690
41035,0.045868,74.125.130.0-255,5738,271568,44,380690
41036,0.045875,172.31.46.0-255,66,271634,44,380690
41037,0.048164,74.125.130.0-255,5738,277372,44,380690
41038,0.04817,172.31.46.0-255,66,277438,44,380690
41039,0.050462,74.125.130.0-255,5738,283176,44,380690
41040,0.050469,172.31.46.0-255,66,283242,44,380690
41041,0.05276,74.125.130.0-255,5738,288980,44,380690
41042,0.052766,172.31.46.0-255,66,289046,44,380690
41043,0.055053,74.125.130.0-255,5738,294784,44,380690
41044,0.05506,172.31.46.0-255,66,294850,44,380690
41045,0.057362,74.125.130.0-255,5738,300588,44,380690
41046,0.057367,172.31.46.0-255,66,300654,44,380690
41047,0.059675,74.125.130.0-255,5738,306392,44,380690
41048,0.059681,172.31.46.0-255,66,306458,44,380690
41049,0.06199,74.125.130.0-255,5738,312196,44,380690
41050,0.061996,172.31.46.0-255,66,312262,44,380690
41051,0.064306,74.125.130.0-255,5738,318000,44,380690
41052,0.064313,172.31.46.0-255,66,318066,44,380690
41053,0.066618,74.125.130.0-255,5738,323804,44,380690
41054,0.066623,172.31.46.0-255,66,323870,44,380690
41055,0.068922,74.125.130.0-255,5738,329608,44,380690
41056,0.068928,172.31.46.0-255,66,329674,44,380690
41057,0.071233,74.125.130.0-255,4320,333994,44,380690
41058,0.07124,172.31.46.0-255,66,334060,44,380690
41059,0.071259,74.125.130.0-255,1484,335544,44,380690
41060,0.073529,74.125.130.0-255,4320,339864,44,380690
41061,0.073536,172.31.46.0-255,66,339930,44,380690
41062,0.075831,74.125.130.0-255,5738,345668,44,380690
41063,0.075837,172.31.46.0-255,66,345734,44,380690
41064,0.078124,74.125.130.0-255,5738,351472,44,380690
41065,0.07813,172.31.46.0-255,66,351538,44,380690
41066,0.080417,74.125.130.0-255,2902,354440,44,380690
41067,0.080422,172.31.46.0-255,66,354506,44,380690
41068,0.08044,74.125.130.0-255,2902,357408,44,380690
41069,0.080443,172.31.46.0-255,66,357474,44,380690
41070,0.082722,74.125.130.0-255,5738,363212,44,380690
41071,0.082729,172.31.46.0-255,66,363278,44,380690
41072,0.085042,74.125.130.0-255,5738,369016,44,380690
41073,0.085049,172.31.46.0-255,66,369082,44,380690
41074,0.087361,74.125.130.0-255,5738,374820,44,380690
41075,0.087367,172.31.46.0-255,66,374886,44,380690
41076,0.089672,74.125.130.0-255,5738,380624,44,380690
41077,0.089678,172.31.46.0-255,66,380690,44,380690
41078,0.0,74.125.68.0-255,152,152,44,381378
41079,1.5e-05,172.31.46.0-255,66,218,44,381378
41080,2.2e-05,74.125.68.0-255,1484,1702,44,381378
41081,2.6e-05,172.31.46.0-255,66,1768,44,381378
41082,7.2e-05,74.125.68.0-255,1484,3252,44,381378
41083,7.5e-05,172.31.46.0-255,66,3318,44,381378
41084,8e-05,74.125.68.0-255,2902,6220,44,381378
41085,8.3e-05,172.31.46.0-255,66,6286,44,381378
41086,8.6e-05,74.125.68.0-255,1484,7770,44,381378
41087,8.9e-05,172.31.46.0-255,66,7836,44,381378
41088,9.4e-05,74.125.68.0-255,2902,10738,44,381378
41089,9.7e-05,172.31.46.0-255,66,10804,44,381378
41090,0.00016,74.125.68.0-255,3462,14266,44,381378
41091,0.000162,172.31.46.0-255,66,14332,44,381378
41092,0.000196,74.125.68.0-255,4320,18652,44,381378
41093,0.000198,172.31.46.0-255,66,18718,44,381378
41094,0.000205,74.125.68.0-255,5738,24456,44,381378
41095,0.000207,172.31.46.0-255,66,24522,44,381378
41096,0.000211,74.125.68.0-255,2902,27424,44,381378
41097,0.000213,172.31.46.0-255,66,27490,44,381378
41098,0.000244,74.125.68.0-255,3961,31451,44,381378
41099,0.000247,172.31.46.0-255,66,31517,44,381378
41100,0.000358,74.125.68.0-255,1484,33001,44,381378
41101,0.000362,172.31.46.0-255,66,33067,44,381378
41102,0.000368,74.125.68.0-255,2902,35969,44,381378
41103,0.00037,172.31.46.0-255,66,36035,44,381378
41104,0.000394,74.125.68.0-255,1484,37519,44,381378
41105,0.000396,172.31.46.0-255,66,37585,44,381378
41106,0.000401,74.125.68.0-255,2902,40487,44,381378
41107,0.000403,172.31.46.0-255,66,40553,44,381378
41108,0.000445,74.125.68.0-255,1484,42037,44,381378
41109,0.000448,172.31.46.0-255,66,42103,44,381378
41110,0.000453,74.125.68.0-255,2902,45005,44,381378
41111,0.000496,74.125.68.0-255,3961,48966,44,381378
41112,0.000526,74.125.68.0-255,4320,53286,44,381378
41113,0.000536,74.125.68.0-255,1484,54770,44,381378
41114,0.000548,74.125.68.0-255,1484,56254,44,381378
41115,0.000551,74.125.68.0-255,1484,57738,44,381378
41116,0.000569,74.125.68.0-255,2902,60640,44,381378
41117,0.000594,74.125.68.0-255,4320,64960,44,381378
41118,0.000609,74.125.68.0-255,1395,66355,44,381378
41119,0.000631,172.31.46.0-255,66,66421,44,381378
41120,0.000797,74.125.68.0-255,136,66557,44,381378
41121,0.001166,172.31.46.0-255,66,66623,44,381378
41122,0.001558,74.125.68.0-255,1484,68107,44,381378
41123,0.001569,74.125.68.0-255,2902,71009,44,381378
41124,0.001574,172.31.46.0-255,66,71075,44,381378
41125,0.001602,74.125.68.0-255,5738,76813,44,381378
41126,0.001604,172.31.46.0-255,66,76879,44,381378
41127,0.001609,74.125.68.0-255,2902,79781,44,381378
41128,0.001611,172.31.46.0-255,66,79847,44,381378
41129,0.001645,74.125.68.0-255,4320,84167,44,381378
41130,0.001651,74.125.68.0-255,4320,88487,44,381378
41131,0.001672,74.125.68.0-255,4320,92807,44,381378
41132,0.00168,74.125.68.0-255,5738,98545,44,381378
41133,0.001706,74.125.68.0-255,2184,100729,44,381378
41134,0.001722,74.125.68.0-255,1484,102213,44,381378
41135,0.001732,74.125.68.0-255,1484,103697,44,381378
41136,0.001754,74.125.68.0-255,4320,108017,44,381378
41137,0.001772,74.125.68.0-255,2902,110919,44,381378
41138,0.001776,74.125.68.0-255,2902,113821,44,381378
41139,0.001833,172.31.46.0-255,66,113887,44,381378
41140,0.001871,74.125.68.0-255,4320,118207,44,381378
41141,0.001877,172.31.46.0-255,66,118273,44,381378
41142,0.001898,74.125.68.0-255,5020,123293,44,381378
41143,0.001904,74.125.68.0-255,4320,127613,44,381378
41144,0.001928,74.125.68.0-255,5738,133351,44,381378
41145,0.001933,74.125.68.0-255,2902,136253,44,381378
41146,0.001951,172.31.46.0-255,66,136319,44,381378
41147,0.001959,74.125.68.0-255,7156,143475,44,381378
41148,0.001969,172.31.46.0-255,66,143541,44,381378
41149,0.001986,74.125.68.0-255,7156,150697,44,381378
41150,0.00199,74.125.68.0-255,2902,153599,44,381378
41151,0.002018,74.125.68.0-255,3602,157201,44,381378
41152,0.002025,172.31.46.0-255,66,157267,44,381378
41153,0.002046,74.125.68.0-255,4320,161587,44,381378
41154,0.002066,74.125.68.0-255,4320,165907,44,381378
41155,0.00208,172.31.46.0-255,66,165973,44,381378
41156,0.002093,74.125.68.0-255,5738,171711,44,381378
41157,0.002102,74.125.68.0-255,5738,177449,44,381378
41158,0.002131,74.125.68.0-255,1484,178933,44,381378
41159,0.00214,172.31.46.0-255,66,178999,44,381378
41160,0.002204,172.31.46.0-255,66,179065,44,381378
41161,0.002282,74.125.68.0-255,1484,180549,44,381378
41162,0.00447,74.125.68.0-255,4320,184869,44,381378
41163,0.004477,172.31.46.0-255,66,184935,44,381378
41164,0.006735,74.125.68.0-255,4320,189255,44,381378
41165,0.006741,172.31.46.0-255,66,189321,44,381378
41166,0.006766,74.125.68.0-255,1484,190805,44,381378
41167,0.008998,74.125.68.0-255,4320,195125,44,381378
41168,0.009004,172.31.46.0-255,66,195191,44,381378
41169,0.011274,74.125.68.0-255,5738,200929,44,381378
41170,0.011281,172.31.46.0-255,66,200995,44,381378
41171,0.013558,74.125.68.0-255,5738,206733,44,381378
41172,0.013564,172.31.46.0-255,66,206799,44,381378
41173,0.015827,74.125.68.0-255,5738,212537,44,381378
41174,0.015835,172.31.46.0-255,66,212603,44,381378
41175,0.018105,74.125.68.0-255,5738,218341,44,381378
41176,0.018112,172.31.46.0-255,66,218407,44,381378
41177,0.020395,74.125.68.0-255,5738,224145,44,381378
41178,0.020409,172.31.46.0-255,66,224211,44,381378
41179,0.022698,74.125.68.0-255,5738,229949,44,381378
41180,0.022708,172.31.46.0-255,66,230015,44,381378
41181,0.024983,74.125.68.0-255,5738,235753,44,381378
41182,0.024992,172.31.46.0-255,66,235819,44,381378
41183,0.027259,74.125.68.0-255,5738,241557,44,381378
41184,0.027268,172.31.46.0-255,66,241623,44,381378
41185,0.029538,74.125.68.0-255,5738,247361,44,381378
41186,0.029546,172.31.46.0-255,66,247427,44,381378
41187,0.031818,74.125.68.0-255,5738,253165,44,381378
41188,0.031826,172.31.46.0-255,66,253231,44,381378
41189,0.0341,74.125.68.0-255,5738,258969,44,381378
41190,0.034111,172.31.46.0-255,66,259035,44,381378
41191,0.034471,172.31.46.0-255,172,259207,44,381378
41192,0.034501,172.31.46.0-255,1114,260321,44,381378
41193,0.034573,172.31.46.0-255,1514,261835,44,381378
41194,0.034575,172.31.46.0-255,1514,263349,44,381378
41195,0.034579,172.31.46.0-255,1514,264863,44,381378
41196,0.034581,172.31.46.0-255,1514,266377,44,381378
41197,0.034599,172.31.46.0-255,1514,267891,44,381378
41198,0.0346,172.31.46.0-255,70,267961,44,381378
41199,0.036034,104.244.42.0-255,66,268027,44,381378
41200,0.036042,104.244.42.0-255,66,268093,44,381378
41201,0.036111,104.244.42.0-255,66,268159,44,381378
41202,0.036118,104.244.42.0-255,66,268225,44,381378
41203,0.036378,74.125.68.0-255,5738,273963,44,381378
41204,0.036385,172.31.46.0-255,66,274029,44,381378
41205,0.038653,74.125.68.0-255,5738,279767,44,381378
41206,0.038661,172.31.46.0-255,66,279833,44,381378
41207,0.040941,74.125.68.0-255,5738,285571,44,381378
41208,0.040947,172.31.46.0-255,66,285637,44,381378
41209,0.043225,74.125.68.0-255,5738,291375,44,381378
41210,0.043231,172.31.46.0-255,66,291441,44,381378
41211,0.045506,74.125.68.0-255,5738,297179,44,381378
41212,0.045513,172.31.46.0-255,66,297245,44,381378
41213,0.047784,74.125.68.0-255,5738,302983,44,381378
41214,0.047794,172.31.46.0-255,66,303049,44,381378
41215,0.050077,74.125.68.0-255,5738,308787,44,381378
41216,0.050083,172.31.46.0-255,66,308853,44,381378
41217,0.052357,74.125.68.0-255,5738,314591,44,381378
41218,0.052364,172.31.46.0-255,66,314657,44,381378
41219,0.054656,74.125.68.0-255,5738,320395,44,381378
41220,0.054662,172.31.46.0-255,66,320461,44,381378
41221,0.056938,74.125.68.0-255,5738,326199,44,381378
41222,0.056944,172.31.46.0-255,66,326265,44,381378
41223,0.059224,74.125.68.0-255,5738,332003,44,381378
41224,0.059231,172.31.46.0-255,66,332069,44,381378
41225,0.061508,74.125.68.0-255,5738,337807,44,381378
41226,0.061514,172.31.46.0-255,66,337873,44,381378
41227,0.063799,74.125.68.0-255,5738,343611,44,381378
41228,0.063805,172.31.46.0-255,66,343677,44,381378
41229,0.066078,74.125.68.0-255,5738,349415,44,381378
41230,0.066086,172.31.46.0-255,66,349481,44,381378
41231,0.068357,74.125.68.0-255,5738,355219,44,381378
41232,0.068363,172.31.46.0-255,66,355285,44,381378
41233,0.070654,74.125.68.0-255,5738,361023,44,381378
41234,0.070661,172.31.46.0-255,66,361089,44,381378
41235,0.072933,74.125.68.0-255,5738,366827,44,381378
41236,0.07294,172.31.46.0-255,66,366893,44,381378
41237,0.075239,74.125.68.0-255,5738,372631,44,381378
41238,0.075245,172.31.46.0-255,66,372697,44,381378
41239,0.077516,74.125.68.0-255,5738,378435,44,381378
41240,0.077522,172.31.46.0-255,66,378501,44,381378
41241,0.079776,74.125.68.0-255,2640,381141,44,381378
41242,0.079783,172.31.46.0-255,66,381207,44,381378
41243,0.080221,172.31.46.0-255,105,381312,44,381378
41244,0.08246,74.125.68.0-255,66,381378,44,381378
41245,0.0,74.125.24.0-255,287,287,44,305552
41246,1.7e-05,172.31.46.0-255,66,353,44,305552
41247,2.3e-05,74.125.24.0-255,1484,1837,44,305552
41248,2.8e-05,172.31.46.0-255,66,1903,44,305552
41249,3.4e-05,74.125.24.0-255,4320,6223,44,305552
41250,3.8e-05,172.31.46.0-255,66,6289,44,305552
41251,4.4e-05,74.125.24.0-255,5738,12027,44,305552
41252,4.7e-05,172.31.46.0-255,66,12093,44,305552
41253,9.4e-05,74.125.24.0-255,1875,13968,44,305552
41254,9.7e-05,172.31.46.0-255,66,14034,44,305552
41255,0.000136,74.125.24.0-255,2902,16936,44,305552
41256,0.00014,172.31.46.0-255,66,17002,44,305552
41257,0.000144,74.125.24.0-255,2902,19904,44,305552
41258,0.000146,172.31.46.0-255,66,19970,44,305552
41259,0.00017,74.125.24.0-255,7156,27126,44,305552
41260,0.000172,172.31.46.0-255,66,27192,44,305552
41261,0.000202,74.125.24.0-255,2902,30094,44,305552
41262,0.000205,172.31.46.0-255,66,30160,44,305552
41263,0.000237,172.31.46.0-255,66,30226,44,305552
41264,0.00025,74.125.24.0-255,2902,33128,44,305552
41265,0.000253,172.31.46.0-255,66,33194,44,305552
41266,0.00029,74.125.24.0-255,5379,38573,44,305552
41267,0.000293,172.31.46.0-255,66,38639,44,305552
41268,0.000305,172.31.46.0-255,66,38705,44,305552
41269,0.000315,172.31.46.0-255,66,38771,44,305552
41270,0.000361,74.125.24.0-255,678,39449,44,305552
41271,0.000364,172.31.46.0-255,66,39515,44,305552
41272,0.000433,74.125.24.0-255,1484,40999,44,305552
41273,0.000435,172.31.46.0-255,66,41065,44,305552
41274,0.00044,74.125.24.0-255,2902,43967,44,305552
41275,0.000443,172.31.46.0-255,66,44033,44,305552
41276,0.000463,74.125.24.0-255,5738,49771,44,305552
41277,0.000466,172.31.46.0-255,66,49837,44,305552
41278,0.000472,74.125.24.0-255,5738,55575,44,305552
41279,0.000475,172.31.46.0-255,66,55641,44,305552
41280,0.00049,74.125.24.0-255,1125,56766,44,305552
41281,0.0005,74.125.24.0-255,7156,63922,44,305552
41282,0.000502,172.31.46.0-255,66,63988,44,305552
41283,0.000526,74.125.24.0-255,7156,71144,44,305552
41284,0.000529,172.31.46.0-255,66,71210,44,305552
41285,0.000533,74.125.24.0-255,1993,73203,44,305552
41286,0.000536,172.31.46.0-255,66,73269,44,305552
41287,0.000662,74.125.24.0-255,1484,74753,44,305552
41288,0.000679,74.125.24.0-255,2902,77655,44,305552
41289,0.000683,172.31.46.0-255,66,77721,44,305552
41290,0.000689,74.125.24.0-255,5738,83459,44,305552
41291,0.000692,172.31.46.0-255,66,83525,44,305552
41292,0.000738,74.125.24.0-255,6797,90322,44,305552
41293,0.000741,172.31.46.0-255,66,90388,44,305552
41294,0.00164,74.125.24.0-255,1484,91872,44,305552
41295,0.001648,74.125.24.0-255,2902,94774,44,305552
41296,0.001652,172.31.46.0-255,66,94840,44,305552
41297,0.001659,74.125.24.0-255,4320,99160,44,305552
41298,0.001661,172.31.46.0-255,66,99226,44,305552
41299,0.001673,74.125.24.0-255,1484,100710,44,305552
41300,0.001698,172.31.46.0-255,66,100776,44,305552
41301,0.00172,74.125.24.0-255,1484,102260,44,305552
41302,0.001732,172.31.46.0-255,66,102326,44,305552
41303,0.001924,74.125.24.0-255,1484,103810,44,305552
41304,0.00193,74.125.24.0-255,2902,106712,44,305552
41305,0.001934,172.31.46.0-255,66,106778,44,305552
41306,0.001939,74.125.24.0-255,2902,109680,44,305552
41307,0.00194,172.31.46.0-255,66,109746,44,305552
41308,0.001956,74.125.24.0-255,2902,112648,44,305552
41309,0.001957,172.31.46.0-255,66,112714,44,305552
41310,0.001964,74.125.24.0-255,5738,118452,44,305552
41311,0.001966,172.31.46.0-255,66,118518,44,305552
41312,0.001973,74.125.24.0-255,7156,125674,44,305552
41313,0.001975,172.31.46.0-255,66,125740,44,305552
41314,0.002002,74.125.24.0-255,1484,127224,44,305552
41315,0.002023,172.31.46.0-255,66,127290,44,305552
41316,0.002065,74.125.24.0-255,5738,133028,44,305552
41317,0.002068,172.31.46.0-255,66,133094,44,305552
41318,0.002087,74.125.24.0-255,5738,138832,44,305552
41319,0.002089,172.31.46.0-255,66,138898,44,305552
41320,0.002105,172.31.46.0-255,66,138964,44,305552
41321,0.002137,74.125.24.0-255,5020,143984,44,305552
41322,0.00214,172.31.46.0-255,66,144050,44,305552
41323,0.002158,74.125.24.0-255,4320,148370,44,305552
41324,0.00216,172.31.46.0-255,66,148436,44,305552
41325,0.002185,74.125.24.0-255,1484,149920,44,305552
41326,0.002192,74.125.24.0-255,7156,157076,44,305552
41327,0.002194,172.31.46.0-255,66,157142,44,305552
41328,0.002204,172.31.46.0-255,66,157208,44,305552
41329,0.00223,74.125.24.0-255,5738,162946,44,305552
41330,0.002232,172.31.46.0-255,66,163012,44,305552
41331,0.002238,74.125.24.0-255,6438,169450,44,305552
41332,0.002241,172.31.46.0-255,66,169516,44,305552
41333,0.002282,74.125.24.0-255,1484,171000,44,305552
41334,0.0023,74.125.24.0-255,2902,173902,44,305552
41335,0.002304,172.31.46.0-255,66,173968,44,305552
41336,0.00231,74.125.24.0-255,5738,179706,44,305552
41337,0.002312,172.31.46.0-255,66,179772,44,305552
41338,0.002337,172.31.46.0-255,66,179838,44,305552
41339,0.002355,74.125.24.0-255,4320,184158,44,305552
41340,0.002356,172.31.46.0-255,66,184224,44,305552
41341,0.002366,172.31.46.0-255,66,184290,44,305552
41342,0.002388,74.125.24.0-255,2184,186474,44,305552
41343,0.00239,172.31.46.0-255,66,186540,44,305552
41344,0.004717,74.125.24.0-255,5738,192278,44,305552
41345,0.004723,172.31.46.0-255,66,192344,44,305552
41346,0.007078,74.125.24.0-255,5738,198082,44,305552
41347,0.007092,172.31.46.0-255,66,198148,44,305552
41348,0.009464,74.125.24.0-255,5738,203886,44,305552
41349,0.009472,172.31.46.0-255,66,203952,44,305552
41350,0.0118,74.125.24.0-255,5738,209690,44,305552
41351,0.011809,172.31.46.0-255,66,209756,44,305552
41352,0.014162,74.125.24.0-255,5738,215494,44,305552
41353,0.014174,172.31.46.0-255,66,215560,44,305552
41354,0.016552,74.125.24.0-255,5738,221298,44,305552
41355,0.016565,172.31.46.0-255,66,221364,44,305552
41356,0.018945,74.125.24.0-255,5738,227102,44,305552
41357,0.018961,172.31.46.0-255,66,227168,44,305552
41358,0.021301,74.125.24.0-255,5738,232906,44,305552
41359,0.021309,172.31.46.0-255,66,232972,44,305552
41360,0.023636,74.125.24.0-255,5738,238710,44,305552
41361,0.023643,172.31.46.0-255,66,238776,44,305552
41362,0.025969,74.125.24.0-255,1484,240260,44,305552
41363,0.025997,74.125.24.0-255,4320,244580,44,305552
41364,0.026003,172.31.46.0-255,66,244646,44,305552
41365,0.028344,74.125.24.0-255,5738,250384,44,305552
41366,0.028349,172.31.46.0-255,66,250450,44,305552
41367,0.030699,74.125.24.0-255,5738,256188,44,305552
41368,0.030709,172.31.46.0-255,66,256254,44,305552
41369,0.03306,74.125.24.0-255,5738,261992,44,305552
41370,0.033071,172.31.46.0-255,66,262058,44,305552
41371,0.035431,74.125.24.0-255,5738,267796,44,305552
41372,0.035441,172.31.46.0-255,66,267862,44,305552
41373,0.037782,74.125.24.0-255,5738,273600,44,305552
41374,0.037792,172.31.46.0-255,66,273666,44,305552
41375,0.040132,74.125.24.0-255,5738,279404,44,305552
41376,0.040143,172.31.46.0-255,66,279470,44,305552
41377,0.041533,172.31.46.0-255,172,279642,44,305552
41378,0.041562,172.31.46.0-255,1114,280756,44,305552
41379,0.041617,172.31.46.0-255,1514,282270,44,305552
41380,0.041619,172.31.46.0-255,1514,283784,44,305552
41381,0.041626,172.31.46.0-255,1514,285298,44,305552
41382,0.041627,172.31.46.0-255,1514,286812,44,305552
41383,0.041644,172.31.46.0-255,1514,288326,44,305552
41384,0.041646,172.31.46.0-255,71,288397,44,305552
41385,0.0425,74.125.24.0-255,5738,294135,44,305552
41386,0.04251,172.31.46.0-255,66,294201,44,305552
41387,0.043063,104.244.42.0-255,66,294267,44,305552
41388,0.043265,104.244.42.0-255,66,294333,44,305552
41389,0.043271,104.244.42.0-255,66,294399,44,305552
41390,0.043276,104.244.42.0-255,66,294465,44,305552
41391,0.044831,74.125.24.0-255,5738,300203,44,305552
41392,0.044841,172.31.46.0-255,66,300269,44,305552
41393,0.047191,74.125.24.0-255,5046,305315,44,305552
41394,0.047206,172.31.46.0-255,66,305381,44,305552
41395,0.047466,172.31.46.0-255,105,305486,44,305552
41396,0.049792,74.125.24.0-255,66,305552,44,305552
41397,0.0,74.125.200.0-255,150,150,44,378341
41398,2.5e-05,172.31.46.0-255,66,216,44,378341
41399,3.3e-05,74.125.200.0-255,1484,1700,44,378341
41400,3.8e-05,172.31.46.0-255,66,1766,44,378341
41401,6.3e-05,74.125.200.0-255,1484,3250,44,378341
41402,6.5e-05,172.31.46.0-255,66,3316,44,378341
41403,7.1e-05,74.125.200.0-255,2902,6218,44,378341
41404,7.4e-05,172.31.46.0-255,66,6284,44,378341
41405,9.4e-05,74.125.200.0-255,5738,12022,44,378341
41406,9.7e-05,172.31.46.0-255,66,12088,44,378341
41407,0.000116,74.125.200.0-255,2085,14173,44,378341
41408,0.000119,172.31.46.0-255,66,14239,44,378341
41409,0.000195,74.125.200.0-255,1484,15723,44,378341
41410,0.0002,172.31.46.0-255,66,15789,44,378341
41411,0.000206,74.125.200.0-255,2902,18691,44,378341
41412,0.000208,172.31.46.0-255,66,18757,44,378341
41413,0.000232,74.125.200.0-255,4320,23077,44,378341
41414,0.000235,172.31.46.0-255,66,23143,44,378341
41415,0.000277,74.125.200.0-255,1484,24627,44,378341
41416,0.00028,172.31.46.0-255,66,24693,44,378341
41417,0.000303,74.125.200.0-255,6797,31490,44,378341
41418,0.000306,172.31.46.0-255,66,31556,44,378341
41419,0.00033,74.125.200.0-255,5738,37294,44,378341
41420,0.000333,172.31.46.0-255,66,37360,44,378341
41421,0.000367,74.125.200.0-255,4320,41680,44,378341
41422,0.000369,172.31.46.0-255,66,41746,44,378341
41423,0.000413,74.125.200.0-255,2902,44648,44,378341
41424,0.000417,172.31.46.0-255,66,44714,44,378341
41425,0.000435,74.125.200.0-255,2902,47616,44,378341
41426,0.000438,172.31.46.0-255,66,47682,44,378341
41427,0.000457,74.125.200.0-255,7156,54838,44,378341
41428,0.00046,172.31.46.0-255,66,54904,44,378341
41429,0.000464,74.125.200.0-255,1484,56388,44,378341
41430,0.000486,74.125.200.0-255,2902,59290,44,378341
41431,0.000489,172.31.46.0-255,66,59356,44,378341
41432,0.000495,74.125.200.0-255,4320,63676,44,378341
41433,0.000497,172.31.46.0-255,66,63742,44,378341
41434,0.000517,74.125.200.0-255,1484,65226,44,378341
41435,0.000519,74.125.200.0-255,766,65992,44,378341
41436,0.000521,172.31.46.0-255,66,66058,44,378341
41437,0.000563,74.125.200.0-255,363,66421,44,378341
41438,0.000607,74.125.200.0-255,130,66551,44,378341
41439,0.00072,74.125.200.0-255,1484,68035,44,378341
41440,0.000726,172.31.46.0-255,66,68101,44,378341
41441,0.000732,74.125.200.0-255,2902,71003,44,378341
41442,0.000735,172.31.46.0-255,66,71069,44,378341
41443,0.000738,74.125.200.0-255,1484,72553,44,378341
41444,0.000754,74.125.200.0-255,4320,76873,44,378341
41445,0.000757,172.31.46.0-255,66,76939,44,378341
41446,0.000785,74.125.200.0-255,7156,84095,44,378341
41447,0.000789,172.31.46.0-255,66,84161,44,378341
41448,0.000805,74.125.200.0-255,7156,91317,44,378341
41449,0.000807,172.31.46.0-255,66,91383,44,378341
41450,0.000836,74.125.200.0-255,1484,92867,44,378341
41451,0.000844,74.125.200.0-255,7156,100023,44,378341
41452,0.000847,172.31.46.0-255,66,100089,44,378341
41453,0.000891,74.125.200.0-255,5738,105827,44,378341
41454,0.000895,172.31.46.0-255,66,105893,44,378341
41455,0.000913,74.125.200.0-255,2184,108077,44,378341
41456,0.000916,172.31.46.0-255,66,108143,44,378341
41457,0.000922,74.125.200.0-255,4320,112463,44,378341
41458,0.000924,172.31.46.0-255,66,112529,44,378341
41459,0.000927,74.125.200.0-255,1484,114013,44,378341
41460,0.000955,74.125.200.0-255,3662,117675,44,378341
41461,0.000957,172.31.46.0-255,66,117741,44,378341
41462,0.000989,74.125.200.0-255,1484,119225,44,378341
41463,0.001006,74.125.200.0-255,1484,120709,44,378341
41464,0.001009,172.31.46.0-255,66,120775,44,378341
41465,0.001028,74.125.200.0-255,1484,122259,44,378341
41466,0.001031,74.125.200.0-255,1484,123743,44,378341
41467,0.001034,172.31.46.0-255,66,123809,44,378341
41468,0.001041,74.125.200.0-255,5738,129547,44,378341
41469,0.001043,172.31.46.0-255,66,129613,44,378341
41470,0.001077,172.31.46.0-255,66,129679,44,378341
41471,0.001106,74.125.200.0-255,2902,132581,44,378341
41472,0.001109,172.31.46.0-255,66,132647,44,378341
41473,0.001115,74.125.200.0-255,4320,136967,44,378341
41474,0.001117,172.31.46.0-255,66,137033,44,378341
41475,0.001133,74.125.200.0-255,5020,142053,44,378341
41476,0.001136,172.31.46.0-255,66,142119,44,378341
41477,0.001539,74.125.200.0-255,1484,143603,44,378341
41478,0.001546,74.125.200.0-255,2902,146505,44,378341
41479,0.00155,172.31.46.0-255,66,146571,44,378341
41480,0.001556,74.125.200.0-255,4320,150891,44,378341
41481,0.001559,172.31.46.0-255,66,150957,44,378341
41482,0.001572,74.125.200.0-255,1484,152441,44,378341
41483,0.001591,74.125.200.0-255,2902,155343,44,378341
41484,0.001594,172.31.46.0-255,66,155409,44,378341
41485,0.001632,172.31.46.0-255,66,155475,44,378341
41486,0.001638,74.125.200.0-255,5738,161213,44,378341
41487,0.00164,172.31.46.0-255,66,161279,44,378341
41488,0.001673,74.125.200.0-255,5020,166299,44,378341
41489,0.001677,172.31.46.0-255,66,166365,44,378341
41490,0.001964,74.125.200.0-255,1484,167849,44,378341
41491,0.001971,74.125.200.0-255,2902,170751,44,378341
41492,0.001974,172.31.46.0-255,66,170817,44,378341
41493,0.001997,74.125.200.0-255,2902,173719,44,378341
41494,0.001999,172.31.46.0-255,66,173785,44,378341
41495,0.002006,74.125.200.0-255,4320,178105,44,378341
41496,0.002008,172.31.46.0-255,66,178171,44,378341
41497,0.002029,172.31.46.0-255,66,178237,44,378341
41498,0.002033,74.125.200.0-255,2902,181139,44,378341
41499,0.002036,172.31.46.0-255,66,181205,44,378341
41500,0.002054,74.125.200.0-255,2902,184107,44,378341
41501,0.002057,172.31.46.0-255,66,184173,44,378341
41502,0.002065,74.125.200.0-255,7156,191329,44,378341
41503,0.002067,172.31.46.0-255,66,191395,44,378341
41504,0.00207,74.125.200.0-255,766,192161,44,378341
41505,0.003049,172.31.46.0-255,66,192227,44,378341
41506,0.00434,74.125.200.0-255,4320,196547,44,378341
41507,0.004349,172.31.46.0-255,66,196613,44,378341
41508,0.005322,74.125.200.0-255,1484,198097,44,378341
41509,0.006623,74.125.200.0-255,4320,202417,44,378341
41510,0.006628,172.31.46.0-255,66,202483,44,378341
41511,0.008912,74.125.200.0-255,5738,208221,44,378341
41512,0.008918,172.31.46.0-255,66,208287,44,378341
41513,0.011216,74.125.200.0-255,5738,214025,44,378341
41514,0.011228,172.31.46.0-255,66,214091,44,378341
41515,0.013513,74.125.200.0-255,5738,219829,44,378341
41516,0.013524,172.31.46.0-255,66,219895,44,378341
41517,0.015822,74.125.200.0-255,5738,225633,44,378341
41518,0.015834,172.31.46.0-255,66,225699,44,378341
41519,0.01813,74.125.200.0-255,5738,231437,44,378341
41520,0.018144,172.31.46.0-255,66,231503,44,378341
41521,0.020437,74.125.200.0-255,5738,237241,44,378341
41522,0.020454,172.31.46.0-255,66,237307,44,378341
41523,0.022739,74.125.200.0-255,5738,243045,44,378341
41524,0.02275,172.31.46.0-255,66,243111,44,378341
41525,0.025033,74.125.200.0-255,5738,248849,44,378341
41526,0.025042,172.31.46.0-255,66,248915,44,378341
41527,0.027332,74.125.200.0-255,5738,254653,44,378341
41528,0.027343,172.31.46.0-255,66,254719,44,378341
41529,0.02963,74.125.200.0-255,5738,260457,44,378341
41530,0.02964,172.31.46.0-255,66,260523,44,378341
41531,0.031938,74.125.200.0-255,5738,266261,44,378341
41532,0.031952,172.31.46.0-255,66,266327,44,378341
41533,0.034234,74.125.200.0-255,5738,272065,44,378341
41534,0.034247,172.31.46.0-255,66,272131,44,378341
41535,0.036536,74.125.200.0-255,5738,277869,44,378341
41536,0.036548,172.31.46.0-255,66,277935,44,378341
41537,0.038849,74.125.200.0-255,5738,283673,44,378341
41538,0.038862,172.31.46.0-255,66,283739,44,378341
41539,0.041148,74.125.200.0-255,5738,289477,44,378341
41540,0.041156,172.31.46.0-255,66,289543,44,378341
41541,0.041302,172.31.46.0-255,188,289731,44,378341
41542,0.041331,172.31.46.0-255,955,290686,44,378341
41543,0.04145,172.31.46.0-255,1514,292200,44,378341
41544,0.041452,172.31.46.0-255,1514,293714,44,378341
41545,0.041457,172.31.46.0-255,1514,295228,44,378341
41546,0.041458,172.31.46.0-255,1514,296742,44,378341
41547,0.041482,172.31.46.0-255,1514,298256,44,378341
41548,0.041483,172.31.46.0-255,231,298487,44,378341
41549,0.042874,104.244.42.0-255,66,298553,44,378341
41550,0.042885,104.244.42.0-255,66,298619,44,378341
41551,0.043043,104.244.42.0-255,66,298685,44,378341
41552,0.04305,104.244.42.0-255,66,298751,44,378341
41553,0.043443,74.125.200.0-255,5738,304489,44,378341
41554,0.043451,172.31.46.0-255,66,304555,44,378341
41555,0.045743,74.125.200.0-255,5738,310293,44,378341
41556,0.045752,172.31.46.0-255,66,310359,44,378341
41557,0.048044,74.125.200.0-255,5738,316097,44,378341
41558,0.04805,172.31.46.0-255,66,316163,44,378341
41559,0.050391,74.125.200.0-255,5738,321901,44,378341
41560,0.0504,172.31.46.0-255,66,321967,44,378341
41561,0.052687,74.125.200.0-255,5738,327705,44,378341
41562,0.052695,172.31.46.0-255,66,327771,44,378341
41563,0.054981,74.125.200.0-255,5738,333509,44,378341
41564,0.054989,172.31.46.0-255,66,333575,44,378341
41565,0.057287,74.125.200.0-255,5738,339313,44,378341
41566,0.057294,172.31.46.0-255,66,339379,44,378341
41567,0.059591,74.125.200.0-255,5738,345117,44,378341
41568,0.059598,172.31.46.0-255,66,345183,44,378341
41569,0.061883,74.125.200.0-255,5738,350921,44,378341
41570,0.06189,172.31.46.0-255,66,350987,44,378341
41571,0.064176,74.125.200.0-255,5738,356725,44,378341
41572,0.064182,172.31.46.0-255,66,356791,44,378341
41573,0.066467,74.125.200.0-255,5738,362529,44,378341
41574,0.066475,172.31.46.0-255,66,362595,44,378341
41575,0.068762,74.125.200.0-255,5738,368333,44,378341
41576,0.068771,172.31.46.0-255,66,368399,44,378341
41577,0.071068,74.125.200.0-255,5738,374137,44,378341
41578,0.071075,172.31.46.0-255,66,374203,44,378341
41579,0.073354,74.125.200.0-255,3376,377579,44,378341
41580,0.073362,172.31.46.0-255,66,377645,44,378341
41581,0.073583,172.31.46.0-255,105,377750,44,378341
41582,0.07362,172.31.46.0-255,105,377855,44,378341
41583,0.073873,172.31.46.0-255,90,377945,44,378341
41584,0.073883,172.31.46.0-255,66,378011,44,378341
41585,0.075825,74.125.200.0-255,66,378077,44,378341
41586,0.075855,74.125.200.0-255,66,378143,44,378341
41587,0.076105,74.125.200.0-255,66,378209,44,378341
41588,0.076147,74.125.200.0-255,66,378275,44,378341
41589,0.076162,172.31.46.0-255,66,378341,44,378341
41590,0.0,172.217.194.0-255,152,152,44,141297
41591,2.5e-05,172.31.46.0-255,66,218,44,141297
41592,3.3e-05,172.217.194.0-255,1484,1702,44,141297
41593,3.7e-05,172.31.46.0-255,66,1768,44,141297
41594,5.2e-05,172.217.194.0-255,2902,4670,44,141297
41595,5.6e-05,172.31.46.0-255,66,4736,44,141297
41596,6.4e-05,172.217.194.0-255,7156,11892,44,141297
41597,6.7e-05,172.31.46.0-255,66,11958,44,141297
41598,7.1e-05,172.217.194.0-255,1994,13952,44,141297
41599,7.5e-05,172.31.46.0-255,66,14018,44,141297
41600,9.8e-05,172.217.194.0-255,4320,18338,44,141297
41601,0.000102,172.31.46.0-255,66,18404,44,141297
41602,0.000113,172.217.194.0-255,5738,24142,44,141297
41603,0.000116,172.31.46.0-255,66,24208,44,141297
41604,0.000143,172.217.194.0-255,1484,25692,44,141297
41605,0.000146,172.31.46.0-255,66,25758,44,141297
41606,0.000187,172.31.46.0-255,66,25824,44,141297
41607,0.00019,172.217.194.0-255,1484,27308,44,141297
41608,0.000191,172.31.46.0-255,66,27374,44,141297
41609,0.00022,172.217.194.0-255,4320,31694,44,141297
41610,0.000223,172.31.46.0-255,66,31760,44,141297
41611,0.000254,172.217.194.0-255,5379,37139,44,141297
41612,0.000256,172.31.46.0-255,66,37205,44,141297
41613,0.000273,172.31.46.0-255,66,37271,44,141297
41614,0.00028,172.217.194.0-255,7092,44363,44,141297
41615,0.000282,172.31.46.0-255,66,44429,44,141297
41616,0.000285,172.217.194.0-255,382,44811,44,141297
41617,0.000288,172.31.46.0-255,66,44877,44,141297
41618,0.000422,172.217.194.0-255,1484,46361,44,141297
41619,0.000427,172.31.46.0-255,66,46427,44,141297
41620,0.000432,172.217.194.0-255,2902,49329,44,141297
41621,0.000434,172.31.46.0-255,66,49395,44,141297
41622,0.000441,172.217.194.0-255,5738,55133,44,141297
41623,0.000449,172.31.46.0-255,66,55199,44,141297
41624,0.000455,172.217.194.0-255,5738,60937,44,141297
41625,0.000458,172.31.46.0-255,66,61003,44,141297
41626,0.000504,172.31.46.0-255,66,61069,44,141297
41627,0.000534,172.217.194.0-255,3961,65030,44,141297
41628,0.000536,172.31.46.0-255,66,65096,44,141297
41629,0.000541,172.217.194.0-255,3961,69057,44,141297
41630,0.000544,172.31.46.0-255,66,69123,44,141297
41631,0.000949,172.217.194.0-255,1484,70607,44,141297
41632,0.000957,172.217.194.0-255,2902,73509,44,141297
41633,0.00096,172.31.46.0-255,66,73575,44,141297
41634,0.000968,172.217.194.0-255,5738,79313,44,141297
41635,0.00097,172.31.46.0-255,66,79379,44,141297
41636,0.001015,172.31.46.0-255,66,79445,44,141297
41637,0.001034,172.31.46.0-255,66,79511,44,141297
41638,0.001072,172.217.194.0-255,1484,80995,44,141297
41639,0.001085,172.217.194.0-255,2902,83897,44,141297
41640,0.001088,172.31.46.0-255,66,83963,44,141297
41641,0.001095,172.217.194.0-255,5738,89701,44,141297
41642,0.001097,172.31.46.0-255,66,89767,44,141297
41643,0.001134,172.31.46.0-255,66,89833,44,141297
41644,0.001184,172.31.46.0-255,66,89899,44,141297
41645,0.001224,172.31.46.0-255,66,89965,44,141297
41646,0.001229,172.217.194.0-255,4320,94285,44,141297
41647,0.001232,172.31.46.0-255,66,94351,44,141297
41648,0.001273,172.31.46.0-255,66,94417,44,141297
41649,0.001278,172.217.194.0-255,2902,97319,44,141297
41650,0.001281,172.31.46.0-255,66,97385,44,141297
41651,0.00133,172.31.46.0-255,66,97451,44,141297
41652,0.001352,172.31.46.0-255,66,97517,44,141297
41653,0.001355,172.217.194.0-255,766,98283,44,141297
41654,0.001358,172.217.194.0-255,1484,99767,44,141297
41655,0.00136,172.31.46.0-255,66,99833,44,141297
41656,0.001365,172.217.194.0-255,4320,104153,44,141297
41657,0.001368,172.31.46.0-255,66,104219,44,141297
41658,0.00138,172.31.46.0-255,66,104285,44,141297
41659,0.001398,172.31.46.0-255,66,104351,44,141297
41660,0.001492,172.217.194.0-255,3602,107953,44,141297
41661,0.001496,172.31.46.0-255,66,108019,44,141297
41662,0.001499,172.31.46.0-255,66,108085,44,141297
41663,0.001502,172.31.46.0-255,66,108151,44,141297
41664,0.001505,172.31.46.0-255,66,108217,44,141297
41665,0.001543,172.217.194.0-255,2902,111119,44,141297
41666,0.001546,172.31.46.0-255,66,111185,44,141297
41667,0.001592,172.31.46.0-255,66,111251,44,141297
41668,0.001604,172.31.46.0-255,66,111317,44,141297
41669,0.001637,172.217.194.0-255,2902,114219,44,141297
41670,0.001639,172.31.46.0-255,66,114285,44,141297
41671,0.001644,172.217.194.0-255,4320,118605,44,141297
41672,0.001647,172.31.46.0-255,66,118671,44,141297
41673,0.00169,172.31.46.0-255,66,118737,44,141297
41674,0.001702,172.31.46.0-255,66,118803,44,141297
41675,0.001733,172.217.194.0-255,4320,123123,44,141297
41676,0.001735,172.31.46.0-255,66,123189,44,141297
41677,0.001761,172.217.194.0-255,2184,125373,44,141297
41678,0.001764,172.31.46.0-255,66,125439,44,141297
41679,0.001771,172.217.194.0-255,7156,132595,44,141297
41680,0.001774,172.31.46.0-255,66,132661,44,141297
41681,0.001814,172.31.46.0-255,66,132727,44,141297
41682,0.001817,172.217.194.0-255,97,132824,44,141297
41683,0.001819,172.217.194.0-255,105,132929,44,141297
41684,0.002411,172.31.46.0-255,101,133030,44,141297
41685,0.004384,172.217.194.0-255,66,133096,44,141297
41686,0.008229,172.31.46.0-255,105,133201,44,141297
41687,0.01018,172.217.194.0-255,66,133267,44,141297
41688,0.031472,172.31.46.0-255,172,133439,44,141297
41689,0.031507,172.31.46.0-255,1113,134552,44,141297
41690,0.031582,172.31.46.0-255,1514,136066,44,141297
41691,0.031584,172.31.46.0-255,1514,137580,44,141297
41692,0.031586,172.31.46.0-255,1514,139094,44,141297
41693,0.031587,172.31.46.0-255,1514,140608,44,141297
41694,0.031588,172.31.46.0-255,557,141165,44,141297
41695,0.033134,104.244.42.0-255,66,141231,44,141297
41696,0.073304,104.244.42.0-255,66,141297,44,141297
41697,0.0,74.125.24.0-255,153,153,44,316306
41698,1.5e-05,172.31.46.0-255,66,219,44,316306
41699,2.1e-05,74.125.24.0-255,1484,1703,44,316306
41700,2.5e-05,172.31.46.0-255,66,1769,44,316306
41701,3.1e-05,74.125.24.0-255,2902,4671,44,316306
41702,3.4e-05,172.31.46.0-255,66,4737,44,316306
41703,4.2e-05,74.125.24.0-255,7156,11893,44,316306
41704,4.4e-05,172.31.46.0-255,66,11959,44,316306
41705,6.6e-05,74.125.24.0-255,2118,14077,44,316306
41706,6.9e-05,172.31.46.0-255,66,14143,44,316306
41707,9.7e-05,74.125.24.0-255,2902,17045,44,316306
41708,9.9e-05,172.31.46.0-255,66,17111,44,316306
41709,0.000106,74.125.24.0-255,7156,24267,44,316306
41710,0.000108,172.31.46.0-255,66,24333,44,316306
41711,0.00014,74.125.24.0-255,6797,31130,44,316306
41712,0.000143,172.31.46.0-255,66,31196,44,316306
41713,0.000232,74.125.24.0-255,1484,32680,44,316306
41714,0.000235,172.31.46.0-255,66,32746,44,316306
41715,0.000241,74.125.24.0-255,2902,35648,44,316306
41716,0.000243,172.31.46.0-255,66,35714,44,316306
41717,0.000256,74.125.24.0-255,4320,40034,44,316306
41718,0.000258,172.31.46.0-255,66,40100,44,316306
41719,0.000299,172.31.46.0-255,66,40166,44,316306
41720,0.000304,74.125.24.0-255,2902,43068,44,316306
41721,0.000305,172.31.46.0-255,66,43134,44,316306
41722,0.000336,172.31.46.0-255,66,43200,44,316306
41723,0.000338,74.125.24.0-255,363,43563,44,316306
41724,0.00034,172.31.46.0-255,66,43629,44,316306
41725,0.000368,74.125.24.0-255,412,44041,44,316306
41726,0.00037,172.31.46.0-255,66,44107,44,316306
41727,0.000724,74.125.24.0-255,1484,45591,44,316306
41728,0.000728,74.125.24.0-255,1484,47075,44,316306
41729,0.000731,172.31.46.0-255,66,47141,44,316306
41730,0.000751,74.125.24.0-255,1484,48625,44,316306
41731,0.000757,74.125.24.0-255,4320,52945,44,316306
41732,0.000759,172.31.46.0-255,66,53011,44,316306
41733,0.000779,74.125.24.0-255,1484,54495,44,316306
41734,0.000785,74.125.24.0-255,7156,61651,44,316306
41735,0.000787,172.31.46.0-255,66,61717,44,316306
41736,0.00079,74.125.24.0-255,1484,63201,44,316306
41737,0.000811,172.31.46.0-255,66,63267,44,316306
41738,0.000828,74.125.24.0-255,4320,67587,44,316306
41739,0.000831,74.125.24.0-255,2184,69771,44,316306
41740,0.000835,172.31.46.0-255,66,69837,44,316306
41741,0.000838,172.31.46.0-255,66,69903,44,316306
41742,0.00094,74.125.24.0-255,1484,71387,44,316306
41743,0.000945,74.125.24.0-255,2902,74289,44,316306
41744,0.000948,172.31.46.0-255,66,74355,44,316306
41745,0.000967,74.125.24.0-255,2902,77257,44,316306
41746,0.000969,172.31.46.0-255,66,77323,44,316306
41747,0.000979,74.125.24.0-255,1484,78807,44,316306
41748,0.000984,74.125.24.0-255,4320,83127,44,316306
41749,0.000986,172.31.46.0-255,66,83193,44,316306
41750,0.000997,74.125.24.0-255,1484,84677,44,316306
41751,0.001021,172.31.46.0-255,66,84743,44,316306
41752,0.001027,74.125.24.0-255,5738,90481,44,316306
41753,0.001029,172.31.46.0-255,66,90547,44,316306
41754,0.001042,74.125.24.0-255,2184,92731,44,316306
41755,0.001044,172.31.46.0-255,66,92797,44,316306
41756,0.001073,74.125.24.0-255,1484,94281,44,316306
41757,0.001088,74.125.24.0-255,2902,97183,44,316306
41758,0.00109,172.31.46.0-255,66,97249,44,316306
41759,0.001119,74.125.24.0-255,4320,101569,44,316306
41760,0.001122,172.31.46.0-255,66,101635,44,316306
41761,0.001136,74.125.24.0-255,1484,103119,44,316306
41762,0.001149,172.31.46.0-255,66,103185,44,316306
41763,0.001156,74.125.24.0-255,7156,110341,44,316306
41764,0.001158,172.31.46.0-255,66,110407,44,316306
41765,0.001163,74.125.24.0-255,3602,114009,44,316306
41766,0.001165,172.31.46.0-255,66,114075,44,316306
41767,0.001257,74.125.24.0-255,1484,115559,44,316306
41768,0.001262,74.125.24.0-255,2902,118461,44,316306
41769,0.001265,172.31.46.0-255,66,118527,44,316306
41770,0.001283,74.125.24.0-255,4320,122847,44,316306
41771,0.001285,172.31.46.0-255,66,122913,44,316306
41772,0.001309,74.125.24.0-255,1484,124397,44,316306
41773,0.001316,74.125.24.0-255,7156,131553,44,316306
41774,0.001318,172.31.46.0-255,66,131619,44,316306
41775,0.001339,74.125.24.0-255,5738,137357,44,316306
41776,0.001341,172.31.46.0-255,66,137423,44,316306
41777,0.001347,74.125.24.0-255,4320,141743,44,316306
41778,0.001349,172.31.46.0-255,66,141809,44,316306
41779,0.001381,74.125.24.0-255,6438,148247,44,316306
41780,0.001384,172.31.46.0-255,66,148313,44,316306
41781,0.001733,74.125.24.0-255,1484,149797,44,316306
41782,0.001738,74.125.24.0-255,2902,152699,44,316306
41783,0.001741,172.31.46.0-255,66,152765,44,316306
41784,0.001757,74.125.24.0-255,1484,154249,44,316306
41785,0.001769,74.125.24.0-255,4320,158569,44,316306
41786,0.001772,172.31.46.0-255,66,158635,44,316306
41787,0.001795,74.125.24.0-255,5738,164373,44,316306
41788,0.001797,172.31.46.0-255,66,164439,44,316306
41789,0.001817,172.31.46.0-255,66,164505,44,316306
41790,0.001836,74.125.24.0-255,2902,167407,44,316306
41791,0.001838,172.31.46.0-255,66,167473,44,316306
41792,0.001844,74.125.24.0-255,5020,172493,44,316306
41793,0.001846,172.31.46.0-255,66,172559,44,316306
41794,0.001867,74.125.24.0-255,1484,174043,44,316306
41795,0.001889,74.125.24.0-255,2902,176945,44,316306
41796,0.001892,172.31.46.0-255,66,177011,44,316306
41797,0.001898,74.125.24.0-255,5738,182749,44,316306
41798,0.0019,172.31.46.0-255,66,182815,44,316306
41799,0.001943,172.31.46.0-255,66,182881,44,316306
41800,0.001953,172.31.46.0-255,66,182947,44,316306
41801,0.001955,74.125.24.0-255,766,183713,44,316306
41802,0.002652,172.31.46.0-255,66,183779,44,316306
41803,0.003922,74.125.24.0-255,4320,188099,44,316306
41804,0.003928,172.31.46.0-255,66,188165,44,316306
41805,0.004608,74.125.24.0-255,1484,189649,44,316306
41806,0.005896,74.125.24.0-255,4320,193969,44,316306
41807,0.005899,172.31.46.0-255,66,194035,44,316306
41808,0.007862,74.125.24.0-255,5738,199773,44,316306
41809,0.007868,172.31.46.0-255,66,199839,44,316306
41810,0.009836,74.125.24.0-255,5738,205577,44,316306
41811,0.009844,172.31.46.0-255,66,205643,44,316306
41812,0.01184,74.125.24.0-255,5738,211381,44,316306
41813,0.011849,172.31.46.0-255,66,211447,44,316306
41814,0.013845,74.125.24.0-255,5738,217185,44,316306
41815,0.013863,172.31.46.0-255,66,217251,44,316306
41816,0.015853,74.125.24.0-255,5738,222989,44,316306
41817,0.015863,172.31.46.0-255,66,223055,44,316306
41818,0.017842,74.125.24.0-255,5738,228793,44,316306
41819,0.01785,172.31.46.0-255,66,228859,44,316306
41820,0.019827,74.125.24.0-255,5738,234597,44,316306
41821,0.01984,172.31.46.0-255,66,234663,44,316306
41822,0.021868,74.125.24.0-255,5738,240401,44,316306
41823,0.021875,172.31.46.0-255,66,240467,44,316306
41824,0.023869,74.125.24.0-255,5738,246205,44,316306
41825,0.023879,172.31.46.0-255,66,246271,44,316306
41826,0.025874,74.125.24.0-255,5738,252009,44,316306
41827,0.025882,172.31.46.0-255,66,252075,44,316306
41828,0.027828,74.125.24.0-255,5738,257813,44,316306
41829,0.027835,172.31.46.0-255,66,257879,44,316306
41830,0.029809,74.125.24.0-255,5738,263617,44,316306
41831,0.029819,172.31.46.0-255,66,263683,44,316306
41832,0.031787,74.125.24.0-255,5738,269421,44,316306
41833,0.031798,172.31.46.0-255,66,269487,44,316306
41834,0.033771,74.125.24.0-255,5738,275225,44,316306
41835,0.033784,172.31.46.0-255,66,275291,44,316306
41836,0.035033,172.31.46.0-255,190,275481,44,316306
41837,0.035068,172.31.46.0-255,1114,276595,44,316306
41838,0.03513,172.31.46.0-255,1514,278109,44,316306
41839,0.035132,172.31.46.0-255,1514,279623,44,316306
41840,0.035137,172.31.46.0-255,1514,281137,44,316306
41841,0.035139,172.31.46.0-255,1514,282651,44,316306
41842,0.035158,172.31.46.0-255,1514,284165,44,316306
41843,0.035159,172.31.46.0-255,70,284235,44,316306
41844,0.035755,74.125.24.0-255,5738,289973,44,316306
41845,0.035762,172.31.46.0-255,66,290039,44,316306
41846,0.03656,104.244.42.0-255,66,290105,44,316306
41847,0.036602,104.244.42.0-255,66,290171,44,316306
41848,0.036684,104.244.42.0-255,66,290237,44,316306
41849,0.036691,104.244.42.0-255,66,290303,44,316306
41850,0.037755,74.125.24.0-255,5738,296041,44,316306
41851,0.037762,172.31.46.0-255,66,296107,44,316306
41852,0.039772,74.125.24.0-255,5738,301845,44,316306
41853,0.03978,172.31.46.0-255,66,301911,44,316306
41854,0.039904,172.31.46.0-255,101,302012,44,316306
41855,0.041762,74.125.24.0-255,5738,307750,44,316306
41856,0.041771,172.31.46.0-255,66,307816,44,316306
41857,0.041835,74.125.24.0-255,66,307882,44,316306
41858,0.043757,74.125.24.0-255,5738,313620,44,316306
41859,0.04377,172.31.46.0-255,66,313686,44,316306
41860,0.045756,74.125.24.0-255,2383,316069,44,316306
41861,0.045765,172.31.46.0-255,66,316135,44,316306
41862,0.04596,172.31.46.0-255,105,316240,44,316306
41863,0.051713,74.125.24.0-255,66,316306,44,316306
41864,0.0,74.125.24.0-255,146,146,44,227066
41865,2.1e-05,172.31.46.0-255,66,212,44,227066
41866,2.8e-05,74.125.24.0-255,1484,1696,44,227066
41867,3.2e-05,172.31.46.0-255,66,1762,44,227066
41868,3.5e-05,74.125.24.0-255,1484,3246,44,227066
41869,4.5e-05,172.31.46.0-255,66,3312,44,227066
41870,5.2e-05,74.125.24.0-255,4320,7632,44,227066
41871,5.5e-05,172.31.46.0-255,66,7698,44,227066
41872,7.6e-05,74.125.24.0-255,2902,10600,44,227066
41873,7.9e-05,172.31.46.0-255,66,10666,44,227066
41874,0.000108,172.31.46.0-255,66,10732,44,227066
41875,0.000123,172.31.46.0-255,66,10798,44,227066
41876,0.000126,74.125.24.0-255,1125,11923,44,227066
41877,0.000127,172.31.46.0-255,66,11989,44,227066
41878,0.000278,74.125.24.0-255,1484,13473,44,227066
41879,0.000282,172.31.46.0-255,66,13539,44,227066
41880,0.000288,74.125.24.0-255,2902,16441,44,227066
41881,0.00029,172.31.46.0-255,66,16507,44,227066
41882,0.000317,74.125.24.0-255,5738,22245,44,227066
41883,0.00032,172.31.46.0-255,66,22311,44,227066
41884,0.000323,74.125.24.0-255,1484,23795,44,227066
41885,0.000325,172.31.46.0-255,66,23861,44,227066
41886,0.000347,74.125.24.0-255,2902,26763,44,227066
41887,0.000349,172.31.46.0-255,66,26829,44,227066
41888,0.000353,74.125.24.0-255,2902,29731,44,227066
41889,0.000355,172.31.46.0-255,66,29797,44,227066
41890,0.000385,74.125.24.0-255,2543,32340,44,227066
41891,0.000387,172.31.46.0-255,66,32406,44,227066
41892,0.000393,74.125.24.0-255,5738,38144,44,227066
41893,0.000395,172.31.46.0-255,66,38210,44,227066
41894,0.000453,74.125.24.0-255,4320,42530,44,227066
41895,0.000456,172.31.46.0-255,66,42596,44,227066
41896,0.000479,74.125.24.0-255,4268,46864,44,227066
41897,0.000482,172.31.46.0-255,66,46930,44,227066
41898,0.000507,74.125.24.0-255,379,47309,44,227066
41899,0.000707,74.125.24.0-255,1484,48793,44,227066
41900,0.000712,74.125.24.0-255,2902,51695,44,227066
41901,0.000716,172.31.46.0-255,66,51761,44,227066
41902,0.00072,172.31.46.0-255,66,51827,44,227066
41903,0.000728,74.125.24.0-255,2902,54729,44,227066
41904,0.00073,172.31.46.0-255,66,54795,44,227066
41905,0.000759,74.125.24.0-255,7156,61951,44,227066
41906,0.000761,172.31.46.0-255,66,62017,44,227066
41907,0.00079,74.125.24.0-255,7156,69173,44,227066
41908,0.000792,172.31.46.0-255,66,69239,44,227066
41909,0.000816,74.125.24.0-255,5738,74977,44,227066
41910,0.000819,172.31.46.0-255,66,75043,44,227066
41911,0.000846,74.125.24.0-255,6438,81481,44,227066
41912,0.00085,172.31.46.0-255,66,81547,44,227066
41913,0.001026,74.125.24.0-255,1484,83031,44,227066
41914,0.001031,74.125.24.0-255,1484,84515,44,227066
41915,0.001034,172.31.46.0-255,66,84581,44,227066
41916,0.001048,74.125.24.0-255,1484,86065,44,227066
41917,0.001058,74.125.24.0-255,5738,91803,44,227066
41918,0.00106,172.31.46.0-255,66,91869,44,227066
41919,0.001095,172.31.46.0-255,66,91935,44,227066
41920,0.001102,74.125.24.0-255,7156,99091,44,227066
41921,0.001104,172.31.46.0-255,66,99157,44,227066
41922,0.001157,74.125.24.0-255,3602,102759,44,227066
41923,0.001159,172.31.46.0-255,66,102825,44,227066
41924,0.001412,74.125.24.0-255,1484,104309,44,227066
41925,0.001417,74.125.24.0-255,1484,105793,44,227066
41926,0.00142,172.31.46.0-255,66,105859,44,227066
41927,0.001446,74.125.24.0-255,1484,107343,44,227066
41928,0.001452,74.125.24.0-255,5738,113081,44,227066
41929,0.001454,172.31.46.0-255,66,113147,44,227066
41930,0.001463,74.125.24.0-255,1484,114631,44,227066
41931,0.001489,172.31.46.0-255,66,114697,44,227066
41932,0.001492,74.125.24.0-255,1484,116181,44,227066
41933,0.001513,74.125.24.0-255,2902,119083,44,227066
41934,0.001515,172.31.46.0-255,66,119149,44,227066
41935,0.001558,74.125.24.0-255,2902,122051,44,227066
41936,0.00156,172.31.46.0-255,66,122117,44,227066
41937,0.001589,74.125.24.0-255,6438,128555,44,227066
41938,0.001593,172.31.46.0-255,66,128621,44,227066
41939,0.001647,74.125.24.0-255,1484,130105,44,227066
41940,0.001668,74.125.24.0-255,2902,133007,44,227066
41941,0.001673,74.125.24.0-255,4320,137327,44,227066
41942,0.001676,172.31.46.0-255,66,137393,44,227066
41943,0.001687,172.31.46.0-255,66,137459,44,227066
41944,0.00169,74.125.24.0-255,1484,138943,44,227066
41945,0.001696,74.125.24.0-255,5738,144681,44,227066
41946,0.001701,172.31.46.0-255,66,144747,44,227066
41947,0.001729,74.125.24.0-255,1484,146231,44,227066
41948,0.001739,172.31.46.0-255,66,146297,44,227066
41949,0.001745,74.125.24.0-255,4320,150617,44,227066
41950,0.001746,172.31.46.0-255,66,150683,44,227066
41951,0.001796,74.125.24.0-255,3602,154285,44,227066
41952,0.001799,172.31.46.0-255,66,154351,44,227066
41953,0.001912,74.125.24.0-255,1484,155835,44,227066
41954,0.001927,74.125.24.0-255,2902,158737,44,227066
41955,0.00193,172.31.46.0-255,66,158803,44,227066
41956,0.001936,74.125.24.0-255,5738,164541,44,227066
41957,0.001938,172.31.46.0-255,66,164607,44,227066
41958,0.001959,74.125.24.0-255,7156,171763,44,227066
41959,0.001963,172.31.46.0-255,66,171829,44,227066
41960,0.001978,74.125.24.0-255,5738,177567,44,227066
41961,0.001984,172.31.46.0-255,66,177633,44,227066
41962,0.002015,172.31.46.0-255,66,177699,44,227066
41963,0.002018,74.125.24.0-255,2184,179883,44,227066
41964,0.00202,172.31.46.0-255,66,179949,44,227066
41965,0.002048,74.125.24.0-255,2902,182851,44,227066
41966,0.00205,172.31.46.0-255,66,182917,44,227066
41967,0.002054,74.125.24.0-255,2902,185819,44,227066
41968,0.002056,172.31.46.0-255,66,185885,44,227066
41969,0.002059,74.125.24.0-255,1484,187369,44,227066
41970,0.002084,74.125.24.0-255,5738,193107,44,227066
41971,0.002087,172.31.46.0-255,66,193173,44,227066
41972,0.002096,74.125.24.0-255,4320,197493,44,227066
41973,0.002099,172.31.46.0-255,66,197559,44,227066
41974,0.002139,172.31.46.0-255,66,197625,44,227066
41975,0.002144,74.125.24.0-255,5020,202645,44,227066
41976,0.002145,172.31.46.0-255,66,202711,44,227066
41977,0.002195,172.31.46.0-255,66,202777,44,227066
41978,0.002207,172.31.46.0-255,66,202843,44,227066
41979,0.002271,172.31.46.0-255,66,202909,44,227066
41980,0.002305,172.31.46.0-255,66,202975,44,227066
41981,0.002328,172.31.46.0-255,66,203041,44,227066
41982,0.002331,74.125.24.0-255,1484,204525,44,227066
41983,0.002395,172.31.46.0-255,66,204591,44,227066
41984,0.00471,74.125.24.0-255,5738,210329,44,227066
41985,0.004724,172.31.46.0-255,66,210395,44,227066
41986,0.007031,74.125.24.0-255,5738,216133,44,227066
41987,0.007043,172.31.46.0-255,66,216199,44,227066
41988,0.009339,74.125.24.0-255,1488,217687,44,227066
41989,0.009344,172.31.46.0-255,66,217753,44,227066
41990,0.00995,172.31.46.0-255,105,217858,44,227066
41991,0.012213,74.125.24.0-255,66,217924,44,227066
41992,0.03843,172.31.46.0-255,188,218112,44,227066
41993,0.038466,172.31.46.0-255,955,219067,44,227066
41994,0.038534,172.31.46.0-255,1514,220581,44,227066
41995,0.038535,172.31.46.0-255,1514,222095,44,227066
41996,0.038537,172.31.46.0-255,1514,223609,44,227066
41997,0.038538,172.31.46.0-255,1514,225123,44,227066
41998,0.03857,172.31.46.0-255,1514,226637,44,227066
41999,0.038572,172.31.46.0-255,231,226868,44,227066
42000,0.040218,104.244.42.0-255,66,226934,44,227066
42001,0.04025,104.244.42.0-255,66,227000,44,227066
42002,0.040269,104.244.42.0-255,66,227066,44,227066
42003,0.0,74.125.24.0-255,152,152,44,325956
42004,2.2e-05,172.31.46.0-255,66,218,44,325956
42005,2.9e-05,74.125.24.0-255,1484,1702,44,325956
42006,3.4e-05,172.31.46.0-255,66,1768,44,325956
42007,4e-05,74.125.24.0-255,2902,4670,44,325956
42008,4.3e-05,172.31.46.0-255,66,4736,44,325956
42009,5.1e-05,74.125.24.0-255,7156,11892,44,325956
42010,5.4e-05,172.31.46.0-255,66,11958,44,325956
42011,8.1e-05,74.125.24.0-255,2048,14006,44,325956
42012,8.4e-05,172.31.46.0-255,66,14072,44,325956
42013,0.000239,74.125.24.0-255,1484,15556,44,325956
42014,0.000244,172.31.46.0-255,66,15622,44,325956
42015,0.00025,74.125.24.0-255,2902,18524,44,325956
42016,0.000253,172.31.46.0-255,66,18590,44,325956
42017,0.000258,74.125.24.0-255,2902,21492,44,325956
42018,0.00026,172.31.46.0-255,66,21558,44,325956
42019,0.000279,74.125.24.0-255,2902,24460,44,325956
42020,0.000282,172.31.46.0-255,66,24526,44,325956
42021,0.000308,74.125.24.0-255,5738,30264,44,325956
42022,0.00031,172.31.46.0-255,66,30330,44,325956
42023,0.00034,172.31.46.0-255,66,30396,44,325956
42024,0.000368,172.31.46.0-255,66,30462,44,325956
42025,0.000385,74.125.24.0-255,1125,31587,44,325956
42026,0.000388,172.31.46.0-255,66,31653,44,325956
42027,0.000642,74.125.24.0-255,1484,33137,44,325956
42028,0.000647,172.31.46.0-255,66,33203,44,325956
42029,0.000653,74.125.24.0-255,2902,36105,44,325956
42030,0.000655,172.31.46.0-255,66,36171,44,325956
42031,0.000659,74.125.24.0-255,2902,39073,44,325956
42032,0.000661,172.31.46.0-255,66,39139,44,325956
42033,0.000686,74.125.24.0-255,2902,42041,44,325956
42034,0.000688,172.31.46.0-255,66,42107,44,325956
42035,0.000706,74.125.24.0-255,1484,43591,44,325956
42036,0.000723,74.125.24.0-255,5958,49549,44,325956
42037,0.000726,172.31.46.0-255,66,49615,44,325956
42038,0.000978,74.125.24.0-255,1484,51099,44,325956
42039,0.000988,74.125.24.0-255,2902,54001,44,325956
42040,0.000992,172.31.46.0-255,66,54067,44,325956
42041,0.000998,74.125.24.0-255,4320,58387,44,325956
42042,0.001001,172.31.46.0-255,66,58453,44,325956
42043,0.001013,74.125.24.0-255,1484,59937,44,325956
42044,0.00102,74.125.24.0-255,6797,66734,44,325956
42045,0.001023,172.31.46.0-255,66,66800,44,325956
42046,0.001047,74.125.24.0-255,2902,69702,44,325956
42047,0.001049,172.31.46.0-255,66,69768,44,325956
42048,0.001086,172.31.46.0-255,66,69834,44,325956
42049,0.001091,74.125.24.0-255,2543,72377,44,325956
42050,0.001093,172.31.46.0-255,66,72443,44,325956
42051,0.00212,74.125.24.0-255,1484,73927,44,325956
42052,0.003124,74.125.24.0-255,1484,75411,44,325956
42053,0.003129,172.31.46.0-255,66,75477,44,325956
42054,0.00315,74.125.24.0-255,2902,78379,44,325956
42055,0.003152,172.31.46.0-255,66,78445,44,325956
42056,0.005178,74.125.24.0-255,2902,81347,44,325956
42057,0.005191,172.31.46.0-255,66,81413,44,325956
42058,0.005204,74.125.24.0-255,2902,84315,44,325956
42059,0.005207,172.31.46.0-255,66,84381,44,325956
42060,0.007261,74.125.24.0-255,5738,90119,44,325956
42061,0.007268,172.31.46.0-255,66,90185,44,325956
42062,0.009308,74.125.24.0-255,5738,95923,44,325956
42063,0.009316,172.31.46.0-255,66,95989,44,325956
42064,0.01137,74.125.24.0-255,5738,101727,44,325956
42065,0.011378,172.31.46.0-255,66,101793,44,325956
42066,0.013452,74.125.24.0-255,5738,107531,44,325956
42067,0.013459,172.31.46.0-255,66,107597,44,325956
42068,0.015545,74.125.24.0-255,5738,113335,44,325956
42069,0.015555,172.31.46.0-255,66,113401,44,325956
42070,0.015639,172.31.46.0-255,101,113502,44,325956
42071,0.017621,74.125.24.0-255,5738,119240,44,325956
42072,0.017628,172.31.46.0-255,66,119306,44,325956
42073,0.017669,74.125.24.0-255,66,119372,44,325956
42074,0.019674,74.125.24.0-255,5738,125110,44,325956
42075,0.019683,172.31.46.0-255,66,125176,44,325956
42076,0.021728,74.125.24.0-255,5738,130914,44,325956
42077,0.021736,172.31.46.0-255,66,130980,44,325956
42078,0.023801,74.125.24.0-255,5738,136718,44,325956
42079,0.023809,172.31.46.0-255,66,136784,44,325956
42080,0.025879,74.125.24.0-255,5738,142522,44,325956
42081,0.025886,172.31.46.0-255,66,142588,44,325956
42082,0.027937,74.125.24.0-255,5738,148326,44,325956
42083,0.027945,172.31.46.0-255,66,148392,44,325956
42084,0.030007,74.125.24.0-255,5738,154130,44,325956
42085,0.030015,172.31.46.0-255,66,154196,44,325956
42086,0.030751,172.31.46.0-255,188,154384,44,325956
42087,0.03084,172.31.46.0-255,1514,155898,44,325956
42088,0.030841,172.31.46.0-255,1514,157412,44,325956
42089,0.030843,172.31.46.0-255,1514,158926,44,325956
42090,0.030844,172.31.46.0-255,1514,160440,44,325956
42091,0.030909,172.31.46.0-255,1514,161954,44,325956
42092,0.030911,172.31.46.0-255,1118,163072,44,325956
42093,0.03207,74.125.24.0-255,5738,168810,44,325956
42094,0.032079,172.31.46.0-255,66,168876,44,325956
42095,0.03242,104.244.42.0-255,66,168942,44,325956
42096,0.032465,104.244.42.0-255,66,169008,44,325956
42097,0.032471,104.244.42.0-255,66,169074,44,325956
42098,0.033249,104.244.42.0-255,108,169182,44,325956
42099,0.033259,172.31.46.0-255,66,169248,44,325956
42100,0.034155,74.125.24.0-255,5738,174986,44,325956
42101,0.034162,172.31.46.0-255,66,175052,44,325956
42102,0.036253,74.125.24.0-255,5738,180790,44,325956
42103,0.03626,172.31.46.0-255,66,180856,44,325956
42104,0.038336,74.125.24.0-255,5738,186594,44,325956
42105,0.038342,172.31.46.0-255,66,186660,44,325956
42106,0.040391,74.125.24.0-255,5738,192398,44,325956
42107,0.040401,172.31.46.0-255,66,192464,44,325956
42108,0.042451,74.125.24.0-255,5738,198202,44,325956
42109,0.042457,172.31.46.0-255,66,198268,44,325956
42110,0.044508,74.125.24.0-255,5738,204006,44,325956
42111,0.044516,172.31.46.0-255,66,204072,44,325956
42112,0.046597,74.125.24.0-255,5738,209810,44,325956
42113,0.046604,172.31.46.0-255,66,209876,44,325956
42114,0.048682,74.125.24.0-255,5738,215614,44,325956
42115,0.048689,172.31.46.0-255,66,215680,44,325956
42116,0.050757,74.125.24.0-255,5738,221418,44,325956
42117,0.050763,172.31.46.0-255,66,221484,44,325956
42118,0.052833,74.125.24.0-255,5738,227222,44,325956
42119,0.052839,172.31.46.0-255,66,227288,44,325956
42120,0.054912,74.125.24.0-255,5738,233026,44,325956
42121,0.054918,172.31.46.0-255,66,233092,44,325956
42122,0.057027,74.125.24.0-255,5738,238830,44,325956
42123,0.057034,172.31.46.0-255,66,238896,44,325956
42124,0.059105,74.125.24.0-255,5738,244634,44,325956
42125,0.059112,172.31.46.0-255,66,244700,44,325956
42126,0.06117,74.125.24.0-255,5738,250438,44,325956
42127,0.061177,172.31.46.0-255,66,250504,44,325956
42128,0.063229,74.125.24.0-255,5738,256242,44,325956
42129,0.063236,172.31.46.0-255,66,256308,44,325956
42130,0.065289,74.125.24.0-255,5738,262046,44,325956
42131,0.065296,172.31.46.0-255,66,262112,44,325956
42132,0.067364,74.125.24.0-255,5738,267850,44,325956
42133,0.067371,172.31.46.0-255,66,267916,44,325956
42134,0.069443,74.125.24.0-255,5738,273654,44,325956
42135,0.06945,172.31.46.0-255,66,273720,44,325956
42136,0.071541,74.125.24.0-255,5738,279458,44,325956
42137,0.071547,172.31.46.0-255,66,279524,44,325956
42138,0.073623,74.125.24.0-255,5738,285262,44,325956
42139,0.07363,172.31.46.0-255,66,285328,44,325956
42140,0.075695,74.125.24.0-255,5738,291066,44,325956
42141,0.075701,172.31.46.0-255,66,291132,44,325956
42142,0.077766,74.125.24.0-255,5738,296870,44,325956
42143,0.077772,172.31.46.0-255,66,296936,44,325956
42144,0.079832,74.125.24.0-255,5738,302674,44,325956
42145,0.079839,172.31.46.0-255,66,302740,44,325956
42146,0.081947,74.125.24.0-255,5738,308478,44,325956
42147,0.081952,172.31.46.0-255,66,308544,44,325956
42148,0.08402,74.125.24.0-255,5738,314282,44,325956
42149,0.084027,172.31.46.0-255,66,314348,44,325956
42150,0.086088,74.125.24.0-255,5738,320086,44,325956
42151,0.086094,172.31.46.0-255,66,320152,44,325956
42152,0.088153,74.125.24.0-255,5738,325890,44,325956
42153,0.088159,172.31.46.0-255,66,325956,44,325956
42154,0.0,74.125.24.0-255,167,167,44,334436
42155,1.7e-05,172.31.46.0-255,66,233,44,334436
42156,2.4e-05,74.125.24.0-255,1484,1717,44,334436
42157,2.8e-05,172.31.46.0-255,66,1783,44,334436
42158,3.4e-05,74.125.24.0-255,2902,4685,44,334436
42159,3.8e-05,172.31.46.0-255,66,4751,44,334436
42160,4.5e-05,74.125.24.0-255,7156,11907,44,334436
42161,4.9e-05,172.31.46.0-255,66,11973,44,334436
42162,5.2e-05,74.125.24.0-255,1484,13457,44,334436
42163,5.4e-05,172.31.46.0-255,66,13523,44,334436
42164,7.9e-05,74.125.24.0-255,664,14187,44,334436
42165,8.2e-05,172.31.46.0-255,66,14253,44,334436
42166,0.000137,74.125.24.0-255,1484,15737,44,334436
42167,0.00014,172.31.46.0-255,66,15803,44,334436
42168,0.000145,74.125.24.0-255,2902,18705,44,334436
42169,0.000147,172.31.46.0-255,66,18771,44,334436
42170,0.000158,74.125.24.0-255,1484,20255,44,334436
42171,0.00016,172.31.46.0-255,66,20321,44,334436
42172,0.000173,74.125.24.0-255,4320,24641,44,334436
42173,0.000175,172.31.46.0-255,66,24707,44,334436
42174,0.000178,74.125.24.0-255,1484,26191,44,334436
42175,0.000179,172.31.46.0-255,66,26257,44,334436
42176,0.000211,74.125.24.0-255,6797,33054,44,334436
42177,0.000214,172.31.46.0-255,66,33120,44,334436
42178,0.000223,172.31.46.0-255,66,33186,44,334436
42179,0.000227,74.125.24.0-255,2902,36088,44,334436
42180,0.000229,172.31.46.0-255,66,36154,44,334436
42181,0.000268,172.31.46.0-255,66,36220,44,334436
42182,0.000274,74.125.24.0-255,5353,41573,44,334436
42183,0.000276,172.31.46.0-255,66,41639,44,334436
42184,0.001053,74.125.24.0-255,111,41750,44,334436
42185,0.001228,74.125.24.0-255,1484,43234,44,334436
42186,0.001233,172.31.46.0-255,66,43300,44,334436
42187,0.001239,74.125.24.0-255,2902,46202,44,334436
42188,0.001241,172.31.46.0-255,66,46268,44,334436
42189,0.001245,74.125.24.0-255,2902,49170,44,334436
42190,0.001247,172.31.46.0-255,66,49236,44,334436
42191,0.001272,74.125.24.0-255,2902,52138,44,334436
42192,0.001274,172.31.46.0-255,66,52204,44,334436
42193,0.001278,74.125.24.0-255,2902,55106,44,334436
42194,0.00128,172.31.46.0-255,66,55172,44,334436
42195,0.001284,74.125.24.0-255,2902,58074,44,334436
42196,0.001286,172.31.46.0-255,66,58140,44,334436
42197,0.001312,172.31.46.0-255,66,58206,44,334436
42198,0.001316,74.125.24.0-255,2902,61108,44,334436
42199,0.001318,172.31.46.0-255,66,61174,44,334436
42200,0.001336,74.125.24.0-255,3602,64776,44,334436
42201,0.001338,172.31.46.0-255,66,64842,44,334436
42202,0.001869,74.125.24.0-255,1484,66326,44,334436
42203,0.001878,74.125.24.0-255,2902,69228,44,334436
42204,0.001881,172.31.46.0-255,66,69294,44,334436
42205,0.001887,74.125.24.0-255,2902,72196,44,334436
42206,0.001888,172.31.46.0-255,66,72262,44,334436
42207,0.001902,74.125.24.0-255,2902,75164,44,334436
42208,0.001904,172.31.46.0-255,66,75230,44,334436
42209,0.00194,74.125.24.0-255,7156,82386,44,334436
42210,0.001942,172.31.46.0-255,66,82452,44,334436
42211,0.001962,74.125.24.0-255,5738,88190,44,334436
42212,0.001964,172.31.46.0-255,66,88256,44,334436
42213,0.001973,172.31.46.0-255,66,88322,44,334436
42214,0.001977,74.125.24.0-255,2184,90506,44,334436
42215,0.001979,172.31.46.0-255,66,90572,44,334436
42216,0.001983,74.125.24.0-255,2902,93474,44,334436
42217,0.001985,172.31.46.0-255,66,93540,44,334436
42218,0.001989,74.125.24.0-255,2902,96442,44,334436
42219,0.00199,172.31.46.0-255,66,96508,44,334436
42220,0.00201,74.125.24.0-255,4320,100828,44,334436
42221,0.002012,172.31.46.0-255,66,100894,44,334436
42222,0.002015,74.125.24.0-255,2902,103796,44,334436
42223,0.002017,172.31.46.0-255,66,103862,44,334436
42224,0.002051,172.31.46.0-255,66,103928,44,334436
42225,0.002058,74.125.24.0-255,6438,110366,44,334436
42226,0.00206,172.31.46.0-255,66,110432,44,334436
42227,0.002341,74.125.24.0-255,1484,111916,44,334436
42228,0.004378,74.125.24.0-255,4320,116236,44,334436
42229,0.004381,172.31.46.0-255,66,116302,44,334436
42230,0.006694,74.125.24.0-255,5738,122040,44,334436
42231,0.006701,172.31.46.0-255,66,122106,44,334436
42232,0.009054,74.125.24.0-255,5738,127844,44,334436
42233,0.009062,172.31.46.0-255,66,127910,44,334436
42234,0.011381,74.125.24.0-255,5738,133648,44,334436
42235,0.011388,172.31.46.0-255,66,133714,44,334436
42236,0.013709,74.125.24.0-255,5738,139452,44,334436
42237,0.013717,172.31.46.0-255,66,139518,44,334436
42238,0.016059,74.125.24.0-255,5738,145256,44,334436
42239,0.01607,172.31.46.0-255,66,145322,44,334436
42240,0.018421,74.125.24.0-255,5738,151060,44,334436
42241,0.01843,172.31.46.0-255,66,151126,44,334436
42242,0.020775,74.125.24.0-255,5738,156864,44,334436
42243,0.020783,172.31.46.0-255,66,156930,44,334436
42244,0.023116,74.125.24.0-255,5738,162668,44,334436
42245,0.023124,172.31.46.0-255,66,162734,44,334436
42246,0.025453,74.125.24.0-255,5738,168472,44,334436
42247,0.025461,172.31.46.0-255,66,168538,44,334436
42248,0.027815,74.125.24.0-255,5738,174276,44,334436
42249,0.027823,172.31.46.0-255,66,174342,44,334436
42250,0.030184,74.125.24.0-255,5738,180080,44,334436
42251,0.030194,172.31.46.0-255,66,180146,44,334436
42252,0.032533,74.125.24.0-255,5738,185884,44,334436
42253,0.03255,172.31.46.0-255,66,185950,44,334436
42254,0.034874,74.125.24.0-255,5738,191688,44,334436
42255,0.034885,172.31.46.0-255,66,191754,44,334436
42256,0.035528,172.31.46.0-255,172,191926,44,334436
42257,0.035565,172.31.46.0-255,1114,193040,44,334436
42258,0.035638,172.31.46.0-255,1514,194554,44,334436
42259,0.03564,172.31.46.0-255,1514,196068,44,334436
42260,0.035644,172.31.46.0-255,1514,197582,44,334436
42261,0.035646,172.31.46.0-255,1514,199096,44,334436
42262,0.035664,172.31.46.0-255,1514,200610,44,334436
42263,0.035666,172.31.46.0-255,70,200680,44,334436
42264,0.037081,104.244.42.0-255,66,200746,44,334436
42265,0.037129,104.244.42.0-255,66,200812,44,334436
42266,0.037234,74.125.24.0-255,5738,206550,44,334436
42267,0.037242,172.31.46.0-255,66,206616,44,334436
42268,0.037253,104.244.42.0-255,66,206682,44,334436
42269,0.037264,104.244.42.0-255,66,206748,44,334436
42270,0.039614,74.125.24.0-255,5738,212486,44,334436
42271,0.039629,172.31.46.0-255,66,212552,44,334436
42272,0.041979,74.125.24.0-255,5738,218290,44,334436
42273,0.041988,172.31.46.0-255,66,218356,44,334436
42274,0.044346,74.125.24.0-255,5738,224094,44,334436
42275,0.044353,172.31.46.0-255,66,224160,44,334436
42276,0.046714,74.125.24.0-255,5738,229898,44,334436
42277,0.046722,172.31.46.0-255,66,229964,44,334436
42278,0.049067,74.125.24.0-255,5738,235702,44,334436
42279,0.049074,172.31.46.0-255,66,235768,44,334436
42280,0.051424,74.125.24.0-255,5738,241506,44,334436
42281,0.051432,172.31.46.0-255,66,241572,44,334436
42282,0.053774,74.125.24.0-255,5738,247310,44,334436
42283,0.053781,172.31.46.0-255,66,247376,44,334436
42284,0.056129,74.125.24.0-255,5738,253114,44,334436
42285,0.056136,172.31.46.0-255,66,253180,44,334436
42286,0.058501,74.125.24.0-255,5738,258918,44,334436
42287,0.058507,172.31.46.0-255,66,258984,44,334436
42288,0.060856,74.125.24.0-255,5738,264722,44,334436
42289,0.060864,172.31.46.0-255,66,264788,44,334436
42290,0.063237,74.125.24.0-255,5738,270526,44,334436
42291,0.063244,172.31.46.0-255,66,270592,44,334436
42292,0.065586,74.125.24.0-255,5738,276330,44,334436
42293,0.065592,172.31.46.0-255,66,276396,44,334436
42294,0.067935,74.125.24.0-255,5738,282134,44,334436
42295,0.067941,172.31.46.0-255,66,282200,44,334436
42296,0.070298,74.125.24.0-255,5738,287938,44,334436
42297,0.070304,172.31.46.0-255,66,288004,44,334436
42298,0.072651,74.125.24.0-255,5738,293742,44,334436
42299,0.072656,172.31.46.0-255,66,293808,44,334436
42300,0.075026,74.125.24.0-255,5738,299546,44,334436
42301,0.075032,172.31.46.0-255,66,299612,44,334436
42302,0.077382,74.125.24.0-255,5738,305350,44,334436
42303,0.077388,172.31.46.0-255,66,305416,44,334436
42304,0.079735,74.125.24.0-255,5738,311154,44,334436
42305,0.079742,172.31.46.0-255,66,311220,44,334436
42306,0.082092,74.125.24.0-255,5738,316958,44,334436
42307,0.082098,172.31.46.0-255,66,317024,44,334436
42308,0.084461,74.125.24.0-255,5738,322762,44,334436
42309,0.084468,172.31.46.0-255,66,322828,44,334436
42310,0.086797,74.125.24.0-255,5738,328566,44,334436
42311,0.086803,172.31.46.0-255,66,328632,44,334436
42312,0.089192,74.125.24.0-255,5738,334370,44,334436
42313,0.089199,172.31.46.0-255,66,334436,44,334436
42314,0.0,172.217.194.0-255,148,148,44,333574
42315,2.3e-05,172.31.46.0-255,66,214,44,333574
42316,3e-05,172.217.194.0-255,1484,1698,44,333574
42317,3.3e-05,172.31.46.0-255,66,1764,44,333574
42318,3.8e-05,172.217.194.0-255,2902,4666,44,333574
42319,4.2e-05,172.31.46.0-255,66,4732,44,333574
42320,5.5e-05,172.217.194.0-255,7156,11888,44,333574
42321,5.9e-05,172.31.46.0-255,66,11954,44,333574
42322,6.3e-05,172.217.194.0-255,2043,13997,44,333574
42323,6.6e-05,172.31.46.0-255,66,14063,44,333574
42324,0.000107,172.217.194.0-255,2902,16965,44,333574
42325,0.00011,172.31.46.0-255,66,17031,44,333574
42326,0.000114,172.217.194.0-255,4320,21351,44,333574
42327,0.000116,172.31.46.0-255,66,21417,44,333574
42328,0.000175,172.31.46.0-255,66,21483,44,333574
42329,0.000178,172.217.194.0-255,1125,22608,44,333574
42330,0.00018,172.31.46.0-255,66,22674,44,333574
42331,0.000254,172.217.194.0-255,1484,24158,44,333574
42332,0.000257,172.31.46.0-255,66,24224,44,333574
42333,0.000262,172.217.194.0-255,2902,27126,44,333574
42334,0.000264,172.31.46.0-255,66,27192,44,333574
42335,0.000267,172.217.194.0-255,1484,28676,44,333574
42336,0.000269,172.31.46.0-255,66,28742,44,333574
42337,0.000286,172.217.194.0-255,4320,33062,44,333574
42338,0.000288,172.31.46.0-255,66,33128,44,333574
42339,0.000319,172.217.194.0-255,7156,40284,44,333574
42340,0.000321,172.31.46.0-255,66,40350,44,333574
42341,0.000351,172.217.194.0-255,6797,47147,44,333574
42342,0.000354,172.31.46.0-255,66,47213,44,333574
42343,0.000357,172.217.194.0-255,1484,48697,44,333574
42344,0.000359,172.31.46.0-255,66,48763,44,333574
42345,0.000392,172.217.194.0-255,386,49149,44,333574
42346,0.000561,172.31.46.0-255,66,49215,44,333574
42347,0.000625,172.217.194.0-255,1484,50699,44,333574
42348,0.000629,172.217.194.0-255,1484,52183,44,333574
42349,0.000644,172.217.194.0-255,1484,53667,44,333574
42350,0.000646,172.217.194.0-255,1484,55151,44,333574
42351,0.00065,172.31.46.0-255,66,55217,44,333574
42352,0.000655,172.31.46.0-255,66,55283,44,333574
42353,0.000662,172.217.194.0-255,1484,56767,44,333574
42354,0.00069,172.217.194.0-255,2902,59669,44,333574
42355,0.000706,172.31.46.0-255,66,59735,44,333574
42356,0.000731,172.217.194.0-255,4320,64055,44,333574
42357,0.000742,172.31.46.0-255,66,64121,44,333574
42358,0.000787,172.31.46.0-255,66,64187,44,333574
42359,0.001675,172.217.194.0-255,1484,65671,44,333574
42360,0.001685,172.217.194.0-255,2902,68573,44,333574
42361,0.00169,172.31.46.0-255,66,68639,44,333574
42362,0.001723,172.217.194.0-255,5738,74377,44,333574
42363,0.001728,172.217.194.0-255,4320,78697,44,333574
42364,0.001745,172.217.194.0-255,4320,83017,44,333574
42365,0.001768,172.217.194.0-255,7156,90173,44,333574
42366,0.001774,172.217.194.0-255,4320,94493,44,333574
42367,0.001792,172.217.194.0-255,3602,98095,44,333574
42368,0.001831,172.217.194.0-255,1484,99579,44,333574
42369,0.001836,172.217.194.0-255,2902,102481,44,333574
42370,0.001864,172.217.194.0-255,1484,103965,44,333574
42371,0.001888,172.217.194.0-255,4320,108285,44,333574
42372,0.001893,172.217.194.0-255,4320,112605,44,333574
42373,0.001901,172.217.194.0-255,7156,119761,44,333574
42374,0.001918,172.217.194.0-255,4320,124081,44,333574
42375,0.001964,172.217.194.0-255,3602,127683,44,333574
42376,0.002,172.217.194.0-255,4320,132003,44,333574
42377,0.006436,172.31.46.0-255,66,132069,44,333574
42378,0.008629,172.217.194.0-255,5738,137807,44,333574
42379,0.008642,172.31.46.0-255,66,137873,44,333574
42380,0.010754,172.217.194.0-255,5738,143611,44,333574
42381,0.010767,172.31.46.0-255,66,143677,44,333574
42382,0.012889,172.217.194.0-255,5738,149415,44,333574
42383,0.012904,172.31.46.0-255,66,149481,44,333574
42384,0.015021,172.217.194.0-255,5738,155219,44,333574
42385,0.015034,172.31.46.0-255,66,155285,44,333574
42386,0.01717,172.217.194.0-255,5738,161023,44,333574
42387,0.017185,172.31.46.0-255,66,161089,44,333574
42388,0.019301,172.217.194.0-255,5738,166827,44,333574
42389,0.019318,172.31.46.0-255,66,166893,44,333574
42390,0.021457,172.217.194.0-255,5738,172631,44,333574
42391,0.021468,172.31.46.0-255,66,172697,44,333574
42392,0.023568,172.217.194.0-255,5738,178435,44,333574
42393,0.023583,172.31.46.0-255,66,178501,44,333574
42394,0.025693,172.217.194.0-255,5738,184239,44,333574
42395,0.025707,172.31.46.0-255,66,184305,44,333574
42396,0.027846,172.217.194.0-255,5738,190043,44,333574
42397,0.027863,172.31.46.0-255,66,190109,44,333574
42398,0.029985,172.217.194.0-255,5738,195847,44,333574
42399,0.030002,172.31.46.0-255,66,195913,44,333574
42400,0.03212,172.217.194.0-255,5738,201651,44,333574
42401,0.032134,172.31.46.0-255,66,201717,44,333574
42402,0.034254,172.217.194.0-255,5738,207455,44,333574
42403,0.034267,172.31.46.0-255,66,207521,44,333574
42404,0.036404,172.217.194.0-255,5738,213259,44,333574
42405,0.036417,172.31.46.0-255,66,213325,44,333574
42406,0.038514,172.217.194.0-255,5738,219063,44,333574
42407,0.03855,172.31.46.0-255,66,219129,44,333574
42408,0.040702,172.217.194.0-255,5738,224867,44,333574
42409,0.040719,172.31.46.0-255,66,224933,44,333574
42410,0.04286,172.217.194.0-255,5738,230671,44,333574
42411,0.042874,172.31.46.0-255,66,230737,44,333574
42412,0.043631,172.31.46.0-255,172,230909,44,333574
42413,0.043661,172.31.46.0-255,1114,232023,44,333574
42414,0.043741,172.31.46.0-255,1514,233537,44,333574
42415,0.043743,172.31.46.0-255,1514,235051,44,333574
42416,0.043748,172.31.46.0-255,1514,236565,44,333574
42417,0.043749,172.31.46.0-255,1514,238079,44,333574
42418,0.043773,172.31.46.0-255,1514,239593,44,333574
42419,0.043774,172.31.46.0-255,71,239664,44,333574
42420,0.045025,172.217.194.0-255,5738,245402,44,333574
42421,0.045036,172.31.46.0-255,66,245468,44,333574
42422,0.045207,104.244.42.0-255,66,245534,44,333574
42423,0.045215,104.244.42.0-255,66,245600,44,333574
42424,0.045314,104.244.42.0-255,66,245666,44,333574
42425,0.045356,104.244.42.0-255,66,245732,44,333574
42426,0.047193,172.217.194.0-255,5738,251470,44,333574
42427,0.047212,172.31.46.0-255,66,251536,44,333574
42428,0.049312,172.217.194.0-255,5738,257274,44,333574
42429,0.049322,172.31.46.0-255,66,257340,44,333574
42430,0.05142,172.217.194.0-255,5738,263078,44,333574
42431,0.051428,172.31.46.0-255,66,263144,44,333574
42432,0.053571,172.217.194.0-255,5738,268882,44,333574
42433,0.053588,172.31.46.0-255,66,268948,44,333574
42434,0.055732,172.217.194.0-255,5738,274686,44,333574
42435,0.055741,172.31.46.0-255,66,274752,44,333574
42436,0.05788,172.217.194.0-255,5738,280490,44,333574
42437,0.057897,172.31.46.0-255,66,280556,44,333574
42438,0.060014,172.217.194.0-255,5738,286294,44,333574
42439,0.060029,172.31.46.0-255,66,286360,44,333574
42440,0.06216,172.217.194.0-255,5738,292098,44,333574
42441,0.06217,172.31.46.0-255,66,292164,44,333574
42442,0.064292,172.217.194.0-255,5738,297902,44,333574
42443,0.064308,172.31.46.0-255,66,297968,44,333574
42444,0.066441,172.217.194.0-255,5738,303706,44,333574
42445,0.066453,172.31.46.0-255,66,303772,44,333574
42446,0.068582,172.217.194.0-255,5738,309510,44,333574
42447,0.06859,172.31.46.0-255,66,309576,44,333574
42448,0.070704,172.217.194.0-255,5738,315314,44,333574
42449,0.070714,172.31.46.0-255,66,315380,44,333574
42450,0.072827,172.217.194.0-255,5738,321118,44,333574
42451,0.072841,172.31.46.0-255,66,321184,44,333574
42452,0.075019,172.217.194.0-255,5738,326922,44,333574
42453,0.075031,172.31.46.0-255,66,326988,44,333574
42454,0.077149,172.217.194.0-255,5738,332726,44,333574
42455,0.077157,172.31.46.0-255,66,332792,44,333574
42456,0.079278,172.217.194.0-255,545,333337,44,333574
42457,0.079414,172.31.46.0-255,66,333403,44,333574
42458,0.079455,172.31.46.0-255,105,333508,44,333574
42459,0.081501,172.217.194.0-255,66,333574,44,333574
42460,0.0,172.217.194.0-255,290,290,44,257189
42461,3.9e-05,172.31.46.0-255,66,356,44,257189
42462,4.5e-05,172.217.194.0-255,1484,1840,44,257189
42463,4.9e-05,172.31.46.0-255,66,1906,44,257189
42464,5.7e-05,172.217.194.0-255,4320,6226,44,257189
42465,6.7e-05,172.31.46.0-255,66,6292,44,257189
42466,7.8e-05,172.31.46.0-255,66,6358,44,257189
42467,9e-05,172.31.46.0-255,66,6424,44,257189
42468,0.00013,172.217.194.0-255,4320,10744,44,257189
42469,0.000133,172.31.46.0-255,66,10810,44,257189
42470,0.000136,172.217.194.0-255,1125,11935,44,257189
42471,0.000138,172.31.46.0-255,66,12001,44,257189
42472,0.00102,172.217.194.0-255,1484,13485,44,257189
42473,0.001033,172.31.46.0-255,66,13551,44,257189
42474,0.001069,172.217.194.0-255,2902,16453,44,257189
42475,0.001073,172.31.46.0-255,66,16519,44,257189
42476,0.001079,172.217.194.0-255,4320,20839,44,257189
42477,0.001082,172.31.46.0-255,66,20905,44,257189
42478,0.001089,172.217.194.0-255,5738,26643,44,257189
42479,0.001091,172.31.46.0-255,66,26709,44,257189
42480,0.001105,172.31.46.0-255,66,26775,44,257189
42481,0.001119,172.31.46.0-255,66,26841,44,257189
42482,0.001122,172.217.194.0-255,340,27181,44,257189
42483,0.001124,172.31.46.0-255,66,27247,44,257189
42484,0.00169,172.217.194.0-255,1484,28731,44,257189
42485,0.001698,172.31.46.0-255,66,28797,44,257189
42486,0.001704,172.217.194.0-255,2902,31699,44,257189
42487,0.001706,172.31.46.0-255,66,31765,44,257189
42488,0.001711,172.217.194.0-255,4320,36085,44,257189
42489,0.00172,172.31.46.0-255,66,36151,44,257189
42490,0.00173,172.31.46.0-255,66,36217,44,257189
42491,0.002328,172.217.194.0-255,1484,37701,44,257189
42492,0.002334,172.217.194.0-255,2902,40603,44,257189
42493,0.002344,172.31.46.0-255,66,40669,44,257189
42494,0.002362,172.217.194.0-255,5738,46407,44,257189
42495,0.002365,172.31.46.0-255,66,46473,44,257189
42496,0.002372,172.217.194.0-255,7156,53629,44,257189
42497,0.002374,172.31.46.0-255,66,53695,44,257189
42498,0.002377,172.217.194.0-255,1484,55179,44,257189
42499,0.002412,172.31.46.0-255,66,55245,44,257189
42500,0.002415,172.217.194.0-255,2184,57429,44,257189
42501,0.002417,172.31.46.0-255,66,57495,44,257189
42502,0.005007,172.217.194.0-255,5738,63233,44,257189
42503,0.005022,172.31.46.0-255,66,63299,44,257189
42504,0.007789,172.217.194.0-255,5738,69037,44,257189
42505,0.007802,172.31.46.0-255,66,69103,44,257189
42506,0.010413,172.217.194.0-255,5738,74841,44,257189
42507,0.010427,172.31.46.0-255,66,74907,44,257189
42508,0.012996,172.217.194.0-255,5738,80645,44,257189
42509,0.013007,172.31.46.0-255,66,80711,44,257189
42510,0.015596,172.217.194.0-255,5738,86449,44,257189
42511,0.015606,172.31.46.0-255,66,86515,44,257189
42512,0.018245,172.217.194.0-255,5738,92253,44,257189
42513,0.018265,172.31.46.0-255,66,92319,44,257189
42514,0.020891,172.217.194.0-255,5738,98057,44,257189
42515,0.02091,172.31.46.0-255,66,98123,44,257189
42516,0.023836,172.217.194.0-255,5738,103861,44,257189
42517,0.023854,172.31.46.0-255,66,103927,44,257189
42518,0.026476,172.217.194.0-255,5738,109665,44,257189
42519,0.026493,172.31.46.0-255,66,109731,44,257189
42520,0.029111,172.217.194.0-255,5738,115469,44,257189
42521,0.029123,172.31.46.0-255,66,115535,44,257189
42522,0.031775,172.217.194.0-255,5738,121273,44,257189
42523,0.031794,172.31.46.0-255,66,121339,44,257189
42524,0.033309,172.31.46.0-255,172,121511,44,257189
42525,0.033347,172.31.46.0-255,1113,122624,44,257189
42526,0.033433,172.31.46.0-255,1514,124138,44,257189
42527,0.033435,172.31.46.0-255,1514,125652,44,257189
42528,0.033436,172.31.46.0-255,1514,127166,44,257189
42529,0.033437,172.31.46.0-255,1514,128680,44,257189
42530,0.033439,172.31.46.0-255,557,129237,44,257189
42531,0.03439,172.217.194.0-255,5738,134975,44,257189
42532,0.034401,172.31.46.0-255,66,135041,44,257189
42533,0.034855,104.244.42.0-255,66,135107,44,257189
42534,0.034877,104.244.42.0-255,66,135173,44,257189
42535,0.034992,104.244.42.0-255,66,135239,44,257189
42536,0.034996,104.244.42.0-255,66,135305,44,257189
42537,0.037003,172.217.194.0-255,5738,141043,44,257189
42538,0.037013,172.31.46.0-255,66,141109,44,257189
42539,0.039589,172.217.194.0-255,5738,146847,44,257189
42540,0.039605,172.31.46.0-255,66,146913,44,257189
42541,0.042184,172.217.194.0-255,5738,152651,44,257189
42542,0.042201,172.31.46.0-255,66,152717,44,257189
42543,0.044841,172.217.194.0-255,5738,158455,44,257189
42544,0.044858,172.31.46.0-255,66,158521,44,257189
42545,0.047491,172.217.194.0-255,5738,164259,44,257189
42546,0.047508,172.31.46.0-255,66,164325,44,257189
42547,0.050096,172.217.194.0-255,5738,170063,44,257189
42548,0.050112,172.31.46.0-255,66,170129,44,257189
42549,0.052729,172.217.194.0-255,5738,175867,44,257189
42550,0.052742,172.31.46.0-255,66,175933,44,257189
42551,0.055334,172.217.194.0-255,5738,181671,44,257189
42552,0.055343,172.31.46.0-255,66,181737,44,257189
42553,0.057988,172.217.194.0-255,5738,187475,44,257189
42554,0.058002,172.31.46.0-255,66,187541,44,257189
42555,0.060585,172.217.194.0-255,5738,193279,44,257189
42556,0.060597,172.31.46.0-255,66,193345,44,257189
42557,0.06325,172.217.194.0-255,5738,199083,44,257189
42558,0.06327,172.31.46.0-255,66,199149,44,257189
42559,0.065875,172.217.194.0-255,5738,204887,44,257189
42560,0.065892,172.31.46.0-255,66,204953,44,257189
42561,0.068546,172.217.194.0-255,5738,210691,44,257189
42562,0.068561,172.31.46.0-255,66,210757,44,257189
42563,0.071133,172.217.194.0-255,5738,216495,44,257189
42564,0.071144,172.31.46.0-255,66,216561,44,257189
42565,0.073745,172.217.194.0-255,5738,222299,44,257189
42566,0.073756,172.31.46.0-255,66,222365,44,257189
42567,0.076365,172.217.194.0-255,5738,228103,44,257189
42568,0.076379,172.31.46.0-255,66,228169,44,257189
42569,0.078964,172.217.194.0-255,5738,233907,44,257189
42570,0.078981,172.31.46.0-255,66,233973,44,257189
42571,0.081591,172.217.194.0-255,5738,239711,44,257189
42572,0.081604,172.31.46.0-255,66,239777,44,257189
42573,0.084176,172.217.194.0-255,5738,245515,44,257189
42574,0.084183,172.31.46.0-255,66,245581,44,257189
42575,0.086843,172.217.194.0-255,5738,251319,44,257189
42576,0.086856,172.31.46.0-255,66,251385,44,257189
42577,0.089522,172.217.194.0-255,5738,257123,44,257189
42578,0.089532,172.31.46.0-255,66,257189,44,257189
42579,0.0,74.125.24.0-255,153,153,44,276251
42580,2.3e-05,172.31.46.0-255,66,219,44,276251
42581,3e-05,74.125.24.0-255,1484,1703,44,276251
42582,3.5e-05,172.31.46.0-255,66,1769,44,276251
42583,4e-05,74.125.24.0-255,2902,4671,44,276251
42584,4.3e-05,172.31.46.0-255,66,4737,44,276251
42585,5e-05,74.125.24.0-255,4320,9057,44,276251
42586,5.3e-05,172.31.46.0-255,66,9123,44,276251
42587,8.3e-05,74.125.24.0-255,2902,12025,44,276251
42588,8.7e-05,172.31.46.0-255,66,12091,44,276251
42589,9.2e-05,74.125.24.0-255,1973,14064,44,276251
42590,9.5e-05,172.31.46.0-255,66,14130,44,276251
42591,0.00125,74.125.24.0-255,1484,15614,44,276251
42592,0.001258,172.31.46.0-255,66,15680,44,276251
42593,0.001278,74.125.24.0-255,2902,18582,44,276251
42594,0.001281,172.31.46.0-255,66,18648,44,276251
42595,0.001289,74.125.24.0-255,5738,24386,44,276251
42596,0.001291,172.31.46.0-255,66,24452,44,276251
42597,0.001312,74.125.24.0-255,6797,31249,44,276251
42598,0.001315,172.31.46.0-255,66,31315,44,276251
42599,0.001355,172.31.46.0-255,66,31381,44,276251
42600,0.001362,74.125.24.0-255,5738,37119,44,276251
42601,0.001365,172.31.46.0-255,66,37185,44,276251
42602,0.001384,172.31.46.0-255,66,37251,44,276251
42603,0.00141,74.125.24.0-255,5020,42271,44,276251
42604,0.001413,172.31.46.0-255,66,42337,44,276251
42605,0.001775,74.125.24.0-255,368,42705,44,276251
42606,0.001778,172.31.46.0-255,66,42771,44,276251
42607,0.001808,74.125.24.0-255,126,42897,44,276251
42608,0.001811,172.31.46.0-255,66,42963,44,276251
42609,0.002284,74.125.24.0-255,1484,44447,44,276251
42610,0.003662,74.125.24.0-255,1484,45931,44,276251
42611,0.003669,172.31.46.0-255,66,45997,44,276251
42612,0.004092,74.125.24.0-255,2902,48899,44,276251
42613,0.004099,172.31.46.0-255,66,48965,44,276251
42614,0.005934,74.125.24.0-255,2902,51867,44,276251
42615,0.005942,172.31.46.0-255,66,51933,44,276251
42616,0.006416,74.125.24.0-255,2902,54835,44,276251
42617,0.006424,172.31.46.0-255,66,54901,44,276251
42618,0.008284,74.125.24.0-255,2902,57803,44,276251
42619,0.008291,172.31.46.0-255,66,57869,44,276251
42620,0.008678,74.125.24.0-255,2902,60771,44,276251
42621,0.008685,172.31.46.0-255,66,60837,44,276251
42622,0.010575,74.125.24.0-255,2902,63739,44,276251
42623,0.010583,172.31.46.0-255,66,63805,44,276251
42624,0.010985,74.125.24.0-255,2902,66707,44,276251
42625,0.010991,172.31.46.0-255,66,66773,44,276251
42626,0.012881,74.125.24.0-255,2902,69675,44,276251
42627,0.012888,172.31.46.0-255,66,69741,44,276251
42628,0.013283,74.125.24.0-255,2902,72643,44,276251
42629,0.013289,172.31.46.0-255,66,72709,44,276251
42630,0.015159,74.125.24.0-255,2902,75611,44,276251
42631,0.015166,172.31.46.0-255,66,75677,44,276251
42632,0.015556,74.125.24.0-255,2902,78579,44,276251
42633,0.01556,172.31.46.0-255,66,78645,44,276251
42634,0.01745,74.125.24.0-255,2902,81547,44,276251
42635,0.017457,172.31.46.0-255,66,81613,44,276251
42636,0.017878,74.125.24.0-255,2902,84515,44,276251
42637,0.017885,172.31.46.0-255,66,84581,44,276251
42638,0.019753,74.125.24.0-255,2902,87483,44,276251
42639,0.019761,172.31.46.0-255,66,87549,44,276251
42640,0.020197,74.125.24.0-255,2902,90451,44,276251
42641,0.020203,172.31.46.0-255,66,90517,44,276251
42642,0.022051,74.125.24.0-255,2902,93419,44,276251
42643,0.022063,172.31.46.0-255,66,93485,44,276251
42644,0.022459,74.125.24.0-255,2902,96387,44,276251
42645,0.022466,172.31.46.0-255,66,96453,44,276251
42646,0.024008,172.31.46.0-255,105,96558,44,276251
42647,0.024339,74.125.24.0-255,2902,99460,44,276251
42648,0.024346,172.31.46.0-255,66,99526,44,276251
42649,0.02473,74.125.24.0-255,2902,102428,44,276251
42650,0.024737,172.31.46.0-255,66,102494,44,276251
42651,0.025785,157.240.13.0-255,105,102599,44,276251
42652,0.025795,172.31.46.0-255,66,102665,44,276251
42653,0.026598,74.125.24.0-255,2902,105567,44,276251
42654,0.026604,172.31.46.0-255,66,105633,44,276251
42655,0.027038,74.125.24.0-255,2902,108535,44,276251
42656,0.027044,172.31.46.0-255,66,108601,44,276251
42657,0.028879,74.125.24.0-255,2902,111503,44,276251
42658,0.028886,172.31.46.0-255,66,111569,44,276251
42659,0.029306,74.125.24.0-255,2902,114471,44,276251
42660,0.029313,172.31.46.0-255,66,114537,44,276251
42661,0.031161,74.125.24.0-255,2902,117439,44,276251
42662,0.031169,172.31.46.0-255,66,117505,44,276251
42663,0.031578,74.125.24.0-255,2902,120407,44,276251
42664,0.031584,172.31.46.0-255,66,120473,44,276251
42665,0.033497,74.125.24.0-255,2902,123375,44,276251
42666,0.033505,172.31.46.0-255,66,123441,44,276251
42667,0.033853,74.125.24.0-255,2902,126343,44,276251
42668,0.033858,172.31.46.0-255,66,126409,44,276251
42669,0.035778,74.125.24.0-255,2902,129311,44,276251
42670,0.035787,172.31.46.0-255,66,129377,44,276251
42671,0.036105,74.125.24.0-255,2902,132279,44,276251
42672,0.036111,172.31.46.0-255,66,132345,44,276251
42673,0.038084,74.125.24.0-255,2902,135247,44,276251
42674,0.038093,172.31.46.0-255,66,135313,44,276251
42675,0.038355,74.125.24.0-255,2902,138215,44,276251
42676,0.038361,172.31.46.0-255,66,138281,44,276251
42677,0.040391,74.125.24.0-255,2902,141183,44,276251
42678,0.040408,172.31.46.0-255,66,141249,44,276251
42679,0.040644,74.125.24.0-255,2902,144151,44,276251
42680,0.04065,172.31.46.0-255,66,144217,44,276251
42681,0.042037,172.31.46.0-255,172,144389,44,276251
42682,0.042069,172.31.46.0-255,1113,145502,44,276251
42683,0.042148,172.31.46.0-255,1514,147016,44,276251
42684,0.04215,172.31.46.0-255,1514,148530,44,276251
42685,0.042151,172.31.46.0-255,1514,150044,44,276251
42686,0.042152,172.31.46.0-255,1514,151558,44,276251
42687,0.042179,172.31.46.0-255,1514,153072,44,276251
42688,0.04218,172.31.46.0-255,72,153144,44,276251
42689,0.042708,74.125.24.0-255,2902,156046,44,276251
42690,0.042717,172.31.46.0-255,66,156112,44,276251
42691,0.042908,74.125.24.0-255,2902,159014,44,276251
42692,0.042913,172.31.46.0-255,66,159080,44,276251
42693,0.043598,104.244.42.0-255,66,159146,44,276251
42694,0.043644,104.244.42.0-255,66,159212,44,276251
42695,0.043696,104.244.42.0-255,66,159278,44,276251
42696,0.043741,104.244.42.0-255,66,159344,44,276251
42697,0.045006,74.125.24.0-255,2902,162246,44,276251
42698,0.04503,172.31.46.0-255,66,162312,44,276251
42699,0.045186,74.125.24.0-255,2902,165214,44,276251
42700,0.04519,172.31.46.0-255,66,165280,44,276251
42701,0.047337,74.125.24.0-255,2902,168182,44,276251
42702,0.047353,172.31.46.0-255,66,168248,44,276251
42703,0.047468,74.125.24.0-255,2902,171150,44,276251
42704,0.047474,172.31.46.0-255,66,171216,44,276251
42705,0.049633,74.125.24.0-255,2902,174118,44,276251
42706,0.049645,172.31.46.0-255,66,174184,44,276251
42707,0.049757,74.125.24.0-255,2902,177086,44,276251
42708,0.049762,172.31.46.0-255,66,177152,44,276251
42709,0.051925,74.125.24.0-255,2902,180054,44,276251
42710,0.051934,172.31.46.0-255,66,180120,44,276251
42711,0.052001,74.125.24.0-255,2902,183022,44,276251
42712,0.052005,172.31.46.0-255,66,183088,44,276251
42713,0.054226,74.125.24.0-255,2902,185990,44,276251
42714,0.054241,172.31.46.0-255,66,186056,44,276251
42715,0.054277,74.125.24.0-255,2902,188958,44,276251
42716,0.054281,172.31.46.0-255,66,189024,44,276251
42717,0.056549,74.125.24.0-255,5738,194762,44,276251
42718,0.05656,172.31.46.0-255,66,194828,44,276251
42719,0.058882,74.125.24.0-255,5738,200566,44,276251
42720,0.058896,172.31.46.0-255,66,200632,44,276251
42721,0.06119,74.125.24.0-255,5738,206370,44,276251
42722,0.061197,172.31.46.0-255,66,206436,44,276251
42723,0.063524,74.125.24.0-255,5738,212174,44,276251
42724,0.063531,172.31.46.0-255,66,212240,44,276251
42725,0.065804,74.125.24.0-255,5738,217978,44,276251
42726,0.065811,172.31.46.0-255,66,218044,44,276251
42727,0.068116,74.125.24.0-255,5738,223782,44,276251
42728,0.068124,172.31.46.0-255,66,223848,44,276251
42729,0.070443,74.125.24.0-255,5738,229586,44,276251
42730,0.070453,172.31.46.0-255,66,229652,44,276251
42731,0.072733,74.125.24.0-255,5738,235390,44,276251
42732,0.07274,172.31.46.0-255,66,235456,44,276251
42733,0.075017,74.125.24.0-255,5738,241194,44,276251
42734,0.075024,172.31.46.0-255,66,241260,44,276251
42735,0.077336,74.125.24.0-255,5738,246998,44,276251
42736,0.077343,172.31.46.0-255,66,247064,44,276251
42737,0.079648,74.125.24.0-255,5738,252802,44,276251
42738,0.079655,172.31.46.0-255,66,252868,44,276251
42739,0.081973,74.125.24.0-255,5738,258606,44,276251
42740,0.081989,172.31.46.0-255,66,258672,44,276251
42741,0.084317,74.125.24.0-255,5738,264410,44,276251
42742,0.084331,172.31.46.0-255,66,264476,44,276251
42743,0.084486,172.31.46.0-255,101,264577,44,276251
42744,0.086657,74.125.24.0-255,5738,270315,44,276251
42745,0.086669,172.31.46.0-255,66,270381,44,276251
42746,0.086709,74.125.24.0-255,66,270447,44,276251
42747,0.088951,74.125.24.0-255,5738,276185,44,276251
42748,0.08896,172.31.46.0-255,66,276251,44,276251
42749,0.0,172.217.194.0-255,153,153,44,179148
42750,2.2e-05,172.31.46.0-255,66,219,44,179148
42751,2.9e-05,172.217.194.0-255,1484,1703,44,179148
42752,4.1e-05,172.31.46.0-255,66,1769,44,179148
42753,4.7e-05,172.217.194.0-255,2902,4671,44,179148
42754,5.1e-05,172.31.46.0-255,66,4737,44,179148
42755,5.9e-05,172.217.194.0-255,7156,11893,44,179148
42756,6.2e-05,172.31.46.0-255,66,11959,44,179148
42757,6.6e-05,172.217.194.0-255,1972,13931,44,179148
42758,6.8e-05,172.31.46.0-255,66,13997,44,179148
42759,8.9e-05,172.217.194.0-255,2902,16899,44,179148
42760,9.2e-05,172.31.46.0-255,66,16965,44,179148
42761,0.00014,172.217.194.0-255,5738,22703,44,179148
42762,0.000144,172.31.46.0-255,66,22769,44,179148
42763,0.000164,172.217.194.0-255,1484,24253,44,179148
42764,0.000166,172.31.46.0-255,66,24319,44,179148
42765,0.000174,172.217.194.0-255,6797,31116,44,179148
42766,0.000177,172.31.46.0-255,66,31182,44,179148
42767,0.000224,172.217.194.0-255,1484,32666,44,179148
42768,0.000227,172.31.46.0-255,66,32732,44,179148
42769,0.000241,172.217.194.0-255,2902,35634,44,179148
42770,0.000243,172.31.46.0-255,66,35700,44,179148
42771,0.000265,172.217.194.0-255,5738,41438,44,179148
42772,0.000268,172.31.46.0-255,66,41504,44,179148
42773,0.000272,172.217.194.0-255,2902,44406,44,179148
42774,0.000274,172.31.46.0-255,66,44472,44,179148
42775,0.000302,172.217.194.0-255,3961,48433,44,179148
42776,0.000305,172.31.46.0-255,66,48499,44,179148
42777,0.000319,172.31.46.0-255,66,48565,44,179148
42778,0.000324,172.217.194.0-255,2543,51108,44,179148
42779,0.000326,172.31.46.0-255,66,51174,44,179148
42780,0.000391,172.217.194.0-255,646,51820,44,179148
42781,0.00063,172.217.194.0-255,1484,53304,44,179148
42782,0.000636,172.31.46.0-255,66,53370,44,179148
42783,0.000642,172.217.194.0-255,2902,56272,44,179148
42784,0.000644,172.31.46.0-255,66,56338,44,179148
42785,0.000652,172.217.194.0-255,5738,62076,44,179148
42786,0.000654,172.31.46.0-255,66,62142,44,179148
42787,0.000694,172.31.46.0-255,66,62208,44,179148
42788,0.000707,172.31.46.0-255,66,62274,44,179148
42789,0.000796,172.217.194.0-255,1484,63758,44,179148
42790,0.0008,172.217.194.0-255,1484,65242,44,179148
42791,0.000803,172.31.46.0-255,66,65308,44,179148
42792,0.000827,172.217.194.0-255,1484,66792,44,179148
42793,0.000834,172.217.194.0-255,5738,72530,44,179148
42794,0.000837,172.31.46.0-255,66,72596,44,179148
42795,0.000847,172.31.46.0-255,66,72662,44,179148
42796,0.000865,172.217.194.0-255,4320,76982,44,179148
42797,0.000868,172.217.194.0-255,1484,78466,44,179148
42798,0.000871,172.31.46.0-255,66,78532,44,179148
42799,0.000918,172.31.46.0-255,66,78598,44,179148
42800,0.001085,172.217.194.0-255,1484,80082,44,179148
42801,0.001089,172.217.194.0-255,2902,82984,44,179148
42802,0.0011,172.31.46.0-255,66,83050,44,179148
42803,0.001114,172.217.194.0-255,2902,85952,44,179148
42804,0.001117,172.31.46.0-255,66,86018,44,179148
42805,0.001132,172.217.194.0-255,2902,88920,44,179148
42806,0.001134,172.31.46.0-255,66,88986,44,179148
42807,0.001139,172.217.194.0-255,2902,91888,44,179148
42808,0.001141,172.31.46.0-255,66,91954,44,179148
42809,0.001176,172.31.46.0-255,66,92020,44,179148
42810,0.001188,172.31.46.0-255,66,92086,44,179148
42811,0.001194,172.217.194.0-255,4320,96406,44,179148
42812,0.001197,172.31.46.0-255,66,96472,44,179148
42813,0.001254,172.31.46.0-255,66,96538,44,179148
42814,0.001263,172.31.46.0-255,66,96604,44,179148
42815,0.00135,172.31.46.0-255,66,96670,44,179148
42816,0.001361,172.217.194.0-255,5738,102408,44,179148
42817,0.001364,172.31.46.0-255,66,102474,44,179148
42818,0.001377,172.31.46.0-255,66,102540,44,179148
42819,0.001397,172.31.46.0-255,66,102606,44,179148
42820,0.001408,172.31.46.0-255,66,102672,44,179148
42821,0.001486,172.217.194.0-255,1484,104156,44,179148
42822,0.001492,172.217.194.0-255,2902,107058,44,179148
42823,0.001495,172.31.46.0-255,66,107124,44,179148
42824,0.0015,172.217.194.0-255,2902,110026,44,179148
42825,0.001503,172.31.46.0-255,66,110092,44,179148
42826,0.001518,172.217.194.0-255,2902,112994,44,179148
42827,0.001521,172.31.46.0-255,66,113060,44,179148
42828,0.001527,172.217.194.0-255,4320,117380,44,179148
42829,0.001529,172.31.46.0-255,66,117446,44,179148
42830,0.001555,172.217.194.0-255,5738,123184,44,179148
42831,0.001558,172.31.46.0-255,66,123250,44,179148
42832,0.001573,172.217.194.0-255,1484,124734,44,179148
42833,0.001586,172.217.194.0-255,2902,127636,44,179148
42834,0.001588,172.31.46.0-255,66,127702,44,179148
42835,0.001621,172.31.46.0-255,66,127768,44,179148
42836,0.001635,172.31.46.0-255,66,127834,44,179148
42837,0.001647,172.31.46.0-255,66,127900,44,179148
42838,0.001666,172.217.194.0-255,5738,133638,44,179148
42839,0.001669,172.31.46.0-255,66,133704,44,179148
42840,0.001672,172.217.194.0-255,1484,135188,44,179148
42841,0.001707,172.31.46.0-255,66,135254,44,179148
42842,0.001731,172.31.46.0-255,66,135320,44,179148
42843,0.001747,172.217.194.0-255,5738,141058,44,179148
42844,0.001749,172.31.46.0-255,66,141124,44,179148
42845,0.001777,172.217.194.0-255,2184,143308,44,179148
42846,0.00178,172.31.46.0-255,66,143374,44,179148
42847,0.001786,172.217.194.0-255,5020,148394,44,179148
42848,0.001789,172.31.46.0-255,66,148460,44,179148
42849,0.00182,172.217.194.0-255,1484,149944,44,179148
42850,0.001824,172.217.194.0-255,1484,151428,44,179148
42851,0.001827,172.31.46.0-255,66,151494,44,179148
42852,0.001846,172.217.194.0-255,1484,152978,44,179148
42853,0.001853,172.217.194.0-255,5738,158716,44,179148
42854,0.001855,172.31.46.0-255,66,158782,44,179148
42855,0.001905,172.217.194.0-255,1484,160266,44,179148
42856,0.001926,172.217.194.0-255,7156,167422,44,179148
42857,0.001929,172.31.46.0-255,66,167488,44,179148
42858,0.00195,172.217.194.0-255,2136,169624,44,179148
42859,0.001952,172.31.46.0-255,66,169690,44,179148
42860,0.001955,172.217.194.0-255,105,169795,44,179148
42861,0.010159,172.31.46.0-255,66,169861,44,179148
42862,0.010201,172.31.46.0-255,105,169966,44,179148
42863,0.012548,172.217.194.0-255,66,170032,44,179148
42864,0.034123,172.31.46.0-255,164,170196,44,179148
42865,0.034155,172.31.46.0-255,1122,171318,44,179148
42866,0.034238,172.31.46.0-255,1514,172832,44,179148
42867,0.03424,172.31.46.0-255,1514,174346,44,179148
42868,0.034246,172.31.46.0-255,1514,175860,44,179148
42869,0.034248,172.31.46.0-255,1514,177374,44,179148
42870,0.034265,172.31.46.0-255,1510,178884,44,179148
42871,0.035688,104.244.42.0-255,66,178950,44,179148
42872,0.035699,104.244.42.0-255,66,179016,44,179148
42873,0.035835,104.244.42.0-255,66,179082,44,179148
42874,0.035887,104.244.42.0-255,66,179148,44,179148
42875,0.0,74.125.24.0-255,146,146,44,307563
42876,2.1e-05,172.31.46.0-255,66,212,44,307563
42877,2.8e-05,74.125.24.0-255,1484,1696,44,307563
42878,3.3e-05,172.31.46.0-255,66,1762,44,307563
42879,3.8e-05,74.125.24.0-255,2902,4664,44,307563
42880,4.1e-05,172.31.46.0-255,66,4730,44,307563
42881,4.8e-05,74.125.24.0-255,7156,11886,44,307563
42882,5.1e-05,172.31.46.0-255,66,11952,44,307563
42883,5.5e-05,74.125.24.0-255,2071,14023,44,307563
42884,5.8e-05,172.31.46.0-255,66,14089,44,307563
42885,0.000128,74.125.24.0-255,1484,15573,44,307563
42886,0.000131,172.31.46.0-255,66,15639,44,307563
42887,0.000155,74.125.24.0-255,2902,18541,44,307563
42888,0.000158,172.31.46.0-255,66,18607,44,307563
42889,0.000164,74.125.24.0-255,5738,24345,44,307563
42890,0.000166,172.31.46.0-255,66,24411,44,307563
42891,0.000189,74.125.24.0-255,1484,25895,44,307563
42892,0.000191,172.31.46.0-255,66,25961,44,307563
42893,0.000208,74.125.24.0-255,5379,31340,44,307563
42894,0.00021,172.31.46.0-255,66,31406,44,307563
42895,0.000308,74.125.24.0-255,1484,32890,44,307563
42896,0.000311,172.31.46.0-255,66,32956,44,307563
42897,0.000317,74.125.24.0-255,2902,35858,44,307563
42898,0.000319,172.31.46.0-255,66,35924,44,307563
42899,0.000326,74.125.24.0-255,4320,40244,44,307563
42900,0.000329,172.31.46.0-255,66,40310,44,307563
42901,0.000357,74.125.24.0-255,1484,41794,44,307563
42902,0.000359,172.31.46.0-255,66,41860,44,307563
42903,0.000371,172.31.46.0-255,66,41926,44,307563
42904,0.000384,172.31.46.0-255,66,41992,44,307563
42905,0.000404,74.125.24.0-255,3961,45953,44,307563
42906,0.000406,172.31.46.0-255,66,46019,44,307563
42907,0.000426,74.125.24.0-255,678,46697,44,307563
42908,0.000737,74.125.24.0-255,1484,48181,44,307563
42909,0.000743,172.31.46.0-255,66,48247,44,307563
42910,0.000748,74.125.24.0-255,2902,51149,44,307563
42911,0.00075,172.31.46.0-255,66,51215,44,307563
42912,0.000757,74.125.24.0-255,5738,56953,44,307563
42913,0.000759,172.31.46.0-255,66,57019,44,307563
42914,0.000799,172.31.46.0-255,66,57085,44,307563
42915,0.000831,172.31.46.0-255,66,57151,44,307563
42916,0.001407,74.125.24.0-255,1484,58635,44,307563
42917,0.001414,74.125.24.0-255,2902,61537,44,307563
42918,0.001418,172.31.46.0-255,66,61603,44,307563
42919,0.001425,74.125.24.0-255,5738,67341,44,307563
42920,0.001427,172.31.46.0-255,66,67407,44,307563
42921,0.001477,172.31.46.0-255,66,67473,44,307563
42922,0.001488,172.31.46.0-255,66,67539,44,307563
42923,0.001708,74.125.24.0-255,1484,69023,44,307563
42924,0.001711,74.125.24.0-255,1484,70507,44,307563
42925,0.001713,172.31.46.0-255,66,70573,44,307563
42926,0.001732,74.125.24.0-255,1484,72057,44,307563
42927,0.001738,74.125.24.0-255,5738,77795,44,307563
42928,0.00174,172.31.46.0-255,66,77861,44,307563
42929,0.001773,172.31.46.0-255,66,77927,44,307563
42930,0.001777,74.125.24.0-255,2902,80829,44,307563
42931,0.001779,172.31.46.0-255,66,80895,44,307563
42932,0.001815,74.125.24.0-255,4320,85215,44,307563
42933,0.001817,172.31.46.0-255,66,85281,44,307563
42934,0.001833,74.125.24.0-255,3602,88883,44,307563
42935,0.001835,172.31.46.0-255,66,88949,44,307563
42936,0.001863,74.125.24.0-255,2902,91851,44,307563
42937,0.001864,172.31.46.0-255,66,91917,44,307563
42938,0.001868,74.125.24.0-255,2902,94819,44,307563
42939,0.00187,172.31.46.0-255,66,94885,44,307563
42940,0.001882,74.125.24.0-255,1484,96369,44,307563
42941,0.001888,74.125.24.0-255,5738,102107,44,307563
42942,0.00189,172.31.46.0-255,66,102173,44,307563
42943,0.001908,74.125.24.0-255,2902,105075,44,307563
42944,0.00191,172.31.46.0-255,66,105141,44,307563
42945,0.001953,172.31.46.0-255,66,105207,44,307563
42946,0.001955,74.125.24.0-255,766,105973,44,307563
42947,0.003989,74.125.24.0-255,4320,110293,44,307563
42948,0.003996,172.31.46.0-255,66,110359,44,307563
42949,0.006009,74.125.24.0-255,5738,116097,44,307563
42950,0.006015,172.31.46.0-255,66,116163,44,307563
42951,0.008022,74.125.24.0-255,5738,121901,44,307563
42952,0.008028,172.31.46.0-255,66,121967,44,307563
42953,0.01005,74.125.24.0-255,5738,127705,44,307563
42954,0.010057,172.31.46.0-255,66,127771,44,307563
42955,0.012097,74.125.24.0-255,5738,133509,44,307563
42956,0.012106,172.31.46.0-255,66,133575,44,307563
42957,0.014149,74.125.24.0-255,5738,139313,44,307563
42958,0.014155,172.31.46.0-255,66,139379,44,307563
42959,0.016183,74.125.24.0-255,5738,145117,44,307563
42960,0.01619,172.31.46.0-255,66,145183,44,307563
42961,0.018214,74.125.24.0-255,5738,150921,44,307563
42962,0.018222,172.31.46.0-255,66,150987,44,307563
42963,0.020256,74.125.24.0-255,5738,156725,44,307563
42964,0.020263,172.31.46.0-255,66,156791,44,307563
42965,0.022287,74.125.24.0-255,5738,162529,44,307563
42966,0.022295,172.31.46.0-255,66,162595,44,307563
42967,0.024311,74.125.24.0-255,5738,168333,44,307563
42968,0.024318,172.31.46.0-255,66,168399,44,307563
42969,0.026333,74.125.24.0-255,5738,174137,44,307563
42970,0.026343,172.31.46.0-255,66,174203,44,307563
42971,0.028362,74.125.24.0-255,5738,179941,44,307563
42972,0.028369,172.31.46.0-255,66,180007,44,307563
42973,0.030399,74.125.24.0-255,5738,185745,44,307563
42974,0.030408,172.31.46.0-255,66,185811,44,307563
42975,0.032438,74.125.24.0-255,5738,191549,44,307563
42976,0.032445,172.31.46.0-255,66,191615,44,307563
42977,0.03445,74.125.24.0-255,5738,197353,44,307563
42978,0.034457,172.31.46.0-255,66,197419,44,307563
42979,0.035206,172.31.46.0-255,172,197591,44,307563
42980,0.035232,172.31.46.0-255,1114,198705,44,307563
42981,0.035289,172.31.46.0-255,1514,200219,44,307563
42982,0.035291,172.31.46.0-255,1514,201733,44,307563
42983,0.035292,172.31.46.0-255,1514,203247,44,307563
42984,0.035293,172.31.46.0-255,1514,204761,44,307563
42985,0.035318,172.31.46.0-255,1514,206275,44,307563
42986,0.035319,172.31.46.0-255,73,206348,44,307563
42987,0.036497,74.125.24.0-255,5738,212086,44,307563
42988,0.036503,172.31.46.0-255,66,212152,44,307563
42989,0.0367,104.244.42.0-255,66,212218,44,307563
42990,0.03673,104.244.42.0-255,66,212284,44,307563
42991,0.03684,104.244.42.0-255,66,212350,44,307563
42992,0.036846,104.244.42.0-255,66,212416,44,307563
42993,0.038538,74.125.24.0-255,5738,218154,44,307563
42994,0.038545,172.31.46.0-255,66,218220,44,307563
42995,0.040602,74.125.24.0-255,5738,223958,44,307563
42996,0.040608,172.31.46.0-255,66,224024,44,307563
42997,0.04265,74.125.24.0-255,5738,229762,44,307563
42998,0.042658,172.31.46.0-255,66,229828,44,307563
42999,0.044707,74.125.24.0-255,5738,235566,44,307563
43000,0.044713,172.31.46.0-255,66,235632,44,307563
43001,0.046756,74.125.24.0-255,5738,241370,44,307563
43002,0.046761,172.31.46.0-255,66,241436,44,307563
43003,0.04877,74.125.24.0-255,5738,247174,44,307563
43004,0.048776,172.31.46.0-255,66,247240,44,307563
43005,0.050811,74.125.24.0-255,5738,252978,44,307563
43006,0.050817,172.31.46.0-255,66,253044,44,307563
43007,0.052827,74.125.24.0-255,5738,258782,44,307563
43008,0.052832,172.31.46.0-255,66,258848,44,307563
43009,0.054877,74.125.24.0-255,5738,264586,44,307563
43010,0.054882,172.31.46.0-255,66,264652,44,307563
43011,0.056891,74.125.24.0-255,5738,270390,44,307563
43012,0.056896,172.31.46.0-255,66,270456,44,307563
43013,0.05891,74.125.24.0-255,5738,276194,44,307563
43014,0.058915,172.31.46.0-255,66,276260,44,307563
43015,0.060942,74.125.24.0-255,5738,281998,44,307563
43016,0.060949,172.31.46.0-255,66,282064,44,307563
43017,0.062961,74.125.24.0-255,5738,287802,44,307563
43018,0.062967,172.31.46.0-255,66,287868,44,307563
43019,0.065023,74.125.24.0-255,5738,293606,44,307563
43020,0.06503,172.31.46.0-255,66,293672,44,307563
43021,0.067075,74.125.24.0-255,5738,299410,44,307563
43022,0.067081,172.31.46.0-255,66,299476,44,307563
43023,0.069107,74.125.24.0-255,5738,305214,44,307563
43024,0.069114,172.31.46.0-255,66,305280,44,307563
43025,0.071107,74.125.24.0-255,2046,307326,44,307563
43026,0.071113,172.31.46.0-255,66,307392,44,307563
43027,0.071706,172.31.46.0-255,105,307497,44,307563
43028,0.073691,74.125.24.0-255,66,307563,44,307563
43029,0.0,172.217.194.0-255,153,153,44,164920
43030,1.4e-05,172.31.46.0-255,66,219,44,164920
43031,2.2e-05,172.217.194.0-255,1484,1703,44,164920
43032,2.7e-05,172.31.46.0-255,66,1769,44,164920
43033,3.9e-05,172.217.194.0-255,2902,4671,44,164920
43034,4.2e-05,172.31.46.0-255,66,4737,44,164920
43035,5.1e-05,172.217.194.0-255,7156,11893,44,164920
43036,5.4e-05,172.31.46.0-255,66,11959,44,164920
43037,9.7e-05,172.31.46.0-255,66,12025,44,164920
43038,0.000104,172.217.194.0-255,5738,17763,44,164920
43039,0.000107,172.31.46.0-255,66,17829,44,164920
43040,0.000149,172.31.46.0-255,66,17895,44,164920
43041,0.000165,172.31.46.0-255,66,17961,44,164920
43042,0.00027,172.217.194.0-255,1484,19445,44,164920
43043,0.000274,172.31.46.0-255,66,19511,44,164920
43044,0.000279,172.217.194.0-255,2902,22413,44,164920
43045,0.000281,172.31.46.0-255,66,22479,44,164920
43046,0.000307,172.217.194.0-255,5738,28217,44,164920
43047,0.00031,172.31.46.0-255,66,28283,44,164920
43048,0.000347,172.217.194.0-255,1484,29767,44,164920
43049,0.000349,172.31.46.0-255,66,29833,44,164920
43050,0.000381,172.217.194.0-255,5685,35518,44,164920
43051,0.000384,172.31.46.0-255,66,35584,44,164920
43052,0.000456,172.217.194.0-255,1484,37068,44,164920
43053,0.000459,172.31.46.0-255,66,37134,44,164920
43054,0.000464,172.217.194.0-255,2902,40036,44,164920
43055,0.000467,172.31.46.0-255,66,40102,44,164920
43056,0.000478,172.217.194.0-255,5738,45840,44,164920
43057,0.000481,172.31.46.0-255,66,45906,44,164920
43058,0.000524,172.31.46.0-255,66,45972,44,164920
43059,0.000567,172.31.46.0-255,66,46038,44,164920
43060,0.000595,172.217.194.0-255,3602,49640,44,164920
43061,0.000598,172.31.46.0-255,66,49706,44,164920
43062,0.000617,172.31.46.0-255,66,49772,44,164920
43063,0.000653,172.31.46.0-255,66,49838,44,164920
43064,0.000673,172.31.46.0-255,66,49904,44,164920
43065,0.000679,172.217.194.0-255,5738,55642,44,164920
43066,0.000681,172.31.46.0-255,66,55708,44,164920
43067,0.00073,172.31.46.0-255,66,55774,44,164920
43068,0.000767,172.31.46.0-255,66,55840,44,164920
43069,0.000793,172.31.46.0-255,66,55906,44,164920
43070,0.0008,172.217.194.0-255,5738,61644,44,164920
43071,0.000802,172.31.46.0-255,66,61710,44,164920
43072,0.000837,172.217.194.0-255,6438,68148,44,164920
43073,0.00084,172.31.46.0-255,66,68214,44,164920
43074,0.000843,172.217.194.0-255,1484,69698,44,164920
43075,0.000847,172.217.194.0-255,2902,72600,44,164920
43076,0.000849,172.31.46.0-255,66,72666,44,164920
43077,0.000861,172.217.194.0-255,5738,78404,44,164920
43078,0.000863,172.31.46.0-255,66,78470,44,164920
43079,0.000906,172.31.46.0-255,66,78536,44,164920
43080,0.000923,172.31.46.0-255,66,78602,44,164920
43081,0.001025,172.217.194.0-255,1484,80086,44,164920
43082,0.001041,172.217.194.0-255,2902,82988,44,164920
43083,0.001045,172.31.46.0-255,66,83054,44,164920
43084,0.001075,172.217.194.0-255,5738,88792,44,164920
43085,0.001078,172.31.46.0-255,66,88858,44,164920
43086,0.001121,172.217.194.0-255,2902,91760,44,164920
43087,0.001123,172.31.46.0-255,66,91826,44,164920
43088,0.001162,172.31.46.0-255,66,91892,44,164920
43089,0.001169,172.217.194.0-255,7156,99048,44,164920
43090,0.001171,172.31.46.0-255,66,99114,44,164920
43091,0.00118,172.217.194.0-255,3602,102716,44,164920
43092,0.001183,172.31.46.0-255,66,102782,44,164920
43093,0.001189,172.217.194.0-255,4320,107102,44,164920
43094,0.001191,172.31.46.0-255,66,107168,44,164920
43095,0.00123,172.217.194.0-255,7156,114324,44,164920
43096,0.001233,172.31.46.0-255,66,114390,44,164920
43097,0.001247,172.31.46.0-255,66,114456,44,164920
43098,0.001263,172.31.46.0-255,66,114522,44,164920
43099,0.001303,172.217.194.0-255,1484,116006,44,164920
43100,0.001308,172.217.194.0-255,2902,118908,44,164920
43101,0.00131,172.31.46.0-255,66,118974,44,164920
43102,0.001315,172.217.194.0-255,4320,123294,44,164920
43103,0.001317,172.31.46.0-255,66,123360,44,164920
43104,0.001344,172.217.194.0-255,1484,124844,44,164920
43105,0.001359,172.31.46.0-255,66,124910,44,164920
43106,0.001389,172.31.46.0-255,66,124976,44,164920
43107,0.001429,172.217.194.0-255,2184,127160,44,164920
43108,0.001432,172.31.46.0-255,66,127226,44,164920
43109,0.001467,172.217.194.0-255,1484,128710,44,164920
43110,0.001482,172.217.194.0-255,2902,131612,44,164920
43111,0.001486,172.31.46.0-255,66,131678,44,164920
43112,0.001491,172.217.194.0-255,4320,135998,44,164920
43113,0.001494,172.31.46.0-255,66,136064,44,164920
43114,0.001521,172.217.194.0-255,1484,137548,44,164920
43115,0.001532,172.31.46.0-255,66,137614,44,164920
43116,0.001559,172.217.194.0-255,2902,140516,44,164920
43117,0.001562,172.31.46.0-255,66,140582,44,164920
43118,0.001601,172.31.46.0-255,66,140648,44,164920
43119,0.001606,172.217.194.0-255,4320,144968,44,164920
43120,0.001608,172.31.46.0-255,66,145034,44,164920
43121,0.001635,172.217.194.0-255,7156,152190,44,164920
43122,0.00164,172.31.46.0-255,66,152256,44,164920
43123,0.00167,172.217.194.0-255,7156,159412,44,164920
43124,0.001674,172.31.46.0-255,66,159478,44,164920
43125,0.001699,172.217.194.0-255,2755,162233,44,164920
43126,0.001702,172.31.46.0-255,66,162299,44,164920
43127,0.001706,172.217.194.0-255,97,162396,44,164920
43128,0.001725,172.217.194.0-255,105,162501,44,164920
43129,0.010603,172.217.194.0-255,105,162606,44,164920
43130,0.010613,172.31.46.0-255,78,162684,44,164920
43131,0.011045,172.31.46.0-255,105,162789,44,164920
43132,0.013275,172.217.194.0-255,66,162855,44,164920
43133,0.034911,172.31.46.0-255,188,163043,44,164920
43134,0.034953,172.31.46.0-255,955,163998,44,164920
43135,0.034998,172.31.46.0-255,724,164722,44,164920
43136,0.036489,104.244.42.0-255,66,164788,44,164920
43137,0.036513,104.244.42.0-255,66,164854,44,164920
43138,0.036516,104.244.42.0-255,66,164920,44,164920
43139,0.0,74.125.24.0-255,167,167,44,325243
43140,1.6e-05,172.31.46.0-255,66,233,44,325243
43141,2.3e-05,74.125.24.0-255,1484,1717,44,325243
43142,2.8e-05,172.31.46.0-255,66,1783,44,325243
43143,3.4e-05,74.125.24.0-255,2902,4685,44,325243
43144,4.6e-05,172.31.46.0-255,66,4751,44,325243
43145,5.5e-05,74.125.24.0-255,7156,11907,44,325243
43146,5.8e-05,172.31.46.0-255,66,11973,44,325243
43147,7e-05,172.31.46.0-255,66,12039,44,325243
43148,0.000147,172.31.46.0-255,66,12105,44,325243
43149,0.000213,74.125.24.0-255,1484,13589,44,325243
43150,0.000215,172.31.46.0-255,66,13655,44,325243
43151,0.00022,74.125.24.0-255,2902,16557,44,325243
43152,0.000222,172.31.46.0-255,66,16623,44,325243
43153,0.000253,74.125.24.0-255,5738,22361,44,325243
43154,0.000256,172.31.46.0-255,66,22427,44,325243
43155,0.000264,74.125.24.0-255,6797,29224,44,325243
43156,0.000266,172.31.46.0-255,66,29290,44,325243
43157,0.000295,74.125.24.0-255,7156,36446,44,325243
43158,0.000298,172.31.46.0-255,66,36512,44,325243
43159,0.000326,172.31.46.0-255,66,36578,44,325243
43160,0.000341,74.125.24.0-255,410,36988,44,325243
43161,0.000344,172.31.46.0-255,66,37054,44,325243
43162,0.000678,74.125.24.0-255,333,37387,44,325243
43163,0.000686,172.31.46.0-255,66,37453,44,325243
43164,0.001041,74.125.24.0-255,1484,38937,44,325243
43165,0.001046,172.31.46.0-255,66,39003,44,325243
43166,0.001051,74.125.24.0-255,2902,41905,44,325243
43167,0.001053,172.31.46.0-255,66,41971,44,325243
43168,0.001058,74.125.24.0-255,2902,44873,44,325243
43169,0.00106,172.31.46.0-255,66,44939,44,325243
43170,0.001095,74.125.24.0-255,2902,47841,44,325243
43171,0.001098,172.31.46.0-255,66,47907,44,325243
43172,0.001113,172.31.46.0-255,66,47973,44,325243
43173,0.001142,172.31.46.0-255,66,48039,44,325243
43174,0.001171,74.125.24.0-255,6438,54477,44,325243
43175,0.001174,172.31.46.0-255,66,54543,44,325243
43176,0.001443,74.125.24.0-255,1484,56027,44,325243
43177,0.001459,74.125.24.0-255,2902,58929,44,325243
43178,0.001462,172.31.46.0-255,66,58995,44,325243
43179,0.001469,74.125.24.0-255,5738,64733,44,325243
43180,0.001471,172.31.46.0-255,66,64799,44,325243
43181,0.001498,74.125.24.0-255,4320,69119,44,325243
43182,0.001502,74.125.24.0-255,2902,72021,44,325243
43183,0.001506,172.31.46.0-255,66,72087,44,325243
43184,0.001509,172.31.46.0-255,66,72153,44,325243
43185,0.001533,172.31.46.0-255,66,72219,44,325243
43186,0.001544,172.31.46.0-255,66,72285,44,325243
43187,0.003592,74.125.24.0-255,5738,78023,44,325243
43188,0.0036,172.31.46.0-255,66,78089,44,325243
43189,0.005637,74.125.24.0-255,5738,83827,44,325243
43190,0.005646,172.31.46.0-255,66,83893,44,325243
43191,0.007676,74.125.24.0-255,5738,89631,44,325243
43192,0.007683,172.31.46.0-255,66,89697,44,325243
43193,0.009726,74.125.24.0-255,5738,95435,44,325243
43194,0.009735,172.31.46.0-255,66,95501,44,325243
43195,0.011781,74.125.24.0-255,5738,101239,44,325243
43196,0.01179,172.31.46.0-255,66,101305,44,325243
43197,0.013894,74.125.24.0-255,5738,107043,44,325243
43198,0.013911,172.31.46.0-255,66,107109,44,325243
43199,0.016023,74.125.24.0-255,5738,112847,44,325243
43200,0.016045,172.31.46.0-255,66,112913,44,325243
43201,0.018159,74.125.24.0-255,5738,118651,44,325243
43202,0.018184,172.31.46.0-255,66,118717,44,325243
43203,0.02022,74.125.24.0-255,5738,124455,44,325243
43204,0.020238,172.31.46.0-255,66,124521,44,325243
43205,0.02236,74.125.24.0-255,5738,130259,44,325243
43206,0.022377,172.31.46.0-255,66,130325,44,325243
43207,0.024477,74.125.24.0-255,5738,136063,44,325243
43208,0.024494,172.31.46.0-255,66,136129,44,325243
43209,0.026639,74.125.24.0-255,5738,141867,44,325243
43210,0.026659,172.31.46.0-255,66,141933,44,325243
43211,0.028751,74.125.24.0-255,5738,147671,44,325243
43212,0.028771,172.31.46.0-255,66,147737,44,325243
43213,0.030889,74.125.24.0-255,5738,153475,44,325243
43214,0.030941,172.31.46.0-255,66,153541,44,325243
43215,0.03303,74.125.24.0-255,5738,159279,44,325243
43216,0.03305,172.31.46.0-255,66,159345,44,325243
43217,0.035105,74.125.24.0-255,5738,165083,44,325243
43218,0.035124,172.31.46.0-255,66,165149,44,325243
43219,0.03722,74.125.24.0-255,5738,170887,44,325243
43220,0.037238,172.31.46.0-255,66,170953,44,325243
43221,0.039331,74.125.24.0-255,5738,176691,44,325243
43222,0.039355,172.31.46.0-255,66,176757,44,325243
43223,0.041403,74.125.24.0-255,5738,182495,44,325243
43224,0.041422,172.31.46.0-255,66,182561,44,325243
43225,0.04348,74.125.24.0-255,5738,188299,44,325243
43226,0.043499,172.31.46.0-255,66,188365,44,325243
43227,0.04491,172.31.46.0-255,172,188537,44,325243
43228,0.044945,172.31.46.0-255,1114,189651,44,325243
43229,0.045028,172.31.46.0-255,1514,191165,44,325243
43230,0.045036,172.31.46.0-255,1514,192679,44,325243
43231,0.045043,172.31.46.0-255,1514,194193,44,325243
43232,0.045044,172.31.46.0-255,1514,195707,44,325243
43233,0.045061,172.31.46.0-255,1514,197221,44,325243
43234,0.045062,172.31.46.0-255,70,197291,44,325243
43235,0.045546,74.125.24.0-255,5738,203029,44,325243
43236,0.045555,172.31.46.0-255,66,203095,44,325243
43237,0.046474,104.244.42.0-255,66,203161,44,325243
43238,0.046531,104.244.42.0-255,66,203227,44,325243
43239,0.046622,104.244.42.0-255,66,203293,44,325243
43240,0.046629,104.244.42.0-255,66,203359,44,325243
43241,0.047612,74.125.24.0-255,5738,209097,44,325243
43242,0.047626,172.31.46.0-255,66,209163,44,325243
43243,0.049688,74.125.24.0-255,5738,214901,44,325243
43244,0.049708,172.31.46.0-255,66,214967,44,325243
43245,0.051754,74.125.24.0-255,5738,220705,44,325243
43246,0.051774,172.31.46.0-255,66,220771,44,325243
43247,0.053864,74.125.24.0-255,5738,226509,44,325243
43248,0.053883,172.31.46.0-255,66,226575,44,325243
43249,0.055935,74.125.24.0-255,5738,232313,44,325243
43250,0.055954,172.31.46.0-255,66,232379,44,325243
43251,0.058031,74.125.24.0-255,5738,238117,44,325243
43252,0.058047,172.31.46.0-255,66,238183,44,325243
43253,0.060122,74.125.24.0-255,5738,243921,44,325243
43254,0.060142,172.31.46.0-255,66,243987,44,325243
43255,0.062167,74.125.24.0-255,5738,249725,44,325243
43256,0.062175,172.31.46.0-255,66,249791,44,325243
43257,0.064216,74.125.24.0-255,5738,255529,44,325243
43258,0.064223,172.31.46.0-255,66,255595,44,325243
43259,0.066285,74.125.24.0-255,5738,261333,44,325243
43260,0.066292,172.31.46.0-255,66,261399,44,325243
43261,0.068366,74.125.24.0-255,5738,267137,44,325243
43262,0.068374,172.31.46.0-255,66,267203,44,325243
43263,0.07045,74.125.24.0-255,5738,272941,44,325243
43264,0.070464,172.31.46.0-255,66,273007,44,325243
43265,0.072512,74.125.24.0-255,5738,278745,44,325243
43266,0.072519,172.31.46.0-255,66,278811,44,325243
43267,0.074587,74.125.24.0-255,5738,284549,44,325243
43268,0.074596,172.31.46.0-255,66,284615,44,325243
43269,0.07664,74.125.24.0-255,5738,290353,44,325243
43270,0.076649,172.31.46.0-255,66,290419,44,325243
43271,0.078716,74.125.24.0-255,5738,296157,44,325243
43272,0.078724,172.31.46.0-255,66,296223,44,325243
43273,0.080827,74.125.24.0-255,5738,301961,44,325243
43274,0.080837,172.31.46.0-255,66,302027,44,325243
43275,0.082905,74.125.24.0-255,5738,307765,44,325243
43276,0.082915,172.31.46.0-255,66,307831,44,325243
43277,0.085014,74.125.24.0-255,5738,313569,44,325243
43278,0.085024,172.31.46.0-255,66,313635,44,325243
43279,0.087113,74.125.24.0-255,5738,319373,44,325243
43280,0.087124,172.31.46.0-255,66,319439,44,325243
43281,0.08919,74.125.24.0-255,5738,325177,44,325243
43282,0.089198,172.31.46.0-255,66,325243,44,325243
43283,0.0,74.125.24.0-255,153,153,44,354039
43284,1.9e-05,172.31.46.0-255,66,219,44,354039
43285,2.5e-05,74.125.24.0-255,1484,1703,44,354039
43286,2.8e-05,172.31.46.0-255,66,1769,44,354039
43287,3.4e-05,74.125.24.0-255,2902,4671,44,354039
43288,3.6e-05,172.31.46.0-255,66,4737,44,354039
43289,4.3e-05,74.125.24.0-255,7156,11893,44,354039
43290,4.5e-05,172.31.46.0-255,66,11959,44,354039
43291,8.2e-05,74.125.24.0-255,2902,14861,44,354039
43292,8.5e-05,172.31.46.0-255,66,14927,44,354039
43293,0.000112,172.31.46.0-255,66,14993,44,354039
43294,0.000117,74.125.24.0-255,3961,18954,44,354039
43295,0.000119,172.31.46.0-255,66,19020,44,354039
43296,0.000124,74.125.24.0-255,4320,23340,44,354039
43297,0.000125,172.31.46.0-255,66,23406,44,354039
43298,0.000146,74.125.24.0-255,2902,26308,44,354039
43299,0.000147,172.31.46.0-255,66,26374,44,354039
43300,0.000164,74.125.24.0-255,7156,33530,44,354039
43301,0.000166,172.31.46.0-255,66,33596,44,354039
43302,0.000168,74.125.24.0-255,1125,34721,44,354039
43303,0.00017,172.31.46.0-255,66,34787,44,354039
43304,0.000444,74.125.24.0-255,1484,36271,44,354039
43305,0.00045,172.31.46.0-255,66,36337,44,354039
43306,0.000457,74.125.24.0-255,2902,39239,44,354039
43307,0.000459,172.31.46.0-255,66,39305,44,354039
43308,0.000464,74.125.24.0-255,2902,42207,44,354039
43309,0.000466,172.31.46.0-255,66,42273,44,354039
43310,0.000482,74.125.24.0-255,2902,45175,44,354039
43311,0.000484,172.31.46.0-255,66,45241,44,354039
43312,0.000491,74.125.24.0-255,6797,52038,44,354039
43313,0.000494,172.31.46.0-255,66,52104,44,354039
43314,0.000534,172.31.46.0-255,66,52170,44,354039
43315,0.000538,74.125.24.0-255,2543,54713,44,354039
43316,0.00054,172.31.46.0-255,66,54779,44,354039
43317,0.000801,74.125.24.0-255,1484,56263,44,354039
43318,0.000808,74.125.24.0-255,2902,59165,44,354039
43319,0.00081,172.31.46.0-255,66,59231,44,354039
43320,0.000831,74.125.24.0-255,5738,64969,44,354039
43321,0.000833,172.31.46.0-255,66,65035,44,354039
43322,0.000838,74.125.24.0-255,2902,67937,44,354039
43323,0.00084,172.31.46.0-255,66,68003,44,354039
43324,0.000883,172.31.46.0-255,66,68069,44,354039
43325,0.00089,74.125.24.0-255,5738,73807,44,354039
43326,0.000892,172.31.46.0-255,66,73873,44,354039
43327,0.000954,74.125.24.0-255,3992,77865,44,354039
43328,0.000957,172.31.46.0-255,66,77931,44,354039
43329,0.001215,74.125.24.0-255,1484,79415,44,354039
43330,0.00122,74.125.24.0-255,2902,82317,44,354039
43331,0.00123,172.31.46.0-255,66,82383,44,354039
43332,0.001237,74.125.24.0-255,4320,86703,44,354039
43333,0.001239,172.31.46.0-255,66,86769,44,354039
43334,0.001263,74.125.24.0-255,1484,88253,44,354039
43335,0.001271,74.125.24.0-255,7156,95409,44,354039
43336,0.001276,172.31.46.0-255,66,95475,44,354039
43337,0.001285,74.125.24.0-255,2902,98377,44,354039
43338,0.001287,172.31.46.0-255,66,98443,44,354039
43339,0.001328,172.31.46.0-255,66,98509,44,354039
43340,0.00333,74.125.24.0-255,5738,104247,44,354039
43341,0.003337,172.31.46.0-255,66,104313,44,354039
43342,0.005312,74.125.24.0-255,2902,107215,44,354039
43343,0.005316,172.31.46.0-255,66,107281,44,354039
43344,0.005334,74.125.24.0-255,2902,110183,44,354039
43345,0.005336,172.31.46.0-255,66,110249,44,354039
43346,0.007316,74.125.24.0-255,5738,115987,44,354039
43347,0.007323,172.31.46.0-255,66,116053,44,354039
43348,0.009299,74.125.24.0-255,5738,121791,44,354039
43349,0.00931,172.31.46.0-255,66,121857,44,354039
43350,0.011275,74.125.24.0-255,5738,127595,44,354039
43351,0.011284,172.31.46.0-255,66,127661,44,354039
43352,0.013283,74.125.24.0-255,5738,133399,44,354039
43353,0.01329,172.31.46.0-255,66,133465,44,354039
43354,0.015265,74.125.24.0-255,5738,139203,44,354039
43355,0.015272,172.31.46.0-255,66,139269,44,354039
43356,0.017248,74.125.24.0-255,5738,145007,44,354039
43357,0.017258,172.31.46.0-255,66,145073,44,354039
43358,0.019266,74.125.24.0-255,5738,150811,44,354039
43359,0.019273,172.31.46.0-255,66,150877,44,354039
43360,0.02125,74.125.24.0-255,5738,156615,44,354039
43361,0.021257,172.31.46.0-255,66,156681,44,354039
43362,0.023231,74.125.24.0-255,5738,162419,44,354039
43363,0.023239,172.31.46.0-255,66,162485,44,354039
43364,0.025182,74.125.24.0-255,5738,168223,44,354039
43365,0.02519,172.31.46.0-255,66,168289,44,354039
43366,0.027158,74.125.24.0-255,5738,174027,44,354039
43367,0.027166,172.31.46.0-255,66,174093,44,354039
43368,0.029129,74.125.24.0-255,5738,179831,44,354039
43369,0.029136,172.31.46.0-255,66,179897,44,354039
43370,0.031123,74.125.24.0-255,5738,185635,44,354039
43371,0.03113,172.31.46.0-255,66,185701,44,354039
43372,0.0331,74.125.24.0-255,5738,191439,44,354039
43373,0.033107,172.31.46.0-255,66,191505,44,354039
43374,0.035081,74.125.24.0-255,5738,197243,44,354039
43375,0.035088,172.31.46.0-255,66,197309,44,354039
43376,0.037069,74.125.24.0-255,5738,203047,44,354039
43377,0.037074,172.31.46.0-255,66,203113,44,354039
43378,0.038116,172.31.46.0-255,172,203285,44,354039
43379,0.038147,172.31.46.0-255,1114,204399,44,354039
43380,0.038219,172.31.46.0-255,1514,205913,44,354039
43381,0.038221,172.31.46.0-255,1514,207427,44,354039
43382,0.038223,172.31.46.0-255,1514,208941,44,354039
43383,0.038224,172.31.46.0-255,1514,210455,44,354039
43384,0.03825,172.31.46.0-255,1514,211969,44,354039
43385,0.038252,172.31.46.0-255,71,212040,44,354039
43386,0.039041,74.125.24.0-255,5738,217778,44,354039
43387,0.039048,172.31.46.0-255,66,217844,44,354039
43388,0.039699,104.244.42.0-255,66,217910,44,354039
43389,0.039707,104.244.42.0-255,66,217976,44,354039
43390,0.03978,104.244.42.0-255,66,218042,44,354039
43391,0.039786,104.244.42.0-255,66,218108,44,354039
43392,0.040407,104.244.42.0-255,108,218216,44,354039
43393,0.040416,172.31.46.0-255,66,218282,44,354039
43394,0.041013,74.125.24.0-255,5738,224020,44,354039
43395,0.041021,172.31.46.0-255,66,224086,44,354039
43396,0.043016,74.125.24.0-255,5738,229824,44,354039
43397,0.043023,172.31.46.0-255,66,229890,44,354039
43398,0.044978,74.125.24.0-255,5738,235628,44,354039
43399,0.044985,172.31.46.0-255,66,235694,44,354039
43400,0.046958,74.125.24.0-255,5738,241432,44,354039
43401,0.046965,172.31.46.0-255,66,241498,44,354039
43402,0.04895,74.125.24.0-255,5738,247236,44,354039
43403,0.048957,172.31.46.0-255,66,247302,44,354039
43404,0.050953,74.125.24.0-255,5738,253040,44,354039
43405,0.05096,172.31.46.0-255,66,253106,44,354039
43406,0.052932,74.125.24.0-255,5738,258844,44,354039
43407,0.052938,172.31.46.0-255,66,258910,44,354039
43408,0.054938,74.125.24.0-255,5738,264648,44,354039
43409,0.054943,172.31.46.0-255,66,264714,44,354039
43410,0.056924,74.125.24.0-255,5738,270452,44,354039
43411,0.056929,172.31.46.0-255,66,270518,44,354039
43412,0.058915,74.125.24.0-255,5738,276256,44,354039
43413,0.058922,172.31.46.0-255,66,276322,44,354039
43414,0.060903,74.125.24.0-255,5738,282060,44,354039
43415,0.060911,172.31.46.0-255,66,282126,44,354039
43416,0.06291,74.125.24.0-255,5738,287864,44,354039
43417,0.062918,172.31.46.0-255,66,287930,44,354039
43418,0.064915,74.125.24.0-255,5738,293668,44,354039
43419,0.064922,172.31.46.0-255,66,293734,44,354039
43420,0.066897,74.125.24.0-255,5738,299472,44,354039
43421,0.066903,172.31.46.0-255,66,299538,44,354039
43422,0.068917,74.125.24.0-255,5738,305276,44,354039
43423,0.068923,172.31.46.0-255,66,305342,44,354039
43424,0.07092,74.125.24.0-255,5738,311080,44,354039
43425,0.070926,172.31.46.0-255,66,311146,44,354039
43426,0.072936,74.125.24.0-255,5738,316884,44,354039
43427,0.072942,172.31.46.0-255,66,316950,44,354039
43428,0.074907,74.125.24.0-255,5738,322688,44,354039
43429,0.074914,172.31.46.0-255,66,322754,44,354039
43430,0.076882,74.125.24.0-255,5738,328492,44,354039
43431,0.076889,172.31.46.0-255,66,328558,44,354039
43432,0.078918,74.125.24.0-255,5738,334296,44,354039
43433,0.078926,172.31.46.0-255,66,334362,44,354039
43434,0.080916,74.125.24.0-255,5738,340100,44,354039
43435,0.080924,172.31.46.0-255,66,340166,44,354039
43436,0.082875,74.125.24.0-255,5738,345904,44,354039
43437,0.082882,172.31.46.0-255,66,345970,44,354039
43438,0.084887,74.125.24.0-255,5738,351708,44,354039
43439,0.084893,172.31.46.0-255,66,351774,44,354039
43440,0.086871,74.125.24.0-255,2028,353802,44,354039
43441,0.086877,172.31.46.0-255,66,353868,44,354039
43442,0.087044,172.31.46.0-255,105,353973,44,354039
43443,0.088991,74.125.24.0-255,66,354039,44,354039
43444,0.0,172.217.160.0-255,361,361,44,260204
43445,1.3e-05,172.31.46.0-255,66,427,44,260204
43446,1.7e-05,172.217.160.0-255,1484,1911,44,260204
43447,2.2e-05,172.31.46.0-255,66,1977,44,260204
43448,2.9e-05,172.217.160.0-255,4320,6297,44,260204
43449,3.2e-05,172.31.46.0-255,66,6363,44,260204
43450,3.8e-05,172.217.160.0-255,5738,12101,44,260204
43451,4.1e-05,172.31.46.0-255,66,12167,44,260204
43452,6.4e-05,172.217.160.0-255,3160,15327,44,260204
43453,6.6e-05,172.31.46.0-255,66,15393,44,260204
43454,9.3e-05,172.31.46.0-255,66,15459,44,260204
43455,0.000113,172.217.160.0-255,6797,22256,44,260204
43456,0.000116,172.31.46.0-255,66,22322,44,260204
43457,0.000169,172.217.160.0-255,1484,23806,44,260204
43458,0.000172,172.31.46.0-255,66,23872,44,260204
43459,0.000188,172.217.160.0-255,2902,26774,44,260204
43460,0.000191,172.31.46.0-255,66,26840,44,260204
43461,0.000196,172.217.160.0-255,5738,32578,44,260204
43462,0.000198,172.31.46.0-255,66,32644,44,260204
43463,0.000226,172.31.46.0-255,66,32710,44,260204
43464,0.000239,172.217.160.0-255,3961,36671,44,260204
43465,0.000241,172.31.46.0-255,66,36737,44,260204
43466,0.000274,172.217.160.0-255,5738,42475,44,260204
43467,0.000276,172.31.46.0-255,66,42541,44,260204
43468,0.000295,172.217.160.0-255,4246,46787,44,260204
43469,0.000297,172.31.46.0-255,66,46853,44,260204
43470,0.000998,172.217.160.0-255,105,46958,44,260204
43471,0.001004,172.31.46.0-255,66,47024,44,260204
43472,0.001079,172.217.160.0-255,1484,48508,44,260204
43473,0.001083,172.31.46.0-255,66,48574,44,260204
43474,0.001086,172.217.160.0-255,1484,50058,44,260204
43475,0.001099,172.217.160.0-255,1484,51542,44,260204
43476,0.001101,172.31.46.0-255,66,51608,44,260204
43477,0.001109,172.217.160.0-255,5738,57346,44,260204
43478,0.00111,172.31.46.0-255,66,57412,44,260204
43479,0.001143,172.217.160.0-255,5738,63150,44,260204
43480,0.001146,172.31.46.0-255,66,63216,44,260204
43481,0.00116,172.217.160.0-255,1125,64341,44,260204
43482,0.001167,172.217.160.0-255,7156,71497,44,260204
43483,0.001169,172.31.46.0-255,66,71563,44,260204
43484,0.001182,172.217.160.0-255,2902,74465,44,260204
43485,0.001184,172.31.46.0-255,66,74531,44,260204
43486,0.001204,172.217.160.0-255,6797,81328,44,260204
43487,0.001207,172.31.46.0-255,66,81394,44,260204
43488,0.001343,172.217.160.0-255,1484,82878,44,260204
43489,0.001349,172.217.160.0-255,2902,85780,44,260204
43490,0.001352,172.31.46.0-255,66,85846,44,260204
43491,0.001377,172.217.160.0-255,5738,91584,44,260204
43492,0.001379,172.31.46.0-255,66,91650,44,260204
43493,0.001389,172.31.46.0-255,66,91716,44,260204
43494,0.001406,172.217.160.0-255,4320,96036,44,260204
43495,0.001408,172.31.46.0-255,66,96102,44,260204
43496,0.001418,172.31.46.0-255,66,96168,44,260204
43497,0.001467,172.217.160.0-255,2184,98352,44,260204
43498,0.001469,172.31.46.0-255,66,98418,44,260204
43499,0.001473,172.217.160.0-255,2902,101320,44,260204
43500,0.001475,172.31.46.0-255,66,101386,44,260204
43501,0.001481,172.217.160.0-255,7156,108542,44,260204
43502,0.001483,172.31.46.0-255,66,108608,44,260204
43503,0.001486,172.217.160.0-255,1484,110092,44,260204
43504,0.001515,172.31.46.0-255,66,110158,44,260204
43505,0.001546,172.217.160.0-255,6438,116596,44,260204
43506,0.001549,172.31.46.0-255,66,116662,44,260204
43507,0.001596,172.217.160.0-255,7156,123818,44,260204
43508,0.001599,172.31.46.0-255,66,123884,44,260204
43509,0.001604,172.217.160.0-255,5738,129622,44,260204
43510,0.001606,172.31.46.0-255,66,129688,44,260204
43511,0.001623,172.217.160.0-255,7156,136844,44,260204
43512,0.001626,172.31.46.0-255,66,136910,44,260204
43513,0.001643,172.217.160.0-255,7156,144066,44,260204
43514,0.001646,172.31.46.0-255,66,144132,44,260204
43515,0.001648,172.217.160.0-255,1484,145616,44,260204
43516,0.001671,172.217.160.0-255,5020,150636,44,260204
43517,0.001674,172.31.46.0-255,66,150702,44,260204
43518,0.001769,172.217.160.0-255,1484,152186,44,260204
43519,0.001775,172.217.160.0-255,2902,155088,44,260204
43520,0.001778,172.31.46.0-255,66,155154,44,260204
43521,0.001781,172.217.160.0-255,1484,156638,44,260204
43522,0.001797,172.217.160.0-255,4320,160958,44,260204
43523,0.001799,172.31.46.0-255,66,161024,44,260204
43524,0.001802,172.217.160.0-255,1484,162508,44,260204
43525,0.001837,172.31.46.0-255,66,162574,44,260204
43526,0.00184,172.217.160.0-255,1484,164058,44,260204
43527,0.001867,172.31.46.0-255,66,164124,44,260204
43528,0.002034,172.217.160.0-255,1484,165608,44,260204
43529,0.002038,172.217.160.0-255,2902,168510,44,260204
43530,0.002041,172.31.46.0-255,66,168576,44,260204
43531,0.002045,172.217.160.0-255,1484,170060,44,260204
43532,0.002063,172.217.160.0-255,4320,174380,44,260204
43533,0.002065,172.31.46.0-255,66,174446,44,260204
43534,0.002072,172.217.160.0-255,5738,180184,44,260204
43535,0.002074,172.31.46.0-255,66,180250,44,260204
43536,0.00211,172.217.160.0-255,7156,187406,44,260204
43537,0.002112,172.31.46.0-255,66,187472,44,260204
43538,0.002118,172.217.160.0-255,5738,193210,44,260204
43539,0.00212,172.31.46.0-255,66,193276,44,260204
43540,0.002125,172.217.160.0-255,5020,198296,44,260204
43541,0.002127,172.31.46.0-255,66,198362,44,260204
43542,0.002288,172.217.160.0-255,1484,199846,44,260204
43543,0.002294,172.217.160.0-255,2902,202748,44,260204
43544,0.002296,172.31.46.0-255,66,202814,44,260204
43545,0.002302,172.217.160.0-255,4320,207134,44,260204
43546,0.002303,172.31.46.0-255,66,207200,44,260204
43547,0.002316,172.217.160.0-255,1484,208684,44,260204
43548,0.002347,172.31.46.0-255,66,208750,44,260204
43549,0.002358,172.31.46.0-255,66,208816,44,260204
43550,0.002406,172.217.160.0-255,5738,214554,44,260204
43551,0.002409,172.31.46.0-255,66,214620,44,260204
43552,0.002441,172.31.46.0-255,66,214686,44,260204
43553,0.002498,172.31.46.0-255,66,214752,44,260204
43554,0.002511,172.217.160.0-255,1484,216236,44,260204
43555,0.002532,172.217.160.0-255,2902,219138,44,260204
43556,0.002534,172.31.46.0-255,66,219204,44,260204
43557,0.00254,172.217.160.0-255,4320,223524,44,260204
43558,0.002542,172.31.46.0-255,66,223590,44,260204
43559,0.002559,172.217.160.0-255,1484,225074,44,260204
43560,0.002565,172.217.160.0-255,5738,230812,44,260204
43561,0.002567,172.31.46.0-255,66,230878,44,260204
43562,0.002572,172.217.160.0-255,4320,235198,44,260204
43563,0.002574,172.31.46.0-255,66,235264,44,260204
43564,0.002588,172.217.160.0-255,1484,236748,44,260204
43565,0.002621,172.217.160.0-255,5738,242486,44,260204
43566,0.002624,172.31.46.0-255,66,242552,44,260204
43567,0.002649,172.217.160.0-255,6438,248990,44,260204
43568,0.002652,172.31.46.0-255,66,249056,44,260204
43569,0.002655,172.217.160.0-255,1484,250540,44,260204
43570,0.002689,172.31.46.0-255,66,250606,44,260204
43571,0.002698,172.31.46.0-255,66,250672,44,260204
43572,0.002731,172.217.160.0-255,105,250777,44,260204
43573,0.004216,172.31.46.0-255,66,250843,44,260204
43574,0.004249,172.31.46.0-255,105,250948,44,260204
43575,0.006128,172.217.160.0-255,66,251014,44,260204
43576,0.032708,172.31.46.0-255,172,251186,44,260204
43577,0.032741,172.31.46.0-255,1113,252299,44,260204
43578,0.032826,172.31.46.0-255,1514,253813,44,260204
43579,0.032828,172.31.46.0-255,1514,255327,44,260204
43580,0.032829,172.31.46.0-255,1514,256841,44,260204
43581,0.03283,172.31.46.0-255,1514,258355,44,260204
43582,0.032859,172.31.46.0-255,1514,259869,44,260204
43583,0.03286,172.31.46.0-255,71,259940,44,260204
43584,0.034231,104.244.42.0-255,66,260006,44,260204
43585,0.034284,104.244.42.0-255,66,260072,44,260204
43586,0.034396,104.244.42.0-255,66,260138,44,260204
43587,0.034407,104.244.42.0-255,66,260204,44,260204
43588,0.0,74.125.24.0-255,156,156,44,292080
43589,1.6e-05,172.31.46.0-255,66,222,44,292080
43590,2.3e-05,74.125.24.0-255,1484,1706,44,292080
43591,2.7e-05,172.31.46.0-255,66,1772,44,292080
43592,3e-05,74.125.24.0-255,1484,3256,44,292080
43593,3.4e-05,172.31.46.0-255,66,3322,44,292080
43594,4.2e-05,74.125.24.0-255,4320,7642,44,292080
43595,4.6e-05,172.31.46.0-255,66,7708,44,292080
43596,0.000106,172.31.46.0-255,66,7774,44,292080
43597,0.000111,74.125.24.0-255,2902,10676,44,292080
43598,0.000113,172.31.46.0-255,66,10742,44,292080
43599,0.000138,172.31.46.0-255,66,10808,44,292080
43600,0.000141,74.125.24.0-255,1125,11933,44,292080
43601,0.000143,172.31.46.0-255,66,11999,44,292080
43602,0.000332,74.125.24.0-255,1484,13483,44,292080
43603,0.000339,172.31.46.0-255,66,13549,44,292080
43604,0.000345,74.125.24.0-255,2902,16451,44,292080
43605,0.000348,172.31.46.0-255,66,16517,44,292080
43606,0.000372,74.125.24.0-255,5738,22255,44,292080
43607,0.000375,172.31.46.0-255,66,22321,44,292080
43608,0.00041,172.31.46.0-255,66,22387,44,292080
43609,0.000417,74.125.24.0-255,5738,28125,44,292080
43610,0.000421,172.31.46.0-255,66,28191,44,292080
43611,0.000447,74.125.24.0-255,5738,33929,44,292080
43612,0.00045,172.31.46.0-255,66,33995,44,292080
43613,0.000454,74.125.24.0-255,2184,36179,44,292080
43614,0.000456,172.31.46.0-255,66,36245,44,292080
43615,0.000584,74.125.24.0-255,363,36608,44,292080
43616,0.000588,172.31.46.0-255,66,36674,44,292080
43617,0.000607,74.125.24.0-255,126,36800,44,292080
43618,0.000695,74.125.24.0-255,1484,38284,44,292080
43619,0.000702,172.31.46.0-255,66,38350,44,292080
43620,0.000712,74.125.24.0-255,2902,41252,44,292080
43621,0.000715,172.31.46.0-255,66,41318,44,292080
43622,0.000727,74.125.24.0-255,1484,42802,44,292080
43623,0.000745,74.125.24.0-255,4320,47122,44,292080
43624,0.000748,172.31.46.0-255,66,47188,44,292080
43625,0.000751,74.125.24.0-255,1484,48672,44,292080
43626,0.000781,172.31.46.0-255,66,48738,44,292080
43627,0.00081,172.31.46.0-255,66,48804,44,292080
43628,0.000832,74.125.24.0-255,3602,52406,44,292080
43629,0.000835,172.31.46.0-255,66,52472,44,292080
43630,0.001362,74.125.24.0-255,1484,53956,44,292080
43631,0.00137,74.125.24.0-255,2902,56858,44,292080
43632,0.001373,172.31.46.0-255,66,56924,44,292080
43633,0.00138,74.125.24.0-255,5738,62662,44,292080
43634,0.001382,172.31.46.0-255,66,62728,44,292080
43635,0.001422,172.31.46.0-255,66,62794,44,292080
43636,0.001428,74.125.24.0-255,4320,67114,44,292080
43637,0.00143,172.31.46.0-255,66,67180,44,292080
43638,0.001456,74.125.24.0-255,2902,70082,44,292080
43639,0.001459,172.31.46.0-255,66,70148,44,292080
43640,0.00148,74.125.24.0-255,3602,73750,44,292080
43641,0.001483,172.31.46.0-255,66,73816,44,292080
43642,0.001575,74.125.24.0-255,1484,75300,44,292080
43643,0.001581,74.125.24.0-255,2902,78202,44,292080
43644,0.001584,172.31.46.0-255,66,78268,44,292080
43645,0.001591,74.125.24.0-255,5738,84006,44,292080
43646,0.001593,172.31.46.0-255,66,84072,44,292080
43647,0.001626,172.31.46.0-255,66,84138,44,292080
43648,0.001647,74.125.24.0-255,2902,87040,44,292080
43649,0.001649,172.31.46.0-255,66,87106,44,292080
43650,0.001662,172.31.46.0-255,66,87172,44,292080
43651,0.001668,74.125.24.0-255,2902,90074,44,292080
43652,0.001671,172.31.46.0-255,66,90140,44,292080
43653,0.001706,74.125.24.0-255,7156,97296,44,292080
43654,0.001749,172.31.46.0-255,66,97362,44,292080
43655,0.001752,172.31.46.0-255,66,97428,44,292080
43656,0.001764,74.125.24.0-255,2902,100330,44,292080
43657,0.001766,172.31.46.0-255,66,100396,44,292080
43658,0.001781,172.31.46.0-255,66,100462,44,292080
43659,0.001793,74.125.24.0-255,1484,101946,44,292080
43660,0.001797,74.125.24.0-255,2902,104848,44,292080
43661,0.001799,172.31.46.0-255,66,104914,44,292080
43662,0.001822,74.125.24.0-255,2902,107816,44,292080
43663,0.001824,172.31.46.0-255,66,107882,44,292080
43664,0.001848,74.125.24.0-255,5738,113620,44,292080
43665,0.00185,172.31.46.0-255,66,113686,44,292080
43666,0.001875,74.125.24.0-255,1484,115170,44,292080
43667,0.001889,172.31.46.0-255,66,115236,44,292080
43668,0.001924,74.125.24.0-255,4320,119556,44,292080
43669,0.001927,172.31.46.0-255,66,119622,44,292080
43670,0.001947,74.125.24.0-255,5020,124642,44,292080
43671,0.00195,172.31.46.0-255,66,124708,44,292080
43672,0.003981,74.125.24.0-255,5738,130446,44,292080
43673,0.003988,172.31.46.0-255,66,130512,44,292080
43674,0.006014,74.125.24.0-255,5738,136250,44,292080
43675,0.006021,172.31.46.0-255,66,136316,44,292080
43676,0.008073,74.125.24.0-255,5738,142054,44,292080
43677,0.008079,172.31.46.0-255,66,142120,44,292080
43678,0.010108,74.125.24.0-255,5738,147858,44,292080
43679,0.010115,172.31.46.0-255,66,147924,44,292080
43680,0.012165,74.125.24.0-255,5738,153662,44,292080
43681,0.012173,172.31.46.0-255,66,153728,44,292080
43682,0.014209,74.125.24.0-255,5738,159466,44,292080
43683,0.014216,172.31.46.0-255,66,159532,44,292080
43684,0.016288,74.125.24.0-255,5738,165270,44,292080
43685,0.016296,172.31.46.0-255,66,165336,44,292080
43686,0.018356,74.125.24.0-255,5738,171074,44,292080
43687,0.018365,172.31.46.0-255,66,171140,44,292080
43688,0.020443,74.125.24.0-255,5738,176878,44,292080
43689,0.020449,172.31.46.0-255,66,176944,44,292080
43690,0.022484,74.125.24.0-255,5738,182682,44,292080
43691,0.022491,172.31.46.0-255,66,182748,44,292080
43692,0.02451,74.125.24.0-255,5738,188486,44,292080
43693,0.024517,172.31.46.0-255,66,188552,44,292080
43694,0.026532,74.125.24.0-255,5738,194290,44,292080
43695,0.026539,172.31.46.0-255,66,194356,44,292080
43696,0.028576,74.125.24.0-255,5738,200094,44,292080
43697,0.028584,172.31.46.0-255,66,200160,44,292080
43698,0.030617,74.125.24.0-255,5738,205898,44,292080
43699,0.030624,172.31.46.0-255,66,205964,44,292080
43700,0.032678,74.125.24.0-255,5738,211702,44,292080
43701,0.032686,172.31.46.0-255,66,211768,44,292080
43702,0.034726,74.125.24.0-255,5738,217506,44,292080
43703,0.034734,172.31.46.0-255,66,217572,44,292080
43704,0.036769,74.125.24.0-255,5738,223310,44,292080
43705,0.036777,172.31.46.0-255,66,223376,44,292080
43706,0.038822,74.125.24.0-255,5738,229114,44,292080
43707,0.038831,172.31.46.0-255,66,229180,44,292080
43708,0.039255,172.31.46.0-255,172,229352,44,292080
43709,0.039288,172.31.46.0-255,1109,230461,44,292080
43710,0.03935,172.31.46.0-255,1514,231975,44,292080
43711,0.039352,172.31.46.0-255,1514,233489,44,292080
43712,0.039359,172.31.46.0-255,1514,235003,44,292080
43713,0.03936,172.31.46.0-255,1514,236517,44,292080
43714,0.039379,172.31.46.0-255,1514,238031,44,292080
43715,0.039384,172.31.46.0-255,77,238108,44,292080
43716,0.040803,104.244.42.0-255,66,238174,44,292080
43717,0.040852,74.125.24.0-255,5738,243912,44,292080
43718,0.040859,172.31.46.0-255,66,243978,44,292080
43719,0.040879,104.244.42.0-255,66,244044,44,292080
43720,0.040883,104.244.42.0-255,66,244110,44,292080
43721,0.040935,104.244.42.0-255,66,244176,44,292080
43722,0.041642,104.244.42.0-255,108,244284,44,292080
43723,0.041651,172.31.46.0-255,66,244350,44,292080
43724,0.042904,74.125.24.0-255,5738,250088,44,292080
43725,0.042912,172.31.46.0-255,66,250154,44,292080
43726,0.044957,74.125.24.0-255,5738,255892,44,292080
43727,0.044965,172.31.46.0-255,66,255958,44,292080
43728,0.047005,74.125.24.0-255,5738,261696,44,292080
43729,0.047012,172.31.46.0-255,66,261762,44,292080
43730,0.04908,74.125.24.0-255,5738,267500,44,292080
43731,0.049087,172.31.46.0-255,66,267566,44,292080
43732,0.051127,74.125.24.0-255,5738,273304,44,292080
43733,0.051135,172.31.46.0-255,66,273370,44,292080
43734,0.05318,74.125.24.0-255,5738,279108,44,292080
43735,0.053187,172.31.46.0-255,66,279174,44,292080
43736,0.055235,74.125.24.0-255,5738,284912,44,292080
43737,0.055242,172.31.46.0-255,66,284978,44,292080
43738,0.057297,74.125.24.0-255,5738,290716,44,292080
43739,0.057304,172.31.46.0-255,66,290782,44,292080
43740,0.059327,74.125.24.0-255,1061,291843,44,292080
43741,0.059462,172.31.46.0-255,66,291909,44,292080
43742,0.0595,172.31.46.0-255,105,292014,44,292080
43743,0.061521,74.125.24.0-255,66,292080,44,292080
43744,0.0,74.125.24.0-255,150,150,44,306162
43745,2.2e-05,172.31.46.0-255,66,216,44,306162
43746,2.9e-05,74.125.24.0-255,1484,1700,44,306162
43747,3.4e-05,172.31.46.0-255,66,1766,44,306162
43748,3.9e-05,74.125.24.0-255,2902,4668,44,306162
43749,4.3e-05,172.31.46.0-255,66,4734,44,306162
43750,5.1e-05,74.125.24.0-255,7156,11890,44,306162
43751,5.5e-05,172.31.46.0-255,66,11956,44,306162
43752,6.7e-05,172.31.46.0-255,66,12022,44,306162
43753,7.9e-05,172.31.46.0-255,66,12088,44,306162
43754,0.000163,74.125.24.0-255,1484,13572,44,306162
43755,0.000167,172.31.46.0-255,66,13638,44,306162
43756,0.000184,74.125.24.0-255,2902,16540,44,306162
43757,0.000187,172.31.46.0-255,66,16606,44,306162
43758,0.000193,74.125.24.0-255,4320,20926,44,306162
43759,0.000195,172.31.46.0-255,66,20992,44,306162
43760,0.000213,74.125.24.0-255,1484,22476,44,306162
43761,0.000215,172.31.46.0-255,66,22542,44,306162
43762,0.00022,74.125.24.0-255,4320,26862,44,306162
43763,0.000223,172.31.46.0-255,66,26928,44,306162
43764,0.000253,172.31.46.0-255,66,26994,44,306162
43765,0.000276,74.125.24.0-255,2543,29537,44,306162
43766,0.000278,172.31.46.0-255,66,29603,44,306162
43767,0.000286,74.125.24.0-255,7068,36671,44,306162
43768,0.000288,172.31.46.0-255,66,36737,44,306162
43769,0.000708,74.125.24.0-255,132,36869,44,306162
43770,0.000713,172.31.46.0-255,66,36935,44,306162
43771,0.000732,74.125.24.0-255,349,37284,44,306162
43772,0.000735,172.31.46.0-255,66,37350,44,306162
43773,0.001052,74.125.24.0-255,1484,38834,44,306162
43774,0.00106,74.125.24.0-255,2902,41736,44,306162
43775,0.001063,172.31.46.0-255,66,41802,44,306162
43776,0.001083,74.125.24.0-255,5738,47540,44,306162
43777,0.001086,172.31.46.0-255,66,47606,44,306162
43778,0.001104,74.125.24.0-255,5738,53344,44,306162
43779,0.001106,172.31.46.0-255,66,53410,44,306162
43780,0.001127,74.125.24.0-255,7156,60566,44,306162
43781,0.001129,172.31.46.0-255,66,60632,44,306162
43782,0.001141,172.31.46.0-255,66,60698,44,306162
43783,0.001165,74.125.24.0-255,2184,62882,44,306162
43784,0.001168,172.31.46.0-255,66,62948,44,306162
43785,0.002049,74.125.24.0-255,1484,64432,44,306162
43786,0.002058,74.125.24.0-255,2902,67334,44,306162
43787,0.002063,172.31.46.0-255,66,67400,44,306162
43788,0.00207,74.125.24.0-255,5738,73138,44,306162
43789,0.002072,172.31.46.0-255,66,73204,44,306162
43790,0.002077,74.125.24.0-255,4320,77524,44,306162
43791,0.002079,172.31.46.0-255,66,77590,44,306162
43792,0.002109,172.31.46.0-255,66,77656,44,306162
43793,0.002125,74.125.24.0-255,2902,80558,44,306162
43794,0.002127,172.31.46.0-255,66,80624,44,306162
43795,0.002145,74.125.24.0-255,5020,85644,44,306162
43796,0.002147,172.31.46.0-255,66,85710,44,306162
43797,0.002424,74.125.24.0-255,1484,87194,44,306162
43798,0.002429,74.125.24.0-255,2902,90096,44,306162
43799,0.002432,172.31.46.0-255,66,90162,44,306162
43800,0.002448,74.125.24.0-255,5738,95900,44,306162
43801,0.00245,172.31.46.0-255,66,95966,44,306162
43802,0.002474,74.125.24.0-255,4320,100286,44,306162
43803,0.002476,172.31.46.0-255,66,100352,44,306162
43804,0.002506,172.31.46.0-255,66,100418,44,306162
43805,0.002512,74.125.24.0-255,5738,106156,44,306162
43806,0.002514,172.31.46.0-255,66,106222,44,306162
43807,0.002579,172.31.46.0-255,66,106288,44,306162
43808,0.002591,172.31.46.0-255,66,106354,44,306162
43809,0.002622,172.31.46.0-255,66,106420,44,306162
43810,0.002644,74.125.24.0-255,1484,107904,44,306162
43811,0.005174,74.125.24.0-255,4320,112224,44,306162
43812,0.00518,172.31.46.0-255,66,112290,44,306162
43813,0.007771,74.125.24.0-255,5738,118028,44,306162
43814,0.007778,172.31.46.0-255,66,118094,44,306162
43815,0.010383,74.125.24.0-255,5738,123832,44,306162
43816,0.010396,172.31.46.0-255,66,123898,44,306162
43817,0.012974,74.125.24.0-255,5738,129636,44,306162
43818,0.012988,172.31.46.0-255,66,129702,44,306162
43819,0.015567,74.125.24.0-255,5738,135440,44,306162
43820,0.015583,172.31.46.0-255,66,135506,44,306162
43821,0.018134,74.125.24.0-255,5738,141244,44,306162
43822,0.018145,172.31.46.0-255,66,141310,44,306162
43823,0.020711,74.125.24.0-255,5738,147048,44,306162
43824,0.020723,172.31.46.0-255,66,147114,44,306162
43825,0.023304,74.125.24.0-255,4320,151434,44,306162
43826,0.023317,172.31.46.0-255,66,151500,44,306162
43827,0.023338,74.125.24.0-255,1484,152984,44,306162
43828,0.0259,74.125.24.0-255,4320,157304,44,306162
43829,0.025912,172.31.46.0-255,66,157370,44,306162
43830,0.028487,74.125.24.0-255,5738,163108,44,306162
43831,0.028501,172.31.46.0-255,66,163174,44,306162
43832,0.03107,74.125.24.0-255,5738,168912,44,306162
43833,0.031083,172.31.46.0-255,66,168978,44,306162
43834,0.033637,74.125.24.0-255,5738,174716,44,306162
43835,0.033648,172.31.46.0-255,66,174782,44,306162
43836,0.036228,74.125.24.0-255,5738,180520,44,306162
43837,0.036244,172.31.46.0-255,66,180586,44,306162
43838,0.038841,74.125.24.0-255,2902,183488,44,306162
43839,0.038849,172.31.46.0-255,66,183554,44,306162
43840,0.03887,74.125.24.0-255,2902,186456,44,306162
43841,0.038872,172.31.46.0-255,66,186522,44,306162
43842,0.039829,172.31.46.0-255,172,186694,44,306162
43843,0.039861,172.31.46.0-255,1115,187809,44,306162
43844,0.039926,172.31.46.0-255,1514,189323,44,306162
43845,0.039927,172.31.46.0-255,1514,190837,44,306162
43846,0.039929,172.31.46.0-255,1514,192351,44,306162
43847,0.03993,172.31.46.0-255,1514,193865,44,306162
43848,0.039957,172.31.46.0-255,1514,195379,44,306162
43849,0.039958,172.31.46.0-255,69,195448,44,306162
43850,0.0414,104.244.42.0-255,66,195514,44,306162
43851,0.041413,104.244.42.0-255,66,195580,44,306162
43852,0.041419,74.125.24.0-255,5738,201318,44,306162
43853,0.041426,172.31.46.0-255,66,201384,44,306162
43854,0.041509,104.244.42.0-255,66,201450,44,306162
43855,0.041515,104.244.42.0-255,66,201516,44,306162
43856,0.042128,104.244.42.0-255,108,201624,44,306162
43857,0.042138,172.31.46.0-255,66,201690,44,306162
43858,0.044008,74.125.24.0-255,5738,207428,44,306162
43859,0.044018,172.31.46.0-255,66,207494,44,306162
43860,0.046586,74.125.24.0-255,5738,213232,44,306162
43861,0.046601,172.31.46.0-255,66,213298,44,306162
43862,0.049171,74.125.24.0-255,5738,219036,44,306162
43863,0.049183,172.31.46.0-255,66,219102,44,306162
43864,0.051761,74.125.24.0-255,5738,224840,44,306162
43865,0.051778,172.31.46.0-255,66,224906,44,306162
43866,0.054353,74.125.24.0-255,5738,230644,44,306162
43867,0.054363,172.31.46.0-255,66,230710,44,306162
43868,0.056936,74.125.24.0-255,5738,236448,44,306162
43869,0.056944,172.31.46.0-255,66,236514,44,306162
43870,0.059508,74.125.24.0-255,5738,242252,44,306162
43871,0.059516,172.31.46.0-255,66,242318,44,306162
43872,0.062068,74.125.24.0-255,5738,248056,44,306162
43873,0.062078,172.31.46.0-255,66,248122,44,306162
43874,0.064651,74.125.24.0-255,5738,253860,44,306162
43875,0.06467,172.31.46.0-255,66,253926,44,306162
43876,0.067267,74.125.24.0-255,5738,259664,44,306162
43877,0.067285,172.31.46.0-255,66,259730,44,306162
43878,0.069861,74.125.24.0-255,5738,265468,44,306162
43879,0.069878,172.31.46.0-255,66,265534,44,306162
43880,0.072494,74.125.24.0-255,5738,271272,44,306162
43881,0.07251,172.31.46.0-255,66,271338,44,306162
43882,0.075079,74.125.24.0-255,5738,277076,44,306162
43883,0.07509,172.31.46.0-255,66,277142,44,306162
43884,0.077659,74.125.24.0-255,5738,282880,44,306162
43885,0.077667,172.31.46.0-255,66,282946,44,306162
43886,0.080266,74.125.24.0-255,5738,288684,44,306162
43887,0.080279,172.31.46.0-255,66,288750,44,306162
43888,0.08284,74.125.24.0-255,5738,294488,44,306162
43889,0.082851,172.31.46.0-255,66,294554,44,306162
43890,0.085431,74.125.24.0-255,5738,300292,44,306162
43891,0.085444,172.31.46.0-255,66,300358,44,306162
43892,0.088013,74.125.24.0-255,5738,306096,44,306162
43893,0.088026,172.31.46.0-255,66,306162,44,306162
43894,0.0,74.125.24.0-255,152,152,44,204431
43895,2.3e-05,172.31.46.0-255,66,218,44,204431
43896,3.1e-05,74.125.24.0-255,1484,1702,44,204431
43897,3.4e-05,172.31.46.0-255,66,1768,44,204431
43898,4e-05,74.125.24.0-255,2902,4670,44,204431
43899,4.4e-05,172.31.46.0-255,66,4736,44,204431
43900,5.2e-05,74.125.24.0-255,7156,11892,44,204431
43901,5.6e-05,172.31.46.0-255,66,11958,44,204431
43902,5.9e-05,74.125.24.0-255,1484,13442,44,204431
43903,6.2e-05,172.31.46.0-255,66,13508,44,204431
43904,7.5e-05,172.31.46.0-255,66,13574,44,204431
43905,0.000103,74.125.24.0-255,7156,20730,44,204431
43906,0.000106,172.31.46.0-255,66,20796,44,204431
43907,0.000142,74.125.24.0-255,7156,27952,44,204431
43908,0.000146,172.31.46.0-255,66,28018,44,204431
43909,0.000161,172.31.46.0-255,66,28084,44,204431
43910,0.00019,74.125.24.0-255,5738,33822,44,204431
43911,0.000192,172.31.46.0-255,66,33888,44,204431
43912,0.000212,74.125.24.0-255,4340,38228,44,204431
43913,0.000215,172.31.46.0-255,66,38294,44,204431
43914,0.000339,74.125.24.0-255,1484,39778,44,204431
43915,0.000343,172.31.46.0-255,66,39844,44,204431
43916,0.000349,74.125.24.0-255,2902,42746,44,204431
43917,0.000351,172.31.46.0-255,66,42812,44,204431
43918,0.000357,74.125.24.0-255,5738,48550,44,204431
43919,0.00036,172.31.46.0-255,66,48616,44,204431
43920,0.000393,172.31.46.0-255,66,48682,44,204431
43921,0.000404,172.31.46.0-255,66,48748,44,204431
43922,0.000444,74.125.24.0-255,2184,50932,44,204431
43923,0.000446,172.31.46.0-255,66,50998,44,204431
43924,0.000477,74.125.24.0-255,3165,54163,44,204431
43925,0.000479,172.31.46.0-255,66,54229,44,204431
43926,0.000484,74.125.24.0-255,2902,57131,44,204431
43927,0.000487,172.31.46.0-255,66,57197,44,204431
43928,0.000501,74.125.24.0-255,4320,61517,44,204431
43929,0.000504,172.31.46.0-255,66,61583,44,204431
43930,0.00051,74.125.24.0-255,5738,67321,44,204431
43931,0.000513,172.31.46.0-255,66,67387,44,204431
43932,0.000531,74.125.24.0-255,7156,74543,44,204431
43933,0.000533,172.31.46.0-255,66,74609,44,204431
43934,0.000548,74.125.24.0-255,5738,80347,44,204431
43935,0.00055,172.31.46.0-255,66,80413,44,204431
43936,0.000573,74.125.24.0-255,5020,85433,44,204431
43937,0.000575,172.31.46.0-255,66,85499,44,204431
43938,0.0006,172.31.46.0-255,66,85565,44,204431
43939,0.000622,74.125.24.0-255,2902,88467,44,204431
43940,0.000625,172.31.46.0-255,66,88533,44,204431
43941,0.000632,74.125.24.0-255,7156,95689,44,204431
43942,0.000634,172.31.46.0-255,66,95755,44,204431
43943,0.000655,74.125.24.0-255,1484,97239,44,204431
43944,0.000694,172.31.46.0-255,66,97305,44,204431
43945,0.00071,172.31.46.0-255,66,97371,44,204431
43946,0.000723,172.31.46.0-255,66,97437,44,204431
43947,0.000788,172.31.46.0-255,66,97503,44,204431
43948,0.00082,74.125.24.0-255,1484,98987,44,204431
43949,0.000838,74.125.24.0-255,2902,101889,44,204431
43950,0.000841,172.31.46.0-255,66,101955,44,204431
43951,0.000845,74.125.24.0-255,2902,104857,44,204431
43952,0.000847,172.31.46.0-255,66,104923,44,204431
43953,0.00086,74.125.24.0-255,2902,107825,44,204431
43954,0.000862,172.31.46.0-255,66,107891,44,204431
43955,0.000868,74.125.24.0-255,7156,115047,44,204431
43956,0.000871,172.31.46.0-255,66,115113,44,204431
43957,0.000886,74.125.24.0-255,1484,116597,44,204431
43958,0.000922,172.31.46.0-255,66,116663,44,204431
43959,0.000945,74.125.24.0-255,6438,123101,44,204431
43960,0.000948,172.31.46.0-255,66,123167,44,204431
43961,0.000965,74.125.24.0-255,1484,124651,44,204431
43962,0.000969,74.125.24.0-255,2902,127553,44,204431
43963,0.000971,172.31.46.0-255,66,127619,44,204431
43964,0.000984,74.125.24.0-255,5738,133357,44,204431
43965,0.001027,172.31.46.0-255,66,133423,44,204431
43966,0.00104,74.125.24.0-255,1484,134907,44,204431
43967,0.001066,74.125.24.0-255,2184,137091,44,204431
43968,0.001075,172.31.46.0-255,66,137157,44,204431
43969,0.001086,74.125.24.0-255,2902,140059,44,204431
43970,0.001091,74.125.24.0-255,2902,142961,44,204431
43971,0.001106,74.125.24.0-255,4320,147281,44,204431
43972,0.00112,172.31.46.0-255,66,147347,44,204431
43973,0.001176,172.31.46.0-255,66,147413,44,204431
43974,0.001225,74.125.24.0-255,1484,148897,44,204431
43975,0.001239,74.125.24.0-255,2902,151799,44,204431
43976,0.001257,74.125.24.0-255,5738,157537,44,204431
43977,0.001271,172.31.46.0-255,66,157603,44,204431
43978,0.001293,172.31.46.0-255,66,157669,44,204431
43979,0.001298,74.125.24.0-255,4320,161989,44,204431
43980,0.001333,172.31.46.0-255,66,162055,44,204431
43981,0.001343,74.125.24.0-255,1484,163539,44,204431
43982,0.001355,74.125.24.0-255,1484,165023,44,204431
43983,0.001366,74.125.24.0-255,1484,166507,44,204431
43984,0.001372,74.125.24.0-255,5738,172245,44,204431
43985,0.001389,172.31.46.0-255,66,172311,44,204431
43986,0.001405,172.31.46.0-255,66,172377,44,204431
43987,0.001445,74.125.24.0-255,7156,179533,44,204431
43988,0.00146,74.125.24.0-255,3602,183135,44,204431
43989,0.001472,74.125.24.0-255,1484,184619,44,204431
43990,0.001477,172.31.46.0-255,66,184685,44,204431
43991,0.001501,74.125.24.0-255,7156,191841,44,204431
43992,0.001553,74.125.24.0-255,3055,194896,44,204431
43993,0.001556,74.125.24.0-255,105,195001,44,204431
43994,0.00157,172.31.46.0-255,66,195067,44,204431
43995,0.003993,172.31.46.0-255,105,195172,44,204431
43996,0.006221,74.125.24.0-255,66,195238,44,204431
43997,0.039861,172.31.46.0-255,172,195410,44,204431
43998,0.039891,172.31.46.0-255,1114,196524,44,204431
43999,0.039959,172.31.46.0-255,1514,198038,44,204431
44000,0.039962,172.31.46.0-255,1514,199552,44,204431
44001,0.039967,172.31.46.0-255,1514,201066,44,204431
44002,0.039968,172.31.46.0-255,1514,202580,44,204431
44003,0.039986,172.31.46.0-255,1514,204094,44,204431
44004,0.039988,172.31.46.0-255,73,204167,44,204431
44005,0.041412,104.244.42.0-255,66,204233,44,204431
44006,0.04146,104.244.42.0-255,66,204299,44,204431
44007,0.041498,104.244.42.0-255,66,204365,44,204431
44008,0.041547,104.244.42.0-255,66,204431,44,204431
44009,0.0,74.125.24.0-255,153,153,44,325211
44010,1.6e-05,172.31.46.0-255,66,219,44,325211
44011,2.4e-05,74.125.24.0-255,1484,1703,44,325211
44012,2.8e-05,172.31.46.0-255,66,1769,44,325211
44013,3.5e-05,74.125.24.0-255,2902,4671,44,325211
44014,4.7e-05,172.31.46.0-255,66,4737,44,325211
44015,5e-05,74.125.24.0-255,1484,6221,44,325211
44016,5.2e-05,172.31.46.0-255,66,6287,44,325211
44017,5.7e-05,74.125.24.0-255,2902,9189,44,325211
44018,6e-05,172.31.46.0-255,66,9255,44,325211
44019,0.000105,74.125.24.0-255,1484,10739,44,325211
44020,0.000108,172.31.46.0-255,66,10805,44,325211
44021,0.000135,74.125.24.0-255,3464,14269,44,325211
44022,0.000138,172.31.46.0-255,66,14335,44,325211
44023,0.00016,74.125.24.0-255,1484,15819,44,325211
44024,0.000162,172.31.46.0-255,66,15885,44,325211
44025,0.000166,74.125.24.0-255,2902,18787,44,325211
44026,0.000169,172.31.46.0-255,66,18853,44,325211
44027,0.000198,74.125.24.0-255,5738,24591,44,325211
44028,0.000201,172.31.46.0-255,66,24657,44,325211
44029,0.000208,74.125.24.0-255,6797,31454,44,325211
44030,0.00021,172.31.46.0-255,66,31520,44,325211
44031,0.000234,74.125.24.0-255,1484,33004,44,325211
44032,0.000236,172.31.46.0-255,66,33070,44,325211
44033,0.000274,74.125.24.0-255,5738,38808,44,325211
44034,0.000276,172.31.46.0-255,66,38874,44,325211
44035,0.000282,74.125.24.0-255,4320,43194,44,325211
44036,0.000284,172.31.46.0-255,66,43260,44,325211
44037,0.000312,74.125.24.0-255,5379,48639,44,325211
44038,0.000315,172.31.46.0-255,66,48705,44,325211
44039,0.000348,74.125.24.0-255,1484,50189,44,325211
44040,0.000351,172.31.46.0-255,66,50255,44,325211
44041,0.000354,74.125.24.0-255,1484,51739,44,325211
44042,0.000375,74.125.24.0-255,1484,53223,44,325211
44043,0.000381,74.125.24.0-255,5738,58961,44,325211
44044,0.000396,74.125.24.0-255,1484,60445,44,325211
44045,0.000413,74.125.24.0-255,5379,65824,44,325211
44046,0.000434,74.125.24.0-255,676,66500,44,325211
44047,0.000547,172.31.46.0-255,66,66566,44,325211
44048,0.000687,74.125.24.0-255,1484,68050,44,325211
44049,0.000694,74.125.24.0-255,2902,70952,44,325211
44050,0.000713,74.125.24.0-255,5738,76690,44,325211
44051,0.000745,172.31.46.0-255,66,76756,44,325211
44052,0.000806,172.31.46.0-255,66,76822,44,325211
44053,0.000834,74.125.24.0-255,3602,80424,44,325211
44054,0.00085,172.31.46.0-255,66,80490,44,325211
44055,0.000928,74.125.24.0-255,1484,81974,44,325211
44056,0.000934,74.125.24.0-255,2902,84876,44,325211
44057,0.000952,74.125.24.0-255,5738,90614,44,325211
44058,0.000955,172.31.46.0-255,66,90680,44,325211
44059,0.00096,172.31.46.0-255,66,90746,44,325211
44060,0.000998,74.125.24.0-255,4320,95066,44,325211
44061,0.001005,172.31.46.0-255,66,95132,44,325211
44062,0.001029,74.125.24.0-255,7156,102288,44,325211
44063,0.001056,74.125.24.0-255,2184,104472,44,325211
44064,0.001061,74.125.24.0-255,2902,107374,44,325211
44065,0.001065,74.125.24.0-255,4320,111694,44,325211
44066,0.001079,172.31.46.0-255,66,111760,44,325211
44067,0.001086,74.125.24.0-255,5738,117498,44,325211
44068,0.001091,172.31.46.0-255,66,117564,44,325211
44069,0.001106,74.125.24.0-255,2902,120466,44,325211
44070,0.001145,172.31.46.0-255,66,120532,44,325211
44071,0.001172,74.125.24.0-255,5020,125552,44,325211
44072,0.001176,74.125.24.0-255,1484,127036,44,325211
44073,0.00118,74.125.24.0-255,2902,129938,44,325211
44074,0.001198,172.31.46.0-255,66,130004,44,325211
44075,0.001208,74.125.24.0-255,5738,135742,44,325211
44076,0.001212,74.125.24.0-255,1484,137226,44,325211
44077,0.001221,172.31.46.0-255,66,137292,44,325211
44078,0.001242,74.125.24.0-255,7156,144448,44,325211
44079,0.001272,74.125.24.0-255,5020,149468,44,325211
44080,0.001281,172.31.46.0-255,66,149534,44,325211
44081,0.001488,74.125.24.0-255,1484,151018,44,325211
44082,0.001495,74.125.24.0-255,2902,153920,44,325211
44083,0.001499,74.125.24.0-255,2902,156822,44,325211
44084,0.001505,172.31.46.0-255,66,156888,44,325211
44085,0.001524,74.125.24.0-255,2902,159790,44,325211
44086,0.001531,74.125.24.0-255,5738,165528,44,325211
44087,0.001535,74.125.24.0-255,2902,168430,44,325211
44088,0.001549,74.125.24.0-255,4320,172750,44,325211
44089,0.001559,172.31.46.0-255,66,172816,44,325211
44090,0.001606,172.31.46.0-255,66,172882,44,325211
44091,0.001703,74.125.24.0-255,1484,174366,44,325211
44092,0.001709,74.125.24.0-255,2902,177268,44,325211
44093,0.001713,74.125.24.0-255,2902,180170,44,325211
44094,0.001721,172.31.46.0-255,66,180236,44,325211
44095,0.001732,74.125.24.0-255,2902,183138,44,325211
44096,0.001735,74.125.24.0-255,1484,184622,44,325211
44097,0.001814,74.125.24.0-255,4320,188942,44,325211
44098,0.001844,172.31.46.0-255,66,189008,44,325211
44099,0.001869,74.125.24.0-255,1484,190492,44,325211
44100,0.001872,74.125.24.0-255,1484,191976,44,325211
44101,0.001892,74.125.24.0-255,1484,193460,44,325211
44102,0.001897,74.125.24.0-255,5738,199198,44,325211
44103,0.001901,172.31.46.0-255,66,199264,44,325211
44104,0.001916,74.125.24.0-255,7156,206420,44,325211
44105,0.001919,172.31.46.0-255,66,206486,44,325211
44106,0.001942,74.125.24.0-255,5738,212224,44,325211
44107,0.001955,74.125.24.0-255,766,212990,44,325211
44108,0.001975,172.31.46.0-255,66,213056,44,325211
44109,0.002003,74.125.24.0-255,1484,214540,44,325211
44110,0.003987,74.125.24.0-255,4320,218860,44,325211
44111,0.003994,172.31.46.0-255,66,218926,44,325211
44112,0.006013,74.125.24.0-255,5738,224664,44,325211
44113,0.009412,172.31.46.0-255,66,224730,44,325211
44114,0.011437,74.125.24.0-255,4320,229050,44,325211
44115,0.011445,172.31.46.0-255,66,229116,44,325211
44116,0.011469,74.125.24.0-255,1484,230600,44,325211
44117,0.013449,74.125.24.0-255,4320,234920,44,325211
44118,0.013456,172.31.46.0-255,66,234986,44,325211
44119,0.015451,74.125.24.0-255,5738,240724,44,325211
44120,0.015459,172.31.46.0-255,66,240790,44,325211
44121,0.017493,74.125.24.0-255,5738,246528,44,325211
44122,0.017506,172.31.46.0-255,66,246594,44,325211
44123,0.019516,74.125.24.0-255,5738,252332,44,325211
44124,0.019528,172.31.46.0-255,66,252398,44,325211
44125,0.021534,74.125.24.0-255,5738,258136,44,325211
44126,0.021544,172.31.46.0-255,66,258202,44,325211
44127,0.023595,74.125.24.0-255,4320,262522,44,325211
44128,0.023603,172.31.46.0-255,66,262588,44,325211
44129,0.023631,74.125.24.0-255,1484,264072,44,325211
44130,0.025607,74.125.24.0-255,4320,268392,44,325211
44131,0.025614,172.31.46.0-255,66,268458,44,325211
44132,0.027628,74.125.24.0-255,5738,274196,44,325211
44133,0.027636,172.31.46.0-255,66,274262,44,325211
44134,0.029639,74.125.24.0-255,5738,280000,44,325211
44135,0.029646,172.31.46.0-255,66,280066,44,325211
44136,0.030382,172.31.46.0-255,182,280248,44,325211
44137,0.030413,172.31.46.0-255,1123,281371,44,325211
44138,0.03048,172.31.46.0-255,1514,282885,44,325211
44139,0.030482,172.31.46.0-255,1514,284399,44,325211
44140,0.030483,172.31.46.0-255,1514,285913,44,325211
44141,0.030484,172.31.46.0-255,1514,287427,44,325211
44142,0.030485,172.31.46.0-255,549,287976,44,325211
44143,0.031639,74.125.24.0-255,5738,293714,44,325211
44144,0.031645,172.31.46.0-255,66,293780,44,325211
44145,0.031942,104.244.42.0-255,66,293846,44,325211
44146,0.032038,104.244.42.0-255,66,293912,44,325211
44147,0.032093,104.244.42.0-255,66,293978,44,325211
44148,0.032118,104.244.42.0-255,66,294044,44,325211
44149,0.033669,74.125.24.0-255,5738,299782,44,325211
44150,0.033674,172.31.46.0-255,66,299848,44,325211
44151,0.035663,74.125.24.0-255,5738,305586,44,325211
44152,0.03567,172.31.46.0-255,66,305652,44,325211
44153,0.037701,74.125.24.0-255,5738,311390,44,325211
44154,0.037707,172.31.46.0-255,66,311456,44,325211
44155,0.039725,74.125.24.0-255,5738,317194,44,325211
44156,0.039732,172.31.46.0-255,66,317260,44,325211
44157,0.041723,74.125.24.0-255,5738,322998,44,325211
44158,0.041729,172.31.46.0-255,66,323064,44,325211
44159,0.043728,74.125.24.0-255,1910,324974,44,325211
44160,0.043735,172.31.46.0-255,66,325040,44,325211
44161,0.043893,172.31.46.0-255,105,325145,44,325211
44162,0.045857,74.125.24.0-255,66,325211,44,325211
44163,0.0,172.217.27.0-255,153,153,44,283714
44164,1.2e-05,172.31.46.0-255,66,219,44,283714
44165,1.8e-05,172.217.27.0-255,1484,1703,44,283714
44166,2.2e-05,172.31.46.0-255,66,1769,44,283714
44167,4.7e-05,172.217.27.0-255,2902,4671,44,283714
44168,5e-05,172.31.46.0-255,66,4737,44,283714
44169,6.2e-05,172.217.27.0-255,5738,10475,44,283714
44170,6.5e-05,172.31.46.0-255,66,10541,44,283714
44171,0.000113,172.217.27.0-255,3357,13898,44,283714
44172,0.000116,172.31.46.0-255,66,13964,44,283714
44173,0.000405,172.217.27.0-255,1484,15448,44,283714
44174,0.00041,172.217.27.0-255,2902,18350,44,283714
44175,0.000413,172.217.27.0-255,1484,19834,44,283714
44176,0.000424,172.31.46.0-255,66,19900,44,283714
44177,0.000428,172.31.46.0-255,66,19966,44,283714
44178,0.000431,172.31.46.0-255,66,20032,44,283714
44179,0.000438,172.217.27.0-255,4320,24352,44,283714
44180,0.000446,172.31.46.0-255,66,24418,44,283714
44181,0.000454,172.217.27.0-255,6797,31215,44,283714
44182,0.000457,172.31.46.0-255,66,31281,44,283714
44183,0.000751,172.217.27.0-255,1484,32765,44,283714
44184,0.000756,172.31.46.0-255,66,32831,44,283714
44185,0.000764,172.217.27.0-255,2902,35733,44,283714
44186,0.000766,172.31.46.0-255,66,35799,44,283714
44187,0.000778,172.217.27.0-255,4320,40119,44,283714
44188,0.00078,172.31.46.0-255,66,40185,44,283714
44189,0.000784,172.217.27.0-255,1484,41669,44,283714
44190,0.000786,172.31.46.0-255,66,41735,44,283714
44191,0.000831,172.31.46.0-255,66,41801,44,283714
44192,0.000835,172.217.27.0-255,1484,43285,44,283714
44193,0.000837,172.31.46.0-255,66,43351,44,283714
44194,0.000841,172.217.27.0-255,2902,46253,44,283714
44195,0.000843,172.31.46.0-255,66,46319,44,283714
44196,0.00085,172.217.27.0-255,5738,52057,44,283714
44197,0.000852,172.31.46.0-255,66,52123,44,283714
44198,0.000858,172.217.27.0-255,5379,57502,44,283714
44199,0.00086,172.31.46.0-255,66,57568,44,283714
44200,0.001168,172.217.27.0-255,394,57962,44,283714
44201,0.001253,172.217.27.0-255,349,58311,44,283714
44202,0.001398,172.217.27.0-255,1484,59795,44,283714
44203,0.001405,172.31.46.0-255,66,59861,44,283714
44204,0.001412,172.217.27.0-255,2902,62763,44,283714
44205,0.001415,172.31.46.0-255,66,62829,44,283714
44206,0.001424,172.217.27.0-255,2902,65731,44,283714
44207,0.001426,172.31.46.0-255,66,65797,44,283714
44208,0.001432,172.217.27.0-255,4320,70117,44,283714
44209,0.001434,172.31.46.0-255,66,70183,44,283714
44210,0.001491,172.217.27.0-255,5379,75562,44,283714
44211,0.001495,172.31.46.0-255,66,75628,44,283714
44212,0.001501,172.217.27.0-255,4320,79948,44,283714
44213,0.001503,172.31.46.0-255,66,80014,44,283714
44214,0.001526,172.217.27.0-255,1484,81498,44,283714
44215,0.001538,172.217.27.0-255,7156,88654,44,283714
44216,0.001541,172.31.46.0-255,66,88720,44,283714
44217,0.001547,172.217.27.0-255,3961,92681,44,283714
44218,0.001549,172.31.46.0-255,66,92747,44,283714
44219,0.002658,172.217.27.0-255,1484,94231,44,283714
44220,0.002665,172.217.27.0-255,2902,97133,44,283714
44221,0.002669,172.31.46.0-255,66,97199,44,283714
44222,0.002674,172.217.27.0-255,2902,100101,44,283714
44223,0.002676,172.31.46.0-255,66,100167,44,283714
44224,0.002715,172.217.27.0-255,2902,103069,44,283714
44225,0.002718,172.31.46.0-255,66,103135,44,283714
44226,0.002729,172.31.46.0-255,66,103201,44,283714
44227,0.002746,172.31.46.0-255,66,103267,44,283714
44228,0.002752,172.217.27.0-255,5020,108287,44,283714
44229,0.002755,172.31.46.0-255,66,108353,44,283714
44230,0.002983,172.217.27.0-255,1484,109837,44,283714
44231,0.003002,172.217.27.0-255,2902,112739,44,283714
44232,0.003007,172.31.46.0-255,66,112805,44,283714
44233,0.003012,172.217.27.0-255,1484,114289,44,283714
44234,0.003017,172.217.27.0-255,2902,117191,44,283714
44235,0.003019,172.31.46.0-255,66,117257,44,283714
44236,0.00305,172.217.27.0-255,2902,120159,44,283714
44237,0.003053,172.31.46.0-255,66,120225,44,283714
44238,0.003061,172.217.27.0-255,7156,127381,44,283714
44239,0.003064,172.31.46.0-255,66,127447,44,283714
44240,0.003096,172.217.27.0-255,5738,133185,44,283714
44241,0.003099,172.31.46.0-255,66,133251,44,283714
44242,0.003109,172.31.46.0-255,66,133317,44,283714
44243,0.003116,172.217.27.0-255,766,134083,44,283714
44244,0.003391,172.217.27.0-255,1484,135567,44,283714
44245,0.003396,172.31.46.0-255,66,135633,44,283714
44246,0.003403,172.217.27.0-255,2902,138535,44,283714
44247,0.003405,172.31.46.0-255,66,138601,44,283714
44248,0.003412,172.217.27.0-255,1484,140085,44,283714
44249,0.003417,172.217.27.0-255,2902,142987,44,283714
44250,0.003419,172.31.46.0-255,66,143053,44,283714
44251,0.003452,172.217.27.0-255,5738,148791,44,283714
44252,0.003455,172.31.46.0-255,66,148857,44,283714
44253,0.003461,172.217.27.0-255,4320,153177,44,283714
44254,0.003463,172.31.46.0-255,66,153243,44,283714
44255,0.003491,172.217.27.0-255,7156,160399,44,283714
44256,0.003493,172.31.46.0-255,66,160465,44,283714
44257,0.003528,172.31.46.0-255,66,160531,44,283714
44258,0.003584,172.217.27.0-255,1484,162015,44,283714
44259,0.00361,172.217.27.0-255,1484,163499,44,283714
44260,0.003613,172.31.46.0-255,66,163565,44,283714
44261,0.003639,172.217.27.0-255,2902,166467,44,283714
44262,0.003642,172.31.46.0-255,66,166533,44,283714
44263,0.003648,172.217.27.0-255,5738,172271,44,283714
44264,0.003651,172.31.46.0-255,66,172337,44,283714
44265,0.003712,172.31.46.0-255,66,172403,44,283714
44266,0.003725,172.31.46.0-255,66,172469,44,283714
44267,0.00373,172.217.27.0-255,3602,176071,44,283714
44268,0.003732,172.31.46.0-255,66,176137,44,283714
44269,0.00421,172.217.27.0-255,1484,177621,44,283714
44270,0.004217,172.217.27.0-255,2902,180523,44,283714
44271,0.004221,172.31.46.0-255,66,180589,44,283714
44272,0.004258,172.217.27.0-255,5738,186327,44,283714
44273,0.004261,172.31.46.0-255,66,186393,44,283714
44274,0.004287,172.31.46.0-255,66,186459,44,283714
44275,0.004298,172.31.46.0-255,66,186525,44,283714
44276,0.004302,172.217.27.0-255,766,187291,44,283714
44277,0.004441,172.217.27.0-255,1484,188775,44,283714
44278,0.004445,172.31.46.0-255,66,188841,44,283714
44279,0.00445,172.217.27.0-255,2902,191743,44,283714
44280,0.004452,172.31.46.0-255,66,191809,44,283714
44281,0.004455,172.217.27.0-255,1484,193293,44,283714
44282,0.004488,172.217.27.0-255,4320,197613,44,283714
44283,0.00449,172.31.46.0-255,66,197679,44,283714
44284,0.004498,172.217.27.0-255,7156,204835,44,283714
44285,0.0045,172.31.46.0-255,66,204901,44,283714
44286,0.00451,172.217.27.0-255,5738,210639,44,283714
44287,0.004512,172.31.46.0-255,66,210705,44,283714
44288,0.004543,172.217.27.0-255,2902,213607,44,283714
44289,0.004546,172.31.46.0-255,66,213673,44,283714
44290,0.004562,172.31.46.0-255,66,213739,44,283714
44291,0.0046,172.217.27.0-255,1484,215223,44,283714
44292,0.004605,172.217.27.0-255,2902,218125,44,283714
44293,0.004608,172.31.46.0-255,66,218191,44,283714
44294,0.004642,172.217.27.0-255,5738,223929,44,283714
44295,0.004646,172.31.46.0-255,66,223995,44,283714
44296,0.004651,172.217.27.0-255,4320,228315,44,283714
44297,0.004653,172.31.46.0-255,66,228381,44,283714
44298,0.004664,172.217.27.0-255,5738,234119,44,283714
44299,0.004667,172.31.46.0-255,66,234185,44,283714
44300,0.00467,172.217.27.0-255,1484,235669,44,283714
44301,0.004674,172.217.27.0-255,2902,238571,44,283714
44302,0.004677,172.31.46.0-255,66,238637,44,283714
44303,0.004682,172.217.27.0-255,4320,242957,44,283714
44304,0.004685,172.31.46.0-255,66,243023,44,283714
44305,0.004716,172.217.27.0-255,2902,245925,44,283714
44306,0.004719,172.31.46.0-255,66,245991,44,283714
44307,0.004723,172.217.27.0-255,2184,248175,44,283714
44308,0.004726,172.31.46.0-255,66,248241,44,283714
44309,0.004773,172.217.27.0-255,1484,249725,44,283714
44310,0.004791,172.217.27.0-255,2902,252627,44,283714
44311,0.004794,172.31.46.0-255,66,252693,44,283714
44312,0.0048,172.217.27.0-255,2902,255595,44,283714
44313,0.004802,172.31.46.0-255,66,255661,44,283714
44314,0.004824,172.217.27.0-255,2902,258563,44,283714
44315,0.004827,172.31.46.0-255,66,258629,44,283714
44316,0.004843,172.31.46.0-255,66,258695,44,283714
44317,0.004865,172.217.27.0-255,2902,261597,44,283714
44318,0.004871,172.31.46.0-255,66,261663,44,283714
44319,0.004884,172.31.46.0-255,66,261729,44,283714
44320,0.004919,172.217.27.0-255,4320,266049,44,283714
44321,0.004922,172.31.46.0-255,66,266115,44,283714
44322,0.004928,172.217.27.0-255,5738,271853,44,283714
44323,0.00493,172.31.46.0-255,66,271919,44,283714
44324,0.004965,172.31.46.0-255,66,271985,44,283714
44325,0.004999,172.217.27.0-255,1957,273942,44,283714
44326,0.005002,172.31.46.0-255,66,274008,44,283714
44327,0.005025,172.217.27.0-255,105,274113,44,283714
44328,0.010504,172.31.46.0-255,66,274179,44,283714
44329,0.010544,172.31.46.0-255,105,274284,44,283714
44330,0.012169,172.217.27.0-255,66,274350,44,283714
44331,0.035891,172.31.46.0-255,172,274522,44,283714
44332,0.035925,172.31.46.0-255,1109,275631,44,283714
44333,0.036013,172.31.46.0-255,1514,277145,44,283714
44334,0.036015,172.31.46.0-255,1514,278659,44,283714
44335,0.03602,172.31.46.0-255,1514,280173,44,283714
44336,0.036021,172.31.46.0-255,1514,281687,44,283714
44337,0.03604,172.31.46.0-255,1514,283201,44,283714
44338,0.036041,172.31.46.0-255,75,283276,44,283714
44339,0.037435,104.244.42.0-255,66,283342,44,283714
44340,0.037483,104.244.42.0-255,66,283408,44,283714
44341,0.037585,104.244.42.0-255,66,283474,44,283714
44342,0.037593,104.244.42.0-255,66,283540,44,283714
44343,0.038276,104.244.42.0-255,108,283648,44,283714
44344,0.038286,172.31.46.0-255,66,283714,44,283714
44345,0.0,172.217.194.0-255,153,153,44,339780
44346,2.2e-05,172.31.46.0-255,66,219,44,339780
44347,2.9e-05,172.217.194.0-255,1484,1703,44,339780
44348,3.3e-05,172.31.46.0-255,66,1769,44,339780
44349,4.7e-05,172.217.194.0-255,2902,4671,44,339780
44350,5e-05,172.31.46.0-255,66,4737,44,339780
44351,5.8e-05,172.217.194.0-255,7156,11893,44,339780
44352,6.1e-05,172.31.46.0-255,66,11959,44,339780
44353,6.6e-05,172.217.194.0-255,3560,15519,44,339780
44354,6.9e-05,172.31.46.0-255,66,15585,44,339780
44355,7.7e-05,172.217.194.0-255,7156,22741,44,339780
44356,8e-05,172.31.46.0-255,66,22807,44,339780
44357,0.000116,172.217.194.0-255,5738,28545,44,339780
44358,0.00012,172.31.46.0-255,66,28611,44,339780
44359,0.000124,172.217.194.0-255,2543,31154,44,339780
44360,0.000126,172.31.46.0-255,66,31220,44,339780
44361,0.000184,172.217.194.0-255,1484,32704,44,339780
44362,0.000187,172.31.46.0-255,66,32770,44,339780
44363,0.0002,172.217.194.0-255,2902,35672,44,339780
44364,0.000207,172.31.46.0-255,66,35738,44,339780
44365,0.000221,172.217.194.0-255,5738,41476,44,339780
44366,0.000227,172.31.46.0-255,66,41542,44,339780
44367,0.000256,172.31.46.0-255,66,41608,44,339780
44368,0.000293,172.31.46.0-255,66,41674,44,339780
44369,0.000322,172.217.194.0-255,3602,45276,44,339780
44370,0.000324,172.31.46.0-255,66,45342,44,339780
44371,0.000348,172.217.194.0-255,709,46051,44,339780
44372,0.00035,172.31.46.0-255,66,46117,44,339780
44373,0.000501,172.217.194.0-255,1484,47601,44,339780
44374,0.000507,172.31.46.0-255,66,47667,44,339780
44375,0.000513,172.217.194.0-255,2902,50569,44,339780
44376,0.000515,172.31.46.0-255,66,50635,44,339780
44377,0.000538,172.217.194.0-255,5738,56373,44,339780
44378,0.000544,172.31.46.0-255,66,56439,44,339780
44379,0.000574,172.217.194.0-255,5738,62177,44,339780
44380,0.000576,172.31.46.0-255,66,62243,44,339780
44381,0.000611,172.217.194.0-255,7156,69399,44,339780
44382,0.000614,172.31.46.0-255,66,69465,44,339780
44383,0.000624,172.31.46.0-255,66,69531,44,339780
44384,0.000629,172.217.194.0-255,2184,71715,44,339780
44385,0.000631,172.31.46.0-255,66,71781,44,339780
44386,0.002125,172.217.194.0-255,1484,73265,44,339780
44387,0.002149,172.217.194.0-255,2902,76167,44,339780
44388,0.002153,172.31.46.0-255,66,76233,44,339780
44389,0.002183,172.217.194.0-255,5738,81971,44,339780
44390,0.002185,172.31.46.0-255,66,82037,44,339780
44391,0.002189,172.217.194.0-255,2902,84939,44,339780
44392,0.002191,172.31.46.0-255,66,85005,44,339780
44393,0.002212,172.217.194.0-255,5738,90743,44,339780
44394,0.002217,172.31.46.0-255,66,90809,44,339780
44395,0.002251,172.217.194.0-255,5738,96547,44,339780
44396,0.002253,172.31.46.0-255,66,96613,44,339780
44397,0.002286,172.31.46.0-255,66,96679,44,339780
44398,0.002289,172.217.194.0-255,1484,98163,44,339780
44399,0.00231,172.217.194.0-255,2902,101065,44,339780
44400,0.002311,172.31.46.0-255,66,101131,44,339780
44401,0.002314,172.217.194.0-255,1484,102615,44,339780
44402,0.002338,172.217.194.0-255,4320,106935,44,339780
44403,0.00234,172.31.46.0-255,66,107001,44,339780
44404,0.002345,172.217.194.0-255,4320,111321,44,339780
44405,0.002347,172.31.46.0-255,66,111387,44,339780
44406,0.002369,172.217.194.0-255,4320,115707,44,339780
44407,0.002371,172.31.46.0-255,66,115773,44,339780
44408,0.004661,172.217.194.0-255,1484,117257,44,339780
44409,0.004674,172.217.194.0-255,4320,121577,44,339780
44410,0.004677,172.31.46.0-255,66,121643,44,339780
44411,0.007007,172.217.194.0-255,5738,127381,44,339780
44412,0.007013,172.31.46.0-255,66,127447,44,339780
44413,0.009382,172.217.194.0-255,5738,133185,44,339780
44414,0.009389,172.31.46.0-255,66,133251,44,339780
44415,0.011728,172.217.194.0-255,5738,138989,44,339780
44416,0.011737,172.31.46.0-255,66,139055,44,339780
44417,0.014062,172.217.194.0-255,5738,144793,44,339780
44418,0.014071,172.31.46.0-255,66,144859,44,339780
44419,0.016412,172.217.194.0-255,5738,150597,44,339780
44420,0.01642,172.31.46.0-255,66,150663,44,339780
44421,0.018755,172.217.194.0-255,5738,156401,44,339780
44422,0.018762,172.31.46.0-255,66,156467,44,339780
44423,0.0211,172.217.194.0-255,5738,162205,44,339780
44424,0.021107,172.31.46.0-255,66,162271,44,339780
44425,0.023434,172.217.194.0-255,5738,168009,44,339780
44426,0.023441,172.31.46.0-255,66,168075,44,339780
44427,0.02576,172.217.194.0-255,5738,173813,44,339780
44428,0.025766,172.31.46.0-255,66,173879,44,339780
44429,0.028109,172.217.194.0-255,5738,179617,44,339780
44430,0.028115,172.31.46.0-255,66,179683,44,339780
44431,0.03044,172.217.194.0-255,5738,185421,44,339780
44432,0.030448,172.31.46.0-255,66,185487,44,339780
44433,0.032828,172.217.194.0-255,5738,191225,44,339780
44434,0.032842,172.31.46.0-255,66,191291,44,339780
44435,0.034901,172.31.46.0-255,172,191463,44,339780
44436,0.034929,172.31.46.0-255,1114,192577,44,339780
44437,0.034986,172.31.46.0-255,1514,194091,44,339780
44438,0.034987,172.31.46.0-255,1514,195605,44,339780
44439,0.034992,172.31.46.0-255,1514,197119,44,339780
44440,0.034993,172.31.46.0-255,1514,198633,44,339780
44441,0.035009,172.31.46.0-255,1514,200147,44,339780
44442,0.03501,172.31.46.0-255,73,200220,44,339780
44443,0.035175,172.217.194.0-255,5738,205958,44,339780
44444,0.035181,172.31.46.0-255,66,206024,44,339780
44445,0.036366,104.244.42.0-255,66,206090,44,339780
44446,0.036395,104.244.42.0-255,66,206156,44,339780
44447,0.036485,104.244.42.0-255,66,206222,44,339780
44448,0.036491,104.244.42.0-255,66,206288,44,339780
44449,0.037522,172.217.194.0-255,5738,212026,44,339780
44450,0.037529,172.31.46.0-255,66,212092,44,339780
44451,0.039876,172.217.194.0-255,5738,217830,44,339780
44452,0.039882,172.31.46.0-255,66,217896,44,339780
44453,0.04219,172.217.194.0-255,5738,223634,44,339780
44454,0.0422,172.31.46.0-255,66,223700,44,339780
44455,0.044526,172.217.194.0-255,5738,229438,44,339780
44456,0.044534,172.31.46.0-255,66,229504,44,339780
44457,0.046872,172.217.194.0-255,5738,235242,44,339780
44458,0.046879,172.31.46.0-255,66,235308,44,339780
44459,0.049256,172.217.194.0-255,5738,241046,44,339780
44460,0.049263,172.31.46.0-255,66,241112,44,339780
44461,0.051601,172.217.194.0-255,5738,246850,44,339780
44462,0.051608,172.31.46.0-255,66,246916,44,339780
44463,0.053952,172.217.194.0-255,5738,252654,44,339780
44464,0.053959,172.31.46.0-255,66,252720,44,339780
44465,0.056302,172.217.194.0-255,5738,258458,44,339780
44466,0.056309,172.31.46.0-255,66,258524,44,339780
44467,0.058636,172.217.194.0-255,5738,264262,44,339780
44468,0.058643,172.31.46.0-255,66,264328,44,339780
44469,0.060959,172.217.194.0-255,5738,270066,44,339780
44470,0.060966,172.31.46.0-255,66,270132,44,339780
44471,0.06331,172.217.194.0-255,5738,275870,44,339780
44472,0.063318,172.31.46.0-255,66,275936,44,339780
44473,0.065652,172.217.194.0-255,5738,281674,44,339780
44474,0.065659,172.31.46.0-255,66,281740,44,339780
44475,0.067984,172.217.194.0-255,5738,287478,44,339780
44476,0.067991,172.31.46.0-255,66,287544,44,339780
44477,0.070323,172.217.194.0-255,5738,293282,44,339780
44478,0.07033,172.31.46.0-255,66,293348,44,339780
44479,0.072636,172.217.194.0-255,5738,299086,44,339780
44480,0.072642,172.31.46.0-255,66,299152,44,339780
44481,0.074962,172.217.194.0-255,5738,304890,44,339780
44482,0.074967,172.31.46.0-255,66,304956,44,339780
44483,0.077295,172.217.194.0-255,5738,310694,44,339780
44484,0.0773,172.31.46.0-255,66,310760,44,339780
44485,0.079634,172.217.194.0-255,5738,316498,44,339780
44486,0.079641,172.31.46.0-255,66,316564,44,339780
44487,0.081969,172.217.194.0-255,5738,322302,44,339780
44488,0.081975,172.31.46.0-255,66,322368,44,339780
44489,0.084298,172.217.194.0-255,5738,328106,44,339780
44490,0.084305,172.31.46.0-255,66,328172,44,339780
44491,0.086623,172.217.194.0-255,5738,333910,44,339780
44492,0.08663,172.31.46.0-255,66,333976,44,339780
44493,0.088953,172.217.194.0-255,5738,339714,44,339780
44494,0.08896,172.31.46.0-255,66,339780,44,339780
44495,0.0,74.125.130.0-255,152,152,44,381421
44496,1.9e-05,172.31.46.0-255,66,218,44,381421
44497,2.7e-05,74.125.130.0-255,1484,1702,44,381421
44498,3.2e-05,172.31.46.0-255,66,1768,44,381421
44499,3.8e-05,74.125.130.0-255,2902,4670,44,381421
44500,4.1e-05,172.31.46.0-255,66,4736,44,381421
44501,4.4e-05,74.125.130.0-255,1484,6220,44,381421
44502,4.7e-05,172.31.46.0-255,66,6286,44,381421
44503,6.9e-05,74.125.130.0-255,4320,10606,44,381421
44504,7.2e-05,172.31.46.0-255,66,10672,44,381421
44505,7.7e-05,74.125.130.0-255,2902,13574,44,381421
44506,7.9e-05,172.31.46.0-255,66,13640,44,381421
44507,0.000103,74.125.130.0-255,3497,17137,44,381421
44508,0.000107,172.31.46.0-255,66,17203,44,381421
44509,0.000124,74.125.130.0-255,1484,18687,44,381421
44510,0.000126,172.31.46.0-255,66,18753,44,381421
44511,0.000152,74.125.130.0-255,7156,25909,44,381421
44512,0.000155,172.31.46.0-255,66,25975,44,381421
44513,0.000214,74.125.130.0-255,5379,31354,44,381421
44514,0.000217,172.31.46.0-255,66,31420,44,381421
44515,0.000311,74.125.130.0-255,1484,32904,44,381421
44516,0.000315,172.31.46.0-255,66,32970,44,381421
44517,0.000321,74.125.130.0-255,2902,35872,44,381421
44518,0.000324,172.31.46.0-255,66,35938,44,381421
44519,0.000347,74.125.130.0-255,4320,40258,44,381421
44520,0.00035,172.31.46.0-255,66,40324,44,381421
44521,0.000365,74.125.130.0-255,1484,41808,44,381421
44522,0.000367,172.31.46.0-255,66,41874,44,381421
44523,0.000394,74.125.130.0-255,6797,48671,44,381421
44524,0.000397,172.31.46.0-255,66,48737,44,381421
44525,0.000436,172.31.46.0-255,66,48803,44,381421
44526,0.000496,74.125.130.0-255,4320,53123,44,381421
44527,0.000499,172.31.46.0-255,66,53189,44,381421
44528,0.000519,74.125.130.0-255,4217,57406,44,381421
44529,0.000522,172.31.46.0-255,66,57472,44,381421
44530,0.000542,74.125.130.0-255,429,57901,44,381421
44531,0.000827,74.125.130.0-255,1484,59385,44,381421
44532,0.000832,172.31.46.0-255,66,59451,44,381421
44533,0.000838,74.125.130.0-255,2902,62353,44,381421
44534,0.00084,172.31.46.0-255,66,62419,44,381421
44535,0.000859,74.125.130.0-255,4320,66739,44,381421
44536,0.000862,172.31.46.0-255,66,66805,44,381421
44537,0.000881,74.125.130.0-255,2902,69707,44,381421
44538,0.000883,172.31.46.0-255,66,69773,44,381421
44539,0.000907,74.125.130.0-255,2902,72675,44,381421
44540,0.000909,172.31.46.0-255,66,72741,44,381421
44541,0.00095,74.125.130.0-255,5738,78479,44,381421
44542,0.000953,172.31.46.0-255,66,78545,44,381421
44543,0.000978,74.125.130.0-255,5738,84283,44,381421
44544,0.000981,172.31.46.0-255,66,84349,44,381421
44545,0.001035,172.31.46.0-255,66,84415,44,381421
44546,0.001082,74.125.130.0-255,5738,90153,44,381421
44547,0.001086,172.31.46.0-255,66,90219,44,381421
44548,0.001124,74.125.130.0-255,4320,94539,44,381421
44549,0.001127,172.31.46.0-255,66,94605,44,381421
44550,0.001145,74.125.130.0-255,2902,97507,44,381421
44551,0.001147,172.31.46.0-255,66,97573,44,381421
44552,0.001182,74.125.130.0-255,1484,99057,44,381421
44553,0.001197,74.125.130.0-255,2902,101959,44,381421
44554,0.0012,172.31.46.0-255,66,102025,44,381421
44555,0.001224,74.125.130.0-255,7156,109181,44,381421
44556,0.001227,172.31.46.0-255,66,109247,44,381421
44557,0.001287,74.125.130.0-255,2902,112149,44,381421
44558,0.00129,172.31.46.0-255,66,112215,44,381421
44559,0.001294,74.125.130.0-255,1484,113699,44,381421
44560,0.001323,74.125.130.0-255,2902,116601,44,381421
44561,0.001326,172.31.46.0-255,66,116667,44,381421
44562,0.001339,74.125.130.0-255,2184,118851,44,381421
44563,0.001342,172.31.46.0-255,66,118917,44,381421
44564,0.001638,74.125.130.0-255,1484,120401,44,381421
44565,0.001669,74.125.130.0-255,2902,123303,44,381421
44566,0.001672,172.31.46.0-255,66,123369,44,381421
44567,0.001679,74.125.130.0-255,4320,127689,44,381421
44568,0.001681,172.31.46.0-255,66,127755,44,381421
44569,0.001719,74.125.130.0-255,7156,134911,44,381421
44570,0.001722,172.31.46.0-255,66,134977,44,381421
44571,0.001738,74.125.130.0-255,1484,136461,44,381421
44572,0.00177,172.31.46.0-255,66,136527,44,381421
44573,0.001787,74.125.130.0-255,1484,138011,44,381421
44574,0.00185,74.125.130.0-255,6438,144449,44,381421
44575,0.001854,172.31.46.0-255,66,144515,44,381421
44576,0.00192,74.125.130.0-255,1484,145999,44,381421
44577,0.001938,74.125.130.0-255,2902,148901,44,381421
44578,0.001957,172.31.46.0-255,66,148967,44,381421
44579,0.001964,74.125.130.0-255,5738,154705,44,381421
44580,0.001966,172.31.46.0-255,66,154771,44,381421
44581,0.00198,74.125.130.0-255,1484,156255,44,381421
44582,0.002005,74.125.130.0-255,2902,159157,44,381421
44583,0.002007,172.31.46.0-255,66,159223,44,381421
44584,0.002031,74.125.130.0-255,5738,164961,44,381421
44585,0.002034,172.31.46.0-255,66,165027,44,381421
44586,0.002077,74.125.130.0-255,4320,169347,44,381421
44587,0.002081,172.31.46.0-255,66,169413,44,381421
44588,0.002096,74.125.130.0-255,4320,173733,44,381421
44589,0.002098,172.31.46.0-255,66,173799,44,381421
44590,0.002139,74.125.130.0-255,5020,178819,44,381421
44591,0.002142,172.31.46.0-255,66,178885,44,381421
44592,0.002222,74.125.130.0-255,1484,180369,44,381421
44593,0.002236,74.125.130.0-255,1484,181853,44,381421
44594,0.00224,172.31.46.0-255,66,181919,44,381421
44595,0.002245,74.125.130.0-255,1484,183403,44,381421
44596,0.002261,74.125.130.0-255,2902,186305,44,381421
44597,0.002264,172.31.46.0-255,66,186371,44,381421
44598,0.004461,74.125.130.0-255,1484,187855,44,381421
44599,0.004481,74.125.130.0-255,4320,192175,44,381421
44600,0.004486,172.31.46.0-255,66,192241,44,381421
44601,0.006695,74.125.130.0-255,5738,197979,44,381421
44602,0.006698,172.31.46.0-255,66,198045,44,381421
44603,0.008922,74.125.130.0-255,5738,203783,44,381421
44604,0.008929,172.31.46.0-255,66,203849,44,381421
44605,0.011157,74.125.130.0-255,5738,209587,44,381421
44606,0.011166,172.31.46.0-255,66,209653,44,381421
44607,0.013389,74.125.130.0-255,5738,215391,44,381421
44608,0.013398,172.31.46.0-255,66,215457,44,381421
44609,0.015632,74.125.130.0-255,5738,221195,44,381421
44610,0.01564,172.31.46.0-255,66,221261,44,381421
44611,0.017879,74.125.130.0-255,5738,226999,44,381421
44612,0.017889,172.31.46.0-255,66,227065,44,381421
44613,0.020117,74.125.130.0-255,5738,232803,44,381421
44614,0.020125,172.31.46.0-255,66,232869,44,381421
44615,0.02235,74.125.130.0-255,5738,238607,44,381421
44616,0.022357,172.31.46.0-255,66,238673,44,381421
44617,0.024587,74.125.130.0-255,5738,244411,44,381421
44618,0.024595,172.31.46.0-255,66,244477,44,381421
44619,0.02685,74.125.130.0-255,5738,250215,44,381421
44620,0.026859,172.31.46.0-255,66,250281,44,381421
44621,0.02909,74.125.130.0-255,5738,256019,44,381421
44622,0.029098,172.31.46.0-255,66,256085,44,381421
44623,0.031344,74.125.130.0-255,5738,261823,44,381421
44624,0.031351,172.31.46.0-255,66,261889,44,381421
44625,0.033576,74.125.130.0-255,5738,267627,44,381421
44626,0.033586,172.31.46.0-255,66,267693,44,381421
44627,0.035842,74.125.130.0-255,5738,273431,44,381421
44628,0.035851,172.31.46.0-255,66,273497,44,381421
44629,0.036731,172.31.46.0-255,241,273738,44,381421
44630,0.03676,172.31.46.0-255,955,274693,44,381421
44631,0.036829,172.31.46.0-255,1514,276207,44,381421
44632,0.036831,172.31.46.0-255,1514,277721,44,381421
44633,0.036833,172.31.46.0-255,1514,279235,44,381421
44634,0.036834,172.31.46.0-255,1514,280749,44,381421
44635,0.036866,172.31.46.0-255,1514,282263,44,381421
44636,0.036867,172.31.46.0-255,229,282492,44,381421
44637,0.038078,74.125.130.0-255,5738,288230,44,381421
44638,0.038085,172.31.46.0-255,66,288296,44,381421
44639,0.038264,104.244.42.0-255,66,288362,44,381421
44640,0.038339,104.244.42.0-255,66,288428,44,381421
44641,0.038427,104.244.42.0-255,66,288494,44,381421
44642,0.038433,104.244.42.0-255,66,288560,44,381421
44643,0.040323,74.125.130.0-255,5738,294298,44,381421
44644,0.04033,172.31.46.0-255,66,294364,44,381421
44645,0.042568,74.125.130.0-255,5738,300102,44,381421
44646,0.042575,172.31.46.0-255,66,300168,44,381421
44647,0.044803,74.125.130.0-255,5738,305906,44,381421
44648,0.044812,172.31.46.0-255,66,305972,44,381421
44649,0.047048,74.125.130.0-255,5738,311710,44,381421
44650,0.047054,172.31.46.0-255,66,311776,44,381421
44651,0.049281,74.125.130.0-255,5738,317514,44,381421
44652,0.049287,172.31.46.0-255,66,317580,44,381421
44653,0.051534,74.125.130.0-255,5738,323318,44,381421
44654,0.05154,172.31.46.0-255,66,323384,44,381421
44655,0.053778,74.125.130.0-255,5738,329122,44,381421
44656,0.053785,172.31.46.0-255,66,329188,44,381421
44657,0.056008,74.125.130.0-255,5738,334926,44,381421
44658,0.056013,172.31.46.0-255,66,334992,44,381421
44659,0.058233,74.125.130.0-255,5738,340730,44,381421
44660,0.058239,172.31.46.0-255,66,340796,44,381421
44661,0.060472,74.125.130.0-255,5738,346534,44,381421
44662,0.060479,172.31.46.0-255,66,346600,44,381421
44663,0.062717,74.125.130.0-255,5738,352338,44,381421
44664,0.062723,172.31.46.0-255,66,352404,44,381421
44665,0.064949,74.125.130.0-255,5738,358142,44,381421
44666,0.064958,172.31.46.0-255,66,358208,44,381421
44667,0.067198,74.125.130.0-255,5738,363946,44,381421
44668,0.067205,172.31.46.0-255,66,364012,44,381421
44669,0.069433,74.125.130.0-255,5738,369750,44,381421
44670,0.06944,172.31.46.0-255,66,369816,44,381421
44671,0.071665,74.125.130.0-255,5738,375554,44,381421
44672,0.071672,172.31.46.0-255,66,375620,44,381421
44673,0.073906,74.125.130.0-255,5039,380659,44,381421
44674,0.073913,172.31.46.0-255,66,380725,44,381421
44675,0.07409,172.31.46.0-255,105,380830,44,381421
44676,0.074124,172.31.46.0-255,105,380935,44,381421
44677,0.074367,172.31.46.0-255,90,381025,44,381421
44678,0.074376,172.31.46.0-255,66,381091,44,381421
44679,0.076272,74.125.130.0-255,66,381157,44,381421
44680,0.076307,74.125.130.0-255,66,381223,44,381421
44681,0.076533,74.125.130.0-255,66,381289,44,381421
44682,0.076567,74.125.130.0-255,66,381355,44,381421
44683,0.076589,172.31.46.0-255,66,381421,44,381421
44684,0.0,172.217.194.0-255,298,298,44,142279
44685,2.5e-05,172.31.46.0-255,66,364,44,142279
44686,3.2e-05,172.217.194.0-255,1484,1848,44,142279
44687,3.7e-05,172.31.46.0-255,66,1914,44,142279
44688,4.5e-05,172.217.194.0-255,4320,6234,44,142279
44689,4.8e-05,172.31.46.0-255,66,6300,44,142279
44690,5.7e-05,172.217.194.0-255,4320,10620,44,142279
44691,6.1e-05,172.31.46.0-255,66,10686,44,142279
44692,8.2e-05,172.217.194.0-255,4683,15369,44,142279
44693,8.5e-05,172.31.46.0-255,66,15435,44,142279
44694,9.7e-05,172.31.46.0-255,66,15501,44,142279
44695,0.000152,172.217.194.0-255,5379,20880,44,142279
44696,0.000155,172.31.46.0-255,66,20946,44,142279
44697,0.000161,172.217.194.0-255,5738,26684,44,142279
44698,0.000164,172.31.46.0-255,66,26750,44,142279
44699,0.000171,172.217.194.0-255,5738,32488,44,142279
44700,0.000173,172.31.46.0-255,66,32554,44,142279
44701,0.000214,172.31.46.0-255,66,32620,44,142279
44702,0.000224,172.31.46.0-255,66,32686,44,142279
44703,0.000242,172.217.194.0-255,1093,33779,44,142279
44704,0.000245,172.31.46.0-255,66,33845,44,142279
44705,0.000248,172.217.194.0-255,381,34226,44,142279
44706,0.000249,172.31.46.0-255,66,34292,44,142279
44707,0.000428,172.217.194.0-255,1484,35776,44,142279
44708,0.000433,172.31.46.0-255,66,35842,44,142279
44709,0.000438,172.217.194.0-255,2902,38744,44,142279
44710,0.000441,172.31.46.0-255,66,38810,44,142279
44711,0.000446,172.217.194.0-255,2902,41712,44,142279
44712,0.000448,172.31.46.0-255,66,41778,44,142279
44713,0.000474,172.217.194.0-255,2902,44680,44,142279
44714,0.000477,172.31.46.0-255,66,44746,44,142279
44715,0.000491,172.31.46.0-255,66,44812,44,142279
44716,0.000504,172.31.46.0-255,66,44878,44,142279
44717,0.000506,172.217.194.0-255,766,45644,44,142279
44718,0.000725,172.217.194.0-255,1484,47128,44,142279
44719,0.000729,172.31.46.0-255,66,47194,44,142279
44720,0.000751,172.217.194.0-255,2902,50096,44,142279
44721,0.000755,172.31.46.0-255,66,50162,44,142279
44722,0.000761,172.217.194.0-255,5738,55900,44,142279
44723,0.000764,172.31.46.0-255,66,55966,44,142279
44724,0.00079,172.217.194.0-255,4320,60286,44,142279
44725,0.000793,172.31.46.0-255,66,60352,44,142279
44726,0.00082,172.31.46.0-255,66,60418,44,142279
44727,0.000858,172.31.46.0-255,66,60484,44,142279
44728,0.000891,172.217.194.0-255,1484,61968,44,142279
44729,0.000897,172.217.194.0-255,2902,64870,44,142279
44730,0.000899,172.31.46.0-255,66,64936,44,142279
44731,0.000906,172.217.194.0-255,5738,70674,44,142279
44732,0.000908,172.31.46.0-255,66,70740,44,142279
44733,0.000929,172.217.194.0-255,2902,73642,44,142279
44734,0.000932,172.31.46.0-255,66,73708,44,142279
44735,0.000962,172.31.46.0-255,66,73774,44,142279
44736,0.000974,172.31.46.0-255,66,73840,44,142279
44737,0.001364,172.217.194.0-255,1484,75324,44,142279
44738,0.001395,172.217.194.0-255,2902,78226,44,142279
44739,0.001399,172.31.46.0-255,66,78292,44,142279
44740,0.001403,172.217.194.0-255,1484,79776,44,142279
44741,0.001422,172.217.194.0-255,4320,84096,44,142279
44742,0.001425,172.31.46.0-255,66,84162,44,142279
44743,0.001437,172.31.46.0-255,66,84228,44,142279
44744,0.001453,172.217.194.0-255,1484,85712,44,142279
44745,0.001467,172.217.194.0-255,2902,88614,44,142279
44746,0.00147,172.31.46.0-255,66,88680,44,142279
44747,0.001501,172.31.46.0-255,66,88746,44,142279
44748,0.001523,172.217.194.0-255,1484,90230,44,142279
44749,0.001528,172.217.194.0-255,2902,93132,44,142279
44750,0.00153,172.31.46.0-255,66,93198,44,142279
44751,0.001537,172.217.194.0-255,5738,98936,44,142279
44752,0.001539,172.31.46.0-255,66,99002,44,142279
44753,0.001599,172.31.46.0-255,66,99068,44,142279
44754,0.001609,172.31.46.0-255,66,99134,44,142279
44755,0.001622,172.217.194.0-255,2902,102036,44,142279
44756,0.001625,172.31.46.0-255,66,102102,44,142279
44757,0.001673,172.31.46.0-255,66,102168,44,142279
44758,0.001688,172.31.46.0-255,66,102234,44,142279
44759,0.001715,172.217.194.0-255,2902,105136,44,142279
44760,0.001718,172.31.46.0-255,66,105202,44,142279
44761,0.001744,172.217.194.0-255,5738,110940,44,142279
44762,0.001747,172.31.46.0-255,66,111006,44,142279
44763,0.001759,172.31.46.0-255,66,111072,44,142279
44764,0.001788,172.31.46.0-255,66,111138,44,142279
44765,0.001808,172.217.194.0-255,6438,117576,44,142279
44766,0.00181,172.31.46.0-255,66,117642,44,142279
44767,0.001916,172.217.194.0-255,1484,119126,44,142279
44768,0.001921,172.217.194.0-255,2902,122028,44,142279
44769,0.001924,172.31.46.0-255,66,122094,44,142279
44770,0.001931,172.217.194.0-255,4320,126414,44,142279
44771,0.001933,172.31.46.0-255,66,126480,44,142279
44772,0.001963,172.217.194.0-255,1484,127964,44,142279
44773,0.00199,172.31.46.0-255,66,128030,44,142279
44774,0.001997,172.31.46.0-255,66,128096,44,142279
44775,0.002023,172.217.194.0-255,2902,130998,44,142279
44776,0.002026,172.31.46.0-255,66,131064,44,142279
44777,0.002052,172.31.46.0-255,66,131130,44,142279
44778,0.002078,172.31.46.0-255,66,131196,44,142279
44779,0.002091,172.31.46.0-255,66,131262,44,142279
44780,0.002094,172.217.194.0-255,1484,132746,44,142279
44781,0.002143,172.217.194.0-255,105,132851,44,142279
44782,0.002182,172.31.46.0-255,66,132917,44,142279
44783,0.012611,172.31.46.0-255,105,133022,44,142279
44784,0.015128,172.217.194.0-255,66,133088,44,142279
44785,0.045239,172.31.46.0-255,172,133260,44,142279
44786,0.045301,172.31.46.0-255,1114,134374,44,142279
44787,0.045377,172.31.46.0-255,1514,135888,44,142279
44788,0.045379,172.31.46.0-255,1514,137402,44,142279
44789,0.045385,172.31.46.0-255,1514,138916,44,142279
44790,0.045386,172.31.46.0-255,1514,140430,44,142279
44791,0.045404,172.31.46.0-255,1514,141944,44,142279
44792,0.045405,172.31.46.0-255,71,142015,44,142279
44793,0.046793,104.244.42.0-255,66,142081,44,142279
44794,0.04683,104.244.42.0-255,66,142147,44,142279
44795,0.046975,104.244.42.0-255,66,142213,44,142279
44796,0.04698,104.244.42.0-255,66,142279,44,142279
44797,0.0,74.125.200.0-255,153,153,44,352229
44798,1.5e-05,172.31.46.0-255,66,219,44,352229
44799,2.2e-05,74.125.200.0-255,1484,1703,44,352229
44800,2.6e-05,172.31.46.0-255,66,1769,44,352229
44801,3.2e-05,74.125.200.0-255,2902,4671,44,352229
44802,3.5e-05,172.31.46.0-255,66,4737,44,352229
44803,4.1e-05,74.125.200.0-255,4320,9057,44,352229
44804,4.4e-05,172.31.46.0-255,66,9123,44,352229
44805,6.5e-05,74.125.200.0-255,1484,10607,44,352229
44806,6.8e-05,172.31.46.0-255,66,10673,44,352229
44807,7.1e-05,74.125.200.0-255,1484,12157,44,352229
44808,7.3e-05,172.31.46.0-255,66,12223,44,352229
44809,9.2e-05,74.125.200.0-255,4876,17099,44,352229
44810,9.5e-05,172.31.46.0-255,66,17165,44,352229
44811,9.7e-05,74.125.200.0-255,1484,18649,44,352229
44812,9.9e-05,172.31.46.0-255,66,18715,44,352229
44813,0.000127,74.125.200.0-255,5738,24453,44,352229
44814,0.00013,172.31.46.0-255,66,24519,44,352229
44815,0.000156,74.125.200.0-255,2902,27421,44,352229
44816,0.000158,172.31.46.0-255,66,27487,44,352229
44817,0.000179,74.125.200.0-255,3961,31448,44,352229
44818,0.000182,172.31.46.0-255,66,31514,44,352229
44819,0.000276,74.125.200.0-255,1484,32998,44,352229
44820,0.000279,172.31.46.0-255,66,33064,44,352229
44821,0.000298,74.125.200.0-255,2902,35966,44,352229
44822,0.0003,172.31.46.0-255,66,36032,44,352229
44823,0.000378,74.125.200.0-255,1484,37516,44,352229
44824,0.000381,172.31.46.0-255,66,37582,44,352229
44825,0.000386,74.125.200.0-255,2902,40484,44,352229
44826,0.000389,172.31.46.0-255,66,40550,44,352229
44827,0.000394,74.125.200.0-255,5738,46288,44,352229
44828,0.000396,172.31.46.0-255,66,46354,44,352229
44829,0.000401,74.125.200.0-255,2902,49256,44,352229
44830,0.000403,172.31.46.0-255,66,49322,44,352229
44831,0.000419,74.125.200.0-255,4320,53642,44,352229
44832,0.000422,172.31.46.0-255,66,53708,44,352229
44833,0.00046,172.31.46.0-255,66,53774,44,352229
44834,0.000474,74.125.200.0-255,3602,57376,44,352229
44835,0.000476,172.31.46.0-255,66,57442,44,352229
44836,0.000565,74.125.200.0-255,396,57838,44,352229
44837,0.00061,74.125.200.0-255,1484,59322,44,352229
44838,0.000613,172.31.46.0-255,66,59388,44,352229
44839,0.000636,74.125.200.0-255,2902,62290,44,352229
44840,0.000639,172.31.46.0-255,66,62356,44,352229
44841,0.000644,74.125.200.0-255,4320,66676,44,352229
44842,0.000646,172.31.46.0-255,66,66742,44,352229
44843,0.000679,74.125.200.0-255,7156,73898,44,352229
44844,0.000682,172.31.46.0-255,66,73964,44,352229
44845,0.000699,74.125.200.0-255,1484,75448,44,352229
44846,0.00072,74.125.200.0-255,2902,78350,44,352229
44847,0.000722,172.31.46.0-255,66,78416,44,352229
44848,0.000744,74.125.200.0-255,5738,84154,44,352229
44849,0.000747,172.31.46.0-255,66,84220,44,352229
44850,0.000769,74.125.200.0-255,7156,91376,44,352229
44851,0.000772,172.31.46.0-255,66,91442,44,352229
44852,0.000812,74.125.200.0-255,766,92208,44,352229
44853,0.00105,74.125.200.0-255,1484,93692,44,352229
44854,0.001056,172.31.46.0-255,66,93758,44,352229
44855,0.001063,74.125.200.0-255,2902,96660,44,352229
44856,0.001066,172.31.46.0-255,66,96726,44,352229
44857,0.001094,74.125.200.0-255,5738,102464,44,352229
44858,0.001098,74.125.200.0-255,1484,103948,44,352229
44859,0.001113,74.125.200.0-255,4320,108268,44,352229
44860,0.001166,74.125.200.0-255,7156,115424,44,352229
44861,0.001208,74.125.200.0-255,4320,119744,44,352229
44862,0.001236,74.125.200.0-255,5738,125482,44,352229
44863,0.001239,74.125.200.0-255,766,126248,44,352229
44864,0.001433,74.125.200.0-255,346,126594,44,352229
44865,0.001477,74.125.200.0-255,1484,128078,44,352229
44866,0.00149,74.125.200.0-255,1484,129562,44,352229
44867,0.001527,74.125.200.0-255,2902,132464,44,352229
44868,0.001567,74.125.200.0-255,5738,138202,44,352229
44869,0.001575,74.125.200.0-255,7156,145358,44,352229
44870,0.001607,74.125.200.0-255,4320,149678,44,352229
44871,0.001693,74.125.200.0-255,766,150444,44,352229
44872,0.002006,74.125.200.0-255,1484,151928,44,352229
44873,0.002015,74.125.200.0-255,2902,154830,44,352229
44874,0.002022,74.125.200.0-255,5738,160568,44,352229
44875,0.002057,74.125.200.0-255,7156,167724,44,352229
44876,0.002075,74.125.200.0-255,2902,170626,44,352229
44877,0.002135,74.125.200.0-255,1484,172110,44,352229
44878,0.002194,74.125.200.0-255,3602,175712,44,352229
44879,0.002222,74.125.200.0-255,4320,180032,44,352229
44880,0.002329,74.125.200.0-255,4320,184352,44,352229
44881,0.002424,74.125.200.0-255,1484,185836,44,352229
44882,0.002444,74.125.200.0-255,4320,190156,44,352229
44883,0.002581,172.31.46.0-255,66,190222,44,352229
44884,0.0049,74.125.200.0-255,5738,195960,44,352229
44885,0.004915,172.31.46.0-255,66,196026,44,352229
44886,0.00723,74.125.200.0-255,5738,201764,44,352229
44887,0.007247,172.31.46.0-255,66,201830,44,352229
44888,0.009547,74.125.200.0-255,5738,207568,44,352229
44889,0.009557,172.31.46.0-255,66,207634,44,352229
44890,0.011842,74.125.200.0-255,5738,213372,44,352229
44891,0.011846,172.31.46.0-255,66,213438,44,352229
44892,0.01413,74.125.200.0-255,5738,219176,44,352229
44893,0.014136,172.31.46.0-255,66,219242,44,352229
44894,0.016448,74.125.200.0-255,5738,224980,44,352229
44895,0.016459,172.31.46.0-255,66,225046,44,352229
44896,0.018755,74.125.200.0-255,5738,230784,44,352229
44897,0.018765,172.31.46.0-255,66,230850,44,352229
44898,0.02107,74.125.200.0-255,5738,236588,44,352229
44899,0.021079,172.31.46.0-255,66,236654,44,352229
44900,0.023388,74.125.200.0-255,5738,242392,44,352229
44901,0.023401,172.31.46.0-255,66,242458,44,352229
44902,0.025734,74.125.200.0-255,5738,248196,44,352229
44903,0.025745,172.31.46.0-255,66,248262,44,352229
44904,0.028043,74.125.200.0-255,5738,254000,44,352229
44905,0.028051,172.31.46.0-255,66,254066,44,352229
44906,0.030342,74.125.200.0-255,5738,259804,44,352229
44907,0.03035,172.31.46.0-255,66,259870,44,352229
44908,0.032637,74.125.200.0-255,5738,265608,44,352229
44909,0.032647,172.31.46.0-255,66,265674,44,352229
44910,0.034937,74.125.200.0-255,5738,271412,44,352229
44911,0.034947,172.31.46.0-255,66,271478,44,352229
44912,0.037235,74.125.200.0-255,5738,277216,44,352229
44913,0.037249,172.31.46.0-255,66,277282,44,352229
44914,0.039538,74.125.200.0-255,5738,283020,44,352229
44915,0.039547,172.31.46.0-255,66,283086,44,352229
44916,0.041852,74.125.200.0-255,5738,288824,44,352229
44917,0.041874,172.31.46.0-255,66,288890,44,352229
44918,0.044182,74.125.200.0-255,5738,294628,44,352229
44919,0.044193,172.31.46.0-255,66,294694,44,352229
44920,0.046433,172.31.46.0-255,172,294866,44,352229
44921,0.046476,74.125.200.0-255,5738,300604,44,352229
44922,0.046482,172.31.46.0-255,66,300670,44,352229
44923,0.046499,172.31.46.0-255,1114,301784,44,352229
44924,0.046587,172.31.46.0-255,1514,303298,44,352229
44925,0.046589,172.31.46.0-255,1514,304812,44,352229
44926,0.046594,172.31.46.0-255,1514,306326,44,352229
44927,0.046595,172.31.46.0-255,1514,307840,44,352229
44928,0.046619,172.31.46.0-255,1514,309354,44,352229
44929,0.046621,172.31.46.0-255,71,309425,44,352229
44930,0.04801,104.244.42.0-255,66,309491,44,352229
44931,0.048025,104.244.42.0-255,66,309557,44,352229
44932,0.048192,104.244.42.0-255,66,309623,44,352229
44933,0.048201,104.244.42.0-255,66,309689,44,352229
44934,0.048764,74.125.200.0-255,5738,315427,44,352229
44935,0.048775,172.31.46.0-255,66,315493,44,352229
44936,0.051102,74.125.200.0-255,5738,321231,44,352229
44937,0.051119,172.31.46.0-255,66,321297,44,352229
44938,0.053412,74.125.200.0-255,5738,327035,44,352229
44939,0.05342,172.31.46.0-255,66,327101,44,352229
44940,0.055713,74.125.200.0-255,5738,332839,44,352229
44941,0.055721,172.31.46.0-255,66,332905,44,352229
44942,0.058009,74.125.200.0-255,5738,338643,44,352229
44943,0.058017,172.31.46.0-255,66,338709,44,352229
44944,0.060306,74.125.200.0-255,5738,344447,44,352229
44945,0.060312,172.31.46.0-255,66,344513,44,352229
44946,0.06261,74.125.200.0-255,5738,350251,44,352229
44947,0.062622,172.31.46.0-255,66,350317,44,352229
44948,0.064905,74.125.200.0-255,1675,351992,44,352229
44949,0.064914,172.31.46.0-255,66,352058,44,352229
44950,0.065094,172.31.46.0-255,105,352163,44,352229
44951,0.067345,74.125.200.0-255,66,352229,44,352229
44952,0.0,74.125.130.0-255,151,151,44,354016
44953,2.5e-05,172.31.46.0-255,66,217,44,354016
44954,3.2e-05,74.125.130.0-255,1484,1701,44,354016
44955,3.7e-05,172.31.46.0-255,66,1767,44,354016
44956,5.1e-05,74.125.130.0-255,2902,4669,44,354016
44957,5.4e-05,172.31.46.0-255,66,4735,44,354016
44958,6.1e-05,74.125.130.0-255,5738,10473,44,354016
44959,6.4e-05,172.31.46.0-255,66,10539,44,354016
44960,0.000107,74.125.130.0-255,3450,13989,44,354016
44961,0.00011,172.31.46.0-255,66,14055,44,354016
44962,0.00027,74.125.130.0-255,1484,15539,44,354016
44963,0.000275,172.31.46.0-255,66,15605,44,354016
44964,0.000281,74.125.130.0-255,2902,18507,44,354016
44965,0.000284,172.31.46.0-255,66,18573,44,354016
44966,0.000302,74.125.130.0-255,5738,24311,44,354016
44967,0.000305,172.31.46.0-255,66,24377,44,354016
44968,0.000316,74.125.130.0-255,4320,28697,44,354016
44969,0.000318,172.31.46.0-255,66,28763,44,354016
44970,0.000351,74.125.130.0-255,5379,34142,44,354016
44971,0.000354,172.31.46.0-255,66,34208,44,354016
44972,0.000357,74.125.130.0-255,1484,35692,44,354016
44973,0.000359,172.31.46.0-255,66,35758,44,354016
44974,0.000384,74.125.130.0-255,5738,41496,44,354016
44975,0.000388,172.31.46.0-255,66,41562,44,354016
44976,0.000403,172.31.46.0-255,66,41628,44,354016
44977,0.000406,74.125.130.0-255,1484,43112,44,354016
44978,0.000408,172.31.46.0-255,66,43178,44,354016
44979,0.000446,172.31.46.0-255,66,43244,44,354016
44980,0.000475,74.125.130.0-255,5020,48264,44,354016
44981,0.000478,172.31.46.0-255,66,48330,44,354016
44982,0.000709,74.125.130.0-255,338,48668,44,354016
44983,0.000826,74.125.130.0-255,121,48789,44,354016
44984,0.000876,74.125.130.0-255,1484,50273,44,354016
44985,0.00088,172.31.46.0-255,66,50339,44,354016
44986,0.000907,74.125.130.0-255,2902,53241,44,354016
44987,0.00092,74.125.130.0-255,1484,54725,44,354016
44988,0.000933,74.125.130.0-255,4320,59045,44,354016
44989,0.000937,74.125.130.0-255,4320,63365,44,354016
44990,0.000941,172.31.46.0-255,66,63431,44,354016
44991,0.000947,172.31.46.0-255,66,63497,44,354016
44992,0.000972,74.125.130.0-255,2902,66399,44,354016
44993,0.00101,172.31.46.0-255,66,66465,44,354016
44994,0.001019,74.125.130.0-255,1484,67949,44,354016
44995,0.001038,74.125.130.0-255,2184,70133,44,354016
44996,0.001041,74.125.130.0-255,382,70515,44,354016
44997,0.001052,172.31.46.0-255,66,70581,44,354016
44998,0.001274,74.125.130.0-255,1484,72065,44,354016
44999,0.001279,74.125.130.0-255,1484,73549,44,354016
45000,0.001282,172.31.46.0-255,66,73615,44,354016
45001,0.001307,74.125.130.0-255,1484,75099,44,354016
45002,0.001313,74.125.130.0-255,5738,80837,44,354016
45003,0.001319,172.31.46.0-255,66,80903,44,354016
45004,0.001345,74.125.130.0-255,1484,82387,44,354016
45005,0.001359,172.31.46.0-255,66,82453,44,354016
45006,0.00138,74.125.130.0-255,1484,83937,44,354016
45007,0.001396,74.125.130.0-255,3602,87539,44,354016
45008,0.001444,172.31.46.0-255,66,87605,44,354016
45009,0.00168,74.125.130.0-255,1484,89089,44,354016
45010,0.001694,74.125.130.0-255,2902,91991,44,354016
45011,0.001698,172.31.46.0-255,66,92057,44,354016
45012,0.001729,74.125.130.0-255,5738,97795,44,354016
45013,0.001735,172.31.46.0-255,66,97861,44,354016
45014,0.001754,74.125.130.0-255,5738,103599,44,354016
45015,0.001762,74.125.130.0-255,7156,110755,44,354016
45016,0.001789,74.125.130.0-255,5738,116493,44,354016
45017,0.001793,172.31.46.0-255,66,116559,44,354016
45018,0.001809,74.125.130.0-255,5020,121579,44,354016
45019,0.001814,172.31.46.0-255,66,121645,44,354016
45020,0.001962,74.125.130.0-255,1484,123129,44,354016
45021,0.001977,74.125.130.0-255,2902,126031,44,354016
45022,0.00198,172.31.46.0-255,66,126097,44,354016
45023,0.002011,74.125.130.0-255,4320,130417,44,354016
45024,0.002014,74.125.130.0-255,1484,131901,44,354016
45025,0.002021,172.31.46.0-255,66,131967,44,354016
45026,0.002044,74.125.130.0-255,7156,139123,44,354016
45027,0.00205,74.125.130.0-255,5738,144861,44,354016
45028,0.002056,172.31.46.0-255,66,144927,44,354016
45029,0.002068,74.125.130.0-255,5738,150665,44,354016
45030,0.002089,74.125.130.0-255,1484,152149,44,354016
45031,0.002094,74.125.130.0-255,3602,155751,44,354016
45032,0.002101,172.31.46.0-255,66,155817,44,354016
45033,0.002297,172.31.46.0-255,101,155918,44,354016
45034,0.004424,74.125.130.0-255,5738,161656,44,354016
45035,0.004431,172.31.46.0-255,66,161722,44,354016
45036,0.004638,74.125.130.0-255,66,161788,44,354016
45037,0.006752,74.125.130.0-255,2902,164690,44,354016
45038,0.006769,74.125.130.0-255,2902,167592,44,354016
45039,0.008456,172.31.46.0-255,66,167658,44,354016
45040,0.010788,74.125.130.0-255,5738,173396,44,354016
45041,0.010817,172.31.46.0-255,66,173462,44,354016
45042,0.01315,74.125.130.0-255,5738,179200,44,354016
45043,0.014944,172.31.46.0-255,66,179266,44,354016
45044,0.0173,74.125.130.0-255,5738,185004,44,354016
45045,0.017317,172.31.46.0-255,66,185070,44,354016
45046,0.019664,74.125.130.0-255,5738,190808,44,354016
45047,0.019684,172.31.46.0-255,66,190874,44,354016
45048,0.022031,74.125.130.0-255,5738,196612,44,354016
45049,0.022042,172.31.46.0-255,66,196678,44,354016
45050,0.024383,74.125.130.0-255,5738,202416,44,354016
45051,0.024398,172.31.46.0-255,66,202482,44,354016
45052,0.026753,74.125.130.0-255,5738,208220,44,354016
45053,0.026765,172.31.46.0-255,66,208286,44,354016
45054,0.029122,74.125.130.0-255,5738,214024,44,354016
45055,0.029136,172.31.46.0-255,66,214090,44,354016
45056,0.031463,74.125.130.0-255,5738,219828,44,354016
45057,0.031476,172.31.46.0-255,66,219894,44,354016
45058,0.033811,74.125.130.0-255,5738,225632,44,354016
45059,0.033824,172.31.46.0-255,66,225698,44,354016
45060,0.036182,74.125.130.0-255,5738,231436,44,354016
45061,0.036199,172.31.46.0-255,66,231502,44,354016
45062,0.037924,172.31.46.0-255,172,231674,44,354016
45063,0.037956,172.31.46.0-255,1115,232789,44,354016
45064,0.038063,172.31.46.0-255,1514,234303,44,354016
45065,0.038065,172.31.46.0-255,1514,235817,44,354016
45066,0.03807,172.31.46.0-255,1514,237331,44,354016
45067,0.038071,172.31.46.0-255,1514,238845,44,354016
45068,0.038089,172.31.46.0-255,1514,240359,44,354016
45069,0.038095,172.31.46.0-255,70,240429,44,354016
45070,0.03854,74.125.130.0-255,5738,246167,44,354016
45071,0.038549,172.31.46.0-255,66,246233,44,354016
45072,0.039494,104.244.42.0-255,66,246299,44,354016
45073,0.039504,104.244.42.0-255,66,246365,44,354016
45074,0.039717,104.244.42.0-255,66,246431,44,354016
45075,0.039724,104.244.42.0-255,66,246497,44,354016
45076,0.039727,104.244.42.0-255,66,246563,44,354016
45077,0.040904,74.125.130.0-255,5738,252301,44,354016
45078,0.040913,172.31.46.0-255,66,252367,44,354016
45079,0.04326,74.125.130.0-255,5738,258105,44,354016
45080,0.043274,172.31.46.0-255,66,258171,44,354016
45081,0.045622,74.125.130.0-255,5738,263909,44,354016
45082,0.045629,172.31.46.0-255,66,263975,44,354016
45083,0.047967,74.125.130.0-255,5738,269713,44,354016
45084,0.047977,172.31.46.0-255,66,269779,44,354016
45085,0.050368,74.125.130.0-255,5738,275517,44,354016
45086,0.050386,172.31.46.0-255,66,275583,44,354016
45087,0.052729,74.125.130.0-255,5738,281321,44,354016
45088,0.052741,172.31.46.0-255,66,281387,44,354016
45089,0.055075,74.125.130.0-255,5738,287125,44,354016
45090,0.055084,172.31.46.0-255,66,287191,44,354016
45091,0.057422,74.125.130.0-255,5738,292929,44,354016
45092,0.057435,172.31.46.0-255,66,292995,44,354016
45093,0.059793,74.125.130.0-255,5738,298733,44,354016
45094,0.059803,172.31.46.0-255,66,298799,44,354016
45095,0.062139,74.125.130.0-255,5738,304537,44,354016
45096,0.062156,172.31.46.0-255,66,304603,44,354016
45097,0.064506,74.125.130.0-255,5738,310341,44,354016
45098,0.064523,172.31.46.0-255,66,310407,44,354016
45099,0.066877,74.125.130.0-255,5738,316145,44,354016
45100,0.066894,172.31.46.0-255,66,316211,44,354016
45101,0.069258,74.125.130.0-255,5738,321949,44,354016
45102,0.069273,172.31.46.0-255,66,322015,44,354016
45103,0.071627,74.125.130.0-255,5738,327753,44,354016
45104,0.071641,172.31.46.0-255,66,327819,44,354016
45105,0.073995,74.125.130.0-255,5738,333557,44,354016
45106,0.074005,172.31.46.0-255,66,333623,44,354016
45107,0.076358,74.125.130.0-255,5738,339361,44,354016
45108,0.076374,172.31.46.0-255,66,339427,44,354016
45109,0.078728,74.125.130.0-255,5738,345165,44,354016
45110,0.07874,172.31.46.0-255,66,345231,44,354016
45111,0.081073,74.125.130.0-255,5738,350969,44,354016
45112,0.081085,172.31.46.0-255,66,351035,44,354016
45113,0.083419,74.125.130.0-255,2810,353845,44,354016
45114,0.08343,172.31.46.0-255,66,353911,44,354016
45115,0.083707,172.31.46.0-255,105,354016,44,354016
45116,0.0,172.217.194.0-255,150,150,44,144064
45117,2.7e-05,172.31.46.0-255,66,216,44,144064
45118,3.5e-05,172.217.194.0-255,1484,1700,44,144064
45119,3.9e-05,172.31.46.0-255,66,1766,44,144064
45120,4.5e-05,172.217.194.0-255,2902,4668,44,144064
45121,5.6e-05,172.31.46.0-255,66,4734,44,144064
45122,6.6e-05,172.217.194.0-255,7156,11890,44,144064
45123,6.9e-05,172.31.46.0-255,66,11956,44,144064
45124,0.00012,172.31.46.0-255,66,12022,44,144064
45125,0.000125,172.217.194.0-255,2543,14565,44,144064
45126,0.000127,172.31.46.0-255,66,14631,44,144064
45127,0.000153,172.217.194.0-255,2902,17533,44,144064
45128,0.000155,172.31.46.0-255,66,17599,44,144064
45129,0.000162,172.217.194.0-255,7156,24755,44,144064
45130,0.000165,172.31.46.0-255,66,24821,44,144064
45131,0.00017,172.217.194.0-255,2902,27723,44,144064
45132,0.000173,172.31.46.0-255,66,27789,44,144064
45133,0.000206,172.217.194.0-255,3961,31750,44,144064
45134,0.000209,172.31.46.0-255,66,31816,44,144064
45135,0.000643,172.217.194.0-255,1484,33300,44,144064
45136,0.000649,172.31.46.0-255,66,33366,44,144064
45137,0.000656,172.217.194.0-255,2902,36268,44,144064
45138,0.000658,172.31.46.0-255,66,36334,44,144064
45139,0.000664,172.217.194.0-255,4320,40654,44,144064
45140,0.00067,172.31.46.0-255,66,40720,44,144064
45141,0.000696,172.217.194.0-255,1484,42204,44,144064
45142,0.000699,172.31.46.0-255,66,42270,44,144064
45143,0.000712,172.31.46.0-255,66,42336,44,144064
45144,0.000756,172.31.46.0-255,66,42402,44,144064
45145,0.000791,172.31.46.0-255,66,42468,44,144064
45146,0.000822,172.217.194.0-255,4320,46788,44,144064
45147,0.000825,172.31.46.0-255,66,46854,44,144064
45148,0.000856,172.217.194.0-255,5738,52592,44,144064
45149,0.000859,172.31.46.0-255,66,52658,44,144064
45150,0.000864,172.217.194.0-255,2543,55201,44,144064
45151,0.000866,172.31.46.0-255,66,55267,44,144064
45152,0.001002,172.217.194.0-255,1484,56751,44,144064
45153,0.001009,172.217.194.0-255,2902,59653,44,144064
45154,0.001012,172.31.46.0-255,66,59719,44,144064
45155,0.001017,172.217.194.0-255,2902,62621,44,144064
45156,0.001019,172.31.46.0-255,66,62687,44,144064
45157,0.001056,172.217.194.0-255,2902,65589,44,144064
45158,0.001059,172.31.46.0-255,66,65655,44,144064
45159,0.001073,172.31.46.0-255,66,65721,44,144064
45160,0.001076,172.217.194.0-255,1484,67205,44,144064
45161,0.001102,172.217.194.0-255,7156,74361,44,144064
45162,0.001105,172.31.46.0-255,66,74427,44,144064
45163,0.001127,172.217.194.0-255,2184,76611,44,144064
45164,0.001129,172.31.46.0-255,66,76677,44,144064
45165,0.001142,172.31.46.0-255,66,76743,44,144064
45166,0.001154,172.31.46.0-255,66,76809,44,144064
45167,0.001182,172.217.194.0-255,2902,79711,44,144064
45168,0.001184,172.31.46.0-255,66,79777,44,144064
45169,0.001199,172.31.46.0-255,66,79843,44,144064
45170,0.001232,172.217.194.0-255,1484,81327,44,144064
45171,0.001246,172.217.194.0-255,2902,84229,44,144064
45172,0.00125,172.31.46.0-255,66,84295,44,144064
45173,0.001255,172.217.194.0-255,4320,88615,44,144064
45174,0.001257,172.31.46.0-255,66,88681,44,144064
45175,0.001277,172.217.194.0-255,1484,90165,44,144064
45176,0.001283,172.217.194.0-255,4320,94485,44,144064
45177,0.001285,172.31.46.0-255,66,94551,44,144064
45178,0.001321,172.31.46.0-255,66,94617,44,144064
45179,0.001334,172.31.46.0-255,66,94683,44,144064
45180,0.001366,172.217.194.0-255,1484,96167,44,144064
45181,0.001387,172.217.194.0-255,2902,99069,44,144064
45182,0.00139,172.31.46.0-255,66,99135,44,144064
45183,0.001393,172.217.194.0-255,1484,100619,44,144064
45184,0.001421,172.217.194.0-255,4320,104939,44,144064
45185,0.001424,172.31.46.0-255,66,105005,44,144064
45186,0.001435,172.31.46.0-255,66,105071,44,144064
45187,0.001472,172.217.194.0-255,4320,109391,44,144064
45188,0.001475,172.31.46.0-255,66,109457,44,144064
45189,0.001488,172.31.46.0-255,66,109523,44,144064
45190,0.001533,172.217.194.0-255,1484,111007,44,144064
45191,0.001555,172.217.194.0-255,2902,113909,44,144064
45192,0.001559,172.31.46.0-255,66,113975,44,144064
45193,0.001593,172.217.194.0-255,4320,118295,44,144064
45194,0.001597,172.31.46.0-255,66,118361,44,144064
45195,0.001617,172.217.194.0-255,1484,119845,44,144064
45196,0.001642,172.31.46.0-255,66,119911,44,144064
45197,0.001655,172.31.46.0-255,66,119977,44,144064
45198,0.001712,172.217.194.0-255,5738,125715,44,144064
45199,0.001715,172.31.46.0-255,66,125781,44,144064
45200,0.001812,172.217.194.0-255,766,126547,44,144064
45201,0.001816,172.217.194.0-255,1484,128031,44,144064
45202,0.001825,172.31.46.0-255,66,128097,44,144064
45203,0.001901,172.31.46.0-255,66,128163,44,144064
45204,0.001907,172.217.194.0-255,3602,131765,44,144064
45205,0.001923,172.31.46.0-255,66,131831,44,144064
45206,0.001938,172.217.194.0-255,2700,134531,44,144064
45207,0.00194,172.217.194.0-255,105,134636,44,144064
45208,0.001976,172.31.46.0-255,66,134702,44,144064
45209,0.005417,172.31.46.0-255,105,134807,44,144064
45210,0.007971,172.217.194.0-255,66,134873,44,144064
45211,0.040174,172.31.46.0-255,172,135045,44,144064
45212,0.040212,172.31.46.0-255,1114,136159,44,144064
45213,0.040299,172.31.46.0-255,1514,137673,44,144064
45214,0.040301,172.31.46.0-255,1514,139187,44,144064
45215,0.040308,172.31.46.0-255,1514,140701,44,144064
45216,0.040309,172.31.46.0-255,1514,142215,44,144064
45217,0.040327,172.31.46.0-255,1514,143729,44,144064
45218,0.040328,172.31.46.0-255,71,143800,44,144064
45219,0.041761,104.244.42.0-255,66,143866,44,144064
45220,0.041808,104.244.42.0-255,66,143932,44,144064
45221,0.041884,104.244.42.0-255,66,143998,44,144064
45222,0.041891,104.244.42.0-255,66,144064,44,144064
45223,0.0,74.125.24.0-255,153,153,44,240397
45224,2.6e-05,172.31.46.0-255,66,219,44,240397
45225,3.4e-05,74.125.24.0-255,1484,1703,44,240397
45226,3.9e-05,172.31.46.0-255,66,1769,44,240397
45227,5.5e-05,74.125.24.0-255,2902,4671,44,240397
45228,5.9e-05,172.31.46.0-255,66,4737,44,240397
45229,6.7e-05,74.125.24.0-255,7156,11893,44,240397
45230,7.1e-05,172.31.46.0-255,66,11959,44,240397
45231,7.6e-05,74.125.24.0-255,1976,13935,44,240397
45232,7.9e-05,172.31.46.0-255,66,14001,44,240397
45233,8.3e-05,74.125.24.0-255,1484,15485,44,240397
45234,8.5e-05,172.31.46.0-255,66,15551,44,240397
45235,9.2e-05,74.125.24.0-255,2902,18453,44,240397
45236,9.6e-05,172.31.46.0-255,66,18519,44,240397
45237,0.000102,74.125.24.0-255,5738,24257,44,240397
45238,0.000106,172.31.46.0-255,66,24323,44,240397
45239,0.000135,74.125.24.0-255,5738,30061,44,240397
45240,0.000142,172.31.46.0-255,66,30127,44,240397
45241,0.000171,74.125.24.0-255,1125,31252,44,240397
45242,0.000173,172.31.46.0-255,66,31318,44,240397
45243,0.000335,74.125.24.0-255,1484,32802,44,240397
45244,0.000339,172.31.46.0-255,66,32868,44,240397
45245,0.000346,74.125.24.0-255,2902,35770,44,240397
45246,0.000349,172.31.46.0-255,66,35836,44,240397
45247,0.00036,74.125.24.0-255,5738,41574,44,240397
45248,0.000362,172.31.46.0-255,66,41640,44,240397
45249,0.000432,172.31.46.0-255,66,41706,44,240397
45250,0.000442,172.31.46.0-255,66,41772,44,240397
45251,0.000445,74.125.24.0-255,1397,43169,44,240397
45252,0.000447,172.31.46.0-255,66,43235,44,240397
45253,0.000484,74.125.24.0-255,126,43361,44,240397
45254,0.000503,74.125.24.0-255,353,43714,44,240397
45255,0.000796,74.125.24.0-255,1484,45198,44,240397
45256,0.000802,172.31.46.0-255,66,45264,44,240397
45257,0.000808,74.125.24.0-255,2902,48166,44,240397
45258,0.00081,172.31.46.0-255,66,48232,44,240397
45259,0.000815,74.125.24.0-255,2902,51134,44,240397
45260,0.000817,172.31.46.0-255,66,51200,44,240397
45261,0.00085,74.125.24.0-255,2902,54102,44,240397
45262,0.000853,172.31.46.0-255,66,54168,44,240397
45263,0.000867,172.31.46.0-255,66,54234,44,240397
45264,0.000905,74.125.24.0-255,7156,61390,44,240397
45265,0.000912,172.31.46.0-255,66,61456,44,240397
45266,0.000924,74.125.24.0-255,3602,65058,44,240397
45267,0.000931,172.31.46.0-255,66,65124,44,240397
45268,0.001067,74.125.24.0-255,1484,66608,44,240397
45269,0.001074,74.125.24.0-255,2902,69510,44,240397
45270,0.001077,172.31.46.0-255,66,69576,44,240397
45271,0.001082,74.125.24.0-255,2902,72478,44,240397
45272,0.001084,172.31.46.0-255,66,72544,44,240397
45273,0.001119,74.125.24.0-255,2902,75446,44,240397
45274,0.001122,172.31.46.0-255,66,75512,44,240397
45275,0.001129,74.125.24.0-255,7156,82668,44,240397
45276,0.001132,172.31.46.0-255,66,82734,44,240397
45277,0.001146,172.31.46.0-255,66,82800,44,240397
45278,0.00115,74.125.24.0-255,2184,84984,44,240397
45279,0.001152,172.31.46.0-255,66,85050,44,240397
45280,0.001186,74.125.24.0-255,2902,87952,44,240397
45281,0.001189,172.31.46.0-255,66,88018,44,240397
45282,0.001197,74.125.24.0-255,7156,95174,44,240397
45283,0.001199,172.31.46.0-255,66,95240,44,240397
45284,0.001205,74.125.24.0-255,5738,100978,44,240397
45285,0.001208,172.31.46.0-255,66,101044,44,240397
45286,0.001239,74.125.24.0-255,4320,105364,44,240397
45287,0.001245,172.31.46.0-255,66,105430,44,240397
45288,0.001255,74.125.24.0-255,4320,109750,44,240397
45289,0.001257,172.31.46.0-255,66,109816,44,240397
45290,0.001293,172.31.46.0-255,66,109882,44,240397
45291,0.001305,172.31.46.0-255,66,109948,44,240397
45292,0.001333,74.125.24.0-255,4320,114268,44,240397
45293,0.001336,172.31.46.0-255,66,114334,44,240397
45294,0.001349,172.31.46.0-255,66,114400,44,240397
45295,0.001389,172.31.46.0-255,66,114466,44,240397
45296,0.0014,172.31.46.0-255,66,114532,44,240397
45297,0.001428,74.125.24.0-255,5738,120270,44,240397
45298,0.001431,172.31.46.0-255,66,120336,44,240397
45299,0.001466,172.31.46.0-255,66,120402,44,240397
45300,0.001469,74.125.24.0-255,1484,121886,44,240397
45301,0.001472,74.125.24.0-255,766,122652,44,240397
45302,0.001474,172.31.46.0-255,66,122718,44,240397
45303,0.002262,74.125.24.0-255,1484,124202,44,240397
45304,0.002269,74.125.24.0-255,2902,127104,44,240397
45305,0.002273,172.31.46.0-255,66,127170,44,240397
45306,0.002297,74.125.24.0-255,5738,132908,44,240397
45307,0.0023,172.31.46.0-255,66,132974,44,240397
45308,0.002346,172.31.46.0-255,66,133040,44,240397
45309,0.002379,172.31.46.0-255,66,133106,44,240397
45310,0.002408,74.125.24.0-255,5020,138126,44,240397
45311,0.002411,172.31.46.0-255,66,138192,44,240397
45312,0.002435,74.125.24.0-255,1484,139676,44,240397
45313,0.002442,74.125.24.0-255,2902,142578,44,240397
45314,0.002444,172.31.46.0-255,66,142644,44,240397
45315,0.00245,74.125.24.0-255,4320,146964,44,240397
45316,0.002452,172.31.46.0-255,66,147030,44,240397
45317,0.002478,74.125.24.0-255,1484,148514,44,240397
45318,0.002486,74.125.24.0-255,7156,155670,44,240397
45319,0.002488,172.31.46.0-255,66,155736,44,240397
45320,0.002496,74.125.24.0-255,7156,162892,44,240397
45321,0.002498,172.31.46.0-255,66,162958,44,240397
45322,0.002532,74.125.24.0-255,7156,170114,44,240397
45323,0.002535,172.31.46.0-255,66,170180,44,240397
45324,0.002539,74.125.24.0-255,2184,172364,44,240397
45325,0.002541,172.31.46.0-255,66,172430,44,240397
45326,0.002565,74.125.24.0-255,4320,176750,44,240397
45327,0.002567,172.31.46.0-255,66,176816,44,240397
45328,0.002604,172.31.46.0-255,66,176882,44,240397
45329,0.00262,172.31.46.0-255,66,176948,44,240397
45330,0.005178,74.125.24.0-255,5738,182686,44,240397
45331,0.005196,172.31.46.0-255,66,182752,44,240397
45332,0.007761,74.125.24.0-255,5738,188490,44,240397
45333,0.007765,172.31.46.0-255,66,188556,44,240397
45334,0.01034,74.125.24.0-255,5738,194294,44,240397
45335,0.010353,172.31.46.0-255,66,194360,44,240397
45336,0.012924,74.125.24.0-255,5738,200098,44,240397
45337,0.012939,172.31.46.0-255,66,200164,44,240397
45338,0.015546,74.125.24.0-255,5738,205902,44,240397
45339,0.015563,172.31.46.0-255,66,205968,44,240397
45340,0.018143,74.125.24.0-255,5738,211706,44,240397
45341,0.018161,172.31.46.0-255,66,211772,44,240397
45342,0.02073,74.125.24.0-255,5738,217510,44,240397
45343,0.020746,172.31.46.0-255,66,217576,44,240397
45344,0.023328,74.125.24.0-255,5738,223314,44,240397
45345,0.023343,172.31.46.0-255,66,223380,44,240397
45346,0.025904,74.125.24.0-255,5738,229118,44,240397
45347,0.025919,172.31.46.0-255,66,229184,44,240397
45348,0.028487,74.125.24.0-255,2837,232021,44,240397
45349,0.028499,172.31.46.0-255,66,232087,44,240397
45350,0.028743,172.31.46.0-255,105,232192,44,240397
45351,0.031266,74.125.24.0-255,66,232258,44,240397
45352,0.034074,172.31.46.0-255,172,232430,44,240397
45353,0.034112,172.31.46.0-255,1113,233543,44,240397
45354,0.034179,172.31.46.0-255,1514,235057,44,240397
45355,0.034181,172.31.46.0-255,1514,236571,44,240397
45356,0.034182,172.31.46.0-255,1514,238085,44,240397
45357,0.034184,172.31.46.0-255,1514,239599,44,240397
45358,0.034185,172.31.46.0-255,558,240157,44,240397
45359,0.036285,104.244.42.0-255,66,240223,44,240397
45360,0.036351,104.244.42.0-255,108,240331,44,240397
45361,0.036363,172.31.46.0-255,66,240397,44,240397
45362,0.0,172.217.194.0-255,146,146,44,287404
45363,2.5e-05,172.31.46.0-255,66,212,44,287404
45364,3.2e-05,172.217.194.0-255,1484,1696,44,287404
45365,3.7e-05,172.31.46.0-255,66,1762,44,287404
45366,4e-05,172.217.194.0-255,1484,3246,44,287404
45367,4.3e-05,172.31.46.0-255,66,3312,44,287404
45368,5.6e-05,172.217.194.0-255,2902,6214,44,287404
45369,6e-05,172.31.46.0-255,66,6280,44,287404
45370,6.6e-05,172.217.194.0-255,5738,12018,44,287404
45371,6.9e-05,172.31.46.0-255,66,12084,44,287404
45372,8.3e-05,172.31.46.0-255,66,12150,44,287404
45373,0.000101,172.217.194.0-255,704,12854,44,287404
45374,0.000103,172.31.46.0-255,66,12920,44,287404
45375,0.000113,172.217.194.0-255,1484,14404,44,287404
45376,0.000115,172.31.46.0-255,66,14470,44,287404
45377,0.000121,172.217.194.0-255,3961,18431,44,287404
45378,0.000123,172.31.46.0-255,66,18497,44,287404
45379,0.00015,172.217.194.0-255,2902,21399,44,287404
45380,0.000153,172.31.46.0-255,66,21465,44,287404
45381,0.000174,172.217.194.0-255,1484,22949,44,287404
45382,0.000176,172.31.46.0-255,66,23015,44,287404
45383,0.000192,172.31.46.0-255,66,23081,44,287404
45384,0.000226,172.31.46.0-255,66,23147,44,287404
45385,0.000256,172.217.194.0-255,3961,27108,44,287404
45386,0.000258,172.31.46.0-255,66,27174,44,287404
45387,0.000264,172.217.194.0-255,5631,32805,44,287404
45388,0.000267,172.31.46.0-255,66,32871,44,287404
45389,0.000273,172.217.194.0-255,435,33306,44,287404
45390,0.000275,172.31.46.0-255,66,33372,44,287404
45391,0.000435,172.217.194.0-255,1484,34856,44,287404
45392,0.000442,172.217.194.0-255,1484,36340,44,287404
45393,0.000445,172.31.46.0-255,66,36406,44,287404
45394,0.000474,172.217.194.0-255,1484,37890,44,287404
45395,0.000481,172.217.194.0-255,5738,43628,44,287404
45396,0.000483,172.31.46.0-255,66,43694,44,287404
45397,0.000489,172.217.194.0-255,6247,49941,44,287404
45398,0.000492,172.31.46.0-255,66,50007,44,287404
45399,0.000537,172.31.46.0-255,66,50073,44,287404
45400,0.000541,172.217.194.0-255,2543,52616,44,287404
45401,0.000544,172.31.46.0-255,66,52682,44,287404
45402,0.002206,172.217.194.0-255,1484,54166,44,287404
45403,0.002217,172.217.194.0-255,2902,57068,44,287404
45404,0.002222,172.31.46.0-255,66,57134,44,287404
45405,0.002228,172.217.194.0-255,1484,58618,44,287404
45406,0.002256,172.217.194.0-255,4320,62938,44,287404
45407,0.002259,172.31.46.0-255,66,63004,44,287404
45408,0.002264,172.217.194.0-255,4320,67324,44,287404
45409,0.002266,172.31.46.0-255,66,67390,44,287404
45410,0.002318,172.31.46.0-255,66,67456,44,287404
45411,0.002329,172.31.46.0-255,66,67522,44,287404
45412,0.002333,172.217.194.0-255,2902,70424,44,287404
45413,0.002341,172.31.46.0-255,66,70490,44,287404
45414,0.002383,172.31.46.0-255,66,70556,44,287404
45415,0.004758,172.217.194.0-255,5738,76294,44,287404
45416,0.004768,172.31.46.0-255,66,76360,44,287404
45417,0.007129,172.217.194.0-255,5738,82098,44,287404
45418,0.007134,172.31.46.0-255,66,82164,44,287404
45419,0.009471,172.217.194.0-255,5738,87902,44,287404
45420,0.009487,172.31.46.0-255,66,87968,44,287404
45421,0.011866,172.217.194.0-255,5738,93706,44,287404
45422,0.011875,172.31.46.0-255,66,93772,44,287404
45423,0.014241,172.217.194.0-255,5738,99510,44,287404
45424,0.014249,172.31.46.0-255,66,99576,44,287404
45425,0.01657,172.217.194.0-255,5738,105314,44,287404
45426,0.016578,172.31.46.0-255,66,105380,44,287404
45427,0.018942,172.217.194.0-255,5738,111118,44,287404
45428,0.01895,172.31.46.0-255,66,111184,44,287404
45429,0.021326,172.217.194.0-255,5738,116922,44,287404
45430,0.021333,172.31.46.0-255,66,116988,44,287404
45431,0.023704,172.217.194.0-255,5738,122726,44,287404
45432,0.023712,172.31.46.0-255,66,122792,44,287404
45433,0.02608,172.217.194.0-255,5738,128530,44,287404
45434,0.02609,172.31.46.0-255,66,128596,44,287404
45435,0.028445,172.217.194.0-255,5738,134334,44,287404
45436,0.028454,172.31.46.0-255,66,134400,44,287404
45437,0.030808,172.217.194.0-255,4320,138720,44,287404
45438,0.030815,172.31.46.0-255,66,138786,44,287404
45439,0.030842,172.217.194.0-255,1484,140270,44,287404
45440,0.033174,172.217.194.0-255,4320,144590,44,287404
45441,0.033189,172.31.46.0-255,66,144656,44,287404
45442,0.035548,172.217.194.0-255,5738,150394,44,287404
45443,0.035562,172.31.46.0-255,66,150460,44,287404
45444,0.037931,172.217.194.0-255,5738,156198,44,287404
45445,0.037944,172.31.46.0-255,66,156264,44,287404
45446,0.040304,172.217.194.0-255,5738,162002,44,287404
45447,0.040316,172.31.46.0-255,66,162068,44,287404
45448,0.04266,172.217.194.0-255,5738,167806,44,287404
45449,0.042676,172.31.46.0-255,66,167872,44,287404
45450,0.045061,172.217.194.0-255,5738,173610,44,287404
45451,0.045077,172.31.46.0-255,66,173676,44,287404
45452,0.04742,172.217.194.0-255,5738,179414,44,287404
45453,0.047429,172.31.46.0-255,66,179480,44,287404
45454,0.049228,172.31.46.0-255,172,179652,44,287404
45455,0.049267,172.31.46.0-255,1114,180766,44,287404
45456,0.049341,172.31.46.0-255,1514,182280,44,287404
45457,0.049343,172.31.46.0-255,1514,183794,44,287404
45458,0.049344,172.31.46.0-255,1514,185308,44,287404
45459,0.049346,172.31.46.0-255,1514,186822,44,287404
45460,0.049373,172.31.46.0-255,1514,188336,44,287404
45461,0.049375,172.31.46.0-255,70,188406,44,287404
45462,0.049795,172.217.194.0-255,5738,194144,44,287404
45463,0.049805,172.31.46.0-255,66,194210,44,287404
45464,0.050803,104.244.42.0-255,66,194276,44,287404
45465,0.050841,104.244.42.0-255,66,194342,44,287404
45466,0.050955,104.244.42.0-255,66,194408,44,287404
45467,0.050962,104.244.42.0-255,66,194474,44,287404
45468,0.050965,104.244.42.0-255,66,194540,44,287404
45469,0.052155,172.217.194.0-255,5738,200278,44,287404
45470,0.052167,172.31.46.0-255,66,200344,44,287404
45471,0.054573,172.217.194.0-255,5738,206082,44,287404
45472,0.054581,172.31.46.0-255,66,206148,44,287404
45473,0.056933,172.217.194.0-255,5738,211886,44,287404
45474,0.05694,172.31.46.0-255,66,211952,44,287404
45475,0.059327,172.217.194.0-255,5738,217690,44,287404
45476,0.059342,172.31.46.0-255,66,217756,44,287404
45477,0.061683,172.217.194.0-255,5738,223494,44,287404
45478,0.06169,172.31.46.0-255,66,223560,44,287404
45479,0.064057,172.217.194.0-255,5738,229298,44,287404
45480,0.064064,172.31.46.0-255,66,229364,44,287404
45481,0.066417,172.217.194.0-255,5738,235102,44,287404
45482,0.066425,172.31.46.0-255,66,235168,44,287404
45483,0.068797,172.217.194.0-255,5738,240906,44,287404
45484,0.06881,172.31.46.0-255,66,240972,44,287404
45485,0.071148,172.217.194.0-255,5738,246710,44,287404
45486,0.071157,172.31.46.0-255,66,246776,44,287404
45487,0.073537,172.217.194.0-255,5738,252514,44,287404
45488,0.073546,172.31.46.0-255,66,252580,44,287404
45489,0.075897,172.217.194.0-255,5738,258318,44,287404
45490,0.075912,172.31.46.0-255,66,258384,44,287404
45491,0.078278,172.217.194.0-255,5738,264122,44,287404
45492,0.078288,172.31.46.0-255,66,264188,44,287404
45493,0.080678,172.217.194.0-255,5738,269926,44,287404
45494,0.080685,172.31.46.0-255,66,269992,44,287404
45495,0.083077,172.217.194.0-255,5738,275730,44,287404
45496,0.083086,172.31.46.0-255,66,275796,44,287404
45497,0.085416,172.217.194.0-255,5738,281534,44,287404
45498,0.085423,172.31.46.0-255,66,281600,44,287404
45499,0.087745,172.217.194.0-255,5738,287338,44,287404
45500,0.087751,172.31.46.0-255,66,287404,44,287404
45501,0.0,172.217.194.0-255,147,147,44,171022
45502,2.3e-05,172.31.46.0-255,66,213,44,171022
45503,3e-05,172.217.194.0-255,1484,1697,44,171022
45504,3.6e-05,172.31.46.0-255,66,1763,44,171022
45505,5e-05,172.217.194.0-255,2902,4665,44,171022
45506,5.5e-05,172.31.46.0-255,66,4731,44,171022
45507,6.1e-05,172.217.194.0-255,4320,9051,44,171022
45508,6.4e-05,172.31.46.0-255,66,9117,44,171022
45509,7e-05,172.217.194.0-255,4909,14026,44,171022
45510,7.3e-05,172.31.46.0-255,66,14092,44,171022
45511,8.7e-05,172.31.46.0-255,66,14158,44,171022
45512,9.1e-05,172.217.194.0-255,2902,17060,44,171022
45513,9.4e-05,172.31.46.0-255,66,17126,44,171022
45514,0.000139,172.31.46.0-255,66,17192,44,171022
45515,0.000151,172.31.46.0-255,66,17258,44,171022
45516,0.000157,172.217.194.0-255,5738,22996,44,171022
45517,0.00016,172.31.46.0-255,66,23062,44,171022
45518,0.000186,172.217.194.0-255,4320,27382,44,171022
45519,0.00019,172.31.46.0-255,66,27448,44,171022
45520,0.0002,172.31.46.0-255,66,27514,44,171022
45521,0.000569,172.217.194.0-255,1484,28998,44,171022
45522,0.000575,172.31.46.0-255,66,29064,44,171022
45523,0.000582,172.217.194.0-255,2902,31966,44,171022
45524,0.000585,172.31.46.0-255,66,32032,44,171022
45525,0.000596,172.217.194.0-255,5738,37770,44,171022
45526,0.000598,172.31.46.0-255,66,37836,44,171022
45527,0.000601,172.217.194.0-255,1484,39320,44,171022
45528,0.000603,172.31.46.0-255,66,39386,44,171022
45529,0.000639,172.31.46.0-255,66,39452,44,171022
45530,0.000651,172.31.46.0-255,66,39518,44,171022
45531,0.000707,172.217.194.0-255,1484,41002,44,171022
45532,0.000712,172.217.194.0-255,1484,42486,44,171022
45533,0.000716,172.31.46.0-255,66,42552,44,171022
45534,0.000745,172.217.194.0-255,1484,44036,44,171022
45535,0.000752,172.217.194.0-255,5738,49774,44,171022
45536,0.000755,172.31.46.0-255,66,49840,44,171022
45537,0.000763,172.217.194.0-255,7156,56996,44,171022
45538,0.000765,172.31.46.0-255,66,57062,44,171022
45539,0.000813,172.31.46.0-255,66,57128,44,171022
45540,0.000839,172.217.194.0-255,2902,60030,44,171022
45541,0.000842,172.31.46.0-255,66,60096,44,171022
45542,0.000848,172.217.194.0-255,2184,62280,44,171022
45543,0.00085,172.31.46.0-255,66,62346,44,171022
45544,0.000853,172.217.194.0-255,1484,63830,44,171022
45545,0.000858,172.217.194.0-255,2902,66732,44,171022
45546,0.00086,172.31.46.0-255,66,66798,44,171022
45547,0.000866,172.217.194.0-255,5738,72536,44,171022
45548,0.00087,172.31.46.0-255,66,72602,44,171022
45549,0.000915,172.31.46.0-255,66,72668,44,171022
45550,0.000948,172.31.46.0-255,66,72734,44,171022
45551,0.000979,172.217.194.0-255,5020,77754,44,171022
45552,0.000981,172.31.46.0-255,66,77820,44,171022
45553,0.001087,172.217.194.0-255,1484,79304,44,171022
45554,0.001093,172.217.194.0-255,2902,82206,44,171022
45555,0.001097,172.31.46.0-255,66,82272,44,171022
45556,0.0011,172.217.194.0-255,1484,83756,44,171022
45557,0.001126,172.217.194.0-255,4320,88076,44,171022
45558,0.001129,172.31.46.0-255,66,88142,44,171022
45559,0.001156,172.31.46.0-255,66,88208,44,171022
45560,0.001168,172.31.46.0-255,66,88274,44,171022
45561,0.00117,172.217.194.0-255,766,89040,44,171022
45562,0.001279,172.217.194.0-255,1484,90524,44,171022
45563,0.001283,172.31.46.0-255,66,90590,44,171022
45564,0.001289,172.217.194.0-255,2902,93492,44,171022
45565,0.001291,172.31.46.0-255,66,93558,44,171022
45566,0.001301,172.217.194.0-255,4320,97878,44,171022
45567,0.001304,172.31.46.0-255,66,97944,44,171022
45568,0.001325,172.217.194.0-255,1484,99428,44,171022
45569,0.001339,172.31.46.0-255,66,99494,44,171022
45570,0.001346,172.217.194.0-255,5738,105232,44,171022
45571,0.001348,172.31.46.0-255,66,105298,44,171022
45572,0.001379,172.217.194.0-255,5020,110318,44,171022
45573,0.001382,172.31.46.0-255,66,110384,44,171022
45574,0.001634,172.217.194.0-255,1484,111868,44,171022
45575,0.001642,172.217.194.0-255,2902,114770,44,171022
45576,0.001646,172.31.46.0-255,66,114836,44,171022
45577,0.001653,172.217.194.0-255,5738,120574,44,171022
45578,0.001656,172.31.46.0-255,66,120640,44,171022
45579,0.001677,172.31.46.0-255,66,120706,44,171022
45580,0.001707,172.217.194.0-255,4320,125026,44,171022
45581,0.001711,172.31.46.0-255,66,125092,44,171022
45582,0.001717,172.217.194.0-255,5738,130830,44,171022
45583,0.001719,172.31.46.0-255,66,130896,44,171022
45584,0.001753,172.217.194.0-255,5020,135916,44,171022
45585,0.001755,172.31.46.0-255,66,135982,44,171022
45586,0.001788,172.217.194.0-255,1484,137466,44,171022
45587,0.001793,172.217.194.0-255,2902,140368,44,171022
45588,0.001796,172.31.46.0-255,66,140434,44,171022
45589,0.001822,172.217.194.0-255,5738,146172,44,171022
45590,0.001824,172.31.46.0-255,66,146238,44,171022
45591,0.001829,172.217.194.0-255,2902,149140,44,171022
45592,0.001831,172.31.46.0-255,66,149206,44,171022
45593,0.001872,172.31.46.0-255,66,149272,44,171022
45594,0.001884,172.31.46.0-255,66,149338,44,171022
45595,0.001936,172.217.194.0-255,1484,150822,44,171022
45596,0.001952,172.217.194.0-255,2902,153724,44,171022
45597,0.001988,172.217.194.0-255,4320,158044,44,171022
45598,0.001992,172.31.46.0-255,66,158110,44,171022
45599,0.001995,172.31.46.0-255,66,158176,44,171022
45600,0.002002,172.217.194.0-255,1484,159660,44,171022
45601,0.002017,172.31.46.0-255,66,159726,44,171022
45602,0.002083,172.31.46.0-255,66,159792,44,171022
45603,0.002086,172.31.46.0-255,66,159858,44,171022
45604,0.002111,172.217.194.0-255,1484,161342,44,171022
45605,0.002133,172.31.46.0-255,66,161408,44,171022
45606,0.002154,172.31.46.0-255,66,161474,44,171022
45607,0.002157,172.217.194.0-255,105,161579,44,171022
45608,0.004391,172.31.46.0-255,66,161645,44,171022
45609,0.00443,172.31.46.0-255,105,161750,44,171022
45610,0.00665,172.217.194.0-255,66,161816,44,171022
45611,0.037527,172.31.46.0-255,188,162004,44,171022
45612,0.037559,172.31.46.0-255,955,162959,44,171022
45613,0.037808,172.31.46.0-255,1514,164473,44,171022
45614,0.03781,172.31.46.0-255,1514,165987,44,171022
45615,0.037815,172.31.46.0-255,1514,167501,44,171022
45616,0.037817,172.31.46.0-255,1514,169015,44,171022
45617,0.037836,172.31.46.0-255,1514,170529,44,171022
45618,0.037838,172.31.46.0-255,229,170758,44,171022
45619,0.039069,104.244.42.0-255,66,170824,44,171022
45620,0.03908,104.244.42.0-255,66,170890,44,171022
45621,0.03939,104.244.42.0-255,66,170956,44,171022
45622,0.039409,104.244.42.0-255,66,171022,44,171022
45623,0.0,172.217.27.0-255,146,146,44,354948
45624,2.2e-05,172.31.46.0-255,66,212,44,354948
45625,2.9e-05,172.217.27.0-255,1484,1696,44,354948
45626,3.3e-05,172.31.46.0-255,66,1762,44,354948
45627,4.6e-05,172.217.27.0-255,2902,4664,44,354948
45628,5.1e-05,172.31.46.0-255,66,4730,44,354948
45629,5.7e-05,172.217.27.0-255,5738,10468,44,354948
45630,6e-05,172.31.46.0-255,66,10534,44,354948
45631,6.5e-05,172.217.27.0-255,4320,14854,44,354948
45632,6.7e-05,172.31.46.0-255,66,14920,44,354948
45633,0.000106,172.31.46.0-255,66,14986,44,354948
45634,0.000111,172.217.27.0-255,4320,19306,44,354948
45635,0.000113,172.31.46.0-255,66,19372,44,354948
45636,0.000144,172.217.27.0-255,3961,23333,44,354948
45637,0.000146,172.31.46.0-255,66,23399,44,354948
45638,0.000161,172.217.27.0-255,5738,29137,44,354948
45639,0.000166,172.31.46.0-255,66,29203,44,354948
45640,0.000189,172.217.27.0-255,2902,32105,44,354948
45641,0.000191,172.31.46.0-255,66,32171,44,354948
45642,0.000218,172.217.27.0-255,7156,39327,44,354948
45643,0.000221,172.31.46.0-255,66,39393,44,354948
45644,0.000245,172.217.27.0-255,1125,40518,44,354948
45645,0.000247,172.31.46.0-255,66,40584,44,354948
45646,0.000271,172.31.46.0-255,66,40650,44,354948
45647,0.000276,172.217.27.0-255,5738,46388,44,354948
45648,0.000278,172.31.46.0-255,66,46454,44,354948
45649,0.000311,172.217.27.0-255,2543,48997,44,354948
45650,0.000313,172.31.46.0-255,66,49063,44,354948
45651,0.000344,172.217.27.0-255,362,49425,44,354948
45652,0.000346,172.31.46.0-255,66,49491,44,354948
45653,0.000547,172.217.27.0-255,135,49626,44,354948
45654,0.000552,172.217.27.0-255,345,49971,44,354948
45655,0.000822,172.217.27.0-255,1484,51455,44,354948
45656,0.000827,172.31.46.0-255,66,51521,44,354948
45657,0.000832,172.217.27.0-255,2902,54423,44,354948
45658,0.000834,172.31.46.0-255,66,54489,44,354948
45659,0.000839,172.217.27.0-255,4320,58809,44,354948
45660,0.000841,172.31.46.0-255,66,58875,44,354948
45661,0.000857,172.217.27.0-255,1484,60359,44,354948
45662,0.000894,172.31.46.0-255,66,60425,44,354948
45663,0.000927,172.217.27.0-255,5738,66163,44,354948
45664,0.00093,172.31.46.0-255,66,66229,44,354948
45665,0.000959,172.217.27.0-255,5020,71249,44,354948
45666,0.000961,172.31.46.0-255,66,71315,44,354948
45667,0.001278,172.217.27.0-255,1484,72799,44,354948
45668,0.001283,172.217.27.0-255,2902,75701,44,354948
45669,0.001286,172.31.46.0-255,66,75767,44,354948
45670,0.001291,172.217.27.0-255,2902,78669,44,354948
45671,0.001293,172.31.46.0-255,66,78735,44,354948
45672,0.001315,172.217.27.0-255,2902,81637,44,354948
45673,0.001317,172.31.46.0-255,66,81703,44,354948
45674,0.001329,172.31.46.0-255,66,81769,44,354948
45675,0.001357,172.217.27.0-255,1484,83253,44,354948
45676,0.001364,172.217.27.0-255,7156,90409,44,354948
45677,0.00137,172.31.46.0-255,66,90475,44,354948
45678,0.001393,172.217.27.0-255,3602,94077,44,354948
45679,0.001396,172.31.46.0-255,66,94143,44,354948
45680,0.001501,172.217.27.0-255,1484,95627,44,354948
45681,0.001506,172.217.27.0-255,2902,98529,44,354948
45682,0.001508,172.31.46.0-255,66,98595,44,354948
45683,0.001537,172.217.27.0-255,5738,104333,44,354948
45684,0.00154,172.31.46.0-255,66,104399,44,354948
45685,0.001546,172.217.27.0-255,5738,110137,44,354948
45686,0.001547,172.31.46.0-255,66,110203,44,354948
45687,0.001583,172.217.27.0-255,2902,113105,44,354948
45688,0.001585,172.31.46.0-255,66,113171,44,354948
45689,0.001612,172.217.27.0-255,4320,117491,44,354948
45690,0.001618,172.31.46.0-255,66,117557,44,354948
45691,0.001629,172.31.46.0-255,66,117623,44,354948
45692,0.001632,172.217.27.0-255,1484,119107,44,354948
45693,0.001642,172.217.27.0-255,2902,122009,44,354948
45694,0.001644,172.31.46.0-255,66,122075,44,354948
45695,0.001663,172.217.27.0-255,1484,123559,44,354948
45696,0.003264,172.217.27.0-255,4320,127879,44,354948
45697,0.00327,172.31.46.0-255,66,127945,44,354948
45698,0.004903,172.217.27.0-255,5738,133683,44,354948
45699,0.00491,172.31.46.0-255,66,133749,44,354948
45700,0.006539,172.217.27.0-255,5738,139487,44,354948
45701,0.006547,172.31.46.0-255,66,139553,44,354948
45702,0.008168,172.217.27.0-255,5738,145291,44,354948
45703,0.008174,172.31.46.0-255,66,145357,44,354948
45704,0.009793,172.217.27.0-255,5738,151095,44,354948
45705,0.009798,172.31.46.0-255,66,151161,44,354948
45706,0.011423,172.217.27.0-255,5738,156899,44,354948
45707,0.011428,172.31.46.0-255,66,156965,44,354948
45708,0.013072,172.217.27.0-255,4320,161285,44,354948
45709,0.013078,172.31.46.0-255,66,161351,44,354948
45710,0.013104,172.217.27.0-255,1484,162835,44,354948
45711,0.014716,172.217.27.0-255,4320,167155,44,354948
45712,0.014724,172.31.46.0-255,66,167221,44,354948
45713,0.016348,172.217.27.0-255,5738,172959,44,354948
45714,0.016354,172.31.46.0-255,66,173025,44,354948
45715,0.017976,172.217.27.0-255,5738,178763,44,354948
45716,0.017982,172.31.46.0-255,66,178829,44,354948
45717,0.019615,172.217.27.0-255,5738,184567,44,354948
45718,0.019623,172.31.46.0-255,66,184633,44,354948
45719,0.021254,172.217.27.0-255,5738,190371,44,354948
45720,0.021263,172.31.46.0-255,66,190437,44,354948
45721,0.022893,172.217.27.0-255,5738,196175,44,354948
45722,0.0229,172.31.46.0-255,66,196241,44,354948
45723,0.02453,172.217.27.0-255,5738,201979,44,354948
45724,0.024539,172.31.46.0-255,66,202045,44,354948
45725,0.02617,172.217.27.0-255,5738,207783,44,354948
45726,0.026179,172.31.46.0-255,66,207849,44,354948
45727,0.027805,172.217.27.0-255,5738,213587,44,354948
45728,0.027811,172.31.46.0-255,66,213653,44,354948
45729,0.029442,172.217.27.0-255,5738,219391,44,354948
45730,0.029449,172.31.46.0-255,66,219457,44,354948
45731,0.031076,172.217.27.0-255,5738,225195,44,354948
45732,0.031083,172.31.46.0-255,66,225261,44,354948
45733,0.032709,172.217.27.0-255,5738,230999,44,354948
45734,0.032717,172.31.46.0-255,66,231065,44,354948
45735,0.034341,172.217.27.0-255,5738,236803,44,354948
45736,0.034348,172.31.46.0-255,66,236869,44,354948
45737,0.035976,172.217.27.0-255,5738,242607,44,354948
45738,0.035984,172.31.46.0-255,66,242673,44,354948
45739,0.037609,172.217.27.0-255,5738,248411,44,354948
45740,0.037615,172.31.46.0-255,66,248477,44,354948
45741,0.039235,172.217.27.0-255,4320,252797,44,354948
45742,0.039241,172.31.46.0-255,66,252863,44,354948
45743,0.039266,172.217.27.0-255,1484,254347,44,354948
45744,0.040875,172.217.27.0-255,4320,258667,44,354948
45745,0.040885,172.31.46.0-255,66,258733,44,354948
45746,0.042515,172.217.27.0-255,5738,264471,44,354948
45747,0.042522,172.31.46.0-255,66,264537,44,354948
45748,0.044167,172.217.27.0-255,5738,270275,44,354948
45749,0.044174,172.31.46.0-255,66,270341,44,354948
45750,0.045794,172.31.46.0-255,172,270513,44,354948
45751,0.045802,172.217.27.0-255,5738,276251,44,354948
45752,0.045806,172.31.46.0-255,66,276317,44,354948
45753,0.045844,172.31.46.0-255,1109,277426,44,354948
45754,0.0459,172.31.46.0-255,1514,278940,44,354948
45755,0.045902,172.31.46.0-255,1514,280454,44,354948
45756,0.045903,172.31.46.0-255,1514,281968,44,354948
45757,0.045904,172.31.46.0-255,1514,283482,44,354948
45758,0.045929,172.31.46.0-255,1514,284996,44,354948
45759,0.045934,172.31.46.0-255,78,285074,44,354948
45760,0.047294,104.244.42.0-255,66,285140,44,354948
45761,0.04734,104.244.42.0-255,66,285206,44,354948
45762,0.047427,104.244.42.0-255,66,285272,44,354948
45763,0.047467,172.217.27.0-255,5738,291010,44,354948
45764,0.047472,172.31.46.0-255,66,291076,44,354948
45765,0.047496,104.244.42.0-255,66,291142,44,354948
45766,0.049109,172.217.27.0-255,5738,296880,44,354948
45767,0.049115,172.31.46.0-255,66,296946,44,354948
45768,0.050754,172.217.27.0-255,5738,302684,44,354948
45769,0.050759,172.31.46.0-255,66,302750,44,354948
45770,0.05239,172.217.27.0-255,5738,308488,44,354948
45771,0.052395,172.31.46.0-255,66,308554,44,354948
45772,0.054023,172.217.27.0-255,5738,314292,44,354948
45773,0.05403,172.31.46.0-255,66,314358,44,354948
45774,0.055652,172.217.27.0-255,5738,320096,44,354948
45775,0.055657,172.31.46.0-255,66,320162,44,354948
45776,0.057278,172.217.27.0-255,5738,325900,44,354948
45777,0.057284,172.31.46.0-255,66,325966,44,354948
45778,0.058917,172.217.27.0-255,5738,331704,44,354948
45779,0.058926,172.31.46.0-255,66,331770,44,354948
45780,0.060569,172.217.27.0-255,5738,337508,44,354948
45781,0.060576,172.31.46.0-255,66,337574,44,354948
45782,0.062243,172.217.27.0-255,5738,343312,44,354948
45783,0.062248,172.31.46.0-255,66,343378,44,354948
45784,0.063886,172.217.27.0-255,5738,349116,44,354948
45785,0.063892,172.31.46.0-255,66,349182,44,354948
45786,0.065524,172.217.27.0-255,5529,354711,44,354948
45787,0.065531,172.31.46.0-255,66,354777,44,354948
45788,0.065712,172.31.46.0-255,105,354882,44,354948
45789,0.067307,172.217.27.0-255,66,354948,44,354948
45790,0.0,74.125.24.0-255,152,152,44,262630
45791,2.4e-05,172.31.46.0-255,66,218,44,262630
45792,3.1e-05,74.125.24.0-255,1484,1702,44,262630
45793,3.6e-05,172.31.46.0-255,66,1768,44,262630
45794,4.2e-05,74.125.24.0-255,2902,4670,44,262630
45795,5.3e-05,172.31.46.0-255,66,4736,44,262630
45796,6.1e-05,74.125.24.0-255,7156,11892,44,262630
45797,6.4e-05,172.31.46.0-255,66,11958,44,262630
45798,6.7e-05,74.125.24.0-255,1484,13442,44,262630
45799,7e-05,172.31.46.0-255,66,13508,44,262630
45800,0.000101,74.125.24.0-255,627,14135,44,262630
45801,0.000103,172.31.46.0-255,66,14201,44,262630
45802,0.000108,74.125.24.0-255,2902,17103,44,262630
45803,0.00011,172.31.46.0-255,66,17169,44,262630
45804,0.000123,74.125.24.0-255,7156,24325,44,262630
45805,0.000125,172.31.46.0-255,66,24391,44,262630
45806,0.000131,74.125.24.0-255,6797,31188,44,262630
45807,0.000134,172.31.46.0-255,66,31254,44,262630
45808,0.000222,74.125.24.0-255,1484,32738,44,262630
45809,0.000226,172.31.46.0-255,66,32804,44,262630
45810,0.000231,74.125.24.0-255,2902,35706,44,262630
45811,0.000233,172.31.46.0-255,66,35772,44,262630
45812,0.000263,74.125.24.0-255,5738,41510,44,262630
45813,0.000265,172.31.46.0-255,66,41576,44,262630
45814,0.000272,74.125.24.0-255,5738,47314,44,262630
45815,0.000274,172.31.46.0-255,66,47380,44,262630
45816,0.000301,172.31.46.0-255,66,47446,44,262630
45817,0.000334,172.31.46.0-255,66,47512,44,262630
45818,0.000401,74.125.24.0-255,395,47907,44,262630
45819,0.000403,172.31.46.0-255,66,47973,44,262630
45820,0.00059,74.125.24.0-255,348,48321,44,262630
45821,0.000705,74.125.24.0-255,1484,49805,44,262630
45822,0.000709,172.31.46.0-255,66,49871,44,262630
45823,0.000715,74.125.24.0-255,2902,52773,44,262630
45824,0.000717,172.31.46.0-255,66,52839,44,262630
45825,0.000744,74.125.24.0-255,5738,58577,44,262630
45826,0.000746,172.31.46.0-255,66,58643,44,262630
45827,0.000754,74.125.24.0-255,7156,65799,44,262630
45828,0.000761,172.31.46.0-255,66,65865,44,262630
45829,0.000795,172.31.46.0-255,66,65931,44,262630
45830,0.0008,74.125.24.0-255,2184,68115,44,262630
45831,0.000802,172.31.46.0-255,66,68181,44,262630
45832,0.001208,74.125.24.0-255,1484,69665,44,262630
45833,0.001213,74.125.24.0-255,2902,72567,44,262630
45834,0.001223,172.31.46.0-255,66,72633,44,262630
45835,0.00123,74.125.24.0-255,5738,78371,44,262630
45836,0.001233,172.31.46.0-255,66,78437,44,262630
45837,0.001266,74.125.24.0-255,5738,84175,44,262630
45838,0.001268,172.31.46.0-255,66,84241,44,262630
45839,0.001287,172.31.46.0-255,66,84307,44,262630
45840,0.001318,74.125.24.0-255,5020,89327,44,262630
45841,0.00132,172.31.46.0-255,66,89393,44,262630
45842,0.001444,74.125.24.0-255,1484,90877,44,262630
45843,0.00145,74.125.24.0-255,2902,93779,44,262630
45844,0.001453,172.31.46.0-255,66,93845,44,262630
45845,0.00146,74.125.24.0-255,4320,98165,44,262630
45846,0.001462,172.31.46.0-255,66,98231,44,262630
45847,0.001478,74.125.24.0-255,1484,99715,44,262630
45848,0.001514,172.31.46.0-255,66,99781,44,262630
45849,0.001524,172.31.46.0-255,66,99847,44,262630
45850,0.00155,74.125.24.0-255,2184,102031,44,262630
45851,0.001552,172.31.46.0-255,66,102097,44,262630
45852,0.001616,74.125.24.0-255,1484,103581,44,262630
45853,0.00162,74.125.24.0-255,1484,105065,44,262630
45854,0.001623,172.31.46.0-255,66,105131,44,262630
45855,0.00165,74.125.24.0-255,1484,106615,44,262630
45856,0.001657,74.125.24.0-255,5738,112353,44,262630
45857,0.00166,172.31.46.0-255,66,112419,44,262630
45858,0.001666,74.125.24.0-255,5738,118157,44,262630
45859,0.001668,172.31.46.0-255,66,118223,44,262630
45860,0.001686,172.31.46.0-255,66,118289,44,262630
45861,0.00171,74.125.24.0-255,5020,123309,44,262630
45862,0.001712,172.31.46.0-255,66,123375,44,262630
45863,0.001899,74.125.24.0-255,1484,124859,44,262630
45864,0.001905,74.125.24.0-255,2902,127761,44,262630
45865,0.001908,172.31.46.0-255,66,127827,44,262630
45866,0.001914,74.125.24.0-255,4320,132147,44,262630
45867,0.001916,172.31.46.0-255,66,132213,44,262630
45868,0.001949,74.125.24.0-255,1484,133697,44,262630
45869,0.00196,172.31.46.0-255,66,133763,44,262630
45870,0.001994,74.125.24.0-255,2902,136665,44,262630
45871,0.001997,172.31.46.0-255,66,136731,44,262630
45872,0.002013,172.31.46.0-255,66,136797,44,262630
45873,0.002016,74.125.24.0-255,766,137563,44,262630
45874,0.002039,74.125.24.0-255,1484,139047,44,262630
45875,0.002042,172.31.46.0-255,66,139113,44,262630
45876,0.002047,74.125.24.0-255,4320,143433,44,262630
45877,0.002049,172.31.46.0-255,66,143499,44,262630
45878,0.002086,172.31.46.0-255,66,143565,44,262630
45879,0.002113,172.31.46.0-255,66,143631,44,262630
45880,0.00212,74.125.24.0-255,6438,150069,44,262630
45881,0.002122,172.31.46.0-255,66,150135,44,262630
45882,0.002187,74.125.24.0-255,1484,151619,44,262630
45883,0.002193,74.125.24.0-255,2902,154521,44,262630
45884,0.002195,172.31.46.0-255,66,154587,44,262630
45885,0.002202,74.125.24.0-255,5738,160325,44,262630
45886,0.002204,172.31.46.0-255,66,160391,44,262630
45887,0.002234,172.31.46.0-255,66,160457,44,262630
45888,0.002284,172.31.46.0-255,66,160523,44,262630
45889,0.002307,74.125.24.0-255,766,161289,44,262630
45890,0.002311,74.125.24.0-255,1484,162773,44,262630
45891,0.002313,172.31.46.0-255,66,162839,44,262630
45892,0.002338,74.125.24.0-255,7156,169995,44,262630
45893,0.002341,172.31.46.0-255,66,170061,44,262630
45894,0.002349,74.125.24.0-255,7156,177217,44,262630
45895,0.002352,172.31.46.0-255,66,177283,44,262630
45896,0.004682,74.125.24.0-255,5738,183021,44,262630
45897,0.004691,172.31.46.0-255,66,183087,44,262630
45898,0.007,74.125.24.0-255,5738,188825,44,262630
45899,0.007008,172.31.46.0-255,66,188891,44,262630
45900,0.009325,74.125.24.0-255,5738,194629,44,262630
45901,0.009331,172.31.46.0-255,66,194695,44,262630
45902,0.011657,74.125.24.0-255,5738,200433,44,262630
45903,0.011666,172.31.46.0-255,66,200499,44,262630
45904,0.014007,74.125.24.0-255,5738,206237,44,262630
45905,0.014021,172.31.46.0-255,66,206303,44,262630
45906,0.016347,74.125.24.0-255,5738,212041,44,262630
45907,0.01636,172.31.46.0-255,66,212107,44,262630
45908,0.018688,74.125.24.0-255,5738,217845,44,262630
45909,0.018699,172.31.46.0-255,66,217911,44,262630
45910,0.021025,74.125.24.0-255,5738,223649,44,262630
45911,0.02104,172.31.46.0-255,66,223715,44,262630
45912,0.023374,74.125.24.0-255,5738,229453,44,262630
45913,0.023388,172.31.46.0-255,66,229519,44,262630
45914,0.025726,74.125.24.0-255,5738,235257,44,262630
45915,0.025742,172.31.46.0-255,66,235323,44,262630
45916,0.028075,74.125.24.0-255,5738,241061,44,262630
45917,0.028091,172.31.46.0-255,66,241127,44,262630
45918,0.030442,74.125.24.0-255,5738,246865,44,262630
45919,0.030453,172.31.46.0-255,66,246931,44,262630
45920,0.032784,74.125.24.0-255,5738,252669,44,262630
45921,0.032793,172.31.46.0-255,66,252735,44,262630
45922,0.035082,74.125.24.0-255,292,253027,44,262630
45923,0.035228,172.31.46.0-255,66,253093,44,262630
45924,0.035269,172.31.46.0-255,105,253198,44,262630
45925,0.037562,74.125.24.0-255,66,253264,44,262630
45926,0.04993,172.31.46.0-255,172,253436,44,262630
45927,0.04997,172.31.46.0-255,1114,254550,44,262630
45928,0.050044,172.31.46.0-255,1514,256064,44,262630
45929,0.050046,172.31.46.0-255,1514,257578,44,262630
45930,0.050052,172.31.46.0-255,1514,259092,44,262630
45931,0.050054,172.31.46.0-255,1514,260606,44,262630
45932,0.05007,172.31.46.0-255,1514,262120,44,262630
45933,0.050071,172.31.46.0-255,72,262192,44,262630
45934,0.051427,104.244.42.0-255,66,262258,44,262630
45935,0.051464,104.244.42.0-255,66,262324,44,262630
45936,0.051573,104.244.42.0-255,66,262390,44,262630
45937,0.05158,104.244.42.0-255,66,262456,44,262630
45938,0.052165,104.244.42.0-255,108,262564,44,262630
45939,0.052176,172.31.46.0-255,66,262630,44,262630
45940,0.0,74.125.24.0-255,152,152,44,335711
45941,1.9e-05,172.31.46.0-255,66,218,44,335711
45942,2.5e-05,74.125.24.0-255,1484,1702,44,335711
45943,2.9e-05,172.31.46.0-255,66,1768,44,335711
45944,4.1e-05,74.125.24.0-255,2902,4670,44,335711
45945,4.5e-05,172.31.46.0-255,66,4736,44,335711
45946,5.1e-05,74.125.24.0-255,5738,10474,44,335711
45947,5.4e-05,172.31.46.0-255,66,10540,44,335711
45948,5.9e-05,74.125.24.0-255,3357,13897,44,335711
45949,6.2e-05,172.31.46.0-255,66,13963,44,335711
45950,0.000183,74.125.24.0-255,1484,15447,44,335711
45951,0.000188,172.31.46.0-255,66,15513,44,335711
45952,0.000193,74.125.24.0-255,2902,18415,44,335711
45953,0.000195,172.31.46.0-255,66,18481,44,335711
45954,0.000201,74.125.24.0-255,4320,22801,44,335711
45955,0.000207,172.31.46.0-255,66,22867,44,335711
45956,0.000231,74.125.24.0-255,1484,24351,44,335711
45957,0.000233,172.31.46.0-255,66,24417,44,335711
45958,0.000238,74.125.24.0-255,4320,28737,44,335711
45959,0.00024,172.31.46.0-255,66,28803,44,335711
45960,0.000263,74.125.24.0-255,2543,31346,44,335711
45961,0.000265,172.31.46.0-255,66,31412,44,335711
45962,0.000455,74.125.24.0-255,1484,32896,44,335711
45963,0.000459,172.31.46.0-255,66,32962,44,335711
45964,0.000465,74.125.24.0-255,2902,35864,44,335711
45965,0.000467,172.31.46.0-255,66,35930,44,335711
45966,0.000489,74.125.24.0-255,5738,41668,44,335711
45967,0.000492,172.31.46.0-255,66,41734,44,335711
45968,0.000501,74.125.24.0-255,4320,46054,44,335711
45969,0.000503,172.31.46.0-255,66,46120,44,335711
45970,0.000535,172.31.46.0-255,66,46186,44,335711
45971,0.000542,74.125.24.0-255,7156,53342,44,335711
45972,0.000546,172.31.46.0-255,66,53408,44,335711
45973,0.000563,74.125.24.0-255,2877,56285,44,335711
45974,0.000565,172.31.46.0-255,66,56351,44,335711
45975,0.000605,74.125.24.0-255,111,56462,44,335711
45976,0.000632,74.125.24.0-255,330,56792,44,335711
45977,0.000961,172.31.46.0-255,66,56858,44,335711
45978,0.000986,74.125.24.0-255,1484,58342,44,335711
45979,0.000991,74.125.24.0-255,2902,61244,44,335711
45980,0.000993,172.31.46.0-255,66,61310,44,335711
45981,0.000998,74.125.24.0-255,2902,64212,44,335711
45982,0.000999,172.31.46.0-255,66,64278,44,335711
45983,0.001021,74.125.24.0-255,2902,67180,44,335711
45984,0.001027,172.31.46.0-255,66,67246,44,335711
45985,0.001037,172.31.46.0-255,66,67312,44,335711
45986,0.001081,74.125.24.0-255,7156,74468,44,335711
45987,0.001083,172.31.46.0-255,66,74534,44,335711
45988,0.001103,74.125.24.0-255,6438,80972,44,335711
45989,0.001105,172.31.46.0-255,66,81038,44,335711
45990,0.001152,74.125.24.0-255,1484,82522,44,335711
45991,0.001156,74.125.24.0-255,1484,84006,44,335711
45992,0.001159,172.31.46.0-255,66,84072,44,335711
45993,0.001185,74.125.24.0-255,1484,85556,44,335711
45994,0.001191,74.125.24.0-255,4320,89876,44,335711
45995,0.001193,172.31.46.0-255,66,89942,44,335711
45996,0.001203,172.31.46.0-255,66,90008,44,335711
45997,0.001257,74.125.24.0-255,5738,95746,44,335711
45998,0.001259,172.31.46.0-255,66,95812,44,335711
45999,0.001282,172.31.46.0-255,66,95878,44,335711
46000,0.001406,74.125.24.0-255,1484,97362,44,335711
46001,0.001411,74.125.24.0-255,2902,100264,44,335711
46002,0.001414,172.31.46.0-255,66,100330,44,335711
46003,0.001448,74.125.24.0-255,5738,106068,44,335711
46004,0.00145,172.31.46.0-255,66,106134,44,335711
46005,0.00146,172.31.46.0-255,66,106200,44,335711
46006,0.001491,74.125.24.0-255,4320,110520,44,335711
46007,0.001494,172.31.46.0-255,66,110586,44,335711
46008,0.001505,172.31.46.0-255,66,110652,44,335711
46009,0.001661,74.125.24.0-255,1484,112136,44,335711
46010,0.001666,74.125.24.0-255,2902,115038,44,335711
46011,0.001669,172.31.46.0-255,66,115104,44,335711
46012,0.001674,74.125.24.0-255,4320,119424,44,335711
46013,0.001676,172.31.46.0-255,66,119490,44,335711
46014,0.001695,74.125.24.0-255,1484,120974,44,335711
46015,0.001701,74.125.24.0-255,7156,128130,44,335711
46016,0.001703,172.31.46.0-255,66,128196,44,335711
46017,0.001732,74.125.24.0-255,5738,133934,44,335711
46018,0.001734,172.31.46.0-255,66,134000,44,335711
46019,0.001744,172.31.46.0-255,66,134066,44,335711
46020,0.001802,172.31.46.0-255,101,134167,44,335711
46021,0.001958,74.125.24.0-255,1484,135651,44,335711
46022,0.001963,74.125.24.0-255,2902,138553,44,335711
46023,0.001966,172.31.46.0-255,66,138619,44,335711
46024,0.00197,74.125.24.0-255,2902,141521,44,335711
46025,0.001972,172.31.46.0-255,66,141587,44,335711
46026,0.002004,74.125.24.0-255,2902,144489,44,335711
46027,0.002006,172.31.46.0-255,66,144555,44,335711
46028,0.00201,74.125.24.0-255,4320,148875,44,335711
46029,0.002012,172.31.46.0-255,66,148941,44,335711
46030,0.002018,74.125.24.0-255,7156,156097,44,335711
46031,0.002026,172.31.46.0-255,66,156163,44,335711
46032,0.003721,74.125.24.0-255,66,156229,44,335711
46033,0.003978,74.125.24.0-255,2902,159131,44,335711
46034,0.003983,172.31.46.0-255,66,159197,44,335711
46035,0.004009,74.125.24.0-255,2902,162099,44,335711
46036,0.004012,172.31.46.0-255,66,162165,44,335711
46037,0.005955,74.125.24.0-255,4320,166485,44,335711
46038,0.005959,172.31.46.0-255,66,166551,44,335711
46039,0.005984,74.125.24.0-255,1484,168035,44,335711
46040,0.007915,74.125.24.0-255,4320,172355,44,335711
46041,0.007922,172.31.46.0-255,66,172421,44,335711
46042,0.009873,74.125.24.0-255,5738,178159,44,335711
46043,0.009881,172.31.46.0-255,66,178225,44,335711
46044,0.011837,74.125.24.0-255,5738,183963,44,335711
46045,0.011845,172.31.46.0-255,66,184029,44,335711
46046,0.013814,74.125.24.0-255,5738,189767,44,335711
46047,0.013821,172.31.46.0-255,66,189833,44,335711
46048,0.015764,74.125.24.0-255,5738,195571,44,335711
46049,0.015771,172.31.46.0-255,66,195637,44,335711
46050,0.017714,74.125.24.0-255,5738,201375,44,335711
46051,0.017723,172.31.46.0-255,66,201441,44,335711
46052,0.01968,74.125.24.0-255,5738,207179,44,335711
46053,0.01969,172.31.46.0-255,66,207245,44,335711
46054,0.021648,74.125.24.0-255,5738,212983,44,335711
46055,0.021654,172.31.46.0-255,66,213049,44,335711
46056,0.023606,74.125.24.0-255,5738,218787,44,335711
46057,0.023612,172.31.46.0-255,66,218853,44,335711
46058,0.025592,74.125.24.0-255,5738,224591,44,335711
46059,0.025598,172.31.46.0-255,66,224657,44,335711
46060,0.027556,74.125.24.0-255,5738,230395,44,335711
46061,0.027564,172.31.46.0-255,66,230461,44,335711
46062,0.029521,74.125.24.0-255,5738,236199,44,335711
46063,0.029528,172.31.46.0-255,66,236265,44,335711
46064,0.031521,74.125.24.0-255,5738,242003,44,335711
46065,0.031528,172.31.46.0-255,66,242069,44,335711
46066,0.033496,74.125.24.0-255,5738,247807,44,335711
46067,0.033503,172.31.46.0-255,66,247873,44,335711
46068,0.035451,74.125.24.0-255,5738,253611,44,335711
46069,0.035459,172.31.46.0-255,66,253677,44,335711
46070,0.037016,172.31.46.0-255,172,253849,44,335711
46071,0.037048,172.31.46.0-255,1113,254962,44,335711
46072,0.037117,172.31.46.0-255,1514,256476,44,335711
46073,0.037119,172.31.46.0-255,1514,257990,44,335711
46074,0.03712,172.31.46.0-255,1514,259504,44,335711
46075,0.037121,172.31.46.0-255,1514,261018,44,335711
46076,0.037122,172.31.46.0-255,1514,262532,44,335711
46077,0.037151,172.31.46.0-255,71,262603,44,335711
46078,0.037435,74.125.24.0-255,5738,268341,44,335711
46079,0.037442,172.31.46.0-255,66,268407,44,335711
46080,0.038501,104.244.42.0-255,66,268473,44,335711
46081,0.038523,104.244.42.0-255,66,268539,44,335711
46082,0.038627,104.244.42.0-255,66,268605,44,335711
46083,0.038633,104.244.42.0-255,66,268671,44,335711
46084,0.039222,104.244.42.0-255,108,268779,44,335711
46085,0.03923,172.31.46.0-255,66,268845,44,335711
46086,0.03938,74.125.24.0-255,5738,274583,44,335711
46087,0.039385,172.31.46.0-255,66,274649,44,335711
46088,0.041342,74.125.24.0-255,5738,280387,44,335711
46089,0.041349,172.31.46.0-255,66,280453,44,335711
46090,0.04331,74.125.24.0-255,5738,286191,44,335711
46091,0.043318,172.31.46.0-255,66,286257,44,335711
46092,0.045294,74.125.24.0-255,5738,291995,44,335711
46093,0.045302,172.31.46.0-255,66,292061,44,335711
46094,0.047268,74.125.24.0-255,5738,297799,44,335711
46095,0.047275,172.31.46.0-255,66,297865,44,335711
46096,0.049214,74.125.24.0-255,5738,303603,44,335711
46097,0.04922,172.31.46.0-255,66,303669,44,335711
46098,0.051188,74.125.24.0-255,5738,309407,44,335711
46099,0.051193,172.31.46.0-255,66,309473,44,335711
46100,0.053158,74.125.24.0-255,5738,315211,44,335711
46101,0.053163,172.31.46.0-255,66,315277,44,335711
46102,0.055095,74.125.24.0-255,5738,321015,44,335711
46103,0.055101,172.31.46.0-255,66,321081,44,335711
46104,0.057067,74.125.24.0-255,5738,326819,44,335711
46105,0.057073,172.31.46.0-255,66,326885,44,335711
46106,0.059014,74.125.24.0-255,5738,332623,44,335711
46107,0.05902,172.31.46.0-255,66,332689,44,335711
46108,0.060974,74.125.24.0-255,2785,335474,44,335711
46109,0.06098,172.31.46.0-255,66,335540,44,335711
46110,0.061129,172.31.46.0-255,105,335645,44,335711
46111,0.067534,74.125.24.0-255,66,335711,44,335711
46112,0.0,172.217.194.0-255,143,143,44,332490
46113,2.9e-05,172.31.46.0-255,66,209,44,332490
46114,3.6e-05,172.217.194.0-255,1484,1693,44,332490
46115,4.3e-05,172.31.46.0-255,66,1759,44,332490
46116,4.9e-05,172.217.194.0-255,2902,4661,44,332490
46117,5.3e-05,172.31.46.0-255,66,4727,44,332490
46118,6.1e-05,172.217.194.0-255,7156,11883,44,332490
46119,6.5e-05,172.31.46.0-255,66,11949,44,332490
46120,6.9e-05,172.217.194.0-255,1976,13925,44,332490
46121,7.2e-05,172.31.46.0-255,66,13991,44,332490
46122,9.9e-05,172.217.194.0-255,2902,16893,44,332490
46123,0.000102,172.31.46.0-255,66,16959,44,332490
46124,0.00011,172.217.194.0-255,7156,24115,44,332490
46125,0.000112,172.31.46.0-255,66,24181,44,332490
46126,0.000169,172.217.194.0-255,5738,29919,44,332490
46127,0.000172,172.31.46.0-255,66,29985,44,332490
46128,0.000187,172.217.194.0-255,5379,35364,44,332490
46129,0.00019,172.31.46.0-255,66,35430,44,332490
46130,0.000204,172.31.46.0-255,66,35496,44,332490
46131,0.000207,172.217.194.0-255,1125,36621,44,332490
46132,0.000209,172.31.46.0-255,66,36687,44,332490
46133,0.000227,172.217.194.0-255,1484,38171,44,332490
46134,0.00023,172.31.46.0-255,66,38237,44,332490
46135,0.000235,172.217.194.0-255,4320,42557,44,332490
46136,0.000238,172.31.46.0-255,66,42623,44,332490
46137,0.000256,172.217.194.0-255,2902,45525,44,332490
46138,0.000259,172.31.46.0-255,66,45591,44,332490
46139,0.000276,172.217.194.0-255,7156,52747,44,332490
46140,0.000278,172.217.194.0-255,1420,54167,44,332490
46141,0.000282,172.31.46.0-255,66,54233,44,332490
46142,0.000286,172.31.46.0-255,66,54299,44,332490
46143,0.000884,172.217.194.0-255,382,54681,44,332490
46144,0.001025,172.217.194.0-255,1484,56165,44,332490
46145,0.001032,172.31.46.0-255,66,56231,44,332490
46146,0.001038,172.217.194.0-255,2902,59133,44,332490
46147,0.00104,172.31.46.0-255,66,59199,44,332490
46148,0.001047,172.217.194.0-255,5738,64937,44,332490
46149,0.00105,172.31.46.0-255,66,65003,44,332490
46150,0.001087,172.217.194.0-255,6797,71800,44,332490
46151,0.001089,172.31.46.0-255,66,71866,44,332490
46152,0.001286,172.217.194.0-255,1484,73350,44,332490
46153,0.001307,172.217.194.0-255,2902,76252,44,332490
46154,0.00131,172.31.46.0-255,66,76318,44,332490
46155,0.001314,172.217.194.0-255,1484,77802,44,332490
46156,0.001332,172.217.194.0-255,4320,82122,44,332490
46157,0.001334,172.31.46.0-255,66,82188,44,332490
46158,0.001339,172.217.194.0-255,4320,86508,44,332490
46159,0.001342,172.31.46.0-255,66,86574,44,332490
46160,0.001361,172.217.194.0-255,2543,89117,44,332490
46161,0.001363,172.31.46.0-255,66,89183,44,332490
46162,0.001928,172.217.194.0-255,1484,90667,44,332490
46163,0.001938,172.217.194.0-255,2902,93569,44,332490
46164,0.001944,172.31.46.0-255,66,93635,44,332490
46165,0.001951,172.217.194.0-255,4320,97955,44,332490
46166,0.001954,172.31.46.0-255,66,98021,44,332490
46167,0.001985,172.217.194.0-255,1484,99505,44,332490
46168,0.002001,172.31.46.0-255,66,99571,44,332490
46169,0.002015,172.31.46.0-255,66,99637,44,332490
46170,0.004099,172.217.194.0-255,5738,105375,44,332490
46171,0.00411,172.31.46.0-255,66,105441,44,332490
46172,0.006273,172.217.194.0-255,5738,111179,44,332490
46173,0.006278,172.31.46.0-255,66,111245,44,332490
46174,0.008385,172.217.194.0-255,5738,116983,44,332490
46175,0.008401,172.31.46.0-255,66,117049,44,332490
46176,0.010536,172.217.194.0-255,5738,122787,44,332490
46177,0.01055,172.31.46.0-255,66,122853,44,332490
46178,0.012628,172.217.194.0-255,5738,128591,44,332490
46179,0.012645,172.31.46.0-255,66,128657,44,332490
46180,0.014793,172.217.194.0-255,5738,134395,44,332490
46181,0.014811,172.31.46.0-255,66,134461,44,332490
46182,0.016891,172.217.194.0-255,5738,140199,44,332490
46183,0.01691,172.31.46.0-255,66,140265,44,332490
46184,0.019022,172.217.194.0-255,5738,146003,44,332490
46185,0.019041,172.31.46.0-255,66,146069,44,332490
46186,0.021166,172.217.194.0-255,5738,151807,44,332490
46187,0.021182,172.31.46.0-255,66,151873,44,332490
46188,0.023348,172.217.194.0-255,5738,157611,44,332490
46189,0.023366,172.31.46.0-255,66,157677,44,332490
46190,0.025487,172.217.194.0-255,5738,163415,44,332490
46191,0.025503,172.31.46.0-255,66,163481,44,332490
46192,0.027593,172.217.194.0-255,5738,169219,44,332490
46193,0.027608,172.31.46.0-255,66,169285,44,332490
46194,0.029737,172.217.194.0-255,5738,175023,44,332490
46195,0.029756,172.31.46.0-255,66,175089,44,332490
46196,0.03187,172.217.194.0-255,5738,180827,44,332490
46197,0.031881,172.31.46.0-255,66,180893,44,332490
46198,0.033986,172.217.194.0-255,5738,186631,44,332490
46199,0.034001,172.31.46.0-255,66,186697,44,332490
46200,0.036138,172.217.194.0-255,5738,192435,44,332490
46201,0.036156,172.31.46.0-255,66,192501,44,332490
46202,0.03807,172.31.46.0-255,167,192668,44,332490
46203,0.038106,172.31.46.0-255,1109,193777,44,332490
46204,0.038175,172.31.46.0-255,571,194348,44,332490
46205,0.038267,172.217.194.0-255,5738,200086,44,332490
46206,0.038274,172.31.46.0-255,66,200152,44,332490
46207,0.039605,104.244.42.0-255,66,200218,44,332490
46208,0.03963,104.244.42.0-255,66,200284,44,332490
46209,0.039731,104.244.42.0-255,66,200350,44,332490
46210,0.040443,172.217.194.0-255,5738,206088,44,332490
46211,0.040456,172.31.46.0-255,66,206154,44,332490
46212,0.042588,172.217.194.0-255,5738,211892,44,332490
46213,0.042603,172.31.46.0-255,66,211958,44,332490
46214,0.044714,172.217.194.0-255,5738,217696,44,332490
46215,0.044724,172.31.46.0-255,66,217762,44,332490
46216,0.046812,172.217.194.0-255,5738,223500,44,332490
46217,0.04682,172.31.46.0-255,66,223566,44,332490
46218,0.048985,172.217.194.0-255,5738,229304,44,332490
46219,0.048993,172.31.46.0-255,66,229370,44,332490
46220,0.0511,172.217.194.0-255,5738,235108,44,332490
46221,0.051107,172.31.46.0-255,66,235174,44,332490
46222,0.05326,172.217.194.0-255,5738,240912,44,332490
46223,0.05327,172.31.46.0-255,66,240978,44,332490
46224,0.055458,172.217.194.0-255,5738,246716,44,332490
46225,0.055466,172.31.46.0-255,66,246782,44,332490
46226,0.057618,172.217.194.0-255,5738,252520,44,332490
46227,0.057626,172.31.46.0-255,66,252586,44,332490
46228,0.059764,172.217.194.0-255,5738,258324,44,332490
46229,0.059772,172.31.46.0-255,66,258390,44,332490
46230,0.061893,172.217.194.0-255,5738,264128,44,332490
46231,0.061901,172.31.46.0-255,66,264194,44,332490
46232,0.064053,172.217.194.0-255,5738,269932,44,332490
46233,0.064061,172.31.46.0-255,66,269998,44,332490
46234,0.066162,172.217.194.0-255,5738,275736,44,332490
46235,0.06617,172.31.46.0-255,66,275802,44,332490
46236,0.068297,172.217.194.0-255,5738,281540,44,332490
46237,0.068304,172.31.46.0-255,66,281606,44,332490
46238,0.0704,172.217.194.0-255,5738,287344,44,332490
46239,0.070406,172.31.46.0-255,66,287410,44,332490
46240,0.072568,172.217.194.0-255,5738,293148,44,332490
46241,0.072578,172.31.46.0-255,66,293214,44,332490
46242,0.074711,172.217.194.0-255,5738,298952,44,332490
46243,0.07473,172.31.46.0-255,66,299018,44,332490
46244,0.077045,172.217.194.0-255,5738,304756,44,332490
46245,0.077061,172.31.46.0-255,66,304822,44,332490
46246,0.079731,172.217.194.0-255,4320,309142,44,332490
46247,0.079742,172.31.46.0-255,66,309208,44,332490
46248,0.079764,172.217.194.0-255,1484,310692,44,332490
46249,0.082128,172.217.194.0-255,4320,315012,44,332490
46250,0.082139,172.31.46.0-255,66,315078,44,332490
46251,0.084275,172.217.194.0-255,5738,320816,44,332490
46252,0.084288,172.31.46.0-255,66,320882,44,332490
46253,0.08637,172.217.194.0-255,5738,326620,44,332490
46254,0.086376,172.31.46.0-255,66,326686,44,332490
46255,0.08852,172.217.194.0-255,5738,332424,44,332490
46256,0.08853,172.31.46.0-255,66,332490,44,332490
46257,0.0,74.125.24.0-255,296,296,44,302974
46258,2.6e-05,172.31.46.0-255,66,362,44,302974
46259,3.3e-05,74.125.24.0-255,1484,1846,44,302974
46260,3.7e-05,172.31.46.0-255,66,1912,44,302974
46261,4.4e-05,74.125.24.0-255,4320,6232,44,302974
46262,4.8e-05,172.31.46.0-255,66,6298,44,302974
46263,5.5e-05,74.125.24.0-255,5738,12036,44,302974
46264,5.9e-05,172.31.46.0-255,66,12102,44,302974
46265,8.6e-05,74.125.24.0-255,1812,13914,44,302974
46266,8.9e-05,172.31.46.0-255,66,13980,44,302974
46267,0.000183,74.125.24.0-255,1484,15464,44,302974
46268,0.000187,172.31.46.0-255,66,15530,44,302974
46269,0.000204,74.125.24.0-255,2902,18432,44,302974
46270,0.000207,172.31.46.0-255,66,18498,44,302974
46271,0.00021,74.125.24.0-255,1484,19982,44,302974
46272,0.000212,172.31.46.0-255,66,20048,44,302974
46273,0.000231,74.125.24.0-255,4320,24368,44,302974
46274,0.000234,172.31.46.0-255,66,24434,44,302974
46275,0.000263,172.31.46.0-255,66,24500,44,302974
46276,0.000271,74.125.24.0-255,7156,31656,44,302974
46277,0.000273,172.31.46.0-255,66,31722,44,302974
46278,0.000294,74.125.24.0-255,1484,33206,44,302974
46279,0.000296,172.31.46.0-255,66,33272,44,302974
46280,0.000303,74.125.24.0-255,5738,39010,44,302974
46281,0.000305,172.31.46.0-255,66,39076,44,302974
46282,0.000324,74.125.24.0-255,1125,40201,44,302974
46283,0.000326,172.31.46.0-255,66,40267,44,302974
46284,0.001196,74.125.24.0-255,1484,41751,44,302974
46285,0.001204,172.31.46.0-255,66,41817,44,302974
46286,0.001213,74.125.24.0-255,2902,44719,44,302974
46287,0.001216,172.31.46.0-255,66,44785,44,302974
46288,0.001224,74.125.24.0-255,5738,50523,44,302974
46289,0.001226,172.31.46.0-255,66,50589,44,302974
46290,0.001233,74.125.24.0-255,6797,57386,44,302974
46291,0.001236,172.31.46.0-255,66,57452,44,302974
46292,0.001574,74.125.24.0-255,1484,58936,44,302974
46293,0.001584,74.125.24.0-255,2902,61838,44,302974
46294,0.001589,172.31.46.0-255,66,61904,44,302974
46295,0.001612,74.125.24.0-255,5738,67642,44,302974
46296,0.001615,172.31.46.0-255,66,67708,44,302974
46297,0.001622,74.125.24.0-255,5738,73446,44,302974
46298,0.001624,172.31.46.0-255,66,73512,44,302974
46299,0.001639,74.125.24.0-255,1125,74637,44,302974
46300,0.001655,74.125.24.0-255,1484,76121,44,302974
46301,0.001657,172.31.46.0-255,66,76187,44,302974
46302,0.001688,172.31.46.0-255,66,76253,44,302974
46303,0.001693,74.125.24.0-255,2543,78796,44,302974
46304,0.001695,172.31.46.0-255,66,78862,44,302974
46305,0.004005,74.125.24.0-255,5738,84600,44,302974
46306,0.004028,172.31.46.0-255,66,84666,44,302974
46307,0.00634,74.125.24.0-255,5738,90404,44,302974
46308,0.006371,172.31.46.0-255,66,90470,44,302974
46309,0.008677,74.125.24.0-255,5738,96208,44,302974
46310,0.008685,172.31.46.0-255,66,96274,44,302974
46311,0.011004,74.125.24.0-255,5738,102012,44,302974
46312,0.011019,172.31.46.0-255,66,102078,44,302974
46313,0.013351,74.125.24.0-255,5738,107816,44,302974
46314,0.01337,172.31.46.0-255,66,107882,44,302974
46315,0.015714,74.125.24.0-255,5738,113620,44,302974
46316,0.015731,172.31.46.0-255,66,113686,44,302974
46317,0.018042,74.125.24.0-255,5738,119424,44,302974
46318,0.018062,172.31.46.0-255,66,119490,44,302974
46319,0.020367,74.125.24.0-255,5738,125228,44,302974
46320,0.020384,172.31.46.0-255,66,125294,44,302974
46321,0.022755,74.125.24.0-255,5738,131032,44,302974
46322,0.02277,172.31.46.0-255,66,131098,44,302974
46323,0.025105,74.125.24.0-255,5738,136836,44,302974
46324,0.025123,172.31.46.0-255,66,136902,44,302974
46325,0.027491,74.125.24.0-255,5738,142640,44,302974
46326,0.02751,172.31.46.0-255,66,142706,44,302974
46327,0.029873,74.125.24.0-255,5738,148444,44,302974
46328,0.029888,172.31.46.0-255,66,148510,44,302974
46329,0.032239,74.125.24.0-255,5738,154248,44,302974
46330,0.032253,172.31.46.0-255,66,154314,44,302974
46331,0.034556,74.125.24.0-255,5738,160052,44,302974
46332,0.034571,172.31.46.0-255,66,160118,44,302974
46333,0.036894,74.125.24.0-255,5738,165856,44,302974
46334,0.036908,172.31.46.0-255,66,165922,44,302974
46335,0.039259,74.125.24.0-255,5738,171660,44,302974
46336,0.039278,172.31.46.0-255,66,171726,44,302974
46337,0.040177,172.31.46.0-255,172,171898,44,302974
46338,0.040214,172.31.46.0-255,1115,173013,44,302974
46339,0.040296,172.31.46.0-255,1514,174527,44,302974
46340,0.040298,172.31.46.0-255,1514,176041,44,302974
46341,0.040299,172.31.46.0-255,1514,177555,44,302974
46342,0.0403,172.31.46.0-255,1514,179069,44,302974
46343,0.04033,172.31.46.0-255,1514,180583,44,302974
46344,0.040331,172.31.46.0-255,69,180652,44,302974
46345,0.0416,74.125.24.0-255,5738,186390,44,302974
46346,0.04161,172.31.46.0-255,66,186456,44,302974
46347,0.041843,104.244.42.0-255,66,186522,44,302974
46348,0.041852,104.244.42.0-255,66,186588,44,302974
46349,0.041855,104.244.42.0-255,66,186654,44,302974
46350,0.04186,104.244.42.0-255,66,186720,44,302974
46351,0.043552,104.244.42.0-255,108,186828,44,302974
46352,0.043567,172.31.46.0-255,66,186894,44,302974
46353,0.043932,74.125.24.0-255,5738,192632,44,302974
46354,0.043938,172.31.46.0-255,66,192698,44,302974
46355,0.046264,74.125.24.0-255,5738,198436,44,302974
46356,0.04628,172.31.46.0-255,66,198502,44,302974
46357,0.048603,74.125.24.0-255,5738,204240,44,302974
46358,0.04862,172.31.46.0-255,66,204306,44,302974
46359,0.050959,74.125.24.0-255,5738,210044,44,302974
46360,0.050977,172.31.46.0-255,66,210110,44,302974
46361,0.053315,74.125.24.0-255,5738,215848,44,302974
46362,0.053334,172.31.46.0-255,66,215914,44,302974
46363,0.055681,74.125.24.0-255,5738,221652,44,302974
46364,0.055695,172.31.46.0-255,66,221718,44,302974
46365,0.058057,74.125.24.0-255,5738,227456,44,302974
46366,0.058072,172.31.46.0-255,66,227522,44,302974
46367,0.060423,74.125.24.0-255,5738,233260,44,302974
46368,0.060438,172.31.46.0-255,66,233326,44,302974
46369,0.062769,74.125.24.0-255,5738,239064,44,302974
46370,0.062786,172.31.46.0-255,66,239130,44,302974
46371,0.065145,74.125.24.0-255,5738,244868,44,302974
46372,0.065157,172.31.46.0-255,66,244934,44,302974
46373,0.067478,74.125.24.0-255,5738,250672,44,302974
46374,0.06749,172.31.46.0-255,66,250738,44,302974
46375,0.069807,74.125.24.0-255,5738,256476,44,302974
46376,0.069818,172.31.46.0-255,66,256542,44,302974
46377,0.072138,74.125.24.0-255,5738,262280,44,302974
46378,0.072146,172.31.46.0-255,66,262346,44,302974
46379,0.074444,74.125.24.0-255,5738,268084,44,302974
46380,0.074452,172.31.46.0-255,66,268150,44,302974
46381,0.076775,74.125.24.0-255,5738,273888,44,302974
46382,0.076786,172.31.46.0-255,66,273954,44,302974
46383,0.079113,74.125.24.0-255,5738,279692,44,302974
46384,0.079123,172.31.46.0-255,66,279758,44,302974
46385,0.081458,74.125.24.0-255,5738,285496,44,302974
46386,0.08147,172.31.46.0-255,66,285562,44,302974
46387,0.083777,74.125.24.0-255,5738,291300,44,302974
46388,0.083787,172.31.46.0-255,66,291366,44,302974
46389,0.086129,74.125.24.0-255,5738,297104,44,302974
46390,0.086139,172.31.46.0-255,66,297170,44,302974
46391,0.088446,74.125.24.0-255,5738,302908,44,302974
46392,0.088457,172.31.46.0-255,66,302974,44,302974
46393,0.0,172.217.194.0-255,146,146,44,194097
46394,1.9e-05,172.31.46.0-255,66,212,44,194097
46395,2.6e-05,172.217.194.0-255,1484,1696,44,194097
46396,3e-05,172.31.46.0-255,66,1762,44,194097
46397,3.6e-05,172.217.194.0-255,2902,4664,44,194097
46398,4e-05,172.31.46.0-255,66,4730,44,194097
46399,4.6e-05,172.217.194.0-255,5738,10468,44,194097
46400,4.9e-05,172.31.46.0-255,66,10534,44,194097
46401,9.6e-05,172.31.46.0-255,66,10600,44,194097
46402,0.000103,172.217.194.0-255,7156,17756,44,194097
46403,0.000105,172.31.46.0-255,66,17822,44,194097
46404,0.000134,172.217.194.0-255,1484,19306,44,194097
46405,0.000137,172.31.46.0-255,66,19372,44,194097
46406,0.00016,172.31.46.0-255,66,19438,44,194097
46407,0.000181,172.217.194.0-255,3602,23040,44,194097
46408,0.000184,172.31.46.0-255,66,23106,44,194097
46409,0.000342,172.217.194.0-255,1484,24590,44,194097
46410,0.000347,172.31.46.0-255,66,24656,44,194097
46411,0.000353,172.217.194.0-255,2902,27558,44,194097
46412,0.000356,172.31.46.0-255,66,27624,44,194097
46413,0.00036,172.217.194.0-255,1484,29108,44,194097
46414,0.000362,172.31.46.0-255,66,29174,44,194097
46415,0.000382,172.217.194.0-255,4320,33494,44,194097
46416,0.000385,172.31.46.0-255,66,33560,44,194097
46417,0.000392,172.217.194.0-255,7087,40647,44,194097
46418,0.000394,172.31.46.0-255,66,40713,44,194097
46419,0.000417,172.217.194.0-255,365,41078,44,194097
46420,0.000419,172.31.46.0-255,66,41144,44,194097
46421,0.000522,172.217.194.0-255,1484,42628,44,194097
46422,0.000525,172.31.46.0-255,66,42694,44,194097
46423,0.000544,172.217.194.0-255,2902,45596,44,194097
46424,0.000547,172.31.46.0-255,66,45662,44,194097
46425,0.000561,172.217.194.0-255,5738,51400,44,194097
46426,0.000564,172.31.46.0-255,66,51466,44,194097
46427,0.000586,172.217.194.0-255,4320,55786,44,194097
46428,0.000589,172.31.46.0-255,66,55852,44,194097
46429,0.000614,172.217.194.0-255,5738,61590,44,194097
46430,0.000617,172.31.46.0-255,66,61656,44,194097
46431,0.00063,172.31.46.0-255,66,61722,44,194097
46432,0.000634,172.217.194.0-255,2184,63906,44,194097
46433,0.000636,172.31.46.0-255,66,63972,44,194097
46434,0.000712,172.217.194.0-255,1484,65456,44,194097
46435,0.000728,172.217.194.0-255,2902,68358,44,194097
46436,0.000731,172.31.46.0-255,66,68424,44,194097
46437,0.000755,172.217.194.0-255,5738,74162,44,194097
46438,0.000758,172.31.46.0-255,66,74228,44,194097
46439,0.000791,172.31.46.0-255,66,74294,44,194097
46440,0.000802,172.31.46.0-255,66,74360,44,194097
46441,0.000819,172.217.194.0-255,766,75126,44,194097
46442,0.000851,172.31.46.0-255,66,75192,44,194097
46443,0.000882,172.31.46.0-255,66,75258,44,194097
46444,0.000961,172.31.46.0-255,66,75324,44,194097
46445,0.000964,172.217.194.0-255,1484,76808,44,194097
46446,0.000997,172.217.194.0-255,2902,79710,44,194097
46447,0.001,172.31.46.0-255,66,79776,44,194097
46448,0.001007,172.217.194.0-255,4320,84096,44,194097
46449,0.001009,172.31.46.0-255,66,84162,44,194097
46450,0.00102,172.217.194.0-255,1484,85646,44,194097
46451,0.001045,172.217.194.0-255,5738,91384,44,194097
46452,0.001048,172.31.46.0-255,66,91450,44,194097
46453,0.001071,172.217.194.0-255,7156,98606,44,194097
46454,0.001074,172.31.46.0-255,66,98672,44,194097
46455,0.001092,172.217.194.0-255,5738,104410,44,194097
46456,0.001095,172.31.46.0-255,66,104476,44,194097
46457,0.001113,172.217.194.0-255,5020,109496,44,194097
46458,0.001115,172.31.46.0-255,66,109562,44,194097
46459,0.001143,172.217.194.0-255,1484,111046,44,194097
46460,0.001163,172.217.194.0-255,2902,113948,44,194097
46461,0.001168,172.217.194.0-255,5738,119686,44,194097
46462,0.001172,172.31.46.0-255,66,119752,44,194097
46463,0.001176,172.31.46.0-255,66,119818,44,194097
46464,0.001218,172.31.46.0-255,66,119884,44,194097
46465,0.001225,172.217.194.0-255,5738,125622,44,194097
46466,0.001227,172.31.46.0-255,66,125688,44,194097
46467,0.001265,172.31.46.0-255,66,125754,44,194097
46468,0.001269,172.31.46.0-255,66,125820,44,194097
46469,0.001304,172.217.194.0-255,5738,131558,44,194097
46470,0.001307,172.31.46.0-255,66,131624,44,194097
46471,0.001367,172.31.46.0-255,66,131690,44,194097
46472,0.00138,172.217.194.0-255,5738,137428,44,194097
46473,0.001393,172.217.194.0-255,766,138194,44,194097
46474,0.001398,172.31.46.0-255,66,138260,44,194097
46475,0.001606,172.217.194.0-255,1484,139744,44,194097
46476,0.001612,172.217.194.0-255,2902,142646,44,194097
46477,0.001615,172.31.46.0-255,66,142712,44,194097
46478,0.00164,172.217.194.0-255,5738,148450,44,194097
46479,0.001647,172.31.46.0-255,66,148516,44,194097
46480,0.001661,172.217.194.0-255,5738,154254,44,194097
46481,0.00168,172.217.194.0-255,7156,161410,44,194097
46482,0.001686,172.217.194.0-255,4320,165730,44,194097
46483,0.001694,172.31.46.0-255,66,165796,44,194097
46484,0.001753,172.31.46.0-255,66,165862,44,194097
46485,0.001814,172.217.194.0-255,6438,172300,44,194097
46486,0.001828,172.31.46.0-255,66,172366,44,194097
46487,0.001844,172.217.194.0-255,7156,179522,44,194097
46488,0.001858,172.31.46.0-255,66,179588,44,194097
46489,0.001894,172.31.46.0-255,66,179654,44,194097
46490,0.00191,172.217.194.0-255,4911,184565,44,194097
46491,0.001924,172.217.194.0-255,105,184670,44,194097
46492,0.001944,172.31.46.0-255,66,184736,44,194097
46493,0.008492,172.31.46.0-255,105,184841,44,194097
46494,0.011003,172.217.194.0-255,66,184907,44,194097
46495,0.036033,172.31.46.0-255,172,185079,44,194097
46496,0.036067,172.31.46.0-255,1109,186188,44,194097
46497,0.036132,172.31.46.0-255,1514,187702,44,194097
46498,0.036134,172.31.46.0-255,1514,189216,44,194097
46499,0.036141,172.31.46.0-255,1514,190730,44,194097
46500,0.036142,172.31.46.0-255,1514,192244,44,194097
46501,0.036161,172.31.46.0-255,1514,193758,44,194097
46502,0.036162,172.31.46.0-255,75,193833,44,194097
46503,0.037609,104.244.42.0-255,66,193899,44,194097
46504,0.037621,104.244.42.0-255,66,193965,44,194097
46505,0.037723,104.244.42.0-255,66,194031,44,194097
46506,0.03773,104.244.42.0-255,66,194097,44,194097
46507,0.0,172.217.194.0-255,148,148,44,354674
46508,2.3e-05,172.31.46.0-255,66,214,44,354674
46509,3e-05,172.217.194.0-255,1484,1698,44,354674
46510,3.4e-05,172.31.46.0-255,66,1764,44,354674
46511,4.7e-05,172.217.194.0-255,2902,4666,44,354674
46512,5.1e-05,172.31.46.0-255,66,4732,44,354674
46513,5.7e-05,172.217.194.0-255,5738,10470,44,354674
46514,6e-05,172.31.46.0-255,66,10536,44,354674
46515,9.5e-05,172.217.194.0-255,3485,14021,44,354674
46516,9.8e-05,172.31.46.0-255,66,14087,44,354674
46517,0.000142,172.217.194.0-255,1484,15571,44,354674
46518,0.000146,172.31.46.0-255,66,15637,44,354674
46519,0.000164,172.217.194.0-255,2902,18539,44,354674
46520,0.000167,172.31.46.0-255,66,18605,44,354674
46521,0.00019,172.217.194.0-255,1484,20089,44,354674
46522,0.000192,172.31.46.0-255,66,20155,44,354674
46523,0.000221,172.217.194.0-255,4320,24475,44,354674
46524,0.000224,172.31.46.0-255,66,24541,44,354674
46525,0.000232,172.217.194.0-255,6797,31338,44,354674
46526,0.000234,172.31.46.0-255,66,31404,44,354674
46527,0.000237,172.217.194.0-255,1484,32888,44,354674
46528,0.000238,172.31.46.0-255,66,32954,44,354674
46529,0.000248,172.217.194.0-255,2902,35856,44,354674
46530,0.000251,172.31.46.0-255,66,35922,44,354674
46531,0.000258,172.217.194.0-255,5738,41660,44,354674
46532,0.00026,172.31.46.0-255,66,41726,44,354674
46533,0.000314,172.217.194.0-255,6797,48523,44,354674
46534,0.000318,172.31.46.0-255,66,48589,44,354674
46535,0.000971,172.217.194.0-255,1484,50073,44,354674
46536,0.000976,172.31.46.0-255,66,50139,44,354674
46537,0.000984,172.217.194.0-255,2902,53041,44,354674
46538,0.000987,172.31.46.0-255,66,53107,44,354674
46539,0.000998,172.217.194.0-255,4320,57427,44,354674
46540,0.001,172.31.46.0-255,66,57493,44,354674
46541,0.001021,172.217.194.0-255,1484,58977,44,354674
46542,0.001051,172.217.194.0-255,5738,64715,44,354674
46543,0.001062,172.217.194.0-255,1705,66420,44,354674
46544,0.001092,172.217.194.0-255,1484,67904,44,354674
46545,0.001105,172.217.194.0-255,2902,70806,44,354674
46546,0.001127,172.217.194.0-255,5738,76544,44,354674
46547,0.001163,172.217.194.0-255,4320,80864,44,354674
46548,0.001179,172.217.194.0-255,5379,86243,44,354674
46549,0.001216,172.217.194.0-255,3961,90204,44,354674
46550,0.001526,172.217.194.0-255,1484,91688,44,354674
46551,0.001535,172.217.194.0-255,2902,94590,44,354674
46552,0.001559,172.217.194.0-255,5738,100328,44,354674
46553,0.001563,172.217.194.0-255,1484,101812,44,354674
46554,0.001581,172.217.194.0-255,4320,106132,44,354674
46555,0.001629,172.217.194.0-255,4320,110452,44,354674
46556,0.001632,172.217.194.0-255,1484,111936,44,354674
46557,0.001648,172.217.194.0-255,3602,115538,44,354674
46558,0.001692,172.217.194.0-255,1484,117022,44,354674
46559,0.001717,172.217.194.0-255,4320,121342,44,354674
46560,0.001725,172.217.194.0-255,5738,127080,44,354674
46561,0.001728,172.217.194.0-255,1484,128564,44,354674
46562,0.001775,172.217.194.0-255,4320,132884,44,354674
46563,0.00179,172.217.194.0-255,5020,137904,44,354674
46564,0.00197,172.217.194.0-255,1484,139388,44,354674
46565,0.001973,172.217.194.0-255,1484,140872,44,354674
46566,0.001994,172.217.194.0-255,1484,142356,44,354674
46567,0.002,172.217.194.0-255,5738,148094,44,354674
46568,0.002021,172.217.194.0-255,4320,152414,44,354674
46569,0.002036,172.217.194.0-255,5738,158152,44,354674
46570,0.002048,172.217.194.0-255,2902,161054,44,354674
46571,0.00206,172.217.194.0-255,766,161820,44,354674
46572,0.002079,172.217.194.0-255,1484,163304,44,354674
46573,0.002084,172.217.194.0-255,4320,167624,44,354674
46574,0.002103,172.217.194.0-255,5738,173362,44,354674
46575,0.002117,172.217.194.0-255,4320,177682,44,354674
46576,0.002157,172.217.194.0-255,7156,184838,44,354674
46577,0.002176,172.217.194.0-255,5738,190576,44,354674
46578,0.002189,172.217.194.0-255,5020,195596,44,354674
46579,0.002539,172.31.46.0-255,66,195662,44,354674
46580,0.00369,172.31.46.0-255,101,195763,44,354674
46581,0.004812,172.217.194.0-255,5738,201501,44,354674
46582,0.004819,172.31.46.0-255,66,201567,44,354674
46583,0.005927,172.217.194.0-255,66,201633,44,354674
46584,0.00706,172.217.194.0-255,4320,205953,44,354674
46585,0.007064,172.31.46.0-255,66,206019,44,354674
46586,0.00709,172.217.194.0-255,1484,207503,44,354674
46587,0.00932,172.217.194.0-255,4320,211823,44,354674
46588,0.009326,172.31.46.0-255,66,211889,44,354674
46589,0.011587,172.217.194.0-255,5738,217627,44,354674
46590,0.011594,172.31.46.0-255,66,217693,44,354674
46591,0.01383,172.217.194.0-255,5738,223431,44,354674
46592,0.014905,172.31.46.0-255,66,223497,44,354674
46593,0.017161,172.217.194.0-255,5738,229235,44,354674
46594,0.017172,172.31.46.0-255,66,229301,44,354674
46595,0.019414,172.217.194.0-255,5738,235039,44,354674
46596,0.019421,172.31.46.0-255,66,235105,44,354674
46597,0.021687,172.217.194.0-255,5738,240843,44,354674
46598,0.021694,172.31.46.0-255,66,240909,44,354674
46599,0.023925,172.217.194.0-255,5738,246647,44,354674
46600,0.023931,172.31.46.0-255,66,246713,44,354674
46601,0.026199,172.217.194.0-255,5738,252451,44,354674
46602,0.026206,172.31.46.0-255,66,252517,44,354674
46603,0.028455,172.217.194.0-255,5738,258255,44,354674
46604,0.028465,172.31.46.0-255,66,258321,44,354674
46605,0.030727,172.217.194.0-255,5738,264059,44,354674
46606,0.030738,172.31.46.0-255,66,264125,44,354674
46607,0.032831,172.31.46.0-255,172,264297,44,354674
46608,0.032861,172.31.46.0-255,1114,265411,44,354674
46609,0.032904,172.31.46.0-255,566,265977,44,354674
46610,0.032972,172.217.194.0-255,2902,268879,44,354674
46611,0.032977,172.31.46.0-255,66,268945,44,354674
46612,0.033007,172.217.194.0-255,2902,271847,44,354674
46613,0.033011,172.31.46.0-255,66,271913,44,354674
46614,0.034352,104.244.42.0-255,66,271979,44,354674
46615,0.0344,104.244.42.0-255,66,272045,44,354674
46616,0.034423,104.244.42.0-255,66,272111,44,354674
46617,0.035234,172.217.194.0-255,2902,275013,44,354674
46618,0.035239,172.31.46.0-255,66,275079,44,354674
46619,0.035265,172.217.194.0-255,2902,277981,44,354674
46620,0.035268,172.31.46.0-255,66,278047,44,354674
46621,0.037522,172.217.194.0-255,5738,283785,44,354674
46622,0.03753,172.31.46.0-255,66,283851,44,354674
46623,0.039768,172.217.194.0-255,5738,289589,44,354674
46624,0.039774,172.31.46.0-255,66,289655,44,354674
46625,0.042021,172.217.194.0-255,5738,295393,44,354674
46626,0.042027,172.31.46.0-255,66,295459,44,354674
46627,0.044273,172.217.194.0-255,5738,301197,44,354674
46628,0.044281,172.31.46.0-255,66,301263,44,354674
46629,0.046536,172.217.194.0-255,5738,307001,44,354674
46630,0.046542,172.31.46.0-255,66,307067,44,354674
46631,0.048775,172.217.194.0-255,5738,312805,44,354674
46632,0.048782,172.31.46.0-255,66,312871,44,354674
46633,0.051048,172.217.194.0-255,5738,318609,44,354674
46634,0.051053,172.31.46.0-255,66,318675,44,354674
46635,0.053323,172.217.194.0-255,5738,324413,44,354674
46636,0.053331,172.31.46.0-255,66,324479,44,354674
46637,0.055582,172.217.194.0-255,5738,330217,44,354674
46638,0.055587,172.31.46.0-255,66,330283,44,354674
46639,0.057822,172.217.194.0-255,5738,336021,44,354674
46640,0.057828,172.31.46.0-255,66,336087,44,354674
46641,0.060067,172.217.194.0-255,5738,341825,44,354674
46642,0.060073,172.31.46.0-255,66,341891,44,354674
46643,0.062379,172.217.194.0-255,5738,347629,44,354674
46644,0.062385,172.31.46.0-255,66,347695,44,354674
46645,0.064641,172.217.194.0-255,5738,353433,44,354674
46646,0.064646,172.31.46.0-255,66,353499,44,354674
46647,0.066874,172.217.194.0-255,1004,354503,44,354674
46648,0.067,172.31.46.0-255,105,354608,44,354674
46649,0.073424,172.217.194.0-255,66,354674,44,354674
46650,0.0,74.125.24.0-255,150,150,44,179740
46651,2.4e-05,172.31.46.0-255,66,216,44,179740
46652,3.1e-05,74.125.24.0-255,1484,1700,44,179740
46653,3.5e-05,172.31.46.0-255,66,1766,44,179740
46654,4e-05,74.125.24.0-255,2902,4668,44,179740
46655,4.3e-05,172.31.46.0-255,66,4734,44,179740
46656,5.1e-05,74.125.24.0-255,7156,11890,44,179740
46657,5.4e-05,172.31.46.0-255,66,11956,44,179740
46658,5.8e-05,74.125.24.0-255,2041,13997,44,179740
46659,6.1e-05,172.31.46.0-255,66,14063,44,179740
46660,9.1e-05,74.125.24.0-255,2902,16965,44,179740
46661,9.4e-05,172.31.46.0-255,66,17031,44,179740
46662,0.000124,172.31.46.0-255,66,17097,44,179740
46663,0.00013,74.125.24.0-255,5738,22835,44,179740
46664,0.000132,172.31.46.0-255,66,22901,44,179740
46665,0.000179,172.31.46.0-255,66,22967,44,179740
46666,0.000202,74.125.24.0-255,6438,29405,44,179740
46667,0.000204,172.31.46.0-255,66,29471,44,179740
46668,0.000207,74.125.24.0-255,1484,30955,44,179740
46669,0.00021,172.31.46.0-255,66,31021,44,179740
46670,0.000244,172.31.46.0-255,66,31087,44,179740
46671,0.000247,74.125.24.0-255,359,31446,44,179740
46672,0.000249,172.31.46.0-255,66,31512,44,179740
46673,0.000381,74.125.24.0-255,132,31644,44,179740
46674,0.000386,172.31.46.0-255,66,31710,44,179740
46675,0.000613,74.125.24.0-255,1484,33194,44,179740
46676,0.000618,172.31.46.0-255,66,33260,44,179740
46677,0.000624,74.125.24.0-255,2902,36162,44,179740
46678,0.000626,172.31.46.0-255,66,36228,44,179740
46679,0.000638,74.125.24.0-255,1484,37712,44,179740
46680,0.000664,74.125.24.0-255,4320,42032,44,179740
46681,0.000667,172.31.46.0-255,66,42098,44,179740
46682,0.000682,172.31.46.0-255,66,42164,44,179740
46683,0.00069,74.125.24.0-255,7156,49320,44,179740
46684,0.000692,172.31.46.0-255,66,49386,44,179740
46685,0.000719,74.125.24.0-255,3602,52988,44,179740
46686,0.000722,172.31.46.0-255,66,53054,44,179740
46687,0.001646,74.125.24.0-255,1484,54538,44,179740
46688,0.001657,74.125.24.0-255,2902,57440,44,179740
46689,0.001661,172.31.46.0-255,66,57506,44,179740
46690,0.001668,74.125.24.0-255,5738,63244,44,179740
46691,0.001671,172.31.46.0-255,66,63310,44,179740
46692,0.001703,172.31.46.0-255,66,63376,44,179740
46693,0.001717,74.125.24.0-255,1484,64860,44,179740
46694,0.001759,172.31.46.0-255,66,64926,44,179740
46695,0.001781,74.125.24.0-255,5020,69946,44,179740
46696,0.001784,172.31.46.0-255,66,70012,44,179740
46697,0.0018,74.125.24.0-255,1484,71496,44,179740
46698,0.001803,74.125.24.0-255,1484,72980,44,179740
46699,0.001805,172.31.46.0-255,66,73046,44,179740
46700,0.001823,74.125.24.0-255,1484,74530,44,179740
46701,0.001828,74.125.24.0-255,4320,78850,44,179740
46702,0.001831,172.31.46.0-255,66,78916,44,179740
46703,0.00186,74.125.24.0-255,1484,80400,44,179740
46704,0.001866,74.125.24.0-255,4320,84720,44,179740
46705,0.001869,172.31.46.0-255,66,84786,44,179740
46706,0.001876,74.125.24.0-255,5738,90524,44,179740
46707,0.001878,172.31.46.0-255,66,90590,44,179740
46708,0.001893,74.125.24.0-255,5738,96328,44,179740
46709,0.001896,172.31.46.0-255,66,96394,44,179740
46710,0.001922,172.31.46.0-255,66,96460,44,179740
46711,0.002086,74.125.24.0-255,1484,97944,44,179740
46712,0.002093,74.125.24.0-255,1484,99428,44,179740
46713,0.002097,172.31.46.0-255,66,99494,44,179740
46714,0.002117,74.125.24.0-255,1484,100978,44,179740
46715,0.00212,74.125.24.0-255,1484,102462,44,179740
46716,0.002121,172.31.46.0-255,66,102528,44,179740
46717,0.002125,74.125.24.0-255,1484,104012,44,179740
46718,0.002145,74.125.24.0-255,1484,105496,44,179740
46719,0.002148,172.31.46.0-255,66,105562,44,179740
46720,0.002169,172.31.46.0-255,66,105628,44,179740
46721,0.002173,74.125.24.0-255,4320,109948,44,179740
46722,0.002176,172.31.46.0-255,66,110014,44,179740
46723,0.0022,74.125.24.0-255,2902,112916,44,179740
46724,0.002203,172.31.46.0-255,66,112982,44,179740
46725,0.002225,172.31.46.0-255,66,113048,44,179740
46726,0.002667,74.125.24.0-255,1484,114532,44,179740
46727,0.002675,74.125.24.0-255,2902,117434,44,179740
46728,0.002681,172.31.46.0-255,66,117500,44,179740
46729,0.002709,74.125.24.0-255,4320,121820,44,179740
46730,0.002711,172.31.46.0-255,66,121886,44,179740
46731,0.002717,74.125.24.0-255,4320,126206,44,179740
46732,0.002719,172.31.46.0-255,66,126272,44,179740
46733,0.002724,74.125.24.0-255,4320,130592,44,179740
46734,0.002727,172.31.46.0-255,66,130658,44,179740
46735,0.00273,74.125.24.0-255,1484,132142,44,179740
46736,0.002795,172.31.46.0-255,66,132208,44,179740
46737,0.002801,74.125.24.0-255,5738,137946,44,179740
46738,0.002803,172.31.46.0-255,66,138012,44,179740
46739,0.002841,172.31.46.0-255,66,138078,44,179740
46740,0.002856,172.31.46.0-255,66,138144,44,179740
46741,0.002886,172.31.46.0-255,66,138210,44,179740
46742,0.002889,74.125.24.0-255,1484,139694,44,179740
46743,0.002918,172.31.46.0-255,66,139760,44,179740
46744,0.002923,74.125.24.0-255,4320,144080,44,179740
46745,0.002925,172.31.46.0-255,66,144146,44,179740
46746,0.002943,74.125.24.0-255,5020,149166,44,179740
46747,0.002946,172.31.46.0-255,66,149232,44,179740
46748,0.002997,172.31.46.0-255,66,149298,44,179740
46749,0.003012,74.125.24.0-255,1484,150782,44,179740
46750,0.00303,172.31.46.0-255,66,150848,44,179740
46751,0.003035,74.125.24.0-255,2902,153750,44,179740
46752,0.003037,172.31.46.0-255,66,153816,44,179740
46753,0.003067,172.31.46.0-255,66,153882,44,179740
46754,0.003082,74.125.24.0-255,4320,158202,44,179740
46755,0.003085,172.31.46.0-255,66,158268,44,179740
46756,0.003138,172.31.46.0-255,66,158334,44,179740
46757,0.003145,74.125.24.0-255,7156,165490,44,179740
46758,0.003148,172.31.46.0-255,66,165556,44,179740
46759,0.003172,74.125.24.0-255,4652,170208,44,179740
46760,0.003174,172.31.46.0-255,66,170274,44,179740
46761,0.003178,74.125.24.0-255,105,170379,44,179740
46762,0.00863,172.31.46.0-255,66,170445,44,179740
46763,0.00867,172.31.46.0-255,105,170550,44,179740
46764,0.010696,74.125.24.0-255,66,170616,44,179740
46765,0.041698,172.31.46.0-255,172,170788,44,179740
46766,0.041739,172.31.46.0-255,1114,171902,44,179740
46767,0.041808,172.31.46.0-255,1514,173416,44,179740
46768,0.04181,172.31.46.0-255,1514,174930,44,179740
46769,0.041816,172.31.46.0-255,1514,176444,44,179740
46770,0.041817,172.31.46.0-255,1514,177958,44,179740
46771,0.041836,172.31.46.0-255,1514,179472,44,179740
46772,0.041842,172.31.46.0-255,70,179542,44,179740
46773,0.043236,104.244.42.0-255,66,179608,44,179740
46774,0.043302,104.244.42.0-255,66,179674,44,179740
46775,0.043387,104.244.42.0-255,66,179740,44,179740
46776,0.0,172.217.160.0-255,152,152,44,372928
46777,1.9e-05,172.31.46.0-255,66,218,44,372928
46778,2.6e-05,172.217.160.0-255,1484,1702,44,372928
46779,3.1e-05,172.31.46.0-255,66,1768,44,372928
46780,3.6e-05,172.217.160.0-255,2902,4670,44,372928
46781,4e-05,172.31.46.0-255,66,4736,44,372928
46782,4.6e-05,172.217.160.0-255,5738,10474,44,372928
46783,4.9e-05,172.31.46.0-255,66,10540,44,372928
46784,9.3e-05,172.31.46.0-255,66,10606,44,372928
46785,0.0001,172.217.160.0-255,6797,17403,44,372928
46786,0.000103,172.31.46.0-255,66,17469,44,372928
46787,0.00015,172.217.160.0-255,1484,18953,44,372928
46788,0.000153,172.31.46.0-255,66,19019,44,372928
46789,0.000159,172.217.160.0-255,2902,21921,44,372928
46790,0.000161,172.31.46.0-255,66,21987,44,372928
46791,0.000167,172.217.160.0-255,4320,26307,44,372928
46792,0.00017,172.31.46.0-255,66,26373,44,372928
46793,0.000191,172.217.160.0-255,1484,27857,44,372928
46794,0.000193,172.31.46.0-255,66,27923,44,372928
46795,0.000199,172.217.160.0-255,4320,32243,44,372928
46796,0.000201,172.31.46.0-255,66,32309,44,372928
46797,0.000221,172.217.160.0-255,2543,34852,44,372928
46798,0.000223,172.31.46.0-255,66,34918,44,372928
46799,0.000335,172.217.160.0-255,1484,36402,44,372928
46800,0.000339,172.31.46.0-255,66,36468,44,372928
46801,0.000345,172.217.160.0-255,2902,39370,44,372928
46802,0.000347,172.31.46.0-255,66,39436,44,372928
46803,0.000374,172.217.160.0-255,5738,45174,44,372928
46804,0.000377,172.31.46.0-255,66,45240,44,372928
46805,0.00038,172.217.160.0-255,1484,46724,44,372928
46806,0.000382,172.31.46.0-255,66,46790,44,372928
46807,0.000398,172.217.160.0-255,5687,52477,44,372928
46808,0.000401,172.31.46.0-255,66,52543,44,372928
46809,0.00096,172.217.160.0-255,101,52644,44,372928
46810,0.001031,172.31.46.0-255,66,52710,44,372928
46811,0.0011,172.217.160.0-255,1484,54194,44,372928
46812,0.00111,172.217.160.0-255,2902,57096,44,372928
46813,0.001113,172.31.46.0-255,66,57162,44,372928
46814,0.00112,172.217.160.0-255,5738,62900,44,372928
46815,0.001122,172.31.46.0-255,66,62966,44,372928
46816,0.001153,172.217.160.0-255,6797,69763,44,372928
46817,0.001155,172.31.46.0-255,66,69829,44,372928
46818,0.001181,172.217.160.0-255,7156,76985,44,372928
46819,0.001183,172.31.46.0-255,66,77051,44,372928
46820,0.001189,172.217.160.0-255,4320,81371,44,372928
46821,0.001191,172.31.46.0-255,66,81437,44,372928
46822,0.00121,172.217.160.0-255,5379,86816,44,372928
46823,0.001213,172.31.46.0-255,66,86882,44,372928
46824,0.001216,172.217.160.0-255,366,87248,44,372928
46825,0.001664,172.217.160.0-255,1484,88732,44,372928
46826,0.001671,172.31.46.0-255,66,88798,44,372928
46827,0.001678,172.217.160.0-255,2902,91700,44,372928
46828,0.00168,172.31.46.0-255,66,91766,44,372928
46829,0.001688,172.217.160.0-255,5738,97504,44,372928
46830,0.001689,172.31.46.0-255,66,97570,44,372928
46831,0.001697,172.217.160.0-255,5738,103308,44,372928
46832,0.001699,172.31.46.0-255,66,103374,44,372928
46833,0.001714,172.217.160.0-255,1484,104858,44,372928
46834,0.001721,172.217.160.0-255,4320,109178,44,372928
46835,0.001723,172.31.46.0-255,66,109244,44,372928
46836,0.001756,172.31.46.0-255,66,109310,44,372928
46837,0.00176,172.217.160.0-255,2184,111494,44,372928
46838,0.001763,172.31.46.0-255,66,111560,44,372928
46839,0.003728,172.217.160.0-255,5738,117298,44,372928
46840,0.003736,172.31.46.0-255,66,117364,44,372928
46841,0.005712,172.217.160.0-255,5738,123102,44,372928
46842,0.005721,172.31.46.0-255,66,123168,44,372928
46843,0.007733,172.217.160.0-255,5738,128906,44,372928
46844,0.007744,172.31.46.0-255,66,128972,44,372928
46845,0.009736,172.217.160.0-255,5738,134710,44,372928
46846,0.009746,172.31.46.0-255,66,134776,44,372928
46847,0.01174,172.217.160.0-255,5738,140514,44,372928
46848,0.011755,172.31.46.0-255,66,140580,44,372928
46849,0.013753,172.217.160.0-255,5738,146318,44,372928
46850,0.013767,172.31.46.0-255,66,146384,44,372928
46851,0.015781,172.217.160.0-255,5738,152122,44,372928
46852,0.015798,172.31.46.0-255,66,152188,44,372928
46853,0.017779,172.217.160.0-255,5738,157926,44,372928
46854,0.017788,172.31.46.0-255,66,157992,44,372928
46855,0.019779,172.217.160.0-255,5738,163730,44,372928
46856,0.019789,172.31.46.0-255,66,163796,44,372928
46857,0.02177,172.217.160.0-255,5738,169534,44,372928
46858,0.021781,172.31.46.0-255,66,169600,44,372928
46859,0.023787,172.217.160.0-255,5738,175338,44,372928
46860,0.023794,172.31.46.0-255,66,175404,44,372928
46861,0.025785,172.217.160.0-255,5738,181142,44,372928
46862,0.025793,172.31.46.0-255,66,181208,44,372928
46863,0.027775,172.217.160.0-255,5738,186946,44,372928
46864,0.027783,172.31.46.0-255,66,187012,44,372928
46865,0.029768,172.217.160.0-255,5738,192750,44,372928
46866,0.029776,172.31.46.0-255,66,192816,44,372928
46867,0.031767,172.217.160.0-255,5738,198554,44,372928
46868,0.031775,172.31.46.0-255,66,198620,44,372928
46869,0.033755,172.217.160.0-255,5738,204358,44,372928
46870,0.033763,172.31.46.0-255,66,204424,44,372928
46871,0.035762,172.217.160.0-255,5738,210162,44,372928
46872,0.035771,172.31.46.0-255,66,210228,44,372928
46873,0.037758,172.217.160.0-255,4320,214548,44,372928
46874,0.037766,172.31.46.0-255,66,214614,44,372928
46875,0.037785,172.217.160.0-255,1484,216098,44,372928
46876,0.038484,172.31.46.0-255,172,216270,44,372928
46877,0.038516,172.31.46.0-255,1114,217384,44,372928
46878,0.038582,172.31.46.0-255,1514,218898,44,372928
46879,0.038584,172.31.46.0-255,1514,220412,44,372928
46880,0.038589,172.31.46.0-255,1514,221926,44,372928
46881,0.038591,172.31.46.0-255,1514,223440,44,372928
46882,0.03861,172.31.46.0-255,1514,224954,44,372928
46883,0.038611,172.31.46.0-255,70,225024,44,372928
46884,0.039751,172.217.160.0-255,4320,229344,44,372928
46885,0.039758,172.31.46.0-255,66,229410,44,372928
46886,0.040018,104.244.42.0-255,66,229476,44,372928
46887,0.040124,104.244.42.0-255,66,229542,44,372928
46888,0.040182,104.244.42.0-255,66,229608,44,372928
46889,0.040187,104.244.42.0-255,66,229674,44,372928
46890,0.041738,172.217.160.0-255,5738,235412,44,372928
46891,0.041744,172.31.46.0-255,66,235478,44,372928
46892,0.043752,172.217.160.0-255,4320,239798,44,372928
46893,0.043759,172.31.46.0-255,66,239864,44,372928
46894,0.043777,172.217.160.0-255,1484,241348,44,372928
46895,0.045764,172.217.160.0-255,4320,245668,44,372928
46896,0.045771,172.31.46.0-255,66,245734,44,372928
46897,0.047752,172.217.160.0-255,2902,248636,44,372928
46898,0.047759,172.31.46.0-255,66,248702,44,372928
46899,0.047779,172.217.160.0-255,2902,251604,44,372928
46900,0.047782,172.31.46.0-255,66,251670,44,372928
46901,0.049744,172.217.160.0-255,2902,254572,44,372928
46902,0.049751,172.31.46.0-255,66,254638,44,372928
46903,0.049767,172.217.160.0-255,2902,257540,44,372928
46904,0.04977,172.31.46.0-255,66,257606,44,372928
46905,0.051722,172.217.160.0-255,2902,260508,44,372928
46906,0.051728,172.31.46.0-255,66,260574,44,372928
46907,0.051749,172.217.160.0-255,2902,263476,44,372928
46908,0.051751,172.31.46.0-255,66,263542,44,372928
46909,0.0537,172.217.160.0-255,2902,266444,44,372928
46910,0.053706,172.31.46.0-255,66,266510,44,372928
46911,0.05373,172.217.160.0-255,2902,269412,44,372928
46912,0.053733,172.31.46.0-255,66,269478,44,372928
46913,0.055678,172.217.160.0-255,2902,272380,44,372928
46914,0.055684,172.31.46.0-255,66,272446,44,372928
46915,0.055706,172.217.160.0-255,2902,275348,44,372928
46916,0.055708,172.31.46.0-255,66,275414,44,372928
46917,0.057654,172.217.160.0-255,2902,278316,44,372928
46918,0.05766,172.31.46.0-255,66,278382,44,372928
46919,0.057676,172.217.160.0-255,2902,281284,44,372928
46920,0.057679,172.31.46.0-255,66,281350,44,372928
46921,0.059642,172.217.160.0-255,4320,285670,44,372928
46922,0.059648,172.31.46.0-255,66,285736,44,372928
46923,0.059666,172.217.160.0-255,1484,287220,44,372928
46924,0.061618,172.217.160.0-255,4320,291540,44,372928
46925,0.061625,172.31.46.0-255,66,291606,44,372928
46926,0.063609,172.217.160.0-255,5738,297344,44,372928
46927,0.063615,172.31.46.0-255,66,297410,44,372928
46928,0.065588,172.217.160.0-255,5738,303148,44,372928
46929,0.065594,172.31.46.0-255,66,303214,44,372928
46930,0.067576,172.217.160.0-255,5738,308952,44,372928
46931,0.067583,172.31.46.0-255,66,309018,44,372928
46932,0.069561,172.217.160.0-255,5738,314756,44,372928
46933,0.069567,172.31.46.0-255,66,314822,44,372928
46934,0.071554,172.217.160.0-255,5738,320560,44,372928
46935,0.07156,172.31.46.0-255,66,320626,44,372928
46936,0.073568,172.217.160.0-255,5738,326364,44,372928
46937,0.073574,172.31.46.0-255,66,326430,44,372928
46938,0.075558,172.217.160.0-255,5738,332168,44,372928
46939,0.075564,172.31.46.0-255,66,332234,44,372928
46940,0.077556,172.217.160.0-255,5738,337972,44,372928
46941,0.077562,172.31.46.0-255,66,338038,44,372928
46942,0.079542,172.217.160.0-255,5738,343776,44,372928
46943,0.079548,172.31.46.0-255,66,343842,44,372928
46944,0.081529,172.217.160.0-255,5738,349580,44,372928
46945,0.081533,172.31.46.0-255,66,349646,44,372928
46946,0.083511,172.217.160.0-255,5738,355384,44,372928
46947,0.083516,172.31.46.0-255,66,355450,44,372928
46948,0.085504,172.217.160.0-255,5738,361188,44,372928
46949,0.085509,172.31.46.0-255,66,361254,44,372928
46950,0.087485,172.217.160.0-255,5738,366992,44,372928
46951,0.087491,172.31.46.0-255,66,367058,44,372928
46952,0.089464,172.217.160.0-255,4320,371378,44,372928
46953,0.08947,172.31.46.0-255,66,371444,44,372928
46954,0.089488,172.217.160.0-255,1484,372928,44,372928
46955,0.0,172.217.194.0-255,150,150,44,274989
46956,2.3e-05,172.31.46.0-255,66,216,44,274989
46957,3e-05,172.217.194.0-255,1484,1700,44,274989
46958,3.4e-05,172.31.46.0-255,66,1766,44,274989
46959,4e-05,172.217.194.0-255,2902,4668,44,274989
46960,4.4e-05,172.31.46.0-255,66,4734,44,274989
46961,4.9e-05,172.217.194.0-255,2902,7636,44,274989
46962,5.2e-05,172.31.46.0-255,66,7702,44,274989
46963,8e-05,172.217.194.0-255,4320,12022,44,274989
46964,8.4e-05,172.31.46.0-255,66,12088,44,274989
46965,9.5e-05,172.31.46.0-255,66,12154,44,274989
46966,0.000107,172.31.46.0-255,66,12220,44,274989
46967,0.000163,172.217.194.0-255,1484,13704,44,274989
46968,0.000165,172.31.46.0-255,66,13770,44,274989
46969,0.000169,172.217.194.0-255,1484,15254,44,274989
46970,0.000171,172.31.46.0-255,66,15320,44,274989
46971,0.000185,172.217.194.0-255,1484,16804,44,274989
46972,0.000187,172.31.46.0-255,66,16870,44,274989
46973,0.000194,172.217.194.0-255,4320,21190,44,274989
46974,0.000196,172.31.46.0-255,66,21256,44,274989
46975,0.000217,172.217.194.0-255,1484,22740,44,274989
46976,0.000219,172.31.46.0-255,66,22806,44,274989
46977,0.000246,172.217.194.0-255,7156,29962,44,274989
46978,0.000249,172.31.46.0-255,66,30028,44,274989
46979,0.000252,172.217.194.0-255,1484,31512,44,274989
46980,0.000254,172.31.46.0-255,66,31578,44,274989
46981,0.000309,172.31.46.0-255,66,31644,44,274989
46982,0.000312,172.217.194.0-255,707,32351,44,274989
46983,0.000314,172.31.46.0-255,66,32417,44,274989
46984,0.002047,172.217.194.0-255,1484,33901,44,274989
46985,0.002061,172.217.194.0-255,2902,36803,44,274989
46986,0.002068,172.31.46.0-255,66,36869,44,274989
46987,0.002077,172.217.194.0-255,5738,42607,44,274989
46988,0.002079,172.31.46.0-255,66,42673,44,274989
46989,0.002103,172.217.194.0-255,2902,45575,44,274989
46990,0.002105,172.31.46.0-255,66,45641,44,274989
46991,0.002129,172.31.46.0-255,66,45707,44,274989
46992,0.002158,172.217.194.0-255,4320,50027,44,274989
46993,0.00216,172.31.46.0-255,66,50093,44,274989
46994,0.002183,172.217.194.0-255,6438,56531,44,274989
46995,0.002185,172.31.46.0-255,66,56597,44,274989
46996,0.002371,172.217.194.0-255,1484,58081,44,274989
46997,0.004582,172.217.194.0-255,4320,62401,44,274989
46998,0.004586,172.31.46.0-255,66,62467,44,274989
46999,0.006964,172.217.194.0-255,5738,68205,44,274989
47000,0.006971,172.31.46.0-255,66,68271,44,274989
47001,0.009342,172.217.194.0-255,5738,74009,44,274989
47002,0.009353,172.31.46.0-255,66,74075,44,274989
47003,0.011768,172.217.194.0-255,5738,79813,44,274989
47004,0.011781,172.31.46.0-255,66,79879,44,274989
47005,0.014115,172.217.194.0-255,5738,85617,44,274989
47006,0.014131,172.31.46.0-255,66,85683,44,274989
47007,0.016543,172.217.194.0-255,5738,91421,44,274989
47008,0.016559,172.31.46.0-255,66,91487,44,274989
47009,0.018931,172.217.194.0-255,5738,97225,44,274989
47010,0.018948,172.31.46.0-255,66,97291,44,274989
47011,0.021343,172.217.194.0-255,5738,103029,44,274989
47012,0.021354,172.31.46.0-255,66,103095,44,274989
47013,0.023768,172.217.194.0-255,5738,108833,44,274989
47014,0.023787,172.31.46.0-255,66,108899,44,274989
47015,0.026152,172.217.194.0-255,5738,114637,44,274989
47016,0.026166,172.31.46.0-255,66,114703,44,274989
47017,0.02855,172.217.194.0-255,5738,120441,44,274989
47018,0.028563,172.31.46.0-255,66,120507,44,274989
47019,0.030949,172.217.194.0-255,5738,126245,44,274989
47020,0.030965,172.31.46.0-255,66,126311,44,274989
47021,0.033358,172.217.194.0-255,5738,132049,44,274989
47022,0.033366,172.31.46.0-255,66,132115,44,274989
47023,0.035716,172.217.194.0-255,5738,137853,44,274989
47024,0.035728,172.31.46.0-255,66,137919,44,274989
47025,0.038128,172.217.194.0-255,5738,143657,44,274989
47026,0.038142,172.31.46.0-255,66,143723,44,274989
47027,0.040522,172.217.194.0-255,5738,149461,44,274989
47028,0.040531,172.31.46.0-255,66,149527,44,274989
47029,0.040623,172.31.46.0-255,188,149715,44,274989
47030,0.040649,172.31.46.0-255,955,150670,44,274989
47031,0.040725,172.31.46.0-255,1514,152184,44,274989
47032,0.040727,172.31.46.0-255,1514,153698,44,274989
47033,0.040733,172.31.46.0-255,1514,155212,44,274989
47034,0.040734,172.31.46.0-255,1514,156726,44,274989
47035,0.040753,172.31.46.0-255,1514,158240,44,274989
47036,0.040754,172.31.46.0-255,231,158471,44,274989
47037,0.042177,104.244.42.0-255,66,158537,44,274989
47038,0.042188,104.244.42.0-255,66,158603,44,274989
47039,0.042322,104.244.42.0-255,66,158669,44,274989
47040,0.04233,104.244.42.0-255,66,158735,44,274989
47041,0.042922,172.217.194.0-255,5738,164473,44,274989
47042,0.042938,172.31.46.0-255,66,164539,44,274989
47043,0.044074,104.244.42.0-255,108,164647,44,274989
47044,0.044083,172.31.46.0-255,66,164713,44,274989
47045,0.045341,172.217.194.0-255,5738,170451,44,274989
47046,0.045349,172.31.46.0-255,66,170517,44,274989
47047,0.047716,172.217.194.0-255,5738,176255,44,274989
47048,0.047726,172.31.46.0-255,66,176321,44,274989
47049,0.050132,172.217.194.0-255,5738,182059,44,274989
47050,0.050139,172.31.46.0-255,66,182125,44,274989
47051,0.052534,172.217.194.0-255,5738,187863,44,274989
47052,0.05254,172.31.46.0-255,66,187929,44,274989
47053,0.054879,172.217.194.0-255,5738,193667,44,274989
47054,0.054885,172.31.46.0-255,66,193733,44,274989
47055,0.057271,172.217.194.0-255,5738,199471,44,274989
47056,0.057278,172.31.46.0-255,66,199537,44,274989
47057,0.05965,172.217.194.0-255,5738,205275,44,274989
47058,0.059656,172.31.46.0-255,66,205341,44,274989
47059,0.062038,172.217.194.0-255,5738,211079,44,274989
47060,0.062044,172.31.46.0-255,66,211145,44,274989
47061,0.064454,172.217.194.0-255,5738,216883,44,274989
47062,0.06446,172.31.46.0-255,66,216949,44,274989
47063,0.066829,172.217.194.0-255,5738,222687,44,274989
47064,0.066836,172.31.46.0-255,66,222753,44,274989
47065,0.06922,172.217.194.0-255,5738,228491,44,274989
47066,0.069227,172.31.46.0-255,66,228557,44,274989
47067,0.071633,172.217.194.0-255,5738,234295,44,274989
47068,0.071639,172.31.46.0-255,66,234361,44,274989
47069,0.074009,172.217.194.0-255,5738,240099,44,274989
47070,0.074015,172.31.46.0-255,66,240165,44,274989
47071,0.076403,172.217.194.0-255,5738,245903,44,274989
47072,0.07641,172.31.46.0-255,66,245969,44,274989
47073,0.078752,172.217.194.0-255,5738,251707,44,274989
47074,0.078759,172.31.46.0-255,66,251773,44,274989
47075,0.081194,172.217.194.0-255,5738,257511,44,274989
47076,0.081205,172.31.46.0-255,66,257577,44,274989
47077,0.083599,172.217.194.0-255,5738,263315,44,274989
47078,0.083609,172.31.46.0-255,66,263381,44,274989
47079,0.086016,172.217.194.0-255,5738,269119,44,274989
47080,0.086023,172.31.46.0-255,66,269185,44,274989
47081,0.088361,172.217.194.0-255,5738,274923,44,274989
47082,0.088368,172.31.46.0-255,66,274989,44,274989
47083,0.0,74.125.130.0-255,153,153,44,326303
47084,2.2e-05,172.31.46.0-255,66,219,44,326303
47085,4.6e-05,74.125.130.0-255,1484,1703,44,326303
47086,5.1e-05,172.31.46.0-255,66,1769,44,326303
47087,7.7e-05,74.125.130.0-255,1484,3253,44,326303
47088,8e-05,172.31.46.0-255,66,3319,44,326303
47089,8.6e-05,74.125.130.0-255,2902,6221,44,326303
47090,8.8e-05,172.31.46.0-255,66,6287,44,326303
47091,0.000112,74.125.130.0-255,2902,9189,44,326303
47092,0.000114,172.31.46.0-255,66,9255,44,326303
47093,0.000135,74.125.130.0-255,2902,12157,44,326303
47094,0.000137,172.31.46.0-255,66,12223,44,326303
47095,0.00014,74.125.130.0-255,1484,13707,44,326303
47096,0.000142,172.31.46.0-255,66,13773,44,326303
47097,0.000164,74.125.130.0-255,624,14397,44,326303
47098,0.000166,172.31.46.0-255,66,14463,44,326303
47099,0.000317,74.125.130.0-255,1484,15947,44,326303
47100,0.000322,172.31.46.0-255,66,16013,44,326303
47101,0.000327,74.125.130.0-255,2902,18915,44,326303
47102,0.000329,172.31.46.0-255,66,18981,44,326303
47103,0.000345,74.125.130.0-255,4320,23301,44,326303
47104,0.000348,172.31.46.0-255,66,23367,44,326303
47105,0.00036,74.125.130.0-255,1484,24851,44,326303
47106,0.000362,172.31.46.0-255,66,24917,44,326303
47107,0.000377,74.125.130.0-255,4320,29237,44,326303
47108,0.000379,172.31.46.0-255,66,29303,44,326303
47109,0.000401,74.125.130.0-255,2543,31846,44,326303
47110,0.000403,172.31.46.0-255,66,31912,44,326303
47111,0.000432,74.125.130.0-255,2902,34814,44,326303
47112,0.000435,172.31.46.0-255,66,34880,44,326303
47113,0.000438,74.125.130.0-255,1484,36364,44,326303
47114,0.00044,172.31.46.0-255,66,36430,44,326303
47115,0.000456,74.125.130.0-255,2902,39332,44,326303
47116,0.000472,74.125.130.0-255,4320,43652,44,326303
47117,0.000489,74.125.130.0-255,4320,47972,44,326303
47118,0.000492,74.125.130.0-255,1125,49097,44,326303
47119,0.000507,172.31.46.0-255,66,49163,44,326303
47120,0.000608,74.125.130.0-255,1484,50647,44,326303
47121,0.000634,74.125.130.0-255,1484,52131,44,326303
47122,0.000661,74.125.130.0-255,2902,55033,44,326303
47123,0.00067,172.31.46.0-255,66,55099,44,326303
47124,0.000686,74.125.130.0-255,5738,60837,44,326303
47125,0.000694,74.125.130.0-255,5379,66216,44,326303
47126,0.000716,172.31.46.0-255,66,66282,44,326303
47127,0.000834,74.125.130.0-255,339,66621,44,326303
47128,0.000931,74.125.130.0-255,116,66737,44,326303
47129,0.000961,74.125.130.0-255,384,67121,44,326303
47130,0.001162,172.31.46.0-255,66,67187,44,326303
47131,0.001259,74.125.130.0-255,1484,68671,44,326303
47132,0.001266,74.125.130.0-255,1484,70155,44,326303
47133,0.001281,74.125.130.0-255,1484,71639,44,326303
47134,0.001287,74.125.130.0-255,4320,75959,44,326303
47135,0.001301,74.125.130.0-255,1484,77443,44,326303
47136,0.001304,74.125.130.0-255,1484,78927,44,326303
47137,0.001325,74.125.130.0-255,5738,84665,44,326303
47138,0.001348,74.125.130.0-255,4320,88985,44,326303
47139,0.00137,74.125.130.0-255,7156,96141,44,326303
47140,0.001407,74.125.130.0-255,5020,101161,44,326303
47141,0.001719,74.125.130.0-255,1484,102645,44,326303
47142,0.00174,74.125.130.0-255,1484,104129,44,326303
47143,0.00176,74.125.130.0-255,2902,107031,44,326303
47144,0.001772,74.125.130.0-255,4320,111351,44,326303
47145,0.001788,74.125.130.0-255,1484,112835,44,326303
47146,0.0018,74.125.130.0-255,1484,114319,44,326303
47147,0.001822,74.125.130.0-255,7156,121475,44,326303
47148,0.001829,74.125.130.0-255,5738,127213,44,326303
47149,0.001845,74.125.130.0-255,4320,131533,44,326303
47150,0.001848,74.125.130.0-255,1484,133017,44,326303
47151,0.001863,74.125.130.0-255,2184,135201,44,326303
47152,0.006856,172.31.46.0-255,66,135267,44,326303
47153,0.00943,74.125.130.0-255,5738,141005,44,326303
47154,0.009437,172.31.46.0-255,66,141071,44,326303
47155,0.011988,74.125.130.0-255,4320,145391,44,326303
47156,0.011996,172.31.46.0-255,66,145457,44,326303
47157,0.012014,74.125.130.0-255,1484,146941,44,326303
47158,0.014554,74.125.130.0-255,4320,151261,44,326303
47159,0.014561,172.31.46.0-255,66,151327,44,326303
47160,0.017121,74.125.130.0-255,5738,157065,44,326303
47161,0.017171,172.31.46.0-255,66,157131,44,326303
47162,0.019729,74.125.130.0-255,5738,162869,44,326303
47163,0.019737,172.31.46.0-255,66,162935,44,326303
47164,0.022316,74.125.130.0-255,5738,168673,44,326303
47165,0.022328,172.31.46.0-255,66,168739,44,326303
47166,0.024926,74.125.130.0-255,5738,174477,44,326303
47167,0.024935,172.31.46.0-255,66,174543,44,326303
47168,0.027522,74.125.130.0-255,5738,180281,44,326303
47169,0.02753,172.31.46.0-255,66,180347,44,326303
47170,0.030081,74.125.130.0-255,5738,186085,44,326303
47171,0.030086,172.31.46.0-255,66,186151,44,326303
47172,0.03264,74.125.130.0-255,5738,191889,44,326303
47173,0.032647,172.31.46.0-255,66,191955,44,326303
47174,0.032854,172.31.46.0-255,172,192127,44,326303
47175,0.032885,172.31.46.0-255,1114,193241,44,326303
47176,0.033019,172.31.46.0-255,1514,194755,44,326303
47177,0.033022,172.31.46.0-255,1514,196269,44,326303
47178,0.033023,172.31.46.0-255,1514,197783,44,326303
47179,0.033024,172.31.46.0-255,1514,199297,44,326303
47180,0.033056,172.31.46.0-255,1514,200811,44,326303
47181,0.033058,172.31.46.0-255,70,200881,44,326303
47182,0.034429,104.244.42.0-255,66,200947,44,326303
47183,0.034437,104.244.42.0-255,66,201013,44,326303
47184,0.034584,104.244.42.0-255,66,201079,44,326303
47185,0.034624,104.244.42.0-255,66,201145,44,326303
47186,0.035115,104.244.42.0-255,108,201253,44,326303
47187,0.035124,172.31.46.0-255,66,201319,44,326303
47188,0.0352,74.125.130.0-255,4320,205639,44,326303
47189,0.035204,172.31.46.0-255,66,205705,44,326303
47190,0.035221,74.125.130.0-255,1484,207189,44,326303
47191,0.037804,74.125.130.0-255,4320,211509,44,326303
47192,0.03781,172.31.46.0-255,66,211575,44,326303
47193,0.040378,74.125.130.0-255,4320,215895,44,326303
47194,0.040385,172.31.46.0-255,66,215961,44,326303
47195,0.040404,74.125.130.0-255,1484,217445,44,326303
47196,0.04294,74.125.130.0-255,4320,221765,44,326303
47197,0.042948,172.31.46.0-255,66,221831,44,326303
47198,0.045541,74.125.130.0-255,5738,227569,44,326303
47199,0.045595,172.31.46.0-255,66,227635,44,326303
47200,0.048187,74.125.130.0-255,5738,233373,44,326303
47201,0.048195,172.31.46.0-255,66,233439,44,326303
47202,0.050773,74.125.130.0-255,5738,239177,44,326303
47203,0.050779,172.31.46.0-255,66,239243,44,326303
47204,0.05334,74.125.130.0-255,5738,244981,44,326303
47205,0.053347,172.31.46.0-255,66,245047,44,326303
47206,0.055919,74.125.130.0-255,5738,250785,44,326303
47207,0.055926,172.31.46.0-255,66,250851,44,326303
47208,0.058506,74.125.130.0-255,5738,256589,44,326303
47209,0.058512,172.31.46.0-255,66,256655,44,326303
47210,0.061083,74.125.130.0-255,5738,262393,44,326303
47211,0.06109,172.31.46.0-255,66,262459,44,326303
47212,0.063654,74.125.130.0-255,5738,268197,44,326303
47213,0.06366,172.31.46.0-255,66,268263,44,326303
47214,0.066223,74.125.130.0-255,5738,274001,44,326303
47215,0.06623,172.31.46.0-255,66,274067,44,326303
47216,0.068801,74.125.130.0-255,5738,279805,44,326303
47217,0.068807,172.31.46.0-255,66,279871,44,326303
47218,0.071371,74.125.130.0-255,5738,285609,44,326303
47219,0.071377,172.31.46.0-255,66,285675,44,326303
47220,0.073948,74.125.130.0-255,5738,291413,44,326303
47221,0.073955,172.31.46.0-255,66,291479,44,326303
47222,0.076526,74.125.130.0-255,5738,297217,44,326303
47223,0.076531,172.31.46.0-255,66,297283,44,326303
47224,0.079094,74.125.130.0-255,5738,303021,44,326303
47225,0.079101,172.31.46.0-255,66,303087,44,326303
47226,0.081668,74.125.130.0-255,5738,308825,44,326303
47227,0.081675,172.31.46.0-255,66,308891,44,326303
47228,0.084243,74.125.130.0-255,5738,314629,44,326303
47229,0.084253,172.31.46.0-255,66,314695,44,326303
47230,0.086811,74.125.130.0-255,5738,320433,44,326303
47231,0.086831,172.31.46.0-255,66,320499,44,326303
47232,0.089416,74.125.130.0-255,5738,326237,44,326303
47233,0.089423,172.31.46.0-255,66,326303,44,326303
47234,0.0,74.125.130.0-255,157,157,44,388997
47235,2.3e-05,172.31.46.0-255,66,223,44,388997
47236,3.1e-05,74.125.130.0-255,1484,1707,44,388997
47237,3.6e-05,172.31.46.0-255,66,1773,44,388997
47238,6.3e-05,74.125.130.0-255,2902,4675,44,388997
47239,6.6e-05,172.31.46.0-255,66,4741,44,388997
47240,8.2e-05,74.125.130.0-255,5738,10479,44,388997
47241,8.5e-05,172.31.46.0-255,66,10545,44,388997
47242,0.000132,74.125.130.0-255,3574,14119,44,388997
47243,0.000134,172.31.46.0-255,66,14185,44,388997
47244,0.000369,74.125.130.0-255,1484,15669,44,388997
47245,0.000375,172.31.46.0-255,66,15735,44,388997
47246,0.000379,74.125.130.0-255,1484,17219,44,388997
47247,0.000381,172.31.46.0-255,66,17285,44,388997
47248,0.000386,74.125.130.0-255,2902,20187,44,388997
47249,0.000388,172.31.46.0-255,66,20253,44,388997
47250,0.000413,74.125.130.0-255,5738,25991,44,388997
47251,0.000416,172.31.46.0-255,66,26057,44,388997
47252,0.000421,74.125.130.0-255,2902,28959,44,388997
47253,0.000423,172.31.46.0-255,66,29025,44,388997
47254,0.000444,74.125.130.0-255,2543,31568,44,388997
47255,0.000446,172.31.46.0-255,66,31634,44,388997
47256,0.000454,74.125.130.0-255,5738,37372,44,388997
47257,0.000456,172.31.46.0-255,66,37438,44,388997
47258,0.000481,74.125.130.0-255,5738,43176,44,388997
47259,0.000484,172.31.46.0-255,66,43242,44,388997
47260,0.000509,74.125.130.0-255,5738,48980,44,388997
47261,0.000512,172.31.46.0-255,66,49046,44,388997
47262,0.000523,172.31.46.0-255,66,49112,44,388997
47263,0.00055,74.125.130.0-255,4320,53432,44,388997
47264,0.000553,172.31.46.0-255,66,53498,44,388997
47265,0.000558,74.125.130.0-255,3602,57100,44,388997
47266,0.000561,74.125.130.0-255,361,57461,44,388997
47267,0.000581,172.31.46.0-255,66,57527,44,388997
47268,0.000758,74.125.130.0-255,1484,59011,44,388997
47269,0.000774,74.125.130.0-255,2902,61913,44,388997
47270,0.000777,74.125.130.0-255,1484,63397,44,388997
47271,0.000797,74.125.130.0-255,2902,66299,44,388997
47272,0.0008,172.31.46.0-255,66,66365,44,388997
47273,0.000805,172.31.46.0-255,66,66431,44,388997
47274,0.000841,74.125.130.0-255,4320,70751,44,388997
47275,0.000846,172.31.46.0-255,66,70817,44,388997
47276,0.000857,74.125.130.0-255,1484,72301,44,388997
47277,0.000904,74.125.130.0-255,5674,77975,44,388997
47278,0.00093,74.125.130.0-255,5738,83713,44,388997
47279,0.000936,172.31.46.0-255,66,83779,44,388997
47280,0.000944,74.125.130.0-255,1484,85263,44,388997
47281,0.000992,74.125.130.0-255,2902,88165,44,388997
47282,0.001005,74.125.130.0-255,3411,91576,44,388997
47283,0.001012,172.31.46.0-255,66,91642,44,388997
47284,0.001104,74.125.130.0-255,1484,93126,44,388997
47285,0.001118,74.125.130.0-255,2902,96028,44,388997
47286,0.001121,172.31.46.0-255,66,96094,44,388997
47287,0.001143,74.125.130.0-255,5738,101832,44,388997
47288,0.001148,74.125.130.0-255,2902,104734,44,388997
47289,0.001153,74.125.130.0-255,4320,109054,44,388997
47290,0.001196,172.31.46.0-255,66,109120,44,388997
47291,0.001208,74.125.130.0-255,2902,112022,44,388997
47292,0.001213,172.31.46.0-255,66,112088,44,388997
47293,0.001255,74.125.130.0-255,2902,114990,44,388997
47294,0.001264,172.31.46.0-255,66,115056,44,388997
47295,0.001273,74.125.130.0-255,2184,117240,44,388997
47296,0.001282,172.31.46.0-255,66,117306,44,388997
47297,0.001605,74.125.130.0-255,1484,118790,44,388997
47298,0.001623,74.125.130.0-255,2902,121692,44,388997
47299,0.001626,172.31.46.0-255,66,121758,44,388997
47300,0.001645,74.125.130.0-255,1484,123242,44,388997
47301,0.001671,74.125.130.0-255,2902,126144,44,388997
47302,0.001677,74.125.130.0-255,5738,131882,44,388997
47303,0.00169,172.31.46.0-255,66,131948,44,388997
47304,0.001725,172.31.46.0-255,66,132014,44,388997
47305,0.001753,74.125.130.0-255,4320,136334,44,388997
47306,0.00177,74.125.130.0-255,3602,139936,44,388997
47307,0.001772,172.31.46.0-255,66,140002,44,388997
47308,0.001777,172.31.46.0-255,66,140068,44,388997
47309,0.003766,74.125.130.0-255,4320,144388,44,388997
47310,0.003773,172.31.46.0-255,66,144454,44,388997
47311,0.003793,74.125.130.0-255,1484,145938,44,388997
47312,0.005772,74.125.130.0-255,4320,150258,44,388997
47313,0.005777,172.31.46.0-255,66,150324,44,388997
47314,0.007778,74.125.130.0-255,5738,156062,44,388997
47315,0.007809,172.31.46.0-255,66,156128,44,388997
47316,0.009815,74.125.130.0-255,5738,161866,44,388997
47317,0.009823,172.31.46.0-255,66,161932,44,388997
47318,0.011862,74.125.130.0-255,5738,167670,44,388997
47319,0.013677,172.31.46.0-255,66,167736,44,388997
47320,0.015683,74.125.130.0-255,5738,173474,44,388997
47321,0.015695,172.31.46.0-255,66,173540,44,388997
47322,0.017701,74.125.130.0-255,5738,179278,44,388997
47323,0.017706,172.31.46.0-255,66,179344,44,388997
47324,0.019719,74.125.130.0-255,5738,185082,44,388997
47325,0.019726,172.31.46.0-255,66,185148,44,388997
47326,0.021739,74.125.130.0-255,5738,190886,44,388997
47327,0.021747,172.31.46.0-255,66,190952,44,388997
47328,0.023764,74.125.130.0-255,5738,196690,44,388997
47329,0.023772,172.31.46.0-255,66,196756,44,388997
47330,0.025784,74.125.130.0-255,5738,202494,44,388997
47331,0.025791,172.31.46.0-255,66,202560,44,388997
47332,0.027807,74.125.130.0-255,5738,208298,44,388997
47333,0.027815,172.31.46.0-255,66,208364,44,388997
47334,0.029824,74.125.130.0-255,5738,214102,44,388997
47335,0.029832,172.31.46.0-255,66,214168,44,388997
47336,0.031831,74.125.130.0-255,5738,219906,44,388997
47337,0.031838,172.31.46.0-255,66,219972,44,388997
47338,0.033865,74.125.130.0-255,5738,225710,44,388997
47339,0.033873,172.31.46.0-255,66,225776,44,388997
47340,0.035885,74.125.130.0-255,5738,231514,44,388997
47341,0.035894,172.31.46.0-255,66,231580,44,388997
47342,0.03789,74.125.130.0-255,5738,237318,44,388997
47343,0.037896,172.31.46.0-255,66,237384,44,388997
47344,0.038578,172.31.46.0-255,164,237548,44,388997
47345,0.038611,172.31.46.0-255,1123,238671,44,388997
47346,0.038692,172.31.46.0-255,1514,240185,44,388997
47347,0.038694,172.31.46.0-255,1514,241699,44,388997
47348,0.0387,172.31.46.0-255,1514,243213,44,388997
47349,0.038702,172.31.46.0-255,1514,244727,44,388997
47350,0.03872,172.31.46.0-255,1509,246236,44,388997
47351,0.039909,74.125.130.0-255,5738,251974,44,388997
47352,0.039918,172.31.46.0-255,66,252040,44,388997
47353,0.040129,104.244.42.0-255,66,252106,44,388997
47354,0.040193,104.244.42.0-255,66,252172,44,388997
47355,0.040278,104.244.42.0-255,66,252238,44,388997
47356,0.041926,74.125.130.0-255,5738,257976,44,388997
47357,0.041933,172.31.46.0-255,66,258042,44,388997
47358,0.04394,74.125.130.0-255,5738,263780,44,388997
47359,0.043948,172.31.46.0-255,66,263846,44,388997
47360,0.045959,74.125.130.0-255,5738,269584,44,388997
47361,0.045965,172.31.46.0-255,66,269650,44,388997
47362,0.046086,172.31.46.0-255,101,269751,44,388997
47363,0.047974,74.125.130.0-255,4320,274071,44,388997
47364,0.047981,172.31.46.0-255,66,274137,44,388997
47365,0.048003,74.125.130.0-255,1484,275621,44,388997
47366,0.048054,74.125.130.0-255,66,275687,44,388997
47367,0.050028,74.125.130.0-255,4320,280007,44,388997
47368,0.050035,172.31.46.0-255,66,280073,44,388997
47369,0.052038,74.125.130.0-255,5738,285811,44,388997
47370,0.052087,172.31.46.0-255,66,285877,44,388997
47371,0.054119,74.125.130.0-255,5738,291615,44,388997
47372,0.054125,172.31.46.0-255,66,291681,44,388997
47373,0.056136,74.125.130.0-255,5738,297419,44,388997
47374,0.056143,172.31.46.0-255,66,297485,44,388997
47375,0.058159,74.125.130.0-255,5738,303223,44,388997
47376,0.058165,172.31.46.0-255,66,303289,44,388997
47377,0.060179,74.125.130.0-255,5738,309027,44,388997
47378,0.060185,172.31.46.0-255,66,309093,44,388997
47379,0.062207,74.125.130.0-255,5738,314831,44,388997
47380,0.062215,172.31.46.0-255,66,314897,44,388997
47381,0.064225,74.125.130.0-255,5738,320635,44,388997
47382,0.064232,172.31.46.0-255,66,320701,44,388997
47383,0.066245,74.125.130.0-255,5738,326439,44,388997
47384,0.066251,172.31.46.0-255,66,326505,44,388997
47385,0.068266,74.125.130.0-255,5738,332243,44,388997
47386,0.068274,172.31.46.0-255,66,332309,44,388997
47387,0.070273,74.125.130.0-255,5738,338047,44,388997
47388,0.070279,172.31.46.0-255,66,338113,44,388997
47389,0.072281,74.125.130.0-255,5738,343851,44,388997
47390,0.072288,172.31.46.0-255,66,343917,44,388997
47391,0.074298,74.125.130.0-255,4320,348237,44,388997
47392,0.074305,172.31.46.0-255,66,348303,44,388997
47393,0.074325,74.125.130.0-255,1484,349787,44,388997
47394,0.076311,74.125.130.0-255,4320,354107,44,388997
47395,0.076317,172.31.46.0-255,66,354173,44,388997
47396,0.078338,74.125.130.0-255,5738,359911,44,388997
47397,0.078394,172.31.46.0-255,66,359977,44,388997
47398,0.080411,74.125.130.0-255,5738,365715,44,388997
47399,0.080417,172.31.46.0-255,66,365781,44,388997
47400,0.082427,74.125.130.0-255,5738,371519,44,388997
47401,0.082433,172.31.46.0-255,66,371585,44,388997
47402,0.084446,74.125.130.0-255,5738,377323,44,388997
47403,0.084452,172.31.46.0-255,66,377389,44,388997
47404,0.08646,74.125.130.0-255,5738,383127,44,388997
47405,0.086466,172.31.46.0-255,66,383193,44,388997
47406,0.088473,74.125.130.0-255,5738,388931,44,388997
47407,0.088479,172.31.46.0-255,66,388997,44,388997
47408,0.0,172.217.194.0-255,146,146,44,143514
47409,2.5e-05,172.31.46.0-255,66,212,44,143514
47410,3.2e-05,172.217.194.0-255,1484,1696,44,143514
47411,3.7e-05,172.31.46.0-255,66,1762,44,143514
47412,4.3e-05,172.217.194.0-255,2902,4664,44,143514
47413,4.6e-05,172.31.46.0-255,66,4730,44,143514
47414,5.4e-05,172.217.194.0-255,7156,11886,44,143514
47415,5.8e-05,172.31.46.0-255,66,11952,44,143514
47416,7.2e-05,172.31.46.0-255,66,12018,44,143514
47417,0.000104,172.217.194.0-255,2045,14063,44,143514
47418,0.000107,172.31.46.0-255,66,14129,44,143514
47419,0.000115,172.217.194.0-255,6797,20926,44,143514
47420,0.000118,172.31.46.0-255,66,20992,44,143514
47421,0.000152,172.217.194.0-255,4320,25312,44,143514
47422,0.000154,172.31.46.0-255,66,25378,44,143514
47423,0.000161,172.217.194.0-255,5738,31116,44,143514
47424,0.000163,172.31.46.0-255,66,31182,44,143514
47425,0.000188,172.217.194.0-255,1484,32666,44,143514
47426,0.00019,172.31.46.0-255,66,32732,44,143514
47427,0.000234,172.31.46.0-255,66,32798,44,143514
47428,0.000238,172.217.194.0-255,2902,35700,44,143514
47429,0.00024,172.31.46.0-255,66,35766,44,143514
47430,0.000263,172.31.46.0-255,66,35832,44,143514
47431,0.000266,172.217.194.0-255,104,35936,44,143514
47432,0.000269,172.31.46.0-255,66,36002,44,143514
47433,0.000272,172.217.194.0-255,359,36361,44,143514
47434,0.000273,172.31.46.0-255,66,36427,44,143514
47435,0.000327,172.217.194.0-255,2902,39329,44,143514
47436,0.000331,172.31.46.0-255,66,39395,44,143514
47437,0.000336,172.217.194.0-255,4320,43715,44,143514
47438,0.000338,172.31.46.0-255,66,43781,44,143514
47439,0.000379,172.31.46.0-255,66,43847,44,143514
47440,0.000381,172.217.194.0-255,577,44424,44,143514
47441,0.000605,172.217.194.0-255,1484,45908,44,143514
47442,0.00061,172.31.46.0-255,66,45974,44,143514
47443,0.000616,172.217.194.0-255,2902,48876,44,143514
47444,0.000618,172.31.46.0-255,66,48942,44,143514
47445,0.000624,172.217.194.0-255,4320,53262,44,143514
47446,0.000627,172.31.46.0-255,66,53328,44,143514
47447,0.000651,172.217.194.0-255,1484,54812,44,143514
47448,0.000664,172.31.46.0-255,66,54878,44,143514
47449,0.000702,172.217.194.0-255,7156,62034,44,143514
47450,0.000705,172.31.46.0-255,66,62100,44,143514
47451,0.000731,172.31.46.0-255,66,62166,44,143514
47452,0.001337,172.217.194.0-255,1484,63650,44,143514
47453,0.001344,172.217.194.0-255,2902,66552,44,143514
47454,0.001348,172.31.46.0-255,66,66618,44,143514
47455,0.001354,172.217.194.0-255,2902,69520,44,143514
47456,0.001356,172.31.46.0-255,66,69586,44,143514
47457,0.00137,172.217.194.0-255,2902,72488,44,143514
47458,0.001373,172.31.46.0-255,66,72554,44,143514
47459,0.001385,172.217.194.0-255,1484,74038,44,143514
47460,0.001409,172.31.46.0-255,66,74104,44,143514
47461,0.001427,172.217.194.0-255,1484,75588,44,143514
47462,0.001453,172.31.46.0-255,66,75654,44,143514
47463,0.001479,172.217.194.0-255,1484,77138,44,143514
47464,0.001503,172.217.194.0-255,1484,78622,44,143514
47465,0.001506,172.31.46.0-255,66,78688,44,143514
47466,0.001528,172.217.194.0-255,1484,80172,44,143514
47467,0.001534,172.217.194.0-255,5738,85910,44,143514
47468,0.001537,172.31.46.0-255,66,85976,44,143514
47469,0.001543,172.217.194.0-255,4320,90296,44,143514
47470,0.001545,172.31.46.0-255,66,90362,44,143514
47471,0.001586,172.31.46.0-255,66,90428,44,143514
47472,0.001599,172.31.46.0-255,66,90494,44,143514
47473,0.001651,172.217.194.0-255,1484,91978,44,143514
47474,0.001684,172.31.46.0-255,66,92044,44,143514
47475,0.001707,172.217.194.0-255,7156,99200,44,143514
47476,0.001709,172.31.46.0-255,66,99266,44,143514
47477,0.001738,172.217.194.0-255,4320,103586,44,143514
47478,0.001741,172.31.46.0-255,66,103652,44,143514
47479,0.001789,172.31.46.0-255,66,103718,44,143514
47480,0.001919,172.217.194.0-255,4320,108038,44,143514
47481,0.001923,172.31.46.0-255,66,108104,44,143514
47482,0.001953,172.217.194.0-255,1484,109588,44,143514
47483,0.001957,172.31.46.0-255,66,109654,44,143514
47484,0.001996,172.31.46.0-255,66,109720,44,143514
47485,0.002034,172.31.46.0-255,66,109786,44,143514
47486,0.002072,172.31.46.0-255,66,109852,44,143514
47487,0.002151,172.217.194.0-255,5738,115590,44,143514
47488,0.002156,172.31.46.0-255,66,115656,44,143514
47489,0.002172,172.31.46.0-255,66,115722,44,143514
47490,0.002211,172.31.46.0-255,66,115788,44,143514
47491,0.002288,172.31.46.0-255,66,115854,44,143514
47492,0.002312,172.217.194.0-255,7156,123010,44,143514
47493,0.002315,172.31.46.0-255,66,123076,44,143514
47494,0.002373,172.31.46.0-255,66,123142,44,143514
47495,0.002399,172.31.46.0-255,66,123208,44,143514
47496,0.002437,172.217.194.0-255,5738,128946,44,143514
47497,0.002442,172.31.46.0-255,66,129012,44,143514
47498,0.002512,172.31.46.0-255,66,129078,44,143514
47499,0.002542,172.31.46.0-255,66,129144,44,143514
47500,0.002628,172.217.194.0-255,5738,134882,44,143514
47501,0.002632,172.31.46.0-255,66,134948,44,143514
47502,0.002658,172.31.46.0-255,66,135014,44,143514
47503,0.004778,172.31.46.0-255,105,135119,44,143514
47504,0.007339,172.217.194.0-255,66,135185,44,143514
47505,0.031808,172.31.46.0-255,164,135349,44,143514
47506,0.031838,172.31.46.0-255,1123,136472,44,143514
47507,0.031908,172.31.46.0-255,1514,137986,44,143514
47508,0.03191,172.31.46.0-255,1514,139500,44,143514
47509,0.031911,172.31.46.0-255,1514,141014,44,143514
47510,0.031913,172.31.46.0-255,1514,142528,44,143514
47511,0.031913,172.31.46.0-255,548,143076,44,143514
47512,0.033368,104.244.42.0-255,66,143142,44,143514
47513,0.033466,104.244.42.0-255,66,143208,44,143514
47514,0.033516,104.244.42.0-255,66,143274,44,143514
47515,0.033519,104.244.42.0-255,66,143340,44,143514
47516,0.034997,104.244.42.0-255,108,143448,44,143514
47517,0.035008,172.31.46.0-255,66,143514,44,143514
47518,0.0,74.125.130.0-255,153,153,44,360133
47519,2.4e-05,172.31.46.0-255,66,219,44,360133
47520,3.2e-05,74.125.130.0-255,1484,1703,44,360133
47521,3.8e-05,172.31.46.0-255,66,1769,44,360133
47522,4.6e-05,74.125.130.0-255,2902,4671,44,360133
47523,5.1e-05,172.31.46.0-255,66,4737,44,360133
47524,5.9e-05,74.125.130.0-255,7156,11893,44,360133
47525,6.3e-05,172.31.46.0-255,66,11959,44,360133
47526,9.9e-05,74.125.130.0-255,1939,13898,44,360133
47527,0.000102,172.31.46.0-255,66,13964,44,360133
47528,0.00025,74.125.130.0-255,1484,15448,44,360133
47529,0.000254,172.31.46.0-255,66,15514,44,360133
47530,0.000258,74.125.130.0-255,1484,16998,44,360133
47531,0.000261,172.31.46.0-255,66,17064,44,360133
47532,0.000273,74.125.130.0-255,1484,18548,44,360133
47533,0.000276,172.31.46.0-255,66,18614,44,360133
47534,0.00028,74.125.130.0-255,2902,21516,44,360133
47535,0.000283,172.31.46.0-255,66,21582,44,360133
47536,0.000302,74.125.130.0-255,2902,24484,44,360133
47537,0.000304,172.31.46.0-255,66,24550,44,360133
47538,0.000309,74.125.130.0-255,2902,27452,44,360133
47539,0.00031,172.31.46.0-255,66,27518,44,360133
47540,0.000316,74.125.130.0-255,3961,31479,44,360133
47541,0.000318,172.31.46.0-255,66,31545,44,360133
47542,0.000689,74.125.130.0-255,1484,33029,44,360133
47543,0.000694,172.31.46.0-255,66,33095,44,360133
47544,0.000698,74.125.130.0-255,1484,34579,44,360133
47545,0.0007,172.31.46.0-255,66,34645,44,360133
47546,0.000703,74.125.130.0-255,1484,36129,44,360133
47547,0.000706,172.31.46.0-255,66,36195,44,360133
47548,0.000733,74.125.130.0-255,1484,37679,44,360133
47549,0.000736,172.31.46.0-255,66,37745,44,360133
47550,0.000744,74.125.130.0-255,5738,43483,44,360133
47551,0.000746,172.31.46.0-255,66,43549,44,360133
47552,0.000752,74.125.130.0-255,5379,48928,44,360133
47553,0.000753,172.31.46.0-255,66,48994,44,360133
47554,0.001331,74.125.130.0-255,1484,50478,44,360133
47555,0.001344,74.125.130.0-255,2902,53380,44,360133
47556,0.001349,172.31.46.0-255,66,53446,44,360133
47557,0.001357,74.125.130.0-255,5738,59184,44,360133
47558,0.001359,172.31.46.0-255,66,59250,44,360133
47559,0.001399,74.125.130.0-255,6797,66047,44,360133
47560,0.001402,172.31.46.0-255,66,66113,44,360133
47561,0.001405,74.125.130.0-255,647,66760,44,360133
47562,0.001553,74.125.130.0-255,1484,68244,44,360133
47563,0.001558,172.31.46.0-255,66,68310,44,360133
47564,0.001562,74.125.130.0-255,1484,69794,44,360133
47565,0.001567,74.125.130.0-255,2902,72696,44,360133
47566,0.001569,172.31.46.0-255,66,72762,44,360133
47567,0.001589,74.125.130.0-255,5738,78500,44,360133
47568,0.001591,172.31.46.0-255,66,78566,44,360133
47569,0.001594,74.125.130.0-255,1484,80050,44,360133
47570,0.001609,74.125.130.0-255,3961,84011,44,360133
47571,0.001613,172.31.46.0-255,66,84077,44,360133
47572,0.001619,74.125.130.0-255,5738,89815,44,360133
47573,0.001622,172.31.46.0-255,66,89881,44,360133
47574,0.001659,74.125.130.0-255,7156,97037,44,360133
47575,0.001662,172.31.46.0-255,66,97103,44,360133
47576,0.001682,74.125.130.0-255,3961,101064,44,360133
47577,0.001684,172.31.46.0-255,66,101130,44,360133
47578,0.003629,74.125.130.0-255,1484,102614,44,360133
47579,0.003654,74.125.130.0-255,4320,106934,44,360133
47580,0.003663,172.31.46.0-255,66,107000,44,360133
47581,0.005647,74.125.130.0-255,5738,112738,44,360133
47582,0.005652,172.31.46.0-255,66,112804,44,360133
47583,0.007638,74.125.130.0-255,5738,118542,44,360133
47584,0.007649,172.31.46.0-255,66,118608,44,360133
47585,0.009692,74.125.130.0-255,5738,124346,44,360133
47586,0.009709,172.31.46.0-255,66,124412,44,360133
47587,0.011719,74.125.130.0-255,5738,130150,44,360133
47588,0.011737,172.31.46.0-255,66,130216,44,360133
47589,0.013745,74.125.130.0-255,5738,135954,44,360133
47590,0.013766,172.31.46.0-255,66,136020,44,360133
47591,0.015761,74.125.130.0-255,5738,141758,44,360133
47592,0.015778,172.31.46.0-255,66,141824,44,360133
47593,0.017769,74.125.130.0-255,5738,147562,44,360133
47594,0.017789,172.31.46.0-255,66,147628,44,360133
47595,0.019802,74.125.130.0-255,5738,153366,44,360133
47596,0.019821,172.31.46.0-255,66,153432,44,360133
47597,0.021814,74.125.130.0-255,5738,159170,44,360133
47598,0.021827,172.31.46.0-255,66,159236,44,360133
47599,0.02383,74.125.130.0-255,5738,164974,44,360133
47600,0.023847,172.31.46.0-255,66,165040,44,360133
47601,0.025836,74.125.130.0-255,5738,170778,44,360133
47602,0.025849,172.31.46.0-255,66,170844,44,360133
47603,0.027845,74.125.130.0-255,5738,176582,44,360133
47604,0.027861,172.31.46.0-255,66,176648,44,360133
47605,0.029864,74.125.130.0-255,5738,182386,44,360133
47606,0.029884,172.31.46.0-255,66,182452,44,360133
47607,0.031888,74.125.130.0-255,5738,188190,44,360133
47608,0.031908,172.31.46.0-255,66,188256,44,360133
47609,0.033911,74.125.130.0-255,5738,193994,44,360133
47610,0.033933,172.31.46.0-255,66,194060,44,360133
47611,0.035934,74.125.130.0-255,5738,199798,44,360133
47612,0.035954,172.31.46.0-255,66,199864,44,360133
47613,0.037961,74.125.130.0-255,5738,205602,44,360133
47614,0.037977,172.31.46.0-255,66,205668,44,360133
47615,0.039978,74.125.130.0-255,5738,211406,44,360133
47616,0.039996,172.31.46.0-255,66,211472,44,360133
47617,0.041986,74.125.130.0-255,5738,217210,44,360133
47618,0.042001,172.31.46.0-255,66,217276,44,360133
47619,0.044006,74.125.130.0-255,5738,223014,44,360133
47620,0.044027,172.31.46.0-255,66,223080,44,360133
47621,0.045774,172.31.46.0-255,172,223252,44,360133
47622,0.045808,172.31.46.0-255,1113,224365,44,360133
47623,0.045885,172.31.46.0-255,1514,225879,44,360133
47624,0.045887,172.31.46.0-255,1514,227393,44,360133
47625,0.045892,172.31.46.0-255,1514,228907,44,360133
47626,0.045893,172.31.46.0-255,1514,230421,44,360133
47627,0.045917,172.31.46.0-255,1514,231935,44,360133
47628,0.045918,172.31.46.0-255,72,232007,44,360133
47629,0.046001,74.125.130.0-255,5738,237745,44,360133
47630,0.046008,172.31.46.0-255,66,237811,44,360133
47631,0.04733,104.244.42.0-255,66,237877,44,360133
47632,0.047376,104.244.42.0-255,66,237943,44,360133
47633,0.047499,104.244.42.0-255,66,238009,44,360133
47634,0.047506,104.244.42.0-255,66,238075,44,360133
47635,0.04799,74.125.130.0-255,5738,243813,44,360133
47636,0.048002,172.31.46.0-255,66,243879,44,360133
47637,0.048024,104.244.42.0-255,108,243987,44,360133
47638,0.048028,172.31.46.0-255,66,244053,44,360133
47639,0.050045,74.125.130.0-255,5738,249791,44,360133
47640,0.050064,172.31.46.0-255,66,249857,44,360133
47641,0.052056,74.125.130.0-255,5738,255595,44,360133
47642,0.052073,172.31.46.0-255,66,255661,44,360133
47643,0.054067,74.125.130.0-255,5738,261399,44,360133
47644,0.054082,172.31.46.0-255,66,261465,44,360133
47645,0.056094,74.125.130.0-255,5738,267203,44,360133
47646,0.056113,172.31.46.0-255,66,267269,44,360133
47647,0.058105,74.125.130.0-255,5738,273007,44,360133
47648,0.058114,172.31.46.0-255,66,273073,44,360133
47649,0.060118,74.125.130.0-255,5738,278811,44,360133
47650,0.06013,172.31.46.0-255,66,278877,44,360133
47651,0.062132,74.125.130.0-255,5738,284615,44,360133
47652,0.062142,172.31.46.0-255,66,284681,44,360133
47653,0.064148,74.125.130.0-255,5738,290419,44,360133
47654,0.064159,172.31.46.0-255,66,290485,44,360133
47655,0.066154,74.125.130.0-255,5738,296223,44,360133
47656,0.066163,172.31.46.0-255,66,296289,44,360133
47657,0.068166,74.125.130.0-255,5738,302027,44,360133
47658,0.068176,172.31.46.0-255,66,302093,44,360133
47659,0.070161,74.125.130.0-255,5738,307831,44,360133
47660,0.070175,172.31.46.0-255,66,307897,44,360133
47661,0.072166,74.125.130.0-255,5738,313635,44,360133
47662,0.07218,172.31.46.0-255,66,313701,44,360133
47663,0.074188,74.125.130.0-255,5738,319439,44,360133
47664,0.074206,172.31.46.0-255,66,319505,44,360133
47665,0.076217,74.125.130.0-255,5738,325243,44,360133
47666,0.07623,172.31.46.0-255,66,325309,44,360133
47667,0.078223,74.125.130.0-255,5738,331047,44,360133
47668,0.078235,172.31.46.0-255,66,331113,44,360133
47669,0.080223,74.125.130.0-255,5738,336851,44,360133
47670,0.080235,172.31.46.0-255,66,336917,44,360133
47671,0.082225,74.125.130.0-255,5738,342655,44,360133
47672,0.082233,172.31.46.0-255,66,342721,44,360133
47673,0.08422,74.125.130.0-255,5738,348459,44,360133
47674,0.084231,172.31.46.0-255,66,348525,44,360133
47675,0.086223,74.125.130.0-255,5738,354263,44,360133
47676,0.086236,172.31.46.0-255,66,354329,44,360133
47677,0.08824,74.125.130.0-255,5738,360067,44,360133
47678,0.088252,172.31.46.0-255,66,360133,44,360133
47679,0.0,74.125.24.0-255,153,153,44,349188
47680,2.4e-05,172.31.46.0-255,66,219,44,349188
47681,3.2e-05,74.125.24.0-255,1484,1703,44,349188
47682,3.7e-05,172.31.46.0-255,66,1769,44,349188
47683,4.4e-05,74.125.24.0-255,2902,4671,44,349188
47684,4.7e-05,172.31.46.0-255,66,4737,44,349188
47685,5.5e-05,74.125.24.0-255,7156,11893,44,349188
47686,5.8e-05,172.31.46.0-255,66,11959,44,349188
47687,6.2e-05,74.125.24.0-255,2088,14047,44,349188
47688,6.5e-05,172.31.46.0-255,66,14113,44,349188
47689,8e-05,172.31.46.0-255,66,14179,44,349188
47690,8.5e-05,74.125.24.0-255,2902,17081,44,349188
47691,8.8e-05,172.31.46.0-255,66,17147,44,349188
47692,0.000109,74.125.24.0-255,2543,19690,44,349188
47693,0.000112,172.31.46.0-255,66,19756,44,349188
47694,0.000253,74.125.24.0-255,1484,21240,44,349188
47695,0.000257,172.31.46.0-255,66,21306,44,349188
47696,0.000263,74.125.24.0-255,2902,24208,44,349188
47697,0.000265,172.31.46.0-255,66,24274,44,349188
47698,0.000283,74.125.24.0-255,5738,30012,44,349188
47699,0.000286,172.31.46.0-255,66,30078,44,349188
47700,0.000291,74.125.24.0-255,4320,34398,44,349188
47701,0.000294,172.31.46.0-255,66,34464,44,349188
47702,0.000315,74.125.24.0-255,5738,40202,44,349188
47703,0.000318,172.31.46.0-255,66,40268,44,349188
47704,0.00034,74.125.24.0-255,2902,43170,44,349188
47705,0.000343,172.31.46.0-255,66,43236,44,349188
47706,0.000374,172.31.46.0-255,66,43302,44,349188
47707,0.000377,74.125.24.0-255,130,43432,44,349188
47708,0.000379,172.31.46.0-255,66,43498,44,349188
47709,0.000898,74.125.24.0-255,1484,44982,44,349188
47710,0.000906,74.125.24.0-255,2902,47884,44,349188
47711,0.00091,172.31.46.0-255,66,47950,44,349188
47712,0.000917,74.125.24.0-255,2902,50852,44,349188
47713,0.000919,172.31.46.0-255,66,50918,44,349188
47714,0.000934,74.125.24.0-255,2902,53820,44,349188
47715,0.000936,172.31.46.0-255,66,53886,44,349188
47716,0.000956,74.125.24.0-255,5738,59624,44,349188
47717,0.000958,172.31.46.0-255,66,59690,44,349188
47718,0.000982,74.125.24.0-255,7156,66846,44,349188
47719,0.000985,172.31.46.0-255,66,66912,44,349188
47720,0.000991,74.125.24.0-255,4320,71232,44,349188
47721,0.000993,172.31.46.0-255,66,71298,44,349188
47722,0.00101,74.125.24.0-255,2902,74200,44,349188
47723,0.001012,172.31.46.0-255,66,74266,44,349188
47724,0.001018,74.125.24.0-255,3602,77868,44,349188
47725,0.00102,172.31.46.0-255,66,77934,44,349188
47726,0.001121,74.125.24.0-255,1484,79418,44,349188
47727,0.001127,74.125.24.0-255,2902,82320,44,349188
47728,0.00113,172.31.46.0-255,66,82386,44,349188
47729,0.001146,74.125.24.0-255,5738,88124,44,349188
47730,0.001149,172.31.46.0-255,66,88190,44,349188
47731,0.001181,74.125.24.0-255,5738,93928,44,349188
47732,0.001184,172.31.46.0-255,66,93994,44,349188
47733,0.001188,74.125.24.0-255,1484,95478,44,349188
47734,0.001219,172.31.46.0-255,66,95544,44,349188
47735,0.001225,74.125.24.0-255,5020,100564,44,349188
47736,0.001227,172.31.46.0-255,66,100630,44,349188
47737,0.001321,74.125.24.0-255,1484,102114,44,349188
47738,0.001327,74.125.24.0-255,2902,105016,44,349188
47739,0.001331,172.31.46.0-255,66,105082,44,349188
47740,0.001356,74.125.24.0-255,5738,110820,44,349188
47741,0.001359,172.31.46.0-255,66,110886,44,349188
47742,0.001427,74.125.24.0-255,2184,113070,44,349188
47743,0.001431,172.31.46.0-255,66,113136,44,349188
47744,0.001438,172.31.46.0-255,66,113202,44,349188
47745,0.001441,172.31.46.0-255,66,113268,44,349188
47746,0.003431,74.125.24.0-255,5738,119006,44,349188
47747,0.00344,172.31.46.0-255,66,119072,44,349188
47748,0.005413,74.125.24.0-255,5738,124810,44,349188
47749,0.005421,172.31.46.0-255,66,124876,44,349188
47750,0.007389,74.125.24.0-255,5738,130614,44,349188
47751,0.007395,172.31.46.0-255,66,130680,44,349188
47752,0.009358,74.125.24.0-255,5738,136418,44,349188
47753,0.009366,172.31.46.0-255,66,136484,44,349188
47754,0.011341,74.125.24.0-255,5738,142222,44,349188
47755,0.011358,172.31.46.0-255,66,142288,44,349188
47756,0.013348,74.125.24.0-255,5738,148026,44,349188
47757,0.013361,172.31.46.0-255,66,148092,44,349188
47758,0.015351,74.125.24.0-255,5738,153830,44,349188
47759,0.015359,172.31.46.0-255,66,153896,44,349188
47760,0.017325,74.125.24.0-255,5738,159634,44,349188
47761,0.017335,172.31.46.0-255,66,159700,44,349188
47762,0.019328,74.125.24.0-255,5738,165438,44,349188
47763,0.019335,172.31.46.0-255,66,165504,44,349188
47764,0.0213,74.125.24.0-255,5738,171242,44,349188
47765,0.021307,172.31.46.0-255,66,171308,44,349188
47766,0.023273,74.125.24.0-255,5738,177046,44,349188
47767,0.02328,172.31.46.0-255,66,177112,44,349188
47768,0.025232,74.125.24.0-255,5738,182850,44,349188
47769,0.025239,172.31.46.0-255,66,182916,44,349188
47770,0.02723,74.125.24.0-255,5738,188654,44,349188
47771,0.027238,172.31.46.0-255,66,188720,44,349188
47772,0.029217,74.125.24.0-255,5738,194458,44,349188
47773,0.029225,172.31.46.0-255,66,194524,44,349188
47774,0.031209,74.125.24.0-255,5738,200262,44,349188
47775,0.031217,172.31.46.0-255,66,200328,44,349188
47776,0.033216,74.125.24.0-255,5738,206066,44,349188
47777,0.033228,172.31.46.0-255,66,206132,44,349188
47778,0.035197,74.125.24.0-255,5738,211870,44,349188
47779,0.035211,172.31.46.0-255,66,211936,44,349188
47780,0.037201,74.125.24.0-255,5738,217674,44,349188
47781,0.037216,172.31.46.0-255,66,217740,44,349188
47782,0.039206,74.125.24.0-255,5738,223478,44,349188
47783,0.039222,172.31.46.0-255,66,223544,44,349188
47784,0.041098,172.31.46.0-255,176,223720,44,349188
47785,0.041131,172.31.46.0-255,1113,224833,44,349188
47786,0.041191,74.125.24.0-255,5738,230571,44,349188
47787,0.041197,172.31.46.0-255,66,230637,44,349188
47788,0.041238,172.31.46.0-255,1514,232151,44,349188
47789,0.04124,172.31.46.0-255,1514,233665,44,349188
47790,0.041245,172.31.46.0-255,1514,235179,44,349188
47791,0.041247,172.31.46.0-255,1514,236693,44,349188
47792,0.041264,172.31.46.0-255,1514,238207,44,349188
47793,0.041265,172.31.46.0-255,72,238279,44,349188
47794,0.042642,104.244.42.0-255,66,238345,44,349188
47795,0.042749,104.244.42.0-255,66,238411,44,349188
47796,0.042845,104.244.42.0-255,66,238477,44,349188
47797,0.042946,104.244.42.0-255,66,238543,44,349188
47798,0.043179,74.125.24.0-255,5738,244281,44,349188
47799,0.043187,172.31.46.0-255,66,244347,44,349188
47800,0.045157,74.125.24.0-255,5738,250085,44,349188
47801,0.045166,172.31.46.0-255,66,250151,44,349188
47802,0.047139,74.125.24.0-255,5738,255889,44,349188
47803,0.04715,172.31.46.0-255,66,255955,44,349188
47804,0.04911,74.125.24.0-255,5738,261693,44,349188
47805,0.049121,172.31.46.0-255,66,261759,44,349188
47806,0.051091,74.125.24.0-255,5738,267497,44,349188
47807,0.0511,172.31.46.0-255,66,267563,44,349188
47808,0.0531,74.125.24.0-255,5738,273301,44,349188
47809,0.053114,172.31.46.0-255,66,273367,44,349188
47810,0.055116,74.125.24.0-255,5738,279105,44,349188
47811,0.055125,172.31.46.0-255,66,279171,44,349188
47812,0.057121,74.125.24.0-255,5738,284909,44,349188
47813,0.05713,172.31.46.0-255,66,284975,44,349188
47814,0.059101,74.125.24.0-255,5738,290713,44,349188
47815,0.059108,172.31.46.0-255,66,290779,44,349188
47816,0.061101,74.125.24.0-255,5738,296517,44,349188
47817,0.061109,172.31.46.0-255,66,296583,44,349188
47818,0.063074,74.125.24.0-255,5738,302321,44,349188
47819,0.063082,172.31.46.0-255,66,302387,44,349188
47820,0.065076,74.125.24.0-255,5738,308125,44,349188
47821,0.065083,172.31.46.0-255,66,308191,44,349188
47822,0.067047,74.125.24.0-255,5738,313929,44,349188
47823,0.067053,172.31.46.0-255,66,313995,44,349188
47824,0.069024,74.125.24.0-255,5738,319733,44,349188
47825,0.06903,172.31.46.0-255,66,319799,44,349188
47826,0.070994,74.125.24.0-255,5738,325537,44,349188
47827,0.071,172.31.46.0-255,66,325603,44,349188
47828,0.073002,74.125.24.0-255,5738,331341,44,349188
47829,0.073014,172.31.46.0-255,66,331407,44,349188
47830,0.075003,74.125.24.0-255,5738,337145,44,349188
47831,0.075009,172.31.46.0-255,66,337211,44,349188
47832,0.076985,74.125.24.0-255,5738,342949,44,349188
47833,0.076992,172.31.46.0-255,66,343015,44,349188
47834,0.078977,74.125.24.0-255,5738,348753,44,349188
47835,0.078984,172.31.46.0-255,66,348819,44,349188
47836,0.080923,74.125.24.0-255,132,348951,44,349188
47837,0.081043,172.31.46.0-255,66,349017,44,349188
47838,0.08108,172.31.46.0-255,105,349122,44,349188
47839,0.082994,74.125.24.0-255,66,349188,44,349188
47840,0.0,172.217.27.0-255,146,146,44,361728
47841,1.3e-05,172.31.46.0-255,66,212,44,361728
47842,1.9e-05,172.217.27.0-255,1484,1696,44,361728
47843,2.4e-05,172.31.46.0-255,66,1762,44,361728
47844,2.9e-05,172.217.27.0-255,2902,4664,44,361728
47845,3.9e-05,172.31.46.0-255,66,4730,44,361728
47846,4.6e-05,172.217.27.0-255,5738,10468,44,361728
47847,4.9e-05,172.31.46.0-255,66,10534,44,361728
47848,8.1e-05,172.217.27.0-255,3357,13891,44,361728
47849,8.4e-05,172.31.46.0-255,66,13957,44,361728
47850,0.000493,172.217.27.0-255,1484,15441,44,361728
47851,0.000498,172.31.46.0-255,66,15507,44,361728
47852,0.000504,172.217.27.0-255,2902,18409,44,361728
47853,0.000506,172.31.46.0-255,66,18475,44,361728
47854,0.000537,172.217.27.0-255,5738,24213,44,361728
47855,0.000539,172.31.46.0-255,66,24279,44,361728
47856,0.000542,172.217.27.0-255,1484,25763,44,361728
47857,0.000543,172.31.46.0-255,66,25829,44,361728
47858,0.00058,172.217.27.0-255,5379,31208,44,361728
47859,0.000583,172.31.46.0-255,66,31274,44,361728
47860,0.00062,172.217.27.0-255,1484,32758,44,361728
47861,0.000622,172.31.46.0-255,66,32824,44,361728
47862,0.000627,172.217.27.0-255,2902,35726,44,361728
47863,0.000628,172.31.46.0-255,66,35792,44,361728
47864,0.000656,172.217.27.0-255,5738,41530,44,361728
47865,0.00066,172.31.46.0-255,66,41596,44,361728
47866,0.000667,172.217.27.0-255,2902,44498,44,361728
47867,0.00067,172.31.46.0-255,66,44564,44,361728
47868,0.000693,172.217.27.0-255,3961,48525,44,361728
47869,0.000696,172.31.46.0-255,66,48591,44,361728
47870,0.003709,172.217.27.0-255,1484,50075,44,361728
47871,0.003715,172.31.46.0-255,66,50141,44,361728
47872,0.003724,172.217.27.0-255,2902,53043,44,361728
47873,0.003726,172.31.46.0-255,66,53109,44,361728
47874,0.003734,172.217.27.0-255,1484,54593,44,361728
47875,0.003736,172.31.46.0-255,66,54659,44,361728
47876,0.005344,172.217.27.0-255,4320,58979,44,361728
47877,0.005349,172.31.46.0-255,66,59045,44,361728
47878,0.005372,172.217.27.0-255,1484,60529,44,361728
47879,0.007014,172.217.27.0-255,4320,64849,44,361728
47880,0.007021,172.31.46.0-255,66,64915,44,361728
47881,0.008651,172.217.27.0-255,5738,70653,44,361728
47882,0.008658,172.31.46.0-255,66,70719,44,361728
47883,0.010299,172.217.27.0-255,5738,76457,44,361728
47884,0.010306,172.31.46.0-255,66,76523,44,361728
47885,0.01194,172.217.27.0-255,5738,82261,44,361728
47886,0.011947,172.31.46.0-255,66,82327,44,361728
47887,0.01359,172.217.27.0-255,5738,88065,44,361728
47888,0.0136,172.31.46.0-255,66,88131,44,361728
47889,0.015236,172.217.27.0-255,5738,93869,44,361728
47890,0.015245,172.31.46.0-255,66,93935,44,361728
47891,0.016886,172.217.27.0-255,5738,99673,44,361728
47892,0.016896,172.31.46.0-255,66,99739,44,361728
47893,0.018536,172.217.27.0-255,5738,105477,44,361728
47894,0.018545,172.31.46.0-255,66,105543,44,361728
47895,0.020187,172.217.27.0-255,5738,111281,44,361728
47896,0.020197,172.31.46.0-255,66,111347,44,361728
47897,0.021836,172.217.27.0-255,5738,117085,44,361728
47898,0.021842,172.31.46.0-255,66,117151,44,361728
47899,0.023473,172.217.27.0-255,5738,122889,44,361728
47900,0.023481,172.31.46.0-255,66,122955,44,361728
47901,0.024698,172.31.46.0-255,172,123127,44,361728
47902,0.024726,172.31.46.0-255,1113,124240,44,361728
47903,0.024779,172.31.46.0-255,1514,125754,44,361728
47904,0.024781,172.31.46.0-255,1514,127268,44,361728
47905,0.024782,172.31.46.0-255,1514,128782,44,361728
47906,0.024783,172.31.46.0-255,1514,130296,44,361728
47907,0.024784,172.31.46.0-255,558,130854,44,361728
47908,0.025105,172.217.27.0-255,5738,136592,44,361728
47909,0.025111,172.31.46.0-255,66,136658,44,361728
47910,0.026608,104.244.42.0-255,66,136724,44,361728
47911,0.026744,172.217.27.0-255,5738,142462,44,361728
47912,0.02675,172.31.46.0-255,66,142528,44,361728
47913,0.028387,172.217.27.0-255,5738,148266,44,361728
47914,0.028394,172.31.46.0-255,66,148332,44,361728
47915,0.030035,172.217.27.0-255,5738,154070,44,361728
47916,0.03004,172.31.46.0-255,66,154136,44,361728
47917,0.031673,172.217.27.0-255,5738,159874,44,361728
47918,0.031679,172.31.46.0-255,66,159940,44,361728
47919,0.033329,172.217.27.0-255,5738,165678,44,361728
47920,0.033334,172.31.46.0-255,66,165744,44,361728
47921,0.034977,172.217.27.0-255,5738,171482,44,361728
47922,0.034983,172.31.46.0-255,66,171548,44,361728
47923,0.036653,172.217.27.0-255,5738,177286,44,361728
47924,0.036656,172.31.46.0-255,66,177352,44,361728
47925,0.038286,172.217.27.0-255,5738,183090,44,361728
47926,0.038293,172.31.46.0-255,66,183156,44,361728
47927,0.039931,172.217.27.0-255,5738,188894,44,361728
47928,0.039939,172.31.46.0-255,66,188960,44,361728
47929,0.041582,172.217.27.0-255,5738,194698,44,361728
47930,0.041588,172.31.46.0-255,66,194764,44,361728
47931,0.043225,172.217.27.0-255,5738,200502,44,361728
47932,0.04323,172.31.46.0-255,66,200568,44,361728
47933,0.044873,172.217.27.0-255,5738,206306,44,361728
47934,0.044881,172.31.46.0-255,66,206372,44,361728
47935,0.046545,172.217.27.0-255,5738,212110,44,361728
47936,0.046553,172.31.46.0-255,66,212176,44,361728
47937,0.048178,172.217.27.0-255,5738,217914,44,361728
47938,0.048185,172.31.46.0-255,66,217980,44,361728
47939,0.049818,172.217.27.0-255,5738,223718,44,361728
47940,0.049824,172.31.46.0-255,66,223784,44,361728
47941,0.051833,172.217.27.0-255,5738,229522,44,361728
47942,0.05184,172.31.46.0-255,66,229588,44,361728
47943,0.053481,172.217.27.0-255,5738,235326,44,361728
47944,0.053488,172.31.46.0-255,66,235392,44,361728
47945,0.055154,172.217.27.0-255,5738,241130,44,361728
47946,0.055162,172.31.46.0-255,66,241196,44,361728
47947,0.056802,172.217.27.0-255,5738,246934,44,361728
47948,0.05681,172.31.46.0-255,66,247000,44,361728
47949,0.058454,172.217.27.0-255,5738,252738,44,361728
47950,0.05846,172.31.46.0-255,66,252804,44,361728
47951,0.060089,172.217.27.0-255,5738,258542,44,361728
47952,0.060094,172.31.46.0-255,66,258608,44,361728
47953,0.061741,172.217.27.0-255,5738,264346,44,361728
47954,0.061748,172.31.46.0-255,66,264412,44,361728
47955,0.063376,172.217.27.0-255,5738,270150,44,361728
47956,0.063381,172.31.46.0-255,66,270216,44,361728
47957,0.065019,172.217.27.0-255,5738,275954,44,361728
47958,0.065024,172.31.46.0-255,66,276020,44,361728
47959,0.066655,172.217.27.0-255,5738,281758,44,361728
47960,0.066662,172.31.46.0-255,66,281824,44,361728
47961,0.068304,172.217.27.0-255,5738,287562,44,361728
47962,0.06831,172.31.46.0-255,66,287628,44,361728
47963,0.069944,172.217.27.0-255,5738,293366,44,361728
47964,0.069949,172.31.46.0-255,66,293432,44,361728
47965,0.071579,172.217.27.0-255,5738,299170,44,361728
47966,0.071585,172.31.46.0-255,66,299236,44,361728
47967,0.073226,172.217.27.0-255,5738,304974,44,361728
47968,0.073232,172.31.46.0-255,66,305040,44,361728
47969,0.074875,172.217.27.0-255,5738,310778,44,361728
47970,0.074882,172.31.46.0-255,66,310844,44,361728
47971,0.076535,172.217.27.0-255,5738,316582,44,361728
47972,0.076543,172.31.46.0-255,66,316648,44,361728
47973,0.078183,172.217.27.0-255,5738,322386,44,361728
47974,0.07819,172.31.46.0-255,66,322452,44,361728
47975,0.079827,172.217.27.0-255,5738,328190,44,361728
47976,0.079834,172.31.46.0-255,66,328256,44,361728
47977,0.081474,172.217.27.0-255,5738,333994,44,361728
47978,0.081482,172.31.46.0-255,66,334060,44,361728
47979,0.08311,172.217.27.0-255,5738,339798,44,361728
47980,0.083119,172.31.46.0-255,66,339864,44,361728
47981,0.084775,172.217.27.0-255,4320,344184,44,361728
47982,0.084782,172.31.46.0-255,66,344250,44,361728
47983,0.084809,172.217.27.0-255,1484,345734,44,361728
47984,0.086421,172.217.27.0-255,4320,350054,44,361728
47985,0.086427,172.31.46.0-255,66,350120,44,361728
47986,0.088058,172.217.27.0-255,5738,355858,44,361728
47987,0.088066,172.31.46.0-255,66,355924,44,361728
47988,0.089698,172.217.27.0-255,5738,361662,44,361728
47989,0.089708,172.31.46.0-255,66,361728,44,361728
47990,0.0,74.125.68.0-255,153,153,44,386844
47991,2.8e-05,172.31.46.0-255,66,219,44,386844
47992,3.5e-05,74.125.68.0-255,1484,1703,44,386844
47993,3.9e-05,172.31.46.0-255,66,1769,44,386844
47994,4.5e-05,74.125.68.0-255,2902,4671,44,386844
47995,5e-05,172.31.46.0-255,66,4737,44,386844
47996,5.3e-05,74.125.68.0-255,1484,6221,44,386844
47997,5.6e-05,172.31.46.0-255,66,6287,44,386844
47998,6.2e-05,74.125.68.0-255,2902,9189,44,386844
47999,6.5e-05,172.31.46.0-255,66,9255,44,386844
48000,9.3e-05,74.125.68.0-255,4839,14094,44,386844
48001,9.7e-05,172.31.46.0-255,66,14160,44,386844
48002,0.000117,74.125.68.0-255,5738,19898,44,386844
48003,0.00012,172.31.46.0-255,66,19964,44,386844
48004,0.000146,74.125.68.0-255,5738,25702,44,386844
48005,0.000148,172.31.46.0-255,66,25768,44,386844
48006,0.000199,74.125.68.0-255,4320,30088,44,386844
48007,0.000202,172.31.46.0-255,66,30154,44,386844
48008,0.000216,74.125.68.0-255,1125,31279,44,386844
48009,0.000218,172.31.46.0-255,66,31345,44,386844
48010,0.000448,74.125.68.0-255,1484,32829,44,386844
48011,0.000454,172.31.46.0-255,66,32895,44,386844
48012,0.00046,74.125.68.0-255,2902,35797,44,386844
48013,0.000463,172.31.46.0-255,66,35863,44,386844
48014,0.000475,74.125.68.0-255,1484,37347,44,386844
48015,0.000477,172.31.46.0-255,66,37413,44,386844
48016,0.000493,74.125.68.0-255,4320,41733,44,386844
48017,0.000496,172.31.46.0-255,66,41799,44,386844
48018,0.0005,74.125.68.0-255,2902,44701,44,386844
48019,0.000502,172.31.46.0-255,66,44767,44,386844
48020,0.00052,74.125.68.0-255,1484,46251,44,386844
48021,0.000523,172.31.46.0-255,66,46317,44,386844
48022,0.000544,172.31.46.0-255,66,46383,44,386844
48023,0.000548,74.125.68.0-255,2902,49285,44,386844
48024,0.000552,172.31.46.0-255,66,49351,44,386844
48025,0.000604,74.125.68.0-255,1484,50835,44,386844
48026,0.000637,74.125.68.0-255,5703,56538,44,386844
48027,0.000641,172.31.46.0-255,66,56604,44,386844
48028,0.000657,74.125.68.0-255,1484,58088,44,386844
48029,0.000674,74.125.68.0-255,2902,60990,44,386844
48030,0.000677,172.31.46.0-255,66,61056,44,386844
48031,0.000684,74.125.68.0-255,5738,66794,44,386844
48032,0.000686,172.31.46.0-255,66,66860,44,386844
48033,0.000691,74.125.68.0-255,2902,69762,44,386844
48034,0.000693,172.31.46.0-255,66,69828,44,386844
48035,0.000741,74.125.68.0-255,3961,73789,44,386844
48036,0.000744,172.31.46.0-255,66,73855,44,386844
48037,0.000809,74.125.68.0-255,1484,75339,44,386844
48038,0.000822,74.125.68.0-255,2902,78241,44,386844
48039,0.000826,172.31.46.0-255,66,78307,44,386844
48040,0.000843,74.125.68.0-255,4320,82627,44,386844
48041,0.000845,172.31.46.0-255,66,82693,44,386844
48042,0.000896,74.125.68.0-255,5738,88431,44,386844
48043,0.000899,172.31.46.0-255,66,88497,44,386844
48044,0.000906,74.125.68.0-255,5379,93876,44,386844
48045,0.000908,172.31.46.0-255,66,93942,44,386844
48046,0.000913,74.125.68.0-255,2902,96844,44,386844
48047,0.000915,172.31.46.0-255,66,96910,44,386844
48048,0.000938,74.125.68.0-255,2902,99812,44,386844
48049,0.00094,172.31.46.0-255,66,99878,44,386844
48050,0.000956,74.125.68.0-255,2902,102780,44,386844
48051,0.000961,172.31.46.0-255,66,102846,44,386844
48052,0.000973,74.125.68.0-255,5738,108584,44,386844
48053,0.000975,172.31.46.0-255,66,108650,44,386844
48054,0.001003,74.125.68.0-255,4320,112970,44,386844
48055,0.001006,172.31.46.0-255,66,113036,44,386844
48056,0.001019,172.31.46.0-255,66,113102,44,386844
48057,0.001033,74.125.68.0-255,1869,114971,44,386844
48058,0.001035,172.31.46.0-255,66,115037,44,386844
48059,0.001053,74.125.68.0-255,4320,119357,44,386844
48060,0.001055,172.31.46.0-255,66,119423,44,386844
48061,0.00107,74.125.68.0-255,1484,120907,44,386844
48062,0.001078,74.125.68.0-255,7156,128063,44,386844
48063,0.00108,172.31.46.0-255,66,128129,44,386844
48064,0.001095,74.125.68.0-255,3961,132090,44,386844
48065,0.001098,172.31.46.0-255,66,132156,44,386844
48066,0.001298,74.125.68.0-255,1484,133640,44,386844
48067,0.001313,74.125.68.0-255,2902,136542,44,386844
48068,0.001316,172.31.46.0-255,66,136608,44,386844
48069,0.001337,74.125.68.0-255,4320,140928,44,386844
48070,0.00134,172.31.46.0-255,66,140994,44,386844
48071,0.001361,74.125.68.0-255,1484,142478,44,386844
48072,0.001365,74.125.68.0-255,2902,145380,44,386844
48073,0.001367,172.31.46.0-255,66,145446,44,386844
48074,0.001373,74.125.68.0-255,3961,149407,44,386844
48075,0.001375,172.31.46.0-255,66,149473,44,386844
48076,0.001676,74.125.68.0-255,1484,150957,44,386844
48077,0.001694,74.125.68.0-255,2902,153859,44,386844
48078,0.001698,172.31.46.0-255,66,153925,44,386844
48079,0.001701,74.125.68.0-255,1484,155409,44,386844
48080,0.001717,74.125.68.0-255,1484,156893,44,386844
48081,0.001727,172.31.46.0-255,66,156959,44,386844
48082,0.001734,74.125.68.0-255,4320,161279,44,386844
48083,0.001736,172.31.46.0-255,66,161345,44,386844
48084,0.00175,74.125.68.0-255,1484,162829,44,386844
48085,0.001773,74.125.68.0-255,2902,165731,44,386844
48086,0.001776,172.31.46.0-255,66,165797,44,386844
48087,0.001783,74.125.68.0-255,5738,171535,44,386844
48088,0.001785,172.31.46.0-255,66,171601,44,386844
48089,0.001811,74.125.68.0-255,5738,177339,44,386844
48090,0.001813,172.31.46.0-255,66,177405,44,386844
48091,0.001849,74.125.68.0-255,6438,183843,44,386844
48092,0.001853,172.31.46.0-255,66,183909,44,386844
48093,0.002029,74.125.68.0-255,1484,185393,44,386844
48094,0.002052,74.125.68.0-255,2902,188295,44,386844
48095,0.002055,172.31.46.0-255,66,188361,44,386844
48096,0.002058,74.125.68.0-255,1484,189845,44,386844
48097,0.002097,74.125.68.0-255,5738,195583,44,386844
48098,0.0021,172.31.46.0-255,66,195649,44,386844
48099,0.002122,74.125.68.0-255,4320,199969,44,386844
48100,0.002125,172.31.46.0-255,66,200035,44,386844
48101,0.002142,74.125.68.0-255,1484,201519,44,386844
48102,0.002162,74.125.68.0-255,4320,205839,44,386844
48103,0.002165,172.31.46.0-255,66,205905,44,386844
48104,0.002169,74.125.68.0-255,2902,208807,44,386844
48105,0.002171,172.31.46.0-255,66,208873,44,386844
48106,0.002176,74.125.68.0-255,4320,213193,44,386844
48107,0.002179,172.31.46.0-255,66,213259,44,386844
48108,0.002229,74.125.68.0-255,5020,218279,44,386844
48109,0.002232,172.31.46.0-255,66,218345,44,386844
48110,0.00451,74.125.68.0-255,5738,224083,44,386844
48111,0.004521,172.31.46.0-255,66,224149,44,386844
48112,0.006799,74.125.68.0-255,2902,227051,44,386844
48113,0.006803,172.31.46.0-255,66,227117,44,386844
48114,0.006823,74.125.68.0-255,2902,230019,44,386844
48115,0.006826,172.31.46.0-255,66,230085,44,386844
48116,0.009098,74.125.68.0-255,5738,235823,44,386844
48117,0.009104,172.31.46.0-255,66,235889,44,386844
48118,0.011382,74.125.68.0-255,5738,241627,44,386844
48119,0.011389,172.31.46.0-255,66,241693,44,386844
48120,0.013668,74.125.68.0-255,5738,247431,44,386844
48121,0.013677,172.31.46.0-255,66,247497,44,386844
48122,0.015983,74.125.68.0-255,5738,253235,44,386844
48123,0.015994,172.31.46.0-255,66,253301,44,386844
48124,0.018324,74.125.68.0-255,5738,259039,44,386844
48125,0.018343,172.31.46.0-255,66,259105,44,386844
48126,0.02064,74.125.68.0-255,5738,264843,44,386844
48127,0.020659,172.31.46.0-255,66,264909,44,386844
48128,0.022965,74.125.68.0-255,5738,270647,44,386844
48129,0.022981,172.31.46.0-255,66,270713,44,386844
48130,0.025264,74.125.68.0-255,5738,276451,44,386844
48131,0.025282,172.31.46.0-255,66,276517,44,386844
48132,0.027568,74.125.68.0-255,5738,282255,44,386844
48133,0.027579,172.31.46.0-255,66,282321,44,386844
48134,0.029873,74.125.68.0-255,5738,288059,44,386844
48135,0.029882,172.31.46.0-255,66,288125,44,386844
48136,0.032168,74.125.68.0-255,5738,293863,44,386844
48137,0.032186,172.31.46.0-255,66,293929,44,386844
48138,0.034495,74.125.68.0-255,5738,299667,44,386844
48139,0.034503,172.31.46.0-255,66,299733,44,386844
48140,0.036785,74.125.68.0-255,5738,305471,44,386844
48141,0.036801,172.31.46.0-255,66,305537,44,386844
48142,0.039099,74.125.68.0-255,5738,311275,44,386844
48143,0.03912,172.31.46.0-255,66,311341,44,386844
48144,0.041416,74.125.68.0-255,5738,317079,44,386844
48145,0.041431,172.31.46.0-255,66,317145,44,386844
48146,0.043728,74.125.68.0-255,5738,322883,44,386844
48147,0.043745,172.31.46.0-255,66,322949,44,386844
48148,0.046053,74.125.68.0-255,5738,328687,44,386844
48149,0.046061,172.31.46.0-255,66,328753,44,386844
48150,0.048344,74.125.68.0-255,5738,334491,44,386844
48151,0.048361,172.31.46.0-255,66,334557,44,386844
48152,0.050682,74.125.68.0-255,5738,340295,44,386844
48153,0.0507,172.31.46.0-255,66,340361,44,386844
48154,0.052987,74.125.68.0-255,5738,346099,44,386844
48155,0.053001,172.31.46.0-255,66,346165,44,386844
48156,0.055291,74.125.68.0-255,5738,351903,44,386844
48157,0.055302,172.31.46.0-255,66,351969,44,386844
48158,0.057659,74.125.68.0-255,5738,357707,44,386844
48159,0.05768,172.31.46.0-255,66,357773,44,386844
48160,0.060029,74.125.68.0-255,5738,363511,44,386844
48161,0.060037,172.31.46.0-255,66,363577,44,386844
48162,0.062327,74.125.68.0-255,5738,369315,44,386844
48163,0.062345,172.31.46.0-255,66,369381,44,386844
48164,0.064621,74.125.68.0-255,5738,375119,44,386844
48165,0.064633,172.31.46.0-255,66,375185,44,386844
48166,0.066772,172.31.46.0-255,172,375357,44,386844
48167,0.066806,172.31.46.0-255,1114,376471,44,386844
48168,0.066874,172.31.46.0-255,1514,377985,44,386844
48169,0.066876,172.31.46.0-255,1514,379499,44,386844
48170,0.06688,172.31.46.0-255,1514,381013,44,386844
48171,0.066882,172.31.46.0-255,1514,382527,44,386844
48172,0.066911,74.125.68.0-255,2232,384759,44,386844
48173,0.06692,172.31.46.0-255,66,384825,44,386844
48174,0.066927,172.31.46.0-255,1514,386339,44,386844
48175,0.066928,172.31.46.0-255,70,386409,44,386844
48176,0.067076,172.31.46.0-255,105,386514,44,386844
48177,0.068314,104.244.42.0-255,66,386580,44,386844
48178,0.068362,104.244.42.0-255,66,386646,44,386844
48179,0.068498,104.244.42.0-255,66,386712,44,386844
48180,0.068502,104.244.42.0-255,66,386778,44,386844
48181,0.06931,74.125.68.0-255,66,386844,44,386844
48182,0.0,172.217.194.0-255,150,150,44,243300
48183,1.7e-05,172.31.46.0-255,66,216,44,243300
48184,2.3e-05,172.217.194.0-255,1484,1700,44,243300
48185,2.6e-05,172.31.46.0-255,66,1766,44,243300
48186,3.2e-05,172.217.194.0-255,2902,4668,44,243300
48187,3.4e-05,172.31.46.0-255,66,4734,44,243300
48188,6.5e-05,172.217.194.0-255,5738,10472,44,243300
48189,6.7e-05,172.31.46.0-255,66,10538,44,243300
48190,8.8e-05,172.217.194.0-255,3394,13932,44,243300
48191,9e-05,172.31.46.0-255,66,13998,44,243300
48192,0.000124,172.217.194.0-255,1484,15482,44,243300
48193,0.000127,172.31.46.0-255,66,15548,44,243300
48194,0.000142,172.217.194.0-255,2902,18450,44,243300
48195,0.000145,172.31.46.0-255,66,18516,44,243300
48196,0.00015,172.217.194.0-255,4320,22836,44,243300
48197,0.000151,172.31.46.0-255,66,22902,44,243300
48198,0.00019,172.217.194.0-255,1484,24386,44,243300
48199,0.000193,172.31.46.0-255,66,24452,44,243300
48200,0.000214,172.217.194.0-255,6797,31249,44,243300
48201,0.000217,172.31.46.0-255,66,31315,44,243300
48202,0.000251,172.217.194.0-255,1484,32799,44,243300
48203,0.000253,172.31.46.0-255,66,32865,44,243300
48204,0.000258,172.217.194.0-255,2902,35767,44,243300
48205,0.00026,172.31.46.0-255,66,35833,44,243300
48206,0.000262,172.217.194.0-255,1484,37317,44,243300
48207,0.000264,172.31.46.0-255,66,37383,44,243300
48208,0.000296,172.217.194.0-255,4320,41703,44,243300
48209,0.000299,172.31.46.0-255,66,41769,44,243300
48210,0.000305,172.217.194.0-255,6797,48566,44,243300
48211,0.000307,172.31.46.0-255,66,48632,44,243300
48212,0.00031,172.217.194.0-255,1484,50116,44,243300
48213,0.000312,172.31.46.0-255,66,50182,44,243300
48214,0.000347,172.31.46.0-255,66,50248,44,243300
48215,0.00035,172.217.194.0-255,2797,53045,44,243300
48216,0.000352,172.31.46.0-255,66,53111,44,243300
48217,0.000375,172.217.194.0-255,433,53544,44,243300
48218,0.000644,172.217.194.0-255,1484,55028,44,243300
48219,0.000649,172.31.46.0-255,66,55094,44,243300
48220,0.000661,172.217.194.0-255,2902,57996,44,243300
48221,0.000663,172.31.46.0-255,66,58062,44,243300
48222,0.000667,172.217.194.0-255,2902,60964,44,243300
48223,0.000668,172.31.46.0-255,66,61030,44,243300
48224,0.000681,172.217.194.0-255,2902,63932,44,243300
48225,0.000682,172.31.46.0-255,66,63998,44,243300
48226,0.000712,172.217.194.0-255,1484,65482,44,243300
48227,0.000715,172.31.46.0-255,66,65548,44,243300
48228,0.000751,172.217.194.0-255,5738,71286,44,243300
48229,0.000766,172.31.46.0-255,66,71352,44,243300
48230,0.000793,172.217.194.0-255,3602,74954,44,243300
48231,0.000796,172.31.46.0-255,66,75020,44,243300
48232,0.001121,172.217.194.0-255,1484,76504,44,243300
48233,0.001126,172.217.194.0-255,1484,77988,44,243300
48234,0.00113,172.31.46.0-255,66,78054,44,243300
48235,0.00115,172.217.194.0-255,1484,79538,44,243300
48236,0.001156,172.217.194.0-255,5738,85276,44,243300
48237,0.001158,172.31.46.0-255,66,85342,44,243300
48238,0.001168,172.31.46.0-255,66,85408,44,243300
48239,0.001181,172.217.194.0-255,4320,89728,44,243300
48240,0.001183,172.31.46.0-255,66,89794,44,243300
48241,0.001201,172.217.194.0-255,1484,91278,44,243300
48242,0.00122,172.217.194.0-255,7156,98434,44,243300
48243,0.001222,172.31.46.0-255,66,98500,44,243300
48244,0.001239,172.217.194.0-255,2184,100684,44,243300
48245,0.001241,172.31.46.0-255,66,100750,44,243300
48246,0.001512,172.217.194.0-255,1484,102234,44,243300
48247,0.001519,172.217.194.0-255,2902,105136,44,243300
48248,0.001523,172.31.46.0-255,66,105202,44,243300
48249,0.001526,172.217.194.0-255,1484,106686,44,243300
48250,0.001542,172.217.194.0-255,4320,111006,44,243300
48251,0.001544,172.31.46.0-255,66,111072,44,243300
48252,0.001564,172.217.194.0-255,5738,116810,44,243300
48253,0.001566,172.31.46.0-255,66,116876,44,243300
48254,0.001587,172.217.194.0-255,7156,124032,44,243300
48255,0.001589,172.31.46.0-255,66,124098,44,243300
48256,0.001604,172.217.194.0-255,1484,125582,44,243300
48257,0.001619,172.217.194.0-255,7156,132738,44,243300
48258,0.001622,172.31.46.0-255,66,132804,44,243300
48259,0.001639,172.217.194.0-255,2184,134988,44,243300
48260,0.001641,172.31.46.0-255,66,135054,44,243300
48261,0.001676,172.217.194.0-255,2902,137956,44,243300
48262,0.001679,172.31.46.0-255,66,138022,44,243300
48263,0.001704,172.31.46.0-255,66,138088,44,243300
48264,0.001714,172.31.46.0-255,66,138154,44,243300
48265,0.001718,172.217.194.0-255,4320,142474,44,243300
48266,0.001721,172.31.46.0-255,66,142540,44,243300
48267,0.001751,172.31.46.0-255,66,142606,44,243300
48268,0.001802,172.217.194.0-255,1484,144090,44,243300
48269,0.001805,172.217.194.0-255,2902,146992,44,243300
48270,0.001807,172.31.46.0-255,66,147058,44,243300
48271,0.001813,172.217.194.0-255,5738,152796,44,243300
48272,0.001815,172.31.46.0-255,66,152862,44,243300
48273,0.001826,172.31.46.0-255,66,152928,44,243300
48274,0.001836,172.31.46.0-255,66,152994,44,243300
48275,0.001872,172.217.194.0-255,2184,155178,44,243300
48276,0.001874,172.31.46.0-255,66,155244,44,243300
48277,0.00196,172.217.194.0-255,1484,156728,44,243300
48278,0.001973,172.217.194.0-255,2902,159630,44,243300
48279,0.001977,172.217.194.0-255,4320,163950,44,243300
48280,0.001991,172.217.194.0-255,1484,165434,44,243300
48281,0.002003,172.217.194.0-255,4320,169754,44,243300
48282,0.002029,172.217.194.0-255,4320,174074,44,243300
48283,0.002045,172.217.194.0-255,6438,180512,44,243300
48284,0.002186,172.217.194.0-255,1484,181996,44,243300
48285,0.002197,172.217.194.0-255,2902,184898,44,243300
48286,0.002201,172.217.194.0-255,2902,187800,44,243300
48287,0.002212,172.217.194.0-255,2902,190702,44,243300
48288,0.002236,172.217.194.0-255,5738,196440,44,243300
48289,0.002258,172.217.194.0-255,7156,203596,44,243300
48290,0.002261,172.217.194.0-255,1484,205080,44,243300
48291,0.002292,172.217.194.0-255,5738,210818,44,243300
48292,0.00231,172.217.194.0-255,6438,217256,44,243300
48293,0.002334,172.217.194.0-255,2902,220158,44,243300
48294,0.002337,172.217.194.0-255,2902,223060,44,243300
48295,0.002351,172.217.194.0-255,7156,230216,44,243300
48296,0.002368,172.217.194.0-255,1484,231700,44,243300
48297,0.00241,172.217.194.0-255,2071,233771,44,243300
48298,0.00245,172.217.194.0-255,105,233876,44,243300
48299,0.005158,172.31.46.0-255,66,233942,44,243300
48300,0.007842,172.31.46.0-255,105,234047,44,243300
48301,0.010366,172.217.194.0-255,66,234113,44,243300
48302,0.034011,172.31.46.0-255,167,234280,44,243300
48303,0.034054,172.31.46.0-255,1113,235393,44,243300
48304,0.034109,172.31.46.0-255,1514,236907,44,243300
48305,0.034111,172.31.46.0-255,1514,238421,44,243300
48306,0.034115,172.31.46.0-255,1514,239935,44,243300
48307,0.034116,172.31.46.0-255,1514,241449,44,243300
48308,0.034133,172.31.46.0-255,1514,242963,44,243300
48309,0.034134,172.31.46.0-255,73,243036,44,243300
48310,0.035568,104.244.42.0-255,66,243102,44,243300
48311,0.035601,104.244.42.0-255,66,243168,44,243300
48312,0.035645,104.244.42.0-255,66,243234,44,243300
48313,0.035687,104.244.42.0-255,66,243300,44,243300
48314,0.0,74.125.24.0-255,153,153,44,223853
48315,1.6e-05,172.31.46.0-255,66,219,44,223853
48316,2.2e-05,74.125.24.0-255,1484,1703,44,223853
48317,2.7e-05,172.31.46.0-255,66,1769,44,223853
48318,3.3e-05,74.125.24.0-255,2902,4671,44,223853
48319,3.6e-05,172.31.46.0-255,66,4737,44,223853
48320,4.1e-05,74.125.24.0-255,2902,7639,44,223853
48321,4.3e-05,172.31.46.0-255,66,7705,44,223853
48322,6.4e-05,74.125.24.0-255,4320,12025,44,223853
48323,6.7e-05,172.31.46.0-255,66,12091,44,223853
48324,7.1e-05,74.125.24.0-255,1484,13575,44,223853
48325,7.3e-05,172.31.46.0-255,66,13641,44,223853
48326,0.000111,172.31.46.0-255,66,13707,44,223853
48327,0.000114,74.125.24.0-255,1484,15191,44,223853
48328,0.000116,172.31.46.0-255,66,15257,44,223853
48329,0.000158,172.31.46.0-255,66,15323,44,223853
48330,0.000183,74.125.24.0-255,1484,16807,44,223853
48331,0.000185,172.31.46.0-255,66,16873,44,223853
48332,0.000207,74.125.24.0-255,2902,19775,44,223853
48333,0.00021,172.31.46.0-255,66,19841,44,223853
48334,0.000216,74.125.24.0-255,5738,25579,44,223853
48335,0.000218,172.31.46.0-255,66,25645,44,223853
48336,0.00027,74.125.24.0-255,6797,32442,44,223853
48337,0.000274,172.31.46.0-255,66,32508,44,223853
48338,0.000687,74.125.24.0-255,1484,33992,44,223853
48339,0.000692,172.31.46.0-255,66,34058,44,223853
48340,0.000698,74.125.24.0-255,2902,36960,44,223853
48341,0.0007,172.31.46.0-255,66,37026,44,223853
48342,0.000705,74.125.24.0-255,2902,39928,44,223853
48343,0.000707,172.31.46.0-255,66,39994,44,223853
48344,0.000731,74.125.24.0-255,2902,42896,44,223853
48345,0.000734,172.31.46.0-255,66,42962,44,223853
48346,0.00074,74.125.24.0-255,4320,47282,44,223853
48347,0.000742,172.31.46.0-255,66,47348,44,223853
48348,0.000773,74.125.24.0-255,2543,49891,44,223853
48349,0.000776,172.31.46.0-255,66,49957,44,223853
48350,0.000785,74.125.24.0-255,7156,57113,44,223853
48351,0.000787,172.31.46.0-255,66,57179,44,223853
48352,0.000804,172.31.46.0-255,66,57245,44,223853
48353,0.000814,172.31.46.0-255,66,57311,44,223853
48354,0.000839,74.125.24.0-255,2184,59495,44,223853
48355,0.000842,172.31.46.0-255,66,59561,44,223853
48356,0.000872,74.125.24.0-255,2902,62463,44,223853
48357,0.000876,172.31.46.0-255,66,62529,44,223853
48358,0.000894,74.125.24.0-255,1484,64013,44,223853
48359,0.000915,74.125.24.0-255,5738,69751,44,223853
48360,0.000918,172.31.46.0-255,66,69817,44,223853
48361,0.000948,74.125.24.0-255,6814,76631,44,223853
48362,0.000951,172.31.46.0-255,66,76697,44,223853
48363,0.001079,74.125.24.0-255,1484,78181,44,223853
48364,0.001085,74.125.24.0-255,2902,81083,44,223853
48365,0.001089,172.31.46.0-255,66,81149,44,223853
48366,0.00112,74.125.24.0-255,1484,82633,44,223853
48367,0.001136,74.125.24.0-255,4320,86953,44,223853
48368,0.001139,172.31.46.0-255,66,87019,44,223853
48369,0.001146,74.125.24.0-255,7156,94175,44,223853
48370,0.001148,172.31.46.0-255,66,94241,44,223853
48371,0.001171,74.125.24.0-255,5738,99979,44,223853
48372,0.001174,172.31.46.0-255,66,100045,44,223853
48373,0.001181,74.125.24.0-255,7156,107201,44,223853
48374,0.001183,172.31.46.0-255,66,107267,44,223853
48375,0.001204,74.125.24.0-255,3602,110869,44,223853
48376,0.001207,172.31.46.0-255,66,110935,44,223853
48377,0.001258,74.125.24.0-255,1484,112419,44,223853
48378,0.001262,74.125.24.0-255,1484,113903,44,223853
48379,0.001265,172.31.46.0-255,66,113969,44,223853
48380,0.001283,74.125.24.0-255,1484,115453,44,223853
48381,0.00129,74.125.24.0-255,5738,121191,44,223853
48382,0.001292,172.31.46.0-255,66,121257,44,223853
48383,0.001298,74.125.24.0-255,4320,125577,44,223853
48384,0.0013,172.31.46.0-255,66,125643,44,223853
48385,0.001317,74.125.24.0-255,4320,129963,44,223853
48386,0.001319,172.31.46.0-255,66,130029,44,223853
48387,0.001342,74.125.24.0-255,5738,135767,44,223853
48388,0.001344,172.31.46.0-255,66,135833,44,223853
48389,0.00139,172.31.46.0-255,66,135899,44,223853
48390,0.001401,172.31.46.0-255,66,135965,44,223853
48391,0.001452,74.125.24.0-255,1484,137449,44,223853
48392,0.001462,172.31.46.0-255,66,137515,44,223853
48393,0.001472,74.125.24.0-255,2902,140417,44,223853
48394,0.001478,74.125.24.0-255,5738,146155,44,223853
48395,0.001483,172.31.46.0-255,66,146221,44,223853
48396,0.001538,172.31.46.0-255,66,146287,44,223853
48397,0.001551,74.125.24.0-255,1484,147771,44,223853
48398,0.001568,74.125.24.0-255,2184,149955,44,223853
48399,0.001574,172.31.46.0-255,66,150021,44,223853
48400,0.001592,74.125.24.0-255,4320,154341,44,223853
48401,0.001596,74.125.24.0-255,1484,155825,44,223853
48402,0.001607,172.31.46.0-255,66,155891,44,223853
48403,0.001629,74.125.24.0-255,1484,157375,44,223853
48404,0.001632,74.125.24.0-255,1484,158859,44,223853
48405,0.001645,74.125.24.0-255,1484,160343,44,223853
48406,0.001651,74.125.24.0-255,5738,166081,44,223853
48407,0.001657,172.31.46.0-255,66,166147,44,223853
48408,0.001705,74.125.24.0-255,7156,173303,44,223853
48409,0.001715,172.31.46.0-255,66,173369,44,223853
48410,0.001786,74.125.24.0-255,6438,179807,44,223853
48411,0.001801,172.31.46.0-255,66,179873,44,223853
48412,0.001884,74.125.24.0-255,1484,181357,44,223853
48413,0.001902,74.125.24.0-255,2902,184259,44,223853
48414,0.001921,74.125.24.0-255,5738,189997,44,223853
48415,0.001927,172.31.46.0-255,66,190063,44,223853
48416,0.001935,74.125.24.0-255,1484,191547,44,223853
48417,0.001967,74.125.24.0-255,115,191662,44,223853
48418,0.00198,172.31.46.0-255,66,191728,44,223853
48419,0.001993,74.125.24.0-255,5738,197466,44,223853
48420,0.001996,172.31.46.0-255,66,197532,44,223853
48421,0.002013,74.125.24.0-255,1484,199016,44,223853
48422,0.002045,172.31.46.0-255,66,199082,44,223853
48423,0.002104,74.125.24.0-255,1484,200566,44,223853
48424,0.002124,74.125.24.0-255,2902,203468,44,223853
48425,0.00213,74.125.24.0-255,5738,209206,44,223853
48426,0.002134,74.125.24.0-255,2902,212108,44,223853
48427,0.002171,74.125.24.0-255,1979,214087,44,223853
48428,0.002196,74.125.24.0-255,105,214192,44,223853
48429,0.002963,172.31.46.0-255,66,214258,44,223853
48430,0.010204,172.31.46.0-255,101,214359,44,223853
48431,0.010777,172.31.46.0-255,105,214464,44,223853
48432,0.0128,74.125.24.0-255,66,214530,44,223853
48433,0.013345,74.125.24.0-255,66,214596,44,223853
48434,0.039193,172.31.46.0-255,172,214768,44,223853
48435,0.039231,172.31.46.0-255,1114,215882,44,223853
48436,0.039298,172.31.46.0-255,1514,217396,44,223853
48437,0.0393,172.31.46.0-255,1514,218910,44,223853
48438,0.039306,172.31.46.0-255,1514,220424,44,223853
48439,0.039307,172.31.46.0-255,1514,221938,44,223853
48440,0.039325,172.31.46.0-255,1514,223452,44,223853
48441,0.039327,172.31.46.0-255,71,223523,44,223853
48442,0.040769,104.244.42.0-255,66,223589,44,223853
48443,0.040861,104.244.42.0-255,66,223655,44,223853
48444,0.040866,104.244.42.0-255,66,223721,44,223853
48445,0.041043,104.244.42.0-255,66,223787,44,223853
48446,0.041089,104.244.42.0-255,66,223853,44,223853
48447,0.0,172.217.27.0-255,146,146,44,223924
48448,2.4e-05,172.31.46.0-255,66,212,44,223924
48449,3e-05,172.217.27.0-255,1484,1696,44,223924
48450,3.4e-05,172.31.46.0-255,66,1762,44,223924
48451,4e-05,172.217.27.0-255,2902,4664,44,223924
48452,4.5e-05,172.31.46.0-255,66,4730,44,223924
48453,4.8e-05,172.217.27.0-255,1484,6214,44,223924
48454,5.1e-05,172.31.46.0-255,66,6280,44,223924
48455,8e-05,172.217.27.0-255,4320,10600,44,223924
48456,8.4e-05,172.31.46.0-255,66,10666,44,223924
48457,0.000141,172.217.27.0-255,3395,14061,44,223924
48458,0.000145,172.31.46.0-255,66,14127,44,223924
48459,0.000204,172.217.27.0-255,4320,18447,44,223924
48460,0.000207,172.31.46.0-255,66,18513,44,223924
48461,0.000288,172.217.27.0-255,5738,24251,44,223924
48462,0.000291,172.31.46.0-255,66,24317,44,223924
48463,0.000304,172.217.27.0-255,4320,28637,44,223924
48464,0.000307,172.31.46.0-255,66,28703,44,223924
48465,0.000397,172.217.27.0-255,2543,31246,44,223924
48466,0.0004,172.31.46.0-255,66,31312,44,223924
48467,0.000445,172.217.27.0-255,1484,32796,44,223924
48468,0.000448,172.31.46.0-255,66,32862,44,223924
48469,0.000453,172.217.27.0-255,2902,35764,44,223924
48470,0.000455,172.31.46.0-255,66,35830,44,223924
48471,0.000505,172.217.27.0-255,4320,40150,44,223924
48472,0.000508,172.31.46.0-255,66,40216,44,223924
48473,0.000526,172.217.27.0-255,1484,41700,44,223924
48474,0.000528,172.31.46.0-255,66,41766,44,223924
48475,0.000576,172.217.27.0-255,2902,44668,44,223924
48476,0.000579,172.31.46.0-255,66,44734,44,223924
48477,0.000611,172.217.27.0-255,1484,46218,44,223924
48478,0.000614,172.31.46.0-255,66,46284,44,223924
48479,0.000771,172.217.27.0-255,1484,47768,44,223924
48480,0.000795,172.217.27.0-255,4320,52088,44,223924
48481,0.000814,172.217.27.0-255,3961,56049,44,223924
48482,0.000932,172.31.46.0-255,66,56115,44,223924
48483,0.000951,172.217.27.0-255,356,56471,44,223924
48484,0.000955,172.217.27.0-255,387,56858,44,223924
48485,0.001097,172.217.27.0-255,1484,58342,44,223924
48486,0.001113,172.217.27.0-255,2902,61244,44,223924
48487,0.001134,172.217.27.0-255,1484,62728,44,223924
48488,0.001162,172.217.27.0-255,4320,67048,44,223924
48489,0.001224,172.217.27.0-255,2902,69950,44,223924
48490,0.001232,172.31.46.0-255,66,70016,44,223924
48491,0.001242,172.217.27.0-255,3961,73977,44,223924
48492,0.001248,172.31.46.0-255,66,74043,44,223924
48493,0.00133,172.217.27.0-255,4320,78363,44,223924
48494,0.001348,172.217.27.0-255,2902,81265,44,223924
48495,0.001356,172.31.46.0-255,66,81331,44,223924
48496,0.001448,172.217.27.0-255,1125,82456,44,223924
48497,0.00146,172.31.46.0-255,66,82522,44,223924
48498,0.002069,172.217.27.0-255,1484,84006,44,223924
48499,0.002152,172.217.27.0-255,1484,85490,44,223924
48500,0.002157,172.31.46.0-255,66,85556,44,223924
48501,0.002162,172.217.27.0-255,2902,88458,44,223924
48502,0.002168,172.217.27.0-255,5738,94196,44,223924
48503,0.002245,172.31.46.0-255,66,94262,44,223924
48504,0.002257,172.217.27.0-255,4320,98582,44,223924
48505,0.002261,172.31.46.0-255,66,98648,44,223924
48506,0.002275,172.217.27.0-255,5738,104386,44,223924
48507,0.002289,172.217.27.0-255,2902,107288,44,223924
48508,0.002299,172.31.46.0-255,66,107354,44,223924
48509,0.002462,172.217.27.0-255,1484,108838,44,223924
48510,0.002512,172.217.27.0-255,4320,113158,44,223924
48511,0.002516,172.31.46.0-255,66,113224,44,223924
48512,0.002571,172.217.27.0-255,3602,116826,44,223924
48513,0.002582,172.31.46.0-255,66,116892,44,223924
48514,0.002623,172.217.27.0-255,2902,119794,44,223924
48515,0.002631,172.31.46.0-255,66,119860,44,223924
48516,0.002648,172.217.27.0-255,7156,127016,44,223924
48517,0.002668,172.31.46.0-255,66,127082,44,223924
48518,0.002809,172.217.27.0-255,1484,128566,44,223924
48519,0.00284,172.217.27.0-255,7156,135722,44,223924
48520,0.002843,172.31.46.0-255,66,135788,44,223924
48521,0.002867,172.217.27.0-255,7156,142944,44,223924
48522,0.003077,172.217.27.0-255,5738,148682,44,223924
48523,0.003098,172.217.27.0-255,2184,150866,44,223924
48524,0.00338,172.217.27.0-255,4320,155186,44,223924
48525,0.003425,172.217.27.0-255,3602,158788,44,223924
48526,0.00367,172.217.27.0-255,4320,163108,44,223924
48527,0.00371,172.217.27.0-255,5738,168846,44,223924
48528,0.003725,172.217.27.0-255,3602,172448,44,223924
48529,0.003944,172.217.27.0-255,4320,176768,44,223924
48530,0.004094,172.217.27.0-255,4320,181088,44,223924
48531,0.004787,172.217.27.0-255,4320,185408,44,223924
48532,0.008209,172.31.46.0-255,66,185474,44,223924
48533,0.010167,172.217.27.0-255,4320,189794,44,223924
48534,0.010172,172.31.46.0-255,66,189860,44,223924
48535,0.010193,172.217.27.0-255,5738,195598,44,223924
48536,0.010237,172.217.27.0-255,7156,202754,44,223924
48537,0.01025,172.217.27.0-255,7156,209910,44,223924
48538,0.010273,172.217.27.0-255,2902,212812,44,223924
48539,0.010285,172.217.27.0-255,2909,215721,44,223924
48540,0.010707,172.31.46.0-255,66,215787,44,223924
48541,0.011687,172.31.46.0-255,105,215892,44,223924
48542,0.013835,172.217.27.0-255,66,215958,44,223924
48543,0.042455,172.31.46.0-255,175,216133,44,223924
48544,0.042487,172.31.46.0-255,1137,217270,44,223924
48545,0.042551,172.31.46.0-255,1514,218784,44,223924
48546,0.042553,172.31.46.0-255,1514,220298,44,223924
48547,0.042555,172.31.46.0-255,1514,221812,44,223924
48548,0.042556,172.31.46.0-255,1514,223326,44,223924
48549,0.042582,172.31.46.0-255,334,223660,44,223924
48550,0.044009,104.244.42.0-255,66,223726,44,223924
48551,0.044022,104.244.42.0-255,66,223792,44,223924
48552,0.044107,104.244.42.0-255,66,223858,44,223924
48553,0.044112,104.244.42.0-255,66,223924,44,223924
48554,0.0,74.125.24.0-255,162,162,44,215900
48555,1.7e-05,172.31.46.0-255,66,228,44,215900
48556,2.4e-05,74.125.24.0-255,1484,1712,44,215900
48557,2.8e-05,172.31.46.0-255,66,1778,44,215900
48558,4.2e-05,74.125.24.0-255,2902,4680,44,215900
48559,4.5e-05,172.31.46.0-255,66,4746,44,215900
48560,5.3e-05,74.125.24.0-255,7156,11902,44,215900
48561,5.6e-05,172.31.46.0-255,66,11968,44,215900
48562,6.1e-05,74.125.24.0-255,2111,14079,44,215900
48563,6.3e-05,172.31.46.0-255,66,14145,44,215900
48564,6.8e-05,74.125.24.0-255,2902,17047,44,215900
48565,7e-05,172.31.46.0-255,66,17113,44,215900
48566,9.9e-05,74.125.24.0-255,7156,24269,44,215900
48567,0.000108,172.31.46.0-255,66,24335,44,215900
48568,0.000114,74.125.24.0-255,4320,28655,44,215900
48569,0.000116,172.31.46.0-255,66,28721,44,215900
48570,0.000148,74.125.24.0-255,4320,33041,44,215900
48571,0.00015,172.31.46.0-255,66,33107,44,215900
48572,0.000157,74.125.24.0-255,5738,38845,44,215900
48573,0.000159,172.31.46.0-255,66,38911,44,215900
48574,0.000194,172.31.46.0-255,66,38977,44,215900
48575,0.000218,74.125.24.0-255,1484,40461,44,215900
48576,0.00022,172.31.46.0-255,66,40527,44,215900
48577,0.000225,74.125.24.0-255,2902,43429,44,215900
48578,0.000227,172.31.46.0-255,66,43495,44,215900
48579,0.000232,74.125.24.0-255,2902,46397,44,215900
48580,0.000234,172.31.46.0-255,66,46463,44,215900
48581,0.000263,74.125.24.0-255,2902,49365,44,215900
48582,0.000266,172.31.46.0-255,66,49431,44,215900
48583,0.000271,74.125.24.0-255,4320,53751,44,215900
48584,0.000274,172.31.46.0-255,66,53817,44,215900
48585,0.000303,74.125.24.0-255,2813,56630,44,215900
48586,0.000305,172.31.46.0-255,66,56696,44,215900
48587,0.000328,74.125.24.0-255,132,56828,44,215900
48588,0.000407,74.125.24.0-255,1484,58312,44,215900
48589,0.000412,172.31.46.0-255,66,58378,44,215900
48590,0.000416,74.125.24.0-255,1484,59862,44,215900
48591,0.000438,74.125.24.0-255,1484,61346,44,215900
48592,0.000441,172.31.46.0-255,66,61412,44,215900
48593,0.000445,74.125.24.0-255,1484,62896,44,215900
48594,0.000455,172.31.46.0-255,66,62962,44,215900
48595,0.000459,74.125.24.0-255,2543,65505,44,215900
48596,0.000461,172.31.46.0-255,66,65571,44,215900
48597,0.000465,74.125.24.0-255,2902,68473,44,215900
48598,0.000467,172.31.46.0-255,66,68539,44,215900
48599,0.000504,74.125.24.0-255,7156,75695,44,215900
48600,0.000507,172.31.46.0-255,66,75761,44,215900
48601,0.000514,74.125.24.0-255,6797,82558,44,215900
48602,0.000516,172.31.46.0-255,66,82624,44,215900
48603,0.000554,74.125.24.0-255,7156,89780,44,215900
48604,0.000557,172.31.46.0-255,66,89846,44,215900
48605,0.000562,74.125.24.0-255,2902,92748,44,215900
48606,0.000563,172.31.46.0-255,66,92814,44,215900
48607,0.000594,172.31.46.0-255,66,92880,44,215900
48608,0.000623,74.125.24.0-255,7156,100036,44,215900
48609,0.000625,172.31.46.0-255,66,100102,44,215900
48610,0.000657,172.31.46.0-255,66,100168,44,215900
48611,0.000728,172.31.46.0-255,66,100234,44,215900
48612,0.000743,172.31.46.0-255,66,100300,44,215900
48613,0.000749,74.125.24.0-255,6438,106738,44,215900
48614,0.000752,172.31.46.0-255,66,106804,44,215900
48615,0.000783,74.125.24.0-255,4320,111124,44,215900
48616,0.000785,172.31.46.0-255,66,111190,44,215900
48617,0.000813,172.31.46.0-255,66,111256,44,215900
48618,0.000837,74.125.24.0-255,4320,115576,44,215900
48619,0.00084,172.31.46.0-255,66,115642,44,215900
48620,0.000858,172.31.46.0-255,66,115708,44,215900
48621,0.000902,172.31.46.0-255,66,115774,44,215900
48622,0.000919,172.31.46.0-255,66,115840,44,215900
48623,0.000944,74.125.24.0-255,1484,117324,44,215900
48624,0.000956,172.31.46.0-255,66,117390,44,215900
48625,0.001455,74.125.24.0-255,1484,118874,44,215900
48626,0.001469,74.125.24.0-255,2902,121776,44,215900
48627,0.001473,172.31.46.0-255,66,121842,44,215900
48628,0.001477,74.125.24.0-255,1484,123326,44,215900
48629,0.001501,74.125.24.0-255,4320,127646,44,215900
48630,0.001503,172.31.46.0-255,66,127712,44,215900
48631,0.001545,172.31.46.0-255,66,127778,44,215900
48632,0.001549,74.125.24.0-255,2902,130680,44,215900
48633,0.001551,172.31.46.0-255,66,130746,44,215900
48634,0.001591,172.31.46.0-255,66,130812,44,215900
48635,0.001659,74.125.24.0-255,1484,132296,44,215900
48636,0.001664,74.125.24.0-255,2902,135198,44,215900
48637,0.001667,172.31.46.0-255,66,135264,44,215900
48638,0.001674,74.125.24.0-255,5738,141002,44,215900
48639,0.001676,172.31.46.0-255,66,141068,44,215900
48640,0.001679,74.125.24.0-255,1484,142552,44,215900
48641,0.001706,74.125.24.0-255,2902,145454,44,215900
48642,0.001709,172.31.46.0-255,66,145520,44,215900
48643,0.001734,74.125.24.0-255,5738,151258,44,215900
48644,0.001736,172.31.46.0-255,66,151324,44,215900
48645,0.001742,74.125.24.0-255,2902,154226,44,215900
48646,0.001744,172.31.46.0-255,66,154292,44,215900
48647,0.001777,172.31.46.0-255,66,154358,44,215900
48648,0.001795,74.125.24.0-255,4320,158678,44,215900
48649,0.001802,172.31.46.0-255,66,158744,44,215900
48650,0.001833,172.31.46.0-255,66,158810,44,215900
48651,0.001881,172.31.46.0-255,66,158876,44,215900
48652,0.001906,74.125.24.0-255,2902,161778,44,215900
48653,0.001909,172.31.46.0-255,66,161844,44,215900
48654,0.001916,74.125.24.0-255,6438,168282,44,215900
48655,0.001919,172.31.46.0-255,66,168348,44,215900
48656,0.001921,74.125.24.0-255,1484,169832,44,215900
48657,0.001926,74.125.24.0-255,2902,172734,44,215900
48658,0.001928,172.31.46.0-255,66,172800,44,215900
48659,0.001934,74.125.24.0-255,5738,178538,44,215900
48660,0.001936,172.31.46.0-255,66,178604,44,215900
48661,0.00198,172.31.46.0-255,66,178670,44,215900
48662,0.001987,74.125.24.0-255,5738,184408,44,215900
48663,0.001989,172.31.46.0-255,66,184474,44,215900
48664,0.002028,74.125.24.0-255,5738,190212,44,215900
48665,0.002031,172.31.46.0-255,66,190278,44,215900
48666,0.002037,74.125.24.0-255,3602,193880,44,215900
48667,0.002039,172.31.46.0-255,66,193946,44,215900
48668,0.002062,74.125.24.0-255,2902,196848,44,215900
48669,0.002064,172.31.46.0-255,66,196914,44,215900
48670,0.002077,74.125.24.0-255,4320,201234,44,215900
48671,0.002079,172.31.46.0-255,66,201300,44,215900
48672,0.002117,74.125.24.0-255,1484,202784,44,215900
48673,0.002131,74.125.24.0-255,3502,206286,44,215900
48674,0.002137,172.31.46.0-255,66,206352,44,215900
48675,0.002218,74.125.24.0-255,105,206457,44,215900
48676,0.009011,172.31.46.0-255,66,206523,44,215900
48677,0.009052,172.31.46.0-255,105,206628,44,215900
48678,0.0113,74.125.24.0-255,66,206694,44,215900
48679,0.033485,172.31.46.0-255,188,206882,44,215900
48680,0.03352,172.31.46.0-255,955,207837,44,215900
48681,0.033598,172.31.46.0-255,1514,209351,44,215900
48682,0.0336,172.31.46.0-255,1514,210865,44,215900
48683,0.033601,172.31.46.0-255,1514,212379,44,215900
48684,0.033603,172.31.46.0-255,1514,213893,44,215900
48685,0.033634,172.31.46.0-255,1514,215407,44,215900
48686,0.033636,172.31.46.0-255,229,215636,44,215900
48687,0.035021,104.244.42.0-255,66,215702,44,215900
48688,0.035063,104.244.42.0-255,66,215768,44,215900
48689,0.035168,104.244.42.0-255,66,215834,44,215900
48690,0.035228,104.244.42.0-255,66,215900,44,215900
48691,0.0,74.125.200.0-255,146,146,44,354405
48692,2.4e-05,172.31.46.0-255,66,212,44,354405
48693,3.1e-05,74.125.200.0-255,1484,1696,44,354405
48694,3.7e-05,172.31.46.0-255,66,1762,44,354405
48695,4.2e-05,74.125.200.0-255,2902,4664,44,354405
48696,4.5e-05,172.31.46.0-255,66,4730,44,354405
48697,5.1e-05,74.125.200.0-255,4320,9050,44,354405
48698,5.4e-05,172.31.46.0-255,66,9116,44,354405
48699,6.1e-05,74.125.200.0-255,4774,13890,44,354405
48700,6.3e-05,172.31.46.0-255,66,13956,44,354405
48701,0.000104,74.125.200.0-255,1484,15440,44,354405
48702,0.000107,172.31.46.0-255,66,15506,44,354405
48703,0.00011,74.125.200.0-255,1484,16990,44,354405
48704,0.000112,172.31.46.0-255,66,17056,44,354405
48705,0.000129,74.125.200.0-255,1484,18540,44,354405
48706,0.000131,172.31.46.0-255,66,18606,44,354405
48707,0.000138,74.125.200.0-255,5738,24344,44,354405
48708,0.00014,172.31.46.0-255,66,24410,44,354405
48709,0.000158,74.125.200.0-255,2902,27312,44,354405
48710,0.000161,172.31.46.0-255,66,27378,44,354405
48711,0.000205,74.125.200.0-255,1484,28862,44,354405
48712,0.000208,172.31.46.0-255,66,28928,44,354405
48713,0.00023,74.125.200.0-255,2543,31471,44,354405
48714,0.000232,172.31.46.0-255,66,31537,44,354405
48715,0.000239,74.125.200.0-255,4320,35857,44,354405
48716,0.000241,172.31.46.0-255,66,35923,44,354405
48717,0.000247,74.125.200.0-255,4320,40243,44,354405
48718,0.000249,172.31.46.0-255,66,40309,44,354405
48719,0.000278,74.125.200.0-255,5738,46047,44,354405
48720,0.000281,172.31.46.0-255,66,46113,44,354405
48721,0.000295,74.125.200.0-255,2543,48656,44,354405
48722,0.000298,172.31.46.0-255,66,48722,44,354405
48723,0.000343,74.125.200.0-255,1484,50206,44,354405
48724,0.00036,74.125.200.0-255,2902,53108,44,354405
48725,0.000363,172.31.46.0-255,66,53174,44,354405
48726,0.000387,74.125.200.0-255,5738,58912,44,354405
48727,0.00039,172.31.46.0-255,66,58978,44,354405
48728,0.000397,74.125.200.0-255,6797,65775,44,354405
48729,0.000399,172.31.46.0-255,66,65841,44,354405
48730,0.000436,74.125.200.0-255,398,66239,44,354405
48731,0.00054,74.125.200.0-255,112,66351,44,354405
48732,0.000645,74.125.200.0-255,1484,67835,44,354405
48733,0.000649,172.31.46.0-255,66,67901,44,354405
48734,0.000656,74.125.200.0-255,2902,70803,44,354405
48735,0.000658,172.31.46.0-255,66,70869,44,354405
48736,0.000676,74.125.200.0-255,4320,75189,44,354405
48737,0.000679,172.31.46.0-255,66,75255,44,354405
48738,0.000695,74.125.200.0-255,1484,76739,44,354405
48739,0.0007,74.125.200.0-255,2902,79641,44,354405
48740,0.000702,172.31.46.0-255,66,79707,44,354405
48741,0.000722,74.125.200.0-255,3961,83668,44,354405
48742,0.000725,172.31.46.0-255,66,83734,44,354405
48743,0.00076,74.125.200.0-255,1484,85218,44,354405
48744,0.000764,74.125.200.0-255,1484,86702,44,354405
48745,0.000767,172.31.46.0-255,66,86768,44,354405
48746,0.000786,74.125.200.0-255,1484,88252,44,354405
48747,0.000793,74.125.200.0-255,5738,93990,44,354405
48748,0.000795,172.31.46.0-255,66,94056,44,354405
48749,0.000801,74.125.200.0-255,4320,98376,44,354405
48750,0.000803,172.31.46.0-255,66,98442,44,354405
48751,0.000847,74.125.200.0-255,2543,100985,44,354405
48752,0.00085,172.31.46.0-255,66,101051,44,354405
48753,0.002902,74.125.200.0-255,2902,103953,44,354405
48754,0.00291,172.31.46.0-255,66,104019,44,354405
48755,0.002951,74.125.200.0-255,2902,106921,44,354405
48756,0.002954,172.31.46.0-255,66,106987,44,354405
48757,0.005002,74.125.200.0-255,2902,109889,44,354405
48758,0.005005,172.31.46.0-255,66,109955,44,354405
48759,0.005037,74.125.200.0-255,2902,112857,44,354405
48760,0.00504,172.31.46.0-255,66,112923,44,354405
48761,0.007099,74.125.200.0-255,2902,115825,44,354405
48762,0.007106,172.31.46.0-255,66,115891,44,354405
48763,0.007124,74.125.200.0-255,2902,118793,44,354405
48764,0.007126,172.31.46.0-255,66,118859,44,354405
48765,0.009207,74.125.200.0-255,5738,124597,44,354405
48766,0.009214,172.31.46.0-255,66,124663,44,354405
48767,0.011304,74.125.200.0-255,5738,130401,44,354405
48768,0.011313,172.31.46.0-255,66,130467,44,354405
48769,0.013427,74.125.200.0-255,5738,136205,44,354405
48770,0.013436,172.31.46.0-255,66,136271,44,354405
48771,0.015535,74.125.200.0-255,5738,142009,44,354405
48772,0.015546,172.31.46.0-255,66,142075,44,354405
48773,0.017638,74.125.200.0-255,5738,147813,44,354405
48774,0.017647,172.31.46.0-255,66,147879,44,354405
48775,0.019747,74.125.200.0-255,5738,153617,44,354405
48776,0.019756,172.31.46.0-255,66,153683,44,354405
48777,0.021866,74.125.200.0-255,5738,159421,44,354405
48778,0.021873,172.31.46.0-255,66,159487,44,354405
48779,0.023965,74.125.200.0-255,5738,165225,44,354405
48780,0.023973,172.31.46.0-255,66,165291,44,354405
48781,0.026078,74.125.200.0-255,5738,171029,44,354405
48782,0.026085,172.31.46.0-255,66,171095,44,354405
48783,0.028198,74.125.200.0-255,5738,176833,44,354405
48784,0.028207,172.31.46.0-255,66,176899,44,354405
48785,0.030319,74.125.200.0-255,5738,182637,44,354405
48786,0.030327,172.31.46.0-255,66,182703,44,354405
48787,0.032375,172.31.46.0-255,172,182875,44,354405
48788,0.032406,172.31.46.0-255,1109,183984,44,354405
48789,0.032428,74.125.200.0-255,5738,189722,44,354405
48790,0.032432,172.31.46.0-255,66,189788,44,354405
48791,0.032535,172.31.46.0-255,1514,191302,44,354405
48792,0.032537,172.31.46.0-255,1514,192816,44,354405
48793,0.032541,172.31.46.0-255,1514,194330,44,354405
48794,0.032542,172.31.46.0-255,1514,195844,44,354405
48795,0.03256,172.31.46.0-255,1514,197358,44,354405
48796,0.032561,172.31.46.0-255,75,197433,44,354405
48797,0.033923,104.244.42.0-255,66,197499,44,354405
48798,0.033963,104.244.42.0-255,66,197565,44,354405
48799,0.034107,104.244.42.0-255,66,197631,44,354405
48800,0.034128,104.244.42.0-255,66,197697,44,354405
48801,0.034519,74.125.200.0-255,5738,203435,44,354405
48802,0.034527,172.31.46.0-255,66,203501,44,354405
48803,0.03663,74.125.200.0-255,5738,209239,44,354405
48804,0.036638,172.31.46.0-255,66,209305,44,354405
48805,0.038764,74.125.200.0-255,5738,215043,44,354405
48806,0.038773,172.31.46.0-255,66,215109,44,354405
48807,0.04089,74.125.200.0-255,5738,220847,44,354405
48808,0.040897,172.31.46.0-255,66,220913,44,354405
48809,0.043011,74.125.200.0-255,5738,226651,44,354405
48810,0.043016,172.31.46.0-255,66,226717,44,354405
48811,0.045115,74.125.200.0-255,5738,232455,44,354405
48812,0.04512,172.31.46.0-255,66,232521,44,354405
48813,0.047229,74.125.200.0-255,5738,238259,44,354405
48814,0.047236,172.31.46.0-255,66,238325,44,354405
48815,0.049345,74.125.200.0-255,5738,244063,44,354405
48816,0.049351,172.31.46.0-255,66,244129,44,354405
48817,0.051452,74.125.200.0-255,5738,249867,44,354405
48818,0.05146,172.31.46.0-255,66,249933,44,354405
48819,0.053599,74.125.200.0-255,5738,255671,44,354405
48820,0.053607,172.31.46.0-255,66,255737,44,354405
48821,0.055704,74.125.200.0-255,5738,261475,44,354405
48822,0.055711,172.31.46.0-255,66,261541,44,354405
48823,0.057817,74.125.200.0-255,5738,267279,44,354405
48824,0.057824,172.31.46.0-255,66,267345,44,354405
48825,0.059933,74.125.200.0-255,5738,273083,44,354405
48826,0.05994,172.31.46.0-255,66,273149,44,354405
48827,0.062052,74.125.200.0-255,5738,278887,44,354405
48828,0.062059,172.31.46.0-255,66,278953,44,354405
48829,0.06419,74.125.200.0-255,5738,284691,44,354405
48830,0.064197,172.31.46.0-255,66,284757,44,354405
48831,0.066303,74.125.200.0-255,5738,290495,44,354405
48832,0.06631,172.31.46.0-255,66,290561,44,354405
48833,0.068425,74.125.200.0-255,5738,296299,44,354405
48834,0.068433,172.31.46.0-255,66,296365,44,354405
48835,0.070573,74.125.200.0-255,5738,302103,44,354405
48836,0.07058,172.31.46.0-255,66,302169,44,354405
48837,0.072684,74.125.200.0-255,5738,307907,44,354405
48838,0.072692,172.31.46.0-255,66,307973,44,354405
48839,0.074792,74.125.200.0-255,5738,313711,44,354405
48840,0.074799,172.31.46.0-255,66,313777,44,354405
48841,0.0769,74.125.200.0-255,5738,319515,44,354405
48842,0.076907,172.31.46.0-255,66,319581,44,354405
48843,0.079016,74.125.200.0-255,5738,325319,44,354405
48844,0.079023,172.31.46.0-255,66,325385,44,354405
48845,0.081129,74.125.200.0-255,5738,331123,44,354405
48846,0.081136,172.31.46.0-255,66,331189,44,354405
48847,0.083243,74.125.200.0-255,5738,336927,44,354405
48848,0.083251,172.31.46.0-255,66,336993,44,354405
48849,0.085373,74.125.200.0-255,5738,342731,44,354405
48850,0.08538,172.31.46.0-255,66,342797,44,354405
48851,0.087483,74.125.200.0-255,5738,348535,44,354405
48852,0.08749,172.31.46.0-255,66,348601,44,354405
48853,0.089603,74.125.200.0-255,5738,354339,44,354405
48854,0.089611,172.31.46.0-255,66,354405,44,354405
48855,0.0,74.125.24.0-255,152,152,44,241070
48856,1.6e-05,172.31.46.0-255,66,218,44,241070
48857,2.2e-05,74.125.24.0-255,1484,1702,44,241070
48858,2.8e-05,172.31.46.0-255,66,1768,44,241070
48859,3.3e-05,74.125.24.0-255,2902,4670,44,241070
48860,4.6e-05,172.31.46.0-255,66,4736,44,241070
48861,5.4e-05,74.125.24.0-255,7156,11892,44,241070
48862,5.7e-05,172.31.46.0-255,66,11958,44,241070
48863,6e-05,74.125.24.0-255,1484,13442,44,241070
48864,6.3e-05,172.31.46.0-255,66,13508,44,241070
48865,0.000111,172.31.46.0-255,66,13574,44,241070
48866,0.000117,74.125.24.0-255,5379,18953,44,241070
48867,0.00012,172.31.46.0-255,66,19019,44,241070
48868,0.000174,74.125.24.0-255,1484,20503,44,241070
48869,0.000176,172.31.46.0-255,66,20569,44,241070
48870,0.000207,74.125.24.0-255,2902,23471,44,241070
48871,0.000209,172.31.46.0-255,66,23537,44,241070
48872,0.000215,74.125.24.0-255,5738,29275,44,241070
48873,0.000217,172.31.46.0-255,66,29341,44,241070
48874,0.000229,74.125.24.0-255,6797,36138,44,241070
48875,0.000231,172.31.46.0-255,66,36204,44,241070
48876,0.000235,74.125.24.0-255,2902,39106,44,241070
48877,0.000237,172.31.46.0-255,66,39172,44,241070
48878,0.000283,172.31.46.0-255,66,39238,44,241070
48879,0.000287,74.125.24.0-255,2884,42122,44,241070
48880,0.000289,172.31.46.0-255,66,42188,44,241070
48881,0.000292,74.125.24.0-255,346,42534,44,241070
48882,0.000298,172.31.46.0-255,66,42600,44,241070
48883,0.000582,74.125.24.0-255,1484,44084,44,241070
48884,0.000587,172.31.46.0-255,66,44150,44,241070
48885,0.000594,74.125.24.0-255,2902,47052,44,241070
48886,0.000596,172.31.46.0-255,66,47118,44,241070
48887,0.000599,74.125.24.0-255,1484,48602,44,241070
48888,0.000619,74.125.24.0-255,4320,52922,44,241070
48889,0.000625,74.125.24.0-255,1484,54406,44,241070
48890,0.000633,172.31.46.0-255,66,54472,44,241070
48891,0.000669,172.31.46.0-255,66,54538,44,241070
48892,0.000682,74.125.24.0-255,1484,56022,44,241070
48893,0.000699,172.31.46.0-255,66,56088,44,241070
48894,0.000785,74.125.24.0-255,1484,57572,44,241070
48895,0.000791,74.125.24.0-255,2902,60474,44,241070
48896,0.000794,172.31.46.0-255,66,60540,44,241070
48897,0.00083,74.125.24.0-255,5738,66278,44,241070
48898,0.000833,172.31.46.0-255,66,66344,44,241070
48899,0.000852,172.31.46.0-255,66,66410,44,241070
48900,0.000864,172.31.46.0-255,66,66476,44,241070
48901,0.000907,74.125.24.0-255,2184,68660,44,241070
48902,0.00091,172.31.46.0-255,66,68726,44,241070
48903,0.000915,74.125.24.0-255,2902,71628,44,241070
48904,0.000917,172.31.46.0-255,66,71694,44,241070
48905,0.000929,74.125.24.0-255,7156,78850,44,241070
48906,0.000932,172.31.46.0-255,66,78916,44,241070
48907,0.000969,74.125.24.0-255,1484,80400,44,241070
48908,0.001001,172.31.46.0-255,66,80466,44,241070
48909,0.001008,74.125.24.0-255,6438,86904,44,241070
48910,0.001011,172.31.46.0-255,66,86970,44,241070
48911,0.001037,74.125.24.0-255,1484,88454,44,241070
48912,0.001042,74.125.24.0-255,2902,91356,44,241070
48913,0.001044,172.31.46.0-255,66,91422,44,241070
48914,0.00105,74.125.24.0-255,4320,95742,44,241070
48915,0.001052,172.31.46.0-255,66,95808,44,241070
48916,0.001086,74.125.24.0-255,1484,97292,44,241070
48917,0.00109,74.125.24.0-255,1484,98776,44,241070
48918,0.001093,172.31.46.0-255,66,98842,44,241070
48919,0.001108,172.31.46.0-255,66,98908,44,241070
48920,0.001125,172.31.46.0-255,66,98974,44,241070
48921,0.001149,74.125.24.0-255,1484,100458,44,241070
48922,0.001169,74.125.24.0-255,2902,103360,44,241070
48923,0.001172,172.31.46.0-255,66,103426,44,241070
48924,0.001179,74.125.24.0-255,5738,109164,44,241070
48925,0.001181,172.31.46.0-255,66,109230,44,241070
48926,0.001239,172.31.46.0-255,66,109296,44,241070
48927,0.001245,74.125.24.0-255,5738,115034,44,241070
48928,0.001248,172.31.46.0-255,66,115100,44,241070
48929,0.001286,74.125.24.0-255,5020,120120,44,241070
48930,0.001289,172.31.46.0-255,66,120186,44,241070
48931,0.001433,74.125.24.0-255,1484,121670,44,241070
48932,0.001439,74.125.24.0-255,2902,124572,44,241070
48933,0.001442,172.31.46.0-255,66,124638,44,241070
48934,0.001451,74.125.24.0-255,5738,130376,44,241070
48935,0.001453,172.31.46.0-255,66,130442,44,241070
48936,0.0015,172.31.46.0-255,66,130508,44,241070
48937,0.001505,74.125.24.0-255,2902,133410,44,241070
48938,0.001507,172.31.46.0-255,66,133476,44,241070
48939,0.00151,74.125.24.0-255,1484,134960,44,241070
48940,0.001543,74.125.24.0-255,6438,141398,44,241070
48941,0.001546,172.31.46.0-255,66,141464,44,241070
48942,0.001801,74.125.24.0-255,1484,142948,44,241070
48943,0.001809,74.125.24.0-255,2902,145850,44,241070
48944,0.001813,172.31.46.0-255,66,145916,44,241070
48945,0.001818,74.125.24.0-255,2902,148818,44,241070
48946,0.001843,74.125.24.0-255,2902,151720,44,241070
48947,0.001869,74.125.24.0-255,2902,154622,44,241070
48948,0.001874,74.125.24.0-255,4320,158942,44,241070
48949,0.001896,74.125.24.0-255,6438,165380,44,241070
48950,0.001902,74.125.24.0-255,4320,169700,44,241070
48951,0.001925,74.125.24.0-255,7156,176856,44,241070
48952,0.001931,74.125.24.0-255,4320,181176,44,241070
48953,0.002012,74.125.24.0-255,6438,187614,44,241070
48954,0.002019,74.125.24.0-255,7156,194770,44,241070
48955,0.002027,74.125.24.0-255,7156,201926,44,241070
48956,0.002056,74.125.24.0-255,4320,206246,44,241070
48957,0.002085,74.125.24.0-255,3602,209848,44,241070
48958,0.005904,172.31.46.0-255,66,209914,44,241070
48959,0.007968,74.125.24.0-255,5738,215652,44,241070
48960,0.007975,172.31.46.0-255,66,215718,44,241070
48961,0.010022,74.125.24.0-255,5738,221456,44,241070
48962,0.010027,172.31.46.0-255,66,221522,44,241070
48963,0.01212,74.125.24.0-255,5738,227260,44,241070
48964,0.012127,172.31.46.0-255,66,227326,44,241070
48965,0.014206,74.125.24.0-255,4142,231468,44,241070
48966,0.014215,172.31.46.0-255,66,231534,44,241070
48967,0.01467,172.31.46.0-255,105,231639,44,241070
48968,0.016726,74.125.24.0-255,66,231705,44,241070
48969,0.035197,172.31.46.0-255,172,231877,44,241070
48970,0.03523,172.31.46.0-255,1114,232991,44,241070
48971,0.035313,172.31.46.0-255,1514,234505,44,241070
48972,0.035314,172.31.46.0-255,1514,236019,44,241070
48973,0.035315,172.31.46.0-255,1514,237533,44,241070
48974,0.035316,172.31.46.0-255,1514,239047,44,241070
48975,0.035344,172.31.46.0-255,1514,240561,44,241070
48976,0.035345,172.31.46.0-255,71,240632,44,241070
48977,0.036751,104.244.42.0-255,66,240698,44,241070
48978,0.036763,104.244.42.0-255,66,240764,44,241070
48979,0.036869,104.244.42.0-255,66,240830,44,241070
48980,0.03692,104.244.42.0-255,66,240896,44,241070
48981,0.037507,104.244.42.0-255,108,241004,44,241070
48982,0.037516,172.31.46.0-255,66,241070,44,241070
48983,0.0,74.125.200.0-255,152,152,44,315057
48984,2.4e-05,172.31.46.0-255,66,218,44,315057
48985,3.1e-05,74.125.200.0-255,1484,1702,44,315057
48986,3.5e-05,172.31.46.0-255,66,1768,44,315057
48987,4.1e-05,74.125.200.0-255,2902,4670,44,315057
48988,4.4e-05,172.31.46.0-255,66,4736,44,315057
48989,5.2e-05,74.125.200.0-255,7156,11892,44,315057
48990,5.5e-05,172.31.46.0-255,66,11958,44,315057
48991,5.9e-05,74.125.200.0-255,2076,14034,44,315057
48992,6.2e-05,172.31.46.0-255,66,14100,44,315057
48993,0.000147,74.125.200.0-255,1484,15584,44,315057
48994,0.00015,172.31.46.0-255,66,15650,44,315057
48995,0.000169,74.125.200.0-255,2902,18552,44,315057
48996,0.000172,172.31.46.0-255,66,18618,44,315057
48997,0.000209,74.125.200.0-255,5738,24356,44,315057
48998,0.000212,172.31.46.0-255,66,24422,44,315057
48999,0.000228,74.125.200.0-255,1484,25906,44,315057
49000,0.00023,172.31.46.0-255,66,25972,44,315057
49001,0.000249,74.125.200.0-255,5379,31351,44,315057
49002,0.000252,172.31.46.0-255,66,31417,44,315057
49003,0.00027,74.125.200.0-255,2902,34319,44,315057
49004,0.000272,172.31.46.0-255,66,34385,44,315057
49005,0.0003,74.125.200.0-255,4320,38705,44,315057
49006,0.000303,172.31.46.0-255,66,38771,44,315057
49007,0.000307,74.125.200.0-255,2902,41673,44,315057
49008,0.000309,172.31.46.0-255,66,41739,44,315057
49009,0.000342,74.125.200.0-255,6797,48536,44,315057
49010,0.000344,172.31.46.0-255,66,48602,44,315057
49011,0.000367,74.125.200.0-255,1484,50086,44,315057
49012,0.000369,172.31.46.0-255,66,50152,44,315057
49013,0.000383,74.125.200.0-255,2902,53054,44,315057
49014,0.000386,172.31.46.0-255,66,53120,44,315057
49015,0.000421,74.125.200.0-255,5738,58858,44,315057
49016,0.000424,172.31.46.0-255,66,58924,44,315057
49017,0.000427,74.125.200.0-255,1484,60408,44,315057
49018,0.000467,74.125.200.0-255,2902,63310,44,315057
49019,0.00047,172.31.46.0-255,66,63376,44,315057
49020,0.00049,74.125.200.0-255,2837,66213,44,315057
49021,0.000492,172.31.46.0-255,66,66279,44,315057
49022,0.002494,74.125.200.0-255,128,66407,44,315057
49023,0.002619,74.125.200.0-255,1484,67891,44,315057
49024,0.002624,172.31.46.0-255,66,67957,44,315057
49025,0.002639,74.125.200.0-255,2902,70859,44,315057
49026,0.002642,172.31.46.0-255,66,70925,44,315057
49027,0.002653,74.125.200.0-255,1484,72409,44,315057
49028,0.002669,74.125.200.0-255,2902,75311,44,315057
49029,0.002671,172.31.46.0-255,66,75377,44,315057
49030,0.002675,74.125.200.0-255,1484,76861,44,315057
49031,0.002689,74.125.200.0-255,1484,78345,44,315057
49032,0.002691,172.31.46.0-255,66,78411,44,315057
49033,0.002706,74.125.200.0-255,2902,81313,44,315057
49034,0.002708,172.31.46.0-255,66,81379,44,315057
49035,0.002713,74.125.200.0-255,2543,83922,44,315057
49036,0.002714,172.31.46.0-255,66,83988,44,315057
49037,0.002785,74.125.200.0-255,1484,85472,44,315057
49038,0.002798,74.125.200.0-255,2902,88374,44,315057
49039,0.0028,172.31.46.0-255,66,88440,44,315057
49040,0.002818,74.125.200.0-255,1484,89924,44,315057
49041,0.002822,74.125.200.0-255,2902,92826,44,315057
49042,0.002825,172.31.46.0-255,66,92892,44,315057
49043,0.002842,74.125.200.0-255,2902,95794,44,315057
49044,0.002845,172.31.46.0-255,66,95860,44,315057
49045,0.002875,74.125.200.0-255,2902,98762,44,315057
49046,0.002878,172.31.46.0-255,66,98828,44,315057
49047,0.002889,74.125.200.0-255,1484,100312,44,315057
49048,0.002908,74.125.200.0-255,1125,101437,44,315057
49049,0.00291,172.31.46.0-255,66,101503,44,315057
49050,0.002927,74.125.200.0-255,1484,102987,44,315057
49051,0.00294,74.125.200.0-255,2902,105889,44,315057
49052,0.002942,172.31.46.0-255,66,105955,44,315057
49053,0.002963,74.125.200.0-255,2902,108857,44,315057
49054,0.002965,172.31.46.0-255,66,108923,44,315057
49055,0.002968,74.125.200.0-255,1484,110407,44,315057
49056,0.002971,74.125.200.0-255,1484,111891,44,315057
49057,0.002973,172.31.46.0-255,66,111957,44,315057
49058,0.002991,74.125.200.0-255,2902,114859,44,315057
49059,0.002993,172.31.46.0-255,66,114925,44,315057
49060,0.003014,172.31.46.0-255,66,114991,44,315057
49061,0.00302,74.125.200.0-255,4320,119311,44,315057
49062,0.003022,172.31.46.0-255,66,119377,44,315057
49063,0.003062,74.125.200.0-255,6438,125815,44,315057
49064,0.003065,172.31.46.0-255,66,125881,44,315057
49065,0.003206,74.125.200.0-255,1484,127365,44,315057
49066,0.003223,74.125.200.0-255,2902,130267,44,315057
49067,0.003226,172.31.46.0-255,66,130333,44,315057
49068,0.003247,74.125.200.0-255,5738,136071,44,315057
49069,0.003249,172.31.46.0-255,66,136137,44,315057
49070,0.003253,74.125.200.0-255,2902,139039,44,315057
49071,0.003255,172.31.46.0-255,66,139105,44,315057
49072,0.003259,74.125.200.0-255,2902,142007,44,315057
49073,0.003261,172.31.46.0-255,66,142073,44,315057
49074,0.003277,74.125.200.0-255,1484,143557,44,315057
49075,0.00329,74.125.200.0-255,2902,146459,44,315057
49076,0.003293,172.31.46.0-255,66,146525,44,315057
49077,0.003314,74.125.200.0-255,5738,152263,44,315057
49078,0.003317,172.31.46.0-255,66,152329,44,315057
49079,0.003324,74.125.200.0-255,5738,158067,44,315057
49080,0.003326,172.31.46.0-255,66,158133,44,315057
49081,0.003339,74.125.200.0-255,1484,159617,44,315057
49082,0.003356,74.125.200.0-255,5020,164637,44,315057
49083,0.003359,172.31.46.0-255,66,164703,44,315057
49084,0.003372,74.125.200.0-255,1484,166187,44,315057
49085,0.00339,74.125.200.0-255,7156,173343,44,315057
49086,0.003393,172.31.46.0-255,66,173409,44,315057
49087,0.003414,74.125.200.0-255,7156,180565,44,315057
49088,0.003416,172.31.46.0-255,66,180631,44,315057
49089,0.00344,74.125.200.0-255,2902,183533,44,315057
49090,0.003443,172.31.46.0-255,66,183599,44,315057
49091,0.00345,74.125.200.0-255,7156,190755,44,315057
49092,0.003453,172.31.46.0-255,66,190821,44,315057
49093,0.003482,172.31.46.0-255,66,190887,44,315057
49094,0.003486,74.125.200.0-255,2902,193789,44,315057
49095,0.003489,172.31.46.0-255,66,193855,44,315057
49096,0.00353,74.125.200.0-255,5738,199593,44,315057
49097,0.003533,172.31.46.0-255,66,199659,44,315057
49098,0.003551,74.125.200.0-255,7156,206815,44,315057
49099,0.003554,172.31.46.0-255,66,206881,44,315057
49100,0.003564,172.31.46.0-255,66,206947,44,315057
49101,0.003569,74.125.200.0-255,4320,211267,44,315057
49102,0.003572,172.31.46.0-255,66,211333,44,315057
49103,0.003592,74.125.200.0-255,6438,217771,44,315057
49104,0.003594,172.31.46.0-255,66,217837,44,315057
49105,0.003612,172.31.46.0-255,66,217903,44,315057
49106,0.003619,74.125.200.0-255,7156,225059,44,315057
49107,0.003622,172.31.46.0-255,66,225125,44,315057
49108,0.003658,172.31.46.0-255,66,225191,44,315057
49109,0.003676,74.125.200.0-255,1484,226675,44,315057
49110,0.003681,74.125.200.0-255,2902,229577,44,315057
49111,0.003683,172.31.46.0-255,66,229643,44,315057
49112,0.003704,74.125.200.0-255,5738,235381,44,315057
49113,0.003707,172.31.46.0-255,66,235447,44,315057
49114,0.003712,74.125.200.0-255,2902,238349,44,315057
49115,0.003714,172.31.46.0-255,66,238415,44,315057
49116,0.003727,74.125.200.0-255,2902,241317,44,315057
49117,0.003729,172.31.46.0-255,66,241383,44,315057
49118,0.003733,74.125.200.0-255,2902,244285,44,315057
49119,0.003736,172.31.46.0-255,66,244351,44,315057
49120,0.00375,74.125.200.0-255,4320,248671,44,315057
49121,0.003752,172.31.46.0-255,66,248737,44,315057
49122,0.003766,74.125.200.0-255,1484,250221,44,315057
49123,0.003797,172.31.46.0-255,66,250287,44,315057
49124,0.003831,74.125.200.0-255,1484,251771,44,315057
49125,0.003863,172.31.46.0-255,66,251837,44,315057
49126,0.003869,74.125.200.0-255,4320,256157,44,315057
49127,0.003872,172.31.46.0-255,66,256223,44,315057
49128,0.0039,172.31.46.0-255,66,256289,44,315057
49129,0.003904,74.125.200.0-255,2902,259191,44,315057
49130,0.003906,172.31.46.0-255,66,259257,44,315057
49131,0.003912,74.125.200.0-255,4320,263577,44,315057
49132,0.003914,172.31.46.0-255,66,263643,44,315057
49133,0.003948,74.125.200.0-255,2184,265827,44,315057
49134,0.003952,172.31.46.0-255,66,265893,44,315057
49135,0.003979,74.125.200.0-255,1484,267377,44,315057
49136,0.003995,74.125.200.0-255,2902,270279,44,315057
49137,0.003998,172.31.46.0-255,66,270345,44,315057
49138,0.004017,74.125.200.0-255,2902,273247,44,315057
49139,0.004019,172.31.46.0-255,66,273313,44,315057
49140,0.004043,74.125.200.0-255,2902,276215,44,315057
49141,0.004046,172.31.46.0-255,66,276281,44,315057
49142,0.004048,74.125.200.0-255,1484,277765,44,315057
49143,0.004068,74.125.200.0-255,5738,283503,44,315057
49144,0.004071,172.31.46.0-255,66,283569,44,315057
49145,0.004104,172.31.46.0-255,66,283635,44,315057
49146,0.004131,172.31.46.0-255,66,283701,44,315057
49147,0.004154,74.125.200.0-255,6438,290139,44,315057
49148,0.004157,172.31.46.0-255,66,290205,44,315057
49149,0.004188,172.31.46.0-255,66,290271,44,315057
49150,0.004212,74.125.200.0-255,7156,297427,44,315057
49151,0.004214,172.31.46.0-255,66,297493,44,315057
49152,0.00422,74.125.200.0-255,5020,302513,44,315057
49153,0.004223,172.31.46.0-255,66,302579,44,315057
49154,0.004278,74.125.200.0-255,3741,306320,44,315057
49155,0.004281,172.31.46.0-255,66,306386,44,315057
49156,0.004284,74.125.200.0-255,105,306491,44,315057
49157,0.007087,172.31.46.0-255,66,306557,44,315057
49158,0.007125,172.31.46.0-255,105,306662,44,315057
49159,0.009618,74.125.200.0-255,66,306728,44,315057
49160,0.030171,172.31.46.0-255,164,306892,44,315057
49161,0.030204,172.31.46.0-255,1123,308015,44,315057
49162,0.030274,172.31.46.0-255,1514,309529,44,315057
49163,0.030276,172.31.46.0-255,1514,311043,44,315057
49164,0.030277,172.31.46.0-255,1514,312557,44,315057
49165,0.030278,172.31.46.0-255,1514,314071,44,315057
49166,0.030279,172.31.46.0-255,548,314619,44,315057
49167,0.031753,104.244.42.0-255,66,314685,44,315057
49168,0.031759,104.244.42.0-255,66,314751,44,315057
49169,0.031833,104.244.42.0-255,66,314817,44,315057
49170,0.031836,104.244.42.0-255,66,314883,44,315057
49171,0.032467,104.244.42.0-255,108,314991,44,315057
49172,0.032474,172.31.46.0-255,66,315057,44,315057
49173,0.0,172.217.194.0-255,152,152,44,253488
49174,2.6e-05,172.31.46.0-255,66,218,44,253488
49175,3.4e-05,172.217.194.0-255,1484,1702,44,253488
49176,3.8e-05,172.31.46.0-255,66,1768,44,253488
49177,4.3e-05,172.217.194.0-255,2902,4670,44,253488
49178,4.6e-05,172.31.46.0-255,66,4736,44,253488
49179,5.3e-05,172.217.194.0-255,5738,10474,44,253488
49180,5.5e-05,172.31.46.0-255,66,10540,44,253488
49181,8.1e-05,172.217.194.0-255,3512,14052,44,253488
49182,8.4e-05,172.31.46.0-255,66,14118,44,253488
49183,0.000118,172.217.194.0-255,4320,18438,44,253488
49184,0.000122,172.31.46.0-255,66,18504,44,253488
49185,0.000141,172.217.194.0-255,2902,21406,44,253488
49186,0.000144,172.31.46.0-255,66,21472,44,253488
49187,0.000166,172.217.194.0-255,7156,28628,44,253488
49188,0.000169,172.31.46.0-255,66,28694,44,253488
49189,0.000172,172.217.194.0-255,1484,30178,44,253488
49190,0.000174,172.31.46.0-255,66,30244,44,253488
49191,0.000197,172.217.194.0-255,1484,31728,44,253488
49192,0.000199,172.31.46.0-255,66,31794,44,253488
49193,0.000233,172.31.46.0-255,66,31860,44,253488
49194,0.00026,172.217.194.0-255,4320,36180,44,253488
49195,0.000262,172.31.46.0-255,66,36246,44,253488
49196,0.000294,172.31.46.0-255,66,36312,44,253488
49197,0.000297,172.217.194.0-255,678,36990,44,253488
49198,0.000298,172.31.46.0-255,66,37056,44,253488
49199,0.000333,172.217.194.0-255,1484,38540,44,253488
49200,0.000335,172.31.46.0-255,66,38606,44,253488
49201,0.000349,172.217.194.0-255,1484,40090,44,253488
49202,0.000351,172.31.46.0-255,66,40156,44,253488
49203,0.000374,172.217.194.0-255,1484,41640,44,253488
49204,0.000383,172.217.194.0-255,5738,47378,44,253488
49205,0.000386,172.31.46.0-255,66,47444,44,253488
49206,0.000408,172.217.194.0-255,6247,53691,44,253488
49207,0.00041,172.31.46.0-255,66,53757,44,253488
49208,0.000524,172.217.194.0-255,1484,55241,44,253488
49209,0.000531,172.217.194.0-255,2902,58143,44,253488
49210,0.000536,172.31.46.0-255,66,58209,44,253488
49211,0.000543,172.217.194.0-255,5738,63947,44,253488
49212,0.000546,172.31.46.0-255,66,64013,44,253488
49213,0.000549,172.217.194.0-255,1484,65497,44,253488
49214,0.000575,172.217.194.0-255,5379,70876,44,253488
49215,0.000578,172.31.46.0-255,66,70942,44,253488
49216,0.000596,172.217.194.0-255,5738,76680,44,253488
49217,0.000598,172.31.46.0-255,66,76746,44,253488
49218,0.000628,172.31.46.0-255,66,76812,44,253488
49219,0.000641,172.31.46.0-255,66,76878,44,253488
49220,0.000681,172.217.194.0-255,5738,82616,44,253488
49221,0.000684,172.31.46.0-255,66,82682,44,253488
49222,0.000703,172.217.194.0-255,3602,86284,44,253488
49223,0.000765,172.217.194.0-255,1484,87768,44,253488
49224,0.000785,172.217.194.0-255,2902,90670,44,253488
49225,0.00079,172.217.194.0-255,2902,93572,44,253488
49226,0.000805,172.217.194.0-255,2902,96474,44,253488
49227,0.000812,172.217.194.0-255,5738,102212,44,253488
49228,0.000844,172.217.194.0-255,5738,107950,44,253488
49229,0.000869,172.217.194.0-255,7156,115106,44,253488
49230,0.000914,172.217.194.0-255,2184,117290,44,253488
49231,0.000918,172.217.194.0-255,2902,120192,44,253488
49232,0.000941,172.217.194.0-255,7156,127348,44,253488
49233,0.000978,172.217.194.0-255,5738,133086,44,253488
49234,0.000991,172.217.194.0-255,2184,135270,44,253488
49235,0.001035,172.217.194.0-255,5738,141008,44,253488
49236,0.001058,172.217.194.0-255,7156,148164,44,253488
49237,0.001096,172.217.194.0-255,2902,151066,44,253488
49238,0.001153,172.217.194.0-255,7156,158222,44,253488
49239,0.001218,172.217.194.0-255,1484,159706,44,253488
49240,0.001233,172.217.194.0-255,2902,162608,44,253488
49241,0.001254,172.217.194.0-255,5738,168346,44,253488
49242,0.00129,172.217.194.0-255,5738,174084,44,253488
49243,0.001312,172.217.194.0-255,7156,181240,44,253488
49244,0.001352,172.217.194.0-255,5738,186978,44,253488
49245,0.001374,172.217.194.0-255,5020,191998,44,253488
49246,0.001423,172.217.194.0-255,1484,193482,44,253488
49247,0.001447,172.217.194.0-255,2902,196384,44,253488
49248,0.001455,172.217.194.0-255,5738,202122,44,253488
49249,0.001483,172.217.194.0-255,5738,207860,44,253488
49250,0.001502,172.217.194.0-255,7156,215016,44,253488
49251,0.001536,172.31.46.0-255,66,215082,44,253488
49252,0.001558,172.31.46.0-255,66,215148,44,253488
49253,0.001608,172.217.194.0-255,4320,219468,44,253488
49254,0.001628,172.217.194.0-255,5738,225206,44,253488
49255,0.001631,172.217.194.0-255,1484,226690,44,253488
49256,0.001651,172.217.194.0-255,7156,233846,44,253488
49257,0.001703,172.217.194.0-255,5738,239584,44,253488
49258,0.001721,172.217.194.0-255,4320,243904,44,253488
49259,0.001807,172.217.194.0-255,105,244009,44,253488
49260,0.001967,172.31.46.0-255,66,244075,44,253488
49261,0.005218,172.31.46.0-255,105,244180,44,253488
49262,0.007752,172.217.194.0-255,66,244246,44,253488
49263,0.044099,172.31.46.0-255,221,244467,44,253488
49264,0.04413,172.31.46.0-255,1114,245581,44,253488
49265,0.044219,172.31.46.0-255,1514,247095,44,253488
49266,0.044221,172.31.46.0-255,1514,248609,44,253488
49267,0.044222,172.31.46.0-255,1514,250123,44,253488
49268,0.044223,172.31.46.0-255,1514,251637,44,253488
49269,0.04425,172.31.46.0-255,1514,253151,44,253488
49270,0.044252,172.31.46.0-255,73,253224,44,253488
49271,0.045638,104.244.42.0-255,66,253290,44,253488
49272,0.04568,104.244.42.0-255,66,253356,44,253488
49273,0.045782,104.244.42.0-255,66,253422,44,253488
49274,0.045788,104.244.42.0-255,66,253488,44,253488
49275,0.0,172.217.194.0-255,294,294,44,297918
49276,1.8e-05,172.31.46.0-255,66,360,44,297918
49277,2.5e-05,172.217.194.0-255,1484,1844,44,297918
49278,2.9e-05,172.31.46.0-255,66,1910,44,297918
49279,4.3e-05,172.217.194.0-255,4320,6230,44,297918
49280,4.7e-05,172.31.46.0-255,66,6296,44,297918
49281,9.9e-05,172.31.46.0-255,66,6362,44,297918
49282,0.000111,172.31.46.0-255,66,6428,44,297918
49283,0.000117,172.217.194.0-255,5379,11807,44,297918
49284,0.000119,172.31.46.0-255,66,11873,44,297918
49285,0.000508,172.217.194.0-255,1484,13357,44,297918
49286,0.000515,172.31.46.0-255,66,13423,44,297918
49287,0.00052,172.217.194.0-255,2902,16325,44,297918
49288,0.000523,172.31.46.0-255,66,16391,44,297918
49289,0.000534,172.217.194.0-255,4320,20711,44,297918
49290,0.000537,172.31.46.0-255,66,20777,44,297918
49291,0.000571,172.217.194.0-255,1484,22261,44,297918
49292,0.000598,172.31.46.0-255,66,22327,44,297918
49293,0.000609,172.31.46.0-255,66,22393,44,297918
49294,0.000616,172.31.46.0-255,66,22459,44,297918
49295,0.000639,172.217.194.0-255,1382,23841,44,297918
49296,0.000645,172.31.46.0-255,66,23907,44,297918
49297,0.000648,172.217.194.0-255,117,24024,44,297918
49298,0.00065,172.31.46.0-255,66,24090,44,297918
49299,0.00074,172.217.194.0-255,1484,25574,44,297918
49300,0.000743,172.31.46.0-255,66,25640,44,297918
49301,0.000748,172.217.194.0-255,2902,28542,44,297918
49302,0.000751,172.31.46.0-255,66,28608,44,297918
49303,0.000755,172.217.194.0-255,2902,31510,44,297918
49304,0.000762,172.31.46.0-255,66,31576,44,297918
49305,0.0008,172.217.194.0-255,2902,34478,44,297918
49306,0.000803,172.31.46.0-255,66,34544,44,297918
49307,0.000811,172.217.194.0-255,7156,41700,44,297918
49308,0.000813,172.31.46.0-255,66,41766,44,297918
49309,0.000828,172.31.46.0-255,66,41832,44,297918
49310,0.000833,172.217.194.0-255,2495,44327,44,297918
49311,0.000836,172.31.46.0-255,66,44393,44,297918
49312,0.001077,172.31.46.0-255,101,44494,44,297918
49313,0.001541,172.217.194.0-255,1484,45978,44,297918
49314,0.001551,172.217.194.0-255,2902,48880,44,297918
49315,0.001555,172.31.46.0-255,66,48946,44,297918
49316,0.00156,172.217.194.0-255,1484,50430,44,297918
49317,0.001586,172.217.194.0-255,4320,54750,44,297918
49318,0.001588,172.31.46.0-255,66,54816,44,297918
49319,0.001592,172.217.194.0-255,1484,56300,44,297918
49320,0.001616,172.217.194.0-255,5738,62038,44,297918
49321,0.001618,172.31.46.0-255,66,62104,44,297918
49322,0.001629,172.31.46.0-255,66,62170,44,297918
49323,0.001632,172.217.194.0-255,1484,63654,44,297918
49324,0.001664,172.217.194.0-255,5738,69392,44,297918
49325,0.001666,172.31.46.0-255,66,69458,44,297918
49326,0.001669,172.217.194.0-255,766,70224,44,297918
49327,0.001699,172.217.194.0-255,1484,71708,44,297918
49328,0.001701,172.31.46.0-255,66,71774,44,297918
49329,0.001721,172.217.194.0-255,4320,76094,44,297918
49330,0.001723,172.31.46.0-255,66,76160,44,297918
49331,0.001765,172.31.46.0-255,66,76226,44,297918
49332,0.001781,172.31.46.0-255,66,76292,44,297918
49333,0.001789,172.217.194.0-255,6438,82730,44,297918
49334,0.001791,172.31.46.0-255,66,82796,44,297918
49335,0.001826,172.217.194.0-255,7156,89952,44,297918
49336,0.001829,172.31.46.0-255,66,90018,44,297918
49337,0.001835,172.217.194.0-255,4320,94338,44,297918
49338,0.001837,172.31.46.0-255,66,94404,44,297918
49339,0.001866,172.217.194.0-255,1484,95888,44,297918
49340,0.001874,172.217.194.0-255,7156,103044,44,297918
49341,0.001879,172.31.46.0-255,66,103110,44,297918
49342,0.001944,172.31.46.0-255,66,103176,44,297918
49343,0.001956,172.31.46.0-255,66,103242,44,297918
49344,0.001967,172.31.46.0-255,66,103308,44,297918
49345,0.001995,172.217.194.0-255,2902,106210,44,297918
49346,0.001999,172.31.46.0-255,66,106276,44,297918
49347,0.002013,172.31.46.0-255,66,106342,44,297918
49348,0.002031,172.217.194.0-255,2184,108526,44,297918
49349,0.002033,172.31.46.0-255,66,108592,44,297918
49350,0.003039,172.217.194.0-255,66,108658,44,297918
49351,0.00401,172.217.194.0-255,2902,111560,44,297918
49352,0.004016,172.31.46.0-255,66,111626,44,297918
49353,0.004041,172.217.194.0-255,2902,114528,44,297918
49354,0.004043,172.31.46.0-255,66,114594,44,297918
49355,0.006045,172.217.194.0-255,5738,120332,44,297918
49356,0.006055,172.31.46.0-255,66,120398,44,297918
49357,0.008095,172.217.194.0-255,5738,126136,44,297918
49358,0.008101,172.31.46.0-255,66,126202,44,297918
49359,0.010116,172.217.194.0-255,4320,130522,44,297918
49360,0.010122,172.31.46.0-255,66,130588,44,297918
49361,0.010152,172.217.194.0-255,1484,132072,44,297918
49362,0.012144,172.217.194.0-255,4320,136392,44,297918
49363,0.01215,172.31.46.0-255,66,136458,44,297918
49364,0.014172,172.217.194.0-255,5738,142196,44,297918
49365,0.014181,172.31.46.0-255,66,142262,44,297918
49366,0.016198,172.217.194.0-255,5738,148000,44,297918
49367,0.016207,172.31.46.0-255,66,148066,44,297918
49368,0.01824,172.217.194.0-255,4320,152386,44,297918
49369,0.018248,172.31.46.0-255,66,152452,44,297918
49370,0.018277,172.217.194.0-255,1484,153936,44,297918
49371,0.020273,172.217.194.0-255,4320,158256,44,297918
49372,0.020282,172.31.46.0-255,66,158322,44,297918
49373,0.022311,172.217.194.0-255,5738,164060,44,297918
49374,0.022318,172.31.46.0-255,66,164126,44,297918
49375,0.024351,172.217.194.0-255,5738,169864,44,297918
49376,0.024358,172.31.46.0-255,66,169930,44,297918
49377,0.026387,172.217.194.0-255,2902,172832,44,297918
49378,0.026394,172.31.46.0-255,66,172898,44,297918
49379,0.02642,172.217.194.0-255,2902,175800,44,297918
49380,0.026423,172.31.46.0-255,66,175866,44,297918
49381,0.028417,172.217.194.0-255,5738,181604,44,297918
49382,0.028425,172.31.46.0-255,66,181670,44,297918
49383,0.030437,172.217.194.0-255,5738,187408,44,297918
49384,0.030444,172.31.46.0-255,66,187474,44,297918
49385,0.032476,172.217.194.0-255,5738,193212,44,297918
49386,0.032482,172.31.46.0-255,66,193278,44,297918
49387,0.034539,172.217.194.0-255,5738,199016,44,297918
49388,0.034546,172.31.46.0-255,66,199082,44,297918
49389,0.036564,172.217.194.0-255,5738,204820,44,297918
49390,0.03657,172.31.46.0-255,66,204886,44,297918
49391,0.038308,172.31.46.0-255,172,205058,44,297918
49392,0.038336,172.31.46.0-255,1114,206172,44,297918
49393,0.038402,172.31.46.0-255,1514,207686,44,297918
49394,0.038424,172.31.46.0-255,1514,209200,44,297918
49395,0.038428,172.31.46.0-255,1514,210714,44,297918
49396,0.038444,172.31.46.0-255,1514,212228,44,297918
49397,0.038452,172.31.46.0-255,1514,213742,44,297918
49398,0.038453,172.31.46.0-255,70,213812,44,297918
49399,0.038592,172.217.194.0-255,5738,219550,44,297918
49400,0.038598,172.31.46.0-255,66,219616,44,297918
49401,0.039856,104.244.42.0-255,66,219682,44,297918
49402,0.039906,104.244.42.0-255,66,219748,44,297918
49403,0.039973,104.244.42.0-255,66,219814,44,297918
49404,0.039979,104.244.42.0-255,66,219880,44,297918
49405,0.040624,172.217.194.0-255,5738,225618,44,297918
49406,0.040629,172.31.46.0-255,66,225684,44,297918
49407,0.042654,172.217.194.0-255,5738,231422,44,297918
49408,0.04266,172.31.46.0-255,66,231488,44,297918
49409,0.044683,172.217.194.0-255,5738,237226,44,297918
49410,0.044688,172.31.46.0-255,66,237292,44,297918
49411,0.046714,172.217.194.0-255,5738,243030,44,297918
49412,0.046721,172.31.46.0-255,66,243096,44,297918
49413,0.048772,172.217.194.0-255,5738,248834,44,297918
49414,0.048779,172.31.46.0-255,66,248900,44,297918
49415,0.050853,172.217.194.0-255,5738,254638,44,297918
49416,0.050859,172.31.46.0-255,66,254704,44,297918
49417,0.052891,172.217.194.0-255,5738,260442,44,297918
49418,0.052897,172.31.46.0-255,66,260508,44,297918
49419,0.054902,172.217.194.0-255,5738,266246,44,297918
49420,0.054908,172.31.46.0-255,66,266312,44,297918
49421,0.056932,172.217.194.0-255,5738,272050,44,297918
49422,0.056939,172.31.46.0-255,66,272116,44,297918
49423,0.058971,172.217.194.0-255,5738,277854,44,297918
49424,0.05898,172.31.46.0-255,66,277920,44,297918
49425,0.061022,172.217.194.0-255,5738,283658,44,297918
49426,0.061029,172.31.46.0-255,66,283724,44,297918
49427,0.063067,172.217.194.0-255,5738,289462,44,297918
49428,0.063074,172.31.46.0-255,66,289528,44,297918
49429,0.065109,172.217.194.0-255,5738,295266,44,297918
49430,0.065115,172.31.46.0-255,66,295332,44,297918
49431,0.067113,172.217.194.0-255,2349,297681,44,297918
49432,0.06712,172.31.46.0-255,66,297747,44,297918
49433,0.067286,172.31.46.0-255,105,297852,44,297918
49434,0.073138,172.217.194.0-255,66,297918,44,297918
49435,0.0,74.125.24.0-255,152,152,44,279643
49436,2.4e-05,172.31.46.0-255,66,218,44,279643
49437,3.1e-05,74.125.24.0-255,1484,1702,44,279643
49438,3.6e-05,172.31.46.0-255,66,1768,44,279643
49439,4.1e-05,74.125.24.0-255,2902,4670,44,279643
49440,4.5e-05,172.31.46.0-255,66,4736,44,279643
49441,6e-05,74.125.24.0-255,7156,11892,44,279643
49442,6.3e-05,172.31.46.0-255,66,11958,44,279643
49443,6.6e-05,74.125.24.0-255,1484,13442,44,279643
49444,6.9e-05,172.31.46.0-255,66,13508,44,279643
49445,0.000122,172.31.46.0-255,66,13574,44,279643
49446,0.000126,74.125.24.0-255,2543,16117,44,279643
49447,0.000129,172.31.46.0-255,66,16183,44,279643
49448,0.000185,74.125.24.0-255,2902,19085,44,279643
49449,0.000188,172.31.46.0-255,66,19151,44,279643
49450,0.000195,74.125.24.0-255,7156,26307,44,279643
49451,0.000197,172.31.46.0-255,66,26373,44,279643
49452,0.000209,74.125.24.0-255,6797,33170,44,279643
49453,0.000211,172.31.46.0-255,66,33236,44,279643
49454,0.00022,74.125.24.0-255,7156,40392,44,279643
49455,0.000222,172.31.46.0-255,66,40458,44,279643
49456,0.000258,172.31.46.0-255,66,40524,44,279643
49457,0.000261,74.125.24.0-255,1393,41917,44,279643
49458,0.000263,172.31.46.0-255,66,41983,44,279643
49459,0.000306,74.125.24.0-255,387,42370,44,279643
49460,0.000308,172.31.46.0-255,66,42436,44,279643
49461,0.000434,74.125.24.0-255,1484,43920,44,279643
49462,0.000438,172.31.46.0-255,66,43986,44,279643
49463,0.000443,74.125.24.0-255,2902,46888,44,279643
49464,0.000445,172.31.46.0-255,66,46954,44,279643
49465,0.000457,74.125.24.0-255,5738,52692,44,279643
49466,0.00046,172.31.46.0-255,66,52758,44,279643
49467,0.000494,74.125.24.0-255,6248,59006,44,279643
49468,0.000496,172.31.46.0-255,66,59072,44,279643
49469,0.000605,74.125.24.0-255,1484,60556,44,279643
49470,0.000625,74.125.24.0-255,2902,63458,44,279643
49471,0.000628,172.31.46.0-255,66,63524,44,279643
49472,0.000635,74.125.24.0-255,5738,69262,44,279643
49473,0.000637,172.31.46.0-255,66,69328,44,279643
49474,0.000641,74.125.24.0-255,2902,72230,44,279643
49475,0.000644,172.31.46.0-255,66,72296,44,279643
49476,0.000677,74.125.24.0-255,3961,76257,44,279643
49477,0.00068,172.31.46.0-255,66,76323,44,279643
49478,0.000924,74.125.24.0-255,1484,77807,44,279643
49479,0.00093,74.125.24.0-255,2902,80709,44,279643
49480,0.000934,172.31.46.0-255,66,80775,44,279643
49481,0.000969,74.125.24.0-255,5738,86513,44,279643
49482,0.000972,172.31.46.0-255,66,86579,44,279643
49483,0.00099,172.31.46.0-255,66,86645,44,279643
49484,0.001031,74.125.24.0-255,1484,88129,44,279643
49485,0.001046,172.31.46.0-255,66,88195,44,279643
49486,0.001173,74.125.24.0-255,1484,89679,44,279643
49487,0.001179,74.125.24.0-255,2902,92581,44,279643
49488,0.001182,172.31.46.0-255,66,92647,44,279643
49489,0.001187,74.125.24.0-255,2902,95549,44,279643
49490,0.001189,172.31.46.0-255,66,95615,44,279643
49491,0.001225,74.125.24.0-255,2902,98517,44,279643
49492,0.001227,172.31.46.0-255,66,98583,44,279643
49493,0.001239,74.125.24.0-255,7156,105739,44,279643
49494,0.001241,172.31.46.0-255,66,105805,44,279643
49495,0.001256,172.31.46.0-255,66,105871,44,279643
49496,0.001261,74.125.24.0-255,2184,108055,44,279643
49497,0.001263,172.31.46.0-255,66,108121,44,279643
49498,0.001544,74.125.24.0-255,1484,109605,44,279643
49499,0.001549,74.125.24.0-255,1484,111089,44,279643
49500,0.001553,172.31.46.0-255,66,111155,44,279643
49501,0.00158,74.125.24.0-255,1484,112639,44,279643
49502,0.001587,74.125.24.0-255,5738,118377,44,279643
49503,0.00159,172.31.46.0-255,66,118443,44,279643
49504,0.001601,172.31.46.0-255,66,118509,44,279643
49505,0.001623,74.125.24.0-255,2902,121411,44,279643
49506,0.001629,172.31.46.0-255,66,121477,44,279643
49507,0.001634,74.125.24.0-255,4320,125797,44,279643
49508,0.001636,172.31.46.0-255,66,125863,44,279643
49509,0.001668,74.125.24.0-255,6438,132301,44,279643
49510,0.001671,172.31.46.0-255,66,132367,44,279643
49511,0.001857,74.125.24.0-255,1484,133851,44,279643
49512,0.001863,74.125.24.0-255,2902,136753,44,279643
49513,0.001866,172.31.46.0-255,66,136819,44,279643
49514,0.001897,74.125.24.0-255,5738,142557,44,279643
49515,0.0019,172.31.46.0-255,66,142623,44,279643
49516,0.001913,172.31.46.0-255,66,142689,44,279643
49517,0.00193,172.31.46.0-255,66,142755,44,279643
49518,0.002022,172.31.46.0-255,66,142821,44,279643
49519,0.002033,172.31.46.0-255,66,142887,44,279643
49520,0.004072,74.125.24.0-255,5738,148625,44,279643
49521,0.004083,172.31.46.0-255,66,148691,44,279643
49522,0.006148,74.125.24.0-255,5738,154429,44,279643
49523,0.006152,172.31.46.0-255,66,154495,44,279643
49524,0.008213,74.125.24.0-255,5738,160233,44,279643
49525,0.008219,172.31.46.0-255,66,160299,44,279643
49526,0.010265,74.125.24.0-255,5738,166037,44,279643
49527,0.010273,172.31.46.0-255,66,166103,44,279643
49528,0.012322,74.125.24.0-255,5738,171841,44,279643
49529,0.012332,172.31.46.0-255,66,171907,44,279643
49530,0.014382,74.125.24.0-255,5738,177645,44,279643
49531,0.014391,172.31.46.0-255,66,177711,44,279643
49532,0.016509,74.125.24.0-255,5738,183449,44,279643
49533,0.016517,172.31.46.0-255,66,183515,44,279643
49534,0.018563,74.125.24.0-255,5738,189253,44,279643
49535,0.01857,172.31.46.0-255,66,189319,44,279643
49536,0.020618,74.125.24.0-255,5738,195057,44,279643
49537,0.020624,172.31.46.0-255,66,195123,44,279643
49538,0.022699,74.125.24.0-255,5738,200861,44,279643
49539,0.022707,172.31.46.0-255,66,200927,44,279643
49540,0.024765,74.125.24.0-255,5738,206665,44,279643
49541,0.024773,172.31.46.0-255,66,206731,44,279643
49542,0.026824,74.125.24.0-255,5738,212469,44,279643
49543,0.026831,172.31.46.0-255,66,212535,44,279643
49544,0.028885,74.125.24.0-255,5738,218273,44,279643
49545,0.028894,172.31.46.0-255,66,218339,44,279643
49546,0.030969,74.125.24.0-255,5738,224077,44,279643
49547,0.030977,172.31.46.0-255,66,224143,44,279643
49548,0.033034,74.125.24.0-255,5738,229881,44,279643
49549,0.033045,172.31.46.0-255,66,229947,44,279643
49550,0.035101,74.125.24.0-255,5738,235685,44,279643
49551,0.035109,172.31.46.0-255,66,235751,44,279643
49552,0.037167,74.125.24.0-255,5738,241489,44,279643
49553,0.037175,172.31.46.0-255,66,241555,44,279643
49554,0.03924,74.125.24.0-255,5738,247293,44,279643
49555,0.039252,172.31.46.0-255,66,247359,44,279643
49556,0.041332,74.125.24.0-255,5738,253097,44,279643
49557,0.041346,172.31.46.0-255,66,253163,44,279643
49558,0.04339,74.125.24.0-255,5738,258901,44,279643
49559,0.043397,172.31.46.0-255,66,258967,44,279643
49560,0.045439,74.125.24.0-255,5738,264705,44,279643
49561,0.045447,172.31.46.0-255,66,264771,44,279643
49562,0.047493,74.125.24.0-255,5269,270040,44,279643
49563,0.047502,172.31.46.0-255,66,270106,44,279643
49564,0.04799,172.31.46.0-255,172,270278,44,279643
49565,0.04802,172.31.46.0-255,1114,271392,44,279643
49566,0.048101,172.31.46.0-255,105,271497,44,279643
49567,0.048136,172.31.46.0-255,1514,273011,44,279643
49568,0.048138,172.31.46.0-255,1514,274525,44,279643
49569,0.048144,172.31.46.0-255,1514,276039,44,279643
49570,0.048145,172.31.46.0-255,1514,277553,44,279643
49571,0.048161,172.31.46.0-255,1514,279067,44,279643
49572,0.048162,172.31.46.0-255,72,279139,44,279643
49573,0.049474,104.244.42.0-255,66,279205,44,279643
49574,0.049514,104.244.42.0-255,66,279271,44,279643
49575,0.049665,104.244.42.0-255,66,279337,44,279643
49576,0.049672,104.244.42.0-255,66,279403,44,279643
49577,0.050104,74.125.24.0-255,66,279469,44,279643
49578,0.050282,104.244.42.0-255,108,279577,44,279643
49579,0.05029,172.31.46.0-255,66,279643,44,279643
49580,0.0,74.125.24.0-255,147,147,44,268455
49581,1.4e-05,172.31.46.0-255,66,213,44,268455
49582,2e-05,74.125.24.0-255,1484,1697,44,268455
49583,2.4e-05,172.31.46.0-255,66,1763,44,268455
49584,3e-05,74.125.24.0-255,2902,4665,44,268455
49585,3.3e-05,172.31.46.0-255,66,4731,44,268455
49586,4.1e-05,74.125.24.0-255,7156,11887,44,268455
49587,4.5e-05,172.31.46.0-255,66,11953,44,268455
49588,8.3e-05,74.125.24.0-255,1976,13929,44,268455
49589,8.6e-05,172.31.46.0-255,66,13995,44,268455
49590,0.000102,74.125.24.0-255,2902,16897,44,268455
49591,0.000105,172.31.46.0-255,66,16963,44,268455
49592,0.00012,74.125.24.0-255,1484,18447,44,268455
49593,0.000123,172.31.46.0-255,66,18513,44,268455
49594,0.000138,74.125.24.0-255,5738,24251,44,268455
49595,0.000141,172.31.46.0-255,66,24317,44,268455
49596,0.000155,74.125.24.0-255,1484,25801,44,268455
49597,0.000157,172.31.46.0-255,66,25867,44,268455
49598,0.000182,172.31.46.0-255,66,25933,44,268455
49599,0.000192,172.31.46.0-255,66,25999,44,268455
49600,0.000238,172.31.46.0-255,66,26065,44,268455
49601,0.000249,172.31.46.0-255,66,26131,44,268455
49602,0.00027,74.125.24.0-255,2815,28946,44,268455
49603,0.000272,172.31.46.0-255,66,29012,44,268455
49604,0.000294,74.125.24.0-255,414,29426,44,268455
49605,0.000296,172.31.46.0-255,66,29492,44,268455
49606,0.000588,74.125.24.0-255,1484,30976,44,268455
49607,0.000594,172.31.46.0-255,66,31042,44,268455
49608,0.000599,74.125.24.0-255,2902,33944,44,268455
49609,0.000602,172.31.46.0-255,66,34010,44,268455
49610,0.000609,74.125.24.0-255,5738,39748,44,268455
49611,0.000612,172.31.46.0-255,66,39814,44,268455
49612,0.000655,172.31.46.0-255,66,39880,44,268455
49613,0.00066,74.125.24.0-255,2902,42782,44,268455
49614,0.000662,172.31.46.0-255,66,42848,44,268455
49615,0.00069,172.31.46.0-255,66,42914,44,268455
49616,0.001048,74.125.24.0-255,1484,44398,44,268455
49617,0.001056,74.125.24.0-255,2902,47300,44,268455
49618,0.001059,172.31.46.0-255,66,47366,44,268455
49619,0.001065,74.125.24.0-255,2902,50268,44,268455
49620,0.001067,172.31.46.0-255,66,50334,44,268455
49621,0.001085,74.125.24.0-255,2902,53236,44,268455
49622,0.001091,74.125.24.0-255,4320,57556,44,268455
49623,0.001093,74.125.24.0-255,1484,59040,44,268455
49624,0.001097,172.31.46.0-255,66,59106,44,268455
49625,0.001099,172.31.46.0-255,66,59172,44,268455
49626,0.001137,172.31.46.0-255,66,59238,44,268455
49627,0.001148,172.31.46.0-255,66,59304,44,268455
49628,0.001517,74.125.24.0-255,1484,60788,44,268455
49629,0.001521,74.125.24.0-255,1484,62272,44,268455
49630,0.001527,172.31.46.0-255,66,62338,44,268455
49631,0.001541,74.125.24.0-255,1484,63822,44,268455
49632,0.001548,74.125.24.0-255,5738,69560,44,268455
49633,0.001551,172.31.46.0-255,66,69626,44,268455
49634,0.001569,74.125.24.0-255,2902,72528,44,268455
49635,0.001572,172.31.46.0-255,66,72594,44,268455
49636,0.001608,74.125.24.0-255,2902,75496,44,268455
49637,0.001612,172.31.46.0-255,66,75562,44,268455
49638,0.001615,172.31.46.0-255,66,75628,44,268455
49639,0.001639,172.31.46.0-255,66,75694,44,268455
49640,0.001706,74.125.24.0-255,5738,81432,44,268455
49641,0.001709,172.31.46.0-255,66,81498,44,268455
49642,0.001721,74.125.24.0-255,1484,82982,44,268455
49643,0.001732,172.31.46.0-255,66,83048,44,268455
49644,0.001743,172.31.46.0-255,66,83114,44,268455
49645,0.001767,172.31.46.0-255,66,83180,44,268455
49646,0.00177,74.125.24.0-255,766,83946,44,268455
49647,0.001881,74.125.24.0-255,1484,85430,44,268455
49648,0.001885,172.31.46.0-255,66,85496,44,268455
49649,0.00189,74.125.24.0-255,2902,88398,44,268455
49650,0.001892,172.31.46.0-255,66,88464,44,268455
49651,0.001915,74.125.24.0-255,5738,94202,44,268455
49652,0.001918,172.31.46.0-255,66,94268,44,268455
49653,0.001931,172.31.46.0-255,66,94334,44,268455
49654,0.001953,74.125.24.0-255,4320,98654,44,268455
49655,0.00196,74.125.24.0-255,5738,104392,44,268455
49656,0.001963,172.31.46.0-255,66,104458,44,268455
49657,0.001967,172.31.46.0-255,66,104524,44,268455
49658,0.001986,74.125.24.0-255,5020,109544,44,268455
49659,0.001989,172.31.46.0-255,66,109610,44,268455
49660,0.001996,74.125.24.0-255,5738,115348,44,268455
49661,0.001998,172.31.46.0-255,66,115414,44,268455
49662,0.002023,74.125.24.0-255,5738,121152,44,268455
49663,0.002026,172.31.46.0-255,66,121218,44,268455
49664,0.00204,74.125.24.0-255,7156,128374,44,268455
49665,0.002042,172.31.46.0-255,66,128440,44,268455
49666,0.002062,74.125.24.0-255,7156,135596,44,268455
49667,0.002064,172.31.46.0-255,66,135662,44,268455
49668,0.002093,172.31.46.0-255,66,135728,44,268455
49669,0.004433,74.125.24.0-255,5738,141466,44,268455
49670,0.004445,172.31.46.0-255,66,141532,44,268455
49671,0.006797,74.125.24.0-255,5738,147270,44,268455
49672,0.006805,172.31.46.0-255,66,147336,44,268455
49673,0.009189,74.125.24.0-255,5738,153074,44,268455
49674,0.009198,172.31.46.0-255,66,153140,44,268455
49675,0.01154,74.125.24.0-255,5738,158878,44,268455
49676,0.011548,172.31.46.0-255,66,158944,44,268455
49677,0.013903,74.125.24.0-255,5738,164682,44,268455
49678,0.013911,172.31.46.0-255,66,164748,44,268455
49679,0.016303,74.125.24.0-255,5738,170486,44,268455
49680,0.016311,172.31.46.0-255,66,170552,44,268455
49681,0.018691,74.125.24.0-255,5738,176290,44,268455
49682,0.018701,172.31.46.0-255,66,176356,44,268455
49683,0.02105,74.125.24.0-255,5738,182094,44,268455
49684,0.021059,172.31.46.0-255,66,182160,44,268455
49685,0.023442,74.125.24.0-255,5738,187898,44,268455
49686,0.023449,172.31.46.0-255,66,187964,44,268455
49687,0.025791,74.125.24.0-255,5738,193702,44,268455
49688,0.025798,172.31.46.0-255,66,193768,44,268455
49689,0.02818,74.125.24.0-255,5738,199506,44,268455
49690,0.028189,172.31.46.0-255,66,199572,44,268455
49691,0.030562,74.125.24.0-255,2902,202474,44,268455
49692,0.030571,172.31.46.0-255,66,202540,44,268455
49693,0.030592,74.125.24.0-255,2902,205442,44,268455
49694,0.030594,172.31.46.0-255,66,205508,44,268455
49695,0.033192,74.125.24.0-255,4320,209828,44,268455
49696,0.033199,172.31.46.0-255,66,209894,44,268455
49697,0.03322,74.125.24.0-255,1484,211378,44,268455
49698,0.035571,74.125.24.0-255,4320,215698,44,268455
49699,0.035579,172.31.46.0-255,66,215764,44,268455
49700,0.037985,74.125.24.0-255,5738,221502,44,268455
49701,0.037994,172.31.46.0-255,66,221568,44,268455
49702,0.039523,172.31.46.0-255,172,221740,44,268455
49703,0.039552,172.31.46.0-255,1109,222849,44,268455
49704,0.039623,172.31.46.0-255,1514,224363,44,268455
49705,0.039625,172.31.46.0-255,1514,225877,44,268455
49706,0.03963,172.31.46.0-255,1514,227391,44,268455
49707,0.039631,172.31.46.0-255,1514,228905,44,268455
49708,0.03965,172.31.46.0-255,1514,230419,44,268455
49709,0.039651,172.31.46.0-255,75,230494,44,268455
49710,0.040401,74.125.24.0-255,5738,236232,44,268455
49711,0.040408,172.31.46.0-255,66,236298,44,268455
49712,0.04106,104.244.42.0-255,66,236364,44,268455
49713,0.041103,104.244.42.0-255,66,236430,44,268455
49714,0.041195,104.244.42.0-255,66,236496,44,268455
49715,0.041201,104.244.42.0-255,66,236562,44,268455
49716,0.042803,74.125.24.0-255,5738,242300,44,268455
49717,0.042812,172.31.46.0-255,66,242366,44,268455
49718,0.045215,74.125.24.0-255,5738,248104,44,268455
49719,0.045223,172.31.46.0-255,66,248170,44,268455
49720,0.04758,74.125.24.0-255,5738,253908,44,268455
49721,0.047588,172.31.46.0-255,66,253974,44,268455
49722,0.049964,74.125.24.0-255,5738,259712,44,268455
49723,0.049971,172.31.46.0-255,66,259778,44,268455
49724,0.052309,74.125.24.0-255,5738,265516,44,268455
49725,0.052316,172.31.46.0-255,66,265582,44,268455
49726,0.054645,74.125.24.0-255,2636,268218,44,268455
49727,0.054652,172.31.46.0-255,66,268284,44,268455
49728,0.054831,172.31.46.0-255,105,268389,44,268455
49729,0.057207,74.125.24.0-255,66,268455,44,268455
49730,0.0,74.125.24.0-255,150,150,44,308282
49731,2.2e-05,172.31.46.0-255,66,216,44,308282
49732,3e-05,74.125.24.0-255,1484,1700,44,308282
49733,3.5e-05,172.31.46.0-255,66,1766,44,308282
49734,4e-05,74.125.24.0-255,2902,4668,44,308282
49735,5e-05,172.31.46.0-255,66,4734,44,308282
49736,5.5e-05,74.125.24.0-255,4320,9054,44,308282
49737,5.8e-05,172.31.46.0-255,66,9120,44,308282
49738,6.3e-05,74.125.24.0-255,2902,12022,44,308282
49739,6.6e-05,172.31.46.0-255,66,12088,44,308282
49740,9e-05,74.125.24.0-255,2047,14135,44,308282
49741,9.7e-05,172.31.46.0-255,66,14201,44,308282
49742,0.000104,74.125.24.0-255,5738,19939,44,308282
49743,0.000106,172.31.46.0-255,66,20005,44,308282
49744,0.000175,172.31.46.0-255,66,20071,44,308282
49745,0.000316,74.125.24.0-255,1484,21555,44,308282
49746,0.00032,172.31.46.0-255,66,21621,44,308282
49747,0.000325,74.125.24.0-255,1484,23105,44,308282
49748,0.000327,172.31.46.0-255,66,23171,44,308282
49749,0.000348,74.125.24.0-255,1484,24655,44,308282
49750,0.000351,172.31.46.0-255,66,24721,44,308282
49751,0.000363,74.125.24.0-255,5738,30459,44,308282
49752,0.000365,172.31.46.0-255,66,30525,44,308282
49753,0.000427,172.31.46.0-255,66,30591,44,308282
49754,0.000439,172.31.46.0-255,66,30657,44,308282
49755,0.000644,74.125.24.0-255,397,31054,44,308282
49756,0.000649,172.31.46.0-255,66,31120,44,308282
49757,0.000678,74.125.24.0-255,110,31230,44,308282
49758,0.000681,172.31.46.0-255,66,31296,44,308282
49759,0.000888,74.125.24.0-255,333,31629,44,308282
49760,0.00111,172.31.46.0-255,66,31695,44,308282
49761,0.001222,74.125.24.0-255,1484,33179,44,308282
49762,0.001241,74.125.24.0-255,2902,36081,44,308282
49763,0.001244,172.31.46.0-255,66,36147,44,308282
49764,0.001249,74.125.24.0-255,1484,37631,44,308282
49765,0.001253,74.125.24.0-255,2902,40533,44,308282
49766,0.001255,172.31.46.0-255,66,40599,44,308282
49767,0.001279,74.125.24.0-255,2902,43501,44,308282
49768,0.001281,172.31.46.0-255,66,43567,44,308282
49769,0.0013,172.31.46.0-255,66,43633,44,308282
49770,0.001313,172.31.46.0-255,66,43699,44,308282
49771,0.003297,74.125.24.0-255,5738,49437,44,308282
49772,0.003308,172.31.46.0-255,66,49503,44,308282
49773,0.005268,74.125.24.0-255,5738,55241,44,308282
49774,0.005273,172.31.46.0-255,66,55307,44,308282
49775,0.007255,74.125.24.0-255,5738,61045,44,308282
49776,0.007262,172.31.46.0-255,66,61111,44,308282
49777,0.009244,74.125.24.0-255,5738,66849,44,308282
49778,0.009254,172.31.46.0-255,66,66915,44,308282
49779,0.011241,74.125.24.0-255,5738,72653,44,308282
49780,0.011253,172.31.46.0-255,66,72719,44,308282
49781,0.013238,74.125.24.0-255,5738,78457,44,308282
49782,0.013249,172.31.46.0-255,66,78523,44,308282
49783,0.015241,74.125.24.0-255,5738,84261,44,308282
49784,0.015259,172.31.46.0-255,66,84327,44,308282
49785,0.017253,74.125.24.0-255,5738,90065,44,308282
49786,0.017265,172.31.46.0-255,66,90131,44,308282
49787,0.019248,74.125.24.0-255,5738,95869,44,308282
49788,0.019261,172.31.46.0-255,66,95935,44,308282
49789,0.021247,74.125.24.0-255,5738,101673,44,308282
49790,0.021261,172.31.46.0-255,66,101739,44,308282
49791,0.023275,74.125.24.0-255,5738,107477,44,308282
49792,0.023294,172.31.46.0-255,66,107543,44,308282
49793,0.025276,74.125.24.0-255,5738,113281,44,308282
49794,0.025286,172.31.46.0-255,66,113347,44,308282
49795,0.027292,74.125.24.0-255,5738,119085,44,308282
49796,0.027305,172.31.46.0-255,66,119151,44,308282
49797,0.029292,74.125.24.0-255,5738,124889,44,308282
49798,0.029304,172.31.46.0-255,66,124955,44,308282
49799,0.031302,74.125.24.0-255,5738,130693,44,308282
49800,0.031315,172.31.46.0-255,66,130759,44,308282
49801,0.033276,74.125.24.0-255,5738,136497,44,308282
49802,0.033285,172.31.46.0-255,66,136563,44,308282
49803,0.035256,74.125.24.0-255,5738,142301,44,308282
49804,0.035267,172.31.46.0-255,66,142367,44,308282
49805,0.037291,74.125.24.0-255,5738,148105,44,308282
49806,0.037305,172.31.46.0-255,66,148171,44,308282
49807,0.039309,74.125.24.0-255,5738,153909,44,308282
49808,0.039324,172.31.46.0-255,66,153975,44,308282
49809,0.041324,74.125.24.0-255,5738,159713,44,308282
49810,0.041335,172.31.46.0-255,66,159779,44,308282
49811,0.042394,172.31.46.0-255,188,159967,44,308282
49812,0.042431,172.31.46.0-255,955,160922,44,308282
49813,0.042508,172.31.46.0-255,1514,162436,44,308282
49814,0.04251,172.31.46.0-255,1514,163950,44,308282
49815,0.042515,172.31.46.0-255,1514,165464,44,308282
49816,0.042516,172.31.46.0-255,1514,166978,44,308282
49817,0.042535,172.31.46.0-255,1514,168492,44,308282
49818,0.042537,172.31.46.0-255,230,168722,44,308282
49819,0.04331,74.125.24.0-255,5738,174460,44,308282
49820,0.043319,172.31.46.0-255,66,174526,44,308282
49821,0.043921,104.244.42.0-255,66,174592,44,308282
49822,0.043953,104.244.42.0-255,66,174658,44,308282
49823,0.044074,104.244.42.0-255,66,174724,44,308282
49824,0.044081,104.244.42.0-255,66,174790,44,308282
49825,0.045306,74.125.24.0-255,5738,180528,44,308282
49826,0.045318,172.31.46.0-255,66,180594,44,308282
49827,0.047312,74.125.24.0-255,5738,186332,44,308282
49828,0.04732,172.31.46.0-255,66,186398,44,308282
49829,0.049285,74.125.24.0-255,5738,192136,44,308282
49830,0.049296,172.31.46.0-255,66,192202,44,308282
49831,0.051305,74.125.24.0-255,5738,197940,44,308282
49832,0.051312,172.31.46.0-255,66,198006,44,308282
49833,0.053301,74.125.24.0-255,5738,203744,44,308282
49834,0.053311,172.31.46.0-255,66,203810,44,308282
49835,0.055318,74.125.24.0-255,5738,209548,44,308282
49836,0.055326,172.31.46.0-255,66,209614,44,308282
49837,0.057349,74.125.24.0-255,5738,215352,44,308282
49838,0.057362,172.31.46.0-255,66,215418,44,308282
49839,0.059362,74.125.24.0-255,5738,221156,44,308282
49840,0.059372,172.31.46.0-255,66,221222,44,308282
49841,0.061354,74.125.24.0-255,5738,226960,44,308282
49842,0.061363,172.31.46.0-255,66,227026,44,308282
49843,0.063345,74.125.24.0-255,5738,232764,44,308282
49844,0.063354,172.31.46.0-255,66,232830,44,308282
49845,0.065359,74.125.24.0-255,5738,238568,44,308282
49846,0.065368,172.31.46.0-255,66,238634,44,308282
49847,0.067361,74.125.24.0-255,5738,244372,44,308282
49848,0.067368,172.31.46.0-255,66,244438,44,308282
49849,0.069335,74.125.24.0-255,5738,250176,44,308282
49850,0.069342,172.31.46.0-255,66,250242,44,308282
49851,0.071342,74.125.24.0-255,5738,255980,44,308282
49852,0.071349,172.31.46.0-255,66,256046,44,308282
49853,0.073327,74.125.24.0-255,5738,261784,44,308282
49854,0.073334,172.31.46.0-255,66,261850,44,308282
49855,0.07531,74.125.24.0-255,5738,267588,44,308282
49856,0.075325,172.31.46.0-255,66,267654,44,308282
49857,0.077327,74.125.24.0-255,5738,273392,44,308282
49858,0.077336,172.31.46.0-255,66,273458,44,308282
49859,0.079308,74.125.24.0-255,5738,279196,44,308282
49860,0.079318,172.31.46.0-255,66,279262,44,308282
49861,0.081314,74.125.24.0-255,5738,285000,44,308282
49862,0.081325,172.31.46.0-255,66,285066,44,308282
49863,0.083325,74.125.24.0-255,5738,290804,44,308282
49864,0.08334,172.31.46.0-255,66,290870,44,308282
49865,0.085337,74.125.24.0-255,5738,296608,44,308282
49866,0.085348,172.31.46.0-255,66,296674,44,308282
49867,0.087344,74.125.24.0-255,5738,302412,44,308282
49868,0.087354,172.31.46.0-255,66,302478,44,308282
49869,0.089323,74.125.24.0-255,5738,308216,44,308282
49870,0.089334,172.31.46.0-255,66,308282,44,308282
49871,0.0,172.217.194.0-255,153,153,44,220481
49872,1.6e-05,172.31.46.0-255,66,219,44,220481
49873,2.2e-05,172.217.194.0-255,1484,1703,44,220481
49874,2.6e-05,172.31.46.0-255,66,1769,44,220481
49875,3.1e-05,172.217.194.0-255,2902,4671,44,220481
49876,3.4e-05,172.31.46.0-255,66,4737,44,220481
49877,4e-05,172.217.194.0-255,5738,10475,44,220481
49878,4.2e-05,172.31.46.0-255,66,10541,44,220481
49879,5.9e-05,172.217.194.0-255,3473,14014,44,220481
49880,6.2e-05,172.31.46.0-255,66,14080,44,220481
49881,0.000163,172.217.194.0-255,1484,15564,44,220481
49882,0.000167,172.31.46.0-255,66,15630,44,220481
49883,0.000172,172.217.194.0-255,2902,18532,44,220481
49884,0.000174,172.31.46.0-255,66,18598,44,220481
49885,0.00019,172.217.194.0-255,5738,24336,44,220481
49886,0.000192,172.31.46.0-255,66,24402,44,220481
49887,0.000218,172.217.194.0-255,5738,30140,44,220481
49888,0.00022,172.31.46.0-255,66,30206,44,220481
49889,0.000244,172.217.194.0-255,3961,34167,44,220481
49890,0.000246,172.31.46.0-255,66,34233,44,220481
49891,0.000257,172.31.46.0-255,66,34299,44,220481
49892,0.000273,172.217.194.0-255,7156,41455,44,220481
49893,0.000275,172.31.46.0-255,66,41521,44,220481
49894,0.000301,172.31.46.0-255,66,41587,44,220481
49895,0.000303,172.217.194.0-255,366,41953,44,220481
49896,0.000305,172.31.46.0-255,66,42019,44,220481
49897,0.000434,172.217.194.0-255,1484,43503,44,220481
49898,0.000438,172.31.46.0-255,66,43569,44,220481
49899,0.000443,172.217.194.0-255,2902,46471,44,220481
49900,0.000445,172.31.46.0-255,66,46537,44,220481
49901,0.000461,172.217.194.0-255,5738,52275,44,220481
49902,0.000464,172.31.46.0-255,66,52341,44,220481
49903,0.000468,172.217.194.0-255,2902,55243,44,220481
49904,0.00047,172.31.46.0-255,66,55309,44,220481
49905,0.000491,172.217.194.0-255,2902,58211,44,220481
49906,0.000494,172.31.46.0-255,66,58277,44,220481
49907,0.000505,172.31.46.0-255,66,58343,44,220481
49908,0.00053,172.217.194.0-255,1484,59827,44,220481
49909,0.000538,172.217.194.0-255,5020,64847,44,220481
49910,0.00054,172.31.46.0-255,66,64913,44,220481
49911,0.000802,172.217.194.0-255,1484,66397,44,220481
49912,0.000808,172.217.194.0-255,2902,69299,44,220481
49913,0.000811,172.31.46.0-255,66,69365,44,220481
49914,0.000815,172.217.194.0-255,2902,72267,44,220481
49915,0.000817,172.31.46.0-255,66,72333,44,220481
49916,0.000834,172.217.194.0-255,2902,75235,44,220481
49917,0.000836,172.31.46.0-255,66,75301,44,220481
49918,0.000846,172.31.46.0-255,66,75367,44,220481
49919,0.000883,172.217.194.0-255,2902,78269,44,220481
49920,0.000885,172.31.46.0-255,66,78335,44,220481
49921,0.000919,172.31.46.0-255,66,78401,44,220481
49922,0.001079,172.217.194.0-255,1484,79885,44,220481
49923,0.001096,172.217.194.0-255,2902,82787,44,220481
49924,0.001099,172.31.46.0-255,66,82853,44,220481
49925,0.001103,172.217.194.0-255,2902,85755,44,220481
49926,0.001105,172.31.46.0-255,66,85821,44,220481
49927,0.001123,172.217.194.0-255,2902,88723,44,220481
49928,0.001125,172.31.46.0-255,66,88789,44,220481
49929,0.001161,172.31.46.0-255,66,88855,44,220481
49930,0.001185,172.217.194.0-255,2902,91757,44,220481
49931,0.001187,172.31.46.0-255,66,91823,44,220481
49932,0.001196,172.31.46.0-255,66,91889,44,220481
49933,0.001199,172.217.194.0-255,2184,94073,44,220481
49934,0.001201,172.31.46.0-255,66,94139,44,220481
49935,0.001286,172.217.194.0-255,1484,95623,44,220481
49936,0.001305,172.217.194.0-255,2902,98525,44,220481
49937,0.001307,172.31.46.0-255,66,98591,44,220481
49938,0.001312,172.217.194.0-255,2902,101493,44,220481
49939,0.001313,172.31.46.0-255,66,101559,44,220481
49940,0.00133,172.217.194.0-255,2902,104461,44,220481
49941,0.001332,172.31.46.0-255,66,104527,44,220481
49942,0.001338,172.217.194.0-255,5738,110265,44,220481
49943,0.00134,172.31.46.0-255,66,110331,44,220481
49944,0.001365,172.217.194.0-255,7156,117487,44,220481
49945,0.001368,172.31.46.0-255,66,117553,44,220481
49946,0.001377,172.31.46.0-255,66,117619,44,220481
49947,0.0014,172.217.194.0-255,2184,119803,44,220481
49948,0.001402,172.31.46.0-255,66,119869,44,220481
49949,0.001644,172.217.194.0-255,1484,121353,44,220481
49950,0.001656,172.217.194.0-255,2902,124255,44,220481
49951,0.001659,172.31.46.0-255,66,124321,44,220481
49952,0.001663,172.217.194.0-255,1484,125805,44,220481
49953,0.001679,172.217.194.0-255,4320,130125,44,220481
49954,0.001682,172.31.46.0-255,66,130191,44,220481
49955,0.001709,172.217.194.0-255,5738,135929,44,220481
49956,0.001711,172.31.46.0-255,66,135995,44,220481
49957,0.001735,172.217.194.0-255,7156,143151,44,220481
49958,0.001737,172.31.46.0-255,66,143217,44,220481
49959,0.001757,172.217.194.0-255,1484,144701,44,220481
49960,0.001779,172.31.46.0-255,66,144767,44,220481
49961,0.001844,172.217.194.0-255,1484,146251,44,220481
49962,0.001848,172.217.194.0-255,2902,149153,44,220481
49963,0.001851,172.31.46.0-255,66,149219,44,220481
49964,0.001854,172.217.194.0-255,1484,150703,44,220481
49965,0.00187,172.217.194.0-255,4320,155023,44,220481
49966,0.001872,172.31.46.0-255,66,155089,44,220481
49967,0.001886,172.217.194.0-255,1484,156573,44,220481
49968,0.001911,172.31.46.0-255,66,156639,44,220481
49969,0.001917,172.217.194.0-255,5738,162377,44,220481
49970,0.001918,172.31.46.0-255,66,162443,44,220481
49971,0.001954,172.217.194.0-255,4320,166763,44,220481
49972,0.001957,172.31.46.0-255,66,166829,44,220481
49973,0.001972,172.217.194.0-255,766,167595,44,220481
49974,0.002009,172.217.194.0-255,1484,169079,44,220481
49975,0.002012,172.31.46.0-255,66,169145,44,220481
49976,0.002015,172.217.194.0-255,1484,170629,44,220481
49977,0.002034,172.217.194.0-255,1484,172113,44,220481
49978,0.00204,172.217.194.0-255,5738,177851,44,220481
49979,0.002044,172.31.46.0-255,66,177917,44,220481
49980,0.002046,172.31.46.0-255,66,177983,44,220481
49981,0.002074,172.31.46.0-255,66,178049,44,220481
49982,0.002101,172.217.194.0-255,4320,182369,44,220481
49983,0.002103,172.31.46.0-255,66,182435,44,220481
49984,0.002108,172.217.194.0-255,4320,186755,44,220481
49985,0.00211,172.31.46.0-255,66,186821,44,220481
49986,0.002123,172.217.194.0-255,2902,189723,44,220481
49987,0.002126,172.31.46.0-255,66,189789,44,220481
49988,0.002161,172.31.46.0-255,66,189855,44,220481
49989,0.002168,172.217.194.0-255,7156,197011,44,220481
49990,0.00217,172.31.46.0-255,66,197077,44,220481
49991,0.002192,172.31.46.0-255,66,197143,44,220481
49992,0.00221,172.217.194.0-255,1484,198627,44,220481
49993,0.00225,172.31.46.0-255,66,198693,44,220481
49994,0.002282,172.31.46.0-255,66,198759,44,220481
49995,0.002301,172.217.194.0-255,2184,200943,44,220481
49996,0.002303,172.31.46.0-255,66,201009,44,220481
49997,0.002318,172.31.46.0-255,66,201075,44,220481
49998,0.002344,172.31.46.0-255,66,201141,44,220481
49999,0.002346,172.217.194.0-255,766,201907,44,220481
50000,0.002351,172.217.194.0-255,4320,206227,44,220481
50001,0.002353,172.31.46.0-255,66,206293,44,220481
50002,0.002373,172.217.194.0-255,4489,210782,44,220481
50003,0.002375,172.31.46.0-255,66,210848,44,220481
50004,0.002864,172.31.46.0-255,101,210949,44,220481
50005,0.004713,172.217.194.0-255,105,211054,44,220481
50006,0.005204,172.217.194.0-255,66,211120,44,220481
50007,0.00981,172.31.46.0-255,105,211225,44,220481
50008,0.01217,172.217.194.0-255,66,211291,44,220481
50009,0.039026,172.31.46.0-255,172,211463,44,220481
50010,0.03906,172.31.46.0-255,1114,212577,44,220481
50011,0.039132,172.31.46.0-255,1514,214091,44,220481
50012,0.039134,172.31.46.0-255,1514,215605,44,220481
50013,0.039136,172.31.46.0-255,1514,217119,44,220481
50014,0.039137,172.31.46.0-255,1514,218633,44,220481
50015,0.039138,172.31.46.0-255,1514,220147,44,220481
50016,0.039168,172.31.46.0-255,70,220217,44,220481
50017,0.040573,104.244.42.0-255,66,220283,44,220481
50018,0.040599,104.244.42.0-255,66,220349,44,220481
50019,0.040658,104.244.42.0-255,66,220415,44,220481
50020,0.040721,104.244.42.0-255,66,220481,44,220481
50021,0.0,74.125.68.0-255,148,148,44,377854
50022,1.5e-05,172.31.46.0-255,66,214,44,377854
50023,2.2e-05,74.125.68.0-255,1484,1698,44,377854
50024,2.6e-05,172.31.46.0-255,66,1764,44,377854
50025,3.2e-05,74.125.68.0-255,2902,4666,44,377854
50026,3.4e-05,172.31.46.0-255,66,4732,44,377854
50027,6.3e-05,74.125.68.0-255,2902,7634,44,377854
50028,7.1e-05,172.31.46.0-255,66,7700,44,377854
50029,0.000103,74.125.68.0-255,1484,9184,44,377854
50030,0.000106,172.31.46.0-255,66,9250,44,377854
50031,0.000113,74.125.68.0-255,4736,13986,44,377854
50032,0.000115,172.31.46.0-255,66,14052,44,377854
50033,0.000139,74.125.68.0-255,1484,15536,44,377854
50034,0.000141,172.31.46.0-255,66,15602,44,377854
50035,0.000144,74.125.68.0-255,1484,17086,44,377854
50036,0.000146,172.31.46.0-255,66,17152,44,377854
50037,0.000166,74.125.68.0-255,1484,18636,44,377854
50038,0.000172,172.31.46.0-255,66,18702,44,377854
50039,0.000196,74.125.68.0-255,1484,20186,44,377854
50040,0.000199,172.31.46.0-255,66,20252,44,377854
50041,0.000204,74.125.68.0-255,2902,23154,44,377854
50042,0.000206,172.31.46.0-255,66,23220,44,377854
50043,0.000228,74.125.68.0-255,4320,27540,44,377854
50044,0.00023,172.31.46.0-255,66,27606,44,377854
50045,0.000268,74.125.68.0-255,3961,31567,44,377854
50046,0.000271,172.31.46.0-255,66,31633,44,377854
50047,0.000427,74.125.68.0-255,1484,33117,44,377854
50048,0.000432,172.31.46.0-255,66,33183,44,377854
50049,0.000438,74.125.68.0-255,2902,36085,44,377854
50050,0.00044,172.31.46.0-255,66,36151,44,377854
50051,0.000496,74.125.68.0-255,5738,41889,44,377854
50052,0.0005,172.31.46.0-255,66,41955,44,377854
50053,0.000527,74.125.68.0-255,6797,48752,44,377854
50054,0.00053,172.31.46.0-255,66,48818,44,377854
50055,0.000532,74.125.68.0-255,1484,50302,44,377854
50056,0.000555,74.125.68.0-255,2902,53204,44,377854
50057,0.000557,172.31.46.0-255,66,53270,44,377854
50058,0.000561,74.125.68.0-255,1484,54754,44,377854
50059,0.000588,74.125.68.0-255,4320,59074,44,377854
50060,0.00059,172.31.46.0-255,66,59140,44,377854
50061,0.000595,74.125.68.0-255,2902,62042,44,377854
50062,0.000596,172.31.46.0-255,66,62108,44,377854
50063,0.00064,74.125.68.0-255,4541,66649,44,377854
50064,0.000643,172.31.46.0-255,66,66715,44,377854
50065,0.000867,74.125.68.0-255,1484,68199,44,377854
50066,0.000872,74.125.68.0-255,1484,69683,44,377854
50067,0.000882,172.31.46.0-255,66,69749,44,377854
50068,0.000888,74.125.68.0-255,2902,72651,44,377854
50069,0.00089,172.31.46.0-255,66,72717,44,377854
50070,0.000923,74.125.68.0-255,5738,78455,44,377854
50071,0.000925,172.31.46.0-255,66,78521,44,377854
50072,0.000929,74.125.68.0-255,1484,80005,44,377854
50073,0.000956,74.125.68.0-255,7156,87161,44,377854
50074,0.000959,172.31.46.0-255,66,87227,44,377854
50075,0.000967,74.125.68.0-255,7156,94383,44,377854
50076,0.000971,172.31.46.0-255,66,94449,44,377854
50077,0.001003,74.125.68.0-255,2902,97351,44,377854
50078,0.001006,172.31.46.0-255,66,97417,44,377854
50079,0.001012,74.125.68.0-255,3602,101019,44,377854
50080,0.001015,172.31.46.0-255,66,101085,44,377854
50081,0.001921,74.125.68.0-255,1484,102569,44,377854
50082,0.001932,74.125.68.0-255,2902,105471,44,377854
50083,0.001937,172.31.46.0-255,66,105537,44,377854
50084,0.001941,74.125.68.0-255,1484,107021,44,377854
50085,0.001945,74.125.68.0-255,2902,109923,44,377854
50086,0.001947,172.31.46.0-255,66,109989,44,377854
50087,0.001957,74.125.68.0-255,1484,111473,44,377854
50088,0.00198,74.125.68.0-255,2902,114375,44,377854
50089,0.001982,172.31.46.0-255,66,114441,44,377854
50090,0.003896,74.125.68.0-255,1484,115925,44,377854
50091,0.003921,74.125.68.0-255,1484,117409,44,377854
50092,0.003926,172.31.46.0-255,66,117475,44,377854
50093,0.003946,74.125.68.0-255,2902,120377,44,377854
50094,0.003948,172.31.46.0-255,66,120443,44,377854
50095,0.005879,74.125.68.0-255,5738,126181,44,377854
50096,0.005886,172.31.46.0-255,66,126247,44,377854
50097,0.007833,74.125.68.0-255,5738,131985,44,377854
50098,0.007839,172.31.46.0-255,66,132051,44,377854
50099,0.009797,74.125.68.0-255,5738,137789,44,377854
50100,0.009806,172.31.46.0-255,66,137855,44,377854
50101,0.011753,74.125.68.0-255,5738,143593,44,377854
50102,0.011761,172.31.46.0-255,66,143659,44,377854
50103,0.013719,74.125.68.0-255,5738,149397,44,377854
50104,0.013727,172.31.46.0-255,66,149463,44,377854
50105,0.01572,74.125.68.0-255,5738,155201,44,377854
50106,0.01573,172.31.46.0-255,66,155267,44,377854
50107,0.017685,74.125.68.0-255,5738,161005,44,377854
50108,0.017693,172.31.46.0-255,66,161071,44,377854
50109,0.019643,74.125.68.0-255,5738,166809,44,377854
50110,0.01965,172.31.46.0-255,66,166875,44,377854
50111,0.021593,74.125.68.0-255,4320,171195,44,377854
50112,0.021599,172.31.46.0-255,66,171261,44,377854
50113,0.021632,74.125.68.0-255,1484,172745,44,377854
50114,0.023554,74.125.68.0-255,4320,177065,44,377854
50115,0.023564,172.31.46.0-255,66,177131,44,377854
50116,0.025546,74.125.68.0-255,5738,182869,44,377854
50117,0.025554,172.31.46.0-255,66,182935,44,377854
50118,0.027495,74.125.68.0-255,5738,188673,44,377854
50119,0.027503,172.31.46.0-255,66,188739,44,377854
50120,0.029446,74.125.68.0-255,5738,194477,44,377854
50121,0.029454,172.31.46.0-255,66,194543,44,377854
50122,0.031403,74.125.68.0-255,5738,200281,44,377854
50123,0.031411,172.31.46.0-255,66,200347,44,377854
50124,0.033369,74.125.68.0-255,5738,206085,44,377854
50125,0.033375,172.31.46.0-255,66,206151,44,377854
50126,0.03532,74.125.68.0-255,5738,211889,44,377854
50127,0.035328,172.31.46.0-255,66,211955,44,377854
50128,0.035497,172.31.46.0-255,172,212127,44,377854
50129,0.035637,172.31.46.0-255,1109,213236,44,377854
50130,0.035711,172.31.46.0-255,1514,214750,44,377854
50131,0.035713,172.31.46.0-255,1514,216264,44,377854
50132,0.03572,172.31.46.0-255,1514,217778,44,377854
50133,0.035721,172.31.46.0-255,1514,219292,44,377854
50134,0.035739,172.31.46.0-255,1514,220806,44,377854
50135,0.03574,172.31.46.0-255,76,220882,44,377854
50136,0.037064,104.244.42.0-255,66,220948,44,377854
50137,0.037182,104.244.42.0-255,66,221014,44,377854
50138,0.037276,74.125.68.0-255,5738,226752,44,377854
50139,0.037283,172.31.46.0-255,66,226818,44,377854
50140,0.037311,104.244.42.0-255,66,226884,44,377854
50141,0.037317,104.244.42.0-255,66,226950,44,377854
50142,0.039262,74.125.68.0-255,5738,232688,44,377854
50143,0.039268,172.31.46.0-255,66,232754,44,377854
50144,0.041228,74.125.68.0-255,5738,238492,44,377854
50145,0.041234,172.31.46.0-255,66,238558,44,377854
50146,0.043207,74.125.68.0-255,5738,244296,44,377854
50147,0.043214,172.31.46.0-255,66,244362,44,377854
50148,0.045185,74.125.68.0-255,5738,250100,44,377854
50149,0.045192,172.31.46.0-255,66,250166,44,377854
50150,0.047144,74.125.68.0-255,5738,255904,44,377854
50151,0.04715,172.31.46.0-255,66,255970,44,377854
50152,0.049109,74.125.68.0-255,5738,261708,44,377854
50153,0.049115,172.31.46.0-255,66,261774,44,377854
50154,0.051079,74.125.68.0-255,5738,267512,44,377854
50155,0.051085,172.31.46.0-255,66,267578,44,377854
50156,0.053039,74.125.68.0-255,5738,273316,44,377854
50157,0.053046,172.31.46.0-255,66,273382,44,377854
50158,0.054997,74.125.68.0-255,5738,279120,44,377854
50159,0.055004,172.31.46.0-255,66,279186,44,377854
50160,0.056973,74.125.68.0-255,5738,284924,44,377854
50161,0.056979,172.31.46.0-255,66,284990,44,377854
50162,0.058932,74.125.68.0-255,5738,290728,44,377854
50163,0.058938,172.31.46.0-255,66,290794,44,377854
50164,0.060887,74.125.68.0-255,5738,296532,44,377854
50165,0.060894,172.31.46.0-255,66,296598,44,377854
50166,0.062854,74.125.68.0-255,5738,302336,44,377854
50167,0.062861,172.31.46.0-255,66,302402,44,377854
50168,0.064813,74.125.68.0-255,5738,308140,44,377854
50169,0.064819,172.31.46.0-255,66,308206,44,377854
50170,0.066773,74.125.68.0-255,5738,313944,44,377854
50171,0.066781,172.31.46.0-255,66,314010,44,377854
50172,0.068725,74.125.68.0-255,5738,319748,44,377854
50173,0.068731,172.31.46.0-255,66,319814,44,377854
50174,0.070691,74.125.68.0-255,5738,325552,44,377854
50175,0.070698,172.31.46.0-255,66,325618,44,377854
50176,0.072655,74.125.68.0-255,5738,331356,44,377854
50177,0.072662,172.31.46.0-255,66,331422,44,377854
50178,0.074643,74.125.68.0-255,5738,337160,44,377854
50179,0.074649,172.31.46.0-255,66,337226,44,377854
50180,0.076605,74.125.68.0-255,5738,342964,44,377854
50181,0.076612,172.31.46.0-255,66,343030,44,377854
50182,0.078573,74.125.68.0-255,5738,348768,44,377854
50183,0.07858,172.31.46.0-255,66,348834,44,377854
50184,0.08057,74.125.68.0-255,5738,354572,44,377854
50185,0.080577,172.31.46.0-255,66,354638,44,377854
50186,0.08253,74.125.68.0-255,5738,360376,44,377854
50187,0.082535,172.31.46.0-255,66,360442,44,377854
50188,0.084504,74.125.68.0-255,5738,366180,44,377854
50189,0.084511,172.31.46.0-255,66,366246,44,377854
50190,0.086474,74.125.68.0-255,5738,371984,44,377854
50191,0.086481,172.31.46.0-255,66,372050,44,377854
50192,0.088442,74.125.68.0-255,5738,377788,44,377854
50193,0.088448,172.31.46.0-255,66,377854,44,377854
50194,0.0,74.125.24.0-255,153,153,44,378106
50195,2.3e-05,172.31.46.0-255,66,219,44,378106
50196,3.1e-05,74.125.24.0-255,1484,1703,44,378106
50197,3.6e-05,172.31.46.0-255,66,1769,44,378106
50198,4.2e-05,74.125.24.0-255,2902,4671,44,378106
50199,4.6e-05,172.31.46.0-255,66,4737,44,378106
50200,5.3e-05,74.125.24.0-255,5738,10475,44,378106
50201,5.6e-05,172.31.46.0-255,66,10541,44,378106
50202,8.6e-05,74.125.24.0-255,3473,14014,44,378106
50203,8.9e-05,172.31.46.0-255,66,14080,44,378106
50204,0.000146,74.125.24.0-255,1484,15564,44,378106
50205,0.000149,172.31.46.0-255,66,15630,44,378106
50206,0.000171,74.125.24.0-255,2902,18532,44,378106
50207,0.000173,172.31.46.0-255,66,18598,44,378106
50208,0.000178,74.125.24.0-255,4320,22918,44,378106
50209,0.000181,172.31.46.0-255,66,22984,44,378106
50210,0.000228,74.125.24.0-255,5738,28722,44,378106
50211,0.000231,172.31.46.0-255,66,28788,44,378106
50212,0.00025,74.125.24.0-255,2543,31331,44,378106
50213,0.000252,172.31.46.0-255,66,31397,44,378106
50214,0.000532,74.125.24.0-255,1484,32881,44,378106
50215,0.000538,172.31.46.0-255,66,32947,44,378106
50216,0.000544,74.125.24.0-255,2902,35849,44,378106
50217,0.000547,172.31.46.0-255,66,35915,44,378106
50218,0.000553,74.125.24.0-255,4320,40235,44,378106
50219,0.000555,172.31.46.0-255,66,40301,44,378106
50220,0.000572,74.125.24.0-255,1484,41785,44,378106
50221,0.000575,172.31.46.0-255,66,41851,44,378106
50222,0.00058,74.125.24.0-255,4320,46171,44,378106
50223,0.000583,172.31.46.0-255,66,46237,44,378106
50224,0.000609,74.125.24.0-255,3961,50198,44,378106
50225,0.000613,172.31.46.0-255,66,50264,44,378106
50226,0.000623,172.31.46.0-255,66,50330,44,378106
50227,0.000645,74.125.24.0-255,1484,51814,44,378106
50228,0.000661,74.125.24.0-255,5735,57549,44,378106
50229,0.000664,172.31.46.0-255,66,57615,44,378106
50230,0.000718,74.125.24.0-255,1484,59099,44,378106
50231,0.000723,74.125.24.0-255,2902,62001,44,378106
50232,0.000726,172.31.46.0-255,66,62067,44,378106
50233,0.000734,74.125.24.0-255,5738,67805,44,378106
50234,0.000736,172.31.46.0-255,66,67871,44,378106
50235,0.000743,74.125.24.0-255,6797,74668,44,378106
50236,0.000745,172.31.46.0-255,66,74734,44,378106
50237,0.000782,74.125.24.0-255,2902,77636,44,378106
50238,0.000786,172.31.46.0-255,66,77702,44,378106
50239,0.000791,74.125.24.0-255,4320,82022,44,378106
50240,0.000794,172.31.46.0-255,66,82088,44,378106
50241,0.000815,74.125.24.0-255,5738,87826,44,378106
50242,0.000818,172.31.46.0-255,66,87892,44,378106
50243,0.00084,74.125.24.0-255,2902,90794,44,378106
50244,0.000842,74.125.24.0-255,1389,92183,44,378106
50245,0.000846,172.31.46.0-255,66,92249,44,378106
50246,0.001062,74.125.24.0-255,1484,93733,44,378106
50247,0.001068,172.31.46.0-255,66,93799,44,378106
50248,0.001075,74.125.24.0-255,2902,96701,44,378106
50249,0.001077,172.31.46.0-255,66,96767,44,378106
50250,0.001114,74.125.24.0-255,5738,102505,44,378106
50251,0.001117,172.31.46.0-255,66,102571,44,378106
50252,0.001124,74.125.24.0-255,5738,108309,44,378106
50253,0.001127,172.31.46.0-255,66,108375,44,378106
50254,0.001143,74.125.24.0-255,4320,112695,44,378106
50255,0.001145,172.31.46.0-255,66,112761,44,378106
50256,0.001151,74.125.24.0-255,4320,117081,44,378106
50257,0.001153,172.31.46.0-255,66,117147,44,378106
50258,0.001184,172.31.46.0-255,66,117213,44,378106
50259,0.001215,74.125.24.0-255,1484,118697,44,378106
50260,0.001229,74.125.24.0-255,2902,121599,44,378106
50261,0.001232,172.31.46.0-255,66,121665,44,378106
50262,0.001249,74.125.24.0-255,4320,125985,44,378106
50263,0.001252,172.31.46.0-255,66,126051,44,378106
50264,0.001293,74.125.24.0-255,2902,128953,44,378106
50265,0.001297,172.31.46.0-255,66,129019,44,378106
50266,0.001318,74.125.24.0-255,4320,133339,44,378106
50267,0.001321,172.31.46.0-255,66,133405,44,378106
50268,0.001332,172.31.46.0-255,66,133471,44,378106
50269,0.00136,172.31.46.0-255,66,133537,44,378106
50270,0.001422,74.125.24.0-255,1484,135021,44,378106
50271,0.001428,74.125.24.0-255,2902,137923,44,378106
50272,0.001431,172.31.46.0-255,66,137989,44,378106
50273,0.001456,74.125.24.0-255,4320,142309,44,378106
50274,0.00146,172.31.46.0-255,66,142375,44,378106
50275,0.001466,74.125.24.0-255,5738,148113,44,378106
50276,0.001469,172.31.46.0-255,66,148179,44,378106
50277,0.001483,74.125.24.0-255,2902,151081,44,378106
50278,0.001485,172.31.46.0-255,66,151147,44,378106
50279,0.001498,74.125.24.0-255,1484,152631,44,378106
50280,0.001526,172.31.46.0-255,66,152697,44,378106
50281,0.001546,74.125.24.0-255,2184,154881,44,378106
50282,0.001549,172.31.46.0-255,66,154947,44,378106
50283,0.003744,74.125.24.0-255,2902,157849,44,378106
50284,0.003752,172.31.46.0-255,66,157915,44,378106
50285,0.003777,74.125.24.0-255,2902,160817,44,378106
50286,0.00378,172.31.46.0-255,66,160883,44,378106
50287,0.00598,74.125.24.0-255,5738,166621,44,378106
50288,0.005987,172.31.46.0-255,66,166687,44,378106
50289,0.008205,74.125.24.0-255,5738,172425,44,378106
50290,0.008212,172.31.46.0-255,66,172491,44,378106
50291,0.010423,74.125.24.0-255,5738,178229,44,378106
50292,0.010434,172.31.46.0-255,66,178295,44,378106
50293,0.012668,74.125.24.0-255,5738,184033,44,378106
50294,0.012679,172.31.46.0-255,66,184099,44,378106
50295,0.014887,74.125.24.0-255,5738,189837,44,378106
50296,0.014894,172.31.46.0-255,66,189903,44,378106
50297,0.01713,74.125.24.0-255,5738,195641,44,378106
50298,0.017145,172.31.46.0-255,66,195707,44,378106
50299,0.01938,74.125.24.0-255,5738,201445,44,378106
50300,0.019399,172.31.46.0-255,66,201511,44,378106
50301,0.021674,74.125.24.0-255,5738,207249,44,378106
50302,0.021687,172.31.46.0-255,66,207315,44,378106
50303,0.023924,74.125.24.0-255,5738,213053,44,378106
50304,0.023937,172.31.46.0-255,66,213119,44,378106
50305,0.026168,74.125.24.0-255,5738,218857,44,378106
50306,0.026182,172.31.46.0-255,66,218923,44,378106
50307,0.028449,74.125.24.0-255,5738,224661,44,378106
50308,0.028458,172.31.46.0-255,66,224727,44,378106
50309,0.030686,74.125.24.0-255,5738,230465,44,378106
50310,0.030698,172.31.46.0-255,66,230531,44,378106
50311,0.03294,74.125.24.0-255,5738,236269,44,378106
50312,0.032955,172.31.46.0-255,66,236335,44,378106
50313,0.035231,74.125.24.0-255,5738,242073,44,378106
50314,0.035246,172.31.46.0-255,66,242139,44,378106
50315,0.03748,74.125.24.0-255,5738,247877,44,378106
50316,0.037488,172.31.46.0-255,66,247943,44,378106
50317,0.038178,172.31.46.0-255,172,248115,44,378106
50318,0.03821,172.31.46.0-255,1114,249229,44,378106
50319,0.038274,172.31.46.0-255,1514,250743,44,378106
50320,0.038276,172.31.46.0-255,1514,252257,44,378106
50321,0.038282,172.31.46.0-255,1514,253771,44,378106
50322,0.038283,172.31.46.0-255,1514,255285,44,378106
50323,0.038303,172.31.46.0-255,1514,256799,44,378106
50324,0.038304,172.31.46.0-255,71,256870,44,378106
50325,0.039722,104.244.42.0-255,66,256936,44,378106
50326,0.039747,74.125.24.0-255,5738,262674,44,378106
50327,0.039753,172.31.46.0-255,66,262740,44,378106
50328,0.03977,104.244.42.0-255,66,262806,44,378106
50329,0.039817,104.244.42.0-255,66,262872,44,378106
50330,0.039822,104.244.42.0-255,66,262938,44,378106
50331,0.041988,74.125.24.0-255,5738,268676,44,378106
50332,0.041999,172.31.46.0-255,66,268742,44,378106
50333,0.044229,74.125.24.0-255,5738,274480,44,378106
50334,0.04424,172.31.46.0-255,66,274546,44,378106
50335,0.046484,74.125.24.0-255,5738,280284,44,378106
50336,0.0465,172.31.46.0-255,66,280350,44,378106
50337,0.048724,74.125.24.0-255,5738,286088,44,378106
50338,0.048735,172.31.46.0-255,66,286154,44,378106
50339,0.050965,74.125.24.0-255,5738,291892,44,378106
50340,0.050973,172.31.46.0-255,66,291958,44,378106
50341,0.053241,74.125.24.0-255,5738,297696,44,378106
50342,0.053249,172.31.46.0-255,66,297762,44,378106
50343,0.0555,74.125.24.0-255,5738,303500,44,378106
50344,0.055508,172.31.46.0-255,66,303566,44,378106
50345,0.057733,74.125.24.0-255,5738,309304,44,378106
50346,0.057743,172.31.46.0-255,66,309370,44,378106
50347,0.059957,74.125.24.0-255,5738,315108,44,378106
50348,0.059971,172.31.46.0-255,66,315174,44,378106
50349,0.062206,74.125.24.0-255,5738,320912,44,378106
50350,0.062221,172.31.46.0-255,66,320978,44,378106
50351,0.064445,74.125.24.0-255,5738,326716,44,378106
50352,0.064462,172.31.46.0-255,66,326782,44,378106
50353,0.0667,74.125.24.0-255,5738,332520,44,378106
50354,0.066709,172.31.46.0-255,66,332586,44,378106
50355,0.068928,74.125.24.0-255,5738,338324,44,378106
50356,0.068935,172.31.46.0-255,66,338390,44,378106
50357,0.071189,74.125.24.0-255,5738,344128,44,378106
50358,0.071197,172.31.46.0-255,66,344194,44,378106
50359,0.073422,74.125.24.0-255,5738,349932,44,378106
50360,0.07343,172.31.46.0-255,66,349998,44,378106
50361,0.075656,74.125.24.0-255,5738,355736,44,378106
50362,0.075661,172.31.46.0-255,66,355802,44,378106
50363,0.077918,74.125.24.0-255,5738,361540,44,378106
50364,0.077929,172.31.46.0-255,66,361606,44,378106
50365,0.08019,74.125.24.0-255,5738,367344,44,378106
50366,0.080206,172.31.46.0-255,66,367410,44,378106
50367,0.082445,74.125.24.0-255,5738,373148,44,378106
50368,0.082456,172.31.46.0-255,66,373214,44,378106
50369,0.084685,74.125.24.0-255,4655,377869,44,378106
50370,0.084695,172.31.46.0-255,66,377935,44,378106
50371,0.084895,172.31.46.0-255,105,378040,44,378106
50372,0.087105,74.125.24.0-255,66,378106,44,378106
50373,0.0,74.125.130.0-255,155,155,44,343567
50374,2.5e-05,172.31.46.0-255,66,221,44,343567
50375,3.2e-05,74.125.130.0-255,1484,1705,44,343567
50376,3.8e-05,172.31.46.0-255,66,1771,44,343567
50377,4.1e-05,74.125.130.0-255,1484,3255,44,343567
50378,4.3e-05,172.31.46.0-255,66,3321,44,343567
50379,4.9e-05,74.125.130.0-255,2902,6223,44,343567
50380,5.2e-05,172.31.46.0-255,66,6289,44,343567
50381,5.9e-05,74.125.130.0-255,5738,12027,44,343567
50382,6.2e-05,172.31.46.0-255,66,12093,44,343567
50383,9.3e-05,74.125.130.0-255,6286,18379,44,343567
50384,9.7e-05,172.31.46.0-255,66,18445,44,343567
50385,0.000102,74.125.130.0-255,2902,21347,44,343567
50386,0.000104,172.31.46.0-255,66,21413,44,343567
50387,0.00012,74.125.130.0-255,4320,25733,44,343567
50388,0.000123,172.31.46.0-255,66,25799,44,343567
50389,0.000151,74.125.130.0-255,5379,31178,44,343567
50390,0.000153,172.31.46.0-255,66,31244,44,343567
50391,0.000261,74.125.130.0-255,1484,32728,44,343567
50392,0.000265,172.31.46.0-255,66,32794,44,343567
50393,0.000273,74.125.130.0-255,2902,35696,44,343567
50394,0.000276,172.31.46.0-255,66,35762,44,343567
50395,0.000282,74.125.130.0-255,5738,41500,44,343567
50396,0.000285,172.31.46.0-255,66,41566,44,343567
50397,0.000315,74.125.130.0-255,6797,48363,44,343567
50398,0.000317,172.31.46.0-255,66,48429,44,343567
50399,0.000334,74.125.130.0-255,2902,51331,44,343567
50400,0.000336,172.31.46.0-255,66,51397,44,343567
50401,0.000363,172.31.46.0-255,66,51463,44,343567
50402,0.000381,74.125.130.0-255,2794,54257,44,343567
50403,0.000383,172.31.46.0-255,66,54323,44,343567
50404,0.000455,74.125.130.0-255,404,54727,44,343567
50405,0.001019,172.31.46.0-255,66,54793,44,343567
50406,0.001099,74.125.130.0-255,1484,56277,44,343567
50407,0.001108,74.125.130.0-255,2902,59179,44,343567
50408,0.001112,172.31.46.0-255,66,59245,44,343567
50409,0.001116,74.125.130.0-255,1484,60729,44,343567
50410,0.001134,74.125.130.0-255,4320,65049,44,343567
50411,0.001137,172.31.46.0-255,66,65115,44,343567
50412,0.001143,74.125.130.0-255,4320,69435,44,343567
50413,0.001145,172.31.46.0-255,66,69501,44,343567
50414,0.001159,74.125.130.0-255,1484,70985,44,343567
50415,0.001176,74.125.130.0-255,6797,77782,44,343567
50416,0.001178,172.31.46.0-255,66,77848,44,343567
50417,0.001209,172.31.46.0-255,66,77914,44,343567
50418,0.001236,172.31.46.0-255,66,77980,44,343567
50419,0.001251,74.125.130.0-255,4320,82300,44,343567
50420,0.001253,172.31.46.0-255,66,82366,44,343567
50421,0.001265,74.125.130.0-255,1635,84001,44,343567
50422,0.001268,172.31.46.0-255,66,84067,44,343567
50423,0.001349,74.125.130.0-255,1484,85551,44,343567
50424,0.001354,74.125.130.0-255,1484,87035,44,343567
50425,0.001357,172.31.46.0-255,66,87101,44,343567
50426,0.001369,74.125.130.0-255,1484,88585,44,343567
50427,0.001372,74.125.130.0-255,1484,90069,44,343567
50428,0.001374,172.31.46.0-255,66,90135,44,343567
50429,0.001392,74.125.130.0-255,4320,94455,44,343567
50430,0.001394,172.31.46.0-255,66,94521,44,343567
50431,0.0014,74.125.130.0-255,4320,98841,44,343567
50432,0.001402,172.31.46.0-255,66,98907,44,343567
50433,0.001433,74.125.130.0-255,5738,104645,44,343567
50434,0.001436,172.31.46.0-255,66,104711,44,343567
50435,0.001448,172.31.46.0-255,66,104777,44,343567
50436,0.001473,74.125.130.0-255,2902,107679,44,343567
50437,0.001476,172.31.46.0-255,66,107745,44,343567
50438,0.00148,74.125.130.0-255,2184,109929,44,343567
50439,0.001482,172.31.46.0-255,66,109995,44,343567
50440,0.001993,74.125.130.0-255,1484,111479,44,343567
50441,0.002003,74.125.130.0-255,2902,114381,44,343567
50442,0.002008,172.31.46.0-255,66,114447,44,343567
50443,0.002014,74.125.130.0-255,4320,118767,44,343567
50444,0.002017,172.31.46.0-255,66,118833,44,343567
50445,0.002049,172.31.46.0-255,66,118899,44,343567
50446,0.002089,74.125.130.0-255,2902,121801,44,343567
50447,0.002091,172.31.46.0-255,66,121867,44,343567
50448,0.002114,74.125.130.0-255,1484,123351,44,343567
50449,0.002121,74.125.130.0-255,5738,129089,44,343567
50450,0.002123,172.31.46.0-255,66,129155,44,343567
50451,0.00213,74.125.130.0-255,6438,135593,44,343567
50452,0.002132,172.31.46.0-255,66,135659,44,343567
50453,0.002176,74.125.130.0-255,1484,137143,44,343567
50454,0.002189,74.125.130.0-255,2902,140045,44,343567
50455,0.002191,172.31.46.0-255,66,140111,44,343567
50456,0.002211,74.125.130.0-255,2902,143013,44,343567
50457,0.002214,172.31.46.0-255,66,143079,44,343567
50458,0.002219,74.125.130.0-255,4320,147399,44,343567
50459,0.002222,172.31.46.0-255,66,147465,44,343567
50460,0.002246,172.31.46.0-255,66,147531,44,343567
50461,0.002272,74.125.130.0-255,7156,154687,44,343567
50462,0.002275,172.31.46.0-255,66,154753,44,343567
50463,0.002319,74.125.130.0-255,4320,159073,44,343567
50464,0.002321,172.31.46.0-255,66,159139,44,343567
50465,0.002337,74.125.130.0-255,2184,161323,44,343567
50466,0.002339,172.31.46.0-255,66,161389,44,343567
50467,0.002536,74.125.130.0-255,1484,162873,44,343567
50468,0.002552,74.125.130.0-255,2902,165775,44,343567
50469,0.002555,172.31.46.0-255,66,165841,44,343567
50470,0.00257,74.125.130.0-255,4320,170161,44,343567
50471,0.002573,172.31.46.0-255,66,170227,44,343567
50472,0.002575,74.125.130.0-255,1484,171711,44,343567
50473,0.002601,74.125.130.0-255,7156,178867,44,343567
50474,0.002603,172.31.46.0-255,66,178933,44,343567
50475,0.002608,74.125.130.0-255,4320,183253,44,343567
50476,0.00261,172.31.46.0-255,66,183319,44,343567
50477,0.002613,74.125.130.0-255,1484,184803,44,343567
50478,0.005158,74.125.130.0-255,4320,189123,44,343567
50479,0.005163,172.31.46.0-255,66,189189,44,343567
50480,0.007756,74.125.130.0-255,5738,194927,44,343567
50481,0.007774,172.31.46.0-255,66,194993,44,343567
50482,0.010353,74.125.130.0-255,5738,200731,44,343567
50483,0.010372,172.31.46.0-255,66,200797,44,343567
50484,0.012961,74.125.130.0-255,5738,206535,44,343567
50485,0.012982,172.31.46.0-255,66,206601,44,343567
50486,0.015559,74.125.130.0-255,5738,212339,44,343567
50487,0.015579,172.31.46.0-255,66,212405,44,343567
50488,0.01819,74.125.130.0-255,5738,218143,44,343567
50489,0.01821,172.31.46.0-255,66,218209,44,343567
50490,0.020798,74.125.130.0-255,5738,223947,44,343567
50491,0.020815,172.31.46.0-255,66,224013,44,343567
50492,0.023383,74.125.130.0-255,5738,229751,44,343567
50493,0.023393,172.31.46.0-255,66,229817,44,343567
50494,0.025952,74.125.130.0-255,5738,235555,44,343567
50495,0.025961,172.31.46.0-255,66,235621,44,343567
50496,0.028536,74.125.130.0-255,5738,241359,44,343567
50497,0.028544,172.31.46.0-255,66,241425,44,343567
50498,0.031113,74.125.130.0-255,4320,245745,44,343567
50499,0.031123,172.31.46.0-255,66,245811,44,343567
50500,0.031141,74.125.130.0-255,1484,247295,44,343567
50501,0.033711,74.125.130.0-255,4320,251615,44,343567
50502,0.033719,172.31.46.0-255,66,251681,44,343567
50503,0.034617,172.31.46.0-255,172,251853,44,343567
50504,0.034651,172.31.46.0-255,1115,252968,44,343567
50505,0.034703,172.31.46.0-255,1514,254482,44,343567
50506,0.034705,172.31.46.0-255,1514,255996,44,343567
50507,0.034706,172.31.46.0-255,1514,257510,44,343567
50508,0.034707,172.31.46.0-255,1514,259024,44,343567
50509,0.034732,172.31.46.0-255,1514,260538,44,343567
50510,0.034733,172.31.46.0-255,69,260607,44,343567
50511,0.036288,104.244.42.0-255,66,260673,44,343567
50512,0.0363,74.125.130.0-255,5738,266411,44,343567
50513,0.036305,172.31.46.0-255,66,266477,44,343567
50514,0.036408,104.244.42.0-255,66,266543,44,343567
50515,0.036462,104.244.42.0-255,66,266609,44,343567
50516,0.036467,104.244.42.0-255,66,266675,44,343567
50517,0.037638,104.244.42.0-255,108,266783,44,343567
50518,0.037648,172.31.46.0-255,66,266849,44,343567
50519,0.038873,74.125.130.0-255,5738,272587,44,343567
50520,0.038878,172.31.46.0-255,66,272653,44,343567
50521,0.041475,74.125.130.0-255,5738,278391,44,343567
50522,0.041482,172.31.46.0-255,66,278457,44,343567
50523,0.044046,74.125.130.0-255,5738,284195,44,343567
50524,0.044055,172.31.46.0-255,66,284261,44,343567
50525,0.046623,74.125.130.0-255,5738,289999,44,343567
50526,0.04663,172.31.46.0-255,66,290065,44,343567
50527,0.049208,74.125.130.0-255,5738,295803,44,343567
50528,0.049214,172.31.46.0-255,66,295869,44,343567
50529,0.051822,74.125.130.0-255,5738,301607,44,343567
50530,0.05183,172.31.46.0-255,66,301673,44,343567
50531,0.054399,74.125.130.0-255,5738,307411,44,343567
50532,0.054412,172.31.46.0-255,66,307477,44,343567
50533,0.056997,74.125.130.0-255,5738,313215,44,343567
50534,0.05701,172.31.46.0-255,66,313281,44,343567
50535,0.059582,74.125.130.0-255,5738,319019,44,343567
50536,0.059592,172.31.46.0-255,66,319085,44,343567
50537,0.062157,74.125.130.0-255,5738,324823,44,343567
50538,0.062165,172.31.46.0-255,66,324889,44,343567
50539,0.064753,74.125.130.0-255,5738,330627,44,343567
50540,0.064759,172.31.46.0-255,66,330693,44,343567
50541,0.067323,74.125.130.0-255,5738,336431,44,343567
50542,0.06733,172.31.46.0-255,66,336497,44,343567
50543,0.069902,74.125.130.0-255,5738,342235,44,343567
50544,0.069909,172.31.46.0-255,66,342301,44,343567
50545,0.072462,74.125.130.0-255,1029,343330,44,343567
50546,0.072596,172.31.46.0-255,66,343396,44,343567
50547,0.072635,172.31.46.0-255,105,343501,44,343567
50548,0.075162,74.125.130.0-255,66,343567,44,343567
50549,0.0,172.217.194.0-255,147,147,44,195762
50550,2.2e-05,172.31.46.0-255,66,213,44,195762
50551,2.9e-05,172.217.194.0-255,1484,1697,44,195762
50552,3.2e-05,172.31.46.0-255,66,1763,44,195762
50553,3.7e-05,172.217.194.0-255,2902,4665,44,195762
50554,4e-05,172.31.46.0-255,66,4731,44,195762
50555,5.5e-05,172.217.194.0-255,7156,11887,44,195762
50556,5.9e-05,172.31.46.0-255,66,11953,44,195762
50557,6.3e-05,172.217.194.0-255,3558,15511,44,195762
50558,6.6e-05,172.31.46.0-255,66,15577,44,195762
50559,7.2e-05,172.217.194.0-255,4320,19897,44,195762
50560,7.4e-05,172.31.46.0-255,66,19963,44,195762
50561,0.000113,172.31.46.0-255,66,20029,44,195762
50562,0.000116,172.217.194.0-255,2543,22572,44,195762
50563,0.000118,172.31.46.0-255,66,22638,44,195762
50564,0.000138,172.217.194.0-255,2902,25540,44,195762
50565,0.000141,172.31.46.0-255,66,25606,44,195762
50566,0.000145,172.217.194.0-255,4320,29926,44,195762
50567,0.000151,172.31.46.0-255,66,29992,44,195762
50568,0.000153,172.217.194.0-255,1484,31476,44,195762
50569,0.000155,172.31.46.0-255,66,31542,44,195762
50570,0.000184,172.217.194.0-255,7156,38698,44,195762
50571,0.000186,172.31.46.0-255,66,38764,44,195762
50572,0.000191,172.217.194.0-255,4320,43084,44,195762
50573,0.000193,172.31.46.0-255,66,43150,44,195762
50574,0.000222,172.217.194.0-255,2543,45693,44,195762
50575,0.000223,172.31.46.0-255,66,45759,44,195762
50576,0.00023,172.217.194.0-255,7156,52915,44,195762
50577,0.000232,172.31.46.0-255,66,52981,44,195762
50578,0.000273,172.217.194.0-255,4217,57198,44,195762
50579,0.000276,172.31.46.0-255,66,57264,44,195762
50580,0.000278,172.217.194.0-255,432,57696,44,195762
50581,0.000386,172.217.194.0-255,1484,59180,44,195762
50582,0.00039,172.31.46.0-255,66,59246,44,195762
50583,0.000395,172.217.194.0-255,2902,62148,44,195762
50584,0.000397,172.31.46.0-255,66,62214,44,195762
50585,0.000406,172.217.194.0-255,4320,66534,44,195762
50586,0.000408,172.31.46.0-255,66,66600,44,195762
50587,0.00043,172.217.194.0-255,1484,68084,44,195762
50588,0.000441,172.31.46.0-255,66,68150,44,195762
50589,0.000464,172.217.194.0-255,2902,71052,44,195762
50590,0.000466,172.31.46.0-255,66,71118,44,195762
50591,0.000479,172.31.46.0-255,66,71184,44,195762
50592,0.000624,172.217.194.0-255,1484,72668,44,195762
50593,0.000629,172.217.194.0-255,1484,74152,44,195762
50594,0.000633,172.31.46.0-255,66,74218,44,195762
50595,0.000661,172.217.194.0-255,1484,75702,44,195762
50596,0.000667,172.217.194.0-255,5738,81440,44,195762
50597,0.00067,172.31.46.0-255,66,81506,44,195762
50598,0.000679,172.31.46.0-255,66,81572,44,195762
50599,0.000753,172.31.46.0-255,66,81638,44,195762
50600,0.000767,172.31.46.0-255,66,81704,44,195762
50601,0.000779,172.31.46.0-255,66,81770,44,195762
50602,0.000805,172.217.194.0-255,2902,84672,44,195762
50603,0.000807,172.31.46.0-255,66,84738,44,195762
50604,0.000812,172.217.194.0-255,3602,88340,44,195762
50605,0.000815,172.31.46.0-255,66,88406,44,195762
50606,0.000951,172.217.194.0-255,1484,89890,44,195762
50607,0.000957,172.217.194.0-255,2902,92792,44,195762
50608,0.00096,172.31.46.0-255,66,92858,44,195762
50609,0.000963,172.217.194.0-255,1484,94342,44,195762
50610,0.000989,172.217.194.0-255,4320,98662,44,195762
50611,0.000992,172.31.46.0-255,66,98728,44,195762
50612,0.001003,172.31.46.0-255,66,98794,44,195762
50613,0.001031,172.217.194.0-255,1484,100278,44,195762
50614,0.001042,172.31.46.0-255,66,100344,44,195762
50615,0.001085,172.217.194.0-255,1484,101828,44,195762
50616,0.001098,172.217.194.0-255,2902,104730,44,195762
50617,0.001101,172.31.46.0-255,66,104796,44,195762
50618,0.001104,172.217.194.0-255,1484,106280,44,195762
50619,0.001127,172.217.194.0-255,4320,110600,44,195762
50620,0.001129,172.31.46.0-255,66,110666,44,195762
50621,0.001136,172.217.194.0-255,7156,117822,44,195762
50622,0.001138,172.31.46.0-255,66,117888,44,195762
50623,0.001154,172.217.194.0-255,5738,123626,44,195762
50624,0.001157,172.31.46.0-255,66,123692,44,195762
50625,0.00116,172.217.194.0-255,2902,126594,44,195762
50626,0.001163,172.31.46.0-255,66,126660,44,195762
50627,0.001194,172.31.46.0-255,66,126726,44,195762
50628,0.001226,172.31.46.0-255,66,126792,44,195762
50629,0.001232,172.217.194.0-255,5738,132530,44,195762
50630,0.001234,172.31.46.0-255,66,132596,44,195762
50631,0.001256,172.217.194.0-255,4320,136916,44,195762
50632,0.001258,172.31.46.0-255,66,136982,44,195762
50633,0.001261,172.217.194.0-255,1484,138466,44,195762
50634,0.001303,172.31.46.0-255,66,138532,44,195762
50635,0.001406,172.217.194.0-255,1484,140016,44,195762
50636,0.00141,172.217.194.0-255,2902,142918,44,195762
50637,0.001416,172.31.46.0-255,66,142984,44,195762
50638,0.001443,172.217.194.0-255,5738,148722,44,195762
50639,0.001467,172.217.194.0-255,2902,151624,44,195762
50640,0.00147,172.31.46.0-255,66,151690,44,195762
50641,0.001479,172.217.194.0-255,4320,156010,44,195762
50642,0.001487,172.31.46.0-255,66,156076,44,195762
50643,0.001503,172.217.194.0-255,3602,159678,44,195762
50644,0.001546,172.217.194.0-255,1484,161162,44,195762
50645,0.00155,172.217.194.0-255,2902,164064,44,195762
50646,0.001556,172.217.194.0-255,5738,169802,44,195762
50647,0.001558,172.217.194.0-255,1484,171286,44,195762
50648,0.001568,172.31.46.0-255,66,171352,44,195762
50649,0.001621,172.217.194.0-255,1484,172836,44,195762
50650,0.001625,172.31.46.0-255,66,172902,44,195762
50651,0.001649,172.217.194.0-255,2902,175804,44,195762
50652,0.001655,172.217.194.0-255,5738,181542,44,195762
50653,0.001662,172.31.46.0-255,66,181608,44,195762
50654,0.001718,172.31.46.0-255,66,181674,44,195762
50655,0.001742,172.217.194.0-255,4320,185994,44,195762
50656,0.00175,172.31.46.0-255,66,186060,44,195762
50657,0.001804,172.217.194.0-255,105,186165,44,195762
50658,0.001825,172.31.46.0-255,66,186231,44,195762
50659,0.002494,172.31.46.0-255,101,186332,44,195762
50660,0.004772,172.217.194.0-255,66,186398,44,195762
50661,0.010872,172.31.46.0-255,105,186503,44,195762
50662,0.01316,172.217.194.0-255,66,186569,44,195762
50663,0.035657,172.31.46.0-255,172,186741,44,195762
50664,0.035689,172.31.46.0-255,1114,187855,44,195762
50665,0.035758,172.31.46.0-255,1514,189369,44,195762
50666,0.03576,172.31.46.0-255,1514,190883,44,195762
50667,0.035765,172.31.46.0-255,1514,192397,44,195762
50668,0.035767,172.31.46.0-255,1514,193911,44,195762
50669,0.035787,172.31.46.0-255,1514,195425,44,195762
50670,0.035788,172.31.46.0-255,73,195498,44,195762
50671,0.03714,104.244.42.0-255,66,195564,44,195762
50672,0.037151,104.244.42.0-255,66,195630,44,195762
50673,0.037263,104.244.42.0-255,66,195696,44,195762
50674,0.037269,104.244.42.0-255,66,195762,44,195762
50675,0.0,34.213.214.0-255,97,97,44,260
50676,0.000182,172.31.46.0-255,97,194,44,260
50677,0.000195,172.31.46.0-255,66,260,44,260
50678,0.0,74.125.24.0-255,294,294,44,314437
50679,1.7e-05,172.31.46.0-255,66,360,44,314437
50680,2.2e-05,74.125.24.0-255,1484,1844,44,314437
50681,2.6e-05,172.31.46.0-255,66,1910,44,314437
50682,2.9e-05,74.125.24.0-255,1484,3394,44,314437
50683,3.8e-05,172.31.46.0-255,66,3460,44,314437
50684,4.4e-05,74.125.24.0-255,2902,6362,44,314437
50685,4.7e-05,172.31.46.0-255,66,6428,44,314437
50686,8e-05,74.125.24.0-255,5738,12166,44,314437
50687,8.3e-05,172.31.46.0-255,66,12232,44,314437
50688,8.8e-05,74.125.24.0-255,3354,15586,44,314437
50689,9e-05,172.31.46.0-255,66,15652,44,314437
50690,9.5e-05,74.125.24.0-255,4320,19972,44,314437
50691,9.7e-05,172.31.46.0-255,66,20038,44,314437
50692,0.00013,172.31.46.0-255,66,20104,44,314437
50693,0.000132,74.125.24.0-255,1125,21229,44,314437
50694,0.000134,172.31.46.0-255,66,21295,44,314437
50695,0.000314,74.125.24.0-255,1484,22779,44,314437
50696,0.000319,172.31.46.0-255,66,22845,44,314437
50697,0.000325,74.125.24.0-255,2902,25747,44,314437
50698,0.000327,172.31.46.0-255,66,25813,44,314437
50699,0.00033,74.125.24.0-255,1484,27297,44,314437
50700,0.000332,172.31.46.0-255,66,27363,44,314437
50701,0.000352,74.125.24.0-255,4320,31683,44,314437
50702,0.000359,172.31.46.0-255,66,31749,44,314437
50703,0.000395,172.31.46.0-255,66,31815,44,314437
50704,0.000415,74.125.24.0-255,3961,35776,44,314437
50705,0.000418,172.31.46.0-255,66,35842,44,314437
50706,0.000424,74.125.24.0-255,5738,41580,44,314437
50707,0.000426,172.31.46.0-255,66,41646,44,314437
50708,0.000429,74.125.24.0-255,1484,43130,44,314437
50709,0.000459,74.125.24.0-255,3123,46253,44,314437
50710,0.000462,172.31.46.0-255,66,46319,44,314437
50711,0.000484,74.125.24.0-255,1484,47803,44,314437
50712,0.000499,74.125.24.0-255,2902,50705,44,314437
50713,0.000502,172.31.46.0-255,66,50771,44,314437
50714,0.000506,74.125.24.0-255,2902,53673,44,314437
50715,0.000508,172.31.46.0-255,66,53739,44,314437
50716,0.00053,74.125.24.0-255,2902,56641,44,314437
50717,0.000533,172.31.46.0-255,66,56707,44,314437
50718,0.000542,74.125.24.0-255,4320,61027,44,314437
50719,0.000544,172.31.46.0-255,66,61093,44,314437
50720,0.000568,74.125.24.0-255,2543,63636,44,314437
50721,0.000571,172.31.46.0-255,66,63702,44,314437
50722,0.000579,74.125.24.0-255,7156,70858,44,314437
50723,0.000586,172.31.46.0-255,66,70924,44,314437
50724,0.000597,172.31.46.0-255,66,70990,44,314437
50725,0.000621,74.125.24.0-255,1125,72115,44,314437
50726,0.001436,172.31.46.0-255,66,72181,44,314437
50727,0.001715,74.125.24.0-255,1484,73665,44,314437
50728,0.001724,74.125.24.0-255,2902,76567,44,314437
50729,0.001728,172.31.46.0-255,66,76633,44,314437
50730,0.001735,74.125.24.0-255,5738,82371,44,314437
50731,0.001736,172.31.46.0-255,66,82437,44,314437
50732,0.00177,172.31.46.0-255,66,82503,44,314437
50733,0.001818,172.31.46.0-255,66,82569,44,314437
50734,0.002001,74.125.24.0-255,1484,84053,44,314437
50735,0.00201,74.125.24.0-255,2902,86955,44,314437
50736,0.002013,172.31.46.0-255,66,87021,44,314437
50737,0.00202,74.125.24.0-255,4320,91341,44,314437
50738,0.002023,172.31.46.0-255,66,91407,44,314437
50739,0.002038,74.125.24.0-255,1484,92891,44,314437
50740,0.002043,74.125.24.0-255,2902,95793,44,314437
50741,0.002049,172.31.46.0-255,66,95859,44,314437
50742,0.002076,172.31.46.0-255,66,95925,44,314437
50743,0.002095,74.125.24.0-255,1484,97409,44,314437
50744,0.002103,74.125.24.0-255,7156,104565,44,314437
50745,0.002105,172.31.46.0-255,66,104631,44,314437
50746,0.00211,74.125.24.0-255,3602,108233,44,314437
50747,0.002112,172.31.46.0-255,66,108299,44,314437
50748,0.002139,74.125.24.0-255,4320,112619,44,314437
50749,0.002146,172.31.46.0-255,66,112685,44,314437
50750,0.002154,74.125.24.0-255,7156,119841,44,314437
50751,0.002156,172.31.46.0-255,66,119907,44,314437
50752,0.002188,74.125.24.0-255,2902,122809,44,314437
50753,0.002191,172.31.46.0-255,66,122875,44,314437
50754,0.002198,74.125.24.0-255,5738,128613,44,314437
50755,0.0022,172.31.46.0-255,66,128679,44,314437
50756,0.002233,172.31.46.0-255,66,128745,44,314437
50757,0.002293,172.31.46.0-255,66,128811,44,314437
50758,0.002297,74.125.24.0-255,2902,131713,44,314437
50759,0.0023,172.31.46.0-255,66,131779,44,314437
50760,0.002336,172.31.46.0-255,66,131845,44,314437
50761,0.002348,172.31.46.0-255,66,131911,44,314437
50762,0.004915,74.125.24.0-255,5738,137649,44,314437
50763,0.004922,172.31.46.0-255,66,137715,44,314437
50764,0.007498,74.125.24.0-255,5738,143453,44,314437
50765,0.007504,172.31.46.0-255,66,143519,44,314437
50766,0.01008,74.125.24.0-255,5738,149257,44,314437
50767,0.010087,172.31.46.0-255,66,149323,44,314437
50768,0.01268,74.125.24.0-255,5738,155061,44,314437
50769,0.012687,172.31.46.0-255,66,155127,44,314437
50770,0.01534,74.125.24.0-255,5738,160865,44,314437
50771,0.01535,172.31.46.0-255,66,160931,44,314437
50772,0.017929,74.125.24.0-255,5738,166669,44,314437
50773,0.017941,172.31.46.0-255,66,166735,44,314437
50774,0.020511,74.125.24.0-255,5738,172473,44,314437
50775,0.020519,172.31.46.0-255,66,172539,44,314437
50776,0.023073,74.125.24.0-255,5738,178277,44,314437
50777,0.023081,172.31.46.0-255,66,178343,44,314437
50778,0.025629,74.125.24.0-255,5738,184081,44,314437
50779,0.025636,172.31.46.0-255,66,184147,44,314437
50780,0.028179,74.125.24.0-255,5738,189885,44,314437
50781,0.028185,172.31.46.0-255,66,189951,44,314437
50782,0.030742,74.125.24.0-255,5738,195689,44,314437
50783,0.030751,172.31.46.0-255,66,195755,44,314437
50784,0.031886,172.31.46.0-255,172,195927,44,314437
50785,0.031914,172.31.46.0-255,1114,197041,44,314437
50786,0.031967,172.31.46.0-255,1514,198555,44,314437
50787,0.031968,172.31.46.0-255,1514,200069,44,314437
50788,0.031973,172.31.46.0-255,1514,201583,44,314437
50789,0.031974,172.31.46.0-255,1514,203097,44,314437
50790,0.031993,172.31.46.0-255,1514,204611,44,314437
50791,0.031994,172.31.46.0-255,70,204681,44,314437
50792,0.033343,74.125.24.0-255,5738,210419,44,314437
50793,0.03335,172.31.46.0-255,66,210485,44,314437
50794,0.033431,104.244.42.0-255,66,210551,44,314437
50795,0.033479,104.244.42.0-255,66,210617,44,314437
50796,0.033506,104.244.42.0-255,66,210683,44,314437
50797,0.033557,104.244.42.0-255,66,210749,44,314437
50798,0.035936,74.125.24.0-255,5738,216487,44,314437
50799,0.035943,172.31.46.0-255,66,216553,44,314437
50800,0.038521,74.125.24.0-255,5738,222291,44,314437
50801,0.038528,172.31.46.0-255,66,222357,44,314437
50802,0.041112,74.125.24.0-255,5738,228095,44,314437
50803,0.041118,172.31.46.0-255,66,228161,44,314437
50804,0.043682,74.125.24.0-255,5738,233899,44,314437
50805,0.043691,172.31.46.0-255,66,233965,44,314437
50806,0.046259,74.125.24.0-255,5738,239703,44,314437
50807,0.046265,172.31.46.0-255,66,239769,44,314437
50808,0.048836,74.125.24.0-255,5738,245507,44,314437
50809,0.048843,172.31.46.0-255,66,245573,44,314437
50810,0.05141,74.125.24.0-255,5738,251311,44,314437
50811,0.051416,172.31.46.0-255,66,251377,44,314437
50812,0.053985,74.125.24.0-255,5738,257115,44,314437
50813,0.053992,172.31.46.0-255,66,257181,44,314437
50814,0.056539,74.125.24.0-255,5738,262919,44,314437
50815,0.056544,172.31.46.0-255,66,262985,44,314437
50816,0.059135,74.125.24.0-255,5738,268723,44,314437
50817,0.05914,172.31.46.0-255,66,268789,44,314437
50818,0.061705,74.125.24.0-255,5738,274527,44,314437
50819,0.06171,172.31.46.0-255,66,274593,44,314437
50820,0.064271,74.125.24.0-255,5738,280331,44,314437
50821,0.064277,172.31.46.0-255,66,280397,44,314437
50822,0.066848,74.125.24.0-255,5738,286135,44,314437
50823,0.066853,172.31.46.0-255,66,286201,44,314437
50824,0.069422,74.125.24.0-255,5738,291939,44,314437
50825,0.069428,172.31.46.0-255,66,292005,44,314437
50826,0.072017,74.125.24.0-255,5738,297743,44,314437
50827,0.072024,172.31.46.0-255,66,297809,44,314437
50828,0.074587,74.125.24.0-255,5738,303547,44,314437
50829,0.074593,172.31.46.0-255,66,303613,44,314437
50830,0.077163,74.125.24.0-255,5738,309351,44,314437
50831,0.077169,172.31.46.0-255,66,309417,44,314437
50832,0.079739,74.125.24.0-255,4783,314200,44,314437
50833,0.079744,172.31.46.0-255,66,314266,44,314437
50834,0.079931,172.31.46.0-255,105,314371,44,314437
50835,0.08247,74.125.24.0-255,66,314437,44,314437
50836,0.0,74.125.68.0-255,153,153,44,308035
50837,2.2e-05,172.31.46.0-255,66,219,44,308035
50838,2.9e-05,74.125.68.0-255,1484,1703,44,308035
50839,3.3e-05,172.31.46.0-255,66,1769,44,308035
50840,3.6e-05,74.125.68.0-255,1484,3253,44,308035
50841,4.7e-05,172.31.46.0-255,66,3319,44,308035
50842,6.7e-05,74.125.68.0-255,2902,6221,44,308035
50843,7e-05,172.31.46.0-255,66,6287,44,308035
50844,7.8e-05,74.125.68.0-255,1484,7771,44,308035
50845,8e-05,172.31.46.0-255,66,7837,44,308035
50846,0.000118,74.125.68.0-255,2902,10739,44,308035
50847,0.000121,172.31.46.0-255,66,10805,44,308035
50848,0.000126,74.125.68.0-255,3503,14308,44,308035
50849,0.000129,172.31.46.0-255,66,14374,44,308035
50850,0.000145,74.125.68.0-255,1484,15858,44,308035
50851,0.000147,172.31.46.0-255,66,15924,44,308035
50852,0.000176,74.125.68.0-255,2902,18826,44,308035
50853,0.000178,172.31.46.0-255,66,18892,44,308035
50854,0.000187,74.125.68.0-255,7156,26048,44,308035
50855,0.000189,172.31.46.0-255,66,26114,44,308035
50856,0.000209,74.125.68.0-255,2902,29016,44,308035
50857,0.000212,172.31.46.0-255,66,29082,44,308035
50858,0.000239,74.125.68.0-255,2543,31625,44,308035
50859,0.000242,172.31.46.0-255,66,31691,44,308035
50860,0.000286,74.125.68.0-255,1484,33175,44,308035
50861,0.000289,172.31.46.0-255,66,33241,44,308035
50862,0.000294,74.125.68.0-255,2902,36143,44,308035
50863,0.000296,172.31.46.0-255,66,36209,44,308035
50864,0.000336,74.125.68.0-255,5738,41947,44,308035
50865,0.000339,172.31.46.0-255,66,42013,44,308035
50866,0.000345,74.125.68.0-255,4320,46333,44,308035
50867,0.000347,172.31.46.0-255,66,46399,44,308035
50868,0.000379,74.125.68.0-255,5379,51778,44,308035
50869,0.000382,172.31.46.0-255,66,51844,44,308035
50870,0.000435,74.125.68.0-255,5738,57582,44,308035
50871,0.000439,172.31.46.0-255,66,57648,44,308035
50872,0.000476,172.31.46.0-255,66,57714,44,308035
50873,0.00048,74.125.68.0-255,111,57825,44,308035
50874,0.000592,74.125.68.0-255,1484,59309,44,308035
50875,0.000596,172.31.46.0-255,66,59375,44,308035
50876,0.000602,74.125.68.0-255,2902,62277,44,308035
50877,0.000604,172.31.46.0-255,66,62343,44,308035
50878,0.000622,74.125.68.0-255,4320,66663,44,308035
50879,0.000625,172.31.46.0-255,66,66729,44,308035
50880,0.000644,74.125.68.0-255,1484,68213,44,308035
50881,0.00067,74.125.68.0-255,2902,71115,44,308035
50882,0.000673,172.31.46.0-255,66,71181,44,308035
50883,0.000685,172.31.46.0-255,66,71247,44,308035
50884,0.000749,74.125.68.0-255,7156,78403,44,308035
50885,0.000752,172.31.46.0-255,66,78469,44,308035
50886,0.000776,74.125.68.0-255,1484,79953,44,308035
50887,0.000811,74.125.68.0-255,3869,83822,44,308035
50888,0.000829,172.31.46.0-255,66,83888,44,308035
50889,0.000839,74.125.68.0-255,4320,88208,44,308035
50890,0.000855,172.31.46.0-255,66,88274,44,308035
50891,0.000893,172.31.46.0-255,66,88340,44,308035
50892,0.00094,74.125.68.0-255,2902,91242,44,308035
50893,0.000951,74.125.68.0-255,1484,92726,44,308035
50894,0.000989,172.31.46.0-255,66,92792,44,308035
50895,0.00106,74.125.68.0-255,1484,94276,44,308035
50896,0.00108,74.125.68.0-255,2902,97178,44,308035
50897,0.001098,74.125.68.0-255,5738,102916,44,308035
50898,0.001103,172.31.46.0-255,66,102982,44,308035
50899,0.001139,74.125.68.0-255,7156,110138,44,308035
50900,0.001146,172.31.46.0-255,66,110204,44,308035
50901,0.001209,74.125.68.0-255,5738,115942,44,308035
50902,0.001215,172.31.46.0-255,66,116008,44,308035
50903,0.00129,74.125.68.0-255,2184,118192,44,308035
50904,0.001301,172.31.46.0-255,66,118258,44,308035
50905,0.001304,74.125.68.0-255,1484,119742,44,308035
50906,0.001367,172.31.46.0-255,66,119808,44,308035
50907,0.00146,74.125.68.0-255,5020,124828,44,308035
50908,0.001463,172.31.46.0-255,66,124894,44,308035
50909,0.001469,172.31.46.0-255,66,124960,44,308035
50910,0.001544,74.125.68.0-255,1484,126444,44,308035
50911,0.00155,74.125.68.0-255,2902,129346,44,308035
50912,0.001553,172.31.46.0-255,66,129412,44,308035
50913,0.001582,74.125.68.0-255,5738,135150,44,308035
50914,0.001605,172.31.46.0-255,66,135216,44,308035
50915,0.001648,74.125.68.0-255,1484,136700,44,308035
50916,0.001653,172.31.46.0-255,66,136766,44,308035
50917,0.001709,74.125.68.0-255,2902,139668,44,308035
50918,0.001721,172.31.46.0-255,66,139734,44,308035
50919,0.00173,74.125.68.0-255,2902,142636,44,308035
50920,0.001734,172.31.46.0-255,66,142702,44,308035
50921,0.001757,74.125.68.0-255,5020,147722,44,308035
50922,0.001782,172.31.46.0-255,66,147788,44,308035
50923,0.001808,74.125.68.0-255,5738,153526,44,308035
50924,0.001814,172.31.46.0-255,66,153592,44,308035
50925,0.001853,74.125.68.0-255,7156,160748,44,308035
50926,0.001871,172.31.46.0-255,66,160814,44,308035
50927,0.001903,74.125.68.0-255,5738,166552,44,308035
50928,0.001909,172.31.46.0-255,66,166618,44,308035
50929,0.001917,74.125.68.0-255,2902,169520,44,308035
50930,0.001923,172.31.46.0-255,66,169586,44,308035
50931,0.001947,74.125.68.0-255,2902,172488,44,308035
50932,0.001964,172.31.46.0-255,66,172554,44,308035
50933,0.002008,172.31.46.0-255,66,172620,44,308035
50934,0.004025,74.125.68.0-255,5738,178358,44,308035
50935,0.004033,172.31.46.0-255,66,178424,44,308035
50936,0.006028,74.125.68.0-255,5738,184162,44,308035
50937,0.006034,172.31.46.0-255,66,184228,44,308035
50938,0.008019,74.125.68.0-255,5738,189966,44,308035
50939,0.008023,172.31.46.0-255,66,190032,44,308035
50940,0.010018,74.125.68.0-255,5738,195770,44,308035
50941,0.010024,172.31.46.0-255,66,195836,44,308035
50942,0.012023,74.125.68.0-255,5738,201574,44,308035
50943,0.01203,172.31.46.0-255,66,201640,44,308035
50944,0.014017,74.125.68.0-255,5738,207378,44,308035
50945,0.014024,172.31.46.0-255,66,207444,44,308035
50946,0.016023,74.125.68.0-255,5738,213182,44,308035
50947,0.016031,172.31.46.0-255,66,213248,44,308035
50948,0.018026,74.125.68.0-255,5738,218986,44,308035
50949,0.018037,172.31.46.0-255,66,219052,44,308035
50950,0.020028,74.125.68.0-255,4320,223372,44,308035
50951,0.020036,172.31.46.0-255,66,223438,44,308035
50952,0.020068,74.125.68.0-255,1484,224922,44,308035
50953,0.022033,74.125.68.0-255,4320,229242,44,308035
50954,0.02204,172.31.46.0-255,66,229308,44,308035
50955,0.024038,74.125.68.0-255,5738,235046,44,308035
50956,0.024046,172.31.46.0-255,66,235112,44,308035
50957,0.026039,74.125.68.0-255,5738,240850,44,308035
50958,0.026046,172.31.46.0-255,66,240916,44,308035
50959,0.028045,74.125.68.0-255,5738,246654,44,308035
50960,0.028052,172.31.46.0-255,66,246720,44,308035
50961,0.030043,74.125.68.0-255,5738,252458,44,308035
50962,0.03005,172.31.46.0-255,66,252524,44,308035
50963,0.032041,74.125.68.0-255,5738,258262,44,308035
50964,0.032048,172.31.46.0-255,66,258328,44,308035
50965,0.034053,74.125.68.0-255,5738,264066,44,308035
50966,0.034061,172.31.46.0-255,66,264132,44,308035
50967,0.036053,74.125.68.0-255,5738,269870,44,308035
50968,0.036061,172.31.46.0-255,66,269936,44,308035
50969,0.038059,74.125.68.0-255,5738,275674,44,308035
50970,0.038067,172.31.46.0-255,66,275740,44,308035
50971,0.039678,172.31.46.0-255,172,275912,44,308035
50972,0.039724,172.31.46.0-255,1114,277026,44,308035
50973,0.039791,172.31.46.0-255,1514,278540,44,308035
50974,0.039793,172.31.46.0-255,1514,280054,44,308035
50975,0.039798,172.31.46.0-255,1514,281568,44,308035
50976,0.039799,172.31.46.0-255,1514,283082,44,308035
50977,0.039818,172.31.46.0-255,1514,284596,44,308035
50978,0.039824,172.31.46.0-255,72,284668,44,308035
50979,0.040057,74.125.68.0-255,5738,290406,44,308035
50980,0.040063,172.31.46.0-255,66,290472,44,308035
50981,0.041227,104.244.42.0-255,66,290538,44,308035
50982,0.041235,104.244.42.0-255,66,290604,44,308035
50983,0.041353,104.244.42.0-255,66,290670,44,308035
50984,0.04136,104.244.42.0-255,66,290736,44,308035
50985,0.041362,104.244.42.0-255,66,290802,44,308035
50986,0.042062,74.125.68.0-255,5738,296540,44,308035
50987,0.042069,172.31.46.0-255,66,296606,44,308035
50988,0.04407,74.125.68.0-255,5738,302344,44,308035
50989,0.044076,172.31.46.0-255,66,302410,44,308035
50990,0.046076,74.125.68.0-255,5388,307798,44,308035
50991,0.046081,172.31.46.0-255,66,307864,44,308035
50992,0.046242,172.31.46.0-255,105,307969,44,308035
50993,0.048199,74.125.68.0-255,66,308035,44,308035
50994,0.0,74.125.200.0-255,153,153,44,385924
50995,2.4e-05,172.31.46.0-255,66,219,44,385924
50996,3.2e-05,74.125.200.0-255,1484,1703,44,385924
50997,3.7e-05,172.31.46.0-255,66,1769,44,385924
50998,4.4e-05,74.125.200.0-255,2902,4671,44,385924
50999,4.8e-05,172.31.46.0-255,66,4737,44,385924
51000,5.3e-05,74.125.200.0-255,2902,7639,44,385924
51001,5.7e-05,172.31.46.0-255,66,7705,44,385924
51002,7.6e-05,74.125.200.0-255,2902,10607,44,385924
51003,8e-05,172.31.46.0-255,66,10673,44,385924
51004,8.3e-05,74.125.200.0-255,1484,12157,44,385924
51005,8.5e-05,172.31.46.0-255,66,12223,44,385924
51006,0.000113,74.125.200.0-255,2902,15125,44,385924
51007,0.000116,172.31.46.0-255,66,15191,44,385924
51008,0.000141,74.125.200.0-255,6228,21419,44,385924
51009,0.000143,172.31.46.0-255,66,21485,44,385924
51010,0.000146,74.125.200.0-255,1484,22969,44,385924
51011,0.000148,172.31.46.0-255,66,23035,44,385924
51012,0.000174,172.31.46.0-255,66,23101,44,385924
51013,0.000698,74.125.200.0-255,1484,24585,44,385924
51014,0.000704,172.31.46.0-255,66,24651,44,385924
51015,0.000711,74.125.200.0-255,2902,27553,44,385924
51016,0.000713,172.31.46.0-255,66,27619,44,385924
51017,0.000716,74.125.200.0-255,1484,29103,44,385924
51018,0.000718,172.31.46.0-255,66,29169,44,385924
51019,0.000743,74.125.200.0-255,2902,32071,44,385924
51020,0.000746,172.31.46.0-255,66,32137,44,385924
51021,0.000769,74.125.200.0-255,5738,37875,44,385924
51022,0.000772,172.31.46.0-255,66,37941,44,385924
51023,0.000776,74.125.200.0-255,2543,40484,44,385924
51024,0.000779,172.31.46.0-255,66,40550,44,385924
51025,0.000805,74.125.200.0-255,2902,43452,44,385924
51026,0.000826,74.125.200.0-255,4320,47772,44,385924
51027,0.000835,172.31.46.0-255,66,47838,44,385924
51028,0.000839,74.125.200.0-255,2902,50740,44,385924
51029,0.000846,172.31.46.0-255,66,50806,44,385924
51030,0.000867,74.125.200.0-255,1484,52290,44,385924
51031,0.000881,74.125.200.0-255,5655,57945,44,385924
51032,0.000894,172.31.46.0-255,66,58011,44,385924
51033,0.000965,74.125.200.0-255,130,58141,44,385924
51034,0.001153,74.125.200.0-255,1484,59625,44,385924
51035,0.001157,172.31.46.0-255,66,59691,44,385924
51036,0.001161,74.125.200.0-255,1484,61175,44,385924
51037,0.001175,74.125.200.0-255,1484,62659,44,385924
51038,0.001178,74.125.200.0-255,1484,64143,44,385924
51039,0.001191,172.31.46.0-255,66,64209,44,385924
51040,0.001198,74.125.200.0-255,5738,69947,44,385924
51041,0.001209,172.31.46.0-255,66,70013,44,385924
51042,0.001229,74.125.200.0-255,5738,75751,44,385924
51043,0.001238,172.31.46.0-255,66,75817,44,385924
51044,0.001255,74.125.200.0-255,4320,80137,44,385924
51045,0.00127,172.31.46.0-255,66,80203,44,385924
51046,0.001287,74.125.200.0-255,4320,84523,44,385924
51047,0.001316,74.125.200.0-255,7156,91679,44,385924
51048,0.001324,172.31.46.0-255,66,91745,44,385924
51049,0.001331,74.125.200.0-255,1047,92792,44,385924
51050,0.001617,172.31.46.0-255,66,92858,44,385924
51051,0.001657,74.125.200.0-255,1484,94342,44,385924
51052,0.001677,74.125.200.0-255,2902,97244,44,385924
51053,0.00168,74.125.200.0-255,1484,98728,44,385924
51054,0.001694,74.125.200.0-255,2902,101630,44,385924
51055,0.001711,74.125.200.0-255,2902,104532,44,385924
51056,0.00173,74.125.200.0-255,2902,107434,44,385924
51057,0.001734,74.125.200.0-255,1484,108918,44,385924
51058,0.001749,74.125.200.0-255,4320,113238,44,385924
51059,0.001776,74.125.200.0-255,4320,117558,44,385924
51060,0.001779,172.31.46.0-255,66,117624,44,385924
51061,0.001788,74.125.200.0-255,2902,120526,44,385924
51062,0.001793,172.31.46.0-255,66,120592,44,385924
51063,0.001826,74.125.200.0-255,4320,124912,44,385924
51064,0.001837,74.125.200.0-255,2184,127096,44,385924
51065,0.001871,172.31.46.0-255,66,127162,44,385924
51066,0.003855,74.125.200.0-255,5738,132900,44,385924
51067,0.003861,172.31.46.0-255,66,132966,44,385924
51068,0.005824,74.125.200.0-255,5738,138704,44,385924
51069,0.005831,172.31.46.0-255,66,138770,44,385924
51070,0.007804,74.125.200.0-255,5738,144508,44,385924
51071,0.00781,172.31.46.0-255,66,144574,44,385924
51072,0.009783,74.125.200.0-255,5738,150312,44,385924
51073,0.009791,172.31.46.0-255,66,150378,44,385924
51074,0.011778,74.125.200.0-255,5738,156116,44,385924
51075,0.011795,172.31.46.0-255,66,156182,44,385924
51076,0.013767,74.125.200.0-255,5738,161920,44,385924
51077,0.015111,172.31.46.0-255,66,161986,44,385924
51078,0.017109,74.125.200.0-255,5738,167724,44,385924
51079,0.017126,172.31.46.0-255,66,167790,44,385924
51080,0.01911,74.125.200.0-255,5738,173528,44,385924
51081,0.019124,172.31.46.0-255,66,173594,44,385924
51082,0.021089,74.125.200.0-255,5738,179332,44,385924
51083,0.0211,172.31.46.0-255,66,179398,44,385924
51084,0.023063,74.125.200.0-255,5738,185136,44,385924
51085,0.023072,172.31.46.0-255,66,185202,44,385924
51086,0.025037,74.125.200.0-255,5738,190940,44,385924
51087,0.025048,172.31.46.0-255,66,191006,44,385924
51088,0.02701,74.125.200.0-255,5738,196744,44,385924
51089,0.027018,172.31.46.0-255,66,196810,44,385924
51090,0.028989,74.125.200.0-255,5738,202548,44,385924
51091,0.029001,172.31.46.0-255,66,202614,44,385924
51092,0.030974,74.125.200.0-255,5738,208352,44,385924
51093,0.030987,172.31.46.0-255,66,208418,44,385924
51094,0.032969,74.125.200.0-255,5738,214156,44,385924
51095,0.032986,172.31.46.0-255,66,214222,44,385924
51096,0.034956,74.125.200.0-255,5738,219960,44,385924
51097,0.034967,172.31.46.0-255,66,220026,44,385924
51098,0.036936,74.125.200.0-255,5738,225764,44,385924
51099,0.036943,172.31.46.0-255,66,225830,44,385924
51100,0.038295,172.31.46.0-255,172,226002,44,385924
51101,0.038342,172.31.46.0-255,1109,227111,44,385924
51102,0.038409,172.31.46.0-255,1514,228625,44,385924
51103,0.038412,172.31.46.0-255,1514,230139,44,385924
51104,0.038419,172.31.46.0-255,1514,231653,44,385924
51105,0.03842,172.31.46.0-255,1514,233167,44,385924
51106,0.038436,172.31.46.0-255,1514,234681,44,385924
51107,0.038438,172.31.46.0-255,75,234756,44,385924
51108,0.038905,74.125.200.0-255,5738,240494,44,385924
51109,0.038912,172.31.46.0-255,66,240560,44,385924
51110,0.03998,104.244.42.0-255,66,240626,44,385924
51111,0.039989,104.244.42.0-255,66,240692,44,385924
51112,0.039993,104.244.42.0-255,66,240758,44,385924
51113,0.040099,104.244.42.0-255,66,240824,44,385924
51114,0.040884,74.125.200.0-255,5738,246562,44,385924
51115,0.040893,172.31.46.0-255,66,246628,44,385924
51116,0.042877,74.125.200.0-255,5738,252366,44,385924
51117,0.04289,172.31.46.0-255,66,252432,44,385924
51118,0.044862,74.125.200.0-255,5738,258170,44,385924
51119,0.044877,172.31.46.0-255,66,258236,44,385924
51120,0.046872,74.125.200.0-255,5738,263974,44,385924
51121,0.04689,172.31.46.0-255,66,264040,44,385924
51122,0.048875,74.125.200.0-255,5738,269778,44,385924
51123,0.048888,172.31.46.0-255,66,269844,44,385924
51124,0.051063,74.125.200.0-255,5738,275582,44,385924
51125,0.051085,172.31.46.0-255,66,275648,44,385924
51126,0.053076,74.125.200.0-255,5738,281386,44,385924
51127,0.053098,172.31.46.0-255,66,281452,44,385924
51128,0.055076,74.125.200.0-255,5738,287190,44,385924
51129,0.055101,172.31.46.0-255,66,287256,44,385924
51130,0.057094,74.125.200.0-255,5738,292994,44,385924
51131,0.05711,172.31.46.0-255,66,293060,44,385924
51132,0.059103,74.125.200.0-255,5738,298798,44,385924
51133,0.059114,172.31.46.0-255,66,298864,44,385924
51134,0.061077,74.125.200.0-255,5738,304602,44,385924
51135,0.061085,172.31.46.0-255,66,304668,44,385924
51136,0.063077,74.125.200.0-255,5738,310406,44,385924
51137,0.063084,172.31.46.0-255,66,310472,44,385924
51138,0.065064,74.125.200.0-255,5738,316210,44,385924
51139,0.065078,172.31.46.0-255,66,316276,44,385924
51140,0.067039,74.125.200.0-255,5738,322014,44,385924
51141,0.067051,172.31.46.0-255,66,322080,44,385924
51142,0.069066,74.125.200.0-255,5738,327818,44,385924
51143,0.069074,172.31.46.0-255,66,327884,44,385924
51144,0.071047,74.125.200.0-255,5738,333622,44,385924
51145,0.071055,172.31.46.0-255,66,333688,44,385924
51146,0.073022,74.125.200.0-255,5738,339426,44,385924
51147,0.073028,172.31.46.0-255,66,339492,44,385924
51148,0.074999,74.125.200.0-255,5738,345230,44,385924
51149,0.075006,172.31.46.0-255,66,345296,44,385924
51150,0.076976,74.125.200.0-255,5738,351034,44,385924
51151,0.076983,172.31.46.0-255,66,351100,44,385924
51152,0.078966,74.125.200.0-255,5738,356838,44,385924
51153,0.078979,172.31.46.0-255,66,356904,44,385924
51154,0.080965,74.125.200.0-255,5738,362642,44,385924
51155,0.080978,172.31.46.0-255,66,362708,44,385924
51156,0.082943,74.125.200.0-255,5738,368446,44,385924
51157,0.082952,172.31.46.0-255,66,368512,44,385924
51158,0.084928,74.125.200.0-255,5738,374250,44,385924
51159,0.084937,172.31.46.0-255,66,374316,44,385924
51160,0.086948,74.125.200.0-255,5738,380054,44,385924
51161,0.086966,172.31.46.0-255,66,380120,44,385924
51162,0.088959,74.125.200.0-255,5738,385858,44,385924
51163,0.088979,172.31.46.0-255,66,385924,44,385924
51164,0.0,74.125.130.0-255,153,153,44,384112
51165,1.5e-05,172.31.46.0-255,66,219,44,384112
51166,2.2e-05,74.125.130.0-255,1484,1703,44,384112
51167,2.6e-05,172.31.46.0-255,66,1769,44,384112
51168,3.3e-05,74.125.130.0-255,2902,4671,44,384112
51169,3.6e-05,172.31.46.0-255,66,4737,44,384112
51170,4.8e-05,74.125.130.0-255,1484,6221,44,384112
51171,5.1e-05,172.31.46.0-255,66,6287,44,384112
51172,5.6e-05,74.125.130.0-255,2902,9189,44,384112
51173,5.9e-05,172.31.46.0-255,66,9255,44,384112
51174,9.5e-05,74.125.130.0-255,6157,15412,44,384112
51175,9.9e-05,172.31.46.0-255,66,15478,44,384112
51176,0.000103,74.125.130.0-255,2902,18380,44,384112
51177,0.000106,172.31.46.0-255,66,18446,44,384112
51178,0.000111,74.125.130.0-255,4320,22766,44,384112
51179,0.000114,172.31.46.0-255,66,22832,44,384112
51180,0.000153,74.125.130.0-255,4320,27152,44,384112
51181,0.000156,172.31.46.0-255,66,27218,44,384112
51182,0.000186,74.125.130.0-255,3961,31179,44,384112
51183,0.000189,172.31.46.0-255,66,31245,44,384112
51184,0.000307,74.125.130.0-255,1484,32729,44,384112
51185,0.000312,172.31.46.0-255,66,32795,44,384112
51186,0.000318,74.125.130.0-255,2902,35697,44,384112
51187,0.000321,172.31.46.0-255,66,35763,44,384112
51188,0.000355,74.125.130.0-255,5738,41501,44,384112
51189,0.000358,172.31.46.0-255,66,41567,44,384112
51190,0.000362,74.125.130.0-255,2902,44469,44,384112
51191,0.000364,172.31.46.0-255,66,44535,44,384112
51192,0.000433,172.31.46.0-255,66,44601,44,384112
51193,0.000439,74.125.130.0-255,4320,48921,44,384112
51194,0.000442,172.31.46.0-255,66,48987,44,384112
51195,0.000445,74.125.130.0-255,1484,50471,44,384112
51196,0.000472,74.125.130.0-255,4251,54722,44,384112
51197,0.000474,74.125.130.0-255,366,55088,44,384112
51198,0.000568,172.31.46.0-255,66,55154,44,384112
51199,0.000667,74.125.130.0-255,1484,56638,44,384112
51200,0.000672,74.125.130.0-255,1484,58122,44,384112
51201,0.000683,74.125.130.0-255,1484,59606,44,384112
51202,0.000686,74.125.130.0-255,1484,61090,44,384112
51203,0.000689,172.31.46.0-255,66,61156,44,384112
51204,0.000703,74.125.130.0-255,4320,65476,44,384112
51205,0.000712,74.125.130.0-255,2902,68378,44,384112
51206,0.000721,172.31.46.0-255,66,68444,44,384112
51207,0.000724,74.125.130.0-255,1484,69928,44,384112
51208,0.000743,74.125.130.0-255,5379,75307,44,384112
51209,0.000759,74.125.130.0-255,4320,79627,44,384112
51210,0.000773,74.125.130.0-255,5738,85365,44,384112
51211,0.000785,74.125.130.0-255,1484,86849,44,384112
51212,0.000788,172.31.46.0-255,66,86915,44,384112
51213,0.000832,74.125.130.0-255,2543,89458,44,384112
51214,0.00084,172.31.46.0-255,66,89524,44,384112
51215,0.001345,74.125.130.0-255,1484,91008,44,384112
51216,0.001348,74.125.130.0-255,1484,92492,44,384112
51217,0.001359,172.31.46.0-255,66,92558,44,384112
51218,0.001364,74.125.130.0-255,2902,95460,44,384112
51219,0.001365,172.31.46.0-255,66,95526,44,384112
51220,0.001395,74.125.130.0-255,5738,101264,44,384112
51221,0.001397,172.31.46.0-255,66,101330,44,384112
51222,0.001423,74.125.130.0-255,5738,107068,44,384112
51223,0.001425,172.31.46.0-255,66,107134,44,384112
51224,0.001451,74.125.130.0-255,5738,112872,44,384112
51225,0.001453,172.31.46.0-255,66,112938,44,384112
51226,0.001457,74.125.130.0-255,1484,114422,44,384112
51227,0.001493,172.31.46.0-255,66,114488,44,384112
51228,0.001676,74.125.130.0-255,1484,115972,44,384112
51229,0.00168,74.125.130.0-255,1484,117456,44,384112
51230,0.001683,172.31.46.0-255,66,117522,44,384112
51231,0.001708,74.125.130.0-255,1484,119006,44,384112
51232,0.001713,74.125.130.0-255,2902,121908,44,384112
51233,0.001715,172.31.46.0-255,66,121974,44,384112
51234,0.001727,74.125.130.0-255,1484,123458,44,384112
51235,0.001735,74.125.130.0-255,2902,126360,44,384112
51236,0.001737,172.31.46.0-255,66,126426,44,384112
51237,0.001761,74.125.130.0-255,2902,129328,44,384112
51238,0.001763,172.31.46.0-255,66,129394,44,384112
51239,0.001783,74.125.130.0-255,5738,135132,44,384112
51240,0.001785,172.31.46.0-255,66,135198,44,384112
51241,0.001809,74.125.130.0-255,5738,140936,44,384112
51242,0.001814,74.125.130.0-255,4320,145256,44,384112
51243,0.001833,172.31.46.0-255,66,145322,44,384112
51244,0.001838,74.125.130.0-255,3602,148924,44,384112
51245,0.001842,172.31.46.0-255,66,148990,44,384112
51246,0.001923,74.125.130.0-255,1484,150474,44,384112
51247,0.001928,74.125.130.0-255,2902,153376,44,384112
51248,0.001931,172.31.46.0-255,66,153442,44,384112
51249,0.001964,74.125.130.0-255,5738,159180,44,384112
51250,0.001967,172.31.46.0-255,66,159246,44,384112
51251,0.00197,74.125.130.0-255,1484,160730,44,384112
51252,0.002,74.125.130.0-255,7156,167886,44,384112
51253,0.002008,74.125.130.0-255,7156,175042,44,384112
51254,0.002029,74.125.130.0-255,2902,177944,44,384112
51255,0.002034,74.125.130.0-255,5020,182964,44,384112
51256,0.002038,172.31.46.0-255,66,183030,44,384112
51257,0.004118,74.125.130.0-255,5738,188768,44,384112
51258,0.004125,172.31.46.0-255,66,188834,44,384112
51259,0.006196,74.125.130.0-255,1484,190318,44,384112
51260,0.006216,74.125.130.0-255,4320,194638,44,384112
51261,0.006219,172.31.46.0-255,66,194704,44,384112
51262,0.008305,74.125.130.0-255,5738,200442,44,384112
51263,0.008312,172.31.46.0-255,66,200508,44,384112
51264,0.01039,74.125.130.0-255,5738,206246,44,384112
51265,0.010396,172.31.46.0-255,66,206312,44,384112
51266,0.012522,74.125.130.0-255,5738,212050,44,384112
51267,0.01253,172.31.46.0-255,66,212116,44,384112
51268,0.014612,74.125.130.0-255,5738,217854,44,384112
51269,0.014619,172.31.46.0-255,66,217920,44,384112
51270,0.01671,74.125.130.0-255,5738,223658,44,384112
51271,0.016717,172.31.46.0-255,66,223724,44,384112
51272,0.01881,74.125.130.0-255,5738,229462,44,384112
51273,0.018819,172.31.46.0-255,66,229528,44,384112
51274,0.020905,74.125.130.0-255,5738,235266,44,384112
51275,0.020912,172.31.46.0-255,66,235332,44,384112
51276,0.022998,74.125.130.0-255,5738,241070,44,384112
51277,0.023005,172.31.46.0-255,66,241136,44,384112
51278,0.025101,74.125.130.0-255,5738,246874,44,384112
51279,0.025109,172.31.46.0-255,66,246940,44,384112
51280,0.027192,74.125.130.0-255,5738,252678,44,384112
51281,0.0272,172.31.46.0-255,66,252744,44,384112
51282,0.029281,74.125.130.0-255,5738,258482,44,384112
51283,0.029287,172.31.46.0-255,66,258548,44,384112
51284,0.031088,172.31.46.0-255,172,258720,44,384112
51285,0.031115,172.31.46.0-255,1109,259829,44,384112
51286,0.031172,172.31.46.0-255,1514,261343,44,384112
51287,0.031174,172.31.46.0-255,1514,262857,44,384112
51288,0.031179,172.31.46.0-255,1514,264371,44,384112
51289,0.03118,172.31.46.0-255,1514,265885,44,384112
51290,0.031198,172.31.46.0-255,1514,267399,44,384112
51291,0.031199,172.31.46.0-255,75,267474,44,384112
51292,0.031353,74.125.130.0-255,2902,270376,44,384112
51293,0.031359,172.31.46.0-255,66,270442,44,384112
51294,0.03139,74.125.130.0-255,2902,273344,44,384112
51295,0.031393,172.31.46.0-255,66,273410,44,384112
51296,0.032629,104.244.42.0-255,66,273476,44,384112
51297,0.032655,104.244.42.0-255,66,273542,44,384112
51298,0.032788,104.244.42.0-255,66,273608,44,384112
51299,0.032793,104.244.42.0-255,66,273674,44,384112
51300,0.033503,74.125.130.0-255,5738,279412,44,384112
51301,0.033511,172.31.46.0-255,66,279478,44,384112
51302,0.035596,74.125.130.0-255,5738,285216,44,384112
51303,0.035602,172.31.46.0-255,66,285282,44,384112
51304,0.037684,74.125.130.0-255,5738,291020,44,384112
51305,0.03769,172.31.46.0-255,66,291086,44,384112
51306,0.039819,74.125.130.0-255,5738,296824,44,384112
51307,0.039825,172.31.46.0-255,66,296890,44,384112
51308,0.041957,74.125.130.0-255,5738,302628,44,384112
51309,0.041963,172.31.46.0-255,66,302694,44,384112
51310,0.044097,74.125.130.0-255,5738,308432,44,384112
51311,0.044106,172.31.46.0-255,66,308498,44,384112
51312,0.046191,74.125.130.0-255,5738,314236,44,384112
51313,0.046197,172.31.46.0-255,66,314302,44,384112
51314,0.048304,74.125.130.0-255,5738,320040,44,384112
51315,0.048311,172.31.46.0-255,66,320106,44,384112
51316,0.050402,74.125.130.0-255,5738,325844,44,384112
51317,0.050408,172.31.46.0-255,66,325910,44,384112
51318,0.052506,74.125.130.0-255,5738,331648,44,384112
51319,0.052512,172.31.46.0-255,66,331714,44,384112
51320,0.054598,74.125.130.0-255,5738,337452,44,384112
51321,0.054605,172.31.46.0-255,66,337518,44,384112
51322,0.056691,74.125.130.0-255,5738,343256,44,384112
51323,0.056697,172.31.46.0-255,66,343322,44,384112
51324,0.05878,74.125.130.0-255,5738,349060,44,384112
51325,0.058786,172.31.46.0-255,66,349126,44,384112
51326,0.060865,74.125.130.0-255,5738,354864,44,384112
51327,0.060871,172.31.46.0-255,66,354930,44,384112
51328,0.062956,74.125.130.0-255,5738,360668,44,384112
51329,0.062962,172.31.46.0-255,66,360734,44,384112
51330,0.06506,74.125.130.0-255,5738,366472,44,384112
51331,0.065066,172.31.46.0-255,66,366538,44,384112
51332,0.067159,74.125.130.0-255,5738,372276,44,384112
51333,0.067165,172.31.46.0-255,66,372342,44,384112
51334,0.069266,74.125.130.0-255,5738,378080,44,384112
51335,0.069272,172.31.46.0-255,66,378146,44,384112
51336,0.071363,74.125.130.0-255,5729,383875,44,384112
51337,0.071368,172.31.46.0-255,66,383941,44,384112
51338,0.071536,172.31.46.0-255,105,384046,44,384112
51339,0.073584,74.125.130.0-255,66,384112,44,384112
51340,0.0,74.125.200.0-255,146,146,44,290044
51341,2.6e-05,172.31.46.0-255,66,212,44,290044
51342,3.4e-05,74.125.200.0-255,1484,1696,44,290044
51343,3.9e-05,172.31.46.0-255,66,1762,44,290044
51344,4.5e-05,74.125.200.0-255,2902,4664,44,290044
51345,4.9e-05,172.31.46.0-255,66,4730,44,290044
51346,5.7e-05,74.125.200.0-255,7156,11886,44,290044
51347,6.1e-05,172.31.46.0-255,66,11952,44,290044
51348,6.6e-05,74.125.200.0-255,2044,13996,44,290044
51349,7e-05,172.31.46.0-255,66,14062,44,290044
51350,0.000541,74.125.200.0-255,1484,15546,44,290044
51351,0.000547,172.31.46.0-255,66,15612,44,290044
51352,0.000555,74.125.200.0-255,2902,18514,44,290044
51353,0.000558,172.31.46.0-255,66,18580,44,290044
51354,0.000563,74.125.200.0-255,4320,22900,44,290044
51355,0.000566,172.31.46.0-255,66,22966,44,290044
51356,0.000622,172.31.46.0-255,66,23032,44,290044
51357,0.000625,74.125.200.0-255,1484,24516,44,290044
51358,0.000627,172.31.46.0-255,66,24582,44,290044
51359,0.000653,74.125.200.0-255,7156,31738,44,290044
51360,0.000656,172.31.46.0-255,66,31804,44,290044
51361,0.000664,74.125.200.0-255,7156,38960,44,290044
51362,0.000666,172.31.46.0-255,66,39026,44,290044
51363,0.000683,74.125.200.0-255,1125,40151,44,290044
51364,0.000688,172.31.46.0-255,66,40217,44,290044
51365,0.001001,74.125.200.0-255,1484,41701,44,290044
51366,0.001005,172.31.46.0-255,66,41767,44,290044
51367,0.001009,74.125.200.0-255,1484,43251,44,290044
51368,0.001012,172.31.46.0-255,66,43317,44,290044
51369,0.001015,74.125.200.0-255,1484,44801,44,290044
51370,0.001017,172.31.46.0-255,66,44867,44,290044
51371,0.001033,74.125.200.0-255,1484,46351,44,290044
51372,0.001047,74.125.200.0-255,2902,49253,44,290044
51373,0.00105,172.31.46.0-255,66,49319,44,290044
51374,0.001065,74.125.200.0-255,2902,52221,44,290044
51375,0.001067,172.31.46.0-255,66,52287,44,290044
51376,0.001071,74.125.200.0-255,1484,53771,44,290044
51377,0.001075,74.125.200.0-255,2902,56673,44,290044
51378,0.001077,172.31.46.0-255,66,56739,44,290044
51379,0.001103,74.125.200.0-255,1420,58159,44,290044
51380,0.001288,172.31.46.0-255,66,58225,44,290044
51381,0.002195,74.125.200.0-255,130,58355,44,290044
51382,0.003303,74.125.200.0-255,2902,61257,44,290044
51383,0.003309,172.31.46.0-255,66,61323,44,290044
51384,0.004178,74.125.200.0-255,1484,62807,44,290044
51385,0.005542,74.125.200.0-255,4320,67127,44,290044
51386,0.005548,172.31.46.0-255,66,67193,44,290044
51387,0.00779,74.125.200.0-255,4320,71513,44,290044
51388,0.007798,172.31.46.0-255,66,71579,44,290044
51389,0.00784,74.125.200.0-255,1484,73063,44,290044
51390,0.010025,74.125.200.0-255,4320,77383,44,290044
51391,0.010038,172.31.46.0-255,66,77449,44,290044
51392,0.012266,74.125.200.0-255,5738,83187,44,290044
51393,0.012279,172.31.46.0-255,66,83253,44,290044
51394,0.014521,74.125.200.0-255,5738,88991,44,290044
51395,0.014533,172.31.46.0-255,66,89057,44,290044
51396,0.016777,74.125.200.0-255,5738,94795,44,290044
51397,0.016795,172.31.46.0-255,66,94861,44,290044
51398,0.01902,74.125.200.0-255,5738,100599,44,290044
51399,0.019031,172.31.46.0-255,66,100665,44,290044
51400,0.021264,74.125.200.0-255,2902,103567,44,290044
51401,0.021274,172.31.46.0-255,66,103633,44,290044
51402,0.021296,74.125.200.0-255,2902,106535,44,290044
51403,0.021299,172.31.46.0-255,66,106601,44,290044
51404,0.023503,74.125.200.0-255,2902,109503,44,290044
51405,0.023519,172.31.46.0-255,66,109569,44,290044
51406,0.023528,74.125.200.0-255,2902,112471,44,290044
51407,0.023532,172.31.46.0-255,66,112537,44,290044
51408,0.025759,74.125.200.0-255,5738,118275,44,290044
51409,0.025773,172.31.46.0-255,66,118341,44,290044
51410,0.028025,74.125.200.0-255,5738,124079,44,290044
51411,0.02804,172.31.46.0-255,66,124145,44,290044
51412,0.030299,74.125.200.0-255,5738,129883,44,290044
51413,0.030312,172.31.46.0-255,66,129949,44,290044
51414,0.03255,74.125.200.0-255,5738,135687,44,290044
51415,0.032564,172.31.46.0-255,66,135753,44,290044
51416,0.034817,74.125.200.0-255,5738,141491,44,290044
51417,0.034826,172.31.46.0-255,66,141557,44,290044
51418,0.037065,74.125.200.0-255,5738,147295,44,290044
51419,0.037082,172.31.46.0-255,66,147361,44,290044
51420,0.039312,74.125.200.0-255,5738,153099,44,290044
51421,0.039323,172.31.46.0-255,66,153165,44,290044
51422,0.041567,74.125.200.0-255,5738,158903,44,290044
51423,0.041576,172.31.46.0-255,66,158969,44,290044
51424,0.043183,172.31.46.0-255,172,159141,44,290044
51425,0.043219,172.31.46.0-255,1114,160255,44,290044
51426,0.043305,172.31.46.0-255,1514,161769,44,290044
51427,0.043307,172.31.46.0-255,1514,163283,44,290044
51428,0.043312,172.31.46.0-255,1514,164797,44,290044
51429,0.043313,172.31.46.0-255,1514,166311,44,290044
51430,0.043332,172.31.46.0-255,1514,167825,44,290044
51431,0.043333,172.31.46.0-255,71,167896,44,290044
51432,0.043819,74.125.200.0-255,5738,173634,44,290044
51433,0.043826,172.31.46.0-255,66,173700,44,290044
51434,0.044726,104.244.42.0-255,66,173766,44,290044
51435,0.044734,104.244.42.0-255,66,173832,44,290044
51436,0.044868,104.244.42.0-255,66,173898,44,290044
51437,0.044918,104.244.42.0-255,66,173964,44,290044
51438,0.046054,74.125.200.0-255,5738,179702,44,290044
51439,0.046061,172.31.46.0-255,66,179768,44,290044
51440,0.048301,74.125.200.0-255,5738,185506,44,290044
51441,0.048319,172.31.46.0-255,66,185572,44,290044
51442,0.050567,74.125.200.0-255,5738,191310,44,290044
51443,0.05058,172.31.46.0-255,66,191376,44,290044
51444,0.052831,74.125.200.0-255,5738,197114,44,290044
51445,0.05284,172.31.46.0-255,66,197180,44,290044
51446,0.055076,74.125.200.0-255,5738,202918,44,290044
51447,0.055083,172.31.46.0-255,66,202984,44,290044
51448,0.057335,74.125.200.0-255,5738,208722,44,290044
51449,0.057344,172.31.46.0-255,66,208788,44,290044
51450,0.059581,74.125.200.0-255,5738,214526,44,290044
51451,0.059587,172.31.46.0-255,66,214592,44,290044
51452,0.061821,74.125.200.0-255,5738,220330,44,290044
51453,0.06183,172.31.46.0-255,66,220396,44,290044
51454,0.064073,74.125.200.0-255,5738,226134,44,290044
51455,0.064082,172.31.46.0-255,66,226200,44,290044
51456,0.066329,74.125.200.0-255,5738,231938,44,290044
51457,0.066342,172.31.46.0-255,66,232004,44,290044
51458,0.068586,74.125.200.0-255,5738,237742,44,290044
51459,0.068595,172.31.46.0-255,66,237808,44,290044
51460,0.070823,74.125.200.0-255,5738,243546,44,290044
51461,0.07083,172.31.46.0-255,66,243612,44,290044
51462,0.073065,74.125.200.0-255,5738,249350,44,290044
51463,0.073075,172.31.46.0-255,66,249416,44,290044
51464,0.075326,74.125.200.0-255,5738,255154,44,290044
51465,0.075334,172.31.46.0-255,66,255220,44,290044
51466,0.077567,74.125.200.0-255,5738,260958,44,290044
51467,0.077578,172.31.46.0-255,66,261024,44,290044
51468,0.079847,74.125.200.0-255,5738,266762,44,290044
51469,0.079854,172.31.46.0-255,66,266828,44,290044
51470,0.082104,74.125.200.0-255,5738,272566,44,290044
51471,0.082112,172.31.46.0-255,66,272632,44,290044
51472,0.08436,74.125.200.0-255,5738,278370,44,290044
51473,0.084368,172.31.46.0-255,66,278436,44,290044
51474,0.086601,74.125.200.0-255,5738,284174,44,290044
51475,0.086608,172.31.46.0-255,66,284240,44,290044
51476,0.088852,74.125.200.0-255,5738,289978,44,290044
51477,0.088859,172.31.46.0-255,66,290044,44,290044
51478,0.0,172.217.194.0-255,294,294,44,272510
51479,2.2e-05,172.31.46.0-255,66,360,44,272510
51480,2.9e-05,172.217.194.0-255,1484,1844,44,272510
51481,3.3e-05,172.31.46.0-255,66,1910,44,272510
51482,4e-05,172.217.194.0-255,4320,6230,44,272510
51483,4.3e-05,172.31.46.0-255,66,6296,44,272510
51484,4.6e-05,172.217.194.0-255,1484,7780,44,272510
51485,4.8e-05,172.31.46.0-255,66,7846,44,272510
51486,7.9e-05,172.217.194.0-255,6111,13957,44,272510
51487,8.2e-05,172.31.46.0-255,66,14023,44,272510
51488,9.4e-05,172.31.46.0-255,66,14089,44,272510
51489,0.000119,172.217.194.0-255,4320,18409,44,272510
51490,0.000121,172.31.46.0-255,66,18475,44,272510
51491,0.000126,172.217.194.0-255,2543,21018,44,272510
51492,0.000128,172.31.46.0-255,66,21084,44,272510
51493,0.000168,172.217.194.0-255,4320,25404,44,272510
51494,0.000171,172.31.46.0-255,66,25470,44,272510
51495,0.000201,172.31.46.0-255,66,25536,44,272510
51496,0.000407,172.217.194.0-255,1484,27020,44,272510
51497,0.000411,172.31.46.0-255,66,27086,44,272510
51498,0.000417,172.217.194.0-255,2902,29988,44,272510
51499,0.00042,172.31.46.0-255,66,30054,44,272510
51500,0.000428,172.217.194.0-255,5738,35792,44,272510
51501,0.00043,172.31.46.0-255,66,35858,44,272510
51502,0.000455,172.217.194.0-255,2902,38760,44,272510
51503,0.000458,172.31.46.0-255,66,38826,44,272510
51504,0.000472,172.217.194.0-255,3961,42787,44,272510
51505,0.000475,172.31.46.0-255,66,42853,44,272510
51506,0.000519,172.217.194.0-255,1484,44337,44,272510
51507,0.000523,172.31.46.0-255,66,44403,44,272510
51508,0.000528,172.217.194.0-255,2902,47305,44,272510
51509,0.000536,172.217.194.0-255,5738,53043,44,272510
51510,0.000545,172.31.46.0-255,66,53109,44,272510
51511,0.000549,172.217.194.0-255,1484,54593,44,272510
51512,0.000562,172.217.194.0-255,4320,58913,44,272510
51513,0.000586,172.217.194.0-255,1484,60397,44,272510
51514,0.000647,172.31.46.0-255,66,60463,44,272510
51515,0.000661,172.217.194.0-255,1484,61947,44,272510
51516,0.000678,172.217.194.0-255,6783,68730,44,272510
51517,0.000689,172.31.46.0-255,66,68796,44,272510
51518,0.000787,172.217.194.0-255,1484,70280,44,272510
51519,0.000794,172.217.194.0-255,2902,73182,44,272510
51520,0.0008,172.217.194.0-255,4320,77502,44,272510
51521,0.000814,172.217.194.0-255,1484,78986,44,272510
51522,0.000818,172.217.194.0-255,1484,80470,44,272510
51523,0.000826,172.31.46.0-255,66,80536,44,272510
51524,0.000838,172.217.194.0-255,4320,84856,44,272510
51525,0.000871,172.217.194.0-255,5738,90594,44,272510
51526,0.000874,172.217.194.0-255,766,91360,44,272510
51527,0.00089,172.31.46.0-255,66,91426,44,272510
51528,0.001098,172.217.194.0-255,1484,92910,44,272510
51529,0.001104,172.217.194.0-255,2902,95812,44,272510
51530,0.00111,172.217.194.0-255,5738,101550,44,272510
51531,0.001123,172.217.194.0-255,2902,104452,44,272510
51532,0.001138,172.217.194.0-255,7156,111608,44,272510
51533,0.001144,172.31.46.0-255,66,111674,44,272510
51534,0.001177,172.217.194.0-255,7156,118830,44,272510
51535,0.001194,172.217.194.0-255,6438,125268,44,272510
51536,0.001199,172.31.46.0-255,66,125334,44,272510
51537,0.001288,172.217.194.0-255,1484,126818,44,272510
51538,0.001293,172.217.194.0-255,2902,129720,44,272510
51539,0.001301,172.31.46.0-255,66,129786,44,272510
51540,0.001315,172.217.194.0-255,5738,135524,44,272510
51541,0.001336,172.217.194.0-255,4320,139844,44,272510
51542,0.001348,172.217.194.0-255,2902,142746,44,272510
51543,0.001354,172.31.46.0-255,66,142812,44,272510
51544,0.001392,172.217.194.0-255,2902,145714,44,272510
51545,0.001396,172.217.194.0-255,2184,147898,44,272510
51546,0.001406,172.31.46.0-255,66,147964,44,272510
51547,0.001422,172.217.194.0-255,5738,153702,44,272510
51548,0.001454,172.31.46.0-255,66,153768,44,272510
51549,0.001462,172.217.194.0-255,1484,155252,44,272510
51550,0.001502,172.31.46.0-255,66,155318,44,272510
51551,0.00152,172.217.194.0-255,5738,161056,44,272510
51552,0.001526,172.217.194.0-255,2902,163958,44,272510
51553,0.001547,172.217.194.0-255,4320,168278,44,272510
51554,0.001593,172.31.46.0-255,66,168344,44,272510
51555,0.001605,172.217.194.0-255,5738,174082,44,272510
51556,0.001612,172.217.194.0-255,6438,180520,44,272510
51557,0.001617,172.31.46.0-255,66,180586,44,272510
51558,0.001682,172.217.194.0-255,1484,182070,44,272510
51559,0.001688,172.217.194.0-255,2902,184972,44,272510
51560,0.001692,172.217.194.0-255,1484,186456,44,272510
51561,0.001709,172.31.46.0-255,66,186522,44,272510
51562,0.001715,172.217.194.0-255,4320,190842,44,272510
51563,0.001723,172.217.194.0-255,7156,197998,44,272510
51564,0.001728,172.31.46.0-255,66,198064,44,272510
51565,0.00174,172.217.194.0-255,5738,203802,44,272510
51566,0.001769,172.31.46.0-255,66,203868,44,272510
51567,0.001791,172.217.194.0-255,5738,209606,44,272510
51568,0.001796,172.31.46.0-255,66,209672,44,272510
51569,0.001818,172.217.194.0-255,5020,214692,44,272510
51570,0.001821,172.217.194.0-255,1484,216176,44,272510
51571,0.001825,172.217.194.0-255,1484,217660,44,272510
51572,0.001834,172.217.194.0-255,1484,219144,44,272510
51573,0.001838,172.31.46.0-255,66,219210,44,272510
51574,0.001864,172.217.194.0-255,5738,224948,44,272510
51575,0.00187,172.217.194.0-255,5738,230686,44,272510
51576,0.001891,172.31.46.0-255,66,230752,44,272510
51577,0.001911,172.31.46.0-255,66,230818,44,272510
51578,0.001916,172.217.194.0-255,2902,233720,44,272510
51579,0.00192,172.217.194.0-255,2902,236622,44,272510
51580,0.001931,172.217.194.0-255,2184,238806,44,272510
51581,0.001946,172.31.46.0-255,66,238872,44,272510
51582,0.001984,172.217.194.0-255,5738,244610,44,272510
51583,0.00199,172.217.194.0-255,4320,248930,44,272510
51584,0.001994,172.217.194.0-255,2902,251832,44,272510
51585,0.002,172.31.46.0-255,66,251898,44,272510
51586,0.002028,172.217.194.0-255,2902,254800,44,272510
51587,0.002039,172.31.46.0-255,66,254866,44,272510
51588,0.00209,172.217.194.0-255,2902,257768,44,272510
51589,0.002112,172.31.46.0-255,66,257834,44,272510
51590,0.002129,172.217.194.0-255,1484,259318,44,272510
51591,0.002149,172.217.194.0-255,3734,263052,44,272510
51592,0.002165,172.217.194.0-255,105,263157,44,272510
51593,0.002185,172.31.46.0-255,66,263223,44,272510
51594,0.004632,172.31.46.0-255,105,263328,44,272510
51595,0.007233,172.217.194.0-255,66,263394,44,272510
51596,0.037678,172.31.46.0-255,164,263558,44,272510
51597,0.037713,172.31.46.0-255,1123,264681,44,272510
51598,0.037802,172.31.46.0-255,1514,266195,44,272510
51599,0.037803,172.31.46.0-255,1514,267709,44,272510
51600,0.037805,172.31.46.0-255,1514,269223,44,272510
51601,0.037806,172.31.46.0-255,1514,270737,44,272510
51602,0.037834,172.31.46.0-255,1509,272246,44,272510
51603,0.039221,104.244.42.0-255,66,272312,44,272510
51604,0.039265,104.244.42.0-255,66,272378,44,272510
51605,0.039365,104.244.42.0-255,66,272444,44,272510
51606,0.039406,104.244.42.0-255,66,272510,44,272510
51607,0.0,74.125.24.0-255,152,152,44,236822
51608,3.6e-05,172.31.46.0-255,66,218,44,236822
51609,4.4e-05,74.125.24.0-255,1484,1702,44,236822
51610,4.8e-05,172.31.46.0-255,66,1768,44,236822
51611,5.3e-05,74.125.24.0-255,2902,4670,44,236822
51612,6.3e-05,172.31.46.0-255,66,4736,44,236822
51613,6.8e-05,74.125.24.0-255,4320,9056,44,236822
51614,7e-05,172.31.46.0-255,66,9122,44,236822
51615,9.7e-05,74.125.24.0-255,2902,12024,44,236822
51616,0.0001,172.31.46.0-255,66,12090,44,236822
51617,0.000134,74.125.24.0-255,6327,18417,44,236822
51618,0.000137,172.31.46.0-255,66,18483,44,236822
51619,0.000144,74.125.24.0-255,4320,22803,44,236822
51620,0.000146,172.31.46.0-255,66,22869,44,236822
51621,0.000186,172.31.46.0-255,66,22935,44,236822
51622,0.000307,74.125.24.0-255,1484,24419,44,236822
51623,0.000312,172.31.46.0-255,66,24485,44,236822
51624,0.000316,74.125.24.0-255,2902,27387,44,236822
51625,0.000318,172.31.46.0-255,66,27453,44,236822
51626,0.000369,74.125.24.0-255,5738,33191,44,236822
51627,0.000373,172.31.46.0-255,66,33257,44,236822
51628,0.00038,74.125.24.0-255,6797,40054,44,236822
51629,0.000383,172.31.46.0-255,66,40120,44,236822
51630,0.000403,172.31.46.0-255,66,40186,44,236822
51631,0.000432,74.125.24.0-255,1484,41670,44,236822
51632,0.000435,172.31.46.0-255,66,41736,44,236822
51633,0.00044,74.125.24.0-255,2852,44588,44,236822
51634,0.000442,172.31.46.0-255,66,44654,44,236822
51635,0.000583,74.125.24.0-255,113,44767,44,236822
51636,0.000588,172.31.46.0-255,66,44833,44,236822
51637,0.000734,74.125.24.0-255,1484,46317,44,236822
51638,0.000741,74.125.24.0-255,2902,49219,44,236822
51639,0.000745,172.31.46.0-255,66,49285,44,236822
51640,0.000748,74.125.24.0-255,1484,50769,44,236822
51641,0.000776,74.125.24.0-255,4320,55089,44,236822
51642,0.000779,172.31.46.0-255,66,55155,44,236822
51643,0.000799,172.31.46.0-255,66,55221,44,236822
51644,0.000802,74.125.24.0-255,1484,56705,44,236822
51645,0.000836,172.31.46.0-255,66,56771,44,236822
51646,0.000892,172.31.46.0-255,101,56872,44,236822
51647,0.000938,74.125.24.0-255,331,57203,44,236822
51648,0.001167,74.125.24.0-255,1484,58687,44,236822
51649,0.001172,172.31.46.0-255,66,58753,44,236822
51650,0.001178,74.125.24.0-255,2902,61655,44,236822
51651,0.00118,172.31.46.0-255,66,61721,44,236822
51652,0.001183,74.125.24.0-255,1484,63205,44,236822
51653,0.001219,74.125.24.0-255,4320,67525,44,236822
51654,0.001222,172.31.46.0-255,66,67591,44,236822
51655,0.001229,74.125.24.0-255,7156,74747,44,236822
51656,0.001231,172.31.46.0-255,66,74813,44,236822
51657,0.001274,74.125.24.0-255,2184,76997,44,236822
51658,0.001275,172.31.46.0-255,66,77063,44,236822
51659,0.001278,172.31.46.0-255,66,77129,44,236822
51660,0.001563,74.125.24.0-255,1484,78613,44,236822
51661,0.001574,74.125.24.0-255,2902,81515,44,236822
51662,0.001578,172.31.46.0-255,66,81581,44,236822
51663,0.001585,74.125.24.0-255,5738,87319,44,236822
51664,0.001587,172.31.46.0-255,66,87385,44,236822
51665,0.0016,74.125.24.0-255,4320,91705,44,236822
51666,0.001603,172.31.46.0-255,66,91771,44,236822
51667,0.001651,172.31.46.0-255,66,91837,44,236822
51668,0.001676,172.31.46.0-255,66,91903,44,236822
51669,0.00169,172.31.46.0-255,66,91969,44,236822
51670,0.001701,172.31.46.0-255,66,92035,44,236822
51671,0.001734,74.125.24.0-255,4320,96355,44,236822
51672,0.001737,172.31.46.0-255,66,96421,44,236822
51673,0.001753,172.31.46.0-255,66,96487,44,236822
51674,0.002137,74.125.24.0-255,1484,97971,44,236822
51675,0.002145,74.125.24.0-255,2902,100873,44,236822
51676,0.002149,172.31.46.0-255,66,100939,44,236822
51677,0.002156,74.125.24.0-255,5738,106677,44,236822
51678,0.002158,172.31.46.0-255,66,106743,44,236822
51679,0.002187,74.125.24.0-255,7156,113899,44,236822
51680,0.002191,172.31.46.0-255,66,113965,44,236822
51681,0.002231,172.31.46.0-255,66,114031,44,236822
51682,0.002234,74.125.24.0-255,2184,116215,44,236822
51683,0.002237,172.31.46.0-255,66,116281,44,236822
51684,0.002326,74.125.24.0-255,1484,117765,44,236822
51685,0.002342,74.125.24.0-255,1484,119249,44,236822
51686,0.002344,172.31.46.0-255,66,119315,44,236822
51687,0.00236,74.125.24.0-255,1484,120799,44,236822
51688,0.002367,74.125.24.0-255,5738,126537,44,236822
51689,0.002369,172.31.46.0-255,66,126603,44,236822
51690,0.002388,74.125.24.0-255,4320,130923,44,236822
51691,0.00239,172.31.46.0-255,66,130989,44,236822
51692,0.002399,74.125.24.0-255,2902,133891,44,236822
51693,0.002401,172.31.46.0-255,66,133957,44,236822
51694,0.002432,172.31.46.0-255,66,134023,44,236822
51695,0.002446,172.31.46.0-255,66,134089,44,236822
51696,0.002589,74.125.24.0-255,1484,135573,44,236822
51697,0.002602,74.125.24.0-255,2902,138475,44,236822
51698,0.002604,172.31.46.0-255,66,138541,44,236822
51699,0.002607,74.125.24.0-255,1484,140025,44,236822
51700,0.002629,74.125.24.0-255,4320,144345,44,236822
51701,0.002631,172.31.46.0-255,66,144411,44,236822
51702,0.002641,172.31.46.0-255,66,144477,44,236822
51703,0.002714,172.31.46.0-255,66,144543,44,236822
51704,0.003489,74.125.24.0-255,66,144609,44,236822
51705,0.005372,74.125.24.0-255,5738,150347,44,236822
51706,0.005377,172.31.46.0-255,66,150413,44,236822
51707,0.008015,74.125.24.0-255,5738,156151,44,236822
51708,0.008018,172.31.46.0-255,66,156217,44,236822
51709,0.010659,74.125.24.0-255,5738,161955,44,236822
51710,0.010669,172.31.46.0-255,66,162021,44,236822
51711,0.013327,74.125.24.0-255,5738,167759,44,236822
51712,0.013339,172.31.46.0-255,66,167825,44,236822
51713,0.015993,74.125.24.0-255,5738,173563,44,236822
51714,0.016008,172.31.46.0-255,66,173629,44,236822
51715,0.018652,74.125.24.0-255,5738,179367,44,236822
51716,0.018662,172.31.46.0-255,66,179433,44,236822
51717,0.021305,74.125.24.0-255,5738,185171,44,236822
51718,0.021317,172.31.46.0-255,66,185237,44,236822
51719,0.023935,74.125.24.0-255,5738,190975,44,236822
51720,0.023947,172.31.46.0-255,66,191041,44,236822
51721,0.026572,74.125.24.0-255,5738,196779,44,236822
51722,0.026583,172.31.46.0-255,66,196845,44,236822
51723,0.029213,74.125.24.0-255,5738,202583,44,236822
51724,0.029231,172.31.46.0-255,66,202649,44,236822
51725,0.031871,74.125.24.0-255,5738,208387,44,236822
51726,0.031881,172.31.46.0-255,66,208453,44,236822
51727,0.034534,74.125.24.0-255,5738,214191,44,236822
51728,0.034551,172.31.46.0-255,66,214257,44,236822
51729,0.037192,74.125.24.0-255,5738,219995,44,236822
51730,0.037208,172.31.46.0-255,66,220061,44,236822
51731,0.03984,74.125.24.0-255,5738,225799,44,236822
51732,0.03985,172.31.46.0-255,66,225865,44,236822
51733,0.040709,172.31.46.0-255,188,226053,44,236822
51734,0.040735,172.31.46.0-255,955,227008,44,236822
51735,0.040791,172.31.46.0-255,725,227733,44,236822
51736,0.042239,104.244.42.0-255,66,227799,44,236822
51737,0.042251,104.244.42.0-255,66,227865,44,236822
51738,0.042334,104.244.42.0-255,66,227931,44,236822
51739,0.042482,74.125.24.0-255,5738,233669,44,236822
51740,0.042508,172.31.46.0-255,66,233735,44,236822
51741,0.045162,74.125.24.0-255,2850,236585,44,236822
51742,0.045168,172.31.46.0-255,66,236651,44,236822
51743,0.045369,172.31.46.0-255,105,236756,44,236822
51744,0.053358,74.125.24.0-255,66,236822,44,236822
51745,0.0,172.217.194.0-255,153,153,44,230245
51746,1.7e-05,172.31.46.0-255,66,219,44,230245
51747,2.4e-05,172.217.194.0-255,1484,1703,44,230245
51748,2.9e-05,172.31.46.0-255,66,1769,44,230245
51749,3.5e-05,172.217.194.0-255,2902,4671,44,230245
51750,3.9e-05,172.31.46.0-255,66,4737,44,230245
51751,4.7e-05,172.217.194.0-255,7156,11893,44,230245
51752,5.2e-05,172.31.46.0-255,66,11959,44,230245
51753,8e-05,172.217.194.0-255,2075,14034,44,230245
51754,8.3e-05,172.31.46.0-255,66,14100,44,230245
51755,0.000235,172.217.194.0-255,1484,15584,44,230245
51756,0.000241,172.31.46.0-255,66,15650,44,230245
51757,0.000248,172.217.194.0-255,2902,18552,44,230245
51758,0.000251,172.31.46.0-255,66,18618,44,230245
51759,0.000257,172.217.194.0-255,5738,24356,44,230245
51760,0.000259,172.31.46.0-255,66,24422,44,230245
51761,0.000267,172.217.194.0-255,6797,31219,44,230245
51762,0.00027,172.31.46.0-255,66,31285,44,230245
51763,0.000311,172.31.46.0-255,66,31351,44,230245
51764,0.000315,172.217.194.0-255,2543,33894,44,230245
51765,0.000317,172.31.46.0-255,66,33960,44,230245
51766,0.000351,172.217.194.0-255,5738,39698,44,230245
51767,0.000354,172.31.46.0-255,66,39764,44,230245
51768,0.000373,172.217.194.0-255,5738,45502,44,230245
51769,0.000376,172.31.46.0-255,66,45568,44,230245
51770,0.000401,172.217.194.0-255,4320,49888,44,230245
51771,0.000403,172.31.46.0-255,66,49954,44,230245
51772,0.000421,172.217.194.0-255,1435,51389,44,230245
51773,0.000423,172.31.46.0-255,66,51455,44,230245
51774,0.001098,172.217.194.0-255,366,51821,44,230245
51775,0.001104,172.31.46.0-255,66,51887,44,230245
51776,0.001289,172.217.194.0-255,1484,53371,44,230245
51777,0.0013,172.217.194.0-255,2902,56273,44,230245
51778,0.001304,172.31.46.0-255,66,56339,44,230245
51779,0.001321,172.217.194.0-255,2902,59241,44,230245
51780,0.001323,172.31.46.0-255,66,59307,44,230245
51781,0.001347,172.217.194.0-255,2902,62209,44,230245
51782,0.00135,172.31.46.0-255,66,62275,44,230245
51783,0.001364,172.31.46.0-255,66,62341,44,230245
51784,0.001404,172.31.46.0-255,66,62407,44,230245
51785,0.00165,172.217.194.0-255,1484,63891,44,230245
51786,0.001658,172.217.194.0-255,2902,66793,44,230245
51787,0.001662,172.31.46.0-255,66,66859,44,230245
51788,0.00167,172.217.194.0-255,5738,72597,44,230245
51789,0.001672,172.31.46.0-255,66,72663,44,230245
51790,0.001678,172.217.194.0-255,5738,78401,44,230245
51791,0.00168,172.31.46.0-255,66,78467,44,230245
51792,0.0017,172.217.194.0-255,2902,81369,44,230245
51793,0.001702,172.31.46.0-255,66,81435,44,230245
51794,0.001727,172.217.194.0-255,4320,85755,44,230245
51795,0.00173,172.31.46.0-255,66,85821,44,230245
51796,0.001757,172.31.46.0-255,66,85887,44,230245
51797,0.002351,172.217.194.0-255,1484,87371,44,230245
51798,0.002359,172.217.194.0-255,2902,90273,44,230245
51799,0.002363,172.31.46.0-255,66,90339,44,230245
51800,0.002371,172.217.194.0-255,5738,96077,44,230245
51801,0.002374,172.31.46.0-255,66,96143,44,230245
51802,0.002395,172.217.194.0-255,5738,101881,44,230245
51803,0.002397,172.31.46.0-255,66,101947,44,230245
51804,0.002424,172.217.194.0-255,7156,109103,44,230245
51805,0.002427,172.31.46.0-255,66,109169,44,230245
51806,0.002434,172.217.194.0-255,7156,116325,44,230245
51807,0.002437,172.31.46.0-255,66,116391,44,230245
51808,0.002462,172.217.194.0-255,3602,119993,44,230245
51809,0.002465,172.31.46.0-255,66,120059,44,230245
51810,0.002824,172.217.194.0-255,1484,121543,44,230245
51811,0.002828,172.217.194.0-255,1484,123027,44,230245
51812,0.00283,172.31.46.0-255,66,123093,44,230245
51813,0.00285,172.217.194.0-255,1484,124577,44,230245
51814,0.002856,172.217.194.0-255,5738,130315,44,230245
51815,0.002859,172.31.46.0-255,66,130381,44,230245
51816,0.002929,172.217.194.0-255,2902,133283,44,230245
51817,0.003026,172.217.194.0-255,1484,134767,44,230245
51818,0.003069,172.217.194.0-255,2902,137669,44,230245
51819,0.003074,172.217.194.0-255,2902,140571,44,230245
51820,0.003096,172.217.194.0-255,2902,143473,44,230245
51821,0.003122,172.217.194.0-255,4320,147793,44,230245
51822,0.003209,172.217.194.0-255,1484,149277,44,230245
51823,0.003225,172.217.194.0-255,2902,152179,44,230245
51824,0.003231,172.217.194.0-255,5738,157917,44,230245
51825,0.003261,172.217.194.0-255,5738,163655,44,230245
51826,0.003282,172.217.194.0-255,7156,170811,44,230245
51827,0.003285,172.217.194.0-255,1484,172295,44,230245
51828,0.004214,172.217.194.0-255,1484,173779,44,230245
51829,0.004221,172.217.194.0-255,2902,176681,44,230245
51830,0.004228,172.217.194.0-255,5738,182419,44,230245
51831,0.004271,172.217.194.0-255,2902,185321,44,230245
51832,0.004487,172.31.46.0-255,66,185387,44,230245
51833,0.004702,172.217.194.0-255,1484,186871,44,230245
51834,0.004711,172.217.194.0-255,2902,189773,44,230245
51835,0.004729,172.217.194.0-255,5738,195511,44,230245
51836,0.004732,172.31.46.0-255,66,195577,44,230245
51837,0.004741,172.31.46.0-255,66,195643,44,230245
51838,0.004749,172.217.194.0-255,1484,197127,44,230245
51839,0.004793,172.217.194.0-255,4320,201447,44,230245
51840,0.0048,172.31.46.0-255,66,201513,44,230245
51841,0.004818,172.217.194.0-255,7156,208669,44,230245
51842,0.00484,172.31.46.0-255,66,208735,44,230245
51843,0.004855,172.217.194.0-255,4320,213055,44,230245
51844,0.004877,172.31.46.0-255,66,213121,44,230245
51845,0.004946,172.31.46.0-255,66,213187,44,230245
51846,0.004958,172.217.194.0-255,7156,220343,44,230245
51847,0.00496,172.217.194.0-255,369,220712,44,230245
51848,0.004962,172.217.194.0-255,105,220817,44,230245
51849,0.004986,172.31.46.0-255,66,220883,44,230245
51850,0.007253,172.31.46.0-255,105,220988,44,230245
51851,0.009759,172.217.194.0-255,66,221054,44,230245
51852,0.041826,172.31.46.0-255,172,221226,44,230245
51853,0.041862,172.31.46.0-255,1114,222340,44,230245
51854,0.041932,172.31.46.0-255,1514,223854,44,230245
51855,0.041934,172.31.46.0-255,1514,225368,44,230245
51856,0.04194,172.31.46.0-255,1514,226882,44,230245
51857,0.041941,172.31.46.0-255,1514,228396,44,230245
51858,0.04196,172.31.46.0-255,1514,229910,44,230245
51859,0.041961,172.31.46.0-255,71,229981,44,230245
51860,0.043347,104.244.42.0-255,66,230047,44,230245
51861,0.043401,104.244.42.0-255,66,230113,44,230245
51862,0.0435,104.244.42.0-255,66,230179,44,230245
51863,0.043513,104.244.42.0-255,66,230245,44,230245
51864,0.0,172.217.194.0-255,152,152,44,265833
51865,2.3e-05,172.31.46.0-255,66,218,44,265833
51866,3e-05,172.217.194.0-255,1484,1702,44,265833
51867,3.5e-05,172.31.46.0-255,66,1768,44,265833
51868,4.8e-05,172.217.194.0-255,2902,4670,44,265833
51869,5.2e-05,172.31.46.0-255,66,4736,44,265833
51870,5.6e-05,172.217.194.0-255,1484,6220,44,265833
51871,5.9e-05,172.31.46.0-255,66,6286,44,265833
51872,0.000107,172.217.194.0-255,2902,9188,44,265833
51873,0.000112,172.31.46.0-255,66,9254,44,265833
51874,0.000123,172.217.194.0-255,4775,14029,44,265833
51875,0.000126,172.31.46.0-255,66,14095,44,265833
51876,0.000234,172.217.194.0-255,1484,15579,44,265833
51877,0.000238,172.31.46.0-255,66,15645,44,265833
51878,0.000265,172.217.194.0-255,1484,17129,44,265833
51879,0.000267,172.31.46.0-255,66,17195,44,265833
51880,0.000272,172.217.194.0-255,2902,20097,44,265833
51881,0.000275,172.31.46.0-255,66,20163,44,265833
51882,0.0003,172.217.194.0-255,5738,25901,44,265833
51883,0.000304,172.31.46.0-255,66,25967,44,265833
51884,0.000335,172.217.194.0-255,5379,31346,44,265833
51885,0.000338,172.31.46.0-255,66,31412,44,265833
51886,0.000366,172.217.194.0-255,2902,34314,44,265833
51887,0.000368,172.31.46.0-255,66,34380,44,265833
51888,0.000389,172.217.194.0-255,2902,37282,44,265833
51889,0.000392,172.31.46.0-255,66,37348,44,265833
51890,0.000399,172.217.194.0-255,7156,44504,44,265833
51891,0.000401,172.31.46.0-255,66,44570,44,265833
51892,0.000405,172.217.194.0-255,2902,47472,44,265833
51893,0.000408,172.31.46.0-255,66,47538,44,265833
51894,0.000454,172.31.46.0-255,66,47604,44,265833
51895,0.000462,172.217.194.0-255,6438,54042,44,265833
51896,0.000464,172.31.46.0-255,66,54108,44,265833
51897,0.000466,172.217.194.0-255,677,54785,44,265833
51898,0.000541,172.217.194.0-255,1484,56269,44,265833
51899,0.000545,172.31.46.0-255,66,56335,44,265833
51900,0.000572,172.217.194.0-255,2902,59237,44,265833
51901,0.000575,172.31.46.0-255,66,59303,44,265833
51902,0.000586,172.217.194.0-255,1484,60787,44,265833
51903,0.000611,172.217.194.0-255,1484,62271,44,265833
51904,0.000614,172.31.46.0-255,66,62337,44,265833
51905,0.000619,172.217.194.0-255,4320,66657,44,265833
51906,0.000622,172.31.46.0-255,66,66723,44,265833
51907,0.000631,172.217.194.0-255,4320,71043,44,265833
51908,0.000634,172.31.46.0-255,66,71109,44,265833
51909,0.00066,172.217.194.0-255,4320,75429,44,265833
51910,0.000667,172.31.46.0-255,66,75495,44,265833
51911,0.000674,172.217.194.0-255,5738,81233,44,265833
51912,0.000677,172.31.46.0-255,66,81299,44,265833
51913,0.000718,172.31.46.0-255,66,81365,44,265833
51914,0.001334,172.217.194.0-255,1484,82849,44,265833
51915,0.001342,172.217.194.0-255,2902,85751,44,265833
51916,0.001347,172.31.46.0-255,66,85817,44,265833
51917,0.001354,172.217.194.0-255,5738,91555,44,265833
51918,0.001356,172.31.46.0-255,66,91621,44,265833
51919,0.001375,172.31.46.0-255,66,91687,44,265833
51920,0.001413,172.217.194.0-255,1484,93171,44,265833
51921,0.001426,172.31.46.0-255,66,93237,44,265833
51922,0.001439,172.31.46.0-255,66,93303,44,265833
51923,0.001455,172.31.46.0-255,66,93369,44,265833
51924,0.00148,172.217.194.0-255,2902,96271,44,265833
51925,0.001482,172.31.46.0-255,66,96337,44,265833
51926,0.001492,172.217.194.0-255,4320,100657,44,265833
51927,0.001494,172.31.46.0-255,66,100723,44,265833
51928,0.001526,172.217.194.0-255,6438,107161,44,265833
51929,0.001529,172.31.46.0-255,66,107227,44,265833
51930,0.00173,172.217.194.0-255,1484,108711,44,265833
51931,0.001737,172.217.194.0-255,2902,111613,44,265833
51932,0.001741,172.31.46.0-255,66,111679,44,265833
51933,0.001748,172.217.194.0-255,5738,117417,44,265833
51934,0.001751,172.31.46.0-255,66,117483,44,265833
51935,0.00179,172.31.46.0-255,66,117549,44,265833
51936,0.001859,172.31.46.0-255,66,117615,44,265833
51937,0.001897,172.217.194.0-255,7156,124771,44,265833
51938,0.0019,172.31.46.0-255,66,124837,44,265833
51939,0.001932,172.217.194.0-255,2902,127739,44,265833
51940,0.001936,172.31.46.0-255,66,127805,44,265833
51941,0.001953,172.31.46.0-255,66,127871,44,265833
51942,0.001981,172.217.194.0-255,5738,133609,44,265833
51943,0.001984,172.31.46.0-255,66,133675,44,265833
51944,0.002019,172.217.194.0-255,6438,140113,44,265833
51945,0.002022,172.31.46.0-255,66,140179,44,265833
51946,0.002025,172.217.194.0-255,1484,141663,44,265833
51947,0.00203,172.217.194.0-255,2902,144565,44,265833
51948,0.002033,172.31.46.0-255,66,144631,44,265833
51949,0.002044,172.217.194.0-255,5738,150369,44,265833
51950,0.002047,172.31.46.0-255,66,150435,44,265833
51951,0.002051,172.217.194.0-255,2902,153337,44,265833
51952,0.002054,172.31.46.0-255,66,153403,44,265833
51953,0.002103,172.31.46.0-255,66,153469,44,265833
51954,0.002143,172.31.46.0-255,66,153535,44,265833
51955,0.002173,172.31.46.0-255,66,153601,44,265833
51956,0.002202,172.217.194.0-255,4320,157921,44,265833
51957,0.002207,172.31.46.0-255,66,157987,44,265833
51958,0.002216,172.217.194.0-255,5738,163725,44,265833
51959,0.002222,172.31.46.0-255,66,163791,44,265833
51960,0.002228,172.217.194.0-255,4320,168111,44,265833
51961,0.00223,172.31.46.0-255,66,168177,44,265833
51962,0.00227,172.31.46.0-255,66,168243,44,265833
51963,0.004539,172.217.194.0-255,5738,173981,44,265833
51964,0.004549,172.31.46.0-255,66,174047,44,265833
51965,0.006825,172.217.194.0-255,5738,179785,44,265833
51966,0.006837,172.31.46.0-255,66,179851,44,265833
51967,0.0091,172.217.194.0-255,5738,185589,44,265833
51968,0.009109,172.31.46.0-255,66,185655,44,265833
51969,0.011402,172.217.194.0-255,5738,191393,44,265833
51970,0.011418,172.31.46.0-255,66,191459,44,265833
51971,0.013668,172.217.194.0-255,5738,197197,44,265833
51972,0.01368,172.31.46.0-255,66,197263,44,265833
51973,0.015948,172.217.194.0-255,5738,203001,44,265833
51974,0.015957,172.31.46.0-255,66,203067,44,265833
51975,0.018242,172.217.194.0-255,5738,208805,44,265833
51976,0.01825,172.31.46.0-255,66,208871,44,265833
51977,0.020509,172.217.194.0-255,5738,214609,44,265833
51978,0.020518,172.31.46.0-255,66,214675,44,265833
51979,0.022799,172.217.194.0-255,5738,220413,44,265833
51980,0.022811,172.31.46.0-255,66,220479,44,265833
51981,0.025114,172.217.194.0-255,5738,226217,44,265833
51982,0.025133,172.31.46.0-255,66,226283,44,265833
51983,0.027436,172.217.194.0-255,5738,232021,44,265833
51984,0.027453,172.31.46.0-255,66,232087,44,265833
51985,0.029727,172.217.194.0-255,5738,237825,44,265833
51986,0.029742,172.31.46.0-255,66,237891,44,265833
51987,0.03204,172.217.194.0-255,5738,243629,44,265833
51988,0.032048,172.31.46.0-255,66,243695,44,265833
51989,0.034311,172.217.194.0-255,5738,249433,44,265833
51990,0.034319,172.31.46.0-255,66,249499,44,265833
51991,0.034897,172.31.46.0-255,172,249671,44,265833
51992,0.03493,172.31.46.0-255,1113,250784,44,265833
51993,0.035,172.31.46.0-255,1514,252298,44,265833
51994,0.035002,172.31.46.0-255,1514,253812,44,265833
51995,0.035004,172.31.46.0-255,1514,255326,44,265833
51996,0.035005,172.31.46.0-255,1514,256840,44,265833
51997,0.035006,172.31.46.0-255,557,257397,44,265833
51998,0.036592,172.217.194.0-255,5738,263135,44,265833
51999,0.0366,172.31.46.0-255,66,263201,44,265833
52000,0.037151,104.244.42.0-255,66,263267,44,265833
52001,0.037244,104.244.42.0-255,108,263375,44,265833
52002,0.037252,172.31.46.0-255,66,263441,44,265833
52003,0.038888,172.217.194.0-255,2155,265596,44,265833
52004,0.038895,172.31.46.0-255,66,265662,44,265833
52005,0.039326,172.31.46.0-255,105,265767,44,265833
52006,0.041565,172.217.194.0-255,66,265833,44,265833
52007,0.0,74.125.24.0-255,153,153,44,316712
52008,2.1e-05,172.31.46.0-255,66,219,44,316712
52009,2.7e-05,74.125.24.0-255,1484,1703,44,316712
52010,3.1e-05,172.31.46.0-255,66,1769,44,316712
52011,3.6e-05,74.125.24.0-255,2902,4671,44,316712
52012,3.9e-05,172.31.46.0-255,66,4737,44,316712
52013,4.6e-05,74.125.24.0-255,7156,11893,44,316712
52014,4.9e-05,172.31.46.0-255,66,11959,44,316712
52015,5.2e-05,74.125.24.0-255,2053,14012,44,316712
52016,5.6e-05,172.31.46.0-255,66,14078,44,316712
52017,0.000119,74.125.24.0-255,1484,15562,44,316712
52018,0.000122,172.31.46.0-255,66,15628,44,316712
52019,0.000144,74.125.24.0-255,2902,18530,44,316712
52020,0.000146,74.125.24.0-255,1484,20014,44,316712
52021,0.000149,172.31.46.0-255,66,20080,44,316712
52022,0.000155,172.31.46.0-255,66,20146,44,316712
52023,0.00016,74.125.24.0-255,2902,23048,44,316712
52024,0.000162,172.31.46.0-255,66,23114,44,316712
52025,0.000194,74.125.24.0-255,4320,27434,44,316712
52026,0.000196,172.31.46.0-255,66,27500,44,316712
52027,0.000218,74.125.24.0-255,5379,32879,44,316712
52028,0.00022,172.31.46.0-255,66,32945,44,316712
52029,0.000227,74.125.24.0-255,7156,40101,44,316712
52030,0.000229,172.31.46.0-255,66,40167,44,316712
52031,0.00026,74.125.24.0-255,4320,44487,44,316712
52032,0.000262,172.31.46.0-255,66,44553,44,316712
52033,0.000275,74.125.24.0-255,3961,48514,44,316712
52034,0.000278,172.31.46.0-255,66,48580,44,316712
52035,0.000326,74.125.24.0-255,1484,50064,44,316712
52036,0.000329,172.31.46.0-255,66,50130,44,316712
52037,0.000347,74.125.24.0-255,2902,53032,44,316712
52038,0.000349,172.31.46.0-255,66,53098,44,316712
52039,0.000351,74.125.24.0-255,1484,54582,44,316712
52040,0.000378,74.125.24.0-255,2902,57484,44,316712
52041,0.00038,172.31.46.0-255,66,57550,44,316712
52042,0.000385,74.125.24.0-255,5738,63288,44,316712
52043,0.000387,172.31.46.0-255,66,63354,44,316712
52044,0.000409,74.125.24.0-255,2543,65897,44,316712
52045,0.000411,172.31.46.0-255,66,65963,44,316712
52046,0.000446,74.125.24.0-255,676,66639,44,316712
52047,0.0006,74.125.24.0-255,1484,68123,44,316712
52048,0.000605,172.31.46.0-255,66,68189,44,316712
52049,0.000609,74.125.24.0-255,2902,71091,44,316712
52050,0.000612,172.31.46.0-255,66,71157,44,316712
52051,0.000614,74.125.24.0-255,1484,72641,44,316712
52052,0.000654,74.125.24.0-255,4320,76961,44,316712
52053,0.000657,172.31.46.0-255,66,77027,44,316712
52054,0.000663,74.125.24.0-255,5738,82765,44,316712
52055,0.000665,172.31.46.0-255,66,82831,44,316712
52056,0.000676,74.125.24.0-255,1125,83956,44,316712
52057,0.00069,74.125.24.0-255,1484,85440,44,316712
52058,0.000692,172.31.46.0-255,66,85506,44,316712
52059,0.000716,74.125.24.0-255,5738,91244,44,316712
52060,0.000718,172.31.46.0-255,66,91310,44,316712
52061,0.000728,172.31.46.0-255,66,91376,44,316712
52062,0.001036,74.125.24.0-255,1484,92860,44,316712
52063,0.001041,74.125.24.0-255,2902,95762,44,316712
52064,0.001044,172.31.46.0-255,66,95828,44,316712
52065,0.001049,74.125.24.0-255,2902,98730,44,316712
52066,0.001051,172.31.46.0-255,66,98796,44,316712
52067,0.001067,74.125.24.0-255,2902,101698,44,316712
52068,0.001069,172.31.46.0-255,66,101764,44,316712
52069,0.001074,74.125.24.0-255,4320,106084,44,316712
52070,0.001076,172.31.46.0-255,66,106150,44,316712
52071,0.001127,172.31.46.0-255,66,106216,44,316712
52072,0.001136,172.31.46.0-255,66,106282,44,316712
52073,0.001453,74.125.24.0-255,1484,107766,44,316712
52074,0.001471,74.125.24.0-255,2902,110668,44,316712
52075,0.001474,172.31.46.0-255,66,110734,44,316712
52076,0.001481,74.125.24.0-255,5738,116472,44,316712
52077,0.001482,172.31.46.0-255,66,116538,44,316712
52078,0.001495,74.125.24.0-255,1484,118022,44,316712
52079,0.001522,172.31.46.0-255,66,118088,44,316712
52080,0.001553,172.31.46.0-255,66,118154,44,316712
52081,0.001601,74.125.24.0-255,1484,119638,44,316712
52082,0.001615,74.125.24.0-255,2902,122540,44,316712
52083,0.001618,172.31.46.0-255,66,122606,44,316712
52084,0.001624,74.125.24.0-255,5738,128344,44,316712
52085,0.001626,172.31.46.0-255,66,128410,44,316712
52086,0.001657,74.125.24.0-255,2902,131312,44,316712
52087,0.001659,172.31.46.0-255,66,131378,44,316712
52088,0.001679,74.125.24.0-255,5738,137116,44,316712
52089,0.001682,172.31.46.0-255,66,137182,44,316712
52090,0.001704,74.125.24.0-255,4320,141502,44,316712
52091,0.001707,172.31.46.0-255,66,141568,44,316712
52092,0.001717,172.31.46.0-255,66,141634,44,316712
52093,0.00172,74.125.24.0-255,2184,143818,44,316712
52094,0.001722,172.31.46.0-255,66,143884,44,316712
52095,0.001835,74.125.24.0-255,1484,145368,44,316712
52096,0.00184,74.125.24.0-255,2902,148270,44,316712
52097,0.001843,172.31.46.0-255,66,148336,44,316712
52098,0.001861,74.125.24.0-255,2902,151238,44,316712
52099,0.001863,172.31.46.0-255,66,151304,44,316712
52100,0.001879,74.125.24.0-255,2902,154206,44,316712
52101,0.001881,172.31.46.0-255,66,154272,44,316712
52102,0.00189,172.31.46.0-255,66,154338,44,316712
52103,0.001906,74.125.24.0-255,2902,157240,44,316712
52104,0.001908,172.31.46.0-255,66,157306,44,316712
52105,0.001941,74.125.24.0-255,2902,160208,44,316712
52106,0.001944,172.31.46.0-255,66,160274,44,316712
52107,0.001973,172.31.46.0-255,66,160340,44,316712
52108,0.001986,74.125.24.0-255,5738,166078,44,316712
52109,0.001988,172.31.46.0-255,66,166144,44,316712
52110,0.002015,74.125.24.0-255,7156,173300,44,316712
52111,0.002017,172.31.46.0-255,66,173366,44,316712
52112,0.002025,74.125.24.0-255,2902,176268,44,316712
52113,0.002027,172.31.46.0-255,66,176334,44,316712
52114,0.002065,172.31.46.0-255,66,176400,44,316712
52115,0.002071,74.125.24.0-255,6438,182838,44,316712
52116,0.002073,172.31.46.0-255,66,182904,44,316712
52117,0.00221,74.125.24.0-255,1484,184388,44,316712
52118,0.002227,74.125.24.0-255,2902,187290,44,316712
52119,0.00223,172.31.46.0-255,66,187356,44,316712
52120,0.002235,74.125.24.0-255,4320,191676,44,316712
52121,0.002237,172.31.46.0-255,66,191742,44,316712
52122,0.002267,172.31.46.0-255,66,191808,44,316712
52123,0.002317,74.125.24.0-255,4320,196128,44,316712
52124,0.002319,172.31.46.0-255,66,196194,44,316712
52125,0.002349,172.31.46.0-255,66,196260,44,316712
52126,0.004614,74.125.24.0-255,5738,201998,44,316712
52127,0.004621,172.31.46.0-255,66,202064,44,316712
52128,0.006874,74.125.24.0-255,5738,207802,44,316712
52129,0.006879,172.31.46.0-255,66,207868,44,316712
52130,0.009142,74.125.24.0-255,5738,213606,44,316712
52131,0.009148,172.31.46.0-255,66,213672,44,316712
52132,0.011421,74.125.24.0-255,5738,219410,44,316712
52133,0.011428,172.31.46.0-255,66,219476,44,316712
52134,0.013731,74.125.24.0-255,5738,225214,44,316712
52135,0.01374,172.31.46.0-255,66,225280,44,316712
52136,0.016018,74.125.24.0-255,5738,231018,44,316712
52137,0.016028,172.31.46.0-255,66,231084,44,316712
52138,0.018303,74.125.24.0-255,5738,236822,44,316712
52139,0.018311,172.31.46.0-255,66,236888,44,316712
52140,0.020579,74.125.24.0-255,5738,242626,44,316712
52141,0.020585,172.31.46.0-255,66,242692,44,316712
52142,0.022855,74.125.24.0-255,5738,248430,44,316712
52143,0.022865,172.31.46.0-255,66,248496,44,316712
52144,0.02302,172.31.46.0-255,101,248597,44,316712
52145,0.025155,74.125.24.0-255,5738,254335,44,316712
52146,0.025163,172.31.46.0-255,66,254401,44,316712
52147,0.025234,74.125.24.0-255,66,254467,44,316712
52148,0.027438,74.125.24.0-255,5738,260205,44,316712
52149,0.027447,172.31.46.0-255,66,260271,44,316712
52150,0.02974,74.125.24.0-255,5738,266009,44,316712
52151,0.029748,172.31.46.0-255,66,266075,44,316712
52152,0.032022,74.125.24.0-255,5738,271813,44,316712
52153,0.03203,172.31.46.0-255,66,271879,44,316712
52154,0.034312,74.125.24.0-255,5738,277617,44,316712
52155,0.03432,172.31.46.0-255,66,277683,44,316712
52156,0.035223,172.31.46.0-255,164,277847,44,316712
52157,0.035255,172.31.46.0-255,1123,278970,44,316712
52158,0.035321,172.31.46.0-255,1514,280484,44,316712
52159,0.035323,172.31.46.0-255,1514,281998,44,316712
52160,0.035329,172.31.46.0-255,1514,283512,44,316712
52161,0.03533,172.31.46.0-255,1514,285026,44,316712
52162,0.035348,172.31.46.0-255,1509,286535,44,316712
52163,0.036569,74.125.24.0-255,5738,292273,44,316712
52164,0.036576,172.31.46.0-255,66,292339,44,316712
52165,0.036756,104.244.42.0-255,66,292405,44,316712
52166,0.036777,104.244.42.0-255,66,292471,44,316712
52167,0.036873,104.244.42.0-255,66,292537,44,316712
52168,0.038847,74.125.24.0-255,5738,298275,44,316712
52169,0.038856,172.31.46.0-255,66,298341,44,316712
52170,0.041137,74.125.24.0-255,5738,304079,44,316712
52171,0.041144,172.31.46.0-255,66,304145,44,316712
52172,0.043418,74.125.24.0-255,5738,309883,44,316712
52173,0.043424,172.31.46.0-255,66,309949,44,316712
52174,0.04572,74.125.24.0-255,5738,315687,44,316712
52175,0.04573,172.31.46.0-255,66,315753,44,316712
52176,0.047983,74.125.24.0-255,788,316541,44,316712
52177,0.048204,172.31.46.0-255,105,316646,44,316712
52178,0.055941,74.125.24.0-255,66,316712,44,316712
52179,0.0,172.217.194.0-255,153,153,44,236013
52180,2.1e-05,172.31.46.0-255,66,219,44,236013
52181,2.8e-05,172.217.194.0-255,1484,1703,44,236013
52182,3.3e-05,172.31.46.0-255,66,1769,44,236013
52183,3.9e-05,172.217.194.0-255,2902,4671,44,236013
52184,4.2e-05,172.31.46.0-255,66,4737,44,236013
52185,6.1e-05,172.217.194.0-255,2902,7639,44,236013
52186,6.4e-05,172.31.46.0-255,66,7705,44,236013
52187,8.9e-05,172.217.194.0-255,4320,12025,44,236013
52188,9.2e-05,172.31.46.0-255,66,12091,44,236013
52189,9.6e-05,172.217.194.0-255,1977,14068,44,236013
52190,9.8e-05,172.31.46.0-255,66,14134,44,236013
52191,0.000112,172.217.194.0-255,2902,17036,44,236013
52192,0.000115,172.31.46.0-255,66,17102,44,236013
52193,0.000136,172.217.194.0-255,5738,22840,44,236013
52194,0.000139,172.31.46.0-255,66,22906,44,236013
52195,0.000161,172.217.194.0-255,1484,24390,44,236013
52196,0.000164,172.31.46.0-255,66,24456,44,236013
52197,0.000168,172.217.194.0-255,2902,27358,44,236013
52198,0.000171,172.31.46.0-255,66,27424,44,236013
52199,0.000184,172.217.194.0-255,3961,31385,44,236013
52200,0.000188,172.31.46.0-255,66,31451,44,236013
52201,0.000458,172.217.194.0-255,1484,32935,44,236013
52202,0.000463,172.31.46.0-255,66,33001,44,236013
52203,0.000468,172.217.194.0-255,2902,35903,44,236013
52204,0.000471,172.31.46.0-255,66,35969,44,236013
52205,0.000476,172.217.194.0-255,2902,38871,44,236013
52206,0.000478,172.31.46.0-255,66,38937,44,236013
52207,0.000492,172.217.194.0-255,2902,41839,44,236013
52208,0.000495,172.31.46.0-255,66,41905,44,236013
52209,0.000501,172.217.194.0-255,5738,47643,44,236013
52210,0.000504,172.31.46.0-255,66,47709,44,236013
52211,0.000524,172.217.194.0-255,1125,48834,44,236013
52212,0.000528,172.217.194.0-255,1484,50318,44,236013
52213,0.000531,172.31.46.0-255,66,50384,44,236013
52214,0.000555,172.217.194.0-255,7156,57540,44,236013
52215,0.000558,172.31.46.0-255,66,57606,44,236013
52216,0.000578,172.217.194.0-255,2902,60508,44,236013
52217,0.000581,172.31.46.0-255,66,60574,44,236013
52218,0.000602,172.217.194.0-255,2902,63476,44,236013
52219,0.000604,172.31.46.0-255,66,63542,44,236013
52220,0.000609,172.217.194.0-255,2813,66355,44,236013
52221,0.000612,172.31.46.0-255,66,66421,44,236013
52222,0.00071,172.217.194.0-255,385,66806,44,236013
52223,0.000993,172.217.194.0-255,1484,68290,44,236013
52224,0.000998,172.31.46.0-255,66,68356,44,236013
52225,0.001003,172.217.194.0-255,2902,71258,44,236013
52226,0.001005,172.31.46.0-255,66,71324,44,236013
52227,0.00101,172.217.194.0-255,2902,74226,44,236013
52228,0.001012,172.31.46.0-255,66,74292,44,236013
52229,0.00104,172.217.194.0-255,2902,77194,44,236013
52230,0.001042,172.31.46.0-255,66,77260,44,236013
52231,0.001054,172.31.46.0-255,66,77326,44,236013
52232,0.00108,172.217.194.0-255,2902,80228,44,236013
52233,0.001083,172.31.46.0-255,66,80294,44,236013
52234,0.001094,172.31.46.0-255,66,80360,44,236013
52235,0.001097,172.217.194.0-255,766,81126,44,236013
52236,0.001381,172.217.194.0-255,1484,82610,44,236013
52237,0.001385,172.31.46.0-255,66,82676,44,236013
52238,0.001391,172.217.194.0-255,2902,85578,44,236013
52239,0.001393,172.31.46.0-255,66,85644,44,236013
52240,0.001398,172.217.194.0-255,2902,88546,44,236013
52241,0.001399,172.31.46.0-255,66,88612,44,236013
52242,0.001434,172.217.194.0-255,2902,91514,44,236013
52243,0.001437,172.31.46.0-255,66,91580,44,236013
52244,0.001445,172.217.194.0-255,7156,98736,44,236013
52245,0.001447,172.31.46.0-255,66,98802,44,236013
52246,0.001467,172.217.194.0-255,5738,104540,44,236013
52247,0.001471,172.31.46.0-255,66,104606,44,236013
52248,0.001527,172.31.46.0-255,66,104672,44,236013
52249,0.001532,172.217.194.0-255,2184,106856,44,236013
52250,0.001534,172.31.46.0-255,66,106922,44,236013
52251,0.001538,172.217.194.0-255,2902,109824,44,236013
52252,0.00154,172.31.46.0-255,66,109890,44,236013
52253,0.001546,172.217.194.0-255,7156,117046,44,236013
52254,0.001549,172.31.46.0-255,66,117112,44,236013
52255,0.001559,172.31.46.0-255,66,117178,44,236013
52256,0.001583,172.217.194.0-255,1484,118662,44,236013
52257,0.001601,172.217.194.0-255,4320,122982,44,236013
52258,0.001605,172.31.46.0-255,66,123048,44,236013
52259,0.00163,172.31.46.0-255,66,123114,44,236013
52260,0.001682,172.217.194.0-255,1484,124598,44,236013
52261,0.001701,172.217.194.0-255,2902,127500,44,236013
52262,0.001703,172.31.46.0-255,66,127566,44,236013
52263,0.001725,172.217.194.0-255,5738,133304,44,236013
52264,0.001728,172.31.46.0-255,66,133370,44,236013
52265,0.001731,172.217.194.0-255,1484,134854,44,236013
52266,0.001773,172.217.194.0-255,7156,142010,44,236013
52267,0.001776,172.31.46.0-255,66,142076,44,236013
52268,0.001795,172.217.194.0-255,5738,147814,44,236013
52269,0.001798,172.31.46.0-255,66,147880,44,236013
52270,0.001809,172.31.46.0-255,66,147946,44,236013
52271,0.001843,172.31.46.0-255,66,148012,44,236013
52272,0.001891,172.31.46.0-255,66,148078,44,236013
52273,0.001906,172.217.194.0-255,1484,149562,44,236013
52274,0.001918,172.31.46.0-255,66,149628,44,236013
52275,0.001921,172.217.194.0-255,1484,151112,44,236013
52276,0.001938,172.217.194.0-255,2902,154014,44,236013
52277,0.00194,172.31.46.0-255,66,154080,44,236013
52278,0.001964,172.217.194.0-255,5738,159818,44,236013
52279,0.001967,172.31.46.0-255,66,159884,44,236013
52280,0.001977,172.217.194.0-255,5738,165622,44,236013
52281,0.001979,172.31.46.0-255,66,165688,44,236013
52282,0.002004,172.217.194.0-255,5738,171426,44,236013
52283,0.002007,172.31.46.0-255,66,171492,44,236013
52284,0.00202,172.31.46.0-255,66,171558,44,236013
52285,0.002069,172.31.46.0-255,66,171624,44,236013
52286,0.002073,172.31.46.0-255,66,171690,44,236013
52287,0.002092,172.217.194.0-255,4320,176010,44,236013
52288,0.002095,172.31.46.0-255,66,176076,44,236013
52289,0.002122,172.217.194.0-255,7156,183232,44,236013
52290,0.002126,172.31.46.0-255,66,183298,44,236013
52291,0.00213,172.217.194.0-255,3602,186900,44,236013
52292,0.002133,172.31.46.0-255,66,186966,44,236013
52293,0.002155,172.217.194.0-255,1484,188450,44,236013
52294,0.002169,172.217.194.0-255,2902,191352,44,236013
52295,0.002172,172.31.46.0-255,66,191418,44,236013
52296,0.002192,172.217.194.0-255,7156,198574,44,236013
52297,0.002194,172.31.46.0-255,66,198640,44,236013
52298,0.002214,172.217.194.0-255,1484,200124,44,236013
52299,0.002225,172.217.194.0-255,1484,201608,44,236013
52300,0.002228,172.31.46.0-255,66,201674,44,236013
52301,0.002261,172.31.46.0-255,66,201740,44,236013
52302,0.002268,172.217.194.0-255,6438,208178,44,236013
52303,0.00227,172.31.46.0-255,66,208244,44,236013
52304,0.002566,172.217.194.0-255,1484,209728,44,236013
52305,0.002571,172.217.194.0-255,2902,212630,44,236013
52306,0.002575,172.31.46.0-255,66,212696,44,236013
52307,0.002581,172.217.194.0-255,4320,217016,44,236013
52308,0.002583,172.31.46.0-255,66,217082,44,236013
52309,0.002594,172.217.194.0-255,1484,218566,44,236013
52310,0.002598,172.217.194.0-255,2902,221468,44,236013
52311,0.0026,172.31.46.0-255,66,221534,44,236013
52312,0.002632,172.31.46.0-255,66,221600,44,236013
52313,0.002646,172.217.194.0-255,2902,224502,44,236013
52314,0.002648,172.31.46.0-255,66,224568,44,236013
52315,0.002681,172.31.46.0-255,66,224634,44,236013
52316,0.002693,172.31.46.0-255,66,224700,44,236013
52317,0.002699,172.217.194.0-255,5738,230438,44,236013
52318,0.002702,172.31.46.0-255,66,230504,44,236013
52319,0.002725,172.217.194.0-255,3596,234100,44,236013
52320,0.002728,172.31.46.0-255,66,234166,44,236013
52321,0.002741,172.217.194.0-255,105,234271,44,236013
52322,0.002813,172.217.194.0-255,129,234400,44,236013
52323,0.010467,172.31.46.0-255,105,234505,44,236013
52324,0.010516,172.31.46.0-255,105,234610,44,236013
52325,0.010779,172.31.46.0-255,90,234700,44,236013
52326,0.01079,172.31.46.0-255,66,234766,44,236013
52327,0.012697,172.217.194.0-255,66,234832,44,236013
52328,0.012738,172.217.194.0-255,66,234898,44,236013
52329,0.013001,172.217.194.0-255,66,234964,44,236013
52330,0.01302,172.217.194.0-255,66,235030,44,236013
52331,0.013029,172.31.46.0-255,66,235096,44,236013
52332,0.032423,172.31.46.0-255,171,235267,44,236013
52333,0.032451,172.31.46.0-255,614,235881,44,236013
52334,0.033959,104.244.42.0-255,66,235947,44,236013
52335,0.034,104.244.42.0-255,66,236013,44,236013
52336,0.0,172.217.194.0-255,153,153,44,296183
52337,1.4e-05,172.31.46.0-255,66,219,44,296183
52338,2e-05,172.217.194.0-255,1484,1703,44,296183
52339,2.6e-05,172.31.46.0-255,66,1769,44,296183
52340,3.3e-05,172.217.194.0-255,2902,4671,44,296183
52341,3.6e-05,172.31.46.0-255,66,4737,44,296183
52342,4.5e-05,172.217.194.0-255,7156,11893,44,296183
52343,4.8e-05,172.31.46.0-255,66,11959,44,296183
52344,8.5e-05,172.217.194.0-255,3350,15309,44,296183
52345,8.8e-05,172.31.46.0-255,66,15375,44,296183
52346,9.4e-05,172.217.194.0-255,4320,19695,44,296183
52347,9.7e-05,172.31.46.0-255,66,19761,44,296183
52348,0.000131,172.31.46.0-255,66,19827,44,296183
52349,0.000134,172.217.194.0-255,1125,20952,44,296183
52350,0.000136,172.31.46.0-255,66,21018,44,296183
52351,0.000318,172.217.194.0-255,1484,22502,44,296183
52352,0.000322,172.31.46.0-255,66,22568,44,296183
52353,0.000346,172.217.194.0-255,2902,25470,44,296183
52354,0.000349,172.31.46.0-255,66,25536,44,296183
52355,0.000353,172.217.194.0-255,2902,28438,44,296183
52356,0.000355,172.31.46.0-255,66,28504,44,296183
52357,0.000363,172.217.194.0-255,7156,35660,44,296183
52358,0.000366,172.31.46.0-255,66,35726,44,296183
52359,0.000413,172.217.194.0-255,4320,40046,44,296183
52360,0.000417,172.31.46.0-255,66,40112,44,296183
52361,0.000444,172.31.46.0-255,66,40178,44,296183
52362,0.000461,172.217.194.0-255,1484,41662,44,296183
52363,0.000464,172.31.46.0-255,66,41728,44,296183
52364,0.00047,172.217.194.0-255,3602,45330,44,296183
52365,0.000472,172.31.46.0-255,66,45396,44,296183
52366,0.000512,172.217.194.0-255,649,46045,44,296183
52367,0.000552,172.217.194.0-255,1484,47529,44,296183
52368,0.000555,172.31.46.0-255,66,47595,44,296183
52369,0.000561,172.217.194.0-255,4320,51915,44,296183
52370,0.000564,172.31.46.0-255,66,51981,44,296183
52371,0.00058,172.217.194.0-255,2902,54883,44,296183
52372,0.000583,172.31.46.0-255,66,54949,44,296183
52373,0.000613,172.217.194.0-255,7156,62105,44,296183
52374,0.000616,172.31.46.0-255,66,62171,44,296183
52375,0.000622,172.217.194.0-255,5738,67909,44,296183
52376,0.000624,172.31.46.0-255,66,67975,44,296183
52377,0.000668,172.217.194.0-255,2902,70877,44,296183
52378,0.000671,172.31.46.0-255,66,70943,44,296183
52379,0.0007,172.31.46.0-255,66,71009,44,296183
52380,0.00084,172.217.194.0-255,1484,72493,44,296183
52381,0.000843,172.217.194.0-255,1484,73977,44,296183
52382,0.000849,172.31.46.0-255,66,74043,44,296183
52383,0.000862,172.217.194.0-255,1484,75527,44,296183
52384,0.000866,172.217.194.0-255,2902,78429,44,296183
52385,0.000869,172.31.46.0-255,66,78495,44,296183
52386,0.000872,172.217.194.0-255,1484,79979,44,296183
52387,0.000892,172.217.194.0-255,5738,85717,44,296183
52388,0.000894,172.31.46.0-255,66,85783,44,296183
52389,0.000933,172.31.46.0-255,66,85849,44,296183
52390,0.000953,172.217.194.0-255,4320,90169,44,296183
52391,0.000956,172.31.46.0-255,66,90235,44,296183
52392,0.000974,172.217.194.0-255,5020,95255,44,296183
52393,0.000977,172.31.46.0-255,66,95321,44,296183
52394,0.001871,172.217.194.0-255,1484,96805,44,296183
52395,0.00188,172.217.194.0-255,2902,99707,44,296183
52396,0.001884,172.31.46.0-255,66,99773,44,296183
52397,0.001908,172.217.194.0-255,5738,105511,44,296183
52398,0.001911,172.31.46.0-255,66,105577,44,296183
52399,0.001966,172.31.46.0-255,66,105643,44,296183
52400,0.001972,172.217.194.0-255,5738,111381,44,296183
52401,0.001974,172.31.46.0-255,66,111447,44,296183
52402,0.002004,172.217.194.0-255,7156,118603,44,296183
52403,0.002006,172.31.46.0-255,66,118669,44,296183
52404,0.002024,172.217.194.0-255,3602,122271,44,296183
52405,0.002026,172.31.46.0-255,66,122337,44,296183
52406,0.002037,172.31.46.0-255,66,122403,44,296183
52407,0.002064,172.217.194.0-255,1484,123887,44,296183
52408,0.002075,172.31.46.0-255,66,123953,44,296183
52409,0.002093,172.217.194.0-255,4320,128273,44,296183
52410,0.002095,172.31.46.0-255,66,128339,44,296183
52411,0.002108,172.217.194.0-255,3602,131941,44,296183
52412,0.00211,172.31.46.0-255,66,132007,44,296183
52413,0.002163,172.217.194.0-255,1484,133491,44,296183
52414,0.002181,172.217.194.0-255,2902,136393,44,296183
52415,0.002183,172.31.46.0-255,66,136459,44,296183
52416,0.002199,172.217.194.0-255,2902,139361,44,296183
52417,0.002201,172.31.46.0-255,66,139427,44,296183
52418,0.002205,172.217.194.0-255,2902,142329,44,296183
52419,0.002207,172.31.46.0-255,66,142395,44,296183
52420,0.002231,172.217.194.0-255,4320,146715,44,296183
52421,0.002233,172.31.46.0-255,66,146781,44,296183
52422,0.002251,172.217.194.0-255,2902,149683,44,296183
52423,0.002254,172.31.46.0-255,66,149749,44,296183
52424,0.002273,172.217.194.0-255,7156,156905,44,296183
52425,0.002275,172.31.46.0-255,66,156971,44,296183
52426,0.002304,172.217.194.0-255,4320,161291,44,296183
52427,0.002307,172.31.46.0-255,66,161357,44,296183
52428,0.002313,172.217.194.0-255,5020,166377,44,296183
52429,0.002315,172.31.46.0-255,66,166443,44,296183
52430,0.002345,172.217.194.0-255,1484,167927,44,296183
52431,0.002354,172.217.194.0-255,1484,169411,44,296183
52432,0.002356,172.31.46.0-255,66,169477,44,296183
52433,0.002373,172.217.194.0-255,1484,170961,44,296183
52434,0.002379,172.217.194.0-255,5738,176699,44,296183
52435,0.002382,172.31.46.0-255,66,176765,44,296183
52436,0.002406,172.217.194.0-255,5738,182503,44,296183
52437,0.002409,172.31.46.0-255,66,182569,44,296183
52438,0.00242,172.217.194.0-255,2902,185471,44,296183
52439,0.002422,172.31.46.0-255,66,185537,44,296183
52440,0.002451,172.31.46.0-255,66,185603,44,296183
52441,0.002456,172.217.194.0-255,5020,190623,44,296183
52442,0.002458,172.31.46.0-255,66,190689,44,296183
52443,0.002509,172.217.194.0-255,2902,193591,44,296183
52444,0.002512,172.31.46.0-255,66,193657,44,296183
52445,0.002548,172.31.46.0-255,66,193723,44,296183
52446,0.002561,172.217.194.0-255,2902,196625,44,296183
52447,0.002564,172.31.46.0-255,66,196691,44,296183
52448,0.002597,172.31.46.0-255,66,196757,44,296183
52449,0.005184,172.217.194.0-255,5738,202495,44,296183
52450,0.005193,172.31.46.0-255,66,202561,44,296183
52451,0.007771,172.217.194.0-255,5738,208299,44,296183
52452,0.007775,172.31.46.0-255,66,208365,44,296183
52453,0.010362,172.217.194.0-255,5738,214103,44,296183
52454,0.010369,172.31.46.0-255,66,214169,44,296183
52455,0.012973,172.217.194.0-255,5738,219907,44,296183
52456,0.012981,172.31.46.0-255,66,219973,44,296183
52457,0.015572,172.217.194.0-255,5738,225711,44,296183
52458,0.015581,172.31.46.0-255,66,225777,44,296183
52459,0.018171,172.217.194.0-255,5738,231515,44,296183
52460,0.01818,172.31.46.0-255,66,231581,44,296183
52461,0.02077,172.217.194.0-255,5738,237319,44,296183
52462,0.020781,172.31.46.0-255,66,237385,44,296183
52463,0.023346,172.217.194.0-255,5738,243123,44,296183
52464,0.023353,172.31.46.0-255,66,243189,44,296183
52465,0.025938,172.217.194.0-255,5738,248927,44,296183
52466,0.025944,172.31.46.0-255,66,248993,44,296183
52467,0.028526,172.217.194.0-255,5738,254731,44,296183
52468,0.028534,172.31.46.0-255,66,254797,44,296183
52469,0.031132,172.217.194.0-255,5738,260535,44,296183
52470,0.031139,172.31.46.0-255,66,260601,44,296183
52471,0.033722,172.217.194.0-255,5738,266339,44,296183
52472,0.033729,172.31.46.0-255,66,266405,44,296183
52473,0.036297,172.217.194.0-255,5738,272143,44,296183
52474,0.036304,172.31.46.0-255,66,272209,44,296183
52475,0.038872,172.217.194.0-255,5738,277947,44,296183
52476,0.038879,172.31.46.0-255,66,278013,44,296183
52477,0.039332,172.31.46.0-255,172,278185,44,296183
52478,0.039363,172.31.46.0-255,1109,279294,44,296183
52479,0.039428,172.31.46.0-255,1514,280808,44,296183
52480,0.03943,172.31.46.0-255,1514,282322,44,296183
52481,0.039431,172.31.46.0-255,1514,283836,44,296183
52482,0.039437,172.31.46.0-255,1514,285350,44,296183
52483,0.039438,172.31.46.0-255,1514,286864,44,296183
52484,0.039439,172.31.46.0-255,77,286941,44,296183
52485,0.04083,104.244.42.0-255,66,287007,44,296183
52486,0.040851,104.244.42.0-255,66,287073,44,296183
52487,0.040945,104.244.42.0-255,66,287139,44,296183
52488,0.040951,104.244.42.0-255,66,287205,44,296183
52489,0.041465,172.217.194.0-255,5738,292943,44,296183
52490,0.041475,172.31.46.0-255,66,293009,44,296183
52491,0.044061,172.217.194.0-255,2412,295421,44,296183
52492,0.044068,172.31.46.0-255,66,295487,44,296183
52493,0.044232,172.31.46.0-255,105,295592,44,296183
52494,0.044269,172.31.46.0-255,105,295697,44,296183
52495,0.044486,172.31.46.0-255,90,295787,44,296183
52496,0.044494,172.31.46.0-255,66,295853,44,296183
52497,0.046782,172.217.194.0-255,66,295919,44,296183
52498,0.046806,172.217.194.0-255,66,295985,44,296183
52499,0.047032,172.217.194.0-255,66,296051,44,296183
52500,0.047275,172.217.194.0-255,66,296117,44,296183
52501,0.047288,172.31.46.0-255,66,296183,44,296183
52502,0.0,172.253.118.0-255,152,152,44,310052
52503,3.4e-05,172.31.46.0-255,66,218,44,310052
52504,4e-05,172.253.118.0-255,1484,1702,44,310052
52505,4.4e-05,172.31.46.0-255,66,1768,44,310052
52506,4.8e-05,172.253.118.0-255,2902,4670,44,310052
52507,5.9e-05,172.31.46.0-255,66,4736,44,310052
52508,6.6e-05,172.253.118.0-255,7156,11892,44,310052
52509,6.9e-05,172.31.46.0-255,66,11958,44,310052
52510,7.2e-05,172.253.118.0-255,1484,13442,44,310052
52511,7.4e-05,172.31.46.0-255,66,13508,44,310052
52512,0.000105,172.253.118.0-255,544,14052,44,310052
52513,0.000108,172.31.46.0-255,66,14118,44,310052
52514,0.000176,172.253.118.0-255,1484,15602,44,310052
52515,0.00018,172.31.46.0-255,66,15668,44,310052
52516,0.000184,172.253.118.0-255,2902,18570,44,310052
52517,0.000187,172.31.46.0-255,66,18636,44,310052
52518,0.000199,172.253.118.0-255,5738,24374,44,310052
52519,0.000201,172.31.46.0-255,66,24440,44,310052
52520,0.000257,172.31.46.0-255,66,24506,44,310052
52521,0.000272,172.31.46.0-255,66,24572,44,310052
52522,0.000278,172.253.118.0-255,4320,28892,44,310052
52523,0.000282,172.31.46.0-255,66,28958,44,310052
52524,0.000307,172.253.118.0-255,2543,31501,44,310052
52525,0.000311,172.31.46.0-255,66,31567,44,310052
52526,0.00148,172.253.118.0-255,1484,33051,44,310052
52527,0.001487,172.31.46.0-255,66,33117,44,310052
52528,0.001497,172.253.118.0-255,2902,36019,44,310052
52529,0.001504,172.31.46.0-255,66,36085,44,310052
52530,0.001508,172.253.118.0-255,1484,37569,44,310052
52531,0.00151,172.31.46.0-255,66,37635,44,310052
52532,0.001515,172.253.118.0-255,4320,41955,44,310052
52533,0.001532,172.253.118.0-255,1484,43439,44,310052
52534,0.001562,172.253.118.0-255,5379,48818,44,310052
52535,0.001566,172.253.118.0-255,1484,50302,44,310052
52536,0.001575,172.31.46.0-255,66,50368,44,310052
52537,0.001585,172.253.118.0-255,4320,54688,44,310052
52538,0.001589,172.31.46.0-255,66,54754,44,310052
52539,0.00161,172.253.118.0-255,4320,59074,44,310052
52540,0.001652,172.31.46.0-255,66,59140,44,310052
52541,0.001671,172.253.118.0-255,766,59906,44,310052
52542,0.001676,172.31.46.0-255,66,59972,44,310052
52543,0.001765,172.253.118.0-255,647,60619,44,310052
52544,0.001942,172.253.118.0-255,1484,62103,44,310052
52545,0.001945,172.31.46.0-255,66,62169,44,310052
52546,0.001949,172.253.118.0-255,1484,63653,44,310052
52547,0.001972,172.253.118.0-255,1484,65137,44,310052
52548,0.001978,172.253.118.0-255,5738,70875,44,310052
52549,0.001986,172.31.46.0-255,66,70941,44,310052
52550,0.002027,172.31.46.0-255,66,71007,44,310052
52551,0.002037,172.253.118.0-255,4320,75327,44,310052
52552,0.002059,172.253.118.0-255,1484,76811,44,310052
52553,0.002066,172.31.46.0-255,66,76877,44,310052
52554,0.002098,172.31.46.0-255,66,76943,44,310052
52555,0.004142,172.253.118.0-255,5738,82681,44,310052
52556,0.004147,172.31.46.0-255,66,82747,44,310052
52557,0.006174,172.253.118.0-255,5738,88485,44,310052
52558,0.00618,172.31.46.0-255,66,88551,44,310052
52559,0.008271,172.253.118.0-255,5738,94289,44,310052
52560,0.008282,172.31.46.0-255,66,94355,44,310052
52561,0.010339,172.253.118.0-255,4320,98675,44,310052
52562,0.010361,172.253.118.0-255,1484,100159,44,310052
52563,0.011928,172.31.46.0-255,66,100225,44,310052
52564,0.013947,172.253.118.0-255,5738,105963,44,310052
52565,0.013956,172.31.46.0-255,66,106029,44,310052
52566,0.016007,172.253.118.0-255,5738,111767,44,310052
52567,0.016018,172.31.46.0-255,66,111833,44,310052
52568,0.018063,172.253.118.0-255,5738,117571,44,310052
52569,0.02378,172.31.46.0-255,66,117637,44,310052
52570,0.025289,172.253.118.0-255,1484,119121,44,310052
52571,0.025835,172.253.118.0-255,4320,123441,44,310052
52572,0.025842,172.31.46.0-255,66,123507,44,310052
52573,0.027882,172.253.118.0-255,5738,129245,44,310052
52574,0.028078,172.31.46.0-255,66,129311,44,310052
52575,0.029294,172.31.46.0-255,172,129483,44,310052
52576,0.029322,172.31.46.0-255,1109,130592,44,310052
52577,0.02938,172.31.46.0-255,1514,132106,44,310052
52578,0.029382,172.31.46.0-255,1514,133620,44,310052
52579,0.029386,172.31.46.0-255,1514,135134,44,310052
52580,0.029388,172.31.46.0-255,1514,136648,44,310052
52581,0.029406,172.31.46.0-255,1514,138162,44,310052
52582,0.029407,172.31.46.0-255,76,138238,44,310052
52583,0.030104,172.253.118.0-255,5738,143976,44,310052
52584,0.030111,172.31.46.0-255,66,144042,44,310052
52585,0.030856,104.244.42.0-255,66,144108,44,310052
52586,0.030915,104.244.42.0-255,66,144174,44,310052
52587,0.030974,104.244.42.0-255,66,144240,44,310052
52588,0.030979,104.244.42.0-255,66,144306,44,310052
52589,0.032123,172.253.118.0-255,5738,150044,44,310052
52590,0.032129,172.31.46.0-255,66,150110,44,310052
52591,0.034154,172.253.118.0-255,4320,154430,44,310052
52592,0.034159,172.31.46.0-255,66,154496,44,310052
52593,0.034192,172.253.118.0-255,1484,155980,44,310052
52594,0.036188,172.253.118.0-255,4320,160300,44,310052
52595,0.036193,172.31.46.0-255,66,160366,44,310052
52596,0.038221,172.253.118.0-255,4320,164686,44,310052
52597,0.038227,172.31.46.0-255,66,164752,44,310052
52598,0.038267,172.253.118.0-255,1484,166236,44,310052
52599,0.040247,172.253.118.0-255,2902,169138,44,310052
52600,0.040253,172.31.46.0-255,66,169204,44,310052
52601,0.040292,172.253.118.0-255,1484,170688,44,310052
52602,0.042288,172.253.118.0-255,4320,175008,44,310052
52603,0.042333,172.31.46.0-255,66,175074,44,310052
52604,0.044356,172.253.118.0-255,4320,179394,44,310052
52605,0.044361,172.31.46.0-255,66,179460,44,310052
52606,0.04439,172.253.118.0-255,1484,180944,44,310052
52607,0.046394,172.253.118.0-255,4320,185264,44,310052
52608,0.046401,172.31.46.0-255,66,185330,44,310052
52609,0.048425,172.253.118.0-255,5738,191068,44,310052
52610,0.048552,172.31.46.0-255,66,191134,44,310052
52611,0.050583,172.253.118.0-255,2902,194036,44,310052
52612,0.050588,172.31.46.0-255,66,194102,44,310052
52613,0.050624,172.253.118.0-255,2902,197004,44,310052
52614,0.050645,172.31.46.0-255,66,197070,44,310052
52615,0.052603,172.253.118.0-255,2902,199972,44,310052
52616,0.052609,172.31.46.0-255,66,200038,44,310052
52617,0.052669,172.253.118.0-255,2902,202940,44,310052
52618,0.052689,172.31.46.0-255,66,203006,44,310052
52619,0.054645,172.253.118.0-255,2902,205908,44,310052
52620,0.054649,172.31.46.0-255,66,205974,44,310052
52621,0.054708,172.253.118.0-255,2902,208876,44,310052
52622,0.054727,172.31.46.0-255,66,208942,44,310052
52623,0.056673,172.253.118.0-255,2902,211844,44,310052
52624,0.056679,172.31.46.0-255,66,211910,44,310052
52625,0.056742,172.253.118.0-255,2902,214812,44,310052
52626,0.056753,172.31.46.0-255,66,214878,44,310052
52627,0.05871,172.253.118.0-255,2902,217780,44,310052
52628,0.058715,172.31.46.0-255,66,217846,44,310052
52629,0.058769,172.253.118.0-255,2902,220748,44,310052
52630,0.058794,172.31.46.0-255,66,220814,44,310052
52631,0.060741,172.253.118.0-255,2902,223716,44,310052
52632,0.060747,172.31.46.0-255,66,223782,44,310052
52633,0.060817,172.253.118.0-255,2902,226684,44,310052
52634,0.060829,172.31.46.0-255,66,226750,44,310052
52635,0.062784,172.253.118.0-255,2902,229652,44,310052
52636,0.06279,172.31.46.0-255,66,229718,44,310052
52637,0.062847,172.253.118.0-255,2902,232620,44,310052
52638,0.062868,172.31.46.0-255,66,232686,44,310052
52639,0.06482,172.253.118.0-255,2902,235588,44,310052
52640,0.064825,172.31.46.0-255,66,235654,44,310052
52641,0.064884,172.253.118.0-255,2902,238556,44,310052
52642,0.064904,172.31.46.0-255,66,238622,44,310052
52643,0.066877,172.253.118.0-255,2902,241524,44,310052
52644,0.066882,172.31.46.0-255,66,241590,44,310052
52645,0.066913,172.253.118.0-255,1484,243074,44,310052
52646,0.066924,172.253.118.0-255,1484,244558,44,310052
52647,0.066931,172.31.46.0-255,66,244624,44,310052
52648,0.068916,172.253.118.0-255,2902,247526,44,310052
52649,0.068929,172.31.46.0-255,66,247592,44,310052
52650,0.068964,172.253.118.0-255,2902,250494,44,310052
52651,0.069016,172.31.46.0-255,66,250560,44,310052
52652,0.070957,172.253.118.0-255,2902,253462,44,310052
52653,0.070963,172.31.46.0-255,66,253528,44,310052
52654,0.071033,172.253.118.0-255,2902,256430,44,310052
52655,0.071043,172.31.46.0-255,66,256496,44,310052
52656,0.073,172.253.118.0-255,2902,259398,44,310052
52657,0.073006,172.31.46.0-255,66,259464,44,310052
52658,0.073068,172.253.118.0-255,2902,262366,44,310052
52659,0.07308,172.31.46.0-255,66,262432,44,310052
52660,0.075024,172.253.118.0-255,2902,265334,44,310052
52661,0.07503,172.31.46.0-255,66,265400,44,310052
52662,0.075098,172.253.118.0-255,1484,266884,44,310052
52663,0.075113,172.253.118.0-255,1484,268368,44,310052
52664,0.075122,172.31.46.0-255,66,268434,44,310052
52665,0.077072,172.253.118.0-255,2902,271336,44,310052
52666,0.077077,172.31.46.0-255,66,271402,44,310052
52667,0.077143,172.253.118.0-255,2902,274304,44,310052
52668,0.077159,172.31.46.0-255,66,274370,44,310052
52669,0.079109,172.253.118.0-255,2902,277272,44,310052
52670,0.079115,172.31.46.0-255,66,277338,44,310052
52671,0.079182,172.253.118.0-255,2902,280240,44,310052
52672,0.079198,172.31.46.0-255,66,280306,44,310052
52673,0.081132,172.253.118.0-255,2902,283208,44,310052
52674,0.081138,172.31.46.0-255,66,283274,44,310052
52675,0.081212,172.253.118.0-255,2902,286176,44,310052
52676,0.081221,172.31.46.0-255,66,286242,44,310052
52677,0.083187,172.253.118.0-255,2902,289144,44,310052
52678,0.083192,172.31.46.0-255,66,289210,44,310052
52679,0.083234,172.253.118.0-255,2902,292112,44,310052
52680,0.083248,172.31.46.0-255,66,292178,44,310052
52681,0.085215,172.253.118.0-255,2902,295080,44,310052
52682,0.08522,172.31.46.0-255,66,295146,44,310052
52683,0.085268,172.253.118.0-255,2902,298048,44,310052
52684,0.085277,172.31.46.0-255,66,298114,44,310052
52685,0.087252,172.253.118.0-255,2902,301016,44,310052
52686,0.087257,172.31.46.0-255,66,301082,44,310052
52687,0.087292,172.253.118.0-255,2902,303984,44,310052
52688,0.087313,172.31.46.0-255,66,304050,44,310052
52689,0.089282,172.253.118.0-255,2902,306952,44,310052
52690,0.089288,172.31.46.0-255,66,307018,44,310052
52691,0.089323,172.253.118.0-255,1484,308502,44,310052
52692,0.089341,172.253.118.0-255,1484,309986,44,310052
52693,0.08937,172.31.46.0-255,66,310052,44,310052
52694,0.0,172.217.194.0-255,150,150,44,224524
52695,1.8e-05,172.31.46.0-255,66,216,44,224524
52696,2.4e-05,172.217.194.0-255,1484,1700,44,224524
52697,2.8e-05,172.31.46.0-255,66,1766,44,224524
52698,3.4e-05,172.217.194.0-255,2902,4668,44,224524
52699,3.8e-05,172.31.46.0-255,66,4734,44,224524
52700,4.5e-05,172.217.194.0-255,7156,11890,44,224524
52701,4.8e-05,172.31.46.0-255,66,11956,44,224524
52702,5.2e-05,172.217.194.0-255,2038,13994,44,224524
52703,5.5e-05,172.31.46.0-255,66,14060,44,224524
52704,0.000146,172.217.194.0-255,1484,15544,44,224524
52705,0.000149,172.31.46.0-255,66,15610,44,224524
52706,0.000155,172.217.194.0-255,2902,18512,44,224524
52707,0.000159,172.31.46.0-255,66,18578,44,224524
52708,0.000161,172.217.194.0-255,1484,20062,44,224524
52709,0.000163,172.31.46.0-255,66,20128,44,224524
52710,0.000192,172.217.194.0-255,4320,24448,44,224524
52711,0.000195,172.31.46.0-255,66,24514,44,224524
52712,0.000202,172.217.194.0-255,6797,31311,44,224524
52713,0.000204,172.31.46.0-255,66,31377,44,224524
52714,0.000234,172.217.194.0-255,5738,37115,44,224524
52715,0.000236,172.31.46.0-255,66,37181,44,224524
52716,0.00026,172.217.194.0-255,1484,38665,44,224524
52717,0.000262,172.31.46.0-255,66,38731,44,224524
52718,0.000274,172.31.46.0-255,66,38797,44,224524
52719,0.000281,172.217.194.0-255,7156,45953,44,224524
52720,0.000283,172.31.46.0-255,66,46019,44,224524
52721,0.000311,172.217.194.0-255,2902,48921,44,224524
52722,0.000314,172.31.46.0-255,66,48987,44,224524
52723,0.000321,172.217.194.0-255,6797,55784,44,224524
52724,0.000323,172.31.46.0-255,66,55850,44,224524
52725,0.000325,172.217.194.0-255,413,56263,44,224524
52726,0.000376,172.217.194.0-255,361,56624,44,224524
52727,0.000674,172.217.194.0-255,1484,58108,44,224524
52728,0.00068,172.31.46.0-255,66,58174,44,224524
52729,0.000684,172.217.194.0-255,1484,59658,44,224524
52730,0.000695,172.217.194.0-255,1484,61142,44,224524
52731,0.000697,172.31.46.0-255,66,61208,44,224524
52732,0.000705,172.217.194.0-255,5738,66946,44,224524
52733,0.000707,172.31.46.0-255,66,67012,44,224524
52734,0.000711,172.217.194.0-255,2902,69914,44,224524
52735,0.000713,172.31.46.0-255,66,69980,44,224524
52736,0.000747,172.217.194.0-255,7156,77136,44,224524
52737,0.000751,172.31.46.0-255,66,77202,44,224524
52738,0.000763,172.31.46.0-255,66,77268,44,224524
52739,0.000767,172.217.194.0-255,2184,79452,44,224524
52740,0.000769,172.31.46.0-255,66,79518,44,224524
52741,0.001212,172.217.194.0-255,1484,81002,44,224524
52742,0.001217,172.217.194.0-255,2902,83904,44,224524
52743,0.001219,172.217.194.0-255,1484,85388,44,224524
52744,0.001225,172.31.46.0-255,66,85454,44,224524
52745,0.001238,172.217.194.0-255,4320,89774,44,224524
52746,0.00124,172.31.46.0-255,66,89840,44,224524
52747,0.001246,172.217.194.0-255,4320,94160,44,224524
52748,0.001248,172.31.46.0-255,66,94226,44,224524
52749,0.001284,172.31.46.0-255,66,94292,44,224524
52750,0.001297,172.31.46.0-255,66,94358,44,224524
52751,0.001315,172.217.194.0-255,1484,95842,44,224524
52752,0.001332,172.217.194.0-255,2902,98744,44,224524
52753,0.001335,172.31.46.0-255,66,98810,44,224524
52754,0.00134,172.217.194.0-255,4320,103130,44,224524
52755,0.001342,172.31.46.0-255,66,103196,44,224524
52756,0.001354,172.217.194.0-255,1484,104680,44,224524
52757,0.001361,172.217.194.0-255,5738,110418,44,224524
52758,0.001363,172.31.46.0-255,66,110484,44,224524
52759,0.001387,172.217.194.0-255,7156,117640,44,224524
52760,0.00139,172.31.46.0-255,66,117706,44,224524
52761,0.001396,172.217.194.0-255,7156,124862,44,224524
52762,0.001398,172.31.46.0-255,66,124928,44,224524
52763,0.001421,172.217.194.0-255,3602,128530,44,224524
52764,0.001423,172.31.46.0-255,66,128596,44,224524
52765,0.001573,172.217.194.0-255,1484,130080,44,224524
52766,0.001586,172.217.194.0-255,2902,132982,44,224524
52767,0.001589,172.31.46.0-255,66,133048,44,224524
52768,0.001596,172.217.194.0-255,5738,138786,44,224524
52769,0.001598,172.31.46.0-255,66,138852,44,224524
52770,0.001618,172.217.194.0-255,2902,141754,44,224524
52771,0.001621,172.31.46.0-255,66,141820,44,224524
52772,0.001636,172.217.194.0-255,5738,147558,44,224524
52773,0.001639,172.31.46.0-255,66,147624,44,224524
52774,0.001668,172.217.194.0-255,4320,151944,44,224524
52775,0.001671,172.31.46.0-255,66,152010,44,224524
52776,0.001681,172.31.46.0-255,66,152076,44,224524
52777,0.001685,172.217.194.0-255,2184,154260,44,224524
52778,0.001687,172.31.46.0-255,66,154326,44,224524
52779,0.001715,172.217.194.0-255,1484,155810,44,224524
52780,0.001734,172.217.194.0-255,2902,158712,44,224524
52781,0.001737,172.31.46.0-255,66,158778,44,224524
52782,0.001742,172.217.194.0-255,4320,163098,44,224524
52783,0.001745,172.31.46.0-255,66,163164,44,224524
52784,0.001756,172.217.194.0-255,1484,164648,44,224524
52785,0.001775,172.217.194.0-255,4320,168968,44,224524
52786,0.001778,172.31.46.0-255,66,169034,44,224524
52787,0.001808,172.31.46.0-255,66,169100,44,224524
52788,0.001819,172.31.46.0-255,66,169166,44,224524
52789,0.001821,172.217.194.0-255,766,169932,44,224524
52790,0.001885,172.217.194.0-255,1484,171416,44,224524
52791,0.001888,172.31.46.0-255,66,171482,44,224524
52792,0.001893,172.217.194.0-255,2902,174384,44,224524
52793,0.001895,172.31.46.0-255,66,174450,44,224524
52794,0.001918,172.217.194.0-255,5738,180188,44,224524
52795,0.001921,172.31.46.0-255,66,180254,44,224524
52796,0.001933,172.217.194.0-255,7156,187410,44,224524
52797,0.001936,172.31.46.0-255,66,187476,44,224524
52798,0.001968,172.217.194.0-255,5738,193214,44,224524
52799,0.001971,172.31.46.0-255,66,193280,44,224524
52800,0.001981,172.31.46.0-255,66,193346,44,224524
52801,0.001984,172.217.194.0-255,1484,194830,44,224524
52802,0.002009,172.217.194.0-255,2184,197014,44,224524
52803,0.002013,172.217.194.0-255,4320,201334,44,224524
52804,0.002029,172.31.46.0-255,66,201400,44,224524
52805,0.002032,172.31.46.0-255,66,201466,44,224524
52806,0.002034,172.31.46.0-255,66,201532,44,224524
52807,0.002038,172.217.194.0-255,1484,203016,44,224524
52808,0.002041,172.217.194.0-255,1484,204500,44,224524
52809,0.002043,172.31.46.0-255,66,204566,44,224524
52810,0.002077,172.31.46.0-255,66,204632,44,224524
52811,0.002081,172.217.194.0-255,2902,207534,44,224524
52812,0.002083,172.31.46.0-255,66,207600,44,224524
52813,0.002126,172.31.46.0-255,66,207666,44,224524
52814,0.002147,172.217.194.0-255,766,208432,44,224524
52815,0.002162,172.31.46.0-255,66,208498,44,224524
52816,0.002169,172.217.194.0-255,7156,215654,44,224524
52817,0.002171,172.31.46.0-255,66,215720,44,224524
52818,0.002201,172.31.46.0-255,66,215786,44,224524
52819,0.002244,172.31.46.0-255,66,215852,44,224524
52820,0.002266,172.217.194.0-255,105,215957,44,224524
52821,0.002284,172.31.46.0-255,66,216023,44,224524
52822,0.004306,172.31.46.0-255,105,216128,44,224524
52823,0.006561,172.217.194.0-255,66,216194,44,224524
52824,0.027216,172.31.46.0-255,164,216358,44,224524
52825,0.027253,172.31.46.0-255,1123,217481,44,224524
52826,0.027334,172.31.46.0-255,1514,218995,44,224524
52827,0.027335,172.31.46.0-255,1514,220509,44,224524
52828,0.027337,172.31.46.0-255,1514,222023,44,224524
52829,0.027338,172.31.46.0-255,1514,223537,44,224524
52830,0.02734,172.31.46.0-255,549,224086,44,224524
52831,0.028792,104.244.42.0-255,66,224152,44,224524
52832,0.028818,104.244.42.0-255,66,224218,44,224524
52833,0.028922,104.244.42.0-255,66,224284,44,224524
52834,0.028927,104.244.42.0-255,66,224350,44,224524
52835,0.030138,104.244.42.0-255,108,224458,44,224524
52836,0.030148,172.31.46.0-255,66,224524,44,224524
52837,0.0,74.125.68.0-255,143,143,44,359264
52838,2.3e-05,172.31.46.0-255,66,209,44,359264
52839,3e-05,74.125.68.0-255,1484,1693,44,359264
52840,3.6e-05,172.31.46.0-255,66,1759,44,359264
52841,4.9e-05,74.125.68.0-255,2902,4661,44,359264
52842,5.2e-05,172.31.46.0-255,66,4727,44,359264
52843,6.2e-05,74.125.68.0-255,7156,11883,44,359264
52844,6.6e-05,172.31.46.0-255,66,11949,44,359264
52845,7e-05,74.125.68.0-255,2090,14039,44,359264
52846,7.3e-05,172.31.46.0-255,66,14105,44,359264
52847,0.000109,74.125.68.0-255,2902,17007,44,359264
52848,0.000112,172.31.46.0-255,66,17073,44,359264
52849,0.00014,74.125.68.0-255,5738,22811,44,359264
52850,0.000143,172.31.46.0-255,66,22877,44,359264
52851,0.000156,172.31.46.0-255,66,22943,44,359264
52852,0.000161,74.125.68.0-255,4320,27263,44,359264
52853,0.000164,172.31.46.0-255,66,27329,44,359264
52854,0.00017,74.125.68.0-255,5738,33067,44,359264
52855,0.000173,172.31.46.0-255,66,33133,44,359264
52856,0.000203,74.125.68.0-255,2902,36035,44,359264
52857,0.000205,172.31.46.0-255,66,36101,44,359264
52858,0.000233,74.125.68.0-255,2184,38285,44,359264
52859,0.000235,172.31.46.0-255,66,38351,44,359264
52860,0.0003,74.125.68.0-255,1484,39835,44,359264
52861,0.000303,172.31.46.0-255,66,39901,44,359264
52862,0.000309,74.125.68.0-255,2902,42803,44,359264
52863,0.000312,172.31.46.0-255,66,42869,44,359264
52864,0.000341,74.125.68.0-255,5738,48607,44,359264
52865,0.000344,172.31.46.0-255,66,48673,44,359264
52866,0.00035,74.125.68.0-255,4320,52993,44,359264
52867,0.000352,172.31.46.0-255,66,53059,44,359264
52868,0.000388,74.125.68.0-255,2543,55602,44,359264
52869,0.00039,172.31.46.0-255,66,55668,44,359264
52870,0.000446,74.125.68.0-255,1484,57152,44,359264
52871,0.000453,74.125.68.0-255,2902,60054,44,359264
52872,0.000456,172.31.46.0-255,66,60120,44,359264
52873,0.000485,74.125.68.0-255,5738,65858,44,359264
52874,0.000488,172.31.46.0-255,66,65924,44,359264
52875,0.000518,74.125.68.0-255,6797,72721,44,359264
52876,0.00052,172.31.46.0-255,66,72787,44,359264
52877,0.000612,74.125.68.0-255,1484,74271,44,359264
52878,0.000628,74.125.68.0-255,2902,77173,44,359264
52879,0.000632,172.31.46.0-255,66,77239,44,359264
52880,0.000637,74.125.68.0-255,2902,80141,44,359264
52881,0.000638,172.31.46.0-255,66,80207,44,359264
52882,0.000669,74.125.68.0-255,2902,83109,44,359264
52883,0.000672,172.31.46.0-255,66,83175,44,359264
52884,0.000677,74.125.68.0-255,2902,86077,44,359264
52885,0.00068,172.31.46.0-255,66,86143,44,359264
52886,0.000692,172.31.46.0-255,66,86209,44,359264
52887,0.000716,74.125.68.0-255,4320,90529,44,359264
52888,0.000718,172.31.46.0-255,66,90595,44,359264
52889,0.000744,74.125.68.0-255,4320,94915,44,359264
52890,0.000747,172.31.46.0-255,66,94981,44,359264
52891,0.00075,74.125.68.0-255,1484,96465,44,359264
52892,0.00077,74.125.68.0-255,766,97231,44,359264
52893,0.000773,172.31.46.0-255,66,97297,44,359264
52894,0.001269,74.125.68.0-255,1484,98781,44,359264
52895,0.001276,74.125.68.0-255,2902,101683,44,359264
52896,0.00128,172.31.46.0-255,66,101749,44,359264
52897,0.001286,74.125.68.0-255,2902,104651,44,359264
52898,0.001289,172.31.46.0-255,66,104717,44,359264
52899,0.001309,74.125.68.0-255,2902,107619,44,359264
52900,0.001312,172.31.46.0-255,66,107685,44,359264
52901,0.001324,74.125.68.0-255,7156,114841,44,359264
52902,0.001326,172.31.46.0-255,66,114907,44,359264
52903,0.001329,74.125.68.0-255,1484,116391,44,359264
52904,0.001356,74.125.68.0-255,7156,123547,44,359264
52905,0.001358,172.31.46.0-255,66,123613,44,359264
52906,0.001365,74.125.68.0-255,5738,129351,44,359264
52907,0.001367,172.31.46.0-255,66,129417,44,359264
52908,0.001395,74.125.68.0-255,2184,131601,44,359264
52909,0.001398,172.31.46.0-255,66,131667,44,359264
52910,0.001414,74.125.68.0-255,1484,133151,44,359264
52911,0.00143,74.125.68.0-255,2902,136053,44,359264
52912,0.001432,172.31.46.0-255,66,136119,44,359264
52913,0.001462,74.125.68.0-255,5738,141857,44,359264
52914,0.001465,172.31.46.0-255,66,141923,44,359264
52915,0.00147,74.125.68.0-255,4320,146243,44,359264
52916,0.001473,172.31.46.0-255,66,146309,44,359264
52917,0.00148,74.125.68.0-255,5738,152047,44,359264
52918,0.001482,172.31.46.0-255,66,152113,44,359264
52919,0.001527,172.31.46.0-255,66,152179,44,359264
52920,0.001531,74.125.68.0-255,2184,154363,44,359264
52921,0.001533,172.31.46.0-255,66,154429,44,359264
52922,0.001773,74.125.68.0-255,1484,155913,44,359264
52923,0.001794,74.125.68.0-255,2902,158815,44,359264
52924,0.001798,172.31.46.0-255,66,158881,44,359264
52925,0.001802,74.125.68.0-255,1484,160365,44,359264
52926,0.001827,74.125.68.0-255,4320,164685,44,359264
52927,0.001829,172.31.46.0-255,66,164751,44,359264
52928,0.001834,74.125.68.0-255,2902,167653,44,359264
52929,0.001836,172.31.46.0-255,66,167719,44,359264
52930,0.001841,74.125.68.0-255,4320,172039,44,359264
52931,0.001843,172.31.46.0-255,66,172105,44,359264
52932,0.001846,74.125.68.0-255,1484,173589,44,359264
52933,0.001878,74.125.68.0-255,7156,180745,44,359264
52934,0.001881,172.31.46.0-255,66,180811,44,359264
52935,0.001892,74.125.68.0-255,7156,187967,44,359264
52936,0.001895,172.31.46.0-255,66,188033,44,359264
52937,0.001898,74.125.68.0-255,766,188799,44,359264
52938,0.001938,74.125.68.0-255,1484,190283,44,359264
52939,0.001941,172.31.46.0-255,66,190349,44,359264
52940,0.001944,74.125.68.0-255,1484,191833,44,359264
52941,0.001971,74.125.68.0-255,2902,194735,44,359264
52942,0.001974,172.31.46.0-255,66,194801,44,359264
52943,0.001979,74.125.68.0-255,4320,199121,44,359264
52944,0.001982,172.31.46.0-255,66,199187,44,359264
52945,0.001987,74.125.68.0-255,5738,204925,44,359264
52946,0.001995,172.31.46.0-255,66,204991,44,359264
52947,0.002036,172.31.46.0-255,66,205057,44,359264
52948,0.002046,74.125.68.0-255,4320,209377,44,359264
52949,0.002049,172.31.46.0-255,66,209443,44,359264
52950,0.002089,74.125.68.0-255,2184,211627,44,359264
52951,0.002092,172.31.46.0-255,66,211693,44,359264
52952,0.002119,74.125.68.0-255,2902,214595,44,359264
52953,0.002123,172.31.46.0-255,66,214661,44,359264
52954,0.002128,74.125.68.0-255,4320,218981,44,359264
52955,0.002131,172.31.46.0-255,66,219047,44,359264
52956,0.002161,74.125.68.0-255,2902,221949,44,359264
52957,0.002164,172.31.46.0-255,66,222015,44,359264
52958,0.002175,172.31.46.0-255,66,222081,44,359264
52959,0.00218,74.125.68.0-255,2902,224983,44,359264
52960,0.002184,172.31.46.0-255,66,225049,44,359264
52961,0.002219,172.31.46.0-255,66,225115,44,359264
52962,0.002256,74.125.68.0-255,3602,228717,44,359264
52963,0.002259,172.31.46.0-255,66,228783,44,359264
52964,0.002283,74.125.68.0-255,1484,230267,44,359264
52965,0.002288,74.125.68.0-255,2902,233169,44,359264
52966,0.00229,172.31.46.0-255,66,233235,44,359264
52967,0.002313,74.125.68.0-255,5738,238973,44,359264
52968,0.002316,172.31.46.0-255,66,239039,44,359264
52969,0.002353,172.31.46.0-255,66,239105,44,359264
52970,0.002356,74.125.68.0-255,1484,240589,44,359264
52971,0.00467,74.125.68.0-255,4320,244909,44,359264
52972,0.004677,172.31.46.0-255,66,244975,44,359264
52973,0.007006,74.125.68.0-255,5738,250713,44,359264
52974,0.007014,172.31.46.0-255,66,250779,44,359264
52975,0.009329,74.125.68.0-255,4320,255099,44,359264
52976,0.009333,172.31.46.0-255,66,255165,44,359264
52977,0.009344,74.125.68.0-255,1484,256649,44,359264
52978,0.011654,74.125.68.0-255,4320,260969,44,359264
52979,0.01166,172.31.46.0-255,66,261035,44,359264
52980,0.01398,74.125.68.0-255,5738,266773,44,359264
52981,0.013988,172.31.46.0-255,66,266839,44,359264
52982,0.016322,74.125.68.0-255,5738,272577,44,359264
52983,0.01633,172.31.46.0-255,66,272643,44,359264
52984,0.018664,74.125.68.0-255,5738,278381,44,359264
52985,0.018674,172.31.46.0-255,66,278447,44,359264
52986,0.021012,74.125.68.0-255,5738,284185,44,359264
52987,0.02102,172.31.46.0-255,66,284251,44,359264
52988,0.023366,74.125.68.0-255,5738,289989,44,359264
52989,0.023374,172.31.46.0-255,66,290055,44,359264
52990,0.025699,74.125.68.0-255,5738,295793,44,359264
52991,0.025723,172.31.46.0-255,66,295859,44,359264
52992,0.028041,74.125.68.0-255,5738,301597,44,359264
52993,0.028048,172.31.46.0-255,66,301663,44,359264
52994,0.030424,74.125.68.0-255,5738,307401,44,359264
52995,0.030431,172.31.46.0-255,66,307467,44,359264
52996,0.032762,74.125.68.0-255,5738,313205,44,359264
52997,0.03277,172.31.46.0-255,66,313271,44,359264
52998,0.035099,74.125.68.0-255,5738,319009,44,359264
52999,0.035107,172.31.46.0-255,66,319075,44,359264
53000,0.037435,74.125.68.0-255,5738,324813,44,359264
53001,0.037443,172.31.46.0-255,66,324879,44,359264
53002,0.039768,74.125.68.0-255,5738,330617,44,359264
53003,0.039775,172.31.46.0-255,66,330683,44,359264
53004,0.041051,172.31.46.0-255,476,331159,44,359264
53005,0.041083,172.31.46.0-255,1114,332273,44,359264
53006,0.04115,172.31.46.0-255,1514,333787,44,359264
53007,0.041152,172.31.46.0-255,1514,335301,44,359264
53008,0.041174,172.31.46.0-255,1514,336815,44,359264
53009,0.041176,172.31.46.0-255,1514,338329,44,359264
53010,0.041185,172.31.46.0-255,1514,339843,44,359264
53011,0.041186,172.31.46.0-255,71,339914,44,359264
53012,0.042093,74.125.68.0-255,5738,345652,44,359264
53013,0.042101,172.31.46.0-255,66,345718,44,359264
53014,0.042582,104.244.42.0-255,66,345784,44,359264
53015,0.042618,104.244.42.0-255,66,345850,44,359264
53016,0.042686,104.244.42.0-255,66,345916,44,359264
53017,0.042735,104.244.42.0-255,66,345982,44,359264
53018,0.04274,104.244.42.0-255,66,346048,44,359264
53019,0.043254,104.244.42.0-255,108,346156,44,359264
53020,0.043265,172.31.46.0-255,66,346222,44,359264
53021,0.04446,74.125.68.0-255,5738,351960,44,359264
53022,0.044466,172.31.46.0-255,66,352026,44,359264
53023,0.046789,74.125.68.0-255,5738,357764,44,359264
53024,0.0468,172.31.46.0-255,66,357830,44,359264
53025,0.049118,74.125.68.0-255,1197,359027,44,359264
53026,0.049339,172.31.46.0-255,66,359093,44,359264
53027,0.049378,172.31.46.0-255,105,359198,44,359264
53028,0.051665,74.125.68.0-255,66,359264,44,359264
53029,0.0,172.217.194.0-255,143,143,44,360413
53030,1.5e-05,172.31.46.0-255,66,209,44,360413
53031,2.1e-05,172.217.194.0-255,1484,1693,44,360413
53032,2.6e-05,172.31.46.0-255,66,1759,44,360413
53033,3.9e-05,172.217.194.0-255,2902,4661,44,360413
53034,4.3e-05,172.31.46.0-255,66,4727,44,360413
53035,4.8e-05,172.217.194.0-255,2902,7629,44,360413
53036,5.1e-05,172.31.46.0-255,66,7695,44,360413
53037,7.9e-05,172.217.194.0-255,2902,10597,44,360413
53038,8.3e-05,172.31.46.0-255,66,10663,44,360413
53039,8.8e-05,172.217.194.0-255,3532,14195,44,360413
53040,9.1e-05,172.31.46.0-255,66,14261,44,360413
53041,0.00018,172.217.194.0-255,1484,15745,44,360413
53042,0.000184,172.31.46.0-255,66,15811,44,360413
53043,0.000189,172.217.194.0-255,2902,18713,44,360413
53044,0.000191,172.31.46.0-255,66,18779,44,360413
53045,0.000229,172.217.194.0-255,5738,24517,44,360413
53046,0.000232,172.31.46.0-255,66,24583,44,360413
53047,0.000235,172.217.194.0-255,1484,26067,44,360413
53048,0.000237,172.31.46.0-255,66,26133,44,360413
53049,0.000269,172.217.194.0-255,5379,31512,44,360413
53050,0.000272,172.31.46.0-255,66,31578,44,360413
53051,0.000299,172.217.194.0-255,4320,35898,44,360413
53052,0.000301,172.31.46.0-255,66,35964,44,360413
53053,0.00033,172.217.194.0-255,1484,37448,44,360413
53054,0.000333,172.31.46.0-255,66,37514,44,360413
53055,0.000341,172.217.194.0-255,7156,44670,44,360413
53056,0.000344,172.31.46.0-255,66,44736,44,360413
53057,0.000352,172.217.194.0-255,3961,48697,44,360413
53058,0.000355,172.31.46.0-255,66,48763,44,360413
53059,0.000613,172.217.194.0-255,1484,50247,44,360413
53060,0.000619,172.31.46.0-255,66,50313,44,360413
53061,0.000625,172.217.194.0-255,2902,53215,44,360413
53062,0.000627,172.31.46.0-255,66,53281,44,360413
53063,0.000633,172.217.194.0-255,4320,57601,44,360413
53064,0.000671,172.217.194.0-255,1484,59085,44,360413
53065,0.000678,172.217.194.0-255,6797,65882,44,360413
53066,0.000688,172.31.46.0-255,66,65948,44,360413
53067,0.000699,172.217.194.0-255,5738,71686,44,360413
53068,0.000722,172.217.194.0-255,7156,78842,44,360413
53069,0.000749,172.217.194.0-255,4541,83383,44,360413
53070,0.000756,172.31.46.0-255,66,83449,44,360413
53071,0.000767,172.217.194.0-255,5738,89187,44,360413
53072,0.000787,172.31.46.0-255,66,89253,44,360413
53073,0.000856,172.217.194.0-255,2543,91796,44,360413
53074,0.000863,172.217.194.0-255,7156,98952,44,360413
53075,0.000867,172.217.194.0-255,4320,103272,44,360413
53076,0.000871,172.31.46.0-255,66,103338,44,360413
53077,0.000878,172.31.46.0-255,66,103404,44,360413
53078,0.0009,172.217.194.0-255,4320,107724,44,360413
53079,0.000903,172.217.194.0-255,607,108331,44,360413
53080,0.00092,172.31.46.0-255,66,108397,44,360413
53081,0.001228,172.217.194.0-255,1484,109881,44,360413
53082,0.001234,172.217.194.0-255,2902,112783,44,360413
53083,0.001238,172.31.46.0-255,66,112849,44,360413
53084,0.001243,172.217.194.0-255,2902,115751,44,360413
53085,0.001277,172.217.194.0-255,2902,118653,44,360413
53086,0.001307,172.217.194.0-255,1484,120137,44,360413
53087,0.001325,172.31.46.0-255,66,120203,44,360413
53088,0.001917,172.217.194.0-255,1484,121687,44,360413
53089,0.001922,172.217.194.0-255,1484,123171,44,360413
53090,0.001927,172.31.46.0-255,66,123237,44,360413
53091,0.001959,172.217.194.0-255,1484,124721,44,360413
53092,0.001966,172.217.194.0-255,5738,130459,44,360413
53093,0.001969,172.31.46.0-255,66,130525,44,360413
53094,0.001989,172.31.46.0-255,66,130591,44,360413
53095,0.001996,172.217.194.0-255,7156,137747,44,360413
53096,0.001998,172.31.46.0-255,66,137813,44,360413
53097,0.002028,172.217.194.0-255,3602,141415,44,360413
53098,0.002041,172.31.46.0-255,66,141481,44,360413
53099,0.002232,172.217.194.0-255,1484,142965,44,360413
53100,0.002237,172.217.194.0-255,2902,145867,44,360413
53101,0.002241,172.31.46.0-255,66,145933,44,360413
53102,0.002247,172.217.194.0-255,4320,150253,44,360413
53103,0.002249,172.31.46.0-255,66,150319,44,360413
53104,0.002274,172.217.194.0-255,1484,151803,44,360413
53105,0.002281,172.217.194.0-255,5738,157541,44,360413
53106,0.002283,172.31.46.0-255,66,157607,44,360413
53107,0.002295,172.217.194.0-255,7156,164763,44,360413
53108,0.0023,172.31.46.0-255,66,164829,44,360413
53109,0.002323,172.217.194.0-255,5738,170567,44,360413
53110,0.00233,172.217.194.0-255,5020,175587,44,360413
53111,0.002368,172.31.46.0-255,66,175653,44,360413
53112,0.004717,172.217.194.0-255,5738,181391,44,360413
53113,0.004725,172.31.46.0-255,66,181457,44,360413
53114,0.007107,172.217.194.0-255,2902,184359,44,360413
53115,0.007112,172.31.46.0-255,66,184425,44,360413
53116,0.007145,172.217.194.0-255,2902,187327,44,360413
53117,0.007148,172.31.46.0-255,66,187393,44,360413
53118,0.009438,172.217.194.0-255,2902,190295,44,360413
53119,0.009446,172.31.46.0-255,66,190361,44,360413
53120,0.009476,172.217.194.0-255,2902,193263,44,360413
53121,0.009479,172.31.46.0-255,66,193329,44,360413
53122,0.011821,172.217.194.0-255,5738,199067,44,360413
53123,0.011828,172.31.46.0-255,66,199133,44,360413
53124,0.014196,172.217.194.0-255,5738,204871,44,360413
53125,0.014205,172.31.46.0-255,66,204937,44,360413
53126,0.016569,172.217.194.0-255,5738,210675,44,360413
53127,0.016579,172.31.46.0-255,66,210741,44,360413
53128,0.01894,172.217.194.0-255,5738,216479,44,360413
53129,0.018951,172.31.46.0-255,66,216545,44,360413
53130,0.021286,172.217.194.0-255,5738,222283,44,360413
53131,0.021294,172.31.46.0-255,66,222349,44,360413
53132,0.023674,172.217.194.0-255,5738,228087,44,360413
53133,0.023681,172.31.46.0-255,66,228153,44,360413
53134,0.026071,172.217.194.0-255,5738,233891,44,360413
53135,0.026079,172.31.46.0-255,66,233957,44,360413
53136,0.028494,172.217.194.0-255,5738,239695,44,360413
53137,0.028502,172.31.46.0-255,66,239761,44,360413
53138,0.030851,172.217.194.0-255,5738,245499,44,360413
53139,0.030858,172.31.46.0-255,66,245565,44,360413
53140,0.033218,172.217.194.0-255,5738,251303,44,360413
53141,0.033231,172.31.46.0-255,66,251369,44,360413
53142,0.035572,172.217.194.0-255,2902,254271,44,360413
53143,0.03558,172.31.46.0-255,66,254337,44,360413
53144,0.035605,172.217.194.0-255,2902,257239,44,360413
53145,0.035609,172.31.46.0-255,66,257305,44,360413
53146,0.036589,172.31.46.0-255,172,257477,44,360413
53147,0.036626,172.31.46.0-255,1114,258591,44,360413
53148,0.036691,172.31.46.0-255,1514,260105,44,360413
53149,0.036693,172.31.46.0-255,1514,261619,44,360413
53150,0.036699,172.31.46.0-255,1514,263133,44,360413
53151,0.0367,172.31.46.0-255,1514,264647,44,360413
53152,0.036754,172.31.46.0-255,1514,266161,44,360413
53153,0.036755,172.31.46.0-255,70,266231,44,360413
53154,0.037911,172.217.194.0-255,2902,269133,44,360413
53155,0.037918,172.31.46.0-255,66,269199,44,360413
53156,0.037954,172.217.194.0-255,2902,272101,44,360413
53157,0.037958,172.31.46.0-255,66,272167,44,360413
53158,0.038189,104.244.42.0-255,66,272233,44,360413
53159,0.038198,104.244.42.0-255,66,272299,44,360413
53160,0.038307,104.244.42.0-255,66,272365,44,360413
53161,0.038383,104.244.42.0-255,66,272431,44,360413
53162,0.039921,104.244.42.0-255,108,272539,44,360413
53163,0.039934,172.31.46.0-255,66,272605,44,360413
53164,0.040296,172.217.194.0-255,5738,278343,44,360413
53165,0.040304,172.31.46.0-255,66,278409,44,360413
53166,0.042661,172.217.194.0-255,5738,284147,44,360413
53167,0.042669,172.31.46.0-255,66,284213,44,360413
53168,0.045007,172.217.194.0-255,5738,289951,44,360413
53169,0.045014,172.31.46.0-255,66,290017,44,360413
53170,0.047412,172.217.194.0-255,5738,295755,44,360413
53171,0.047419,172.31.46.0-255,66,295821,44,360413
53172,0.049772,172.217.194.0-255,5738,301559,44,360413
53173,0.04978,172.31.46.0-255,66,301625,44,360413
53174,0.05211,172.217.194.0-255,5738,307363,44,360413
53175,0.052116,172.31.46.0-255,66,307429,44,360413
53176,0.054463,172.217.194.0-255,5738,313167,44,360413
53177,0.05447,172.31.46.0-255,66,313233,44,360413
53178,0.056811,172.217.194.0-255,5738,318971,44,360413
53179,0.056819,172.31.46.0-255,66,319037,44,360413
53180,0.059171,172.217.194.0-255,5738,324775,44,360413
53181,0.059181,172.31.46.0-255,66,324841,44,360413
53182,0.061514,172.217.194.0-255,5738,330579,44,360413
53183,0.06152,172.31.46.0-255,66,330645,44,360413
53184,0.063838,172.217.194.0-255,5738,336383,44,360413
53185,0.063846,172.31.46.0-255,66,336449,44,360413
53186,0.0662,172.217.194.0-255,5738,342187,44,360413
53187,0.066208,172.31.46.0-255,66,342253,44,360413
53188,0.068554,172.217.194.0-255,5738,347991,44,360413
53189,0.068561,172.31.46.0-255,66,348057,44,360413
53190,0.070891,172.217.194.0-255,5738,353795,44,360413
53191,0.070898,172.31.46.0-255,66,353861,44,360413
53192,0.073228,172.217.194.0-255,5738,359599,44,360413
53193,0.073234,172.31.46.0-255,66,359665,44,360413
53194,0.075573,172.217.194.0-255,511,360176,44,360413
53195,0.075714,172.31.46.0-255,66,360242,44,360413
53196,0.075752,172.31.46.0-255,105,360347,44,360413
53197,0.078062,172.217.194.0-255,66,360413,44,360413
53198,0.0,172.217.194.0-255,153,153,44,215501
53199,2.6e-05,172.31.46.0-255,66,219,44,215501
53200,3.3e-05,172.217.194.0-255,1484,1703,44,215501
53201,3.8e-05,172.31.46.0-255,66,1769,44,215501
53202,5.1e-05,172.217.194.0-255,2902,4671,44,215501
53203,5.6e-05,172.31.46.0-255,66,4737,44,215501
53204,6.4e-05,172.217.194.0-255,7156,11893,44,215501
53205,6.7e-05,172.31.46.0-255,66,11959,44,215501
53206,7.1e-05,172.217.194.0-255,2047,14006,44,215501
53207,7.4e-05,172.31.46.0-255,66,14072,44,215501
53208,9.5e-05,172.217.194.0-255,1484,15556,44,215501
53209,9.8e-05,172.31.46.0-255,66,15622,44,215501
53210,0.000103,172.217.194.0-255,2902,18524,44,215501
53211,0.00011,172.31.46.0-255,66,18590,44,215501
53212,0.000117,172.217.194.0-255,5738,24328,44,215501
53213,0.000119,172.31.46.0-255,66,24394,44,215501
53214,0.000152,172.217.194.0-255,6797,31191,44,215501
53215,0.000155,172.31.46.0-255,66,31257,44,215501
53216,0.000188,172.217.194.0-255,7156,38413,44,215501
53217,0.000191,172.31.46.0-255,66,38479,44,215501
53218,0.000197,172.217.194.0-255,4320,42799,44,215501
53219,0.000199,172.31.46.0-255,66,42865,44,215501
53220,0.000222,172.217.194.0-255,5379,48244,44,215501
53221,0.000225,172.31.46.0-255,66,48310,44,215501
53222,0.000992,172.217.194.0-255,1484,49794,44,215501
53223,0.000999,172.31.46.0-255,66,49860,44,215501
53224,0.001009,172.217.194.0-255,2902,52762,44,215501
53225,0.001012,172.31.46.0-255,66,52828,44,215501
53226,0.001024,172.217.194.0-255,4320,57148,44,215501
53227,0.001026,172.31.46.0-255,66,57214,44,215501
53228,0.00103,172.217.194.0-255,1484,58698,44,215501
53229,0.001032,172.31.46.0-255,66,58764,44,215501
53230,0.001073,172.31.46.0-255,66,58830,44,215501
53231,0.001089,172.31.46.0-255,66,58896,44,215501
53232,0.001096,172.217.194.0-255,5738,64634,44,215501
53233,0.001139,172.217.194.0-255,646,65280,44,215501
53234,0.001191,172.217.194.0-255,1484,66764,44,215501
53235,0.001197,172.217.194.0-255,2902,69666,44,215501
53236,0.001204,172.217.194.0-255,5738,75404,44,215501
53237,0.00122,172.217.194.0-255,6133,81537,44,215501
53238,0.001299,172.217.194.0-255,1484,83021,44,215501
53239,0.001306,172.217.194.0-255,2902,85923,44,215501
53240,0.001319,172.217.194.0-255,1484,87407,44,215501
53241,0.001334,172.217.194.0-255,4320,91727,44,215501
53242,0.001418,172.217.194.0-255,5738,97465,44,215501
53243,0.00144,172.217.194.0-255,2902,100367,44,215501
53244,0.001475,172.217.194.0-255,5738,106105,44,215501
53245,0.001788,172.217.194.0-255,1484,107589,44,215501
53246,0.001797,172.217.194.0-255,2902,110491,44,215501
53247,0.001805,172.217.194.0-255,5738,116229,44,215501
53248,0.001834,172.217.194.0-255,5738,121967,44,215501
53249,0.001852,172.217.194.0-255,7156,129123,44,215501
53250,0.001879,172.217.194.0-255,2902,132025,44,215501
53251,0.00193,172.217.194.0-255,1484,133509,44,215501
53252,0.001934,172.217.194.0-255,2902,136411,44,215501
53253,0.001955,172.217.194.0-255,5738,142149,44,215501
53254,0.001966,172.217.194.0-255,1484,143633,44,215501
53255,0.002022,172.217.194.0-255,2902,146535,44,215501
53256,0.002075,172.217.194.0-255,1484,148019,44,215501
53257,0.002079,172.217.194.0-255,1484,149503,44,215501
53258,0.002092,172.217.194.0-255,1484,150987,44,215501
53259,0.002095,172.217.194.0-255,1484,152471,44,215501
53260,0.002114,172.217.194.0-255,4320,156791,44,215501
53261,0.002119,172.217.194.0-255,2902,159693,44,215501
53262,0.002189,172.217.194.0-255,4320,164013,44,215501
53263,0.002209,172.217.194.0-255,5020,169033,44,215501
53264,0.002346,172.217.194.0-255,4320,173353,44,215501
53265,0.002718,172.31.46.0-255,66,173419,44,215501
53266,0.005026,172.217.194.0-255,5738,179157,44,215501
53267,0.005037,172.31.46.0-255,66,179223,44,215501
53268,0.007329,172.217.194.0-255,5738,184961,44,215501
53269,0.007337,172.31.46.0-255,66,185027,44,215501
53270,0.009643,172.217.194.0-255,5738,190765,44,215501
53271,0.009649,172.31.46.0-255,66,190831,44,215501
53272,0.011926,172.217.194.0-255,5738,196569,44,215501
53273,0.011935,172.31.46.0-255,66,196635,44,215501
53274,0.014221,172.217.194.0-255,5738,202373,44,215501
53275,0.01423,172.31.46.0-255,66,202439,44,215501
53276,0.01649,172.217.194.0-255,3551,205990,44,215501
53277,0.016498,172.31.46.0-255,66,206056,44,215501
53278,0.016682,172.31.46.0-255,105,206161,44,215501
53279,0.018942,172.217.194.0-255,66,206227,44,215501
53280,0.038518,172.31.46.0-255,188,206415,44,215501
53281,0.038553,172.31.46.0-255,955,207370,44,215501
53282,0.038638,172.31.46.0-255,1514,208884,44,215501
53283,0.03864,172.31.46.0-255,1514,210398,44,215501
53284,0.038646,172.31.46.0-255,1514,211912,44,215501
53285,0.038647,172.31.46.0-255,1514,213426,44,215501
53286,0.038667,172.31.46.0-255,1514,214940,44,215501
53287,0.038668,172.31.46.0-255,231,215171,44,215501
53288,0.040054,104.244.42.0-255,66,215237,44,215501
53289,0.040067,104.244.42.0-255,66,215303,44,215501
53290,0.04024,104.244.42.0-255,66,215369,44,215501
53291,0.040274,104.244.42.0-255,66,215435,44,215501
53292,0.040285,104.244.42.0-255,66,215501,44,215501
53293,0.0,74.125.24.0-255,146,146,44,300606
53294,2.3e-05,172.31.46.0-255,66,212,44,300606
53295,2.9e-05,74.125.24.0-255,1484,1696,44,300606
53296,3.4e-05,172.31.46.0-255,66,1762,44,300606
53297,3.9e-05,74.125.24.0-255,2902,4664,44,300606
53298,4.2e-05,172.31.46.0-255,66,4730,44,300606
53299,4.7e-05,74.125.24.0-255,2902,7632,44,300606
53300,4.9e-05,172.31.46.0-255,66,7698,44,300606
53301,8.7e-05,74.125.24.0-255,6265,13963,44,300606
53302,8.9e-05,172.31.46.0-255,66,14029,44,300606
53303,0.000187,74.125.24.0-255,1484,15513,44,300606
53304,0.00019,172.31.46.0-255,66,15579,44,300606
53305,0.000194,74.125.24.0-255,1484,17063,44,300606
53306,0.000197,172.31.46.0-255,66,17129,44,300606
53307,0.000212,74.125.24.0-255,1484,18613,44,300606
53308,0.000214,172.31.46.0-255,66,18679,44,300606
53309,0.00022,74.125.24.0-255,4320,22999,44,300606
53310,0.000223,172.31.46.0-255,66,23065,44,300606
53311,0.000243,74.125.24.0-255,1484,24549,44,300606
53312,0.000245,172.31.46.0-255,66,24615,44,300606
53313,0.000248,74.125.24.0-255,1484,26099,44,300606
53314,0.00025,172.31.46.0-255,66,26165,44,300606
53315,0.000281,74.125.24.0-255,1484,27649,44,300606
53316,0.000284,172.31.46.0-255,66,27715,44,300606
53317,0.000315,74.125.24.0-255,5379,33094,44,300606
53318,0.000318,172.31.46.0-255,66,33160,44,300606
53319,0.000325,74.125.24.0-255,7156,40316,44,300606
53320,0.000327,172.31.46.0-255,66,40382,44,300606
53321,0.00033,74.125.24.0-255,1484,41866,44,300606
53322,0.000332,172.31.46.0-255,66,41932,44,300606
53323,0.00036,74.125.24.0-255,6797,48729,44,300606
53324,0.000362,172.31.46.0-255,66,48795,44,300606
53325,0.000412,74.125.24.0-255,1484,50279,44,300606
53326,0.000415,172.31.46.0-255,66,50345,44,300606
53327,0.00042,74.125.24.0-255,2902,53247,44,300606
53328,0.000423,172.31.46.0-255,66,53313,44,300606
53329,0.000426,74.125.24.0-255,1484,54797,44,300606
53330,0.000428,172.31.46.0-255,66,54863,44,300606
53331,0.00046,74.125.24.0-255,2902,57765,44,300606
53332,0.000462,172.31.46.0-255,66,57831,44,300606
53333,0.00047,74.125.24.0-255,5738,63569,44,300606
53334,0.000472,172.31.46.0-255,66,63635,44,300606
53335,0.000496,74.125.24.0-255,3125,66760,44,300606
53336,0.000498,172.31.46.0-255,66,66826,44,300606
53337,0.000568,74.125.24.0-255,1484,68310,44,300606
53338,0.000571,74.125.24.0-255,1484,69794,44,300606
53339,0.000576,172.31.46.0-255,66,69860,44,300606
53340,0.000579,172.31.46.0-255,66,69926,44,300606
53341,0.000586,74.125.24.0-255,1484,71410,44,300606
53342,0.000589,172.31.46.0-255,66,71476,44,300606
53343,0.000595,74.125.24.0-255,5738,77214,44,300606
53344,0.000599,172.31.46.0-255,66,77280,44,300606
53345,0.000603,74.125.24.0-255,2902,80182,44,300606
53346,0.000606,172.31.46.0-255,66,80248,44,300606
53347,0.000609,74.125.24.0-255,1484,81732,44,300606
53348,0.000611,172.31.46.0-255,66,81798,44,300606
53349,0.000642,74.125.24.0-255,2902,84700,44,300606
53350,0.000655,172.31.46.0-255,66,84766,44,300606
53351,0.000669,74.125.24.0-255,6797,91563,44,300606
53352,0.000675,172.31.46.0-255,66,91629,44,300606
53353,0.000727,74.125.24.0-255,1484,93113,44,300606
53354,0.000732,74.125.24.0-255,1484,94597,44,300606
53355,0.000736,172.31.46.0-255,66,94663,44,300606
53356,0.000761,74.125.24.0-255,1484,96147,44,300606
53357,0.000768,74.125.24.0-255,5738,101885,44,300606
53358,0.000772,74.125.24.0-255,2902,104787,44,300606
53359,0.000783,172.31.46.0-255,66,104853,44,300606
53360,0.000871,172.31.46.0-255,66,104919,44,300606
53361,0.00088,74.125.24.0-255,1484,106403,44,300606
53362,0.000884,74.125.24.0-255,2902,109305,44,300606
53363,0.000889,74.125.24.0-255,5738,115043,44,300606
53364,0.000895,74.125.24.0-255,5738,120781,44,300606
53365,0.000902,172.31.46.0-255,66,120847,44,300606
53366,0.000921,74.125.24.0-255,7156,128003,44,300606
53367,0.000948,74.125.24.0-255,5738,133741,44,300606
53368,0.000954,172.31.46.0-255,66,133807,44,300606
53369,0.000974,74.125.24.0-255,5020,138827,44,300606
53370,0.000992,172.31.46.0-255,66,138893,44,300606
53371,0.001125,74.125.24.0-255,1484,140377,44,300606
53372,0.001142,74.125.24.0-255,1484,141861,44,300606
53373,0.001155,74.125.24.0-255,1484,143345,44,300606
53374,0.001161,74.125.24.0-255,4320,147665,44,300606
53375,0.001174,74.125.24.0-255,1484,149149,44,300606
53376,0.001191,172.31.46.0-255,66,149215,44,300606
53377,0.001199,74.125.24.0-255,1484,150699,44,300606
53378,0.001213,172.31.46.0-255,66,150765,44,300606
53379,0.001245,74.125.24.0-255,2184,152949,44,300606
53380,0.00125,74.125.24.0-255,2902,155851,44,300606
53381,0.001257,172.31.46.0-255,66,155917,44,300606
53382,0.001279,74.125.24.0-255,7156,163073,44,300606
53383,0.001321,172.31.46.0-255,66,163139,44,300606
53384,0.001333,74.125.24.0-255,5738,168877,44,300606
53385,0.001339,172.31.46.0-255,66,168943,44,300606
53386,0.001371,74.125.24.0-255,2902,171845,44,300606
53387,0.001395,172.31.46.0-255,66,171911,44,300606
53388,0.001415,74.125.24.0-255,2902,174813,44,300606
53389,0.001439,74.125.24.0-255,3602,178415,44,300606
53390,0.001451,172.31.46.0-255,66,178481,44,300606
53391,0.00158,74.125.24.0-255,1484,179965,44,300606
53392,0.001585,74.125.24.0-255,1484,181449,44,300606
53393,0.001599,74.125.24.0-255,1484,182933,44,300606
53394,0.001606,172.31.46.0-255,66,182999,44,300606
53395,0.001621,74.125.24.0-255,4320,187319,44,300606
53396,0.001626,172.31.46.0-255,66,187385,44,300606
53397,0.001635,74.125.24.0-255,1484,188869,44,300606
53398,0.001651,74.125.24.0-255,2902,191771,44,300606
53399,0.001662,74.125.24.0-255,2902,194673,44,300606
53400,0.001673,74.125.24.0-255,1484,196157,44,300606
53401,0.001678,74.125.24.0-255,2902,199059,44,300606
53402,0.001682,172.31.46.0-255,66,199125,44,300606
53403,0.001725,74.125.24.0-255,4320,203445,44,300606
53404,0.001741,74.125.24.0-255,4320,207765,44,300606
53405,0.001743,74.125.24.0-255,1484,209249,44,300606
53406,0.001748,172.31.46.0-255,66,209315,44,300606
53407,0.00179,74.125.24.0-255,1484,210799,44,300606
53408,0.001808,74.125.24.0-255,2184,212983,44,300606
53409,0.001817,172.31.46.0-255,66,213049,44,300606
53410,0.001914,74.125.24.0-255,1484,214533,44,300606
53411,0.001939,74.125.24.0-255,2902,217435,44,300606
53412,0.001942,74.125.24.0-255,1484,218919,44,300606
53413,0.001952,172.31.46.0-255,66,218985,44,300606
53414,0.001959,74.125.24.0-255,4320,223305,44,300606
53415,0.001968,172.31.46.0-255,66,223371,44,300606
53416,0.001972,74.125.24.0-255,1484,224855,44,300606
53417,0.002022,74.125.24.0-255,5738,230593,44,300606
53418,0.002036,74.125.24.0-255,1484,232077,44,300606
53419,0.002051,74.125.24.0-255,6438,238515,44,300606
53420,0.002064,172.31.46.0-255,66,238581,44,300606
53421,0.002067,74.125.24.0-255,1484,240065,44,300606
53422,0.002089,74.125.24.0-255,4320,244385,44,300606
53423,0.002096,172.31.46.0-255,66,244451,44,300606
53424,0.002106,74.125.24.0-255,1484,245935,44,300606
53425,0.004164,74.125.24.0-255,4320,250255,44,300606
53426,0.004172,172.31.46.0-255,66,250321,44,300606
53427,0.00621,74.125.24.0-255,5738,256059,44,300606
53428,0.006222,172.31.46.0-255,66,256125,44,300606
53429,0.008326,74.125.24.0-255,5738,261863,44,300606
53430,0.008333,172.31.46.0-255,66,261929,44,300606
53431,0.010392,74.125.24.0-255,5738,267667,44,300606
53432,0.010401,172.31.46.0-255,66,267733,44,300606
53433,0.012468,74.125.24.0-255,5738,273471,44,300606
53434,0.01248,172.31.46.0-255,66,273537,44,300606
53435,0.014549,74.125.24.0-255,5738,279275,44,300606
53436,0.01456,172.31.46.0-255,66,279341,44,300606
53437,0.016624,74.125.24.0-255,5738,285079,44,300606
53438,0.016636,172.31.46.0-255,66,285145,44,300606
53439,0.018692,74.125.24.0-255,5738,290883,44,300606
53440,0.018706,172.31.46.0-255,66,290949,44,300606
53441,0.02073,74.125.24.0-255,229,291178,44,300606
53442,0.020885,172.31.46.0-255,66,291244,44,300606
53443,0.020926,172.31.46.0-255,105,291349,44,300606
53444,0.022943,74.125.24.0-255,66,291415,44,300606
53445,0.040624,172.31.46.0-255,172,291587,44,300606
53446,0.040658,172.31.46.0-255,1109,292696,44,300606
53447,0.040743,172.31.46.0-255,1514,294210,44,300606
53448,0.040745,172.31.46.0-255,1514,295724,44,300606
53449,0.040747,172.31.46.0-255,1514,297238,44,300606
53450,0.040748,172.31.46.0-255,1514,298752,44,300606
53451,0.040779,172.31.46.0-255,1514,300266,44,300606
53452,0.04078,172.31.46.0-255,76,300342,44,300606
53453,0.042143,104.244.42.0-255,66,300408,44,300606
53454,0.042233,104.244.42.0-255,66,300474,44,300606
53455,0.042332,104.244.42.0-255,66,300540,44,300606
53456,0.04234,104.244.42.0-255,66,300606,44,300606
53457,0.0,172.31.46.0-255,66,66,44,66
53458,0.0,172.217.194.0-255,291,291,44,202227
53459,2.5e-05,172.31.46.0-255,66,357,44,202227
53460,3.2e-05,172.217.194.0-255,1484,1841,44,202227
53461,3.7e-05,172.31.46.0-255,66,1907,44,202227
53462,5.2e-05,172.217.194.0-255,4320,6227,44,202227
53463,5.6e-05,172.31.46.0-255,66,6293,44,202227
53464,6.9e-05,172.31.46.0-255,66,6359,44,202227
53465,0.000352,172.217.194.0-255,1484,7843,44,202227
53466,0.000358,172.31.46.0-255,66,7909,44,202227
53467,0.000365,172.217.194.0-255,2902,10811,44,202227
53468,0.000367,172.31.46.0-255,66,10877,44,202227
53469,0.000404,172.217.194.0-255,5738,16615,44,202227
53470,0.000407,172.31.46.0-255,66,16681,44,202227
53471,0.000415,172.217.194.0-255,5738,22419,44,202227
53472,0.000417,172.31.46.0-255,66,22485,44,202227
53473,0.000442,172.217.194.0-255,1125,23610,44,202227
53474,0.000445,172.31.46.0-255,66,23676,44,202227
53475,0.000525,172.217.194.0-255,1484,25160,44,202227
53476,0.000529,172.31.46.0-255,66,25226,44,202227
53477,0.000535,172.217.194.0-255,2902,28128,44,202227
53478,0.000537,172.31.46.0-255,66,28194,44,202227
53479,0.000548,172.217.194.0-255,5738,33932,44,202227
53480,0.00055,172.31.46.0-255,66,33998,44,202227
53481,0.000576,172.217.194.0-255,6797,40795,44,202227
53482,0.000581,172.31.46.0-255,66,40861,44,202227
53483,0.000598,172.217.194.0-255,4320,45181,44,202227
53484,0.000602,172.31.46.0-255,66,45247,44,202227
53485,0.000625,172.31.46.0-255,66,45313,44,202227
53486,0.000629,172.217.194.0-255,2795,48108,44,202227
53487,0.000632,172.31.46.0-255,66,48174,44,202227
53488,0.000912,172.217.194.0-255,120,48294,44,202227
53489,0.001125,172.31.46.0-255,66,48360,44,202227
53490,0.001141,172.217.194.0-255,1484,49844,44,202227
53491,0.001145,172.217.194.0-255,2902,52746,44,202227
53492,0.001147,172.31.46.0-255,66,52812,44,202227
53493,0.001173,172.217.194.0-255,5738,58550,44,202227
53494,0.001176,172.31.46.0-255,66,58616,44,202227
53495,0.001183,172.217.194.0-255,7156,65772,44,202227
53496,0.001184,172.31.46.0-255,66,65838,44,202227
53497,0.001235,172.31.46.0-255,66,65904,44,202227
53498,0.001239,172.217.194.0-255,2184,68088,44,202227
53499,0.001241,172.31.46.0-255,66,68154,44,202227
53500,0.001277,172.217.194.0-255,2902,71056,44,202227
53501,0.001279,172.31.46.0-255,66,71122,44,202227
53502,0.001299,172.217.194.0-255,4320,75442,44,202227
53503,0.001321,172.217.194.0-255,1484,76926,44,202227
53504,0.001326,172.31.46.0-255,66,76992,44,202227
53505,0.001352,172.217.194.0-255,5738,82730,44,202227
53506,0.001357,172.31.46.0-255,66,82796,44,202227
53507,0.001371,172.217.194.0-255,4320,87116,44,202227
53508,0.001384,172.31.46.0-255,66,87182,44,202227
53509,0.001466,172.217.194.0-255,7156,94338,44,202227
53510,0.001496,172.217.194.0-255,7156,101494,44,202227
53511,0.001524,172.217.194.0-255,4320,105814,44,202227
53512,0.001549,172.217.194.0-255,766,106580,44,202227
53513,0.001645,172.217.194.0-255,1484,108064,44,202227
53514,0.00165,172.217.194.0-255,2902,110966,44,202227
53515,0.001676,172.217.194.0-255,1484,112450,44,202227
53516,0.001699,172.217.194.0-255,4320,116770,44,202227
53517,0.001705,172.217.194.0-255,5738,122508,44,202227
53518,0.001715,172.217.194.0-255,2902,125410,44,202227
53519,0.001748,172.217.194.0-255,5334,130744,44,202227
53520,0.002395,172.217.194.0-255,1484,132228,44,202227
53521,0.002403,172.217.194.0-255,2902,135130,44,202227
53522,0.00241,172.217.194.0-255,5738,140868,44,202227
53523,0.002455,172.217.194.0-255,1484,142352,44,202227
53524,0.002503,172.217.194.0-255,4320,146672,44,202227
53525,0.002518,172.217.194.0-255,7156,153828,44,202227
53526,0.00252,172.217.194.0-255,1484,155312,44,202227
53527,0.002547,172.217.194.0-255,5738,161050,44,202227
53528,0.002565,172.217.194.0-255,2902,163952,44,202227
53529,0.002608,172.217.194.0-255,1484,165436,44,202227
53530,0.002625,172.217.194.0-255,5738,171174,44,202227
53531,0.002643,172.217.194.0-255,4320,175494,44,202227
53532,0.002756,172.217.194.0-255,6438,181932,44,202227
53533,0.002763,172.217.194.0-255,7156,189088,44,202227
53534,0.002794,172.217.194.0-255,2902,191990,44,202227
53535,0.002796,172.217.194.0-255,608,192598,44,202227
53536,0.002798,172.217.194.0-255,97,192695,44,202227
53537,0.002827,172.217.194.0-255,105,192800,44,202227
53538,0.006626,172.31.46.0-255,66,192866,44,202227
53539,0.008999,172.31.46.0-255,105,192971,44,202227
53540,0.011358,172.217.194.0-255,66,193037,44,202227
53541,0.036688,172.31.46.0-255,172,193209,44,202227
53542,0.036721,172.31.46.0-255,1114,194323,44,202227
53543,0.036782,172.31.46.0-255,1514,195837,44,202227
53544,0.036784,172.31.46.0-255,1514,197351,44,202227
53545,0.036789,172.31.46.0-255,1514,198865,44,202227
53546,0.03679,172.31.46.0-255,1514,200379,44,202227
53547,0.036808,172.31.46.0-255,1514,201893,44,202227
53548,0.036809,172.31.46.0-255,70,201963,44,202227
53549,0.038293,104.244.42.0-255,66,202029,44,202227
53550,0.038351,104.244.42.0-255,66,202095,44,202227
53551,0.038406,104.244.42.0-255,66,202161,44,202227
53552,0.038426,104.244.42.0-255,66,202227,44,202227
53553,0.0,74.125.68.0-255,153,153,44,397585
53554,1.9e-05,172.31.46.0-255,66,219,44,397585
53555,2.6e-05,74.125.68.0-255,1484,1703,44,397585
53556,3e-05,172.31.46.0-255,66,1769,44,397585
53557,4.3e-05,74.125.68.0-255,2902,4671,44,397585
53558,4.7e-05,172.31.46.0-255,66,4737,44,397585
53559,5.1e-05,74.125.68.0-255,1484,6221,44,397585
53560,5.3e-05,172.31.46.0-255,66,6287,44,397585
53561,8.3e-05,74.125.68.0-255,4320,10607,44,397585
53562,8.6e-05,172.31.46.0-255,66,10673,44,397585
53563,9.1e-05,74.125.68.0-255,2902,13575,44,397585
53564,9.3e-05,172.31.46.0-255,66,13641,44,397585
53565,0.000118,74.125.68.0-255,1484,15125,44,397585
53566,0.000125,172.31.46.0-255,66,15191,44,397585
53567,0.000154,74.125.68.0-255,5738,20929,44,397585
53568,0.000157,172.31.46.0-255,66,20995,44,397585
53569,0.00018,74.125.68.0-255,3502,24497,44,397585
53570,0.000183,172.31.46.0-255,66,24563,44,397585
53571,0.000188,74.125.68.0-255,4320,28883,44,397585
53572,0.00019,172.31.46.0-255,66,28949,44,397585
53573,0.00024,74.125.68.0-255,2543,31492,44,397585
53574,0.000243,172.31.46.0-255,66,31558,44,397585
53575,0.000359,74.125.68.0-255,1484,33042,44,397585
53576,0.000363,172.31.46.0-255,66,33108,44,397585
53577,0.000381,74.125.68.0-255,1484,34592,44,397585
53578,0.000384,172.31.46.0-255,66,34658,44,397585
53579,0.000395,74.125.68.0-255,1484,36142,44,397585
53580,0.000401,172.31.46.0-255,66,36208,44,397585
53581,0.000445,74.125.68.0-255,5738,41946,44,397585
53582,0.000448,172.31.46.0-255,66,42012,44,397585
53583,0.000459,74.125.68.0-255,1484,43496,44,397585
53584,0.000465,172.31.46.0-255,66,43562,44,397585
53585,0.000493,74.125.68.0-255,2902,46464,44,397585
53586,0.000496,172.31.46.0-255,66,46530,44,397585
53587,0.0005,74.125.68.0-255,2902,49432,44,397585
53588,0.000503,172.31.46.0-255,66,49498,44,397585
53589,0.000505,74.125.68.0-255,1484,50982,44,397585
53590,0.000536,74.125.68.0-255,2902,53884,44,397585
53591,0.000539,172.31.46.0-255,66,53950,44,397585
53592,0.000565,74.125.68.0-255,2902,56852,44,397585
53593,0.000568,172.31.46.0-255,66,56918,44,397585
53594,0.000589,74.125.68.0-255,2902,59820,44,397585
53595,0.000591,172.31.46.0-255,66,59886,44,397585
53596,0.000599,74.125.68.0-255,5738,65624,44,397585
53597,0.000602,172.31.46.0-255,66,65690,44,397585
53598,0.000634,74.125.68.0-255,766,66456,44,397585
53599,0.000637,74.125.68.0-255,361,66817,44,397585
53600,0.000639,74.125.68.0-255,132,66949,44,397585
53601,0.000765,74.125.68.0-255,1484,68433,44,397585
53602,0.00077,172.31.46.0-255,66,68499,44,397585
53603,0.000774,74.125.68.0-255,1484,69983,44,397585
53604,0.000795,74.125.68.0-255,1484,71467,44,397585
53605,0.000797,172.31.46.0-255,66,71533,44,397585
53606,0.000803,74.125.68.0-255,4320,75853,44,397585
53607,0.000806,172.31.46.0-255,66,75919,44,397585
53608,0.000831,74.125.68.0-255,1484,77403,44,397585
53609,0.000838,74.125.68.0-255,5738,83141,44,397585
53610,0.000841,172.31.46.0-255,66,83207,44,397585
53611,0.000851,74.125.68.0-255,1484,84691,44,397585
53612,0.000858,74.125.68.0-255,1484,86175,44,397585
53613,0.000861,172.31.46.0-255,66,86241,44,397585
53614,0.000892,74.125.68.0-255,7156,93397,44,397585
53615,0.000896,172.31.46.0-255,66,93463,44,397585
53616,0.000907,172.31.46.0-255,66,93529,44,397585
53617,0.001129,74.125.68.0-255,1484,95013,44,397585
53618,0.001166,74.125.68.0-255,2902,97915,44,397585
53619,0.00117,172.31.46.0-255,66,97981,44,397585
53620,0.001197,74.125.68.0-255,5738,103719,44,397585
53621,0.001199,172.31.46.0-255,66,103785,44,397585
53622,0.00123,74.125.68.0-255,1484,105269,44,397585
53623,0.001235,74.125.68.0-255,2902,108171,44,397585
53624,0.001237,172.31.46.0-255,66,108237,44,397585
53625,0.001244,74.125.68.0-255,5738,113975,44,397585
53626,0.001246,172.31.46.0-255,66,114041,44,397585
53627,0.001253,74.125.68.0-255,1484,115525,44,397585
53628,0.001257,74.125.68.0-255,2902,118427,44,397585
53629,0.00126,172.31.46.0-255,66,118493,44,397585
53630,0.001308,74.125.68.0-255,5738,124231,44,397585
53631,0.001317,172.31.46.0-255,66,124297,44,397585
53632,0.001321,74.125.68.0-255,1484,125781,44,397585
53633,0.001325,74.125.68.0-255,2184,127965,44,397585
53634,0.001327,172.31.46.0-255,66,128031,44,397585
53635,0.001695,74.125.68.0-255,1484,129515,44,397585
53636,0.0017,74.125.68.0-255,1484,130999,44,397585
53637,0.001703,172.31.46.0-255,66,131065,44,397585
53638,0.001728,74.125.68.0-255,1484,132549,44,397585
53639,0.001749,74.125.68.0-255,5738,138287,44,397585
53640,0.001752,172.31.46.0-255,66,138353,44,397585
53641,0.001759,74.125.68.0-255,7156,145509,44,397585
53642,0.001761,172.31.46.0-255,66,145575,44,397585
53643,0.001776,172.31.46.0-255,66,145641,44,397585
53644,0.001779,74.125.68.0-255,1484,147125,44,397585
53645,0.001812,74.125.68.0-255,6438,153563,44,397585
53646,0.001815,172.31.46.0-255,66,153629,44,397585
53647,0.001851,172.31.46.0-255,66,153695,44,397585
53648,0.001856,74.125.68.0-255,4320,158015,44,397585
53649,0.001858,172.31.46.0-255,66,158081,44,397585
53650,0.001872,74.125.68.0-255,1484,159565,44,397585
53651,0.001895,74.125.68.0-255,5738,165303,44,397585
53652,0.001897,172.31.46.0-255,66,165369,44,397585
53653,0.001922,74.125.68.0-255,1484,166853,44,397585
53654,0.001929,74.125.68.0-255,5738,172591,44,397585
53655,0.001933,74.125.68.0-255,2902,175493,44,397585
53656,0.001937,172.31.46.0-255,66,175559,44,397585
53657,0.00194,172.31.46.0-255,66,175625,44,397585
53658,0.001955,74.125.68.0-255,3602,179227,44,397585
53659,0.001958,172.31.46.0-255,66,179293,44,397585
53660,0.001988,74.125.68.0-255,1484,180777,44,397585
53661,0.00201,74.125.68.0-255,2902,183679,44,397585
53662,0.002014,172.31.46.0-255,66,183745,44,397585
53663,0.002042,74.125.68.0-255,2902,186647,44,397585
53664,0.002045,172.31.46.0-255,66,186713,44,397585
53665,0.002048,74.125.68.0-255,1484,188197,44,397585
53666,0.002051,74.125.68.0-255,1484,189681,44,397585
53667,0.002053,172.31.46.0-255,66,189747,44,397585
53668,0.00211,74.125.68.0-255,2902,192649,44,397585
53669,0.002114,172.31.46.0-255,66,192715,44,397585
53670,0.002121,74.125.68.0-255,5738,198453,44,397585
53671,0.002123,172.31.46.0-255,66,198519,44,397585
53672,0.002132,74.125.68.0-255,2902,201421,44,397585
53673,0.002134,172.31.46.0-255,66,201487,44,397585
53674,0.002139,74.125.68.0-255,4320,205807,44,397585
53675,0.002142,172.31.46.0-255,66,205873,44,397585
53676,0.002166,74.125.68.0-255,1484,207357,44,397585
53677,0.002189,74.125.68.0-255,6438,213795,44,397585
53678,0.002192,172.31.46.0-255,66,213861,44,397585
53679,0.002217,74.125.68.0-255,1484,215345,44,397585
53680,0.00222,74.125.68.0-255,1484,216829,44,397585
53681,0.002223,172.31.46.0-255,66,216895,44,397585
53682,0.002264,74.125.68.0-255,4320,221215,44,397585
53683,0.002268,172.31.46.0-255,66,221281,44,397585
53684,0.002271,74.125.68.0-255,1484,222765,44,397585
53685,0.002288,74.125.68.0-255,4320,227085,44,397585
53686,0.002291,172.31.46.0-255,66,227151,44,397585
53687,0.002295,74.125.68.0-255,2902,230053,44,397585
53688,0.002297,172.31.46.0-255,66,230119,44,397585
53689,0.0023,74.125.68.0-255,1484,231603,44,397585
53690,0.002329,74.125.68.0-255,4320,235923,44,397585
53691,0.002332,172.31.46.0-255,66,235989,44,397585
53692,0.002353,74.125.68.0-255,1484,237473,44,397585
53693,0.002358,74.125.68.0-255,2902,240375,44,397585
53694,0.002361,172.31.46.0-255,66,240441,44,397585
53695,0.002364,74.125.68.0-255,1484,241925,44,397585
53696,0.002386,74.125.68.0-255,1484,243409,44,397585
53697,0.002388,172.31.46.0-255,66,243475,44,397585
53698,0.002413,74.125.68.0-255,2902,246377,44,397585
53699,0.002416,172.31.46.0-255,66,246443,44,397585
53700,0.002428,74.125.68.0-255,2184,248627,44,397585
53701,0.002434,172.31.46.0-255,66,248693,44,397585
53702,0.002458,74.125.68.0-255,2902,251595,44,397585
53703,0.002461,172.31.46.0-255,66,251661,44,397585
53704,0.002465,74.125.68.0-255,2902,254563,44,397585
53705,0.002468,172.31.46.0-255,66,254629,44,397585
53706,0.00247,74.125.68.0-255,1484,256113,44,397585
53707,0.002495,74.125.68.0-255,2902,259015,44,397585
53708,0.002497,172.31.46.0-255,66,259081,44,397585
53709,0.002502,74.125.68.0-255,4320,263401,44,397585
53710,0.002504,172.31.46.0-255,66,263467,44,397585
53711,0.002507,74.125.68.0-255,1484,264951,44,397585
53712,0.002515,74.125.68.0-255,1484,266435,44,397585
53713,0.002518,172.31.46.0-255,66,266501,44,397585
53714,0.002522,74.125.68.0-255,2902,269403,44,397585
53715,0.002525,172.31.46.0-255,66,269469,44,397585
53716,0.002561,74.125.68.0-255,5738,275207,44,397585
53717,0.002564,172.31.46.0-255,66,275273,44,397585
53718,0.002567,74.125.68.0-255,1484,276757,44,397585
53719,0.002592,74.125.68.0-255,2902,279659,44,397585
53720,0.002595,172.31.46.0-255,66,279725,44,397585
53721,0.002619,74.125.68.0-255,1484,281209,44,397585
53722,0.002625,74.125.68.0-255,2184,283393,44,397585
53723,0.002627,172.31.46.0-255,66,283459,44,397585
53724,0.002711,74.125.68.0-255,1484,284943,44,397585
53725,0.00273,74.125.68.0-255,1484,286427,44,397585
53726,0.002733,172.31.46.0-255,66,286493,44,397585
53727,0.002758,74.125.68.0-255,1484,287977,44,397585
53728,0.002764,74.125.68.0-255,4320,292297,44,397585
53729,0.002767,172.31.46.0-255,66,292363,44,397585
53730,0.00277,74.125.68.0-255,1484,293847,44,397585
53731,0.002798,74.125.68.0-255,2902,296749,44,397585
53732,0.002801,172.31.46.0-255,66,296815,44,397585
53733,0.002804,74.125.68.0-255,1484,298299,44,397585
53734,0.002807,74.125.68.0-255,1484,299783,44,397585
53735,0.002809,172.31.46.0-255,66,299849,44,397585
53736,0.002817,74.125.68.0-255,2902,302751,44,397585
53737,0.002819,172.31.46.0-255,66,302817,44,397585
53738,0.002851,74.125.68.0-255,5738,308555,44,397585
53739,0.002854,172.31.46.0-255,66,308621,44,397585
53740,0.002883,74.125.68.0-255,1484,310105,44,397585
53741,0.002888,74.125.68.0-255,2902,313007,44,397585
53742,0.00289,172.31.46.0-255,66,313073,44,397585
53743,0.002893,74.125.68.0-255,1484,314557,44,397585
53744,0.002896,74.125.68.0-255,1484,316041,44,397585
53745,0.002898,172.31.46.0-255,66,316107,44,397585
53746,0.002915,74.125.68.0-255,1484,317591,44,397585
53747,0.002922,74.125.68.0-255,766,318357,44,397585
53748,0.002924,172.31.46.0-255,66,318423,44,397585
53749,0.003098,74.125.68.0-255,1484,319907,44,397585
53750,0.003115,74.125.68.0-255,1484,321391,44,397585
53751,0.003118,172.31.46.0-255,66,321457,44,397585
53752,0.003137,74.125.68.0-255,2902,324359,44,397585
53753,0.00314,172.31.46.0-255,66,324425,44,397585
53754,0.003179,74.125.68.0-255,2902,327327,44,397585
53755,0.003182,172.31.46.0-255,66,327393,44,397585
53756,0.003199,74.125.68.0-255,1484,328877,44,397585
53757,0.003203,74.125.68.0-255,1484,330361,44,397585
53758,0.003205,172.31.46.0-255,66,330427,44,397585
53759,0.003213,74.125.68.0-255,7156,337583,44,397585
53760,0.003216,172.31.46.0-255,66,337649,44,397585
53761,0.003219,74.125.68.0-255,1484,339133,44,397585
53762,0.003221,74.125.68.0-255,1484,340617,44,397585
53763,0.00326,74.125.68.0-255,2902,343519,44,397585
53764,0.003263,74.125.68.0-255,1484,345003,44,397585
53765,0.003275,74.125.68.0-255,1484,346487,44,397585
53766,0.003292,74.125.68.0-255,2902,349389,44,397585
53767,0.003315,74.125.68.0-255,1484,350873,44,397585
53768,0.003319,74.125.68.0-255,2184,353057,44,397585
53769,0.003341,74.125.68.0-255,2902,355959,44,397585
53770,0.003362,74.125.68.0-255,2902,358861,44,397585
53771,0.003375,74.125.68.0-255,1484,360345,44,397585
53772,0.003377,74.125.68.0-255,1484,361829,44,397585
53773,0.003419,74.125.68.0-255,7156,368985,44,397585
53774,0.003422,74.125.68.0-255,1484,370469,44,397585
53775,0.003425,74.125.68.0-255,1484,371953,44,397585
53776,0.003452,74.125.68.0-255,4320,376273,44,397585
53777,0.003503,74.125.68.0-255,7156,383429,44,397585
53778,0.003526,74.125.68.0-255,3602,387031,44,397585
53779,0.003694,74.125.68.0-255,1484,388515,44,397585
53780,0.003698,74.125.68.0-255,135,388650,44,397585
53781,0.0037,74.125.68.0-255,97,388747,44,397585
53782,0.003804,74.125.68.0-255,105,388852,44,397585
53783,0.010202,172.31.46.0-255,66,388918,44,397585
53784,0.011531,172.31.46.0-255,101,389019,44,397585
53785,0.012678,172.31.46.0-255,105,389124,44,397585
53786,0.013489,74.125.68.0-255,66,389190,44,397585
53787,0.014647,74.125.68.0-255,66,389256,44,397585
53788,0.029845,172.31.46.0-255,164,389420,44,397585
53789,0.029878,172.31.46.0-255,1123,390543,44,397585
53790,0.029944,172.31.46.0-255,1514,392057,44,397585
53791,0.029946,172.31.46.0-255,1514,393571,44,397585
53792,0.029948,172.31.46.0-255,1514,395085,44,397585
53793,0.029949,172.31.46.0-255,1514,396599,44,397585
53794,0.029973,172.31.46.0-255,548,397147,44,397585
53795,0.031411,104.244.42.0-255,66,397213,44,397585
53796,0.031446,104.244.42.0-255,66,397279,44,397585
53797,0.031572,104.244.42.0-255,66,397345,44,397585
53798,0.031577,104.244.42.0-255,66,397411,44,397585
53799,0.032066,104.244.42.0-255,108,397519,44,397585
53800,0.032077,172.31.46.0-255,66,397585,44,397585
53801,0.0,74.125.68.0-255,146,146,44,348396
53802,1.5e-05,172.31.46.0-255,66,212,44,348396
53803,2.1e-05,74.125.68.0-255,1484,1696,44,348396
53804,2.5e-05,172.31.46.0-255,66,1762,44,348396
53805,3.2e-05,74.125.68.0-255,2902,4664,44,348396
53806,3.6e-05,172.31.46.0-255,66,4730,44,348396
53807,3.9e-05,74.125.68.0-255,1484,6214,44,348396
53808,4.1e-05,172.31.46.0-255,66,6280,44,348396
53809,7e-05,74.125.68.0-255,2902,9182,44,348396
53810,7.3e-05,172.31.46.0-255,66,9248,44,348396
53811,8.9e-05,74.125.68.0-255,4891,14139,44,348396
53812,9.2e-05,172.31.46.0-255,66,14205,44,348396
53813,0.000136,74.125.68.0-255,1484,15689,44,348396
53814,0.000138,172.31.46.0-255,66,15755,44,348396
53815,0.000143,74.125.68.0-255,2902,18657,44,348396
53816,0.000145,172.31.46.0-255,66,18723,44,348396
53817,0.000172,74.125.68.0-255,2902,21625,44,348396
53818,0.000175,172.31.46.0-255,66,21691,44,348396
53819,0.000189,74.125.68.0-255,2902,24593,44,348396
53820,0.000192,172.31.46.0-255,66,24659,44,348396
53821,0.000199,74.125.68.0-255,6797,31456,44,348396
53822,0.000202,172.31.46.0-255,66,31522,44,348396
53823,0.000502,74.125.68.0-255,1484,33006,44,348396
53824,0.000508,172.31.46.0-255,66,33072,44,348396
53825,0.000514,74.125.68.0-255,2902,35974,44,348396
53826,0.000516,172.31.46.0-255,66,36040,44,348396
53827,0.000539,74.125.68.0-255,5738,41778,44,348396
53828,0.000542,172.31.46.0-255,66,41844,44,348396
53829,0.000549,74.125.68.0-255,5738,47582,44,348396
53830,0.000551,172.31.46.0-255,66,47648,44,348396
53831,0.000575,74.125.68.0-255,2902,50550,44,348396
53832,0.000578,172.31.46.0-255,66,50616,44,348396
53833,0.000595,74.125.68.0-255,3961,54577,44,348396
53834,0.000598,172.31.46.0-255,66,54643,44,348396
53835,0.000605,74.125.68.0-255,5738,60381,44,348396
53836,0.000607,172.31.46.0-255,66,60447,44,348396
53837,0.000626,74.125.68.0-255,4320,64767,44,348396
53838,0.000629,172.31.46.0-255,66,64833,44,348396
53839,0.000649,74.125.68.0-255,1473,66306,44,348396
53840,0.000719,74.125.68.0-255,330,66636,44,348396
53841,0.000723,172.31.46.0-255,66,66702,44,348396
53842,0.001038,74.125.68.0-255,1484,68186,44,348396
53843,0.001044,74.125.68.0-255,2902,71088,44,348396
53844,0.001047,172.31.46.0-255,66,71154,44,348396
53845,0.001051,74.125.68.0-255,1484,72638,44,348396
53846,0.001091,74.125.68.0-255,5738,78376,44,348396
53847,0.001095,172.31.46.0-255,66,78442,44,348396
53848,0.001121,172.31.46.0-255,66,78508,44,348396
53849,0.001137,74.125.68.0-255,1484,79992,44,348396
53850,0.001164,74.125.68.0-255,4320,84312,44,348396
53851,0.001167,172.31.46.0-255,66,84378,44,348396
53852,0.001183,74.125.68.0-255,6438,90816,44,348396
53853,0.001186,172.31.46.0-255,66,90882,44,348396
53854,0.001357,74.125.68.0-255,1484,92366,44,348396
53855,0.001365,74.125.68.0-255,2902,95268,44,348396
53856,0.001369,172.31.46.0-255,66,95334,44,348396
53857,0.001396,74.125.68.0-255,5738,101072,44,348396
53858,0.001399,172.31.46.0-255,66,101138,44,348396
53859,0.001427,172.31.46.0-255,66,101204,44,348396
53860,0.001453,74.125.68.0-255,2902,104106,44,348396
53861,0.001456,172.31.46.0-255,66,104172,44,348396
53862,0.00147,172.31.46.0-255,66,104238,44,348396
53863,0.001537,74.125.68.0-255,1484,105722,44,348396
53864,0.001554,74.125.68.0-255,2902,108624,44,348396
53865,0.001558,172.31.46.0-255,66,108690,44,348396
53866,0.001564,74.125.68.0-255,4320,113010,44,348396
53867,0.001567,172.31.46.0-255,66,113076,44,348396
53868,0.001597,74.125.68.0-255,5738,118814,44,348396
53869,0.0016,172.31.46.0-255,66,118880,44,348396
53870,0.001604,74.125.68.0-255,1484,120364,44,348396
53871,0.001623,74.125.68.0-255,5738,126102,44,348396
53872,0.001626,172.31.46.0-255,66,126168,44,348396
53873,0.00164,74.125.68.0-255,4320,130488,44,348396
53874,0.001642,172.31.46.0-255,66,130554,44,348396
53875,0.001647,74.125.68.0-255,4320,134874,44,348396
53876,0.00165,172.31.46.0-255,66,134940,44,348396
53877,0.00167,74.125.68.0-255,3602,138542,44,348396
53878,0.001673,172.31.46.0-255,66,138608,44,348396
53879,0.001716,74.125.68.0-255,1484,140092,44,348396
53880,0.001735,74.125.68.0-255,2902,142994,44,348396
53881,0.001737,172.31.46.0-255,66,143060,44,348396
53882,0.001754,74.125.68.0-255,5738,148798,44,348396
53883,0.001757,172.31.46.0-255,66,148864,44,348396
53884,0.001783,74.125.68.0-255,7156,156020,44,348396
53885,0.001785,172.31.46.0-255,66,156086,44,348396
53886,0.001788,74.125.68.0-255,1484,157570,44,348396
53887,0.001808,74.125.68.0-255,7156,164726,44,348396
53888,0.001811,172.31.46.0-255,66,164792,44,348396
53889,0.001822,74.125.68.0-255,1484,166276,44,348396
53890,0.001847,74.125.68.0-255,6438,172714,44,348396
53891,0.00185,172.31.46.0-255,66,172780,44,348396
53892,0.001982,74.125.68.0-255,1484,174264,44,348396
53893,0.001988,74.125.68.0-255,2902,177166,44,348396
53894,0.001993,172.31.46.0-255,66,177232,44,348396
53895,0.002013,74.125.68.0-255,5738,182970,44,348396
53896,0.002016,172.31.46.0-255,66,183036,44,348396
53897,0.00202,74.125.68.0-255,2902,185938,44,348396
53898,0.002022,172.31.46.0-255,66,186004,44,348396
53899,0.00205,74.125.68.0-255,4320,190324,44,348396
53900,0.002052,172.31.46.0-255,66,190390,44,348396
53901,0.002063,172.31.46.0-255,66,190456,44,348396
53902,0.002067,74.125.68.0-255,2902,193358,44,348396
53903,0.002069,172.31.46.0-255,66,193424,44,348396
53904,0.002093,74.125.68.0-255,2902,196326,44,348396
53905,0.002096,172.31.46.0-255,66,196392,44,348396
53906,0.002126,74.125.68.0-255,2184,198576,44,348396
53907,0.002128,172.31.46.0-255,66,198642,44,348396
53908,0.002244,74.125.68.0-255,1484,200126,44,348396
53909,0.002263,74.125.68.0-255,2902,203028,44,348396
53910,0.002267,172.31.46.0-255,66,203094,44,348396
53911,0.00227,74.125.68.0-255,1484,204578,44,348396
53912,0.002286,74.125.68.0-255,2902,207480,44,348396
53913,0.002289,172.31.46.0-255,66,207546,44,348396
53914,0.0023,74.125.68.0-255,5738,213284,44,348396
53915,0.002303,172.31.46.0-255,66,213350,44,348396
53916,0.002364,172.31.46.0-255,66,213416,44,348396
53917,0.002369,74.125.68.0-255,4320,217736,44,348396
53918,0.002371,172.31.46.0-255,66,217802,44,348396
53919,0.002386,74.125.68.0-255,2902,220704,44,348396
53920,0.002389,172.31.46.0-255,66,220770,44,348396
53921,0.002435,172.31.46.0-255,66,220836,44,348396
53922,0.00245,172.31.46.0-255,66,220902,44,348396
53923,0.002456,74.125.68.0-255,5738,226640,44,348396
53924,0.002458,172.31.46.0-255,66,226706,44,348396
53925,0.002483,74.125.68.0-255,2184,228890,44,348396
53926,0.002485,172.31.46.0-255,66,228956,44,348396
53927,0.002505,74.125.68.0-255,2902,231858,44,348396
53928,0.002507,172.31.46.0-255,66,231924,44,348396
53929,0.00251,74.125.68.0-255,1484,233408,44,348396
53930,0.002531,74.125.68.0-255,5738,239146,44,348396
53931,0.002537,74.125.68.0-255,4320,243466,44,348396
53932,0.002552,74.125.68.0-255,1484,244950,44,348396
53933,0.002558,74.125.68.0-255,5738,250688,44,348396
53934,0.005793,172.31.46.0-255,66,250754,44,348396
53935,0.008331,74.125.68.0-255,5738,256492,44,348396
53936,0.008337,172.31.46.0-255,66,256558,44,348396
53937,0.01087,74.125.68.0-255,5738,262296,44,348396
53938,0.010876,172.31.46.0-255,66,262362,44,348396
53939,0.013409,74.125.68.0-255,5738,268100,44,348396
53940,0.013416,172.31.46.0-255,66,268166,44,348396
53941,0.015955,74.125.68.0-255,5738,273904,44,348396
53942,0.015964,172.31.46.0-255,66,273970,44,348396
53943,0.018493,74.125.68.0-255,5738,279708,44,348396
53944,0.018501,172.31.46.0-255,66,279774,44,348396
53945,0.021033,74.125.68.0-255,5738,285512,44,348396
53946,0.02104,172.31.46.0-255,66,285578,44,348396
53947,0.023586,74.125.68.0-255,5738,291316,44,348396
53948,0.023594,172.31.46.0-255,66,291382,44,348396
53949,0.026125,74.125.68.0-255,5738,297120,44,348396
53950,0.026133,172.31.46.0-255,66,297186,44,348396
53951,0.028656,74.125.68.0-255,5738,302924,44,348396
53952,0.028664,172.31.46.0-255,66,302990,44,348396
53953,0.031192,74.125.68.0-255,5738,308728,44,348396
53954,0.031199,172.31.46.0-255,66,308794,44,348396
53955,0.033734,74.125.68.0-255,5738,314532,44,348396
53956,0.033741,172.31.46.0-255,66,314598,44,348396
53957,0.035228,172.31.46.0-255,172,314770,44,348396
53958,0.035261,172.31.46.0-255,1114,315884,44,348396
53959,0.035326,172.31.46.0-255,1514,317398,44,348396
53960,0.035328,172.31.46.0-255,1514,318912,44,348396
53961,0.035334,172.31.46.0-255,1514,320426,44,348396
53962,0.035335,172.31.46.0-255,1514,321940,44,348396
53963,0.035354,172.31.46.0-255,1514,323454,44,348396
53964,0.035355,172.31.46.0-255,71,323525,44,348396
53965,0.036267,74.125.68.0-255,5738,329263,44,348396
53966,0.036272,172.31.46.0-255,66,329329,44,348396
53967,0.036781,104.244.42.0-255,66,329395,44,348396
53968,0.036788,104.244.42.0-255,66,329461,44,348396
53969,0.036897,104.244.42.0-255,66,329527,44,348396
53970,0.036903,104.244.42.0-255,66,329593,44,348396
53971,0.038801,74.125.68.0-255,5738,335331,44,348396
53972,0.038807,172.31.46.0-255,66,335397,44,348396
53973,0.041334,74.125.68.0-255,5738,341135,44,348396
53974,0.041341,172.31.46.0-255,66,341201,44,348396
53975,0.04387,74.125.68.0-255,5738,346939,44,348396
53976,0.043875,172.31.46.0-255,66,347005,44,348396
53977,0.046393,74.125.68.0-255,1154,348159,44,348396
53978,0.046505,172.31.46.0-255,66,348225,44,348396
53979,0.046534,172.31.46.0-255,105,348330,44,348396
53980,0.049022,74.125.68.0-255,66,348396,44,348396
53981,0.0,172.217.194.0-255,152,152,44,163166
53982,2.2e-05,172.31.46.0-255,66,218,44,163166
53983,3e-05,172.217.194.0-255,1484,1702,44,163166
53984,3.5e-05,172.31.46.0-255,66,1768,44,163166
53985,4.8e-05,172.217.194.0-255,2902,4670,44,163166
53986,5.1e-05,172.31.46.0-255,66,4736,44,163166
53987,6e-05,172.217.194.0-255,7156,11892,44,163166
53988,6.3e-05,172.31.46.0-255,66,11958,44,163166
53989,6.7e-05,172.217.194.0-255,2902,14860,44,163166
53990,7e-05,172.31.46.0-255,66,14926,44,163166
53991,0.000118,172.31.46.0-255,66,14992,44,163166
53992,0.000123,172.217.194.0-255,3961,18953,44,163166
53993,0.000126,172.31.46.0-255,66,19019,44,163166
53994,0.000236,172.217.194.0-255,1484,20503,44,163166
53995,0.00024,172.31.46.0-255,66,20569,44,163166
53996,0.000245,172.217.194.0-255,2902,23471,44,163166
53997,0.000247,172.31.46.0-255,66,23537,44,163166
53998,0.000258,172.217.194.0-255,5738,29275,44,163166
53999,0.000261,172.31.46.0-255,66,29341,44,163166
54000,0.000264,172.217.194.0-255,1484,30825,44,163166
54001,0.000267,172.31.46.0-255,66,30891,44,163166
54002,0.000298,172.217.194.0-255,5379,36270,44,163166
54003,0.000301,172.31.46.0-255,66,36336,44,163166
54004,0.000318,172.31.46.0-255,66,36402,44,163166
54005,0.000353,172.217.194.0-255,5738,42140,44,163166
54006,0.000356,172.31.46.0-255,66,42206,44,163166
54007,0.00036,172.217.194.0-255,2835,45041,44,163166
54008,0.000362,172.31.46.0-255,66,45107,44,163166
54009,0.00045,172.217.194.0-255,98,45205,44,163166
54010,0.000454,172.31.46.0-255,66,45271,44,163166
54011,0.000557,172.217.194.0-255,1484,46755,44,163166
54012,0.000565,172.217.194.0-255,2902,49657,44,163166
54013,0.000568,172.31.46.0-255,66,49723,44,163166
54014,0.000574,172.217.194.0-255,4320,54043,44,163166
54015,0.000577,172.31.46.0-255,66,54109,44,163166
54016,0.000599,172.217.194.0-255,1484,55593,44,163166
54017,0.000606,172.217.194.0-255,6797,62390,44,163166
54018,0.000614,172.31.46.0-255,66,62456,44,163166
54019,0.00062,172.217.194.0-255,5738,68194,44,163166
54020,0.000623,172.31.46.0-255,66,68260,44,163166
54021,0.000666,172.31.46.0-255,66,68326,44,163166
54022,0.000672,172.217.194.0-255,2543,70869,44,163166
54023,0.000674,172.31.46.0-255,66,70935,44,163166
54024,0.000776,172.217.194.0-255,364,71299,44,163166
54025,0.000917,172.217.194.0-255,1484,72783,44,163166
54026,0.000922,172.31.46.0-255,66,72849,44,163166
54027,0.000928,172.217.194.0-255,2902,75751,44,163166
54028,0.00093,172.31.46.0-255,66,75817,44,163166
54029,0.000934,172.217.194.0-255,2902,78719,44,163166
54030,0.000941,172.31.46.0-255,66,78785,44,163166
54031,0.000986,172.217.194.0-255,2902,81687,44,163166
54032,0.000989,172.31.46.0-255,66,81753,44,163166
54033,0.001006,172.31.46.0-255,66,81819,44,163166
54034,0.001017,172.31.46.0-255,66,81885,44,163166
54035,0.00105,172.217.194.0-255,6438,88323,44,163166
54036,0.001053,172.31.46.0-255,66,88389,44,163166
54037,0.001123,172.217.194.0-255,1484,89873,44,163166
54038,0.001129,172.217.194.0-255,2902,92775,44,163166
54039,0.001132,172.31.46.0-255,66,92841,44,163166
54040,0.001137,172.217.194.0-255,2902,95743,44,163166
54041,0.001139,172.31.46.0-255,66,95809,44,163166
54042,0.001167,172.217.194.0-255,2902,98711,44,163166
54043,0.001171,172.31.46.0-255,66,98777,44,163166
54044,0.001183,172.217.194.0-255,7156,105933,44,163166
54045,0.001185,172.31.46.0-255,66,105999,44,163166
54046,0.001188,172.217.194.0-255,1484,107483,44,163166
54047,0.001228,172.31.46.0-255,66,107549,44,163166
54048,0.001232,172.217.194.0-255,2184,109733,44,163166
54049,0.001234,172.31.46.0-255,66,109799,44,163166
54050,0.001471,172.217.194.0-255,1484,111283,44,163166
54051,0.001478,172.217.194.0-255,2902,114185,44,163166
54052,0.001481,172.31.46.0-255,66,114251,44,163166
54053,0.001521,172.217.194.0-255,5738,119989,44,163166
54054,0.001524,172.31.46.0-255,66,120055,44,163166
54055,0.001535,172.31.46.0-255,66,120121,44,163166
54056,0.001569,172.217.194.0-255,1484,121605,44,163166
54057,0.001583,172.31.46.0-255,66,121671,44,163166
54058,0.001588,172.217.194.0-255,2184,123855,44,163166
54059,0.00159,172.31.46.0-255,66,123921,44,163166
54060,0.001782,172.217.194.0-255,1484,125405,44,163166
54061,0.001802,172.217.194.0-255,2902,128307,44,163166
54062,0.001806,172.31.46.0-255,66,128373,44,163166
54063,0.001814,172.217.194.0-255,5738,134111,44,163166
54064,0.001816,172.31.46.0-255,66,134177,44,163166
54065,0.001831,172.31.46.0-255,66,134243,44,163166
54066,0.001862,172.217.194.0-255,1484,135727,44,163166
54067,0.001904,172.31.46.0-255,66,135793,44,163166
54068,0.00193,172.31.46.0-255,66,135859,44,163166
54069,0.001943,172.31.46.0-255,66,135925,44,163166
54070,0.001975,172.217.194.0-255,5020,140945,44,163166
54071,0.001978,172.31.46.0-255,66,141011,44,163166
54072,0.001998,172.31.46.0-255,66,141077,44,163166
54073,0.002051,172.31.46.0-255,66,141143,44,163166
54074,0.002064,172.31.46.0-255,66,141209,44,163166
54075,0.002096,172.217.194.0-255,7156,148365,44,163166
54076,0.002098,172.31.46.0-255,66,148431,44,163166
54077,0.002138,172.31.46.0-255,66,148497,44,163166
54078,0.002151,172.31.46.0-255,66,148563,44,163166
54079,0.002191,172.31.46.0-255,66,148629,44,163166
54080,0.002207,172.31.46.0-255,66,148695,44,163166
54081,0.002261,172.31.46.0-255,66,148761,44,163166
54082,0.002274,172.217.194.0-255,4807,153568,44,163166
54083,0.00228,172.31.46.0-255,66,153634,44,163166
54084,0.002284,172.217.194.0-255,105,153739,44,163166
54085,0.004528,172.31.46.0-255,66,153805,44,163166
54086,0.004562,172.31.46.0-255,105,153910,44,163166
54087,0.007151,172.217.194.0-255,66,153976,44,163166
54088,0.037465,172.31.46.0-255,172,154148,44,163166
54089,0.037494,172.31.46.0-255,1109,155257,44,163166
54090,0.037546,172.31.46.0-255,1514,156771,44,163166
54091,0.037548,172.31.46.0-255,1514,158285,44,163166
54092,0.037549,172.31.46.0-255,1514,159799,44,163166
54093,0.037553,172.31.46.0-255,1514,161313,44,163166
54094,0.037554,172.31.46.0-255,1514,162827,44,163166
54095,0.037556,172.31.46.0-255,75,162902,44,163166
54096,0.039002,104.244.42.0-255,66,162968,44,163166
54097,0.039042,104.244.42.0-255,66,163034,44,163166
54098,0.039132,104.244.42.0-255,66,163100,44,163166
54099,0.039138,104.244.42.0-255,66,163166,44,163166
54100,0.0,74.125.24.0-255,150,150,44,331109
54101,2.5e-05,172.31.46.0-255,66,216,44,331109
54102,3.3e-05,74.125.24.0-255,1484,1700,44,331109
54103,3.7e-05,172.31.46.0-255,66,1766,44,331109
54104,4.3e-05,74.125.24.0-255,2902,4668,44,331109
54105,4.7e-05,172.31.46.0-255,66,4734,44,331109
54106,5.6e-05,74.125.24.0-255,7156,11890,44,331109
54107,5.9e-05,172.31.46.0-255,66,11956,44,331109
54108,6.3e-05,74.125.24.0-255,2041,13997,44,331109
54109,6.7e-05,172.31.46.0-255,66,14063,44,331109
54110,0.000121,74.125.24.0-255,2902,16965,44,331109
54111,0.000124,172.31.46.0-255,66,17031,44,331109
54112,0.00013,74.125.24.0-255,4320,21351,44,331109
54113,0.000133,172.31.46.0-255,66,21417,44,331109
54114,0.000141,74.125.24.0-255,7156,28573,44,331109
54115,0.000143,172.31.46.0-255,66,28639,44,331109
54116,0.000159,74.125.24.0-255,1484,30123,44,331109
54117,0.000161,172.31.46.0-255,66,30189,44,331109
54118,0.000165,74.125.24.0-255,1125,31314,44,331109
54119,0.000167,172.31.46.0-255,66,31380,44,331109
54120,0.000225,74.125.24.0-255,1484,32864,44,331109
54121,0.000229,172.31.46.0-255,66,32930,44,331109
54122,0.000234,74.125.24.0-255,2902,35832,44,331109
54123,0.000236,172.31.46.0-255,66,35898,44,331109
54124,0.000243,74.125.24.0-255,5738,41636,44,331109
54125,0.000246,172.31.46.0-255,66,41702,44,331109
54126,0.000284,172.31.46.0-255,66,41768,44,331109
54127,0.000325,74.125.24.0-255,5738,47506,44,331109
54128,0.000329,172.31.46.0-255,66,47572,44,331109
54129,0.000357,172.31.46.0-255,66,47638,44,331109
54130,0.000601,74.125.24.0-255,645,48283,44,331109
54131,0.00096,74.125.24.0-255,1484,49767,44,331109
54132,0.000966,172.31.46.0-255,66,49833,44,331109
54133,0.000973,74.125.24.0-255,2902,52735,44,331109
54134,0.000975,172.31.46.0-255,66,52801,44,331109
54135,0.000982,74.125.24.0-255,5738,58539,44,331109
54136,0.000985,172.31.46.0-255,66,58605,44,331109
54137,0.001011,172.31.46.0-255,66,58671,44,331109
54138,0.001036,74.125.24.0-255,4320,62991,44,331109
54139,0.001039,172.31.46.0-255,66,63057,44,331109
54140,0.001044,74.125.24.0-255,2902,65959,44,331109
54141,0.001045,172.31.46.0-255,66,66025,44,331109
54142,0.001065,172.31.46.0-255,66,66091,44,331109
54143,0.001717,74.125.24.0-255,1484,67575,44,331109
54144,0.001727,74.125.24.0-255,2902,70477,44,331109
54145,0.001731,172.31.46.0-255,66,70543,44,331109
54146,0.001738,74.125.24.0-255,2902,73445,44,331109
54147,0.00174,172.31.46.0-255,66,73511,44,331109
54148,0.001766,74.125.24.0-255,2902,76413,44,331109
54149,0.001768,172.31.46.0-255,66,76479,44,331109
54150,0.001781,172.31.46.0-255,66,76545,44,331109
54151,0.001836,74.125.24.0-255,2902,79447,44,331109
54152,0.00184,172.31.46.0-255,66,79513,44,331109
54153,0.001869,172.31.46.0-255,66,79579,44,331109
54154,0.001916,74.125.24.0-255,1484,81063,44,331109
54155,0.001938,74.125.24.0-255,2902,83965,44,331109
54156,0.001941,172.31.46.0-255,66,84031,44,331109
54157,0.001947,74.125.24.0-255,5738,89769,44,331109
54158,0.001949,172.31.46.0-255,66,89835,44,331109
54159,0.001968,74.125.24.0-255,2902,92737,44,331109
54160,0.00197,172.31.46.0-255,66,92803,44,331109
54161,0.001995,74.125.24.0-255,5738,98541,44,331109
54162,0.001997,172.31.46.0-255,66,98607,44,331109
54163,0.002037,172.31.46.0-255,66,98673,44,331109
54164,0.002078,74.125.24.0-255,6438,105111,44,331109
54165,0.002082,172.31.46.0-255,66,105177,44,331109
54166,0.002087,74.125.24.0-255,4320,109497,44,331109
54167,0.00209,172.31.46.0-255,66,109563,44,331109
54168,0.002107,74.125.24.0-255,2902,112465,44,331109
54169,0.00211,172.31.46.0-255,66,112531,44,331109
54170,0.002114,74.125.24.0-255,1484,114015,44,331109
54171,0.002143,74.125.24.0-255,7156,121171,44,331109
54172,0.002146,172.31.46.0-255,66,121237,44,331109
54173,0.002149,74.125.24.0-255,1484,122721,44,331109
54174,0.002166,74.125.24.0-255,5738,128459,44,331109
54175,0.002168,172.31.46.0-255,66,128525,44,331109
54176,0.002193,172.31.46.0-255,66,128591,44,331109
54177,0.002196,74.125.24.0-255,766,129357,44,331109
54178,0.004466,74.125.24.0-255,4320,133677,44,331109
54179,0.004491,172.31.46.0-255,66,133743,44,331109
54180,0.006778,74.125.24.0-255,5738,139481,44,331109
54181,0.006785,172.31.46.0-255,66,139547,44,331109
54182,0.009042,74.125.24.0-255,5738,145285,44,331109
54183,0.009048,172.31.46.0-255,66,145351,44,331109
54184,0.011312,74.125.24.0-255,5738,151089,44,331109
54185,0.011324,172.31.46.0-255,66,151155,44,331109
54186,0.013611,74.125.24.0-255,5738,156893,44,331109
54187,0.01363,172.31.46.0-255,66,156959,44,331109
54188,0.015913,74.125.24.0-255,5738,162697,44,331109
54189,0.015932,172.31.46.0-255,66,162763,44,331109
54190,0.018214,74.125.24.0-255,5738,168501,44,331109
54191,0.018233,172.31.46.0-255,66,168567,44,331109
54192,0.020555,74.125.24.0-255,5738,174305,44,331109
54193,0.020575,172.31.46.0-255,66,174371,44,331109
54194,0.022854,74.125.24.0-255,5738,180109,44,331109
54195,0.022872,172.31.46.0-255,66,180175,44,331109
54196,0.025134,74.125.24.0-255,5738,185913,44,331109
54197,0.025153,172.31.46.0-255,66,185979,44,331109
54198,0.027436,74.125.24.0-255,5738,191717,44,331109
54199,0.027453,172.31.46.0-255,66,191783,44,331109
54200,0.029753,74.125.24.0-255,5738,197521,44,331109
54201,0.029771,172.31.46.0-255,66,197587,44,331109
54202,0.032079,74.125.24.0-255,5738,203325,44,331109
54203,0.032103,172.31.46.0-255,66,203391,44,331109
54204,0.03442,74.125.24.0-255,5738,209129,44,331109
54205,0.034443,172.31.46.0-255,66,209195,44,331109
54206,0.036786,74.125.24.0-255,5738,214933,44,331109
54207,0.036812,172.31.46.0-255,66,214999,44,331109
54208,0.039133,74.125.24.0-255,5738,220737,44,331109
54209,0.039155,172.31.46.0-255,66,220803,44,331109
54210,0.041466,74.125.24.0-255,5738,226541,44,331109
54211,0.041483,172.31.46.0-255,66,226607,44,331109
54212,0.043777,74.125.24.0-255,5738,232345,44,331109
54213,0.043804,172.31.46.0-255,66,232411,44,331109
54214,0.046123,74.125.24.0-255,5738,238149,44,331109
54215,0.046144,172.31.46.0-255,66,238215,44,331109
54216,0.046903,172.31.46.0-255,172,238387,44,331109
54217,0.046938,172.31.46.0-255,1114,239501,44,331109
54218,0.047046,172.31.46.0-255,1514,241015,44,331109
54219,0.047048,172.31.46.0-255,1514,242529,44,331109
54220,0.047054,172.31.46.0-255,1514,244043,44,331109
54221,0.047055,172.31.46.0-255,1514,245557,44,331109
54222,0.047074,172.31.46.0-255,1514,247071,44,331109
54223,0.047075,172.31.46.0-255,70,247141,44,331109
54224,0.048434,74.125.24.0-255,5738,252879,44,331109
54225,0.048453,172.31.46.0-255,66,252945,44,331109
54226,0.048477,104.244.42.0-255,66,253011,44,331109
54227,0.04853,104.244.42.0-255,66,253077,44,331109
54228,0.048659,104.244.42.0-255,66,253143,44,331109
54229,0.048666,104.244.42.0-255,66,253209,44,331109
54230,0.049323,104.244.42.0-255,108,253317,44,331109
54231,0.049334,172.31.46.0-255,66,253383,44,331109
54232,0.050741,74.125.24.0-255,5738,259121,44,331109
54233,0.050754,172.31.46.0-255,66,259187,44,331109
54234,0.053067,74.125.24.0-255,5738,264925,44,331109
54235,0.053083,172.31.46.0-255,66,264991,44,331109
54236,0.055338,74.125.24.0-255,5738,270729,44,331109
54237,0.05535,172.31.46.0-255,66,270795,44,331109
54238,0.057637,74.125.24.0-255,5738,276533,44,331109
54239,0.057655,172.31.46.0-255,66,276599,44,331109
54240,0.059985,74.125.24.0-255,5738,282337,44,331109
54241,0.060001,172.31.46.0-255,66,282403,44,331109
54242,0.062306,74.125.24.0-255,5738,288141,44,331109
54243,0.062326,172.31.46.0-255,66,288207,44,331109
54244,0.064641,74.125.24.0-255,5738,293945,44,331109
54245,0.064654,172.31.46.0-255,66,294011,44,331109
54246,0.06693,74.125.24.0-255,5738,299749,44,331109
54247,0.066947,172.31.46.0-255,66,299815,44,331109
54248,0.069219,74.125.24.0-255,5738,305553,44,331109
54249,0.069232,172.31.46.0-255,66,305619,44,331109
54250,0.071518,74.125.24.0-255,5738,311357,44,331109
54251,0.071536,172.31.46.0-255,66,311423,44,331109
54252,0.07386,74.125.24.0-255,5738,317161,44,331109
54253,0.073875,172.31.46.0-255,66,317227,44,331109
54254,0.07616,74.125.24.0-255,5738,322965,44,331109
54255,0.07617,172.31.46.0-255,66,323031,44,331109
54256,0.078484,74.125.24.0-255,5738,328769,44,331109
54257,0.078492,172.31.46.0-255,66,328835,44,331109
54258,0.080763,74.125.24.0-255,2037,330872,44,331109
54259,0.080771,172.31.46.0-255,66,330938,44,331109
54260,0.080958,172.31.46.0-255,105,331043,44,331109
54261,0.083198,74.125.24.0-255,66,331109,44,331109
54262,0.0,74.125.24.0-255,155,155,44,327598
54263,1.9e-05,172.31.46.0-255,66,221,44,327598
54264,2.5e-05,74.125.24.0-255,1484,1705,44,327598
54265,2.9e-05,172.31.46.0-255,66,1771,44,327598
54266,3.5e-05,74.125.24.0-255,2902,4673,44,327598
54267,4.8e-05,172.31.46.0-255,66,4739,44,327598
54268,5.6e-05,74.125.24.0-255,7156,11895,44,327598
54269,6e-05,172.31.46.0-255,66,11961,44,327598
54270,6.4e-05,74.125.24.0-255,1940,13901,44,327598
54271,6.7e-05,172.31.46.0-255,66,13967,44,327598
54272,0.000122,74.125.24.0-255,1484,15451,44,327598
54273,0.000125,172.31.46.0-255,66,15517,44,327598
54274,0.000131,74.125.24.0-255,2902,18419,44,327598
54275,0.000134,172.31.46.0-255,66,18485,44,327598
54276,0.000145,74.125.24.0-255,5738,24223,44,327598
54277,0.000148,172.31.46.0-255,66,24289,44,327598
54278,0.000172,74.125.24.0-255,2902,27191,44,327598
54279,0.000174,172.31.46.0-255,66,27257,44,327598
54280,0.0002,74.125.24.0-255,3961,31218,44,327598
54281,0.000204,172.31.46.0-255,66,31284,44,327598
54282,0.000504,74.125.24.0-255,1484,32768,44,327598
54283,0.000515,172.31.46.0-255,66,32834,44,327598
54284,0.000522,74.125.24.0-255,2902,35736,44,327598
54285,0.000525,172.31.46.0-255,66,35802,44,327598
54286,0.000533,74.125.24.0-255,1484,37286,44,327598
54287,0.000535,172.31.46.0-255,66,37352,44,327598
54288,0.000567,74.125.24.0-255,4320,41672,44,327598
54289,0.00057,172.31.46.0-255,66,41738,44,327598
54290,0.000582,172.31.46.0-255,66,41804,44,327598
54291,0.000611,74.125.24.0-255,3961,45765,44,327598
54292,0.000615,172.31.46.0-255,66,45831,44,327598
54293,0.000618,74.125.24.0-255,1484,47315,44,327598
54294,0.000676,172.31.46.0-255,66,47381,44,327598
54295,0.001236,74.125.24.0-255,647,48028,44,327598
54296,0.001423,74.125.24.0-255,1484,49512,44,327598
54297,0.001428,172.31.46.0-255,66,49578,44,327598
54298,0.001435,74.125.24.0-255,2902,52480,44,327598
54299,0.001438,172.31.46.0-255,66,52546,44,327598
54300,0.00145,74.125.24.0-255,5738,58284,44,327598
54301,0.001452,172.31.46.0-255,66,58350,44,327598
54302,0.001504,172.31.46.0-255,66,58416,44,327598
54303,0.001531,74.125.24.0-255,2902,61318,44,327598
54304,0.001533,172.31.46.0-255,66,61384,44,327598
54305,0.001559,74.125.24.0-255,5738,67122,44,327598
54306,0.001561,172.31.46.0-255,66,67188,44,327598
54307,0.001585,74.125.24.0-255,2184,69372,44,327598
54308,0.001587,172.31.46.0-255,66,69438,44,327598
54309,0.001863,74.125.24.0-255,1484,70922,44,327598
54310,0.001871,74.125.24.0-255,2902,73824,44,327598
54311,0.001892,172.31.46.0-255,66,73890,44,327598
54312,0.001901,74.125.24.0-255,5738,79628,44,327598
54313,0.001903,172.31.46.0-255,66,79694,44,327598
54314,0.00192,172.31.46.0-255,66,79760,44,327598
54315,0.001975,172.31.46.0-255,66,79826,44,327598
54316,0.001998,74.125.24.0-255,2184,82010,44,327598
54317,0.002,172.31.46.0-255,66,82076,44,327598
54318,0.002128,74.125.24.0-255,1484,83560,44,327598
54319,0.002135,74.125.24.0-255,2902,86462,44,327598
54320,0.002139,172.31.46.0-255,66,86528,44,327598
54321,0.002142,74.125.24.0-255,1484,88012,44,327598
54322,0.00217,74.125.24.0-255,4320,92332,44,327598
54323,0.002173,172.31.46.0-255,66,92398,44,327598
54324,0.002187,172.31.46.0-255,66,92464,44,327598
54325,0.002237,74.125.24.0-255,4320,96784,44,327598
54326,0.002241,172.31.46.0-255,66,96850,44,327598
54327,0.00227,74.125.24.0-255,2902,99752,44,327598
54328,0.002272,172.31.46.0-255,66,99818,44,327598
54329,0.002278,74.125.24.0-255,3602,103420,44,327598
54330,0.002281,172.31.46.0-255,66,103486,44,327598
54331,0.004575,74.125.24.0-255,5738,109224,44,327598
54332,0.004583,172.31.46.0-255,66,109290,44,327598
54333,0.006865,74.125.24.0-255,5738,115028,44,327598
54334,0.00687,172.31.46.0-255,66,115094,44,327598
54335,0.009162,74.125.24.0-255,5738,120832,44,327598
54336,0.00917,172.31.46.0-255,66,120898,44,327598
54337,0.011489,74.125.24.0-255,5738,126636,44,327598
54338,0.011498,172.31.46.0-255,66,126702,44,327598
54339,0.0138,74.125.24.0-255,5738,132440,44,327598
54340,0.01381,172.31.46.0-255,66,132506,44,327598
54341,0.016121,74.125.24.0-255,5738,138244,44,327598
54342,0.016134,172.31.46.0-255,66,138310,44,327598
54343,0.018431,74.125.24.0-255,5738,144048,44,327598
54344,0.01844,172.31.46.0-255,66,144114,44,327598
54345,0.02078,74.125.24.0-255,5738,149852,44,327598
54346,0.020787,172.31.46.0-255,66,149918,44,327598
54347,0.023088,74.125.24.0-255,5738,155656,44,327598
54348,0.023095,172.31.46.0-255,66,155722,44,327598
54349,0.025397,74.125.24.0-255,5738,161460,44,327598
54350,0.025405,172.31.46.0-255,66,161526,44,327598
54351,0.027771,74.125.24.0-255,5738,167264,44,327598
54352,0.027784,172.31.46.0-255,66,167330,44,327598
54353,0.030077,74.125.24.0-255,5738,173068,44,327598
54354,0.030087,172.31.46.0-255,66,173134,44,327598
54355,0.032447,74.125.24.0-255,5738,178872,44,327598
54356,0.032457,172.31.46.0-255,66,178938,44,327598
54357,0.034786,74.125.24.0-255,5738,184676,44,327598
54358,0.034797,172.31.46.0-255,66,184742,44,327598
54359,0.037094,74.125.24.0-255,5738,190480,44,327598
54360,0.037101,172.31.46.0-255,66,190546,44,327598
54361,0.03944,74.125.24.0-255,5738,196284,44,327598
54362,0.039449,172.31.46.0-255,66,196350,44,327598
54363,0.040964,172.31.46.0-255,172,196522,44,327598
54364,0.040998,172.31.46.0-255,1109,197631,44,327598
54365,0.041061,172.31.46.0-255,1514,199145,44,327598
54366,0.041063,172.31.46.0-255,1514,200659,44,327598
54367,0.041069,172.31.46.0-255,1514,202173,44,327598
54368,0.04107,172.31.46.0-255,1514,203687,44,327598
54369,0.04109,172.31.46.0-255,1514,205201,44,327598
54370,0.041091,172.31.46.0-255,75,205276,44,327598
54371,0.041768,74.125.24.0-255,5738,211014,44,327598
54372,0.041776,172.31.46.0-255,66,211080,44,327598
54373,0.042525,104.244.42.0-255,66,211146,44,327598
54374,0.042598,104.244.42.0-255,66,211212,44,327598
54375,0.04264,104.244.42.0-255,66,211278,44,327598
54376,0.042645,104.244.42.0-255,66,211344,44,327598
54377,0.044091,74.125.24.0-255,5738,217082,44,327598
54378,0.044107,172.31.46.0-255,66,217148,44,327598
54379,0.046037,104.244.42.0-255,108,217256,44,327598
54380,0.046052,172.31.46.0-255,66,217322,44,327598
54381,0.046401,74.125.24.0-255,5738,223060,44,327598
54382,0.046407,172.31.46.0-255,66,223126,44,327598
54383,0.048725,74.125.24.0-255,5738,228864,44,327598
54384,0.048739,172.31.46.0-255,66,228930,44,327598
54385,0.051066,74.125.24.0-255,5738,234668,44,327598
54386,0.051082,172.31.46.0-255,66,234734,44,327598
54387,0.05341,74.125.24.0-255,5738,240472,44,327598
54388,0.053422,172.31.46.0-255,66,240538,44,327598
54389,0.055746,74.125.24.0-255,5738,246276,44,327598
54390,0.055757,172.31.46.0-255,66,246342,44,327598
54391,0.058093,74.125.24.0-255,5738,252080,44,327598
54392,0.058129,172.31.46.0-255,66,252146,44,327598
54393,0.060475,74.125.24.0-255,5738,257884,44,327598
54394,0.060491,172.31.46.0-255,66,257950,44,327598
54395,0.062847,74.125.24.0-255,5738,263688,44,327598
54396,0.062862,172.31.46.0-255,66,263754,44,327598
54397,0.065194,74.125.24.0-255,5738,269492,44,327598
54398,0.065211,172.31.46.0-255,66,269558,44,327598
54399,0.067552,74.125.24.0-255,5738,275296,44,327598
54400,0.067566,172.31.46.0-255,66,275362,44,327598
54401,0.069909,74.125.24.0-255,5738,281100,44,327598
54402,0.069922,172.31.46.0-255,66,281166,44,327598
54403,0.072245,74.125.24.0-255,5738,286904,44,327598
54404,0.07226,172.31.46.0-255,66,286970,44,327598
54405,0.074577,74.125.24.0-255,5738,292708,44,327598
54406,0.074584,172.31.46.0-255,66,292774,44,327598
54407,0.076873,74.125.24.0-255,5738,298512,44,327598
54408,0.07688,172.31.46.0-255,66,298578,44,327598
54409,0.079192,74.125.24.0-255,5738,304316,44,327598
54410,0.079198,172.31.46.0-255,66,304382,44,327598
54411,0.081512,74.125.24.0-255,5738,310120,44,327598
54412,0.081519,172.31.46.0-255,66,310186,44,327598
54413,0.083853,74.125.24.0-255,5738,315924,44,327598
54414,0.08386,172.31.46.0-255,66,315990,44,327598
54415,0.086192,74.125.24.0-255,5738,321728,44,327598
54416,0.086198,172.31.46.0-255,66,321794,44,327598
54417,0.088512,74.125.24.0-255,5738,327532,44,327598
54418,0.088518,172.31.46.0-255,66,327598,44,327598
54419,0.0,74.125.68.0-255,146,146,44,367541
54420,1.3e-05,172.31.46.0-255,66,212,44,367541
54421,2.7e-05,74.125.68.0-255,1484,1696,44,367541
54422,3.2e-05,172.31.46.0-255,66,1762,44,367541
54423,3.5e-05,74.125.68.0-255,1484,3246,44,367541
54424,3.8e-05,172.31.46.0-255,66,3312,44,367541
54425,4.4e-05,74.125.68.0-255,2902,6214,44,367541
54426,4.7e-05,172.31.46.0-255,66,6280,44,367541
54427,6e-05,74.125.68.0-255,1484,7764,44,367541
54428,6.3e-05,172.31.46.0-255,66,7830,44,367541
54429,8.1e-05,74.125.68.0-255,4320,12150,44,367541
54430,8.4e-05,172.31.46.0-255,66,12216,44,367541
54431,8.8e-05,74.125.68.0-255,2054,14270,44,367541
54432,9.1e-05,172.31.46.0-255,66,14336,44,367541
54433,0.000201,74.125.68.0-255,1484,15820,44,367541
54434,0.000205,172.31.46.0-255,66,15886,44,367541
54435,0.000211,74.125.68.0-255,2902,18788,44,367541
54436,0.000214,172.31.46.0-255,66,18854,44,367541
54437,0.000239,74.125.68.0-255,4320,23174,44,367541
54438,0.000242,172.31.46.0-255,66,23240,44,367541
54439,0.000262,74.125.68.0-255,1484,24724,44,367541
54440,0.000265,172.31.46.0-255,66,24790,44,367541
54441,0.000272,74.125.68.0-255,6797,31587,44,367541
54442,0.000275,172.31.46.0-255,66,31653,44,367541
54443,0.000308,74.125.68.0-255,7156,38809,44,367541
54444,0.000311,172.31.46.0-255,66,38875,44,367541
54445,0.000316,74.125.68.0-255,4320,43195,44,367541
54446,0.000319,172.31.46.0-255,66,43261,44,367541
54447,0.000337,74.125.68.0-255,4320,47581,44,367541
54448,0.00034,172.31.46.0-255,66,47647,44,367541
54449,0.000371,172.31.46.0-255,66,47713,44,367541
54450,0.00039,74.125.68.0-255,2902,50615,44,367541
54451,0.000392,172.31.46.0-255,66,50681,44,367541
54452,0.000404,74.125.68.0-255,2517,53198,44,367541
54453,0.000407,172.31.46.0-255,66,53264,44,367541
54454,0.00041,74.125.68.0-255,110,53374,44,367541
54455,0.000412,172.31.46.0-255,66,53440,44,367541
54456,0.000477,74.125.68.0-255,1484,54924,44,367541
54457,0.00048,172.31.46.0-255,66,54990,44,367541
54458,0.000492,74.125.68.0-255,1484,56474,44,367541
54459,0.000494,172.31.46.0-255,66,56540,44,367541
54460,0.000498,74.125.68.0-255,1484,58024,44,367541
54461,0.000499,172.31.46.0-255,66,58090,44,367541
54462,0.000513,74.125.68.0-255,1484,59574,44,367541
54463,0.000515,172.31.46.0-255,66,59640,44,367541
54464,0.000523,74.125.68.0-255,5738,65378,44,367541
54465,0.000525,172.31.46.0-255,66,65444,44,367541
54466,0.000545,74.125.68.0-255,2902,68346,44,367541
54467,0.000547,172.31.46.0-255,66,68412,44,367541
54468,0.00056,74.125.68.0-255,5738,74150,44,367541
54469,0.000563,172.31.46.0-255,66,74216,44,367541
54470,0.000598,172.31.46.0-255,66,74282,44,367541
54471,0.000603,74.125.68.0-255,3602,77884,44,367541
54472,0.000622,172.31.46.0-255,66,77950,44,367541
54473,0.000637,74.125.68.0-255,331,78281,44,367541
54474,0.000679,74.125.68.0-255,1484,79765,44,367541
54475,0.000696,172.31.46.0-255,66,79831,44,367541
54476,0.0007,74.125.68.0-255,2902,82733,44,367541
54477,0.000704,74.125.68.0-255,2902,85635,44,367541
54478,0.00071,172.31.46.0-255,66,85701,44,367541
54479,0.000716,74.125.68.0-255,1484,87185,44,367541
54480,0.000729,74.125.68.0-255,2902,90087,44,367541
54481,0.000751,172.31.46.0-255,66,90153,44,367541
54482,0.000758,74.125.68.0-255,5738,95891,44,367541
54483,0.000765,74.125.68.0-255,7156,103047,44,367541
54484,0.000775,74.125.68.0-255,766,103813,44,367541
54485,0.000782,172.31.46.0-255,66,103879,44,367541
54486,0.000898,74.125.68.0-255,1484,105363,44,367541
54487,0.000915,74.125.68.0-255,2902,108265,44,367541
54488,0.000961,172.31.46.0-255,66,108331,44,367541
54489,0.000974,74.125.68.0-255,5738,114069,44,367541
54490,0.000979,74.125.68.0-255,4320,118389,44,367541
54491,0.000985,74.125.68.0-255,5738,124127,44,367541
54492,0.00099,172.31.46.0-255,66,124193,44,367541
54493,0.001001,74.125.68.0-255,5738,129931,44,367541
54494,0.001022,74.125.68.0-255,5738,135669,44,367541
54495,0.001028,74.125.68.0-255,2184,137853,44,367541
54496,0.001034,172.31.46.0-255,66,137919,44,367541
54497,0.00107,74.125.68.0-255,1484,139403,44,367541
54498,0.001085,74.125.68.0-255,2902,142305,44,367541
54499,0.001093,172.31.46.0-255,66,142371,44,367541
54500,0.001107,74.125.68.0-255,5738,148109,44,367541
54501,0.001111,74.125.68.0-255,2902,151011,44,367541
54502,0.001132,74.125.68.0-255,4320,155331,44,367541
54503,0.001137,172.31.46.0-255,66,155397,44,367541
54504,0.001159,74.125.68.0-255,2902,158299,44,367541
54505,0.001174,74.125.68.0-255,2902,161201,44,367541
54506,0.001186,172.31.46.0-255,66,161267,44,367541
54507,0.001216,74.125.68.0-255,2184,163451,44,367541
54508,0.001231,172.31.46.0-255,66,163517,44,367541
54509,0.001669,74.125.68.0-255,1484,165001,44,367541
54510,0.001676,74.125.68.0-255,2902,167903,44,367541
54511,0.00168,172.31.46.0-255,66,167969,44,367541
54512,0.001701,74.125.68.0-255,5738,173707,44,367541
54513,0.001711,172.31.46.0-255,66,173773,44,367541
54514,0.001731,74.125.68.0-255,7156,180929,44,367541
54515,0.001733,172.31.46.0-255,66,180995,44,367541
54516,0.00174,74.125.68.0-255,5738,186733,44,367541
54517,0.001758,74.125.68.0-255,2902,189635,44,367541
54518,0.001761,74.125.68.0-255,1484,191119,44,367541
54519,0.001765,172.31.46.0-255,66,191185,44,367541
54520,0.001782,74.125.68.0-255,6438,197623,44,367541
54521,0.0018,172.31.46.0-255,66,197689,44,367541
54522,0.002008,74.125.68.0-255,1484,199173,44,367541
54523,0.002013,74.125.68.0-255,2902,202075,44,367541
54524,0.002016,172.31.46.0-255,66,202141,44,367541
54525,0.002051,74.125.68.0-255,4320,206461,44,367541
54526,0.002056,74.125.68.0-255,4320,210781,44,367541
54527,0.002071,172.31.46.0-255,66,210847,44,367541
54528,0.002097,74.125.68.0-255,4320,215167,44,367541
54529,0.002104,74.125.68.0-255,7156,222323,44,367541
54530,0.00214,74.125.68.0-255,3602,225925,44,367541
54531,0.002145,74.125.68.0-255,4320,230245,44,367541
54532,0.002163,74.125.68.0-255,5738,235983,44,367541
54533,0.002179,74.125.68.0-255,4320,240303,44,367541
54534,0.002184,74.125.68.0-255,4320,244623,44,367541
54535,0.002232,74.125.68.0-255,7156,251779,44,367541
54536,0.00225,74.125.68.0-255,5020,256799,44,367541
54537,0.002582,172.31.46.0-255,66,256865,44,367541
54538,0.004842,74.125.68.0-255,5738,262603,44,367541
54539,0.004849,172.31.46.0-255,66,262669,44,367541
54540,0.007118,74.125.68.0-255,5738,268407,44,367541
54541,0.007914,172.31.46.0-255,66,268473,44,367541
54542,0.010158,74.125.68.0-255,5738,274211,44,367541
54543,0.010165,172.31.46.0-255,66,274277,44,367541
54544,0.012418,74.125.68.0-255,5738,280015,44,367541
54545,0.012426,172.31.46.0-255,66,280081,44,367541
54546,0.014687,74.125.68.0-255,5738,285819,44,367541
54547,0.014695,172.31.46.0-255,66,285885,44,367541
54548,0.01694,74.125.68.0-255,5738,291623,44,367541
54549,0.016948,172.31.46.0-255,66,291689,44,367541
54550,0.019194,74.125.68.0-255,5738,297427,44,367541
54551,0.019202,172.31.46.0-255,66,297493,44,367541
54552,0.021453,74.125.68.0-255,5738,303231,44,367541
54553,0.02146,172.31.46.0-255,66,303297,44,367541
54554,0.023707,74.125.68.0-255,5738,309035,44,367541
54555,0.023714,172.31.46.0-255,66,309101,44,367541
54556,0.02596,74.125.68.0-255,5738,314839,44,367541
54557,0.025967,172.31.46.0-255,66,314905,44,367541
54558,0.02821,74.125.68.0-255,5738,320643,44,367541
54559,0.028217,172.31.46.0-255,66,320709,44,367541
54560,0.030462,74.125.68.0-255,5738,326447,44,367541
54561,0.030468,172.31.46.0-255,66,326513,44,367541
54562,0.032709,74.125.68.0-255,5738,332251,44,367541
54563,0.032715,172.31.46.0-255,66,332317,44,367541
54564,0.034964,74.125.68.0-255,5738,338055,44,367541
54565,0.034972,172.31.46.0-255,66,338121,44,367541
54566,0.037218,74.125.68.0-255,5738,343859,44,367541
54567,0.037229,172.31.46.0-255,66,343925,44,367541
54568,0.039483,74.125.68.0-255,5738,349663,44,367541
54569,0.03949,172.31.46.0-255,66,349729,44,367541
54570,0.041744,74.125.68.0-255,5738,355467,44,367541
54571,0.041753,172.31.46.0-255,66,355533,44,367541
54572,0.043998,74.125.68.0-255,2579,358112,44,367541
54573,0.044006,172.31.46.0-255,66,358178,44,367541
54574,0.044345,172.31.46.0-255,105,358283,44,367541
54575,0.045142,172.31.46.0-255,172,358455,44,367541
54576,0.045174,172.31.46.0-255,1114,359569,44,367541
54577,0.045237,172.31.46.0-255,1514,361083,44,367541
54578,0.045239,172.31.46.0-255,1514,362597,44,367541
54579,0.045245,172.31.46.0-255,1514,364111,44,367541
54580,0.045247,172.31.46.0-255,1514,365625,44,367541
54581,0.045265,172.31.46.0-255,1514,367139,44,367541
54582,0.045276,172.31.46.0-255,72,367211,44,367541
54583,0.046567,74.125.68.0-255,66,367277,44,367541
54584,0.046619,104.244.42.0-255,66,367343,44,367541
54585,0.046647,104.244.42.0-255,66,367409,44,367541
54586,0.046755,104.244.42.0-255,66,367475,44,367541
54587,0.046777,104.244.42.0-255,66,367541,44,367541
54588,0.0,74.125.24.0-255,153,153,44,325305
54589,1.7e-05,172.31.46.0-255,66,219,44,325305
54590,2.4e-05,74.125.24.0-255,1484,1703,44,325305
54591,2.9e-05,172.31.46.0-255,66,1769,44,325305
54592,4.3e-05,74.125.24.0-255,2902,4671,44,325305
54593,4.7e-05,172.31.46.0-255,66,4737,44,325305
54594,5.3e-05,74.125.24.0-255,5738,10475,44,325305
54595,5.7e-05,172.31.46.0-255,66,10541,44,325305
54596,6e-05,74.125.24.0-255,1484,12025,44,325305
54597,6.3e-05,172.31.46.0-255,66,12091,44,325305
54598,0.00011,172.31.46.0-255,66,12157,44,325305
54599,0.00012,172.31.46.0-255,66,12223,44,325305
54600,0.000144,74.125.24.0-255,1125,13348,44,325305
54601,0.000147,172.31.46.0-255,66,13414,44,325305
54602,0.000251,74.125.24.0-255,1484,14898,44,325305
54603,0.000255,172.31.46.0-255,66,14964,44,325305
54604,0.00026,74.125.24.0-255,2902,17866,44,325305
54605,0.000263,172.31.46.0-255,66,17932,44,325305
54606,0.000273,74.125.24.0-255,5738,23670,44,325305
54607,0.000276,172.31.46.0-255,66,23736,44,325305
54608,0.000308,74.125.24.0-255,6797,30533,44,325305
54609,0.000311,172.31.46.0-255,66,30599,44,325305
54610,0.000319,74.125.24.0-255,7156,37755,44,325305
54611,0.000322,172.31.46.0-255,66,37821,44,325305
54612,0.000351,74.125.24.0-255,7156,44977,44,325305
54613,0.000353,172.31.46.0-255,66,45043,44,325305
54614,0.000358,74.125.24.0-255,2815,47858,44,325305
54615,0.00036,172.31.46.0-255,66,47924,44,325305
54616,0.000898,74.125.24.0-255,134,48058,44,325305
54617,0.000904,172.31.46.0-255,66,48124,44,325305
54618,0.000985,74.125.24.0-255,1484,49608,44,325305
54619,0.000991,74.125.24.0-255,1484,51092,44,325305
54620,0.000994,172.31.46.0-255,66,51158,44,325305
54621,0.001019,74.125.24.0-255,1484,52642,44,325305
54622,0.001026,74.125.24.0-255,5738,58380,44,325305
54623,0.001029,172.31.46.0-255,66,58446,44,325305
54624,0.001065,74.125.24.0-255,5738,64184,44,325305
54625,0.001067,172.31.46.0-255,66,64250,44,325305
54626,0.001098,74.125.24.0-255,7156,71406,44,325305
54627,0.001104,74.125.24.0-255,5738,77144,44,325305
54628,0.00111,74.125.24.0-255,5020,82164,44,325305
54629,0.001113,172.31.46.0-255,66,82230,44,325305
54630,0.001122,172.31.46.0-255,66,82296,44,325305
54631,0.001129,172.31.46.0-255,66,82362,44,325305
54632,0.001151,74.125.24.0-255,4320,86682,44,325305
54633,0.001154,172.31.46.0-255,66,86748,44,325305
54634,0.001182,74.125.24.0-255,1765,88513,44,325305
54635,0.001184,172.31.46.0-255,66,88579,44,325305
54636,0.001192,74.125.24.0-255,7156,95735,44,325305
54637,0.001195,172.31.46.0-255,66,95801,44,325305
54638,0.001204,74.125.24.0-255,4320,100121,44,325305
54639,0.001207,172.31.46.0-255,66,100187,44,325305
54640,0.00124,74.125.24.0-255,5738,105925,44,325305
54641,0.001243,172.31.46.0-255,66,105991,44,325305
54642,0.001249,74.125.24.0-255,5738,111729,44,325305
54643,0.001251,172.31.46.0-255,66,111795,44,325305
54644,0.001284,74.125.24.0-255,5020,116815,44,325305
54645,0.001287,172.31.46.0-255,66,116881,44,325305
54646,0.00131,74.125.24.0-255,1484,118365,44,325305
54647,0.001315,74.125.24.0-255,2902,121267,44,325305
54648,0.001317,172.31.46.0-255,66,121333,44,325305
54649,0.001322,74.125.24.0-255,4320,125653,44,325305
54650,0.001324,172.31.46.0-255,66,125719,44,325305
54651,0.001346,74.125.24.0-255,1484,127203,44,325305
54652,0.001354,74.125.24.0-255,2902,130105,44,325305
54653,0.001357,172.31.46.0-255,66,130171,44,325305
54654,0.001379,74.125.24.0-255,1484,131655,44,325305
54655,0.001392,172.31.46.0-255,66,131721,44,325305
54656,0.001395,74.125.24.0-255,1484,133205,44,325305
54657,0.001427,74.125.24.0-255,6438,139643,44,325305
54658,0.00143,172.31.46.0-255,66,139709,44,325305
54659,0.001496,74.125.24.0-255,1484,141193,44,325305
54660,0.0015,74.125.24.0-255,1484,142677,44,325305
54661,0.001503,172.31.46.0-255,66,142743,44,325305
54662,0.001531,74.125.24.0-255,1484,144227,44,325305
54663,0.001537,74.125.24.0-255,5738,149965,44,325305
54664,0.00154,172.31.46.0-255,66,150031,44,325305
54665,0.001571,74.125.24.0-255,5738,155769,44,325305
54666,0.001574,172.31.46.0-255,66,155835,44,325305
54667,0.00158,74.125.24.0-255,4320,160155,44,325305
54668,0.001583,172.31.46.0-255,66,160221,44,325305
54669,0.001605,74.125.24.0-255,2902,163123,44,325305
54670,0.001616,74.125.24.0-255,5738,168861,44,325305
54671,0.001621,172.31.46.0-255,66,168927,44,325305
54672,0.001642,74.125.24.0-255,5020,173947,44,325305
54673,0.001657,172.31.46.0-255,66,174013,44,325305
54674,0.00182,74.125.24.0-255,1484,175497,44,325305
54675,0.001823,74.125.24.0-255,1484,176981,44,325305
54676,0.001829,172.31.46.0-255,66,177047,44,325305
54677,0.001837,74.125.24.0-255,1484,178531,44,325305
54678,0.001855,74.125.24.0-255,5738,184269,44,325305
54679,0.001859,74.125.24.0-255,2902,187171,44,325305
54680,0.001874,74.125.24.0-255,7156,194327,44,325305
54681,0.001895,172.31.46.0-255,66,194393,44,325305
54682,0.001929,172.31.46.0-255,66,194459,44,325305
54683,0.001969,74.125.24.0-255,7156,201615,44,325305
54684,0.002042,172.31.46.0-255,66,201681,44,325305
54685,0.002052,172.31.46.0-255,66,201747,44,325305
54686,0.0047,74.125.24.0-255,4320,206067,44,325305
54687,0.004708,172.31.46.0-255,66,206133,44,325305
54688,0.004736,74.125.24.0-255,1484,207617,44,325305
54689,0.007351,74.125.24.0-255,4320,211937,44,325305
54690,0.00736,172.31.46.0-255,66,212003,44,325305
54691,0.007836,172.31.46.0-255,101,212104,44,325305
54692,0.009975,74.125.24.0-255,5738,217842,44,325305
54693,0.009983,172.31.46.0-255,66,217908,44,325305
54694,0.010409,74.125.24.0-255,66,217974,44,325305
54695,0.012587,74.125.24.0-255,5738,223712,44,325305
54696,0.012595,172.31.46.0-255,66,223778,44,325305
54697,0.015216,74.125.24.0-255,5738,229516,44,325305
54698,0.015228,172.31.46.0-255,66,229582,44,325305
54699,0.01786,74.125.24.0-255,5738,235320,44,325305
54700,0.017873,172.31.46.0-255,66,235386,44,325305
54701,0.020521,74.125.24.0-255,5738,241124,44,325305
54702,0.02053,172.31.46.0-255,66,241190,44,325305
54703,0.023171,74.125.24.0-255,5738,246928,44,325305
54704,0.023179,172.31.46.0-255,66,246994,44,325305
54705,0.025852,74.125.24.0-255,5738,252732,44,325305
54706,0.025859,172.31.46.0-255,66,252798,44,325305
54707,0.028483,74.125.24.0-255,5738,258536,44,325305
54708,0.028492,172.31.46.0-255,66,258602,44,325305
54709,0.031132,74.125.24.0-255,5738,264340,44,325305
54710,0.03114,172.31.46.0-255,66,264406,44,325305
54711,0.033748,74.125.24.0-255,5738,270144,44,325305
54712,0.033757,172.31.46.0-255,66,270210,44,325305
54713,0.033893,172.31.46.0-255,172,270382,44,325305
54714,0.033921,172.31.46.0-255,1115,271497,44,325305
54715,0.03397,172.31.46.0-255,565,272062,44,325305
54716,0.036345,74.125.24.0-255,4320,276382,44,325305
54717,0.036352,172.31.46.0-255,66,276448,44,325305
54718,0.036394,74.125.24.0-255,1484,277932,44,325305
54719,0.039012,74.125.24.0-255,4320,282252,44,325305
54720,0.039019,172.31.46.0-255,66,282318,44,325305
54721,0.041683,74.125.24.0-255,5738,288056,44,325305
54722,0.041689,172.31.46.0-255,66,288122,44,325305
54723,0.042348,172.31.46.0-255,565,288687,44,325305
54724,0.044303,74.125.24.0-255,5738,294425,44,325305
54725,0.044309,172.31.46.0-255,66,294491,44,325305
54726,0.046906,74.125.24.0-255,5738,300229,44,325305
54727,0.046912,172.31.46.0-255,66,300295,44,325305
54728,0.048194,104.244.42.0-255,66,300361,44,325305
54729,0.048218,104.244.42.0-255,66,300427,44,325305
54730,0.048266,104.244.42.0-255,66,300493,44,325305
54731,0.049506,74.125.24.0-255,5738,306231,44,325305
54732,0.049511,172.31.46.0-255,66,306297,44,325305
54733,0.052116,74.125.24.0-255,5738,312035,44,325305
54734,0.052123,172.31.46.0-255,66,312101,44,325305
54735,0.054462,104.244.42.0-255,78,312179,44,325305
54736,0.054749,74.125.24.0-255,2902,315081,44,325305
54737,0.054754,172.31.46.0-255,66,315147,44,325305
54738,0.054779,74.125.24.0-255,2902,318049,44,325305
54739,0.054782,172.31.46.0-255,66,318115,44,325305
54740,0.057378,74.125.24.0-255,2902,321017,44,325305
54741,0.057384,172.31.46.0-255,66,321083,44,325305
54742,0.05744,74.125.24.0-255,2902,323985,44,325305
54743,0.057444,172.31.46.0-255,66,324051,44,325305
54744,0.060028,74.125.24.0-255,1083,325134,44,325305
54745,0.060183,172.31.46.0-255,105,325239,44,325305
54746,0.066772,74.125.24.0-255,66,325305,44,325305
