,TIME,SRC,PACKET_SIZE,CUMULATIVE_PACKET_SIZE,PAGE_NUMBER,TOTAL_PACKET_SIZE
0,0.0,74.125.24.0-255,149,149,50,182577
1,2.2e-05,172.31.46.0-255,66,215,50,182577
2,2.9e-05,74.125.24.0-255,1484,1699,50,182577
3,3.5e-05,172.31.46.0-255,66,1765,50,182577
4,4.1e-05,74.125.24.0-255,2902,4667,50,182577
5,4.4e-05,172.31.46.0-255,66,4733,50,182577
6,4.9e-05,74.125.24.0-255,2902,7635,50,182577
7,5.2e-05,172.31.46.0-255,66,7701,50,182577
8,8.4e-05,74.125.24.0-255,5738,13439,50,182577
9,8.7e-05,172.31.46.0-255,66,13505,50,182577
10,0.000105,74.125.24.0-255,520,14025,50,182577
11,0.000107,172.31.46.0-255,66,14091,50,182577
12,0.000485,74.125.24.0-255,1484,15575,50,182577
13,0.00049,172.31.46.0-255,66,15641,50,182577
14,0.000497,74.125.24.0-255,2902,18543,50,182577
15,0.000499,172.31.46.0-255,66,18609,50,182577
16,0.000503,74.125.24.0-255,1484,20093,50,182577
17,0.000504,172.31.46.0-255,66,20159,50,182577
18,0.00053,74.125.24.0-255,4320,24479,50,182577
19,0.000532,172.31.46.0-255,66,24545,50,182577
20,0.000538,74.125.24.0-255,4320,28865,50,182577
21,0.00054,172.31.46.0-255,66,28931,50,182577
22,0.000569,172.31.46.0-255,66,28997,50,182577
23,0.000574,74.125.24.0-255,4320,33317,50,182577
24,0.000577,172.31.46.0-255,66,33383,50,182577
25,0.000616,172.31.46.0-255,66,33449,50,182577
26,0.000622,74.125.24.0-255,7156,40605,50,182577
27,0.000625,172.31.46.0-255,66,40671,50,182577
28,0.000645,74.125.24.0-255,5353,46024,50,182577
29,0.000647,172.31.46.0-255,66,46090,50,182577
30,0.001188,74.125.24.0-255,113,46203,50,182577
31,0.001376,74.125.24.0-255,1484,47687,50,182577
32,0.001382,172.31.46.0-255,66,47753,50,182577
33,0.001388,74.125.24.0-255,2902,50655,50,182577
34,0.001391,172.31.46.0-255,66,50721,50,182577
35,0.001417,74.125.24.0-255,4320,55041,50,182577
36,0.001419,172.31.46.0-255,66,55107,50,182577
37,0.001433,74.125.24.0-255,1484,56591,50,182577
38,0.001445,172.31.46.0-255,66,56657,50,182577
39,0.001451,74.125.24.0-255,4320,60977,50,182577
40,0.001453,172.31.46.0-255,66,61043,50,182577
41,0.001482,172.31.46.0-255,66,61109,50,182577
42,0.002063,74.125.24.0-255,1484,62593,50,182577
43,0.00207,74.125.24.0-255,2902,65495,50,182577
44,0.002074,172.31.46.0-255,66,65561,50,182577
45,0.002098,74.125.24.0-255,5738,71299,50,182577
46,0.0021,172.31.46.0-255,66,71365,50,182577
47,0.002104,74.125.24.0-255,1484,72849,50,182577
48,0.002121,74.125.24.0-255,7156,80005,50,182577
49,0.002125,172.31.46.0-255,66,80071,50,182577
50,0.002148,74.125.24.0-255,4320,84391,50,182577
51,0.00215,172.31.46.0-255,66,84457,50,182577
52,0.002153,74.125.24.0-255,1484,85941,50,182577
53,0.002202,172.31.46.0-255,66,86007,50,182577
54,0.002213,74.125.24.0-255,766,86773,50,182577
55,0.002266,74.125.24.0-255,1484,88257,50,182577
56,0.002268,172.31.46.0-255,66,88323,50,182577
57,0.002272,74.125.24.0-255,2902,91225,50,182577
58,0.002275,172.31.46.0-255,66,91291,50,182577
59,0.00228,74.125.24.0-255,4320,95611,50,182577
60,0.002283,172.31.46.0-255,66,95677,50,182577
61,0.002307,74.125.24.0-255,7156,102833,50,182577
62,0.002309,172.31.46.0-255,66,102899,50,182577
63,0.002326,74.125.24.0-255,1484,104383,50,182577
64,0.002338,74.125.24.0-255,4320,108703,50,182577
65,0.002341,172.31.46.0-255,66,108769,50,182577
66,0.002367,172.31.46.0-255,66,108835,50,182577
67,0.002378,172.31.46.0-255,66,108901,50,182577
68,0.002398,74.125.24.0-255,6438,115339,50,182577
69,0.0024,172.31.46.0-255,66,115405,50,182577
70,0.004717,74.125.24.0-255,5738,121143,50,182577
71,0.004721,172.31.46.0-255,66,121209,50,182577
72,0.007068,74.125.24.0-255,5738,126947,50,182577
73,0.007076,172.31.46.0-255,66,127013,50,182577
74,0.009396,74.125.24.0-255,5738,132751,50,182577
75,0.009403,172.31.46.0-255,66,132817,50,182577
76,0.011737,74.125.24.0-255,5738,138555,50,182577
77,0.011746,172.31.46.0-255,66,138621,50,182577
78,0.014071,74.125.24.0-255,5738,144359,50,182577
79,0.014079,172.31.46.0-255,66,144425,50,182577
80,0.016407,74.125.24.0-255,5738,150163,50,182577
81,0.016417,172.31.46.0-255,66,150229,50,182577
82,0.018737,74.125.24.0-255,5738,155967,50,182577
83,0.018746,172.31.46.0-255,66,156033,50,182577
84,0.021088,74.125.24.0-255,5738,161771,50,182577
85,0.021096,172.31.46.0-255,66,161837,50,182577
86,0.023413,74.125.24.0-255,5738,167575,50,182577
87,0.023419,172.31.46.0-255,66,167641,50,182577
88,0.024548,172.31.46.0-255,172,167813,50,182577
89,0.024581,172.31.46.0-255,1112,168925,50,182577
90,0.02464,172.31.46.0-255,1514,170439,50,182577
91,0.024641,172.31.46.0-255,332,170771,50,182577
92,0.025747,74.125.24.0-255,5738,176509,50,182577
93,0.025754,172.31.46.0-255,66,176575,50,182577
94,0.026104,104.244.42.0-255,66,176641,50,182577
95,0.026139,104.244.42.0-255,66,176707,50,182577
96,0.026165,104.244.42.0-255,66,176773,50,182577
97,0.028126,74.125.24.0-255,5738,182511,50,182577
98,0.028134,172.31.46.0-255,66,182577,50,182577
99,0.0,74.125.68.0-255,153,153,50,336036
100,1.6e-05,172.31.46.0-255,66,219,50,336036
101,3.6e-05,74.125.68.0-255,1484,1703,50,336036
102,4.1e-05,172.31.46.0-255,66,1769,50,336036
103,6.2e-05,74.125.68.0-255,2902,4671,50,336036
104,6.5e-05,172.31.46.0-255,66,4737,50,336036
105,7e-05,74.125.68.0-255,2902,7639,50,336036
106,7.2e-05,172.31.46.0-255,66,7705,50,336036
107,0.000103,74.125.68.0-255,2902,10607,50,336036
108,0.000106,172.31.46.0-255,66,10673,50,336036
109,0.000112,74.125.68.0-255,3506,14179,50,336036
110,0.000114,172.31.46.0-255,66,14245,50,336036
111,0.000119,74.125.68.0-255,4320,18565,50,336036
112,0.000122,172.31.46.0-255,66,18631,50,336036
113,0.000124,74.125.68.0-255,1484,20115,50,336036
114,0.000127,172.31.46.0-255,66,20181,50,336036
115,0.000153,74.125.68.0-255,2902,23083,50,336036
116,0.000156,172.31.46.0-255,66,23149,50,336036
117,0.000179,74.125.68.0-255,5738,28887,50,336036
118,0.000182,172.31.46.0-255,66,28953,50,336036
119,0.000202,74.125.68.0-255,2543,31496,50,336036
120,0.000205,172.31.46.0-255,66,31562,50,336036
121,0.000332,74.125.68.0-255,1484,33046,50,336036
122,0.000336,172.31.46.0-255,66,33112,50,336036
123,0.00034,74.125.68.0-255,1484,34596,50,336036
124,0.000342,172.31.46.0-255,66,34662,50,336036
125,0.000347,74.125.68.0-255,2902,37564,50,336036
126,0.00035,172.31.46.0-255,66,37630,50,336036
127,0.000375,74.125.68.0-255,5738,43368,50,336036
128,0.000377,172.31.46.0-255,66,43434,50,336036
129,0.00038,74.125.68.0-255,1484,44918,50,336036
130,0.000382,172.31.46.0-255,66,44984,50,336036
131,0.000413,74.125.68.0-255,3961,48945,50,336036
132,0.000416,172.31.46.0-255,66,49011,50,336036
133,0.000423,74.125.68.0-255,5738,54749,50,336036
134,0.000425,172.31.46.0-255,66,54815,50,336036
135,0.00045,74.125.68.0-255,2902,57717,50,336036
136,0.000452,172.31.46.0-255,66,57783,50,336036
137,0.00047,74.125.68.0-255,2902,60685,50,336036
138,0.000472,172.31.46.0-255,66,60751,50,336036
139,0.000504,74.125.68.0-255,5653,66404,50,336036
140,0.000508,172.31.46.0-255,66,66470,50,336036
141,0.000511,74.125.68.0-255,131,66601,50,336036
142,0.000606,74.125.68.0-255,1484,68085,50,336036
143,0.000609,74.125.68.0-255,1484,69569,50,336036
144,0.000613,172.31.46.0-255,66,69635,50,336036
145,0.000622,74.125.68.0-255,1484,71119,50,336036
146,0.000625,172.31.46.0-255,66,71185,50,336036
147,0.000639,74.125.68.0-255,2902,74087,50,336036
148,0.000642,172.31.46.0-255,66,74153,50,336036
149,0.000645,74.125.68.0-255,1484,75637,50,336036
150,0.000661,74.125.68.0-255,2902,78539,50,336036
151,0.000664,172.31.46.0-255,66,78605,50,336036
152,0.000667,74.125.68.0-255,1484,80089,50,336036
153,0.000693,74.125.68.0-255,7156,87245,50,336036
154,0.000696,172.31.46.0-255,66,87311,50,336036
155,0.000699,74.125.68.0-255,1484,88795,50,336036
156,0.000714,74.125.68.0-255,1484,90279,50,336036
157,0.000717,172.31.46.0-255,66,90345,50,336036
158,0.000735,74.125.68.0-255,7156,97501,50,336036
159,0.000737,172.31.46.0-255,66,97567,50,336036
160,0.00076,74.125.68.0-255,2902,100469,50,336036
161,0.000763,172.31.46.0-255,66,100535,50,336036
162,0.000766,74.125.68.0-255,467,101002,50,336036
163,0.000821,74.125.68.0-255,1484,102486,50,336036
164,0.000824,172.31.46.0-255,66,102552,50,336036
165,0.000831,74.125.68.0-255,2902,105454,50,336036
166,0.000834,172.31.46.0-255,66,105520,50,336036
167,0.000853,74.125.68.0-255,4320,109840,50,336036
168,0.000856,172.31.46.0-255,66,109906,50,336036
169,0.000882,74.125.68.0-255,1484,111390,50,336036
170,0.00089,74.125.68.0-255,7156,118546,50,336036
171,0.000893,172.31.46.0-255,66,118612,50,336036
172,0.0009,74.125.68.0-255,7156,125768,50,336036
173,0.000903,172.31.46.0-255,66,125834,50,336036
174,0.000928,74.125.68.0-255,7156,132990,50,336036
175,0.000931,172.31.46.0-255,66,133056,50,336036
176,0.000952,74.125.68.0-255,2184,135240,50,336036
177,0.000954,172.31.46.0-255,66,135306,50,336036
178,0.000968,74.125.68.0-255,2902,138208,50,336036
179,0.00097,172.31.46.0-255,66,138274,50,336036
180,0.001003,74.125.68.0-255,4320,142594,50,336036
181,0.001008,172.31.46.0-255,66,142660,50,336036
182,0.001022,74.125.68.0-255,4320,146980,50,336036
183,0.001025,172.31.46.0-255,66,147046,50,336036
184,0.001053,74.125.68.0-255,1484,148530,50,336036
185,0.001066,74.125.68.0-255,2902,151432,50,336036
186,0.001077,74.125.68.0-255,4320,155752,50,336036
187,0.001089,172.31.46.0-255,66,155818,50,336036
188,0.001097,74.125.68.0-255,3602,159420,50,336036
189,0.001101,172.31.46.0-255,66,159486,50,336036
190,0.001156,74.125.68.0-255,1484,160970,50,336036
191,0.001169,74.125.68.0-255,2902,163872,50,336036
192,0.001172,172.31.46.0-255,66,163938,50,336036
193,0.001189,74.125.68.0-255,1484,165422,50,336036
194,0.001203,74.125.68.0-255,4320,169742,50,336036
195,0.001212,172.31.46.0-255,66,169808,50,336036
196,0.001258,74.125.68.0-255,4320,174128,50,336036
197,0.001272,74.125.68.0-255,2902,177030,50,336036
198,0.001289,172.31.46.0-255,66,177096,50,336036
199,0.001295,74.125.68.0-255,5738,182834,50,336036
200,0.001303,172.31.46.0-255,66,182900,50,336036
201,0.001306,74.125.68.0-255,2184,185084,50,336036
202,0.001325,172.31.46.0-255,66,185150,50,336036
203,0.001343,74.125.68.0-255,2902,188052,50,336036
204,0.001353,172.31.46.0-255,66,188118,50,336036
205,0.001366,74.125.68.0-255,4320,192438,50,336036
206,0.001382,74.125.68.0-255,2902,195340,50,336036
207,0.001388,172.31.46.0-255,66,195406,50,336036
208,0.001419,74.125.68.0-255,5738,201144,50,336036
209,0.001427,74.125.68.0-255,5738,206882,50,336036
210,0.001433,74.125.68.0-255,7156,214038,50,336036
211,0.001462,74.125.68.0-255,5020,219058,50,336036
212,0.001632,74.125.68.0-255,1484,220542,50,336036
213,0.001653,74.125.68.0-255,2902,223444,50,336036
214,0.001659,74.125.68.0-255,4320,227764,50,336036
215,0.001704,74.125.68.0-255,5738,233502,50,336036
216,0.001707,74.125.68.0-255,1484,234986,50,336036
217,0.001723,74.125.68.0-255,5738,240724,50,336036
218,0.001749,74.125.68.0-255,1484,242208,50,336036
219,0.002149,74.125.68.0-255,1484,243692,50,336036
220,0.002154,74.125.68.0-255,1484,245176,50,336036
221,0.00217,74.125.68.0-255,1484,246660,50,336036
222,0.002184,74.125.68.0-255,5738,252398,50,336036
223,0.002208,74.125.68.0-255,4320,256718,50,336036
224,0.002226,74.125.68.0-255,4320,261038,50,336036
225,0.002233,74.125.68.0-255,5738,266776,50,336036
226,0.002251,74.125.68.0-255,4320,271096,50,336036
227,0.002254,74.125.68.0-255,1484,272580,50,336036
228,0.002272,74.125.68.0-255,3602,276182,50,336036
229,0.002344,74.125.68.0-255,1484,277666,50,336036
230,0.005827,172.31.46.0-255,66,277732,50,336036
231,0.008159,74.125.68.0-255,5738,283470,50,336036
232,0.008167,172.31.46.0-255,66,283536,50,336036
233,0.010505,74.125.68.0-255,5738,289274,50,336036
234,0.010513,172.31.46.0-255,66,289340,50,336036
235,0.012852,74.125.68.0-255,5738,295078,50,336036
236,0.012867,172.31.46.0-255,66,295144,50,336036
237,0.015214,74.125.68.0-255,5738,300882,50,336036
238,0.015226,172.31.46.0-255,66,300948,50,336036
239,0.017594,74.125.68.0-255,5738,306686,50,336036
240,0.017606,172.31.46.0-255,66,306752,50,336036
241,0.019956,74.125.68.0-255,5738,312490,50,336036
242,0.019975,172.31.46.0-255,66,312556,50,336036
243,0.022328,74.125.68.0-255,5738,318294,50,336036
244,0.022342,172.31.46.0-255,66,318360,50,336036
245,0.024678,74.125.68.0-255,5738,324098,50,336036
246,0.024695,172.31.46.0-255,66,324164,50,336036
247,0.027021,74.125.68.0-255,2902,327066,50,336036
248,0.027031,172.31.46.0-255,66,327132,50,336036
249,0.027054,74.125.68.0-255,2902,330034,50,336036
250,0.027058,172.31.46.0-255,66,330100,50,336036
251,0.029356,74.125.68.0-255,2902,333002,50,336036
252,0.029363,172.31.46.0-255,66,333068,50,336036
253,0.029388,74.125.68.0-255,2902,335970,50,336036
254,0.029391,172.31.46.0-255,66,336036,50,336036
255,0.0,172.217.194.0-255,153,153,50,204077
256,2.6e-05,172.31.46.0-255,66,219,50,204077
257,3.3e-05,172.217.194.0-255,1484,1703,50,204077
258,3.7e-05,172.31.46.0-255,66,1769,50,204077
259,4.3e-05,172.217.194.0-255,2902,4671,50,204077
260,4.7e-05,172.31.46.0-255,66,4737,50,204077
261,5.5e-05,172.217.194.0-255,7156,11893,50,204077
262,5.9e-05,172.31.46.0-255,66,11959,50,204077
263,8.1e-05,172.217.194.0-255,4320,16279,50,204077
264,8.4e-05,172.31.46.0-255,66,16345,50,204077
265,0.000116,172.31.46.0-255,66,16411,50,204077
266,0.000124,172.217.194.0-255,6797,23208,50,204077
267,0.000126,172.31.46.0-255,66,23274,50,204077
268,0.000166,172.217.194.0-255,1484,24758,50,204077
269,0.000168,172.31.46.0-255,66,24824,50,204077
270,0.000188,172.217.194.0-255,2902,27726,50,204077
271,0.00019,172.31.46.0-255,66,27792,50,204077
272,0.000197,172.217.194.0-255,5738,33530,50,204077
273,0.000199,172.31.46.0-255,66,33596,50,204077
274,0.000224,172.217.194.0-255,4320,37916,50,204077
275,0.000227,172.31.46.0-255,66,37982,50,204077
276,0.000245,172.217.194.0-255,2543,40525,50,204077
277,0.000247,172.31.46.0-255,66,40591,50,204077
278,0.000255,172.217.194.0-255,7156,47747,50,204077
279,0.000257,172.31.46.0-255,66,47813,50,204077
280,0.000278,172.217.194.0-255,1484,49297,50,204077
281,0.000281,172.31.46.0-255,66,49363,50,204077
282,0.000311,172.31.46.0-255,66,49429,50,204077
283,0.000647,172.217.194.0-255,646,50075,50,204077
284,0.000653,172.31.46.0-255,66,50141,50,204077
285,0.000939,172.217.194.0-255,1484,51625,50,204077
286,0.000944,172.217.194.0-255,2902,54527,50,204077
287,0.000962,172.31.46.0-255,66,54593,50,204077
288,0.000974,172.217.194.0-255,5738,60331,50,204077
289,0.000977,172.217.194.0-255,1484,61815,50,204077
290,0.000982,172.31.46.0-255,66,61881,50,204077
291,0.001013,172.31.46.0-255,66,61947,50,204077
292,0.001033,172.217.194.0-255,1484,63431,50,204077
293,0.001071,172.31.46.0-255,66,63497,50,204077
294,0.001085,172.217.194.0-255,1484,64981,50,204077
295,0.001107,172.217.194.0-255,3412,68393,50,204077
296,0.001115,172.31.46.0-255,66,68459,50,204077
297,0.001195,172.217.194.0-255,1484,69943,50,204077
298,0.001201,172.217.194.0-255,2902,72845,50,204077
299,0.001213,172.217.194.0-255,1484,74329,50,204077
300,0.00124,172.217.194.0-255,4320,78649,50,204077
301,0.001248,172.217.194.0-255,7156,85805,50,204077
302,0.001255,172.31.46.0-255,66,85871,50,204077
303,0.001294,172.217.194.0-255,2184,88055,50,204077
304,0.001301,172.31.46.0-255,66,88121,50,204077
305,0.001626,172.217.194.0-255,1484,89605,50,204077
306,0.001656,172.217.194.0-255,2902,92507,50,204077
307,0.001659,172.31.46.0-255,66,92573,50,204077
308,0.001667,172.217.194.0-255,5738,98311,50,204077
309,0.00167,172.217.194.0-255,1484,99795,50,204077
310,0.001682,172.31.46.0-255,66,99861,50,204077
311,0.001708,172.217.194.0-255,1484,101345,50,204077
312,0.001722,172.31.46.0-255,66,101411,50,204077
313,0.001786,172.217.194.0-255,5738,107149,50,204077
314,0.001804,172.217.194.0-255,3602,110751,50,204077
315,0.001811,172.31.46.0-255,66,110817,50,204077
316,0.001858,172.217.194.0-255,1484,112301,50,204077
317,0.001864,172.217.194.0-255,2902,115203,50,204077
318,0.001867,172.31.46.0-255,66,115269,50,204077
319,0.001874,172.217.194.0-255,5738,121007,50,204077
320,0.001879,172.31.46.0-255,66,121073,50,204077
321,0.001903,172.217.194.0-255,4320,125393,50,204077
322,0.001923,172.31.46.0-255,66,125459,50,204077
323,0.001927,172.31.46.0-255,66,125525,50,204077
324,0.00199,172.31.46.0-255,66,125591,50,204077
325,0.002032,172.217.194.0-255,1484,127075,50,204077
326,0.002039,172.217.194.0-255,2902,129977,50,204077
327,0.002043,172.217.194.0-255,2902,132879,50,204077
328,0.002051,172.31.46.0-255,66,132945,50,204077
329,0.002065,172.217.194.0-255,2902,135847,50,204077
330,0.002091,172.217.194.0-255,4320,140167,50,204077
331,0.002094,172.217.194.0-255,1484,141651,50,204077
332,0.002099,172.31.46.0-255,66,141717,50,204077
333,0.002124,172.217.194.0-255,2902,144619,50,204077
334,0.00216,172.217.194.0-255,7156,151775,50,204077
335,0.007576,172.31.46.0-255,66,151841,50,204077
336,0.009799,172.217.194.0-255,5738,157579,50,204077
337,0.009813,172.31.46.0-255,66,157645,50,204077
338,0.012031,172.217.194.0-255,5738,163383,50,204077
339,0.012043,172.31.46.0-255,66,163449,50,204077
340,0.014278,172.217.194.0-255,5738,169187,50,204077
341,0.014611,172.31.46.0-255,66,169253,50,204077
342,0.016847,172.217.194.0-255,5738,174991,50,204077
343,0.016863,172.31.46.0-255,66,175057,50,204077
344,0.019092,172.217.194.0-255,5738,180795,50,204077
345,0.01911,172.31.46.0-255,66,180861,50,204077
346,0.021349,172.217.194.0-255,5738,186599,50,204077
347,0.021367,172.31.46.0-255,66,186665,50,204077
348,0.023571,172.217.194.0-255,5738,192403,50,204077
349,0.02358,172.31.46.0-255,66,192469,50,204077
350,0.025792,172.217.194.0-255,5738,198207,50,204077
351,0.025803,172.31.46.0-255,66,198273,50,204077
352,0.028057,172.217.194.0-255,5738,204011,50,204077
353,0.02807,172.31.46.0-255,66,204077,50,204077
354,0.0,172.217.194.0-255,152,152,50,234891
355,1.9e-05,172.31.46.0-255,66,218,50,234891
356,2.5e-05,172.217.194.0-255,1484,1702,50,234891
357,3e-05,172.31.46.0-255,66,1768,50,234891
358,4.3e-05,172.217.194.0-255,2902,4670,50,234891
359,4.7e-05,172.31.46.0-255,66,4736,50,234891
360,5.4e-05,172.217.194.0-255,5738,10474,50,234891
361,5.7e-05,172.31.46.0-255,66,10540,50,234891
362,6.4e-05,172.217.194.0-255,5738,16278,50,234891
363,6.7e-05,172.31.46.0-255,66,16344,50,234891
364,0.000105,172.217.194.0-255,1939,18283,50,234891
365,0.000108,172.31.46.0-255,66,18349,50,234891
366,0.00012,172.31.46.0-255,66,18415,50,234891
367,0.000123,172.217.194.0-255,1484,19899,50,234891
368,0.000126,172.31.46.0-255,66,19965,50,234891
369,0.000153,172.217.194.0-255,2543,22508,50,234891
370,0.000155,172.31.46.0-255,66,22574,50,234891
371,0.000222,172.217.194.0-255,1484,24058,50,234891
372,0.000226,172.31.46.0-255,66,24124,50,234891
373,0.000231,172.217.194.0-255,2902,27026,50,234891
374,0.000233,172.31.46.0-255,66,27092,50,234891
375,0.000244,172.217.194.0-255,5738,32830,50,234891
376,0.000247,172.31.46.0-255,66,32896,50,234891
377,0.000252,172.217.194.0-255,4320,37216,50,234891
378,0.000254,172.31.46.0-255,66,37282,50,234891
379,0.000282,172.217.194.0-255,2543,39825,50,234891
380,0.000285,172.31.46.0-255,66,39891,50,234891
381,0.000391,172.217.194.0-255,1484,41375,50,234891
382,0.000396,172.31.46.0-255,66,41441,50,234891
383,0.000401,172.217.194.0-255,2902,44343,50,234891
384,0.000404,172.31.46.0-255,66,44409,50,234891
385,0.000415,172.217.194.0-255,5738,50147,50,234891
386,0.000418,172.31.46.0-255,66,50213,50,234891
387,0.000456,172.217.194.0-255,4320,54533,50,234891
388,0.000459,172.31.46.0-255,66,54599,50,234891
389,0.000478,172.217.194.0-255,2543,57142,50,234891
390,0.00048,172.31.46.0-255,66,57208,50,234891
391,0.00052,172.217.194.0-255,1484,58692,50,234891
392,0.000524,172.217.194.0-255,1484,60176,50,234891
393,0.00054,172.31.46.0-255,66,60242,50,234891
394,0.000561,172.217.194.0-255,1484,61726,50,234891
395,0.000569,172.217.194.0-255,5738,67464,50,234891
396,0.000572,172.31.46.0-255,66,67530,50,234891
397,0.000576,172.217.194.0-255,2902,70432,50,234891
398,0.000578,172.31.46.0-255,66,70498,50,234891
399,0.000599,172.217.194.0-255,2902,73400,50,234891
400,0.000602,172.31.46.0-255,66,73466,50,234891
401,0.000643,172.31.46.0-255,66,73532,50,234891
402,0.000653,172.31.46.0-255,66,73598,50,234891
403,0.000681,172.217.194.0-255,1125,74723,50,234891
404,0.000889,172.217.194.0-255,1484,76207,50,234891
405,0.000894,172.31.46.0-255,66,76273,50,234891
406,0.0009,172.217.194.0-255,2902,79175,50,234891
407,0.000903,172.31.46.0-255,66,79241,50,234891
408,0.00091,172.217.194.0-255,5738,84979,50,234891
409,0.000917,172.31.46.0-255,66,85045,50,234891
410,0.000921,172.217.194.0-255,2902,87947,50,234891
411,0.000923,172.31.46.0-255,66,88013,50,234891
412,0.000962,172.31.46.0-255,66,88079,50,234891
413,0.000987,172.217.194.0-255,1484,89563,50,234891
414,0.001001,172.31.46.0-255,66,89629,50,234891
415,0.00109,172.217.194.0-255,1484,91113,50,234891
416,0.001107,172.217.194.0-255,2902,94015,50,234891
417,0.001109,172.31.46.0-255,66,94081,50,234891
418,0.001115,172.217.194.0-255,5738,99819,50,234891
419,0.001118,172.31.46.0-255,66,99885,50,234891
420,0.001152,172.217.194.0-255,5738,105623,50,234891
421,0.001155,172.31.46.0-255,66,105689,50,234891
422,0.001166,172.31.46.0-255,66,105755,50,234891
423,0.001192,172.217.194.0-255,4320,110075,50,234891
424,0.001195,172.31.46.0-255,66,110141,50,234891
425,0.001201,172.217.194.0-255,5020,115161,50,234891
426,0.001203,172.31.46.0-255,66,115227,50,234891
427,0.001531,172.217.194.0-255,1484,116711,50,234891
428,0.001551,172.217.194.0-255,2902,119613,50,234891
429,0.001554,172.31.46.0-255,66,119679,50,234891
430,0.001558,172.217.194.0-255,1484,121163,50,234891
431,0.001588,172.217.194.0-255,4320,125483,50,234891
432,0.001591,172.31.46.0-255,66,125549,50,234891
433,0.00164,172.217.194.0-255,7156,132705,50,234891
434,0.001643,172.31.46.0-255,66,132771,50,234891
435,0.001675,172.217.194.0-255,5738,138509,50,234891
436,0.001677,172.31.46.0-255,66,138575,50,234891
437,0.001694,172.31.46.0-255,66,138641,50,234891
438,0.001831,172.217.194.0-255,1484,140125,50,234891
439,0.001836,172.217.194.0-255,2902,143027,50,234891
440,0.001838,172.31.46.0-255,66,143093,50,234891
441,0.001863,172.217.194.0-255,5738,148831,50,234891
442,0.001866,172.31.46.0-255,66,148897,50,234891
443,0.001903,172.31.46.0-255,66,148963,50,234891
444,0.001911,172.217.194.0-255,7156,156119,50,234891
445,0.001914,172.31.46.0-255,66,156185,50,234891
446,0.001941,172.217.194.0-255,1484,157669,50,234891
447,0.001964,172.217.194.0-255,2184,159853,50,234891
448,0.001995,172.217.194.0-255,1484,161337,50,234891
449,0.001999,172.217.194.0-255,2902,164239,50,234891
450,0.00201,172.217.194.0-255,1484,165723,50,234891
451,0.002025,172.217.194.0-255,4320,170043,50,234891
452,0.002061,172.217.194.0-255,5738,175781,50,234891
453,0.002138,172.217.194.0-255,5738,181519,50,234891
454,0.002157,172.217.194.0-255,7156,188675,50,234891
455,0.00216,172.217.194.0-255,1484,190159,50,234891
456,0.002174,172.217.194.0-255,3602,193761,50,234891
457,0.00218,172.217.194.0-255,5738,199499,50,234891
458,0.002211,172.217.194.0-255,2902,202401,50,234891
459,0.002247,172.217.194.0-255,1484,203885,50,234891
460,0.002282,172.217.194.0-255,5738,209623,50,234891
461,0.002284,172.217.194.0-255,1484,211107,50,234891
462,0.002307,172.217.194.0-255,6438,217545,50,234891
463,0.002322,172.217.194.0-255,7156,224701,50,234891
464,0.002363,172.217.194.0-255,5738,230439,50,234891
465,0.002399,172.217.194.0-255,1484,231923,50,234891
466,0.002449,172.217.194.0-255,2626,234549,50,234891
467,0.002473,172.217.194.0-255,105,234654,50,234891
468,0.004336,172.31.46.0-255,66,234720,50,234891
469,0.007184,172.31.46.0-255,105,234825,50,234891
470,0.009717,172.217.194.0-255,66,234891,50,234891
471,0.0,172.253.118.0-255,142,142,50,192561
472,3.4e-05,172.31.46.0-255,66,208,50,192561
473,4e-05,172.253.118.0-255,1484,1692,50,192561
474,4.5e-05,172.31.46.0-255,66,1758,50,192561
475,4.9e-05,172.253.118.0-255,2902,4660,50,192561
476,5.1e-05,172.31.46.0-255,66,4726,50,192561
477,5.9e-05,172.253.118.0-255,7156,11882,50,192561
478,6.2e-05,172.31.46.0-255,66,11948,50,192561
479,6.7e-05,172.253.118.0-255,4927,16875,50,192561
480,7e-05,172.31.46.0-255,66,16941,50,192561
481,0.000114,172.31.46.0-255,66,17007,50,192561
482,0.000294,172.253.118.0-255,1484,18491,50,192561
483,0.000298,172.31.46.0-255,66,18557,50,192561
484,0.000306,172.253.118.0-255,2902,21459,50,192561
485,0.000308,172.31.46.0-255,66,21525,50,192561
486,0.00032,172.253.118.0-255,1484,23009,50,192561
487,0.000323,172.31.46.0-255,66,23075,50,192561
488,0.000347,172.253.118.0-255,4320,27395,50,192561
489,0.00035,172.31.46.0-255,66,27461,50,192561
490,0.000366,172.253.118.0-255,4320,31781,50,192561
491,0.000369,172.31.46.0-255,66,31847,50,192561
492,0.000409,172.253.118.0-255,2543,34390,50,192561
493,0.000413,172.31.46.0-255,66,34456,50,192561
494,0.00042,172.253.118.0-255,7156,41612,50,192561
495,0.000423,172.31.46.0-255,66,41678,50,192561
496,0.000434,172.31.46.0-255,66,41744,50,192561
497,0.000485,172.253.118.0-255,135,41879,50,192561
498,0.000489,172.31.46.0-255,66,41945,50,192561
499,0.000621,172.253.118.0-255,1484,43429,50,192561
500,0.000625,172.31.46.0-255,66,43495,50,192561
501,0.00063,172.253.118.0-255,2902,46397,50,192561
502,0.000633,172.31.46.0-255,66,46463,50,192561
503,0.000636,172.253.118.0-255,1484,47947,50,192561
504,0.000654,172.253.118.0-255,4320,52267,50,192561
505,0.000658,172.31.46.0-255,66,52333,50,192561
506,0.000661,172.253.118.0-255,1484,53817,50,192561
507,0.000678,172.253.118.0-255,7156,60973,50,192561
508,0.000681,172.31.46.0-255,66,61039,50,192561
509,0.000719,172.253.118.0-255,5738,66777,50,192561
510,0.000725,172.31.46.0-255,66,66843,50,192561
511,0.000754,172.31.46.0-255,66,66909,50,192561
512,0.001506,172.253.118.0-255,1484,68393,50,192561
513,0.001515,172.253.118.0-255,2902,71295,50,192561
514,0.00152,172.31.46.0-255,66,71361,50,192561
515,0.001527,172.253.118.0-255,4320,75681,50,192561
516,0.001529,172.31.46.0-255,66,75747,50,192561
517,0.001549,172.253.118.0-255,1484,77231,50,192561
518,0.00156,172.31.46.0-255,66,77297,50,192561
519,0.001583,172.253.118.0-255,2902,80199,50,192561
520,0.001585,172.31.46.0-255,66,80265,50,192561
521,0.001597,172.31.46.0-255,66,80331,50,192561
522,0.001833,172.253.118.0-255,1484,81815,50,192561
523,0.001841,172.253.118.0-255,2902,84717,50,192561
524,0.001845,172.31.46.0-255,66,84783,50,192561
525,0.001904,172.253.118.0-255,2902,87685,50,192561
526,0.001908,172.31.46.0-255,66,87751,50,192561
527,0.00193,172.253.118.0-255,1484,89235,50,192561
528,0.001936,172.253.118.0-255,5738,94973,50,192561
529,0.001938,172.31.46.0-255,66,95039,50,192561
530,0.001949,172.31.46.0-255,66,95105,50,192561
531,0.001957,172.31.46.0-255,66,95171,50,192561
532,0.001981,172.253.118.0-255,5738,100909,50,192561
533,0.001983,172.31.46.0-255,66,100975,50,192561
534,0.002004,172.31.46.0-255,66,101041,50,192561
535,0.002021,172.253.118.0-255,1484,102525,50,192561
536,0.002035,172.253.118.0-255,5738,108263,50,192561
537,0.002038,172.31.46.0-255,66,108329,50,192561
538,0.00206,172.31.46.0-255,66,108395,50,192561
539,0.002479,172.253.118.0-255,1484,109879,50,192561
540,0.002492,172.253.118.0-255,2902,112781,50,192561
541,0.002495,172.31.46.0-255,66,112847,50,192561
542,0.002499,172.253.118.0-255,2902,115749,50,192561
543,0.002502,172.31.46.0-255,66,115815,50,192561
544,0.002513,172.253.118.0-255,2902,118717,50,192561
545,0.002516,172.31.46.0-255,66,118783,50,192561
546,0.002532,172.253.118.0-255,5738,124521,50,192561
547,0.002534,172.31.46.0-255,66,124587,50,192561
548,0.002559,172.253.118.0-255,7156,131743,50,192561
549,0.002561,172.31.46.0-255,66,131809,50,192561
550,0.00257,172.31.46.0-255,66,131875,50,192561
551,0.002591,172.253.118.0-255,2184,134059,50,192561
552,0.002593,172.31.46.0-255,66,134125,50,192561
553,0.005083,172.253.118.0-255,2902,137027,50,192561
554,0.005089,172.31.46.0-255,66,137093,50,192561
555,0.00514,172.253.118.0-255,2902,139995,50,192561
556,0.005143,172.31.46.0-255,66,140061,50,192561
557,0.007634,172.253.118.0-255,2902,142963,50,192561
558,0.007638,172.31.46.0-255,66,143029,50,192561
559,0.007675,172.253.118.0-255,2902,145931,50,192561
560,0.007678,172.31.46.0-255,66,145997,50,192561
561,0.010192,172.253.118.0-255,2902,148899,50,192561
562,0.010199,172.31.46.0-255,66,148965,50,192561
563,0.010225,172.253.118.0-255,2902,151867,50,192561
564,0.010229,172.31.46.0-255,66,151933,50,192561
565,0.012768,172.253.118.0-255,5738,157671,50,192561
566,0.012775,172.31.46.0-255,66,157737,50,192561
567,0.015317,172.253.118.0-255,5738,163475,50,192561
568,0.015328,172.31.46.0-255,66,163541,50,192561
569,0.017901,172.253.118.0-255,5738,169279,50,192561
570,0.017916,172.31.46.0-255,66,169345,50,192561
571,0.020471,172.253.118.0-255,5738,175083,50,192561
572,0.020486,172.31.46.0-255,66,175149,50,192561
573,0.023051,172.253.118.0-255,5738,180887,50,192561
574,0.023067,172.31.46.0-255,66,180953,50,192561
575,0.025632,172.253.118.0-255,5738,186691,50,192561
576,0.025646,172.31.46.0-255,66,186757,50,192561
577,0.028205,172.253.118.0-255,5738,192495,50,192561
578,0.028219,172.31.46.0-255,66,192561,50,192561
579,0.0,74.125.24.0-255,153,153,50,168384
580,1.6e-05,172.31.46.0-255,66,219,50,168384
581,2.2e-05,74.125.24.0-255,1484,1703,50,168384
582,2.6e-05,172.31.46.0-255,66,1769,50,168384
583,3.1e-05,74.125.24.0-255,2902,4671,50,168384
584,3.4e-05,172.31.46.0-255,66,4737,50,168384
585,4.1e-05,74.125.24.0-255,7156,11893,50,168384
586,4.4e-05,172.31.46.0-255,66,11959,50,168384
587,4.7e-05,74.125.24.0-255,2053,14012,50,168384
588,4.9e-05,172.31.46.0-255,66,14078,50,168384
589,0.00042,74.125.24.0-255,1484,15562,50,168384
590,0.000425,172.31.46.0-255,66,15628,50,168384
591,0.000432,74.125.24.0-255,2902,18530,50,168384
592,0.000435,172.31.46.0-255,66,18596,50,168384
593,0.000441,74.125.24.0-255,5738,24334,50,168384
594,0.000443,172.31.46.0-255,66,24400,50,168384
595,0.00046,74.125.24.0-255,2902,27302,50,168384
596,0.000462,172.31.46.0-255,66,27368,50,168384
597,0.000486,74.125.24.0-255,3961,31329,50,168384
598,0.000489,172.31.46.0-255,66,31395,50,168384
599,0.00075,74.125.24.0-255,1484,32879,50,168384
600,0.000755,172.31.46.0-255,66,32945,50,168384
601,0.000762,74.125.24.0-255,2902,35847,50,168384
602,0.000765,172.31.46.0-255,66,35913,50,168384
603,0.000771,74.125.24.0-255,5738,41651,50,168384
604,0.000773,172.31.46.0-255,66,41717,50,168384
605,0.000807,74.125.24.0-255,2902,44619,50,168384
606,0.00081,172.31.46.0-255,66,44685,50,168384
607,0.000837,172.31.46.0-255,66,44751,50,168384
608,0.000844,74.125.24.0-255,7156,51907,50,168384
609,0.000847,172.31.46.0-255,66,51973,50,168384
610,0.000861,74.125.24.0-255,5379,57352,50,168384
611,0.000863,172.31.46.0-255,66,57418,50,168384
612,0.001479,74.125.24.0-255,645,58063,50,168384
613,0.001509,172.31.46.0-255,66,58129,50,168384
614,0.001612,74.125.24.0-255,1484,59613,50,168384
615,0.00162,74.125.24.0-255,2902,62515,50,168384
616,0.001624,172.31.46.0-255,66,62581,50,168384
617,0.00164,74.125.24.0-255,5738,68319,50,168384
618,0.001642,172.31.46.0-255,66,68385,50,168384
619,0.001674,74.125.24.0-255,7156,75541,50,168384
620,0.001676,172.31.46.0-255,66,75607,50,168384
621,0.001679,74.125.24.0-255,1484,77091,50,168384
622,0.001712,172.31.46.0-255,66,77157,50,168384
623,0.001714,74.125.24.0-255,1484,78641,50,168384
624,0.001727,74.125.24.0-255,766,79407,50,168384
625,0.001729,172.31.46.0-255,66,79473,50,168384
626,0.001749,74.125.24.0-255,1484,80957,50,168384
627,0.001752,74.125.24.0-255,1484,82441,50,168384
628,0.001753,172.31.46.0-255,66,82507,50,168384
629,0.001769,74.125.24.0-255,2902,85409,50,168384
630,0.001771,172.31.46.0-255,66,85475,50,168384
631,0.001774,74.125.24.0-255,1484,86959,50,168384
632,0.001801,74.125.24.0-255,4320,91279,50,168384
633,0.001803,172.31.46.0-255,66,91345,50,168384
634,0.001824,74.125.24.0-255,4320,95665,50,168384
635,0.001827,172.31.46.0-255,66,95731,50,168384
636,0.001842,172.31.46.0-255,66,95797,50,168384
637,0.004078,74.125.24.0-255,5738,101535,50,168384
638,0.004084,172.31.46.0-255,66,101601,50,168384
639,0.006304,74.125.24.0-255,5738,107339,50,168384
640,0.006308,172.31.46.0-255,66,107405,50,168384
641,0.008543,74.125.24.0-255,5738,113143,50,168384
642,0.008549,172.31.46.0-255,66,113209,50,168384
643,0.010777,74.125.24.0-255,5738,118947,50,168384
644,0.010785,172.31.46.0-255,66,119013,50,168384
645,0.01303,74.125.24.0-255,4320,123333,50,168384
646,0.013036,172.31.46.0-255,66,123399,50,168384
647,0.013051,74.125.24.0-255,1484,124883,50,168384
648,0.015258,74.125.24.0-255,4320,129203,50,168384
649,0.015267,172.31.46.0-255,66,129269,50,168384
650,0.017511,74.125.24.0-255,5738,135007,50,168384
651,0.017518,172.31.46.0-255,66,135073,50,168384
652,0.019733,74.125.24.0-255,5738,140811,50,168384
653,0.019741,172.31.46.0-255,66,140877,50,168384
654,0.021975,74.125.24.0-255,5738,146615,50,168384
655,0.021983,172.31.46.0-255,66,146681,50,168384
656,0.023236,172.31.46.0-255,172,146853,50,168384
657,0.023279,172.31.46.0-255,1113,147966,50,168384
658,0.023344,172.31.46.0-255,1514,149480,50,168384
659,0.023346,172.31.46.0-255,1294,150774,50,168384
660,0.024236,74.125.24.0-255,5738,156512,50,168384
661,0.024243,172.31.46.0-255,66,156578,50,168384
662,0.024821,104.244.42.0-255,66,156644,50,168384
663,0.024844,104.244.42.0-255,66,156710,50,168384
664,0.024888,104.244.42.0-255,66,156776,50,168384
665,0.026459,74.125.24.0-255,5738,162514,50,168384
666,0.026466,172.31.46.0-255,66,162580,50,168384
667,0.028715,74.125.24.0-255,5738,168318,50,168384
668,0.028721,172.31.46.0-255,66,168384,50,168384
669,0.0,74.125.24.0-255,297,297,50,186886
670,2.2e-05,172.31.46.0-255,66,363,50,186886
671,2.8e-05,74.125.24.0-255,1484,1847,50,186886
672,3.2e-05,172.31.46.0-255,66,1913,50,186886
673,3.8e-05,74.125.24.0-255,4320,6233,50,186886
674,4.7e-05,172.31.46.0-255,66,6299,50,186886
675,8.9e-05,172.31.46.0-255,66,6365,50,186886
676,9.3e-05,74.125.24.0-255,2902,9267,50,186886
677,9.5e-05,172.31.46.0-255,66,9333,50,186886
678,0.000132,172.31.46.0-255,66,9399,50,186886
679,0.000154,74.125.24.0-255,1484,10883,50,186886
680,0.000156,172.31.46.0-255,66,10949,50,186886
681,0.000186,74.125.24.0-255,2902,13851,50,186886
682,0.000189,172.31.46.0-255,66,13917,50,186886
683,0.000194,74.125.24.0-255,5738,19655,50,186886
684,0.000196,172.31.46.0-255,66,19721,50,186886
685,0.000198,74.125.24.0-255,1484,21205,50,186886
686,0.0002,172.31.46.0-255,66,21271,50,186886
687,0.00023,74.125.24.0-255,5379,26650,50,186886
688,0.000233,172.31.46.0-255,66,26716,50,186886
689,0.000492,74.125.24.0-255,1484,28200,50,186886
690,0.000497,172.31.46.0-255,66,28266,50,186886
691,0.000503,74.125.24.0-255,2902,31168,50,186886
692,0.000505,172.31.46.0-255,66,31234,50,186886
693,0.000515,74.125.24.0-255,5738,36972,50,186886
694,0.000518,172.31.46.0-255,66,37038,50,186886
695,0.000559,172.31.46.0-255,66,37104,50,186886
696,0.00057,172.31.46.0-255,66,37170,50,186886
697,0.000599,74.125.24.0-255,1125,38295,50,186886
698,0.000617,74.125.24.0-255,1484,39779,50,186886
699,0.00062,172.31.46.0-255,66,39845,50,186886
700,0.000649,74.125.24.0-255,4320,44165,50,186886
701,0.000652,172.31.46.0-255,66,44231,50,186886
702,0.000656,74.125.24.0-255,1484,45715,50,186886
703,0.000677,74.125.24.0-255,1484,47199,50,186886
704,0.000679,172.31.46.0-255,66,47265,50,186886
705,0.00073,74.125.24.0-255,4320,51585,50,186886
706,0.000733,172.31.46.0-255,66,51651,50,186886
707,0.00076,74.125.24.0-255,3961,55612,50,186886
708,0.000762,172.31.46.0-255,66,55678,50,186886
709,0.000842,74.125.24.0-255,1484,57162,50,186886
710,0.000876,74.125.24.0-255,1484,58646,50,186886
711,0.000879,172.31.46.0-255,66,58712,50,186886
712,0.000883,74.125.24.0-255,1484,60196,50,186886
713,0.000894,74.125.24.0-255,1484,61680,50,186886
714,0.000899,172.31.46.0-255,66,61746,50,186886
715,0.000906,74.125.24.0-255,5738,67484,50,186886
716,0.000908,172.31.46.0-255,66,67550,50,186886
717,0.000912,74.125.24.0-255,2902,70452,50,186886
718,0.000915,172.31.46.0-255,66,70518,50,186886
719,0.000943,74.125.24.0-255,4320,74838,50,186886
720,0.000946,172.31.46.0-255,66,74904,50,186886
721,0.000949,74.125.24.0-255,2902,77806,50,186886
722,0.000951,172.31.46.0-255,66,77872,50,186886
723,0.000982,172.31.46.0-255,66,77938,50,186886
724,0.000984,74.125.24.0-255,766,78704,50,186886
725,0.001586,172.31.46.0-255,66,78770,50,186886
726,0.001883,74.125.24.0-255,1484,80254,50,186886
727,0.001892,74.125.24.0-255,2902,83156,50,186886
728,0.001895,172.31.46.0-255,66,83222,50,186886
729,0.001901,74.125.24.0-255,2902,86124,50,186886
730,0.001903,172.31.46.0-255,66,86190,50,186886
731,0.001921,74.125.24.0-255,2902,89092,50,186886
732,0.001923,172.31.46.0-255,66,89158,50,186886
733,0.001931,74.125.24.0-255,2902,92060,50,186886
734,0.001933,172.31.46.0-255,66,92126,50,186886
735,0.00196,172.31.46.0-255,66,92192,50,186886
736,0.001972,172.31.46.0-255,66,92258,50,186886
737,0.001975,74.125.24.0-255,1484,93742,50,186886
738,0.002003,74.125.24.0-255,2902,96644,50,186886
739,0.002006,172.31.46.0-255,66,96710,50,186886
740,0.002012,74.125.24.0-255,5738,102448,50,186886
741,0.002013,172.31.46.0-255,66,102514,50,186886
742,0.002074,172.31.46.0-255,66,102580,50,186886
743,0.002105,172.31.46.0-255,66,102646,50,186886
744,0.002126,74.125.24.0-255,2184,104830,50,186886
745,0.002128,172.31.46.0-255,66,104896,50,186886
746,0.002323,74.125.24.0-255,1484,106380,50,186886
747,0.002345,74.125.24.0-255,2902,109282,50,186886
748,0.002348,172.31.46.0-255,66,109348,50,186886
749,0.002381,74.125.24.0-255,5738,115086,50,186886
750,0.002384,172.31.46.0-255,66,115152,50,186886
751,0.002396,172.31.46.0-255,66,115218,50,186886
752,0.002418,74.125.24.0-255,1484,116702,50,186886
753,0.002439,74.125.24.0-255,4320,121022,50,186886
754,0.002441,172.31.46.0-255,66,121088,50,186886
755,0.002473,74.125.24.0-255,6438,127526,50,186886
756,0.002475,172.31.46.0-255,66,127592,50,186886
757,0.005041,74.125.24.0-255,2902,130494,50,186886
758,0.005047,172.31.46.0-255,66,130560,50,186886
759,0.005076,74.125.24.0-255,2902,133462,50,186886
760,0.005078,172.31.46.0-255,66,133528,50,186886
761,0.007607,74.125.24.0-255,2902,136430,50,186886
762,0.007614,172.31.46.0-255,66,136496,50,186886
763,0.007643,74.125.24.0-255,2902,139398,50,186886
764,0.007646,172.31.46.0-255,66,139464,50,186886
765,0.010167,74.125.24.0-255,2902,142366,50,186886
766,0.010174,172.31.46.0-255,66,142432,50,186886
767,0.010208,74.125.24.0-255,2902,145334,50,186886
768,0.010212,172.31.46.0-255,66,145400,50,186886
769,0.012747,74.125.24.0-255,2902,148302,50,186886
770,0.012755,172.31.46.0-255,66,148368,50,186886
771,0.012787,74.125.24.0-255,2902,151270,50,186886
772,0.01279,172.31.46.0-255,66,151336,50,186886
773,0.015317,74.125.24.0-255,2902,154238,50,186886
774,0.015344,172.31.46.0-255,66,154304,50,186886
775,0.015392,74.125.24.0-255,2902,157206,50,186886
776,0.015396,172.31.46.0-255,66,157272,50,186886
777,0.017905,74.125.24.0-255,2902,160174,50,186886
778,0.017915,172.31.46.0-255,66,160240,50,186886
779,0.017949,74.125.24.0-255,1484,161724,50,186886
780,0.017966,74.125.24.0-255,1484,163208,50,186886
781,0.017969,172.31.46.0-255,66,163274,50,186886
782,0.020483,74.125.24.0-255,2902,166176,50,186886
783,0.020491,172.31.46.0-255,66,166242,50,186886
784,0.020518,74.125.24.0-255,2902,169144,50,186886
785,0.020521,172.31.46.0-255,66,169210,50,186886
786,0.023048,74.125.24.0-255,2902,172112,50,186886
787,0.023056,172.31.46.0-255,66,172178,50,186886
788,0.023086,74.125.24.0-255,2902,175080,50,186886
789,0.02309,172.31.46.0-255,66,175146,50,186886
790,0.025623,74.125.24.0-255,2902,178048,50,186886
791,0.025631,172.31.46.0-255,66,178114,50,186886
792,0.025662,74.125.24.0-255,2902,181016,50,186886
793,0.025666,172.31.46.0-255,66,181082,50,186886
794,0.028215,74.125.24.0-255,5738,186820,50,186886
795,0.028224,172.31.46.0-255,66,186886,50,186886
796,0.0,74.125.200.0-255,152,152,50,253460
797,2.2e-05,172.31.46.0-255,66,218,50,253460
798,2.9e-05,74.125.200.0-255,1484,1702,50,253460
799,3.2e-05,172.31.46.0-255,66,1768,50,253460
800,3.8e-05,74.125.200.0-255,2902,4670,50,253460
801,4.9e-05,172.31.46.0-255,66,4736,50,253460
802,7.4e-05,74.125.200.0-255,1484,6220,50,253460
803,7.6e-05,172.31.46.0-255,66,6286,50,253460
804,9.7e-05,74.125.200.0-255,5738,12024,50,253460
805,9.9e-05,172.31.46.0-255,66,12090,50,253460
806,0.000104,74.125.200.0-255,2081,14171,50,253460
807,0.000106,172.31.46.0-255,66,14237,50,253460
808,0.000239,74.125.200.0-255,1484,15721,50,253460
809,0.000245,172.31.46.0-255,66,15787,50,253460
810,0.000262,74.125.200.0-255,1484,17271,50,253460
811,0.000264,172.31.46.0-255,66,17337,50,253460
812,0.000269,74.125.200.0-255,2902,20239,50,253460
813,0.000272,172.31.46.0-255,66,20305,50,253460
814,0.000277,74.125.200.0-255,4320,24625,50,253460
815,0.00028,172.31.46.0-255,66,24691,50,253460
816,0.000304,74.125.200.0-255,1484,26175,50,253460
817,0.000306,172.31.46.0-255,66,26241,50,253460
818,0.000313,74.125.200.0-255,5379,31620,50,253460
819,0.000316,172.31.46.0-255,66,31686,50,253460
820,0.000323,74.125.200.0-255,5738,37424,50,253460
821,0.000325,172.31.46.0-255,66,37490,50,253460
822,0.000379,172.31.46.0-255,66,37556,50,253460
823,0.000432,74.125.200.0-255,7156,44712,50,253460
824,0.000436,172.31.46.0-255,66,44778,50,253460
825,0.000491,74.125.200.0-255,7156,51934,50,253460
826,0.000495,172.31.46.0-255,66,52000,50,253460
827,0.000498,74.125.200.0-255,766,52766,50,253460
828,0.000502,74.125.200.0-255,412,53178,50,253460
829,0.000558,74.125.200.0-255,1484,54662,50,253460
830,0.000561,172.31.46.0-255,66,54728,50,253460
831,0.000567,74.125.200.0-255,2902,57630,50,253460
832,0.000569,172.31.46.0-255,66,57696,50,253460
833,0.000581,74.125.200.0-255,5738,63434,50,253460
834,0.000583,172.31.46.0-255,66,63500,50,253460
835,0.000605,74.125.200.0-255,2902,66402,50,253460
836,0.000608,172.31.46.0-255,66,66468,50,253460
837,0.000636,172.31.46.0-255,66,66534,50,253460
838,0.000663,74.125.200.0-255,2902,69436,50,253460
839,0.000666,172.31.46.0-255,66,69502,50,253460
840,0.000694,172.31.46.0-255,66,69568,50,253460
841,0.000696,74.125.200.0-255,331,69899,50,253460
842,0.001043,74.125.200.0-255,1484,71383,50,253460
843,0.001049,172.31.46.0-255,66,71449,50,253460
844,0.001088,74.125.200.0-255,2902,74351,50,253460
845,0.001092,172.31.46.0-255,66,74417,50,253460
846,0.001098,74.125.200.0-255,4320,78737,50,253460
847,0.0011,172.31.46.0-255,66,78803,50,253460
848,0.001115,74.125.200.0-255,1484,80287,50,253460
849,0.001138,74.125.200.0-255,4320,84607,50,253460
850,0.001141,172.31.46.0-255,66,84673,50,253460
851,0.001148,74.125.200.0-255,7156,91829,50,253460
852,0.00115,172.31.46.0-255,66,91895,50,253460
853,0.001177,74.125.200.0-255,7156,99051,50,253460
854,0.00118,172.31.46.0-255,66,99117,50,253460
855,0.001205,74.125.200.0-255,4471,103588,50,253460
856,0.001208,172.31.46.0-255,66,103654,50,253460
857,0.001235,74.125.200.0-255,1484,105138,50,253460
858,0.001248,74.125.200.0-255,2902,108040,50,253460
859,0.00125,172.31.46.0-255,66,108106,50,253460
860,0.001253,74.125.200.0-255,1484,109590,50,253460
861,0.001284,74.125.200.0-255,4320,113910,50,253460
862,0.001287,172.31.46.0-255,66,113976,50,253460
863,0.001291,74.125.200.0-255,2902,116878,50,253460
864,0.001293,172.31.46.0-255,66,116944,50,253460
865,0.001309,74.125.200.0-255,1484,118428,50,253460
866,0.001331,74.125.200.0-255,2902,121330,50,253460
867,0.001334,172.31.46.0-255,66,121396,50,253460
868,0.001345,172.31.46.0-255,66,121462,50,253460
869,0.001356,74.125.200.0-255,7156,128618,50,253460
870,0.001358,172.31.46.0-255,66,128684,50,253460
871,0.001361,74.125.200.0-255,766,129450,50,253460
872,0.001529,74.125.200.0-255,1484,130934,50,253460
873,0.001533,172.31.46.0-255,66,131000,50,253460
874,0.001539,74.125.200.0-255,2902,133902,50,253460
875,0.001542,172.31.46.0-255,66,133968,50,253460
876,0.001581,74.125.200.0-255,5738,139706,50,253460
877,0.001584,172.31.46.0-255,66,139772,50,253460
878,0.001624,74.125.200.0-255,4320,144092,50,253460
879,0.001627,172.31.46.0-255,66,144158,50,253460
880,0.001654,74.125.200.0-255,2902,147060,50,253460
881,0.001656,172.31.46.0-255,66,147126,50,253460
882,0.001668,74.125.200.0-255,1484,148610,50,253460
883,0.001693,74.125.200.0-255,7156,155766,50,253460
884,0.001695,172.31.46.0-255,66,155832,50,253460
885,0.001728,74.125.200.0-255,2902,158734,50,253460
886,0.001731,172.31.46.0-255,66,158800,50,253460
887,0.001749,74.125.200.0-255,5020,163820,50,253460
888,0.001751,172.31.46.0-255,66,163886,50,253460
889,0.002165,74.125.200.0-255,1484,165370,50,253460
890,0.002173,74.125.200.0-255,2902,168272,50,253460
891,0.002178,172.31.46.0-255,66,168338,50,253460
892,0.002182,74.125.200.0-255,1484,169822,50,253460
893,0.002186,74.125.200.0-255,2902,172724,50,253460
894,0.002189,172.31.46.0-255,66,172790,50,253460
895,0.002222,74.125.200.0-255,5738,178528,50,253460
896,0.002225,172.31.46.0-255,66,178594,50,253460
897,0.00225,172.31.46.0-255,66,178660,50,253460
898,0.002272,74.125.200.0-255,1484,180144,50,253460
899,0.002298,74.125.200.0-255,2902,183046,50,253460
900,0.0023,172.31.46.0-255,66,183112,50,253460
901,0.002327,74.125.200.0-255,6438,189550,50,253460
902,0.00233,172.31.46.0-255,66,189616,50,253460
903,0.004682,74.125.200.0-255,5738,195354,50,253460
904,0.004689,172.31.46.0-255,66,195420,50,253460
905,0.007013,74.125.200.0-255,5738,201158,50,253460
906,0.007019,172.31.46.0-255,66,201224,50,253460
907,0.009361,74.125.200.0-255,5738,206962,50,253460
908,0.009369,172.31.46.0-255,66,207028,50,253460
909,0.011713,74.125.200.0-255,5738,212766,50,253460
910,0.011721,172.31.46.0-255,66,212832,50,253460
911,0.014059,74.125.200.0-255,5738,218570,50,253460
912,0.014067,172.31.46.0-255,66,218636,50,253460
913,0.016401,74.125.200.0-255,5738,224374,50,253460
914,0.01641,172.31.46.0-255,66,224440,50,253460
915,0.01874,74.125.200.0-255,5738,230178,50,253460
916,0.018747,172.31.46.0-255,66,230244,50,253460
917,0.021073,74.125.200.0-255,5738,235982,50,253460
918,0.021079,172.31.46.0-255,66,236048,50,253460
919,0.023411,74.125.200.0-255,5738,241786,50,253460
920,0.023418,172.31.46.0-255,66,241852,50,253460
921,0.025744,74.125.200.0-255,5738,247590,50,253460
922,0.025752,172.31.46.0-255,66,247656,50,253460
923,0.028076,74.125.200.0-255,5738,253394,50,253460
924,0.028085,172.31.46.0-255,66,253460,50,253460
925,0.0,74.125.68.0-255,146,146,50,139676
926,2.3e-05,172.31.46.0-255,66,212,50,139676
927,3e-05,74.125.68.0-255,1484,1696,50,139676
928,3.5e-05,172.31.46.0-255,66,1762,50,139676
929,4.1e-05,74.125.68.0-255,2902,4664,50,139676
930,4.5e-05,172.31.46.0-255,66,4730,50,139676
931,5.4e-05,74.125.68.0-255,5738,10468,50,139676
932,5.9e-05,172.31.46.0-255,66,10534,50,139676
933,8.8e-05,74.125.68.0-255,3450,13984,50,139676
934,9e-05,172.31.46.0-255,66,14050,50,139676
935,0.00089,74.125.68.0-255,1484,15534,50,139676
936,0.0009,172.31.46.0-255,66,15600,50,139676
937,0.000912,74.125.68.0-255,2902,18502,50,139676
938,0.000916,172.31.46.0-255,66,18568,50,139676
939,0.000924,74.125.68.0-255,5738,24306,50,139676
940,0.000926,172.31.46.0-255,66,24372,50,139676
941,0.000934,74.125.68.0-255,6797,31169,50,139676
942,0.000937,172.31.46.0-255,66,31235,50,139676
943,0.001226,74.125.68.0-255,1484,32719,50,139676
944,0.001234,172.31.46.0-255,66,32785,50,139676
945,0.001241,74.125.68.0-255,2902,35687,50,139676
946,0.001243,172.31.46.0-255,66,35753,50,139676
947,0.00127,74.125.68.0-255,5738,41491,50,139676
948,0.001273,172.31.46.0-255,66,41557,50,139676
949,0.001277,74.125.68.0-255,2902,44459,50,139676
950,0.001279,172.31.46.0-255,66,44525,50,139676
951,0.001311,74.125.68.0-255,4320,48845,50,139676
952,0.001314,172.31.46.0-255,66,48911,50,139676
953,0.001336,74.125.68.0-255,6797,55708,50,139676
954,0.00134,172.31.46.0-255,66,55774,50,139676
955,0.001342,74.125.68.0-255,1484,57258,50,139676
956,0.001344,172.31.46.0-255,66,57324,50,139676
957,0.001349,74.125.68.0-255,2902,60226,50,139676
958,0.001351,172.31.46.0-255,66,60292,50,139676
959,0.001377,74.125.68.0-255,5379,65671,50,139676
960,0.00138,172.31.46.0-255,66,65737,50,139676
961,0.003686,74.125.68.0-255,5738,71475,50,139676
962,0.003696,172.31.46.0-255,66,71541,50,139676
963,0.006003,74.125.68.0-255,5738,77279,50,139676
964,0.006014,172.31.46.0-255,66,77345,50,139676
965,0.008337,74.125.68.0-255,5738,83083,50,139676
966,0.00835,172.31.46.0-255,66,83149,50,139676
967,0.010661,74.125.68.0-255,5738,88887,50,139676
968,0.010673,172.31.46.0-255,66,88953,50,139676
969,0.012997,74.125.68.0-255,5738,94691,50,139676
970,0.013009,172.31.46.0-255,66,94757,50,139676
971,0.015333,74.125.68.0-255,5738,100495,50,139676
972,0.015349,172.31.46.0-255,66,100561,50,139676
973,0.017655,74.125.68.0-255,5738,106299,50,139676
974,0.01767,172.31.46.0-255,66,106365,50,139676
975,0.019973,74.125.68.0-255,5738,112103,50,139676
976,0.019982,172.31.46.0-255,66,112169,50,139676
977,0.022297,74.125.68.0-255,5738,117907,50,139676
978,0.022309,172.31.46.0-255,66,117973,50,139676
979,0.024624,74.125.68.0-255,5738,123711,50,139676
980,0.024636,172.31.46.0-255,66,123777,50,139676
981,0.02693,74.125.68.0-255,5738,129515,50,139676
982,0.026938,172.31.46.0-255,66,129581,50,139676
983,0.027553,172.31.46.0-255,172,129753,50,139676
984,0.027581,172.31.46.0-255,1113,130866,50,139676
985,0.027643,172.31.46.0-255,1514,132380,50,139676
986,0.027645,172.31.46.0-255,1294,133674,50,139676
987,0.029093,104.244.42.0-255,66,133740,50,139676
988,0.029154,104.244.42.0-255,66,133806,50,139676
989,0.029202,104.244.42.0-255,66,133872,50,139676
990,0.029232,74.125.68.0-255,5738,139610,50,139676
991,0.029238,172.31.46.0-255,66,139676,50,139676
992,0.0,74.125.24.0-255,153,153,50,270143
993,2.2e-05,172.31.46.0-255,66,219,50,270143
994,2.9e-05,74.125.24.0-255,1484,1703,50,270143
995,3.4e-05,172.31.46.0-255,66,1769,50,270143
996,3.9e-05,74.125.24.0-255,2902,4671,50,270143
997,4.3e-05,172.31.46.0-255,66,4737,50,270143
998,5.1e-05,74.125.24.0-255,7156,11893,50,270143
999,5.5e-05,172.31.46.0-255,66,11959,50,270143
1000,8.1e-05,74.125.24.0-255,4949,16908,50,270143
1001,8.4e-05,172.31.46.0-255,66,16974,50,270143
1002,9.1e-05,74.125.24.0-255,5738,22712,50,270143
1003,9.3e-05,172.31.46.0-255,66,22778,50,270143
1004,0.00013,172.31.46.0-255,66,22844,50,270143
1005,0.000252,74.125.24.0-255,1484,24328,50,270143
1006,0.000256,172.31.46.0-255,66,24394,50,270143
1007,0.000261,74.125.24.0-255,2902,27296,50,270143
1008,0.000264,172.31.46.0-255,66,27362,50,270143
1009,0.000271,74.125.24.0-255,5738,33100,50,270143
1010,0.000273,172.31.46.0-255,66,33166,50,270143
1011,0.000298,74.125.24.0-255,5738,38904,50,270143
1012,0.000301,172.31.46.0-255,66,38970,50,270143
1013,0.00033,172.31.46.0-255,66,39036,50,270143
1014,0.000342,172.31.46.0-255,66,39102,50,270143
1015,0.000425,74.125.24.0-255,129,39231,50,270143
1016,0.00043,172.31.46.0-255,66,39297,50,270143
1017,0.000451,74.125.24.0-255,1484,40781,50,270143
1018,0.000454,172.31.46.0-255,66,40847,50,270143
1019,0.000458,74.125.24.0-255,2902,43749,50,270143
1020,0.000461,172.31.46.0-255,66,43815,50,270143
1021,0.000488,74.125.24.0-255,4320,48135,50,270143
1022,0.000491,172.31.46.0-255,66,48201,50,270143
1023,0.000528,74.125.24.0-255,5738,53939,50,270143
1024,0.000531,172.31.46.0-255,66,54005,50,270143
1025,0.000545,74.125.24.0-255,2543,56548,50,270143
1026,0.000547,172.31.46.0-255,66,56614,50,270143
1027,0.00055,74.125.24.0-255,1484,58098,50,270143
1028,0.000579,74.125.24.0-255,7156,65254,50,270143
1029,0.000582,172.31.46.0-255,66,65320,50,270143
1030,0.000592,172.31.46.0-255,66,65386,50,270143
1031,0.000735,74.125.24.0-255,1484,66870,50,270143
1032,0.000741,74.125.24.0-255,2902,69772,50,270143
1033,0.000744,172.31.46.0-255,66,69838,50,270143
1034,0.000748,74.125.24.0-255,1484,71322,50,270143
1035,0.000761,74.125.24.0-255,4320,75642,50,270143
1036,0.000764,172.31.46.0-255,66,75708,50,270143
1037,0.000769,74.125.24.0-255,4320,80028,50,270143
1038,0.000771,172.31.46.0-255,66,80094,50,270143
1039,0.00081,74.125.24.0-255,2543,82637,50,270143
1040,0.000814,172.31.46.0-255,66,82703,50,270143
1041,0.000927,74.125.24.0-255,1484,84187,50,270143
1042,0.00094,74.125.24.0-255,2902,87089,50,270143
1043,0.000943,172.31.46.0-255,66,87155,50,270143
1044,0.000965,74.125.24.0-255,5738,92893,50,270143
1045,0.000967,172.31.46.0-255,66,92959,50,270143
1046,0.000973,74.125.24.0-255,4320,97279,50,270143
1047,0.000975,172.31.46.0-255,66,97345,50,270143
1048,0.00098,74.125.24.0-255,2902,100247,50,270143
1049,0.000982,172.31.46.0-255,66,100313,50,270143
1050,0.00102,172.31.46.0-255,66,100379,50,270143
1051,0.001027,74.125.24.0-255,5738,106117,50,270143
1052,0.001028,172.31.46.0-255,66,106183,50,270143
1053,0.001048,74.125.24.0-255,2184,108367,50,270143
1054,0.00105,172.31.46.0-255,66,108433,50,270143
1055,0.001062,172.31.46.0-255,66,108499,50,270143
1056,0.00113,74.125.24.0-255,2902,111401,50,270143
1057,0.001136,74.125.24.0-255,5379,116780,50,270143
1058,0.00114,74.125.24.0-255,4320,121100,50,270143
1059,0.001145,172.31.46.0-255,66,121166,50,270143
1060,0.001148,172.31.46.0-255,66,121232,50,270143
1061,0.001155,172.31.46.0-255,66,121298,50,270143
1062,0.001159,74.125.24.0-255,1484,122782,50,270143
1063,0.001166,74.125.24.0-255,5738,128520,50,270143
1064,0.001168,172.31.46.0-255,66,128586,50,270143
1065,0.001196,74.125.24.0-255,7156,135742,50,270143
1066,0.001199,172.31.46.0-255,66,135808,50,270143
1067,0.001207,74.125.24.0-255,7156,142964,50,270143
1068,0.001209,172.31.46.0-255,66,143030,50,270143
1069,0.001246,172.31.46.0-255,66,143096,50,270143
1070,0.001545,74.125.24.0-255,1484,144580,50,270143
1071,0.001552,74.125.24.0-255,2902,147482,50,270143
1072,0.001555,172.31.46.0-255,66,147548,50,270143
1073,0.001559,74.125.24.0-255,1484,149032,50,270143
1074,0.001578,74.125.24.0-255,4320,153352,50,270143
1075,0.001581,172.31.46.0-255,66,153418,50,270143
1076,0.001586,74.125.24.0-255,4320,157738,50,270143
1077,0.001589,172.31.46.0-255,66,157804,50,270143
1078,0.001606,74.125.24.0-255,5738,163542,50,270143
1079,0.001609,172.31.46.0-255,66,163608,50,270143
1080,0.001634,172.31.46.0-255,66,163674,50,270143
1081,0.001704,74.125.24.0-255,1484,165158,50,270143
1082,0.001718,74.125.24.0-255,2902,168060,50,270143
1083,0.001721,172.31.46.0-255,66,168126,50,270143
1084,0.001725,74.125.24.0-255,1484,169610,50,270143
1085,0.001744,74.125.24.0-255,4320,173930,50,270143
1086,0.001746,172.31.46.0-255,66,173996,50,270143
1087,0.001758,74.125.24.0-255,2902,176898,50,270143
1088,0.00176,172.31.46.0-255,66,176964,50,270143
1089,0.001787,172.31.46.0-255,66,177030,50,270143
1090,0.001795,74.125.24.0-255,7156,184186,50,270143
1091,0.001797,172.31.46.0-255,66,184252,50,270143
1092,0.001816,74.125.24.0-255,3602,187854,50,270143
1093,0.001824,172.31.46.0-255,66,187920,50,270143
1094,0.001883,74.125.24.0-255,1484,189404,50,270143
1095,0.001903,74.125.24.0-255,2902,192306,50,270143
1096,0.001906,172.31.46.0-255,66,192372,50,270143
1097,0.001913,74.125.24.0-255,5738,198110,50,270143
1098,0.001915,172.31.46.0-255,66,198176,50,270143
1099,0.001919,74.125.24.0-255,1484,199660,50,270143
1100,0.001938,74.125.24.0-255,7156,206816,50,270143
1101,0.001941,172.31.46.0-255,66,206882,50,270143
1102,0.001959,74.125.24.0-255,1484,208366,50,270143
1103,0.001977,74.125.24.0-255,5738,214104,50,270143
1104,0.00198,172.31.46.0-255,66,214170,50,270143
1105,0.002015,172.31.46.0-255,66,214236,50,270143
1106,0.002044,74.125.24.0-255,1484,215720,50,270143
1107,0.002057,74.125.24.0-255,2902,218622,50,270143
1108,0.00206,172.31.46.0-255,66,218688,50,270143
1109,0.002063,74.125.24.0-255,1484,220172,50,270143
1110,0.002076,74.125.24.0-255,2902,223074,50,270143
1111,0.002079,172.31.46.0-255,66,223140,50,270143
1112,0.002085,74.125.24.0-255,5738,228878,50,270143
1113,0.002088,172.31.46.0-255,66,228944,50,270143
1114,0.002115,74.125.24.0-255,2902,231846,50,270143
1115,0.002118,172.31.46.0-255,66,231912,50,270143
1116,0.002125,74.125.24.0-255,7156,239068,50,270143
1117,0.002127,172.31.46.0-255,66,239134,50,270143
1118,0.002138,172.31.46.0-255,66,239200,50,270143
1119,0.002215,74.125.24.0-255,5738,244938,50,270143
1120,0.002219,172.31.46.0-255,66,245004,50,270143
1121,0.002254,74.125.24.0-255,4320,249324,50,270143
1122,0.002257,172.31.46.0-255,66,249390,50,270143
1123,0.002269,172.31.46.0-255,66,249456,50,270143
1124,0.002276,74.125.24.0-255,7156,256612,50,270143
1125,0.002278,172.31.46.0-255,66,256678,50,270143
1126,0.002302,74.125.24.0-255,4320,260998,50,270143
1127,0.002324,74.125.24.0-255,4320,265318,50,270143
1128,0.00233,74.125.24.0-255,4320,269638,50,270143
1129,0.002342,172.31.46.0-255,66,269704,50,270143
1130,0.002375,74.125.24.0-255,97,269801,50,270143
1131,0.002378,74.125.24.0-255,105,269906,50,270143
1132,0.002383,172.31.46.0-255,66,269972,50,270143
1133,0.010805,172.31.46.0-255,105,270077,50,270143
1134,0.012788,74.125.24.0-255,66,270143,50,270143
1135,0.0,74.125.24.0-255,298,298,50,149023
1136,2.3e-05,172.31.46.0-255,66,364,50,149023
1137,3e-05,74.125.24.0-255,1484,1848,50,149023
1138,3.4e-05,172.31.46.0-255,66,1914,50,149023
1139,4.1e-05,74.125.24.0-255,4320,6234,50,149023
1140,4.3e-05,172.31.46.0-255,66,6300,50,149023
1141,5.8e-05,74.125.24.0-255,5738,12038,50,149023
1142,6.1e-05,172.31.46.0-255,66,12104,50,149023
1143,9.4e-05,74.125.24.0-255,1842,13946,50,149023
1144,9.7e-05,172.31.46.0-255,66,14012,50,149023
1145,0.000228,74.125.24.0-255,1484,15496,50,149023
1146,0.000232,172.31.46.0-255,66,15562,50,149023
1147,0.000239,74.125.24.0-255,2902,18464,50,149023
1148,0.000242,172.31.46.0-255,66,18530,50,149023
1149,0.000273,74.125.24.0-255,5738,24268,50,149023
1150,0.000276,172.31.46.0-255,66,24334,50,149023
1151,0.000311,74.125.24.0-255,6797,31131,50,149023
1152,0.000313,172.31.46.0-255,66,31197,50,149023
1153,0.00043,74.125.24.0-255,1484,32681,50,149023
1154,0.000434,172.31.46.0-255,66,32747,50,149023
1155,0.000438,74.125.24.0-255,1484,34231,50,149023
1156,0.00044,172.31.46.0-255,66,34297,50,149023
1157,0.000459,74.125.24.0-255,1484,35781,50,149023
1158,0.000461,172.31.46.0-255,66,35847,50,149023
1159,0.000468,74.125.24.0-255,5738,41585,50,149023
1160,0.000475,172.31.46.0-255,66,41651,50,149023
1161,0.000516,74.125.24.0-255,6797,48448,50,149023
1162,0.000518,172.31.46.0-255,66,48514,50,149023
1163,0.000574,74.125.24.0-255,4320,52834,50,149023
1164,0.000578,172.31.46.0-255,66,52900,50,149023
1165,0.000614,172.31.46.0-255,66,52966,50,149023
1166,0.000714,74.125.24.0-255,2543,55509,50,149023
1167,0.000719,74.125.24.0-255,367,55876,50,149023
1168,0.000722,74.125.24.0-255,1484,57360,50,149023
1169,0.000739,74.125.24.0-255,2967,60327,50,149023
1170,0.000746,172.31.46.0-255,66,60393,50,149023
1171,0.000779,74.125.24.0-255,7156,67549,50,149023
1172,0.000785,172.31.46.0-255,66,67615,50,149023
1173,0.000796,74.125.24.0-255,2902,70517,50,149023
1174,0.000817,172.31.46.0-255,66,70583,50,149023
1175,0.000862,74.125.24.0-255,1484,72067,50,149023
1176,0.000897,172.31.46.0-255,66,72133,50,149023
1177,0.000965,74.125.24.0-255,4320,76453,50,149023
1178,0.000971,172.31.46.0-255,66,76519,50,149023
1179,0.001001,74.125.24.0-255,4237,80756,50,149023
1180,0.001009,172.31.46.0-255,66,80822,50,149023
1181,0.003269,74.125.24.0-255,1484,82306,50,149023
1182,0.003298,74.125.24.0-255,4320,86626,50,149023
1183,0.003303,172.31.46.0-255,66,86692,50,149023
1184,0.005589,74.125.24.0-255,5738,92430,50,149023
1185,0.007692,172.31.46.0-255,66,92496,50,149023
1186,0.009984,74.125.24.0-255,5738,98234,50,149023
1187,0.009991,172.31.46.0-255,66,98300,50,149023
1188,0.01231,74.125.24.0-255,5738,104038,50,149023
1189,0.012318,172.31.46.0-255,66,104104,50,149023
1190,0.014601,74.125.24.0-255,5738,109842,50,149023
1191,0.014612,172.31.46.0-255,66,109908,50,149023
1192,0.016867,74.125.24.0-255,5738,115646,50,149023
1193,0.016875,172.31.46.0-255,66,115712,50,149023
1194,0.019144,74.125.24.0-255,5738,121450,50,149023
1195,0.01915,172.31.46.0-255,66,121516,50,149023
1196,0.021454,74.125.24.0-255,5738,127254,50,149023
1197,0.021469,172.31.46.0-255,66,127320,50,149023
1198,0.023769,74.125.24.0-255,5738,133058,50,149023
1199,0.023787,172.31.46.0-255,66,133124,50,149023
1200,0.026087,74.125.24.0-255,5738,138862,50,149023
1201,0.026099,172.31.46.0-255,66,138928,50,149023
1202,0.027661,172.31.46.0-255,172,139100,50,149023
1203,0.027701,172.31.46.0-255,1113,140213,50,149023
1204,0.027764,172.31.46.0-255,1514,141727,50,149023
1205,0.027766,172.31.46.0-255,1294,143021,50,149023
1206,0.02837,74.125.24.0-255,5738,148759,50,149023
1207,0.028381,172.31.46.0-255,66,148825,50,149023
1208,0.029213,104.244.42.0-255,66,148891,50,149023
1209,0.029259,104.244.42.0-255,66,148957,50,149023
1210,0.029359,104.244.42.0-255,66,149023,50,149023
1211,0.0,74.125.68.0-255,153,153,50,233824
1212,2.4e-05,172.31.46.0-255,66,219,50,233824
1213,3.2e-05,74.125.68.0-255,1484,1703,50,233824
1214,3.7e-05,172.31.46.0-255,66,1769,50,233824
1215,5.1e-05,74.125.68.0-255,2902,4671,50,233824
1216,5.5e-05,172.31.46.0-255,66,4737,50,233824
1217,6.3e-05,74.125.68.0-255,7156,11893,50,233824
1218,6.6e-05,172.31.46.0-255,66,11959,50,233824
1219,7.1e-05,74.125.68.0-255,2111,14070,50,233824
1220,7.4e-05,172.31.46.0-255,66,14136,50,233824
1221,0.000113,172.31.46.0-255,66,14202,50,233824
1222,0.00012,74.125.68.0-255,5379,19581,50,233824
1223,0.000122,172.31.46.0-255,66,19647,50,233824
1224,0.000209,74.125.68.0-255,1484,21131,50,233824
1225,0.000212,172.31.46.0-255,66,21197,50,233824
1226,0.00024,74.125.68.0-255,2902,24099,50,233824
1227,0.000242,172.31.46.0-255,66,24165,50,233824
1228,0.000249,74.125.68.0-255,5738,29903,50,233824
1229,0.000251,172.31.46.0-255,66,29969,50,233824
1230,0.000275,74.125.68.0-255,1484,31453,50,233824
1231,0.000277,172.31.46.0-255,66,31519,50,233824
1232,0.000305,74.125.68.0-255,5379,36898,50,233824
1233,0.000308,172.31.46.0-255,66,36964,50,233824
1234,0.00032,74.125.68.0-255,7156,44120,50,233824
1235,0.000322,172.31.46.0-255,66,44186,50,233824
1236,0.000333,172.31.46.0-255,66,44252,50,233824
1237,0.000364,74.125.68.0-255,1463,45715,50,233824
1238,0.000378,172.31.46.0-255,66,45781,50,233824
1239,0.0004,74.125.68.0-255,1484,47265,50,233824
1240,0.000403,172.31.46.0-255,66,47331,50,233824
1241,0.000407,74.125.68.0-255,1484,48815,50,233824
1242,0.000425,74.125.68.0-255,1484,50299,50,233824
1243,0.000427,172.31.46.0-255,66,50365,50,233824
1244,0.000466,74.125.68.0-255,4320,54685,50,233824
1245,0.000469,172.31.46.0-255,66,54751,50,233824
1246,0.000501,74.125.68.0-255,5738,60489,50,233824
1247,0.000504,172.31.46.0-255,66,60555,50,233824
1248,0.000508,74.125.68.0-255,2245,62800,50,233824
1249,0.00051,172.31.46.0-255,66,62866,50,233824
1250,0.000894,74.125.68.0-255,1484,64350,50,233824
1251,0.000901,74.125.68.0-255,2902,67252,50,233824
1252,0.000904,172.31.46.0-255,66,67318,50,233824
1253,0.00091,74.125.68.0-255,2902,70220,50,233824
1254,0.000912,172.31.46.0-255,66,70286,50,233824
1255,0.000942,74.125.68.0-255,4320,74606,50,233824
1256,0.000945,172.31.46.0-255,66,74672,50,233824
1257,0.000972,74.125.68.0-255,5379,80051,50,233824
1258,0.000975,172.31.46.0-255,66,80117,50,233824
1259,0.001003,74.125.68.0-255,5738,85855,50,233824
1260,0.001007,172.31.46.0-255,66,85921,50,233824
1261,0.001044,74.125.68.0-255,7156,93077,50,233824
1262,0.001051,74.125.68.0-255,7156,100233,50,233824
1263,0.001055,172.31.46.0-255,66,100299,50,233824
1264,0.001063,172.31.46.0-255,66,100365,50,233824
1265,0.001067,74.125.68.0-255,1484,101849,50,233824
1266,0.001073,74.125.68.0-255,4320,106169,50,233824
1267,0.001079,172.31.46.0-255,66,106235,50,233824
1268,0.001111,74.125.68.0-255,7156,113391,50,233824
1269,0.001114,172.31.46.0-255,66,113457,50,233824
1270,0.001117,74.125.68.0-255,766,114223,50,233824
1271,0.001317,74.125.68.0-255,1484,115707,50,233824
1272,0.00132,74.125.68.0-255,1484,117191,50,233824
1273,0.001325,172.31.46.0-255,66,117257,50,233824
1274,0.001354,74.125.68.0-255,2902,120159,50,233824
1275,0.001357,172.31.46.0-255,66,120225,50,233824
1276,0.001363,74.125.68.0-255,5738,125963,50,233824
1277,0.001366,172.31.46.0-255,66,126029,50,233824
1278,0.001399,172.31.46.0-255,66,126095,50,233824
1279,0.001438,172.31.46.0-255,66,126161,50,233824
1280,0.001441,74.125.68.0-255,766,126927,50,233824
1281,0.001675,74.125.68.0-255,1484,128411,50,233824
1282,0.001679,172.31.46.0-255,66,128477,50,233824
1283,0.001685,74.125.68.0-255,2902,131379,50,233824
1284,0.001687,172.31.46.0-255,66,131445,50,233824
1285,0.001716,74.125.68.0-255,5738,137183,50,233824
1286,0.001718,172.31.46.0-255,66,137249,50,233824
1287,0.001753,172.31.46.0-255,66,137315,50,233824
1288,0.001791,172.31.46.0-255,66,137381,50,233824
1289,0.001796,74.125.68.0-255,2184,139565,50,233824
1290,0.001799,172.31.46.0-255,66,139631,50,233824
1291,0.001878,74.125.68.0-255,1484,141115,50,233824
1292,0.001899,74.125.68.0-255,2902,144017,50,233824
1293,0.001902,172.31.46.0-255,66,144083,50,233824
1294,0.001909,74.125.68.0-255,5738,149821,50,233824
1295,0.001912,172.31.46.0-255,66,149887,50,233824
1296,0.001957,172.31.46.0-255,66,149953,50,233824
1297,0.001996,172.31.46.0-255,66,150019,50,233824
1298,0.002,74.125.68.0-255,2902,152921,50,233824
1299,0.002002,172.31.46.0-255,66,152987,50,233824
1300,0.00208,172.31.46.0-255,66,153053,50,233824
1301,0.002107,172.31.46.0-255,66,153119,50,233824
1302,0.002113,74.125.68.0-255,5020,158139,50,233824
1303,0.002115,172.31.46.0-255,66,158205,50,233824
1304,0.00419,74.125.68.0-255,5738,163943,50,233824
1305,0.004202,172.31.46.0-255,66,164009,50,233824
1306,0.006272,74.125.68.0-255,5738,169747,50,233824
1307,0.006277,172.31.46.0-255,66,169813,50,233824
1308,0.008347,74.125.68.0-255,5738,175551,50,233824
1309,0.008351,172.31.46.0-255,66,175617,50,233824
1310,0.010032,172.31.46.0-255,101,175718,50,233824
1311,0.010426,74.125.68.0-255,5738,181456,50,233824
1312,0.010434,172.31.46.0-255,66,181522,50,233824
1313,0.012076,74.125.68.0-255,66,181588,50,233824
1314,0.012505,74.125.68.0-255,5738,187326,50,233824
1315,0.012517,172.31.46.0-255,66,187392,50,233824
1316,0.014588,74.125.68.0-255,5738,193130,50,233824
1317,0.014598,172.31.46.0-255,66,193196,50,233824
1318,0.016685,74.125.68.0-255,5738,198934,50,233824
1319,0.016698,172.31.46.0-255,66,199000,50,233824
1320,0.018782,74.125.68.0-255,5738,204738,50,233824
1321,0.018794,172.31.46.0-255,66,204804,50,233824
1322,0.020869,74.125.68.0-255,5738,210542,50,233824
1323,0.02088,172.31.46.0-255,66,210608,50,233824
1324,0.022955,74.125.68.0-255,5738,216346,50,233824
1325,0.022962,172.31.46.0-255,66,216412,50,233824
1326,0.025042,74.125.68.0-255,5738,222150,50,233824
1327,0.025051,172.31.46.0-255,66,222216,50,233824
1328,0.027129,74.125.68.0-255,5738,227954,50,233824
1329,0.027139,172.31.46.0-255,66,228020,50,233824
1330,0.029215,74.125.68.0-255,5738,233758,50,233824
1331,0.029228,172.31.46.0-255,66,233824,50,233824
1332,0.0,74.125.130.0-255,150,150,50,199250
1333,1.9e-05,172.31.46.0-255,66,216,50,199250
1334,2.6e-05,74.125.130.0-255,1484,1700,50,199250
1335,3e-05,172.31.46.0-255,66,1766,50,199250
1336,3.4e-05,74.125.130.0-255,1484,3250,50,199250
1337,3.7e-05,172.31.46.0-255,66,3316,50,199250
1338,5e-05,74.125.130.0-255,2902,6218,50,199250
1339,5.4e-05,172.31.46.0-255,66,6284,50,199250
1340,6.2e-05,74.125.130.0-255,5738,12022,50,199250
1341,6.5e-05,172.31.46.0-255,66,12088,50,199250
1342,6.9e-05,74.125.130.0-255,1939,14027,50,199250
1343,7.1e-05,172.31.46.0-255,66,14093,50,199250
1344,0.000235,74.125.130.0-255,1484,15577,50,199250
1345,0.000241,172.31.46.0-255,66,15643,50,199250
1346,0.000248,74.125.130.0-255,2902,18545,50,199250
1347,0.000251,172.31.46.0-255,66,18611,50,199250
1348,0.000261,74.125.130.0-255,2902,21513,50,199250
1349,0.000263,172.31.46.0-255,66,21579,50,199250
1350,0.000298,74.125.130.0-255,4320,25899,50,199250
1351,0.000301,172.31.46.0-255,66,25965,50,199250
1352,0.000337,172.31.46.0-255,66,26031,50,199250
1353,0.000353,172.31.46.0-255,66,26097,50,199250
1354,0.000393,172.31.46.0-255,66,26163,50,199250
1355,0.000431,172.31.46.0-255,66,26229,50,199250
1356,0.000459,74.125.130.0-255,1076,27305,50,199250
1357,0.000461,172.31.46.0-255,66,27371,50,199250
1358,0.000464,74.125.130.0-255,367,27738,50,199250
1359,0.000466,172.31.46.0-255,66,27804,50,199250
1360,0.000702,74.125.130.0-255,1484,29288,50,199250
1361,0.000709,74.125.130.0-255,2902,32190,50,199250
1362,0.000712,172.31.46.0-255,66,32256,50,199250
1363,0.000745,74.125.130.0-255,4320,36576,50,199250
1364,0.000748,172.31.46.0-255,66,36642,50,199250
1365,0.000759,172.31.46.0-255,66,36708,50,199250
1366,0.000762,74.125.130.0-255,1484,38192,50,199250
1367,0.000782,74.125.130.0-255,2902,41094,50,199250
1368,0.000784,172.31.46.0-255,66,41160,50,199250
1369,0.00079,74.125.130.0-255,5738,46898,50,199250
1370,0.000792,172.31.46.0-255,66,46964,50,199250
1371,0.000829,74.125.130.0-255,6438,53402,50,199250
1372,0.000835,172.31.46.0-255,66,53468,50,199250
1373,0.001466,74.125.130.0-255,1484,54952,50,199250
1374,0.00148,74.125.130.0-255,2902,57854,50,199250
1375,0.001484,172.31.46.0-255,66,57920,50,199250
1376,0.001519,74.125.130.0-255,5738,63658,50,199250
1377,0.001523,172.31.46.0-255,66,63724,50,199250
1378,0.001558,74.125.130.0-255,4320,68044,50,199250
1379,0.00156,172.31.46.0-255,66,68110,50,199250
1380,0.001574,74.125.130.0-255,4320,72430,50,199250
1381,0.001576,172.31.46.0-255,66,72496,50,199250
1382,0.001592,172.31.46.0-255,66,72562,50,199250
1383,0.001598,74.125.130.0-255,5020,77582,50,199250
1384,0.0016,172.31.46.0-255,66,77648,50,199250
1385,0.001697,74.125.130.0-255,1484,79132,50,199250
1386,0.001712,74.125.130.0-255,2902,82034,50,199250
1387,0.001715,172.31.46.0-255,66,82100,50,199250
1388,0.001719,74.125.130.0-255,1484,83584,50,199250
1389,0.00174,74.125.130.0-255,2902,86486,50,199250
1390,0.001742,172.31.46.0-255,66,86552,50,199250
1391,0.001749,74.125.130.0-255,5738,92290,50,199250
1392,0.001752,172.31.46.0-255,66,92356,50,199250
1393,0.00179,172.31.46.0-255,66,92422,50,199250
1394,0.001831,74.125.130.0-255,5738,98160,50,199250
1395,0.001833,172.31.46.0-255,66,98226,50,199250
1396,0.001859,74.125.130.0-255,2184,100410,50,199250
1397,0.001861,172.31.46.0-255,66,100476,50,199250
1398,0.002003,74.125.130.0-255,1484,101960,50,199250
1399,0.00201,74.125.130.0-255,2902,104862,50,199250
1400,0.002013,172.31.46.0-255,66,104928,50,199250
1401,0.00204,74.125.130.0-255,2902,107830,50,199250
1402,0.002043,172.31.46.0-255,66,107896,50,199250
1403,0.002048,74.125.130.0-255,4320,112216,50,199250
1404,0.00205,172.31.46.0-255,66,112282,50,199250
1405,0.002089,172.31.46.0-255,66,112348,50,199250
1406,0.002095,74.125.130.0-255,4320,116668,50,199250
1407,0.002097,172.31.46.0-255,66,116734,50,199250
1408,0.002107,74.125.130.0-255,5738,122472,50,199250
1409,0.00211,172.31.46.0-255,66,122538,50,199250
1410,0.002143,74.125.130.0-255,3602,126140,50,199250
1411,0.002145,172.31.46.0-255,66,126206,50,199250
1412,0.004349,74.125.130.0-255,1484,127690,50,199250
1413,0.004392,74.125.130.0-255,4320,132010,50,199250
1414,0.004398,172.31.46.0-255,66,132076,50,199250
1415,0.006632,74.125.130.0-255,5738,137814,50,199250
1416,0.006637,172.31.46.0-255,66,137880,50,199250
1417,0.00889,74.125.130.0-255,5738,143618,50,199250
1418,0.008897,172.31.46.0-255,66,143684,50,199250
1419,0.011143,74.125.130.0-255,5738,149422,50,199250
1420,0.011151,172.31.46.0-255,66,149488,50,199250
1421,0.013388,74.125.130.0-255,5738,155226,50,199250
1422,0.013396,172.31.46.0-255,66,155292,50,199250
1423,0.015645,74.125.130.0-255,5738,161030,50,199250
1424,0.015651,172.31.46.0-255,66,161096,50,199250
1425,0.017899,74.125.130.0-255,5738,166834,50,199250
1426,0.017908,172.31.46.0-255,66,166900,50,199250
1427,0.020156,74.125.130.0-255,5738,172638,50,199250
1428,0.020164,172.31.46.0-255,66,172704,50,199250
1429,0.022416,74.125.130.0-255,5738,178442,50,199250
1430,0.022423,172.31.46.0-255,66,178508,50,199250
1431,0.024674,74.125.130.0-255,5738,184246,50,199250
1432,0.02468,172.31.46.0-255,66,184312,50,199250
1433,0.026932,74.125.130.0-255,5738,190050,50,199250
1434,0.026938,172.31.46.0-255,66,190116,50,199250
1435,0.027281,172.31.46.0-255,172,190288,50,199250
1436,0.027307,172.31.46.0-255,1112,191400,50,199250
1437,0.02736,172.31.46.0-255,1514,192914,50,199250
1438,0.027361,172.31.46.0-255,334,193248,50,199250
1439,0.02883,104.244.42.0-255,66,193314,50,199250
1440,0.028855,104.244.42.0-255,66,193380,50,199250
1441,0.028913,104.244.42.0-255,66,193446,50,199250
1442,0.029182,74.125.130.0-255,5738,199184,50,199250
1443,0.029187,172.31.46.0-255,66,199250,50,199250
1444,0.0,172.217.194.0-255,154,154,50,275084
1445,1.7e-05,172.31.46.0-255,66,220,50,275084
1446,2.4e-05,172.217.194.0-255,1484,1704,50,275084
1447,2.9e-05,172.31.46.0-255,66,1770,50,275084
1448,3.4e-05,172.217.194.0-255,2902,4672,50,275084
1449,3.7e-05,172.31.46.0-255,66,4738,50,275084
1450,4.4e-05,172.217.194.0-255,7156,11894,50,275084
1451,4.7e-05,172.31.46.0-255,66,11960,50,275084
1452,5e-05,172.217.194.0-255,1484,13444,50,275084
1453,5.2e-05,172.31.46.0-255,66,13510,50,275084
1454,7.6e-05,172.217.194.0-255,717,14227,50,275084
1455,7.9e-05,172.31.46.0-255,66,14293,50,275084
1456,0.000314,172.217.194.0-255,1484,15777,50,275084
1457,0.000321,172.217.194.0-255,2902,18679,50,275084
1458,0.000331,172.31.46.0-255,66,18745,50,275084
1459,0.000336,172.31.46.0-255,66,18811,50,275084
1460,0.000343,172.217.194.0-255,5738,24549,50,275084
1461,0.000346,172.31.46.0-255,66,24615,50,275084
1462,0.000374,172.217.194.0-255,6797,31412,50,275084
1463,0.000377,172.31.46.0-255,66,31478,50,275084
1464,0.000402,172.217.194.0-255,1484,32962,50,275084
1465,0.000406,172.31.46.0-255,66,33028,50,275084
1466,0.000431,172.217.194.0-255,5738,38766,50,275084
1467,0.000434,172.31.46.0-255,66,38832,50,275084
1468,0.000444,172.31.46.0-255,66,38898,50,275084
1469,0.00046,172.217.194.0-255,1125,40023,50,275084
1470,0.000462,172.31.46.0-255,66,40089,50,275084
1471,0.000465,172.217.194.0-255,1484,41573,50,275084
1472,0.000467,172.31.46.0-255,66,41639,50,275084
1473,0.000495,172.217.194.0-255,4320,45959,50,275084
1474,0.000498,172.31.46.0-255,66,46025,50,275084
1475,0.000505,172.217.194.0-255,5738,51763,50,275084
1476,0.000522,172.217.194.0-255,4320,56083,50,275084
1477,0.000525,172.217.194.0-255,1405,57488,50,275084
1478,0.000533,172.31.46.0-255,66,57554,50,275084
1479,0.00054,172.217.194.0-255,429,57983,50,275084
1480,0.000747,172.217.194.0-255,1484,59467,50,275084
1481,0.000753,172.217.194.0-255,2902,62369,50,275084
1482,0.000773,172.217.194.0-255,5738,68107,50,275084
1483,0.000778,172.217.194.0-255,2902,71009,50,275084
1484,0.000786,172.31.46.0-255,66,71075,50,275084
1485,0.000796,172.217.194.0-255,4320,75395,50,275084
1486,0.0008,172.217.194.0-255,4320,79715,50,275084
1487,0.00082,172.217.194.0-255,2184,81899,50,275084
1488,0.000822,172.31.46.0-255,66,81965,50,275084
1489,0.000853,172.31.46.0-255,66,82031,50,275084
1490,0.000893,172.217.194.0-255,1484,83515,50,275084
1491,0.0009,172.217.194.0-255,2902,86417,50,275084
1492,0.000909,172.31.46.0-255,66,86483,50,275084
1493,0.000921,172.217.194.0-255,5738,92221,50,275084
1494,0.000931,172.31.46.0-255,66,92287,50,275084
1495,0.000943,172.217.194.0-255,2902,95189,50,275084
1496,0.001001,172.31.46.0-255,66,95255,50,275084
1497,0.001041,172.31.46.0-255,66,95321,50,275084
1498,0.001055,172.217.194.0-255,1484,96805,50,275084
1499,0.001059,172.217.194.0-255,2902,99707,50,275084
1500,0.001063,172.217.194.0-255,2902,102609,50,275084
1501,0.001075,172.217.194.0-255,2902,105511,50,275084
1502,0.001096,172.31.46.0-255,66,105577,50,275084
1503,0.001103,172.217.194.0-255,5738,111315,50,275084
1504,0.001109,172.31.46.0-255,66,111381,50,275084
1505,0.00112,172.217.194.0-255,7156,118537,50,275084
1506,0.001123,172.217.194.0-255,1484,120021,50,275084
1507,0.001145,172.31.46.0-255,66,120087,50,275084
1508,0.001163,172.217.194.0-255,5738,125825,50,275084
1509,0.001172,172.31.46.0-255,66,125891,50,275084
1510,0.001235,172.217.194.0-255,3602,129493,50,275084
1511,0.001243,172.31.46.0-255,66,129559,50,275084
1512,0.001246,172.217.194.0-255,1484,131043,50,275084
1513,0.001259,172.217.194.0-255,2902,133945,50,275084
1514,0.001261,172.31.46.0-255,66,134011,50,275084
1515,0.001267,172.217.194.0-255,1484,135495,50,275084
1516,0.001281,172.217.194.0-255,4320,139815,50,275084
1517,0.001299,172.31.46.0-255,66,139881,50,275084
1518,0.001316,172.217.194.0-255,4320,144201,50,275084
1519,0.001325,172.31.46.0-255,66,144267,50,275084
1520,0.001353,172.217.194.0-255,4320,148587,50,275084
1521,0.001379,172.217.194.0-255,6438,155025,50,275084
1522,0.001409,172.31.46.0-255,66,155091,50,275084
1523,0.001421,172.217.194.0-255,7156,162247,50,275084
1524,0.001431,172.31.46.0-255,66,162313,50,275084
1525,0.001477,172.31.46.0-255,66,162379,50,275084
1526,0.001504,172.217.194.0-255,1484,163863,50,275084
1527,0.001507,172.217.194.0-255,1484,165347,50,275084
1528,0.001517,172.217.194.0-255,1484,166831,50,275084
1529,0.00152,172.217.194.0-255,1484,168315,50,275084
1530,0.001544,172.217.194.0-255,4320,172635,50,275084
1531,0.001554,172.31.46.0-255,66,172701,50,275084
1532,0.001577,172.31.46.0-255,66,172767,50,275084
1533,0.00158,172.217.194.0-255,1484,174251,50,275084
1534,0.0016,172.217.194.0-255,7156,181407,50,275084
1535,0.001628,172.31.46.0-255,66,181473,50,275084
1536,0.001633,172.217.194.0-255,4320,185793,50,275084
1537,0.001637,172.217.194.0-255,2184,187977,50,275084
1538,0.001641,172.217.194.0-255,2902,190879,50,275084
1539,0.001687,172.217.194.0-255,7156,198035,50,275084
1540,0.001692,172.217.194.0-255,4320,202355,50,275084
1541,0.001696,172.31.46.0-255,66,202421,50,275084
1542,0.001706,172.217.194.0-255,5738,208159,50,275084
1543,0.001717,172.217.194.0-255,1484,209643,50,275084
1544,0.001722,172.217.194.0-255,2902,212545,50,275084
1545,0.001741,172.31.46.0-255,66,212611,50,275084
1546,0.001756,172.31.46.0-255,66,212677,50,275084
1547,0.001771,172.217.194.0-255,1484,214161,50,275084
1548,0.001782,172.217.194.0-255,1484,215645,50,275084
1549,0.001795,172.217.194.0-255,1484,217129,50,275084
1550,0.001798,172.217.194.0-255,1484,218613,50,275084
1551,0.001804,172.31.46.0-255,66,218679,50,275084
1552,0.001821,172.217.194.0-255,4320,222999,50,275084
1553,0.001824,172.217.194.0-255,1484,224483,50,275084
1554,0.001835,172.31.46.0-255,66,224549,50,275084
1555,0.001846,172.217.194.0-255,1484,226033,50,275084
1556,0.001873,172.217.194.0-255,7156,233189,50,275084
1557,0.001879,172.217.194.0-255,5738,238927,50,275084
1558,0.001895,172.217.194.0-255,4320,243247,50,275084
1559,0.001898,172.31.46.0-255,66,243313,50,275084
1560,0.001903,172.31.46.0-255,66,243379,50,275084
1561,0.001918,172.217.194.0-255,3602,246981,50,275084
1562,0.001934,172.31.46.0-255,66,247047,50,275084
1563,0.001944,172.217.194.0-255,4320,251367,50,275084
1564,0.001949,172.31.46.0-255,66,251433,50,275084
1565,0.001973,172.217.194.0-255,5738,257171,50,275084
1566,0.001981,172.31.46.0-255,66,257237,50,275084
1567,0.001991,172.217.194.0-255,4320,261557,50,275084
1568,0.001998,172.217.194.0-255,7156,268713,50,275084
1569,0.002012,172.217.194.0-255,4320,273033,50,275084
1570,0.002043,172.31.46.0-255,66,273099,50,275084
1571,0.002107,172.31.46.0-255,66,273165,50,275084
1572,0.00212,172.217.194.0-255,1394,274559,50,275084
1573,0.002163,172.217.194.0-255,105,274664,50,275084
1574,0.011835,172.31.46.0-255,66,274730,50,275084
1575,0.011874,172.217.194.0-255,105,274835,50,275084
1576,0.01188,172.31.46.0-255,78,274913,50,275084
1577,0.011898,172.31.46.0-255,105,275018,50,275084
1578,0.014085,172.217.194.0-255,66,275084,50,275084
1579,0.0,74.125.24.0-255,152,152,50,231545
1580,1.9e-05,172.31.46.0-255,66,218,50,231545
1581,2.6e-05,74.125.24.0-255,1484,1702,50,231545
1582,3.1e-05,172.31.46.0-255,66,1768,50,231545
1583,3.5e-05,74.125.24.0-255,1484,3252,50,231545
1584,3.8e-05,172.31.46.0-255,66,3318,50,231545
1585,6.7e-05,74.125.24.0-255,1484,4802,50,231545
1586,7e-05,172.31.46.0-255,66,4868,50,231545
1587,7.7e-05,74.125.24.0-255,5738,10606,50,231545
1588,8e-05,172.31.46.0-255,66,10672,50,231545
1589,8.7e-05,74.125.24.0-255,6318,16990,50,231545
1590,9e-05,172.31.46.0-255,66,17056,50,231545
1591,9.7e-05,74.125.24.0-255,7156,24212,50,231545
1592,0.0001,172.31.46.0-255,66,24278,50,231545
1593,0.00013,74.125.24.0-255,6797,31075,50,231545
1594,0.000132,172.31.46.0-255,66,31141,50,231545
1595,0.000222,74.125.24.0-255,1484,32625,50,231545
1596,0.000226,172.31.46.0-255,66,32691,50,231545
1597,0.000231,74.125.24.0-255,2902,35593,50,231545
1598,0.000233,172.31.46.0-255,66,35659,50,231545
1599,0.000236,74.125.24.0-255,1484,37143,50,231545
1600,0.000238,172.31.46.0-255,66,37209,50,231545
1601,0.000265,74.125.24.0-255,4320,41529,50,231545
1602,0.000268,172.31.46.0-255,66,41595,50,231545
1603,0.000285,74.125.24.0-255,4320,45915,50,231545
1604,0.000288,172.31.46.0-255,66,45981,50,231545
1605,0.000311,172.31.46.0-255,66,46047,50,231545
1606,0.000367,74.125.24.0-255,5738,51785,50,231545
1607,0.00037,172.31.46.0-255,66,51851,50,231545
1608,0.000385,74.125.24.0-255,5706,57557,50,231545
1609,0.000387,172.31.46.0-255,66,57623,50,231545
1610,0.000507,74.125.24.0-255,114,57737,50,231545
1611,0.000599,74.125.24.0-255,1484,59221,50,231545
1612,0.000605,74.125.24.0-255,2902,62123,50,231545
1613,0.000613,172.31.46.0-255,66,62189,50,231545
1614,0.000649,74.125.24.0-255,5738,67927,50,231545
1615,0.000665,172.31.46.0-255,66,67993,50,231545
1616,0.000679,74.125.24.0-255,6797,74790,50,231545
1617,0.000684,74.125.24.0-255,2902,77692,50,231545
1618,0.000688,172.31.46.0-255,66,77758,50,231545
1619,0.000704,74.125.24.0-255,4320,82078,50,231545
1620,0.000718,172.31.46.0-255,66,82144,50,231545
1621,0.000756,172.31.46.0-255,66,82210,50,231545
1622,0.0009,74.125.24.0-255,1484,83694,50,231545
1623,0.000907,74.125.24.0-255,2902,86596,50,231545
1624,0.000911,172.31.46.0-255,66,86662,50,231545
1625,0.000938,74.125.24.0-255,5738,92400,50,231545
1626,0.000943,74.125.24.0-255,2902,95302,50,231545
1627,0.00096,172.31.46.0-255,66,95368,50,231545
1628,0.000968,74.125.24.0-255,7156,102524,50,231545
1629,0.000978,172.31.46.0-255,66,102590,50,231545
1630,0.000992,74.125.24.0-255,2902,105492,50,231545
1631,0.001007,172.31.46.0-255,66,105558,50,231545
1632,0.001027,74.125.24.0-255,4320,109878,50,231545
1633,0.001033,172.31.46.0-255,66,109944,50,231545
1634,0.001061,74.125.24.0-255,5738,115682,50,231545
1635,0.00109,74.125.24.0-255,2902,118584,50,231545
1636,0.001096,172.31.46.0-255,66,118650,50,231545
1637,0.001109,74.125.24.0-255,2450,121100,50,231545
1638,0.001128,172.31.46.0-255,66,121166,50,231545
1639,0.001241,74.125.24.0-255,1484,122650,50,231545
1640,0.001245,74.125.24.0-255,2902,125552,50,231545
1641,0.001263,74.125.24.0-255,5738,131290,50,231545
1642,0.001272,172.31.46.0-255,66,131356,50,231545
1643,0.001283,74.125.24.0-255,4320,135676,50,231545
1644,0.001288,172.31.46.0-255,66,135742,50,231545
1645,0.001308,74.125.24.0-255,4320,140062,50,231545
1646,0.00133,172.31.46.0-255,66,140128,50,231545
1647,0.001358,74.125.24.0-255,4320,144448,50,231545
1648,0.001364,172.31.46.0-255,66,144514,50,231545
1649,0.001373,74.125.24.0-255,2184,146698,50,231545
1650,0.001378,172.31.46.0-255,66,146764,50,231545
1651,0.00334,74.125.24.0-255,2902,149666,50,231545
1652,0.003347,172.31.46.0-255,66,149732,50,231545
1653,0.003364,74.125.24.0-255,2902,152634,50,231545
1654,0.003367,172.31.46.0-255,66,152700,50,231545
1655,0.005312,74.125.24.0-255,2902,155602,50,231545
1656,0.005316,172.31.46.0-255,66,155668,50,231545
1657,0.005343,74.125.24.0-255,2902,158570,50,231545
1658,0.005344,172.31.46.0-255,66,158636,50,231545
1659,0.007299,74.125.24.0-255,2902,161538,50,231545
1660,0.007303,172.31.46.0-255,66,161604,50,231545
1661,0.007323,74.125.24.0-255,2902,164506,50,231545
1662,0.007325,172.31.46.0-255,66,164572,50,231545
1663,0.009288,74.125.24.0-255,5738,170310,50,231545
1664,0.009294,172.31.46.0-255,66,170376,50,231545
1665,0.011308,74.125.24.0-255,5738,176114,50,231545
1666,0.011316,172.31.46.0-255,66,176180,50,231545
1667,0.013335,74.125.24.0-255,5738,181918,50,231545
1668,0.013342,172.31.46.0-255,66,181984,50,231545
1669,0.015347,74.125.24.0-255,5738,187722,50,231545
1670,0.015355,172.31.46.0-255,66,187788,50,231545
1671,0.017352,74.125.24.0-255,5738,193526,50,231545
1672,0.01736,172.31.46.0-255,66,193592,50,231545
1673,0.019358,74.125.24.0-255,5738,199330,50,231545
1674,0.019365,172.31.46.0-255,66,199396,50,231545
1675,0.021342,74.125.24.0-255,5738,205134,50,231545
1676,0.021349,172.31.46.0-255,66,205200,50,231545
1677,0.023344,74.125.24.0-255,5738,210938,50,231545
1678,0.023351,172.31.46.0-255,66,211004,50,231545
1679,0.025337,74.125.24.0-255,5738,216742,50,231545
1680,0.025349,172.31.46.0-255,66,216808,50,231545
1681,0.027385,74.125.24.0-255,5738,222546,50,231545
1682,0.027393,172.31.46.0-255,66,222612,50,231545
1683,0.029377,172.31.46.0-255,172,222784,50,231545
1684,0.029405,74.125.24.0-255,5738,228522,50,231545
1685,0.029409,172.31.46.0-255,66,228588,50,231545
1686,0.029436,172.31.46.0-255,1113,229701,50,231545
1687,0.029543,172.31.46.0-255,1514,231215,50,231545
1688,0.029545,172.31.46.0-255,330,231545,50,231545
1689,0.0,74.125.200.0-255,66,66,50,66
1690,0.0,172.217.194.0-255,153,153,50,206670
1691,2.4e-05,172.31.46.0-255,66,219,50,206670
1692,3.1e-05,172.217.194.0-255,1484,1703,50,206670
1693,3.5e-05,172.31.46.0-255,66,1769,50,206670
1694,6e-05,172.217.194.0-255,1484,3253,50,206670
1695,6.2e-05,172.31.46.0-255,66,3319,50,206670
1696,6.8e-05,172.217.194.0-255,2902,6221,50,206670
1697,7.1e-05,172.31.46.0-255,66,6287,50,206670
1698,7.8e-05,172.217.194.0-255,5738,12025,50,206670
1699,8.1e-05,172.31.46.0-255,66,12091,50,206670
1700,8.5e-05,172.217.194.0-255,2102,14193,50,206670
1701,8.8e-05,172.31.46.0-255,66,14259,50,206670
1702,0.000151,172.217.194.0-255,1484,15743,50,206670
1703,0.000155,172.31.46.0-255,66,15809,50,206670
1704,0.000172,172.217.194.0-255,2902,18711,50,206670
1705,0.000175,172.31.46.0-255,66,18777,50,206670
1706,0.000194,172.217.194.0-255,4320,23097,50,206670
1707,0.000197,172.31.46.0-255,66,23163,50,206670
1708,0.000215,172.217.194.0-255,1484,24647,50,206670
1709,0.000217,172.31.46.0-255,66,24713,50,206670
1710,0.000241,172.217.194.0-255,6797,31510,50,206670
1711,0.000244,172.31.46.0-255,66,31576,50,206670
1712,0.000268,172.217.194.0-255,7156,38732,50,206670
1713,0.000271,172.31.46.0-255,66,38798,50,206670
1714,0.000288,172.217.194.0-255,2902,41700,50,206670
1715,0.00029,172.31.46.0-255,66,41766,50,206670
1716,0.000308,172.217.194.0-255,5738,47504,50,206670
1717,0.000311,172.31.46.0-255,66,47570,50,206670
1718,0.000322,172.217.194.0-255,1125,48695,50,206670
1719,0.000325,172.31.46.0-255,66,48761,50,206670
1720,0.000588,172.217.194.0-255,1484,50245,50,206670
1721,0.000592,172.31.46.0-255,66,50311,50,206670
1722,0.000596,172.217.194.0-255,1484,51795,50,206670
1723,0.000609,172.217.194.0-255,1484,53279,50,206670
1724,0.00063,172.217.194.0-255,5738,59017,50,206670
1725,0.000634,172.217.194.0-255,1484,60501,50,206670
1726,0.000657,172.217.194.0-255,5379,65880,50,206670
1727,0.000693,172.217.194.0-255,2902,68782,50,206670
1728,0.000696,172.217.194.0-255,1484,70266,50,206670
1729,0.000713,172.217.194.0-255,2902,73168,50,206670
1730,0.000777,172.217.194.0-255,2184,75352,50,206670
1731,0.000879,172.31.46.0-255,66,75418,50,206670
1732,0.001141,172.217.194.0-255,1484,76902,50,206670
1733,0.001149,172.217.194.0-255,2902,79804,50,206670
1734,0.001153,172.217.194.0-255,1484,81288,50,206670
1735,0.001169,172.217.194.0-255,4320,85608,50,206670
1736,0.001186,172.217.194.0-255,4320,89928,50,206670
1737,0.001191,172.31.46.0-255,66,89994,50,206670
1738,0.001196,172.31.46.0-255,66,90060,50,206670
1739,0.001237,172.31.46.0-255,66,90126,50,206670
1740,0.001261,172.217.194.0-255,4320,94446,50,206670
1741,0.001273,172.31.46.0-255,66,94512,50,206670
1742,0.001276,172.217.194.0-255,1484,95996,50,206670
1743,0.001281,172.217.194.0-255,2902,98898,50,206670
1744,0.001286,172.31.46.0-255,66,98964,50,206670
1745,0.001296,172.217.194.0-255,4320,103284,50,206670
1746,0.001299,172.217.194.0-255,1484,104768,50,206670
1747,0.001368,172.217.194.0-255,1484,106252,50,206670
1748,0.001375,172.217.194.0-255,6438,112690,50,206670
1749,0.001391,172.31.46.0-255,66,112756,50,206670
1750,0.001534,172.217.194.0-255,1484,114240,50,206670
1751,0.001555,172.217.194.0-255,2902,117142,50,206670
1752,0.001562,172.31.46.0-255,66,117208,50,206670
1753,0.001571,172.217.194.0-255,1484,118692,50,206670
1754,0.001575,172.217.194.0-255,2902,121594,50,206670
1755,0.001578,172.31.46.0-255,66,121660,50,206670
1756,0.001612,172.217.194.0-255,4320,125980,50,206670
1757,0.001618,172.31.46.0-255,66,126046,50,206670
1758,0.001626,172.217.194.0-255,1484,127530,50,206670
1759,0.001631,172.217.194.0-255,4320,131850,50,206670
1760,0.001633,172.217.194.0-255,1484,133334,50,206670
1761,0.001638,172.31.46.0-255,66,133400,50,206670
1762,0.001671,172.217.194.0-255,1484,134884,50,206670
1763,0.001687,172.217.194.0-255,2184,137068,50,206670
1764,0.001698,172.31.46.0-255,66,137134,50,206670
1765,0.001827,172.217.194.0-255,1484,138618,50,206670
1766,0.001833,172.217.194.0-255,2902,141520,50,206670
1767,0.001841,172.31.46.0-255,66,141586,50,206670
1768,0.001852,172.217.194.0-255,5738,147324,50,206670
1769,0.001857,172.31.46.0-255,66,147390,50,206670
1770,0.001891,172.217.194.0-255,2902,150292,50,206670
1771,0.001897,172.217.194.0-255,5738,156030,50,206670
1772,0.001916,172.217.194.0-255,5020,161050,50,206670
1773,0.001919,172.31.46.0-255,66,161116,50,206670
1774,0.001924,172.31.46.0-255,66,161182,50,206670
1775,0.00196,172.31.46.0-255,66,161248,50,206670
1776,0.002013,172.31.46.0-255,66,161314,50,206670
1777,0.002024,172.217.194.0-255,4320,165634,50,206670
1778,0.002028,172.31.46.0-255,66,165700,50,206670
1779,0.002088,172.217.194.0-255,4320,170020,50,206670
1780,0.002128,172.31.46.0-255,66,170086,50,206670
1781,0.002194,172.217.194.0-255,5738,175824,50,206670
1782,0.002214,172.217.194.0-255,7156,182980,50,206670
1783,0.002229,172.31.46.0-255,66,183046,50,206670
1784,0.002236,172.217.194.0-255,1484,184530,50,206670
1785,0.002241,172.217.194.0-255,2902,187432,50,206670
1786,0.002251,172.31.46.0-255,66,187498,50,206670
1787,0.002258,172.217.194.0-255,5738,193236,50,206670
1788,0.002282,172.217.194.0-255,7156,200392,50,206670
1789,0.002296,172.31.46.0-255,66,200458,50,206670
1790,0.002317,172.217.194.0-255,5738,206196,50,206670
1791,0.002337,172.31.46.0-255,66,206262,50,206670
1792,0.002359,172.31.46.0-255,66,206328,50,206670
1793,0.002373,172.217.194.0-255,105,206433,50,206670
1794,0.005075,172.31.46.0-255,66,206499,50,206670
1795,0.005113,172.31.46.0-255,105,206604,50,206670
1796,0.00772,172.217.194.0-255,66,206670,50,206670
1797,0.0,172.217.194.0-255,153,153,50,183156
1798,2e-05,172.31.46.0-255,66,219,50,183156
1799,2.7e-05,172.217.194.0-255,1484,1703,50,183156
1800,3.3e-05,172.31.46.0-255,66,1769,50,183156
1801,4.6e-05,172.217.194.0-255,2902,4671,50,183156
1802,5e-05,172.31.46.0-255,66,4737,50,183156
1803,5.8e-05,172.217.194.0-255,7156,11893,50,183156
1804,6.2e-05,172.31.46.0-255,66,11959,50,183156
1805,0.000106,172.217.194.0-255,1977,13936,50,183156
1806,0.00011,172.31.46.0-255,66,14002,50,183156
1807,0.000115,172.217.194.0-255,2902,16904,50,183156
1808,0.000117,172.31.46.0-255,66,16970,50,183156
1809,0.000157,172.217.194.0-255,4320,21290,50,183156
1810,0.000161,172.31.46.0-255,66,21356,50,183156
1811,0.000198,172.217.194.0-255,2902,24258,50,183156
1812,0.000201,172.31.46.0-255,66,24324,50,183156
1813,0.000209,172.217.194.0-255,6797,31121,50,183156
1814,0.000211,172.31.46.0-255,66,31187,50,183156
1815,0.000232,172.31.46.0-255,66,31253,50,183156
1816,0.000234,172.217.194.0-255,1125,32378,50,183156
1817,0.000236,172.31.46.0-255,66,32444,50,183156
1818,0.0003,172.31.46.0-255,66,32510,50,183156
1819,0.000328,172.217.194.0-255,2543,35053,50,183156
1820,0.000331,172.31.46.0-255,66,35119,50,183156
1821,0.000334,172.217.194.0-255,678,35797,50,183156
1822,0.000337,172.31.46.0-255,66,35863,50,183156
1823,0.000516,172.217.194.0-255,1484,37347,50,183156
1824,0.000522,172.31.46.0-255,66,37413,50,183156
1825,0.000528,172.217.194.0-255,2902,40315,50,183156
1826,0.00053,172.31.46.0-255,66,40381,50,183156
1827,0.000536,172.217.194.0-255,4320,44701,50,183156
1828,0.000574,172.217.194.0-255,1484,46185,50,183156
1829,0.000676,172.31.46.0-255,66,46251,50,183156
1830,0.000917,172.217.194.0-255,1484,47735,50,183156
1831,0.000923,172.217.194.0-255,1484,49219,50,183156
1832,0.000929,172.31.46.0-255,66,49285,50,183156
1833,0.000957,172.217.194.0-255,1484,50769,50,183156
1834,0.000965,172.217.194.0-255,5738,56507,50,183156
1835,0.000982,172.31.46.0-255,66,56573,50,183156
1836,0.001027,172.31.46.0-255,66,56639,50,183156
1837,0.001148,172.217.194.0-255,1484,58123,50,183156
1838,0.001154,172.217.194.0-255,2902,61025,50,183156
1839,0.001159,172.31.46.0-255,66,61091,50,183156
1840,0.00117,172.217.194.0-255,5738,66829,50,183156
1841,0.001191,172.217.194.0-255,4320,71149,50,183156
1842,0.001232,172.31.46.0-255,66,71215,50,183156
1843,0.001279,172.31.46.0-255,66,71281,50,183156
1844,0.001913,172.217.194.0-255,1484,72765,50,183156
1845,0.00192,172.217.194.0-255,2902,75667,50,183156
1846,0.001924,172.31.46.0-255,66,75733,50,183156
1847,0.001928,172.217.194.0-255,1484,77217,50,183156
1848,0.001946,172.217.194.0-255,4320,81537,50,183156
1849,0.001958,172.217.194.0-255,2902,84439,50,183156
1850,0.001961,172.31.46.0-255,66,84505,50,183156
1851,0.001984,172.31.46.0-255,66,84571,50,183156
1852,0.001991,172.217.194.0-255,1484,86055,50,183156
1853,0.002029,172.31.46.0-255,66,86121,50,183156
1854,0.002143,172.217.194.0-255,1484,87605,50,183156
1855,0.002164,172.217.194.0-255,2902,90507,50,183156
1856,0.002169,172.31.46.0-255,66,90573,50,183156
1857,0.00218,172.217.194.0-255,4320,94893,50,183156
1858,0.002196,172.217.194.0-255,1484,96377,50,183156
1859,0.002202,172.217.194.0-255,4320,100697,50,183156
1860,0.002228,172.217.194.0-255,4320,105017,50,183156
1861,0.002237,172.31.46.0-255,66,105083,50,183156
1862,0.002258,172.217.194.0-255,6438,111521,50,183156
1863,0.002302,172.31.46.0-255,66,111587,50,183156
1864,0.002374,172.217.194.0-255,1484,113071,50,183156
1865,0.002379,172.217.194.0-255,1484,114555,50,183156
1866,0.0024,172.31.46.0-255,66,114621,50,183156
1867,0.002404,172.217.194.0-255,1484,116105,50,183156
1868,0.002411,172.217.194.0-255,5738,121843,50,183156
1869,0.00242,172.217.194.0-255,4320,126163,50,183156
1870,0.00245,172.217.194.0-255,5738,131901,50,183156
1871,0.002453,172.31.46.0-255,66,131967,50,183156
1872,0.00248,172.217.194.0-255,5020,136987,50,183156
1873,0.002523,172.217.194.0-255,4320,141307,50,183156
1874,0.002548,172.217.194.0-255,5738,147045,50,183156
1875,0.002587,172.217.194.0-255,1484,148529,50,183156
1876,0.002634,172.217.194.0-255,5738,154267,50,183156
1877,0.002652,172.217.194.0-255,5020,159287,50,183156
1878,0.002655,172.217.194.0-255,1484,160771,50,183156
1879,0.002661,172.217.194.0-255,5738,166509,50,183156
1880,0.002687,172.217.194.0-255,4320,170829,50,183156
1881,0.002722,172.217.194.0-255,2184,173013,50,183156
1882,0.002727,172.217.194.0-255,5738,178751,50,183156
1883,0.002766,172.217.194.0-255,1484,180235,50,183156
1884,0.002786,172.217.194.0-255,1484,181719,50,183156
1885,0.002862,172.217.194.0-255,1095,182814,50,183156
1886,0.002873,172.217.194.0-255,105,182919,50,183156
1887,0.007497,172.31.46.0-255,66,182985,50,183156
1888,0.009192,172.31.46.0-255,105,183090,50,183156
1889,0.011696,172.217.194.0-255,66,183156,50,183156
1890,0.0,172.217.194.0-255,147,147,50,226170
1891,1.8e-05,172.31.46.0-255,66,213,50,226170
1892,2.4e-05,172.217.194.0-255,1484,1697,50,226170
1893,2.8e-05,172.31.46.0-255,66,1763,50,226170
1894,3.3e-05,172.217.194.0-255,2902,4665,50,226170
1895,3.6e-05,172.31.46.0-255,66,4731,50,226170
1896,5.9e-05,172.217.194.0-255,7156,11887,50,226170
1897,6.2e-05,172.31.46.0-255,66,11953,50,226170
1898,0.000105,172.217.194.0-255,2043,13996,50,226170
1899,0.000107,172.31.46.0-255,66,14062,50,226170
1900,0.000181,172.217.194.0-255,1484,15546,50,226170
1901,0.000185,172.31.46.0-255,66,15612,50,226170
1902,0.00019,172.217.194.0-255,2902,18514,50,226170
1903,0.000192,172.31.46.0-255,66,18580,50,226170
1904,0.000228,172.217.194.0-255,2902,21482,50,226170
1905,0.000231,172.31.46.0-255,66,21548,50,226170
1906,0.000242,172.217.194.0-255,1484,23032,50,226170
1907,0.000244,172.31.46.0-255,66,23098,50,226170
1908,0.000274,172.217.194.0-255,1484,24582,50,226170
1909,0.000276,172.31.46.0-255,66,24648,50,226170
1910,0.000289,172.217.194.0-255,6797,31445,50,226170
1911,0.000292,172.31.46.0-255,66,31511,50,226170
1912,0.000303,172.217.194.0-255,2902,34413,50,226170
1913,0.000305,172.31.46.0-255,66,34479,50,226170
1914,0.000341,172.31.46.0-255,66,34545,50,226170
1915,0.00035,172.31.46.0-255,66,34611,50,226170
1916,0.000381,172.217.194.0-255,7156,41767,50,226170
1917,0.000384,172.31.46.0-255,66,41833,50,226170
1918,0.000388,172.217.194.0-255,3602,45435,50,226170
1919,0.00039,172.31.46.0-255,66,45501,50,226170
1920,0.000772,172.217.194.0-255,341,45842,50,226170
1921,0.000825,172.217.194.0-255,118,45960,50,226170
1922,0.000926,172.31.46.0-255,66,46026,50,226170
1923,0.001012,172.217.194.0-255,1484,47510,50,226170
1924,0.00102,172.217.194.0-255,2902,50412,50,226170
1925,0.001022,172.31.46.0-255,66,50478,50,226170
1926,0.001037,172.217.194.0-255,1484,51962,50,226170
1927,0.00105,172.217.194.0-255,4320,56282,50,226170
1928,0.001052,172.31.46.0-255,66,56348,50,226170
1929,0.00107,172.217.194.0-255,2902,59250,50,226170
1930,0.001071,172.31.46.0-255,66,59316,50,226170
1931,0.001086,172.217.194.0-255,4320,63636,50,226170
1932,0.001088,172.31.46.0-255,66,63702,50,226170
1933,0.001125,172.31.46.0-255,66,63768,50,226170
1934,0.001145,172.217.194.0-255,5738,69506,50,226170
1935,0.001147,172.31.46.0-255,66,69572,50,226170
1936,0.001196,172.31.46.0-255,66,69638,50,226170
1937,0.001207,172.31.46.0-255,66,69704,50,226170
1938,0.001225,172.217.194.0-255,2902,72606,50,226170
1939,0.001227,172.31.46.0-255,66,72672,50,226170
1940,0.001229,172.217.194.0-255,1484,74156,50,226170
1941,0.001233,172.217.194.0-255,2902,77058,50,226170
1942,0.001235,172.31.46.0-255,66,77124,50,226170
1943,0.00127,172.217.194.0-255,2902,80026,50,226170
1944,0.001273,172.31.46.0-255,66,80092,50,226170
1945,0.001278,172.217.194.0-255,4320,84412,50,226170
1946,0.00128,172.31.46.0-255,66,84478,50,226170
1947,0.001311,172.217.194.0-255,2902,87380,50,226170
1948,0.001315,172.31.46.0-255,66,87446,50,226170
1949,0.001334,172.217.194.0-255,3602,91048,50,226170
1950,0.001337,172.31.46.0-255,66,91114,50,226170
1951,0.00135,172.217.194.0-255,2902,94016,50,226170
1952,0.001352,172.31.46.0-255,66,94082,50,226170
1953,0.001375,172.217.194.0-255,4320,98402,50,226170
1954,0.001378,172.31.46.0-255,66,98468,50,226170
1955,0.001383,172.217.194.0-255,4320,102788,50,226170
1956,0.001385,172.31.46.0-255,66,102854,50,226170
1957,0.001429,172.31.46.0-255,66,102920,50,226170
1958,0.001436,172.217.194.0-255,5020,107940,50,226170
1959,0.001438,172.31.46.0-255,66,108006,50,226170
1960,0.00147,172.217.194.0-255,5738,113744,50,226170
1961,0.001474,172.31.46.0-255,66,113810,50,226170
1962,0.001505,172.31.46.0-255,66,113876,50,226170
1963,0.001511,172.217.194.0-255,5738,119614,50,226170
1964,0.001513,172.31.46.0-255,66,119680,50,226170
1965,0.001537,172.217.194.0-255,7156,126836,50,226170
1966,0.00154,172.31.46.0-255,66,126902,50,226170
1967,0.001542,172.217.194.0-255,1080,127982,50,226170
1968,0.001778,172.217.194.0-255,1484,129466,50,226170
1969,0.001785,172.31.46.0-255,66,129532,50,226170
1970,0.001792,172.217.194.0-255,2902,132434,50,226170
1971,0.001795,172.31.46.0-255,66,132500,50,226170
1972,0.001801,172.217.194.0-255,5738,138238,50,226170
1973,0.001804,172.31.46.0-255,66,138304,50,226170
1974,0.001878,172.31.46.0-255,66,138370,50,226170
1975,0.001901,172.217.194.0-255,7156,145526,50,226170
1976,0.001905,172.31.46.0-255,66,145592,50,226170
1977,0.001924,172.217.194.0-255,3602,149194,50,226170
1978,0.001926,172.31.46.0-255,66,149260,50,226170
1979,0.002,172.217.194.0-255,1484,150744,50,226170
1980,0.002018,172.217.194.0-255,2902,153646,50,226170
1981,0.002021,172.31.46.0-255,66,153712,50,226170
1982,0.002027,172.217.194.0-255,4320,158032,50,226170
1983,0.00203,172.31.46.0-255,66,158098,50,226170
1984,0.002041,172.217.194.0-255,1484,159582,50,226170
1985,0.002045,172.217.194.0-255,1484,161066,50,226170
1986,0.002047,172.31.46.0-255,66,161132,50,226170
1987,0.002084,172.31.46.0-255,66,161198,50,226170
1988,0.002107,172.217.194.0-255,2902,164100,50,226170
1989,0.00211,172.31.46.0-255,66,164166,50,226170
1990,0.00214,172.31.46.0-255,66,164232,50,226170
1991,0.002166,172.217.194.0-255,1484,165716,50,226170
1992,0.002171,172.217.194.0-255,2902,168618,50,226170
1993,0.002173,172.31.46.0-255,66,168684,50,226170
1994,0.00219,172.217.194.0-255,1484,170168,50,226170
1995,0.002208,172.217.194.0-255,4320,174488,50,226170
1996,0.00221,172.31.46.0-255,66,174554,50,226170
1997,0.002214,172.217.194.0-255,1484,176038,50,226170
1998,0.002225,172.217.194.0-255,1484,177522,50,226170
1999,0.002228,172.31.46.0-255,66,177588,50,226170
2000,0.002256,172.31.46.0-255,66,177654,50,226170
2001,0.00226,172.217.194.0-255,2902,180556,50,226170
2002,0.002263,172.31.46.0-255,66,180622,50,226170
2003,0.002298,172.31.46.0-255,66,180688,50,226170
2004,0.002314,172.217.194.0-255,1484,182172,50,226170
2005,0.002326,172.217.194.0-255,2902,185074,50,226170
2006,0.002329,172.31.46.0-255,66,185140,50,226170
2007,0.002333,172.217.194.0-255,2902,188042,50,226170
2008,0.002336,172.31.46.0-255,66,188108,50,226170
2009,0.002353,172.217.194.0-255,2902,191010,50,226170
2010,0.002356,172.31.46.0-255,66,191076,50,226170
2011,0.00236,172.217.194.0-255,2902,193978,50,226170
2012,0.002362,172.31.46.0-255,66,194044,50,226170
2013,0.002379,172.217.194.0-255,7156,201200,50,226170
2014,0.002382,172.31.46.0-255,66,201266,50,226170
2015,0.002445,172.31.46.0-255,66,201332,50,226170
2016,0.002449,172.217.194.0-255,1484,202816,50,226170
2017,0.002474,172.31.46.0-255,66,202882,50,226170
2018,0.002498,172.217.194.0-255,1484,204366,50,226170
2019,0.002513,172.31.46.0-255,66,204432,50,226170
2020,0.002524,172.31.46.0-255,66,204498,50,226170
2021,0.002561,172.217.194.0-255,5738,210236,50,226170
2022,0.002564,172.31.46.0-255,66,210302,50,226170
2023,0.00259,172.31.46.0-255,66,210368,50,226170
2024,0.002624,172.31.46.0-255,66,210434,50,226170
2025,0.002629,172.217.194.0-255,5020,215454,50,226170
2026,0.002632,172.31.46.0-255,66,215520,50,226170
2027,0.002673,172.217.194.0-255,1484,217004,50,226170
2028,0.002697,172.217.194.0-255,4564,221568,50,226170
2029,0.0027,172.31.46.0-255,66,221634,50,226170
2030,0.005299,172.217.194.0-255,105,221739,50,226170
2031,0.007417,172.31.46.0-255,101,221840,50,226170
2032,0.008986,172.31.46.0-255,105,221945,50,226170
2033,0.010037,172.217.194.0-255,66,222011,50,226170
2034,0.01158,172.217.194.0-255,66,222077,50,226170
2035,0.029423,172.31.46.0-255,172,222249,50,226170
2036,0.029453,172.31.46.0-255,1113,223362,50,226170
2037,0.029515,172.31.46.0-255,1514,224876,50,226170
2038,0.029517,172.31.46.0-255,1294,226170,50,226170
2039,0.0,172.217.194.0-255,153,153,50,282618
2040,2.3e-05,172.31.46.0-255,66,219,50,282618
2041,3e-05,172.217.194.0-255,1484,1703,50,282618
2042,3.4e-05,172.31.46.0-255,66,1769,50,282618
2043,3.9e-05,172.217.194.0-255,2902,4671,50,282618
2044,4.3e-05,172.31.46.0-255,66,4737,50,282618
2045,4.7e-05,172.217.194.0-255,2902,7639,50,282618
2046,5.1e-05,172.31.46.0-255,66,7705,50,282618
2047,5.7e-05,172.217.194.0-255,4320,12025,50,282618
2048,6e-05,172.31.46.0-255,66,12091,50,282618
2049,8.2e-05,172.217.194.0-255,4320,16411,50,282618
2050,8.5e-05,172.31.46.0-255,66,16477,50,282618
2051,0.000114,172.217.194.0-255,1940,18417,50,282618
2052,0.000116,172.31.46.0-255,66,18483,50,282618
2053,0.000124,172.217.194.0-255,7156,25639,50,282618
2054,0.000127,172.31.46.0-255,66,25705,50,282618
2055,0.000133,172.217.194.0-255,5379,31084,50,282618
2056,0.000136,172.31.46.0-255,66,31150,50,282618
2057,0.000214,172.217.194.0-255,1484,32634,50,282618
2058,0.000217,172.31.46.0-255,66,32700,50,282618
2059,0.000222,172.217.194.0-255,2902,35602,50,282618
2060,0.000224,172.31.46.0-255,66,35668,50,282618
2061,0.000247,172.217.194.0-255,5738,41406,50,282618
2062,0.00025,172.31.46.0-255,66,41472,50,282618
2063,0.000303,172.217.194.0-255,5738,47210,50,282618
2064,0.000306,172.31.46.0-255,66,47276,50,282618
2065,0.000327,172.217.194.0-255,6797,54073,50,282618
2066,0.00033,172.31.46.0-255,66,54139,50,282618
2067,0.000337,172.217.194.0-255,7156,61295,50,282618
2068,0.00034,172.31.46.0-255,66,61361,50,282618
2069,0.000355,172.217.194.0-255,4247,65608,50,282618
2070,0.000357,172.31.46.0-255,66,65674,50,282618
2071,0.000372,172.217.194.0-255,399,66073,50,282618
2072,0.000689,172.217.194.0-255,1484,67557,50,282618
2073,0.000694,172.217.194.0-255,2902,70459,50,282618
2074,0.000702,172.31.46.0-255,66,70525,50,282618
2075,0.000711,172.217.194.0-255,1484,72009,50,282618
2076,0.000725,172.217.194.0-255,4320,76329,50,282618
2077,0.000727,172.217.194.0-255,1484,77813,50,282618
2078,0.000741,172.31.46.0-255,66,77879,50,282618
2079,0.000789,172.217.194.0-255,2902,80781,50,282618
2080,0.000819,172.31.46.0-255,66,80847,50,282618
2081,0.000885,172.217.194.0-255,1484,82331,50,282618
2082,0.000901,172.217.194.0-255,2902,85233,50,282618
2083,0.000911,172.31.46.0-255,66,85299,50,282618
2084,0.000918,172.217.194.0-255,5738,91037,50,282618
2085,0.000927,172.31.46.0-255,66,91103,50,282618
2086,0.000933,172.217.194.0-255,2902,94005,50,282618
2087,0.000948,172.217.194.0-255,4320,98325,50,282618
2088,0.000962,172.31.46.0-255,66,98391,50,282618
2089,0.000973,172.217.194.0-255,5738,104129,50,282618
2090,0.000975,172.217.194.0-255,1484,105613,50,282618
2091,0.00098,172.31.46.0-255,66,105679,50,282618
2092,0.000994,172.217.194.0-255,5738,111417,50,282618
2093,0.001014,172.217.194.0-255,3602,115019,50,282618
2094,0.001033,172.31.46.0-255,66,115085,50,282618
2095,0.001077,172.217.194.0-255,1484,116569,50,282618
2096,0.001083,172.217.194.0-255,2902,119471,50,282618
2097,0.001104,172.31.46.0-255,66,119537,50,282618
2098,0.001114,172.217.194.0-255,4320,123857,50,282618
2099,0.001124,172.31.46.0-255,66,123923,50,282618
2100,0.001128,172.217.194.0-255,1484,125407,50,282618
2101,0.001144,172.217.194.0-255,2902,128309,50,282618
2102,0.001154,172.31.46.0-255,66,128375,50,282618
2103,0.001194,172.217.194.0-255,1484,129859,50,282618
2104,0.001201,172.31.46.0-255,66,129925,50,282618
2105,0.001227,172.217.194.0-255,5020,134945,50,282618
2106,0.001234,172.217.194.0-255,5738,140683,50,282618
2107,0.001241,172.31.46.0-255,66,140749,50,282618
2108,0.00128,172.217.194.0-255,4320,145069,50,282618
2109,0.001284,172.217.194.0-255,2902,147971,50,282618
2110,0.001288,172.31.46.0-255,66,148037,50,282618
2111,0.001293,172.31.46.0-255,66,148103,50,282618
2112,0.00132,172.217.194.0-255,4320,152423,50,282618
2113,0.001325,172.31.46.0-255,66,152489,50,282618
2114,0.001337,172.217.194.0-255,3602,156091,50,282618
2115,0.001362,172.31.46.0-255,66,156157,50,282618
2116,0.001382,172.217.194.0-255,1484,157641,50,282618
2117,0.001385,172.217.194.0-255,1484,159125,50,282618
2118,0.001391,172.31.46.0-255,66,159191,50,282618
2119,0.001412,172.217.194.0-255,1484,160675,50,282618
2120,0.001418,172.217.194.0-255,5738,166413,50,282618
2121,0.001423,172.31.46.0-255,66,166479,50,282618
2122,0.001445,172.217.194.0-255,7156,173635,50,282618
2123,0.001454,172.31.46.0-255,66,173701,50,282618
2124,0.001471,172.217.194.0-255,5738,179439,50,282618
2125,0.001478,172.217.194.0-255,7156,186595,50,282618
2126,0.001489,172.31.46.0-255,66,186661,50,282618
2127,0.0015,172.217.194.0-255,3602,190263,50,282618
2128,0.001511,172.217.194.0-255,2902,193165,50,282618
2129,0.001527,172.217.194.0-255,1484,194649,50,282618
2130,0.00153,172.217.194.0-255,1484,196133,50,282618
2131,0.001534,172.31.46.0-255,66,196199,50,282618
2132,0.001549,172.217.194.0-255,4320,200519,50,282618
2133,0.001561,172.217.194.0-255,7156,207675,50,282618
2134,0.001583,172.217.194.0-255,4320,211995,50,282618
2135,0.001597,172.31.46.0-255,66,212061,50,282618
2136,0.001633,172.217.194.0-255,2902,214963,50,282618
2137,0.001643,172.31.46.0-255,66,215029,50,282618
2138,0.001727,172.217.194.0-255,6438,221467,50,282618
2139,0.001751,172.217.194.0-255,2902,224369,50,282618
2140,0.001763,172.31.46.0-255,66,224435,50,282618
2141,0.001774,172.217.194.0-255,1484,225919,50,282618
2142,0.00178,172.31.46.0-255,66,225985,50,282618
2143,0.001828,172.31.46.0-255,66,226051,50,282618
2144,0.00188,172.217.194.0-255,1484,227535,50,282618
2145,0.001909,172.217.194.0-255,2902,230437,50,282618
2146,0.001916,172.217.194.0-255,5738,236175,50,282618
2147,0.001922,172.217.194.0-255,4320,240495,50,282618
2148,0.00195,172.217.194.0-255,4320,244815,50,282618
2149,0.001973,172.217.194.0-255,7156,251971,50,282618
2150,0.001976,172.217.194.0-255,1484,253455,50,282618
2151,0.001992,172.217.194.0-255,5738,259193,50,282618
2152,0.002004,172.217.194.0-255,766,259959,50,282618
2153,0.002044,172.217.194.0-255,1484,261443,50,282618
2154,0.002057,172.217.194.0-255,2902,264345,50,282618
2155,0.002082,172.217.194.0-255,5738,270083,50,282618
2156,0.002131,172.217.194.0-255,4320,274403,50,282618
2157,0.002195,172.217.194.0-255,5738,280141,50,282618
2158,0.002224,172.217.194.0-255,1785,281926,50,282618
2159,0.002286,172.217.194.0-255,105,282031,50,282618
2160,0.009685,172.31.46.0-255,66,282097,50,282618
2161,0.010658,172.31.46.0-255,101,282198,50,282618
2162,0.011019,172.217.194.0-255,105,282303,50,282618
2163,0.011027,172.31.46.0-255,78,282381,50,282618
2164,0.012503,172.31.46.0-255,105,282486,50,282618
2165,0.013003,172.217.194.0-255,66,282552,50,282618
2166,0.014834,172.217.194.0-255,66,282618,50,282618
2167,0.0,74.125.24.0-255,156,156,50,234855
2168,1.8e-05,172.31.46.0-255,66,222,50,234855
2169,2.5e-05,74.125.24.0-255,1484,1706,50,234855
2170,3e-05,172.31.46.0-255,66,1772,50,234855
2171,4.4e-05,74.125.24.0-255,2902,4674,50,234855
2172,4.8e-05,172.31.46.0-255,66,4740,50,234855
2173,5.3e-05,74.125.24.0-255,2902,7642,50,234855
2174,5.5e-05,172.31.46.0-255,66,7708,50,234855
2175,9.8e-05,74.125.24.0-255,6392,14100,50,234855
2176,0.000101,172.31.46.0-255,66,14166,50,234855
2177,0.000128,74.125.24.0-255,2902,17068,50,234855
2178,0.000131,172.31.46.0-255,66,17134,50,234855
2179,0.000161,74.125.24.0-255,4320,21454,50,234855
2180,0.000164,172.31.46.0-255,66,21520,50,234855
2181,0.000171,74.125.24.0-255,7156,28676,50,234855
2182,0.000174,172.31.46.0-255,66,28742,50,234855
2183,0.000197,74.125.24.0-255,2543,31285,50,234855
2184,0.000199,172.31.46.0-255,66,31351,50,234855
2185,0.000242,74.125.24.0-255,1484,32835,50,234855
2186,0.000245,172.31.46.0-255,66,32901,50,234855
2187,0.000249,74.125.24.0-255,2902,35803,50,234855
2188,0.000252,172.31.46.0-255,66,35869,50,234855
2189,0.000272,74.125.24.0-255,5738,41607,50,234855
2190,0.000275,172.31.46.0-255,66,41673,50,234855
2191,0.000298,74.125.24.0-255,5738,47411,50,234855
2192,0.000301,172.31.46.0-255,66,47477,50,234855
2193,0.000338,74.125.24.0-255,5379,52856,50,234855
2194,0.000341,172.31.46.0-255,66,52922,50,234855
2195,0.000353,172.31.46.0-255,66,52988,50,234855
2196,0.000355,74.125.24.0-255,1401,54389,50,234855
2197,0.000357,172.31.46.0-255,66,54455,50,234855
2198,0.000619,74.125.24.0-255,132,54587,50,234855
2199,0.000659,74.125.24.0-255,1484,56071,50,234855
2200,0.000662,172.31.46.0-255,66,56137,50,234855
2201,0.000666,74.125.24.0-255,2902,59039,50,234855
2202,0.000669,172.31.46.0-255,66,59105,50,234855
2203,0.000697,74.125.24.0-255,7156,66261,50,234855
2204,0.000699,172.31.46.0-255,66,66327,50,234855
2205,0.000706,74.125.24.0-255,7156,73483,50,234855
2206,0.000709,172.31.46.0-255,66,73549,50,234855
2207,0.000757,172.31.46.0-255,66,73615,50,234855
2208,0.000785,74.125.24.0-255,6438,80053,50,234855
2209,0.000789,172.31.46.0-255,66,80119,50,234855
2210,0.000791,74.125.24.0-255,346,80465,50,234855
2211,0.001267,74.125.24.0-255,1484,81949,50,234855
2212,0.001272,172.31.46.0-255,66,82015,50,234855
2213,0.001277,74.125.24.0-255,2902,84917,50,234855
2214,0.001279,172.31.46.0-255,66,84983,50,234855
2215,0.001289,74.125.24.0-255,5738,90721,50,234855
2216,0.001292,172.31.46.0-255,66,90787,50,234855
2217,0.001296,74.125.24.0-255,2902,93689,50,234855
2218,0.001298,172.31.46.0-255,66,93755,50,234855
2219,0.001333,172.31.46.0-255,66,93821,50,234855
2220,0.001339,74.125.24.0-255,7156,100977,50,234855
2221,0.001341,172.31.46.0-255,66,101043,50,234855
2222,0.001389,74.125.24.0-255,3602,104645,50,234855
2223,0.001391,172.31.46.0-255,66,104711,50,234855
2224,0.001735,74.125.24.0-255,1484,106195,50,234855
2225,0.001741,74.125.24.0-255,2902,109097,50,234855
2226,0.001744,172.31.46.0-255,66,109163,50,234855
2227,0.001749,74.125.24.0-255,2902,112065,50,234855
2228,0.00175,172.31.46.0-255,66,112131,50,234855
2229,0.001771,74.125.24.0-255,2902,115033,50,234855
2230,0.001773,172.31.46.0-255,66,115099,50,234855
2231,0.001779,74.125.24.0-255,5738,120837,50,234855
2232,0.001781,172.31.46.0-255,66,120903,50,234855
2233,0.001814,172.31.46.0-255,66,120969,50,234855
2234,0.001819,74.125.24.0-255,5020,125989,50,234855
2235,0.001821,172.31.46.0-255,66,126055,50,234855
2236,0.00188,74.125.24.0-255,1484,127539,50,234855
2237,0.001896,74.125.24.0-255,2902,130441,50,234855
2238,0.001898,74.125.24.0-255,1484,131925,50,234855
2239,0.001903,172.31.46.0-255,66,131991,50,234855
2240,0.001932,74.125.24.0-255,4320,136311,50,234855
2241,0.001934,172.31.46.0-255,66,136377,50,234855
2242,0.001941,74.125.24.0-255,7156,143533,50,234855
2243,0.001943,172.31.46.0-255,66,143599,50,234855
2244,0.001952,172.31.46.0-255,66,143665,50,234855
2245,0.001986,74.125.24.0-255,5738,149403,50,234855
2246,0.001989,172.31.46.0-255,66,149469,50,234855
2247,0.001993,74.125.24.0-255,2184,151653,50,234855
2248,0.001995,172.31.46.0-255,66,151719,50,234855
2249,0.002092,74.125.24.0-255,1484,153203,50,234855
2250,0.002098,74.125.24.0-255,2902,156105,50,234855
2251,0.002101,172.31.46.0-255,66,156171,50,234855
2252,0.002105,74.125.24.0-255,2902,159073,50,234855
2253,0.002107,172.31.46.0-255,66,159139,50,234855
2254,0.002152,74.125.24.0-255,2902,162041,50,234855
2255,0.002155,172.31.46.0-255,66,162107,50,234855
2256,0.002159,74.125.24.0-255,2902,165009,50,234855
2257,0.002185,172.31.46.0-255,66,165075,50,234855
2258,0.002187,172.31.46.0-255,66,165141,50,234855
2259,0.002187,172.31.46.0-255,66,165207,50,234855
2260,0.004462,74.125.24.0-255,5738,170945,50,234855
2261,0.00447,172.31.46.0-255,66,171011,50,234855
2262,0.006728,74.125.24.0-255,5738,176749,50,234855
2263,0.006734,172.31.46.0-255,66,176815,50,234855
2264,0.008988,74.125.24.0-255,5738,182553,50,234855
2265,0.008993,172.31.46.0-255,66,182619,50,234855
2266,0.011252,74.125.24.0-255,5738,188357,50,234855
2267,0.01126,172.31.46.0-255,66,188423,50,234855
2268,0.013539,74.125.24.0-255,5738,194161,50,234855
2269,0.013548,172.31.46.0-255,66,194227,50,234855
2270,0.015812,74.125.24.0-255,5738,199965,50,234855
2271,0.01582,172.31.46.0-255,66,200031,50,234855
2272,0.018084,74.125.24.0-255,5738,205769,50,234855
2273,0.018092,172.31.46.0-255,66,205835,50,234855
2274,0.020342,74.125.24.0-255,5738,211573,50,234855
2275,0.02035,172.31.46.0-255,66,211639,50,234855
2276,0.022611,74.125.24.0-255,5738,217377,50,234855
2277,0.022618,172.31.46.0-255,66,217443,50,234855
2278,0.024885,74.125.24.0-255,5738,223181,50,234855
2279,0.024893,172.31.46.0-255,66,223247,50,234855
2280,0.027151,74.125.24.0-255,5738,228985,50,234855
2281,0.027159,172.31.46.0-255,66,229051,50,234855
2282,0.029416,74.125.24.0-255,5738,234789,50,234855
2283,0.029423,172.31.46.0-255,66,234855,50,234855
2284,0.0,74.125.24.0-255,161,161,50,194638
2285,2.3e-05,172.31.46.0-255,66,227,50,194638
2286,3e-05,74.125.24.0-255,1484,1711,50,194638
2287,3.4e-05,172.31.46.0-255,66,1777,50,194638
2288,3.9e-05,74.125.24.0-255,2902,4679,50,194638
2289,4.3e-05,172.31.46.0-255,66,4745,50,194638
2290,5e-05,74.125.24.0-255,5738,10483,50,194638
2291,5.3e-05,172.31.46.0-255,66,10549,50,194638
2292,9.2e-05,74.125.24.0-255,3511,14060,50,194638
2293,9.5e-05,172.31.46.0-255,66,14126,50,194638
2294,0.000227,74.125.24.0-255,1484,15610,50,194638
2295,0.000232,172.31.46.0-255,66,15676,50,194638
2296,0.000237,74.125.24.0-255,2902,18578,50,194638
2297,0.00024,172.31.46.0-255,66,18644,50,194638
2298,0.000243,74.125.24.0-255,1484,20128,50,194638
2299,0.000245,172.31.46.0-255,66,20194,50,194638
2300,0.000271,74.125.24.0-255,4320,24514,50,194638
2301,0.000274,172.31.46.0-255,66,24580,50,194638
2302,0.000286,74.125.24.0-255,1484,26064,50,194638
2303,0.000289,172.31.46.0-255,66,26130,50,194638
2304,0.000318,74.125.24.0-255,6797,32927,50,194638
2305,0.000321,172.31.46.0-255,66,32993,50,194638
2306,0.000332,172.31.46.0-255,66,33059,50,194638
2307,0.000359,74.125.24.0-255,4320,37379,50,194638
2308,0.000361,172.31.46.0-255,66,37445,50,194638
2309,0.000375,74.125.24.0-255,2543,39988,50,194638
2310,0.000378,172.31.46.0-255,66,40054,50,194638
2311,0.001084,74.125.24.0-255,1484,41538,50,194638
2312,0.001091,172.31.46.0-255,66,41604,50,194638
2313,0.001099,74.125.24.0-255,2902,44506,50,194638
2314,0.001102,172.31.46.0-255,66,44572,50,194638
2315,0.001119,74.125.24.0-255,5738,50310,50,194638
2316,0.001122,172.31.46.0-255,66,50376,50,194638
2317,0.00115,74.125.24.0-255,6797,57173,50,194638
2318,0.001153,172.31.46.0-255,66,57239,50,194638
2319,0.001156,74.125.24.0-255,645,57884,50,194638
2320,0.001246,74.125.24.0-255,1484,59368,50,194638
2321,0.001251,172.31.46.0-255,66,59434,50,194638
2322,0.001269,74.125.24.0-255,1484,60918,50,194638
2323,0.001288,74.125.24.0-255,1484,62402,50,194638
2324,0.00129,172.31.46.0-255,66,62468,50,194638
2325,0.001297,74.125.24.0-255,5738,68206,50,194638
2326,0.001299,172.31.46.0-255,66,68272,50,194638
2327,0.001322,74.125.24.0-255,1484,69756,50,194638
2328,0.001336,74.125.24.0-255,5738,75494,50,194638
2329,0.001338,172.31.46.0-255,66,75560,50,194638
2330,0.001352,74.125.24.0-255,3961,79521,50,194638
2331,0.001354,172.31.46.0-255,66,79587,50,194638
2332,0.001359,74.125.24.0-255,4320,83907,50,194638
2333,0.001361,172.31.46.0-255,66,83973,50,194638
2334,0.001402,74.125.24.0-255,7156,91129,50,194638
2335,0.001406,172.31.46.0-255,66,91195,50,194638
2336,0.001425,74.125.24.0-255,1125,92320,50,194638
2337,0.001431,74.125.24.0-255,4320,96640,50,194638
2338,0.001433,172.31.46.0-255,66,96706,50,194638
2339,0.001453,74.125.24.0-255,4320,101026,50,194638
2340,0.001456,172.31.46.0-255,66,101092,50,194638
2341,0.001495,74.125.24.0-255,5738,106830,50,194638
2342,0.001498,172.31.46.0-255,66,106896,50,194638
2343,0.001513,74.125.24.0-255,1981,108877,50,194638
2344,0.001515,172.31.46.0-255,66,108943,50,194638
2345,0.001589,74.125.24.0-255,1484,110427,50,194638
2346,0.001595,74.125.24.0-255,2902,113329,50,194638
2347,0.001598,172.31.46.0-255,66,113395,50,194638
2348,0.00162,74.125.24.0-255,5738,119133,50,194638
2349,0.001623,172.31.46.0-255,66,119199,50,194638
2350,0.001643,74.125.24.0-255,4320,123519,50,194638
2351,0.001645,172.31.46.0-255,66,123585,50,194638
2352,0.001661,74.125.24.0-255,2902,126487,50,194638
2353,0.001664,172.31.46.0-255,66,126553,50,194638
2354,0.0017,172.31.46.0-255,66,126619,50,194638
2355,0.00171,172.31.46.0-255,66,126685,50,194638
2356,0.004091,74.125.24.0-255,5738,132423,50,194638
2357,0.0041,172.31.46.0-255,66,132489,50,194638
2358,0.006453,74.125.24.0-255,5738,138227,50,194638
2359,0.006457,172.31.46.0-255,66,138293,50,194638
2360,0.008822,74.125.24.0-255,5738,144031,50,194638
2361,0.008829,172.31.46.0-255,66,144097,50,194638
2362,0.011205,74.125.24.0-255,5738,149835,50,194638
2363,0.011215,172.31.46.0-255,66,149901,50,194638
2364,0.013575,74.125.24.0-255,5738,155639,50,194638
2365,0.013585,172.31.46.0-255,66,155705,50,194638
2366,0.015985,74.125.24.0-255,5738,161443,50,194638
2367,0.015999,172.31.46.0-255,66,161509,50,194638
2368,0.018359,74.125.24.0-255,5738,167247,50,194638
2369,0.018371,172.31.46.0-255,66,167313,50,194638
2370,0.021025,74.125.24.0-255,5738,173051,50,194638
2371,0.021042,172.31.46.0-255,66,173117,50,194638
2372,0.02343,74.125.24.0-255,5738,178855,50,194638
2373,0.023448,172.31.46.0-255,66,178921,50,194638
2374,0.025837,74.125.24.0-255,5738,184659,50,194638
2375,0.025852,172.31.46.0-255,66,184725,50,194638
2376,0.028201,74.125.24.0-255,5738,190463,50,194638
2377,0.02821,172.31.46.0-255,66,190529,50,194638
2378,0.029084,172.31.46.0-255,188,190717,50,194638
2379,0.029117,172.31.46.0-255,954,191671,50,194638
2380,0.029179,172.31.46.0-255,1514,193185,50,194638
2381,0.029181,172.31.46.0-255,1453,194638,50,194638
2382,0.0,74.125.24.0-255,153,153,50,250814
2383,1.5e-05,172.31.46.0-255,66,219,50,250814
2384,2.2e-05,74.125.24.0-255,1484,1703,50,250814
2385,2.8e-05,172.31.46.0-255,66,1769,50,250814
2386,3.3e-05,74.125.24.0-255,2902,4671,50,250814
2387,3.7e-05,172.31.46.0-255,66,4737,50,250814
2388,4.4e-05,74.125.24.0-255,7156,11893,50,250814
2389,4.7e-05,172.31.46.0-255,66,11959,50,250814
2390,8.3e-05,74.125.24.0-255,5738,17697,50,250814
2391,8.6e-05,172.31.46.0-255,66,17763,50,250814
2392,0.000109,74.125.24.0-255,6201,23964,50,250814
2393,0.000111,172.31.46.0-255,66,24030,50,250814
2394,0.000141,74.125.24.0-255,4320,28350,50,250814
2395,0.000143,172.31.46.0-255,66,28416,50,250814
2396,0.000162,74.125.24.0-255,2543,30959,50,250814
2397,0.000165,172.31.46.0-255,66,31025,50,250814
2398,0.000215,74.125.24.0-255,1484,32509,50,250814
2399,0.000218,172.31.46.0-255,66,32575,50,250814
2400,0.000223,74.125.24.0-255,2902,35477,50,250814
2401,0.000224,172.31.46.0-255,66,35543,50,250814
2402,0.000263,74.125.24.0-255,5738,41281,50,250814
2403,0.000265,172.31.46.0-255,66,41347,50,250814
2404,0.000271,74.125.24.0-255,5738,47085,50,250814
2405,0.000273,172.31.46.0-255,66,47151,50,250814
2406,0.000287,74.125.24.0-255,1125,48276,50,250814
2407,0.000289,172.31.46.0-255,66,48342,50,250814
2408,0.000296,74.125.24.0-255,7156,55498,50,250814
2409,0.000299,172.31.46.0-255,66,55564,50,250814
2410,0.000315,74.125.24.0-255,1484,57048,50,250814
2411,0.000317,172.31.46.0-255,66,57114,50,250814
2412,0.000342,172.31.46.0-255,66,57180,50,250814
2413,0.000526,74.125.24.0-255,386,57566,50,250814
2414,0.000733,74.125.24.0-255,1484,59050,50,250814
2415,0.000737,172.31.46.0-255,66,59116,50,250814
2416,0.000743,74.125.24.0-255,2902,62018,50,250814
2417,0.000744,172.31.46.0-255,66,62084,50,250814
2418,0.000762,74.125.24.0-255,5738,67822,50,250814
2419,0.000764,172.31.46.0-255,66,67888,50,250814
2420,0.000767,74.125.24.0-255,1484,69372,50,250814
2421,0.000793,74.125.24.0-255,5379,74751,50,250814
2422,0.000795,172.31.46.0-255,66,74817,50,250814
2423,0.000798,74.125.24.0-255,1484,76301,50,250814
2424,0.000831,74.125.24.0-255,2543,78844,50,250814
2425,0.000835,172.31.46.0-255,66,78910,50,250814
2426,0.000842,172.31.46.0-255,66,78976,50,250814
2427,0.002071,74.125.24.0-255,1484,80460,50,250814
2428,0.002083,74.125.24.0-255,2902,83362,50,250814
2429,0.002087,172.31.46.0-255,66,83428,50,250814
2430,0.002116,74.125.24.0-255,5738,89166,50,250814
2431,0.002118,172.31.46.0-255,66,89232,50,250814
2432,0.002125,74.125.24.0-255,5738,94970,50,250814
2433,0.002128,172.31.46.0-255,66,95036,50,250814
2434,0.002133,74.125.24.0-255,2902,97938,50,250814
2435,0.002135,172.31.46.0-255,66,98004,50,250814
2436,0.002169,172.31.46.0-255,66,98070,50,250814
2437,0.002175,74.125.24.0-255,5020,103090,50,250814
2438,0.002177,172.31.46.0-255,66,103156,50,250814
2439,0.002395,74.125.24.0-255,1484,104640,50,250814
2440,0.002398,74.125.24.0-255,1484,106124,50,250814
2441,0.002401,172.31.46.0-255,66,106190,50,250814
2442,0.002414,74.125.24.0-255,1484,107674,50,250814
2443,0.002419,74.125.24.0-255,2902,110576,50,250814
2444,0.002421,172.31.46.0-255,66,110642,50,250814
2445,0.002444,74.125.24.0-255,2902,113544,50,250814
2446,0.002447,172.31.46.0-255,66,113610,50,250814
2447,0.002452,74.125.24.0-255,4320,117930,50,250814
2448,0.002454,172.31.46.0-255,66,117996,50,250814
2449,0.002461,74.125.24.0-255,5738,123734,50,250814
2450,0.002463,172.31.46.0-255,66,123800,50,250814
2451,0.002486,74.125.24.0-255,1484,125284,50,250814
2452,0.002492,74.125.24.0-255,5738,131022,50,250814
2453,0.002494,172.31.46.0-255,66,131088,50,250814
2454,0.002511,74.125.24.0-255,6438,137526,50,250814
2455,0.002513,172.31.46.0-255,66,137592,50,250814
2456,0.002887,74.125.24.0-255,1484,139076,50,250814
2457,0.002902,74.125.24.0-255,2902,141978,50,250814
2458,0.002904,172.31.46.0-255,66,142044,50,250814
2459,0.002925,74.125.24.0-255,4320,146364,50,250814
2460,0.002927,172.31.46.0-255,66,146430,50,250814
2461,0.002932,74.125.24.0-255,2902,149332,50,250814
2462,0.002934,172.31.46.0-255,66,149398,50,250814
2463,0.002951,74.125.24.0-255,5738,155136,50,250814
2464,0.002955,172.31.46.0-255,66,155202,50,250814
2465,0.002985,172.31.46.0-255,66,155268,50,250814
2466,0.003013,74.125.24.0-255,4320,159588,50,250814
2467,0.003015,172.31.46.0-255,66,159654,50,250814
2468,0.003037,74.125.24.0-255,3602,163256,50,250814
2469,0.003039,172.31.46.0-255,66,163322,50,250814
2470,0.003055,74.125.24.0-255,1484,164806,50,250814
2471,0.003068,74.125.24.0-255,2902,167708,50,250814
2472,0.00307,172.31.46.0-255,66,167774,50,250814
2473,0.003073,74.125.24.0-255,1484,169258,50,250814
2474,0.003097,74.125.24.0-255,7156,176414,50,250814
2475,0.003099,172.31.46.0-255,66,176480,50,250814
2476,0.003102,74.125.24.0-255,1484,177964,50,250814
2477,0.003125,172.31.46.0-255,66,178030,50,250814
2478,0.003128,74.125.24.0-255,1484,179514,50,250814
2479,0.003131,74.125.24.0-255,1484,180998,50,250814
2480,0.003133,172.31.46.0-255,66,181064,50,250814
2481,0.003192,74.125.24.0-255,6438,187502,50,250814
2482,0.003195,172.31.46.0-255,66,187568,50,250814
2483,0.003225,74.125.24.0-255,4320,191888,50,250814
2484,0.003227,172.31.46.0-255,66,191954,50,250814
2485,0.003244,74.125.24.0-255,2902,194856,50,250814
2486,0.003247,172.31.46.0-255,66,194922,50,250814
2487,0.003262,172.31.46.0-255,66,194988,50,250814
2488,0.003289,172.31.46.0-255,66,195054,50,250814
2489,0.003304,74.125.24.0-255,1484,196538,50,250814
2490,0.003414,74.125.24.0-255,1484,198022,50,250814
2491,0.003434,74.125.24.0-255,2902,200924,50,250814
2492,0.003437,74.125.24.0-255,1484,202408,50,250814
2493,0.003452,74.125.24.0-255,4320,206728,50,250814
2494,0.003489,74.125.24.0-255,4320,211048,50,250814
2495,0.003525,74.125.24.0-255,2184,213232,50,250814
2496,0.003576,74.125.24.0-255,1484,214716,50,250814
2497,0.003598,74.125.24.0-255,2902,217618,50,250814
2498,0.003605,74.125.24.0-255,5738,223356,50,250814
2499,0.003625,74.125.24.0-255,4320,227676,50,250814
2500,0.003643,74.125.24.0-255,1484,229160,50,250814
2501,0.003688,74.125.24.0-255,1484,230644,50,250814
2502,0.003747,74.125.24.0-255,7156,237800,50,250814
2503,0.003827,74.125.24.0-255,5020,242820,50,250814
2504,0.003888,74.125.24.0-255,1484,244304,50,250814
2505,0.003915,74.125.24.0-255,6168,250472,50,250814
2506,0.003973,74.125.24.0-255,105,250577,50,250814
2507,0.00469,172.31.46.0-255,66,250643,50,250814
2508,0.007136,172.31.46.0-255,105,250748,50,250814
2509,0.00944,74.125.24.0-255,66,250814,50,250814
2510,0.0,172.217.194.0-255,146,146,50,240252
2511,1.9e-05,172.31.46.0-255,66,212,50,240252
2512,2.6e-05,172.217.194.0-255,1484,1696,50,240252
2513,3.1e-05,172.31.46.0-255,66,1762,50,240252
2514,4.3e-05,172.217.194.0-255,2902,4664,50,240252
2515,4.7e-05,172.31.46.0-255,66,4730,50,240252
2516,5.4e-05,172.217.194.0-255,5738,10468,50,240252
2517,5.8e-05,172.31.46.0-255,66,10534,50,240252
2518,6.3e-05,172.217.194.0-255,3510,14044,50,240252
2519,6.6e-05,172.31.46.0-255,66,14110,50,240252
2520,0.000163,172.217.194.0-255,1484,15594,50,240252
2521,0.000167,172.31.46.0-255,66,15660,50,240252
2522,0.000173,172.217.194.0-255,2902,18562,50,240252
2523,0.000175,172.31.46.0-255,66,18628,50,240252
2524,0.000183,172.217.194.0-255,1484,20112,50,240252
2525,0.000186,172.31.46.0-255,66,20178,50,240252
2526,0.000209,172.217.194.0-255,4320,24498,50,240252
2527,0.000212,172.31.46.0-255,66,24564,50,240252
2528,0.000219,172.217.194.0-255,6797,31361,50,240252
2529,0.000221,172.31.46.0-255,66,31427,50,240252
2530,0.000227,172.217.194.0-255,4320,35747,50,240252
2531,0.000229,172.31.46.0-255,66,35813,50,240252
2532,0.000274,172.217.194.0-255,2902,38715,50,240252
2533,0.000277,172.31.46.0-255,66,38781,50,240252
2534,0.00029,172.31.46.0-255,66,38847,50,240252
2535,0.000326,172.217.194.0-255,7156,46003,50,240252
2536,0.00033,172.31.46.0-255,66,46069,50,240252
2537,0.000337,172.217.194.0-255,5738,51807,50,240252
2538,0.000339,172.31.46.0-255,66,51873,50,240252
2539,0.000361,172.217.194.0-255,2902,54775,50,240252
2540,0.000367,172.31.46.0-255,66,54841,50,240252
2541,0.00037,172.217.194.0-255,1125,55966,50,240252
2542,0.000372,172.31.46.0-255,66,56032,50,240252
2543,0.000403,172.217.194.0-255,677,56709,50,240252
2544,0.000406,172.31.46.0-255,66,56775,50,240252
2545,0.000554,172.217.194.0-255,1484,58259,50,240252
2546,0.000559,172.31.46.0-255,66,58325,50,240252
2547,0.000565,172.217.194.0-255,2902,61227,50,240252
2548,0.000567,172.31.46.0-255,66,61293,50,240252
2549,0.000573,172.217.194.0-255,4320,65613,50,240252
2550,0.000575,172.31.46.0-255,66,65679,50,240252
2551,0.000605,172.217.194.0-255,1484,67163,50,240252
2552,0.000607,172.31.46.0-255,66,67229,50,240252
2553,0.000622,172.31.46.0-255,66,67295,50,240252
2554,0.000629,172.217.194.0-255,5738,73033,50,240252
2555,0.000632,172.31.46.0-255,66,73099,50,240252
2556,0.000659,172.217.194.0-255,2902,76001,50,240252
2557,0.000662,172.31.46.0-255,66,76067,50,240252
2558,0.000666,172.217.194.0-255,2184,78251,50,240252
2559,0.000668,172.31.46.0-255,66,78317,50,240252
2560,0.000673,172.217.194.0-255,2902,81219,50,240252
2561,0.000678,172.31.46.0-255,66,81285,50,240252
2562,0.000715,172.217.194.0-255,7156,88441,50,240252
2563,0.000719,172.31.46.0-255,66,88507,50,240252
2564,0.000733,172.31.46.0-255,66,88573,50,240252
2565,0.000766,172.217.194.0-255,2902,91475,50,240252
2566,0.000778,172.31.46.0-255,66,91541,50,240252
2567,0.000781,172.31.46.0-255,66,91607,50,240252
2568,0.000809,172.217.194.0-255,1484,93091,50,240252
2569,0.000812,172.31.46.0-255,66,93157,50,240252
2570,0.000815,172.217.194.0-255,1484,94641,50,240252
2571,0.000817,172.31.46.0-255,66,94707,50,240252
2572,0.000836,172.217.194.0-255,1484,96191,50,240252
2573,0.000838,172.31.46.0-255,66,96257,50,240252
2574,0.000847,172.217.194.0-255,5738,101995,50,240252
2575,0.00085,172.31.46.0-255,66,102061,50,240252
2576,0.000854,172.217.194.0-255,2902,104963,50,240252
2577,0.000856,172.31.46.0-255,66,105029,50,240252
2578,0.00091,172.31.46.0-255,66,105095,50,240252
2579,0.000913,172.31.46.0-255,66,105161,50,240252
2580,0.001046,172.217.194.0-255,1484,106645,50,240252
2581,0.001051,172.217.194.0-255,1484,108129,50,240252
2582,0.001054,172.31.46.0-255,66,108195,50,240252
2583,0.001077,172.217.194.0-255,1484,109679,50,240252
2584,0.001083,172.217.194.0-255,5738,115417,50,240252
2585,0.001085,172.31.46.0-255,66,115483,50,240252
2586,0.00109,172.217.194.0-255,4320,119803,50,240252
2587,0.001092,172.31.46.0-255,66,119869,50,240252
2588,0.001163,172.31.46.0-255,66,119935,50,240252
2589,0.001173,172.31.46.0-255,66,120001,50,240252
2590,0.001178,172.217.194.0-255,4320,124321,50,240252
2591,0.00118,172.31.46.0-255,66,124387,50,240252
2592,0.001213,172.217.194.0-255,4320,128707,50,240252
2593,0.001216,172.31.46.0-255,66,128773,50,240252
2594,0.001226,172.31.46.0-255,66,128839,50,240252
2595,0.001251,172.217.194.0-255,7156,135995,50,240252
2596,0.001265,172.31.46.0-255,66,136061,50,240252
2597,0.001336,172.217.194.0-255,3602,139663,50,240252
2598,0.001339,172.217.194.0-255,1484,141147,50,240252
2599,0.001344,172.31.46.0-255,66,141213,50,240252
2600,0.001368,172.217.194.0-255,2902,144115,50,240252
2601,0.001375,172.217.194.0-255,5738,149853,50,240252
2602,0.001392,172.217.194.0-255,5738,155591,50,240252
2603,0.0014,172.217.194.0-255,1484,157075,50,240252
2604,0.001405,172.31.46.0-255,66,157141,50,240252
2605,0.001452,172.31.46.0-255,66,157207,50,240252
2606,0.001455,172.217.194.0-255,1484,158691,50,240252
2607,0.001458,172.217.194.0-255,2184,160875,50,240252
2608,0.001462,172.31.46.0-255,66,160941,50,240252
2609,0.001608,172.217.194.0-255,1484,162425,50,240252
2610,0.001626,172.217.194.0-255,2902,165327,50,240252
2611,0.001632,172.217.194.0-255,5738,171065,50,240252
2612,0.001635,172.217.194.0-255,1484,172549,50,240252
2613,0.001646,172.217.194.0-255,1484,174033,50,240252
2614,0.001652,172.31.46.0-255,66,174099,50,240252
2615,0.001677,172.217.194.0-255,4320,178419,50,240252
2616,0.001695,172.217.194.0-255,4320,182739,50,240252
2617,0.001704,172.217.194.0-255,1484,184223,50,240252
2618,0.001707,172.31.46.0-255,66,184289,50,240252
2619,0.001717,172.217.194.0-255,4320,188609,50,240252
2620,0.001725,172.31.46.0-255,66,188675,50,240252
2621,0.001744,172.217.194.0-255,6438,195113,50,240252
2622,0.001758,172.31.46.0-255,66,195179,50,240252
2623,0.001826,172.217.194.0-255,1484,196663,50,240252
2624,0.001843,172.217.194.0-255,1484,198147,50,240252
2625,0.00185,172.31.46.0-255,66,198213,50,240252
2626,0.001857,172.217.194.0-255,1484,199697,50,240252
2627,0.001876,172.217.194.0-255,4320,204017,50,240252
2628,0.001889,172.217.194.0-255,1484,205501,50,240252
2629,0.001892,172.31.46.0-255,66,205567,50,240252
2630,0.001919,172.217.194.0-255,5738,211305,50,240252
2631,0.001975,172.31.46.0-255,66,211371,50,240252
2632,0.001982,172.217.194.0-255,1484,212855,50,240252
2633,0.00199,172.217.194.0-255,5020,217875,50,240252
2634,0.001998,172.31.46.0-255,66,217941,50,240252
2635,0.002025,172.217.194.0-255,7156,225097,50,240252
2636,0.00203,172.31.46.0-255,66,225163,50,240252
2637,0.002065,172.217.194.0-255,4320,229483,50,240252
2638,0.002079,172.31.46.0-255,66,229549,50,240252
2639,0.002103,172.31.46.0-255,66,229615,50,240252
2640,0.004138,172.217.194.0-255,5738,235353,50,240252
2641,0.004144,172.31.46.0-255,66,235419,50,240252
2642,0.006156,172.217.194.0-255,4596,240015,50,240252
2643,0.006161,172.31.46.0-255,66,240081,50,240252
2644,0.009362,172.31.46.0-255,105,240186,50,240252
2645,0.011354,172.217.194.0-255,66,240252,50,240252
2646,0.0,172.253.118.0-255,150,150,50,191922
2647,2.4e-05,172.31.46.0-255,66,216,50,191922
2648,3.3e-05,172.253.118.0-255,1484,1700,50,191922
2649,3.8e-05,172.31.46.0-255,66,1766,50,191922
2650,5.2e-05,172.253.118.0-255,2902,4668,50,191922
2651,5.5e-05,172.31.46.0-255,66,4734,50,191922
2652,6.4e-05,172.253.118.0-255,7156,11890,50,191922
2653,6.7e-05,172.31.46.0-255,66,11956,50,191922
2654,7.8e-05,172.31.46.0-255,66,12022,50,191922
2655,9.6e-05,172.253.118.0-255,2902,14924,50,191922
2656,0.000103,172.31.46.0-255,66,14990,50,191922
2657,0.000131,172.31.46.0-255,66,15056,50,191922
2658,0.000212,172.253.118.0-255,1484,16540,50,191922
2659,0.000215,172.31.46.0-255,66,16606,50,191922
2660,0.000243,172.253.118.0-255,2902,19508,50,191922
2661,0.000245,172.31.46.0-255,66,19574,50,191922
2662,0.000254,172.253.118.0-255,5738,25312,50,191922
2663,0.000257,172.31.46.0-255,66,25378,50,191922
2664,0.000263,172.253.118.0-255,6797,32175,50,191922
2665,0.000266,172.31.46.0-255,66,32241,50,191922
2666,0.000513,172.253.118.0-255,1484,33725,50,191922
2667,0.000519,172.31.46.0-255,66,33791,50,191922
2668,0.000549,172.253.118.0-255,2902,36693,50,191922
2669,0.000553,172.31.46.0-255,66,36759,50,191922
2670,0.000559,172.253.118.0-255,5738,42497,50,191922
2671,0.000561,172.31.46.0-255,66,42563,50,191922
2672,0.000573,172.31.46.0-255,66,42629,50,191922
2673,0.000599,172.253.118.0-255,1484,44113,50,191922
2674,0.000606,172.31.46.0-255,66,44179,50,191922
2675,0.000611,172.253.118.0-255,2902,47081,50,191922
2676,0.000613,172.31.46.0-255,66,47147,50,191922
2677,0.00062,172.253.118.0-255,5738,52885,50,191922
2678,0.000623,172.31.46.0-255,66,52951,50,191922
2679,0.000656,172.253.118.0-255,6797,59748,50,191922
2680,0.000659,172.31.46.0-255,66,59814,50,191922
2681,0.000695,172.253.118.0-255,5738,65552,50,191922
2682,0.000698,172.31.46.0-255,66,65618,50,191922
2683,0.000724,172.253.118.0-255,1484,67102,50,191922
2684,0.000737,172.31.46.0-255,66,67168,50,191922
2685,0.001232,172.253.118.0-255,1484,68652,50,191922
2686,0.001239,172.253.118.0-255,2902,71554,50,191922
2687,0.001244,172.31.46.0-255,66,71620,50,191922
2688,0.001249,172.253.118.0-255,1484,73104,50,191922
2689,0.001276,172.253.118.0-255,4320,77424,50,191922
2690,0.001279,172.31.46.0-255,66,77490,50,191922
2691,0.001291,172.31.46.0-255,66,77556,50,191922
2692,0.001313,172.253.118.0-255,1484,79040,50,191922
2693,0.001327,172.31.46.0-255,66,79106,50,191922
2694,0.001459,172.253.118.0-255,1484,80590,50,191922
2695,0.001466,172.253.118.0-255,2902,83492,50,191922
2696,0.001469,172.31.46.0-255,66,83558,50,191922
2697,0.001473,172.253.118.0-255,1484,85042,50,191922
2698,0.001496,172.253.118.0-255,4320,89362,50,191922
2699,0.0015,172.253.118.0-255,2902,92264,50,191922
2700,0.001504,172.31.46.0-255,66,92330,50,191922
2701,0.001507,172.31.46.0-255,66,92396,50,191922
2702,0.00154,172.31.46.0-255,66,92462,50,191922
2703,0.001554,172.31.46.0-255,66,92528,50,191922
2704,0.001939,172.253.118.0-255,1484,94012,50,191922
2705,0.001945,172.253.118.0-255,2902,96914,50,191922
2706,0.001948,172.31.46.0-255,66,96980,50,191922
2707,0.001954,172.253.118.0-255,2902,99882,50,191922
2708,0.001956,172.31.46.0-255,66,99948,50,191922
2709,0.001987,172.253.118.0-255,2902,102850,50,191922
2710,0.001989,172.31.46.0-255,66,102916,50,191922
2711,0.001994,172.253.118.0-255,2902,105818,50,191922
2712,0.001996,172.31.46.0-255,66,105884,50,191922
2713,0.002008,172.31.46.0-255,66,105950,50,191922
2714,0.002037,172.253.118.0-255,1484,107434,50,191922
2715,0.002069,172.31.46.0-255,66,107500,50,191922
2716,0.002092,172.253.118.0-255,1484,108984,50,191922
2717,0.002111,172.253.118.0-255,2902,111886,50,191922
2718,0.002115,172.31.46.0-255,66,111952,50,191922
2719,0.002121,172.253.118.0-255,5738,117690,50,191922
2720,0.002123,172.31.46.0-255,66,117756,50,191922
2721,0.002144,172.253.118.0-255,4320,122076,50,191922
2722,0.002146,172.31.46.0-255,66,122142,50,191922
2723,0.002181,172.31.46.0-255,66,122208,50,191922
2724,0.002193,172.31.46.0-255,66,122274,50,191922
2725,0.004484,172.253.118.0-255,5738,128012,50,191922
2726,0.004493,172.31.46.0-255,66,128078,50,191922
2727,0.00677,172.253.118.0-255,5738,133816,50,191922
2728,0.006776,172.31.46.0-255,66,133882,50,191922
2729,0.009073,172.253.118.0-255,5738,139620,50,191922
2730,0.009082,172.31.46.0-255,66,139686,50,191922
2731,0.01137,172.253.118.0-255,5738,145424,50,191922
2732,0.011384,172.31.46.0-255,66,145490,50,191922
2733,0.013669,172.253.118.0-255,5738,151228,50,191922
2734,0.013679,172.31.46.0-255,66,151294,50,191922
2735,0.015963,172.253.118.0-255,5738,157032,50,191922
2736,0.015973,172.31.46.0-255,66,157098,50,191922
2737,0.018249,172.253.118.0-255,5738,162836,50,191922
2738,0.018259,172.31.46.0-255,66,162902,50,191922
2739,0.020557,172.253.118.0-255,5738,168640,50,191922
2740,0.020566,172.31.46.0-255,66,168706,50,191922
2741,0.022847,172.253.118.0-255,5738,174444,50,191922
2742,0.022856,172.31.46.0-255,66,174510,50,191922
2743,0.02512,172.253.118.0-255,5738,180248,50,191922
2744,0.025129,172.31.46.0-255,66,180314,50,191922
2745,0.027398,172.253.118.0-255,5738,186052,50,191922
2746,0.027408,172.31.46.0-255,66,186118,50,191922
2747,0.029684,172.253.118.0-255,5738,191856,50,191922
2748,0.02969,172.31.46.0-255,66,191922,50,191922
2749,0.0,172.217.27.0-255,297,297,50,183578
2750,2.4e-05,172.31.46.0-255,66,363,50,183578
2751,3.1e-05,172.217.27.0-255,1484,1847,50,183578
2752,3.5e-05,172.31.46.0-255,66,1913,50,183578
2753,4.9e-05,172.217.27.0-255,4320,6233,50,183578
2754,5.2e-05,172.31.46.0-255,66,6299,50,183578
2755,5.9e-05,172.217.27.0-255,5738,12037,50,183578
2756,6.4e-05,172.31.46.0-255,66,12103,50,183578
2757,9e-05,172.217.27.0-255,1804,13907,50,183578
2758,9.2e-05,172.31.46.0-255,66,13973,50,183578
2759,0.000125,172.217.27.0-255,2902,16875,50,183578
2760,0.000129,172.31.46.0-255,66,16941,50,183578
2761,0.000153,172.217.27.0-255,2902,19843,50,183578
2762,0.000156,172.31.46.0-255,66,19909,50,183578
2763,0.000161,172.217.27.0-255,4320,24229,50,183578
2764,0.000164,172.31.46.0-255,66,24295,50,183578
2765,0.000192,172.217.27.0-255,6797,31092,50,183578
2766,0.000195,172.31.46.0-255,66,31158,50,183578
2767,0.000238,172.217.27.0-255,1484,32642,50,183578
2768,0.00024,172.31.46.0-255,66,32708,50,183578
2769,0.000244,172.217.27.0-255,1484,34192,50,183578
2770,0.000246,172.31.46.0-255,66,34258,50,183578
2771,0.000264,172.217.27.0-255,1484,35742,50,183578
2772,0.000267,172.31.46.0-255,66,35808,50,183578
2773,0.000273,172.217.27.0-255,5738,41546,50,183578
2774,0.000275,172.31.46.0-255,66,41612,50,183578
2775,0.000321,172.217.27.0-255,6797,48409,50,183578
2776,0.000323,172.31.46.0-255,66,48475,50,183578
2777,0.000613,172.217.27.0-255,1484,49959,50,183578
2778,0.000619,172.31.46.0-255,66,50025,50,183578
2779,0.000625,172.217.27.0-255,2902,52927,50,183578
2780,0.000627,172.31.46.0-255,66,52993,50,183578
2781,0.000638,172.217.27.0-255,5738,58731,50,183578
2782,0.000641,172.31.46.0-255,66,58797,50,183578
2783,0.000673,172.217.27.0-255,6797,65594,50,183578
2784,0.000676,172.31.46.0-255,66,65660,50,183578
2785,0.000678,172.217.27.0-255,391,66051,50,183578
2786,0.000732,172.217.27.0-255,351,66402,50,183578
2787,0.000822,172.217.27.0-255,1484,67886,50,183578
2788,0.000826,172.31.46.0-255,66,67952,50,183578
2789,0.000855,172.217.27.0-255,2902,70854,50,183578
2790,0.000859,172.31.46.0-255,66,70920,50,183578
2791,0.000865,172.217.27.0-255,5738,76658,50,183578
2792,0.000867,172.31.46.0-255,66,76724,50,183578
2793,0.000875,172.217.27.0-255,6797,83521,50,183578
2794,0.000877,172.31.46.0-255,66,83587,50,183578
2795,0.000917,172.31.46.0-255,66,83653,50,183578
2796,0.000921,172.217.27.0-255,2543,86196,50,183578
2797,0.000923,172.31.46.0-255,66,86262,50,183578
2798,0.002548,172.217.27.0-255,5738,92000,50,183578
2799,0.002558,172.31.46.0-255,66,92066,50,183578
2800,0.004187,172.217.27.0-255,4320,96386,50,183578
2801,0.004191,172.31.46.0-255,66,96452,50,183578
2802,0.004217,172.217.27.0-255,1484,97936,50,183578
2803,0.005812,172.217.27.0-255,4320,102256,50,183578
2804,0.005816,172.31.46.0-255,66,102322,50,183578
2805,0.007447,172.217.27.0-255,5738,108060,50,183578
2806,0.007456,172.31.46.0-255,66,108126,50,183578
2807,0.009089,172.217.27.0-255,5738,113864,50,183578
2808,0.009101,172.31.46.0-255,66,113930,50,183578
2809,0.010744,172.217.27.0-255,5738,119668,50,183578
2810,0.010754,172.31.46.0-255,66,119734,50,183578
2811,0.012406,172.217.27.0-255,5738,125472,50,183578
2812,0.012418,172.31.46.0-255,66,125538,50,183578
2813,0.014065,172.217.27.0-255,5738,131276,50,183578
2814,0.014077,172.31.46.0-255,66,131342,50,183578
2815,0.015745,172.217.27.0-255,5738,137080,50,183578
2816,0.01576,172.31.46.0-255,66,137146,50,183578
2817,0.017414,172.217.27.0-255,5738,142884,50,183578
2818,0.017428,172.31.46.0-255,66,142950,50,183578
2819,0.019072,172.217.27.0-255,5738,148688,50,183578
2820,0.019091,172.31.46.0-255,66,148754,50,183578
2821,0.020735,172.217.27.0-255,5738,154492,50,183578
2822,0.020754,172.31.46.0-255,66,154558,50,183578
2823,0.022409,172.217.27.0-255,5738,160296,50,183578
2824,0.022426,172.31.46.0-255,66,160362,50,183578
2825,0.024069,172.217.27.0-255,5738,166100,50,183578
2826,0.024076,172.31.46.0-255,66,166166,50,183578
2827,0.025722,172.217.27.0-255,5738,171904,50,183578
2828,0.025731,172.31.46.0-255,66,171970,50,183578
2829,0.027368,172.217.27.0-255,5738,177708,50,183578
2830,0.027381,172.31.46.0-255,66,177774,50,183578
2831,0.029033,172.217.27.0-255,5738,183512,50,183578
2832,0.02905,172.31.46.0-255,66,183578,50,183578
2833,0.0,74.125.68.0-255,150,150,50,175574
2834,3.2e-05,172.31.46.0-255,66,216,50,175574
2835,3.9e-05,74.125.68.0-255,1484,1700,50,175574
2836,4.4e-05,172.31.46.0-255,66,1766,50,175574
2837,4.9e-05,74.125.68.0-255,2902,4668,50,175574
2838,5.3e-05,172.31.46.0-255,66,4734,50,175574
2839,8.8e-05,74.125.68.0-255,1484,6218,50,175574
2840,9e-05,172.31.46.0-255,66,6284,50,175574
2841,0.000112,74.125.68.0-255,4320,10604,50,175574
2842,0.000115,172.31.46.0-255,66,10670,50,175574
2843,0.000119,74.125.68.0-255,2902,13572,50,175574
2844,0.000122,172.31.46.0-255,66,13638,50,175574
2845,0.00014,74.125.68.0-255,3557,17195,50,175574
2846,0.000143,172.31.46.0-255,66,17261,50,175574
2847,0.000161,74.125.68.0-255,1484,18745,50,175574
2848,0.000163,172.31.46.0-255,66,18811,50,175574
2849,0.000183,74.125.68.0-255,2902,21713,50,175574
2850,0.000186,172.31.46.0-255,66,21779,50,175574
2851,0.000191,74.125.68.0-255,4320,26099,50,175574
2852,0.000193,172.31.46.0-255,66,26165,50,175574
2853,0.000198,74.125.68.0-255,2902,29067,50,175574
2854,0.0002,172.31.46.0-255,66,29133,50,175574
2855,0.000214,74.125.68.0-255,2543,31676,50,175574
2856,0.000229,172.31.46.0-255,66,31742,50,175574
2857,0.000419,74.125.68.0-255,1484,33226,50,175574
2858,0.000425,172.31.46.0-255,66,33292,50,175574
2859,0.000429,74.125.68.0-255,1484,34776,50,175574
2860,0.000432,172.31.46.0-255,66,34842,50,175574
2861,0.000437,74.125.68.0-255,2902,37744,50,175574
2862,0.00044,172.31.46.0-255,66,37810,50,175574
2863,0.000471,74.125.68.0-255,5738,43548,50,175574
2864,0.000474,172.31.46.0-255,66,43614,50,175574
2865,0.000493,74.125.68.0-255,5738,49352,50,175574
2866,0.00052,74.125.68.0-255,2902,52254,50,175574
2867,0.000534,74.125.68.0-255,3602,55856,50,175574
2868,0.000564,74.125.68.0-255,424,56280,50,175574
2869,0.000571,172.31.46.0-255,66,56346,50,175574
2870,0.001,74.125.68.0-255,1484,57830,50,175574
2871,0.001019,74.125.68.0-255,2902,60732,50,175574
2872,0.001023,172.31.46.0-255,66,60798,50,175574
2873,0.001027,74.125.68.0-255,1484,62282,50,175574
2874,0.001044,74.125.68.0-255,4320,66602,50,175574
2875,0.001047,74.125.68.0-255,1484,68086,50,175574
2876,0.001059,172.31.46.0-255,66,68152,50,175574
2877,0.001071,74.125.68.0-255,5738,73890,50,175574
2878,0.00108,172.31.46.0-255,66,73956,50,175574
2879,0.001099,74.125.68.0-255,4320,78276,50,175574
2880,0.001109,172.31.46.0-255,66,78342,50,175574
2881,0.001141,74.125.68.0-255,1484,79826,50,175574
2882,0.001146,172.31.46.0-255,66,79892,50,175574
2883,0.001154,74.125.68.0-255,2184,82076,50,175574
2884,0.001159,172.31.46.0-255,66,82142,50,175574
2885,0.001593,74.125.68.0-255,1484,83626,50,175574
2886,0.0016,74.125.68.0-255,2902,86528,50,175574
2887,0.001604,172.31.46.0-255,66,86594,50,175574
2888,0.001624,74.125.68.0-255,2902,89496,50,175574
2889,0.001645,74.125.68.0-255,2902,92398,50,175574
2890,0.001651,74.125.68.0-255,5738,98136,50,175574
2891,0.001674,74.125.68.0-255,7156,105292,50,175574
2892,0.001722,74.125.68.0-255,4320,109612,50,175574
2893,0.001752,74.125.68.0-255,4320,113932,50,175574
2894,0.001802,74.125.68.0-255,2902,116834,50,175574
2895,0.001808,74.125.68.0-255,6438,123272,50,175574
2896,0.006839,172.31.46.0-255,66,123338,50,175574
2897,0.008858,74.125.68.0-255,5738,129076,50,175574
2898,0.010086,172.31.46.0-255,66,129142,50,175574
2899,0.012316,74.125.68.0-255,5738,134880,50,175574
2900,0.01233,172.31.46.0-255,66,134946,50,175574
2901,0.014768,74.125.68.0-255,5738,140684,50,175574
2902,0.014776,172.31.46.0-255,66,140750,50,175574
2903,0.016776,74.125.68.0-255,5738,146488,50,175574
2904,0.01866,172.31.46.0-255,66,146554,50,175574
2905,0.020668,74.125.68.0-255,5738,152292,50,175574
2906,0.020682,172.31.46.0-255,66,152358,50,175574
2907,0.022677,74.125.68.0-255,5738,158096,50,175574
2908,0.022683,172.31.46.0-255,66,158162,50,175574
2909,0.024705,74.125.68.0-255,5738,163900,50,175574
2910,0.024713,172.31.46.0-255,66,163966,50,175574
2911,0.026741,74.125.68.0-255,5738,169704,50,175574
2912,0.026751,172.31.46.0-255,66,169770,50,175574
2913,0.028758,74.125.68.0-255,5738,175508,50,175574
2914,0.028766,172.31.46.0-255,66,175574,50,175574
2915,0.0,172.217.194.0-255,153,153,50,201712
2916,2.2e-05,172.31.46.0-255,66,219,50,201712
2917,2.9e-05,172.217.194.0-255,1484,1703,50,201712
2918,3.3e-05,172.31.46.0-255,66,1769,50,201712
2919,3.8e-05,172.217.194.0-255,2902,4671,50,201712
2920,4.8e-05,172.31.46.0-255,66,4737,50,201712
2921,5.4e-05,172.217.194.0-255,5738,10475,50,201712
2922,5.7e-05,172.31.46.0-255,66,10541,50,201712
2923,0.000106,172.217.194.0-255,6267,16808,50,201712
2924,0.000109,172.31.46.0-255,66,16874,50,201712
2925,0.000117,172.217.194.0-255,7156,24030,50,201712
2926,0.000119,172.31.46.0-255,66,24096,50,201712
2927,0.000156,172.217.194.0-255,6797,30893,50,201712
2928,0.000158,172.31.46.0-255,66,30959,50,201712
2929,0.000258,172.217.194.0-255,1484,32443,50,201712
2930,0.000262,172.31.46.0-255,66,32509,50,201712
2931,0.000267,172.217.194.0-255,2902,35411,50,201712
2932,0.000269,172.31.46.0-255,66,35477,50,201712
2933,0.000299,172.217.194.0-255,5738,41215,50,201712
2934,0.000302,172.31.46.0-255,66,41281,50,201712
2935,0.000306,172.217.194.0-255,2902,44183,50,201712
2936,0.000307,172.31.46.0-255,66,44249,50,201712
2937,0.000348,172.31.46.0-255,66,44315,50,201712
2938,0.000363,172.31.46.0-255,66,44381,50,201712
2939,0.000366,172.217.194.0-255,1438,45819,50,201712
2940,0.000368,172.31.46.0-255,66,45885,50,201712
2941,0.000371,172.217.194.0-255,98,45983,50,201712
2942,0.000373,172.31.46.0-255,66,46049,50,201712
2943,0.000566,172.217.194.0-255,365,46414,50,201712
2944,0.000571,172.31.46.0-255,66,46480,50,201712
2945,0.000798,172.217.194.0-255,1484,47964,50,201712
2946,0.000804,172.217.194.0-255,1484,49448,50,201712
2947,0.000808,172.31.46.0-255,66,49514,50,201712
2948,0.000842,172.217.194.0-255,1484,50998,50,201712
2949,0.00085,172.217.194.0-255,5738,56736,50,201712
2950,0.000853,172.31.46.0-255,66,56802,50,201712
2951,0.000865,172.31.46.0-255,66,56868,50,201712
2952,0.000881,172.31.46.0-255,66,56934,50,201712
2953,0.001599,172.217.194.0-255,1484,58418,50,201712
2954,0.001606,172.217.194.0-255,2902,61320,50,201712
2955,0.00161,172.31.46.0-255,66,61386,50,201712
2956,0.001614,172.217.194.0-255,1484,62870,50,201712
2957,0.001638,172.217.194.0-255,4320,67190,50,201712
2958,0.00164,172.31.46.0-255,66,67256,50,201712
2959,0.001647,172.217.194.0-255,5738,72994,50,201712
2960,0.001648,172.31.46.0-255,66,73060,50,201712
2961,0.00166,172.217.194.0-255,7156,80216,50,201712
2962,0.001662,172.31.46.0-255,66,80282,50,201712
2963,0.001692,172.217.194.0-255,5738,86020,50,201712
2964,0.001698,172.31.46.0-255,66,86086,50,201712
2965,0.001703,172.217.194.0-255,5020,91106,50,201712
2966,0.001705,172.31.46.0-255,66,91172,50,201712
2967,0.001857,172.217.194.0-255,1484,92656,50,201712
2968,0.00187,172.217.194.0-255,2902,95558,50,201712
2969,0.001873,172.31.46.0-255,66,95624,50,201712
2970,0.001879,172.217.194.0-255,5738,101362,50,201712
2971,0.00188,172.31.46.0-255,66,101428,50,201712
2972,0.001903,172.217.194.0-255,7156,108584,50,201712
2973,0.001908,172.31.46.0-255,66,108650,50,201712
2974,0.001938,172.217.194.0-255,5738,114388,50,201712
2975,0.001953,172.31.46.0-255,66,114454,50,201712
2976,0.001955,172.31.46.0-255,66,114520,50,201712
2977,0.002095,172.217.194.0-255,1484,116004,50,201712
2978,0.002099,172.217.194.0-255,2902,118906,50,201712
2979,0.002104,172.31.46.0-255,66,118972,50,201712
2980,0.002116,172.217.194.0-255,5738,124710,50,201712
2981,0.002118,172.31.46.0-255,66,124776,50,201712
2982,0.002129,172.217.194.0-255,7156,131932,50,201712
2983,0.002132,172.31.46.0-255,66,131998,50,201712
2984,0.002135,172.217.194.0-255,1484,133482,50,201712
2985,0.004274,172.217.194.0-255,4320,137802,50,201712
2986,0.004285,172.31.46.0-255,66,137868,50,201712
2987,0.006402,172.217.194.0-255,5738,143606,50,201712
2988,0.00641,172.31.46.0-255,66,143672,50,201712
2989,0.008548,172.217.194.0-255,5738,149410,50,201712
2990,0.008554,172.31.46.0-255,66,149476,50,201712
2991,0.010701,172.217.194.0-255,5738,155214,50,201712
2992,0.010708,172.31.46.0-255,66,155280,50,201712
2993,0.012836,172.217.194.0-255,5738,161018,50,201712
2994,0.012844,172.31.46.0-255,66,161084,50,201712
2995,0.014974,172.217.194.0-255,5738,166822,50,201712
2996,0.014981,172.31.46.0-255,66,166888,50,201712
2997,0.017109,172.217.194.0-255,5738,172626,50,201712
2998,0.017115,172.31.46.0-255,66,172692,50,201712
2999,0.019265,172.217.194.0-255,5738,178430,50,201712
3000,0.019273,172.31.46.0-255,66,178496,50,201712
3001,0.021435,172.217.194.0-255,5738,184234,50,201712
3002,0.021445,172.31.46.0-255,66,184300,50,201712
3003,0.023575,172.217.194.0-255,5738,190038,50,201712
3004,0.023583,172.31.46.0-255,66,190104,50,201712
3005,0.025723,172.217.194.0-255,5738,195842,50,201712
3006,0.025729,172.31.46.0-255,66,195908,50,201712
3007,0.027873,172.217.194.0-255,5738,201646,50,201712
3008,0.027879,172.31.46.0-255,66,201712,50,201712
3009,0.0,172.217.194.0-255,156,156,50,226932
3010,2.4e-05,172.31.46.0-255,66,222,50,226932
3011,3e-05,172.217.194.0-255,1484,1706,50,226932
3012,3.5e-05,172.31.46.0-255,66,1772,50,226932
3013,4.2e-05,172.217.194.0-255,2902,4674,50,226932
3014,4.5e-05,172.31.46.0-255,66,4740,50,226932
3015,5.3e-05,172.217.194.0-255,7156,11896,50,226932
3016,5.5e-05,172.31.46.0-255,66,11962,50,226932
3017,7.8e-05,172.217.194.0-255,5738,17700,50,226932
3018,8.1e-05,172.31.46.0-255,66,17766,50,226932
3019,9.9e-05,172.217.194.0-255,692,18458,50,226932
3020,0.000102,172.31.46.0-255,66,18524,50,226932
3021,0.000109,172.217.194.0-255,7156,25680,50,226932
3022,0.000111,172.31.46.0-255,66,25746,50,226932
3023,0.000138,172.217.194.0-255,5379,31125,50,226932
3024,0.00014,172.31.46.0-255,66,31191,50,226932
3025,0.000357,172.217.194.0-255,1484,32675,50,226932
3026,0.000362,172.31.46.0-255,66,32741,50,226932
3027,0.000367,172.217.194.0-255,2902,35643,50,226932
3028,0.000369,172.31.46.0-255,66,35709,50,226932
3029,0.000374,172.217.194.0-255,4320,40029,50,226932
3030,0.000376,172.31.46.0-255,66,40095,50,226932
3031,0.000393,172.217.194.0-255,1484,41579,50,226932
3032,0.000395,172.31.46.0-255,66,41645,50,226932
3033,0.0004,172.217.194.0-255,4320,45965,50,226932
3034,0.000402,172.31.46.0-255,66,46031,50,226932
3035,0.000434,172.217.194.0-255,2543,48574,50,226932
3036,0.000436,172.31.46.0-255,66,48640,50,226932
3037,0.000471,172.217.194.0-255,2902,51542,50,226932
3038,0.000474,172.31.46.0-255,66,51608,50,226932
3039,0.000494,172.217.194.0-255,7156,58764,50,226932
3040,0.000497,172.31.46.0-255,66,58830,50,226932
3041,0.00054,172.217.194.0-255,2902,61732,50,226932
3042,0.000552,172.31.46.0-255,66,61798,50,226932
3043,0.000562,172.217.194.0-255,4572,66370,50,226932
3044,0.000572,172.31.46.0-255,66,66436,50,226932
3045,0.000745,172.217.194.0-255,1484,67920,50,226932
3046,0.000751,172.217.194.0-255,2902,70822,50,226932
3047,0.000754,172.217.194.0-255,1484,72306,50,226932
3048,0.000763,172.31.46.0-255,66,72372,50,226932
3049,0.000774,172.217.194.0-255,4320,76692,50,226932
3050,0.00079,172.217.194.0-255,4320,81012,50,226932
3051,0.000803,172.31.46.0-255,66,81078,50,226932
3052,0.000806,172.217.194.0-255,2543,83621,50,226932
3053,0.00081,172.31.46.0-255,66,83687,50,226932
3054,0.000818,172.217.194.0-255,2902,86589,50,226932
3055,0.000835,172.217.194.0-255,4320,90909,50,226932
3056,0.00084,172.217.194.0-255,2902,93811,50,226932
3057,0.000846,172.31.46.0-255,66,93877,50,226932
3058,0.000861,172.217.194.0-255,6797,100674,50,226932
3059,0.000884,172.31.46.0-255,66,100740,50,226932
3060,0.001405,172.217.194.0-255,1484,102224,50,226932
3061,0.001414,172.217.194.0-255,2902,105126,50,226932
3062,0.001418,172.31.46.0-255,66,105192,50,226932
3063,0.001424,172.217.194.0-255,4320,109512,50,226932
3064,0.001439,172.217.194.0-255,1484,110996,50,226932
3065,0.001454,172.217.194.0-255,4320,115316,50,226932
3066,0.001491,172.217.194.0-255,217,115533,50,226932
3067,0.001532,172.217.194.0-255,1484,117017,50,226932
3068,0.001553,172.217.194.0-255,4320,121337,50,226932
3069,0.001558,172.217.194.0-255,4320,125657,50,226932
3070,0.001578,172.217.194.0-255,5738,131395,50,226932
3071,0.001591,172.217.194.0-255,1484,132879,50,226932
3072,0.001632,172.217.194.0-255,6438,139317,50,226932
3073,0.001745,172.217.194.0-255,1484,140801,50,226932
3074,0.001763,172.217.194.0-255,2902,143703,50,226932
3075,0.00177,172.217.194.0-255,5738,149441,50,226932
3076,0.001777,172.217.194.0-255,7156,156597,50,226932
3077,0.001793,172.217.194.0-255,5738,162335,50,226932
3078,0.001829,172.217.194.0-255,2184,164519,50,226932
3079,0.004052,172.31.46.0-255,66,164585,50,226932
3080,0.006429,172.217.194.0-255,5738,170323,50,226932
3081,0.006435,172.31.46.0-255,66,170389,50,226932
3082,0.008795,172.217.194.0-255,5738,176127,50,226932
3083,0.008801,172.31.46.0-255,66,176193,50,226932
3084,0.011154,172.217.194.0-255,5738,181931,50,226932
3085,0.011163,172.31.46.0-255,66,181997,50,226932
3086,0.013528,172.217.194.0-255,5738,187735,50,226932
3087,0.013869,172.31.46.0-255,66,187801,50,226932
3088,0.016225,172.217.194.0-255,5738,193539,50,226932
3089,0.016234,172.31.46.0-255,66,193605,50,226932
3090,0.018607,172.217.194.0-255,5738,199343,50,226932
3091,0.018614,172.31.46.0-255,66,199409,50,226932
3092,0.020975,172.217.194.0-255,5738,205147,50,226932
3093,0.020983,172.31.46.0-255,66,205213,50,226932
3094,0.023335,172.217.194.0-255,5738,210951,50,226932
3095,0.023343,172.31.46.0-255,66,211017,50,226932
3096,0.025714,172.217.194.0-255,5738,216755,50,226932
3097,0.025722,172.31.46.0-255,66,216821,50,226932
3098,0.026861,172.31.46.0-255,188,217009,50,226932
3099,0.026888,172.31.46.0-255,954,217963,50,226932
3100,0.026938,172.31.46.0-255,1514,219477,50,226932
3101,0.02694,172.31.46.0-255,1453,220930,50,226932
3102,0.028078,172.217.194.0-255,5738,226668,50,226932
3103,0.028084,172.31.46.0-255,66,226734,50,226932
3104,0.028404,104.244.42.0-255,66,226800,50,226932
3105,0.028419,104.244.42.0-255,66,226866,50,226932
3106,0.028497,104.244.42.0-255,66,226932,50,226932
3107,0.0,74.125.24.0-255,148,148,50,173699
3108,2.1e-05,172.31.46.0-255,66,214,50,173699
3109,2.7e-05,74.125.24.0-255,1484,1698,50,173699
3110,3.1e-05,172.31.46.0-255,66,1764,50,173699
3111,3.7e-05,74.125.24.0-255,2902,4666,50,173699
3112,4.6e-05,172.31.46.0-255,66,4732,50,173699
3113,5.1e-05,74.125.24.0-255,4320,9052,50,173699
3114,5.4e-05,172.31.46.0-255,66,9118,50,173699
3115,7.6e-05,74.125.24.0-255,4776,13894,50,173699
3116,8.3e-05,172.31.46.0-255,66,13960,50,173699
3117,0.000101,74.125.24.0-255,5738,19698,50,173699
3118,0.000103,172.31.46.0-255,66,19764,50,173699
3119,0.000128,74.125.24.0-255,2902,22666,50,173699
3120,0.00013,172.31.46.0-255,66,22732,50,173699
3121,0.000163,172.31.46.0-255,66,22798,50,173699
3122,0.000263,74.125.24.0-255,1484,24282,50,173699
3123,0.000267,172.31.46.0-255,66,24348,50,173699
3124,0.000272,74.125.24.0-255,2902,27250,50,173699
3125,0.000274,172.31.46.0-255,66,27316,50,173699
3126,0.0003,74.125.24.0-255,5738,33054,50,173699
3127,0.000303,172.31.46.0-255,66,33120,50,173699
3128,0.000306,74.125.24.0-255,1484,34604,50,173699
3129,0.000307,172.31.46.0-255,66,34670,50,173699
3130,0.000356,172.31.46.0-255,66,34736,50,173699
3131,0.000371,172.31.46.0-255,66,34802,50,173699
3132,0.000542,74.125.24.0-255,647,35449,50,173699
3133,0.000546,172.31.46.0-255,66,35515,50,173699
3134,0.000705,74.125.24.0-255,1484,36999,50,173699
3135,0.000709,172.31.46.0-255,66,37065,50,173699
3136,0.000726,74.125.24.0-255,2902,39967,50,173699
3137,0.000728,172.31.46.0-255,66,40033,50,173699
3138,0.000732,74.125.24.0-255,2902,42935,50,173699
3139,0.000735,172.31.46.0-255,66,43001,50,173699
3140,0.000773,74.125.24.0-255,7156,50157,50,173699
3141,0.000776,172.31.46.0-255,66,50223,50,173699
3142,0.000808,74.125.24.0-255,7156,57379,50,173699
3143,0.000811,172.31.46.0-255,66,57445,50,173699
3144,0.000846,172.31.46.0-255,66,57511,50,173699
3145,0.00085,74.125.24.0-255,2902,60413,50,173699
3146,0.000852,172.31.46.0-255,66,60479,50,173699
3147,0.000868,74.125.24.0-255,766,61245,50,173699
3148,0.001025,74.125.24.0-255,1484,62729,50,173699
3149,0.001028,172.31.46.0-255,66,62795,50,173699
3150,0.001033,74.125.24.0-255,2902,65697,50,173699
3151,0.001035,172.31.46.0-255,66,65763,50,173699
3152,0.00107,74.125.24.0-255,5738,71501,50,173699
3153,0.001073,172.31.46.0-255,66,71567,50,173699
3154,0.001089,172.31.46.0-255,66,71633,50,173699
3155,0.001118,74.125.24.0-255,5738,77371,50,173699
3156,0.001121,172.31.46.0-255,66,77437,50,173699
3157,0.001147,74.125.24.0-255,5020,82457,50,173699
3158,0.001152,172.31.46.0-255,66,82523,50,173699
3159,0.001499,74.125.24.0-255,1484,84007,50,173699
3160,0.001515,74.125.24.0-255,2902,86909,50,173699
3161,0.001518,172.31.46.0-255,66,86975,50,173699
3162,0.001524,74.125.24.0-255,4320,91295,50,173699
3163,0.001525,172.31.46.0-255,66,91361,50,173699
3164,0.001558,74.125.24.0-255,1484,92845,50,173699
3165,0.001565,74.125.24.0-255,7156,100001,50,173699
3166,0.001567,172.31.46.0-255,66,100067,50,173699
3167,0.00158,172.31.46.0-255,66,100133,50,173699
3168,0.001588,74.125.24.0-255,2184,102317,50,173699
3169,0.00159,172.31.46.0-255,66,102383,50,173699
3170,0.001657,74.125.24.0-255,1484,103867,50,173699
3171,0.00168,74.125.24.0-255,2902,106769,50,173699
3172,0.001683,172.31.46.0-255,66,106835,50,173699
3173,0.001689,74.125.24.0-255,5738,112573,50,173699
3174,0.001691,172.31.46.0-255,66,112639,50,173699
3175,0.001704,172.31.46.0-255,66,112705,50,173699
3176,0.001748,74.125.24.0-255,5738,118443,50,173699
3177,0.001753,172.31.46.0-255,66,118509,50,173699
3178,0.001786,172.31.46.0-255,66,118575,50,173699
3179,0.001851,74.125.24.0-255,1484,120059,50,173699
3180,0.001855,74.125.24.0-255,2902,122961,50,173699
3181,0.001858,172.31.46.0-255,66,123027,50,173699
3182,0.00189,74.125.24.0-255,5738,128765,50,173699
3183,0.001892,172.31.46.0-255,66,128831,50,173699
3184,0.001895,74.125.24.0-255,1484,130315,50,173699
3185,0.001898,74.125.24.0-255,2902,133217,50,173699
3186,0.0019,172.31.46.0-255,66,133283,50,173699
3187,0.001945,74.125.24.0-255,5738,139021,50,173699
3188,0.001948,172.31.46.0-255,66,139087,50,173699
3189,0.001955,74.125.24.0-255,7156,146243,50,173699
3190,0.001957,172.31.46.0-255,66,146309,50,173699
3191,0.002004,74.125.24.0-255,6438,152747,50,173699
3192,0.002007,172.31.46.0-255,66,152813,50,173699
3193,0.002203,74.125.24.0-255,1484,154297,50,173699
3194,0.002209,74.125.24.0-255,2902,157199,50,173699
3195,0.002212,172.31.46.0-255,66,157265,50,173699
3196,0.002219,74.125.24.0-255,5738,163003,50,173699
3197,0.002221,172.31.46.0-255,66,163069,50,173699
3198,0.002263,172.31.46.0-255,66,163135,50,173699
3199,0.002273,172.31.46.0-255,66,163201,50,173699
3200,0.002324,172.31.46.0-255,66,163267,50,173699
3201,0.002351,74.125.24.0-255,5020,168287,50,173699
3202,0.002354,172.31.46.0-255,66,168353,50,173699
3203,0.002368,172.31.46.0-255,66,168419,50,173699
3204,0.002412,172.31.46.0-255,66,168485,50,173699
3205,0.002458,172.31.46.0-255,66,168551,50,173699
3206,0.002481,172.31.46.0-255,66,168617,50,173699
3207,0.002506,172.31.46.0-255,66,168683,50,173699
3208,0.002547,172.31.46.0-255,66,168749,50,173699
3209,0.002576,172.31.46.0-255,66,168815,50,173699
3210,0.002583,74.125.24.0-255,254,169069,50,173699
3211,0.005109,74.125.24.0-255,105,169174,50,173699
3212,0.009644,172.31.46.0-255,66,169240,50,173699
3213,0.009764,172.31.46.0-255,105,169345,50,173699
3214,0.012314,74.125.24.0-255,66,169411,50,173699
3215,0.026978,172.31.46.0-255,167,169578,50,173699
3216,0.027006,172.31.46.0-255,1112,170690,50,173699
3217,0.027058,172.31.46.0-255,1514,172204,50,173699
3218,0.027059,172.31.46.0-255,1297,173501,50,173699
3219,0.028495,104.244.42.0-255,66,173567,50,173699
3220,0.028528,104.244.42.0-255,66,173633,50,173699
3221,0.028578,104.244.42.0-255,66,173699,50,173699
3222,0.0,74.125.130.0-255,146,146,50,231071
3223,1.9e-05,172.31.46.0-255,66,212,50,231071
3224,4.1e-05,74.125.130.0-255,1484,1696,50,231071
3225,4.5e-05,172.31.46.0-255,66,1762,50,231071
3226,6e-05,74.125.130.0-255,2902,4664,50,231071
3227,6.4e-05,172.31.46.0-255,66,4730,50,231071
3228,7.1e-05,74.125.130.0-255,4320,9050,50,231071
3229,7.4e-05,172.31.46.0-255,66,9116,50,231071
3230,0.000103,74.125.130.0-255,5738,14854,50,231071
3231,0.000106,172.31.46.0-255,66,14920,50,231071
3232,0.000126,74.125.130.0-255,3394,18314,50,231071
3233,0.000128,172.31.46.0-255,66,18380,50,231071
3234,0.00014,172.31.46.0-255,66,18446,50,231071
3235,0.000158,74.125.130.0-255,1484,19930,50,231071
3236,0.000161,172.31.46.0-255,66,19996,50,231071
3237,0.000177,74.125.130.0-255,1125,21121,50,231071
3238,0.00018,172.31.46.0-255,66,21187,50,231071
3239,0.000228,74.125.130.0-255,1484,22671,50,231071
3240,0.000231,172.31.46.0-255,66,22737,50,231071
3241,0.000244,74.125.130.0-255,2902,25639,50,231071
3242,0.000247,172.31.46.0-255,66,25705,50,231071
3243,0.000251,74.125.130.0-255,2902,28607,50,231071
3244,0.000253,172.31.46.0-255,66,28673,50,231071
3245,0.000281,74.125.130.0-255,2902,31575,50,231071
3246,0.000284,172.31.46.0-255,66,31641,50,231071
3247,0.000289,74.125.130.0-255,4320,35961,50,231071
3248,0.000291,172.31.46.0-255,66,36027,50,231071
3249,0.000297,74.125.130.0-255,5379,41406,50,231071
3250,0.000299,172.31.46.0-255,66,41472,50,231071
3251,0.000302,74.125.130.0-255,1484,42956,50,231071
3252,0.000304,172.31.46.0-255,66,43022,50,231071
3253,0.000334,172.31.46.0-255,66,43088,50,231071
3254,0.000338,74.125.130.0-255,2795,45883,50,231071
3255,0.00034,172.31.46.0-255,66,45949,50,231071
3256,0.000343,74.125.130.0-255,121,46070,50,231071
3257,0.000345,172.31.46.0-255,66,46136,50,231071
3258,0.000366,74.125.130.0-255,381,46517,50,231071
3259,0.000368,172.31.46.0-255,66,46583,50,231071
3260,0.000623,74.125.130.0-255,1484,48067,50,231071
3261,0.000627,172.31.46.0-255,66,48133,50,231071
3262,0.000634,74.125.130.0-255,2902,51035,50,231071
3263,0.000636,172.31.46.0-255,66,51101,50,231071
3264,0.000641,74.125.130.0-255,4320,55421,50,231071
3265,0.000643,172.31.46.0-255,66,55487,50,231071
3266,0.000664,74.125.130.0-255,1484,56971,50,231071
3267,0.000666,172.31.46.0-255,66,57037,50,231071
3268,0.000671,74.125.130.0-255,2902,59939,50,231071
3269,0.000674,172.31.46.0-255,66,60005,50,231071
3270,0.000709,172.31.46.0-255,66,60071,50,231071
3271,0.000712,172.31.46.0-255,66,60137,50,231071
3272,0.000731,74.125.130.0-255,2184,62321,50,231071
3273,0.000733,172.31.46.0-255,66,62387,50,231071
3274,0.00078,74.125.130.0-255,2902,65289,50,231071
3275,0.000783,172.31.46.0-255,66,65355,50,231071
3276,0.000787,74.125.130.0-255,1484,66839,50,231071
3277,0.000805,74.125.130.0-255,2902,69741,50,231071
3278,0.000818,172.31.46.0-255,66,69807,50,231071
3279,0.000829,74.125.130.0-255,1484,71291,50,231071
3280,0.000878,172.31.46.0-255,66,71357,50,231071
3281,0.000893,74.125.130.0-255,3602,74959,50,231071
3282,0.000913,172.31.46.0-255,66,75025,50,231071
3283,0.000925,74.125.130.0-255,2902,77927,50,231071
3284,0.000943,74.125.130.0-255,4320,82247,50,231071
3285,0.000947,172.31.46.0-255,66,82313,50,231071
3286,0.000953,172.31.46.0-255,66,82379,50,231071
3287,0.000983,172.31.46.0-255,66,82445,50,231071
3288,0.001007,172.31.46.0-255,66,82511,50,231071
3289,0.00103,74.125.130.0-255,1484,83995,50,231071
3290,0.00105,74.125.130.0-255,2184,86179,50,231071
3291,0.001062,172.31.46.0-255,66,86245,50,231071
3292,0.001079,74.125.130.0-255,1484,87729,50,231071
3293,0.001096,74.125.130.0-255,2902,90631,50,231071
3294,0.001099,74.125.130.0-255,1484,92115,50,231071
3295,0.001116,74.125.130.0-255,4320,96435,50,231071
3296,0.00117,74.125.130.0-255,4320,100755,50,231071
3297,0.001181,172.31.46.0-255,66,100821,50,231071
3298,0.001195,74.125.130.0-255,5738,106559,50,231071
3299,0.001201,172.31.46.0-255,66,106625,50,231071
3300,0.001218,74.125.130.0-255,5020,111645,50,231071
3301,0.001242,172.31.46.0-255,66,111711,50,231071
3302,0.001727,74.125.130.0-255,1484,113195,50,231071
3303,0.001734,74.125.130.0-255,2902,116097,50,231071
3304,0.001737,172.31.46.0-255,66,116163,50,231071
3305,0.001743,74.125.130.0-255,2902,119065,50,231071
3306,0.001747,172.31.46.0-255,66,119131,50,231071
3307,0.001757,74.125.130.0-255,2902,122033,50,231071
3308,0.001761,172.31.46.0-255,66,122099,50,231071
3309,0.001777,74.125.130.0-255,4320,126419,50,231071
3310,0.001811,74.125.130.0-255,5738,132157,50,231071
3311,0.001823,74.125.130.0-255,2902,135059,50,231071
3312,0.001827,172.31.46.0-255,66,135125,50,231071
3313,0.001835,74.125.130.0-255,2184,137309,50,231071
3314,0.001844,172.31.46.0-255,66,137375,50,231071
3315,0.001975,74.125.130.0-255,1484,138859,50,231071
3316,0.001989,74.125.130.0-255,2902,141761,50,231071
3317,0.001992,172.31.46.0-255,66,141827,50,231071
3318,0.001997,74.125.130.0-255,2902,144729,50,231071
3319,0.002012,74.125.130.0-255,2902,147631,50,231071
3320,0.002025,172.31.46.0-255,66,147697,50,231071
3321,0.002063,74.125.130.0-255,2902,150599,50,231071
3322,0.002069,74.125.130.0-255,7156,157755,50,231071
3323,0.002089,74.125.130.0-255,3602,161357,50,231071
3324,0.002232,74.125.130.0-255,1484,162841,50,231071
3325,0.002238,74.125.130.0-255,2902,165743,50,231071
3326,0.002244,74.125.130.0-255,5738,171481,50,231071
3327,0.00226,74.125.130.0-255,1484,172965,50,231071
3328,0.005692,172.31.46.0-255,66,173031,50,231071
3329,0.007934,74.125.130.0-255,5738,178769,50,231071
3330,0.007941,172.31.46.0-255,66,178835,50,231071
3331,0.01017,74.125.130.0-255,5738,184573,50,231071
3332,0.010342,172.31.46.0-255,66,184639,50,231071
3333,0.012575,74.125.130.0-255,5738,190377,50,231071
3334,0.012581,172.31.46.0-255,66,190443,50,231071
3335,0.01482,74.125.130.0-255,5738,196181,50,231071
3336,0.014829,172.31.46.0-255,66,196247,50,231071
3337,0.017075,74.125.130.0-255,5738,201985,50,231071
3338,0.017085,172.31.46.0-255,66,202051,50,231071
3339,0.019328,74.125.130.0-255,5738,207789,50,231071
3340,0.019336,172.31.46.0-255,66,207855,50,231071
3341,0.02157,74.125.130.0-255,5738,213593,50,231071
3342,0.021577,172.31.46.0-255,66,213659,50,231071
3343,0.023809,74.125.130.0-255,5738,219397,50,231071
3344,0.023818,172.31.46.0-255,66,219463,50,231071
3345,0.02605,74.125.130.0-255,5738,225201,50,231071
3346,0.026057,172.31.46.0-255,66,225267,50,231071
3347,0.028313,74.125.130.0-255,5738,231005,50,231071
3348,0.028321,172.31.46.0-255,66,231071,50,231071
3349,0.0,172.217.194.0-255,155,155,50,175398
3350,1.4e-05,172.31.46.0-255,66,221,50,175398
3351,2.1e-05,172.217.194.0-255,1484,1705,50,175398
3352,2.6e-05,172.31.46.0-255,66,1771,50,175398
3353,3.2e-05,172.217.194.0-255,2902,4673,50,175398
3354,4.7e-05,172.31.46.0-255,66,4739,50,175398
3355,5.4e-05,172.217.194.0-255,5738,10477,50,175398
3356,5.8e-05,172.31.46.0-255,66,10543,50,175398
3357,7.1e-05,172.31.46.0-255,66,10609,50,175398
3358,0.000107,172.217.194.0-255,4927,15536,50,175398
3359,0.00011,172.31.46.0-255,66,15602,50,175398
3360,0.000117,172.217.194.0-255,6797,22399,50,175398
3361,0.00012,172.31.46.0-255,66,22465,50,175398
3362,0.000171,172.217.194.0-255,1484,23949,50,175398
3363,0.000173,172.31.46.0-255,66,24015,50,175398
3364,0.000178,172.217.194.0-255,2902,26917,50,175398
3365,0.000181,172.31.46.0-255,66,26983,50,175398
3366,0.000186,172.217.194.0-255,5738,32721,50,175398
3367,0.000194,172.31.46.0-255,66,32787,50,175398
3368,0.000247,172.31.46.0-255,66,32853,50,175398
3369,0.000258,172.31.46.0-255,66,32919,50,175398
3370,0.000284,172.217.194.0-255,2902,35821,50,175398
3371,0.000287,172.31.46.0-255,66,35887,50,175398
3372,0.00029,172.217.194.0-255,1434,37321,50,175398
3373,0.000292,172.31.46.0-255,66,37387,50,175398
3374,0.000337,172.217.194.0-255,378,37765,50,175398
3375,0.000339,172.31.46.0-255,66,37831,50,175398
3376,0.000486,172.217.194.0-255,1484,39315,50,175398
3377,0.000491,172.31.46.0-255,66,39381,50,175398
3378,0.000497,172.217.194.0-255,2902,42283,50,175398
3379,0.000522,172.217.194.0-255,5738,48021,50,175398
3380,0.000538,172.217.194.0-255,2902,50923,50,175398
3381,0.000567,172.217.194.0-255,3961,54884,50,175398
3382,0.000575,172.217.194.0-255,7156,62040,50,175398
3383,0.000581,172.217.194.0-255,4320,66360,50,175398
3384,0.000594,172.217.194.0-255,2902,69262,50,175398
3385,0.000607,172.217.194.0-255,2543,71805,50,175398
3386,0.000615,172.31.46.0-255,66,71871,50,175398
3387,0.001948,172.217.194.0-255,1484,73355,50,175398
3388,0.001959,172.217.194.0-255,2902,76257,50,175398
3389,0.001964,172.31.46.0-255,66,76323,50,175398
3390,0.001973,172.217.194.0-255,5738,82061,50,175398
3391,0.002043,172.217.194.0-255,7156,89217,50,175398
3392,0.002059,172.217.194.0-255,6438,95655,50,175398
3393,0.002106,172.217.194.0-255,1484,97139,50,175398
3394,0.002118,172.217.194.0-255,2902,100041,50,175398
3395,0.002138,172.217.194.0-255,5738,105779,50,175398
3396,0.00216,172.217.194.0-255,4320,110099,50,175398
3397,0.002184,172.217.194.0-255,2902,113001,50,175398
3398,0.004456,172.31.46.0-255,66,113067,50,175398
3399,0.006743,172.217.194.0-255,5738,118805,50,175398
3400,0.006748,172.31.46.0-255,66,118871,50,175398
3401,0.00904,172.217.194.0-255,5738,124609,50,175398
3402,0.009048,172.31.46.0-255,66,124675,50,175398
3403,0.011312,172.217.194.0-255,5738,130413,50,175398
3404,0.011323,172.31.46.0-255,66,130479,50,175398
3405,0.013598,172.217.194.0-255,5738,136217,50,175398
3406,0.014171,172.31.46.0-255,66,136283,50,175398
3407,0.01645,172.217.194.0-255,5738,142021,50,175398
3408,0.016459,172.31.46.0-255,66,142087,50,175398
3409,0.018726,172.217.194.0-255,5738,147825,50,175398
3410,0.018733,172.31.46.0-255,66,147891,50,175398
3411,0.021026,172.217.194.0-255,5738,153629,50,175398
3412,0.021034,172.31.46.0-255,66,153695,50,175398
3413,0.023057,172.31.46.0-255,172,153867,50,175398
3414,0.023086,172.31.46.0-255,1113,154980,50,175398
3415,0.02315,172.31.46.0-255,1514,156494,50,175398
3416,0.023152,172.31.46.0-255,1294,157788,50,175398
3417,0.023294,172.217.194.0-255,5738,163526,50,175398
3418,0.0233,172.31.46.0-255,66,163592,50,175398
3419,0.024592,104.244.42.0-255,66,163658,50,175398
3420,0.024629,104.244.42.0-255,66,163724,50,175398
3421,0.024708,104.244.42.0-255,66,163790,50,175398
3422,0.025553,172.217.194.0-255,5738,169528,50,175398
3423,0.025558,172.31.46.0-255,66,169594,50,175398
3424,0.027813,172.217.194.0-255,5738,175332,50,175398
3425,0.02782,172.31.46.0-255,66,175398,50,175398
3426,0.0,74.125.24.0-255,156,156,50,191213
3427,2.4e-05,172.31.46.0-255,66,222,50,191213
3428,3e-05,74.125.24.0-255,1484,1706,50,191213
3429,3.5e-05,172.31.46.0-255,66,1772,50,191213
3430,4.8e-05,74.125.24.0-255,2902,4674,50,191213
3431,5.2e-05,172.31.46.0-255,66,4740,50,191213
3432,5.9e-05,74.125.24.0-255,7156,11896,50,191213
3433,6.2e-05,172.31.46.0-255,66,11962,50,191213
3434,6.6e-05,74.125.24.0-255,1938,13900,50,191213
3435,6.9e-05,172.31.46.0-255,66,13966,50,191213
3436,0.000449,74.125.24.0-255,1484,15450,50,191213
3437,0.000455,172.31.46.0-255,66,15516,50,191213
3438,0.000461,74.125.24.0-255,2902,18418,50,191213
3439,0.000464,172.31.46.0-255,66,18484,50,191213
3440,0.000471,74.125.24.0-255,5738,24222,50,191213
3441,0.000478,172.31.46.0-255,66,24288,50,191213
3442,0.000516,74.125.24.0-255,6797,31085,50,191213
3443,0.000521,172.31.46.0-255,66,31151,50,191213
3444,0.00058,172.31.46.0-255,66,31217,50,191213
3445,0.000585,74.125.24.0-255,2543,33760,50,191213
3446,0.000587,172.31.46.0-255,66,33826,50,191213
3447,0.000591,74.125.24.0-255,2902,36728,50,191213
3448,0.000598,172.31.46.0-255,66,36794,50,191213
3449,0.000623,74.125.24.0-255,5738,42532,50,191213
3450,0.000626,172.31.46.0-255,66,42598,50,191213
3451,0.000654,74.125.24.0-255,1484,44082,50,191213
3452,0.000657,172.31.46.0-255,66,44148,50,191213
3453,0.000669,74.125.24.0-255,7107,51255,50,191213
3454,0.000672,172.31.46.0-255,66,51321,50,191213
3455,0.000891,74.125.24.0-255,345,51666,50,191213
3456,0.000895,172.31.46.0-255,66,51732,50,191213
3457,0.000999,74.125.24.0-255,1484,53216,50,191213
3458,0.001004,74.125.24.0-255,1484,54700,50,191213
3459,0.001007,172.31.46.0-255,66,54766,50,191213
3460,0.001038,74.125.24.0-255,1484,56250,50,191213
3461,0.001045,74.125.24.0-255,5738,61988,50,191213
3462,0.001047,172.31.46.0-255,66,62054,50,191213
3463,0.001054,74.125.24.0-255,5738,67792,50,191213
3464,0.001056,172.31.46.0-255,66,67858,50,191213
3465,0.001078,74.125.24.0-255,1125,68983,50,191213
3466,0.001102,74.125.24.0-255,1484,70467,50,191213
3467,0.001105,172.31.46.0-255,66,70533,50,191213
3468,0.001109,74.125.24.0-255,1484,72017,50,191213
3469,0.001134,74.125.24.0-255,2902,74919,50,191213
3470,0.001139,74.125.24.0-255,5738,80657,50,191213
3471,0.001143,172.31.46.0-255,66,80723,50,191213
3472,0.001146,172.31.46.0-255,66,80789,50,191213
3473,0.001175,74.125.24.0-255,4320,85109,50,191213
3474,0.001182,172.31.46.0-255,66,85175,50,191213
3475,0.001185,74.125.24.0-255,1125,86300,50,191213
3476,0.00144,74.125.24.0-255,1484,87784,50,191213
3477,0.001446,172.31.46.0-255,66,87850,50,191213
3478,0.001455,74.125.24.0-255,2902,90752,50,191213
3479,0.001462,172.31.46.0-255,66,90818,50,191213
3480,0.001491,74.125.24.0-255,5738,96556,50,191213
3481,0.001493,172.31.46.0-255,66,96622,50,191213
3482,0.001523,74.125.24.0-255,4320,100942,50,191213
3483,0.001526,172.31.46.0-255,66,101008,50,191213
3484,0.001532,74.125.24.0-255,5738,106746,50,191213
3485,0.001534,172.31.46.0-255,66,106812,50,191213
3486,0.001538,74.125.24.0-255,2902,109714,50,191213
3487,0.00154,172.31.46.0-255,66,109780,50,191213
3488,0.001571,172.31.46.0-255,66,109846,50,191213
3489,0.001575,74.125.24.0-255,2184,112030,50,191213
3490,0.001577,172.31.46.0-255,66,112096,50,191213
3491,0.001634,74.125.24.0-255,1484,113580,50,191213
3492,0.00164,74.125.24.0-255,2902,116482,50,191213
3493,0.001642,172.31.46.0-255,66,116548,50,191213
3494,0.001646,74.125.24.0-255,1484,118032,50,191213
3495,0.001673,74.125.24.0-255,4320,122352,50,191213
3496,0.001675,172.31.46.0-255,66,122418,50,191213
3497,0.001678,74.125.24.0-255,1484,123902,50,191213
3498,0.001714,172.31.46.0-255,66,123968,50,191213
3499,0.00173,172.31.46.0-255,66,124034,50,191213
3500,0.004122,74.125.24.0-255,5738,129772,50,191213
3501,0.00413,172.31.46.0-255,66,129838,50,191213
3502,0.006524,74.125.24.0-255,4320,134158,50,191213
3503,0.006528,172.31.46.0-255,66,134224,50,191213
3504,0.006553,74.125.24.0-255,1484,135708,50,191213
3505,0.008914,74.125.24.0-255,4320,140028,50,191213
3506,0.008921,172.31.46.0-255,66,140094,50,191213
3507,0.011327,74.125.24.0-255,5738,145832,50,191213
3508,0.011336,172.31.46.0-255,66,145898,50,191213
3509,0.01371,74.125.24.0-255,5738,151636,50,191213
3510,0.01372,172.31.46.0-255,66,151702,50,191213
3511,0.016109,74.125.24.0-255,5738,157440,50,191213
3512,0.01612,172.31.46.0-255,66,157506,50,191213
3513,0.018533,74.125.24.0-255,5738,163244,50,191213
3514,0.018541,172.31.46.0-255,66,163310,50,191213
3515,0.020913,74.125.24.0-255,5738,169048,50,191213
3516,0.02092,172.31.46.0-255,66,169114,50,191213
3517,0.023347,74.125.24.0-255,2902,172016,50,191213
3518,0.023355,172.31.46.0-255,66,172082,50,191213
3519,0.023387,74.125.24.0-255,2902,174984,50,191213
3520,0.02339,172.31.46.0-255,66,175050,50,191213
3521,0.025724,74.125.24.0-255,2902,177952,50,191213
3522,0.025732,172.31.46.0-255,66,178018,50,191213
3523,0.025763,74.125.24.0-255,2902,180920,50,191213
3524,0.025767,172.31.46.0-255,66,180986,50,191213
3525,0.025951,172.31.46.0-255,172,181158,50,191213
3526,0.02598,172.31.46.0-255,1112,182270,50,191213
3527,0.026038,172.31.46.0-255,1514,183784,50,191213
3528,0.02604,172.31.46.0-255,1295,185079,50,191213
3529,0.027505,104.244.42.0-255,66,185145,50,191213
3530,0.027555,104.244.42.0-255,66,185211,50,191213
3531,0.027613,104.244.42.0-255,66,185277,50,191213
3532,0.02809,74.125.24.0-255,2902,188179,50,191213
3533,0.028095,172.31.46.0-255,66,188245,50,191213
3534,0.028147,74.125.24.0-255,2902,191147,50,191213
3535,0.028149,172.31.46.0-255,66,191213,50,191213
3536,0.0,74.125.68.0-255,150,150,50,131735
3537,2.4e-05,172.31.46.0-255,66,216,50,131735
3538,3.1e-05,74.125.68.0-255,1484,1700,50,131735
3539,3.5e-05,172.31.46.0-255,66,1766,50,131735
3540,4.1e-05,74.125.68.0-255,2902,4668,50,131735
3541,4.4e-05,172.31.46.0-255,66,4734,50,131735
3542,7.1e-05,74.125.68.0-255,5738,10472,50,131735
3543,7.4e-05,172.31.46.0-255,66,10538,50,131735
3544,0.000155,74.125.68.0-255,2902,13440,50,131735
3545,0.000158,172.31.46.0-255,66,13506,50,131735
3546,0.000196,74.125.68.0-255,4320,17826,50,131735
3547,0.000199,172.31.46.0-255,66,17892,50,131735
3548,0.000221,74.125.68.0-255,4849,22741,50,131735
3549,0.000224,172.31.46.0-255,66,22807,50,131735
3550,0.000344,74.125.68.0-255,2902,25709,50,131735
3551,0.000348,172.31.46.0-255,66,25775,50,131735
3552,0.000371,172.31.46.0-255,66,25841,50,131735
3553,0.000392,74.125.68.0-255,2902,28743,50,131735
3554,0.000394,172.31.46.0-255,66,28809,50,131735
3555,0.000589,172.31.46.0-255,66,28875,50,131735
3556,0.000732,74.125.68.0-255,4320,33195,50,131735
3557,0.000737,172.31.46.0-255,66,33261,50,131735
3558,0.000769,172.31.46.0-255,66,33327,50,131735
3559,0.000994,74.125.68.0-255,1484,34811,50,131735
3560,0.000998,172.31.46.0-255,66,34877,50,131735
3561,0.001004,74.125.68.0-255,2902,37779,50,131735
3562,0.001006,172.31.46.0-255,66,37845,50,131735
3563,0.001064,74.125.68.0-255,5738,43583,50,131735
3564,0.001067,172.31.46.0-255,66,43649,50,131735
3565,0.001168,74.125.68.0-255,5379,49028,50,131735
3566,0.001178,172.31.46.0-255,66,49094,50,131735
3567,0.001365,74.125.68.0-255,7156,56250,50,131735
3568,0.00137,172.31.46.0-255,66,56316,50,131735
3569,0.001428,172.31.46.0-255,66,56382,50,131735
3570,0.001781,74.125.68.0-255,7156,63538,50,131735
3571,0.001786,172.31.46.0-255,66,63604,50,131735
3572,0.001949,74.125.68.0-255,4221,67825,50,131735
3573,0.002544,74.125.68.0-255,4320,72145,50,131735
3574,0.002615,74.125.68.0-255,1484,73629,50,131735
3575,0.007594,172.31.46.0-255,66,73695,50,131735
3576,0.009634,74.125.68.0-255,5738,79433,50,131735
3577,0.009647,172.31.46.0-255,66,79499,50,131735
3578,0.011684,74.125.68.0-255,5738,85237,50,131735
3579,0.01215,172.31.46.0-255,66,85303,50,131735
3580,0.014186,74.125.68.0-255,5738,91041,50,131735
3581,0.014202,172.31.46.0-255,66,91107,50,131735
3582,0.016244,74.125.68.0-255,5738,96845,50,131735
3583,0.016661,172.31.46.0-255,66,96911,50,131735
3584,0.018686,74.125.68.0-255,5738,102649,50,131735
3585,0.018698,172.31.46.0-255,66,102715,50,131735
3586,0.020725,74.125.68.0-255,5738,108453,50,131735
3587,0.020735,172.31.46.0-255,66,108519,50,131735
3588,0.022755,74.125.68.0-255,5738,114257,50,131735
3589,0.022763,172.31.46.0-255,66,114323,50,131735
3590,0.024787,74.125.68.0-255,5738,120061,50,131735
3591,0.024801,172.31.46.0-255,66,120127,50,131735
3592,0.026871,74.125.68.0-255,5738,125865,50,131735
3593,0.026882,172.31.46.0-255,66,125931,50,131735
3594,0.028914,74.125.68.0-255,5738,131669,50,131735
3595,0.028924,172.31.46.0-255,66,131735,50,131735
3596,0.0,74.125.68.0-255,150,150,50,322037
3597,1.5e-05,172.31.46.0-255,66,216,50,322037
3598,2.2e-05,74.125.68.0-255,1484,1700,50,322037
3599,2.7e-05,172.31.46.0-255,66,1766,50,322037
3600,3.3e-05,74.125.68.0-255,2902,4668,50,322037
3601,3.7e-05,172.31.46.0-255,66,4734,50,322037
3602,4.1e-05,74.125.68.0-255,1484,6218,50,322037
3603,4.3e-05,172.31.46.0-255,66,6284,50,322037
3604,6.6e-05,74.125.68.0-255,2902,9186,50,322037
3605,6.8e-05,172.31.46.0-255,66,9252,50,322037
3606,0.000102,74.125.68.0-255,4883,14135,50,322037
3607,0.000105,172.31.46.0-255,66,14201,50,322037
3608,0.000141,74.125.68.0-255,4320,18521,50,322037
3609,0.000144,172.31.46.0-255,66,18587,50,322037
3610,0.000163,74.125.68.0-255,1484,20071,50,322037
3611,0.000166,172.31.46.0-255,66,20137,50,322037
3612,0.000174,74.125.68.0-255,7156,27293,50,322037
3613,0.000176,172.31.46.0-255,66,27359,50,322037
3614,0.000196,74.125.68.0-255,3961,31320,50,322037
3615,0.000199,172.31.46.0-255,66,31386,50,322037
3616,0.000308,74.125.68.0-255,1484,32870,50,322037
3617,0.000311,172.31.46.0-255,66,32936,50,322037
3618,0.000317,74.125.68.0-255,2902,35838,50,322037
3619,0.000319,172.31.46.0-255,66,35904,50,322037
3620,0.000335,74.125.68.0-255,4320,40224,50,322037
3621,0.000338,172.31.46.0-255,66,40290,50,322037
3622,0.000363,74.125.68.0-255,5738,46028,50,322037
3623,0.000365,172.31.46.0-255,66,46094,50,322037
3624,0.000395,74.125.68.0-255,5379,51473,50,322037
3625,0.000398,172.31.46.0-255,66,51539,50,322037
3626,0.000404,74.125.68.0-255,4320,55859,50,322037
3627,0.000406,172.31.46.0-255,66,55925,50,322037
3628,0.000426,74.125.68.0-255,1484,57409,50,322037
3629,0.000455,74.125.68.0-255,110,57519,50,322037
3630,0.000473,74.125.68.0-255,332,57851,50,322037
3631,0.000533,172.31.46.0-255,66,57917,50,322037
3632,0.000625,74.125.68.0-255,1484,59401,50,322037
3633,0.000648,74.125.68.0-255,2902,62303,50,322037
3634,0.000654,74.125.68.0-255,4320,66623,50,322037
3635,0.000664,74.125.68.0-255,1484,68107,50,322037
3636,0.000679,74.125.68.0-255,5738,73845,50,322037
3637,0.000683,172.31.46.0-255,66,73911,50,322037
3638,0.000689,172.31.46.0-255,66,73977,50,322037
3639,0.000699,74.125.68.0-255,1484,75461,50,322037
3640,0.000704,74.125.68.0-255,4320,79781,50,322037
3641,0.000722,74.125.68.0-255,2902,82683,50,322037
3642,0.000734,74.125.68.0-255,2902,85585,50,322037
3643,0.000741,172.31.46.0-255,66,85651,50,322037
3644,0.000751,74.125.68.0-255,4320,89971,50,322037
3645,0.000762,74.125.68.0-255,2184,92155,50,322037
3646,0.000765,172.31.46.0-255,66,92221,50,322037
3647,0.000791,172.31.46.0-255,66,92287,50,322037
3648,0.001224,74.125.68.0-255,1484,93771,50,322037
3649,0.001241,74.125.68.0-255,2902,96673,50,322037
3650,0.001245,172.31.46.0-255,66,96739,50,322037
3651,0.001267,74.125.68.0-255,2902,99641,50,322037
3652,0.001273,74.125.68.0-255,4320,103961,50,322037
3653,0.001285,74.125.68.0-255,2902,106863,50,322037
3654,0.0013,74.125.68.0-255,2902,109765,50,322037
3655,0.001311,172.31.46.0-255,66,109831,50,322037
3656,0.001318,74.125.68.0-255,7156,116987,50,322037
3657,0.001328,172.31.46.0-255,66,117053,50,322037
3658,0.001361,74.125.68.0-255,2902,119955,50,322037
3659,0.001367,172.31.46.0-255,66,120021,50,322037
3660,0.001381,74.125.68.0-255,6438,126459,50,322037
3661,0.001401,172.31.46.0-255,66,126525,50,322037
3662,0.001437,74.125.68.0-255,1484,128009,50,322037
3663,0.00145,74.125.68.0-255,2902,130911,50,322037
3664,0.001474,74.125.68.0-255,5738,136649,50,322037
3665,0.00148,172.31.46.0-255,66,136715,50,322037
3666,0.001521,74.125.68.0-255,4320,141035,50,322037
3667,0.001525,172.31.46.0-255,66,141101,50,322037
3668,0.001553,74.125.68.0-255,1484,142585,50,322037
3669,0.001566,172.31.46.0-255,66,142651,50,322037
3670,0.001585,172.31.46.0-255,66,142717,50,322037
3671,0.001626,74.125.68.0-255,1484,144201,50,322037
3672,0.001643,74.125.68.0-255,2902,147103,50,322037
3673,0.00166,172.31.46.0-255,66,147169,50,322037
3674,0.001665,74.125.68.0-255,2902,150071,50,322037
3675,0.001669,74.125.68.0-255,4320,154391,50,322037
3676,0.001675,172.31.46.0-255,66,154457,50,322037
3677,0.001683,74.125.68.0-255,1484,155941,50,322037
3678,0.0017,74.125.68.0-255,7156,163097,50,322037
3679,0.001718,74.125.68.0-255,1484,164581,50,322037
3680,0.001722,172.31.46.0-255,66,164647,50,322037
3681,0.001733,74.125.68.0-255,2902,167549,50,322037
3682,0.001735,74.125.68.0-255,1484,169033,50,322037
3683,0.00175,74.125.68.0-255,4320,173353,50,322037
3684,0.001766,172.31.46.0-255,66,173419,50,322037
3685,0.001776,74.125.68.0-255,3602,177021,50,322037
3686,0.001782,172.31.46.0-255,66,177087,50,322037
3687,0.001801,74.125.68.0-255,4320,181407,50,322037
3688,0.001814,74.125.68.0-255,2902,184309,50,322037
3689,0.001826,172.31.46.0-255,66,184375,50,322037
3690,0.001833,74.125.68.0-255,7156,191531,50,322037
3691,0.001874,172.31.46.0-255,66,191597,50,322037
3692,0.001893,74.125.68.0-255,4320,195917,50,322037
3693,0.001899,74.125.68.0-255,4320,200237,50,322037
3694,0.001914,74.125.68.0-255,7156,207393,50,322037
3695,0.001917,172.31.46.0-255,66,207459,50,322037
3696,0.001923,74.125.68.0-255,1484,208943,50,322037
3697,0.001929,172.31.46.0-255,66,209009,50,322037
3698,0.001963,74.125.68.0-255,2184,211193,50,322037
3699,0.001982,172.31.46.0-255,66,211259,50,322037
3700,0.002012,74.125.68.0-255,1484,212743,50,322037
3701,0.002027,74.125.68.0-255,2902,215645,50,322037
3702,0.002036,172.31.46.0-255,66,215711,50,322037
3703,0.002057,74.125.68.0-255,5738,221449,50,322037
3704,0.002084,74.125.68.0-255,5738,227187,50,322037
3705,0.002091,74.125.68.0-255,7156,234343,50,322037
3706,0.002129,74.125.68.0-255,4320,238663,50,322037
3707,0.002151,74.125.68.0-255,6438,245101,50,322037
3708,0.002232,74.125.68.0-255,1484,246585,50,322037
3709,0.002252,74.125.68.0-255,2902,249487,50,322037
3710,0.002267,74.125.68.0-255,4320,253807,50,322037
3711,0.002291,74.125.68.0-255,5738,259545,50,322037
3712,0.002293,74.125.68.0-255,1484,261029,50,322037
3713,0.002308,74.125.68.0-255,2902,263931,50,322037
3714,0.005754,172.31.46.0-255,66,263997,50,322037
3715,0.008049,74.125.68.0-255,5738,269735,50,322037
3716,0.008055,172.31.46.0-255,66,269801,50,322037
3717,0.010345,74.125.68.0-255,5738,275539,50,322037
3718,0.01035,172.31.46.0-255,66,275605,50,322037
3719,0.012654,74.125.68.0-255,5738,281343,50,322037
3720,0.012663,172.31.46.0-255,66,281409,50,322037
3721,0.01496,74.125.68.0-255,5738,287147,50,322037
3722,0.014968,172.31.46.0-255,66,287213,50,322037
3723,0.017265,74.125.68.0-255,5738,292951,50,322037
3724,0.01813,172.31.46.0-255,66,293017,50,322037
3725,0.020432,74.125.68.0-255,5738,298755,50,322037
3726,0.02044,172.31.46.0-255,66,298821,50,322037
3727,0.022735,74.125.68.0-255,5738,304559,50,322037
3728,0.022743,172.31.46.0-255,66,304625,50,322037
3729,0.025028,74.125.68.0-255,5738,310363,50,322037
3730,0.025036,172.31.46.0-255,66,310429,50,322037
3731,0.027334,74.125.68.0-255,5738,316167,50,322037
3732,0.027342,172.31.46.0-255,66,316233,50,322037
3733,0.02964,74.125.68.0-255,5738,321971,50,322037
3734,0.029647,172.31.46.0-255,66,322037,50,322037
3735,0.0,172.217.194.0-255,154,154,50,178424
3736,2.3e-05,172.31.46.0-255,66,220,50,178424
3737,3.1e-05,172.217.194.0-255,1484,1704,50,178424
3738,3.6e-05,172.31.46.0-255,66,1770,50,178424
3739,4.1e-05,172.217.194.0-255,2902,4672,50,178424
3740,5.4e-05,172.31.46.0-255,66,4738,50,178424
3741,6.1e-05,172.217.194.0-255,7156,11894,50,178424
3742,6.5e-05,172.31.46.0-255,66,11960,50,178424
3743,7.1e-05,172.217.194.0-255,3412,15372,50,178424
3744,7.4e-05,172.31.46.0-255,66,15438,50,178424
3745,8.9e-05,172.31.46.0-255,66,15504,50,178424
3746,9.3e-05,172.217.194.0-255,2543,18047,50,178424
3747,9.6e-05,172.31.46.0-255,66,18113,50,178424
3748,0.000135,172.217.194.0-255,1484,19597,50,178424
3749,0.000138,172.31.46.0-255,66,19663,50,178424
3750,0.000143,172.217.194.0-255,2902,22565,50,178424
3751,0.000146,172.31.46.0-255,66,22631,50,178424
3752,0.000151,172.217.194.0-255,4320,26951,50,178424
3753,0.000154,172.31.46.0-255,66,27017,50,178424
3754,0.000176,172.217.194.0-255,1484,28501,50,178424
3755,0.000178,172.31.46.0-255,66,28567,50,178424
3756,0.000186,172.217.194.0-255,7156,35723,50,178424
3757,0.000189,172.31.46.0-255,66,35789,50,178424
3758,0.000216,172.217.194.0-255,5738,41527,50,178424
3759,0.000219,172.31.46.0-255,66,41593,50,178424
3760,0.000223,172.217.194.0-255,2902,44495,50,178424
3761,0.000225,172.31.46.0-255,66,44561,50,178424
3762,0.000283,172.31.46.0-255,66,44627,50,178424
3763,0.000286,172.217.194.0-255,377,45004,50,178424
3764,0.000288,172.31.46.0-255,66,45070,50,178424
3765,0.000307,172.217.194.0-255,98,45168,50,178424
3766,0.000428,172.217.194.0-255,1484,46652,50,178424
3767,0.000432,172.31.46.0-255,66,46718,50,178424
3768,0.000468,172.217.194.0-255,2902,49620,50,178424
3769,0.000471,172.31.46.0-255,66,49686,50,178424
3770,0.000477,172.217.194.0-255,5738,55424,50,178424
3771,0.000479,172.31.46.0-255,66,55490,50,178424
3772,0.000486,172.217.194.0-255,1484,56974,50,178424
3773,0.000535,172.217.194.0-255,1064,58038,50,178424
3774,0.000547,172.217.194.0-255,1484,59522,50,178424
3775,0.000573,172.217.194.0-255,4320,63842,50,178424
3776,0.000591,172.217.194.0-255,1484,65326,50,178424
3777,0.000623,172.217.194.0-255,7156,72482,50,178424
3778,0.000687,172.31.46.0-255,66,72548,50,178424
3779,0.00071,172.31.46.0-255,66,72614,50,178424
3780,0.000714,172.217.194.0-255,4320,76934,50,178424
3781,0.000735,172.217.194.0-255,4320,81254,50,178424
3782,0.000752,172.217.194.0-255,2902,84156,50,178424
3783,0.000778,172.217.194.0-255,1484,85640,50,178424
3784,0.000782,172.31.46.0-255,66,85706,50,178424
3785,0.00084,172.31.46.0-255,66,85772,50,178424
3786,0.000867,172.217.194.0-255,3602,89374,50,178424
3787,0.000873,172.217.194.0-255,4320,93694,50,178424
3788,0.000879,172.217.194.0-255,7156,100850,50,178424
3789,0.000887,172.31.46.0-255,66,100916,50,178424
3790,0.000899,172.217.194.0-255,2902,103818,50,178424
3791,0.000929,172.217.194.0-255,4320,108138,50,178424
3792,0.000936,172.31.46.0-255,66,108204,50,178424
3793,0.000967,172.217.194.0-255,2902,111106,50,178424
3794,0.000977,172.31.46.0-255,66,111172,50,178424
3795,0.00105,172.31.46.0-255,66,111238,50,178424
3796,0.001096,172.217.194.0-255,1484,112722,50,178424
3797,0.001105,172.217.194.0-255,1484,114206,50,178424
3798,0.001126,172.217.194.0-255,1484,115690,50,178424
3799,0.001132,172.217.194.0-255,5738,121428,50,178424
3800,0.001139,172.31.46.0-255,66,121494,50,178424
3801,0.001146,172.217.194.0-255,1484,122978,50,178424
3802,0.001181,172.31.46.0-255,66,123044,50,178424
3803,0.001212,172.217.194.0-255,7156,130200,50,178424
3804,0.001218,172.31.46.0-255,66,130266,50,178424
3805,0.001232,172.217.194.0-255,3602,133868,50,178424
3806,0.001244,172.31.46.0-255,66,133934,50,178424
3807,0.001295,172.217.194.0-255,1484,135418,50,178424
3808,0.001314,172.217.194.0-255,2902,138320,50,178424
3809,0.001329,172.31.46.0-255,66,138386,50,178424
3810,0.001336,172.217.194.0-255,1484,139870,50,178424
3811,0.001355,172.217.194.0-255,4320,144190,50,178424
3812,0.001358,172.217.194.0-255,1484,145674,50,178424
3813,0.00138,172.31.46.0-255,66,145740,50,178424
3814,0.00141,172.217.194.0-255,2902,148642,50,178424
3815,0.001421,172.217.194.0-255,766,149408,50,178424
3816,0.001424,172.217.194.0-255,1484,150892,50,178424
3817,0.001434,172.217.194.0-255,1484,152376,50,178424
3818,0.001445,172.217.194.0-255,2902,155278,50,178424
3819,0.001455,172.31.46.0-255,66,155344,50,178424
3820,0.001487,172.217.194.0-255,2902,158246,50,178424
3821,0.001498,172.31.46.0-255,66,158312,50,178424
3822,0.001517,172.217.194.0-255,4320,162632,50,178424
3823,0.001531,172.217.194.0-255,2184,164816,50,178424
3824,0.001542,172.31.46.0-255,66,164882,50,178424
3825,0.001845,172.217.194.0-255,1484,166366,50,178424
3826,0.001851,172.217.194.0-255,2902,169268,50,178424
3827,0.001855,172.217.194.0-255,2902,172170,50,178424
3828,0.00187,172.31.46.0-255,66,172236,50,178424
3829,0.001874,172.217.194.0-255,2902,175138,50,178424
3830,0.001878,172.31.46.0-255,66,175204,50,178424
3831,0.001914,172.31.46.0-255,66,175270,50,178424
3832,0.001946,172.31.46.0-255,66,175336,50,178424
3833,0.001979,172.217.194.0-255,1484,176820,50,178424
3834,0.00201,172.217.194.0-255,542,177362,50,178424
3835,0.002013,172.31.46.0-255,66,177428,50,178424
3836,0.002018,172.31.46.0-255,66,177494,50,178424
3837,0.002035,172.217.194.0-255,105,177599,50,178424
3838,0.002037,172.217.194.0-255,129,177728,50,178424
3839,0.004133,172.31.46.0-255,105,177833,50,178424
3840,0.004165,172.31.46.0-255,105,177938,50,178424
3841,0.006359,172.217.194.0-255,66,178004,50,178424
3842,0.00639,172.217.194.0-255,66,178070,50,178424
3843,0.009874,172.31.46.0-255,90,178160,50,178424
3844,0.009886,172.31.46.0-255,66,178226,50,178424
3845,0.012077,172.217.194.0-255,66,178292,50,178424
3846,0.012088,172.217.194.0-255,66,178358,50,178424
3847,0.012095,172.31.46.0-255,66,178424,50,178424
3848,0.0,172.217.194.0-255,155,155,50,221172
3849,1.9e-05,172.31.46.0-255,66,221,50,221172
3850,2.6e-05,172.217.194.0-255,1484,1705,50,221172
3851,3.1e-05,172.31.46.0-255,66,1771,50,221172
3852,3.6e-05,172.217.194.0-255,2902,4673,50,221172
3853,3.9e-05,172.31.46.0-255,66,4739,50,221172
3854,4.7e-05,172.217.194.0-255,7156,11895,50,221172
3855,5.1e-05,172.31.46.0-255,66,11961,50,221172
3856,8.6e-05,172.217.194.0-255,6367,18328,50,221172
3857,8.9e-05,172.31.46.0-255,66,18394,50,221172
3858,0.000107,172.217.194.0-255,1484,19878,50,221172
3859,0.000109,172.31.46.0-255,66,19944,50,221172
3860,0.000134,172.31.46.0-255,66,20010,50,221172
3861,0.000166,172.217.194.0-255,1484,21494,50,221172
3862,0.000169,172.31.46.0-255,66,21560,50,221172
3863,0.000173,172.217.194.0-255,2902,24462,50,221172
3864,0.000175,172.31.46.0-255,66,24528,50,221172
3865,0.000181,172.217.194.0-255,4320,28848,50,221172
3866,0.000184,172.31.46.0-255,66,28914,50,221172
3867,0.000206,172.217.194.0-255,1484,30398,50,221172
3868,0.000208,172.31.46.0-255,66,30464,50,221172
3869,0.000222,172.31.46.0-255,66,30530,50,221172
3870,0.000235,172.31.46.0-255,66,30596,50,221172
3871,0.000254,172.217.194.0-255,1345,31941,50,221172
3872,0.000257,172.31.46.0-255,66,32007,50,221172
3873,0.000464,172.217.194.0-255,1484,33491,50,221172
3874,0.000469,172.31.46.0-255,66,33557,50,221172
3875,0.000475,172.217.194.0-255,2902,36459,50,221172
3876,0.000478,172.31.46.0-255,66,36525,50,221172
3877,0.000484,172.217.194.0-255,5738,42263,50,221172
3878,0.000487,172.31.46.0-255,66,42329,50,221172
3879,0.000508,172.217.194.0-255,5738,48067,50,221172
3880,0.00051,172.31.46.0-255,66,48133,50,221172
3881,0.000539,172.217.194.0-255,7156,55289,50,221172
3882,0.000542,172.31.46.0-255,66,55355,50,221172
3883,0.000549,172.217.194.0-255,4320,59675,50,221172
3884,0.000552,172.31.46.0-255,66,59741,50,221172
3885,0.000565,172.217.194.0-255,4320,64061,50,221172
3886,0.000568,172.31.46.0-255,66,64127,50,221172
3887,0.000588,172.217.194.0-255,5890,70017,50,221172
3888,0.000591,172.31.46.0-255,66,70083,50,221172
3889,0.000604,172.31.46.0-255,66,70149,50,221172
3890,0.000625,172.217.194.0-255,1484,71633,50,221172
3891,0.000628,172.217.194.0-255,1125,72758,50,221172
3892,0.000631,172.31.46.0-255,66,72824,50,221172
3893,0.001031,172.217.194.0-255,1484,74308,50,221172
3894,0.001052,172.217.194.0-255,2902,77210,50,221172
3895,0.001056,172.31.46.0-255,66,77276,50,221172
3896,0.001063,172.217.194.0-255,5738,83014,50,221172
3897,0.001065,172.31.46.0-255,66,83080,50,221172
3898,0.001102,172.31.46.0-255,66,83146,50,221172
3899,0.00113,172.217.194.0-255,1484,84630,50,221172
3900,0.001159,172.31.46.0-255,66,84696,50,221172
3901,0.001547,172.217.194.0-255,1484,86180,50,221172
3902,0.001552,172.217.194.0-255,2902,89082,50,221172
3903,0.001559,172.31.46.0-255,66,89148,50,221172
3904,0.001571,172.217.194.0-255,5738,94886,50,221172
3905,0.001574,172.31.46.0-255,66,94952,50,221172
3906,0.001613,172.31.46.0-255,66,95018,50,221172
3907,0.001658,172.217.194.0-255,2902,97920,50,221172
3908,0.001661,172.31.46.0-255,66,97986,50,221172
3909,0.001677,172.217.194.0-255,7156,105142,50,221172
3910,0.001679,172.31.46.0-255,66,105208,50,221172
3911,0.001702,172.217.194.0-255,3602,108810,50,221172
3912,0.001704,172.31.46.0-255,66,108876,50,221172
3913,0.001735,172.217.194.0-255,4320,113196,50,221172
3914,0.001737,172.31.46.0-255,66,113262,50,221172
3915,0.001742,172.217.194.0-255,2902,116164,50,221172
3916,0.001744,172.31.46.0-255,66,116230,50,221172
3917,0.001761,172.217.194.0-255,4320,120550,50,221172
3918,0.001763,172.31.46.0-255,66,120616,50,221172
3919,0.001778,172.217.194.0-255,4320,124936,50,221172
3920,0.00178,172.31.46.0-255,66,125002,50,221172
3921,0.001827,172.217.194.0-255,7156,132158,50,221172
3922,0.00183,172.31.46.0-255,66,132224,50,221172
3923,0.001859,172.31.46.0-255,66,132290,50,221172
3924,0.00204,172.217.194.0-255,1484,133774,50,221172
3925,0.002044,172.217.194.0-255,1484,135258,50,221172
3926,0.002053,172.31.46.0-255,66,135324,50,221172
3927,0.002057,172.217.194.0-255,1484,136808,50,221172
3928,0.002063,172.217.194.0-255,4320,141128,50,221172
3929,0.002065,172.31.46.0-255,66,141194,50,221172
3930,0.00208,172.217.194.0-255,1484,142678,50,221172
3931,0.002085,172.217.194.0-255,2902,145580,50,221172
3932,0.002087,172.31.46.0-255,66,145646,50,221172
3933,0.002121,172.31.46.0-255,66,145712,50,221172
3934,0.002134,172.31.46.0-255,66,145778,50,221172
3935,0.002538,172.217.194.0-255,1484,147262,50,221172
3936,0.002544,172.217.194.0-255,2902,150164,50,221172
3937,0.002547,172.31.46.0-255,66,150230,50,221172
3938,0.002552,172.217.194.0-255,2902,153132,50,221172
3939,0.002555,172.31.46.0-255,66,153198,50,221172
3940,0.002571,172.217.194.0-255,2902,156100,50,221172
3941,0.002573,172.31.46.0-255,66,156166,50,221172
3942,0.002581,172.217.194.0-255,7156,163322,50,221172
3943,0.002583,172.31.46.0-255,66,163388,50,221172
3944,0.002614,172.31.46.0-255,66,163454,50,221172
3945,0.002618,172.217.194.0-255,2184,165638,50,221172
3946,0.00262,172.31.46.0-255,66,165704,50,221172
3947,0.005185,172.217.194.0-255,2902,168606,50,221172
3948,0.005191,172.31.46.0-255,66,168672,50,221172
3949,0.005203,172.217.194.0-255,2902,171574,50,221172
3950,0.005205,172.31.46.0-255,66,171640,50,221172
3951,0.007758,172.217.194.0-255,4320,175960,50,221172
3952,0.007762,172.31.46.0-255,66,176026,50,221172
3953,0.007781,172.217.194.0-255,1484,177510,50,221172
3954,0.010321,172.217.194.0-255,2902,180412,50,221172
3955,0.010328,172.31.46.0-255,66,180478,50,221172
3956,0.010347,172.217.194.0-255,1484,181962,50,221172
3957,0.012913,172.217.194.0-255,4320,186282,50,221172
3958,0.012925,172.31.46.0-255,66,186348,50,221172
3959,0.015501,172.217.194.0-255,5738,192086,50,221172
3960,0.015511,172.31.46.0-255,66,192152,50,221172
3961,0.018074,172.217.194.0-255,5738,197890,50,221172
3962,0.018083,172.31.46.0-255,66,197956,50,221172
3963,0.020659,172.217.194.0-255,5738,203694,50,221172
3964,0.020666,172.31.46.0-255,66,203760,50,221172
3965,0.023247,172.217.194.0-255,5738,209498,50,221172
3966,0.023256,172.31.46.0-255,66,209564,50,221172
3967,0.025839,172.217.194.0-255,5738,215302,50,221172
3968,0.025846,172.31.46.0-255,66,215368,50,221172
3969,0.02843,172.217.194.0-255,5738,221106,50,221172
3970,0.028439,172.31.46.0-255,66,221172,50,221172
3971,0.0,74.125.24.0-255,297,297,50,155165
3972,2.7e-05,172.31.46.0-255,66,363,50,155165
3973,3.5e-05,74.125.24.0-255,1484,1847,50,155165
3974,4e-05,172.31.46.0-255,66,1913,50,155165
3975,5.6e-05,74.125.24.0-255,4320,6233,50,155165
3976,6e-05,172.31.46.0-255,66,6299,50,155165
3977,6.8e-05,74.125.24.0-255,7156,13455,50,155165
3978,7.1e-05,172.31.46.0-255,66,13521,50,155165
3979,7.3e-05,74.125.24.0-255,495,14016,50,155165
3980,7.6e-05,172.31.46.0-255,66,14082,50,155165
3981,0.000115,74.125.24.0-255,1484,15566,50,155165
3982,0.000118,172.31.46.0-255,66,15632,50,155165
3983,0.000124,74.125.24.0-255,4320,19952,50,155165
3984,0.000127,172.31.46.0-255,66,20018,50,155165
3985,0.000129,74.125.24.0-255,1484,21502,50,155165
3986,0.000132,172.31.46.0-255,66,21568,50,155165
3987,0.000194,172.31.46.0-255,66,21634,50,155165
3988,0.000318,74.125.24.0-255,1484,23118,50,155165
3989,0.000323,172.31.46.0-255,66,23184,50,155165
3990,0.000328,74.125.24.0-255,2902,26086,50,155165
3991,0.000331,172.31.46.0-255,66,26152,50,155165
3992,0.000334,74.125.24.0-255,1484,27636,50,155165
3993,0.000336,172.31.46.0-255,66,27702,50,155165
3994,0.000364,74.125.24.0-255,4320,32022,50,155165
3995,0.000366,172.31.46.0-255,66,32088,50,155165
3996,0.000397,74.125.24.0-255,5738,37826,50,155165
3997,0.0004,172.31.46.0-255,66,37892,50,155165
3998,0.000422,74.125.24.0-255,1125,39017,50,155165
3999,0.000424,172.31.46.0-255,66,39083,50,155165
4000,0.000552,74.125.24.0-255,1484,40567,50,155165
4001,0.000556,172.31.46.0-255,66,40633,50,155165
4002,0.000576,74.125.24.0-255,2902,43535,50,155165
4003,0.000579,172.31.46.0-255,66,43601,50,155165
4004,0.000586,74.125.24.0-255,5738,49339,50,155165
4005,0.000588,172.31.46.0-255,66,49405,50,155165
4006,0.000625,74.125.24.0-255,2902,52307,50,155165
4007,0.000628,172.31.46.0-255,66,52373,50,155165
4008,0.000656,74.125.24.0-255,3961,56334,50,155165
4009,0.000659,172.31.46.0-255,66,56400,50,155165
4010,0.001457,74.125.24.0-255,646,57046,50,155165
4011,0.001545,74.125.24.0-255,1484,58530,50,155165
4012,0.00155,172.31.46.0-255,66,58596,50,155165
4013,0.001557,74.125.24.0-255,2902,61498,50,155165
4014,0.001559,172.31.46.0-255,66,61564,50,155165
4015,0.001572,74.125.24.0-255,5738,67302,50,155165
4016,0.001574,172.31.46.0-255,66,67368,50,155165
4017,0.00162,74.125.24.0-255,6797,74165,50,155165
4018,0.001623,172.31.46.0-255,66,74231,50,155165
4019,0.001631,74.125.24.0-255,7156,81387,50,155165
4020,0.001633,172.31.46.0-255,66,81453,50,155165
4021,0.001646,172.31.46.0-255,66,81519,50,155165
4022,0.001659,74.125.24.0-255,1125,82644,50,155165
4023,0.003947,74.125.24.0-255,4320,86964,50,155165
4024,0.003955,172.31.46.0-255,66,87030,50,155165
4025,0.006247,74.125.24.0-255,5738,92768,50,155165
4026,0.006254,172.31.46.0-255,66,92834,50,155165
4027,0.008541,74.125.24.0-255,5738,98572,50,155165
4028,0.008548,172.31.46.0-255,66,98638,50,155165
4029,0.010838,74.125.24.0-255,5738,104376,50,155165
4030,0.010846,172.31.46.0-255,66,104442,50,155165
4031,0.013115,74.125.24.0-255,5738,110180,50,155165
4032,0.013125,172.31.46.0-255,66,110246,50,155165
4033,0.015433,74.125.24.0-255,5738,115984,50,155165
4034,0.015443,172.31.46.0-255,66,116050,50,155165
4035,0.017727,74.125.24.0-255,5738,121788,50,155165
4036,0.017735,172.31.46.0-255,66,121854,50,155165
4037,0.020032,74.125.24.0-255,5738,127592,50,155165
4038,0.02004,172.31.46.0-255,66,127658,50,155165
4039,0.022324,74.125.24.0-255,5738,133396,50,155165
4040,0.022332,172.31.46.0-255,66,133462,50,155165
4041,0.024602,74.125.24.0-255,5738,139200,50,155165
4042,0.024609,172.31.46.0-255,66,139266,50,155165
4043,0.024817,172.31.46.0-255,172,139438,50,155165
4044,0.024846,172.31.46.0-255,1113,140551,50,155165
4045,0.024901,172.31.46.0-255,1514,142065,50,155165
4046,0.024902,172.31.46.0-255,1294,143359,50,155165
4047,0.026375,104.244.42.0-255,66,143425,50,155165
4048,0.026405,104.244.42.0-255,66,143491,50,155165
4049,0.026441,104.244.42.0-255,66,143557,50,155165
4050,0.026949,74.125.24.0-255,5738,149295,50,155165
4051,0.026954,172.31.46.0-255,66,149361,50,155165
4052,0.029262,74.125.24.0-255,5738,155099,50,155165
4053,0.02927,172.31.46.0-255,66,155165,50,155165
4054,0.0,172.217.194.0-255,146,146,50,186633
4055,2.2e-05,172.31.46.0-255,66,212,50,186633
4056,2.8e-05,172.217.194.0-255,1484,1696,50,186633
4057,3.2e-05,172.31.46.0-255,66,1762,50,186633
4058,3.8e-05,172.217.194.0-255,2902,4664,50,186633
4059,4.1e-05,172.31.46.0-255,66,4730,50,186633
4060,5.7e-05,172.217.194.0-255,7156,11886,50,186633
4061,6e-05,172.31.46.0-255,66,11952,50,186633
4062,0.000103,172.31.46.0-255,66,12018,50,186633
4063,0.000114,172.31.46.0-255,66,12084,50,186633
4064,0.000139,172.217.194.0-255,1484,13568,50,186633
4065,0.000141,172.31.46.0-255,66,13634,50,186633
4066,0.000146,172.217.194.0-255,2902,16536,50,186633
4067,0.000148,172.31.46.0-255,66,16602,50,186633
4068,0.000151,172.217.194.0-255,1484,18086,50,186633
4069,0.000153,172.31.46.0-255,66,18152,50,186633
4070,0.000183,172.217.194.0-255,4320,22472,50,186633
4071,0.000186,172.31.46.0-255,66,22538,50,186633
4072,0.000192,172.217.194.0-255,6797,29335,50,186633
4073,0.000194,172.31.46.0-255,66,29401,50,186633
4074,0.000238,172.217.194.0-255,7156,36557,50,186633
4075,0.000241,172.31.46.0-255,66,36623,50,186633
4076,0.000262,172.217.194.0-255,2902,39525,50,186633
4077,0.000265,172.31.46.0-255,66,39591,50,186633
4078,0.000288,172.217.194.0-255,5738,45329,50,186633
4079,0.000291,172.31.46.0-255,66,45395,50,186633
4080,0.000293,172.217.194.0-255,1421,46816,50,186633
4081,0.000295,172.31.46.0-255,66,46882,50,186633
4082,0.000511,172.217.194.0-255,383,47265,50,186633
4083,0.000516,172.31.46.0-255,66,47331,50,186633
4084,0.000647,172.217.194.0-255,1484,48815,50,186633
4085,0.000661,172.217.194.0-255,2902,51717,50,186633
4086,0.000664,172.31.46.0-255,66,51783,50,186633
4087,0.00067,172.217.194.0-255,5738,57521,50,186633
4088,0.000672,172.31.46.0-255,66,57587,50,186633
4089,0.000705,172.217.194.0-255,6797,64384,50,186633
4090,0.000708,172.31.46.0-255,66,64450,50,186633
4091,0.000734,172.217.194.0-255,7156,71606,50,186633
4092,0.000737,172.31.46.0-255,66,71672,50,186633
4093,0.000761,172.31.46.0-255,66,71738,50,186633
4094,0.000783,172.217.194.0-255,1125,72863,50,186633
4095,0.001342,172.31.46.0-255,66,72929,50,186633
4096,0.001435,172.217.194.0-255,1484,74413,50,186633
4097,0.001443,172.217.194.0-255,2902,77315,50,186633
4098,0.001446,172.31.46.0-255,66,77381,50,186633
4099,0.001452,172.217.194.0-255,4320,81701,50,186633
4100,0.001454,172.31.46.0-255,66,81767,50,186633
4101,0.001476,172.217.194.0-255,1484,83251,50,186633
4102,0.001489,172.31.46.0-255,66,83317,50,186633
4103,0.0015,172.217.194.0-255,1484,84801,50,186633
4104,0.001527,172.31.46.0-255,66,84867,50,186633
4105,0.001874,172.217.194.0-255,1484,86351,50,186633
4106,0.001881,172.217.194.0-255,2902,89253,50,186633
4107,0.001885,172.31.46.0-255,66,89319,50,186633
4108,0.001892,172.217.194.0-255,5738,95057,50,186633
4109,0.001893,172.31.46.0-255,66,95123,50,186633
4110,0.001911,172.217.194.0-255,2902,98025,50,186633
4111,0.001913,172.31.46.0-255,66,98091,50,186633
4112,0.001962,172.31.46.0-255,66,98157,50,186633
4113,0.001972,172.31.46.0-255,66,98223,50,186633
4114,0.001975,172.217.194.0-255,766,98989,50,186633
4115,0.00206,172.217.194.0-255,1484,100473,50,186633
4116,0.002064,172.31.46.0-255,66,100539,50,186633
4117,0.002071,172.217.194.0-255,2902,103441,50,186633
4118,0.002073,172.31.46.0-255,66,103507,50,186633
4119,0.002078,172.217.194.0-255,4320,107827,50,186633
4120,0.002085,172.31.46.0-255,66,107893,50,186633
4121,0.002121,172.217.194.0-255,1484,109377,50,186633
4122,0.002134,172.31.46.0-255,66,109443,50,186633
4123,0.002145,172.31.46.0-255,66,109509,50,186633
4124,0.004445,172.217.194.0-255,5738,115247,50,186633
4125,0.004453,172.31.46.0-255,66,115313,50,186633
4126,0.006768,172.217.194.0-255,2902,118215,50,186633
4127,0.006773,172.31.46.0-255,66,118281,50,186633
4128,0.006795,172.217.194.0-255,2902,121183,50,186633
4129,0.006797,172.31.46.0-255,66,121249,50,186633
4130,0.009064,172.217.194.0-255,5738,126987,50,186633
4131,0.00907,172.31.46.0-255,66,127053,50,186633
4132,0.011368,172.217.194.0-255,5738,132791,50,186633
4133,0.011375,172.31.46.0-255,66,132857,50,186633
4134,0.013672,172.217.194.0-255,5738,138595,50,186633
4135,0.013683,172.31.46.0-255,66,138661,50,186633
4136,0.016006,172.217.194.0-255,5738,144399,50,186633
4137,0.016016,172.31.46.0-255,66,144465,50,186633
4138,0.018325,172.217.194.0-255,5738,150203,50,186633
4139,0.018336,172.31.46.0-255,66,150269,50,186633
4140,0.020614,172.217.194.0-255,5738,156007,50,186633
4141,0.02062,172.31.46.0-255,66,156073,50,186633
4142,0.02293,172.217.194.0-255,5738,161811,50,186633
4143,0.022937,172.31.46.0-255,66,161877,50,186633
4144,0.025221,172.217.194.0-255,5738,167615,50,186633
4145,0.02523,172.31.46.0-255,66,167681,50,186633
4146,0.027025,172.31.46.0-255,172,167853,50,186633
4147,0.027053,172.31.46.0-255,1108,168961,50,186633
4148,0.027104,172.31.46.0-255,1514,170475,50,186633
4149,0.027106,172.31.46.0-255,1514,171989,50,186633
4150,0.027107,172.31.46.0-255,1514,173503,50,186633
4151,0.027108,172.31.46.0-255,1084,174587,50,186633
4152,0.027546,172.217.194.0-255,5738,180325,50,186633
4153,0.027552,172.31.46.0-255,66,180391,50,186633
4154,0.028573,104.244.42.0-255,66,180457,50,186633
4155,0.02863,104.244.42.0-255,66,180523,50,186633
4156,0.028738,104.244.42.0-255,66,180589,50,186633
4157,0.028774,104.244.42.0-255,66,180655,50,186633
4158,0.029417,104.244.42.0-255,108,180763,50,186633
4159,0.029425,172.31.46.0-255,66,180829,50,186633
4160,0.029824,172.217.194.0-255,5738,186567,50,186633
4161,0.029828,172.31.46.0-255,66,186633,50,186633
4162,0.0,74.125.68.0-255,145,145,50,262347
4163,1.5e-05,172.31.46.0-255,66,211,50,262347
4164,2.1e-05,74.125.68.0-255,1484,1695,50,262347
4165,2.5e-05,172.31.46.0-255,66,1761,50,262347
4166,3e-05,74.125.68.0-255,2902,4663,50,262347
4167,3.3e-05,172.31.46.0-255,66,4729,50,262347
4168,3.6e-05,74.125.68.0-255,1484,6213,50,262347
4169,4e-05,172.31.46.0-255,66,6279,50,262347
4170,7.1e-05,74.125.68.0-255,5738,12017,50,262347
4171,7.4e-05,172.31.46.0-255,66,12083,50,262347
4172,7.8e-05,74.125.68.0-255,2044,14127,50,262347
4173,8e-05,172.31.46.0-255,66,14193,50,262347
4174,8.4e-05,74.125.68.0-255,2902,17095,50,262347
4175,8.6e-05,172.31.46.0-255,66,17161,50,262347
4176,8.9e-05,74.125.68.0-255,1484,18645,50,262347
4177,9.1e-05,172.31.46.0-255,66,18711,50,262347
4178,0.000124,74.125.68.0-255,5738,24449,50,262347
4179,0.000127,172.31.46.0-255,66,24515,50,262347
4180,0.000132,74.125.68.0-255,5738,30253,50,262347
4181,0.000135,172.31.46.0-255,66,30319,50,262347
4182,0.000154,74.125.68.0-255,1125,31444,50,262347
4183,0.000156,172.31.46.0-255,66,31510,50,262347
4184,0.00023,74.125.68.0-255,1484,32994,50,262347
4185,0.000233,172.31.46.0-255,66,33060,50,262347
4186,0.000238,74.125.68.0-255,2902,35962,50,262347
4187,0.00024,172.31.46.0-255,66,36028,50,262347
4188,0.000272,74.125.68.0-255,5738,41766,50,262347
4189,0.000275,172.31.46.0-255,66,41832,50,262347
4190,0.000279,74.125.68.0-255,2902,44734,50,262347
4191,0.000281,172.31.46.0-255,66,44800,50,262347
4192,0.000296,74.125.68.0-255,3961,48761,50,262347
4193,0.000299,172.31.46.0-255,66,48827,50,262347
4194,0.000316,74.125.68.0-255,4320,53147,50,262347
4195,0.000318,172.31.46.0-255,66,53213,50,262347
4196,0.000335,74.125.68.0-255,4320,57533,50,262347
4197,0.000337,172.31.46.0-255,66,57599,50,262347
4198,0.000379,172.31.46.0-255,66,57665,50,262347
4199,0.000395,74.125.68.0-255,131,57796,50,262347
4200,0.000703,74.125.68.0-255,1484,59280,50,262347
4201,0.000708,172.31.46.0-255,66,59346,50,262347
4202,0.000714,74.125.68.0-255,2902,62248,50,262347
4203,0.000716,172.31.46.0-255,66,62314,50,262347
4204,0.000718,74.125.68.0-255,1484,63798,50,262347
4205,0.000739,74.125.68.0-255,2902,66700,50,262347
4206,0.000741,172.31.46.0-255,66,66766,50,262347
4207,0.000759,74.125.68.0-255,5738,72504,50,262347
4208,0.000761,172.31.46.0-255,66,72570,50,262347
4209,0.000798,172.31.46.0-255,66,72636,50,262347
4210,0.000821,74.125.68.0-255,4320,76956,50,262347
4211,0.000824,172.31.46.0-255,66,77022,50,262347
4212,0.000838,74.125.68.0-255,2184,79206,50,262347
4213,0.000841,172.31.46.0-255,66,79272,50,262347
4214,0.000912,74.125.68.0-255,1484,80756,50,262347
4215,0.000926,74.125.68.0-255,2902,83658,50,262347
4216,0.000929,172.31.46.0-255,66,83724,50,262347
4217,0.000955,74.125.68.0-255,5738,89462,50,262347
4218,0.000958,172.31.46.0-255,66,89528,50,262347
4219,0.000977,74.125.68.0-255,5738,95266,50,262347
4220,0.00098,172.31.46.0-255,66,95332,50,262347
4221,0.001009,74.125.68.0-255,5738,101070,50,262347
4222,0.001012,172.31.46.0-255,66,101136,50,262347
4223,0.001042,172.31.46.0-255,66,101202,50,262347
4224,0.001045,74.125.68.0-255,1484,102686,50,262347
4225,0.00105,74.125.68.0-255,2902,105588,50,262347
4226,0.001052,172.31.46.0-255,66,105654,50,262347
4227,0.001058,74.125.68.0-255,5738,111392,50,262347
4228,0.00106,172.31.46.0-255,66,111458,50,262347
4229,0.001096,74.125.68.0-255,1484,112942,50,262347
4230,0.001116,74.125.68.0-255,7156,120098,50,262347
4231,0.001119,172.31.46.0-255,66,120164,50,262347
4232,0.00113,172.31.46.0-255,66,120230,50,262347
4233,0.001135,74.125.68.0-255,5020,125250,50,262347
4234,0.001138,172.31.46.0-255,66,125316,50,262347
4235,0.001274,74.125.68.0-255,1484,126800,50,262347
4236,0.001298,74.125.68.0-255,2902,129702,50,262347
4237,0.001302,172.31.46.0-255,66,129768,50,262347
4238,0.001308,74.125.68.0-255,5738,135506,50,262347
4239,0.00131,172.31.46.0-255,66,135572,50,262347
4240,0.001343,74.125.68.0-255,7156,142728,50,262347
4241,0.001346,172.31.46.0-255,66,142794,50,262347
4242,0.001356,172.31.46.0-255,66,142860,50,262347
4243,0.001376,74.125.68.0-255,1484,144344,50,262347
4244,0.001399,74.125.68.0-255,6438,150782,50,262347
4245,0.001402,172.31.46.0-255,66,150848,50,262347
4246,0.001483,74.125.68.0-255,1484,152332,50,262347
4247,0.001498,74.125.68.0-255,2902,155234,50,262347
4248,0.001501,172.31.46.0-255,66,155300,50,262347
4249,0.001506,74.125.68.0-255,2902,158202,50,262347
4250,0.001508,172.31.46.0-255,66,158268,50,262347
4251,0.001522,74.125.68.0-255,2902,161170,50,262347
4252,0.001525,172.31.46.0-255,66,161236,50,262347
4253,0.001531,74.125.68.0-255,5738,166974,50,262347
4254,0.001533,172.31.46.0-255,66,167040,50,262347
4255,0.001561,74.125.68.0-255,7156,174196,50,262347
4256,0.001564,172.31.46.0-255,66,174262,50,262347
4257,0.001579,74.125.68.0-255,2902,177164,50,262347
4258,0.001582,172.31.46.0-255,66,177230,50,262347
4259,0.001609,172.31.46.0-255,66,177296,50,262347
4260,0.001647,172.31.46.0-255,66,177362,50,262347
4261,0.001657,74.125.68.0-255,5738,183100,50,262347
4262,0.00166,172.31.46.0-255,66,183166,50,262347
4263,0.001682,74.125.68.0-255,2902,186068,50,262347
4264,0.001685,172.31.46.0-255,66,186134,50,262347
4265,0.001722,172.31.46.0-255,66,186200,50,262347
4266,0.001751,172.31.46.0-255,66,186266,50,262347
4267,0.001767,74.125.68.0-255,5738,192004,50,262347
4268,0.001769,172.31.46.0-255,66,192070,50,262347
4269,0.001783,74.125.68.0-255,1484,193554,50,262347
4270,0.001812,172.31.46.0-255,66,193620,50,262347
4271,0.001832,74.125.68.0-255,4320,197940,50,262347
4272,0.001835,172.31.46.0-255,66,198006,50,262347
4273,0.001857,74.125.68.0-255,5738,203744,50,262347
4274,0.00186,172.31.46.0-255,66,203810,50,262347
4275,0.001882,74.125.68.0-255,7156,210966,50,262347
4276,0.001887,172.31.46.0-255,66,211032,50,262347
4277,0.00191,74.125.68.0-255,4320,215352,50,262347
4278,0.001913,172.31.46.0-255,66,215418,50,262347
4279,0.001918,74.125.68.0-255,4320,219738,50,262347
4280,0.001921,172.31.46.0-255,66,219804,50,262347
4281,0.002014,172.31.46.0-255,66,219870,50,262347
4282,0.002029,172.31.46.0-255,66,219936,50,262347
4283,0.002042,74.125.68.0-255,1484,221420,50,262347
4284,0.002047,74.125.68.0-255,4320,225740,50,262347
4285,0.002049,172.31.46.0-255,66,225806,50,262347
4286,0.002094,74.125.68.0-255,4320,230126,50,262347
4287,0.002099,172.31.46.0-255,66,230192,50,262347
4288,0.002122,74.125.68.0-255,7156,237348,50,262347
4289,0.002125,172.31.46.0-255,66,237414,50,262347
4290,0.002145,74.125.68.0-255,2184,239598,50,262347
4291,0.002148,172.31.46.0-255,66,239664,50,262347
4292,0.002155,74.125.68.0-255,7156,246820,50,262347
4293,0.002157,172.31.46.0-255,66,246886,50,262347
4294,0.002181,74.125.68.0-255,7156,254042,50,262347
4295,0.002184,172.31.46.0-255,66,254108,50,262347
4296,0.002188,74.125.68.0-255,2902,257010,50,262347
4297,0.00219,172.31.46.0-255,66,257076,50,262347
4298,0.002205,172.31.46.0-255,66,257142,50,262347
4299,0.002211,74.125.68.0-255,4797,261939,50,262347
4300,0.002213,172.31.46.0-255,66,262005,50,262347
4301,0.002232,74.125.68.0-255,105,262110,50,262347
4302,0.00467,172.31.46.0-255,66,262176,50,262347
4303,0.004709,172.31.46.0-255,105,262281,50,262347
4304,0.006956,74.125.68.0-255,66,262347,50,262347
4305,0.0,74.125.130.0-255,155,155,50,145646
4306,2.3e-05,172.31.46.0-255,66,221,50,145646
4307,3e-05,74.125.130.0-255,1484,1705,50,145646
4308,3.5e-05,172.31.46.0-255,66,1771,50,145646
4309,4.9e-05,74.125.130.0-255,2902,4673,50,145646
4310,5.3e-05,172.31.46.0-255,66,4739,50,145646
4311,5.9e-05,74.125.130.0-255,4320,9059,50,145646
4312,6.2e-05,172.31.46.0-255,66,9125,50,145646
4313,6.9e-05,74.125.130.0-255,4802,13927,50,145646
4314,7.2e-05,172.31.46.0-255,66,13993,50,145646
4315,0.00023,74.125.130.0-255,1484,15477,50,145646
4316,0.000235,172.31.46.0-255,66,15543,50,145646
4317,0.00024,74.125.130.0-255,1484,17027,50,145646
4318,0.000242,172.31.46.0-255,66,17093,50,145646
4319,0.000284,74.125.130.0-255,1484,18577,50,145646
4320,0.000288,172.31.46.0-255,66,18643,50,145646
4321,0.000295,74.125.130.0-255,5738,24381,50,145646
4322,0.000299,172.31.46.0-255,66,24447,50,145646
4323,0.000306,74.125.130.0-255,6797,31244,50,145646
4324,0.000309,172.31.46.0-255,66,31310,50,145646
4325,0.000316,74.125.130.0-255,7156,38466,50,145646
4326,0.000319,172.31.46.0-255,66,38532,50,145646
4327,0.000353,74.125.130.0-255,7156,45688,50,145646
4328,0.000356,172.31.46.0-255,66,45754,50,145646
4329,0.000361,74.125.130.0-255,2902,48656,50,145646
4330,0.000363,172.31.46.0-255,66,48722,50,145646
4331,0.000392,74.125.130.0-255,5738,54460,50,145646
4332,0.000395,172.31.46.0-255,66,54526,50,145646
4333,0.000411,172.31.46.0-255,66,54592,50,145646
4334,0.000413,74.125.130.0-255,1044,55636,50,145646
4335,0.000415,172.31.46.0-255,66,55702,50,145646
4336,0.00046,74.125.130.0-255,117,55819,50,145646
4337,0.00104,74.125.130.0-255,380,56199,50,145646
4338,0.001234,172.31.46.0-255,66,56265,50,145646
4339,0.00152,74.125.130.0-255,1484,57749,50,145646
4340,0.001529,74.125.130.0-255,2902,60651,50,145646
4341,0.001534,172.31.46.0-255,66,60717,50,145646
4342,0.001541,74.125.130.0-255,2902,63619,50,145646
4343,0.001543,172.31.46.0-255,66,63685,50,145646
4344,0.001569,74.125.130.0-255,2902,66587,50,145646
4345,0.001572,172.31.46.0-255,66,66653,50,145646
4346,0.001581,74.125.130.0-255,2902,69555,50,145646
4347,0.001584,172.31.46.0-255,66,69621,50,145646
4348,0.00159,74.125.130.0-255,4320,73941,50,145646
4349,0.001592,172.31.46.0-255,66,74007,50,145646
4350,0.001602,172.31.46.0-255,66,74073,50,145646
4351,0.00161,74.125.130.0-255,5738,79811,50,145646
4352,0.001612,172.31.46.0-255,66,79877,50,145646
4353,0.00165,74.125.130.0-255,2184,82061,50,145646
4354,0.001653,172.31.46.0-255,66,82127,50,145646
4355,0.004214,74.125.130.0-255,2902,85029,50,145646
4356,0.004221,172.31.46.0-255,66,85095,50,145646
4357,0.00425,74.125.130.0-255,2902,87997,50,145646
4358,0.004253,172.31.46.0-255,66,88063,50,145646
4359,0.006824,74.125.130.0-255,2902,90965,50,145646
4360,0.006831,172.31.46.0-255,66,91031,50,145646
4361,0.006872,74.125.130.0-255,2902,93933,50,145646
4362,0.006875,172.31.46.0-255,66,93999,50,145646
4363,0.009462,74.125.130.0-255,2902,96901,50,145646
4364,0.009471,172.31.46.0-255,66,96967,50,145646
4365,0.009504,74.125.130.0-255,2902,99869,50,145646
4366,0.009507,172.31.46.0-255,66,99935,50,145646
4367,0.012083,74.125.130.0-255,2902,102837,50,145646
4368,0.012092,172.31.46.0-255,66,102903,50,145646
4369,0.012123,74.125.130.0-255,2902,105805,50,145646
4370,0.012126,172.31.46.0-255,66,105871,50,145646
4371,0.014701,74.125.130.0-255,2902,108773,50,145646
4372,0.01471,172.31.46.0-255,66,108839,50,145646
4373,0.014739,74.125.130.0-255,2902,111741,50,145646
4374,0.014742,172.31.46.0-255,66,111807,50,145646
4375,0.017312,74.125.130.0-255,2902,114709,50,145646
4376,0.017324,172.31.46.0-255,66,114775,50,145646
4377,0.017358,74.125.130.0-255,2902,117677,50,145646
4378,0.017361,172.31.46.0-255,66,117743,50,145646
4379,0.01995,74.125.130.0-255,2902,120645,50,145646
4380,0.01996,172.31.46.0-255,66,120711,50,145646
4381,0.01999,74.125.130.0-255,2902,123613,50,145646
4382,0.019993,172.31.46.0-255,66,123679,50,145646
4383,0.022578,74.125.130.0-255,2902,126581,50,145646
4384,0.022589,172.31.46.0-255,66,126647,50,145646
4385,0.022616,74.125.130.0-255,2902,129549,50,145646
4386,0.022618,172.31.46.0-255,66,129615,50,145646
4387,0.025185,74.125.130.0-255,2902,132517,50,145646
4388,0.025194,172.31.46.0-255,66,132583,50,145646
4389,0.025229,74.125.130.0-255,2902,135485,50,145646
4390,0.025231,172.31.46.0-255,66,135551,50,145646
4391,0.027806,74.125.130.0-255,2902,138453,50,145646
4392,0.027813,172.31.46.0-255,66,138519,50,145646
4393,0.02785,74.125.130.0-255,2902,141421,50,145646
4394,0.027854,172.31.46.0-255,66,141487,50,145646
4395,0.028436,172.31.46.0-255,172,141659,50,145646
4396,0.028467,172.31.46.0-255,1108,142767,50,145646
4397,0.028528,172.31.46.0-255,1514,144281,50,145646
4398,0.02853,172.31.46.0-255,1299,145580,50,145646
4399,0.029973,104.244.42.0-255,66,145646,50,145646
4400,0.0,74.125.24.0-255,152,152,50,214328
4401,2e-05,172.31.46.0-255,66,218,50,214328
4402,2.7e-05,74.125.24.0-255,1484,1702,50,214328
4403,3.3e-05,172.31.46.0-255,66,1768,50,214328
4404,4.5e-05,74.125.24.0-255,2902,4670,50,214328
4405,5e-05,172.31.46.0-255,66,4736,50,214328
4406,5.9e-05,74.125.24.0-255,7156,11892,50,214328
4407,6.3e-05,172.31.46.0-255,66,11958,50,214328
4408,6.7e-05,74.125.24.0-255,2119,14077,50,214328
4409,7e-05,172.31.46.0-255,66,14143,50,214328
4410,0.000162,74.125.24.0-255,1484,15627,50,214328
4411,0.000165,172.31.46.0-255,66,15693,50,214328
4412,0.000171,74.125.24.0-255,2902,18595,50,214328
4413,0.000174,172.31.46.0-255,66,18661,50,214328
4414,0.000179,74.125.24.0-255,4320,22981,50,214328
4415,0.000186,172.31.46.0-255,66,23047,50,214328
4416,0.000221,74.125.24.0-255,1484,24531,50,214328
4417,0.000224,172.31.46.0-255,66,24597,50,214328
4418,0.000232,74.125.24.0-255,6797,31394,50,214328
4419,0.000239,172.31.46.0-255,66,31460,50,214328
4420,0.000247,74.125.24.0-255,7156,38616,50,214328
4421,0.000249,172.31.46.0-255,66,38682,50,214328
4422,0.000254,74.125.24.0-255,4320,43002,50,214328
4423,0.000256,172.31.46.0-255,66,43068,50,214328
4424,0.000302,172.31.46.0-255,66,43134,50,214328
4425,0.000319,172.31.46.0-255,66,43200,50,214328
4426,0.000322,74.125.24.0-255,363,43563,50,214328
4427,0.000324,172.31.46.0-255,66,43629,50,214328
4428,0.000347,74.125.24.0-255,130,43759,50,214328
4429,0.000349,172.31.46.0-255,66,43825,50,214328
4430,0.00048,74.125.24.0-255,1484,45309,50,214328
4431,0.000501,74.125.24.0-255,2902,48211,50,214328
4432,0.000505,172.31.46.0-255,66,48277,50,214328
4433,0.000538,74.125.24.0-255,4320,52597,50,214328
4434,0.00054,172.31.46.0-255,66,52663,50,214328
4435,0.000563,74.125.24.0-255,1484,54147,50,214328
4436,0.000569,74.125.24.0-255,4320,58467,50,214328
4437,0.000571,172.31.46.0-255,66,58533,50,214328
4438,0.000584,172.31.46.0-255,66,58599,50,214328
4439,0.000596,74.125.24.0-255,5738,64337,50,214328
4440,0.000598,172.31.46.0-255,66,64403,50,214328
4441,0.000628,74.125.24.0-255,2465,66868,50,214328
4442,0.000631,172.31.46.0-255,66,66934,50,214328
4443,0.000856,74.125.24.0-255,1484,68418,50,214328
4444,0.000863,74.125.24.0-255,2902,71320,50,214328
4445,0.000866,172.31.46.0-255,66,71386,50,214328
4446,0.000872,74.125.24.0-255,4320,75706,50,214328
4447,0.000874,172.31.46.0-255,66,75772,50,214328
4448,0.000897,74.125.24.0-255,1484,77256,50,214328
4449,0.0009,74.125.24.0-255,1484,78740,50,214328
4450,0.000924,172.31.46.0-255,66,78806,50,214328
4451,0.000927,172.31.46.0-255,66,78872,50,214328
4452,0.00093,74.125.24.0-255,1484,80356,50,214328
4453,0.000973,172.31.46.0-255,66,80422,50,214328
4454,0.001506,74.125.24.0-255,1484,81906,50,214328
4455,0.001513,74.125.24.0-255,2902,84808,50,214328
4456,0.001517,172.31.46.0-255,66,84874,50,214328
4457,0.001523,74.125.24.0-255,4320,89194,50,214328
4458,0.001525,172.31.46.0-255,66,89260,50,214328
4459,0.001545,74.125.24.0-255,1484,90744,50,214328
4460,0.001551,74.125.24.0-255,1484,92228,50,214328
4461,0.001554,172.31.46.0-255,66,92294,50,214328
4462,0.00156,74.125.24.0-255,5738,98032,50,214328
4463,0.001563,172.31.46.0-255,66,98098,50,214328
4464,0.001597,74.125.24.0-255,2902,101000,50,214328
4465,0.0016,172.31.46.0-255,66,101066,50,214328
4466,0.001611,172.31.46.0-255,66,101132,50,214328
4467,0.00164,74.125.24.0-255,5020,106152,50,214328
4468,0.001642,172.31.46.0-255,66,106218,50,214328
4469,0.001664,74.125.24.0-255,1484,107702,50,214328
4470,0.001683,74.125.24.0-255,2902,110604,50,214328
4471,0.001686,172.31.46.0-255,66,110670,50,214328
4472,0.001692,74.125.24.0-255,5738,116408,50,214328
4473,0.001694,172.31.46.0-255,66,116474,50,214328
4474,0.001719,74.125.24.0-255,5738,122212,50,214328
4475,0.001722,172.31.46.0-255,66,122278,50,214328
4476,0.001751,74.125.24.0-255,7156,129434,50,214328
4477,0.001753,172.31.46.0-255,66,129500,50,214328
4478,0.001759,74.125.24.0-255,4320,133820,50,214328
4479,0.001762,172.31.46.0-255,66,133886,50,214328
4480,0.001811,172.31.46.0-255,66,133952,50,214328
4481,0.001831,172.31.46.0-255,66,134018,50,214328
4482,0.001845,172.31.46.0-255,66,134084,50,214328
4483,0.001932,74.125.24.0-255,1484,135568,50,214328
4484,0.001938,74.125.24.0-255,2902,138470,50,214328
4485,0.001941,172.31.46.0-255,66,138536,50,214328
4486,0.001969,74.125.24.0-255,4320,142856,50,214328
4487,0.001975,74.125.24.0-255,5738,148594,50,214328
4488,0.001979,172.31.46.0-255,66,148660,50,214328
4489,0.001982,172.31.46.0-255,66,148726,50,214328
4490,0.002017,74.125.24.0-255,2902,151628,50,214328
4491,0.002019,172.31.46.0-255,66,151694,50,214328
4492,0.002023,74.125.24.0-255,1484,153178,50,214328
4493,0.002062,172.31.46.0-255,66,153244,50,214328
4494,0.002106,74.125.24.0-255,1484,154728,50,214328
4495,0.002111,74.125.24.0-255,2902,157630,50,214328
4496,0.002114,172.31.46.0-255,66,157696,50,214328
4497,0.00212,74.125.24.0-255,5738,163434,50,214328
4498,0.002122,172.31.46.0-255,66,163500,50,214328
4499,0.002145,74.125.24.0-255,7156,170656,50,214328
4500,0.002151,172.31.46.0-255,66,170722,50,214328
4501,0.00218,74.125.24.0-255,5738,176460,50,214328
4502,0.002183,172.31.46.0-255,66,176526,50,214328
4503,0.002199,172.31.46.0-255,66,176592,50,214328
4504,0.00223,172.31.46.0-255,66,176658,50,214328
4505,0.002286,172.31.46.0-255,66,176724,50,214328
4506,0.002297,172.31.46.0-255,66,176790,50,214328
4507,0.002313,172.31.46.0-255,66,176856,50,214328
4508,0.002326,172.31.46.0-255,66,176922,50,214328
4509,0.002371,74.125.24.0-255,5738,182660,50,214328
4510,0.002375,172.31.46.0-255,66,182726,50,214328
4511,0.002415,172.31.46.0-255,66,182792,50,214328
4512,0.002425,172.31.46.0-255,66,182858,50,214328
4513,0.003454,172.31.46.0-255,101,182959,50,214328
4514,0.004778,74.125.24.0-255,5738,188697,50,214328
4515,0.004784,172.31.46.0-255,66,188763,50,214328
4516,0.005794,74.125.24.0-255,66,188829,50,214328
4517,0.007146,74.125.24.0-255,5738,194567,50,214328
4518,0.007151,172.31.46.0-255,66,194633,50,214328
4519,0.009507,74.125.24.0-255,5738,200371,50,214328
4520,0.00951,172.31.46.0-255,66,200437,50,214328
4521,0.011867,74.125.24.0-255,5738,206175,50,214328
4522,0.011874,172.31.46.0-255,66,206241,50,214328
4523,0.014226,74.125.24.0-255,5738,211979,50,214328
4524,0.014235,172.31.46.0-255,66,212045,50,214328
4525,0.016587,74.125.24.0-255,2046,214091,50,214328
4526,0.016601,172.31.46.0-255,66,214157,50,214328
4527,0.018634,172.31.46.0-255,105,214262,50,214328
4528,0.025785,74.125.24.0-255,66,214328,50,214328
4529,0.0,74.125.130.0-255,146,146,50,116777
4530,2.6e-05,172.31.46.0-255,66,212,50,116777
4531,3.3e-05,74.125.130.0-255,1484,1696,50,116777
4532,3.8e-05,172.31.46.0-255,66,1762,50,116777
4533,4.4e-05,74.125.130.0-255,2902,4664,50,116777
4534,4.7e-05,172.31.46.0-255,66,4730,50,116777
4535,8.6e-05,74.125.130.0-255,1484,6214,50,116777
4536,8.9e-05,172.31.46.0-255,66,6280,50,116777
4537,0.000119,74.125.130.0-255,2902,9182,50,116777
4538,0.000122,172.31.46.0-255,66,9248,50,116777
4539,0.000176,74.125.130.0-255,1484,10732,50,116777
4540,0.000179,172.31.46.0-255,66,10798,50,116777
4541,0.0002,74.125.130.0-255,3538,14336,50,116777
4542,0.000202,172.31.46.0-255,66,14402,50,116777
4543,0.000297,74.125.130.0-255,5738,20140,50,116777
4544,0.000302,172.31.46.0-255,66,20206,50,116777
4545,0.000418,172.31.46.0-255,66,20272,50,116777
4546,0.000434,74.125.130.0-255,1484,21756,50,116777
4547,0.000437,172.31.46.0-255,66,21822,50,116777
4548,0.000615,74.125.130.0-255,1125,22947,50,116777
4549,0.000619,172.31.46.0-255,66,23013,50,116777
4550,0.000672,172.31.46.0-255,66,23079,50,116777
4551,0.000928,172.31.46.0-255,66,23145,50,116777
4552,0.00095,74.125.130.0-255,6797,29942,50,116777
4553,0.000952,172.31.46.0-255,66,30008,50,116777
4554,0.001262,74.125.130.0-255,5674,35682,50,116777
4555,0.001267,172.31.46.0-255,66,35748,50,116777
4556,0.001373,74.125.130.0-255,5738,41486,50,116777
4557,0.001378,172.31.46.0-255,66,41552,50,116777
4558,0.002095,74.125.130.0-255,4320,45872,50,116777
4559,0.002117,74.125.130.0-255,7156,53028,50,116777
4560,0.002335,74.125.130.0-255,7156,60184,50,116777
4561,0.006634,172.31.46.0-255,66,60250,50,116777
4562,0.009189,74.125.130.0-255,5738,65988,50,116777
4563,0.009201,172.31.46.0-255,66,66054,50,116777
4564,0.011764,74.125.130.0-255,5738,71792,50,116777
4565,0.011798,172.31.46.0-255,66,71858,50,116777
4566,0.014355,74.125.130.0-255,5738,77596,50,116777
4567,0.014371,172.31.46.0-255,66,77662,50,116777
4568,0.016941,74.125.130.0-255,5738,83400,50,116777
4569,0.016956,172.31.46.0-255,66,83466,50,116777
4570,0.019503,74.125.130.0-255,5738,89204,50,116777
4571,0.019514,172.31.46.0-255,66,89270,50,116777
4572,0.022078,74.125.130.0-255,5738,95008,50,116777
4573,0.022093,172.31.46.0-255,66,95074,50,116777
4574,0.024643,74.125.130.0-255,5738,100812,50,116777
4575,0.024651,172.31.46.0-255,66,100878,50,116777
4576,0.025227,172.31.46.0-255,172,101050,50,116777
4577,0.025259,172.31.46.0-255,1113,102163,50,116777
4578,0.025318,172.31.46.0-255,1514,103677,50,116777
4579,0.02532,172.31.46.0-255,1294,104971,50,116777
4580,0.0268,104.244.42.0-255,66,105037,50,116777
4581,0.026837,104.244.42.0-255,66,105103,50,116777
4582,0.026888,104.244.42.0-255,66,105169,50,116777
4583,0.027221,74.125.130.0-255,5738,110907,50,116777
4584,0.027227,172.31.46.0-255,66,110973,50,116777
4585,0.029791,74.125.130.0-255,5738,116711,50,116777
4586,0.029798,172.31.46.0-255,66,116777,50,116777
4587,0.0,172.217.194.0-255,145,145,50,188390
4588,2.6e-05,172.31.46.0-255,66,211,50,188390
4589,3.3e-05,172.217.194.0-255,1484,1695,50,188390
4590,3.8e-05,172.31.46.0-255,66,1761,50,188390
4591,5.2e-05,172.217.194.0-255,2902,4663,50,188390
4592,5.5e-05,172.31.46.0-255,66,4729,50,188390
4593,6.2e-05,172.217.194.0-255,7156,11885,50,188390
4594,6.7e-05,172.31.46.0-255,66,11951,50,188390
4595,7.1e-05,172.217.194.0-255,2074,14025,50,188390
4596,7.4e-05,172.31.46.0-255,66,14091,50,188390
4597,0.000104,172.217.194.0-255,2902,16993,50,188390
4598,0.000111,172.31.46.0-255,66,17059,50,188390
4599,0.000116,172.217.194.0-255,4320,21379,50,188390
4600,0.000119,172.31.46.0-255,66,21445,50,188390
4601,0.00015,172.217.194.0-255,2902,24347,50,188390
4602,0.000153,172.31.46.0-255,66,24413,50,188390
4603,0.000181,172.217.194.0-255,6797,31210,50,188390
4604,0.000184,172.31.46.0-255,66,31276,50,188390
4605,0.000237,172.217.194.0-255,1484,32760,50,188390
4606,0.000239,172.31.46.0-255,66,32826,50,188390
4607,0.000244,172.217.194.0-255,2902,35728,50,188390
4608,0.000246,172.31.46.0-255,66,35794,50,188390
4609,0.000252,172.217.194.0-255,5738,41532,50,188390
4610,0.000259,172.31.46.0-255,66,41598,50,188390
4611,0.000302,172.31.46.0-255,66,41664,50,188390
4612,0.000328,172.217.194.0-255,2543,44207,50,188390
4613,0.00033,172.31.46.0-255,66,44273,50,188390
4614,0.000335,172.217.194.0-255,4320,48593,50,188390
4615,0.000338,172.31.46.0-255,66,48659,50,188390
4616,0.000371,172.217.194.0-255,6797,55456,50,188390
4617,0.000374,172.31.46.0-255,66,55522,50,188390
4618,0.000619,172.217.194.0-255,379,55901,50,188390
4619,0.000639,172.217.194.0-255,364,56265,50,188390
4620,0.000721,172.217.194.0-255,1484,57749,50,188390
4621,0.000725,172.31.46.0-255,66,57815,50,188390
4622,0.000731,172.217.194.0-255,2902,60717,50,188390
4623,0.000734,172.31.46.0-255,66,60783,50,188390
4624,0.000742,172.217.194.0-255,1484,62267,50,188390
4625,0.000769,172.217.194.0-255,4320,66587,50,188390
4626,0.000772,172.31.46.0-255,66,66653,50,188390
4627,0.000788,172.31.46.0-255,66,66719,50,188390
4628,0.000812,172.217.194.0-255,2902,69621,50,188390
4629,0.000815,172.31.46.0-255,66,69687,50,188390
4630,0.000852,172.31.46.0-255,66,69753,50,188390
4631,0.000882,172.217.194.0-255,5738,75491,50,188390
4632,0.000885,172.31.46.0-255,66,75557,50,188390
4633,0.000892,172.217.194.0-255,7156,82713,50,188390
4634,0.000894,172.31.46.0-255,66,82779,50,188390
4635,0.000931,172.31.46.0-255,66,82845,50,188390
4636,0.000961,172.217.194.0-255,2902,85747,50,188390
4637,0.000963,172.31.46.0-255,66,85813,50,188390
4638,0.00097,172.217.194.0-255,6438,92251,50,188390
4639,0.000973,172.31.46.0-255,66,92317,50,188390
4640,0.001879,172.217.194.0-255,1484,93801,50,188390
4641,0.001896,172.217.194.0-255,2902,96703,50,188390
4642,0.0019,172.31.46.0-255,66,96769,50,188390
4643,0.001904,172.217.194.0-255,1484,98253,50,188390
4644,0.001929,172.217.194.0-255,4320,102573,50,188390
4645,0.001932,172.31.46.0-255,66,102639,50,188390
4646,0.001945,172.31.46.0-255,66,102705,50,188390
4647,0.001973,172.217.194.0-255,1484,104189,50,188390
4648,0.001984,172.31.46.0-255,66,104255,50,188390
4649,0.001987,172.217.194.0-255,766,105021,50,188390
4650,0.002058,172.217.194.0-255,1484,106505,50,188390
4651,0.002062,172.31.46.0-255,66,106571,50,188390
4652,0.002067,172.217.194.0-255,2902,109473,50,188390
4653,0.002069,172.31.46.0-255,66,109539,50,188390
4654,0.002109,172.217.194.0-255,2902,112441,50,188390
4655,0.002112,172.31.46.0-255,66,112507,50,188390
4656,0.0041,172.217.194.0-255,5738,118245,50,188390
4657,0.004108,172.31.46.0-255,66,118311,50,188390
4658,0.006137,172.217.194.0-255,5738,124049,50,188390
4659,0.00614,172.31.46.0-255,66,124115,50,188390
4660,0.008194,172.217.194.0-255,5738,129853,50,188390
4661,0.008201,172.31.46.0-255,66,129919,50,188390
4662,0.010223,172.217.194.0-255,5738,135657,50,188390
4663,0.01023,172.31.46.0-255,66,135723,50,188390
4664,0.01228,172.217.194.0-255,5738,141461,50,188390
4665,0.012293,172.31.46.0-255,66,141527,50,188390
4666,0.012393,172.31.46.0-255,101,141628,50,188390
4667,0.014343,172.217.194.0-255,5738,147366,50,188390
4668,0.014354,172.31.46.0-255,66,147432,50,188390
4669,0.014397,172.217.194.0-255,66,147498,50,188390
4670,0.016453,172.217.194.0-255,5738,153236,50,188390
4671,0.016467,172.31.46.0-255,66,153302,50,188390
4672,0.018506,172.217.194.0-255,5738,159040,50,188390
4673,0.018517,172.31.46.0-255,66,159106,50,188390
4674,0.020567,172.217.194.0-255,5738,164844,50,188390
4675,0.020573,172.31.46.0-255,66,164910,50,188390
4676,0.022596,172.217.194.0-255,2902,167812,50,188390
4677,0.022602,172.31.46.0-255,66,167878,50,188390
4678,0.022635,172.217.194.0-255,2902,170780,50,188390
4679,0.022638,172.31.46.0-255,66,170846,50,188390
4680,0.024629,172.217.194.0-255,2902,173748,50,188390
4681,0.024646,172.31.46.0-255,66,173814,50,188390
4682,0.024684,172.217.194.0-255,2902,176716,50,188390
4683,0.024688,172.31.46.0-255,66,176782,50,188390
4684,0.026688,172.217.194.0-255,5738,182520,50,188390
4685,0.026706,172.31.46.0-255,66,182586,50,188390
4686,0.028765,172.217.194.0-255,5738,188324,50,188390
4687,0.028782,172.31.46.0-255,66,188390,50,188390
4688,0.0,172.217.194.0-255,146,146,50,223903
4689,2.4e-05,172.31.46.0-255,66,212,50,223903
4690,3.1e-05,172.217.194.0-255,1484,1696,50,223903
4691,3.6e-05,172.31.46.0-255,66,1762,50,223903
4692,4.2e-05,172.217.194.0-255,2902,4664,50,223903
4693,4.6e-05,172.31.46.0-255,66,4730,50,223903
4694,5.5e-05,172.217.194.0-255,7156,11886,50,223903
4695,5.9e-05,172.31.46.0-255,66,11952,50,223903
4696,6.5e-05,172.217.194.0-255,4320,16272,50,223903
4697,6.8e-05,172.31.46.0-255,66,16338,50,223903
4698,0.000105,172.31.46.0-255,66,16404,50,223903
4699,0.000109,172.217.194.0-255,2543,18947,50,223903
4700,0.000112,172.31.46.0-255,66,19013,50,223903
4701,0.000159,172.217.194.0-255,1484,20497,50,223903
4702,0.000162,172.31.46.0-255,66,20563,50,223903
4703,0.000192,172.217.194.0-255,2902,23465,50,223903
4704,0.000195,172.31.46.0-255,66,23531,50,223903
4705,0.000199,172.217.194.0-255,2902,26433,50,223903
4706,0.000201,172.31.46.0-255,66,26499,50,223903
4707,0.000214,172.217.194.0-255,2902,29401,50,223903
4708,0.000217,172.31.46.0-255,66,29467,50,223903
4709,0.000229,172.217.194.0-255,1484,30951,50,223903
4710,0.000232,172.31.46.0-255,66,31017,50,223903
4711,0.000248,172.217.194.0-255,5738,36755,50,223903
4712,0.00025,172.31.46.0-255,66,36821,50,223903
4713,0.000266,172.217.194.0-255,3961,40782,50,223903
4714,0.00028,172.31.46.0-255,66,40848,50,223903
4715,0.000288,172.31.46.0-255,66,40914,50,223903
4716,0.000292,172.217.194.0-255,367,41281,50,223903
4717,0.000294,172.31.46.0-255,66,41347,50,223903
4718,0.000334,172.217.194.0-255,1484,42831,50,223903
4719,0.000352,172.217.194.0-255,2902,45733,50,223903
4720,0.000355,172.31.46.0-255,66,45799,50,223903
4721,0.000377,172.217.194.0-255,1484,47283,50,223903
4722,0.000383,172.217.194.0-255,5738,53021,50,223903
4723,0.000386,172.31.46.0-255,66,53087,50,223903
4724,0.000391,172.217.194.0-255,4320,57407,50,223903
4725,0.000394,172.31.46.0-255,66,57473,50,223903
4726,0.000421,172.31.46.0-255,66,57539,50,223903
4727,0.000425,172.217.194.0-255,1484,59023,50,223903
4728,0.000446,172.217.194.0-255,5379,64402,50,223903
4729,0.000449,172.31.46.0-255,66,64468,50,223903
4730,0.000487,172.217.194.0-255,1484,65952,50,223903
4731,0.000492,172.217.194.0-255,2902,68854,50,223903
4732,0.000495,172.31.46.0-255,66,68920,50,223903
4733,0.000518,172.217.194.0-255,5738,74658,50,223903
4734,0.000521,172.31.46.0-255,66,74724,50,223903
4735,0.000554,172.217.194.0-255,2902,77626,50,223903
4736,0.000557,172.31.46.0-255,66,77692,50,223903
4737,0.000583,172.31.46.0-255,66,77758,50,223903
4738,0.000597,172.31.46.0-255,66,77824,50,223903
4739,0.000605,172.217.194.0-255,7156,84980,50,223903
4740,0.000607,172.31.46.0-255,66,85046,50,223903
4741,0.000632,172.217.194.0-255,4320,89366,50,223903
4742,0.000635,172.31.46.0-255,66,89432,50,223903
4743,0.000647,172.31.46.0-255,66,89498,50,223903
4744,0.00067,172.217.194.0-255,4320,93818,50,223903
4745,0.000673,172.31.46.0-255,66,93884,50,223903
4746,0.000689,172.217.194.0-255,6438,100322,50,223903
4747,0.000692,172.31.46.0-255,66,100388,50,223903
4748,0.000721,172.217.194.0-255,2902,103290,50,223903
4749,0.000723,172.31.46.0-255,66,103356,50,223903
4750,0.000729,172.217.194.0-255,4320,107676,50,223903
4751,0.000731,172.31.46.0-255,66,107742,50,223903
4752,0.000738,172.217.194.0-255,5738,113480,50,223903
4753,0.00074,172.31.46.0-255,66,113546,50,223903
4754,0.000755,172.217.194.0-255,2902,116448,50,223903
4755,0.000758,172.31.46.0-255,66,116514,50,223903
4756,0.000777,172.217.194.0-255,5738,122252,50,223903
4757,0.000779,172.31.46.0-255,66,122318,50,223903
4758,0.000815,172.31.46.0-255,66,122384,50,223903
4759,0.000818,172.217.194.0-255,1484,123868,50,223903
4760,0.000832,172.217.194.0-255,4320,128188,50,223903
4761,0.000835,172.31.46.0-255,66,128254,50,223903
4762,0.000856,172.31.46.0-255,66,128320,50,223903
4763,0.00087,172.31.46.0-255,66,128386,50,223903
4764,0.000892,172.217.194.0-255,4320,132706,50,223903
4765,0.000894,172.31.46.0-255,66,132772,50,223903
4766,0.000897,172.217.194.0-255,766,133538,50,223903
4767,0.001036,172.217.194.0-255,1484,135022,50,223903
4768,0.001041,172.31.46.0-255,66,135088,50,223903
4769,0.001047,172.217.194.0-255,2902,137990,50,223903
4770,0.001049,172.31.46.0-255,66,138056,50,223903
4771,0.001055,172.217.194.0-255,4320,142376,50,223903
4772,0.001057,172.31.46.0-255,66,142442,50,223903
4773,0.001094,172.217.194.0-255,1484,143926,50,223903
4774,0.001114,172.31.46.0-255,66,143992,50,223903
4775,0.001125,172.31.46.0-255,66,144058,50,223903
4776,0.001165,172.31.46.0-255,66,144124,50,223903
4777,0.001176,172.31.46.0-255,66,144190,50,223903
4778,0.001251,172.31.46.0-255,66,144256,50,223903
4779,0.001271,172.217.194.0-255,2184,146440,50,223903
4780,0.001274,172.31.46.0-255,66,146506,50,223903
4781,0.00128,172.217.194.0-255,5738,152244,50,223903
4782,0.001283,172.31.46.0-255,66,152310,50,223903
4783,0.001289,172.217.194.0-255,7156,159466,50,223903
4784,0.001292,172.31.46.0-255,66,159532,50,223903
4785,0.001306,172.31.46.0-255,66,159598,50,223903
4786,0.001312,172.217.194.0-255,6438,166036,50,223903
4787,0.001316,172.31.46.0-255,66,166102,50,223903
4788,0.001814,172.217.194.0-255,1484,167586,50,223903
4789,0.001819,172.217.194.0-255,1484,169070,50,223903
4790,0.001822,172.31.46.0-255,66,169136,50,223903
4791,0.001849,172.217.194.0-255,1484,170620,50,223903
4792,0.001855,172.217.194.0-255,5738,176358,50,223903
4793,0.001858,172.31.46.0-255,66,176424,50,223903
4794,0.00187,172.217.194.0-255,1484,177908,50,223903
4795,0.001898,172.31.46.0-255,66,177974,50,223903
4796,0.001911,172.217.194.0-255,1484,179458,50,223903
4797,0.00194,172.31.46.0-255,66,179524,50,223903
4798,0.00396,172.217.194.0-255,5738,185262,50,223903
4799,0.003971,172.31.46.0-255,66,185328,50,223903
4800,0.005996,172.217.194.0-255,5738,191066,50,223903
4801,0.006004,172.31.46.0-255,66,191132,50,223903
4802,0.008008,172.217.194.0-255,5738,196870,50,223903
4803,0.008012,172.31.46.0-255,66,196936,50,223903
4804,0.010008,172.217.194.0-255,5738,202674,50,223903
4805,0.010018,172.31.46.0-255,66,202740,50,223903
4806,0.012027,172.217.194.0-255,5738,208478,50,223903
4807,0.012054,172.31.46.0-255,66,208544,50,223903
4808,0.014067,172.217.194.0-255,5738,214282,50,223903
4809,0.014075,172.31.46.0-255,66,214348,50,223903
4810,0.016094,172.217.194.0-255,5738,220086,50,223903
4811,0.016101,172.31.46.0-255,66,220152,50,223903
4812,0.01815,172.217.194.0-255,3514,223666,50,223903
4813,0.018159,172.31.46.0-255,66,223732,50,223903
4814,0.018415,172.31.46.0-255,105,223837,50,223903
4815,0.020374,172.217.194.0-255,66,223903,50,223903
4816,0.0,172.217.194.0-255,146,146,50,223105
4817,2.3e-05,172.31.46.0-255,66,212,50,223105
4818,3e-05,172.217.194.0-255,1484,1696,50,223105
4819,3.5e-05,172.31.46.0-255,66,1762,50,223105
4820,4.1e-05,172.217.194.0-255,2902,4664,50,223105
4821,5.3e-05,172.31.46.0-255,66,4730,50,223105
4822,6.1e-05,172.217.194.0-255,7156,11886,50,223105
4823,6.4e-05,172.31.46.0-255,66,11952,50,223105
4824,6.8e-05,172.217.194.0-255,2067,14019,50,223105
4825,7.2e-05,172.31.46.0-255,66,14085,50,223105
4826,0.000113,172.217.194.0-255,1484,15569,50,223105
4827,0.000116,172.31.46.0-255,66,15635,50,223105
4828,0.00012,172.217.194.0-255,1484,17119,50,223105
4829,0.000123,172.31.46.0-255,66,17185,50,223105
4830,0.000149,172.217.194.0-255,1484,18669,50,223105
4831,0.000152,172.31.46.0-255,66,18735,50,223105
4832,0.00016,172.217.194.0-255,5738,24473,50,223105
4833,0.000164,172.31.46.0-255,66,24539,50,223105
4834,0.00017,172.217.194.0-255,4320,28859,50,223105
4835,0.000172,172.31.46.0-255,66,28925,50,223105
4836,0.0002,172.217.194.0-255,2543,31468,50,223105
4837,0.000202,172.31.46.0-255,66,31534,50,223105
4838,0.000231,172.217.194.0-255,2902,34436,50,223105
4839,0.000233,172.31.46.0-255,66,34502,50,223105
4840,0.000266,172.217.194.0-255,7156,41658,50,223105
4841,0.000269,172.31.46.0-255,66,41724,50,223105
4842,0.000275,172.217.194.0-255,4320,46044,50,223105
4843,0.000277,172.31.46.0-255,66,46110,50,223105
4844,0.000313,172.217.194.0-255,2543,48653,50,223105
4845,0.000315,172.31.46.0-255,66,48719,50,223105
4846,0.000366,172.217.194.0-255,1484,50203,50,223105
4847,0.000369,172.31.46.0-255,66,50269,50,223105
4848,0.000374,172.217.194.0-255,2902,53171,50,223105
4849,0.000377,172.31.46.0-255,66,53237,50,223105
4850,0.000418,172.217.194.0-255,5738,58975,50,223105
4851,0.000421,172.31.46.0-255,66,59041,50,223105
4852,0.000428,172.217.194.0-255,5738,64779,50,223105
4853,0.00043,172.31.46.0-255,66,64845,50,223105
4854,0.00046,172.217.194.0-255,1435,66280,50,223105
4855,0.000463,172.31.46.0-255,66,66346,50,223105
4856,0.000484,172.217.194.0-255,367,66713,50,223105
4857,0.000487,172.31.46.0-255,66,66779,50,223105
4858,0.000676,172.217.194.0-255,1484,68263,50,223105
4859,0.00068,172.31.46.0-255,66,68329,50,223105
4860,0.000685,172.217.194.0-255,2902,71231,50,223105
4861,0.000687,172.31.46.0-255,66,71297,50,223105
4862,0.000693,172.217.194.0-255,5738,77035,50,223105
4863,0.000699,172.31.46.0-255,66,77101,50,223105
4864,0.00071,172.31.46.0-255,66,77167,50,223105
4865,0.000745,172.217.194.0-255,2902,80069,50,223105
4866,0.000748,172.31.46.0-255,66,80135,50,223105
4867,0.000781,172.31.46.0-255,66,80201,50,223105
4868,0.000883,172.217.194.0-255,1484,81685,50,223105
4869,0.000888,172.217.194.0-255,2902,84587,50,223105
4870,0.000892,172.217.194.0-255,2902,87489,50,223105
4871,0.000896,172.31.46.0-255,66,87555,50,223105
4872,0.000907,172.217.194.0-255,2902,90457,50,223105
4873,0.000921,172.217.194.0-255,2902,93359,50,223105
4874,0.00093,172.31.46.0-255,66,93425,50,223105
4875,0.000958,172.217.194.0-255,2902,96327,50,223105
4876,0.000973,172.217.194.0-255,5738,102065,50,223105
4877,0.000975,172.31.46.0-255,66,102131,50,223105
4878,0.00098,172.31.46.0-255,66,102197,50,223105
4879,0.001016,172.217.194.0-255,6438,108635,50,223105
4880,0.001024,172.217.194.0-255,5738,114373,50,223105
4881,0.001036,172.31.46.0-255,66,114439,50,223105
4882,0.001062,172.217.194.0-255,1484,115923,50,223105
4883,0.001084,172.217.194.0-255,6438,122361,50,223105
4884,0.001134,172.31.46.0-255,66,122427,50,223105
4885,0.001318,172.217.194.0-255,1484,123911,50,223105
4886,0.001324,172.217.194.0-255,2902,126813,50,223105
4887,0.001329,172.217.194.0-255,2902,129715,50,223105
4888,0.001337,172.31.46.0-255,66,129781,50,223105
4889,0.001349,172.217.194.0-255,2902,132683,50,223105
4890,0.00136,172.217.194.0-255,5738,138421,50,223105
4891,0.001366,172.217.194.0-255,4320,142741,50,223105
4892,0.001383,172.217.194.0-255,7156,149897,50,223105
4893,0.001391,172.31.46.0-255,66,149963,50,223105
4894,0.001398,172.217.194.0-255,1484,151447,50,223105
4895,0.001414,172.217.194.0-255,2902,154349,50,223105
4896,0.001425,172.217.194.0-255,2184,156533,50,223105
4897,0.001443,172.31.46.0-255,66,156599,50,223105
4898,0.001628,172.217.194.0-255,1484,158083,50,223105
4899,0.001634,172.217.194.0-255,2902,160985,50,223105
4900,0.001637,172.31.46.0-255,66,161051,50,223105
4901,0.001641,172.217.194.0-255,1484,162535,50,223105
4902,0.001666,172.217.194.0-255,4320,166855,50,223105
4903,0.001689,172.31.46.0-255,66,166921,50,223105
4904,0.001701,172.217.194.0-255,4320,171241,50,223105
4905,0.001739,172.31.46.0-255,66,171307,50,223105
4906,0.001745,172.217.194.0-255,3602,174909,50,223105
4907,0.001765,172.31.46.0-255,66,174975,50,223105
4908,0.001822,172.217.194.0-255,6438,181413,50,223105
4909,0.001829,172.31.46.0-255,66,181479,50,223105
4910,0.001891,172.31.46.0-255,66,181545,50,223105
4911,0.001917,172.217.194.0-255,7156,188701,50,223105
4912,0.001935,172.31.46.0-255,66,188767,50,223105
4913,0.001948,172.217.194.0-255,6438,195205,50,223105
4914,0.001988,172.217.194.0-255,4320,199525,50,223105
4915,0.002013,172.31.46.0-255,66,199591,50,223105
4916,0.002018,172.31.46.0-255,66,199657,50,223105
4917,0.002039,172.217.194.0-255,4320,203977,50,223105
4918,0.002075,172.31.46.0-255,66,204043,50,223105
4919,0.002081,172.31.46.0-255,66,204109,50,223105
4920,0.002178,172.31.46.0-255,66,204175,50,223105
4921,0.002231,172.31.46.0-255,66,204241,50,223105
4922,0.004238,172.217.194.0-255,1484,205725,50,223105
4923,0.00426,172.217.194.0-255,4320,210045,50,223105
4924,0.004265,172.31.46.0-255,66,210111,50,223105
4925,0.006265,172.217.194.0-255,5738,215849,50,223105
4926,0.006273,172.31.46.0-255,66,215915,50,223105
4927,0.008256,172.217.194.0-255,4320,220235,50,223105
4928,0.008262,172.31.46.0-255,66,220301,50,223105
4929,0.008286,172.217.194.0-255,1484,221785,50,223105
4930,0.008289,172.31.46.0-255,66,221851,50,223105
4931,0.01027,172.217.194.0-255,1017,222868,50,223105
4932,0.011379,172.31.46.0-255,66,222934,50,223105
4933,0.011415,172.31.46.0-255,105,223039,50,223105
4934,0.013391,172.217.194.0-255,66,223105,50,223105
4935,0.0,74.125.24.0-255,150,150,50,250991
4936,3e-05,172.31.46.0-255,66,216,50,250991
4937,3.8e-05,74.125.24.0-255,1484,1700,50,250991
4938,4.2e-05,172.31.46.0-255,66,1766,50,250991
4939,4.8e-05,74.125.24.0-255,2902,4668,50,250991
4940,5.9e-05,172.31.46.0-255,66,4734,50,250991
4941,6.8e-05,74.125.24.0-255,7156,11890,50,250991
4942,7.2e-05,172.31.46.0-255,66,11956,50,250991
4943,8.3e-05,172.31.46.0-255,66,12022,50,250991
4944,9.7e-05,172.31.46.0-255,66,12088,50,250991
4945,0.000135,74.125.24.0-255,1484,13572,50,250991
4946,0.000138,172.31.46.0-255,66,13638,50,250991
4947,0.000142,74.125.24.0-255,1484,15122,50,250991
4948,0.000144,172.31.46.0-255,66,15188,50,250991
4949,0.000166,74.125.24.0-255,1484,16672,50,250991
4950,0.000172,172.31.46.0-255,66,16738,50,250991
4951,0.000179,74.125.24.0-255,5738,22476,50,250991
4952,0.000182,172.31.46.0-255,66,22542,50,250991
4953,0.000188,74.125.24.0-255,5738,28280,50,250991
4954,0.000191,172.31.46.0-255,66,28346,50,250991
4955,0.00022,74.125.24.0-255,1125,29471,50,250991
4956,0.000223,172.31.46.0-255,66,29537,50,250991
4957,0.000478,74.125.24.0-255,1484,31021,50,250991
4958,0.000484,172.31.46.0-255,66,31087,50,250991
4959,0.00049,74.125.24.0-255,2902,33989,50,250991
4960,0.000493,172.31.46.0-255,66,34055,50,250991
4961,0.000521,74.125.24.0-255,5738,39793,50,250991
4962,0.000524,172.31.46.0-255,66,39859,50,250991
4963,0.000528,74.125.24.0-255,2902,42761,50,250991
4964,0.000531,172.31.46.0-255,66,42827,50,250991
4965,0.00056,74.125.24.0-255,3961,46788,50,250991
4966,0.000568,74.125.24.0-255,399,47187,50,250991
4967,0.000585,172.31.46.0-255,66,47253,50,250991
4968,0.000628,74.125.24.0-255,344,47597,50,250991
4969,0.000842,74.125.24.0-255,1484,49081,50,250991
4970,0.000859,74.125.24.0-255,2902,51983,50,250991
4971,0.000866,74.125.24.0-255,5738,57721,50,250991
4972,0.000869,74.125.24.0-255,1484,59205,50,250991
4973,0.000874,172.31.46.0-255,66,59271,50,250991
4974,0.00089,74.125.24.0-255,2902,62173,50,250991
4975,0.000929,74.125.24.0-255,4320,66493,50,250991
4976,0.000943,74.125.24.0-255,3602,70095,50,250991
4977,0.00095,172.31.46.0-255,66,70161,50,250991
4978,0.001341,74.125.24.0-255,1484,71645,50,250991
4979,0.001347,74.125.24.0-255,2902,74547,50,250991
4980,0.001349,74.125.24.0-255,1484,76031,50,250991
4981,0.001354,172.31.46.0-255,66,76097,50,250991
4982,0.001385,74.125.24.0-255,4320,80417,50,250991
4983,0.001392,74.125.24.0-255,5738,86155,50,250991
4984,0.001404,172.31.46.0-255,66,86221,50,250991
4985,0.001412,74.125.24.0-255,7156,93377,50,250991
4986,0.001416,74.125.24.0-255,2902,96279,50,250991
4987,0.001435,74.125.24.0-255,2902,99181,50,250991
4988,0.001462,74.125.24.0-255,1484,100665,50,250991
4989,0.001469,172.31.46.0-255,66,100731,50,250991
4990,0.001487,74.125.24.0-255,3602,104333,50,250991
4991,0.001493,74.125.24.0-255,5738,110071,50,250991
4992,0.00151,74.125.24.0-255,5738,115809,50,250991
4993,0.001523,74.125.24.0-255,1484,117293,50,250991
4994,0.00154,172.31.46.0-255,66,117359,50,250991
4995,0.00158,172.31.46.0-255,66,117425,50,250991
4996,0.001611,74.125.24.0-255,4320,121745,50,250991
4997,0.001616,74.125.24.0-255,2902,124647,50,250991
4998,0.00162,172.31.46.0-255,66,124713,50,250991
4999,0.00163,74.125.24.0-255,2902,127615,50,250991
5000,0.001673,74.125.24.0-255,1484,129099,50,250991
5001,0.001678,74.125.24.0-255,2902,132001,50,250991
5002,0.001685,172.31.46.0-255,66,132067,50,250991
5003,0.001729,172.31.46.0-255,66,132133,50,250991
5004,0.00179,74.125.24.0-255,1484,133617,50,250991
5005,0.001807,74.125.24.0-255,2902,136519,50,250991
5006,0.001825,172.31.46.0-255,66,136585,50,250991
5007,0.001835,74.125.24.0-255,4320,140905,50,250991
5008,0.001847,74.125.24.0-255,7156,148061,50,250991
5009,0.001853,172.31.46.0-255,66,148127,50,250991
5010,0.001878,74.125.24.0-255,1484,149611,50,250991
5011,0.001905,74.125.24.0-255,4320,153931,50,250991
5012,0.001908,172.31.46.0-255,66,153997,50,250991
5013,0.001914,172.31.46.0-255,66,154063,50,250991
5014,0.001934,74.125.24.0-255,2184,156247,50,250991
5015,0.001972,172.31.46.0-255,66,156313,50,250991
5016,0.001975,74.125.24.0-255,1484,157797,50,250991
5017,0.001997,74.125.24.0-255,2902,160699,50,250991
5018,0.002004,74.125.24.0-255,5738,166437,50,250991
5019,0.002021,172.31.46.0-255,66,166503,50,250991
5020,0.002033,74.125.24.0-255,7156,173659,50,250991
5021,0.002057,172.31.46.0-255,66,173725,50,250991
5022,0.002064,74.125.24.0-255,5738,179463,50,250991
5023,0.002103,172.31.46.0-255,66,179529,50,250991
5024,0.002138,74.125.24.0-255,1484,181013,50,250991
5025,0.002144,74.125.24.0-255,2902,183915,50,250991
5026,0.002147,74.125.24.0-255,1484,185399,50,250991
5027,0.002152,172.31.46.0-255,66,185465,50,250991
5028,0.002163,74.125.24.0-255,4320,189785,50,250991
5029,0.002173,74.125.24.0-255,2902,192687,50,250991
5030,0.002207,74.125.24.0-255,1484,194171,50,250991
5031,0.002212,172.31.46.0-255,66,194237,50,250991
5032,0.002238,74.125.24.0-255,2902,197139,50,250991
5033,0.002244,172.31.46.0-255,66,197205,50,250991
5034,0.00236,74.125.24.0-255,1484,198689,50,250991
5035,0.002371,172.31.46.0-255,66,198755,50,250991
5036,0.00466,74.125.24.0-255,5738,204493,50,250991
5037,0.004668,172.31.46.0-255,66,204559,50,250991
5038,0.006978,74.125.24.0-255,5738,210297,50,250991
5039,0.010451,172.31.46.0-255,66,210363,50,250991
5040,0.012773,74.125.24.0-255,5738,216101,50,250991
5041,0.012792,172.31.46.0-255,66,216167,50,250991
5042,0.015079,74.125.24.0-255,5738,221905,50,250991
5043,0.015086,172.31.46.0-255,66,221971,50,250991
5044,0.017398,74.125.24.0-255,5738,227709,50,250991
5045,0.017407,172.31.46.0-255,66,227775,50,250991
5046,0.01968,74.125.24.0-255,5738,233513,50,250991
5047,0.022927,172.31.46.0-255,66,233579,50,250991
5048,0.025196,74.125.24.0-255,5738,239317,50,250991
5049,0.02521,172.31.46.0-255,66,239383,50,250991
5050,0.027487,74.125.24.0-255,5738,245121,50,250991
5051,0.027496,172.31.46.0-255,66,245187,50,250991
5052,0.029812,74.125.24.0-255,5738,250925,50,250991
5053,0.029823,172.31.46.0-255,66,250991,50,250991
5054,0.0,172.217.194.0-255,146,146,50,210035
5055,2.2e-05,172.31.46.0-255,66,212,50,210035
5056,2.9e-05,172.217.194.0-255,1484,1696,50,210035
5057,3.2e-05,172.31.46.0-255,66,1762,50,210035
5058,3.7e-05,172.217.194.0-255,2902,4664,50,210035
5059,3.9e-05,172.31.46.0-255,66,4730,50,210035
5060,4.6e-05,172.217.194.0-255,7156,11886,50,210035
5061,4.9e-05,172.31.46.0-255,66,11952,50,210035
5062,5.3e-05,172.217.194.0-255,2088,14040,50,210035
5063,5.5e-05,172.31.46.0-255,66,14106,50,210035
5064,9.3e-05,172.217.194.0-255,4320,18426,50,210035
5065,9.6e-05,172.31.46.0-255,66,18492,50,210035
5066,0.000119,172.217.194.0-255,7156,25648,50,210035
5067,0.000121,172.31.46.0-255,66,25714,50,210035
5068,0.000124,172.217.194.0-255,1484,27198,50,210035
5069,0.000125,172.31.46.0-255,66,27264,50,210035
5070,0.000143,172.217.194.0-255,3961,31225,50,210035
5071,0.000145,172.31.46.0-255,66,31291,50,210035
5072,0.000218,172.217.194.0-255,1484,32775,50,210035
5073,0.00022,172.31.46.0-255,66,32841,50,210035
5074,0.000225,172.217.194.0-255,2902,35743,50,210035
5075,0.000227,172.31.46.0-255,66,35809,50,210035
5076,0.000237,172.217.194.0-255,1484,37293,50,210035
5077,0.000239,172.31.46.0-255,66,37359,50,210035
5078,0.000263,172.217.194.0-255,2902,40261,50,210035
5079,0.000265,172.31.46.0-255,66,40327,50,210035
5080,0.00027,172.217.194.0-255,5738,46065,50,210035
5081,0.000272,172.31.46.0-255,66,46131,50,210035
5082,0.000277,172.217.194.0-255,4320,50451,50,210035
5083,0.000279,172.31.46.0-255,66,50517,50,210035
5084,0.000313,172.31.46.0-255,66,50583,50,210035
5085,0.00032,172.217.194.0-255,6797,57380,50,210035
5086,0.000433,172.31.46.0-255,66,57446,50,210035
5087,0.000493,172.217.194.0-255,364,57810,50,210035
5088,0.000534,172.217.194.0-255,378,58188,50,210035
5089,0.000695,172.217.194.0-255,1484,59672,50,210035
5090,0.00071,172.31.46.0-255,66,59738,50,210035
5091,0.000715,172.217.194.0-255,2902,62640,50,210035
5092,0.000719,172.31.46.0-255,66,62706,50,210035
5093,0.000733,172.217.194.0-255,5738,68444,50,210035
5094,0.000761,172.217.194.0-255,4320,72764,50,210035
5095,0.000765,172.31.46.0-255,66,72830,50,210035
5096,0.000803,172.31.46.0-255,66,72896,50,210035
5097,0.000813,172.217.194.0-255,2902,75798,50,210035
5098,0.000817,172.31.46.0-255,66,75864,50,210035
5099,0.000851,172.31.46.0-255,66,75930,50,210035
5100,0.00086,172.217.194.0-255,2902,78832,50,210035
5101,0.000875,172.217.194.0-255,7156,85988,50,210035
5102,0.000877,172.217.194.0-255,1484,87472,50,210035
5103,0.000886,172.31.46.0-255,66,87538,50,210035
5104,0.000918,172.217.194.0-255,2902,90440,50,210035
5105,0.000923,172.31.46.0-255,66,90506,50,210035
5106,0.000952,172.31.46.0-255,66,90572,50,210035
5107,0.000959,172.217.194.0-255,1484,92056,50,210035
5108,0.000979,172.217.194.0-255,2902,94958,50,210035
5109,0.000981,172.217.194.0-255,1484,96442,50,210035
5110,0.000987,172.31.46.0-255,66,96508,50,210035
5111,0.001005,172.217.194.0-255,4320,100828,50,210035
5112,0.001011,172.217.194.0-255,4320,105148,50,210035
5113,0.001015,172.31.46.0-255,66,105214,50,210035
5114,0.001049,172.217.194.0-255,766,105980,50,210035
5115,0.001053,172.31.46.0-255,66,106046,50,210035
5116,0.001088,172.217.194.0-255,1484,107530,50,210035
5117,0.001091,172.217.194.0-255,1484,109014,50,210035
5118,0.0011,172.31.46.0-255,66,109080,50,210035
5119,0.001111,172.217.194.0-255,2902,111982,50,210035
5120,0.001123,172.217.194.0-255,1125,113107,50,210035
5121,0.001146,172.31.46.0-255,66,113173,50,210035
5122,0.001891,172.217.194.0-255,1484,114657,50,210035
5123,0.001896,172.217.194.0-255,2902,117559,50,210035
5124,0.001899,172.31.46.0-255,66,117625,50,210035
5125,0.001925,172.217.194.0-255,5738,123363,50,210035
5126,0.001949,172.31.46.0-255,66,123429,50,210035
5127,0.001966,172.217.194.0-255,6797,130226,50,210035
5128,0.001972,172.31.46.0-255,66,130292,50,210035
5129,0.003973,172.217.194.0-255,5738,136030,50,210035
5130,0.00398,172.31.46.0-255,66,136096,50,210035
5131,0.006004,172.217.194.0-255,5738,141834,50,210035
5132,0.007319,172.31.46.0-255,66,141900,50,210035
5133,0.009328,172.217.194.0-255,5738,147638,50,210035
5134,0.009334,172.31.46.0-255,66,147704,50,210035
5135,0.011342,172.217.194.0-255,5738,153442,50,210035
5136,0.011784,172.31.46.0-255,66,153508,50,210035
5137,0.013797,172.217.194.0-255,5738,159246,50,210035
5138,0.013808,172.31.46.0-255,66,159312,50,210035
5139,0.015822,172.217.194.0-255,5738,165050,50,210035
5140,0.015828,172.31.46.0-255,66,165116,50,210035
5141,0.01782,172.217.194.0-255,5738,170854,50,210035
5142,0.017827,172.31.46.0-255,66,170920,50,210035
5143,0.019836,172.217.194.0-255,5738,176658,50,210035
5144,0.019842,172.31.46.0-255,66,176724,50,210035
5145,0.021865,172.217.194.0-255,5738,182462,50,210035
5146,0.021872,172.31.46.0-255,66,182528,50,210035
5147,0.023897,172.217.194.0-255,5738,188266,50,210035
5148,0.023905,172.31.46.0-255,66,188332,50,210035
5149,0.025911,172.217.194.0-255,5738,194070,50,210035
5150,0.025917,172.31.46.0-255,66,194136,50,210035
5151,0.027291,172.31.46.0-255,172,194308,50,210035
5152,0.027321,172.31.46.0-255,1113,195421,50,210035
5153,0.027372,172.31.46.0-255,1514,196935,50,210035
5154,0.027373,172.31.46.0-255,1294,198229,50,210035
5155,0.027913,172.217.194.0-255,5738,203967,50,210035
5156,0.027919,172.31.46.0-255,66,204033,50,210035
5157,0.028834,104.244.42.0-255,66,204099,50,210035
5158,0.028901,104.244.42.0-255,66,204165,50,210035
5159,0.02895,104.244.42.0-255,66,204231,50,210035
5160,0.029933,172.217.194.0-255,5738,209969,50,210035
5161,0.029938,172.31.46.0-255,66,210035,50,210035
5162,0.0,74.125.24.0-255,153,153,50,239484
5163,1.6e-05,172.31.46.0-255,66,219,50,239484
5164,2.3e-05,74.125.24.0-255,1484,1703,50,239484
5165,2.8e-05,172.31.46.0-255,66,1769,50,239484
5166,3.5e-05,74.125.24.0-255,2902,4671,50,239484
5167,3.8e-05,172.31.46.0-255,66,4737,50,239484
5168,4.2e-05,74.125.24.0-255,2902,7639,50,239484
5169,4.5e-05,172.31.46.0-255,66,7705,50,239484
5170,7.2e-05,74.125.24.0-255,6357,14062,50,239484
5171,7.5e-05,172.31.46.0-255,66,14128,50,239484
5172,0.000111,74.125.24.0-255,7156,21284,50,239484
5173,0.000113,172.31.46.0-255,66,21350,50,239484
5174,0.00012,74.125.24.0-255,7156,28506,50,239484
5175,0.000122,172.31.46.0-255,66,28572,50,239484
5176,0.000163,74.125.24.0-255,2543,31115,50,239484
5177,0.000166,172.31.46.0-255,66,31181,50,239484
5178,0.000369,74.125.24.0-255,1484,32665,50,239484
5179,0.000374,172.31.46.0-255,66,32731,50,239484
5180,0.00038,74.125.24.0-255,2902,35633,50,239484
5181,0.000382,172.31.46.0-255,66,35699,50,239484
5182,0.000387,74.125.24.0-255,2902,38601,50,239484
5183,0.00039,172.31.46.0-255,66,38667,50,239484
5184,0.000411,74.125.24.0-255,2902,41569,50,239484
5185,0.000414,172.31.46.0-255,66,41635,50,239484
5186,0.000417,74.125.24.0-255,1484,43119,50,239484
5187,0.00042,172.31.46.0-255,66,43185,50,239484
5188,0.000447,74.125.24.0-255,5379,48564,50,239484
5189,0.00045,172.31.46.0-255,66,48630,50,239484
5190,0.000663,74.125.24.0-255,1484,50114,50,239484
5191,0.000668,172.31.46.0-255,66,50180,50,239484
5192,0.000672,74.125.24.0-255,2902,53082,50,239484
5193,0.000675,172.31.46.0-255,66,53148,50,239484
5194,0.00068,74.125.24.0-255,2902,56050,50,239484
5195,0.000682,172.31.46.0-255,66,56116,50,239484
5196,0.000701,74.125.24.0-255,2902,59018,50,239484
5197,0.000703,172.31.46.0-255,66,59084,50,239484
5198,0.000724,74.125.24.0-255,1484,60568,50,239484
5199,0.000748,74.125.24.0-255,5379,65947,50,239484
5200,0.00075,172.31.46.0-255,66,66013,50,239484
5201,0.000928,74.125.24.0-255,1484,67497,50,239484
5202,0.000934,74.125.24.0-255,2902,70399,50,239484
5203,0.000937,172.31.46.0-255,66,70465,50,239484
5204,0.00097,74.125.24.0-255,5738,76203,50,239484
5205,0.000973,172.31.46.0-255,66,76269,50,239484
5206,0.000977,74.125.24.0-255,2902,79171,50,239484
5207,0.000979,172.31.46.0-255,66,79237,50,239484
5208,0.000992,74.125.24.0-255,3961,83198,50,239484
5209,0.000994,172.31.46.0-255,66,83264,50,239484
5210,0.001,74.125.24.0-255,5738,89002,50,239484
5211,0.001002,172.31.46.0-255,66,89068,50,239484
5212,0.001034,172.31.46.0-255,66,89134,50,239484
5213,0.001038,74.125.24.0-255,2902,92036,50,239484
5214,0.00104,172.31.46.0-255,66,92102,50,239484
5215,0.001051,74.125.24.0-255,288,92390,50,239484
5216,0.001264,74.125.24.0-255,1484,93874,50,239484
5217,0.001268,74.125.24.0-255,2902,96776,50,239484
5218,0.001273,172.31.46.0-255,66,96842,50,239484
5219,0.001276,172.31.46.0-255,66,96908,50,239484
5220,0.001289,74.125.24.0-255,5738,102646,50,239484
5221,0.001291,172.31.46.0-255,66,102712,50,239484
5222,0.001312,74.125.24.0-255,5738,108450,50,239484
5223,0.001315,172.31.46.0-255,66,108516,50,239484
5224,0.001336,74.125.24.0-255,7156,115672,50,239484
5225,0.001338,172.31.46.0-255,66,115738,50,239484
5226,0.00135,172.31.46.0-255,66,115804,50,239484
5227,0.001519,74.125.24.0-255,1484,117288,50,239484
5228,0.001524,74.125.24.0-255,2902,120190,50,239484
5229,0.001527,172.31.46.0-255,66,120256,50,239484
5230,0.00153,74.125.24.0-255,1484,121740,50,239484
5231,0.00155,74.125.24.0-255,4320,126060,50,239484
5232,0.001552,172.31.46.0-255,66,126126,50,239484
5233,0.001571,74.125.24.0-255,4320,130446,50,239484
5234,0.001573,172.31.46.0-255,66,130512,50,239484
5235,0.001595,172.31.46.0-255,66,130578,50,239484
5236,0.001601,74.125.24.0-255,7156,137734,50,239484
5237,0.001603,172.31.46.0-255,66,137800,50,239484
5238,0.001626,74.125.24.0-255,3602,141402,50,239484
5239,0.001628,172.31.46.0-255,66,141468,50,239484
5240,0.002304,74.125.24.0-255,1484,142952,50,239484
5241,0.002314,74.125.24.0-255,2902,145854,50,239484
5242,0.002318,172.31.46.0-255,66,145920,50,239484
5243,0.002326,74.125.24.0-255,5738,151658,50,239484
5244,0.002328,172.31.46.0-255,66,151724,50,239484
5245,0.002335,74.125.24.0-255,7156,158880,50,239484
5246,0.002336,172.31.46.0-255,66,158946,50,239484
5247,0.002362,74.125.24.0-255,5738,164684,50,239484
5248,0.002363,172.31.46.0-255,66,164750,50,239484
5249,0.00237,74.125.24.0-255,7156,171906,50,239484
5250,0.002372,172.31.46.0-255,66,171972,50,239484
5251,0.002377,74.125.24.0-255,3602,175574,50,239484
5252,0.002379,172.31.46.0-255,66,175640,50,239484
5253,0.004726,74.125.24.0-255,5738,181378,50,239484
5254,0.004733,172.31.46.0-255,66,181444,50,239484
5255,0.007061,74.125.24.0-255,5738,187182,50,239484
5256,0.007066,172.31.46.0-255,66,187248,50,239484
5257,0.009403,74.125.24.0-255,5738,192986,50,239484
5258,0.00941,172.31.46.0-255,66,193052,50,239484
5259,0.011753,74.125.24.0-255,5738,198790,50,239484
5260,0.011761,172.31.46.0-255,66,198856,50,239484
5261,0.014157,74.125.24.0-255,5738,204594,50,239484
5262,0.014173,172.31.46.0-255,66,204660,50,239484
5263,0.01654,74.125.24.0-255,5738,210398,50,239484
5264,0.01656,172.31.46.0-255,66,210464,50,239484
5265,0.018929,74.125.24.0-255,5738,216202,50,239484
5266,0.01894,172.31.46.0-255,66,216268,50,239484
5267,0.02131,74.125.24.0-255,5738,222006,50,239484
5268,0.021317,172.31.46.0-255,66,222072,50,239484
5269,0.023651,74.125.24.0-255,5738,227810,50,239484
5270,0.023658,172.31.46.0-255,66,227876,50,239484
5271,0.025985,74.125.24.0-255,5738,233614,50,239484
5272,0.025995,172.31.46.0-255,66,233680,50,239484
5273,0.02832,74.125.24.0-255,5738,239418,50,239484
5274,0.028328,172.31.46.0-255,66,239484,50,239484
5275,0.0,74.125.24.0-255,153,153,50,212255
5276,1.1e-05,172.31.46.0-255,66,219,50,212255
5277,3.1e-05,74.125.24.0-255,1484,1703,50,212255
5278,3.5e-05,172.31.46.0-255,66,1769,50,212255
5279,5.7e-05,74.125.24.0-255,2902,4671,50,212255
5280,5.9e-05,172.31.46.0-255,66,4737,50,212255
5281,6.4e-05,74.125.24.0-255,2902,7639,50,212255
5282,6.5e-05,172.31.46.0-255,66,7705,50,212255
5283,8.3e-05,74.125.24.0-255,4320,12025,50,212255
5284,8.5e-05,172.31.46.0-255,66,12091,50,212255
5285,0.000111,74.125.24.0-255,3491,15582,50,212255
5286,0.000113,172.31.46.0-255,66,15648,50,212255
5287,0.000118,74.125.24.0-255,4320,19968,50,212255
5288,0.000119,172.31.46.0-255,66,20034,50,212255
5289,0.000156,172.31.46.0-255,66,20100,50,212255
5290,0.000173,74.125.24.0-255,1125,21225,50,212255
5291,0.000175,172.31.46.0-255,66,21291,50,212255
5292,0.000325,74.125.24.0-255,1484,22775,50,212255
5293,0.000329,172.31.46.0-255,66,22841,50,212255
5294,0.000334,74.125.24.0-255,2902,25743,50,212255
5295,0.000336,172.31.46.0-255,66,25809,50,212255
5296,0.000354,74.125.24.0-255,4320,30129,50,212255
5297,0.000356,172.31.46.0-255,66,30195,50,212255
5298,0.00038,74.125.24.0-255,1484,31679,50,212255
5299,0.000382,172.31.46.0-255,66,31745,50,212255
5300,0.000392,172.31.46.0-255,66,31811,50,212255
5301,0.000422,74.125.24.0-255,1484,33295,50,212255
5302,0.000424,172.31.46.0-255,66,33361,50,212255
5303,0.000437,74.125.24.0-255,5738,39099,50,212255
5304,0.000441,172.31.46.0-255,66,39165,50,212255
5305,0.000463,172.31.46.0-255,66,39231,50,212255
5306,0.000486,74.125.24.0-255,108,39339,50,212255
5307,0.000489,74.125.24.0-255,331,39670,50,212255
5308,0.0008,74.125.24.0-255,1484,41154,50,212255
5309,0.000804,172.31.46.0-255,66,41220,50,212255
5310,0.000809,74.125.24.0-255,2902,44122,50,212255
5311,0.000811,172.31.46.0-255,66,44188,50,212255
5312,0.000815,74.125.24.0-255,2902,47090,50,212255
5313,0.000817,172.31.46.0-255,66,47156,50,212255
5314,0.000858,74.125.24.0-255,2902,50058,50,212255
5315,0.000861,172.31.46.0-255,66,50124,50,212255
5316,0.000872,172.31.46.0-255,66,50190,50,212255
5317,0.000875,74.125.24.0-255,1484,51674,50,212255
5318,0.00091,172.31.46.0-255,66,51740,50,212255
5319,0.001133,74.125.24.0-255,1484,53224,50,212255
5320,0.001153,74.125.24.0-255,2902,56126,50,212255
5321,0.001156,172.31.46.0-255,66,56192,50,212255
5322,0.001162,74.125.24.0-255,5738,61930,50,212255
5323,0.001164,172.31.46.0-255,66,61996,50,212255
5324,0.001195,172.31.46.0-255,66,62062,50,212255
5325,0.001239,74.125.24.0-255,5738,67800,50,212255
5326,0.001242,172.31.46.0-255,66,67866,50,212255
5327,0.001268,172.31.46.0-255,66,67932,50,212255
5328,0.001741,74.125.24.0-255,1484,69416,50,212255
5329,0.001761,74.125.24.0-255,2902,72318,50,212255
5330,0.001765,172.31.46.0-255,66,72384,50,212255
5331,0.00179,74.125.24.0-255,5738,78122,50,212255
5332,0.001793,172.31.46.0-255,66,78188,50,212255
5333,0.001801,74.125.24.0-255,7156,85344,50,212255
5334,0.001803,172.31.46.0-255,66,85410,50,212255
5335,0.001836,74.125.24.0-255,7156,92566,50,212255
5336,0.001839,172.31.46.0-255,66,92632,50,212255
5337,0.001864,74.125.24.0-255,1484,94116,50,212255
5338,0.001879,172.31.46.0-255,66,94182,50,212255
5339,0.001893,172.31.46.0-255,66,94248,50,212255
5340,0.00191,74.125.24.0-255,2902,97150,50,212255
5341,0.001912,172.31.46.0-255,66,97216,50,212255
5342,0.00194,172.31.46.0-255,66,97282,50,212255
5343,0.001945,74.125.24.0-255,2902,100184,50,212255
5344,0.001947,172.31.46.0-255,66,100250,50,212255
5345,0.001952,74.125.24.0-255,4320,104570,50,212255
5346,0.001955,172.31.46.0-255,66,104636,50,212255
5347,0.001958,74.125.24.0-255,1484,106120,50,212255
5348,0.001984,74.125.24.0-255,7156,113276,50,212255
5349,0.001987,172.31.46.0-255,66,113342,50,212255
5350,0.002023,172.31.46.0-255,66,113408,50,212255
5351,0.002026,74.125.24.0-255,766,114174,50,212255
5352,0.002056,74.125.24.0-255,1484,115658,50,212255
5353,0.002059,172.31.46.0-255,66,115724,50,212255
5354,0.002066,74.125.24.0-255,4320,120044,50,212255
5355,0.002068,172.31.46.0-255,66,120110,50,212255
5356,0.00209,74.125.24.0-255,1484,121594,50,212255
5357,0.002107,74.125.24.0-255,5738,127332,50,212255
5358,0.002111,172.31.46.0-255,66,127398,50,212255
5359,0.002115,74.125.24.0-255,2902,130300,50,212255
5360,0.002117,172.31.46.0-255,66,130366,50,212255
5361,0.002133,172.31.46.0-255,66,130432,50,212255
5362,0.002152,74.125.24.0-255,1484,131916,50,212255
5363,0.002156,74.125.24.0-255,1484,133400,50,212255
5364,0.002158,172.31.46.0-255,66,133466,50,212255
5365,0.002164,74.125.24.0-255,5020,138486,50,212255
5366,0.002167,172.31.46.0-255,66,138552,50,212255
5367,0.002279,74.125.24.0-255,1484,140036,50,212255
5368,0.002303,74.125.24.0-255,2902,142938,50,212255
5369,0.002308,172.31.46.0-255,66,143004,50,212255
5370,0.002315,74.125.24.0-255,5738,148742,50,212255
5371,0.002317,172.31.46.0-255,66,148808,50,212255
5372,0.002359,172.31.46.0-255,66,148874,50,212255
5373,0.002374,74.125.24.0-255,2902,151776,50,212255
5374,0.002377,172.31.46.0-255,66,151842,50,212255
5375,0.002402,74.125.24.0-255,4320,156162,50,212255
5376,0.002406,172.31.46.0-255,66,156228,50,212255
5377,0.002423,74.125.24.0-255,6438,162666,50,212255
5378,0.002426,172.31.46.0-255,66,162732,50,212255
5379,0.002447,74.125.24.0-255,1484,164216,50,212255
5380,0.002452,74.125.24.0-255,2902,167118,50,212255
5381,0.002454,172.31.46.0-255,66,167184,50,212255
5382,0.00248,74.125.24.0-255,5738,172922,50,212255
5383,0.002483,172.31.46.0-255,66,172988,50,212255
5384,0.002486,74.125.24.0-255,1484,174472,50,212255
5385,0.0025,74.125.24.0-255,2902,177374,50,212255
5386,0.002502,172.31.46.0-255,66,177440,50,212255
5387,0.00253,74.125.24.0-255,4320,181760,50,212255
5388,0.002533,172.31.46.0-255,66,181826,50,212255
5389,0.00254,74.125.24.0-255,7156,188982,50,212255
5390,0.002543,172.31.46.0-255,66,189048,50,212255
5391,0.00256,74.125.24.0-255,1484,190532,50,212255
5392,0.002565,74.125.24.0-255,4320,194852,50,212255
5393,0.002568,172.31.46.0-255,66,194918,50,212255
5394,0.002584,74.125.24.0-255,1484,196402,50,212255
5395,0.002587,74.125.24.0-255,1484,197886,50,212255
5396,0.002589,172.31.46.0-255,66,197952,50,212255
5397,0.002661,172.31.46.0-255,66,198018,50,212255
5398,0.002681,74.125.24.0-255,3602,201620,50,212255
5399,0.002683,172.31.46.0-255,66,201686,50,212255
5400,0.002696,172.31.46.0-255,66,201752,50,212255
5401,0.002717,172.31.46.0-255,66,201818,50,212255
5402,0.00273,74.125.24.0-255,1484,203302,50,212255
5403,0.002762,172.31.46.0-255,66,203368,50,212255
5404,0.002778,74.125.24.0-255,4320,207688,50,212255
5405,0.00278,172.31.46.0-255,66,207754,50,212255
5406,0.002814,172.31.46.0-255,66,207820,50,212255
5407,0.002817,74.125.24.0-255,105,207925,50,212255
5408,0.006188,172.31.46.0-255,66,207991,50,212255
5409,0.006222,172.31.46.0-255,105,208096,50,212255
5410,0.008273,74.125.24.0-255,66,208162,50,212255
5411,0.029677,172.31.46.0-255,172,208334,50,212255
5412,0.029714,172.31.46.0-255,1113,209447,50,212255
5413,0.029771,172.31.46.0-255,1514,210961,50,212255
5414,0.029773,172.31.46.0-255,1294,212255,50,212255
5415,0.0,172.217.194.0-255,153,153,50,264191
5416,2.5e-05,172.31.46.0-255,66,219,50,264191
5417,3.3e-05,172.217.194.0-255,1484,1703,50,264191
5418,3.8e-05,172.31.46.0-255,66,1769,50,264191
5419,4.4e-05,172.217.194.0-255,2902,4671,50,264191
5420,5.4e-05,172.31.46.0-255,66,4737,50,264191
5421,6.3e-05,172.217.194.0-255,7156,11893,50,264191
5422,6.6e-05,172.31.46.0-255,66,11959,50,264191
5423,0.000127,172.31.46.0-255,66,12025,50,264191
5424,0.000155,172.31.46.0-255,66,12091,50,264191
5425,0.00016,172.217.194.0-255,2902,14993,50,264191
5426,0.000162,172.31.46.0-255,66,15059,50,264191
5427,0.000186,172.217.194.0-255,5738,20797,50,264191
5428,0.000192,172.31.46.0-255,66,20863,50,264191
5429,0.000233,172.217.194.0-255,1484,22347,50,264191
5430,0.000236,172.31.46.0-255,66,22413,50,264191
5431,0.000267,172.217.194.0-255,6797,29210,50,264191
5432,0.00027,172.31.46.0-255,66,29276,50,264191
5433,0.000729,172.217.194.0-255,1484,30760,50,264191
5434,0.000734,172.31.46.0-255,66,30826,50,264191
5435,0.000742,172.217.194.0-255,2902,33728,50,264191
5436,0.000744,172.31.46.0-255,66,33794,50,264191
5437,0.000751,172.217.194.0-255,5738,39532,50,264191
5438,0.000758,172.31.46.0-255,66,39598,50,264191
5439,0.000764,172.217.194.0-255,5738,45336,50,264191
5440,0.000767,172.31.46.0-255,66,45402,50,264191
5441,0.000821,172.31.46.0-255,66,45468,50,264191
5442,0.000849,172.217.194.0-255,1704,47172,50,264191
5443,0.000853,172.31.46.0-255,66,47238,50,264191
5444,0.000859,172.217.194.0-255,5379,52617,50,264191
5445,0.000861,172.31.46.0-255,66,52683,50,264191
5446,0.000867,172.217.194.0-255,5738,58421,50,264191
5447,0.000869,172.31.46.0-255,66,58487,50,264191
5448,0.000882,172.217.194.0-255,7156,65643,50,264191
5449,0.000886,172.31.46.0-255,66,65709,50,264191
5450,0.000905,172.217.194.0-255,1484,67193,50,264191
5451,0.000928,172.217.194.0-255,2543,69736,50,264191
5452,0.000931,172.31.46.0-255,66,69802,50,264191
5453,0.000964,172.217.194.0-255,1484,71286,50,264191
5454,0.000978,172.217.194.0-255,2902,74188,50,264191
5455,0.000981,172.31.46.0-255,66,74254,50,264191
5456,0.001011,172.217.194.0-255,5738,79992,50,264191
5457,0.001014,172.31.46.0-255,66,80058,50,264191
5458,0.001021,172.217.194.0-255,6235,86293,50,264191
5459,0.001023,172.31.46.0-255,66,86359,50,264191
5460,0.001123,172.217.194.0-255,1484,87843,50,264191
5461,0.001145,172.217.194.0-255,2902,90745,50,264191
5462,0.001148,172.31.46.0-255,66,90811,50,264191
5463,0.001152,172.217.194.0-255,1484,92295,50,264191
5464,0.001165,172.217.194.0-255,4320,96615,50,264191
5465,0.001167,172.31.46.0-255,66,96681,50,264191
5466,0.001177,172.217.194.0-255,5738,102419,50,264191
5467,0.001179,172.31.46.0-255,66,102485,50,264191
5468,0.001223,172.31.46.0-255,66,102551,50,264191
5469,0.001245,172.217.194.0-255,5020,107571,50,264191
5470,0.001247,172.31.46.0-255,66,107637,50,264191
5471,0.001252,172.217.194.0-255,2902,110539,50,264191
5472,0.001255,172.31.46.0-255,66,110605,50,264191
5473,0.001292,172.217.194.0-255,2902,113507,50,264191
5474,0.001295,172.31.46.0-255,66,113573,50,264191
5475,0.001302,172.217.194.0-255,5738,119311,50,264191
5476,0.001304,172.31.46.0-255,66,119377,50,264191
5477,0.001311,172.217.194.0-255,7156,126533,50,264191
5478,0.001314,172.31.46.0-255,66,126599,50,264191
5479,0.001348,172.217.194.0-255,5738,132337,50,264191
5480,0.001352,172.31.46.0-255,66,132403,50,264191
5481,0.001361,172.31.46.0-255,66,132469,50,264191
5482,0.001435,172.31.46.0-255,66,132535,50,264191
5483,0.001467,172.217.194.0-255,7156,139691,50,264191
5484,0.00147,172.31.46.0-255,66,139757,50,264191
5485,0.00149,172.31.46.0-255,66,139823,50,264191
5486,0.001495,172.217.194.0-255,4320,144143,50,264191
5487,0.001498,172.31.46.0-255,66,144209,50,264191
5488,0.001504,172.217.194.0-255,5738,149947,50,264191
5489,0.001506,172.31.46.0-255,66,150013,50,264191
5490,0.001518,172.31.46.0-255,66,150079,50,264191
5491,0.001545,172.217.194.0-255,2902,152981,50,264191
5492,0.001547,172.31.46.0-255,66,153047,50,264191
5493,0.001565,172.31.46.0-255,66,153113,50,264191
5494,0.001609,172.217.194.0-255,1484,154597,50,264191
5495,0.001617,172.217.194.0-255,1484,156081,50,264191
5496,0.00162,172.31.46.0-255,66,156147,50,264191
5497,0.00165,172.217.194.0-255,1484,157631,50,264191
5498,0.001657,172.217.194.0-255,5738,163369,50,264191
5499,0.00166,172.31.46.0-255,66,163435,50,264191
5500,0.001673,172.31.46.0-255,66,163501,50,264191
5501,0.001685,172.217.194.0-255,7156,170657,50,264191
5502,0.001687,172.31.46.0-255,66,170723,50,264191
5503,0.00172,172.217.194.0-255,3602,174325,50,264191
5504,0.001722,172.31.46.0-255,66,174391,50,264191
5505,0.001727,172.217.194.0-255,2902,177293,50,264191
5506,0.001729,172.31.46.0-255,66,177359,50,264191
5507,0.001752,172.217.194.0-255,4320,181679,50,264191
5508,0.001758,172.31.46.0-255,66,181745,50,264191
5509,0.00177,172.31.46.0-255,66,181811,50,264191
5510,0.001815,172.217.194.0-255,766,182577,50,264191
5511,0.001819,172.31.46.0-255,66,182643,50,264191
5512,0.001853,172.217.194.0-255,1484,184127,50,264191
5513,0.001856,172.31.46.0-255,66,184193,50,264191
5514,0.001861,172.217.194.0-255,2902,187095,50,264191
5515,0.001863,172.31.46.0-255,66,187161,50,264191
5516,0.001886,172.217.194.0-255,1484,188645,50,264191
5517,0.001902,172.31.46.0-255,66,188711,50,264191
5518,0.001909,172.217.194.0-255,7156,195867,50,264191
5519,0.001912,172.31.46.0-255,66,195933,50,264191
5520,0.00194,172.217.194.0-255,4320,200253,50,264191
5521,0.001947,172.31.46.0-255,66,200319,50,264191
5522,0.001954,172.217.194.0-255,6438,206757,50,264191
5523,0.001956,172.31.46.0-255,66,206823,50,264191
5524,0.001964,172.217.194.0-255,7156,213979,50,264191
5525,0.001966,172.31.46.0-255,66,214045,50,264191
5526,0.001988,172.217.194.0-255,4320,218365,50,264191
5527,0.001997,172.31.46.0-255,66,218431,50,264191
5528,0.002025,172.31.46.0-255,66,218497,50,264191
5529,0.002028,172.217.194.0-255,1484,219981,50,264191
5530,0.002085,172.217.194.0-255,4320,224301,50,264191
5531,0.002087,172.31.46.0-255,66,224367,50,264191
5532,0.002113,172.217.194.0-255,5020,229387,50,264191
5533,0.002116,172.31.46.0-255,66,229453,50,264191
5534,0.004144,172.217.194.0-255,5738,235191,50,264191
5535,0.004153,172.31.46.0-255,66,235257,50,264191
5536,0.006176,172.217.194.0-255,5738,240995,50,264191
5537,0.006188,172.31.46.0-255,66,241061,50,264191
5538,0.008198,172.217.194.0-255,2902,243963,50,264191
5539,0.008202,172.31.46.0-255,66,244029,50,264191
5540,0.008229,172.217.194.0-255,2902,246931,50,264191
5541,0.008231,172.31.46.0-255,66,246997,50,264191
5542,0.010225,172.217.194.0-255,5738,252735,50,264191
5543,0.010234,172.31.46.0-255,66,252801,50,264191
5544,0.012236,172.217.194.0-255,5220,258021,50,264191
5545,0.012248,172.31.46.0-255,66,258087,50,264191
5546,0.017918,172.31.46.0-255,105,258192,50,264191
5547,0.019915,172.217.194.0-255,66,258258,50,264191
5548,0.028727,172.31.46.0-255,164,258422,50,264191
5549,0.028766,172.31.46.0-255,1122,259544,50,264191
5550,0.028837,172.31.46.0-255,1514,261058,50,264191
5551,0.028839,172.31.46.0-255,1514,262572,50,264191
5552,0.02884,172.31.46.0-255,1514,264086,50,264191
5553,0.028841,172.31.46.0-255,105,264191,50,264191
5554,0.0,74.125.24.0-255,152,152,50,204111
5555,2.1e-05,172.31.46.0-255,66,218,50,204111
5556,2.8e-05,74.125.24.0-255,1484,1702,50,204111
5557,3.3e-05,172.31.46.0-255,66,1768,50,204111
5558,3.9e-05,74.125.24.0-255,2902,4670,50,204111
5559,4.2e-05,172.31.46.0-255,66,4736,50,204111
5560,5e-05,74.125.24.0-255,7156,11892,50,204111
5561,5.3e-05,172.31.46.0-255,66,11958,50,204111
5562,9.8e-05,74.125.24.0-255,2075,14033,50,204111
5563,0.0001,172.31.46.0-255,66,14099,50,204111
5564,0.000244,74.125.24.0-255,1484,15583,50,204111
5565,0.000248,172.31.46.0-255,66,15649,50,204111
5566,0.000253,74.125.24.0-255,2902,18551,50,204111
5567,0.000256,172.31.46.0-255,66,18617,50,204111
5568,0.000285,74.125.24.0-255,5738,24355,50,204111
5569,0.000287,172.31.46.0-255,66,24421,50,204111
5570,0.000318,74.125.24.0-255,2902,27323,50,204111
5571,0.000321,172.31.46.0-255,66,27389,50,204111
5572,0.00034,74.125.24.0-255,3961,31350,50,204111
5573,0.000343,172.31.46.0-255,66,31416,50,204111
5574,0.000403,74.125.24.0-255,1484,32900,50,204111
5575,0.000406,172.31.46.0-255,66,32966,50,204111
5576,0.00042,74.125.24.0-255,2902,35868,50,204111
5577,0.000423,172.31.46.0-255,66,35934,50,204111
5578,0.00043,74.125.24.0-255,5738,41672,50,204111
5579,0.000432,172.31.46.0-255,66,41738,50,204111
5580,0.000459,74.125.24.0-255,1484,43222,50,204111
5581,0.000461,172.31.46.0-255,66,43288,50,204111
5582,0.000486,74.125.24.0-255,5379,48667,50,204111
5583,0.000489,172.31.46.0-255,66,48733,50,204111
5584,0.001134,74.125.24.0-255,1484,50217,50,204111
5585,0.001141,172.31.46.0-255,66,50283,50,204111
5586,0.00115,74.125.24.0-255,2902,53185,50,204111
5587,0.001153,172.31.46.0-255,66,53251,50,204111
5588,0.001157,74.125.24.0-255,2902,56153,50,204111
5589,0.00116,172.31.46.0-255,66,56219,50,204111
5590,0.001193,74.125.24.0-255,2902,59121,50,204111
5591,0.001196,172.31.46.0-255,66,59187,50,204111
5592,0.001204,74.125.24.0-255,6797,65984,50,204111
5593,0.001206,172.31.46.0-255,66,66050,50,204111
5594,0.001419,74.125.24.0-255,1484,67534,50,204111
5595,0.001428,74.125.24.0-255,2902,70436,50,204111
5596,0.001433,172.31.46.0-255,66,70502,50,204111
5597,0.001437,74.125.24.0-255,1484,71986,50,204111
5598,0.001455,74.125.24.0-255,4320,76306,50,204111
5599,0.001457,172.31.46.0-255,66,76372,50,204111
5600,0.00146,74.125.24.0-255,1484,77856,50,204111
5601,0.00148,74.125.24.0-255,5379,83235,50,204111
5602,0.001483,172.31.46.0-255,66,83301,50,204111
5603,0.00149,74.125.24.0-255,7156,90457,50,204111
5604,0.001492,172.31.46.0-255,66,90523,50,204111
5605,0.001537,172.31.46.0-255,66,90589,50,204111
5606,0.001547,172.31.46.0-255,66,90655,50,204111
5607,0.001563,74.125.24.0-255,2069,92724,50,204111
5608,0.001565,172.31.46.0-255,66,92790,50,204111
5609,0.001585,74.125.24.0-255,7156,99946,50,204111
5610,0.001589,172.31.46.0-255,66,100012,50,204111
5611,0.001612,172.31.46.0-255,66,100078,50,204111
5612,0.001632,74.125.24.0-255,1819,101897,50,204111
5613,0.001635,172.31.46.0-255,66,101963,50,204111
5614,0.001702,74.125.24.0-255,1484,103447,50,204111
5615,0.001709,74.125.24.0-255,2902,106349,50,204111
5616,0.001712,172.31.46.0-255,66,106415,50,204111
5617,0.001734,74.125.24.0-255,5738,112153,50,204111
5618,0.001737,172.31.46.0-255,66,112219,50,204111
5619,0.001774,172.31.46.0-255,66,112285,50,204111
5620,0.001777,74.125.24.0-255,1484,113769,50,204111
5621,0.001801,172.31.46.0-255,66,113835,50,204111
5622,0.001839,74.125.24.0-255,5738,119573,50,204111
5623,0.001842,172.31.46.0-255,66,119639,50,204111
5624,0.001868,74.125.24.0-255,7156,126795,50,204111
5625,0.001872,172.31.46.0-255,66,126861,50,204111
5626,0.001893,74.125.24.0-255,6438,133299,50,204111
5627,0.006305,172.31.46.0-255,66,133365,50,204111
5628,0.008377,74.125.24.0-255,5738,139103,50,204111
5629,0.00839,172.31.46.0-255,66,139169,50,204111
5630,0.01047,74.125.24.0-255,5738,144907,50,204111
5631,0.010483,172.31.46.0-255,66,144973,50,204111
5632,0.012572,74.125.24.0-255,5738,150711,50,204111
5633,0.012587,172.31.46.0-255,66,150777,50,204111
5634,0.014701,74.125.24.0-255,5738,156515,50,204111
5635,0.014715,172.31.46.0-255,66,156581,50,204111
5636,0.016797,74.125.24.0-255,5738,162319,50,204111
5637,0.016812,172.31.46.0-255,66,162385,50,204111
5638,0.018907,74.125.24.0-255,5738,168123,50,204111
5639,0.018917,172.31.46.0-255,66,168189,50,204111
5640,0.02103,74.125.24.0-255,5738,173927,50,204111
5641,0.021041,172.31.46.0-255,66,173993,50,204111
5642,0.02311,74.125.24.0-255,5738,179731,50,204111
5643,0.023118,172.31.46.0-255,66,179797,50,204111
5644,0.025178,74.125.24.0-255,5738,185535,50,204111
5645,0.025186,172.31.46.0-255,66,185601,50,204111
5646,0.027253,74.125.24.0-255,5738,191339,50,204111
5647,0.02726,172.31.46.0-255,66,191405,50,204111
5648,0.028651,172.31.46.0-255,172,191577,50,204111
5649,0.028679,172.31.46.0-255,1113,192690,50,204111
5650,0.028744,172.31.46.0-255,1514,194204,50,204111
5651,0.028746,172.31.46.0-255,1514,195718,50,204111
5652,0.028747,172.31.46.0-255,1514,197232,50,204111
5653,0.028748,172.31.46.0-255,1075,198307,50,204111
5654,0.029342,74.125.24.0-255,5738,204045,50,204111
5655,0.029348,172.31.46.0-255,66,204111,50,204111
5656,0.0,74.125.24.0-255,298,298,50,214338
5657,2.4e-05,172.31.46.0-255,66,364,50,214338
5658,3e-05,74.125.24.0-255,1484,1848,50,214338
5659,3.3e-05,172.31.46.0-255,66,1914,50,214338
5660,3.7e-05,74.125.24.0-255,2902,4816,50,214338
5661,3.9e-05,172.31.46.0-255,66,4882,50,214338
5662,5.6e-05,74.125.24.0-255,1484,6366,50,214338
5663,5.8e-05,172.31.46.0-255,66,6432,50,214338
5664,6.4e-05,74.125.24.0-255,7156,13588,50,214338
5665,6.5e-05,172.31.46.0-255,66,13654,50,214338
5666,8.5e-05,74.125.24.0-255,500,14154,50,214338
5667,8.7e-05,172.31.46.0-255,66,14220,50,214338
5668,0.000298,74.125.24.0-255,1484,15704,50,214338
5669,0.000302,172.31.46.0-255,66,15770,50,214338
5670,0.000309,74.125.24.0-255,2902,18672,50,214338
5671,0.000312,172.31.46.0-255,66,18738,50,214338
5672,0.000316,74.125.24.0-255,2902,21640,50,214338
5673,0.000318,172.31.46.0-255,66,21706,50,214338
5674,0.000337,74.125.24.0-255,2902,24608,50,214338
5675,0.00034,172.31.46.0-255,66,24674,50,214338
5676,0.000372,74.125.24.0-255,2902,27576,50,214338
5677,0.000376,172.31.46.0-255,66,27642,50,214338
5678,0.000398,74.125.24.0-255,3961,31603,50,214338
5679,0.000401,172.31.46.0-255,66,31669,50,214338
5680,0.000511,74.125.24.0-255,1484,33153,50,214338
5681,0.000515,172.31.46.0-255,66,33219,50,214338
5682,0.000519,74.125.24.0-255,2902,36121,50,214338
5683,0.000521,172.31.46.0-255,66,36187,50,214338
5684,0.000524,74.125.24.0-255,1484,37671,50,214338
5685,0.000526,172.31.46.0-255,66,37737,50,214338
5686,0.000549,74.125.24.0-255,4320,42057,50,214338
5687,0.000552,172.31.46.0-255,66,42123,50,214338
5688,0.000555,74.125.24.0-255,1484,43607,50,214338
5689,0.000572,74.125.24.0-255,7156,50763,50,214338
5690,0.000574,172.31.46.0-255,66,50829,50,214338
5691,0.000608,74.125.24.0-255,5379,56208,50,214338
5692,0.000611,172.31.46.0-255,66,56274,50,214338
5693,0.000637,172.31.46.0-255,66,56340,50,214338
5694,0.00064,74.125.24.0-255,396,56736,50,214338
5695,0.000839,74.125.24.0-255,347,57083,50,214338
5696,0.00115,74.125.24.0-255,1484,58567,50,214338
5697,0.001156,172.31.46.0-255,66,58633,50,214338
5698,0.001162,74.125.24.0-255,2902,61535,50,214338
5699,0.001164,172.31.46.0-255,66,61601,50,214338
5700,0.001192,74.125.24.0-255,5738,67339,50,214338
5701,0.001195,172.31.46.0-255,66,67405,50,214338
5702,0.001202,74.125.24.0-255,7156,74561,50,214338
5703,0.001204,172.31.46.0-255,66,74627,50,214338
5704,0.001218,74.125.24.0-255,2902,77529,50,214338
5705,0.00122,172.31.46.0-255,66,77595,50,214338
5706,0.001253,172.31.46.0-255,66,77661,50,214338
5707,0.001256,74.125.24.0-255,2184,79845,50,214338
5708,0.001259,172.31.46.0-255,66,79911,50,214338
5709,0.001537,74.125.24.0-255,1484,81395,50,214338
5710,0.001545,74.125.24.0-255,2902,84297,50,214338
5711,0.001549,172.31.46.0-255,66,84363,50,214338
5712,0.001555,74.125.24.0-255,4320,88683,50,214338
5713,0.001556,172.31.46.0-255,66,88749,50,214338
5714,0.001568,74.125.24.0-255,1484,90233,50,214338
5715,0.001597,172.31.46.0-255,66,90299,50,214338
5716,0.001609,172.31.46.0-255,66,90365,50,214338
5717,0.001891,74.125.24.0-255,1484,91849,50,214338
5718,0.001894,74.125.24.0-255,1484,93333,50,214338
5719,0.001896,172.31.46.0-255,66,93399,50,214338
5720,0.001914,74.125.24.0-255,1484,94883,50,214338
5721,0.00192,74.125.24.0-255,5738,100621,50,214338
5722,0.001922,172.31.46.0-255,66,100687,50,214338
5723,0.001942,74.125.24.0-255,7156,107843,50,214338
5724,0.001944,172.31.46.0-255,66,107909,50,214338
5725,0.001964,74.125.24.0-255,5738,113647,50,214338
5726,0.001966,172.31.46.0-255,66,113713,50,214338
5727,0.001975,172.31.46.0-255,66,113779,50,214338
5728,0.002005,74.125.24.0-255,2184,115963,50,214338
5729,0.002007,172.31.46.0-255,66,116029,50,214338
5730,0.002049,74.125.24.0-255,1484,117513,50,214338
5731,0.00206,74.125.24.0-255,2902,120415,50,214338
5732,0.002063,172.31.46.0-255,66,120481,50,214338
5733,0.002065,74.125.24.0-255,1484,121965,50,214338
5734,0.002078,74.125.24.0-255,4320,126285,50,214338
5735,0.00208,172.31.46.0-255,66,126351,50,214338
5736,0.002109,172.31.46.0-255,66,126417,50,214338
5737,0.002129,74.125.24.0-255,4320,130737,50,214338
5738,0.002131,172.31.46.0-255,66,130803,50,214338
5739,0.002138,74.125.24.0-255,7156,137959,50,214338
5740,0.00214,172.31.46.0-255,66,138025,50,214338
5741,0.002158,74.125.24.0-255,3602,141627,50,214338
5742,0.00216,172.31.46.0-255,66,141693,50,214338
5743,0.004471,74.125.24.0-255,1484,143177,50,214338
5744,0.004488,74.125.24.0-255,4320,147497,50,214338
5745,0.00449,172.31.46.0-255,66,147563,50,214338
5746,0.006793,74.125.24.0-255,5738,153301,50,214338
5747,0.0068,172.31.46.0-255,66,153367,50,214338
5748,0.00909,74.125.24.0-255,5738,159105,50,214338
5749,0.009097,172.31.46.0-255,66,159171,50,214338
5750,0.011386,74.125.24.0-255,5738,164909,50,214338
5751,0.011395,172.31.46.0-255,66,164975,50,214338
5752,0.01369,74.125.24.0-255,5738,170713,50,214338
5753,0.013705,172.31.46.0-255,66,170779,50,214338
5754,0.016006,74.125.24.0-255,5738,176517,50,214338
5755,0.016014,172.31.46.0-255,66,176583,50,214338
5756,0.018325,74.125.24.0-255,5738,182321,50,214338
5757,0.018336,172.31.46.0-255,66,182387,50,214338
5758,0.020645,74.125.24.0-255,5738,188125,50,214338
5759,0.020656,172.31.46.0-255,66,188191,50,214338
5760,0.02297,74.125.24.0-255,5738,193929,50,214338
5761,0.022978,172.31.46.0-255,66,193995,50,214338
5762,0.023016,172.31.46.0-255,164,194159,50,214338
5763,0.023043,172.31.46.0-255,1122,195281,50,214338
5764,0.023153,172.31.46.0-255,1514,196795,50,214338
5765,0.023155,172.31.46.0-255,1285,198080,50,214338
5766,0.024578,104.244.42.0-255,66,198146,50,214338
5767,0.024586,104.244.42.0-255,66,198212,50,214338
5768,0.024733,104.244.42.0-255,66,198278,50,214338
5769,0.025299,74.125.24.0-255,4320,202598,50,214338
5770,0.025302,172.31.46.0-255,66,202664,50,214338
5771,0.025324,74.125.24.0-255,1484,204148,50,214338
5772,0.027596,74.125.24.0-255,4320,208468,50,214338
5773,0.027601,172.31.46.0-255,66,208534,50,214338
5774,0.029895,74.125.24.0-255,5738,214272,50,214338
5775,0.029899,172.31.46.0-255,66,214338,50,214338
5776,0.0,172.217.194.0-255,146,146,50,188355
5777,2.2e-05,172.31.46.0-255,66,212,50,188355
5778,2.9e-05,172.217.194.0-255,1484,1696,50,188355
5779,3.4e-05,172.31.46.0-255,66,1762,50,188355
5780,3.9e-05,172.217.194.0-255,2902,4664,50,188355
5781,4.2e-05,172.31.46.0-255,66,4730,50,188355
5782,5.1e-05,172.217.194.0-255,7156,11886,50,188355
5783,5.4e-05,172.31.46.0-255,66,11952,50,188355
5784,5.8e-05,172.217.194.0-255,2041,13993,50,188355
5785,6e-05,172.31.46.0-255,66,14059,50,188355
5786,9.7e-05,172.217.194.0-255,1484,15543,50,188355
5787,9.9e-05,172.31.46.0-255,66,15609,50,188355
5788,0.00012,172.217.194.0-255,4320,19929,50,188355
5789,0.000123,172.31.46.0-255,66,19995,50,188355
5790,0.000129,172.217.194.0-255,7156,27151,50,188355
5791,0.000131,172.31.46.0-255,66,27217,50,188355
5792,0.000147,172.217.194.0-255,3961,31178,50,188355
5793,0.000149,172.31.46.0-255,66,31244,50,188355
5794,0.000275,172.217.194.0-255,1484,32728,50,188355
5795,0.000279,172.31.46.0-255,66,32794,50,188355
5796,0.000285,172.217.194.0-255,2902,35696,50,188355
5797,0.000287,172.31.46.0-255,66,35762,50,188355
5798,0.000304,172.217.194.0-255,5738,41500,50,188355
5799,0.000307,172.31.46.0-255,66,41566,50,188355
5800,0.000312,172.217.194.0-255,4320,45886,50,188355
5801,0.000314,172.31.46.0-255,66,45952,50,188355
5802,0.000354,172.217.194.0-255,2543,48495,50,188355
5803,0.000357,172.31.46.0-255,66,48561,50,188355
5804,0.000432,172.217.194.0-255,1484,50045,50,188355
5805,0.000435,172.31.46.0-255,66,50111,50,188355
5806,0.00044,172.217.194.0-255,2902,53013,50,188355
5807,0.000442,172.31.46.0-255,66,53079,50,188355
5808,0.000473,172.217.194.0-255,5738,58817,50,188355
5809,0.000475,172.31.46.0-255,66,58883,50,188355
5810,0.000507,172.217.194.0-255,2902,61785,50,188355
5811,0.00051,172.31.46.0-255,66,61851,50,188355
5812,0.000526,172.217.194.0-255,4277,66128,50,188355
5813,0.000529,172.31.46.0-255,66,66194,50,188355
5814,0.000824,172.217.194.0-255,364,66558,50,188355
5815,0.000829,172.31.46.0-255,66,66624,50,188355
5816,0.000866,172.217.194.0-255,1484,68108,50,188355
5817,0.00087,172.31.46.0-255,66,68174,50,188355
5818,0.000892,172.217.194.0-255,4320,72494,50,188355
5819,0.000894,172.31.46.0-255,66,72560,50,188355
5820,0.0009,172.217.194.0-255,4320,76880,50,188355
5821,0.000902,172.31.46.0-255,66,76946,50,188355
5822,0.000925,172.217.194.0-255,5738,82684,50,188355
5823,0.000927,172.31.46.0-255,66,82750,50,188355
5824,0.000934,172.217.194.0-255,7156,89906,50,188355
5825,0.000937,172.31.46.0-255,66,89972,50,188355
5826,0.000947,172.31.46.0-255,66,90038,50,188355
5827,0.000972,172.217.194.0-255,2184,92222,50,188355
5828,0.000974,172.31.46.0-255,66,92288,50,188355
5829,0.002003,172.217.194.0-255,1484,93772,50,188355
5830,0.002015,172.217.194.0-255,2902,96674,50,188355
5831,0.002021,172.31.46.0-255,66,96740,50,188355
5832,0.002028,172.217.194.0-255,5738,102478,50,188355
5833,0.00203,172.31.46.0-255,66,102544,50,188355
5834,0.002035,172.217.194.0-255,2902,105446,50,188355
5835,0.002037,172.31.46.0-255,66,105512,50,188355
5836,0.002073,172.31.46.0-255,66,105578,50,188355
5837,0.002078,172.217.194.0-255,2902,108480,50,188355
5838,0.00208,172.31.46.0-255,66,108546,50,188355
5839,0.002102,172.31.46.0-255,66,108612,50,188355
5840,0.004181,172.217.194.0-255,5738,114350,50,188355
5841,0.004186,172.31.46.0-255,66,114416,50,188355
5842,0.006249,172.217.194.0-255,5738,120154,50,188355
5843,0.006252,172.31.46.0-255,66,120220,50,188355
5844,0.008353,172.217.194.0-255,5738,125958,50,188355
5845,0.00836,172.31.46.0-255,66,126024,50,188355
5846,0.010408,172.217.194.0-255,5738,131762,50,188355
5847,0.010415,172.31.46.0-255,66,131828,50,188355
5848,0.012481,172.217.194.0-255,5738,137566,50,188355
5849,0.012486,172.31.46.0-255,66,137632,50,188355
5850,0.014565,172.217.194.0-255,5738,143370,50,188355
5851,0.014573,172.31.46.0-255,66,143436,50,188355
5852,0.0167,172.217.194.0-255,5738,149174,50,188355
5853,0.016706,172.31.46.0-255,66,149240,50,188355
5854,0.018791,172.217.194.0-255,5738,154978,50,188355
5855,0.018797,172.31.46.0-255,66,155044,50,188355
5856,0.020888,172.217.194.0-255,5738,160782,50,188355
5857,0.020895,172.31.46.0-255,66,160848,50,188355
5858,0.02296,172.217.194.0-255,5738,166586,50,188355
5859,0.022967,172.31.46.0-255,66,166652,50,188355
5860,0.024139,172.31.46.0-255,172,166824,50,188355
5861,0.02417,172.31.46.0-255,1113,167937,50,188355
5862,0.024221,172.31.46.0-255,1514,169451,50,188355
5863,0.024223,172.31.46.0-255,1294,170745,50,188355
5864,0.02505,172.217.194.0-255,5738,176483,50,188355
5865,0.025056,172.31.46.0-255,66,176549,50,188355
5866,0.025687,104.244.42.0-255,66,176615,50,188355
5867,0.025726,104.244.42.0-255,66,176681,50,188355
5868,0.025771,104.244.42.0-255,66,176747,50,188355
5869,0.027132,172.217.194.0-255,5738,182485,50,188355
5870,0.027138,172.31.46.0-255,66,182551,50,188355
5871,0.029211,172.217.194.0-255,5738,188289,50,188355
5872,0.029217,172.31.46.0-255,66,188355,50,188355
5873,0.0,172.217.194.0-255,152,152,50,193514
5874,2.3e-05,172.31.46.0-255,66,218,50,193514
5875,3e-05,172.217.194.0-255,1484,1702,50,193514
5876,3.5e-05,172.31.46.0-255,66,1768,50,193514
5877,4.2e-05,172.217.194.0-255,2902,4670,50,193514
5878,5.2e-05,172.31.46.0-255,66,4736,50,193514
5879,6e-05,172.217.194.0-255,7156,11892,50,193514
5880,6.4e-05,172.31.46.0-255,66,11958,50,193514
5881,6.8e-05,172.217.194.0-255,1976,13934,50,193514
5882,7.1e-05,172.31.46.0-255,66,14000,50,193514
5883,0.000245,172.217.194.0-255,1484,15484,50,193514
5884,0.000249,172.31.46.0-255,66,15550,50,193514
5885,0.000256,172.217.194.0-255,2902,18452,50,193514
5886,0.000259,172.31.46.0-255,66,18518,50,193514
5887,0.000265,172.217.194.0-255,5738,24256,50,193514
5888,0.000267,172.31.46.0-255,66,24322,50,193514
5889,0.000297,172.217.194.0-255,4320,28642,50,193514
5890,0.0003,172.31.46.0-255,66,28708,50,193514
5891,0.000319,172.217.194.0-255,2543,31251,50,193514
5892,0.000321,172.31.46.0-255,66,31317,50,193514
5893,0.000348,172.217.194.0-255,7156,38473,50,193514
5894,0.00035,172.31.46.0-255,66,38539,50,193514
5895,0.000362,172.31.46.0-255,66,38605,50,193514
5896,0.000385,172.217.194.0-255,1125,39730,50,193514
5897,0.000388,172.31.46.0-255,66,39796,50,193514
5898,0.001008,172.217.194.0-255,1484,41280,50,193514
5899,0.001013,172.31.46.0-255,66,41346,50,193514
5900,0.001044,172.217.194.0-255,2902,44248,50,193514
5901,0.001047,172.31.46.0-255,66,44314,50,193514
5902,0.001051,172.217.194.0-255,1484,45798,50,193514
5903,0.001053,172.31.46.0-255,66,45864,50,193514
5904,0.001078,172.217.194.0-255,2902,48766,50,193514
5905,0.001098,172.217.194.0-255,7156,55922,50,193514
5906,0.001113,172.217.194.0-255,1707,57629,50,193514
5907,0.001151,172.217.194.0-255,1484,59113,50,193514
5908,0.001173,172.217.194.0-255,2902,62015,50,193514
5909,0.001177,172.217.194.0-255,2902,64917,50,193514
5910,0.001191,172.217.194.0-255,2902,67819,50,193514
5911,0.001218,172.217.194.0-255,5738,73557,50,193514
5912,0.001262,172.217.194.0-255,4320,77877,50,193514
5913,0.001283,172.217.194.0-255,5379,83256,50,193514
5914,0.002018,172.217.194.0-255,1484,84740,50,193514
5915,0.002025,172.217.194.0-255,1484,86224,50,193514
5916,0.002045,172.217.194.0-255,1484,87708,50,193514
5917,0.002052,172.217.194.0-255,5738,93446,50,193514
5918,0.00206,172.217.194.0-255,5738,99184,50,193514
5919,0.002079,172.217.194.0-255,7156,106340,50,193514
5920,0.002114,172.217.194.0-255,7156,113496,50,193514
5921,0.002129,172.217.194.0-255,1484,114980,50,193514
5922,0.002133,172.217.194.0-255,2184,117164,50,193514
5923,0.002159,172.217.194.0-255,1484,118648,50,193514
5924,0.002172,172.217.194.0-255,1484,120132,50,193514
5925,0.002177,172.217.194.0-255,2902,123034,50,193514
5926,0.002192,172.217.194.0-255,1484,124518,50,193514
5927,0.002275,172.217.194.0-255,766,125284,50,193514
5928,0.00236,172.217.194.0-255,1484,126768,50,193514
5929,0.002376,172.217.194.0-255,2902,129670,50,193514
5930,0.002379,172.217.194.0-255,1484,131154,50,193514
5931,0.002394,172.217.194.0-255,4320,135474,50,193514
5932,0.002408,172.217.194.0-255,4320,139794,50,193514
5933,0.002428,172.217.194.0-255,1484,141278,50,193514
5934,0.002491,172.217.194.0-255,5738,147016,50,193514
5935,0.007432,172.31.46.0-255,66,147082,50,193514
5936,0.010072,172.217.194.0-255,5738,152820,50,193514
5937,0.010089,172.31.46.0-255,66,152886,50,193514
5938,0.012735,172.217.194.0-255,5738,158624,50,193514
5939,0.012753,172.31.46.0-255,66,158690,50,193514
5940,0.015379,172.217.194.0-255,5738,164428,50,193514
5941,0.015394,172.31.46.0-255,66,164494,50,193514
5942,0.018053,172.217.194.0-255,5738,170232,50,193514
5943,0.018071,172.31.46.0-255,66,170298,50,193514
5944,0.020702,172.217.194.0-255,5738,176036,50,193514
5945,0.02072,172.31.46.0-255,66,176102,50,193514
5946,0.02335,172.217.194.0-255,5738,181840,50,193514
5947,0.023365,172.31.46.0-255,66,181906,50,193514
5948,0.025988,172.217.194.0-255,5738,187644,50,193514
5949,0.025999,172.31.46.0-255,66,187710,50,193514
5950,0.028638,172.217.194.0-255,5738,193448,50,193514
5951,0.028655,172.31.46.0-255,66,193514,50,193514
5952,0.0,74.125.200.0-255,153,153,50,261852
5953,2.2e-05,172.31.46.0-255,66,219,50,261852
5954,2.8e-05,74.125.200.0-255,1484,1703,50,261852
5955,3.2e-05,172.31.46.0-255,66,1769,50,261852
5956,3.7e-05,74.125.200.0-255,2902,4671,50,261852
5957,4e-05,172.31.46.0-255,66,4737,50,261852
5958,4.5e-05,74.125.200.0-255,4320,9057,50,261852
5959,4.8e-05,172.31.46.0-255,66,9123,50,261852
5960,5.6e-05,74.125.200.0-255,4777,13900,50,261852
5961,6e-05,172.31.46.0-255,66,13966,50,261852
5962,0.000101,74.125.200.0-255,4320,18286,50,261852
5963,0.000104,172.31.46.0-255,66,18352,50,261852
5964,0.000124,74.125.200.0-255,7156,25508,50,261852
5965,0.000126,172.31.46.0-255,66,25574,50,261852
5966,0.000131,74.125.200.0-255,4320,29894,50,261852
5967,0.000133,172.31.46.0-255,66,29960,50,261852
5968,0.000146,74.125.200.0-255,1125,31085,50,261852
5969,0.000148,172.31.46.0-255,66,31151,50,261852
5970,0.000213,74.125.200.0-255,1484,32635,50,261852
5971,0.000215,172.31.46.0-255,66,32701,50,261852
5972,0.000234,74.125.200.0-255,2902,35603,50,261852
5973,0.000236,172.31.46.0-255,66,35669,50,261852
5974,0.000249,74.125.200.0-255,2902,38571,50,261852
5975,0.000251,172.31.46.0-255,66,38637,50,261852
5976,0.000266,74.125.200.0-255,1484,40121,50,261852
5977,0.000268,172.31.46.0-255,66,40187,50,261852
5978,0.000273,74.125.200.0-255,4320,44507,50,261852
5979,0.000275,172.31.46.0-255,66,44573,50,261852
5980,0.000294,74.125.200.0-255,1484,46057,50,261852
5981,0.000296,172.31.46.0-255,66,46123,50,261852
5982,0.000299,74.125.200.0-255,1484,47607,50,261852
5983,0.0003,172.31.46.0-255,66,47673,50,261852
5984,0.000328,74.125.200.0-255,5738,53411,50,261852
5985,0.000342,74.125.200.0-255,4269,57680,50,261852
5986,0.000359,74.125.200.0-255,111,57791,50,261852
5987,0.000446,172.31.46.0-255,66,57857,50,261852
5988,0.000455,74.125.200.0-255,333,58190,50,261852
5989,0.000746,74.125.200.0-255,1484,59674,50,261852
5990,0.00075,172.31.46.0-255,66,59740,50,261852
5991,0.000753,74.125.200.0-255,1484,61224,50,261852
5992,0.000768,74.125.200.0-255,1484,62708,50,261852
5993,0.000772,74.125.200.0-255,2902,65610,50,261852
5994,0.000776,172.31.46.0-255,66,65676,50,261852
5995,0.000785,74.125.200.0-255,2902,68578,50,261852
5996,0.000796,74.125.200.0-255,1484,70062,50,261852
5997,0.000818,172.31.46.0-255,66,70128,50,261852
5998,0.000835,74.125.200.0-255,2902,73030,50,261852
5999,0.000842,172.31.46.0-255,66,73096,50,261852
6000,0.000862,74.125.200.0-255,4320,77416,50,261852
6001,0.000874,74.125.200.0-255,4320,81736,50,261852
6002,0.000885,74.125.200.0-255,2184,83920,50,261852
6003,0.000889,172.31.46.0-255,66,83986,50,261852
6004,0.0014,74.125.200.0-255,1484,85470,50,261852
6005,0.001409,74.125.200.0-255,2902,88372,50,261852
6006,0.001413,172.31.46.0-255,66,88438,50,261852
6007,0.001417,74.125.200.0-255,1484,89922,50,261852
6008,0.001437,74.125.200.0-255,4320,94242,50,261852
6009,0.001439,172.31.46.0-255,66,94308,50,261852
6010,0.001453,74.125.200.0-255,5738,100046,50,261852
6011,0.001455,172.31.46.0-255,66,100112,50,261852
6012,0.001485,74.125.200.0-255,7156,107268,50,261852
6013,0.001488,172.31.46.0-255,66,107334,50,261852
6014,0.001493,74.125.200.0-255,4320,111654,50,261852
6015,0.001517,74.125.200.0-255,4320,115974,50,261852
6016,0.001534,74.125.200.0-255,2184,118158,50,261852
6017,0.001551,74.125.200.0-255,2902,121060,50,261852
6018,0.001573,74.125.200.0-255,4320,125380,50,261852
6019,0.001577,74.125.200.0-255,2902,128282,50,261852
6020,0.00159,74.125.200.0-255,4320,132602,50,261852
6021,0.001612,74.125.200.0-255,7156,139758,50,261852
6022,0.00178,74.125.200.0-255,1484,141242,50,261852
6023,0.001786,74.125.200.0-255,2902,144144,50,261852
6024,0.00181,74.125.200.0-255,5738,149882,50,261852
6025,0.001829,74.125.200.0-255,7156,157038,50,261852
6026,0.001832,74.125.200.0-255,1484,158522,50,261852
6027,0.001855,74.125.200.0-255,7156,165678,50,261852
6028,0.0019,74.125.200.0-255,5738,171416,50,261852
6029,0.001915,74.125.200.0-255,2184,173600,50,261852
6030,0.002155,74.125.200.0-255,1484,175084,50,261852
6031,0.00217,74.125.200.0-255,2902,177986,50,261852
6032,0.002174,74.125.200.0-255,1484,179470,50,261852
6033,0.0022,74.125.200.0-255,2902,182372,50,261852
6034,0.002262,74.125.200.0-255,1484,183856,50,261852
6035,0.002287,74.125.200.0-255,2902,186758,50,261852
6036,0.002322,74.125.200.0-255,2902,189660,50,261852
6037,0.002362,74.125.200.0-255,7156,196816,50,261852
6038,0.002383,74.125.200.0-255,2902,199718,50,261852
6039,0.002395,74.125.200.0-255,4320,204038,50,261852
6040,0.002406,74.125.200.0-255,2184,206222,50,261852
6041,0.006622,172.31.46.0-255,66,206288,50,261852
6042,0.008989,74.125.200.0-255,5738,212026,50,261852
6043,0.009002,172.31.46.0-255,66,212092,50,261852
6044,0.011354,74.125.200.0-255,5738,217830,50,261852
6045,0.011367,172.31.46.0-255,66,217896,50,261852
6046,0.01372,74.125.200.0-255,5738,223634,50,261852
6047,0.013734,172.31.46.0-255,66,223700,50,261852
6048,0.016088,74.125.200.0-255,5738,229438,50,261852
6049,0.0161,172.31.46.0-255,66,229504,50,261852
6050,0.018443,74.125.200.0-255,5738,235242,50,261852
6051,0.018455,172.31.46.0-255,66,235308,50,261852
6052,0.020801,74.125.200.0-255,5738,241046,50,261852
6053,0.020811,172.31.46.0-255,66,241112,50,261852
6054,0.023138,74.125.200.0-255,5738,246850,50,261852
6055,0.023145,172.31.46.0-255,66,246916,50,261852
6056,0.025498,74.125.200.0-255,5738,252654,50,261852
6057,0.025506,172.31.46.0-255,66,252720,50,261852
6058,0.027455,172.31.46.0-255,172,252892,50,261852
6059,0.027491,172.31.46.0-255,1112,254004,50,261852
6060,0.027539,172.31.46.0-255,1514,255518,50,261852
6061,0.027541,172.31.46.0-255,332,255850,50,261852
6062,0.027856,74.125.200.0-255,5738,261588,50,261852
6063,0.027864,172.31.46.0-255,66,261654,50,261852
6064,0.028998,104.244.42.0-255,66,261720,50,261852
6065,0.029047,104.244.42.0-255,66,261786,50,261852
6066,0.029091,104.244.42.0-255,66,261852,50,261852
6067,0.0,74.125.24.0-255,146,146,50,141567
6068,2.2e-05,172.31.46.0-255,66,212,50,141567
6069,2.9e-05,74.125.24.0-255,1484,1696,50,141567
6070,3.3e-05,172.31.46.0-255,66,1762,50,141567
6071,3.8e-05,74.125.24.0-255,2902,4664,50,141567
6072,4e-05,172.31.46.0-255,66,4730,50,141567
6073,4.4e-05,74.125.24.0-255,4320,9050,50,141567
6074,4.8e-05,172.31.46.0-255,66,9116,50,141567
6075,9.2e-05,74.125.24.0-255,2902,12018,50,141567
6076,9.5e-05,172.31.46.0-255,66,12084,50,141567
6077,0.000115,74.125.24.0-255,2047,14131,50,141567
6078,0.000118,172.31.46.0-255,66,14197,50,141567
6079,0.000774,74.125.24.0-255,1484,15681,50,141567
6080,0.000781,172.31.46.0-255,66,15747,50,141567
6081,0.000791,74.125.24.0-255,2902,18649,50,141567
6082,0.000793,172.31.46.0-255,66,18715,50,141567
6083,0.000798,74.125.24.0-255,2902,21617,50,141567
6084,0.0008,172.31.46.0-255,66,21683,50,141567
6085,0.000832,74.125.24.0-255,2902,24585,50,141567
6086,0.000835,172.31.46.0-255,66,24651,50,141567
6087,0.000841,74.125.24.0-255,4320,28971,50,141567
6088,0.000843,172.31.46.0-255,66,29037,50,141567
6089,0.000867,172.31.46.0-255,66,29103,50,141567
6090,0.000887,74.125.24.0-255,3961,33064,50,141567
6091,0.00089,172.31.46.0-255,66,33130,50,141567
6092,0.000897,74.125.24.0-255,7156,40286,50,141567
6093,0.0009,172.31.46.0-255,66,40352,50,141567
6094,0.000929,74.125.24.0-255,4320,44672,50,141567
6095,0.000932,172.31.46.0-255,66,44738,50,141567
6096,0.000965,172.31.46.0-255,66,44804,50,141567
6097,0.000983,74.125.24.0-255,442,45246,50,141567
6098,0.001098,74.125.24.0-255,1484,46730,50,141567
6099,0.001103,172.31.46.0-255,66,46796,50,141567
6100,0.001108,74.125.24.0-255,2902,49698,50,141567
6101,0.001111,172.31.46.0-255,66,49764,50,141567
6102,0.001117,74.125.24.0-255,5738,55502,50,141567
6103,0.00112,172.31.46.0-255,66,55568,50,141567
6104,0.001123,74.125.24.0-255,1484,57052,50,141567
6105,0.001146,74.125.24.0-255,7156,64208,50,141567
6106,0.001149,172.31.46.0-255,66,64274,50,141567
6107,0.001188,74.125.24.0-255,1484,65758,50,141567
6108,0.001222,172.31.46.0-255,66,65824,50,141567
6109,0.001292,74.125.24.0-255,331,66155,50,141567
6110,0.003508,74.125.24.0-255,4320,70475,50,141567
6111,0.003521,172.31.46.0-255,66,70541,50,141567
6112,0.005819,74.125.24.0-255,5738,76279,50,141567
6113,0.005828,172.31.46.0-255,66,76345,50,141567
6114,0.008097,74.125.24.0-255,5738,82083,50,141567
6115,0.00811,172.31.46.0-255,66,82149,50,141567
6116,0.010391,74.125.24.0-255,5738,87887,50,141567
6117,0.010405,172.31.46.0-255,66,87953,50,141567
6118,0.012693,74.125.24.0-255,5738,93691,50,141567
6119,0.012708,172.31.46.0-255,66,93757,50,141567
6120,0.014994,74.125.24.0-255,5738,99495,50,141567
6121,0.015009,172.31.46.0-255,66,99561,50,141567
6122,0.017313,74.125.24.0-255,5738,105299,50,141567
6123,0.017331,172.31.46.0-255,66,105365,50,141567
6124,0.019607,74.125.24.0-255,5738,111103,50,141567
6125,0.019621,172.31.46.0-255,66,111169,50,141567
6126,0.021895,74.125.24.0-255,5738,116907,50,141567
6127,0.021903,172.31.46.0-255,66,116973,50,141567
6128,0.022891,172.31.46.0-255,188,117161,50,141567
6129,0.022919,172.31.46.0-255,954,118115,50,141567
6130,0.022979,172.31.46.0-255,1514,119629,50,141567
6131,0.022981,172.31.46.0-255,1514,121143,50,141567
6132,0.022982,172.31.46.0-255,1514,122657,50,141567
6133,0.022984,172.31.46.0-255,1234,123891,50,141567
6134,0.02417,74.125.24.0-255,5738,129629,50,141567
6135,0.024178,172.31.46.0-255,66,129695,50,141567
6136,0.024434,104.244.42.0-255,66,129761,50,141567
6137,0.024475,104.244.42.0-255,66,129827,50,141567
6138,0.024554,104.244.42.0-255,66,129893,50,141567
6139,0.02456,104.244.42.0-255,66,129959,50,141567
6140,0.026456,74.125.24.0-255,5738,135697,50,141567
6141,0.026464,172.31.46.0-255,66,135763,50,141567
6142,0.028777,74.125.24.0-255,5738,141501,50,141567
6143,0.028784,172.31.46.0-255,66,141567,50,141567
6144,0.0,172.217.194.0-255,150,150,50,180572
6145,1.7e-05,172.31.46.0-255,66,216,50,180572
6146,2.4e-05,172.217.194.0-255,1484,1700,50,180572
6147,2.7e-05,172.31.46.0-255,66,1766,50,180572
6148,3.2e-05,172.217.194.0-255,2902,4668,50,180572
6149,4.2e-05,172.31.46.0-255,66,4734,50,180572
6150,4.8e-05,172.217.194.0-255,5738,10472,50,180572
6151,5.1e-05,172.31.46.0-255,66,10538,50,180572
6152,0.000103,172.217.194.0-255,3502,14040,50,180572
6153,0.000106,172.31.46.0-255,66,14106,50,180572
6154,0.000342,172.217.194.0-255,1484,15590,50,180572
6155,0.000348,172.31.46.0-255,66,15656,50,180572
6156,0.000353,172.217.194.0-255,2902,18558,50,180572
6157,0.000355,172.31.46.0-255,66,18624,50,180572
6158,0.00036,172.217.194.0-255,4320,22944,50,180572
6159,0.000361,172.31.46.0-255,66,23010,50,180572
6160,0.000388,172.217.194.0-255,1484,24494,50,180572
6161,0.00039,172.31.46.0-255,66,24560,50,180572
6162,0.000397,172.217.194.0-255,5738,30298,50,180572
6163,0.000399,172.31.46.0-255,66,30364,50,180572
6164,0.00041,172.217.194.0-255,2543,32907,50,180572
6165,0.000413,172.31.46.0-255,66,32973,50,180572
6166,0.000423,172.31.46.0-255,66,33039,50,180572
6167,0.000457,172.217.194.0-255,6797,39836,50,180572
6168,0.00046,172.31.46.0-255,66,39902,50,180572
6169,0.000462,172.217.194.0-255,1484,41386,50,180572
6170,0.000464,172.31.46.0-255,66,41452,50,180572
6171,0.00048,172.217.194.0-255,4320,45772,50,180572
6172,0.000483,172.31.46.0-255,66,45838,50,180572
6173,0.000506,172.217.194.0-255,1484,47322,50,180572
6174,0.000508,172.31.46.0-255,66,47388,50,180572
6175,0.000519,172.31.46.0-255,66,47454,50,180572
6176,0.00056,172.217.194.0-255,114,47568,50,180572
6177,0.000694,172.217.194.0-255,1484,49052,50,180572
6178,0.000697,172.31.46.0-255,66,49118,50,180572
6179,0.000702,172.217.194.0-255,2902,52020,50,180572
6180,0.000704,172.31.46.0-255,66,52086,50,180572
6181,0.000707,172.217.194.0-255,1484,53570,50,180572
6182,0.000726,172.217.194.0-255,4320,57890,50,180572
6183,0.000732,172.31.46.0-255,66,57956,50,180572
6184,0.000736,172.217.194.0-255,2902,60858,50,180572
6185,0.000738,172.31.46.0-255,66,60924,50,180572
6186,0.000786,172.217.194.0-255,1125,62049,50,180572
6187,0.000789,172.31.46.0-255,66,62115,50,180572
6188,0.000793,172.31.46.0-255,66,62181,50,180572
6189,0.00125,172.31.46.0-255,66,62247,50,180572
6190,0.001471,172.217.194.0-255,1484,63731,50,180572
6191,0.001491,172.217.194.0-255,2902,66633,50,180572
6192,0.001495,172.31.46.0-255,66,66699,50,180572
6193,0.001502,172.217.194.0-255,5738,72437,50,180572
6194,0.001504,172.31.46.0-255,66,72503,50,180572
6195,0.001522,172.217.194.0-255,5738,78241,50,180572
6196,0.001525,172.31.46.0-255,66,78307,50,180572
6197,0.001549,172.217.194.0-255,5738,84045,50,180572
6198,0.001551,172.31.46.0-255,66,84111,50,180572
6199,0.001579,172.217.194.0-255,7156,91267,50,180572
6200,0.001582,172.31.46.0-255,66,91333,50,180572
6201,0.001588,172.217.194.0-255,5020,96353,50,180572
6202,0.001589,172.31.46.0-255,66,96419,50,180572
6203,0.001649,172.217.194.0-255,1484,97903,50,180572
6204,0.001664,172.217.194.0-255,2902,100805,50,180572
6205,0.001666,172.31.46.0-255,66,100871,50,180572
6206,0.001671,172.217.194.0-255,2902,103773,50,180572
6207,0.001673,172.31.46.0-255,66,103839,50,180572
6208,0.001692,172.217.194.0-255,2902,106741,50,180572
6209,0.001694,172.31.46.0-255,66,106807,50,180572
6210,0.001699,172.217.194.0-255,4320,111127,50,180572
6211,0.001701,172.31.46.0-255,66,111193,50,180572
6212,0.00173,172.31.46.0-255,66,111259,50,180572
6213,0.00174,172.31.46.0-255,66,111325,50,180572
6214,0.001765,172.217.194.0-255,2184,113509,50,180572
6215,0.001767,172.31.46.0-255,66,113575,50,180572
6216,0.002634,172.217.194.0-255,1484,115059,50,180572
6217,0.00265,172.217.194.0-255,2902,117961,50,180572
6218,0.002654,172.31.46.0-255,66,118027,50,180572
6219,0.00441,172.217.194.0-255,1484,119511,50,180572
6220,0.005301,172.217.194.0-255,1484,120995,50,180572
6221,0.005304,172.31.46.0-255,66,121061,50,180572
6222,0.00533,172.217.194.0-255,2902,123963,50,180572
6223,0.005333,172.31.46.0-255,66,124029,50,180572
6224,0.007988,172.217.194.0-255,5738,129767,50,180572
6225,0.007997,172.31.46.0-255,66,129833,50,180572
6226,0.010657,172.217.194.0-255,5738,135571,50,180572
6227,0.010666,172.31.46.0-255,66,135637,50,180572
6228,0.013323,172.217.194.0-255,5738,141375,50,180572
6229,0.013333,172.31.46.0-255,66,141441,50,180572
6230,0.015952,172.217.194.0-255,5738,147179,50,180572
6231,0.015961,172.31.46.0-255,66,147245,50,180572
6232,0.0186,172.217.194.0-255,5738,152983,50,180572
6233,0.018607,172.31.46.0-255,66,153049,50,180572
6234,0.021224,172.217.194.0-255,5738,158787,50,180572
6235,0.021231,172.31.46.0-255,66,158853,50,180572
6236,0.02308,172.31.46.0-255,188,159041,50,180572
6237,0.023108,172.31.46.0-255,954,159995,50,180572
6238,0.023168,172.31.46.0-255,1514,161509,50,180572
6239,0.02317,172.31.46.0-255,1453,162962,50,180572
6240,0.023897,172.217.194.0-255,5738,168700,50,180572
6241,0.023904,172.31.46.0-255,66,168766,50,180572
6242,0.024599,104.244.42.0-255,66,168832,50,180572
6243,0.024658,104.244.42.0-255,66,168898,50,180572
6244,0.024802,104.244.42.0-255,66,168964,50,180572
6245,0.026566,172.217.194.0-255,5738,174702,50,180572
6246,0.026572,172.31.46.0-255,66,174768,50,180572
6247,0.029211,172.217.194.0-255,5738,180506,50,180572
6248,0.029218,172.31.46.0-255,66,180572,50,180572
6249,0.0,172.217.194.0-255,150,150,50,208574
6250,1.4e-05,172.31.46.0-255,66,216,50,208574
6251,1.9e-05,172.217.194.0-255,1484,1700,50,208574
6252,2.3e-05,172.31.46.0-255,66,1766,50,208574
6253,2.6e-05,172.217.194.0-255,1484,3250,50,208574
6254,3.5e-05,172.31.46.0-255,66,3316,50,208574
6255,6.7e-05,172.217.194.0-255,1484,4800,50,208574
6256,7e-05,172.31.46.0-255,66,4866,50,208574
6257,7.7e-05,172.217.194.0-255,7156,12022,50,208574
6258,7.9e-05,172.31.46.0-255,66,12088,50,208574
6259,8.9e-05,172.31.46.0-255,66,12154,50,208574
6260,0.00013,172.31.46.0-255,66,12220,50,208574
6261,0.000173,172.217.194.0-255,1484,13704,50,208574
6262,0.000176,172.31.46.0-255,66,13770,50,208574
6263,0.00018,172.217.194.0-255,2902,16672,50,208574
6264,0.000182,172.31.46.0-255,66,16738,50,208574
6265,0.0002,172.217.194.0-255,2902,19640,50,208574
6266,0.000202,172.31.46.0-255,66,19706,50,208574
6267,0.000226,172.217.194.0-255,2902,22608,50,208574
6268,0.000228,172.31.46.0-255,66,22674,50,208574
6269,0.00023,172.217.194.0-255,1484,24158,50,208574
6270,0.000232,172.31.46.0-255,66,24224,50,208574
6271,0.000251,172.217.194.0-255,5738,29962,50,208574
6272,0.000253,172.31.46.0-255,66,30028,50,208574
6273,0.000285,172.31.46.0-255,66,30094,50,208574
6274,0.000294,172.31.46.0-255,66,30160,50,208574
6275,0.000391,172.217.194.0-255,647,30807,50,208574
6276,0.000395,172.31.46.0-255,66,30873,50,208574
6277,0.000489,172.217.194.0-255,1484,32357,50,208574
6278,0.000505,172.217.194.0-255,2902,35259,50,208574
6279,0.000509,172.31.46.0-255,66,35325,50,208574
6280,0.000523,172.217.194.0-255,4320,39645,50,208574
6281,0.000529,172.31.46.0-255,66,39711,50,208574
6282,0.000551,172.217.194.0-255,1484,41195,50,208574
6283,0.00059,172.31.46.0-255,66,41261,50,208574
6284,0.000612,172.217.194.0-255,2543,43804,50,208574
6285,0.000614,172.31.46.0-255,66,43870,50,208574
6286,0.000625,172.31.46.0-255,66,43936,50,208574
6287,0.000821,172.217.194.0-255,1484,45420,50,208574
6288,0.000825,172.217.194.0-255,1484,46904,50,208574
6289,0.000827,172.31.46.0-255,66,46970,50,208574
6290,0.000852,172.217.194.0-255,1484,48454,50,208574
6291,0.000858,172.217.194.0-255,5738,54192,50,208574
6292,0.00086,172.31.46.0-255,66,54258,50,208574
6293,0.000876,172.217.194.0-255,4320,58578,50,208574
6294,0.000878,172.31.46.0-255,66,58644,50,208574
6295,0.000914,172.31.46.0-255,66,58710,50,208574
6296,0.000925,172.31.46.0-255,66,58776,50,208574
6297,0.001557,172.217.194.0-255,1484,60260,50,208574
6298,0.001564,172.217.194.0-255,2902,63162,50,208574
6299,0.001569,172.31.46.0-255,66,63228,50,208574
6300,0.001575,172.217.194.0-255,5738,68966,50,208574
6301,0.001577,172.31.46.0-255,66,69032,50,208574
6302,0.001618,172.31.46.0-255,66,69098,50,208574
6303,0.001649,172.217.194.0-255,5738,74836,50,208574
6304,0.001652,172.31.46.0-255,66,74902,50,208574
6305,0.001676,172.217.194.0-255,5020,79922,50,208574
6306,0.001678,172.31.46.0-255,66,79988,50,208574
6307,0.002419,172.217.194.0-255,1484,81472,50,208574
6308,0.002424,172.217.194.0-255,2902,84374,50,208574
6309,0.002426,172.31.46.0-255,66,84440,50,208574
6310,0.002457,172.217.194.0-255,5738,90178,50,208574
6311,0.00246,172.31.46.0-255,66,90244,50,208574
6312,0.002495,172.31.46.0-255,66,90310,50,208574
6313,0.002502,172.217.194.0-255,7156,97466,50,208574
6314,0.002505,172.31.46.0-255,66,97532,50,208574
6315,0.002546,172.217.194.0-255,3602,101134,50,208574
6316,0.002549,172.31.46.0-255,66,101200,50,208574
6317,0.002775,172.217.194.0-255,1484,102684,50,208574
6318,0.002799,172.217.194.0-255,2902,105586,50,208574
6319,0.002802,172.31.46.0-255,66,105652,50,208574
6320,0.002807,172.217.194.0-255,4320,109972,50,208574
6321,0.002809,172.31.46.0-255,66,110038,50,208574
6322,0.002826,172.217.194.0-255,1484,111522,50,208574
6323,0.002829,172.217.194.0-255,1484,113006,50,208574
6324,0.002831,172.31.46.0-255,66,113072,50,208574
6325,0.002875,172.31.46.0-255,66,113138,50,208574
6326,0.002878,172.217.194.0-255,1484,114622,50,208574
6327,0.00288,172.217.194.0-255,1484,116106,50,208574
6328,0.002882,172.31.46.0-255,66,116172,50,208574
6329,0.002885,172.217.194.0-255,1484,117656,50,208574
6330,0.00291,172.217.194.0-255,5738,123394,50,208574
6331,0.002913,172.31.46.0-255,66,123460,50,208574
6332,0.002955,172.31.46.0-255,66,123526,50,208574
6333,0.002973,172.31.46.0-255,66,123592,50,208574
6334,0.002979,172.217.194.0-255,6438,130030,50,208574
6335,0.002982,172.31.46.0-255,66,130096,50,208574
6336,0.003117,172.217.194.0-255,1484,131580,50,208574
6337,0.003122,172.217.194.0-255,2902,134482,50,208574
6338,0.003126,172.31.46.0-255,66,134548,50,208574
6339,0.003158,172.217.194.0-255,5738,140286,50,208574
6340,0.003162,172.31.46.0-255,66,140352,50,208574
6341,0.003167,172.217.194.0-255,4320,144672,50,208574
6342,0.00317,172.31.46.0-255,66,144738,50,208574
6343,0.003179,172.217.194.0-255,4320,149058,50,208574
6344,0.003181,172.31.46.0-255,66,149124,50,208574
6345,0.003213,172.217.194.0-255,7156,156280,50,208574
6346,0.003216,172.31.46.0-255,66,156346,50,208574
6347,0.003226,172.31.46.0-255,66,156412,50,208574
6348,0.00325,172.217.194.0-255,1484,157896,50,208574
6349,0.003256,172.217.194.0-255,2902,160798,50,208574
6350,0.003258,172.31.46.0-255,66,160864,50,208574
6351,0.003262,172.217.194.0-255,1484,162348,50,208574
6352,0.003286,172.217.194.0-255,4320,166668,50,208574
6353,0.003288,172.31.46.0-255,66,166734,50,208574
6354,0.003293,172.217.194.0-255,4320,171054,50,208574
6355,0.003295,172.31.46.0-255,66,171120,50,208574
6356,0.003335,172.31.46.0-255,66,171186,50,208574
6357,0.003344,172.31.46.0-255,66,171252,50,208574
6358,0.003371,172.217.194.0-255,4320,175572,50,208574
6359,0.003373,172.31.46.0-255,66,175638,50,208574
6360,0.003409,172.31.46.0-255,66,175704,50,208574
6361,0.003417,172.31.46.0-255,66,175770,50,208574
6362,0.003445,172.217.194.0-255,6438,182208,50,208574
6363,0.003448,172.31.46.0-255,66,182274,50,208574
6364,0.003481,172.217.194.0-255,5738,188012,50,208574
6365,0.003484,172.31.46.0-255,66,188078,50,208574
6366,0.00349,172.217.194.0-255,7156,195234,50,208574
6367,0.003492,172.31.46.0-255,66,195300,50,208574
6368,0.003548,172.31.46.0-255,66,195366,50,208574
6369,0.003554,172.217.194.0-255,6438,201804,50,208574
6370,0.003557,172.31.46.0-255,66,201870,50,208574
6371,0.003571,172.217.194.0-255,2902,204772,50,208574
6372,0.003573,172.31.46.0-255,66,204838,50,208574
6373,0.003601,172.31.46.0-255,66,204904,50,208574
6374,0.003604,172.217.194.0-255,105,205009,50,208574
6375,0.009692,172.31.46.0-255,66,205075,50,208574
6376,0.009725,172.31.46.0-255,105,205180,50,208574
6377,0.012315,172.217.194.0-255,66,205246,50,208574
6378,0.027813,172.31.46.0-255,172,205418,50,208574
6379,0.02785,172.31.46.0-255,1113,206531,50,208574
6380,0.027913,172.31.46.0-255,1514,208045,50,208574
6381,0.027915,172.31.46.0-255,331,208376,50,208574
6382,0.029391,104.244.42.0-255,66,208442,50,208574
6383,0.029447,104.244.42.0-255,66,208508,50,208574
6384,0.029475,104.244.42.0-255,66,208574,50,208574
6385,0.0,172.217.160.0-255,290,290,50,263335
6386,2.2e-05,172.31.46.0-255,66,356,50,263335
6387,2.8e-05,172.217.160.0-255,1484,1840,50,263335
6388,3.1e-05,172.31.46.0-255,66,1906,50,263335
6389,3.8e-05,172.217.160.0-255,4320,6226,50,263335
6390,4e-05,172.31.46.0-255,66,6292,50,263335
6391,5.2e-05,172.31.46.0-255,66,6358,50,263335
6392,8e-05,172.217.160.0-255,1484,7842,50,263335
6393,8.2e-05,172.31.46.0-255,66,7908,50,263335
6394,0.000127,172.31.46.0-255,66,7974,50,263335
6395,0.000133,172.217.160.0-255,5738,13712,50,263335
6396,0.000135,172.31.46.0-255,66,13778,50,263335
6397,0.000142,172.217.160.0-255,7156,20934,50,263335
6398,0.000144,172.31.46.0-255,66,21000,50,263335
6399,0.000146,172.217.160.0-255,1484,22484,50,263335
6400,0.000148,172.31.46.0-255,66,22550,50,263335
6401,0.000167,172.217.160.0-255,2543,25093,50,263335
6402,0.000169,172.31.46.0-255,66,25159,50,263335
6403,0.000198,172.217.160.0-255,4320,29479,50,263335
6404,0.0002,172.31.46.0-255,66,29545,50,263335
6405,0.000202,172.217.160.0-255,1484,31029,50,263335
6406,0.000204,172.31.46.0-255,66,31095,50,263335
6407,0.00022,172.217.160.0-255,1484,32579,50,263335
6408,0.000222,172.31.46.0-255,66,32645,50,263335
6409,0.000226,172.217.160.0-255,2902,35547,50,263335
6410,0.000228,172.31.46.0-255,66,35613,50,263335
6411,0.000254,172.217.160.0-255,5738,41351,50,263335
6412,0.000256,172.31.46.0-255,66,41417,50,263335
6413,0.000268,172.217.160.0-255,1401,42818,50,263335
6414,0.00027,172.31.46.0-255,66,42884,50,263335
6415,0.000476,172.217.160.0-255,126,43010,50,263335
6416,0.000638,172.217.160.0-255,1484,44494,50,263335
6417,0.000643,172.31.46.0-255,66,44560,50,263335
6418,0.000649,172.217.160.0-255,2902,47462,50,263335
6419,0.00065,172.31.46.0-255,66,47528,50,263335
6420,0.000657,172.217.160.0-255,5738,53266,50,263335
6421,0.000659,172.31.46.0-255,66,53332,50,263335
6422,0.000664,172.217.160.0-255,4320,57652,50,263335
6423,0.000666,172.31.46.0-255,66,57718,50,263335
6424,0.000683,172.217.160.0-255,5738,63456,50,263335
6425,0.000686,172.31.46.0-255,66,63522,50,263335
6426,0.000704,172.217.160.0-255,6797,70319,50,263335
6427,0.000707,172.31.46.0-255,66,70385,50,263335
6428,0.000725,172.217.160.0-255,7106,77491,50,263335
6429,0.000729,172.31.46.0-255,66,77557,50,263335
6430,0.001029,172.217.160.0-255,1484,79041,50,263335
6431,0.001034,172.217.160.0-255,2902,81943,50,263335
6432,0.001039,172.31.46.0-255,66,82009,50,263335
6433,0.001055,172.217.160.0-255,5738,87747,50,263335
6434,0.001057,172.31.46.0-255,66,87813,50,263335
6435,0.001073,172.217.160.0-255,7156,94969,50,263335
6436,0.001076,172.31.46.0-255,66,95035,50,263335
6437,0.001097,172.217.160.0-255,5738,100773,50,263335
6438,0.0011,172.31.46.0-255,66,100839,50,263335
6439,0.001123,172.217.160.0-255,5738,106577,50,263335
6440,0.001126,172.31.46.0-255,66,106643,50,263335
6441,0.001148,172.217.160.0-255,5020,111663,50,263335
6442,0.001152,172.31.46.0-255,66,111729,50,263335
6443,0.001246,172.217.160.0-255,1484,113213,50,263335
6444,0.001252,172.217.160.0-255,2902,116115,50,263335
6445,0.001255,172.31.46.0-255,66,116181,50,263335
6446,0.001261,172.217.160.0-255,2902,119083,50,263335
6447,0.001263,172.31.46.0-255,66,119149,50,263335
6448,0.001293,172.217.160.0-255,2902,122051,50,263335
6449,0.001314,172.31.46.0-255,66,122117,50,263335
6450,0.001317,172.31.46.0-255,66,122183,50,263335
6451,0.001324,172.217.160.0-255,5738,127921,50,263335
6452,0.001326,172.31.46.0-255,66,127987,50,263335
6453,0.001342,172.217.160.0-255,5020,133007,50,263335
6454,0.001345,172.31.46.0-255,66,133073,50,263335
6455,0.001842,172.31.46.0-255,101,133174,50,263335
6456,0.002626,172.217.160.0-255,1484,134658,50,263335
6457,0.002635,172.217.160.0-255,2902,137560,50,263335
6458,0.00264,172.31.46.0-255,66,137626,50,263335
6459,0.002648,172.217.160.0-255,5738,143364,50,263335
6460,0.002651,172.31.46.0-255,66,143430,50,263335
6461,0.002654,172.217.160.0-255,1484,144914,50,263335
6462,0.002659,172.217.160.0-255,4320,149234,50,263335
6463,0.002661,172.31.46.0-255,66,149300,50,263335
6464,0.00269,172.217.160.0-255,4320,153620,50,263335
6465,0.002692,172.31.46.0-255,66,153686,50,263335
6466,0.0027,172.217.160.0-255,7156,160842,50,263335
6467,0.002702,172.31.46.0-255,66,160908,50,263335
6468,0.002705,172.217.160.0-255,1484,162392,50,263335
6469,0.002731,172.217.160.0-255,5020,167412,50,263335
6470,0.002734,172.31.46.0-255,66,167478,50,263335
6471,0.002771,172.217.160.0-255,1484,168962,50,263335
6472,0.002776,172.217.160.0-255,2902,171864,50,263335
6473,0.002778,172.31.46.0-255,66,171930,50,263335
6474,0.002781,172.217.160.0-255,1484,173414,50,263335
6475,0.0028,172.217.160.0-255,4320,177734,50,263335
6476,0.002803,172.31.46.0-255,66,177800,50,263335
6477,0.002808,172.217.160.0-255,4320,182120,50,263335
6478,0.00281,172.31.46.0-255,66,182186,50,263335
6479,0.002825,172.217.160.0-255,4320,186506,50,263335
6480,0.002826,172.31.46.0-255,66,186572,50,263335
6481,0.00285,172.217.160.0-255,4320,190892,50,263335
6482,0.002852,172.31.46.0-255,66,190958,50,263335
6483,0.002886,172.217.160.0-255,5738,196696,50,263335
6484,0.002888,172.31.46.0-255,66,196762,50,263335
6485,0.002912,172.217.160.0-255,5020,201782,50,263335
6486,0.002914,172.31.46.0-255,66,201848,50,263335
6487,0.002917,172.217.160.0-255,1484,203332,50,263335
6488,0.00293,172.31.46.0-255,66,203398,50,263335
6489,0.002961,172.217.160.0-255,4320,207718,50,263335
6490,0.002964,172.31.46.0-255,66,207784,50,263335
6491,0.00298,172.31.46.0-255,66,207850,50,263335
6492,0.002986,172.217.160.0-255,5020,212870,50,263335
6493,0.002988,172.31.46.0-255,66,212936,50,263335
6494,0.003005,172.217.160.0-255,1484,214420,50,263335
6495,0.003009,172.217.160.0-255,2902,217322,50,263335
6496,0.003011,172.31.46.0-255,66,217388,50,263335
6497,0.003017,172.217.160.0-255,4320,221708,50,263335
6498,0.00302,172.31.46.0-255,66,221774,50,263335
6499,0.00304,172.217.160.0-255,1484,223258,50,263335
6500,0.003052,172.31.46.0-255,66,223324,50,263335
6501,0.003083,172.31.46.0-255,66,223390,50,263335
6502,0.003107,172.217.160.0-255,6438,229828,50,263335
6503,0.00311,172.31.46.0-255,66,229894,50,263335
6504,0.003128,172.31.46.0-255,66,229960,50,263335
6505,0.003135,172.217.160.0-255,5738,235698,50,263335
6506,0.003138,172.31.46.0-255,66,235764,50,263335
6507,0.003155,172.217.160.0-255,3602,239366,50,263335
6508,0.003159,172.31.46.0-255,66,239432,50,263335
6509,0.003164,172.217.160.0-255,4320,243752,50,263335
6510,0.003167,172.31.46.0-255,66,243818,50,263335
6511,0.003188,172.217.160.0-255,5738,249556,50,263335
6512,0.003191,172.31.46.0-255,66,249622,50,263335
6513,0.003197,172.217.160.0-255,4320,253942,50,263335
6514,0.003199,172.31.46.0-255,66,254008,50,263335
6515,0.003238,172.31.46.0-255,66,254074,50,263335
6516,0.003252,172.31.46.0-255,66,254140,50,263335
6517,0.003268,172.217.160.0-255,3602,257742,50,263335
6518,0.003271,172.31.46.0-255,66,257808,50,263335
6519,0.003282,172.31.46.0-255,66,257874,50,263335
6520,0.003325,172.217.160.0-255,4320,262194,50,263335
6521,0.003327,172.31.46.0-255,66,262260,50,263335
6522,0.003367,172.31.46.0-255,66,262326,50,263335
6523,0.003369,172.217.160.0-255,601,262927,50,263335
6524,0.003372,172.217.160.0-255,105,263032,50,263335
6525,0.00344,172.217.160.0-255,66,263098,50,263335
6526,0.007184,172.31.46.0-255,66,263164,50,263335
6527,0.007221,172.31.46.0-255,105,263269,50,263335
6528,0.008829,172.217.160.0-255,66,263335,50,263335
6529,0.0,172.31.46.0-255,105,105,50,276
6530,0.001802,157.240.13.0-255,105,210,50,276
6531,0.001816,172.31.46.0-255,66,276,50,276
6532,0.0,74.125.68.0-255,152,152,50,292263
6533,2.3e-05,172.31.46.0-255,66,218,50,292263
6534,4.1e-05,74.125.68.0-255,1484,1702,50,292263
6535,4.6e-05,172.31.46.0-255,66,1768,50,292263
6536,5.1e-05,74.125.68.0-255,2902,4670,50,292263
6537,5.4e-05,172.31.46.0-255,66,4736,50,292263
6538,8.2e-05,74.125.68.0-255,5738,10474,50,292263
6539,8.4e-05,172.31.46.0-255,66,10540,50,292263
6540,8.9e-05,74.125.68.0-255,2902,13442,50,292263
6541,9.1e-05,172.31.46.0-255,66,13508,50,292263
6542,0.000114,74.125.68.0-255,675,14183,50,292263
6543,0.000117,172.31.46.0-255,66,14249,50,292263
6544,0.000247,74.125.68.0-255,1484,15733,50,292263
6545,0.00025,172.31.46.0-255,66,15799,50,292263
6546,0.000253,74.125.68.0-255,1484,17283,50,292263
6547,0.000255,172.31.46.0-255,66,17349,50,292263
6548,0.000269,74.125.68.0-255,1484,18833,50,292263
6549,0.000271,172.31.46.0-255,66,18899,50,292263
6550,0.000278,74.125.68.0-255,5738,24637,50,292263
6551,0.000281,172.31.46.0-255,66,24703,50,292263
6552,0.000285,74.125.68.0-255,2902,27605,50,292263
6553,0.000287,172.31.46.0-255,66,27671,50,292263
6554,0.000291,74.125.68.0-255,1484,29155,50,292263
6555,0.000294,172.31.46.0-255,66,29221,50,292263
6556,0.000317,74.125.68.0-255,2543,31764,50,292263
6557,0.000321,172.31.46.0-255,66,31830,50,292263
6558,0.00035,74.125.68.0-255,2902,34732,50,292263
6559,0.000352,172.31.46.0-255,66,34798,50,292263
6560,0.000374,74.125.68.0-255,4320,39118,50,292263
6561,0.000377,172.31.46.0-255,66,39184,50,292263
6562,0.000387,172.31.46.0-255,66,39250,50,292263
6563,0.000389,74.125.68.0-255,1125,40375,50,292263
6564,0.000569,74.125.68.0-255,1484,41859,50,292263
6565,0.000572,172.31.46.0-255,66,41925,50,292263
6566,0.000577,74.125.68.0-255,2902,44827,50,292263
6567,0.00058,172.31.46.0-255,66,44893,50,292263
6568,0.000597,74.125.68.0-255,2902,47795,50,292263
6569,0.0006,172.31.46.0-255,66,47861,50,292263
6570,0.000633,74.125.68.0-255,4320,52181,50,292263
6571,0.000636,172.31.46.0-255,66,52247,50,292263
6572,0.000639,74.125.68.0-255,1484,53731,50,292263
6573,0.000655,74.125.68.0-255,2902,56633,50,292263
6574,0.000658,172.31.46.0-255,66,56699,50,292263
6575,0.000688,74.125.68.0-255,1399,58098,50,292263
6576,0.000828,74.125.68.0-255,1484,59582,50,292263
6577,0.000831,172.31.46.0-255,66,59648,50,292263
6578,0.000851,74.125.68.0-255,2902,62550,50,292263
6579,0.000854,172.31.46.0-255,66,62616,50,292263
6580,0.000859,74.125.68.0-255,4320,66936,50,292263
6581,0.000862,172.31.46.0-255,66,67002,50,292263
6582,0.000888,172.31.46.0-255,66,67068,50,292263
6583,0.000893,74.125.68.0-255,2902,69970,50,292263
6584,0.000895,172.31.46.0-255,66,70036,50,292263
6585,0.000922,74.125.68.0-255,4320,74356,50,292263
6586,0.000925,172.31.46.0-255,66,74422,50,292263
6587,0.000935,172.31.46.0-255,66,74488,50,292263
6588,0.000937,74.125.68.0-255,766,75254,50,292263
6589,0.000999,74.125.68.0-255,1484,76738,50,292263
6590,0.001002,172.31.46.0-255,66,76804,50,292263
6591,0.001021,74.125.68.0-255,2902,79706,50,292263
6592,0.001024,172.31.46.0-255,66,79772,50,292263
6593,0.001038,74.125.68.0-255,1484,81256,50,292263
6594,0.001056,74.125.68.0-255,4320,85576,50,292263
6595,0.001059,172.31.46.0-255,66,85642,50,292263
6596,0.001078,74.125.68.0-255,5738,91380,50,292263
6597,0.001081,172.31.46.0-255,66,91446,50,292263
6598,0.0011,74.125.68.0-255,1484,92930,50,292263
6599,0.001108,74.125.68.0-255,7156,100086,50,292263
6600,0.001111,172.31.46.0-255,66,100152,50,292263
6601,0.001117,74.125.68.0-255,4320,104472,50,292263
6602,0.001119,172.31.46.0-255,66,104538,50,292263
6603,0.001135,74.125.68.0-255,4320,108858,50,292263
6604,0.001138,172.31.46.0-255,66,108924,50,292263
6605,0.001141,74.125.68.0-255,1083,110007,50,292263
6606,0.001317,74.125.68.0-255,1484,111491,50,292263
6607,0.00132,172.31.46.0-255,66,111557,50,292263
6608,0.001349,74.125.68.0-255,1484,113041,50,292263
6609,0.001361,74.125.68.0-255,1484,114525,50,292263
6610,0.001364,172.31.46.0-255,66,114591,50,292263
6611,0.00138,74.125.68.0-255,1484,116075,50,292263
6612,0.001407,74.125.68.0-255,2902,118977,50,292263
6613,0.00141,172.31.46.0-255,66,119043,50,292263
6614,0.001451,74.125.68.0-255,2902,121945,50,292263
6615,0.001454,172.31.46.0-255,66,122011,50,292263
6616,0.001483,74.125.68.0-255,4320,126331,50,292263
6617,0.001487,172.31.46.0-255,66,126397,50,292263
6618,0.00152,74.125.68.0-255,1484,127881,50,292263
6619,0.00154,74.125.68.0-255,2902,130783,50,292263
6620,0.001543,172.31.46.0-255,66,130849,50,292263
6621,0.001568,74.125.68.0-255,4320,135169,50,292263
6622,0.001572,172.31.46.0-255,66,135235,50,292263
6623,0.001578,74.125.68.0-255,5738,140973,50,292263
6624,0.00158,172.31.46.0-255,66,141039,50,292263
6625,0.00161,74.125.68.0-255,3602,144641,50,292263
6626,0.001613,172.31.46.0-255,66,144707,50,292263
6627,0.001812,74.125.68.0-255,1484,146191,50,292263
6628,0.001837,74.125.68.0-255,2902,149093,50,292263
6629,0.00184,172.31.46.0-255,66,149159,50,292263
6630,0.001865,74.125.68.0-255,5738,154897,50,292263
6631,0.001868,172.31.46.0-255,66,154963,50,292263
6632,0.001871,74.125.68.0-255,1484,156447,50,292263
6633,0.001899,74.125.68.0-255,5738,162185,50,292263
6634,0.001902,172.31.46.0-255,66,162251,50,292263
6635,0.001915,172.31.46.0-255,66,162317,50,292263
6636,0.001937,74.125.68.0-255,4320,166637,50,292263
6637,0.00194,172.31.46.0-255,66,166703,50,292263
6638,0.001944,74.125.68.0-255,2184,168887,50,292263
6639,0.001946,172.31.46.0-255,66,168953,50,292263
6640,0.001988,172.31.46.0-255,66,169019,50,292263
6641,0.002014,172.31.46.0-255,66,169085,50,292263
6642,0.002034,74.125.68.0-255,4320,173405,50,292263
6643,0.002036,172.31.46.0-255,66,173471,50,292263
6644,0.002069,172.31.46.0-255,66,173537,50,292263
6645,0.002075,74.125.68.0-255,5738,179275,50,292263
6646,0.002078,172.31.46.0-255,66,179341,50,292263
6647,0.002122,74.125.68.0-255,2902,182243,50,292263
6648,0.002123,172.31.46.0-255,66,182309,50,292263
6649,0.002151,74.125.68.0-255,4320,186629,50,292263
6650,0.002153,172.31.46.0-255,66,186695,50,292263
6651,0.002167,172.31.46.0-255,66,186761,50,292263
6652,0.002174,74.125.68.0-255,5738,192499,50,292263
6653,0.002176,172.31.46.0-255,66,192565,50,292263
6654,0.002194,74.125.68.0-255,2184,194749,50,292263
6655,0.002197,172.31.46.0-255,66,194815,50,292263
6656,0.002219,74.125.68.0-255,7156,201971,50,292263
6657,0.002222,172.31.46.0-255,66,202037,50,292263
6658,0.002238,74.125.68.0-255,1484,203521,50,292263
6659,0.002243,74.125.68.0-255,2902,206423,50,292263
6660,0.002245,172.31.46.0-255,66,206489,50,292263
6661,0.002251,74.125.68.0-255,4320,210809,50,292263
6662,0.002253,172.31.46.0-255,66,210875,50,292263
6663,0.002261,74.125.68.0-255,7156,218031,50,292263
6664,0.002263,172.31.46.0-255,66,218097,50,292263
6665,0.002286,74.125.68.0-255,1484,219581,50,292263
6666,0.002291,74.125.68.0-255,2902,222483,50,292263
6667,0.002293,172.31.46.0-255,66,222549,50,292263
6668,0.002296,74.125.68.0-255,1484,224033,50,292263
6669,0.004553,74.125.68.0-255,4320,228353,50,292263
6670,0.004561,172.31.46.0-255,66,228419,50,292263
6671,0.006829,74.125.68.0-255,5738,234157,50,292263
6672,0.006838,172.31.46.0-255,66,234223,50,292263
6673,0.009098,74.125.68.0-255,5738,239961,50,292263
6674,0.009102,172.31.46.0-255,66,240027,50,292263
6675,0.011364,74.125.68.0-255,5738,245765,50,292263
6676,0.011372,172.31.46.0-255,66,245831,50,292263
6677,0.013637,74.125.68.0-255,5738,251569,50,292263
6678,0.013646,172.31.46.0-255,66,251635,50,292263
6679,0.015911,74.125.68.0-255,5738,257373,50,292263
6680,0.015921,172.31.46.0-255,66,257439,50,292263
6681,0.018204,74.125.68.0-255,5738,263177,50,292263
6682,0.018218,172.31.46.0-255,66,263243,50,292263
6683,0.020498,74.125.68.0-255,5738,268981,50,292263
6684,0.020515,172.31.46.0-255,66,269047,50,292263
6685,0.022795,74.125.68.0-255,5738,274785,50,292263
6686,0.022808,172.31.46.0-255,66,274851,50,292263
6687,0.025077,74.125.68.0-255,5738,280589,50,292263
6688,0.025088,172.31.46.0-255,66,280655,50,292263
6689,0.02736,74.125.68.0-255,5738,286393,50,292263
6690,0.02737,172.31.46.0-255,66,286459,50,292263
6691,0.029633,74.125.68.0-255,5738,292197,50,292263
6692,0.029643,172.31.46.0-255,66,292263,50,292263
6693,0.0,172.217.194.0-255,150,150,50,184863
6694,3.7e-05,172.31.46.0-255,66,216,50,184863
6695,4.4e-05,172.217.194.0-255,1484,1700,50,184863
6696,4.7e-05,172.31.46.0-255,66,1766,50,184863
6697,5.3e-05,172.217.194.0-255,2902,4668,50,184863
6698,5.5e-05,172.31.46.0-255,66,4734,50,184863
6699,6.9e-05,172.217.194.0-255,7156,11890,50,184863
6700,7.1e-05,172.31.46.0-255,66,11956,50,184863
6701,7.5e-05,172.217.194.0-255,2090,14046,50,184863
6702,7.8e-05,172.31.46.0-255,66,14112,50,184863
6703,0.000179,172.217.194.0-255,1484,15596,50,184863
6704,0.000183,172.31.46.0-255,66,15662,50,184863
6705,0.000187,172.217.194.0-255,1484,17146,50,184863
6706,0.000189,172.31.46.0-255,66,17212,50,184863
6707,0.000212,172.217.194.0-255,1484,18696,50,184863
6708,0.000215,172.31.46.0-255,66,18762,50,184863
6709,0.000221,172.217.194.0-255,5738,24500,50,184863
6710,0.000228,172.31.46.0-255,66,24566,50,184863
6711,0.000234,172.217.194.0-255,5738,30304,50,184863
6712,0.000236,172.31.46.0-255,66,30370,50,184863
6713,0.000265,172.217.194.0-255,2543,32913,50,184863
6714,0.000267,172.31.46.0-255,66,32979,50,184863
6715,0.000273,172.217.194.0-255,2902,35881,50,184863
6716,0.000276,172.31.46.0-255,66,35947,50,184863
6717,0.00028,172.217.194.0-255,2902,38849,50,184863
6718,0.000282,172.31.46.0-255,66,38915,50,184863
6719,0.000309,172.217.194.0-255,4320,43235,50,184863
6720,0.000313,172.31.46.0-255,66,43301,50,184863
6721,0.000319,172.217.194.0-255,5379,48680,50,184863
6722,0.000323,172.31.46.0-255,66,48746,50,184863
6723,0.0016,172.217.194.0-255,1484,50230,50,184863
6724,0.001607,172.31.46.0-255,66,50296,50,184863
6725,0.001618,172.217.194.0-255,2902,53198,50,184863
6726,0.00162,172.31.46.0-255,66,53264,50,184863
6727,0.001632,172.217.194.0-255,5738,59002,50,184863
6728,0.001634,172.31.46.0-255,66,59068,50,184863
6729,0.00164,172.217.194.0-255,6797,65865,50,184863
6730,0.001642,172.31.46.0-255,66,65931,50,184863
6731,0.001663,172.217.194.0-255,646,66577,50,184863
6732,0.001696,172.217.194.0-255,1484,68061,50,184863
6733,0.001699,172.31.46.0-255,66,68127,50,184863
6734,0.001719,172.217.194.0-255,4320,72447,50,184863
6735,0.001721,172.31.46.0-255,66,72513,50,184863
6736,0.001726,172.217.194.0-255,4320,76833,50,184863
6737,0.001728,172.31.46.0-255,66,76899,50,184863
6738,0.001755,172.217.194.0-255,2902,79801,50,184863
6739,0.001758,172.31.46.0-255,66,79867,50,184863
6740,0.001767,172.31.46.0-255,66,79933,50,184863
6741,0.001807,172.31.46.0-255,66,79999,50,184863
6742,0.001996,172.217.194.0-255,1484,81483,50,184863
6743,0.002,172.217.194.0-255,1484,82967,50,184863
6744,0.002003,172.31.46.0-255,66,83033,50,184863
6745,0.00203,172.217.194.0-255,1484,84517,50,184863
6746,0.002036,172.217.194.0-255,5738,90255,50,184863
6747,0.002038,172.31.46.0-255,66,90321,50,184863
6748,0.002045,172.217.194.0-255,7156,97477,50,184863
6749,0.002047,172.31.46.0-255,66,97543,50,184863
6750,0.002088,172.31.46.0-255,66,97609,50,184863
6751,0.002092,172.217.194.0-255,2184,99793,50,184863
6752,0.002094,172.31.46.0-255,66,99859,50,184863
6753,0.002141,172.217.194.0-255,4320,104179,50,184863
6754,0.002144,172.31.46.0-255,66,104245,50,184863
6755,0.002183,172.31.46.0-255,66,104311,50,184863
6756,0.002188,172.217.194.0-255,4320,108631,50,184863
6757,0.00219,172.31.46.0-255,66,108697,50,184863
6758,0.002227,172.31.46.0-255,66,108763,50,184863
6759,0.002257,172.217.194.0-255,4320,113083,50,184863
6760,0.00226,172.31.46.0-255,66,113149,50,184863
6761,0.002262,172.217.194.0-255,766,113915,50,184863
6762,0.002277,172.31.46.0-255,66,113981,50,184863
6763,0.002305,172.217.194.0-255,2902,116883,50,184863
6764,0.002308,172.31.46.0-255,66,116949,50,184863
6765,0.002325,172.31.46.0-255,66,117015,50,184863
6766,0.002335,172.31.46.0-255,66,117081,50,184863
6767,0.002337,172.217.194.0-255,766,117847,50,184863
6768,0.003116,172.31.46.0-255,66,117913,50,184863
6769,0.00466,172.217.194.0-255,4320,122233,50,184863
6770,0.004666,172.31.46.0-255,66,122299,50,184863
6771,0.004762,172.31.46.0-255,101,122400,50,184863
6772,0.005436,172.217.194.0-255,1484,123884,50,184863
6773,0.007006,172.217.194.0-255,4320,128204,50,184863
6774,0.007015,172.31.46.0-255,66,128270,50,184863
6775,0.00705,172.217.194.0-255,66,128336,50,184863
6776,0.009355,172.217.194.0-255,5738,134074,50,184863
6777,0.009372,172.31.46.0-255,66,134140,50,184863
6778,0.011696,172.217.194.0-255,5738,139878,50,184863
6779,0.011712,172.31.46.0-255,66,139944,50,184863
6780,0.014072,172.217.194.0-255,5738,145682,50,184863
6781,0.014086,172.31.46.0-255,66,145748,50,184863
6782,0.016394,172.217.194.0-255,5738,151486,50,184863
6783,0.01641,172.31.46.0-255,66,151552,50,184863
6784,0.018739,172.217.194.0-255,5738,157290,50,184863
6785,0.01875,172.31.46.0-255,66,157356,50,184863
6786,0.021097,172.217.194.0-255,5738,163094,50,184863
6787,0.021109,172.31.46.0-255,66,163160,50,184863
6788,0.023451,172.217.194.0-255,5738,168898,50,184863
6789,0.023463,172.31.46.0-255,66,168964,50,184863
6790,0.02576,172.217.194.0-255,5738,174702,50,184863
6791,0.025767,172.31.46.0-255,66,174768,50,184863
6792,0.026915,172.31.46.0-255,172,174940,50,184863
6793,0.026942,172.31.46.0-255,1113,176053,50,184863
6794,0.026979,172.31.46.0-255,1514,177567,50,184863
6795,0.026981,172.31.46.0-255,1294,178861,50,184863
6796,0.028102,172.217.194.0-255,5738,184599,50,184863
6797,0.028108,172.31.46.0-255,66,184665,50,184863
6798,0.028615,104.244.42.0-255,66,184731,50,184863
6799,0.028731,104.244.42.0-255,66,184797,50,184863
6800,0.028754,104.244.42.0-255,66,184863,50,184863
6801,0.0,74.125.200.0-255,151,151,50,253630
6802,1.8e-05,172.31.46.0-255,66,217,50,253630
6803,2.5e-05,74.125.200.0-255,1484,1701,50,253630
6804,2.9e-05,172.31.46.0-255,66,1767,50,253630
6805,3.4e-05,74.125.200.0-255,1484,3251,50,253630
6806,3.7e-05,172.31.46.0-255,66,3317,50,253630
6807,5.9e-05,74.125.200.0-255,1484,4801,50,253630
6808,6.3e-05,172.31.46.0-255,66,4867,50,253630
6809,7.1e-05,74.125.200.0-255,5738,10605,50,253630
6810,7.3e-05,172.31.46.0-255,66,10671,50,253630
6811,7.9e-05,74.125.200.0-255,3510,14181,50,253630
6812,8.1e-05,172.31.46.0-255,66,14247,50,253630
6813,0.000129,74.125.200.0-255,2902,17149,50,253630
6814,0.000131,172.31.46.0-255,66,17215,50,253630
6815,0.000143,74.125.200.0-255,1484,18699,50,253630
6816,0.000145,172.31.46.0-255,66,18765,50,253630
6817,0.00016,74.125.200.0-255,2902,21667,50,253630
6818,0.000169,172.31.46.0-255,66,21733,50,253630
6819,0.000173,74.125.200.0-255,1484,23217,50,253630
6820,0.000175,172.31.46.0-255,66,23283,50,253630
6821,0.000187,74.125.200.0-255,2902,26185,50,253630
6822,0.00019,172.31.46.0-255,66,26251,50,253630
6823,0.000221,74.125.200.0-255,5738,31989,50,253630
6824,0.000223,172.31.46.0-255,66,32055,50,253630
6825,0.000226,74.125.200.0-255,1484,33539,50,253630
6826,0.000228,172.31.46.0-255,66,33605,50,253630
6827,0.000275,172.31.46.0-255,66,33671,50,253630
6828,0.000294,74.125.200.0-255,2902,36573,50,253630
6829,0.000297,172.31.46.0-255,66,36639,50,253630
6830,0.000314,74.125.200.0-255,3602,40241,50,253630
6831,0.000316,172.31.46.0-255,66,40307,50,253630
6832,0.000566,74.125.200.0-255,1484,41791,50,253630
6833,0.000571,74.125.200.0-255,1484,43275,50,253630
6834,0.000588,74.125.200.0-255,1484,44759,50,253630
6835,0.000592,172.31.46.0-255,66,44825,50,253630
6836,0.000612,74.125.200.0-255,4320,49145,50,253630
6837,0.000618,172.31.46.0-255,66,49211,50,253630
6838,0.000629,74.125.200.0-255,4320,53531,50,253630
6839,0.000645,74.125.200.0-255,4269,57800,50,253630
6840,0.000652,172.31.46.0-255,66,57866,50,253630
6841,0.000954,74.125.200.0-255,1484,59350,50,253630
6842,0.000974,74.125.200.0-255,2902,62252,50,253630
6843,0.000977,172.31.46.0-255,66,62318,50,253630
6844,0.000983,74.125.200.0-255,5738,68056,50,253630
6845,0.00101,74.125.200.0-255,1484,69540,50,253630
6846,0.001023,74.125.200.0-255,4320,73860,50,253630
6847,0.001029,74.125.200.0-255,7156,81016,50,253630
6848,0.001047,74.125.200.0-255,1484,82500,50,253630
6849,0.001069,74.125.200.0-255,347,82847,50,253630
6850,0.001075,172.31.46.0-255,66,82913,50,253630
6851,0.001297,74.125.200.0-255,1484,84397,50,253630
6852,0.001303,74.125.200.0-255,2902,87299,50,253630
6853,0.001306,172.31.46.0-255,66,87365,50,253630
6854,0.001309,74.125.200.0-255,1484,88849,50,253630
6855,0.001322,74.125.200.0-255,4320,93169,50,253630
6856,0.001336,172.31.46.0-255,66,93235,50,253630
6857,0.001364,172.31.46.0-255,66,93301,50,253630
6858,0.001384,74.125.200.0-255,4320,97621,50,253630
6859,0.001389,172.31.46.0-255,66,97687,50,253630
6860,0.001408,74.125.200.0-255,2902,100589,50,253630
6861,0.001416,172.31.46.0-255,66,100655,50,253630
6862,0.001464,172.31.46.0-255,66,100721,50,253630
6863,0.001715,74.125.200.0-255,1484,102205,50,253630
6864,0.001731,74.125.200.0-255,2902,105107,50,253630
6865,0.001734,172.31.46.0-255,66,105173,50,253630
6866,0.001762,74.125.200.0-255,5738,110911,50,253630
6867,0.001766,74.125.200.0-255,2902,113813,50,253630
6868,0.001786,74.125.200.0-255,4320,118133,50,253630
6869,0.001805,74.125.200.0-255,2902,121035,50,253630
6870,0.001855,74.125.200.0-255,2184,123219,50,253630
6871,0.001891,74.125.200.0-255,1484,124703,50,253630
6872,0.001905,74.125.200.0-255,1484,126187,50,253630
6873,0.00191,74.125.200.0-255,2902,129089,50,253630
6874,0.001915,74.125.200.0-255,4320,133409,50,253630
6875,0.001937,74.125.200.0-255,1484,134893,50,253630
6876,0.001958,74.125.200.0-255,7156,142049,50,253630
6877,0.001963,74.125.200.0-255,4320,146369,50,253630
6878,0.001979,74.125.200.0-255,2902,149271,50,253630
6879,0.001984,74.125.200.0-255,4320,153591,50,253630
6880,0.001997,74.125.200.0-255,3602,157193,50,253630
6881,0.002228,74.125.200.0-255,1484,158677,50,253630
6882,0.00224,74.125.200.0-255,1484,160161,50,253630
6883,0.002254,74.125.200.0-255,1484,161645,50,253630
6884,0.00226,74.125.200.0-255,5738,167383,50,253630
6885,0.002263,74.125.200.0-255,1484,168867,50,253630
6886,0.002281,74.125.200.0-255,1484,170351,50,253630
6887,0.002286,74.125.200.0-255,4320,174671,50,253630
6888,0.002299,74.125.200.0-255,2902,177573,50,253630
6889,0.002312,74.125.200.0-255,5738,183311,50,253630
6890,0.002317,74.125.200.0-255,4320,187631,50,253630
6891,0.002334,74.125.200.0-255,3602,191233,50,253630
6892,0.005553,172.31.46.0-255,66,191299,50,253630
6893,0.007898,74.125.200.0-255,5738,197037,50,253630
6894,0.007904,172.31.46.0-255,66,197103,50,253630
6895,0.010218,74.125.200.0-255,5738,202841,50,253630
6896,0.010228,172.31.46.0-255,66,202907,50,253630
6897,0.012555,74.125.200.0-255,5738,208645,50,253630
6898,0.012565,172.31.46.0-255,66,208711,50,253630
6899,0.014925,74.125.200.0-255,5738,214449,50,253630
6900,0.014933,172.31.46.0-255,66,214515,50,253630
6901,0.017248,74.125.200.0-255,5738,220253,50,253630
6902,0.017256,172.31.46.0-255,66,220319,50,253630
6903,0.019579,74.125.200.0-255,5738,226057,50,253630
6904,0.019592,172.31.46.0-255,66,226123,50,253630
6905,0.021925,74.125.200.0-255,5738,231861,50,253630
6906,0.021937,172.31.46.0-255,66,231927,50,253630
6907,0.024262,74.125.200.0-255,5738,237665,50,253630
6908,0.024269,172.31.46.0-255,66,237731,50,253630
6909,0.025776,172.31.46.0-255,172,237903,50,253630
6910,0.025805,172.31.46.0-255,1113,239016,50,253630
6911,0.025855,172.31.46.0-255,1514,240530,50,253630
6912,0.025856,172.31.46.0-255,1294,241824,50,253630
6913,0.026585,74.125.200.0-255,5738,247562,50,253630
6914,0.026592,172.31.46.0-255,66,247628,50,253630
6915,0.027294,104.244.42.0-255,66,247694,50,253630
6916,0.027433,104.244.42.0-255,66,247760,50,253630
6917,0.027439,104.244.42.0-255,66,247826,50,253630
6918,0.028923,74.125.200.0-255,5738,253564,50,253630
6919,0.02893,172.31.46.0-255,66,253630,50,253630
6920,0.0,74.125.68.0-255,153,153,50,223344
6921,1.5e-05,172.31.46.0-255,66,219,50,223344
6922,2.1e-05,74.125.68.0-255,1484,1703,50,223344
6923,2.6e-05,172.31.46.0-255,66,1769,50,223344
6924,6.4e-05,74.125.68.0-255,2902,4671,50,223344
6925,6.8e-05,172.31.46.0-255,66,4737,50,223344
6926,7.6e-05,74.125.68.0-255,7156,11893,50,223344
6927,7.9e-05,172.31.46.0-255,66,11959,50,223344
6928,8.2e-05,74.125.68.0-255,1484,13443,50,223344
6929,8.4e-05,172.31.46.0-255,66,13509,50,223344
6930,0.000117,74.125.68.0-255,6259,19768,50,223344
6931,0.000124,172.31.46.0-255,66,19834,50,223344
6932,0.000129,74.125.68.0-255,2902,22736,50,223344
6933,0.000131,172.31.46.0-255,66,22802,50,223344
6934,0.000135,74.125.68.0-255,2902,25704,50,223344
6935,0.000138,172.31.46.0-255,66,25770,50,223344
6936,0.000189,172.31.46.0-255,66,25836,50,223344
6937,0.000195,74.125.68.0-255,5738,31574,50,223344
6938,0.000198,172.31.46.0-255,66,31640,50,223344
6939,0.000201,74.125.68.0-255,1484,33124,50,223344
6940,0.000207,172.31.46.0-255,66,33190,50,223344
6941,0.000232,74.125.68.0-255,5020,38210,50,223344
6942,0.000234,172.31.46.0-255,66,38276,50,223344
6943,0.000283,74.125.68.0-255,1484,39760,50,223344
6944,0.000285,172.31.46.0-255,66,39826,50,223344
6945,0.00029,74.125.68.0-255,2902,42728,50,223344
6946,0.000292,172.31.46.0-255,66,42794,50,223344
6947,0.000317,74.125.68.0-255,4320,47114,50,223344
6948,0.000319,172.31.46.0-255,66,47180,50,223344
6949,0.000344,74.125.68.0-255,5738,52918,50,223344
6950,0.000347,172.31.46.0-255,66,52984,50,223344
6951,0.000372,74.125.68.0-255,2853,55837,50,223344
6952,0.000374,172.31.46.0-255,66,55903,50,223344
6953,0.000382,74.125.68.0-255,111,56014,50,223344
6954,0.000716,74.125.68.0-255,1484,57498,50,223344
6955,0.000722,172.31.46.0-255,66,57564,50,223344
6956,0.000728,74.125.68.0-255,2902,60466,50,223344
6957,0.000731,172.31.46.0-255,66,60532,50,223344
6958,0.000766,74.125.68.0-255,2902,63434,50,223344
6959,0.000769,172.31.46.0-255,66,63500,50,223344
6960,0.000774,74.125.68.0-255,2902,66402,50,223344
6961,0.000776,172.31.46.0-255,66,66468,50,223344
6962,0.000809,74.125.68.0-255,1484,67952,50,223344
6963,0.000821,172.31.46.0-255,66,68018,50,223344
6964,0.000826,74.125.68.0-255,4320,72338,50,223344
6965,0.000828,172.31.46.0-255,66,72404,50,223344
6966,0.000831,74.125.68.0-255,1484,73888,50,223344
6967,0.000856,74.125.68.0-255,4320,78208,50,223344
6968,0.000859,172.31.46.0-255,66,78274,50,223344
6969,0.000883,74.125.68.0-255,3602,81876,50,223344
6970,0.000888,172.31.46.0-255,66,81942,50,223344
6971,0.000897,74.125.68.0-255,1484,83426,50,223344
6972,0.00093,74.125.68.0-255,2902,86328,50,223344
6973,0.000933,172.31.46.0-255,66,86394,50,223344
6974,0.000943,74.125.68.0-255,4320,90714,50,223344
6975,0.000946,172.31.46.0-255,66,90780,50,223344
6976,0.000986,74.125.68.0-255,2902,93682,50,223344
6977,0.000989,172.31.46.0-255,66,93748,50,223344
6978,0.000999,172.31.46.0-255,66,93814,50,223344
6979,0.001013,172.31.46.0-255,66,93880,50,223344
6980,0.001019,74.125.68.0-255,5285,99165,50,223344
6981,0.001022,172.31.46.0-255,66,99231,50,223344
6982,0.001456,74.125.68.0-255,1484,100715,50,223344
6983,0.001463,74.125.68.0-255,1484,102199,50,223344
6984,0.001467,172.31.46.0-255,66,102265,50,223344
6985,0.001473,74.125.68.0-255,2902,105167,50,223344
6986,0.001476,172.31.46.0-255,66,105233,50,223344
6987,0.001512,74.125.68.0-255,5738,110971,50,223344
6988,0.001514,172.31.46.0-255,66,111037,50,223344
6989,0.001544,172.31.46.0-255,66,111103,50,223344
6990,0.00157,74.125.68.0-255,5738,116841,50,223344
6991,0.001572,172.31.46.0-255,66,116907,50,223344
6992,0.001593,74.125.68.0-255,4320,121227,50,223344
6993,0.001595,172.31.46.0-255,66,121293,50,223344
6994,0.001619,74.125.68.0-255,1484,122777,50,223344
6995,0.001632,74.125.68.0-255,2184,124961,50,223344
6996,0.001635,172.31.46.0-255,66,125027,50,223344
6997,0.001855,74.125.68.0-255,1484,126511,50,223344
6998,0.00187,74.125.68.0-255,2902,129413,50,223344
6999,0.001875,172.31.46.0-255,66,129479,50,223344
7000,0.00188,74.125.68.0-255,2902,132381,50,223344
7001,0.001882,172.31.46.0-255,66,132447,50,223344
7002,0.001913,74.125.68.0-255,4320,136767,50,223344
7003,0.001916,172.31.46.0-255,66,136833,50,223344
7004,0.001957,172.31.46.0-255,66,136899,50,223344
7005,0.001962,74.125.68.0-255,4320,141219,50,223344
7006,0.001964,172.31.46.0-255,66,141285,50,223344
7007,0.001982,74.125.68.0-255,1484,142769,50,223344
7008,0.001989,74.125.68.0-255,7156,149925,50,223344
7009,0.001996,172.31.46.0-255,66,149991,50,223344
7010,0.001998,74.125.68.0-255,766,150757,50,223344
7011,0.004232,74.125.68.0-255,4320,155077,50,223344
7012,0.00424,172.31.46.0-255,66,155143,50,223344
7013,0.006487,74.125.68.0-255,5738,160881,50,223344
7014,0.006494,172.31.46.0-255,66,160947,50,223344
7015,0.00875,74.125.68.0-255,5738,166685,50,223344
7016,0.008758,172.31.46.0-255,66,166751,50,223344
7017,0.011012,74.125.68.0-255,5738,172489,50,223344
7018,0.01102,172.31.46.0-255,66,172555,50,223344
7019,0.013271,74.125.68.0-255,5738,178293,50,223344
7020,0.013279,172.31.46.0-255,66,178359,50,223344
7021,0.015527,74.125.68.0-255,5738,184097,50,223344
7022,0.015536,172.31.46.0-255,66,184163,50,223344
7023,0.017773,74.125.68.0-255,5738,189901,50,223344
7024,0.017781,172.31.46.0-255,66,189967,50,223344
7025,0.020026,74.125.68.0-255,5738,195705,50,223344
7026,0.020034,172.31.46.0-255,66,195771,50,223344
7027,0.022324,74.125.68.0-255,5738,201509,50,223344
7028,0.022333,172.31.46.0-255,66,201575,50,223344
7029,0.024585,74.125.68.0-255,5738,207313,50,223344
7030,0.024593,172.31.46.0-255,66,207379,50,223344
7031,0.026145,172.31.46.0-255,172,207551,50,223344
7032,0.026176,172.31.46.0-255,1113,208664,50,223344
7033,0.026248,172.31.46.0-255,1514,210178,50,223344
7034,0.026249,172.31.46.0-255,1294,211472,50,223344
7035,0.026878,74.125.68.0-255,5738,217210,50,223344
7036,0.026885,172.31.46.0-255,66,217276,50,223344
7037,0.027706,104.244.42.0-255,66,217342,50,223344
7038,0.027714,104.244.42.0-255,66,217408,50,223344
7039,0.027776,104.244.42.0-255,66,217474,50,223344
7040,0.029118,74.125.68.0-255,4320,221794,50,223344
7041,0.029125,172.31.46.0-255,66,221860,50,223344
7042,0.029152,74.125.68.0-255,1484,223344,50,223344
7043,0.0,172.31.46.0-255,105,105,50,459
7044,0.000361,172.31.46.0-255,90,195,50,459
7045,0.000381,172.31.46.0-255,66,261,50,459
7046,0.002965,74.125.68.0-255,66,327,50,459
7047,0.003,74.125.68.0-255,66,393,50,459
7048,0.003025,172.31.46.0-255,66,459,50,459
7049,0.0,74.125.68.0-255,145,145,50,171810
7050,2.5e-05,172.31.46.0-255,66,211,50,171810
7051,3.1e-05,74.125.68.0-255,1484,1695,50,171810
7052,3.6e-05,172.31.46.0-255,66,1761,50,171810
7053,4.3e-05,74.125.68.0-255,2902,4663,50,171810
7054,4.6e-05,172.31.46.0-255,66,4729,50,171810
7055,5.4e-05,74.125.68.0-255,7156,11885,50,171810
7056,5.7e-05,172.31.46.0-255,66,11951,50,171810
7057,8.7e-05,74.125.68.0-255,2082,14033,50,171810
7058,8.9e-05,172.31.46.0-255,66,14099,50,171810
7059,0.000107,74.125.68.0-255,2902,17001,50,171810
7060,0.000109,172.31.46.0-255,66,17067,50,171810
7061,0.000141,74.125.68.0-255,7156,24223,50,171810
7062,0.000144,172.31.46.0-255,66,24289,50,171810
7063,0.000149,74.125.68.0-255,2902,27191,50,171810
7064,0.000151,172.31.46.0-255,66,27257,50,171810
7065,0.000191,74.125.68.0-255,3961,31218,50,171810
7066,0.000194,172.31.46.0-255,66,31284,50,171810
7067,0.000252,74.125.68.0-255,1484,32768,50,171810
7068,0.000255,172.31.46.0-255,66,32834,50,171810
7069,0.000275,74.125.68.0-255,2902,35736,50,171810
7070,0.000278,172.31.46.0-255,66,35802,50,171810
7071,0.000284,74.125.68.0-255,5738,41540,50,171810
7072,0.000286,172.31.46.0-255,66,41606,50,171810
7073,0.000291,74.125.68.0-255,2902,44508,50,171810
7074,0.000293,172.31.46.0-255,66,44574,50,171810
7075,0.000341,74.125.68.0-255,2902,47476,50,171810
7076,0.000344,172.31.46.0-255,66,47542,50,171810
7077,0.000371,172.31.46.0-255,66,47608,50,171810
7078,0.000374,74.125.68.0-255,1484,49092,50,171810
7079,0.000376,172.31.46.0-255,66,49158,50,171810
7080,0.000381,74.125.68.0-255,2902,52060,50,171810
7081,0.000383,172.31.46.0-255,66,52126,50,171810
7082,0.000389,74.125.68.0-255,5688,57814,50,171810
7083,0.000391,172.31.46.0-255,66,57880,50,171810
7084,0.000509,74.125.68.0-255,113,57993,50,171810
7085,0.000561,74.125.68.0-255,330,58323,50,171810
7086,0.00086,74.125.68.0-255,1484,59807,50,171810
7087,0.000865,172.31.46.0-255,66,59873,50,171810
7088,0.00091,74.125.68.0-255,2902,62775,50,171810
7089,0.000913,172.31.46.0-255,66,62841,50,171810
7090,0.000919,74.125.68.0-255,5738,68579,50,171810
7091,0.000922,172.31.46.0-255,66,68645,50,171810
7092,0.000926,74.125.68.0-255,2902,71547,50,171810
7093,0.000928,172.31.46.0-255,66,71613,50,171810
7094,0.000935,74.125.68.0-255,4320,75933,50,171810
7095,0.000937,172.31.46.0-255,66,75999,50,171810
7096,0.00097,172.31.46.0-255,66,76065,50,171810
7097,0.000976,74.125.68.0-255,4320,80385,50,171810
7098,0.000978,172.31.46.0-255,66,80451,50,171810
7099,0.001018,74.125.68.0-255,3602,84053,50,171810
7100,0.001022,172.31.46.0-255,66,84119,50,171810
7101,0.002294,74.125.68.0-255,1484,85603,50,171810
7102,0.002306,74.125.68.0-255,2902,88505,50,171810
7103,0.002311,172.31.46.0-255,66,88571,50,171810
7104,0.002316,74.125.68.0-255,1484,90055,50,171810
7105,0.002336,74.125.68.0-255,4320,94375,50,171810
7106,0.002338,172.31.46.0-255,66,94441,50,171810
7107,0.002344,74.125.68.0-255,4320,98761,50,171810
7108,0.002346,172.31.46.0-255,66,98827,50,171810
7109,0.002377,74.125.68.0-255,5738,104565,50,171810
7110,0.002379,172.31.46.0-255,66,104631,50,171810
7111,0.004725,74.125.68.0-255,2902,107533,50,171810
7112,0.004728,172.31.46.0-255,66,107599,50,171810
7113,0.004746,74.125.68.0-255,2902,110501,50,171810
7114,0.004748,172.31.46.0-255,66,110567,50,171810
7115,0.007066,74.125.68.0-255,2902,113469,50,171810
7116,0.007073,172.31.46.0-255,66,113535,50,171810
7117,0.007097,74.125.68.0-255,2902,116437,50,171810
7118,0.0071,172.31.46.0-255,66,116503,50,171810
7119,0.00943,74.125.68.0-255,2902,119405,50,171810
7120,0.009445,172.31.46.0-255,66,119471,50,171810
7121,0.00949,74.125.68.0-255,2902,122373,50,171810
7122,0.009494,172.31.46.0-255,66,122439,50,171810
7123,0.011819,74.125.68.0-255,4320,126759,50,171810
7124,0.011833,172.31.46.0-255,66,126825,50,171810
7125,0.011857,74.125.68.0-255,1484,128309,50,171810
7126,0.014196,74.125.68.0-255,4320,132629,50,171810
7127,0.014211,172.31.46.0-255,66,132695,50,171810
7128,0.016568,74.125.68.0-255,5738,138433,50,171810
7129,0.016581,172.31.46.0-255,66,138499,50,171810
7130,0.01895,74.125.68.0-255,5738,144237,50,171810
7131,0.018969,172.31.46.0-255,66,144303,50,171810
7132,0.021314,74.125.68.0-255,5738,150041,50,171810
7133,0.021321,172.31.46.0-255,66,150107,50,171810
7134,0.022309,172.31.46.0-255,172,150279,50,171810
7135,0.022346,172.31.46.0-255,1113,151392,50,171810
7136,0.022405,172.31.46.0-255,1514,152906,50,171810
7137,0.022407,172.31.46.0-255,1294,154200,50,171810
7138,0.023684,74.125.68.0-255,5738,159938,50,171810
7139,0.023694,172.31.46.0-255,66,160004,50,171810
7140,0.023834,104.244.42.0-255,66,160070,50,171810
7141,0.023888,104.244.42.0-255,66,160136,50,171810
7142,0.023982,104.244.42.0-255,66,160202,50,171810
7143,0.026043,74.125.68.0-255,5738,165940,50,171810
7144,0.026051,172.31.46.0-255,66,166006,50,171810
7145,0.028423,74.125.68.0-255,5738,171744,50,171810
7146,0.028434,172.31.46.0-255,66,171810,50,171810
7147,0.0,74.125.130.0-255,298,298,50,253535
7148,1.9e-05,172.31.46.0-255,66,364,50,253535
7149,4.7e-05,74.125.130.0-255,1484,1848,50,253535
7150,5e-05,172.31.46.0-255,66,1914,50,253535
7151,5.3e-05,74.125.130.0-255,1484,3398,50,253535
7152,5.6e-05,172.31.46.0-255,66,3464,50,253535
7153,6.2e-05,74.125.130.0-255,2902,6366,50,253535
7154,6.5e-05,172.31.46.0-255,66,6432,50,253535
7155,9.5e-05,74.125.130.0-255,4320,10752,50,253535
7156,9.8e-05,172.31.46.0-255,66,10818,50,253535
7157,0.000151,74.125.130.0-255,3276,14094,50,253535
7158,0.000154,172.31.46.0-255,66,14160,50,253535
7159,0.000357,74.125.130.0-255,1484,15644,50,253535
7160,0.000363,172.31.46.0-255,66,15710,50,253535
7161,0.000369,74.125.130.0-255,2902,18612,50,253535
7162,0.000371,172.31.46.0-255,66,18678,50,253535
7163,0.000383,74.125.130.0-255,1484,20162,50,253535
7164,0.000386,172.31.46.0-255,66,20228,50,253535
7165,0.000408,74.125.130.0-255,4320,24548,50,253535
7166,0.000411,172.31.46.0-255,66,24614,50,253535
7167,0.000447,74.125.130.0-255,6797,31411,50,253535
7168,0.00045,172.31.46.0-255,66,31477,50,253535
7169,0.000453,74.125.130.0-255,1484,32961,50,253535
7170,0.000455,172.31.46.0-255,66,33027,50,253535
7171,0.000459,74.125.130.0-255,2902,35929,50,253535
7172,0.000461,172.31.46.0-255,66,35995,50,253535
7173,0.000484,74.125.130.0-255,4320,40315,50,253535
7174,0.000487,172.31.46.0-255,66,40381,50,253535
7175,0.000506,74.125.130.0-255,1484,41865,50,253535
7176,0.000508,172.31.46.0-255,66,41931,50,253535
7177,0.000513,74.125.130.0-255,4320,46251,50,253535
7178,0.000515,172.31.46.0-255,66,46317,50,253535
7179,0.000522,74.125.130.0-255,5738,52055,50,253535
7180,0.000524,172.31.46.0-255,66,52121,50,253535
7181,0.00054,74.125.130.0-255,2902,55023,50,253535
7182,0.000543,172.31.46.0-255,66,55089,50,253535
7183,0.000564,172.31.46.0-255,66,55155,50,253535
7184,0.000568,74.125.130.0-255,2184,57339,50,253535
7185,0.00057,172.31.46.0-255,66,57405,50,253535
7186,0.000587,74.125.130.0-255,377,57782,50,253535
7187,0.000622,74.125.130.0-255,99,57881,50,253535
7188,0.000733,74.125.130.0-255,1484,59365,50,253535
7189,0.000737,172.31.46.0-255,66,59431,50,253535
7190,0.000743,74.125.130.0-255,2902,62333,50,253535
7191,0.000745,172.31.46.0-255,66,62399,50,253535
7192,0.000763,74.125.130.0-255,1484,63883,50,253535
7193,0.000768,74.125.130.0-255,2902,66785,50,253535
7194,0.000771,172.31.46.0-255,66,66851,50,253535
7195,0.000796,74.125.130.0-255,5738,72589,50,253535
7196,0.0008,172.31.46.0-255,66,72655,50,253535
7197,0.000819,74.125.130.0-255,4320,76975,50,253535
7198,0.000821,172.31.46.0-255,66,77041,50,253535
7199,0.000826,74.125.130.0-255,2902,79943,50,253535
7200,0.000828,172.31.46.0-255,66,80009,50,253535
7201,0.000852,74.125.130.0-255,2902,82911,50,253535
7202,0.000855,172.31.46.0-255,66,82977,50,253535
7203,0.000859,74.125.130.0-255,2902,85879,50,253535
7204,0.000861,172.31.46.0-255,66,85945,50,253535
7205,0.000878,74.125.130.0-255,6438,92383,50,253535
7206,0.000881,172.31.46.0-255,66,92449,50,253535
7207,0.000884,74.125.130.0-255,364,92813,50,253535
7208,0.00105,74.125.130.0-255,1484,94297,50,253535
7209,0.001054,172.31.46.0-255,66,94363,50,253535
7210,0.001059,74.125.130.0-255,2902,97265,50,253535
7211,0.001061,172.31.46.0-255,66,97331,50,253535
7212,0.001089,74.125.130.0-255,4320,101651,50,253535
7213,0.001092,172.31.46.0-255,66,101717,50,253535
7214,0.001102,74.125.130.0-255,1484,103201,50,253535
7215,0.001105,74.125.130.0-255,1484,104685,50,253535
7216,0.001107,172.31.46.0-255,66,104751,50,253535
7217,0.001133,74.125.130.0-255,4320,109071,50,253535
7218,0.001135,172.31.46.0-255,66,109137,50,253535
7219,0.001142,74.125.130.0-255,7156,116293,50,253535
7220,0.001145,172.31.46.0-255,66,116359,50,253535
7221,0.001172,74.125.130.0-255,7156,123515,50,253535
7222,0.001175,172.31.46.0-255,66,123581,50,253535
7223,0.001212,74.125.130.0-255,1484,125065,50,253535
7224,0.001232,74.125.130.0-255,2184,127249,50,253535
7225,0.001235,172.31.46.0-255,66,127315,50,253535
7226,0.00128,74.125.130.0-255,1484,128799,50,253535
7227,0.001284,74.125.130.0-255,1484,130283,50,253535
7228,0.001287,172.31.46.0-255,66,130349,50,253535
7229,0.001304,74.125.130.0-255,1484,131833,50,253535
7230,0.001312,74.125.130.0-255,4320,136153,50,253535
7231,0.001315,172.31.46.0-255,66,136219,50,253535
7232,0.001341,74.125.130.0-255,1484,137703,50,253535
7233,0.001348,74.125.130.0-255,7156,144859,50,253535
7234,0.001351,172.31.46.0-255,66,144925,50,253535
7235,0.001368,74.125.130.0-255,4320,149245,50,253535
7236,0.001371,172.31.46.0-255,66,149311,50,253535
7237,0.001399,172.31.46.0-255,66,149377,50,253535
7238,0.001424,74.125.130.0-255,2184,151561,50,253535
7239,0.001426,172.31.46.0-255,66,151627,50,253535
7240,0.001661,74.125.130.0-255,1484,153111,50,253535
7241,0.001666,74.125.130.0-255,1484,154595,50,253535
7242,0.001669,172.31.46.0-255,66,154661,50,253535
7243,0.001687,74.125.130.0-255,1484,156145,50,253535
7244,0.00169,74.125.130.0-255,1484,157629,50,253535
7245,0.001692,172.31.46.0-255,66,157695,50,253535
7246,0.001715,74.125.130.0-255,4320,162015,50,253535
7247,0.001718,172.31.46.0-255,66,162081,50,253535
7248,0.001757,74.125.130.0-255,4320,166401,50,253535
7249,0.001759,172.31.46.0-255,66,166467,50,253535
7250,0.00178,74.125.130.0-255,5738,172205,50,253535
7251,0.001783,172.31.46.0-255,66,172271,50,253535
7252,0.001794,172.31.46.0-255,66,172337,50,253535
7253,0.001798,74.125.130.0-255,2184,174521,50,253535
7254,0.0018,172.31.46.0-255,66,174587,50,253535
7255,0.003758,74.125.130.0-255,2902,177489,50,253535
7256,0.003766,172.31.46.0-255,66,177555,50,253535
7257,0.003788,74.125.130.0-255,2902,180457,50,253535
7258,0.003791,172.31.46.0-255,66,180523,50,253535
7259,0.00572,74.125.130.0-255,2902,183425,50,253535
7260,0.005723,172.31.46.0-255,66,183491,50,253535
7261,0.005743,74.125.130.0-255,2902,186393,50,253535
7262,0.005746,172.31.46.0-255,66,186459,50,253535
7263,0.007691,74.125.130.0-255,2902,189361,50,253535
7264,0.007698,172.31.46.0-255,66,189427,50,253535
7265,0.007719,74.125.130.0-255,2902,192329,50,253535
7266,0.007722,172.31.46.0-255,66,192395,50,253535
7267,0.009653,74.125.130.0-255,4320,196715,50,253535
7268,0.00966,172.31.46.0-255,66,196781,50,253535
7269,0.009679,74.125.130.0-255,1484,198265,50,253535
7270,0.011615,74.125.130.0-255,4320,202585,50,253535
7271,0.011623,172.31.46.0-255,66,202651,50,253535
7272,0.013581,74.125.130.0-255,5738,208389,50,253535
7273,0.013589,172.31.46.0-255,66,208455,50,253535
7274,0.015553,74.125.130.0-255,5738,214193,50,253535
7275,0.01556,172.31.46.0-255,66,214259,50,253535
7276,0.017536,74.125.130.0-255,5738,219997,50,253535
7277,0.017545,172.31.46.0-255,66,220063,50,253535
7278,0.019524,74.125.130.0-255,5738,225801,50,253535
7279,0.019533,172.31.46.0-255,66,225867,50,253535
7280,0.021491,74.125.130.0-255,5738,231605,50,253535
7281,0.021498,172.31.46.0-255,66,231671,50,253535
7282,0.023459,74.125.130.0-255,5738,237409,50,253535
7283,0.023466,172.31.46.0-255,66,237475,50,253535
7284,0.025427,74.125.130.0-255,4320,241795,50,253535
7285,0.025435,172.31.46.0-255,66,241861,50,253535
7286,0.025455,74.125.130.0-255,1484,243345,50,253535
7287,0.027413,74.125.130.0-255,4320,247665,50,253535
7288,0.02742,172.31.46.0-255,66,247731,50,253535
7289,0.029393,74.125.130.0-255,5738,253469,50,253535
7290,0.029401,172.31.46.0-255,66,253535,50,253535
7291,0.0,172.31.46.0-255,173,173,50,239
7292,0.006334,74.125.24.0-255,66,239,50,239
7293,0.0,74.125.200.0-255,147,147,50,280967
7294,1.5e-05,172.31.46.0-255,66,213,50,280967
7295,2.2e-05,74.125.200.0-255,1484,1697,50,280967
7296,2.6e-05,172.31.46.0-255,66,1763,50,280967
7297,3.2e-05,74.125.200.0-255,2902,4665,50,280967
7298,3.5e-05,172.31.46.0-255,66,4731,50,280967
7299,4.1e-05,74.125.200.0-255,4320,9051,50,280967
7300,4.4e-05,172.31.46.0-255,66,9117,50,280967
7301,8.3e-05,172.31.46.0-255,66,9183,50,280967
7302,8.9e-05,74.125.200.0-255,4320,13503,50,280967
7303,9.2e-05,172.31.46.0-255,66,13569,50,280967
7304,0.000133,74.125.200.0-255,4320,17889,50,280967
7305,0.000136,172.31.46.0-255,66,17955,50,280967
7306,0.000152,74.125.200.0-255,3961,21916,50,280967
7307,0.000154,172.31.46.0-255,66,21982,50,280967
7308,0.000211,74.125.200.0-255,1484,23466,50,280967
7309,0.000213,172.31.46.0-255,66,23532,50,280967
7310,0.000228,74.125.200.0-255,1484,25016,50,280967
7311,0.000231,172.31.46.0-255,66,25082,50,280967
7312,0.000235,74.125.200.0-255,2902,27984,50,280967
7313,0.000238,172.31.46.0-255,66,28050,50,280967
7314,0.000256,74.125.200.0-255,5738,33788,50,280967
7315,0.000259,172.31.46.0-255,66,33854,50,280967
7316,0.000287,74.125.200.0-255,4320,38174,50,280967
7317,0.00029,172.31.46.0-255,66,38240,50,280967
7318,0.000318,74.125.200.0-255,2902,41142,50,280967
7319,0.000321,172.31.46.0-255,66,41208,50,280967
7320,0.000336,74.125.200.0-255,2902,44110,50,280967
7321,0.000339,172.31.46.0-255,66,44176,50,280967
7322,0.000342,74.125.200.0-255,1484,45660,50,280967
7323,0.000344,172.31.46.0-255,66,45726,50,280967
7324,0.000358,74.125.200.0-255,2902,48628,50,280967
7325,0.00036,172.31.46.0-255,66,48694,50,280967
7326,0.000397,74.125.200.0-255,1484,50178,50,280967
7327,0.000419,74.125.200.0-255,2902,53080,50,280967
7328,0.000422,172.31.46.0-255,66,53146,50,280967
7329,0.000426,74.125.200.0-255,1484,54630,50,280967
7330,0.000439,74.125.200.0-255,1484,56114,50,280967
7331,0.000441,172.31.46.0-255,66,56180,50,280967
7332,0.000456,74.125.200.0-255,766,56946,50,280967
7333,0.000472,74.125.200.0-255,361,57307,50,280967
7334,0.000497,74.125.200.0-255,131,57438,50,280967
7335,0.000683,74.125.200.0-255,1484,58922,50,280967
7336,0.000689,172.31.46.0-255,66,58988,50,280967
7337,0.000726,74.125.200.0-255,2902,61890,50,280967
7338,0.000729,172.31.46.0-255,66,61956,50,280967
7339,0.000732,74.125.200.0-255,1484,63440,50,280967
7340,0.000749,74.125.200.0-255,2902,66342,50,280967
7341,0.000752,172.31.46.0-255,66,66408,50,280967
7342,0.000801,74.125.200.0-255,1484,67892,50,280967
7343,0.000834,74.125.200.0-255,1484,69376,50,280967
7344,0.000838,172.31.46.0-255,66,69442,50,280967
7345,0.000851,74.125.200.0-255,1484,70926,50,280967
7346,0.000867,74.125.200.0-255,1484,72410,50,280967
7347,0.000874,74.125.200.0-255,5738,78148,50,280967
7348,0.000878,172.31.46.0-255,66,78214,50,280967
7349,0.000885,172.31.46.0-255,66,78280,50,280967
7350,0.000916,74.125.200.0-255,5738,84018,50,280967
7351,0.000919,172.31.46.0-255,66,84084,50,280967
7352,0.000955,74.125.200.0-255,5738,89822,50,280967
7353,0.000958,172.31.46.0-255,66,89888,50,280967
7354,0.001003,74.125.200.0-255,2184,92072,50,280967
7355,0.001007,172.31.46.0-255,66,92138,50,280967
7356,0.001153,74.125.200.0-255,348,92486,50,280967
7357,0.001193,74.125.200.0-255,1484,93970,50,280967
7358,0.001197,172.31.46.0-255,66,94036,50,280967
7359,0.0012,74.125.200.0-255,1484,95520,50,280967
7360,0.001214,74.125.200.0-255,1484,97004,50,280967
7361,0.001216,172.31.46.0-255,66,97070,50,280967
7362,0.001222,74.125.200.0-255,4320,101390,50,280967
7363,0.001224,172.31.46.0-255,66,101456,50,280967
7364,0.001246,74.125.200.0-255,1484,102940,50,280967
7365,0.001256,172.31.46.0-255,66,103006,50,280967
7366,0.001275,74.125.200.0-255,1484,104490,50,280967
7367,0.001301,172.31.46.0-255,66,104556,50,280967
7368,0.001333,74.125.200.0-255,5020,109576,50,280967
7369,0.001336,172.31.46.0-255,66,109642,50,280967
7370,0.001453,74.125.200.0-255,1484,111126,50,280967
7371,0.001459,74.125.200.0-255,2902,114028,50,280967
7372,0.001462,172.31.46.0-255,66,114094,50,280967
7373,0.001473,74.125.200.0-255,1484,115578,50,280967
7374,0.001493,74.125.200.0-255,4320,119898,50,280967
7375,0.001496,172.31.46.0-255,66,119964,50,280967
7376,0.001501,74.125.200.0-255,2902,122866,50,280967
7377,0.001502,172.31.46.0-255,66,122932,50,280967
7378,0.001515,74.125.200.0-255,2902,125834,50,280967
7379,0.001518,172.31.46.0-255,66,125900,50,280967
7380,0.001532,74.125.200.0-255,2902,128802,50,280967
7381,0.001534,172.31.46.0-255,66,128868,50,280967
7382,0.001552,74.125.200.0-255,4320,133188,50,280967
7383,0.001555,172.31.46.0-255,66,133254,50,280967
7384,0.001571,74.125.200.0-255,5738,138992,50,280967
7385,0.001573,172.31.46.0-255,66,139058,50,280967
7386,0.001589,74.125.200.0-255,5020,144078,50,280967
7387,0.001592,172.31.46.0-255,66,144144,50,280967
7388,0.001675,74.125.200.0-255,1484,145628,50,280967
7389,0.001702,74.125.200.0-255,2902,148530,50,280967
7390,0.001705,172.31.46.0-255,66,148596,50,280967
7391,0.00173,74.125.200.0-255,4320,152916,50,280967
7392,0.001733,172.31.46.0-255,66,152982,50,280967
7393,0.001747,74.125.200.0-255,2902,155884,50,280967
7394,0.001749,172.31.46.0-255,66,155950,50,280967
7395,0.001769,74.125.200.0-255,5738,161688,50,280967
7396,0.001772,172.31.46.0-255,66,161754,50,280967
7397,0.001776,74.125.200.0-255,2902,164656,50,280967
7398,0.001778,172.31.46.0-255,66,164722,50,280967
7399,0.001807,172.31.46.0-255,66,164788,50,280967
7400,0.001844,74.125.200.0-255,766,165554,50,280967
7401,0.001848,74.125.200.0-255,1484,167038,50,280967
7402,0.00185,172.31.46.0-255,66,167104,50,280967
7403,0.001866,74.125.200.0-255,5738,172842,50,280967
7404,0.001869,172.31.46.0-255,66,172908,50,280967
7405,0.001893,172.31.46.0-255,66,172974,50,280967
7406,0.001932,74.125.200.0-255,2902,175876,50,280967
7407,0.001935,172.31.46.0-255,66,175942,50,280967
7408,0.001968,172.31.46.0-255,66,176008,50,280967
7409,0.002026,74.125.200.0-255,5738,181746,50,280967
7410,0.002029,172.31.46.0-255,66,181812,50,280967
7411,0.002054,172.31.46.0-255,66,181878,50,280967
7412,0.002071,74.125.200.0-255,2902,184780,50,280967
7413,0.002073,172.31.46.0-255,66,184846,50,280967
7414,0.002123,74.125.200.0-255,4320,189166,50,280967
7415,0.002126,172.31.46.0-255,66,189232,50,280967
7416,0.002147,74.125.200.0-255,4320,193552,50,280967
7417,0.002149,172.31.46.0-255,66,193618,50,280967
7418,0.00222,172.31.46.0-255,66,193684,50,280967
7419,0.002239,74.125.200.0-255,3602,197286,50,280967
7420,0.002241,172.31.46.0-255,66,197352,50,280967
7421,0.002266,74.125.200.0-255,1484,198836,50,280967
7422,0.002285,74.125.200.0-255,5738,204574,50,280967
7423,0.002288,172.31.46.0-255,66,204640,50,280967
7424,0.002307,74.125.200.0-255,1484,206124,50,280967
7425,0.002334,172.31.46.0-255,66,206190,50,280967
7426,0.002515,74.125.200.0-255,5738,211928,50,280967
7427,0.002689,172.31.46.0-255,66,211994,50,280967
7428,0.004909,74.125.200.0-255,5738,217732,50,280967
7429,0.004917,172.31.46.0-255,66,217798,50,280967
7430,0.007144,74.125.200.0-255,5738,223536,50,280967
7431,0.00715,172.31.46.0-255,66,223602,50,280967
7432,0.009375,74.125.200.0-255,5738,229340,50,280967
7433,0.00938,172.31.46.0-255,66,229406,50,280967
7434,0.011606,74.125.200.0-255,5738,235144,50,280967
7435,0.011613,172.31.46.0-255,66,235210,50,280967
7436,0.013827,74.125.200.0-255,5738,240948,50,280967
7437,0.013836,172.31.46.0-255,66,241014,50,280967
7438,0.01606,74.125.200.0-255,5738,246752,50,280967
7439,0.016071,172.31.46.0-255,66,246818,50,280967
7440,0.018291,74.125.200.0-255,5738,252556,50,280967
7441,0.018299,172.31.46.0-255,66,252622,50,280967
7442,0.020531,74.125.200.0-255,5738,258360,50,280967
7443,0.020539,172.31.46.0-255,66,258426,50,280967
7444,0.022765,74.125.200.0-255,5738,264164,50,280967
7445,0.022772,172.31.46.0-255,66,264230,50,280967
7446,0.024999,74.125.200.0-255,5738,269968,50,280967
7447,0.025008,172.31.46.0-255,66,270034,50,280967
7448,0.027228,74.125.200.0-255,5738,275772,50,280967
7449,0.027236,172.31.46.0-255,66,275838,50,280967
7450,0.029468,74.125.200.0-255,4958,280796,50,280967
7451,0.029476,172.31.46.0-255,66,280862,50,280967
7452,0.029699,172.31.46.0-255,105,280967,50,280967
7453,0.0,74.125.130.0-255,146,146,50,208146
7454,2.3e-05,172.31.46.0-255,66,212,50,208146
7455,2.9e-05,74.125.130.0-255,1484,1696,50,208146
7456,3.5e-05,172.31.46.0-255,66,1762,50,208146
7457,4.8e-05,74.125.130.0-255,2902,4664,50,208146
7458,5.2e-05,172.31.46.0-255,66,4730,50,208146
7459,9.2e-05,74.125.130.0-255,5738,10468,50,208146
7460,9.6e-05,172.31.46.0-255,66,10534,50,208146
7461,0.000121,74.125.130.0-255,3394,13928,50,208146
7462,0.000124,172.31.46.0-255,66,13994,50,208146
7463,0.000214,74.125.130.0-255,1484,15478,50,208146
7464,0.000218,172.31.46.0-255,66,15544,50,208146
7465,0.000245,74.125.130.0-255,2902,18446,50,208146
7466,0.000248,172.31.46.0-255,66,18512,50,208146
7467,0.000283,74.125.130.0-255,5738,24250,50,208146
7468,0.000286,172.31.46.0-255,66,24316,50,208146
7469,0.000289,74.125.130.0-255,1484,25800,50,208146
7470,0.000291,172.31.46.0-255,66,25866,50,208146
7471,0.000296,74.125.130.0-255,2902,28768,50,208146
7472,0.000298,172.31.46.0-255,66,28834,50,208146
7473,0.000333,74.125.130.0-255,2543,31377,50,208146
7474,0.000336,172.31.46.0-255,66,31443,50,208146
7475,0.000376,74.125.130.0-255,2902,34345,50,208146
7476,0.000379,172.31.46.0-255,66,34411,50,208146
7477,0.000385,74.125.130.0-255,4320,38731,50,208146
7478,0.000387,172.31.46.0-255,66,38797,50,208146
7479,0.000417,172.31.46.0-255,66,38863,50,208146
7480,0.00042,74.125.130.0-255,1125,39988,50,208146
7481,0.000422,172.31.46.0-255,66,40054,50,208146
7482,0.000774,74.125.130.0-255,1484,41538,50,208146
7483,0.000779,172.31.46.0-255,66,41604,50,208146
7484,0.000816,74.125.130.0-255,2902,44506,50,208146
7485,0.000819,172.31.46.0-255,66,44572,50,208146
7486,0.000823,74.125.130.0-255,1484,46056,50,208146
7487,0.000846,74.125.130.0-255,2902,48958,50,208146
7488,0.000849,172.31.46.0-255,66,49024,50,208146
7489,0.000875,74.125.130.0-255,1484,50508,50,208146
7490,0.000892,74.125.130.0-255,4320,54828,50,208146
7491,0.000896,74.125.130.0-255,2795,57623,50,208146
7492,0.000899,172.31.46.0-255,66,57689,50,208146
7493,0.000902,172.31.46.0-255,66,57755,50,208146
7494,0.00098,172.31.46.0-255,101,57856,50,208146
7495,0.00101,74.125.130.0-255,1484,59340,50,208146
7496,0.001016,74.125.130.0-255,2902,62242,50,208146
7497,0.001019,172.31.46.0-255,66,62308,50,208146
7498,0.001024,74.125.130.0-255,2902,65210,50,208146
7499,0.001026,172.31.46.0-255,66,65276,50,208146
7500,0.001056,74.125.130.0-255,1484,66760,50,208146
7501,0.001068,74.125.130.0-255,2902,69662,50,208146
7502,0.001074,172.31.46.0-255,66,69728,50,208146
7503,0.0011,74.125.130.0-255,4320,74048,50,208146
7504,0.001104,172.31.46.0-255,66,74114,50,208146
7505,0.001107,74.125.130.0-255,1484,75598,50,208146
7506,0.001136,74.125.130.0-255,4276,79874,50,208146
7507,0.00114,172.31.46.0-255,66,79940,50,208146
7508,0.001146,74.125.130.0-255,4320,84260,50,208146
7509,0.001148,172.31.46.0-255,66,84326,50,208146
7510,0.001174,74.125.130.0-255,2902,87228,50,208146
7511,0.001177,172.31.46.0-255,66,87294,50,208146
7512,0.001182,74.125.130.0-255,2902,90196,50,208146
7513,0.001185,172.31.46.0-255,66,90262,50,208146
7514,0.001214,74.125.130.0-255,1994,92256,50,208146
7515,0.001217,172.31.46.0-255,66,92322,50,208146
7516,0.001281,74.125.130.0-255,1484,93806,50,208146
7517,0.001324,74.125.130.0-255,1484,95290,50,208146
7518,0.001327,172.31.46.0-255,66,95356,50,208146
7519,0.001364,74.125.130.0-255,2902,98258,50,208146
7520,0.001369,172.31.46.0-255,66,98324,50,208146
7521,0.001376,74.125.130.0-255,5738,104062,50,208146
7522,0.001378,172.31.46.0-255,66,104128,50,208146
7523,0.001382,74.125.130.0-255,2902,107030,50,208146
7524,0.001389,172.31.46.0-255,66,107096,50,208146
7525,0.001395,74.125.130.0-255,4320,111416,50,208146
7526,0.001397,172.31.46.0-255,66,111482,50,208146
7527,0.001432,74.125.130.0-255,7156,118638,50,208146
7528,0.001438,172.31.46.0-255,66,118704,50,208146
7529,0.001463,74.125.130.0-255,1484,120188,50,208146
7530,0.001469,74.125.130.0-255,4320,124508,50,208146
7531,0.001471,172.31.46.0-255,66,124574,50,208146
7532,0.001476,74.125.130.0-255,2184,126758,50,208146
7533,0.001478,172.31.46.0-255,66,126824,50,208146
7534,0.002915,74.125.130.0-255,66,126890,50,208146
7535,0.003439,74.125.130.0-255,5738,132628,50,208146
7536,0.003445,172.31.46.0-255,66,132694,50,208146
7537,0.005409,74.125.130.0-255,5738,138432,50,208146
7538,0.005414,172.31.46.0-255,66,138498,50,208146
7539,0.007387,74.125.130.0-255,5738,144236,50,208146
7540,0.007393,172.31.46.0-255,66,144302,50,208146
7541,0.009378,74.125.130.0-255,5738,150040,50,208146
7542,0.009386,172.31.46.0-255,66,150106,50,208146
7543,0.011377,74.125.130.0-255,5738,155844,50,208146
7544,0.011386,172.31.46.0-255,66,155910,50,208146
7545,0.013366,74.125.130.0-255,5738,161648,50,208146
7546,0.013373,172.31.46.0-255,66,161714,50,208146
7547,0.015343,74.125.130.0-255,5738,167452,50,208146
7548,0.015349,172.31.46.0-255,66,167518,50,208146
7549,0.017329,74.125.130.0-255,5738,173256,50,208146
7550,0.017335,172.31.46.0-255,66,173322,50,208146
7551,0.019315,74.125.130.0-255,5738,179060,50,208146
7552,0.019324,172.31.46.0-255,66,179126,50,208146
7553,0.021297,74.125.130.0-255,5738,184864,50,208146
7554,0.021307,172.31.46.0-255,66,184930,50,208146
7555,0.02329,74.125.130.0-255,5738,190668,50,208146
7556,0.023298,172.31.46.0-255,66,190734,50,208146
7557,0.025268,74.125.130.0-255,5738,196472,50,208146
7558,0.025275,172.31.46.0-255,66,196538,50,208146
7559,0.027257,74.125.130.0-255,5738,202276,50,208146
7560,0.027264,172.31.46.0-255,66,202342,50,208146
7561,0.029247,74.125.130.0-255,5738,208080,50,208146
7562,0.029255,172.31.46.0-255,66,208146,50,208146
7563,0.0,74.125.130.0-255,153,153,50,263212
7564,2.2e-05,172.31.46.0-255,66,219,50,263212
7565,2.9e-05,74.125.130.0-255,1484,1703,50,263212
7566,3.4e-05,172.31.46.0-255,66,1769,50,263212
7567,4.8e-05,74.125.130.0-255,2902,4671,50,263212
7568,5.2e-05,172.31.46.0-255,66,4737,50,263212
7569,5.7e-05,74.125.130.0-255,2902,7639,50,263212
7570,5.9e-05,172.31.46.0-255,66,7705,50,263212
7571,6.6e-05,74.125.130.0-255,4320,12025,50,263212
7572,7e-05,172.31.46.0-255,66,12091,50,263212
7573,0.000107,74.125.130.0-255,2091,14182,50,263212
7574,0.00011,172.31.46.0-255,66,14248,50,263212
7575,0.000115,74.125.130.0-255,2902,17150,50,263212
7576,0.000117,172.31.46.0-255,66,17216,50,263212
7577,0.000122,74.125.130.0-255,2902,20118,50,263212
7578,0.000124,172.31.46.0-255,66,20184,50,263212
7579,0.00016,74.125.130.0-255,4320,24504,50,263212
7580,0.000163,172.31.46.0-255,66,24570,50,263212
7581,0.000168,74.125.130.0-255,4320,28890,50,263212
7582,0.000171,172.31.46.0-255,66,28956,50,263212
7583,0.000177,74.125.130.0-255,5738,34694,50,263212
7584,0.00018,172.31.46.0-255,66,34760,50,263212
7585,0.000183,74.125.130.0-255,1484,36244,50,263212
7586,0.000186,172.31.46.0-255,66,36310,50,263212
7587,0.00022,172.31.46.0-255,66,36376,50,263212
7588,0.000224,74.125.130.0-255,2184,38560,50,263212
7589,0.000226,172.31.46.0-255,66,38626,50,263212
7590,0.000283,74.125.130.0-255,1484,40110,50,263212
7591,0.000286,172.31.46.0-255,66,40176,50,263212
7592,0.000312,74.125.130.0-255,2902,43078,50,263212
7593,0.000315,172.31.46.0-255,66,43144,50,263212
7594,0.000318,74.125.130.0-255,1484,44628,50,263212
7595,0.000324,74.125.130.0-255,2902,47530,50,263212
7596,0.000335,74.125.130.0-255,5738,53268,50,263212
7597,0.000374,74.125.130.0-255,2543,55811,50,263212
7598,0.000533,172.31.46.0-255,66,55877,50,263212
7599,0.000661,74.125.130.0-255,647,56524,50,263212
7600,0.000703,74.125.130.0-255,1484,58008,50,263212
7601,0.000717,74.125.130.0-255,1484,59492,50,263212
7602,0.000723,172.31.46.0-255,66,59558,50,263212
7603,0.000748,74.125.130.0-255,1484,61042,50,263212
7604,0.000755,74.125.130.0-255,5738,66780,50,263212
7605,0.000758,74.125.130.0-255,1484,68264,50,263212
7606,0.000776,172.31.46.0-255,66,68330,50,263212
7607,0.000784,74.125.130.0-255,7156,75486,50,263212
7608,0.000789,74.125.130.0-255,4320,79806,50,263212
7609,0.000809,74.125.130.0-255,5738,85544,50,263212
7610,0.000814,74.125.130.0-255,5020,90564,50,263212
7611,0.000818,172.31.46.0-255,66,90630,50,263212
7612,0.000846,172.31.46.0-255,66,90696,50,263212
7613,0.00186,74.125.130.0-255,1484,92180,50,263212
7614,0.001868,74.125.130.0-255,2902,95082,50,263212
7615,0.001872,172.31.46.0-255,66,95148,50,263212
7616,0.001878,74.125.130.0-255,2902,98050,50,263212
7617,0.00188,172.31.46.0-255,66,98116,50,263212
7618,0.0019,74.125.130.0-255,2902,101018,50,263212
7619,0.001902,172.31.46.0-255,66,101084,50,263212
7620,0.001928,74.125.130.0-255,7156,108240,50,263212
7621,0.00193,172.31.46.0-255,66,108306,50,263212
7622,0.001954,74.125.130.0-255,2902,111208,50,263212
7623,0.001956,172.31.46.0-255,66,111274,50,263212
7624,0.001959,74.125.130.0-255,1484,112758,50,263212
7625,0.00199,74.125.130.0-255,1484,114242,50,263212
7626,0.001993,74.125.130.0-255,2006,116248,50,263212
7627,0.001997,74.125.130.0-255,2902,119150,50,263212
7628,0.002001,74.125.130.0-255,4320,123470,50,263212
7629,0.002014,74.125.130.0-255,2902,126372,50,263212
7630,0.002018,74.125.130.0-255,4320,130692,50,263212
7631,0.002037,74.125.130.0-255,4320,135012,50,263212
7632,0.002068,74.125.130.0-255,3602,138614,50,263212
7633,0.002231,74.125.130.0-255,1484,140098,50,263212
7634,0.002245,74.125.130.0-255,2902,143000,50,263212
7635,0.002248,74.125.130.0-255,1484,144484,50,263212
7636,0.00227,74.125.130.0-255,4320,148804,50,263212
7637,0.002275,74.125.130.0-255,2902,151706,50,263212
7638,0.002293,74.125.130.0-255,4320,156026,50,263212
7639,0.002312,74.125.130.0-255,7156,163182,50,263212
7640,0.002322,74.125.130.0-255,1484,164666,50,263212
7641,0.002327,74.125.130.0-255,4320,168986,50,263212
7642,0.002359,74.125.130.0-255,5020,174006,50,263212
7643,0.002377,74.125.130.0-255,4320,178326,50,263212
7644,0.002388,74.125.130.0-255,2902,181228,50,263212
7645,0.00239,74.125.130.0-255,1484,182712,50,263212
7646,0.002414,74.125.130.0-255,7156,189868,50,263212
7647,0.002432,74.125.130.0-255,1484,191352,50,263212
7648,0.002448,74.125.130.0-255,7156,198508,50,263212
7649,0.002484,74.125.130.0-255,1484,199992,50,263212
7650,0.002495,74.125.130.0-255,2902,202894,50,263212
7651,0.002517,74.125.130.0-255,3602,206496,50,263212
7652,0.002579,74.125.130.0-255,1484,207980,50,263212
7653,0.002591,74.125.130.0-255,2902,210882,50,263212
7654,0.002606,74.125.130.0-255,1484,212366,50,263212
7655,0.007333,172.31.46.0-255,66,212432,50,263212
7656,0.009969,74.125.130.0-255,5738,218170,50,263212
7657,0.009977,172.31.46.0-255,66,218236,50,263212
7658,0.012572,74.125.130.0-255,5738,223974,50,263212
7659,0.012579,172.31.46.0-255,66,224040,50,263212
7660,0.015175,74.125.130.0-255,5738,229778,50,263212
7661,0.015185,172.31.46.0-255,66,229844,50,263212
7662,0.017788,74.125.130.0-255,5738,235582,50,263212
7663,0.017796,172.31.46.0-255,66,235648,50,263212
7664,0.020398,74.125.130.0-255,5738,241386,50,263212
7665,0.020407,172.31.46.0-255,66,241452,50,263212
7666,0.022996,74.125.130.0-255,5738,247190,50,263212
7667,0.023002,172.31.46.0-255,66,247256,50,263212
7668,0.025589,74.125.130.0-255,5738,252994,50,263212
7669,0.025596,172.31.46.0-255,66,253060,50,263212
7670,0.025633,172.31.46.0-255,229,253289,50,263212
7671,0.025656,172.31.46.0-255,1113,254402,50,263212
7672,0.02575,172.31.46.0-255,1514,255916,50,263212
7673,0.025752,172.31.46.0-255,1294,257210,50,263212
7674,0.027163,104.244.42.0-255,66,257276,50,263212
7675,0.027187,104.244.42.0-255,66,257342,50,263212
7676,0.027272,104.244.42.0-255,66,257408,50,263212
7677,0.02818,74.125.130.0-255,5738,263146,50,263212
7678,0.028185,172.31.46.0-255,66,263212,50,263212
7679,0.0,172.31.46.0-255,105,105,50,276
7680,0.001536,157.240.13.0-255,105,210,50,276
7681,0.001546,172.31.46.0-255,66,276,50,276
7682,0.0,74.125.24.0-255,145,145,50,197146
7683,2.2e-05,172.31.46.0-255,66,211,50,197146
7684,2.8e-05,74.125.24.0-255,1484,1695,50,197146
7685,3.3e-05,172.31.46.0-255,66,1761,50,197146
7686,4.7e-05,74.125.24.0-255,2902,4663,50,197146
7687,5e-05,172.31.46.0-255,66,4729,50,197146
7688,5.8e-05,74.125.24.0-255,7156,11885,50,197146
7689,6.1e-05,172.31.46.0-255,66,11951,50,197146
7690,6.4e-05,74.125.24.0-255,1484,13435,50,197146
7691,6.7e-05,172.31.46.0-255,66,13501,50,197146
7692,0.000106,172.31.46.0-255,66,13567,50,197146
7693,0.000113,74.125.24.0-255,5738,19305,50,197146
7694,0.000116,172.31.46.0-255,66,19371,50,197146
7695,0.000148,74.125.24.0-255,7156,26527,50,197146
7696,0.000151,172.31.46.0-255,66,26593,50,197146
7697,0.000154,74.125.24.0-255,1484,28077,50,197146
7698,0.000156,172.31.46.0-255,66,28143,50,197146
7699,0.0002,172.31.46.0-255,66,28209,50,197146
7700,0.00048,74.125.24.0-255,1484,29693,50,197146
7701,0.000485,172.31.46.0-255,66,29759,50,197146
7702,0.000491,74.125.24.0-255,2902,32661,50,197146
7703,0.000493,172.31.46.0-255,66,32727,50,197146
7704,0.000523,74.125.24.0-255,5738,38465,50,197146
7705,0.000526,172.31.46.0-255,66,38531,50,197146
7706,0.000532,74.125.24.0-255,5738,44269,50,197146
7707,0.000534,172.31.46.0-255,66,44335,50,197146
7708,0.000558,74.125.24.0-255,1474,45809,50,197146
7709,0.00056,172.31.46.0-255,66,45875,50,197146
7710,0.000653,74.125.24.0-255,1484,47359,50,197146
7711,0.000656,172.31.46.0-255,66,47425,50,197146
7712,0.000674,74.125.24.0-255,2902,50327,50,197146
7713,0.000679,74.125.24.0-255,2902,53229,50,197146
7714,0.000683,172.31.46.0-255,66,53295,50,197146
7715,0.000691,172.31.46.0-255,66,53361,50,197146
7716,0.0007,74.125.24.0-255,2902,56263,50,197146
7717,0.000703,172.31.46.0-255,66,56329,50,197146
7718,0.000741,172.31.46.0-255,66,56395,50,197146
7719,0.000753,172.31.46.0-255,66,56461,50,197146
7720,0.000782,74.125.24.0-255,1029,57490,50,197146
7721,0.000785,172.31.46.0-255,66,57556,50,197146
7722,0.001025,74.125.24.0-255,1484,59040,50,197146
7723,0.001032,74.125.24.0-255,2902,61942,50,197146
7724,0.001038,74.125.24.0-255,4320,66262,50,197146
7725,0.001054,172.31.46.0-255,66,66328,50,197146
7726,0.001057,74.125.24.0-255,1484,67812,50,197146
7727,0.00106,74.125.24.0-255,1484,69296,50,197146
7728,0.001065,172.31.46.0-255,66,69362,50,197146
7729,0.001107,74.125.24.0-255,5738,75100,50,197146
7730,0.001124,74.125.24.0-255,1484,76584,50,197146
7731,0.001133,172.31.46.0-255,66,76650,50,197146
7732,0.001139,74.125.24.0-255,2902,79552,50,197146
7733,0.001144,172.31.46.0-255,66,79618,50,197146
7734,0.001158,74.125.24.0-255,766,80384,50,197146
7735,0.001284,74.125.24.0-255,1484,81868,50,197146
7736,0.001288,172.31.46.0-255,66,81934,50,197146
7737,0.001294,74.125.24.0-255,2902,84836,50,197146
7738,0.001315,74.125.24.0-255,5738,90574,50,197146
7739,0.001328,74.125.24.0-255,1484,92058,50,197146
7740,0.001332,172.31.46.0-255,66,92124,50,197146
7741,0.001391,74.125.24.0-255,766,92890,50,197146
7742,0.001393,74.125.24.0-255,1484,94374,50,197146
7743,0.001414,74.125.24.0-255,4320,98694,50,197146
7744,0.001461,74.125.24.0-255,1484,100178,50,197146
7745,0.001492,74.125.24.0-255,1484,101662,50,197146
7746,0.001557,74.125.24.0-255,4320,105982,50,197146
7747,0.001576,74.125.24.0-255,5738,111720,50,197146
7748,0.001594,74.125.24.0-255,5738,117458,50,197146
7749,0.001618,74.125.24.0-255,5738,123196,50,197146
7750,0.001693,74.125.24.0-255,1484,124680,50,197146
7751,0.001697,74.125.24.0-255,2902,127582,50,197146
7752,0.001709,74.125.24.0-255,1484,129066,50,197146
7753,0.00173,74.125.24.0-255,4320,133386,50,197146
7754,0.001732,74.125.24.0-255,1484,134870,50,197146
7755,0.001771,74.125.24.0-255,7156,142026,50,197146
7756,0.001787,74.125.24.0-255,2902,144928,50,197146
7757,0.001799,74.125.24.0-255,766,145694,50,197146
7758,0.001858,74.125.24.0-255,1484,147178,50,197146
7759,0.001864,74.125.24.0-255,4320,151498,50,197146
7760,0.001959,74.125.24.0-255,1484,152982,50,197146
7761,0.00197,74.125.24.0-255,4320,157302,50,197146
7762,0.002024,74.125.24.0-255,5738,163040,50,197146
7763,0.002041,74.125.24.0-255,3602,166642,50,197146
7764,0.002046,74.125.24.0-255,4320,170962,50,197146
7765,0.002091,74.125.24.0-255,2902,173864,50,197146
7766,0.002123,74.125.24.0-255,3602,177466,50,197146
7767,0.002143,74.125.24.0-255,7156,184622,50,197146
7768,0.004223,172.31.46.0-255,66,184688,50,197146
7769,0.006358,74.125.24.0-255,5738,190426,50,197146
7770,0.006365,172.31.46.0-255,66,190492,50,197146
7771,0.008421,74.125.24.0-255,5738,196230,50,197146
7772,0.008426,172.31.46.0-255,66,196296,50,197146
7773,0.010489,74.125.24.0-255,613,196909,50,197146
7774,0.011604,172.31.46.0-255,66,196975,50,197146
7775,0.011643,172.31.46.0-255,105,197080,50,197146
7776,0.013749,74.125.24.0-255,66,197146,50,197146
7777,0.0,74.125.68.0-255,156,156,50,265306
7778,1.9e-05,172.31.46.0-255,66,222,50,265306
7779,2.6e-05,74.125.68.0-255,1484,1706,50,265306
7780,3.1e-05,172.31.46.0-255,66,1772,50,265306
7781,3.8e-05,74.125.68.0-255,2902,4674,50,265306
7782,4.3e-05,172.31.46.0-255,66,4740,50,265306
7783,4.6e-05,74.125.68.0-255,1484,6224,50,265306
7784,4.9e-05,172.31.46.0-255,66,6290,50,265306
7785,7.8e-05,74.125.68.0-255,4320,10610,50,265306
7786,8.2e-05,172.31.46.0-255,66,10676,50,265306
7787,8.7e-05,74.125.68.0-255,3502,14178,50,265306
7788,9e-05,172.31.46.0-255,66,14244,50,265306
7789,0.00013,74.125.68.0-255,2902,17146,50,265306
7790,0.000133,172.31.46.0-255,66,17212,50,265306
7791,0.000154,74.125.68.0-255,4320,21532,50,265306
7792,0.000156,172.31.46.0-255,66,21598,50,265306
7793,0.000176,74.125.68.0-255,2902,24500,50,265306
7794,0.000178,172.31.46.0-255,66,24566,50,265306
7795,0.000203,74.125.68.0-255,5738,30304,50,265306
7796,0.000206,172.31.46.0-255,66,30370,50,265306
7797,0.000209,74.125.68.0-255,1125,31495,50,265306
7798,0.000211,172.31.46.0-255,66,31561,50,265306
7799,0.000261,74.125.68.0-255,1484,33045,50,265306
7800,0.000264,172.31.46.0-255,66,33111,50,265306
7801,0.000278,74.125.68.0-255,2902,36013,50,265306
7802,0.00028,172.31.46.0-255,66,36079,50,265306
7803,0.000312,74.125.68.0-255,2902,38981,50,265306
7804,0.000315,172.31.46.0-255,66,39047,50,265306
7805,0.000331,74.125.68.0-255,1484,40531,50,265306
7806,0.000334,172.31.46.0-255,66,40597,50,265306
7807,0.000338,74.125.68.0-255,2902,43499,50,265306
7808,0.00034,172.31.46.0-255,66,43565,50,265306
7809,0.000372,74.125.68.0-255,4320,47885,50,265306
7810,0.000376,74.125.68.0-255,1125,49010,50,265306
7811,0.000461,74.125.68.0-255,1484,50494,50,265306
7812,0.000488,74.125.68.0-255,1484,51978,50,265306
7813,0.000492,74.125.68.0-255,2902,54880,50,265306
7814,0.000523,74.125.68.0-255,4320,59200,50,265306
7815,0.000541,74.125.68.0-255,1484,60684,50,265306
7816,0.000545,74.125.68.0-255,2902,63586,50,265306
7817,0.000578,74.125.68.0-255,3126,66712,50,265306
7818,0.000621,172.31.46.0-255,66,66778,50,265306
7819,0.00066,74.125.68.0-255,1484,68262,50,265306
7820,0.000685,74.125.68.0-255,2902,71164,50,265306
7821,0.000695,172.31.46.0-255,66,71230,50,265306
7822,0.000701,74.125.68.0-255,4320,75550,50,265306
7823,0.000706,172.31.46.0-255,66,75616,50,265306
7824,0.000725,74.125.68.0-255,2902,78518,50,265306
7825,0.000741,172.31.46.0-255,66,78584,50,265306
7826,0.000755,74.125.68.0-255,6797,85381,50,265306
7827,0.00076,74.125.68.0-255,4320,89701,50,265306
7828,0.000766,172.31.46.0-255,66,89767,50,265306
7829,0.0008,74.125.68.0-255,2902,92669,50,265306
7830,0.000818,172.31.46.0-255,66,92735,50,265306
7831,0.000839,172.31.46.0-255,66,92801,50,265306
7832,0.000915,74.125.68.0-255,1484,94285,50,265306
7833,0.000935,74.125.68.0-255,2902,97187,50,265306
7834,0.000939,74.125.68.0-255,1484,98671,50,265306
7835,0.000952,74.125.68.0-255,1484,100155,50,265306
7836,0.000957,172.31.46.0-255,66,100221,50,265306
7837,0.000979,74.125.68.0-255,4320,104541,50,265306
7838,0.000984,172.31.46.0-255,66,104607,50,265306
7839,0.000994,74.125.68.0-255,4320,108927,50,265306
7840,0.000998,172.31.46.0-255,66,108993,50,265306
7841,0.00101,74.125.68.0-255,2543,111536,50,265306
7842,0.001033,172.31.46.0-255,66,111602,50,265306
7843,0.001051,74.125.68.0-255,1484,113086,50,265306
7844,0.00107,74.125.68.0-255,4320,117406,50,265306
7845,0.001079,172.31.46.0-255,66,117472,50,265306
7846,0.001096,74.125.68.0-255,7156,124628,50,265306
7847,0.001116,172.31.46.0-255,66,124694,50,265306
7848,0.001147,74.125.68.0-255,4320,129014,50,265306
7849,0.001152,172.31.46.0-255,66,129080,50,265306
7850,0.001181,74.125.68.0-255,4320,133400,50,265306
7851,0.001194,74.125.68.0-255,766,134166,50,265306
7852,0.001321,74.125.68.0-255,1484,135650,50,265306
7853,0.001328,74.125.68.0-255,2902,138552,50,265306
7854,0.001338,74.125.68.0-255,1484,140036,50,265306
7855,0.001353,74.125.68.0-255,4320,144356,50,265306
7856,0.001359,74.125.68.0-255,4320,148676,50,265306
7857,0.001373,74.125.68.0-255,2902,151578,50,265306
7858,0.00143,74.125.68.0-255,1484,153062,50,265306
7859,0.001442,74.125.68.0-255,1484,154546,50,265306
7860,0.001452,74.125.68.0-255,2184,156730,50,265306
7861,0.001495,74.125.68.0-255,4320,161050,50,265306
7862,0.00151,74.125.68.0-255,5738,166788,50,265306
7863,0.001535,74.125.68.0-255,2902,169690,50,265306
7864,0.001562,74.125.68.0-255,2902,172592,50,265306
7865,0.001606,74.125.68.0-255,2902,175494,50,265306
7866,0.001625,74.125.68.0-255,6438,181932,50,265306
7867,0.001773,74.125.68.0-255,1484,183416,50,265306
7868,0.001779,74.125.68.0-255,2902,186318,50,265306
7869,0.001793,74.125.68.0-255,1484,187802,50,265306
7870,0.001806,74.125.68.0-255,4320,192122,50,265306
7871,0.001809,74.125.68.0-255,1484,193606,50,265306
7872,0.001832,74.125.68.0-255,5738,199344,50,265306
7873,0.001856,74.125.68.0-255,4320,203664,50,265306
7874,0.001908,74.125.68.0-255,3602,207266,50,265306
7875,0.004575,172.31.46.0-255,66,207332,50,265306
7876,0.006848,74.125.68.0-255,5738,213070,50,265306
7877,0.006861,172.31.46.0-255,66,213136,50,265306
7878,0.009128,74.125.68.0-255,5738,218874,50,265306
7879,0.009144,172.31.46.0-255,66,218940,50,265306
7880,0.011417,74.125.68.0-255,5738,224678,50,265306
7881,0.013286,172.31.46.0-255,66,224744,50,265306
7882,0.015553,74.125.68.0-255,5738,230482,50,265306
7883,0.015567,172.31.46.0-255,66,230548,50,265306
7884,0.017817,74.125.68.0-255,5738,236286,50,265306
7885,0.018048,172.31.46.0-255,66,236352,50,265306
7886,0.020318,74.125.68.0-255,5738,242090,50,265306
7887,0.020334,172.31.46.0-255,66,242156,50,265306
7888,0.022607,74.125.68.0-255,5738,247894,50,265306
7889,0.022624,172.31.46.0-255,66,247960,50,265306
7890,0.024891,74.125.68.0-255,5738,253698,50,265306
7891,0.024905,172.31.46.0-255,66,253764,50,265306
7892,0.027169,74.125.68.0-255,5738,259502,50,265306
7893,0.027185,172.31.46.0-255,66,259568,50,265306
7894,0.029438,74.125.68.0-255,5738,265306,50,265306
7895,0.0,74.125.24.0-255,147,147,50,171841
7896,1.2e-05,172.31.46.0-255,66,213,50,171841
7897,1.8e-05,74.125.24.0-255,1484,1697,50,171841
7898,2.2e-05,172.31.46.0-255,66,1763,50,171841
7899,2.7e-05,74.125.24.0-255,2902,4665,50,171841
7900,2.9e-05,172.31.46.0-255,66,4731,50,171841
7901,5.7e-05,74.125.24.0-255,5738,10469,50,171841
7902,6e-05,172.31.46.0-255,66,10535,50,171841
7903,0.000103,172.31.46.0-255,66,10601,50,171841
7904,0.000113,172.31.46.0-255,66,10667,50,171841
7905,0.000145,74.125.24.0-255,4320,14987,50,171841
7906,0.000146,172.31.46.0-255,66,15053,50,171841
7907,0.000175,172.31.46.0-255,66,15119,50,171841
7908,0.000201,172.31.46.0-255,66,15185,50,171841
7909,0.000218,74.125.24.0-255,1484,16669,50,171841
7910,0.00022,172.31.46.0-255,66,16735,50,171841
7911,0.000248,74.125.24.0-255,5724,22459,50,171841
7912,0.00025,172.31.46.0-255,66,22525,50,171841
7913,0.000367,74.125.24.0-255,332,22857,50,171841
7914,0.00037,172.31.46.0-255,66,22923,50,171841
7915,0.000397,74.125.24.0-255,1484,24407,50,171841
7916,0.000399,172.31.46.0-255,66,24473,50,171841
7917,0.000412,74.125.24.0-255,4320,28793,50,171841
7918,0.000415,172.31.46.0-255,66,28859,50,171841
7919,0.000437,172.31.46.0-255,66,28925,50,171841
7920,0.000442,74.125.24.0-255,4320,33245,50,171841
7921,0.000443,172.31.46.0-255,66,33311,50,171841
7922,0.000463,74.125.24.0-255,2902,36213,50,171841
7923,0.000466,172.31.46.0-255,66,36279,50,171841
7924,0.000494,74.125.24.0-255,4320,40599,50,171841
7925,0.000496,172.31.46.0-255,66,40665,50,171841
7926,0.000523,172.31.46.0-255,66,40731,50,171841
7927,0.00092,74.125.24.0-255,1484,42215,50,171841
7928,0.000926,74.125.24.0-255,2902,45117,50,171841
7929,0.000929,172.31.46.0-255,66,45183,50,171841
7930,0.000932,74.125.24.0-255,1484,46667,50,171841
7931,0.000945,74.125.24.0-255,4320,50987,50,171841
7932,0.000947,172.31.46.0-255,66,51053,50,171841
7933,0.000951,74.125.24.0-255,2902,53955,50,171841
7934,0.000953,172.31.46.0-255,66,54021,50,171841
7935,0.000976,74.125.24.0-255,4320,58341,50,171841
7936,0.000979,172.31.46.0-255,66,58407,50,171841
7937,0.000985,74.125.24.0-255,7156,65563,50,171841
7938,0.000987,172.31.46.0-255,66,65629,50,171841
7939,0.001004,74.125.24.0-255,7156,72785,50,171841
7940,0.001006,172.31.46.0-255,66,72851,50,171841
7941,0.00101,74.125.24.0-255,2184,75035,50,171841
7942,0.001012,172.31.46.0-255,66,75101,50,171841
7943,0.001578,74.125.24.0-255,1484,76585,50,171841
7944,0.001586,74.125.24.0-255,2902,79487,50,171841
7945,0.00159,172.31.46.0-255,66,79553,50,171841
7946,0.001596,74.125.24.0-255,5738,85291,50,171841
7947,0.001598,172.31.46.0-255,66,85357,50,171841
7948,0.001602,74.125.24.0-255,2902,88259,50,171841
7949,0.001603,172.31.46.0-255,66,88325,50,171841
7950,0.001639,172.31.46.0-255,66,88391,50,171841
7951,0.001655,74.125.24.0-255,1484,89875,50,171841
7952,0.001665,172.31.46.0-255,66,89941,50,171841
7953,0.001699,74.125.24.0-255,766,90707,50,171841
7954,0.001922,74.125.24.0-255,1484,92191,50,171841
7955,0.001926,172.31.46.0-255,66,92257,50,171841
7956,0.001931,74.125.24.0-255,2902,95159,50,171841
7957,0.001933,172.31.46.0-255,66,95225,50,171841
7958,0.001936,74.125.24.0-255,1484,96709,50,171841
7959,0.00195,74.125.24.0-255,4320,101029,50,171841
7960,0.001952,172.31.46.0-255,66,101095,50,171841
7961,0.001958,74.125.24.0-255,5738,106833,50,171841
7962,0.00196,172.31.46.0-255,66,106899,50,171841
7963,0.001999,172.31.46.0-255,66,106965,50,171841
7964,0.002054,172.31.46.0-255,66,107031,50,171841
7965,0.002068,172.31.46.0-255,66,107097,50,171841
7966,0.00208,172.31.46.0-255,66,107163,50,171841
7967,0.002119,172.31.46.0-255,66,107229,50,171841
7968,0.002126,74.125.24.0-255,5738,112967,50,171841
7969,0.002128,172.31.46.0-255,66,113033,50,171841
7970,0.002148,74.125.24.0-255,2902,115935,50,171841
7971,0.00215,172.31.46.0-255,66,116001,50,171841
7972,0.002175,172.31.46.0-255,66,116067,50,171841
7973,0.00221,172.31.46.0-255,66,116133,50,171841
7974,0.002226,172.31.46.0-255,66,116199,50,171841
7975,0.002242,74.125.24.0-255,2902,119101,50,171841
7976,0.002244,172.31.46.0-255,66,119167,50,171841
7977,0.002298,172.31.46.0-255,66,119233,50,171841
7978,0.002319,172.31.46.0-255,66,119299,50,171841
7979,0.002346,74.125.24.0-255,3602,122901,50,171841
7980,0.002348,172.31.46.0-255,66,122967,50,171841
7981,0.002368,172.31.46.0-255,66,123033,50,171841
7982,0.004647,74.125.24.0-255,5738,128771,50,171841
7983,0.004651,172.31.46.0-255,66,128837,50,171841
7984,0.007012,74.125.24.0-255,5738,134575,50,171841
7985,0.007018,172.31.46.0-255,66,134641,50,171841
7986,0.009316,74.125.24.0-255,5738,140379,50,171841
7987,0.009321,172.31.46.0-255,66,140445,50,171841
7988,0.01164,74.125.24.0-255,5738,146183,50,171841
7989,0.011648,172.31.46.0-255,66,146249,50,171841
7990,0.013959,74.125.24.0-255,5738,151987,50,171841
7991,0.013968,172.31.46.0-255,66,152053,50,171841
7992,0.016295,74.125.24.0-255,5738,157791,50,171841
7993,0.016307,172.31.46.0-255,66,157857,50,171841
7994,0.018623,74.125.24.0-255,5738,163595,50,171841
7995,0.018631,172.31.46.0-255,66,163661,50,171841
7996,0.020958,74.125.24.0-255,3848,167509,50,171841
7997,0.020964,172.31.46.0-255,66,167575,50,171841
7998,0.021114,172.31.46.0-255,105,167680,50,171841
7999,0.023387,74.125.24.0-255,66,167746,50,171841
8000,0.029316,172.31.46.0-255,172,167918,50,171841
8001,0.029345,172.31.46.0-255,1113,169031,50,171841
8002,0.029399,172.31.46.0-255,1514,170545,50,171841
8003,0.029401,172.31.46.0-255,1296,171841,50,171841
8004,0.0,74.125.24.0-255,297,297,50,150504
8005,2.2e-05,172.31.46.0-255,66,363,50,150504
8006,2.8e-05,74.125.24.0-255,1484,1847,50,150504
8007,3.3e-05,172.31.46.0-255,66,1913,50,150504
8008,4.7e-05,74.125.24.0-255,4320,6233,50,150504
8009,5.1e-05,172.31.46.0-255,66,6299,50,150504
8010,7.8e-05,74.125.24.0-255,4320,10619,50,150504
8011,8.1e-05,172.31.46.0-255,66,10685,50,150504
8012,0.00011,74.125.24.0-255,3223,13908,50,150504
8013,0.000112,172.31.46.0-255,66,13974,50,150504
8014,0.000434,74.125.24.0-255,1484,15458,50,150504
8015,0.000441,172.31.46.0-255,66,15524,50,150504
8016,0.000447,74.125.24.0-255,2902,18426,50,150504
8017,0.000449,172.31.46.0-255,66,18492,50,150504
8018,0.00046,74.125.24.0-255,5738,24230,50,150504
8019,0.000463,172.31.46.0-255,66,24296,50,150504
8020,0.000505,74.125.24.0-255,2902,27198,50,150504
8021,0.000508,172.31.46.0-255,66,27264,50,150504
8022,0.000535,74.125.24.0-255,3961,31225,50,150504
8023,0.00054,172.31.46.0-255,66,31291,50,150504
8024,0.000716,74.125.24.0-255,1484,32775,50,150504
8025,0.00072,172.31.46.0-255,66,32841,50,150504
8026,0.000726,74.125.24.0-255,2902,35743,50,150504
8027,0.000728,172.31.46.0-255,66,35809,50,150504
8028,0.000747,74.125.24.0-255,5738,41547,50,150504
8029,0.000753,172.31.46.0-255,66,41613,50,150504
8030,0.000758,74.125.24.0-255,2902,44515,50,150504
8031,0.00076,172.31.46.0-255,66,44581,50,150504
8032,0.000796,74.125.24.0-255,3961,48542,50,150504
8033,0.000799,172.31.46.0-255,66,48608,50,150504
8034,0.000819,172.31.46.0-255,66,48674,50,150504
8035,0.000823,74.125.24.0-255,2876,51550,50,150504
8036,0.000825,172.31.46.0-255,66,51616,50,150504
8037,0.001098,74.125.24.0-255,344,51960,50,150504
8038,0.001176,74.125.24.0-255,1484,53444,50,150504
8039,0.001181,172.31.46.0-255,66,53510,50,150504
8040,0.001187,74.125.24.0-255,2902,56412,50,150504
8041,0.001188,172.31.46.0-255,66,56478,50,150504
8042,0.001193,74.125.24.0-255,2902,59380,50,150504
8043,0.001195,172.31.46.0-255,66,59446,50,150504
8044,0.001221,74.125.24.0-255,2902,62348,50,150504
8045,0.001229,172.31.46.0-255,66,62414,50,150504
8046,0.001254,74.125.24.0-255,4320,66734,50,150504
8047,0.001257,172.31.46.0-255,66,66800,50,150504
8048,0.001288,74.125.24.0-255,5379,72179,50,150504
8049,0.001291,172.31.46.0-255,66,72245,50,150504
8050,0.001304,172.31.46.0-255,66,72311,50,150504
8051,0.001309,74.125.24.0-255,3961,76272,50,150504
8052,0.001312,172.31.46.0-255,66,76338,50,150504
8053,0.003347,74.125.24.0-255,5738,82076,50,150504
8054,0.003355,172.31.46.0-255,66,82142,50,150504
8055,0.005396,74.125.24.0-255,1484,83626,50,150504
8056,0.005416,74.125.24.0-255,4320,87946,50,150504
8057,0.005418,172.31.46.0-255,66,88012,50,150504
8058,0.007465,74.125.24.0-255,5738,93750,50,150504
8059,0.00747,172.31.46.0-255,66,93816,50,150504
8060,0.009509,74.125.24.0-255,4320,98136,50,150504
8061,0.009515,172.31.46.0-255,66,98202,50,150504
8062,0.009528,74.125.24.0-255,1484,99686,50,150504
8063,0.011585,74.125.24.0-255,4320,104006,50,150504
8064,0.011592,172.31.46.0-255,66,104072,50,150504
8065,0.013633,74.125.24.0-255,5738,109810,50,150504
8066,0.013639,172.31.46.0-255,66,109876,50,150504
8067,0.015677,74.125.24.0-255,5738,115614,50,150504
8068,0.015688,172.31.46.0-255,66,115680,50,150504
8069,0.017718,74.125.24.0-255,5738,121418,50,150504
8070,0.017727,172.31.46.0-255,66,121484,50,150504
8071,0.019759,74.125.24.0-255,5738,127222,50,150504
8072,0.019771,172.31.46.0-255,66,127288,50,150504
8073,0.021808,74.125.24.0-255,5738,133026,50,150504
8074,0.021814,172.31.46.0-255,66,133092,50,150504
8075,0.023859,74.125.24.0-255,5738,138830,50,150504
8076,0.023865,172.31.46.0-255,66,138896,50,150504
8077,0.025914,74.125.24.0-255,5738,144634,50,150504
8078,0.025922,172.31.46.0-255,66,144700,50,150504
8079,0.027972,74.125.24.0-255,5738,150438,50,150504
8080,0.027977,172.31.46.0-255,66,150504,50,150504
8081,0.0,74.125.24.0-255,225,225,50,106941
8082,2.2e-05,172.31.46.0-255,66,291,50,106941
8083,2.9e-05,74.125.24.0-255,1484,1775,50,106941
8084,3.3e-05,172.31.46.0-255,66,1841,50,106941
8085,5.9e-05,74.125.24.0-255,4320,6161,50,106941
8086,6.2e-05,172.31.46.0-255,66,6227,50,106941
8087,0.000252,74.125.24.0-255,5738,11965,50,106941
8088,0.000258,172.31.46.0-255,66,12031,50,106941
8089,0.000274,74.125.24.0-255,1484,13515,50,106941
8090,0.000276,172.31.46.0-255,66,13581,50,106941
8091,0.000533,74.125.24.0-255,655,14236,50,106941
8092,0.000538,172.31.46.0-255,66,14302,50,106941
8093,0.000585,74.125.24.0-255,5738,20040,50,106941
8094,0.000588,172.31.46.0-255,66,20106,50,106941
8095,0.000607,74.125.24.0-255,4320,24426,50,106941
8096,0.000609,172.31.46.0-255,66,24492,50,106941
8097,0.001012,74.125.24.0-255,6966,31458,50,106941
8098,0.001019,172.31.46.0-255,66,31524,50,106941
8099,0.003372,74.125.24.0-255,5738,37262,50,106941
8100,0.00338,172.31.46.0-255,66,37328,50,106941
8101,0.005736,74.125.24.0-255,5738,43066,50,106941
8102,0.005745,172.31.46.0-255,66,43132,50,106941
8103,0.008133,74.125.24.0-255,2902,46034,50,106941
8104,0.00814,172.31.46.0-255,66,46100,50,106941
8105,0.008186,74.125.24.0-255,2902,49002,50,106941
8106,0.008189,172.31.46.0-255,66,49068,50,106941
8107,0.010474,74.125.24.0-255,2902,51970,50,106941
8108,0.010486,172.31.46.0-255,66,52036,50,106941
8109,0.010531,74.125.24.0-255,2902,54938,50,106941
8110,0.010534,172.31.46.0-255,66,55004,50,106941
8111,0.01284,74.125.24.0-255,2902,57906,50,106941
8112,0.012849,172.31.46.0-255,66,57972,50,106941
8113,0.012881,74.125.24.0-255,2902,60874,50,106941
8114,0.012884,172.31.46.0-255,66,60940,50,106941
8115,0.015197,74.125.24.0-255,2902,63842,50,106941
8116,0.015204,172.31.46.0-255,66,63908,50,106941
8117,0.015236,74.125.24.0-255,1484,65392,50,106941
8118,0.015238,172.31.46.0-255,66,65458,50,106941
8119,0.015252,74.125.24.0-255,1484,66942,50,106941
8120,0.015253,172.31.46.0-255,66,67008,50,106941
8121,0.017357,172.31.46.0-255,196,67204,50,106941
8122,0.017386,172.31.46.0-255,1113,68317,50,106941
8123,0.017438,172.31.46.0-255,1514,69831,50,106941
8124,0.01744,172.31.46.0-255,1296,71127,50,106941
8125,0.017595,74.125.24.0-255,2902,74029,50,106941
8126,0.017601,172.31.46.0-255,66,74095,50,106941
8127,0.017625,74.125.24.0-255,2902,76997,50,106941
8128,0.017627,172.31.46.0-255,66,77063,50,106941
8129,0.018836,104.244.42.0-255,66,77129,50,106941
8130,0.018856,104.244.42.0-255,66,77195,50,106941
8131,0.018939,104.244.42.0-255,66,77261,50,106941
8132,0.019919,74.125.24.0-255,2902,80163,50,106941
8133,0.019925,172.31.46.0-255,66,80229,50,106941
8134,0.019975,74.125.24.0-255,2902,83131,50,106941
8135,0.019978,172.31.46.0-255,66,83197,50,106941
8136,0.022282,74.125.24.0-255,2902,86099,50,106941
8137,0.022288,172.31.46.0-255,66,86165,50,106941
8138,0.022321,74.125.24.0-255,2902,89067,50,106941
8139,0.022324,172.31.46.0-255,66,89133,50,106941
8140,0.024658,74.125.24.0-255,2902,92035,50,106941
8141,0.024664,172.31.46.0-255,66,92101,50,106941
8142,0.024694,74.125.24.0-255,2902,95003,50,106941
8143,0.024697,172.31.46.0-255,66,95069,50,106941
8144,0.027024,74.125.24.0-255,2902,97971,50,106941
8145,0.027031,172.31.46.0-255,66,98037,50,106941
8146,0.027062,74.125.24.0-255,2902,100939,50,106941
8147,0.027064,172.31.46.0-255,66,101005,50,106941
8148,0.029361,74.125.24.0-255,2902,103907,50,106941
8149,0.029367,172.31.46.0-255,66,103973,50,106941
8150,0.029399,74.125.24.0-255,2902,106875,50,106941
8151,0.029401,172.31.46.0-255,66,106941,50,106941
8152,0.0,74.125.200.0-255,149,149,50,271042
8153,2.6e-05,172.31.46.0-255,66,215,50,271042
8154,3.3e-05,74.125.200.0-255,1484,1699,50,271042
8155,3.7e-05,172.31.46.0-255,66,1765,50,271042
8156,4.3e-05,74.125.200.0-255,2902,4667,50,271042
8157,4.6e-05,172.31.46.0-255,66,4733,50,271042
8158,5.3e-05,74.125.200.0-255,5738,10471,50,271042
8159,5.6e-05,172.31.46.0-255,66,10537,50,271042
8160,8.7e-05,74.125.200.0-255,4893,15430,50,271042
8161,9.1e-05,172.31.46.0-255,66,15496,50,271042
8162,9.7e-05,74.125.200.0-255,5738,21234,50,271042
8163,9.9e-05,172.31.46.0-255,66,21300,50,271042
8164,0.000133,74.125.200.0-255,5738,27038,50,271042
8165,0.000136,172.31.46.0-255,66,27104,50,271042
8166,0.000152,74.125.200.0-255,3961,31065,50,271042
8167,0.000155,172.31.46.0-255,66,31131,50,271042
8168,0.000223,74.125.200.0-255,1484,32615,50,271042
8169,0.000226,172.31.46.0-255,66,32681,50,271042
8170,0.000243,74.125.200.0-255,2902,35583,50,271042
8171,0.000246,172.31.46.0-255,66,35649,50,271042
8172,0.000256,74.125.200.0-255,1484,37133,50,271042
8173,0.000259,172.31.46.0-255,66,37199,50,271042
8174,0.000279,74.125.200.0-255,4320,41519,50,271042
8175,0.000282,172.31.46.0-255,66,41585,50,271042
8176,0.000286,74.125.200.0-255,2902,44487,50,271042
8177,0.000288,172.31.46.0-255,66,44553,50,271042
8178,0.000291,74.125.200.0-255,1484,46037,50,271042
8179,0.000293,172.31.46.0-255,66,46103,50,271042
8180,0.000309,74.125.200.0-255,2543,48646,50,271042
8181,0.000311,172.31.46.0-255,66,48712,50,271042
8182,0.000315,74.125.200.0-255,2902,51614,50,271042
8183,0.000318,172.31.46.0-255,66,51680,50,271042
8184,0.000341,74.125.200.0-255,5738,57418,50,271042
8185,0.000345,172.31.46.0-255,66,57484,50,271042
8186,0.000373,74.125.200.0-255,2902,60386,50,271042
8187,0.000376,172.31.46.0-255,66,60452,50,271042
8188,0.000397,74.125.200.0-255,5736,66188,50,271042
8189,0.0004,172.31.46.0-255,66,66254,50,271042
8190,0.000403,74.125.200.0-255,330,66584,50,271042
8191,0.000685,74.125.200.0-255,1484,68068,50,271042
8192,0.000691,74.125.200.0-255,2902,70970,50,271042
8193,0.000693,74.125.200.0-255,1484,72454,50,271042
8194,0.0007,172.31.46.0-255,66,72520,50,271042
8195,0.000708,172.31.46.0-255,66,72586,50,271042
8196,0.000715,74.125.200.0-255,4320,76906,50,271042
8197,0.000718,172.31.46.0-255,66,76972,50,271042
8198,0.000741,74.125.200.0-255,2902,79874,50,271042
8199,0.000743,172.31.46.0-255,66,79940,50,271042
8200,0.000749,74.125.200.0-255,4320,84260,50,271042
8201,0.000751,172.31.46.0-255,66,84326,50,271042
8202,0.000779,74.125.200.0-255,5738,90064,50,271042
8203,0.000782,172.31.46.0-255,66,90130,50,271042
8204,0.000799,74.125.200.0-255,2902,93032,50,271042
8205,0.000802,172.31.46.0-255,66,93098,50,271042
8206,0.000806,74.125.200.0-255,2902,96000,50,271042
8207,0.000808,172.31.46.0-255,66,96066,50,271042
8208,0.000814,74.125.200.0-255,4320,100386,50,271042
8209,0.000817,172.31.46.0-255,66,100452,50,271042
8210,0.000819,74.125.200.0-255,766,101218,50,271042
8211,0.001047,74.125.200.0-255,1484,102702,50,271042
8212,0.001051,172.31.46.0-255,66,102768,50,271042
8213,0.001055,74.125.200.0-255,1484,104252,50,271042
8214,0.001067,74.125.200.0-255,1484,105736,50,271042
8215,0.001069,172.31.46.0-255,66,105802,50,271042
8216,0.001098,74.125.200.0-255,5738,111540,50,271042
8217,0.001104,74.125.200.0-255,5738,117278,50,271042
8218,0.001112,172.31.46.0-255,66,117344,50,271042
8219,0.001115,172.31.46.0-255,66,117410,50,271042
8220,0.001118,74.125.200.0-255,1484,118894,50,271042
8221,0.001136,74.125.200.0-255,7156,126050,50,271042
8222,0.001139,172.31.46.0-255,66,126116,50,271042
8223,0.001166,74.125.200.0-255,7156,133272,50,271042
8224,0.001169,172.31.46.0-255,66,133338,50,271042
8225,0.001173,74.125.200.0-255,2184,135522,50,271042
8226,0.001175,172.31.46.0-255,66,135588,50,271042
8227,0.001189,74.125.200.0-255,1484,137072,50,271042
8228,0.00121,74.125.200.0-255,2902,139974,50,271042
8229,0.001213,172.31.46.0-255,66,140040,50,271042
8230,0.001216,74.125.200.0-255,1484,141524,50,271042
8231,0.001232,74.125.200.0-255,4320,145844,50,271042
8232,0.001234,172.31.46.0-255,66,145910,50,271042
8233,0.001238,74.125.200.0-255,2902,148812,50,271042
8234,0.00124,172.31.46.0-255,66,148878,50,271042
8235,0.001265,74.125.200.0-255,2902,151780,50,271042
8236,0.001268,172.31.46.0-255,66,151846,50,271042
8237,0.001275,74.125.200.0-255,7156,159002,50,271042
8238,0.001277,172.31.46.0-255,66,159068,50,271042
8239,0.001301,74.125.200.0-255,2902,161970,50,271042
8240,0.001304,172.31.46.0-255,66,162036,50,271042
8241,0.001329,74.125.200.0-255,7156,169192,50,271042
8242,0.001331,172.31.46.0-255,66,169258,50,271042
8243,0.001346,74.125.200.0-255,766,170024,50,271042
8244,0.001766,74.125.200.0-255,1484,171508,50,271042
8245,0.001771,74.125.200.0-255,2902,174410,50,271042
8246,0.001778,172.31.46.0-255,66,174476,50,271042
8247,0.001788,172.31.46.0-255,66,174542,50,271042
8248,0.001794,74.125.200.0-255,4320,178862,50,271042
8249,0.001796,172.31.46.0-255,66,178928,50,271042
8250,0.001821,74.125.200.0-255,1484,180412,50,271042
8251,0.001829,74.125.200.0-255,7156,187568,50,271042
8252,0.001832,172.31.46.0-255,66,187634,50,271042
8253,0.001854,172.31.46.0-255,66,187700,50,271042
8254,0.001877,74.125.200.0-255,5738,193438,50,271042
8255,0.00188,172.31.46.0-255,66,193504,50,271042
8256,0.001884,74.125.200.0-255,2184,195688,50,271042
8257,0.001886,172.31.46.0-255,66,195754,50,271042
8258,0.003919,74.125.200.0-255,5738,201492,50,271042
8259,0.003928,172.31.46.0-255,66,201558,50,271042
8260,0.005972,74.125.200.0-255,2902,204460,50,271042
8261,0.005976,172.31.46.0-255,66,204526,50,271042
8262,0.006021,74.125.200.0-255,2902,207428,50,271042
8263,0.006023,172.31.46.0-255,66,207494,50,271042
8264,0.008021,74.125.200.0-255,2902,210396,50,271042
8265,0.008027,172.31.46.0-255,66,210462,50,271042
8266,0.008056,74.125.200.0-255,2902,213364,50,271042
8267,0.008059,172.31.46.0-255,66,213430,50,271042
8268,0.010068,74.125.200.0-255,2902,216332,50,271042
8269,0.010075,172.31.46.0-255,66,216398,50,271042
8270,0.010104,74.125.200.0-255,2902,219300,50,271042
8271,0.010107,172.31.46.0-255,66,219366,50,271042
8272,0.012123,74.125.200.0-255,2902,222268,50,271042
8273,0.012132,172.31.46.0-255,66,222334,50,271042
8274,0.012153,74.125.200.0-255,2902,225236,50,271042
8275,0.012156,172.31.46.0-255,66,225302,50,271042
8276,0.014175,74.125.200.0-255,2902,228204,50,271042
8277,0.014181,172.31.46.0-255,66,228270,50,271042
8278,0.014208,74.125.200.0-255,2902,231172,50,271042
8279,0.01421,172.31.46.0-255,66,231238,50,271042
8280,0.016231,74.125.200.0-255,2902,234140,50,271042
8281,0.016237,172.31.46.0-255,66,234206,50,271042
8282,0.016259,74.125.200.0-255,2902,237108,50,271042
8283,0.016261,172.31.46.0-255,66,237174,50,271042
8284,0.018282,74.125.200.0-255,2902,240076,50,271042
8285,0.01829,172.31.46.0-255,66,240142,50,271042
8286,0.018316,74.125.200.0-255,2902,243044,50,271042
8287,0.018318,172.31.46.0-255,66,243110,50,271042
8288,0.020343,74.125.200.0-255,4320,247430,50,271042
8289,0.020353,172.31.46.0-255,66,247496,50,271042
8290,0.020372,74.125.200.0-255,1484,248980,50,271042
8291,0.022421,74.125.200.0-255,4320,253300,50,271042
8292,0.022432,172.31.46.0-255,66,253366,50,271042
8293,0.024485,74.125.200.0-255,5738,259104,50,271042
8294,0.02449,172.31.46.0-255,66,259170,50,271042
8295,0.026537,74.125.200.0-255,2902,262072,50,271042
8296,0.026544,172.31.46.0-255,66,262138,50,271042
8297,0.026564,74.125.200.0-255,2902,265040,50,271042
8298,0.026566,172.31.46.0-255,66,265106,50,271042
8299,0.028586,74.125.200.0-255,2902,268008,50,271042
8300,0.028593,172.31.46.0-255,66,268074,50,271042
8301,0.028617,74.125.200.0-255,2902,270976,50,271042
8302,0.02862,172.31.46.0-255,66,271042,50,271042
8303,0.0,74.125.24.0-255,146,146,50,107191
8304,1.4e-05,172.31.46.0-255,66,212,50,107191
8305,2e-05,74.125.24.0-255,1484,1696,50,107191
8306,2.5e-05,172.31.46.0-255,66,1762,50,107191
8307,3.1e-05,74.125.24.0-255,2902,4664,50,107191
8308,3.5e-05,172.31.46.0-255,66,4730,50,107191
8309,4.3e-05,74.125.24.0-255,7156,11886,50,107191
8310,4.6e-05,172.31.46.0-255,66,11952,50,107191
8311,9e-05,74.125.24.0-255,1938,13890,50,107191
8312,9.2e-05,172.31.46.0-255,66,13956,50,107191
8313,0.0001,74.125.24.0-255,5738,19694,50,107191
8314,0.000102,172.31.46.0-255,66,19760,50,107191
8315,0.000123,74.125.24.0-255,4320,24080,50,107191
8316,0.000125,172.31.46.0-255,66,24146,50,107191
8317,0.000168,74.125.24.0-255,6797,30943,50,107191
8318,0.000171,172.31.46.0-255,66,31009,50,107191
8319,0.000233,74.125.24.0-255,7156,38165,50,107191
8320,0.000236,172.31.46.0-255,66,38231,50,107191
8321,0.000284,74.125.24.0-255,5738,43969,50,107191
8322,0.000287,172.31.46.0-255,66,44035,50,107191
8323,0.000323,74.125.24.0-255,5738,49773,50,107191
8324,0.000326,172.31.46.0-255,66,49839,50,107191
8325,0.000357,172.31.46.0-255,66,49905,50,107191
8326,0.000446,74.125.24.0-255,5379,55284,50,107191
8327,0.000451,172.31.46.0-255,66,55350,50,107191
8328,0.00048,74.125.24.0-255,646,55996,50,107191
8329,0.000483,172.31.46.0-255,66,56062,50,107191
8330,0.000685,74.125.24.0-255,1484,57546,50,107191
8331,0.000689,172.31.46.0-255,66,57612,50,107191
8332,0.000696,74.125.24.0-255,2902,60514,50,107191
8333,0.000698,172.31.46.0-255,66,60580,50,107191
8334,0.000723,74.125.24.0-255,4320,64900,50,107191
8335,0.000728,172.31.46.0-255,66,64966,50,107191
8336,0.000736,74.125.24.0-255,2902,67868,50,107191
8337,0.000739,172.31.46.0-255,66,67934,50,107191
8338,0.000757,74.125.24.0-255,5738,73672,50,107191
8339,0.000761,172.31.46.0-255,66,73738,50,107191
8340,0.000826,172.31.46.0-255,66,73804,50,107191
8341,0.000882,172.31.46.0-255,66,73870,50,107191
8342,0.000956,172.31.46.0-255,66,73936,50,107191
8343,0.000999,74.125.24.0-255,2902,76838,50,107191
8344,0.001003,172.31.46.0-255,66,76904,50,107191
8345,0.001038,172.31.46.0-255,66,76970,50,107191
8346,0.001158,74.125.24.0-255,6438,83408,50,107191
8347,0.001162,172.31.46.0-255,66,83474,50,107191
8348,0.001201,74.125.24.0-255,1484,84958,50,107191
8349,0.001227,172.31.46.0-255,66,85024,50,107191
8350,0.001262,172.31.46.0-255,66,85090,50,107191
8351,0.00141,172.31.46.0-255,66,85156,50,107191
8352,0.001455,172.31.46.0-255,66,85222,50,107191
8353,0.001669,172.31.46.0-255,66,85288,50,107191
8354,0.001721,74.125.24.0-255,5738,91026,50,107191
8355,0.001726,172.31.46.0-255,66,91092,50,107191
8356,0.002232,74.125.24.0-255,1484,92576,50,107191
8357,0.002525,74.125.24.0-255,5738,98314,50,107191
8358,0.002719,74.125.24.0-255,5738,104052,50,107191
8359,0.003195,74.125.24.0-255,2902,106954,50,107191
8360,0.005162,172.31.46.0-255,66,107020,50,107191
8361,0.008189,172.31.46.0-255,105,107125,50,107191
8362,0.010483,74.125.24.0-255,66,107191,50,107191
8363,0.0,74.125.24.0-255,146,146,50,269547
8364,2.6e-05,172.31.46.0-255,66,212,50,269547
8365,3.3e-05,74.125.24.0-255,1484,1696,50,269547
8366,3.7e-05,172.31.46.0-255,66,1762,50,269547
8367,5.1e-05,74.125.24.0-255,2902,4664,50,269547
8368,5.5e-05,172.31.46.0-255,66,4730,50,269547
8369,6.3e-05,74.125.24.0-255,7156,11886,50,269547
8370,6.5e-05,172.31.46.0-255,66,11952,50,269547
8371,0.000113,172.31.46.0-255,66,12018,50,269547
8372,0.000137,74.125.24.0-255,2085,14103,50,269547
8373,0.00014,172.31.46.0-255,66,14169,50,269547
8374,0.000148,74.125.24.0-255,6797,20966,50,269547
8375,0.000151,172.31.46.0-255,66,21032,50,269547
8376,0.000158,74.125.24.0-255,1484,22516,50,269547
8377,0.00016,172.31.46.0-255,66,22582,50,269547
8378,0.000165,74.125.24.0-255,2902,25484,50,269547
8379,0.000168,172.31.46.0-255,66,25550,50,269547
8380,0.000193,74.125.24.0-255,4320,29870,50,269547
8381,0.000196,172.31.46.0-255,66,29936,50,269547
8382,0.000209,74.125.24.0-255,1484,31420,50,269547
8383,0.000212,172.31.46.0-255,66,31486,50,269547
8384,0.000231,172.31.46.0-255,66,31552,50,269547
8385,0.000277,74.125.24.0-255,4320,35872,50,269547
8386,0.000281,172.31.46.0-255,66,35938,50,269547
8387,0.000301,74.125.24.0-255,7090,43028,50,269547
8388,0.000304,172.31.46.0-255,66,43094,50,269547
8389,0.000332,74.125.24.0-255,383,43477,50,269547
8390,0.000335,172.31.46.0-255,66,43543,50,269547
8391,0.000434,74.125.24.0-255,1484,45027,50,269547
8392,0.000438,172.31.46.0-255,66,45093,50,269547
8393,0.000444,74.125.24.0-255,2902,47995,50,269547
8394,0.000447,172.31.46.0-255,66,48061,50,269547
8395,0.000457,74.125.24.0-255,5738,53799,50,269547
8396,0.00046,172.31.46.0-255,66,53865,50,269547
8397,0.000463,74.125.24.0-255,1484,55349,50,269547
8398,0.000499,74.125.24.0-255,5379,60728,50,269547
8399,0.000502,172.31.46.0-255,66,60794,50,269547
8400,0.000513,172.31.46.0-255,66,60860,50,269547
8401,0.000555,74.125.24.0-255,4320,65180,50,269547
8402,0.000558,172.31.46.0-255,66,65246,50,269547
8403,0.000561,74.125.24.0-255,1484,66730,50,269547
8404,0.000564,74.125.24.0-255,1125,67855,50,269547
8405,0.000566,172.31.46.0-255,66,67921,50,269547
8406,0.000769,74.125.24.0-255,1484,69405,50,269547
8407,0.000775,74.125.24.0-255,1484,70889,50,269547
8408,0.000778,172.31.46.0-255,66,70955,50,269547
8409,0.000802,74.125.24.0-255,1484,72439,50,269547
8410,0.00081,74.125.24.0-255,5738,78177,50,269547
8411,0.000812,172.31.46.0-255,66,78243,50,269547
8412,0.000818,74.125.24.0-255,4320,82563,50,269547
8413,0.00082,172.31.46.0-255,66,82629,50,269547
8414,0.000823,74.125.24.0-255,1484,84113,50,269547
8415,0.000857,172.31.46.0-255,66,84179,50,269547
8416,0.000862,74.125.24.0-255,3602,87781,50,269547
8417,0.000864,172.31.46.0-255,66,87847,50,269547
8418,0.000889,74.125.24.0-255,4320,92167,50,269547
8419,0.000892,172.31.46.0-255,66,92233,50,269547
8420,0.000934,172.31.46.0-255,66,92299,50,269547
8421,0.000946,172.31.46.0-255,66,92365,50,269547
8422,0.000967,74.125.24.0-255,2902,95267,50,269547
8423,0.000969,172.31.46.0-255,66,95333,50,269547
8424,0.000975,74.125.24.0-255,5738,101071,50,269547
8425,0.000978,172.31.46.0-255,66,101137,50,269547
8426,0.001007,74.125.24.0-255,766,101903,50,269547
8427,0.001317,74.125.24.0-255,1484,103387,50,269547
8428,0.001322,172.31.46.0-255,66,103453,50,269547
8429,0.001326,74.125.24.0-255,1484,104937,50,269547
8430,0.001351,74.125.24.0-255,1484,106421,50,269547
8431,0.001354,172.31.46.0-255,66,106487,50,269547
8432,0.001362,74.125.24.0-255,5738,112225,50,269547
8433,0.001364,172.31.46.0-255,66,112291,50,269547
8434,0.001375,74.125.24.0-255,5738,118029,50,269547
8435,0.001377,172.31.46.0-255,66,118095,50,269547
8436,0.001389,74.125.24.0-255,4320,122415,50,269547
8437,0.001392,172.31.46.0-255,66,122481,50,269547
8438,0.001399,74.125.24.0-255,1484,123965,50,269547
8439,0.001435,172.31.46.0-255,66,124031,50,269547
8440,0.001462,74.125.24.0-255,2184,126215,50,269547
8441,0.001465,172.31.46.0-255,66,126281,50,269547
8442,0.001495,74.125.24.0-255,2902,129183,50,269547
8443,0.001498,172.31.46.0-255,66,129249,50,269547
8444,0.001505,74.125.24.0-255,7156,136405,50,269547
8445,0.001507,172.31.46.0-255,66,136471,50,269547
8446,0.001515,74.125.24.0-255,7156,143627,50,269547
8447,0.001517,172.31.46.0-255,66,143693,50,269547
8448,0.001538,172.31.46.0-255,66,143759,50,269547
8449,0.001541,74.125.24.0-255,766,144525,50,269547
8450,0.001613,74.125.24.0-255,2902,147427,50,269547
8451,0.001616,172.31.46.0-255,66,147493,50,269547
8452,0.001621,74.125.24.0-255,4320,151813,50,269547
8453,0.001623,172.31.46.0-255,66,151879,50,269547
8454,0.001674,74.125.24.0-255,5020,156899,50,269547
8455,0.001686,172.31.46.0-255,66,156965,50,269547
8456,0.001715,74.125.24.0-255,1484,158449,50,269547
8457,0.001728,74.125.24.0-255,2902,161351,50,269547
8458,0.001734,74.125.24.0-255,4320,165671,50,269547
8459,0.001747,74.125.24.0-255,1484,167155,50,269547
8460,0.001759,74.125.24.0-255,2902,170057,50,269547
8461,0.001765,172.31.46.0-255,66,170123,50,269547
8462,0.001821,172.31.46.0-255,66,170189,50,269547
8463,0.001971,74.125.24.0-255,1484,171673,50,269547
8464,0.001978,74.125.24.0-255,2902,174575,50,269547
8465,0.001982,172.31.46.0-255,66,174641,50,269547
8466,0.001992,74.125.24.0-255,1484,176125,50,269547
8467,0.002013,74.125.24.0-255,4320,180445,50,269547
8468,0.002016,74.125.24.0-255,1484,181929,50,269547
8469,0.002029,74.125.24.0-255,5738,187667,50,269547
8470,0.002034,172.31.46.0-255,66,187733,50,269547
8471,0.002054,74.125.24.0-255,4320,192053,50,269547
8472,0.002104,172.31.46.0-255,66,192119,50,269547
8473,0.004129,74.125.24.0-255,5738,197857,50,269547
8474,0.004136,172.31.46.0-255,66,197923,50,269547
8475,0.00617,74.125.24.0-255,5738,203661,50,269547
8476,0.006177,172.31.46.0-255,66,203727,50,269547
8477,0.008221,74.125.24.0-255,4320,208047,50,269547
8478,0.008224,172.31.46.0-255,66,208113,50,269547
8479,0.008245,74.125.24.0-255,1484,209597,50,269547
8480,0.010269,74.125.24.0-255,4320,213917,50,269547
8481,0.010277,172.31.46.0-255,66,213983,50,269547
8482,0.012312,74.125.24.0-255,5738,219721,50,269547
8483,0.01232,172.31.46.0-255,66,219787,50,269547
8484,0.014368,74.125.24.0-255,5738,225525,50,269547
8485,0.014375,172.31.46.0-255,66,225591,50,269547
8486,0.016458,74.125.24.0-255,5738,231329,50,269547
8487,0.016466,172.31.46.0-255,66,231395,50,269547
8488,0.018511,74.125.24.0-255,5738,237133,50,269547
8489,0.018518,172.31.46.0-255,66,237199,50,269547
8490,0.020549,74.125.24.0-255,5738,242937,50,269547
8491,0.020556,172.31.46.0-255,66,243003,50,269547
8492,0.022574,74.125.24.0-255,5738,248741,50,269547
8493,0.02258,172.31.46.0-255,66,248807,50,269547
8494,0.024607,74.125.24.0-255,5738,254545,50,269547
8495,0.024615,172.31.46.0-255,66,254611,50,269547
8496,0.026674,74.125.24.0-255,5738,260349,50,269547
8497,0.026681,172.31.46.0-255,66,260415,50,269547
8498,0.027435,172.31.46.0-255,172,260587,50,269547
8499,0.027468,172.31.46.0-255,1113,261700,50,269547
8500,0.027508,172.31.46.0-255,1514,263214,50,269547
8501,0.02751,172.31.46.0-255,331,263545,50,269547
8502,0.028692,74.125.24.0-255,5738,269283,50,269547
8503,0.028698,172.31.46.0-255,66,269349,50,269547
8504,0.028995,104.244.42.0-255,66,269415,50,269547
8505,0.029004,104.244.42.0-255,66,269481,50,269547
8506,0.029057,104.244.42.0-255,66,269547,50,269547
8507,0.0,74.125.68.0-255,154,154,50,258942
8508,1.5e-05,172.31.46.0-255,66,220,50,258942
8509,2.1e-05,74.125.68.0-255,1484,1704,50,258942
8510,2.4e-05,172.31.46.0-255,66,1770,50,258942
8511,2.9e-05,74.125.68.0-255,2902,4672,50,258942
8512,3.3e-05,172.31.46.0-255,66,4738,50,258942
8513,5.5e-05,74.125.68.0-255,1484,6222,50,258942
8514,5.8e-05,172.31.46.0-255,66,6288,50,258942
8515,6.2e-05,74.125.68.0-255,2902,9190,50,258942
8516,6.4e-05,172.31.46.0-255,66,9256,50,258942
8517,8.2e-05,74.125.68.0-255,6370,15626,50,258942
8518,8.5e-05,172.31.46.0-255,66,15692,50,258942
8519,8.8e-05,74.125.68.0-255,2902,18594,50,258942
8520,9e-05,172.31.46.0-255,66,18660,50,258942
8521,0.000112,74.125.68.0-255,1484,20144,50,258942
8522,0.000114,172.31.46.0-255,66,20210,50,258942
8523,0.000146,172.31.46.0-255,66,20276,50,258942
8524,0.000148,74.125.68.0-255,1125,21401,50,258942
8525,0.00015,172.31.46.0-255,66,21467,50,258942
8526,0.000242,74.125.68.0-255,1484,22951,50,258942
8527,0.000246,172.31.46.0-255,66,23017,50,258942
8528,0.00025,74.125.68.0-255,2902,25919,50,258942
8529,0.000252,172.31.46.0-255,66,25985,50,258942
8530,0.000281,74.125.68.0-255,5738,31723,50,258942
8531,0.000283,172.31.46.0-255,66,31789,50,258942
8532,0.000288,74.125.68.0-255,4320,36109,50,258942
8533,0.000289,172.31.46.0-255,66,36175,50,258942
8534,0.000301,74.125.68.0-255,1484,37659,50,258942
8535,0.000303,172.31.46.0-255,66,37725,50,258942
8536,0.00032,74.125.68.0-255,6797,44522,50,258942
8537,0.000322,172.31.46.0-255,66,44588,50,258942
8538,0.000352,172.31.46.0-255,66,44654,50,258942
8539,0.000387,74.125.68.0-255,1398,46052,50,258942
8540,0.000415,74.125.68.0-255,383,46435,50,258942
8541,0.000417,172.31.46.0-255,66,46501,50,258942
8542,0.000538,74.125.68.0-255,1484,47985,50,258942
8543,0.000556,74.125.68.0-255,2902,50887,50,258942
8544,0.000559,74.125.68.0-255,1484,52371,50,258942
8545,0.000562,172.31.46.0-255,66,52437,50,258942
8546,0.000581,74.125.68.0-255,4320,56757,50,258942
8547,0.000584,172.31.46.0-255,66,56823,50,258942
8548,0.000596,74.125.68.0-255,2902,59725,50,258942
8549,0.000599,172.31.46.0-255,66,59791,50,258942
8550,0.000621,74.125.68.0-255,3961,63752,50,258942
8551,0.000627,74.125.68.0-255,7156,70908,50,258942
8552,0.000631,172.31.46.0-255,66,70974,50,258942
8553,0.000637,172.31.46.0-255,66,71040,50,258942
8554,0.000652,74.125.68.0-255,7156,78196,50,258942
8555,0.000655,172.31.46.0-255,66,78262,50,258942
8556,0.000669,74.125.68.0-255,2543,80805,50,258942
8557,0.000671,172.31.46.0-255,66,80871,50,258942
8558,0.00103,74.125.68.0-255,1484,82355,50,258942
8559,0.001044,74.125.68.0-255,2902,85257,50,258942
8560,0.001047,172.31.46.0-255,66,85323,50,258942
8561,0.001071,74.125.68.0-255,4320,89643,50,258942
8562,0.001073,172.31.46.0-255,66,89709,50,258942
8563,0.001104,172.31.46.0-255,66,89775,50,258942
8564,0.001127,74.125.68.0-255,1484,91259,50,258942
8565,0.001145,172.31.46.0-255,66,91325,50,258942
8566,0.001174,74.125.68.0-255,4320,95645,50,258942
8567,0.001176,172.31.46.0-255,66,95711,50,258942
8568,0.001195,74.125.68.0-255,1484,97195,50,258942
8569,0.001197,74.125.68.0-255,766,97961,50,258942
8570,0.001199,172.31.46.0-255,66,98027,50,258942
8571,0.00129,74.125.68.0-255,1484,99511,50,258942
8572,0.0013,74.125.68.0-255,1484,100995,50,258942
8573,0.001303,172.31.46.0-255,66,101061,50,258942
8574,0.001307,74.125.68.0-255,2902,103963,50,258942
8575,0.001309,172.31.46.0-255,66,104029,50,258942
8576,0.00133,74.125.68.0-255,4320,108349,50,258942
8577,0.001332,172.31.46.0-255,66,108415,50,258942
8578,0.00135,74.125.68.0-255,1484,109899,50,258942
8579,0.001356,74.125.68.0-255,5738,115637,50,258942
8580,0.001358,172.31.46.0-255,66,115703,50,258942
8581,0.00138,74.125.68.0-255,2902,118605,50,258942
8582,0.001382,172.31.46.0-255,66,118671,50,258942
8583,0.001392,172.31.46.0-255,66,118737,50,258942
8584,0.001412,74.125.68.0-255,3602,122339,50,258942
8585,0.001414,172.31.46.0-255,66,122405,50,258942
8586,0.001559,74.125.68.0-255,1484,123889,50,258942
8587,0.001562,74.125.68.0-255,1484,125373,50,258942
8588,0.001565,172.31.46.0-255,66,125439,50,258942
8589,0.001582,74.125.68.0-255,1484,126923,50,258942
8590,0.001595,74.125.68.0-255,5738,132661,50,258942
8591,0.001598,172.31.46.0-255,66,132727,50,258942
8592,0.001602,74.125.68.0-255,2902,135629,50,258942
8593,0.001604,172.31.46.0-255,66,135695,50,258942
8594,0.001617,74.125.68.0-255,1484,137179,50,258942
8595,0.001623,74.125.68.0-255,5738,142917,50,258942
8596,0.001625,172.31.46.0-255,66,142983,50,258942
8597,0.001655,172.31.46.0-255,66,143049,50,258942
8598,0.001673,74.125.68.0-255,1484,144533,50,258942
8599,0.001677,74.125.68.0-255,2184,146717,50,258942
8600,0.001679,172.31.46.0-255,66,146783,50,258942
8601,0.001821,74.125.68.0-255,1484,148267,50,258942
8602,0.001827,74.125.68.0-255,2902,151169,50,258942
8603,0.001829,172.31.46.0-255,66,151235,50,258942
8604,0.001847,74.125.68.0-255,1484,152719,50,258942
8605,0.001867,74.125.68.0-255,4320,157039,50,258942
8606,0.001869,172.31.46.0-255,66,157105,50,258942
8607,0.001873,74.125.68.0-255,2902,160007,50,258942
8608,0.001875,172.31.46.0-255,66,160073,50,258942
8609,0.001905,172.31.46.0-255,66,160139,50,258942
8610,0.001908,74.125.68.0-255,1484,161623,50,258942
8611,0.001935,172.31.46.0-255,66,161689,50,258942
8612,0.00196,74.125.68.0-255,4320,166009,50,258942
8613,0.001963,172.31.46.0-255,66,166075,50,258942
8614,0.001983,74.125.68.0-255,7156,173231,50,258942
8615,0.001985,172.31.46.0-255,66,173297,50,258942
8616,0.001995,74.125.68.0-255,4320,177617,50,258942
8617,0.001997,172.31.46.0-255,66,177683,50,258942
8618,0.002032,172.31.46.0-255,66,177749,50,258942
8619,0.002042,172.31.46.0-255,66,177815,50,258942
8620,0.002078,172.31.46.0-255,66,177881,50,258942
8621,0.002093,74.125.68.0-255,1484,179365,50,258942
8622,0.002128,172.31.46.0-255,66,179431,50,258942
8623,0.002133,74.125.68.0-255,4320,183751,50,258942
8624,0.002135,172.31.46.0-255,66,183817,50,258942
8625,0.002169,74.125.68.0-255,4320,188137,50,258942
8626,0.002171,172.31.46.0-255,66,188203,50,258942
8627,0.002189,172.31.46.0-255,66,188269,50,258942
8628,0.002224,172.31.46.0-255,66,188335,50,258942
8629,0.002229,74.125.68.0-255,4320,192655,50,258942
8630,0.002231,172.31.46.0-255,66,192721,50,258942
8631,0.002284,172.31.46.0-255,66,192787,50,258942
8632,0.002301,74.125.68.0-255,3602,196389,50,258942
8633,0.002304,172.31.46.0-255,66,196455,50,258942
8634,0.002348,172.31.46.0-255,66,196521,50,258942
8635,0.004642,74.125.68.0-255,5738,202259,50,258942
8636,0.00465,172.31.46.0-255,66,202325,50,258942
8637,0.006943,74.125.68.0-255,5738,208063,50,258942
8638,0.00695,172.31.46.0-255,66,208129,50,258942
8639,0.009229,74.125.68.0-255,5738,213867,50,258942
8640,0.009233,172.31.46.0-255,66,213933,50,258942
8641,0.011535,74.125.68.0-255,5738,219671,50,258942
8642,0.011543,172.31.46.0-255,66,219737,50,258942
8643,0.013853,74.125.68.0-255,5738,225475,50,258942
8644,0.013862,172.31.46.0-255,66,225541,50,258942
8645,0.016171,74.125.68.0-255,5738,231279,50,258942
8646,0.01618,172.31.46.0-255,66,231345,50,258942
8647,0.018488,74.125.68.0-255,5738,237083,50,258942
8648,0.018505,172.31.46.0-255,66,237149,50,258942
8649,0.020804,74.125.68.0-255,5738,242887,50,258942
8650,0.020813,172.31.46.0-255,66,242953,50,258942
8651,0.02311,74.125.68.0-255,5738,248691,50,258942
8652,0.023116,172.31.46.0-255,66,248757,50,258942
8653,0.025407,74.125.68.0-255,5738,254495,50,258942
8654,0.025414,172.31.46.0-255,66,254561,50,258942
8655,0.027713,74.125.68.0-255,4210,258771,50,258942
8656,0.027721,172.31.46.0-255,66,258837,50,258942
8657,0.027892,172.31.46.0-255,105,258942,50,258942
8658,0.0,172.217.194.0-255,152,152,50,215398
8659,1.8e-05,172.31.46.0-255,66,218,50,215398
8660,2.4e-05,172.217.194.0-255,1484,1702,50,215398
8661,2.9e-05,172.31.46.0-255,66,1768,50,215398
8662,3.5e-05,172.217.194.0-255,2902,4670,50,215398
8663,3.8e-05,172.31.46.0-255,66,4736,50,215398
8664,9.1e-05,172.217.194.0-255,7156,11892,50,215398
8665,9.5e-05,172.31.46.0-255,66,11958,50,215398
8666,0.000116,172.217.194.0-255,7156,19114,50,215398
8667,0.000119,172.31.46.0-255,66,19180,50,215398
8668,0.000144,172.217.194.0-255,4813,23993,50,215398
8669,0.000147,172.31.46.0-255,66,24059,50,215398
8670,0.000163,172.217.194.0-255,2902,26961,50,215398
8671,0.000165,172.31.46.0-255,66,27027,50,215398
8672,0.000182,172.217.194.0-255,3961,30988,50,215398
8673,0.000185,172.31.46.0-255,66,31054,50,215398
8674,0.000265,172.217.194.0-255,1484,32538,50,215398
8675,0.000269,172.31.46.0-255,66,32604,50,215398
8676,0.000274,172.217.194.0-255,1484,34088,50,215398
8677,0.000275,172.31.46.0-255,66,34154,50,215398
8678,0.000293,172.217.194.0-255,1484,35638,50,215398
8679,0.000296,172.31.46.0-255,66,35704,50,215398
8680,0.000302,172.217.194.0-255,5738,41442,50,215398
8681,0.000305,172.31.46.0-255,66,41508,50,215398
8682,0.00031,172.217.194.0-255,4320,45828,50,215398
8683,0.000312,172.31.46.0-255,66,45894,50,215398
8684,0.000332,172.217.194.0-255,2543,48437,50,215398
8685,0.000335,172.31.46.0-255,66,48503,50,215398
8686,0.00035,172.217.194.0-255,5738,54241,50,215398
8687,0.000352,172.31.46.0-255,66,54307,50,215398
8688,0.000365,172.217.194.0-255,1484,55791,50,215398
8689,0.000368,172.31.46.0-255,66,55857,50,215398
8690,0.000373,172.217.194.0-255,4320,60177,50,215398
8691,0.000375,172.31.46.0-255,66,60243,50,215398
8692,0.000402,172.217.194.0-255,4320,64563,50,215398
8693,0.000405,172.31.46.0-255,66,64629,50,215398
8694,0.000418,172.217.194.0-255,1414,66043,50,215398
8695,0.000441,172.217.194.0-255,1484,67527,50,215398
8696,0.000443,172.31.46.0-255,66,67593,50,215398
8697,0.000476,172.217.194.0-255,2902,70495,50,215398
8698,0.000479,172.31.46.0-255,66,70561,50,215398
8699,0.000496,172.217.194.0-255,1484,72045,50,215398
8700,0.000504,172.217.194.0-255,7156,79201,50,215398
8701,0.000507,172.31.46.0-255,66,79267,50,215398
8702,0.000546,172.217.194.0-255,3681,82948,50,215398
8703,0.000549,172.31.46.0-255,66,83014,50,215398
8704,0.000614,172.217.194.0-255,1484,84498,50,215398
8705,0.000633,172.217.194.0-255,2902,87400,50,215398
8706,0.000636,172.31.46.0-255,66,87466,50,215398
8707,0.000659,172.217.194.0-255,4320,91786,50,215398
8708,0.000662,172.31.46.0-255,66,91852,50,215398
8709,0.000679,172.217.194.0-255,1484,93336,50,215398
8710,0.000684,172.217.194.0-255,4320,97656,50,215398
8711,0.000687,172.31.46.0-255,66,97722,50,215398
8712,0.000722,172.217.194.0-255,2902,100624,50,215398
8713,0.000725,172.31.46.0-255,66,100690,50,215398
8714,0.000756,172.31.46.0-255,66,100756,50,215398
8715,0.000761,172.217.194.0-255,2902,103658,50,215398
8716,0.000763,172.31.46.0-255,66,103724,50,215398
8717,0.000786,172.217.194.0-255,5020,108744,50,215398
8718,0.000789,172.31.46.0-255,66,108810,50,215398
8719,0.000801,172.31.46.0-255,66,108876,50,215398
8720,0.000814,172.31.46.0-255,66,108942,50,215398
8721,0.000817,172.217.194.0-255,1484,110426,50,215398
8722,0.000851,172.31.46.0-255,66,110492,50,215398
8723,0.000883,172.217.194.0-255,1484,111976,50,215398
8724,0.000887,172.217.194.0-255,2902,114878,50,215398
8725,0.00089,172.31.46.0-255,66,114944,50,215398
8726,0.000895,172.217.194.0-255,4320,119264,50,215398
8727,0.000898,172.31.46.0-255,66,119330,50,215398
8728,0.000911,172.217.194.0-255,1484,120814,50,215398
8729,0.000914,172.217.194.0-255,1484,122298,50,215398
8730,0.000923,172.31.46.0-255,66,122364,50,215398
8731,0.000936,172.31.46.0-255,66,122430,50,215398
8732,0.000988,172.217.194.0-255,2902,125332,50,215398
8733,0.000992,172.31.46.0-255,66,125398,50,215398
8734,0.001024,172.31.46.0-255,66,125464,50,215398
8735,0.001047,172.217.194.0-255,1484,126948,50,215398
8736,0.001053,172.217.194.0-255,2902,129850,50,215398
8737,0.001056,172.31.46.0-255,66,129916,50,215398
8738,0.0011,172.217.194.0-255,2902,132818,50,215398
8739,0.001103,172.31.46.0-255,66,132884,50,215398
8740,0.001124,172.217.194.0-255,2902,135786,50,215398
8741,0.001127,172.31.46.0-255,66,135852,50,215398
8742,0.001133,172.217.194.0-255,5738,141590,50,215398
8743,0.001136,172.31.46.0-255,66,141656,50,215398
8744,0.00115,172.31.46.0-255,66,141722,50,215398
8745,0.001155,172.217.194.0-255,5020,146742,50,215398
8746,0.001158,172.31.46.0-255,66,146808,50,215398
8747,0.001436,172.217.194.0-255,1484,148292,50,215398
8748,0.001459,172.217.194.0-255,2902,151194,50,215398
8749,0.001463,172.31.46.0-255,66,151260,50,215398
8750,0.001468,172.217.194.0-255,2902,154162,50,215398
8751,0.00147,172.31.46.0-255,66,154228,50,215398
8752,0.001487,172.217.194.0-255,2902,157130,50,215398
8753,0.00149,172.31.46.0-255,66,157196,50,215398
8754,0.001494,172.217.194.0-255,2902,160098,50,215398
8755,0.001496,172.31.46.0-255,66,160164,50,215398
8756,0.0015,172.217.194.0-255,2902,163066,50,215398
8757,0.001502,172.31.46.0-255,66,163132,50,215398
8758,0.001534,172.217.194.0-255,7156,170288,50,215398
8759,0.001538,172.31.46.0-255,66,170354,50,215398
8760,0.001554,172.31.46.0-255,66,170420,50,215398
8761,0.00157,172.217.194.0-255,766,171186,50,215398
8762,0.001707,172.217.194.0-255,1484,172670,50,215398
8763,0.001711,172.31.46.0-255,66,172736,50,215398
8764,0.001716,172.217.194.0-255,2902,175638,50,215398
8765,0.001718,172.31.46.0-255,66,175704,50,215398
8766,0.001745,172.217.194.0-255,5738,181442,50,215398
8767,0.001749,172.31.46.0-255,66,181508,50,215398
8768,0.001769,172.31.46.0-255,66,181574,50,215398
8769,0.001792,172.217.194.0-255,4320,185894,50,215398
8770,0.001794,172.217.194.0-255,1484,187378,50,215398
8771,0.001798,172.31.46.0-255,66,187444,50,215398
8772,0.001828,172.31.46.0-255,66,187510,50,215398
8773,0.001833,172.217.194.0-255,2902,190412,50,215398
8774,0.001834,172.31.46.0-255,66,190478,50,215398
8775,0.001864,172.31.46.0-255,66,190544,50,215398
8776,0.00187,172.217.194.0-255,5738,196282,50,215398
8777,0.001873,172.31.46.0-255,66,196348,50,215398
8778,0.001897,172.217.194.0-255,1484,197832,50,215398
8779,0.001931,172.217.194.0-255,1484,199316,50,215398
8780,0.001936,172.31.46.0-255,66,199382,50,215398
8781,0.001984,172.31.46.0-255,66,199448,50,215398
8782,0.002021,172.217.194.0-255,7156,206604,50,215398
8783,0.00203,172.31.46.0-255,66,206670,50,215398
8784,0.002086,172.217.194.0-255,1484,208154,50,215398
8785,0.002128,172.217.194.0-255,2902,211056,50,215398
8786,0.002147,172.217.194.0-255,3934,214990,50,215398
8787,0.002153,172.31.46.0-255,66,215056,50,215398
8788,0.004239,172.217.194.0-255,105,215161,50,215398
8789,0.004672,172.31.46.0-255,66,215227,50,215398
8790,0.004708,172.31.46.0-255,105,215332,50,215398
8791,0.006782,172.217.194.0-255,66,215398,50,215398
8792,0.0,74.125.68.0-255,145,145,50,311237
8793,1.5e-05,172.31.46.0-255,66,211,50,311237
8794,2.1e-05,74.125.68.0-255,1484,1695,50,311237
8795,2.5e-05,172.31.46.0-255,66,1761,50,311237
8796,3.1e-05,74.125.68.0-255,2902,4663,50,311237
8797,4.2e-05,172.31.46.0-255,66,4729,50,311237
8798,4.7e-05,74.125.68.0-255,2902,7631,50,311237
8799,5e-05,172.31.46.0-255,66,7697,50,311237
8800,8.1e-05,74.125.68.0-255,4320,12017,50,311237
8801,8.5e-05,172.31.46.0-255,66,12083,50,311237
8802,9.5e-05,172.31.46.0-255,66,12149,50,311237
8803,9.9e-05,74.125.68.0-255,2902,15051,50,311237
8804,0.000101,172.31.46.0-255,66,15117,50,311237
8805,0.000131,74.125.68.0-255,4320,19437,50,311237
8806,0.000134,172.31.46.0-255,66,19503,50,311237
8807,0.000145,172.31.46.0-255,66,19569,50,311237
8808,0.000185,172.31.46.0-255,66,19635,50,311237
8809,0.00021,74.125.68.0-255,5738,25373,50,311237
8810,0.000213,172.31.46.0-255,66,25439,50,311237
8811,0.000216,74.125.68.0-255,1484,26923,50,311237
8812,0.000218,172.31.46.0-255,66,26989,50,311237
8813,0.000252,74.125.68.0-255,5738,32727,50,311237
8814,0.000256,172.31.46.0-255,66,32793,50,311237
8815,0.00026,74.125.68.0-255,4256,37049,50,311237
8816,0.000262,172.31.46.0-255,66,37115,50,311237
8817,0.000348,74.125.68.0-255,131,37246,50,311237
8818,0.000352,172.31.46.0-255,66,37312,50,311237
8819,0.000356,74.125.68.0-255,347,37659,50,311237
8820,0.000359,172.31.46.0-255,66,37725,50,311237
8821,0.000607,74.125.68.0-255,1484,39209,50,311237
8822,0.000612,172.31.46.0-255,66,39275,50,311237
8823,0.000616,74.125.68.0-255,1484,40759,50,311237
8824,0.000618,172.31.46.0-255,66,40825,50,311237
8825,0.000639,74.125.68.0-255,1484,42309,50,311237
8826,0.000641,172.31.46.0-255,66,42375,50,311237
8827,0.000652,74.125.68.0-255,4320,46695,50,311237
8828,0.000655,172.31.46.0-255,66,46761,50,311237
8829,0.000659,74.125.68.0-255,2902,49663,50,311237
8830,0.000661,172.31.46.0-255,66,49729,50,311237
8831,0.000703,74.125.68.0-255,5738,55467,50,311237
8832,0.000707,172.31.46.0-255,66,55533,50,311237
8833,0.000714,74.125.68.0-255,7156,62689,50,311237
8834,0.000717,172.31.46.0-255,66,62755,50,311237
8835,0.000727,172.31.46.0-255,66,62821,50,311237
8836,0.00073,74.125.68.0-255,766,63587,50,311237
8837,0.000732,172.31.46.0-255,66,63653,50,311237
8838,0.000763,74.125.68.0-255,1484,65137,50,311237
8839,0.000766,172.31.46.0-255,66,65203,50,311237
8840,0.000772,74.125.68.0-255,4320,69523,50,311237
8841,0.000773,172.31.46.0-255,66,69589,50,311237
8842,0.00078,74.125.68.0-255,4320,73909,50,311237
8843,0.000783,172.31.46.0-255,66,73975,50,311237
8844,0.000809,74.125.68.0-255,5738,79713,50,311237
8845,0.000812,172.31.46.0-255,66,79779,50,311237
8846,0.000847,172.31.46.0-255,66,79845,50,311237
8847,0.000875,74.125.68.0-255,1484,81329,50,311237
8848,0.00088,74.125.68.0-255,4320,85649,50,311237
8849,0.000883,74.125.68.0-255,1636,87285,50,311237
8850,0.000888,172.31.46.0-255,66,87351,50,311237
8851,0.000896,172.31.46.0-255,66,87417,50,311237
8852,0.000903,172.31.46.0-255,66,87483,50,311237
8853,0.001254,74.125.68.0-255,1484,88967,50,311237
8854,0.001257,172.31.46.0-255,66,89033,50,311237
8855,0.00129,74.125.68.0-255,2902,91935,50,311237
8856,0.001293,172.31.46.0-255,66,92001,50,311237
8857,0.001317,74.125.68.0-255,2902,94903,50,311237
8858,0.001319,172.31.46.0-255,66,94969,50,311237
8859,0.001337,74.125.68.0-255,2902,97871,50,311237
8860,0.001339,172.31.46.0-255,66,97937,50,311237
8861,0.001345,74.125.68.0-255,7156,105093,50,311237
8862,0.001347,172.31.46.0-255,66,105159,50,311237
8863,0.001355,172.31.46.0-255,66,105225,50,311237
8864,0.001415,172.31.46.0-255,66,105291,50,311237
8865,0.001517,74.125.68.0-255,1484,106775,50,311237
8866,0.00152,172.31.46.0-255,66,106841,50,311237
8867,0.001524,74.125.68.0-255,2902,109743,50,311237
8868,0.001526,172.31.46.0-255,66,109809,50,311237
8869,0.001587,74.125.68.0-255,5738,115547,50,311237
8870,0.001591,172.31.46.0-255,66,115613,50,311237
8871,0.001603,172.31.46.0-255,66,115679,50,311237
8872,0.001631,74.125.68.0-255,4320,119999,50,311237
8873,0.001633,172.31.46.0-255,66,120065,50,311237
8874,0.001659,74.125.68.0-255,6438,126503,50,311237
8875,0.001662,172.31.46.0-255,66,126569,50,311237
8876,0.0017,74.125.68.0-255,1484,128053,50,311237
8877,0.001702,172.31.46.0-255,66,128119,50,311237
8878,0.001725,74.125.68.0-255,2902,131021,50,311237
8879,0.001727,172.31.46.0-255,66,131087,50,311237
8880,0.00173,74.125.68.0-255,1484,132571,50,311237
8881,0.001731,172.31.46.0-255,66,132637,50,311237
8882,0.001749,74.125.68.0-255,1484,134121,50,311237
8883,0.001751,172.31.46.0-255,66,134187,50,311237
8884,0.001755,74.125.68.0-255,4320,138507,50,311237
8885,0.00176,172.31.46.0-255,66,138573,50,311237
8886,0.001763,74.125.68.0-255,1484,140057,50,311237
8887,0.001767,172.31.46.0-255,66,140123,50,311237
8888,0.001792,74.125.68.0-255,4320,144443,50,311237
8889,0.001795,172.31.46.0-255,66,144509,50,311237
8890,0.001827,74.125.68.0-255,2902,147411,50,311237
8891,0.00183,172.31.46.0-255,66,147477,50,311237
8892,0.001834,74.125.68.0-255,2902,150379,50,311237
8893,0.001836,172.31.46.0-255,66,150445,50,311237
8894,0.001862,74.125.68.0-255,2902,153347,50,311237
8895,0.001867,172.31.46.0-255,66,153413,50,311237
8896,0.001874,74.125.68.0-255,7156,160569,50,311237
8897,0.001876,172.31.46.0-255,66,160635,50,311237
8898,0.001878,74.125.68.0-255,766,161401,50,311237
8899,0.00188,172.31.46.0-255,66,161467,50,311237
8900,0.001912,74.125.68.0-255,1484,162951,50,311237
8901,0.001915,172.31.46.0-255,66,163017,50,311237
8902,0.001921,74.125.68.0-255,4320,167337,50,311237
8903,0.001923,172.31.46.0-255,66,167403,50,311237
8904,0.001925,74.125.68.0-255,1484,168887,50,311237
8905,0.001928,172.31.46.0-255,66,168953,50,311237
8906,0.001961,74.125.68.0-255,4320,173273,50,311237
8907,0.001965,172.31.46.0-255,66,173339,50,311237
8908,0.001974,74.125.68.0-255,4320,177659,50,311237
8909,0.001976,172.31.46.0-255,66,177725,50,311237
8910,0.002004,74.125.68.0-255,7156,184881,50,311237
8911,0.002007,172.31.46.0-255,66,184947,50,311237
8912,0.002012,74.125.68.0-255,4320,189267,50,311237
8913,0.002014,172.31.46.0-255,66,189333,50,311237
8914,0.002038,74.125.68.0-255,2902,192235,50,311237
8915,0.00204,172.31.46.0-255,66,192301,50,311237
8916,0.002065,74.125.68.0-255,3602,195903,50,311237
8917,0.002067,172.31.46.0-255,66,195969,50,311237
8918,0.002098,74.125.68.0-255,1484,197453,50,311237
8919,0.002101,172.31.46.0-255,66,197519,50,311237
8920,0.00213,74.125.68.0-255,2902,200421,50,311237
8921,0.002133,172.31.46.0-255,66,200487,50,311237
8922,0.00214,74.125.68.0-255,5738,206225,50,311237
8923,0.002143,172.31.46.0-255,66,206291,50,311237
8924,0.002147,74.125.68.0-255,2902,209193,50,311237
8925,0.002156,74.125.68.0-255,4320,213513,50,311237
8926,0.002191,74.125.68.0-255,1484,214997,50,311237
8927,0.002218,74.125.68.0-255,6438,221435,50,311237
8928,0.002329,74.125.68.0-255,1484,222919,50,311237
8929,0.002347,74.125.68.0-255,2902,225821,50,311237
8930,0.002374,74.125.68.0-255,2902,228723,50,311237
8931,0.002418,74.125.68.0-255,1484,230207,50,311237
8932,0.002434,74.125.68.0-255,5738,235945,50,311237
8933,0.002441,74.125.68.0-255,7156,243101,50,311237
8934,0.002446,74.125.68.0-255,3602,246703,50,311237
8935,0.00254,74.125.68.0-255,1484,248187,50,311237
8936,0.002565,74.125.68.0-255,2902,251089,50,311237
8937,0.002607,74.125.68.0-255,1484,252573,50,311237
8938,0.002621,74.125.68.0-255,2902,255475,50,311237
8939,0.005415,172.31.46.0-255,66,255541,50,311237
8940,0.008006,74.125.68.0-255,5738,261279,50,311237
8941,0.008012,172.31.46.0-255,66,261345,50,311237
8942,0.010571,74.125.68.0-255,4320,265665,50,311237
8943,0.010576,172.31.46.0-255,66,265731,50,311237
8944,0.010604,74.125.68.0-255,1484,267215,50,311237
8945,0.010606,172.31.46.0-255,66,267281,50,311237
8946,0.013151,74.125.68.0-255,5738,273019,50,311237
8947,0.013157,172.31.46.0-255,66,273085,50,311237
8948,0.01572,74.125.68.0-255,5738,278823,50,311237
8949,0.015728,172.31.46.0-255,66,278889,50,311237
8950,0.018295,74.125.68.0-255,5738,284627,50,311237
8951,0.018302,172.31.46.0-255,66,284693,50,311237
8952,0.020895,74.125.68.0-255,5738,290431,50,311237
8953,0.020902,172.31.46.0-255,66,290497,50,311237
8954,0.023479,74.125.68.0-255,5738,296235,50,311237
8955,0.023487,172.31.46.0-255,66,296301,50,311237
8956,0.026061,74.125.68.0-255,5738,302039,50,311237
8957,0.026068,172.31.46.0-255,66,302105,50,311237
8958,0.028156,172.31.46.0-255,172,302277,50,311237
8959,0.028187,172.31.46.0-255,1113,303390,50,311237
8960,0.028263,172.31.46.0-255,1514,304904,50,311237
8961,0.028265,172.31.46.0-255,331,305235,50,311237
8962,0.028635,74.125.68.0-255,5738,310973,50,311237
8963,0.028643,172.31.46.0-255,66,311039,50,311237
8964,0.02973,104.244.42.0-255,66,311105,50,311237
8965,0.029738,104.244.42.0-255,66,311171,50,311237
8966,0.029841,104.244.42.0-255,66,311237,50,311237
8967,0.0,172.217.194.0-255,152,152,50,223946
8968,2.3e-05,172.31.46.0-255,66,218,50,223946
8969,3e-05,172.217.194.0-255,1484,1702,50,223946
8970,3.4e-05,172.31.46.0-255,66,1768,50,223946
8971,3.9e-05,172.217.194.0-255,2902,4670,50,223946
8972,4.9e-05,172.31.46.0-255,66,4736,50,223946
8973,5.3e-05,172.217.194.0-255,1484,6220,50,223946
8974,5.6e-05,172.31.46.0-255,66,6286,50,223946
8975,9.4e-05,172.217.194.0-255,5738,12024,50,223946
8976,9.8e-05,172.31.46.0-255,66,12090,50,223946
8977,0.000102,172.217.194.0-255,2005,14095,50,223946
8978,0.000104,172.31.46.0-255,66,14161,50,223946
8979,0.000131,172.217.194.0-255,1484,15645,50,223946
8980,0.000134,172.31.46.0-255,66,15711,50,223946
8981,0.000138,172.217.194.0-255,2902,18613,50,223946
8982,0.00014,172.31.46.0-255,66,18679,50,223946
8983,0.000143,172.217.194.0-255,1484,20163,50,223946
8984,0.000145,172.31.46.0-255,66,20229,50,223946
8985,0.000178,172.217.194.0-255,4320,24549,50,223946
8986,0.000181,172.31.46.0-255,66,24615,50,223946
8987,0.000188,172.217.194.0-255,6797,31412,50,223946
8988,0.00019,172.31.46.0-255,66,31478,50,223946
8989,0.000226,172.217.194.0-255,7156,38634,50,223946
8990,0.000229,172.31.46.0-255,66,38700,50,223946
8991,0.000242,172.31.46.0-255,66,38766,50,223946
8992,0.000601,172.217.194.0-255,1484,40250,50,223946
8993,0.000607,172.217.194.0-255,2902,43152,50,223946
8994,0.000612,172.31.46.0-255,66,43218,50,223946
8995,0.000616,172.31.46.0-255,66,43284,50,223946
8996,0.000635,172.217.194.0-255,5738,49022,50,223946
8997,0.000638,172.31.46.0-255,66,49088,50,223946
8998,0.000645,172.217.194.0-255,5738,54826,50,223946
8999,0.000648,172.31.46.0-255,66,54892,50,223946
9000,0.000684,172.31.46.0-255,66,54958,50,223946
9001,0.00069,172.217.194.0-255,4540,59498,50,223946
9002,0.000692,172.31.46.0-255,66,59564,50,223946
9003,0.000754,172.31.46.0-255,66,59630,50,223946
9004,0.000791,172.31.46.0-255,66,59696,50,223946
9005,0.000996,172.217.194.0-255,1484,61180,50,223946
9006,0.001003,172.217.194.0-255,2902,64082,50,223946
9007,0.001006,172.31.46.0-255,66,64148,50,223946
9008,0.001036,172.217.194.0-255,5738,69886,50,223946
9009,0.001039,172.31.46.0-255,66,69952,50,223946
9010,0.001045,172.217.194.0-255,4320,74272,50,223946
9011,0.001047,172.31.46.0-255,66,74338,50,223946
9012,0.001053,172.217.194.0-255,4320,78658,50,223946
9013,0.001055,172.31.46.0-255,66,78724,50,223946
9014,0.001092,172.217.194.0-255,7156,85880,50,223946
9015,0.001096,172.31.46.0-255,66,85946,50,223946
9016,0.00112,172.217.194.0-255,2902,88848,50,223946
9017,0.001123,172.31.46.0-255,66,88914,50,223946
9018,0.001144,172.217.194.0-255,5020,93934,50,223946
9019,0.001147,172.31.46.0-255,66,94000,50,223946
9020,0.001333,172.217.194.0-255,1484,95484,50,223946
9021,0.001339,172.217.194.0-255,2902,98386,50,223946
9022,0.001342,172.31.46.0-255,66,98452,50,223946
9023,0.00137,172.217.194.0-255,5738,104190,50,223946
9024,0.001373,172.31.46.0-255,66,104256,50,223946
9025,0.001401,172.217.194.0-255,5738,109994,50,223946
9026,0.001404,172.31.46.0-255,66,110060,50,223946
9027,0.001427,172.217.194.0-255,2902,112962,50,223946
9028,0.00143,172.31.46.0-255,66,113028,50,223946
9029,0.001447,172.217.194.0-255,2902,115930,50,223946
9030,0.00145,172.31.46.0-255,66,115996,50,223946
9031,0.00148,172.217.194.0-255,4320,120316,50,223946
9032,0.001484,172.31.46.0-255,66,120382,50,223946
9033,0.001497,172.217.194.0-255,4320,124702,50,223946
9034,0.001504,172.31.46.0-255,66,124768,50,223946
9035,0.001532,172.217.194.0-255,3602,128370,50,223946
9036,0.001534,172.31.46.0-255,66,128436,50,223946
9037,0.001593,172.217.194.0-255,1484,129920,50,223946
9038,0.001611,172.217.194.0-255,2902,132822,50,223946
9039,0.001617,172.217.194.0-255,4320,137142,50,223946
9040,0.00162,172.31.46.0-255,66,137208,50,223946
9041,0.001624,172.31.46.0-255,66,137274,50,223946
9042,0.001644,172.217.194.0-255,1484,138758,50,223946
9043,0.001659,172.31.46.0-255,66,138824,50,223946
9044,0.001666,172.217.194.0-255,5738,144562,50,223946
9045,0.001668,172.31.46.0-255,66,144628,50,223946
9046,0.001697,172.217.194.0-255,2902,147530,50,223946
9047,0.0017,172.31.46.0-255,66,147596,50,223946
9048,0.001704,172.217.194.0-255,2184,149780,50,223946
9049,0.001706,172.31.46.0-255,66,149846,50,223946
9050,0.00376,172.217.194.0-255,5738,155584,50,223946
9051,0.003768,172.31.46.0-255,66,155650,50,223946
9052,0.00582,172.217.194.0-255,4320,159970,50,223946
9053,0.005823,172.31.46.0-255,66,160036,50,223946
9054,0.005854,172.217.194.0-255,1484,161520,50,223946
9055,0.00787,172.217.194.0-255,4320,165840,50,223946
9056,0.007877,172.31.46.0-255,66,165906,50,223946
9057,0.009936,172.217.194.0-255,5738,171644,50,223946
9058,0.009943,172.31.46.0-255,66,171710,50,223946
9059,0.012011,172.217.194.0-255,5738,177448,50,223946
9060,0.012019,172.31.46.0-255,66,177514,50,223946
9061,0.01409,172.217.194.0-255,5738,183252,50,223946
9062,0.014097,172.31.46.0-255,66,183318,50,223946
9063,0.016148,172.217.194.0-255,5738,189056,50,223946
9064,0.016156,172.31.46.0-255,66,189122,50,223946
9065,0.018211,172.217.194.0-255,5738,194860,50,223946
9066,0.018219,172.31.46.0-255,66,194926,50,223946
9067,0.0203,172.217.194.0-255,5738,200664,50,223946
9068,0.020314,172.31.46.0-255,66,200730,50,223946
9069,0.022338,172.217.194.0-255,5738,206468,50,223946
9070,0.02235,172.31.46.0-255,66,206534,50,223946
9071,0.024394,172.217.194.0-255,5738,212272,50,223946
9072,0.024401,172.31.46.0-255,66,212338,50,223946
9073,0.026496,172.217.194.0-255,5738,218076,50,223946
9074,0.026503,172.31.46.0-255,66,218142,50,223946
9075,0.028534,172.217.194.0-255,5738,223880,50,223946
9076,0.028541,172.31.46.0-255,66,223946,50,223946
9077,0.0,172.217.194.0-255,143,143,50,163024
9078,1.7e-05,172.31.46.0-255,66,209,50,163024
9079,2.3e-05,172.217.194.0-255,1484,1693,50,163024
9080,2.7e-05,172.31.46.0-255,66,1759,50,163024
9081,3.2e-05,172.217.194.0-255,2902,4661,50,163024
9082,3.6e-05,172.31.46.0-255,66,4727,50,163024
9083,6.3e-05,172.217.194.0-255,7156,11883,50,163024
9084,6.6e-05,172.31.46.0-255,66,11949,50,163024
9085,7.1e-05,172.217.194.0-255,2053,14002,50,163024
9086,7.3e-05,172.31.46.0-255,66,14068,50,163024
9087,0.000104,172.217.194.0-255,1484,15552,50,163024
9088,0.000106,172.31.46.0-255,66,15618,50,163024
9089,0.000138,172.31.46.0-255,66,15684,50,163024
9090,0.000163,172.217.194.0-255,5379,21063,50,163024
9091,0.000166,172.31.46.0-255,66,21129,50,163024
9092,0.000265,172.217.194.0-255,1484,22613,50,163024
9093,0.000269,172.31.46.0-255,66,22679,50,163024
9094,0.000275,172.217.194.0-255,2902,25581,50,163024
9095,0.000277,172.31.46.0-255,66,25647,50,163024
9096,0.000297,172.217.194.0-255,5738,31385,50,163024
9097,0.0003,172.31.46.0-255,66,31451,50,163024
9098,0.000344,172.31.46.0-255,66,31517,50,163024
9099,0.000348,172.217.194.0-255,1484,33001,50,163024
9100,0.000349,172.31.46.0-255,66,33067,50,163024
9101,0.000364,172.217.194.0-255,2902,35969,50,163024
9102,0.000366,172.31.46.0-255,66,36035,50,163024
9103,0.000393,172.217.194.0-255,5379,41414,50,163024
9104,0.000395,172.31.46.0-255,66,41480,50,163024
9105,0.000548,172.217.194.0-255,646,42126,50,163024
9106,0.000553,172.31.46.0-255,66,42192,50,163024
9107,0.000651,172.217.194.0-255,1484,43676,50,163024
9108,0.000667,172.217.194.0-255,2902,46578,50,163024
9109,0.00067,172.31.46.0-255,66,46644,50,163024
9110,0.000698,172.217.194.0-255,5738,52382,50,163024
9111,0.000701,172.31.46.0-255,66,52448,50,163024
9112,0.000706,172.217.194.0-255,4320,56768,50,163024
9113,0.000708,172.31.46.0-255,66,56834,50,163024
9114,0.000734,172.31.46.0-255,66,56900,50,163024
9115,0.000746,172.31.46.0-255,66,56966,50,163024
9116,0.000786,172.217.194.0-255,1484,58450,50,163024
9117,0.00079,172.217.194.0-255,2902,61352,50,163024
9118,0.000793,172.31.46.0-255,66,61418,50,163024
9119,0.000799,172.217.194.0-255,5738,67156,50,163024
9120,0.000801,172.31.46.0-255,66,67222,50,163024
9121,0.000832,172.31.46.0-255,66,67288,50,163024
9122,0.000844,172.217.194.0-255,1484,68772,50,163024
9123,0.000883,172.31.46.0-255,66,68838,50,163024
9124,0.000905,172.217.194.0-255,2184,71022,50,163024
9125,0.000908,172.31.46.0-255,66,71088,50,163024
9126,0.000992,172.217.194.0-255,1484,72572,50,163024
9127,0.000997,172.217.194.0-255,2902,75474,50,163024
9128,0.001007,172.31.46.0-255,66,75540,50,163024
9129,0.001034,172.217.194.0-255,5738,81278,50,163024
9130,0.001038,172.31.46.0-255,66,81344,50,163024
9131,0.001042,172.217.194.0-255,2902,84246,50,163024
9132,0.001044,172.31.46.0-255,66,84312,50,163024
9133,0.001051,172.217.194.0-255,7156,91468,50,163024
9134,0.001053,172.31.46.0-255,66,91534,50,163024
9135,0.001076,172.217.194.0-255,2902,94436,50,163024
9136,0.001079,172.31.46.0-255,66,94502,50,163024
9137,0.001091,172.31.46.0-255,66,94568,50,163024
9138,0.001559,172.217.194.0-255,1484,96052,50,163024
9139,0.001565,172.217.194.0-255,2902,98954,50,163024
9140,0.001568,172.31.46.0-255,66,99020,50,163024
9141,0.001591,172.217.194.0-255,5738,104758,50,163024
9142,0.001595,172.31.46.0-255,66,104824,50,163024
9143,0.001604,172.217.194.0-255,4320,109144,50,163024
9144,0.001607,172.31.46.0-255,66,109210,50,163024
9145,0.001628,172.31.46.0-255,66,109276,50,163024
9146,0.001632,172.217.194.0-255,2902,112178,50,163024
9147,0.001634,172.31.46.0-255,66,112244,50,163024
9148,0.001657,172.31.46.0-255,66,112310,50,163024
9149,0.00185,172.217.194.0-255,1484,113794,50,163024
9150,0.001855,172.217.194.0-255,2902,116696,50,163024
9151,0.001858,172.31.46.0-255,66,116762,50,163024
9152,0.001878,172.217.194.0-255,5738,122500,50,163024
9153,0.001881,172.31.46.0-255,66,122566,50,163024
9154,0.001885,172.217.194.0-255,2902,125468,50,163024
9155,0.001887,172.31.46.0-255,66,125534,50,163024
9156,0.001907,172.217.194.0-255,4320,129854,50,163024
9157,0.00191,172.31.46.0-255,66,129920,50,163024
9158,0.001934,172.217.194.0-255,5738,135658,50,163024
9159,0.001936,172.31.46.0-255,66,135724,50,163024
9160,0.001973,172.31.46.0-255,66,135790,50,163024
9161,0.002091,172.217.194.0-255,1484,137274,50,163024
9162,0.002096,172.217.194.0-255,2902,140176,50,163024
9163,0.0021,172.31.46.0-255,66,140242,50,163024
9164,0.002106,172.217.194.0-255,5738,145980,50,163024
9165,0.002108,172.31.46.0-255,66,146046,50,163024
9166,0.002153,172.31.46.0-255,66,146112,50,163024
9167,0.002165,172.31.46.0-255,66,146178,50,163024
9168,0.002204,172.31.46.0-255,66,146244,50,163024
9169,0.002236,172.31.46.0-255,66,146310,50,163024
9170,0.002242,172.217.194.0-255,5020,151330,50,163024
9171,0.002244,172.31.46.0-255,66,151396,50,163024
9172,0.002264,172.217.194.0-255,4320,155716,50,163024
9173,0.002267,172.31.46.0-255,66,155782,50,163024
9174,0.002318,172.31.46.0-255,66,155848,50,163024
9175,0.002335,172.31.46.0-255,66,155914,50,163024
9176,0.002362,172.31.46.0-255,66,155980,50,163024
9177,0.002419,172.31.46.0-255,66,156046,50,163024
9178,0.002442,172.217.194.0-255,6438,162484,50,163024
9179,0.002445,172.31.46.0-255,66,162550,50,163024
9180,0.002461,172.31.46.0-255,66,162616,50,163024
9181,0.002472,172.31.46.0-255,66,162682,50,163024
9182,0.002476,172.217.194.0-255,105,162787,50,163024
9183,0.008768,172.31.46.0-255,66,162853,50,163024
9184,0.008807,172.31.46.0-255,105,162958,50,163024
9185,0.01134,172.217.194.0-255,66,163024,50,163024
9186,0.0,74.125.200.0-255,156,156,50,398523
9187,2.3e-05,172.31.46.0-255,66,222,50,398523
9188,3e-05,74.125.200.0-255,1484,1706,50,398523
9189,3.5e-05,172.31.46.0-255,66,1772,50,398523
9190,5.1e-05,74.125.200.0-255,2902,4674,50,398523
9191,5.4e-05,172.31.46.0-255,66,4740,50,398523
9192,6e-05,74.125.200.0-255,4320,9060,50,398523
9193,6.3e-05,172.31.46.0-255,66,9126,50,398523
9194,9.9e-05,74.125.200.0-255,4958,14084,50,398523
9195,0.000103,172.31.46.0-255,66,14150,50,398523
9196,0.000107,74.125.200.0-255,2902,17052,50,398523
9197,0.000109,172.31.46.0-255,66,17118,50,398523
9198,0.00012,74.125.200.0-255,4320,21438,50,398523
9199,0.000123,172.31.46.0-255,66,21504,50,398523
9200,0.00016,172.31.46.0-255,66,21570,50,398523
9201,0.000163,74.125.200.0-255,1125,22695,50,398523
9202,0.000165,172.31.46.0-255,66,22761,50,398523
9203,0.000209,74.125.200.0-255,1484,24245,50,398523
9204,0.000212,172.31.46.0-255,66,24311,50,398523
9205,0.000216,74.125.200.0-255,2902,27213,50,398523
9206,0.000218,172.31.46.0-255,66,27279,50,398523
9207,0.000235,74.125.200.0-255,1484,28763,50,398523
9208,0.000238,172.31.46.0-255,66,28829,50,398523
9209,0.000265,74.125.200.0-255,4320,33149,50,398523
9210,0.000274,172.31.46.0-255,66,33215,50,398523
9211,0.000281,74.125.200.0-255,5738,38953,50,398523
9212,0.000283,172.31.46.0-255,66,39019,50,398523
9213,0.000286,74.125.200.0-255,1125,40144,50,398523
9214,0.000288,172.31.46.0-255,66,40210,50,398523
9215,0.000329,74.125.200.0-255,1484,41694,50,398523
9216,0.000332,172.31.46.0-255,66,41760,50,398523
9217,0.000343,74.125.200.0-255,1484,43244,50,398523
9218,0.000361,74.125.200.0-255,2902,46146,50,398523
9219,0.000364,172.31.46.0-255,66,46212,50,398523
9220,0.000394,74.125.200.0-255,5738,51950,50,398523
9221,0.000396,172.31.46.0-255,66,52016,50,398523
9222,0.000399,74.125.200.0-255,1484,53500,50,398523
9223,0.000422,74.125.200.0-255,4542,58042,50,398523
9224,0.000425,172.31.46.0-255,66,58108,50,398523
9225,0.000584,74.125.200.0-255,1484,59592,50,398523
9226,0.000589,74.125.200.0-255,1484,61076,50,398523
9227,0.000593,172.31.46.0-255,66,61142,50,398523
9228,0.000623,74.125.200.0-255,2902,64044,50,398523
9229,0.000625,172.31.46.0-255,66,64110,50,398523
9230,0.000632,74.125.200.0-255,5738,69848,50,398523
9231,0.000634,172.31.46.0-255,66,69914,50,398523
9232,0.000664,74.125.200.0-255,4829,74743,50,398523
9233,0.000667,172.31.46.0-255,66,74809,50,398523
9234,0.000927,74.125.200.0-255,1484,76293,50,398523
9235,0.000941,74.125.200.0-255,2902,79195,50,398523
9236,0.000944,172.31.46.0-255,66,79261,50,398523
9237,0.000949,74.125.200.0-255,2902,82163,50,398523
9238,0.00095,172.31.46.0-255,66,82229,50,398523
9239,0.000985,74.125.200.0-255,4320,86549,50,398523
9240,0.000988,172.31.46.0-255,66,86615,50,398523
9241,0.001014,172.31.46.0-255,66,86681,50,398523
9242,0.001022,74.125.200.0-255,7156,93837,50,398523
9243,0.001024,172.31.46.0-255,66,93903,50,398523
9244,0.00107,74.125.200.0-255,4320,98223,50,398523
9245,0.001073,172.31.46.0-255,66,98289,50,398523
9246,0.001086,74.125.200.0-255,2184,100473,50,398523
9247,0.001092,172.31.46.0-255,66,100539,50,398523
9248,0.001827,74.125.200.0-255,1484,102023,50,398523
9249,0.001835,74.125.200.0-255,2902,104925,50,398523
9250,0.001839,172.31.46.0-255,66,104991,50,398523
9251,0.001843,74.125.200.0-255,1484,106475,50,398523
9252,0.001872,74.125.200.0-255,4320,110795,50,398523
9253,0.001874,172.31.46.0-255,66,110861,50,398523
9254,0.001879,74.125.200.0-255,2902,113763,50,398523
9255,0.001881,172.31.46.0-255,66,113829,50,398523
9256,0.001886,74.125.200.0-255,4320,118149,50,398523
9257,0.001893,172.31.46.0-255,66,118215,50,398523
9258,0.001898,74.125.200.0-255,2902,121117,50,398523
9259,0.0019,172.31.46.0-255,66,121183,50,398523
9260,0.001925,74.125.200.0-255,5738,126921,50,398523
9261,0.00193,172.31.46.0-255,66,126987,50,398523
9262,0.001939,172.31.46.0-255,66,127053,50,398523
9263,0.002421,74.125.200.0-255,1484,128537,50,398523
9264,0.002436,74.125.200.0-255,1484,130021,50,398523
9265,0.002439,172.31.46.0-255,66,130087,50,398523
9266,0.002464,74.125.200.0-255,4320,134407,50,398523
9267,0.002466,172.31.46.0-255,66,134473,50,398523
9268,0.002469,74.125.200.0-255,1484,135957,50,398523
9269,0.002472,74.125.200.0-255,1484,137441,50,398523
9270,0.002473,172.31.46.0-255,66,137507,50,398523
9271,0.002496,74.125.200.0-255,1484,138991,50,398523
9272,0.002501,74.125.200.0-255,4320,143311,50,398523
9273,0.002503,172.31.46.0-255,66,143377,50,398523
9274,0.00251,74.125.200.0-255,1484,144861,50,398523
9275,0.002524,74.125.200.0-255,1484,146345,50,398523
9276,0.002526,172.31.46.0-255,66,146411,50,398523
9277,0.002531,74.125.200.0-255,4320,150731,50,398523
9278,0.002533,172.31.46.0-255,66,150797,50,398523
9279,0.002535,74.125.200.0-255,1484,152281,50,398523
9280,0.002556,74.125.200.0-255,1484,153765,50,398523
9281,0.002557,172.31.46.0-255,66,153831,50,398523
9282,0.002587,74.125.200.0-255,2902,156733,50,398523
9283,0.002589,172.31.46.0-255,66,156799,50,398523
9284,0.002607,74.125.200.0-255,1484,158283,50,398523
9285,0.002625,74.125.200.0-255,3602,161885,50,398523
9286,0.002627,172.31.46.0-255,66,161951,50,398523
9287,0.002776,74.125.200.0-255,1484,163435,50,398523
9288,0.00279,74.125.200.0-255,2902,166337,50,398523
9289,0.002794,172.31.46.0-255,66,166403,50,398523
9290,0.002826,74.125.200.0-255,5738,172141,50,398523
9291,0.002828,172.31.46.0-255,66,172207,50,398523
9292,0.002855,74.125.200.0-255,7156,179363,50,398523
9293,0.002857,172.31.46.0-255,66,179429,50,398523
9294,0.002861,74.125.200.0-255,2902,182331,50,398523
9295,0.002863,172.31.46.0-255,66,182397,50,398523
9296,0.002867,74.125.200.0-255,1484,183881,50,398523
9297,0.002894,74.125.200.0-255,2902,186783,50,398523
9298,0.002897,172.31.46.0-255,66,186849,50,398523
9299,0.002902,74.125.200.0-255,4320,191169,50,398523
9300,0.002904,172.31.46.0-255,66,191235,50,398523
9301,0.002963,74.125.200.0-255,4320,195555,50,398523
9302,0.002967,172.31.46.0-255,66,195621,50,398523
9303,0.002969,74.125.200.0-255,766,196387,50,398523
9304,0.003125,74.125.200.0-255,1484,197871,50,398523
9305,0.003127,172.31.46.0-255,66,197937,50,398523
9306,0.003145,74.125.200.0-255,2902,200839,50,398523
9307,0.003148,172.31.46.0-255,66,200905,50,398523
9308,0.00316,74.125.200.0-255,1484,202389,50,398523
9309,0.003178,74.125.200.0-255,4320,206709,50,398523
9310,0.003181,172.31.46.0-255,66,206775,50,398523
9311,0.003184,74.125.200.0-255,1484,208259,50,398523
9312,0.003188,74.125.200.0-255,2902,211161,50,398523
9313,0.003218,74.125.200.0-255,4320,215481,50,398523
9314,0.003221,74.125.200.0-255,1484,216965,50,398523
9315,0.003224,74.125.200.0-255,1484,218449,50,398523
9316,0.003249,74.125.200.0-255,4320,222769,50,398523
9317,0.003265,74.125.200.0-255,1484,224253,50,398523
9318,0.003281,74.125.200.0-255,1484,225737,50,398523
9319,0.003304,74.125.200.0-255,4320,230057,50,398523
9320,0.003307,74.125.200.0-255,766,230823,50,398523
9321,0.003371,74.125.200.0-255,1484,232307,50,398523
9322,0.003394,74.125.200.0-255,2902,235209,50,398523
9323,0.003417,74.125.200.0-255,4320,239529,50,398523
9324,0.003436,74.125.200.0-255,1484,241013,50,398523
9325,0.003438,74.125.200.0-255,1484,242497,50,398523
9326,0.003443,74.125.200.0-255,2902,245399,50,398523
9327,0.003453,74.125.200.0-255,1484,246883,50,398523
9328,0.003468,74.125.200.0-255,4320,251203,50,398523
9329,0.003473,74.125.200.0-255,2902,254105,50,398523
9330,0.003494,74.125.200.0-255,4320,258425,50,398523
9331,0.003539,74.125.200.0-255,4320,262745,50,398523
9332,0.00355,74.125.200.0-255,2184,264929,50,398523
9333,0.003553,74.125.200.0-255,1484,266413,50,398523
9334,0.003577,74.125.200.0-255,5738,272151,50,398523
9335,0.003581,74.125.200.0-255,2902,275053,50,398523
9336,0.003593,74.125.200.0-255,1484,276537,50,398523
9337,0.003607,74.125.200.0-255,2902,279439,50,398523
9338,0.003637,74.125.200.0-255,5738,285177,50,398523
9339,0.003647,74.125.200.0-255,1484,286661,50,398523
9340,0.00366,74.125.200.0-255,2902,289563,50,398523
9341,0.00368,74.125.200.0-255,5738,295301,50,398523
9342,0.003685,74.125.200.0-255,2902,298203,50,398523
9343,0.00371,74.125.200.0-255,766,298969,50,398523
9344,0.00374,74.125.200.0-255,1484,300453,50,398523
9345,0.003762,74.125.200.0-255,2902,303355,50,398523
9346,0.003772,74.125.200.0-255,1484,304839,50,398523
9347,0.003785,74.125.200.0-255,2902,307741,50,398523
9348,0.003795,74.125.200.0-255,1484,309225,50,398523
9349,0.003811,74.125.200.0-255,2902,312127,50,398523
9350,0.003836,74.125.200.0-255,4320,316447,50,398523
9351,0.003851,74.125.200.0-255,2902,319349,50,398523
9352,0.003874,74.125.200.0-255,7156,326505,50,398523
9353,0.00389,74.125.200.0-255,1484,327989,50,398523
9354,0.003894,74.125.200.0-255,4320,332309,50,398523
9355,0.003911,74.125.200.0-255,766,333075,50,398523
9356,0.003977,74.125.200.0-255,1484,334559,50,398523
9357,0.003994,74.125.200.0-255,2902,337461,50,398523
9358,0.004022,74.125.200.0-255,5738,343199,50,398523
9359,0.004025,74.125.200.0-255,1484,344683,50,398523
9360,0.004052,74.125.200.0-255,2902,347585,50,398523
9361,0.004067,74.125.200.0-255,5738,353323,50,398523
9362,0.004084,74.125.200.0-255,4320,357643,50,398523
9363,0.004107,74.125.200.0-255,5738,363381,50,398523
9364,0.004111,74.125.200.0-255,2902,366283,50,398523
9365,0.004122,74.125.200.0-255,766,367049,50,398523
9366,0.004125,74.125.200.0-255,1484,368533,50,398523
9367,0.00414,74.125.200.0-255,1484,370017,50,398523
9368,0.00416,74.125.200.0-255,4320,374337,50,398523
9369,0.004209,74.125.200.0-255,1484,375821,50,398523
9370,0.004215,74.125.200.0-255,5738,381559,50,398523
9371,0.004221,74.125.200.0-255,5738,387297,50,398523
9372,0.004237,74.125.200.0-255,1484,388781,50,398523
9373,0.00424,74.125.200.0-255,1484,390265,50,398523
9374,0.004245,74.125.200.0-255,3823,394088,50,398523
9375,0.004281,74.125.200.0-255,105,394193,50,398523
9376,0.006584,172.31.46.0-255,66,394259,50,398523
9377,0.008796,172.31.46.0-255,105,394364,50,398523
9378,0.01105,74.125.200.0-255,66,394430,50,398523
9379,0.029487,172.31.46.0-255,172,394602,50,398523
9380,0.029524,172.31.46.0-255,1113,395715,50,398523
9381,0.029583,172.31.46.0-255,1514,397229,50,398523
9382,0.029585,172.31.46.0-255,1294,398523,50,398523
9383,0.0,74.125.24.0-255,153,153,50,188714
9384,2.3e-05,172.31.46.0-255,66,219,50,188714
9385,3e-05,74.125.24.0-255,1484,1703,50,188714
9386,3.6e-05,172.31.46.0-255,66,1769,50,188714
9387,4.9e-05,74.125.24.0-255,2902,4671,50,188714
9388,5.2e-05,172.31.46.0-255,66,4737,50,188714
9389,6.2e-05,74.125.24.0-255,7156,11893,50,188714
9390,6.6e-05,172.31.46.0-255,66,11959,50,188714
9391,7.3e-05,74.125.24.0-255,6340,18299,50,188714
9392,7.6e-05,172.31.46.0-255,66,18365,50,188714
9393,8.4e-05,74.125.24.0-255,7156,25521,50,188714
9394,8.7e-05,172.31.46.0-255,66,25587,50,188714
9395,0.000115,74.125.24.0-255,5379,30966,50,188714
9396,0.000118,172.31.46.0-255,66,31032,50,188714
9397,0.000187,74.125.24.0-255,1484,32516,50,188714
9398,0.00019,172.31.46.0-255,66,32582,50,188714
9399,0.000215,74.125.24.0-255,2902,35484,50,188714
9400,0.000219,172.31.46.0-255,66,35550,50,188714
9401,0.000222,74.125.24.0-255,1484,37034,50,188714
9402,0.000224,172.31.46.0-255,66,37100,50,188714
9403,0.000235,74.125.24.0-255,5738,42838,50,188714
9404,0.000237,172.31.46.0-255,66,42904,50,188714
9405,0.000266,74.125.24.0-255,7156,50060,50,188714
9406,0.000269,172.31.46.0-255,66,50126,50,188714
9407,0.000304,74.125.24.0-255,6797,56923,50,188714
9408,0.000307,172.31.46.0-255,66,56989,50,188714
9409,0.000322,172.31.46.0-255,66,57055,50,188714
9410,0.000351,74.125.24.0-255,133,57188,50,188714
9411,0.000355,172.31.46.0-255,66,57254,50,188714
9412,0.000503,74.125.24.0-255,1484,58738,50,188714
9413,0.000508,172.31.46.0-255,66,58804,50,188714
9414,0.000514,74.125.24.0-255,2902,61706,50,188714
9415,0.000516,172.31.46.0-255,66,61772,50,188714
9416,0.00052,74.125.24.0-255,1484,63256,50,188714
9417,0.000545,74.125.24.0-255,4320,67576,50,188714
9418,0.000548,172.31.46.0-255,66,67642,50,188714
9419,0.000551,74.125.24.0-255,1484,69126,50,188714
9420,0.000557,74.125.24.0-255,4320,73446,50,188714
9421,0.000559,172.31.46.0-255,66,73512,50,188714
9422,0.000598,172.31.46.0-255,66,73578,50,188714
9423,0.000615,172.31.46.0-255,66,73644,50,188714
9424,0.000861,74.125.24.0-255,1484,75128,50,188714
9425,0.000868,74.125.24.0-255,2902,78030,50,188714
9426,0.000874,172.31.46.0-255,66,78096,50,188714
9427,0.000901,74.125.24.0-255,2902,80998,50,188714
9428,0.000904,172.31.46.0-255,66,81064,50,188714
9429,0.000911,74.125.24.0-255,5738,86802,50,188714
9430,0.000913,172.31.46.0-255,66,86868,50,188714
9431,0.000931,74.125.24.0-255,1484,88352,50,188714
9432,0.000953,172.31.46.0-255,66,88418,50,188714
9433,0.000958,74.125.24.0-255,3602,92020,50,188714
9434,0.00096,172.31.46.0-255,66,92086,50,188714
9435,0.000991,74.125.24.0-255,1484,93570,50,188714
9436,0.001025,172.31.46.0-255,66,93636,50,188714
9437,0.001042,172.31.46.0-255,66,93702,50,188714
9438,0.001048,74.125.24.0-255,4320,98022,50,188714
9439,0.00105,172.31.46.0-255,66,98088,50,188714
9440,0.00109,172.31.46.0-255,66,98154,50,188714
9441,0.001407,74.125.24.0-255,1484,99638,50,188714
9442,0.001422,74.125.24.0-255,2902,102540,50,188714
9443,0.001427,172.31.46.0-255,66,102606,50,188714
9444,0.001459,74.125.24.0-255,5738,108344,50,188714
9445,0.001461,172.31.46.0-255,66,108410,50,188714
9446,0.00149,74.125.24.0-255,7156,115566,50,188714
9447,0.001493,172.31.46.0-255,66,115632,50,188714
9448,0.001525,74.125.24.0-255,5738,121370,50,188714
9449,0.001528,172.31.46.0-255,66,121436,50,188714
9450,0.001535,74.125.24.0-255,7156,128592,50,188714
9451,0.001538,172.31.46.0-255,66,128658,50,188714
9452,0.001557,74.125.24.0-255,3602,132260,50,188714
9453,0.001559,172.31.46.0-255,66,132326,50,188714
9454,0.001584,74.125.24.0-255,1484,133810,50,188714
9455,0.001601,74.125.24.0-255,2902,136712,50,188714
9456,0.001604,172.31.46.0-255,66,136778,50,188714
9457,0.00163,74.125.24.0-255,5738,142516,50,188714
9458,0.001634,172.31.46.0-255,66,142582,50,188714
9459,0.001637,74.125.24.0-255,1484,144066,50,188714
9460,0.001665,172.31.46.0-255,66,144132,50,188714
9461,0.001694,74.125.24.0-255,7156,151288,50,188714
9462,0.001698,172.31.46.0-255,66,151354,50,188714
9463,0.001717,74.125.24.0-255,4320,155674,50,188714
9464,0.00172,172.31.46.0-255,66,155740,50,188714
9465,0.001778,74.125.24.0-255,2184,157924,50,188714
9466,0.001781,172.31.46.0-255,66,157990,50,188714
9467,0.001841,74.125.24.0-255,1484,159474,50,188714
9468,0.00187,74.125.24.0-255,2902,162376,50,188714
9469,0.001873,172.31.46.0-255,66,162442,50,188714
9470,0.001879,74.125.24.0-255,2902,165344,50,188714
9471,0.001881,172.31.46.0-255,66,165410,50,188714
9472,0.001916,74.125.24.0-255,1484,166894,50,188714
9473,0.001933,172.31.46.0-255,66,166960,50,188714
9474,0.001964,172.31.46.0-255,66,167026,50,188714
9475,0.002035,74.125.24.0-255,1484,168510,50,188714
9476,0.002041,74.125.24.0-255,2902,171412,50,188714
9477,0.002044,172.31.46.0-255,66,171478,50,188714
9478,0.002078,74.125.24.0-255,5738,177216,50,188714
9479,0.002081,172.31.46.0-255,66,177282,50,188714
9480,0.002092,172.31.46.0-255,66,177348,50,188714
9481,0.002108,74.125.24.0-255,2902,180250,50,188714
9482,0.002115,172.31.46.0-255,66,180316,50,188714
9483,0.002127,172.31.46.0-255,66,180382,50,188714
9484,0.002151,74.125.24.0-255,1484,181866,50,188714
9485,0.002189,172.31.46.0-255,66,181932,50,188714
9486,0.002217,74.125.24.0-255,2184,184116,50,188714
9487,0.00222,172.31.46.0-255,66,184182,50,188714
9488,0.002249,172.31.46.0-255,66,184248,50,188714
9489,0.002266,172.31.46.0-255,66,184314,50,188714
9490,0.002278,172.31.46.0-255,66,184380,50,188714
9491,0.002318,172.31.46.0-255,66,184446,50,188714
9492,0.002333,172.31.46.0-255,66,184512,50,188714
9493,0.002361,74.125.24.0-255,3794,188306,50,188714
9494,0.002364,172.31.46.0-255,66,188372,50,188714
9495,0.004623,74.125.24.0-255,105,188477,50,188714
9496,0.012007,172.31.46.0-255,66,188543,50,188714
9497,0.012052,172.31.46.0-255,105,188648,50,188714
9498,0.01432,74.125.24.0-255,66,188714,50,188714
9499,0.0,172.217.194.0-255,150,150,50,202012
9500,1.3e-05,172.31.46.0-255,66,216,50,202012
9501,1.9e-05,172.217.194.0-255,1484,1700,50,202012
9502,2.4e-05,172.31.46.0-255,66,1766,50,202012
9503,3.7e-05,172.217.194.0-255,2902,4668,50,202012
9504,4.1e-05,172.31.46.0-255,66,4734,50,202012
9505,4.6e-05,172.217.194.0-255,2902,7636,50,202012
9506,4.9e-05,172.31.46.0-255,66,7702,50,202012
9507,8.8e-05,172.217.194.0-255,6228,13930,50,202012
9508,9.1e-05,172.31.46.0-255,66,13996,50,202012
9509,0.000132,172.217.194.0-255,4320,18316,50,202012
9510,0.000135,172.31.46.0-255,66,18382,50,202012
9511,0.000164,172.217.194.0-255,2902,21284,50,202012
9512,0.000166,172.31.46.0-255,66,21350,50,202012
9513,0.000177,172.31.46.0-255,66,21416,50,202012
9514,0.000184,172.217.194.0-255,1125,22541,50,202012
9515,0.000187,172.31.46.0-255,66,22607,50,202012
9516,0.000237,172.217.194.0-255,1484,24091,50,202012
9517,0.00024,172.31.46.0-255,66,24157,50,202012
9518,0.000246,172.217.194.0-255,2902,27059,50,202012
9519,0.000248,172.31.46.0-255,66,27125,50,202012
9520,0.000251,172.217.194.0-255,1484,28609,50,202012
9521,0.000257,172.31.46.0-255,66,28675,50,202012
9522,0.00029,172.217.194.0-255,4320,32995,50,202012
9523,0.000293,172.31.46.0-255,66,33061,50,202012
9524,0.000296,172.217.194.0-255,1484,34545,50,202012
9525,0.000298,172.31.46.0-255,66,34611,50,202012
9526,0.000323,172.217.194.0-255,5379,39990,50,202012
9527,0.000331,172.31.46.0-255,66,40056,50,202012
9528,0.00075,172.217.194.0-255,1484,41540,50,202012
9529,0.000756,172.31.46.0-255,66,41606,50,202012
9530,0.000762,172.217.194.0-255,2902,44508,50,202012
9531,0.000765,172.31.46.0-255,66,44574,50,202012
9532,0.000776,172.217.194.0-255,5738,50312,50,202012
9533,0.000779,172.31.46.0-255,66,50378,50,202012
9534,0.000784,172.217.194.0-255,2902,53280,50,202012
9535,0.000786,172.31.46.0-255,66,53346,50,202012
9536,0.000812,172.217.194.0-255,1484,54830,50,202012
9537,0.000834,172.217.194.0-255,4320,59150,50,202012
9538,0.000838,172.31.46.0-255,66,59216,50,202012
9539,0.000875,172.31.46.0-255,66,59282,50,202012
9540,0.000878,172.217.194.0-255,1484,60766,50,202012
9541,0.000907,172.217.194.0-255,5379,66145,50,202012
9542,0.00091,172.31.46.0-255,66,66211,50,202012
9543,0.000942,172.217.194.0-255,5738,71949,50,202012
9544,0.000945,172.31.46.0-255,66,72015,50,202012
9545,0.001001,172.31.46.0-255,66,72081,50,202012
9546,0.001005,172.217.194.0-255,1705,73786,50,202012
9547,0.001007,172.31.46.0-255,66,73852,50,202012
9548,0.001158,172.217.194.0-255,1484,75336,50,202012
9549,0.001166,172.217.194.0-255,2902,78238,50,202012
9550,0.001169,172.31.46.0-255,66,78304,50,202012
9551,0.001176,172.217.194.0-255,5738,84042,50,202012
9552,0.001178,172.31.46.0-255,66,84108,50,202012
9553,0.001209,172.31.46.0-255,66,84174,50,202012
9554,0.001218,172.217.194.0-255,2902,87076,50,202012
9555,0.001221,172.31.46.0-255,66,87142,50,202012
9556,0.001255,172.217.194.0-255,7156,94298,50,202012
9557,0.001258,172.31.46.0-255,66,94364,50,202012
9558,0.001261,172.217.194.0-255,766,95130,50,202012
9559,0.001295,172.217.194.0-255,1484,96614,50,202012
9560,0.001297,172.31.46.0-255,66,96680,50,202012
9561,0.001303,172.217.194.0-255,4320,101000,50,202012
9562,0.001305,172.31.46.0-255,66,101066,50,202012
9563,0.001322,172.31.46.0-255,66,101132,50,202012
9564,0.001368,172.31.46.0-255,66,101198,50,202012
9565,0.001372,172.217.194.0-255,2184,103382,50,202012
9566,0.001374,172.31.46.0-255,66,103448,50,202012
9567,0.001425,172.217.194.0-255,1484,104932,50,202012
9568,0.00143,172.217.194.0-255,2902,107834,50,202012
9569,0.001433,172.31.46.0-255,66,107900,50,202012
9570,0.001464,172.217.194.0-255,5738,113638,50,202012
9571,0.001467,172.31.46.0-255,66,113704,50,202012
9572,0.001472,172.217.194.0-255,5738,119442,50,202012
9573,0.001474,172.31.46.0-255,66,119508,50,202012
9574,0.001512,172.31.46.0-255,66,119574,50,202012
9575,0.001517,172.217.194.0-255,5020,124594,50,202012
9576,0.001519,172.31.46.0-255,66,124660,50,202012
9577,0.001582,172.217.194.0-255,1484,126144,50,202012
9578,0.001598,172.217.194.0-255,2902,129046,50,202012
9579,0.001601,172.31.46.0-255,66,129112,50,202012
9580,0.001604,172.217.194.0-255,1484,130596,50,202012
9581,0.001627,172.217.194.0-255,1484,132080,50,202012
9582,0.00163,172.31.46.0-255,66,132146,50,202012
9583,0.001636,172.217.194.0-255,4320,136466,50,202012
9584,0.001638,172.31.46.0-255,66,136532,50,202012
9585,0.001655,172.217.194.0-255,2902,139434,50,202012
9586,0.001662,172.31.46.0-255,66,139500,50,202012
9587,0.001665,172.217.194.0-255,1484,140984,50,202012
9588,0.001693,172.31.46.0-255,66,141050,50,202012
9589,0.001744,172.31.46.0-255,66,141116,50,202012
9590,0.001749,172.217.194.0-255,4320,145436,50,202012
9591,0.001751,172.31.46.0-255,66,145502,50,202012
9592,0.0018,172.31.46.0-255,66,145568,50,202012
9593,0.001811,172.31.46.0-255,66,145634,50,202012
9594,0.001857,172.217.194.0-255,3602,149236,50,202012
9595,0.00186,172.31.46.0-255,66,149302,50,202012
9596,0.001915,172.217.194.0-255,4320,153622,50,202012
9597,0.001917,172.31.46.0-255,66,153688,50,202012
9598,0.001923,172.217.194.0-255,4320,158008,50,202012
9599,0.001925,172.31.46.0-255,66,158074,50,202012
9600,0.001931,172.217.194.0-255,4320,162394,50,202012
9601,0.001933,172.31.46.0-255,66,162460,50,202012
9602,0.001958,172.217.194.0-255,5738,168198,50,202012
9603,0.001965,172.31.46.0-255,66,168264,50,202012
9604,0.001971,172.217.194.0-255,5738,174002,50,202012
9605,0.001974,172.31.46.0-255,66,174068,50,202012
9606,0.002003,172.31.46.0-255,66,174134,50,202012
9607,0.002027,172.217.194.0-255,1484,175618,50,202012
9608,0.002031,172.217.194.0-255,2902,178520,50,202012
9609,0.002034,172.31.46.0-255,66,178586,50,202012
9610,0.002068,172.217.194.0-255,5738,184324,50,202012
9611,0.002072,172.31.46.0-255,66,184390,50,202012
9612,0.002082,172.31.46.0-255,66,184456,50,202012
9613,0.00213,172.217.194.0-255,5738,190194,50,202012
9614,0.002169,172.217.194.0-255,7156,197350,50,202012
9615,0.002188,172.217.194.0-255,4320,201670,50,202012
9616,0.002291,172.217.194.0-255,105,201775,50,202012
9617,0.002596,172.31.46.0-255,66,201841,50,202012
9618,0.005182,172.31.46.0-255,105,201946,50,202012
9619,0.007473,172.217.194.0-255,66,202012,50,202012
9620,0.0,74.125.24.0-255,153,153,50,160748
9621,2.3e-05,172.31.46.0-255,66,219,50,160748
9622,3e-05,74.125.24.0-255,1484,1703,50,160748
9623,3.5e-05,172.31.46.0-255,66,1769,50,160748
9624,4.1e-05,74.125.24.0-255,2902,4671,50,160748
9625,4.5e-05,172.31.46.0-255,66,4737,50,160748
9626,5.2e-05,74.125.24.0-255,7156,11893,50,160748
9627,5.5e-05,172.31.46.0-255,66,11959,50,160748
9628,7.6e-05,74.125.24.0-255,4320,16279,50,160748
9629,7.9e-05,172.31.46.0-255,66,16345,50,160748
9630,9.7e-05,74.125.24.0-255,3530,19875,50,160748
9631,0.0001,172.31.46.0-255,66,19941,50,160748
9632,0.000105,74.125.24.0-255,5738,25679,50,160748
9633,0.000108,172.31.46.0-255,66,25745,50,160748
9634,0.000154,74.125.24.0-255,5379,31124,50,160748
9635,0.000157,172.31.46.0-255,66,31190,50,160748
9636,0.000301,74.125.24.0-255,1484,32674,50,160748
9637,0.000306,172.31.46.0-255,66,32740,50,160748
9638,0.000312,74.125.24.0-255,2902,35642,50,160748
9639,0.000314,172.31.46.0-255,66,35708,50,160748
9640,0.000327,74.125.24.0-255,2902,38610,50,160748
9641,0.000329,172.31.46.0-255,66,38676,50,160748
9642,0.000348,74.125.24.0-255,2902,41578,50,160748
9643,0.000351,172.31.46.0-255,66,41644,50,160748
9644,0.000369,74.125.24.0-255,4320,45964,50,160748
9645,0.000371,172.31.46.0-255,66,46030,50,160748
9646,0.000385,74.125.24.0-255,3961,49991,50,160748
9647,0.000387,172.31.46.0-255,66,50057,50,160748
9648,0.000409,74.125.24.0-255,7156,57213,50,160748
9649,0.000412,172.31.46.0-255,66,57279,50,160748
9650,0.000441,172.31.46.0-255,66,57345,50,160748
9651,0.000471,74.125.24.0-255,645,57990,50,160748
9652,0.000762,74.125.24.0-255,1484,59474,50,160748
9653,0.000767,172.31.46.0-255,66,59540,50,160748
9654,0.000774,74.125.24.0-255,2902,62442,50,160748
9655,0.000776,172.31.46.0-255,66,62508,50,160748
9656,0.00078,74.125.24.0-255,2902,65410,50,160748
9657,0.000782,172.31.46.0-255,66,65476,50,160748
9658,0.000811,74.125.24.0-255,2902,68378,50,160748
9659,0.000814,172.31.46.0-255,66,68444,50,160748
9660,0.00082,74.125.24.0-255,5738,74182,50,160748
9661,0.000822,172.31.46.0-255,66,74248,50,160748
9662,0.000837,172.31.46.0-255,66,74314,50,160748
9663,0.000863,74.125.24.0-255,5020,79334,50,160748
9664,0.000866,172.31.46.0-255,66,79400,50,160748
9665,0.002272,74.125.24.0-255,1484,80884,50,160748
9666,0.002282,74.125.24.0-255,2902,83786,50,160748
9667,0.002287,172.31.46.0-255,66,83852,50,160748
9668,0.002292,74.125.24.0-255,1484,85336,50,160748
9669,0.004521,74.125.24.0-255,4320,89656,50,160748
9670,0.004527,172.31.46.0-255,66,89722,50,160748
9671,0.006784,74.125.24.0-255,5738,95460,50,160748
9672,0.00679,172.31.46.0-255,66,95526,50,160748
9673,0.009035,74.125.24.0-255,5738,101264,50,160748
9674,0.009043,172.31.46.0-255,66,101330,50,160748
9675,0.01132,74.125.24.0-255,5738,107068,50,160748
9676,0.011329,172.31.46.0-255,66,107134,50,160748
9677,0.0136,74.125.24.0-255,5738,112872,50,160748
9678,0.013609,172.31.46.0-255,66,112938,50,160748
9679,0.015852,74.125.24.0-255,5738,118676,50,160748
9680,0.015861,172.31.46.0-255,66,118742,50,160748
9681,0.018107,74.125.24.0-255,5738,124480,50,160748
9682,0.018117,172.31.46.0-255,66,124546,50,160748
9683,0.02036,74.125.24.0-255,5738,130284,50,160748
9684,0.020369,172.31.46.0-255,66,130350,50,160748
9685,0.022613,74.125.24.0-255,5738,136088,50,160748
9686,0.022623,172.31.46.0-255,66,136154,50,160748
9687,0.024364,172.31.46.0-255,188,136342,50,160748
9688,0.024415,172.31.46.0-255,954,137296,50,160748
9689,0.024488,172.31.46.0-255,1514,138810,50,160748
9690,0.02449,172.31.46.0-255,1514,140324,50,160748
9691,0.024495,172.31.46.0-255,1514,141838,50,160748
9692,0.024496,172.31.46.0-255,1234,143072,50,160748
9693,0.024885,74.125.24.0-255,5738,148810,50,160748
9694,0.024892,172.31.46.0-255,66,148876,50,160748
9695,0.025916,104.244.42.0-255,66,148942,50,160748
9696,0.026047,104.244.42.0-255,66,149008,50,160748
9697,0.026054,104.244.42.0-255,66,149074,50,160748
9698,0.026096,104.244.42.0-255,66,149140,50,160748
9699,0.027149,74.125.24.0-255,5738,154878,50,160748
9700,0.027157,172.31.46.0-255,66,154944,50,160748
9701,0.029413,74.125.24.0-255,5738,160682,50,160748
9702,0.02942,172.31.46.0-255,66,160748,50,160748
9703,0.0,172.217.194.0-255,150,150,50,220226
9704,1.3e-05,172.31.46.0-255,66,216,50,220226
9705,3.5e-05,172.217.194.0-255,1484,1700,50,220226
9706,4.1e-05,172.31.46.0-255,66,1766,50,220226
9707,4.6e-05,172.217.194.0-255,2902,4668,50,220226
9708,5e-05,172.31.46.0-255,66,4734,50,220226
9709,5.3e-05,172.217.194.0-255,1484,6218,50,220226
9710,5.5e-05,172.31.46.0-255,66,6284,50,220226
9711,8.2e-05,172.217.194.0-255,4320,10604,50,220226
9712,8.5e-05,172.31.46.0-255,66,10670,50,220226
9713,9.8e-05,172.217.194.0-255,3520,14190,50,220226
9714,0.000101,172.31.46.0-255,66,14256,50,220226
9715,0.00016,172.217.194.0-255,1484,15740,50,220226
9716,0.000164,172.31.46.0-255,66,15806,50,220226
9717,0.000169,172.217.194.0-255,2902,18708,50,220226
9718,0.000171,172.31.46.0-255,66,18774,50,220226
9719,0.000201,172.217.194.0-255,5738,24512,50,220226
9720,0.000204,172.31.46.0-255,66,24578,50,220226
9721,0.000212,172.217.194.0-255,6797,31375,50,220226
9722,0.000214,172.31.46.0-255,66,31441,50,220226
9723,0.000269,172.217.194.0-255,7156,38597,50,220226
9724,0.000273,172.31.46.0-255,66,38663,50,220226
9725,0.000293,172.217.194.0-255,7156,45819,50,220226
9726,0.000296,172.31.46.0-255,66,45885,50,220226
9727,0.000299,172.217.194.0-255,1484,47369,50,220226
9728,0.000301,172.31.46.0-255,66,47435,50,220226
9729,0.000321,172.217.194.0-255,4320,51755,50,220226
9730,0.000324,172.31.46.0-255,66,51821,50,220226
9731,0.000347,172.217.194.0-255,1125,52946,50,220226
9732,0.00035,172.31.46.0-255,66,53012,50,220226
9733,0.000356,172.217.194.0-255,5738,58750,50,220226
9734,0.000359,172.31.46.0-255,66,58816,50,220226
9735,0.000366,172.217.194.0-255,7083,65899,50,220226
9736,0.000368,172.31.46.0-255,66,65965,50,220226
9737,0.000452,172.217.194.0-255,100,66065,50,220226
9738,0.000487,172.217.194.0-255,1484,67549,50,220226
9739,0.00049,172.31.46.0-255,66,67615,50,220226
9740,0.000495,172.217.194.0-255,2902,70517,50,220226
9741,0.000497,172.31.46.0-255,66,70583,50,220226
9742,0.00051,172.217.194.0-255,2902,73485,50,220226
9743,0.000512,172.31.46.0-255,66,73551,50,220226
9744,0.00053,172.217.194.0-255,2902,76453,50,220226
9745,0.000532,172.31.46.0-255,66,76519,50,220226
9746,0.000555,172.217.194.0-255,2902,79421,50,220226
9747,0.000559,172.31.46.0-255,66,79487,50,220226
9748,0.00058,172.31.46.0-255,66,79553,50,220226
9749,0.000582,172.217.194.0-255,1484,81037,50,220226
9750,0.000613,172.217.194.0-255,5738,86775,50,220226
9751,0.000616,172.31.46.0-255,66,86841,50,220226
9752,0.000634,172.217.194.0-255,5679,92520,50,220226
9753,0.000636,172.31.46.0-255,66,92586,50,220226
9754,0.000953,172.217.194.0-255,1484,94070,50,220226
9755,0.000959,172.217.194.0-255,2902,96972,50,220226
9756,0.000962,172.31.46.0-255,66,97038,50,220226
9757,0.000988,172.217.194.0-255,5738,102776,50,220226
9758,0.00099,172.31.46.0-255,66,102842,50,220226
9759,0.000994,172.217.194.0-255,2902,105744,50,220226
9760,0.000996,172.31.46.0-255,66,105810,50,220226
9761,0.001024,172.31.46.0-255,66,105876,50,220226
9762,0.001035,172.31.46.0-255,66,105942,50,220226
9763,0.001321,172.217.194.0-255,1484,107426,50,220226
9764,0.001326,172.217.194.0-255,1484,108910,50,220226
9765,0.001328,172.31.46.0-255,66,108976,50,220226
9766,0.001345,172.217.194.0-255,1484,110460,50,220226
9767,0.001352,172.217.194.0-255,5738,116198,50,220226
9768,0.001354,172.31.46.0-255,66,116264,50,220226
9769,0.00138,172.217.194.0-255,2902,119166,50,220226
9770,0.001382,172.31.46.0-255,66,119232,50,220226
9771,0.001413,172.31.46.0-255,66,119298,50,220226
9772,0.001422,172.31.46.0-255,66,119364,50,220226
9773,0.001425,172.217.194.0-255,766,120130,50,220226
9774,0.001461,172.217.194.0-255,1484,121614,50,220226
9775,0.001464,172.31.46.0-255,66,121680,50,220226
9776,0.001469,172.217.194.0-255,2902,124582,50,220226
9777,0.00147,172.31.46.0-255,66,124648,50,220226
9778,0.001487,172.217.194.0-255,1484,126132,50,220226
9779,0.001493,172.217.194.0-255,5738,131870,50,220226
9780,0.001495,172.31.46.0-255,66,131936,50,220226
9781,0.001511,172.217.194.0-255,4320,136256,50,220226
9782,0.001513,172.31.46.0-255,66,136322,50,220226
9783,0.001533,172.31.46.0-255,66,136388,50,220226
9784,0.001538,172.217.194.0-255,4320,140708,50,220226
9785,0.00154,172.31.46.0-255,66,140774,50,220226
9786,0.001563,172.217.194.0-255,3602,144376,50,220226
9787,0.001567,172.31.46.0-255,66,144442,50,220226
9788,0.001584,172.217.194.0-255,1484,145926,50,220226
9789,0.001619,172.31.46.0-255,66,145992,50,220226
9790,0.001631,172.217.194.0-255,2902,148894,50,220226
9791,0.001633,172.31.46.0-255,66,148960,50,220226
9792,0.00168,172.31.46.0-255,66,149026,50,220226
9793,0.001684,172.217.194.0-255,2902,151928,50,220226
9794,0.001686,172.31.46.0-255,66,151994,50,220226
9795,0.001691,172.217.194.0-255,4320,156314,50,220226
9796,0.001693,172.31.46.0-255,66,156380,50,220226
9797,0.001698,172.217.194.0-255,4320,160700,50,220226
9798,0.001699,172.31.46.0-255,66,160766,50,220226
9799,0.001726,172.217.194.0-255,4320,165086,50,220226
9800,0.001728,172.31.46.0-255,66,165152,50,220226
9801,0.00174,172.217.194.0-255,2902,168054,50,220226
9802,0.001742,172.31.46.0-255,66,168120,50,220226
9803,0.001767,172.31.46.0-255,66,168186,50,220226
9804,0.001822,172.217.194.0-255,1484,169670,50,220226
9805,0.001827,172.217.194.0-255,2902,172572,50,220226
9806,0.001829,172.31.46.0-255,66,172638,50,220226
9807,0.001832,172.217.194.0-255,1484,174122,50,220226
9808,0.001851,172.217.194.0-255,4320,178442,50,220226
9809,0.001853,172.31.46.0-255,66,178508,50,220226
9810,0.001859,172.217.194.0-255,5738,184246,50,220226
9811,0.001861,172.31.46.0-255,66,184312,50,220226
9812,0.001876,172.217.194.0-255,7156,191468,50,220226
9813,0.001878,172.31.46.0-255,66,191534,50,220226
9814,0.001915,172.31.46.0-255,66,191600,50,220226
9815,0.001948,172.217.194.0-255,1484,193084,50,220226
9816,0.001952,172.217.194.0-255,2902,195986,50,220226
9817,0.001954,172.31.46.0-255,66,196052,50,220226
9818,0.001979,172.217.194.0-255,5738,201790,50,220226
9819,0.001981,172.31.46.0-255,66,201856,50,220226
9820,0.002005,172.31.46.0-255,66,201922,50,220226
9821,0.002016,172.217.194.0-255,1484,203406,50,220226
9822,0.00203,172.217.194.0-255,2902,206308,50,220226
9823,0.002032,172.31.46.0-255,66,206374,50,220226
9824,0.002086,172.31.46.0-255,66,206440,50,220226
9825,0.002107,172.217.194.0-255,5020,211460,50,220226
9826,0.002168,172.31.46.0-255,66,211526,50,220226
9827,0.002177,172.31.46.0-255,66,211592,50,220226
9828,0.004288,172.217.194.0-255,5738,217330,50,220226
9829,0.004294,172.31.46.0-255,66,217396,50,220226
9830,0.006395,172.217.194.0-255,2593,219989,50,220226
9831,0.006406,172.31.46.0-255,66,220055,50,220226
9832,0.01104,172.31.46.0-255,105,220160,50,220226
9833,0.013133,172.217.194.0-255,66,220226,50,220226
9834,0.0,74.125.24.0-255,166,166,50,140813
9835,1.7e-05,172.31.46.0-255,66,232,50,140813
9836,2.4e-05,74.125.24.0-255,1484,1716,50,140813
9837,2.9e-05,172.31.46.0-255,66,1782,50,140813
9838,5.6e-05,74.125.24.0-255,2902,4684,50,140813
9839,5.9e-05,172.31.46.0-255,66,4750,50,140813
9840,6.6e-05,74.125.24.0-255,5738,10488,50,140813
9841,6.9e-05,172.31.46.0-255,66,10554,50,140813
9842,0.000107,74.125.24.0-255,3547,14101,50,140813
9843,0.00011,172.31.46.0-255,66,14167,50,140813
9844,0.000191,74.125.24.0-255,1484,15651,50,140813
9845,0.000195,172.31.46.0-255,66,15717,50,140813
9846,0.0002,74.125.24.0-255,2902,18619,50,140813
9847,0.000202,172.31.46.0-255,66,18685,50,140813
9848,0.000205,74.125.24.0-255,1484,20169,50,140813
9849,0.000207,172.31.46.0-255,66,20235,50,140813
9850,0.000222,74.125.24.0-255,4320,24555,50,140813
9851,0.000225,172.31.46.0-255,66,24621,50,140813
9852,0.000259,74.125.24.0-255,6797,31418,50,140813
9853,0.000261,172.31.46.0-255,66,31484,50,140813
9854,0.000388,74.125.24.0-255,1484,32968,50,140813
9855,0.000392,172.31.46.0-255,66,33034,50,140813
9856,0.000397,74.125.24.0-255,2902,35936,50,140813
9857,0.000399,172.31.46.0-255,66,36002,50,140813
9858,0.000404,74.125.24.0-255,2902,38904,50,140813
9859,0.000407,172.31.46.0-255,66,38970,50,140813
9860,0.000422,74.125.24.0-255,2902,41872,50,140813
9861,0.000425,172.31.46.0-255,66,41938,50,140813
9862,0.000464,172.31.46.0-255,66,42004,50,140813
9863,0.00048,74.125.24.0-255,2543,44547,50,140813
9864,0.000483,172.31.46.0-255,66,44613,50,140813
9865,0.000499,74.125.24.0-255,2902,47515,50,140813
9866,0.000501,172.31.46.0-255,66,47581,50,140813
9867,0.000521,74.125.24.0-255,6797,54378,50,140813
9868,0.000523,172.31.46.0-255,66,54444,50,140813
9869,0.00054,74.125.24.0-255,357,54801,50,140813
9870,0.000992,172.31.46.0-255,66,54867,50,140813
9871,0.001322,74.125.24.0-255,135,55002,50,140813
9872,0.001434,74.125.24.0-255,1484,56486,50,140813
9873,0.00144,172.31.46.0-255,66,56552,50,140813
9874,0.001447,74.125.24.0-255,2902,59454,50,140813
9875,0.00145,172.31.46.0-255,66,59520,50,140813
9876,0.001457,74.125.24.0-255,5738,65258,50,140813
9877,0.001459,172.31.46.0-255,66,65324,50,140813
9878,0.001463,74.125.24.0-255,2902,68226,50,140813
9879,0.001465,172.31.46.0-255,66,68292,50,140813
9880,0.001491,74.125.24.0-255,2902,71194,50,140813
9881,0.001494,172.31.46.0-255,66,71260,50,140813
9882,0.001502,74.125.24.0-255,6797,78057,50,140813
9883,0.001503,172.31.46.0-255,66,78123,50,140813
9884,0.001542,172.31.46.0-255,66,78189,50,140813
9885,0.003967,74.125.24.0-255,4320,82509,50,140813
9886,0.003974,172.31.46.0-255,66,82575,50,140813
9887,0.003993,74.125.24.0-255,1484,84059,50,140813
9888,0.006409,74.125.24.0-255,4320,88379,50,140813
9889,0.006414,172.31.46.0-255,66,88445,50,140813
9890,0.008779,74.125.24.0-255,5738,94183,50,140813
9891,0.008788,172.31.46.0-255,66,94249,50,140813
9892,0.011273,74.125.24.0-255,5738,99987,50,140813
9893,0.011292,172.31.46.0-255,66,100053,50,140813
9894,0.013693,74.125.24.0-255,5738,105791,50,140813
9895,0.013709,172.31.46.0-255,66,105857,50,140813
9896,0.016093,74.125.24.0-255,5738,111595,50,140813
9897,0.01611,172.31.46.0-255,66,111661,50,140813
9898,0.01857,74.125.24.0-255,5738,117399,50,140813
9899,0.018581,172.31.46.0-255,66,117465,50,140813
9900,0.020959,74.125.24.0-255,5738,123203,50,140813
9901,0.020968,172.31.46.0-255,66,123269,50,140813
9902,0.023407,74.125.24.0-255,5738,129007,50,140813
9903,0.023415,172.31.46.0-255,66,129073,50,140813
9904,0.025819,74.125.24.0-255,5738,134811,50,140813
9905,0.025827,172.31.46.0-255,66,134877,50,140813
9906,0.02822,74.125.24.0-255,2902,137779,50,140813
9907,0.028228,172.31.46.0-255,66,137845,50,140813
9908,0.028248,74.125.24.0-255,2902,140747,50,140813
9909,0.028251,172.31.46.0-255,66,140813,50,140813
9910,0.0,74.125.200.0-255,150,150,50,223157
9911,1.8e-05,172.31.46.0-255,66,216,50,223157
9912,2.5e-05,74.125.200.0-255,1484,1700,50,223157
9913,2.9e-05,172.31.46.0-255,66,1766,50,223157
9914,3.4e-05,74.125.200.0-255,2902,4668,50,223157
9915,3.7e-05,172.31.46.0-255,66,4734,50,223157
9916,4.1e-05,74.125.200.0-255,2902,7636,50,223157
9917,4.4e-05,172.31.46.0-255,66,7702,50,223157
9918,4.7e-05,74.125.200.0-255,1484,9186,50,223157
9919,4.9e-05,172.31.46.0-255,66,9252,50,223157
9920,6.7e-05,74.125.200.0-255,2902,12154,50,223157
9921,6.9e-05,172.31.46.0-255,66,12220,50,223157
9922,9.3e-05,74.125.200.0-255,2071,14291,50,223157
9923,9.5e-05,172.31.46.0-255,66,14357,50,223157
9924,0.000119,74.125.200.0-255,2902,17259,50,223157
9925,0.000122,172.31.46.0-255,66,17325,50,223157
9926,0.000147,74.125.200.0-255,5738,23063,50,223157
9927,0.000149,172.31.46.0-255,66,23129,50,223157
9928,0.000165,74.125.200.0-255,2902,26031,50,223157
9929,0.000167,172.31.46.0-255,66,26097,50,223157
9930,0.000191,74.125.200.0-255,4320,30417,50,223157
9931,0.000194,172.31.46.0-255,66,30483,50,223157
9932,0.000196,74.125.200.0-255,1125,31608,50,223157
9933,0.000198,172.31.46.0-255,66,31674,50,223157
9934,0.000275,74.125.200.0-255,1484,33158,50,223157
9935,0.000278,172.31.46.0-255,66,33224,50,223157
9936,0.000282,74.125.200.0-255,1484,34708,50,223157
9937,0.000283,172.31.46.0-255,66,34774,50,223157
9938,0.000299,74.125.200.0-255,1484,36258,50,223157
9939,0.000301,172.31.46.0-255,66,36324,50,223157
9940,0.000306,74.125.200.0-255,4320,40644,50,223157
9941,0.000308,172.31.46.0-255,66,40710,50,223157
9942,0.000327,74.125.200.0-255,1484,42194,50,223157
9943,0.000352,172.31.46.0-255,66,42260,50,223157
9944,0.000356,74.125.200.0-255,2902,45162,50,223157
9945,0.000357,172.31.46.0-255,66,45228,50,223157
9946,0.00037,74.125.200.0-255,1484,46712,50,223157
9947,0.000409,74.125.200.0-255,4320,51032,50,223157
9948,0.000412,172.31.46.0-255,66,51098,50,223157
9949,0.000434,74.125.200.0-255,6797,57895,50,223157
9950,0.000437,172.31.46.0-255,66,57961,50,223157
9951,0.001239,74.125.200.0-255,645,58606,50,223157
9952,0.001268,74.125.200.0-255,1484,60090,50,223157
9953,0.001272,172.31.46.0-255,66,60156,50,223157
9954,0.00129,74.125.200.0-255,4320,64476,50,223157
9955,0.001292,172.31.46.0-255,66,64542,50,223157
9956,0.001325,74.125.200.0-255,5738,70280,50,223157
9957,0.001328,172.31.46.0-255,66,70346,50,223157
9958,0.001352,74.125.200.0-255,2902,73248,50,223157
9959,0.001354,172.31.46.0-255,66,73314,50,223157
9960,0.001365,172.31.46.0-255,66,73380,50,223157
9961,0.00137,74.125.200.0-255,5738,79118,50,223157
9962,0.001372,172.31.46.0-255,66,79184,50,223157
9963,0.001406,74.125.200.0-255,3602,82786,50,223157
9964,0.001409,172.31.46.0-255,66,82852,50,223157
9965,0.00159,74.125.200.0-255,1484,84336,50,223157
9966,0.001594,74.125.200.0-255,1484,85820,50,223157
9967,0.001597,172.31.46.0-255,66,85886,50,223157
9968,0.001612,74.125.200.0-255,1484,87370,50,223157
9969,0.001621,74.125.200.0-255,1484,88854,50,223157
9970,0.001622,172.31.46.0-255,66,88920,50,223157
9971,0.001636,74.125.200.0-255,2902,91822,50,223157
9972,0.001638,172.31.46.0-255,66,91888,50,223157
9973,0.001653,74.125.200.0-255,2902,94790,50,223157
9974,0.001655,172.31.46.0-255,66,94856,50,223157
9975,0.00168,74.125.200.0-255,5738,100594,50,223157
9976,0.001682,172.31.46.0-255,66,100660,50,223157
9977,0.001687,74.125.200.0-255,4320,104980,50,223157
9978,0.001689,172.31.46.0-255,66,105046,50,223157
9979,0.001721,74.125.200.0-255,5738,110784,50,223157
9980,0.001723,172.31.46.0-255,66,110850,50,223157
9981,0.001752,172.31.46.0-255,66,110916,50,223157
9982,0.001757,74.125.200.0-255,5738,116654,50,223157
9983,0.001759,172.31.46.0-255,66,116720,50,223157
9984,0.001774,74.125.200.0-255,7156,123876,50,223157
9985,0.001776,172.31.46.0-255,66,123942,50,223157
9986,0.001795,74.125.200.0-255,2902,126844,50,223157
9987,0.001797,172.31.46.0-255,66,126910,50,223157
9988,0.001806,172.31.46.0-255,66,126976,50,223157
9989,0.00182,74.125.200.0-255,1484,128460,50,223157
9990,0.001833,74.125.200.0-255,2902,131362,50,223157
9991,0.001835,172.31.46.0-255,66,131428,50,223157
9992,0.001845,74.125.200.0-255,2184,133612,50,223157
9993,0.001847,172.31.46.0-255,66,133678,50,223157
9994,0.002025,74.125.200.0-255,1484,135162,50,223157
9995,0.00204,74.125.200.0-255,2902,138064,50,223157
9996,0.002043,172.31.46.0-255,66,138130,50,223157
9997,0.002065,74.125.200.0-255,5738,143868,50,223157
9998,0.002067,172.31.46.0-255,66,143934,50,223157
9999,0.002087,74.125.200.0-255,7156,151090,50,223157
10000,0.00209,172.31.46.0-255,66,151156,50,223157
10001,0.002129,172.31.46.0-255,66,151222,50,223157
10002,0.002167,74.125.200.0-255,3602,154824,50,223157
10003,0.002168,172.31.46.0-255,66,154890,50,223157
10004,0.004419,74.125.200.0-255,1484,156374,50,223157
10005,0.004461,74.125.200.0-255,4320,160694,50,223157
10006,0.004466,172.31.46.0-255,66,160760,50,223157
10007,0.006762,74.125.200.0-255,1484,162244,50,223157
10008,0.006779,74.125.200.0-255,4320,166564,50,223157
10009,0.006781,172.31.46.0-255,66,166630,50,223157
10010,0.009101,74.125.200.0-255,5738,172368,50,223157
10011,0.00911,172.31.46.0-255,66,172434,50,223157
10012,0.011416,74.125.200.0-255,5738,178172,50,223157
10013,0.011424,172.31.46.0-255,66,178238,50,223157
10014,0.01374,74.125.200.0-255,5738,183976,50,223157
10015,0.01375,172.31.46.0-255,66,184042,50,223157
10016,0.016103,74.125.200.0-255,5738,189780,50,223157
10017,0.016112,172.31.46.0-255,66,189846,50,223157
10018,0.018416,74.125.200.0-255,5738,195584,50,223157
10019,0.018425,172.31.46.0-255,66,195650,50,223157
10020,0.020732,74.125.200.0-255,5738,201388,50,223157
10021,0.020738,172.31.46.0-255,66,201454,50,223157
10022,0.023056,74.125.200.0-255,5738,207192,50,223157
10023,0.023066,172.31.46.0-255,66,207258,50,223157
10024,0.025383,74.125.200.0-255,5738,212996,50,223157
10025,0.025391,172.31.46.0-255,66,213062,50,223157
10026,0.025872,172.31.46.0-255,172,213234,50,223157
10027,0.025903,172.31.46.0-255,1113,214347,50,223157
10028,0.025961,172.31.46.0-255,1514,215861,50,223157
10029,0.025963,172.31.46.0-255,1294,217155,50,223157
10030,0.027403,104.244.42.0-255,66,217221,50,223157
10031,0.027463,104.244.42.0-255,66,217287,50,223157
10032,0.027491,104.244.42.0-255,66,217353,50,223157
10033,0.027693,74.125.200.0-255,5738,223091,50,223157
10034,0.027698,172.31.46.0-255,66,223157,50,223157
10035,0.0,172.31.46.0-255,105,105,50,105
10036,0.0,74.125.24.0-255,153,153,50,162552
10037,1.6e-05,172.31.46.0-255,66,219,50,162552
10038,2.2e-05,74.125.24.0-255,1484,1703,50,162552
10039,2.8e-05,172.31.46.0-255,66,1769,50,162552
10040,3.5e-05,74.125.24.0-255,2902,4671,50,162552
10041,3.8e-05,172.31.46.0-255,66,4737,50,162552
10042,4.6e-05,74.125.24.0-255,7156,11893,50,162552
10043,4.9e-05,172.31.46.0-255,66,11959,50,162552
10044,6.6e-05,74.125.24.0-255,1973,13932,50,162552
10045,6.8e-05,172.31.46.0-255,66,13998,50,162552
10046,0.000293,74.125.24.0-255,1484,15482,50,162552
10047,0.000298,172.31.46.0-255,66,15548,50,162552
10048,0.000304,74.125.24.0-255,2902,18450,50,162552
10049,0.000307,172.31.46.0-255,66,18516,50,162552
10050,0.00031,74.125.24.0-255,1484,20000,50,162552
10051,0.000313,172.31.46.0-255,66,20066,50,162552
10052,0.000334,74.125.24.0-255,4320,24386,50,162552
10053,0.000337,172.31.46.0-255,66,24452,50,162552
10054,0.000341,74.125.24.0-255,2902,27354,50,162552
10055,0.000344,172.31.46.0-255,66,27420,50,162552
10056,0.000369,74.125.24.0-255,3961,31381,50,162552
10057,0.000372,172.31.46.0-255,66,31447,50,162552
10058,0.000421,74.125.24.0-255,7156,38603,50,162552
10059,0.000424,172.31.46.0-255,66,38669,50,162552
10060,0.000453,172.31.46.0-255,66,38735,50,162552
10061,0.000501,172.31.46.0-255,66,38801,50,162552
10062,0.00052,74.125.24.0-255,6797,45598,50,162552
10063,0.000523,172.31.46.0-255,66,45664,50,162552
10064,0.001021,74.125.24.0-255,416,46080,50,162552
10065,0.001027,172.31.46.0-255,66,46146,50,162552
10066,0.001065,74.125.24.0-255,329,46475,50,162552
10067,0.00153,74.125.24.0-255,1484,47959,50,162552
10068,0.001539,74.125.24.0-255,2902,50861,50,162552
10069,0.001543,74.125.24.0-255,2902,53763,50,162552
10070,0.001561,74.125.24.0-255,2902,56665,50,162552
10071,0.00158,74.125.24.0-255,2902,59567,50,162552
10072,0.001614,74.125.24.0-255,1484,61051,50,162552
10073,0.001656,74.125.24.0-255,4320,65371,50,162552
10074,0.001675,74.125.24.0-255,6438,71809,50,162552
10075,0.002435,74.125.24.0-255,1484,73293,50,162552
10076,0.002442,74.125.24.0-255,2902,76195,50,162552
10077,0.002456,74.125.24.0-255,4320,80515,50,162552
10078,0.00247,74.125.24.0-255,1484,81999,50,162552
10079,0.002483,74.125.24.0-255,2902,84901,50,162552
10080,0.002496,74.125.24.0-255,1484,86385,50,162552
10081,0.002516,74.125.24.0-255,7156,93541,50,162552
10082,0.002529,74.125.24.0-255,4320,97861,50,162552
10083,0.002577,74.125.24.0-255,2902,100763,50,162552
10084,0.0026,74.125.24.0-255,5020,105783,50,162552
10085,0.004999,172.31.46.0-255,66,105849,50,162552
10086,0.007565,74.125.24.0-255,5738,111587,50,162552
10087,0.007573,172.31.46.0-255,66,111653,50,162552
10088,0.010149,74.125.24.0-255,5738,117391,50,162552
10089,0.010158,172.31.46.0-255,66,117457,50,162552
10090,0.012733,74.125.24.0-255,5738,123195,50,162552
10091,0.012741,172.31.46.0-255,66,123261,50,162552
10092,0.015305,74.125.24.0-255,5738,128999,50,162552
10093,0.015317,172.31.46.0-255,66,129065,50,162552
10094,0.017911,74.125.24.0-255,5738,134803,50,162552
10095,0.017919,172.31.46.0-255,66,134869,50,162552
10096,0.020495,74.125.24.0-255,5738,140607,50,162552
10097,0.020503,172.31.46.0-255,66,140673,50,162552
10098,0.023069,74.125.24.0-255,5738,146411,50,162552
10099,0.023076,172.31.46.0-255,66,146477,50,162552
10100,0.025634,74.125.24.0-255,5738,152215,50,162552
10101,0.02564,172.31.46.0-255,66,152281,50,162552
10102,0.026041,172.31.46.0-255,172,152453,50,162552
10103,0.026071,172.31.46.0-255,1108,153561,50,162552
10104,0.026117,172.31.46.0-255,1514,155075,50,162552
10105,0.026119,172.31.46.0-255,1301,156376,50,162552
10106,0.027547,104.244.42.0-255,66,156442,50,162552
10107,0.027562,104.244.42.0-255,66,156508,50,162552
10108,0.027621,104.244.42.0-255,66,156574,50,162552
10109,0.028237,74.125.24.0-255,5738,162312,50,162552
10110,0.028243,172.31.46.0-255,66,162378,50,162552
10111,0.028282,104.244.42.0-255,108,162486,50,162552
10112,0.028286,172.31.46.0-255,66,162552,50,162552
10113,0.0,172.217.194.0-255,152,152,50,260534
10114,2.2e-05,172.31.46.0-255,66,218,50,260534
10115,2.9e-05,172.217.194.0-255,1484,1702,50,260534
10116,3.4e-05,172.31.46.0-255,66,1768,50,260534
10117,3.9e-05,172.217.194.0-255,2902,4670,50,260534
10118,4.2e-05,172.31.46.0-255,66,4736,50,260534
10119,5e-05,172.217.194.0-255,7156,11892,50,260534
10120,5.2e-05,172.31.46.0-255,66,11958,50,260534
10121,5.7e-05,172.217.194.0-255,2073,14031,50,260534
10122,5.9e-05,172.31.46.0-255,66,14097,50,260534
10123,0.00016,172.217.194.0-255,1484,15581,50,260534
10124,0.000164,172.31.46.0-255,66,15647,50,260534
10125,0.000168,172.217.194.0-255,2902,18549,50,260534
10126,0.000171,172.31.46.0-255,66,18615,50,260534
10127,0.000174,172.217.194.0-255,1484,20099,50,260534
10128,0.000176,172.31.46.0-255,66,20165,50,260534
10129,0.000203,172.217.194.0-255,4320,24485,50,260534
10130,0.000206,172.31.46.0-255,66,24551,50,260534
10131,0.000222,172.217.194.0-255,1484,26035,50,260534
10132,0.000224,172.31.46.0-255,66,26101,50,260534
10133,0.000247,172.217.194.0-255,4320,30421,50,260534
10134,0.00025,172.31.46.0-255,66,30487,50,260534
10135,0.000262,172.217.194.0-255,1125,31612,50,260534
10136,0.000264,172.31.46.0-255,66,31678,50,260534
10137,0.000376,172.217.194.0-255,1484,33162,50,260534
10138,0.000381,172.31.46.0-255,66,33228,50,260534
10139,0.000386,172.217.194.0-255,2902,36130,50,260534
10140,0.000388,172.31.46.0-255,66,36196,50,260534
10141,0.000394,172.217.194.0-255,5738,41934,50,260534
10142,0.000397,172.31.46.0-255,66,42000,50,260534
10143,0.000428,172.217.194.0-255,2902,44902,50,260534
10144,0.000431,172.31.46.0-255,66,44968,50,260534
10145,0.00045,172.217.194.0-255,3961,48929,50,260534
10146,0.000452,172.31.46.0-255,66,48995,50,260534
10147,0.000673,172.217.194.0-255,1484,50479,50,260534
10148,0.00068,172.217.194.0-255,2902,53381,50,260534
10149,0.000683,172.31.46.0-255,66,53447,50,260534
10150,0.000688,172.217.194.0-255,4320,57767,50,260534
10151,0.00069,172.31.46.0-255,66,57833,50,260534
10152,0.0007,172.217.194.0-255,1484,59317,50,260534
10153,0.000703,172.217.194.0-255,1484,60801,50,260534
10154,0.000705,172.31.46.0-255,66,60867,50,260534
10155,0.000727,172.217.194.0-255,5379,66246,50,260534
10156,0.000729,172.31.46.0-255,66,66312,50,260534
10157,0.000747,172.217.194.0-255,5738,72050,50,260534
10158,0.000749,172.31.46.0-255,66,72116,50,260534
10159,0.000767,172.217.194.0-255,1484,73600,50,260534
10160,0.00077,172.217.194.0-255,1484,75084,50,260534
10161,0.000772,172.31.46.0-255,66,75150,50,260534
10162,0.000832,172.217.194.0-255,4320,79470,50,260534
10163,0.000838,172.31.46.0-255,66,79536,50,260534
10164,0.000859,172.217.194.0-255,6797,86333,50,260534
10165,0.000861,172.31.46.0-255,66,86399,50,260534
10166,0.000872,172.31.46.0-255,66,86465,50,260534
10167,0.000895,172.217.194.0-255,1484,87949,50,260534
10168,0.000902,172.217.194.0-255,3122,91071,50,260534
10169,0.000904,172.31.46.0-255,66,91137,50,260534
10170,0.00093,172.217.194.0-255,1484,92621,50,260534
10171,0.000934,172.217.194.0-255,1484,94105,50,260534
10172,0.000936,172.31.46.0-255,66,94171,50,260534
10173,0.000964,172.217.194.0-255,1484,95655,50,260534
10174,0.000971,172.217.194.0-255,5738,101393,50,260534
10175,0.000973,172.31.46.0-255,66,101459,50,260534
10176,0.000983,172.31.46.0-255,66,101525,50,260534
10177,0.000996,172.217.194.0-255,4320,105845,50,260534
10178,0.000998,172.31.46.0-255,66,105911,50,260534
10179,0.001008,172.31.46.0-255,66,105977,50,260534
10180,0.001045,172.217.194.0-255,5738,111715,50,260534
10181,0.001047,172.31.46.0-255,66,111781,50,260534
10182,0.001064,172.217.194.0-255,2184,113965,50,260534
10183,0.001066,172.31.46.0-255,66,114031,50,260534
10184,0.001075,172.31.46.0-255,66,114097,50,260534
10185,0.001078,172.217.194.0-255,1484,115581,50,260534
10186,0.001117,172.217.194.0-255,766,116347,50,260534
10187,0.00112,172.31.46.0-255,66,116413,50,260534
10188,0.001334,172.217.194.0-255,1484,117897,50,260534
10189,0.001338,172.31.46.0-255,66,117963,50,260534
10190,0.001343,172.217.194.0-255,2902,120865,50,260534
10191,0.001345,172.31.46.0-255,66,120931,50,260534
10192,0.001349,172.217.194.0-255,2902,123833,50,260534
10193,0.00135,172.31.46.0-255,66,123899,50,260534
10194,0.001362,172.217.194.0-255,2902,126801,50,260534
10195,0.001365,172.31.46.0-255,66,126867,50,260534
10196,0.001377,172.217.194.0-255,2902,129769,50,260534
10197,0.001379,172.31.46.0-255,66,129835,50,260534
10198,0.001409,172.31.46.0-255,66,129901,50,260534
10199,0.00144,172.217.194.0-255,4320,134221,50,260534
10200,0.001442,172.31.46.0-255,66,134287,50,260534
10201,0.001463,172.217.194.0-255,6438,140725,50,260534
10202,0.001466,172.31.46.0-255,66,140791,50,260534
10203,0.001602,172.217.194.0-255,1484,142275,50,260534
10204,0.001615,172.217.194.0-255,2902,145177,50,260534
10205,0.001623,172.31.46.0-255,66,145243,50,260534
10206,0.001626,172.217.194.0-255,1484,146727,50,260534
10207,0.001642,172.217.194.0-255,4320,151047,50,260534
10208,0.001644,172.31.46.0-255,66,151113,50,260534
10209,0.001647,172.217.194.0-255,1484,152597,50,260534
10210,0.001672,172.31.46.0-255,66,152663,50,260534
10211,0.001691,172.217.194.0-255,4320,156983,50,260534
10212,0.001693,172.31.46.0-255,66,157049,50,260534
10213,0.001698,172.217.194.0-255,2902,159951,50,260534
10214,0.0017,172.31.46.0-255,66,160017,50,260534
10215,0.001715,172.217.194.0-255,6438,166455,50,260534
10216,0.001718,172.31.46.0-255,66,166521,50,260534
10217,0.0019,172.217.194.0-255,1484,168005,50,260534
10218,0.001914,172.217.194.0-255,2902,170907,50,260534
10219,0.001918,172.31.46.0-255,66,170973,50,260534
10220,0.001939,172.217.194.0-255,5738,176711,50,260534
10221,0.001942,172.31.46.0-255,66,176777,50,260534
10222,0.001945,172.217.194.0-255,1484,178261,50,260534
10223,0.001967,172.217.194.0-255,2902,181163,50,260534
10224,0.00197,172.31.46.0-255,66,181229,50,260534
10225,0.001995,172.31.46.0-255,66,181295,50,260534
10226,0.002009,172.217.194.0-255,1484,182779,50,260534
10227,0.002014,172.217.194.0-255,2902,185681,50,260534
10228,0.002016,172.31.46.0-255,66,185747,50,260534
10229,0.00204,172.217.194.0-255,6438,192185,50,260534
10230,0.002043,172.31.46.0-255,66,192251,50,260534
10231,0.004361,172.217.194.0-255,5738,197989,50,260534
10232,0.004368,172.31.46.0-255,66,198055,50,260534
10233,0.006705,172.217.194.0-255,2902,200957,50,260534
10234,0.006709,172.31.46.0-255,66,201023,50,260534
10235,0.006726,172.217.194.0-255,2902,203925,50,260534
10236,0.006728,172.31.46.0-255,66,203991,50,260534
10237,0.009041,172.217.194.0-255,5738,209729,50,260534
10238,0.009048,172.31.46.0-255,66,209795,50,260534
10239,0.011366,172.217.194.0-255,5738,215533,50,260534
10240,0.011376,172.31.46.0-255,66,215599,50,260534
10241,0.01369,172.217.194.0-255,5738,221337,50,260534
10242,0.013698,172.31.46.0-255,66,221403,50,260534
10243,0.016038,172.217.194.0-255,5738,227141,50,260534
10244,0.016051,172.31.46.0-255,66,227207,50,260534
10245,0.018389,172.217.194.0-255,5738,232945,50,260534
10246,0.018397,172.31.46.0-255,66,233011,50,260534
10247,0.020712,172.217.194.0-255,5738,238749,50,260534
10248,0.020719,172.31.46.0-255,66,238815,50,260534
10249,0.023055,172.217.194.0-255,5738,244553,50,260534
10250,0.023063,172.31.46.0-255,66,244619,50,260534
10251,0.025364,172.217.194.0-255,5738,250357,50,260534
10252,0.025371,172.31.46.0-255,66,250423,50,260534
10253,0.027691,172.217.194.0-255,5738,256161,50,260534
10254,0.027697,172.31.46.0-255,66,256227,50,260534
10255,0.028172,172.31.46.0-255,188,256415,50,260534
10256,0.028197,172.31.46.0-255,954,257369,50,260534
10257,0.028248,172.31.46.0-255,1514,258883,50,260534
10258,0.028249,172.31.46.0-255,1453,260336,50,260534
10259,0.029702,104.244.42.0-255,66,260402,50,260534
10260,0.029731,104.244.42.0-255,66,260468,50,260534
10261,0.029794,104.244.42.0-255,66,260534,50,260534
10262,0.0,74.125.68.0-255,153,153,50,390577
10263,1.5e-05,172.31.46.0-255,66,219,50,390577
10264,6.1e-05,74.125.68.0-255,1484,1703,50,390577
10265,6.6e-05,172.31.46.0-255,66,1769,50,390577
10266,7.3e-05,74.125.68.0-255,2902,4671,50,390577
10267,7.8e-05,172.31.46.0-255,66,4737,50,390577
10268,0.000107,74.125.68.0-255,5738,10475,50,390577
10269,0.00011,172.31.46.0-255,66,10541,50,390577
10270,0.000114,74.125.68.0-255,1484,12025,50,390577
10271,0.000116,172.31.46.0-255,66,12091,50,390577
10272,0.00012,74.125.68.0-255,2121,14212,50,390577
10273,0.000123,172.31.46.0-255,66,14278,50,390577
10274,0.000285,74.125.68.0-255,1484,15762,50,390577
10275,0.000291,172.31.46.0-255,66,15828,50,390577
10276,0.000307,74.125.68.0-255,1484,17312,50,390577
10277,0.00031,172.31.46.0-255,66,17378,50,390577
10278,0.000315,74.125.68.0-255,2902,20280,50,390577
10279,0.000317,172.31.46.0-255,66,20346,50,390577
10280,0.000349,74.125.68.0-255,1484,21830,50,390577
10281,0.000351,172.31.46.0-255,66,21896,50,390577
10282,0.000372,74.125.68.0-255,4320,26216,50,390577
10283,0.000375,172.31.46.0-255,66,26282,50,390577
10284,0.000405,74.125.68.0-255,4320,30602,50,390577
10285,0.000408,172.31.46.0-255,66,30668,50,390577
10286,0.000421,74.125.68.0-255,2543,33211,50,390577
10287,0.000423,172.31.46.0-255,66,33277,50,390577
10288,0.000441,74.125.68.0-255,5738,39015,50,390577
10289,0.000444,172.31.46.0-255,66,39081,50,390577
10290,0.000469,74.125.68.0-255,1484,40565,50,390577
10291,0.000471,172.31.46.0-255,66,40631,50,390577
10292,0.000478,74.125.68.0-255,7156,47787,50,390577
10293,0.000481,172.31.46.0-255,66,47853,50,390577
10294,0.000484,74.125.68.0-255,1484,49337,50,390577
10295,0.000509,74.125.68.0-255,7156,56493,50,390577
10296,0.000513,74.125.68.0-255,1484,57977,50,390577
10297,0.000518,172.31.46.0-255,66,58043,50,390577
10298,0.000536,74.125.68.0-255,1484,59527,50,390577
10299,0.000548,74.125.68.0-255,1484,61011,50,390577
10300,0.000553,74.125.68.0-255,2902,63913,50,390577
10301,0.000567,172.31.46.0-255,66,63979,50,390577
10302,0.000572,74.125.68.0-255,2184,66163,50,390577
10303,0.000577,172.31.46.0-255,66,66229,50,390577
10304,0.000654,74.125.68.0-255,361,66590,50,390577
10305,0.000673,74.125.68.0-255,132,66722,50,390577
10306,0.000802,74.125.68.0-255,1484,68206,50,390577
10307,0.000805,74.125.68.0-255,1484,69690,50,390577
10308,0.000813,172.31.46.0-255,66,69756,50,390577
10309,0.000823,74.125.68.0-255,1484,71240,50,390577
10310,0.000836,74.125.68.0-255,2902,74142,50,390577
10311,0.000855,74.125.68.0-255,2902,77044,50,390577
10312,0.000858,74.125.68.0-255,1484,78528,50,390577
10313,0.000864,172.31.46.0-255,66,78594,50,390577
10314,0.000873,74.125.68.0-255,4320,82914,50,390577
10315,0.000883,172.31.46.0-255,66,82980,50,390577
10316,0.000905,74.125.68.0-255,7156,90136,50,390577
10317,0.000916,172.31.46.0-255,66,90202,50,390577
10318,0.000926,74.125.68.0-255,1484,91686,50,390577
10319,0.000961,74.125.68.0-255,1484,93170,50,390577
10320,0.000966,74.125.68.0-255,2902,96072,50,390577
10321,0.000986,172.31.46.0-255,66,96138,50,390577
10322,0.00102,74.125.68.0-255,5020,101158,50,390577
10323,0.001032,74.125.68.0-255,348,101506,50,390577
10324,0.001053,172.31.46.0-255,66,101572,50,390577
10325,0.001083,74.125.68.0-255,1484,103056,50,390577
10326,0.001087,74.125.68.0-255,1484,104540,50,390577
10327,0.001101,172.31.46.0-255,66,104606,50,390577
10328,0.001106,74.125.68.0-255,2902,107508,50,390577
10329,0.00114,74.125.68.0-255,7156,114664,50,390577
10330,0.001153,74.125.68.0-255,2902,117566,50,390577
10331,0.001165,172.31.46.0-255,66,117632,50,390577
10332,0.001188,74.125.68.0-255,5888,123520,50,390577
10333,0.001194,172.31.46.0-255,66,123586,50,390577
10334,0.001239,74.125.68.0-255,1484,125070,50,390577
10335,0.001253,74.125.68.0-255,1484,126554,50,390577
10336,0.001263,74.125.68.0-255,1484,128038,50,390577
10337,0.001267,172.31.46.0-255,66,128104,50,390577
10338,0.001285,74.125.68.0-255,1484,129588,50,390577
10339,0.001302,74.125.68.0-255,2902,132490,50,390577
10340,0.001313,172.31.46.0-255,66,132556,50,390577
10341,0.001324,74.125.68.0-255,2902,135458,50,390577
10342,0.00134,172.31.46.0-255,66,135524,50,390577
10343,0.001369,74.125.68.0-255,1484,137008,50,390577
10344,0.001379,74.125.68.0-255,2902,139910,50,390577
10345,0.001395,74.125.68.0-255,1484,141394,50,390577
10346,0.001397,172.31.46.0-255,66,141460,50,390577
10347,0.001418,74.125.68.0-255,2902,144362,50,390577
10348,0.001421,74.125.68.0-255,1484,145846,50,390577
10349,0.001425,74.125.68.0-255,2902,148748,50,390577
10350,0.001436,74.125.68.0-255,1484,150232,50,390577
10351,0.00144,172.31.46.0-255,66,150298,50,390577
10352,0.001449,74.125.68.0-255,4320,154618,50,390577
10353,0.001457,172.31.46.0-255,66,154684,50,390577
10354,0.00146,74.125.68.0-255,1484,156168,50,390577
10355,0.00148,74.125.68.0-255,2184,158352,50,390577
10356,0.001488,172.31.46.0-255,66,158418,50,390577
10357,0.00154,74.125.68.0-255,1484,159902,50,390577
10358,0.001544,74.125.68.0-255,1484,161386,50,390577
10359,0.001546,172.31.46.0-255,66,161452,50,390577
10360,0.001564,74.125.68.0-255,1484,162936,50,390577
10361,0.001568,74.125.68.0-255,2902,165838,50,390577
10362,0.001572,74.125.68.0-255,2902,168740,50,390577
10363,0.001576,172.31.46.0-255,66,168806,50,390577
10364,0.001589,74.125.68.0-255,1484,170290,50,390577
10365,0.001607,74.125.68.0-255,1484,171774,50,390577
10366,0.00161,172.31.46.0-255,66,171840,50,390577
10367,0.00162,74.125.68.0-255,7156,178996,50,390577
10368,0.001632,74.125.68.0-255,2902,181898,50,390577
10369,0.001641,172.31.46.0-255,66,181964,50,390577
10370,0.001675,74.125.68.0-255,1484,183448,50,390577
10371,0.001712,172.31.46.0-255,66,183514,50,390577
10372,0.001767,74.125.68.0-255,1484,184998,50,390577
10373,0.00178,74.125.68.0-255,2902,187900,50,390577
10374,0.001787,172.31.46.0-255,66,187966,50,390577
10375,0.001795,74.125.68.0-255,2902,190868,50,390577
10376,0.0018,172.31.46.0-255,66,190934,50,390577
10377,0.00181,74.125.68.0-255,2902,193836,50,390577
10378,0.001824,74.125.68.0-255,2902,196738,50,390577
10379,0.001834,172.31.46.0-255,66,196804,50,390577
10380,0.00184,74.125.68.0-255,5738,202542,50,390577
10381,0.001844,172.31.46.0-255,66,202608,50,390577
10382,0.001855,74.125.68.0-255,4320,206928,50,390577
10383,0.001872,74.125.68.0-255,1484,208412,50,390577
10384,0.001888,74.125.68.0-255,4320,212732,50,390577
10385,0.001893,172.31.46.0-255,66,212798,50,390577
10386,0.001933,74.125.68.0-255,5020,217818,50,390577
10387,0.001948,172.31.46.0-255,66,217884,50,390577
10388,0.001979,74.125.68.0-255,5738,223622,50,390577
10389,0.001987,172.31.46.0-255,66,223688,50,390577
10390,0.002052,74.125.68.0-255,2902,226590,50,390577
10391,0.002059,172.31.46.0-255,66,226656,50,390577
10392,0.002074,74.125.68.0-255,4320,230976,50,390577
10393,0.002096,74.125.68.0-255,1484,232460,50,390577
10394,0.002099,74.125.68.0-255,1484,233944,50,390577
10395,0.002114,74.125.68.0-255,1484,235428,50,390577
10396,0.002125,74.125.68.0-255,1484,236912,50,390577
10397,0.002137,74.125.68.0-255,4320,241232,50,390577
10398,0.002152,74.125.68.0-255,7156,248388,50,390577
10399,0.002182,74.125.68.0-255,2902,251290,50,390577
10400,0.002197,74.125.68.0-255,2184,253474,50,390577
10401,0.002202,74.125.68.0-255,5738,259212,50,390577
10402,0.002225,74.125.68.0-255,2902,262114,50,390577
10403,0.002237,74.125.68.0-255,1484,263598,50,390577
10404,0.002277,74.125.68.0-255,1484,265082,50,390577
10405,0.002286,74.125.68.0-255,1484,266566,50,390577
10406,0.002288,74.125.68.0-255,1484,268050,50,390577
10407,0.002299,74.125.68.0-255,2902,270952,50,390577
10408,0.002349,74.125.68.0-255,2902,273854,50,390577
10409,0.002353,74.125.68.0-255,3602,277456,50,390577
10410,0.002462,74.125.68.0-255,1484,278940,50,390577
10411,0.002478,74.125.68.0-255,2902,281842,50,390577
10412,0.002493,74.125.68.0-255,4320,286162,50,390577
10413,0.002507,74.125.68.0-255,2902,289064,50,390577
10414,0.002524,74.125.68.0-255,5738,294802,50,390577
10415,0.002538,74.125.68.0-255,4320,299122,50,390577
10416,0.002548,74.125.68.0-255,1484,300606,50,390577
10417,0.002555,74.125.68.0-255,7156,307762,50,390577
10418,0.002584,74.125.68.0-255,3602,311364,50,390577
10419,0.002738,74.125.68.0-255,1484,312848,50,390577
10420,0.002753,74.125.68.0-255,2902,315750,50,390577
10421,0.002767,74.125.68.0-255,2902,318652,50,390577
10422,0.002778,172.31.46.0-255,66,318718,50,390577
10423,0.002787,74.125.68.0-255,2902,321620,50,390577
10424,0.002792,74.125.68.0-255,4320,325940,50,390577
10425,0.002795,172.31.46.0-255,66,326006,50,390577
10426,0.002814,74.125.68.0-255,4320,330326,50,390577
10427,0.002825,74.125.68.0-255,1484,331810,50,390577
10428,0.002827,74.125.68.0-255,1484,333294,50,390577
10429,0.002834,172.31.46.0-255,66,333360,50,390577
10430,0.002844,74.125.68.0-255,5738,339098,50,390577
10431,0.002849,172.31.46.0-255,66,339164,50,390577
10432,0.00286,74.125.68.0-255,2902,342066,50,390577
10433,0.002865,74.125.68.0-255,3602,345668,50,390577
10434,0.00288,172.31.46.0-255,66,345734,50,390577
10435,0.003161,74.125.68.0-255,1484,347218,50,390577
10436,0.003166,74.125.68.0-255,2902,350120,50,390577
10437,0.003178,172.31.46.0-255,66,350186,50,390577
10438,0.003193,74.125.68.0-255,2902,353088,50,390577
10439,0.003196,74.125.68.0-255,1484,354572,50,390577
10440,0.003204,172.31.46.0-255,66,354638,50,390577
10441,0.003215,74.125.68.0-255,2902,357540,50,390577
10442,0.003219,172.31.46.0-255,66,357606,50,390577
10443,0.003229,74.125.68.0-255,4320,361926,50,390577
10444,0.003243,74.125.68.0-255,4320,366246,50,390577
10445,0.003246,74.125.68.0-255,1484,367730,50,390577
10446,0.003272,74.125.68.0-255,2902,370632,50,390577
10447,0.003277,172.31.46.0-255,66,370698,50,390577
10448,0.003324,74.125.68.0-255,5738,376436,50,390577
10449,0.003332,74.125.68.0-255,6438,382874,50,390577
10450,0.003347,74.125.68.0-255,2902,385776,50,390577
10451,0.003359,74.125.68.0-255,2902,388678,50,390577
10452,0.003362,74.125.68.0-255,1460,390138,50,390577
10453,0.003364,74.125.68.0-255,97,390235,50,390577
10454,0.003447,74.125.68.0-255,105,390340,50,390577
10455,0.008438,172.31.46.0-255,66,390406,50,390577
10456,0.010424,172.31.46.0-255,105,390511,50,390577
10457,0.012704,74.125.68.0-255,66,390577,50,390577
10458,0.0,172.217.194.0-255,156,156,50,204639
10459,1.5e-05,172.31.46.0-255,66,222,50,204639
10460,2.2e-05,172.217.194.0-255,1484,1706,50,204639
10461,2.6e-05,172.31.46.0-255,66,1772,50,204639
10462,3.1e-05,172.217.194.0-255,2902,4674,50,204639
10463,3.4e-05,172.31.46.0-255,66,4740,50,204639
10464,4e-05,172.217.194.0-255,7156,11896,50,204639
10465,4.3e-05,172.31.46.0-255,66,11962,50,204639
10466,7.4e-05,172.217.194.0-255,1484,13446,50,204639
10467,7.6e-05,172.31.46.0-255,66,13512,50,204639
10468,9.1e-05,172.31.46.0-255,66,13578,50,204639
10469,0.000166,172.217.194.0-255,2543,16121,50,204639
10470,0.000168,172.31.46.0-255,66,16187,50,204639
10471,0.000172,172.217.194.0-255,1484,17671,50,204639
10472,0.000173,172.31.46.0-255,66,17737,50,204639
10473,0.000188,172.217.194.0-255,1484,19221,50,204639
10474,0.00019,172.31.46.0-255,66,19287,50,204639
10475,0.000194,172.217.194.0-255,2902,22189,50,204639
10476,0.000196,172.31.46.0-255,66,22255,50,204639
10477,0.000225,172.217.194.0-255,4320,26575,50,204639
10478,0.000228,172.31.46.0-255,66,26641,50,204639
10479,0.000283,172.31.46.0-255,66,26707,50,204639
10480,0.000347,172.31.46.0-255,66,26773,50,204639
10481,0.000375,172.217.194.0-255,366,27139,50,204639
10482,0.000377,172.31.46.0-255,66,27205,50,204639
10483,0.000402,172.217.194.0-255,1484,28689,50,204639
10484,0.000404,172.31.46.0-255,66,28755,50,204639
10485,0.000418,172.217.194.0-255,2902,31657,50,204639
10486,0.00042,172.31.46.0-255,66,31723,50,204639
10487,0.000438,172.217.194.0-255,1484,33207,50,204639
10488,0.000445,172.217.194.0-255,5738,38945,50,204639
10489,0.000473,172.217.194.0-255,4320,43265,50,204639
10490,0.000492,172.217.194.0-255,7156,50421,50,204639
10491,0.000499,172.31.46.0-255,66,50487,50,204639
10492,0.000559,172.217.194.0-255,5738,56225,50,204639
10493,0.000573,172.31.46.0-255,66,56291,50,204639
10494,0.000588,172.217.194.0-255,5020,61311,50,204639
10495,0.000596,172.31.46.0-255,66,61377,50,204639
10496,0.000869,172.217.194.0-255,1484,62861,50,204639
10497,0.000875,172.217.194.0-255,2902,65763,50,204639
10498,0.000885,172.31.46.0-255,66,65829,50,204639
10499,0.000895,172.217.194.0-255,5738,71567,50,204639
10500,0.0009,172.31.46.0-255,66,71633,50,204639
10501,0.000924,172.217.194.0-255,4320,75953,50,204639
10502,0.000935,172.31.46.0-255,66,76019,50,204639
10503,0.000954,172.31.46.0-255,66,76085,50,204639
10504,0.001006,172.217.194.0-255,7156,83241,50,204639
10505,0.00102,172.217.194.0-255,3602,86843,50,204639
10506,0.001026,172.31.46.0-255,66,86909,50,204639
10507,0.001093,172.217.194.0-255,4320,91229,50,204639
10508,0.001097,172.31.46.0-255,66,91295,50,204639
10509,0.001111,172.217.194.0-255,7156,98451,50,204639
10510,0.001121,172.31.46.0-255,66,98517,50,204639
10511,0.001151,172.217.194.0-255,4320,102837,50,204639
10512,0.001164,172.31.46.0-255,66,102903,50,204639
10513,0.001195,172.31.46.0-255,66,102969,50,204639
10514,0.001235,172.217.194.0-255,5738,108707,50,204639
10515,0.00124,172.31.46.0-255,66,108773,50,204639
10516,0.001293,172.31.46.0-255,66,108839,50,204639
10517,0.001409,172.217.194.0-255,7156,115995,50,204639
10518,0.001436,172.31.46.0-255,66,116061,50,204639
10519,0.001515,172.217.194.0-255,7156,123217,50,204639
10520,0.001528,172.31.46.0-255,66,123283,50,204639
10521,0.001559,172.31.46.0-255,66,123349,50,204639
10522,0.001631,172.217.194.0-255,7156,130505,50,204639
10523,0.001635,172.31.46.0-255,66,130571,50,204639
10524,0.001681,172.31.46.0-255,66,130637,50,204639
10525,0.001823,172.31.46.0-255,66,130703,50,204639
10526,0.001865,172.31.46.0-255,66,130769,50,204639
10527,0.002003,172.217.194.0-255,5738,136507,50,204639
10528,0.002012,172.31.46.0-255,66,136573,50,204639
10529,0.002046,172.31.46.0-255,66,136639,50,204639
10530,0.002075,172.31.46.0-255,66,136705,50,204639
10531,0.004248,172.217.194.0-255,5738,142443,50,204639
10532,0.004257,172.31.46.0-255,66,142509,50,204639
10533,0.006364,172.217.194.0-255,5738,148247,50,204639
10534,0.007747,172.31.46.0-255,66,148313,50,204639
10535,0.009887,172.217.194.0-255,5738,154051,50,204639
10536,0.009897,172.31.46.0-255,66,154117,50,204639
10537,0.01199,172.217.194.0-255,5738,159855,50,204639
10538,0.012,172.31.46.0-255,66,159921,50,204639
10539,0.014116,172.217.194.0-255,5738,165659,50,204639
10540,0.015374,172.31.46.0-255,66,165725,50,204639
10541,0.017478,172.217.194.0-255,5738,171463,50,204639
10542,0.017493,172.31.46.0-255,66,171529,50,204639
10543,0.019618,172.217.194.0-255,5738,177267,50,204639
10544,0.019629,172.31.46.0-255,66,177333,50,204639
10545,0.02172,172.217.194.0-255,5738,183071,50,204639
10546,0.021733,172.31.46.0-255,66,183137,50,204639
10547,0.023815,172.217.194.0-255,5738,188875,50,204639
10548,0.023825,172.31.46.0-255,66,188941,50,204639
10549,0.025937,172.217.194.0-255,5738,194679,50,204639
10550,0.025945,172.31.46.0-255,66,194745,50,204639
10551,0.028059,172.217.194.0-255,5738,200483,50,204639
10552,0.02807,172.31.46.0-255,66,200549,50,204639
10553,0.029776,172.31.46.0-255,167,200716,50,204639
10554,0.029805,172.31.46.0-255,1113,201829,50,204639
10555,0.029857,172.31.46.0-255,1514,203343,50,204639
10556,0.029859,172.31.46.0-255,1296,204639,50,204639
10557,0.0,74.125.24.0-255,146,146,50,182416
10558,2.4e-05,172.31.46.0-255,66,212,50,182416
10559,3.1e-05,74.125.24.0-255,1484,1696,50,182416
10560,3.6e-05,172.31.46.0-255,66,1762,50,182416
10561,4.2e-05,74.125.24.0-255,2902,4664,50,182416
10562,5.3e-05,172.31.46.0-255,66,4730,50,182416
10563,6.1e-05,74.125.24.0-255,7156,11886,50,182416
10564,6.4e-05,172.31.46.0-255,66,11952,50,182416
10565,9.4e-05,74.125.24.0-255,1974,13926,50,182416
10566,9.8e-05,172.31.46.0-255,66,13992,50,182416
10567,0.000233,74.125.24.0-255,1484,15476,50,182416
10568,0.000237,172.31.46.0-255,66,15542,50,182416
10569,0.000243,74.125.24.0-255,2902,18444,50,182416
10570,0.000246,172.31.46.0-255,66,18510,50,182416
10571,0.000252,74.125.24.0-255,5738,24248,50,182416
10572,0.00026,172.31.46.0-255,66,24314,50,182416
10573,0.000266,74.125.24.0-255,4320,28634,50,182416
10574,0.000268,172.31.46.0-255,66,28700,50,182416
10575,0.000326,74.125.24.0-255,2902,31602,50,182416
10576,0.000329,172.31.46.0-255,66,31668,50,182416
10577,0.000366,172.31.46.0-255,66,31734,50,182416
10578,0.000388,74.125.24.0-255,5738,37472,50,182416
10579,0.000391,172.31.46.0-255,66,37538,50,182416
10580,0.000412,74.125.24.0-255,1125,38663,50,182416
10581,0.000415,172.31.46.0-255,66,38729,50,182416
10582,0.000432,74.125.24.0-255,1484,40213,50,182416
10583,0.000434,172.31.46.0-255,66,40279,50,182416
10584,0.000438,74.125.24.0-255,2902,43181,50,182416
10585,0.00044,172.31.46.0-255,66,43247,50,182416
10586,0.000444,74.125.24.0-255,1484,44731,50,182416
10587,0.000445,172.31.46.0-255,66,44797,50,182416
10588,0.000486,74.125.24.0-255,4320,49117,50,182416
10589,0.000489,172.31.46.0-255,66,49183,50,182416
10590,0.000496,74.125.24.0-255,7125,56308,50,182416
10591,0.000499,172.31.46.0-255,66,56374,50,182416
10592,0.001602,74.125.24.0-255,116,56490,50,182416
10593,0.001609,172.31.46.0-255,66,56556,50,182416
10594,0.001617,74.125.24.0-255,330,56886,50,182416
10595,0.00162,172.31.46.0-255,66,56952,50,182416
10596,0.002088,74.125.24.0-255,1484,58436,50,182416
10597,0.002094,172.31.46.0-255,66,58502,50,182416
10598,0.0021,74.125.24.0-255,2902,61404,50,182416
10599,0.002102,172.31.46.0-255,66,61470,50,182416
10600,0.002108,74.125.24.0-255,5738,67208,50,182416
10601,0.002117,172.31.46.0-255,66,67274,50,182416
10602,0.002122,74.125.24.0-255,2902,70176,50,182416
10603,0.002139,172.31.46.0-255,66,70242,50,182416
10604,0.002164,74.125.24.0-255,2902,73144,50,182416
10605,0.002167,172.31.46.0-255,66,73210,50,182416
10606,0.002203,74.125.24.0-255,7156,80366,50,182416
10607,0.002205,172.31.46.0-255,66,80432,50,182416
10608,0.002246,172.31.46.0-255,66,80498,50,182416
10609,0.002249,74.125.24.0-255,766,81264,50,182416
10610,0.002251,172.31.46.0-255,66,81330,50,182416
10611,0.002829,74.125.24.0-255,1484,82814,50,182416
10612,0.002835,172.31.46.0-255,66,82880,50,182416
10613,0.002844,74.125.24.0-255,2902,85782,50,182416
10614,0.002846,172.31.46.0-255,66,85848,50,182416
10615,0.002858,74.125.24.0-255,5738,91586,50,182416
10616,0.00286,172.31.46.0-255,66,91652,50,182416
10617,0.002864,74.125.24.0-255,2902,94554,50,182416
10618,0.002866,172.31.46.0-255,66,94620,50,182416
10619,0.002901,172.31.46.0-255,66,94686,50,182416
10620,0.00291,74.125.24.0-255,7156,101842,50,182416
10621,0.002912,172.31.46.0-255,66,101908,50,182416
10622,0.002933,74.125.24.0-255,3602,105510,50,182416
10623,0.002936,172.31.46.0-255,66,105576,50,182416
10624,0.002994,74.125.24.0-255,1484,107060,50,182416
10625,0.002996,172.31.46.0-255,66,107126,50,182416
10626,0.003,74.125.24.0-255,1484,108610,50,182416
10627,0.003002,172.31.46.0-255,66,108676,50,182416
10628,0.003022,74.125.24.0-255,1484,110160,50,182416
10629,0.003024,172.31.46.0-255,66,110226,50,182416
10630,0.003029,74.125.24.0-255,2902,113128,50,182416
10631,0.003031,172.31.46.0-255,66,113194,50,182416
10632,0.003074,74.125.24.0-255,2902,116096,50,182416
10633,0.003076,172.31.46.0-255,66,116162,50,182416
10634,0.003091,172.31.46.0-255,66,116228,50,182416
10635,0.003106,172.31.46.0-255,66,116294,50,182416
10636,0.003122,172.31.46.0-255,66,116360,50,182416
10637,0.003138,172.31.46.0-255,66,116426,50,182416
10638,0.003161,74.125.24.0-255,766,117192,50,182416
10639,0.003171,74.125.24.0-255,7156,124348,50,182416
10640,0.003173,172.31.46.0-255,66,124414,50,182416
10641,0.003178,74.125.24.0-255,2902,127316,50,182416
10642,0.00318,172.31.46.0-255,66,127382,50,182416
10643,0.00321,74.125.24.0-255,5738,133120,50,182416
10644,0.003213,172.31.46.0-255,66,133186,50,182416
10645,0.00323,172.31.46.0-255,66,133252,50,182416
10646,0.003233,74.125.24.0-255,766,134018,50,182416
10647,0.003347,74.125.24.0-255,1484,135502,50,182416
10648,0.003349,172.31.46.0-255,66,135568,50,182416
10649,0.003354,74.125.24.0-255,2902,138470,50,182416
10650,0.003356,172.31.46.0-255,66,138536,50,182416
10651,0.003376,74.125.24.0-255,5738,144274,50,182416
10652,0.003378,172.31.46.0-255,66,144340,50,182416
10653,0.003424,172.31.46.0-255,66,144406,50,182416
10654,0.003427,74.125.24.0-255,1484,145890,50,182416
10655,0.003465,172.31.46.0-255,66,145956,50,182416
10656,0.003537,172.31.46.0-255,66,146022,50,182416
10657,0.00355,172.31.46.0-255,66,146088,50,182416
10658,0.003667,74.125.24.0-255,1484,147572,50,182416
10659,0.003682,74.125.24.0-255,2902,150474,50,182416
10660,0.003685,172.31.46.0-255,66,150540,50,182416
10661,0.003689,74.125.24.0-255,2902,153442,50,182416
10662,0.003692,172.31.46.0-255,66,153508,50,182416
10663,0.003722,74.125.24.0-255,2902,156410,50,182416
10664,0.003729,172.31.46.0-255,66,156476,50,182416
10665,0.003742,172.31.46.0-255,66,156542,50,182416
10666,0.003755,172.31.46.0-255,66,156608,50,182416
10667,0.003758,74.125.24.0-255,766,157374,50,182416
10668,0.003787,74.125.24.0-255,1484,158858,50,182416
10669,0.003789,172.31.46.0-255,66,158924,50,182416
10670,0.003811,74.125.24.0-255,4320,163244,50,182416
10671,0.003814,172.31.46.0-255,66,163310,50,182416
10672,0.003822,74.125.24.0-255,7156,170466,50,182416
10673,0.003824,172.31.46.0-255,66,170532,50,182416
10674,0.003844,74.125.24.0-255,2902,173434,50,182416
10675,0.003851,74.125.24.0-255,7156,180590,50,182416
10676,0.003914,74.125.24.0-255,1484,182074,50,182416
10677,0.003982,74.125.24.0-255,105,182179,50,182416
10678,0.006504,172.31.46.0-255,66,182245,50,182416
10679,0.008956,172.31.46.0-255,105,182350,50,182416
10680,0.011227,74.125.24.0-255,66,182416,50,182416
10681,0.0,74.125.24.0-255,291,291,50,142068
10682,2.3e-05,172.31.46.0-255,66,357,50,142068
10683,2.9e-05,74.125.24.0-255,1484,1841,50,142068
10684,3.4e-05,172.31.46.0-255,66,1907,50,142068
10685,3.9e-05,74.125.24.0-255,2902,4809,50,142068
10686,4.2e-05,172.31.46.0-255,66,4875,50,142068
10687,4.8e-05,74.125.24.0-255,5738,10613,50,142068
10688,5.2e-05,172.31.46.0-255,66,10679,50,142068
10689,8.7e-05,172.31.46.0-255,66,10745,50,142068
10690,0.000102,74.125.24.0-255,4612,15357,50,142068
10691,0.000104,172.31.46.0-255,66,15423,50,142068
10692,0.000111,74.125.24.0-255,6797,22220,50,142068
10693,0.000113,172.31.46.0-255,66,22286,50,142068
10694,0.000197,74.125.24.0-255,1484,23770,50,142068
10695,0.0002,172.31.46.0-255,66,23836,50,142068
10696,0.000222,74.125.24.0-255,2902,26738,50,142068
10697,0.000224,172.31.46.0-255,66,26804,50,142068
10698,0.00023,74.125.24.0-255,5738,32542,50,142068
10699,0.000232,172.31.46.0-255,66,32608,50,142068
10700,0.000236,74.125.24.0-255,4320,36928,50,142068
10701,0.000239,172.31.46.0-255,66,36994,50,142068
10702,0.000255,74.125.24.0-255,2543,39537,50,142068
10703,0.000257,172.31.46.0-255,66,39603,50,142068
10704,0.000259,74.125.24.0-255,1484,41087,50,142068
10705,0.000261,172.31.46.0-255,66,41153,50,142068
10706,0.000297,172.31.46.0-255,66,41219,50,142068
10707,0.0003,74.125.24.0-255,2859,44078,50,142068
10708,0.000302,172.31.46.0-255,66,44144,50,142068
10709,0.000456,74.125.24.0-255,110,44254,50,142068
10710,0.00046,172.31.46.0-255,66,44320,50,142068
10711,0.000463,74.125.24.0-255,329,44649,50,142068
10712,0.00083,74.125.24.0-255,1484,46133,50,142068
10713,0.000835,172.31.46.0-255,66,46199,50,142068
10714,0.00084,74.125.24.0-255,2902,49101,50,142068
10715,0.000842,172.31.46.0-255,66,49167,50,142068
10716,0.000845,74.125.24.0-255,1484,50651,50,142068
10717,0.00087,74.125.24.0-255,4320,54971,50,142068
10718,0.000872,172.31.46.0-255,66,55037,50,142068
10719,0.000879,74.125.24.0-255,7156,62193,50,142068
10720,0.000881,172.31.46.0-255,66,62259,50,142068
10721,0.000901,74.125.24.0-255,5738,67997,50,142068
10722,0.000903,172.31.46.0-255,66,68063,50,142068
10723,0.000914,172.31.46.0-255,66,68129,50,142068
10724,0.003154,74.125.24.0-255,5738,73867,50,142068
10725,0.003162,172.31.46.0-255,66,73933,50,142068
10726,0.005403,74.125.24.0-255,5738,79671,50,142068
10727,0.005408,172.31.46.0-255,66,79737,50,142068
10728,0.007646,74.125.24.0-255,5738,85475,50,142068
10729,0.007654,172.31.46.0-255,66,85541,50,142068
10730,0.009887,74.125.24.0-255,5738,91279,50,142068
10731,0.009893,172.31.46.0-255,66,91345,50,142068
10732,0.012149,74.125.24.0-255,5738,97083,50,142068
10733,0.012156,172.31.46.0-255,66,97149,50,142068
10734,0.014417,74.125.24.0-255,5738,102887,50,142068
10735,0.014428,172.31.46.0-255,66,102953,50,142068
10736,0.01667,74.125.24.0-255,5738,108691,50,142068
10737,0.016677,172.31.46.0-255,66,108757,50,142068
10738,0.018905,74.125.24.0-255,5738,114495,50,142068
10739,0.018913,172.31.46.0-255,66,114561,50,142068
10740,0.021147,74.125.24.0-255,5738,120299,50,142068
10741,0.021153,172.31.46.0-255,66,120365,50,142068
10742,0.023369,74.125.24.0-255,5738,126103,50,142068
10743,0.023376,172.31.46.0-255,66,126169,50,142068
10744,0.02533,172.31.46.0-255,172,126341,50,142068
10745,0.02536,172.31.46.0-255,1108,127449,50,142068
10746,0.025416,172.31.46.0-255,1514,128963,50,142068
10747,0.025418,172.31.46.0-255,1299,130262,50,142068
10748,0.025639,74.125.24.0-255,5738,136000,50,142068
10749,0.025645,172.31.46.0-255,66,136066,50,142068
10750,0.026849,104.244.42.0-255,66,136132,50,142068
10751,0.026946,104.244.42.0-255,66,136198,50,142068
10752,0.027004,104.244.42.0-255,66,136264,50,142068
10753,0.027874,74.125.24.0-255,5738,142002,50,142068
10754,0.02788,172.31.46.0-255,66,142068,50,142068
10755,0.0,172.217.160.0-255,153,153,50,141747
10756,3e-05,172.31.46.0-255,66,219,50,141747
10757,3.7e-05,172.217.160.0-255,1484,1703,50,141747
10758,4.2e-05,172.31.46.0-255,66,1769,50,141747
10759,5.5e-05,172.217.160.0-255,2902,4671,50,141747
10760,5.8e-05,172.31.46.0-255,66,4737,50,141747
10761,6.5e-05,172.217.160.0-255,5738,10475,50,141747
10762,6.9e-05,172.31.46.0-255,66,10541,50,141747
10763,7.4e-05,172.217.160.0-255,3423,13964,50,141747
10764,7.7e-05,172.31.46.0-255,66,14030,50,141747
10765,0.00012,172.217.160.0-255,4320,18350,50,141747
10766,0.000123,172.31.46.0-255,66,18416,50,141747
10767,0.000141,172.31.46.0-255,66,18482,50,141747
10768,0.000145,172.217.160.0-255,2543,21025,50,141747
10769,0.000147,172.31.46.0-255,66,21091,50,141747
10770,0.000643,172.217.160.0-255,1484,22575,50,141747
10771,0.00065,172.31.46.0-255,66,22641,50,141747
10772,0.000656,172.217.160.0-255,2902,25543,50,141747
10773,0.000658,172.31.46.0-255,66,25609,50,141747
10774,0.000669,172.217.160.0-255,5738,31347,50,141747
10775,0.000671,172.31.46.0-255,66,31413,50,141747
10776,0.000681,172.217.160.0-255,5738,37151,50,141747
10777,0.000683,172.31.46.0-255,66,37217,50,141747
10778,0.000709,172.217.160.0-255,2543,39760,50,141747
10779,0.000711,172.31.46.0-255,66,39826,50,141747
10780,0.000733,172.31.46.0-255,66,39892,50,141747
10781,0.000894,172.217.160.0-255,371,40263,50,141747
10782,0.000899,172.31.46.0-255,66,40329,50,141747
10783,0.001449,172.217.160.0-255,104,40433,50,141747
10784,0.001456,172.31.46.0-255,66,40499,50,141747
10785,0.001579,172.217.160.0-255,1484,41983,50,141747
10786,0.001588,172.217.160.0-255,2902,44885,50,141747
10787,0.001591,172.31.46.0-255,66,44951,50,141747
10788,0.001595,172.217.160.0-255,1484,46435,50,141747
10789,0.001625,172.217.160.0-255,4320,50755,50,141747
10790,0.001628,172.31.46.0-255,66,50821,50,141747
10791,0.001636,172.217.160.0-255,6797,57618,50,141747
10792,0.001638,172.31.46.0-255,66,57684,50,141747
10793,0.001641,172.217.160.0-255,1484,59168,50,141747
10794,0.001675,172.31.46.0-255,66,59234,50,141747
10795,0.001679,172.217.160.0-255,2543,61777,50,141747
10796,0.001681,172.31.46.0-255,66,61843,50,141747
10797,0.003606,172.217.160.0-255,5738,67581,50,141747
10798,0.003614,172.31.46.0-255,66,67647,50,141747
10799,0.00555,172.217.160.0-255,4320,71967,50,141747
10800,0.005554,172.31.46.0-255,66,72033,50,141747
10801,0.005578,172.217.160.0-255,1484,73517,50,141747
10802,0.007498,172.217.160.0-255,4320,77837,50,141747
10803,0.007504,172.31.46.0-255,66,77903,50,141747
10804,0.009475,172.217.160.0-255,5738,83641,50,141747
10805,0.009483,172.31.46.0-255,66,83707,50,141747
10806,0.011421,172.217.160.0-255,5738,89445,50,141747
10807,0.011433,172.31.46.0-255,66,89511,50,141747
10808,0.013381,172.217.160.0-255,5738,95249,50,141747
10809,0.01339,172.31.46.0-255,66,95315,50,141747
10810,0.015335,172.217.160.0-255,5738,101053,50,141747
10811,0.015345,172.31.46.0-255,66,101119,50,141747
10812,0.017291,172.217.160.0-255,5738,106857,50,141747
10813,0.0173,172.31.46.0-255,66,106923,50,141747
10814,0.019249,172.217.160.0-255,5738,112661,50,141747
10815,0.019265,172.31.46.0-255,66,112727,50,141747
10816,0.021213,172.217.160.0-255,5738,118465,50,141747
10817,0.021229,172.31.46.0-255,66,118531,50,141747
10818,0.023196,172.217.160.0-255,5738,124269,50,141747
10819,0.023205,172.31.46.0-255,66,124335,50,141747
10820,0.025173,172.217.160.0-255,5738,130073,50,141747
10821,0.025186,172.31.46.0-255,66,130139,50,141747
10822,0.027147,172.217.160.0-255,5738,135877,50,141747
10823,0.027166,172.31.46.0-255,66,135943,50,141747
10824,0.029114,172.217.160.0-255,5738,141681,50,141747
10825,0.029125,172.31.46.0-255,66,141747,50,141747
10826,0.0,74.125.24.0-255,152,152,50,204542
10827,2.5e-05,172.31.46.0-255,66,218,50,204542
10828,3.1e-05,74.125.24.0-255,1484,1702,50,204542
10829,3.5e-05,172.31.46.0-255,66,1768,50,204542
10830,4e-05,74.125.24.0-255,2902,4670,50,204542
10831,4.3e-05,172.31.46.0-255,66,4736,50,204542
10832,4.9e-05,74.125.24.0-255,4320,9056,50,204542
10833,5.2e-05,172.31.46.0-255,66,9122,50,204542
10834,8.2e-05,74.125.24.0-255,1484,10606,50,204542
10835,8.4e-05,172.31.46.0-255,66,10672,50,204542
10836,9.7e-05,172.31.46.0-255,66,10738,50,204542
10837,0.000101,74.125.24.0-255,2902,13640,50,204542
10838,0.000102,172.31.46.0-255,66,13706,50,204542
10839,0.000125,74.125.24.0-255,6797,20503,50,204542
10840,0.000128,172.31.46.0-255,66,20569,50,204542
10841,0.000148,74.125.24.0-255,1484,22053,50,204542
10842,0.00015,172.31.46.0-255,66,22119,50,204542
10843,0.000155,74.125.24.0-255,2902,25021,50,204542
10844,0.000157,172.31.46.0-255,66,25087,50,204542
10845,0.000172,74.125.24.0-255,5738,30825,50,204542
10846,0.000174,172.31.46.0-255,66,30891,50,204542
10847,0.000224,172.31.46.0-255,66,30957,50,204542
10848,0.000264,74.125.24.0-255,4320,35277,50,204542
10849,0.000266,172.31.46.0-255,66,35343,50,204542
10850,0.000287,74.125.24.0-255,5735,41078,50,204542
10851,0.000289,172.31.46.0-255,66,41144,50,204542
10852,0.000292,74.125.24.0-255,330,41474,50,204542
10853,0.000293,172.31.46.0-255,66,41540,50,204542
10854,0.00042,74.125.24.0-255,1484,43024,50,204542
10855,0.000424,172.31.46.0-255,66,43090,50,204542
10856,0.000428,74.125.24.0-255,2902,45992,50,204542
10857,0.00043,172.31.46.0-255,66,46058,50,204542
10858,0.000433,74.125.24.0-255,1484,47542,50,204542
10859,0.000464,74.125.24.0-255,4320,51862,50,204542
10860,0.000467,172.31.46.0-255,66,51928,50,204542
10861,0.000474,74.125.24.0-255,7156,59084,50,204542
10862,0.000476,172.31.46.0-255,66,59150,50,204542
10863,0.000491,74.125.24.0-255,2902,62052,50,204542
10864,0.000493,172.31.46.0-255,66,62118,50,204542
10865,0.000519,172.31.46.0-255,66,62184,50,204542
10866,0.000522,74.125.24.0-255,2184,64368,50,204542
10867,0.000524,172.31.46.0-255,66,64434,50,204542
10868,0.001582,74.125.24.0-255,1484,65918,50,204542
10869,0.001608,74.125.24.0-255,2902,68820,50,204542
10870,0.001613,172.31.46.0-255,66,68886,50,204542
10871,0.00162,74.125.24.0-255,5738,74624,50,204542
10872,0.001621,172.31.46.0-255,66,74690,50,204542
10873,0.001631,172.31.46.0-255,66,74756,50,204542
10874,0.00165,74.125.24.0-255,4320,79076,50,204542
10875,0.001652,172.31.46.0-255,66,79142,50,204542
10876,0.001663,172.31.46.0-255,66,79208,50,204542
10877,0.002034,74.125.24.0-255,1484,80692,50,204542
10878,0.002046,74.125.24.0-255,2902,83594,50,204542
10879,0.002048,172.31.46.0-255,66,83660,50,204542
10880,0.002053,74.125.24.0-255,2902,86562,50,204542
10881,0.002054,172.31.46.0-255,66,86628,50,204542
10882,0.002069,74.125.24.0-255,2902,89530,50,204542
10883,0.002072,172.31.46.0-255,66,89596,50,204542
10884,0.002077,74.125.24.0-255,4320,93916,50,204542
10885,0.002079,172.31.46.0-255,66,93982,50,204542
10886,0.002103,172.31.46.0-255,66,94048,50,204542
10887,0.002114,172.31.46.0-255,66,94114,50,204542
10888,0.002129,74.125.24.0-255,766,94880,50,204542
10889,0.002165,172.31.46.0-255,66,94946,50,204542
10890,0.002199,172.31.46.0-255,66,95012,50,204542
10891,0.002208,172.31.46.0-255,66,95078,50,204542
10892,0.002212,74.125.24.0-255,2902,97980,50,204542
10893,0.002214,172.31.46.0-255,66,98046,50,204542
10894,0.002219,74.125.24.0-255,2902,100948,50,204542
10895,0.002221,172.31.46.0-255,66,101014,50,204542
10896,0.00224,74.125.24.0-255,1484,102498,50,204542
10897,0.002249,172.31.46.0-255,66,102564,50,204542
10898,0.002275,74.125.24.0-255,5738,108302,50,204542
10899,0.002277,172.31.46.0-255,66,108368,50,204542
10900,0.002301,172.31.46.0-255,66,108434,50,204542
10901,0.002411,74.125.24.0-255,1484,109918,50,204542
10902,0.002423,74.125.24.0-255,2902,112820,50,204542
10903,0.002425,172.31.46.0-255,66,112886,50,204542
10904,0.002428,74.125.24.0-255,1484,114370,50,204542
10905,0.002441,74.125.24.0-255,4320,118690,50,204542
10906,0.002444,172.31.46.0-255,66,118756,50,204542
10907,0.002497,74.125.24.0-255,7156,125912,50,204542
10908,0.002507,172.31.46.0-255,66,125978,50,204542
10909,0.002535,74.125.24.0-255,5738,131716,50,204542
10910,0.002537,172.31.46.0-255,66,131782,50,204542
10911,0.002547,172.31.46.0-255,66,131848,50,204542
10912,0.002566,172.31.46.0-255,66,131914,50,204542
10913,0.002578,172.31.46.0-255,66,131980,50,204542
10914,0.00258,74.125.24.0-255,1484,133464,50,204542
10915,0.002584,74.125.24.0-255,2902,136366,50,204542
10916,0.002586,172.31.46.0-255,66,136432,50,204542
10917,0.002606,74.125.24.0-255,5738,142170,50,204542
10918,0.002608,172.31.46.0-255,66,142236,50,204542
10919,0.002634,172.31.46.0-255,66,142302,50,204542
10920,0.002649,74.125.24.0-255,1484,143786,50,204542
10921,0.005203,74.125.24.0-255,4320,148106,50,204542
10922,0.005209,172.31.46.0-255,66,148172,50,204542
10923,0.007797,74.125.24.0-255,5738,153910,50,204542
10924,0.007812,172.31.46.0-255,66,153976,50,204542
10925,0.010385,74.125.24.0-255,5738,159714,50,204542
10926,0.010395,172.31.46.0-255,66,159780,50,204542
10927,0.012975,74.125.24.0-255,5738,165518,50,204542
10928,0.012988,172.31.46.0-255,66,165584,50,204542
10929,0.015601,74.125.24.0-255,5738,171322,50,204542
10930,0.015612,172.31.46.0-255,66,171388,50,204542
10931,0.018198,74.125.24.0-255,5738,177126,50,204542
10932,0.018213,172.31.46.0-255,66,177192,50,204542
10933,0.020805,74.125.24.0-255,5738,182930,50,204542
10934,0.020814,172.31.46.0-255,66,182996,50,204542
10935,0.023393,74.125.24.0-255,5738,188734,50,204542
10936,0.023407,172.31.46.0-255,66,188800,50,204542
10937,0.025997,74.125.24.0-255,5738,194538,50,204542
10938,0.026006,172.31.46.0-255,66,194604,50,204542
10939,0.028574,74.125.24.0-255,5738,200342,50,204542
10940,0.02858,172.31.46.0-255,66,200408,50,204542
10941,0.029623,172.31.46.0-255,211,200619,50,204542
10942,0.029655,172.31.46.0-255,1113,201732,50,204542
10943,0.029718,172.31.46.0-255,1514,203246,50,204542
10944,0.02972,172.31.46.0-255,1296,204542,50,204542
10945,0.0,172.217.24.0-255,150,150,50,190673
10946,2.2e-05,172.31.46.0-255,66,216,50,190673
10947,2.8e-05,172.217.24.0-255,1484,1700,50,190673
10948,3.2e-05,172.31.46.0-255,66,1766,50,190673
10949,3.7e-05,172.217.24.0-255,2902,4668,50,190673
10950,4.1e-05,172.31.46.0-255,66,4734,50,190673
10951,4.5e-05,172.217.24.0-255,2902,7636,50,190673
10952,4.8e-05,172.31.46.0-255,66,7702,50,190673
10953,5.3e-05,172.217.24.0-255,4320,12022,50,190673
10954,5.6e-05,172.31.46.0-255,66,12088,50,190673
10955,5.9e-05,172.217.24.0-255,2011,14099,50,190673
10956,6.1e-05,172.31.46.0-255,66,14165,50,190673
10957,0.0001,172.217.24.0-255,2902,17067,50,190673
10958,0.000103,172.31.46.0-255,66,17133,50,190673
10959,0.000107,172.217.24.0-255,2902,20035,50,190673
10960,0.000109,172.31.46.0-255,66,20101,50,190673
10961,0.00012,172.217.24.0-255,1484,21585,50,190673
10962,0.000122,172.31.46.0-255,66,21651,50,190673
10963,0.000126,172.217.24.0-255,2902,24553,50,190673
10964,0.000129,172.31.46.0-255,66,24619,50,190673
10965,0.000143,172.217.24.0-255,5738,30357,50,190673
10966,0.000145,172.31.46.0-255,66,30423,50,190673
10967,0.000169,172.217.24.0-255,2543,32966,50,190673
10968,0.000171,172.31.46.0-255,66,33032,50,190673
10969,0.000176,172.217.24.0-255,2902,35934,50,190673
10970,0.000178,172.31.46.0-255,66,36000,50,190673
10971,0.000184,172.217.24.0-255,7156,43156,50,190673
10972,0.000186,172.31.46.0-255,66,43222,50,190673
10973,0.000215,172.217.24.0-255,5379,48601,50,190673
10974,0.000218,172.31.46.0-255,66,48667,50,190673
10975,0.000262,172.217.24.0-255,1484,50151,50,190673
10976,0.000265,172.31.46.0-255,66,50217,50,190673
10977,0.000284,172.217.24.0-255,2902,53119,50,190673
10978,0.000286,172.31.46.0-255,66,53185,50,190673
10979,0.000292,172.217.24.0-255,5738,58923,50,190673
10980,0.000294,172.31.46.0-255,66,58989,50,190673
10981,0.000322,172.217.24.0-255,6797,65786,50,190673
10982,0.000325,172.31.46.0-255,66,65852,50,190673
10983,0.000327,172.217.24.0-255,397,66249,50,190673
10984,0.000881,172.31.46.0-255,66,66315,50,190673
10985,0.00093,172.217.24.0-255,115,66430,50,190673
10986,0.000952,172.31.46.0-255,66,66496,50,190673
10987,0.001087,172.217.24.0-255,1484,67980,50,190673
10988,0.001095,172.217.24.0-255,2902,70882,50,190673
10989,0.001098,172.31.46.0-255,66,70948,50,190673
10990,0.001123,172.217.24.0-255,5738,76686,50,190673
10991,0.001126,172.31.46.0-255,66,76752,50,190673
10992,0.001133,172.217.24.0-255,6797,83549,50,190673
10993,0.001135,172.31.46.0-255,66,83615,50,190673
10994,0.001182,172.31.46.0-255,66,83681,50,190673
10995,0.001215,172.217.24.0-255,2543,86224,50,190673
10996,0.001218,172.31.46.0-255,66,86290,50,190673
10997,0.001708,172.217.24.0-255,1484,87774,50,190673
10998,0.001739,172.217.24.0-255,2902,90676,50,190673
10999,0.001744,172.31.46.0-255,66,90742,50,190673
11000,0.001751,172.217.24.0-255,2902,93644,50,190673
11001,0.001753,172.31.46.0-255,66,93710,50,190673
11002,0.00177,172.217.24.0-255,1484,95194,50,190673
11003,0.001776,172.217.24.0-255,4320,99514,50,190673
11004,0.001778,172.31.46.0-255,66,99580,50,190673
11005,0.001784,172.217.24.0-255,5738,105318,50,190673
11006,0.001786,172.31.46.0-255,66,105384,50,190673
11007,0.001806,172.217.24.0-255,1484,106868,50,190673
11008,0.001831,172.31.46.0-255,66,106934,50,190673
11009,0.001836,172.217.24.0-255,3602,110536,50,190673
11010,0.001839,172.31.46.0-255,66,110602,50,190673
11011,0.003741,172.217.24.0-255,4320,114922,50,190673
11012,0.003747,172.31.46.0-255,66,114988,50,190673
11013,0.003763,172.217.24.0-255,1484,116472,50,190673
11014,0.005661,172.217.24.0-255,4320,120792,50,190673
11015,0.005665,172.31.46.0-255,66,120858,50,190673
11016,0.007602,172.217.24.0-255,5738,126596,50,190673
11017,0.007611,172.31.46.0-255,66,126662,50,190673
11018,0.009542,172.217.24.0-255,5738,132400,50,190673
11019,0.00955,172.31.46.0-255,66,132466,50,190673
11020,0.01148,172.217.24.0-255,5738,138204,50,190673
11021,0.011503,172.31.46.0-255,66,138270,50,190673
11022,0.013442,172.217.24.0-255,5738,144008,50,190673
11023,0.013453,172.31.46.0-255,66,144074,50,190673
11024,0.015396,172.217.24.0-255,5738,149812,50,190673
11025,0.015412,172.31.46.0-255,66,149878,50,190673
11026,0.017346,172.217.24.0-255,5738,155616,50,190673
11027,0.017357,172.31.46.0-255,66,155682,50,190673
11028,0.019291,172.217.24.0-255,5738,161420,50,190673
11029,0.019301,172.31.46.0-255,66,161486,50,190673
11030,0.021242,172.217.24.0-255,5738,167224,50,190673
11031,0.021253,172.31.46.0-255,66,167290,50,190673
11032,0.0232,172.217.24.0-255,5738,173028,50,190673
11033,0.023213,172.31.46.0-255,66,173094,50,190673
11034,0.025171,172.217.24.0-255,5738,178832,50,190673
11035,0.025184,172.31.46.0-255,66,178898,50,190673
11036,0.027132,172.217.24.0-255,5738,184636,50,190673
11037,0.027141,172.31.46.0-255,66,184702,50,190673
11038,0.029078,172.217.24.0-255,5738,190440,50,190673
11039,0.029083,172.31.46.0-255,66,190506,50,190673
11040,0.029998,172.31.46.0-255,167,190673,50,190673
11041,0.0,74.125.24.0-255,153,153,50,267864
11042,2.3e-05,172.31.46.0-255,66,219,50,267864
11043,3e-05,74.125.24.0-255,1484,1703,50,267864
11044,3.6e-05,172.31.46.0-255,66,1769,50,267864
11045,4.1e-05,74.125.24.0-255,2902,4671,50,267864
11046,4.5e-05,172.31.46.0-255,66,4737,50,267864
11047,5.9e-05,74.125.24.0-255,7156,11893,50,267864
11048,6.3e-05,172.31.46.0-255,66,11959,50,267864
11049,6.7e-05,74.125.24.0-255,2100,14059,50,267864
11050,7e-05,172.31.46.0-255,66,14125,50,267864
11051,0.000133,74.125.24.0-255,1484,15609,50,267864
11052,0.000136,172.31.46.0-255,66,15675,50,267864
11053,0.000141,74.125.24.0-255,2902,18577,50,267864
11054,0.000144,172.31.46.0-255,66,18643,50,267864
11055,0.000147,74.125.24.0-255,1484,20127,50,267864
11056,0.000149,172.31.46.0-255,66,20193,50,267864
11057,0.000186,74.125.24.0-255,4320,24513,50,267864
11058,0.000189,172.31.46.0-255,66,24579,50,267864
11059,0.000196,74.125.24.0-255,6797,31376,50,267864
11060,0.000198,172.31.46.0-255,66,31442,50,267864
11061,0.000229,172.31.46.0-255,66,31508,50,267864
11062,0.000247,74.125.24.0-255,2902,34410,50,267864
11063,0.000249,172.31.46.0-255,66,34476,50,267864
11064,0.000254,74.125.24.0-255,2543,37019,50,267864
11065,0.000256,172.31.46.0-255,66,37085,50,267864
11066,0.000287,74.125.24.0-255,1484,38569,50,267864
11067,0.00029,172.31.46.0-255,66,38635,50,267864
11068,0.000294,74.125.24.0-255,2902,41537,50,267864
11069,0.000297,172.31.46.0-255,66,41603,50,267864
11070,0.000302,74.125.24.0-255,4320,45923,50,267864
11071,0.000304,172.31.46.0-255,66,45989,50,267864
11072,0.000331,74.125.24.0-255,1484,47473,50,267864
11073,0.000343,74.125.24.0-255,6797,54270,50,267864
11074,0.000346,172.31.46.0-255,66,54336,50,267864
11075,0.000386,74.125.24.0-255,362,54698,50,267864
11076,0.000401,74.125.24.0-255,138,54836,50,267864
11077,0.000437,74.125.24.0-255,1484,56320,50,267864
11078,0.00044,172.31.46.0-255,66,56386,50,267864
11079,0.000445,74.125.24.0-255,2902,59288,50,267864
11080,0.000448,172.31.46.0-255,66,59354,50,267864
11081,0.000455,74.125.24.0-255,7156,66510,50,267864
11082,0.000463,172.31.46.0-255,66,66576,50,267864
11083,0.000502,74.125.24.0-255,5379,71955,50,267864
11084,0.000505,172.31.46.0-255,66,72021,50,267864
11085,0.000512,74.125.24.0-255,5738,77759,50,267864
11086,0.000514,172.31.46.0-255,66,77825,50,267864
11087,0.00055,74.125.24.0-255,1484,79309,50,267864
11088,0.000584,172.31.46.0-255,66,79375,50,267864
11089,0.001052,74.125.24.0-255,1484,80859,50,267864
11090,0.00106,74.125.24.0-255,2902,83761,50,267864
11091,0.001063,172.31.46.0-255,66,83827,50,267864
11092,0.001068,74.125.24.0-255,1484,85311,50,267864
11093,0.001096,74.125.24.0-255,4320,89631,50,267864
11094,0.001099,172.31.46.0-255,66,89697,50,267864
11095,0.001105,74.125.24.0-255,5738,95435,50,267864
11096,0.001107,172.31.46.0-255,66,95501,50,267864
11097,0.001147,74.125.24.0-255,7156,102657,50,267864
11098,0.001151,172.31.46.0-255,66,102723,50,267864
11099,0.001167,172.31.46.0-255,66,102789,50,267864
11100,0.00117,74.125.24.0-255,766,103555,50,267864
11101,0.00124,74.125.24.0-255,1484,105039,50,267864
11102,0.001244,172.31.46.0-255,66,105105,50,267864
11103,0.001247,74.125.24.0-255,1484,106589,50,267864
11104,0.00127,74.125.24.0-255,1484,108073,50,267864
11105,0.001275,74.125.24.0-255,4320,112393,50,267864
11106,0.001279,172.31.46.0-255,66,112459,50,267864
11107,0.001283,172.31.46.0-255,66,112525,50,267864
11108,0.001319,172.31.46.0-255,66,112591,50,267864
11109,0.001373,172.31.46.0-255,66,112657,50,267864
11110,0.001376,172.31.46.0-255,66,112723,50,267864
11111,0.001409,74.125.24.0-255,5020,117743,50,267864
11112,0.001412,172.31.46.0-255,66,117809,50,267864
11113,0.001425,172.31.46.0-255,66,117875,50,267864
11114,0.001432,74.125.24.0-255,6438,124313,50,267864
11115,0.001434,172.31.46.0-255,66,124379,50,267864
11116,0.001476,74.125.24.0-255,7156,131535,50,267864
11117,0.00148,74.125.24.0-255,4320,135855,50,267864
11118,0.001484,172.31.46.0-255,66,135921,50,267864
11119,0.001488,172.31.46.0-255,66,135987,50,267864
11120,0.001505,74.125.24.0-255,4320,140307,50,267864
11121,0.001508,172.31.46.0-255,66,140373,50,267864
11122,0.001519,172.31.46.0-255,66,140439,50,267864
11123,0.001552,74.125.24.0-255,7156,147595,50,267864
11124,0.001555,172.31.46.0-255,66,147661,50,267864
11125,0.001558,74.125.24.0-255,766,148427,50,267864
11126,0.001631,74.125.24.0-255,1484,149911,50,267864
11127,0.001634,172.31.46.0-255,66,149977,50,267864
11128,0.001639,74.125.24.0-255,2902,152879,50,267864
11129,0.001641,172.31.46.0-255,66,152945,50,267864
11130,0.001674,74.125.24.0-255,5738,158683,50,267864
11131,0.001677,172.31.46.0-255,66,158749,50,267864
11132,0.001748,172.31.46.0-255,66,158815,50,267864
11133,0.001764,172.31.46.0-255,66,158881,50,267864
11134,0.001774,172.31.46.0-255,66,158947,50,267864
11135,0.001781,74.125.24.0-255,7156,166103,50,267864
11136,0.001783,172.31.46.0-255,66,166169,50,267864
11137,0.001815,74.125.24.0-255,4320,170489,50,267864
11138,0.001818,172.31.46.0-255,66,170555,50,267864
11139,0.001831,172.31.46.0-255,66,170621,50,267864
11140,0.001859,74.125.24.0-255,3602,174223,50,267864
11141,0.001862,172.31.46.0-255,66,174289,50,267864
11142,0.001946,74.125.24.0-255,1484,175773,50,267864
11143,0.001949,74.125.24.0-255,1484,177257,50,267864
11144,0.001952,172.31.46.0-255,66,177323,50,267864
11145,0.001974,74.125.24.0-255,1484,178807,50,267864
11146,0.00198,74.125.24.0-255,5738,184545,50,267864
11147,0.001982,172.31.46.0-255,66,184611,50,267864
11148,0.002006,74.125.24.0-255,2902,187513,50,267864
11149,0.002009,172.31.46.0-255,66,187579,50,267864
11150,0.002044,172.31.46.0-255,66,187645,50,267864
11151,0.002081,172.31.46.0-255,66,187711,50,267864
11152,0.002246,74.125.24.0-255,1484,189195,50,267864
11153,0.002251,74.125.24.0-255,2902,192097,50,267864
11154,0.002254,172.31.46.0-255,66,192163,50,267864
11155,0.002272,74.125.24.0-255,1484,193647,50,267864
11156,0.002295,74.125.24.0-255,4320,197967,50,267864
11157,0.002297,172.31.46.0-255,66,198033,50,267864
11158,0.002304,74.125.24.0-255,7156,205189,50,267864
11159,0.002306,172.31.46.0-255,66,205255,50,267864
11160,0.004576,74.125.24.0-255,5738,210993,50,267864
11161,0.004582,172.31.46.0-255,66,211059,50,267864
11162,0.006836,74.125.24.0-255,4320,215379,50,267864
11163,0.006841,172.31.46.0-255,66,215445,50,267864
11164,0.006865,74.125.24.0-255,1484,216929,50,267864
11165,0.009109,74.125.24.0-255,4320,221249,50,267864
11166,0.009116,172.31.46.0-255,66,221315,50,267864
11167,0.011395,74.125.24.0-255,5738,227053,50,267864
11168,0.011401,172.31.46.0-255,66,227119,50,267864
11169,0.013692,74.125.24.0-255,5738,232857,50,267864
11170,0.013699,172.31.46.0-255,66,232923,50,267864
11171,0.015956,74.125.24.0-255,5738,238661,50,267864
11172,0.015962,172.31.46.0-255,66,238727,50,267864
11173,0.018217,74.125.24.0-255,5738,244465,50,267864
11174,0.018223,172.31.46.0-255,66,244531,50,267864
11175,0.020503,74.125.24.0-255,5738,250269,50,267864
11176,0.02051,172.31.46.0-255,66,250335,50,267864
11177,0.022773,74.125.24.0-255,5738,256073,50,267864
11178,0.022779,172.31.46.0-255,66,256139,50,267864
11179,0.025037,74.125.24.0-255,5738,261877,50,267864
11180,0.025043,172.31.46.0-255,66,261943,50,267864
11181,0.0273,74.125.24.0-255,5684,267627,50,267864
11182,0.027306,172.31.46.0-255,66,267693,50,267864
11183,0.027478,172.31.46.0-255,105,267798,50,267864
11184,0.029677,74.125.24.0-255,66,267864,50,267864
11185,0.0,74.125.130.0-255,152,152,50,272573
11186,2.7e-05,172.31.46.0-255,66,218,50,272573
11187,3.4e-05,74.125.130.0-255,1484,1702,50,272573
11188,3.8e-05,172.31.46.0-255,66,1768,50,272573
11189,4.6e-05,74.125.130.0-255,2902,4670,50,272573
11190,5e-05,172.31.46.0-255,66,4736,50,272573
11191,8e-05,74.125.130.0-255,5738,10474,50,272573
11192,8.3e-05,172.31.46.0-255,66,10540,50,272573
11193,8.7e-05,74.125.130.0-255,1484,12024,50,272573
11194,8.9e-05,172.31.46.0-255,66,12090,50,272573
11195,9.3e-05,74.125.130.0-255,1971,14061,50,272573
11196,9.6e-05,172.31.46.0-255,66,14127,50,272573
11197,0.000309,74.125.130.0-255,1484,15611,50,272573
11198,0.000318,172.31.46.0-255,66,15677,50,272573
11199,0.000321,74.125.130.0-255,1484,17161,50,272573
11200,0.000323,172.31.46.0-255,66,17227,50,272573
11201,0.000338,74.125.130.0-255,2902,20129,50,272573
11202,0.000341,172.31.46.0-255,66,20195,50,272573
11203,0.000354,74.125.130.0-255,1484,21679,50,272573
11204,0.000356,172.31.46.0-255,66,21745,50,272573
11205,0.000375,74.125.130.0-255,4320,26065,50,272573
11206,0.000378,172.31.46.0-255,66,26131,50,272573
11207,0.000381,74.125.130.0-255,1484,27615,50,272573
11208,0.000382,172.31.46.0-255,66,27681,50,272573
11209,0.000427,74.125.130.0-255,2902,30583,50,272573
11210,0.00043,172.31.46.0-255,66,30649,50,272573
11211,0.000449,74.125.130.0-255,3961,34610,50,272573
11212,0.000452,172.31.46.0-255,66,34676,50,272573
11213,0.00048,74.125.130.0-255,5738,40414,50,272573
11214,0.000483,172.31.46.0-255,66,40480,50,272573
11215,0.0005,74.125.130.0-255,1484,41964,50,272573
11216,0.000503,172.31.46.0-255,66,42030,50,272573
11217,0.000532,172.31.46.0-255,66,42096,50,272573
11218,0.000536,74.125.130.0-255,2902,44998,50,272573
11219,0.000539,172.31.46.0-255,66,45064,50,272573
11220,0.000561,74.125.130.0-255,4320,49384,50,272573
11221,0.000564,172.31.46.0-255,66,49450,50,272573
11222,0.00058,74.125.130.0-255,1484,50934,50,272573
11223,0.000597,74.125.130.0-255,5738,56672,50,272573
11224,0.000599,172.31.46.0-255,66,56738,50,272573
11225,0.000614,74.125.130.0-255,766,57504,50,272573
11226,0.000656,74.125.130.0-255,366,57870,50,272573
11227,0.000814,74.125.130.0-255,1484,59354,50,272573
11228,0.000818,74.125.130.0-255,1484,60838,50,272573
11229,0.000822,172.31.46.0-255,66,60904,50,272573
11230,0.000937,74.125.130.0-255,1484,62388,50,272573
11231,0.000943,74.125.130.0-255,4320,66708,50,272573
11232,0.00095,74.125.130.0-255,5738,72446,50,272573
11233,0.000958,74.125.130.0-255,7156,79602,50,272573
11234,0.00097,74.125.130.0-255,1484,81086,50,272573
11235,0.000975,172.31.46.0-255,66,81152,50,272573
11236,0.000979,172.31.46.0-255,66,81218,50,272573
11237,0.000987,172.31.46.0-255,66,81284,50,272573
11238,0.00099,172.31.46.0-255,66,81350,50,272573
11239,0.000994,172.31.46.0-255,66,81416,50,272573
11240,0.001002,74.125.130.0-255,2184,83600,50,272573
11241,0.001005,172.31.46.0-255,66,83666,50,272573
11242,0.001052,74.125.130.0-255,377,84043,50,272573
11243,0.001077,74.125.130.0-255,1484,85527,50,272573
11244,0.001081,172.31.46.0-255,66,85593,50,272573
11245,0.0011,74.125.130.0-255,4320,89913,50,272573
11246,0.001103,172.31.46.0-255,66,89979,50,272573
11247,0.001106,74.125.130.0-255,1484,91463,50,272573
11248,0.001119,74.125.130.0-255,2902,94365,50,272573
11249,0.001122,172.31.46.0-255,66,94431,50,272573
11250,0.001144,74.125.130.0-255,1484,95915,50,272573
11251,0.001159,172.31.46.0-255,66,95981,50,272573
11252,0.001164,74.125.130.0-255,4320,100301,50,272573
11253,0.001167,172.31.46.0-255,66,100367,50,272573
11254,0.001203,74.125.130.0-255,4320,104687,50,272573
11255,0.001206,172.31.46.0-255,66,104753,50,272573
11256,0.001225,74.125.130.0-255,2184,106937,50,272573
11257,0.001227,172.31.46.0-255,66,107003,50,272573
11258,0.00129,74.125.130.0-255,1484,108487,50,272573
11259,0.001294,74.125.130.0-255,1484,109971,50,272573
11260,0.001296,172.31.46.0-255,66,110037,50,272573
11261,0.001314,74.125.130.0-255,1484,111521,50,272573
11262,0.001321,74.125.130.0-255,4320,115841,50,272573
11263,0.001324,172.31.46.0-255,66,115907,50,272573
11264,0.001339,74.125.130.0-255,1484,117391,50,272573
11265,0.001354,74.125.130.0-255,2902,120293,50,272573
11266,0.001357,172.31.46.0-255,66,120359,50,272573
11267,0.001378,74.125.130.0-255,5738,126097,50,272573
11268,0.001382,172.31.46.0-255,66,126163,50,272573
11269,0.001394,172.31.46.0-255,66,126229,50,272573
11270,0.001451,74.125.130.0-255,5020,131249,50,272573
11271,0.001454,172.31.46.0-255,66,131315,50,272573
11272,0.001557,74.125.130.0-255,1484,132799,50,272573
11273,0.001569,74.125.130.0-255,2902,135701,50,272573
11274,0.001573,172.31.46.0-255,66,135767,50,272573
11275,0.001585,74.125.130.0-255,1484,137251,50,272573
11276,0.0016,74.125.130.0-255,2902,140153,50,272573
11277,0.001603,172.31.46.0-255,66,140219,50,272573
11278,0.001614,74.125.130.0-255,1484,141703,50,272573
11279,0.001621,74.125.130.0-255,5738,147441,50,272573
11280,0.001624,172.31.46.0-255,66,147507,50,272573
11281,0.001631,74.125.130.0-255,7156,154663,50,272573
11282,0.001633,172.31.46.0-255,66,154729,50,272573
11283,0.001651,74.125.130.0-255,2902,157631,50,272573
11284,0.001654,172.31.46.0-255,66,157697,50,272573
11285,0.001671,172.31.46.0-255,66,157763,50,272573
11286,0.001802,74.125.130.0-255,1484,159247,50,272573
11287,0.00182,74.125.130.0-255,2902,162149,50,272573
11288,0.001823,172.31.46.0-255,66,162215,50,272573
11289,0.001832,74.125.130.0-255,1484,163699,50,272573
11290,0.001844,74.125.130.0-255,1484,165183,50,272573
11291,0.001846,172.31.46.0-255,66,165249,50,272573
11292,0.001869,74.125.130.0-255,2902,168151,50,272573
11293,0.001871,172.31.46.0-255,66,168217,50,272573
11294,0.001879,74.125.130.0-255,7156,175373,50,272573
11295,0.001881,172.31.46.0-255,66,175439,50,272573
11296,0.001891,172.31.46.0-255,66,175505,50,272573
11297,0.001894,74.125.130.0-255,1484,176989,50,272573
11298,0.001917,74.125.130.0-255,6438,183427,50,272573
11299,0.00192,172.31.46.0-255,66,183493,50,272573
11300,0.00199,74.125.130.0-255,1484,184977,50,272573
11301,0.002003,74.125.130.0-255,2902,187879,50,272573
11302,0.002008,74.125.130.0-255,4320,192199,50,272573
11303,0.002013,172.31.46.0-255,66,192265,50,272573
11304,0.002016,172.31.46.0-255,66,192331,50,272573
11305,0.00205,172.31.46.0-255,66,192397,50,272573
11306,0.002076,74.125.130.0-255,4320,196717,50,272573
11307,0.002078,172.31.46.0-255,66,196783,50,272573
11308,0.0021,74.125.130.0-255,2902,199685,50,272573
11309,0.002102,172.31.46.0-255,66,199751,50,272573
11310,0.002113,172.31.46.0-255,66,199817,50,272573
11311,0.002116,74.125.130.0-255,766,200583,50,272573
11312,0.002235,74.125.130.0-255,1484,202067,50,272573
11313,0.002239,172.31.46.0-255,66,202133,50,272573
11314,0.00431,74.125.130.0-255,2902,205035,50,272573
11315,0.004323,172.31.46.0-255,66,205101,50,272573
11316,0.004473,74.125.130.0-255,2902,208003,50,272573
11317,0.004475,172.31.46.0-255,66,208069,50,272573
11318,0.006528,74.125.130.0-255,2902,210971,50,272573
11319,0.006532,172.31.46.0-255,66,211037,50,272573
11320,0.006669,74.125.130.0-255,2902,213939,50,272573
11321,0.006672,172.31.46.0-255,66,214005,50,272573
11322,0.00876,74.125.130.0-255,2902,216907,50,272573
11323,0.008769,172.31.46.0-255,66,216973,50,272573
11324,0.008871,74.125.130.0-255,2902,219875,50,272573
11325,0.008875,172.31.46.0-255,66,219941,50,272573
11326,0.010987,74.125.130.0-255,2902,222843,50,272573
11327,0.010997,172.31.46.0-255,66,222909,50,272573
11328,0.011074,74.125.130.0-255,2902,225811,50,272573
11329,0.011078,172.31.46.0-255,66,225877,50,272573
11330,0.013226,74.125.130.0-255,2902,228779,50,272573
11331,0.013243,172.31.46.0-255,66,228845,50,272573
11332,0.01328,74.125.130.0-255,2902,231747,50,272573
11333,0.013282,172.31.46.0-255,66,231813,50,272573
11334,0.015469,74.125.130.0-255,2902,234715,50,272573
11335,0.015485,172.31.46.0-255,66,234781,50,272573
11336,0.015509,74.125.130.0-255,2902,237683,50,272573
11337,0.015512,172.31.46.0-255,66,237749,50,272573
11338,0.017739,74.125.130.0-255,5738,243487,50,272573
11339,0.017756,172.31.46.0-255,66,243553,50,272573
11340,0.019975,74.125.130.0-255,5738,249291,50,272573
11341,0.01999,172.31.46.0-255,66,249357,50,272573
11342,0.022222,74.125.130.0-255,5738,255095,50,272573
11343,0.022235,172.31.46.0-255,66,255161,50,272573
11344,0.024484,74.125.130.0-255,5738,260899,50,272573
11345,0.024499,172.31.46.0-255,66,260965,50,272573
11346,0.026709,74.125.130.0-255,5738,266703,50,272573
11347,0.026719,172.31.46.0-255,66,266769,50,272573
11348,0.028938,74.125.130.0-255,5738,272507,50,272573
11349,0.028951,172.31.46.0-255,66,272573,50,272573
11350,0.0,74.125.24.0-255,153,153,50,182582
11351,1.7e-05,172.31.46.0-255,66,219,50,182582
11352,2.4e-05,74.125.24.0-255,1484,1703,50,182582
11353,2.8e-05,172.31.46.0-255,66,1769,50,182582
11354,3.3e-05,74.125.24.0-255,2902,4671,50,182582
11355,3.7e-05,172.31.46.0-255,66,4737,50,182582
11356,5.3e-05,74.125.24.0-255,7156,11893,50,182582
11357,5.7e-05,172.31.46.0-255,66,11959,50,182582
11358,0.000101,74.125.24.0-255,4935,16894,50,182582
11359,0.000105,172.31.46.0-255,66,16960,50,182582
11360,0.000156,172.31.46.0-255,66,17026,50,182582
11361,0.000274,74.125.24.0-255,1484,18510,50,182582
11362,0.000278,172.31.46.0-255,66,18576,50,182582
11363,0.000283,74.125.24.0-255,2902,21478,50,182582
11364,0.000285,172.31.46.0-255,66,21544,50,182582
11365,0.000316,74.125.24.0-255,5738,27282,50,182582
11366,0.000319,172.31.46.0-255,66,27348,50,182582
11367,0.000334,74.125.24.0-255,4320,31668,50,182582
11368,0.00034,172.31.46.0-255,66,31734,50,182582
11369,0.000383,74.125.24.0-255,4320,36054,50,182582
11370,0.000387,172.31.46.0-255,66,36120,50,182582
11371,0.000424,172.31.46.0-255,66,36186,50,182582
11372,0.000489,74.125.24.0-255,5738,41924,50,182582
11373,0.000492,172.31.46.0-255,66,41990,50,182582
11374,0.00051,74.125.24.0-255,1125,43115,50,182582
11375,0.000512,172.31.46.0-255,66,43181,50,182582
11376,0.001015,74.125.24.0-255,646,43827,50,182582
11377,0.00102,172.31.46.0-255,66,43893,50,182582
11378,0.001368,74.125.24.0-255,1484,45377,50,182582
11379,0.001375,172.31.46.0-255,66,45443,50,182582
11380,0.001383,74.125.24.0-255,2902,48345,50,182582
11381,0.001385,172.31.46.0-255,66,48411,50,182582
11382,0.001398,74.125.24.0-255,5738,54149,50,182582
11383,0.0014,172.31.46.0-255,66,54215,50,182582
11384,0.001424,74.125.24.0-255,1484,55699,50,182582
11385,0.001458,172.31.46.0-255,66,55765,50,182582
11386,0.00152,172.31.46.0-255,66,55831,50,182582
11387,0.001548,74.125.24.0-255,2184,58015,50,182582
11388,0.001551,172.31.46.0-255,66,58081,50,182582
11389,0.001778,74.125.24.0-255,1484,59565,50,182582
11390,0.001786,74.125.24.0-255,2902,62467,50,182582
11391,0.00179,172.31.46.0-255,66,62533,50,182582
11392,0.001821,74.125.24.0-255,5738,68271,50,182582
11393,0.001824,172.31.46.0-255,66,68337,50,182582
11394,0.001851,74.125.24.0-255,7156,75493,50,182582
11395,0.001853,172.31.46.0-255,66,75559,50,182582
11396,0.001879,74.125.24.0-255,4320,79879,50,182582
11397,0.001881,172.31.46.0-255,66,79945,50,182582
11398,0.001917,74.125.24.0-255,4320,84265,50,182582
11399,0.00192,172.31.46.0-255,66,84331,50,182582
11400,0.001947,172.31.46.0-255,66,84397,50,182582
11401,0.002026,74.125.24.0-255,1484,85881,50,182582
11402,0.002033,74.125.24.0-255,2902,88783,50,182582
11403,0.002036,172.31.46.0-255,66,88849,50,182582
11404,0.002064,74.125.24.0-255,5738,94587,50,182582
11405,0.002068,172.31.46.0-255,66,94653,50,182582
11406,0.002092,74.125.24.0-255,1484,96137,50,182582
11407,0.002103,74.125.24.0-255,1484,97621,50,182582
11408,0.002105,172.31.46.0-255,66,97687,50,182582
11409,0.002145,172.31.46.0-255,66,97753,50,182582
11410,0.002183,74.125.24.0-255,4320,102073,50,182582
11411,0.002186,172.31.46.0-255,66,102139,50,182582
11412,0.002217,74.125.24.0-255,6438,108577,50,182582
11413,0.00222,172.31.46.0-255,66,108643,50,182582
11414,0.004502,74.125.24.0-255,5738,114381,50,182582
11415,0.004509,172.31.46.0-255,66,114447,50,182582
11416,0.006788,74.125.24.0-255,5738,120185,50,182582
11417,0.006794,172.31.46.0-255,66,120251,50,182582
11418,0.009042,74.125.24.0-255,5738,125989,50,182582
11419,0.00905,172.31.46.0-255,66,126055,50,182582
11420,0.011335,74.125.24.0-255,5738,131793,50,182582
11421,0.011343,172.31.46.0-255,66,131859,50,182582
11422,0.013639,74.125.24.0-255,5738,137597,50,182582
11423,0.013649,172.31.46.0-255,66,137663,50,182582
11424,0.015931,74.125.24.0-255,5738,143401,50,182582
11425,0.015942,172.31.46.0-255,66,143467,50,182582
11426,0.018213,74.125.24.0-255,5738,149205,50,182582
11427,0.018221,172.31.46.0-255,66,149271,50,182582
11428,0.020525,74.125.24.0-255,5738,155009,50,182582
11429,0.020533,172.31.46.0-255,66,155075,50,182582
11430,0.022814,74.125.24.0-255,5738,160813,50,182582
11431,0.022823,172.31.46.0-255,66,160879,50,182582
11432,0.025076,74.125.24.0-255,5738,166617,50,182582
11433,0.025084,172.31.46.0-255,66,166683,50,182582
11434,0.027304,172.31.46.0-255,172,166855,50,182582
11435,0.027333,172.31.46.0-255,1113,167968,50,182582
11436,0.027399,74.125.24.0-255,5738,173706,50,182582
11437,0.027403,172.31.46.0-255,66,173772,50,182582
11438,0.027411,172.31.46.0-255,1514,175286,50,182582
11439,0.027413,172.31.46.0-255,1294,176580,50,182582
11440,0.028843,104.244.42.0-255,66,176646,50,182582
11441,0.0289,104.244.42.0-255,66,176712,50,182582
11442,0.028981,104.244.42.0-255,66,176778,50,182582
11443,0.02968,74.125.24.0-255,5738,182516,50,182582
11444,0.029687,172.31.46.0-255,66,182582,50,182582
11445,0.0,172.31.46.0-255,105,105,50,105
11446,0.0,74.125.200.0-255,155,155,50,271530
11447,2.1e-05,172.31.46.0-255,66,221,50,271530
11448,2.7e-05,74.125.200.0-255,1484,1705,50,271530
11449,3.2e-05,172.31.46.0-255,66,1771,50,271530
11450,3.7e-05,74.125.200.0-255,2902,4673,50,271530
11451,4e-05,172.31.46.0-255,66,4739,50,271530
11452,4.5e-05,74.125.200.0-255,2902,7641,50,271530
11453,4.7e-05,172.31.46.0-255,66,7707,50,271530
11454,5.2e-05,74.125.200.0-255,4320,12027,50,271530
11455,5.4e-05,172.31.46.0-255,66,12093,50,271530
11456,0.0001,74.125.200.0-255,3536,15629,50,271530
11457,0.000103,172.31.46.0-255,66,15695,50,271530
11458,0.000106,74.125.200.0-255,1484,17179,50,271530
11459,0.000108,172.31.46.0-255,66,17245,50,271530
11460,0.000122,74.125.200.0-255,2902,20147,50,271530
11461,0.000124,172.31.46.0-255,66,20213,50,271530
11462,0.000158,172.31.46.0-255,66,20279,50,271530
11463,0.000194,74.125.200.0-255,4320,24599,50,271530
11464,0.000196,172.31.46.0-255,66,24665,50,271530
11465,0.000218,74.125.200.0-255,5738,30403,50,271530
11466,0.00022,172.31.46.0-255,66,30469,50,271530
11467,0.000258,74.125.200.0-255,7156,37625,50,271530
11468,0.000261,172.31.46.0-255,66,37691,50,271530
11469,0.000277,74.125.200.0-255,766,38457,50,271530
11470,0.000279,172.31.46.0-255,66,38523,50,271530
11471,0.000452,74.125.200.0-255,1484,40007,50,271530
11472,0.000456,172.31.46.0-255,66,40073,50,271530
11473,0.000461,74.125.200.0-255,2902,42975,50,271530
11474,0.000463,172.31.46.0-255,66,43041,50,271530
11475,0.000481,74.125.200.0-255,5738,48779,50,271530
11476,0.000483,172.31.46.0-255,66,48845,50,271530
11477,0.000509,74.125.200.0-255,5738,54583,50,271530
11478,0.000512,172.31.46.0-255,66,54649,50,271530
11479,0.000539,74.125.200.0-255,1449,56098,50,271530
11480,0.000602,74.125.200.0-255,1484,57582,50,271530
11481,0.000605,172.31.46.0-255,66,57648,50,271530
11482,0.000623,74.125.200.0-255,2902,60550,50,271530
11483,0.000626,172.31.46.0-255,66,60616,50,271530
11484,0.000647,74.125.200.0-255,5738,66354,50,271530
11485,0.000649,172.31.46.0-255,66,66420,50,271530
11486,0.000652,74.125.200.0-255,1484,67904,50,271530
11487,0.00067,74.125.200.0-255,5738,73642,50,271530
11488,0.000672,172.31.46.0-255,66,73708,50,271530
11489,0.000699,74.125.200.0-255,2902,76610,50,271530
11490,0.000702,172.31.46.0-255,66,76676,50,271530
11491,0.000717,74.125.200.0-255,7156,83832,50,271530
11492,0.000719,172.31.46.0-255,66,83898,50,271530
11493,0.000748,74.125.200.0-255,6438,90336,50,271530
11494,0.000751,172.31.46.0-255,66,90402,50,271530
11495,0.000789,74.125.200.0-255,5738,96140,50,271530
11496,0.000793,172.31.46.0-255,66,96206,50,271530
11497,0.000808,74.125.200.0-255,1484,97690,50,271530
11498,0.000812,74.125.200.0-255,2902,100592,50,271530
11499,0.000814,172.31.46.0-255,66,100658,50,271530
11500,0.000819,74.125.200.0-255,4320,104978,50,271530
11501,0.00082,172.31.46.0-255,66,105044,50,271530
11502,0.000842,74.125.200.0-255,4320,109364,50,271530
11503,0.000844,172.31.46.0-255,66,109430,50,271530
11504,0.000868,74.125.200.0-255,5064,114494,50,271530
11505,0.00087,172.31.46.0-255,66,114560,50,271530
11506,0.000875,74.125.200.0-255,4320,118880,50,271530
11507,0.000877,172.31.46.0-255,66,118946,50,271530
11508,0.00088,74.125.200.0-255,1484,120430,50,271530
11509,0.000914,172.31.46.0-255,66,120496,50,271530
11510,0.000921,74.125.200.0-255,6438,126934,50,271530
11511,0.000923,172.31.46.0-255,66,127000,50,271530
11512,0.00109,74.125.200.0-255,1484,128484,50,271530
11513,0.001111,74.125.200.0-255,2902,131386,50,271530
11514,0.001114,172.31.46.0-255,66,131452,50,271530
11515,0.001119,74.125.200.0-255,2902,134354,50,271530
11516,0.00112,172.31.46.0-255,66,134420,50,271530
11517,0.001131,74.125.200.0-255,1484,135904,50,271530
11518,0.001138,74.125.200.0-255,5738,141642,50,271530
11519,0.001139,172.31.46.0-255,66,141708,50,271530
11520,0.001153,74.125.200.0-255,2902,144610,50,271530
11521,0.001155,172.31.46.0-255,66,144676,50,271530
11522,0.001162,74.125.200.0-255,7156,151832,50,271530
11523,0.001164,172.31.46.0-255,66,151898,50,271530
11524,0.001197,172.31.46.0-255,66,151964,50,271530
11525,0.001199,74.125.200.0-255,766,152730,50,271530
11526,0.00179,74.125.200.0-255,1484,154214,50,271530
11527,0.001794,172.31.46.0-255,66,154280,50,271530
11528,0.001799,74.125.200.0-255,2902,157182,50,271530
11529,0.0018,172.31.46.0-255,66,157248,50,271530
11530,0.001811,74.125.200.0-255,1484,158732,50,271530
11531,0.001828,74.125.200.0-255,1484,160216,50,271530
11532,0.00183,172.31.46.0-255,66,160282,50,271530
11533,0.001835,74.125.200.0-255,4320,164602,50,271530
11534,0.001836,172.31.46.0-255,66,164668,50,271530
11535,0.001885,172.31.46.0-255,66,164734,50,271530
11536,0.001889,74.125.200.0-255,2902,167636,50,271530
11537,0.001891,172.31.46.0-255,66,167702,50,271530
11538,0.001927,74.125.200.0-255,4320,172022,50,271530
11539,0.00193,172.31.46.0-255,66,172088,50,271530
11540,0.001952,74.125.200.0-255,6438,178526,50,271530
11541,0.001955,172.31.46.0-255,66,178592,50,271530
11542,0.00196,74.125.200.0-255,4320,182912,50,271530
11543,0.001961,172.31.46.0-255,66,182978,50,271530
11544,0.001971,74.125.200.0-255,1484,184462,50,271530
11545,0.001994,74.125.200.0-255,7156,191618,50,271530
11546,0.001997,172.31.46.0-255,66,191684,50,271530
11547,0.002016,74.125.200.0-255,2902,194586,50,271530
11548,0.002019,172.31.46.0-255,66,194652,50,271530
11549,0.002054,172.31.46.0-255,66,194718,50,271530
11550,0.002057,74.125.200.0-255,1484,196202,50,271530
11551,0.002093,172.31.46.0-255,66,196268,50,271530
11552,0.0021,74.125.200.0-255,5738,202006,50,271530
11553,0.002102,172.31.46.0-255,66,202072,50,271530
11554,0.002134,74.125.200.0-255,4320,206392,50,271530
11555,0.002137,172.31.46.0-255,66,206458,50,271530
11556,0.002171,172.31.46.0-255,66,206524,50,271530
11557,0.002176,74.125.200.0-255,2902,209426,50,271530
11558,0.002178,172.31.46.0-255,66,209492,50,271530
11559,0.002201,172.31.46.0-255,66,209558,50,271530
11560,0.002227,74.125.200.0-255,1484,211042,50,271530
11561,0.002243,172.31.46.0-255,66,211108,50,271530
11562,0.002248,74.125.200.0-255,3602,214710,50,271530
11563,0.00225,172.31.46.0-255,66,214776,50,271530
11564,0.002566,74.125.200.0-255,1484,216260,50,271530
11565,0.004818,74.125.200.0-255,4320,220580,50,271530
11566,0.004829,172.31.46.0-255,66,220646,50,271530
11567,0.007385,74.125.200.0-255,5738,226384,50,271530
11568,0.007393,172.31.46.0-255,66,226450,50,271530
11569,0.009934,74.125.200.0-255,4320,230770,50,271530
11570,0.009939,172.31.46.0-255,66,230836,50,271530
11571,0.009967,74.125.200.0-255,1484,232320,50,271530
11572,0.012495,74.125.200.0-255,4320,236640,50,271530
11573,0.012506,172.31.46.0-255,66,236706,50,271530
11574,0.015082,74.125.200.0-255,5738,242444,50,271530
11575,0.015092,172.31.46.0-255,66,242510,50,271530
11576,0.017645,74.125.200.0-255,5738,248248,50,271530
11577,0.017658,172.31.46.0-255,66,248314,50,271530
11578,0.020219,74.125.200.0-255,5738,254052,50,271530
11579,0.020229,172.31.46.0-255,66,254118,50,271530
11580,0.022798,74.125.200.0-255,5738,259856,50,271530
11581,0.022814,172.31.46.0-255,66,259922,50,271530
11582,0.025372,74.125.200.0-255,5738,265660,50,271530
11583,0.02538,172.31.46.0-255,66,265726,50,271530
11584,0.027958,74.125.200.0-255,5738,271464,50,271530
11585,0.027966,172.31.46.0-255,66,271530,50,271530
11586,0.0,74.125.24.0-255,149,149,50,209802
11587,2.6e-05,172.31.46.0-255,66,215,50,209802
11588,3.3e-05,74.125.24.0-255,1484,1699,50,209802
11589,3.8e-05,172.31.46.0-255,66,1765,50,209802
11590,5.2e-05,74.125.24.0-255,2902,4667,50,209802
11591,5.6e-05,172.31.46.0-255,66,4733,50,209802
11592,6.4e-05,74.125.24.0-255,7156,11889,50,209802
11593,6.8e-05,172.31.46.0-255,66,11955,50,209802
11594,8.2e-05,172.31.46.0-255,66,12021,50,209802
11595,9e-05,74.125.24.0-255,6797,18818,50,209802
11596,9.4e-05,172.31.46.0-255,66,18884,50,209802
11597,0.000386,74.125.24.0-255,1484,20368,50,209802
11598,0.000392,172.31.46.0-255,66,20434,50,209802
11599,0.000399,74.125.24.0-255,2902,23336,50,209802
11600,0.000402,172.31.46.0-255,66,23402,50,209802
11601,0.000414,74.125.24.0-255,5738,29140,50,209802
11602,0.000418,172.31.46.0-255,66,29206,50,209802
11603,0.00043,74.125.24.0-255,1484,30690,50,209802
11604,0.000432,172.31.46.0-255,66,30756,50,209802
11605,0.00049,172.31.46.0-255,66,30822,50,209802
11606,0.000502,172.31.46.0-255,66,30888,50,209802
11607,0.000504,74.125.24.0-255,425,31313,50,209802
11608,0.000507,172.31.46.0-255,66,31379,50,209802
11609,0.000523,74.125.24.0-255,351,31730,50,209802
11610,0.00053,172.31.46.0-255,66,31796,50,209802
11611,0.000801,74.125.24.0-255,1484,33280,50,209802
11612,0.000807,172.31.46.0-255,66,33346,50,209802
11613,0.000814,74.125.24.0-255,2902,36248,50,209802
11614,0.000817,172.31.46.0-255,66,36314,50,209802
11615,0.000828,74.125.24.0-255,5738,42052,50,209802
11616,0.000831,172.31.46.0-255,66,42118,50,209802
11617,0.000834,74.125.24.0-255,1484,43602,50,209802
11618,0.000885,172.31.46.0-255,66,43668,50,209802
11619,0.000896,172.31.46.0-255,66,43734,50,209802
11620,0.0009,74.125.24.0-255,2184,45918,50,209802
11621,0.000902,172.31.46.0-255,66,45984,50,209802
11622,0.001054,74.125.24.0-255,1484,47468,50,209802
11623,0.001082,74.125.24.0-255,2902,50370,50,209802
11624,0.001085,74.125.24.0-255,1484,51854,50,209802
11625,0.00109,172.31.46.0-255,66,51920,50,209802
11626,0.001111,74.125.24.0-255,4320,56240,50,209802
11627,0.001113,172.31.46.0-255,66,56306,50,209802
11628,0.001119,74.125.24.0-255,4320,60626,50,209802
11629,0.001122,172.31.46.0-255,66,60692,50,209802
11630,0.001134,172.31.46.0-255,66,60758,50,209802
11631,0.001172,172.31.46.0-255,66,60824,50,209802
11632,0.001518,74.125.24.0-255,1484,62308,50,209802
11633,0.001524,74.125.24.0-255,2902,65210,50,209802
11634,0.001528,172.31.46.0-255,66,65276,50,209802
11635,0.001563,74.125.24.0-255,5738,71014,50,209802
11636,0.001567,172.31.46.0-255,66,71080,50,209802
11637,0.001585,172.31.46.0-255,66,71146,50,209802
11638,0.001627,172.31.46.0-255,66,71212,50,209802
11639,0.001666,74.125.24.0-255,1484,72696,50,209802
11640,0.001683,74.125.24.0-255,2902,75598,50,209802
11641,0.001686,172.31.46.0-255,66,75664,50,209802
11642,0.00169,74.125.24.0-255,1484,77148,50,209802
11643,0.001714,74.125.24.0-255,4320,81468,50,209802
11644,0.001717,172.31.46.0-255,66,81534,50,209802
11645,0.001725,74.125.24.0-255,7156,88690,50,209802
11646,0.001728,172.31.46.0-255,66,88756,50,209802
11647,0.001784,172.31.46.0-255,66,88822,50,209802
11648,0.001807,74.125.24.0-255,4320,93142,50,209802
11649,0.001814,172.31.46.0-255,66,93208,50,209802
11650,0.001818,74.125.24.0-255,2184,95392,50,209802
11651,0.00182,172.31.46.0-255,66,95458,50,209802
11652,0.001845,74.125.24.0-255,1484,96942,50,209802
11653,0.00185,74.125.24.0-255,2902,99844,50,209802
11654,0.001853,172.31.46.0-255,66,99910,50,209802
11655,0.001858,74.125.24.0-255,2902,102812,50,209802
11656,0.00186,172.31.46.0-255,66,102878,50,209802
11657,0.001881,74.125.24.0-255,2902,105780,50,209802
11658,0.001883,172.31.46.0-255,66,105846,50,209802
11659,0.001894,172.31.46.0-255,66,105912,50,209802
11660,0.001917,74.125.24.0-255,4320,110232,50,209802
11661,0.001924,172.31.46.0-255,66,110298,50,209802
11662,0.001937,172.31.46.0-255,66,110364,50,209802
11663,0.001957,74.125.24.0-255,1484,111848,50,209802
11664,0.001981,74.125.24.0-255,2902,114750,50,209802
11665,0.001984,172.31.46.0-255,66,114816,50,209802
11666,0.001991,74.125.24.0-255,5738,120554,50,209802
11667,0.001993,172.31.46.0-255,66,120620,50,209802
11668,0.001997,74.125.24.0-255,2902,123522,50,209802
11669,0.001999,172.31.46.0-255,66,123588,50,209802
11670,0.002065,74.125.24.0-255,766,124354,50,209802
11671,0.00207,172.31.46.0-255,66,124420,50,209802
11672,0.002076,172.31.46.0-255,66,124486,50,209802
11673,0.002099,74.125.24.0-255,1484,125970,50,209802
11674,0.002104,74.125.24.0-255,4320,130290,50,209802
11675,0.002133,74.125.24.0-255,5738,136028,50,209802
11676,0.002141,74.125.24.0-255,7156,143184,50,209802
11677,0.002156,74.125.24.0-255,766,143950,50,209802
11678,0.00217,172.31.46.0-255,66,144016,50,209802
11679,0.002229,74.125.24.0-255,1484,145500,50,209802
11680,0.002234,74.125.24.0-255,2902,148402,50,209802
11681,0.002239,172.31.46.0-255,66,148468,50,209802
11682,0.002269,74.125.24.0-255,5738,154206,50,209802
11683,0.002299,172.31.46.0-255,66,154272,50,209802
11684,0.002344,74.125.24.0-255,1484,155756,50,209802
11685,0.002365,172.31.46.0-255,66,155822,50,209802
11686,0.004649,74.125.24.0-255,5738,161560,50,209802
11687,0.004656,172.31.46.0-255,66,161626,50,209802
11688,0.00694,74.125.24.0-255,5738,167364,50,209802
11689,0.006948,172.31.46.0-255,66,167430,50,209802
11690,0.009255,74.125.24.0-255,4320,171750,50,209802
11691,0.009258,172.31.46.0-255,66,171816,50,209802
11692,0.00928,74.125.24.0-255,1484,173300,50,209802
11693,0.011531,74.125.24.0-255,4320,177620,50,209802
11694,0.011538,172.31.46.0-255,66,177686,50,209802
11695,0.013863,74.125.24.0-255,5738,183424,50,209802
11696,0.013871,172.31.46.0-255,66,183490,50,209802
11697,0.016193,74.125.24.0-255,5738,189228,50,209802
11698,0.016206,172.31.46.0-255,66,189294,50,209802
11699,0.018523,74.125.24.0-255,5738,195032,50,209802
11700,0.018533,172.31.46.0-255,66,195098,50,209802
11701,0.020827,74.125.24.0-255,5738,200836,50,209802
11702,0.020836,172.31.46.0-255,66,200902,50,209802
11703,0.023152,74.125.24.0-255,5738,206640,50,209802
11704,0.023161,172.31.46.0-255,66,206706,50,209802
11705,0.025489,74.125.24.0-255,2859,209565,50,209802
11706,0.025499,172.31.46.0-255,66,209631,50,209802
11707,0.025697,172.31.46.0-255,105,209736,50,209802
11708,0.027968,74.125.24.0-255,66,209802,50,209802
11709,0.0,74.125.24.0-255,146,146,50,131897
11710,1.5e-05,172.31.46.0-255,66,212,50,131897
11711,2.1e-05,74.125.24.0-255,1484,1696,50,131897
11712,2.6e-05,172.31.46.0-255,66,1762,50,131897
11713,3.1e-05,74.125.24.0-255,2902,4664,50,131897
11714,3.5e-05,172.31.46.0-255,66,4730,50,131897
11715,6.6e-05,74.125.24.0-255,7156,11886,50,131897
11716,6.9e-05,172.31.46.0-255,66,11952,50,131897
11717,7.4e-05,74.125.24.0-255,2099,14051,50,131897
11718,7.6e-05,172.31.46.0-255,66,14117,50,131897
11719,0.000533,74.125.24.0-255,1484,15601,50,131897
11720,0.00054,172.31.46.0-255,66,15667,50,131897
11721,0.000548,74.125.24.0-255,2902,18569,50,131897
11722,0.000551,172.31.46.0-255,66,18635,50,131897
11723,0.000558,74.125.24.0-255,5738,24373,50,131897
11724,0.00056,172.31.46.0-255,66,24439,50,131897
11725,0.000584,74.125.24.0-255,2902,27341,50,131897
11726,0.000587,172.31.46.0-255,66,27407,50,131897
11727,0.000611,74.125.24.0-255,3961,31368,50,131897
11728,0.000615,172.31.46.0-255,66,31434,50,131897
11729,0.000622,74.125.24.0-255,7156,38590,50,131897
11730,0.000624,172.31.46.0-255,66,38656,50,131897
11731,0.000644,74.125.24.0-255,7156,45812,50,131897
11732,0.000647,172.31.46.0-255,66,45878,50,131897
11733,0.000667,74.125.24.0-255,2543,48421,50,131897
11734,0.00067,172.31.46.0-255,66,48487,50,131897
11735,0.003572,74.125.24.0-255,1484,49971,50,131897
11736,0.00358,172.31.46.0-255,66,50037,50,131897
11737,0.003587,74.125.24.0-255,2902,52939,50,131897
11738,0.003589,172.31.46.0-255,66,53005,50,131897
11739,0.003592,74.125.24.0-255,1484,54489,50,131897
11740,0.003595,172.31.46.0-255,66,54555,50,131897
11741,0.005638,74.125.24.0-255,5738,60293,50,131897
11742,0.005646,172.31.46.0-255,66,60359,50,131897
11743,0.007699,74.125.24.0-255,5738,66097,50,131897
11744,0.007707,172.31.46.0-255,66,66163,50,131897
11745,0.009757,74.125.24.0-255,4320,70483,50,131897
11746,0.009765,172.31.46.0-255,66,70549,50,131897
11747,0.009777,74.125.24.0-255,1484,72033,50,131897
11748,0.009779,172.31.46.0-255,66,72099,50,131897
11749,0.0118,74.125.24.0-255,4320,76419,50,131897
11750,0.011809,172.31.46.0-255,66,76485,50,131897
11751,0.011839,74.125.24.0-255,1484,77969,50,131897
11752,0.011841,172.31.46.0-255,66,78035,50,131897
11753,0.013856,74.125.24.0-255,4320,82355,50,131897
11754,0.013863,172.31.46.0-255,66,82421,50,131897
11755,0.013882,74.125.24.0-255,1484,83905,50,131897
11756,0.013884,172.31.46.0-255,66,83971,50,131897
11757,0.015906,74.125.24.0-255,4320,88291,50,131897
11758,0.015913,172.31.46.0-255,66,88357,50,131897
11759,0.015933,74.125.24.0-255,1484,89841,50,131897
11760,0.015935,172.31.46.0-255,66,89907,50,131897
11761,0.017993,74.125.24.0-255,5738,95645,50,131897
11762,0.018,172.31.46.0-255,66,95711,50,131897
11763,0.020043,74.125.24.0-255,5738,101449,50,131897
11764,0.020052,172.31.46.0-255,66,101515,50,131897
11765,0.022151,74.125.24.0-255,5738,107253,50,131897
11766,0.022158,172.31.46.0-255,66,107319,50,131897
11767,0.024235,74.125.24.0-255,5738,113057,50,131897
11768,0.024242,172.31.46.0-255,66,113123,50,131897
11769,0.02551,172.31.46.0-255,172,113295,50,131897
11770,0.025539,172.31.46.0-255,1113,114408,50,131897
11771,0.0256,172.31.46.0-255,1514,115922,50,131897
11772,0.025602,172.31.46.0-255,1514,117436,50,131897
11773,0.025606,172.31.46.0-255,1514,118950,50,131897
11774,0.025607,172.31.46.0-255,1075,120025,50,131897
11775,0.026341,74.125.24.0-255,5738,125763,50,131897
11776,0.026348,172.31.46.0-255,66,125829,50,131897
11777,0.027113,104.244.42.0-255,66,125895,50,131897
11778,0.027122,104.244.42.0-255,66,125961,50,131897
11779,0.027242,104.244.42.0-255,66,126027,50,131897
11780,0.027284,104.244.42.0-255,66,126093,50,131897
11781,0.028438,74.125.24.0-255,5738,131831,50,131897
11782,0.028446,172.31.46.0-255,66,131897,50,131897
11783,0.0,74.125.24.0-255,151,151,50,203439
11784,1.2e-05,172.31.46.0-255,66,217,50,203439
11785,1.8e-05,74.125.24.0-255,1484,1701,50,203439
11786,2.2e-05,172.31.46.0-255,66,1767,50,203439
11787,2.8e-05,74.125.24.0-255,2902,4669,50,203439
11788,4e-05,172.31.46.0-255,66,4735,50,203439
11789,4.5e-05,74.125.24.0-255,4320,9055,50,203439
11790,4.8e-05,172.31.46.0-255,66,9121,50,203439
11791,7.7e-05,74.125.24.0-255,2902,12023,50,203439
11792,7.9e-05,172.31.46.0-255,66,12089,50,203439
11793,9.6e-05,74.125.24.0-255,2081,14170,50,203439
11794,9.8e-05,172.31.46.0-255,66,14236,50,203439
11795,0.000179,74.125.24.0-255,1484,15720,50,203439
11796,0.000182,172.31.46.0-255,66,15786,50,203439
11797,0.000214,74.125.24.0-255,2902,18688,50,203439
11798,0.000217,172.31.46.0-255,66,18754,50,203439
11799,0.000223,74.125.24.0-255,5738,24492,50,203439
11800,0.000225,172.31.46.0-255,66,24558,50,203439
11801,0.000254,74.125.24.0-255,4320,28878,50,203439
11802,0.000256,172.31.46.0-255,66,28944,50,203439
11803,0.000283,74.125.24.0-255,6797,35741,50,203439
11804,0.000285,172.31.46.0-255,66,35807,50,203439
11805,0.000301,172.31.46.0-255,66,35873,50,203439
11806,0.00033,172.31.46.0-255,66,35939,50,203439
11807,0.000361,172.31.46.0-255,66,36005,50,203439
11808,0.000363,74.125.24.0-255,766,36771,50,203439
11809,0.000365,172.31.46.0-255,66,36837,50,203439
11810,0.000382,74.125.24.0-255,445,37282,50,203439
11811,0.000383,172.31.46.0-255,66,37348,50,203439
11812,0.000433,74.125.24.0-255,330,37678,50,203439
11813,0.000519,74.125.24.0-255,1484,39162,50,203439
11814,0.000522,74.125.24.0-255,1484,40646,50,203439
11815,0.000535,74.125.24.0-255,1484,42130,50,203439
11816,0.000549,74.125.24.0-255,5738,47868,50,203439
11817,0.000553,74.125.24.0-255,2902,50770,50,203439
11818,0.000566,172.31.46.0-255,66,50836,50,203439
11819,0.000571,74.125.24.0-255,2902,53738,50,203439
11820,0.000576,172.31.46.0-255,66,53804,50,203439
11821,0.000612,74.125.24.0-255,3961,57765,50,203439
11822,0.000617,74.125.24.0-255,3961,61726,50,203439
11823,0.000631,172.31.46.0-255,66,61792,50,203439
11824,0.001042,74.125.24.0-255,1484,63276,50,203439
11825,0.001055,74.125.24.0-255,2902,66178,50,203439
11826,0.001058,172.31.46.0-255,66,66244,50,203439
11827,0.001063,74.125.24.0-255,2902,69146,50,203439
11828,0.001067,172.31.46.0-255,66,69212,50,203439
11829,0.001092,74.125.24.0-255,1484,70696,50,203439
11830,0.001122,74.125.24.0-255,2902,73598,50,203439
11831,0.00113,172.31.46.0-255,66,73664,50,203439
11832,0.001178,172.31.46.0-255,66,73730,50,203439
11833,0.001636,74.125.24.0-255,1484,75214,50,203439
11834,0.001642,74.125.24.0-255,2902,78116,50,203439
11835,0.001646,172.31.46.0-255,66,78182,50,203439
11836,0.001651,74.125.24.0-255,2902,81084,50,203439
11837,0.001655,172.31.46.0-255,66,81150,50,203439
11838,0.00168,74.125.24.0-255,2902,84052,50,203439
11839,0.001692,74.125.24.0-255,7156,91208,50,203439
11840,0.001707,74.125.24.0-255,5738,96946,50,203439
11841,0.001733,172.31.46.0-255,66,97012,50,203439
11842,0.001776,172.31.46.0-255,66,97078,50,203439
11843,0.001825,172.31.46.0-255,66,97144,50,203439
11844,0.001897,74.125.24.0-255,1484,98628,50,203439
11845,0.001906,74.125.24.0-255,2902,101530,50,203439
11846,0.001912,172.31.46.0-255,66,101596,50,203439
11847,0.001934,74.125.24.0-255,5738,107334,50,203439
11848,0.001942,74.125.24.0-255,7156,114490,50,203439
11849,0.001959,74.125.24.0-255,5738,120228,50,203439
11850,0.001966,74.125.24.0-255,7156,127384,50,203439
11851,0.001979,172.31.46.0-255,66,127450,50,203439
11852,0.001985,74.125.24.0-255,3602,131052,50,203439
11853,0.002023,172.31.46.0-255,66,131118,50,203439
11854,0.002076,74.125.24.0-255,1484,132602,50,203439
11855,0.002081,74.125.24.0-255,2902,135504,50,203439
11856,0.002094,74.125.24.0-255,1484,136988,50,203439
11857,0.002108,74.125.24.0-255,4320,141308,50,203439
11858,0.002114,172.31.46.0-255,66,141374,50,203439
11859,0.002135,74.125.24.0-255,5738,147112,50,203439
11860,0.002148,74.125.24.0-255,7156,154268,50,203439
11861,0.002168,74.125.24.0-255,5738,160006,50,203439
11862,0.002197,74.125.24.0-255,2184,162190,50,203439
11863,0.002228,74.125.24.0-255,7156,169346,50,203439
11864,0.002287,74.125.24.0-255,4320,173666,50,203439
11865,0.002325,74.125.24.0-255,5738,179404,50,203439
11866,0.002385,74.125.24.0-255,4320,183724,50,203439
11867,0.002426,74.125.24.0-255,3602,187326,50,203439
11868,0.00243,74.125.24.0-255,1484,188810,50,203439
11869,0.002477,74.125.24.0-255,4320,193130,50,203439
11870,0.002484,74.125.24.0-255,5020,198150,50,203439
11871,0.002503,74.125.24.0-255,105,198255,50,203439
11872,0.002531,74.125.24.0-255,129,198384,50,203439
11873,0.002791,172.31.46.0-255,66,198450,50,203439
11874,0.007209,172.31.46.0-255,105,198555,50,203439
11875,0.007243,172.31.46.0-255,105,198660,50,203439
11876,0.007479,172.31.46.0-255,90,198750,50,203439
11877,0.007486,172.31.46.0-255,66,198816,50,203439
11878,0.009741,74.125.24.0-255,66,198882,50,203439
11879,0.00976,74.125.24.0-255,66,198948,50,203439
11880,0.009985,74.125.24.0-255,66,199014,50,203439
11881,0.010016,74.125.24.0-255,66,199080,50,203439
11882,0.010021,172.31.46.0-255,66,199146,50,203439
11883,0.028073,172.31.46.0-255,172,199318,50,203439
11884,0.028102,172.31.46.0-255,1113,200431,50,203439
11885,0.028159,172.31.46.0-255,1514,201945,50,203439
11886,0.028161,172.31.46.0-255,1296,203241,50,203439
11887,0.029619,104.244.42.0-255,66,203307,50,203439
11888,0.0298,104.244.42.0-255,66,203373,50,203439
11889,0.029816,104.244.42.0-255,66,203439,50,203439
11890,0.0,74.125.24.0-255,153,153,50,127760
11891,1.6e-05,172.31.46.0-255,66,219,50,127760
11892,2.2e-05,74.125.24.0-255,1484,1703,50,127760
11893,2.7e-05,172.31.46.0-255,66,1769,50,127760
11894,3.2e-05,74.125.24.0-255,2902,4671,50,127760
11895,3.5e-05,172.31.46.0-255,66,4737,50,127760
11896,4.2e-05,74.125.24.0-255,7156,11893,50,127760
11897,4.5e-05,172.31.46.0-255,66,11959,50,127760
11898,8.7e-05,74.125.24.0-255,2092,14051,50,127760
11899,8.9e-05,172.31.46.0-255,66,14117,50,127760
11900,0.000129,74.125.24.0-255,1484,15601,50,127760
11901,0.000131,172.31.46.0-255,66,15667,50,127760
11902,0.000148,74.125.24.0-255,1484,17151,50,127760
11903,0.000151,172.31.46.0-255,66,17217,50,127760
11904,0.000157,74.125.24.0-255,7156,24373,50,127760
11905,0.000159,172.31.46.0-255,66,24439,50,127760
11906,0.000164,74.125.24.0-255,4320,28759,50,127760
11907,0.000165,172.31.46.0-255,66,28825,50,127760
11908,0.0002,74.125.24.0-255,2543,31368,50,127760
11909,0.000203,172.31.46.0-255,66,31434,50,127760
11910,0.000942,74.125.24.0-255,1484,32918,50,127760
11911,0.000949,172.31.46.0-255,66,32984,50,127760
11912,0.000975,74.125.24.0-255,2902,35886,50,127760
11913,0.000978,172.31.46.0-255,66,35952,50,127760
11914,0.00099,74.125.24.0-255,5738,41690,50,127760
11915,0.000993,172.31.46.0-255,66,41756,50,127760
11916,0.000998,74.125.24.0-255,2902,44658,50,127760
11917,0.001,172.31.46.0-255,66,44724,50,127760
11918,0.001042,172.31.46.0-255,66,44790,50,127760
11919,0.001048,74.125.24.0-255,5738,50528,50,127760
11920,0.00105,172.31.46.0-255,66,50594,50,127760
11921,0.001083,74.125.24.0-255,4271,54865,50,127760
11922,0.001087,172.31.46.0-255,66,54931,50,127760
11923,0.003527,74.125.24.0-255,110,55041,50,127760
11924,0.003559,172.31.46.0-255,66,55107,50,127760
11925,0.003579,74.125.24.0-255,1484,56591,50,127760
11926,0.003597,74.125.24.0-255,2902,59493,50,127760
11927,0.0036,172.31.46.0-255,66,59559,50,127760
11928,0.005848,74.125.24.0-255,1484,61043,50,127760
11929,0.005899,74.125.24.0-255,4320,65363,50,127760
11930,0.005905,172.31.46.0-255,66,65429,50,127760
11931,0.008223,74.125.24.0-255,5738,71167,50,127760
11932,0.008231,172.31.46.0-255,66,71233,50,127760
11933,0.010542,74.125.24.0-255,5738,76971,50,127760
11934,0.010551,172.31.46.0-255,66,77037,50,127760
11935,0.01285,74.125.24.0-255,5738,82775,50,127760
11936,0.01286,172.31.46.0-255,66,82841,50,127760
11937,0.01516,74.125.24.0-255,5738,88579,50,127760
11938,0.015166,172.31.46.0-255,66,88645,50,127760
11939,0.017463,74.125.24.0-255,5738,94383,50,127760
11940,0.017472,172.31.46.0-255,66,94449,50,127760
11941,0.019782,74.125.24.0-255,5738,100187,50,127760
11942,0.019789,172.31.46.0-255,66,100253,50,127760
11943,0.022081,74.125.24.0-255,5738,105991,50,127760
11944,0.02209,172.31.46.0-255,66,106057,50,127760
11945,0.023185,172.31.46.0-255,172,106229,50,127760
11946,0.023218,172.31.46.0-255,1113,107342,50,127760
11947,0.023273,172.31.46.0-255,1514,108856,50,127760
11948,0.023275,172.31.46.0-255,1294,110150,50,127760
11949,0.024398,74.125.24.0-255,5738,115888,50,127760
11950,0.024406,172.31.46.0-255,66,115954,50,127760
11951,0.024723,104.244.42.0-255,66,116020,50,127760
11952,0.024777,104.244.42.0-255,66,116086,50,127760
11953,0.024795,104.244.42.0-255,66,116152,50,127760
11954,0.026713,74.125.24.0-255,5738,121890,50,127760
11955,0.026718,172.31.46.0-255,66,121956,50,127760
11956,0.029013,74.125.24.0-255,5738,127694,50,127760
11957,0.02902,172.31.46.0-255,66,127760,50,127760
11958,0.0,74.125.24.0-255,146,146,50,282802
11959,2.6e-05,172.31.46.0-255,66,212,50,282802
11960,3.4e-05,74.125.24.0-255,1484,1696,50,282802
11961,3.9e-05,172.31.46.0-255,66,1762,50,282802
11962,5.3e-05,74.125.24.0-255,2902,4664,50,282802
11963,5.6e-05,172.31.46.0-255,66,4730,50,282802
11964,6.1e-05,74.125.24.0-255,2902,7632,50,282802
11965,6.4e-05,172.31.46.0-255,66,7698,50,282802
11966,7e-05,74.125.24.0-255,4320,12018,50,282802
11967,7.3e-05,172.31.46.0-255,66,12084,50,282802
11968,7.6e-05,74.125.24.0-255,1484,13568,50,282802
11969,7.9e-05,172.31.46.0-255,66,13634,50,282802
11970,0.000125,172.31.46.0-255,66,13700,50,282802
11971,0.000136,172.31.46.0-255,66,13766,50,282802
11972,0.000243,74.125.24.0-255,1484,15250,50,282802
11973,0.000246,172.31.46.0-255,66,15316,50,282802
11974,0.000264,74.125.24.0-255,2902,18218,50,282802
11975,0.000267,172.31.46.0-255,66,18284,50,282802
11976,0.00027,74.125.24.0-255,1484,19768,50,282802
11977,0.000272,172.31.46.0-255,66,19834,50,282802
11978,0.000297,74.125.24.0-255,4320,24154,50,282802
11979,0.000306,172.31.46.0-255,66,24220,50,282802
11980,0.000311,74.125.24.0-255,2902,27122,50,282802
11981,0.000313,172.31.46.0-255,66,27188,50,282802
11982,0.000352,172.31.46.0-255,66,27254,50,282802
11983,0.000379,74.125.24.0-255,1125,28379,50,282802
11984,0.000381,172.31.46.0-255,66,28445,50,282802
11985,0.000387,74.125.24.0-255,4320,32765,50,282802
11986,0.00039,172.31.46.0-255,66,32831,50,282802
11987,0.000401,74.125.24.0-255,5686,38517,50,282802
11988,0.000404,172.31.46.0-255,66,38583,50,282802
11989,0.000967,74.125.24.0-255,348,38931,50,282802
11990,0.000972,172.31.46.0-255,66,38997,50,282802
11991,0.001002,74.125.24.0-255,1484,40481,50,282802
11992,0.001004,172.31.46.0-255,66,40547,50,282802
11993,0.001034,74.125.24.0-255,4320,44867,50,282802
11994,0.001037,172.31.46.0-255,66,44933,50,282802
11995,0.001045,74.125.24.0-255,7156,52089,50,282802
11996,0.001047,172.31.46.0-255,66,52155,50,282802
11997,0.001074,74.125.24.0-255,2902,55057,50,282802
11998,0.001077,172.31.46.0-255,66,55123,50,282802
11999,0.001083,74.125.24.0-255,4320,59443,50,282802
12000,0.001085,172.31.46.0-255,66,59509,50,282802
12001,0.001121,172.31.46.0-255,66,59575,50,282802
12002,0.001151,74.125.24.0-255,3602,63177,50,282802
12003,0.001168,172.31.46.0-255,66,63243,50,282802
12004,0.001232,74.125.24.0-255,1484,64727,50,282802
12005,0.001238,74.125.24.0-255,2902,67629,50,282802
12006,0.001243,74.125.24.0-255,4320,71949,50,282802
12007,0.001252,172.31.46.0-255,66,72015,50,282802
12008,0.001271,74.125.24.0-255,1484,73499,50,282802
12009,0.001277,74.125.24.0-255,4320,77819,50,282802
12010,0.001306,172.31.46.0-255,66,77885,50,282802
12011,0.00131,74.125.24.0-255,1484,79369,50,282802
12012,0.001315,74.125.24.0-255,4320,83689,50,282802
12013,0.001352,172.31.46.0-255,66,83755,50,282802
12014,0.001358,74.125.24.0-255,3602,87357,50,282802
12015,0.001383,172.31.46.0-255,66,87423,50,282802
12016,0.001408,74.125.24.0-255,1484,88907,50,282802
12017,0.001442,74.125.24.0-255,1484,90391,50,282802
12018,0.001454,74.125.24.0-255,1484,91875,50,282802
12019,0.00146,74.125.24.0-255,5738,97613,50,282802
12020,0.001478,74.125.24.0-255,4320,101933,50,282802
12021,0.001495,74.125.24.0-255,4320,106253,50,282802
12022,0.001506,172.31.46.0-255,66,106319,50,282802
12023,0.001514,74.125.24.0-255,2184,108503,50,282802
12024,0.00152,172.31.46.0-255,66,108569,50,282802
12025,0.001849,74.125.24.0-255,1484,110053,50,282802
12026,0.001855,74.125.24.0-255,2902,112955,50,282802
12027,0.001859,172.31.46.0-255,66,113021,50,282802
12028,0.001863,74.125.24.0-255,1484,114505,50,282802
12029,0.00189,74.125.24.0-255,4320,118825,50,282802
12030,0.001897,74.125.24.0-255,7156,125981,50,282802
12031,0.001904,172.31.46.0-255,66,126047,50,282802
12032,0.00193,74.125.24.0-255,5738,131785,50,282802
12033,0.001956,172.31.46.0-255,66,131851,50,282802
12034,0.00204,74.125.24.0-255,1484,133335,50,282802
12035,0.002047,74.125.24.0-255,1484,134819,50,282802
12036,0.002065,74.125.24.0-255,1484,136303,50,282802
12037,0.002087,74.125.24.0-255,5738,142041,50,282802
12038,0.002104,74.125.24.0-255,4320,146361,50,282802
12039,0.002124,74.125.24.0-255,2902,149263,50,282802
12040,0.002128,74.125.24.0-255,1484,150747,50,282802
12041,0.002148,74.125.24.0-255,7156,157903,50,282802
12042,0.00217,74.125.24.0-255,4320,162223,50,282802
12043,0.002255,74.125.24.0-255,5020,167243,50,282802
12044,0.002299,74.125.24.0-255,1484,168727,50,282802
12045,0.002318,74.125.24.0-255,2902,171629,50,282802
12046,0.002338,74.125.24.0-255,2902,174531,50,282802
12047,0.002346,74.125.24.0-255,7156,181687,50,282802
12048,0.002363,74.125.24.0-255,1484,183171,50,282802
12049,0.002406,74.125.24.0-255,3602,186773,50,282802
12050,0.00246,74.125.24.0-255,1484,188257,50,282802
12051,0.002466,74.125.24.0-255,2902,191159,50,282802
12052,0.002482,74.125.24.0-255,5738,196897,50,282802
12053,0.002494,74.125.24.0-255,2902,199799,50,282802
12054,0.002506,74.125.24.0-255,1484,201283,50,282802
12055,0.002508,74.125.24.0-255,1484,202767,50,282802
12056,0.002578,74.125.24.0-255,3602,206369,50,282802
12057,0.002584,74.125.24.0-255,4320,210689,50,282802
12058,0.002589,74.125.24.0-255,4320,215009,50,282802
12059,0.002592,74.125.24.0-255,1484,216493,50,282802
12060,0.002609,74.125.24.0-255,1484,217977,50,282802
12061,0.002628,74.125.24.0-255,4320,222297,50,282802
12062,0.002649,74.125.24.0-255,4320,226617,50,282802
12063,0.002666,74.125.24.0-255,5738,232355,50,282802
12064,0.002681,74.125.24.0-255,4320,236675,50,282802
12065,0.002683,74.125.24.0-255,1484,238159,50,282802
12066,0.002704,74.125.24.0-255,2184,240343,50,282802
12067,0.002733,74.125.24.0-255,4320,244663,50,282802
12068,0.00275,74.125.24.0-255,1484,246147,50,282802
12069,0.002753,74.125.24.0-255,1484,247631,50,282802
12070,0.002767,74.125.24.0-255,1484,249115,50,282802
12071,0.002782,74.125.24.0-255,5738,254853,50,282802
12072,0.002809,74.125.24.0-255,1484,256337,50,282802
12073,0.002814,74.125.24.0-255,2902,259239,50,282802
12074,0.002825,74.125.24.0-255,1484,260723,50,282802
12075,0.002839,74.125.24.0-255,4320,265043,50,282802
12076,0.002842,74.125.24.0-255,1484,266527,50,282802
12077,0.002856,74.125.24.0-255,1484,268011,50,282802
12078,0.002882,74.125.24.0-255,2902,270913,50,282802
12079,0.002896,74.125.24.0-255,1484,272397,50,282802
12080,0.002898,74.125.24.0-255,1484,273881,50,282802
12081,0.002901,74.125.24.0-255,766,274647,50,282802
12082,0.002958,74.125.24.0-255,1484,276131,50,282802
12083,0.002961,74.125.24.0-255,1484,277615,50,282802
12084,0.002976,74.125.24.0-255,1484,279099,50,282802
12085,0.00299,74.125.24.0-255,1484,280583,50,282802
12086,0.003008,74.125.24.0-255,1877,282460,50,282802
12087,0.003061,74.125.24.0-255,105,282565,50,282802
12088,0.006369,172.31.46.0-255,66,282631,50,282802
12089,0.00928,172.31.46.0-255,105,282736,50,282802
12090,0.011761,74.125.24.0-255,66,282802,50,282802
12091,0.0,74.125.130.0-255,146,146,50,218863
12092,1.6e-05,172.31.46.0-255,66,212,50,218863
12093,2.3e-05,74.125.130.0-255,1484,1696,50,218863
12094,2.8e-05,172.31.46.0-255,66,1762,50,218863
12095,3.4e-05,74.125.130.0-255,2902,4664,50,218863
12096,3.7e-05,172.31.46.0-255,66,4730,50,218863
12097,6e-05,74.125.130.0-255,4320,9050,50,218863
12098,6.4e-05,172.31.46.0-255,66,9116,50,218863
12099,8.8e-05,74.125.130.0-255,4875,13991,50,218863
12100,9.1e-05,172.31.46.0-255,66,14057,50,218863
12101,0.00011,74.125.130.0-255,2902,16959,50,218863
12102,0.000112,172.31.46.0-255,66,17025,50,218863
12103,0.000126,74.125.130.0-255,2902,19927,50,218863
12104,0.000128,172.31.46.0-255,66,19993,50,218863
12105,0.000132,74.125.130.0-255,2902,22895,50,218863
12106,0.000135,172.31.46.0-255,66,22961,50,218863
12107,0.000156,74.125.130.0-255,2902,25863,50,218863
12108,0.000159,172.31.46.0-255,66,25929,50,218863
12109,0.000196,74.125.130.0-255,5379,31308,50,218863
12110,0.000199,172.31.46.0-255,66,31374,50,218863
12111,0.00025,74.125.130.0-255,1484,32858,50,218863
12112,0.000253,172.31.46.0-255,66,32924,50,218863
12113,0.000257,74.125.130.0-255,1484,34408,50,218863
12114,0.000259,172.31.46.0-255,66,34474,50,218863
12115,0.000276,74.125.130.0-255,1484,35958,50,218863
12116,0.000278,172.31.46.0-255,66,36024,50,218863
12117,0.000285,74.125.130.0-255,5738,41762,50,218863
12118,0.000288,172.31.46.0-255,66,41828,50,218863
12119,0.000292,74.125.130.0-255,4320,46148,50,218863
12120,0.000295,172.31.46.0-255,66,46214,50,218863
12121,0.000315,74.125.130.0-255,4320,50534,50,218863
12122,0.000317,172.31.46.0-255,66,50600,50,218863
12123,0.000339,172.31.46.0-255,66,50666,50,218863
12124,0.000346,74.125.130.0-255,7051,57717,50,218863
12125,0.000348,172.31.46.0-255,66,57783,50,218863
12126,0.000427,74.125.130.0-255,121,57904,50,218863
12127,0.000431,172.31.46.0-255,66,57970,50,218863
12128,0.000635,74.125.130.0-255,1484,59454,50,218863
12129,0.00064,74.125.130.0-255,2902,62356,50,218863
12130,0.000645,172.31.46.0-255,66,62422,50,218863
12131,0.000649,172.31.46.0-255,66,62488,50,218863
12132,0.000659,74.125.130.0-255,2902,65390,50,218863
12133,0.000662,172.31.46.0-255,66,65456,50,218863
12134,0.000683,74.125.130.0-255,2902,68358,50,218863
12135,0.000685,172.31.46.0-255,66,68424,50,218863
12136,0.000708,74.125.130.0-255,1484,69908,50,218863
12137,0.000711,172.31.46.0-255,66,69974,50,218863
12138,0.000717,74.125.130.0-255,1484,71458,50,218863
12139,0.000719,172.31.46.0-255,66,71524,50,218863
12140,0.000748,172.31.46.0-255,66,71590,50,218863
12141,0.000758,172.31.46.0-255,66,71656,50,218863
12142,0.001159,74.125.130.0-255,1484,73140,50,218863
12143,0.001163,172.31.46.0-255,66,73206,50,218863
12144,0.001168,74.125.130.0-255,2902,76108,50,218863
12145,0.00117,172.31.46.0-255,66,76174,50,218863
12146,0.001192,74.125.130.0-255,1484,77658,50,218863
12147,0.001194,172.31.46.0-255,66,77724,50,218863
12148,0.001214,74.125.130.0-255,2902,80626,50,218863
12149,0.001216,172.31.46.0-255,66,80692,50,218863
12150,0.001262,74.125.130.0-255,2902,83594,50,218863
12151,0.001265,172.31.46.0-255,66,83660,50,218863
12152,0.00127,74.125.130.0-255,4320,87980,50,218863
12153,0.001272,172.31.46.0-255,66,88046,50,218863
12154,0.001301,74.125.130.0-255,4320,92366,50,218863
12155,0.001304,172.31.46.0-255,66,92432,50,218863
12156,0.001324,74.125.130.0-255,2902,95334,50,218863
12157,0.001326,172.31.46.0-255,66,95400,50,218863
12158,0.001335,172.31.46.0-255,66,95466,50,218863
12159,0.001338,74.125.130.0-255,2184,97650,50,218863
12160,0.00134,172.31.46.0-255,66,97716,50,218863
12161,0.001443,74.125.130.0-255,1484,99200,50,218863
12162,0.001446,172.31.46.0-255,66,99266,50,218863
12163,0.001463,74.125.130.0-255,2902,102168,50,218863
12164,0.001465,172.31.46.0-255,66,102234,50,218863
12165,0.00149,74.125.130.0-255,5738,107972,50,218863
12166,0.001493,172.31.46.0-255,66,108038,50,218863
12167,0.001537,172.31.46.0-255,66,108104,50,218863
12168,0.001558,74.125.130.0-255,7156,115260,50,218863
12169,0.00156,172.31.46.0-255,66,115326,50,218863
12170,0.001574,74.125.130.0-255,3602,118928,50,218863
12171,0.001576,172.31.46.0-255,66,118994,50,218863
12172,0.00184,74.125.130.0-255,1484,120478,50,218863
12173,0.001843,172.31.46.0-255,66,120544,50,218863
12174,0.001858,74.125.130.0-255,2902,123446,50,218863
12175,0.00186,172.31.46.0-255,66,123512,50,218863
12176,0.001864,74.125.130.0-255,2902,126414,50,218863
12177,0.001865,172.31.46.0-255,66,126480,50,218863
12178,0.00187,74.125.130.0-255,4320,130800,50,218863
12179,0.001872,172.31.46.0-255,66,130866,50,218863
12180,0.001897,74.125.130.0-255,2902,133768,50,218863
12181,0.001899,172.31.46.0-255,66,133834,50,218863
12182,0.001903,74.125.130.0-255,2902,136736,50,218863
12183,0.001905,172.31.46.0-255,66,136802,50,218863
12184,0.001921,74.125.130.0-255,5738,142540,50,218863
12185,0.001924,74.125.130.0-255,1484,144024,50,218863
12186,0.001928,172.31.46.0-255,66,144090,50,218863
12187,0.001944,74.125.130.0-255,766,144856,50,218863
12188,0.001966,172.31.46.0-255,66,144922,50,218863
12189,0.004226,74.125.130.0-255,5738,150660,50,218863
12190,0.004235,172.31.46.0-255,66,150726,50,218863
12191,0.006511,74.125.130.0-255,5738,156464,50,218863
12192,0.006515,172.31.46.0-255,66,156530,50,218863
12193,0.00878,74.125.130.0-255,5738,162268,50,218863
12194,0.008787,172.31.46.0-255,66,162334,50,218863
12195,0.01106,74.125.130.0-255,5738,168072,50,218863
12196,0.011068,172.31.46.0-255,66,168138,50,218863
12197,0.013337,74.125.130.0-255,5738,173876,50,218863
12198,0.013344,172.31.46.0-255,66,173942,50,218863
12199,0.015618,74.125.130.0-255,5738,179680,50,218863
12200,0.015625,172.31.46.0-255,66,179746,50,218863
12201,0.017907,74.125.130.0-255,5738,185484,50,218863
12202,0.017922,172.31.46.0-255,66,185550,50,218863
12203,0.020189,74.125.130.0-255,5738,191288,50,218863
12204,0.020198,172.31.46.0-255,66,191354,50,218863
12205,0.02249,74.125.130.0-255,5738,197092,50,218863
12206,0.022499,172.31.46.0-255,66,197158,50,218863
12207,0.024768,74.125.130.0-255,5738,202896,50,218863
12208,0.024777,172.31.46.0-255,66,202962,50,218863
12209,0.026896,172.31.46.0-255,172,203134,50,218863
12210,0.026928,172.31.46.0-255,1113,204247,50,218863
12211,0.02699,172.31.46.0-255,1514,205761,50,218863
12212,0.026992,172.31.46.0-255,1296,207057,50,218863
12213,0.027189,74.125.130.0-255,5738,212795,50,218863
12214,0.027196,172.31.46.0-255,66,212861,50,218863
12215,0.028434,104.244.42.0-255,66,212927,50,218863
12216,0.028441,104.244.42.0-255,66,212993,50,218863
12217,0.028544,104.244.42.0-255,66,213059,50,218863
12218,0.029483,74.125.130.0-255,5738,218797,50,218863
12219,0.029489,172.31.46.0-255,66,218863,50,218863
12220,0.0,74.125.200.0-255,159,159,50,173603
12221,2.4e-05,172.31.46.0-255,66,225,50,173603
12222,3.2e-05,74.125.200.0-255,1484,1709,50,173603
12223,3.7e-05,172.31.46.0-255,66,1775,50,173603
12224,5e-05,74.125.200.0-255,2902,4677,50,173603
12225,5.4e-05,172.31.46.0-255,66,4743,50,173603
12226,5.8e-05,74.125.200.0-255,1484,6227,50,173603
12227,6.1e-05,172.31.46.0-255,66,6293,50,173603
12228,6.6e-05,74.125.200.0-255,2902,9195,50,173603
12229,6.9e-05,172.31.46.0-255,66,9261,50,173603
12230,0.000106,74.125.200.0-255,4890,14151,50,173603
12231,0.000109,172.31.46.0-255,66,14217,50,173603
12232,0.000215,74.125.200.0-255,1484,15701,50,173603
12233,0.000218,172.31.46.0-255,66,15767,50,173603
12234,0.000223,74.125.200.0-255,2902,18669,50,173603
12235,0.000226,172.31.46.0-255,66,18735,50,173603
12236,0.000255,74.125.200.0-255,4320,23055,50,173603
12237,0.000258,172.31.46.0-255,66,23121,50,173603
12238,0.000265,74.125.200.0-255,5738,28859,50,173603
12239,0.000267,172.31.46.0-255,66,28925,50,173603
12240,0.000289,74.125.200.0-255,1484,30409,50,173603
12241,0.000291,172.31.46.0-255,66,30475,50,173603
12242,0.000321,74.125.200.0-255,6797,37272,50,173603
12243,0.000324,172.31.46.0-255,66,37338,50,173603
12244,0.00034,172.31.46.0-255,66,37404,50,173603
12245,0.000344,74.125.200.0-255,2902,40306,50,173603
12246,0.000346,172.31.46.0-255,66,40372,50,173603
12247,0.000376,74.125.200.0-255,7156,47528,50,173603
12248,0.000379,172.31.46.0-255,66,47594,50,173603
12249,0.000409,74.125.200.0-255,7156,54750,50,173603
12250,0.000412,172.31.46.0-255,66,54816,50,173603
12251,0.000438,74.125.200.0-255,2512,57328,50,173603
12252,0.00044,172.31.46.0-255,66,57394,50,173603
12253,0.001396,74.125.200.0-255,114,57508,50,173603
12254,0.001514,74.125.200.0-255,1484,58992,50,173603
12255,0.00152,172.31.46.0-255,66,59058,50,173603
12256,0.001527,74.125.200.0-255,2902,61960,50,173603
12257,0.001529,172.31.46.0-255,66,62026,50,173603
12258,0.001532,74.125.200.0-255,1484,63510,50,173603
12259,0.001569,74.125.200.0-255,4320,67830,50,173603
12260,0.001571,172.31.46.0-255,66,67896,50,173603
12261,0.001577,74.125.200.0-255,4320,72216,50,173603
12262,0.001579,172.31.46.0-255,66,72282,50,173603
12263,0.00159,74.125.200.0-255,5738,78020,50,173603
12264,0.001592,172.31.46.0-255,66,78086,50,173603
12265,0.001597,74.125.200.0-255,2902,80988,50,173603
12266,0.001601,172.31.46.0-255,66,81054,50,173603
12267,0.001643,172.31.46.0-255,66,81120,50,173603
12268,0.001647,74.125.200.0-255,2184,83304,50,173603
12269,0.001649,172.31.46.0-255,66,83370,50,173603
12270,0.001652,74.125.200.0-255,331,83701,50,173603
12271,0.00169,74.125.200.0-255,1484,85185,50,173603
12272,0.001693,172.31.46.0-255,66,85251,50,173603
12273,0.001711,74.125.200.0-255,4320,89571,50,173603
12274,0.001713,172.31.46.0-255,66,89637,50,173603
12275,0.001743,74.125.200.0-255,5738,95375,50,173603
12276,0.001745,172.31.46.0-255,66,95441,50,173603
12277,0.001783,172.31.46.0-255,66,95507,50,173603
12278,0.001819,172.31.46.0-255,66,95573,50,173603
12279,0.001822,74.125.200.0-255,766,96339,50,173603
12280,0.002298,74.125.200.0-255,1484,97823,50,173603
12281,0.002304,172.31.46.0-255,66,97889,50,173603
12282,0.004109,74.125.200.0-255,2902,100791,50,173603
12283,0.004111,172.31.46.0-255,66,100857,50,173603
12284,0.004582,74.125.200.0-255,2902,103759,50,173603
12285,0.004584,172.31.46.0-255,66,103825,50,173603
12286,0.006415,74.125.200.0-255,2902,106727,50,173603
12287,0.006429,172.31.46.0-255,66,106793,50,173603
12288,0.00689,74.125.200.0-255,2902,109695,50,173603
12289,0.006895,172.31.46.0-255,66,109761,50,173603
12290,0.008712,74.125.200.0-255,2902,112663,50,173603
12291,0.008719,172.31.46.0-255,66,112729,50,173603
12292,0.009176,74.125.200.0-255,2902,115631,50,173603
12293,0.009183,172.31.46.0-255,66,115697,50,173603
12294,0.011002,74.125.200.0-255,2902,118599,50,173603
12295,0.011009,172.31.46.0-255,66,118665,50,173603
12296,0.011472,74.125.200.0-255,2902,121567,50,173603
12297,0.011478,172.31.46.0-255,66,121633,50,173603
12298,0.013356,74.125.200.0-255,2902,124535,50,173603
12299,0.013364,172.31.46.0-255,66,124601,50,173603
12300,0.013794,74.125.200.0-255,2902,127503,50,173603
12301,0.0138,172.31.46.0-255,66,127569,50,173603
12302,0.015651,74.125.200.0-255,2902,130471,50,173603
12303,0.015657,172.31.46.0-255,66,130537,50,173603
12304,0.016107,74.125.200.0-255,2902,133439,50,173603
12305,0.016113,172.31.46.0-255,66,133505,50,173603
12306,0.017931,74.125.200.0-255,2902,136407,50,173603
12307,0.017937,172.31.46.0-255,66,136473,50,173603
12308,0.018386,74.125.200.0-255,2902,139375,50,173603
12309,0.018393,172.31.46.0-255,66,139441,50,173603
12310,0.020219,74.125.200.0-255,2902,142343,50,173603
12311,0.020227,172.31.46.0-255,66,142409,50,173603
12312,0.020674,74.125.200.0-255,2902,145311,50,173603
12313,0.020681,172.31.46.0-255,66,145377,50,173603
12314,0.022508,74.125.200.0-255,2902,148279,50,173603
12315,0.022514,172.31.46.0-255,66,148345,50,173603
12316,0.022956,74.125.200.0-255,2902,151247,50,173603
12317,0.022962,172.31.46.0-255,66,151313,50,173603
12318,0.024798,74.125.200.0-255,2902,154215,50,173603
12319,0.024804,172.31.46.0-255,66,154281,50,173603
12320,0.025245,74.125.200.0-255,2902,157183,50,173603
12321,0.025252,172.31.46.0-255,66,157249,50,173603
12322,0.025696,172.31.46.0-255,189,157438,50,173603
12323,0.025724,172.31.46.0-255,921,158359,50,173603
12324,0.025784,172.31.46.0-255,1514,159873,50,173603
12325,0.025809,172.31.46.0-255,1486,161359,50,173603
12326,0.027085,74.125.200.0-255,2902,164261,50,173603
12327,0.027092,172.31.46.0-255,66,164327,50,173603
12328,0.027247,104.244.42.0-255,66,164393,50,173603
12329,0.027295,104.244.42.0-255,66,164459,50,173603
12330,0.027347,104.244.42.0-255,66,164525,50,173603
12331,0.027523,74.125.200.0-255,2902,167427,50,173603
12332,0.02753,172.31.46.0-255,66,167493,50,173603
12333,0.028104,104.244.42.0-255,108,167601,50,173603
12334,0.028113,172.31.46.0-255,66,167667,50,173603
12335,0.029379,74.125.200.0-255,2902,170569,50,173603
12336,0.029384,172.31.46.0-255,66,170635,50,173603
12337,0.029816,74.125.200.0-255,2902,173537,50,173603
12338,0.029823,172.31.46.0-255,66,173603,50,173603
12339,0.0,74.125.130.0-255,298,298,50,253159
12340,1.4e-05,172.31.46.0-255,66,364,50,253159
12341,2e-05,74.125.130.0-255,1484,1848,50,253159
12342,2.4e-05,172.31.46.0-255,66,1914,50,253159
12343,3.9e-05,74.125.130.0-255,1484,3398,50,253159
12344,4.2e-05,172.31.46.0-255,66,3464,50,253159
12345,6e-05,74.125.130.0-255,1484,4948,50,253159
12346,6.2e-05,172.31.46.0-255,66,5014,50,253159
12347,6.8e-05,74.125.130.0-255,2902,7916,50,253159
12348,7.1e-05,172.31.46.0-255,66,7982,50,253159
12349,9.9e-05,74.125.130.0-255,4320,12302,50,253159
12350,0.000101,172.31.46.0-255,66,12368,50,253159
12351,0.000121,74.125.130.0-255,1920,14288,50,253159
12352,0.000123,172.31.46.0-255,66,14354,50,253159
12353,0.000172,74.125.130.0-255,1484,15838,50,253159
12354,0.000175,172.31.46.0-255,66,15904,50,253159
12355,0.00018,74.125.130.0-255,2902,18806,50,253159
12356,0.000182,172.31.46.0-255,66,18872,50,253159
12357,0.000225,74.125.130.0-255,4320,23192,50,253159
12358,0.000228,172.31.46.0-255,66,23258,50,253159
12359,0.000269,74.125.130.0-255,5738,28996,50,253159
12360,0.000272,172.31.46.0-255,66,29062,50,253159
12361,0.000276,74.125.130.0-255,2543,31605,50,253159
12362,0.000278,172.31.46.0-255,66,31671,50,253159
12363,0.000389,74.125.130.0-255,1484,33155,50,253159
12364,0.000392,172.31.46.0-255,66,33221,50,253159
12365,0.000406,74.125.130.0-255,2902,36123,50,253159
12366,0.000409,172.31.46.0-255,66,36189,50,253159
12367,0.000412,74.125.130.0-255,1484,37673,50,253159
12368,0.000414,172.31.46.0-255,66,37739,50,253159
12369,0.000438,74.125.130.0-255,2902,40641,50,253159
12370,0.000441,172.31.46.0-255,66,40707,50,253159
12371,0.000446,74.125.130.0-255,2902,43609,50,253159
12372,0.00046,74.125.130.0-255,2902,46511,50,253159
12373,0.000468,172.31.46.0-255,66,46577,50,253159
12374,0.000478,74.125.130.0-255,2543,49120,50,253159
12375,0.000482,74.125.130.0-255,2902,52022,50,253159
12376,0.000515,74.125.130.0-255,2902,54924,50,253159
12377,0.000523,172.31.46.0-255,66,54990,50,253159
12378,0.000533,74.125.130.0-255,2902,57892,50,253159
12379,0.000549,74.125.130.0-255,5738,63630,50,253159
12380,0.000566,74.125.130.0-255,1484,65114,50,253159
12381,0.000568,74.125.130.0-255,1125,66239,50,253159
12382,0.000581,172.31.46.0-255,66,66305,50,253159
12383,0.000643,74.125.130.0-255,379,66684,50,253159
12384,0.000753,74.125.130.0-255,1484,68168,50,253159
12385,0.000765,172.31.46.0-255,66,68234,50,253159
12386,0.0008,74.125.130.0-255,1484,69718,50,253159
12387,0.000821,74.125.130.0-255,2902,72620,50,253159
12388,0.000829,74.125.130.0-255,5738,78358,50,253159
12389,0.000835,74.125.130.0-255,4320,82678,50,253159
12390,0.000847,172.31.46.0-255,66,82744,50,253159
12391,0.000859,74.125.130.0-255,5738,88482,50,253159
12392,0.000865,172.31.46.0-255,66,88548,50,253159
12393,0.000882,74.125.130.0-255,1484,90032,50,253159
12394,0.000893,74.125.130.0-255,1484,91516,50,253159
12395,0.000901,172.31.46.0-255,66,91582,50,253159
12396,0.000916,74.125.130.0-255,5738,97320,50,253159
12397,0.000919,74.125.130.0-255,1484,98804,50,253159
12398,0.00094,74.125.130.0-255,2482,101286,50,253159
12399,0.000943,172.31.46.0-255,66,101352,50,253159
12400,0.00095,172.31.46.0-255,66,101418,50,253159
12401,0.001324,74.125.130.0-255,1484,102902,50,253159
12402,0.001339,74.125.130.0-255,2902,105804,50,253159
12403,0.001343,172.31.46.0-255,66,105870,50,253159
12404,0.001355,74.125.130.0-255,2902,108772,50,253159
12405,0.001364,172.31.46.0-255,66,108838,50,253159
12406,0.001373,74.125.130.0-255,2902,111740,50,253159
12407,0.001378,172.31.46.0-255,66,111806,50,253159
12408,0.0014,74.125.130.0-255,2902,114708,50,253159
12409,0.001437,172.31.46.0-255,66,114774,50,253159
12410,0.00145,74.125.130.0-255,4320,119094,50,253159
12411,0.001478,172.31.46.0-255,66,119160,50,253159
12412,0.001497,74.125.130.0-255,2902,122062,50,253159
12413,0.001513,74.125.130.0-255,5020,127082,50,253159
12414,0.001516,172.31.46.0-255,66,127148,50,253159
12415,0.001521,172.31.46.0-255,66,127214,50,253159
12416,0.001564,74.125.130.0-255,1484,128698,50,253159
12417,0.001568,74.125.130.0-255,1484,130182,50,253159
12418,0.00158,74.125.130.0-255,1484,131666,50,253159
12419,0.001591,172.31.46.0-255,66,131732,50,253159
12420,0.001604,74.125.130.0-255,5738,137470,50,253159
12421,0.001608,74.125.130.0-255,2902,140372,50,253159
12422,0.001626,74.125.130.0-255,4320,144692,50,253159
12423,0.001634,172.31.46.0-255,66,144758,50,253159
12424,0.00167,172.31.46.0-255,66,144824,50,253159
12425,0.001687,74.125.130.0-255,1484,146308,50,253159
12426,0.001706,74.125.130.0-255,3602,149910,50,253159
12427,0.001712,172.31.46.0-255,66,149976,50,253159
12428,0.00191,74.125.130.0-255,1484,151460,50,253159
12429,0.001942,74.125.130.0-255,2902,154362,50,253159
12430,0.001954,74.125.130.0-255,1484,155846,50,253159
12431,0.001959,74.125.130.0-255,2902,158748,50,253159
12432,0.001966,172.31.46.0-255,66,158814,50,253159
12433,0.001976,74.125.130.0-255,5738,164552,50,253159
12434,0.001991,172.31.46.0-255,66,164618,50,253159
12435,0.001998,74.125.130.0-255,5738,170356,50,253159
12436,0.002023,74.125.130.0-255,1484,171840,50,253159
12437,0.002035,172.31.46.0-255,66,171906,50,253159
12438,0.004043,74.125.130.0-255,5738,177644,50,253159
12439,0.00405,172.31.46.0-255,66,177710,50,253159
12440,0.006048,74.125.130.0-255,2902,180612,50,253159
12441,0.006053,172.31.46.0-255,66,180678,50,253159
12442,0.006072,74.125.130.0-255,2902,183580,50,253159
12443,0.006088,172.31.46.0-255,66,183646,50,253159
12444,0.008052,74.125.130.0-255,2902,186548,50,253159
12445,0.008057,172.31.46.0-255,66,186614,50,253159
12446,0.008078,74.125.130.0-255,2902,189516,50,253159
12447,0.008094,172.31.46.0-255,66,189582,50,253159
12448,0.010051,74.125.130.0-255,2902,192484,50,253159
12449,0.010059,172.31.46.0-255,66,192550,50,253159
12450,0.010083,74.125.130.0-255,2902,195452,50,253159
12451,0.010101,172.31.46.0-255,66,195518,50,253159
12452,0.01206,74.125.130.0-255,2902,198420,50,253159
12453,0.012067,172.31.46.0-255,66,198486,50,253159
12454,0.012102,74.125.130.0-255,2902,201388,50,253159
12455,0.01212,172.31.46.0-255,66,201454,50,253159
12456,0.014065,74.125.130.0-255,2902,204356,50,253159
12457,0.014073,172.31.46.0-255,66,204422,50,253159
12458,0.014092,74.125.130.0-255,1484,205906,50,253159
12459,0.01412,74.125.130.0-255,1484,207390,50,253159
12460,0.014179,172.31.46.0-255,66,207456,50,253159
12461,0.016076,74.125.130.0-255,2902,210358,50,253159
12462,0.016084,172.31.46.0-255,66,210424,50,253159
12463,0.016174,74.125.130.0-255,2902,213326,50,253159
12464,0.016178,172.31.46.0-255,66,213392,50,253159
12465,0.018109,74.125.130.0-255,2902,216294,50,253159
12466,0.018116,172.31.46.0-255,66,216360,50,253159
12467,0.018218,74.125.130.0-255,2902,219262,50,253159
12468,0.018221,172.31.46.0-255,66,219328,50,253159
12469,0.020128,74.125.130.0-255,2902,222230,50,253159
12470,0.020137,172.31.46.0-255,66,222296,50,253159
12471,0.020218,74.125.130.0-255,2902,225198,50,253159
12472,0.020234,172.31.46.0-255,66,225264,50,253159
12473,0.022139,74.125.130.0-255,2902,228166,50,253159
12474,0.022146,172.31.46.0-255,66,228232,50,253159
12475,0.022229,74.125.130.0-255,2902,231134,50,253159
12476,0.022241,172.31.46.0-255,66,231200,50,253159
12477,0.024164,74.125.130.0-255,2902,234102,50,253159
12478,0.024172,172.31.46.0-255,66,234168,50,253159
12479,0.024225,74.125.130.0-255,1484,235652,50,253159
12480,0.024238,74.125.130.0-255,1484,237136,50,253159
12481,0.024264,172.31.46.0-255,66,237202,50,253159
12482,0.026175,74.125.130.0-255,2902,240104,50,253159
12483,0.026183,172.31.46.0-255,66,240170,50,253159
12484,0.026255,74.125.130.0-255,2902,243072,50,253159
12485,0.026331,172.31.46.0-255,66,243138,50,253159
12486,0.02819,74.125.130.0-255,2902,246040,50,253159
12487,0.028204,172.31.46.0-255,66,246106,50,253159
12488,0.02833,74.125.130.0-255,2902,249008,50,253159
12489,0.028334,172.31.46.0-255,66,249074,50,253159
12490,0.028967,172.31.46.0-255,164,249238,50,253159
12491,0.028994,172.31.46.0-255,1122,250360,50,253159
12492,0.029042,172.31.46.0-255,1514,251874,50,253159
12493,0.029044,172.31.46.0-255,1285,253159,50,253159
12494,0.0,172.217.194.0-255,146,146,50,252247
12495,2.3e-05,172.31.46.0-255,66,212,50,252247
12496,3e-05,172.217.194.0-255,1484,1696,50,252247
12497,3.5e-05,172.31.46.0-255,66,1762,50,252247
12498,4e-05,172.217.194.0-255,2902,4664,50,252247
12499,4.3e-05,172.31.46.0-255,66,4730,50,252247
12500,4.9e-05,172.217.194.0-255,7156,11886,50,252247
12501,5.3e-05,172.31.46.0-255,66,11952,50,252247
12502,5.8e-05,172.217.194.0-255,3481,15433,50,252247
12503,6.1e-05,172.31.46.0-255,66,15499,50,252247
12504,7.3e-05,172.31.46.0-255,66,15565,50,252247
12505,0.000102,172.217.194.0-255,4320,19885,50,252247
12506,0.000106,172.31.46.0-255,66,19951,50,252247
12507,0.00011,172.217.194.0-255,2543,22494,50,252247
12508,0.000112,172.31.46.0-255,66,22560,50,252247
12509,0.000135,172.217.194.0-255,1484,24044,50,252247
12510,0.000138,172.31.46.0-255,66,24110,50,252247
12511,0.000142,172.217.194.0-255,2902,27012,50,252247
12512,0.000144,172.31.46.0-255,66,27078,50,252247
12513,0.000164,172.217.194.0-255,1484,28562,50,252247
12514,0.000166,172.31.46.0-255,66,28628,50,252247
12515,0.000189,172.217.194.0-255,4320,32948,50,252247
12516,0.000192,172.31.46.0-255,66,33014,50,252247
12517,0.000196,172.217.194.0-255,2902,35916,50,252247
12518,0.000198,172.31.46.0-255,66,35982,50,252247
12519,0.000231,172.217.194.0-255,378,36360,50,252247
12520,0.000234,172.31.46.0-255,66,36426,50,252247
12521,0.000236,172.31.46.0-255,66,36492,50,252247
12522,0.000239,172.31.46.0-255,66,36558,50,252247
12523,0.000256,172.217.194.0-255,364,36922,50,252247
12524,0.000478,172.217.194.0-255,1484,38406,50,252247
12525,0.000483,172.31.46.0-255,66,38472,50,252247
12526,0.000487,172.217.194.0-255,1484,39956,50,252247
12527,0.000504,172.217.194.0-255,1484,41440,50,252247
12528,0.000506,172.31.46.0-255,66,41506,50,252247
12529,0.000513,172.217.194.0-255,5738,47244,50,252247
12530,0.000515,172.31.46.0-255,66,47310,50,252247
12531,0.00052,172.217.194.0-255,5738,53048,50,252247
12532,0.000523,172.31.46.0-255,66,53114,50,252247
12533,0.00053,172.217.194.0-255,7156,60270,50,252247
12534,0.000532,172.31.46.0-255,66,60336,50,252247
12535,0.000564,172.217.194.0-255,5738,66074,50,252247
12536,0.000566,172.31.46.0-255,66,66140,50,252247
12537,0.000572,172.217.194.0-255,4472,70612,50,252247
12538,0.000574,172.31.46.0-255,66,70678,50,252247
12539,0.000812,172.217.194.0-255,1484,72162,50,252247
12540,0.000818,172.217.194.0-255,2902,75064,50,252247
12541,0.000821,172.31.46.0-255,66,75130,50,252247
12542,0.000847,172.217.194.0-255,2902,78032,50,252247
12543,0.000849,172.31.46.0-255,66,78098,50,252247
12544,0.000876,172.217.194.0-255,2902,81000,50,252247
12545,0.000878,172.31.46.0-255,66,81066,50,252247
12546,0.00089,172.31.46.0-255,66,81132,50,252247
12547,0.000907,172.217.194.0-255,4320,85452,50,252247
12548,0.000909,172.31.46.0-255,66,85518,50,252247
12549,0.000935,172.31.46.0-255,66,85584,50,252247
12550,0.000957,172.217.194.0-255,1484,87068,50,252247
12551,0.00097,172.217.194.0-255,4320,91388,50,252247
12552,0.000973,172.31.46.0-255,66,91454,50,252247
12553,0.000977,172.217.194.0-255,4320,95774,50,252247
12554,0.000979,172.31.46.0-255,66,95840,50,252247
12555,0.000995,172.217.194.0-255,2902,98742,50,252247
12556,0.000997,172.31.46.0-255,66,98808,50,252247
12557,0.001004,172.217.194.0-255,7156,105964,50,252247
12558,0.001006,172.31.46.0-255,66,106030,50,252247
12559,0.001028,172.217.194.0-255,7156,113186,50,252247
12560,0.001031,172.31.46.0-255,66,113252,50,252247
12561,0.001036,172.217.194.0-255,5738,118990,50,252247
12562,0.001038,172.31.46.0-255,66,119056,50,252247
12563,0.001041,172.217.194.0-255,766,119822,50,252247
12564,0.00131,172.217.194.0-255,1484,121306,50,252247
12565,0.001314,172.31.46.0-255,66,121372,50,252247
12566,0.001318,172.217.194.0-255,1484,122856,50,252247
12567,0.001331,172.217.194.0-255,1484,124340,50,252247
12568,0.001333,172.31.46.0-255,66,124406,50,252247
12569,0.001346,172.217.194.0-255,4320,128726,50,252247
12570,0.001349,172.31.46.0-255,66,128792,50,252247
12571,0.001357,172.217.194.0-255,1484,130276,50,252247
12572,0.00136,172.217.194.0-255,1484,131760,50,252247
12573,0.001362,172.31.46.0-255,66,131826,50,252247
12574,0.001398,172.31.46.0-255,66,131892,50,252247
12575,0.001425,172.217.194.0-255,4320,136212,50,252247
12576,0.001427,172.31.46.0-255,66,136278,50,252247
12577,0.001454,172.217.194.0-255,6438,142716,50,252247
12578,0.001456,172.31.46.0-255,66,142782,50,252247
12579,0.002049,172.217.194.0-255,1484,144266,50,252247
12580,0.002053,172.217.194.0-255,2902,147168,50,252247
12581,0.002058,172.31.46.0-255,66,147234,50,252247
12582,0.002065,172.217.194.0-255,1484,148718,50,252247
12583,0.002081,172.217.194.0-255,4320,153038,50,252247
12584,0.002083,172.31.46.0-255,66,153104,50,252247
12585,0.002086,172.217.194.0-255,1484,154588,50,252247
12586,0.002112,172.31.46.0-255,66,154654,50,252247
12587,0.002132,172.217.194.0-255,4320,158974,50,252247
12588,0.002134,172.31.46.0-255,66,159040,50,252247
12589,0.002169,172.31.46.0-255,66,159106,50,252247
12590,0.002182,172.217.194.0-255,4320,163426,50,252247
12591,0.002184,172.31.46.0-255,66,163492,50,252247
12592,0.002219,172.31.46.0-255,66,163558,50,252247
12593,0.002236,172.31.46.0-255,66,163624,50,252247
12594,0.002245,172.31.46.0-255,66,163690,50,252247
12595,0.002263,172.217.194.0-255,3602,167292,50,252247
12596,0.002265,172.31.46.0-255,66,167358,50,252247
12597,0.002277,172.217.194.0-255,2902,170260,50,252247
12598,0.002279,172.31.46.0-255,66,170326,50,252247
12599,0.00233,172.31.46.0-255,66,170392,50,252247
12600,0.002342,172.31.46.0-255,66,170458,50,252247
12601,0.002385,172.31.46.0-255,66,170524,50,252247
12602,0.002399,172.217.194.0-255,5738,176262,50,252247
12603,0.002402,172.31.46.0-255,66,176328,50,252247
12604,0.004645,172.217.194.0-255,5738,182066,50,252247
12605,0.004651,172.31.46.0-255,66,182132,50,252247
12606,0.006895,172.217.194.0-255,5738,187870,50,252247
12607,0.006899,172.31.46.0-255,66,187936,50,252247
12608,0.009166,172.217.194.0-255,5738,193674,50,252247
12609,0.009172,172.31.46.0-255,66,193740,50,252247
12610,0.01143,172.217.194.0-255,5738,199478,50,252247
12611,0.011437,172.31.46.0-255,66,199544,50,252247
12612,0.013688,172.217.194.0-255,5738,205282,50,252247
12613,0.013696,172.31.46.0-255,66,205348,50,252247
12614,0.015942,172.217.194.0-255,5738,211086,50,252247
12615,0.015949,172.31.46.0-255,66,211152,50,252247
12616,0.018204,172.217.194.0-255,5738,216890,50,252247
12617,0.018213,172.31.46.0-255,66,216956,50,252247
12618,0.020465,172.217.194.0-255,5738,222694,50,252247
12619,0.02047,172.31.46.0-255,66,222760,50,252247
12620,0.022712,172.217.194.0-255,5738,228498,50,252247
12621,0.022718,172.31.46.0-255,66,228564,50,252247
12622,0.02499,172.217.194.0-255,5738,234302,50,252247
12623,0.024997,172.31.46.0-255,66,234368,50,252247
12624,0.027282,172.217.194.0-255,5738,240106,50,252247
12625,0.027288,172.31.46.0-255,66,240172,50,252247
12626,0.027447,172.31.46.0-255,172,240344,50,252247
12627,0.027476,172.31.46.0-255,1113,241457,50,252247
12628,0.027535,172.31.46.0-255,1514,242971,50,252247
12629,0.027537,172.31.46.0-255,1514,244485,50,252247
12630,0.027538,172.31.46.0-255,1514,245999,50,252247
12631,0.027539,172.31.46.0-255,114,246113,50,252247
12632,0.02896,104.244.42.0-255,66,246179,50,252247
12633,0.029011,104.244.42.0-255,66,246245,50,252247
12634,0.029095,104.244.42.0-255,66,246311,50,252247
12635,0.029165,104.244.42.0-255,66,246377,50,252247
12636,0.02954,172.217.194.0-255,4320,250697,50,252247
12637,0.029546,172.31.46.0-255,66,250763,50,252247
12638,0.029565,172.217.194.0-255,1484,252247,50,252247
12639,0.0,172.217.27.0-255,152,152,50,247488
12640,2.4e-05,172.31.46.0-255,66,218,50,247488
12641,3.2e-05,172.217.27.0-255,1484,1702,50,247488
12642,3.6e-05,172.31.46.0-255,66,1768,50,247488
12643,4.2e-05,172.217.27.0-255,2902,4670,50,247488
12644,4.5e-05,172.31.46.0-255,66,4736,50,247488
12645,5.1e-05,172.217.27.0-255,5738,10474,50,247488
12646,5.6e-05,172.31.46.0-255,66,10540,50,247488
12647,8.8e-05,172.217.27.0-255,3539,14079,50,247488
12648,9.1e-05,172.31.46.0-255,66,14145,50,247488
12649,0.000111,172.217.27.0-255,4320,18465,50,247488
12650,0.000114,172.31.46.0-255,66,18531,50,247488
12651,0.000117,172.217.27.0-255,1484,20015,50,247488
12652,0.000119,172.31.46.0-255,66,20081,50,247488
12653,0.000145,172.217.27.0-255,5738,25819,50,247488
12654,0.000148,172.31.46.0-255,66,25885,50,247488
12655,0.000174,172.217.27.0-255,1484,27369,50,247488
12656,0.000176,172.31.46.0-255,66,27435,50,247488
12657,0.000195,172.217.27.0-255,3961,31396,50,247488
12658,0.000213,172.31.46.0-255,66,31462,50,247488
12659,0.000332,172.217.27.0-255,1484,32946,50,247488
12660,0.000335,172.31.46.0-255,66,33012,50,247488
12661,0.000356,172.217.27.0-255,2902,35914,50,247488
12662,0.000358,172.31.46.0-255,66,35980,50,247488
12663,0.000363,172.217.27.0-255,2902,38882,50,247488
12664,0.000365,172.31.46.0-255,66,38948,50,247488
12665,0.000382,172.217.27.0-255,2902,41850,50,247488
12666,0.000383,172.31.46.0-255,66,41916,50,247488
12667,0.000402,172.217.27.0-255,4320,46236,50,247488
12668,0.000404,172.31.46.0-255,66,46302,50,247488
12669,0.000444,172.217.27.0-255,5379,51681,50,247488
12670,0.000447,172.31.46.0-255,66,51747,50,247488
12671,0.000457,172.31.46.0-255,66,51813,50,247488
12672,0.000462,172.217.27.0-255,3961,55774,50,247488
12673,0.000464,172.31.46.0-255,66,55840,50,247488
12674,0.000466,172.217.27.0-255,357,56197,50,247488
12675,0.000651,172.217.27.0-255,387,56584,50,247488
12676,0.000792,172.217.27.0-255,1484,58068,50,247488
12677,0.000797,172.31.46.0-255,66,58134,50,247488
12678,0.000816,172.217.27.0-255,1484,59618,50,247488
12679,0.000831,172.217.27.0-255,1484,61102,50,247488
12680,0.000833,172.31.46.0-255,66,61168,50,247488
12681,0.000839,172.217.27.0-255,5738,66906,50,247488
12682,0.000841,172.31.46.0-255,66,66972,50,247488
12683,0.000846,172.217.27.0-255,4320,71292,50,247488
12684,0.000848,172.31.46.0-255,66,71358,50,247488
12685,0.000866,172.217.27.0-255,2543,73901,50,247488
12686,0.000868,172.31.46.0-255,66,73967,50,247488
12687,0.000889,172.217.27.0-255,1484,75451,50,247488
12688,0.000904,172.217.27.0-255,2902,78353,50,247488
12689,0.000909,172.31.46.0-255,66,78419,50,247488
12690,0.000919,172.217.27.0-255,4320,82739,50,247488
12691,0.00092,172.31.46.0-255,66,82805,50,247488
12692,0.000934,172.217.27.0-255,1484,84289,50,247488
12693,0.000948,172.217.27.0-255,2902,87191,50,247488
12694,0.00095,172.31.46.0-255,66,87257,50,247488
12695,0.00097,172.217.27.0-255,3961,91218,50,247488
12696,0.000972,172.31.46.0-255,66,91284,50,247488
12697,0.001035,172.217.27.0-255,1484,92768,50,247488
12698,0.001055,172.217.27.0-255,2902,95670,50,247488
12699,0.001058,172.31.46.0-255,66,95736,50,247488
12700,0.001063,172.217.27.0-255,2902,98638,50,247488
12701,0.001065,172.31.46.0-255,66,98704,50,247488
12702,0.001088,172.217.27.0-255,1484,100188,50,247488
12703,0.001091,172.217.27.0-255,1484,101672,50,247488
12704,0.001094,172.31.46.0-255,66,101738,50,247488
12705,0.001098,172.217.27.0-255,2902,104640,50,247488
12706,0.001101,172.31.46.0-255,66,104706,50,247488
12707,0.001104,172.217.27.0-255,1484,106190,50,247488
12708,0.00112,172.217.27.0-255,4320,110510,50,247488
12709,0.001123,172.31.46.0-255,66,110576,50,247488
12710,0.001128,172.217.27.0-255,4320,114896,50,247488
12711,0.00113,172.31.46.0-255,66,114962,50,247488
12712,0.001155,172.31.46.0-255,66,115028,50,247488
12713,0.001159,172.217.27.0-255,2184,117212,50,247488
12714,0.001161,172.31.46.0-255,66,117278,50,247488
12715,0.001274,172.217.27.0-255,1484,118762,50,247488
12716,0.001281,172.217.27.0-255,2902,121664,50,247488
12717,0.001284,172.31.46.0-255,66,121730,50,247488
12718,0.001325,172.217.27.0-255,5738,127468,50,247488
12719,0.001329,172.31.46.0-255,66,127534,50,247488
12720,0.001335,172.217.27.0-255,5738,133272,50,247488
12721,0.001337,172.31.46.0-255,66,133338,50,247488
12722,0.00135,172.31.46.0-255,66,133404,50,247488
12723,0.001368,172.217.27.0-255,1484,134888,50,247488
12724,0.001371,172.217.27.0-255,1484,136372,50,247488
12725,0.001373,172.31.46.0-255,66,136438,50,247488
12726,0.001378,172.217.27.0-255,2902,139340,50,247488
12727,0.00138,172.31.46.0-255,66,139406,50,247488
12728,0.001402,172.217.27.0-255,766,140172,50,247488
12729,0.001559,172.217.27.0-255,1484,141656,50,247488
12730,0.001564,172.31.46.0-255,66,141722,50,247488
12731,0.001569,172.217.27.0-255,2902,144624,50,247488
12732,0.001572,172.31.46.0-255,66,144690,50,247488
12733,0.001576,172.217.27.0-255,2902,147592,50,247488
12734,0.001578,172.31.46.0-255,66,147658,50,247488
12735,0.001598,172.217.27.0-255,2902,150560,50,247488
12736,0.001612,172.31.46.0-255,66,150626,50,247488
12737,0.001615,172.31.46.0-255,66,150692,50,247488
12738,0.001642,172.217.27.0-255,4320,155012,50,247488
12739,0.001645,172.31.46.0-255,66,155078,50,247488
12740,0.001656,172.31.46.0-255,66,155144,50,247488
12741,0.001658,172.217.27.0-255,766,155910,50,247488
12742,0.00248,172.31.46.0-255,66,155976,50,247488
12743,0.003304,172.217.27.0-255,4320,160296,50,247488
12744,0.003312,172.31.46.0-255,66,160362,50,247488
12745,0.004125,172.217.27.0-255,1484,161846,50,247488
12746,0.00499,172.217.27.0-255,4320,166166,50,247488
12747,0.004993,172.31.46.0-255,66,166232,50,247488
12748,0.006696,172.217.27.0-255,5738,171970,50,247488
12749,0.006702,172.31.46.0-255,66,172036,50,247488
12750,0.008355,172.217.27.0-255,5738,177774,50,247488
12751,0.008361,172.31.46.0-255,66,177840,50,247488
12752,0.010036,172.217.27.0-255,5738,183578,50,247488
12753,0.010044,172.31.46.0-255,66,183644,50,247488
12754,0.011703,172.217.27.0-255,5738,189382,50,247488
12755,0.011711,172.31.46.0-255,66,189448,50,247488
12756,0.01337,172.217.27.0-255,5738,195186,50,247488
12757,0.013379,172.31.46.0-255,66,195252,50,247488
12758,0.015041,172.217.27.0-255,5738,200990,50,247488
12759,0.015051,172.31.46.0-255,66,201056,50,247488
12760,0.016717,172.217.27.0-255,5738,206794,50,247488
12761,0.016725,172.31.46.0-255,66,206860,50,247488
12762,0.018379,172.217.27.0-255,5738,212598,50,247488
12763,0.018386,172.31.46.0-255,66,212664,50,247488
12764,0.020042,172.217.27.0-255,5738,218402,50,247488
12765,0.020049,172.31.46.0-255,66,218468,50,247488
12766,0.021708,172.217.27.0-255,5738,224206,50,247488
12767,0.021715,172.31.46.0-255,66,224272,50,247488
12768,0.023389,172.217.27.0-255,5738,230010,50,247488
12769,0.023396,172.31.46.0-255,66,230076,50,247488
12770,0.025057,172.217.27.0-255,5738,235814,50,247488
12771,0.025064,172.31.46.0-255,66,235880,50,247488
12772,0.026718,172.217.27.0-255,5738,241618,50,247488
12773,0.026725,172.31.46.0-255,66,241684,50,247488
12774,0.02838,172.217.27.0-255,5738,247422,50,247488
12775,0.028387,172.31.46.0-255,66,247488,50,247488
12776,0.0,172.217.27.0-255,152,152,50,257266
12777,2.3e-05,172.31.46.0-255,66,218,50,257266
12778,3.1e-05,172.217.27.0-255,1484,1702,50,257266
12779,3.6e-05,172.31.46.0-255,66,1768,50,257266
12780,3.9e-05,172.217.27.0-255,1484,3252,50,257266
12781,4.3e-05,172.31.46.0-255,66,3318,50,257266
12782,5e-05,172.217.27.0-255,2902,6220,50,257266
12783,5.2e-05,172.31.46.0-255,66,6286,50,257266
12784,5.9e-05,172.217.27.0-255,5738,12024,50,257266
12785,6.2e-05,172.31.46.0-255,66,12090,50,257266
12786,8e-05,172.217.27.0-255,2074,14164,50,257266
12787,8.2e-05,172.31.46.0-255,66,14230,50,257266
12788,8.7e-05,172.217.27.0-255,2902,17132,50,257266
12789,9e-05,172.31.46.0-255,66,17198,50,257266
12790,0.00012,172.217.27.0-255,7156,24354,50,257266
12791,0.000123,172.31.46.0-255,66,24420,50,257266
12792,0.000126,172.217.27.0-255,1484,25904,50,257266
12793,0.000128,172.31.46.0-255,66,25970,50,257266
12794,0.000133,172.217.27.0-255,2902,28872,50,257266
12795,0.000135,172.31.46.0-255,66,28938,50,257266
12796,0.000179,172.217.27.0-255,2543,31481,50,257266
12797,0.000182,172.31.46.0-255,66,31547,50,257266
12798,0.000294,172.217.27.0-255,1484,33031,50,257266
12799,0.000298,172.31.46.0-255,66,33097,50,257266
12800,0.000304,172.217.27.0-255,2902,35999,50,257266
12801,0.000306,172.31.46.0-255,66,36065,50,257266
12802,0.000309,172.217.27.0-255,1484,37549,50,257266
12803,0.000311,172.31.46.0-255,66,37615,50,257266
12804,0.000344,172.217.27.0-255,4320,41935,50,257266
12805,0.000347,172.31.46.0-255,66,42001,50,257266
12806,0.000353,172.217.27.0-255,5738,47739,50,257266
12807,0.000356,172.31.46.0-255,66,47805,50,257266
12808,0.000363,172.217.27.0-255,6797,54602,50,257266
12809,0.000365,172.31.46.0-255,66,54668,50,257266
12810,0.000399,172.31.46.0-255,66,54734,50,257266
12811,0.000413,172.217.27.0-255,1125,55859,50,257266
12812,0.000471,172.217.27.0-255,395,56254,50,257266
12813,0.00063,172.217.27.0-255,115,56369,50,257266
12814,0.000635,172.31.46.0-255,66,56435,50,257266
12815,0.000774,172.217.27.0-255,1484,57919,50,257266
12816,0.000779,172.217.27.0-255,1484,59403,50,257266
12817,0.000782,172.31.46.0-255,66,59469,50,257266
12818,0.000802,172.217.27.0-255,1484,60953,50,257266
12819,0.000809,172.217.27.0-255,5738,66691,50,257266
12820,0.000812,172.31.46.0-255,66,66757,50,257266
12821,0.000834,172.217.27.0-255,7156,73913,50,257266
12822,0.000837,172.31.46.0-255,66,73979,50,257266
12823,0.000868,172.217.27.0-255,6797,80776,50,257266
12824,0.000871,172.31.46.0-255,66,80842,50,257266
12825,0.000883,172.31.46.0-255,66,80908,50,257266
12826,0.000902,172.217.27.0-255,1125,82033,50,257266
12827,0.001051,172.217.27.0-255,1484,83517,50,257266
12828,0.001055,172.31.46.0-255,66,83583,50,257266
12829,0.001059,172.217.27.0-255,1484,85067,50,257266
12830,0.001072,172.217.27.0-255,1484,86551,50,257266
12831,0.001078,172.217.27.0-255,4320,90871,50,257266
12832,0.001081,172.31.46.0-255,66,90937,50,257266
12833,0.001084,172.31.46.0-255,66,91003,50,257266
12834,0.001103,172.217.27.0-255,1484,92487,50,257266
12835,0.001108,172.217.27.0-255,4320,96807,50,257266
12836,0.00111,172.31.46.0-255,66,96873,50,257266
12837,0.001141,172.217.27.0-255,1484,98357,50,257266
12838,0.001166,172.217.27.0-255,4320,102677,50,257266
12839,0.001169,172.31.46.0-255,66,102743,50,257266
12840,0.001182,172.31.46.0-255,66,102809,50,257266
12841,0.001186,172.217.27.0-255,2184,104993,50,257266
12842,0.001188,172.31.46.0-255,66,105059,50,257266
12843,0.001215,172.31.46.0-255,66,105125,50,257266
12844,0.00123,172.217.27.0-255,2902,108027,50,257266
12845,0.001232,172.31.46.0-255,66,108093,50,257266
12846,0.00124,172.217.27.0-255,7156,115249,50,257266
12847,0.001242,172.31.46.0-255,66,115315,50,257266
12848,0.001277,172.31.46.0-255,66,115381,50,257266
12849,0.00128,172.217.27.0-255,1031,116412,50,257266
12850,0.001351,172.217.27.0-255,1484,117896,50,257266
12851,0.001354,172.31.46.0-255,66,117962,50,257266
12852,0.00136,172.217.27.0-255,2902,120864,50,257266
12853,0.001362,172.31.46.0-255,66,120930,50,257266
12854,0.001392,172.217.27.0-255,5738,126668,50,257266
12855,0.001395,172.31.46.0-255,66,126734,50,257266
12856,0.001406,172.31.46.0-255,66,126800,50,257266
12857,0.001434,172.217.27.0-255,4320,131120,50,257266
12858,0.001437,172.31.46.0-255,66,131186,50,257266
12859,0.001448,172.31.46.0-255,66,131252,50,257266
12860,0.001462,172.217.27.0-255,4320,135572,50,257266
12861,0.001465,172.31.46.0-255,66,135638,50,257266
12862,0.001484,172.31.46.0-255,66,135704,50,257266
12863,0.001498,172.31.46.0-255,66,135770,50,257266
12864,0.001539,172.31.46.0-255,66,135836,50,257266
12865,0.001559,172.217.27.0-255,4320,140156,50,257266
12866,0.001561,172.31.46.0-255,66,140222,50,257266
12867,0.00158,172.217.27.0-255,2902,143124,50,257266
12868,0.001583,172.31.46.0-255,66,143190,50,257266
12869,0.001589,172.217.27.0-255,5738,148928,50,257266
12870,0.001591,172.31.46.0-255,66,148994,50,257266
12871,0.001603,172.217.27.0-255,5738,154732,50,257266
12872,0.001606,172.31.46.0-255,66,154798,50,257266
12873,0.001631,172.217.27.0-255,1484,156282,50,257266
12874,0.001645,172.31.46.0-255,66,156348,50,257266
12875,0.001658,172.217.27.0-255,2184,158532,50,257266
12876,0.001663,172.31.46.0-255,66,158598,50,257266
12877,0.003275,172.217.27.0-255,5738,164336,50,257266
12878,0.00328,172.31.46.0-255,66,164402,50,257266
12879,0.004918,172.217.27.0-255,5738,170140,50,257266
12880,0.004925,172.31.46.0-255,66,170206,50,257266
12881,0.006547,172.217.27.0-255,5738,175944,50,257266
12882,0.006551,172.31.46.0-255,66,176010,50,257266
12883,0.008179,172.217.27.0-255,5738,181748,50,257266
12884,0.008183,172.31.46.0-255,66,181814,50,257266
12885,0.00987,172.217.27.0-255,5738,187552,50,257266
12886,0.009876,172.31.46.0-255,66,187618,50,257266
12887,0.011506,172.217.27.0-255,5738,193356,50,257266
12888,0.011514,172.31.46.0-255,66,193422,50,257266
12889,0.01315,172.217.27.0-255,5738,199160,50,257266
12890,0.013158,172.31.46.0-255,66,199226,50,257266
12891,0.014792,172.217.27.0-255,5738,204964,50,257266
12892,0.014799,172.31.46.0-255,66,205030,50,257266
12893,0.016439,172.217.27.0-255,5738,210768,50,257266
12894,0.016448,172.31.46.0-255,66,210834,50,257266
12895,0.018081,172.217.27.0-255,5738,216572,50,257266
12896,0.018089,172.31.46.0-255,66,216638,50,257266
12897,0.019752,172.217.27.0-255,5738,222376,50,257266
12898,0.019759,172.31.46.0-255,66,222442,50,257266
12899,0.021394,172.217.27.0-255,5738,228180,50,257266
12900,0.021401,172.31.46.0-255,66,228246,50,257266
12901,0.023033,172.217.27.0-255,5738,233984,50,257266
12902,0.023041,172.31.46.0-255,66,234050,50,257266
12903,0.024669,172.217.27.0-255,5738,239788,50,257266
12904,0.024677,172.31.46.0-255,66,239854,50,257266
12905,0.026313,172.217.27.0-255,5738,245592,50,257266
12906,0.026319,172.31.46.0-255,66,245658,50,257266
12907,0.02796,172.217.27.0-255,5738,251396,50,257266
12908,0.027968,172.31.46.0-255,66,251462,50,257266
12909,0.029619,172.217.27.0-255,5738,257200,50,257266
12910,0.029633,172.31.46.0-255,66,257266,50,257266
12911,0.0,172.217.194.0-255,150,150,50,212981
12912,2.5e-05,172.31.46.0-255,66,216,50,212981
12913,3.2e-05,172.217.194.0-255,1484,1700,50,212981
12914,3.6e-05,172.31.46.0-255,66,1766,50,212981
12915,4e-05,172.217.194.0-255,2902,4668,50,212981
12916,4.2e-05,172.31.46.0-255,66,4734,50,212981
12917,4.9e-05,172.217.194.0-255,7156,11890,50,212981
12918,5.2e-05,172.31.46.0-255,66,11956,50,212981
12919,5.5e-05,172.217.194.0-255,1484,13440,50,212981
12920,5.7e-05,172.31.46.0-255,66,13506,50,212981
12921,9.1e-05,172.31.46.0-255,66,13572,50,212981
12922,0.000105,172.217.194.0-255,2902,16474,50,212981
12923,0.000107,172.31.46.0-255,66,16540,50,212981
12924,0.000132,172.217.194.0-255,5379,21919,50,212981
12925,0.000136,172.31.46.0-255,66,21985,50,212981
12926,0.000146,172.31.46.0-255,66,22051,50,212981
12927,0.000149,172.217.194.0-255,1484,23535,50,212981
12928,0.00015,172.31.46.0-255,66,23601,50,212981
12929,0.000181,172.217.194.0-255,6797,30398,50,212981
12930,0.000184,172.31.46.0-255,66,30464,50,212981
12931,0.000358,172.217.194.0-255,1484,31948,50,212981
12932,0.000363,172.31.46.0-255,66,32014,50,212981
12933,0.000368,172.217.194.0-255,2902,34916,50,212981
12934,0.000371,172.31.46.0-255,66,34982,50,212981
12935,0.000376,172.217.194.0-255,5738,40720,50,212981
12936,0.000379,172.31.46.0-255,66,40786,50,212981
12937,0.000411,172.217.194.0-255,4320,45106,50,212981
12938,0.000414,172.31.46.0-255,66,45172,50,212981
12939,0.00043,172.217.194.0-255,2543,47715,50,212981
12940,0.000433,172.31.46.0-255,66,47781,50,212981
12941,0.000516,172.217.194.0-255,1484,49265,50,212981
12942,0.000521,172.217.194.0-255,2902,52167,50,212981
12943,0.000526,172.217.194.0-255,2902,55069,50,212981
12944,0.000534,172.31.46.0-255,66,55135,50,212981
12945,0.000544,172.217.194.0-255,2902,58037,50,212981
12946,0.000549,172.31.46.0-255,66,58103,50,212981
12947,0.00056,172.217.194.0-255,2902,61005,50,212981
12948,0.000573,172.31.46.0-255,66,61071,50,212981
12949,0.000574,172.217.194.0-255,3961,65032,50,212981
12950,0.000578,172.31.46.0-255,66,65098,50,212981
12951,0.000597,172.217.194.0-255,7156,72254,50,212981
12952,0.000604,172.31.46.0-255,66,72320,50,212981
12953,0.000629,172.217.194.0-255,4320,76640,50,212981
12954,0.000633,172.31.46.0-255,66,76706,50,212981
12955,0.000654,172.217.194.0-255,5379,82085,50,212981
12956,0.000684,172.31.46.0-255,66,82151,50,212981
12957,0.001082,172.217.194.0-255,1484,83635,50,212981
12958,0.001099,172.217.194.0-255,2902,86537,50,212981
12959,0.001104,172.31.46.0-255,66,86603,50,212981
12960,0.001113,172.217.194.0-255,5738,92341,50,212981
12961,0.00112,172.217.194.0-255,4320,96661,50,212981
12962,0.001132,172.217.194.0-255,2529,99190,50,212981
12963,0.001132,172.31.46.0-255,66,99256,50,212981
12964,0.001137,172.31.46.0-255,66,99322,50,212981
12965,0.001176,172.217.194.0-255,1484,100806,50,212981
12966,0.001191,172.217.194.0-255,2902,103708,50,212981
12967,0.001195,172.31.46.0-255,66,103774,50,212981
12968,0.001217,172.217.194.0-255,5738,109512,50,212981
12969,0.001222,172.217.194.0-255,4320,113832,50,212981
12970,0.001222,172.31.46.0-255,66,113898,50,212981
12971,0.001236,172.31.46.0-255,66,113964,50,212981
12972,0.001248,172.31.46.0-255,66,114030,50,212981
12973,0.001259,172.217.194.0-255,2902,116932,50,212981
12974,0.001264,172.31.46.0-255,66,116998,50,212981
12975,0.001269,172.217.194.0-255,1484,118482,50,212981
12976,0.001288,172.217.194.0-255,6438,124920,50,212981
12977,0.0013,172.31.46.0-255,66,124986,50,212981
12978,0.001814,172.217.194.0-255,1484,126470,50,212981
12979,0.00182,172.217.194.0-255,1484,127954,50,212981
12980,0.001824,172.31.46.0-255,66,128020,50,212981
12981,0.00184,172.217.194.0-255,1484,129504,50,212981
12982,0.001882,172.217.194.0-255,1484,130988,50,212981
12983,0.001903,172.217.194.0-255,4320,135308,50,212981
12984,0.001906,172.217.194.0-255,1484,136792,50,212981
12985,0.001938,172.217.194.0-255,4320,141112,50,212981
12986,0.001952,172.217.194.0-255,1484,142596,50,212981
12987,0.001965,172.217.194.0-255,2902,145498,50,212981
12988,0.001978,172.217.194.0-255,5020,150518,50,212981
12989,0.005505,172.31.46.0-255,66,150584,50,212981
12990,0.007805,172.217.194.0-255,5738,156322,50,212981
12991,0.007811,172.31.46.0-255,66,156388,50,212981
12992,0.010105,172.217.194.0-255,5738,162126,50,212981
12993,0.010113,172.31.46.0-255,66,162192,50,212981
12994,0.012411,172.217.194.0-255,5738,167930,50,212981
12995,0.012423,172.31.46.0-255,66,167996,50,212981
12996,0.014763,172.217.194.0-255,5738,173734,50,212981
12997,0.01511,172.31.46.0-255,66,173800,50,212981
12998,0.017431,172.217.194.0-255,5738,179538,50,212981
12999,0.017437,172.31.46.0-255,66,179604,50,212981
13000,0.019738,172.217.194.0-255,5738,185342,50,212981
13001,0.019744,172.31.46.0-255,66,185408,50,212981
13002,0.022049,172.217.194.0-255,5738,191146,50,212981
13003,0.022056,172.31.46.0-255,66,191212,50,212981
13004,0.024362,172.217.194.0-255,5738,196950,50,212981
13005,0.024368,172.31.46.0-255,66,197016,50,212981
13006,0.025689,172.31.46.0-255,172,197188,50,212981
13007,0.025719,172.31.46.0-255,1113,198301,50,212981
13008,0.025763,172.31.46.0-255,1514,199815,50,212981
13009,0.025765,172.31.46.0-255,1294,201109,50,212981
13010,0.026653,172.217.194.0-255,5738,206847,50,212981
13011,0.02666,172.31.46.0-255,66,206913,50,212981
13012,0.027254,104.244.42.0-255,66,206979,50,212981
13013,0.02729,104.244.42.0-255,66,207045,50,212981
13014,0.027335,104.244.42.0-255,66,207111,50,212981
13015,0.028969,172.217.194.0-255,4320,211431,50,212981
13016,0.028973,172.31.46.0-255,66,211497,50,212981
13017,0.028997,172.217.194.0-255,1484,212981,50,212981
13018,0.0,172.217.194.0-255,153,153,50,250221
13019,2.2e-05,172.31.46.0-255,66,219,50,250221
13020,2.8e-05,172.217.194.0-255,1484,1703,50,250221
13021,3.2e-05,172.31.46.0-255,66,1769,50,250221
13022,3.8e-05,172.217.194.0-255,2902,4671,50,250221
13023,4.8e-05,172.31.46.0-255,66,4737,50,250221
13024,5.5e-05,172.217.194.0-255,7156,11893,50,250221
13025,5.8e-05,172.31.46.0-255,66,11959,50,250221
13026,7.9e-05,172.217.194.0-255,2112,14071,50,250221
13027,8.5e-05,172.31.46.0-255,66,14137,50,250221
13028,0.000102,172.217.194.0-255,2902,17039,50,250221
13029,0.000105,172.31.46.0-255,66,17105,50,250221
13030,0.00011,172.217.194.0-255,4320,21425,50,250221
13031,0.000112,172.31.46.0-255,66,21491,50,250221
13032,0.000136,172.217.194.0-255,2902,24393,50,250221
13033,0.000139,172.31.46.0-255,66,24459,50,250221
13034,0.00015,172.217.194.0-255,6797,31256,50,250221
13035,0.000152,172.31.46.0-255,66,31322,50,250221
13036,0.000253,172.217.194.0-255,1484,32806,50,250221
13037,0.000258,172.31.46.0-255,66,32872,50,250221
13038,0.000263,172.217.194.0-255,2902,35774,50,250221
13039,0.000265,172.31.46.0-255,66,35840,50,250221
13040,0.000272,172.217.194.0-255,5738,41578,50,250221
13041,0.000279,172.31.46.0-255,66,41644,50,250221
13042,0.000287,172.217.194.0-255,6797,48441,50,250221
13043,0.00029,172.31.46.0-255,66,48507,50,250221
13044,0.000321,172.217.194.0-255,1484,49991,50,250221
13045,0.000324,172.31.46.0-255,66,50057,50,250221
13046,0.000356,172.217.194.0-255,7156,57213,50,250221
13047,0.000361,172.31.46.0-255,66,57279,50,250221
13048,0.000393,172.31.46.0-255,66,57345,50,250221
13049,0.000415,172.217.194.0-255,379,57724,50,250221
13050,0.000527,172.217.194.0-255,1484,59208,50,250221
13051,0.000533,172.31.46.0-255,66,59274,50,250221
13052,0.000539,172.217.194.0-255,2902,62176,50,250221
13053,0.000541,172.31.46.0-255,66,62242,50,250221
13054,0.000554,172.217.194.0-255,5738,67980,50,250221
13055,0.000557,172.31.46.0-255,66,68046,50,250221
13056,0.000589,172.217.194.0-255,6797,74843,50,250221
13057,0.000592,172.31.46.0-255,66,74909,50,250221
13058,0.000644,172.217.194.0-255,1484,76393,50,250221
13059,0.000668,172.217.194.0-255,2902,79295,50,250221
13060,0.000674,172.217.194.0-255,5738,85033,50,250221
13061,0.00071,172.31.46.0-255,66,85099,50,250221
13062,0.000714,172.31.46.0-255,66,85165,50,250221
13063,0.000722,172.217.194.0-255,6248,91413,50,250221
13064,0.000729,172.31.46.0-255,66,91479,50,250221
13065,0.000737,172.217.194.0-255,7156,98635,50,250221
13066,0.00074,172.31.46.0-255,66,98701,50,250221
13067,0.000752,172.31.46.0-255,66,98767,50,250221
13068,0.001069,172.217.194.0-255,1484,100251,50,250221
13069,0.001077,172.217.194.0-255,2902,103153,50,250221
13070,0.001081,172.31.46.0-255,66,103219,50,250221
13071,0.001087,172.217.194.0-255,4320,107539,50,250221
13072,0.001089,172.31.46.0-255,66,107605,50,250221
13073,0.001119,172.217.194.0-255,1484,109089,50,250221
13074,0.001136,172.31.46.0-255,66,109155,50,250221
13075,0.001147,172.31.46.0-255,66,109221,50,250221
13076,0.00118,172.217.194.0-255,1125,110346,50,250221
13077,0.001259,172.217.194.0-255,1484,111830,50,250221
13078,0.001265,172.31.46.0-255,66,111896,50,250221
13079,0.001272,172.217.194.0-255,2902,114798,50,250221
13080,0.001274,172.31.46.0-255,66,114864,50,250221
13081,0.001286,172.217.194.0-255,5738,120602,50,250221
13082,0.001289,172.31.46.0-255,66,120668,50,250221
13083,0.001292,172.217.194.0-255,1484,122152,50,250221
13084,0.001323,172.217.194.0-255,2902,125054,50,250221
13085,0.001326,172.31.46.0-255,66,125120,50,250221
13086,0.001341,172.31.46.0-255,66,125186,50,250221
13087,0.001346,172.217.194.0-255,4320,129506,50,250221
13088,0.001348,172.31.46.0-255,66,129572,50,250221
13089,0.001394,172.217.194.0-255,3602,133174,50,250221
13090,0.001398,172.31.46.0-255,66,133240,50,250221
13091,0.001583,172.217.194.0-255,1484,134724,50,250221
13092,0.001589,172.217.194.0-255,2902,137626,50,250221
13093,0.001592,172.31.46.0-255,66,137692,50,250221
13094,0.001596,172.217.194.0-255,1484,139176,50,250221
13095,0.001613,172.217.194.0-255,4320,143496,50,250221
13096,0.001616,172.31.46.0-255,66,143562,50,250221
13097,0.001643,172.31.46.0-255,66,143628,50,250221
13098,0.001648,172.217.194.0-255,5738,149366,50,250221
13099,0.00165,172.31.46.0-255,66,149432,50,250221
13100,0.001671,172.217.194.0-255,5020,154452,50,250221
13101,0.001677,172.31.46.0-255,66,154518,50,250221
13102,0.001936,172.217.194.0-255,1484,156002,50,250221
13103,0.001941,172.217.194.0-255,2902,158904,50,250221
13104,0.001943,172.31.46.0-255,66,158970,50,250221
13105,0.001946,172.217.194.0-255,1484,160454,50,250221
13106,0.001969,172.217.194.0-255,4320,164774,50,250221
13107,0.001972,172.31.46.0-255,66,164840,50,250221
13108,0.002001,172.31.46.0-255,66,164906,50,250221
13109,0.002031,172.217.194.0-255,1484,166390,50,250221
13110,0.00204,172.31.46.0-255,66,166456,50,250221
13111,0.002048,172.217.194.0-255,2184,168640,50,250221
13112,0.002049,172.31.46.0-255,66,168706,50,250221
13113,0.002848,172.31.46.0-255,101,168807,50,250221
13114,0.004112,172.217.194.0-255,5738,174545,50,250221
13115,0.004116,172.31.46.0-255,66,174611,50,250221
13116,0.004855,172.217.194.0-255,66,174677,50,250221
13117,0.006145,172.217.194.0-255,5738,180415,50,250221
13118,0.006152,172.31.46.0-255,66,180481,50,250221
13119,0.008162,172.217.194.0-255,5738,186219,50,250221
13120,0.008168,172.31.46.0-255,66,186285,50,250221
13121,0.010218,172.217.194.0-255,5738,192023,50,250221
13122,0.010226,172.31.46.0-255,66,192089,50,250221
13123,0.012252,172.217.194.0-255,5738,197827,50,250221
13124,0.01226,172.31.46.0-255,66,197893,50,250221
13125,0.014293,172.217.194.0-255,5738,203631,50,250221
13126,0.014299,172.31.46.0-255,66,203697,50,250221
13127,0.016355,172.217.194.0-255,5738,209435,50,250221
13128,0.016366,172.31.46.0-255,66,209501,50,250221
13129,0.018401,172.217.194.0-255,5738,215239,50,250221
13130,0.018409,172.31.46.0-255,66,215305,50,250221
13131,0.020475,172.217.194.0-255,5738,221043,50,250221
13132,0.020482,172.31.46.0-255,66,221109,50,250221
13133,0.022487,172.217.194.0-255,4320,225429,50,250221
13134,0.022493,172.31.46.0-255,66,225495,50,250221
13135,0.022519,172.217.194.0-255,1484,226979,50,250221
13136,0.02457,172.217.194.0-255,4320,231299,50,250221
13137,0.024577,172.31.46.0-255,66,231365,50,250221
13138,0.025734,172.31.46.0-255,188,231553,50,250221
13139,0.025773,172.31.46.0-255,954,232507,50,250221
13140,0.02585,172.31.46.0-255,1514,234021,50,250221
13141,0.025852,172.31.46.0-255,1514,235535,50,250221
13142,0.025853,172.31.46.0-255,1514,237049,50,250221
13143,0.025885,172.31.46.0-255,1234,238283,50,250221
13144,0.026627,172.217.194.0-255,5738,244021,50,250221
13145,0.026634,172.31.46.0-255,66,244087,50,250221
13146,0.02727,104.244.42.0-255,66,244153,50,250221
13147,0.027319,104.244.42.0-255,66,244219,50,250221
13148,0.02742,104.244.42.0-255,66,244285,50,250221
13149,0.027464,104.244.42.0-255,66,244351,50,250221
13150,0.028657,172.217.194.0-255,4320,248671,50,250221
13151,0.028663,172.31.46.0-255,66,248737,50,250221
13152,0.028688,172.217.194.0-255,1484,250221,50,250221
13153,0.0,74.125.200.0-255,156,156,50,185292
13154,2.1e-05,172.31.46.0-255,66,222,50,185292
13155,2.7e-05,74.125.200.0-255,1484,1706,50,185292
13156,3.1e-05,172.31.46.0-255,66,1772,50,185292
13157,3.7e-05,74.125.200.0-255,2902,4674,50,185292
13158,4.8e-05,172.31.46.0-255,66,4740,50,185292
13159,5.1e-05,74.125.200.0-255,1484,6224,50,185292
13160,5.3e-05,172.31.46.0-255,66,6290,50,185292
13161,5.8e-05,74.125.200.0-255,2902,9192,50,185292
13162,6e-05,172.31.46.0-255,66,9258,50,185292
13163,0.000101,74.125.200.0-255,4975,14233,50,185292
13164,0.000104,172.31.46.0-255,66,14299,50,185292
13165,0.000128,74.125.200.0-255,2902,17201,50,185292
13166,0.00013,172.31.46.0-255,66,17267,50,185292
13167,0.000147,74.125.200.0-255,2902,20169,50,185292
13168,0.000149,172.31.46.0-255,66,20235,50,185292
13169,0.000155,74.125.200.0-255,5738,25973,50,185292
13170,0.000157,172.31.46.0-255,66,26039,50,185292
13171,0.000217,74.125.200.0-255,5379,31418,50,185292
13172,0.000219,172.31.46.0-255,66,31484,50,185292
13173,0.000389,74.125.200.0-255,1484,32968,50,185292
13174,0.000393,172.31.46.0-255,66,33034,50,185292
13175,0.000397,74.125.200.0-255,1484,34518,50,185292
13176,0.000398,172.31.46.0-255,66,34584,50,185292
13177,0.000427,74.125.200.0-255,1484,36068,50,185292
13178,0.000429,172.31.46.0-255,66,36134,50,185292
13179,0.000434,74.125.200.0-255,4320,40454,50,185292
13180,0.000436,172.31.46.0-255,66,40520,50,185292
13181,0.000441,74.125.200.0-255,2902,43422,50,185292
13182,0.000442,172.31.46.0-255,66,43488,50,185292
13183,0.000471,74.125.200.0-255,6797,50285,50,185292
13184,0.000474,172.31.46.0-255,66,50351,50,185292
13185,0.000479,74.125.200.0-255,4320,54671,50,185292
13186,0.000502,172.31.46.0-255,66,54737,50,185292
13187,0.000512,74.125.200.0-255,7156,61893,50,185292
13188,0.000529,74.125.200.0-255,4255,66148,50,185292
13189,0.000532,172.31.46.0-255,66,66214,50,185292
13190,0.000554,74.125.200.0-255,384,66598,50,185292
13191,0.000562,172.31.46.0-255,66,66664,50,185292
13192,0.000719,74.125.200.0-255,1484,68148,50,185292
13193,0.000726,74.125.200.0-255,2902,71050,50,185292
13194,0.000737,74.125.200.0-255,1484,72534,50,185292
13195,0.00075,74.125.200.0-255,4320,76854,50,185292
13196,0.00076,172.31.46.0-255,66,76920,50,185292
13197,0.000769,74.125.200.0-255,2902,79822,50,185292
13198,0.000779,74.125.200.0-255,3961,83783,50,185292
13199,0.000784,172.31.46.0-255,66,83849,50,185292
13200,0.00081,74.125.200.0-255,1484,85333,50,185292
13201,0.00083,74.125.200.0-255,2902,88235,50,185292
13202,0.000836,74.125.200.0-255,5738,93973,50,185292
13203,0.000858,74.125.200.0-255,4320,98293,50,185292
13204,0.000867,172.31.46.0-255,66,98359,50,185292
13205,0.000872,74.125.200.0-255,2543,100902,50,185292
13206,0.000877,172.31.46.0-255,66,100968,50,185292
13207,0.001877,74.125.200.0-255,1484,102452,50,185292
13208,0.001899,74.125.200.0-255,2902,105354,50,185292
13209,0.001904,172.31.46.0-255,66,105420,50,185292
13210,0.001935,74.125.200.0-255,4320,109740,50,185292
13211,0.001939,74.125.200.0-255,1484,111224,50,185292
13212,0.006455,172.31.46.0-255,66,111290,50,185292
13213,0.00837,74.125.200.0-255,5738,117028,50,185292
13214,0.008376,172.31.46.0-255,66,117094,50,185292
13215,0.010291,74.125.200.0-255,5738,122832,50,185292
13216,0.010298,172.31.46.0-255,66,122898,50,185292
13217,0.012205,74.125.200.0-255,5738,128636,50,185292
13218,0.012214,172.31.46.0-255,66,128702,50,185292
13219,0.01414,74.125.200.0-255,5738,134440,50,185292
13220,0.014147,172.31.46.0-255,66,134506,50,185292
13221,0.016068,74.125.200.0-255,5738,140244,50,185292
13222,0.016076,172.31.46.0-255,66,140310,50,185292
13223,0.017992,74.125.200.0-255,5738,146048,50,185292
13224,0.018017,172.31.46.0-255,66,146114,50,185292
13225,0.019929,74.125.200.0-255,5738,151852,50,185292
13226,0.019936,172.31.46.0-255,66,151918,50,185292
13227,0.02185,74.125.200.0-255,5738,157656,50,185292
13228,0.021856,172.31.46.0-255,66,157722,50,185292
13229,0.023775,74.125.200.0-255,5738,163460,50,185292
13230,0.023781,172.31.46.0-255,66,163526,50,185292
13231,0.025122,172.31.46.0-255,167,163693,50,185292
13232,0.025149,172.31.46.0-255,1113,164806,50,185292
13233,0.02521,172.31.46.0-255,1514,166320,50,185292
13234,0.025212,172.31.46.0-255,1296,167616,50,185292
13235,0.025695,74.125.200.0-255,5738,173354,50,185292
13236,0.025703,172.31.46.0-255,66,173420,50,185292
13237,0.026658,104.244.42.0-255,66,173486,50,185292
13238,0.026683,104.244.42.0-255,66,173552,50,185292
13239,0.026781,104.244.42.0-255,66,173618,50,185292
13240,0.026783,104.244.42.0-255,66,173684,50,185292
13241,0.027621,74.125.200.0-255,5738,179422,50,185292
13242,0.027628,172.31.46.0-255,66,179488,50,185292
13243,0.029544,74.125.200.0-255,5738,185226,50,185292
13244,0.029558,172.31.46.0-255,66,185292,50,185292
13245,0.0,74.125.24.0-255,152,152,50,147903
13246,1.5e-05,172.31.46.0-255,66,218,50,147903
13247,2.2e-05,74.125.24.0-255,1484,1702,50,147903
13248,2.6e-05,172.31.46.0-255,66,1768,50,147903
13249,4.1e-05,74.125.24.0-255,2902,4670,50,147903
13250,4.4e-05,172.31.46.0-255,66,4736,50,147903
13251,5.2e-05,74.125.24.0-255,7156,11892,50,147903
13252,5.4e-05,172.31.46.0-255,66,11958,50,147903
13253,9.4e-05,74.125.24.0-255,2054,14012,50,147903
13254,9.6e-05,172.31.46.0-255,66,14078,50,147903
13255,0.000101,74.125.24.0-255,2902,16980,50,147903
13256,0.000103,172.31.46.0-255,66,17046,50,147903
13257,0.000133,74.125.24.0-255,7156,24202,50,147903
13258,0.000136,172.31.46.0-255,66,24268,50,147903
13259,0.000185,74.125.24.0-255,4320,28588,50,147903
13260,0.000188,172.31.46.0-255,66,28654,50,147903
13261,0.000208,74.125.24.0-255,2543,31197,50,147903
13262,0.000211,172.31.46.0-255,66,31263,50,147903
13263,0.000456,74.125.24.0-255,1484,32747,50,147903
13264,0.000463,172.31.46.0-255,66,32813,50,147903
13265,0.000474,74.125.24.0-255,2902,35715,50,147903
13266,0.000477,172.31.46.0-255,66,35781,50,147903
13267,0.000508,74.125.24.0-255,5738,41519,50,147903
13268,0.00051,172.31.46.0-255,66,41585,50,147903
13269,0.000513,74.125.24.0-255,1484,43069,50,147903
13270,0.000515,172.31.46.0-255,66,43135,50,147903
13271,0.000546,74.125.24.0-255,5379,48514,50,147903
13272,0.000549,172.31.46.0-255,66,48580,50,147903
13273,0.000603,74.125.24.0-255,1484,50064,50,147903
13274,0.000605,172.31.46.0-255,66,50130,50,147903
13275,0.00061,74.125.24.0-255,2902,53032,50,147903
13276,0.000612,172.31.46.0-255,66,53098,50,147903
13277,0.000623,74.125.24.0-255,5738,58836,50,147903
13278,0.000625,172.31.46.0-255,66,58902,50,147903
13279,0.000671,74.125.24.0-255,6797,65699,50,147903
13280,0.000674,172.31.46.0-255,66,65765,50,147903
13281,0.001771,74.125.24.0-255,646,66411,50,147903
13282,0.00192,74.125.24.0-255,1484,67895,50,147903
13283,0.001926,172.31.46.0-255,66,67961,50,147903
13284,0.001933,74.125.24.0-255,2902,70863,50,147903
13285,0.001935,172.31.46.0-255,66,70929,50,147903
13286,0.001941,74.125.24.0-255,4320,75249,50,147903
13287,0.001948,172.31.46.0-255,66,75315,50,147903
13288,0.00198,74.125.24.0-255,1484,76799,50,147903
13289,0.001994,172.31.46.0-255,66,76865,50,147903
13290,0.002082,74.125.24.0-255,5738,82603,50,147903
13291,0.002085,172.31.46.0-255,66,82669,50,147903
13292,0.002113,74.125.24.0-255,4320,86989,50,147903
13293,0.002115,172.31.46.0-255,66,87055,50,147903
13294,0.00214,74.125.24.0-255,766,87821,50,147903
13295,0.003252,172.31.46.0-255,66,87887,50,147903
13296,0.004657,74.125.24.0-255,4320,92207,50,147903
13297,0.004661,172.31.46.0-255,66,92273,50,147903
13298,0.00579,74.125.24.0-255,1484,93757,50,147903
13299,0.007174,74.125.24.0-255,4320,98077,50,147903
13300,0.00718,172.31.46.0-255,66,98143,50,147903
13301,0.009692,74.125.24.0-255,5738,103881,50,147903
13302,0.009698,172.31.46.0-255,66,103947,50,147903
13303,0.012217,74.125.24.0-255,5738,109685,50,147903
13304,0.012225,172.31.46.0-255,66,109751,50,147903
13305,0.014752,74.125.24.0-255,5738,115489,50,147903
13306,0.01476,172.31.46.0-255,66,115555,50,147903
13307,0.017319,74.125.24.0-255,5738,121293,50,147903
13308,0.017326,172.31.46.0-255,66,121359,50,147903
13309,0.019851,74.125.24.0-255,5738,127097,50,147903
13310,0.019859,172.31.46.0-255,66,127163,50,147903
13311,0.022388,74.125.24.0-255,5738,132901,50,147903
13312,0.022395,172.31.46.0-255,66,132967,50,147903
13313,0.022732,172.31.46.0-255,172,133139,50,147903
13314,0.022763,172.31.46.0-255,1113,134252,50,147903
13315,0.022821,172.31.46.0-255,1514,135766,50,147903
13316,0.022823,172.31.46.0-255,331,136097,50,147903
13317,0.024255,104.244.42.0-255,66,136163,50,147903
13318,0.024292,104.244.42.0-255,66,136229,50,147903
13319,0.024335,104.244.42.0-255,66,136295,50,147903
13320,0.024911,74.125.24.0-255,5738,142033,50,147903
13321,0.024917,172.31.46.0-255,66,142099,50,147903
13322,0.027449,74.125.24.0-255,5738,147837,50,147903
13323,0.027456,172.31.46.0-255,66,147903,50,147903
13324,0.0,74.125.130.0-255,66,66,50,66
13325,0.0,172.31.46.0-255,105,105,50,276
13326,0.001549,157.240.7.0-255,105,210,50,276
13327,0.001564,172.31.46.0-255,66,276,50,276
13328,0.0,74.125.24.0-255,156,156,50,210386
13329,2.3e-05,172.31.46.0-255,66,222,50,210386
13330,3e-05,74.125.24.0-255,1484,1706,50,210386
13331,3.4e-05,172.31.46.0-255,66,1772,50,210386
13332,4.6e-05,74.125.24.0-255,2902,4674,50,210386
13333,5e-05,172.31.46.0-255,66,4740,50,210386
13334,5.3e-05,74.125.24.0-255,1484,6224,50,210386
13335,5.5e-05,172.31.46.0-255,66,6290,50,210386
13336,8.6e-05,74.125.24.0-255,4320,10610,50,210386
13337,8.9e-05,172.31.46.0-255,66,10676,50,210386
13338,9.6e-05,74.125.24.0-255,5738,16414,50,210386
13339,9.8e-05,172.31.46.0-255,66,16480,50,210386
13340,0.000118,74.125.24.0-255,4868,21348,50,210386
13341,0.00012,172.31.46.0-255,66,21414,50,210386
13342,0.000125,74.125.24.0-255,4320,25734,50,210386
13343,0.000127,172.31.46.0-255,66,25800,50,210386
13344,0.000156,74.125.24.0-255,5379,31179,50,210386
13345,0.000159,172.31.46.0-255,66,31245,50,210386
13346,0.000231,74.125.24.0-255,1484,32729,50,210386
13347,0.000234,172.31.46.0-255,66,32795,50,210386
13348,0.000239,74.125.24.0-255,2902,35697,50,210386
13349,0.000241,172.31.46.0-255,66,35763,50,210386
13350,0.000268,74.125.24.0-255,5738,41501,50,210386
13351,0.000271,172.31.46.0-255,66,41567,50,210386
13352,0.000306,74.125.24.0-255,2902,44469,50,210386
13353,0.000309,172.31.46.0-255,66,44535,50,210386
13354,0.000335,74.125.24.0-255,5379,49914,50,210386
13355,0.000338,172.31.46.0-255,66,49980,50,210386
13356,0.000343,74.125.24.0-255,4320,54300,50,210386
13357,0.000345,172.31.46.0-255,66,54366,50,210386
13358,0.000372,74.125.24.0-255,4320,58686,50,210386
13359,0.000374,172.31.46.0-255,66,58752,50,210386
13360,0.000381,74.125.24.0-255,7069,65821,50,210386
13361,0.000383,172.31.46.0-255,66,65887,50,210386
13362,0.000395,74.125.24.0-255,132,66019,50,210386
13363,0.000508,74.125.24.0-255,1484,67503,50,210386
13364,0.000513,172.31.46.0-255,66,67569,50,210386
13365,0.000516,74.125.24.0-255,1484,69053,50,210386
13366,0.000538,74.125.24.0-255,1484,70537,50,210386
13367,0.000544,74.125.24.0-255,5738,76275,50,210386
13368,0.000548,172.31.46.0-255,66,76341,50,210386
13369,0.000555,172.31.46.0-255,66,76407,50,210386
13370,0.000558,74.125.24.0-255,1484,77891,50,210386
13371,0.000601,74.125.24.0-255,2902,80793,50,210386
13372,0.000604,172.31.46.0-255,66,80859,50,210386
13373,0.000637,74.125.24.0-255,6797,87656,50,210386
13374,0.00064,172.31.46.0-255,66,87722,50,210386
13375,0.000645,74.125.24.0-255,4320,92042,50,210386
13376,0.000647,172.31.46.0-255,66,92108,50,210386
13377,0.000666,74.125.24.0-255,5738,97846,50,210386
13378,0.000669,172.31.46.0-255,66,97912,50,210386
13379,0.000689,74.125.24.0-255,2543,100455,50,210386
13380,0.000692,172.31.46.0-255,66,100521,50,210386
13381,0.001413,74.125.24.0-255,1484,102005,50,210386
13382,0.001422,74.125.24.0-255,2902,104907,50,210386
13383,0.001425,172.31.46.0-255,66,104973,50,210386
13384,0.001458,74.125.24.0-255,2902,107875,50,210386
13385,0.001461,172.31.46.0-255,66,107941,50,210386
13386,0.001487,74.125.24.0-255,2902,110843,50,210386
13387,0.001489,172.31.46.0-255,66,110909,50,210386
13388,0.001528,172.31.46.0-255,66,110975,50,210386
13389,0.001558,74.125.24.0-255,5738,116713,50,210386
13390,0.00156,172.31.46.0-255,66,116779,50,210386
13391,0.00159,74.125.24.0-255,6438,123217,50,210386
13392,0.001592,172.31.46.0-255,66,123283,50,210386
13393,0.001929,74.125.24.0-255,1484,124767,50,210386
13394,0.001936,74.125.24.0-255,2902,127669,50,210386
13395,0.00194,172.31.46.0-255,66,127735,50,210386
13396,0.001945,74.125.24.0-255,2902,130637,50,210386
13397,0.001947,172.31.46.0-255,66,130703,50,210386
13398,0.001966,74.125.24.0-255,2902,133605,50,210386
13399,0.001968,172.31.46.0-255,66,133671,50,210386
13400,0.001972,74.125.24.0-255,2902,136573,50,210386
13401,0.001974,172.31.46.0-255,66,136639,50,210386
13402,0.002018,172.31.46.0-255,66,136705,50,210386
13403,0.002029,172.31.46.0-255,66,136771,50,210386
13404,0.002032,74.125.24.0-255,766,137537,50,210386
13405,0.004042,74.125.24.0-255,4320,141857,50,210386
13406,0.00405,172.31.46.0-255,66,141923,50,210386
13407,0.006054,74.125.24.0-255,5738,147661,50,210386
13408,0.006058,172.31.46.0-255,66,147727,50,210386
13409,0.008101,74.125.24.0-255,5738,153465,50,210386
13410,0.008117,172.31.46.0-255,66,153531,50,210386
13411,0.010148,74.125.24.0-255,5738,159269,50,210386
13412,0.010166,172.31.46.0-255,66,159335,50,210386
13413,0.012003,172.31.46.0-255,101,159436,50,210386
13414,0.012192,74.125.24.0-255,5738,165174,50,210386
13415,0.0122,172.31.46.0-255,66,165240,50,210386
13416,0.014012,74.125.24.0-255,66,165306,50,210386
13417,0.014276,74.125.24.0-255,4320,169626,50,210386
13418,0.014286,172.31.46.0-255,66,169692,50,210386
13419,0.01432,74.125.24.0-255,1484,171176,50,210386
13420,0.016339,74.125.24.0-255,4320,175496,50,210386
13421,0.016352,172.31.46.0-255,66,175562,50,210386
13422,0.018358,74.125.24.0-255,5738,181300,50,210386
13423,0.018367,172.31.46.0-255,66,181366,50,210386
13424,0.020398,74.125.24.0-255,5738,187104,50,210386
13425,0.020412,172.31.46.0-255,66,187170,50,210386
13426,0.022442,74.125.24.0-255,5738,192908,50,210386
13427,0.022452,172.31.46.0-255,66,192974,50,210386
13428,0.024481,74.125.24.0-255,5738,198712,50,210386
13429,0.02449,172.31.46.0-255,66,198778,50,210386
13430,0.026523,74.125.24.0-255,5738,204516,50,210386
13431,0.026536,172.31.46.0-255,66,204582,50,210386
13432,0.028597,74.125.24.0-255,5738,210320,50,210386
13433,0.028608,172.31.46.0-255,66,210386,50,210386
13434,0.0,74.125.130.0-255,298,298,50,267311
13435,1.9e-05,172.31.46.0-255,66,364,50,267311
13436,2.6e-05,74.125.130.0-255,1484,1848,50,267311
13437,3e-05,172.31.46.0-255,66,1914,50,267311
13438,3.6e-05,74.125.130.0-255,4320,6234,50,267311
13439,3.9e-05,172.31.46.0-255,66,6300,50,267311
13440,4.1e-05,74.125.130.0-255,1484,7784,50,267311
13441,4.5e-05,172.31.46.0-255,66,7850,50,267311
13442,5e-05,74.125.130.0-255,2902,10752,50,267311
13443,5.2e-05,172.31.46.0-255,66,10818,50,267311
13444,8.7e-05,74.125.130.0-255,4320,15138,50,267311
13445,9e-05,172.31.46.0-255,66,15204,50,267311
13446,0.000104,74.125.130.0-255,1913,17117,50,267311
13447,0.000106,172.31.46.0-255,66,17183,50,267311
13448,0.000109,74.125.130.0-255,1484,18667,50,267311
13449,0.000111,172.31.46.0-255,66,18733,50,267311
13450,0.000135,74.125.130.0-255,5738,24471,50,267311
13451,0.000137,172.31.46.0-255,66,24537,50,267311
13452,0.000144,74.125.130.0-255,6797,31334,50,267311
13453,0.000146,172.31.46.0-255,66,31400,50,267311
13454,0.000452,74.125.130.0-255,1484,32884,50,267311
13455,0.000457,172.31.46.0-255,66,32950,50,267311
13456,0.000463,74.125.130.0-255,2902,35852,50,267311
13457,0.000466,172.31.46.0-255,66,35918,50,267311
13458,0.00049,74.125.130.0-255,5738,41656,50,267311
13459,0.000492,172.31.46.0-255,66,41722,50,267311
13460,0.000497,74.125.130.0-255,2902,44624,50,267311
13461,0.000499,172.31.46.0-255,66,44690,50,267311
13462,0.000531,74.125.130.0-255,4320,49010,50,267311
13463,0.000534,172.31.46.0-255,66,49076,50,267311
13464,0.000558,74.125.130.0-255,6797,55873,50,267311
13465,0.000563,74.125.130.0-255,4320,60193,50,267311
13466,0.000566,172.31.46.0-255,66,60259,50,267311
13467,0.000569,172.31.46.0-255,66,60325,50,267311
13468,0.000607,74.125.130.0-255,5379,65704,50,267311
13469,0.000611,172.31.46.0-255,66,65770,50,267311
13470,0.000657,74.125.130.0-255,645,66415,50,267311
13471,0.001018,74.125.130.0-255,1484,67899,50,267311
13472,0.001023,172.31.46.0-255,66,67965,50,267311
13473,0.001045,74.125.130.0-255,2902,70867,50,267311
13474,0.001047,172.31.46.0-255,66,70933,50,267311
13475,0.001054,74.125.130.0-255,5738,76671,50,267311
13476,0.001055,172.31.46.0-255,66,76737,50,267311
13477,0.00108,74.125.130.0-255,7156,83893,50,267311
13478,0.001082,172.31.46.0-255,66,83959,50,267311
13479,0.00114,172.31.46.0-255,66,84025,50,267311
13480,0.001158,74.125.130.0-255,5020,89045,50,267311
13481,0.00116,172.31.46.0-255,66,89111,50,267311
13482,0.001225,74.125.130.0-255,1484,90595,50,267311
13483,0.001244,74.125.130.0-255,2902,93497,50,267311
13484,0.001247,172.31.46.0-255,66,93563,50,267311
13485,0.001251,74.125.130.0-255,1484,95047,50,267311
13486,0.001266,74.125.130.0-255,2902,97949,50,267311
13487,0.001268,172.31.46.0-255,66,98015,50,267311
13488,0.001308,74.125.130.0-255,5738,103753,50,267311
13489,0.001311,172.31.46.0-255,66,103819,50,267311
13490,0.001315,74.125.130.0-255,1484,105303,50,267311
13491,0.001333,74.125.130.0-255,2902,108205,50,267311
13492,0.001336,172.31.46.0-255,66,108271,50,267311
13493,0.00135,74.125.130.0-255,2902,111173,50,267311
13494,0.001352,172.31.46.0-255,66,111239,50,267311
13495,0.001379,74.125.130.0-255,2902,114141,50,267311
13496,0.001382,172.31.46.0-255,66,114207,50,267311
13497,0.001385,74.125.130.0-255,1484,115691,50,267311
13498,0.001389,74.125.130.0-255,2902,118593,50,267311
13499,0.001391,172.31.46.0-255,66,118659,50,267311
13500,0.001416,74.125.130.0-255,2902,121561,50,267311
13501,0.001418,172.31.46.0-255,66,121627,50,267311
13502,0.001437,74.125.130.0-255,2184,123811,50,267311
13503,0.00144,172.31.46.0-255,66,123877,50,267311
13504,0.001504,74.125.130.0-255,1484,125361,50,267311
13505,0.001519,74.125.130.0-255,2902,128263,50,267311
13506,0.001522,172.31.46.0-255,66,128329,50,267311
13507,0.00154,74.125.130.0-255,1484,129813,50,267311
13508,0.001555,74.125.130.0-255,4320,134133,50,267311
13509,0.001558,172.31.46.0-255,66,134199,50,267311
13510,0.001562,74.125.130.0-255,2902,137101,50,267311
13511,0.001564,172.31.46.0-255,66,137167,50,267311
13512,0.001567,74.125.130.0-255,1484,138651,50,267311
13513,0.001592,74.125.130.0-255,2902,141553,50,267311
13514,0.001594,172.31.46.0-255,66,141619,50,267311
13515,0.001601,74.125.130.0-255,4320,145939,50,267311
13516,0.001603,172.31.46.0-255,66,146005,50,267311
13517,0.001624,74.125.130.0-255,4320,150325,50,267311
13518,0.001627,172.31.46.0-255,66,150391,50,267311
13519,0.001632,74.125.130.0-255,4320,154711,50,267311
13520,0.001634,172.31.46.0-255,66,154777,50,267311
13521,0.001668,74.125.130.0-255,3602,158379,50,267311
13522,0.001671,172.31.46.0-255,66,158445,50,267311
13523,0.002048,74.125.130.0-255,1484,159929,50,267311
13524,0.002068,74.125.130.0-255,1484,161413,50,267311
13525,0.002071,172.31.46.0-255,66,161479,50,267311
13526,0.002088,74.125.130.0-255,2902,164381,50,267311
13527,0.002091,172.31.46.0-255,66,164447,50,267311
13528,0.002096,74.125.130.0-255,2902,167349,50,267311
13529,0.002098,172.31.46.0-255,66,167415,50,267311
13530,0.002129,74.125.130.0-255,2902,170317,50,267311
13531,0.002132,172.31.46.0-255,66,170383,50,267311
13532,0.002138,74.125.130.0-255,4320,174703,50,267311
13533,0.00214,172.31.46.0-255,66,174769,50,267311
13534,0.002146,74.125.130.0-255,5738,180507,50,267311
13535,0.002148,172.31.46.0-255,66,180573,50,267311
13536,0.002176,74.125.130.0-255,2902,183475,50,267311
13537,0.002178,172.31.46.0-255,66,183541,50,267311
13538,0.002201,74.125.130.0-255,7156,190697,50,267311
13539,0.002203,172.31.46.0-255,66,190763,50,267311
13540,0.00222,74.125.130.0-255,2184,192947,50,267311
13541,0.002223,172.31.46.0-255,66,193013,50,267311
13542,0.002392,74.125.130.0-255,1484,194497,50,267311
13543,0.002411,74.125.130.0-255,2902,197399,50,267311
13544,0.002414,172.31.46.0-255,66,197465,50,267311
13545,0.00242,74.125.130.0-255,4320,201785,50,267311
13546,0.002422,172.31.46.0-255,66,201851,50,267311
13547,0.00245,74.125.130.0-255,5738,207589,50,267311
13548,0.002453,172.31.46.0-255,66,207655,50,267311
13549,0.002478,172.31.46.0-255,66,207721,50,267311
13550,0.00249,74.125.130.0-255,1484,209205,50,267311
13551,0.002536,172.31.46.0-255,66,209271,50,267311
13552,0.005142,74.125.130.0-255,5738,215009,50,267311
13553,0.005149,172.31.46.0-255,66,215075,50,267311
13554,0.007754,74.125.130.0-255,5738,220813,50,267311
13555,0.007757,172.31.46.0-255,66,220879,50,267311
13556,0.010359,74.125.130.0-255,5738,226617,50,267311
13557,0.010366,172.31.46.0-255,66,226683,50,267311
13558,0.012979,74.125.130.0-255,5738,232421,50,267311
13559,0.012988,172.31.46.0-255,66,232487,50,267311
13560,0.015599,74.125.130.0-255,5738,238225,50,267311
13561,0.015607,172.31.46.0-255,66,238291,50,267311
13562,0.018253,74.125.130.0-255,5738,244029,50,267311
13563,0.018264,172.31.46.0-255,66,244095,50,267311
13564,0.020877,74.125.130.0-255,5738,249833,50,267311
13565,0.020887,172.31.46.0-255,66,249899,50,267311
13566,0.023506,74.125.130.0-255,5738,255637,50,267311
13567,0.023514,172.31.46.0-255,66,255703,50,267311
13568,0.026137,74.125.130.0-255,5738,261441,50,267311
13569,0.026155,172.31.46.0-255,66,261507,50,267311
13570,0.028782,74.125.130.0-255,5738,267245,50,267311
13571,0.028799,172.31.46.0-255,66,267311,50,267311
13572,0.0,172.217.194.0-255,301,301,50,146645
13573,2e-05,172.31.46.0-255,66,367,50,146645
13574,2.6e-05,172.217.194.0-255,1484,1851,50,146645
13575,3e-05,172.31.46.0-255,66,1917,50,146645
13576,3.7e-05,172.217.194.0-255,4320,6237,50,146645
13577,4.1e-05,172.31.46.0-255,66,6303,50,146645
13578,4.4e-05,172.217.194.0-255,1484,7787,50,146645
13579,4.7e-05,172.31.46.0-255,66,7853,50,146645
13580,8.2e-05,172.217.194.0-255,5738,13591,50,146645
13581,8.6e-05,172.31.46.0-255,66,13657,50,146645
13582,0.000114,172.217.194.0-255,1807,15464,50,146645
13583,0.000117,172.31.46.0-255,66,15530,50,146645
13584,0.000133,172.31.46.0-255,66,15596,50,146645
13585,0.000182,172.217.194.0-255,1484,17080,50,146645
13586,0.000184,172.31.46.0-255,66,17146,50,146645
13587,0.00019,172.217.194.0-255,2902,20048,50,146645
13588,0.000193,172.31.46.0-255,66,20114,50,146645
13589,0.000222,172.217.194.0-255,5738,25852,50,146645
13590,0.000224,172.31.46.0-255,66,25918,50,146645
13591,0.000227,172.217.194.0-255,1484,27402,50,146645
13592,0.000229,172.31.46.0-255,66,27468,50,146645
13593,0.000257,172.31.46.0-255,66,27534,50,146645
13594,0.000274,172.217.194.0-255,1484,29018,50,146645
13595,0.000277,172.31.46.0-255,66,29084,50,146645
13596,0.000297,172.31.46.0-255,66,29150,50,146645
13597,0.000331,172.217.194.0-255,1484,30634,50,146645
13598,0.000333,172.31.46.0-255,66,30700,50,146645
13599,0.000338,172.217.194.0-255,2902,33602,50,146645
13600,0.000341,172.31.46.0-255,66,33668,50,146645
13601,0.000364,172.217.194.0-255,5738,39406,50,146645
13602,0.00037,172.217.194.0-255,2902,42308,50,146645
13603,0.000397,172.217.194.0-255,4320,46628,50,146645
13604,0.000413,172.217.194.0-255,5379,52007,50,146645
13605,0.000567,172.31.46.0-255,66,52073,50,146645
13606,0.000604,172.217.194.0-255,1484,53557,50,146645
13607,0.00061,172.217.194.0-255,2902,56459,50,146645
13608,0.000616,172.217.194.0-255,5738,62197,50,146645
13609,0.00067,172.31.46.0-255,66,62263,50,146645
13610,0.000673,172.217.194.0-255,484,62747,50,146645
13611,0.000773,172.217.194.0-255,1484,64231,50,146645
13612,0.000778,172.217.194.0-255,2902,67133,50,146645
13613,0.00079,172.31.46.0-255,66,67199,50,146645
13614,0.000802,172.217.194.0-255,5738,72937,50,146645
13615,0.000807,172.217.194.0-255,4320,77257,50,146645
13616,0.000847,172.217.194.0-255,2902,80159,50,146645
13617,0.000856,172.31.46.0-255,66,80225,50,146645
13618,0.000902,172.217.194.0-255,2902,83127,50,146645
13619,0.000921,172.31.46.0-255,66,83193,50,146645
13620,0.001,172.217.194.0-255,7156,90349,50,146645
13621,0.00101,172.31.46.0-255,66,90415,50,146645
13622,0.001059,172.31.46.0-255,66,90481,50,146645
13623,0.001111,172.217.194.0-255,4320,94801,50,146645
13624,0.001119,172.31.46.0-255,66,94867,50,146645
13625,0.001168,172.31.46.0-255,66,94933,50,146645
13626,0.001171,172.217.194.0-255,1484,96417,50,146645
13627,0.001176,172.217.194.0-255,2902,99319,50,146645
13628,0.00119,172.217.194.0-255,5738,105057,50,146645
13629,0.001192,172.31.46.0-255,66,105123,50,146645
13630,0.001216,172.217.194.0-255,7156,112279,50,146645
13631,0.001223,172.217.194.0-255,7156,119435,50,146645
13632,0.001229,172.31.46.0-255,66,119501,50,146645
13633,0.001241,172.217.194.0-255,7156,126657,50,146645
13634,0.001277,172.31.46.0-255,66,126723,50,146645
13635,0.001298,172.217.194.0-255,2184,128907,50,146645
13636,0.001314,172.217.194.0-255,2902,131809,50,146645
13637,0.001323,172.31.46.0-255,66,131875,50,146645
13638,0.001389,172.31.46.0-255,66,131941,50,146645
13639,0.001413,172.217.194.0-255,7156,139097,50,146645
13640,0.001423,172.31.46.0-255,66,139163,50,146645
13641,0.00149,172.217.194.0-255,3045,142208,50,146645
13642,0.001493,172.217.194.0-255,105,142313,50,146645
13643,0.001551,172.31.46.0-255,66,142379,50,146645
13644,0.004282,172.31.46.0-255,105,142484,50,146645
13645,0.006263,172.217.194.0-255,66,142550,50,146645
13646,0.029238,172.31.46.0-255,172,142722,50,146645
13647,0.02927,172.31.46.0-255,1113,143835,50,146645
13648,0.029325,172.31.46.0-255,1514,145349,50,146645
13649,0.029326,172.31.46.0-255,1296,146645,50,146645
13650,0.0,172.217.194.0-255,153,153,50,205334
13651,1.3e-05,172.31.46.0-255,66,219,50,205334
13652,1.9e-05,172.217.194.0-255,1484,1703,50,205334
13653,2.3e-05,172.31.46.0-255,66,1769,50,205334
13654,2.8e-05,172.217.194.0-255,2902,4671,50,205334
13655,3.1e-05,172.31.46.0-255,66,4737,50,205334
13656,3.6e-05,172.217.194.0-255,4320,9057,50,205334
13657,3.9e-05,172.31.46.0-255,66,9123,50,205334
13658,6.4e-05,172.217.194.0-255,2902,12025,50,205334
13659,6.6e-05,172.31.46.0-255,66,12091,50,205334
13660,8.5e-05,172.217.194.0-255,1484,13575,50,205334
13661,8.7e-05,172.31.46.0-255,66,13641,50,205334
13662,0.000109,172.217.194.0-255,6228,19869,50,205334
13663,0.000112,172.31.46.0-255,66,19935,50,205334
13664,0.00012,172.31.46.0-255,66,20001,50,205334
13665,0.000134,172.217.194.0-255,2543,22544,50,205334
13666,0.000137,172.31.46.0-255,66,22610,50,205334
13667,0.000242,172.217.194.0-255,1484,24094,50,205334
13668,0.000246,172.31.46.0-255,66,24160,50,205334
13669,0.000251,172.217.194.0-255,2902,27062,50,205334
13670,0.000253,172.31.46.0-255,66,27128,50,205334
13671,0.000255,172.217.194.0-255,1484,28612,50,205334
13672,0.000257,172.31.46.0-255,66,28678,50,205334
13673,0.000283,172.217.194.0-255,4320,32998,50,205334
13674,0.000286,172.31.46.0-255,66,33064,50,205334
13675,0.000292,172.217.194.0-255,6797,39861,50,205334
13676,0.000294,172.31.46.0-255,66,39927,50,205334
13677,0.000324,172.31.46.0-255,66,39993,50,205334
13678,0.000346,172.217.194.0-255,4320,44313,50,205334
13679,0.000347,172.31.46.0-255,66,44379,50,205334
13680,0.000351,172.217.194.0-255,2803,47182,50,205334
13681,0.000353,172.31.46.0-255,66,47248,50,205334
13682,0.000812,172.217.194.0-255,113,47361,50,205334
13683,0.000849,172.31.46.0-255,66,47427,50,205334
13684,0.000897,172.217.194.0-255,382,47809,50,205334
13685,0.000921,172.31.46.0-255,66,47875,50,205334
13686,0.001058,172.217.194.0-255,1484,49359,50,205334
13687,0.001065,172.217.194.0-255,2902,52261,50,205334
13688,0.001069,172.31.46.0-255,66,52327,50,205334
13689,0.001075,172.217.194.0-255,5738,58065,50,205334
13690,0.001076,172.31.46.0-255,66,58131,50,205334
13691,0.001109,172.217.194.0-255,6245,64376,50,205334
13692,0.001111,172.31.46.0-255,66,64442,50,205334
13693,0.001233,172.217.194.0-255,1484,65926,50,205334
13694,0.001239,172.217.194.0-255,2902,68828,50,205334
13695,0.001242,172.31.46.0-255,66,68894,50,205334
13696,0.001245,172.217.194.0-255,1484,70378,50,205334
13697,0.001263,172.217.194.0-255,4320,74698,50,205334
13698,0.001265,172.31.46.0-255,66,74764,50,205334
13699,0.00128,172.217.194.0-255,5738,80502,50,205334
13700,0.001282,172.31.46.0-255,66,80568,50,205334
13701,0.001308,172.217.194.0-255,7156,87724,50,205334
13702,0.00131,172.31.46.0-255,66,87790,50,205334
13703,0.001321,172.31.46.0-255,66,87856,50,205334
13704,0.001607,172.217.194.0-255,1484,89340,50,205334
13705,0.001616,172.217.194.0-255,2902,92242,50,205334
13706,0.00162,172.31.46.0-255,66,92308,50,205334
13707,0.001626,172.217.194.0-255,2902,95210,50,205334
13708,0.001628,172.31.46.0-255,66,95276,50,205334
13709,0.001655,172.217.194.0-255,2902,98178,50,205334
13710,0.001657,172.31.46.0-255,66,98244,50,205334
13711,0.001673,172.31.46.0-255,66,98310,50,205334
13712,0.001676,172.217.194.0-255,1484,99794,50,205334
13713,0.001736,172.31.46.0-255,66,99860,50,205334
13714,0.002074,172.217.194.0-255,1484,101344,50,205334
13715,0.002082,172.217.194.0-255,2902,104246,50,205334
13716,0.002087,172.31.46.0-255,66,104312,50,205334
13717,0.002092,172.217.194.0-255,1484,105796,50,205334
13718,0.002112,172.217.194.0-255,4320,110116,50,205334
13719,0.002115,172.31.46.0-255,66,110182,50,205334
13720,0.002127,172.31.46.0-255,66,110248,50,205334
13721,0.002177,172.31.46.0-255,66,110314,50,205334
13722,0.0022,172.217.194.0-255,5020,115334,50,205334
13723,0.002203,172.31.46.0-255,66,115400,50,205334
13724,0.00222,172.217.194.0-255,1484,116884,50,205334
13725,0.002224,172.217.194.0-255,1484,118368,50,205334
13726,0.002227,172.31.46.0-255,66,118434,50,205334
13727,0.002237,172.217.194.0-255,1484,119918,50,205334
13728,0.002243,172.217.194.0-255,5738,125656,50,205334
13729,0.002246,172.31.46.0-255,66,125722,50,205334
13730,0.002282,172.31.46.0-255,66,125788,50,205334
13731,0.002322,172.217.194.0-255,7156,132944,50,205334
13732,0.002325,172.31.46.0-255,66,133010,50,205334
13733,0.002349,172.217.194.0-255,6438,139448,50,205334
13734,0.002352,172.31.46.0-255,66,139514,50,205334
13735,0.004695,172.217.194.0-255,4320,143834,50,205334
13736,0.0047,172.31.46.0-255,66,143900,50,205334
13737,0.004717,172.217.194.0-255,1484,145384,50,205334
13738,0.007017,172.217.194.0-255,4320,149704,50,205334
13739,0.007022,172.31.46.0-255,66,149770,50,205334
13740,0.009384,172.217.194.0-255,5738,155508,50,205334
13741,0.009391,172.31.46.0-255,66,155574,50,205334
13742,0.011747,172.217.194.0-255,5738,161312,50,205334
13743,0.011756,172.31.46.0-255,66,161378,50,205334
13744,0.01414,172.217.194.0-255,5738,167116,50,205334
13745,0.014148,172.31.46.0-255,66,167182,50,205334
13746,0.016494,172.217.194.0-255,5738,172920,50,205334
13747,0.016506,172.31.46.0-255,66,172986,50,205334
13748,0.01886,172.217.194.0-255,5738,178724,50,205334
13749,0.018869,172.31.46.0-255,66,178790,50,205334
13750,0.021188,172.217.194.0-255,5738,184528,50,205334
13751,0.021194,172.31.46.0-255,66,184594,50,205334
13752,0.023527,172.217.194.0-255,5738,190332,50,205334
13753,0.023534,172.31.46.0-255,66,190398,50,205334
13754,0.025473,172.31.46.0-255,172,190570,50,205334
13755,0.025503,172.31.46.0-255,1112,191682,50,205334
13756,0.025565,172.31.46.0-255,1514,193196,50,205334
13757,0.025567,172.31.46.0-255,332,193528,50,205334
13758,0.025893,172.217.194.0-255,5738,199266,50,205334
13759,0.0259,172.31.46.0-255,66,199332,50,205334
13760,0.027047,104.244.42.0-255,66,199398,50,205334
13761,0.027084,104.244.42.0-255,66,199464,50,205334
13762,0.027144,104.244.42.0-255,66,199530,50,205334
13763,0.028243,172.217.194.0-255,5738,205268,50,205334
13764,0.028248,172.31.46.0-255,66,205334,50,205334
13765,0.0,172.217.27.0-255,152,152,50,172418
13766,2.4e-05,172.31.46.0-255,66,218,50,172418
13767,3.3e-05,172.217.27.0-255,1484,1702,50,172418
13768,3.8e-05,172.31.46.0-255,66,1768,50,172418
13769,5e-05,172.217.27.0-255,2902,4670,50,172418
13770,5.3e-05,172.31.46.0-255,66,4736,50,172418
13771,5.7e-05,172.217.27.0-255,1484,6220,50,172418
13772,6.1e-05,172.31.46.0-255,66,6286,50,172418
13773,6.6e-05,172.217.27.0-255,2902,9188,50,172418
13774,6.9e-05,172.31.46.0-255,66,9254,50,172418
13775,7.3e-05,172.217.27.0-255,2902,12156,50,172418
13776,7.6e-05,172.31.46.0-255,66,12222,50,172418
13777,0.000116,172.217.27.0-255,2058,14280,50,172418
13778,0.000119,172.31.46.0-255,66,14346,50,172418
13779,0.000155,172.217.27.0-255,2902,17248,50,172418
13780,0.000159,172.31.46.0-255,66,17314,50,172418
13781,0.000162,172.217.27.0-255,1484,18798,50,172418
13782,0.000164,172.31.46.0-255,66,18864,50,172418
13783,0.000187,172.217.27.0-255,1484,20348,50,172418
13784,0.000193,172.31.46.0-255,66,20414,50,172418
13785,0.000199,172.217.27.0-255,4320,24734,50,172418
13786,0.000202,172.31.46.0-255,66,24800,50,172418
13787,0.000227,172.217.27.0-255,2902,27702,50,172418
13788,0.000229,172.31.46.0-255,66,27768,50,172418
13789,0.000249,172.217.27.0-255,3961,31729,50,172418
13790,0.000251,172.31.46.0-255,66,31795,50,172418
13791,0.000346,172.217.27.0-255,1484,33279,50,172418
13792,0.00035,172.31.46.0-255,66,33345,50,172418
13793,0.000355,172.217.27.0-255,2902,36247,50,172418
13794,0.000357,172.31.46.0-255,66,36313,50,172418
13795,0.000388,172.217.27.0-255,5738,42051,50,172418
13796,0.000392,172.31.46.0-255,66,42117,50,172418
13797,0.000402,172.217.27.0-255,6797,48914,50,172418
13798,0.000436,172.217.27.0-255,4320,53234,50,172418
13799,0.000484,172.217.27.0-255,1484,54718,50,172418
13800,0.000523,172.217.27.0-255,2543,57261,50,172418
13801,0.000525,172.217.27.0-255,396,57657,50,172418
13802,0.000628,172.31.46.0-255,66,57723,50,172418
13803,0.000811,172.217.27.0-255,349,58072,50,172418
13804,0.000898,172.217.27.0-255,1484,59556,50,172418
13805,0.000912,172.217.27.0-255,2902,62458,50,172418
13806,0.000918,172.217.27.0-255,4320,66778,50,172418
13807,0.00093,172.217.27.0-255,1484,68262,50,172418
13808,0.000933,172.217.27.0-255,1484,69746,50,172418
13809,0.000943,172.31.46.0-255,66,69812,50,172418
13810,0.000953,172.217.27.0-255,2902,72714,50,172418
13811,0.000958,172.31.46.0-255,66,72780,50,172418
13812,0.000989,172.217.27.0-255,5379,78159,50,172418
13813,0.001,172.217.27.0-255,1484,79643,50,172418
13814,0.001009,172.217.27.0-255,1484,81127,50,172418
13815,0.00102,172.31.46.0-255,66,81193,50,172418
13816,0.001032,172.217.27.0-255,7156,88349,50,172418
13817,0.001038,172.31.46.0-255,66,88415,50,172418
13818,0.001052,172.217.27.0-255,2902,91317,50,172418
13819,0.001073,172.31.46.0-255,66,91383,50,172418
13820,0.00108,172.217.27.0-255,1125,92508,50,172418
13821,0.001556,172.31.46.0-255,66,92574,50,172418
13822,0.00268,172.217.27.0-255,1484,94058,50,172418
13823,0.002705,172.217.27.0-255,2902,96960,50,172418
13824,0.003199,172.217.27.0-255,1484,98444,50,172418
13825,0.006499,172.31.46.0-255,66,98510,50,172418
13826,0.008183,172.217.27.0-255,5738,104248,50,172418
13827,0.008237,172.31.46.0-255,66,104314,50,172418
13828,0.009907,172.217.27.0-255,5738,110052,50,172418
13829,0.009922,172.31.46.0-255,66,110118,50,172418
13830,0.011592,172.217.27.0-255,5738,115856,50,172418
13831,0.013356,172.31.46.0-255,66,115922,50,172418
13832,0.015033,172.217.27.0-255,5738,121660,50,172418
13833,0.01505,172.31.46.0-255,66,121726,50,172418
13834,0.016721,172.217.27.0-255,5738,127464,50,172418
13835,0.016731,172.31.46.0-255,66,127530,50,172418
13836,0.018406,172.217.27.0-255,5738,133268,50,172418
13837,0.018418,172.31.46.0-255,66,133334,50,172418
13838,0.020085,172.217.27.0-255,5738,139072,50,172418
13839,0.020098,172.31.46.0-255,66,139138,50,172418
13840,0.021762,172.217.27.0-255,5738,144876,50,172418
13841,0.021771,172.31.46.0-255,66,144942,50,172418
13842,0.021915,172.31.46.0-255,101,145043,50,172418
13843,0.023431,172.217.27.0-255,5738,150781,50,172418
13844,0.02344,172.31.46.0-255,66,150847,50,172418
13845,0.023521,172.217.27.0-255,66,150913,50,172418
13846,0.025097,172.217.27.0-255,5738,156651,50,172418
13847,0.025105,172.31.46.0-255,66,156717,50,172418
13848,0.026779,172.217.27.0-255,5738,162455,50,172418
13849,0.026794,172.31.46.0-255,66,162521,50,172418
13850,0.02849,172.217.27.0-255,5738,168259,50,172418
13851,0.028502,172.31.46.0-255,66,168325,50,172418
13852,0.028761,172.31.46.0-255,172,168497,50,172418
13853,0.028795,172.31.46.0-255,1113,169610,50,172418
13854,0.028854,172.31.46.0-255,1514,171124,50,172418
13855,0.028855,172.31.46.0-255,1294,172418,50,172418
13856,0.0,74.125.200.0-255,152,152,50,310443
13857,2.3e-05,172.31.46.0-255,66,218,50,310443
13858,3e-05,74.125.200.0-255,1484,1702,50,310443
13859,3.4e-05,172.31.46.0-255,66,1768,50,310443
13860,4.6e-05,74.125.200.0-255,2902,4670,50,310443
13861,5e-05,172.31.46.0-255,66,4736,50,310443
13862,5.9e-05,74.125.200.0-255,7156,11892,50,310443
13863,6.2e-05,172.31.46.0-255,66,11958,50,310443
13864,6.7e-05,74.125.200.0-255,2087,14045,50,310443
13865,6.9e-05,172.31.46.0-255,66,14111,50,310443
13866,0.000121,172.31.46.0-255,66,14177,50,310443
13867,0.000124,74.125.200.0-255,1484,15661,50,310443
13868,0.000126,172.31.46.0-255,66,15727,50,310443
13869,0.000131,74.125.200.0-255,2902,18629,50,310443
13870,0.000134,172.31.46.0-255,66,18695,50,310443
13871,0.000182,74.125.200.0-255,1125,19820,50,310443
13872,0.000184,172.31.46.0-255,66,19886,50,310443
13873,0.000235,74.125.200.0-255,1484,21370,50,310443
13874,0.000238,172.31.46.0-255,66,21436,50,310443
13875,0.000263,74.125.200.0-255,2902,24338,50,310443
13876,0.000266,172.31.46.0-255,66,24404,50,310443
13877,0.00027,74.125.200.0-255,1484,25888,50,310443
13878,0.000272,172.31.46.0-255,66,25954,50,310443
13879,0.000276,74.125.200.0-255,2902,28856,50,310443
13880,0.000278,172.31.46.0-255,66,28922,50,310443
13881,0.000306,74.125.200.0-255,5738,34660,50,310443
13882,0.000309,172.31.46.0-255,66,34726,50,310443
13883,0.000313,74.125.200.0-255,2902,37628,50,310443
13884,0.000316,172.31.46.0-255,66,37694,50,310443
13885,0.00035,74.125.200.0-255,2543,40237,50,310443
13886,0.000353,172.31.46.0-255,66,40303,50,310443
13887,0.00036,74.125.200.0-255,5738,46041,50,310443
13888,0.000367,74.125.200.0-255,4320,50361,50,310443
13889,0.000397,74.125.200.0-255,4241,54602,50,310443
13890,0.0004,74.125.200.0-255,129,54731,50,310443
13891,0.000463,74.125.200.0-255,1484,56215,50,310443
13892,0.000485,74.125.200.0-255,2902,59117,50,310443
13893,0.000505,74.125.200.0-255,2902,62019,50,310443
13894,0.000521,74.125.200.0-255,2902,64921,50,310443
13895,0.000525,74.125.200.0-255,2902,67823,50,310443
13896,0.00053,74.125.200.0-255,3961,71784,50,310443
13897,0.000582,74.125.200.0-255,4320,76104,50,310443
13898,0.000619,74.125.200.0-255,3658,79762,50,310443
13899,0.000669,172.31.46.0-255,66,79828,50,310443
13900,0.000705,74.125.200.0-255,1484,81312,50,310443
13901,0.000709,74.125.200.0-255,1484,82796,50,310443
13902,0.000723,74.125.200.0-255,2902,85698,50,310443
13903,0.000728,172.31.46.0-255,66,85764,50,310443
13904,0.000759,74.125.200.0-255,5738,91502,50,310443
13905,0.000761,74.125.200.0-255,1484,92986,50,310443
13906,0.00077,172.31.46.0-255,66,93052,50,310443
13907,0.000798,74.125.200.0-255,7156,100208,50,310443
13908,0.000813,74.125.200.0-255,1484,101692,50,310443
13909,0.000831,74.125.200.0-255,7156,108848,50,310443
13910,0.000837,172.31.46.0-255,66,108914,50,310443
13911,0.000856,74.125.200.0-255,5020,113934,50,310443
13912,0.000871,172.31.46.0-255,66,114000,50,310443
13913,0.00097,74.125.200.0-255,1484,115484,50,310443
13914,0.000981,74.125.200.0-255,1484,116968,50,310443
13915,0.000996,74.125.200.0-255,1484,118452,50,310443
13916,0.001,172.31.46.0-255,66,118518,50,310443
13917,0.001031,74.125.200.0-255,5738,124256,50,310443
13918,0.001037,74.125.200.0-255,5738,129994,50,310443
13919,0.00104,74.125.200.0-255,1484,131478,50,310443
13920,0.001056,74.125.200.0-255,5738,137216,50,310443
13921,0.001066,172.31.46.0-255,66,137282,50,310443
13922,0.001082,74.125.200.0-255,7156,144438,50,310443
13923,0.001099,74.125.200.0-255,3602,148040,50,310443
13924,0.001113,172.31.46.0-255,66,148106,50,310443
13925,0.001149,74.125.200.0-255,1484,149590,50,310443
13926,0.001169,74.125.200.0-255,2902,152492,50,310443
13927,0.001172,74.125.200.0-255,1484,153976,50,310443
13928,0.001186,172.31.46.0-255,66,154042,50,310443
13929,0.001191,74.125.200.0-255,2902,156944,50,310443
13930,0.001196,74.125.200.0-255,2902,159846,50,310443
13931,0.001212,74.125.200.0-255,2902,162748,50,310443
13932,0.001214,172.31.46.0-255,66,162814,50,310443
13933,0.001235,74.125.200.0-255,7156,169970,50,310443
13934,0.001251,74.125.200.0-255,4320,174290,50,310443
13935,0.001259,172.31.46.0-255,66,174356,50,310443
13936,0.00131,172.31.46.0-255,66,174422,50,310443
13937,0.001325,74.125.200.0-255,5738,180160,50,310443
13938,0.00134,74.125.200.0-255,2902,183062,50,310443
13939,0.001344,74.125.200.0-255,2902,185964,50,310443
13940,0.00143,172.31.46.0-255,66,186030,50,310443
13941,0.001531,74.125.200.0-255,1484,187514,50,310443
13942,0.001545,74.125.200.0-255,2902,190416,50,310443
13943,0.001564,74.125.200.0-255,2902,193318,50,310443
13944,0.001566,172.31.46.0-255,66,193384,50,310443
13945,0.001571,172.31.46.0-255,66,193450,50,310443
13946,0.001595,74.125.200.0-255,2902,196352,50,310443
13947,0.001602,74.125.200.0-255,5738,202090,50,310443
13948,0.001617,74.125.200.0-255,7156,209246,50,310443
13949,0.001636,172.31.46.0-255,66,209312,50,310443
13950,0.001656,172.31.46.0-255,66,209378,50,310443
13951,0.001667,74.125.200.0-255,2184,211562,50,310443
13952,0.001686,172.31.46.0-255,66,211628,50,310443
13953,0.001776,74.125.200.0-255,1484,213112,50,310443
13954,0.00178,74.125.200.0-255,1484,214596,50,310443
13955,0.001794,74.125.200.0-255,2902,217498,50,310443
13956,0.0018,172.31.46.0-255,66,217564,50,310443
13957,0.001829,74.125.200.0-255,5738,223302,50,310443
13958,0.001835,74.125.200.0-255,4320,227622,50,310443
13959,0.001851,74.125.200.0-255,2902,230524,50,310443
13960,0.001865,172.31.46.0-255,66,230590,50,310443
13961,0.001894,74.125.200.0-255,6438,237028,50,310443
13962,0.001913,172.31.46.0-255,66,237094,50,310443
13963,0.001992,74.125.200.0-255,1484,238578,50,310443
13964,0.002004,74.125.200.0-255,2902,241480,50,310443
13965,0.002019,74.125.200.0-255,4320,245800,50,310443
13966,0.002029,74.125.200.0-255,1484,247284,50,310443
13967,0.002032,74.125.200.0-255,1484,248768,50,310443
13968,0.002036,172.31.46.0-255,66,248834,50,310443
13969,0.002064,74.125.200.0-255,4320,253154,50,310443
13970,0.002071,74.125.200.0-255,7156,260310,50,310443
13971,0.002116,172.31.46.0-255,66,260376,50,310443
13972,0.002144,74.125.200.0-255,7156,267532,50,310443
13973,0.002155,172.31.46.0-255,66,267598,50,310443
13974,0.002173,74.125.200.0-255,4320,271918,50,310443
13975,0.002187,74.125.200.0-255,4320,276238,50,310443
13976,0.002198,172.31.46.0-255,66,276304,50,310443
13977,0.002222,172.31.46.0-255,66,276370,50,310443
13978,0.002246,74.125.200.0-255,4320,280690,50,310443
13979,0.002254,172.31.46.0-255,66,280756,50,310443
13980,0.002266,74.125.200.0-255,5020,285776,50,310443
13981,0.002297,74.125.200.0-255,7156,292932,50,310443
13982,0.002311,74.125.200.0-255,2902,295834,50,310443
13983,0.002314,74.125.200.0-255,1484,297318,50,310443
13984,0.002327,172.31.46.0-255,66,297384,50,310443
13985,0.002358,74.125.200.0-255,1484,298868,50,310443
13986,0.002415,172.31.46.0-255,66,298934,50,310443
13987,0.002448,74.125.200.0-255,4320,303254,50,310443
13988,0.002454,172.31.46.0-255,66,303320,50,310443
13989,0.002479,74.125.200.0-255,4320,307640,50,310443
13990,0.002492,172.31.46.0-255,66,307706,50,310443
13991,0.002501,74.125.200.0-255,2329,310035,50,310443
13992,0.002533,172.31.46.0-255,66,310101,50,310443
13993,0.002555,74.125.200.0-255,105,310206,50,310443
13994,0.005067,172.31.46.0-255,66,310272,50,310443
13995,0.005105,172.31.46.0-255,105,310377,50,310443
13996,0.007672,74.125.200.0-255,66,310443,50,310443
13997,0.0,74.125.24.0-255,152,152,50,207347
13998,2e-05,172.31.46.0-255,66,218,50,207347
13999,2.7e-05,74.125.24.0-255,1484,1702,50,207347
14000,3.2e-05,172.31.46.0-255,66,1768,50,207347
14001,4.3e-05,74.125.24.0-255,2902,4670,50,207347
14002,4.7e-05,172.31.46.0-255,66,4736,50,207347
14003,5.3e-05,74.125.24.0-255,7156,11892,50,207347
14004,5.6e-05,172.31.46.0-255,66,11958,50,207347
14005,6.3e-05,74.125.24.0-255,7156,19114,50,207347
14006,6.5e-05,172.31.46.0-255,66,19180,50,207347
14007,9.1e-05,74.125.24.0-255,4941,24121,50,207347
14008,9.4e-05,172.31.46.0-255,66,24187,50,207347
14009,0.000126,74.125.24.0-255,6797,30984,50,207347
14010,0.000129,172.31.46.0-255,66,31050,50,207347
14011,0.000164,74.125.24.0-255,7156,38206,50,207347
14012,0.000167,172.31.46.0-255,66,38272,50,207347
14013,0.0002,172.31.46.0-255,66,38338,50,207347
14014,0.000245,172.31.46.0-255,66,38404,50,207347
14015,0.000248,74.125.24.0-255,1484,39888,50,207347
14016,0.000249,172.31.46.0-255,66,39954,50,207347
14017,0.000271,74.125.24.0-255,1057,41011,50,207347
14018,0.000273,172.31.46.0-255,66,41077,50,207347
14019,0.000365,74.125.24.0-255,134,41211,50,207347
14020,0.000369,172.31.46.0-255,66,41277,50,207347
14021,0.000585,74.125.24.0-255,1484,42761,50,207347
14022,0.00059,172.31.46.0-255,66,42827,50,207347
14023,0.000596,74.125.24.0-255,2902,45729,50,207347
14024,0.000599,172.31.46.0-255,66,45795,50,207347
14025,0.000605,74.125.24.0-255,5738,51533,50,207347
14026,0.000612,172.31.46.0-255,66,51599,50,207347
14027,0.000619,74.125.24.0-255,5738,57337,50,207347
14028,0.000622,172.31.46.0-255,66,57403,50,207347
14029,0.000646,74.125.24.0-255,2902,60305,50,207347
14030,0.000653,172.31.46.0-255,66,60371,50,207347
14031,0.000678,172.31.46.0-255,66,60437,50,207347
14032,0.0007,74.125.24.0-255,6438,66875,50,207347
14033,0.000703,172.31.46.0-255,66,66941,50,207347
14034,0.001313,74.125.24.0-255,1484,68425,50,207347
14035,0.00133,74.125.24.0-255,2902,71327,50,207347
14036,0.001335,172.31.46.0-255,66,71393,50,207347
14037,0.001359,74.125.24.0-255,5738,77131,50,207347
14038,0.001362,172.31.46.0-255,66,77197,50,207347
14039,0.001388,172.31.46.0-255,66,77263,50,207347
14040,0.001451,172.31.46.0-255,66,77329,50,207347
14041,0.001497,74.125.24.0-255,1484,78813,50,207347
14042,0.001515,74.125.24.0-255,2902,81715,50,207347
14043,0.001517,172.31.46.0-255,66,81781,50,207347
14044,0.001523,74.125.24.0-255,4320,86101,50,207347
14045,0.001525,172.31.46.0-255,66,86167,50,207347
14046,0.001553,172.31.46.0-255,66,86233,50,207347
14047,0.001593,172.31.46.0-255,66,86299,50,207347
14048,0.001747,74.125.24.0-255,1484,87783,50,207347
14049,0.001751,74.125.24.0-255,2902,90685,50,207347
14050,0.001757,172.31.46.0-255,66,90751,50,207347
14051,0.001776,74.125.24.0-255,5738,96489,50,207347
14052,0.001779,172.31.46.0-255,66,96555,50,207347
14053,0.001786,74.125.24.0-255,7156,103711,50,207347
14054,0.001788,172.31.46.0-255,66,103777,50,207347
14055,0.001828,172.31.46.0-255,66,103843,50,207347
14056,0.001833,74.125.24.0-255,2184,106027,50,207347
14057,0.001835,172.31.46.0-255,66,106093,50,207347
14058,0.001839,74.125.24.0-255,2902,108995,50,207347
14059,0.001841,172.31.46.0-255,66,109061,50,207347
14060,0.001851,74.125.24.0-255,2902,111963,50,207347
14061,0.001853,172.31.46.0-255,66,112029,50,207347
14062,0.001884,74.125.24.0-255,4320,116349,50,207347
14063,0.001886,172.31.46.0-255,66,116415,50,207347
14064,0.001903,172.31.46.0-255,66,116481,50,207347
14065,0.001946,172.31.46.0-255,66,116547,50,207347
14066,0.001973,172.31.46.0-255,66,116613,50,207347
14067,0.001981,74.125.24.0-255,4320,120933,50,207347
14068,0.001983,172.31.46.0-255,66,120999,50,207347
14069,0.002023,74.125.24.0-255,6438,127437,50,207347
14070,0.002027,172.31.46.0-255,66,127503,50,207347
14071,0.002039,172.31.46.0-255,66,127569,50,207347
14072,0.002056,172.31.46.0-255,66,127635,50,207347
14073,0.002619,172.31.46.0-255,101,127736,50,207347
14074,0.00406,74.125.24.0-255,5738,133474,50,207347
14075,0.004067,172.31.46.0-255,66,133540,50,207347
14076,0.004572,74.125.24.0-255,66,133606,50,207347
14077,0.006083,74.125.24.0-255,5738,139344,50,207347
14078,0.006087,172.31.46.0-255,66,139410,50,207347
14079,0.008077,74.125.24.0-255,5738,145148,50,207347
14080,0.008083,172.31.46.0-255,66,145214,50,207347
14081,0.010082,74.125.24.0-255,5738,150952,50,207347
14082,0.010087,172.31.46.0-255,66,151018,50,207347
14083,0.012086,74.125.24.0-255,5738,156756,50,207347
14084,0.012094,172.31.46.0-255,66,156822,50,207347
14085,0.014087,74.125.24.0-255,5738,162560,50,207347
14086,0.014094,172.31.46.0-255,66,162626,50,207347
14087,0.016094,74.125.24.0-255,5738,168364,50,207347
14088,0.016103,172.31.46.0-255,66,168430,50,207347
14089,0.018106,74.125.24.0-255,5738,174168,50,207347
14090,0.018113,172.31.46.0-255,66,174234,50,207347
14091,0.020096,74.125.24.0-255,5738,179972,50,207347
14092,0.020103,172.31.46.0-255,66,180038,50,207347
14093,0.022122,74.125.24.0-255,5738,185776,50,207347
14094,0.02213,172.31.46.0-255,66,185842,50,207347
14095,0.024131,74.125.24.0-255,5738,191580,50,207347
14096,0.024138,172.31.46.0-255,66,191646,50,207347
14097,0.026141,74.125.24.0-255,5738,197384,50,207347
14098,0.02615,172.31.46.0-255,66,197450,50,207347
14099,0.028166,74.125.24.0-255,5738,203188,50,207347
14100,0.028172,172.31.46.0-255,66,203254,50,207347
14101,0.029134,172.31.46.0-255,172,203426,50,207347
14102,0.029162,172.31.46.0-255,1113,204539,50,207347
14103,0.029208,172.31.46.0-255,1514,206053,50,207347
14104,0.02921,172.31.46.0-255,1294,207347,50,207347
14105,0.0,74.125.24.0-255,149,149,50,214025
14106,2.5e-05,172.31.46.0-255,66,215,50,214025
14107,3.3e-05,74.125.24.0-255,1484,1699,50,214025
14108,3.7e-05,172.31.46.0-255,66,1765,50,214025
14109,5.1e-05,74.125.24.0-255,2902,4667,50,214025
14110,5.6e-05,172.31.46.0-255,66,4733,50,214025
14111,6.2e-05,74.125.24.0-255,4320,9053,50,214025
14112,6.5e-05,172.31.46.0-255,66,9119,50,214025
14113,0.000105,74.125.24.0-255,4910,14029,50,214025
14114,0.000108,172.31.46.0-255,66,14095,50,214025
14115,0.000126,74.125.24.0-255,2902,16997,50,214025
14116,0.00013,172.31.46.0-255,66,17063,50,214025
14117,0.000135,74.125.24.0-255,2902,19965,50,214025
14118,0.000137,172.31.46.0-255,66,20031,50,214025
14119,0.000168,74.125.24.0-255,1484,21515,50,214025
14120,0.000171,172.31.46.0-255,66,21581,50,214025
14121,0.000189,172.31.46.0-255,66,21647,50,214025
14122,0.000192,74.125.24.0-255,1125,22772,50,214025
14123,0.000194,172.31.46.0-255,66,22838,50,214025
14124,0.000321,74.125.24.0-255,1484,24322,50,214025
14125,0.000325,172.31.46.0-255,66,24388,50,214025
14126,0.000333,74.125.24.0-255,2902,27290,50,214025
14127,0.000336,172.31.46.0-255,66,27356,50,214025
14128,0.000359,74.125.24.0-255,5738,33094,50,214025
14129,0.000362,172.31.46.0-255,66,33160,50,214025
14130,0.000385,74.125.24.0-255,6797,39957,50,214025
14131,0.000388,172.31.46.0-255,66,40023,50,214025
14132,0.000423,74.125.24.0-255,7156,47179,50,214025
14133,0.000426,172.31.46.0-255,66,47245,50,214025
14134,0.000433,74.125.24.0-255,5738,52983,50,214025
14135,0.000435,172.31.46.0-255,66,53049,50,214025
14136,0.000465,74.125.24.0-255,4272,57321,50,214025
14137,0.000468,172.31.46.0-255,66,57387,50,214025
14138,0.000471,74.125.24.0-255,114,57501,50,214025
14139,0.000493,74.125.24.0-255,329,57830,50,214025
14140,0.000869,74.125.24.0-255,1484,59314,50,214025
14141,0.000876,172.31.46.0-255,66,59380,50,214025
14142,0.000883,74.125.24.0-255,2902,62282,50,214025
14143,0.000886,172.31.46.0-255,66,62348,50,214025
14144,0.000918,74.125.24.0-255,5738,68086,50,214025
14145,0.000922,172.31.46.0-255,66,68152,50,214025
14146,0.000928,74.125.24.0-255,4320,72472,50,214025
14147,0.00093,172.31.46.0-255,66,72538,50,214025
14148,0.000968,172.31.46.0-255,66,72604,50,214025
14149,0.000978,74.125.24.0-255,5738,78342,50,214025
14150,0.00098,172.31.46.0-255,66,78408,50,214025
14151,0.001017,74.125.24.0-255,5020,83428,50,214025
14152,0.00102,172.31.46.0-255,66,83494,50,214025
14153,0.001132,74.125.24.0-255,1484,84978,50,214025
14154,0.001138,74.125.24.0-255,2902,87880,50,214025
14155,0.001142,172.31.46.0-255,66,87946,50,214025
14156,0.001146,74.125.24.0-255,1484,89430,50,214025
14157,0.001176,74.125.24.0-255,4320,93750,50,214025
14158,0.001179,172.31.46.0-255,66,93816,50,214025
14159,0.001194,172.31.46.0-255,66,93882,50,214025
14160,0.001205,74.125.24.0-255,4320,98202,50,214025
14161,0.001208,172.31.46.0-255,66,98268,50,214025
14162,0.001241,74.125.24.0-255,4320,102588,50,214025
14163,0.001244,172.31.46.0-255,66,102654,50,214025
14164,0.001248,74.125.24.0-255,2184,104838,50,214025
14165,0.00125,172.31.46.0-255,66,104904,50,214025
14166,0.001692,74.125.24.0-255,1484,106388,50,214025
14167,0.001699,74.125.24.0-255,2902,109290,50,214025
14168,0.001703,172.31.46.0-255,66,109356,50,214025
14169,0.001711,74.125.24.0-255,5738,115094,50,214025
14170,0.001713,172.31.46.0-255,66,115160,50,214025
14171,0.001754,172.31.46.0-255,66,115226,50,214025
14172,0.001816,172.31.46.0-255,66,115292,50,214025
14173,0.001907,172.31.46.0-255,66,115358,50,214025
14174,0.001925,172.31.46.0-255,66,115424,50,214025
14175,0.001941,172.31.46.0-255,66,115490,50,214025
14176,0.002272,74.125.24.0-255,1484,116974,50,214025
14177,0.002278,74.125.24.0-255,1484,118458,50,214025
14178,0.002283,172.31.46.0-255,66,118524,50,214025
14179,0.002304,74.125.24.0-255,4320,122844,50,214025
14180,0.002307,172.31.46.0-255,66,122910,50,214025
14181,0.00231,74.125.24.0-255,1484,124394,50,214025
14182,0.002313,74.125.24.0-255,1484,125878,50,214025
14183,0.002315,172.31.46.0-255,66,125944,50,214025
14184,0.002346,74.125.24.0-255,1484,127428,50,214025
14185,0.002353,74.125.24.0-255,4320,131748,50,214025
14186,0.002355,172.31.46.0-255,66,131814,50,214025
14187,0.002369,74.125.24.0-255,1484,133298,50,214025
14188,0.002391,74.125.24.0-255,5738,139036,50,214025
14189,0.002394,172.31.46.0-255,66,139102,50,214025
14190,0.002399,74.125.24.0-255,2902,142004,50,214025
14191,0.002401,172.31.46.0-255,66,142070,50,214025
14192,0.002404,74.125.24.0-255,1484,143554,50,214025
14193,0.002438,74.125.24.0-255,6438,149992,50,214025
14194,0.002441,172.31.46.0-255,66,150058,50,214025
14195,0.002687,74.125.24.0-255,1484,151542,50,214025
14196,0.002696,74.125.24.0-255,2902,154444,50,214025
14197,0.002701,172.31.46.0-255,66,154510,50,214025
14198,0.002708,74.125.24.0-255,5738,160248,50,214025
14199,0.00271,172.31.46.0-255,66,160314,50,214025
14200,0.002755,172.31.46.0-255,66,160380,50,214025
14201,0.002759,74.125.24.0-255,2902,163282,50,214025
14202,0.002762,172.31.46.0-255,66,163348,50,214025
14203,0.00281,172.31.46.0-255,66,163414,50,214025
14204,0.002839,74.125.24.0-255,4320,167734,50,214025
14205,0.002842,172.31.46.0-255,66,167800,50,214025
14206,0.002886,172.31.46.0-255,66,167866,50,214025
14207,0.002907,74.125.24.0-255,5738,173604,50,214025
14208,0.002911,74.125.24.0-255,2902,176506,50,214025
14209,0.002985,74.125.24.0-255,1484,177990,50,214025
14210,0.002991,74.125.24.0-255,5738,183728,50,214025
14211,0.003029,74.125.24.0-255,4320,188048,50,214025
14212,0.003061,74.125.24.0-255,2902,190950,50,214025
14213,0.003146,74.125.24.0-255,1484,192434,50,214025
14214,0.003195,74.125.24.0-255,1484,193918,50,214025
14215,0.003203,74.125.24.0-255,7156,201074,50,214025
14216,0.003205,74.125.24.0-255,1484,202558,50,214025
14217,0.003207,74.125.24.0-255,766,203324,50,214025
14218,0.003457,74.125.24.0-255,1484,204808,50,214025
14219,0.003475,74.125.24.0-255,2902,207710,50,214025
14220,0.0035,74.125.24.0-255,2902,210612,50,214025
14221,0.003529,74.125.24.0-255,2904,213516,50,214025
14222,0.003554,74.125.24.0-255,105,213621,50,214025
14223,0.006243,172.31.46.0-255,66,213687,50,214025
14224,0.007111,172.31.46.0-255,101,213788,50,214025
14225,0.009201,172.31.46.0-255,105,213893,50,214025
14226,0.009344,74.125.24.0-255,66,213959,50,214025
14227,0.011405,74.125.24.0-255,66,214025,50,214025
14228,0.0,172.217.24.0-255,151,151,50,153742
14229,1.3e-05,172.31.46.0-255,66,217,50,153742
14230,1.8e-05,172.217.24.0-255,1484,1701,50,153742
14231,2.2e-05,172.31.46.0-255,66,1767,50,153742
14232,2.8e-05,172.217.24.0-255,2902,4669,50,153742
14233,3e-05,172.31.46.0-255,66,4735,50,153742
14234,6.7e-05,172.217.24.0-255,7156,11891,50,153742
14235,6.9e-05,172.31.46.0-255,66,11957,50,153742
14236,7.3e-05,172.217.24.0-255,2106,14063,50,153742
14237,7.5e-05,172.31.46.0-255,66,14129,50,153742
14238,7.9e-05,172.217.24.0-255,2902,17031,50,153742
14239,8.1e-05,172.31.46.0-255,66,17097,50,153742
14240,8.7e-05,172.217.24.0-255,7156,24253,50,153742
14241,8.9e-05,172.31.46.0-255,66,24319,50,153742
14242,0.000107,172.217.24.0-255,4320,28639,50,153742
14243,0.000109,172.31.46.0-255,66,28705,50,153742
14244,0.000121,172.217.24.0-255,2543,31248,50,153742
14245,0.000123,172.31.46.0-255,66,31314,50,153742
14246,0.000629,172.217.24.0-255,1484,32798,50,153742
14247,0.000634,172.31.46.0-255,66,32864,50,153742
14248,0.000642,172.217.24.0-255,2902,35766,50,153742
14249,0.000644,172.31.46.0-255,66,35832,50,153742
14250,0.000649,172.217.24.0-255,2902,38734,50,153742
14251,0.00065,172.31.46.0-255,66,38800,50,153742
14252,0.000673,172.217.24.0-255,2902,41702,50,153742
14253,0.000676,172.31.46.0-255,66,41768,50,153742
14254,0.000683,172.217.24.0-255,6797,48565,50,153742
14255,0.000685,172.31.46.0-255,66,48631,50,153742
14256,0.000691,172.217.24.0-255,7156,55787,50,153742
14257,0.000693,172.31.46.0-255,66,55853,50,153742
14258,0.000736,172.31.46.0-255,66,55919,50,153742
14259,0.00137,172.217.24.0-255,140,56059,50,153742
14260,0.001511,172.217.24.0-255,1484,57543,50,153742
14261,0.001515,172.31.46.0-255,66,57609,50,153742
14262,0.001522,172.217.24.0-255,2902,60511,50,153742
14263,0.001524,172.31.46.0-255,66,60577,50,153742
14264,0.001529,172.217.24.0-255,2902,63479,50,153742
14265,0.001531,172.31.46.0-255,66,63545,50,153742
14266,0.001549,172.217.24.0-255,2902,66447,50,153742
14267,0.001552,172.31.46.0-255,66,66513,50,153742
14268,0.001555,172.217.24.0-255,1484,67997,50,153742
14269,0.001593,172.31.46.0-255,66,68063,50,153742
14270,0.001604,172.31.46.0-255,66,68129,50,153742
14271,0.001952,172.217.24.0-255,1484,69613,50,153742
14272,0.003525,172.217.24.0-255,4320,73933,50,153742
14273,0.00353,172.31.46.0-255,66,73999,50,153742
14274,0.00546,172.217.24.0-255,5738,79737,50,153742
14275,0.005465,172.31.46.0-255,66,79803,50,153742
14276,0.007399,172.217.24.0-255,5738,85541,50,153742
14277,0.007405,172.31.46.0-255,66,85607,50,153742
14278,0.009349,172.217.24.0-255,5738,91345,50,153742
14279,0.009356,172.31.46.0-255,66,91411,50,153742
14280,0.011297,172.217.24.0-255,5738,97149,50,153742
14281,0.011304,172.31.46.0-255,66,97215,50,153742
14282,0.013289,172.217.24.0-255,5738,102953,50,153742
14283,0.013298,172.31.46.0-255,66,103019,50,153742
14284,0.01524,172.217.24.0-255,5738,108757,50,153742
14285,0.015248,172.31.46.0-255,66,108823,50,153742
14286,0.017189,172.217.24.0-255,5738,114561,50,153742
14287,0.017196,172.31.46.0-255,66,114627,50,153742
14288,0.019154,172.217.24.0-255,5738,120365,50,153742
14289,0.019162,172.31.46.0-255,66,120431,50,153742
14290,0.021115,172.217.24.0-255,5738,126169,50,153742
14291,0.021122,172.31.46.0-255,66,126235,50,153742
14292,0.023061,172.217.24.0-255,5738,131973,50,153742
14293,0.023067,172.31.46.0-255,66,132039,50,153742
14294,0.024224,172.31.46.0-255,172,132211,50,153742
14295,0.024258,172.31.46.0-255,1113,133324,50,153742
14296,0.024317,172.31.46.0-255,1514,134838,50,153742
14297,0.024319,172.31.46.0-255,1294,136132,50,153742
14298,0.025006,172.217.24.0-255,5738,141870,50,153742
14299,0.025014,172.31.46.0-255,66,141936,50,153742
14300,0.025754,104.244.42.0-255,66,142002,50,153742
14301,0.025783,104.244.42.0-255,66,142068,50,153742
14302,0.025872,104.244.42.0-255,66,142134,50,153742
14303,0.026952,172.217.24.0-255,5738,147872,50,153742
14304,0.026958,172.31.46.0-255,66,147938,50,153742
14305,0.028905,172.217.24.0-255,5738,153676,50,153742
14306,0.028912,172.31.46.0-255,66,153742,50,153742
14307,0.0,74.125.24.0-255,152,152,50,188223
14308,3.4e-05,172.31.46.0-255,66,218,50,188223
14309,4e-05,74.125.24.0-255,1484,1702,50,188223
14310,4.4e-05,172.31.46.0-255,66,1768,50,188223
14311,5e-05,74.125.24.0-255,2902,4670,50,188223
14312,5.3e-05,172.31.46.0-255,66,4736,50,188223
14313,5.9e-05,74.125.24.0-255,5738,10474,50,188223
14314,6.2e-05,172.31.46.0-255,66,10540,50,188223
14315,6.7e-05,74.125.24.0-255,3545,14085,50,188223
14316,7e-05,172.31.46.0-255,66,14151,50,188223
14317,0.000102,74.125.24.0-255,4320,18471,50,188223
14318,0.000105,172.31.46.0-255,66,18537,50,188223
14319,0.000116,172.31.46.0-255,66,18603,50,188223
14320,0.00012,74.125.24.0-255,2543,21146,50,188223
14321,0.000124,172.31.46.0-255,66,21212,50,188223
14322,0.000198,74.125.24.0-255,1484,22696,50,188223
14323,0.000201,172.31.46.0-255,66,22762,50,188223
14324,0.000221,74.125.24.0-255,2902,25664,50,188223
14325,0.000224,172.31.46.0-255,66,25730,50,188223
14326,0.000229,74.125.24.0-255,4320,30050,50,188223
14327,0.000231,172.31.46.0-255,66,30116,50,188223
14328,0.000235,74.125.24.0-255,2902,33018,50,188223
14329,0.000237,172.31.46.0-255,66,33084,50,188223
14330,0.000259,74.125.24.0-255,5738,38822,50,188223
14331,0.000262,172.31.46.0-255,66,38888,50,188223
14332,0.000303,74.125.24.0-255,7156,46044,50,188223
14333,0.000307,172.31.46.0-255,66,46110,50,188223
14334,0.000341,172.31.46.0-255,66,46176,50,188223
14335,0.000344,74.125.24.0-255,1064,47240,50,188223
14336,0.000346,172.31.46.0-255,66,47306,50,188223
14337,0.000394,74.125.24.0-255,131,47437,50,188223
14338,0.000595,74.125.24.0-255,1484,48921,50,188223
14339,0.000599,172.31.46.0-255,66,48987,50,188223
14340,0.000604,74.125.24.0-255,2902,51889,50,188223
14341,0.000606,172.31.46.0-255,66,51955,50,188223
14342,0.000611,74.125.24.0-255,2902,54857,50,188223
14343,0.000614,172.31.46.0-255,66,54923,50,188223
14344,0.000643,74.125.24.0-255,2902,57825,50,188223
14345,0.000646,172.31.46.0-255,66,57891,50,188223
14346,0.000661,172.31.46.0-255,66,57957,50,188223
14347,0.000672,172.31.46.0-255,66,58023,50,188223
14348,0.000699,74.125.24.0-255,1045,59068,50,188223
14349,0.00079,74.125.24.0-255,1484,60552,50,188223
14350,0.000794,172.31.46.0-255,66,60618,50,188223
14351,0.000799,74.125.24.0-255,2902,63520,50,188223
14352,0.000801,172.31.46.0-255,66,63586,50,188223
14353,0.000806,74.125.24.0-255,2902,66488,50,188223
14354,0.000808,172.31.46.0-255,66,66554,50,188223
14355,0.000833,74.125.24.0-255,2902,69456,50,188223
14356,0.000836,172.31.46.0-255,66,69522,50,188223
14357,0.000844,74.125.24.0-255,7156,76678,50,188223
14358,0.000846,172.31.46.0-255,66,76744,50,188223
14359,0.000861,74.125.24.0-255,5738,82482,50,188223
14360,0.000863,172.31.46.0-255,66,82548,50,188223
14361,0.000871,74.125.24.0-255,7156,89704,50,188223
14362,0.000873,172.31.46.0-255,66,89770,50,188223
14363,0.000898,74.125.24.0-255,3602,93372,50,188223
14364,0.000901,172.31.46.0-255,66,93438,50,188223
14365,0.000973,74.125.24.0-255,1484,94922,50,188223
14366,0.000978,74.125.24.0-255,2902,97824,50,188223
14367,0.000982,172.31.46.0-255,66,97890,50,188223
14368,0.000987,74.125.24.0-255,2902,100792,50,188223
14369,0.000989,172.31.46.0-255,66,100858,50,188223
14370,0.001003,74.125.24.0-255,2902,103760,50,188223
14371,0.001005,74.125.24.0-255,1484,105244,50,188223
14372,0.001007,172.31.46.0-255,66,105310,50,188223
14373,0.001028,74.125.24.0-255,7156,112466,50,188223
14374,0.001031,172.31.46.0-255,66,112532,50,188223
14375,0.00108,74.125.24.0-255,2902,115434,50,188223
14376,0.001083,172.31.46.0-255,66,115500,50,188223
14377,0.001117,172.31.46.0-255,66,115566,50,188223
14378,0.004153,74.125.24.0-255,1484,117050,50,188223
14379,0.004165,74.125.24.0-255,2902,119952,50,188223
14380,0.00417,172.31.46.0-255,66,120018,50,188223
14381,0.004175,74.125.24.0-255,1484,121502,50,188223
14382,0.006469,74.125.24.0-255,4320,125822,50,188223
14383,0.006474,172.31.46.0-255,66,125888,50,188223
14384,0.00877,74.125.24.0-255,5738,131626,50,188223
14385,0.008788,172.31.46.0-255,66,131692,50,188223
14386,0.01109,74.125.24.0-255,5738,137430,50,188223
14387,0.011106,172.31.46.0-255,66,137496,50,188223
14388,0.013415,74.125.24.0-255,5738,143234,50,188223
14389,0.013433,172.31.46.0-255,66,143300,50,188223
14390,0.015737,74.125.24.0-255,5738,149038,50,188223
14391,0.015749,172.31.46.0-255,66,149104,50,188223
14392,0.018037,74.125.24.0-255,5738,154842,50,188223
14393,0.018044,172.31.46.0-255,66,154908,50,188223
14394,0.020344,74.125.24.0-255,5738,160646,50,188223
14395,0.020351,172.31.46.0-255,66,160712,50,188223
14396,0.02263,74.125.24.0-255,5738,166450,50,188223
14397,0.022639,172.31.46.0-255,66,166516,50,188223
14398,0.024892,74.125.24.0-255,5738,172254,50,188223
14399,0.024899,172.31.46.0-255,66,172320,50,188223
14400,0.026457,172.31.46.0-255,176,172496,50,188223
14401,0.026484,172.31.46.0-255,1113,173609,50,188223
14402,0.026524,172.31.46.0-255,1514,175123,50,188223
14403,0.026527,172.31.46.0-255,1294,176417,50,188223
14404,0.027183,74.125.24.0-255,5738,182155,50,188223
14405,0.02719,172.31.46.0-255,66,182221,50,188223
14406,0.028047,104.244.42.0-255,66,182287,50,188223
14407,0.028055,104.244.42.0-255,66,182353,50,188223
14408,0.028086,104.244.42.0-255,66,182419,50,188223
14409,0.029484,74.125.24.0-255,5738,188157,50,188223
14410,0.029489,172.31.46.0-255,66,188223,50,188223
14411,0.0,172.217.194.0-255,152,152,50,187297
14412,1.8e-05,172.31.46.0-255,66,218,50,187297
14413,3.6e-05,172.217.194.0-255,1484,1702,50,187297
14414,4.1e-05,172.31.46.0-255,66,1768,50,187297
14415,4.7e-05,172.217.194.0-255,2902,4670,50,187297
14416,5.1e-05,172.31.46.0-255,66,4736,50,187297
14417,5.7e-05,172.217.194.0-255,4320,9056,50,187297
14418,6e-05,172.31.46.0-255,66,9122,50,187297
14419,9e-05,172.217.194.0-255,2902,12024,50,187297
14420,9.3e-05,172.31.46.0-255,66,12090,50,187297
14421,0.000116,172.217.194.0-255,6338,18428,50,187297
14422,0.000119,172.31.46.0-255,66,18494,50,187297
14423,0.000122,172.217.194.0-255,1484,19978,50,187297
14424,0.000124,172.31.46.0-255,66,20044,50,187297
14425,0.00015,172.217.194.0-255,5738,25782,50,187297
14426,0.000153,172.31.46.0-255,66,25848,50,187297
14427,0.000174,172.217.194.0-255,5379,31227,50,187297
14428,0.000177,172.31.46.0-255,66,31293,50,187297
14429,0.00031,172.217.194.0-255,1484,32777,50,187297
14430,0.000315,172.31.46.0-255,66,32843,50,187297
14431,0.000321,172.217.194.0-255,2902,35745,50,187297
14432,0.000323,172.31.46.0-255,66,35811,50,187297
14433,0.000345,172.217.194.0-255,5738,41549,50,187297
14434,0.000348,172.31.46.0-255,66,41615,50,187297
14435,0.000358,172.31.46.0-255,66,41681,50,187297
14436,0.000373,172.217.194.0-255,2902,44583,50,187297
14437,0.000375,172.31.46.0-255,66,44649,50,187297
14438,0.0004,172.31.46.0-255,66,44715,50,187297
14439,0.00042,172.217.194.0-255,377,45092,50,187297
14440,0.000422,172.31.46.0-255,66,45158,50,187297
14441,0.000498,172.217.194.0-255,367,45525,50,187297
14442,0.000599,172.217.194.0-255,1484,47009,50,187297
14443,0.000603,172.31.46.0-255,66,47075,50,187297
14444,0.000608,172.217.194.0-255,2902,49977,50,187297
14445,0.00061,172.31.46.0-255,66,50043,50,187297
14446,0.000612,172.217.194.0-255,1484,51527,50,187297
14447,0.000632,172.217.194.0-255,4320,55847,50,187297
14448,0.000635,172.31.46.0-255,66,55913,50,187297
14449,0.000686,172.31.46.0-255,66,55979,50,187297
14450,0.000702,172.217.194.0-255,1484,57463,50,187297
14451,0.000715,172.31.46.0-255,66,57529,50,187297
14452,0.000997,172.217.194.0-255,1484,59013,50,187297
14453,0.001002,172.217.194.0-255,1484,60497,50,187297
14454,0.001005,172.31.46.0-255,66,60563,50,187297
14455,0.001018,172.217.194.0-255,1484,62047,50,187297
14456,0.001024,172.217.194.0-255,5738,67785,50,187297
14457,0.001026,172.31.46.0-255,66,67851,50,187297
14458,0.001032,172.217.194.0-255,5738,73589,50,187297
14459,0.001034,172.31.46.0-255,66,73655,50,187297
14460,0.001052,172.217.194.0-255,1484,75139,50,187297
14461,0.001062,172.31.46.0-255,66,75205,50,187297
14462,0.001083,172.217.194.0-255,4320,79525,50,187297
14463,0.001085,172.31.46.0-255,66,79591,50,187297
14464,0.001089,172.217.194.0-255,2184,81775,50,187297
14465,0.001091,172.31.46.0-255,66,81841,50,187297
14466,0.001118,172.217.194.0-255,2902,84743,50,187297
14467,0.00112,172.31.46.0-255,66,84809,50,187297
14468,0.001126,172.217.194.0-255,7156,91965,50,187297
14469,0.001128,172.31.46.0-255,66,92031,50,187297
14470,0.001134,172.217.194.0-255,5738,97769,50,187297
14471,0.001136,172.31.46.0-255,66,97835,50,187297
14472,0.001157,172.217.194.0-255,4320,102155,50,187297
14473,0.00116,172.31.46.0-255,66,102221,50,187297
14474,0.001194,172.31.46.0-255,66,102287,50,187297
14475,0.001209,172.31.46.0-255,66,102353,50,187297
14476,0.001216,172.217.194.0-255,7156,109509,50,187297
14477,0.001218,172.31.46.0-255,66,109575,50,187297
14478,0.001241,172.31.46.0-255,66,109641,50,187297
14479,0.001252,172.31.46.0-255,66,109707,50,187297
14480,0.001295,172.217.194.0-255,1484,111191,50,187297
14481,0.0013,172.217.194.0-255,2902,114093,50,187297
14482,0.001303,172.31.46.0-255,66,114159,50,187297
14483,0.001325,172.217.194.0-255,5738,119897,50,187297
14484,0.001328,172.217.194.0-255,1484,121381,50,187297
14485,0.001339,172.31.46.0-255,66,121447,50,187297
14486,0.00137,172.31.46.0-255,66,121513,50,187297
14487,0.001382,172.217.194.0-255,1484,122997,50,187297
14488,0.001415,172.31.46.0-255,66,123063,50,187297
14489,0.001513,172.217.194.0-255,1484,124547,50,187297
14490,0.00153,172.217.194.0-255,2902,127449,50,187297
14491,0.001533,172.31.46.0-255,66,127515,50,187297
14492,0.001539,172.217.194.0-255,5738,133253,50,187297
14493,0.001553,172.217.194.0-255,5738,138991,50,187297
14494,0.001561,172.31.46.0-255,66,139057,50,187297
14495,0.001575,172.217.194.0-255,7156,146213,50,187297
14496,0.00158,172.31.46.0-255,66,146279,50,187297
14497,0.001633,172.31.46.0-255,66,146345,50,187297
14498,0.00167,172.31.46.0-255,66,146411,50,187297
14499,0.001688,172.217.194.0-255,7156,153567,50,187297
14500,0.001698,172.31.46.0-255,66,153633,50,187297
14501,0.001717,172.217.194.0-255,5738,159371,50,187297
14502,0.001729,172.31.46.0-255,66,159437,50,187297
14503,0.001781,172.31.46.0-255,66,159503,50,187297
14504,0.001801,172.217.194.0-255,1484,160987,50,187297
14505,0.00185,172.217.194.0-255,5738,166725,50,187297
14506,0.001859,172.31.46.0-255,66,166791,50,187297
14507,0.001882,172.217.194.0-255,6438,173229,50,187297
14508,0.0019,172.217.194.0-255,7156,180385,50,187297
14509,0.001919,172.217.194.0-255,6438,186823,50,187297
14510,0.001922,172.31.46.0-255,66,186889,50,187297
14511,0.001926,172.31.46.0-255,66,186955,50,187297
14512,0.001959,172.217.194.0-255,105,187060,50,187297
14513,0.001976,172.31.46.0-255,66,187126,50,187297
14514,0.003868,172.31.46.0-255,105,187231,50,187297
14515,0.006363,172.217.194.0-255,66,187297,50,187297
14516,0.0,74.125.200.0-255,151,151,50,214650
14517,2.2e-05,172.31.46.0-255,66,217,50,214650
14518,2.9e-05,74.125.200.0-255,1484,1701,50,214650
14519,3.5e-05,172.31.46.0-255,66,1767,50,214650
14520,4e-05,74.125.200.0-255,2902,4669,50,214650
14521,4.3e-05,172.31.46.0-255,66,4735,50,214650
14522,4.9e-05,74.125.200.0-255,4320,9055,50,214650
14523,6e-05,172.31.46.0-255,66,9121,50,214650
14524,9.6e-05,74.125.200.0-255,1484,10605,50,214650
14525,9.9e-05,172.31.46.0-255,66,10671,50,214650
14526,0.000105,74.125.200.0-255,3426,14097,50,214650
14527,0.000108,172.31.46.0-255,66,14163,50,214650
14528,0.000148,74.125.200.0-255,1484,15647,50,214650
14529,0.00015,172.31.46.0-255,66,15713,50,214650
14530,0.000155,74.125.200.0-255,2902,18615,50,214650
14531,0.000157,172.31.46.0-255,66,18681,50,214650
14532,0.000179,74.125.200.0-255,2902,21583,50,214650
14533,0.000181,172.31.46.0-255,66,21649,50,214650
14534,0.000187,74.125.200.0-255,4320,25969,50,214650
14535,0.000189,172.31.46.0-255,66,26035,50,214650
14536,0.000228,74.125.200.0-255,5379,31414,50,214650
14537,0.00023,172.31.46.0-255,66,31480,50,214650
14538,0.000276,74.125.200.0-255,1484,32964,50,214650
14539,0.000278,172.31.46.0-255,66,33030,50,214650
14540,0.000308,74.125.200.0-255,2902,35932,50,214650
14541,0.00031,172.31.46.0-255,66,35998,50,214650
14542,0.000315,74.125.200.0-255,2902,38900,50,214650
14543,0.000317,172.31.46.0-255,66,38966,50,214650
14544,0.000349,74.125.200.0-255,2902,41868,50,214650
14545,0.000352,172.31.46.0-255,66,41934,50,214650
14546,0.000356,74.125.200.0-255,2902,44836,50,214650
14547,0.000358,172.31.46.0-255,66,44902,50,214650
14548,0.000363,74.125.200.0-255,3961,48863,50,214650
14549,0.000366,172.31.46.0-255,66,48929,50,214650
14550,0.000419,172.31.46.0-255,66,48995,50,214650
14551,0.000423,74.125.200.0-255,2902,51897,50,214650
14552,0.000425,172.31.46.0-255,66,51963,50,214650
14553,0.000462,74.125.200.0-255,1484,53447,50,214650
14554,0.000475,74.125.200.0-255,1484,54931,50,214650
14555,0.000477,172.31.46.0-255,66,54997,50,214650
14556,0.000494,74.125.200.0-255,2878,57875,50,214650
14557,0.000497,172.31.46.0-255,66,57941,50,214650
14558,0.000499,74.125.200.0-255,375,58316,50,214650
14559,0.000881,74.125.200.0-255,1484,59800,50,214650
14560,0.000886,172.31.46.0-255,66,59866,50,214650
14561,0.000892,74.125.200.0-255,2902,62768,50,214650
14562,0.000893,172.31.46.0-255,66,62834,50,214650
14563,0.000897,74.125.200.0-255,1484,64318,50,214650
14564,0.000921,74.125.200.0-255,2902,67220,50,214650
14565,0.000923,172.31.46.0-255,66,67286,50,214650
14566,0.000926,74.125.200.0-255,1484,68770,50,214650
14567,0.000956,74.125.200.0-255,7156,75926,50,214650
14568,0.000959,172.31.46.0-255,66,75992,50,214650
14569,0.000966,74.125.200.0-255,5738,81730,50,214650
14570,0.000968,172.31.46.0-255,66,81796,50,214650
14571,0.000979,74.125.200.0-255,7156,88952,50,214650
14572,0.000982,172.31.46.0-255,66,89018,50,214650
14573,0.001007,74.125.200.0-255,3602,92620,50,214650
14574,0.00101,172.31.46.0-255,66,92686,50,214650
14575,0.00107,74.125.200.0-255,1484,94170,50,214650
14576,0.001074,74.125.200.0-255,1484,95654,50,214650
14577,0.001077,172.31.46.0-255,66,95720,50,214650
14578,0.001103,74.125.200.0-255,1484,97204,50,214650
14579,0.001108,74.125.200.0-255,2902,100106,50,214650
14580,0.001111,172.31.46.0-255,66,100172,50,214650
14581,0.001118,74.125.200.0-255,4320,104492,50,214650
14582,0.00112,172.31.46.0-255,66,104558,50,214650
14583,0.00119,172.31.46.0-255,66,104624,50,214650
14584,0.001195,74.125.200.0-255,4320,108944,50,214650
14585,0.001197,172.31.46.0-255,66,109010,50,214650
14586,0.001213,74.125.200.0-255,1484,110494,50,214650
14587,0.001249,172.31.46.0-255,66,110560,50,214650
14588,0.001256,74.125.200.0-255,5738,116298,50,214650
14589,0.001258,172.31.46.0-255,66,116364,50,214650
14590,0.001276,74.125.200.0-255,4320,120684,50,214650
14591,0.001278,172.31.46.0-255,66,120750,50,214650
14592,0.001283,74.125.200.0-255,2902,123652,50,214650
14593,0.001285,172.31.46.0-255,66,123718,50,214650
14594,0.00132,74.125.200.0-255,3410,127128,50,214650
14595,0.001324,172.31.46.0-255,66,127194,50,214650
14596,0.001904,74.125.200.0-255,1484,128678,50,214650
14597,0.001934,74.125.200.0-255,2902,131580,50,214650
14598,0.001938,172.31.46.0-255,66,131646,50,214650
14599,0.001941,74.125.200.0-255,1484,133130,50,214650
14600,0.001965,74.125.200.0-255,4320,137450,50,214650
14601,0.001968,172.31.46.0-255,66,137516,50,214650
14602,0.001985,74.125.200.0-255,1484,139000,50,214650
14603,0.002015,172.31.46.0-255,66,139066,50,214650
14604,0.002027,172.31.46.0-255,66,139132,50,214650
14605,0.002035,74.125.200.0-255,1484,140616,50,214650
14606,0.004025,74.125.200.0-255,4320,144936,50,214650
14607,0.004031,172.31.46.0-255,66,145002,50,214650
14608,0.006038,74.125.200.0-255,5738,150740,50,214650
14609,0.006043,172.31.46.0-255,66,150806,50,214650
14610,0.008044,74.125.200.0-255,5738,156544,50,214650
14611,0.00805,172.31.46.0-255,66,156610,50,214650
14612,0.010046,74.125.200.0-255,5738,162348,50,214650
14613,0.010052,172.31.46.0-255,66,162414,50,214650
14614,0.012043,74.125.200.0-255,5738,168152,50,214650
14615,0.012051,172.31.46.0-255,66,168218,50,214650
14616,0.014031,74.125.200.0-255,5738,173956,50,214650
14617,0.014038,172.31.46.0-255,66,174022,50,214650
14618,0.016034,74.125.200.0-255,5738,179760,50,214650
14619,0.016045,172.31.46.0-255,66,179826,50,214650
14620,0.018043,74.125.200.0-255,5738,185564,50,214650
14621,0.018051,172.31.46.0-255,66,185630,50,214650
14622,0.020054,74.125.200.0-255,5738,191368,50,214650
14623,0.020062,172.31.46.0-255,66,191434,50,214650
14624,0.022061,74.125.200.0-255,5738,197172,50,214650
14625,0.022069,172.31.46.0-255,66,197238,50,214650
14626,0.02407,74.125.200.0-255,5738,202976,50,214650
14627,0.024078,172.31.46.0-255,66,203042,50,214650
14628,0.026076,74.125.200.0-255,5738,208780,50,214650
14629,0.026085,172.31.46.0-255,66,208846,50,214650
14630,0.02808,74.125.200.0-255,5738,214584,50,214650
14631,0.028088,172.31.46.0-255,66,214650,50,214650
14632,0.0,74.125.24.0-255,151,151,50,174901
14633,2.2e-05,172.31.46.0-255,66,217,50,174901
14634,2.9e-05,74.125.24.0-255,1484,1701,50,174901
14635,3.3e-05,172.31.46.0-255,66,1767,50,174901
14636,4.5e-05,74.125.24.0-255,2902,4669,50,174901
14637,4.9e-05,172.31.46.0-255,66,4735,50,174901
14638,5.3e-05,74.125.24.0-255,2902,7637,50,174901
14639,5.6e-05,172.31.46.0-255,66,7703,50,174901
14640,8.2e-05,74.125.24.0-255,4320,12023,50,174901
14641,8.9e-05,172.31.46.0-255,66,12089,50,174901
14642,0.000116,74.125.24.0-255,1912,14001,50,174901
14643,0.000119,172.31.46.0-255,66,14067,50,174901
14644,0.000198,74.125.24.0-255,1484,15551,50,174901
14645,0.000202,172.31.46.0-255,66,15617,50,174901
14646,0.000208,74.125.24.0-255,2902,18519,50,174901
14647,0.00021,172.31.46.0-255,66,18585,50,174901
14648,0.000215,74.125.24.0-255,2902,21487,50,174901
14649,0.000221,172.31.46.0-255,66,21553,50,174901
14650,0.000251,74.125.24.0-255,2902,24455,50,174901
14651,0.000254,172.31.46.0-255,66,24521,50,174901
14652,0.000262,74.125.24.0-255,6797,31318,50,174901
14653,0.000264,172.31.46.0-255,66,31384,50,174901
14654,0.000315,172.31.46.0-255,66,31450,50,174901
14655,0.00033,172.31.46.0-255,66,31516,50,174901
14656,0.000372,172.31.46.0-255,66,31582,50,174901
14657,0.000374,74.125.24.0-255,116,31698,50,174901
14658,0.000376,172.31.46.0-255,66,31764,50,174901
14659,0.000599,74.125.24.0-255,1484,33248,50,174901
14660,0.000603,172.31.46.0-255,66,33314,50,174901
14661,0.000609,74.125.24.0-255,2902,36216,50,174901
14662,0.000611,172.31.46.0-255,66,36282,50,174901
14663,0.000666,74.125.24.0-255,5738,42020,50,174901
14664,0.00067,172.31.46.0-255,66,42086,50,174901
14665,0.000674,74.125.24.0-255,2902,44988,50,174901
14666,0.000676,172.31.46.0-255,66,45054,50,174901
14667,0.000692,172.31.46.0-255,66,45120,50,174901
14668,0.000728,74.125.24.0-255,2902,48022,50,174901
14669,0.000731,172.31.46.0-255,66,48088,50,174901
14670,0.00075,172.31.46.0-255,66,48154,50,174901
14671,0.000849,74.125.24.0-255,329,48483,50,174901
14672,0.00089,74.125.24.0-255,1484,49967,50,174901
14673,0.000894,172.31.46.0-255,66,50033,50,174901
14674,0.000928,74.125.24.0-255,4320,54353,50,174901
14675,0.00094,172.31.46.0-255,66,54419,50,174901
14676,0.000944,172.31.46.0-255,66,54485,50,174901
14677,0.000957,74.125.24.0-255,7156,61641,50,174901
14678,0.000959,172.31.46.0-255,66,61707,50,174901
14679,0.00099,74.125.24.0-255,1484,63191,50,174901
14680,0.001023,172.31.46.0-255,66,63257,50,174901
14681,0.001173,74.125.24.0-255,1484,64741,50,174901
14682,0.001195,74.125.24.0-255,2902,67643,50,174901
14683,0.001198,172.31.46.0-255,66,67709,50,174901
14684,0.001205,74.125.24.0-255,5738,73447,50,174901
14685,0.001207,172.31.46.0-255,66,73513,50,174901
14686,0.001233,74.125.24.0-255,2902,76415,50,174901
14687,0.001236,172.31.46.0-255,66,76481,50,174901
14688,0.001282,172.31.46.0-255,66,76547,50,174901
14689,0.001288,74.125.24.0-255,5738,82285,50,174901
14690,0.00129,172.31.46.0-255,66,82351,50,174901
14691,0.001319,74.125.24.0-255,5020,87371,50,174901
14692,0.001322,172.31.46.0-255,66,87437,50,174901
14693,0.001993,74.125.24.0-255,1484,88921,50,174901
14694,0.002,74.125.24.0-255,2902,91823,50,174901
14695,0.002003,172.31.46.0-255,66,91889,50,174901
14696,0.00201,74.125.24.0-255,4320,96209,50,174901
14697,0.002012,172.31.46.0-255,66,96275,50,174901
14698,0.002039,74.125.24.0-255,1484,97759,50,174901
14699,0.002045,74.125.24.0-255,4320,102079,50,174901
14700,0.002047,172.31.46.0-255,66,102145,50,174901
14701,0.002064,172.31.46.0-255,66,102211,50,174901
14702,0.002102,172.31.46.0-255,66,102277,50,174901
14703,0.002113,172.31.46.0-255,66,102343,50,174901
14704,0.002157,172.31.46.0-255,66,102409,50,174901
14705,0.002197,172.31.46.0-255,66,102475,50,174901
14706,0.002223,74.125.24.0-255,2184,104659,50,174901
14707,0.002226,172.31.46.0-255,66,104725,50,174901
14708,0.004416,74.125.24.0-255,2902,107627,50,174901
14709,0.004424,172.31.46.0-255,66,107693,50,174901
14710,0.004452,74.125.24.0-255,2902,110595,50,174901
14711,0.004455,172.31.46.0-255,66,110661,50,174901
14712,0.006639,74.125.24.0-255,2902,113563,50,174901
14713,0.006645,172.31.46.0-255,66,113629,50,174901
14714,0.006686,74.125.24.0-255,2902,116531,50,174901
14715,0.006689,172.31.46.0-255,66,116597,50,174901
14716,0.008868,74.125.24.0-255,2902,119499,50,174901
14717,0.008871,172.31.46.0-255,66,119565,50,174901
14718,0.008918,74.125.24.0-255,2902,122467,50,174901
14719,0.008921,172.31.46.0-255,66,122533,50,174901
14720,0.011111,74.125.24.0-255,2902,125435,50,174901
14721,0.011123,172.31.46.0-255,66,125501,50,174901
14722,0.011153,74.125.24.0-255,2902,128403,50,174901
14723,0.011156,172.31.46.0-255,66,128469,50,174901
14724,0.013377,74.125.24.0-255,5738,134207,50,174901
14725,0.013391,172.31.46.0-255,66,134273,50,174901
14726,0.015635,74.125.24.0-255,5738,140011,50,174901
14727,0.015647,172.31.46.0-255,66,140077,50,174901
14728,0.017935,74.125.24.0-255,5738,145815,50,174901
14729,0.01795,172.31.46.0-255,66,145881,50,174901
14730,0.020228,74.125.24.0-255,5738,151619,50,174901
14731,0.020241,172.31.46.0-255,66,151685,50,174901
14732,0.022497,74.125.24.0-255,5738,157423,50,174901
14733,0.022507,172.31.46.0-255,66,157489,50,174901
14734,0.024775,74.125.24.0-255,5738,163227,50,174901
14735,0.024787,172.31.46.0-255,66,163293,50,174901
14736,0.027041,74.125.24.0-255,5738,169031,50,174901
14737,0.027053,172.31.46.0-255,66,169097,50,174901
14738,0.02929,74.125.24.0-255,5738,174835,50,174901
14739,0.029299,172.31.46.0-255,66,174901,50,174901
14740,0.0,172.31.46.0-255,105,105,50,276
14741,0.001791,157.240.13.0-255,105,210,50,276
14742,0.001804,172.31.46.0-255,66,276,50,276
14743,0.0,74.125.24.0-255,298,298,50,184453
14744,2.4e-05,172.31.46.0-255,66,364,50,184453
14745,3.1e-05,74.125.24.0-255,1484,1848,50,184453
14746,3.5e-05,172.31.46.0-255,66,1914,50,184453
14747,4.2e-05,74.125.24.0-255,4320,6234,50,184453
14748,5.3e-05,172.31.46.0-255,66,6300,50,184453
14749,6.5e-05,172.31.46.0-255,66,6366,50,184453
14750,7.6e-05,172.31.46.0-255,66,6432,50,184453
14751,9.6e-05,74.125.24.0-255,5738,12170,50,184453
14752,9.9e-05,172.31.46.0-255,66,12236,50,184453
14753,0.000129,74.125.24.0-255,2543,14779,50,184453
14754,0.000132,172.31.46.0-255,66,14845,50,184453
14755,0.000182,74.125.24.0-255,1484,16329,50,184453
14756,0.000184,172.31.46.0-255,66,16395,50,184453
14757,0.000189,74.125.24.0-255,2902,19297,50,184453
14758,0.000192,172.31.46.0-255,66,19363,50,184453
14759,0.000222,74.125.24.0-255,5738,25101,50,184453
14760,0.000224,172.31.46.0-255,66,25167,50,184453
14761,0.000229,74.125.24.0-255,2902,28069,50,184453
14762,0.000231,172.31.46.0-255,66,28135,50,184453
14763,0.000262,172.31.46.0-255,66,28201,50,184453
14764,0.00028,172.31.46.0-255,66,28267,50,184453
14765,0.000338,74.125.24.0-255,110,28377,50,184453
14766,0.000341,172.31.46.0-255,66,28443,50,184453
14767,0.000586,74.125.24.0-255,332,28775,50,184453
14768,0.000591,172.31.46.0-255,66,28841,50,184453
14769,0.00088,74.125.24.0-255,1484,30325,50,184453
14770,0.000884,172.31.46.0-255,66,30391,50,184453
14771,0.00089,74.125.24.0-255,2902,33293,50,184453
14772,0.000892,172.31.46.0-255,66,33359,50,184453
14773,0.000904,74.125.24.0-255,5738,39097,50,184453
14774,0.000906,172.31.46.0-255,66,39163,50,184453
14775,0.000912,74.125.24.0-255,5738,44901,50,184453
14776,0.000915,172.31.46.0-255,66,44967,50,184453
14777,0.000947,74.125.24.0-255,1484,46451,50,184453
14778,0.000964,172.31.46.0-255,66,46517,50,184453
14779,0.000969,74.125.24.0-255,2184,48701,50,184453
14780,0.00097,172.31.46.0-255,66,48767,50,184453
14781,0.001177,74.125.24.0-255,1484,50251,50,184453
14782,0.001184,74.125.24.0-255,2902,53153,50,184453
14783,0.001187,172.31.46.0-255,66,53219,50,184453
14784,0.001219,74.125.24.0-255,5738,58957,50,184453
14785,0.001222,172.31.46.0-255,66,59023,50,184453
14786,0.001226,74.125.24.0-255,2902,61925,50,184453
14787,0.001228,172.31.46.0-255,66,61991,50,184453
14788,0.001274,172.31.46.0-255,66,62057,50,184453
14789,0.001286,172.31.46.0-255,66,62123,50,184453
14790,0.001311,74.125.24.0-255,766,62889,50,184453
14791,0.001327,74.125.24.0-255,1484,64373,50,184453
14792,0.00133,172.31.46.0-255,66,64439,50,184453
14793,0.001335,74.125.24.0-255,2902,67341,50,184453
14794,0.001337,172.31.46.0-255,66,67407,50,184453
14795,0.001359,74.125.24.0-255,5738,73145,50,184453
14796,0.001362,172.31.46.0-255,66,73211,50,184453
14797,0.001367,74.125.24.0-255,4320,77531,50,184453
14798,0.001375,172.31.46.0-255,66,77597,50,184453
14799,0.001395,74.125.24.0-255,5738,83335,50,184453
14800,0.001398,74.125.24.0-255,1484,84819,50,184453
14801,0.001429,74.125.24.0-255,2184,87003,50,184453
14802,0.001474,74.125.24.0-255,1484,88487,50,184453
14803,0.001489,172.31.46.0-255,66,88553,50,184453
14804,0.001507,74.125.24.0-255,2902,91455,50,184453
14805,0.001514,74.125.24.0-255,5738,97193,50,184453
14806,0.001518,74.125.24.0-255,2902,100095,50,184453
14807,0.001535,172.31.46.0-255,66,100161,50,184453
14808,0.001561,172.31.46.0-255,66,100227,50,184453
14809,0.001564,74.125.24.0-255,1484,101711,50,184453
14810,0.00157,74.125.24.0-255,4320,106031,50,184453
14811,0.001602,74.125.24.0-255,5020,111051,50,184453
14812,0.00161,172.31.46.0-255,66,111117,50,184453
14813,0.001636,74.125.24.0-255,1484,112601,50,184453
14814,0.001641,74.125.24.0-255,2902,115503,50,184453
14815,0.001644,74.125.24.0-255,1484,116987,50,184453
14816,0.001653,172.31.46.0-255,66,117053,50,184453
14817,0.001663,74.125.24.0-255,4320,121373,50,184453
14818,0.001673,74.125.24.0-255,4320,125693,50,184453
14819,0.00168,172.31.46.0-255,66,125759,50,184453
14820,0.001688,74.125.24.0-255,2902,128661,50,184453
14821,0.001709,74.125.24.0-255,7156,135817,50,184453
14822,0.001726,74.125.24.0-255,1484,137301,50,184453
14823,0.001729,172.31.46.0-255,66,137367,50,184453
14824,0.001747,74.125.24.0-255,4320,141687,50,184453
14825,0.001776,74.125.24.0-255,2902,144589,50,184453
14826,0.001793,172.31.46.0-255,66,144655,50,184453
14827,0.00184,74.125.24.0-255,2184,146839,50,184453
14828,0.001843,74.125.24.0-255,1484,148323,50,184453
14829,0.001848,74.125.24.0-255,2902,151225,50,184453
14830,0.001853,74.125.24.0-255,4320,155545,50,184453
14831,0.001868,74.125.24.0-255,1484,157029,50,184453
14832,0.001871,74.125.24.0-255,1484,158513,50,184453
14833,0.001892,74.125.24.0-255,1484,159997,50,184453
14834,0.001898,172.31.46.0-255,66,160063,50,184453
14835,0.001918,74.125.24.0-255,4320,164383,50,184453
14836,0.001933,172.31.46.0-255,66,164449,50,184453
14837,0.001944,74.125.24.0-255,5020,169469,50,184453
14838,0.00195,172.31.46.0-255,66,169535,50,184453
14839,0.001998,74.125.24.0-255,2902,172437,50,184453
14840,0.002012,74.125.24.0-255,2902,175339,50,184453
14841,0.002019,74.125.24.0-255,5738,181077,50,184453
14842,0.002024,172.31.46.0-255,66,181143,50,184453
14843,0.002055,74.125.24.0-255,1484,182627,50,184453
14844,0.002077,74.125.24.0-255,1484,184111,50,184453
14845,0.002225,74.125.24.0-255,105,184216,50,184453
14846,0.009984,172.31.46.0-255,66,184282,50,184453
14847,0.01265,172.31.46.0-255,105,184387,50,184453
14848,0.015175,74.125.24.0-255,66,184453,50,184453
14849,0.0,74.125.68.0-255,153,153,50,298054
14850,2.2e-05,172.31.46.0-255,66,219,50,298054
14851,2.9e-05,74.125.68.0-255,1484,1703,50,298054
14852,3.3e-05,172.31.46.0-255,66,1769,50,298054
14853,3.8e-05,74.125.68.0-255,2902,4671,50,298054
14854,4.1e-05,172.31.46.0-255,66,4737,50,298054
14855,4.6e-05,74.125.68.0-255,4320,9057,50,298054
14856,4.9e-05,172.31.46.0-255,66,9123,50,298054
14857,5.6e-05,74.125.68.0-255,4916,14039,50,298054
14858,5.8e-05,172.31.46.0-255,66,14105,50,298054
14859,0.0001,172.31.46.0-255,66,14171,50,298054
14860,0.000144,74.125.68.0-255,6797,20968,50,298054
14861,0.000146,172.31.46.0-255,66,21034,50,298054
14862,0.000206,74.125.68.0-255,1484,22518,50,298054
14863,0.00021,172.31.46.0-255,66,22584,50,298054
14864,0.000229,74.125.68.0-255,2902,25486,50,298054
14865,0.000231,172.31.46.0-255,66,25552,50,298054
14866,0.000236,74.125.68.0-255,2902,28454,50,298054
14867,0.000238,172.31.46.0-255,66,28520,50,298054
14868,0.000242,74.125.68.0-255,2902,31422,50,298054
14869,0.000245,172.31.46.0-255,66,31488,50,298054
14870,0.00026,74.125.68.0-255,1484,32972,50,298054
14871,0.000262,172.31.46.0-255,66,33038,50,298054
14872,0.000267,74.125.68.0-255,2902,35940,50,298054
14873,0.000269,172.31.46.0-255,66,36006,50,298054
14874,0.000292,74.125.68.0-255,5738,41744,50,298054
14875,0.000295,172.31.46.0-255,66,41810,50,298054
14876,0.000302,74.125.68.0-255,7156,48966,50,298054
14877,0.000304,172.31.46.0-255,66,49032,50,298054
14878,0.000345,74.125.68.0-255,6438,55470,50,298054
14879,0.000348,172.31.46.0-255,66,55536,50,298054
14880,0.000376,74.125.68.0-255,677,56213,50,298054
14881,0.000415,74.125.68.0-255,1484,57697,50,298054
14882,0.000419,172.31.46.0-255,66,57763,50,298054
14883,0.000442,74.125.68.0-255,4320,62083,50,298054
14884,0.000445,172.31.46.0-255,66,62149,50,298054
14885,0.000447,74.125.68.0-255,1484,63633,50,298054
14886,0.000451,74.125.68.0-255,1484,65117,50,298054
14887,0.000453,172.31.46.0-255,66,65183,50,298054
14888,0.000481,74.125.68.0-255,5738,70921,50,298054
14889,0.000483,172.31.46.0-255,66,70987,50,298054
14890,0.000534,172.31.46.0-255,66,71053,50,298054
14891,0.000558,74.125.68.0-255,5738,76791,50,298054
14892,0.000561,172.31.46.0-255,66,76857,50,298054
14893,0.000567,74.125.68.0-255,5020,81877,50,298054
14894,0.000569,172.31.46.0-255,66,81943,50,298054
14895,0.000729,74.125.68.0-255,1484,83427,50,298054
14896,0.000735,74.125.68.0-255,2902,86329,50,298054
14897,0.000738,172.31.46.0-255,66,86395,50,298054
14898,0.000752,74.125.68.0-255,1484,87879,50,298054
14899,0.000756,74.125.68.0-255,1484,89363,50,298054
14900,0.000758,172.31.46.0-255,66,89429,50,298054
14901,0.000775,74.125.68.0-255,1484,90913,50,298054
14902,0.00079,74.125.68.0-255,5738,96651,50,298054
14903,0.000793,172.31.46.0-255,66,96717,50,298054
14904,0.000798,74.125.68.0-255,2902,99619,50,298054
14905,0.000801,172.31.46.0-255,66,99685,50,298054
14906,0.000832,74.125.68.0-255,4320,104005,50,298054
14907,0.000837,172.31.46.0-255,66,104071,50,298054
14908,0.000861,172.31.46.0-255,66,104137,50,298054
14909,0.000867,74.125.68.0-255,3053,107190,50,298054
14910,0.00087,172.31.46.0-255,66,107256,50,298054
14911,0.000999,74.125.68.0-255,1484,108740,50,298054
14912,0.001006,74.125.68.0-255,2902,111642,50,298054
14913,0.001009,172.31.46.0-255,66,111708,50,298054
14914,0.001025,74.125.68.0-255,4320,116028,50,298054
14915,0.001027,172.31.46.0-255,66,116094,50,298054
14916,0.001047,74.125.68.0-255,1484,117578,50,298054
14917,0.00108,172.31.46.0-255,66,117644,50,298054
14918,0.00112,74.125.68.0-255,5738,123382,50,298054
14919,0.001123,172.31.46.0-255,66,123448,50,298054
14920,0.001146,74.125.68.0-255,6438,129886,50,298054
14921,0.001149,172.31.46.0-255,66,129952,50,298054
14922,0.001162,172.31.46.0-255,66,130018,50,298054
14923,0.001178,74.125.68.0-255,1484,131502,50,298054
14924,0.001184,74.125.68.0-255,5738,137240,50,298054
14925,0.001186,172.31.46.0-255,66,137306,50,298054
14926,0.001193,74.125.68.0-255,7156,144462,50,298054
14927,0.001197,172.31.46.0-255,66,144528,50,298054
14928,0.001219,74.125.68.0-255,6438,150966,50,298054
14929,0.001222,172.31.46.0-255,66,151032,50,298054
14930,0.001326,74.125.68.0-255,1484,152516,50,298054
14931,0.001341,74.125.68.0-255,2902,155418,50,298054
14932,0.001344,172.31.46.0-255,66,155484,50,298054
14933,0.001348,74.125.68.0-255,1484,156968,50,298054
14934,0.001367,74.125.68.0-255,4320,161288,50,298054
14935,0.00137,172.31.46.0-255,66,161354,50,298054
14936,0.001373,74.125.68.0-255,1484,162838,50,298054
14937,0.001395,74.125.68.0-255,5738,168576,50,298054
14938,0.001398,172.31.46.0-255,66,168642,50,298054
14939,0.001421,74.125.68.0-255,4320,172962,50,298054
14940,0.001424,172.31.46.0-255,66,173028,50,298054
14941,0.001446,74.125.68.0-255,7156,180184,50,298054
14942,0.001449,172.31.46.0-255,66,180250,50,298054
14943,0.001464,74.125.68.0-255,5020,185270,50,298054
14944,0.001468,172.31.46.0-255,66,185336,50,298054
14945,0.001626,74.125.68.0-255,1484,186820,50,298054
14946,0.00164,74.125.68.0-255,2902,189722,50,298054
14947,0.001643,172.31.46.0-255,66,189788,50,298054
14948,0.001649,74.125.68.0-255,4320,194108,50,298054
14949,0.001652,172.31.46.0-255,66,194174,50,298054
14950,0.001662,74.125.68.0-255,1484,195658,50,298054
14951,0.001675,74.125.68.0-255,1484,197142,50,298054
14952,0.001677,172.31.46.0-255,66,197208,50,298054
14953,0.001681,74.125.68.0-255,1484,198692,50,298054
14954,0.001694,74.125.68.0-255,1484,200176,50,298054
14955,0.001697,172.31.46.0-255,66,200242,50,298054
14956,0.001719,74.125.68.0-255,5738,205980,50,298054
14957,0.001722,172.31.46.0-255,66,206046,50,298054
14958,0.001725,74.125.68.0-255,1484,207530,50,298054
14959,0.001746,74.125.68.0-255,5738,213268,50,298054
14960,0.001749,172.31.46.0-255,66,213334,50,298054
14961,0.001772,74.125.68.0-255,6438,219772,50,298054
14962,0.001775,172.31.46.0-255,66,219838,50,298054
14963,0.0019,74.125.68.0-255,1484,221322,50,298054
14964,0.001906,74.125.68.0-255,2902,224224,50,298054
14965,0.001909,172.31.46.0-255,66,224290,50,298054
14966,0.001962,74.125.68.0-255,4320,228610,50,298054
14967,0.001965,172.31.46.0-255,66,228676,50,298054
14968,0.001976,172.31.46.0-255,66,228742,50,298054
14969,0.001982,74.125.68.0-255,5738,234480,50,298054
14970,0.001984,172.31.46.0-255,66,234546,50,298054
14971,0.001991,74.125.68.0-255,7156,241702,50,298054
14972,0.001993,172.31.46.0-255,66,241768,50,298054
14973,0.002014,74.125.68.0-255,1484,243252,50,298054
14974,0.002027,74.125.68.0-255,2184,245436,50,298054
14975,0.002031,172.31.46.0-255,66,245502,50,298054
14976,0.002073,74.125.68.0-255,4320,249822,50,298054
14977,0.002077,172.31.46.0-255,66,249888,50,298054
14978,0.002082,74.125.68.0-255,2902,252790,50,298054
14979,0.002084,172.31.46.0-255,66,252856,50,298054
14980,0.002098,74.125.68.0-255,2902,255758,50,298054
14981,0.0021,172.31.46.0-255,66,255824,50,298054
14982,0.002113,74.125.68.0-255,2902,258726,50,298054
14983,0.002121,172.31.46.0-255,66,258792,50,298054
14984,0.002142,74.125.68.0-255,4320,263112,50,298054
14985,0.002146,172.31.46.0-255,66,263178,50,298054
14986,0.002152,172.31.46.0-255,66,263244,50,298054
14987,0.002189,74.125.68.0-255,5738,268982,50,298054
14988,0.002192,172.31.46.0-255,66,269048,50,298054
14989,0.002234,172.31.46.0-255,66,269114,50,298054
14990,0.002241,74.125.68.0-255,1484,270598,50,298054
14991,0.002246,74.125.68.0-255,4320,274918,50,298054
14992,0.002251,172.31.46.0-255,66,274984,50,298054
14993,0.002286,74.125.68.0-255,5738,280722,50,298054
14994,0.002299,172.31.46.0-255,66,280788,50,298054
14995,0.002347,172.31.46.0-255,66,280854,50,298054
14996,0.002363,74.125.68.0-255,2902,283756,50,298054
14997,0.002368,74.125.68.0-255,4320,288076,50,298054
14998,0.002375,172.31.46.0-255,66,288142,50,298054
14999,0.002385,74.125.68.0-255,1484,289626,50,298054
15000,0.002433,74.125.68.0-255,3909,293535,50,298054
15001,0.002441,172.31.46.0-255,66,293601,50,298054
15002,0.002475,74.125.68.0-255,105,293706,50,298054
15003,0.009712,172.31.46.0-255,66,293772,50,298054
15004,0.009749,172.31.46.0-255,105,293877,50,298054
15005,0.012278,74.125.68.0-255,66,293943,50,298054
15006,0.029824,172.31.46.0-255,188,294131,50,298054
15007,0.029856,172.31.46.0-255,954,295085,50,298054
15008,0.029916,172.31.46.0-255,1514,296599,50,298054
15009,0.029918,172.31.46.0-255,1455,298054,50,298054
15010,0.0,74.125.68.0-255,159,159,50,249022
15011,2.3e-05,172.31.46.0-255,66,225,50,249022
15012,3e-05,74.125.68.0-255,1484,1709,50,249022
15013,3.5e-05,172.31.46.0-255,66,1775,50,249022
15014,4.5e-05,74.125.68.0-255,1484,3259,50,249022
15015,4.9e-05,172.31.46.0-255,66,3325,50,249022
15016,5.6e-05,74.125.68.0-255,2902,6227,50,249022
15017,5.9e-05,172.31.46.0-255,66,6293,50,249022
15018,6.6e-05,74.125.68.0-255,5738,12031,50,249022
15019,6.9e-05,172.31.46.0-255,66,12097,50,249022
15020,7.2e-05,74.125.68.0-255,1484,13581,50,249022
15021,7.4e-05,172.31.46.0-255,66,13647,50,249022
15022,0.000128,74.125.68.0-255,663,14310,50,249022
15023,0.000131,172.31.46.0-255,66,14376,50,249022
15024,0.000164,74.125.68.0-255,1484,15860,50,249022
15025,0.000167,172.31.46.0-255,66,15926,50,249022
15026,0.000186,74.125.68.0-255,2902,18828,50,249022
15027,0.000189,172.31.46.0-255,66,18894,50,249022
15028,0.000218,74.125.68.0-255,5738,24632,50,249022
15029,0.000221,172.31.46.0-255,66,24698,50,249022
15030,0.000226,74.125.68.0-255,2902,27600,50,249022
15031,0.000228,172.31.46.0-255,66,27666,50,249022
15032,0.000248,74.125.68.0-255,2902,30568,50,249022
15033,0.000255,172.31.46.0-255,66,30634,50,249022
15034,0.000279,74.125.68.0-255,1125,31759,50,249022
15035,0.000281,172.31.46.0-255,66,31825,50,249022
15036,0.000454,74.125.68.0-255,1484,33309,50,249022
15037,0.000459,172.31.46.0-255,66,33375,50,249022
15038,0.000466,74.125.68.0-255,2902,36277,50,249022
15039,0.000468,172.31.46.0-255,66,36343,50,249022
15040,0.000476,74.125.68.0-255,1484,37827,50,249022
15041,0.000478,172.31.46.0-255,66,37893,50,249022
15042,0.000494,74.125.68.0-255,5738,43631,50,249022
15043,0.000497,172.31.46.0-255,66,43697,50,249022
15044,0.000528,74.125.68.0-255,2902,46599,50,249022
15045,0.000531,172.31.46.0-255,66,46665,50,249022
15046,0.00057,172.31.46.0-255,66,46731,50,249022
15047,0.000574,74.125.68.0-255,2902,49633,50,249022
15048,0.000577,172.31.46.0-255,66,49699,50,249022
15049,0.000617,172.31.46.0-255,66,49765,50,249022
15050,0.00062,74.125.68.0-255,411,50176,50,249022
15051,0.000646,74.125.68.0-255,332,50508,50,249022
15052,0.000795,74.125.68.0-255,1484,51992,50,249022
15053,0.0008,172.31.46.0-255,66,52058,50,249022
15054,0.000806,74.125.68.0-255,2902,54960,50,249022
15055,0.000808,172.31.46.0-255,66,55026,50,249022
15056,0.000841,74.125.68.0-255,4320,59346,50,249022
15057,0.000844,172.31.46.0-255,66,59412,50,249022
15058,0.000851,74.125.68.0-255,5738,65150,50,249022
15059,0.000854,172.31.46.0-255,66,65216,50,249022
15060,0.000857,74.125.68.0-255,1484,66700,50,249022
15061,0.000901,172.31.46.0-255,66,66766,50,249022
15062,0.000907,74.125.68.0-255,4320,71086,50,249022
15063,0.000909,172.31.46.0-255,66,71152,50,249022
15064,0.000943,74.125.68.0-255,3602,74754,50,249022
15065,0.000946,172.31.46.0-255,66,74820,50,249022
15066,0.001001,74.125.68.0-255,1484,76304,50,249022
15067,0.001023,74.125.68.0-255,2902,79206,50,249022
15068,0.001026,172.31.46.0-255,66,79272,50,249022
15069,0.00103,74.125.68.0-255,2902,82174,50,249022
15070,0.001033,172.31.46.0-255,66,82240,50,249022
15071,0.001051,74.125.68.0-255,4320,86560,50,249022
15072,0.001057,172.31.46.0-255,66,86626,50,249022
15073,0.001061,74.125.68.0-255,2902,89528,50,249022
15074,0.001063,172.31.46.0-255,66,89594,50,249022
15075,0.001079,74.125.68.0-255,5738,95332,50,249022
15076,0.001085,74.125.68.0-255,5738,101070,50,249022
15077,0.001124,172.31.46.0-255,66,101136,50,249022
15078,0.001132,172.31.46.0-255,66,101202,50,249022
15079,0.001139,74.125.68.0-255,7156,108358,50,249022
15080,0.001145,172.31.46.0-255,66,108424,50,249022
15081,0.001148,74.125.68.0-255,766,109190,50,249022
15082,0.001223,74.125.68.0-255,1484,110674,50,249022
15083,0.001227,172.31.46.0-255,66,110740,50,249022
15084,0.001254,74.125.68.0-255,2902,113642,50,249022
15085,0.001257,172.31.46.0-255,66,113708,50,249022
15086,0.001263,74.125.68.0-255,4320,118028,50,249022
15087,0.001266,172.31.46.0-255,66,118094,50,249022
15088,0.001302,74.125.68.0-255,1484,119578,50,249022
15089,0.00131,74.125.68.0-255,7156,126734,50,249022
15090,0.001313,172.31.46.0-255,66,126800,50,249022
15091,0.001324,172.31.46.0-255,66,126866,50,249022
15092,0.001354,172.31.46.0-255,66,126932,50,249022
15093,0.00177,74.125.68.0-255,1484,128416,50,249022
15094,0.001788,74.125.68.0-255,2902,131318,50,249022
15095,0.001792,172.31.46.0-255,66,131384,50,249022
15096,0.001796,74.125.68.0-255,1484,132868,50,249022
15097,0.001826,74.125.68.0-255,2902,135770,50,249022
15098,0.001828,172.31.46.0-255,66,135836,50,249022
15099,0.001862,74.125.68.0-255,5738,141574,50,249022
15100,0.001865,172.31.46.0-255,66,141640,50,249022
15101,0.001871,74.125.68.0-255,4320,145960,50,249022
15102,0.001873,172.31.46.0-255,66,146026,50,249022
15103,0.001892,74.125.68.0-255,2902,148928,50,249022
15104,0.001894,172.31.46.0-255,66,148994,50,249022
15105,0.001908,74.125.68.0-255,2902,151896,50,249022
15106,0.001914,172.31.46.0-255,66,151962,50,249022
15107,0.00193,74.125.68.0-255,4320,156282,50,249022
15108,0.001932,172.31.46.0-255,66,156348,50,249022
15109,0.001964,74.125.68.0-255,1484,157832,50,249022
15110,0.001969,74.125.68.0-255,2902,160734,50,249022
15111,0.001971,172.31.46.0-255,66,160800,50,249022
15112,0.001997,74.125.68.0-255,766,161566,50,249022
15113,0.002137,74.125.68.0-255,1484,163050,50,249022
15114,0.002141,172.31.46.0-255,66,163116,50,249022
15115,0.002164,74.125.68.0-255,2902,166018,50,249022
15116,0.002166,172.31.46.0-255,66,166084,50,249022
15117,0.002199,74.125.68.0-255,5738,171822,50,249022
15118,0.002202,172.31.46.0-255,66,171888,50,249022
15119,0.002204,74.125.68.0-255,1484,173372,50,249022
15120,0.00224,74.125.68.0-255,2902,176274,50,249022
15121,0.002242,172.31.46.0-255,66,176340,50,249022
15122,0.00227,74.125.68.0-255,4320,180660,50,249022
15123,0.002272,172.31.46.0-255,66,180726,50,249022
15124,0.004478,74.125.68.0-255,4320,185046,50,249022
15125,0.004485,172.31.46.0-255,66,185112,50,249022
15126,0.004511,74.125.68.0-255,1484,186596,50,249022
15127,0.006707,74.125.68.0-255,4320,190916,50,249022
15128,0.006709,172.31.46.0-255,66,190982,50,249022
15129,0.008929,74.125.68.0-255,5738,196720,50,249022
15130,0.008936,172.31.46.0-255,66,196786,50,249022
15131,0.011167,74.125.68.0-255,5738,202524,50,249022
15132,0.011182,172.31.46.0-255,66,202590,50,249022
15133,0.013411,74.125.68.0-255,5738,208328,50,249022
15134,0.013425,172.31.46.0-255,66,208394,50,249022
15135,0.015644,74.125.68.0-255,5738,214132,50,249022
15136,0.015654,172.31.46.0-255,66,214198,50,249022
15137,0.01787,74.125.68.0-255,5738,219936,50,249022
15138,0.017877,172.31.46.0-255,66,220002,50,249022
15139,0.020094,74.125.68.0-255,5738,225740,50,249022
15140,0.020106,172.31.46.0-255,66,225806,50,249022
15141,0.022344,74.125.68.0-255,5738,231544,50,249022
15142,0.022359,172.31.46.0-255,66,231610,50,249022
15143,0.024579,74.125.68.0-255,5738,237348,50,249022
15144,0.024589,172.31.46.0-255,66,237414,50,249022
15145,0.026823,74.125.68.0-255,5738,243152,50,249022
15146,0.026837,172.31.46.0-255,66,243218,50,249022
15147,0.029048,74.125.68.0-255,5738,248956,50,249022
15148,0.029054,172.31.46.0-255,66,249022,50,249022
15149,0.0,172.217.194.0-255,152,152,50,90358
15150,2.2e-05,172.31.46.0-255,66,218,50,90358
15151,2.9e-05,172.217.194.0-255,1484,1702,50,90358
15152,3.3e-05,172.31.46.0-255,66,1768,50,90358
15153,3.9e-05,172.217.194.0-255,2902,4670,50,90358
15154,4.9e-05,172.31.46.0-255,66,4736,50,90358
15155,5.7e-05,172.217.194.0-255,7156,11892,50,90358
15156,6e-05,172.31.46.0-255,66,11958,50,90358
15157,6.4e-05,172.217.194.0-255,2042,14000,50,90358
15158,6.8e-05,172.31.46.0-255,66,14066,50,90358
15159,0.000114,172.31.46.0-255,66,14132,50,90358
15160,0.000125,172.31.46.0-255,66,14198,50,90358
15161,0.000155,172.217.194.0-255,2902,17100,50,90358
15162,0.000158,172.31.46.0-255,66,17166,50,90358
15163,0.000194,172.31.46.0-255,66,17232,50,90358
15164,0.001512,172.217.194.0-255,1484,18716,50,90358
15165,0.00152,172.31.46.0-255,66,18782,50,90358
15166,0.001531,172.217.194.0-255,2902,21684,50,90358
15167,0.001533,172.31.46.0-255,66,21750,50,90358
15168,0.001543,172.217.194.0-255,1484,23234,50,90358
15169,0.001545,172.31.46.0-255,66,23300,50,90358
15170,0.00155,172.217.194.0-255,2902,26202,50,90358
15171,0.001553,172.31.46.0-255,66,26268,50,90358
15172,0.0016,172.217.194.0-255,5738,32006,50,90358
15173,0.001603,172.31.46.0-255,66,32072,50,90358
15174,0.001607,172.217.194.0-255,2795,34867,50,90358
15175,0.001609,172.31.46.0-255,66,34933,50,90358
15176,0.001613,172.217.194.0-255,118,35051,50,90358
15177,0.001619,172.31.46.0-255,66,35117,50,90358
15178,0.004449,172.217.194.0-255,1484,36601,50,90358
15179,0.004461,172.217.194.0-255,2902,39503,50,90358
15180,0.004466,172.31.46.0-255,66,39569,50,90358
15181,0.004485,172.217.194.0-255,1484,41053,50,90358
15182,0.006782,172.217.194.0-255,4320,45373,50,90358
15183,0.006789,172.31.46.0-255,66,45439,50,90358
15184,0.009121,172.217.194.0-255,5738,51177,50,90358
15185,0.014875,172.31.46.0-255,66,51243,50,90358
15186,0.017229,172.217.194.0-255,5738,56981,50,90358
15187,0.017249,172.31.46.0-255,66,57047,50,90358
15188,0.019577,172.217.194.0-255,5738,62785,50,90358
15189,0.019595,172.31.46.0-255,66,62851,50,90358
15190,0.02195,172.217.194.0-255,5738,68589,50,90358
15191,0.021969,172.31.46.0-255,66,68655,50,90358
15192,0.024295,172.217.194.0-255,5738,74393,50,90358
15193,0.024312,172.31.46.0-255,66,74459,50,90358
15194,0.026665,172.217.194.0-255,5738,80197,50,90358
15195,0.026675,172.31.46.0-255,66,80263,50,90358
15196,0.027922,172.31.46.0-255,172,80435,50,90358
15197,0.027958,172.31.46.0-255,1113,81548,50,90358
15198,0.028028,172.31.46.0-255,1514,83062,50,90358
15199,0.02803,172.31.46.0-255,1294,84356,50,90358
15200,0.029014,172.217.194.0-255,5738,90094,50,90358
15201,0.029023,172.31.46.0-255,66,90160,50,90358
15202,0.029481,104.244.42.0-255,66,90226,50,90358
15203,0.029528,104.244.42.0-255,66,90292,50,90358
15204,0.02962,104.244.42.0-255,66,90358,50,90358
15205,0.0,74.125.200.0-255,152,152,50,277289
15206,2.4e-05,172.31.46.0-255,66,218,50,277289
15207,3e-05,74.125.200.0-255,1484,1702,50,277289
15208,3.5e-05,172.31.46.0-255,66,1768,50,277289
15209,4.1e-05,74.125.200.0-255,2902,4670,50,277289
15210,4.4e-05,172.31.46.0-255,66,4736,50,277289
15211,5.1e-05,74.125.200.0-255,5738,10474,50,277289
15212,5.4e-05,172.31.46.0-255,66,10540,50,277289
15213,5.8e-05,74.125.200.0-255,1484,12024,50,277289
15214,6.1e-05,172.31.46.0-255,66,12090,50,277289
15215,8.3e-05,74.125.200.0-255,2030,14120,50,277289
15216,8.5e-05,172.31.46.0-255,66,14186,50,277289
15217,9.2e-05,74.125.200.0-255,4320,18506,50,277289
15218,9.4e-05,172.31.46.0-255,66,18572,50,277289
15219,0.000105,172.31.46.0-255,66,18638,50,277289
15220,0.000123,74.125.200.0-255,1484,20122,50,277289
15221,0.000125,172.31.46.0-255,66,20188,50,277289
15222,0.000144,74.125.200.0-255,2543,22731,50,277289
15223,0.000147,172.31.46.0-255,66,22797,50,277289
15224,0.000594,74.125.200.0-255,1484,24281,50,277289
15225,0.0006,172.31.46.0-255,66,24347,50,277289
15226,0.000606,74.125.200.0-255,2902,27249,50,277289
15227,0.000608,172.31.46.0-255,66,27315,50,277289
15228,0.000636,74.125.200.0-255,4320,31635,50,277289
15229,0.000638,172.31.46.0-255,66,31701,50,277289
15230,0.000654,74.125.200.0-255,5738,37439,50,277289
15231,0.000656,172.31.46.0-255,66,37505,50,277289
15232,0.000684,74.125.200.0-255,3961,41466,50,277289
15233,0.000687,172.31.46.0-255,66,41532,50,277289
15234,0.000693,74.125.200.0-255,4320,45852,50,277289
15235,0.000696,172.31.46.0-255,66,45918,50,277289
15236,0.000738,74.125.200.0-255,2902,48820,50,277289
15237,0.000764,74.125.200.0-255,385,49205,50,277289
15238,0.000781,172.31.46.0-255,66,49271,50,277289
15239,0.000899,74.125.200.0-255,1484,50755,50,277289
15240,0.000919,74.125.200.0-255,2902,53657,50,277289
15241,0.000922,172.31.46.0-255,66,53723,50,277289
15242,0.000953,74.125.200.0-255,4320,58043,50,277289
15243,0.000966,172.31.46.0-255,66,58109,50,277289
15244,0.000977,74.125.200.0-255,2902,61011,50,277289
15245,0.000982,172.31.46.0-255,66,61077,50,277289
15246,0.000993,74.125.200.0-255,5379,66456,50,277289
15247,0.001017,74.125.200.0-255,7156,73612,50,277289
15248,0.001033,172.31.46.0-255,66,73678,50,277289
15249,0.001036,74.125.200.0-255,1484,75162,50,277289
15250,0.001038,74.125.200.0-255,1484,76646,50,277289
15251,0.001044,172.31.46.0-255,66,76712,50,277289
15252,0.001086,74.125.200.0-255,5738,82450,50,277289
15253,0.001098,74.125.200.0-255,1125,83575,50,277289
15254,0.001101,172.31.46.0-255,66,83641,50,277289
15255,0.001188,74.125.200.0-255,1484,85125,50,277289
15256,0.001191,172.31.46.0-255,66,85191,50,277289
15257,0.001197,74.125.200.0-255,2902,88093,50,277289
15258,0.001219,74.125.200.0-255,5738,93831,50,277289
15259,0.001227,172.31.46.0-255,66,93897,50,277289
15260,0.001278,172.31.46.0-255,66,93963,50,277289
15261,0.001288,74.125.200.0-255,2184,96147,50,277289
15262,0.001293,172.31.46.0-255,66,96213,50,277289
15263,0.001355,74.125.200.0-255,1484,97697,50,277289
15264,0.001372,74.125.200.0-255,2902,100599,50,277289
15265,0.001375,74.125.200.0-255,1484,102083,50,277289
15266,0.001388,74.125.200.0-255,2902,104985,50,277289
15267,0.001399,172.31.46.0-255,66,105051,50,277289
15268,0.001412,74.125.200.0-255,5738,110789,50,277289
15269,0.001429,74.125.200.0-255,4320,115109,50,277289
15270,0.001452,172.31.46.0-255,66,115175,50,277289
15271,0.001462,172.31.46.0-255,66,115241,50,277289
15272,0.0015,74.125.200.0-255,6438,121679,50,277289
15273,0.001551,172.31.46.0-255,66,121745,50,277289
15274,0.001616,74.125.200.0-255,1484,123229,50,277289
15275,0.00164,74.125.200.0-255,2902,126131,50,277289
15276,0.001644,74.125.200.0-255,1484,127615,50,277289
15277,0.001662,74.125.200.0-255,4320,131935,50,277289
15278,0.001673,74.125.200.0-255,1484,133419,50,277289
15279,0.001676,172.31.46.0-255,66,133485,50,277289
15280,0.001711,74.125.200.0-255,5738,139223,50,277289
15281,0.00172,172.31.46.0-255,66,139289,50,277289
15282,0.001749,74.125.200.0-255,4320,143609,50,277289
15283,0.001765,172.31.46.0-255,66,143675,50,277289
15284,0.001787,172.31.46.0-255,66,143741,50,277289
15285,0.001791,74.125.200.0-255,1484,145225,50,277289
15286,0.001827,172.31.46.0-255,66,145291,50,277289
15287,0.001839,74.125.200.0-255,1484,146775,50,277289
15288,0.001852,74.125.200.0-255,766,147541,50,277289
15289,0.00186,172.31.46.0-255,66,147607,50,277289
15290,0.001908,74.125.200.0-255,1484,149091,50,277289
15291,0.001921,74.125.200.0-255,2902,151993,50,277289
15292,0.001949,74.125.200.0-255,2902,154895,50,277289
15293,0.001952,172.31.46.0-255,66,154961,50,277289
15294,0.001957,172.31.46.0-255,66,155027,50,277289
15295,0.001973,74.125.200.0-255,2902,157929,50,277289
15296,0.001979,74.125.200.0-255,4320,162249,50,277289
15297,0.002004,172.31.46.0-255,66,162315,50,277289
15298,0.002015,74.125.200.0-255,5738,168053,50,277289
15299,0.00202,172.31.46.0-255,66,168119,50,277289
15300,0.002034,74.125.200.0-255,2184,170303,50,277289
15301,0.002054,172.31.46.0-255,66,170369,50,277289
15302,0.002065,74.125.200.0-255,1484,171853,50,277289
15303,0.002085,74.125.200.0-255,2902,174755,50,277289
15304,0.002089,74.125.200.0-255,2902,177657,50,277289
15305,0.002095,172.31.46.0-255,66,177723,50,277289
15306,0.002106,74.125.200.0-255,2902,180625,50,277289
15307,0.002109,74.125.200.0-255,1484,182109,50,277289
15308,0.002129,172.31.46.0-255,66,182175,50,277289
15309,0.002136,74.125.200.0-255,5738,187913,50,277289
15310,0.002138,74.125.200.0-255,1484,189397,50,277289
15311,0.002146,172.31.46.0-255,66,189463,50,277289
15312,0.002159,74.125.200.0-255,7156,196619,50,277289
15313,0.002176,74.125.200.0-255,5738,202357,50,277289
15314,0.00218,74.125.200.0-255,2184,204541,50,277289
15315,0.002192,172.31.46.0-255,66,204607,50,277289
15316,0.00221,74.125.200.0-255,1484,206091,50,277289
15317,0.00225,172.31.46.0-255,66,206157,50,277289
15318,0.002272,74.125.200.0-255,5738,211895,50,277289
15319,0.002279,172.31.46.0-255,66,211961,50,277289
15320,0.002316,74.125.200.0-255,5738,217699,50,277289
15321,0.002331,74.125.200.0-255,1484,219183,50,277289
15322,0.002342,172.31.46.0-255,66,219249,50,277289
15323,0.004677,74.125.200.0-255,5738,224987,50,277289
15324,0.004688,172.31.46.0-255,66,225053,50,277289
15325,0.006994,74.125.200.0-255,5738,230791,50,277289
15326,0.010385,172.31.46.0-255,66,230857,50,277289
15327,0.012702,74.125.200.0-255,5738,236595,50,277289
15328,0.012711,172.31.46.0-255,66,236661,50,277289
15329,0.015029,74.125.200.0-255,5738,242399,50,277289
15330,0.015038,172.31.46.0-255,66,242465,50,277289
15331,0.017358,74.125.200.0-255,5738,248203,50,277289
15332,0.017371,172.31.46.0-255,66,248269,50,277289
15333,0.019677,74.125.200.0-255,5738,254007,50,277289
15334,0.019685,172.31.46.0-255,66,254073,50,277289
15335,0.021984,74.125.200.0-255,5738,259811,50,277289
15336,0.021992,172.31.46.0-255,66,259877,50,277289
15337,0.024302,74.125.200.0-255,5738,265615,50,277289
15338,0.024314,172.31.46.0-255,66,265681,50,277289
15339,0.026616,74.125.200.0-255,5738,271419,50,277289
15340,0.026624,172.31.46.0-255,66,271485,50,277289
15341,0.028933,74.125.200.0-255,5738,277223,50,277289
15342,0.028942,172.31.46.0-255,66,277289,50,277289
15343,0.0,74.125.24.0-255,153,153,50,228882
15344,3.7e-05,172.31.46.0-255,66,219,50,228882
15345,4.4e-05,74.125.24.0-255,1484,1703,50,228882
15346,4.9e-05,172.31.46.0-255,66,1769,50,228882
15347,5.4e-05,74.125.24.0-255,2902,4671,50,228882
15348,5.7e-05,172.31.46.0-255,66,4737,50,228882
15349,6.4e-05,74.125.24.0-255,7156,11893,50,228882
15350,6.7e-05,172.31.46.0-255,66,11959,50,228882
15351,7.1e-05,74.125.24.0-255,1978,13937,50,228882
15352,7.4e-05,172.31.46.0-255,66,14003,50,228882
15353,0.000105,74.125.24.0-255,4320,18323,50,228882
15354,0.000108,172.31.46.0-255,66,18389,50,228882
15355,0.000114,74.125.24.0-255,5738,24127,50,228882
15356,0.000117,172.31.46.0-255,66,24193,50,228882
15357,0.000163,74.125.24.0-255,6797,30990,50,228882
15358,0.000165,172.31.46.0-255,66,31056,50,228882
15359,0.00066,74.125.24.0-255,1484,32540,50,228882
15360,0.000666,172.31.46.0-255,66,32606,50,228882
15361,0.000675,74.125.24.0-255,2902,35508,50,228882
15362,0.000677,172.31.46.0-255,66,35574,50,228882
15363,0.000684,74.125.24.0-255,5738,41312,50,228882
15364,0.000686,172.31.46.0-255,66,41378,50,228882
15365,0.000731,74.125.24.0-255,6797,48175,50,228882
15366,0.000735,172.31.46.0-255,66,48241,50,228882
15367,0.000742,74.125.24.0-255,7156,55397,50,228882
15368,0.000744,172.31.46.0-255,66,55463,50,228882
15369,0.000777,74.125.24.0-255,2902,58365,50,228882
15370,0.00078,172.31.46.0-255,66,58431,50,228882
15371,0.000804,74.125.24.0-255,6797,65228,50,228882
15372,0.000807,172.31.46.0-255,66,65294,50,228882
15373,0.000926,74.125.24.0-255,1484,66778,50,228882
15374,0.000931,172.31.46.0-255,66,66844,50,228882
15375,0.000937,74.125.24.0-255,2902,69746,50,228882
15376,0.00094,172.31.46.0-255,66,69812,50,228882
15377,0.000967,74.125.24.0-255,5738,75550,50,228882
15378,0.000971,172.31.46.0-255,66,75616,50,228882
15379,0.000981,172.31.46.0-255,66,75682,50,228882
15380,0.001,74.125.24.0-255,4320,80002,50,228882
15381,0.001004,172.31.46.0-255,66,80068,50,228882
15382,0.001018,172.31.46.0-255,66,80134,50,228882
15383,0.001474,74.125.24.0-255,646,80780,50,228882
15384,0.001502,74.125.24.0-255,1484,82264,50,228882
15385,0.001507,172.31.46.0-255,66,82330,50,228882
15386,0.001511,74.125.24.0-255,1484,83814,50,228882
15387,0.001527,74.125.24.0-255,2902,86716,50,228882
15388,0.001529,172.31.46.0-255,66,86782,50,228882
15389,0.001536,74.125.24.0-255,7156,93938,50,228882
15390,0.001539,172.31.46.0-255,66,94004,50,228882
15391,0.001552,74.125.24.0-255,2902,96906,50,228882
15392,0.001554,172.31.46.0-255,66,96972,50,228882
15393,0.001559,74.125.24.0-255,4320,101292,50,228882
15394,0.001561,172.31.46.0-255,66,101358,50,228882
15395,0.001576,74.125.24.0-255,5738,107096,50,228882
15396,0.001578,172.31.46.0-255,66,107162,50,228882
15397,0.001597,74.125.24.0-255,4320,111482,50,228882
15398,0.0016,172.31.46.0-255,66,111548,50,228882
15399,0.001602,74.125.24.0-255,1484,113032,50,228882
15400,0.001623,74.125.24.0-255,1635,114667,50,228882
15401,0.001625,172.31.46.0-255,66,114733,50,228882
15402,0.001994,74.125.24.0-255,1484,116217,50,228882
15403,0.001999,74.125.24.0-255,2902,119119,50,228882
15404,0.002001,172.31.46.0-255,66,119185,50,228882
15405,0.002025,74.125.24.0-255,5738,124923,50,228882
15406,0.002027,172.31.46.0-255,66,124989,50,228882
15407,0.002046,74.125.24.0-255,5738,130727,50,228882
15408,0.002048,172.31.46.0-255,66,130793,50,228882
15409,0.00207,74.125.24.0-255,7156,137949,50,228882
15410,0.002072,172.31.46.0-255,66,138015,50,228882
15411,0.002077,74.125.24.0-255,4320,142335,50,228882
15412,0.002079,172.31.46.0-255,66,142401,50,228882
15413,0.002108,74.125.24.0-255,6438,148839,50,228882
15414,0.00211,172.31.46.0-255,66,148905,50,228882
15415,0.004214,74.125.24.0-255,5738,154643,50,228882
15416,0.004223,172.31.46.0-255,66,154709,50,228882
15417,0.006378,74.125.24.0-255,5738,160447,50,228882
15418,0.006386,172.31.46.0-255,66,160513,50,228882
15419,0.00849,74.125.24.0-255,5738,166251,50,228882
15420,0.008499,172.31.46.0-255,66,166317,50,228882
15421,0.009006,172.31.46.0-255,101,166418,50,228882
15422,0.010619,74.125.24.0-255,5738,172156,50,228882
15423,0.010632,172.31.46.0-255,66,172222,50,228882
15424,0.01108,74.125.24.0-255,66,172288,50,228882
15425,0.012748,74.125.24.0-255,5738,178026,50,228882
15426,0.012757,172.31.46.0-255,66,178092,50,228882
15427,0.014884,74.125.24.0-255,5738,183830,50,228882
15428,0.014899,172.31.46.0-255,66,183896,50,228882
15429,0.017039,74.125.24.0-255,5738,189634,50,228882
15430,0.017055,172.31.46.0-255,66,189700,50,228882
15431,0.019195,74.125.24.0-255,5738,195438,50,228882
15432,0.01921,172.31.46.0-255,66,195504,50,228882
15433,0.021316,74.125.24.0-255,5738,201242,50,228882
15434,0.02133,172.31.46.0-255,66,201308,50,228882
15435,0.023469,74.125.24.0-255,5738,207046,50,228882
15436,0.023481,172.31.46.0-255,66,207112,50,228882
15437,0.025603,74.125.24.0-255,5738,212850,50,228882
15438,0.025612,172.31.46.0-255,66,212916,50,228882
15439,0.027423,172.31.46.0-255,172,213088,50,228882
15440,0.027453,172.31.46.0-255,1112,214200,50,228882
15441,0.027519,172.31.46.0-255,1514,215714,50,228882
15442,0.027521,172.31.46.0-255,1296,217010,50,228882
15443,0.02776,74.125.24.0-255,5738,222748,50,228882
15444,0.027767,172.31.46.0-255,66,222814,50,228882
15445,0.028978,104.244.42.0-255,66,222880,50,228882
15446,0.029014,104.244.42.0-255,66,222946,50,228882
15447,0.029056,104.244.42.0-255,66,223012,50,228882
15448,0.029863,74.125.24.0-255,4320,227332,50,228882
15449,0.029869,172.31.46.0-255,66,227398,50,228882
15450,0.029903,74.125.24.0-255,1484,228882,50,228882
15451,0.0,74.125.24.0-255,152,152,50,146821
15452,1.7e-05,172.31.46.0-255,66,218,50,146821
15453,2.3e-05,74.125.24.0-255,1484,1702,50,146821
15454,2.7e-05,172.31.46.0-255,66,1768,50,146821
15455,3.2e-05,74.125.24.0-255,2902,4670,50,146821
15456,3.5e-05,172.31.46.0-255,66,4736,50,146821
15457,4.2e-05,74.125.24.0-255,7156,11892,50,146821
15458,4.5e-05,172.31.46.0-255,66,11958,50,146821
15459,4.9e-05,74.125.24.0-255,2099,14057,50,146821
15460,5.2e-05,172.31.46.0-255,66,14123,50,146821
15461,0.000289,74.125.24.0-255,1484,15607,50,146821
15462,0.000295,172.31.46.0-255,66,15673,50,146821
15463,0.000301,74.125.24.0-255,2902,18575,50,146821
15464,0.000304,172.31.46.0-255,66,18641,50,146821
15465,0.000307,74.125.24.0-255,1484,20125,50,146821
15466,0.000309,172.31.46.0-255,66,20191,50,146821
15467,0.000333,74.125.24.0-255,4320,24511,50,146821
15468,0.000336,172.31.46.0-255,66,24577,50,146821
15469,0.000347,172.31.46.0-255,66,24643,50,146821
15470,0.000365,74.125.24.0-255,5379,30022,50,146821
15471,0.000377,172.31.46.0-255,66,30088,50,146821
15472,0.000385,172.31.46.0-255,66,30154,50,146821
15473,0.000417,172.31.46.0-255,66,30220,50,146821
15474,0.000439,172.31.46.0-255,66,30286,50,146821
15475,0.000779,74.125.24.0-255,645,30931,50,146821
15476,0.000783,172.31.46.0-255,66,30997,50,146821
15477,0.000928,74.125.24.0-255,1484,32481,50,146821
15478,0.000933,172.31.46.0-255,66,32547,50,146821
15479,0.000938,74.125.24.0-255,2902,35449,50,146821
15480,0.000943,172.31.46.0-255,66,35515,50,146821
15481,0.000952,74.125.24.0-255,2902,38417,50,146821
15482,0.000967,74.125.24.0-255,2902,41319,50,146821
15483,0.000972,74.125.24.0-255,4320,45639,50,146821
15484,0.000992,74.125.24.0-255,4320,49959,50,146821
15485,0.000997,172.31.46.0-255,66,50025,50,146821
15486,0.001019,74.125.24.0-255,7156,57181,50,146821
15487,0.001026,172.31.46.0-255,66,57247,50,146821
15488,0.001043,172.31.46.0-255,66,57313,50,146821
15489,0.001363,74.125.24.0-255,1484,58797,50,146821
15490,0.001368,74.125.24.0-255,2902,61699,50,146821
15491,0.001374,172.31.46.0-255,66,61765,50,146821
15492,0.001395,74.125.24.0-255,5738,67503,50,146821
15493,0.001398,74.125.24.0-255,1484,68987,50,146821
15494,0.001405,172.31.46.0-255,66,69053,50,146821
15495,0.00143,74.125.24.0-255,5738,74791,50,146821
15496,0.001447,172.31.46.0-255,66,74857,50,146821
15497,0.001477,74.125.24.0-255,5020,79877,50,146821
15498,0.001505,172.31.46.0-255,66,79943,50,146821
15499,0.002293,74.125.24.0-255,1484,81427,50,146821
15500,0.002304,74.125.24.0-255,2902,84329,50,146821
15501,0.002308,172.31.46.0-255,66,84395,50,146821
15502,0.002314,74.125.24.0-255,2902,87297,50,146821
15503,0.002329,74.125.24.0-255,2902,90199,50,146821
15504,0.002395,74.125.24.0-255,4320,94519,50,146821
15505,0.005697,172.31.46.0-255,66,94585,50,146821
15506,0.008286,74.125.24.0-255,5738,100323,50,146821
15507,0.008292,172.31.46.0-255,66,100389,50,146821
15508,0.010832,74.125.24.0-255,5738,106127,50,146821
15509,0.01084,172.31.46.0-255,66,106193,50,146821
15510,0.013397,74.125.24.0-255,5738,111931,50,146821
15511,0.013404,172.31.46.0-255,66,111997,50,146821
15512,0.015957,74.125.24.0-255,5738,117735,50,146821
15513,0.016889,172.31.46.0-255,66,117801,50,146821
15514,0.019517,74.125.24.0-255,5738,123539,50,146821
15515,0.019523,172.31.46.0-255,66,123605,50,146821
15516,0.022056,74.125.24.0-255,5738,129343,50,146821
15517,0.022063,172.31.46.0-255,66,129409,50,146821
15518,0.024581,74.125.24.0-255,5738,135147,50,146821
15519,0.024589,172.31.46.0-255,66,135213,50,146821
15520,0.027118,74.125.24.0-255,5738,140951,50,146821
15521,0.027127,172.31.46.0-255,66,141017,50,146821
15522,0.029676,74.125.24.0-255,5738,146755,50,146821
15523,0.029686,172.31.46.0-255,66,146821,50,146821
15524,0.0,74.125.24.0-255,153,153,50,224966
15525,1.9e-05,172.31.46.0-255,66,219,50,224966
15526,2.5e-05,74.125.24.0-255,1484,1703,50,224966
15527,3e-05,172.31.46.0-255,66,1769,50,224966
15528,3.4e-05,74.125.24.0-255,1484,3253,50,224966
15529,3.7e-05,172.31.46.0-255,66,3319,50,224966
15530,6.7e-05,74.125.24.0-255,4320,7639,50,224966
15531,6.9e-05,172.31.46.0-255,66,7705,50,224966
15532,9.1e-05,74.125.24.0-255,2902,10607,50,224966
15533,9.3e-05,172.31.46.0-255,66,10673,50,224966
15534,0.00012,172.31.46.0-255,66,10739,50,224966
15535,0.000132,172.31.46.0-255,66,10805,50,224966
15536,0.000135,74.125.24.0-255,1125,11930,50,224966
15537,0.000138,172.31.46.0-255,66,11996,50,224966
15538,0.000248,74.125.24.0-255,1484,13480,50,224966
15539,0.000253,172.31.46.0-255,66,13546,50,224966
15540,0.000275,74.125.24.0-255,2902,16448,50,224966
15541,0.000277,172.31.46.0-255,66,16514,50,224966
15542,0.000283,74.125.24.0-255,5738,22252,50,224966
15543,0.000286,172.31.46.0-255,66,22318,50,224966
15544,0.000302,74.125.24.0-255,6797,29115,50,224966
15545,0.000305,172.31.46.0-255,66,29181,50,224966
15546,0.000341,172.31.46.0-255,66,29247,50,224966
15547,0.000346,74.125.24.0-255,2818,32065,50,224966
15548,0.000348,172.31.46.0-255,66,32131,50,224966
15549,0.000365,74.125.24.0-255,381,32512,50,224966
15550,0.000367,172.31.46.0-255,66,32578,50,224966
15551,0.000407,74.125.24.0-255,1484,34062,50,224966
15552,0.00041,172.31.46.0-255,66,34128,50,224966
15553,0.000427,74.125.24.0-255,4320,38448,50,224966
15554,0.000451,74.125.24.0-255,5738,44186,50,224966
15555,0.000468,74.125.24.0-255,4320,48506,50,224966
15556,0.000472,74.125.24.0-255,2543,51049,50,224966
15557,0.000486,172.31.46.0-255,66,51115,50,224966
15558,0.000499,74.125.24.0-255,4320,55435,50,224966
15559,0.000501,74.125.24.0-255,1125,56560,50,224966
15560,0.000504,74.125.24.0-255,1484,58044,50,224966
15561,0.000529,74.125.24.0-255,4320,62364,50,224966
15562,0.000537,172.31.46.0-255,66,62430,50,224966
15563,0.000544,74.125.24.0-255,1484,63914,50,224966
15564,0.000563,74.125.24.0-255,575,64489,50,224966
15565,0.0006,172.31.46.0-255,66,64555,50,224966
15566,0.000603,74.125.24.0-255,1484,66039,50,224966
15567,0.000615,74.125.24.0-255,2902,68941,50,224966
15568,0.00062,74.125.24.0-255,4320,73261,50,224966
15569,0.000636,74.125.24.0-255,1484,74745,50,224966
15570,0.000642,172.31.46.0-255,66,74811,50,224966
15571,0.000676,74.125.24.0-255,7156,81967,50,224966
15572,0.000695,172.31.46.0-255,66,82033,50,224966
15573,0.000703,74.125.24.0-255,1484,83517,50,224966
15574,0.000714,74.125.24.0-255,2184,85701,50,224966
15575,0.000731,172.31.46.0-255,66,85767,50,224966
15576,0.00075,74.125.24.0-255,4320,90087,50,224966
15577,0.000753,74.125.24.0-255,1484,91571,50,224966
15578,0.000757,172.31.46.0-255,66,91637,50,224966
15579,0.000776,74.125.24.0-255,5738,97375,50,224966
15580,0.000783,74.125.24.0-255,7156,104531,50,224966
15581,0.000787,172.31.46.0-255,66,104597,50,224966
15582,0.000803,74.125.24.0-255,5738,110335,50,224966
15583,0.000808,74.125.24.0-255,4320,114655,50,224966
15584,0.000817,172.31.46.0-255,66,114721,50,224966
15585,0.000832,74.125.24.0-255,5020,119741,50,224966
15586,0.000848,172.31.46.0-255,66,119807,50,224966
15587,0.000987,74.125.24.0-255,1484,121291,50,224966
15588,0.001006,74.125.24.0-255,2902,124193,50,224966
15589,0.001011,74.125.24.0-255,5738,129931,50,224966
15590,0.001025,172.31.46.0-255,66,129997,50,224966
15591,0.001036,74.125.24.0-255,2902,132899,50,224966
15592,0.001047,172.31.46.0-255,66,132965,50,224966
15593,0.001087,172.31.46.0-255,66,133031,50,224966
15594,0.001161,74.125.24.0-255,1484,134515,50,224966
15595,0.001166,74.125.24.0-255,2902,137417,50,224966
15596,0.001171,172.31.46.0-255,66,137483,50,224966
15597,0.001177,74.125.24.0-255,1484,138967,50,224966
15598,0.001194,74.125.24.0-255,4320,143287,50,224966
15599,0.001202,172.31.46.0-255,66,143353,50,224966
15600,0.001214,74.125.24.0-255,2902,146255,50,224966
15601,0.001222,172.31.46.0-255,66,146321,50,224966
15602,0.00127,172.31.46.0-255,66,146387,50,224966
15603,0.001318,74.125.24.0-255,2902,149289,50,224966
15604,0.001322,74.125.24.0-255,1484,150773,50,224966
15605,0.001328,172.31.46.0-255,66,150839,50,224966
15606,0.001341,74.125.24.0-255,2902,153741,50,224966
15607,0.001363,74.125.24.0-255,1484,155225,50,224966
15608,0.001367,172.31.46.0-255,66,155291,50,224966
15609,0.001391,74.125.24.0-255,7156,162447,50,224966
15610,0.001405,172.31.46.0-255,66,162513,50,224966
15611,0.001414,74.125.24.0-255,4320,166833,50,224966
15612,0.001425,74.125.24.0-255,3602,170435,50,224966
15613,0.001437,172.31.46.0-255,66,170501,50,224966
15614,0.001488,74.125.24.0-255,1484,171985,50,224966
15615,0.001507,74.125.24.0-255,2902,174887,50,224966
15616,0.001512,74.125.24.0-255,4320,179207,50,224966
15617,0.001519,172.31.46.0-255,66,179273,50,224966
15618,0.00153,74.125.24.0-255,1484,180757,50,224966
15619,0.001575,172.31.46.0-255,66,180823,50,224966
15620,0.001619,172.31.46.0-255,66,180889,50,224966
15621,0.001644,74.125.24.0-255,1484,182373,50,224966
15622,0.001647,74.125.24.0-255,1484,183857,50,224966
15623,0.001652,172.31.46.0-255,66,183923,50,224966
15624,0.001663,74.125.24.0-255,1484,185407,50,224966
15625,0.00167,74.125.24.0-255,5738,191145,50,224966
15626,0.001689,74.125.24.0-255,5738,196883,50,224966
15627,0.001692,172.31.46.0-255,66,196949,50,224966
15628,0.001696,172.31.46.0-255,66,197015,50,224966
15629,0.001705,74.125.24.0-255,7156,204171,50,224966
15630,0.001717,74.125.24.0-255,1484,205655,50,224966
15631,0.001729,172.31.46.0-255,66,205721,50,224966
15632,0.001742,172.31.46.0-255,66,205787,50,224966
15633,0.001777,74.125.24.0-255,5738,211525,50,224966
15634,0.001791,74.125.24.0-255,5738,217263,50,224966
15635,0.001796,172.31.46.0-255,66,217329,50,224966
15636,0.001812,74.125.24.0-255,1484,218813,50,224966
15637,0.001875,74.125.24.0-255,1454,220267,50,224966
15638,0.001883,172.31.46.0-255,66,220333,50,224966
15639,0.00189,74.125.24.0-255,105,220438,50,224966
15640,0.003967,172.31.46.0-255,66,220504,50,224966
15641,0.004003,172.31.46.0-255,105,220609,50,224966
15642,0.006341,74.125.24.0-255,66,220675,50,224966
15643,0.026784,172.31.46.0-255,172,220847,50,224966
15644,0.026819,172.31.46.0-255,1113,221960,50,224966
15645,0.026876,172.31.46.0-255,1514,223474,50,224966
15646,0.026878,172.31.46.0-255,1294,224768,50,224966
15647,0.028363,104.244.42.0-255,66,224834,50,224966
15648,0.02855,104.244.42.0-255,66,224900,50,224966
15649,0.028573,104.244.42.0-255,66,224966,50,224966
15650,0.0,172.31.46.0-255,105,105,50,459
15651,0.000341,172.31.46.0-255,90,195,50,459
15652,0.000365,172.31.46.0-255,66,261,50,459
15653,0.002313,172.217.194.0-255,66,327,50,459
15654,0.002346,172.217.194.0-255,66,393,50,459
15655,0.00237,172.31.46.0-255,66,459,50,459
15656,0.0,172.217.194.0-255,146,146,50,217087
15657,3.3e-05,172.31.46.0-255,66,212,50,217087
15658,3.9e-05,172.217.194.0-255,1484,1696,50,217087
15659,4.3e-05,172.31.46.0-255,66,1762,50,217087
15660,4.7e-05,172.217.194.0-255,2902,4664,50,217087
15661,5e-05,172.31.46.0-255,66,4730,50,217087
15662,5.4e-05,172.217.194.0-255,2902,7632,50,217087
15663,5.7e-05,172.31.46.0-255,66,7698,50,217087
15664,0.00011,172.217.194.0-255,6320,14018,50,217087
15665,0.000114,172.31.46.0-255,66,14084,50,217087
15666,0.000155,172.217.194.0-255,1484,15568,50,217087
15667,0.000159,172.31.46.0-255,66,15634,50,217087
15668,0.000165,172.217.194.0-255,2902,18536,50,217087
15669,0.000167,172.31.46.0-255,66,18602,50,217087
15670,0.000187,172.217.194.0-255,5738,24340,50,217087
15671,0.00019,172.31.46.0-255,66,24406,50,217087
15672,0.000221,172.217.194.0-255,5738,30144,50,217087
15673,0.000224,172.31.46.0-255,66,30210,50,217087
15674,0.000246,172.217.194.0-255,2902,33112,50,217087
15675,0.000249,172.31.46.0-255,66,33178,50,217087
15676,0.000287,172.31.46.0-255,66,33244,50,217087
15677,0.000292,172.217.194.0-255,3961,37205,50,217087
15678,0.000294,172.31.46.0-255,66,37271,50,217087
15679,0.000743,172.217.194.0-255,1484,38755,50,217087
15680,0.000748,172.31.46.0-255,66,38821,50,217087
15681,0.000756,172.217.194.0-255,2902,41723,50,217087
15682,0.000758,172.31.46.0-255,66,41789,50,217087
15683,0.000788,172.217.194.0-255,5738,47527,50,217087
15684,0.000791,172.31.46.0-255,66,47593,50,217087
15685,0.000798,172.217.194.0-255,6797,54390,50,217087
15686,0.000799,172.31.46.0-255,66,54456,50,217087
15687,0.001025,172.217.194.0-255,1484,55940,50,217087
15688,0.001052,172.217.194.0-255,2902,58842,50,217087
15689,0.001057,172.31.46.0-255,66,58908,50,217087
15690,0.001064,172.217.194.0-255,5738,64646,50,217087
15691,0.001066,172.31.46.0-255,66,64712,50,217087
15692,0.00107,172.217.194.0-255,4320,69032,50,217087
15693,0.001072,172.31.46.0-255,66,69098,50,217087
15694,0.001115,172.217.194.0-255,5379,74477,50,217087
15695,0.001119,172.31.46.0-255,66,74543,50,217087
15696,0.001145,172.31.46.0-255,66,74609,50,217087
15697,0.001193,172.217.194.0-255,2543,77152,50,217087
15698,0.001197,172.31.46.0-255,66,77218,50,217087
15699,0.00134,172.217.194.0-255,648,77866,50,217087
15700,0.00142,172.217.194.0-255,1484,79350,50,217087
15701,0.001425,172.31.46.0-255,66,79416,50,217087
15702,0.001444,172.217.194.0-255,2902,82318,50,217087
15703,0.001447,172.31.46.0-255,66,82384,50,217087
15704,0.001449,172.217.194.0-255,1484,83868,50,217087
15705,0.001469,172.217.194.0-255,4320,88188,50,217087
15706,0.001472,172.31.46.0-255,66,88254,50,217087
15707,0.001516,172.217.194.0-255,7156,95410,50,217087
15708,0.001519,172.31.46.0-255,66,95476,50,217087
15709,0.001542,172.217.194.0-255,1484,96960,50,217087
15710,0.001554,172.31.46.0-255,66,97026,50,217087
15711,0.001586,172.217.194.0-255,5020,102046,50,217087
15712,0.001589,172.31.46.0-255,66,102112,50,217087
15713,0.001664,172.217.194.0-255,1484,103596,50,217087
15714,0.001668,172.217.194.0-255,1484,105080,50,217087
15715,0.00167,172.31.46.0-255,66,105146,50,217087
15716,0.001688,172.217.194.0-255,1484,106630,50,217087
15717,0.001722,172.217.194.0-255,1484,108114,50,217087
15718,0.001724,172.31.46.0-255,66,108180,50,217087
15719,0.001767,172.217.194.0-255,4320,112500,50,217087
15720,0.00177,172.31.46.0-255,66,112566,50,217087
15721,0.001783,172.31.46.0-255,66,112632,50,217087
15722,0.001794,172.31.46.0-255,66,112698,50,217087
15723,0.001919,172.217.194.0-255,1484,114182,50,217087
15724,0.001923,172.217.194.0-255,1484,115666,50,217087
15725,0.001926,172.31.46.0-255,66,115732,50,217087
15726,0.001948,172.217.194.0-255,1484,117216,50,217087
15727,0.001953,172.217.194.0-255,4320,121536,50,217087
15728,0.001956,172.31.46.0-255,66,121602,50,217087
15729,0.001966,172.31.46.0-255,66,121668,50,217087
15730,0.002009,172.31.46.0-255,66,121734,50,217087
15731,0.002033,172.217.194.0-255,6438,128172,50,217087
15732,0.002036,172.31.46.0-255,66,128238,50,217087
15733,0.002202,172.217.194.0-255,1484,129722,50,217087
15734,0.002219,172.217.194.0-255,2902,132624,50,217087
15735,0.002222,172.31.46.0-255,66,132690,50,217087
15736,0.002228,172.217.194.0-255,4320,137010,50,217087
15737,0.002231,172.31.46.0-255,66,137076,50,217087
15738,0.002243,172.217.194.0-255,1484,138560,50,217087
15739,0.002246,172.217.194.0-255,1484,140044,50,217087
15740,0.002248,172.31.46.0-255,66,140110,50,217087
15741,0.002261,172.217.194.0-255,2902,143012,50,217087
15742,0.002263,172.31.46.0-255,66,143078,50,217087
15743,0.002283,172.217.194.0-255,5738,148816,50,217087
15744,0.002286,172.31.46.0-255,66,148882,50,217087
15745,0.002322,172.31.46.0-255,66,148948,50,217087
15746,0.004614,172.217.194.0-255,5738,154686,50,217087
15747,0.004624,172.31.46.0-255,66,154752,50,217087
15748,0.006957,172.217.194.0-255,5738,160490,50,217087
15749,0.006964,172.31.46.0-255,66,160556,50,217087
15750,0.009288,172.217.194.0-255,5738,166294,50,217087
15751,0.009294,172.31.46.0-255,66,166360,50,217087
15752,0.011626,172.217.194.0-255,5738,172098,50,217087
15753,0.011636,172.31.46.0-255,66,172164,50,217087
15754,0.013963,172.217.194.0-255,5738,177902,50,217087
15755,0.013972,172.31.46.0-255,66,177968,50,217087
15756,0.016281,172.217.194.0-255,5738,183706,50,217087
15757,0.016292,172.31.46.0-255,66,183772,50,217087
15758,0.018596,172.217.194.0-255,5738,189510,50,217087
15759,0.018604,172.31.46.0-255,66,189576,50,217087
15760,0.02092,172.217.194.0-255,5738,195314,50,217087
15761,0.020927,172.31.46.0-255,66,195380,50,217087
15762,0.022756,172.31.46.0-255,176,195556,50,217087
15763,0.022788,172.31.46.0-255,1113,196669,50,217087
15764,0.022826,172.31.46.0-255,1514,198183,50,217087
15765,0.022828,172.31.46.0-255,1294,199477,50,217087
15766,0.023249,172.217.194.0-255,5738,205215,50,217087
15767,0.023256,172.31.46.0-255,66,205281,50,217087
15768,0.024287,104.244.42.0-255,66,205347,50,217087
15769,0.02431,104.244.42.0-255,66,205413,50,217087
15770,0.02437,104.244.42.0-255,66,205479,50,217087
15771,0.025562,172.217.194.0-255,5738,211217,50,217087
15772,0.025569,172.31.46.0-255,66,211283,50,217087
15773,0.027867,172.217.194.0-255,5738,217021,50,217087
15774,0.027877,172.31.46.0-255,66,217087,50,217087
15775,0.0,74.125.24.0-255,146,146,50,236819
15776,2.4e-05,172.31.46.0-255,66,212,50,236819
15777,3.2e-05,74.125.24.0-255,1484,1696,50,236819
15778,3.7e-05,172.31.46.0-255,66,1762,50,236819
15779,4.3e-05,74.125.24.0-255,2902,4664,50,236819
15780,4.7e-05,172.31.46.0-255,66,4730,50,236819
15781,5.5e-05,74.125.24.0-255,7156,11886,50,236819
15782,5.8e-05,172.31.46.0-255,66,11952,50,236819
15783,6.2e-05,74.125.24.0-255,2042,13994,50,236819
15784,6.5e-05,172.31.46.0-255,66,14060,50,236819
15785,0.000265,74.125.24.0-255,1484,15544,50,236819
15786,0.000271,172.31.46.0-255,66,15610,50,236819
15787,0.000277,74.125.24.0-255,2902,18512,50,236819
15788,0.00028,172.31.46.0-255,66,18578,50,236819
15789,0.000287,74.125.24.0-255,5738,24316,50,236819
15790,0.000289,172.31.46.0-255,66,24382,50,236819
15791,0.000338,74.125.24.0-255,6797,31179,50,236819
15792,0.000341,172.31.46.0-255,66,31245,50,236819
15793,0.000347,74.125.24.0-255,5738,36983,50,236819
15794,0.000349,172.31.46.0-255,66,37049,50,236819
15795,0.000378,74.125.24.0-255,1484,38533,50,236819
15796,0.00038,172.31.46.0-255,66,38599,50,236819
15797,0.000391,172.31.46.0-255,66,38665,50,236819
15798,0.000568,74.125.24.0-255,1484,40149,50,236819
15799,0.000573,172.31.46.0-255,66,40215,50,236819
15800,0.000578,74.125.24.0-255,2902,43117,50,236819
15801,0.00058,172.31.46.0-255,66,43183,50,236819
15802,0.000585,74.125.24.0-255,2902,46085,50,236819
15803,0.000588,172.31.46.0-255,66,46151,50,236819
15804,0.000604,74.125.24.0-255,2902,49053,50,236819
15805,0.000607,172.31.46.0-255,66,49119,50,236819
15806,0.000612,74.125.24.0-255,4320,53439,50,236819
15807,0.000614,172.31.46.0-255,66,53505,50,236819
15808,0.000632,74.125.24.0-255,2543,56048,50,236819
15809,0.000635,172.31.46.0-255,66,56114,50,236819
15810,0.000832,74.125.24.0-255,1484,57598,50,236819
15811,0.000836,172.31.46.0-255,66,57664,50,236819
15812,0.000842,74.125.24.0-255,2902,60566,50,236819
15813,0.000845,172.31.46.0-255,66,60632,50,236819
15814,0.000849,74.125.24.0-255,2902,63534,50,236819
15815,0.000851,172.31.46.0-255,66,63600,50,236819
15816,0.000869,74.125.24.0-255,2902,66502,50,236819
15817,0.000887,172.31.46.0-255,66,66568,50,236819
15818,0.000906,74.125.24.0-255,2902,69470,50,236819
15819,0.000918,172.31.46.0-255,66,69536,50,236819
15820,0.000933,172.31.46.0-255,66,69602,50,236819
15821,0.000944,74.125.24.0-255,1484,71086,50,236819
15822,0.000964,74.125.24.0-255,4320,75406,50,236819
15823,0.000968,172.31.46.0-255,66,75472,50,236819
15824,0.000989,74.125.24.0-255,3961,79433,50,236819
15825,0.000994,172.31.46.0-255,66,79499,50,236819
15826,0.001166,74.125.24.0-255,1484,80983,50,236819
15827,0.001179,74.125.24.0-255,2902,83885,50,236819
15828,0.001183,172.31.46.0-255,66,83951,50,236819
15829,0.00121,74.125.24.0-255,1484,85435,50,236819
15830,0.001215,74.125.24.0-255,2902,88337,50,236819
15831,0.001229,74.125.24.0-255,1484,89821,50,236819
15832,0.001245,74.125.24.0-255,4320,94141,50,236819
15833,0.001248,172.31.46.0-255,66,94207,50,236819
15834,0.001253,172.31.46.0-255,66,94273,50,236819
15835,0.001265,74.125.24.0-255,2428,96701,50,236819
15836,0.001281,172.31.46.0-255,66,96767,50,236819
15837,0.001655,74.125.24.0-255,1484,98251,50,236819
15838,0.00166,172.31.46.0-255,66,98317,50,236819
15839,0.001667,74.125.24.0-255,2902,101219,50,236819
15840,0.001669,172.31.46.0-255,66,101285,50,236819
15841,0.001676,74.125.24.0-255,5738,107023,50,236819
15842,0.001693,172.31.46.0-255,66,107089,50,236819
15843,0.001704,74.125.24.0-255,4320,111409,50,236819
15844,0.001708,172.31.46.0-255,66,111475,50,236819
15845,0.001721,74.125.24.0-255,5738,117213,50,236819
15846,0.00174,172.31.46.0-255,66,117279,50,236819
15847,0.001745,74.125.24.0-255,2902,120181,50,236819
15848,0.001759,172.31.46.0-255,66,120247,50,236819
15849,0.001771,74.125.24.0-255,5020,125267,50,236819
15850,0.001788,74.125.24.0-255,5738,131005,50,236819
15851,0.001802,172.31.46.0-255,66,131071,50,236819
15852,0.001807,74.125.24.0-255,2902,133973,50,236819
15853,0.001811,172.31.46.0-255,66,134039,50,236819
15854,0.001824,74.125.24.0-255,7156,141195,50,236819
15855,0.001846,74.125.24.0-255,2902,144097,50,236819
15856,0.00187,172.31.46.0-255,66,144163,50,236819
15857,0.001879,74.125.24.0-255,1484,145647,50,236819
15858,0.001923,172.31.46.0-255,66,145713,50,236819
15859,0.001927,74.125.24.0-255,2184,147897,50,236819
15860,0.001932,172.31.46.0-255,66,147963,50,236819
15861,0.001997,74.125.24.0-255,2184,150147,50,236819
15862,0.002006,172.31.46.0-255,66,150213,50,236819
15863,0.002051,74.125.24.0-255,1484,151697,50,236819
15864,0.002111,74.125.24.0-255,2902,154599,50,236819
15865,0.002128,74.125.24.0-255,2902,157501,50,236819
15866,0.002134,172.31.46.0-255,66,157567,50,236819
15867,0.002148,74.125.24.0-255,2902,160469,50,236819
15868,0.002161,74.125.24.0-255,1484,161953,50,236819
15869,0.002168,172.31.46.0-255,66,162019,50,236819
15870,0.002177,74.125.24.0-255,2902,164921,50,236819
15871,0.002197,74.125.24.0-255,4320,169241,50,236819
15872,0.002214,74.125.24.0-255,5738,174979,50,236819
15873,0.002234,74.125.24.0-255,2902,177881,50,236819
15874,0.002237,74.125.24.0-255,1484,179365,50,236819
15875,0.002239,172.31.46.0-255,66,179431,50,236819
15876,0.002244,172.31.46.0-255,66,179497,50,236819
15877,0.002296,74.125.24.0-255,5020,184517,50,236819
15878,0.008284,172.31.46.0-255,66,184583,50,236819
15879,0.010668,74.125.24.0-255,5738,190321,50,236819
15880,0.010683,172.31.46.0-255,66,190387,50,236819
15881,0.013015,74.125.24.0-255,5738,196125,50,236819
15882,0.01303,172.31.46.0-255,66,196191,50,236819
15883,0.015404,74.125.24.0-255,5738,201929,50,236819
15884,0.015567,172.31.46.0-255,66,201995,50,236819
15885,0.017921,74.125.24.0-255,5738,207733,50,236819
15886,0.017939,172.31.46.0-255,66,207799,50,236819
15887,0.020338,74.125.24.0-255,5738,213537,50,236819
15888,0.020353,172.31.46.0-255,66,213603,50,236819
15889,0.02267,74.125.24.0-255,5738,219341,50,236819
15890,0.022684,172.31.46.0-255,66,219407,50,236819
15891,0.025039,74.125.24.0-255,5738,225145,50,236819
15892,0.025053,172.31.46.0-255,66,225211,50,236819
15893,0.027408,74.125.24.0-255,5738,230949,50,236819
15894,0.027423,172.31.46.0-255,66,231015,50,236819
15895,0.029823,74.125.24.0-255,5738,236753,50,236819
15896,0.029839,172.31.46.0-255,66,236819,50,236819
15897,0.0,74.125.200.0-255,150,150,50,352846
15898,2.8e-05,172.31.46.0-255,66,216,50,352846
15899,3.5e-05,74.125.200.0-255,1484,1700,50,352846
15900,4e-05,172.31.46.0-255,66,1766,50,352846
15901,4.7e-05,74.125.200.0-255,2902,4668,50,352846
15902,5.1e-05,172.31.46.0-255,66,4734,50,352846
15903,5.8e-05,74.125.200.0-255,5738,10472,50,352846
15904,6e-05,172.31.46.0-255,66,10538,50,352846
15905,8.8e-05,172.31.46.0-255,66,10604,50,352846
15906,9.7e-05,74.125.200.0-255,7156,17760,50,352846
15907,9.9e-05,172.31.46.0-255,66,17826,50,352846
15908,0.00012,74.125.200.0-255,1484,19310,50,352846
15909,0.000122,172.31.46.0-255,66,19376,50,352846
15910,0.000129,74.125.200.0-255,3961,23337,50,352846
15911,0.000131,172.31.46.0-255,66,23403,50,352846
15912,0.000184,74.125.200.0-255,1484,24887,50,352846
15913,0.000186,172.31.46.0-255,66,24953,50,352846
15914,0.000192,74.125.200.0-255,2902,27855,50,352846
15915,0.000194,172.31.46.0-255,66,27921,50,352846
15916,0.000222,74.125.200.0-255,5738,33659,50,352846
15917,0.000225,172.31.46.0-255,66,33725,50,352846
15918,0.000229,74.125.200.0-255,2902,36627,50,352846
15919,0.000231,172.31.46.0-255,66,36693,50,352846
15920,0.000237,74.125.200.0-255,4320,41013,50,352846
15921,0.000239,172.31.46.0-255,66,41079,50,352846
15922,0.000271,172.31.46.0-255,66,41145,50,352846
15923,0.000274,74.125.200.0-255,1484,42629,50,352846
15924,0.000276,172.31.46.0-255,66,42695,50,352846
15925,0.000297,74.125.200.0-255,6438,49133,50,352846
15926,0.000299,172.31.46.0-255,66,49199,50,352846
15927,0.000302,74.125.200.0-255,426,49625,50,352846
15928,0.000502,74.125.200.0-255,1484,51109,50,352846
15929,0.000508,172.31.46.0-255,66,51175,50,352846
15930,0.000512,74.125.200.0-255,1484,52659,50,352846
15931,0.000527,74.125.200.0-255,1484,54143,50,352846
15932,0.00053,172.31.46.0-255,66,54209,50,352846
15933,0.000551,74.125.200.0-255,4320,58529,50,352846
15934,0.000554,172.31.46.0-255,66,58595,50,352846
15935,0.000557,74.125.200.0-255,1484,60079,50,352846
15936,0.000578,74.125.200.0-255,4320,64399,50,352846
15937,0.000581,172.31.46.0-255,66,64465,50,352846
15938,0.000595,74.125.200.0-255,4320,68785,50,352846
15939,0.000598,172.31.46.0-255,66,68851,50,352846
15940,0.00062,74.125.200.0-255,5738,74589,50,352846
15941,0.000623,172.31.46.0-255,66,74655,50,352846
15942,0.000676,74.125.200.0-255,1484,76139,50,352846
15943,0.000696,74.125.200.0-255,5738,81877,50,352846
15944,0.0007,172.31.46.0-255,66,81943,50,352846
15945,0.000704,74.125.200.0-255,2184,84127,50,352846
15946,0.000706,172.31.46.0-255,66,84193,50,352846
15947,0.000751,74.125.200.0-255,1484,85677,50,352846
15948,0.000754,74.125.200.0-255,1484,87161,50,352846
15949,0.000759,172.31.46.0-255,66,87227,50,352846
15950,0.000776,74.125.200.0-255,1484,88711,50,352846
15951,0.000783,74.125.200.0-255,5738,94449,50,352846
15952,0.000785,172.31.46.0-255,66,94515,50,352846
15953,0.000815,74.125.200.0-255,5738,100253,50,352846
15954,0.00082,172.31.46.0-255,66,100319,50,352846
15955,0.000832,74.125.200.0-255,827,101146,50,352846
15956,0.001031,74.125.200.0-255,1484,102630,50,352846
15957,0.001035,172.31.46.0-255,66,102696,50,352846
15958,0.00104,74.125.200.0-255,2902,105598,50,352846
15959,0.001042,172.31.46.0-255,66,105664,50,352846
15960,0.001045,74.125.200.0-255,1484,107148,50,352846
15961,0.001068,74.125.200.0-255,2902,110050,50,352846
15962,0.00107,172.31.46.0-255,66,110116,50,352846
15963,0.001077,74.125.200.0-255,5738,115854,50,352846
15964,0.001108,172.31.46.0-255,66,115920,50,352846
15965,0.001116,74.125.200.0-255,7156,123076,50,352846
15966,0.001122,172.31.46.0-255,66,123142,50,352846
15967,0.001151,74.125.200.0-255,4320,127462,50,352846
15968,0.001166,74.125.200.0-255,4320,131782,50,352846
15969,0.001171,172.31.46.0-255,66,131848,50,352846
15970,0.001209,74.125.200.0-255,3602,135450,50,352846
15971,0.001223,172.31.46.0-255,66,135516,50,352846
15972,0.001565,74.125.200.0-255,1484,137000,50,352846
15973,0.001588,74.125.200.0-255,2902,139902,50,352846
15974,0.001597,172.31.46.0-255,66,139968,50,352846
15975,0.001601,74.125.200.0-255,1484,141452,50,352846
15976,0.001621,74.125.200.0-255,4320,145772,50,352846
15977,0.001624,172.31.46.0-255,66,145838,50,352846
15978,0.001631,74.125.200.0-255,5738,151576,50,352846
15979,0.001633,172.31.46.0-255,66,151642,50,352846
15980,0.001651,74.125.200.0-255,1484,153126,50,352846
15981,0.001656,74.125.200.0-255,2902,156028,50,352846
15982,0.001658,172.31.46.0-255,66,156094,50,352846
15983,0.001688,172.31.46.0-255,66,156160,50,352846
15984,0.001718,74.125.200.0-255,7156,163316,50,352846
15985,0.001721,172.31.46.0-255,66,163382,50,352846
15986,0.00176,74.125.200.0-255,3602,166984,50,352846
15987,0.001763,172.31.46.0-255,66,167050,50,352846
15988,0.001824,74.125.200.0-255,2184,169234,50,352846
15989,0.001876,172.31.46.0-255,66,169300,50,352846
15990,0.001907,74.125.200.0-255,1484,170784,50,352846
15991,0.001946,74.125.200.0-255,2902,173686,50,352846
15992,0.001977,74.125.200.0-255,2902,176588,50,352846
15993,0.001981,172.31.46.0-255,66,176654,50,352846
15994,0.001986,172.31.46.0-255,66,176720,50,352846
15995,0.002003,74.125.200.0-255,2902,179622,50,352846
15996,0.00201,74.125.200.0-255,7156,186778,50,352846
15997,0.002018,172.31.46.0-255,66,186844,50,352846
15998,0.002037,74.125.200.0-255,4320,191164,50,352846
15999,0.002048,172.31.46.0-255,66,191230,50,352846
16000,0.002051,74.125.200.0-255,1484,192714,50,352846
16001,0.002067,74.125.200.0-255,4320,197034,50,352846
16002,0.00208,74.125.200.0-255,1484,198518,50,352846
16003,0.002085,74.125.200.0-255,2902,201420,50,352846
16004,0.0021,172.31.46.0-255,66,201486,50,352846
16005,0.002119,74.125.200.0-255,2184,203670,50,352846
16006,0.00215,74.125.200.0-255,2902,206572,50,352846
16007,0.002174,74.125.200.0-255,7156,213728,50,352846
16008,0.002178,74.125.200.0-255,2902,216630,50,352846
16009,0.002199,74.125.200.0-255,1484,218114,50,352846
16010,0.002262,74.125.200.0-255,5738,223852,50,352846
16011,0.002278,74.125.200.0-255,3602,227454,50,352846
16012,0.002292,74.125.200.0-255,2902,230356,50,352846
16013,0.002297,74.125.200.0-255,4320,234676,50,352846
16014,0.002302,74.125.200.0-255,4320,238996,50,352846
16015,0.002316,74.125.200.0-255,2902,241898,50,352846
16016,0.002319,74.125.200.0-255,1484,243382,50,352846
16017,0.002322,74.125.200.0-255,1484,244866,50,352846
16018,0.002333,74.125.200.0-255,1484,246350,50,352846
16019,0.002336,74.125.200.0-255,1484,247834,50,352846
16020,0.002362,74.125.200.0-255,3602,251436,50,352846
16021,0.002418,74.125.200.0-255,1484,252920,50,352846
16022,0.002433,74.125.200.0-255,2902,255822,50,352846
16023,0.002443,74.125.200.0-255,1484,257306,50,352846
16024,0.00246,74.125.200.0-255,1484,258790,50,352846
16025,0.002479,74.125.200.0-255,5738,264528,50,352846
16026,0.002502,74.125.200.0-255,7156,271684,50,352846
16027,0.002505,74.125.200.0-255,1484,273168,50,352846
16028,0.00252,74.125.200.0-255,2902,276070,50,352846
16029,0.002542,74.125.200.0-255,2902,278972,50,352846
16030,0.00255,74.125.200.0-255,6438,285410,50,352846
16031,0.002567,74.125.200.0-255,2902,288312,50,352846
16032,0.002583,74.125.200.0-255,1484,289796,50,352846
16033,0.002604,74.125.200.0-255,5738,295534,50,352846
16034,0.002632,74.125.200.0-255,5738,301272,50,352846
16035,0.002657,74.125.200.0-255,7156,308428,50,352846
16036,0.002681,74.125.200.0-255,1484,309912,50,352846
16037,0.002685,74.125.200.0-255,2902,312814,50,352846
16038,0.002699,74.125.200.0-255,1484,314298,50,352846
16039,0.002717,74.125.200.0-255,4320,318618,50,352846
16040,0.00272,74.125.200.0-255,766,319384,50,352846
16041,0.002736,74.125.200.0-255,1484,320868,50,352846
16042,0.002754,74.125.200.0-255,4320,325188,50,352846
16043,0.002774,74.125.200.0-255,2902,328090,50,352846
16044,0.002777,74.125.200.0-255,1484,329574,50,352846
16045,0.002799,74.125.200.0-255,1484,331058,50,352846
16046,0.002816,74.125.200.0-255,4320,335378,50,352846
16047,0.00282,74.125.200.0-255,2902,338280,50,352846
16048,0.002843,74.125.200.0-255,2902,341182,50,352846
16049,0.002869,74.125.200.0-255,2902,344084,50,352846
16050,0.002886,74.125.200.0-255,3459,347543,50,352846
16051,0.002929,74.125.200.0-255,105,347648,50,352846
16052,0.002993,74.125.200.0-255,129,347777,50,352846
16053,0.005839,172.31.46.0-255,66,347843,50,352846
16054,0.0083,172.31.46.0-255,105,347948,50,352846
16055,0.008344,172.31.46.0-255,105,348053,50,352846
16056,0.008646,172.31.46.0-255,90,348143,50,352846
16057,0.008657,172.31.46.0-255,66,348209,50,352846
16058,0.010493,74.125.200.0-255,66,348275,50,352846
16059,0.010521,74.125.200.0-255,66,348341,50,352846
16060,0.010831,74.125.200.0-255,66,348407,50,352846
16061,0.01086,74.125.200.0-255,66,348473,50,352846
16062,0.010867,172.31.46.0-255,66,348539,50,352846
16063,0.027516,172.31.46.0-255,188,348727,50,352846
16064,0.027546,172.31.46.0-255,954,349681,50,352846
16065,0.027623,172.31.46.0-255,1514,351195,50,352846
16066,0.027625,172.31.46.0-255,1453,352648,50,352846
16067,0.029045,104.244.42.0-255,66,352714,50,352846
16068,0.029065,104.244.42.0-255,66,352780,50,352846
16069,0.029198,104.244.42.0-255,66,352846,50,352846
16070,0.0,172.217.194.0-255,153,153,50,241529
16071,2.4e-05,172.31.46.0-255,66,219,50,241529
16072,3.1e-05,172.217.194.0-255,1484,1703,50,241529
16073,3.5e-05,172.31.46.0-255,66,1769,50,241529
16074,4.2e-05,172.217.194.0-255,2902,4671,50,241529
16075,4.5e-05,172.31.46.0-255,66,4737,50,241529
16076,5.2e-05,172.217.194.0-255,5738,10475,50,241529
16077,5.5e-05,172.31.46.0-255,66,10541,50,241529
16078,7.7e-05,172.217.194.0-255,4320,14861,50,241529
16079,7.9e-05,172.31.46.0-255,66,14927,50,241529
16080,0.000111,172.31.46.0-255,66,14993,50,241529
16081,0.000118,172.217.194.0-255,6797,21790,50,241529
16082,0.000121,172.31.46.0-255,66,21856,50,241529
16083,0.000176,172.217.194.0-255,1484,23340,50,241529
16084,0.000178,172.31.46.0-255,66,23406,50,241529
16085,0.000182,172.217.194.0-255,1484,24890,50,241529
16086,0.000184,172.31.46.0-255,66,24956,50,241529
16087,0.000196,172.217.194.0-255,1484,26440,50,241529
16088,0.000199,172.31.46.0-255,66,26506,50,241529
16089,0.000205,172.217.194.0-255,4320,30826,50,241529
16090,0.000207,172.31.46.0-255,66,30892,50,241529
16091,0.000227,172.217.194.0-255,1484,32376,50,241529
16092,0.00023,172.31.46.0-255,66,32442,50,241529
16093,0.000235,172.217.194.0-255,4320,36762,50,241529
16094,0.000238,172.31.46.0-255,66,36828,50,241529
16095,0.000261,172.217.194.0-255,7156,43984,50,241529
16096,0.000263,172.31.46.0-255,66,44050,50,241529
16097,0.000282,172.217.194.0-255,5379,49429,50,241529
16098,0.000285,172.31.46.0-255,66,49495,50,241529
16099,0.000292,172.217.194.0-255,6797,56292,50,241529
16100,0.000294,172.31.46.0-255,66,56358,50,241529
16101,0.000543,172.217.194.0-255,381,56739,50,241529
16102,0.000642,172.217.194.0-255,363,57102,50,241529
16103,0.000689,172.217.194.0-255,1484,58586,50,241529
16104,0.000694,172.31.46.0-255,66,58652,50,241529
16105,0.000701,172.217.194.0-255,2902,61554,50,241529
16106,0.000703,172.31.46.0-255,66,61620,50,241529
16107,0.000733,172.217.194.0-255,5738,67358,50,241529
16108,0.000738,172.31.46.0-255,66,67424,50,241529
16109,0.000763,172.217.194.0-255,7156,74580,50,241529
16110,0.000767,172.31.46.0-255,66,74646,50,241529
16111,0.000793,172.217.194.0-255,5738,80384,50,241529
16112,0.000796,172.31.46.0-255,66,80450,50,241529
16113,0.000802,172.217.194.0-255,4320,84770,50,241529
16114,0.000804,172.31.46.0-255,66,84836,50,241529
16115,0.000833,172.217.194.0-255,6438,91274,50,241529
16116,0.000836,172.31.46.0-255,66,91340,50,241529
16117,0.00103,172.217.194.0-255,1484,92824,50,241529
16118,0.001034,172.217.194.0-255,1484,94308,50,241529
16119,0.001041,172.31.46.0-255,66,94374,50,241529
16120,0.001052,172.217.194.0-255,1484,95858,50,241529
16121,0.001059,172.217.194.0-255,5738,101596,50,241529
16122,0.001062,172.31.46.0-255,66,101662,50,241529
16123,0.001082,172.217.194.0-255,5738,107400,50,241529
16124,0.001084,172.31.46.0-255,66,107466,50,241529
16125,0.001116,172.217.194.0-255,7156,114622,50,241529
16126,0.00113,172.31.46.0-255,66,114688,50,241529
16127,0.001136,172.31.46.0-255,66,114754,50,241529
16128,0.001316,172.217.194.0-255,1484,116238,50,241529
16129,0.001335,172.217.194.0-255,2902,119140,50,241529
16130,0.001338,172.31.46.0-255,66,119206,50,241529
16131,0.001346,172.217.194.0-255,5738,124944,50,241529
16132,0.001348,172.31.46.0-255,66,125010,50,241529
16133,0.001396,172.31.46.0-255,66,125076,50,241529
16134,0.001411,172.217.194.0-255,5738,130814,50,241529
16135,0.001434,172.31.46.0-255,66,130880,50,241529
16136,0.001459,172.31.46.0-255,66,130946,50,241529
16137,0.001824,172.217.194.0-255,1484,132430,50,241529
16138,0.001839,172.217.194.0-255,2902,135332,50,241529
16139,0.001842,172.31.46.0-255,66,135398,50,241529
16140,0.001862,172.217.194.0-255,5738,141136,50,241529
16141,0.001864,172.31.46.0-255,66,141202,50,241529
16142,0.001869,172.217.194.0-255,2902,144104,50,241529
16143,0.001871,172.31.46.0-255,66,144170,50,241529
16144,0.001905,172.31.46.0-255,66,144236,50,241529
16145,0.001965,172.217.194.0-255,5738,149974,50,241529
16146,0.001969,172.31.46.0-255,66,150040,50,241529
16147,0.001989,172.217.194.0-255,5020,155060,50,241529
16148,0.001991,172.31.46.0-255,66,155126,50,241529
16149,0.002038,172.217.194.0-255,1484,156610,50,241529
16150,0.002058,172.217.194.0-255,2902,159512,50,241529
16151,0.002061,172.31.46.0-255,66,159578,50,241529
16152,0.002066,172.217.194.0-255,2902,162480,50,241529
16153,0.002068,172.31.46.0-255,66,162546,50,241529
16154,0.002084,172.217.194.0-255,2902,165448,50,241529
16155,0.002086,172.31.46.0-255,66,165514,50,241529
16156,0.002592,172.31.46.0-255,101,165615,50,241529
16157,0.004088,172.217.194.0-255,2902,168517,50,241529
16158,0.004096,172.31.46.0-255,66,168583,50,241529
16159,0.004162,172.217.194.0-255,2902,171485,50,241529
16160,0.004165,172.31.46.0-255,66,171551,50,241529
16161,0.004591,172.217.194.0-255,66,171617,50,241529
16162,0.006141,172.217.194.0-255,2902,174519,50,241529
16163,0.006144,172.31.46.0-255,66,174585,50,241529
16164,0.006221,172.217.194.0-255,2902,177487,50,241529
16165,0.006223,172.31.46.0-255,66,177553,50,241529
16166,0.008207,172.217.194.0-255,2902,180455,50,241529
16167,0.008214,172.31.46.0-255,66,180521,50,241529
16168,0.008253,172.217.194.0-255,2902,183423,50,241529
16169,0.008256,172.31.46.0-255,66,183489,50,241529
16170,0.010266,172.217.194.0-255,5738,189227,50,241529
16171,0.010273,172.31.46.0-255,66,189293,50,241529
16172,0.012304,172.217.194.0-255,5738,195031,50,241529
16173,0.012313,172.31.46.0-255,66,195097,50,241529
16174,0.014343,172.217.194.0-255,5738,200835,50,241529
16175,0.014352,172.31.46.0-255,66,200901,50,241529
16176,0.016414,172.217.194.0-255,5738,206639,50,241529
16177,0.016425,172.31.46.0-255,66,206705,50,241529
16178,0.018457,172.217.194.0-255,5738,212443,50,241529
16179,0.018466,172.31.46.0-255,66,212509,50,241529
16180,0.020544,172.217.194.0-255,5738,218247,50,241529
16181,0.020552,172.31.46.0-255,66,218313,50,241529
16182,0.022602,172.217.194.0-255,5738,224051,50,241529
16183,0.02261,172.31.46.0-255,66,224117,50,241529
16184,0.024628,172.217.194.0-255,5738,229855,50,241529
16185,0.024637,172.31.46.0-255,66,229921,50,241529
16186,0.02669,172.217.194.0-255,5738,235659,50,241529
16187,0.026699,172.31.46.0-255,66,235725,50,241529
16188,0.028723,172.217.194.0-255,5738,241463,50,241529
16189,0.028731,172.31.46.0-255,66,241529,50,241529
16190,0.0,172.217.194.0-255,153,153,50,272274
16191,1.3e-05,172.31.46.0-255,66,219,50,272274
16192,1.9e-05,172.217.194.0-255,1484,1703,50,272274
16193,2.3e-05,172.31.46.0-255,66,1769,50,272274
16194,2.9e-05,172.217.194.0-255,2902,4671,50,272274
16195,3.3e-05,172.31.46.0-255,66,4737,50,272274
16196,3.8e-05,172.217.194.0-255,2902,7639,50,272274
16197,4.1e-05,172.31.46.0-255,66,7705,50,272274
16198,7e-05,172.217.194.0-255,4320,12025,50,272274
16199,7.3e-05,172.31.46.0-255,66,12091,50,272274
16200,8e-05,172.217.194.0-255,5738,17829,50,272274
16201,8.2e-05,172.31.46.0-255,66,17895,50,272274
16202,0.0001,172.217.194.0-255,3423,21318,50,272274
16203,0.000103,172.31.46.0-255,66,21384,50,272274
16204,0.000122,172.217.194.0-255,7156,28540,50,272274
16205,0.000125,172.31.46.0-255,66,28606,50,272274
16206,0.00015,172.217.194.0-255,2543,31149,50,272274
16207,0.000152,172.31.46.0-255,66,31215,50,272274
16208,0.000172,172.217.194.0-255,1484,32699,50,272274
16209,0.000174,172.31.46.0-255,66,32765,50,272274
16210,0.000205,172.31.46.0-255,66,32831,50,272274
16211,0.000222,172.217.194.0-255,1484,34315,50,272274
16212,0.000224,172.31.46.0-255,66,34381,50,272274
16213,0.000248,172.217.194.0-255,5379,39760,50,272274
16214,0.000251,172.31.46.0-255,66,39826,50,272274
16215,0.001036,172.217.194.0-255,1484,41310,50,272274
16216,0.001042,172.31.46.0-255,66,41376,50,272274
16217,0.001052,172.217.194.0-255,2902,44278,50,272274
16218,0.001054,172.31.46.0-255,66,44344,50,272274
16219,0.001061,172.217.194.0-255,5738,50082,50,272274
16220,0.001063,172.31.46.0-255,66,50148,50,272274
16221,0.001109,172.217.194.0-255,6797,56945,50,272274
16222,0.001112,172.31.46.0-255,66,57011,50,272274
16223,0.001119,172.217.194.0-255,7156,64167,50,272274
16224,0.00112,172.31.46.0-255,66,64233,50,272274
16225,0.001159,172.31.46.0-255,66,64299,50,272274
16226,0.001164,172.217.194.0-255,2902,67201,50,272274
16227,0.001166,172.31.46.0-255,66,67267,50,272274
16228,0.001188,172.217.194.0-255,7156,74423,50,272274
16229,0.001191,172.31.46.0-255,66,74489,50,272274
16230,0.001196,172.217.194.0-255,4320,78809,50,272274
16231,0.001198,172.31.46.0-255,66,78875,50,272274
16232,0.001223,172.217.194.0-255,2543,81418,50,272274
16233,0.001226,172.31.46.0-255,66,81484,50,272274
16234,0.001266,172.217.194.0-255,645,82129,50,272274
16235,0.001376,172.217.194.0-255,1484,83613,50,272274
16236,0.001382,172.31.46.0-255,66,83679,50,272274
16237,0.001388,172.217.194.0-255,2902,86581,50,272274
16238,0.001392,172.31.46.0-255,66,86647,50,272274
16239,0.00141,172.217.194.0-255,4320,90967,50,272274
16240,0.001413,172.31.46.0-255,66,91033,50,272274
16241,0.001434,172.217.194.0-255,1484,92517,50,272274
16242,0.001472,172.217.194.0-255,6235,98752,50,272274
16243,0.001476,172.31.46.0-255,66,98818,50,272274
16244,0.001595,172.217.194.0-255,1484,100302,50,272274
16245,0.001601,172.217.194.0-255,2902,103204,50,272274
16246,0.001604,172.31.46.0-255,66,103270,50,272274
16247,0.001608,172.217.194.0-255,1484,104754,50,272274
16248,0.001628,172.217.194.0-255,4320,109074,50,272274
16249,0.001631,172.31.46.0-255,66,109140,50,272274
16250,0.001642,172.31.46.0-255,66,109206,50,272274
16251,0.001656,172.217.194.0-255,4320,113526,50,272274
16252,0.001658,172.31.46.0-255,66,113592,50,272274
16253,0.001671,172.31.46.0-255,66,113658,50,272274
16254,0.002206,172.217.194.0-255,1484,115142,50,272274
16255,0.002227,172.217.194.0-255,2902,118044,50,272274
16256,0.002231,172.31.46.0-255,66,118110,50,272274
16257,0.002255,172.217.194.0-255,5738,123848,50,272274
16258,0.002258,172.31.46.0-255,66,123914,50,272274
16259,0.002295,172.31.46.0-255,66,123980,50,272274
16260,0.0023,172.217.194.0-255,4320,128300,50,272274
16261,0.002302,172.31.46.0-255,66,128366,50,272274
16262,0.002332,172.217.194.0-255,5738,134104,50,272274
16263,0.002335,172.31.46.0-255,66,134170,50,272274
16264,0.002338,172.217.194.0-255,766,134936,50,272274
16265,0.00239,172.217.194.0-255,1484,136420,50,272274
16266,0.002393,172.31.46.0-255,66,136486,50,272274
16267,0.002399,172.217.194.0-255,2902,139388,50,272274
16268,0.002401,172.31.46.0-255,66,139454,50,272274
16269,0.002407,172.217.194.0-255,5738,145192,50,272274
16270,0.002409,172.31.46.0-255,66,145258,50,272274
16271,0.002416,172.217.194.0-255,5738,150996,50,272274
16272,0.002419,172.31.46.0-255,66,151062,50,272274
16273,0.002453,172.217.194.0-255,7156,158218,50,272274
16274,0.002456,172.31.46.0-255,66,158284,50,272274
16275,0.002467,172.31.46.0-255,66,158350,50,272274
16276,0.002469,172.217.194.0-255,766,159116,50,272274
16277,0.002715,172.217.194.0-255,1484,160600,50,272274
16278,0.002719,172.31.46.0-255,66,160666,50,272274
16279,0.002725,172.217.194.0-255,2902,163568,50,272274
16280,0.002727,172.31.46.0-255,66,163634,50,272274
16281,0.00273,172.217.194.0-255,1484,165118,50,272274
16282,0.00275,172.217.194.0-255,4320,169438,50,272274
16283,0.002754,172.31.46.0-255,66,169504,50,272274
16284,0.002795,172.31.46.0-255,66,169570,50,272274
16285,0.002801,172.217.194.0-255,5738,175308,50,272274
16286,0.002803,172.31.46.0-255,66,175374,50,272274
16287,0.002807,172.217.194.0-255,1484,176858,50,272274
16288,0.002809,172.217.194.0-255,1484,178342,50,272274
16289,0.002811,172.31.46.0-255,66,178408,50,272274
16290,0.00282,172.217.194.0-255,2184,180592,50,272274
16291,0.002822,172.31.46.0-255,66,180658,50,272274
16292,0.004525,172.217.194.0-255,1484,182142,50,272274
16293,0.004533,172.217.194.0-255,2902,185044,50,272274
16294,0.004538,172.31.46.0-255,66,185110,50,272274
16295,0.004555,172.217.194.0-255,5738,190848,50,272274
16296,0.004558,172.31.46.0-255,66,190914,50,272274
16297,0.004563,172.217.194.0-255,4320,195234,50,272274
16298,0.004565,172.31.46.0-255,66,195300,50,272274
16299,0.004587,172.217.194.0-255,1484,196784,50,272274
16300,0.00459,172.217.194.0-255,1484,198268,50,272274
16301,0.004593,172.31.46.0-255,66,198334,50,272274
16302,0.004622,172.31.46.0-255,66,198400,50,272274
16303,0.004645,172.217.194.0-255,1484,199884,50,272274
16304,0.004651,172.217.194.0-255,5020,204904,50,272274
16305,0.004653,172.31.46.0-255,66,204970,50,272274
16306,0.004686,172.217.194.0-255,1484,206454,50,272274
16307,0.00469,172.217.194.0-255,2902,209356,50,272274
16308,0.004692,172.31.46.0-255,66,209422,50,272274
16309,0.004714,172.217.194.0-255,5738,215160,50,272274
16310,0.004717,172.31.46.0-255,66,215226,50,272274
16311,0.004747,172.217.194.0-255,7156,222382,50,272274
16312,0.004749,172.31.46.0-255,66,222448,50,272274
16313,0.004776,172.31.46.0-255,66,222514,50,272274
16314,0.004796,172.217.194.0-255,4320,226834,50,272274
16315,0.004798,172.31.46.0-255,66,226900,50,272274
16316,0.004804,172.217.194.0-255,4320,231220,50,272274
16317,0.004806,172.31.46.0-255,66,231286,50,272274
16318,0.00485,172.217.194.0-255,5738,237024,50,272274
16319,0.004896,172.217.194.0-255,3602,240626,50,272274
16320,0.004914,172.217.194.0-255,7156,247782,50,272274
16321,0.004921,172.217.194.0-255,5738,253520,50,272274
16322,0.00495,172.217.194.0-255,1484,255004,50,272274
16323,0.004957,172.217.194.0-255,7156,262160,50,272274
16324,0.004993,172.217.194.0-255,2902,265062,50,272274
16325,0.004996,172.217.194.0-255,1484,266546,50,272274
16326,0.005,172.217.194.0-255,4320,270866,50,272274
16327,0.005003,172.217.194.0-255,802,271668,50,272274
16328,0.005006,172.217.194.0-255,97,271765,50,272274
16329,0.005031,172.217.194.0-255,105,271870,50,272274
16330,0.005393,172.31.46.0-255,66,271936,50,272274
16331,0.00558,172.31.46.0-255,101,272037,50,272274
16332,0.007192,172.31.46.0-255,105,272142,50,272274
16333,0.008148,172.217.194.0-255,66,272208,50,272274
16334,0.009742,172.217.194.0-255,66,272274,50,272274
16335,0.0,172.217.194.0-255,152,152,50,135808
16336,2.2e-05,172.31.46.0-255,66,218,50,135808
16337,2.9e-05,172.217.194.0-255,1484,1702,50,135808
16338,3.4e-05,172.31.46.0-255,66,1768,50,135808
16339,3.9e-05,172.217.194.0-255,2902,4670,50,135808
16340,4.2e-05,172.31.46.0-255,66,4736,50,135808
16341,4.8e-05,172.217.194.0-255,4320,9056,50,135808
16342,5.1e-05,172.31.46.0-255,66,9122,50,135808
16343,8.1e-05,172.217.194.0-255,2902,12024,50,135808
16344,8.3e-05,172.31.46.0-255,66,12090,50,135808
16345,9e-05,172.217.194.0-255,6336,18426,50,135808
16346,9.3e-05,172.31.46.0-255,66,18492,50,135808
16347,0.000149,172.31.46.0-255,66,18558,50,135808
16348,0.000343,172.217.194.0-255,1484,20042,50,135808
16349,0.000348,172.31.46.0-255,66,20108,50,135808
16350,0.000354,172.217.194.0-255,2902,23010,50,135808
16351,0.000356,172.31.46.0-255,66,23076,50,135808
16352,0.000376,172.217.194.0-255,5738,28814,50,135808
16353,0.000379,172.31.46.0-255,66,28880,50,135808
16354,0.000402,172.217.194.0-255,1484,30364,50,135808
16355,0.000404,172.31.46.0-255,66,30430,50,135808
16356,0.000427,172.31.46.0-255,66,30496,50,135808
16357,0.000432,172.217.194.0-255,4320,34816,50,135808
16358,0.000435,172.31.46.0-255,66,34882,50,135808
16359,0.000457,172.217.194.0-255,1484,36366,50,135808
16360,0.00046,172.31.46.0-255,66,36432,50,135808
16361,0.000475,172.217.194.0-255,5020,41452,50,135808
16362,0.000477,172.31.46.0-255,66,41518,50,135808
16363,0.000544,172.217.194.0-255,646,42164,50,135808
16364,0.000548,172.31.46.0-255,66,42230,50,135808
16365,0.000565,172.217.194.0-255,1484,43714,50,135808
16366,0.000584,172.217.194.0-255,2902,46616,50,135808
16367,0.000587,172.31.46.0-255,66,46682,50,135808
16368,0.000609,172.217.194.0-255,1484,48166,50,135808
16369,0.000622,172.31.46.0-255,66,48232,50,135808
16370,0.000628,172.217.194.0-255,7156,55388,50,135808
16371,0.000631,172.31.46.0-255,66,55454,50,135808
16372,0.000688,172.217.194.0-255,2902,58356,50,135808
16373,0.000693,172.31.46.0-255,66,58422,50,135808
16374,0.000702,172.217.194.0-255,1484,59906,50,135808
16375,0.000722,172.217.194.0-255,6438,66344,50,135808
16376,0.000725,172.31.46.0-255,66,66410,50,135808
16377,0.000744,172.217.194.0-255,1484,67894,50,135808
16378,0.000747,172.217.194.0-255,1484,69378,50,135808
16379,0.00075,172.31.46.0-255,66,69444,50,135808
16380,0.000772,172.217.194.0-255,1484,70928,50,135808
16381,0.000778,172.217.194.0-255,5738,76666,50,135808
16382,0.000781,172.31.46.0-255,66,76732,50,135808
16383,0.000784,172.217.194.0-255,1484,78216,50,135808
16384,0.000791,172.217.194.0-255,7156,85372,50,135808
16385,0.000794,172.31.46.0-255,66,85438,50,135808
16386,0.000814,172.217.194.0-255,1484,86922,50,135808
16387,0.000856,172.31.46.0-255,66,86988,50,135808
16388,0.00087,172.31.46.0-255,66,87054,50,135808
16389,0.00089,172.217.194.0-255,4320,91374,50,135808
16390,0.000893,172.31.46.0-255,66,91440,50,135808
16391,0.000907,172.31.46.0-255,66,91506,50,135808
16392,0.000929,172.217.194.0-255,1484,92990,50,135808
16393,0.000934,172.217.194.0-255,2902,95892,50,135808
16394,0.000936,172.31.46.0-255,66,95958,50,135808
16395,0.00094,172.217.194.0-255,1484,97442,50,135808
16396,0.000957,172.217.194.0-255,4320,101762,50,135808
16397,0.000959,172.31.46.0-255,66,101828,50,135808
16398,0.000973,172.217.194.0-255,1484,103312,50,135808
16399,0.001001,172.31.46.0-255,66,103378,50,135808
16400,0.001014,172.31.46.0-255,66,103444,50,135808
16401,0.001064,172.217.194.0-255,1484,104928,50,135808
16402,0.001069,172.217.194.0-255,2902,107830,50,135808
16403,0.001071,172.31.46.0-255,66,107896,50,135808
16404,0.001074,172.217.194.0-255,1484,109380,50,135808
16405,0.001095,172.217.194.0-255,4320,113700,50,135808
16406,0.001098,172.31.46.0-255,66,113766,50,135808
16407,0.00111,172.31.46.0-255,66,113832,50,135808
16408,0.001127,172.217.194.0-255,2902,116734,50,135808
16409,0.001131,172.31.46.0-255,66,116800,50,135808
16410,0.001147,172.31.46.0-255,66,116866,50,135808
16411,0.001169,172.31.46.0-255,66,116932,50,135808
16412,0.001192,172.31.46.0-255,66,116998,50,135808
16413,0.001203,172.31.46.0-255,66,117064,50,135808
16414,0.00124,172.217.194.0-255,4320,121384,50,135808
16415,0.001243,172.31.46.0-255,66,121450,50,135808
16416,0.001278,172.31.46.0-255,66,121516,50,135808
16417,0.001317,172.31.46.0-255,66,121582,50,135808
16418,0.001321,172.217.194.0-255,2902,124484,50,135808
16419,0.001323,172.31.46.0-255,66,124550,50,135808
16420,0.001347,172.31.46.0-255,66,124616,50,135808
16421,0.001362,172.31.46.0-255,66,124682,50,135808
16422,0.001396,172.217.194.0-255,4320,129002,50,135808
16423,0.001399,172.31.46.0-255,66,129068,50,135808
16424,0.001425,172.31.46.0-255,66,129134,50,135808
16425,0.001429,172.217.194.0-255,2902,132036,50,135808
16426,0.001431,172.31.46.0-255,66,132102,50,135808
16427,0.001456,172.31.46.0-255,66,132168,50,135808
16428,0.001474,172.217.194.0-255,2902,135070,50,135808
16429,0.001477,172.31.46.0-255,66,135136,50,135808
16430,0.001489,172.31.46.0-255,66,135202,50,135808
16431,0.001511,172.31.46.0-255,66,135268,50,135808
16432,0.001545,172.31.46.0-255,66,135334,50,135808
16433,0.001557,172.31.46.0-255,66,135400,50,135808
16434,0.001568,172.31.46.0-255,66,135466,50,135808
16435,0.001643,172.217.194.0-255,105,135571,50,135808
16436,0.008694,172.31.46.0-255,66,135637,50,135808
16437,0.008742,172.31.46.0-255,105,135742,50,135808
16438,0.01108,172.217.194.0-255,66,135808,50,135808
16439,0.0,172.217.194.0-255,291,291,50,177406
16440,2.1e-05,172.31.46.0-255,66,357,50,177406
16441,2.8e-05,172.217.194.0-255,1484,1841,50,177406
16442,3.2e-05,172.31.46.0-255,66,1907,50,177406
16443,3.8e-05,172.217.194.0-255,4320,6227,50,177406
16444,4e-05,172.31.46.0-255,66,6293,50,177406
16445,4.6e-05,172.217.194.0-255,4320,10613,50,177406
16446,4.8e-05,172.31.46.0-255,66,10679,50,177406
16447,7.7e-05,172.217.194.0-255,3322,14001,50,177406
16448,7.9e-05,172.31.46.0-255,66,14067,50,177406
16449,8.2e-05,172.217.194.0-255,1484,15551,50,177406
16450,8.4e-05,172.31.46.0-255,66,15617,50,177406
16451,0.000101,172.217.194.0-255,7156,22773,50,177406
16452,0.000104,172.31.46.0-255,66,22839,50,177406
16453,0.000106,172.217.194.0-255,1484,24323,50,177406
16454,0.000108,172.31.46.0-255,66,24389,50,177406
16455,0.000131,172.217.194.0-255,4320,28709,50,177406
16456,0.000133,172.31.46.0-255,66,28775,50,177406
16457,0.00015,172.217.194.0-255,2543,31318,50,177406
16458,0.000151,172.31.46.0-255,66,31384,50,177406
16459,0.000231,172.217.194.0-255,1484,32868,50,177406
16460,0.000235,172.31.46.0-255,66,32934,50,177406
16461,0.000238,172.217.194.0-255,1484,34418,50,177406
16462,0.00024,172.31.46.0-255,66,34484,50,177406
16463,0.000254,172.217.194.0-255,1484,35968,50,177406
16464,0.000256,172.31.46.0-255,66,36034,50,177406
16465,0.000262,172.217.194.0-255,4320,40354,50,177406
16466,0.000264,172.31.46.0-255,66,40420,50,177406
16467,0.000287,172.217.194.0-255,1484,41904,50,177406
16468,0.000289,172.31.46.0-255,66,41970,50,177406
16469,0.00031,172.217.194.0-255,1484,43454,50,177406
16470,0.000311,172.31.46.0-255,66,43520,50,177406
16471,0.00035,172.31.46.0-255,66,43586,50,177406
16472,0.000356,172.217.194.0-255,7156,50742,50,177406
16473,0.000358,172.31.46.0-255,66,50808,50,177406
16474,0.000362,172.217.194.0-255,2867,53675,50,177406
16475,0.000365,172.31.46.0-255,66,53741,50,177406
16476,0.00039,172.217.194.0-255,383,54124,50,177406
16477,0.00073,172.217.194.0-255,1484,55608,50,177406
16478,0.000735,172.31.46.0-255,66,55674,50,177406
16479,0.00074,172.217.194.0-255,2902,58576,50,177406
16480,0.000742,172.31.46.0-255,66,58642,50,177406
16481,0.00077,172.217.194.0-255,5738,64380,50,177406
16482,0.000772,172.31.46.0-255,66,64446,50,177406
16483,0.000779,172.217.194.0-255,7156,71602,50,177406
16484,0.00078,172.31.46.0-255,66,71668,50,177406
16485,0.00081,172.217.194.0-255,4320,75988,50,177406
16486,0.000812,172.31.46.0-255,66,76054,50,177406
16487,0.000833,172.31.46.0-255,66,76120,50,177406
16488,0.000854,172.217.194.0-255,1484,77604,50,177406
16489,0.000858,172.217.194.0-255,2184,79788,50,177406
16490,0.000859,172.31.46.0-255,66,79854,50,177406
16491,0.002084,172.217.194.0-255,1484,81338,50,177406
16492,0.002095,172.217.194.0-255,2902,84240,50,177406
16493,0.0021,172.31.46.0-255,66,84306,50,177406
16494,0.002109,172.217.194.0-255,5738,90044,50,177406
16495,0.002111,172.31.46.0-255,66,90110,50,177406
16496,0.00213,172.217.194.0-255,2902,93012,50,177406
16497,0.002132,172.31.46.0-255,66,93078,50,177406
16498,0.002168,172.31.46.0-255,66,93144,50,177406
16499,0.002188,172.217.194.0-255,7156,100300,50,177406
16500,0.00219,172.31.46.0-255,66,100366,50,177406
16501,0.002213,172.217.194.0-255,3602,103968,50,177406
16502,0.002215,172.31.46.0-255,66,104034,50,177406
16503,0.002257,172.217.194.0-255,1484,105518,50,177406
16504,0.002271,172.217.194.0-255,2902,108420,50,177406
16505,0.002274,172.31.46.0-255,66,108486,50,177406
16506,0.002278,172.217.194.0-255,2902,111388,50,177406
16507,0.00228,172.31.46.0-255,66,111454,50,177406
16508,0.002295,172.217.194.0-255,2902,114356,50,177406
16509,0.002297,172.31.46.0-255,66,114422,50,177406
16510,0.0023,172.217.194.0-255,1484,115906,50,177406
16511,0.002336,172.31.46.0-255,66,115972,50,177406
16512,0.002349,172.31.46.0-255,66,116038,50,177406
16513,0.004899,172.217.194.0-255,5738,121776,50,177406
16514,0.004912,172.31.46.0-255,66,121842,50,177406
16515,0.007449,172.217.194.0-255,5738,127580,50,177406
16516,0.007454,172.31.46.0-255,66,127646,50,177406
16517,0.009993,172.217.194.0-255,5738,133384,50,177406
16518,0.010001,172.31.46.0-255,66,133450,50,177406
16519,0.012547,172.217.194.0-255,5738,139188,50,177406
16520,0.012554,172.31.46.0-255,66,139254,50,177406
16521,0.015098,172.217.194.0-255,5738,144992,50,177406
16522,0.015107,172.31.46.0-255,66,145058,50,177406
16523,0.017662,172.217.194.0-255,5738,150796,50,177406
16524,0.01767,172.31.46.0-255,66,150862,50,177406
16525,0.020206,172.217.194.0-255,5738,156600,50,177406
16526,0.020213,172.31.46.0-255,66,156666,50,177406
16527,0.022753,172.217.194.0-255,5738,162404,50,177406
16528,0.022759,172.31.46.0-255,66,162470,50,177406
16529,0.023088,172.31.46.0-255,172,162642,50,177406
16530,0.023113,172.31.46.0-255,1113,163755,50,177406
16531,0.023168,172.31.46.0-255,1514,165269,50,177406
16532,0.023169,172.31.46.0-255,331,165600,50,177406
16533,0.024648,104.244.42.0-255,66,165666,50,177406
16534,0.024684,104.244.42.0-255,66,165732,50,177406
16535,0.024745,104.244.42.0-255,66,165798,50,177406
16536,0.025314,172.217.194.0-255,5738,171536,50,177406
16537,0.025318,172.31.46.0-255,66,171602,50,177406
16538,0.027907,172.217.194.0-255,5738,177340,50,177406
16539,0.027915,172.31.46.0-255,66,177406,50,177406
16540,0.0,172.217.194.0-255,150,150,50,188519
16541,1.9e-05,172.31.46.0-255,66,216,50,188519
16542,2.6e-05,172.217.194.0-255,1484,1700,50,188519
16543,3e-05,172.31.46.0-255,66,1766,50,188519
16544,3.6e-05,172.217.194.0-255,2902,4668,50,188519
16545,4e-05,172.31.46.0-255,66,4734,50,188519
16546,4.4e-05,172.217.194.0-255,2902,7636,50,188519
16547,4.6e-05,172.31.46.0-255,66,7702,50,188519
16548,6.9e-05,172.217.194.0-255,2902,10604,50,188519
16549,7.2e-05,172.31.46.0-255,66,10670,50,188519
16550,9.8e-05,172.31.46.0-255,66,10736,50,188519
16551,0.000109,172.31.46.0-255,66,10802,50,188519
16552,0.000135,172.217.194.0-255,3961,14763,50,188519
16553,0.000137,172.31.46.0-255,66,14829,50,188519
16554,0.000393,172.217.194.0-255,1484,16313,50,188519
16555,0.000399,172.31.46.0-255,66,16379,50,188519
16556,0.000405,172.217.194.0-255,2902,19281,50,188519
16557,0.000407,172.31.46.0-255,66,19347,50,188519
16558,0.000413,172.217.194.0-255,5738,25085,50,188519
16559,0.000415,172.31.46.0-255,66,25151,50,188519
16560,0.000444,172.217.194.0-255,6797,31948,50,188519
16561,0.000447,172.31.46.0-255,66,32014,50,188519
16562,0.000492,172.217.194.0-255,2902,34916,50,188519
16563,0.000495,172.31.46.0-255,66,34982,50,188519
16564,0.000518,172.217.194.0-255,4320,39302,50,188519
16565,0.000521,172.31.46.0-255,66,39368,50,188519
16566,0.000528,172.217.194.0-255,7156,46524,50,188519
16567,0.00053,172.31.46.0-255,66,46590,50,188519
16568,0.000546,172.217.194.0-255,1484,48074,50,188519
16569,0.000548,172.31.46.0-255,66,48140,50,188519
16570,0.000552,172.217.194.0-255,1469,49609,50,188519
16571,0.000636,172.217.194.0-255,364,49973,50,188519
16572,0.00064,172.31.46.0-255,66,50039,50,188519
16573,0.000754,172.217.194.0-255,1484,51523,50,188519
16574,0.000759,172.217.194.0-255,2902,54425,50,188519
16575,0.000762,172.31.46.0-255,66,54491,50,188519
16576,0.00079,172.217.194.0-255,5738,60229,50,188519
16577,0.000794,172.31.46.0-255,66,60295,50,188519
16578,0.000801,172.217.194.0-255,6797,67092,50,188519
16579,0.000803,172.31.46.0-255,66,67158,50,188519
16580,0.000845,172.217.194.0-255,4320,71478,50,188519
16581,0.000849,172.31.46.0-255,66,71544,50,188519
16582,0.000874,172.31.46.0-255,66,71610,50,188519
16583,0.000877,172.217.194.0-255,1484,73094,50,188519
16584,0.000881,172.217.194.0-255,1125,74219,50,188519
16585,0.000883,172.31.46.0-255,66,74285,50,188519
16586,0.00189,172.217.194.0-255,1484,75769,50,188519
16587,0.001901,172.217.194.0-255,2902,78671,50,188519
16588,0.001906,172.31.46.0-255,66,78737,50,188519
16589,0.001914,172.217.194.0-255,5738,84475,50,188519
16590,0.001916,172.31.46.0-255,66,84541,50,188519
16591,0.001919,172.217.194.0-255,1484,86025,50,188519
16592,0.001925,172.217.194.0-255,4320,90345,50,188519
16593,0.001927,172.31.46.0-255,66,90411,50,188519
16594,0.001951,172.217.194.0-255,4320,94731,50,188519
16595,0.001954,172.31.46.0-255,66,94797,50,188519
16596,0.001969,172.217.194.0-255,2902,97699,50,188519
16597,0.001971,172.31.46.0-255,66,97765,50,188519
16598,0.002001,172.31.46.0-255,66,97831,50,188519
16599,0.002041,172.31.46.0-255,66,97897,50,188519
16600,0.002064,172.31.46.0-255,66,97963,50,188519
16601,0.002076,172.31.46.0-255,66,98029,50,188519
16602,0.002113,172.217.194.0-255,1484,99513,50,188519
16603,0.002117,172.217.194.0-255,2902,102415,50,188519
16604,0.002119,172.31.46.0-255,66,102481,50,188519
16605,0.00214,172.217.194.0-255,5738,108219,50,188519
16606,0.002143,172.31.46.0-255,66,108285,50,188519
16607,0.00217,172.31.46.0-255,66,108351,50,188519
16608,0.002183,172.217.194.0-255,4320,112671,50,188519
16609,0.002186,172.31.46.0-255,66,112737,50,188519
16610,0.002198,172.31.46.0-255,66,112803,50,188519
16611,0.002214,172.217.194.0-255,1484,114287,50,188519
16612,0.002235,172.217.194.0-255,2902,117189,50,188519
16613,0.002238,172.31.46.0-255,66,117255,50,188519
16614,0.002245,172.217.194.0-255,5738,122993,50,188519
16615,0.002247,172.31.46.0-255,66,123059,50,188519
16616,0.002281,172.31.46.0-255,66,123125,50,188519
16617,0.002299,172.217.194.0-255,1484,124609,50,188519
16618,0.002312,172.31.46.0-255,66,124675,50,188519
16619,0.004641,172.217.194.0-255,5738,130413,50,188519
16620,0.004648,172.31.46.0-255,66,130479,50,188519
16621,0.006948,172.217.194.0-255,5738,136217,50,188519
16622,0.006953,172.31.46.0-255,66,136283,50,188519
16623,0.009272,172.217.194.0-255,5738,142021,50,188519
16624,0.009278,172.31.46.0-255,66,142087,50,188519
16625,0.011574,172.217.194.0-255,5738,147825,50,188519
16626,0.011582,172.31.46.0-255,66,147891,50,188519
16627,0.013875,172.217.194.0-255,5738,153629,50,188519
16628,0.013883,172.31.46.0-255,66,153695,50,188519
16629,0.016199,172.217.194.0-255,5738,159433,50,188519
16630,0.016209,172.31.46.0-255,66,159499,50,188519
16631,0.01853,172.217.194.0-255,5738,165237,50,188519
16632,0.018539,172.31.46.0-255,66,165303,50,188519
16633,0.02084,172.217.194.0-255,5738,171041,50,188519
16634,0.020848,172.31.46.0-255,66,171107,50,188519
16635,0.023164,172.217.194.0-255,5738,176845,50,188519
16636,0.023172,172.31.46.0-255,66,176911,50,188519
16637,0.025452,172.217.194.0-255,5738,182649,50,188519
16638,0.025459,172.31.46.0-255,66,182715,50,188519
16639,0.027802,172.217.194.0-255,5738,188453,50,188519
16640,0.02781,172.31.46.0-255,66,188519,50,188519
16641,0.0,74.125.68.0-255,438,438,50,279798
16642,2.4e-05,172.31.46.0-255,66,504,50,279798
16643,3.1e-05,74.125.68.0-255,1484,1988,50,279798
16644,3.5e-05,172.31.46.0-255,66,2054,50,279798
16645,4.2e-05,74.125.68.0-255,2902,4956,50,279798
16646,5.4e-05,172.31.46.0-255,66,5022,50,279798
16647,6e-05,74.125.68.0-255,5738,10760,50,279798
16648,6.4e-05,172.31.46.0-255,66,10826,50,279798
16649,7.1e-05,74.125.68.0-255,6005,16831,50,279798
16650,7.4e-05,172.31.46.0-255,66,16897,50,279798
16651,0.000113,74.125.68.0-255,7156,24053,50,279798
16652,0.000116,172.31.46.0-255,66,24119,50,279798
16653,0.000141,74.125.68.0-255,2902,27021,50,279798
16654,0.000144,172.31.46.0-255,66,27087,50,279798
16655,0.000174,74.125.68.0-255,3961,31048,50,279798
16656,0.000176,172.31.46.0-255,66,31114,50,279798
16657,0.000221,74.125.68.0-255,1484,32598,50,279798
16658,0.000224,172.31.46.0-255,66,32664,50,279798
16659,0.000228,74.125.68.0-255,2902,35566,50,279798
16660,0.00023,172.31.46.0-255,66,35632,50,279798
16661,0.000237,74.125.68.0-255,5738,41370,50,279798
16662,0.000244,172.31.46.0-255,66,41436,50,279798
16663,0.000249,74.125.68.0-255,2902,44338,50,279798
16664,0.000251,172.31.46.0-255,66,44404,50,279798
16665,0.000278,74.125.68.0-255,4320,48724,50,279798
16666,0.000281,172.31.46.0-255,66,48790,50,279798
16667,0.00029,74.125.68.0-255,4320,53110,50,279798
16668,0.000292,172.31.46.0-255,66,53176,50,279798
16669,0.000316,74.125.68.0-255,5738,58914,50,279798
16670,0.000318,172.31.46.0-255,66,58980,50,279798
16671,0.000347,74.125.68.0-255,6438,65418,50,279798
16672,0.00035,172.31.46.0-255,66,65484,50,279798
16673,0.000377,74.125.68.0-255,362,65846,50,279798
16674,0.000382,74.125.68.0-255,382,66228,50,279798
16675,0.000612,74.125.68.0-255,1484,67712,50,279798
16676,0.000617,172.31.46.0-255,66,67778,50,279798
16677,0.000622,74.125.68.0-255,1484,69262,50,279798
16678,0.000646,74.125.68.0-255,1484,70746,50,279798
16679,0.000649,172.31.46.0-255,66,70812,50,279798
16680,0.000654,74.125.68.0-255,2902,73714,50,279798
16681,0.000656,172.31.46.0-255,66,73780,50,279798
16682,0.000678,74.125.68.0-255,4320,78100,50,279798
16683,0.000681,172.31.46.0-255,66,78166,50,279798
16684,0.000723,74.125.68.0-255,4829,82995,50,279798
16685,0.000726,172.31.46.0-255,66,83061,50,279798
16686,0.000732,74.125.68.0-255,5738,88799,50,279798
16687,0.000734,172.31.46.0-255,66,88865,50,279798
16688,0.000765,172.31.46.0-255,66,88931,50,279798
16689,0.001282,74.125.68.0-255,1484,90415,50,279798
16690,0.001301,74.125.68.0-255,1484,91899,50,279798
16691,0.001305,172.31.46.0-255,66,91965,50,279798
16692,0.001335,74.125.68.0-255,1484,93449,50,279798
16693,0.001343,74.125.68.0-255,4320,97769,50,279798
16694,0.001346,172.31.46.0-255,66,97835,50,279798
16695,0.001352,74.125.68.0-255,5738,103573,50,279798
16696,0.001355,172.31.46.0-255,66,103639,50,279798
16697,0.001388,74.125.68.0-255,2902,106541,50,279798
16698,0.001395,74.125.68.0-255,5738,112279,50,279798
16699,0.001402,74.125.68.0-255,7156,119435,50,279798
16700,0.001404,74.125.68.0-255,1484,120919,50,279798
16701,0.001408,172.31.46.0-255,66,120985,50,279798
16702,0.001411,172.31.46.0-255,66,121051,50,279798
16703,0.001414,172.31.46.0-255,66,121117,50,279798
16704,0.001435,74.125.68.0-255,2184,123301,50,279798
16705,0.001437,172.31.46.0-255,66,123367,50,279798
16706,0.001462,74.125.68.0-255,1484,124851,50,279798
16707,0.001475,74.125.68.0-255,2902,127753,50,279798
16708,0.001478,172.31.46.0-255,66,127819,50,279798
16709,0.001509,74.125.68.0-255,2902,130721,50,279798
16710,0.001512,172.31.46.0-255,66,130787,50,279798
16711,0.001515,74.125.68.0-255,1484,132271,50,279798
16712,0.001544,74.125.68.0-255,2902,135173,50,279798
16713,0.001547,172.31.46.0-255,66,135239,50,279798
16714,0.001558,172.31.46.0-255,66,135305,50,279798
16715,0.001568,74.125.68.0-255,4320,139625,50,279798
16716,0.00157,172.31.46.0-255,66,139691,50,279798
16717,0.00161,74.125.68.0-255,5738,145429,50,279798
16718,0.001613,172.31.46.0-255,66,145495,50,279798
16719,0.001618,74.125.68.0-255,3602,149097,50,279798
16720,0.00162,172.31.46.0-255,66,149163,50,279798
16721,0.001653,74.125.68.0-255,4320,153483,50,279798
16722,0.001656,172.31.46.0-255,66,153549,50,279798
16723,0.00166,74.125.68.0-255,2902,156451,50,279798
16724,0.001663,172.31.46.0-255,66,156517,50,279798
16725,0.001691,74.125.68.0-255,5738,162255,50,279798
16726,0.001697,172.31.46.0-255,66,162321,50,279798
16727,0.001709,172.31.46.0-255,66,162387,50,279798
16728,0.00172,172.31.46.0-255,66,162453,50,279798
16729,0.001748,74.125.68.0-255,766,163219,50,279798
16730,0.001791,74.125.68.0-255,1484,164703,50,279798
16731,0.001795,172.31.46.0-255,66,164769,50,279798
16732,0.001815,74.125.68.0-255,4320,169089,50,279798
16733,0.001817,172.31.46.0-255,66,169155,50,279798
16734,0.001854,74.125.68.0-255,1484,170639,50,279798
16735,0.001869,74.125.68.0-255,2902,173541,50,279798
16736,0.001873,172.31.46.0-255,66,173607,50,279798
16737,0.001942,74.125.68.0-255,5738,179345,50,279798
16738,0.001962,172.31.46.0-255,66,179411,50,279798
16739,0.001965,172.31.46.0-255,66,179477,50,279798
16740,0.001973,172.31.46.0-255,66,179543,50,279798
16741,0.002027,74.125.68.0-255,1484,181027,50,279798
16742,0.002043,74.125.68.0-255,2902,183929,50,279798
16743,0.002046,172.31.46.0-255,66,183995,50,279798
16744,0.002073,74.125.68.0-255,5738,189733,50,279798
16745,0.002076,172.31.46.0-255,66,189799,50,279798
16746,0.002082,74.125.68.0-255,4320,194119,50,279798
16747,0.002084,172.31.46.0-255,66,194185,50,279798
16748,0.002115,74.125.68.0-255,2902,197087,50,279798
16749,0.002131,172.31.46.0-255,66,197153,50,279798
16750,0.002146,172.31.46.0-255,66,197219,50,279798
16751,0.002188,172.31.46.0-255,66,197285,50,279798
16752,0.002215,172.31.46.0-255,66,197351,50,279798
16753,0.002242,74.125.68.0-255,5738,203089,50,279798
16754,0.002245,172.31.46.0-255,66,203155,50,279798
16755,0.002255,74.125.68.0-255,5738,208893,50,279798
16756,0.002257,172.31.46.0-255,66,208959,50,279798
16757,0.002273,74.125.68.0-255,5738,214697,50,279798
16758,0.002275,172.31.46.0-255,66,214763,50,279798
16759,0.00231,172.31.46.0-255,66,214829,50,279798
16760,0.002313,74.125.68.0-255,1484,216313,50,279798
16761,0.002337,74.125.68.0-255,5379,221692,50,279798
16762,0.002339,172.31.46.0-255,66,221758,50,279798
16763,0.004844,74.125.68.0-255,5738,227496,50,279798
16764,0.004854,172.31.46.0-255,66,227562,50,279798
16765,0.007366,74.125.68.0-255,5738,233300,50,279798
16766,0.007374,172.31.46.0-255,66,233366,50,279798
16767,0.009877,74.125.68.0-255,5738,239104,50,279798
16768,0.009882,172.31.46.0-255,66,239170,50,279798
16769,0.012398,74.125.68.0-255,5738,244908,50,279798
16770,0.012408,172.31.46.0-255,66,244974,50,279798
16771,0.014926,74.125.68.0-255,5738,250712,50,279798
16772,0.014937,172.31.46.0-255,66,250778,50,279798
16773,0.017453,74.125.68.0-255,5738,256516,50,279798
16774,0.017461,172.31.46.0-255,66,256582,50,279798
16775,0.019973,74.125.68.0-255,5738,262320,50,279798
16776,0.019982,172.31.46.0-255,66,262386,50,279798
16777,0.022487,74.125.68.0-255,5738,268124,50,279798
16778,0.022502,172.31.46.0-255,66,268190,50,279798
16779,0.025018,74.125.68.0-255,5738,273928,50,279798
16780,0.025029,172.31.46.0-255,66,273994,50,279798
16781,0.027531,74.125.68.0-255,5738,279732,50,279798
16782,0.027539,172.31.46.0-255,66,279798,50,279798
16783,0.0,74.125.24.0-255,152,152,50,235622
16784,2.6e-05,172.31.46.0-255,66,218,50,235622
16785,3.2e-05,74.125.24.0-255,1484,1702,50,235622
16786,3.6e-05,172.31.46.0-255,66,1768,50,235622
16787,4.8e-05,74.125.24.0-255,2902,4670,50,235622
16788,5.1e-05,172.31.46.0-255,66,4736,50,235622
16789,5.9e-05,74.125.24.0-255,7156,11892,50,235622
16790,6.2e-05,172.31.46.0-255,66,11958,50,235622
16791,0.000114,74.125.24.0-255,1996,13954,50,235622
16792,0.000118,172.31.46.0-255,66,14020,50,235622
16793,0.000191,74.125.24.0-255,1484,15504,50,235622
16794,0.000197,172.31.46.0-255,66,15570,50,235622
16795,0.000203,74.125.24.0-255,2902,18472,50,235622
16796,0.000206,172.31.46.0-255,66,18538,50,235622
16797,0.000217,74.125.24.0-255,5738,24276,50,235622
16798,0.00022,172.31.46.0-255,66,24342,50,235622
16799,0.000277,74.125.24.0-255,4320,28662,50,235622
16800,0.000282,172.31.46.0-255,66,28728,50,235622
16801,0.00031,74.125.24.0-255,2543,31271,50,235622
16802,0.000314,172.31.46.0-255,66,31337,50,235622
16803,0.000484,74.125.24.0-255,1484,32821,50,235622
16804,0.000491,172.31.46.0-255,66,32887,50,235622
16805,0.000498,74.125.24.0-255,2902,35789,50,235622
16806,0.0005,172.31.46.0-255,66,35855,50,235622
16807,0.000513,74.125.24.0-255,5738,41593,50,235622
16808,0.000515,172.31.46.0-255,66,41659,50,235622
16809,0.000563,172.31.46.0-255,66,41725,50,235622
16810,0.000577,172.31.46.0-255,66,41791,50,235622
16811,0.001453,74.125.24.0-255,647,42438,50,235622
16812,0.00146,172.31.46.0-255,66,42504,50,235622
16813,0.001552,74.125.24.0-255,1484,43988,50,235622
16814,0.001571,74.125.24.0-255,2902,46890,50,235622
16815,0.001575,172.31.46.0-255,66,46956,50,235622
16816,0.001582,74.125.24.0-255,5738,52694,50,235622
16817,0.001588,172.31.46.0-255,66,52760,50,235622
16818,0.001637,172.31.46.0-255,66,52826,50,235622
16819,0.001678,172.31.46.0-255,66,52892,50,235622
16820,0.001715,74.125.24.0-255,7156,60048,50,235622
16821,0.001719,172.31.46.0-255,66,60114,50,235622
16822,0.001759,172.31.46.0-255,66,60180,50,235622
16823,0.001766,74.125.24.0-255,5738,65918,50,235622
16824,0.001768,172.31.46.0-255,66,65984,50,235622
16825,0.001807,172.31.46.0-255,66,66050,50,235622
16826,0.001812,74.125.24.0-255,2184,68234,50,235622
16827,0.001814,172.31.46.0-255,66,68300,50,235622
16828,0.001818,74.125.24.0-255,2902,71202,50,235622
16829,0.00182,172.31.46.0-255,66,71268,50,235622
16830,0.001823,74.125.24.0-255,1484,72752,50,235622
16831,0.001861,74.125.24.0-255,5738,78490,50,235622
16832,0.001866,172.31.46.0-255,66,78556,50,235622
16833,0.001875,172.31.46.0-255,66,78622,50,235622
16834,0.001888,74.125.24.0-255,6438,85060,50,235622
16835,0.001891,172.31.46.0-255,66,85126,50,235622
16836,0.001922,74.125.24.0-255,4320,89446,50,235622
16837,0.001926,172.31.46.0-255,66,89512,50,235622
16838,0.001932,74.125.24.0-255,5738,95250,50,235622
16839,0.001935,172.31.46.0-255,66,95316,50,235622
16840,0.001962,172.31.46.0-255,66,95382,50,235622
16841,0.001992,74.125.24.0-255,2902,98284,50,235622
16842,0.001996,172.31.46.0-255,66,98350,50,235622
16843,0.002006,172.31.46.0-255,66,98416,50,235622
16844,0.002009,74.125.24.0-255,1484,99900,50,235622
16845,0.002038,74.125.24.0-255,2184,102084,50,235622
16846,0.002042,172.31.46.0-255,66,102150,50,235622
16847,0.00214,74.125.24.0-255,1484,103634,50,235622
16848,0.002145,74.125.24.0-255,2902,106536,50,235622
16849,0.002147,172.31.46.0-255,66,106602,50,235622
16850,0.002178,74.125.24.0-255,5738,112340,50,235622
16851,0.002181,172.31.46.0-255,66,112406,50,235622
16852,0.002186,74.125.24.0-255,2902,115308,50,235622
16853,0.002189,172.31.46.0-255,66,115374,50,235622
16854,0.002228,74.125.24.0-255,2902,118276,50,235622
16855,0.002239,172.31.46.0-255,66,118342,50,235622
16856,0.002273,74.125.24.0-255,7156,125498,50,235622
16857,0.002278,172.31.46.0-255,66,125564,50,235622
16858,0.002285,172.31.46.0-255,66,125630,50,235622
16859,0.002314,74.125.24.0-255,1484,127114,50,235622
16860,0.002319,74.125.24.0-255,2902,130016,50,235622
16861,0.002322,172.31.46.0-255,66,130082,50,235622
16862,0.002354,74.125.24.0-255,4320,134402,50,235622
16863,0.00236,74.125.24.0-255,5738,140140,50,235622
16864,0.00236,172.31.46.0-255,66,140206,50,235622
16865,0.002363,172.31.46.0-255,66,140272,50,235622
16866,0.002394,74.125.24.0-255,2902,143174,50,235622
16867,0.002409,172.31.46.0-255,66,143240,50,235622
16868,0.00242,172.31.46.0-255,66,143306,50,235622
16869,0.002431,172.31.46.0-255,66,143372,50,235622
16870,0.002539,74.125.24.0-255,1484,144856,50,235622
16871,0.002545,74.125.24.0-255,2902,147758,50,235622
16872,0.002549,172.31.46.0-255,66,147824,50,235622
16873,0.002581,74.125.24.0-255,5738,153562,50,235622
16874,0.002585,172.31.46.0-255,66,153628,50,235622
16875,0.00259,74.125.24.0-255,4320,157948,50,235622
16876,0.002592,172.31.46.0-255,66,158014,50,235622
16877,0.002623,74.125.24.0-255,7156,165170,50,235622
16878,0.002627,172.31.46.0-255,66,165236,50,235622
16879,0.002661,74.125.24.0-255,4320,169556,50,235622
16880,0.002664,172.31.46.0-255,66,169622,50,235622
16881,0.002674,172.31.46.0-255,66,169688,50,235622
16882,0.002698,74.125.24.0-255,1484,171172,50,235622
16883,0.002703,74.125.24.0-255,2902,174074,50,235622
16884,0.002705,172.31.46.0-255,66,174140,50,235622
16885,0.002733,74.125.24.0-255,5738,179878,50,235622
16886,0.002737,172.31.46.0-255,66,179944,50,235622
16887,0.00274,74.125.24.0-255,1484,181428,50,235622
16888,0.00277,172.31.46.0-255,66,181494,50,235622
16889,0.002774,74.125.24.0-255,1484,182978,50,235622
16890,0.002808,74.125.24.0-255,7156,190134,50,235622
16891,0.002813,172.31.46.0-255,66,190200,50,235622
16892,0.002819,74.125.24.0-255,5020,195220,50,235622
16893,0.002821,172.31.46.0-255,66,195286,50,235622
16894,0.00289,74.125.24.0-255,1484,196770,50,235622
16895,0.002895,74.125.24.0-255,1484,198254,50,235622
16896,0.002898,172.31.46.0-255,66,198320,50,235622
16897,0.002924,74.125.24.0-255,1484,199804,50,235622
16898,0.002932,74.125.24.0-255,5738,205542,50,235622
16899,0.002935,172.31.46.0-255,66,205608,50,235622
16900,0.002939,74.125.24.0-255,2902,208510,50,235622
16901,0.002941,172.31.46.0-255,66,208576,50,235622
16902,0.002944,74.125.24.0-255,1484,210060,50,235622
16903,0.002983,172.31.46.0-255,66,210126,50,235622
16904,0.002995,172.31.46.0-255,66,210192,50,235622
16905,0.003027,74.125.24.0-255,766,210958,50,235622
16906,0.003031,74.125.24.0-255,1484,212442,50,235622
16907,0.003033,172.31.46.0-255,66,212508,50,235622
16908,0.003064,74.125.24.0-255,2902,215410,50,235622
16909,0.003068,172.31.46.0-255,66,215476,50,235622
16910,0.003074,74.125.24.0-255,5738,221214,50,235622
16911,0.003077,172.31.46.0-255,66,221280,50,235622
16912,0.003088,74.125.24.0-255,5738,227018,50,235622
16913,0.003091,172.31.46.0-255,66,227084,50,235622
16914,0.003125,74.125.24.0-255,1484,228568,50,235622
16915,0.003141,172.31.46.0-255,66,228634,50,235622
16916,0.003145,74.125.24.0-255,2184,230818,50,235622
16917,0.003148,172.31.46.0-255,66,230884,50,235622
16918,0.003224,172.31.46.0-255,66,230950,50,235622
16919,0.00326,74.125.24.0-255,105,231055,50,235622
16920,0.004397,172.31.46.0-255,66,231121,50,235622
16921,0.004422,172.31.46.0-255,105,231226,50,235622
16922,0.006615,74.125.24.0-255,66,231292,50,235622
16923,0.026901,172.31.46.0-255,172,231464,50,235622
16924,0.026933,172.31.46.0-255,1114,232578,50,235622
16925,0.0271,172.31.46.0-255,1514,234092,50,235622
16926,0.027103,172.31.46.0-255,1332,235424,50,235622
16927,0.028436,104.244.42.0-255,66,235490,50,235622
16928,0.028476,104.244.42.0-255,66,235556,50,235622
16929,0.028698,104.244.42.0-255,66,235622,50,235622
16930,0.0,172.217.194.0-255,153,153,50,298607
16931,1.5e-05,172.31.46.0-255,66,219,50,298607
16932,2.2e-05,172.217.194.0-255,1484,1703,50,298607
16933,2.6e-05,172.31.46.0-255,66,1769,50,298607
16934,3.2e-05,172.217.194.0-255,2902,4671,50,298607
16935,3.6e-05,172.31.46.0-255,66,4737,50,298607
16936,4.5e-05,172.217.194.0-255,7156,11893,50,298607
16937,4.7e-05,172.31.46.0-255,66,11959,50,298607
16938,6.5e-05,172.217.194.0-255,2050,14009,50,298607
16939,6.7e-05,172.31.46.0-255,66,14075,50,298607
16940,0.00012,172.217.194.0-255,1484,15559,50,298607
16941,0.000123,172.31.46.0-255,66,15625,50,298607
16942,0.000127,172.217.194.0-255,2902,18527,50,298607
16943,0.00013,172.31.46.0-255,66,18593,50,298607
16944,0.000135,172.217.194.0-255,2902,21495,50,298607
16945,0.000137,172.31.46.0-255,66,21561,50,298607
16946,0.000157,172.217.194.0-255,2902,24463,50,298607
16947,0.000161,172.31.46.0-255,66,24529,50,298607
16948,0.0002,172.217.194.0-255,2902,27431,50,298607
16949,0.000203,172.31.46.0-255,66,27497,50,298607
16950,0.000234,172.31.46.0-255,66,27563,50,298607
16951,0.000248,172.31.46.0-255,66,27629,50,298607
16952,0.00025,172.217.194.0-255,1125,28754,50,298607
16953,0.000253,172.31.46.0-255,66,28820,50,298607
16954,0.000489,172.217.194.0-255,1484,30304,50,298607
16955,0.000495,172.31.46.0-255,66,30370,50,298607
16956,0.0005,172.217.194.0-255,2902,33272,50,298607
16957,0.000504,172.31.46.0-255,66,33338,50,298607
16958,0.000511,172.217.194.0-255,5738,39076,50,298607
16959,0.000514,172.31.46.0-255,66,39142,50,298607
16960,0.000546,172.217.194.0-255,6797,45939,50,298607
16961,0.000549,172.31.46.0-255,66,46005,50,298607
16962,0.000552,172.217.194.0-255,382,46387,50,298607
16963,0.000794,172.217.194.0-255,365,46752,50,298607
16964,0.000996,172.217.194.0-255,1484,48236,50,298607
16965,0.001002,172.31.46.0-255,66,48302,50,298607
16966,0.001012,172.217.194.0-255,2902,51204,50,298607
16967,0.001015,172.31.46.0-255,66,51270,50,298607
16968,0.001019,172.217.194.0-255,2902,54172,50,298607
16969,0.001021,172.31.46.0-255,66,54238,50,298607
16970,0.00104,172.217.194.0-255,2902,57140,50,298607
16971,0.001042,172.31.46.0-255,66,57206,50,298607
16972,0.001069,172.217.194.0-255,4320,61526,50,298607
16973,0.001072,172.31.46.0-255,66,61592,50,298607
16974,0.001076,172.217.194.0-255,2543,64135,50,298607
16975,0.001078,172.31.46.0-255,66,64201,50,298607
16976,0.001099,172.217.194.0-255,2902,67103,50,298607
16977,0.001102,172.31.46.0-255,66,67169,50,298607
16978,0.001124,172.217.194.0-255,7156,74325,50,298607
16979,0.001127,172.31.46.0-255,66,74391,50,298607
16980,0.00113,172.217.194.0-255,1484,75875,50,298607
16981,0.001154,172.217.194.0-255,5379,81254,50,298607
16982,0.001156,172.31.46.0-255,66,81320,50,298607
16983,0.001287,172.217.194.0-255,1484,82804,50,298607
16984,0.001291,172.217.194.0-255,1484,84288,50,298607
16985,0.001294,172.31.46.0-255,66,84354,50,298607
16986,0.001315,172.217.194.0-255,1484,85838,50,298607
16987,0.001322,172.217.194.0-255,5738,91576,50,298607
16988,0.001324,172.31.46.0-255,66,91642,50,298607
16989,0.001358,172.31.46.0-255,66,91708,50,298607
16990,0.001361,172.217.194.0-255,1484,93192,50,298607
16991,0.001393,172.217.194.0-255,5738,98930,50,298607
16992,0.001396,172.31.46.0-255,66,98996,50,298607
16993,0.001411,172.217.194.0-255,3602,102598,50,298607
16994,0.001413,172.31.46.0-255,66,102664,50,298607
16995,0.001474,172.217.194.0-255,1484,104148,50,298607
16996,0.001494,172.217.194.0-255,2902,107050,50,298607
16997,0.001497,172.31.46.0-255,66,107116,50,298607
16998,0.001504,172.217.194.0-255,5738,112854,50,298607
16999,0.001506,172.31.46.0-255,66,112920,50,298607
17000,0.001513,172.217.194.0-255,7156,120076,50,298607
17001,0.001516,172.31.46.0-255,66,120142,50,298607
17002,0.001535,172.217.194.0-255,5738,125880,50,298607
17003,0.001537,172.31.46.0-255,66,125946,50,298607
17004,0.001549,172.31.46.0-255,66,126012,50,298607
17005,0.00157,172.217.194.0-255,766,126778,50,298607
17006,0.001591,172.217.194.0-255,1484,128262,50,298607
17007,0.001594,172.31.46.0-255,66,128328,50,298607
17008,0.001608,172.217.194.0-255,2902,131230,50,298607
17009,0.00161,172.31.46.0-255,66,131296,50,298607
17010,0.001627,172.217.194.0-255,5738,137034,50,298607
17011,0.00163,172.31.46.0-255,66,137100,50,298607
17012,0.001633,172.217.194.0-255,1484,138584,50,298607
17013,0.001664,172.31.46.0-255,66,138650,50,298607
17014,0.001696,172.217.194.0-255,5738,144388,50,298607
17015,0.001699,172.31.46.0-255,66,144454,50,298607
17016,0.001734,172.31.46.0-255,66,144520,50,298607
17017,0.001746,172.31.46.0-255,66,144586,50,298607
17018,0.001763,172.217.194.0-255,5738,150324,50,298607
17019,0.001765,172.31.46.0-255,66,150390,50,298607
17020,0.001777,172.31.46.0-255,66,150456,50,298607
17021,0.001808,172.217.194.0-255,2184,152640,50,298607
17022,0.001812,172.31.46.0-255,66,152706,50,298607
17023,0.001824,172.31.46.0-255,66,152772,50,298607
17024,0.001844,172.31.46.0-255,66,152838,50,298607
17025,0.00187,172.217.194.0-255,6438,159276,50,298607
17026,0.001874,172.31.46.0-255,66,159342,50,298607
17027,0.002221,172.217.194.0-255,1484,160826,50,298607
17028,0.002228,172.217.194.0-255,2902,163728,50,298607
17029,0.002232,172.31.46.0-255,66,163794,50,298607
17030,0.002238,172.217.194.0-255,2902,166696,50,298607
17031,0.002241,172.31.46.0-255,66,166762,50,298607
17032,0.002259,172.217.194.0-255,2902,169664,50,298607
17033,0.002262,172.31.46.0-255,66,169730,50,298607
17034,0.002269,172.217.194.0-255,5738,175468,50,298607
17035,0.002271,172.31.46.0-255,66,175534,50,298607
17036,0.002279,172.217.194.0-255,7156,182690,50,298607
17037,0.002281,172.31.46.0-255,66,182756,50,298607
17038,0.002362,172.217.194.0-255,1484,184240,50,298607
17039,0.002367,172.217.194.0-255,2902,187142,50,298607
17040,0.002371,172.217.194.0-255,2902,190044,50,298607
17041,0.002391,172.217.194.0-255,2902,192946,50,298607
17042,0.002393,172.217.194.0-255,1484,194430,50,298607
17043,0.002406,172.217.194.0-255,4320,198750,50,298607
17044,0.002428,172.217.194.0-255,4320,203070,50,298607
17045,0.002432,172.217.194.0-255,1484,204554,50,298607
17046,0.002438,172.217.194.0-255,5738,210292,50,298607
17047,0.002456,172.217.194.0-255,5738,216030,50,298607
17048,0.002458,172.217.194.0-255,766,216796,50,298607
17049,0.002461,172.217.194.0-255,1484,218280,50,298607
17050,0.002496,172.217.194.0-255,7156,225436,50,298607
17051,0.0025,172.217.194.0-255,1484,226920,50,298607
17052,0.002504,172.31.46.0-255,78,226998,50,298607
17053,0.00251,172.217.194.0-255,5738,232736,50,298607
17054,0.002514,172.217.194.0-255,1484,234220,50,298607
17055,0.002516,172.217.194.0-255,1484,235704,50,298607
17056,0.002519,172.217.194.0-255,1484,237188,50,298607
17057,0.002533,172.217.194.0-255,4320,241508,50,298607
17058,0.002556,172.217.194.0-255,4320,245828,50,298607
17059,0.00256,172.217.194.0-255,2902,248730,50,298607
17060,0.002576,172.217.194.0-255,2184,250914,50,298607
17061,0.002579,172.217.194.0-255,1484,252398,50,298607
17062,0.002594,172.217.194.0-255,1484,253882,50,298607
17063,0.002613,172.217.194.0-255,4320,258202,50,298607
17064,0.00263,172.217.194.0-255,5738,263940,50,298607
17065,0.002669,172.217.194.0-255,7156,271096,50,298607
17066,0.002684,172.217.194.0-255,4320,275416,50,298607
17067,0.002687,172.217.194.0-255,1484,276900,50,298607
17068,0.002701,172.217.194.0-255,5738,282638,50,298607
17069,0.002716,172.217.194.0-255,2184,284822,50,298607
17070,0.00274,172.217.194.0-255,2902,287724,50,298607
17071,0.002755,172.217.194.0-255,4320,292044,50,298607
17072,0.002766,172.217.194.0-255,1484,293528,50,298607
17073,0.002769,172.217.194.0-255,1241,294769,50,298607
17074,0.002806,172.217.194.0-255,105,294874,50,298607
17075,0.005917,172.31.46.0-255,66,294940,50,298607
17076,0.007119,172.31.46.0-255,101,295041,50,298607
17077,0.008607,172.31.46.0-255,105,295146,50,298607
17078,0.009443,172.217.194.0-255,66,295212,50,298607
17079,0.010966,172.217.194.0-255,66,295278,50,298607
17080,0.027722,172.31.46.0-255,172,295450,50,298607
17081,0.027757,172.31.46.0-255,1113,296563,50,298607
17082,0.027819,172.31.46.0-255,1514,298077,50,298607
17083,0.027821,172.31.46.0-255,332,298409,50,298607
17084,0.029266,104.244.42.0-255,66,298475,50,298607
17085,0.029296,104.244.42.0-255,66,298541,50,298607
17086,0.029405,104.244.42.0-255,66,298607,50,298607
17087,0.0,74.125.24.0-255,151,151,50,188072
17088,1.6e-05,172.31.46.0-255,66,217,50,188072
17089,2.3e-05,74.125.24.0-255,1484,1701,50,188072
17090,2.9e-05,172.31.46.0-255,66,1767,50,188072
17091,3.5e-05,74.125.24.0-255,2902,4669,50,188072
17092,4.5e-05,172.31.46.0-255,66,4735,50,188072
17093,5.2e-05,74.125.24.0-255,7156,11891,50,188072
17094,5.5e-05,172.31.46.0-255,66,11957,50,188072
17095,5.9e-05,74.125.24.0-255,1938,13895,50,188072
17096,6.1e-05,172.31.46.0-255,66,13961,50,188072
17097,7.4e-05,172.31.46.0-255,66,14027,50,188072
17098,0.000115,74.125.24.0-255,5379,19406,50,188072
17099,0.000118,172.31.46.0-255,66,19472,50,188072
17100,0.000172,74.125.24.0-255,1484,20956,50,188072
17101,0.000175,172.31.46.0-255,66,21022,50,188072
17102,0.00018,74.125.24.0-255,2902,23924,50,188072
17103,0.000182,172.31.46.0-255,66,23990,50,188072
17104,0.000188,74.125.24.0-255,5738,29728,50,188072
17105,0.000194,172.31.46.0-255,66,29794,50,188072
17106,0.00023,172.31.46.0-255,66,29860,50,188072
17107,0.000259,74.125.24.0-255,5379,35239,50,188072
17108,0.000262,172.31.46.0-255,66,35305,50,188072
17109,0.000277,172.31.46.0-255,66,35371,50,188072
17110,0.000281,74.125.24.0-255,114,35485,50,188072
17111,0.000283,172.31.46.0-255,66,35551,50,188072
17112,0.000378,74.125.24.0-255,1484,37035,50,188072
17113,0.000382,172.31.46.0-255,66,37101,50,188072
17114,0.000388,74.125.24.0-255,2902,40003,50,188072
17115,0.000391,172.31.46.0-255,66,40069,50,188072
17116,0.000419,74.125.24.0-255,4320,44389,50,188072
17117,0.000437,74.125.24.0-255,1484,45873,50,188072
17118,0.000455,74.125.24.0-255,6797,52670,50,188072
17119,0.000483,74.125.24.0-255,5738,58408,50,188072
17120,0.000503,74.125.24.0-255,1484,59892,50,188072
17121,0.000507,74.125.24.0-255,2902,62794,50,188072
17122,0.000547,74.125.24.0-255,7061,69855,50,188072
17123,0.000621,172.31.46.0-255,66,69921,50,188072
17124,0.000667,74.125.24.0-255,1484,71405,50,188072
17125,0.000671,74.125.24.0-255,1484,72889,50,188072
17126,0.000684,74.125.24.0-255,1484,74373,50,188072
17127,0.000688,74.125.24.0-255,2902,77275,50,188072
17128,0.000691,172.31.46.0-255,66,77341,50,188072
17129,0.000698,172.31.46.0-255,66,77407,50,188072
17130,0.000721,74.125.24.0-255,2902,80309,50,188072
17131,0.00073,74.125.24.0-255,2902,83211,50,188072
17132,0.000776,172.31.46.0-255,66,83277,50,188072
17133,0.000785,74.125.24.0-255,2184,85461,50,188072
17134,0.00079,172.31.46.0-255,66,85527,50,188072
17135,0.001208,74.125.24.0-255,1484,87011,50,188072
17136,0.001221,74.125.24.0-255,2902,89913,50,188072
17137,0.001225,172.31.46.0-255,66,89979,50,188072
17138,0.001232,74.125.24.0-255,4320,94299,50,188072
17139,0.001251,74.125.24.0-255,1484,95783,50,188072
17140,0.00127,74.125.24.0-255,7156,102939,50,188072
17141,0.001284,74.125.24.0-255,1484,104423,50,188072
17142,0.001293,172.31.46.0-255,66,104489,50,188072
17143,0.001318,74.125.24.0-255,2184,106673,50,188072
17144,0.001336,172.31.46.0-255,66,106739,50,188072
17145,0.001503,74.125.24.0-255,1484,108223,50,188072
17146,0.001524,74.125.24.0-255,2902,111125,50,188072
17147,0.001527,172.31.46.0-255,66,111191,50,188072
17148,0.001535,74.125.24.0-255,5738,116929,50,188072
17149,0.001541,74.125.24.0-255,5738,122667,50,188072
17150,0.001552,172.31.46.0-255,66,122733,50,188072
17151,0.001564,74.125.24.0-255,7156,129889,50,188072
17152,0.001574,74.125.24.0-255,5738,135627,50,188072
17153,0.00158,172.31.46.0-255,66,135693,50,188072
17154,0.001591,74.125.24.0-255,5020,140713,50,188072
17155,0.001597,74.125.24.0-255,5738,146451,50,188072
17156,0.001618,74.125.24.0-255,5738,152189,50,188072
17157,0.001661,74.125.24.0-255,5738,157927,50,188072
17158,0.001672,172.31.46.0-255,66,157993,50,188072
17159,0.001697,74.125.24.0-255,766,158759,50,188072
17160,0.001699,74.125.24.0-255,1484,160243,50,188072
17161,0.001704,74.125.24.0-255,4320,164563,50,188072
17162,0.001718,74.125.24.0-255,4320,168883,50,188072
17163,0.001722,172.31.46.0-255,66,168949,50,188072
17164,0.001731,74.125.24.0-255,2902,171851,50,188072
17165,0.001762,74.125.24.0-255,1484,173335,50,188072
17166,0.001789,74.125.24.0-255,1484,174819,50,188072
17167,0.001799,172.31.46.0-255,66,174885,50,188072
17168,0.001869,74.125.24.0-255,1484,176369,50,188072
17169,0.001873,172.31.46.0-255,66,176435,50,188072
17170,0.001956,172.31.46.0-255,66,176501,50,188072
17171,0.001991,74.125.24.0-255,5738,182239,50,188072
17172,0.002002,172.31.46.0-255,66,182305,50,188072
17173,0.002026,172.31.46.0-255,66,182371,50,188072
17174,0.002091,74.125.24.0-255,5293,187664,50,188072
17175,0.002146,172.31.46.0-255,66,187730,50,188072
17176,0.00417,74.125.24.0-255,105,187835,50,188072
17177,0.01102,172.31.46.0-255,66,187901,50,188072
17178,0.011062,172.31.46.0-255,105,188006,50,188072
17179,0.013117,74.125.24.0-255,66,188072,50,188072
17180,0.0,74.125.24.0-255,152,152,50,145515
17181,2.4e-05,172.31.46.0-255,66,218,50,145515
17182,3.1e-05,74.125.24.0-255,1484,1702,50,145515
17183,3.5e-05,172.31.46.0-255,66,1768,50,145515
17184,4.1e-05,74.125.24.0-255,2902,4670,50,145515
17185,4.6e-05,172.31.46.0-255,66,4736,50,145515
17186,7.6e-05,74.125.24.0-255,4320,9056,50,145515
17187,7.9e-05,172.31.46.0-255,66,9122,50,145515
17188,9.3e-05,74.125.24.0-255,2902,12024,50,145515
17189,9.6e-05,172.31.46.0-255,66,12090,50,145515
17190,0.000112,74.125.24.0-255,2112,14202,50,145515
17191,0.000115,172.31.46.0-255,66,14268,50,145515
17192,0.000147,74.125.24.0-255,1484,15752,50,145515
17193,0.00015,172.31.46.0-255,66,15818,50,145515
17194,0.00017,74.125.24.0-255,4320,20138,50,145515
17195,0.000172,172.31.46.0-255,66,20204,50,145515
17196,0.000184,172.31.46.0-255,66,20270,50,145515
17197,0.000205,74.125.24.0-255,2543,22813,50,145515
17198,0.000207,172.31.46.0-255,66,22879,50,145515
17199,0.001491,74.125.24.0-255,1484,24363,50,145515
17200,0.001498,172.31.46.0-255,66,24429,50,145515
17201,0.001507,74.125.24.0-255,2902,27331,50,145515
17202,0.00151,172.31.46.0-255,66,27397,50,145515
17203,0.001516,74.125.24.0-255,2902,30299,50,145515
17204,0.001518,172.31.46.0-255,66,30365,50,145515
17205,0.001535,74.125.24.0-255,2902,33267,50,145515
17206,0.001537,172.31.46.0-255,66,33333,50,145515
17207,0.001551,172.31.46.0-255,66,33399,50,145515
17208,0.001602,172.31.46.0-255,66,33465,50,145515
17209,0.001605,74.125.24.0-255,361,33826,50,145515
17210,0.001771,74.125.24.0-255,381,34207,50,145515
17211,0.001994,74.125.24.0-255,1484,35691,50,145515
17212,0.001996,172.31.46.0-255,66,35757,50,145515
17213,0.002,74.125.24.0-255,1484,37241,50,145515
17214,0.002017,74.125.24.0-255,1484,38725,50,145515
17215,0.002019,172.31.46.0-255,66,38791,50,145515
17216,0.002025,74.125.24.0-255,5738,44529,50,145515
17217,0.002028,172.31.46.0-255,66,44595,50,145515
17218,0.002046,74.125.24.0-255,5738,50333,50,145515
17219,0.002048,172.31.46.0-255,66,50399,50,145515
17220,0.002075,74.125.24.0-255,7156,57555,50,145515
17221,0.002077,172.31.46.0-255,66,57621,50,145515
17222,0.002097,74.125.24.0-255,4320,61941,50,145515
17223,0.0021,172.31.46.0-255,66,62007,50,145515
17224,0.00212,74.125.24.0-255,6438,68445,50,145515
17225,0.002123,172.31.46.0-255,66,68511,50,145515
17226,0.004392,74.125.24.0-255,5738,74249,50,145515
17227,0.004397,172.31.46.0-255,66,74315,50,145515
17228,0.006712,74.125.24.0-255,5738,80053,50,145515
17229,0.006718,172.31.46.0-255,66,80119,50,145515
17230,0.008997,74.125.24.0-255,5738,85857,50,145515
17231,0.009005,172.31.46.0-255,66,85923,50,145515
17232,0.011332,74.125.24.0-255,5738,91661,50,145515
17233,0.011343,172.31.46.0-255,66,91727,50,145515
17234,0.013657,74.125.24.0-255,5738,97465,50,145515
17235,0.013669,172.31.46.0-255,66,97531,50,145515
17236,0.015957,74.125.24.0-255,5738,103269,50,145515
17237,0.015966,172.31.46.0-255,66,103335,50,145515
17238,0.018264,74.125.24.0-255,5738,109073,50,145515
17239,0.018273,172.31.46.0-255,66,109139,50,145515
17240,0.020576,74.125.24.0-255,5738,114877,50,145515
17241,0.020584,172.31.46.0-255,66,114943,50,145515
17242,0.022873,74.125.24.0-255,5738,120681,50,145515
17243,0.022881,172.31.46.0-255,66,120747,50,145515
17244,0.025178,74.125.24.0-255,5738,126485,50,145515
17245,0.025186,172.31.46.0-255,66,126551,50,145515
17246,0.025211,172.31.46.0-255,188,126739,50,145515
17247,0.025239,172.31.46.0-255,954,127693,50,145515
17248,0.025355,172.31.46.0-255,1514,129207,50,145515
17249,0.025357,172.31.46.0-255,1514,130721,50,145515
17250,0.025359,172.31.46.0-255,1514,132235,50,145515
17251,0.02536,172.31.46.0-255,1234,133469,50,145515
17252,0.026777,104.244.42.0-255,66,133535,50,145515
17253,0.026802,104.244.42.0-255,66,133601,50,145515
17254,0.026944,104.244.42.0-255,66,133667,50,145515
17255,0.026948,104.244.42.0-255,66,133733,50,145515
17256,0.027462,74.125.24.0-255,5738,139471,50,145515
17257,0.027468,172.31.46.0-255,66,139537,50,145515
17258,0.029182,104.244.42.0-255,108,139645,50,145515
17259,0.02919,172.31.46.0-255,66,139711,50,145515
17260,0.029788,74.125.24.0-255,5738,145449,50,145515
17261,0.029793,172.31.46.0-255,66,145515,50,145515
17262,0.0,74.125.130.0-255,156,156,50,300328
17263,1.8e-05,172.31.46.0-255,66,222,50,300328
17264,2.5e-05,74.125.130.0-255,1484,1706,50,300328
17265,2.9e-05,172.31.46.0-255,66,1772,50,300328
17266,3.3e-05,74.125.130.0-255,2902,4674,50,300328
17267,4.3e-05,172.31.46.0-255,66,4740,50,300328
17268,4.8e-05,74.125.130.0-255,4320,9060,50,300328
17269,5.2e-05,172.31.46.0-255,66,9126,50,300328
17270,5.5e-05,74.125.130.0-255,1484,10610,50,300328
17271,5.7e-05,172.31.46.0-255,66,10676,50,300328
17272,8.9e-05,74.125.130.0-255,3528,14204,50,300328
17273,9.2e-05,172.31.46.0-255,66,14270,50,300328
17274,0.000183,74.125.130.0-255,1484,15754,50,300328
17275,0.000187,172.31.46.0-255,66,15820,50,300328
17276,0.00019,74.125.130.0-255,1484,17304,50,300328
17277,0.000192,172.31.46.0-255,66,17370,50,300328
17278,0.000197,74.125.130.0-255,2902,20272,50,300328
17279,0.000199,172.31.46.0-255,66,20338,50,300328
17280,0.00022,74.125.130.0-255,4320,24658,50,300328
17281,0.000222,172.31.46.0-255,66,24724,50,300328
17282,0.000241,74.125.130.0-255,1484,26208,50,300328
17283,0.000244,172.31.46.0-255,66,26274,50,300328
17284,0.000253,74.125.130.0-255,5379,31653,50,300328
17285,0.000256,172.31.46.0-255,66,31719,50,300328
17286,0.000284,74.125.130.0-255,4320,36039,50,300328
17287,0.000286,172.31.46.0-255,66,36105,50,300328
17288,0.000307,74.125.130.0-255,1484,37589,50,300328
17289,0.000309,172.31.46.0-255,66,37655,50,300328
17290,0.000313,74.125.130.0-255,2902,40557,50,300328
17291,0.000315,172.31.46.0-255,66,40623,50,300328
17292,0.000323,74.125.130.0-255,4320,44943,50,300328
17293,0.000325,172.31.46.0-255,66,45009,50,300328
17294,0.000346,74.125.130.0-255,3961,48970,50,300328
17295,0.000352,172.31.46.0-255,66,49036,50,300328
17296,0.00042,74.125.130.0-255,1484,50520,50,300328
17297,0.000439,74.125.130.0-255,2902,53422,50,300328
17298,0.000441,172.31.46.0-255,66,53488,50,300328
17299,0.000444,74.125.130.0-255,1484,54972,50,300328
17300,0.000463,74.125.130.0-255,2902,57874,50,300328
17301,0.000465,172.31.46.0-255,66,57940,50,300328
17302,0.000468,74.125.130.0-255,1484,59424,50,300328
17303,0.00049,74.125.130.0-255,4320,63744,50,300328
17304,0.000492,172.31.46.0-255,66,63810,50,300328
17305,0.000495,74.125.130.0-255,2543,66353,50,300328
17306,0.000497,172.31.46.0-255,66,66419,50,300328
17307,0.000599,74.125.130.0-255,363,66782,50,300328
17308,0.000649,74.125.130.0-255,1484,68266,50,300328
17309,0.000653,172.31.46.0-255,66,68332,50,300328
17310,0.000658,74.125.130.0-255,2902,71234,50,300328
17311,0.00066,172.31.46.0-255,66,71300,50,300328
17312,0.000694,74.125.130.0-255,5738,77038,50,300328
17313,0.000696,172.31.46.0-255,66,77104,50,300328
17314,0.000702,74.125.130.0-255,4320,81424,50,300328
17315,0.000704,172.31.46.0-255,66,81490,50,300328
17316,0.00072,74.125.130.0-255,2835,84325,50,300328
17317,0.000726,172.31.46.0-255,66,84391,50,300328
17318,0.000769,74.125.130.0-255,1484,85875,50,300328
17319,0.000789,74.125.130.0-255,2902,88777,50,300328
17320,0.000792,172.31.46.0-255,66,88843,50,300328
17321,0.000796,74.125.130.0-255,2902,91745,50,300328
17322,0.000798,172.31.46.0-255,66,91811,50,300328
17323,0.000846,74.125.130.0-255,4320,96131,50,300328
17324,0.000849,172.31.46.0-255,66,96197,50,300328
17325,0.000853,74.125.130.0-255,2902,99099,50,300328
17326,0.000855,172.31.46.0-255,66,99165,50,300328
17327,0.000877,74.125.130.0-255,2543,101708,50,300328
17328,0.000893,172.31.46.0-255,66,101774,50,300328
17329,0.001196,74.125.130.0-255,1484,103258,50,300328
17330,0.00121,74.125.130.0-255,1484,104742,50,300328
17331,0.001213,172.31.46.0-255,66,104808,50,300328
17332,0.001235,74.125.130.0-255,1484,106292,50,300328
17333,0.001241,74.125.130.0-255,5738,112030,50,300328
17334,0.001243,172.31.46.0-255,66,112096,50,300328
17335,0.001247,74.125.130.0-255,2902,114998,50,300328
17336,0.001249,172.31.46.0-255,66,115064,50,300328
17337,0.00128,74.125.130.0-255,4320,119384,50,300328
17338,0.001283,172.31.46.0-255,66,119450,50,300328
17339,0.001293,172.31.46.0-255,66,119516,50,300328
17340,0.001307,74.125.130.0-255,4320,123836,50,300328
17341,0.001309,172.31.46.0-255,66,123902,50,300328
17342,0.001329,74.125.130.0-255,3602,127504,50,300328
17343,0.001331,172.31.46.0-255,66,127570,50,300328
17344,0.00143,74.125.130.0-255,1484,129054,50,300328
17345,0.001446,74.125.130.0-255,2902,131956,50,300328
17346,0.001449,172.31.46.0-255,66,132022,50,300328
17347,0.001475,74.125.130.0-255,4320,136342,50,300328
17348,0.001478,172.31.46.0-255,66,136408,50,300328
17349,0.001502,74.125.130.0-255,5738,142146,50,300328
17350,0.001505,172.31.46.0-255,66,142212,50,300328
17351,0.001532,74.125.130.0-255,2902,145114,50,300328
17352,0.001534,172.31.46.0-255,66,145180,50,300328
17353,0.001539,74.125.130.0-255,4320,149500,50,300328
17354,0.00154,172.31.46.0-255,66,149566,50,300328
17355,0.001546,74.125.130.0-255,5738,155304,50,300328
17356,0.001552,172.31.46.0-255,66,155370,50,300328
17357,0.001582,74.125.130.0-255,6438,161808,50,300328
17358,0.001585,172.31.46.0-255,66,161874,50,300328
17359,0.001729,74.125.130.0-255,1484,163358,50,300328
17360,0.001744,74.125.130.0-255,2902,166260,50,300328
17361,0.001748,172.31.46.0-255,66,166326,50,300328
17362,0.001751,74.125.130.0-255,1484,167810,50,300328
17363,0.001771,74.125.130.0-255,1484,169294,50,300328
17364,0.001773,172.31.46.0-255,66,169360,50,300328
17365,0.001778,74.125.130.0-255,4320,173680,50,300328
17366,0.00178,172.31.46.0-255,66,173746,50,300328
17367,0.001799,74.125.130.0-255,4320,178066,50,300328
17368,0.001801,172.31.46.0-255,66,178132,50,300328
17369,0.00183,74.125.130.0-255,4320,182452,50,300328
17370,0.001832,172.31.46.0-255,66,182518,50,300328
17371,0.001835,74.125.130.0-255,1484,184002,50,300328
17372,0.001838,74.125.130.0-255,2902,186904,50,300328
17373,0.00184,172.31.46.0-255,66,186970,50,300328
17374,0.001866,74.125.130.0-255,5738,192708,50,300328
17375,0.001885,172.31.46.0-255,66,192774,50,300328
17376,0.001922,74.125.130.0-255,1484,194258,50,300328
17377,0.001939,74.125.130.0-255,2184,196442,50,300328
17378,0.001946,172.31.46.0-255,66,196508,50,300328
17379,0.002018,74.125.130.0-255,1484,197992,50,300328
17380,0.002034,74.125.130.0-255,2902,200894,50,300328
17381,0.002047,172.31.46.0-255,66,200960,50,300328
17382,0.002067,74.125.130.0-255,5738,206698,50,300328
17383,0.002069,172.31.46.0-255,66,206764,50,300328
17384,0.002094,74.125.130.0-255,7156,213920,50,300328
17385,0.002114,172.31.46.0-255,66,213986,50,300328
17386,0.002124,74.125.130.0-255,5738,219724,50,300328
17387,0.002144,74.125.130.0-255,7156,226880,50,300328
17388,0.002148,172.31.46.0-255,66,226946,50,300328
17389,0.002177,74.125.130.0-255,3602,230548,50,300328
17390,0.002183,172.31.46.0-255,66,230614,50,300328
17391,0.004421,74.125.130.0-255,1484,232098,50,300328
17392,0.004455,74.125.130.0-255,4320,236418,50,300328
17393,0.00446,172.31.46.0-255,66,236484,50,300328
17394,0.006751,74.125.130.0-255,5738,242222,50,300328
17395,0.006758,172.31.46.0-255,66,242288,50,300328
17396,0.009046,74.125.130.0-255,5738,248026,50,300328
17397,0.009053,172.31.46.0-255,66,248092,50,300328
17398,0.011353,74.125.130.0-255,5738,253830,50,300328
17399,0.011368,172.31.46.0-255,66,253896,50,300328
17400,0.013672,74.125.130.0-255,5738,259634,50,300328
17401,0.013691,172.31.46.0-255,66,259700,50,300328
17402,0.015988,74.125.130.0-255,5738,265438,50,300328
17403,0.016003,172.31.46.0-255,66,265504,50,300328
17404,0.018333,74.125.130.0-255,5738,271242,50,300328
17405,0.018343,172.31.46.0-255,66,271308,50,300328
17406,0.020634,74.125.130.0-255,5738,277046,50,300328
17407,0.020642,172.31.46.0-255,66,277112,50,300328
17408,0.022934,74.125.130.0-255,5738,282850,50,300328
17409,0.022942,172.31.46.0-255,66,282916,50,300328
17410,0.025235,74.125.130.0-255,5738,288654,50,300328
17411,0.025243,172.31.46.0-255,66,288720,50,300328
17412,0.027523,74.125.130.0-255,5738,294458,50,300328
17413,0.027529,172.31.46.0-255,66,294524,50,300328
17414,0.029815,74.125.130.0-255,5738,300262,50,300328
17415,0.029821,172.31.46.0-255,66,300328,50,300328
17416,0.0,172.31.46.0-255,105,105,50,276
17417,0.002066,157.240.13.0-255,105,210,50,276
17418,0.002078,172.31.46.0-255,66,276,50,276
17419,0.0,172.217.194.0-255,295,295,50,214777
17420,2.3e-05,172.31.46.0-255,66,361,50,214777
17421,2.9e-05,172.217.194.0-255,1484,1845,50,214777
17422,3.3e-05,172.31.46.0-255,66,1911,50,214777
17423,4.1e-05,172.217.194.0-255,4320,6231,50,214777
17424,5.1e-05,172.31.46.0-255,66,6297,50,214777
17425,6.4e-05,172.31.46.0-255,66,6363,50,214777
17426,7.8e-05,172.31.46.0-255,66,6429,50,214777
17427,0.000101,172.217.194.0-255,2543,8972,50,214777
17428,0.000103,172.31.46.0-255,66,9038,50,214777
17429,0.000273,172.217.194.0-255,1484,10522,50,214777
17430,0.000278,172.31.46.0-255,66,10588,50,214777
17431,0.000284,172.217.194.0-255,2902,13490,50,214777
17432,0.000287,172.31.46.0-255,66,13556,50,214777
17433,0.0003,172.217.194.0-255,5738,19294,50,214777
17434,0.000302,172.31.46.0-255,66,19360,50,214777
17435,0.000341,172.217.194.0-255,6797,26157,50,214777
17436,0.000344,172.31.46.0-255,66,26223,50,214777
17437,0.000634,172.217.194.0-255,1484,27707,50,214777
17438,0.000639,172.31.46.0-255,66,27773,50,214777
17439,0.000645,172.217.194.0-255,2902,30675,50,214777
17440,0.000647,172.31.46.0-255,66,30741,50,214777
17441,0.000653,172.217.194.0-255,5738,36479,50,214777
17442,0.000661,172.31.46.0-255,66,36545,50,214777
17443,0.000664,172.217.194.0-255,1484,38029,50,214777
17444,0.000666,172.31.46.0-255,66,38095,50,214777
17445,0.000704,172.217.194.0-255,5960,44055,50,214777
17446,0.000706,172.31.46.0-255,66,44121,50,214777
17447,0.000771,172.217.194.0-255,1484,45605,50,214777
17448,0.000774,172.31.46.0-255,66,45671,50,214777
17449,0.000781,172.217.194.0-255,2902,48573,50,214777
17450,0.000783,172.31.46.0-255,66,48639,50,214777
17451,0.000794,172.217.194.0-255,5738,54377,50,214777
17452,0.000796,172.31.46.0-255,66,54443,50,214777
17453,0.000801,172.217.194.0-255,2902,57345,50,214777
17454,0.000804,172.31.46.0-255,66,57411,50,214777
17455,0.000854,172.31.46.0-255,66,57477,50,214777
17456,0.00087,172.31.46.0-255,66,57543,50,214777
17457,0.000872,172.217.194.0-255,766,58309,50,214777
17458,0.001008,172.217.194.0-255,1484,59793,50,214777
17459,0.001014,172.31.46.0-255,66,59859,50,214777
17460,0.001024,172.217.194.0-255,2902,62761,50,214777
17461,0.001027,172.31.46.0-255,66,62827,50,214777
17462,0.00103,172.217.194.0-255,1484,64311,50,214777
17463,0.001058,172.217.194.0-255,4320,68631,50,214777
17464,0.00106,172.31.46.0-255,66,68697,50,214777
17465,0.001078,172.31.46.0-255,66,68763,50,214777
17466,0.001083,172.217.194.0-255,4320,73083,50,214777
17467,0.001086,172.31.46.0-255,66,73149,50,214777
17468,0.001113,172.217.194.0-255,6438,79587,50,214777
17469,0.00112,172.31.46.0-255,66,79653,50,214777
17470,0.001123,172.217.194.0-255,1484,81137,50,214777
17471,0.001128,172.217.194.0-255,2902,84039,50,214777
17472,0.00113,172.31.46.0-255,66,84105,50,214777
17473,0.001165,172.217.194.0-255,1484,85589,50,214777
17474,0.00119,172.217.194.0-255,4320,89909,50,214777
17475,0.001212,172.31.46.0-255,66,89975,50,214777
17476,0.001215,172.31.46.0-255,66,90041,50,214777
17477,0.001218,172.31.46.0-255,66,90107,50,214777
17478,0.00123,172.217.194.0-255,1484,91591,50,214777
17479,0.001233,172.217.194.0-255,766,92357,50,214777
17480,0.001235,172.31.46.0-255,66,92423,50,214777
17481,0.001332,172.217.194.0-255,1484,93907,50,214777
17482,0.001339,172.217.194.0-255,2902,96809,50,214777
17483,0.001343,172.31.46.0-255,66,96875,50,214777
17484,0.001348,172.217.194.0-255,2902,99777,50,214777
17485,0.00135,172.31.46.0-255,66,99843,50,214777
17486,0.00137,172.217.194.0-255,2902,102745,50,214777
17487,0.001373,172.31.46.0-255,66,102811,50,214777
17488,0.001384,172.31.46.0-255,66,102877,50,214777
17489,0.001422,172.217.194.0-255,4320,107197,50,214777
17490,0.001425,172.31.46.0-255,66,107263,50,214777
17491,0.001442,172.31.46.0-255,66,107329,50,214777
17492,0.0016,172.217.194.0-255,1484,108813,50,214777
17493,0.001605,172.217.194.0-255,2902,111715,50,214777
17494,0.001608,172.31.46.0-255,66,111781,50,214777
17495,0.001637,172.217.194.0-255,5738,117519,50,214777
17496,0.001639,172.31.46.0-255,66,117585,50,214777
17497,0.001648,172.31.46.0-255,66,117651,50,214777
17498,0.00168,172.31.46.0-255,66,117717,50,214777
17499,0.001683,172.217.194.0-255,1484,119201,50,214777
17500,0.001705,172.217.194.0-255,3602,122803,50,214777
17501,0.001708,172.31.46.0-255,66,122869,50,214777
17502,0.001846,172.217.194.0-255,1484,124353,50,214777
17503,0.001866,172.217.194.0-255,2902,127255,50,214777
17504,0.001869,172.31.46.0-255,66,127321,50,214777
17505,0.001876,172.217.194.0-255,5738,133059,50,214777
17506,0.001877,172.31.46.0-255,66,133125,50,214777
17507,0.001894,172.217.194.0-255,1484,134609,50,214777
17508,0.001934,172.31.46.0-255,66,134675,50,214777
17509,0.001944,172.31.46.0-255,66,134741,50,214777
17510,0.002236,172.217.194.0-255,1484,136225,50,214777
17511,0.002254,172.217.194.0-255,2902,139127,50,214777
17512,0.002256,172.217.194.0-255,1484,140611,50,214777
17513,0.002264,172.31.46.0-255,66,140677,50,214777
17514,0.00227,172.217.194.0-255,4320,144997,50,214777
17515,0.002272,172.31.46.0-255,66,145063,50,214777
17516,0.002304,172.31.46.0-255,66,145129,50,214777
17517,0.004554,172.217.194.0-255,5738,150867,50,214777
17518,0.00456,172.31.46.0-255,66,150933,50,214777
17519,0.006827,172.217.194.0-255,5738,156671,50,214777
17520,0.006836,172.31.46.0-255,66,156737,50,214777
17521,0.009118,172.217.194.0-255,5738,162475,50,214777
17522,0.009124,172.31.46.0-255,66,162541,50,214777
17523,0.011389,172.217.194.0-255,5738,168279,50,214777
17524,0.011397,172.31.46.0-255,66,168345,50,214777
17525,0.013673,172.217.194.0-255,5738,174083,50,214777
17526,0.013681,172.31.46.0-255,66,174149,50,214777
17527,0.015972,172.217.194.0-255,5738,179887,50,214777
17528,0.015978,172.31.46.0-255,66,179953,50,214777
17529,0.018252,172.217.194.0-255,5738,185691,50,214777
17530,0.018261,172.31.46.0-255,66,185757,50,214777
17531,0.020539,172.217.194.0-255,5738,191495,50,214777
17532,0.020547,172.31.46.0-255,66,191561,50,214777
17533,0.022832,172.217.194.0-255,5738,197299,50,214777
17534,0.02284,172.31.46.0-255,66,197365,50,214777
17535,0.025102,172.217.194.0-255,5738,203103,50,214777
17536,0.025109,172.31.46.0-255,66,203169,50,214777
17537,0.027437,172.217.194.0-255,5738,208907,50,214777
17538,0.027444,172.31.46.0-255,66,208973,50,214777
17539,0.029706,172.217.194.0-255,5738,214711,50,214777
17540,0.029712,172.31.46.0-255,66,214777,50,214777
17541,0.0,172.31.46.0-255,105,105,50,459
17542,0.000169,172.31.46.0-255,90,195,50,459
17543,0.000179,172.31.46.0-255,66,261,50,459
17544,0.002115,172.217.26.0-255,66,327,50,459
17545,0.002138,172.217.26.0-255,66,393,50,459
17546,0.002154,172.31.46.0-255,66,459,50,459
17547,0.0,74.125.68.0-255,147,147,50,214259
17548,2.9e-05,172.31.46.0-255,66,213,50,214259
17549,3.7e-05,74.125.68.0-255,1484,1697,50,214259
17550,4.2e-05,172.31.46.0-255,66,1763,50,214259
17551,5.5e-05,74.125.68.0-255,2902,4665,50,214259
17552,5.8e-05,172.31.46.0-255,66,4731,50,214259
17553,6.3e-05,74.125.68.0-255,2902,7633,50,214259
17554,6.7e-05,172.31.46.0-255,66,7699,50,214259
17555,7.4e-05,74.125.68.0-255,4320,12019,50,214259
17556,7.6e-05,172.31.46.0-255,66,12085,50,214259
17557,0.000109,74.125.68.0-255,7156,19241,50,214259
17558,0.000112,172.31.46.0-255,66,19307,50,214259
17559,0.000134,74.125.68.0-255,2024,21331,50,214259
17560,0.000137,172.31.46.0-255,66,21397,50,214259
17561,0.000149,172.31.46.0-255,66,21463,50,214259
17562,0.000202,74.125.68.0-255,1484,22947,50,214259
17563,0.000205,172.31.46.0-255,66,23013,50,214259
17564,0.00021,74.125.68.0-255,2902,25915,50,214259
17565,0.000212,172.31.46.0-255,66,25981,50,214259
17566,0.000237,74.125.68.0-255,2902,28883,50,214259
17567,0.000243,172.31.46.0-255,66,28949,50,214259
17568,0.000249,74.125.68.0-255,4320,33269,50,214259
17569,0.000252,172.31.46.0-255,66,33335,50,214259
17570,0.000282,74.125.68.0-255,2902,36237,50,214259
17571,0.000285,172.31.46.0-255,66,36303,50,214259
17572,0.000313,74.125.68.0-255,5738,42041,50,214259
17573,0.000316,172.31.46.0-255,66,42107,50,214259
17574,0.000328,172.31.46.0-255,66,42173,50,214259
17575,0.000334,74.125.68.0-255,3602,45775,50,214259
17576,0.000336,172.31.46.0-255,66,45841,50,214259
17577,0.000369,74.125.68.0-255,677,46518,50,214259
17578,0.000549,74.125.68.0-255,1484,48002,50,214259
17579,0.000554,172.31.46.0-255,66,48068,50,214259
17580,0.000561,74.125.68.0-255,2902,50970,50,214259
17581,0.000564,172.31.46.0-255,66,51036,50,214259
17582,0.000576,74.125.68.0-255,5738,56774,50,214259
17583,0.000579,172.31.46.0-255,66,56840,50,214259
17584,0.000584,74.125.68.0-255,2902,59742,50,214259
17585,0.000587,172.31.46.0-255,66,59808,50,214259
17586,0.00059,74.125.68.0-255,1484,61292,50,214259
17587,0.000623,74.125.68.0-255,2902,64194,50,214259
17588,0.000626,172.31.46.0-255,66,64260,50,214259
17589,0.000632,74.125.68.0-255,4320,68580,50,214259
17590,0.000634,172.31.46.0-255,66,68646,50,214259
17591,0.000671,74.125.68.0-255,4320,72966,50,214259
17592,0.000674,172.31.46.0-255,66,73032,50,214259
17593,0.00068,74.125.68.0-255,4320,77352,50,214259
17594,0.000683,172.31.46.0-255,66,77418,50,214259
17595,0.000709,74.125.68.0-255,3602,81020,50,214259
17596,0.000712,172.31.46.0-255,66,81086,50,214259
17597,0.000891,172.31.46.0-255,101,81187,50,214259
17598,0.001468,74.125.68.0-255,1484,82671,50,214259
17599,0.001492,74.125.68.0-255,2902,85573,50,214259
17600,0.001496,172.31.46.0-255,66,85639,50,214259
17601,0.001516,74.125.68.0-255,1484,87123,50,214259
17602,0.00153,74.125.68.0-255,2902,90025,50,214259
17603,0.001533,172.31.46.0-255,66,90091,50,214259
17604,0.00156,74.125.68.0-255,5738,95829,50,214259
17605,0.001563,172.31.46.0-255,66,95895,50,214259
17606,0.00157,74.125.68.0-255,5738,101633,50,214259
17607,0.001572,172.31.46.0-255,66,101699,50,214259
17608,0.0016,74.125.68.0-255,7156,108855,50,214259
17609,0.001603,172.31.46.0-255,66,108921,50,214259
17610,0.001608,74.125.68.0-255,2902,111823,50,214259
17611,0.00161,172.31.46.0-255,66,111889,50,214259
17612,0.001642,74.125.68.0-255,3602,115491,50,214259
17613,0.001645,172.31.46.0-255,66,115557,50,214259
17614,0.001922,74.125.68.0-255,1484,117041,50,214259
17615,0.001944,74.125.68.0-255,2902,119943,50,214259
17616,0.001947,172.31.46.0-255,66,120009,50,214259
17617,0.001954,74.125.68.0-255,5738,125747,50,214259
17618,0.001956,172.31.46.0-255,66,125813,50,214259
17619,0.001985,74.125.68.0-255,1484,127297,50,214259
17620,0.001999,74.125.68.0-255,2902,130199,50,214259
17621,0.002002,172.31.46.0-255,66,130265,50,214259
17622,0.002031,74.125.68.0-255,5738,136003,50,214259
17623,0.002033,172.31.46.0-255,66,136069,50,214259
17624,0.002045,172.31.46.0-255,66,136135,50,214259
17625,0.002048,74.125.68.0-255,1484,137619,50,214259
17626,0.002075,74.125.68.0-255,1484,139103,50,214259
17627,0.002078,172.31.46.0-255,66,139169,50,214259
17628,0.002859,74.125.68.0-255,66,139235,50,214259
17629,0.004052,74.125.68.0-255,2902,142137,50,214259
17630,0.004064,172.31.46.0-255,66,142203,50,214259
17631,0.004096,74.125.68.0-255,2902,145105,50,214259
17632,0.004099,172.31.46.0-255,66,145171,50,214259
17633,0.006068,74.125.68.0-255,2902,148073,50,214259
17634,0.006073,172.31.46.0-255,66,148139,50,214259
17635,0.006105,74.125.68.0-255,2902,151041,50,214259
17636,0.006107,172.31.46.0-255,66,151107,50,214259
17637,0.00806,74.125.68.0-255,2902,154009,50,214259
17638,0.008066,172.31.46.0-255,66,154075,50,214259
17639,0.008093,74.125.68.0-255,2902,156977,50,214259
17640,0.008097,172.31.46.0-255,66,157043,50,214259
17641,0.01007,74.125.68.0-255,2902,159945,50,214259
17642,0.010084,172.31.46.0-255,66,160011,50,214259
17643,0.010116,74.125.68.0-255,2902,162913,50,214259
17644,0.010119,172.31.46.0-255,66,162979,50,214259
17645,0.012092,74.125.68.0-255,2902,165881,50,214259
17646,0.012104,172.31.46.0-255,66,165947,50,214259
17647,0.012135,74.125.68.0-255,2902,168849,50,214259
17648,0.012138,172.31.46.0-255,66,168915,50,214259
17649,0.014108,74.125.68.0-255,2902,171817,50,214259
17650,0.01412,172.31.46.0-255,66,171883,50,214259
17651,0.014188,74.125.68.0-255,2902,174785,50,214259
17652,0.014192,172.31.46.0-255,66,174851,50,214259
17653,0.016151,74.125.68.0-255,2902,177753,50,214259
17654,0.016168,172.31.46.0-255,66,177819,50,214259
17655,0.016206,74.125.68.0-255,2902,180721,50,214259
17656,0.01621,172.31.46.0-255,66,180787,50,214259
17657,0.018198,74.125.68.0-255,4320,185107,50,214259
17658,0.018214,172.31.46.0-255,66,185173,50,214259
17659,0.018251,74.125.68.0-255,1484,186657,50,214259
17660,0.020234,74.125.68.0-255,4320,190977,50,214259
17661,0.020246,172.31.46.0-255,66,191043,50,214259
17662,0.022262,74.125.68.0-255,5738,196781,50,214259
17663,0.02227,172.31.46.0-255,66,196847,50,214259
17664,0.024286,74.125.68.0-255,5738,202585,50,214259
17665,0.024298,172.31.46.0-255,66,202651,50,214259
17666,0.026305,74.125.68.0-255,5738,208389,50,214259
17667,0.026317,172.31.46.0-255,66,208455,50,214259
17668,0.028336,74.125.68.0-255,5738,214193,50,214259
17669,0.028352,172.31.46.0-255,66,214259,50,214259
17670,0.0,172.217.194.0-255,294,294,50,196415
17671,1.8e-05,172.31.46.0-255,66,360,50,196415
17672,2.4e-05,172.217.194.0-255,1484,1844,50,196415
17673,2.9e-05,172.31.46.0-255,66,1910,50,196415
17674,3.6e-05,172.217.194.0-255,4320,6230,50,196415
17675,4e-05,172.31.46.0-255,66,6296,50,196415
17676,5.3e-05,172.31.46.0-255,66,6362,50,196415
17677,7.8e-05,172.217.194.0-255,348,6710,50,196415
17678,8e-05,172.31.46.0-255,66,6776,50,196415
17679,8.9e-05,172.217.194.0-255,7156,13932,50,196415
17680,9.2e-05,172.31.46.0-255,66,13998,50,196415
17681,0.000125,172.31.46.0-255,66,14064,50,196415
17682,0.000128,172.217.194.0-255,1484,15548,50,196415
17683,0.00013,172.31.46.0-255,66,15614,50,196415
17684,0.000135,172.217.194.0-255,2902,18516,50,196415
17685,0.000137,172.31.46.0-255,66,18582,50,196415
17686,0.000144,172.217.194.0-255,5738,24320,50,196415
17687,0.000146,172.31.46.0-255,66,24386,50,196415
17688,0.000159,172.31.46.0-255,66,24452,50,196415
17689,0.000178,172.217.194.0-255,1484,25936,50,196415
17690,0.000181,172.31.46.0-255,66,26002,50,196415
17691,0.000193,172.31.46.0-255,66,26068,50,196415
17692,0.000215,172.217.194.0-255,1484,27552,50,196415
17693,0.000218,172.31.46.0-255,66,27618,50,196415
17694,0.00022,172.217.194.0-255,1048,28666,50,196415
17695,0.000222,172.31.46.0-255,66,28732,50,196415
17696,0.000225,172.217.194.0-255,428,29160,50,196415
17697,0.000227,172.31.46.0-255,66,29226,50,196415
17698,0.000606,172.217.194.0-255,1484,30710,50,196415
17699,0.000614,172.217.194.0-255,2902,33612,50,196415
17700,0.000618,172.31.46.0-255,66,33678,50,196415
17701,0.000625,172.217.194.0-255,4320,37998,50,196415
17702,0.000628,172.31.46.0-255,66,38064,50,196415
17703,0.000654,172.217.194.0-255,1484,39548,50,196415
17704,0.00067,172.31.46.0-255,66,39614,50,196415
17705,0.000676,172.217.194.0-255,5738,45352,50,196415
17706,0.000679,172.31.46.0-255,66,45418,50,196415
17707,0.000708,172.217.194.0-255,5020,50438,50,196415
17708,0.000713,172.31.46.0-255,66,50504,50,196415
17709,0.001076,172.217.194.0-255,1484,51988,50,196415
17710,0.001083,172.217.194.0-255,2902,54890,50,196415
17711,0.001088,172.31.46.0-255,66,54956,50,196415
17712,0.001097,172.217.194.0-255,5738,60694,50,196415
17713,0.001099,172.31.46.0-255,66,60760,50,196415
17714,0.001141,172.31.46.0-255,66,60826,50,196415
17715,0.001159,172.217.194.0-255,1484,62310,50,196415
17716,0.001173,172.31.46.0-255,66,62376,50,196415
17717,0.002189,172.217.194.0-255,1484,63860,50,196415
17718,0.002197,172.217.194.0-255,2902,66762,50,196415
17719,0.002202,172.31.46.0-255,66,66828,50,196415
17720,0.002209,172.217.194.0-255,5738,72566,50,196415
17721,0.002211,172.31.46.0-255,66,72632,50,196415
17722,0.002231,172.217.194.0-255,5738,78370,50,196415
17723,0.002233,172.31.46.0-255,66,78436,50,196415
17724,0.002263,172.217.194.0-255,7156,85592,50,196415
17725,0.002265,172.31.46.0-255,66,85658,50,196415
17726,0.002272,172.217.194.0-255,7156,92814,50,196415
17727,0.002274,172.31.46.0-255,66,92880,50,196415
17728,0.002316,172.217.194.0-255,5020,97900,50,196415
17729,0.002319,172.31.46.0-255,66,97966,50,196415
17730,0.002324,172.217.194.0-255,5738,103704,50,196415
17731,0.002326,172.31.46.0-255,66,103770,50,196415
17732,0.002337,172.31.46.0-255,66,103836,50,196415
17733,0.002365,172.217.194.0-255,1484,105320,50,196415
17734,0.002379,172.31.46.0-255,66,105386,50,196415
17735,0.0024,172.31.46.0-255,66,105452,50,196415
17736,0.00241,172.217.194.0-255,1484,106936,50,196415
17737,0.002415,172.217.194.0-255,4320,111256,50,196415
17738,0.002417,172.31.46.0-255,66,111322,50,196415
17739,0.002436,172.217.194.0-255,7156,118478,50,196415
17740,0.002439,172.31.46.0-255,66,118544,50,196415
17741,0.002443,172.217.194.0-255,2902,121446,50,196415
17742,0.002445,172.31.46.0-255,66,121512,50,196415
17743,0.002473,172.31.46.0-255,66,121578,50,196415
17744,0.002493,172.217.194.0-255,4320,125898,50,196415
17745,0.002499,172.31.46.0-255,66,125964,50,196415
17746,0.002526,172.31.46.0-255,66,126030,50,196415
17747,0.002543,172.31.46.0-255,66,126096,50,196415
17748,0.002557,172.217.194.0-255,1484,127580,50,196415
17749,0.002564,172.217.194.0-255,6438,134018,50,196415
17750,0.002566,172.31.46.0-255,66,134084,50,196415
17751,0.005063,172.217.194.0-255,5738,139822,50,196415
17752,0.00507,172.31.46.0-255,66,139888,50,196415
17753,0.007611,172.217.194.0-255,5738,145626,50,196415
17754,0.007621,172.31.46.0-255,66,145692,50,196415
17755,0.010137,172.217.194.0-255,5738,151430,50,196415
17756,0.010144,172.31.46.0-255,66,151496,50,196415
17757,0.012645,172.217.194.0-255,5738,157234,50,196415
17758,0.012655,172.31.46.0-255,66,157300,50,196415
17759,0.015196,172.217.194.0-255,5738,163038,50,196415
17760,0.015208,172.31.46.0-255,66,163104,50,196415
17761,0.017714,172.217.194.0-255,5738,168842,50,196415
17762,0.017729,172.31.46.0-255,66,168908,50,196415
17763,0.020274,172.217.194.0-255,5738,174646,50,196415
17764,0.020284,172.31.46.0-255,66,174712,50,196415
17765,0.022839,172.217.194.0-255,5738,180450,50,196415
17766,0.022846,172.31.46.0-255,66,180516,50,196415
17767,0.023044,172.31.46.0-255,172,180688,50,196415
17768,0.023074,172.31.46.0-255,1108,181796,50,196415
17769,0.023132,172.31.46.0-255,1514,183310,50,196415
17770,0.023133,172.31.46.0-255,1299,184609,50,196415
17771,0.024608,104.244.42.0-255,66,184675,50,196415
17772,0.024644,104.244.42.0-255,66,184741,50,196415
17773,0.024681,104.244.42.0-255,66,184807,50,196415
17774,0.025367,172.217.194.0-255,5738,190545,50,196415
17775,0.025373,172.31.46.0-255,66,190611,50,196415
17776,0.027904,172.217.194.0-255,5738,196349,50,196415
17777,0.027911,172.31.46.0-255,66,196415,50,196415
17778,0.0,74.125.24.0-255,152,152,50,196917
17779,2.2e-05,172.31.46.0-255,66,218,50,196917
17780,2.8e-05,74.125.24.0-255,1484,1702,50,196917
17781,3.3e-05,172.31.46.0-255,66,1768,50,196917
17782,3.8e-05,74.125.24.0-255,2902,4670,50,196917
17783,4.1e-05,172.31.46.0-255,66,4736,50,196917
17784,4.9e-05,74.125.24.0-255,7156,11892,50,196917
17785,5.2e-05,172.31.46.0-255,66,11958,50,196917
17786,8e-05,74.125.24.0-255,1932,13890,50,196917
17787,8.2e-05,172.31.46.0-255,66,13956,50,196917
17788,0.000352,74.125.24.0-255,1484,15440,50,196917
17789,0.000357,172.31.46.0-255,66,15506,50,196917
17790,0.000373,74.125.24.0-255,2902,18408,50,196917
17791,0.000376,172.31.46.0-255,66,18474,50,196917
17792,0.000382,74.125.24.0-255,5738,24212,50,196917
17793,0.000384,172.31.46.0-255,66,24278,50,196917
17794,0.000417,74.125.24.0-255,2902,27180,50,196917
17795,0.00042,172.31.46.0-255,66,27246,50,196917
17796,0.000439,74.125.24.0-255,3961,31207,50,196917
17797,0.000442,172.31.46.0-255,66,31273,50,196917
17798,0.000448,74.125.24.0-255,7156,38429,50,196917
17799,0.00045,172.31.46.0-255,66,38495,50,196917
17800,0.000488,172.31.46.0-255,66,38561,50,196917
17801,0.00052,74.125.24.0-255,4320,42881,50,196917
17802,0.000523,172.31.46.0-255,66,42947,50,196917
17803,0.000534,74.125.24.0-255,2902,45849,50,196917
17804,0.000537,172.31.46.0-255,66,45915,50,196917
17805,0.000547,172.31.46.0-255,66,45981,50,196917
17806,0.000573,74.125.24.0-255,1439,47420,50,196917
17807,0.000575,172.31.46.0-255,66,47486,50,196917
17808,0.000659,74.125.24.0-255,109,47595,50,196917
17809,0.000682,74.125.24.0-255,332,47927,50,196917
17810,0.000834,74.125.24.0-255,1484,49411,50,196917
17811,0.000837,172.31.46.0-255,66,49477,50,196917
17812,0.000843,74.125.24.0-255,2902,52379,50,196917
17813,0.000844,172.31.46.0-255,66,52445,50,196917
17814,0.00085,74.125.24.0-255,5738,58183,50,196917
17815,0.000852,172.31.46.0-255,66,58249,50,196917
17816,0.000863,172.31.46.0-255,66,58315,50,196917
17817,0.000882,74.125.24.0-255,1484,59799,50,196917
17818,0.000894,172.31.46.0-255,66,59865,50,196917
17819,0.001365,74.125.24.0-255,1484,61349,50,196917
17820,0.001373,74.125.24.0-255,2902,64251,50,196917
17821,0.001377,172.31.46.0-255,66,64317,50,196917
17822,0.001384,74.125.24.0-255,4320,68637,50,196917
17823,0.001386,172.31.46.0-255,66,68703,50,196917
17824,0.001399,74.125.24.0-255,1484,70187,50,196917
17825,0.001407,74.125.24.0-255,7156,77343,50,196917
17826,0.001408,172.31.46.0-255,66,77409,50,196917
17827,0.001429,74.125.24.0-255,5738,83147,50,196917
17828,0.001431,172.31.46.0-255,66,83213,50,196917
17829,0.001463,172.31.46.0-255,66,83279,50,196917
17830,0.001483,74.125.24.0-255,766,84045,50,196917
17831,0.001875,74.125.24.0-255,1484,85529,50,196917
17832,0.001881,172.31.46.0-255,66,85595,50,196917
17833,0.001886,74.125.24.0-255,2902,88497,50,196917
17834,0.001888,172.31.46.0-255,66,88563,50,196917
17835,0.001894,74.125.24.0-255,5738,94301,50,196917
17836,0.001896,172.31.46.0-255,66,94367,50,196917
17837,0.001928,172.31.46.0-255,66,94433,50,196917
17838,0.001946,74.125.24.0-255,4320,98753,50,196917
17839,0.001949,172.31.46.0-255,66,98819,50,196917
17840,0.001955,74.125.24.0-255,7156,105975,50,196917
17841,0.001957,172.31.46.0-255,66,106041,50,196917
17842,0.001978,74.125.24.0-255,3602,109643,50,196917
17843,0.001981,172.31.46.0-255,66,109709,50,196917
17844,0.002049,74.125.24.0-255,1484,111193,50,196917
17845,0.002063,74.125.24.0-255,2902,114095,50,196917
17846,0.002066,172.31.46.0-255,66,114161,50,196917
17847,0.002069,74.125.24.0-255,1484,115645,50,196917
17848,0.002086,74.125.24.0-255,4320,119965,50,196917
17849,0.002089,172.31.46.0-255,66,120031,50,196917
17850,0.002093,74.125.24.0-255,4320,124351,50,196917
17851,0.002095,172.31.46.0-255,66,124417,50,196917
17852,0.002098,74.125.24.0-255,1484,125901,50,196917
17853,0.002128,172.31.46.0-255,66,125967,50,196917
17854,0.002148,74.125.24.0-255,5738,131705,50,196917
17855,0.00215,172.31.46.0-255,66,131771,50,196917
17856,0.002165,74.125.24.0-255,2184,133955,50,196917
17857,0.002167,172.31.46.0-255,66,134021,50,196917
17858,0.004681,74.125.24.0-255,2902,136923,50,196917
17859,0.004687,172.31.46.0-255,66,136989,50,196917
17860,0.0047,74.125.24.0-255,1484,138473,50,196917
17861,0.004725,74.125.24.0-255,1484,139957,50,196917
17862,0.004727,172.31.46.0-255,66,140023,50,196917
17863,0.004968,172.31.46.0-255,101,140124,50,196917
17864,0.007241,74.125.24.0-255,2902,143026,50,196917
17865,0.007247,172.31.46.0-255,66,143092,50,196917
17866,0.007294,74.125.24.0-255,2902,145994,50,196917
17867,0.007297,172.31.46.0-255,66,146060,50,196917
17868,0.00746,74.125.24.0-255,66,146126,50,196917
17869,0.009826,74.125.24.0-255,5738,151864,50,196917
17870,0.009834,172.31.46.0-255,66,151930,50,196917
17871,0.012408,74.125.24.0-255,5738,157668,50,196917
17872,0.012418,172.31.46.0-255,66,157734,50,196917
17873,0.014972,74.125.24.0-255,5738,163472,50,196917
17874,0.014982,172.31.46.0-255,66,163538,50,196917
17875,0.017553,74.125.24.0-255,5738,169276,50,196917
17876,0.017561,172.31.46.0-255,66,169342,50,196917
17877,0.020123,74.125.24.0-255,5738,175080,50,196917
17878,0.020132,172.31.46.0-255,66,175146,50,196917
17879,0.022702,74.125.24.0-255,5738,180884,50,196917
17880,0.022711,172.31.46.0-255,66,180950,50,196917
17881,0.02406,172.31.46.0-255,172,181122,50,196917
17882,0.024087,172.31.46.0-255,1108,182230,50,196917
17883,0.024139,172.31.46.0-255,1514,183744,50,196917
17884,0.02414,172.31.46.0-255,1301,185045,50,196917
17885,0.025248,74.125.24.0-255,5738,190783,50,196917
17886,0.025256,172.31.46.0-255,66,190849,50,196917
17887,0.025622,104.244.42.0-255,66,190915,50,196917
17888,0.025631,104.244.42.0-255,66,190981,50,196917
17889,0.025718,104.244.42.0-255,66,191047,50,196917
17890,0.027794,74.125.24.0-255,4320,195367,50,196917
17891,0.0278,172.31.46.0-255,66,195433,50,196917
17892,0.027817,74.125.24.0-255,1484,196917,50,196917
17893,0.0,172.217.194.0-255,153,153,50,183130
17894,2.6e-05,172.31.46.0-255,66,219,50,183130
17895,3.3e-05,172.217.194.0-255,1484,1703,50,183130
17896,3.8e-05,172.31.46.0-255,66,1769,50,183130
17897,4.3e-05,172.217.194.0-255,2902,4671,50,183130
17898,4.6e-05,172.31.46.0-255,66,4737,50,183130
17899,5.7e-05,172.217.194.0-255,7156,11893,50,183130
17900,6.2e-05,172.31.46.0-255,66,11959,50,183130
17901,6.6e-05,172.217.194.0-255,2059,14018,50,183130
17902,6.9e-05,172.31.46.0-255,66,14084,50,183130
17903,0.000255,172.217.194.0-255,1484,15568,50,183130
17904,0.000259,172.31.46.0-255,66,15634,50,183130
17905,0.000266,172.217.194.0-255,2902,18536,50,183130
17906,0.000269,172.31.46.0-255,66,18602,50,183130
17907,0.000275,172.217.194.0-255,5738,24340,50,183130
17908,0.000277,172.31.46.0-255,66,24406,50,183130
17909,0.000305,172.217.194.0-255,6797,31203,50,183130
17910,0.000307,172.31.46.0-255,66,31269,50,183130
17911,0.000354,172.217.194.0-255,4320,35589,50,183130
17912,0.000356,172.31.46.0-255,66,35655,50,183130
17913,0.000377,172.217.194.0-255,5738,41393,50,183130
17914,0.00038,172.31.46.0-255,66,41459,50,183130
17915,0.000399,172.217.194.0-255,2902,44361,50,183130
17916,0.000402,172.31.46.0-255,66,44427,50,183130
17917,0.000437,172.217.194.0-255,3961,48388,50,183130
17918,0.00044,172.31.46.0-255,66,48454,50,183130
17919,0.001242,172.217.194.0-255,1484,49938,50,183130
17920,0.001249,172.31.46.0-255,66,50004,50,183130
17921,0.001258,172.217.194.0-255,2902,52906,50,183130
17922,0.00126,172.31.46.0-255,66,52972,50,183130
17923,0.001267,172.217.194.0-255,5738,58710,50,183130
17924,0.001269,172.31.46.0-255,66,58776,50,183130
17925,0.001314,172.217.194.0-255,5738,64514,50,183130
17926,0.001316,172.31.46.0-255,66,64580,50,183130
17927,0.001328,172.217.194.0-255,1707,66287,50,183130
17928,0.00133,172.31.46.0-255,66,66353,50,183130
17929,0.001363,172.217.194.0-255,4320,70673,50,183130
17930,0.001365,172.31.46.0-255,66,70739,50,183130
17931,0.001371,172.217.194.0-255,4320,75059,50,183130
17932,0.001372,172.31.46.0-255,66,75125,50,183130
17933,0.001386,172.217.194.0-255,1484,76609,50,183130
17934,0.001408,172.31.46.0-255,66,76675,50,183130
17935,0.001423,172.217.194.0-255,3961,80636,50,183130
17936,0.001426,172.31.46.0-255,66,80702,50,183130
17937,0.001438,172.31.46.0-255,66,80768,50,183130
17938,0.001544,172.217.194.0-255,1484,82252,50,183130
17939,0.001552,172.217.194.0-255,2902,85154,50,183130
17940,0.001555,172.31.46.0-255,66,85220,50,183130
17941,0.001575,172.217.194.0-255,5738,90958,50,183130
17942,0.001577,172.31.46.0-255,66,91024,50,183130
17943,0.001611,172.31.46.0-255,66,91090,50,183130
17944,0.001615,172.217.194.0-255,2902,93992,50,183130
17945,0.001617,172.31.46.0-255,66,94058,50,183130
17946,0.001645,172.31.46.0-255,66,94124,50,183130
17947,0.001744,172.217.194.0-255,1484,95608,50,183130
17948,0.001751,172.217.194.0-255,2902,98510,50,183130
17949,0.001755,172.31.46.0-255,66,98576,50,183130
17950,0.00176,172.217.194.0-255,2902,101478,50,183130
17951,0.001762,172.31.46.0-255,66,101544,50,183130
17952,0.001779,172.217.194.0-255,2902,104446,50,183130
17953,0.001782,172.31.46.0-255,66,104512,50,183130
17954,0.001786,172.217.194.0-255,1484,105996,50,183130
17955,0.001819,172.31.46.0-255,66,106062,50,183130
17956,0.001824,172.217.194.0-255,2902,108964,50,183130
17957,0.001826,172.31.46.0-255,66,109030,50,183130
17958,0.001897,172.217.194.0-255,5020,114050,50,183130
17959,0.002043,172.217.194.0-255,1484,115534,50,183130
17960,0.00205,172.217.194.0-255,2902,118436,50,183130
17961,0.002062,172.217.194.0-255,4320,122756,50,183130
17962,0.002083,172.217.194.0-255,1484,124240,50,183130
17963,0.002087,172.217.194.0-255,2902,127142,50,183130
17964,0.0021,172.217.194.0-255,2902,130044,50,183130
17965,0.002125,172.217.194.0-255,7156,137200,50,183130
17966,0.002131,172.217.194.0-255,4320,141520,50,183130
17967,0.002156,172.217.194.0-255,6438,147958,50,183130
17968,0.002207,172.217.194.0-255,1484,149442,50,183130
17969,0.002213,172.217.194.0-255,2902,152344,50,183130
17970,0.002264,172.217.194.0-255,5738,158082,50,183130
17971,0.002357,172.217.194.0-255,5020,163102,50,183130
17972,0.00238,172.217.194.0-255,5020,168122,50,183130
17973,0.002394,172.217.194.0-255,2902,171024,50,183130
17974,0.002528,172.217.194.0-255,5738,176762,50,183130
17975,0.002585,172.217.194.0-255,6026,182788,50,183130
17976,0.002588,172.217.194.0-255,105,182893,50,183130
17977,0.004406,172.31.46.0-255,66,182959,50,183130
17978,0.009647,172.31.46.0-255,105,183064,50,183130
17979,0.012226,172.217.194.0-255,66,183130,50,183130
17980,0.0,74.125.200.0-255,290,290,50,301777
17981,2.1e-05,172.31.46.0-255,66,356,50,301777
17982,2.7e-05,74.125.200.0-255,1484,1840,50,301777
17983,3.2e-05,172.31.46.0-255,66,1906,50,301777
17984,4.5e-05,74.125.200.0-255,4320,6226,50,301777
17985,4.9e-05,172.31.46.0-255,66,6292,50,301777
17986,5.5e-05,74.125.200.0-255,5738,12030,50,301777
17987,5.8e-05,172.31.46.0-255,66,12096,50,301777
17988,8.8e-05,74.125.200.0-255,1875,13971,50,301777
17989,9.1e-05,172.31.46.0-255,66,14037,50,301777
17990,0.000147,74.125.200.0-255,1484,15521,50,301777
17991,0.000151,172.31.46.0-255,66,15587,50,301777
17992,0.000163,74.125.200.0-255,2902,18489,50,301777
17993,0.000169,172.31.46.0-255,66,18555,50,301777
17994,0.000173,74.125.200.0-255,2902,21457,50,301777
17995,0.000176,172.31.46.0-255,66,21523,50,301777
17996,0.000197,74.125.200.0-255,4320,25843,50,301777
17997,0.000199,172.31.46.0-255,66,25909,50,301777
17998,0.000217,74.125.200.0-255,1484,27393,50,301777
17999,0.000219,172.31.46.0-255,66,27459,50,301777
18000,0.000247,74.125.200.0-255,6797,34256,50,301777
18001,0.000249,172.31.46.0-255,66,34322,50,301777
18002,0.000256,74.125.200.0-255,7156,41478,50,301777
18003,0.000258,172.31.46.0-255,66,41544,50,301777
18004,0.000293,74.125.200.0-255,1484,43028,50,301777
18005,0.000295,172.31.46.0-255,66,43094,50,301777
18006,0.000301,74.125.200.0-255,5379,48473,50,301777
18007,0.000303,172.31.46.0-255,66,48539,50,301777
18008,0.000336,74.125.200.0-255,1484,50023,50,301777
18009,0.000338,172.31.46.0-255,66,50089,50,301777
18010,0.000342,74.125.200.0-255,2902,52991,50,301777
18011,0.000344,172.31.46.0-255,66,53057,50,301777
18012,0.000372,74.125.200.0-255,5738,58795,50,301777
18013,0.000375,172.31.46.0-255,66,58861,50,301777
18014,0.00038,74.125.200.0-255,5738,64599,50,301777
18015,0.000382,172.31.46.0-255,66,64665,50,301777
18016,0.00042,74.125.200.0-255,1714,66379,50,301777
18017,0.000422,172.31.46.0-255,66,66445,50,301777
18018,0.000629,74.125.200.0-255,1484,67929,50,301777
18019,0.000649,74.125.200.0-255,2902,70831,50,301777
18020,0.000654,172.31.46.0-255,66,70897,50,301777
18021,0.00066,74.125.200.0-255,4320,75217,50,301777
18022,0.000663,172.31.46.0-255,66,75283,50,301777
18023,0.000685,74.125.200.0-255,1484,76767,50,301777
18024,0.00069,74.125.200.0-255,2902,79669,50,301777
18025,0.000697,172.31.46.0-255,66,79735,50,301777
18026,0.000732,172.31.46.0-255,66,79801,50,301777
18027,0.000751,172.31.46.0-255,66,79867,50,301777
18028,0.000906,74.125.200.0-255,1484,81351,50,301777
18029,0.000912,74.125.200.0-255,2902,84253,50,301777
18030,0.000915,172.31.46.0-255,66,84319,50,301777
18031,0.000942,74.125.200.0-255,5738,90057,50,301777
18032,0.000945,172.31.46.0-255,66,90123,50,301777
18033,0.000949,74.125.200.0-255,2902,93025,50,301777
18034,0.000952,172.31.46.0-255,66,93091,50,301777
18035,0.000955,74.125.200.0-255,1484,94575,50,301777
18036,0.000988,74.125.200.0-255,2902,97477,50,301777
18037,0.001001,74.125.200.0-255,5738,103215,50,301777
18038,0.001005,172.31.46.0-255,66,103281,50,301777
18039,0.001008,172.31.46.0-255,66,103347,50,301777
18040,0.001012,172.31.46.0-255,66,103413,50,301777
18041,0.001049,74.125.200.0-255,2184,105597,50,301777
18042,0.001052,172.31.46.0-255,66,105663,50,301777
18043,0.001078,74.125.200.0-255,2902,108565,50,301777
18044,0.001081,172.31.46.0-255,66,108631,50,301777
18045,0.001084,74.125.200.0-255,1484,110115,50,301777
18046,0.001103,74.125.200.0-255,5738,115853,50,301777
18047,0.001106,172.31.46.0-255,66,115919,50,301777
18048,0.001111,74.125.200.0-255,2902,118821,50,301777
18049,0.001114,172.31.46.0-255,66,118887,50,301777
18050,0.00115,74.125.200.0-255,5738,124625,50,301777
18051,0.001153,172.31.46.0-255,66,124691,50,301777
18052,0.001164,172.31.46.0-255,66,124757,50,301777
18053,0.001186,74.125.200.0-255,5738,130495,50,301777
18054,0.001189,172.31.46.0-255,66,130561,50,301777
18055,0.001192,74.125.200.0-255,766,131327,50,301777
18056,0.001212,74.125.200.0-255,1484,132811,50,301777
18057,0.001214,172.31.46.0-255,66,132877,50,301777
18058,0.001218,74.125.200.0-255,1484,134361,50,301777
18059,0.001261,74.125.200.0-255,2902,137263,50,301777
18060,0.001265,172.31.46.0-255,66,137329,50,301777
18061,0.001274,74.125.200.0-255,7156,144485,50,301777
18062,0.001276,172.31.46.0-255,66,144551,50,301777
18063,0.001287,172.31.46.0-255,66,144617,50,301777
18064,0.00136,172.31.46.0-255,66,144683,50,301777
18065,0.001474,74.125.200.0-255,1484,146167,50,301777
18066,0.001503,74.125.200.0-255,2902,149069,50,301777
18067,0.001507,172.31.46.0-255,66,149135,50,301777
18068,0.001513,74.125.200.0-255,4320,153455,50,301777
18069,0.001516,172.31.46.0-255,66,153521,50,301777
18070,0.001545,172.31.46.0-255,66,153587,50,301777
18071,0.001548,74.125.200.0-255,1484,155071,50,301777
18072,0.001577,74.125.200.0-255,7156,162227,50,301777
18073,0.00158,172.31.46.0-255,66,162293,50,301777
18074,0.001615,172.31.46.0-255,66,162359,50,301777
18075,0.001649,74.125.200.0-255,1484,163843,50,301777
18076,0.001661,74.125.200.0-255,2902,166745,50,301777
18077,0.001664,172.31.46.0-255,66,166811,50,301777
18078,0.001691,74.125.200.0-255,5738,172549,50,301777
18079,0.001694,172.31.46.0-255,66,172615,50,301777
18080,0.001697,74.125.200.0-255,1484,174099,50,301777
18081,0.001733,74.125.200.0-255,7156,181255,50,301777
18082,0.001735,172.31.46.0-255,66,181321,50,301777
18083,0.00175,172.31.46.0-255,66,181387,50,301777
18084,0.001755,74.125.200.0-255,2902,184289,50,301777
18085,0.001756,172.31.46.0-255,66,184355,50,301777
18086,0.00178,74.125.200.0-255,3602,187957,50,301777
18087,0.001782,172.31.46.0-255,66,188023,50,301777
18088,0.001792,74.125.200.0-255,7156,195179,50,301777
18089,0.001795,172.31.46.0-255,66,195245,50,301777
18090,0.001834,172.31.46.0-255,66,195311,50,301777
18091,0.001871,74.125.200.0-255,5738,201049,50,301777
18092,0.001874,172.31.46.0-255,66,201115,50,301777
18093,0.001903,74.125.200.0-255,5020,206135,50,301777
18094,0.001905,172.31.46.0-255,66,206201,50,301777
18095,0.00205,74.125.200.0-255,1484,207685,50,301777
18096,0.00206,74.125.200.0-255,1484,209169,50,301777
18097,0.002063,172.31.46.0-255,66,209235,50,301777
18098,0.00209,74.125.200.0-255,2902,212137,50,301777
18099,0.002092,172.31.46.0-255,66,212203,50,301777
18100,0.002097,74.125.200.0-255,4320,216523,50,301777
18101,0.002099,172.31.46.0-255,66,216589,50,301777
18102,0.002129,74.125.200.0-255,1484,218073,50,301777
18103,0.002137,74.125.200.0-255,7156,225229,50,301777
18104,0.002139,172.31.46.0-255,66,225295,50,301777
18105,0.002149,172.31.46.0-255,66,225361,50,301777
18106,0.002168,74.125.200.0-255,2902,228263,50,301777
18107,0.00217,172.31.46.0-255,66,228329,50,301777
18108,0.002195,74.125.200.0-255,3602,231931,50,301777
18109,0.002197,172.31.46.0-255,66,231997,50,301777
18110,0.004445,74.125.200.0-255,1484,233481,50,301777
18111,0.004478,74.125.200.0-255,4320,237801,50,301777
18112,0.004483,172.31.46.0-255,66,237867,50,301777
18113,0.006759,74.125.200.0-255,1484,239351,50,301777
18114,0.006781,74.125.200.0-255,4320,243671,50,301777
18115,0.006784,172.31.46.0-255,66,243737,50,301777
18116,0.009068,74.125.200.0-255,5738,249475,50,301777
18117,0.009075,172.31.46.0-255,66,249541,50,301777
18118,0.011359,74.125.200.0-255,5738,255279,50,301777
18119,0.011366,172.31.46.0-255,66,255345,50,301777
18120,0.013658,74.125.200.0-255,5738,261083,50,301777
18121,0.013665,172.31.46.0-255,66,261149,50,301777
18122,0.015969,74.125.200.0-255,5738,266887,50,301777
18123,0.015975,172.31.46.0-255,66,266953,50,301777
18124,0.018265,74.125.200.0-255,5738,272691,50,301777
18125,0.018277,172.31.46.0-255,66,272757,50,301777
18126,0.020566,74.125.200.0-255,5738,278495,50,301777
18127,0.020573,172.31.46.0-255,66,278561,50,301777
18128,0.022862,74.125.200.0-255,5738,284299,50,301777
18129,0.022871,172.31.46.0-255,66,284365,50,301777
18130,0.025156,74.125.200.0-255,5738,290103,50,301777
18131,0.025162,172.31.46.0-255,66,290169,50,301777
18132,0.027452,74.125.200.0-255,5738,295907,50,301777
18133,0.02746,172.31.46.0-255,66,295973,50,301777
18134,0.029751,74.125.200.0-255,5738,301711,50,301777
18135,0.029757,172.31.46.0-255,66,301777,50,301777
18136,0.0,74.125.68.0-255,152,152,50,339154
18137,2.5e-05,172.31.46.0-255,66,218,50,339154
18138,3.3e-05,74.125.68.0-255,1484,1702,50,339154
18139,3.7e-05,172.31.46.0-255,66,1768,50,339154
18140,4.3e-05,74.125.68.0-255,2902,4670,50,339154
18141,4.7e-05,172.31.46.0-255,66,4736,50,339154
18142,7.3e-05,74.125.68.0-255,5738,10474,50,339154
18143,7.7e-05,172.31.46.0-255,66,10540,50,339154
18144,0.000125,74.125.68.0-255,6298,16838,50,339154
18145,0.000128,172.31.46.0-255,66,16904,50,339154
18146,0.000131,74.125.68.0-255,1484,18388,50,339154
18147,0.000133,172.31.46.0-255,66,18454,50,339154
18148,0.000162,74.125.68.0-255,4320,22774,50,339154
18149,0.000164,172.31.46.0-255,66,22840,50,339154
18150,0.000185,74.125.68.0-255,5738,28578,50,339154
18151,0.000187,172.31.46.0-255,66,28644,50,339154
18152,0.000217,74.125.68.0-255,2543,31187,50,339154
18153,0.00022,172.31.46.0-255,66,31253,50,339154
18154,0.000324,74.125.68.0-255,1484,32737,50,339154
18155,0.000327,172.31.46.0-255,66,32803,50,339154
18156,0.000346,74.125.68.0-255,1484,34287,50,339154
18157,0.000348,172.31.46.0-255,66,34353,50,339154
18158,0.000366,74.125.68.0-255,1484,35837,50,339154
18159,0.000368,172.31.46.0-255,66,35903,50,339154
18160,0.000374,74.125.68.0-255,5738,41641,50,339154
18161,0.000377,172.31.46.0-255,66,41707,50,339154
18162,0.000399,74.125.68.0-255,2902,44609,50,339154
18163,0.000401,172.31.46.0-255,66,44675,50,339154
18164,0.000433,74.125.68.0-255,3961,48636,50,339154
18165,0.000438,172.31.46.0-255,66,48702,50,339154
18166,0.000441,74.125.68.0-255,1484,50186,50,339154
18167,0.000443,172.31.46.0-255,66,50252,50,339154
18168,0.000449,74.125.68.0-255,2902,53154,50,339154
18169,0.000451,172.31.46.0-255,66,53220,50,339154
18170,0.000477,74.125.68.0-255,5738,58958,50,339154
18171,0.000479,172.31.46.0-255,66,59024,50,339154
18172,0.000482,74.125.68.0-255,1484,60508,50,339154
18173,0.000488,74.125.68.0-255,2902,63410,50,339154
18174,0.00049,172.31.46.0-255,66,63476,50,339154
18175,0.000521,74.125.68.0-255,2816,66292,50,339154
18176,0.000523,172.31.46.0-255,66,66358,50,339154
18177,0.000559,74.125.68.0-255,126,66484,50,339154
18178,0.000644,74.125.68.0-255,1484,67968,50,339154
18179,0.000649,172.31.46.0-255,66,68034,50,339154
18180,0.000661,74.125.68.0-255,1484,69518,50,339154
18181,0.000676,74.125.68.0-255,1484,71002,50,339154
18182,0.000679,172.31.46.0-255,66,71068,50,339154
18183,0.000682,74.125.68.0-255,1484,72552,50,339154
18184,0.000699,74.125.68.0-255,5738,78290,50,339154
18185,0.000702,172.31.46.0-255,66,78356,50,339154
18186,0.00074,74.125.68.0-255,5738,84094,50,339154
18187,0.000744,172.31.46.0-255,66,84160,50,339154
18188,0.000767,74.125.68.0-255,7156,91316,50,339154
18189,0.00077,172.31.46.0-255,66,91382,50,339154
18190,0.000773,74.125.68.0-255,1484,92866,50,339154
18191,0.000788,74.125.68.0-255,1484,94350,50,339154
18192,0.000791,172.31.46.0-255,66,94416,50,339154
18193,0.000797,74.125.68.0-255,2902,97318,50,339154
18194,0.000799,172.31.46.0-255,66,97384,50,339154
18195,0.00081,74.125.68.0-255,1484,98868,50,339154
18196,0.000829,74.125.68.0-255,2184,101052,50,339154
18197,0.000832,172.31.46.0-255,66,101118,50,339154
18198,0.001003,74.125.68.0-255,1484,102602,50,339154
18199,0.001009,74.125.68.0-255,2902,105504,50,339154
18200,0.001013,172.31.46.0-255,66,105570,50,339154
18201,0.001032,74.125.68.0-255,1484,107054,50,339154
18202,0.001035,74.125.68.0-255,1484,108538,50,339154
18203,0.001042,172.31.46.0-255,66,108604,50,339154
18204,0.001051,74.125.68.0-255,1484,110088,50,339154
18205,0.001075,74.125.68.0-255,5738,115826,50,339154
18206,0.001078,172.31.46.0-255,66,115892,50,339154
18207,0.001081,74.125.68.0-255,1484,117376,50,339154
18208,0.001119,74.125.68.0-255,5738,123114,50,339154
18209,0.001122,172.31.46.0-255,66,123180,50,339154
18210,0.001142,74.125.68.0-255,2902,126082,50,339154
18211,0.001145,172.31.46.0-255,66,126148,50,339154
18212,0.001149,74.125.68.0-255,2902,129050,50,339154
18213,0.001152,172.31.46.0-255,66,129116,50,339154
18214,0.001158,74.125.68.0-255,4320,133436,50,339154
18215,0.00116,172.31.46.0-255,66,133502,50,339154
18216,0.001183,74.125.68.0-255,2184,135686,50,339154
18217,0.001185,172.31.46.0-255,66,135752,50,339154
18218,0.00148,74.125.68.0-255,1484,137236,50,339154
18219,0.001503,74.125.68.0-255,2902,140138,50,339154
18220,0.001507,172.31.46.0-255,66,140204,50,339154
18221,0.001514,74.125.68.0-255,5738,145942,50,339154
18222,0.001516,172.31.46.0-255,66,146008,50,339154
18223,0.001547,172.31.46.0-255,66,146074,50,339154
18224,0.001565,74.125.68.0-255,1484,147558,50,339154
18225,0.001572,74.125.68.0-255,7156,154714,50,339154
18226,0.001575,172.31.46.0-255,66,154780,50,339154
18227,0.001599,74.125.68.0-255,4320,159100,50,339154
18228,0.001603,172.31.46.0-255,66,159166,50,339154
18229,0.001607,74.125.68.0-255,2184,161350,50,339154
18230,0.001609,172.31.46.0-255,66,161416,50,339154
18231,0.001613,74.125.68.0-255,2902,164318,50,339154
18232,0.001616,172.31.46.0-255,66,164384,50,339154
18233,0.00162,74.125.68.0-255,2902,167286,50,339154
18234,0.001622,172.31.46.0-255,66,167352,50,339154
18235,0.001649,74.125.68.0-255,4320,171672,50,339154
18236,0.001652,172.31.46.0-255,66,171738,50,339154
18237,0.001659,74.125.68.0-255,7156,178894,50,339154
18238,0.001661,172.31.46.0-255,66,178960,50,339154
18239,0.001671,172.31.46.0-255,66,179026,50,339154
18240,0.001726,172.31.46.0-255,66,179092,50,339154
18241,0.001754,74.125.68.0-255,1484,180576,50,339154
18242,0.001759,74.125.68.0-255,2902,183478,50,339154
18243,0.001761,172.31.46.0-255,66,183544,50,339154
18244,0.001792,74.125.68.0-255,5738,189282,50,339154
18245,0.001796,172.31.46.0-255,66,189348,50,339154
18246,0.0018,74.125.68.0-255,2902,192250,50,339154
18247,0.001802,172.31.46.0-255,66,192316,50,339154
18248,0.001832,74.125.68.0-255,4320,196636,50,339154
18249,0.001835,172.31.46.0-255,66,196702,50,339154
18250,0.001858,74.125.68.0-255,5738,202440,50,339154
18251,0.001861,172.31.46.0-255,66,202506,50,339154
18252,0.001863,74.125.68.0-255,1484,203990,50,339154
18253,0.00191,74.125.68.0-255,4320,208310,50,339154
18254,0.001913,172.31.46.0-255,66,208376,50,339154
18255,0.001929,74.125.68.0-255,5020,213396,50,339154
18256,0.001932,172.31.46.0-255,66,213462,50,339154
18257,0.001964,74.125.68.0-255,1484,214946,50,339154
18258,0.001982,74.125.68.0-255,2902,217848,50,339154
18259,0.001986,172.31.46.0-255,66,217914,50,339154
18260,0.001988,74.125.68.0-255,1484,219398,50,339154
18261,0.002003,74.125.68.0-255,2902,222300,50,339154
18262,0.002007,172.31.46.0-255,66,222366,50,339154
18263,0.002026,74.125.68.0-255,4320,226686,50,339154
18264,0.00203,172.31.46.0-255,66,226752,50,339154
18265,0.002051,74.125.68.0-255,1484,228236,50,339154
18266,0.002058,74.125.68.0-255,7156,235392,50,339154
18267,0.00206,172.31.46.0-255,66,235458,50,339154
18268,0.002089,74.125.68.0-255,5738,241196,50,339154
18269,0.002092,172.31.46.0-255,66,241262,50,339154
18270,0.002112,74.125.68.0-255,2902,244164,50,339154
18271,0.002114,172.31.46.0-255,66,244230,50,339154
18272,0.002117,74.125.68.0-255,1484,245714,50,339154
18273,0.002148,74.125.68.0-255,2902,248616,50,339154
18274,0.00215,172.31.46.0-255,66,248682,50,339154
18275,0.002169,74.125.68.0-255,5020,253702,50,339154
18276,0.002172,172.31.46.0-255,66,253768,50,339154
18277,0.002183,172.31.46.0-255,66,253834,50,339154
18278,0.002202,74.125.68.0-255,4320,258154,50,339154
18279,0.002204,172.31.46.0-255,66,258220,50,339154
18280,0.002229,74.125.68.0-255,5738,263958,50,339154
18281,0.002232,172.31.46.0-255,66,264024,50,339154
18282,0.002271,172.31.46.0-255,66,264090,50,339154
18283,0.002284,74.125.68.0-255,766,264856,50,339154
18284,0.002288,74.125.68.0-255,1484,266340,50,339154
18285,0.00229,172.31.46.0-255,66,266406,50,339154
18286,0.00233,172.31.46.0-255,66,266472,50,339154
18287,0.002334,74.125.68.0-255,1484,267956,50,339154
18288,0.002336,74.125.68.0-255,1484,269440,50,339154
18289,0.002338,172.31.46.0-255,66,269506,50,339154
18290,0.004592,74.125.68.0-255,5738,275244,50,339154
18291,0.004603,172.31.46.0-255,66,275310,50,339154
18292,0.006868,74.125.68.0-255,5738,281048,50,339154
18293,0.006872,172.31.46.0-255,66,281114,50,339154
18294,0.009145,74.125.68.0-255,5738,286852,50,339154
18295,0.009152,172.31.46.0-255,66,286918,50,339154
18296,0.011434,74.125.68.0-255,5738,292656,50,339154
18297,0.011445,172.31.46.0-255,66,292722,50,339154
18298,0.013716,74.125.68.0-255,5738,298460,50,339154
18299,0.013726,172.31.46.0-255,66,298526,50,339154
18300,0.016011,74.125.68.0-255,5738,304264,50,339154
18301,0.016022,172.31.46.0-255,66,304330,50,339154
18302,0.018301,74.125.68.0-255,5738,310068,50,339154
18303,0.018312,172.31.46.0-255,66,310134,50,339154
18304,0.020597,74.125.68.0-255,5738,315872,50,339154
18305,0.020605,172.31.46.0-255,66,315938,50,339154
18306,0.022876,74.125.68.0-255,5738,321676,50,339154
18307,0.022883,172.31.46.0-255,66,321742,50,339154
18308,0.02519,74.125.68.0-255,5738,327480,50,339154
18309,0.025197,172.31.46.0-255,66,327546,50,339154
18310,0.02747,74.125.68.0-255,5738,333284,50,339154
18311,0.02748,172.31.46.0-255,66,333350,50,339154
18312,0.029756,74.125.68.0-255,5738,339088,50,339154
18313,0.029765,172.31.46.0-255,66,339154,50,339154
18314,0.0,172.217.194.0-255,149,149,50,194115
18315,1.6e-05,172.31.46.0-255,66,215,50,194115
18316,2.3e-05,172.217.194.0-255,1484,1699,50,194115
18317,2.8e-05,172.31.46.0-255,66,1765,50,194115
18318,3.4e-05,172.217.194.0-255,2902,4667,50,194115
18319,3.7e-05,172.31.46.0-255,66,4733,50,194115
18320,4.4e-05,172.217.194.0-255,7156,11889,50,194115
18321,4.7e-05,172.31.46.0-255,66,11955,50,194115
18322,9.7e-05,172.217.194.0-255,2090,14045,50,194115
18323,0.0001,172.31.46.0-255,66,14111,50,194115
18324,0.000187,172.217.194.0-255,1484,15595,50,194115
18325,0.000191,172.31.46.0-255,66,15661,50,194115
18326,0.000197,172.217.194.0-255,2902,18563,50,194115
18327,0.0002,172.31.46.0-255,66,18629,50,194115
18328,0.000228,172.217.194.0-255,5738,24367,50,194115
18329,0.000231,172.31.46.0-255,66,24433,50,194115
18330,0.000268,172.217.194.0-255,5738,30171,50,194115
18331,0.00027,172.31.46.0-255,66,30237,50,194115
18332,0.000318,172.217.194.0-255,5738,35975,50,194115
18333,0.000321,172.31.46.0-255,66,36041,50,194115
18334,0.000346,172.31.46.0-255,66,36107,50,194115
18335,0.000425,172.217.194.0-255,3961,40068,50,194115
18336,0.000429,172.31.46.0-255,66,40134,50,194115
18337,0.000971,172.217.194.0-255,1484,41618,50,194115
18338,0.000978,172.31.46.0-255,66,41684,50,194115
18339,0.000987,172.217.194.0-255,2902,44586,50,194115
18340,0.00099,172.31.46.0-255,66,44652,50,194115
18341,0.000997,172.217.194.0-255,5738,50390,50,194115
18342,0.000999,172.31.46.0-255,66,50456,50,194115
18343,0.001052,172.217.194.0-255,5738,56194,50,194115
18344,0.001055,172.31.46.0-255,66,56260,50,194115
18345,0.001074,172.217.194.0-255,1706,57966,50,194115
18346,0.001105,172.217.194.0-255,2902,60868,50,194115
18347,0.001126,172.217.194.0-255,5738,66606,50,194115
18348,0.001238,172.217.194.0-255,7156,73762,50,194115
18349,0.001323,172.217.194.0-255,7156,80918,50,194115
18350,0.001336,172.217.194.0-255,766,81684,50,194115
18351,0.001421,172.217.194.0-255,1484,83168,50,194115
18352,0.001427,172.217.194.0-255,2902,86070,50,194115
18353,0.001443,172.217.194.0-255,1484,87554,50,194115
18354,0.001455,172.217.194.0-255,4320,91874,50,194115
18355,0.001507,172.217.194.0-255,1484,93358,50,194115
18356,0.001611,172.217.194.0-255,7156,100514,50,194115
18357,0.001666,172.217.194.0-255,3602,104116,50,194115
18358,0.001696,172.217.194.0-255,4320,108436,50,194115
18359,0.001808,172.217.194.0-255,4320,112756,50,194115
18360,0.001925,172.31.46.0-255,66,112822,50,194115
18361,0.002014,172.31.46.0-255,66,112888,50,194115
18362,0.002054,172.217.194.0-255,2902,115790,50,194115
18363,0.002067,172.31.46.0-255,66,115856,50,194115
18364,0.002113,172.31.46.0-255,66,115922,50,194115
18365,0.002276,172.217.194.0-255,4320,120242,50,194115
18366,0.002288,172.31.46.0-255,66,120308,50,194115
18367,0.002333,172.31.46.0-255,66,120374,50,194115
18368,0.002492,172.217.194.0-255,5738,126112,50,194115
18369,0.002499,172.31.46.0-255,66,126178,50,194115
18370,0.002508,172.217.194.0-255,2184,128362,50,194115
18371,0.002525,172.31.46.0-255,66,128428,50,194115
18372,0.004681,172.217.194.0-255,2902,131330,50,194115
18373,0.004687,172.31.46.0-255,66,131396,50,194115
18374,0.00473,172.217.194.0-255,1484,132880,50,194115
18375,0.004747,172.217.194.0-255,1484,134364,50,194115
18376,0.005906,172.31.46.0-255,66,134430,50,194115
18377,0.006887,172.217.194.0-255,2902,137332,50,194115
18378,0.006891,172.31.46.0-255,66,137398,50,194115
18379,0.008087,172.217.194.0-255,2902,140300,50,194115
18380,0.008093,172.31.46.0-255,66,140366,50,194115
18381,0.009072,172.217.194.0-255,2902,143268,50,194115
18382,0.009079,172.31.46.0-255,66,143334,50,194115
18383,0.01029,172.217.194.0-255,2902,146236,50,194115
18384,0.011292,172.217.194.0-255,2902,149138,50,194115
18385,0.013979,172.31.46.0-255,66,149204,50,194115
18386,0.016188,172.217.194.0-255,5738,154942,50,194115
18387,0.016201,172.31.46.0-255,66,155008,50,194115
18388,0.018419,172.217.194.0-255,5738,160746,50,194115
18389,0.018431,172.31.46.0-255,66,160812,50,194115
18390,0.020643,172.217.194.0-255,5738,166550,50,194115
18391,0.020652,172.31.46.0-255,66,166616,50,194115
18392,0.022844,172.217.194.0-255,5738,172354,50,194115
18393,0.022851,172.31.46.0-255,66,172420,50,194115
18394,0.025059,172.217.194.0-255,5738,178158,50,194115
18395,0.025068,172.31.46.0-255,66,178224,50,194115
18396,0.026961,172.31.46.0-255,164,178388,50,194115
18397,0.02699,172.31.46.0-255,1122,179510,50,194115
18398,0.027041,172.31.46.0-255,1514,181024,50,194115
18399,0.027043,172.31.46.0-255,1285,182309,50,194115
18400,0.027265,172.217.194.0-255,5738,188047,50,194115
18401,0.027271,172.31.46.0-255,66,188113,50,194115
18402,0.028482,104.244.42.0-255,66,188179,50,194115
18403,0.028549,104.244.42.0-255,66,188245,50,194115
18404,0.028569,104.244.42.0-255,66,188311,50,194115
18405,0.029465,172.217.194.0-255,5738,194049,50,194115
18406,0.02947,172.31.46.0-255,66,194115,50,194115
18407,0.0,74.125.24.0-255,226,226,50,95642
18408,2.4e-05,172.31.46.0-255,66,292,50,95642
18409,3e-05,74.125.24.0-255,1484,1776,50,95642
18410,3.4e-05,172.31.46.0-255,66,1842,50,95642
18411,6.7e-05,74.125.24.0-255,2902,4744,50,95642
18412,7.1e-05,172.31.46.0-255,66,4810,50,95642
18413,0.000191,74.125.24.0-255,5738,10548,50,95642
18414,0.000196,172.31.46.0-255,66,10614,50,95642
18415,0.000442,74.125.24.0-255,4892,15506,50,95642
18416,0.000447,172.31.46.0-255,66,15572,50,95642
18417,0.000673,74.125.24.0-255,2902,18474,50,95642
18418,0.000678,172.31.46.0-255,66,18540,50,95642
18419,0.000718,172.31.46.0-255,66,18606,50,95642
18420,0.001371,74.125.24.0-255,5738,24344,50,95642
18421,0.001377,172.31.46.0-255,66,24410,50,95642
18422,0.002303,74.125.24.0-255,2902,27312,50,95642
18423,0.002305,172.31.46.0-255,66,27378,50,95642
18424,0.003752,74.125.24.0-255,2902,30280,50,95642
18425,0.00376,172.31.46.0-255,66,30346,50,95642
18426,0.004605,74.125.24.0-255,2902,33248,50,95642
18427,0.004612,172.31.46.0-255,66,33314,50,95642
18428,0.006053,74.125.24.0-255,2902,36216,50,95642
18429,0.006061,172.31.46.0-255,66,36282,50,95642
18430,0.006922,74.125.24.0-255,2902,39184,50,95642
18431,0.006933,172.31.46.0-255,66,39250,50,95642
18432,0.008379,74.125.24.0-255,2902,42152,50,95642
18433,0.008388,172.31.46.0-255,66,42218,50,95642
18434,0.009279,74.125.24.0-255,2902,45120,50,95642
18435,0.009286,172.31.46.0-255,66,45186,50,95642
18436,0.010686,74.125.24.0-255,2902,48088,50,95642
18437,0.010694,172.31.46.0-255,66,48154,50,95642
18438,0.011598,74.125.24.0-255,2902,51056,50,95642
18439,0.011605,172.31.46.0-255,66,51122,50,95642
18440,0.013043,74.125.24.0-255,2902,54024,50,95642
18441,0.01305,172.31.46.0-255,66,54090,50,95642
18442,0.013946,74.125.24.0-255,2902,56992,50,95642
18443,0.013953,172.31.46.0-255,66,57058,50,95642
18444,0.015465,74.125.24.0-255,2902,59960,50,95642
18445,0.015473,172.31.46.0-255,66,60026,50,95642
18446,0.016318,74.125.24.0-255,2902,62928,50,95642
18447,0.016324,172.31.46.0-255,66,62994,50,95642
18448,0.017867,74.125.24.0-255,2902,65896,50,95642
18449,0.017875,172.31.46.0-255,66,65962,50,95642
18450,0.018638,74.125.24.0-255,2902,68864,50,95642
18451,0.018645,172.31.46.0-255,66,68930,50,95642
18452,0.020201,74.125.24.0-255,2902,71832,50,95642
18453,0.020211,172.31.46.0-255,66,71898,50,95642
18454,0.020949,74.125.24.0-255,2902,74800,50,95642
18455,0.020957,172.31.46.0-255,66,74866,50,95642
18456,0.022559,74.125.24.0-255,2902,77768,50,95642
18457,0.022568,172.31.46.0-255,66,77834,50,95642
18458,0.023265,74.125.24.0-255,2902,80736,50,95642
18459,0.023272,172.31.46.0-255,66,80802,50,95642
18460,0.024907,74.125.24.0-255,2902,83704,50,95642
18461,0.024914,172.31.46.0-255,66,83770,50,95642
18462,0.025614,74.125.24.0-255,2902,86672,50,95642
18463,0.02562,172.31.46.0-255,66,86738,50,95642
18464,0.027224,74.125.24.0-255,2902,89640,50,95642
18465,0.027238,172.31.46.0-255,66,89706,50,95642
18466,0.02798,74.125.24.0-255,2902,92608,50,95642
18467,0.027986,172.31.46.0-255,66,92674,50,95642
18468,0.029575,74.125.24.0-255,2902,95576,50,95642
18469,0.029581,172.31.46.0-255,66,95642,50,95642
18470,0.0,74.125.24.0-255,150,150,50,147281
18471,2.2e-05,172.31.46.0-255,66,216,50,147281
18472,2.9e-05,74.125.24.0-255,1484,1700,50,147281
18473,3.4e-05,172.31.46.0-255,66,1766,50,147281
18474,4e-05,74.125.24.0-255,2902,4668,50,147281
18475,4.4e-05,172.31.46.0-255,66,4734,50,147281
18476,5.2e-05,74.125.24.0-255,7156,11890,50,147281
18477,5.5e-05,172.31.46.0-255,66,11956,50,147281
18478,5.9e-05,74.125.24.0-255,2043,13999,50,147281
18479,6.2e-05,172.31.46.0-255,66,14065,50,147281
18480,0.000449,74.125.24.0-255,1484,15549,50,147281
18481,0.000456,172.31.46.0-255,66,15615,50,147281
18482,0.000463,74.125.24.0-255,2902,18517,50,147281
18483,0.000465,172.31.46.0-255,66,18583,50,147281
18484,0.000471,74.125.24.0-255,5738,24321,50,147281
18485,0.000473,172.31.46.0-255,66,24387,50,147281
18486,0.000524,172.31.46.0-255,66,24453,50,147281
18487,0.000557,74.125.24.0-255,5738,30191,50,147281
18488,0.000559,172.31.46.0-255,66,30257,50,147281
18489,0.000573,74.125.24.0-255,5379,35636,50,147281
18490,0.000576,172.31.46.0-255,66,35702,50,147281
18491,0.000606,172.31.46.0-255,66,35768,50,147281
18492,0.000639,74.125.24.0-255,5651,41419,50,147281
18493,0.000642,172.31.46.0-255,66,41485,50,147281
18494,0.000663,74.125.24.0-255,130,41615,50,147281
18495,0.000666,172.31.46.0-255,66,41681,50,147281
18496,0.000821,74.125.24.0-255,1484,43165,50,147281
18497,0.000825,172.31.46.0-255,66,43231,50,147281
18498,0.00083,74.125.24.0-255,2902,46133,50,147281
18499,0.000832,172.31.46.0-255,66,46199,50,147281
18500,0.000837,74.125.24.0-255,2902,49101,50,147281
18501,0.00084,172.31.46.0-255,66,49167,50,147281
18502,0.000856,74.125.24.0-255,2902,52069,50,147281
18503,0.000858,172.31.46.0-255,66,52135,50,147281
18504,0.000882,74.125.24.0-255,4320,56455,50,147281
18505,0.000885,172.31.46.0-255,66,56521,50,147281
18506,0.000913,74.125.24.0-255,6797,63318,50,147281
18507,0.000916,172.31.46.0-255,66,63384,50,147281
18508,0.000929,172.31.46.0-255,66,63450,50,147281
18509,0.000932,74.125.24.0-255,829,64279,50,147281
18510,0.001095,172.31.46.0-255,101,64380,50,147281
18511,0.002931,74.125.24.0-255,4320,68700,50,147281
18512,0.002938,172.31.46.0-255,66,68766,50,147281
18513,0.003026,74.125.24.0-255,1484,70250,50,147281
18514,0.0049,74.125.24.0-255,4320,74570,50,147281
18515,0.004903,172.31.46.0-255,66,74636,50,147281
18516,0.006857,74.125.24.0-255,5738,80374,50,147281
18517,0.006861,172.31.46.0-255,66,80440,50,147281
18518,0.008819,74.125.24.0-255,5738,86178,50,147281
18519,0.008828,172.31.46.0-255,66,86244,50,147281
18520,0.010839,74.125.24.0-255,1484,87728,50,147281
18521,0.010864,74.125.24.0-255,4320,92048,50,147281
18522,0.01087,172.31.46.0-255,66,92114,50,147281
18523,0.012823,74.125.24.0-255,4320,96434,50,147281
18524,0.012831,172.31.46.0-255,66,96500,50,147281
18525,0.012847,74.125.24.0-255,1484,97984,50,147281
18526,0.014806,74.125.24.0-255,4320,102304,50,147281
18527,0.014815,172.31.46.0-255,66,102370,50,147281
18528,0.016804,74.125.24.0-255,5738,108108,50,147281
18529,0.01681,172.31.46.0-255,66,108174,50,147281
18530,0.018807,74.125.24.0-255,5738,113912,50,147281
18531,0.018813,172.31.46.0-255,66,113978,50,147281
18532,0.020786,74.125.24.0-255,5738,119716,50,147281
18533,0.020794,172.31.46.0-255,66,119782,50,147281
18534,0.022789,74.125.24.0-255,5738,125520,50,147281
18535,0.022797,172.31.46.0-255,66,125586,50,147281
18536,0.02475,74.125.24.0-255,5738,131324,50,147281
18537,0.024758,172.31.46.0-255,66,131390,50,147281
18538,0.027029,74.125.24.0-255,5738,137128,50,147281
18539,0.027037,172.31.46.0-255,66,137194,50,147281
18540,0.027606,172.31.46.0-255,164,137358,50,147281
18541,0.027634,172.31.46.0-255,1122,138480,50,147281
18542,0.027696,172.31.46.0-255,1514,139994,50,147281
18543,0.027698,172.31.46.0-255,1285,141279,50,147281
18544,0.029023,74.125.24.0-255,5738,147017,50,147281
18545,0.02903,172.31.46.0-255,66,147083,50,147281
18546,0.02913,104.244.42.0-255,66,147149,50,147281
18547,0.029238,104.244.42.0-255,66,147215,50,147281
18548,0.029273,104.244.42.0-255,66,147281,50,147281
18549,0.0,74.125.24.0-255,153,153,50,163469
18550,3.4e-05,172.31.46.0-255,66,219,50,163469
18551,4.1e-05,74.125.24.0-255,1484,1703,50,163469
18552,4.4e-05,172.31.46.0-255,66,1769,50,163469
18553,4.9e-05,74.125.24.0-255,2902,4671,50,163469
18554,5.9e-05,172.31.46.0-255,66,4737,50,163469
18555,6.4e-05,74.125.24.0-255,2902,7639,50,163469
18556,6.7e-05,172.31.46.0-255,66,7705,50,163469
18557,7.1e-05,74.125.24.0-255,1484,9189,50,163469
18558,7.3e-05,172.31.46.0-255,66,9255,50,163469
18559,0.000109,74.125.24.0-255,6286,15541,50,163469
18560,0.000114,172.31.46.0-255,66,15607,50,163469
18561,0.000125,172.31.46.0-255,66,15673,50,163469
18562,0.00018,172.31.46.0-255,66,15739,50,163469
18563,0.000208,74.125.24.0-255,1484,17223,50,163469
18564,0.000211,172.31.46.0-255,66,17289,50,163469
18565,0.000216,74.125.24.0-255,2184,19473,50,163469
18566,0.000218,172.31.46.0-255,66,19539,50,163469
18567,0.000221,74.125.24.0-255,1484,21023,50,163469
18568,0.000222,172.31.46.0-255,66,21089,50,163469
18569,0.000233,74.125.24.0-255,2902,23991,50,163469
18570,0.000236,172.31.46.0-255,66,24057,50,163469
18571,0.000241,74.125.24.0-255,4320,28377,50,163469
18572,0.000244,172.31.46.0-255,66,28443,50,163469
18573,0.000278,74.125.24.0-255,1484,29927,50,163469
18574,0.000282,172.31.46.0-255,66,29993,50,163469
18575,0.000286,74.125.24.0-255,2902,32895,50,163469
18576,0.000289,172.31.46.0-255,66,32961,50,163469
18577,0.000311,74.125.24.0-255,4254,37215,50,163469
18578,0.000319,172.31.46.0-255,66,37281,50,163469
18579,0.00055,74.125.24.0-255,384,37665,50,163469
18580,0.000579,74.125.24.0-255,1484,39149,50,163469
18581,0.000583,172.31.46.0-255,66,39215,50,163469
18582,0.000588,74.125.24.0-255,2902,42117,50,163469
18583,0.00059,172.31.46.0-255,66,42183,50,163469
18584,0.000625,74.125.24.0-255,1484,43667,50,163469
18585,0.000636,172.31.46.0-255,66,43733,50,163469
18586,0.000646,172.31.46.0-255,66,43799,50,163469
18587,0.000674,74.125.24.0-255,1484,45283,50,163469
18588,0.000685,74.125.24.0-255,6438,51721,50,163469
18589,0.000688,172.31.46.0-255,66,51787,50,163469
18590,0.000734,74.125.24.0-255,1484,53271,50,163469
18591,0.000755,74.125.24.0-255,2902,56173,50,163469
18592,0.000758,172.31.46.0-255,66,56239,50,163469
18593,0.000765,74.125.24.0-255,5738,61977,50,163469
18594,0.000767,172.31.46.0-255,66,62043,50,163469
18595,0.000806,172.31.46.0-255,66,62109,50,163469
18596,0.000809,74.125.24.0-255,1484,63593,50,163469
18597,0.000844,74.125.24.0-255,2902,66495,50,163469
18598,0.000904,74.125.24.0-255,4320,70815,50,163469
18599,0.000927,74.125.24.0-255,5020,75835,50,163469
18600,0.000946,74.125.24.0-255,1484,77319,50,163469
18601,0.000963,74.125.24.0-255,2902,80221,50,163469
18602,0.000983,74.125.24.0-255,5738,85959,50,163469
18603,0.001002,74.125.24.0-255,2902,88861,50,163469
18604,0.00102,74.125.24.0-255,7156,96017,50,163469
18605,0.001042,74.125.24.0-255,2902,98919,50,163469
18606,0.001082,74.125.24.0-255,2184,101103,50,163469
18607,0.004696,172.31.46.0-255,66,101169,50,163469
18608,0.007078,74.125.24.0-255,5738,106907,50,163469
18609,0.007085,172.31.46.0-255,66,106973,50,163469
18610,0.007153,172.31.46.0-255,101,107074,50,163469
18611,0.009417,74.125.24.0-255,5738,112812,50,163469
18612,0.009424,172.31.46.0-255,66,112878,50,163469
18613,0.009457,74.125.24.0-255,66,112944,50,163469
18614,0.01176,74.125.24.0-255,5738,118682,50,163469
18615,0.011768,172.31.46.0-255,66,118748,50,163469
18616,0.014098,74.125.24.0-255,5738,124486,50,163469
18617,0.014108,172.31.46.0-255,66,124552,50,163469
18618,0.016461,74.125.24.0-255,5738,130290,50,163469
18619,0.01647,172.31.46.0-255,66,130356,50,163469
18620,0.01885,74.125.24.0-255,5738,136094,50,163469
18621,0.018857,172.31.46.0-255,66,136160,50,163469
18622,0.021226,74.125.24.0-255,5738,141898,50,163469
18623,0.021233,172.31.46.0-255,66,141964,50,163469
18624,0.023656,74.125.24.0-255,5738,147702,50,163469
18625,0.023663,172.31.46.0-255,66,147768,50,163469
18626,0.026011,74.125.24.0-255,5738,153506,50,163469
18627,0.026024,172.31.46.0-255,66,153572,50,163469
18628,0.028328,74.125.24.0-255,5738,159310,50,163469
18629,0.028335,172.31.46.0-255,66,159376,50,163469
18630,0.029245,172.31.46.0-255,172,159548,50,163469
18631,0.029276,172.31.46.0-255,1114,160662,50,163469
18632,0.029333,172.31.46.0-255,1514,162176,50,163469
18633,0.029334,172.31.46.0-255,1293,163469,50,163469
18634,0.0,74.125.68.0-255,153,153,50,218596
18635,2.5e-05,172.31.46.0-255,66,219,50,218596
18636,3.2e-05,74.125.68.0-255,1484,1703,50,218596
18637,3.6e-05,172.31.46.0-255,66,1769,50,218596
18638,4.9e-05,74.125.68.0-255,2902,4671,50,218596
18639,5.2e-05,172.31.46.0-255,66,4737,50,218596
18640,5.8e-05,74.125.68.0-255,4320,9057,50,218596
18641,6e-05,172.31.46.0-255,66,9123,50,218596
18642,8.6e-05,74.125.68.0-255,4878,14001,50,218596
18643,9.3e-05,172.31.46.0-255,66,14067,50,218596
18644,0.000152,74.125.68.0-255,1484,15551,50,218596
18645,0.000154,172.31.46.0-255,66,15617,50,218596
18646,0.00016,74.125.68.0-255,2902,18519,50,218596
18647,0.000162,172.31.46.0-255,66,18585,50,218596
18648,0.000192,74.125.68.0-255,5738,24323,50,218596
18649,0.000195,172.31.46.0-255,66,24389,50,218596
18650,0.00022,74.125.68.0-255,6797,31186,50,218596
18651,0.000223,172.31.46.0-255,66,31252,50,218596
18652,0.000242,74.125.68.0-255,4320,35572,50,218596
18653,0.000244,172.31.46.0-255,66,35638,50,218596
18654,0.000273,74.125.68.0-255,5738,41376,50,218596
18655,0.000276,172.31.46.0-255,66,41442,50,218596
18656,0.000303,74.125.68.0-255,6797,48239,50,218596
18657,0.000306,172.31.46.0-255,66,48305,50,218596
18658,0.000959,74.125.68.0-255,1484,49789,50,218596
18659,0.000965,172.31.46.0-255,66,49855,50,218596
18660,0.000971,74.125.68.0-255,2902,52757,50,218596
18661,0.000973,172.31.46.0-255,66,52823,50,218596
18662,0.001004,74.125.68.0-255,5738,58561,50,218596
18663,0.001007,172.31.46.0-255,66,58627,50,218596
18664,0.001038,74.125.68.0-255,2902,61529,50,218596
18665,0.00104,172.31.46.0-255,66,61595,50,218596
18666,0.001046,74.125.68.0-255,3961,65556,50,218596
18667,0.001047,172.31.46.0-255,66,65622,50,218596
18668,0.001108,74.125.68.0-255,1484,67106,50,218596
18669,0.001129,74.125.68.0-255,2902,70008,50,218596
18670,0.001133,172.31.46.0-255,66,70074,50,218596
18671,0.001157,74.125.68.0-255,5738,75812,50,218596
18672,0.001159,172.31.46.0-255,66,75878,50,218596
18673,0.001164,74.125.68.0-255,2902,78780,50,218596
18674,0.001166,172.31.46.0-255,66,78846,50,218596
18675,0.001171,74.125.68.0-255,3961,82807,50,218596
18676,0.001173,172.31.46.0-255,66,82873,50,218596
18677,0.00122,172.31.46.0-255,66,82939,50,218596
18678,0.001224,74.125.68.0-255,2902,85841,50,218596
18679,0.001226,172.31.46.0-255,66,85907,50,218596
18680,0.001254,74.125.68.0-255,2902,88809,50,218596
18681,0.001256,172.31.46.0-255,66,88875,50,218596
18682,0.00127,74.125.68.0-255,3122,91997,50,218596
18683,0.001277,172.31.46.0-255,66,92063,50,218596
18684,0.001372,74.125.68.0-255,1484,93547,50,218596
18685,0.001385,74.125.68.0-255,2902,96449,50,218596
18686,0.001388,172.31.46.0-255,66,96515,50,218596
18687,0.001417,74.125.68.0-255,5738,102253,50,218596
18688,0.00142,172.31.46.0-255,66,102319,50,218596
18689,0.001427,74.125.68.0-255,6249,108568,50,218596
18690,0.001429,172.31.46.0-255,66,108634,50,218596
18691,0.001486,74.125.68.0-255,1484,110118,50,218596
18692,0.001504,74.125.68.0-255,2902,113020,50,218596
18693,0.001506,172.31.46.0-255,66,113086,50,218596
18694,0.00151,74.125.68.0-255,1484,114570,50,218596
18695,0.001541,74.125.68.0-255,2902,117472,50,218596
18696,0.001543,172.31.46.0-255,66,117538,50,218596
18697,0.001555,172.31.46.0-255,66,117604,50,218596
18698,0.001564,74.125.68.0-255,2902,120506,50,218596
18699,0.001566,172.31.46.0-255,66,120572,50,218596
18700,0.001599,74.125.68.0-255,4320,124892,50,218596
18701,0.001602,172.31.46.0-255,66,124958,50,218596
18702,0.001613,172.31.46.0-255,66,125024,50,218596
18703,0.001616,74.125.68.0-255,766,125790,50,218596
18704,0.002253,172.31.46.0-255,66,125856,50,218596
18705,0.002336,74.125.68.0-255,1484,127340,50,218596
18706,0.002356,74.125.68.0-255,2902,130242,50,218596
18707,0.002359,172.31.46.0-255,66,130308,50,218596
18708,0.002389,74.125.68.0-255,4320,134628,50,218596
18709,0.002391,172.31.46.0-255,66,134694,50,218596
18710,0.002422,74.125.68.0-255,2902,137596,50,218596
18711,0.002424,172.31.46.0-255,66,137662,50,218596
18712,0.00245,74.125.68.0-255,4320,141982,50,218596
18713,0.002453,172.31.46.0-255,66,142048,50,218596
18714,0.002458,74.125.68.0-255,4320,146368,50,218596
18715,0.00246,172.31.46.0-255,66,146434,50,218596
18716,0.002491,74.125.68.0-255,4320,150754,50,218596
18717,0.002493,172.31.46.0-255,66,150820,50,218596
18718,0.002501,74.125.68.0-255,7156,157976,50,218596
18719,0.002503,172.31.46.0-255,66,158042,50,218596
18720,0.002526,74.125.68.0-255,2184,160226,50,218596
18721,0.002528,172.31.46.0-255,66,160292,50,218596
18722,0.005018,74.125.68.0-255,2902,163194,50,218596
18723,0.005025,172.31.46.0-255,66,163260,50,218596
18724,0.005054,74.125.68.0-255,2902,166162,50,218596
18725,0.005056,172.31.46.0-255,66,166228,50,218596
18726,0.007535,74.125.68.0-255,2902,169130,50,218596
18727,0.007541,172.31.46.0-255,66,169196,50,218596
18728,0.007571,74.125.68.0-255,2902,172098,50,218596
18729,0.007574,172.31.46.0-255,66,172164,50,218596
18730,0.010079,74.125.68.0-255,5738,177902,50,218596
18731,0.010091,172.31.46.0-255,66,177968,50,218596
18732,0.012618,74.125.68.0-255,5738,183706,50,218596
18733,0.012632,172.31.46.0-255,66,183772,50,218596
18734,0.015186,74.125.68.0-255,5738,189510,50,218596
18735,0.015202,172.31.46.0-255,66,189576,50,218596
18736,0.017784,74.125.68.0-255,5738,195314,50,218596
18737,0.017801,172.31.46.0-255,66,195380,50,218596
18738,0.020351,74.125.68.0-255,5738,201118,50,218596
18739,0.020362,172.31.46.0-255,66,201184,50,218596
18740,0.022933,74.125.68.0-255,5738,206922,50,218596
18741,0.022944,172.31.46.0-255,66,206988,50,218596
18742,0.02549,74.125.68.0-255,5738,212726,50,218596
18743,0.025503,172.31.46.0-255,66,212792,50,218596
18744,0.02804,74.125.68.0-255,5738,218530,50,218596
18745,0.02805,172.31.46.0-255,66,218596,50,218596
18746,0.0,172.31.46.0-255,66,66,50,66
18747,0.0,172.217.194.0-255,153,153,50,131624
18748,2.8e-05,172.31.46.0-255,66,219,50,131624
18749,3.5e-05,172.217.194.0-255,1484,1703,50,131624
18750,3.9e-05,172.31.46.0-255,66,1769,50,131624
18751,5.2e-05,172.217.194.0-255,1484,3253,50,131624
18752,5.5e-05,172.31.46.0-255,66,3319,50,131624
18753,8.4e-05,172.217.194.0-255,2902,6221,50,131624
18754,8.7e-05,172.31.46.0-255,66,6287,50,131624
18755,0.000103,172.217.194.0-255,1484,7771,50,131624
18756,0.000106,172.31.46.0-255,66,7837,50,131624
18757,0.000125,172.217.194.0-255,4320,12157,50,131624
18758,0.000128,172.31.46.0-255,66,12223,50,131624
18759,0.000166,172.217.194.0-255,1922,14145,50,131624
18760,0.000171,172.31.46.0-255,66,14211,50,131624
18761,0.000769,172.217.194.0-255,1484,15695,50,131624
18762,0.000775,172.31.46.0-255,66,15761,50,131624
18763,0.000786,172.217.194.0-255,2902,18663,50,131624
18764,0.000788,172.31.46.0-255,66,18729,50,131624
18765,0.000795,172.217.194.0-255,5738,24467,50,131624
18766,0.000798,172.31.46.0-255,66,24533,50,131624
18767,0.000818,172.217.194.0-255,2902,27435,50,131624
18768,0.000821,172.31.46.0-255,66,27501,50,131624
18769,0.000834,172.217.194.0-255,3961,31462,50,131624
18770,0.000836,172.31.46.0-255,66,31528,50,131624
18771,0.000844,172.217.194.0-255,7156,38684,50,131624
18772,0.000847,172.31.46.0-255,66,38750,50,131624
18773,0.00087,172.217.194.0-255,1484,40234,50,131624
18774,0.000872,172.31.46.0-255,66,40300,50,131624
18775,0.000896,172.31.46.0-255,66,40366,50,131624
18776,0.001052,172.217.194.0-255,1484,41850,50,131624
18777,0.001058,172.31.46.0-255,66,41916,50,131624
18778,0.001064,172.217.194.0-255,1484,43400,50,131624
18779,0.001077,172.217.194.0-255,1484,44884,50,131624
18780,0.001079,172.31.46.0-255,66,44950,50,131624
18781,0.001097,172.217.194.0-255,4320,49270,50,131624
18782,0.0011,172.31.46.0-255,66,49336,50,131624
18783,0.001122,172.217.194.0-255,1484,50820,50,131624
18784,0.001131,172.217.194.0-255,6797,57617,50,131624
18785,0.001135,172.31.46.0-255,66,57683,50,131624
18786,0.003427,172.217.194.0-255,5738,63421,50,131624
18787,0.003434,172.31.46.0-255,66,63487,50,131624
18788,0.005743,172.217.194.0-255,5738,69225,50,131624
18789,0.00575,172.31.46.0-255,66,69291,50,131624
18790,0.008106,172.217.194.0-255,5738,75029,50,131624
18791,0.008116,172.31.46.0-255,66,75095,50,131624
18792,0.010441,172.217.194.0-255,5738,80833,50,131624
18793,0.010451,172.31.46.0-255,66,80899,50,131624
18794,0.012825,172.217.194.0-255,5738,86637,50,131624
18795,0.012839,172.31.46.0-255,66,86703,50,131624
18796,0.015147,172.217.194.0-255,5738,92441,50,131624
18797,0.015155,172.31.46.0-255,66,92507,50,131624
18798,0.017455,172.217.194.0-255,5738,98245,50,131624
18799,0.017463,172.31.46.0-255,66,98311,50,131624
18800,0.019765,172.217.194.0-255,5738,104049,50,131624
18801,0.019773,172.31.46.0-255,66,104115,50,131624
18802,0.021084,172.31.46.0-255,172,104287,50,131624
18803,0.021119,172.31.46.0-255,1108,105395,50,131624
18804,0.021156,172.31.46.0-255,1514,106909,50,131624
18805,0.021158,172.31.46.0-255,1301,108210,50,131624
18806,0.022115,172.217.194.0-255,5738,113948,50,131624
18807,0.022122,172.31.46.0-255,66,114014,50,131624
18808,0.022602,104.244.42.0-255,66,114080,50,131624
18809,0.022658,104.244.42.0-255,66,114146,50,131624
18810,0.022713,104.244.42.0-255,66,114212,50,131624
18811,0.024411,172.217.194.0-255,5738,119950,50,131624
18812,0.024423,172.31.46.0-255,66,120016,50,131624
18813,0.026719,172.217.194.0-255,5738,125754,50,131624
18814,0.026726,172.31.46.0-255,66,125820,50,131624
18815,0.029077,172.217.194.0-255,5738,131558,50,131624
18816,0.029082,172.31.46.0-255,66,131624,50,131624
18817,0.0,172.217.194.0-255,150,150,50,209297
18818,2.3e-05,172.31.46.0-255,66,216,50,209297
18819,3e-05,172.217.194.0-255,1484,1700,50,209297
18820,3.5e-05,172.31.46.0-255,66,1766,50,209297
18821,4.1e-05,172.217.194.0-255,2902,4668,50,209297
18822,5.2e-05,172.31.46.0-255,66,4734,50,209297
18823,5.9e-05,172.217.194.0-255,5738,10472,50,209297
18824,6.2e-05,172.31.46.0-255,66,10538,50,209297
18825,7.6e-05,172.31.46.0-255,66,10604,50,209297
18826,0.000111,172.217.194.0-255,2121,12725,50,209297
18827,0.000115,172.31.46.0-255,66,12791,50,209297
18828,0.000123,172.217.194.0-255,6797,19588,50,209297
18829,0.000126,172.31.46.0-255,66,19654,50,209297
18830,0.000194,172.217.194.0-255,1484,21138,50,209297
18831,0.000197,172.31.46.0-255,66,21204,50,209297
18832,0.000215,172.217.194.0-255,2902,24106,50,209297
18833,0.000217,172.31.46.0-255,66,24172,50,209297
18834,0.000241,172.217.194.0-255,5738,29910,50,209297
18835,0.000244,172.31.46.0-255,66,29976,50,209297
18836,0.00027,172.217.194.0-255,5738,35714,50,209297
18837,0.000272,172.31.46.0-255,66,35780,50,209297
18838,0.000285,172.217.194.0-255,5379,41159,50,209297
18839,0.000287,172.31.46.0-255,66,41225,50,209297
18840,0.0003,172.31.46.0-255,66,41291,50,209297
18841,0.000341,172.217.194.0-255,4257,45548,50,209297
18842,0.000343,172.31.46.0-255,66,45614,50,209297
18843,0.000369,172.217.194.0-255,381,45995,50,209297
18844,0.000371,172.31.46.0-255,66,46061,50,209297
18845,0.000604,172.217.194.0-255,1484,47545,50,209297
18846,0.00061,172.31.46.0-255,66,47611,50,209297
18847,0.000615,172.217.194.0-255,2902,50513,50,209297
18848,0.000617,172.31.46.0-255,66,50579,50,209297
18849,0.000627,172.217.194.0-255,5738,56317,50,209297
18850,0.00063,172.31.46.0-255,66,56383,50,209297
18851,0.000633,172.217.194.0-255,2902,59285,50,209297
18852,0.000636,172.31.46.0-255,66,59351,50,209297
18853,0.000664,172.217.194.0-255,2902,62253,50,209297
18854,0.000667,172.31.46.0-255,66,62319,50,209297
18855,0.000679,172.31.46.0-255,66,62385,50,209297
18856,0.000711,172.217.194.0-255,5020,67405,50,209297
18857,0.000714,172.31.46.0-255,66,67471,50,209297
18858,0.000971,172.217.194.0-255,1484,68955,50,209297
18859,0.000988,172.217.194.0-255,1484,70439,50,209297
18860,0.000991,172.31.46.0-255,66,70505,50,209297
18861,0.001016,172.217.194.0-255,1484,71989,50,209297
18862,0.001022,172.217.194.0-255,5738,77727,50,209297
18863,0.001024,172.31.46.0-255,66,77793,50,209297
18864,0.001056,172.31.46.0-255,66,77859,50,209297
18865,0.001079,172.217.194.0-255,1484,79343,50,209297
18866,0.001092,172.31.46.0-255,66,79409,50,209297
18867,0.001256,172.217.194.0-255,1484,80893,50,209297
18868,0.001262,172.217.194.0-255,2902,83795,50,209297
18869,0.001265,172.31.46.0-255,66,83861,50,209297
18870,0.001272,172.217.194.0-255,2902,86763,50,209297
18871,0.001274,172.31.46.0-255,66,86829,50,209297
18872,0.001301,172.217.194.0-255,2902,89731,50,209297
18873,0.001304,172.31.46.0-255,66,89797,50,209297
18874,0.001315,172.31.46.0-255,66,89863,50,209297
18875,0.001365,172.31.46.0-255,66,89929,50,209297
18876,0.00141,172.31.46.0-255,66,89995,50,209297
18877,0.001427,172.31.46.0-255,66,90061,50,209297
18878,0.001464,172.31.46.0-255,66,90127,50,209297
18879,0.001481,172.31.46.0-255,66,90193,50,209297
18880,0.001523,172.31.46.0-255,66,90259,50,209297
18881,0.001544,172.217.194.0-255,1484,91743,50,209297
18882,0.001567,172.217.194.0-255,5020,96763,50,209297
18883,0.001573,172.31.46.0-255,66,96829,50,209297
18884,0.001884,172.217.194.0-255,1484,98313,50,209297
18885,0.001907,172.217.194.0-255,2902,101215,50,209297
18886,0.001911,172.217.194.0-255,2902,104117,50,209297
18887,0.001917,172.31.46.0-255,66,104183,50,209297
18888,0.001921,172.31.46.0-255,66,104249,50,209297
18889,0.001929,172.217.194.0-255,2902,107151,50,209297
18890,0.001936,172.31.46.0-255,66,107217,50,209297
18891,0.001939,172.217.194.0-255,1484,108701,50,209297
18892,0.001995,172.31.46.0-255,66,108767,50,209297
18893,0.002003,172.217.194.0-255,7156,115923,50,209297
18894,0.002005,172.31.46.0-255,66,115989,50,209297
18895,0.002011,172.217.194.0-255,3602,119591,50,209297
18896,0.002013,172.31.46.0-255,66,119657,50,209297
18897,0.002133,172.217.194.0-255,1484,121141,50,209297
18898,0.002138,172.217.194.0-255,1484,122625,50,209297
18899,0.00214,172.31.46.0-255,66,122691,50,209297
18900,0.002164,172.217.194.0-255,1484,124175,50,209297
18901,0.00217,172.217.194.0-255,4320,128495,50,209297
18902,0.002173,172.31.46.0-255,66,128561,50,209297
18903,0.00221,172.217.194.0-255,4320,132881,50,209297
18904,0.002212,172.31.46.0-255,66,132947,50,209297
18905,0.002244,172.217.194.0-255,4320,137267,50,209297
18906,0.002246,172.31.46.0-255,66,137333,50,209297
18907,0.002263,172.31.46.0-255,66,137399,50,209297
18908,0.002267,172.217.194.0-255,2184,139583,50,209297
18909,0.00227,172.31.46.0-255,66,139649,50,209297
18910,0.004525,172.217.194.0-255,5738,145387,50,209297
18911,0.004533,172.31.46.0-255,66,145453,50,209297
18912,0.006769,172.217.194.0-255,5738,151191,50,209297
18913,0.006774,172.31.46.0-255,66,151257,50,209297
18914,0.009,172.217.194.0-255,5738,156995,50,209297
18915,0.009006,172.31.46.0-255,66,157061,50,209297
18916,0.011251,172.217.194.0-255,5738,162799,50,209297
18917,0.011259,172.31.46.0-255,66,162865,50,209297
18918,0.013495,172.217.194.0-255,5738,168603,50,209297
18919,0.013504,172.31.46.0-255,66,168669,50,209297
18920,0.015766,172.217.194.0-255,5738,174407,50,209297
18921,0.015778,172.31.46.0-255,66,174473,50,209297
18922,0.018022,172.217.194.0-255,5738,180211,50,209297
18923,0.01803,172.31.46.0-255,66,180277,50,209297
18924,0.020307,172.217.194.0-255,5738,186015,50,209297
18925,0.020313,172.31.46.0-255,66,186081,50,209297
18926,0.022565,172.217.194.0-255,5738,191819,50,209297
18927,0.022573,172.31.46.0-255,66,191885,50,209297
18928,0.024844,172.217.194.0-255,5738,197623,50,209297
18929,0.024852,172.31.46.0-255,66,197689,50,209297
18930,0.027079,172.217.194.0-255,5738,203427,50,209297
18931,0.027087,172.31.46.0-255,66,203493,50,209297
18932,0.029301,172.217.194.0-255,5738,209231,50,209297
18933,0.029307,172.31.46.0-255,66,209297,50,209297
18934,0.0,74.125.200.0-255,152,152,50,128457
18935,2.4e-05,172.31.46.0-255,66,218,50,128457
18936,3.1e-05,74.125.200.0-255,1484,1702,50,128457
18937,3.5e-05,172.31.46.0-255,66,1768,50,128457
18938,4.8e-05,74.125.200.0-255,2902,4670,50,128457
18939,5.2e-05,172.31.46.0-255,66,4736,50,128457
18940,5.6e-05,74.125.200.0-255,1484,6220,50,128457
18941,5.9e-05,172.31.46.0-255,66,6286,50,128457
18942,8.8e-05,74.125.200.0-255,5738,12024,50,128457
18943,9.1e-05,172.31.46.0-255,66,12090,50,128457
18944,0.000176,74.125.200.0-255,4320,16410,50,128457
18945,0.00018,172.31.46.0-255,66,16476,50,128457
18946,0.000199,74.125.200.0-255,3547,20023,50,128457
18947,0.000203,172.31.46.0-255,66,20089,50,128457
18948,0.000308,172.31.46.0-255,66,20155,50,128457
18949,0.000443,74.125.200.0-255,7156,27311,50,128457
18950,0.000447,172.31.46.0-255,66,27377,50,128457
18951,0.000485,172.31.46.0-255,66,27443,50,128457
18952,0.000709,74.125.200.0-255,2543,29986,50,128457
18953,0.000714,172.31.46.0-255,66,30052,50,128457
18954,0.000759,74.125.200.0-255,2902,32954,50,128457
18955,0.000762,172.31.46.0-255,66,33020,50,128457
18956,0.000788,74.125.200.0-255,2902,35922,50,128457
18957,0.000792,172.31.46.0-255,66,35988,50,128457
18958,0.000812,74.125.200.0-255,4320,40308,50,128457
18959,0.000814,172.31.46.0-255,66,40374,50,128457
18960,0.000909,74.125.200.0-255,7156,47530,50,128457
18961,0.000913,172.31.46.0-255,66,47596,50,128457
18962,0.000938,74.125.200.0-255,287,47883,50,128457
18963,0.000941,172.31.46.0-255,66,47949,50,128457
18964,0.001525,74.125.200.0-255,1484,49433,50,128457
18965,0.001537,74.125.200.0-255,2902,52335,50,128457
18966,0.001541,172.31.46.0-255,66,52401,50,128457
18967,0.001592,74.125.200.0-255,5738,58139,50,128457
18968,0.001674,74.125.200.0-255,7156,65295,50,128457
18969,0.001806,74.125.200.0-255,2902,68197,50,128457
18970,0.001995,74.125.200.0-255,3602,71799,50,128457
18971,0.005791,172.31.46.0-255,66,71865,50,128457
18972,0.008365,74.125.200.0-255,5738,77603,50,128457
18973,0.008376,172.31.46.0-255,66,77669,50,128457
18974,0.010955,74.125.200.0-255,5738,83407,50,128457
18975,0.010974,172.31.46.0-255,66,83473,50,128457
18976,0.013547,74.125.200.0-255,5738,89211,50,128457
18977,0.01356,172.31.46.0-255,66,89277,50,128457
18978,0.016124,74.125.200.0-255,5738,95015,50,128457
18979,0.016138,172.31.46.0-255,66,95081,50,128457
18980,0.018702,74.125.200.0-255,5738,100819,50,128457
18981,0.018718,172.31.46.0-255,66,100885,50,128457
18982,0.021292,74.125.200.0-255,5738,106623,50,128457
18983,0.021307,172.31.46.0-255,66,106689,50,128457
18984,0.023884,74.125.200.0-255,5738,112427,50,128457
18985,0.0239,172.31.46.0-255,66,112493,50,128457
18986,0.026464,74.125.200.0-255,5738,118231,50,128457
18987,0.026478,172.31.46.0-255,66,118297,50,128457
18988,0.028058,172.31.46.0-255,237,118534,50,128457
18989,0.028094,172.31.46.0-255,1113,119647,50,128457
18990,0.028169,172.31.46.0-255,1514,121161,50,128457
18991,0.028171,172.31.46.0-255,1294,122455,50,128457
18992,0.029027,74.125.200.0-255,5738,128193,50,128457
18993,0.029037,172.31.46.0-255,66,128259,50,128457
18994,0.0296,104.244.42.0-255,66,128325,50,128457
18995,0.029649,104.244.42.0-255,66,128391,50,128457
18996,0.029742,104.244.42.0-255,66,128457,50,128457
18997,0.0,172.217.27.0-255,146,146,50,221349
18998,2.1e-05,172.31.46.0-255,66,212,50,221349
18999,2.8e-05,172.217.27.0-255,1484,1696,50,221349
19000,3.3e-05,172.31.46.0-255,66,1762,50,221349
19001,3.6e-05,172.217.27.0-255,1484,3246,50,221349
19002,5.1e-05,172.31.46.0-255,66,3312,50,221349
19003,5.7e-05,172.217.27.0-255,2902,6214,50,221349
19004,6e-05,172.31.46.0-255,66,6280,50,221349
19005,6.6e-05,172.217.27.0-255,5738,12018,50,221349
19006,7e-05,172.31.46.0-255,66,12084,50,221349
19007,8.2e-05,172.31.46.0-255,66,12150,50,221349
19008,0.000118,172.217.27.0-255,4880,17030,50,221349
19009,0.000122,172.31.46.0-255,66,17096,50,221349
19010,0.000129,172.217.27.0-255,5379,22475,50,221349
19011,0.000131,172.31.46.0-255,66,22541,50,221349
19012,0.000249,172.217.27.0-255,1484,24025,50,221349
19013,0.000253,172.31.46.0-255,66,24091,50,221349
19014,0.000258,172.217.27.0-255,1484,25575,50,221349
19015,0.00026,172.31.46.0-255,66,25641,50,221349
19016,0.000282,172.217.27.0-255,1484,27125,50,221349
19017,0.000285,172.31.46.0-255,66,27191,50,221349
19018,0.000294,172.217.27.0-255,2902,30093,50,221349
19019,0.000296,172.31.46.0-255,66,30159,50,221349
19020,0.000302,172.217.27.0-255,4320,34479,50,221349
19021,0.000304,172.31.46.0-255,66,34545,50,221349
19022,0.000309,172.217.27.0-255,2902,37447,50,221349
19023,0.000311,172.31.46.0-255,66,37513,50,221349
19024,0.000345,172.217.27.0-255,6797,44310,50,221349
19025,0.000348,172.31.46.0-255,66,44376,50,221349
19026,0.000358,172.31.46.0-255,66,44442,50,221349
19027,0.00039,172.217.27.0-255,4230,48672,50,221349
19028,0.000393,172.31.46.0-255,66,48738,50,221349
19029,0.000601,172.217.27.0-255,387,49125,50,221349
19030,0.00084,172.217.27.0-255,1484,50609,50,221349
19031,0.000845,172.31.46.0-255,66,50675,50,221349
19032,0.000851,172.217.27.0-255,2902,53577,50,221349
19033,0.000853,172.31.46.0-255,66,53643,50,221349
19034,0.000889,172.217.27.0-255,5738,59381,50,221349
19035,0.000891,172.31.46.0-255,66,59447,50,221349
19036,0.000897,172.217.27.0-255,4320,63767,50,221349
19037,0.000899,172.31.46.0-255,66,63833,50,221349
19038,0.000931,172.217.27.0-255,5379,69212,50,221349
19039,0.000934,172.31.46.0-255,66,69278,50,221349
19040,0.000937,172.217.27.0-255,1484,70762,50,221349
19041,0.000942,172.217.27.0-255,2902,73664,50,221349
19042,0.000945,172.31.46.0-255,66,73730,50,221349
19043,0.000976,172.217.27.0-255,4320,78050,50,221349
19044,0.000979,172.31.46.0-255,66,78116,50,221349
19045,0.001004,172.217.27.0-255,1484,79600,50,221349
19046,0.00101,172.217.27.0-255,3961,83561,50,221349
19047,0.001012,172.31.46.0-255,66,83627,50,221349
19048,0.001058,172.217.27.0-255,1484,85111,50,221349
19049,0.001063,172.217.27.0-255,1484,86595,50,221349
19050,0.001066,172.31.46.0-255,66,86661,50,221349
19051,0.001093,172.217.27.0-255,1484,88145,50,221349
19052,0.0011,172.217.27.0-255,5738,93883,50,221349
19053,0.001103,172.31.46.0-255,66,93949,50,221349
19054,0.001111,172.217.27.0-255,7156,101105,50,221349
19055,0.001113,172.31.46.0-255,66,101171,50,221349
19056,0.001184,172.217.27.0-255,2184,103355,50,221349
19057,0.001189,172.31.46.0-255,66,103421,50,221349
19058,0.001192,172.31.46.0-255,66,103487,50,221349
19059,0.001446,172.217.27.0-255,1484,104971,50,221349
19060,0.001451,172.217.27.0-255,1484,106455,50,221349
19061,0.001455,172.31.46.0-255,66,106521,50,221349
19062,0.001488,172.217.27.0-255,1484,108005,50,221349
19063,0.001495,172.217.27.0-255,5738,113743,50,221349
19064,0.001516,172.31.46.0-255,66,113809,50,221349
19065,0.001524,172.31.46.0-255,66,113875,50,221349
19066,0.001561,172.31.46.0-255,66,113941,50,221349
19067,0.001647,172.217.27.0-255,1484,115425,50,221349
19068,0.001652,172.217.27.0-255,2902,118327,50,221349
19069,0.001655,172.31.46.0-255,66,118393,50,221349
19070,0.001683,172.217.27.0-255,2902,121295,50,221349
19071,0.001686,172.31.46.0-255,66,121361,50,221349
19072,0.003282,172.217.27.0-255,2902,124263,50,221349
19073,0.003293,172.31.46.0-255,66,124329,50,221349
19074,0.003322,172.217.27.0-255,2902,127231,50,221349
19075,0.003325,172.31.46.0-255,66,127297,50,221349
19076,0.004906,172.217.27.0-255,2902,130199,50,221349
19077,0.00491,172.31.46.0-255,66,130265,50,221349
19078,0.004948,172.217.27.0-255,2902,133167,50,221349
19079,0.00495,172.31.46.0-255,66,133233,50,221349
19080,0.006527,172.217.27.0-255,2902,136135,50,221349
19081,0.006533,172.31.46.0-255,66,136201,50,221349
19082,0.006565,172.217.27.0-255,2902,139103,50,221349
19083,0.006568,172.31.46.0-255,66,139169,50,221349
19084,0.008152,172.217.27.0-255,2902,142071,50,221349
19085,0.008157,172.31.46.0-255,66,142137,50,221349
19086,0.008183,172.217.27.0-255,2902,145039,50,221349
19087,0.008186,172.31.46.0-255,66,145105,50,221349
19088,0.009779,172.217.27.0-255,2902,148007,50,221349
19089,0.009787,172.31.46.0-255,66,148073,50,221349
19090,0.009818,172.217.27.0-255,2902,150975,50,221349
19091,0.009821,172.31.46.0-255,66,151041,50,221349
19092,0.011416,172.217.27.0-255,2902,153943,50,221349
19093,0.011426,172.31.46.0-255,66,154009,50,221349
19094,0.011455,172.217.27.0-255,2902,156911,50,221349
19095,0.011458,172.31.46.0-255,66,156977,50,221349
19096,0.013058,172.217.27.0-255,2902,159879,50,221349
19097,0.01307,172.31.46.0-255,66,159945,50,221349
19098,0.013104,172.217.27.0-255,2902,162847,50,221349
19099,0.013107,172.31.46.0-255,66,162913,50,221349
19100,0.014682,172.217.27.0-255,2902,165815,50,221349
19101,0.014689,172.31.46.0-255,66,165881,50,221349
19102,0.014718,172.217.27.0-255,2902,168783,50,221349
19103,0.014721,172.31.46.0-255,66,168849,50,221349
19104,0.016378,172.217.27.0-255,2902,171751,50,221349
19105,0.016387,172.31.46.0-255,66,171817,50,221349
19106,0.016416,172.217.27.0-255,2902,174719,50,221349
19107,0.016419,172.31.46.0-255,66,174785,50,221349
19108,0.018016,172.217.27.0-255,2902,177687,50,221349
19109,0.018024,172.31.46.0-255,66,177753,50,221349
19110,0.018054,172.217.27.0-255,2902,180655,50,221349
19111,0.018057,172.31.46.0-255,66,180721,50,221349
19112,0.019676,172.217.27.0-255,5738,186459,50,221349
19113,0.019684,172.31.46.0-255,66,186525,50,221349
19114,0.021321,172.217.27.0-255,5738,192263,50,221349
19115,0.02133,172.31.46.0-255,66,192329,50,221349
19116,0.022967,172.217.27.0-255,5738,198067,50,221349
19117,0.022975,172.31.46.0-255,66,198133,50,221349
19118,0.024614,172.217.27.0-255,5738,203871,50,221349
19119,0.02464,172.31.46.0-255,66,203937,50,221349
19120,0.026268,172.217.27.0-255,5738,209675,50,221349
19121,0.026279,172.31.46.0-255,66,209741,50,221349
19122,0.027909,172.217.27.0-255,5738,215479,50,221349
19123,0.02792,172.31.46.0-255,66,215545,50,221349
19124,0.029556,172.217.27.0-255,5738,221283,50,221349
19125,0.029569,172.31.46.0-255,66,221349,50,221349
19126,0.0,74.125.68.0-255,146,146,50,157245
19127,2.3e-05,172.31.46.0-255,66,212,50,157245
19128,3e-05,74.125.68.0-255,1484,1696,50,157245
19129,3.4e-05,172.31.46.0-255,66,1762,50,157245
19130,4e-05,74.125.68.0-255,2902,4664,50,157245
19131,5.2e-05,172.31.46.0-255,66,4730,50,157245
19132,5.9e-05,74.125.68.0-255,5738,10468,50,157245
19133,6.3e-05,172.31.46.0-255,66,10534,50,157245
19134,6.8e-05,74.125.68.0-255,3329,13863,50,157245
19135,7.1e-05,172.31.46.0-255,66,13929,50,157245
19136,0.000256,74.125.68.0-255,1484,15413,50,157245
19137,0.000262,172.31.46.0-255,66,15479,50,157245
19138,0.000266,74.125.68.0-255,1484,16963,50,157245
19139,0.000268,172.31.46.0-255,66,17029,50,157245
19140,0.000286,74.125.68.0-255,1484,18513,50,157245
19141,0.000289,172.31.46.0-255,66,18579,50,157245
19142,0.000293,74.125.68.0-255,2902,21481,50,157245
19143,0.0003,172.31.46.0-255,66,21547,50,157245
19144,0.000308,74.125.68.0-255,7156,28703,50,157245
19145,0.00031,172.31.46.0-255,66,28769,50,157245
19146,0.000332,74.125.68.0-255,2543,31312,50,157245
19147,0.000334,172.31.46.0-255,66,31378,50,157245
19148,0.000418,74.125.68.0-255,1484,32862,50,157245
19149,0.000422,172.31.46.0-255,66,32928,50,157245
19150,0.00044,74.125.68.0-255,1484,34412,50,157245
19151,0.000443,172.31.46.0-255,66,34478,50,157245
19152,0.000447,74.125.68.0-255,2902,37380,50,157245
19153,0.00045,172.31.46.0-255,66,37446,50,157245
19154,0.000453,74.125.68.0-255,1484,38930,50,157245
19155,0.000455,172.31.46.0-255,66,38996,50,157245
19156,0.000492,74.125.68.0-255,4320,43316,50,157245
19157,0.000495,172.31.46.0-255,66,43382,50,157245
19158,0.000501,74.125.68.0-255,5379,48761,50,157245
19159,0.000504,172.31.46.0-255,66,48827,50,157245
19160,0.000507,74.125.68.0-255,1484,50311,50,157245
19161,0.000538,74.125.68.0-255,4320,54631,50,157245
19162,0.000541,172.31.46.0-255,66,54697,50,157245
19163,0.000545,74.125.68.0-255,2902,57599,50,157245
19164,0.000547,172.31.46.0-255,66,57665,50,157245
19165,0.000588,74.125.68.0-255,5738,63403,50,157245
19166,0.000591,172.31.46.0-255,66,63469,50,157245
19167,0.000616,74.125.68.0-255,2543,66012,50,157245
19168,0.000618,172.31.46.0-255,66,66078,50,157245
19169,0.001187,74.125.68.0-255,412,66490,50,157245
19170,0.001212,74.125.68.0-255,331,66821,50,157245
19171,0.001244,172.31.46.0-255,66,66887,50,157245
19172,0.001915,74.125.68.0-255,1484,68371,50,157245
19173,0.001925,74.125.68.0-255,2902,71273,50,157245
19174,0.00193,172.31.46.0-255,66,71339,50,157245
19175,0.001959,74.125.68.0-255,2902,74241,50,157245
19176,0.001961,172.31.46.0-255,66,74307,50,157245
19177,0.001966,74.125.68.0-255,2902,77209,50,157245
19178,0.001968,172.31.46.0-255,66,77275,50,157245
19179,0.002,74.125.68.0-255,1484,78759,50,157245
19180,0.002006,74.125.68.0-255,2902,81661,50,157245
19181,0.002009,172.31.46.0-255,66,81727,50,157245
19182,0.003925,74.125.68.0-255,1484,83211,50,157245
19183,0.003968,74.125.68.0-255,4320,87531,50,157245
19184,0.003973,172.31.46.0-255,66,87597,50,157245
19185,0.005977,74.125.68.0-255,5738,93335,50,157245
19186,0.005984,172.31.46.0-255,66,93401,50,157245
19187,0.007962,74.125.68.0-255,5738,99139,50,157245
19188,0.007972,172.31.46.0-255,66,99205,50,157245
19189,0.009952,74.125.68.0-255,5738,104943,50,157245
19190,0.009965,172.31.46.0-255,66,105009,50,157245
19191,0.011979,74.125.68.0-255,5738,110747,50,157245
19192,0.011998,172.31.46.0-255,66,110813,50,157245
19193,0.013988,74.125.68.0-255,5738,116551,50,157245
19194,0.014007,172.31.46.0-255,66,116617,50,157245
19195,0.016004,74.125.68.0-255,5738,122355,50,157245
19196,0.016024,172.31.46.0-255,66,122421,50,157245
19197,0.018004,74.125.68.0-255,5738,128159,50,157245
19198,0.018015,172.31.46.0-255,66,128225,50,157245
19199,0.020001,74.125.68.0-255,5738,133963,50,157245
19200,0.020018,172.31.46.0-255,66,134029,50,157245
19201,0.022023,74.125.68.0-255,5738,139767,50,157245
19202,0.022043,172.31.46.0-255,66,139833,50,157245
19203,0.024028,74.125.68.0-255,5738,145571,50,157245
19204,0.02407,172.31.46.0-255,66,145637,50,157245
19205,0.026049,74.125.68.0-255,5738,151375,50,157245
19206,0.026062,172.31.46.0-255,66,151441,50,157245
19207,0.028075,74.125.68.0-255,5738,157179,50,157245
19208,0.028087,172.31.46.0-255,66,157245,50,157245
19209,0.0,74.125.24.0-255,297,297,50,173653
19210,2.4e-05,172.31.46.0-255,66,363,50,173653
19211,3.1e-05,74.125.24.0-255,1484,1847,50,173653
19212,3.6e-05,172.31.46.0-255,66,1913,50,173653
19213,4.3e-05,74.125.24.0-255,4320,6233,50,173653
19214,4.6e-05,172.31.46.0-255,66,6299,50,173653
19215,5.8e-05,172.31.46.0-255,66,6365,50,173653
19216,7.7e-05,74.125.24.0-255,1484,7849,50,173653
19217,8e-05,172.31.46.0-255,66,7915,50,173653
19218,0.000125,74.125.24.0-255,7156,15071,50,173653
19219,0.000129,172.31.46.0-255,66,15137,50,173653
19220,0.000135,74.125.24.0-255,5738,20875,50,173653
19221,0.000137,172.31.46.0-255,66,20941,50,173653
19222,0.000176,74.125.24.0-255,2543,23484,50,173653
19223,0.000179,172.31.46.0-255,66,23550,50,173653
19224,0.000195,74.125.24.0-255,1484,25034,50,173653
19225,0.000197,172.31.46.0-255,66,25100,50,173653
19226,0.000201,74.125.24.0-255,1484,26584,50,173653
19227,0.000203,172.31.46.0-255,66,26650,50,173653
19228,0.000224,74.125.24.0-255,1484,28134,50,173653
19229,0.000226,172.31.46.0-255,66,28200,50,173653
19230,0.000233,74.125.24.0-255,5738,33938,50,173653
19231,0.000236,172.31.46.0-255,66,34004,50,173653
19232,0.000253,74.125.24.0-255,7156,41160,50,173653
19233,0.000255,172.31.46.0-255,66,41226,50,173653
19234,0.000283,74.125.24.0-255,6797,48023,50,173653
19235,0.000286,172.31.46.0-255,66,48089,50,173653
19236,0.00029,74.125.24.0-255,1484,49573,50,173653
19237,0.000292,172.31.46.0-255,66,49639,50,173653
19238,0.000313,172.31.46.0-255,66,49705,50,173653
19239,0.000317,74.125.24.0-255,112,49817,50,173653
19240,0.000356,74.125.24.0-255,328,50145,50,173653
19241,0.000711,74.125.24.0-255,1484,51629,50,173653
19242,0.000717,172.31.46.0-255,66,51695,50,173653
19243,0.000724,74.125.24.0-255,2902,54597,50,173653
19244,0.000727,172.31.46.0-255,66,54663,50,173653
19245,0.000734,74.125.24.0-255,5738,60401,50,173653
19246,0.000737,172.31.46.0-255,66,60467,50,173653
19247,0.00074,74.125.24.0-255,1484,61951,50,173653
19248,0.000773,172.31.46.0-255,66,62017,50,173653
19249,0.000804,74.125.24.0-255,5738,67755,50,173653
19250,0.000809,172.31.46.0-255,66,67821,50,173653
19251,0.000831,172.31.46.0-255,66,67887,50,173653
19252,0.001397,74.125.24.0-255,1484,69371,50,173653
19253,0.001406,74.125.24.0-255,2902,72273,50,173653
19254,0.001411,172.31.46.0-255,66,72339,50,173653
19255,0.001419,74.125.24.0-255,5738,78077,50,173653
19256,0.001421,172.31.46.0-255,66,78143,50,173653
19257,0.001424,74.125.24.0-255,1484,79627,50,173653
19258,0.001467,172.31.46.0-255,66,79693,50,173653
19259,0.001481,172.31.46.0-255,66,79759,50,173653
19260,0.001964,74.125.24.0-255,1484,81243,50,173653
19261,0.001971,74.125.24.0-255,2902,84145,50,173653
19262,0.001976,172.31.46.0-255,66,84211,50,173653
19263,0.001981,74.125.24.0-255,1484,85695,50,173653
19264,0.001998,74.125.24.0-255,4320,90015,50,173653
19265,0.002001,172.31.46.0-255,66,90081,50,173653
19266,0.002014,172.31.46.0-255,66,90147,50,173653
19267,0.002033,74.125.24.0-255,2902,93049,50,173653
19268,0.002036,172.31.46.0-255,66,93115,50,173653
19269,0.002042,74.125.24.0-255,5738,98853,50,173653
19270,0.002044,172.31.46.0-255,66,98919,50,173653
19271,0.002064,74.125.24.0-255,5020,103939,50,173653
19272,0.002067,172.31.46.0-255,66,104005,50,173653
19273,0.004308,74.125.24.0-255,5738,109743,50,173653
19274,0.004315,172.31.46.0-255,66,109809,50,173653
19275,0.006562,74.125.24.0-255,5738,115547,50,173653
19276,0.006571,172.31.46.0-255,66,115613,50,173653
19277,0.00886,74.125.24.0-255,5738,121351,50,173653
19278,0.008869,172.31.46.0-255,66,121417,50,173653
19279,0.011128,74.125.24.0-255,5738,127155,50,173653
19280,0.011138,172.31.46.0-255,66,127221,50,173653
19281,0.013426,74.125.24.0-255,5738,132959,50,173653
19282,0.013437,172.31.46.0-255,66,133025,50,173653
19283,0.015711,74.125.24.0-255,5738,138763,50,173653
19284,0.015725,172.31.46.0-255,66,138829,50,173653
19285,0.018017,74.125.24.0-255,5738,144567,50,173653
19286,0.018034,172.31.46.0-255,66,144633,50,173653
19287,0.020347,74.125.24.0-255,5738,150371,50,173653
19288,0.020359,172.31.46.0-255,66,150437,50,173653
19289,0.022622,74.125.24.0-255,5738,156175,50,173653
19290,0.022633,172.31.46.0-255,66,156241,50,173653
19291,0.024889,74.125.24.0-255,5738,161979,50,173653
19292,0.024898,172.31.46.0-255,66,162045,50,173653
19293,0.027159,74.125.24.0-255,5738,167783,50,173653
19294,0.027174,172.31.46.0-255,66,167849,50,173653
19295,0.029432,74.125.24.0-255,5738,173587,50,173653
19296,0.029451,172.31.46.0-255,66,173653,50,173653
19297,0.0,74.125.24.0-255,150,150,50,210510
19298,2.4e-05,172.31.46.0-255,66,216,50,210510
19299,3.1e-05,74.125.24.0-255,1484,1700,50,210510
19300,3.6e-05,172.31.46.0-255,66,1766,50,210510
19301,4.8e-05,74.125.24.0-255,2902,4668,50,210510
19302,5.2e-05,172.31.46.0-255,66,4734,50,210510
19303,6e-05,74.125.24.0-255,7156,11890,50,210510
19304,6.3e-05,172.31.46.0-255,66,11956,50,210510
19305,0.000105,172.31.46.0-255,66,12022,50,210510
19306,0.000117,74.125.24.0-255,523,12545,50,210510
19307,0.00012,172.31.46.0-255,66,12611,50,210510
19308,0.00013,74.125.24.0-255,2543,15154,50,210510
19309,0.000132,172.31.46.0-255,66,15220,50,210510
19310,0.000272,74.125.24.0-255,1484,16704,50,210510
19311,0.000275,172.31.46.0-255,66,16770,50,210510
19312,0.000289,74.125.24.0-255,2902,19672,50,210510
19313,0.000296,172.31.46.0-255,66,19738,50,210510
19314,0.000303,74.125.24.0-255,5738,25476,50,210510
19315,0.000305,172.31.46.0-255,66,25542,50,210510
19316,0.000349,172.31.46.0-255,66,25608,50,210510
19317,0.000354,74.125.24.0-255,4320,29928,50,210510
19318,0.000356,172.31.46.0-255,66,29994,50,210510
19319,0.000387,74.125.24.0-255,5738,35732,50,210510
19320,0.00039,172.31.46.0-255,66,35798,50,210510
19321,0.000415,74.125.24.0-255,1380,37178,50,210510
19322,0.000418,172.31.46.0-255,66,37244,50,210510
19323,0.000867,74.125.24.0-255,1484,38728,50,210510
19324,0.000872,172.31.46.0-255,66,38794,50,210510
19325,0.000878,74.125.24.0-255,2902,41696,50,210510
19326,0.00088,172.31.46.0-255,66,41762,50,210510
19327,0.000889,74.125.24.0-255,2902,44664,50,210510
19328,0.000891,172.31.46.0-255,66,44730,50,210510
19329,0.000927,74.125.24.0-255,2902,47632,50,210510
19330,0.00093,172.31.46.0-255,66,47698,50,210510
19331,0.000936,74.125.24.0-255,5738,53436,50,210510
19332,0.000938,172.31.46.0-255,66,53502,50,210510
19333,0.000955,172.31.46.0-255,66,53568,50,210510
19334,0.000983,74.125.24.0-255,1484,55052,50,210510
19335,0.000997,74.125.24.0-255,5020,60072,50,210510
19336,0.000999,172.31.46.0-255,66,60138,50,210510
19337,0.00117,74.125.24.0-255,1484,61622,50,210510
19338,0.001174,74.125.24.0-255,1484,63106,50,210510
19339,0.001178,172.31.46.0-255,66,63172,50,210510
19340,0.001207,74.125.24.0-255,1484,64656,50,210510
19341,0.001215,74.125.24.0-255,5738,70394,50,210510
19342,0.001218,172.31.46.0-255,66,70460,50,210510
19343,0.001222,74.125.24.0-255,2902,73362,50,210510
19344,0.001224,172.31.46.0-255,66,73428,50,210510
19345,0.001241,172.31.46.0-255,66,73494,50,210510
19346,0.001288,172.31.46.0-255,66,73560,50,210510
19347,0.001332,74.125.24.0-255,1484,75044,50,210510
19348,0.001338,74.125.24.0-255,2902,77946,50,210510
19349,0.00134,172.31.46.0-255,66,78012,50,210510
19350,0.001345,74.125.24.0-255,2902,80914,50,210510
19351,0.001347,172.31.46.0-255,66,80980,50,210510
19352,0.001367,74.125.24.0-255,2902,83882,50,210510
19353,0.00137,172.31.46.0-255,66,83948,50,210510
19354,0.00138,172.31.46.0-255,66,84014,50,210510
19355,0.001413,74.125.24.0-255,4320,88334,50,210510
19356,0.001416,172.31.46.0-255,66,88400,50,210510
19357,0.001432,172.31.46.0-255,66,88466,50,210510
19358,0.001465,74.125.24.0-255,1484,89950,50,210510
19359,0.00147,74.125.24.0-255,2902,92852,50,210510
19360,0.001472,172.31.46.0-255,66,92918,50,210510
19361,0.001475,74.125.24.0-255,1484,94402,50,210510
19362,0.0015,74.125.24.0-255,4320,98722,50,210510
19363,0.001503,172.31.46.0-255,66,98788,50,210510
19364,0.001508,74.125.24.0-255,4320,103108,50,210510
19365,0.00151,172.31.46.0-255,66,103174,50,210510
19366,0.001554,172.31.46.0-255,66,103240,50,210510
19367,0.001561,74.125.24.0-255,7156,110396,50,210510
19368,0.001564,172.31.46.0-255,66,110462,50,210510
19369,0.001593,74.125.24.0-255,3602,114064,50,210510
19370,0.001596,172.31.46.0-255,66,114130,50,210510
19371,0.001642,74.125.24.0-255,1484,115614,50,210510
19372,0.001648,74.125.24.0-255,2902,118516,50,210510
19373,0.001651,172.31.46.0-255,66,118582,50,210510
19374,0.001658,74.125.24.0-255,5738,124320,50,210510
19375,0.00166,172.31.46.0-255,66,124386,50,210510
19376,0.00175,172.31.46.0-255,66,124452,50,210510
19377,0.001767,172.31.46.0-255,66,124518,50,210510
19378,0.001799,74.125.24.0-255,1484,126002,50,210510
19379,0.001831,74.125.24.0-255,2902,128904,50,210510
19380,0.001834,172.31.46.0-255,66,128970,50,210510
19381,0.001842,74.125.24.0-255,5738,134708,50,210510
19382,0.001845,172.31.46.0-255,66,134774,50,210510
19383,0.00187,172.31.46.0-255,66,134840,50,210510
19384,0.001875,74.125.24.0-255,2902,137742,50,210510
19385,0.001877,172.31.46.0-255,66,137808,50,210510
19386,0.001926,172.31.46.0-255,66,137874,50,210510
19387,0.00193,74.125.24.0-255,1484,139358,50,210510
19388,0.001947,74.125.24.0-255,2902,142260,50,210510
19389,0.00195,172.31.46.0-255,66,142326,50,210510
19390,0.001954,74.125.24.0-255,2902,145228,50,210510
19391,0.001957,172.31.46.0-255,66,145294,50,210510
19392,0.001979,74.125.24.0-255,2902,148196,50,210510
19393,0.001982,172.31.46.0-255,66,148262,50,210510
19394,0.001989,74.125.24.0-255,5738,154000,50,210510
19395,0.001991,172.31.46.0-255,66,154066,50,210510
19396,0.002026,74.125.24.0-255,7156,161222,50,210510
19397,0.002029,172.31.46.0-255,66,161288,50,210510
19398,0.002043,172.31.46.0-255,66,161354,50,210510
19399,0.00208,74.125.24.0-255,1484,162838,50,210510
19400,0.002086,74.125.24.0-255,2902,165740,50,210510
19401,0.002088,172.31.46.0-255,66,165806,50,210510
19402,0.002094,74.125.24.0-255,2902,168708,50,210510
19403,0.002096,172.31.46.0-255,66,168774,50,210510
19404,0.00212,74.125.24.0-255,2902,171676,50,210510
19405,0.002122,172.31.46.0-255,66,171742,50,210510
19406,0.002132,74.125.24.0-255,4320,176062,50,210510
19407,0.002135,172.31.46.0-255,66,176128,50,210510
19408,0.002147,172.31.46.0-255,66,176194,50,210510
19409,0.002176,74.125.24.0-255,1484,177678,50,210510
19410,0.002194,172.31.46.0-255,66,177744,50,210510
19411,0.002217,172.31.46.0-255,66,177810,50,210510
19412,0.002222,74.125.24.0-255,4320,182130,50,210510
19413,0.002224,172.31.46.0-255,66,182196,50,210510
19414,0.002267,74.125.24.0-255,3602,185798,50,210510
19415,0.002271,172.31.46.0-255,66,185864,50,210510
19416,0.002274,74.125.24.0-255,1484,187348,50,210510
19417,0.002292,172.31.46.0-255,66,187414,50,210510
19418,0.002296,74.125.24.0-255,2902,190316,50,210510
19419,0.002298,172.31.46.0-255,66,190382,50,210510
19420,0.002305,74.125.24.0-255,5738,196120,50,210510
19421,0.002311,74.125.24.0-255,4320,200440,50,210510
19422,0.002315,74.125.24.0-255,1484,201924,50,210510
19423,0.002327,74.125.24.0-255,1484,203408,50,210510
19424,0.002371,172.31.46.0-255,66,203474,50,210510
19425,0.002373,172.31.46.0-255,66,203540,50,210510
19426,0.002373,172.31.46.0-255,66,203606,50,210510
19427,0.002406,74.125.24.0-255,6496,210102,50,210510
19428,0.002409,172.31.46.0-255,66,210168,50,210510
19429,0.002412,74.125.24.0-255,105,210273,50,210510
19430,0.005288,172.31.46.0-255,66,210339,50,210510
19431,0.00532,172.31.46.0-255,105,210444,50,210510
19432,0.007498,74.125.24.0-255,66,210510,50,210510
19433,0.0,172.217.194.0-255,150,150,50,257801
19434,1.8e-05,172.31.46.0-255,66,216,50,257801
19435,2.5e-05,172.217.194.0-255,1484,1700,50,257801
19436,3e-05,172.31.46.0-255,66,1766,50,257801
19437,3.3e-05,172.217.194.0-255,1484,3250,50,257801
19438,3.6e-05,172.31.46.0-255,66,3316,50,257801
19439,6e-05,172.217.194.0-255,1484,4800,50,257801
19440,6.8e-05,172.31.46.0-255,66,4866,50,257801
19441,7.6e-05,172.217.194.0-255,7156,12022,50,257801
19442,7.9e-05,172.31.46.0-255,66,12088,50,257801
19443,9.2e-05,172.31.46.0-255,66,12154,50,257801
19444,0.000137,172.217.194.0-255,6797,18951,50,257801
19445,0.00014,172.31.46.0-255,66,19017,50,257801
19446,0.000144,172.217.194.0-255,2902,21919,50,257801
19447,0.000147,172.31.46.0-255,66,21985,50,257801
19448,0.000173,172.217.194.0-255,4320,26305,50,257801
19449,0.000176,172.31.46.0-255,66,26371,50,257801
19450,0.000222,172.31.46.0-255,66,26437,50,257801
19451,0.000226,172.217.194.0-255,2902,29339,50,257801
19452,0.000228,172.31.46.0-255,66,29405,50,257801
19453,0.000273,172.31.46.0-255,66,29471,50,257801
19454,0.000452,172.217.194.0-255,646,30117,50,257801
19455,0.000457,172.31.46.0-255,66,30183,50,257801
19456,0.000632,172.217.194.0-255,1484,31667,50,257801
19457,0.000636,172.31.46.0-255,66,31733,50,257801
19458,0.000642,172.217.194.0-255,2902,34635,50,257801
19459,0.000645,172.31.46.0-255,66,34701,50,257801
19460,0.000653,172.217.194.0-255,1484,36185,50,257801
19461,0.000655,172.31.46.0-255,66,36251,50,257801
19462,0.000684,172.217.194.0-255,4320,40571,50,257801
19463,0.000694,172.217.194.0-255,6248,46819,50,257801
19464,0.000699,172.31.46.0-255,66,46885,50,257801
19465,0.000702,172.31.46.0-255,66,46951,50,257801
19466,0.000727,172.217.194.0-255,1484,48435,50,257801
19467,0.000737,172.217.194.0-255,2902,51337,50,257801
19468,0.000739,172.31.46.0-255,66,51403,50,257801
19469,0.000769,172.217.194.0-255,5738,57141,50,257801
19470,0.000771,172.31.46.0-255,66,57207,50,257801
19471,0.000838,172.217.194.0-255,6797,64004,50,257801
19472,0.000842,172.31.46.0-255,66,64070,50,257801
19473,0.000884,172.217.194.0-255,1484,65554,50,257801
19474,0.000907,172.217.194.0-255,5738,71292,50,257801
19475,0.00091,172.31.46.0-255,66,71358,50,257801
19476,0.000928,172.31.46.0-255,66,71424,50,257801
19477,0.000931,172.217.194.0-255,1125,72549,50,257801
19478,0.001138,172.217.194.0-255,1484,74033,50,257801
19479,0.001143,172.31.46.0-255,66,74099,50,257801
19480,0.001148,172.217.194.0-255,2902,77001,50,257801
19481,0.00115,172.31.46.0-255,66,77067,50,257801
19482,0.001157,172.217.194.0-255,5738,82805,50,257801
19483,0.001159,172.31.46.0-255,66,82871,50,257801
19484,0.001206,172.31.46.0-255,66,82937,50,257801
19485,0.001255,172.31.46.0-255,66,83003,50,257801
19486,0.001283,172.217.194.0-255,2184,85187,50,257801
19487,0.001285,172.31.46.0-255,66,85253,50,257801
19488,0.001341,172.217.194.0-255,1484,86737,50,257801
19489,0.001346,172.217.194.0-255,1484,88221,50,257801
19490,0.001348,172.31.46.0-255,66,88287,50,257801
19491,0.001377,172.217.194.0-255,1484,89771,50,257801
19492,0.001384,172.217.194.0-255,5738,95509,50,257801
19493,0.001387,172.31.46.0-255,66,95575,50,257801
19494,0.001401,172.31.46.0-255,66,95641,50,257801
19495,0.001416,172.31.46.0-255,66,95707,50,257801
19496,0.001444,172.217.194.0-255,1484,97191,50,257801
19497,0.00145,172.217.194.0-255,3602,100793,50,257801
19498,0.001452,172.217.194.0-255,1484,102277,50,257801
19499,0.001457,172.31.46.0-255,66,102343,50,257801
19500,0.001467,172.217.194.0-255,2902,105245,50,257801
19501,0.001469,172.31.46.0-255,66,105311,50,257801
19502,0.001481,172.217.194.0-255,7156,112467,50,257801
19503,0.001484,172.31.46.0-255,66,112533,50,257801
19504,0.001509,172.217.194.0-255,2902,115435,50,257801
19505,0.001511,172.31.46.0-255,66,115501,50,257801
19506,0.00153,172.31.46.0-255,66,115567,50,257801
19507,0.001558,172.217.194.0-255,1484,117051,50,257801
19508,0.001567,172.217.194.0-255,2184,119235,50,257801
19509,0.001569,172.31.46.0-255,66,119301,50,257801
19510,0.001653,172.217.194.0-255,1484,120785,50,257801
19511,0.00166,172.217.194.0-255,2902,123687,50,257801
19512,0.001663,172.31.46.0-255,66,123753,50,257801
19513,0.001699,172.217.194.0-255,5738,129491,50,257801
19514,0.001713,172.31.46.0-255,66,129557,50,257801
19515,0.001721,172.31.46.0-255,66,129623,50,257801
19516,0.001725,172.217.194.0-255,2902,132525,50,257801
19517,0.001732,172.31.46.0-255,66,132591,50,257801
19518,0.001744,172.31.46.0-255,66,132657,50,257801
19519,0.001788,172.31.46.0-255,66,132723,50,257801
19520,0.001801,172.217.194.0-255,2902,135625,50,257801
19521,0.001804,172.31.46.0-255,66,135691,50,257801
19522,0.001822,172.31.46.0-255,66,135757,50,257801
19523,0.001829,172.217.194.0-255,5738,141495,50,257801
19524,0.001831,172.31.46.0-255,66,141561,50,257801
19525,0.001854,172.217.194.0-255,3602,145163,50,257801
19526,0.00186,172.31.46.0-255,66,145229,50,257801
19527,0.001886,172.217.194.0-255,1484,146713,50,257801
19528,0.001898,172.217.194.0-255,2902,149615,50,257801
19529,0.001902,172.31.46.0-255,66,149681,50,257801
19530,0.001932,172.217.194.0-255,5738,155419,50,257801
19531,0.001935,172.31.46.0-255,66,155485,50,257801
19532,0.001943,172.217.194.0-255,7156,162641,50,257801
19533,0.001945,172.31.46.0-255,66,162707,50,257801
19534,0.001966,172.217.194.0-255,5738,168445,50,257801
19535,0.001969,172.31.46.0-255,66,168511,50,257801
19536,0.001985,172.31.46.0-255,66,168577,50,257801
19537,0.002011,172.217.194.0-255,1484,170061,50,257801
19538,0.002017,172.217.194.0-255,2902,172963,50,257801
19539,0.002019,172.31.46.0-255,66,173029,50,257801
19540,0.002022,172.217.194.0-255,1484,174513,50,257801
19541,0.002049,172.217.194.0-255,4320,178833,50,257801
19542,0.002052,172.31.46.0-255,66,178899,50,257801
19543,0.0021,172.217.194.0-255,7156,186055,50,257801
19544,0.002103,172.31.46.0-255,66,186121,50,257801
19545,0.002132,172.217.194.0-255,5738,191859,50,257801
19546,0.002135,172.31.46.0-255,66,191925,50,257801
19547,0.00215,172.31.46.0-255,66,191991,50,257801
19548,0.002154,172.217.194.0-255,2184,194175,50,257801
19549,0.002156,172.31.46.0-255,66,194241,50,257801
19550,0.004193,172.217.194.0-255,5738,199979,50,257801
19551,0.0042,172.31.46.0-255,66,200045,50,257801
19552,0.006261,172.217.194.0-255,5738,205783,50,257801
19553,0.006265,172.31.46.0-255,66,205849,50,257801
19554,0.00831,172.217.194.0-255,5738,211587,50,257801
19555,0.008317,172.31.46.0-255,66,211653,50,257801
19556,0.010346,172.217.194.0-255,2902,214555,50,257801
19557,0.010352,172.31.46.0-255,66,214621,50,257801
19558,0.010381,172.217.194.0-255,2902,217523,50,257801
19559,0.010384,172.31.46.0-255,66,217589,50,257801
19560,0.012397,172.217.194.0-255,2902,220491,50,257801
19561,0.012404,172.31.46.0-255,66,220557,50,257801
19562,0.012463,172.217.194.0-255,2902,223459,50,257801
19563,0.012467,172.31.46.0-255,66,223525,50,257801
19564,0.014492,172.217.194.0-255,2902,226427,50,257801
19565,0.0145,172.31.46.0-255,66,226493,50,257801
19566,0.01453,172.217.194.0-255,2902,229395,50,257801
19567,0.014533,172.31.46.0-255,66,229461,50,257801
19568,0.016553,172.217.194.0-255,2902,232363,50,257801
19569,0.016564,172.31.46.0-255,66,232429,50,257801
19570,0.016598,172.217.194.0-255,2902,235331,50,257801
19571,0.016601,172.31.46.0-255,66,235397,50,257801
19572,0.018589,172.217.194.0-255,2902,238299,50,257801
19573,0.018596,172.31.46.0-255,66,238365,50,257801
19574,0.018641,172.217.194.0-255,2902,241267,50,257801
19575,0.018644,172.31.46.0-255,66,241333,50,257801
19576,0.020674,172.217.194.0-255,2902,244235,50,257801
19577,0.020681,172.31.46.0-255,66,244301,50,257801
19578,0.020716,172.217.194.0-255,2902,247203,50,257801
19579,0.020719,172.31.46.0-255,66,247269,50,257801
19580,0.022781,172.217.194.0-255,5738,253007,50,257801
19581,0.022788,172.31.46.0-255,66,253073,50,257801
19582,0.02484,172.217.194.0-255,4491,257564,50,257801
19583,0.024847,172.31.46.0-255,66,257630,50,257801
19584,0.025049,172.31.46.0-255,105,257735,50,257801
19585,0.027056,172.217.194.0-255,66,257801,50,257801
19586,0.0,74.125.24.0-255,147,147,50,200632
19587,1.3e-05,172.31.46.0-255,66,213,50,200632
19588,3.7e-05,74.125.24.0-255,1484,1697,50,200632
19589,4.2e-05,172.31.46.0-255,66,1763,50,200632
19590,4.8e-05,74.125.24.0-255,2902,4665,50,200632
19591,5.1e-05,172.31.46.0-255,66,4731,50,200632
19592,5.8e-05,74.125.24.0-255,5738,10469,50,200632
19593,6.1e-05,172.31.46.0-255,66,10535,50,200632
19594,8.1e-05,74.125.24.0-255,1484,12019,50,200632
19595,8.4e-05,172.31.46.0-255,66,12085,50,200632
19596,8.8e-05,74.125.24.0-255,2048,14133,50,200632
19597,9e-05,172.31.46.0-255,66,14199,50,200632
19598,0.000195,74.125.24.0-255,1484,15683,50,200632
19599,0.0002,172.31.46.0-255,66,15749,50,200632
19600,0.000205,74.125.24.0-255,2902,18651,50,200632
19601,0.000208,172.31.46.0-255,66,18717,50,200632
19602,0.000232,74.125.24.0-255,5738,24455,50,200632
19603,0.000235,172.31.46.0-255,66,24521,50,200632
19604,0.000242,74.125.24.0-255,5738,30259,50,200632
19605,0.000245,172.31.46.0-255,66,30325,50,200632
19606,0.000287,74.125.24.0-255,5738,36063,50,200632
19607,0.000291,172.31.46.0-255,66,36129,50,200632
19608,0.00031,74.125.24.0-255,3961,40090,50,200632
19609,0.000313,172.31.46.0-255,66,40156,50,200632
19610,0.000329,74.125.24.0-255,2902,43058,50,200632
19611,0.000332,172.31.46.0-255,66,43124,50,200632
19612,0.000356,74.125.24.0-255,5379,48503,50,200632
19613,0.000359,172.31.46.0-255,66,48569,50,200632
19614,0.000377,74.125.24.0-255,1484,50053,50,200632
19615,0.000379,172.31.46.0-255,66,50119,50,200632
19616,0.000398,74.125.24.0-255,4320,54439,50,200632
19617,0.000401,172.31.46.0-255,66,54505,50,200632
19618,0.000408,74.125.24.0-255,7156,61661,50,200632
19619,0.000411,172.31.46.0-255,66,61727,50,200632
19620,0.000431,74.125.24.0-255,3961,65688,50,200632
19621,0.000433,172.31.46.0-255,66,65754,50,200632
19622,0.000466,74.125.24.0-255,396,66150,50,200632
19623,0.000516,74.125.24.0-255,111,66261,50,200632
19624,0.000649,74.125.24.0-255,1484,67745,50,200632
19625,0.000654,172.31.46.0-255,66,67811,50,200632
19626,0.000659,74.125.24.0-255,2902,70713,50,200632
19627,0.000662,172.31.46.0-255,66,70779,50,200632
19628,0.000687,74.125.24.0-255,5738,76517,50,200632
19629,0.00069,172.31.46.0-255,66,76583,50,200632
19630,0.000697,74.125.24.0-255,5738,82321,50,200632
19631,0.000699,172.31.46.0-255,66,82387,50,200632
19632,0.000721,74.125.24.0-255,4320,86707,50,200632
19633,0.000723,172.31.46.0-255,66,86773,50,200632
19634,0.000759,172.31.46.0-255,66,86839,50,200632
19635,0.000764,74.125.24.0-255,3961,90800,50,200632
19636,0.000767,74.125.24.0-255,332,91132,50,200632
19637,0.000772,172.31.46.0-255,66,91198,50,200632
19638,0.001255,74.125.24.0-255,1484,92682,50,200632
19639,0.001262,74.125.24.0-255,2902,95584,50,200632
19640,0.001265,172.31.46.0-255,66,95650,50,200632
19641,0.001272,74.125.24.0-255,5738,101388,50,200632
19642,0.001274,172.31.46.0-255,66,101454,50,200632
19643,0.00131,74.125.24.0-255,7156,108610,50,200632
19644,0.001313,172.31.46.0-255,66,108676,50,200632
19645,0.001337,74.125.24.0-255,5738,114414,50,200632
19646,0.00134,172.31.46.0-255,66,114480,50,200632
19647,0.001352,172.31.46.0-255,66,114546,50,200632
19648,0.001354,74.125.24.0-255,766,115312,50,200632
19649,0.001629,74.125.24.0-255,1484,116796,50,200632
19650,0.001633,172.31.46.0-255,66,116862,50,200632
19651,0.001637,74.125.24.0-255,1484,118346,50,200632
19652,0.001652,74.125.24.0-255,1484,119830,50,200632
19653,0.001655,172.31.46.0-255,66,119896,50,200632
19654,0.001661,74.125.24.0-255,5738,125634,50,200632
19655,0.001664,172.31.46.0-255,66,125700,50,200632
19656,0.001667,74.125.24.0-255,1484,127184,50,200632
19657,0.001684,74.125.24.0-255,5738,132922,50,200632
19658,0.001687,172.31.46.0-255,66,132988,50,200632
19659,0.001708,74.125.24.0-255,1484,134472,50,200632
19660,0.001735,172.31.46.0-255,66,134538,50,200632
19661,0.00174,74.125.24.0-255,2184,136722,50,200632
19662,0.001742,172.31.46.0-255,66,136788,50,200632
19663,0.004086,74.125.24.0-255,5738,142526,50,200632
19664,0.004098,172.31.46.0-255,66,142592,50,200632
19665,0.006465,74.125.24.0-255,5738,148330,50,200632
19666,0.006471,172.31.46.0-255,66,148396,50,200632
19667,0.008814,74.125.24.0-255,5738,154134,50,200632
19668,0.008823,172.31.46.0-255,66,154200,50,200632
19669,0.011165,74.125.24.0-255,5738,159938,50,200632
19670,0.011181,172.31.46.0-255,66,160004,50,200632
19671,0.013573,74.125.24.0-255,5738,165742,50,200632
19672,0.013596,172.31.46.0-255,66,165808,50,200632
19673,0.015945,74.125.24.0-255,5738,171546,50,200632
19674,0.015966,172.31.46.0-255,66,171612,50,200632
19675,0.018338,74.125.24.0-255,5738,177350,50,200632
19676,0.018357,172.31.46.0-255,66,177416,50,200632
19677,0.020733,74.125.24.0-255,5738,183154,50,200632
19678,0.020752,172.31.46.0-255,66,183220,50,200632
19679,0.023099,74.125.24.0-255,5738,188958,50,200632
19680,0.023117,172.31.46.0-255,66,189024,50,200632
19681,0.025456,74.125.24.0-255,5738,194762,50,200632
19682,0.025469,172.31.46.0-255,66,194828,50,200632
19683,0.027839,74.125.24.0-255,5738,200566,50,200632
19684,0.027856,172.31.46.0-255,66,200632,50,200632
19685,0.0,172.217.194.0-255,146,146,50,186757
19686,2.4e-05,172.31.46.0-255,66,212,50,186757
19687,3.1e-05,172.217.194.0-255,1484,1696,50,186757
19688,3.5e-05,172.31.46.0-255,66,1762,50,186757
19689,5e-05,172.217.194.0-255,2902,4664,50,186757
19690,5.4e-05,172.31.46.0-255,66,4730,50,186757
19691,6.1e-05,172.217.194.0-255,7156,11886,50,186757
19692,6.4e-05,172.31.46.0-255,66,11952,50,186757
19693,8.7e-05,172.31.46.0-255,66,12018,50,186757
19694,0.000113,172.217.194.0-255,4841,16859,50,186757
19695,0.00012,172.31.46.0-255,66,16925,50,186757
19696,0.000124,172.217.194.0-255,1484,18409,50,186757
19697,0.000127,172.31.46.0-255,66,18475,50,186757
19698,0.00013,172.217.194.0-255,1125,19600,50,186757
19699,0.000132,172.31.46.0-255,66,19666,50,186757
19700,0.000194,172.217.194.0-255,1484,21150,50,186757
19701,0.000197,172.31.46.0-255,66,21216,50,186757
19702,0.000201,172.217.194.0-255,2902,24118,50,186757
19703,0.000204,172.31.46.0-255,66,24184,50,186757
19704,0.000234,172.217.194.0-255,5738,29922,50,186757
19705,0.000236,172.31.46.0-255,66,29988,50,186757
19706,0.000239,172.217.194.0-255,1484,31472,50,186757
19707,0.000241,172.31.46.0-255,66,31538,50,186757
19708,0.000282,172.31.46.0-255,66,31604,50,186757
19709,0.000298,172.31.46.0-255,66,31670,50,186757
19710,0.000346,172.217.194.0-255,6049,37719,50,186757
19711,0.000349,172.31.46.0-255,66,37785,50,186757
19712,0.000356,172.217.194.0-255,7156,44941,50,186757
19713,0.000359,172.31.46.0-255,66,45007,50,186757
19714,0.000393,172.217.194.0-255,6808,51815,50,186757
19715,0.000396,172.31.46.0-255,66,51881,50,186757
19716,0.000404,172.217.194.0-255,7156,59037,50,186757
19717,0.000406,172.31.46.0-255,66,59103,50,186757
19718,0.00044,172.217.194.0-255,7095,66198,50,186757
19719,0.000443,172.31.46.0-255,66,66264,50,186757
19720,0.000843,172.217.194.0-255,1484,67748,50,186757
19721,0.000849,172.31.46.0-255,66,67814,50,186757
19722,0.000856,172.217.194.0-255,2902,70716,50,186757
19723,0.000871,172.217.194.0-255,5738,76454,50,186757
19724,0.000904,172.217.194.0-255,1484,77938,50,186757
19725,0.00094,172.217.194.0-255,766,78704,50,186757
19726,0.000992,172.217.194.0-255,1484,80188,50,186757
19727,0.000996,172.217.194.0-255,2902,83090,50,186757
19728,0.001011,172.217.194.0-255,2902,85992,50,186757
19729,0.001029,172.217.194.0-255,2902,88894,50,186757
19730,0.001065,172.217.194.0-255,2902,91796,50,186757
19731,0.001108,172.31.46.0-255,66,91862,50,186757
19732,0.001183,172.217.194.0-255,1484,93346,50,186757
19733,0.001188,172.217.194.0-255,2902,96248,50,186757
19734,0.001194,172.217.194.0-255,4320,100568,50,186757
19735,0.001213,172.217.194.0-255,1484,102052,50,186757
19736,0.001218,172.31.46.0-255,66,102118,50,186757
19737,0.001251,172.217.194.0-255,1484,103602,50,186757
19738,0.001261,172.31.46.0-255,66,103668,50,186757
19739,0.001311,172.217.194.0-255,5738,109406,50,186757
19740,0.001326,172.217.194.0-255,5738,115144,50,186757
19741,0.001373,172.31.46.0-255,66,115210,50,186757
19742,0.001379,172.31.46.0-255,66,115276,50,186757
19743,0.001588,172.217.194.0-255,1484,116760,50,186757
19744,0.001594,172.217.194.0-255,2902,119662,50,186757
19745,0.001601,172.217.194.0-255,5738,125400,50,186757
19746,0.001611,172.31.46.0-255,66,125466,50,186757
19747,0.001624,172.217.194.0-255,1484,126950,50,186757
19748,0.001655,172.217.194.0-255,1484,128434,50,186757
19749,0.001672,172.31.46.0-255,66,128500,50,186757
19750,0.001698,172.31.46.0-255,66,128566,50,186757
19751,0.001814,172.217.194.0-255,1484,130050,50,186757
19752,0.001841,172.217.194.0-255,2902,132952,50,186757
19753,0.001847,172.217.194.0-255,5738,138690,50,186757
19754,0.001854,172.217.194.0-255,5738,144428,50,186757
19755,0.001864,172.31.46.0-255,66,144494,50,186757
19756,0.001888,172.217.194.0-255,7156,151650,50,186757
19757,0.001954,172.31.46.0-255,66,151716,50,186757
19758,0.002004,172.217.194.0-255,1484,153200,50,186757
19759,0.00201,172.217.194.0-255,2902,156102,50,186757
19760,0.002015,172.31.46.0-255,66,156168,50,186757
19761,0.002056,172.217.194.0-255,5738,161906,50,186757
19762,0.002074,172.31.46.0-255,66,161972,50,186757
19763,0.002141,172.31.46.0-255,66,162038,50,186757
19764,0.002171,172.217.194.0-255,7156,169194,50,186757
19765,0.002179,172.217.194.0-255,6438,175632,50,186757
19766,0.002182,172.217.194.0-255,1484,177116,50,186757
19767,0.002194,172.31.46.0-255,66,177182,50,186757
19768,0.002248,172.217.194.0-255,5738,182920,50,186757
19769,0.002251,172.31.46.0-255,66,182986,50,186757
19770,0.002256,172.31.46.0-255,66,183052,50,186757
19771,0.0023,172.31.46.0-255,66,183118,50,186757
19772,0.002327,172.217.194.0-255,3297,186415,50,186757
19773,0.002331,172.217.194.0-255,105,186520,50,186757
19774,0.002346,172.31.46.0-255,66,186586,50,186757
19775,0.005082,172.31.46.0-255,105,186691,50,186757
19776,0.007358,172.217.194.0-255,66,186757,50,186757
19777,0.0,172.217.194.0-255,152,152,50,199389
19778,2e-05,172.31.46.0-255,66,218,50,199389
19779,2.7e-05,172.217.194.0-255,1484,1702,50,199389
19780,3e-05,172.31.46.0-255,66,1768,50,199389
19781,3.6e-05,172.217.194.0-255,2902,4670,50,199389
19782,3.9e-05,172.31.46.0-255,66,4736,50,199389
19783,4.5e-05,172.217.194.0-255,4320,9056,50,199389
19784,4.7e-05,172.31.46.0-255,66,9122,50,199389
19785,5.2e-05,172.217.194.0-255,2902,12024,50,199389
19786,5.6e-05,172.31.46.0-255,66,12090,50,199389
19787,8.9e-05,172.217.194.0-255,6310,18400,50,199389
19788,9.2e-05,172.31.46.0-255,66,18466,50,199389
19789,0.000103,172.31.46.0-255,66,18532,50,199389
19790,0.000119,172.217.194.0-255,1484,20016,50,199389
19791,0.000121,172.31.46.0-255,66,20082,50,199389
19792,0.000143,172.217.194.0-255,2543,22625,50,199389
19793,0.000145,172.31.46.0-255,66,22691,50,199389
19794,0.000166,172.217.194.0-255,4320,27011,50,199389
19795,0.000168,172.31.46.0-255,66,27077,50,199389
19796,0.000171,172.217.194.0-255,1484,28561,50,199389
19797,0.000173,172.31.46.0-255,66,28627,50,199389
19798,0.000199,172.217.194.0-255,4320,32947,50,199389
19799,0.000202,172.217.194.0-255,2902,35849,50,199389
19800,0.000206,172.31.46.0-255,66,35915,50,199389
19801,0.000213,172.31.46.0-255,66,35981,50,199389
19802,0.000224,172.31.46.0-255,66,36047,50,199389
19803,0.000236,172.31.46.0-255,66,36113,50,199389
19804,0.00025,172.217.194.0-255,2184,38297,50,199389
19805,0.000252,172.31.46.0-255,66,38363,50,199389
19806,0.000255,172.217.194.0-255,412,38775,50,199389
19807,0.000337,172.217.194.0-255,1484,40259,50,199389
19808,0.000342,172.31.46.0-255,66,40325,50,199389
19809,0.000346,172.217.194.0-255,2902,43227,50,199389
19810,0.000349,172.31.46.0-255,66,43293,50,199389
19811,0.000364,172.217.194.0-255,5738,49031,50,199389
19812,0.000367,172.31.46.0-255,66,49097,50,199389
19813,0.000421,172.217.194.0-255,7156,56253,50,199389
19814,0.000424,172.31.46.0-255,66,56319,50,199389
19815,0.000444,172.217.194.0-255,2902,59221,50,199389
19816,0.000447,172.31.46.0-255,66,59287,50,199389
19817,0.000461,172.31.46.0-255,66,59353,50,199389
19818,0.00064,172.217.194.0-255,1484,60837,50,199389
19819,0.000653,172.217.194.0-255,2902,63739,50,199389
19820,0.000656,172.31.46.0-255,66,63805,50,199389
19821,0.00066,172.217.194.0-255,1484,65289,50,199389
19822,0.000681,172.217.194.0-255,4320,69609,50,199389
19823,0.000684,172.31.46.0-255,66,69675,50,199389
19824,0.00069,172.217.194.0-255,5738,75413,50,199389
19825,0.000693,172.31.46.0-255,66,75479,50,199389
19826,0.000706,172.217.194.0-255,1484,76963,50,199389
19827,0.000723,172.217.194.0-255,7156,84119,50,199389
19828,0.000726,172.31.46.0-255,66,84185,50,199389
19829,0.000749,172.217.194.0-255,4320,88505,50,199389
19830,0.000751,172.31.46.0-255,66,88571,50,199389
19831,0.000758,172.217.194.0-255,5020,93591,50,199389
19832,0.00076,172.31.46.0-255,66,93657,50,199389
19833,0.00083,172.217.194.0-255,1484,95141,50,199389
19834,0.000845,172.217.194.0-255,2902,98043,50,199389
19835,0.000848,172.31.46.0-255,66,98109,50,199389
19836,0.000869,172.217.194.0-255,5738,103847,50,199389
19837,0.000872,172.31.46.0-255,66,103913,50,199389
19838,0.000875,172.217.194.0-255,1484,105397,50,199389
19839,0.000895,172.217.194.0-255,2902,108299,50,199389
19840,0.000897,172.31.46.0-255,66,108365,50,199389
19841,0.000904,172.217.194.0-255,5738,114103,50,199389
19842,0.000906,172.31.46.0-255,66,114169,50,199389
19843,0.00094,172.217.194.0-255,5738,119907,50,199389
19844,0.000944,172.31.46.0-255,66,119973,50,199389
19845,0.000948,172.217.194.0-255,2902,122875,50,199389
19846,0.000951,172.31.46.0-255,66,122941,50,199389
19847,0.000969,172.217.194.0-255,4320,127261,50,199389
19848,0.000972,172.31.46.0-255,66,127327,50,199389
19849,0.000974,172.217.194.0-255,766,128093,50,199389
19850,0.001056,172.217.194.0-255,1484,129577,50,199389
19851,0.001059,172.31.46.0-255,66,129643,50,199389
19852,0.001065,172.217.194.0-255,2902,132545,50,199389
19853,0.001068,172.31.46.0-255,66,132611,50,199389
19854,0.001073,172.217.194.0-255,4320,136931,50,199389
19855,0.001076,172.31.46.0-255,66,136997,50,199389
19856,0.001099,172.217.194.0-255,1484,138481,50,199389
19857,0.001116,172.31.46.0-255,66,138547,50,199389
19858,0.001162,172.217.194.0-255,1484,140031,50,199389
19859,0.00118,172.217.194.0-255,2902,142933,50,199389
19860,0.001184,172.31.46.0-255,66,142999,50,199389
19861,0.001217,172.31.46.0-255,66,143065,50,199389
19862,0.001241,172.217.194.0-255,1484,144549,50,199389
19863,0.001245,172.217.194.0-255,1484,146033,50,199389
19864,0.001247,172.31.46.0-255,66,146099,50,199389
19865,0.001269,172.217.194.0-255,1484,147583,50,199389
19866,0.001275,172.217.194.0-255,5738,153321,50,199389
19867,0.001278,172.31.46.0-255,66,153387,50,199389
19868,0.001289,172.31.46.0-255,66,153453,50,199389
19869,0.00134,172.217.194.0-255,4320,157773,50,199389
19870,0.001344,172.31.46.0-255,66,157839,50,199389
19871,0.001367,172.31.46.0-255,66,157905,50,199389
19872,0.001405,172.217.194.0-255,5738,163643,50,199389
19873,0.001409,172.31.46.0-255,66,163709,50,199389
19874,0.001447,172.31.46.0-255,66,163775,50,199389
19875,0.00145,172.217.194.0-255,1484,165259,50,199389
19876,0.001497,172.31.46.0-255,66,165325,50,199389
19877,0.001528,172.217.194.0-255,5020,170345,50,199389
19878,0.001531,172.31.46.0-255,66,170411,50,199389
19879,0.001535,172.217.194.0-255,2902,173313,50,199389
19880,0.001538,172.31.46.0-255,66,173379,50,199389
19881,0.001559,172.31.46.0-255,66,173445,50,199389
19882,0.001564,172.217.194.0-255,3602,177047,50,199389
19883,0.001566,172.31.46.0-255,66,177113,50,199389
19884,0.001579,172.31.46.0-255,66,177179,50,199389
19885,0.001594,172.31.46.0-255,66,177245,50,199389
19886,0.001606,172.31.46.0-255,66,177311,50,199389
19887,0.001618,172.31.46.0-255,66,177377,50,199389
19888,0.001638,172.217.194.0-255,1484,178861,50,199389
19889,0.001646,172.217.194.0-255,7156,186017,50,199389
19890,0.001648,172.31.46.0-255,66,186083,50,199389
19891,0.001676,172.217.194.0-255,5738,191821,50,199389
19892,0.001679,172.31.46.0-255,66,191887,50,199389
19893,0.001693,172.31.46.0-255,66,191953,50,199389
19894,0.001709,172.31.46.0-255,66,192019,50,199389
19895,0.001712,172.217.194.0-255,1484,193503,50,199389
19896,0.001747,172.31.46.0-255,66,193569,50,199389
19897,0.001772,172.217.194.0-255,5315,198884,50,199389
19898,0.001775,172.31.46.0-255,66,198950,50,199389
19899,0.001778,172.217.194.0-255,97,199047,50,199389
19900,0.001781,172.217.194.0-255,105,199152,50,199389
19901,0.004469,172.31.46.0-255,66,199218,50,199389
19902,0.004506,172.31.46.0-255,105,199323,50,199389
19903,0.007094,172.217.194.0-255,66,199389,50,199389
19904,0.0,74.125.24.0-255,153,153,50,286936
19905,1.6e-05,172.31.46.0-255,66,219,50,286936
19906,2.3e-05,74.125.24.0-255,1484,1703,50,286936
19907,2.7e-05,172.31.46.0-255,66,1769,50,286936
19908,4e-05,74.125.24.0-255,2902,4671,50,286936
19909,4.2e-05,172.31.46.0-255,66,4737,50,286936
19910,4.7e-05,74.125.24.0-255,2902,7639,50,286936
19911,4.9e-05,172.31.46.0-255,66,7705,50,286936
19912,8.6e-05,74.125.24.0-255,6227,13932,50,286936
19913,8.9e-05,172.31.46.0-255,66,13998,50,286936
19914,0.000142,74.125.24.0-255,5738,19736,50,286936
19915,0.000145,172.31.46.0-255,66,19802,50,286936
19916,0.000153,74.125.24.0-255,7156,26958,50,286936
19917,0.000155,172.31.46.0-255,66,27024,50,286936
19918,0.000188,74.125.24.0-255,3961,30985,50,286936
19919,0.00019,172.31.46.0-255,66,31051,50,286936
19920,0.000314,74.125.24.0-255,1484,32535,50,286936
19921,0.000319,172.31.46.0-255,66,32601,50,286936
19922,0.000325,74.125.24.0-255,2902,35503,50,286936
19923,0.000327,172.31.46.0-255,66,35569,50,286936
19924,0.000352,74.125.24.0-255,1484,37053,50,286936
19925,0.000354,172.31.46.0-255,66,37119,50,286936
19926,0.000359,74.125.24.0-255,2902,40021,50,286936
19927,0.000361,172.31.46.0-255,66,40087,50,286936
19928,0.000367,74.125.24.0-255,5738,45825,50,286936
19929,0.000369,172.31.46.0-255,66,45891,50,286936
19930,0.000407,74.125.24.0-255,2543,48434,50,286936
19931,0.000409,172.31.46.0-255,66,48500,50,286936
19932,0.00052,74.125.24.0-255,1484,49984,50,286936
19933,0.000524,172.31.46.0-255,66,50050,50,286936
19934,0.000542,74.125.24.0-255,1484,51534,50,286936
19935,0.000547,172.31.46.0-255,66,51600,50,286936
19936,0.000557,74.125.24.0-255,2902,54502,50,286936
19937,0.00058,74.125.24.0-255,5738,60240,50,286936
19938,0.000616,74.125.24.0-255,1484,61724,50,286936
19939,0.000621,74.125.24.0-255,2902,64626,50,286936
19940,0.000625,172.31.46.0-255,66,64692,50,286936
19941,0.000642,74.125.24.0-255,1461,66153,50,286936
19942,0.000777,74.125.24.0-255,108,66261,50,286936
19943,0.000795,74.125.24.0-255,331,66592,50,286936
19944,0.000809,172.31.46.0-255,66,66658,50,286936
19945,0.001201,74.125.24.0-255,1484,68142,50,286936
19946,0.001215,74.125.24.0-255,2902,71044,50,286936
19947,0.001218,172.31.46.0-255,66,71110,50,286936
19948,0.001253,74.125.24.0-255,5738,76848,50,286936
19949,0.001256,172.31.46.0-255,66,76914,50,286936
19950,0.001263,74.125.24.0-255,5738,82652,50,286936
19951,0.001265,172.31.46.0-255,66,82718,50,286936
19952,0.001284,74.125.24.0-255,7156,89874,50,286936
19953,0.001286,172.31.46.0-255,66,89940,50,286936
19954,0.001316,74.125.24.0-255,5738,95678,50,286936
19955,0.001319,172.31.46.0-255,66,95744,50,286936
19956,0.001326,74.125.24.0-255,5020,100764,50,286936
19957,0.001328,172.31.46.0-255,66,100830,50,286936
19958,0.001469,74.125.24.0-255,1484,102314,50,286936
19959,0.001483,74.125.24.0-255,2902,105216,50,286936
19960,0.001486,172.31.46.0-255,66,105282,50,286936
19961,0.00149,74.125.24.0-255,1484,106766,50,286936
19962,0.001517,74.125.24.0-255,4320,111086,50,286936
19963,0.001524,74.125.24.0-255,7156,118242,50,286936
19964,0.001535,172.31.46.0-255,66,118308,50,286936
19965,0.001547,74.125.24.0-255,5738,124046,50,286936
19966,0.001596,74.125.24.0-255,7156,131202,50,286936
19967,0.001617,172.31.46.0-255,66,131268,50,286936
19968,0.001649,74.125.24.0-255,2902,134170,50,286936
19969,0.002201,74.125.24.0-255,1484,135654,50,286936
19970,0.002208,74.125.24.0-255,2902,138556,50,286936
19971,0.002224,74.125.24.0-255,1484,140040,50,286936
19972,0.002241,74.125.24.0-255,4320,144360,50,286936
19973,0.002255,74.125.24.0-255,2902,147262,50,286936
19974,0.002271,74.125.24.0-255,2902,150164,50,286936
19975,0.002276,74.125.24.0-255,5020,155184,50,286936
19976,0.003063,74.125.24.0-255,1484,156668,50,286936
19977,0.003084,74.125.24.0-255,2902,159570,50,286936
19978,0.003098,74.125.24.0-255,4320,163890,50,286936
19979,0.003112,74.125.24.0-255,1484,165374,50,286936
19980,0.003115,74.125.24.0-255,1484,166858,50,286936
19981,0.003152,74.125.24.0-255,4320,171178,50,286936
19982,0.003785,74.125.24.0-255,1484,172662,50,286936
19983,0.003804,74.125.24.0-255,2902,175564,50,286936
19984,0.003829,74.125.24.0-255,5738,181302,50,286936
19985,0.003832,74.125.24.0-255,1484,182786,50,286936
19986,0.003846,74.125.24.0-255,1484,184270,50,286936
19987,0.00386,74.125.24.0-255,2902,187172,50,286936
19988,0.003885,74.125.24.0-255,7156,194328,50,286936
19989,0.003904,74.125.24.0-255,2902,197230,50,286936
19990,0.003918,74.125.24.0-255,2902,200132,50,286936
19991,0.00396,74.125.24.0-255,5020,205152,50,286936
19992,0.004289,74.125.24.0-255,1484,206636,50,286936
19993,0.004296,74.125.24.0-255,2902,209538,50,286936
19994,0.004328,74.125.24.0-255,1484,211022,50,286936
19995,0.004345,74.125.24.0-255,4320,215342,50,286936
19996,0.004362,74.125.24.0-255,2902,218244,50,286936
19997,0.004376,74.125.24.0-255,2902,221146,50,286936
19998,0.004408,74.125.24.0-255,7156,228302,50,286936
19999,0.004414,74.125.24.0-255,5738,234040,50,286936
20000,0.004436,74.125.24.0-255,5020,239060,50,286936
20001,0.004463,172.31.46.0-255,66,239126,50,286936
20002,0.005253,74.125.24.0-255,1484,240610,50,286936
20003,0.005264,74.125.24.0-255,1484,242094,50,286936
20004,0.005268,172.31.46.0-255,66,242160,50,286936
20005,0.00528,74.125.24.0-255,1484,243644,50,286936
20006,0.005286,74.125.24.0-255,1484,245128,50,286936
20007,0.005292,74.125.24.0-255,5738,250866,50,286936
20008,0.005307,172.31.46.0-255,66,250932,50,286936
20009,0.005318,74.125.24.0-255,5738,256670,50,286936
20010,0.005345,74.125.24.0-255,7156,263826,50,286936
20011,0.005396,172.31.46.0-255,66,263892,50,286936
20012,0.00541,172.31.46.0-255,66,263958,50,286936
20013,0.005481,172.31.46.0-255,66,264024,50,286936
20014,0.005631,74.125.24.0-255,1484,265508,50,286936
20015,0.005652,74.125.24.0-255,2902,268410,50,286936
20016,0.005658,74.125.24.0-255,5738,274148,50,286936
20017,0.005665,74.125.24.0-255,2902,277050,50,286936
20018,0.006219,74.125.24.0-255,1484,278534,50,286936
20019,0.006234,74.125.24.0-255,2902,281436,50,286936
20020,0.006296,74.125.24.0-255,5158,286594,50,286936
20021,0.006333,74.125.24.0-255,105,286699,50,286936
20022,0.009522,172.31.46.0-255,66,286765,50,286936
20023,0.011051,172.31.46.0-255,105,286870,50,286936
20024,0.012985,74.125.24.0-255,66,286936,50,286936
20025,0.0,216.58.203.0-255,298,298,50,233029
20026,1.6e-05,172.31.46.0-255,66,364,50,233029
20027,2.3e-05,216.58.203.0-255,1484,1848,50,233029
20028,2.8e-05,172.31.46.0-255,66,1914,50,233029
20029,3.4e-05,216.58.203.0-255,4320,6234,50,233029
20030,4.7e-05,172.31.46.0-255,66,6300,50,233029
20031,6e-05,172.31.46.0-255,66,6366,50,233029
20032,6.6e-05,216.58.203.0-255,4320,10686,50,233029
20033,6.9e-05,172.31.46.0-255,66,10752,50,233029
20034,0.000104,216.58.203.0-255,4320,15072,50,233029
20035,0.000108,172.31.46.0-255,66,15138,50,233029
20036,0.000119,172.31.46.0-255,66,15204,50,233029
20037,0.000404,216.58.203.0-255,1484,16688,50,233029
20038,0.00041,172.31.46.0-255,66,16754,50,233029
20039,0.000417,216.58.203.0-255,2902,19656,50,233029
20040,0.00042,172.31.46.0-255,66,19722,50,233029
20041,0.000432,216.58.203.0-255,5738,25460,50,233029
20042,0.000434,172.31.46.0-255,66,25526,50,233029
20043,0.000442,216.58.203.0-255,6797,32323,50,233029
20044,0.000444,172.31.46.0-255,66,32389,50,233029
20045,0.000451,216.58.203.0-255,7156,39545,50,233029
20046,0.000454,172.31.46.0-255,66,39611,50,233029
20047,0.000457,216.58.203.0-255,1484,41095,50,233029
20048,0.000459,172.31.46.0-255,66,41161,50,233029
20049,0.000503,172.31.46.0-255,66,41227,50,233029
20050,0.000506,216.58.203.0-255,394,41621,50,233029
20051,0.000508,172.31.46.0-255,66,41687,50,233029
20052,0.001011,216.58.203.0-255,116,41803,50,233029
20053,0.001017,172.31.46.0-255,66,41869,50,233029
20054,0.001219,216.58.203.0-255,1484,43353,50,233029
20055,0.001229,216.58.203.0-255,2902,46255,50,233029
20056,0.001233,172.31.46.0-255,66,46321,50,233029
20057,0.001238,216.58.203.0-255,1484,47805,50,233029
20058,0.001268,216.58.203.0-255,4320,52125,50,233029
20059,0.001271,172.31.46.0-255,66,52191,50,233029
20060,0.001279,216.58.203.0-255,6797,58988,50,233029
20061,0.001281,172.31.46.0-255,66,59054,50,233029
20062,0.001292,216.58.203.0-255,7156,66210,50,233029
20063,0.001295,172.31.46.0-255,66,66276,50,233029
20064,0.001318,216.58.203.0-255,2902,69178,50,233029
20065,0.00132,172.31.46.0-255,66,69244,50,233029
20066,0.001353,216.58.203.0-255,6797,76041,50,233029
20067,0.001356,172.31.46.0-255,66,76107,50,233029
20068,0.001385,216.58.203.0-255,1484,77591,50,233029
20069,0.00139,216.58.203.0-255,2902,80493,50,233029
20070,0.001393,172.31.46.0-255,66,80559,50,233029
20071,0.001399,216.58.203.0-255,5738,86297,50,233029
20072,0.001401,172.31.46.0-255,66,86363,50,233029
20073,0.001409,216.58.203.0-255,1484,87847,50,233029
20074,0.001434,216.58.203.0-255,7156,95003,50,233029
20075,0.001437,172.31.46.0-255,66,95069,50,233029
20076,0.001445,216.58.203.0-255,7156,102225,50,233029
20077,0.001447,172.31.46.0-255,66,102291,50,233029
20078,0.001466,216.58.203.0-255,2902,105193,50,233029
20079,0.001468,172.31.46.0-255,66,105259,50,233029
20080,0.001496,216.58.203.0-255,5020,110279,50,233029
20081,0.001498,172.31.46.0-255,66,110345,50,233029
20082,0.001527,216.58.203.0-255,5738,116083,50,233029
20083,0.00153,172.31.46.0-255,66,116149,50,233029
20084,0.001537,216.58.203.0-255,7156,123305,50,233029
20085,0.001541,172.31.46.0-255,66,123371,50,233029
20086,0.001543,216.58.203.0-255,1484,124855,50,233029
20087,0.001594,172.31.46.0-255,66,124921,50,233029
20088,0.001601,216.58.203.0-255,6438,131359,50,233029
20089,0.001605,172.31.46.0-255,66,131425,50,233029
20090,0.001692,216.58.203.0-255,1484,132909,50,233029
20091,0.001698,216.58.203.0-255,2902,135811,50,233029
20092,0.001701,172.31.46.0-255,66,135877,50,233029
20093,0.001727,216.58.203.0-255,2902,138779,50,233029
20094,0.00173,172.31.46.0-255,66,138845,50,233029
20095,0.00336,216.58.203.0-255,2902,141747,50,233029
20096,0.003371,172.31.46.0-255,66,141813,50,233029
20097,0.003404,216.58.203.0-255,2902,144715,50,233029
20098,0.003407,172.31.46.0-255,66,144781,50,233029
20099,0.005026,216.58.203.0-255,2902,147683,50,233029
20100,0.005033,172.31.46.0-255,66,147749,50,233029
20101,0.005064,216.58.203.0-255,2902,150651,50,233029
20102,0.005067,172.31.46.0-255,66,150717,50,233029
20103,0.006687,216.58.203.0-255,2902,153619,50,233029
20104,0.00669,172.31.46.0-255,66,153685,50,233029
20105,0.006714,216.58.203.0-255,1484,155169,50,233029
20106,0.00673,216.58.203.0-255,1484,156653,50,233029
20107,0.006732,172.31.46.0-255,66,156719,50,233029
20108,0.008344,216.58.203.0-255,2902,159621,50,233029
20109,0.008347,172.31.46.0-255,66,159687,50,233029
20110,0.008399,216.58.203.0-255,2902,162589,50,233029
20111,0.008403,172.31.46.0-255,66,162655,50,233029
20112,0.010003,216.58.203.0-255,2902,165557,50,233029
20113,0.01001,172.31.46.0-255,66,165623,50,233029
20114,0.010041,216.58.203.0-255,1484,167107,50,233029
20115,0.010053,216.58.203.0-255,1484,168591,50,233029
20116,0.010056,172.31.46.0-255,66,168657,50,233029
20117,0.011666,216.58.203.0-255,2902,171559,50,233029
20118,0.011674,172.31.46.0-255,66,171625,50,233029
20119,0.011702,216.58.203.0-255,2902,174527,50,233029
20120,0.011705,172.31.46.0-255,66,174593,50,233029
20121,0.013351,216.58.203.0-255,2902,177495,50,233029
20122,0.013359,172.31.46.0-255,66,177561,50,233029
20123,0.013389,216.58.203.0-255,2902,180463,50,233029
20124,0.013392,172.31.46.0-255,66,180529,50,233029
20125,0.015016,216.58.203.0-255,2902,183431,50,233029
20126,0.015024,172.31.46.0-255,66,183497,50,233029
20127,0.015053,216.58.203.0-255,2902,186399,50,233029
20128,0.015056,172.31.46.0-255,66,186465,50,233029
20129,0.016692,216.58.203.0-255,2902,189367,50,233029
20130,0.016707,172.31.46.0-255,66,189433,50,233029
20131,0.016739,216.58.203.0-255,2902,192335,50,233029
20132,0.016742,172.31.46.0-255,66,192401,50,233029
20133,0.018385,216.58.203.0-255,5738,198139,50,233029
20134,0.018397,172.31.46.0-255,66,198205,50,233029
20135,0.020062,216.58.203.0-255,5738,203943,50,233029
20136,0.020071,172.31.46.0-255,66,204009,50,233029
20137,0.021741,216.58.203.0-255,5738,209747,50,233029
20138,0.021753,172.31.46.0-255,66,209813,50,233029
20139,0.023422,216.58.203.0-255,5738,215551,50,233029
20140,0.023431,172.31.46.0-255,66,215617,50,233029
20141,0.025098,216.58.203.0-255,5738,221355,50,233029
20142,0.025107,172.31.46.0-255,66,221421,50,233029
20143,0.026788,216.58.203.0-255,5738,227159,50,233029
20144,0.0268,172.31.46.0-255,66,227225,50,233029
20145,0.028461,216.58.203.0-255,5738,232963,50,233029
20146,0.02847,172.31.46.0-255,66,233029,50,233029
20147,0.0,172.217.194.0-255,146,146,50,166947
20148,2.4e-05,172.31.46.0-255,66,212,50,166947
20149,3.1e-05,172.217.194.0-255,1484,1696,50,166947
20150,3.6e-05,172.31.46.0-255,66,1762,50,166947
20151,4.2e-05,172.217.194.0-255,2902,4664,50,166947
20152,4.5e-05,172.31.46.0-255,66,4730,50,166947
20153,5.2e-05,172.217.194.0-255,7156,11886,50,166947
20154,5.5e-05,172.31.46.0-255,66,11952,50,166947
20155,8.2e-05,172.217.194.0-255,4320,16272,50,166947
20156,8.5e-05,172.31.46.0-255,66,16338,50,166947
20157,0.000113,172.217.194.0-255,3495,19833,50,166947
20158,0.000116,172.31.46.0-255,66,19899,50,166947
20159,0.000127,172.31.46.0-255,66,19965,50,166947
20160,0.000131,172.217.194.0-255,2543,22508,50,166947
20161,0.000134,172.31.46.0-255,66,22574,50,166947
20162,0.000163,172.217.194.0-255,1484,24058,50,166947
20163,0.000166,172.31.46.0-255,66,24124,50,166947
20164,0.000179,172.217.194.0-255,1484,25608,50,166947
20165,0.000181,172.31.46.0-255,66,25674,50,166947
20166,0.000188,172.217.194.0-255,7156,32830,50,166947
20167,0.000191,172.31.46.0-255,66,32896,50,166947
20168,0.000229,172.217.194.0-255,1484,34380,50,166947
20169,0.000233,172.31.46.0-255,66,34446,50,166947
20170,0.000235,172.31.46.0-255,66,34512,50,166947
20171,0.000263,172.31.46.0-255,66,34578,50,166947
20172,0.000265,172.217.194.0-255,98,34676,50,166947
20173,0.000267,172.31.46.0-255,66,34742,50,166947
20174,0.000289,172.217.194.0-255,364,35106,50,166947
20175,0.000291,172.31.46.0-255,66,35172,50,166947
20176,0.000464,172.217.194.0-255,1484,36656,50,166947
20177,0.000472,172.217.194.0-255,2902,39558,50,166947
20178,0.000475,172.31.46.0-255,66,39624,50,166947
20179,0.000483,172.217.194.0-255,5738,45362,50,166947
20180,0.000485,172.31.46.0-255,66,45428,50,166947
20181,0.000488,172.217.194.0-255,1484,46912,50,166947
20182,0.000519,172.31.46.0-255,66,46978,50,166947
20183,0.000594,172.31.46.0-255,66,47044,50,166947
20184,0.000902,172.217.194.0-255,1484,48528,50,166947
20185,0.000908,172.217.194.0-255,2902,51430,50,166947
20186,0.000912,172.31.46.0-255,66,51496,50,166947
20187,0.000919,172.217.194.0-255,5738,57234,50,166947
20188,0.000921,172.31.46.0-255,66,57300,50,166947
20189,0.000969,172.31.46.0-255,66,57366,50,166947
20190,0.000982,172.31.46.0-255,66,57432,50,166947
20191,0.001187,172.217.194.0-255,1484,58916,50,166947
20192,0.001196,172.217.194.0-255,2902,61818,50,166947
20193,0.001199,172.31.46.0-255,66,61884,50,166947
20194,0.001206,172.217.194.0-255,4320,66204,50,166947
20195,0.001209,172.31.46.0-255,66,66270,50,166947
20196,0.001212,172.217.194.0-255,1484,67754,50,166947
20197,0.001263,172.217.194.0-255,7156,74910,50,166947
20198,0.001267,172.31.46.0-255,66,74976,50,166947
20199,0.00128,172.31.46.0-255,66,75042,50,166947
20200,0.001297,172.217.194.0-255,5020,80062,50,166947
20201,0.0013,172.31.46.0-255,66,80128,50,166947
20202,0.001314,172.217.194.0-255,4320,84448,50,166947
20203,0.001316,172.31.46.0-255,66,84514,50,166947
20204,0.001352,172.31.46.0-255,66,84580,50,166947
20205,0.001355,172.217.194.0-255,1484,86064,50,166947
20206,0.00136,172.217.194.0-255,2902,88966,50,166947
20207,0.001362,172.31.46.0-255,66,89032,50,166947
20208,0.001396,172.31.46.0-255,66,89098,50,166947
20209,0.001409,172.31.46.0-255,66,89164,50,166947
20210,0.001437,172.217.194.0-255,7156,96320,50,166947
20211,0.00144,172.31.46.0-255,66,96386,50,166947
20212,0.001471,172.31.46.0-255,66,96452,50,166947
20213,0.001489,172.217.194.0-255,1484,97936,50,166947
20214,0.001494,172.217.194.0-255,2902,100838,50,166947
20215,0.001497,172.31.46.0-255,66,100904,50,166947
20216,0.0015,172.217.194.0-255,1484,102388,50,166947
20217,0.001518,172.217.194.0-255,4320,106708,50,166947
20218,0.001521,172.31.46.0-255,66,106774,50,166947
20219,0.001526,172.217.194.0-255,2902,109676,50,166947
20220,0.001527,172.31.46.0-255,66,109742,50,166947
20221,0.001571,172.31.46.0-255,66,109808,50,166947
20222,0.001579,172.217.194.0-255,5738,115546,50,166947
20223,0.001581,172.31.46.0-255,66,115612,50,166947
20224,0.001604,172.217.194.0-255,5020,120632,50,166947
20225,0.001607,172.31.46.0-255,66,120698,50,166947
20226,0.001666,172.217.194.0-255,1484,122182,50,166947
20227,0.001671,172.217.194.0-255,2902,125084,50,166947
20228,0.001673,172.31.46.0-255,66,125150,50,166947
20229,0.001697,172.217.194.0-255,5738,130888,50,166947
20230,0.0017,172.31.46.0-255,66,130954,50,166947
20231,0.001706,172.217.194.0-255,4320,135274,50,166947
20232,0.001708,172.31.46.0-255,66,135340,50,166947
20233,0.001732,172.31.46.0-255,66,135406,50,166947
20234,0.001745,172.31.46.0-255,66,135472,50,166947
20235,0.001801,172.217.194.0-255,1484,136956,50,166947
20236,0.001805,172.217.194.0-255,1484,138440,50,166947
20237,0.001807,172.31.46.0-255,66,138506,50,166947
20238,0.001823,172.217.194.0-255,1484,139990,50,166947
20239,0.00183,172.217.194.0-255,5738,145728,50,166947
20240,0.001833,172.31.46.0-255,66,145794,50,166947
20241,0.001839,172.217.194.0-255,5738,151532,50,166947
20242,0.001842,172.31.46.0-255,66,151598,50,166947
20243,0.00186,172.217.194.0-255,1484,153082,50,166947
20244,0.001865,172.217.194.0-255,2902,155984,50,166947
20245,0.001867,172.31.46.0-255,66,156050,50,166947
20246,0.001906,172.31.46.0-255,66,156116,50,166947
20247,0.001918,172.31.46.0-255,66,156182,50,166947
20248,0.001935,172.217.194.0-255,2902,159084,50,166947
20249,0.001938,172.31.46.0-255,66,159150,50,166947
20250,0.001976,172.31.46.0-255,66,159216,50,166947
20251,0.001992,172.31.46.0-255,66,159282,50,166947
20252,0.002023,172.217.194.0-255,7156,166438,50,166947
20253,0.002073,172.217.194.0-255,105,166543,50,166947
20254,0.005647,172.31.46.0-255,66,166609,50,166947
20255,0.007457,172.31.46.0-255,101,166710,50,166947
20256,0.008856,172.31.46.0-255,105,166815,50,166947
20257,0.009758,172.217.194.0-255,66,166881,50,166947
20258,0.011197,172.217.194.0-255,66,166947,50,166947
20259,0.0,74.125.24.0-255,152,152,50,228243
20260,2.7e-05,172.31.46.0-255,66,218,50,228243
20261,3.3e-05,74.125.24.0-255,1484,1702,50,228243
20262,3.8e-05,172.31.46.0-255,66,1768,50,228243
20263,4.3e-05,74.125.24.0-255,2902,4670,50,228243
20264,5.3e-05,172.31.46.0-255,66,4736,50,228243
20265,6.1e-05,74.125.24.0-255,7156,11892,50,228243
20266,6.3e-05,172.31.46.0-255,66,11958,50,228243
20267,9.6e-05,74.125.24.0-255,1910,13868,50,228243
20268,9.9e-05,172.31.46.0-255,66,13934,50,228243
20269,0.000103,74.125.24.0-255,2902,16836,50,228243
20270,0.000105,172.31.46.0-255,66,16902,50,228243
20271,0.000108,74.125.24.0-255,1484,18386,50,228243
20272,0.00011,172.31.46.0-255,66,18452,50,228243
20273,0.000154,74.125.24.0-255,5738,24190,50,228243
20274,0.000158,172.31.46.0-255,66,24256,50,228243
20275,0.000167,74.125.24.0-255,5738,29994,50,228243
20276,0.000169,172.31.46.0-255,66,30060,50,228243
20277,0.000172,74.125.24.0-255,1125,31185,50,228243
20278,0.000175,172.31.46.0-255,66,31251,50,228243
20279,0.000258,74.125.24.0-255,1484,32735,50,228243
20280,0.000262,172.31.46.0-255,66,32801,50,228243
20281,0.000289,74.125.24.0-255,1484,34285,50,228243
20282,0.000292,172.31.46.0-255,66,34351,50,228243
20283,0.000297,74.125.24.0-255,2902,37253,50,228243
20284,0.000299,172.31.46.0-255,66,37319,50,228243
20285,0.000304,74.125.24.0-255,2902,40221,50,228243
20286,0.000306,172.31.46.0-255,66,40287,50,228243
20287,0.000339,74.125.24.0-255,2902,43189,50,228243
20288,0.000342,172.31.46.0-255,66,43255,50,228243
20289,0.00035,74.125.24.0-255,6797,50052,50,228243
20290,0.000353,172.31.46.0-255,66,50118,50,228243
20291,0.000384,74.125.24.0-255,7156,57274,50,228243
20292,0.000387,172.31.46.0-255,66,57340,50,228243
20293,0.000395,74.125.24.0-255,5738,63078,50,228243
20294,0.000397,172.31.46.0-255,66,63144,50,228243
20295,0.000417,74.125.24.0-255,2543,65687,50,228243
20296,0.000421,172.31.46.0-255,66,65753,50,228243
20297,0.000424,74.125.24.0-255,443,66196,50,228243
20298,0.000804,172.31.46.0-255,66,66262,50,228243
20299,0.000981,74.125.24.0-255,332,66594,50,228243
20300,0.001014,172.31.46.0-255,66,66660,50,228243
20301,0.001207,74.125.24.0-255,1484,68144,50,228243
20302,0.001216,74.125.24.0-255,2902,71046,50,228243
20303,0.00122,172.31.46.0-255,66,71112,50,228243
20304,0.001253,74.125.24.0-255,5738,76850,50,228243
20305,0.001256,172.31.46.0-255,66,76916,50,228243
20306,0.00126,74.125.24.0-255,1484,78400,50,228243
20307,0.001294,172.31.46.0-255,66,78466,50,228243
20308,0.001301,74.125.24.0-255,7156,85622,50,228243
20309,0.001303,172.31.46.0-255,66,85688,50,228243
20310,0.001358,74.125.24.0-255,6438,92126,50,228243
20311,0.001363,172.31.46.0-255,66,92192,50,228243
20312,0.001935,74.125.24.0-255,1484,93676,50,228243
20313,0.001944,74.125.24.0-255,2902,96578,50,228243
20314,0.001948,172.31.46.0-255,66,96644,50,228243
20315,0.001952,74.125.24.0-255,1484,98128,50,228243
20316,0.001994,74.125.24.0-255,4320,102448,50,228243
20317,0.001997,172.31.46.0-255,66,102514,50,228243
20318,0.002009,172.31.46.0-255,66,102580,50,228243
20319,0.002014,74.125.24.0-255,4320,106900,50,228243
20320,0.002015,172.31.46.0-255,66,106966,50,228243
20321,0.002078,74.125.24.0-255,6438,113404,50,228243
20322,0.002081,172.31.46.0-255,66,113470,50,228243
20323,0.002133,74.125.24.0-255,1484,114954,50,228243
20324,0.002138,74.125.24.0-255,1484,116438,50,228243
20325,0.002141,172.31.46.0-255,66,116504,50,228243
20326,0.002164,74.125.24.0-255,1484,117988,50,228243
20327,0.002169,74.125.24.0-255,5738,123726,50,228243
20328,0.002173,172.31.46.0-255,66,123792,50,228243
20329,0.002191,74.125.24.0-255,1484,125276,50,228243
20330,0.002225,172.31.46.0-255,66,125342,50,228243
20331,0.002232,74.125.24.0-255,7156,132498,50,228243
20332,0.002234,172.31.46.0-255,66,132564,50,228243
20333,0.002256,74.125.24.0-255,2902,135466,50,228243
20334,0.00226,172.31.46.0-255,66,135532,50,228243
20335,0.002271,74.125.24.0-255,766,136298,50,228243
20336,0.002311,74.125.24.0-255,2902,139200,50,228243
20337,0.002314,172.31.46.0-255,66,139266,50,228243
20338,0.002318,74.125.24.0-255,1484,140750,50,228243
20339,0.002345,74.125.24.0-255,2902,143652,50,228243
20340,0.002348,172.31.46.0-255,66,143718,50,228243
20341,0.002355,74.125.24.0-255,5738,149456,50,228243
20342,0.002357,172.31.46.0-255,66,149522,50,228243
20343,0.002377,74.125.24.0-255,2902,152424,50,228243
20344,0.002379,172.31.46.0-255,66,152490,50,228243
20345,0.002386,74.125.24.0-255,5738,158228,50,228243
20346,0.002388,172.31.46.0-255,66,158294,50,228243
20347,0.002416,74.125.24.0-255,1484,159778,50,228243
20348,0.002421,74.125.24.0-255,2902,162680,50,228243
20349,0.002423,172.31.46.0-255,66,162746,50,228243
20350,0.002459,172.31.46.0-255,66,162812,50,228243
20351,0.00478,74.125.24.0-255,4320,167132,50,228243
20352,0.004785,172.31.46.0-255,66,167198,50,228243
20353,0.004809,74.125.24.0-255,1484,168682,50,228243
20354,0.007146,74.125.24.0-255,4320,173002,50,228243
20355,0.007153,172.31.46.0-255,66,173068,50,228243
20356,0.009525,74.125.24.0-255,5738,178806,50,228243
20357,0.009534,172.31.46.0-255,66,178872,50,228243
20358,0.011878,74.125.24.0-255,5738,184610,50,228243
20359,0.011887,172.31.46.0-255,66,184676,50,228243
20360,0.014246,74.125.24.0-255,5738,190414,50,228243
20361,0.014256,172.31.46.0-255,66,190480,50,228243
20362,0.01661,74.125.24.0-255,5738,196218,50,228243
20363,0.016621,172.31.46.0-255,66,196284,50,228243
20364,0.019011,74.125.24.0-255,5738,202022,50,228243
20365,0.01902,172.31.46.0-255,66,202088,50,228243
20366,0.021393,74.125.24.0-255,5738,207826,50,228243
20367,0.021401,172.31.46.0-255,66,207892,50,228243
20368,0.023639,172.31.46.0-255,172,208064,50,228243
20369,0.023669,172.31.46.0-255,1108,209172,50,228243
20370,0.023705,172.31.46.0-255,1514,210686,50,228243
20371,0.023712,172.31.46.0-255,1299,211985,50,228243
20372,0.02376,74.125.24.0-255,4320,216305,50,228243
20373,0.023765,172.31.46.0-255,66,216371,50,228243
20374,0.023783,74.125.24.0-255,1484,217855,50,228243
20375,0.025183,104.244.42.0-255,66,217921,50,228243
20376,0.025376,104.244.42.0-255,66,217987,50,228243
20377,0.025382,104.244.42.0-255,66,218053,50,228243
20378,0.026082,74.125.24.0-255,4320,222373,50,228243
20379,0.026089,172.31.46.0-255,66,222439,50,228243
20380,0.028451,74.125.24.0-255,5738,228177,50,228243
20381,0.028457,172.31.46.0-255,66,228243,50,228243
20382,0.0,74.125.24.0-255,152,152,50,122461
20383,2.1e-05,172.31.46.0-255,66,218,50,122461
20384,2.8e-05,74.125.24.0-255,1484,1702,50,122461
20385,3.3e-05,172.31.46.0-255,66,1768,50,122461
20386,4.6e-05,74.125.24.0-255,2902,4670,50,122461
20387,5e-05,172.31.46.0-255,66,4736,50,122461
20388,5.7e-05,74.125.24.0-255,5738,10474,50,122461
20389,6e-05,172.31.46.0-255,66,10540,50,122461
20390,6.7e-05,74.125.24.0-255,3546,14086,50,122461
20391,6.9e-05,172.31.46.0-255,66,14152,50,122461
20392,0.000894,74.125.24.0-255,1484,15636,50,122461
20393,0.000901,172.31.46.0-255,66,15702,50,122461
20394,0.000912,74.125.24.0-255,2902,18604,50,122461
20395,0.000914,172.31.46.0-255,66,18670,50,122461
20396,0.000927,74.125.24.0-255,5738,24408,50,122461
20397,0.000929,172.31.46.0-255,66,24474,50,122461
20398,0.000937,74.125.24.0-255,6797,31271,50,122461
20399,0.00094,172.31.46.0-255,66,31337,50,122461
20400,0.001135,74.125.24.0-255,1484,32821,50,122461
20401,0.001141,172.31.46.0-255,66,32887,50,122461
20402,0.001148,74.125.24.0-255,2902,35789,50,122461
20403,0.00115,172.31.46.0-255,66,35855,50,122461
20404,0.001162,74.125.24.0-255,5738,41593,50,122461
20405,0.001166,172.31.46.0-255,66,41659,50,122461
20406,0.001194,74.125.24.0-255,6797,48456,50,122461
20407,0.001197,172.31.46.0-255,66,48522,50,122461
20408,0.003421,74.125.24.0-255,5738,54260,50,122461
20409,0.003427,172.31.46.0-255,66,54326,50,122461
20410,0.005673,74.125.24.0-255,5738,60064,50,122461
20411,0.005681,172.31.46.0-255,66,60130,50,122461
20412,0.007938,74.125.24.0-255,5738,65868,50,122461
20413,0.007947,172.31.46.0-255,66,65934,50,122461
20414,0.010212,74.125.24.0-255,5738,71672,50,122461
20415,0.010221,172.31.46.0-255,66,71738,50,122461
20416,0.012485,74.125.24.0-255,5738,77476,50,122461
20417,0.012495,172.31.46.0-255,66,77542,50,122461
20418,0.014743,74.125.24.0-255,5738,83280,50,122461
20419,0.014752,172.31.46.0-255,66,83346,50,122461
20420,0.017013,74.125.24.0-255,5738,89084,50,122461
20421,0.017021,172.31.46.0-255,66,89150,50,122461
20422,0.017156,172.31.46.0-255,172,89322,50,122461
20423,0.017186,172.31.46.0-255,1113,90435,50,122461
20424,0.017298,172.31.46.0-255,1514,91949,50,122461
20425,0.0173,172.31.46.0-255,1294,93243,50,122461
20426,0.018746,104.244.42.0-255,66,93309,50,122461
20427,0.018753,104.244.42.0-255,66,93375,50,122461
20428,0.018888,104.244.42.0-255,66,93441,50,122461
20429,0.01925,74.125.24.0-255,5738,99179,50,122461
20430,0.019255,172.31.46.0-255,66,99245,50,122461
20431,0.021492,74.125.24.0-255,5738,104983,50,122461
20432,0.021499,172.31.46.0-255,66,105049,50,122461
20433,0.023778,74.125.24.0-255,5738,110787,50,122461
20434,0.023785,172.31.46.0-255,66,110853,50,122461
20435,0.026046,74.125.24.0-255,5738,116591,50,122461
20436,0.026067,172.31.46.0-255,66,116657,50,122461
20437,0.02832,74.125.24.0-255,5738,122395,50,122461
20438,0.028327,172.31.46.0-255,66,122461,50,122461
20439,0.0,74.125.24.0-255,297,297,50,152099
20440,2.3e-05,172.31.46.0-255,66,363,50,152099
20441,3e-05,74.125.24.0-255,1484,1847,50,152099
20442,3.5e-05,172.31.46.0-255,66,1913,50,152099
20443,4.2e-05,74.125.24.0-255,4320,6233,50,152099
20444,4.6e-05,172.31.46.0-255,66,6299,50,152099
20445,5.2e-05,74.125.24.0-255,4320,10619,50,152099
20446,5.5e-05,172.31.46.0-255,66,10685,50,152099
20447,5.9e-05,74.125.24.0-255,2902,13587,50,152099
20448,6.2e-05,172.31.46.0-255,66,13653,50,152099
20449,8.8e-05,74.125.24.0-255,1798,15451,50,152099
20450,9.1e-05,172.31.46.0-255,66,15517,50,152099
20451,0.000106,172.31.46.0-255,66,15583,50,152099
20452,0.000111,74.125.24.0-255,3961,19544,50,152099
20453,0.000113,172.31.46.0-255,66,19610,50,152099
20454,0.000176,74.125.24.0-255,1484,21094,50,152099
20455,0.000179,172.31.46.0-255,66,21160,50,152099
20456,0.000182,74.125.24.0-255,1484,22644,50,152099
20457,0.000184,172.31.46.0-255,66,22710,50,152099
20458,0.000197,74.125.24.0-255,1484,24194,50,152099
20459,0.0002,172.31.46.0-255,66,24260,50,152099
20460,0.000207,74.125.24.0-255,5738,29998,50,152099
20461,0.000209,172.31.46.0-255,66,30064,50,152099
20462,0.000254,172.31.46.0-255,66,30130,50,152099
20463,0.000265,172.31.46.0-255,66,30196,50,152099
20464,0.000283,74.125.24.0-255,1397,31593,50,152099
20465,0.000285,172.31.46.0-255,66,31659,50,152099
20466,0.000318,74.125.24.0-255,383,32042,50,152099
20467,0.00032,172.31.46.0-255,66,32108,50,152099
20468,0.000436,74.125.24.0-255,1484,33592,50,152099
20469,0.000441,74.125.24.0-255,2902,36494,50,152099
20470,0.000444,172.31.46.0-255,66,36560,50,152099
20471,0.000447,74.125.24.0-255,1484,38044,50,152099
20472,0.000465,74.125.24.0-255,4320,42364,50,152099
20473,0.000467,172.31.46.0-255,66,42430,50,152099
20474,0.000501,172.31.46.0-255,66,42496,50,152099
20475,0.000508,74.125.24.0-255,7156,49652,50,152099
20476,0.000537,74.125.24.0-255,2543,52195,50,152099
20477,0.000689,74.125.24.0-255,1484,53679,50,152099
20478,0.000707,74.125.24.0-255,2902,56581,50,152099
20479,0.000714,74.125.24.0-255,5738,62319,50,152099
20480,0.000736,74.125.24.0-255,4320,66639,50,152099
20481,0.000808,74.125.24.0-255,766,67405,50,152099
20482,0.000841,74.125.24.0-255,1484,68889,50,152099
20483,0.000857,74.125.24.0-255,2902,71791,50,152099
20484,0.000896,74.125.24.0-255,4320,76111,50,152099
20485,0.000916,74.125.24.0-255,1484,77595,50,152099
20486,0.000931,74.125.24.0-255,1484,79079,50,152099
20487,0.001155,74.125.24.0-255,1484,80563,50,152099
20488,0.00118,74.125.24.0-255,2902,83465,50,152099
20489,0.001194,74.125.24.0-255,2902,86367,50,152099
20490,0.001204,74.125.24.0-255,1484,87851,50,152099
20491,0.001221,74.125.24.0-255,2902,90753,50,152099
20492,0.001236,74.125.24.0-255,5738,96491,50,152099
20493,0.001239,74.125.24.0-255,1484,97975,50,152099
20494,0.001258,74.125.24.0-255,5738,103713,50,152099
20495,0.001296,74.125.24.0-255,5738,109451,50,152099
20496,0.001313,74.125.24.0-255,3602,113053,50,152099
20497,0.001392,74.125.24.0-255,1484,114537,50,152099
20498,0.001397,74.125.24.0-255,2902,117439,50,152099
20499,0.001417,74.125.24.0-255,5738,123177,50,152099
20500,0.001461,74.125.24.0-255,2902,126079,50,152099
20501,0.00149,74.125.24.0-255,4320,130399,50,152099
20502,0.001518,74.125.24.0-255,4320,134719,50,152099
20503,0.001602,74.125.24.0-255,1484,136203,50,152099
20504,0.001633,74.125.24.0-255,5738,141941,50,152099
20505,0.001703,74.125.24.0-255,1484,143425,50,152099
20506,0.001809,74.125.24.0-255,2184,145609,50,152099
20507,0.001831,74.125.24.0-255,3016,148625,50,152099
20508,0.001849,74.125.24.0-255,105,148730,50,152099
20509,0.002139,172.31.46.0-255,66,148796,50,152099
20510,0.013141,172.31.46.0-255,105,148901,50,152099
20511,0.015427,74.125.24.0-255,66,148967,50,152099
20512,0.029024,172.31.46.0-255,172,149139,50,152099
20513,0.029053,172.31.46.0-255,1112,150251,50,152099
20514,0.029103,172.31.46.0-255,1514,151765,50,152099
20515,0.029104,172.31.46.0-255,334,152099,50,152099
20516,0.0,172.253.118.0-255,146,146,50,235792
20517,2.5e-05,172.31.46.0-255,66,212,50,235792
20518,3.2e-05,172.253.118.0-255,1484,1696,50,235792
20519,3.7e-05,172.31.46.0-255,66,1762,50,235792
20520,4.8e-05,172.253.118.0-255,2902,4664,50,235792
20521,5.2e-05,172.31.46.0-255,66,4730,50,235792
20522,5.9e-05,172.253.118.0-255,7156,11886,50,235792
20523,6.2e-05,172.31.46.0-255,66,11952,50,235792
20524,6.6e-05,172.253.118.0-255,2088,14040,50,235792
20525,6.8e-05,172.31.46.0-255,66,14106,50,235792
20526,0.000121,172.253.118.0-255,1484,15590,50,235792
20527,0.000123,172.31.46.0-255,66,15656,50,235792
20528,0.000128,172.253.118.0-255,2902,18558,50,235792
20529,0.00013,172.31.46.0-255,66,18624,50,235792
20530,0.000156,172.253.118.0-255,5738,24362,50,235792
20531,0.000158,172.31.46.0-255,66,24428,50,235792
20532,0.000184,172.253.118.0-255,4320,28748,50,235792
20533,0.000186,172.31.46.0-255,66,28814,50,235792
20534,0.000213,172.253.118.0-255,2543,31357,50,235792
20535,0.000215,172.31.46.0-255,66,31423,50,235792
20536,0.000287,172.253.118.0-255,1484,32907,50,235792
20537,0.00029,172.31.46.0-255,66,32973,50,235792
20538,0.000315,172.253.118.0-255,2902,35875,50,235792
20539,0.000317,172.31.46.0-255,66,35941,50,235792
20540,0.000323,172.253.118.0-255,5738,41679,50,235792
20541,0.000325,172.31.46.0-255,66,41745,50,235792
20542,0.000329,172.253.118.0-255,2902,44647,50,235792
20543,0.000331,172.31.46.0-255,66,44713,50,235792
20544,0.000359,172.253.118.0-255,1484,46197,50,235792
20545,0.000361,172.31.46.0-255,66,46263,50,235792
20546,0.000386,172.253.118.0-255,2543,48806,50,235792
20547,0.000388,172.31.46.0-255,66,48872,50,235792
20548,0.001145,172.253.118.0-255,1484,50356,50,235792
20549,0.001156,172.253.118.0-255,2902,53258,50,235792
20550,0.00116,172.31.46.0-255,66,53324,50,235792
20551,0.001166,172.253.118.0-255,4320,57644,50,235792
20552,0.001168,172.31.46.0-255,66,57710,50,235792
20553,0.001187,172.253.118.0-255,1484,59194,50,235792
20554,0.001196,172.253.118.0-255,4320,63514,50,235792
20555,0.001198,172.31.46.0-255,66,63580,50,235792
20556,0.00123,172.253.118.0-255,2543,66123,50,235792
20557,0.001232,172.31.46.0-255,66,66189,50,235792
20558,0.001235,172.253.118.0-255,2902,69091,50,235792
20559,0.001237,172.31.46.0-255,66,69157,50,235792
20560,0.001273,172.253.118.0-255,7156,76313,50,235792
20561,0.001275,172.31.46.0-255,66,76379,50,235792
20562,0.001318,172.253.118.0-255,6797,83176,50,235792
20563,0.001321,172.31.46.0-255,66,83242,50,235792
20564,0.001369,172.253.118.0-255,7156,90398,50,235792
20565,0.001371,172.31.46.0-255,66,90464,50,235792
20566,0.001375,172.253.118.0-255,2902,93366,50,235792
20567,0.001377,172.31.46.0-255,66,93432,50,235792
20568,0.001403,172.253.118.0-255,4320,97752,50,235792
20569,0.001405,172.31.46.0-255,66,97818,50,235792
20570,0.001434,172.253.118.0-255,3122,100940,50,235792
20571,0.001438,172.31.46.0-255,66,101006,50,235792
20572,0.002025,172.253.118.0-255,1484,102490,50,235792
20573,0.002032,172.253.118.0-255,2902,105392,50,235792
20574,0.002036,172.31.46.0-255,66,105458,50,235792
20575,0.002043,172.253.118.0-255,5738,111196,50,235792
20576,0.002045,172.31.46.0-255,66,111262,50,235792
20577,0.002055,172.253.118.0-255,5738,117000,50,235792
20578,0.002057,172.31.46.0-255,66,117066,50,235792
20579,0.002063,172.253.118.0-255,5738,122804,50,235792
20580,0.002065,172.31.46.0-255,66,122870,50,235792
20581,0.002095,172.253.118.0-255,1484,124354,50,235792
20582,0.002102,172.253.118.0-255,7156,131510,50,235792
20583,0.002104,172.31.46.0-255,66,131576,50,235792
20584,0.002146,172.253.118.0-255,3602,135178,50,235792
20585,0.002148,172.31.46.0-255,66,135244,50,235792
20586,0.002192,172.253.118.0-255,2902,138146,50,235792
20587,0.002194,172.31.46.0-255,66,138212,50,235792
20588,0.002216,172.253.118.0-255,1484,139696,50,235792
20589,0.002222,172.253.118.0-255,5738,145434,50,235792
20590,0.002225,172.31.46.0-255,66,145500,50,235792
20591,0.002248,172.253.118.0-255,4320,149820,50,235792
20592,0.00225,172.31.46.0-255,66,149886,50,235792
20593,0.002279,172.253.118.0-255,7156,157042,50,235792
20594,0.002282,172.31.46.0-255,66,157108,50,235792
20595,0.002299,172.31.46.0-255,66,157174,50,235792
20596,0.002327,172.253.118.0-255,1484,158658,50,235792
20597,0.002331,172.253.118.0-255,2902,161560,50,235792
20598,0.002333,172.31.46.0-255,66,161626,50,235792
20599,0.002363,172.253.118.0-255,5738,167364,50,235792
20600,0.002365,172.31.46.0-255,66,167430,50,235792
20601,0.002368,172.253.118.0-255,1484,168914,50,235792
20602,0.002395,172.253.118.0-255,2902,171816,50,235792
20603,0.002397,172.31.46.0-255,66,171882,50,235792
20604,0.004704,172.253.118.0-255,1484,173366,50,235792
20605,0.004738,172.253.118.0-255,4320,177686,50,235792
20606,0.004741,172.31.46.0-255,66,177752,50,235792
20607,0.007089,172.253.118.0-255,5738,183490,50,235792
20608,0.007094,172.31.46.0-255,66,183556,50,235792
20609,0.009434,172.253.118.0-255,5738,189294,50,235792
20610,0.009442,172.31.46.0-255,66,189360,50,235792
20611,0.011779,172.253.118.0-255,5738,195098,50,235792
20612,0.011788,172.31.46.0-255,66,195164,50,235792
20613,0.014135,172.253.118.0-255,5738,200902,50,235792
20614,0.014145,172.31.46.0-255,66,200968,50,235792
20615,0.016494,172.253.118.0-255,5738,206706,50,235792
20616,0.016503,172.31.46.0-255,66,206772,50,235792
20617,0.018855,172.253.118.0-255,5738,212510,50,235792
20618,0.018865,172.31.46.0-255,66,212576,50,235792
20619,0.021202,172.253.118.0-255,5738,218314,50,235792
20620,0.02121,172.31.46.0-255,66,218380,50,235792
20621,0.02358,172.253.118.0-255,5738,224118,50,235792
20622,0.023597,172.31.46.0-255,66,224184,50,235792
20623,0.02594,172.253.118.0-255,5738,229922,50,235792
20624,0.025948,172.31.46.0-255,66,229988,50,235792
20625,0.028341,172.253.118.0-255,5738,235726,50,235792
20626,0.02835,172.31.46.0-255,66,235792,50,235792
20627,0.0,172.217.194.0-255,296,296,50,246088
20628,7.7e-05,172.31.46.0-255,66,362,50,246088
20629,8.3e-05,172.217.194.0-255,1484,1846,50,246088
20630,8.7e-05,172.31.46.0-255,66,1912,50,246088
20631,9.4e-05,172.217.194.0-255,4320,6232,50,246088
20632,9.7e-05,172.31.46.0-255,66,6298,50,246088
20633,0.000109,172.31.46.0-255,66,6364,50,246088
20634,0.000112,172.217.194.0-255,1484,7848,50,246088
20635,0.000115,172.31.46.0-255,66,7914,50,246088
20636,0.000128,172.31.46.0-255,66,7980,50,246088
20637,0.000131,172.217.194.0-255,1125,9105,50,246088
20638,0.000133,172.31.46.0-255,66,9171,50,246088
20639,0.00021,172.217.194.0-255,1484,10655,50,246088
20640,0.000214,172.31.46.0-255,66,10721,50,246088
20641,0.000218,172.217.194.0-255,2902,13623,50,246088
20642,0.000221,172.31.46.0-255,66,13689,50,246088
20643,0.000226,172.217.194.0-255,4320,18009,50,246088
20644,0.000228,172.31.46.0-255,66,18075,50,246088
20645,0.000245,172.217.194.0-255,1484,19559,50,246088
20646,0.000249,172.31.46.0-255,66,19625,50,246088
20647,0.000256,172.217.194.0-255,6797,26422,50,246088
20648,0.000258,172.31.46.0-255,66,26488,50,246088
20649,0.000283,172.217.194.0-255,7156,33644,50,246088
20650,0.000285,172.31.46.0-255,66,33710,50,246088
20651,0.000326,172.31.46.0-255,66,33776,50,246088
20652,0.00035,172.217.194.0-255,364,34140,50,246088
20653,0.000353,172.31.46.0-255,66,34206,50,246088
20654,0.000438,172.217.194.0-255,1484,35690,50,246088
20655,0.000444,172.31.46.0-255,66,35756,50,246088
20656,0.000459,172.217.194.0-255,2902,38658,50,246088
20657,0.000464,172.217.194.0-255,5738,44396,50,246088
20658,0.000465,172.31.46.0-255,66,44462,50,246088
20659,0.000483,172.31.46.0-255,66,44528,50,246088
20660,0.000512,172.217.194.0-255,5738,50266,50,246088
20661,0.000517,172.31.46.0-255,66,50332,50,246088
20662,0.000538,172.217.194.0-255,5379,55711,50,246088
20663,0.000545,172.217.194.0-255,7156,62867,50,246088
20664,0.000545,172.31.46.0-255,66,62933,50,246088
20665,0.000549,172.31.46.0-255,66,62999,50,246088
20666,0.000568,172.217.194.0-255,4320,67319,50,246088
20667,0.000572,172.217.194.0-255,1125,68444,50,246088
20668,0.000577,172.31.46.0-255,66,68510,50,246088
20669,0.000725,172.217.194.0-255,1484,69994,50,246088
20670,0.000741,172.217.194.0-255,1484,71478,50,246088
20671,0.000746,172.31.46.0-255,66,71544,50,246088
20672,0.00076,172.217.194.0-255,1484,73028,50,246088
20673,0.000766,172.217.194.0-255,5738,78766,50,246088
20674,0.000772,172.217.194.0-255,5738,84504,50,246088
20675,0.000772,172.31.46.0-255,66,84570,50,246088
20676,0.000774,172.217.194.0-255,1484,86054,50,246088
20677,0.000791,172.31.46.0-255,66,86120,50,246088
20678,0.000816,172.31.46.0-255,66,86186,50,246088
20679,0.000843,172.217.194.0-255,2902,89088,50,246088
20680,0.000849,172.31.46.0-255,66,89154,50,246088
20681,0.000858,172.217.194.0-255,2184,91338,50,246088
20682,0.000866,172.31.46.0-255,66,91404,50,246088
20683,0.001185,172.217.194.0-255,1484,92888,50,246088
20684,0.001192,172.217.194.0-255,2902,95790,50,246088
20685,0.001196,172.31.46.0-255,66,95856,50,246088
20686,0.001205,172.217.194.0-255,1484,97340,50,246088
20687,0.00122,172.217.194.0-255,4320,101660,50,246088
20688,0.001226,172.217.194.0-255,7156,108816,50,246088
20689,0.00123,172.31.46.0-255,66,108882,50,246088
20690,0.001272,172.217.194.0-255,2184,111066,50,246088
20691,0.001276,172.31.46.0-255,66,111132,50,246088
20692,0.001579,172.217.194.0-255,1484,112616,50,246088
20693,0.001592,172.217.194.0-255,1484,114100,50,246088
20694,0.001596,172.31.46.0-255,66,114166,50,246088
20695,0.001611,172.217.194.0-255,1484,115650,50,246088
20696,0.001639,172.217.194.0-255,5738,121388,50,246088
20697,0.001642,172.31.46.0-255,66,121454,50,246088
20698,0.001659,172.31.46.0-255,66,121520,50,246088
20699,0.001668,172.217.194.0-255,1484,123004,50,246088
20700,0.001695,172.31.46.0-255,66,123070,50,246088
20701,0.001745,172.217.194.0-255,1484,124554,50,246088
20702,0.001749,172.217.194.0-255,1484,126038,50,246088
20703,0.001757,172.31.46.0-255,66,126104,50,246088
20704,0.00176,172.217.194.0-255,1484,127588,50,246088
20705,0.001763,172.217.194.0-255,1484,129072,50,246088
20706,0.001773,172.31.46.0-255,66,129138,50,246088
20707,0.001777,172.217.194.0-255,4320,133458,50,246088
20708,0.001789,172.31.46.0-255,66,133524,50,246088
20709,0.001803,172.217.194.0-255,4320,137844,50,246088
20710,0.001806,172.31.46.0-255,66,137910,50,246088
20711,0.00183,172.217.194.0-255,5738,143648,50,246088
20712,0.001834,172.31.46.0-255,66,143714,50,246088
20713,0.001861,172.217.194.0-255,4320,148034,50,246088
20714,0.001871,172.31.46.0-255,66,148100,50,246088
20715,0.001883,172.217.194.0-255,7156,155256,50,246088
20716,0.001886,172.217.194.0-255,2184,157440,50,246088
20717,0.001888,172.31.46.0-255,66,157506,50,246088
20718,0.001892,172.31.46.0-255,66,157572,50,246088
20719,0.002024,172.217.194.0-255,1484,159056,50,246088
20720,0.00203,172.217.194.0-255,2902,161958,50,246088
20721,0.002034,172.31.46.0-255,66,162024,50,246088
20722,0.002053,172.217.194.0-255,2902,164926,50,246088
20723,0.002062,172.31.46.0-255,66,164992,50,246088
20724,0.002068,172.217.194.0-255,2902,167894,50,246088
20725,0.002093,172.31.46.0-255,66,167960,50,246088
20726,0.002104,172.217.194.0-255,2902,170862,50,246088
20727,0.002114,172.217.194.0-255,766,171628,50,246088
20728,0.002163,172.217.194.0-255,1484,173112,50,246088
20729,0.002166,172.217.194.0-255,1484,174596,50,246088
20730,0.002182,172.217.194.0-255,2902,177498,50,246088
20731,0.002186,172.217.194.0-255,4320,181818,50,246088
20732,0.002199,172.217.194.0-255,1484,183302,50,246088
20733,0.002213,172.217.194.0-255,2902,186204,50,246088
20734,0.002232,172.217.194.0-255,7156,193360,50,246088
20735,0.002247,172.217.194.0-255,1484,194844,50,246088
20736,0.002328,172.217.194.0-255,4320,199164,50,246088
20737,0.002399,172.217.194.0-255,4320,203484,50,246088
20738,0.002427,172.217.194.0-255,6438,209922,50,246088
20739,0.002441,172.217.194.0-255,7156,217078,50,246088
20740,0.005972,172.31.46.0-255,66,217144,50,246088
20741,0.008361,172.217.194.0-255,5738,222882,50,246088
20742,0.008367,172.31.46.0-255,66,222948,50,246088
20743,0.010729,172.217.194.0-255,5738,228686,50,246088
20744,0.010736,172.31.46.0-255,66,228752,50,246088
20745,0.013115,172.217.194.0-255,5738,234490,50,246088
20746,0.013122,172.31.46.0-255,66,234556,50,246088
20747,0.015478,172.217.194.0-255,5738,240294,50,246088
20748,0.016011,172.31.46.0-255,66,240360,50,246088
20749,0.018382,172.217.194.0-255,5491,245851,50,246088
20750,0.018394,172.31.46.0-255,66,245917,50,246088
20751,0.018666,172.31.46.0-255,105,246022,50,246088
20752,0.020974,172.217.194.0-255,66,246088,50,246088
20753,0.0,74.125.24.0-255,290,290,50,247177
20754,1.6e-05,172.31.46.0-255,66,356,50,247177
20755,2.2e-05,74.125.24.0-255,1484,1840,50,247177
20756,2.6e-05,172.31.46.0-255,66,1906,50,247177
20757,2.9e-05,74.125.24.0-255,1484,3390,50,247177
20758,3.3e-05,172.31.46.0-255,66,3456,50,247177
20759,4e-05,74.125.24.0-255,2902,6358,50,247177
20760,4.2e-05,172.31.46.0-255,66,6424,50,247177
20761,4.7e-05,74.125.24.0-255,2902,9326,50,247177
20762,5e-05,172.31.46.0-255,66,9392,50,247177
20763,7.3e-05,74.125.24.0-255,2902,12294,50,247177
20764,7.5e-05,172.31.46.0-255,66,12360,50,247177
20765,9e-05,172.31.46.0-255,66,12426,50,247177
20766,0.00014,172.31.46.0-255,66,12492,50,247177
20767,0.000269,74.125.24.0-255,1484,13976,50,247177
20768,0.000274,172.31.46.0-255,66,14042,50,247177
20769,0.000278,74.125.24.0-255,1484,15526,50,247177
20770,0.00028,172.31.46.0-255,66,15592,50,247177
20771,0.000294,74.125.24.0-255,1484,17076,50,247177
20772,0.000297,172.31.46.0-255,66,17142,50,247177
20773,0.000304,74.125.24.0-255,5738,22880,50,247177
20774,0.000307,172.31.46.0-255,66,22946,50,247177
20775,0.000352,172.31.46.0-255,66,23012,50,247177
20776,0.000359,74.125.24.0-255,7156,30168,50,247177
20777,0.000361,172.31.46.0-255,66,30234,50,247177
20778,0.000463,74.125.24.0-255,3959,34193,50,247177
20779,0.000467,172.31.46.0-255,66,34259,50,247177
20780,0.000564,74.125.24.0-255,1484,35743,50,247177
20781,0.000568,172.31.46.0-255,66,35809,50,247177
20782,0.000573,74.125.24.0-255,2902,38711,50,247177
20783,0.000576,172.31.46.0-255,66,38777,50,247177
20784,0.000579,74.125.24.0-255,1484,40261,50,247177
20785,0.000602,74.125.24.0-255,5738,45999,50,247177
20786,0.000605,172.31.46.0-255,66,46065,50,247177
20787,0.000612,74.125.24.0-255,4320,50385,50,247177
20788,0.000614,172.31.46.0-255,66,50451,50,247177
20789,0.000648,172.31.46.0-255,66,50517,50,247177
20790,0.000659,172.31.46.0-255,66,50583,50,247177
20791,0.000662,74.125.24.0-255,766,51349,50,247177
20792,0.000838,74.125.24.0-255,1484,52833,50,247177
20793,0.000842,172.31.46.0-255,66,52899,50,247177
20794,0.000848,74.125.24.0-255,2902,55801,50,247177
20795,0.00085,172.31.46.0-255,66,55867,50,247177
20796,0.000864,74.125.24.0-255,1484,57351,50,247177
20797,0.000882,74.125.24.0-255,4320,61671,50,247177
20798,0.000884,172.31.46.0-255,66,61737,50,247177
20799,0.000891,74.125.24.0-255,5738,67475,50,247177
20800,0.000893,172.31.46.0-255,66,67541,50,247177
20801,0.000908,74.125.24.0-255,7156,74697,50,247177
20802,0.00091,74.125.24.0-255,1484,76181,50,247177
20803,0.000917,172.31.46.0-255,66,76247,50,247177
20804,0.000976,74.125.24.0-255,5738,81985,50,247177
20805,0.000979,172.31.46.0-255,66,82051,50,247177
20806,0.000998,74.125.24.0-255,3602,85653,50,247177
20807,0.001001,172.31.46.0-255,66,85719,50,247177
20808,0.001039,74.125.24.0-255,2902,88621,50,247177
20809,0.001042,172.31.46.0-255,66,88687,50,247177
20810,0.001096,74.125.24.0-255,4320,93007,50,247177
20811,0.001098,74.125.24.0-255,1484,94491,50,247177
20812,0.001102,172.31.46.0-255,66,94557,50,247177
20813,0.001119,74.125.24.0-255,2902,97459,50,247177
20814,0.001121,172.31.46.0-255,66,97525,50,247177
20815,0.001124,74.125.24.0-255,1484,99009,50,247177
20816,0.00115,74.125.24.0-255,4320,103329,50,247177
20817,0.001152,172.31.46.0-255,66,103395,50,247177
20818,0.001159,74.125.24.0-255,7156,110551,50,247177
20819,0.001162,172.31.46.0-255,66,110617,50,247177
20820,0.001199,74.125.24.0-255,1484,112101,50,247177
20821,0.001228,172.31.46.0-255,66,112167,50,247177
20822,0.001585,74.125.24.0-255,1484,113651,50,247177
20823,0.001591,74.125.24.0-255,2902,116553,50,247177
20824,0.001595,172.31.46.0-255,66,116619,50,247177
20825,0.001615,74.125.24.0-255,2902,119521,50,247177
20826,0.001618,172.31.46.0-255,66,119587,50,247177
20827,0.001623,74.125.24.0-255,4320,123907,50,247177
20828,0.001625,172.31.46.0-255,66,123973,50,247177
20829,0.001661,172.31.46.0-255,66,124039,50,247177
20830,0.001667,74.125.24.0-255,4320,128359,50,247177
20831,0.001669,172.31.46.0-255,66,128425,50,247177
20832,0.001704,172.31.46.0-255,66,128491,50,247177
20833,0.001979,74.125.24.0-255,1484,129975,50,247177
20834,0.001984,74.125.24.0-255,1484,131459,50,247177
20835,0.001987,172.31.46.0-255,66,131525,50,247177
20836,0.002007,74.125.24.0-255,1484,133009,50,247177
20837,0.002014,74.125.24.0-255,5738,138747,50,247177
20838,0.002016,172.31.46.0-255,66,138813,50,247177
20839,0.002025,74.125.24.0-255,7156,145969,50,247177
20840,0.002027,172.31.46.0-255,66,146035,50,247177
20841,0.00205,74.125.24.0-255,5738,151773,50,247177
20842,0.002054,172.31.46.0-255,66,151839,50,247177
20843,0.002075,74.125.24.0-255,2902,154741,50,247177
20844,0.002078,172.31.46.0-255,66,154807,50,247177
20845,0.002105,172.31.46.0-255,66,154873,50,247177
20846,0.002166,74.125.24.0-255,1484,156357,50,247177
20847,0.002185,74.125.24.0-255,2902,159259,50,247177
20848,0.002188,172.31.46.0-255,66,159325,50,247177
20849,0.002205,74.125.24.0-255,5738,165063,50,247177
20850,0.002208,172.31.46.0-255,66,165129,50,247177
20851,0.002236,74.125.24.0-255,7156,172285,50,247177
20852,0.00224,172.31.46.0-255,66,172351,50,247177
20853,0.002246,74.125.24.0-255,5738,178089,50,247177
20854,0.002248,172.31.46.0-255,66,178155,50,247177
20855,0.00227,172.31.46.0-255,66,178221,50,247177
20856,0.002275,74.125.24.0-255,4320,182541,50,247177
20857,0.002277,172.31.46.0-255,66,182607,50,247177
20858,0.002317,172.31.46.0-255,66,182673,50,247177
20859,0.00233,172.31.46.0-255,66,182739,50,247177
20860,0.002342,172.31.46.0-255,66,182805,50,247177
20861,0.004654,74.125.24.0-255,5738,188543,50,247177
20862,0.004661,172.31.46.0-255,66,188609,50,247177
20863,0.006957,74.125.24.0-255,2902,191511,50,247177
20864,0.00696,172.31.46.0-255,66,191577,50,247177
20865,0.006979,74.125.24.0-255,2902,194479,50,247177
20866,0.006981,172.31.46.0-255,66,194545,50,247177
20867,0.009266,74.125.24.0-255,2902,197447,50,247177
20868,0.009276,172.31.46.0-255,66,197513,50,247177
20869,0.009325,74.125.24.0-255,2902,200415,50,247177
20870,0.009332,172.31.46.0-255,66,200481,50,247177
20871,0.011567,74.125.24.0-255,2902,203383,50,247177
20872,0.011574,172.31.46.0-255,66,203449,50,247177
20873,0.011612,74.125.24.0-255,2902,206351,50,247177
20874,0.011614,172.31.46.0-255,66,206417,50,247177
20875,0.013897,74.125.24.0-255,2902,209319,50,247177
20876,0.013904,172.31.46.0-255,66,209385,50,247177
20877,0.013929,74.125.24.0-255,2902,212287,50,247177
20878,0.013931,172.31.46.0-255,66,212353,50,247177
20879,0.016208,74.125.24.0-255,5738,218091,50,247177
20880,0.016215,172.31.46.0-255,66,218157,50,247177
20881,0.018503,74.125.24.0-255,5738,223895,50,247177
20882,0.018513,172.31.46.0-255,66,223961,50,247177
20883,0.020851,74.125.24.0-255,5738,229699,50,247177
20884,0.02086,172.31.46.0-255,66,229765,50,247177
20885,0.023145,74.125.24.0-255,5738,235503,50,247177
20886,0.023151,172.31.46.0-255,66,235569,50,247177
20887,0.025438,74.125.24.0-255,5738,241307,50,247177
20888,0.025444,172.31.46.0-255,66,241373,50,247177
20889,0.027743,74.125.24.0-255,5738,247111,50,247177
20890,0.027751,172.31.46.0-255,66,247177,50,247177
20891,0.0,172.253.118.0-255,152,152,50,193243
20892,1.8e-05,172.31.46.0-255,66,218,50,193243
20893,2.5e-05,172.253.118.0-255,1484,1702,50,193243
20894,2.9e-05,172.31.46.0-255,66,1768,50,193243
20895,3.5e-05,172.253.118.0-255,2902,4670,50,193243
20896,4.6e-05,172.31.46.0-255,66,4736,50,193243
20897,5.4e-05,172.253.118.0-255,5738,10474,50,193243
20898,5.8e-05,172.31.46.0-255,66,10540,50,193243
20899,6.3e-05,172.253.118.0-255,3493,14033,50,193243
20900,6.7e-05,172.31.46.0-255,66,14099,50,193243
20901,0.000113,172.31.46.0-255,66,14165,50,193243
20902,0.000118,172.253.118.0-255,5379,19544,50,193243
20903,0.000121,172.31.46.0-255,66,19610,50,193243
20904,0.000242,172.253.118.0-255,1484,21094,50,193243
20905,0.000248,172.31.46.0-255,66,21160,50,193243
20906,0.000252,172.253.118.0-255,1484,22644,50,193243
20907,0.000254,172.31.46.0-255,66,22710,50,193243
20908,0.000283,172.253.118.0-255,1484,24194,50,193243
20909,0.00029,172.31.46.0-255,66,24260,50,193243
20910,0.000297,172.253.118.0-255,5738,29998,50,193243
20911,0.0003,172.31.46.0-255,66,30064,50,193243
20912,0.000315,172.253.118.0-255,2902,32966,50,193243
20913,0.000317,172.31.46.0-255,66,33032,50,193243
20914,0.000356,172.31.46.0-255,66,33098,50,193243
20915,0.000363,172.253.118.0-255,7156,40254,50,193243
20916,0.000366,172.31.46.0-255,66,40320,50,193243
20917,0.000374,172.253.118.0-255,2869,43189,50,193243
20918,0.000377,172.31.46.0-255,66,43255,50,193243
20919,0.000405,172.253.118.0-255,115,43370,50,193243
20920,0.000408,172.31.46.0-255,66,43436,50,193243
20921,0.000539,172.253.118.0-255,1484,44920,50,193243
20922,0.000568,172.253.118.0-255,2902,47822,50,193243
20923,0.000572,172.31.46.0-255,66,47888,50,193243
20924,0.000576,172.253.118.0-255,1484,49372,50,193243
20925,0.000606,172.253.118.0-255,5738,55110,50,193243
20926,0.00061,172.31.46.0-255,66,55176,50,193243
20927,0.000642,172.253.118.0-255,5379,60555,50,193243
20928,0.000646,172.31.46.0-255,66,60621,50,193243
20929,0.000672,172.253.118.0-255,5738,66359,50,193243
20930,0.000675,172.31.46.0-255,66,66425,50,193243
20931,0.000678,172.253.118.0-255,1484,67909,50,193243
20932,0.000731,172.31.46.0-255,66,67975,50,193243
20933,0.000734,172.253.118.0-255,1125,69100,50,193243
20934,0.000899,172.253.118.0-255,332,69432,50,193243
20935,0.001109,172.253.118.0-255,1484,70916,50,193243
20936,0.001115,172.31.46.0-255,66,70982,50,193243
20937,0.001122,172.253.118.0-255,2902,73884,50,193243
20938,0.001124,172.31.46.0-255,66,73950,50,193243
20939,0.001162,172.253.118.0-255,5738,79688,50,193243
20940,0.001166,172.31.46.0-255,66,79754,50,193243
20941,0.001172,172.253.118.0-255,2902,82656,50,193243
20942,0.001174,172.31.46.0-255,66,82722,50,193243
20943,0.001207,172.253.118.0-255,7156,89878,50,193243
20944,0.00121,172.31.46.0-255,66,89944,50,193243
20945,0.001216,172.253.118.0-255,4320,94264,50,193243
20946,0.001218,172.31.46.0-255,66,94330,50,193243
20947,0.001273,172.253.118.0-255,5738,100068,50,193243
20948,0.001277,172.31.46.0-255,66,100134,50,193243
20949,0.001305,172.253.118.0-255,3602,103736,50,193243
20950,0.001309,172.31.46.0-255,66,103802,50,193243
20951,0.001952,172.253.118.0-255,1484,105286,50,193243
20952,0.001961,172.253.118.0-255,2902,108188,50,193243
20953,0.001965,172.31.46.0-255,66,108254,50,193243
20954,0.001973,172.253.118.0-255,5738,113992,50,193243
20955,0.001981,172.31.46.0-255,66,114058,50,193243
20956,0.002017,172.31.46.0-255,66,114124,50,193243
20957,0.002024,172.253.118.0-255,7156,121280,50,193243
20958,0.002027,172.31.46.0-255,66,121346,50,193243
20959,0.002092,172.253.118.0-255,3602,124948,50,193243
20960,0.002095,172.31.46.0-255,66,125014,50,193243
20961,0.004364,172.253.118.0-255,1484,126498,50,193243
20962,0.004443,172.253.118.0-255,4320,130818,50,193243
20963,0.004449,172.31.46.0-255,66,130884,50,193243
20964,0.006791,172.253.118.0-255,5738,136622,50,193243
20965,0.006809,172.31.46.0-255,66,136688,50,193243
20966,0.009155,172.253.118.0-255,5738,142426,50,193243
20967,0.009164,172.31.46.0-255,66,142492,50,193243
20968,0.011513,172.253.118.0-255,5738,148230,50,193243
20969,0.011522,172.31.46.0-255,66,148296,50,193243
20970,0.013856,172.253.118.0-255,5738,154034,50,193243
20971,0.013864,172.31.46.0-255,66,154100,50,193243
20972,0.016209,172.253.118.0-255,5738,159838,50,193243
20973,0.016219,172.31.46.0-255,66,159904,50,193243
20974,0.018636,172.253.118.0-255,5738,165642,50,193243
20975,0.018644,172.31.46.0-255,66,165708,50,193243
20976,0.021199,172.253.118.0-255,5738,171446,50,193243
20977,0.021208,172.31.46.0-255,66,171512,50,193243
20978,0.02356,172.253.118.0-255,5738,177250,50,193243
20979,0.023567,172.31.46.0-255,66,177316,50,193243
20980,0.024618,172.31.46.0-255,200,177516,50,193243
20981,0.02465,172.31.46.0-255,1113,178629,50,193243
20982,0.024725,172.31.46.0-255,1514,180143,50,193243
20983,0.024727,172.31.46.0-255,1294,181437,50,193243
20984,0.025895,172.253.118.0-255,5738,187175,50,193243
20985,0.025903,172.31.46.0-255,66,187241,50,193243
20986,0.026148,104.244.42.0-255,66,187307,50,193243
20987,0.026196,104.244.42.0-255,66,187373,50,193243
20988,0.026285,104.244.42.0-255,66,187439,50,193243
20989,0.028242,172.253.118.0-255,5738,193177,50,193243
20990,0.028249,172.31.46.0-255,66,193243,50,193243
20991,0.0,74.125.68.0-255,153,153,50,182146
20992,2.5e-05,172.31.46.0-255,66,219,50,182146
20993,3.2e-05,74.125.68.0-255,1484,1703,50,182146
20994,3.6e-05,172.31.46.0-255,66,1769,50,182146
20995,4.2e-05,74.125.68.0-255,2902,4671,50,182146
20996,4.4e-05,172.31.46.0-255,66,4737,50,182146
20997,7.1e-05,74.125.68.0-255,2902,7639,50,182146
20998,7.4e-05,172.31.46.0-255,66,7705,50,182146
20999,7.9e-05,74.125.68.0-255,2902,10607,50,182146
21000,8.2e-05,172.31.46.0-255,66,10673,50,182146
21001,9.4e-05,74.125.68.0-255,1484,12157,50,182146
21002,9.6e-05,172.31.46.0-255,66,12223,50,182146
21003,0.000131,74.125.68.0-255,2045,14268,50,182146
21004,0.000134,172.31.46.0-255,66,14334,50,182146
21005,0.000137,74.125.68.0-255,1484,15818,50,182146
21006,0.000139,172.31.46.0-255,66,15884,50,182146
21007,0.000153,74.125.68.0-255,1484,17368,50,182146
21008,0.000155,172.31.46.0-255,66,17434,50,182146
21009,0.000172,74.125.68.0-255,4320,21754,50,182146
21010,0.000174,172.31.46.0-255,66,21820,50,182146
21011,0.000187,74.125.68.0-255,1484,23304,50,182146
21012,0.000189,172.31.46.0-255,66,23370,50,182146
21013,0.000204,74.125.68.0-255,1484,24854,50,182146
21014,0.000206,172.31.46.0-255,66,24920,50,182146
21015,0.000248,74.125.68.0-255,2902,27822,50,182146
21016,0.000251,172.31.46.0-255,66,27888,50,182146
21017,0.000277,74.125.68.0-255,3961,31849,50,182146
21018,0.00028,172.31.46.0-255,66,31915,50,182146
21019,0.000305,74.125.68.0-255,1484,33399,50,182146
21020,0.000308,172.31.46.0-255,66,33465,50,182146
21021,0.000325,74.125.68.0-255,1484,34949,50,182146
21022,0.000328,172.31.46.0-255,66,35015,50,182146
21023,0.00034,74.125.68.0-255,1484,36499,50,182146
21024,0.000369,74.125.68.0-255,1484,37983,50,182146
21025,0.000371,172.31.46.0-255,66,38049,50,182146
21026,0.000378,74.125.68.0-255,5738,43787,50,182146
21027,0.000381,172.31.46.0-255,66,43853,50,182146
21028,0.000386,74.125.68.0-255,4320,48173,50,182146
21029,0.00039,172.31.46.0-255,66,48239,50,182146
21030,0.000414,74.125.68.0-255,1125,49364,50,182146
21031,0.000418,74.125.68.0-255,1484,50848,50,182146
21032,0.00042,172.31.46.0-255,66,50914,50,182146
21033,0.000424,74.125.68.0-255,2902,53816,50,182146
21034,0.000426,172.31.46.0-255,66,53882,50,182146
21035,0.000429,74.125.68.0-255,1484,55366,50,182146
21036,0.000447,74.125.68.0-255,4320,59686,50,182146
21037,0.000449,172.31.46.0-255,66,59752,50,182146
21038,0.000454,74.125.68.0-255,4320,64072,50,182146
21039,0.000457,172.31.46.0-255,66,64138,50,182146
21040,0.000485,74.125.68.0-255,2887,67025,50,182146
21041,0.000488,172.31.46.0-255,66,67091,50,182146
21042,0.000957,74.125.68.0-255,332,67423,50,182146
21043,0.001094,74.125.68.0-255,1484,68907,50,182146
21044,0.001099,172.31.46.0-255,66,68973,50,182146
21045,0.001105,74.125.68.0-255,2902,71875,50,182146
21046,0.001107,172.31.46.0-255,66,71941,50,182146
21047,0.001114,74.125.68.0-255,5738,77679,50,182146
21048,0.001116,172.31.46.0-255,66,77745,50,182146
21049,0.001119,74.125.68.0-255,1484,79229,50,182146
21050,0.001143,74.125.68.0-255,4320,83549,50,182146
21051,0.001146,172.31.46.0-255,66,83615,50,182146
21052,0.001177,74.125.68.0-255,1125,84740,50,182146
21053,0.001204,74.125.68.0-255,1484,86224,50,182146
21054,0.001207,172.31.46.0-255,66,86290,50,182146
21055,0.00125,74.125.68.0-255,2902,89192,50,182146
21056,0.001253,172.31.46.0-255,66,89258,50,182146
21057,0.001278,74.125.68.0-255,1484,90742,50,182146
21058,0.001286,74.125.68.0-255,5738,96480,50,182146
21059,0.001289,172.31.46.0-255,66,96546,50,182146
21060,0.001292,74.125.68.0-255,1484,98030,50,182146
21061,0.001312,74.125.68.0-255,3961,101991,50,182146
21062,0.001315,172.31.46.0-255,66,102057,50,182146
21063,0.002499,74.125.68.0-255,1484,103541,50,182146
21064,0.002512,74.125.68.0-255,2902,106443,50,182146
21065,0.002518,172.31.46.0-255,66,106509,50,182146
21066,0.002527,74.125.68.0-255,5738,112247,50,182146
21067,0.002529,172.31.46.0-255,66,112313,50,182146
21068,0.002532,74.125.68.0-255,1484,113797,50,182146
21069,0.002556,74.125.68.0-255,1484,115281,50,182146
21070,0.002558,172.31.46.0-255,66,115347,50,182146
21071,0.002565,74.125.68.0-255,4320,119667,50,182146
21072,0.002566,172.31.46.0-255,66,119733,50,182146
21073,0.002578,172.31.46.0-255,66,119799,50,182146
21074,0.005121,74.125.68.0-255,5738,125537,50,182146
21075,0.005126,172.31.46.0-255,66,125603,50,182146
21076,0.007713,74.125.68.0-255,5738,131341,50,182146
21077,0.007723,172.31.46.0-255,66,131407,50,182146
21078,0.010292,74.125.68.0-255,5738,137145,50,182146
21079,0.010306,172.31.46.0-255,66,137211,50,182146
21080,0.012869,74.125.68.0-255,5738,142949,50,182146
21081,0.012884,172.31.46.0-255,66,143015,50,182146
21082,0.015465,74.125.68.0-255,5738,148753,50,182146
21083,0.015477,172.31.46.0-255,66,148819,50,182146
21084,0.018037,74.125.68.0-255,5738,154557,50,182146
21085,0.018048,172.31.46.0-255,66,154623,50,182146
21086,0.020602,74.125.68.0-255,5738,160361,50,182146
21087,0.02061,172.31.46.0-255,66,160427,50,182146
21088,0.023159,74.125.68.0-255,5738,166165,50,182146
21089,0.023168,172.31.46.0-255,66,166231,50,182146
21090,0.025724,74.125.68.0-255,5738,171969,50,182146
21091,0.02573,172.31.46.0-255,66,172035,50,182146
21092,0.026706,172.31.46.0-255,188,172223,50,182146
21093,0.026743,172.31.46.0-255,954,173177,50,182146
21094,0.026802,172.31.46.0-255,1514,174691,50,182146
21095,0.026803,172.31.46.0-255,1453,176144,50,182146
21096,0.028312,74.125.68.0-255,5738,181882,50,182146
21097,0.028318,172.31.46.0-255,66,181948,50,182146
21098,0.028326,104.244.42.0-255,66,182014,50,182146
21099,0.028337,104.244.42.0-255,66,182080,50,182146
21100,0.028375,104.244.42.0-255,66,182146,50,182146
21101,0.0,74.125.68.0-255,147,147,50,201080
21102,2.3e-05,172.31.46.0-255,66,213,50,201080
21103,3.1e-05,74.125.68.0-255,1484,1697,50,201080
21104,3.6e-05,172.31.46.0-255,66,1763,50,201080
21105,4e-05,74.125.68.0-255,1484,3247,50,201080
21106,5.3e-05,172.31.46.0-255,66,3313,50,201080
21107,6e-05,74.125.68.0-255,2902,6215,50,201080
21108,6.3e-05,172.31.46.0-255,66,6281,50,201080
21109,7e-05,74.125.68.0-255,5738,12019,50,201080
21110,7.3e-05,172.31.46.0-255,66,12085,50,201080
21111,7.7e-05,74.125.68.0-255,1940,14025,50,201080
21112,8e-05,172.31.46.0-255,66,14091,50,201080
21113,0.00011,74.125.68.0-255,2902,16993,50,201080
21114,0.000113,172.31.46.0-255,66,17059,50,201080
21115,0.00012,74.125.68.0-255,5738,22797,50,201080
21116,0.000123,172.31.46.0-255,66,22863,50,201080
21117,0.000147,74.125.68.0-255,1484,24347,50,201080
21118,0.00015,172.31.46.0-255,66,24413,50,201080
21119,0.000157,74.125.68.0-255,5738,30151,50,201080
21120,0.000159,172.31.46.0-255,66,30217,50,201080
21121,0.000166,74.125.68.0-255,7156,37373,50,201080
21122,0.000169,172.31.46.0-255,66,37439,50,201080
21123,0.000199,74.125.68.0-255,4320,41759,50,201080
21124,0.000201,172.31.46.0-255,66,41825,50,201080
21125,0.000228,74.125.68.0-255,6438,48263,50,201080
21126,0.000231,172.31.46.0-255,66,48329,50,201080
21127,0.000252,74.125.68.0-255,1484,49813,50,201080
21128,0.000254,172.31.46.0-255,66,49879,50,201080
21129,0.000281,74.125.68.0-255,5738,55617,50,201080
21130,0.000284,172.31.46.0-255,66,55683,50,201080
21131,0.000295,172.31.46.0-255,66,55749,50,201080
21132,0.000302,74.125.68.0-255,1418,57167,50,201080
21133,0.000515,74.125.68.0-255,384,57551,50,201080
21134,0.00052,172.31.46.0-255,66,57617,50,201080
21135,0.000667,74.125.68.0-255,1484,59101,50,201080
21136,0.000689,74.125.68.0-255,2902,62003,50,201080
21137,0.000693,172.31.46.0-255,66,62069,50,201080
21138,0.000698,74.125.68.0-255,4320,66389,50,201080
21139,0.000701,172.31.46.0-255,66,66455,50,201080
21140,0.000717,74.125.68.0-255,2902,69357,50,201080
21141,0.00072,172.31.46.0-255,66,69423,50,201080
21142,0.000748,74.125.68.0-255,5738,75161,50,201080
21143,0.000752,172.31.46.0-255,66,75227,50,201080
21144,0.000758,74.125.68.0-255,5738,80965,50,201080
21145,0.000761,172.31.46.0-255,66,81031,50,201080
21146,0.000768,74.125.68.0-255,7156,88187,50,201080
21147,0.00077,172.31.46.0-255,66,88253,50,201080
21148,0.000806,74.125.68.0-255,3602,91855,50,201080
21149,0.00081,172.31.46.0-255,66,91921,50,201080
21150,0.001141,74.125.68.0-255,1484,93405,50,201080
21151,0.001147,74.125.68.0-255,1484,94889,50,201080
21152,0.00115,172.31.46.0-255,66,94955,50,201080
21153,0.001182,74.125.68.0-255,2902,97857,50,201080
21154,0.001185,172.31.46.0-255,66,97923,50,201080
21155,0.001192,74.125.68.0-255,5738,103661,50,201080
21156,0.001194,172.31.46.0-255,66,103727,50,201080
21157,0.001197,74.125.68.0-255,1484,105211,50,201080
21158,0.001225,74.125.68.0-255,4320,109531,50,201080
21159,0.001227,172.31.46.0-255,66,109597,50,201080
21160,0.001235,74.125.68.0-255,7156,116753,50,201080
21161,0.001238,172.31.46.0-255,66,116819,50,201080
21162,0.001284,172.31.46.0-255,66,116885,50,201080
21163,0.003258,74.125.68.0-255,5738,122623,50,201080
21164,0.003269,172.31.46.0-255,66,122689,50,201080
21165,0.005217,74.125.68.0-255,4320,127009,50,201080
21166,0.005221,172.31.46.0-255,66,127075,50,201080
21167,0.005244,74.125.68.0-255,1484,128559,50,201080
21168,0.007168,74.125.68.0-255,4320,132879,50,201080
21169,0.007171,172.31.46.0-255,66,132945,50,201080
21170,0.009119,74.125.68.0-255,5738,138683,50,201080
21171,0.009127,172.31.46.0-255,66,138749,50,201080
21172,0.011081,74.125.68.0-255,5738,144487,50,201080
21173,0.011091,172.31.46.0-255,66,144553,50,201080
21174,0.013055,74.125.68.0-255,5738,150291,50,201080
21175,0.013065,172.31.46.0-255,66,150357,50,201080
21176,0.015016,74.125.68.0-255,5738,156095,50,201080
21177,0.015027,172.31.46.0-255,66,156161,50,201080
21178,0.016977,74.125.68.0-255,5738,161899,50,201080
21179,0.016985,172.31.46.0-255,66,161965,50,201080
21180,0.018935,74.125.68.0-255,5738,167703,50,201080
21181,0.018948,172.31.46.0-255,66,167769,50,201080
21182,0.020899,74.125.68.0-255,5738,173507,50,201080
21183,0.020908,172.31.46.0-255,66,173573,50,201080
21184,0.022867,74.125.68.0-255,5738,179311,50,201080
21185,0.022881,172.31.46.0-255,66,179377,50,201080
21186,0.024872,74.125.68.0-255,5738,185115,50,201080
21187,0.024883,172.31.46.0-255,66,185181,50,201080
21188,0.026838,74.125.68.0-255,5738,190919,50,201080
21189,0.026846,172.31.46.0-255,66,190985,50,201080
21190,0.028151,172.31.46.0-255,172,191157,50,201080
21191,0.028184,172.31.46.0-255,1108,192265,50,201080
21192,0.028242,172.31.46.0-255,1514,193779,50,201080
21193,0.028244,172.31.46.0-255,1299,195078,50,201080
21194,0.028793,74.125.68.0-255,5738,200816,50,201080
21195,0.028799,172.31.46.0-255,66,200882,50,201080
21196,0.029749,104.244.42.0-255,66,200948,50,201080
21197,0.029757,104.244.42.0-255,66,201014,50,201080
21198,0.029834,104.244.42.0-255,66,201080,50,201080
21199,0.0,172.217.194.0-255,153,153,50,163458
21200,2.3e-05,172.31.46.0-255,66,219,50,163458
21201,3e-05,172.217.194.0-255,1484,1703,50,163458
21202,3.4e-05,172.31.46.0-255,66,1769,50,163458
21203,4.7e-05,172.217.194.0-255,2902,4671,50,163458
21204,5e-05,172.31.46.0-255,66,4737,50,163458
21205,5.5e-05,172.217.194.0-255,2902,7639,50,163458
21206,5.7e-05,172.31.46.0-255,66,7705,50,163458
21207,9.5e-05,172.217.194.0-255,6394,14099,50,163458
21208,0.000103,172.31.46.0-255,66,14165,50,163458
21209,0.00013,172.217.194.0-255,5738,19903,50,163458
21210,0.000133,172.31.46.0-255,66,19969,50,163458
21211,0.000139,172.217.194.0-255,5738,25707,50,163458
21212,0.000141,172.31.46.0-255,66,25773,50,163458
21213,0.000166,172.217.194.0-255,1484,27257,50,163458
21214,0.000169,172.31.46.0-255,66,27323,50,163458
21215,0.000187,172.217.194.0-255,3961,31284,50,163458
21216,0.00019,172.31.46.0-255,66,31350,50,163458
21217,0.000232,172.217.194.0-255,4320,35670,50,163458
21218,0.000234,172.31.46.0-255,66,35736,50,163458
21219,0.000237,172.217.194.0-255,1484,37220,50,163458
21220,0.00024,172.31.46.0-255,66,37286,50,163458
21221,0.000247,172.217.194.0-255,7156,44442,50,163458
21222,0.000254,172.31.46.0-255,66,44508,50,163458
21223,0.000296,172.31.46.0-255,66,44574,50,163458
21224,0.000302,172.217.194.0-255,3961,48535,50,163458
21225,0.000304,172.31.46.0-255,66,48601,50,163458
21226,0.000567,172.217.194.0-255,646,49247,50,163458
21227,0.000573,172.31.46.0-255,66,49313,50,163458
21228,0.000685,172.217.194.0-255,1484,50797,50,163458
21229,0.000689,172.31.46.0-255,66,50863,50,163458
21230,0.000694,172.217.194.0-255,2902,53765,50,163458
21231,0.000696,172.31.46.0-255,66,53831,50,163458
21232,0.000702,172.217.194.0-255,4320,58151,50,163458
21233,0.000704,172.31.46.0-255,66,58217,50,163458
21234,0.000735,172.217.194.0-255,1484,59701,50,163458
21235,0.000754,172.31.46.0-255,66,59767,50,163458
21236,0.000767,172.31.46.0-255,66,59833,50,163458
21237,0.001587,172.217.194.0-255,1484,61317,50,163458
21238,0.001596,172.217.194.0-255,2902,64219,50,163458
21239,0.0016,172.31.46.0-255,66,64285,50,163458
21240,0.001604,172.217.194.0-255,1484,65769,50,163458
21241,0.001634,172.217.194.0-255,4320,70089,50,163458
21242,0.001636,172.31.46.0-255,66,70155,50,163458
21243,0.001642,172.217.194.0-255,4320,74475,50,163458
21244,0.001644,172.31.46.0-255,66,74541,50,163458
21245,0.001674,172.31.46.0-255,66,74607,50,163458
21246,0.001686,172.31.46.0-255,66,74673,50,163458
21247,0.002156,172.217.194.0-255,1484,76157,50,163458
21248,0.002165,172.217.194.0-255,2902,79059,50,163458
21249,0.002169,172.31.46.0-255,66,79125,50,163458
21250,0.002177,172.217.194.0-255,5738,84863,50,163458
21251,0.002179,172.31.46.0-255,66,84929,50,163458
21252,0.002227,172.31.46.0-255,66,84995,50,163458
21253,0.002275,172.31.46.0-255,66,85061,50,163458
21254,0.002299,172.217.194.0-255,766,85827,50,163458
21255,0.002408,172.217.194.0-255,1484,87311,50,163458
21256,0.002412,172.31.46.0-255,66,87377,50,163458
21257,0.002418,172.217.194.0-255,2902,90279,50,163458
21258,0.00242,172.31.46.0-255,66,90345,50,163458
21259,0.002424,172.217.194.0-255,1484,91829,50,163458
21260,0.00245,172.217.194.0-255,4320,96149,50,163458
21261,0.002452,172.31.46.0-255,66,96215,50,163458
21262,0.002469,172.31.46.0-255,66,96281,50,163458
21263,0.002509,172.217.194.0-255,1484,97765,50,163458
21264,0.002551,172.31.46.0-255,66,97831,50,163458
21265,0.002556,172.217.194.0-255,2902,100733,50,163458
21266,0.002558,172.31.46.0-255,66,100799,50,163458
21267,0.002564,172.217.194.0-255,4320,105119,50,163458
21268,0.002567,172.31.46.0-255,66,105185,50,163458
21269,0.002607,172.31.46.0-255,66,105251,50,163458
21270,0.005213,172.217.194.0-255,5738,110989,50,163458
21271,0.005216,172.31.46.0-255,66,111055,50,163458
21272,0.00683,172.31.46.0-255,101,111156,50,163458
21273,0.007791,172.217.194.0-255,5738,116894,50,163458
21274,0.007797,172.31.46.0-255,66,116960,50,163458
21275,0.009349,172.217.194.0-255,66,117026,50,163458
21276,0.01037,172.217.194.0-255,5738,122764,50,163458
21277,0.010377,172.31.46.0-255,66,122830,50,163458
21278,0.012964,172.217.194.0-255,5738,128568,50,163458
21279,0.012972,172.31.46.0-255,66,128634,50,163458
21280,0.015569,172.217.194.0-255,5738,134372,50,163458
21281,0.01558,172.31.46.0-255,66,134438,50,163458
21282,0.018164,172.217.194.0-255,5738,140176,50,163458
21283,0.018176,172.31.46.0-255,66,140242,50,163458
21284,0.02079,172.217.194.0-255,5738,145980,50,163458
21285,0.020808,172.31.46.0-255,66,146046,50,163458
21286,0.023389,172.217.194.0-255,5738,151784,50,163458
21287,0.023402,172.31.46.0-255,66,151850,50,163458
21288,0.026002,172.217.194.0-255,5738,157588,50,163458
21289,0.026018,172.31.46.0-255,66,157654,50,163458
21290,0.028604,172.217.194.0-255,5738,163392,50,163458
21291,0.028619,172.31.46.0-255,66,163458,50,163458
21292,0.0,172.217.194.0-255,153,153,50,170734
21293,2.2e-05,172.31.46.0-255,66,219,50,170734
21294,2.9e-05,172.217.194.0-255,1484,1703,50,170734
21295,3.4e-05,172.31.46.0-255,66,1769,50,170734
21296,3.7e-05,172.217.194.0-255,1484,3253,50,170734
21297,4.1e-05,172.31.46.0-255,66,3319,50,170734
21298,4.8e-05,172.217.194.0-255,2902,6221,50,170734
21299,5.1e-05,172.31.46.0-255,66,6287,50,170734
21300,5.8e-05,172.217.194.0-255,5738,12025,50,170734
21301,6.1e-05,172.31.46.0-255,66,12091,50,170734
21302,0.000109,172.31.46.0-255,66,12157,50,170734
21303,0.000115,172.217.194.0-255,5379,17536,50,170734
21304,0.000118,172.31.46.0-255,66,17602,50,170734
21305,0.000304,172.217.194.0-255,1484,19086,50,170734
21306,0.00031,172.31.46.0-255,66,19152,50,170734
21307,0.000316,172.217.194.0-255,2902,22054,50,170734
21308,0.000318,172.31.46.0-255,66,22120,50,170734
21309,0.000325,172.217.194.0-255,5738,27858,50,170734
21310,0.000328,172.31.46.0-255,66,27924,50,170734
21311,0.000364,172.217.194.0-255,2902,30826,50,170734
21312,0.000366,172.31.46.0-255,66,30892,50,170734
21313,0.000392,172.31.46.0-255,66,30958,50,170734
21314,0.000405,172.31.46.0-255,66,31024,50,170734
21315,0.000408,172.217.194.0-255,1403,32427,50,170734
21316,0.00041,172.31.46.0-255,66,32493,50,170734
21317,0.00047,172.217.194.0-255,377,32870,50,170734
21318,0.000474,172.31.46.0-255,66,32936,50,170734
21319,0.000577,172.217.194.0-255,1484,34420,50,170734
21320,0.000581,172.31.46.0-255,66,34486,50,170734
21321,0.000588,172.217.194.0-255,2902,37388,50,170734
21322,0.000591,172.31.46.0-255,66,37454,50,170734
21323,0.000594,172.217.194.0-255,1484,38938,50,170734
21324,0.000616,172.217.194.0-255,4320,43258,50,170734
21325,0.000618,172.31.46.0-255,66,43324,50,170734
21326,0.000656,172.217.194.0-255,6248,49572,50,170734
21327,0.000659,172.31.46.0-255,66,49638,50,170734
21328,0.000891,172.217.194.0-255,1484,51122,50,170734
21329,0.000898,172.217.194.0-255,2902,54024,50,170734
21330,0.000902,172.31.46.0-255,66,54090,50,170734
21331,0.000907,172.217.194.0-255,2902,56992,50,170734
21332,0.000909,172.31.46.0-255,66,57058,50,170734
21333,0.000934,172.217.194.0-255,2902,59960,50,170734
21334,0.000937,172.31.46.0-255,66,60026,50,170734
21335,0.000952,172.31.46.0-255,66,60092,50,170734
21336,0.000957,172.217.194.0-255,2902,62994,50,170734
21337,0.000959,172.31.46.0-255,66,63060,50,170734
21338,0.001002,172.31.46.0-255,66,63126,50,170734
21339,0.001234,172.217.194.0-255,1484,64610,50,170734
21340,0.00124,172.217.194.0-255,2902,67512,50,170734
21341,0.001243,172.31.46.0-255,66,67578,50,170734
21342,0.001251,172.217.194.0-255,5738,73316,50,170734
21343,0.001253,172.31.46.0-255,66,73382,50,170734
21344,0.001299,172.31.46.0-255,66,73448,50,170734
21345,0.001332,172.217.194.0-255,1484,74932,50,170734
21346,0.001353,172.31.46.0-255,66,74998,50,170734
21347,0.001366,172.31.46.0-255,66,75064,50,170734
21348,0.001376,172.31.46.0-255,66,75130,50,170734
21349,0.001413,172.217.194.0-255,4320,79450,50,170734
21350,0.001416,172.31.46.0-255,66,79516,50,170734
21351,0.001444,172.31.46.0-255,66,79582,50,170734
21352,0.001459,172.31.46.0-255,66,79648,50,170734
21353,0.00147,172.31.46.0-255,66,79714,50,170734
21354,0.001494,172.217.194.0-255,4320,84034,50,170734
21355,0.001497,172.31.46.0-255,66,84100,50,170734
21356,0.001513,172.217.194.0-255,4320,88420,50,170734
21357,0.001515,172.31.46.0-255,66,88486,50,170734
21358,0.001538,172.217.194.0-255,2184,90670,50,170734
21359,0.001541,172.31.46.0-255,66,90736,50,170734
21360,0.001548,172.217.194.0-255,7156,97892,50,170734
21361,0.00155,172.31.46.0-255,66,97958,50,170734
21362,0.001557,172.217.194.0-255,5738,103696,50,170734
21363,0.001559,172.31.46.0-255,66,103762,50,170734
21364,0.001594,172.31.46.0-255,66,103828,50,170734
21365,0.001601,172.217.194.0-255,7156,110984,50,170734
21366,0.001604,172.31.46.0-255,66,111050,50,170734
21367,0.001629,172.217.194.0-255,3602,114652,50,170734
21368,0.001632,172.31.46.0-255,66,114718,50,170734
21369,0.001667,172.217.194.0-255,5738,120456,50,170734
21370,0.00167,172.31.46.0-255,66,120522,50,170734
21371,0.001701,172.217.194.0-255,2902,123424,50,170734
21372,0.001704,172.31.46.0-255,66,123490,50,170734
21373,0.001716,172.31.46.0-255,66,123556,50,170734
21374,0.001732,172.31.46.0-255,66,123622,50,170734
21375,0.001735,172.217.194.0-255,1484,125106,50,170734
21376,0.001739,172.217.194.0-255,2902,128008,50,170734
21377,0.001742,172.31.46.0-255,66,128074,50,170734
21378,0.001745,172.217.194.0-255,1484,129558,50,170734
21379,0.001768,172.217.194.0-255,4320,133878,50,170734
21380,0.001771,172.31.46.0-255,66,133944,50,170734
21381,0.001782,172.31.46.0-255,66,134010,50,170734
21382,0.001803,172.217.194.0-255,1484,135494,50,170734
21383,0.001824,172.217.194.0-255,2902,138396,50,170734
21384,0.001827,172.31.46.0-255,66,138462,50,170734
21385,0.001857,172.31.46.0-255,66,138528,50,170734
21386,0.001906,172.217.194.0-255,2902,141430,50,170734
21387,0.001911,172.31.46.0-255,66,141496,50,170734
21388,0.001944,172.31.46.0-255,66,141562,50,170734
21389,0.001958,172.31.46.0-255,66,141628,50,170734
21390,0.001966,172.217.194.0-255,6438,148066,50,170734
21391,0.001969,172.31.46.0-255,66,148132,50,170734
21392,0.001972,172.217.194.0-255,1484,149616,50,170734
21393,0.002002,172.217.194.0-255,2902,152518,50,170734
21394,0.002004,172.31.46.0-255,66,152584,50,170734
21395,0.002011,172.217.194.0-255,5738,158322,50,170734
21396,0.002013,172.31.46.0-255,66,158388,50,170734
21397,0.002027,172.31.46.0-255,66,158454,50,170734
21398,0.002033,172.217.194.0-255,5738,164192,50,170734
21399,0.002037,172.31.46.0-255,66,164258,50,170734
21400,0.002089,172.217.194.0-255,5738,169996,50,170734
21401,0.002092,172.31.46.0-255,66,170062,50,170734
21402,0.002128,172.31.46.0-255,66,170128,50,170734
21403,0.002142,172.31.46.0-255,66,170194,50,170734
21404,0.002144,172.217.194.0-255,97,170291,50,170734
21405,0.002147,172.217.194.0-255,105,170396,50,170734
21406,0.003219,172.31.46.0-255,101,170497,50,170734
21407,0.004929,172.31.46.0-255,105,170602,50,170734
21408,0.00549,172.217.194.0-255,66,170668,50,170734
21409,0.007186,172.217.194.0-255,66,170734,50,170734
21410,0.0,172.217.194.0-255,152,152,50,125732
21411,2.4e-05,172.31.46.0-255,66,218,50,125732
21412,3.2e-05,172.217.194.0-255,1484,1702,50,125732
21413,3.7e-05,172.31.46.0-255,66,1768,50,125732
21414,4.2e-05,172.217.194.0-255,2902,4670,50,125732
21415,4.5e-05,172.31.46.0-255,66,4736,50,125732
21416,5.3e-05,172.217.194.0-255,7156,11892,50,125732
21417,5.6e-05,172.31.46.0-255,66,11958,50,125732
21418,6.8e-05,172.31.46.0-255,66,12024,50,125732
21419,0.000105,172.217.194.0-255,2902,14926,50,125732
21420,0.000108,172.31.46.0-255,66,14992,50,125732
21421,0.000131,172.31.46.0-255,66,15058,50,125732
21422,0.000304,172.217.194.0-255,1484,16542,50,125732
21423,0.00031,172.31.46.0-255,66,16608,50,125732
21424,0.000316,172.217.194.0-255,2902,19510,50,125732
21425,0.000318,172.31.46.0-255,66,19576,50,125732
21426,0.000325,172.217.194.0-255,5738,25314,50,125732
21427,0.000327,172.31.46.0-255,66,25380,50,125732
21428,0.000357,172.217.194.0-255,2902,28282,50,125732
21429,0.00036,172.31.46.0-255,66,28348,50,125732
21430,0.000388,172.31.46.0-255,66,28414,50,125732
21431,0.0004,172.31.46.0-255,66,28480,50,125732
21432,0.000403,172.217.194.0-255,1125,29605,50,125732
21433,0.000405,172.31.46.0-255,66,29671,50,125732
21434,0.001542,172.217.194.0-255,646,30317,50,125732
21435,0.001549,172.31.46.0-255,66,30383,50,125732
21436,0.001691,172.217.194.0-255,1484,31867,50,125732
21437,0.001695,172.31.46.0-255,66,31933,50,125732
21438,0.001701,172.217.194.0-255,2902,34835,50,125732
21439,0.001704,172.31.46.0-255,66,34901,50,125732
21440,0.001709,172.217.194.0-255,2902,37803,50,125732
21441,0.001711,172.31.46.0-255,66,37869,50,125732
21442,0.001731,172.217.194.0-255,2902,40771,50,125732
21443,0.001733,172.31.46.0-255,66,40837,50,125732
21444,0.00174,172.217.194.0-255,5738,46575,50,125732
21445,0.001741,172.31.46.0-255,66,46641,50,125732
21446,0.001774,172.31.46.0-255,66,46707,50,125732
21447,0.00178,172.217.194.0-255,5020,51727,50,125732
21448,0.001782,172.31.46.0-255,66,51793,50,125732
21449,0.004065,172.217.194.0-255,5738,57531,50,125732
21450,0.004068,172.31.46.0-255,66,57597,50,125732
21451,0.00635,172.217.194.0-255,5738,63335,50,125732
21452,0.006354,172.31.46.0-255,66,63401,50,125732
21453,0.008674,172.217.194.0-255,5738,69139,50,125732
21454,0.008682,172.31.46.0-255,66,69205,50,125732
21455,0.010986,172.217.194.0-255,5738,74943,50,125732
21456,0.010994,172.31.46.0-255,66,75009,50,125732
21457,0.013285,172.217.194.0-255,5738,80747,50,125732
21458,0.013295,172.31.46.0-255,66,80813,50,125732
21459,0.015635,172.217.194.0-255,5738,86551,50,125732
21460,0.015644,172.31.46.0-255,66,86617,50,125732
21461,0.017973,172.217.194.0-255,5738,92355,50,125732
21462,0.01798,172.31.46.0-255,66,92421,50,125732
21463,0.020277,172.217.194.0-255,5738,98159,50,125732
21464,0.020285,172.31.46.0-255,66,98225,50,125732
21465,0.022581,172.217.194.0-255,5738,103963,50,125732
21466,0.022589,172.31.46.0-255,66,104029,50,125732
21467,0.024881,172.217.194.0-255,5738,109767,50,125732
21468,0.024892,172.31.46.0-255,66,109833,50,125732
21469,0.027177,172.217.194.0-255,5738,115571,50,125732
21470,0.027184,172.31.46.0-255,66,115637,50,125732
21471,0.028244,172.31.46.0-255,172,115809,50,125732
21472,0.028279,172.31.46.0-255,1113,116922,50,125732
21473,0.028355,172.31.46.0-255,1514,118436,50,125732
21474,0.028357,172.31.46.0-255,1294,119730,50,125732
21475,0.029501,172.217.194.0-255,5738,125468,50,125732
21476,0.029509,172.31.46.0-255,66,125534,50,125732
21477,0.029792,104.244.42.0-255,66,125600,50,125732
21478,0.0298,104.244.42.0-255,66,125666,50,125732
21479,0.029879,104.244.42.0-255,66,125732,50,125732
21480,0.0,74.125.130.0-255,153,153,50,208372
21481,2.3e-05,172.31.46.0-255,66,219,50,208372
21482,3e-05,74.125.130.0-255,1484,1703,50,208372
21483,3.4e-05,172.31.46.0-255,66,1769,50,208372
21484,4e-05,74.125.130.0-255,2902,4671,50,208372
21485,4.4e-05,172.31.46.0-255,66,4737,50,208372
21486,4.7e-05,74.125.130.0-255,1484,6221,50,208372
21487,5e-05,172.31.46.0-255,66,6287,50,208372
21488,7.5e-05,74.125.130.0-255,2902,9189,50,208372
21489,7.8e-05,172.31.46.0-255,66,9255,50,208372
21490,0.000124,74.125.130.0-255,4883,14138,50,208372
21491,0.000127,172.31.46.0-255,66,14204,50,208372
21492,0.00025,74.125.130.0-255,1484,15688,50,208372
21493,0.000255,172.31.46.0-255,66,15754,50,208372
21494,0.000261,74.125.130.0-255,2902,18656,50,208372
21495,0.000263,172.31.46.0-255,66,18722,50,208372
21496,0.000293,74.125.130.0-255,5738,24460,50,208372
21497,0.000297,172.31.46.0-255,66,24526,50,208372
21498,0.000309,74.125.130.0-255,1484,26010,50,208372
21499,0.000311,172.31.46.0-255,66,26076,50,208372
21500,0.000333,74.125.130.0-255,5379,31455,50,208372
21501,0.000335,172.31.46.0-255,66,31521,50,208372
21502,0.00037,74.125.130.0-255,2902,34423,50,208372
21503,0.000373,172.31.46.0-255,66,34489,50,208372
21504,0.000388,74.125.130.0-255,4320,38809,50,208372
21505,0.000391,172.31.46.0-255,66,38875,50,208372
21506,0.000431,74.125.130.0-255,2902,41777,50,208372
21507,0.000434,172.31.46.0-255,66,41843,50,208372
21508,0.000457,74.125.130.0-255,5738,47581,50,208372
21509,0.00046,172.31.46.0-255,66,47647,50,208372
21510,0.00048,74.125.130.0-255,1125,48772,50,208372
21511,0.000483,172.31.46.0-255,66,48838,50,208372
21512,0.000636,74.125.130.0-255,1484,50322,50,208372
21513,0.000655,74.125.130.0-255,1484,51806,50,208372
21514,0.00066,74.125.130.0-255,2902,54708,50,208372
21515,0.000669,172.31.46.0-255,66,54774,50,208372
21516,0.000673,172.31.46.0-255,66,54840,50,208372
21517,0.000676,74.125.130.0-255,1484,56324,50,208372
21518,0.000696,74.125.130.0-255,4320,60644,50,208372
21519,0.000698,172.31.46.0-255,66,60710,50,208372
21520,0.000721,74.125.130.0-255,5379,66089,50,208372
21521,0.000725,172.31.46.0-255,66,66155,50,208372
21522,0.000744,74.125.130.0-255,377,66532,50,208372
21523,0.000888,74.125.130.0-255,365,66897,50,208372
21524,0.000935,74.125.130.0-255,1484,68381,50,208372
21525,0.000939,172.31.46.0-255,66,68447,50,208372
21526,0.000944,74.125.130.0-255,1484,69931,50,208372
21527,0.000962,74.125.130.0-255,2902,72833,50,208372
21528,0.000965,172.31.46.0-255,66,72899,50,208372
21529,0.00097,74.125.130.0-255,4320,77219,50,208372
21530,0.000973,172.31.46.0-255,66,77285,50,208372
21531,0.000984,74.125.130.0-255,1484,78769,50,208372
21532,0.001009,74.125.130.0-255,5738,84507,50,208372
21533,0.001012,172.31.46.0-255,66,84573,50,208372
21534,0.00103,74.125.130.0-255,5738,90311,50,208372
21535,0.001032,172.31.46.0-255,66,90377,50,208372
21536,0.001098,74.125.130.0-255,2902,93279,50,208372
21537,0.001101,172.31.46.0-255,66,93345,50,208372
21538,0.001116,74.125.130.0-255,1484,94829,50,208372
21539,0.001135,74.125.130.0-255,2902,97731,50,208372
21540,0.001141,172.31.46.0-255,66,97797,50,208372
21541,0.001157,74.125.130.0-255,3602,101399,50,208372
21542,0.00116,172.31.46.0-255,66,101465,50,208372
21543,0.001518,74.125.130.0-255,1484,102949,50,208372
21544,0.001536,74.125.130.0-255,2902,105851,50,208372
21545,0.00154,172.31.46.0-255,66,105917,50,208372
21546,0.001547,74.125.130.0-255,5738,111655,50,208372
21547,0.001549,172.31.46.0-255,66,111721,50,208372
21548,0.00158,74.125.130.0-255,1484,113205,50,208372
21549,0.001599,74.125.130.0-255,2902,116107,50,208372
21550,0.001603,172.31.46.0-255,66,116173,50,208372
21551,0.00162,74.125.130.0-255,4320,120493,50,208372
21552,0.001622,172.31.46.0-255,66,120559,50,208372
21553,0.001634,74.125.130.0-255,1484,122043,50,208372
21554,0.001679,74.125.130.0-255,7156,129199,50,208372
21555,0.001682,172.31.46.0-255,66,129265,50,208372
21556,0.001719,74.125.130.0-255,6438,135703,50,208372
21557,0.001721,172.31.46.0-255,66,135769,50,208372
21558,0.003958,74.125.130.0-255,5738,141507,50,208372
21559,0.003974,172.31.46.0-255,66,141573,50,208372
21560,0.006208,74.125.130.0-255,5738,147311,50,208372
21561,0.006214,172.31.46.0-255,66,147377,50,208372
21562,0.008442,74.125.130.0-255,5738,153115,50,208372
21563,0.008449,172.31.46.0-255,66,153181,50,208372
21564,0.010683,74.125.130.0-255,5738,158919,50,208372
21565,0.010691,172.31.46.0-255,66,158985,50,208372
21566,0.012916,74.125.130.0-255,5738,164723,50,208372
21567,0.012925,172.31.46.0-255,66,164789,50,208372
21568,0.015162,74.125.130.0-255,5738,170527,50,208372
21569,0.015173,172.31.46.0-255,66,170593,50,208372
21570,0.017397,74.125.130.0-255,5738,176331,50,208372
21571,0.017405,172.31.46.0-255,66,176397,50,208372
21572,0.019644,74.125.130.0-255,5738,182135,50,208372
21573,0.01965,172.31.46.0-255,66,182201,50,208372
21574,0.021894,74.125.130.0-255,5738,187939,50,208372
21575,0.021903,172.31.46.0-255,66,188005,50,208372
21576,0.024127,74.125.130.0-255,5738,193743,50,208372
21577,0.024134,172.31.46.0-255,66,193809,50,208372
21578,0.026383,74.125.130.0-255,4320,198129,50,208372
21579,0.02639,172.31.46.0-255,66,198195,50,208372
21580,0.026408,74.125.130.0-255,1484,199679,50,208372
21581,0.027374,172.31.46.0-255,188,199867,50,208372
21582,0.0274,172.31.46.0-255,954,200821,50,208372
21583,0.027445,172.31.46.0-255,1514,202335,50,208372
21584,0.027446,172.31.46.0-255,1453,203788,50,208372
21585,0.02862,74.125.130.0-255,4320,208108,50,208372
21586,0.028627,172.31.46.0-255,66,208174,50,208372
21587,0.028966,104.244.42.0-255,66,208240,50,208372
21588,0.028974,104.244.42.0-255,66,208306,50,208372
21589,0.029007,104.244.42.0-255,66,208372,50,208372
21590,0.0,74.125.24.0-255,150,150,50,184827
21591,1.9e-05,172.31.46.0-255,66,216,50,184827
21592,2.6e-05,74.125.24.0-255,1484,1700,50,184827
21593,3e-05,172.31.46.0-255,66,1766,50,184827
21594,4.4e-05,74.125.24.0-255,2902,4668,50,184827
21595,4.8e-05,172.31.46.0-255,66,4734,50,184827
21596,5.5e-05,74.125.24.0-255,5738,10472,50,184827
21597,5.8e-05,172.31.46.0-255,66,10538,50,184827
21598,6.3e-05,74.125.24.0-255,3519,14057,50,184827
21599,6.6e-05,172.31.46.0-255,66,14123,50,184827
21600,0.000105,74.125.24.0-255,4320,18443,50,184827
21601,0.000108,172.31.46.0-255,66,18509,50,184827
21602,0.000133,172.31.46.0-255,66,18575,50,184827
21603,0.000183,74.125.24.0-255,1484,20059,50,184827
21604,0.000186,172.31.46.0-255,66,20125,50,184827
21605,0.000213,74.125.24.0-255,2543,22668,50,184827
21606,0.000216,172.31.46.0-255,66,22734,50,184827
21607,0.000245,74.125.24.0-255,1484,24218,50,184827
21608,0.000248,172.31.46.0-255,66,24284,50,184827
21609,0.000282,74.125.24.0-255,2902,27186,50,184827
21610,0.000284,172.31.46.0-255,66,27252,50,184827
21611,0.000291,74.125.24.0-255,5738,32990,50,184827
21612,0.000294,172.31.46.0-255,66,33056,50,184827
21613,0.000313,172.31.46.0-255,66,33122,50,184827
21614,0.000321,74.125.24.0-255,7156,40278,50,184827
21615,0.000323,172.31.46.0-255,66,40344,50,184827
21616,0.000361,74.125.24.0-255,2543,42887,50,184827
21617,0.000364,172.31.46.0-255,66,42953,50,184827
21618,0.000367,74.125.24.0-255,431,43384,50,184827
21619,0.000369,172.31.46.0-255,66,43450,50,184827
21620,0.000419,74.125.24.0-255,343,43793,50,184827
21621,0.000888,74.125.24.0-255,1484,45277,50,184827
21622,0.000893,172.31.46.0-255,66,45343,50,184827
21623,0.0009,74.125.24.0-255,2902,48245,50,184827
21624,0.000927,74.125.24.0-255,5738,53983,50,184827
21625,0.000941,74.125.24.0-255,4320,58303,50,184827
21626,0.000945,172.31.46.0-255,66,58369,50,184827
21627,0.000954,172.31.46.0-255,66,58435,50,184827
21628,0.000964,74.125.24.0-255,5738,64173,50,184827
21629,0.000966,74.125.24.0-255,1484,65657,50,184827
21630,0.001008,172.31.46.0-255,66,65723,50,184827
21631,0.001035,74.125.24.0-255,2184,67907,50,184827
21632,0.001044,172.31.46.0-255,66,67973,50,184827
21633,0.001124,74.125.24.0-255,1484,69457,50,184827
21634,0.00113,74.125.24.0-255,2902,72359,50,184827
21635,0.001134,172.31.46.0-255,66,72425,50,184827
21636,0.001157,74.125.24.0-255,5738,78163,50,184827
21637,0.001164,74.125.24.0-255,4320,82483,50,184827
21638,0.001172,172.31.46.0-255,66,82549,50,184827
21639,0.001207,172.31.46.0-255,66,82615,50,184827
21640,0.001255,172.31.46.0-255,66,82681,50,184827
21641,0.001297,172.31.46.0-255,66,82747,50,184827
21642,0.001319,172.31.46.0-255,66,82813,50,184827
21643,0.00136,172.31.46.0-255,66,82879,50,184827
21644,0.001652,74.125.24.0-255,1484,84363,50,184827
21645,0.001659,74.125.24.0-255,2902,87265,50,184827
21646,0.001662,172.31.46.0-255,66,87331,50,184827
21647,0.001697,74.125.24.0-255,5738,93069,50,184827
21648,0.001705,74.125.24.0-255,7156,100225,50,184827
21649,0.001738,74.125.24.0-255,2184,102409,50,184827
21650,0.001743,172.31.46.0-255,66,102475,50,184827
21651,0.002087,74.125.24.0-255,1484,103959,50,184827
21652,0.002093,74.125.24.0-255,2902,106861,50,184827
21653,0.002096,172.31.46.0-255,66,106927,50,184827
21654,0.002127,74.125.24.0-255,5738,112665,50,184827
21655,0.002132,74.125.24.0-255,2902,115567,50,184827
21656,0.002136,172.31.46.0-255,66,115633,50,184827
21657,0.002187,172.31.46.0-255,66,115699,50,184827
21658,0.00222,74.125.24.0-255,1484,117183,50,184827
21659,0.002236,74.125.24.0-255,2902,120085,50,184827
21660,0.002239,74.125.24.0-255,1484,121569,50,184827
21661,0.002245,172.31.46.0-255,66,121635,50,184827
21662,0.002279,74.125.24.0-255,4320,125955,50,184827
21663,0.002354,74.125.24.0-255,766,126721,50,184827
21664,0.002881,172.31.46.0-255,66,126787,50,184827
21665,0.005406,74.125.24.0-255,5738,132525,50,184827
21666,0.006444,172.31.46.0-255,66,132591,50,184827
21667,0.00897,74.125.24.0-255,5738,138329,50,184827
21668,0.008979,172.31.46.0-255,66,138395,50,184827
21669,0.011486,74.125.24.0-255,5738,144133,50,184827
21670,0.011499,172.31.46.0-255,66,144199,50,184827
21671,0.014026,74.125.24.0-255,5738,149937,50,184827
21672,0.014594,172.31.46.0-255,66,150003,50,184827
21673,0.017128,74.125.24.0-255,5738,155741,50,184827
21674,0.017146,172.31.46.0-255,66,155807,50,184827
21675,0.019673,74.125.24.0-255,5738,161545,50,184827
21676,0.019688,172.31.46.0-255,66,161611,50,184827
21677,0.022205,74.125.24.0-255,5738,167349,50,184827
21678,0.022222,172.31.46.0-255,66,167415,50,184827
21679,0.024731,74.125.24.0-255,5738,173153,50,184827
21680,0.024742,172.31.46.0-255,66,173219,50,184827
21681,0.027287,74.125.24.0-255,5738,178957,50,184827
21682,0.0273,172.31.46.0-255,66,179023,50,184827
21683,0.029828,74.125.24.0-255,5738,184761,50,184827
21684,0.029841,172.31.46.0-255,66,184827,50,184827
21685,0.0,172.217.194.0-255,153,153,50,200362
21686,2.3e-05,172.31.46.0-255,66,219,50,200362
21687,3e-05,172.217.194.0-255,1484,1703,50,200362
21688,3.5e-05,172.31.46.0-255,66,1769,50,200362
21689,4e-05,172.217.194.0-255,2902,4671,50,200362
21690,4.4e-05,172.31.46.0-255,66,4737,50,200362
21691,4.9e-05,172.217.194.0-255,2902,7639,50,200362
21692,5.3e-05,172.31.46.0-255,66,7705,50,200362
21693,7.9e-05,172.217.194.0-255,2902,10607,50,200362
21694,8.2e-05,172.31.46.0-255,66,10673,50,200362
21695,0.000114,172.31.46.0-255,66,10739,50,200362
21696,0.000121,172.217.194.0-255,7156,17895,50,200362
21697,0.000124,172.31.46.0-255,66,17961,50,200362
21698,0.000155,172.217.194.0-255,2543,20504,50,200362
21699,0.000157,172.31.46.0-255,66,20570,50,200362
21700,0.000571,172.217.194.0-255,1484,22054,50,200362
21701,0.000577,172.31.46.0-255,66,22120,50,200362
21702,0.000584,172.217.194.0-255,2902,25022,50,200362
21703,0.000586,172.31.46.0-255,66,25088,50,200362
21704,0.000613,172.217.194.0-255,5738,30826,50,200362
21705,0.00062,172.217.194.0-255,6797,37623,50,200362
21706,0.000627,172.31.46.0-255,66,37689,50,200362
21707,0.000634,172.31.46.0-255,66,37755,50,200362
21708,0.000652,172.217.194.0-255,7156,44911,50,200362
21709,0.000655,172.31.46.0-255,66,44977,50,200362
21710,0.000682,172.217.194.0-255,7156,52133,50,200362
21711,0.000686,172.31.46.0-255,66,52199,50,200362
21712,0.00069,172.217.194.0-255,2831,55030,50,200362
21713,0.000692,172.31.46.0-255,66,55096,50,200362
21714,0.001247,172.217.194.0-255,366,55462,50,200362
21715,0.001253,172.31.46.0-255,66,55528,50,200362
21716,0.001666,172.217.194.0-255,1484,57012,50,200362
21717,0.001676,172.217.194.0-255,2902,59914,50,200362
21718,0.00168,172.31.46.0-255,66,59980,50,200362
21719,0.001707,172.217.194.0-255,5738,65718,50,200362
21720,0.001709,172.31.46.0-255,66,65784,50,200362
21721,0.001715,172.217.194.0-255,4320,70104,50,200362
21722,0.001717,172.31.46.0-255,66,70170,50,200362
21723,0.001737,172.217.194.0-255,5738,75908,50,200362
21724,0.00174,172.31.46.0-255,66,75974,50,200362
21725,0.001744,172.217.194.0-255,1484,77458,50,200362
21726,0.001766,172.31.46.0-255,66,77524,50,200362
21727,0.001786,172.217.194.0-255,2184,79708,50,200362
21728,0.001788,172.31.46.0-255,66,79774,50,200362
21729,0.001932,172.217.194.0-255,1484,81258,50,200362
21730,0.00195,172.217.194.0-255,2902,84160,50,200362
21731,0.001954,172.31.46.0-255,66,84226,50,200362
21732,0.001961,172.217.194.0-255,5738,89964,50,200362
21733,0.001963,172.31.46.0-255,66,90030,50,200362
21734,0.00199,172.217.194.0-255,2902,92932,50,200362
21735,0.001994,172.31.46.0-255,66,92998,50,200362
21736,0.002023,172.31.46.0-255,66,93064,50,200362
21737,0.002064,172.31.46.0-255,66,93130,50,200362
21738,0.002082,172.217.194.0-255,2184,95314,50,200362
21739,0.002084,172.31.46.0-255,66,95380,50,200362
21740,0.0021,172.31.46.0-255,66,95446,50,200362
21741,0.002107,172.217.194.0-255,7156,102602,50,200362
21742,0.002109,172.31.46.0-255,66,102668,50,200362
21743,0.002125,172.217.194.0-255,1484,104152,50,200362
21744,0.002139,172.217.194.0-255,1484,105636,50,200362
21745,0.002141,172.31.46.0-255,66,105702,50,200362
21746,0.002164,172.217.194.0-255,6438,112140,50,200362
21747,0.002166,172.31.46.0-255,66,112206,50,200362
21748,0.002225,172.217.194.0-255,1484,113690,50,200362
21749,0.002235,172.217.194.0-255,1484,115174,50,200362
21750,0.002238,172.31.46.0-255,66,115240,50,200362
21751,0.002253,172.217.194.0-255,1484,116724,50,200362
21752,0.002259,172.217.194.0-255,5738,122462,50,200362
21753,0.002262,172.31.46.0-255,66,122528,50,200362
21754,0.002285,172.217.194.0-255,4320,126848,50,200362
21755,0.002288,172.31.46.0-255,66,126914,50,200362
21756,0.002316,172.31.46.0-255,66,126980,50,200362
21757,0.002321,172.217.194.0-255,5738,132718,50,200362
21758,0.002324,172.31.46.0-255,66,132784,50,200362
21759,0.002359,172.217.194.0-255,5020,137804,50,200362
21760,0.002361,172.31.46.0-255,66,137870,50,200362
21761,0.004687,172.217.194.0-255,5738,143608,50,200362
21762,0.004692,172.31.46.0-255,66,143674,50,200362
21763,0.00702,172.217.194.0-255,4320,147994,50,200362
21764,0.007026,172.31.46.0-255,66,148060,50,200362
21765,0.007042,172.217.194.0-255,1484,149544,50,200362
21766,0.009343,172.217.194.0-255,4320,153864,50,200362
21767,0.00935,172.31.46.0-255,66,153930,50,200362
21768,0.011673,172.217.194.0-255,5738,159668,50,200362
21769,0.011681,172.31.46.0-255,66,159734,50,200362
21770,0.014006,172.217.194.0-255,5738,165472,50,200362
21771,0.014014,172.31.46.0-255,66,165538,50,200362
21772,0.016359,172.217.194.0-255,5738,171276,50,200362
21773,0.016366,172.31.46.0-255,66,171342,50,200362
21774,0.0187,172.217.194.0-255,5738,177080,50,200362
21775,0.018709,172.31.46.0-255,66,177146,50,200362
21776,0.021044,172.217.194.0-255,5738,182884,50,200362
21777,0.021053,172.31.46.0-255,66,182950,50,200362
21778,0.023385,172.217.194.0-255,5738,188688,50,200362
21779,0.023391,172.31.46.0-255,66,188754,50,200362
21780,0.025761,172.217.194.0-255,5738,194492,50,200362
21781,0.025769,172.31.46.0-255,66,194558,50,200362
21782,0.028134,172.217.194.0-255,5738,200296,50,200362
21783,0.028144,172.31.46.0-255,66,200362,50,200362
21784,0.0,172.217.194.0-255,142,142,50,167417
21785,2.5e-05,172.31.46.0-255,66,208,50,167417
21786,3.2e-05,172.217.194.0-255,1484,1692,50,167417
21787,3.8e-05,172.31.46.0-255,66,1758,50,167417
21788,5.2e-05,172.217.194.0-255,2902,4660,50,167417
21789,5.5e-05,172.31.46.0-255,66,4726,50,167417
21790,6.3e-05,172.217.194.0-255,7156,11882,50,167417
21791,6.6e-05,172.31.46.0-255,66,11948,50,167417
21792,7.1e-05,172.217.194.0-255,2093,14041,50,167417
21793,7.4e-05,172.31.46.0-255,66,14107,50,167417
21794,0.000155,172.217.194.0-255,1484,15591,50,167417
21795,0.000158,172.31.46.0-255,66,15657,50,167417
21796,0.000176,172.217.194.0-255,2902,18559,50,167417
21797,0.00018,172.31.46.0-255,66,18625,50,167417
21798,0.000187,172.217.194.0-255,5738,24363,50,167417
21799,0.000189,172.31.46.0-255,66,24429,50,167417
21800,0.000221,172.217.194.0-255,6797,31226,50,167417
21801,0.000225,172.217.194.0-255,2902,34128,50,167417
21802,0.000229,172.31.46.0-255,66,34194,50,167417
21803,0.000232,172.31.46.0-255,66,34260,50,167417
21804,0.000263,172.217.194.0-255,4320,38580,50,167417
21805,0.000266,172.31.46.0-255,66,38646,50,167417
21806,0.000282,172.31.46.0-255,66,38712,50,167417
21807,0.000294,172.31.46.0-255,66,38778,50,167417
21808,0.000297,172.217.194.0-255,677,39455,50,167417
21809,0.000299,172.31.46.0-255,66,39521,50,167417
21810,0.000491,172.217.194.0-255,1484,41005,50,167417
21811,0.000496,172.31.46.0-255,66,41071,50,167417
21812,0.000502,172.217.194.0-255,1484,42555,50,167417
21813,0.000504,172.31.46.0-255,66,42621,50,167417
21814,0.000523,172.217.194.0-255,1484,44105,50,167417
21815,0.000537,172.217.194.0-255,5738,49843,50,167417
21816,0.000539,172.31.46.0-255,66,49909,50,167417
21817,0.000544,172.217.194.0-255,2902,52811,50,167417
21818,0.000545,172.31.46.0-255,66,52877,50,167417
21819,0.000585,172.31.46.0-255,66,52943,50,167417
21820,0.000591,172.217.194.0-255,4320,57263,50,167417
21821,0.000593,172.31.46.0-255,66,57329,50,167417
21822,0.000631,172.217.194.0-255,6438,63767,50,167417
21823,0.000633,172.31.46.0-255,66,63833,50,167417
21824,0.00076,172.217.194.0-255,1484,65317,50,167417
21825,0.000765,172.217.194.0-255,2902,68219,50,167417
21826,0.000768,172.31.46.0-255,66,68285,50,167417
21827,0.000775,172.217.194.0-255,5738,74023,50,167417
21828,0.000778,172.31.46.0-255,66,74089,50,167417
21829,0.000783,172.217.194.0-255,2902,76991,50,167417
21830,0.00079,172.31.46.0-255,66,77057,50,167417
21831,0.000827,172.217.194.0-255,4320,81377,50,167417
21832,0.000831,172.31.46.0-255,66,81443,50,167417
21833,0.00085,172.31.46.0-255,66,81509,50,167417
21834,0.000854,172.217.194.0-255,2184,83693,50,167417
21835,0.000857,172.31.46.0-255,66,83759,50,167417
21836,0.000901,172.217.194.0-255,1484,85243,50,167417
21837,0.000906,172.217.194.0-255,2902,88145,50,167417
21838,0.00091,172.31.46.0-255,66,88211,50,167417
21839,0.000929,172.217.194.0-255,4320,92531,50,167417
21840,0.000931,172.31.46.0-255,66,92597,50,167417
21841,0.001013,172.31.46.0-255,66,92663,50,167417
21842,0.001049,172.31.46.0-255,66,92729,50,167417
21843,0.001068,172.31.46.0-255,66,92795,50,167417
21844,0.001084,172.31.46.0-255,66,92861,50,167417
21845,0.00109,172.217.194.0-255,3602,96463,50,167417
21846,0.001092,172.31.46.0-255,66,96529,50,167417
21847,0.001147,172.31.46.0-255,66,96595,50,167417
21848,0.001177,172.217.194.0-255,5738,102333,50,167417
21849,0.001181,172.31.46.0-255,66,102399,50,167417
21850,0.001202,172.31.46.0-255,66,102465,50,167417
21851,0.001205,172.217.194.0-255,766,103231,50,167417
21852,0.001225,172.217.194.0-255,1484,104715,50,167417
21853,0.001228,172.31.46.0-255,66,104781,50,167417
21854,0.001231,172.217.194.0-255,1484,106265,50,167417
21855,0.001256,172.217.194.0-255,1484,107749,50,167417
21856,0.001259,172.31.46.0-255,66,107815,50,167417
21857,0.001266,172.217.194.0-255,5738,113553,50,167417
21858,0.001268,172.31.46.0-255,66,113619,50,167417
21859,0.001271,172.217.194.0-255,1484,115103,50,167417
21860,0.001309,172.31.46.0-255,66,115169,50,167417
21861,0.001326,172.31.46.0-255,66,115235,50,167417
21862,0.001329,172.217.194.0-255,766,116001,50,167417
21863,0.00135,172.217.194.0-255,1484,117485,50,167417
21864,0.001352,172.31.46.0-255,66,117551,50,167417
21865,0.001355,172.217.194.0-255,1484,119035,50,167417
21866,0.001377,172.217.194.0-255,2902,121937,50,167417
21867,0.001379,172.31.46.0-255,66,122003,50,167417
21868,0.001385,172.217.194.0-255,4320,126323,50,167417
21869,0.001387,172.31.46.0-255,66,126389,50,167417
21870,0.001419,172.217.194.0-255,5738,132127,50,167417
21871,0.001432,172.31.46.0-255,66,132193,50,167417
21872,0.001434,172.31.46.0-255,66,132259,50,167417
21873,0.001473,172.31.46.0-255,66,132325,50,167417
21874,0.001604,172.217.194.0-255,1484,133809,50,167417
21875,0.00161,172.217.194.0-255,2902,136711,50,167417
21876,0.001613,172.31.46.0-255,66,136777,50,167417
21877,0.001648,172.217.194.0-255,5738,142515,50,167417
21878,0.001651,172.31.46.0-255,66,142581,50,167417
21879,0.001666,172.31.46.0-255,66,142647,50,167417
21880,0.001682,172.31.46.0-255,66,142713,50,167417
21881,0.001759,172.31.46.0-255,66,142779,50,167417
21882,0.001776,172.31.46.0-255,66,142845,50,167417
21883,0.001956,172.217.194.0-255,1484,144329,50,167417
21884,0.001962,172.217.194.0-255,2902,147231,50,167417
21885,0.001964,172.31.46.0-255,66,147297,50,167417
21886,0.001971,172.217.194.0-255,5738,153035,50,167417
21887,0.001974,172.31.46.0-255,66,153101,50,167417
21888,0.001985,172.217.194.0-255,2902,156003,50,167417
21889,0.001987,172.31.46.0-255,66,156069,50,167417
21890,0.002027,172.217.194.0-255,5738,161807,50,167417
21891,0.00203,172.31.46.0-255,66,161873,50,167417
21892,0.002048,172.31.46.0-255,66,161939,50,167417
21893,0.002062,172.31.46.0-255,66,162005,50,167417
21894,0.002092,172.217.194.0-255,4903,166908,50,167417
21895,0.002099,172.31.46.0-255,66,166974,50,167417
21896,0.002102,172.217.194.0-255,105,167079,50,167417
21897,0.009233,172.31.46.0-255,101,167180,50,167417
21898,0.009464,172.31.46.0-255,105,167285,50,167417
21899,0.011487,172.217.194.0-255,66,167351,50,167417
21900,0.011691,172.217.194.0-255,66,167417,50,167417
21901,0.0,172.217.194.0-255,150,150,50,177053
21902,2.5e-05,172.31.46.0-255,66,216,50,177053
21903,3.3e-05,172.217.194.0-255,1484,1700,50,177053
21904,3.8e-05,172.31.46.0-255,66,1766,50,177053
21905,4.5e-05,172.217.194.0-255,2902,4668,50,177053
21906,4.9e-05,172.31.46.0-255,66,4734,50,177053
21907,5.7e-05,172.217.194.0-255,7156,11890,50,177053
21908,6e-05,172.31.46.0-255,66,11956,50,177053
21909,6.8e-05,172.217.194.0-255,6329,18285,50,177053
21910,7e-05,172.31.46.0-255,66,18351,50,177053
21911,0.000125,172.217.194.0-255,7156,25507,50,177053
21912,0.000129,172.31.46.0-255,66,25573,50,177053
21913,0.000135,172.217.194.0-255,5379,30952,50,177053
21914,0.000137,172.31.46.0-255,66,31018,50,177053
21915,0.000184,172.217.194.0-255,1484,32502,50,177053
21916,0.000187,172.31.46.0-255,66,32568,50,177053
21917,0.000202,172.217.194.0-255,2902,35470,50,177053
21918,0.000204,172.31.46.0-255,66,35536,50,177053
21919,0.000225,172.217.194.0-255,5738,41274,50,177053
21920,0.000227,172.31.46.0-255,66,41340,50,177053
21921,0.000267,172.217.194.0-255,6797,48137,50,177053
21922,0.00027,172.31.46.0-255,66,48203,50,177053
21923,0.001264,172.217.194.0-255,1484,49687,50,177053
21924,0.001272,172.31.46.0-255,66,49753,50,177053
21925,0.001283,172.217.194.0-255,2902,52655,50,177053
21926,0.001285,172.31.46.0-255,66,52721,50,177053
21927,0.001292,172.217.194.0-255,5738,58459,50,177053
21928,0.001295,172.31.46.0-255,66,58525,50,177053
21929,0.001312,172.217.194.0-255,2902,61427,50,177053
21930,0.001314,172.31.46.0-255,66,61493,50,177053
21931,0.00136,172.31.46.0-255,66,61559,50,177053
21932,0.00137,172.31.46.0-255,66,61625,50,177053
21933,0.001402,172.31.46.0-255,66,61691,50,177053
21934,0.001428,172.31.46.0-255,66,61757,50,177053
21935,0.001431,172.217.194.0-255,645,62402,50,177053
21936,0.001622,172.217.194.0-255,1484,63886,50,177053
21937,0.001629,172.31.46.0-255,66,63952,50,177053
21938,0.001635,172.217.194.0-255,2902,66854,50,177053
21939,0.001637,172.31.46.0-255,66,66920,50,177053
21940,0.001644,172.217.194.0-255,5738,72658,50,177053
21941,0.001647,172.31.46.0-255,66,72724,50,177053
21942,0.001677,172.217.194.0-255,6235,78959,50,177053
21943,0.00168,172.31.46.0-255,66,79025,50,177053
21944,0.001922,172.217.194.0-255,1484,80509,50,177053
21945,0.001939,172.217.194.0-255,2902,83411,50,177053
21946,0.001942,172.31.46.0-255,66,83477,50,177053
21947,0.001965,172.217.194.0-255,5738,89215,50,177053
21948,0.001968,172.31.46.0-255,66,89281,50,177053
21949,0.001984,172.217.194.0-255,2902,92183,50,177053
21950,0.001987,172.31.46.0-255,66,92249,50,177053
21951,0.002003,172.217.194.0-255,7156,99405,50,177053
21952,0.002005,172.31.46.0-255,66,99471,50,177053
21953,0.002025,172.217.194.0-255,1484,100955,50,177053
21954,0.00203,172.217.194.0-255,4320,105275,50,177053
21955,0.002033,172.31.46.0-255,66,105341,50,177053
21956,0.002057,172.31.46.0-255,66,105407,50,177053
21957,0.00436,172.217.194.0-255,5738,111145,50,177053
21958,0.004364,172.31.46.0-255,66,111211,50,177053
21959,0.00668,172.217.194.0-255,5738,116949,50,177053
21960,0.006687,172.31.46.0-255,66,117015,50,177053
21961,0.007386,172.31.46.0-255,101,117116,50,177053
21962,0.008996,172.217.194.0-255,5738,122854,50,177053
21963,0.009003,172.31.46.0-255,66,122920,50,177053
21964,0.009654,172.217.194.0-255,66,122986,50,177053
21965,0.01133,172.217.194.0-255,5738,128724,50,177053
21966,0.011341,172.31.46.0-255,66,128790,50,177053
21967,0.013657,172.217.194.0-255,5738,134528,50,177053
21968,0.013665,172.31.46.0-255,66,134594,50,177053
21969,0.015982,172.217.194.0-255,5738,140332,50,177053
21970,0.01599,172.31.46.0-255,66,140398,50,177053
21971,0.018276,172.217.194.0-255,5738,146136,50,177053
21972,0.018285,172.31.46.0-255,66,146202,50,177053
21973,0.020645,172.217.194.0-255,5738,151940,50,177053
21974,0.020653,172.31.46.0-255,66,152006,50,177053
21975,0.022951,172.217.194.0-255,4320,156326,50,177053
21976,0.022956,172.31.46.0-255,66,156392,50,177053
21977,0.022975,172.217.194.0-255,1484,157876,50,177053
21978,0.023797,172.31.46.0-255,158,158034,50,177053
21979,0.023832,172.31.46.0-255,1146,159180,50,177053
21980,0.023891,172.31.46.0-255,1514,160694,50,177053
21981,0.023892,172.31.46.0-255,299,160993,50,177053
21982,0.02528,172.217.194.0-255,4320,165313,50,177053
21983,0.025287,172.31.46.0-255,66,165379,50,177053
21984,0.026006,104.244.42.0-255,66,165445,50,177053
21985,0.027612,172.217.194.0-255,5738,171183,50,177053
21986,0.02762,172.31.46.0-255,66,171249,50,177053
21987,0.029957,172.217.194.0-255,5738,176987,50,177053
21988,0.029964,172.31.46.0-255,66,177053,50,177053
21989,0.0,74.125.24.0-255,150,150,50,229629
21990,2.3e-05,172.31.46.0-255,66,216,50,229629
21991,2.9e-05,74.125.24.0-255,1484,1700,50,229629
21992,3.4e-05,172.31.46.0-255,66,1766,50,229629
21993,4e-05,74.125.24.0-255,2902,4668,50,229629
21994,5.2e-05,172.31.46.0-255,66,4734,50,229629
21995,6e-05,74.125.24.0-255,7156,11890,50,229629
21996,6.4e-05,172.31.46.0-255,66,11956,50,229629
21997,6.8e-05,74.125.24.0-255,1979,13935,50,229629
21998,7.1e-05,172.31.46.0-255,66,14001,50,229629
21999,0.000156,74.125.24.0-255,1484,15485,50,229629
22000,0.000159,172.31.46.0-255,66,15551,50,229629
22001,0.000163,74.125.24.0-255,1484,17035,50,229629
22002,0.000165,172.31.46.0-255,66,17101,50,229629
22003,0.000183,74.125.24.0-255,1484,18585,50,229629
22004,0.000189,74.125.24.0-255,5738,24323,50,229629
22005,0.000198,172.31.46.0-255,66,24389,50,229629
22006,0.000205,172.31.46.0-255,66,24455,50,229629
22007,0.000252,74.125.24.0-255,4320,28775,50,229629
22008,0.000255,172.31.46.0-255,66,28841,50,229629
22009,0.000284,74.125.24.0-255,2543,31384,50,229629
22010,0.000287,172.31.46.0-255,66,31450,50,229629
22011,0.000351,74.125.24.0-255,1484,32934,50,229629
22012,0.000355,172.31.46.0-255,66,33000,50,229629
22013,0.000374,74.125.24.0-255,2902,35902,50,229629
22014,0.000377,172.31.46.0-255,66,35968,50,229629
22015,0.000383,74.125.24.0-255,5738,41706,50,229629
22016,0.000386,172.31.46.0-255,66,41772,50,229629
22017,0.000417,74.125.24.0-255,4320,46092,50,229629
22018,0.00042,172.31.46.0-255,66,46158,50,229629
22019,0.000461,172.31.46.0-255,66,46224,50,229629
22020,0.000466,74.125.24.0-255,2902,49126,50,229629
22021,0.000468,172.31.46.0-255,66,49192,50,229629
22022,0.000509,74.125.24.0-255,6797,55989,50,229629
22023,0.000512,172.31.46.0-255,66,56055,50,229629
22024,0.000535,74.125.24.0-255,646,56701,50,229629
22025,0.000672,74.125.24.0-255,1484,58185,50,229629
22026,0.000677,172.31.46.0-255,66,58251,50,229629
22027,0.000681,74.125.24.0-255,1484,59735,50,229629
22028,0.000698,74.125.24.0-255,1484,61219,50,229629
22029,0.000701,172.31.46.0-255,66,61285,50,229629
22030,0.000708,74.125.24.0-255,5738,67023,50,229629
22031,0.000711,172.31.46.0-255,66,67089,50,229629
22032,0.000761,74.125.24.0-255,7156,74245,50,229629
22033,0.000765,172.31.46.0-255,66,74311,50,229629
22034,0.000773,172.31.46.0-255,66,74377,50,229629
22035,0.000779,74.125.24.0-255,3602,77979,50,229629
22036,0.000781,172.31.46.0-255,66,78045,50,229629
22037,0.000913,74.125.24.0-255,1484,79529,50,229629
22038,0.00092,74.125.24.0-255,2902,82431,50,229629
22039,0.000923,172.31.46.0-255,66,82497,50,229629
22040,0.000927,74.125.24.0-255,1484,83981,50,229629
22041,0.000959,74.125.24.0-255,4320,88301,50,229629
22042,0.000962,172.31.46.0-255,66,88367,50,229629
22043,0.00097,74.125.24.0-255,7156,95523,50,229629
22044,0.000972,172.31.46.0-255,66,95589,50,229629
22045,0.001013,74.125.24.0-255,5738,101327,50,229629
22046,0.001017,172.31.46.0-255,66,101393,50,229629
22047,0.001034,172.31.46.0-255,66,101459,50,229629
22048,0.001036,74.125.24.0-255,766,102225,50,229629
22049,0.001089,74.125.24.0-255,1484,103709,50,229629
22050,0.001092,172.31.46.0-255,66,103775,50,229629
22051,0.001097,74.125.24.0-255,2902,106677,50,229629
22052,0.0011,172.31.46.0-255,66,106743,50,229629
22053,0.001129,74.125.24.0-255,5738,112481,50,229629
22054,0.001132,172.31.46.0-255,66,112547,50,229629
22055,0.001136,74.125.24.0-255,2902,115449,50,229629
22056,0.001139,172.31.46.0-255,66,115515,50,229629
22057,0.001183,74.125.24.0-255,7156,122671,50,229629
22058,0.001186,172.31.46.0-255,66,122737,50,229629
22059,0.001203,172.31.46.0-255,66,122803,50,229629
22060,0.001207,74.125.24.0-255,2184,124987,50,229629
22061,0.001209,172.31.46.0-255,66,125053,50,229629
22062,0.001795,74.125.24.0-255,1484,126537,50,229629
22063,0.001801,74.125.24.0-255,2902,129439,50,229629
22064,0.001804,172.31.46.0-255,66,129505,50,229629
22065,0.001807,74.125.24.0-255,1484,130989,50,229629
22066,0.001834,74.125.24.0-255,4320,135309,50,229629
22067,0.001836,172.31.46.0-255,66,135375,50,229629
22068,0.001882,172.31.46.0-255,66,135441,50,229629
22069,0.001907,74.125.24.0-255,1484,136925,50,229629
22070,0.001916,172.31.46.0-255,66,136991,50,229629
22071,0.00192,74.125.24.0-255,2184,139175,50,229629
22072,0.001922,172.31.46.0-255,66,139241,50,229629
22073,0.001926,74.125.24.0-255,2902,142143,50,229629
22074,0.001927,172.31.46.0-255,66,142209,50,229629
22075,0.001938,74.125.24.0-255,7156,149365,50,229629
22076,0.00194,172.31.46.0-255,66,149431,50,229629
22077,0.001947,74.125.24.0-255,7156,156587,50,229629
22078,0.001949,172.31.46.0-255,66,156653,50,229629
22079,0.001994,172.31.46.0-255,66,156719,50,229629
22080,0.002003,172.31.46.0-255,66,156785,50,229629
22081,0.004257,74.125.24.0-255,5738,162523,50,229629
22082,0.004268,172.31.46.0-255,66,162589,50,229629
22083,0.006533,74.125.24.0-255,5738,168327,50,229629
22084,0.006539,172.31.46.0-255,66,168393,50,229629
22085,0.008821,74.125.24.0-255,5738,174131,50,229629
22086,0.008834,172.31.46.0-255,66,174197,50,229629
22087,0.011098,74.125.24.0-255,5738,179935,50,229629
22088,0.011115,172.31.46.0-255,66,180001,50,229629
22089,0.013391,74.125.24.0-255,5738,185739,50,229629
22090,0.013406,172.31.46.0-255,66,185805,50,229629
22091,0.015673,74.125.24.0-255,5738,191543,50,229629
22092,0.015688,172.31.46.0-255,66,191609,50,229629
22093,0.017977,74.125.24.0-255,5738,197347,50,229629
22094,0.017993,172.31.46.0-255,66,197413,50,229629
22095,0.020289,74.125.24.0-255,5738,203151,50,229629
22096,0.020302,172.31.46.0-255,66,203217,50,229629
22097,0.022577,74.125.24.0-255,5738,208955,50,229629
22098,0.022591,172.31.46.0-255,66,209021,50,229629
22099,0.024852,74.125.24.0-255,5738,214759,50,229629
22100,0.024869,172.31.46.0-255,66,214825,50,229629
22101,0.027181,74.125.24.0-255,5738,220563,50,229629
22102,0.02719,172.31.46.0-255,66,220629,50,229629
22103,0.028485,172.31.46.0-255,172,220801,50,229629
22104,0.028514,172.31.46.0-255,1112,221913,50,229629
22105,0.028564,172.31.46.0-255,1514,223427,50,229629
22106,0.028565,172.31.46.0-255,332,223759,50,229629
22107,0.029471,74.125.24.0-255,5738,229497,50,229629
22108,0.029481,172.31.46.0-255,66,229563,50,229629
22109,0.029994,104.244.42.0-255,66,229629,50,229629
22110,0.0,216.58.221.0-255,289,289,50,203342
22111,1.4e-05,172.31.46.0-255,66,355,50,203342
22112,2.1e-05,216.58.221.0-255,1484,1839,50,203342
22113,2.6e-05,172.31.46.0-255,66,1905,50,203342
22114,4.1e-05,216.58.221.0-255,4320,6225,50,203342
22115,4.5e-05,172.31.46.0-255,66,6291,50,203342
22116,5.2e-05,216.58.221.0-255,5738,12029,50,203342
22117,5.5e-05,172.31.46.0-255,66,12095,50,203342
22118,5.9e-05,216.58.221.0-255,2902,14997,50,203342
22119,6.2e-05,172.31.46.0-255,66,15063,50,203342
22120,8.9e-05,216.58.221.0-255,3354,18417,50,203342
22121,9.2e-05,172.31.46.0-255,66,18483,50,203342
22122,0.000107,172.31.46.0-255,66,18549,50,203342
22123,0.000331,216.58.221.0-255,1484,20033,50,203342
22124,0.000336,172.31.46.0-255,66,20099,50,203342
22125,0.000342,216.58.221.0-255,2902,23001,50,203342
22126,0.000344,172.31.46.0-255,66,23067,50,203342
22127,0.000377,216.58.221.0-255,5738,28805,50,203342
22128,0.00038,172.31.46.0-255,66,28871,50,203342
22129,0.000421,172.31.46.0-255,66,28937,50,203342
22130,0.000437,172.31.46.0-255,66,29003,50,203342
22131,0.000442,216.58.221.0-255,4320,33323,50,203342
22132,0.000444,172.31.46.0-255,66,33389,50,203342
22133,0.000476,216.58.221.0-255,2543,35932,50,203342
22134,0.000479,172.31.46.0-255,66,35998,50,203342
22135,0.00051,216.58.221.0-255,362,36360,50,203342
22136,0.000513,172.31.46.0-255,66,36426,50,203342
22137,0.000873,216.58.221.0-255,134,36560,50,203342
22138,0.000877,172.31.46.0-255,66,36626,50,203342
22139,0.001058,216.58.221.0-255,1484,38110,50,203342
22140,0.001063,216.58.221.0-255,1484,39594,50,203342
22141,0.001067,172.31.46.0-255,66,39660,50,203342
22142,0.001093,216.58.221.0-255,1484,41144,50,203342
22143,0.001101,216.58.221.0-255,5738,46882,50,203342
22144,0.001103,172.31.46.0-255,66,46948,50,203342
22145,0.001109,216.58.221.0-255,4320,51268,50,203342
22146,0.001111,172.31.46.0-255,66,51334,50,203342
22147,0.001119,216.58.221.0-255,5379,56713,50,203342
22148,0.001121,172.31.46.0-255,66,56779,50,203342
22149,0.001174,172.31.46.0-255,66,56845,50,203342
22150,0.001207,216.58.221.0-255,2543,59388,50,203342
22151,0.001209,172.31.46.0-255,66,59454,50,203342
22152,0.001492,216.58.221.0-255,1484,60938,50,203342
22153,0.001499,216.58.221.0-255,2902,63840,50,203342
22154,0.001503,172.31.46.0-255,66,63906,50,203342
22155,0.001509,216.58.221.0-255,4320,68226,50,203342
22156,0.001512,172.31.46.0-255,66,68292,50,203342
22157,0.001545,172.31.46.0-255,66,68358,50,203342
22158,0.001548,216.58.221.0-255,1484,69842,50,203342
22159,0.001551,216.58.221.0-255,1484,71326,50,203342
22160,0.001553,172.31.46.0-255,66,71392,50,203342
22161,0.001558,216.58.221.0-255,2902,74294,50,203342
22162,0.001565,172.31.46.0-255,66,74360,50,203342
22163,0.0016,216.58.221.0-255,5738,80098,50,203342
22164,0.001604,172.31.46.0-255,66,80164,50,203342
22165,0.00161,216.58.221.0-255,5020,85184,50,203342
22166,0.001612,172.31.46.0-255,66,85250,50,203342
22167,0.001701,216.58.221.0-255,1484,86734,50,203342
22168,0.001718,216.58.221.0-255,2902,89636,50,203342
22169,0.001721,172.31.46.0-255,66,89702,50,203342
22170,0.001725,216.58.221.0-255,1484,91186,50,203342
22171,0.001751,216.58.221.0-255,4320,95506,50,203342
22172,0.001754,172.31.46.0-255,66,95572,50,203342
22173,0.001764,216.58.221.0-255,1484,97056,50,203342
22174,0.001788,172.31.46.0-255,66,97122,50,203342
22175,0.001792,216.58.221.0-255,1484,98606,50,203342
22176,0.001826,172.31.46.0-255,66,98672,50,203342
22177,0.001918,216.58.221.0-255,1484,100156,50,203342
22178,0.001922,216.58.221.0-255,1484,101640,50,203342
22179,0.001925,172.31.46.0-255,66,101706,50,203342
22180,0.001948,216.58.221.0-255,1484,103190,50,203342
22181,0.001955,216.58.221.0-255,5738,108928,50,203342
22182,0.001958,172.31.46.0-255,66,108994,50,203342
22183,0.001963,216.58.221.0-255,4320,113314,50,203342
22184,0.001966,172.31.46.0-255,66,113380,50,203342
22185,0.001994,216.58.221.0-255,1484,114864,50,203342
22186,0.002002,216.58.221.0-255,7156,122020,50,203342
22187,0.002004,172.31.46.0-255,66,122086,50,203342
22188,0.003977,216.58.221.0-255,5738,127824,50,203342
22189,0.003986,172.31.46.0-255,66,127890,50,203342
22190,0.005958,216.58.221.0-255,5738,133628,50,203342
22191,0.005965,172.31.46.0-255,66,133694,50,203342
22192,0.007931,216.58.221.0-255,5738,139432,50,203342
22193,0.007937,172.31.46.0-255,66,139498,50,203342
22194,0.009906,216.58.221.0-255,5738,145236,50,203342
22195,0.009914,172.31.46.0-255,66,145302,50,203342
22196,0.011887,216.58.221.0-255,5738,151040,50,203342
22197,0.011895,172.31.46.0-255,66,151106,50,203342
22198,0.01386,216.58.221.0-255,5738,156844,50,203342
22199,0.013869,172.31.46.0-255,66,156910,50,203342
22200,0.01584,216.58.221.0-255,5738,162648,50,203342
22201,0.015849,172.31.46.0-255,66,162714,50,203342
22202,0.017826,216.58.221.0-255,5738,168452,50,203342
22203,0.017838,172.31.46.0-255,66,168518,50,203342
22204,0.019827,216.58.221.0-255,5738,174256,50,203342
22205,0.019837,172.31.46.0-255,66,174322,50,203342
22206,0.021849,216.58.221.0-255,5738,180060,50,203342
22207,0.021857,172.31.46.0-255,66,180126,50,203342
22208,0.02384,216.58.221.0-255,5738,185864,50,203342
22209,0.023847,172.31.46.0-255,66,185930,50,203342
22210,0.025818,216.58.221.0-255,5738,191668,50,203342
22211,0.025829,172.31.46.0-255,66,191734,50,203342
22212,0.027888,216.58.221.0-255,5738,197472,50,203342
22213,0.027899,172.31.46.0-255,66,197538,50,203342
22214,0.029868,216.58.221.0-255,5738,203276,50,203342
22215,0.029876,172.31.46.0-255,66,203342,50,203342
22216,0.0,74.125.200.0-255,146,146,50,249536
22217,2.1e-05,172.31.46.0-255,66,212,50,249536
22218,2.7e-05,74.125.200.0-255,1484,1696,50,249536
22219,3.1e-05,172.31.46.0-255,66,1762,50,249536
22220,4.3e-05,74.125.200.0-255,2902,4664,50,249536
22221,4.7e-05,172.31.46.0-255,66,4730,50,249536
22222,5e-05,74.125.200.0-255,1484,6214,50,249536
22223,5.2e-05,172.31.46.0-255,66,6280,50,249536
22224,8.3e-05,74.125.200.0-255,4320,10600,50,249536
22225,8.6e-05,172.31.46.0-255,66,10666,50,249536
22226,9e-05,74.125.200.0-255,2902,13568,50,249536
22227,9.2e-05,172.31.46.0-255,66,13634,50,249536
22228,0.000106,74.125.200.0-255,4320,17954,50,249536
22229,0.000109,172.31.46.0-255,66,18020,50,249536
22230,0.000145,74.125.200.0-255,6307,24327,50,249536
22231,0.000148,172.31.46.0-255,66,24393,50,249536
22232,0.000152,74.125.200.0-255,4320,28713,50,249536
22233,0.000154,172.31.46.0-255,66,28779,50,249536
22234,0.000172,74.125.200.0-255,2543,31322,50,249536
22235,0.000174,172.31.46.0-255,66,31388,50,249536
22236,0.00029,74.125.200.0-255,1484,32872,50,249536
22237,0.000293,172.31.46.0-255,66,32938,50,249536
22238,0.00032,74.125.200.0-255,2902,35840,50,249536
22239,0.000323,172.31.46.0-255,66,35906,50,249536
22240,0.000326,74.125.200.0-255,1484,37390,50,249536
22241,0.000327,172.31.46.0-255,66,37456,50,249536
22242,0.000367,74.125.200.0-255,5738,43194,50,249536
22243,0.000369,172.31.46.0-255,66,43260,50,249536
22244,0.000394,74.125.200.0-255,5379,48639,50,249536
22245,0.000397,172.31.46.0-255,66,48705,50,249536
22246,0.000406,74.125.200.0-255,1484,50189,50,249536
22247,0.000408,172.31.46.0-255,66,50255,50,249536
22248,0.000436,74.125.200.0-255,4320,54575,50,249536
22249,0.000439,172.31.46.0-255,66,54641,50,249536
22250,0.000445,74.125.200.0-255,5738,60379,50,249536
22251,0.000447,172.31.46.0-255,66,60445,50,249536
22252,0.000488,74.125.200.0-255,5691,66136,50,249536
22253,0.000491,172.31.46.0-255,66,66202,50,249536
22254,0.000512,74.125.200.0-255,343,66545,50,249536
22255,0.000623,74.125.200.0-255,1484,68029,50,249536
22256,0.000627,172.31.46.0-255,66,68095,50,249536
22257,0.000632,74.125.200.0-255,2902,70997,50,249536
22258,0.000634,172.31.46.0-255,66,71063,50,249536
22259,0.000639,74.125.200.0-255,4320,75383,50,249536
22260,0.000641,172.31.46.0-255,66,75449,50,249536
22261,0.00067,74.125.200.0-255,1484,76933,50,249536
22262,0.00069,172.31.46.0-255,66,76999,50,249536
22263,0.000713,74.125.200.0-255,2543,79542,50,249536
22264,0.000715,172.31.46.0-255,66,79608,50,249536
22265,0.00073,74.125.200.0-255,4320,83928,50,249536
22266,0.000736,172.31.46.0-255,66,83994,50,249536
22267,0.000764,74.125.200.0-255,6797,90791,50,249536
22268,0.000766,172.31.46.0-255,66,90857,50,249536
22269,0.001621,74.125.200.0-255,1484,92341,50,249536
22270,0.001631,74.125.200.0-255,2902,95243,50,249536
22271,0.001635,172.31.46.0-255,66,95309,50,249536
22272,0.001641,74.125.200.0-255,2902,98211,50,249536
22273,0.001643,172.31.46.0-255,66,98277,50,249536
22274,0.001648,74.125.200.0-255,2902,101179,50,249536
22275,0.001656,172.31.46.0-255,66,101245,50,249536
22276,0.001684,74.125.200.0-255,1484,102729,50,249536
22277,0.001696,172.31.46.0-255,66,102795,50,249536
22278,0.001703,74.125.200.0-255,5738,108533,50,249536
22279,0.001705,172.31.46.0-255,66,108599,50,249536
22280,0.001712,74.125.200.0-255,7156,115755,50,249536
22281,0.001714,172.31.46.0-255,66,115821,50,249536
22282,0.001739,74.125.200.0-255,766,116587,50,249536
22283,0.001959,74.125.200.0-255,1484,118071,50,249536
22284,0.001965,172.31.46.0-255,66,118137,50,249536
22285,0.001972,74.125.200.0-255,2902,121039,50,249536
22286,0.001975,172.31.46.0-255,66,121105,50,249536
22287,0.002007,74.125.200.0-255,5738,126843,50,249536
22288,0.002009,172.31.46.0-255,66,126909,50,249536
22289,0.002014,74.125.200.0-255,2902,129811,50,249536
22290,0.002016,172.31.46.0-255,66,129877,50,249536
22291,0.002021,74.125.200.0-255,4320,134197,50,249536
22292,0.002024,172.31.46.0-255,66,134263,50,249536
22293,0.00207,172.31.46.0-255,66,134329,50,249536
22294,0.002096,74.125.200.0-255,4320,138649,50,249536
22295,0.002098,172.31.46.0-255,66,138715,50,249536
22296,0.002128,74.125.200.0-255,5020,143735,50,249536
22297,0.002131,172.31.46.0-255,66,143801,50,249536
22298,0.002136,74.125.200.0-255,2902,146703,50,249536
22299,0.002138,172.31.46.0-255,66,146769,50,249536
22300,0.002143,74.125.200.0-255,4320,151089,50,249536
22301,0.002145,172.31.46.0-255,66,151155,50,249536
22302,0.002156,172.31.46.0-255,66,151221,50,249536
22303,0.002162,74.125.200.0-255,4320,155541,50,249536
22304,0.002164,172.31.46.0-255,66,155607,50,249536
22305,0.00217,74.125.200.0-255,5738,161345,50,249536
22306,0.002172,172.31.46.0-255,66,161411,50,249536
22307,0.002205,74.125.200.0-255,4320,165731,50,249536
22308,0.002207,172.31.46.0-255,66,165797,50,249536
22309,0.002238,74.125.200.0-255,2184,167981,50,249536
22310,0.00224,172.31.46.0-255,66,168047,50,249536
22311,0.002248,74.125.200.0-255,7156,175203,50,249536
22312,0.002251,172.31.46.0-255,66,175269,50,249536
22313,0.002256,74.125.200.0-255,5738,181007,50,249536
22314,0.002259,172.31.46.0-255,66,181073,50,249536
22315,0.004476,74.125.200.0-255,4320,185393,50,249536
22316,0.004482,172.31.46.0-255,66,185459,50,249536
22317,0.004498,74.125.200.0-255,1484,186943,50,249536
22318,0.006018,172.31.46.0-255,101,187044,50,249536
22319,0.006707,74.125.200.0-255,4320,191364,50,249536
22320,0.006713,172.31.46.0-255,66,191430,50,249536
22321,0.008229,74.125.200.0-255,1484,192914,50,249536
22322,0.008925,74.125.200.0-255,4320,197234,50,249536
22323,0.008932,172.31.46.0-255,66,197300,50,249536
22324,0.01116,74.125.200.0-255,5738,203038,50,249536
22325,0.011174,172.31.46.0-255,66,203104,50,249536
22326,0.013429,74.125.200.0-255,5738,208842,50,249536
22327,0.01344,172.31.46.0-255,66,208908,50,249536
22328,0.015674,74.125.200.0-255,5738,214646,50,249536
22329,0.015692,172.31.46.0-255,66,214712,50,249536
22330,0.017917,74.125.200.0-255,5738,220450,50,249536
22331,0.017927,172.31.46.0-255,66,220516,50,249536
22332,0.020152,74.125.200.0-255,5738,226254,50,249536
22333,0.02016,172.31.46.0-255,66,226320,50,249536
22334,0.02238,74.125.200.0-255,5738,232058,50,249536
22335,0.02239,172.31.46.0-255,66,232124,50,249536
22336,0.024609,74.125.200.0-255,5738,237862,50,249536
22337,0.024621,172.31.46.0-255,66,237928,50,249536
22338,0.02684,74.125.200.0-255,5738,243666,50,249536
22339,0.02685,172.31.46.0-255,66,243732,50,249536
22340,0.029085,74.125.200.0-255,5738,249470,50,249536
22341,0.029094,172.31.46.0-255,66,249536,50,249536
22342,0.0,172.217.194.0-255,156,156,50,227332
22343,2e-05,172.31.46.0-255,66,222,50,227332
22344,2.6e-05,172.217.194.0-255,1484,1706,50,227332
22345,3e-05,172.31.46.0-255,66,1772,50,227332
22346,3.5e-05,172.217.194.0-255,2902,4674,50,227332
22347,4.4e-05,172.31.46.0-255,66,4740,50,227332
22348,5e-05,172.217.194.0-255,7156,11896,50,227332
22349,5.3e-05,172.31.46.0-255,66,11962,50,227332
22350,5.6e-05,172.217.194.0-255,2122,14084,50,227332
22351,5.8e-05,172.31.46.0-255,66,14150,50,227332
22352,0.000242,172.217.194.0-255,1484,15634,50,227332
22353,0.000247,172.31.46.0-255,66,15700,50,227332
22354,0.000252,172.217.194.0-255,2902,18602,50,227332
22355,0.000255,172.31.46.0-255,66,18668,50,227332
22356,0.000265,172.217.194.0-255,5738,24406,50,227332
22357,0.000268,172.31.46.0-255,66,24472,50,227332
22358,0.000312,172.31.46.0-255,66,24538,50,227332
22359,0.000316,172.217.194.0-255,2902,27440,50,227332
22360,0.000317,172.31.46.0-255,66,27506,50,227332
22361,0.000346,172.217.194.0-255,7156,34662,50,227332
22362,0.000348,172.31.46.0-255,66,34728,50,227332
22363,0.000371,172.217.194.0-255,4320,39048,50,227332
22364,0.000373,172.31.46.0-255,66,39114,50,227332
22365,0.000414,172.31.46.0-255,66,39180,50,227332
22366,0.000416,172.217.194.0-255,681,39861,50,227332
22367,0.000418,172.31.46.0-255,66,39927,50,227332
22368,0.000491,172.217.194.0-255,1484,41411,50,227332
22369,0.000494,172.31.46.0-255,66,41477,50,227332
22370,0.000498,172.217.194.0-255,2902,44379,50,227332
22371,0.0005,172.31.46.0-255,66,44445,50,227332
22372,0.00053,172.217.194.0-255,5738,50183,50,227332
22373,0.000533,172.31.46.0-255,66,50249,50,227332
22374,0.000542,172.31.46.0-255,66,50315,50,227332
22375,0.000564,172.217.194.0-255,4320,54635,50,227332
22376,0.00057,172.31.46.0-255,66,54701,50,227332
22377,0.000581,172.31.46.0-255,66,54767,50,227332
22378,0.000693,172.217.194.0-255,1484,56251,50,227332
22379,0.000698,172.217.194.0-255,2902,59153,50,227332
22380,0.0007,172.31.46.0-255,66,59219,50,227332
22381,0.000726,172.217.194.0-255,5738,64957,50,227332
22382,0.000729,172.31.46.0-255,66,65023,50,227332
22383,0.000735,172.217.194.0-255,5738,70761,50,227332
22384,0.000736,172.31.46.0-255,66,70827,50,227332
22385,0.000759,172.217.194.0-255,7156,77983,50,227332
22386,0.000765,172.31.46.0-255,66,78049,50,227332
22387,0.00077,172.217.194.0-255,5738,83787,50,227332
22388,0.000772,172.31.46.0-255,66,83853,50,227332
22389,0.000797,172.217.194.0-255,5020,88873,50,227332
22390,0.0008,172.31.46.0-255,66,88939,50,227332
22391,0.00083,172.217.194.0-255,1484,90423,50,227332
22392,0.000833,172.217.194.0-255,1484,91907,50,227332
22393,0.000835,172.31.46.0-255,66,91973,50,227332
22394,0.000862,172.217.194.0-255,1484,93457,50,227332
22395,0.000868,172.217.194.0-255,5738,99195,50,227332
22396,0.00087,172.31.46.0-255,66,99261,50,227332
22397,0.000876,172.217.194.0-255,7156,106417,50,227332
22398,0.000878,172.31.46.0-255,66,106483,50,227332
22399,0.000904,172.217.194.0-255,1484,107967,50,227332
22400,0.000931,172.31.46.0-255,66,108033,50,227332
22401,0.000958,172.217.194.0-255,6438,114471,50,227332
22402,0.000961,172.31.46.0-255,66,114537,50,227332
22403,0.001213,172.217.194.0-255,1484,116021,50,227332
22404,0.001217,172.217.194.0-255,1484,117505,50,227332
22405,0.001219,172.31.46.0-255,66,117571,50,227332
22406,0.001246,172.217.194.0-255,1484,119055,50,227332
22407,0.001252,172.217.194.0-255,5738,124793,50,227332
22408,0.001257,172.217.194.0-255,5738,130531,50,227332
22409,0.001261,172.31.46.0-255,66,130597,50,227332
22410,0.001264,172.31.46.0-255,66,130663,50,227332
22411,0.001289,172.217.194.0-255,7156,137819,50,227332
22412,0.001334,172.31.46.0-255,66,137885,50,227332
22413,0.001336,172.31.46.0-255,66,137951,50,227332
22414,0.001456,172.217.194.0-255,1484,139435,50,227332
22415,0.00148,172.217.194.0-255,1484,140919,50,227332
22416,0.001483,172.31.46.0-255,66,140985,50,227332
22417,0.001511,172.217.194.0-255,1484,142469,50,227332
22418,0.001517,172.217.194.0-255,5738,148207,50,227332
22419,0.001519,172.31.46.0-255,66,148273,50,227332
22420,0.00153,172.31.46.0-255,66,148339,50,227332
22421,0.001544,172.31.46.0-255,66,148405,50,227332
22422,0.001574,172.217.194.0-255,2184,150589,50,227332
22423,0.001578,172.31.46.0-255,66,150655,50,227332
22424,0.001667,172.217.194.0-255,1484,152139,50,227332
22425,0.001687,172.217.194.0-255,2902,155041,50,227332
22426,0.00169,172.31.46.0-255,66,155107,50,227332
22427,0.001696,172.217.194.0-255,5738,160845,50,227332
22428,0.001698,172.31.46.0-255,66,160911,50,227332
22429,0.001739,172.217.194.0-255,7156,168067,50,227332
22430,0.001741,172.31.46.0-255,66,168133,50,227332
22431,0.001767,172.217.194.0-255,5738,173871,50,227332
22432,0.00177,172.31.46.0-255,66,173937,50,227332
22433,0.001776,172.217.194.0-255,7156,181093,50,227332
22434,0.001786,172.31.46.0-255,66,181159,50,227332
22435,0.001805,172.217.194.0-255,6438,187597,50,227332
22436,0.00181,172.217.194.0-255,4320,191917,50,227332
22437,0.001825,172.31.46.0-255,66,191983,50,227332
22438,0.001861,172.217.194.0-255,6438,198421,50,227332
22439,0.001879,172.31.46.0-255,66,198487,50,227332
22440,0.001891,172.217.194.0-255,7156,205643,50,227332
22441,0.001912,172.217.194.0-255,7156,212799,50,227332
22442,0.001929,172.31.46.0-255,66,212865,50,227332
22443,0.001948,172.217.194.0-255,2902,215767,50,227332
22444,0.001955,172.217.194.0-255,6438,222205,50,227332
22445,0.00196,172.31.46.0-255,66,222271,50,227332
22446,0.002001,172.31.46.0-255,66,222337,50,227332
22447,0.002052,172.217.194.0-255,1484,223821,50,227332
22448,0.002059,172.31.46.0-255,66,223887,50,227332
22449,0.002151,172.31.46.0-255,66,223953,50,227332
22450,0.002156,172.217.194.0-255,3037,226990,50,227332
22451,0.002157,172.217.194.0-255,105,227095,50,227332
22452,0.002167,172.31.46.0-255,66,227161,50,227332
22453,0.004217,172.31.46.0-255,105,227266,50,227332
22454,0.006762,172.217.194.0-255,66,227332,50,227332
22455,0.0,74.125.24.0-255,298,298,50,149132
22456,1.4e-05,172.31.46.0-255,66,364,50,149132
22457,2.1e-05,74.125.24.0-255,1484,1848,50,149132
22458,2.4e-05,172.31.46.0-255,66,1914,50,149132
22459,3e-05,74.125.24.0-255,2902,4816,50,149132
22460,3.3e-05,172.31.46.0-255,66,4882,50,149132
22461,4.8e-05,74.125.24.0-255,2902,7784,50,149132
22462,5e-05,172.31.46.0-255,66,7850,50,149132
22463,6.7e-05,74.125.24.0-255,2902,10752,50,149132
22464,7.4e-05,172.31.46.0-255,66,10818,50,149132
22465,8e-05,74.125.24.0-255,4320,15138,50,149132
22466,8.3e-05,172.31.46.0-255,66,15204,50,149132
22467,0.000123,74.125.24.0-255,4611,19815,50,149132
22468,0.000126,172.31.46.0-255,66,19881,50,149132
22469,0.000138,172.31.46.0-255,66,19947,50,149132
22470,0.00014,74.125.24.0-255,1125,21072,50,149132
22471,0.000143,172.31.46.0-255,66,21138,50,149132
22472,0.000251,74.125.24.0-255,1484,22622,50,149132
22473,0.000255,172.31.46.0-255,66,22688,50,149132
22474,0.000261,74.125.24.0-255,2902,25590,50,149132
22475,0.000263,172.31.46.0-255,66,25656,50,149132
22476,0.000292,74.125.24.0-255,4320,29976,50,149132
22477,0.000295,172.31.46.0-255,66,30042,50,149132
22478,0.000329,172.31.46.0-255,66,30108,50,149132
22479,0.000337,74.125.24.0-255,7156,37264,50,149132
22480,0.000339,172.31.46.0-255,66,37330,50,149132
22481,0.000367,74.125.24.0-255,1484,38814,50,149132
22482,0.00037,172.31.46.0-255,66,38880,50,149132
22483,0.000388,74.125.24.0-255,4320,43200,50,149132
22484,0.000391,172.31.46.0-255,66,43266,50,149132
22485,0.000417,74.125.24.0-255,2856,46122,50,149132
22486,0.000419,172.31.46.0-255,66,46188,50,149132
22487,0.000422,74.125.24.0-255,110,46298,50,149132
22488,0.00065,74.125.24.0-255,329,46627,50,149132
22489,0.001058,172.31.46.0-255,66,46693,50,149132
22490,0.001225,74.125.24.0-255,1484,48177,50,149132
22491,0.001234,74.125.24.0-255,2902,51079,50,149132
22492,0.001239,172.31.46.0-255,66,51145,50,149132
22493,0.001243,74.125.24.0-255,1484,52629,50,149132
22494,0.001277,74.125.24.0-255,4320,56949,50,149132
22495,0.001279,172.31.46.0-255,66,57015,50,149132
22496,0.001283,74.125.24.0-255,1484,58499,50,149132
22497,0.001298,172.31.46.0-255,66,58565,50,149132
22498,0.001334,172.31.46.0-255,66,58631,50,149132
22499,0.001361,74.125.24.0-255,4320,62951,50,149132
22500,0.001364,172.31.46.0-255,66,63017,50,149132
22501,0.001367,74.125.24.0-255,766,63783,50,149132
22502,0.002349,74.125.24.0-255,1484,65267,50,149132
22503,0.002356,172.31.46.0-255,66,65333,50,149132
22504,0.002363,74.125.24.0-255,2902,68235,50,149132
22505,0.002365,172.31.46.0-255,66,68301,50,149132
22506,0.002379,74.125.24.0-255,5738,74039,50,149132
22507,0.002381,172.31.46.0-255,66,74105,50,149132
22508,0.002386,74.125.24.0-255,2902,77007,50,149132
22509,0.002388,172.31.46.0-255,66,77073,50,149132
22510,0.002415,74.125.24.0-255,7156,84229,50,149132
22511,0.002418,172.31.46.0-255,66,84295,50,149132
22512,0.002447,74.125.24.0-255,2902,87197,50,149132
22513,0.002449,172.31.46.0-255,66,87263,50,149132
22514,0.002461,172.31.46.0-255,66,87329,50,149132
22515,0.002464,74.125.24.0-255,766,88095,50,149132
22516,0.004911,172.31.46.0-255,66,88161,50,149132
22517,0.005041,74.125.24.0-255,4320,92481,50,149132
22518,0.005047,172.31.46.0-255,66,92547,50,149132
22519,0.007463,74.125.24.0-255,1484,94031,50,149132
22520,0.007603,74.125.24.0-255,4320,98351,50,149132
22521,0.007606,172.31.46.0-255,66,98417,50,149132
22522,0.010184,74.125.24.0-255,5738,104155,50,149132
22523,0.010191,172.31.46.0-255,66,104221,50,149132
22524,0.012758,74.125.24.0-255,5738,109959,50,149132
22525,0.012767,172.31.46.0-255,66,110025,50,149132
22526,0.015343,74.125.24.0-255,5738,115763,50,149132
22527,0.015354,172.31.46.0-255,66,115829,50,149132
22528,0.017916,74.125.24.0-255,5738,121567,50,149132
22529,0.017926,172.31.46.0-255,66,121633,50,149132
22530,0.020515,74.125.24.0-255,5738,127371,50,149132
22531,0.020526,172.31.46.0-255,66,127437,50,149132
22532,0.023116,74.125.24.0-255,5738,133175,50,149132
22533,0.023126,172.31.46.0-255,66,133241,50,149132
22534,0.025718,74.125.24.0-255,5738,138979,50,149132
22535,0.025725,172.31.46.0-255,66,139045,50,149132
22536,0.026231,172.31.46.0-255,164,139209,50,149132
22537,0.02626,172.31.46.0-255,1117,140326,50,149132
22538,0.026325,172.31.46.0-255,1514,141840,50,149132
22539,0.026327,172.31.46.0-255,1290,143130,50,149132
22540,0.027763,104.244.42.0-255,66,143196,50,149132
22541,0.027818,104.244.42.0-255,66,143262,50,149132
22542,0.027904,104.244.42.0-255,66,143328,50,149132
22543,0.028311,74.125.24.0-255,5738,149066,50,149132
22544,0.028316,172.31.46.0-255,66,149132,50,149132
22545,0.0,74.125.130.0-255,153,153,50,337013
22546,1.6e-05,172.31.46.0-255,66,219,50,337013
22547,2.3e-05,74.125.130.0-255,1484,1703,50,337013
22548,4.3e-05,172.31.46.0-255,66,1769,50,337013
22549,4.6e-05,74.125.130.0-255,1484,3253,50,337013
22550,5e-05,172.31.46.0-255,66,3319,50,337013
22551,5.7e-05,74.125.130.0-255,2902,6221,50,337013
22552,6e-05,172.31.46.0-255,66,6287,50,337013
22553,6.6e-05,74.125.130.0-255,5738,12025,50,337013
22554,6.9e-05,172.31.46.0-255,66,12091,50,337013
22555,9.7e-05,74.125.130.0-255,6338,18429,50,337013
22556,0.0001,172.31.46.0-255,66,18495,50,337013
22557,0.00011,74.125.130.0-255,7156,25651,50,337013
22558,0.000113,172.31.46.0-255,66,25717,50,337013
22559,0.000141,74.125.130.0-255,5379,31096,50,337013
22560,0.000144,172.31.46.0-255,66,31162,50,337013
22561,0.000291,74.125.130.0-255,1484,32646,50,337013
22562,0.000297,172.31.46.0-255,66,32712,50,337013
22563,0.000326,74.125.130.0-255,1484,34196,50,337013
22564,0.000328,172.31.46.0-255,66,34262,50,337013
22565,0.000344,74.125.130.0-255,1484,35746,50,337013
22566,0.000347,172.31.46.0-255,66,35812,50,337013
22567,0.000353,74.125.130.0-255,5738,41550,50,337013
22568,0.000355,172.31.46.0-255,66,41616,50,337013
22569,0.000358,74.125.130.0-255,1484,43100,50,337013
22570,0.00036,172.31.46.0-255,66,43166,50,337013
22571,0.000365,74.125.130.0-255,2902,46068,50,337013
22572,0.000367,172.31.46.0-255,66,46134,50,337013
22573,0.000373,74.125.130.0-255,6797,52931,50,337013
22574,0.000375,172.31.46.0-255,66,52997,50,337013
22575,0.000404,172.31.46.0-255,66,53063,50,337013
22576,0.000422,74.125.130.0-255,1416,54479,50,337013
22577,0.000425,172.31.46.0-255,66,54545,50,337013
22578,0.000444,74.125.130.0-255,397,54942,50,337013
22579,0.000446,172.31.46.0-255,66,55008,50,337013
22580,0.000556,74.125.130.0-255,1484,56492,50,337013
22581,0.000559,172.31.46.0-255,66,56558,50,337013
22582,0.000589,74.125.130.0-255,2902,59460,50,337013
22583,0.000592,172.31.46.0-255,66,59526,50,337013
22584,0.000608,74.125.130.0-255,2902,62428,50,337013
22585,0.000612,172.31.46.0-255,66,62494,50,337013
22586,0.000623,74.125.130.0-255,2902,65396,50,337013
22587,0.000625,172.31.46.0-255,66,65462,50,337013
22588,0.00063,74.125.130.0-255,5738,71200,50,337013
22589,0.000632,172.31.46.0-255,66,71266,50,337013
22590,0.000638,74.125.130.0-255,6797,78063,50,337013
22591,0.00064,172.31.46.0-255,66,78129,50,337013
22592,0.000643,74.125.130.0-255,1484,79613,50,337013
22593,0.000644,172.31.46.0-255,66,79679,50,337013
22594,0.000678,172.31.46.0-255,66,79745,50,337013
22595,0.001069,74.125.130.0-255,1484,81229,50,337013
22596,0.001074,74.125.130.0-255,2902,84131,50,337013
22597,0.001077,172.31.46.0-255,66,84197,50,337013
22598,0.001089,74.125.130.0-255,1484,85681,50,337013
22599,0.001104,74.125.130.0-255,2902,88583,50,337013
22600,0.00111,74.125.130.0-255,5738,94321,50,337013
22601,0.001122,172.31.46.0-255,66,94387,50,337013
22602,0.00114,74.125.130.0-255,5738,100125,50,337013
22603,0.001142,172.31.46.0-255,66,100191,50,337013
22604,0.001166,74.125.130.0-255,5738,105929,50,337013
22605,0.001177,172.31.46.0-255,66,105995,50,337013
22606,0.001218,74.125.130.0-255,5738,111733,50,337013
22607,0.001223,172.31.46.0-255,66,111799,50,337013
22608,0.001231,74.125.130.0-255,2184,113983,50,337013
22609,0.001235,172.31.46.0-255,66,114049,50,337013
22610,0.001381,74.125.130.0-255,1484,115533,50,337013
22611,0.001385,74.125.130.0-255,1484,117017,50,337013
22612,0.001388,172.31.46.0-255,66,117083,50,337013
22613,0.001409,74.125.130.0-255,2902,119985,50,337013
22614,0.001414,74.125.130.0-255,5738,125723,50,337013
22615,0.001419,172.31.46.0-255,66,125789,50,337013
22616,0.001466,74.125.130.0-255,7156,132945,50,337013
22617,0.00147,172.31.46.0-255,66,133011,50,337013
22618,0.001488,74.125.130.0-255,5738,138749,50,337013
22619,0.001493,74.125.130.0-255,4320,143069,50,337013
22620,0.001503,74.125.130.0-255,1484,144553,50,337013
22621,0.001508,74.125.130.0-255,3602,148155,50,337013
22622,0.001515,172.31.46.0-255,66,148221,50,337013
22623,0.001587,74.125.130.0-255,1484,149705,50,337013
22624,0.001591,74.125.130.0-255,1484,151189,50,337013
22625,0.001603,172.31.46.0-255,66,151255,50,337013
22626,0.001605,74.125.130.0-255,1484,152739,50,337013
22627,0.00161,74.125.130.0-255,4320,157059,50,337013
22628,0.001611,74.125.130.0-255,1484,158543,50,337013
22629,0.001615,172.31.46.0-255,66,158609,50,337013
22630,0.001633,74.125.130.0-255,7156,165765,50,337013
22631,0.001643,74.125.130.0-255,1484,167249,50,337013
22632,0.001647,172.31.46.0-255,66,167315,50,337013
22633,0.001673,172.31.46.0-255,66,167381,50,337013
22634,0.001694,74.125.130.0-255,4320,171701,50,337013
22635,0.001709,172.31.46.0-255,66,171767,50,337013
22636,0.001728,74.125.130.0-255,2184,173951,50,337013
22637,0.00174,172.31.46.0-255,66,174017,50,337013
22638,0.001752,74.125.130.0-255,2902,176919,50,337013
22639,0.001756,74.125.130.0-255,2902,179821,50,337013
22640,0.00176,74.125.130.0-255,4320,184141,50,337013
22641,0.001778,74.125.130.0-255,4320,188461,50,337013
22642,0.001783,172.31.46.0-255,66,188527,50,337013
22643,0.001802,74.125.130.0-255,4320,192847,50,337013
22644,0.001816,172.31.46.0-255,66,192913,50,337013
22645,0.001825,74.125.130.0-255,5020,197933,50,337013
22646,0.001844,172.31.46.0-255,66,197999,50,337013
22647,0.001887,74.125.130.0-255,1484,199483,50,337013
22648,0.001902,74.125.130.0-255,2902,202385,50,337013
22649,0.001921,74.125.130.0-255,2902,205287,50,337013
22650,0.001925,172.31.46.0-255,66,205353,50,337013
22651,0.001932,74.125.130.0-255,2902,208255,50,337013
22652,0.001936,172.31.46.0-255,66,208321,50,337013
22653,0.001982,74.125.130.0-255,7156,215477,50,337013
22654,0.001997,74.125.130.0-255,5738,221215,50,337013
22655,0.002007,74.125.130.0-255,766,221981,50,337013
22656,0.002015,172.31.46.0-255,66,222047,50,337013
22657,0.002136,74.125.130.0-255,1484,223531,50,337013
22658,0.002141,74.125.130.0-255,2902,226433,50,337013
22659,0.002145,172.31.46.0-255,66,226499,50,337013
22660,0.002154,74.125.130.0-255,2902,229401,50,337013
22661,0.002169,74.125.130.0-255,2902,232303,50,337013
22662,0.00218,74.125.130.0-255,2902,235205,50,337013
22663,0.002188,172.31.46.0-255,66,235271,50,337013
22664,0.002196,74.125.130.0-255,4320,239591,50,337013
22665,0.002198,74.125.130.0-255,1484,241075,50,337013
22666,0.002202,172.31.46.0-255,66,241141,50,337013
22667,0.002229,74.125.130.0-255,2184,243325,50,337013
22668,0.002243,172.31.46.0-255,66,243391,50,337013
22669,0.002425,74.125.130.0-255,1484,244875,50,337013
22670,0.002439,74.125.130.0-255,2902,247777,50,337013
22671,0.002443,172.31.46.0-255,66,247843,50,337013
22672,0.002446,74.125.130.0-255,1484,249327,50,337013
22673,0.002461,74.125.130.0-255,1484,250811,50,337013
22674,0.002466,172.31.46.0-255,66,250877,50,337013
22675,0.002477,74.125.130.0-255,2902,253779,50,337013
22676,0.002495,74.125.130.0-255,4320,258099,50,337013
22677,0.002504,172.31.46.0-255,66,258165,50,337013
22678,0.002524,74.125.130.0-255,5738,263903,50,337013
22679,0.00253,74.125.130.0-255,4320,268223,50,337013
22680,0.002545,172.31.46.0-255,66,268289,50,337013
22681,0.002567,74.125.130.0-255,5738,274027,50,337013
22682,0.00257,74.125.130.0-255,1484,275511,50,337013
22683,0.002573,74.125.130.0-255,2184,277695,50,337013
22684,0.002576,74.125.130.0-255,1484,279179,50,337013
22685,0.00261,172.31.46.0-255,66,279245,50,337013
22686,0.002628,74.125.130.0-255,4320,283565,50,337013
22687,0.002632,74.125.130.0-255,1484,285049,50,337013
22688,0.002634,74.125.130.0-255,1484,286533,50,337013
22689,0.002636,74.125.130.0-255,1484,288017,50,337013
22690,0.002639,74.125.130.0-255,2902,290919,50,337013
22691,0.002657,172.31.46.0-255,66,290985,50,337013
22692,0.002661,74.125.130.0-255,1484,292469,50,337013
22693,0.002667,74.125.130.0-255,7156,299625,50,337013
22694,0.002676,172.31.46.0-255,66,299691,50,337013
22695,0.002682,74.125.130.0-255,5738,305429,50,337013
22696,0.002699,74.125.130.0-255,6438,311867,50,337013
22697,0.002717,74.125.130.0-255,1484,313351,50,337013
22698,0.002724,172.31.46.0-255,66,313417,50,337013
22699,0.002735,74.125.130.0-255,2902,316319,50,337013
22700,0.002752,172.31.46.0-255,66,316385,50,337013
22701,0.002758,74.125.130.0-255,5738,322123,50,337013
22702,0.00276,74.125.130.0-255,1484,323607,50,337013
22703,0.002767,172.31.46.0-255,66,323673,50,337013
22704,0.002798,74.125.130.0-255,7156,330829,50,337013
22705,0.002807,172.31.46.0-255,66,330895,50,337013
22706,0.002828,74.125.130.0-255,1484,332379,50,337013
22707,0.002873,74.125.130.0-255,105,332484,50,337013
22708,0.002896,172.31.46.0-255,66,332550,50,337013
22709,0.004614,172.31.46.0-255,105,332655,50,337013
22710,0.006561,74.125.130.0-255,66,332721,50,337013
22711,0.025264,172.31.46.0-255,172,332893,50,337013
22712,0.025293,172.31.46.0-255,1113,334006,50,337013
22713,0.025352,172.31.46.0-255,1514,335520,50,337013
22714,0.025354,172.31.46.0-255,1295,336815,50,337013
22715,0.026778,104.244.42.0-255,66,336881,50,337013
22716,0.026803,104.244.42.0-255,66,336947,50,337013
22717,0.026863,104.244.42.0-255,66,337013,50,337013
22718,0.0,172.31.46.0-255,105,105,50,459
22719,0.000357,172.31.46.0-255,90,195,50,459
22720,0.000368,172.31.46.0-255,66,261,50,459
22721,0.002623,74.125.68.0-255,66,327,50,459
22722,0.00264,74.125.68.0-255,66,393,50,459
22723,0.002654,172.31.46.0-255,66,459,50,459
22724,0.0,74.125.200.0-255,153,153,50,334923
22725,2.3e-05,172.31.46.0-255,66,219,50,334923
22726,3e-05,74.125.200.0-255,1484,1703,50,334923
22727,3.4e-05,172.31.46.0-255,66,1769,50,334923
22728,3.7e-05,74.125.200.0-255,1484,3253,50,334923
22729,4.6e-05,172.31.46.0-255,66,3319,50,334923
22730,5.3e-05,74.125.200.0-255,2902,6221,50,334923
22731,5.6e-05,172.31.46.0-255,66,6287,50,334923
22732,6.4e-05,74.125.200.0-255,5738,12025,50,334923
22733,6.7e-05,172.31.46.0-255,66,12091,50,334923
22734,7e-05,74.125.200.0-255,1484,13575,50,334923
22735,7.2e-05,172.31.46.0-255,66,13641,50,334923
22736,0.000112,74.125.200.0-255,2110,15751,50,334923
22737,0.000115,172.31.46.0-255,66,15817,50,334923
22738,0.000121,74.125.200.0-255,4320,20137,50,334923
22739,0.000124,172.31.46.0-255,66,20203,50,334923
22740,0.000136,172.31.46.0-255,66,20269,50,334923
22741,0.000139,74.125.200.0-255,1125,21394,50,334923
22742,0.000141,172.31.46.0-255,66,21460,50,334923
22743,0.000241,74.125.200.0-255,1484,22944,50,334923
22744,0.000244,172.31.46.0-255,66,23010,50,334923
22745,0.000269,74.125.200.0-255,2902,25912,50,334923
22746,0.000271,172.31.46.0-255,66,25978,50,334923
22747,0.000278,74.125.200.0-255,5738,31716,50,334923
22748,0.000281,172.31.46.0-255,66,31782,50,334923
22749,0.000285,74.125.200.0-255,2902,34684,50,334923
22750,0.000287,172.31.46.0-255,66,34750,50,334923
22751,0.000319,74.125.200.0-255,3961,38711,50,334923
22752,0.000322,172.31.46.0-255,66,38777,50,334923
22753,0.000349,172.31.46.0-255,66,38843,50,334923
22754,0.000398,74.125.200.0-255,7156,45999,50,334923
22755,0.000401,172.31.46.0-255,66,46065,50,334923
22756,0.000424,74.125.200.0-255,1399,47464,50,334923
22757,0.000428,74.125.200.0-255,127,47591,50,334923
22758,0.000468,74.125.200.0-255,1484,49075,50,334923
22759,0.000471,172.31.46.0-255,66,49141,50,334923
22760,0.000474,74.125.200.0-255,1484,50625,50,334923
22761,0.000495,74.125.200.0-255,2902,53527,50,334923
22762,0.000497,172.31.46.0-255,66,53593,50,334923
22763,0.000526,74.125.200.0-255,5738,59331,50,334923
22764,0.000529,172.31.46.0-255,66,59397,50,334923
22765,0.000549,74.125.200.0-255,7156,66553,50,334923
22766,0.000552,172.31.46.0-255,66,66619,50,334923
22767,0.000554,74.125.200.0-255,1484,68103,50,334923
22768,0.000582,74.125.200.0-255,7156,75259,50,334923
22769,0.000584,172.31.46.0-255,66,75325,50,334923
22770,0.000612,74.125.200.0-255,6438,81763,50,334923
22771,0.000615,172.31.46.0-255,66,81829,50,334923
22772,0.000661,74.125.200.0-255,1484,83313,50,334923
22773,0.000683,74.125.200.0-255,2902,86215,50,334923
22774,0.000685,172.31.46.0-255,66,86281,50,334923
22775,0.00069,74.125.200.0-255,2902,89183,50,334923
22776,0.000692,172.31.46.0-255,66,89249,50,334923
22777,0.000696,74.125.200.0-255,2902,92151,50,334923
22778,0.000698,172.31.46.0-255,66,92217,50,334923
22779,0.000714,74.125.200.0-255,1484,93701,50,334923
22780,0.000719,74.125.200.0-255,2902,96603,50,334923
22781,0.000721,172.31.46.0-255,66,96669,50,334923
22782,0.000749,74.125.200.0-255,5738,102407,50,334923
22783,0.000752,172.31.46.0-255,66,102473,50,334923
22784,0.000757,74.125.200.0-255,4320,106793,50,334923
22785,0.00076,172.31.46.0-255,66,106859,50,334923
22786,0.000766,74.125.200.0-255,5738,112597,50,334923
22787,0.000768,172.31.46.0-255,66,112663,50,334923
22788,0.000796,74.125.200.0-255,3602,116265,50,334923
22789,0.000799,172.31.46.0-255,66,116331,50,334923
22790,0.000866,74.125.200.0-255,1484,117815,50,334923
22791,0.00088,74.125.200.0-255,2902,120717,50,334923
22792,0.000883,172.31.46.0-255,66,120783,50,334923
22793,0.000886,74.125.200.0-255,1484,122267,50,334923
22794,0.00089,74.125.200.0-255,1484,123751,50,334923
22795,0.000892,172.31.46.0-255,66,123817,50,334923
22796,0.000916,74.125.200.0-255,1484,125301,50,334923
22797,0.000923,74.125.200.0-255,5738,131039,50,334923
22798,0.000926,172.31.46.0-255,66,131105,50,334923
22799,0.000953,74.125.200.0-255,7156,138261,50,334923
22800,0.000957,172.31.46.0-255,66,138327,50,334923
22801,0.000977,74.125.200.0-255,5738,144065,50,334923
22802,0.00098,172.31.46.0-255,66,144131,50,334923
22803,0.001001,74.125.200.0-255,6438,150569,50,334923
22804,0.001003,172.31.46.0-255,66,150635,50,334923
22805,0.001228,74.125.200.0-255,1484,152119,50,334923
22806,0.001246,74.125.200.0-255,1484,153603,50,334923
22807,0.001249,172.31.46.0-255,66,153669,50,334923
22808,0.001272,74.125.200.0-255,2902,156571,50,334923
22809,0.001275,172.31.46.0-255,66,156637,50,334923
22810,0.001302,74.125.200.0-255,5738,162375,50,334923
22811,0.001304,74.125.200.0-255,1484,163859,50,334923
22812,0.001307,172.31.46.0-255,66,163925,50,334923
22813,0.001337,74.125.200.0-255,7156,171081,50,334923
22814,0.00134,172.31.46.0-255,66,171147,50,334923
22815,0.001373,74.125.200.0-255,1484,172631,50,334923
22816,0.001378,74.125.200.0-255,2902,175533,50,334923
22817,0.00138,172.31.46.0-255,66,175599,50,334923
22818,0.001386,74.125.200.0-255,4320,179919,50,334923
22819,0.001389,172.31.46.0-255,66,179985,50,334923
22820,0.001393,74.125.200.0-255,2902,182887,50,334923
22821,0.0014,172.31.46.0-255,66,182953,50,334923
22822,0.001423,74.125.200.0-255,2184,185137,50,334923
22823,0.001426,172.31.46.0-255,66,185203,50,334923
22824,0.001433,74.125.200.0-255,5738,190941,50,334923
22825,0.001435,172.31.46.0-255,66,191007,50,334923
22826,0.001438,74.125.200.0-255,1484,192491,50,334923
22827,0.001465,74.125.200.0-255,2902,195393,50,334923
22828,0.001467,172.31.46.0-255,66,195459,50,334923
22829,0.00151,74.125.200.0-255,1484,196943,50,334923
22830,0.001533,74.125.200.0-255,4320,201263,50,334923
22831,0.001535,74.125.200.0-255,1484,202747,50,334923
22832,0.001539,74.125.200.0-255,2902,205649,50,334923
22833,0.001544,74.125.200.0-255,5738,211387,50,334923
22834,0.001556,172.31.46.0-255,66,211453,50,334923
22835,0.001565,172.31.46.0-255,66,211519,50,334923
22836,0.001567,172.31.46.0-255,66,211585,50,334923
22837,0.001574,172.31.46.0-255,66,211651,50,334923
22838,0.001638,74.125.200.0-255,1484,213135,50,334923
22839,0.001643,74.125.200.0-255,1484,214619,50,334923
22840,0.001646,172.31.46.0-255,66,214685,50,334923
22841,0.00165,74.125.200.0-255,1484,216169,50,334923
22842,0.001672,74.125.200.0-255,1484,217653,50,334923
22843,0.001675,172.31.46.0-255,66,217719,50,334923
22844,0.001682,74.125.200.0-255,5738,223457,50,334923
22845,0.001685,172.31.46.0-255,66,223523,50,334923
22846,0.001692,74.125.200.0-255,1484,225007,50,334923
22847,0.001732,172.31.46.0-255,66,225073,50,334923
22848,0.001743,172.31.46.0-255,66,225139,50,334923
22849,0.001772,74.125.200.0-255,1484,226623,50,334923
22850,0.001775,74.125.200.0-255,766,227389,50,334923
22851,0.001777,74.125.200.0-255,1484,228873,50,334923
22852,0.001782,74.125.200.0-255,4320,233193,50,334923
22853,0.001792,172.31.46.0-255,66,233259,50,334923
22854,0.001795,172.31.46.0-255,66,233325,50,334923
22855,0.001819,74.125.200.0-255,7156,240481,50,334923
22856,0.001821,172.31.46.0-255,66,240547,50,334923
22857,0.001827,74.125.200.0-255,5738,246285,50,334923
22858,0.00183,172.31.46.0-255,66,246351,50,334923
22859,0.001858,74.125.200.0-255,2902,249253,50,334923
22860,0.001861,172.31.46.0-255,66,249319,50,334923
22861,0.001875,172.31.46.0-255,66,249385,50,334923
22862,0.001897,74.125.200.0-255,4320,253705,50,334923
22863,0.001899,172.31.46.0-255,66,253771,50,334923
22864,0.001931,172.31.46.0-255,66,253837,50,334923
22865,0.001936,74.125.200.0-255,4320,258157,50,334923
22866,0.001938,172.31.46.0-255,66,258223,50,334923
22867,0.001944,74.125.200.0-255,5738,263961,50,334923
22868,0.001947,172.31.46.0-255,66,264027,50,334923
22869,0.001981,172.31.46.0-255,66,264093,50,334923
22870,0.00202,74.125.200.0-255,1484,265577,50,334923
22871,0.002025,74.125.200.0-255,2902,268479,50,334923
22872,0.002031,172.31.46.0-255,66,268545,50,334923
22873,0.002062,74.125.200.0-255,5738,274283,50,334923
22874,0.002067,74.125.200.0-255,2902,277185,50,334923
22875,0.002073,172.31.46.0-255,66,277251,50,334923
22876,0.002111,74.125.200.0-255,2902,280153,50,334923
22877,0.002127,172.31.46.0-255,66,280219,50,334923
22878,0.002133,74.125.200.0-255,4320,284539,50,334923
22879,0.002147,172.31.46.0-255,66,284605,50,334923
22880,0.002166,74.125.200.0-255,3602,288207,50,334923
22881,0.002185,172.31.46.0-255,66,288273,50,334923
22882,0.002255,74.125.200.0-255,1484,289757,50,334923
22883,0.00226,74.125.200.0-255,1484,291241,50,334923
22884,0.002263,172.31.46.0-255,66,291307,50,334923
22885,0.002291,74.125.200.0-255,1484,292791,50,334923
22886,0.002298,74.125.200.0-255,5738,298529,50,334923
22887,0.002318,172.31.46.0-255,66,298595,50,334923
22888,0.002326,74.125.200.0-255,7156,305751,50,334923
22889,0.002331,172.31.46.0-255,66,305817,50,334923
22890,0.00236,74.125.200.0-255,5738,311555,50,334923
22891,0.002366,74.125.200.0-255,4320,315875,50,334923
22892,0.002373,74.125.200.0-255,6438,322313,50,334923
22893,0.002409,172.31.46.0-255,66,322379,50,334923
22894,0.004731,74.125.200.0-255,5738,328117,50,334923
22895,0.006386,172.31.46.0-255,66,328183,50,334923
22896,0.00872,74.125.200.0-255,5738,333921,50,334923
22897,0.008733,172.31.46.0-255,66,333987,50,334923
22898,0.011048,74.125.200.0-255,699,334686,50,334923
22899,0.011677,172.31.46.0-255,66,334752,50,334923
22900,0.011721,172.31.46.0-255,105,334857,50,334923
22901,0.014012,74.125.200.0-255,66,334923,50,334923
22902,0.0,74.125.24.0-255,152,152,50,160701
22903,2.3e-05,172.31.46.0-255,66,218,50,160701
22904,3e-05,74.125.24.0-255,1484,1702,50,160701
22905,3.4e-05,172.31.46.0-255,66,1768,50,160701
22906,4.7e-05,74.125.24.0-255,2902,4670,50,160701
22907,5.2e-05,172.31.46.0-255,66,4736,50,160701
22908,6.1e-05,74.125.24.0-255,7156,11892,50,160701
22909,6.4e-05,172.31.46.0-255,66,11958,50,160701
22910,7e-05,74.125.24.0-255,3499,15457,50,160701
22911,7.3e-05,172.31.46.0-255,66,15523,50,160701
22912,8.7e-05,172.31.46.0-255,66,15589,50,160701
22913,0.000113,74.125.24.0-255,1484,17073,50,160701
22914,0.000115,172.31.46.0-255,66,17139,50,160701
22915,0.00012,74.125.24.0-255,2543,19682,50,160701
22916,0.000123,172.31.46.0-255,66,19748,50,160701
22917,0.000157,74.125.24.0-255,1484,21232,50,160701
22918,0.000159,172.31.46.0-255,66,21298,50,160701
22919,0.000164,74.125.24.0-255,2902,24200,50,160701
22920,0.000167,172.31.46.0-255,66,24266,50,160701
22921,0.000172,74.125.24.0-255,4320,28586,50,160701
22922,0.000174,172.31.46.0-255,66,28652,50,160701
22923,0.000198,74.125.24.0-255,1484,30136,50,160701
22924,0.0002,172.31.46.0-255,66,30202,50,160701
22925,0.000207,74.125.24.0-255,4320,34522,50,160701
22926,0.000209,172.31.46.0-255,66,34588,50,160701
22927,0.00025,172.31.46.0-255,66,34654,50,160701
22928,0.000297,74.125.24.0-255,7156,41810,50,160701
22929,0.0003,172.31.46.0-255,66,41876,50,160701
22930,0.000326,74.125.24.0-255,2854,44730,50,160701
22931,0.000328,172.31.46.0-255,66,44796,50,160701
22932,0.000381,74.125.24.0-255,111,44907,50,160701
22933,0.000394,74.125.24.0-255,330,45237,50,160701
22934,0.000851,74.125.24.0-255,1484,46721,50,160701
22935,0.000857,172.31.46.0-255,66,46787,50,160701
22936,0.000862,74.125.24.0-255,2902,49689,50,160701
22937,0.000864,172.31.46.0-255,66,49755,50,160701
22938,0.00087,74.125.24.0-255,5738,55493,50,160701
22939,0.000878,172.31.46.0-255,66,55559,50,160701
22940,0.000882,74.125.24.0-255,2902,58461,50,160701
22941,0.000884,172.31.46.0-255,66,58527,50,160701
22942,0.000937,172.31.46.0-255,66,58593,50,160701
22943,0.00095,172.31.46.0-255,66,58659,50,160701
22944,0.002016,74.125.24.0-255,1484,60143,50,160701
22945,0.002027,74.125.24.0-255,2902,63045,50,160701
22946,0.002031,172.31.46.0-255,66,63111,50,160701
22947,0.00204,74.125.24.0-255,5738,68849,50,160701
22948,0.002042,172.31.46.0-255,66,68915,50,160701
22949,0.002054,74.125.24.0-255,4320,73235,50,160701
22950,0.002056,172.31.46.0-255,66,73301,50,160701
22951,0.00209,172.31.46.0-255,66,73367,50,160701
22952,0.002104,172.31.46.0-255,66,73433,50,160701
22953,0.002211,74.125.24.0-255,1484,74917,50,160701
22954,0.002225,74.125.24.0-255,2902,77819,50,160701
22955,0.002229,172.31.46.0-255,66,77885,50,160701
22956,0.002236,74.125.24.0-255,5738,83623,50,160701
22957,0.002238,172.31.46.0-255,66,83689,50,160701
22958,0.002317,172.31.46.0-255,66,83755,50,160701
22959,0.002331,172.31.46.0-255,66,83821,50,160701
22960,0.004591,74.125.24.0-255,5738,89559,50,160701
22961,0.004598,172.31.46.0-255,66,89625,50,160701
22962,0.006852,74.125.24.0-255,5738,95363,50,160701
22963,0.006858,172.31.46.0-255,66,95429,50,160701
22964,0.00912,74.125.24.0-255,5738,101167,50,160701
22965,0.009128,172.31.46.0-255,66,101233,50,160701
22966,0.011395,74.125.24.0-255,5738,106971,50,160701
22967,0.011403,172.31.46.0-255,66,107037,50,160701
22968,0.013671,74.125.24.0-255,5738,112775,50,160701
22969,0.013678,172.31.46.0-255,66,112841,50,160701
22970,0.015952,74.125.24.0-255,5738,118579,50,160701
22971,0.015963,172.31.46.0-255,66,118645,50,160701
22972,0.018235,74.125.24.0-255,5738,124383,50,160701
22973,0.018244,172.31.46.0-255,66,124449,50,160701
22974,0.020496,74.125.24.0-255,5738,130187,50,160701
22975,0.020505,172.31.46.0-255,66,130253,50,160701
22976,0.02275,74.125.24.0-255,1484,131737,50,160701
22977,0.022778,74.125.24.0-255,4320,136057,50,160701
22978,0.022783,172.31.46.0-255,66,136123,50,160701
22979,0.02503,74.125.24.0-255,5738,141861,50,160701
22980,0.025037,172.31.46.0-255,66,141927,50,160701
22981,0.025885,172.31.46.0-255,172,142099,50,160701
22982,0.02591,172.31.46.0-255,1113,143212,50,160701
22983,0.02596,172.31.46.0-255,1514,144726,50,160701
22984,0.025962,172.31.46.0-255,1514,146240,50,160701
22985,0.025963,172.31.46.0-255,1514,147754,50,160701
22986,0.025985,172.31.46.0-255,1075,148829,50,160701
22987,0.02735,74.125.24.0-255,5738,154567,50,160701
22988,0.027356,172.31.46.0-255,66,154633,50,160701
22989,0.027433,104.244.42.0-255,66,154699,50,160701
22990,0.027439,104.244.42.0-255,66,154765,50,160701
22991,0.02751,104.244.42.0-255,66,154831,50,160701
22992,0.027515,104.244.42.0-255,66,154897,50,160701
22993,0.029651,74.125.24.0-255,5738,160635,50,160701
22994,0.029658,172.31.46.0-255,66,160701,50,160701
22995,0.0,74.125.24.0-255,155,155,50,223913
22996,2.4e-05,172.31.46.0-255,66,221,50,223913
22997,3.2e-05,74.125.24.0-255,1484,1705,50,223913
22998,3.7e-05,172.31.46.0-255,66,1771,50,223913
22999,4.2e-05,74.125.24.0-255,2902,4673,50,223913
23000,5.2e-05,172.31.46.0-255,66,4739,50,223913
23001,6e-05,74.125.24.0-255,7156,11895,50,223913
23002,6.3e-05,172.31.46.0-255,66,11961,50,223913
23003,6.7e-05,74.125.24.0-255,2037,13998,50,223913
23004,7e-05,172.31.46.0-255,66,14064,50,223913
23005,8.4e-05,172.31.46.0-255,66,14130,50,223913
23006,0.00012,74.125.24.0-255,1484,15614,50,223913
23007,0.000122,172.31.46.0-255,66,15680,50,223913
23008,0.000131,74.125.24.0-255,5379,21059,50,223913
23009,0.000134,172.31.46.0-255,66,21125,50,223913
23010,0.000222,74.125.24.0-255,1484,22609,50,223913
23011,0.000225,172.31.46.0-255,66,22675,50,223913
23012,0.00023,74.125.24.0-255,2902,25577,50,223913
23013,0.000232,172.31.46.0-255,66,25643,50,223913
23014,0.000239,74.125.24.0-255,5738,31381,50,223913
23015,0.000246,172.31.46.0-255,66,31447,50,223913
23016,0.000279,74.125.24.0-255,5738,37185,50,223913
23017,0.000281,172.31.46.0-255,66,37251,50,223913
23018,0.000288,74.125.24.0-255,7156,44407,50,223913
23019,0.000291,172.31.46.0-255,66,44473,50,223913
23020,0.000322,74.125.24.0-255,5738,50211,50,223913
23021,0.000325,172.31.46.0-255,66,50277,50,223913
23022,0.000331,74.125.24.0-255,5020,55297,50,223913
23023,0.000333,172.31.46.0-255,66,55363,50,223913
23024,0.000355,74.125.24.0-255,645,56008,50,223913
23025,0.000357,172.31.46.0-255,66,56074,50,223913
23026,0.000537,74.125.24.0-255,1484,57558,50,223913
23027,0.000554,74.125.24.0-255,2902,60460,50,223913
23028,0.000566,172.31.46.0-255,66,60526,50,223913
23029,0.000577,74.125.24.0-255,5738,66264,50,223913
23030,0.000586,74.125.24.0-255,2902,69166,50,223913
23031,0.000592,172.31.46.0-255,66,69232,50,223913
23032,0.000604,74.125.24.0-255,7156,76388,50,223913
23033,0.00062,74.125.24.0-255,2902,79290,50,223913
23034,0.000626,74.125.24.0-255,5738,85028,50,223913
23035,0.000646,74.125.24.0-255,4472,89500,50,223913
23036,0.000705,74.125.24.0-255,1484,90984,50,223913
23037,0.000711,74.125.24.0-255,2902,93886,50,223913
23038,0.000716,74.125.24.0-255,5738,99624,50,223913
23039,0.00072,74.125.24.0-255,2902,102526,50,223913
23040,0.000736,172.31.46.0-255,66,102592,50,223913
23041,0.000751,172.31.46.0-255,66,102658,50,223913
23042,0.000803,172.31.46.0-255,66,102724,50,223913
23043,0.000911,74.125.24.0-255,1484,104208,50,223913
23044,0.000916,74.125.24.0-255,1484,105692,50,223913
23045,0.000926,74.125.24.0-255,1484,107176,50,223913
23046,0.000939,74.125.24.0-255,2902,110078,50,223913
23047,0.000954,74.125.24.0-255,2902,112980,50,223913
23048,0.000957,172.31.46.0-255,66,113046,50,223913
23049,0.000963,172.31.46.0-255,66,113112,50,223913
23050,0.000984,74.125.24.0-255,5738,118850,50,223913
23051,0.001009,74.125.24.0-255,4320,123170,50,223913
23052,0.001013,74.125.24.0-255,2902,126072,50,223913
23053,0.001025,172.31.46.0-255,66,126138,50,223913
23054,0.001055,172.31.46.0-255,66,126204,50,223913
23055,0.001101,74.125.24.0-255,1484,127688,50,223913
23056,0.001107,74.125.24.0-255,2902,130590,50,223913
23057,0.001121,74.125.24.0-255,4320,134910,50,223913
23058,0.001126,172.31.46.0-255,66,134976,50,223913
23059,0.00114,74.125.24.0-255,1484,136460,50,223913
23060,0.001157,74.125.24.0-255,7156,143616,50,223913
23061,0.00116,74.125.24.0-255,1484,145100,50,223913
23062,0.001176,74.125.24.0-255,5738,150838,50,223913
23063,0.001183,172.31.46.0-255,66,150904,50,223913
23064,0.001214,74.125.24.0-255,7156,158060,50,223913
23065,0.001218,74.125.24.0-255,2184,160244,50,223913
23066,0.001235,172.31.46.0-255,66,160310,50,223913
23067,0.00151,74.125.24.0-255,1484,161794,50,223913
23068,0.001522,74.125.24.0-255,1484,163278,50,223913
23069,0.001528,172.31.46.0-255,66,163344,50,223913
23070,0.001536,74.125.24.0-255,1484,164828,50,223913
23071,0.001556,74.125.24.0-255,5738,170566,50,223913
23072,0.001567,74.125.24.0-255,1484,172050,50,223913
23073,0.001583,74.125.24.0-255,5738,177788,50,223913
23074,0.001598,172.31.46.0-255,66,177854,50,223913
23075,0.001603,74.125.24.0-255,2902,180756,50,223913
23076,0.001606,74.125.24.0-255,1484,182240,50,223913
23077,0.001611,172.31.46.0-255,66,182306,50,223913
23078,0.001656,172.31.46.0-255,66,182372,50,223913
23079,0.001781,74.125.24.0-255,1484,183856,50,223913
23080,0.001787,74.125.24.0-255,2902,186758,50,223913
23081,0.001794,172.31.46.0-255,66,186824,50,223913
23082,0.001812,74.125.24.0-255,5738,192562,50,223913
23083,0.001834,74.125.24.0-255,2902,195464,50,223913
23084,0.001844,172.31.46.0-255,66,195530,50,223913
23085,0.001893,74.125.24.0-255,7156,202686,50,223913
23086,0.001902,172.31.46.0-255,66,202752,50,223913
23087,0.001913,74.125.24.0-255,4320,207072,50,223913
23088,0.001968,172.31.46.0-255,66,207138,50,223913
23089,0.001987,74.125.24.0-255,5738,212876,50,223913
23090,0.002046,172.31.46.0-255,66,212942,50,223913
23091,0.002076,74.125.24.0-255,5738,218680,50,223913
23092,0.0021,172.31.46.0-255,66,218746,50,223913
23093,0.002172,74.125.24.0-255,3602,222348,50,223913
23094,0.007887,172.31.46.0-255,66,222414,50,223913
23095,0.009975,74.125.24.0-255,1262,223676,50,223913
23096,0.01053,172.31.46.0-255,66,223742,50,223913
23097,0.010565,172.31.46.0-255,105,223847,50,223913
23098,0.01262,74.125.24.0-255,66,223913,50,223913
23099,0.0,172.217.194.0-255,150,150,50,221150
23100,2.2e-05,172.31.46.0-255,66,216,50,221150
23101,5.4e-05,172.217.194.0-255,1484,1700,50,221150
23102,5.9e-05,172.31.46.0-255,66,1766,50,221150
23103,6.5e-05,172.217.194.0-255,2902,4668,50,221150
23104,6.8e-05,172.31.46.0-255,66,4734,50,221150
23105,7.4e-05,172.217.194.0-255,5738,10472,50,221150
23106,7.7e-05,172.31.46.0-255,66,10538,50,221150
23107,0.000117,172.31.46.0-255,66,10604,50,221150
23108,0.000121,172.217.194.0-255,2902,13506,50,221150
23109,0.000123,172.31.46.0-255,66,13572,50,221150
23110,0.000146,172.217.194.0-255,3961,17533,50,221150
23111,0.000154,172.31.46.0-255,66,17599,50,221150
23112,0.000181,172.217.194.0-255,1484,19083,50,221150
23113,0.000183,172.31.46.0-255,66,19149,50,221150
23114,0.000189,172.217.194.0-255,2902,22051,50,221150
23115,0.000191,172.31.46.0-255,66,22117,50,221150
23116,0.000194,172.217.194.0-255,1484,23601,50,221150
23117,0.0002,172.31.46.0-255,66,23667,50,221150
23118,0.000228,172.217.194.0-255,4320,27987,50,221150
23119,0.000231,172.31.46.0-255,66,28053,50,221150
23120,0.000237,172.217.194.0-255,4320,32373,50,221150
23121,0.000239,172.31.46.0-255,66,32439,50,221150
23122,0.000269,172.217.194.0-255,2543,34982,50,221150
23123,0.000272,172.31.46.0-255,66,35048,50,221150
23124,0.000584,172.217.194.0-255,1484,36532,50,221150
23125,0.00059,172.31.46.0-255,66,36598,50,221150
23126,0.000604,172.217.194.0-255,2902,39500,50,221150
23127,0.000612,172.31.46.0-255,66,39566,50,221150
23128,0.000617,172.217.194.0-255,4320,43886,50,221150
23129,0.000619,172.31.46.0-255,66,43952,50,221150
23130,0.000652,172.217.194.0-255,4320,48272,50,221150
23131,0.000655,172.31.46.0-255,66,48338,50,221150
23132,0.000685,172.217.194.0-255,5379,53717,50,221150
23133,0.000688,172.31.46.0-255,66,53783,50,221150
23134,0.000704,172.31.46.0-255,66,53849,50,221150
23135,0.000737,172.31.46.0-255,66,53915,50,221150
23136,0.000773,172.31.46.0-255,66,53981,50,221150
23137,0.000776,172.217.194.0-255,766,54747,50,221150
23138,0.000799,172.217.194.0-255,1484,56231,50,221150
23139,0.000801,172.31.46.0-255,66,56297,50,221150
23140,0.000819,172.217.194.0-255,2902,59199,50,221150
23141,0.000822,172.31.46.0-255,66,59265,50,221150
23142,0.000826,172.217.194.0-255,2902,62167,50,221150
23143,0.000829,172.31.46.0-255,66,62233,50,221150
23144,0.000848,172.217.194.0-255,2902,65135,50,221150
23145,0.000863,172.217.194.0-255,2902,68037,50,221150
23146,0.000867,172.31.46.0-255,66,68103,50,221150
23147,0.00087,172.31.46.0-255,66,68169,50,221150
23148,0.000896,172.217.194.0-255,3844,72013,50,221150
23149,0.000899,172.31.46.0-255,66,72079,50,221150
23150,0.000919,172.217.194.0-255,1484,73563,50,221150
23151,0.000924,172.217.194.0-255,2902,76465,50,221150
23152,0.000926,172.31.46.0-255,66,76531,50,221150
23153,0.000953,172.217.194.0-255,5738,82269,50,221150
23154,0.000956,172.31.46.0-255,66,82335,50,221150
23155,0.000961,172.217.194.0-255,2902,85237,50,221150
23156,0.000963,172.31.46.0-255,66,85303,50,221150
23157,0.00101,172.217.194.0-255,4320,89623,50,221150
23158,0.001013,172.31.46.0-255,66,89689,50,221150
23159,0.001033,172.31.46.0-255,66,89755,50,221150
23160,0.001038,172.217.194.0-255,2184,91939,50,221150
23161,0.00104,172.31.46.0-255,66,92005,50,221150
23162,0.001421,172.217.194.0-255,1484,93489,50,221150
23163,0.001428,172.217.194.0-255,2902,96391,50,221150
23164,0.001431,172.31.46.0-255,66,96457,50,221150
23165,0.001438,172.217.194.0-255,4320,100777,50,221150
23166,0.00144,172.31.46.0-255,66,100843,50,221150
23167,0.001456,172.217.194.0-255,1484,102327,50,221150
23168,0.001479,172.217.194.0-255,5738,108065,50,221150
23169,0.001482,172.31.46.0-255,66,108131,50,221150
23170,0.001512,172.217.194.0-255,5505,113636,50,221150
23171,0.001515,172.31.46.0-255,66,113702,50,221150
23172,0.001532,172.31.46.0-255,66,113768,50,221150
23173,0.001542,172.31.46.0-255,66,113834,50,221150
23174,0.001582,172.217.194.0-255,766,114600,50,221150
23175,0.001589,172.31.46.0-255,66,114666,50,221150
23176,0.001947,172.217.194.0-255,1484,116150,50,221150
23177,0.001951,172.31.46.0-255,66,116216,50,221150
23178,0.001955,172.217.194.0-255,1484,117700,50,221150
23179,0.001981,172.217.194.0-255,1484,119184,50,221150
23180,0.001984,172.31.46.0-255,66,119250,50,221150
23181,0.00199,172.217.194.0-255,4320,123570,50,221150
23182,0.001992,172.31.46.0-255,66,123636,50,221150
23183,0.002001,172.217.194.0-255,2902,126538,50,221150
23184,0.002003,172.31.46.0-255,66,126604,50,221150
23185,0.002031,172.217.194.0-255,2902,129506,50,221150
23186,0.002034,172.31.46.0-255,66,129572,50,221150
23187,0.002038,172.217.194.0-255,2902,132474,50,221150
23188,0.00204,172.31.46.0-255,66,132540,50,221150
23189,0.002074,172.217.194.0-255,7156,139696,50,221150
23190,0.002077,172.31.46.0-255,66,139762,50,221150
23191,0.004058,172.217.194.0-255,5738,145500,50,221150
23192,0.004065,172.31.46.0-255,66,145566,50,221150
23193,0.006033,172.217.194.0-255,5738,151304,50,221150
23194,0.006037,172.31.46.0-255,66,151370,50,221150
23195,0.008026,172.217.194.0-255,5738,157108,50,221150
23196,0.008032,172.31.46.0-255,66,157174,50,221150
23197,0.010016,172.217.194.0-255,5738,162912,50,221150
23198,0.010024,172.31.46.0-255,66,162978,50,221150
23199,0.011992,172.217.194.0-255,5738,168716,50,221150
23200,0.012002,172.31.46.0-255,66,168782,50,221150
23201,0.013984,172.217.194.0-255,5738,174520,50,221150
23202,0.013992,172.31.46.0-255,66,174586,50,221150
23203,0.015956,172.217.194.0-255,5738,180324,50,221150
23204,0.015964,172.31.46.0-255,66,180390,50,221150
23205,0.017936,172.217.194.0-255,5738,186128,50,221150
23206,0.017943,172.31.46.0-255,66,186194,50,221150
23207,0.019901,172.217.194.0-255,2902,189096,50,221150
23208,0.019908,172.31.46.0-255,66,189162,50,221150
23209,0.019935,172.217.194.0-255,2902,192064,50,221150
23210,0.019937,172.31.46.0-255,66,192130,50,221150
23211,0.021911,172.217.194.0-255,5738,197868,50,221150
23212,0.021918,172.31.46.0-255,66,197934,50,221150
23213,0.023912,172.217.194.0-255,5738,203672,50,221150
23214,0.02392,172.31.46.0-255,66,203738,50,221150
23215,0.025915,172.217.194.0-255,5738,209476,50,221150
23216,0.025927,172.31.46.0-255,66,209542,50,221150
23217,0.027931,172.217.194.0-255,5738,215280,50,221150
23218,0.027939,172.31.46.0-255,66,215346,50,221150
23219,0.029915,172.217.194.0-255,5738,221084,50,221150
23220,0.029922,172.31.46.0-255,66,221150,50,221150
23221,0.0,74.125.24.0-255,150,150,50,195501
23222,1.5e-05,172.31.46.0-255,66,216,50,195501
23223,2.2e-05,74.125.24.0-255,1484,1700,50,195501
23224,2.7e-05,172.31.46.0-255,66,1766,50,195501
23225,4.7e-05,74.125.24.0-255,2902,4668,50,195501
23226,5.1e-05,172.31.46.0-255,66,4734,50,195501
23227,5.8e-05,74.125.24.0-255,5738,10472,50,195501
23228,6.1e-05,172.31.46.0-255,66,10538,50,195501
23229,0.000116,172.31.46.0-255,66,10604,50,195501
23230,0.000121,74.125.24.0-255,5738,16342,50,195501
23231,0.000124,172.31.46.0-255,66,16408,50,195501
23232,0.000127,74.125.24.0-255,1125,17533,50,195501
23233,0.00013,172.31.46.0-255,66,17599,50,195501
23234,0.000221,74.125.24.0-255,1484,19083,50,195501
23235,0.000224,172.31.46.0-255,66,19149,50,195501
23236,0.00024,74.125.24.0-255,2902,22051,50,195501
23237,0.000243,172.31.46.0-255,66,22117,50,195501
23238,0.000268,74.125.24.0-255,5738,27855,50,195501
23239,0.000271,172.31.46.0-255,66,27921,50,195501
23240,0.000302,172.31.46.0-255,66,27987,50,195501
23241,0.000315,172.31.46.0-255,66,28053,50,195501
23242,0.000336,74.125.24.0-255,2184,30237,50,195501
23243,0.000338,172.31.46.0-255,66,30303,50,195501
23244,0.000341,74.125.24.0-255,398,30701,50,195501
23245,0.000343,172.31.46.0-255,66,30767,50,195501
23246,0.00037,74.125.24.0-255,109,30876,50,195501
23247,0.000372,172.31.46.0-255,66,30942,50,195501
23248,0.000387,74.125.24.0-255,332,31274,50,195501
23249,0.00039,172.31.46.0-255,66,31340,50,195501
23250,0.000713,74.125.24.0-255,1484,32824,50,195501
23251,0.00072,74.125.24.0-255,2902,35726,50,195501
23252,0.000725,172.31.46.0-255,66,35792,50,195501
23253,0.000732,74.125.24.0-255,5738,41530,50,195501
23254,0.000736,172.31.46.0-255,66,41596,50,195501
23255,0.000769,172.31.46.0-255,66,41662,50,195501
23256,0.000816,74.125.24.0-255,4320,45982,50,195501
23257,0.00082,172.31.46.0-255,66,46048,50,195501
23258,0.000843,74.125.24.0-255,6438,52486,50,195501
23259,0.000847,172.31.46.0-255,66,52552,50,195501
23260,0.001447,74.125.24.0-255,1484,54036,50,195501
23261,0.001463,74.125.24.0-255,2902,56938,50,195501
23262,0.001467,172.31.46.0-255,66,57004,50,195501
23263,0.001474,74.125.24.0-255,4320,61324,50,195501
23264,0.001477,172.31.46.0-255,66,61390,50,195501
23265,0.001501,74.125.24.0-255,1484,62874,50,195501
23266,0.001516,172.31.46.0-255,66,62940,50,195501
23267,0.001523,74.125.24.0-255,5738,68678,50,195501
23268,0.001525,172.31.46.0-255,66,68744,50,195501
23269,0.001541,74.125.24.0-255,5020,73764,50,195501
23270,0.001543,172.31.46.0-255,66,73830,50,195501
23271,0.001565,74.125.24.0-255,1484,75314,50,195501
23272,0.001584,74.125.24.0-255,2902,78216,50,195501
23273,0.001587,172.31.46.0-255,66,78282,50,195501
23274,0.001591,74.125.24.0-255,2902,81184,50,195501
23275,0.001594,172.31.46.0-255,66,81250,50,195501
23276,0.001613,74.125.24.0-255,2902,84152,50,195501
23277,0.001616,172.31.46.0-255,66,84218,50,195501
23278,0.00163,172.31.46.0-255,66,84284,50,195501
23279,0.001641,172.31.46.0-255,66,84350,50,195501
23280,0.001669,74.125.24.0-255,2184,86534,50,195501
23281,0.001672,172.31.46.0-255,66,86600,50,195501
23282,0.001825,74.125.24.0-255,1484,88084,50,195501
23283,0.001831,74.125.24.0-255,2902,90986,50,195501
23284,0.001834,172.31.46.0-255,66,91052,50,195501
23285,0.001841,74.125.24.0-255,4320,95372,50,195501
23286,0.001842,172.31.46.0-255,66,95438,50,195501
23287,0.001867,74.125.24.0-255,1484,96922,50,195501
23288,0.001883,172.31.46.0-255,66,96988,50,195501
23289,0.001899,74.125.24.0-255,2902,99890,50,195501
23290,0.001901,172.31.46.0-255,66,99956,50,195501
23291,0.001914,172.31.46.0-255,66,100022,50,195501
23292,0.002064,74.125.24.0-255,1484,101506,50,195501
23293,0.002087,74.125.24.0-255,2902,104408,50,195501
23294,0.002094,74.125.24.0-255,5738,110146,50,195501
23295,0.002098,172.31.46.0-255,66,110212,50,195501
23296,0.002106,172.31.46.0-255,66,110278,50,195501
23297,0.002112,74.125.24.0-255,4320,114598,50,195501
23298,0.002114,172.31.46.0-255,66,114664,50,195501
23299,0.002137,172.31.46.0-255,66,114730,50,195501
23300,0.002145,74.125.24.0-255,7156,121886,50,195501
23301,0.002148,172.31.46.0-255,66,121952,50,195501
23302,0.002194,74.125.24.0-255,3602,125554,50,195501
23303,0.002197,172.31.46.0-255,66,125620,50,195501
23304,0.002549,172.31.46.0-255,101,125721,50,195501
23305,0.004411,74.125.24.0-255,1484,127205,50,195501
23306,0.004445,74.125.24.0-255,4320,131525,50,195501
23307,0.004453,172.31.46.0-255,66,131591,50,195501
23308,0.004725,74.125.24.0-255,66,131657,50,195501
23309,0.006679,74.125.24.0-255,5738,137395,50,195501
23310,0.006684,172.31.46.0-255,66,137461,50,195501
23311,0.008947,74.125.24.0-255,5738,143199,50,195501
23312,0.008955,172.31.46.0-255,66,143265,50,195501
23313,0.011189,74.125.24.0-255,5738,149003,50,195501
23314,0.011202,172.31.46.0-255,66,149069,50,195501
23315,0.013466,74.125.24.0-255,5738,154807,50,195501
23316,0.013485,172.31.46.0-255,66,154873,50,195501
23317,0.015751,74.125.24.0-255,5738,160611,50,195501
23318,0.015769,172.31.46.0-255,66,160677,50,195501
23319,0.018035,74.125.24.0-255,5738,166415,50,195501
23320,0.018055,172.31.46.0-255,66,166481,50,195501
23321,0.020284,74.125.24.0-255,5738,172219,50,195501
23322,0.020299,172.31.46.0-255,66,172285,50,195501
23323,0.022538,74.125.24.0-255,5738,178023,50,195501
23324,0.02255,172.31.46.0-255,66,178089,50,195501
23325,0.024803,74.125.24.0-255,5738,183827,50,195501
23326,0.024816,172.31.46.0-255,66,183893,50,195501
23327,0.027097,74.125.24.0-255,5738,189631,50,195501
23328,0.027117,172.31.46.0-255,66,189697,50,195501
23329,0.029376,74.125.24.0-255,5738,195435,50,195501
23330,0.029396,172.31.46.0-255,66,195501,50,195501
23331,0.0,74.125.130.0-255,143,143,50,185870
23332,2.4e-05,172.31.46.0-255,66,209,50,185870
23333,3.1e-05,74.125.130.0-255,1484,1693,50,185870
23334,3.6e-05,172.31.46.0-255,66,1759,50,185870
23335,4.1e-05,74.125.130.0-255,2902,4661,50,185870
23336,4.3e-05,172.31.46.0-255,66,4727,50,185870
23337,0.000101,74.125.130.0-255,1484,6211,50,185870
23338,0.000104,172.31.46.0-255,66,6277,50,185870
23339,0.000155,74.125.130.0-255,2902,9179,50,185870
23340,0.000159,172.31.46.0-255,66,9245,50,185870
23341,0.000174,74.125.130.0-255,1484,10729,50,185870
23342,0.000176,172.31.46.0-255,66,10795,50,185870
23343,0.0002,74.125.130.0-255,2902,13697,50,185870
23344,0.000203,172.31.46.0-255,66,13763,50,185870
23345,0.000206,74.125.130.0-255,579,14342,50,185870
23346,0.000208,172.31.46.0-255,66,14408,50,185870
23347,0.000325,74.125.130.0-255,1484,15892,50,185870
23348,0.000329,172.31.46.0-255,66,15958,50,185870
23349,0.00035,74.125.130.0-255,2902,18860,50,185870
23350,0.000353,172.31.46.0-255,66,18926,50,185870
23351,0.000356,74.125.130.0-255,1484,20410,50,185870
23352,0.000358,172.31.46.0-255,66,20476,50,185870
23353,0.000374,74.125.130.0-255,2902,23378,50,185870
23354,0.000376,172.31.46.0-255,66,23444,50,185870
23355,0.000393,74.125.130.0-255,2902,26346,50,185870
23356,0.000395,172.31.46.0-255,66,26412,50,185870
23357,0.000421,74.125.130.0-255,5379,31791,50,185870
23358,0.000424,172.31.46.0-255,66,31857,50,185870
23359,0.000452,74.125.130.0-255,4320,36177,50,185870
23360,0.000454,172.31.46.0-255,66,36243,50,185870
23361,0.000478,74.125.130.0-255,5738,41981,50,185870
23362,0.000482,172.31.46.0-255,66,42047,50,185870
23363,0.000494,74.125.130.0-255,1484,43531,50,185870
23364,0.00051,74.125.130.0-255,4320,47851,50,185870
23365,0.000513,172.31.46.0-255,66,47917,50,185870
23366,0.000548,74.125.130.0-255,1125,49042,50,185870
23367,0.000938,172.31.46.0-255,66,49108,50,185870
23368,0.001152,74.125.130.0-255,1484,50592,50,185870
23369,0.001171,74.125.130.0-255,2902,53494,50,185870
23370,0.001175,172.31.46.0-255,66,53560,50,185870
23371,0.00118,74.125.130.0-255,1484,55044,50,185870
23372,0.001194,74.125.130.0-255,4320,59364,50,185870
23373,0.001196,172.31.46.0-255,66,59430,50,185870
23374,0.001199,74.125.130.0-255,1484,60914,50,185870
23375,0.001219,74.125.130.0-255,2902,63816,50,185870
23376,0.001222,172.31.46.0-255,66,63882,50,185870
23377,0.001249,74.125.130.0-255,2902,66784,50,185870
23378,0.001252,172.31.46.0-255,66,66850,50,185870
23379,0.001268,74.125.130.0-255,3961,70811,50,185870
23380,0.00127,172.31.46.0-255,66,70877,50,185870
23381,0.001314,74.125.130.0-255,5738,76615,50,185870
23382,0.001317,172.31.46.0-255,66,76681,50,185870
23383,0.001332,74.125.130.0-255,1484,78165,50,185870
23384,0.001361,74.125.130.0-255,5958,84123,50,185870
23385,0.001364,172.31.46.0-255,66,84189,50,185870
23386,0.001424,74.125.130.0-255,1484,85673,50,185870
23387,0.001449,74.125.130.0-255,2902,88575,50,185870
23388,0.001453,172.31.46.0-255,66,88641,50,185870
23389,0.001457,74.125.130.0-255,1484,90125,50,185870
23390,0.00147,74.125.130.0-255,2902,93027,50,185870
23391,0.001472,172.31.46.0-255,66,93093,50,185870
23392,0.001523,74.125.130.0-255,7156,100249,50,185870
23393,0.001527,172.31.46.0-255,66,100315,50,185870
23394,0.001543,74.125.130.0-255,1125,101440,50,185870
23395,0.002262,74.125.130.0-255,1484,102924,50,185870
23396,0.002269,172.31.46.0-255,66,102990,50,185870
23397,0.002291,74.125.130.0-255,2902,105892,50,185870
23398,0.002293,172.31.46.0-255,66,105958,50,185870
23399,0.002314,74.125.130.0-255,2902,108860,50,185870
23400,0.002317,172.31.46.0-255,66,108926,50,185870
23401,0.00232,74.125.130.0-255,1484,110410,50,185870
23402,0.002338,74.125.130.0-255,2902,113312,50,185870
23403,0.00234,172.31.46.0-255,66,113378,50,185870
23404,0.00237,74.125.130.0-255,4320,117698,50,185870
23405,0.002372,172.31.46.0-255,66,117764,50,185870
23406,0.00239,74.125.130.0-255,2902,120666,50,185870
23407,0.002393,172.31.46.0-255,66,120732,50,185870
23408,0.002404,172.31.46.0-255,66,120798,50,185870
23409,0.002407,74.125.130.0-255,1484,122282,50,185870
23410,0.002453,74.125.130.0-255,2902,125184,50,185870
23411,0.002455,172.31.46.0-255,66,125250,50,185870
23412,0.002458,74.125.130.0-255,1484,126734,50,185870
23413,0.002497,74.125.130.0-255,766,127500,50,185870
23414,0.002499,172.31.46.0-255,66,127566,50,185870
23415,0.005008,74.125.130.0-255,2902,130468,50,185870
23416,0.005013,172.31.46.0-255,66,130534,50,185870
23417,0.005057,74.125.130.0-255,2902,133436,50,185870
23418,0.00506,172.31.46.0-255,66,133502,50,185870
23419,0.007597,74.125.130.0-255,2902,136404,50,185870
23420,0.007605,172.31.46.0-255,66,136470,50,185870
23421,0.007632,74.125.130.0-255,2902,139372,50,185870
23422,0.007635,172.31.46.0-255,66,139438,50,185870
23423,0.0102,74.125.130.0-255,5738,145176,50,185870
23424,0.010207,172.31.46.0-255,66,145242,50,185870
23425,0.012765,74.125.130.0-255,5738,150980,50,185870
23426,0.012774,172.31.46.0-255,66,151046,50,185870
23427,0.015339,74.125.130.0-255,5738,156784,50,185870
23428,0.01535,172.31.46.0-255,66,156850,50,185870
23429,0.017941,74.125.130.0-255,5738,162588,50,185870
23430,0.017954,172.31.46.0-255,66,162654,50,185870
23431,0.020531,74.125.130.0-255,5738,168392,50,185870
23432,0.020541,172.31.46.0-255,66,168458,50,185870
23433,0.023114,74.125.130.0-255,5738,174196,50,185870
23434,0.023122,172.31.46.0-255,66,174262,50,185870
23435,0.025697,74.125.130.0-255,5738,180000,50,185870
23436,0.025706,172.31.46.0-255,66,180066,50,185870
23437,0.028274,74.125.130.0-255,5738,185804,50,185870
23438,0.028284,172.31.46.0-255,66,185870,50,185870
23439,0.0,172.217.194.0-255,291,291,50,165520
23440,1.7e-05,172.31.46.0-255,66,357,50,165520
23441,2.4e-05,172.217.194.0-255,1484,1841,50,165520
23442,2.8e-05,172.31.46.0-255,66,1907,50,165520
23443,3.5e-05,172.217.194.0-255,4320,6227,50,165520
23444,4.5e-05,172.31.46.0-255,66,6293,50,165520
23445,5.7e-05,172.31.46.0-255,66,6359,50,165520
23446,0.000111,172.31.46.0-255,66,6425,50,165520
23447,0.000167,172.217.194.0-255,3961,10386,50,165520
23448,0.00017,172.31.46.0-255,66,10452,50,165520
23449,0.000208,172.217.194.0-255,4320,14772,50,165520
23450,0.000211,172.31.46.0-255,66,14838,50,165520
23451,0.000226,172.217.194.0-255,7156,21994,50,165520
23452,0.000232,172.31.46.0-255,66,22060,50,165520
23453,0.000256,172.217.194.0-255,2902,24962,50,165520
23454,0.000259,172.31.46.0-255,66,25028,50,165520
23455,0.000295,172.217.194.0-255,1484,26512,50,165520
23456,0.000298,172.31.46.0-255,66,26578,50,165520
23457,0.00034,172.31.46.0-255,66,26644,50,165520
23458,0.000614,172.217.194.0-255,98,26742,50,165520
23459,0.00062,172.31.46.0-255,66,26808,50,165520
23460,0.000676,172.217.194.0-255,1484,28292,50,165520
23461,0.000679,172.31.46.0-255,66,28358,50,165520
23462,0.00071,172.217.194.0-255,2902,31260,50,165520
23463,0.000713,172.31.46.0-255,66,31326,50,165520
23464,0.00072,172.217.194.0-255,5738,37064,50,165520
23465,0.000722,172.31.46.0-255,66,37130,50,165520
23466,0.000759,172.217.194.0-255,4320,41450,50,165520
23467,0.000761,172.31.46.0-255,66,41516,50,165520
23468,0.000786,172.217.194.0-255,2841,44357,50,165520
23469,0.000795,172.31.46.0-255,66,44423,50,165520
23470,0.000986,172.217.194.0-255,1484,45907,50,165520
23471,0.001001,172.217.194.0-255,2902,48809,50,165520
23472,0.001004,172.31.46.0-255,66,48875,50,165520
23473,0.001009,172.217.194.0-255,2902,51777,50,165520
23474,0.001029,172.31.46.0-255,66,51843,50,165520
23475,0.001033,172.217.194.0-255,2902,54745,50,165520
23476,0.001053,172.217.194.0-255,4320,59065,50,165520
23477,0.001056,172.31.46.0-255,66,59131,50,165520
23478,0.001088,172.217.194.0-255,5738,64869,50,165520
23479,0.001093,172.31.46.0-255,66,64935,50,165520
23480,0.001123,172.217.194.0-255,2902,67837,50,165520
23481,0.001128,172.31.46.0-255,66,67903,50,165520
23482,0.001171,172.31.46.0-255,66,67969,50,165520
23483,0.001779,172.217.194.0-255,1484,69453,50,165520
23484,0.00179,172.217.194.0-255,2902,72355,50,165520
23485,0.001794,172.31.46.0-255,66,72421,50,165520
23486,0.001802,172.217.194.0-255,5738,78159,50,165520
23487,0.001833,172.217.194.0-255,4320,82479,50,165520
23488,0.001925,172.217.194.0-255,2902,85381,50,165520
23489,0.001995,172.217.194.0-255,1484,86865,50,165520
23490,0.00201,172.217.194.0-255,2902,89767,50,165520
23491,0.00205,172.217.194.0-255,5738,95505,50,165520
23492,0.002079,172.217.194.0-255,4320,99825,50,165520
23493,0.002099,172.217.194.0-255,1484,101309,50,165520
23494,0.002249,172.217.194.0-255,5738,107047,50,165520
23495,0.00262,172.217.194.0-255,4320,111367,50,165520
23496,0.006378,172.31.46.0-255,66,111433,50,165520
23497,0.008731,172.217.194.0-255,2902,114335,50,165520
23498,0.008737,172.31.46.0-255,66,114401,50,165520
23499,0.008767,172.217.194.0-255,2902,117303,50,165520
23500,0.008786,172.31.46.0-255,66,117369,50,165520
23501,0.011091,172.217.194.0-255,2902,120271,50,165520
23502,0.011098,172.31.46.0-255,66,120337,50,165520
23503,0.011127,172.217.194.0-255,2902,123239,50,165520
23504,0.011154,172.31.46.0-255,66,123305,50,165520
23505,0.013433,172.217.194.0-255,2902,126207,50,165520
23506,0.01344,172.31.46.0-255,66,126273,50,165520
23507,0.013482,172.217.194.0-255,1484,127757,50,165520
23508,0.013495,172.217.194.0-255,1484,129241,50,165520
23509,0.015515,172.31.46.0-255,66,129307,50,165520
23510,0.015792,172.217.194.0-255,2902,132209,50,165520
23511,0.015799,172.31.46.0-255,66,132275,50,165520
23512,0.017851,172.217.194.0-255,2902,135177,50,165520
23513,0.018151,172.217.194.0-255,2902,138079,50,165520
23514,0.019987,172.31.46.0-255,66,138145,50,165520
23515,0.022361,172.217.194.0-255,5738,143883,50,165520
23516,0.022371,172.31.46.0-255,66,143949,50,165520
23517,0.024708,172.217.194.0-255,5738,149687,50,165520
23518,0.024714,172.31.46.0-255,66,149753,50,165520
23519,0.027065,172.217.194.0-255,5738,155491,50,165520
23520,0.027073,172.31.46.0-255,66,155557,50,165520
23521,0.028928,172.31.46.0-255,172,155729,50,165520
23522,0.028961,172.31.46.0-255,1112,156841,50,165520
23523,0.029016,172.31.46.0-255,1514,158355,50,165520
23524,0.029018,172.31.46.0-255,1295,159650,50,165520
23525,0.029449,172.217.194.0-255,4320,163970,50,165520
23526,0.029457,172.31.46.0-255,66,164036,50,165520
23527,0.029483,172.217.194.0-255,1484,165520,50,165520
23528,0.0,74.125.24.0-255,150,150,50,267532
23529,2.3e-05,172.31.46.0-255,66,216,50,267532
23530,3.1e-05,74.125.24.0-255,1484,1700,50,267532
23531,3.7e-05,172.31.46.0-255,66,1766,50,267532
23532,4.2e-05,74.125.24.0-255,2902,4668,50,267532
23533,5.3e-05,172.31.46.0-255,66,4734,50,267532
23534,6.1e-05,74.125.24.0-255,7156,11890,50,267532
23535,6.5e-05,172.31.46.0-255,66,11956,50,267532
23536,6.9e-05,74.125.24.0-255,2041,13997,50,267532
23537,7.2e-05,172.31.46.0-255,66,14063,50,267532
23538,7.7e-05,74.125.24.0-255,2902,16965,50,267532
23539,8e-05,172.31.46.0-255,66,17031,50,267532
23540,8.7e-05,74.125.24.0-255,7156,24187,50,267532
23541,9.1e-05,172.31.46.0-255,66,24253,50,267532
23542,0.000129,74.125.24.0-255,6797,31050,50,267532
23543,0.000132,172.31.46.0-255,66,31116,50,267532
23544,0.000255,74.125.24.0-255,1484,32600,50,267532
23545,0.000258,172.31.46.0-255,66,32666,50,267532
23546,0.000263,74.125.24.0-255,2902,35568,50,267532
23547,0.000265,172.31.46.0-255,66,35634,50,267532
23548,0.000288,74.125.24.0-255,5738,41372,50,267532
23549,0.00029,172.31.46.0-255,66,41438,50,267532
23550,0.000293,74.125.24.0-255,1484,42922,50,267532
23551,0.000295,172.31.46.0-255,66,42988,50,267532
23552,0.000341,172.31.46.0-255,66,43054,50,267532
23553,0.000355,172.31.46.0-255,66,43120,50,267532
23554,0.000358,74.125.24.0-255,1125,44245,50,267532
23555,0.00036,172.31.46.0-255,66,44311,50,267532
23556,0.000474,74.125.24.0-255,646,44957,50,267532
23557,0.000477,172.31.46.0-255,66,45023,50,267532
23558,0.000604,74.125.24.0-255,1484,46507,50,267532
23559,0.00061,74.125.24.0-255,2902,49409,50,267532
23560,0.000614,172.31.46.0-255,66,49475,50,267532
23561,0.000631,74.125.24.0-255,5738,55213,50,267532
23562,0.000634,172.31.46.0-255,66,55279,50,267532
23563,0.000663,74.125.24.0-255,6797,62076,50,267532
23564,0.000665,172.31.46.0-255,66,62142,50,267532
23565,0.000668,74.125.24.0-255,1484,63626,50,267532
23566,0.000697,74.125.24.0-255,5738,69364,50,267532
23567,0.0007,172.31.46.0-255,66,69430,50,267532
23568,0.000724,172.31.46.0-255,66,69496,50,267532
23569,0.001261,74.125.24.0-255,1484,70980,50,267532
23570,0.001266,74.125.24.0-255,1484,72464,50,267532
23571,0.001269,172.31.46.0-255,66,72530,50,267532
23572,0.001299,74.125.24.0-255,1484,74014,50,267532
23573,0.001304,74.125.24.0-255,2902,76916,50,267532
23574,0.001307,172.31.46.0-255,66,76982,50,267532
23575,0.001315,74.125.24.0-255,7156,84138,50,267532
23576,0.001317,172.31.46.0-255,66,84204,50,267532
23577,0.001358,172.31.46.0-255,66,84270,50,267532
23578,0.001385,74.125.24.0-255,2902,87172,50,267532
23579,0.001388,172.31.46.0-255,66,87238,50,267532
23580,0.001394,74.125.24.0-255,3602,90840,50,267532
23581,0.001396,172.31.46.0-255,66,90906,50,267532
23582,0.001457,74.125.24.0-255,1484,92390,50,267532
23583,0.001476,74.125.24.0-255,2902,95292,50,267532
23584,0.001479,172.31.46.0-255,66,95358,50,267532
23585,0.001487,74.125.24.0-255,5738,101096,50,267532
23586,0.001488,172.31.46.0-255,66,101162,50,267532
23587,0.001491,74.125.24.0-255,1484,102646,50,267532
23588,0.001518,74.125.24.0-255,2902,105548,50,267532
23589,0.00152,172.31.46.0-255,66,105614,50,267532
23590,0.001525,74.125.24.0-255,4320,109934,50,267532
23591,0.001527,172.31.46.0-255,66,110000,50,267532
23592,0.001552,74.125.24.0-255,7156,117156,50,267532
23593,0.001554,172.31.46.0-255,66,117222,50,267532
23594,0.001569,172.31.46.0-255,66,117288,50,267532
23595,0.001626,74.125.24.0-255,1484,118772,50,267532
23596,0.001641,74.125.24.0-255,2902,121674,50,267532
23597,0.001645,172.31.46.0-255,66,121740,50,267532
23598,0.001667,74.125.24.0-255,4320,126060,50,267532
23599,0.00167,172.31.46.0-255,66,126126,50,267532
23600,0.00168,172.31.46.0-255,66,126192,50,267532
23601,0.001716,172.31.46.0-255,66,126258,50,267532
23602,0.001743,74.125.24.0-255,4320,130578,50,267532
23603,0.001745,172.31.46.0-255,66,130644,50,267532
23604,0.001772,74.125.24.0-255,2184,132828,50,267532
23605,0.001776,172.31.46.0-255,66,132894,50,267532
23606,0.00181,74.125.24.0-255,1484,134378,50,267532
23607,0.001828,74.125.24.0-255,2902,137280,50,267532
23608,0.001831,172.31.46.0-255,66,137346,50,267532
23609,0.001837,74.125.24.0-255,5738,143084,50,267532
23610,0.001839,172.31.46.0-255,66,143150,50,267532
23611,0.001873,74.125.24.0-255,7156,150306,50,267532
23612,0.001876,172.31.46.0-255,66,150372,50,267532
23613,0.001887,172.31.46.0-255,66,150438,50,267532
23614,0.001917,74.125.24.0-255,5738,156176,50,267532
23615,0.00192,172.31.46.0-255,66,156242,50,267532
23616,0.001924,74.125.24.0-255,2184,158426,50,267532
23617,0.001926,172.31.46.0-255,66,158492,50,267532
23618,0.002043,74.125.24.0-255,1484,159976,50,267532
23619,0.002061,74.125.24.0-255,2902,162878,50,267532
23620,0.002065,172.31.46.0-255,66,162944,50,267532
23621,0.002069,74.125.24.0-255,1484,164428,50,267532
23622,0.002095,74.125.24.0-255,4320,168748,50,267532
23623,0.002098,172.31.46.0-255,66,168814,50,267532
23624,0.00214,74.125.24.0-255,5738,174552,50,267532
23625,0.002143,172.31.46.0-255,66,174618,50,267532
23626,0.002175,74.125.24.0-255,7156,181774,50,267532
23627,0.002177,172.31.46.0-255,66,181840,50,267532
23628,0.002183,74.125.24.0-255,7156,188996,50,267532
23629,0.002186,172.31.46.0-255,66,189062,50,267532
23630,0.002202,172.31.46.0-255,66,189128,50,267532
23631,0.002209,74.125.24.0-255,7156,196284,50,267532
23632,0.002211,172.31.46.0-255,66,196350,50,267532
23633,0.002257,172.31.46.0-255,66,196416,50,267532
23634,0.002262,74.125.24.0-255,3602,200018,50,267532
23635,0.002264,172.31.46.0-255,66,200084,50,267532
23636,0.002271,74.125.24.0-255,7156,207240,50,267532
23637,0.002274,172.31.46.0-255,66,207306,50,267532
23638,0.002308,172.31.46.0-255,66,207372,50,267532
23639,0.002311,74.125.24.0-255,1484,208856,50,267532
23640,0.002343,172.31.46.0-255,66,208922,50,267532
23641,0.002369,74.125.24.0-255,4320,213242,50,267532
23642,0.002371,172.31.46.0-255,66,213308,50,267532
23643,0.002412,172.31.46.0-255,66,213374,50,267532
23644,0.00243,74.125.24.0-255,4320,217694,50,267532
23645,0.002449,74.125.24.0-255,5020,222714,50,267532
23646,0.007683,172.31.46.0-255,66,222780,50,267532
23647,0.010101,74.125.24.0-255,5738,228518,50,267532
23648,0.01011,172.31.46.0-255,66,228584,50,267532
23649,0.012488,74.125.24.0-255,5738,234322,50,267532
23650,0.012497,172.31.46.0-255,66,234388,50,267532
23651,0.014891,74.125.24.0-255,5738,240126,50,267532
23652,0.014902,172.31.46.0-255,66,240192,50,267532
23653,0.017297,74.125.24.0-255,5738,245930,50,267532
23654,0.017306,172.31.46.0-255,66,245996,50,267532
23655,0.019683,74.125.24.0-255,5738,251734,50,267532
23656,0.01969,172.31.46.0-255,66,251800,50,267532
23657,0.022063,74.125.24.0-255,5738,257538,50,267532
23658,0.02207,172.31.46.0-255,66,257604,50,267532
23659,0.024473,74.125.24.0-255,5738,263342,50,267532
23660,0.024483,172.31.46.0-255,66,263408,50,267532
23661,0.026864,74.125.24.0-255,3887,267295,50,267532
23662,0.026873,172.31.46.0-255,66,267361,50,267532
23663,0.027112,172.31.46.0-255,105,267466,50,267532
23664,0.029448,74.125.24.0-255,66,267532,50,267532
23665,0.0,216.58.221.0-255,152,152,50,175491
23666,2.7e-05,172.31.46.0-255,66,218,50,175491
23667,3.4e-05,216.58.221.0-255,1484,1702,50,175491
23668,3.8e-05,172.31.46.0-255,66,1768,50,175491
23669,4.4e-05,216.58.221.0-255,2902,4670,50,175491
23670,4.7e-05,172.31.46.0-255,66,4736,50,175491
23671,5.5e-05,216.58.221.0-255,7156,11892,50,175491
23672,5.7e-05,172.31.46.0-255,66,11958,50,175491
23673,6.1e-05,216.58.221.0-255,2048,14006,50,175491
23674,6.5e-05,172.31.46.0-255,66,14072,50,175491
23675,0.000158,216.58.221.0-255,1484,15556,50,175491
23676,0.000162,172.31.46.0-255,66,15622,50,175491
23677,0.000167,216.58.221.0-255,2902,18524,50,175491
23678,0.00017,172.31.46.0-255,66,18590,50,175491
23679,0.000177,216.58.221.0-255,5738,24328,50,175491
23680,0.00018,172.31.46.0-255,66,24394,50,175491
23681,0.000211,216.58.221.0-255,6797,31191,50,175491
23682,0.000213,172.31.46.0-255,66,31257,50,175491
23683,0.000307,216.58.221.0-255,1484,32741,50,175491
23684,0.000311,172.31.46.0-255,66,32807,50,175491
23685,0.000332,216.58.221.0-255,1484,34291,50,175491
23686,0.000334,172.31.46.0-255,66,34357,50,175491
23687,0.000355,216.58.221.0-255,1484,35841,50,175491
23688,0.000357,172.31.46.0-255,66,35907,50,175491
23689,0.000364,216.58.221.0-255,5738,41645,50,175491
23690,0.000366,172.31.46.0-255,66,41711,50,175491
23691,0.000374,216.58.221.0-255,6797,48508,50,175491
23692,0.000377,172.31.46.0-255,66,48574,50,175491
23693,0.000412,216.58.221.0-255,1484,50058,50,175491
23694,0.000414,172.31.46.0-255,66,50124,50,175491
23695,0.000419,216.58.221.0-255,2902,53026,50,175491
23696,0.000422,172.31.46.0-255,66,53092,50,175491
23697,0.000427,216.58.221.0-255,4320,57412,50,175491
23698,0.00043,172.31.46.0-255,66,57478,50,175491
23699,0.000452,216.58.221.0-255,1484,58962,50,175491
23700,0.000475,216.58.221.0-255,6797,65759,50,175491
23701,0.000478,172.31.46.0-255,66,65825,50,175491
23702,0.000481,216.58.221.0-255,395,66220,50,175491
23703,0.001133,172.31.46.0-255,66,66286,50,175491
23704,0.001377,216.58.221.0-255,115,66401,50,175491
23705,0.001489,216.58.221.0-255,1484,67885,50,175491
23706,0.001495,172.31.46.0-255,66,67951,50,175491
23707,0.001502,216.58.221.0-255,2902,70853,50,175491
23708,0.001504,172.31.46.0-255,66,70919,50,175491
23709,0.001512,216.58.221.0-255,5738,76657,50,175491
23710,0.001514,172.31.46.0-255,66,76723,50,175491
23711,0.001517,216.58.221.0-255,1484,78207,50,175491
23712,0.001544,216.58.221.0-255,5379,83586,50,175491
23713,0.001547,172.31.46.0-255,66,83652,50,175491
23714,0.001577,216.58.221.0-255,5738,89390,50,175491
23715,0.00158,172.31.46.0-255,66,89456,50,175491
23716,0.0016,216.58.221.0-255,1484,90940,50,175491
23717,0.001611,172.31.46.0-255,66,91006,50,175491
23718,0.001614,216.58.221.0-255,1125,92131,50,175491
23719,0.003539,216.58.221.0-255,4320,96451,50,175491
23720,0.00355,172.31.46.0-255,66,96517,50,175491
23721,0.005488,216.58.221.0-255,5738,102255,50,175491
23722,0.005492,172.31.46.0-255,66,102321,50,175491
23723,0.007429,216.58.221.0-255,5738,108059,50,175491
23724,0.007435,172.31.46.0-255,66,108125,50,175491
23725,0.009387,216.58.221.0-255,5738,113863,50,175491
23726,0.009396,172.31.46.0-255,66,113929,50,175491
23727,0.011401,216.58.221.0-255,1484,115413,50,175491
23728,0.011418,216.58.221.0-255,4320,119733,50,175491
23729,0.011422,172.31.46.0-255,66,119799,50,175491
23730,0.013362,216.58.221.0-255,5738,125537,50,175491
23731,0.013368,172.31.46.0-255,66,125603,50,175491
23732,0.015305,216.58.221.0-255,5738,131341,50,175491
23733,0.015313,172.31.46.0-255,66,131407,50,175491
23734,0.017244,216.58.221.0-255,5738,137145,50,175491
23735,0.017251,172.31.46.0-255,66,137211,50,175491
23736,0.019187,216.58.221.0-255,5738,142949,50,175491
23737,0.019194,172.31.46.0-255,66,143015,50,175491
23738,0.021127,216.58.221.0-255,5738,148753,50,175491
23739,0.021136,172.31.46.0-255,66,148819,50,175491
23740,0.021925,172.31.46.0-255,167,148986,50,175491
23741,0.021961,172.31.46.0-255,1113,150099,50,175491
23742,0.02202,172.31.46.0-255,1514,151613,50,175491
23743,0.022022,172.31.46.0-255,332,151945,50,175491
23744,0.023073,216.58.221.0-255,5738,157683,50,175491
23745,0.02308,172.31.46.0-255,66,157749,50,175491
23746,0.023461,104.244.42.0-255,66,157815,50,175491
23747,0.023545,104.244.42.0-255,66,157881,50,175491
23748,0.023562,104.244.42.0-255,66,157947,50,175491
23749,0.025012,216.58.221.0-255,2902,160849,50,175491
23750,0.025019,172.31.46.0-255,66,160915,50,175491
23751,0.025039,216.58.221.0-255,2902,163817,50,175491
23752,0.025043,172.31.46.0-255,66,163883,50,175491
23753,0.026965,216.58.221.0-255,5738,169621,50,175491
23754,0.026972,172.31.46.0-255,66,169687,50,175491
23755,0.028904,216.58.221.0-255,5738,175425,50,175491
23756,0.028911,172.31.46.0-255,66,175491,50,175491
23757,0.0,74.125.68.0-255,150,150,50,236639
23758,1.5e-05,172.31.46.0-255,66,216,50,236639
23759,2.2e-05,74.125.68.0-255,1484,1700,50,236639
23760,2.7e-05,172.31.46.0-255,66,1766,50,236639
23761,4e-05,74.125.68.0-255,2902,4668,50,236639
23762,4.3e-05,172.31.46.0-255,66,4734,50,236639
23763,4.8e-05,74.125.68.0-255,2902,7636,50,236639
23764,5.1e-05,172.31.46.0-255,66,7702,50,236639
23765,9.3e-05,74.125.68.0-255,6302,14004,50,236639
23766,9.6e-05,172.31.46.0-255,66,14070,50,236639
23767,0.000124,74.125.68.0-255,1484,15554,50,236639
23768,0.000127,172.31.46.0-255,66,15620,50,236639
23769,0.00013,74.125.68.0-255,1484,17104,50,236639
23770,0.000132,172.31.46.0-255,66,17170,50,236639
23771,0.000159,74.125.68.0-255,1484,18654,50,236639
23772,0.000161,172.31.46.0-255,66,18720,50,236639
23773,0.000168,74.125.68.0-255,5738,24458,50,236639
23774,0.000171,172.31.46.0-255,66,24524,50,236639
23775,0.000178,74.125.68.0-255,1484,26008,50,236639
23776,0.00018,172.31.46.0-255,66,26074,50,236639
23777,0.000208,74.125.68.0-255,5379,31453,50,236639
23778,0.000215,172.31.46.0-255,66,31519,50,236639
23779,0.000647,74.125.68.0-255,1484,33003,50,236639
23780,0.000652,172.31.46.0-255,66,33069,50,236639
23781,0.000672,74.125.68.0-255,1484,34553,50,236639
23782,0.000675,172.31.46.0-255,66,34619,50,236639
23783,0.00068,74.125.68.0-255,2902,37521,50,236639
23784,0.000682,172.31.46.0-255,66,37587,50,236639
23785,0.000707,74.125.68.0-255,4320,41907,50,236639
23786,0.000709,172.31.46.0-255,66,41973,50,236639
23787,0.000729,74.125.68.0-255,1484,43457,50,236639
23788,0.000731,172.31.46.0-255,66,43523,50,236639
23789,0.000734,74.125.68.0-255,1484,45007,50,236639
23790,0.000744,74.125.68.0-255,2902,47909,50,236639
23791,0.000746,172.31.46.0-255,66,47975,50,236639
23792,0.000749,74.125.68.0-255,1484,49459,50,236639
23793,0.000782,74.125.68.0-255,5379,54838,50,236639
23794,0.000785,172.31.46.0-255,66,54904,50,236639
23795,0.000793,74.125.68.0-255,7156,62060,50,236639
23796,0.000795,172.31.46.0-255,66,62126,50,236639
23797,0.000844,74.125.68.0-255,4275,66401,50,236639
23798,0.000848,172.31.46.0-255,66,66467,50,236639
23799,0.000851,74.125.68.0-255,112,66579,50,236639
23800,0.000999,74.125.68.0-255,1484,68063,50,236639
23801,0.001003,172.31.46.0-255,66,68129,50,236639
23802,0.001008,74.125.68.0-255,2902,71031,50,236639
23803,0.00101,172.31.46.0-255,66,71097,50,236639
23804,0.001037,74.125.68.0-255,4320,75417,50,236639
23805,0.001041,172.31.46.0-255,66,75483,50,236639
23806,0.001074,172.31.46.0-255,66,75549,50,236639
23807,0.001078,74.125.68.0-255,2902,78451,50,236639
23808,0.00108,172.31.46.0-255,66,78517,50,236639
23809,0.001118,74.125.68.0-255,5738,84255,50,236639
23810,0.001121,172.31.46.0-255,66,84321,50,236639
23811,0.001144,74.125.68.0-255,7156,91477,50,236639
23812,0.001147,172.31.46.0-255,66,91543,50,236639
23813,0.00115,74.125.68.0-255,766,92309,50,236639
23814,0.0012,74.125.68.0-255,1746,94055,50,236639
23815,0.001203,172.31.46.0-255,66,94121,50,236639
23816,0.001231,74.125.68.0-255,2902,97023,50,236639
23817,0.001234,172.31.46.0-255,66,97089,50,236639
23818,0.00124,74.125.68.0-255,4320,101409,50,236639
23819,0.001242,172.31.46.0-255,66,101475,50,236639
23820,0.001272,74.125.68.0-255,4320,105795,50,236639
23821,0.001274,172.31.46.0-255,66,105861,50,236639
23822,0.001302,74.125.68.0-255,5738,111599,50,236639
23823,0.001306,172.31.46.0-255,66,111665,50,236639
23824,0.001342,172.31.46.0-255,66,111731,50,236639
23825,0.001377,74.125.68.0-255,6438,118169,50,236639
23826,0.00138,172.31.46.0-255,66,118235,50,236639
23827,0.001416,74.125.68.0-255,1484,119719,50,236639
23828,0.00142,74.125.68.0-255,1484,121203,50,236639
23829,0.001423,172.31.46.0-255,66,121269,50,236639
23830,0.001434,74.125.68.0-255,1484,122753,50,236639
23831,0.001444,74.125.68.0-255,4320,127073,50,236639
23832,0.001447,172.31.46.0-255,66,127139,50,236639
23833,0.001464,74.125.68.0-255,1484,128623,50,236639
23834,0.001467,74.125.68.0-255,1484,130107,50,236639
23835,0.00147,172.31.46.0-255,66,130173,50,236639
23836,0.001523,172.31.46.0-255,66,130239,50,236639
23837,0.001548,172.31.46.0-255,66,130305,50,236639
23838,0.001551,74.125.68.0-255,1484,131789,50,236639
23839,0.001554,74.125.68.0-255,766,132555,50,236639
23840,0.001556,172.31.46.0-255,66,132621,50,236639
23841,0.001649,74.125.68.0-255,1484,134105,50,236639
23842,0.001655,74.125.68.0-255,2902,137007,50,236639
23843,0.001658,172.31.46.0-255,66,137073,50,236639
23844,0.001688,74.125.68.0-255,4320,141393,50,236639
23845,0.001691,172.31.46.0-255,66,141459,50,236639
23846,0.001697,74.125.68.0-255,5738,147197,50,236639
23847,0.0017,172.31.46.0-255,66,147263,50,236639
23848,0.001731,172.31.46.0-255,66,147329,50,236639
23849,0.001735,74.125.68.0-255,2902,150231,50,236639
23850,0.001738,172.31.46.0-255,66,150297,50,236639
23851,0.00178,74.125.68.0-255,5020,155317,50,236639
23852,0.001784,172.31.46.0-255,66,155383,50,236639
23853,0.003758,74.125.68.0-255,5738,161121,50,236639
23854,0.003766,172.31.46.0-255,66,161187,50,236639
23855,0.005741,74.125.68.0-255,5738,166925,50,236639
23856,0.005747,172.31.46.0-255,66,166991,50,236639
23857,0.007721,74.125.68.0-255,5738,172729,50,236639
23858,0.007726,172.31.46.0-255,66,172795,50,236639
23859,0.009691,74.125.68.0-255,5738,178533,50,236639
23860,0.009698,172.31.46.0-255,66,178599,50,236639
23861,0.011686,74.125.68.0-255,5738,184337,50,236639
23862,0.011695,172.31.46.0-255,66,184403,50,236639
23863,0.013686,74.125.68.0-255,5738,190141,50,236639
23864,0.013695,172.31.46.0-255,66,190207,50,236639
23865,0.0157,74.125.68.0-255,5738,195945,50,236639
23866,0.015709,172.31.46.0-255,66,196011,50,236639
23867,0.017684,74.125.68.0-255,5738,201749,50,236639
23868,0.017691,172.31.46.0-255,66,201815,50,236639
23869,0.019672,74.125.68.0-255,5738,207553,50,236639
23870,0.01968,172.31.46.0-255,66,207619,50,236639
23871,0.021677,74.125.68.0-255,5738,213357,50,236639
23872,0.021685,172.31.46.0-255,66,213423,50,236639
23873,0.023664,74.125.68.0-255,5738,219161,50,236639
23874,0.023671,172.31.46.0-255,66,219227,50,236639
23875,0.025646,74.125.68.0-255,5738,224965,50,236639
23876,0.025654,172.31.46.0-255,66,225031,50,236639
23877,0.02762,74.125.68.0-255,5738,230769,50,236639
23878,0.027628,172.31.46.0-255,66,230835,50,236639
23879,0.029596,74.125.68.0-255,5738,236573,50,236639
23880,0.029603,172.31.46.0-255,66,236639,50,236639
23881,0.0,74.125.130.0-255,296,296,50,244521
23882,1.6e-05,172.31.46.0-255,66,362,50,244521
23883,2.3e-05,74.125.130.0-255,1484,1846,50,244521
23884,2.6e-05,172.31.46.0-255,66,1912,50,244521
23885,4.8e-05,74.125.130.0-255,1484,3396,50,244521
23886,5e-05,172.31.46.0-255,66,3462,50,244521
23887,5.5e-05,74.125.130.0-255,2902,6364,50,244521
23888,5.7e-05,172.31.46.0-255,66,6430,50,244521
23889,8e-05,74.125.130.0-255,1484,7914,50,244521
23890,8.2e-05,172.31.46.0-255,66,7980,50,244521
23891,0.0001,74.125.130.0-255,4320,12300,50,244521
23892,0.000102,172.31.46.0-255,66,12366,50,244521
23893,0.000129,74.125.130.0-255,5996,18362,50,244521
23894,0.000131,172.31.46.0-255,66,18428,50,244521
23895,0.000135,74.125.130.0-255,2902,21330,50,244521
23896,0.000138,172.31.46.0-255,66,21396,50,244521
23897,0.000151,74.125.130.0-255,4320,25716,50,244521
23898,0.000154,172.31.46.0-255,66,25782,50,244521
23899,0.000185,74.125.130.0-255,1484,27266,50,244521
23900,0.000187,172.31.46.0-255,66,27332,50,244521
23901,0.000199,74.125.130.0-255,3961,31293,50,244521
23902,0.000201,172.31.46.0-255,66,31359,50,244521
23903,0.000303,74.125.130.0-255,1484,32843,50,244521
23904,0.000306,172.31.46.0-255,66,32909,50,244521
23905,0.000311,74.125.130.0-255,2902,35811,50,244521
23906,0.000314,172.31.46.0-255,66,35877,50,244521
23907,0.000325,74.125.130.0-255,1484,37361,50,244521
23908,0.000326,172.31.46.0-255,66,37427,50,244521
23909,0.000339,74.125.130.0-255,4320,41747,50,244521
23910,0.000341,172.31.46.0-255,66,41813,50,244521
23911,0.000343,74.125.130.0-255,1484,43297,50,244521
23912,0.000345,172.31.46.0-255,66,43363,50,244521
23913,0.000366,74.125.130.0-255,1484,44847,50,244521
23914,0.000372,74.125.130.0-255,4320,49167,50,244521
23915,0.000374,172.31.46.0-255,66,49233,50,244521
23916,0.000387,74.125.130.0-255,2902,52135,50,244521
23917,0.00039,172.31.46.0-255,66,52201,50,244521
23918,0.0004,74.125.130.0-255,1484,53685,50,244521
23919,0.000405,74.125.130.0-255,2902,56587,50,244521
23920,0.000407,172.31.46.0-255,66,56653,50,244521
23921,0.000421,74.125.130.0-255,2902,59555,50,244521
23922,0.000423,172.31.46.0-255,66,59621,50,244521
23923,0.000445,74.125.130.0-255,2902,62523,50,244521
23924,0.000447,172.31.46.0-255,66,62589,50,244521
23925,0.000468,74.125.130.0-255,3602,66191,50,244521
23926,0.00047,172.31.46.0-255,66,66257,50,244521
23927,0.000493,74.125.130.0-255,341,66598,50,244521
23928,0.000515,74.125.130.0-255,113,66711,50,244521
23929,0.000763,74.125.130.0-255,1484,68195,50,244521
23930,0.000767,172.31.46.0-255,66,68261,50,244521
23931,0.000771,74.125.130.0-255,2902,71163,50,244521
23932,0.000773,172.31.46.0-255,66,71229,50,244521
23933,0.000794,74.125.130.0-255,2902,74131,50,244521
23934,0.000796,172.31.46.0-255,66,74197,50,244521
23935,0.00082,74.125.130.0-255,2902,77099,50,244521
23936,0.000822,172.31.46.0-255,66,77165,50,244521
23937,0.000826,74.125.130.0-255,2902,80067,50,244521
23938,0.000828,172.31.46.0-255,66,80133,50,244521
23939,0.000835,74.125.130.0-255,7156,87289,50,244521
23940,0.000837,172.31.46.0-255,66,87355,50,244521
23941,0.000858,74.125.130.0-255,2902,90257,50,244521
23942,0.00086,172.31.46.0-255,66,90323,50,244521
23943,0.000864,74.125.130.0-255,2902,93225,50,244521
23944,0.000866,172.31.46.0-255,66,93291,50,244521
23945,0.000879,74.125.130.0-255,4320,97611,50,244521
23946,0.000881,172.31.46.0-255,66,97677,50,244521
23947,0.0009,74.125.130.0-255,3602,101279,50,244521
23948,0.000903,172.31.46.0-255,66,101345,50,244521
23949,0.001331,74.125.130.0-255,1484,102829,50,244521
23950,0.001347,74.125.130.0-255,2902,105731,50,244521
23951,0.001351,172.31.46.0-255,66,105797,50,244521
23952,0.001385,74.125.130.0-255,1484,107281,50,244521
23953,0.001389,74.125.130.0-255,2902,110183,50,244521
23954,0.001391,172.31.46.0-255,66,110249,50,244521
23955,0.001406,74.125.130.0-255,1484,111733,50,244521
23956,0.001431,74.125.130.0-255,2902,114635,50,244521
23957,0.001434,172.31.46.0-255,66,114701,50,244521
23958,0.001453,74.125.130.0-255,5738,120439,50,244521
23959,0.001455,172.31.46.0-255,66,120505,50,244521
23960,0.001505,74.125.130.0-255,4320,124825,50,244521
23961,0.001508,172.31.46.0-255,66,124891,50,244521
23962,0.001523,74.125.130.0-255,2902,127793,50,244521
23963,0.001525,172.31.46.0-255,66,127859,50,244521
23964,0.001555,74.125.130.0-255,1484,129343,50,244521
23965,0.001569,74.125.130.0-255,5738,135081,50,244521
23966,0.001572,172.31.46.0-255,66,135147,50,244521
23967,0.001594,74.125.130.0-255,766,135913,50,244521
23968,0.001721,172.31.46.0-255,66,135979,50,244521
23969,0.00191,74.125.130.0-255,1484,137463,50,244521
23970,0.001918,74.125.130.0-255,1484,138947,50,244521
23971,0.001921,172.31.46.0-255,66,139013,50,244521
23972,0.001942,74.125.130.0-255,1484,140497,50,244521
23973,0.00195,74.125.130.0-255,5738,146235,50,244521
23974,0.001953,172.31.46.0-255,66,146301,50,244521
23975,0.001956,74.125.130.0-255,1484,147785,50,244521
23976,0.001979,74.125.130.0-255,5738,153523,50,244521
23977,0.001982,172.31.46.0-255,66,153589,50,244521
23978,0.001989,74.125.130.0-255,7156,160745,50,244521
23979,0.001991,172.31.46.0-255,66,160811,50,244521
23980,0.002018,74.125.130.0-255,1484,162295,50,244521
23981,0.002025,74.125.130.0-255,5738,168033,50,244521
23982,0.002028,172.31.46.0-255,66,168099,50,244521
23983,0.002072,74.125.130.0-255,2184,170283,50,244521
23984,0.002074,172.31.46.0-255,66,170349,50,244521
23985,0.004269,74.125.130.0-255,2902,173251,50,244521
23986,0.004276,172.31.46.0-255,66,173317,50,244521
23987,0.004298,74.125.130.0-255,2902,176219,50,244521
23988,0.0043,172.31.46.0-255,66,176285,50,244521
23989,0.006529,74.125.130.0-255,2902,179187,50,244521
23990,0.006535,172.31.46.0-255,66,179253,50,244521
23991,0.006552,74.125.130.0-255,2902,182155,50,244521
23992,0.006554,172.31.46.0-255,66,182221,50,244521
23993,0.008789,74.125.130.0-255,5738,187959,50,244521
23994,0.008796,172.31.46.0-255,66,188025,50,244521
23995,0.011048,74.125.130.0-255,5738,193763,50,244521
23996,0.011056,172.31.46.0-255,66,193829,50,244521
23997,0.013311,74.125.130.0-255,5738,199567,50,244521
23998,0.01332,172.31.46.0-255,66,199633,50,244521
23999,0.015573,74.125.130.0-255,5738,205371,50,244521
24000,0.015583,172.31.46.0-255,66,205437,50,244521
24001,0.017831,74.125.130.0-255,5738,211175,50,244521
24002,0.017839,172.31.46.0-255,66,211241,50,244521
24003,0.017911,172.31.46.0-255,101,211342,50,244521
24004,0.020084,74.125.130.0-255,5738,217080,50,244521
24005,0.020093,172.31.46.0-255,66,217146,50,244521
24006,0.020114,74.125.130.0-255,66,217212,50,244521
24007,0.022342,74.125.130.0-255,5738,222950,50,244521
24008,0.02235,172.31.46.0-255,66,223016,50,244521
24009,0.024606,74.125.130.0-255,5738,228754,50,244521
24010,0.024614,172.31.46.0-255,66,228820,50,244521
24011,0.026875,74.125.130.0-255,5738,234558,50,244521
24012,0.026884,172.31.46.0-255,66,234624,50,244521
24013,0.029132,74.125.130.0-255,5738,240362,50,244521
24014,0.029141,172.31.46.0-255,66,240428,50,244521
24015,0.029675,172.31.46.0-255,172,240600,50,244521
24016,0.029709,172.31.46.0-255,1108,241708,50,244521
24017,0.029765,172.31.46.0-255,1514,243222,50,244521
24018,0.029767,172.31.46.0-255,1299,244521,50,244521
24019,0.0,74.125.68.0-255,153,153,50,213098
24020,2e-05,172.31.46.0-255,66,219,50,213098
24021,2.8e-05,74.125.68.0-255,1484,1703,50,213098
24022,3.2e-05,172.31.46.0-255,66,1769,50,213098
24023,3.7e-05,74.125.68.0-255,2902,4671,50,213098
24024,4.8e-05,172.31.46.0-255,66,4737,50,213098
24025,5.5e-05,74.125.68.0-255,5738,10475,50,213098
24026,5.9e-05,172.31.46.0-255,66,10541,50,213098
24027,9.4e-05,74.125.68.0-255,3356,13897,50,213098
24028,9.7e-05,172.31.46.0-255,66,13963,50,213098
24029,0.000105,74.125.68.0-255,4320,18283,50,213098
24030,0.000114,172.31.46.0-255,66,18349,50,213098
24031,0.000139,74.125.68.0-255,4320,22669,50,213098
24032,0.000142,172.31.46.0-255,66,22735,50,213098
24033,0.000149,74.125.68.0-255,5738,28473,50,213098
24034,0.000151,172.31.46.0-255,66,28539,50,213098
24035,0.000185,74.125.68.0-255,2543,31082,50,213098
24036,0.000187,172.31.46.0-255,66,31148,50,213098
24037,0.001159,74.125.68.0-255,1484,32632,50,213098
24038,0.001167,172.31.46.0-255,66,32698,50,213098
24039,0.001175,74.125.68.0-255,2902,35600,50,213098
24040,0.001177,172.31.46.0-255,66,35666,50,213098
24041,0.001187,74.125.68.0-255,2902,38568,50,213098
24042,0.001189,172.31.46.0-255,66,38634,50,213098
24043,0.001195,74.125.68.0-255,4320,42954,50,213098
24044,0.001198,172.31.46.0-255,66,43020,50,213098
24045,0.001228,74.125.68.0-255,1484,44504,50,213098
24046,0.00123,172.31.46.0-255,66,44570,50,213098
24047,0.001263,74.125.68.0-255,7156,51726,50,213098
24048,0.001266,172.31.46.0-255,66,51792,50,213098
24049,0.001282,172.31.46.0-255,66,51858,50,213098
24050,0.001309,74.125.68.0-255,3602,55460,50,213098
24051,0.001312,172.31.46.0-255,66,55526,50,213098
24052,0.001592,74.125.68.0-255,415,55941,50,213098
24053,0.001638,74.125.68.0-255,1484,57425,50,213098
24054,0.001641,172.31.46.0-255,66,57491,50,213098
24055,0.001669,74.125.68.0-255,2902,60393,50,213098
24056,0.001672,172.31.46.0-255,66,60459,50,213098
24057,0.001676,74.125.68.0-255,1484,61943,50,213098
24058,0.001696,74.125.68.0-255,2902,64845,50,213098
24059,0.001699,172.31.46.0-255,66,64911,50,213098
24060,0.00173,74.125.68.0-255,1484,66395,50,213098
24061,0.001743,74.125.68.0-255,2902,69297,50,213098
24062,0.001746,172.31.46.0-255,66,69363,50,213098
24063,0.001772,74.125.68.0-255,1484,70847,50,213098
24064,0.001774,74.125.68.0-255,1484,72331,50,213098
24065,0.001776,172.31.46.0-255,66,72397,50,213098
24066,0.001788,74.125.68.0-255,2902,75299,50,213098
24067,0.001794,172.31.46.0-255,66,75365,50,213098
24068,0.001818,74.125.68.0-255,5738,81103,50,213098
24069,0.001821,172.31.46.0-255,66,81169,50,213098
24070,0.001823,74.125.68.0-255,1484,82653,50,213098
24071,0.001843,74.125.68.0-255,2902,85555,50,213098
24072,0.001845,172.31.46.0-255,66,85621,50,213098
24073,0.001862,74.125.68.0-255,5020,90641,50,213098
24074,0.001864,172.31.46.0-255,66,90707,50,213098
24075,0.002026,74.125.68.0-255,1484,92191,50,213098
24076,0.002029,74.125.68.0-255,1484,93675,50,213098
24077,0.002031,172.31.46.0-255,66,93741,50,213098
24078,0.002054,74.125.68.0-255,1484,95225,50,213098
24079,0.002084,74.125.68.0-255,4320,99545,50,213098
24080,0.002086,172.31.46.0-255,66,99611,50,213098
24081,0.002111,74.125.68.0-255,1484,101095,50,213098
24082,0.002114,74.125.68.0-255,1484,102579,50,213098
24083,0.002116,172.31.46.0-255,66,102645,50,213098
24084,0.002138,74.125.68.0-255,2902,105547,50,213098
24085,0.00214,172.31.46.0-255,66,105613,50,213098
24086,0.002177,74.125.68.0-255,2902,108515,50,213098
24087,0.002179,172.31.46.0-255,66,108581,50,213098
24088,0.002206,74.125.68.0-255,7156,115737,50,213098
24089,0.002209,172.31.46.0-255,66,115803,50,213098
24090,0.002215,74.125.68.0-255,7156,122959,50,213098
24091,0.002217,172.31.46.0-255,66,123025,50,213098
24092,0.00224,74.125.68.0-255,2184,125209,50,213098
24093,0.002242,172.31.46.0-255,66,125275,50,213098
24094,0.002272,74.125.68.0-255,2902,128177,50,213098
24095,0.002274,172.31.46.0-255,66,128243,50,213098
24096,0.002296,74.125.68.0-255,2902,131145,50,213098
24097,0.002299,172.31.46.0-255,66,131211,50,213098
24098,0.002328,74.125.68.0-255,2902,134113,50,213098
24099,0.00233,172.31.46.0-255,66,134179,50,213098
24100,0.002334,74.125.68.0-255,4320,138499,50,213098
24101,0.002338,172.31.46.0-255,66,138565,50,213098
24102,0.00456,74.125.68.0-255,1484,140049,50,213098
24103,0.004566,74.125.68.0-255,4320,144369,50,213098
24104,0.00457,172.31.46.0-255,66,144435,50,213098
24105,0.006808,74.125.68.0-255,5738,150173,50,213098
24106,0.006814,172.31.46.0-255,66,150239,50,213098
24107,0.009061,74.125.68.0-255,5738,155977,50,213098
24108,0.009069,172.31.46.0-255,66,156043,50,213098
24109,0.011308,74.125.68.0-255,5738,161781,50,213098
24110,0.011315,172.31.46.0-255,66,161847,50,213098
24111,0.013565,74.125.68.0-255,5738,167585,50,213098
24112,0.013576,172.31.46.0-255,66,167651,50,213098
24113,0.015823,74.125.68.0-255,5738,173389,50,213098
24114,0.015832,172.31.46.0-255,66,173455,50,213098
24115,0.018083,74.125.68.0-255,5738,179193,50,213098
24116,0.018091,172.31.46.0-255,66,179259,50,213098
24117,0.020575,74.125.68.0-255,5738,184997,50,213098
24118,0.020582,172.31.46.0-255,66,185063,50,213098
24119,0.022836,74.125.68.0-255,2902,187965,50,213098
24120,0.022844,172.31.46.0-255,66,188031,50,213098
24121,0.022874,74.125.68.0-255,2902,190933,50,213098
24122,0.022876,172.31.46.0-255,66,190999,50,213098
24123,0.025099,74.125.68.0-255,2902,193901,50,213098
24124,0.025105,172.31.46.0-255,66,193967,50,213098
24125,0.025142,74.125.68.0-255,2902,196869,50,213098
24126,0.025145,172.31.46.0-255,66,196935,50,213098
24127,0.027334,74.125.68.0-255,2902,199837,50,213098
24128,0.027341,172.31.46.0-255,66,199903,50,213098
24129,0.027371,74.125.68.0-255,2902,202805,50,213098
24130,0.027374,172.31.46.0-255,66,202871,50,213098
24131,0.027451,172.31.46.0-255,172,203043,50,213098
24132,0.027476,172.31.46.0-255,1112,204155,50,213098
24133,0.027583,172.31.46.0-255,1514,205669,50,213098
24134,0.027585,172.31.46.0-255,1295,206964,50,213098
24135,0.029017,104.244.42.0-255,66,207030,50,213098
24136,0.029114,104.244.42.0-255,66,207096,50,213098
24137,0.029168,104.244.42.0-255,66,207162,50,213098
24138,0.02958,74.125.68.0-255,2902,210064,50,213098
24139,0.029583,172.31.46.0-255,66,210130,50,213098
24140,0.02961,74.125.68.0-255,2902,213032,50,213098
24141,0.029613,172.31.46.0-255,66,213098,50,213098
24142,0.0,172.217.194.0-255,146,146,50,193168
24143,2.3e-05,172.31.46.0-255,66,212,50,193168
24144,3.1e-05,172.217.194.0-255,1484,1696,50,193168
24145,3.6e-05,172.31.46.0-255,66,1762,50,193168
24146,4.2e-05,172.217.194.0-255,2902,4664,50,193168
24147,5.3e-05,172.31.46.0-255,66,4730,50,193168
24148,6.1e-05,172.217.194.0-255,7156,11886,50,193168
24149,6.4e-05,172.31.46.0-255,66,11952,50,193168
24150,6.8e-05,172.217.194.0-255,2139,14091,50,193168
24151,7e-05,172.31.46.0-255,66,14157,50,193168
24152,0.000104,172.217.194.0-255,5738,19895,50,193168
24153,0.000107,172.31.46.0-255,66,19961,50,193168
24154,0.000113,172.217.194.0-255,4320,24281,50,193168
24155,0.000115,172.31.46.0-255,66,24347,50,193168
24156,0.000139,172.217.194.0-255,2902,27249,50,193168
24157,0.000141,172.31.46.0-255,66,27315,50,193168
24158,0.000147,172.217.194.0-255,3961,31276,50,193168
24159,0.00015,172.31.46.0-255,66,31342,50,193168
24160,0.0002,172.217.194.0-255,1484,32826,50,193168
24161,0.000202,172.31.46.0-255,66,32892,50,193168
24162,0.000207,172.217.194.0-255,2902,35794,50,193168
24163,0.000208,172.31.46.0-255,66,35860,50,193168
24164,0.000235,172.217.194.0-255,5738,41598,50,193168
24165,0.000237,172.31.46.0-255,66,41664,50,193168
24166,0.000271,172.31.46.0-255,66,41730,50,193168
24167,0.000302,172.217.194.0-255,7156,48886,50,193168
24168,0.000305,172.31.46.0-255,66,48952,50,193168
24169,0.000323,172.217.194.0-255,2849,51801,50,193168
24170,0.000325,172.31.46.0-255,66,51867,50,193168
24171,0.000383,172.217.194.0-255,382,52249,50,193168
24172,0.000387,172.31.46.0-255,66,52315,50,193168
24173,0.000747,172.217.194.0-255,1484,53799,50,193168
24174,0.000752,172.31.46.0-255,66,53865,50,193168
24175,0.000758,172.217.194.0-255,2902,56767,50,193168
24176,0.00076,172.31.46.0-255,66,56833,50,193168
24177,0.000765,172.217.194.0-255,2902,59735,50,193168
24178,0.000772,172.31.46.0-255,66,59801,50,193168
24179,0.000807,172.217.194.0-255,2902,62703,50,193168
24180,0.000811,172.31.46.0-255,66,62769,50,193168
24181,0.000824,172.31.46.0-255,66,62835,50,193168
24182,0.000836,172.31.46.0-255,66,62901,50,193168
24183,0.001188,172.217.194.0-255,1484,64385,50,193168
24184,0.001193,172.31.46.0-255,66,64451,50,193168
24185,0.001198,172.217.194.0-255,2902,67353,50,193168
24186,0.001201,172.31.46.0-255,66,67419,50,193168
24187,0.001212,172.217.194.0-255,5738,73157,50,193168
24188,0.001214,172.31.46.0-255,66,73223,50,193168
24189,0.001221,172.217.194.0-255,5738,78961,50,193168
24190,0.001223,172.31.46.0-255,66,79027,50,193168
24191,0.001257,172.31.46.0-255,66,79093,50,193168
24192,0.001289,172.217.194.0-255,5020,84113,50,193168
24193,0.001292,172.31.46.0-255,66,84179,50,193168
24194,0.001345,172.217.194.0-255,1484,85663,50,193168
24195,0.001349,172.217.194.0-255,2902,88565,50,193168
24196,0.001354,172.217.194.0-255,5738,94303,50,193168
24197,0.001358,172.31.46.0-255,66,94369,50,193168
24198,0.001361,172.31.46.0-255,66,94435,50,193168
24199,0.001364,172.31.46.0-255,66,94501,50,193168
24200,0.001389,172.31.46.0-255,66,94567,50,193168
24201,0.001401,172.31.46.0-255,66,94633,50,193168
24202,0.001427,172.217.194.0-255,766,95399,50,193168
24203,0.00143,172.31.46.0-255,66,95465,50,193168
24204,0.001497,172.217.194.0-255,1484,96949,50,193168
24205,0.001501,172.31.46.0-255,66,97015,50,193168
24206,0.001506,172.217.194.0-255,2902,99917,50,193168
24207,0.001509,172.31.46.0-255,66,99983,50,193168
24208,0.00152,172.217.194.0-255,5738,105721,50,193168
24209,0.001522,172.31.46.0-255,66,105787,50,193168
24210,0.001526,172.217.194.0-255,2902,108689,50,193168
24211,0.001528,172.31.46.0-255,66,108755,50,193168
24212,0.001553,172.217.194.0-255,5738,114493,50,193168
24213,0.001556,172.31.46.0-255,66,114559,50,193168
24214,0.001595,172.31.46.0-255,66,114625,50,193168
24215,0.001616,172.217.194.0-255,5020,119645,50,193168
24216,0.001619,172.31.46.0-255,66,119711,50,193168
24217,0.001621,172.217.194.0-255,1484,121195,50,193168
24218,0.001623,172.31.46.0-255,66,121261,50,193168
24219,0.001627,172.217.194.0-255,1484,122745,50,193168
24220,0.001629,172.31.46.0-255,66,122811,50,193168
24221,0.001659,172.217.194.0-255,1484,124295,50,193168
24222,0.001661,172.31.46.0-255,66,124361,50,193168
24223,0.001668,172.217.194.0-255,5738,130099,50,193168
24224,0.001671,172.31.46.0-255,66,130165,50,193168
24225,0.001684,172.31.46.0-255,66,130231,50,193168
24226,0.001716,172.217.194.0-255,1484,131715,50,193168
24227,0.001719,172.31.46.0-255,66,131781,50,193168
24228,0.001731,172.31.46.0-255,66,131847,50,193168
24229,0.001878,172.217.194.0-255,1484,133331,50,193168
24230,0.001885,172.217.194.0-255,2902,136233,50,193168
24231,0.001888,172.31.46.0-255,66,136299,50,193168
24232,0.001922,172.217.194.0-255,5738,142037,50,193168
24233,0.001925,172.31.46.0-255,66,142103,50,193168
24234,0.001957,172.31.46.0-255,66,142169,50,193168
24235,0.002011,172.31.46.0-255,66,142235,50,193168
24236,0.002017,172.217.194.0-255,5738,147973,50,193168
24237,0.002019,172.31.46.0-255,66,148039,50,193168
24238,0.002063,172.217.194.0-255,5738,153777,50,193168
24239,0.002067,172.31.46.0-255,66,153843,50,193168
24240,0.002079,172.31.46.0-255,66,153909,50,193168
24241,0.002124,172.31.46.0-255,66,153975,50,193168
24242,0.002149,172.217.194.0-255,1484,155459,50,193168
24243,0.002153,172.217.194.0-255,1484,156943,50,193168
24244,0.002155,172.31.46.0-255,66,157009,50,193168
24245,0.002181,172.217.194.0-255,1484,158493,50,193168
24246,0.002187,172.217.194.0-255,5738,164231,50,193168
24247,0.002189,172.31.46.0-255,66,164297,50,193168
24248,0.002199,172.31.46.0-255,66,164363,50,193168
24249,0.002275,172.31.46.0-255,66,164429,50,193168
24250,0.002278,172.217.194.0-255,1484,165913,50,193168
24251,0.002312,172.31.46.0-255,66,165979,50,193168
24252,0.002325,172.31.46.0-255,66,166045,50,193168
24253,0.00236,172.217.194.0-255,4320,170365,50,193168
24254,0.002362,172.31.46.0-255,66,170431,50,193168
24255,0.002417,172.31.46.0-255,66,170497,50,193168
24256,0.004737,172.217.194.0-255,5738,176235,50,193168
24257,0.004744,172.31.46.0-255,66,176301,50,193168
24258,0.007053,172.217.194.0-255,5738,182039,50,193168
24259,0.00706,172.31.46.0-255,66,182105,50,193168
24260,0.009398,172.217.194.0-255,5738,187843,50,193168
24261,0.009405,172.31.46.0-255,66,187909,50,193168
24262,0.011731,172.217.194.0-255,5022,192931,50,193168
24263,0.011737,172.31.46.0-255,66,192997,50,193168
24264,0.012031,172.31.46.0-255,105,193102,50,193168
24265,0.014327,172.217.194.0-255,66,193168,50,193168
24266,0.0,74.125.24.0-255,152,152,50,205872
24267,1.5e-05,172.31.46.0-255,66,218,50,205872
24268,2.2e-05,74.125.24.0-255,1484,1702,50,205872
24269,2.7e-05,172.31.46.0-255,66,1768,50,205872
24270,3.9e-05,74.125.24.0-255,2902,4670,50,205872
24271,4.2e-05,172.31.46.0-255,66,4736,50,205872
24272,5e-05,74.125.24.0-255,7156,11892,50,205872
24273,5.3e-05,172.31.46.0-255,66,11958,50,205872
24274,9.3e-05,172.31.46.0-255,66,12024,50,205872
24275,0.000111,172.31.46.0-255,66,12090,50,205872
24276,0.000178,74.125.24.0-255,1484,13574,50,205872
24277,0.000181,172.31.46.0-255,66,13640,50,205872
24278,0.000186,74.125.24.0-255,2902,16542,50,205872
24279,0.000188,172.31.46.0-255,66,16608,50,205872
24280,0.000218,74.125.24.0-255,5738,22346,50,205872
24281,0.000222,172.31.46.0-255,66,22412,50,205872
24282,0.000229,74.125.24.0-255,6797,29209,50,205872
24283,0.000231,172.31.46.0-255,66,29275,50,205872
24284,0.000268,172.31.46.0-255,66,29341,50,205872
24285,0.000272,74.125.24.0-255,2856,32197,50,205872
24286,0.000274,172.31.46.0-255,66,32263,50,205872
24287,0.00029,74.125.24.0-255,108,32371,50,205872
24288,0.000292,172.31.46.0-255,66,32437,50,205872
24289,0.000295,74.125.24.0-255,331,32768,50,205872
24290,0.000297,172.31.46.0-255,66,32834,50,205872
24291,0.000626,74.125.24.0-255,1484,34318,50,205872
24292,0.000632,172.31.46.0-255,66,34384,50,205872
24293,0.000639,74.125.24.0-255,2902,37286,50,205872
24294,0.000642,172.31.46.0-255,66,37352,50,205872
24295,0.000653,74.125.24.0-255,5738,43090,50,205872
24296,0.000656,172.31.46.0-255,66,43156,50,205872
24297,0.000686,74.125.24.0-255,5738,48894,50,205872
24298,0.000693,172.31.46.0-255,66,48960,50,205872
24299,0.000721,74.125.24.0-255,7156,56116,50,205872
24300,0.000724,172.31.46.0-255,66,56182,50,205872
24301,0.000729,74.125.24.0-255,2902,59084,50,205872
24302,0.000731,172.31.46.0-255,66,59150,50,205872
24303,0.000764,172.31.46.0-255,66,59216,50,205872
24304,0.000807,74.125.24.0-255,1484,60700,50,205872
24305,0.000823,74.125.24.0-255,2902,63602,50,205872
24306,0.000825,172.31.46.0-255,66,63668,50,205872
24307,0.000829,74.125.24.0-255,1484,65152,50,205872
24308,0.000854,74.125.24.0-255,4320,69472,50,205872
24309,0.000857,172.31.46.0-255,66,69538,50,205872
24310,0.000863,74.125.24.0-255,4320,73858,50,205872
24311,0.000865,172.31.46.0-255,66,73924,50,205872
24312,0.000897,172.31.46.0-255,66,73990,50,205872
24313,0.000939,172.31.46.0-255,66,74056,50,205872
24314,0.001207,74.125.24.0-255,1484,75540,50,205872
24315,0.001214,74.125.24.0-255,2902,78442,50,205872
24316,0.001217,172.31.46.0-255,66,78508,50,205872
24317,0.001223,74.125.24.0-255,4320,82828,50,205872
24318,0.001225,172.31.46.0-255,66,82894,50,205872
24319,0.00123,74.125.24.0-255,4320,87214,50,205872
24320,0.001233,172.31.46.0-255,66,87280,50,205872
24321,0.001269,74.125.24.0-255,4320,91600,50,205872
24322,0.001272,172.31.46.0-255,66,91666,50,205872
24323,0.001277,74.125.24.0-255,2902,94568,50,205872
24324,0.001279,172.31.46.0-255,66,94634,50,205872
24325,0.001329,172.31.46.0-255,66,94700,50,205872
24326,0.001404,74.125.24.0-255,1484,96184,50,205872
24327,0.001417,74.125.24.0-255,2902,99086,50,205872
24328,0.001421,172.31.46.0-255,66,99152,50,205872
24329,0.001424,74.125.24.0-255,1484,100636,50,205872
24330,0.001451,74.125.24.0-255,4320,104956,50,205872
24331,0.001454,172.31.46.0-255,66,105022,50,205872
24332,0.001465,172.31.46.0-255,66,105088,50,205872
24333,0.001475,74.125.24.0-255,4320,109408,50,205872
24334,0.001477,172.31.46.0-255,66,109474,50,205872
24335,0.001521,74.125.24.0-255,5738,115212,50,205872
24336,0.001525,172.31.46.0-255,66,115278,50,205872
24337,0.001556,74.125.24.0-255,3602,118880,50,205872
24338,0.001559,172.31.46.0-255,66,118946,50,205872
24339,0.001568,74.125.24.0-255,1484,120430,50,205872
24340,0.001588,74.125.24.0-255,2902,123332,50,205872
24341,0.00159,172.31.46.0-255,66,123398,50,205872
24342,0.00162,74.125.24.0-255,5738,129136,50,205872
24343,0.001623,172.31.46.0-255,66,129202,50,205872
24344,0.001629,74.125.24.0-255,4320,133522,50,205872
24345,0.001632,172.31.46.0-255,66,133588,50,205872
24346,0.001635,74.125.24.0-255,1484,135072,50,205872
24347,0.001668,172.31.46.0-255,66,135138,50,205872
24348,0.001678,172.31.46.0-255,66,135204,50,205872
24349,0.001768,74.125.24.0-255,1484,136688,50,205872
24350,0.001775,74.125.24.0-255,2902,139590,50,205872
24351,0.001778,172.31.46.0-255,66,139656,50,205872
24352,0.001804,74.125.24.0-255,5738,145394,50,205872
24353,0.001806,172.31.46.0-255,66,145460,50,205872
24354,0.001812,74.125.24.0-255,4320,149780,50,205872
24355,0.001814,172.31.46.0-255,66,149846,50,205872
24356,0.001856,172.31.46.0-255,66,149912,50,205872
24357,0.001873,172.31.46.0-255,66,149978,50,205872
24358,0.001878,74.125.24.0-255,4320,154298,50,205872
24359,0.001881,172.31.46.0-255,66,154364,50,205872
24360,0.001924,172.31.46.0-255,66,154430,50,205872
24361,0.001942,172.31.46.0-255,66,154496,50,205872
24362,0.001948,74.125.24.0-255,5738,160234,50,205872
24363,0.00195,172.31.46.0-255,66,160300,50,205872
24364,0.001995,172.31.46.0-255,66,160366,50,205872
24365,0.00202,74.125.24.0-255,2184,162550,50,205872
24366,0.002023,172.31.46.0-255,66,162616,50,205872
24367,0.00203,74.125.24.0-255,5738,168354,50,205872
24368,0.002032,172.31.46.0-255,66,168420,50,205872
24369,0.002039,74.125.24.0-255,1484,169904,50,205872
24370,0.002067,172.31.46.0-255,66,169970,50,205872
24371,0.002097,74.125.24.0-255,4320,174290,50,205872
24372,0.0021,172.31.46.0-255,66,174356,50,205872
24373,0.002107,74.125.24.0-255,5738,180094,50,205872
24374,0.00211,172.31.46.0-255,66,180160,50,205872
24375,0.002148,172.31.46.0-255,66,180226,50,205872
24376,0.002166,172.31.46.0-255,66,180292,50,205872
24377,0.002221,74.125.24.0-255,1484,181776,50,205872
24378,0.002226,74.125.24.0-255,2902,184678,50,205872
24379,0.002228,172.31.46.0-255,66,184744,50,205872
24380,0.002233,74.125.24.0-255,2902,187646,50,205872
24381,0.002235,172.31.46.0-255,66,187712,50,205872
24382,0.002256,74.125.24.0-255,2902,190614,50,205872
24383,0.002259,172.31.46.0-255,66,190680,50,205872
24384,0.002265,74.125.24.0-255,1484,192164,50,205872
24385,0.002272,74.125.24.0-255,5738,197902,50,205872
24386,0.002275,172.31.46.0-255,66,197968,50,205872
24387,0.002304,74.125.24.0-255,7156,205124,50,205872
24388,0.002307,172.31.46.0-255,66,205190,50,205872
24389,0.002323,172.31.46.0-255,66,205256,50,205872
24390,0.002336,172.31.46.0-255,66,205322,50,205872
24391,0.002339,74.125.24.0-255,208,205530,50,205872
24392,0.002366,74.125.24.0-255,105,205635,50,205872
24393,0.008981,172.31.46.0-255,66,205701,50,205872
24394,0.009021,172.31.46.0-255,105,205806,50,205872
24395,0.011339,74.125.24.0-255,66,205872,50,205872
24396,0.0,74.125.24.0-255,153,153,50,217000
24397,2.1e-05,172.31.46.0-255,66,219,50,217000
24398,2.8e-05,74.125.24.0-255,1484,1703,50,217000
24399,3.2e-05,172.31.46.0-255,66,1769,50,217000
24400,3.8e-05,74.125.24.0-255,2902,4671,50,217000
24401,4e-05,172.31.46.0-255,66,4737,50,217000
24402,4.8e-05,74.125.24.0-255,7156,11893,50,217000
24403,5e-05,172.31.46.0-255,66,11959,50,217000
24404,7.5e-05,74.125.24.0-255,2044,14003,50,217000
24405,7.8e-05,172.31.46.0-255,66,14069,50,217000
24406,0.000178,74.125.24.0-255,1484,15553,50,217000
24407,0.000182,172.31.46.0-255,66,15619,50,217000
24408,0.000186,74.125.24.0-255,1484,17103,50,217000
24409,0.000188,172.31.46.0-255,66,17169,50,217000
24410,0.000211,74.125.24.0-255,1484,18653,50,217000
24411,0.000213,172.31.46.0-255,66,18719,50,217000
24412,0.000221,74.125.24.0-255,5738,24457,50,217000
24413,0.000223,172.31.46.0-255,66,24523,50,217000
24414,0.000246,74.125.24.0-255,6797,31320,50,217000
24415,0.000249,172.31.46.0-255,66,31386,50,217000
24416,0.000449,74.125.24.0-255,1484,32870,50,217000
24417,0.000454,172.31.46.0-255,66,32936,50,217000
24418,0.000479,74.125.24.0-255,2902,35838,50,217000
24419,0.000483,172.31.46.0-255,66,35904,50,217000
24420,0.000489,74.125.24.0-255,5738,41642,50,217000
24421,0.000491,172.31.46.0-255,66,41708,50,217000
24422,0.000496,74.125.24.0-255,4320,46028,50,217000
24423,0.000498,172.31.46.0-255,66,46094,50,217000
24424,0.000515,74.125.24.0-255,1484,47578,50,217000
24425,0.000517,172.31.46.0-255,66,47644,50,217000
24426,0.000541,74.125.24.0-255,1484,49128,50,217000
24427,0.000544,172.31.46.0-255,66,49194,50,217000
24428,0.00057,172.31.46.0-255,66,49260,50,217000
24429,0.000575,74.125.24.0-255,4231,53491,50,217000
24430,0.000577,172.31.46.0-255,66,53557,50,217000
24431,0.000597,74.125.24.0-255,385,53942,50,217000
24432,0.000672,74.125.24.0-255,1484,55426,50,217000
24433,0.000676,172.31.46.0-255,66,55492,50,217000
24434,0.000698,74.125.24.0-255,2902,58394,50,217000
24435,0.000701,172.31.46.0-255,66,58460,50,217000
24436,0.000708,74.125.24.0-255,4320,62780,50,217000
24437,0.00071,172.31.46.0-255,66,62846,50,217000
24438,0.000742,74.125.24.0-255,1484,64330,50,217000
24439,0.00075,74.125.24.0-255,6797,71127,50,217000
24440,0.000753,172.31.46.0-255,66,71193,50,217000
24441,0.00076,74.125.24.0-255,7156,78349,50,217000
24442,0.000763,172.31.46.0-255,66,78415,50,217000
24443,0.000776,74.125.24.0-255,1484,79899,50,217000
24444,0.000806,172.31.46.0-255,66,79965,50,217000
24445,0.001044,74.125.24.0-255,1484,81449,50,217000
24446,0.001049,74.125.24.0-255,1484,82933,50,217000
24447,0.001052,172.31.46.0-255,66,82999,50,217000
24448,0.001076,74.125.24.0-255,1484,84483,50,217000
24449,0.001081,74.125.24.0-255,5738,90221,50,217000
24450,0.001083,74.125.24.0-255,1484,91705,50,217000
24451,0.001087,74.125.24.0-255,4320,96025,50,217000
24452,0.001092,172.31.46.0-255,66,96091,50,217000
24453,0.0011,172.31.46.0-255,66,96157,50,217000
24454,0.001105,74.125.24.0-255,4320,100477,50,217000
24455,0.001108,172.31.46.0-255,66,100543,50,217000
24456,0.001132,172.31.46.0-255,66,100609,50,217000
24457,0.001157,74.125.24.0-255,5020,105629,50,217000
24458,0.00116,172.31.46.0-255,66,105695,50,217000
24459,0.001953,74.125.24.0-255,1484,107179,50,217000
24460,0.001963,74.125.24.0-255,2902,110081,50,217000
24461,0.001967,172.31.46.0-255,66,110147,50,217000
24462,0.001975,74.125.24.0-255,5738,115885,50,217000
24463,0.001977,172.31.46.0-255,66,115951,50,217000
24464,0.002008,74.125.24.0-255,5738,121689,50,217000
24465,0.00201,172.31.46.0-255,66,121755,50,217000
24466,0.002028,74.125.24.0-255,1484,123239,50,217000
24467,0.002044,172.31.46.0-255,66,123305,50,217000
24468,0.002049,74.125.24.0-255,2184,125489,50,217000
24469,0.002051,172.31.46.0-255,66,125555,50,217000
24470,0.002055,74.125.24.0-255,2902,128457,50,217000
24471,0.002057,172.31.46.0-255,66,128523,50,217000
24472,0.002108,74.125.24.0-255,7156,135679,50,217000
24473,0.002111,172.31.46.0-255,66,135745,50,217000
24474,0.002117,74.125.24.0-255,5738,141483,50,217000
24475,0.002119,172.31.46.0-255,66,141549,50,217000
24476,0.004168,74.125.24.0-255,4320,145869,50,217000
24477,0.004174,172.31.46.0-255,66,145935,50,217000
24478,0.004193,74.125.24.0-255,1484,147419,50,217000
24479,0.00626,74.125.24.0-255,4320,151739,50,217000
24480,0.006267,172.31.46.0-255,66,151805,50,217000
24481,0.008269,74.125.24.0-255,5738,157543,50,217000
24482,0.008275,172.31.46.0-255,66,157609,50,217000
24483,0.010291,74.125.24.0-255,5738,163347,50,217000
24484,0.010298,172.31.46.0-255,66,163413,50,217000
24485,0.012358,74.125.24.0-255,5738,169151,50,217000
24486,0.012366,172.31.46.0-255,66,169217,50,217000
24487,0.014433,74.125.24.0-255,5738,174955,50,217000
24488,0.014441,172.31.46.0-255,66,175021,50,217000
24489,0.016437,74.125.24.0-255,5738,180759,50,217000
24490,0.016446,172.31.46.0-255,66,180825,50,217000
24491,0.018493,74.125.24.0-255,5738,186563,50,217000
24492,0.0185,172.31.46.0-255,66,186629,50,217000
24493,0.020565,74.125.24.0-255,5738,192367,50,217000
24494,0.020572,172.31.46.0-255,66,192433,50,217000
24495,0.022664,74.125.24.0-255,5738,198171,50,217000
24496,0.022671,172.31.46.0-255,66,198237,50,217000
24497,0.02469,74.125.24.0-255,5738,203975,50,217000
24498,0.024699,172.31.46.0-255,66,204041,50,217000
24499,0.026749,74.125.24.0-255,5738,209779,50,217000
24500,0.026757,172.31.46.0-255,66,209845,50,217000
24501,0.028809,74.125.24.0-255,1484,211329,50,217000
24502,0.02883,74.125.24.0-255,4320,215649,50,217000
24503,0.028835,172.31.46.0-255,66,215715,50,217000
24504,0.029921,172.31.46.0-255,172,215887,50,217000
24505,0.029959,172.31.46.0-255,1113,217000,50,217000
24506,0.0,74.125.130.0-255,152,152,50,269441
24507,2.1e-05,172.31.46.0-255,66,218,50,269441
24508,2.8e-05,74.125.130.0-255,1484,1702,50,269441
24509,3.3e-05,172.31.46.0-255,66,1768,50,269441
24510,4.6e-05,74.125.130.0-255,2902,4670,50,269441
24511,5e-05,172.31.46.0-255,66,4736,50,269441
24512,5.7e-05,74.125.130.0-255,5738,10474,50,269441
24513,6e-05,172.31.46.0-255,66,10540,50,269441
24514,9.4e-05,74.125.130.0-255,3422,13962,50,269441
24515,9.7e-05,172.31.46.0-255,66,14028,50,269441
24516,0.000122,74.125.130.0-255,4320,18348,50,269441
24517,0.000125,172.31.46.0-255,66,18414,50,269441
24518,0.00013,74.125.130.0-255,2902,21316,50,269441
24519,0.000132,172.31.46.0-255,66,21382,50,269441
24520,0.000137,74.125.130.0-255,4320,25702,50,269441
24521,0.00014,172.31.46.0-255,66,25768,50,269441
24522,0.000173,74.125.130.0-255,4320,30088,50,269441
24523,0.000175,172.31.46.0-255,66,30154,50,269441
24524,0.000198,74.125.130.0-255,1125,31279,50,269441
24525,0.000201,172.31.46.0-255,66,31345,50,269441
24526,0.000395,74.125.130.0-255,1484,32829,50,269441
24527,0.0004,172.31.46.0-255,66,32895,50,269441
24528,0.000406,74.125.130.0-255,2902,35797,50,269441
24529,0.000409,172.31.46.0-255,66,35863,50,269441
24530,0.000439,74.125.130.0-255,4320,40183,50,269441
24531,0.000442,172.31.46.0-255,66,40249,50,269441
24532,0.000449,74.125.130.0-255,5738,45987,50,269441
24533,0.000451,172.31.46.0-255,66,46053,50,269441
24534,0.000493,172.31.46.0-255,66,46119,50,269441
24535,0.000497,74.125.130.0-255,1484,47603,50,269441
24536,0.000499,172.31.46.0-255,66,47669,50,269441
24537,0.00054,172.31.46.0-255,66,47735,50,269441
24538,0.000543,74.125.130.0-255,364,48099,50,269441
24539,0.000669,74.125.130.0-255,1484,49583,50,269441
24540,0.000673,172.31.46.0-255,66,49649,50,269441
24541,0.000677,74.125.130.0-255,1484,51133,50,269441
24542,0.000702,74.125.130.0-255,1484,52617,50,269441
24543,0.000704,172.31.46.0-255,66,52683,50,269441
24544,0.000711,74.125.130.0-255,5738,58421,50,269441
24545,0.000714,172.31.46.0-255,66,58487,50,269441
24546,0.000785,74.125.130.0-255,6797,65284,50,269441
24547,0.00079,172.31.46.0-255,66,65350,50,269441
24548,0.000793,74.125.130.0-255,1484,66834,50,269441
24549,0.000818,74.125.130.0-255,2902,69736,50,269441
24550,0.00082,172.31.46.0-255,66,69802,50,269441
24551,0.000827,74.125.130.0-255,5738,75540,50,269441
24552,0.000829,172.31.46.0-255,66,75606,50,269441
24553,0.000832,74.125.130.0-255,1484,77090,50,269441
24554,0.000879,74.125.130.0-255,2902,79992,50,269441
24555,0.000882,172.31.46.0-255,66,80058,50,269441
24556,0.000902,74.125.130.0-255,2543,82601,50,269441
24557,0.000904,172.31.46.0-255,66,82667,50,269441
24558,0.001185,74.125.130.0-255,1484,84151,50,269441
24559,0.0012,74.125.130.0-255,1484,85635,50,269441
24560,0.001204,172.31.46.0-255,66,85701,50,269441
24561,0.001236,74.125.130.0-255,1484,87185,50,269441
24562,0.001243,74.125.130.0-255,5738,92923,50,269441
24563,0.001246,172.31.46.0-255,66,92989,50,269441
24564,0.001254,74.125.130.0-255,7156,100145,50,269441
24565,0.001256,172.31.46.0-255,66,100211,50,269441
24566,0.001272,172.31.46.0-255,66,100277,50,269441
24567,0.001313,172.31.46.0-255,66,100343,50,269441
24568,0.001502,74.125.130.0-255,1484,101827,50,269441
24569,0.001508,74.125.130.0-255,2902,104729,50,269441
24570,0.001511,172.31.46.0-255,66,104795,50,269441
24571,0.001541,74.125.130.0-255,5738,110533,50,269441
24572,0.001544,172.31.46.0-255,66,110599,50,269441
24573,0.001552,74.125.130.0-255,7156,117755,50,269441
24574,0.001554,172.31.46.0-255,66,117821,50,269441
24575,0.001588,74.125.130.0-255,5738,123559,50,269441
24576,0.00159,172.31.46.0-255,66,123625,50,269441
24577,0.001621,74.125.130.0-255,7156,130781,50,269441
24578,0.001624,172.31.46.0-255,66,130847,50,269441
24579,0.001653,74.125.130.0-255,3602,134449,50,269441
24580,0.001656,172.31.46.0-255,66,134515,50,269441
24581,0.001723,74.125.130.0-255,1484,135999,50,269441
24582,0.001729,74.125.130.0-255,2902,138901,50,269441
24583,0.001733,172.31.46.0-255,66,138967,50,269441
24584,0.001745,74.125.130.0-255,1484,140451,50,269441
24585,0.001771,74.125.130.0-255,2902,143353,50,269441
24586,0.001774,172.31.46.0-255,66,143419,50,269441
24587,0.00178,74.125.130.0-255,5738,149157,50,269441
24588,0.001783,172.31.46.0-255,66,149223,50,269441
24589,0.001816,74.125.130.0-255,2902,152125,50,269441
24590,0.001818,172.31.46.0-255,66,152191,50,269441
24591,0.001821,74.125.130.0-255,1484,153675,50,269441
24592,0.001825,74.125.130.0-255,2902,156577,50,269441
24593,0.001827,172.31.46.0-255,66,156643,50,269441
24594,0.001839,74.125.130.0-255,5738,162381,50,269441
24595,0.001841,172.31.46.0-255,66,162447,50,269441
24596,0.001844,74.125.130.0-255,1484,163931,50,269441
24597,0.001847,74.125.130.0-255,1484,165415,50,269441
24598,0.001849,172.31.46.0-255,66,165481,50,269441
24599,0.001874,74.125.130.0-255,1484,166965,50,269441
24600,0.001883,74.125.130.0-255,2184,169149,50,269441
24601,0.001886,172.31.46.0-255,66,169215,50,269441
24602,0.001991,74.125.130.0-255,1484,170699,50,269441
24603,0.002005,74.125.130.0-255,2902,173601,50,269441
24604,0.002008,172.31.46.0-255,66,173667,50,269441
24605,0.002012,74.125.130.0-255,1484,175151,50,269441
24606,0.002041,74.125.130.0-255,4320,179471,50,269441
24607,0.002046,172.31.46.0-255,66,179537,50,269441
24608,0.002057,74.125.130.0-255,4320,183857,50,269441
24609,0.002063,172.31.46.0-255,66,183923,50,269441
24610,0.002091,74.125.130.0-255,4320,188243,50,269441
24611,0.002105,74.125.130.0-255,5020,193263,50,269441
24612,0.00211,172.31.46.0-255,66,193329,50,269441
24613,0.002112,172.31.46.0-255,66,193395,50,269441
24614,0.002116,172.31.46.0-255,66,193461,50,269441
24615,0.00421,74.125.130.0-255,5738,199199,50,269441
24616,0.004218,172.31.46.0-255,66,199265,50,269441
24617,0.006313,74.125.130.0-255,5738,205003,50,269441
24618,0.006318,172.31.46.0-255,66,205069,50,269441
24619,0.008409,74.125.130.0-255,2902,207971,50,269441
24620,0.008414,172.31.46.0-255,66,208037,50,269441
24621,0.008438,74.125.130.0-255,2902,210939,50,269441
24622,0.00844,172.31.46.0-255,66,211005,50,269441
24623,0.010502,74.125.130.0-255,2902,213907,50,269441
24624,0.010509,172.31.46.0-255,66,213973,50,269441
24625,0.010567,74.125.130.0-255,2902,216875,50,269441
24626,0.01057,172.31.46.0-255,66,216941,50,269441
24627,0.012597,74.125.130.0-255,2902,219843,50,269441
24628,0.012604,172.31.46.0-255,66,219909,50,269441
24629,0.012663,74.125.130.0-255,2902,222811,50,269441
24630,0.012667,172.31.46.0-255,66,222877,50,269441
24631,0.014695,74.125.130.0-255,2902,225779,50,269441
24632,0.014702,172.31.46.0-255,66,225845,50,269441
24633,0.014743,74.125.130.0-255,2902,228747,50,269441
24634,0.014746,172.31.46.0-255,66,228813,50,269441
24635,0.016942,74.125.130.0-255,5738,234551,50,269441
24636,0.016951,172.31.46.0-255,66,234617,50,269441
24637,0.01908,74.125.130.0-255,5738,240355,50,269441
24638,0.019087,172.31.46.0-255,66,240421,50,269441
24639,0.021173,74.125.130.0-255,5738,246159,50,269441
24640,0.021181,172.31.46.0-255,66,246225,50,269441
24641,0.023281,74.125.130.0-255,5738,251963,50,269441
24642,0.02329,172.31.46.0-255,66,252029,50,269441
24643,0.025389,74.125.130.0-255,5738,257767,50,269441
24644,0.025397,172.31.46.0-255,66,257833,50,269441
24645,0.02751,74.125.130.0-255,5738,263571,50,269441
24646,0.027518,172.31.46.0-255,66,263637,50,269441
24647,0.029639,74.125.130.0-255,5738,269375,50,269441
24648,0.029645,172.31.46.0-255,66,269441,50,269441
24649,0.0,74.125.130.0-255,153,153,50,284194
24650,2.7e-05,172.31.46.0-255,66,219,50,284194
24651,3.6e-05,74.125.130.0-255,1484,1703,50,284194
24652,4e-05,172.31.46.0-255,66,1769,50,284194
24653,4.4e-05,74.125.130.0-255,1484,3253,50,284194
24654,5.5e-05,172.31.46.0-255,66,3319,50,284194
24655,6.2e-05,74.125.130.0-255,2902,6221,50,284194
24656,6.5e-05,172.31.46.0-255,66,6287,50,284194
24657,7.1e-05,74.125.130.0-255,5738,12025,50,284194
24658,7.5e-05,172.31.46.0-255,66,12091,50,284194
24659,7.7e-05,74.125.130.0-255,1484,13575,50,284194
24660,7.9e-05,172.31.46.0-255,66,13641,50,284194
24661,0.000119,74.125.130.0-255,3491,17132,50,284194
24662,0.000122,172.31.46.0-255,66,17198,50,284194
24663,0.000129,74.125.130.0-255,5738,22936,50,284194
24664,0.000131,172.31.46.0-255,66,23002,50,284194
24665,0.000136,74.125.130.0-255,2902,25904,50,284194
24666,0.000138,172.31.46.0-255,66,25970,50,284194
24667,0.000161,74.125.130.0-255,5379,31349,50,284194
24668,0.000164,172.31.46.0-255,66,31415,50,284194
24669,0.000229,74.125.130.0-255,1484,32899,50,284194
24670,0.000232,172.31.46.0-255,66,32965,50,284194
24671,0.00025,74.125.130.0-255,2902,35867,50,284194
24672,0.000253,172.31.46.0-255,66,35933,50,284194
24673,0.000282,74.125.130.0-255,5738,41671,50,284194
24674,0.000286,172.31.46.0-255,66,41737,50,284194
24675,0.000292,74.125.130.0-255,5738,47475,50,284194
24676,0.000295,172.31.46.0-255,66,47541,50,284194
24677,0.000302,74.125.130.0-255,1484,49025,50,284194
24678,0.000304,172.31.46.0-255,66,49091,50,284194
24679,0.000331,74.125.130.0-255,5738,54829,50,284194
24680,0.000334,172.31.46.0-255,66,54895,50,284194
24681,0.000376,74.125.130.0-255,4320,59215,50,284194
24682,0.000378,172.31.46.0-255,66,59281,50,284194
24683,0.000399,74.125.130.0-255,6438,65719,50,284194
24684,0.000402,172.31.46.0-255,66,65785,50,284194
24685,0.000404,74.125.130.0-255,413,66198,50,284194
24686,0.000764,74.125.130.0-255,1484,67682,50,284194
24687,0.00077,172.31.46.0-255,66,67748,50,284194
24688,0.000777,74.125.130.0-255,2902,70650,50,284194
24689,0.00078,172.31.46.0-255,66,70716,50,284194
24690,0.000788,74.125.130.0-255,1484,72200,50,284194
24691,0.000794,74.125.130.0-255,2902,75102,50,284194
24692,0.000797,172.31.46.0-255,66,75168,50,284194
24693,0.000834,74.125.130.0-255,5738,80906,50,284194
24694,0.000837,172.31.46.0-255,66,80972,50,284194
24695,0.00084,74.125.130.0-255,1484,82456,50,284194
24696,0.000871,172.31.46.0-255,66,82522,50,284194
24697,0.000899,74.125.130.0-255,4320,86842,50,284194
24698,0.000904,172.31.46.0-255,66,86908,50,284194
24699,0.000914,74.125.130.0-255,3602,90510,50,284194
24700,0.000916,172.31.46.0-255,66,90576,50,284194
24701,0.001101,74.125.130.0-255,1484,92060,50,284194
24702,0.00112,74.125.130.0-255,2902,94962,50,284194
24703,0.001124,172.31.46.0-255,66,95028,50,284194
24704,0.001157,74.125.130.0-255,5738,100766,50,284194
24705,0.00116,172.31.46.0-255,66,100832,50,284194
24706,0.001165,74.125.130.0-255,2902,103734,50,284194
24707,0.001167,172.31.46.0-255,66,103800,50,284194
24708,0.001177,74.125.130.0-255,4320,108120,50,284194
24709,0.001179,172.31.46.0-255,66,108186,50,284194
24710,0.001184,74.125.130.0-255,4320,112506,50,284194
24711,0.001187,172.31.46.0-255,66,112572,50,284194
24712,0.001217,74.125.130.0-255,4320,116892,50,284194
24713,0.00122,172.31.46.0-255,66,116958,50,284194
24714,0.001226,74.125.130.0-255,5738,122696,50,284194
24715,0.001229,172.31.46.0-255,66,122762,50,284194
24716,0.00125,74.125.130.0-255,2184,124946,50,284194
24717,0.001252,172.31.46.0-255,66,125012,50,284194
24718,0.00139,74.125.130.0-255,1484,126496,50,284194
24719,0.001396,74.125.130.0-255,2902,129398,50,284194
24720,0.001399,172.31.46.0-255,66,129464,50,284194
24721,0.001427,74.125.130.0-255,2902,132366,50,284194
24722,0.00143,172.31.46.0-255,66,132432,50,284194
24723,0.001454,74.125.130.0-255,2902,135334,50,284194
24724,0.001456,172.31.46.0-255,66,135400,50,284194
24725,0.001473,172.31.46.0-255,66,135466,50,284194
24726,0.001476,74.125.130.0-255,1484,136950,50,284194
24727,0.001504,172.31.46.0-255,66,137016,50,284194
24728,0.001515,74.125.130.0-255,766,137782,50,284194
24729,0.001751,74.125.130.0-255,1484,139266,50,284194
24730,0.001756,172.31.46.0-255,66,139332,50,284194
24731,0.001761,74.125.130.0-255,2902,142234,50,284194
24732,0.001764,172.31.46.0-255,66,142300,50,284194
24733,0.001792,74.125.130.0-255,5738,148038,50,284194
24734,0.001794,172.31.46.0-255,66,148104,50,284194
24735,0.001803,74.125.130.0-255,2902,151006,50,284194
24736,0.001805,172.31.46.0-255,66,151072,50,284194
24737,0.001858,172.31.46.0-255,66,151138,50,284194
24738,0.001871,172.31.46.0-255,66,151204,50,284194
24739,0.0019,74.125.130.0-255,766,151970,50,284194
24740,0.00205,74.125.130.0-255,1484,153454,50,284194
24741,0.002055,172.31.46.0-255,66,153520,50,284194
24742,0.00206,74.125.130.0-255,2902,156422,50,284194
24743,0.002063,172.31.46.0-255,66,156488,50,284194
24744,0.002091,74.125.130.0-255,5738,162226,50,284194
24745,0.002093,172.31.46.0-255,66,162292,50,284194
24746,0.002128,74.125.130.0-255,5738,168030,50,284194
24747,0.002131,172.31.46.0-255,66,168096,50,284194
24748,0.002139,74.125.130.0-255,7156,175252,50,284194
24749,0.002141,172.31.46.0-255,66,175318,50,284194
24750,0.002173,172.31.46.0-255,66,175384,50,284194
24751,0.002197,74.125.130.0-255,2184,177568,50,284194
24752,0.0022,172.31.46.0-255,66,177634,50,284194
24753,0.002213,172.31.46.0-255,66,177700,50,284194
24754,0.002254,74.125.130.0-255,2902,180602,50,284194
24755,0.002256,172.31.46.0-255,66,180668,50,284194
24756,0.002289,74.125.130.0-255,1484,182152,50,284194
24757,0.002307,172.31.46.0-255,66,182218,50,284194
24758,0.00231,74.125.130.0-255,766,182984,50,284194
24759,0.002372,74.125.130.0-255,1484,184468,50,284194
24760,0.002376,172.31.46.0-255,66,184534,50,284194
24761,0.00238,74.125.130.0-255,2902,187436,50,284194
24762,0.002382,172.31.46.0-255,66,187502,50,284194
24763,0.002385,74.125.130.0-255,1484,188986,50,284194
24764,0.00242,74.125.130.0-255,4320,193306,50,284194
24765,0.002424,172.31.46.0-255,66,193372,50,284194
24766,0.002436,172.31.46.0-255,66,193438,50,284194
24767,0.002456,74.125.130.0-255,1484,194922,50,284194
24768,0.002467,172.31.46.0-255,66,194988,50,284194
24769,0.002491,74.125.130.0-255,2902,197890,50,284194
24770,0.002493,172.31.46.0-255,66,197956,50,284194
24771,0.002498,74.125.130.0-255,2184,200140,50,284194
24772,0.0025,172.31.46.0-255,66,200206,50,284194
24773,0.002543,172.31.46.0-255,66,200272,50,284194
24774,0.002579,172.31.46.0-255,66,200338,50,284194
24775,0.002585,74.125.130.0-255,4320,204658,50,284194
24776,0.002587,172.31.46.0-255,66,204724,50,284194
24777,0.00259,74.125.130.0-255,1484,206208,50,284194
24778,0.002606,74.125.130.0-255,2902,209110,50,284194
24779,0.002609,172.31.46.0-255,66,209176,50,284194
24780,0.002631,74.125.130.0-255,3602,212778,50,284194
24781,0.002634,172.31.46.0-255,66,212844,50,284194
24782,0.002661,74.125.130.0-255,4320,217164,50,284194
24783,0.002664,172.31.46.0-255,66,217230,50,284194
24784,0.002667,74.125.130.0-255,1484,218714,50,284194
24785,0.002672,74.125.130.0-255,2902,221616,50,284194
24786,0.002674,172.31.46.0-255,66,221682,50,284194
24787,0.002699,74.125.130.0-255,2902,224584,50,284194
24788,0.002702,172.31.46.0-255,66,224650,50,284194
24789,0.00271,74.125.130.0-255,7156,231806,50,284194
24790,0.002713,172.31.46.0-255,66,231872,50,284194
24791,0.002737,74.125.130.0-255,5738,237610,50,284194
24792,0.00274,172.31.46.0-255,66,237676,50,284194
24793,0.002786,74.125.130.0-255,4320,241996,50,284194
24794,0.002789,172.31.46.0-255,66,242062,50,284194
24795,0.002795,74.125.130.0-255,5020,247082,50,284194
24796,0.002797,172.31.46.0-255,66,247148,50,284194
24797,0.0028,74.125.130.0-255,1484,248632,50,284194
24798,0.002806,74.125.130.0-255,4320,252952,50,284194
24799,0.002808,172.31.46.0-255,66,253018,50,284194
24800,0.002814,74.125.130.0-255,4320,257338,50,284194
24801,0.002817,172.31.46.0-255,66,257404,50,284194
24802,0.002821,74.125.130.0-255,2902,260306,50,284194
24803,0.002823,172.31.46.0-255,66,260372,50,284194
24804,0.002826,74.125.130.0-255,1484,261856,50,284194
24805,0.002829,74.125.130.0-255,1484,263340,50,284194
24806,0.002832,172.31.46.0-255,66,263406,50,284194
24807,0.002836,74.125.130.0-255,1484,264890,50,284194
24808,0.00286,74.125.130.0-255,1484,266374,50,284194
24809,0.002863,172.31.46.0-255,66,266440,50,284194
24810,0.002866,74.125.130.0-255,1484,267924,50,284194
24811,0.002897,172.31.46.0-255,66,267990,50,284194
24812,0.002902,74.125.130.0-255,4320,272310,50,284194
24813,0.002904,172.31.46.0-255,66,272376,50,284194
24814,0.002926,74.125.130.0-255,3602,275978,50,284194
24815,0.002928,172.31.46.0-255,66,276044,50,284194
24816,0.002933,74.125.130.0-255,2902,278946,50,284194
24817,0.002935,172.31.46.0-255,66,279012,50,284194
24818,0.002953,74.125.130.0-255,1484,280496,50,284194
24819,0.002987,74.125.130.0-255,3290,283786,50,284194
24820,0.00299,172.31.46.0-255,66,283852,50,284194
24821,0.003016,74.125.130.0-255,105,283957,50,284194
24822,0.012403,172.31.46.0-255,66,284023,50,284194
24823,0.012454,172.31.46.0-255,105,284128,50,284194
24824,0.014948,74.125.130.0-255,66,284194,50,284194
24825,0.0,172.217.194.0-255,148,148,50,179497
24826,2.4e-05,172.31.46.0-255,66,214,50,179497
24827,3.1e-05,172.217.194.0-255,1484,1698,50,179497
24828,3.7e-05,172.31.46.0-255,66,1764,50,179497
24829,4.3e-05,172.217.194.0-255,2902,4666,50,179497
24830,5.5e-05,172.31.46.0-255,66,4732,50,179497
24831,6.2e-05,172.217.194.0-255,7156,11888,50,179497
24832,6.6e-05,172.31.46.0-255,66,11954,50,179497
24833,9.1e-05,172.217.194.0-255,2092,14046,50,179497
24834,9.5e-05,172.31.46.0-255,66,14112,50,179497
24835,0.000218,172.217.194.0-255,1484,15596,50,179497
24836,0.000221,172.31.46.0-255,66,15662,50,179497
24837,0.00025,172.217.194.0-255,2902,18564,50,179497
24838,0.000254,172.31.46.0-255,66,18630,50,179497
24839,0.000258,172.217.194.0-255,2902,21532,50,179497
24840,0.000261,172.31.46.0-255,66,21598,50,179497
24841,0.000302,172.217.194.0-255,7156,28754,50,179497
24842,0.000305,172.31.46.0-255,66,28820,50,179497
24843,0.000345,172.217.194.0-255,2543,31363,50,179497
24844,0.000348,172.31.46.0-255,66,31429,50,179497
24845,0.000648,172.217.194.0-255,1484,32913,50,179497
24846,0.000654,172.31.46.0-255,66,32979,50,179497
24847,0.000674,172.217.194.0-255,2902,35881,50,179497
24848,0.000677,172.31.46.0-255,66,35947,50,179497
24849,0.000695,172.217.194.0-255,1484,37431,50,179497
24850,0.000698,172.31.46.0-255,66,37497,50,179497
24851,0.000737,172.217.194.0-255,4320,41817,50,179497
24852,0.00074,172.31.46.0-255,66,41883,50,179497
24853,0.000748,172.217.194.0-255,6797,48680,50,179497
24854,0.00075,172.31.46.0-255,66,48746,50,179497
24855,0.000762,172.217.194.0-255,7156,55902,50,179497
24856,0.000764,172.31.46.0-255,66,55968,50,179497
24857,0.000771,172.217.194.0-255,5738,61706,50,179497
24858,0.000774,172.31.46.0-255,66,61772,50,179497
24859,0.000803,172.217.194.0-255,1484,63256,50,179497
24860,0.000832,172.217.194.0-255,2795,66051,50,179497
24861,0.000835,172.31.46.0-255,66,66117,50,179497
24862,0.000838,172.217.194.0-255,115,66232,50,179497
24863,0.001018,172.217.194.0-255,1484,67716,50,179497
24864,0.001022,172.31.46.0-255,66,67782,50,179497
24865,0.001028,172.217.194.0-255,2902,70684,50,179497
24866,0.00103,172.31.46.0-255,66,70750,50,179497
24867,0.001069,172.217.194.0-255,5738,76488,50,179497
24868,0.001072,172.31.46.0-255,66,76554,50,179497
24869,0.001079,172.217.194.0-255,7093,83647,50,179497
24870,0.001081,172.31.46.0-255,66,83713,50,179497
24871,0.001166,172.217.194.0-255,1484,85197,50,179497
24872,0.00118,172.217.194.0-255,2902,88099,50,179497
24873,0.001184,172.31.46.0-255,66,88165,50,179497
24874,0.001216,172.217.194.0-255,5738,93903,50,179497
24875,0.001219,172.31.46.0-255,66,93969,50,179497
24876,0.001224,172.217.194.0-255,4320,98289,50,179497
24877,0.001227,172.31.46.0-255,66,98355,50,179497
24878,0.001264,172.31.46.0-255,66,98421,50,179497
24879,0.001268,172.217.194.0-255,2902,101323,50,179497
24880,0.00127,172.31.46.0-255,66,101389,50,179497
24881,0.00133,172.217.194.0-255,2902,104291,50,179497
24882,0.001334,172.31.46.0-255,66,104357,50,179497
24883,0.001362,172.217.194.0-255,2184,106541,50,179497
24884,0.001366,172.31.46.0-255,66,106607,50,179497
24885,0.003721,172.217.194.0-255,1484,108091,50,179497
24886,0.003742,172.217.194.0-255,2902,110993,50,179497
24887,0.003746,172.31.46.0-255,66,111059,50,179497
24888,0.003751,172.217.194.0-255,1484,112543,50,179497
24889,0.006076,172.217.194.0-255,4320,116863,50,179497
24890,0.00608,172.31.46.0-255,66,116929,50,179497
24891,0.008423,172.217.194.0-255,4320,121249,50,179497
24892,0.00843,172.31.46.0-255,66,121315,50,179497
24893,0.008457,172.217.194.0-255,1484,122799,50,179497
24894,0.010788,172.217.194.0-255,4320,127119,50,179497
24895,0.010796,172.31.46.0-255,66,127185,50,179497
24896,0.01314,172.217.194.0-255,5738,132923,50,179497
24897,0.01315,172.31.46.0-255,66,132989,50,179497
24898,0.015484,172.217.194.0-255,5738,138727,50,179497
24899,0.015493,172.31.46.0-255,66,138793,50,179497
24900,0.017825,172.217.194.0-255,4320,143113,50,179497
24901,0.017831,172.31.46.0-255,66,143179,50,179497
24902,0.017856,172.217.194.0-255,1484,144663,50,179497
24903,0.020164,172.217.194.0-255,4320,148983,50,179497
24904,0.020171,172.31.46.0-255,66,149049,50,179497
24905,0.022504,172.217.194.0-255,5738,154787,50,179497
24906,0.022515,172.31.46.0-255,66,154853,50,179497
24907,0.02485,172.217.194.0-255,5738,160591,50,179497
24908,0.024855,172.31.46.0-255,66,160657,50,179497
24909,0.025873,172.31.46.0-255,172,160829,50,179497
24910,0.025901,172.31.46.0-255,1113,161942,50,179497
24911,0.025955,172.31.46.0-255,1514,163456,50,179497
24912,0.025957,172.31.46.0-255,1514,164970,50,179497
24913,0.025961,172.31.46.0-255,1514,166484,50,179497
24914,0.025962,172.31.46.0-255,1075,167559,50,179497
24915,0.027195,172.217.194.0-255,5738,173297,50,179497
24916,0.027203,172.31.46.0-255,66,173363,50,179497
24917,0.0274,104.244.42.0-255,66,173429,50,179497
24918,0.02744,104.244.42.0-255,66,173495,50,179497
24919,0.027483,104.244.42.0-255,66,173561,50,179497
24920,0.027488,104.244.42.0-255,66,173627,50,179497
24921,0.029519,172.217.194.0-255,4320,177947,50,179497
24922,0.029526,172.31.46.0-255,66,178013,50,179497
24923,0.029553,172.217.194.0-255,1484,179497,50,179497
24924,0.0,172.217.194.0-255,153,153,50,191753
24925,1.9e-05,172.31.46.0-255,66,219,50,191753
24926,2.6e-05,172.217.194.0-255,1484,1703,50,191753
24927,3e-05,172.31.46.0-255,66,1769,50,191753
24928,3.6e-05,172.217.194.0-255,2902,4671,50,191753
24929,4.5e-05,172.31.46.0-255,66,4737,50,191753
24930,5.2e-05,172.217.194.0-255,7156,11893,50,191753
24931,5.4e-05,172.31.46.0-255,66,11959,50,191753
24932,9.2e-05,172.31.46.0-255,66,12025,50,191753
24933,0.00012,172.217.194.0-255,6797,18822,50,191753
24934,0.000123,172.31.46.0-255,66,18888,50,191753
24935,0.000171,172.217.194.0-255,2902,21790,50,191753
24936,0.000173,172.31.46.0-255,66,21856,50,191753
24937,0.000199,172.217.194.0-255,4320,26176,50,191753
24938,0.000209,172.31.46.0-255,66,26242,50,191753
24939,0.000212,172.31.46.0-255,66,26308,50,191753
24940,0.000222,172.217.194.0-255,4320,30628,50,191753
24941,0.000228,172.31.46.0-255,66,30694,50,191753
24942,0.000267,172.31.46.0-255,66,30760,50,191753
24943,0.00027,172.217.194.0-255,1745,32505,50,191753
24944,0.000272,172.31.46.0-255,66,32571,50,191753
24945,0.000385,172.217.194.0-255,1484,34055,50,191753
24946,0.000388,172.31.46.0-255,66,34121,50,191753
24947,0.000401,172.217.194.0-255,2902,37023,50,191753
24948,0.000407,172.31.46.0-255,66,37089,50,191753
24949,0.000413,172.217.194.0-255,5738,42827,50,191753
24950,0.000415,172.31.46.0-255,66,42893,50,191753
24951,0.000418,172.217.194.0-255,1484,44377,50,191753
24952,0.000419,172.31.46.0-255,66,44443,50,191753
24953,0.000444,172.217.194.0-255,2902,47345,50,191753
24954,0.000478,172.217.194.0-255,2902,50247,50,191753
24955,0.000493,172.217.194.0-255,5020,55267,50,191753
24956,0.000524,172.217.194.0-255,1484,56751,50,191753
24957,0.000528,172.217.194.0-255,2902,59653,50,191753
24958,0.000548,172.217.194.0-255,5738,65391,50,191753
24959,0.000563,172.217.194.0-255,1484,66875,50,191753
24960,0.000605,172.217.194.0-255,1484,68359,50,191753
24961,0.000621,172.31.46.0-255,66,68425,50,191753
24962,0.00063,172.217.194.0-255,2902,71327,50,191753
24963,0.000638,172.31.46.0-255,66,71393,50,191753
24964,0.000649,172.217.194.0-255,3602,74995,50,191753
24965,0.000659,172.217.194.0-255,7156,82151,50,191753
24966,0.000684,172.217.194.0-255,5738,87889,50,191753
24967,0.000689,172.217.194.0-255,5020,92909,50,191753
24968,0.000708,172.31.46.0-255,66,92975,50,191753
24969,0.000738,172.217.194.0-255,2902,95877,50,191753
24970,0.000749,172.31.46.0-255,66,95943,50,191753
24971,0.000778,172.217.194.0-255,1484,97427,50,191753
24972,0.000793,172.217.194.0-255,7156,104583,50,191753
24973,0.000815,172.31.46.0-255,66,104649,50,191753
24974,0.000823,172.31.46.0-255,66,104715,50,191753
24975,0.000869,172.217.194.0-255,5738,110453,50,191753
24976,0.000875,172.31.46.0-255,66,110519,50,191753
24977,0.000921,172.217.194.0-255,766,111285,50,191753
24978,0.000925,172.31.46.0-255,66,111351,50,191753
24979,0.001028,172.217.194.0-255,1484,112835,50,191753
24980,0.001048,172.217.194.0-255,2902,115737,50,191753
24981,0.001054,172.217.194.0-255,5738,121475,50,191753
24982,0.001062,172.31.46.0-255,66,121541,50,191753
24983,0.001126,172.217.194.0-255,4320,125861,50,191753
24984,0.001149,172.31.46.0-255,66,125927,50,191753
24985,0.001249,172.217.194.0-255,1484,127411,50,191753
24986,0.001254,172.217.194.0-255,2902,130313,50,191753
24987,0.00127,172.31.46.0-255,66,130379,50,191753
24988,0.00128,172.217.194.0-255,5738,136117,50,191753
24989,0.001297,172.217.194.0-255,7156,143273,50,191753
24990,0.001318,172.217.194.0-255,5738,149011,50,191753
24991,0.001323,172.31.46.0-255,66,149077,50,191753
24992,0.001351,172.217.194.0-255,5738,154815,50,191753
24993,0.001355,172.31.46.0-255,66,154881,50,191753
24994,0.001374,172.217.194.0-255,5020,159901,50,191753
24995,0.001383,172.31.46.0-255,66,159967,50,191753
24996,0.001441,172.217.194.0-255,1484,161451,50,191753
24997,0.001446,172.217.194.0-255,2902,164353,50,191753
24998,0.001454,172.217.194.0-255,1484,165837,50,191753
24999,0.001457,172.31.46.0-255,66,165903,50,191753
25000,0.001474,172.217.194.0-255,4320,170223,50,191753
25001,0.001478,172.217.194.0-255,2902,173125,50,191753
25002,0.00149,172.31.46.0-255,66,173191,50,191753
25003,0.001523,172.31.46.0-255,66,173257,50,191753
25004,0.001562,172.31.46.0-255,66,173323,50,191753
25005,0.001607,172.31.46.0-255,66,173389,50,191753
25006,0.001613,172.217.194.0-255,1484,174873,50,191753
25007,0.001652,172.31.46.0-255,66,174939,50,191753
25008,0.001673,172.217.194.0-255,7156,182095,50,191753
25009,0.001679,172.31.46.0-255,66,182161,50,191753
25010,0.001696,172.217.194.0-255,4958,187119,50,191753
25011,0.001698,172.217.194.0-255,105,187224,50,191753
25012,0.00171,172.31.46.0-255,66,187290,50,191753
25013,0.008582,172.31.46.0-255,105,187395,50,191753
25014,0.010815,172.217.194.0-255,66,187461,50,191753
25015,0.028317,172.31.46.0-255,172,187633,50,191753
25016,0.028346,172.31.46.0-255,1113,188746,50,191753
25017,0.028399,172.31.46.0-255,1514,190260,50,191753
25018,0.0284,172.31.46.0-255,1295,191555,50,191753
25019,0.029859,104.244.42.0-255,66,191621,50,191753
25020,0.029898,104.244.42.0-255,66,191687,50,191753
25021,0.029947,104.244.42.0-255,66,191753,50,191753
25022,0.0,172.217.194.0-255,152,152,50,200806
25023,2.4e-05,172.31.46.0-255,66,218,50,200806
25024,3.1e-05,172.217.194.0-255,1484,1702,50,200806
25025,3.5e-05,172.31.46.0-255,66,1768,50,200806
25026,4.2e-05,172.217.194.0-255,2902,4670,50,200806
25027,4.7e-05,172.31.46.0-255,66,4736,50,200806
25028,5.4e-05,172.217.194.0-255,5738,10474,50,200806
25029,5.7e-05,172.31.46.0-255,66,10540,50,200806
25030,6.2e-05,172.217.194.0-255,3528,14068,50,200806
25031,6.5e-05,172.31.46.0-255,66,14134,50,200806
25032,6.8e-05,172.217.194.0-255,1484,15618,50,200806
25033,7.2e-05,172.31.46.0-255,66,15684,50,200806
25034,9.7e-05,172.217.194.0-255,2902,18586,50,200806
25035,0.000101,172.31.46.0-255,66,18652,50,200806
25036,0.000105,172.217.194.0-255,2902,21554,50,200806
25037,0.000107,172.31.46.0-255,66,21620,50,200806
25038,0.000131,172.217.194.0-255,7156,28776,50,200806
25039,0.000133,172.31.46.0-255,66,28842,50,200806
25040,0.000137,172.217.194.0-255,2543,31385,50,200806
25041,0.000139,172.31.46.0-255,66,31451,50,200806
25042,0.000195,172.217.194.0-255,1484,32935,50,200806
25043,0.000197,172.31.46.0-255,66,33001,50,200806
25044,0.000211,172.217.194.0-255,2902,35903,50,200806
25045,0.000214,172.31.46.0-255,66,35969,50,200806
25046,0.000238,172.217.194.0-255,4320,40289,50,200806
25047,0.00024,172.31.46.0-255,66,40355,50,200806
25048,0.000259,172.217.194.0-255,1484,41839,50,200806
25049,0.00026,172.31.46.0-255,66,41905,50,200806
25050,0.000268,172.217.194.0-255,5738,47643,50,200806
25051,0.00027,172.31.46.0-255,66,47709,50,200806
25052,0.000291,172.31.46.0-255,66,47775,50,200806
25053,0.000293,172.217.194.0-255,1484,49259,50,200806
25054,0.000334,172.217.194.0-255,4320,53579,50,200806
25055,0.000337,172.31.46.0-255,66,53645,50,200806
25056,0.000358,172.217.194.0-255,4213,57858,50,200806
25057,0.000361,172.31.46.0-255,66,57924,50,200806
25058,0.000363,172.217.194.0-255,120,58044,50,200806
25059,0.000377,172.217.194.0-255,380,58424,50,200806
25060,0.000468,172.217.194.0-255,1484,59908,50,200806
25061,0.000472,172.31.46.0-255,66,59974,50,200806
25062,0.000478,172.217.194.0-255,2902,62876,50,200806
25063,0.00048,172.31.46.0-255,66,62942,50,200806
25064,0.000497,172.217.194.0-255,5738,68680,50,200806
25065,0.0005,172.31.46.0-255,66,68746,50,200806
25066,0.000533,172.31.46.0-255,66,68812,50,200806
25067,0.000559,172.217.194.0-255,4320,73132,50,200806
25068,0.000561,172.31.46.0-255,66,73198,50,200806
25069,0.000574,172.31.46.0-255,66,73264,50,200806
25070,0.000953,172.217.194.0-255,1484,74748,50,200806
25071,0.000961,172.217.194.0-255,2902,77650,50,200806
25072,0.000965,172.31.46.0-255,66,77716,50,200806
25073,0.000972,172.217.194.0-255,4320,82036,50,200806
25074,0.000974,172.31.46.0-255,66,82102,50,200806
25075,0.000987,172.217.194.0-255,1484,83586,50,200806
25076,0.00099,172.217.194.0-255,1484,85070,50,200806
25077,0.000992,172.31.46.0-255,66,85136,50,200806
25078,0.001026,172.31.46.0-255,66,85202,50,200806
25079,0.001043,172.217.194.0-255,1484,86686,50,200806
25080,0.001054,172.217.194.0-255,1484,88170,50,200806
25081,0.001056,172.31.46.0-255,66,88236,50,200806
25082,0.00108,172.31.46.0-255,66,88302,50,200806
25083,0.001212,172.217.194.0-255,1484,89786,50,200806
25084,0.001217,172.217.194.0-255,2902,92688,50,200806
25085,0.00122,172.31.46.0-255,66,92754,50,200806
25086,0.001224,172.217.194.0-255,1484,94238,50,200806
25087,0.001243,172.217.194.0-255,4320,98558,50,200806
25088,0.001246,172.31.46.0-255,66,98624,50,200806
25089,0.001277,172.217.194.0-255,4320,102944,50,200806
25090,0.00128,172.31.46.0-255,66,103010,50,200806
25091,0.001313,172.31.46.0-255,66,103076,50,200806
25092,0.001321,172.217.194.0-255,7156,110232,50,200806
25093,0.001324,172.31.46.0-255,66,110298,50,200806
25094,0.001336,172.217.194.0-255,1484,111782,50,200806
25095,0.00134,172.217.194.0-255,2184,113966,50,200806
25096,0.001343,172.31.46.0-255,66,114032,50,200806
25097,0.00147,172.217.194.0-255,1484,115516,50,200806
25098,0.001495,172.217.194.0-255,2902,118418,50,200806
25099,0.001499,172.31.46.0-255,66,118484,50,200806
25100,0.001504,172.217.194.0-255,2902,121386,50,200806
25101,0.001506,172.31.46.0-255,66,121452,50,200806
25102,0.00152,172.217.194.0-255,2902,124354,50,200806
25103,0.001522,172.31.46.0-255,66,124420,50,200806
25104,0.001539,172.217.194.0-255,4320,128740,50,200806
25105,0.001542,172.31.46.0-255,66,128806,50,200806
25106,0.001545,172.217.194.0-255,1484,130290,50,200806
25107,0.001585,172.217.194.0-255,3602,133892,50,200806
25108,0.001589,172.31.46.0-255,66,133958,50,200806
25109,0.001597,172.31.46.0-255,66,134024,50,200806
25110,0.001633,172.217.194.0-255,1484,135508,50,200806
25111,0.001637,172.217.194.0-255,1484,136992,50,200806
25112,0.001639,172.31.46.0-255,66,137058,50,200806
25113,0.001655,172.217.194.0-255,1484,138542,50,200806
25114,0.00166,172.217.194.0-255,2902,141444,50,200806
25115,0.001662,172.31.46.0-255,66,141510,50,200806
25116,0.001678,172.217.194.0-255,1484,142994,50,200806
25117,0.001685,172.217.194.0-255,4320,147314,50,200806
25118,0.001687,172.31.46.0-255,66,147380,50,200806
25119,0.001709,172.217.194.0-255,4320,151700,50,200806
25120,0.001712,172.31.46.0-255,66,151766,50,200806
25121,0.001765,172.217.194.0-255,4320,156086,50,200806
25122,0.001768,172.31.46.0-255,66,156152,50,200806
25123,0.001797,172.31.46.0-255,66,156218,50,200806
25124,0.001799,172.217.194.0-255,766,156984,50,200806
25125,0.001953,172.217.194.0-255,1484,158468,50,200806
25126,0.001958,172.217.194.0-255,2902,161370,50,200806
25127,0.001963,172.217.194.0-255,4320,165690,50,200806
25128,0.001972,172.217.194.0-255,1484,167174,50,200806
25129,0.001977,172.31.46.0-255,66,167240,50,200806
25130,0.001985,172.31.46.0-255,66,167306,50,200806
25131,0.001988,172.31.46.0-255,66,167372,50,200806
25132,0.001993,172.217.194.0-255,2902,170274,50,200806
25133,0.001995,172.31.46.0-255,66,170340,50,200806
25134,0.002034,172.31.46.0-255,66,170406,50,200806
25135,0.002065,172.31.46.0-255,66,170472,50,200806
25136,0.002079,172.217.194.0-255,766,171238,50,200806
25137,0.002153,172.217.194.0-255,1484,172722,50,200806
25138,0.002156,172.31.46.0-255,66,172788,50,200806
25139,0.002161,172.217.194.0-255,2902,175690,50,200806
25140,0.002164,172.31.46.0-255,66,175756,50,200806
25141,0.002168,172.217.194.0-255,2902,178658,50,200806
25142,0.00217,172.31.46.0-255,66,178724,50,200806
25143,0.002193,172.217.194.0-255,2902,181626,50,200806
25144,0.002196,172.31.46.0-255,66,181692,50,200806
25145,0.002202,172.217.194.0-255,5738,187430,50,200806
25146,0.002205,172.31.46.0-255,66,187496,50,200806
25147,0.002226,172.217.194.0-255,7156,194652,50,200806
25148,0.002229,172.31.46.0-255,66,194718,50,200806
25149,0.002239,172.31.46.0-255,66,194784,50,200806
25150,0.002254,172.217.194.0-255,2184,196968,50,200806
25151,0.002257,172.31.46.0-255,66,197034,50,200806
25152,0.002275,172.217.194.0-255,2902,199936,50,200806
25153,0.002278,172.31.46.0-255,66,200002,50,200806
25154,0.002345,172.31.46.0-255,66,200068,50,200806
25155,0.002374,172.31.46.0-255,66,200134,50,200806
25156,0.002385,172.31.46.0-255,66,200200,50,200806
25157,0.002405,172.31.46.0-255,66,200266,50,200806
25158,0.002453,172.31.46.0-255,66,200332,50,200806
25159,0.002475,172.31.46.0-255,66,200398,50,200806
25160,0.002493,172.31.46.0-255,66,200464,50,200806
25161,0.002517,172.217.194.0-255,105,200569,50,200806
25162,0.011223,172.31.46.0-255,66,200635,50,200806
25163,0.011275,172.31.46.0-255,105,200740,50,200806
25164,0.013818,172.217.194.0-255,66,200806,50,200806
25165,0.0,74.125.200.0-255,148,148,50,95344
25166,1.4e-05,172.31.46.0-255,66,214,50,95344
25167,2e-05,74.125.200.0-255,1484,1698,50,95344
25168,2.6e-05,172.31.46.0-255,66,1764,50,95344
25169,3.3e-05,74.125.200.0-255,2902,4666,50,95344
25170,3.6e-05,172.31.46.0-255,66,4732,50,95344
25171,7.7e-05,74.125.200.0-255,7156,11888,50,95344
25172,8e-05,172.31.46.0-255,66,11954,50,95344
25173,9.8e-05,74.125.200.0-255,2902,14856,50,95344
25174,0.000101,172.31.46.0-255,66,14922,50,95344
25175,0.000122,74.125.200.0-255,4879,19801,50,95344
25176,0.000125,172.31.46.0-255,66,19867,50,95344
25177,0.000171,74.125.200.0-255,4320,24187,50,95344
25178,0.000174,172.31.46.0-255,66,24253,50,95344
25179,0.000198,74.125.200.0-255,4320,28573,50,95344
25180,0.000201,172.31.46.0-255,66,28639,50,95344
25181,0.00022,74.125.200.0-255,2543,31182,50,95344
25182,0.000223,172.31.46.0-255,66,31248,50,95344
25183,0.000254,74.125.200.0-255,2902,34150,50,95344
25184,0.000257,172.31.46.0-255,66,34216,50,95344
25185,0.00028,74.125.200.0-255,4320,38536,50,95344
25186,0.000282,172.31.46.0-255,66,38602,50,95344
25187,0.000315,74.125.200.0-255,7156,45758,50,95344
25188,0.000318,172.31.46.0-255,66,45824,50,95344
25189,0.000331,74.125.200.0-255,1484,47308,50,95344
25190,0.000333,172.31.46.0-255,66,47374,50,95344
25191,0.000395,172.31.46.0-255,66,47440,50,95344
25192,0.000453,74.125.200.0-255,5738,53178,50,95344
25193,0.000456,172.31.46.0-255,66,53244,50,95344
25194,0.000476,74.125.200.0-255,4237,57481,50,95344
25195,0.000479,172.31.46.0-255,66,57547,50,95344
25196,0.00051,74.125.200.0-255,130,57677,50,95344
25197,0.000563,74.125.200.0-255,2902,60579,50,95344
25198,0.000577,172.31.46.0-255,66,60645,50,95344
25199,0.000649,172.31.46.0-255,66,60711,50,95344
25200,0.000652,74.125.200.0-255,1484,62195,50,95344
25201,0.000721,74.125.200.0-255,5738,67933,50,95344
25202,0.000734,172.31.46.0-255,66,67999,50,95344
25203,0.000752,74.125.200.0-255,6438,74437,50,95344
25204,0.000772,172.31.46.0-255,66,74503,50,95344
25205,0.000835,172.31.46.0-255,66,74569,50,95344
25206,0.00087,74.125.200.0-255,1765,76334,50,95344
25207,0.000879,172.31.46.0-255,66,76400,50,95344
25208,0.001026,74.125.200.0-255,2902,79302,50,95344
25209,0.001089,172.31.46.0-255,66,79368,50,95344
25210,0.001138,74.125.200.0-255,7156,86524,50,95344
25211,0.001166,172.31.46.0-255,66,86590,50,95344
25212,0.00121,172.31.46.0-255,66,86656,50,95344
25213,0.001383,74.125.200.0-255,5738,92394,50,95344
25214,0.001424,172.31.46.0-255,66,92460,50,95344
25215,0.001446,172.31.46.0-255,66,92526,50,95344
25216,0.001681,172.31.46.0-255,66,92592,50,95344
25217,0.00174,172.31.46.0-255,66,92658,50,95344
25218,0.001967,172.31.46.0-255,66,92724,50,95344
25219,0.002015,172.31.46.0-255,66,92790,50,95344
25220,0.002242,172.31.46.0-255,66,92856,50,95344
25221,0.002289,172.31.46.0-255,66,92922,50,95344
25222,0.002381,172.31.46.0-255,66,92988,50,95344
25223,0.002772,172.31.46.0-255,66,93054,50,95344
25224,0.002808,172.31.46.0-255,66,93120,50,95344
25225,0.002976,172.31.46.0-255,66,93186,50,95344
25226,0.003028,172.31.46.0-255,66,93252,50,95344
25227,0.003058,172.31.46.0-255,66,93318,50,95344
25228,0.003068,74.125.200.0-255,1789,95107,50,95344
25229,0.003093,172.31.46.0-255,66,95173,50,95344
25230,0.011073,172.31.46.0-255,105,95278,50,95344
25231,0.013081,74.125.200.0-255,66,95344,50,95344
25232,0.0,172.217.160.0-255,297,297,50,167729
25233,2.3e-05,172.31.46.0-255,66,363,50,167729
25234,3e-05,172.217.160.0-255,1484,1847,50,167729
25235,3.4e-05,172.31.46.0-255,66,1913,50,167729
25236,4.2e-05,172.217.160.0-255,4320,6233,50,167729
25237,4.5e-05,172.31.46.0-255,66,6299,50,167729
25238,5.8e-05,172.31.46.0-255,66,6365,50,167729
25239,6.5e-05,172.217.160.0-255,5738,12103,50,167729
25240,6.8e-05,172.31.46.0-255,66,12169,50,167729
25241,9.7e-05,172.31.46.0-255,66,12235,50,167729
25242,0.000117,172.217.160.0-255,1484,13719,50,167729
25243,0.000119,172.31.46.0-255,66,13785,50,167729
25244,0.000124,172.217.160.0-255,2902,16687,50,167729
25245,0.000126,172.31.46.0-255,66,16753,50,167729
25246,0.000155,172.217.160.0-255,5738,22491,50,167729
25247,0.000157,172.31.46.0-255,66,22557,50,167729
25248,0.000171,172.31.46.0-255,66,22623,50,167729
25249,0.000214,172.217.160.0-255,7156,29779,50,167729
25250,0.000217,172.31.46.0-255,66,29845,50,167729
25251,0.000273,172.217.160.0-255,5326,35171,50,167729
25252,0.000277,172.31.46.0-255,66,35237,50,167729
25253,0.000856,172.217.160.0-255,106,35343,50,167729
25254,0.000863,172.31.46.0-255,66,35409,50,167729
25255,0.001135,172.217.160.0-255,1484,36893,50,167729
25256,0.001139,172.31.46.0-255,66,36959,50,167729
25257,0.001145,172.217.160.0-255,2902,39861,50,167729
25258,0.001148,172.31.46.0-255,66,39927,50,167729
25259,0.001151,172.217.160.0-255,1484,41411,50,167729
25260,0.001153,172.31.46.0-255,66,41477,50,167729
25261,0.001179,172.217.160.0-255,4320,45797,50,167729
25262,0.001183,172.217.160.0-255,1484,47281,50,167729
25263,0.0012,172.217.160.0-255,7156,54437,50,167729
25264,0.001213,172.31.46.0-255,66,54503,50,167729
25265,0.001229,172.217.160.0-255,5738,60241,50,167729
25266,0.001242,172.217.160.0-255,1484,61725,50,167729
25267,0.00127,172.217.160.0-255,4320,66045,50,167729
25268,0.001286,172.217.160.0-255,4320,70365,50,167729
25269,0.001289,172.31.46.0-255,66,70431,50,167729
25270,0.001298,172.217.160.0-255,2902,73333,50,167729
25271,0.001303,172.31.46.0-255,66,73399,50,167729
25272,0.001341,172.217.160.0-255,2184,75583,50,167729
25273,0.001361,172.217.160.0-255,1484,77067,50,167729
25274,0.001367,172.31.46.0-255,66,77133,50,167729
25275,0.001381,172.217.160.0-255,2902,80035,50,167729
25276,0.001396,172.217.160.0-255,7156,87191,50,167729
25277,0.001424,172.217.160.0-255,5020,92211,50,167729
25278,0.001439,172.31.46.0-255,66,92277,50,167729
25279,0.003336,172.217.160.0-255,5738,98015,50,167729
25280,0.00335,172.31.46.0-255,66,98081,50,167729
25281,0.005244,172.217.160.0-255,5738,103819,50,167729
25282,0.005994,172.31.46.0-255,66,103885,50,167729
25283,0.007885,172.217.160.0-255,5738,109623,50,167729
25284,0.007892,172.31.46.0-255,66,109689,50,167729
25285,0.009778,172.217.160.0-255,5738,115427,50,167729
25286,0.010115,172.31.46.0-255,66,115493,50,167729
25287,0.012011,172.217.160.0-255,5738,121231,50,167729
25288,0.012019,172.31.46.0-255,66,121297,50,167729
25289,0.013913,172.217.160.0-255,5738,127035,50,167729
25290,0.016397,172.31.46.0-255,66,127101,50,167729
25291,0.018292,172.217.160.0-255,5738,132839,50,167729
25292,0.018304,172.31.46.0-255,66,132905,50,167729
25293,0.020199,172.217.160.0-255,5738,138643,50,167729
25294,0.020207,172.31.46.0-255,66,138709,50,167729
25295,0.022106,172.217.160.0-255,5738,144447,50,167729
25296,0.022114,172.31.46.0-255,66,144513,50,167729
25297,0.024001,172.217.160.0-255,5738,150251,50,167729
25298,0.024007,172.31.46.0-255,66,150317,50,167729
25299,0.025896,172.217.160.0-255,5738,156055,50,167729
25300,0.025903,172.31.46.0-255,66,156121,50,167729
25301,0.027786,172.217.160.0-255,5738,161859,50,167729
25302,0.027792,172.31.46.0-255,66,161925,50,167729
25303,0.029686,172.217.160.0-255,5738,167663,50,167729
25304,0.029695,172.31.46.0-255,66,167729,50,167729
25305,0.0,74.125.24.0-255,298,298,50,246166
25306,2.4e-05,172.31.46.0-255,66,364,50,246166
25307,3e-05,74.125.24.0-255,1484,1848,50,246166
25308,3.5e-05,172.31.46.0-255,66,1914,50,246166
25309,4.1e-05,74.125.24.0-255,2902,4816,50,246166
25310,5.2e-05,172.31.46.0-255,66,4882,50,246166
25311,5.8e-05,74.125.24.0-255,5738,10620,50,246166
25312,6.2e-05,172.31.46.0-255,66,10686,50,246166
25313,7.7e-05,74.125.24.0-255,3276,13962,50,246166
25314,7.9e-05,172.31.46.0-255,66,14028,50,246166
25315,0.001537,74.125.24.0-255,1484,15512,50,246166
25316,0.001546,172.31.46.0-255,66,15578,50,246166
25317,0.001557,74.125.24.0-255,2902,18480,50,246166
25318,0.001564,172.31.46.0-255,66,18546,50,246166
25319,0.001572,74.125.24.0-255,5738,24284,50,246166
25320,0.001575,172.31.46.0-255,66,24350,50,246166
25321,0.001587,172.31.46.0-255,66,24416,50,246166
25322,0.001591,74.125.24.0-255,2902,27318,50,246166
25323,0.001593,172.31.46.0-255,66,27384,50,246166
25324,0.001632,74.125.24.0-255,5738,33122,50,246166
25325,0.001635,172.31.46.0-255,66,33188,50,246166
25326,0.001658,172.31.46.0-255,66,33254,50,246166
25327,0.001664,74.125.24.0-255,5020,38274,50,246166
25328,0.001667,172.31.46.0-255,66,38340,50,246166
25329,0.001824,74.125.24.0-255,399,38739,50,246166
25330,0.001831,172.31.46.0-255,66,38805,50,246166
25331,0.001966,74.125.24.0-255,1484,40289,50,246166
25332,0.00197,172.31.46.0-255,66,40355,50,246166
25333,0.001975,74.125.24.0-255,2902,43257,50,246166
25334,0.001977,172.31.46.0-255,66,43323,50,246166
25335,0.00198,74.125.24.0-255,1484,44807,50,246166
25336,0.002009,74.125.24.0-255,4320,49127,50,246166
25337,0.002011,172.31.46.0-255,66,49193,50,246166
25338,0.002047,74.125.24.0-255,4320,53513,50,246166
25339,0.00205,172.31.46.0-255,66,53579,50,246166
25340,0.002087,172.31.46.0-255,66,53645,50,246166
25341,0.002104,172.31.46.0-255,66,53711,50,246166
25342,0.002107,74.125.24.0-255,344,54055,50,246166
25343,0.002179,74.125.24.0-255,1484,55539,50,246166
25344,0.002182,172.31.46.0-255,66,55605,50,246166
25345,0.002187,74.125.24.0-255,2902,58507,50,246166
25346,0.002189,172.31.46.0-255,66,58573,50,246166
25347,0.00223,74.125.24.0-255,5738,64311,50,246166
25348,0.002232,172.31.46.0-255,66,64377,50,246166
25349,0.002247,172.31.46.0-255,66,64443,50,246166
25350,0.002265,172.31.46.0-255,66,64509,50,246166
25351,0.002385,74.125.24.0-255,1484,65993,50,246166
25352,0.002401,74.125.24.0-255,2902,68895,50,246166
25353,0.002403,172.31.46.0-255,66,68961,50,246166
25354,0.002407,74.125.24.0-255,1484,70445,50,246166
25355,0.00241,74.125.24.0-255,1484,71929,50,246166
25356,0.002412,172.31.46.0-255,66,71995,50,246166
25357,0.002441,74.125.24.0-255,5738,77733,50,246166
25358,0.002444,172.31.46.0-255,66,77799,50,246166
25359,0.002466,74.125.24.0-255,5738,83537,50,246166
25360,0.002468,172.31.46.0-255,66,83603,50,246166
25361,0.002471,74.125.24.0-255,1484,85087,50,246166
25362,0.002504,172.31.46.0-255,66,85153,50,246166
25363,0.002534,74.125.24.0-255,3602,88755,50,246166
25364,0.002537,172.31.46.0-255,66,88821,50,246166
25365,0.00254,74.125.24.0-255,1484,90305,50,246166
25366,0.002544,74.125.24.0-255,2902,93207,50,246166
25367,0.002546,172.31.46.0-255,66,93273,50,246166
25368,0.002558,74.125.24.0-255,5738,99011,50,246166
25369,0.00256,172.31.46.0-255,66,99077,50,246166
25370,0.002571,172.31.46.0-255,66,99143,50,246166
25371,0.002595,74.125.24.0-255,1484,100627,50,246166
25372,0.002619,74.125.24.0-255,4320,104947,50,246166
25373,0.002622,172.31.46.0-255,66,105013,50,246166
25374,0.002654,172.31.46.0-255,66,105079,50,246166
25375,0.00292,74.125.24.0-255,1484,106563,50,246166
25376,0.002936,74.125.24.0-255,2902,109465,50,246166
25377,0.002939,172.31.46.0-255,66,109531,50,246166
25378,0.002942,74.125.24.0-255,1484,111015,50,246166
25379,0.002968,74.125.24.0-255,4320,115335,50,246166
25380,0.002971,172.31.46.0-255,66,115401,50,246166
25381,0.002985,172.31.46.0-255,66,115467,50,246166
25382,0.003003,172.31.46.0-255,66,115533,50,246166
25383,0.00303,74.125.24.0-255,766,116299,50,246166
25384,0.003348,74.125.24.0-255,1484,117783,50,246166
25385,0.003351,172.31.46.0-255,66,117849,50,246166
25386,0.003355,74.125.24.0-255,2902,120751,50,246166
25387,0.003358,172.31.46.0-255,66,120817,50,246166
25388,0.003361,74.125.24.0-255,1484,122301,50,246166
25389,0.003397,74.125.24.0-255,4320,126621,50,246166
25390,0.0034,172.31.46.0-255,66,126687,50,246166
25391,0.003406,74.125.24.0-255,5738,132425,50,246166
25392,0.003408,172.31.46.0-255,66,132491,50,246166
25393,0.003442,74.125.24.0-255,5020,137511,50,246166
25394,0.003941,74.125.24.0-255,1484,138995,50,246166
25395,0.003949,74.125.24.0-255,2902,141897,50,246166
25396,0.003968,74.125.24.0-255,2902,144799,50,246166
25397,0.003975,74.125.24.0-255,4320,149119,50,246166
25398,0.004007,74.125.24.0-255,5738,154857,50,246166
25399,0.004014,74.125.24.0-255,7156,162013,50,246166
25400,0.004017,74.125.24.0-255,1484,163497,50,246166
25401,0.004046,74.125.24.0-255,1484,164981,50,246166
25402,0.004072,74.125.24.0-255,6438,171419,50,246166
25403,0.004121,74.125.24.0-255,1484,172903,50,246166
25404,0.004124,74.125.24.0-255,1484,174387,50,246166
25405,0.004134,74.125.24.0-255,1484,175871,50,246166
25406,0.004149,74.125.24.0-255,5738,181609,50,246166
25407,0.004168,74.125.24.0-255,5738,187347,50,246166
25408,0.004174,74.125.24.0-255,4320,191667,50,246166
25409,0.0042,74.125.24.0-255,1484,193151,50,246166
25410,0.004218,74.125.24.0-255,3602,196753,50,246166
25411,0.004288,74.125.24.0-255,1484,198237,50,246166
25412,0.004292,74.125.24.0-255,2902,201139,50,246166
25413,0.004313,74.125.24.0-255,5738,206877,50,246166
25414,0.004319,74.125.24.0-255,5738,212615,50,246166
25415,0.00434,74.125.24.0-255,4320,216935,50,246166
25416,0.00436,74.125.24.0-255,5738,222673,50,246166
25417,0.004363,74.125.24.0-255,1484,224157,50,246166
25418,0.004369,74.125.24.0-255,6438,230595,50,246166
25419,0.004372,74.125.24.0-255,1484,232079,50,246166
25420,0.004397,74.125.24.0-255,1484,233563,50,246166
25421,0.004414,74.125.24.0-255,2902,236465,50,246166
25422,0.004449,74.125.24.0-255,1484,237949,50,246166
25423,0.004468,74.125.24.0-255,2902,240851,50,246166
25424,0.004517,74.125.24.0-255,4973,245824,50,246166
25425,0.004536,74.125.24.0-255,105,245929,50,246166
25426,0.005186,172.31.46.0-255,66,245995,50,246166
25427,0.008251,172.31.46.0-255,105,246100,50,246166
25428,0.010559,74.125.24.0-255,66,246166,50,246166
25429,0.0,74.125.24.0-255,150,150,50,242596
25430,2.3e-05,172.31.46.0-255,66,216,50,242596
25431,3e-05,74.125.24.0-255,1484,1700,50,242596
25432,3.4e-05,172.31.46.0-255,66,1766,50,242596
25433,3.9e-05,74.125.24.0-255,2902,4668,50,242596
25434,4.2e-05,172.31.46.0-255,66,4734,50,242596
25435,6.5e-05,74.125.24.0-255,7156,11890,50,242596
25436,6.8e-05,172.31.46.0-255,66,11956,50,242596
25437,7.2e-05,74.125.24.0-255,2104,14060,50,242596
25438,7.4e-05,172.31.46.0-255,66,14126,50,242596
25439,0.000243,74.125.24.0-255,1484,15610,50,242596
25440,0.000248,172.31.46.0-255,66,15676,50,242596
25441,0.000254,74.125.24.0-255,2902,18578,50,242596
25442,0.000256,172.31.46.0-255,66,18644,50,242596
25443,0.000289,74.125.24.0-255,1484,20128,50,242596
25444,0.000291,172.31.46.0-255,66,20194,50,242596
25445,0.000309,74.125.24.0-255,4320,24514,50,242596
25446,0.000312,172.31.46.0-255,66,24580,50,242596
25447,0.00032,74.125.24.0-255,6797,31377,50,242596
25448,0.000322,172.31.46.0-255,66,31443,50,242596
25449,0.00035,74.125.24.0-255,1484,32927,50,242596
25450,0.000353,172.31.46.0-255,66,32993,50,242596
25451,0.000372,74.125.24.0-255,2902,35895,50,242596
25452,0.000375,172.31.46.0-255,66,35961,50,242596
25453,0.000379,74.125.24.0-255,2902,38863,50,242596
25454,0.000381,172.31.46.0-255,66,38929,50,242596
25455,0.000397,74.125.24.0-255,2902,41831,50,242596
25456,0.0004,172.31.46.0-255,66,41897,50,242596
25457,0.00042,74.125.24.0-255,2902,44799,50,242596
25458,0.000423,172.31.46.0-255,66,44865,50,242596
25459,0.000437,74.125.24.0-255,3961,48826,50,242596
25460,0.00044,172.31.46.0-255,66,48892,50,242596
25461,0.000468,74.125.24.0-255,1484,50376,50,242596
25462,0.000481,74.125.24.0-255,2902,53278,50,242596
25463,0.000484,172.31.46.0-255,66,53344,50,242596
25464,0.000487,74.125.24.0-255,1484,54828,50,242596
25465,0.000507,74.125.24.0-255,4320,59148,50,242596
25466,0.000509,172.31.46.0-255,66,59214,50,242596
25467,0.000532,74.125.24.0-255,7101,66315,50,242596
25468,0.000535,172.31.46.0-255,66,66381,50,242596
25469,0.000659,74.125.24.0-255,114,66495,50,242596
25470,0.000678,74.125.24.0-255,335,66830,50,242596
25471,0.001028,74.125.24.0-255,1484,68314,50,242596
25472,0.001034,172.31.46.0-255,66,68380,50,242596
25473,0.00104,74.125.24.0-255,2902,71282,50,242596
25474,0.001043,172.31.46.0-255,66,71348,50,242596
25475,0.001049,74.125.24.0-255,5738,77086,50,242596
25476,0.001052,172.31.46.0-255,66,77152,50,242596
25477,0.001072,74.125.24.0-255,4320,81472,50,242596
25478,0.001075,172.31.46.0-255,66,81538,50,242596
25479,0.001109,172.31.46.0-255,66,81604,50,242596
25480,0.001153,74.125.24.0-255,2902,84506,50,242596
25481,0.001157,172.31.46.0-255,66,84572,50,242596
25482,0.001175,74.125.24.0-255,2902,87474,50,242596
25483,0.001177,172.31.46.0-255,66,87540,50,242596
25484,0.001205,74.125.24.0-255,5020,92560,50,242596
25485,0.001208,172.31.46.0-255,66,92626,50,242596
25486,0.002278,74.125.24.0-255,1484,94110,50,242596
25487,0.002287,74.125.24.0-255,1484,95594,50,242596
25488,0.002291,172.31.46.0-255,66,95660,50,242596
25489,0.002296,74.125.24.0-255,1484,97144,50,242596
25490,0.002315,74.125.24.0-255,2902,100046,50,242596
25491,0.002317,172.31.46.0-255,66,100112,50,242596
25492,0.002325,74.125.24.0-255,7156,107268,50,242596
25493,0.002326,172.31.46.0-255,66,107334,50,242596
25494,0.002352,74.125.24.0-255,2902,110236,50,242596
25495,0.002354,172.31.46.0-255,66,110302,50,242596
25496,0.002372,74.125.24.0-255,2902,113204,50,242596
25497,0.002374,172.31.46.0-255,66,113270,50,242596
25498,0.002382,74.125.24.0-255,7156,120426,50,242596
25499,0.002384,172.31.46.0-255,66,120492,50,242596
25500,0.002408,74.125.24.0-255,4320,124812,50,242596
25501,0.00241,172.31.46.0-255,66,124878,50,242596
25502,0.002429,74.125.24.0-255,2184,127062,50,242596
25503,0.002431,172.31.46.0-255,66,127128,50,242596
25504,0.002551,74.125.24.0-255,1484,128612,50,242596
25505,0.002557,74.125.24.0-255,2902,131514,50,242596
25506,0.00256,172.31.46.0-255,66,131580,50,242596
25507,0.002575,74.125.24.0-255,4320,135900,50,242596
25508,0.002578,172.31.46.0-255,66,135966,50,242596
25509,0.002603,74.125.24.0-255,1484,137450,50,242596
25510,0.002609,74.125.24.0-255,4320,141770,50,242596
25511,0.002612,172.31.46.0-255,66,141836,50,242596
25512,0.002618,74.125.24.0-255,4320,146156,50,242596
25513,0.002621,172.31.46.0-255,66,146222,50,242596
25514,0.002644,74.125.24.0-255,7156,153378,50,242596
25515,0.002646,172.31.46.0-255,66,153444,50,242596
25516,0.00269,172.31.46.0-255,66,153510,50,242596
25517,0.002756,74.125.24.0-255,2902,156412,50,242596
25518,0.002759,172.31.46.0-255,66,156478,50,242596
25519,0.002787,172.31.46.0-255,66,156544,50,242596
25520,0.002807,74.125.24.0-255,5738,162282,50,242596
25521,0.00281,172.31.46.0-255,66,162348,50,242596
25522,0.002857,74.125.24.0-255,5738,168086,50,242596
25523,0.002861,172.31.46.0-255,66,168152,50,242596
25524,0.002872,74.125.24.0-255,2184,170336,50,242596
25525,0.002874,172.31.46.0-255,66,170402,50,242596
25526,0.002932,172.31.46.0-255,66,170468,50,242596
25527,0.002949,74.125.24.0-255,1484,171952,50,242596
25528,0.003012,172.31.46.0-255,66,172018,50,242596
25529,0.003028,74.125.24.0-255,3602,175620,50,242596
25530,0.003031,172.31.46.0-255,66,175686,50,242596
25531,0.003063,74.125.24.0-255,1484,177170,50,242596
25532,0.003068,74.125.24.0-255,2902,180072,50,242596
25533,0.003071,172.31.46.0-255,66,180138,50,242596
25534,0.003077,74.125.24.0-255,5738,185876,50,242596
25535,0.003079,172.31.46.0-255,66,185942,50,242596
25536,0.003111,74.125.24.0-255,5738,191680,50,242596
25537,0.003114,172.31.46.0-255,66,191746,50,242596
25538,0.003135,74.125.24.0-255,7156,198902,50,242596
25539,0.003138,172.31.46.0-255,66,198968,50,242596
25540,0.003154,74.125.24.0-255,2902,201870,50,242596
25541,0.003156,172.31.46.0-255,66,201936,50,242596
25542,0.003179,74.125.24.0-255,4320,206256,50,242596
25543,0.003181,172.31.46.0-255,66,206322,50,242596
25544,0.003209,172.31.46.0-255,66,206388,50,242596
25545,0.003234,172.31.46.0-255,66,206454,50,242596
25546,0.0033,74.125.24.0-255,5738,212192,50,242596
25547,0.003303,172.31.46.0-255,66,212258,50,242596
25548,0.00333,172.31.46.0-255,66,212324,50,242596
25549,0.00337,74.125.24.0-255,1484,213808,50,242596
25550,0.003393,74.125.24.0-255,7156,220964,50,242596
25551,0.003397,172.31.46.0-255,66,221030,50,242596
25552,0.003431,172.31.46.0-255,66,221096,50,242596
25553,0.003503,74.125.24.0-255,2902,223998,50,242596
25554,0.003507,172.31.46.0-255,66,224064,50,242596
25555,0.003529,74.125.24.0-255,6438,230502,50,242596
25556,0.003532,172.31.46.0-255,66,230568,50,242596
25557,0.003551,74.125.24.0-255,4320,234888,50,242596
25558,0.003554,172.31.46.0-255,66,234954,50,242596
25559,0.003568,74.125.24.0-255,5738,240692,50,242596
25560,0.003572,172.31.46.0-255,66,240758,50,242596
25561,0.003591,172.31.46.0-255,66,240824,50,242596
25562,0.003656,172.31.46.0-255,66,240890,50,242596
25563,0.003854,172.31.46.0-255,66,240956,50,242596
25564,0.003895,74.125.24.0-255,1298,242254,50,242596
25565,0.003899,74.125.24.0-255,105,242359,50,242596
25566,0.007022,172.31.46.0-255,66,242425,50,242596
25567,0.007062,172.31.46.0-255,105,242530,50,242596
25568,0.008996,74.125.24.0-255,66,242596,50,242596
25569,0.0,172.217.194.0-255,152,152,50,195327
25570,2.1e-05,172.31.46.0-255,66,218,50,195327
25571,2.8e-05,172.217.194.0-255,1484,1702,50,195327
25572,3.2e-05,172.31.46.0-255,66,1768,50,195327
25573,3.6e-05,172.217.194.0-255,2902,4670,50,195327
25574,4.7e-05,172.31.46.0-255,66,4736,50,195327
25575,5.3e-05,172.217.194.0-255,5738,10474,50,195327
25576,5.6e-05,172.31.46.0-255,66,10540,50,195327
25577,9.6e-05,172.217.194.0-255,4811,15351,50,195327
25578,9.9e-05,172.31.46.0-255,66,15417,50,195327
25579,0.000103,172.217.194.0-255,1484,16901,50,195327
25580,0.000105,172.31.46.0-255,66,16967,50,195327
25581,0.000136,172.217.194.0-255,4320,21287,50,195327
25582,0.000138,172.31.46.0-255,66,21353,50,195327
25583,0.000145,172.217.194.0-255,7156,28509,50,195327
25584,0.000147,172.31.46.0-255,66,28575,50,195327
25585,0.000173,172.217.194.0-255,2543,31118,50,195327
25586,0.000175,172.31.46.0-255,66,31184,50,195327
25587,0.000197,172.217.194.0-255,1484,32668,50,195327
25588,0.000199,172.31.46.0-255,66,32734,50,195327
25589,0.000203,172.217.194.0-255,2902,35636,50,195327
25590,0.000205,172.31.46.0-255,66,35702,50,195327
25591,0.00021,172.217.194.0-255,4320,40022,50,195327
25592,0.000212,172.31.46.0-255,66,40088,50,195327
25593,0.000227,172.217.194.0-255,1484,41572,50,195327
25594,0.000229,172.31.46.0-255,66,41638,50,195327
25595,0.000261,172.217.194.0-255,5738,47376,50,195327
25596,0.000264,172.31.46.0-255,66,47442,50,195327
25597,0.000279,172.217.194.0-255,1125,48567,50,195327
25598,0.000281,172.31.46.0-255,66,48633,50,195327
25599,0.00043,172.217.194.0-255,1484,50117,50,195327
25600,0.000434,172.31.46.0-255,66,50183,50,195327
25601,0.000439,172.217.194.0-255,2902,53085,50,195327
25602,0.000442,172.31.46.0-255,66,53151,50,195327
25603,0.000447,172.217.194.0-255,4320,57471,50,195327
25604,0.000448,172.31.46.0-255,66,57537,50,195327
25605,0.000474,172.217.194.0-255,1484,59021,50,195327
25606,0.000493,172.217.194.0-255,4320,63341,50,195327
25607,0.000496,172.31.46.0-255,66,63407,50,195327
25608,0.000525,172.217.194.0-255,2841,66248,50,195327
25609,0.000527,172.31.46.0-255,66,66314,50,195327
25610,0.000546,172.217.194.0-255,380,66694,50,195327
25611,0.000789,172.217.194.0-255,1484,68178,50,195327
25612,0.000793,172.31.46.0-255,66,68244,50,195327
25613,0.000798,172.217.194.0-255,2902,71146,50,195327
25614,0.000799,172.31.46.0-255,66,71212,50,195327
25615,0.000802,172.217.194.0-255,1484,72696,50,195327
25616,0.000822,172.217.194.0-255,4320,77016,50,195327
25617,0.000828,172.31.46.0-255,66,77082,50,195327
25618,0.00086,172.217.194.0-255,4320,81402,50,195327
25619,0.000863,172.31.46.0-255,66,81468,50,195327
25620,0.000895,172.217.194.0-255,5379,86847,50,195327
25621,0.000897,172.31.46.0-255,66,86913,50,195327
25622,0.000907,172.31.46.0-255,66,86979,50,195327
25623,0.000914,172.217.194.0-255,3961,90940,50,195327
25624,0.000916,172.31.46.0-255,66,91006,50,195327
25625,0.001316,172.217.194.0-255,1484,92490,50,195327
25626,0.001322,172.217.194.0-255,2902,95392,50,195327
25627,0.001325,172.31.46.0-255,66,95458,50,195327
25628,0.001353,172.217.194.0-255,5738,101196,50,195327
25629,0.001356,172.31.46.0-255,66,101262,50,195327
25630,0.001358,172.217.194.0-255,1484,102746,50,195327
25631,0.001389,172.31.46.0-255,66,102812,50,195327
25632,0.001413,172.217.194.0-255,1484,104296,50,195327
25633,0.001439,172.31.46.0-255,66,104362,50,195327
25634,0.001461,172.217.194.0-255,2184,106546,50,195327
25635,0.001463,172.31.46.0-255,66,106612,50,195327
25636,0.002108,172.217.194.0-255,1484,108096,50,195327
25637,0.002118,172.217.194.0-255,2902,110998,50,195327
25638,0.002122,172.31.46.0-255,66,111064,50,195327
25639,0.002128,172.217.194.0-255,5738,116802,50,195327
25640,0.00213,172.31.46.0-255,66,116868,50,195327
25641,0.002179,172.31.46.0-255,66,116934,50,195327
25642,0.002224,172.31.46.0-255,66,117000,50,195327
25643,0.002277,172.217.194.0-255,1484,118484,50,195327
25644,0.002282,172.217.194.0-255,2902,121386,50,195327
25645,0.002284,172.31.46.0-255,66,121452,50,195327
25646,0.002315,172.217.194.0-255,5738,127190,50,195327
25647,0.002317,172.31.46.0-255,66,127256,50,195327
25648,0.002367,172.31.46.0-255,66,127322,50,195327
25649,0.002382,172.31.46.0-255,66,127388,50,195327
25650,0.004733,172.217.194.0-255,5738,133126,50,195327
25651,0.004738,172.31.46.0-255,66,133192,50,195327
25652,0.007074,172.217.194.0-255,5738,138930,50,195327
25653,0.00708,172.31.46.0-255,66,138996,50,195327
25654,0.009416,172.217.194.0-255,5738,144734,50,195327
25655,0.009422,172.31.46.0-255,66,144800,50,195327
25656,0.011762,172.217.194.0-255,5738,150538,50,195327
25657,0.011771,172.31.46.0-255,66,150604,50,195327
25658,0.014105,172.217.194.0-255,5738,156342,50,195327
25659,0.014114,172.31.46.0-255,66,156408,50,195327
25660,0.01647,172.217.194.0-255,5738,162146,50,195327
25661,0.016479,172.31.46.0-255,66,162212,50,195327
25662,0.018811,172.217.194.0-255,5738,167950,50,195327
25663,0.018818,172.31.46.0-255,66,168016,50,195327
25664,0.021174,172.217.194.0-255,5738,173754,50,195327
25665,0.021179,172.31.46.0-255,66,173820,50,195327
25666,0.023505,172.217.194.0-255,5738,179558,50,195327
25667,0.023512,172.31.46.0-255,66,179624,50,195327
25668,0.025836,172.217.194.0-255,5738,185362,50,195327
25669,0.025845,172.31.46.0-255,66,185428,50,195327
25670,0.02819,172.217.194.0-255,5738,191166,50,195327
25671,0.028198,172.31.46.0-255,66,191232,50,195327
25672,0.028741,172.31.46.0-255,172,191404,50,195327
25673,0.028766,172.31.46.0-255,1112,192516,50,195327
25674,0.028815,172.31.46.0-255,1514,194030,50,195327
25675,0.028816,172.31.46.0-255,1297,195327,50,195327
25676,0.0,74.125.24.0-255,153,153,50,184204
25677,2.4e-05,172.31.46.0-255,66,219,50,184204
25678,3.1e-05,74.125.24.0-255,1484,1703,50,184204
25679,3.6e-05,172.31.46.0-255,66,1769,50,184204
25680,5e-05,74.125.24.0-255,2902,4671,50,184204
25681,5.4e-05,172.31.46.0-255,66,4737,50,184204
25682,6.2e-05,74.125.24.0-255,7156,11893,50,184204
25683,6.5e-05,172.31.46.0-255,66,11959,50,184204
25684,7e-05,74.125.24.0-255,1968,13927,50,184204
25685,7.3e-05,172.31.46.0-255,66,13993,50,184204
25686,8.7e-05,172.31.46.0-255,66,14059,50,184204
25687,9.4e-05,74.125.24.0-255,5379,19438,50,184204
25688,9.7e-05,172.31.46.0-255,66,19504,50,184204
25689,0.000288,74.125.24.0-255,1484,20988,50,184204
25690,0.000294,172.31.46.0-255,66,21054,50,184204
25691,0.0003,74.125.24.0-255,2902,23956,50,184204
25692,0.000302,172.31.46.0-255,66,24022,50,184204
25693,0.000306,74.125.24.0-255,1484,25506,50,184204
25694,0.000314,172.31.46.0-255,66,25572,50,184204
25695,0.000346,74.125.24.0-255,4320,29892,50,184204
25696,0.000349,172.31.46.0-255,66,29958,50,184204
25697,0.000362,172.31.46.0-255,66,30024,50,184204
25698,0.000373,74.125.24.0-255,5738,35762,50,184204
25699,0.000376,172.31.46.0-255,66,35828,50,184204
25700,0.000405,74.125.24.0-255,5738,41566,50,184204
25701,0.000411,172.31.46.0-255,66,41632,50,184204
25702,0.000414,74.125.24.0-255,1125,42757,50,184204
25703,0.000417,172.31.46.0-255,66,42823,50,184204
25704,0.000822,74.125.24.0-255,648,43471,50,184204
25705,0.00083,172.31.46.0-255,66,43537,50,184204
25706,0.001105,74.125.24.0-255,1484,45021,50,184204
25707,0.001113,74.125.24.0-255,2902,47923,50,184204
25708,0.001123,74.125.24.0-255,1484,49407,50,184204
25709,0.001129,172.31.46.0-255,66,49473,50,184204
25710,0.00114,74.125.24.0-255,4320,53793,50,184204
25711,0.001161,74.125.24.0-255,5738,59531,50,184204
25712,0.001163,172.31.46.0-255,66,59597,50,184204
25713,0.001194,74.125.24.0-255,7156,66753,50,184204
25714,0.001202,74.125.24.0-255,7156,73909,50,184204
25715,0.00121,172.31.46.0-255,66,73975,50,184204
25716,0.001219,74.125.24.0-255,3602,77577,50,184204
25717,0.001224,172.31.46.0-255,66,77643,50,184204
25718,0.001996,74.125.24.0-255,1484,79127,50,184204
25719,0.002005,74.125.24.0-255,2902,82029,50,184204
25720,0.00201,172.31.46.0-255,66,82095,50,184204
25721,0.002016,74.125.24.0-255,4320,86415,50,184204
25722,0.00204,74.125.24.0-255,1484,87899,50,184204
25723,0.00207,74.125.24.0-255,1484,89383,50,184204
25724,0.002075,74.125.24.0-255,2902,92285,50,184204
25725,0.002091,74.125.24.0-255,2184,94469,50,184204
25726,0.002125,74.125.24.0-255,5738,100207,50,184204
25727,0.002131,74.125.24.0-255,4320,104527,50,184204
25728,0.002157,74.125.24.0-255,5738,110265,50,184204
25729,0.002173,74.125.24.0-255,5738,116003,50,184204
25730,0.00223,74.125.24.0-255,4320,120323,50,184204
25731,0.002236,74.125.24.0-255,2902,123225,50,184204
25732,0.002251,74.125.24.0-255,2902,126127,50,184204
25733,0.002267,74.125.24.0-255,1484,127611,50,184204
25734,0.006351,172.31.46.0-255,66,127677,50,184204
25735,0.008974,74.125.24.0-255,5738,133415,50,184204
25736,0.00898,172.31.46.0-255,66,133481,50,184204
25737,0.011588,74.125.24.0-255,5738,139219,50,184204
25738,0.011595,172.31.46.0-255,66,139285,50,184204
25739,0.014186,74.125.24.0-255,5738,145023,50,184204
25740,0.014303,172.31.46.0-255,66,145089,50,184204
25741,0.01689,74.125.24.0-255,5738,150827,50,184204
25742,0.0169,172.31.46.0-255,66,150893,50,184204
25743,0.019502,74.125.24.0-255,5738,156631,50,184204
25744,0.019514,172.31.46.0-255,66,156697,50,184204
25745,0.022085,74.125.24.0-255,5738,162435,50,184204
25746,0.022093,172.31.46.0-255,66,162501,50,184204
25747,0.024686,74.125.24.0-255,5738,168239,50,184204
25748,0.024694,172.31.46.0-255,66,168305,50,184204
25749,0.02727,74.125.24.0-255,5738,174043,50,184204
25750,0.027276,172.31.46.0-255,66,174109,50,184204
25751,0.027607,172.31.46.0-255,172,174281,50,184204
25752,0.027635,172.31.46.0-255,1108,175389,50,184204
25753,0.027684,172.31.46.0-255,1514,176903,50,184204
25754,0.027685,172.31.46.0-255,1299,178202,50,184204
25755,0.029164,104.244.42.0-255,66,178268,50,184204
25756,0.029207,104.244.42.0-255,66,178334,50,184204
25757,0.029259,104.244.42.0-255,66,178400,50,184204
25758,0.029876,74.125.24.0-255,5738,184138,50,184204
25759,0.029881,172.31.46.0-255,66,184204,50,184204
25760,0.0,74.125.24.0-255,146,146,50,186429
25761,2.9e-05,172.31.46.0-255,66,212,50,186429
25762,3.5e-05,74.125.24.0-255,1484,1696,50,186429
25763,3.9e-05,172.31.46.0-255,66,1762,50,186429
25764,4.4e-05,74.125.24.0-255,2902,4664,50,186429
25765,4.7e-05,172.31.46.0-255,66,4730,50,186429
25766,6.1e-05,74.125.24.0-255,7156,11886,50,186429
25767,6.4e-05,172.31.46.0-255,66,11952,50,186429
25768,7.6e-05,172.31.46.0-255,66,12018,50,186429
25769,0.000113,172.31.46.0-255,66,12084,50,186429
25770,0.000126,172.31.46.0-255,66,12150,50,186429
25771,0.000179,172.31.46.0-255,66,12216,50,186429
25772,0.000182,74.125.24.0-255,132,12348,50,186429
25773,0.000184,172.31.46.0-255,66,12414,50,186429
25774,0.000313,74.125.24.0-255,1484,13898,50,186429
25775,0.000318,172.31.46.0-255,66,13964,50,186429
25776,0.000324,74.125.24.0-255,2902,16866,50,186429
25777,0.000327,172.31.46.0-255,66,16932,50,186429
25778,0.000352,74.125.24.0-255,5738,22670,50,186429
25779,0.000361,172.31.46.0-255,66,22736,50,186429
25780,0.000373,172.31.46.0-255,66,22802,50,186429
25781,0.000396,74.125.24.0-255,1484,24286,50,186429
25782,0.000399,172.31.46.0-255,66,24352,50,186429
25783,0.000405,74.125.24.0-255,4320,28672,50,186429
25784,0.000414,172.31.46.0-255,66,28738,50,186429
25785,0.000442,74.125.24.0-255,6438,35176,50,186429
25786,0.00045,172.31.46.0-255,66,35242,50,186429
25787,0.000497,74.125.24.0-255,1484,36726,50,186429
25788,0.000503,74.125.24.0-255,2902,39628,50,186429
25789,0.000507,172.31.46.0-255,66,39694,50,186429
25790,0.000513,74.125.24.0-255,5738,45432,50,186429
25791,0.000515,172.31.46.0-255,66,45498,50,186429
25792,0.000566,172.31.46.0-255,66,45564,50,186429
25793,0.000605,74.125.24.0-255,7156,52720,50,186429
25794,0.000608,172.31.46.0-255,66,52786,50,186429
25795,0.000643,74.125.24.0-255,1484,54270,50,186429
25796,0.000661,172.31.46.0-255,66,54336,50,186429
25797,0.000685,172.31.46.0-255,66,54402,50,186429
25798,0.000689,74.125.24.0-255,2184,56586,50,186429
25799,0.000693,172.31.46.0-255,66,56652,50,186429
25800,0.000817,74.125.24.0-255,1484,58136,50,186429
25801,0.000822,74.125.24.0-255,1484,59620,50,186429
25802,0.000826,172.31.46.0-255,66,59686,50,186429
25803,0.000852,74.125.24.0-255,1484,61170,50,186429
25804,0.000859,74.125.24.0-255,5738,66908,50,186429
25805,0.000862,172.31.46.0-255,66,66974,50,186429
25806,0.000869,74.125.24.0-255,7156,74130,50,186429
25807,0.000871,172.31.46.0-255,66,74196,50,186429
25808,0.000913,74.125.24.0-255,7156,81352,50,186429
25809,0.000917,172.31.46.0-255,66,81418,50,186429
25810,0.000926,74.125.24.0-255,4320,85738,50,186429
25811,0.000933,172.31.46.0-255,66,85804,50,186429
25812,0.000958,74.125.24.0-255,5020,90824,50,186429
25813,0.000961,172.31.46.0-255,66,90890,50,186429
25814,0.001003,74.125.24.0-255,2902,93792,50,186429
25815,0.001006,172.31.46.0-255,66,93858,50,186429
25816,0.001033,74.125.24.0-255,2902,96760,50,186429
25817,0.001036,172.31.46.0-255,66,96826,50,186429
25818,0.001043,74.125.24.0-255,7156,103982,50,186429
25819,0.001046,172.31.46.0-255,66,104048,50,186429
25820,0.001064,172.31.46.0-255,66,104114,50,186429
25821,0.001094,74.125.24.0-255,5738,109852,50,186429
25822,0.001098,172.31.46.0-255,66,109918,50,186429
25823,0.001104,74.125.24.0-255,5738,115656,50,186429
25824,0.001106,172.31.46.0-255,66,115722,50,186429
25825,0.001109,74.125.24.0-255,766,116488,50,186429
25826,0.001177,74.125.24.0-255,1484,117972,50,186429
25827,0.001181,172.31.46.0-255,66,118038,50,186429
25828,0.001209,74.125.24.0-255,2902,120940,50,186429
25829,0.001212,172.31.46.0-255,66,121006,50,186429
25830,0.001219,74.125.24.0-255,5738,126744,50,186429
25831,0.001221,172.31.46.0-255,66,126810,50,186429
25832,0.001226,74.125.24.0-255,2902,129712,50,186429
25833,0.001228,172.31.46.0-255,66,129778,50,186429
25834,0.00128,172.31.46.0-255,66,129844,50,186429
25835,0.001284,172.31.46.0-255,66,129910,50,186429
25836,0.001325,74.125.24.0-255,2184,132094,50,186429
25837,0.001328,172.31.46.0-255,66,132160,50,186429
25838,0.001423,74.125.24.0-255,1484,133644,50,186429
25839,0.001428,74.125.24.0-255,1484,135128,50,186429
25840,0.001431,172.31.46.0-255,66,135194,50,186429
25841,0.001465,74.125.24.0-255,1484,136678,50,186429
25842,0.001472,74.125.24.0-255,5738,142416,50,186429
25843,0.001475,172.31.46.0-255,66,142482,50,186429
25844,0.001486,172.31.46.0-255,66,142548,50,186429
25845,0.001503,172.31.46.0-255,66,142614,50,186429
25846,0.001529,74.125.24.0-255,5020,147634,50,186429
25847,0.001538,172.31.46.0-255,66,147700,50,186429
25848,0.001565,74.125.24.0-255,1484,149184,50,186429
25849,0.001581,74.125.24.0-255,2902,152086,50,186429
25850,0.001584,172.31.46.0-255,66,152152,50,186429
25851,0.001634,74.125.24.0-255,4320,156472,50,186429
25852,0.001637,172.31.46.0-255,66,156538,50,186429
25853,0.001663,74.125.24.0-255,1484,158022,50,186429
25854,0.001681,74.125.24.0-255,4320,162342,50,186429
25855,0.001683,172.31.46.0-255,66,162408,50,186429
25856,0.001688,172.31.46.0-255,66,162474,50,186429
25857,0.001696,172.31.46.0-255,66,162540,50,186429
25858,0.001733,74.125.24.0-255,2184,164724,50,186429
25859,0.001737,172.31.46.0-255,66,164790,50,186429
25860,0.001749,172.31.46.0-255,66,164856,50,186429
25861,0.001775,172.31.46.0-255,66,164922,50,186429
25862,0.00207,74.125.24.0-255,1484,166406,50,186429
25863,0.002086,74.125.24.0-255,2902,169308,50,186429
25864,0.00209,172.31.46.0-255,66,169374,50,186429
25865,0.002096,74.125.24.0-255,5738,175112,50,186429
25866,0.002098,172.31.46.0-255,66,175178,50,186429
25867,0.002141,172.31.46.0-255,66,175244,50,186429
25868,0.002152,172.31.46.0-255,66,175310,50,186429
25869,0.002175,74.125.24.0-255,2184,177494,50,186429
25870,0.002183,172.31.46.0-255,66,177560,50,186429
25871,0.002186,74.125.24.0-255,1484,179044,50,186429
25872,0.002211,74.125.24.0-255,6977,186021,50,186429
25873,0.002215,172.31.46.0-255,66,186087,50,186429
25874,0.002245,74.125.24.0-255,105,186192,50,186429
25875,0.003703,172.31.46.0-255,66,186258,50,186429
25876,0.003731,172.31.46.0-255,105,186363,50,186429
25877,0.006006,74.125.24.0-255,66,186429,50,186429
25878,0.0,74.125.24.0-255,153,153,50,192868
25879,2.2e-05,172.31.46.0-255,66,219,50,192868
25880,2.9e-05,74.125.24.0-255,1484,1703,50,192868
25881,3.3e-05,172.31.46.0-255,66,1769,50,192868
25882,3.8e-05,74.125.24.0-255,2902,4671,50,192868
25883,4.2e-05,172.31.46.0-255,66,4737,50,192868
25884,4.8e-05,74.125.24.0-255,7156,11893,50,192868
25885,5.1e-05,172.31.46.0-255,66,11959,50,192868
25886,5.6e-05,74.125.24.0-255,2085,14044,50,192868
25887,5.8e-05,172.31.46.0-255,66,14110,50,192868
25888,0.000164,74.125.24.0-255,1484,15594,50,192868
25889,0.000168,172.31.46.0-255,66,15660,50,192868
25890,0.000191,74.125.24.0-255,2902,18562,50,192868
25891,0.000193,172.31.46.0-255,66,18628,50,192868
25892,0.000199,74.125.24.0-255,5738,24366,50,192868
25893,0.000201,172.31.46.0-255,66,24432,50,192868
25894,0.000245,74.125.24.0-255,6797,31229,50,192868
25895,0.000248,172.31.46.0-255,66,31295,50,192868
25896,0.000252,74.125.24.0-255,2902,34197,50,192868
25897,0.000254,172.31.46.0-255,66,34263,50,192868
25898,0.000271,74.125.24.0-255,4320,38583,50,192868
25899,0.000273,172.31.46.0-255,66,38649,50,192868
25900,0.000287,74.125.24.0-255,4320,42969,50,192868
25901,0.000289,172.31.46.0-255,66,43035,50,192868
25902,0.000306,74.125.24.0-255,5379,48414,50,192868
25903,0.000308,172.31.46.0-255,66,48480,50,192868
25904,0.000762,74.125.24.0-255,1484,49964,50,192868
25905,0.000767,172.31.46.0-255,66,50030,50,192868
25906,0.00077,74.125.24.0-255,1484,51514,50,192868
25907,0.000772,172.31.46.0-255,66,51580,50,192868
25908,0.000788,74.125.24.0-255,1484,53064,50,192868
25909,0.000789,172.31.46.0-255,66,53130,50,192868
25910,0.000794,74.125.24.0-255,4320,57450,50,192868
25911,0.000796,172.31.46.0-255,66,57516,50,192868
25912,0.000809,74.125.24.0-255,1484,59000,50,192868
25913,0.000834,74.125.24.0-255,2902,61902,50,192868
25914,0.000836,172.31.46.0-255,66,61968,50,192868
25915,0.000857,74.125.24.0-255,4543,66511,50,192868
25916,0.000859,172.31.46.0-255,66,66577,50,192868
25917,0.001015,74.125.24.0-255,1484,68061,50,192868
25918,0.001021,74.125.24.0-255,1484,69545,50,192868
25919,0.001024,172.31.46.0-255,66,69611,50,192868
25920,0.001044,74.125.24.0-255,1484,71095,50,192868
25921,0.001049,74.125.24.0-255,5738,76833,50,192868
25922,0.001051,172.31.46.0-255,66,76899,50,192868
25923,0.001056,74.125.24.0-255,4320,81219,50,192868
25924,0.001057,172.31.46.0-255,66,81285,50,192868
25925,0.00109,172.31.46.0-255,66,81351,50,192868
25926,0.001113,74.125.24.0-255,2543,83894,50,192868
25927,0.001115,172.31.46.0-255,66,83960,50,192868
25928,0.001122,74.125.24.0-255,6797,90757,50,192868
25929,0.001124,172.31.46.0-255,66,90823,50,192868
25930,0.001684,74.125.24.0-255,1484,92307,50,192868
25931,0.001691,74.125.24.0-255,2902,95209,50,192868
25932,0.001694,172.31.46.0-255,66,95275,50,192868
25933,0.001698,74.125.24.0-255,1484,96759,50,192868
25934,0.001717,74.125.24.0-255,4320,101079,50,192868
25935,0.001719,172.31.46.0-255,66,101145,50,192868
25936,0.001724,74.125.24.0-255,5738,106883,50,192868
25937,0.001726,172.31.46.0-255,66,106949,50,192868
25938,0.001739,74.125.24.0-255,5738,112687,50,192868
25939,0.001741,172.31.46.0-255,66,112753,50,192868
25940,0.001763,74.125.24.0-255,1484,114237,50,192868
25941,0.001775,172.31.46.0-255,66,114303,50,192868
25942,0.003798,74.125.24.0-255,5738,120041,50,192868
25943,0.003805,172.31.46.0-255,66,120107,50,192868
25944,0.005824,74.125.24.0-255,5738,125845,50,192868
25945,0.005831,172.31.46.0-255,66,125911,50,192868
25946,0.007862,74.125.24.0-255,5738,131649,50,192868
25947,0.007871,172.31.46.0-255,66,131715,50,192868
25948,0.009915,74.125.24.0-255,5738,137453,50,192868
25949,0.009923,172.31.46.0-255,66,137519,50,192868
25950,0.01194,74.125.24.0-255,5738,143257,50,192868
25951,0.011946,172.31.46.0-255,66,143323,50,192868
25952,0.013969,74.125.24.0-255,5738,149061,50,192868
25953,0.013974,172.31.46.0-255,66,149127,50,192868
25954,0.016004,74.125.24.0-255,5738,154865,50,192868
25955,0.016011,172.31.46.0-255,66,154931,50,192868
25956,0.01804,74.125.24.0-255,5738,160669,50,192868
25957,0.018047,172.31.46.0-255,66,160735,50,192868
25958,0.020068,74.125.24.0-255,5738,166473,50,192868
25959,0.020075,172.31.46.0-255,66,166539,50,192868
25960,0.02197,172.31.46.0-255,172,166711,50,192868
25961,0.021998,172.31.46.0-255,1113,167824,50,192868
25962,0.022047,172.31.46.0-255,1514,169338,50,192868
25963,0.022048,172.31.46.0-255,1294,170632,50,192868
25964,0.022061,74.125.24.0-255,4320,174952,50,192868
25965,0.022065,172.31.46.0-255,66,175018,50,192868
25966,0.022082,74.125.24.0-255,1484,176502,50,192868
25967,0.02351,104.244.42.0-255,66,176568,50,192868
25968,0.023672,104.244.42.0-255,66,176634,50,192868
25969,0.023689,104.244.42.0-255,66,176700,50,192868
25970,0.024149,74.125.24.0-255,4320,181020,50,192868
25971,0.024154,172.31.46.0-255,66,181086,50,192868
25972,0.02567,104.244.42.0-255,108,181194,50,192868
25973,0.025676,172.31.46.0-255,66,181260,50,192868
25974,0.026166,74.125.24.0-255,5738,186998,50,192868
25975,0.026171,172.31.46.0-255,66,187064,50,192868
25976,0.028183,74.125.24.0-255,5738,192802,50,192868
25977,0.028188,172.31.46.0-255,66,192868,50,192868
25978,0.0,74.125.24.0-255,298,298,50,128288
25979,1.7e-05,172.31.46.0-255,66,364,50,128288
25980,2.3e-05,74.125.24.0-255,1484,1848,50,128288
25981,2.8e-05,172.31.46.0-255,66,1914,50,128288
25982,4.2e-05,74.125.24.0-255,4320,6234,50,128288
25983,4.6e-05,172.31.46.0-255,66,6300,50,128288
25984,6.3e-05,74.125.24.0-255,2902,9202,50,128288
25985,6.5e-05,172.31.46.0-255,66,9268,50,128288
25986,0.000116,74.125.24.0-255,4678,13946,50,128288
25987,0.000119,172.31.46.0-255,66,14012,50,128288
25988,0.000349,74.125.24.0-255,1484,15496,50,128288
25989,0.000354,172.31.46.0-255,66,15562,50,128288
25990,0.000361,74.125.24.0-255,2902,18464,50,128288
25991,0.000364,172.31.46.0-255,66,18530,50,128288
25992,0.000375,74.125.24.0-255,5738,24268,50,128288
25993,0.000377,172.31.46.0-255,66,24334,50,128288
25994,0.000437,74.125.24.0-255,6797,31131,50,128288
25995,0.000442,172.31.46.0-255,66,31197,50,128288
25996,0.000451,74.125.24.0-255,7156,38353,50,128288
25997,0.000453,172.31.46.0-255,66,38419,50,128288
25998,0.00046,74.125.24.0-255,5738,44157,50,128288
25999,0.000466,172.31.46.0-255,66,44223,50,128288
26000,0.000496,74.125.24.0-255,3961,48184,50,128288
26001,0.0005,172.31.46.0-255,66,48250,50,128288
26002,0.00269,74.125.24.0-255,1484,49734,50,128288
26003,0.002701,172.31.46.0-255,66,49800,50,128288
26004,0.002734,74.125.24.0-255,4320,54120,50,128288
26005,0.002737,172.31.46.0-255,66,54186,50,128288
26006,0.00495,74.125.24.0-255,5738,59924,50,128288
26007,0.004955,172.31.46.0-255,66,59990,50,128288
26008,0.007197,74.125.24.0-255,5738,65728,50,128288
26009,0.007204,172.31.46.0-255,66,65794,50,128288
26010,0.009457,74.125.24.0-255,5738,71532,50,128288
26011,0.009465,172.31.46.0-255,66,71598,50,128288
26012,0.011694,74.125.24.0-255,5738,77336,50,128288
26013,0.011701,172.31.46.0-255,66,77402,50,128288
26014,0.013943,74.125.24.0-255,4320,81722,50,128288
26015,0.013952,172.31.46.0-255,66,81788,50,128288
26016,0.013983,74.125.24.0-255,1484,83272,50,128288
26017,0.016191,74.125.24.0-255,4320,87592,50,128288
26018,0.016201,172.31.46.0-255,66,87658,50,128288
26019,0.018414,74.125.24.0-255,5738,93396,50,128288
26020,0.018423,172.31.46.0-255,66,93462,50,128288
26021,0.020658,74.125.24.0-255,5738,99200,50,128288
26022,0.020666,172.31.46.0-255,66,99266,50,128288
26023,0.022911,74.125.24.0-255,4320,103586,50,128288
26024,0.022919,172.31.46.0-255,66,103652,50,128288
26025,0.022975,74.125.24.0-255,1484,105136,50,128288
26026,0.024191,172.31.46.0-255,164,105300,50,128288
26027,0.024224,172.31.46.0-255,1122,106422,50,128288
26028,0.024288,172.31.46.0-255,1514,107936,50,128288
26029,0.02429,172.31.46.0-255,1514,109450,50,128288
26030,0.024294,172.31.46.0-255,1514,110964,50,128288
26031,0.024296,172.31.46.0-255,1066,112030,50,128288
26032,0.025162,74.125.24.0-255,4320,116350,50,128288
26033,0.025169,172.31.46.0-255,66,116416,50,128288
26034,0.025722,104.244.42.0-255,66,116482,50,128288
26035,0.025764,104.244.42.0-255,66,116548,50,128288
26036,0.025888,104.244.42.0-255,66,116614,50,128288
26037,0.025896,104.244.42.0-255,66,116680,50,128288
26038,0.027463,74.125.24.0-255,5738,122418,50,128288
26039,0.02747,172.31.46.0-255,66,122484,50,128288
26040,0.02969,74.125.24.0-255,5738,128222,50,128288
26041,0.029698,172.31.46.0-255,66,128288,50,128288
26042,0.0,172.217.194.0-255,145,145,50,175592
26043,1.6e-05,172.31.46.0-255,66,211,50,175592
26044,2.3e-05,172.217.194.0-255,1484,1695,50,175592
26045,2.7e-05,172.31.46.0-255,66,1761,50,175592
26046,3.2e-05,172.217.194.0-255,2902,4663,50,175592
26047,4.1e-05,172.31.46.0-255,66,4729,50,175592
26048,4.8e-05,172.217.194.0-255,7156,11885,50,175592
26049,5e-05,172.31.46.0-255,66,11951,50,175592
26050,5.4e-05,172.217.194.0-255,2111,14062,50,175592
26051,5.6e-05,172.31.46.0-255,66,14128,50,175592
26052,0.000118,172.217.194.0-255,1484,15612,50,175592
26053,0.000121,172.31.46.0-255,66,15678,50,175592
26054,0.000141,172.217.194.0-255,2902,18580,50,175592
26055,0.000143,172.31.46.0-255,66,18646,50,175592
26056,0.000149,172.217.194.0-255,5738,24384,50,175592
26057,0.000151,172.31.46.0-255,66,24450,50,175592
26058,0.000178,172.217.194.0-255,5738,30188,50,175592
26059,0.00018,172.31.46.0-255,66,30254,50,175592
26060,0.000202,172.217.194.0-255,1125,31379,50,175592
26061,0.000203,172.31.46.0-255,66,31445,50,175592
26062,0.000552,172.217.194.0-255,1484,32929,50,175592
26063,0.000557,172.31.46.0-255,66,32995,50,175592
26064,0.000583,172.217.194.0-255,2902,35897,50,175592
26065,0.000586,172.31.46.0-255,66,35963,50,175592
26066,0.000611,172.217.194.0-255,5738,41701,50,175592
26067,0.000613,172.31.46.0-255,66,41767,50,175592
26068,0.000617,172.217.194.0-255,2902,44669,50,175592
26069,0.000619,172.31.46.0-255,66,44735,50,175592
26070,0.000653,172.217.194.0-255,4320,49055,50,175592
26071,0.000655,172.31.46.0-255,66,49121,50,175592
26072,0.000686,172.217.194.0-255,6797,55918,50,175592
26073,0.000688,172.31.46.0-255,66,55984,50,175592
26074,0.000695,172.217.194.0-255,7156,63140,50,175592
26075,0.000697,172.31.46.0-255,66,63206,50,175592
26076,0.000722,172.217.194.0-255,2543,65749,50,175592
26077,0.000724,172.31.46.0-255,66,65815,50,175592
26078,0.000747,172.217.194.0-255,356,66171,50,175592
26079,0.000986,172.31.46.0-255,66,66237,50,175592
26080,0.001208,172.217.194.0-255,386,66623,50,175592
26081,0.001297,172.217.194.0-255,1484,68107,50,175592
26082,0.001303,172.31.46.0-255,66,68173,50,175592
26083,0.001309,172.217.194.0-255,2902,71075,50,175592
26084,0.001312,172.31.46.0-255,66,71141,50,175592
26085,0.001321,172.217.194.0-255,2902,74043,50,175592
26086,0.001324,172.31.46.0-255,66,74109,50,175592
26087,0.001363,172.217.194.0-255,7156,81265,50,175592
26088,0.001366,172.31.46.0-255,66,81331,50,175592
26089,0.001401,172.31.46.0-255,66,81397,50,175592
26090,0.001428,172.217.194.0-255,2902,84299,50,175592
26091,0.001431,172.31.46.0-255,66,84365,50,175592
26092,0.001459,172.217.194.0-255,3602,87967,50,175592
26093,0.001462,172.31.46.0-255,66,88033,50,175592
26094,0.002109,172.217.194.0-255,1484,89517,50,175592
26095,0.002118,172.217.194.0-255,2902,92419,50,175592
26096,0.002122,172.31.46.0-255,66,92485,50,175592
26097,0.002129,172.217.194.0-255,4320,96805,50,175592
26098,0.002132,172.31.46.0-255,66,96871,50,175592
26099,0.002152,172.217.194.0-255,1484,98355,50,175592
26100,0.002155,172.217.194.0-255,1484,99839,50,175592
26101,0.002161,172.31.46.0-255,66,99905,50,175592
26102,0.002172,172.31.46.0-255,66,99971,50,175592
26103,0.0022,172.217.194.0-255,2902,102873,50,175592
26104,0.002202,172.31.46.0-255,66,102939,50,175592
26105,0.002238,172.31.46.0-255,66,103005,50,175592
26106,0.004453,172.217.194.0-255,4320,107325,50,175592
26107,0.004456,172.31.46.0-255,66,107391,50,175592
26108,0.004479,172.217.194.0-255,1484,108875,50,175592
26109,0.006673,172.217.194.0-255,4320,113195,50,175592
26110,0.00668,172.31.46.0-255,66,113261,50,175592
26111,0.008893,172.217.194.0-255,5738,118999,50,175592
26112,0.008899,172.31.46.0-255,66,119065,50,175592
26113,0.011111,172.217.194.0-255,5738,124803,50,175592
26114,0.011118,172.31.46.0-255,66,124869,50,175592
26115,0.013315,172.217.194.0-255,5738,130607,50,175592
26116,0.013323,172.31.46.0-255,66,130673,50,175592
26117,0.015516,172.217.194.0-255,5738,136411,50,175592
26118,0.015523,172.31.46.0-255,66,136477,50,175592
26119,0.017744,172.217.194.0-255,5738,142215,50,175592
26120,0.017752,172.31.46.0-255,66,142281,50,175592
26121,0.019973,172.217.194.0-255,5738,148019,50,175592
26122,0.019982,172.31.46.0-255,66,148085,50,175592
26123,0.02217,172.217.194.0-255,5738,153823,50,175592
26124,0.022179,172.31.46.0-255,66,153889,50,175592
26125,0.024376,172.217.194.0-255,5738,159627,50,175592
26126,0.024384,172.31.46.0-255,66,159693,50,175592
26127,0.025939,172.31.46.0-255,172,159865,50,175592
26128,0.025971,172.31.46.0-255,1113,160978,50,175592
26129,0.026031,172.31.46.0-255,1514,162492,50,175592
26130,0.026033,172.31.46.0-255,1294,163786,50,175592
26131,0.026574,172.217.194.0-255,5738,169524,50,175592
26132,0.026581,172.31.46.0-255,66,169590,50,175592
26133,0.027518,104.244.42.0-255,66,169656,50,175592
26134,0.027577,104.244.42.0-255,66,169722,50,175592
26135,0.027638,104.244.42.0-255,66,169788,50,175592
26136,0.028785,172.217.194.0-255,5738,175526,50,175592
26137,0.028791,172.31.46.0-255,66,175592,50,175592
26138,0.0,172.217.194.0-255,147,147,50,244146
26139,1.2e-05,172.31.46.0-255,66,213,50,244146
26140,3.4e-05,172.217.194.0-255,1484,1697,50,244146
26141,3.8e-05,172.31.46.0-255,66,1763,50,244146
26142,4.3e-05,172.217.194.0-255,2902,4665,50,244146
26143,4.5e-05,172.31.46.0-255,66,4731,50,244146
26144,4.8e-05,172.217.194.0-255,1484,6215,50,244146
26145,5e-05,172.31.46.0-255,66,6281,50,244146
26146,7.4e-05,172.217.194.0-255,5738,12019,50,244146
26147,7.6e-05,172.31.46.0-255,66,12085,50,244146
26148,8e-05,172.217.194.0-255,2100,14185,50,244146
26149,8.2e-05,172.31.46.0-255,66,14251,50,244146
26150,0.000119,172.217.194.0-255,2902,17153,50,244146
26151,0.000121,172.31.46.0-255,66,17219,50,244146
26152,0.000157,172.31.46.0-255,66,17285,50,244146
26153,0.000162,172.217.194.0-255,4320,21605,50,244146
26154,0.000163,172.31.46.0-255,66,21671,50,244146
26155,0.000178,172.217.194.0-255,2902,24573,50,244146
26156,0.00018,172.31.46.0-255,66,24639,50,244146
26157,0.000221,172.31.46.0-255,66,24705,50,244146
26158,0.000223,172.217.194.0-255,766,25471,50,244146
26159,0.000224,172.31.46.0-255,66,25537,50,244146
26160,0.000252,172.217.194.0-255,1484,27021,50,244146
26161,0.000254,172.31.46.0-255,66,27087,50,244146
26162,0.000258,172.217.194.0-255,2902,29989,50,244146
26163,0.000259,172.31.46.0-255,66,30055,50,244146
26164,0.000265,172.217.194.0-255,5738,35793,50,244146
26165,0.000266,172.31.46.0-255,66,35859,50,244146
26166,0.000314,172.217.194.0-255,7088,42947,50,244146
26167,0.000317,172.31.46.0-255,66,43013,50,244146
26168,0.000618,172.217.194.0-255,1484,44497,50,244146
26169,0.00064,172.217.194.0-255,2902,47399,50,244146
26170,0.000644,172.31.46.0-255,66,47465,50,244146
26171,0.00065,172.217.194.0-255,4320,51785,50,244146
26172,0.000651,172.31.46.0-255,66,51851,50,244146
26173,0.000667,172.217.194.0-255,1484,53335,50,244146
26174,0.000672,172.217.194.0-255,4320,57655,50,244146
26175,0.000676,172.31.46.0-255,66,57721,50,244146
26176,0.000701,172.217.194.0-255,5655,63376,50,244146
26177,0.000703,172.31.46.0-255,66,63442,50,244146
26178,0.000714,172.31.46.0-255,66,63508,50,244146
26179,0.000744,172.217.194.0-255,7156,70664,50,244146
26180,0.000747,172.31.46.0-255,66,70730,50,244146
26181,0.00079,172.31.46.0-255,66,70796,50,244146
26182,0.000793,172.217.194.0-255,1484,72280,50,244146
26183,0.000814,172.217.194.0-255,1484,73764,50,244146
26184,0.000816,172.31.46.0-255,66,73830,50,244146
26185,0.000821,172.217.194.0-255,4320,78150,50,244146
26186,0.000824,172.31.46.0-255,66,78216,50,244146
26187,0.00083,172.217.194.0-255,5738,83954,50,244146
26188,0.000832,172.31.46.0-255,66,84020,50,244146
26189,0.000862,172.217.194.0-255,2902,86922,50,244146
26190,0.000864,172.31.46.0-255,66,86988,50,244146
26191,0.00087,172.217.194.0-255,3412,90400,50,244146
26192,0.000872,172.31.46.0-255,66,90466,50,244146
26193,0.000877,172.217.194.0-255,4320,94786,50,244146
26194,0.000879,172.31.46.0-255,66,94852,50,244146
26195,0.00089,172.31.46.0-255,66,94918,50,244146
26196,0.000951,172.31.46.0-255,66,94984,50,244146
26197,0.000957,172.217.194.0-255,5020,100004,50,244146
26198,0.000958,172.31.46.0-255,66,100070,50,244146
26199,0.000992,172.217.194.0-255,5738,105808,50,244146
26200,0.000994,172.31.46.0-255,66,105874,50,244146
26201,0.000998,172.217.194.0-255,2902,108776,50,244146
26202,0.001,172.31.46.0-255,66,108842,50,244146
26203,0.001035,172.31.46.0-255,66,108908,50,244146
26204,0.001048,172.31.46.0-255,66,108974,50,244146
26205,0.00105,172.217.194.0-255,766,109740,50,244146
26206,0.001451,172.217.194.0-255,1484,111224,50,244146
26207,0.001455,172.31.46.0-255,66,111290,50,244146
26208,0.001459,172.217.194.0-255,1484,112774,50,244146
26209,0.00149,172.217.194.0-255,1484,114258,50,244146
26210,0.001492,172.31.46.0-255,66,114324,50,244146
26211,0.001498,172.217.194.0-255,5738,120062,50,244146
26212,0.0015,172.31.46.0-255,66,120128,50,244146
26213,0.001506,172.217.194.0-255,7156,127284,50,244146
26214,0.001508,172.31.46.0-255,66,127350,50,244146
26215,0.001537,172.217.194.0-255,5738,133088,50,244146
26216,0.001539,172.31.46.0-255,66,133154,50,244146
26217,0.001548,172.31.46.0-255,66,133220,50,244146
26218,0.001574,172.217.194.0-255,2184,135404,50,244146
26219,0.001576,172.31.46.0-255,66,135470,50,244146
26220,0.001982,172.217.194.0-255,1484,136954,50,244146
26221,0.001987,172.217.194.0-255,2902,139856,50,244146
26222,0.00199,172.31.46.0-255,66,139922,50,244146
26223,0.001994,172.217.194.0-255,2902,142824,50,244146
26224,0.001996,172.31.46.0-255,66,142890,50,244146
26225,0.002015,172.217.194.0-255,2902,145792,50,244146
26226,0.002017,172.31.46.0-255,66,145858,50,244146
26227,0.002021,172.217.194.0-255,2902,148760,50,244146
26228,0.002022,172.31.46.0-255,66,148826,50,244146
26229,0.002059,172.31.46.0-255,66,148892,50,244146
26230,0.002099,172.31.46.0-255,66,148958,50,244146
26231,0.002119,172.217.194.0-255,2184,151142,50,244146
26232,0.002121,172.31.46.0-255,66,151208,50,244146
26233,0.002133,172.31.46.0-255,66,151274,50,244146
26234,0.002159,172.217.194.0-255,1484,152758,50,244146
26235,0.002169,172.31.46.0-255,66,152824,50,244146
26236,0.002206,172.217.194.0-255,1484,154308,50,244146
26237,0.00221,172.217.194.0-255,2902,157210,50,244146
26238,0.002213,172.31.46.0-255,66,157276,50,244146
26239,0.002217,172.217.194.0-255,1484,158760,50,244146
26240,0.002248,172.217.194.0-255,4320,163080,50,244146
26241,0.00225,172.31.46.0-255,66,163146,50,244146
26242,0.002257,172.217.194.0-255,5738,168884,50,244146
26243,0.00226,172.31.46.0-255,66,168950,50,244146
26244,0.002278,172.31.46.0-255,66,169016,50,244146
26245,0.002304,172.217.194.0-255,1484,170500,50,244146
26246,0.002311,172.217.194.0-255,5020,175520,50,244146
26247,0.002313,172.31.46.0-255,66,175586,50,244146
26248,0.004611,172.217.194.0-255,5738,181324,50,244146
26249,0.004622,172.31.46.0-255,66,181390,50,244146
26250,0.006915,172.217.194.0-255,5738,187128,50,244146
26251,0.006924,172.31.46.0-255,66,187194,50,244146
26252,0.009194,172.217.194.0-255,2902,190096,50,244146
26253,0.009198,172.31.46.0-255,66,190162,50,244146
26254,0.009225,172.217.194.0-255,2902,193064,50,244146
26255,0.009228,172.31.46.0-255,66,193130,50,244146
26256,0.011491,172.217.194.0-255,2902,196032,50,244146
26257,0.011498,172.31.46.0-255,66,196098,50,244146
26258,0.011528,172.217.194.0-255,2902,199000,50,244146
26259,0.01153,172.31.46.0-255,66,199066,50,244146
26260,0.013801,172.217.194.0-255,5738,204804,50,244146
26261,0.013809,172.31.46.0-255,66,204870,50,244146
26262,0.016078,172.217.194.0-255,5738,210608,50,244146
26263,0.016086,172.31.46.0-255,66,210674,50,244146
26264,0.018368,172.217.194.0-255,5738,216412,50,244146
26265,0.018376,172.31.46.0-255,66,216478,50,244146
26266,0.020666,172.217.194.0-255,5738,222216,50,244146
26267,0.020673,172.31.46.0-255,66,222282,50,244146
26268,0.02295,172.217.194.0-255,4320,226602,50,244146
26269,0.022956,172.31.46.0-255,66,226668,50,244146
26270,0.022978,172.217.194.0-255,1484,228152,50,244146
26271,0.025254,172.217.194.0-255,4320,232472,50,244146
26272,0.025264,172.31.46.0-255,66,232538,50,244146
26273,0.027568,172.217.194.0-255,5738,238276,50,244146
26274,0.027576,172.31.46.0-255,66,238342,50,244146
26275,0.029861,172.217.194.0-255,5738,244080,50,244146
26276,0.029868,172.31.46.0-255,66,244146,50,244146
26277,0.0,74.125.24.0-255,152,152,50,228173
26278,1.5e-05,172.31.46.0-255,66,218,50,228173
26279,2.1e-05,74.125.24.0-255,1484,1702,50,228173
26280,2.7e-05,172.31.46.0-255,66,1768,50,228173
26281,4e-05,74.125.24.0-255,2902,4670,50,228173
26282,4.4e-05,172.31.46.0-255,66,4736,50,228173
26283,5e-05,74.125.24.0-255,5738,10474,50,228173
26284,5.3e-05,172.31.46.0-255,66,10540,50,228173
26285,5.6e-05,74.125.24.0-255,1484,12024,50,228173
26286,5.7e-05,172.31.46.0-255,66,12090,50,228173
26287,8.9e-05,74.125.24.0-255,1978,14068,50,228173
26288,9.2e-05,172.31.46.0-255,66,14134,50,228173
26289,0.000122,74.125.24.0-255,2902,17036,50,228173
26290,0.000124,172.31.46.0-255,66,17102,50,228173
26291,0.00013,74.125.24.0-255,4320,21422,50,228173
26292,0.000132,172.31.46.0-255,66,21488,50,228173
26293,0.000165,172.31.46.0-255,66,21554,50,228173
26294,0.000168,74.125.24.0-255,1125,22679,50,228173
26295,0.00017,172.31.46.0-255,66,22745,50,228173
26296,0.000174,74.125.24.0-255,1484,24229,50,228173
26297,0.000176,172.31.46.0-255,66,24295,50,228173
26298,0.000182,74.125.24.0-255,4320,28615,50,228173
26299,0.000184,172.31.46.0-255,66,28681,50,228173
26300,0.000216,74.125.24.0-255,7156,35837,50,228173
26301,0.000219,172.31.46.0-255,66,35903,50,228173
26302,0.00024,74.125.24.0-255,2902,38805,50,228173
26303,0.000242,172.31.46.0-255,66,38871,50,228173
26304,0.000245,74.125.24.0-255,1125,39996,50,228173
26305,0.000247,172.31.46.0-255,66,40062,50,228173
26306,0.000867,74.125.24.0-255,1484,41546,50,228173
26307,0.000873,172.31.46.0-255,66,41612,50,228173
26308,0.00088,74.125.24.0-255,2902,44514,50,228173
26309,0.000883,172.31.46.0-255,66,44580,50,228173
26310,0.000896,74.125.24.0-255,5738,50318,50,228173
26311,0.000898,172.31.46.0-255,66,50384,50,228173
26312,0.000923,74.125.24.0-255,4320,54704,50,228173
26313,0.000925,172.31.46.0-255,66,54770,50,228173
26314,0.000953,74.125.24.0-255,5379,60149,50,228173
26315,0.000955,172.31.46.0-255,66,60215,50,228173
26316,0.000968,172.31.46.0-255,66,60281,50,228173
26317,0.000979,172.31.46.0-255,66,60347,50,228173
26318,0.001023,172.31.46.0-255,66,60413,50,228173
26319,0.001026,74.125.24.0-255,2765,63178,50,228173
26320,0.001029,172.31.46.0-255,66,63244,50,228173
26321,0.001211,74.125.24.0-255,1484,64728,50,228173
26322,0.001219,74.125.24.0-255,2902,67630,50,228173
26323,0.001222,172.31.46.0-255,66,67696,50,228173
26324,0.001226,74.125.24.0-255,1484,69180,50,228173
26325,0.001252,74.125.24.0-255,4320,73500,50,228173
26326,0.001255,172.31.46.0-255,66,73566,50,228173
26327,0.001266,172.31.46.0-255,66,73632,50,228173
26328,0.001295,74.125.24.0-255,2902,76534,50,228173
26329,0.001298,172.31.46.0-255,66,76600,50,228173
26330,0.001311,172.31.46.0-255,66,76666,50,228173
26331,0.001457,74.125.24.0-255,1484,78150,50,228173
26332,0.001473,74.125.24.0-255,2902,81052,50,228173
26333,0.001477,172.31.46.0-255,66,81118,50,228173
26334,0.001504,74.125.24.0-255,5738,86856,50,228173
26335,0.001506,172.31.46.0-255,66,86922,50,228173
26336,0.001512,74.125.24.0-255,5738,92660,50,228173
26337,0.001513,172.31.46.0-255,66,92726,50,228173
26338,0.00155,74.125.24.0-255,7156,99882,50,228173
26339,0.001552,172.31.46.0-255,66,99948,50,228173
26340,0.001566,172.31.46.0-255,66,100014,50,228173
26341,0.001874,172.31.46.0-255,101,100115,50,228173
26342,0.001897,74.125.24.0-255,1484,101599,50,228173
26343,0.001902,74.125.24.0-255,2902,104501,50,228173
26344,0.001905,172.31.46.0-255,66,104567,50,228173
26345,0.001932,74.125.24.0-255,5738,110305,50,228173
26346,0.001934,172.31.46.0-255,66,110371,50,228173
26347,0.001938,74.125.24.0-255,1484,111855,50,228173
26348,0.001969,172.31.46.0-255,66,111921,50,228173
26349,0.001993,74.125.24.0-255,4320,116241,50,228173
26350,0.001995,172.31.46.0-255,66,116307,50,228173
26351,0.002022,74.125.24.0-255,6438,122745,50,228173
26352,0.002024,172.31.46.0-255,66,122811,50,228173
26353,0.002192,74.125.24.0-255,1484,124295,50,228173
26354,0.002197,74.125.24.0-255,2902,127197,50,228173
26355,0.002199,172.31.46.0-255,66,127263,50,228173
26356,0.002202,74.125.24.0-255,1484,128747,50,228173
26357,0.002231,74.125.24.0-255,4320,133067,50,228173
26358,0.002233,172.31.46.0-255,66,133133,50,228173
26359,0.002241,74.125.24.0-255,7156,140289,50,228173
26360,0.002242,172.31.46.0-255,66,140355,50,228173
26361,0.002269,74.125.24.0-255,5738,146093,50,228173
26362,0.002271,172.31.46.0-255,66,146159,50,228173
26363,0.002276,74.125.24.0-255,5738,151897,50,228173
26364,0.002278,172.31.46.0-255,66,151963,50,228173
26365,0.0023,74.125.24.0-255,5738,157701,50,228173
26366,0.002302,172.31.46.0-255,66,157767,50,228173
26367,0.002339,172.31.46.0-255,66,157833,50,228173
26368,0.002349,74.125.24.0-255,5738,163571,50,228173
26369,0.002351,172.31.46.0-255,66,163637,50,228173
26370,0.004139,74.125.24.0-255,66,163703,50,228173
26371,0.004621,74.125.24.0-255,5738,169441,50,228173
26372,0.004626,172.31.46.0-255,66,169507,50,228173
26373,0.006919,74.125.24.0-255,4320,173827,50,228173
26374,0.006924,172.31.46.0-255,66,173893,50,228173
26375,0.006949,74.125.24.0-255,1484,175377,50,228173
26376,0.009216,74.125.24.0-255,4320,179697,50,228173
26377,0.009221,172.31.46.0-255,66,179763,50,228173
26378,0.011523,74.125.24.0-255,5738,185501,50,228173
26379,0.011531,172.31.46.0-255,66,185567,50,228173
26380,0.013905,74.125.24.0-255,5738,191305,50,228173
26381,0.013913,172.31.46.0-255,66,191371,50,228173
26382,0.016218,74.125.24.0-255,5738,197109,50,228173
26383,0.016224,172.31.46.0-255,66,197175,50,228173
26384,0.018527,74.125.24.0-255,4320,201495,50,228173
26385,0.018533,172.31.46.0-255,66,201561,50,228173
26386,0.018558,74.125.24.0-255,1484,203045,50,228173
26387,0.020824,74.125.24.0-255,4320,207365,50,228173
26388,0.020831,172.31.46.0-255,66,207431,50,228173
26389,0.02311,74.125.24.0-255,5738,213169,50,228173
26390,0.023117,172.31.46.0-255,66,213235,50,228173
26391,0.02543,74.125.24.0-255,5738,218973,50,228173
26392,0.025437,172.31.46.0-255,66,219039,50,228173
26393,0.025572,172.31.46.0-255,172,219211,50,228173
26394,0.025596,172.31.46.0-255,1112,220323,50,228173
26395,0.025688,172.31.46.0-255,1514,221837,50,228173
26396,0.025708,172.31.46.0-255,334,222171,50,228173
26397,0.027127,104.244.42.0-255,66,222237,50,228173
26398,0.027157,104.244.42.0-255,66,222303,50,228173
26399,0.027218,104.244.42.0-255,66,222369,50,228173
26400,0.027731,74.125.24.0-255,5738,228107,50,228173
26401,0.027737,172.31.46.0-255,66,228173,50,228173
26402,0.0,74.125.200.0-255,143,143,50,289082
26403,1.4e-05,172.31.46.0-255,66,209,50,289082
26404,2.1e-05,74.125.200.0-255,1484,1693,50,289082
26405,2.6e-05,172.31.46.0-255,66,1759,50,289082
26406,8e-05,74.125.200.0-255,1484,3243,50,289082
26407,8.4e-05,172.31.46.0-255,66,3309,50,289082
26408,0.000117,74.125.200.0-255,1484,4793,50,289082
26409,0.000119,172.31.46.0-255,66,4859,50,289082
26410,0.000123,74.125.200.0-255,1484,6343,50,289082
26411,0.000125,172.31.46.0-255,66,6409,50,289082
26412,0.000151,74.125.200.0-255,1484,7893,50,289082
26413,0.000154,172.31.46.0-255,66,7959,50,289082
26414,0.000165,74.125.200.0-255,5738,13697,50,289082
26415,0.000168,172.31.46.0-255,66,13763,50,289082
26416,0.00017,74.125.200.0-255,575,14338,50,289082
26417,0.000173,172.31.46.0-255,66,14404,50,289082
26418,0.000226,74.125.200.0-255,1484,15888,50,289082
26419,0.000229,172.31.46.0-255,66,15954,50,289082
26420,0.000234,74.125.200.0-255,4320,20274,50,289082
26421,0.000237,172.31.46.0-255,66,20340,50,289082
26422,0.00024,74.125.200.0-255,1484,21824,50,289082
26423,0.000242,172.31.46.0-255,66,21890,50,289082
26424,0.000247,74.125.200.0-255,2902,24792,50,289082
26425,0.00025,172.31.46.0-255,66,24858,50,289082
26426,0.000256,74.125.200.0-255,5738,30596,50,289082
26427,0.00026,172.31.46.0-255,66,30662,50,289082
26428,0.000263,74.125.200.0-255,1125,31787,50,289082
26429,0.000265,172.31.46.0-255,66,31853,50,289082
26430,0.000392,74.125.200.0-255,1484,33337,50,289082
26431,0.000397,172.31.46.0-255,66,33403,50,289082
26432,0.000427,74.125.200.0-255,2902,36305,50,289082
26433,0.000431,172.31.46.0-255,66,36371,50,289082
26434,0.000434,74.125.200.0-255,1484,37855,50,289082
26435,0.000451,74.125.200.0-255,2902,40757,50,289082
26436,0.000453,172.31.46.0-255,66,40823,50,289082
26437,0.000481,74.125.200.0-255,5738,46561,50,289082
26438,0.000484,172.31.46.0-255,66,46627,50,289082
26439,0.000514,74.125.200.0-255,6797,53424,50,289082
26440,0.000517,172.31.46.0-255,66,53490,50,289082
26441,0.00052,74.125.200.0-255,1484,54974,50,289082
26442,0.000558,74.125.200.0-255,1484,56458,50,289082
26443,0.00056,172.31.46.0-255,66,56524,50,289082
26444,0.000566,74.125.200.0-255,4320,60844,50,289082
26445,0.000569,172.31.46.0-255,66,60910,50,289082
26446,0.000598,74.125.200.0-255,2902,63812,50,289082
26447,0.000601,172.31.46.0-255,66,63878,50,289082
26448,0.000637,74.125.200.0-255,2854,66732,50,289082
26449,0.00064,172.31.46.0-255,66,66798,50,289082
26450,0.000786,74.125.200.0-255,109,66907,50,289082
26451,0.00123,172.31.46.0-255,66,66973,50,289082
26452,0.001309,74.125.200.0-255,1484,68457,50,289082
26453,0.001325,74.125.200.0-255,2902,71359,50,289082
26454,0.001328,172.31.46.0-255,66,71425,50,289082
26455,0.001347,74.125.200.0-255,1484,72909,50,289082
26456,0.001364,74.125.200.0-255,2902,75811,50,289082
26457,0.001366,172.31.46.0-255,66,75877,50,289082
26458,0.0014,74.125.200.0-255,5738,81615,50,289082
26459,0.001403,172.31.46.0-255,66,81681,50,289082
26460,0.001407,74.125.200.0-255,2902,84583,50,289082
26461,0.001409,172.31.46.0-255,66,84649,50,289082
26462,0.001415,74.125.200.0-255,4320,88969,50,289082
26463,0.001418,172.31.46.0-255,66,89035,50,289082
26464,0.001444,74.125.200.0-255,1484,90519,50,289082
26465,0.001456,74.125.200.0-255,1484,92003,50,289082
26466,0.001459,172.31.46.0-255,66,92069,50,289082
26467,0.001485,74.125.200.0-255,4320,96389,50,289082
26468,0.001487,172.31.46.0-255,66,96455,50,289082
26469,0.001517,74.125.200.0-255,5020,101475,50,289082
26470,0.00152,172.31.46.0-255,66,101541,50,289082
26471,0.001744,74.125.200.0-255,1484,103025,50,289082
26472,0.001759,74.125.200.0-255,2902,105927,50,289082
26473,0.001763,172.31.46.0-255,66,105993,50,289082
26474,0.001791,74.125.200.0-255,5738,111731,50,289082
26475,0.001793,172.31.46.0-255,66,111797,50,289082
26476,0.001796,74.125.200.0-255,1484,113281,50,289082
26477,0.00183,74.125.200.0-255,2902,116183,50,289082
26478,0.001833,172.31.46.0-255,66,116249,50,289082
26479,0.001856,74.125.200.0-255,1484,117733,50,289082
26480,0.001861,74.125.200.0-255,2902,120635,50,289082
26481,0.001863,172.31.46.0-255,66,120701,50,289082
26482,0.001898,74.125.200.0-255,5738,126439,50,289082
26483,0.001901,172.31.46.0-255,66,126505,50,289082
26484,0.001909,74.125.200.0-255,7156,133661,50,289082
26485,0.001911,172.31.46.0-255,66,133727,50,289082
26486,0.001932,74.125.200.0-255,2184,135911,50,289082
26487,0.001935,172.31.46.0-255,66,135977,50,289082
26488,0.001944,74.125.200.0-255,4320,140297,50,289082
26489,0.001947,172.31.46.0-255,66,140363,50,289082
26490,0.001995,74.125.200.0-255,5738,146101,50,289082
26491,0.001999,172.31.46.0-255,66,146167,50,289082
26492,0.002002,74.125.200.0-255,1484,147651,50,289082
26493,0.002014,172.31.46.0-255,66,147717,50,289082
26494,0.002049,74.125.200.0-255,4320,152037,50,289082
26495,0.002051,172.31.46.0-255,66,152103,50,289082
26496,0.002058,74.125.200.0-255,5738,157841,50,289082
26497,0.00206,172.31.46.0-255,66,157907,50,289082
26498,0.002065,74.125.200.0-255,3602,161509,50,289082
26499,0.002068,172.31.46.0-255,66,161575,50,289082
26500,0.00212,74.125.200.0-255,1484,163059,50,289082
26501,0.002138,74.125.200.0-255,2902,165961,50,289082
26502,0.002142,172.31.46.0-255,66,166027,50,289082
26503,0.002145,74.125.200.0-255,1484,167511,50,289082
26504,0.002169,74.125.200.0-255,4320,171831,50,289082
26505,0.002172,172.31.46.0-255,66,171897,50,289082
26506,0.002177,74.125.200.0-255,2902,174799,50,289082
26507,0.002178,172.31.46.0-255,66,174865,50,289082
26508,0.002185,74.125.200.0-255,4320,179185,50,289082
26509,0.002187,172.31.46.0-255,66,179251,50,289082
26510,0.002198,74.125.200.0-255,1484,180735,50,289082
26511,0.002226,74.125.200.0-255,7156,187891,50,289082
26512,0.002228,172.31.46.0-255,66,187957,50,289082
26513,0.002231,74.125.200.0-255,1484,189441,50,289082
26514,0.002236,74.125.200.0-255,2902,192343,50,289082
26515,0.002238,172.31.46.0-255,66,192409,50,289082
26516,0.002301,74.125.200.0-255,3602,196011,50,289082
26517,0.002304,172.31.46.0-255,66,196077,50,289082
26518,0.002307,74.125.200.0-255,1484,197561,50,289082
26519,0.002337,74.125.200.0-255,2902,200463,50,289082
26520,0.00234,172.31.46.0-255,66,200529,50,289082
26521,0.002346,74.125.200.0-255,5738,206267,50,289082
26522,0.002349,172.31.46.0-255,66,206333,50,289082
26523,0.002358,74.125.200.0-255,2902,209235,50,289082
26524,0.00236,172.31.46.0-255,66,209301,50,289082
26525,0.002395,74.125.200.0-255,5738,215039,50,289082
26526,0.002398,172.31.46.0-255,66,215105,50,289082
26527,0.002422,74.125.200.0-255,2902,218007,50,289082
26528,0.002424,172.31.46.0-255,66,218073,50,289082
26529,0.002431,74.125.200.0-255,4320,222393,50,289082
26530,0.002433,172.31.46.0-255,66,222459,50,289082
26531,0.002439,74.125.200.0-255,5738,228197,50,289082
26532,0.002442,172.31.46.0-255,66,228263,50,289082
26533,0.002488,172.31.46.0-255,66,228329,50,289082
26534,0.002509,172.31.46.0-255,66,228395,50,289082
26535,0.002541,74.125.200.0-255,2902,231297,50,289082
26536,0.002543,172.31.46.0-255,66,231363,50,289082
26537,0.00255,74.125.200.0-255,6438,237801,50,289082
26538,0.002575,74.125.200.0-255,331,238132,50,289082
26539,0.006394,172.31.46.0-255,66,238198,50,289082
26540,0.00898,74.125.200.0-255,5738,243936,50,289082
26541,0.008988,172.31.46.0-255,66,244002,50,289082
26542,0.011569,74.125.200.0-255,5738,249740,50,289082
26543,0.011577,172.31.46.0-255,66,249806,50,289082
26544,0.014167,74.125.200.0-255,5738,255544,50,289082
26545,0.014175,172.31.46.0-255,66,255610,50,289082
26546,0.016751,74.125.200.0-255,5738,261348,50,289082
26547,0.01676,172.31.46.0-255,66,261414,50,289082
26548,0.019348,74.125.200.0-255,5738,267152,50,289082
26549,0.019359,172.31.46.0-255,66,267218,50,289082
26550,0.021997,74.125.200.0-255,5738,272956,50,289082
26551,0.02201,172.31.46.0-255,66,273022,50,289082
26552,0.024594,74.125.200.0-255,4320,277342,50,289082
26553,0.024603,172.31.46.0-255,66,277408,50,289082
26554,0.02463,74.125.200.0-255,1484,278892,50,289082
26555,0.027214,74.125.200.0-255,4320,283212,50,289082
26556,0.027224,172.31.46.0-255,66,283278,50,289082
26557,0.029811,74.125.200.0-255,5738,289016,50,289082
26558,0.029819,172.31.46.0-255,66,289082,50,289082
26559,0.0,74.125.68.0-255,153,153,50,295409
26560,2e-05,172.31.46.0-255,66,219,50,295409
26561,2.7e-05,74.125.68.0-255,1484,1703,50,295409
26562,3.1e-05,172.31.46.0-255,66,1769,50,295409
26563,4.3e-05,74.125.68.0-255,2902,4671,50,295409
26564,4.7e-05,172.31.46.0-255,66,4737,50,295409
26565,5.3e-05,74.125.68.0-255,5738,10475,50,295409
26566,5.6e-05,172.31.46.0-255,66,10541,50,295409
26567,7.2e-05,74.125.68.0-255,3459,14000,50,295409
26568,7.4e-05,172.31.46.0-255,66,14066,50,295409
26569,0.00011,74.125.68.0-255,4320,18386,50,295409
26570,0.000113,172.31.46.0-255,66,18452,50,295409
26571,0.000118,74.125.68.0-255,2902,21354,50,295409
26572,0.00012,172.31.46.0-255,66,21420,50,295409
26573,0.000155,74.125.68.0-255,7156,28576,50,295409
26574,0.000158,172.31.46.0-255,66,28642,50,295409
26575,0.000164,74.125.68.0-255,4320,32962,50,295409
26576,0.000166,172.31.46.0-255,66,33028,50,295409
26577,0.000194,74.125.68.0-255,5738,38766,50,295409
26578,0.000197,172.31.46.0-255,66,38832,50,295409
26579,0.000231,172.31.46.0-255,66,38898,50,295409
26580,0.000539,74.125.68.0-255,1484,40382,50,295409
26581,0.000545,172.31.46.0-255,66,40448,50,295409
26582,0.00055,74.125.68.0-255,1484,41932,50,295409
26583,0.000552,172.31.46.0-255,66,41998,50,295409
26584,0.000577,74.125.68.0-255,1484,43482,50,295409
26585,0.00058,172.31.46.0-255,66,43548,50,295409
26586,0.000587,74.125.68.0-255,5738,49286,50,295409
26587,0.00059,172.31.46.0-255,66,49352,50,295409
26588,0.000611,74.125.68.0-255,7109,56461,50,295409
26589,0.000615,172.31.46.0-255,66,56527,50,295409
26590,0.000748,74.125.68.0-255,1484,58011,50,295409
26591,0.000754,74.125.68.0-255,1484,59495,50,295409
26592,0.000757,172.31.46.0-255,66,59561,50,295409
26593,0.000784,74.125.68.0-255,1484,61045,50,295409
26594,0.000791,74.125.68.0-255,5738,66783,50,295409
26595,0.000794,172.31.46.0-255,66,66849,50,295409
26596,0.000798,74.125.68.0-255,2902,69751,50,295409
26597,0.0008,172.31.46.0-255,66,69817,50,295409
26598,0.000806,74.125.68.0-255,4320,74137,50,295409
26599,0.000812,172.31.46.0-255,66,74203,50,295409
26600,0.000855,172.31.46.0-255,66,74269,50,295409
26601,0.000862,74.125.68.0-255,5738,80007,50,295409
26602,0.000864,172.31.46.0-255,66,80073,50,295409
26603,0.000895,74.125.68.0-255,6135,86208,50,295409
26604,0.000897,172.31.46.0-255,66,86274,50,295409
26605,0.000905,74.125.68.0-255,7156,93430,50,295409
26606,0.000907,172.31.46.0-255,66,93496,50,295409
26607,0.000922,172.31.46.0-255,66,93562,50,295409
26608,0.000959,172.31.46.0-255,66,93628,50,295409
26609,0.000998,74.125.68.0-255,4320,97948,50,295409
26610,0.001001,172.31.46.0-255,66,98014,50,295409
26611,0.001036,172.31.46.0-255,66,98080,50,295409
26612,0.001054,172.31.46.0-255,66,98146,50,295409
26613,0.001062,74.125.68.0-255,7156,105302,50,295409
26614,0.001064,172.31.46.0-255,66,105368,50,295409
26615,0.001111,172.31.46.0-255,66,105434,50,295409
26616,0.001117,74.125.68.0-255,4320,109754,50,295409
26617,0.001119,172.31.46.0-255,66,109820,50,295409
26618,0.001131,74.125.68.0-255,5738,115558,50,295409
26619,0.001133,172.31.46.0-255,66,115624,50,295409
26620,0.001147,172.31.46.0-255,66,115690,50,295409
26621,0.001152,74.125.68.0-255,4320,120010,50,295409
26622,0.001154,172.31.46.0-255,66,120076,50,295409
26623,0.001196,74.125.68.0-255,3602,123678,50,295409
26624,0.0012,172.31.46.0-255,66,123744,50,295409
26625,0.001329,74.125.68.0-255,1484,125228,50,295409
26626,0.001336,74.125.68.0-255,1484,126712,50,295409
26627,0.001339,172.31.46.0-255,66,126778,50,295409
26628,0.001366,74.125.68.0-255,1484,128262,50,295409
26629,0.001371,74.125.68.0-255,2902,131164,50,295409
26630,0.001374,172.31.46.0-255,66,131230,50,295409
26631,0.001379,74.125.68.0-255,4320,135550,50,295409
26632,0.001382,172.31.46.0-255,66,135616,50,295409
26633,0.001391,74.125.68.0-255,4320,139936,50,295409
26634,0.001393,172.31.46.0-255,66,140002,50,295409
26635,0.001426,74.125.68.0-255,4320,144322,50,295409
26636,0.001429,74.125.68.0-255,2902,147224,50,295409
26637,0.001433,172.31.46.0-255,66,147290,50,295409
26638,0.001437,172.31.46.0-255,66,147356,50,295409
26639,0.001463,74.125.68.0-255,4320,151676,50,295409
26640,0.001465,172.31.46.0-255,66,151742,50,295409
26641,0.001474,74.125.68.0-255,2902,154644,50,295409
26642,0.001476,172.31.46.0-255,66,154710,50,295409
26643,0.001502,74.125.68.0-255,1484,156194,50,295409
26644,0.001517,74.125.68.0-255,2184,158378,50,295409
26645,0.001519,172.31.46.0-255,66,158444,50,295409
26646,0.001615,74.125.68.0-255,1484,159928,50,295409
26647,0.001632,74.125.68.0-255,2902,162830,50,295409
26648,0.001636,172.31.46.0-255,66,162896,50,295409
26649,0.001673,74.125.68.0-255,5738,168634,50,295409
26650,0.001675,172.31.46.0-255,66,168700,50,295409
26651,0.00168,74.125.68.0-255,4320,173020,50,295409
26652,0.001682,172.31.46.0-255,66,173086,50,295409
26653,0.001756,74.125.68.0-255,5738,178824,50,295409
26654,0.001759,172.31.46.0-255,66,178890,50,295409
26655,0.001778,172.31.46.0-255,66,178956,50,295409
26656,0.001782,74.125.68.0-255,2184,181140,50,295409
26657,0.001784,172.31.46.0-255,66,181206,50,295409
26658,0.001967,74.125.68.0-255,1484,182690,50,295409
26659,0.001989,74.125.68.0-255,2902,185592,50,295409
26660,0.001995,172.31.46.0-255,66,185658,50,295409
26661,0.002004,74.125.68.0-255,5738,191396,50,295409
26662,0.002006,172.31.46.0-255,66,191462,50,295409
26663,0.002053,172.31.46.0-255,66,191528,50,295409
26664,0.002078,74.125.68.0-255,2902,194430,50,295409
26665,0.002081,172.31.46.0-255,66,194496,50,295409
26666,0.002115,172.31.46.0-255,66,194562,50,295409
26667,0.002138,74.125.68.0-255,1484,196046,50,295409
26668,0.002152,74.125.68.0-255,2902,198948,50,295409
26669,0.002154,172.31.46.0-255,66,199014,50,295409
26670,0.00218,74.125.68.0-255,1484,200498,50,295409
26671,0.002185,74.125.68.0-255,2902,203400,50,295409
26672,0.002188,172.31.46.0-255,66,203466,50,295409
26673,0.002208,74.125.68.0-255,4320,207786,50,295409
26674,0.002211,172.31.46.0-255,66,207852,50,295409
26675,0.002228,74.125.68.0-255,1484,209336,50,295409
26676,0.002248,74.125.68.0-255,4320,213656,50,295409
26677,0.002252,172.31.46.0-255,66,213722,50,295409
26678,0.002279,74.125.68.0-255,5738,219460,50,295409
26679,0.002282,172.31.46.0-255,66,219526,50,295409
26680,0.002294,172.31.46.0-255,66,219592,50,295409
26681,0.002303,74.125.68.0-255,2902,222494,50,295409
26682,0.002305,172.31.46.0-255,66,222560,50,295409
26683,0.002311,74.125.68.0-255,4320,226880,50,295409
26684,0.002313,172.31.46.0-255,66,226946,50,295409
26685,0.003904,172.31.46.0-255,101,227047,50,295409
26686,0.004589,74.125.68.0-255,5738,232785,50,295409
26687,0.004609,172.31.46.0-255,66,232851,50,295409
26688,0.006158,74.125.68.0-255,66,232917,50,295409
26689,0.006895,74.125.68.0-255,5738,238655,50,295409
26690,0.0069,172.31.46.0-255,66,238721,50,295409
26691,0.009192,74.125.68.0-255,4320,243041,50,295409
26692,0.009198,172.31.46.0-255,66,243107,50,295409
26693,0.009226,74.125.68.0-255,1484,244591,50,295409
26694,0.011503,74.125.68.0-255,4320,248911,50,295409
26695,0.01151,172.31.46.0-255,66,248977,50,295409
26696,0.013808,74.125.68.0-255,5738,254715,50,295409
26697,0.013816,172.31.46.0-255,66,254781,50,295409
26698,0.016124,74.125.68.0-255,5738,260519,50,295409
26699,0.016133,172.31.46.0-255,66,260585,50,295409
26700,0.018435,74.125.68.0-255,5738,266323,50,295409
26701,0.018446,172.31.46.0-255,66,266389,50,295409
26702,0.02074,74.125.68.0-255,5738,272127,50,295409
26703,0.020748,172.31.46.0-255,66,272193,50,295409
26704,0.023052,74.125.68.0-255,5738,277931,50,295409
26705,0.02306,172.31.46.0-255,66,277997,50,295409
26706,0.025343,74.125.68.0-255,5738,283735,50,295409
26707,0.02535,172.31.46.0-255,66,283801,50,295409
26708,0.027639,74.125.68.0-255,5738,289539,50,295409
26709,0.027645,172.31.46.0-255,66,289605,50,295409
26710,0.029945,74.125.68.0-255,5738,295343,50,295409
26711,0.029952,172.31.46.0-255,66,295409,50,295409
26712,0.0,74.125.130.0-255,150,150,50,213709
26713,3.2e-05,172.31.46.0-255,66,216,50,213709
26714,3.9e-05,74.125.130.0-255,1484,1700,50,213709
26715,4.2e-05,172.31.46.0-255,66,1766,50,213709
26716,4.6e-05,74.125.130.0-255,2902,4668,50,213709
26717,5.4e-05,172.31.46.0-255,66,4734,50,213709
26718,6.1e-05,74.125.130.0-255,7156,11890,50,213709
26719,6.2e-05,172.31.46.0-255,66,11956,50,213709
26720,6.5e-05,74.125.130.0-255,2082,14038,50,213709
26721,6.8e-05,172.31.46.0-255,66,14104,50,213709
26722,0.000161,74.125.130.0-255,1484,15588,50,213709
26723,0.000165,172.31.46.0-255,66,15654,50,213709
26724,0.000192,74.125.130.0-255,2902,18556,50,213709
26725,0.000195,172.31.46.0-255,66,18622,50,213709
26726,0.0002,74.125.130.0-255,4320,22942,50,213709
26727,0.000202,172.31.46.0-255,66,23008,50,213709
26728,0.000221,74.125.130.0-255,1484,24492,50,213709
26729,0.000223,172.31.46.0-255,66,24558,50,213709
26730,0.000227,74.125.130.0-255,4320,28878,50,213709
26731,0.000228,172.31.46.0-255,66,28944,50,213709
26732,0.000271,74.125.130.0-255,2543,31487,50,213709
26733,0.000274,172.31.46.0-255,66,31553,50,213709
26734,0.00036,74.125.130.0-255,1484,33037,50,213709
26735,0.000363,172.31.46.0-255,66,33103,50,213709
26736,0.000378,74.125.130.0-255,1484,34587,50,213709
26737,0.000381,172.31.46.0-255,66,34653,50,213709
26738,0.0004,74.125.130.0-255,1484,36137,50,213709
26739,0.000405,74.125.130.0-255,5738,41875,50,213709
26740,0.000406,172.31.46.0-255,66,41941,50,213709
26741,0.00041,172.31.46.0-255,66,42007,50,213709
26742,0.000436,74.125.130.0-255,6797,48804,50,213709
26743,0.000439,172.31.46.0-255,66,48870,50,213709
26744,0.001369,74.125.130.0-255,1484,50354,50,213709
26745,0.00138,74.125.130.0-255,2902,53256,50,213709
26746,0.001385,172.31.46.0-255,66,53322,50,213709
26747,0.001392,74.125.130.0-255,4320,57642,50,213709
26748,0.001394,172.31.46.0-255,66,57708,50,213709
26749,0.001431,74.125.130.0-255,4320,62028,50,213709
26750,0.001433,172.31.46.0-255,66,62094,50,213709
26751,0.001453,74.125.130.0-255,5379,67473,50,213709
26752,0.001455,172.31.46.0-255,66,67539,50,213709
26753,0.001465,172.31.46.0-255,66,67605,50,213709
26754,0.0015,74.125.130.0-255,5379,72984,50,213709
26755,0.001503,172.31.46.0-255,66,73050,50,213709
26756,0.001541,74.125.130.0-255,1484,74534,50,213709
26757,0.001558,74.125.130.0-255,2902,77436,50,213709
26758,0.00156,172.31.46.0-255,66,77502,50,213709
26759,0.001583,74.125.130.0-255,2902,80404,50,213709
26760,0.001585,172.31.46.0-255,66,80470,50,213709
26761,0.001608,74.125.130.0-255,4320,84790,50,213709
26762,0.00161,172.31.46.0-255,66,84856,50,213709
26763,0.001652,74.125.130.0-255,5960,90816,50,213709
26764,0.001655,172.31.46.0-255,66,90882,50,213709
26765,0.00189,74.125.130.0-255,1484,92366,50,213709
26766,0.001905,74.125.130.0-255,2902,95268,50,213709
26767,0.001907,172.31.46.0-255,66,95334,50,213709
26768,0.001918,74.125.130.0-255,1484,96818,50,213709
26769,0.001938,74.125.130.0-255,4320,101138,50,213709
26770,0.00194,172.31.46.0-255,66,101204,50,213709
26771,0.001944,74.125.130.0-255,2902,104106,50,213709
26772,0.001946,172.31.46.0-255,66,104172,50,213709
26773,0.001952,74.125.130.0-255,4320,108492,50,213709
26774,0.001958,172.31.46.0-255,66,108558,50,213709
26775,0.001961,74.125.130.0-255,1484,110042,50,213709
26776,0.001991,74.125.130.0-255,7156,117198,50,213709
26777,0.001993,172.31.46.0-255,66,117264,50,213709
26778,0.001997,74.125.130.0-255,2902,120166,50,213709
26779,0.001998,172.31.46.0-255,66,120232,50,213709
26780,0.002008,74.125.130.0-255,4320,124552,50,213709
26781,0.00201,172.31.46.0-255,66,124618,50,213709
26782,0.002013,74.125.130.0-255,766,125384,50,213709
26783,0.002086,74.125.130.0-255,1484,126868,50,213709
26784,0.002089,172.31.46.0-255,66,126934,50,213709
26785,0.002095,74.125.130.0-255,2902,129836,50,213709
26786,0.002097,172.31.46.0-255,66,129902,50,213709
26787,0.002121,74.125.130.0-255,5738,135640,50,213709
26788,0.002124,172.31.46.0-255,66,135706,50,213709
26789,0.002126,74.125.130.0-255,1484,137190,50,213709
26790,0.002153,74.125.130.0-255,5738,142928,50,213709
26791,0.002155,172.31.46.0-255,66,142994,50,213709
26792,0.002164,172.31.46.0-255,66,143060,50,213709
26793,0.002182,74.125.130.0-255,1484,144544,50,213709
26794,0.002207,74.125.130.0-255,6438,150982,50,213709
26795,0.00221,172.31.46.0-255,66,151048,50,213709
26796,0.002611,74.125.130.0-255,1484,152532,50,213709
26797,0.004775,74.125.130.0-255,4320,156852,50,213709
26798,0.004778,172.31.46.0-255,66,156918,50,213709
26799,0.007357,74.125.130.0-255,5738,162656,50,213709
26800,0.007364,172.31.46.0-255,66,162722,50,213709
26801,0.009948,74.125.130.0-255,5738,168460,50,213709
26802,0.009962,172.31.46.0-255,66,168526,50,213709
26803,0.012556,74.125.130.0-255,5738,174264,50,213709
26804,0.012564,172.31.46.0-255,66,174330,50,213709
26805,0.015148,74.125.130.0-255,5738,180068,50,213709
26806,0.015175,172.31.46.0-255,66,180134,50,213709
26807,0.017765,74.125.130.0-255,5738,185872,50,213709
26808,0.017774,172.31.46.0-255,66,185938,50,213709
26809,0.020353,74.125.130.0-255,5738,191676,50,213709
26810,0.02036,172.31.46.0-255,66,191742,50,213709
26811,0.02293,74.125.130.0-255,5738,197480,50,213709
26812,0.022937,172.31.46.0-255,66,197546,50,213709
26813,0.023082,172.31.46.0-255,172,197718,50,213709
26814,0.023103,172.31.46.0-255,1113,198831,50,213709
26815,0.023216,172.31.46.0-255,1514,200345,50,213709
26816,0.023218,172.31.46.0-255,1294,201639,50,213709
26817,0.0246,104.244.42.0-255,66,201705,50,213709
26818,0.024645,104.244.42.0-255,66,201771,50,213709
26819,0.024779,104.244.42.0-255,66,201837,50,213709
26820,0.025496,74.125.130.0-255,2902,204739,50,213709
26821,0.025499,172.31.46.0-255,66,204805,50,213709
26822,0.025532,74.125.130.0-255,2902,207707,50,213709
26823,0.025534,172.31.46.0-255,66,207773,50,213709
26824,0.028064,74.125.130.0-255,2902,210675,50,213709
26825,0.028069,172.31.46.0-255,66,210741,50,213709
26826,0.028132,74.125.130.0-255,2902,213643,50,213709
26827,0.028136,172.31.46.0-255,66,213709,50,213709
26828,0.0,74.125.24.0-255,152,152,50,274192
26829,2.3e-05,172.31.46.0-255,66,218,50,274192
26830,3e-05,74.125.24.0-255,1484,1702,50,274192
26831,3.4e-05,172.31.46.0-255,66,1768,50,274192
26832,4.7e-05,74.125.24.0-255,2902,4670,50,274192
26833,5.1e-05,172.31.46.0-255,66,4736,50,274192
26834,5.7e-05,74.125.24.0-255,5738,10474,50,274192
26835,6.1e-05,172.31.46.0-255,66,10540,50,274192
26836,6.5e-05,74.125.24.0-255,1484,12024,50,274192
26837,6.7e-05,172.31.46.0-255,66,12090,50,274192
26838,9e-05,74.125.24.0-255,2083,14173,50,274192
26839,9.2e-05,172.31.46.0-255,66,14239,50,274192
26840,0.000162,74.125.24.0-255,1484,15723,50,274192
26841,0.000166,172.31.46.0-255,66,15789,50,274192
26842,0.000195,74.125.24.0-255,2902,18691,50,274192
26843,0.000198,172.31.46.0-255,66,18757,50,274192
26844,0.000205,74.125.24.0-255,5738,24495,50,274192
26845,0.000208,172.31.46.0-255,66,24561,50,274192
26846,0.000215,74.125.24.0-255,1484,26045,50,274192
26847,0.000217,172.31.46.0-255,66,26111,50,274192
26848,0.000246,74.125.24.0-255,5379,31490,50,274192
26849,0.000249,172.31.46.0-255,66,31556,50,274192
26850,0.000254,74.125.24.0-255,4320,35876,50,274192
26851,0.000255,172.31.46.0-255,66,35942,50,274192
26852,0.000278,74.125.24.0-255,2902,38844,50,274192
26853,0.000284,172.31.46.0-255,66,38910,50,274192
26854,0.00029,74.125.24.0-255,4320,43230,50,274192
26855,0.000292,172.31.46.0-255,66,43296,50,274192
26856,0.000298,74.125.24.0-255,5379,48675,50,274192
26857,0.0003,172.31.46.0-255,66,48741,50,274192
26858,0.000342,74.125.24.0-255,1484,50225,50,274192
26859,0.000345,172.31.46.0-255,66,50291,50,274192
26860,0.000364,74.125.24.0-255,2902,53193,50,274192
26861,0.000367,172.31.46.0-255,66,53259,50,274192
26862,0.000372,74.125.24.0-255,4320,57579,50,274192
26863,0.000375,172.31.46.0-255,66,57645,50,274192
26864,0.000395,74.125.24.0-255,1484,59129,50,274192
26865,0.000407,74.125.24.0-255,4320,63449,50,274192
26866,0.000409,172.31.46.0-255,66,63515,50,274192
26867,0.000437,74.125.24.0-255,2877,66392,50,274192
26868,0.000439,172.31.46.0-255,66,66458,50,274192
26869,0.000952,74.125.24.0-255,109,66567,50,274192
26870,0.000967,74.125.24.0-255,332,66899,50,274192
26871,0.001132,172.31.46.0-255,66,66965,50,274192
26872,0.001264,74.125.24.0-255,1484,68449,50,274192
26873,0.001273,74.125.24.0-255,2902,71351,50,274192
26874,0.001277,172.31.46.0-255,66,71417,50,274192
26875,0.001284,74.125.24.0-255,5738,77155,50,274192
26876,0.001286,172.31.46.0-255,66,77221,50,274192
26877,0.001309,74.125.24.0-255,2902,80123,50,274192
26878,0.001311,172.31.46.0-255,66,80189,50,274192
26879,0.001354,172.31.46.0-255,66,80255,50,274192
26880,0.001371,172.31.46.0-255,66,80321,50,274192
26881,0.001455,74.125.24.0-255,1484,81805,50,274192
26882,0.001462,74.125.24.0-255,2902,84707,50,274192
26883,0.001465,172.31.46.0-255,66,84773,50,274192
26884,0.001496,74.125.24.0-255,5738,90511,50,274192
26885,0.001499,172.31.46.0-255,66,90577,50,274192
26886,0.001506,74.125.24.0-255,5738,96315,50,274192
26887,0.001508,172.31.46.0-255,66,96381,50,274192
26888,0.001516,74.125.24.0-255,1484,97865,50,274192
26889,0.001559,172.31.46.0-255,66,97931,50,274192
26890,0.001565,74.125.24.0-255,5020,102951,50,274192
26891,0.001567,172.31.46.0-255,66,103017,50,274192
26892,0.001594,74.125.24.0-255,7156,110173,50,274192
26893,0.001597,172.31.46.0-255,66,110239,50,274192
26894,0.001647,172.31.46.0-255,66,110305,50,274192
26895,0.001654,74.125.24.0-255,5738,116043,50,274192
26896,0.001657,172.31.46.0-255,66,116109,50,274192
26897,0.001663,74.125.24.0-255,5738,121847,50,274192
26898,0.00167,172.31.46.0-255,66,121913,50,274192
26899,0.001697,74.125.24.0-255,2184,124097,50,274192
26900,0.0017,172.31.46.0-255,66,124163,50,274192
26901,0.001714,74.125.24.0-255,1484,125647,50,274192
26902,0.001723,74.125.24.0-255,2902,128549,50,274192
26903,0.001726,172.31.46.0-255,66,128615,50,274192
26904,0.001757,74.125.24.0-255,5738,134353,50,274192
26905,0.00176,172.31.46.0-255,66,134419,50,274192
26906,0.001767,74.125.24.0-255,5738,140157,50,274192
26907,0.001769,172.31.46.0-255,66,140223,50,274192
26908,0.001818,74.125.24.0-255,5738,145961,50,274192
26909,0.00182,172.31.46.0-255,66,146027,50,274192
26910,0.001859,74.125.24.0-255,7156,153183,50,274192
26911,0.001871,74.125.24.0-255,5020,158203,50,274192
26912,0.002387,74.125.24.0-255,1484,159687,50,274192
26913,0.002395,74.125.24.0-255,2902,162589,50,274192
26914,0.00243,74.125.24.0-255,5738,168327,50,274192
26915,0.002432,74.125.24.0-255,1484,169811,50,274192
26916,0.002457,74.125.24.0-255,4320,174131,50,274192
26917,0.002478,74.125.24.0-255,4320,178451,50,274192
26918,0.002483,74.125.24.0-255,2902,181353,50,274192
26919,0.002486,74.125.24.0-255,1484,182837,50,274192
26920,0.002502,74.125.24.0-255,1484,184321,50,274192
26921,0.002534,74.125.24.0-255,4320,188641,50,274192
26922,0.002554,74.125.24.0-255,3602,192243,50,274192
26923,0.002576,74.125.24.0-255,7156,199399,50,274192
26924,0.002579,74.125.24.0-255,1484,200883,50,274192
26925,0.002581,74.125.24.0-255,1484,202367,50,274192
26926,0.002607,74.125.24.0-255,4320,206687,50,274192
26927,0.002642,74.125.24.0-255,1484,208171,50,274192
26928,0.002646,74.125.24.0-255,2902,211073,50,274192
26929,0.002651,74.125.24.0-255,2902,213975,50,274192
26930,0.002668,74.125.24.0-255,3602,217577,50,274192
26931,0.002714,74.125.24.0-255,5738,223315,50,274192
26932,0.00273,74.125.24.0-255,1484,224799,50,274192
26933,0.002737,74.125.24.0-255,5738,230537,50,274192
26934,0.00274,74.125.24.0-255,1484,232021,50,274192
26935,0.002753,74.125.24.0-255,5738,237759,50,274192
26936,0.00277,74.125.24.0-255,7156,244915,50,274192
26937,0.002793,74.125.24.0-255,4320,249235,50,274192
26938,0.002814,74.125.24.0-255,2184,251419,50,274192
26939,0.002821,74.125.24.0-255,7156,258575,50,274192
26940,0.002844,74.125.24.0-255,1484,260059,50,274192
26941,0.002985,74.125.24.0-255,7156,267215,50,274192
26942,0.003061,74.125.24.0-255,6371,273586,50,274192
26943,0.003064,74.125.24.0-255,97,273683,50,274192
26944,0.003066,74.125.24.0-255,105,273788,50,274192
26945,0.006217,172.31.46.0-255,66,273854,50,274192
26946,0.007601,172.31.46.0-255,101,273955,50,274192
26947,0.008871,172.31.46.0-255,105,274060,50,274192
26948,0.009817,74.125.24.0-255,66,274126,50,274192
26949,0.011083,74.125.24.0-255,66,274192,50,274192
26950,0.0,74.125.200.0-255,151,151,50,329208
26951,2.7e-05,172.31.46.0-255,66,217,50,329208
26952,3.5e-05,74.125.200.0-255,1484,1701,50,329208
26953,4.1e-05,172.31.46.0-255,66,1767,50,329208
26954,5.3e-05,74.125.200.0-255,2902,4669,50,329208
26955,5.7e-05,172.31.46.0-255,66,4735,50,329208
26956,6e-05,74.125.200.0-255,1484,6219,50,329208
26957,6.3e-05,172.31.46.0-255,66,6285,50,329208
26958,6.8e-05,74.125.200.0-255,2902,9187,50,329208
26959,7.1e-05,172.31.46.0-255,66,9253,50,329208
26960,7.9e-05,74.125.200.0-255,6366,15619,50,329208
26961,8.2e-05,172.31.46.0-255,66,15685,50,329208
26962,8.8e-05,74.125.200.0-255,5738,21423,50,329208
26963,9.3e-05,172.31.46.0-255,66,21489,50,329208
26964,0.0001,74.125.200.0-255,7156,28645,50,329208
26965,0.000103,172.31.46.0-255,66,28711,50,329208
26966,0.000107,74.125.200.0-255,2543,31254,50,329208
26967,0.00011,172.31.46.0-255,66,31320,50,329208
26968,0.000484,74.125.200.0-255,1484,32804,50,329208
26969,0.00049,172.31.46.0-255,66,32870,50,329208
26970,0.000496,74.125.200.0-255,2902,35772,50,329208
26971,0.000498,172.31.46.0-255,66,35838,50,329208
26972,0.000534,74.125.200.0-255,5738,41576,50,329208
26973,0.000537,172.31.46.0-255,66,41642,50,329208
26974,0.000544,74.125.200.0-255,7156,48798,50,329208
26975,0.000547,172.31.46.0-255,66,48864,50,329208
26976,0.00059,172.31.46.0-255,66,48930,50,329208
26977,0.000631,74.125.200.0-255,5738,54668,50,329208
26978,0.000634,172.31.46.0-255,66,54734,50,329208
26979,0.000659,74.125.200.0-255,2184,56918,50,329208
26980,0.000662,172.31.46.0-255,66,56984,50,329208
26981,0.000665,74.125.200.0-255,394,57378,50,329208
26982,0.000704,74.125.200.0-255,1484,58862,50,329208
26983,0.000715,74.125.200.0-255,1484,60346,50,329208
26984,0.000717,172.31.46.0-255,66,60412,50,329208
26985,0.000726,74.125.200.0-255,1484,61896,50,329208
26986,0.000734,74.125.200.0-255,1484,63380,50,329208
26987,0.000746,74.125.200.0-255,2902,66282,50,329208
26988,0.00075,74.125.200.0-255,2902,69184,50,329208
26989,0.000771,74.125.200.0-255,5738,74922,50,329208
26990,0.000777,74.125.200.0-255,5738,80660,50,329208
26991,0.000782,172.31.46.0-255,66,80726,50,329208
26992,0.00079,74.125.200.0-255,1484,82210,50,329208
26993,0.000813,74.125.200.0-255,1484,83694,50,329208
26994,0.000834,74.125.200.0-255,7156,90850,50,329208
26995,0.000837,74.125.200.0-255,766,91616,50,329208
26996,0.000844,172.31.46.0-255,66,91682,50,329208
26997,0.000887,74.125.200.0-255,1484,93166,50,329208
26998,0.000903,74.125.200.0-255,2902,96068,50,329208
26999,0.000914,172.31.46.0-255,66,96134,50,329208
27000,0.000935,74.125.200.0-255,5738,101872,50,329208
27001,0.00094,74.125.200.0-255,2902,104774,50,329208
27002,0.000945,74.125.200.0-255,4320,109094,50,329208
27003,0.000993,74.125.200.0-255,7156,116250,50,329208
27004,0.001002,172.31.46.0-255,66,116316,50,329208
27005,0.001011,74.125.200.0-255,1484,117800,50,329208
27006,0.001038,74.125.200.0-255,7156,124956,50,329208
27007,0.001048,74.125.200.0-255,1484,126440,50,329208
27008,0.00105,172.31.46.0-255,66,126506,50,329208
27009,0.001059,74.125.200.0-255,1484,127990,50,329208
27010,0.001092,74.125.200.0-255,2902,130892,50,329208
27011,0.001097,74.125.200.0-255,3602,134494,50,329208
27012,0.0011,74.125.200.0-255,1484,135978,50,329208
27013,0.001116,74.125.200.0-255,2902,138880,50,329208
27014,0.001121,172.31.46.0-255,66,138946,50,329208
27015,0.00115,74.125.200.0-255,2902,141848,50,329208
27016,0.001166,172.31.46.0-255,66,141914,50,329208
27017,0.001207,74.125.200.0-255,2184,144098,50,329208
27018,0.00122,172.31.46.0-255,66,144164,50,329208
27019,0.001296,74.125.200.0-255,1484,145648,50,329208
27020,0.001301,74.125.200.0-255,2902,148550,50,329208
27021,0.001307,172.31.46.0-255,66,148616,50,329208
27022,0.001328,74.125.200.0-255,5738,154354,50,329208
27023,0.001348,74.125.200.0-255,1484,155838,50,329208
27024,0.001354,172.31.46.0-255,66,155904,50,329208
27025,0.001364,74.125.200.0-255,4320,160224,50,329208
27026,0.00137,74.125.200.0-255,1484,161708,50,329208
27027,0.001376,172.31.46.0-255,66,161774,50,329208
27028,0.001409,74.125.200.0-255,5738,167512,50,329208
27029,0.001415,74.125.200.0-255,4320,171832,50,329208
27030,0.001421,74.125.200.0-255,5738,177570,50,329208
27031,0.001423,74.125.200.0-255,766,178336,50,329208
27032,0.001439,172.31.46.0-255,66,178402,50,329208
27033,0.001543,74.125.200.0-255,1484,179886,50,329208
27034,0.001562,74.125.200.0-255,2902,182788,50,329208
27035,0.001577,74.125.200.0-255,2902,185690,50,329208
27036,0.00159,74.125.200.0-255,2902,188592,50,329208
27037,0.001593,74.125.200.0-255,2902,191494,50,329208
27038,0.001596,74.125.200.0-255,1484,192978,50,329208
27039,0.001599,172.31.46.0-255,66,193044,50,329208
27040,0.001605,172.31.46.0-255,66,193110,50,329208
27041,0.001624,74.125.200.0-255,2902,196012,50,329208
27042,0.001662,74.125.200.0-255,7156,203168,50,329208
27043,0.001692,74.125.200.0-255,5738,208906,50,329208
27044,0.001701,172.31.46.0-255,66,208972,50,329208
27045,0.001704,74.125.200.0-255,1484,210456,50,329208
27046,0.001711,172.31.46.0-255,66,210522,50,329208
27047,0.001732,74.125.200.0-255,5738,216260,50,329208
27048,0.001753,74.125.200.0-255,4320,220580,50,329208
27049,0.00178,172.31.46.0-255,66,220646,50,329208
27050,0.00179,172.31.46.0-255,66,220712,50,329208
27051,0.001855,74.125.200.0-255,1484,222196,50,329208
27052,0.001861,74.125.200.0-255,2902,225098,50,329208
27053,0.00191,74.125.200.0-255,5738,230836,50,329208
27054,0.001913,74.125.200.0-255,1484,232320,50,329208
27055,0.001916,74.125.200.0-255,2902,235222,50,329208
27056,0.00192,172.31.46.0-255,66,235288,50,329208
27057,0.001939,74.125.200.0-255,5738,241026,50,329208
27058,0.001943,172.31.46.0-255,66,241092,50,329208
27059,0.001967,74.125.200.0-255,1484,242576,50,329208
27060,0.001971,74.125.200.0-255,2902,245478,50,329208
27061,0.001986,74.125.200.0-255,1484,246962,50,329208
27062,0.001991,172.31.46.0-255,66,247028,50,329208
27063,0.002022,74.125.200.0-255,4320,251348,50,329208
27064,0.002027,74.125.200.0-255,2902,254250,50,329208
27065,0.002035,172.31.46.0-255,66,254316,50,329208
27066,0.004022,74.125.200.0-255,5738,260054,50,329208
27067,0.004028,172.31.46.0-255,66,260120,50,329208
27068,0.006015,74.125.200.0-255,5738,265858,50,329208
27069,0.006023,172.31.46.0-255,66,265924,50,329208
27070,0.008013,74.125.200.0-255,2902,268826,50,329208
27071,0.008017,172.31.46.0-255,66,268892,50,329208
27072,0.008036,74.125.200.0-255,2902,271794,50,329208
27073,0.008038,172.31.46.0-255,66,271860,50,329208
27074,0.009999,74.125.200.0-255,2902,274762,50,329208
27075,0.010005,172.31.46.0-255,66,274828,50,329208
27076,0.01003,74.125.200.0-255,2902,277730,50,329208
27077,0.010033,172.31.46.0-255,66,277796,50,329208
27078,0.01199,74.125.200.0-255,2902,280698,50,329208
27079,0.011997,172.31.46.0-255,66,280764,50,329208
27080,0.012031,74.125.200.0-255,2902,283666,50,329208
27081,0.012034,172.31.46.0-255,66,283732,50,329208
27082,0.013994,74.125.200.0-255,2902,286634,50,329208
27083,0.014001,172.31.46.0-255,66,286700,50,329208
27084,0.014034,74.125.200.0-255,2902,289602,50,329208
27085,0.014037,172.31.46.0-255,66,289668,50,329208
27086,0.015993,74.125.200.0-255,2902,292570,50,329208
27087,0.016001,172.31.46.0-255,66,292636,50,329208
27088,0.016037,74.125.200.0-255,2902,295538,50,329208
27089,0.01604,172.31.46.0-255,66,295604,50,329208
27090,0.018003,74.125.200.0-255,2902,298506,50,329208
27091,0.018012,172.31.46.0-255,66,298572,50,329208
27092,0.018043,74.125.200.0-255,2902,301474,50,329208
27093,0.018046,172.31.46.0-255,66,301540,50,329208
27094,0.020023,74.125.200.0-255,4320,305860,50,329208
27095,0.02003,172.31.46.0-255,66,305926,50,329208
27096,0.020061,74.125.200.0-255,1484,307410,50,329208
27097,0.022019,74.125.200.0-255,4320,311730,50,329208
27098,0.022026,172.31.46.0-255,66,311796,50,329208
27099,0.024025,74.125.200.0-255,5738,317534,50,329208
27100,0.024033,172.31.46.0-255,66,317600,50,329208
27101,0.026017,74.125.200.0-255,5738,323338,50,329208
27102,0.026024,172.31.46.0-255,66,323404,50,329208
27103,0.028009,74.125.200.0-255,5738,329142,50,329208
27104,0.028016,172.31.46.0-255,66,329208,50,329208
27105,0.0,172.217.194.0-255,153,153,50,211333
27106,2.2e-05,172.31.46.0-255,66,219,50,211333
27107,2.8e-05,172.217.194.0-255,1484,1703,50,211333
27108,3.3e-05,172.31.46.0-255,66,1769,50,211333
27109,3.8e-05,172.217.194.0-255,2902,4671,50,211333
27110,4.1e-05,172.31.46.0-255,66,4737,50,211333
27111,4.7e-05,172.217.194.0-255,5738,10475,50,211333
27112,5e-05,172.31.46.0-255,66,10541,50,211333
27113,7.2e-05,172.217.194.0-255,1484,12025,50,211333
27114,7.4e-05,172.31.46.0-255,66,12091,50,211333
27115,7.7e-05,172.217.194.0-255,1484,13575,50,211333
27116,7.9e-05,172.31.46.0-255,66,13641,50,211333
27117,8.5e-05,172.217.194.0-255,5738,19379,50,211333
27118,8.7e-05,172.31.46.0-255,66,19445,50,211333
27119,0.000108,172.31.46.0-255,66,19511,50,211333
27120,0.000112,172.217.194.0-255,2543,22054,50,211333
27121,0.000114,172.31.46.0-255,66,22120,50,211333
27122,0.000141,172.217.194.0-255,1484,23604,50,211333
27123,0.000143,172.31.46.0-255,66,23670,50,211333
27124,0.000147,172.217.194.0-255,2902,26572,50,211333
27125,0.00015,172.31.46.0-255,66,26638,50,211333
27126,0.000164,172.217.194.0-255,4320,30958,50,211333
27127,0.000166,172.31.46.0-255,66,31024,50,211333
27128,0.000179,172.217.194.0-255,1484,32508,50,211333
27129,0.00018,172.31.46.0-255,66,32574,50,211333
27130,0.000183,172.217.194.0-255,1484,34058,50,211333
27131,0.000185,172.31.46.0-255,66,34124,50,211333
27132,0.000228,172.31.46.0-255,66,34190,50,211333
27133,0.000238,172.31.46.0-255,66,34256,50,211333
27134,0.001111,172.217.194.0-255,339,34595,50,211333
27135,0.001144,172.217.194.0-255,1484,36079,50,211333
27136,0.001148,172.31.46.0-255,66,36145,50,211333
27137,0.001155,172.217.194.0-255,4320,40465,50,211333
27138,0.001157,172.31.46.0-255,66,40531,50,211333
27139,0.001177,172.217.194.0-255,5738,46269,50,211333
27140,0.001179,172.31.46.0-255,66,46335,50,211333
27141,0.001182,172.217.194.0-255,1484,47819,50,211333
27142,0.001212,172.31.46.0-255,66,47885,50,211333
27143,0.001226,172.217.194.0-255,2902,50787,50,211333
27144,0.001227,172.31.46.0-255,66,50853,50,211333
27145,0.001256,172.31.46.0-255,66,50919,50,211333
27146,0.001363,172.217.194.0-255,403,51322,50,211333
27147,0.001385,172.217.194.0-255,1484,52806,50,211333
27148,0.001389,172.31.46.0-255,66,52872,50,211333
27149,0.001412,172.217.194.0-255,1484,54356,50,211333
27150,0.001428,172.217.194.0-255,2902,57258,50,211333
27151,0.001431,172.31.46.0-255,66,57324,50,211333
27152,0.001437,172.217.194.0-255,5738,63062,50,211333
27153,0.001439,172.31.46.0-255,66,63128,50,211333
27154,0.001441,172.217.194.0-255,1484,64612,50,211333
27155,0.001464,172.31.46.0-255,66,64678,50,211333
27156,0.001467,172.217.194.0-255,1484,66162,50,211333
27157,0.001498,172.31.46.0-255,66,66228,50,211333
27158,0.001522,172.217.194.0-255,1484,67712,50,211333
27159,0.001534,172.217.194.0-255,2902,70614,50,211333
27160,0.001537,172.31.46.0-255,66,70680,50,211333
27161,0.001543,172.217.194.0-255,5738,76418,50,211333
27162,0.001546,172.31.46.0-255,66,76484,50,211333
27163,0.001584,172.31.46.0-255,66,76550,50,211333
27164,0.00161,172.217.194.0-255,2902,79452,50,211333
27165,0.001612,172.31.46.0-255,66,79518,50,211333
27166,0.001625,172.31.46.0-255,66,79584,50,211333
27167,0.001795,172.217.194.0-255,1484,81068,50,211333
27168,0.001812,172.217.194.0-255,2902,83970,50,211333
27169,0.001815,172.31.46.0-255,66,84036,50,211333
27170,0.001821,172.217.194.0-255,2902,86938,50,211333
27171,0.001824,172.31.46.0-255,66,87004,50,211333
27172,0.001853,172.217.194.0-255,2902,89906,50,211333
27173,0.001855,172.31.46.0-255,66,89972,50,211333
27174,0.001861,172.217.194.0-255,5738,95710,50,211333
27175,0.001864,172.31.46.0-255,66,95776,50,211333
27176,0.001872,172.217.194.0-255,5738,101514,50,211333
27177,0.001875,172.31.46.0-255,66,101580,50,211333
27178,0.001901,172.217.194.0-255,7156,108736,50,211333
27179,0.001904,172.31.46.0-255,66,108802,50,211333
27180,0.00191,172.217.194.0-255,5020,113822,50,211333
27181,0.001912,172.31.46.0-255,66,113888,50,211333
27182,0.002089,172.217.194.0-255,1484,115372,50,211333
27183,0.002105,172.217.194.0-255,2902,118274,50,211333
27184,0.002108,172.31.46.0-255,66,118340,50,211333
27185,0.00213,172.217.194.0-255,5738,124078,50,211333
27186,0.002133,172.31.46.0-255,66,124144,50,211333
27187,0.002148,172.217.194.0-255,4320,128464,50,211333
27188,0.00215,172.31.46.0-255,66,128530,50,211333
27189,0.002177,172.217.194.0-255,7156,135686,50,211333
27190,0.00218,172.31.46.0-255,66,135752,50,211333
27191,0.002187,172.217.194.0-255,7156,142908,50,211333
27192,0.002189,172.31.46.0-255,66,142974,50,211333
27193,0.002203,172.217.194.0-255,5020,147994,50,211333
27194,0.002205,172.31.46.0-255,66,148060,50,211333
27195,0.002279,172.217.194.0-255,1484,149544,50,211333
27196,0.002301,172.217.194.0-255,2902,152446,50,211333
27197,0.002304,172.31.46.0-255,66,152512,50,211333
27198,0.00231,172.217.194.0-255,5738,158250,50,211333
27199,0.002313,172.31.46.0-255,66,158316,50,211333
27200,0.00235,172.217.194.0-255,1484,159800,50,211333
27201,0.002385,172.31.46.0-255,66,159866,50,211333
27202,0.002398,172.31.46.0-255,66,159932,50,211333
27203,0.002401,172.217.194.0-255,1484,161416,50,211333
27204,0.002426,172.217.194.0-255,2902,164318,50,211333
27205,0.002429,172.31.46.0-255,66,164384,50,211333
27206,0.002458,172.31.46.0-255,66,164450,50,211333
27207,0.00246,172.217.194.0-255,1484,165934,50,211333
27208,0.002465,172.217.194.0-255,2902,168836,50,211333
27209,0.002467,172.31.46.0-255,66,168902,50,211333
27210,0.002471,172.217.194.0-255,2902,171804,50,211333
27211,0.002473,172.31.46.0-255,66,171870,50,211333
27212,0.002507,172.31.46.0-255,66,171936,50,211333
27213,0.00251,172.217.194.0-255,766,172702,50,211333
27214,0.002539,172.217.194.0-255,1484,174186,50,211333
27215,0.002542,172.31.46.0-255,66,174252,50,211333
27216,0.002558,172.217.194.0-255,1484,175736,50,211333
27217,0.002571,172.217.194.0-255,4320,180056,50,211333
27218,0.002574,172.31.46.0-255,66,180122,50,211333
27219,0.002587,172.217.194.0-255,2902,183024,50,211333
27220,0.002589,172.31.46.0-255,66,183090,50,211333
27221,0.002618,172.217.194.0-255,7156,190246,50,211333
27222,0.002621,172.31.46.0-255,66,190312,50,211333
27223,0.002628,172.217.194.0-255,7156,197468,50,211333
27224,0.00263,172.31.46.0-255,66,197534,50,211333
27225,0.002654,172.217.194.0-255,2902,200436,50,211333
27226,0.002656,172.31.46.0-255,66,200502,50,211333
27227,0.002694,172.31.46.0-255,66,200568,50,211333
27228,0.002701,172.217.194.0-255,7156,207724,50,211333
27229,0.002704,172.31.46.0-255,66,207790,50,211333
27230,0.002741,172.31.46.0-255,66,207856,50,211333
27231,0.002753,172.31.46.0-255,66,207922,50,211333
27232,0.002757,172.217.194.0-255,2902,210824,50,211333
27233,0.002822,172.217.194.0-255,105,210929,50,211333
27234,0.003093,172.31.46.0-255,66,210995,50,211333
27235,0.004641,172.31.46.0-255,101,211096,50,211333
27236,0.00567,172.31.46.0-255,105,211201,50,211333
27237,0.006933,172.217.194.0-255,66,211267,50,211333
27238,0.007957,172.217.194.0-255,66,211333,50,211333
27239,0.0,74.125.130.0-255,151,151,50,286218
27240,1.5e-05,172.31.46.0-255,66,217,50,286218
27241,2.2e-05,74.125.130.0-255,1484,1701,50,286218
27242,2.6e-05,172.31.46.0-255,66,1767,50,286218
27243,3e-05,74.125.130.0-255,1484,3251,50,286218
27244,3.4e-05,172.31.46.0-255,66,3317,50,286218
27245,5.5e-05,74.125.130.0-255,1484,4801,50,286218
27246,5.9e-05,172.31.46.0-255,66,4867,50,286218
27247,6.7e-05,74.125.130.0-255,5738,10605,50,286218
27248,6.9e-05,172.31.46.0-255,66,10671,50,286218
27249,7.5e-05,74.125.130.0-255,3329,14000,50,286218
27250,7.7e-05,172.31.46.0-255,66,14066,50,286218
27251,0.000123,74.125.130.0-255,1484,15550,50,286218
27252,0.000125,172.31.46.0-255,66,15616,50,286218
27253,0.00014,74.125.130.0-255,2902,18518,50,286218
27254,0.000143,172.31.46.0-255,66,18584,50,286218
27255,0.000161,74.125.130.0-255,2902,21486,50,286218
27256,0.000165,172.31.46.0-255,66,21552,50,286218
27257,0.000169,74.125.130.0-255,2902,24454,50,286218
27258,0.000172,172.31.46.0-255,66,24520,50,286218
27259,0.000189,74.125.130.0-255,1484,26004,50,286218
27260,0.000191,172.31.46.0-255,66,26070,50,286218
27261,0.000202,74.125.130.0-255,1484,27554,50,286218
27262,0.000204,172.31.46.0-255,66,27620,50,286218
27263,0.000229,74.125.130.0-255,3961,31581,50,286218
27264,0.000232,172.31.46.0-255,66,31647,50,286218
27265,0.000385,74.125.130.0-255,1484,33131,50,286218
27266,0.00039,172.31.46.0-255,66,33197,50,286218
27267,0.000396,74.125.130.0-255,2902,36099,50,286218
27268,0.000399,172.31.46.0-255,66,36165,50,286218
27269,0.000404,74.125.130.0-255,4320,40485,50,286218
27270,0.000407,172.31.46.0-255,66,40551,50,286218
27271,0.000413,74.125.130.0-255,5738,46289,50,286218
27272,0.000416,172.31.46.0-255,66,46355,50,286218
27273,0.000421,74.125.130.0-255,5738,52093,50,286218
27274,0.000424,172.31.46.0-255,66,52159,50,286218
27275,0.000452,74.125.130.0-255,3961,56120,50,286218
27276,0.000455,172.31.46.0-255,66,56186,50,286218
27277,0.000467,172.31.46.0-255,66,56252,50,286218
27278,0.000666,74.125.130.0-255,98,56350,50,286218
27279,0.000686,74.125.130.0-255,366,56716,50,286218
27280,0.001044,172.31.46.0-255,66,56782,50,286218
27281,0.001119,74.125.130.0-255,1484,58266,50,286218
27282,0.001127,74.125.130.0-255,2902,61168,50,286218
27283,0.00113,172.31.46.0-255,66,61234,50,286218
27284,0.001157,74.125.130.0-255,5738,66972,50,286218
27285,0.001159,172.31.46.0-255,66,67038,50,286218
27286,0.001164,74.125.130.0-255,2902,69940,50,286218
27287,0.001166,172.31.46.0-255,66,70006,50,286218
27288,0.001189,74.125.130.0-255,2902,72908,50,286218
27289,0.001191,172.31.46.0-255,66,72974,50,286218
27290,0.001198,74.125.130.0-255,4320,77294,50,286218
27291,0.0012,172.31.46.0-255,66,77360,50,286218
27292,0.001212,74.125.130.0-255,2902,80262,50,286218
27293,0.001214,172.31.46.0-255,66,80328,50,286218
27294,0.001217,74.125.130.0-255,1484,81812,50,286218
27295,0.001251,172.31.46.0-255,66,81878,50,286218
27296,0.001501,74.125.130.0-255,1484,83362,50,286218
27297,0.001508,74.125.130.0-255,2902,86264,50,286218
27298,0.001512,172.31.46.0-255,66,86330,50,286218
27299,0.001528,74.125.130.0-255,1484,87814,50,286218
27300,0.001533,74.125.130.0-255,2902,90716,50,286218
27301,0.001535,172.31.46.0-255,66,90782,50,286218
27302,0.001558,74.125.130.0-255,5738,96520,50,286218
27303,0.00156,172.31.46.0-255,66,96586,50,286218
27304,0.001578,74.125.130.0-255,4320,100906,50,286218
27305,0.00158,172.31.46.0-255,66,100972,50,286218
27306,0.001604,74.125.130.0-255,5738,106710,50,286218
27307,0.001607,172.31.46.0-255,66,106776,50,286218
27308,0.001624,74.125.130.0-255,4320,111096,50,286218
27309,0.001626,172.31.46.0-255,66,111162,50,286218
27310,0.001647,74.125.130.0-255,5020,116182,50,286218
27311,0.001649,172.31.46.0-255,66,116248,50,286218
27312,0.001677,74.125.130.0-255,1484,117732,50,286218
27313,0.001692,74.125.130.0-255,2902,120634,50,286218
27314,0.001695,172.31.46.0-255,66,120700,50,286218
27315,0.001708,74.125.130.0-255,4320,125020,50,286218
27316,0.001711,172.31.46.0-255,66,125086,50,286218
27317,0.001722,74.125.130.0-255,1484,126570,50,286218
27318,0.001728,74.125.130.0-255,4320,130890,50,286218
27319,0.00173,172.31.46.0-255,66,130956,50,286218
27320,0.001754,74.125.130.0-255,5738,136694,50,286218
27321,0.001757,172.31.46.0-255,66,136760,50,286218
27322,0.001803,172.31.46.0-255,66,136826,50,286218
27323,0.001853,74.125.130.0-255,2184,139010,50,286218
27324,0.001855,172.31.46.0-255,66,139076,50,286218
27325,0.002226,74.125.130.0-255,1484,140560,50,286218
27326,0.002249,74.125.130.0-255,2902,143462,50,286218
27327,0.002254,172.31.46.0-255,66,143528,50,286218
27328,0.002266,74.125.130.0-255,2902,146430,50,286218
27329,0.002269,172.31.46.0-255,66,146496,50,286218
27330,0.002289,74.125.130.0-255,2902,149398,50,286218
27331,0.002291,172.31.46.0-255,66,149464,50,286218
27332,0.002305,172.31.46.0-255,66,149530,50,286218
27333,0.002317,74.125.130.0-255,2902,152432,50,286218
27334,0.00232,172.31.46.0-255,66,152498,50,286218
27335,0.002345,172.31.46.0-255,66,152564,50,286218
27336,0.002622,74.125.130.0-255,1484,154048,50,286218
27337,0.002636,74.125.130.0-255,2902,156950,50,286218
27338,0.002639,172.31.46.0-255,66,157016,50,286218
27339,0.002656,74.125.130.0-255,1484,158500,50,286218
27340,0.002677,74.125.130.0-255,4320,162820,50,286218
27341,0.002679,172.31.46.0-255,66,162886,50,286218
27342,0.002699,74.125.130.0-255,4320,167206,50,286218
27343,0.002702,172.31.46.0-255,66,167272,50,286218
27344,0.002706,74.125.130.0-255,2902,170174,50,286218
27345,0.002708,172.31.46.0-255,66,170240,50,286218
27346,0.002711,74.125.130.0-255,1484,171724,50,286218
27347,0.002726,74.125.130.0-255,2902,174626,50,286218
27348,0.002729,172.31.46.0-255,66,174692,50,286218
27349,0.002749,74.125.130.0-255,2902,177594,50,286218
27350,0.002751,172.31.46.0-255,66,177660,50,286218
27351,0.002775,172.31.46.0-255,66,177726,50,286218
27352,0.002778,74.125.130.0-255,766,178492,50,286218
27353,0.002888,74.125.130.0-255,1484,179976,50,286218
27354,0.00289,172.31.46.0-255,66,180042,50,286218
27355,0.002905,74.125.130.0-255,2902,182944,50,286218
27356,0.002907,172.31.46.0-255,66,183010,50,286218
27357,0.00292,74.125.130.0-255,1484,184494,50,286218
27358,0.002924,74.125.130.0-255,2902,187396,50,286218
27359,0.002926,172.31.46.0-255,66,187462,50,286218
27360,0.002961,74.125.130.0-255,4320,191782,50,286218
27361,0.002964,172.31.46.0-255,66,191848,50,286218
27362,0.002967,74.125.130.0-255,1484,193332,50,286218
27363,0.002971,74.125.130.0-255,2902,196234,50,286218
27364,0.002973,172.31.46.0-255,66,196300,50,286218
27365,0.002975,74.125.130.0-255,1484,197784,50,286218
27366,0.003012,172.31.46.0-255,66,197850,50,286218
27367,0.003018,74.125.130.0-255,5020,202870,50,286218
27368,0.003021,172.31.46.0-255,66,202936,50,286218
27369,0.003045,74.125.130.0-255,1484,204420,50,286218
27370,0.003069,172.31.46.0-255,66,204486,50,286218
27371,0.003076,74.125.130.0-255,5738,210224,50,286218
27372,0.003078,172.31.46.0-255,66,210290,50,286218
27373,0.003113,172.31.46.0-255,66,210356,50,286218
27374,0.003133,74.125.130.0-255,1484,211840,50,286218
27375,0.003145,74.125.130.0-255,1484,213324,50,286218
27376,0.003147,172.31.46.0-255,66,213390,50,286218
27377,0.003174,172.31.46.0-255,66,213456,50,286218
27378,0.003178,74.125.130.0-255,2902,216358,50,286218
27379,0.003182,172.31.46.0-255,66,216424,50,286218
27380,0.003212,172.31.46.0-255,66,216490,50,286218
27381,0.003218,74.125.130.0-255,7156,223646,50,286218
27382,0.00322,172.31.46.0-255,66,223712,50,286218
27383,0.003248,74.125.130.0-255,3602,227314,50,286218
27384,0.003251,172.31.46.0-255,66,227380,50,286218
27385,0.003282,74.125.130.0-255,2902,230282,50,286218
27386,0.003285,172.31.46.0-255,66,230348,50,286218
27387,0.003304,74.125.130.0-255,1484,231832,50,286218
27388,0.003311,74.125.130.0-255,5738,237570,50,286218
27389,0.003314,172.31.46.0-255,66,237636,50,286218
27390,0.003363,74.125.130.0-255,7156,244792,50,286218
27391,0.003365,172.31.46.0-255,66,244858,50,286218
27392,0.003379,74.125.130.0-255,4320,249178,50,286218
27393,0.003382,172.31.46.0-255,66,249244,50,286218
27394,0.003388,74.125.130.0-255,4320,253564,50,286218
27395,0.00339,172.31.46.0-255,66,253630,50,286218
27396,0.003422,172.31.46.0-255,66,253696,50,286218
27397,0.003438,74.125.130.0-255,6438,260134,50,286218
27398,0.003441,172.31.46.0-255,66,260200,50,286218
27399,0.003448,74.125.130.0-255,7156,267356,50,286218
27400,0.003483,74.125.130.0-255,7156,274512,50,286218
27401,0.0035,74.125.130.0-255,766,275278,50,286218
27402,0.003528,74.125.130.0-255,1484,276762,50,286218
27403,0.003549,74.125.130.0-255,2902,279664,50,286218
27404,0.003564,74.125.130.0-255,1484,281148,50,286218
27405,0.003568,74.125.130.0-255,2902,284050,50,286218
27406,0.00361,74.125.130.0-255,1659,285709,50,286218
27407,0.003638,74.125.130.0-255,105,285814,50,286218
27408,0.003811,172.31.46.0-255,66,285880,50,286218
27409,0.005023,172.31.46.0-255,101,285981,50,286218
27410,0.00671,172.31.46.0-255,105,286086,50,286218
27411,0.007483,74.125.130.0-255,66,286152,50,286218
27412,0.009191,74.125.130.0-255,66,286218,50,286218
27413,0.0,74.125.200.0-255,150,150,50,156903
27414,2.4e-05,172.31.46.0-255,66,216,50,156903
27415,5.9e-05,74.125.200.0-255,1484,1700,50,156903
27416,6.3e-05,172.31.46.0-255,66,1766,50,156903
27417,6.9e-05,74.125.200.0-255,2902,4668,50,156903
27418,7.3e-05,172.31.46.0-255,66,4734,50,156903
27419,8e-05,74.125.200.0-255,1484,6218,50,156903
27420,8.3e-05,172.31.46.0-255,66,6284,50,156903
27421,9.6e-05,74.125.200.0-255,2902,9186,50,156903
27422,9.8e-05,172.31.46.0-255,66,9252,50,156903
27423,0.000122,74.125.200.0-255,1484,10736,50,156903
27424,0.000124,172.31.46.0-255,66,10802,50,156903
27425,0.000146,74.125.200.0-255,2902,13704,50,156903
27426,0.000148,172.31.46.0-255,66,13770,50,156903
27427,0.000151,74.125.200.0-255,665,14435,50,156903
27428,0.000153,172.31.46.0-255,66,14501,50,156903
27429,0.000257,74.125.200.0-255,1484,15985,50,156903
27430,0.00026,172.31.46.0-255,66,16051,50,156903
27431,0.000263,74.125.200.0-255,1484,17535,50,156903
27432,0.000265,172.31.46.0-255,66,17601,50,156903
27433,0.000283,74.125.200.0-255,1484,19085,50,156903
27434,0.000285,172.31.46.0-255,66,19151,50,156903
27435,0.000291,74.125.200.0-255,5738,24889,50,156903
27436,0.000295,172.31.46.0-255,66,24955,50,156903
27437,0.000311,74.125.200.0-255,1484,26439,50,156903
27438,0.000312,172.31.46.0-255,66,26505,50,156903
27439,0.000339,74.125.200.0-255,2902,29407,50,156903
27440,0.000341,172.31.46.0-255,66,29473,50,156903
27441,0.000362,74.125.200.0-255,2543,32016,50,156903
27442,0.000364,172.31.46.0-255,66,32082,50,156903
27443,0.000368,74.125.200.0-255,2902,34984,50,156903
27444,0.00037,172.31.46.0-255,66,35050,50,156903
27445,0.000412,74.125.200.0-255,4320,39370,50,156903
27446,0.000414,172.31.46.0-255,66,39436,50,156903
27447,0.000434,74.125.200.0-255,1484,40920,50,156903
27448,0.000453,74.125.200.0-255,4320,45240,50,156903
27449,0.000456,172.31.46.0-255,66,45306,50,156903
27450,0.000479,74.125.200.0-255,2902,48208,50,156903
27451,0.000482,172.31.46.0-255,66,48274,50,156903
27452,0.000485,74.125.200.0-255,2902,51176,50,156903
27453,0.000487,172.31.46.0-255,66,51242,50,156903
27454,0.000518,74.125.200.0-255,5738,56980,50,156903
27455,0.000521,172.31.46.0-255,66,57046,50,156903
27456,0.000547,74.125.200.0-255,5738,62784,50,156903
27457,0.00055,172.31.46.0-255,66,62850,50,156903
27458,0.000573,74.125.200.0-255,3602,66452,50,156903
27459,0.000576,172.31.46.0-255,66,66518,50,156903
27460,0.000596,74.125.200.0-255,443,66961,50,156903
27461,0.000667,74.125.200.0-255,331,67292,50,156903
27462,0.001071,74.125.200.0-255,1484,68776,50,156903
27463,0.001076,172.31.46.0-255,66,68842,50,156903
27464,0.001081,74.125.200.0-255,2902,71744,50,156903
27465,0.001083,172.31.46.0-255,66,71810,50,156903
27466,0.00111,74.125.200.0-255,5738,77548,50,156903
27467,0.001112,172.31.46.0-255,66,77614,50,156903
27468,0.001145,172.31.46.0-255,66,77680,50,156903
27469,0.00115,74.125.200.0-255,2902,80582,50,156903
27470,0.001151,172.31.46.0-255,66,80648,50,156903
27471,0.001192,172.31.46.0-255,66,80714,50,156903
27472,0.001196,74.125.200.0-255,2184,82898,50,156903
27473,0.001198,172.31.46.0-255,66,82964,50,156903
27474,0.003511,74.125.200.0-255,5738,88702,50,156903
27475,0.003519,172.31.46.0-255,66,88768,50,156903
27476,0.005821,74.125.200.0-255,5738,94506,50,156903
27477,0.005829,172.31.46.0-255,66,94572,50,156903
27478,0.00815,74.125.200.0-255,5738,100310,50,156903
27479,0.008157,172.31.46.0-255,66,100376,50,156903
27480,0.010462,74.125.200.0-255,5738,106114,50,156903
27481,0.010469,172.31.46.0-255,66,106180,50,156903
27482,0.012826,74.125.200.0-255,5738,111918,50,156903
27483,0.012836,172.31.46.0-255,66,111984,50,156903
27484,0.015141,74.125.200.0-255,5738,117722,50,156903
27485,0.015148,172.31.46.0-255,66,117788,50,156903
27486,0.017464,74.125.200.0-255,5738,123526,50,156903
27487,0.017475,172.31.46.0-255,66,123592,50,156903
27488,0.019791,74.125.200.0-255,5738,129330,50,156903
27489,0.019799,172.31.46.0-255,66,129396,50,156903
27490,0.022119,74.125.200.0-255,5738,135134,50,156903
27491,0.022127,172.31.46.0-255,66,135200,50,156903
27492,0.024444,74.125.200.0-255,5738,140938,50,156903
27493,0.024453,172.31.46.0-255,66,141004,50,156903
27494,0.02607,172.31.46.0-255,172,141176,50,156903
27495,0.026097,172.31.46.0-255,1113,142289,50,156903
27496,0.02615,172.31.46.0-255,1514,143803,50,156903
27497,0.026171,172.31.46.0-255,1294,145097,50,156903
27498,0.026763,74.125.200.0-255,5738,150835,50,156903
27499,0.026769,172.31.46.0-255,66,150901,50,156903
27500,0.027598,104.244.42.0-255,66,150967,50,156903
27501,0.027605,104.244.42.0-255,66,151033,50,156903
27502,0.027683,104.244.42.0-255,66,151099,50,156903
27503,0.029099,74.125.200.0-255,5738,156837,50,156903
27504,0.029105,172.31.46.0-255,66,156903,50,156903
27505,0.0,172.217.194.0-255,290,290,50,172165
27506,1.6e-05,172.31.46.0-255,66,356,50,172165
27507,2.2e-05,172.217.194.0-255,1484,1840,50,172165
27508,2.7e-05,172.31.46.0-255,66,1906,50,172165
27509,4.2e-05,172.217.194.0-255,4320,6226,50,172165
27510,4.6e-05,172.31.46.0-255,66,6292,50,172165
27511,5.8e-05,172.31.46.0-255,66,6358,50,172165
27512,9.4e-05,172.217.194.0-255,7156,13514,50,172165
27513,9.6e-05,172.31.46.0-255,66,13580,50,172165
27514,0.000119,172.217.194.0-255,2902,16482,50,172165
27515,0.000122,172.31.46.0-255,66,16548,50,172165
27516,0.000128,172.217.194.0-255,5379,21927,50,172165
27517,0.000131,172.31.46.0-255,66,21993,50,172165
27518,0.000236,172.217.194.0-255,1484,23477,50,172165
27519,0.000241,172.31.46.0-255,66,23543,50,172165
27520,0.000271,172.217.194.0-255,1484,25027,50,172165
27521,0.000273,172.31.46.0-255,66,25093,50,172165
27522,0.00028,172.217.194.0-255,4320,29413,50,172165
27523,0.000282,172.31.46.0-255,66,29479,50,172165
27524,0.000297,172.31.46.0-255,66,29545,50,172165
27525,0.000308,172.31.46.0-255,66,29611,50,172165
27526,0.000335,172.217.194.0-255,2902,32513,50,172165
27527,0.000337,172.31.46.0-255,66,32579,50,172165
27528,0.000364,172.217.194.0-255,7018,39597,50,172165
27529,0.00037,172.31.46.0-255,66,39663,50,172165
27530,0.000557,172.217.194.0-255,1484,41147,50,172165
27531,0.000561,172.31.46.0-255,66,41213,50,172165
27532,0.000578,172.217.194.0-255,2902,44115,50,172165
27533,0.000581,172.31.46.0-255,66,44181,50,172165
27534,0.000585,172.217.194.0-255,2902,47083,50,172165
27535,0.000587,172.31.46.0-255,66,47149,50,172165
27536,0.000614,172.217.194.0-255,2902,50051,50,172165
27537,0.000617,172.31.46.0-255,66,50117,50,172165
27538,0.000629,172.31.46.0-255,66,50183,50,172165
27539,0.000642,172.31.46.0-255,66,50249,50,172165
27540,0.00067,172.217.194.0-255,2184,52433,50,172165
27541,0.000673,172.31.46.0-255,66,52499,50,172165
27542,0.001275,172.217.194.0-255,1484,53983,50,172165
27543,0.001282,172.217.194.0-255,2902,56885,50,172165
27544,0.001284,172.31.46.0-255,66,56951,50,172165
27545,0.001291,172.217.194.0-255,5738,62689,50,172165
27546,0.001293,172.31.46.0-255,66,62755,50,172165
27547,0.00132,172.217.194.0-255,5738,68493,50,172165
27548,0.001323,172.31.46.0-255,66,68559,50,172165
27549,0.001355,172.217.194.0-255,7156,75715,50,172165
27550,0.001358,172.31.46.0-255,66,75781,50,172165
27551,0.001373,172.31.46.0-255,66,75847,50,172165
27552,0.001647,172.217.194.0-255,1484,77331,50,172165
27553,0.001655,172.217.194.0-255,2902,80233,50,172165
27554,0.001658,172.31.46.0-255,66,80299,50,172165
27555,0.001663,172.217.194.0-255,2902,83201,50,172165
27556,0.001665,172.31.46.0-255,66,83267,50,172165
27557,0.001696,172.217.194.0-255,2902,86169,50,172165
27558,0.001698,172.31.46.0-255,66,86235,50,172165
27559,0.001711,172.31.46.0-255,66,86301,50,172165
27560,0.001725,172.31.46.0-255,66,86367,50,172165
27561,0.003743,172.217.194.0-255,5738,92105,50,172165
27562,0.003751,172.31.46.0-255,66,92171,50,172165
27563,0.00573,172.217.194.0-255,5738,97909,50,172165
27564,0.005734,172.31.46.0-255,66,97975,50,172165
27565,0.006803,172.31.46.0-255,101,98076,50,172165
27566,0.007741,172.217.194.0-255,5738,103814,50,172165
27567,0.007748,172.31.46.0-255,66,103880,50,172165
27568,0.008775,172.217.194.0-255,66,103946,50,172165
27569,0.009784,172.217.194.0-255,5738,109684,50,172165
27570,0.00979,172.31.46.0-255,66,109750,50,172165
27571,0.01179,172.217.194.0-255,5738,115488,50,172165
27572,0.011797,172.31.46.0-255,66,115554,50,172165
27573,0.013831,172.217.194.0-255,5738,121292,50,172165
27574,0.013841,172.31.46.0-255,66,121358,50,172165
27575,0.015875,172.217.194.0-255,5738,127096,50,172165
27576,0.015884,172.31.46.0-255,66,127162,50,172165
27577,0.017896,172.217.194.0-255,5738,132900,50,172165
27578,0.017904,172.31.46.0-255,66,132966,50,172165
27579,0.01991,172.217.194.0-255,5738,138704,50,172165
27580,0.019917,172.31.46.0-255,66,138770,50,172165
27581,0.021905,172.217.194.0-255,5738,144508,50,172165
27582,0.021913,172.31.46.0-255,66,144574,50,172165
27583,0.023894,172.217.194.0-255,1484,146058,50,172165
27584,0.023918,172.217.194.0-255,4320,150378,50,172165
27585,0.023922,172.31.46.0-255,66,150444,50,172165
27586,0.025407,172.31.46.0-255,190,150634,50,172165
27587,0.025435,172.31.46.0-255,1113,151747,50,172165
27588,0.025485,172.31.46.0-255,1514,153261,50,172165
27589,0.025486,172.31.46.0-255,1294,154555,50,172165
27590,0.025937,172.217.194.0-255,5738,160293,50,172165
27591,0.025944,172.31.46.0-255,66,160359,50,172165
27592,0.02699,104.244.42.0-255,66,160425,50,172165
27593,0.027025,104.244.42.0-255,66,160491,50,172165
27594,0.027092,104.244.42.0-255,66,160557,50,172165
27595,0.027966,172.217.194.0-255,5738,166295,50,172165
27596,0.027974,172.31.46.0-255,66,166361,50,172165
27597,0.029969,172.217.194.0-255,5738,172099,50,172165
27598,0.029976,172.31.46.0-255,66,172165,50,172165
27599,0.0,74.125.24.0-255,151,151,50,147848
27600,2.2e-05,172.31.46.0-255,66,217,50,147848
27601,2.9e-05,74.125.24.0-255,1484,1701,50,147848
27602,3.5e-05,172.31.46.0-255,66,1767,50,147848
27603,4.8e-05,74.125.24.0-255,2902,4669,50,147848
27604,5.2e-05,172.31.46.0-255,66,4735,50,147848
27605,6e-05,74.125.24.0-255,7156,11891,50,147848
27606,6.3e-05,172.31.46.0-255,66,11957,50,147848
27607,6.8e-05,74.125.24.0-255,2119,14076,50,147848
27608,7e-05,172.31.46.0-255,66,14142,50,147848
27609,0.00011,74.125.24.0-255,4320,18462,50,147848
27610,0.000113,172.31.46.0-255,66,18528,50,147848
27611,0.00012,74.125.24.0-255,5738,24266,50,147848
27612,0.000122,172.31.46.0-255,66,24332,50,147848
27613,0.000157,74.125.24.0-255,5738,30070,50,147848
27614,0.00016,172.31.46.0-255,66,30136,50,147848
27615,0.000183,74.125.24.0-255,1125,31261,50,147848
27616,0.000186,172.31.46.0-255,66,31327,50,147848
27617,0.000223,74.125.24.0-255,1484,32811,50,147848
27618,0.000226,172.31.46.0-255,66,32877,50,147848
27619,0.000257,74.125.24.0-255,2902,35779,50,147848
27620,0.000259,172.31.46.0-255,66,35845,50,147848
27621,0.000266,74.125.24.0-255,5738,41583,50,147848
27622,0.000268,172.31.46.0-255,66,41649,50,147848
27623,0.000276,74.125.24.0-255,1484,43133,50,147848
27624,0.000278,172.31.46.0-255,66,43199,50,147848
27625,0.000281,74.125.24.0-255,1484,44683,50,147848
27626,0.000283,172.31.46.0-255,66,44749,50,147848
27627,0.000317,172.31.46.0-255,66,44815,50,147848
27628,0.000329,172.31.46.0-255,66,44881,50,147848
27629,0.000363,74.125.24.0-255,2813,47694,50,147848
27630,0.000365,172.31.46.0-255,66,47760,50,147848
27631,0.00039,74.125.24.0-255,135,47895,50,147848
27632,0.000497,74.125.24.0-255,1484,49379,50,147848
27633,0.000502,172.31.46.0-255,66,49445,50,147848
27634,0.000506,74.125.24.0-255,1484,50929,50,147848
27635,0.000526,74.125.24.0-255,1484,52413,50,147848
27636,0.000529,172.31.46.0-255,66,52479,50,147848
27637,0.000536,74.125.24.0-255,5738,58217,50,147848
27638,0.000539,172.31.46.0-255,66,58283,50,147848
27639,0.000593,172.31.46.0-255,66,58349,50,147848
27640,0.000611,74.125.24.0-255,1125,59474,50,147848
27641,0.000719,172.31.46.0-255,66,59540,50,147848
27642,0.00114,74.125.24.0-255,1484,61024,50,147848
27643,0.001147,74.125.24.0-255,2902,63926,50,147848
27644,0.001151,172.31.46.0-255,66,63992,50,147848
27645,0.001181,74.125.24.0-255,5738,69730,50,147848
27646,0.001183,172.31.46.0-255,66,69796,50,147848
27647,0.00119,74.125.24.0-255,5738,75534,50,147848
27648,0.001193,172.31.46.0-255,66,75600,50,147848
27649,0.00122,74.125.24.0-255,2902,78502,50,147848
27650,0.001223,172.31.46.0-255,66,78568,50,147848
27651,0.00126,74.125.24.0-255,766,79334,50,147848
27652,0.001267,172.31.46.0-255,66,79400,50,147848
27653,0.00136,74.125.24.0-255,1484,80884,50,147848
27654,0.00138,74.125.24.0-255,2902,83786,50,147848
27655,0.001384,74.125.24.0-255,1484,85270,50,147848
27656,0.001401,74.125.24.0-255,4320,89590,50,147848
27657,0.001405,172.31.46.0-255,66,89656,50,147848
27658,0.001418,74.125.24.0-255,5738,95394,50,147848
27659,0.001428,172.31.46.0-255,66,95460,50,147848
27660,0.001461,74.125.24.0-255,7156,102616,50,147848
27661,0.001472,74.125.24.0-255,1484,104100,50,147848
27662,0.001478,172.31.46.0-255,66,104166,50,147848
27663,0.001501,74.125.24.0-255,766,104932,50,147848
27664,0.001708,74.125.24.0-255,1484,106416,50,147848
27665,0.001724,172.31.46.0-255,66,106482,50,147848
27666,0.00173,74.125.24.0-255,2902,109384,50,147848
27667,0.001732,172.31.46.0-255,66,109450,50,147848
27668,0.001743,74.125.24.0-255,4320,113770,50,147848
27669,0.001749,74.125.24.0-255,5738,119508,50,147848
27670,0.001807,172.31.46.0-255,66,119574,50,147848
27671,0.001836,74.125.24.0-255,5738,125312,50,147848
27672,0.001843,172.31.46.0-255,66,125378,50,147848
27673,0.001904,74.125.24.0-255,1484,126862,50,147848
27674,0.001912,172.31.46.0-255,66,126928,50,147848
27675,0.001934,74.125.24.0-255,2902,129830,50,147848
27676,0.00194,74.125.24.0-255,5738,135568,50,147848
27677,0.001985,172.31.46.0-255,66,135634,50,147848
27678,0.002015,74.125.24.0-255,4320,139954,50,147848
27679,0.002098,172.31.46.0-255,66,140020,50,147848
27680,0.002109,172.31.46.0-255,66,140086,50,147848
27681,0.002149,172.31.46.0-255,66,140152,50,147848
27682,0.002157,74.125.24.0-255,7156,147308,50,147848
27683,0.002161,172.31.46.0-255,66,147374,50,147848
27684,0.002205,172.31.46.0-255,66,147440,50,147848
27685,0.002277,172.31.46.0-255,66,147506,50,147848
27686,0.002334,74.125.24.0-255,105,147611,50,147848
27687,0.002343,172.31.46.0-255,66,147677,50,147848
27688,0.004701,172.31.46.0-255,105,147782,50,147848
27689,0.007326,74.125.24.0-255,66,147848,50,147848
27690,0.0,74.125.68.0-255,152,152,50,166267
27691,2.4e-05,172.31.46.0-255,66,218,50,166267
27692,3e-05,74.125.68.0-255,1484,1702,50,166267
27693,3.5e-05,172.31.46.0-255,66,1768,50,166267
27694,4.9e-05,74.125.68.0-255,2902,4670,50,166267
27695,5.3e-05,172.31.46.0-255,66,4736,50,166267
27696,6e-05,74.125.68.0-255,5738,10474,50,166267
27697,6.3e-05,172.31.46.0-255,66,10540,50,166267
27698,6.6e-05,74.125.68.0-255,1484,12024,50,166267
27699,6.9e-05,172.31.46.0-255,66,12090,50,166267
27700,9.5e-05,74.125.68.0-255,4840,16930,50,166267
27701,0.000103,172.31.46.0-255,66,16996,50,166267
27702,0.000111,74.125.68.0-255,7156,24152,50,166267
27703,0.000114,172.31.46.0-255,66,24218,50,166267
27704,0.000125,172.31.46.0-255,66,24284,50,166267
27705,0.000166,172.31.46.0-255,66,24350,50,166267
27706,0.000194,74.125.68.0-255,5020,29370,50,166267
27707,0.000196,172.31.46.0-255,66,29436,50,166267
27708,0.000282,74.125.68.0-255,1484,30920,50,166267
27709,0.000285,172.31.46.0-255,66,30986,50,166267
27710,0.000289,74.125.68.0-255,1484,32470,50,166267
27711,0.000292,172.31.46.0-255,66,32536,50,166267
27712,0.00031,74.125.68.0-255,1484,34020,50,166267
27713,0.000312,172.31.46.0-255,66,34086,50,166267
27714,0.00032,74.125.68.0-255,5738,39824,50,166267
27715,0.000322,172.31.46.0-255,66,39890,50,166267
27716,0.000348,74.125.68.0-255,7107,46997,50,166267
27717,0.00035,172.31.46.0-255,66,47063,50,166267
27718,0.000409,74.125.68.0-255,344,47407,50,166267
27719,0.000412,172.31.46.0-255,66,47473,50,166267
27720,0.000702,74.125.68.0-255,1484,48957,50,166267
27721,0.000711,74.125.68.0-255,2902,51859,50,166267
27722,0.000715,172.31.46.0-255,66,51925,50,166267
27723,0.000722,74.125.68.0-255,4320,56245,50,166267
27724,0.000724,172.31.46.0-255,66,56311,50,166267
27725,0.000757,74.125.68.0-255,1484,57795,50,166267
27726,0.000764,74.125.68.0-255,5738,63533,50,166267
27727,0.000768,172.31.46.0-255,66,63599,50,166267
27728,0.000775,74.125.68.0-255,7156,70755,50,166267
27729,0.000777,172.31.46.0-255,66,70821,50,166267
27730,0.000818,172.31.46.0-255,66,70887,50,166267
27731,0.00083,74.125.68.0-255,766,71653,50,166267
27732,0.001436,172.31.46.0-255,66,71719,50,166267
27733,0.002226,74.125.68.0-255,1484,73203,50,166267
27734,0.002238,74.125.68.0-255,2902,76105,50,166267
27735,0.002243,172.31.46.0-255,66,76171,50,166267
27736,0.002251,74.125.68.0-255,5738,81909,50,166267
27737,0.002254,172.31.46.0-255,66,81975,50,166267
27738,0.002264,74.125.68.0-255,2902,84877,50,166267
27739,0.002266,172.31.46.0-255,66,84943,50,166267
27740,0.00227,74.125.68.0-255,1484,86427,50,166267
27741,0.0023,74.125.68.0-255,2902,89329,50,166267
27742,0.002302,172.31.46.0-255,66,89395,50,166267
27743,0.002305,74.125.68.0-255,1484,90879,50,166267
27744,0.004583,74.125.68.0-255,4320,95199,50,166267
27745,0.004587,172.31.46.0-255,66,95265,50,166267
27746,0.006862,74.125.68.0-255,5738,101003,50,166267
27747,0.006868,172.31.46.0-255,66,101069,50,166267
27748,0.009159,74.125.68.0-255,5738,106807,50,166267
27749,0.009168,172.31.46.0-255,66,106873,50,166267
27750,0.011457,74.125.68.0-255,5738,112611,50,166267
27751,0.01147,172.31.46.0-255,66,112677,50,166267
27752,0.013762,74.125.68.0-255,5738,118415,50,166267
27753,0.013774,172.31.46.0-255,66,118481,50,166267
27754,0.016062,74.125.68.0-255,5738,124219,50,166267
27755,0.016078,172.31.46.0-255,66,124285,50,166267
27756,0.018367,74.125.68.0-255,5738,130023,50,166267
27757,0.01838,172.31.46.0-255,66,130089,50,166267
27758,0.020675,74.125.68.0-255,5738,135827,50,166267
27759,0.020688,172.31.46.0-255,66,135893,50,166267
27760,0.022984,74.125.68.0-255,5738,141631,50,166267
27761,0.022999,172.31.46.0-255,66,141697,50,166267
27762,0.025288,74.125.68.0-255,5738,147435,50,166267
27763,0.025298,172.31.46.0-255,66,147501,50,166267
27764,0.026536,172.31.46.0-255,164,147665,50,166267
27765,0.026606,172.31.46.0-255,1122,148787,50,166267
27766,0.026678,172.31.46.0-255,1514,150301,50,166267
27767,0.026679,172.31.46.0-255,1514,151815,50,166267
27768,0.026681,172.31.46.0-255,1514,153329,50,166267
27769,0.026682,172.31.46.0-255,1066,154395,50,166267
27770,0.027582,74.125.68.0-255,5738,160133,50,166267
27771,0.027591,172.31.46.0-255,66,160199,50,166267
27772,0.028087,104.244.42.0-255,66,160265,50,166267
27773,0.028371,104.244.42.0-255,66,160331,50,166267
27774,0.028376,104.244.42.0-255,66,160397,50,166267
27775,0.02838,104.244.42.0-255,66,160463,50,166267
27776,0.029982,74.125.68.0-255,5738,166201,50,166267
27777,0.029996,172.31.46.0-255,66,166267,50,166267
27778,0.0,74.125.68.0-255,153,153,50,196606
27779,2e-05,172.31.46.0-255,66,219,50,196606
27780,2.7e-05,74.125.68.0-255,1484,1703,50,196606
27781,3.2e-05,172.31.46.0-255,66,1769,50,196606
27782,6.2e-05,74.125.68.0-255,2902,4671,50,196606
27783,6.6e-05,172.31.46.0-255,66,4737,50,196606
27784,6.9e-05,74.125.68.0-255,1484,6221,50,196606
27785,7.2e-05,172.31.46.0-255,66,6287,50,196606
27786,7.8e-05,74.125.68.0-255,2902,9189,50,196606
27787,8e-05,172.31.46.0-255,66,9255,50,196606
27788,0.000112,74.125.68.0-255,4935,14190,50,196606
27789,0.000115,172.31.46.0-255,66,14256,50,196606
27790,0.000244,74.125.68.0-255,1484,15740,50,196606
27791,0.000249,172.31.46.0-255,66,15806,50,196606
27792,0.000253,74.125.68.0-255,1484,17290,50,196606
27793,0.000255,172.31.46.0-255,66,17356,50,196606
27794,0.000277,74.125.68.0-255,2902,20258,50,196606
27795,0.00028,172.31.46.0-255,66,20324,50,196606
27796,0.000313,74.125.68.0-255,5738,26062,50,196606
27797,0.000316,172.31.46.0-255,66,26128,50,196606
27798,0.000319,74.125.68.0-255,1484,27612,50,196606
27799,0.000321,172.31.46.0-255,66,27678,50,196606
27800,0.000325,74.125.68.0-255,2902,30580,50,196606
27801,0.000328,172.31.46.0-255,66,30646,50,196606
27802,0.000355,74.125.68.0-255,1125,31771,50,196606
27803,0.000358,172.31.46.0-255,66,31837,50,196606
27804,0.000383,74.125.68.0-255,1484,33321,50,196606
27805,0.000385,172.31.46.0-255,66,33387,50,196606
27806,0.0004,74.125.68.0-255,4320,37707,50,196606
27807,0.000407,172.31.46.0-255,66,37773,50,196606
27808,0.00041,74.125.68.0-255,1484,39257,50,196606
27809,0.000412,172.31.46.0-255,66,39323,50,196606
27810,0.000415,74.125.68.0-255,1484,40807,50,196606
27811,0.000438,74.125.68.0-255,1484,42291,50,196606
27812,0.00044,172.31.46.0-255,66,42357,50,196606
27813,0.000443,74.125.68.0-255,1484,43841,50,196606
27814,0.000473,74.125.68.0-255,4320,48161,50,196606
27815,0.000476,172.31.46.0-255,66,48227,50,196606
27816,0.000479,74.125.68.0-255,1125,49352,50,196606
27817,0.000938,172.31.46.0-255,66,49418,50,196606
27818,0.001295,74.125.68.0-255,1484,50902,50,196606
27819,0.001306,74.125.68.0-255,2902,53804,50,196606
27820,0.001311,172.31.46.0-255,66,53870,50,196606
27821,0.00133,74.125.68.0-255,2902,56772,50,196606
27822,0.001332,172.31.46.0-255,66,56838,50,196606
27823,0.001337,74.125.68.0-255,2902,59740,50,196606
27824,0.001339,172.31.46.0-255,66,59806,50,196606
27825,0.00137,74.125.68.0-255,1484,61290,50,196606
27826,0.001374,74.125.68.0-255,1484,62774,50,196606
27827,0.001377,172.31.46.0-255,66,62840,50,196606
27828,0.001401,74.125.68.0-255,3961,66801,50,196606
27829,0.001403,172.31.46.0-255,66,66867,50,196606
27830,0.001436,74.125.68.0-255,5738,72605,50,196606
27831,0.001438,172.31.46.0-255,66,72671,50,196606
27832,0.001444,74.125.68.0-255,4320,76991,50,196606
27833,0.001445,172.31.46.0-255,66,77057,50,196606
27834,0.001451,74.125.68.0-255,5738,82795,50,196606
27835,0.001453,172.31.46.0-255,66,82861,50,196606
27836,0.001481,74.125.68.0-255,7156,90017,50,196606
27837,0.001483,172.31.46.0-255,66,90083,50,196606
27838,0.001517,172.31.46.0-255,66,90149,50,196606
27839,0.001522,74.125.68.0-255,2184,92333,50,196606
27840,0.001525,172.31.46.0-255,66,92399,50,196606
27841,0.001609,74.125.68.0-255,646,93045,50,196606
27842,0.001642,74.125.68.0-255,1484,94529,50,196606
27843,0.001646,172.31.46.0-255,66,94595,50,196606
27844,0.001672,74.125.68.0-255,4320,98915,50,196606
27845,0.001676,172.31.46.0-255,66,98981,50,196606
27846,0.001678,74.125.68.0-255,1484,100465,50,196606
27847,0.001694,74.125.68.0-255,2902,103367,50,196606
27848,0.001697,172.31.46.0-255,66,103433,50,196606
27849,0.001722,74.125.68.0-255,5738,109171,50,196606
27850,0.001725,172.31.46.0-255,66,109237,50,196606
27851,0.00173,74.125.68.0-255,2902,112139,50,196606
27852,0.001733,172.31.46.0-255,66,112205,50,196606
27853,0.001759,74.125.68.0-255,4320,116525,50,196606
27854,0.001761,172.31.46.0-255,66,116591,50,196606
27855,0.001791,74.125.68.0-255,2902,119493,50,196606
27856,0.001793,172.31.46.0-255,66,119559,50,196606
27857,0.001798,74.125.68.0-255,2902,122461,50,196606
27858,0.0018,172.31.46.0-255,66,122527,50,196606
27859,0.001816,74.125.68.0-255,1484,124011,50,196606
27860,0.001833,74.125.68.0-255,1484,125495,50,196606
27861,0.001836,172.31.46.0-255,66,125561,50,196606
27862,0.001861,74.125.68.0-255,2184,127745,50,196606
27863,0.001864,172.31.46.0-255,66,127811,50,196606
27864,0.002517,74.125.68.0-255,1484,129295,50,196606
27865,0.004343,74.125.68.0-255,1484,130779,50,196606
27866,0.00435,172.31.46.0-255,66,130845,50,196606
27867,0.004379,74.125.68.0-255,2902,133747,50,196606
27868,0.004381,172.31.46.0-255,66,133813,50,196606
27869,0.006872,74.125.68.0-255,2902,136715,50,196606
27870,0.006879,172.31.46.0-255,66,136781,50,196606
27871,0.00691,74.125.68.0-255,1484,138265,50,196606
27872,0.00693,74.125.68.0-255,1484,139749,50,196606
27873,0.006933,172.31.46.0-255,66,139815,50,196606
27874,0.0094,74.125.68.0-255,2902,142717,50,196606
27875,0.009408,172.31.46.0-255,66,142783,50,196606
27876,0.009439,74.125.68.0-255,2902,145685,50,196606
27877,0.009442,172.31.46.0-255,66,145751,50,196606
27878,0.011925,74.125.68.0-255,2902,148653,50,196606
27879,0.011934,172.31.46.0-255,66,148719,50,196606
27880,0.011964,74.125.68.0-255,2902,151621,50,196606
27881,0.011967,172.31.46.0-255,66,151687,50,196606
27882,0.014471,74.125.68.0-255,5738,157425,50,196606
27883,0.014482,172.31.46.0-255,66,157491,50,196606
27884,0.016999,74.125.68.0-255,5738,163229,50,196606
27885,0.017009,172.31.46.0-255,66,163295,50,196606
27886,0.019552,74.125.68.0-255,5738,169033,50,196606
27887,0.019562,172.31.46.0-255,66,169099,50,196606
27888,0.022115,74.125.68.0-255,5738,174837,50,196606
27889,0.022124,172.31.46.0-255,66,174903,50,196606
27890,0.024655,74.125.68.0-255,5738,180641,50,196606
27891,0.024664,172.31.46.0-255,66,180707,50,196606
27892,0.026453,172.31.46.0-255,172,180879,50,196606
27893,0.026484,172.31.46.0-255,1113,181992,50,196606
27894,0.026536,172.31.46.0-255,1514,183506,50,196606
27895,0.026537,172.31.46.0-255,1294,184800,50,196606
27896,0.027173,74.125.68.0-255,5738,190538,50,196606
27897,0.027179,172.31.46.0-255,66,190604,50,196606
27898,0.028,104.244.42.0-255,66,190670,50,196606
27899,0.02807,104.244.42.0-255,66,190736,50,196606
27900,0.028105,104.244.42.0-255,66,190802,50,196606
27901,0.029697,74.125.68.0-255,5738,196540,50,196606
27902,0.029702,172.31.46.0-255,66,196606,50,196606
27903,0.0,74.125.68.0-255,152,152,50,197275
27904,2.3e-05,172.31.46.0-255,66,218,50,197275
27905,4.9e-05,74.125.68.0-255,1484,1702,50,197275
27906,5.6e-05,172.31.46.0-255,66,1768,50,197275
27907,6.2e-05,74.125.68.0-255,2902,4670,50,197275
27908,6.5e-05,172.31.46.0-255,66,4736,50,197275
27909,9.7e-05,74.125.68.0-255,5738,10474,50,197275
27910,0.000101,172.31.46.0-255,66,10540,50,197275
27911,0.000115,74.125.68.0-255,1484,12024,50,197275
27912,0.000117,172.31.46.0-255,66,12090,50,197275
27913,0.000143,74.125.68.0-255,2075,14165,50,197275
27914,0.000146,172.31.46.0-255,66,14231,50,197275
27915,0.000194,74.125.68.0-255,1484,15715,50,197275
27916,0.000197,172.31.46.0-255,66,15781,50,197275
27917,0.000222,74.125.68.0-255,2902,18683,50,197275
27918,0.000227,172.31.46.0-255,66,18749,50,197275
27919,0.000253,74.125.68.0-255,5738,24487,50,197275
27920,0.000256,172.31.46.0-255,66,24553,50,197275
27921,0.00026,74.125.68.0-255,1484,26037,50,197275
27922,0.000262,172.31.46.0-255,66,26103,50,197275
27923,0.000267,74.125.68.0-255,2902,29005,50,197275
27924,0.000269,172.31.46.0-255,66,29071,50,197275
27925,0.000293,74.125.68.0-255,2543,31614,50,197275
27926,0.000296,172.31.46.0-255,66,31680,50,197275
27927,0.000336,74.125.68.0-255,1484,33164,50,197275
27928,0.000339,172.31.46.0-255,66,33230,50,197275
27929,0.000359,74.125.68.0-255,1484,34714,50,197275
27930,0.000361,172.31.46.0-255,66,34780,50,197275
27931,0.000367,74.125.68.0-255,2902,37682,50,197275
27932,0.000369,172.31.46.0-255,66,37748,50,197275
27933,0.000406,74.125.68.0-255,5738,43486,50,197275
27934,0.000409,172.31.46.0-255,66,43552,50,197275
27935,0.000415,74.125.68.0-255,5379,48931,50,197275
27936,0.000418,172.31.46.0-255,66,48997,50,197275
27937,0.000425,74.125.68.0-255,5738,54735,50,197275
27938,0.000427,172.31.46.0-255,66,54801,50,197275
27939,0.000463,74.125.68.0-255,7156,61957,50,197275
27940,0.000466,172.31.46.0-255,66,62023,50,197275
27941,0.000485,74.125.68.0-255,4268,66291,50,197275
27942,0.000488,172.31.46.0-255,66,66357,50,197275
27943,0.000491,74.125.68.0-255,111,66468,50,197275
27944,0.000513,74.125.68.0-255,333,66801,50,197275
27945,0.000959,74.125.68.0-255,1484,68285,50,197275
27946,0.000964,172.31.46.0-255,66,68351,50,197275
27947,0.000968,74.125.68.0-255,1484,69835,50,197275
27948,0.000991,74.125.68.0-255,1484,71319,50,197275
27949,0.000993,172.31.46.0-255,66,71385,50,197275
27950,0.001,74.125.68.0-255,5738,77123,50,197275
27951,0.001003,172.31.46.0-255,66,77189,50,197275
27952,0.001046,172.31.46.0-255,66,77255,50,197275
27953,0.001085,172.31.46.0-255,66,77321,50,197275
27954,0.00109,74.125.68.0-255,4320,81641,50,197275
27955,0.001092,172.31.46.0-255,66,81707,50,197275
27956,0.001095,74.125.68.0-255,766,82473,50,197275
27957,0.001581,172.31.46.0-255,66,82539,50,197275
27958,0.001758,74.125.68.0-255,1484,84023,50,197275
27959,0.001767,74.125.68.0-255,1484,85507,50,197275
27960,0.001771,172.31.46.0-255,66,85573,50,197275
27961,0.001796,74.125.68.0-255,2902,88475,50,197275
27962,0.001799,172.31.46.0-255,66,88541,50,197275
27963,0.001807,74.125.68.0-255,5738,94279,50,197275
27964,0.001809,172.31.46.0-255,66,94345,50,197275
27965,0.001812,74.125.68.0-255,1484,95829,50,197275
27966,0.001845,74.125.68.0-255,7156,102985,50,197275
27967,0.001848,172.31.46.0-255,66,103051,50,197275
27968,0.001861,172.31.46.0-255,66,103117,50,197275
27969,0.001895,74.125.68.0-255,2902,106019,50,197275
27970,0.001897,172.31.46.0-255,66,106085,50,197275
27971,0.001919,74.125.68.0-255,766,106851,50,197275
27972,0.002218,74.125.68.0-255,1484,108335,50,197275
27973,0.002225,172.31.46.0-255,66,108401,50,197275
27974,0.002232,74.125.68.0-255,2902,111303,50,197275
27975,0.002234,172.31.46.0-255,66,111369,50,197275
27976,0.002264,74.125.68.0-255,5738,117107,50,197275
27977,0.002266,172.31.46.0-255,66,117173,50,197275
27978,0.00227,74.125.68.0-255,1484,118657,50,197275
27979,0.002292,74.125.68.0-255,1484,120141,50,197275
27980,0.002294,172.31.46.0-255,66,120207,50,197275
27981,0.0023,74.125.68.0-255,4320,124527,50,197275
27982,0.002302,172.31.46.0-255,66,124593,50,197275
27983,0.002339,74.125.68.0-255,4320,128913,50,197275
27984,0.002342,172.31.46.0-255,66,128979,50,197275
27985,0.002365,74.125.68.0-255,4320,133299,50,197275
27986,0.002367,172.31.46.0-255,66,133365,50,197275
27987,0.004637,74.125.68.0-255,1484,134849,50,197275
27988,0.004664,74.125.68.0-255,4320,139169,50,197275
27989,0.00467,172.31.46.0-255,66,139235,50,197275
27990,0.006976,74.125.68.0-255,5738,144973,50,197275
27991,0.00698,172.31.46.0-255,66,145039,50,197275
27992,0.009291,74.125.68.0-255,5738,150777,50,197275
27993,0.009303,172.31.46.0-255,66,150843,50,197275
27994,0.011631,74.125.68.0-255,5738,156581,50,197275
27995,0.011647,172.31.46.0-255,66,156647,50,197275
27996,0.013973,74.125.68.0-255,5738,162385,50,197275
27997,0.013989,172.31.46.0-255,66,162451,50,197275
27998,0.016301,74.125.68.0-255,5738,168189,50,197275
27999,0.016315,172.31.46.0-255,66,168255,50,197275
28000,0.01863,74.125.68.0-255,5738,173993,50,197275
28001,0.018645,172.31.46.0-255,66,174059,50,197275
28002,0.020946,74.125.68.0-255,5738,179797,50,197275
28003,0.020955,172.31.46.0-255,66,179863,50,197275
28004,0.023281,74.125.68.0-255,5738,185601,50,197275
28005,0.023299,172.31.46.0-255,66,185667,50,197275
28006,0.025636,74.125.68.0-255,5738,191405,50,197275
28007,0.025655,172.31.46.0-255,66,191471,50,197275
28008,0.027966,74.125.68.0-255,5738,197209,50,197275
28009,0.027981,172.31.46.0-255,66,197275,50,197275
28010,0.0,74.125.24.0-255,152,152,50,237556
28011,2.3e-05,172.31.46.0-255,66,218,50,237556
28012,3e-05,74.125.24.0-255,1484,1702,50,237556
28013,3.5e-05,172.31.46.0-255,66,1768,50,237556
28014,4.1e-05,74.125.24.0-255,2902,4670,50,237556
28015,5.2e-05,172.31.46.0-255,66,4736,50,237556
28016,5.9e-05,74.125.24.0-255,5738,10474,50,237556
28017,6.3e-05,172.31.46.0-255,66,10540,50,237556
28018,0.000105,172.31.46.0-255,66,10606,50,237556
28019,0.000135,74.125.24.0-255,6797,17403,50,237556
28020,0.000138,172.31.46.0-255,66,17469,50,237556
28021,0.000168,74.125.24.0-255,1484,18953,50,237556
28022,0.000171,172.31.46.0-255,66,19019,50,237556
28023,0.0002,74.125.24.0-255,2902,21921,50,237556
28024,0.000202,172.31.46.0-255,66,21987,50,237556
28025,0.000209,74.125.24.0-255,5738,27725,50,237556
28026,0.000211,172.31.46.0-255,66,27791,50,237556
28027,0.000216,74.125.24.0-255,4320,32111,50,237556
28028,0.000218,172.31.46.0-255,66,32177,50,237556
28029,0.000254,172.31.46.0-255,66,32243,50,237556
28030,0.000266,172.31.46.0-255,66,32309,50,237556
28031,0.000269,74.125.24.0-255,1068,33377,50,237556
28032,0.000271,172.31.46.0-255,66,33443,50,237556
28033,0.000298,74.125.24.0-255,130,33573,50,237556
28034,0.000301,172.31.46.0-255,66,33639,50,237556
28035,0.000483,74.125.24.0-255,1484,35123,50,237556
28036,0.000489,172.31.46.0-255,66,35189,50,237556
28037,0.000494,74.125.24.0-255,2902,38091,50,237556
28038,0.000497,172.31.46.0-255,66,38157,50,237556
28039,0.0005,74.125.24.0-255,1484,39641,50,237556
28040,0.00053,74.125.24.0-255,4320,43961,50,237556
28041,0.000534,74.125.24.0-255,2902,46863,50,237556
28042,0.000551,74.125.24.0-255,7156,54019,50,237556
28043,0.000571,74.125.24.0-255,7156,61175,50,237556
28044,0.000586,74.125.24.0-255,4320,65495,50,237556
28045,0.00059,74.125.24.0-255,2184,67679,50,237556
28046,0.000613,74.125.24.0-255,2902,70581,50,237556
28047,0.000632,74.125.24.0-255,7156,77737,50,237556
28048,0.000636,74.125.24.0-255,2902,80639,50,237556
28049,0.000649,74.125.24.0-255,1484,82123,50,237556
28050,0.000664,74.125.24.0-255,4320,86443,50,237556
28051,0.000693,74.125.24.0-255,6134,92577,50,237556
28052,0.000702,172.31.46.0-255,66,92643,50,237556
28053,0.000709,172.31.46.0-255,66,92709,50,237556
28054,0.001141,74.125.24.0-255,1484,94193,50,237556
28055,0.001146,74.125.24.0-255,1484,95677,50,237556
28056,0.001156,74.125.24.0-255,1484,97161,50,237556
28057,0.001176,172.31.46.0-255,66,97227,50,237556
28058,0.001183,74.125.24.0-255,5738,102965,50,237556
28059,0.001188,172.31.46.0-255,66,103031,50,237556
28060,0.001206,74.125.24.0-255,4320,107351,50,237556
28061,0.001238,74.125.24.0-255,1484,108835,50,237556
28062,0.001285,172.31.46.0-255,66,108901,50,237556
28063,0.001303,172.31.46.0-255,66,108967,50,237556
28064,0.001359,74.125.24.0-255,1484,110451,50,237556
28065,0.001364,74.125.24.0-255,2902,113353,50,237556
28066,0.001375,172.31.46.0-255,66,113419,50,237556
28067,0.001392,74.125.24.0-255,5738,119157,50,237556
28068,0.001398,74.125.24.0-255,4320,123477,50,237556
28069,0.001431,74.125.24.0-255,2902,126379,50,237556
28070,0.001451,172.31.46.0-255,66,126445,50,237556
28071,0.001457,172.31.46.0-255,66,126511,50,237556
28072,0.001537,74.125.24.0-255,1484,127995,50,237556
28073,0.001552,74.125.24.0-255,2902,130897,50,237556
28074,0.001555,74.125.24.0-255,1484,132381,50,237556
28075,0.001574,74.125.24.0-255,4320,136701,50,237556
28076,0.00158,74.125.24.0-255,4320,141021,50,237556
28077,0.001583,172.31.46.0-255,66,141087,50,237556
28078,0.001596,74.125.24.0-255,5738,146825,50,237556
28079,0.001613,74.125.24.0-255,2902,149727,50,237556
28080,0.001616,172.31.46.0-255,66,149793,50,237556
28081,0.00166,74.125.24.0-255,3602,153395,50,237556
28082,0.001665,172.31.46.0-255,66,153461,50,237556
28083,0.001708,74.125.24.0-255,2902,156363,50,237556
28084,0.001741,74.125.24.0-255,5738,162101,50,237556
28085,0.001755,74.125.24.0-255,5738,167839,50,237556
28086,0.001776,74.125.24.0-255,2902,170741,50,237556
28087,0.001781,172.31.46.0-255,66,170807,50,237556
28088,0.001786,172.31.46.0-255,66,170873,50,237556
28089,0.001808,74.125.24.0-255,5020,175893,50,237556
28090,0.001833,172.31.46.0-255,66,175959,50,237556
28091,0.001899,74.125.24.0-255,1484,177443,50,237556
28092,0.001904,74.125.24.0-255,2902,180345,50,237556
28093,0.001907,74.125.24.0-255,1484,181829,50,237556
28094,0.001927,74.125.24.0-255,4320,186149,50,237556
28095,0.001931,74.125.24.0-255,2902,189051,50,237556
28096,0.001935,172.31.46.0-255,66,189117,50,237556
28097,0.001941,172.31.46.0-255,66,189183,50,237556
28098,0.001979,74.125.24.0-255,2902,192085,50,237556
28099,0.001985,172.31.46.0-255,66,192151,50,237556
28100,0.002059,74.125.24.0-255,766,192917,50,237556
28101,0.002064,172.31.46.0-255,66,192983,50,237556
28102,0.002097,74.125.24.0-255,1484,194467,50,237556
28103,0.002102,74.125.24.0-255,2902,197369,50,237556
28104,0.002108,74.125.24.0-255,5738,203107,50,237556
28105,0.00217,74.125.24.0-255,7156,210263,50,237556
28106,0.002174,172.31.46.0-255,66,210329,50,237556
28107,0.00218,172.31.46.0-255,66,210395,50,237556
28108,0.002207,74.125.24.0-255,6438,216833,50,237556
28109,0.002234,74.125.24.0-255,2902,219735,50,237556
28110,0.002244,172.31.46.0-255,66,219801,50,237556
28111,0.002286,74.125.24.0-255,5738,225539,50,237556
28112,0.002303,74.125.24.0-255,2902,228441,50,237556
28113,0.002306,172.31.46.0-255,66,228507,50,237556
28114,0.002311,172.31.46.0-255,66,228573,50,237556
28115,0.002352,172.31.46.0-255,66,228639,50,237556
28116,0.002361,74.125.24.0-255,2184,230823,50,237556
28117,0.002371,74.125.24.0-255,5738,236561,50,237556
28118,0.002385,74.125.24.0-255,653,237214,50,237556
28119,0.002388,74.125.24.0-255,105,237319,50,237556
28120,0.002397,172.31.46.0-255,66,237385,50,237556
28121,0.004792,172.31.46.0-255,105,237490,50,237556
28122,0.007316,74.125.24.0-255,66,237556,50,237556
28123,0.0,74.125.200.0-255,153,153,50,218749
28124,2.3e-05,172.31.46.0-255,66,219,50,218749
28125,3e-05,74.125.200.0-255,1484,1703,50,218749
28126,3.5e-05,172.31.46.0-255,66,1769,50,218749
28127,4.2e-05,74.125.200.0-255,2902,4671,50,218749
28128,4.6e-05,172.31.46.0-255,66,4737,50,218749
28129,5.1e-05,74.125.200.0-255,4320,9057,50,218749
28130,5.4e-05,172.31.46.0-255,66,9123,50,218749
28131,7.6e-05,74.125.200.0-255,2902,12025,50,218749
28132,7.9e-05,172.31.46.0-255,66,12091,50,218749
28133,8.4e-05,74.125.200.0-255,2047,14138,50,218749
28134,8.7e-05,172.31.46.0-255,66,14204,50,218749
28135,0.000275,74.125.200.0-255,1484,15688,50,218749
28136,0.000281,172.31.46.0-255,66,15754,50,218749
28137,0.000288,74.125.200.0-255,2902,18656,50,218749
28138,0.00029,172.31.46.0-255,66,18722,50,218749
28139,0.000333,74.125.200.0-255,1484,20206,50,218749
28140,0.000336,172.31.46.0-255,66,20272,50,218749
28141,0.000359,74.125.200.0-255,4320,24592,50,218749
28142,0.000362,172.31.46.0-255,66,24658,50,218749
28143,0.000368,74.125.200.0-255,4320,28978,50,218749
28144,0.00037,172.31.46.0-255,66,29044,50,218749
28145,0.000383,74.125.200.0-255,2543,31587,50,218749
28146,0.000386,172.31.46.0-255,66,31653,50,218749
28147,0.000434,74.125.200.0-255,1484,33137,50,218749
28148,0.000436,172.31.46.0-255,66,33203,50,218749
28149,0.000441,74.125.200.0-255,2902,36105,50,218749
28150,0.000443,172.31.46.0-255,66,36171,50,218749
28151,0.000449,74.125.200.0-255,5738,41909,50,218749
28152,0.000451,172.31.46.0-255,66,41975,50,218749
28153,0.000471,74.125.200.0-255,4320,46295,50,218749
28154,0.000474,172.31.46.0-255,66,46361,50,218749
28155,0.000508,74.125.200.0-255,2543,48904,50,218749
28156,0.000511,172.31.46.0-255,66,48970,50,218749
28157,0.00119,74.125.200.0-255,1484,50454,50,218749
28158,0.0012,74.125.200.0-255,1484,51938,50,218749
28159,0.001205,172.31.46.0-255,66,52004,50,218749
28160,0.001234,74.125.200.0-255,2902,54906,50,218749
28161,0.001238,172.31.46.0-255,66,54972,50,218749
28162,0.001245,74.125.200.0-255,5738,60710,50,218749
28163,0.001247,172.31.46.0-255,66,60776,50,218749
28164,0.001254,74.125.200.0-255,5379,66155,50,218749
28165,0.001256,172.31.46.0-255,66,66221,50,218749
28166,0.001279,74.125.200.0-255,645,66866,50,218749
28167,0.0016,74.125.200.0-255,1484,68350,50,218749
28168,0.001607,172.31.46.0-255,66,68416,50,218749
28169,0.001614,74.125.200.0-255,2902,71318,50,218749
28170,0.001616,172.31.46.0-255,66,71384,50,218749
28171,0.001619,74.125.200.0-255,1484,72868,50,218749
28172,0.001637,74.125.200.0-255,2902,75770,50,218749
28173,0.001639,172.31.46.0-255,66,75836,50,218749
28174,0.00165,74.125.200.0-255,1484,77320,50,218749
28175,0.001673,74.125.200.0-255,6249,83569,50,218749
28176,0.001676,172.31.46.0-255,66,83635,50,218749
28177,0.001945,74.125.200.0-255,1484,85119,50,218749
28178,0.001962,74.125.200.0-255,2902,88021,50,218749
28179,0.001965,172.31.46.0-255,66,88087,50,218749
28180,0.001969,74.125.200.0-255,1484,89571,50,218749
28181,0.001991,74.125.200.0-255,4320,93891,50,218749
28182,0.001993,172.31.46.0-255,66,93957,50,218749
28183,0.00201,74.125.200.0-255,4320,98277,50,218749
28184,0.002012,172.31.46.0-255,66,98343,50,218749
28185,0.002042,172.31.46.0-255,66,98409,50,218749
28186,0.002063,74.125.200.0-255,4320,102729,50,218749
28187,0.002065,172.31.46.0-255,66,102795,50,218749
28188,0.002086,74.125.200.0-255,6438,109233,50,218749
28189,0.002089,172.31.46.0-255,66,109299,50,218749
28190,0.00211,74.125.200.0-255,4320,113619,50,218749
28191,0.002112,172.31.46.0-255,66,113685,50,218749
28192,0.002131,74.125.200.0-255,4320,118005,50,218749
28193,0.002134,172.31.46.0-255,66,118071,50,218749
28194,0.002166,74.125.200.0-255,4320,122391,50,218749
28195,0.002169,172.31.46.0-255,66,122457,50,218749
28196,0.002189,74.125.200.0-255,3961,126418,50,218749
28197,0.002191,172.31.46.0-255,66,126484,50,218749
28198,0.002221,74.125.200.0-255,1484,127968,50,218749
28199,0.002239,74.125.200.0-255,2902,130870,50,218749
28200,0.002241,172.31.46.0-255,66,130936,50,218749
28201,0.002265,74.125.200.0-255,5738,136674,50,218749
28202,0.002268,172.31.46.0-255,66,136740,50,218749
28203,0.002271,74.125.200.0-255,1484,138224,50,218749
28204,0.002291,74.125.200.0-255,5738,143962,50,218749
28205,0.002294,172.31.46.0-255,66,144028,50,218749
28206,0.002322,172.31.46.0-255,66,144094,50,218749
28207,0.002346,74.125.200.0-255,4320,148414,50,218749
28208,0.002349,172.31.46.0-255,66,148480,50,218749
28209,0.002352,74.125.200.0-255,2184,150664,50,218749
28210,0.002355,172.31.46.0-255,66,150730,50,218749
28211,0.004698,74.125.200.0-255,1484,152214,50,218749
28212,0.004718,74.125.200.0-255,4320,156534,50,218749
28213,0.004722,172.31.46.0-255,66,156600,50,218749
28214,0.007085,74.125.200.0-255,5738,162338,50,218749
28215,0.007095,172.31.46.0-255,66,162404,50,218749
28216,0.00949,74.125.200.0-255,5738,168142,50,218749
28217,0.0095,172.31.46.0-255,66,168208,50,218749
28218,0.011865,74.125.200.0-255,5738,173946,50,218749
28219,0.011878,172.31.46.0-255,66,174012,50,218749
28220,0.014252,74.125.200.0-255,5738,179750,50,218749
28221,0.014269,172.31.46.0-255,66,179816,50,218749
28222,0.016645,74.125.200.0-255,5738,185554,50,218749
28223,0.016663,172.31.46.0-255,66,185620,50,218749
28224,0.019042,74.125.200.0-255,5738,191358,50,218749
28225,0.01906,172.31.46.0-255,66,191424,50,218749
28226,0.0215,74.125.200.0-255,5738,197162,50,218749
28227,0.021512,172.31.46.0-255,66,197228,50,218749
28228,0.023909,74.125.200.0-255,5738,202966,50,218749
28229,0.023928,172.31.46.0-255,66,203032,50,218749
28230,0.026306,74.125.200.0-255,5738,208770,50,218749
28231,0.026318,172.31.46.0-255,66,208836,50,218749
28232,0.028605,172.31.46.0-255,188,209024,50,218749
28233,0.028639,172.31.46.0-255,954,209978,50,218749
28234,0.028678,74.125.200.0-255,5738,215716,50,218749
28235,0.028685,172.31.46.0-255,66,215782,50,218749
28236,0.028731,172.31.46.0-255,1514,217296,50,218749
28237,0.028732,172.31.46.0-255,1453,218749,50,218749
28238,0.0,74.125.24.0-255,302,302,50,206033
28239,1.3e-05,172.31.46.0-255,66,368,50,206033
28240,2e-05,74.125.24.0-255,1484,1852,50,206033
28241,2.4e-05,172.31.46.0-255,66,1918,50,206033
28242,3.1e-05,74.125.24.0-255,4320,6238,50,206033
28243,4.2e-05,172.31.46.0-255,66,6304,50,206033
28244,4.8e-05,74.125.24.0-255,4320,10624,50,206033
28245,5.2e-05,172.31.46.0-255,66,10690,50,206033
28246,7e-05,74.125.24.0-255,2902,13592,50,206033
28247,7.7e-05,172.31.46.0-255,66,13658,50,206033
28248,8.3e-05,74.125.24.0-255,4320,17978,50,206033
28249,8.5e-05,172.31.46.0-255,66,18044,50,206033
28250,0.000124,172.31.46.0-255,66,18110,50,206033
28251,0.000152,74.125.24.0-255,5379,23489,50,206033
28252,0.000155,172.31.46.0-255,66,23555,50,206033
28253,0.000271,74.125.24.0-255,1484,25039,50,206033
28254,0.000276,172.31.46.0-255,66,25105,50,206033
28255,0.000282,74.125.24.0-255,2902,28007,50,206033
28256,0.000284,172.31.46.0-255,66,28073,50,206033
28257,0.000295,74.125.24.0-255,4320,32393,50,206033
28258,0.000297,172.31.46.0-255,66,32459,50,206033
28259,0.00032,74.125.24.0-255,1484,33943,50,206033
28260,0.000322,172.31.46.0-255,66,34009,50,206033
28261,0.000335,172.31.46.0-255,66,34075,50,206033
28262,0.000338,74.125.24.0-255,1484,35559,50,206033
28263,0.00034,172.31.46.0-255,66,35625,50,206033
28264,0.000377,172.31.46.0-255,66,35691,50,206033
28265,0.00038,74.125.24.0-255,646,36337,50,206033
28266,0.000382,172.31.46.0-255,66,36403,50,206033
28267,0.00047,74.125.24.0-255,1484,37887,50,206033
28268,0.000477,74.125.24.0-255,2902,40789,50,206033
28269,0.00048,172.31.46.0-255,66,40855,50,206033
28270,0.000511,74.125.24.0-255,5738,46593,50,206033
28271,0.000514,172.31.46.0-255,66,46659,50,206033
28272,0.000527,172.31.46.0-255,66,46725,50,206033
28273,0.000549,74.125.24.0-255,2902,49627,50,206033
28274,0.000551,172.31.46.0-255,66,49693,50,206033
28275,0.000559,74.125.24.0-255,7156,56849,50,206033
28276,0.000561,172.31.46.0-255,66,56915,50,206033
28277,0.000612,172.31.46.0-255,66,56981,50,206033
28278,0.000618,74.125.24.0-255,3992,60973,50,206033
28279,0.00062,172.31.46.0-255,66,61039,50,206033
28280,0.000724,74.125.24.0-255,1484,62523,50,206033
28281,0.00073,74.125.24.0-255,2902,65425,50,206033
28282,0.000734,172.31.46.0-255,66,65491,50,206033
28283,0.000758,74.125.24.0-255,1484,66975,50,206033
28284,0.000762,74.125.24.0-255,2902,69877,50,206033
28285,0.000765,172.31.46.0-255,66,69943,50,206033
28286,0.000772,74.125.24.0-255,5738,75681,50,206033
28287,0.000774,172.31.46.0-255,66,75747,50,206033
28288,0.000804,172.31.46.0-255,66,75813,50,206033
28289,0.000835,74.125.24.0-255,1484,77297,50,206033
28290,0.000844,74.125.24.0-255,6438,83735,50,206033
28291,0.000847,172.31.46.0-255,66,83801,50,206033
28292,0.001357,74.125.24.0-255,1484,85285,50,206033
28293,0.001363,74.125.24.0-255,2902,88187,50,206033
28294,0.001366,172.31.46.0-255,66,88253,50,206033
28295,0.00137,74.125.24.0-255,1484,89737,50,206033
28296,0.001388,74.125.24.0-255,4320,94057,50,206033
28297,0.001391,172.31.46.0-255,66,94123,50,206033
28298,0.001436,172.31.46.0-255,66,94189,50,206033
28299,0.001446,172.31.46.0-255,66,94255,50,206033
28300,0.001474,74.125.24.0-255,2184,96439,50,206033
28301,0.001477,172.31.46.0-255,66,96505,50,206033
28302,0.001481,74.125.24.0-255,2902,99407,50,206033
28303,0.001483,172.31.46.0-255,66,99473,50,206033
28304,0.001486,74.125.24.0-255,1484,100957,50,206033
28305,0.001516,74.125.24.0-255,5738,106695,50,206033
28306,0.001519,172.31.46.0-255,66,106761,50,206033
28307,0.001532,172.31.46.0-255,66,106827,50,206033
28308,0.001566,172.31.46.0-255,66,106893,50,206033
28309,0.001607,172.31.46.0-255,66,106959,50,206033
28310,0.001645,172.31.46.0-255,66,107025,50,206033
28311,0.001665,74.125.24.0-255,5020,112045,50,206033
28312,0.001668,172.31.46.0-255,66,112111,50,206033
28313,0.001727,74.125.24.0-255,1484,113595,50,206033
28314,0.001735,74.125.24.0-255,1484,115079,50,206033
28315,0.00174,172.31.46.0-255,66,115145,50,206033
28316,0.001759,74.125.24.0-255,1484,116629,50,206033
28317,0.001766,74.125.24.0-255,5738,122367,50,206033
28318,0.001769,172.31.46.0-255,66,122433,50,206033
28319,0.001777,74.125.24.0-255,7156,129589,50,206033
28320,0.001779,172.31.46.0-255,66,129655,50,206033
28321,0.001815,172.31.46.0-255,66,129721,50,206033
28322,0.001845,74.125.24.0-255,1484,131205,50,206033
28323,0.00185,74.125.24.0-255,2184,133389,50,206033
28324,0.001853,172.31.46.0-255,66,133455,50,206033
28325,0.001956,74.125.24.0-255,1484,134939,50,206033
28326,0.001961,74.125.24.0-255,1484,136423,50,206033
28327,0.001964,172.31.46.0-255,66,136489,50,206033
28328,0.001992,74.125.24.0-255,1484,137973,50,206033
28329,0.001998,74.125.24.0-255,5738,143711,50,206033
28330,0.002001,172.31.46.0-255,66,143777,50,206033
28331,0.002007,74.125.24.0-255,5738,149515,50,206033
28332,0.00201,172.31.46.0-255,66,149581,50,206033
28333,0.002042,74.125.24.0-255,7156,156737,50,206033
28334,0.002044,172.31.46.0-255,66,156803,50,206033
28335,0.002052,74.125.24.0-255,7156,163959,50,206033
28336,0.002054,172.31.46.0-255,66,164025,50,206033
28337,0.002063,74.125.24.0-255,2902,166927,50,206033
28338,0.002065,172.31.46.0-255,66,166993,50,206033
28339,0.002086,74.125.24.0-255,766,167759,50,206033
28340,0.002152,74.125.24.0-255,1484,169243,50,206033
28341,0.002156,172.31.46.0-255,66,169309,50,206033
28342,0.002162,74.125.24.0-255,2902,172211,50,206033
28343,0.002164,172.31.46.0-255,66,172277,50,206033
28344,0.00217,74.125.24.0-255,4320,176597,50,206033
28345,0.002176,172.31.46.0-255,66,176663,50,206033
28346,0.00221,74.125.24.0-255,1484,178147,50,206033
28347,0.002225,172.31.46.0-255,66,178213,50,206033
28348,0.002266,74.125.24.0-255,4320,182533,50,206033
28349,0.002269,172.31.46.0-255,66,182599,50,206033
28350,0.002304,74.125.24.0-255,6438,189037,50,206033
28351,0.002308,172.31.46.0-255,66,189103,50,206033
28352,0.002312,74.125.24.0-255,2902,192005,50,206033
28353,0.002314,172.31.46.0-255,66,192071,50,206033
28354,0.002319,74.125.24.0-255,4320,196391,50,206033
28355,0.002322,172.31.46.0-255,66,196457,50,206033
28356,0.002343,74.125.24.0-255,1484,197941,50,206033
28357,0.002347,172.31.46.0-255,66,198007,50,206033
28358,0.002349,172.31.46.0-255,66,198073,50,206033
28359,0.002381,172.31.46.0-255,66,198139,50,206033
28360,0.002384,74.125.24.0-255,1484,199623,50,206033
28361,0.002387,74.125.24.0-255,1484,201107,50,206033
28362,0.002388,172.31.46.0-255,66,201173,50,206033
28363,0.002401,172.31.46.0-255,66,201239,50,206033
28364,0.002406,74.125.24.0-255,4320,205559,50,206033
28365,0.00241,172.31.46.0-255,66,205625,50,206033
28366,0.002444,172.31.46.0-255,66,205691,50,206033
28367,0.002473,74.125.24.0-255,105,205796,50,206033
28368,0.010578,172.31.46.0-255,66,205862,50,206033
28369,0.010623,172.31.46.0-255,105,205967,50,206033
28370,0.012847,74.125.24.0-255,66,206033,50,206033
28371,0.0,74.125.24.0-255,152,152,50,232266
28372,1.3e-05,172.31.46.0-255,66,218,50,232266
28373,1.8e-05,74.125.24.0-255,1484,1702,50,232266
28374,2.2e-05,172.31.46.0-255,66,1768,50,232266
28375,4.5e-05,74.125.24.0-255,2902,4670,50,232266
28376,4.8e-05,172.31.46.0-255,66,4736,50,232266
28377,5.6e-05,74.125.24.0-255,7156,11892,50,232266
28378,5.9e-05,172.31.46.0-255,66,11958,50,232266
28379,0.000104,172.31.46.0-255,66,12024,50,232266
28380,0.000134,74.125.24.0-255,2543,14567,50,232266
28381,0.000137,172.31.46.0-255,66,14633,50,232266
28382,0.000182,74.125.24.0-255,2902,17535,50,232266
28383,0.000185,172.31.46.0-255,66,17601,50,232266
28384,0.000215,74.125.24.0-255,4320,21921,50,232266
28385,0.000219,172.31.46.0-255,66,21987,50,232266
28386,0.000223,74.125.24.0-255,2902,24889,50,232266
28387,0.000226,172.31.46.0-255,66,24955,50,232266
28388,0.000241,74.125.24.0-255,2902,27857,50,232266
28389,0.000244,172.31.46.0-255,66,27923,50,232266
28390,0.00025,74.125.24.0-255,3961,31884,50,232266
28391,0.000253,172.31.46.0-255,66,31950,50,232266
28392,0.000258,74.125.24.0-255,4320,36270,50,232266
28393,0.00026,172.31.46.0-255,66,36336,50,232266
28394,0.000293,172.31.46.0-255,66,36402,50,232266
28395,0.000297,74.125.24.0-255,2817,39219,50,232266
28396,0.000299,172.31.46.0-255,66,39285,50,232266
28397,0.000473,74.125.24.0-255,129,39414,50,232266
28398,0.000478,172.31.46.0-255,66,39480,50,232266
28399,0.000638,74.125.24.0-255,1484,40964,50,232266
28400,0.000642,172.31.46.0-255,66,41030,50,232266
28401,0.000648,74.125.24.0-255,2902,43932,50,232266
28402,0.00065,172.31.46.0-255,66,43998,50,232266
28403,0.000653,74.125.24.0-255,1484,45482,50,232266
28404,0.000682,74.125.24.0-255,4320,49802,50,232266
28405,0.000684,172.31.46.0-255,66,49868,50,232266
28406,0.000718,74.125.24.0-255,5738,55606,50,232266
28407,0.000721,172.31.46.0-255,66,55672,50,232266
28408,0.00075,172.31.46.0-255,66,55738,50,232266
28409,0.000762,172.31.46.0-255,66,55804,50,232266
28410,0.000765,74.125.24.0-255,348,56152,50,232266
28411,0.000932,74.125.24.0-255,1484,57636,50,232266
28412,0.000936,172.31.46.0-255,66,57702,50,232266
28413,0.000941,74.125.24.0-255,2902,60604,50,232266
28414,0.000943,172.31.46.0-255,66,60670,50,232266
28415,0.000968,74.125.24.0-255,5738,66408,50,232266
28416,0.00097,172.31.46.0-255,66,66474,50,232266
28417,0.001019,172.31.46.0-255,66,66540,50,232266
28418,0.00103,172.31.46.0-255,66,66606,50,232266
28419,0.00108,74.125.24.0-255,2184,68790,50,232266
28420,0.001083,172.31.46.0-255,66,68856,50,232266
28421,0.001087,74.125.24.0-255,2902,71758,50,232266
28422,0.001089,172.31.46.0-255,66,71824,50,232266
28423,0.0011,74.125.24.0-255,1484,73308,50,232266
28424,0.001104,74.125.24.0-255,1484,74792,50,232266
28425,0.001106,172.31.46.0-255,66,74858,50,232266
28426,0.001118,74.125.24.0-255,1484,76342,50,232266
28427,0.001123,74.125.24.0-255,2902,79244,50,232266
28428,0.001125,172.31.46.0-255,66,79310,50,232266
28429,0.00115,74.125.24.0-255,2902,82212,50,232266
28430,0.001153,172.31.46.0-255,66,82278,50,232266
28431,0.001164,74.125.24.0-255,1484,83762,50,232266
28432,0.001192,172.31.46.0-255,66,83828,50,232266
28433,0.001242,172.31.46.0-255,66,83894,50,232266
28434,0.001273,74.125.24.0-255,1484,85378,50,232266
28435,0.001278,74.125.24.0-255,2902,88280,50,232266
28436,0.00128,172.31.46.0-255,66,88346,50,232266
28437,0.001307,74.125.24.0-255,2902,91248,50,232266
28438,0.00131,172.31.46.0-255,66,91314,50,232266
28439,0.001328,74.125.24.0-255,2902,94216,50,232266
28440,0.00133,172.31.46.0-255,66,94282,50,232266
28441,0.001337,74.125.24.0-255,5738,100020,50,232266
28442,0.00134,172.31.46.0-255,66,100086,50,232266
28443,0.001346,74.125.24.0-255,5738,105824,50,232266
28444,0.001348,172.31.46.0-255,66,105890,50,232266
28445,0.001373,74.125.24.0-255,7156,113046,50,232266
28446,0.00138,74.125.24.0-255,5020,118066,50,232266
28447,0.001402,172.31.46.0-255,66,118132,50,232266
28448,0.001421,74.125.24.0-255,1484,119616,50,232266
28449,0.00144,74.125.24.0-255,2902,122518,50,232266
28450,0.001446,74.125.24.0-255,2902,125420,50,232266
28451,0.001452,172.31.46.0-255,66,125486,50,232266
28452,0.001475,74.125.24.0-255,2902,128388,50,232266
28453,0.001495,172.31.46.0-255,66,128454,50,232266
28454,0.001519,74.125.24.0-255,2902,131356,50,232266
28455,0.001525,172.31.46.0-255,66,131422,50,232266
28456,0.001554,74.125.24.0-255,2902,134324,50,232266
28457,0.001573,172.31.46.0-255,66,134390,50,232266
28458,0.001591,74.125.24.0-255,4320,138710,50,232266
28459,0.001643,172.31.46.0-255,66,138776,50,232266
28460,0.00165,74.125.24.0-255,1484,140260,50,232266
28461,0.00166,74.125.24.0-255,1484,141744,50,232266
28462,0.001675,74.125.24.0-255,1484,143228,50,232266
28463,0.001678,74.125.24.0-255,1484,144712,50,232266
28464,0.001687,172.31.46.0-255,66,144778,50,232266
28465,0.001698,74.125.24.0-255,4320,149098,50,232266
28466,0.001701,74.125.24.0-255,1484,150582,50,232266
28467,0.001704,74.125.24.0-255,1484,152066,50,232266
28468,0.001708,172.31.46.0-255,66,152132,50,232266
28469,0.001722,74.125.24.0-255,5738,157870,50,232266
28470,0.001734,74.125.24.0-255,1484,159354,50,232266
28471,0.001738,74.125.24.0-255,2902,162256,50,232266
28472,0.001748,172.31.46.0-255,66,162322,50,232266
28473,0.001768,172.31.46.0-255,66,162388,50,232266
28474,0.001797,74.125.24.0-255,5738,168126,50,232266
28475,0.001816,74.125.24.0-255,7156,175282,50,232266
28476,0.001855,74.125.24.0-255,5738,181020,50,232266
28477,0.001858,172.31.46.0-255,66,181086,50,232266
28478,0.001877,74.125.24.0-255,2902,183988,50,232266
28479,0.001881,172.31.46.0-255,66,184054,50,232266
28480,0.001898,74.125.24.0-255,1484,185538,50,232266
28481,0.001914,74.125.24.0-255,2184,187722,50,232266
28482,0.001931,172.31.46.0-255,66,187788,50,232266
28483,0.001986,74.125.24.0-255,1484,189272,50,232266
28484,0.002001,74.125.24.0-255,2902,192174,50,232266
28485,0.002003,74.125.24.0-255,1484,193658,50,232266
28486,0.002009,172.31.46.0-255,66,193724,50,232266
28487,0.00202,74.125.24.0-255,4320,198044,50,232266
28488,0.002024,74.125.24.0-255,1484,199528,50,232266
28489,0.002071,172.31.46.0-255,66,199594,50,232266
28490,0.002112,74.125.24.0-255,6438,206032,50,232266
28491,0.002117,74.125.24.0-255,2902,208934,50,232266
28492,0.002122,172.31.46.0-255,66,209000,50,232266
28493,0.002131,74.125.24.0-255,4320,213320,50,232266
28494,0.002138,74.125.24.0-255,5738,219058,50,232266
28495,0.002164,74.125.24.0-255,1484,220542,50,232266
28496,0.002171,74.125.24.0-255,6438,226980,50,232266
28497,0.002192,172.31.46.0-255,66,227046,50,232266
28498,0.002202,74.125.24.0-255,1484,228530,50,232266
28499,0.002236,172.31.46.0-255,66,228596,50,232266
28500,0.002252,74.125.24.0-255,105,228701,50,232266
28501,0.004664,172.31.46.0-255,66,228767,50,232266
28502,0.0047,172.31.46.0-255,105,228872,50,232266
28503,0.007033,74.125.24.0-255,66,228938,50,232266
28504,0.026276,172.31.46.0-255,172,229110,50,232266
28505,0.026311,172.31.46.0-255,1113,230223,50,232266
28506,0.026373,172.31.46.0-255,1514,231737,50,232266
28507,0.026374,172.31.46.0-255,331,232068,50,232266
28508,0.027819,104.244.42.0-255,66,232134,50,232266
28509,0.027878,104.244.42.0-255,66,232200,50,232266
28510,0.02792,104.244.42.0-255,66,232266,50,232266
28511,0.0,172.217.194.0-255,153,153,50,252201
28512,2.3e-05,172.31.46.0-255,66,219,50,252201
28513,3e-05,172.217.194.0-255,1484,1703,50,252201
28514,3.5e-05,172.31.46.0-255,66,1769,50,252201
28515,4.1e-05,172.217.194.0-255,2902,4671,50,252201
28516,4.5e-05,172.31.46.0-255,66,4737,50,252201
28517,4.8e-05,172.217.194.0-255,1484,6221,50,252201
28518,5.1e-05,172.31.46.0-255,66,6287,50,252201
28519,7.7e-05,172.217.194.0-255,5738,12025,50,252201
28520,8e-05,172.31.46.0-255,66,12091,50,252201
28521,8.4e-05,172.217.194.0-255,1484,13575,50,252201
28522,8.5e-05,172.31.46.0-255,66,13641,50,252201
28523,0.000124,172.31.46.0-255,66,13707,50,252201
28524,0.00013,172.217.194.0-255,5738,19445,50,252201
28525,0.000132,172.31.46.0-255,66,19511,50,252201
28526,0.000147,172.217.194.0-255,1125,20636,50,252201
28527,0.000149,172.31.46.0-255,66,20702,50,252201
28528,0.000163,172.217.194.0-255,1484,22186,50,252201
28529,0.000165,172.31.46.0-255,66,22252,50,252201
28530,0.000185,172.217.194.0-255,5738,27990,50,252201
28531,0.000188,172.31.46.0-255,66,28056,50,252201
28532,0.000194,172.217.194.0-255,4320,32376,50,252201
28533,0.000196,172.31.46.0-255,66,32442,50,252201
28534,0.000251,172.217.194.0-255,5379,37821,50,252201
28535,0.000255,172.31.46.0-255,66,37887,50,252201
28536,0.000423,172.217.194.0-255,1484,39371,50,252201
28537,0.000428,172.31.46.0-255,66,39437,50,252201
28538,0.000434,172.217.194.0-255,2902,42339,50,252201
28539,0.000436,172.31.46.0-255,66,42405,50,252201
28540,0.000466,172.217.194.0-255,5738,48143,50,252201
28541,0.00047,172.31.46.0-255,66,48209,50,252201
28542,0.000488,172.217.194.0-255,2902,51111,50,252201
28543,0.000491,172.31.46.0-255,66,51177,50,252201
28544,0.000503,172.217.194.0-255,3961,55138,50,252201
28545,0.000505,172.31.46.0-255,66,55204,50,252201
28546,0.000529,172.217.194.0-255,1484,56688,50,252201
28547,0.000555,172.217.194.0-255,5738,62426,50,252201
28548,0.000558,172.31.46.0-255,66,62492,50,252201
28549,0.000561,172.217.194.0-255,1484,63976,50,252201
28550,0.000593,172.217.194.0-255,4320,68296,50,252201
28551,0.000596,172.31.46.0-255,66,68362,50,252201
28552,0.000613,172.217.194.0-255,3961,72323,50,252201
28553,0.000616,172.31.46.0-255,66,72389,50,252201
28554,0.000621,172.217.194.0-255,2902,75291,50,252201
28555,0.000623,172.31.46.0-255,66,75357,50,252201
28556,0.000644,172.217.194.0-255,5738,81095,50,252201
28557,0.000647,172.31.46.0-255,66,81161,50,252201
28558,0.000653,172.217.194.0-255,4320,85481,50,252201
28559,0.000655,172.31.46.0-255,66,85547,50,252201
28560,0.00069,172.31.46.0-255,66,85613,50,252201
28561,0.000694,172.217.194.0-255,2902,88515,50,252201
28562,0.000697,172.31.46.0-255,66,88581,50,252201
28563,0.000725,172.31.46.0-255,66,88647,50,252201
28564,0.000946,172.217.194.0-255,214,88861,50,252201
28565,0.001128,172.217.194.0-255,1484,90345,50,252201
28566,0.001133,172.31.46.0-255,66,90411,50,252201
28567,0.001139,172.217.194.0-255,2902,93313,50,252201
28568,0.001141,172.31.46.0-255,66,93379,50,252201
28569,0.001146,172.217.194.0-255,2902,96281,50,252201
28570,0.001148,172.31.46.0-255,66,96347,50,252201
28571,0.001167,172.217.194.0-255,1484,97831,50,252201
28572,0.001173,172.217.194.0-255,5738,103569,50,252201
28573,0.001176,172.31.46.0-255,66,103635,50,252201
28574,0.001206,172.31.46.0-255,66,103701,50,252201
28575,0.001218,172.217.194.0-255,1484,105185,50,252201
28576,0.001223,172.217.194.0-255,2902,108087,50,252201
28577,0.001225,172.31.46.0-255,66,108153,50,252201
28578,0.001247,172.217.194.0-255,1484,109637,50,252201
28579,0.001262,172.217.194.0-255,3602,113239,50,252201
28580,0.001265,172.31.46.0-255,66,113305,50,252201
28581,0.001694,172.217.194.0-255,1484,114789,50,252201
28582,0.0017,172.217.194.0-255,2902,117691,50,252201
28583,0.001703,172.31.46.0-255,66,117757,50,252201
28584,0.001721,172.217.194.0-255,2902,120659,50,252201
28585,0.001723,172.31.46.0-255,66,120725,50,252201
28586,0.001745,172.217.194.0-255,2902,123627,50,252201
28587,0.001749,172.31.46.0-255,66,123693,50,252201
28588,0.00176,172.217.194.0-255,5738,129431,50,252201
28589,0.001762,172.31.46.0-255,66,129497,50,252201
28590,0.001788,172.217.194.0-255,7156,136653,50,252201
28591,0.001791,172.31.46.0-255,66,136719,50,252201
28592,0.001802,172.31.46.0-255,66,136785,50,252201
28593,0.001865,172.217.194.0-255,2184,138969,50,252201
28594,0.001868,172.31.46.0-255,66,139035,50,252201
28595,0.001879,172.217.194.0-255,1484,140519,50,252201
28596,0.001895,172.217.194.0-255,2902,143421,50,252201
28597,0.001898,172.31.46.0-255,66,143487,50,252201
28598,0.001914,172.217.194.0-255,5738,149225,50,252201
28599,0.001917,172.31.46.0-255,66,149291,50,252201
28600,0.001941,172.217.194.0-255,7156,156447,50,252201
28601,0.001944,172.31.46.0-255,66,156513,50,252201
28602,0.001965,172.217.194.0-255,1484,157997,50,252201
28603,0.001995,172.31.46.0-255,66,158063,50,252201
28604,0.002,172.217.194.0-255,2184,160247,50,252201
28605,0.002002,172.31.46.0-255,66,160313,50,252201
28606,0.002125,172.217.194.0-255,1484,161797,50,252201
28607,0.002144,172.217.194.0-255,2902,164699,50,252201
28608,0.002147,172.31.46.0-255,66,164765,50,252201
28609,0.002154,172.217.194.0-255,5738,170503,50,252201
28610,0.002156,172.31.46.0-255,66,170569,50,252201
28611,0.002196,172.31.46.0-255,66,170635,50,252201
28612,0.002258,172.31.46.0-255,66,170701,50,252201
28613,0.002308,172.217.194.0-255,1484,172185,50,252201
28614,0.002331,172.217.194.0-255,2902,175087,50,252201
28615,0.002335,172.31.46.0-255,66,175153,50,252201
28616,0.002341,172.217.194.0-255,5738,180891,50,252201
28617,0.002344,172.31.46.0-255,66,180957,50,252201
28618,0.00235,172.217.194.0-255,5738,186695,50,252201
28619,0.002352,172.31.46.0-255,66,186761,50,252201
28620,0.002392,172.217.194.0-255,1484,188245,50,252201
28621,0.002408,172.217.194.0-255,5738,193983,50,252201
28622,0.002412,172.31.46.0-255,66,194049,50,252201
28623,0.002435,172.217.194.0-255,5738,199787,50,252201
28624,0.002438,172.31.46.0-255,66,199853,50,252201
28625,0.002445,172.217.194.0-255,5020,204873,50,252201
28626,0.002447,172.31.46.0-255,66,204939,50,252201
28627,0.002489,172.217.194.0-255,1484,206423,50,252201
28628,0.002508,172.217.194.0-255,2902,209325,50,252201
28629,0.002512,172.31.46.0-255,66,209391,50,252201
28630,0.002518,172.217.194.0-255,5738,215129,50,252201
28631,0.002521,172.31.46.0-255,66,215195,50,252201
28632,0.002545,172.31.46.0-255,66,215261,50,252201
28633,0.002563,172.217.194.0-255,4320,219581,50,252201
28634,0.002566,172.31.46.0-255,66,219647,50,252201
28635,0.002571,172.217.194.0-255,4320,223967,50,252201
28636,0.002574,172.31.46.0-255,66,224033,50,252201
28637,0.002606,172.31.46.0-255,66,224099,50,252201
28638,0.002619,172.31.46.0-255,66,224165,50,252201
28639,0.00265,172.31.46.0-255,66,224231,50,252201
28640,0.002662,172.31.46.0-255,66,224297,50,252201
28641,0.002717,172.217.194.0-255,4320,228617,50,252201
28642,0.002719,172.31.46.0-255,66,228683,50,252201
28643,0.00277,172.217.194.0-255,7156,235839,50,252201
28644,0.0055,172.31.46.0-255,66,235905,50,252201
28645,0.006254,172.31.46.0-255,101,236006,50,252201
28646,0.008137,172.217.194.0-255,5738,241744,50,252201
28647,0.008149,172.31.46.0-255,66,241810,50,252201
28648,0.008862,172.217.194.0-255,66,241876,50,252201
28649,0.010803,172.217.194.0-255,5738,247614,50,252201
28650,0.010813,172.31.46.0-255,66,247680,50,252201
28651,0.013474,172.217.194.0-255,4120,251800,50,252201
28652,0.013489,172.31.46.0-255,66,251866,50,252201
28653,0.018558,172.31.46.0-255,105,251971,50,252201
28654,0.025814,172.217.194.0-255,66,252037,50,252201
28655,0.029976,172.31.46.0-255,164,252201,50,252201
28656,0.0,172.217.194.0-255,153,153,50,234620
28657,2.2e-05,172.31.46.0-255,66,219,50,234620
28658,2.9e-05,172.217.194.0-255,1484,1703,50,234620
28659,3.3e-05,172.31.46.0-255,66,1769,50,234620
28660,3.8e-05,172.217.194.0-255,2902,4671,50,234620
28661,4.8e-05,172.31.46.0-255,66,4737,50,234620
28662,5.4e-05,172.217.194.0-255,5738,10475,50,234620
28663,5.7e-05,172.31.46.0-255,66,10541,50,234620
28664,6.5e-05,172.217.194.0-255,5738,16279,50,234620
28665,6.8e-05,172.31.46.0-255,66,16345,50,234620
28666,0.000116,172.31.46.0-255,66,16411,50,234620
28667,0.000123,172.217.194.0-255,6797,23208,50,234620
28668,0.000126,172.31.46.0-255,66,23274,50,234620
28669,0.000129,172.217.194.0-255,1484,24758,50,234620
28670,0.000131,172.31.46.0-255,66,24824,50,234620
28671,0.000136,172.217.194.0-255,2902,27726,50,234620
28672,0.000139,172.31.46.0-255,66,27792,50,234620
28673,0.000143,172.217.194.0-255,2902,30694,50,234620
28674,0.000145,172.31.46.0-255,66,30760,50,234620
28675,0.000176,172.217.194.0-255,2902,33662,50,234620
28676,0.000179,172.31.46.0-255,66,33728,50,234620
28677,0.000194,172.31.46.0-255,66,33794,50,234620
28678,0.000249,172.31.46.0-255,66,33860,50,234620
28679,0.000492,172.217.194.0-255,647,34507,50,234620
28680,0.000497,172.31.46.0-255,66,34573,50,234620
28681,0.00095,172.217.194.0-255,1484,36057,50,234620
28682,0.000955,172.31.46.0-255,66,36123,50,234620
28683,0.000961,172.217.194.0-255,2902,39025,50,234620
28684,0.000964,172.31.46.0-255,66,39091,50,234620
28685,0.000975,172.217.194.0-255,5738,44829,50,234620
28686,0.000978,172.31.46.0-255,66,44895,50,234620
28687,0.000981,172.217.194.0-255,1484,46379,50,234620
28688,0.001011,172.217.194.0-255,2902,49281,50,234620
28689,0.001014,172.31.46.0-255,66,49347,50,234620
28690,0.001026,172.31.46.0-255,66,49413,50,234620
28691,0.001054,172.217.194.0-255,1484,50897,50,234620
28692,0.001066,172.31.46.0-255,66,50963,50,234620
28693,0.001467,172.217.194.0-255,1484,52447,50,234620
28694,0.001476,172.217.194.0-255,2902,55349,50,234620
28695,0.00148,172.31.46.0-255,66,55415,50,234620
28696,0.001488,172.217.194.0-255,5738,61153,50,234620
28697,0.00149,172.31.46.0-255,66,61219,50,234620
28698,0.001513,172.217.194.0-255,5738,66957,50,234620
28699,0.001516,172.31.46.0-255,66,67023,50,234620
28700,0.001547,172.217.194.0-255,4320,71343,50,234620
28701,0.001549,172.31.46.0-255,66,71409,50,234620
28702,0.001562,172.31.46.0-255,66,71475,50,234620
28703,0.00159,172.217.194.0-255,3602,75077,50,234620
28704,0.001593,172.31.46.0-255,66,75143,50,234620
28705,0.001616,172.217.194.0-255,1484,76627,50,234620
28706,0.001621,172.217.194.0-255,2902,79529,50,234620
28707,0.001623,172.31.46.0-255,66,79595,50,234620
28708,0.001655,172.217.194.0-255,5738,85333,50,234620
28709,0.001658,172.31.46.0-255,66,85399,50,234620
28710,0.001693,172.217.194.0-255,5738,91137,50,234620
28711,0.001695,172.31.46.0-255,66,91203,50,234620
28712,0.001721,172.217.194.0-255,1484,92687,50,234620
28713,0.001737,172.31.46.0-255,66,92753,50,234620
28714,0.001741,172.217.194.0-255,2184,94937,50,234620
28715,0.001744,172.31.46.0-255,66,95003,50,234620
28716,0.001782,172.217.194.0-255,1484,96487,50,234620
28717,0.001787,172.217.194.0-255,2902,99389,50,234620
28718,0.001791,172.31.46.0-255,66,99455,50,234620
28719,0.001797,172.217.194.0-255,5738,105193,50,234620
28720,0.0018,172.31.46.0-255,66,105259,50,234620
28721,0.001803,172.217.194.0-255,1484,106743,50,234620
28722,0.001842,172.31.46.0-255,66,106809,50,234620
28723,0.001863,172.217.194.0-255,4320,111129,50,234620
28724,0.001866,172.31.46.0-255,66,111195,50,234620
28725,0.001907,172.217.194.0-255,6438,117633,50,234620
28726,0.001911,172.31.46.0-255,66,117699,50,234620
28727,0.001973,172.217.194.0-255,1484,119183,50,234620
28728,0.001996,172.217.194.0-255,2902,122085,50,234620
28729,0.002,172.31.46.0-255,66,122151,50,234620
28730,0.002007,172.217.194.0-255,5738,127889,50,234620
28731,0.002011,172.31.46.0-255,66,127955,50,234620
28732,0.002015,172.217.194.0-255,2902,130857,50,234620
28733,0.002017,172.31.46.0-255,66,130923,50,234620
28734,0.002034,172.217.194.0-255,4320,135243,50,234620
28735,0.002041,172.31.46.0-255,66,135309,50,234620
28736,0.002044,172.217.194.0-255,1484,136793,50,234620
28737,0.00206,172.217.194.0-255,7156,143949,50,234620
28738,0.002063,172.31.46.0-255,66,144015,50,234620
28739,0.002088,172.217.194.0-255,5738,149753,50,234620
28740,0.002091,172.31.46.0-255,66,149819,50,234620
28741,0.002095,172.217.194.0-255,2184,152003,50,234620
28742,0.002097,172.31.46.0-255,66,152069,50,234620
28743,0.004223,172.217.194.0-255,5738,157807,50,234620
28744,0.004231,172.31.46.0-255,66,157873,50,234620
28745,0.006363,172.217.194.0-255,5738,163611,50,234620
28746,0.006368,172.31.46.0-255,66,163677,50,234620
28747,0.008466,172.217.194.0-255,5738,169415,50,234620
28748,0.008473,172.31.46.0-255,66,169481,50,234620
28749,0.010566,172.217.194.0-255,5738,175219,50,234620
28750,0.010574,172.31.46.0-255,66,175285,50,234620
28751,0.012668,172.217.194.0-255,5738,181023,50,234620
28752,0.012677,172.31.46.0-255,66,181089,50,234620
28753,0.014777,172.217.194.0-255,2902,183991,50,234620
28754,0.014784,172.31.46.0-255,66,184057,50,234620
28755,0.014811,172.217.194.0-255,2902,186959,50,234620
28756,0.014814,172.31.46.0-255,66,187025,50,234620
28757,0.016916,172.217.194.0-255,5738,192763,50,234620
28758,0.016928,172.31.46.0-255,66,192829,50,234620
28759,0.019045,172.217.194.0-255,5738,198567,50,234620
28760,0.019054,172.31.46.0-255,66,198633,50,234620
28761,0.021219,172.217.194.0-255,5738,204371,50,234620
28762,0.021228,172.31.46.0-255,66,204437,50,234620
28763,0.023334,172.217.194.0-255,5738,210175,50,234620
28764,0.02334,172.31.46.0-255,66,210241,50,234620
28765,0.02544,172.217.194.0-255,5738,215979,50,234620
28766,0.025447,172.31.46.0-255,66,216045,50,234620
28767,0.02754,172.217.194.0-255,5738,221783,50,234620
28768,0.027546,172.31.46.0-255,66,221849,50,234620
28769,0.028384,172.31.46.0-255,171,222020,50,234620
28770,0.028411,172.31.46.0-255,1132,223152,50,234620
28771,0.028463,172.31.46.0-255,1514,224666,50,234620
28772,0.028465,172.31.46.0-255,1514,226180,50,234620
28773,0.028469,172.31.46.0-255,1514,227694,50,234620
28774,0.02847,172.31.46.0-255,1056,228750,50,234620
28775,0.029682,172.217.194.0-255,5738,234488,50,234620
28776,0.029688,172.31.46.0-255,66,234554,50,234620
28777,0.029935,104.244.42.0-255,66,234620,50,234620
28778,0.0,74.125.24.0-255,146,146,50,253160
28779,2.1e-05,172.31.46.0-255,66,212,50,253160
28780,2.8e-05,74.125.24.0-255,1484,1696,50,253160
28781,3.3e-05,172.31.46.0-255,66,1762,50,253160
28782,3.8e-05,74.125.24.0-255,2902,4664,50,253160
28783,4e-05,172.31.46.0-255,66,4730,50,253160
28784,4.8e-05,74.125.24.0-255,7156,11886,50,253160
28785,5.2e-05,172.31.46.0-255,66,11952,50,253160
28786,5.5e-05,74.125.24.0-255,2066,14018,50,253160
28787,5.9e-05,172.31.46.0-255,66,14084,50,253160
28788,0.000111,74.125.24.0-255,1484,15568,50,253160
28789,0.000113,172.31.46.0-255,66,15634,50,253160
28790,0.000118,74.125.24.0-255,2902,18536,50,253160
28791,0.00012,172.31.46.0-255,66,18602,50,253160
28792,0.000126,74.125.24.0-255,5738,24340,50,253160
28793,0.000128,172.31.46.0-255,66,24406,50,253160
28794,0.000153,74.125.24.0-255,6797,31203,50,253160
28795,0.000155,172.31.46.0-255,66,31269,50,253160
28796,0.000159,74.125.24.0-255,4320,35589,50,253160
28797,0.000161,172.31.46.0-255,66,35655,50,253160
28798,0.000179,74.125.24.0-255,2902,38557,50,253160
28799,0.000181,172.31.46.0-255,66,38623,50,253160
28800,0.000195,74.125.24.0-255,4320,42943,50,253160
28801,0.000197,172.31.46.0-255,66,43009,50,253160
28802,0.00022,74.125.24.0-255,5379,48388,50,253160
28803,0.000223,172.31.46.0-255,66,48454,50,253160
28804,0.000242,74.125.24.0-255,5738,54192,50,253160
28805,0.000243,172.31.46.0-255,66,54258,50,253160
28806,0.000269,74.125.24.0-255,7156,61414,50,253160
28807,0.000271,172.31.46.0-255,66,61480,50,253160
28808,0.000291,74.125.24.0-255,4296,65776,50,253160
28809,0.000293,172.31.46.0-255,66,65842,50,253160
28810,0.000363,74.125.24.0-255,110,65952,50,253160
28811,0.000588,74.125.24.0-255,1484,67436,50,253160
28812,0.000592,74.125.24.0-255,1484,68920,50,253160
28813,0.000597,172.31.46.0-255,66,68986,50,253160
28814,0.000606,74.125.24.0-255,1484,70470,50,253160
28815,0.000608,172.31.46.0-255,66,70536,50,253160
28816,0.000614,74.125.24.0-255,5738,76274,50,253160
28817,0.000616,172.31.46.0-255,66,76340,50,253160
28818,0.000634,74.125.24.0-255,1484,77824,50,253160
28819,0.000672,172.31.46.0-255,66,77890,50,253160
28820,0.000679,74.125.24.0-255,7156,85046,50,253160
28821,0.000681,172.31.46.0-255,66,85112,50,253160
28822,0.000697,74.125.24.0-255,2785,87897,50,253160
28823,0.000699,172.31.46.0-255,66,87963,50,253160
28824,0.000974,74.125.24.0-255,1484,89447,50,253160
28825,0.000979,74.125.24.0-255,2902,92349,50,253160
28826,0.000982,172.31.46.0-255,66,92415,50,253160
28827,0.000985,74.125.24.0-255,1484,93899,50,253160
28828,0.001002,74.125.24.0-255,4320,98219,50,253160
28829,0.001004,74.125.24.0-255,1484,99703,50,253160
28830,0.001009,172.31.46.0-255,66,99769,50,253160
28831,0.001018,74.125.24.0-255,4320,104089,50,253160
28832,0.00102,172.31.46.0-255,66,104155,50,253160
28833,0.001029,172.31.46.0-255,66,104221,50,253160
28834,0.001046,74.125.24.0-255,4320,108541,50,253160
28835,0.001048,172.31.46.0-255,66,108607,50,253160
28836,0.001053,74.125.24.0-255,5020,113627,50,253160
28837,0.001055,172.31.46.0-255,66,113693,50,253160
28838,0.001793,74.125.24.0-255,1484,115177,50,253160
28839,0.001802,74.125.24.0-255,2902,118079,50,253160
28840,0.001806,172.31.46.0-255,66,118145,50,253160
28841,0.001812,74.125.24.0-255,5738,123883,50,253160
28842,0.001814,172.31.46.0-255,66,123949,50,253160
28843,0.00184,74.125.24.0-255,7156,131105,50,253160
28844,0.001842,172.31.46.0-255,66,131171,50,253160
28845,0.001856,74.125.24.0-255,5738,136909,50,253160
28846,0.001858,172.31.46.0-255,66,136975,50,253160
28847,0.001873,74.125.24.0-255,2902,139877,50,253160
28848,0.001875,172.31.46.0-255,66,139943,50,253160
28849,0.001904,172.31.46.0-255,66,140009,50,253160
28850,0.001909,74.125.24.0-255,4320,144329,50,253160
28851,0.001911,172.31.46.0-255,66,144395,50,253160
28852,0.001929,74.125.24.0-255,7156,151551,50,253160
28853,0.001931,172.31.46.0-255,66,151617,50,253160
28854,0.001937,74.125.24.0-255,7156,158773,50,253160
28855,0.001939,172.31.46.0-255,66,158839,50,253160
28856,0.001969,74.125.24.0-255,2902,161741,50,253160
28857,0.001971,172.31.46.0-255,66,161807,50,253160
28858,0.001998,172.31.46.0-255,66,161873,50,253160
28859,0.00205,172.31.46.0-255,66,161939,50,253160
28860,0.002056,74.125.24.0-255,7156,169095,50,253160
28861,0.002073,74.125.24.0-255,5738,174833,50,253160
28862,0.002202,74.125.24.0-255,1484,176317,50,253160
28863,0.002209,74.125.24.0-255,2902,179219,50,253160
28864,0.002232,74.125.24.0-255,5738,184957,50,253160
28865,0.003761,172.31.46.0-255,66,185023,50,253160
28866,0.006043,74.125.24.0-255,5738,190761,50,253160
28867,0.006048,172.31.46.0-255,66,190827,50,253160
28868,0.008351,74.125.24.0-255,5738,196565,50,253160
28869,0.008358,172.31.46.0-255,66,196631,50,253160
28870,0.010678,74.125.24.0-255,5738,202369,50,253160
28871,0.010686,172.31.46.0-255,66,202435,50,253160
28872,0.012986,74.125.24.0-255,5738,208173,50,253160
28873,0.012992,172.31.46.0-255,66,208239,50,253160
28874,0.015304,74.125.24.0-255,5738,213977,50,253160
28875,0.01531,172.31.46.0-255,66,214043,50,253160
28876,0.01762,74.125.24.0-255,5738,219781,50,253160
28877,0.017627,172.31.46.0-255,66,219847,50,253160
28878,0.019939,74.125.24.0-255,5738,225585,50,253160
28879,0.019949,172.31.46.0-255,66,225651,50,253160
28880,0.02226,74.125.24.0-255,5738,231389,50,253160
28881,0.022267,172.31.46.0-255,66,231455,50,253160
28882,0.024568,74.125.24.0-255,5738,237193,50,253160
28883,0.024575,172.31.46.0-255,66,237259,50,253160
28884,0.025786,172.31.46.0-255,172,237431,50,253160
28885,0.025815,172.31.46.0-255,1113,238544,50,253160
28886,0.025863,172.31.46.0-255,1514,240058,50,253160
28887,0.025865,172.31.46.0-255,1296,241354,50,253160
28888,0.026899,74.125.24.0-255,5738,247092,50,253160
28889,0.026905,172.31.46.0-255,66,247158,50,253160
28890,0.027312,104.244.42.0-255,66,247224,50,253160
28891,0.027327,104.244.42.0-255,66,247290,50,253160
28892,0.027396,104.244.42.0-255,66,247356,50,253160
28893,0.029206,74.125.24.0-255,5738,253094,50,253160
28894,0.029212,172.31.46.0-255,66,253160,50,253160
28895,0.0,172.31.46.0-255,105,105,50,459
28896,0.000233,172.31.46.0-255,90,195,50,459
28897,0.000244,172.31.46.0-255,66,261,50,459
28898,0.002848,172.217.194.0-255,66,327,50,459
28899,0.002881,172.217.194.0-255,66,393,50,459
28900,0.002906,172.31.46.0-255,66,459,50,459
28901,0.0,74.125.24.0-255,146,146,50,287895
28902,1.3e-05,172.31.46.0-255,66,212,50,287895
28903,1.8e-05,74.125.24.0-255,1484,1696,50,287895
28904,2.3e-05,172.31.46.0-255,66,1762,50,287895
28905,2.9e-05,74.125.24.0-255,2902,4664,50,287895
28906,3.3e-05,172.31.46.0-255,66,4730,50,287895
28907,6.2e-05,74.125.24.0-255,5738,10468,50,287895
28908,6.5e-05,172.31.46.0-255,66,10534,50,287895
28909,7.8e-05,74.125.24.0-255,1484,12018,50,287895
28910,8e-05,172.31.46.0-255,66,12084,50,287895
28911,8.3e-05,74.125.24.0-255,1484,13568,50,287895
28912,8.6e-05,172.31.46.0-255,66,13634,50,287895
28913,0.000113,74.125.24.0-255,6259,19893,50,287895
28914,0.000117,172.31.46.0-255,66,19959,50,287895
28915,0.000123,74.125.24.0-255,5738,25697,50,287895
28916,0.000125,172.31.46.0-255,66,25763,50,287895
28917,0.000155,74.125.24.0-255,1484,27247,50,287895
28918,0.000158,172.31.46.0-255,66,27313,50,287895
28919,0.000176,74.125.24.0-255,3961,31274,50,287895
28920,0.000178,172.31.46.0-255,66,31340,50,287895
28921,0.00028,74.125.24.0-255,1484,32824,50,287895
28922,0.000293,172.31.46.0-255,66,32890,50,287895
28923,0.000299,74.125.24.0-255,2902,35792,50,287895
28924,0.000302,172.31.46.0-255,66,35858,50,287895
28925,0.000309,74.125.24.0-255,5738,41596,50,287895
28926,0.000312,172.31.46.0-255,66,41662,50,287895
28927,0.000317,74.125.24.0-255,4320,45982,50,287895
28928,0.00032,172.31.46.0-255,66,46048,50,287895
28929,0.000341,74.125.24.0-255,2902,48950,50,287895
28930,0.000344,172.31.46.0-255,66,49016,50,287895
28931,0.000359,172.31.46.0-255,66,49082,50,287895
28932,0.000363,74.125.24.0-255,2519,51601,50,287895
28933,0.000365,172.31.46.0-255,66,51667,50,287895
28934,0.000386,74.125.24.0-255,108,51775,50,287895
28935,0.000493,74.125.24.0-255,1484,53259,50,287895
28936,0.000498,172.31.46.0-255,66,53325,50,287895
28937,0.000504,74.125.24.0-255,2902,56227,50,287895
28938,0.000506,172.31.46.0-255,66,56293,50,287895
28939,0.000511,74.125.24.0-255,2902,59195,50,287895
28940,0.000513,172.31.46.0-255,66,59261,50,287895
28941,0.000537,74.125.24.0-255,2902,62163,50,287895
28942,0.00054,172.31.46.0-255,66,62229,50,287895
28943,0.000547,74.125.24.0-255,7156,69385,50,287895
28944,0.000549,172.31.46.0-255,66,69451,50,287895
28945,0.000555,74.125.24.0-255,4320,73771,50,287895
28946,0.000557,172.31.46.0-255,66,73837,50,287895
28947,0.000583,172.31.46.0-255,66,73903,50,287895
28948,0.000589,74.125.24.0-255,2184,76087,50,287895
28949,0.000591,172.31.46.0-255,66,76153,50,287895
28950,0.000593,74.125.24.0-255,330,76483,50,287895
28951,0.000618,74.125.24.0-255,1484,77967,50,287895
28952,0.000621,172.31.46.0-255,66,78033,50,287895
28953,0.000645,74.125.24.0-255,4320,82353,50,287895
28954,0.000648,172.31.46.0-255,66,82419,50,287895
28955,0.000655,74.125.24.0-255,7156,89575,50,287895
28956,0.000657,172.31.46.0-255,66,89641,50,287895
28957,0.000669,74.125.24.0-255,1484,91125,50,287895
28958,0.000673,74.125.24.0-255,1484,92609,50,287895
28959,0.000675,172.31.46.0-255,66,92675,50,287895
28960,0.000698,172.31.46.0-255,66,92741,50,287895
28961,0.000715,74.125.24.0-255,1484,94225,50,287895
28962,0.000721,74.125.24.0-255,4320,98545,50,287895
28963,0.000723,172.31.46.0-255,66,98611,50,287895
28964,0.000746,74.125.24.0-255,2184,100795,50,287895
28965,0.000749,172.31.46.0-255,66,100861,50,287895
28966,0.000753,74.125.24.0-255,1484,102345,50,287895
28967,0.000775,74.125.24.0-255,5738,108083,50,287895
28968,0.000778,172.31.46.0-255,66,108149,50,287895
28969,0.000782,74.125.24.0-255,2902,111051,50,287895
28970,0.000784,172.31.46.0-255,66,111117,50,287895
28971,0.000823,74.125.24.0-255,5738,116855,50,287895
28972,0.000826,172.31.46.0-255,66,116921,50,287895
28973,0.000851,74.125.24.0-255,5738,122659,50,287895
28974,0.000854,172.31.46.0-255,66,122725,50,287895
28975,0.00087,74.125.24.0-255,2902,125627,50,287895
28976,0.00089,74.125.24.0-255,4320,129947,50,287895
28977,0.000896,74.125.24.0-255,5738,135685,50,287895
28978,0.000903,172.31.46.0-255,66,135751,50,287895
28979,0.000912,74.125.24.0-255,2902,138653,50,287895
28980,0.000917,74.125.24.0-255,2902,141555,50,287895
28981,0.000921,172.31.46.0-255,66,141621,50,287895
28982,0.000932,74.125.24.0-255,4320,145941,50,287895
28983,0.000946,74.125.24.0-255,4320,150261,50,287895
28984,0.000963,74.125.24.0-255,5738,155999,50,287895
28985,0.000976,172.31.46.0-255,66,156065,50,287895
28986,0.000986,74.125.24.0-255,766,156831,50,287895
28987,0.001161,74.125.24.0-255,1484,158315,50,287895
28988,0.001165,172.31.46.0-255,66,158381,50,287895
28989,0.00117,74.125.24.0-255,2902,161283,50,287895
28990,0.001177,172.31.46.0-255,66,161349,50,287895
28991,0.001189,74.125.24.0-255,5738,167087,50,287895
28992,0.001191,74.125.24.0-255,1484,168571,50,287895
28993,0.001197,172.31.46.0-255,66,168637,50,287895
28994,0.001207,74.125.24.0-255,2902,171539,50,287895
28995,0.001234,74.125.24.0-255,1484,173023,50,287895
28996,0.001252,172.31.46.0-255,66,173089,50,287895
28997,0.001272,172.31.46.0-255,66,173155,50,287895
28998,0.001352,74.125.24.0-255,1484,174639,50,287895
28999,0.001369,74.125.24.0-255,2902,177541,50,287895
29000,0.001372,172.31.46.0-255,66,177607,50,287895
29001,0.001378,74.125.24.0-255,4320,181927,50,287895
29002,0.001392,74.125.24.0-255,1484,183411,50,287895
29003,0.001404,74.125.24.0-255,5738,189149,50,287895
29004,0.001411,172.31.46.0-255,66,189215,50,287895
29005,0.001448,74.125.24.0-255,5020,194235,50,287895
29006,0.001462,172.31.46.0-255,66,194301,50,287895
29007,0.001506,74.125.24.0-255,1484,195785,50,287895
29008,0.001509,74.125.24.0-255,1484,197269,50,287895
29009,0.00152,74.125.24.0-255,1484,198753,50,287895
29010,0.001527,74.125.24.0-255,5738,204491,50,287895
29011,0.001547,172.31.46.0-255,66,204557,50,287895
29012,0.001554,74.125.24.0-255,5738,210295,50,287895
29013,0.001559,172.31.46.0-255,66,210361,50,287895
29014,0.001579,74.125.24.0-255,7156,217517,50,287895
29015,0.001586,172.31.46.0-255,66,217583,50,287895
29016,0.001655,172.31.46.0-255,66,217649,50,287895
29017,0.001684,74.125.24.0-255,1484,219133,50,287895
29018,0.001703,74.125.24.0-255,2902,222035,50,287895
29019,0.001706,74.125.24.0-255,1484,223519,50,287895
29020,0.001728,74.125.24.0-255,4320,227839,50,287895
29021,0.001734,74.125.24.0-255,5738,233577,50,287895
29022,0.001737,172.31.46.0-255,66,233643,50,287895
29023,0.001749,172.31.46.0-255,66,233709,50,287895
29024,0.001755,74.125.24.0-255,7156,240865,50,287895
29025,0.001793,74.125.24.0-255,7156,248021,50,287895
29026,0.00181,74.125.24.0-255,3602,251623,50,287895
29027,0.001824,172.31.46.0-255,66,251689,50,287895
29028,0.002064,74.125.24.0-255,1484,253173,50,287895
29029,0.002078,74.125.24.0-255,2902,256075,50,287895
29030,0.002081,172.31.46.0-255,66,256141,50,287895
29031,0.002086,74.125.24.0-255,2902,259043,50,287895
29032,0.002101,74.125.24.0-255,2902,261945,50,287895
29033,0.002113,74.125.24.0-255,1484,263429,50,287895
29034,0.002118,172.31.46.0-255,66,263495,50,287895
29035,0.00216,74.125.24.0-255,1484,264979,50,287895
29036,0.002163,74.125.24.0-255,1484,266463,50,287895
29037,0.002179,74.125.24.0-255,1484,267947,50,287895
29038,0.002186,74.125.24.0-255,5738,273685,50,287895
29039,0.002198,172.31.46.0-255,66,273751,50,287895
29040,0.002208,74.125.24.0-255,1484,275235,50,287895
29041,0.002258,172.31.46.0-255,66,275301,50,287895
29042,0.002261,74.125.24.0-255,1484,276785,50,287895
29043,0.002295,172.31.46.0-255,66,276851,50,287895
29044,0.00232,74.125.24.0-255,7156,284007,50,287895
29045,0.002327,172.31.46.0-255,66,284073,50,287895
29046,0.002361,74.125.24.0-255,1484,285557,50,287895
29047,0.002376,74.125.24.0-255,1930,287487,50,287895
29048,0.002392,172.31.46.0-255,66,287553,50,287895
29049,0.002395,74.125.24.0-255,105,287658,50,287895
29050,0.00878,172.31.46.0-255,66,287724,50,287895
29051,0.00882,172.31.46.0-255,105,287829,50,287895
29052,0.011436,74.125.24.0-255,66,287895,50,287895
29053,0.0,172.217.194.0-255,146,146,50,194537
29054,2.4e-05,172.31.46.0-255,66,212,50,194537
29055,3.2e-05,172.217.194.0-255,1484,1696,50,194537
29056,3.6e-05,172.31.46.0-255,66,1762,50,194537
29057,5.1e-05,172.217.194.0-255,2902,4664,50,194537
29058,5.4e-05,172.31.46.0-255,66,4730,50,194537
29059,6.2e-05,172.217.194.0-255,5738,10468,50,194537
29060,6.5e-05,172.31.46.0-255,66,10534,50,194537
29061,0.000103,172.31.46.0-255,66,10600,50,194537
29062,0.00011,172.217.194.0-255,6797,17397,50,194537
29063,0.000113,172.31.46.0-255,66,17463,50,194537
29064,0.00025,172.217.194.0-255,1484,18947,50,194537
29065,0.000255,172.31.46.0-255,66,19013,50,194537
29066,0.000261,172.217.194.0-255,2902,21915,50,194537
29067,0.000264,172.31.46.0-255,66,21981,50,194537
29068,0.000268,172.217.194.0-255,1484,23465,50,194537
29069,0.000275,172.31.46.0-255,66,23531,50,194537
29070,0.000298,172.217.194.0-255,4320,27851,50,194537
29071,0.000305,172.31.46.0-255,66,27917,50,194537
29072,0.000311,172.217.194.0-255,4320,32237,50,194537
29073,0.000313,172.31.46.0-255,66,32303,50,194537
29074,0.000339,172.31.46.0-255,66,32369,50,194537
29075,0.000369,172.217.194.0-255,1125,33494,50,194537
29076,0.000372,172.31.46.0-255,66,33560,50,194537
29077,0.000379,172.217.194.0-255,7087,40647,50,194537
29078,0.000383,172.31.46.0-255,66,40713,50,194537
29079,0.000386,172.217.194.0-255,99,40812,50,194537
29080,0.000388,172.31.46.0-255,66,40878,50,194537
29081,0.000454,172.217.194.0-255,1484,42362,50,194537
29082,0.000457,172.31.46.0-255,66,42428,50,194537
29083,0.000463,172.217.194.0-255,2902,45330,50,194537
29084,0.000465,172.31.46.0-255,66,45396,50,194537
29085,0.000469,172.217.194.0-255,2902,48298,50,194537
29086,0.000472,172.31.46.0-255,66,48364,50,194537
29087,0.000504,172.217.194.0-255,2902,51266,50,194537
29088,0.000507,172.31.46.0-255,66,51332,50,194537
29089,0.000514,172.217.194.0-255,6514,57846,50,194537
29090,0.000516,172.31.46.0-255,66,57912,50,194537
29091,0.000523,172.217.194.0-255,7156,65068,50,194537
29092,0.000525,172.31.46.0-255,66,65134,50,194537
29093,0.000551,172.217.194.0-255,7156,72290,50,194537
29094,0.000553,172.31.46.0-255,66,72356,50,194537
29095,0.000563,172.31.46.0-255,66,72422,50,194537
29096,0.000591,172.31.46.0-255,66,72488,50,194537
29097,0.000594,172.217.194.0-255,766,73254,50,194537
29098,0.000725,172.217.194.0-255,1484,74738,50,194537
29099,0.000729,172.31.46.0-255,66,74804,50,194537
29100,0.000733,172.217.194.0-255,1484,76288,50,194537
29101,0.000753,172.217.194.0-255,1484,77772,50,194537
29102,0.000755,172.31.46.0-255,66,77838,50,194537
29103,0.000782,172.217.194.0-255,5738,83576,50,194537
29104,0.000785,172.31.46.0-255,66,83642,50,194537
29105,0.000822,172.31.46.0-255,66,83708,50,194537
29106,0.000846,172.217.194.0-255,1484,85192,50,194537
29107,0.000858,172.31.46.0-255,66,85258,50,194537
29108,0.000869,172.31.46.0-255,66,85324,50,194537
29109,0.000878,172.31.46.0-255,66,85390,50,194537
29110,0.000903,172.217.194.0-255,1484,86874,50,194537
29111,0.000914,172.31.46.0-255,66,86940,50,194537
29112,0.000935,172.217.194.0-255,6438,93378,50,194537
29113,0.000938,172.31.46.0-255,66,93444,50,194537
29114,0.001107,172.217.194.0-255,1484,94928,50,194537
29115,0.00111,172.217.194.0-255,1484,96412,50,194537
29116,0.001113,172.31.46.0-255,66,96478,50,194537
29117,0.001136,172.217.194.0-255,1484,97962,50,194537
29118,0.001142,172.217.194.0-255,5738,103700,50,194537
29119,0.001144,172.31.46.0-255,66,103766,50,194537
29120,0.001177,172.31.46.0-255,66,103832,50,194537
29121,0.001213,172.217.194.0-255,2902,106734,50,194537
29122,0.001216,172.31.46.0-255,66,106800,50,194537
29123,0.00125,172.31.46.0-255,66,106866,50,194537
29124,0.001261,172.31.46.0-255,66,106932,50,194537
29125,0.001268,172.217.194.0-255,2902,109834,50,194537
29126,0.001271,172.31.46.0-255,66,109900,50,194537
29127,0.001294,172.217.194.0-255,5738,115638,50,194537
29128,0.001297,172.31.46.0-255,66,115704,50,194537
29129,0.001334,172.31.46.0-255,66,115770,50,194537
29130,0.001338,172.217.194.0-255,3602,119372,50,194537
29131,0.00134,172.31.46.0-255,66,119438,50,194537
29132,0.001385,172.31.46.0-255,66,119504,50,194537
29133,0.001431,172.31.46.0-255,66,119570,50,194537
29134,0.001434,172.217.194.0-255,766,120336,50,194537
29135,0.001819,172.31.46.0-255,101,120437,50,194537
29136,0.003497,172.217.194.0-255,4320,124757,50,194537
29137,0.003503,172.31.46.0-255,66,124823,50,194537
29138,0.003894,172.217.194.0-255,1484,126307,50,194537
29139,0.005596,172.217.194.0-255,4320,130627,50,194537
29140,0.005603,172.31.46.0-255,66,130693,50,194537
29141,0.007671,172.217.194.0-255,5738,136431,50,194537
29142,0.007677,172.31.46.0-255,66,136497,50,194537
29143,0.009772,172.217.194.0-255,5738,142235,50,194537
29144,0.00978,172.31.46.0-255,66,142301,50,194537
29145,0.011874,172.217.194.0-255,5738,148039,50,194537
29146,0.011882,172.31.46.0-255,66,148105,50,194537
29147,0.013977,172.217.194.0-255,5738,153843,50,194537
29148,0.013987,172.31.46.0-255,66,153909,50,194537
29149,0.01611,172.217.194.0-255,5738,159647,50,194537
29150,0.016119,172.31.46.0-255,66,159713,50,194537
29151,0.018206,172.217.194.0-255,5738,165451,50,194537
29152,0.018217,172.31.46.0-255,66,165517,50,194537
29153,0.020305,172.217.194.0-255,5738,171255,50,194537
29154,0.020315,172.31.46.0-255,66,171321,50,194537
29155,0.022387,172.217.194.0-255,5738,177059,50,194537
29156,0.022394,172.31.46.0-255,66,177125,50,194537
29157,0.02448,172.217.194.0-255,5738,182863,50,194537
29158,0.024487,172.31.46.0-255,66,182929,50,194537
29159,0.026584,172.217.194.0-255,5738,188667,50,194537
29160,0.026593,172.31.46.0-255,66,188733,50,194537
29161,0.028666,172.217.194.0-255,5738,194471,50,194537
29162,0.028673,172.31.46.0-255,66,194537,50,194537
29163,0.0,172.31.46.0-255,105,105,50,105
29164,0.0,74.125.24.0-255,143,143,50,190235
29165,2.4e-05,172.31.46.0-255,66,209,50,190235
29166,3.1e-05,74.125.24.0-255,1484,1693,50,190235
29167,3.6e-05,172.31.46.0-255,66,1759,50,190235
29168,4.9e-05,74.125.24.0-255,2902,4661,50,190235
29169,5.4e-05,172.31.46.0-255,66,4727,50,190235
29170,6e-05,74.125.24.0-255,5738,10465,50,190235
29171,6.3e-05,172.31.46.0-255,66,10531,50,190235
29172,9.8e-05,74.125.24.0-255,3424,13955,50,190235
29173,0.000102,172.31.46.0-255,66,14021,50,190235
29174,0.000127,74.125.24.0-255,4320,18341,50,190235
29175,0.000129,172.31.46.0-255,66,18407,50,190235
29176,0.000135,74.125.24.0-255,4320,22727,50,190235
29177,0.000137,172.31.46.0-255,66,22793,50,190235
29178,0.000184,172.31.46.0-255,66,22859,50,190235
29179,0.00021,74.125.24.0-255,1125,23984,50,190235
29180,0.000212,172.31.46.0-255,66,24050,50,190235
29181,0.000231,172.31.46.0-255,66,24116,50,190235
29182,0.000234,74.125.24.0-255,1484,25600,50,190235
29183,0.000236,172.31.46.0-255,66,25666,50,190235
29184,0.000241,74.125.24.0-255,2902,28568,50,190235
29185,0.000243,172.31.46.0-255,66,28634,50,190235
29186,0.000274,74.125.24.0-255,1484,30118,50,190235
29187,0.000281,172.31.46.0-255,66,30184,50,190235
29188,0.000309,74.125.24.0-255,4320,34504,50,190235
29189,0.000313,172.31.46.0-255,66,34570,50,190235
29190,0.00032,74.125.24.0-255,6797,41367,50,190235
29191,0.000322,172.31.46.0-255,66,41433,50,190235
29192,0.000324,74.125.24.0-255,442,41875,50,190235
29193,0.000326,172.31.46.0-255,66,41941,50,190235
29194,0.000451,74.125.24.0-255,1484,43425,50,190235
29195,0.000459,74.125.24.0-255,2902,46327,50,190235
29196,0.000462,172.31.46.0-255,66,46393,50,190235
29197,0.000466,74.125.24.0-255,1484,47877,50,190235
29198,0.000487,74.125.24.0-255,2902,50779,50,190235
29199,0.00049,172.31.46.0-255,66,50845,50,190235
29200,0.000502,74.125.24.0-255,2902,53747,50,190235
29201,0.000508,172.31.46.0-255,66,53813,50,190235
29202,0.000533,74.125.24.0-255,5644,59457,50,190235
29203,0.000536,172.31.46.0-255,66,59523,50,190235
29204,0.000892,74.125.24.0-255,1484,61007,50,190235
29205,0.000914,74.125.24.0-255,2902,63909,50,190235
29206,0.000918,172.31.46.0-255,66,63975,50,190235
29207,0.000925,74.125.24.0-255,5738,69713,50,190235
29208,0.000927,172.31.46.0-255,66,69779,50,190235
29209,0.000937,74.125.24.0-255,4320,74099,50,190235
29210,0.000939,172.31.46.0-255,66,74165,50,190235
29211,0.000982,74.125.24.0-255,2543,76708,50,190235
29212,0.000985,172.31.46.0-255,66,76774,50,190235
29213,0.001206,74.125.24.0-255,1484,78258,50,190235
29214,0.001229,74.125.24.0-255,2902,81160,50,190235
29215,0.001233,172.31.46.0-255,66,81226,50,190235
29216,0.00124,74.125.24.0-255,5738,86964,50,190235
29217,0.001242,172.31.46.0-255,66,87030,50,190235
29218,0.001313,172.31.46.0-255,66,87096,50,190235
29219,0.001326,172.31.46.0-255,66,87162,50,190235
29220,0.001347,74.125.24.0-255,766,87928,50,190235
29221,0.00165,74.125.24.0-255,1484,89412,50,190235
29222,0.001655,172.31.46.0-255,66,89478,50,190235
29223,0.001661,74.125.24.0-255,2902,92380,50,190235
29224,0.001663,172.31.46.0-255,66,92446,50,190235
29225,0.001665,74.125.24.0-255,1484,93930,50,190235
29226,0.001702,74.125.24.0-255,4320,98250,50,190235
29227,0.001705,172.31.46.0-255,66,98316,50,190235
29228,0.001718,172.31.46.0-255,66,98382,50,190235
29229,0.001751,74.125.24.0-255,7156,105538,50,190235
29230,0.001754,172.31.46.0-255,66,105604,50,190235
29231,0.00178,74.125.24.0-255,5020,110624,50,190235
29232,0.001782,172.31.46.0-255,66,110690,50,190235
29233,0.003803,74.125.24.0-255,5738,116428,50,190235
29234,0.003809,172.31.46.0-255,66,116494,50,190235
29235,0.005853,74.125.24.0-255,5738,122232,50,190235
29236,0.005857,172.31.46.0-255,66,122298,50,190235
29237,0.00788,74.125.24.0-255,5738,128036,50,190235
29238,0.007886,172.31.46.0-255,66,128102,50,190235
29239,0.009901,74.125.24.0-255,5738,133840,50,190235
29240,0.009908,172.31.46.0-255,66,133906,50,190235
29241,0.011943,74.125.24.0-255,5738,139644,50,190235
29242,0.011953,172.31.46.0-255,66,139710,50,190235
29243,0.013965,74.125.24.0-255,5738,145448,50,190235
29244,0.013974,172.31.46.0-255,66,145514,50,190235
29245,0.015987,74.125.24.0-255,5738,151252,50,190235
29246,0.015996,172.31.46.0-255,66,151318,50,190235
29247,0.018019,74.125.24.0-255,5738,157056,50,190235
29248,0.018026,172.31.46.0-255,66,157122,50,190235
29249,0.020066,74.125.24.0-255,5738,162860,50,190235
29250,0.020073,172.31.46.0-255,66,162926,50,190235
29251,0.022108,74.125.24.0-255,5738,168664,50,190235
29252,0.022115,172.31.46.0-255,66,168730,50,190235
29253,0.024144,74.125.24.0-255,5738,174468,50,190235
29254,0.024152,172.31.46.0-255,66,174534,50,190235
29255,0.026149,74.125.24.0-255,5738,180272,50,190235
29256,0.026157,172.31.46.0-255,66,180338,50,190235
29257,0.028181,74.125.24.0-255,5738,186076,50,190235
29258,0.028188,172.31.46.0-255,66,186142,50,190235
29259,0.02895,172.31.46.0-255,172,186314,50,190235
29260,0.028981,172.31.46.0-255,1113,187427,50,190235
29261,0.029042,172.31.46.0-255,1514,188941,50,190235
29262,0.029044,172.31.46.0-255,1294,190235,50,190235
29263,0.0,74.125.200.0-255,146,146,50,264514
29264,1.7e-05,172.31.46.0-255,66,212,50,264514
29265,6.5e-05,74.125.200.0-255,1484,1696,50,264514
29266,7e-05,172.31.46.0-255,66,1762,50,264514
29267,0.000103,74.125.200.0-255,2902,4664,50,264514
29268,0.000106,172.31.46.0-255,66,4730,50,264514
29269,0.00011,74.125.200.0-255,1484,6214,50,264514
29270,0.000112,172.31.46.0-255,66,6280,50,264514
29271,0.000117,74.125.200.0-255,2902,9182,50,264514
29272,0.000125,172.31.46.0-255,66,9248,50,264514
29273,0.00016,74.125.200.0-255,4929,14177,50,264514
29274,0.000163,172.31.46.0-255,66,14243,50,264514
29275,0.00017,74.125.200.0-255,5738,19981,50,264514
29276,0.000172,172.31.46.0-255,66,20047,50,264514
29277,0.000194,74.125.200.0-255,2902,22949,50,264514
29278,0.000196,172.31.46.0-255,66,23015,50,264514
29279,0.000218,74.125.200.0-255,2902,25917,50,264514
29280,0.00022,172.31.46.0-255,66,25983,50,264514
29281,0.000245,74.125.200.0-255,5379,31362,50,264514
29282,0.000248,172.31.46.0-255,66,31428,50,264514
29283,0.000371,74.125.200.0-255,1484,32912,50,264514
29284,0.000375,172.31.46.0-255,66,32978,50,264514
29285,0.00041,74.125.200.0-255,2902,35880,50,264514
29286,0.000414,172.31.46.0-255,66,35946,50,264514
29287,0.000419,74.125.200.0-255,4320,40266,50,264514
29288,0.000421,172.31.46.0-255,66,40332,50,264514
29289,0.000455,172.31.46.0-255,66,40398,50,264514
29290,0.000505,74.125.200.0-255,7156,47554,50,264514
29291,0.000508,172.31.46.0-255,66,47620,50,264514
29292,0.000511,74.125.200.0-255,1484,49104,50,264514
29293,0.000513,172.31.46.0-255,66,49170,50,264514
29294,0.000546,74.125.200.0-255,7156,56326,50,264514
29295,0.00055,74.125.200.0-255,1395,57721,50,264514
29296,0.000558,172.31.46.0-255,66,57787,50,264514
29297,0.000584,74.125.200.0-255,386,58173,50,264514
29298,0.0007,74.125.200.0-255,1484,59657,50,264514
29299,0.000706,172.31.46.0-255,66,59723,50,264514
29300,0.000728,74.125.200.0-255,2902,62625,50,264514
29301,0.000748,74.125.200.0-255,1484,64109,50,264514
29302,0.000758,172.31.46.0-255,66,64175,50,264514
29303,0.000763,74.125.200.0-255,2902,67077,50,264514
29304,0.000768,172.31.46.0-255,66,67143,50,264514
29305,0.000804,74.125.200.0-255,5738,72881,50,264514
29306,0.000808,74.125.200.0-255,1993,74874,50,264514
29307,0.000815,172.31.46.0-255,66,74940,50,264514
29308,0.000897,74.125.200.0-255,1484,76424,50,264514
29309,0.000915,74.125.200.0-255,2902,79326,50,264514
29310,0.000918,172.31.46.0-255,66,79392,50,264514
29311,0.000926,74.125.200.0-255,5738,85130,50,264514
29312,0.00095,74.125.200.0-255,5738,90868,50,264514
29313,0.000953,74.125.200.0-255,1484,92352,50,264514
29314,0.000969,172.31.46.0-255,66,92418,50,264514
29315,0.000976,74.125.200.0-255,5738,98156,50,264514
29316,0.00101,172.31.46.0-255,66,98222,50,264514
29317,0.001052,172.31.46.0-255,66,98288,50,264514
29318,0.001329,74.125.200.0-255,1484,99772,50,264514
29319,0.001342,74.125.200.0-255,2902,102674,50,264514
29320,0.001346,172.31.46.0-255,66,102740,50,264514
29321,0.001352,74.125.200.0-255,2902,105642,50,264514
29322,0.00137,74.125.200.0-255,1484,107126,50,264514
29323,0.001382,172.31.46.0-255,66,107192,50,264514
29324,0.001407,74.125.200.0-255,1484,108676,50,264514
29325,0.001428,74.125.200.0-255,2902,111578,50,264514
29326,0.001451,74.125.200.0-255,5738,117316,50,264514
29327,0.001456,172.31.46.0-255,66,117382,50,264514
29328,0.001483,74.125.200.0-255,2902,120284,50,264514
29329,0.001514,74.125.200.0-255,7156,127440,50,264514
29330,0.001518,172.31.46.0-255,66,127506,50,264514
29331,0.001527,172.31.46.0-255,66,127572,50,264514
29332,0.001553,74.125.200.0-255,5020,132592,50,264514
29333,0.001576,172.31.46.0-255,66,132658,50,264514
29334,0.001601,74.125.200.0-255,1484,134142,50,264514
29335,0.001631,74.125.200.0-255,1484,135626,50,264514
29336,0.001638,172.31.46.0-255,66,135692,50,264514
29337,0.001657,74.125.200.0-255,2902,138594,50,264514
29338,0.001663,74.125.200.0-255,4320,142914,50,264514
29339,0.001666,74.125.200.0-255,1484,144398,50,264514
29340,0.001682,172.31.46.0-255,66,144464,50,264514
29341,0.001688,74.125.200.0-255,4320,148784,50,264514
29342,0.001693,172.31.46.0-255,66,148850,50,264514
29343,0.001722,74.125.200.0-255,2902,151752,50,264514
29344,0.001727,74.125.200.0-255,4320,156072,50,264514
29345,0.001746,172.31.46.0-255,66,156138,50,264514
29346,0.001759,74.125.200.0-255,4320,160458,50,264514
29347,0.001781,172.31.46.0-255,66,160524,50,264514
29348,0.001788,74.125.200.0-255,1484,162008,50,264514
29349,0.001819,74.125.200.0-255,4320,166328,50,264514
29350,0.001821,74.125.200.0-255,766,167094,50,264514
29351,0.001833,172.31.46.0-255,66,167160,50,264514
29352,0.002036,74.125.200.0-255,1484,168644,50,264514
29353,0.00205,74.125.200.0-255,2902,171546,50,264514
29354,0.002053,172.31.46.0-255,66,171612,50,264514
29355,0.002077,74.125.200.0-255,4320,175932,50,264514
29356,0.002083,172.31.46.0-255,66,175998,50,264514
29357,0.002113,74.125.200.0-255,4320,180318,50,264514
29358,0.00212,172.31.46.0-255,66,180384,50,264514
29359,0.002139,74.125.200.0-255,2902,183286,50,264514
29360,0.002161,74.125.200.0-255,2902,186188,50,264514
29361,0.002164,74.125.200.0-255,1484,187672,50,264514
29362,0.002169,172.31.46.0-255,66,187738,50,264514
29363,0.002201,74.125.200.0-255,5020,192758,50,264514
29364,0.002219,172.31.46.0-255,66,192824,50,264514
29365,0.002287,74.125.200.0-255,1484,194308,50,264514
29366,0.004458,74.125.200.0-255,4320,198628,50,264514
29367,0.004466,172.31.46.0-255,66,198694,50,264514
29368,0.006689,74.125.200.0-255,5738,204432,50,264514
29369,0.006693,172.31.46.0-255,66,204498,50,264514
29370,0.008922,74.125.200.0-255,5738,210236,50,264514
29371,0.008928,172.31.46.0-255,66,210302,50,264514
29372,0.011161,74.125.200.0-255,5738,216040,50,264514
29373,0.011167,172.31.46.0-255,66,216106,50,264514
29374,0.013403,74.125.200.0-255,5738,221844,50,264514
29375,0.01341,172.31.46.0-255,66,221910,50,264514
29376,0.015659,74.125.200.0-255,5738,227648,50,264514
29377,0.015666,172.31.46.0-255,66,227714,50,264514
29378,0.017895,74.125.200.0-255,5738,233452,50,264514
29379,0.017905,172.31.46.0-255,66,233518,50,264514
29380,0.020137,74.125.200.0-255,4320,237838,50,264514
29381,0.020143,172.31.46.0-255,66,237904,50,264514
29382,0.020168,74.125.200.0-255,1484,239388,50,264514
29383,0.02237,74.125.200.0-255,4320,243708,50,264514
29384,0.022376,172.31.46.0-255,66,243774,50,264514
29385,0.024635,74.125.200.0-255,5738,249512,50,264514
29386,0.024642,172.31.46.0-255,66,249578,50,264514
29387,0.025972,172.31.46.0-255,172,249750,50,264514
29388,0.026002,172.31.46.0-255,1113,250863,50,264514
29389,0.026051,172.31.46.0-255,1514,252377,50,264514
29390,0.026052,172.31.46.0-255,331,252708,50,264514
29391,0.026865,74.125.200.0-255,5738,258446,50,264514
29392,0.026871,172.31.46.0-255,66,258512,50,264514
29393,0.027519,104.244.42.0-255,66,258578,50,264514
29394,0.027567,104.244.42.0-255,66,258644,50,264514
29395,0.027615,104.244.42.0-255,66,258710,50,264514
29396,0.029142,74.125.200.0-255,5738,264448,50,264514
29397,0.029148,172.31.46.0-255,66,264514,50,264514
29398,0.0,74.125.24.0-255,146,146,50,232415
29399,1.9e-05,172.31.46.0-255,66,212,50,232415
29400,2.6e-05,74.125.24.0-255,1484,1696,50,232415
29401,3.1e-05,172.31.46.0-255,66,1762,50,232415
29402,3.7e-05,74.125.24.0-255,2902,4664,50,232415
29403,4.1e-05,172.31.46.0-255,66,4730,50,232415
29404,4.9e-05,74.125.24.0-255,7156,11886,50,232415
29405,5.3e-05,172.31.46.0-255,66,11952,50,232415
29406,5.7e-05,74.125.24.0-255,2086,14038,50,232415
29407,6e-05,172.31.46.0-255,66,14104,50,232415
29408,8.6e-05,74.125.24.0-255,1484,15588,50,232415
29409,8.8e-05,172.31.46.0-255,66,15654,50,232415
29410,0.000114,74.125.24.0-255,7156,22810,50,232415
29411,0.000116,172.31.46.0-255,66,22876,50,232415
29412,0.00015,74.125.24.0-255,2902,25778,50,232415
29413,0.000152,172.31.46.0-255,66,25844,50,232415
29414,0.000175,74.125.24.0-255,5379,31223,50,232415
29415,0.000178,172.31.46.0-255,66,31289,50,232415
29416,0.000256,74.125.24.0-255,1484,32773,50,232415
29417,0.000259,172.31.46.0-255,66,32839,50,232415
29418,0.000264,74.125.24.0-255,2902,35741,50,232415
29419,0.000266,172.31.46.0-255,66,35807,50,232415
29420,0.000273,74.125.24.0-255,5738,41545,50,232415
29421,0.000275,172.31.46.0-255,66,41611,50,232415
29422,0.000297,74.125.24.0-255,1484,43095,50,232415
29423,0.000299,172.31.46.0-255,66,43161,50,232415
29424,0.000331,172.31.46.0-255,66,43227,50,232415
29425,0.00037,74.125.24.0-255,7156,50383,50,232415
29426,0.000373,172.31.46.0-255,66,50449,50,232415
29427,0.000394,74.125.24.0-255,4267,54716,50,232415
29428,0.000397,172.31.46.0-255,66,54782,50,232415
29429,0.0004,74.125.24.0-255,114,54896,50,232415
29430,0.000422,74.125.24.0-255,1484,56380,50,232415
29431,0.000424,172.31.46.0-255,66,56446,50,232415
29432,0.000427,74.125.24.0-255,1484,57930,50,232415
29433,0.000439,74.125.24.0-255,1484,59414,50,232415
29434,0.000441,172.31.46.0-255,66,59480,50,232415
29435,0.000455,74.125.24.0-255,4320,63800,50,232415
29436,0.000457,172.31.46.0-255,66,63866,50,232415
29437,0.000478,74.125.24.0-255,2902,66768,50,232415
29438,0.00048,172.31.46.0-255,66,66834,50,232415
29439,0.000504,74.125.24.0-255,5065,71899,50,232415
29440,0.000506,172.31.46.0-255,66,71965,50,232415
29441,0.001057,74.125.24.0-255,1484,73449,50,232415
29442,0.001063,74.125.24.0-255,2902,76351,50,232415
29443,0.001066,172.31.46.0-255,66,76417,50,232415
29444,0.001073,74.125.24.0-255,5738,82155,50,232415
29445,0.001075,172.31.46.0-255,66,82221,50,232415
29446,0.001089,74.125.24.0-255,4320,86541,50,232415
29447,0.001092,172.31.46.0-255,66,86607,50,232415
29448,0.001107,74.125.24.0-255,4320,90927,50,232415
29449,0.001109,172.31.46.0-255,66,90993,50,232415
29450,0.001172,172.31.46.0-255,66,91059,50,232415
29451,0.001449,74.125.24.0-255,1484,92543,50,232415
29452,0.001455,74.125.24.0-255,2902,95445,50,232415
29453,0.001457,172.31.46.0-255,66,95511,50,232415
29454,0.001481,74.125.24.0-255,5738,101249,50,232415
29455,0.001483,172.31.46.0-255,66,101315,50,232415
29456,0.00149,74.125.24.0-255,7156,108471,50,232415
29457,0.001492,172.31.46.0-255,66,108537,50,232415
29458,0.001507,74.125.24.0-255,5738,114275,50,232415
29459,0.001509,172.31.46.0-255,66,114341,50,232415
29460,0.001512,74.125.24.0-255,1484,115825,50,232415
29461,0.001549,74.125.24.0-255,4320,120145,50,232415
29462,0.001552,172.31.46.0-255,66,120211,50,232415
29463,0.001571,74.125.24.0-255,5020,125231,50,232415
29464,0.001574,172.31.46.0-255,66,125297,50,232415
29465,0.001883,74.125.24.0-255,1484,126781,50,232415
29466,0.001898,74.125.24.0-255,2902,129683,50,232415
29467,0.001901,172.31.46.0-255,66,129749,50,232415
29468,0.001907,74.125.24.0-255,5738,135487,50,232415
29469,0.001909,172.31.46.0-255,66,135553,50,232415
29470,0.001949,74.125.24.0-255,5738,141291,50,232415
29471,0.001951,172.31.46.0-255,66,141357,50,232415
29472,0.001957,74.125.24.0-255,7156,148513,50,232415
29473,0.001959,172.31.46.0-255,66,148579,50,232415
29474,0.002004,172.31.46.0-255,66,148645,50,232415
29475,0.002006,74.125.24.0-255,766,149411,50,232415
29476,0.002223,172.31.46.0-255,66,149477,50,232415
29477,0.002251,74.125.24.0-255,1484,150961,50,232415
29478,0.002268,74.125.24.0-255,2902,153863,50,232415
29479,0.002271,172.31.46.0-255,66,153929,50,232415
29480,0.00229,74.125.24.0-255,5738,159667,50,232415
29481,0.002292,172.31.46.0-255,66,159733,50,232415
29482,0.00232,74.125.24.0-255,2902,162635,50,232415
29483,0.002322,172.31.46.0-255,66,162701,50,232415
29484,0.002345,172.31.46.0-255,66,162767,50,232415
29485,0.002351,74.125.24.0-255,5738,168505,50,232415
29486,0.002353,172.31.46.0-255,66,168571,50,232415
29487,0.004663,74.125.24.0-255,5738,174309,50,232415
29488,0.00467,172.31.46.0-255,66,174375,50,232415
29489,0.006954,74.125.24.0-255,5738,180113,50,232415
29490,0.006959,172.31.46.0-255,66,180179,50,232415
29491,0.009279,74.125.24.0-255,5738,185917,50,232415
29492,0.009286,172.31.46.0-255,66,185983,50,232415
29493,0.011612,74.125.24.0-255,5738,191721,50,232415
29494,0.011619,172.31.46.0-255,66,191787,50,232415
29495,0.013942,74.125.24.0-255,5738,197525,50,232415
29496,0.013952,172.31.46.0-255,66,197591,50,232415
29497,0.016279,74.125.24.0-255,5738,203329,50,232415
29498,0.016286,172.31.46.0-255,66,203395,50,232415
29499,0.018622,74.125.24.0-255,5738,209133,50,232415
29500,0.018631,172.31.46.0-255,66,209199,50,232415
29501,0.020961,74.125.24.0-255,5738,214937,50,232415
29502,0.020969,172.31.46.0-255,66,215003,50,232415
29503,0.023267,74.125.24.0-255,5738,220741,50,232415
29504,0.023275,172.31.46.0-255,66,220807,50,232415
29505,0.025608,74.125.24.0-255,5738,226545,50,232415
29506,0.025615,172.31.46.0-255,66,226611,50,232415
29507,0.02792,74.125.24.0-255,5738,232349,50,232415
29508,0.027927,172.31.46.0-255,66,232415,50,232415
29509,0.0,74.125.24.0-255,146,146,50,172396
29510,2.7e-05,172.31.46.0-255,66,212,50,172396
29511,3.5e-05,74.125.24.0-255,1484,1696,50,172396
29512,4e-05,172.31.46.0-255,66,1762,50,172396
29513,5.3e-05,74.125.24.0-255,2902,4664,50,172396
29514,5.7e-05,172.31.46.0-255,66,4730,50,172396
29515,6e-05,74.125.24.0-255,1484,6214,50,172396
29516,6.3e-05,172.31.46.0-255,66,6280,50,172396
29517,6.8e-05,74.125.24.0-255,2902,9182,50,172396
29518,7.1e-05,172.31.46.0-255,66,9248,50,172396
29519,7.7e-05,74.125.24.0-255,4849,14097,50,172396
29520,8e-05,172.31.46.0-255,66,14163,50,172396
29521,8.6e-05,74.125.24.0-255,5738,19901,50,172396
29522,8.9e-05,172.31.46.0-255,66,19967,50,172396
29523,9.4e-05,74.125.24.0-255,2902,22869,50,172396
29524,9.8e-05,172.31.46.0-255,66,22935,50,172396
29525,0.000134,74.125.24.0-255,7156,30091,50,172396
29526,0.000137,172.31.46.0-255,66,30157,50,172396
29527,0.000162,74.125.24.0-255,1125,31282,50,172396
29528,0.000164,172.31.46.0-255,66,31348,50,172396
29529,0.000213,74.125.24.0-255,1484,32832,50,172396
29530,0.000216,172.31.46.0-255,66,32898,50,172396
29531,0.000239,74.125.24.0-255,2902,35800,50,172396
29532,0.000242,172.31.46.0-255,66,35866,50,172396
29533,0.000248,74.125.24.0-255,5738,41604,50,172396
29534,0.000251,172.31.46.0-255,66,41670,50,172396
29535,0.000258,74.125.24.0-255,6797,48467,50,172396
29536,0.000261,172.31.46.0-255,66,48533,50,172396
29537,0.000611,74.125.24.0-255,1484,50017,50,172396
29538,0.000616,172.31.46.0-255,66,50083,50,172396
29539,0.000623,74.125.24.0-255,2902,52985,50,172396
29540,0.000625,172.31.46.0-255,66,53051,50,172396
29541,0.000637,74.125.24.0-255,5738,58789,50,172396
29542,0.00064,172.31.46.0-255,66,58855,50,172396
29543,0.000647,74.125.24.0-255,6797,65652,50,172396
29544,0.00065,172.31.46.0-255,66,65718,50,172396
29545,0.000682,74.125.24.0-255,410,66128,50,172396
29546,0.000725,74.125.24.0-255,333,66461,50,172396
29547,0.001099,74.125.24.0-255,1484,67945,50,172396
29548,0.00113,172.31.46.0-255,66,68011,50,172396
29549,0.00114,74.125.24.0-255,2902,70913,50,172396
29550,0.00115,74.125.24.0-255,5738,76651,50,172396
29551,0.001163,172.31.46.0-255,66,76717,50,172396
29552,0.00117,172.31.46.0-255,66,76783,50,172396
29553,0.001173,172.31.46.0-255,66,76849,50,172396
29554,0.001182,74.125.24.0-255,2902,79751,50,172396
29555,0.001184,172.31.46.0-255,66,79817,50,172396
29556,0.001216,74.125.24.0-255,1484,81301,50,172396
29557,0.001229,172.31.46.0-255,66,81367,50,172396
29558,0.001732,74.125.24.0-255,1484,82851,50,172396
29559,0.001743,74.125.24.0-255,2902,85753,50,172396
29560,0.001747,172.31.46.0-255,66,85819,50,172396
29561,0.001755,74.125.24.0-255,4320,90139,50,172396
29562,0.001757,172.31.46.0-255,66,90205,50,172396
29563,0.001773,172.31.46.0-255,66,90271,50,172396
29564,0.00178,74.125.24.0-255,5738,96009,50,172396
29565,0.001782,172.31.46.0-255,66,96075,50,172396
29566,0.001829,172.31.46.0-255,66,96141,50,172396
29567,0.001834,74.125.24.0-255,2184,98325,50,172396
29568,0.001836,172.31.46.0-255,66,98391,50,172396
29569,0.004115,74.125.24.0-255,5738,104129,50,172396
29570,0.004134,172.31.46.0-255,66,104195,50,172396
29571,0.006417,74.125.24.0-255,5738,109933,50,172396
29572,0.006434,172.31.46.0-255,66,109999,50,172396
29573,0.008688,74.125.24.0-255,5738,115737,50,172396
29574,0.008697,172.31.46.0-255,66,115803,50,172396
29575,0.010998,74.125.24.0-255,5738,121541,50,172396
29576,0.011017,172.31.46.0-255,66,121607,50,172396
29577,0.013313,74.125.24.0-255,5738,127345,50,172396
29578,0.013329,172.31.46.0-255,66,127411,50,172396
29579,0.015586,74.125.24.0-255,5738,133149,50,172396
29580,0.015603,172.31.46.0-255,66,133215,50,172396
29581,0.017929,74.125.24.0-255,5738,138953,50,172396
29582,0.017941,172.31.46.0-255,66,139019,50,172396
29583,0.020282,74.125.24.0-255,5738,144757,50,172396
29584,0.020293,172.31.46.0-255,66,144823,50,172396
29585,0.021781,172.31.46.0-255,172,144995,50,172396
29586,0.021823,172.31.46.0-255,1114,146109,50,172396
29587,0.021881,172.31.46.0-255,1514,147623,50,172396
29588,0.021883,172.31.46.0-255,1293,148916,50,172396
29589,0.022711,74.125.24.0-255,5738,154654,50,172396
29590,0.022722,172.31.46.0-255,66,154720,50,172396
29591,0.023331,104.244.42.0-255,66,154786,50,172396
29592,0.023379,104.244.42.0-255,66,154852,50,172396
29593,0.023405,104.244.42.0-255,66,154918,50,172396
29594,0.025027,74.125.24.0-255,5738,160656,50,172396
29595,0.025035,172.31.46.0-255,66,160722,50,172396
29596,0.027341,74.125.24.0-255,5738,166460,50,172396
29597,0.027348,172.31.46.0-255,66,166526,50,172396
29598,0.029656,74.125.24.0-255,4320,170846,50,172396
29599,0.029665,172.31.46.0-255,66,170912,50,172396
29600,0.029703,74.125.24.0-255,1484,172396,50,172396
29601,0.0,74.125.24.0-255,152,152,50,276143
29602,2.3e-05,172.31.46.0-255,66,218,50,276143
29603,3e-05,74.125.24.0-255,1484,1702,50,276143
29604,3.4e-05,172.31.46.0-255,66,1768,50,276143
29605,4e-05,74.125.24.0-255,2902,4670,50,276143
29606,5.4e-05,172.31.46.0-255,66,4736,50,276143
29607,6.2e-05,74.125.24.0-255,7156,11892,50,276143
29608,6.6e-05,172.31.46.0-255,66,11958,50,276143
29609,7.1e-05,74.125.24.0-255,3393,15351,50,276143
29610,7.4e-05,172.31.46.0-255,66,15417,50,276143
29611,8.9e-05,172.31.46.0-255,66,15483,50,276143
29612,0.000119,74.125.24.0-255,2543,18026,50,276143
29613,0.000122,172.31.46.0-255,66,18092,50,276143
29614,0.000127,74.125.24.0-255,2902,20994,50,276143
29615,0.000129,172.31.46.0-255,66,21060,50,276143
29616,0.000134,74.125.24.0-255,2902,23962,50,276143
29617,0.000136,172.31.46.0-255,66,24028,50,276143
29618,0.000169,74.125.24.0-255,4320,28348,50,276143
29619,0.000172,172.31.46.0-255,66,28414,50,276143
29620,0.000177,74.125.24.0-255,4320,32734,50,276143
29621,0.00018,172.31.46.0-255,66,32800,50,276143
29622,0.000231,74.125.24.0-255,2543,35343,50,276143
29623,0.000233,172.31.46.0-255,66,35409,50,276143
29624,0.000239,74.125.24.0-255,2902,38311,50,276143
29625,0.000241,172.31.46.0-255,66,38377,50,276143
29626,0.000248,74.125.24.0-255,7156,45533,50,276143
29627,0.00025,172.31.46.0-255,66,45599,50,276143
29628,0.000256,74.125.24.0-255,4320,49919,50,276143
29629,0.000258,172.31.46.0-255,66,49985,50,276143
29630,0.000294,74.125.24.0-255,2833,52818,50,276143
29631,0.000297,172.31.46.0-255,66,52884,50,276143
29632,0.000299,74.125.24.0-255,386,53270,50,276143
29633,0.000349,74.125.24.0-255,1484,54754,50,276143
29634,0.000351,172.31.46.0-255,66,54820,50,276143
29635,0.000358,74.125.24.0-255,2902,57722,50,276143
29636,0.00036,172.31.46.0-255,66,57788,50,276143
29637,0.000395,74.125.24.0-255,5738,63526,50,276143
29638,0.000398,172.31.46.0-255,66,63592,50,276143
29639,0.000401,74.125.24.0-255,1484,65076,50,276143
29640,0.000439,172.31.46.0-255,66,65142,50,276143
29641,0.000442,74.125.24.0-255,1484,66626,50,276143
29642,0.000466,172.31.46.0-255,66,66692,50,276143
29643,0.000534,74.125.24.0-255,1484,68176,50,276143
29644,0.000537,74.125.24.0-255,1484,69660,50,276143
29645,0.000539,172.31.46.0-255,66,69726,50,276143
29646,0.000556,74.125.24.0-255,1484,71210,50,276143
29647,0.000562,74.125.24.0-255,5738,76948,50,276143
29648,0.000564,172.31.46.0-255,66,77014,50,276143
29649,0.000577,74.125.24.0-255,1484,78498,50,276143
29650,0.000609,172.31.46.0-255,66,78564,50,276143
29651,0.000619,172.31.46.0-255,66,78630,50,276143
29652,0.001003,74.125.24.0-255,1484,80114,50,276143
29653,0.001008,74.125.24.0-255,2902,83016,50,276143
29654,0.00101,172.31.46.0-255,66,83082,50,276143
29655,0.001039,74.125.24.0-255,5738,88820,50,276143
29656,0.001042,172.31.46.0-255,66,88886,50,276143
29657,0.001048,74.125.24.0-255,7156,96042,50,276143
29658,0.00105,172.31.46.0-255,66,96108,50,276143
29659,0.001085,74.125.24.0-255,5738,101846,50,276143
29660,0.001088,172.31.46.0-255,66,101912,50,276143
29661,0.001097,172.31.46.0-255,66,101978,50,276143
29662,0.0011,74.125.24.0-255,1484,103462,50,276143
29663,0.001122,74.125.24.0-255,766,104228,50,276143
29664,0.001124,172.31.46.0-255,66,104294,50,276143
29665,0.001179,74.125.24.0-255,1484,105778,50,276143
29666,0.001184,74.125.24.0-255,2902,108680,50,276143
29667,0.001186,172.31.46.0-255,66,108746,50,276143
29668,0.001208,74.125.24.0-255,5738,114484,50,276143
29669,0.00121,172.31.46.0-255,66,114550,50,276143
29670,0.001214,74.125.24.0-255,2902,117452,50,276143
29671,0.001216,172.31.46.0-255,66,117518,50,276143
29672,0.001237,74.125.24.0-255,4320,121838,50,276143
29673,0.001239,172.31.46.0-255,66,121904,50,276143
29674,0.001249,172.31.46.0-255,66,121970,50,276143
29675,0.001285,74.125.24.0-255,5738,127708,50,276143
29676,0.001288,172.31.46.0-255,66,127774,50,276143
29677,0.001297,172.31.46.0-255,66,127840,50,276143
29678,0.001302,74.125.24.0-255,4320,132160,50,276143
29679,0.001304,172.31.46.0-255,66,132226,50,276143
29680,0.001358,172.31.46.0-255,66,132292,50,276143
29681,0.001363,74.125.24.0-255,3602,135894,50,276143
29682,0.001366,172.31.46.0-255,66,135960,50,276143
29683,0.001691,74.125.24.0-255,1484,137444,50,276143
29684,0.001696,74.125.24.0-255,1484,138928,50,276143
29685,0.001699,172.31.46.0-255,66,138994,50,276143
29686,0.001725,74.125.24.0-255,1484,140478,50,276143
29687,0.001731,74.125.24.0-255,5738,146216,50,276143
29688,0.001733,172.31.46.0-255,66,146282,50,276143
29689,0.001737,74.125.24.0-255,1484,147766,50,276143
29690,0.001756,172.31.46.0-255,66,147832,50,276143
29691,0.001793,172.31.46.0-255,66,147898,50,276143
29692,0.00193,74.125.24.0-255,1484,149382,50,276143
29693,0.001935,74.125.24.0-255,2902,152284,50,276143
29694,0.001938,172.31.46.0-255,66,152350,50,276143
29695,0.001942,74.125.24.0-255,2902,155252,50,276143
29696,0.001944,172.31.46.0-255,66,155318,50,276143
29697,0.001965,74.125.24.0-255,2902,158220,50,276143
29698,0.001967,172.31.46.0-255,66,158286,50,276143
29699,0.001972,74.125.24.0-255,5738,164024,50,276143
29700,0.001974,172.31.46.0-255,66,164090,50,276143
29701,0.002014,74.125.24.0-255,7156,171246,50,276143
29702,0.002017,172.31.46.0-255,66,171312,50,276143
29703,0.002024,74.125.24.0-255,7156,178468,50,276143
29704,0.002025,172.31.46.0-255,66,178534,50,276143
29705,0.002045,74.125.24.0-255,3602,182136,50,276143
29706,0.002048,172.31.46.0-255,66,182202,50,276143
29707,0.002077,74.125.24.0-255,1484,183686,50,276143
29708,0.00208,74.125.24.0-255,1484,185170,50,276143
29709,0.002082,172.31.46.0-255,66,185236,50,276143
29710,0.002105,74.125.24.0-255,1484,186720,50,276143
29711,0.002111,74.125.24.0-255,5738,192458,50,276143
29712,0.002113,172.31.46.0-255,66,192524,50,276143
29713,0.002118,74.125.24.0-255,5738,198262,50,276143
29714,0.00212,172.31.46.0-255,66,198328,50,276143
29715,0.002152,74.125.24.0-255,7156,205484,50,276143
29716,0.002155,172.31.46.0-255,66,205550,50,276143
29717,0.002165,172.31.46.0-255,66,205616,50,276143
29718,0.002203,74.125.24.0-255,2184,207800,50,276143
29719,0.002206,172.31.46.0-255,66,207866,50,276143
29720,0.00232,74.125.24.0-255,1484,209350,50,276143
29721,0.002324,74.125.24.0-255,1484,210834,50,276143
29722,0.002327,172.31.46.0-255,66,210900,50,276143
29723,0.002353,74.125.24.0-255,1484,212384,50,276143
29724,0.002359,74.125.24.0-255,5738,218122,50,276143
29725,0.002361,172.31.46.0-255,66,218188,50,276143
29726,0.002366,74.125.24.0-255,4320,222508,50,276143
29727,0.002367,172.31.46.0-255,66,222574,50,276143
29728,0.0024,172.31.46.0-255,66,222640,50,276143
29729,0.004762,74.125.24.0-255,5738,228378,50,276143
29730,0.004769,172.31.46.0-255,66,228444,50,276143
29731,0.007101,74.125.24.0-255,5738,234182,50,276143
29732,0.007108,172.31.46.0-255,66,234248,50,276143
29733,0.009466,74.125.24.0-255,5738,239986,50,276143
29734,0.009474,172.31.46.0-255,66,240052,50,276143
29735,0.011808,74.125.24.0-255,5738,245790,50,276143
29736,0.011815,172.31.46.0-255,66,245856,50,276143
29737,0.014143,74.125.24.0-255,5738,251594,50,276143
29738,0.014152,172.31.46.0-255,66,251660,50,276143
29739,0.016521,74.125.24.0-255,5738,257398,50,276143
29740,0.016529,172.31.46.0-255,66,257464,50,276143
29741,0.018904,74.125.24.0-255,5738,263202,50,276143
29742,0.018911,172.31.46.0-255,66,263268,50,276143
29743,0.021234,74.125.24.0-255,5738,269006,50,276143
29744,0.02124,172.31.46.0-255,66,269072,50,276143
29745,0.023557,74.125.24.0-255,5738,274810,50,276143
29746,0.023564,172.31.46.0-255,66,274876,50,276143
29747,0.025847,74.125.24.0-255,571,275447,50,276143
29748,0.025993,172.31.46.0-255,105,275552,50,276143
29749,0.026028,172.31.46.0-255,105,275657,50,276143
29750,0.026321,172.31.46.0-255,90,275747,50,276143
29751,0.026332,172.31.46.0-255,66,275813,50,276143
29752,0.028289,74.125.24.0-255,66,275879,50,276143
29753,0.028359,74.125.24.0-255,66,275945,50,276143
29754,0.028664,74.125.24.0-255,66,276011,50,276143
29755,0.028671,74.125.24.0-255,66,276077,50,276143
29756,0.028679,172.31.46.0-255,66,276143,50,276143
29757,0.0,172.217.194.0-255,152,152,50,209312
29758,2.2e-05,172.31.46.0-255,66,218,50,209312
29759,2.9e-05,172.217.194.0-255,1484,1702,50,209312
29760,3.3e-05,172.31.46.0-255,66,1768,50,209312
29761,3.9e-05,172.217.194.0-255,2902,4670,50,209312
29762,4.9e-05,172.31.46.0-255,66,4736,50,209312
29763,5.9e-05,172.217.194.0-255,7156,11892,50,209312
29764,6.3e-05,172.31.46.0-255,66,11958,50,209312
29765,6.7e-05,172.217.194.0-255,2043,14001,50,209312
29766,7e-05,172.31.46.0-255,66,14067,50,209312
29767,0.000103,172.217.194.0-255,2902,16969,50,209312
29768,0.000106,172.31.46.0-255,66,17035,50,209312
29769,0.000113,172.217.194.0-255,7156,24191,50,209312
29770,0.000116,172.31.46.0-255,66,24257,50,209312
29771,0.000119,172.217.194.0-255,1484,25741,50,209312
29772,0.000121,172.31.46.0-255,66,25807,50,209312
29773,0.000155,172.217.194.0-255,5379,31186,50,209312
29774,0.000158,172.31.46.0-255,66,31252,50,209312
29775,0.000246,172.217.194.0-255,1484,32736,50,209312
29776,0.000249,172.31.46.0-255,66,32802,50,209312
29777,0.000254,172.217.194.0-255,2902,35704,50,209312
29778,0.000256,172.31.46.0-255,66,35770,50,209312
29779,0.000289,172.217.194.0-255,5738,41508,50,209312
29780,0.000292,172.31.46.0-255,66,41574,50,209312
29781,0.000332,172.31.46.0-255,66,41640,50,209312
29782,0.000343,172.31.46.0-255,66,41706,50,209312
29783,0.000351,172.217.194.0-255,380,42086,50,209312
29784,0.000353,172.31.46.0-255,66,42152,50,209312
29785,0.000411,172.217.194.0-255,100,42252,50,209312
29786,0.000414,172.31.46.0-255,66,42318,50,209312
29787,0.000475,172.217.194.0-255,1484,43802,50,209312
29788,0.000482,172.217.194.0-255,2902,46704,50,209312
29789,0.000497,172.217.194.0-255,1484,48188,50,209312
29790,0.000513,172.217.194.0-255,4320,52508,50,209312
29791,0.000518,172.217.194.0-255,4320,56828,50,209312
29792,0.000532,172.217.194.0-255,2543,59371,50,209312
29793,0.000587,172.217.194.0-255,2902,62273,50,209312
29794,0.000591,172.217.194.0-255,2543,64816,50,209312
29795,0.000629,172.31.46.0-255,66,64882,50,209312
29796,0.001193,172.217.194.0-255,1484,66366,50,209312
29797,0.00121,172.217.194.0-255,2902,69268,50,209312
29798,0.001214,172.31.46.0-255,66,69334,50,209312
29799,0.001221,172.217.194.0-255,5738,75072,50,209312
29800,0.001245,172.217.194.0-255,7156,82228,50,209312
29801,0.001256,172.217.194.0-255,2902,85130,50,209312
29802,0.001282,172.217.194.0-255,2902,88032,50,209312
29803,0.001285,172.217.194.0-255,2184,90216,50,209312
29804,0.001289,172.31.46.0-255,66,90282,50,209312
29805,0.0013,172.31.46.0-255,66,90348,50,209312
29806,0.001347,172.217.194.0-255,1484,91832,50,209312
29807,0.00135,172.217.194.0-255,1484,93316,50,209312
29808,0.00136,172.217.194.0-255,1484,94800,50,209312
29809,0.001365,172.217.194.0-255,2902,97702,50,209312
29810,0.00137,172.31.46.0-255,66,97768,50,209312
29811,0.001394,172.217.194.0-255,2902,100670,50,209312
29812,0.001409,172.217.194.0-255,2902,103572,50,209312
29813,0.001427,172.217.194.0-255,5738,109310,50,209312
29814,0.001432,172.31.46.0-255,66,109376,50,209312
29815,0.001458,172.217.194.0-255,3602,112978,50,209312
29816,0.001469,172.31.46.0-255,66,113044,50,209312
29817,0.00148,172.217.194.0-255,1484,114528,50,209312
29818,0.001483,172.217.194.0-255,1484,116012,50,209312
29819,0.001505,172.217.194.0-255,1484,117496,50,209312
29820,0.001511,172.217.194.0-255,5738,123234,50,209312
29821,0.001519,172.31.46.0-255,66,123300,50,209312
29822,0.001545,172.217.194.0-255,5738,129038,50,209312
29823,0.00155,172.31.46.0-255,66,129104,50,209312
29824,0.00157,172.217.194.0-255,5020,134124,50,209312
29825,0.001582,172.31.46.0-255,66,134190,50,209312
29826,0.001689,172.217.194.0-255,1484,135674,50,209312
29827,0.001694,172.217.194.0-255,1484,137158,50,209312
29828,0.001707,172.217.194.0-255,1484,138642,50,209312
29829,0.001713,172.217.194.0-255,5738,144380,50,209312
29830,0.001753,172.31.46.0-255,66,144446,50,209312
29831,0.001791,172.217.194.0-255,766,145212,50,209312
29832,0.001814,172.31.46.0-255,66,145278,50,209312
29833,0.001886,172.217.194.0-255,1484,146762,50,209312
29834,0.001892,172.217.194.0-255,2902,149664,50,209312
29835,0.001898,172.31.46.0-255,66,149730,50,209312
29836,0.001926,172.217.194.0-255,5738,155468,50,209312
29837,0.001936,172.31.46.0-255,66,155534,50,209312
29838,0.001984,172.31.46.0-255,66,155600,50,209312
29839,0.002044,172.31.46.0-255,66,155666,50,209312
29840,0.00207,172.217.194.0-255,5738,161404,50,209312
29841,0.002077,172.31.46.0-255,66,161470,50,209312
29842,0.002141,172.31.46.0-255,66,161536,50,209312
29843,0.002174,172.31.46.0-255,66,161602,50,209312
29844,0.002212,172.31.46.0-255,66,161668,50,209312
29845,0.004301,172.217.194.0-255,5738,167406,50,209312
29846,0.004307,172.31.46.0-255,66,167472,50,209312
29847,0.006396,172.217.194.0-255,5738,173210,50,209312
29848,0.007924,172.31.46.0-255,66,173276,50,209312
29849,0.010025,172.217.194.0-255,5738,179014,50,209312
29850,0.010032,172.31.46.0-255,66,179080,50,209312
29851,0.012135,172.217.194.0-255,5738,184818,50,209312
29852,0.012143,172.31.46.0-255,66,184884,50,209312
29853,0.014288,172.217.194.0-255,5738,190622,50,209312
29854,0.0143,172.31.46.0-255,66,190688,50,209312
29855,0.016415,172.217.194.0-255,5738,196426,50,209312
29856,0.016431,172.31.46.0-255,66,196492,50,209312
29857,0.018538,172.217.194.0-255,5738,202230,50,209312
29858,0.018551,172.31.46.0-255,66,202296,50,209312
29859,0.020633,172.217.194.0-255,5738,208034,50,209312
29860,0.020641,172.31.46.0-255,66,208100,50,209312
29861,0.022741,172.217.194.0-255,975,209075,50,209312
29862,0.02287,172.31.46.0-255,66,209141,50,209312
29863,0.022909,172.31.46.0-255,105,209246,50,209312
29864,0.024974,172.217.194.0-255,66,209312,50,209312
29865,0.0,74.125.68.0-255,146,146,50,198749
29866,1.3e-05,172.31.46.0-255,66,212,50,198749
29867,1.9e-05,74.125.68.0-255,1484,1696,50,198749
29868,2.3e-05,172.31.46.0-255,66,1762,50,198749
29869,2.6e-05,74.125.68.0-255,1484,3246,50,198749
29870,2.9e-05,172.31.46.0-255,66,3312,50,198749
29871,5.2e-05,74.125.68.0-255,1484,4796,50,198749
29872,5.5e-05,172.31.46.0-255,66,4862,50,198749
29873,8e-05,74.125.68.0-255,7156,12018,50,198749
29874,8.2e-05,172.31.46.0-255,66,12084,50,198749
29875,8.6e-05,74.125.68.0-255,1977,14061,50,198749
29876,8.7e-05,172.31.46.0-255,66,14127,50,198749
29877,0.000131,74.125.68.0-255,1484,15611,50,198749
29878,0.000134,172.31.46.0-255,66,15677,50,198749
29879,0.000154,74.125.68.0-255,2902,18579,50,198749
29880,0.000156,172.31.46.0-255,66,18645,50,198749
29881,0.000159,74.125.68.0-255,1484,20129,50,198749
29882,0.00016,172.31.46.0-255,66,20195,50,198749
29883,0.000182,74.125.68.0-255,4320,24515,50,198749
29884,0.000185,172.31.46.0-255,66,24581,50,198749
29885,0.000187,74.125.68.0-255,1484,26065,50,198749
29886,0.000189,172.31.46.0-255,66,26131,50,198749
29887,0.000214,74.125.68.0-255,5379,31510,50,198749
29888,0.000216,172.31.46.0-255,66,31576,50,198749
29889,0.00022,74.125.68.0-255,2902,34478,50,198749
29890,0.000222,172.31.46.0-255,66,34544,50,198749
29891,0.000226,74.125.68.0-255,2902,37446,50,198749
29892,0.000228,172.31.46.0-255,66,37512,50,198749
29893,0.000238,74.125.68.0-255,1484,38996,50,198749
29894,0.00024,172.31.46.0-255,66,39062,50,198749
29895,0.000243,74.125.68.0-255,1484,40546,50,198749
29896,0.000245,172.31.46.0-255,66,40612,50,198749
29897,0.000262,74.125.68.0-255,7156,47768,50,198749
29898,0.000264,172.31.46.0-255,66,47834,50,198749
29899,0.000285,74.125.68.0-255,1125,48959,50,198749
29900,0.000337,74.125.68.0-255,1484,50443,50,198749
29901,0.00034,172.31.46.0-255,66,50509,50,198749
29902,0.000351,74.125.68.0-255,2902,53411,50,198749
29903,0.000354,172.31.46.0-255,66,53477,50,198749
29904,0.000378,74.125.68.0-255,4320,57797,50,198749
29905,0.00038,172.31.46.0-255,66,57863,50,198749
29906,0.000386,74.125.68.0-255,5738,63601,50,198749
29907,0.000416,74.125.68.0-255,2543,66144,50,198749
29908,0.000446,74.125.68.0-255,647,66791,50,198749
29909,0.000456,172.31.46.0-255,66,66857,50,198749
29910,0.000531,74.125.68.0-255,1484,68341,50,198749
29911,0.000536,74.125.68.0-255,1484,69825,50,198749
29912,0.000545,74.125.68.0-255,1484,71309,50,198749
29913,0.000559,74.125.68.0-255,2902,74211,50,198749
29914,0.000564,172.31.46.0-255,66,74277,50,198749
29915,0.000578,74.125.68.0-255,2902,77179,50,198749
29916,0.000583,74.125.68.0-255,2902,80081,50,198749
29917,0.000595,172.31.46.0-255,66,80147,50,198749
29918,0.000607,74.125.68.0-255,1484,81631,50,198749
29919,0.000631,74.125.68.0-255,4320,85951,50,198749
29920,0.000638,172.31.46.0-255,66,86017,50,198749
29921,0.000675,74.125.68.0-255,5379,91396,50,198749
29922,0.000714,172.31.46.0-255,66,91462,50,198749
29923,0.001052,74.125.68.0-255,1484,92946,50,198749
29924,0.001075,74.125.68.0-255,2902,95848,50,198749
29925,0.001078,172.31.46.0-255,66,95914,50,198749
29926,0.001081,74.125.68.0-255,1484,97398,50,198749
29927,0.001098,74.125.68.0-255,4320,101718,50,198749
29928,0.0011,172.31.46.0-255,66,101784,50,198749
29929,0.001121,74.125.68.0-255,7156,108940,50,198749
29930,0.001123,172.31.46.0-255,66,109006,50,198749
29931,0.001149,74.125.68.0-255,1484,110490,50,198749
29932,0.001159,74.125.68.0-255,1484,111974,50,198749
29933,0.001163,172.31.46.0-255,66,112040,50,198749
29934,0.001184,74.125.68.0-255,3602,115642,50,198749
29935,0.001188,172.31.46.0-255,66,115708,50,198749
29936,0.002262,74.125.68.0-255,1484,117192,50,198749
29937,0.002274,74.125.68.0-255,2902,120094,50,198749
29938,0.002279,172.31.46.0-255,66,120160,50,198749
29939,0.002286,74.125.68.0-255,4320,124480,50,198749
29940,0.002288,172.31.46.0-255,66,124546,50,198749
29941,0.002302,74.125.68.0-255,1484,126030,50,198749
29942,0.002309,74.125.68.0-255,5738,131768,50,198749
29943,0.002311,172.31.46.0-255,66,131834,50,198749
29944,0.002315,74.125.68.0-255,1484,133318,50,198749
29945,0.00463,74.125.68.0-255,4320,137638,50,198749
29946,0.004635,172.31.46.0-255,66,137704,50,198749
29947,0.006949,74.125.68.0-255,5738,143442,50,198749
29948,0.006954,172.31.46.0-255,66,143508,50,198749
29949,0.009262,74.125.68.0-255,4320,147828,50,198749
29950,0.00927,172.31.46.0-255,66,147894,50,198749
29951,0.00929,74.125.68.0-255,1484,149378,50,198749
29952,0.011582,74.125.68.0-255,4320,153698,50,198749
29953,0.01159,172.31.46.0-255,66,153764,50,198749
29954,0.013927,74.125.68.0-255,5738,159502,50,198749
29955,0.013938,172.31.46.0-255,66,159568,50,198749
29956,0.016247,74.125.68.0-255,5738,165306,50,198749
29957,0.016253,172.31.46.0-255,66,165372,50,198749
29958,0.018569,74.125.68.0-255,5738,171110,50,198749
29959,0.018576,172.31.46.0-255,66,171176,50,198749
29960,0.020887,74.125.68.0-255,5738,176914,50,198749
29961,0.020896,172.31.46.0-255,66,176980,50,198749
29962,0.023201,74.125.68.0-255,5738,182718,50,198749
29963,0.023208,172.31.46.0-255,66,182784,50,198749
29964,0.023708,172.31.46.0-255,172,182956,50,198749
29965,0.023738,172.31.46.0-255,1112,184068,50,198749
29966,0.023799,172.31.46.0-255,1514,185582,50,198749
29967,0.0238,172.31.46.0-255,1295,186877,50,198749
29968,0.025293,104.244.42.0-255,66,186943,50,198749
29969,0.025321,104.244.42.0-255,66,187009,50,198749
29970,0.025363,104.244.42.0-255,66,187075,50,198749
29971,0.025541,74.125.68.0-255,1484,188559,50,198749
29972,0.025569,74.125.68.0-255,4320,192879,50,198749
29973,0.025575,172.31.46.0-255,66,192945,50,198749
29974,0.027901,74.125.68.0-255,5738,198683,50,198749
29975,0.027907,172.31.46.0-255,66,198749,50,198749
29976,0.0,74.125.24.0-255,156,156,50,171074
29977,2.6e-05,172.31.46.0-255,66,222,50,171074
29978,3.4e-05,74.125.24.0-255,1484,1706,50,171074
29979,3.9e-05,172.31.46.0-255,66,1772,50,171074
29980,5.2e-05,74.125.24.0-255,2902,4674,50,171074
29981,5.6e-05,172.31.46.0-255,66,4740,50,171074
29982,6.3e-05,74.125.24.0-255,5738,10478,50,171074
29983,6.8e-05,172.31.46.0-255,66,10544,50,171074
29984,0.000103,74.125.24.0-255,3462,14006,50,171074
29985,0.000106,172.31.46.0-255,66,14072,50,171074
29986,0.000131,74.125.24.0-255,1484,15556,50,171074
29987,0.000133,172.31.46.0-255,66,15622,50,171074
29988,0.000159,74.125.24.0-255,2902,18524,50,171074
29989,0.000161,172.31.46.0-255,66,18590,50,171074
29990,0.000168,74.125.24.0-255,5738,24328,50,171074
29991,0.000171,172.31.46.0-255,66,24394,50,171074
29992,0.000203,74.125.24.0-255,6797,31191,50,171074
29993,0.000206,172.31.46.0-255,66,31257,50,171074
29994,0.000234,74.125.24.0-255,4320,35577,50,171074
29995,0.000237,172.31.46.0-255,66,35643,50,171074
29996,0.000271,172.31.46.0-255,66,35709,50,171074
29997,0.00029,74.125.24.0-255,2543,38252,50,171074
29998,0.000292,172.31.46.0-255,66,38318,50,171074
29999,0.00066,74.125.24.0-255,1484,39802,50,171074
30000,0.000667,172.31.46.0-255,66,39868,50,171074
30001,0.000674,74.125.24.0-255,2902,42770,50,171074
30002,0.000677,172.31.46.0-255,66,42836,50,171074
30003,0.000689,74.125.24.0-255,5738,48574,50,171074
30004,0.000692,172.31.46.0-255,66,48640,50,171074
30005,0.000695,74.125.24.0-255,1484,50124,50,171074
30006,0.000697,172.31.46.0-255,66,50190,50,171074
30007,0.000746,74.125.24.0-255,5379,55569,50,171074
30008,0.000749,172.31.46.0-255,66,55635,50,171074
30009,0.000794,74.125.24.0-255,1484,57119,50,171074
30010,0.0008,74.125.24.0-255,2902,60021,50,171074
30011,0.000802,172.31.46.0-255,66,60087,50,171074
30012,0.000829,74.125.24.0-255,5738,65825,50,171074
30013,0.000832,172.31.46.0-255,66,65891,50,171074
30014,0.000868,74.125.24.0-255,1484,67375,50,171074
30015,0.000872,172.31.46.0-255,66,67441,50,171074
30016,0.000906,74.125.24.0-255,7156,74597,50,171074
30017,0.000914,74.125.24.0-255,5738,80335,50,171074
30018,0.000931,74.125.24.0-255,1704,82039,50,171074
30019,0.000934,172.31.46.0-255,66,82105,50,171074
30020,0.000939,172.31.46.0-255,66,82171,50,171074
30021,0.001197,74.125.24.0-255,1484,83655,50,171074
30022,0.001215,74.125.24.0-255,2902,86557,50,171074
30023,0.001218,172.31.46.0-255,66,86623,50,171074
30024,0.001223,74.125.24.0-255,2902,89525,50,171074
30025,0.001225,172.31.46.0-255,66,89591,50,171074
30026,0.001257,74.125.24.0-255,2902,92493,50,171074
30027,0.001297,172.31.46.0-255,66,92559,50,171074
30028,0.0013,172.31.46.0-255,66,92625,50,171074
30029,0.001303,172.31.46.0-255,66,92691,50,171074
30030,0.00254,74.125.24.0-255,1484,94175,50,171074
30031,0.002551,74.125.24.0-255,2902,97077,50,171074
30032,0.002557,172.31.46.0-255,66,97143,50,171074
30033,0.002566,74.125.24.0-255,5738,102881,50,171074
30034,0.002568,172.31.46.0-255,66,102947,50,171074
30035,0.002599,172.31.46.0-255,66,103013,50,171074
30036,0.002625,74.125.24.0-255,4320,107333,50,171074
30037,0.002627,172.31.46.0-255,66,107399,50,171074
30038,0.00263,74.125.24.0-255,1484,108883,50,171074
30039,0.002646,172.31.46.0-255,66,108949,50,171074
30040,0.005228,74.125.24.0-255,5738,114687,50,171074
30041,0.005237,172.31.46.0-255,66,114753,50,171074
30042,0.007792,74.125.24.0-255,5738,120491,50,171074
30043,0.007798,172.31.46.0-255,66,120557,50,171074
30044,0.010377,74.125.24.0-255,5738,126295,50,171074
30045,0.01039,172.31.46.0-255,66,126361,50,171074
30046,0.012967,74.125.24.0-255,5738,132099,50,171074
30047,0.012979,172.31.46.0-255,66,132165,50,171074
30048,0.015595,74.125.24.0-255,5738,137903,50,171074
30049,0.015612,172.31.46.0-255,66,137969,50,171074
30050,0.018183,74.125.24.0-255,5738,143707,50,171074
30051,0.0182,172.31.46.0-255,66,143773,50,171074
30052,0.020794,74.125.24.0-255,5738,149511,50,171074
30053,0.020807,172.31.46.0-255,66,149577,50,171074
30054,0.023381,74.125.24.0-255,5738,155315,50,171074
30055,0.023396,172.31.46.0-255,66,155381,50,171074
30056,0.025971,74.125.24.0-255,5738,161119,50,171074
30057,0.025981,172.31.46.0-255,66,161185,50,171074
30058,0.028575,74.125.24.0-255,5738,166923,50,171074
30059,0.028584,172.31.46.0-255,66,166989,50,171074
30060,0.029129,172.31.46.0-255,164,167153,50,171074
30061,0.029159,172.31.46.0-255,1122,168275,50,171074
30062,0.029224,172.31.46.0-255,1514,169789,50,171074
30063,0.029225,172.31.46.0-255,1285,171074,50,171074
30064,0.0,172.217.194.0-255,145,145,50,200519
30065,1.5e-05,172.31.46.0-255,66,211,50,200519
30066,2.2e-05,172.217.194.0-255,1484,1695,50,200519
30067,2.7e-05,172.31.46.0-255,66,1761,50,200519
30068,3.4e-05,172.217.194.0-255,2902,4663,50,200519
30069,4.5e-05,172.31.46.0-255,66,4729,50,200519
30070,5.2e-05,172.217.194.0-255,7156,11885,50,200519
30071,5.5e-05,172.31.46.0-255,66,11951,50,200519
30072,6.9e-05,172.217.194.0-255,2008,13959,50,200519
30073,7.2e-05,172.31.46.0-255,66,14025,50,200519
30074,0.000104,172.217.194.0-255,4320,18345,50,200519
30075,0.000108,172.31.46.0-255,66,18411,50,200519
30076,0.000133,172.217.194.0-255,4320,22731,50,200519
30077,0.000136,172.31.46.0-255,66,22797,50,200519
30078,0.000157,172.217.194.0-255,5738,28535,50,200519
30079,0.00016,172.31.46.0-255,66,28601,50,200519
30080,0.000188,172.217.194.0-255,2543,31144,50,200519
30081,0.00019,172.31.46.0-255,66,31210,50,200519
30082,0.00021,172.217.194.0-255,2902,34112,50,200519
30083,0.000212,172.31.46.0-255,66,34178,50,200519
30084,0.000217,172.217.194.0-255,4320,38498,50,200519
30085,0.00022,172.31.46.0-255,66,38564,50,200519
30086,0.000265,172.31.46.0-255,66,38630,50,200519
30087,0.000269,172.217.194.0-255,2543,41173,50,200519
30088,0.000271,172.31.46.0-255,66,41239,50,200519
30089,0.000287,172.31.46.0-255,66,41305,50,200519
30090,0.000319,172.217.194.0-255,4320,45625,50,200519
30091,0.000322,172.31.46.0-255,66,45691,50,200519
30092,0.000326,172.217.194.0-255,2856,48547,50,200519
30093,0.000327,172.31.46.0-255,66,48613,50,200519
30094,0.00033,172.217.194.0-255,365,48978,50,200519
30095,0.000474,172.217.194.0-255,1484,50462,50,200519
30096,0.00048,172.31.46.0-255,66,50528,50,200519
30097,0.000486,172.217.194.0-255,2902,53430,50,200519
30098,0.000489,172.31.46.0-255,66,53496,50,200519
30099,0.000494,172.217.194.0-255,4320,57816,50,200519
30100,0.000502,172.31.46.0-255,66,57882,50,200519
30101,0.000536,172.217.194.0-255,1484,59366,50,200519
30102,0.000544,172.217.194.0-255,5738,65104,50,200519
30103,0.000547,172.31.46.0-255,66,65170,50,200519
30104,0.000565,172.31.46.0-255,66,65236,50,200519
30105,0.000571,172.217.194.0-255,5020,70256,50,200519
30106,0.000574,172.31.46.0-255,66,70322,50,200519
30107,0.000911,172.217.194.0-255,1484,71806,50,200519
30108,0.000918,172.217.194.0-255,2902,74708,50,200519
30109,0.000922,172.31.46.0-255,66,74774,50,200519
30110,0.000929,172.217.194.0-255,5738,80512,50,200519
30111,0.000931,172.31.46.0-255,66,80578,50,200519
30112,0.000934,172.217.194.0-255,1484,82062,50,200519
30113,0.000968,172.31.46.0-255,66,82128,50,200519
30114,0.000986,172.31.46.0-255,66,82194,50,200519
30115,0.001132,172.217.194.0-255,1484,83678,50,200519
30116,0.001139,172.217.194.0-255,2902,86580,50,200519
30117,0.001142,172.31.46.0-255,66,86646,50,200519
30118,0.001148,172.217.194.0-255,4320,90966,50,200519
30119,0.001151,172.31.46.0-255,66,91032,50,200519
30120,0.00117,172.217.194.0-255,1484,92516,50,200519
30121,0.001186,172.31.46.0-255,66,92582,50,200519
30122,0.001224,172.217.194.0-255,4320,96902,50,200519
30123,0.001227,172.31.46.0-255,66,96968,50,200519
30124,0.001259,172.31.46.0-255,66,97034,50,200519
30125,0.001504,172.31.46.0-255,101,97135,50,200519
30126,0.001767,172.217.194.0-255,1484,98619,50,200519
30127,0.001821,172.217.194.0-255,2902,101521,50,200519
30128,0.001825,172.31.46.0-255,66,101587,50,200519
30129,0.001832,172.217.194.0-255,5738,107325,50,200519
30130,0.001835,172.31.46.0-255,66,107391,50,200519
30131,0.001853,172.31.46.0-255,66,107457,50,200519
30132,0.001896,172.31.46.0-255,66,107523,50,200519
30133,0.002098,172.217.194.0-255,1484,109007,50,200519
30134,0.002105,172.217.194.0-255,2902,111909,50,200519
30135,0.002108,172.31.46.0-255,66,111975,50,200519
30136,0.002115,172.217.194.0-255,5738,117713,50,200519
30137,0.002117,172.31.46.0-255,66,117779,50,200519
30138,0.002129,172.217.194.0-255,7156,124935,50,200519
30139,0.002131,172.31.46.0-255,66,125001,50,200519
30140,0.003523,172.217.194.0-255,66,125067,50,200519
30141,0.004197,172.217.194.0-255,5738,130805,50,200519
30142,0.004202,172.31.46.0-255,66,130871,50,200519
30143,0.006256,172.217.194.0-255,5738,136609,50,200519
30144,0.006262,172.31.46.0-255,66,136675,50,200519
30145,0.008349,172.217.194.0-255,5738,142413,50,200519
30146,0.008358,172.31.46.0-255,66,142479,50,200519
30147,0.010447,172.217.194.0-255,5738,148217,50,200519
30148,0.010453,172.31.46.0-255,66,148283,50,200519
30149,0.012534,172.217.194.0-255,5738,154021,50,200519
30150,0.012542,172.31.46.0-255,66,154087,50,200519
30151,0.014626,172.217.194.0-255,5738,159825,50,200519
30152,0.014633,172.31.46.0-255,66,159891,50,200519
30153,0.016729,172.217.194.0-255,5738,165629,50,200519
30154,0.016737,172.31.46.0-255,66,165695,50,200519
30155,0.018815,172.217.194.0-255,5738,171433,50,200519
30156,0.018825,172.31.46.0-255,66,171499,50,200519
30157,0.020882,172.217.194.0-255,5738,177237,50,200519
30158,0.020891,172.31.46.0-255,66,177303,50,200519
30159,0.02295,172.217.194.0-255,5738,183041,50,200519
30160,0.022957,172.31.46.0-255,66,183107,50,200519
30161,0.025055,172.217.194.0-255,5738,188845,50,200519
30162,0.025063,172.31.46.0-255,66,188911,50,200519
30163,0.02712,172.217.194.0-255,5738,194649,50,200519
30164,0.027127,172.31.46.0-255,66,194715,50,200519
30165,0.02921,172.217.194.0-255,5738,200453,50,200519
30166,0.029217,172.31.46.0-255,66,200519,50,200519
30167,0.0,172.217.194.0-255,153,153,50,251832
30168,2.2e-05,172.31.46.0-255,66,219,50,251832
30169,3e-05,172.217.194.0-255,1484,1703,50,251832
30170,3.4e-05,172.31.46.0-255,66,1769,50,251832
30171,4e-05,172.217.194.0-255,2902,4671,50,251832
30172,5.1e-05,172.31.46.0-255,66,4737,50,251832
30173,5.9e-05,172.217.194.0-255,7156,11893,50,251832
30174,6.1e-05,172.31.46.0-255,66,11959,50,251832
30175,6.6e-05,172.217.194.0-255,2068,14027,50,251832
30176,6.9e-05,172.31.46.0-255,66,14093,50,251832
30177,0.000191,172.217.194.0-255,1484,15577,50,251832
30178,0.000196,172.31.46.0-255,66,15643,50,251832
30179,0.000202,172.217.194.0-255,2902,18545,50,251832
30180,0.000204,172.31.46.0-255,66,18611,50,251832
30181,0.000239,172.217.194.0-255,5738,24349,50,251832
30182,0.000242,172.31.46.0-255,66,24415,50,251832
30183,0.000275,172.217.194.0-255,1484,25899,50,251832
30184,0.000278,172.31.46.0-255,66,25965,50,251832
30185,0.000304,172.217.194.0-255,5379,31344,50,251832
30186,0.000307,172.31.46.0-255,66,31410,50,251832
30187,0.000314,172.217.194.0-255,7156,38566,50,251832
30188,0.000316,172.31.46.0-255,66,38632,50,251832
30189,0.000326,172.31.46.0-255,66,38698,50,251832
30190,0.000529,172.217.194.0-255,1484,40182,50,251832
30191,0.000533,172.31.46.0-255,66,40248,50,251832
30192,0.000539,172.217.194.0-255,2902,43150,50,251832
30193,0.000541,172.31.46.0-255,66,43216,50,251832
30194,0.000566,172.217.194.0-255,5738,48954,50,251832
30195,0.000574,172.31.46.0-255,66,49020,50,251832
30196,0.000581,172.217.194.0-255,6797,55817,50,251832
30197,0.000583,172.31.46.0-255,66,55883,50,251832
30198,0.000586,172.217.194.0-255,378,56261,50,251832
30199,0.000635,172.217.194.0-255,365,56626,50,251832
30200,0.000794,172.217.194.0-255,1484,58110,50,251832
30201,0.000798,172.31.46.0-255,66,58176,50,251832
30202,0.000803,172.217.194.0-255,2902,61078,50,251832
30203,0.000805,172.31.46.0-255,66,61144,50,251832
30204,0.000838,172.217.194.0-255,5738,66882,50,251832
30205,0.00084,172.31.46.0-255,66,66948,50,251832
30206,0.000843,172.217.194.0-255,1484,68432,50,251832
30207,0.00087,172.31.46.0-255,66,68498,50,251832
30208,0.000877,172.217.194.0-255,5738,74236,50,251832
30209,0.00088,172.31.46.0-255,66,74302,50,251832
30210,0.000898,172.217.194.0-255,1484,75786,50,251832
30211,0.000919,172.217.194.0-255,3602,79388,50,251832
30212,0.000922,172.31.46.0-255,66,79454,50,251832
30213,0.001163,172.217.194.0-255,1484,80938,50,251832
30214,0.001168,172.217.194.0-255,1484,82422,50,251832
30215,0.00117,172.31.46.0-255,66,82488,50,251832
30216,0.001194,172.217.194.0-255,1484,83972,50,251832
30217,0.0012,172.217.194.0-255,5738,89710,50,251832
30218,0.001202,172.31.46.0-255,66,89776,50,251832
30219,0.00125,172.31.46.0-255,66,89842,50,251832
30220,0.001256,172.217.194.0-255,5738,95580,50,251832
30221,0.001258,172.31.46.0-255,66,95646,50,251832
30222,0.001286,172.217.194.0-255,5020,100666,50,251832
30223,0.001288,172.31.46.0-255,66,100732,50,251832
30224,0.00144,172.217.194.0-255,1484,102216,50,251832
30225,0.001444,172.217.194.0-255,1484,103700,50,251832
30226,0.001447,172.31.46.0-255,66,103766,50,251832
30227,0.001457,172.217.194.0-255,1484,105250,50,251832
30228,0.001467,172.217.194.0-255,5738,110988,50,251832
30229,0.001469,172.31.46.0-255,66,111054,50,251832
30230,0.001476,172.217.194.0-255,5738,116792,50,251832
30231,0.001478,172.31.46.0-255,66,116858,50,251832
30232,0.001516,172.217.194.0-255,7156,124014,50,251832
30233,0.001519,172.31.46.0-255,66,124080,50,251832
30234,0.00153,172.31.46.0-255,66,124146,50,251832
30235,0.001606,172.217.194.0-255,1484,125630,50,251832
30236,0.001609,172.217.194.0-255,1484,127114,50,251832
30237,0.001611,172.31.46.0-255,66,127180,50,251832
30238,0.001635,172.217.194.0-255,1484,128664,50,251832
30239,0.001642,172.217.194.0-255,5738,134402,50,251832
30240,0.001644,172.31.46.0-255,66,134468,50,251832
30241,0.001647,172.217.194.0-255,1484,135952,50,251832
30242,0.001683,172.31.46.0-255,66,136018,50,251832
30243,0.001686,172.217.194.0-255,1484,137502,50,251832
30244,0.0017,172.217.194.0-255,5738,143240,50,251832
30245,0.001703,172.31.46.0-255,66,143306,50,251832
30246,0.00173,172.217.194.0-255,3602,146908,50,251832
30247,0.001733,172.31.46.0-255,66,146974,50,251832
30248,0.001823,172.217.194.0-255,1484,148458,50,251832
30249,0.001828,172.217.194.0-255,2902,151360,50,251832
30250,0.001831,172.31.46.0-255,66,151426,50,251832
30251,0.001865,172.217.194.0-255,2902,154328,50,251832
30252,0.001867,172.31.46.0-255,66,154394,50,251832
30253,0.001898,172.217.194.0-255,2902,157296,50,251832
30254,0.0019,172.31.46.0-255,66,157362,50,251832
30255,0.00191,172.31.46.0-255,66,157428,50,251832
30256,0.00194,172.31.46.0-255,66,157494,50,251832
30257,0.001966,172.217.194.0-255,6438,163932,50,251832
30258,0.001968,172.217.194.0-255,1484,165416,50,251832
30259,0.001971,172.217.194.0-255,2902,168318,50,251832
30260,0.001975,172.31.46.0-255,66,168384,50,251832
30261,0.001979,172.31.46.0-255,66,168450,50,251832
30262,0.001992,172.217.194.0-255,4320,172770,50,251832
30263,0.001998,172.31.46.0-255,66,172836,50,251832
30264,0.002027,172.217.194.0-255,1484,174320,50,251832
30265,0.002043,172.31.46.0-255,66,174386,50,251832
30266,0.002053,172.31.46.0-255,66,174452,50,251832
30267,0.002098,172.31.46.0-255,66,174518,50,251832
30268,0.00212,172.217.194.0-255,3602,178120,50,251832
30269,0.002122,172.31.46.0-255,66,178186,50,251832
30270,0.002138,172.31.46.0-255,66,178252,50,251832
30271,0.00215,172.217.194.0-255,766,179018,50,251832
30272,0.00417,172.217.194.0-255,4320,183338,50,251832
30273,0.004177,172.31.46.0-255,66,183404,50,251832
30274,0.006246,172.217.194.0-255,4320,187724,50,251832
30275,0.00625,172.31.46.0-255,66,187790,50,251832
30276,0.006278,172.217.194.0-255,1484,189274,50,251832
30277,0.008312,172.217.194.0-255,4320,193594,50,251832
30278,0.008318,172.31.46.0-255,66,193660,50,251832
30279,0.010375,172.217.194.0-255,2902,196562,50,251832
30280,0.010382,172.31.46.0-255,66,196628,50,251832
30281,0.01041,172.217.194.0-255,2902,199530,50,251832
30282,0.010413,172.31.46.0-255,66,199596,50,251832
30283,0.012454,172.217.194.0-255,5738,205334,50,251832
30284,0.012462,172.31.46.0-255,66,205400,50,251832
30285,0.014549,172.217.194.0-255,5738,211138,50,251832
30286,0.014557,172.31.46.0-255,66,211204,50,251832
30287,0.016648,172.217.194.0-255,5738,216942,50,251832
30288,0.016658,172.31.46.0-255,66,217008,50,251832
30289,0.018731,172.217.194.0-255,5738,222746,50,251832
30290,0.018739,172.31.46.0-255,66,222812,50,251832
30291,0.020795,172.217.194.0-255,5738,228550,50,251832
30292,0.020803,172.31.46.0-255,66,228616,50,251832
30293,0.022903,172.217.194.0-255,5738,234354,50,251832
30294,0.022909,172.31.46.0-255,66,234420,50,251832
30295,0.02496,172.217.194.0-255,5738,240158,50,251832
30296,0.024967,172.31.46.0-255,66,240224,50,251832
30297,0.027028,172.217.194.0-255,5738,245962,50,251832
30298,0.027035,172.31.46.0-255,66,246028,50,251832
30299,0.0291,172.217.194.0-255,5738,251766,50,251832
30300,0.029106,172.31.46.0-255,66,251832,50,251832
30301,0.0,172.217.194.0-255,156,156,50,152430
30302,1.9e-05,172.31.46.0-255,66,222,50,152430
30303,2.7e-05,172.217.194.0-255,1484,1706,50,152430
30304,3.1e-05,172.31.46.0-255,66,1772,50,152430
30305,3.7e-05,172.217.194.0-255,2902,4674,50,152430
30306,4e-05,172.31.46.0-255,66,4740,50,152430
30307,4.8e-05,172.217.194.0-255,7156,11896,50,152430
30308,5.1e-05,172.31.46.0-255,66,11962,50,152430
30309,5.5e-05,172.217.194.0-255,2093,14055,50,152430
30310,5.7e-05,172.31.46.0-255,66,14121,50,152430
30311,6.1e-05,172.217.194.0-255,1484,15605,50,152430
30312,6.3e-05,172.31.46.0-255,66,15671,50,152430
30313,9.2e-05,172.217.194.0-255,1484,17155,50,152430
30314,9.5e-05,172.31.46.0-255,66,17221,50,152430
30315,0.000103,172.217.194.0-255,7156,24377,50,152430
30316,0.000106,172.31.46.0-255,66,24443,50,152430
30317,0.000113,172.217.194.0-255,6797,31240,50,152430
30318,0.000115,172.31.46.0-255,66,31306,50,152430
30319,0.000155,172.217.194.0-255,7156,38462,50,152430
30320,0.000158,172.31.46.0-255,66,38528,50,152430
30321,0.000182,172.31.46.0-255,66,38594,50,152430
30322,0.000185,172.217.194.0-255,1125,39719,50,152430
30323,0.000186,172.31.46.0-255,66,39785,50,152430
30324,0.000231,172.217.194.0-255,1484,41269,50,152430
30325,0.000233,172.31.46.0-255,66,41335,50,152430
30326,0.000236,172.217.194.0-255,1484,42819,50,152430
30327,0.000238,172.31.46.0-255,66,42885,50,152430
30328,0.000255,172.217.194.0-255,2902,45787,50,152430
30329,0.000258,172.31.46.0-255,66,45853,50,152430
30330,0.000265,172.217.194.0-255,5738,51591,50,152430
30331,0.000267,172.31.46.0-255,66,51657,50,152430
30332,0.000309,172.217.194.0-255,5679,57336,50,152430
30333,0.000312,172.31.46.0-255,66,57402,50,152430
30334,0.001147,172.217.194.0-255,379,57781,50,152430
30335,0.00128,172.217.194.0-255,1484,59265,50,152430
30336,0.001286,172.31.46.0-255,66,59331,50,152430
30337,0.001294,172.217.194.0-255,2902,62233,50,152430
30338,0.001297,172.31.46.0-255,66,62299,50,152430
30339,0.001303,172.217.194.0-255,5738,68037,50,152430
30340,0.001305,172.31.46.0-255,66,68103,50,152430
30341,0.001325,172.217.194.0-255,2902,71005,50,152430
30342,0.001327,172.31.46.0-255,66,71071,50,152430
30343,0.001341,172.217.194.0-255,3961,75032,50,152430
30344,0.001343,172.31.46.0-255,66,75098,50,152430
30345,0.001358,172.217.194.0-255,1484,76582,50,152430
30346,0.001377,172.217.194.0-255,5738,82320,50,152430
30347,0.00138,172.31.46.0-255,66,82386,50,152430
30348,0.001394,172.31.46.0-255,66,82452,50,152430
30349,0.002221,172.217.194.0-255,1484,83936,50,152430
30350,0.002229,172.217.194.0-255,2902,86838,50,152430
30351,0.002233,172.31.46.0-255,66,86904,50,152430
30352,0.00224,172.217.194.0-255,4320,91224,50,152430
30353,0.002242,172.31.46.0-255,66,91290,50,152430
30354,0.002255,172.217.194.0-255,1484,92774,50,152430
30355,0.00227,172.31.46.0-255,66,92840,50,152430
30356,0.002304,172.217.194.0-255,1484,94324,50,152430
30357,0.002329,172.31.46.0-255,66,94390,50,152430
30358,0.004842,172.217.194.0-255,5738,100128,50,152430
30359,0.004849,172.31.46.0-255,66,100194,50,152430
30360,0.007363,172.217.194.0-255,5738,105932,50,152430
30361,0.00737,172.31.46.0-255,66,105998,50,152430
30362,0.009866,172.217.194.0-255,5738,111736,50,152430
30363,0.009873,172.31.46.0-255,66,111802,50,152430
30364,0.012391,172.217.194.0-255,5738,117540,50,152430
30365,0.012398,172.31.46.0-255,66,117606,50,152430
30366,0.014957,172.217.194.0-255,5738,123344,50,152430
30367,0.01497,172.31.46.0-255,66,123410,50,152430
30368,0.017504,172.217.194.0-255,5738,129148,50,152430
30369,0.017515,172.31.46.0-255,66,129214,50,152430
30370,0.02002,172.217.194.0-255,5738,134952,50,152430
30371,0.020037,172.31.46.0-255,66,135018,50,152430
30372,0.02254,172.217.194.0-255,5738,140756,50,152430
30373,0.022548,172.31.46.0-255,66,140822,50,152430
30374,0.025026,172.217.194.0-255,5738,146560,50,152430
30375,0.025034,172.31.46.0-255,66,146626,50,152430
30376,0.027546,172.217.194.0-255,5738,152364,50,152430
30377,0.027556,172.31.46.0-255,66,152430,50,152430
30378,0.0,172.217.194.0-255,156,156,50,261767
30379,2.3e-05,172.31.46.0-255,66,222,50,261767
30380,3e-05,172.217.194.0-255,1484,1706,50,261767
30381,3.6e-05,172.31.46.0-255,66,1772,50,261767
30382,4.2e-05,172.217.194.0-255,2902,4674,50,261767
30383,4.6e-05,172.31.46.0-255,66,4740,50,261767
30384,5.4e-05,172.217.194.0-255,7156,11896,50,261767
30385,5.7e-05,172.31.46.0-255,66,11962,50,261767
30386,6.2e-05,172.217.194.0-255,2121,14083,50,261767
30387,6.5e-05,172.31.46.0-255,66,14149,50,261767
30388,0.000167,172.217.194.0-255,1484,15633,50,261767
30389,0.000171,172.31.46.0-255,66,15699,50,261767
30390,0.000201,172.217.194.0-255,1484,17183,50,261767
30391,0.000203,172.31.46.0-255,66,17249,50,261767
30392,0.000231,172.217.194.0-255,1484,18733,50,261767
30393,0.000233,172.31.46.0-255,66,18799,50,261767
30394,0.00024,172.217.194.0-255,5738,24537,50,261767
30395,0.000243,172.31.46.0-255,66,24603,50,261767
30396,0.00025,172.217.194.0-255,6797,31400,50,261767
30397,0.000253,172.31.46.0-255,66,31466,50,261767
30398,0.000478,172.217.194.0-255,1484,32950,50,261767
30399,0.000481,172.31.46.0-255,66,33016,50,261767
30400,0.000487,172.217.194.0-255,2902,35918,50,261767
30401,0.000489,172.31.46.0-255,66,35984,50,261767
30402,0.000492,172.217.194.0-255,1484,37468,50,261767
30403,0.000494,172.31.46.0-255,66,37534,50,261767
30404,0.000518,172.217.194.0-255,4320,41854,50,261767
30405,0.000522,172.31.46.0-255,66,41920,50,261767
30406,0.000525,172.217.194.0-255,1484,43404,50,261767
30407,0.000527,172.31.46.0-255,66,43470,50,261767
30408,0.000547,172.217.194.0-255,6797,50267,50,261767
30409,0.00055,172.31.46.0-255,66,50333,50,261767
30410,0.000553,172.217.194.0-255,1484,51817,50,261767
30411,0.000591,172.31.46.0-255,66,51883,50,261767
30412,0.000606,172.217.194.0-255,403,52286,50,261767
30413,0.001067,172.217.194.0-255,1484,53770,50,261767
30414,0.001074,172.31.46.0-255,66,53836,50,261767
30415,0.00108,172.217.194.0-255,2902,56738,50,261767
30416,0.001083,172.31.46.0-255,66,56804,50,261767
30417,0.001089,172.217.194.0-255,5738,62542,50,261767
30418,0.001092,172.31.46.0-255,66,62608,50,261767
30419,0.001097,172.217.194.0-255,4320,66928,50,261767
30420,0.0011,172.31.46.0-255,66,66994,50,261767
30421,0.001137,172.31.46.0-255,66,67060,50,261767
30422,0.001141,172.217.194.0-255,1484,68544,50,261767
30423,0.00117,172.217.194.0-255,6438,74982,50,261767
30424,0.001174,172.31.46.0-255,66,75048,50,261767
30425,0.001346,172.217.194.0-255,1484,76532,50,261767
30426,0.001352,172.217.194.0-255,2902,79434,50,261767
30427,0.001355,172.31.46.0-255,66,79500,50,261767
30428,0.001361,172.217.194.0-255,2902,82402,50,261767
30429,0.001363,172.31.46.0-255,66,82468,50,261767
30430,0.001377,172.217.194.0-255,2902,85370,50,261767
30431,0.001379,172.31.46.0-255,66,85436,50,261767
30432,0.001385,172.217.194.0-255,5738,91174,50,261767
30433,0.001387,172.31.46.0-255,66,91240,50,261767
30434,0.001415,172.217.194.0-255,7156,98396,50,261767
30435,0.001417,172.31.46.0-255,66,98462,50,261767
30436,0.001428,172.31.46.0-255,66,98528,50,261767
30437,0.001449,172.217.194.0-255,3602,102130,50,261767
30438,0.001451,172.31.46.0-255,66,102196,50,261767
30439,0.001456,172.217.194.0-255,4320,106516,50,261767
30440,0.001458,172.31.46.0-255,66,106582,50,261767
30441,0.001463,172.217.194.0-255,2902,109484,50,261767
30442,0.001465,172.31.46.0-255,66,109550,50,261767
30443,0.001491,172.217.194.0-255,7156,116706,50,261767
30444,0.001494,172.31.46.0-255,66,116772,50,261767
30445,0.001512,172.217.194.0-255,2902,119674,50,261767
30446,0.001514,172.31.46.0-255,66,119740,50,261767
30447,0.001532,172.217.194.0-255,7156,126896,50,261767
30448,0.001534,172.31.46.0-255,66,126962,50,261767
30449,0.001553,172.217.194.0-255,2902,129864,50,261767
30450,0.001556,172.31.46.0-255,66,129930,50,261767
30451,0.001569,172.217.194.0-255,5020,134950,50,261767
30452,0.001571,172.31.46.0-255,66,135016,50,261767
30453,0.001619,172.31.46.0-255,66,135082,50,261767
30454,0.001636,172.31.46.0-255,66,135148,50,261767
30455,0.001641,172.217.194.0-255,3602,138750,50,261767
30456,0.001643,172.31.46.0-255,66,138816,50,261767
30457,0.001789,172.217.194.0-255,1484,140300,50,261767
30458,0.001796,172.217.194.0-255,2902,143202,50,261767
30459,0.001799,172.31.46.0-255,66,143268,50,261767
30460,0.001806,172.217.194.0-255,5738,149006,50,261767
30461,0.001808,172.31.46.0-255,66,149072,50,261767
30462,0.001825,172.217.194.0-255,1484,150556,50,261767
30463,0.00184,172.217.194.0-255,5738,156294,50,261767
30464,0.001842,172.31.46.0-255,66,156360,50,261767
30465,0.001866,172.217.194.0-255,5738,162098,50,261767
30466,0.001869,172.31.46.0-255,66,162164,50,261767
30467,0.001877,172.217.194.0-255,7156,169320,50,261767
30468,0.001879,172.31.46.0-255,66,169386,50,261767
30469,0.001894,172.217.194.0-255,3602,172988,50,261767
30470,0.001897,172.31.46.0-255,66,173054,50,261767
30471,0.002038,172.217.194.0-255,1484,174538,50,261767
30472,0.002044,172.217.194.0-255,2902,177440,50,261767
30473,0.002048,172.31.46.0-255,66,177506,50,261767
30474,0.002054,172.217.194.0-255,5738,183244,50,261767
30475,0.002056,172.31.46.0-255,66,183310,50,261767
30476,0.002059,172.217.194.0-255,1484,184794,50,261767
30477,0.0041,172.217.194.0-255,4320,189114,50,261767
30478,0.004108,172.31.46.0-255,66,189180,50,261767
30479,0.00614,172.217.194.0-255,5738,194918,50,261767
30480,0.006148,172.31.46.0-255,66,194984,50,261767
30481,0.00817,172.217.194.0-255,5738,200722,50,261767
30482,0.008177,172.31.46.0-255,66,200788,50,261767
30483,0.010202,172.217.194.0-255,5738,206526,50,261767
30484,0.010208,172.31.46.0-255,66,206592,50,261767
30485,0.01226,172.217.194.0-255,5738,212330,50,261767
30486,0.012268,172.31.46.0-255,66,212396,50,261767
30487,0.014326,172.217.194.0-255,5738,218134,50,261767
30488,0.014334,172.31.46.0-255,66,218200,50,261767
30489,0.016373,172.217.194.0-255,5738,223938,50,261767
30490,0.016382,172.31.46.0-255,66,224004,50,261767
30491,0.018403,172.217.194.0-255,5738,229742,50,261767
30492,0.018412,172.31.46.0-255,66,229808,50,261767
30493,0.020446,172.217.194.0-255,5738,235546,50,261767
30494,0.020453,172.31.46.0-255,66,235612,50,261767
30495,0.022475,172.217.194.0-255,5738,241350,50,261767
30496,0.022482,172.31.46.0-255,66,241416,50,261767
30497,0.024505,172.217.194.0-255,4320,245736,50,261767
30498,0.024512,172.31.46.0-255,66,245802,50,261767
30499,0.02453,172.217.194.0-255,1484,247286,50,261767
30500,0.02653,172.217.194.0-255,4320,251606,50,261767
30501,0.026537,172.31.46.0-255,66,251672,50,261767
30502,0.02831,172.31.46.0-255,172,251844,50,261767
30503,0.028341,172.31.46.0-255,1113,252957,50,261767
30504,0.028399,172.31.46.0-255,1514,254471,50,261767
30505,0.028401,172.31.46.0-255,1294,255765,50,261767
30506,0.028566,172.217.194.0-255,5738,261503,50,261767
30507,0.028572,172.31.46.0-255,66,261569,50,261767
30508,0.029875,104.244.42.0-255,66,261635,50,261767
30509,0.029897,104.244.42.0-255,66,261701,50,261767
30510,0.029954,104.244.42.0-255,66,261767,50,261767
30511,0.0,74.125.130.0-255,151,151,50,210948
30512,2.3e-05,172.31.46.0-255,66,217,50,210948
30513,3e-05,74.125.130.0-255,1484,1701,50,210948
30514,3.5e-05,172.31.46.0-255,66,1767,50,210948
30515,4.1e-05,74.125.130.0-255,2902,4669,50,210948
30516,4.4e-05,172.31.46.0-255,66,4735,50,210948
30517,5.1e-05,74.125.130.0-255,5738,10473,50,210948
30518,5.4e-05,172.31.46.0-255,66,10539,50,210948
30519,8e-05,74.125.130.0-255,6308,16847,50,210948
30520,8.3e-05,172.31.46.0-255,66,16913,50,210948
30521,0.000112,74.125.130.0-255,5738,22651,50,210948
30522,0.000115,172.31.46.0-255,66,22717,50,210948
30523,0.000121,74.125.130.0-255,4320,27037,50,210948
30524,0.000124,172.31.46.0-255,66,27103,50,210948
30525,0.000137,74.125.130.0-255,2902,30005,50,210948
30526,0.000139,172.31.46.0-255,66,30071,50,210948
30527,0.000142,74.125.130.0-255,1125,31196,50,210948
30528,0.000144,172.31.46.0-255,66,31262,50,210948
30529,0.000299,74.125.130.0-255,1484,32746,50,210948
30530,0.000303,172.31.46.0-255,66,32812,50,210948
30531,0.000308,74.125.130.0-255,1484,34296,50,210948
30532,0.000311,172.31.46.0-255,66,34362,50,210948
30533,0.000324,74.125.130.0-255,1484,35846,50,210948
30534,0.000326,172.31.46.0-255,66,35912,50,210948
30535,0.000331,74.125.130.0-255,2902,38814,50,210948
30536,0.000334,172.31.46.0-255,66,38880,50,210948
30537,0.000358,74.125.130.0-255,2902,41782,50,210948
30538,0.00036,172.31.46.0-255,66,41848,50,210948
30539,0.000365,74.125.130.0-255,2902,44750,50,210948
30540,0.000367,172.31.46.0-255,66,44816,50,210948
30541,0.000372,74.125.130.0-255,3961,48777,50,210948
30542,0.000374,172.31.46.0-255,66,48843,50,210948
30543,0.000412,172.31.46.0-255,66,48909,50,210948
30544,0.000417,74.125.130.0-255,2902,51811,50,210948
30545,0.000419,172.31.46.0-255,66,51877,50,210948
30546,0.000454,74.125.130.0-255,5668,57545,50,210948
30547,0.000457,172.31.46.0-255,66,57611,50,210948
30548,0.000557,74.125.130.0-255,365,57976,50,210948
30549,0.000733,74.125.130.0-255,1484,59460,50,210948
30550,0.000739,172.31.46.0-255,66,59526,50,210948
30551,0.000743,74.125.130.0-255,1484,61010,50,210948
30552,0.000759,74.125.130.0-255,1484,62494,50,210948
30553,0.000762,172.31.46.0-255,66,62560,50,210948
30554,0.000766,74.125.130.0-255,1484,64044,50,210948
30555,0.000789,74.125.130.0-255,4320,68364,50,210948
30556,0.000792,172.31.46.0-255,66,68430,50,210948
30557,0.000797,74.125.130.0-255,4320,72750,50,210948
30558,0.0008,172.31.46.0-255,66,72816,50,210948
30559,0.000803,74.125.130.0-255,1484,74300,50,210948
30560,0.000816,74.125.130.0-255,1484,75784,50,210948
30561,0.000819,172.31.46.0-255,66,75850,50,210948
30562,0.000842,74.125.130.0-255,2543,78393,50,210948
30563,0.000845,172.31.46.0-255,66,78459,50,210948
30564,0.000848,74.125.130.0-255,1484,79943,50,210948
30565,0.000867,74.125.130.0-255,5738,85681,50,210948
30566,0.000869,172.31.46.0-255,66,85747,50,210948
30567,0.000919,74.125.130.0-255,4320,90067,50,210948
30568,0.000922,172.31.46.0-255,66,90133,50,210948
30569,0.000942,74.125.130.0-255,2543,92676,50,210948
30570,0.000944,172.31.46.0-255,66,92742,50,210948
30571,0.001982,74.125.130.0-255,1484,94226,50,210948
30572,0.001994,74.125.130.0-255,2902,97128,50,210948
30573,0.001998,172.31.46.0-255,66,97194,50,210948
30574,0.002002,74.125.130.0-255,1484,98678,50,210948
30575,0.002021,74.125.130.0-255,4320,102998,50,210948
30576,0.002023,172.31.46.0-255,66,103064,50,210948
30577,0.002042,74.125.130.0-255,7156,110220,50,210948
30578,0.002044,172.31.46.0-255,66,110286,50,210948
30579,0.002048,74.125.130.0-255,1484,111770,50,210948
30580,0.002075,74.125.130.0-255,7156,118926,50,210948
30581,0.002078,172.31.46.0-255,66,118992,50,210948
30582,0.002083,74.125.130.0-255,2902,121894,50,210948
30583,0.002084,172.31.46.0-255,66,121960,50,210948
30584,0.002102,74.125.130.0-255,5020,126980,50,210948
30585,0.002105,172.31.46.0-255,66,127046,50,210948
30586,0.002131,74.125.130.0-255,4320,131366,50,210948
30587,0.002133,172.31.46.0-255,66,131432,50,210948
30588,0.002147,74.125.130.0-255,4320,135752,50,210948
30589,0.002149,172.31.46.0-255,66,135818,50,210948
30590,0.002184,172.31.46.0-255,66,135884,50,210948
30591,0.002197,172.31.46.0-255,66,135950,50,210948
30592,0.002237,74.125.130.0-255,5738,141688,50,210948
30593,0.00224,172.31.46.0-255,66,141754,50,210948
30594,0.002258,74.125.130.0-255,766,142520,50,210948
30595,0.004529,74.125.130.0-255,4320,146840,50,210948
30596,0.004536,172.31.46.0-255,66,146906,50,210948
30597,0.006834,74.125.130.0-255,5738,152644,50,210948
30598,0.006839,172.31.46.0-255,66,152710,50,210948
30599,0.009195,74.125.130.0-255,5738,158448,50,210948
30600,0.009203,172.31.46.0-255,66,158514,50,210948
30601,0.011503,74.125.130.0-255,5738,164252,50,210948
30602,0.011511,172.31.46.0-255,66,164318,50,210948
30603,0.013811,74.125.130.0-255,5738,170056,50,210948
30604,0.013817,172.31.46.0-255,66,170122,50,210948
30605,0.016106,74.125.130.0-255,5738,175860,50,210948
30606,0.016114,172.31.46.0-255,66,175926,50,210948
30607,0.018414,74.125.130.0-255,5738,181664,50,210948
30608,0.018421,172.31.46.0-255,66,181730,50,210948
30609,0.020725,74.125.130.0-255,5738,187468,50,210948
30610,0.020731,172.31.46.0-255,66,187534,50,210948
30611,0.023026,74.125.130.0-255,5738,193272,50,210948
30612,0.023033,172.31.46.0-255,66,193338,50,210948
30613,0.025333,74.125.130.0-255,5738,199076,50,210948
30614,0.025339,172.31.46.0-255,66,199142,50,210948
30615,0.02764,74.125.130.0-255,2902,202044,50,210948
30616,0.027646,172.31.46.0-255,66,202110,50,210948
30617,0.027665,74.125.130.0-255,2902,205012,50,210948
30618,0.027667,172.31.46.0-255,66,205078,50,210948
30619,0.029928,74.125.130.0-255,1484,206562,50,210948
30620,0.029963,74.125.130.0-255,4320,210882,50,210948
30621,0.029967,172.31.46.0-255,66,210948,50,210948
30622,0.0,74.125.68.0-255,152,152,50,177401
30623,2.1e-05,172.31.46.0-255,66,218,50,177401
30624,2.9e-05,74.125.68.0-255,1484,1702,50,177401
30625,3.3e-05,172.31.46.0-255,66,1768,50,177401
30626,3.7e-05,74.125.68.0-255,1484,3252,50,177401
30627,4.6e-05,172.31.46.0-255,66,3318,50,177401
30628,6.6e-05,74.125.68.0-255,1484,4802,50,177401
30629,6.9e-05,172.31.46.0-255,66,4868,50,177401
30630,7.6e-05,74.125.68.0-255,4320,9188,50,177401
30631,8.4e-05,172.31.46.0-255,66,9254,50,177401
30632,0.000138,172.31.46.0-255,66,9320,50,177401
30633,0.000149,172.31.46.0-255,66,9386,50,177401
30634,0.000152,74.125.68.0-255,1484,10870,50,177401
30635,0.000156,172.31.46.0-255,66,10936,50,177401
30636,0.000201,74.125.68.0-255,3961,14897,50,177401
30637,0.000204,172.31.46.0-255,66,14963,50,177401
30638,0.000492,74.125.68.0-255,1484,16447,50,177401
30639,0.000499,172.31.46.0-255,66,16513,50,177401
30640,0.000505,74.125.68.0-255,2902,19415,50,177401
30641,0.000507,172.31.46.0-255,66,19481,50,177401
30642,0.000512,74.125.68.0-255,2902,22383,50,177401
30643,0.000519,172.31.46.0-255,66,22449,50,177401
30644,0.000532,74.125.68.0-255,1484,23933,50,177401
30645,0.000535,172.31.46.0-255,66,23999,50,177401
30646,0.000546,172.31.46.0-255,66,24065,50,177401
30647,0.000551,74.125.68.0-255,2902,26967,50,177401
30648,0.000558,172.31.46.0-255,66,27033,50,177401
30649,0.000588,74.125.68.0-255,2902,29935,50,177401
30650,0.000591,172.31.46.0-255,66,30001,50,177401
30651,0.000599,74.125.68.0-255,7156,37157,50,177401
30652,0.000601,172.31.46.0-255,66,37223,50,177401
30653,0.000607,74.125.68.0-255,3602,40825,50,177401
30654,0.000609,172.31.46.0-255,66,40891,50,177401
30655,0.000827,74.125.68.0-255,396,41287,50,177401
30656,0.000861,74.125.68.0-255,1484,42771,50,177401
30657,0.000865,172.31.46.0-255,66,42837,50,177401
30658,0.000889,74.125.68.0-255,4320,47157,50,177401
30659,0.000891,172.31.46.0-255,66,47223,50,177401
30660,0.000915,74.125.68.0-255,7156,54379,50,177401
30661,0.000917,172.31.46.0-255,66,54445,50,177401
30662,0.000949,74.125.68.0-255,2902,57347,50,177401
30663,0.000951,172.31.46.0-255,66,57413,50,177401
30664,0.000988,74.125.68.0-255,5738,63151,50,177401
30665,0.000992,172.31.46.0-255,66,63217,50,177401
30666,0.001005,172.31.46.0-255,66,63283,50,177401
30667,0.001008,74.125.68.0-255,766,64049,50,177401
30668,0.001388,74.125.68.0-255,1484,65533,50,177401
30669,0.001393,172.31.46.0-255,66,65599,50,177401
30670,0.001399,74.125.68.0-255,2902,68501,50,177401
30671,0.001401,172.31.46.0-255,66,68567,50,177401
30672,0.001404,74.125.68.0-255,1484,70051,50,177401
30673,0.001433,74.125.68.0-255,2902,72953,50,177401
30674,0.001439,74.125.68.0-255,5738,78691,50,177401
30675,0.001443,172.31.46.0-255,66,78757,50,177401
30676,0.001446,172.31.46.0-255,66,78823,50,177401
30677,0.001477,74.125.68.0-255,4320,83143,50,177401
30678,0.001484,172.31.46.0-255,66,83209,50,177401
30679,0.001515,74.125.68.0-255,5738,88947,50,177401
30680,0.001518,172.31.46.0-255,66,89013,50,177401
30681,0.001551,172.31.46.0-255,66,89079,50,177401
30682,0.001591,172.31.46.0-255,66,89145,50,177401
30683,0.001596,74.125.68.0-255,2902,92047,50,177401
30684,0.001599,172.31.46.0-255,66,92113,50,177401
30685,0.001606,74.125.68.0-255,4320,96433,50,177401
30686,0.001608,172.31.46.0-255,66,96499,50,177401
30687,0.001664,172.31.46.0-255,66,96565,50,177401
30688,0.001672,74.125.68.0-255,6438,103003,50,177401
30689,0.001674,172.31.46.0-255,66,103069,50,177401
30690,0.002263,74.125.68.0-255,1484,104553,50,177401
30691,0.002268,74.125.68.0-255,1484,106037,50,177401
30692,0.002272,172.31.46.0-255,66,106103,50,177401
30693,0.003935,74.125.68.0-255,2902,109005,50,177401
30694,0.003944,172.31.46.0-255,66,109071,50,177401
30695,0.004526,74.125.68.0-255,1484,110555,50,177401
30696,0.004544,74.125.68.0-255,1484,112039,50,177401
30697,0.004546,172.31.46.0-255,66,112105,50,177401
30698,0.006194,74.125.68.0-255,2902,115007,50,177401
30699,0.006197,172.31.46.0-255,66,115073,50,177401
30700,0.006802,74.125.68.0-255,2902,117975,50,177401
30701,0.006809,172.31.46.0-255,66,118041,50,177401
30702,0.008471,74.125.68.0-255,2902,120943,50,177401
30703,0.008478,172.31.46.0-255,66,121009,50,177401
30704,0.009065,74.125.68.0-255,2902,123911,50,177401
30705,0.00907,172.31.46.0-255,66,123977,50,177401
30706,0.010765,74.125.68.0-255,2902,126879,50,177401
30707,0.010773,172.31.46.0-255,66,126945,50,177401
30708,0.011332,74.125.68.0-255,2902,129847,50,177401
30709,0.011339,172.31.46.0-255,66,129913,50,177401
30710,0.013038,74.125.68.0-255,2902,132815,50,177401
30711,0.013045,172.31.46.0-255,66,132881,50,177401
30712,0.013598,74.125.68.0-255,2902,135783,50,177401
30713,0.013603,172.31.46.0-255,66,135849,50,177401
30714,0.015316,74.125.68.0-255,2902,138751,50,177401
30715,0.015327,172.31.46.0-255,66,138817,50,177401
30716,0.015865,74.125.68.0-255,2902,141719,50,177401
30717,0.015873,172.31.46.0-255,66,141785,50,177401
30718,0.017601,74.125.68.0-255,2902,144687,50,177401
30719,0.017613,172.31.46.0-255,66,144753,50,177401
30720,0.018141,74.125.68.0-255,2902,147655,50,177401
30721,0.018149,172.31.46.0-255,66,147721,50,177401
30722,0.01988,74.125.68.0-255,2902,150623,50,177401
30723,0.019887,172.31.46.0-255,66,150689,50,177401
30724,0.020402,74.125.68.0-255,2902,153591,50,177401
30725,0.020407,172.31.46.0-255,66,153657,50,177401
30726,0.022159,74.125.68.0-255,2902,156559,50,177401
30727,0.022168,172.31.46.0-255,66,156625,50,177401
30728,0.022665,74.125.68.0-255,2902,159527,50,177401
30729,0.022672,172.31.46.0-255,66,159593,50,177401
30730,0.024433,74.125.68.0-255,2902,162495,50,177401
30731,0.024441,172.31.46.0-255,66,162561,50,177401
30732,0.024943,74.125.68.0-255,2902,165463,50,177401
30733,0.024949,172.31.46.0-255,66,165529,50,177401
30734,0.026704,74.125.68.0-255,2902,168431,50,177401
30735,0.026716,172.31.46.0-255,66,168497,50,177401
30736,0.027206,74.125.68.0-255,2902,171399,50,177401
30737,0.027213,172.31.46.0-255,66,171465,50,177401
30738,0.028974,74.125.68.0-255,2902,174367,50,177401
30739,0.028981,172.31.46.0-255,66,174433,50,177401
30740,0.029468,74.125.68.0-255,2902,177335,50,177401
30741,0.029474,172.31.46.0-255,66,177401,50,177401
30742,0.0,74.125.24.0-255,152,152,50,212545
30743,2.4e-05,172.31.46.0-255,66,218,50,212545
30744,3.2e-05,74.125.24.0-255,1484,1702,50,212545
30745,3.7e-05,172.31.46.0-255,66,1768,50,212545
30746,4.4e-05,74.125.24.0-255,2902,4670,50,212545
30747,4.7e-05,172.31.46.0-255,66,4736,50,212545
30748,5.6e-05,74.125.24.0-255,7156,11892,50,212545
30749,5.9e-05,172.31.46.0-255,66,11958,50,212545
30750,6.2e-05,74.125.24.0-255,1484,13442,50,212545
30751,6.5e-05,172.31.46.0-255,66,13508,50,212545
30752,6.9e-05,74.125.24.0-255,691,14199,50,212545
30753,7.1e-05,172.31.46.0-255,66,14265,50,212545
30754,0.000123,74.125.24.0-255,1484,15749,50,212545
30755,0.000126,172.31.46.0-255,66,15815,50,212545
30756,0.000132,74.125.24.0-255,4320,20135,50,212545
30757,0.000135,172.31.46.0-255,66,20201,50,212545
30758,0.000138,74.125.24.0-255,1484,21685,50,212545
30759,0.00014,172.31.46.0-255,66,21751,50,212545
30760,0.000162,74.125.24.0-255,1484,23235,50,212545
30761,0.000165,172.31.46.0-255,66,23301,50,212545
30762,0.000171,74.125.24.0-255,4320,27621,50,212545
30763,0.000173,172.31.46.0-255,66,27687,50,212545
30764,0.000197,74.125.24.0-255,3961,31648,50,212545
30765,0.0002,172.31.46.0-255,66,31714,50,212545
30766,0.000353,74.125.24.0-255,1484,33198,50,212545
30767,0.000358,172.31.46.0-255,66,33264,50,212545
30768,0.000362,74.125.24.0-255,1484,34748,50,212545
30769,0.000364,172.31.46.0-255,66,34814,50,212545
30770,0.000376,74.125.24.0-255,1484,36298,50,212545
30771,0.000379,172.31.46.0-255,66,36364,50,212545
30772,0.000386,74.125.24.0-255,5738,42102,50,212545
30773,0.000389,172.31.46.0-255,66,42168,50,212545
30774,0.000392,74.125.24.0-255,1484,43652,50,212545
30775,0.000424,74.125.24.0-255,5379,49031,50,212545
30776,0.000427,172.31.46.0-255,66,49097,50,212545
30777,0.000436,74.125.24.0-255,7156,56253,50,212545
30778,0.000438,172.31.46.0-255,66,56319,50,212545
30779,0.000475,172.31.46.0-255,66,56385,50,212545
30780,0.000478,74.125.24.0-255,129,56514,50,212545
30781,0.000585,74.125.24.0-255,1484,57998,50,212545
30782,0.00059,172.31.46.0-255,66,58064,50,212545
30783,0.000595,74.125.24.0-255,2902,60966,50,212545
30784,0.000598,172.31.46.0-255,66,61032,50,212545
30785,0.000605,74.125.24.0-255,5738,66770,50,212545
30786,0.000607,172.31.46.0-255,66,66836,50,212545
30787,0.000634,74.125.24.0-255,5738,72574,50,212545
30788,0.000637,172.31.46.0-255,66,72640,50,212545
30789,0.000664,172.31.46.0-255,66,72706,50,212545
30790,0.000673,172.31.46.0-255,66,72772,50,212545
30791,0.000676,74.125.24.0-255,1125,73897,50,212545
30792,0.000804,74.125.24.0-255,1484,75381,50,212545
30793,0.000809,74.125.24.0-255,2902,78283,50,212545
30794,0.000824,74.125.24.0-255,5738,84021,50,212545
30795,0.000829,172.31.46.0-255,66,84087,50,212545
30796,0.000832,172.31.46.0-255,66,84153,50,212545
30797,0.000839,172.31.46.0-255,66,84219,50,212545
30798,0.000877,172.31.46.0-255,66,84285,50,212545
30799,0.000884,74.125.24.0-255,5738,90023,50,212545
30800,0.000886,172.31.46.0-255,66,90089,50,212545
30801,0.000938,74.125.24.0-255,5020,95109,50,212545
30802,0.000941,172.31.46.0-255,66,95175,50,212545
30803,0.000947,74.125.24.0-255,5738,100913,50,212545
30804,0.00095,172.31.46.0-255,66,100979,50,212545
30805,0.000963,172.31.46.0-255,66,101045,50,212545
30806,0.000985,74.125.24.0-255,1484,102529,50,212545
30807,0.000992,74.125.24.0-255,5738,108267,50,212545
30808,0.000995,172.31.46.0-255,66,108333,50,212545
30809,0.001016,74.125.24.0-255,4320,112653,50,212545
30810,0.001035,74.125.24.0-255,5020,117673,50,212545
30811,0.001046,172.31.46.0-255,66,117739,50,212545
30812,0.001134,74.125.24.0-255,1484,119223,50,212545
30813,0.001151,74.125.24.0-255,2902,122125,50,212545
30814,0.001154,74.125.24.0-255,2902,125027,50,212545
30815,0.001161,172.31.46.0-255,66,125093,50,212545
30816,0.001169,74.125.24.0-255,2902,127995,50,212545
30817,0.001181,74.125.24.0-255,2902,130897,50,212545
30818,0.001214,74.125.24.0-255,2902,133799,50,212545
30819,0.001219,172.31.46.0-255,66,133865,50,212545
30820,0.001261,172.31.46.0-255,66,133931,50,212545
30821,0.001269,74.125.24.0-255,7156,141087,50,212545
30822,0.001274,172.31.46.0-255,66,141153,50,212545
30823,0.001283,74.125.24.0-255,2902,144055,50,212545
30824,0.00132,74.125.24.0-255,5738,149793,50,212545
30825,0.001341,74.125.24.0-255,6438,156231,50,212545
30826,0.001344,172.31.46.0-255,66,156297,50,212545
30827,0.001353,172.31.46.0-255,66,156363,50,212545
30828,0.00148,74.125.24.0-255,1484,157847,50,212545
30829,0.001513,74.125.24.0-255,2902,160749,50,212545
30830,0.00152,74.125.24.0-255,5738,166487,50,212545
30831,0.001524,74.125.24.0-255,4320,170807,50,212545
30832,0.001539,172.31.46.0-255,66,170873,50,212545
30833,0.001584,74.125.24.0-255,7156,178029,50,212545
30834,0.001589,74.125.24.0-255,3602,181631,50,212545
30835,0.001595,172.31.46.0-255,66,181697,50,212545
30836,0.001746,74.125.24.0-255,1484,183181,50,212545
30837,0.001751,74.125.24.0-255,1484,184665,50,212545
30838,0.001754,172.31.46.0-255,66,184731,50,212545
30839,0.001784,74.125.24.0-255,1484,186215,50,212545
30840,0.001792,74.125.24.0-255,5738,191953,50,212545
30841,0.001799,74.125.24.0-255,7156,199109,50,212545
30842,0.001803,74.125.24.0-255,2902,202011,50,212545
30843,0.00184,74.125.24.0-255,3602,205613,50,212545
30844,0.001923,74.125.24.0-255,1484,207097,50,212545
30845,0.001967,74.125.24.0-255,2902,209999,50,212545
30846,0.002004,74.125.24.0-255,1484,211483,50,212545
30847,0.002077,74.125.24.0-255,720,212203,50,212545
30848,0.002107,74.125.24.0-255,105,212308,50,212545
30849,0.00665,172.31.46.0-255,66,212374,50,212545
30850,0.009385,172.31.46.0-255,105,212479,50,212545
30851,0.011422,74.125.24.0-255,66,212545,50,212545
30852,0.0,172.217.194.0-255,301,301,50,116820
30853,2.4e-05,172.31.46.0-255,66,367,50,116820
30854,3e-05,172.217.194.0-255,1484,1851,50,116820
30855,3.5e-05,172.31.46.0-255,66,1917,50,116820
30856,4.3e-05,172.217.194.0-255,4320,6237,50,116820
30857,5.4e-05,172.31.46.0-255,66,6303,50,116820
30858,0.000114,172.217.194.0-255,5738,12041,50,116820
30859,0.000118,172.31.46.0-255,66,12107,50,116820
30860,0.000146,172.217.194.0-255,1848,13955,50,116820
30861,0.000148,172.31.46.0-255,66,14021,50,116820
30862,0.000164,172.31.46.0-255,66,14087,50,116820
30863,0.000175,172.31.46.0-255,66,14153,50,116820
30864,0.000178,172.217.194.0-255,1484,15637,50,116820
30865,0.000181,172.31.46.0-255,66,15703,50,116820
30866,0.000185,172.217.194.0-255,2902,18605,50,116820
30867,0.000188,172.31.46.0-255,66,18671,50,116820
30868,0.000195,172.217.194.0-255,5738,24409,50,116820
30869,0.000198,172.31.46.0-255,66,24475,50,116820
30870,0.000227,172.217.194.0-255,6797,31272,50,116820
30871,0.00023,172.31.46.0-255,66,31338,50,116820
30872,0.000267,172.217.194.0-255,7156,38494,50,116820
30873,0.00027,172.31.46.0-255,66,38560,50,116820
30874,0.000276,172.217.194.0-255,4320,42880,50,116820
30875,0.000278,172.31.46.0-255,66,42946,50,116820
30876,0.000303,172.217.194.0-255,5379,48325,50,116820
30877,0.000309,172.31.46.0-255,66,48391,50,116820
30878,0.000437,172.217.194.0-255,647,49038,50,116820
30879,0.000441,172.31.46.0-255,66,49104,50,116820
30880,0.000585,172.217.194.0-255,1484,50588,50,116820
30881,0.000591,172.31.46.0-255,66,50654,50,116820
30882,0.000598,172.217.194.0-255,2902,53556,50,116820
30883,0.0006,172.31.46.0-255,66,53622,50,116820
30884,0.000613,172.217.194.0-255,5738,59360,50,116820
30885,0.000616,172.31.46.0-255,66,59426,50,116820
30886,0.000619,172.217.194.0-255,1484,60910,50,116820
30887,0.000674,172.31.46.0-255,66,60976,50,116820
30888,0.000688,172.31.46.0-255,66,61042,50,116820
30889,0.000757,172.217.194.0-255,1484,62526,50,116820
30890,0.000762,172.217.194.0-255,1484,64010,50,116820
30891,0.000764,172.31.46.0-255,66,64076,50,116820
30892,0.000784,172.217.194.0-255,1484,65560,50,116820
30893,0.00079,172.217.194.0-255,5738,71298,50,116820
30894,0.000793,172.217.194.0-255,1484,72782,50,116820
30895,0.000799,172.31.46.0-255,66,72848,50,116820
30896,0.000842,172.31.46.0-255,66,72914,50,116820
30897,0.000879,172.31.46.0-255,66,72980,50,116820
30898,0.001271,172.217.194.0-255,1484,74464,50,116820
30899,0.001278,172.217.194.0-255,2902,77366,50,116820
30900,0.001282,172.31.46.0-255,66,77432,50,116820
30901,0.001287,172.217.194.0-255,2902,80334,50,116820
30902,0.001289,172.31.46.0-255,66,80400,50,116820
30903,0.00131,172.217.194.0-255,2902,83302,50,116820
30904,0.001312,172.31.46.0-255,66,83368,50,116820
30905,0.001324,172.31.46.0-255,66,83434,50,116820
30906,0.001351,172.217.194.0-255,4320,87754,50,116820
30907,0.001366,172.31.46.0-255,66,87820,50,116820
30908,0.001369,172.31.46.0-255,66,87886,50,116820
30909,0.001556,172.217.194.0-255,1484,89370,50,116820
30910,0.001578,172.217.194.0-255,2902,92272,50,116820
30911,0.001582,172.217.194.0-255,2902,95174,50,116820
30912,0.001587,172.31.46.0-255,66,95240,50,116820
30913,0.00159,172.31.46.0-255,66,95306,50,116820
30914,0.001617,172.217.194.0-255,2902,98208,50,116820
30915,0.00162,172.31.46.0-255,66,98274,50,116820
30916,0.001628,172.217.194.0-255,7156,105430,50,116820
30917,0.00163,172.31.46.0-255,66,105496,50,116820
30918,0.001637,172.217.194.0-255,4320,109816,50,116820
30919,0.001639,172.31.46.0-255,66,109882,50,116820
30920,0.001675,172.31.46.0-255,66,109948,50,116820
30921,0.001688,172.31.46.0-255,66,110014,50,116820
30922,0.001779,172.31.46.0-255,66,110080,50,116820
30923,0.001797,172.31.46.0-255,66,110146,50,116820
30924,0.001818,172.31.46.0-255,66,110212,50,116820
30925,0.001829,172.31.46.0-255,66,110278,50,116820
30926,0.001874,172.31.46.0-255,66,110344,50,116820
30927,0.001892,172.31.46.0-255,66,110410,50,116820
30928,0.00194,172.31.46.0-255,66,110476,50,116820
30929,0.001956,172.31.46.0-255,66,110542,50,116820
30930,0.001986,172.31.46.0-255,66,110608,50,116820
30931,0.001993,172.217.194.0-255,5738,116346,50,116820
30932,0.001996,172.31.46.0-255,66,116412,50,116820
30933,0.002057,172.31.46.0-255,66,116478,50,116820
30934,0.00206,172.217.194.0-255,105,116583,50,116820
30935,0.010051,172.31.46.0-255,66,116649,50,116820
30936,0.011639,172.31.46.0-255,105,116754,50,116820
30937,0.01393,172.217.194.0-255,66,116820,50,116820
30938,0.0,172.217.194.0-255,146,146,50,201553
30939,1.3e-05,172.31.46.0-255,66,212,50,201553
30940,4.5e-05,172.217.194.0-255,1484,1696,50,201553
30941,4.9e-05,172.31.46.0-255,66,1762,50,201553
30942,5.4e-05,172.217.194.0-255,2902,4664,50,201553
30943,5.8e-05,172.31.46.0-255,66,4730,50,201553
30944,7.1e-05,172.217.194.0-255,7156,11886,50,201553
30945,7.5e-05,172.31.46.0-255,66,11952,50,201553
30946,0.000109,172.31.46.0-255,66,12018,50,201553
30947,0.000161,172.31.46.0-255,66,12084,50,201553
30948,0.000206,172.217.194.0-255,1484,13568,50,201553
30949,0.000208,172.31.46.0-255,66,13634,50,201553
30950,0.000213,172.217.194.0-255,2902,16536,50,201553
30951,0.000215,172.31.46.0-255,66,16602,50,201553
30952,0.000225,172.217.194.0-255,5738,22340,50,201553
30953,0.000227,172.31.46.0-255,66,22406,50,201553
30954,0.000232,172.217.194.0-255,2902,25308,50,201553
30955,0.000234,172.31.46.0-255,66,25374,50,201553
30956,0.000283,172.31.46.0-255,66,25440,50,201553
30957,0.000298,172.31.46.0-255,66,25506,50,201553
30958,0.000301,172.217.194.0-255,118,25624,50,201553
30959,0.000303,172.31.46.0-255,66,25690,50,201553
30960,0.000305,172.217.194.0-255,383,26073,50,201553
30961,0.000307,172.31.46.0-255,66,26139,50,201553
30962,0.000528,172.217.194.0-255,1484,27623,50,201553
30963,0.000532,172.31.46.0-255,66,27689,50,201553
30964,0.000537,172.217.194.0-255,2902,30591,50,201553
30965,0.00054,172.31.46.0-255,66,30657,50,201553
30966,0.000567,172.217.194.0-255,5738,36395,50,201553
30967,0.00057,172.31.46.0-255,66,36461,50,201553
30968,0.000575,172.217.194.0-255,4320,40781,50,201553
30969,0.000577,172.31.46.0-255,66,40847,50,201553
30970,0.000599,172.217.194.0-255,5738,46585,50,201553
30971,0.000605,172.31.46.0-255,66,46651,50,201553
30972,0.000619,172.217.194.0-255,5738,52389,50,201553
30973,0.000621,172.31.46.0-255,66,52455,50,201553
30974,0.000655,172.31.46.0-255,66,52521,50,201553
30975,0.000921,172.217.194.0-255,1484,54005,50,201553
30976,0.000928,172.217.194.0-255,2902,56907,50,201553
30977,0.000931,172.31.46.0-255,66,56973,50,201553
30978,0.000964,172.217.194.0-255,5738,62711,50,201553
30979,0.000966,172.31.46.0-255,66,62777,50,201553
30980,0.000974,172.217.194.0-255,7156,69933,50,201553
30981,0.000976,172.31.46.0-255,66,69999,50,201553
30982,0.000999,172.217.194.0-255,4320,74319,50,201553
30983,0.001005,172.31.46.0-255,66,74385,50,201553
30984,0.001046,172.31.46.0-255,66,74451,50,201553
30985,0.001081,172.31.46.0-255,66,74517,50,201553
30986,0.001084,172.217.194.0-255,1484,76001,50,201553
30987,0.001089,172.217.194.0-255,2902,78903,50,201553
30988,0.001091,172.31.46.0-255,66,78969,50,201553
30989,0.00113,172.31.46.0-255,66,79035,50,201553
30990,0.001136,172.217.194.0-255,3602,82637,50,201553
30991,0.001138,172.31.46.0-255,66,82703,50,201553
30992,0.001199,172.217.194.0-255,1484,84187,50,201553
30993,0.001205,172.217.194.0-255,2902,87089,50,201553
30994,0.001208,172.31.46.0-255,66,87155,50,201553
30995,0.001237,172.217.194.0-255,5738,92893,50,201553
30996,0.00124,172.31.46.0-255,66,92959,50,201553
30997,0.001246,172.217.194.0-255,4320,97279,50,201553
30998,0.001248,172.31.46.0-255,66,97345,50,201553
30999,0.001288,172.31.46.0-255,66,97411,50,201553
31000,0.001291,172.217.194.0-255,1484,98895,50,201553
31001,0.001331,172.31.46.0-255,66,98961,50,201553
31002,0.001829,172.217.194.0-255,1484,100445,50,201553
31003,0.001838,172.217.194.0-255,2902,103347,50,201553
31004,0.001842,172.31.46.0-255,66,103413,50,201553
31005,0.001905,172.217.194.0-255,5738,109151,50,201553
31006,0.001908,172.31.46.0-255,66,109217,50,201553
31007,0.001926,172.31.46.0-255,66,109283,50,201553
31008,0.001939,172.31.46.0-255,66,109349,50,201553
31009,0.001943,172.217.194.0-255,1484,110833,50,201553
31010,0.001971,172.217.194.0-255,2902,113735,50,201553
31011,0.001974,172.31.46.0-255,66,113801,50,201553
31012,0.00198,172.217.194.0-255,5738,119539,50,201553
31013,0.001982,172.31.46.0-255,66,119605,50,201553
31014,0.00201,172.31.46.0-255,66,119671,50,201553
31015,0.00204,172.217.194.0-255,4320,123991,50,201553
31016,0.002043,172.31.46.0-255,66,124057,50,201553
31017,0.00208,172.31.46.0-255,66,124123,50,201553
31018,0.004119,172.217.194.0-255,5738,129861,50,201553
31019,0.004126,172.31.46.0-255,66,129927,50,201553
31020,0.006175,172.217.194.0-255,5738,135665,50,201553
31021,0.006181,172.31.46.0-255,66,135731,50,201553
31022,0.008208,172.217.194.0-255,5738,141469,50,201553
31023,0.008211,172.31.46.0-255,66,141535,50,201553
31024,0.010274,172.217.194.0-255,5738,147273,50,201553
31025,0.010281,172.31.46.0-255,66,147339,50,201553
31026,0.012319,172.217.194.0-255,5738,153077,50,201553
31027,0.012325,172.31.46.0-255,66,153143,50,201553
31028,0.014397,172.217.194.0-255,5738,158881,50,201553
31029,0.014405,172.31.46.0-255,66,158947,50,201553
31030,0.016448,172.217.194.0-255,5738,164685,50,201553
31031,0.016455,172.31.46.0-255,66,164751,50,201553
31032,0.018498,172.217.194.0-255,5738,170489,50,201553
31033,0.018507,172.31.46.0-255,66,170555,50,201553
31034,0.020532,172.217.194.0-255,5738,176293,50,201553
31035,0.02054,172.31.46.0-255,66,176359,50,201553
31036,0.022578,172.217.194.0-255,5738,182097,50,201553
31037,0.022584,172.31.46.0-255,66,182163,50,201553
31038,0.024627,172.217.194.0-255,5738,187901,50,201553
31039,0.024634,172.31.46.0-255,66,187967,50,201553
31040,0.026666,172.217.194.0-255,4320,192287,50,201553
31041,0.026685,172.31.46.0-255,66,192353,50,201553
31042,0.026717,172.217.194.0-255,1484,193837,50,201553
31043,0.026848,172.31.46.0-255,172,194009,50,201553
31044,0.026876,172.31.46.0-255,1112,195121,50,201553
31045,0.027003,172.31.46.0-255,1514,196635,50,201553
31046,0.027006,172.31.46.0-255,334,196969,50,201553
31047,0.028387,104.244.42.0-255,66,197035,50,201553
31048,0.028394,104.244.42.0-255,66,197101,50,201553
31049,0.028512,104.244.42.0-255,66,197167,50,201553
31050,0.028705,172.217.194.0-255,4320,201487,50,201553
31051,0.028709,172.31.46.0-255,66,201553,50,201553
31052,0.0,74.125.68.0-255,153,153,50,214073
31053,2.4e-05,172.31.46.0-255,66,219,50,214073
31054,3e-05,74.125.68.0-255,1484,1703,50,214073
31055,3.5e-05,172.31.46.0-255,66,1769,50,214073
31056,4e-05,74.125.68.0-255,2902,4671,50,214073
31057,5.1e-05,172.31.46.0-255,66,4737,50,214073
31058,6e-05,74.125.68.0-255,7156,11893,50,214073
31059,6.3e-05,172.31.46.0-255,66,11959,50,214073
31060,6.7e-05,74.125.68.0-255,2123,14082,50,214073
31061,7e-05,172.31.46.0-255,66,14148,50,214073
31062,0.000104,172.31.46.0-255,66,14214,50,214073
31063,0.000115,74.125.68.0-255,4320,18534,50,214073
31064,0.000117,172.31.46.0-255,66,18600,50,214073
31065,0.000142,74.125.68.0-255,1125,19725,50,214073
31066,0.000145,172.31.46.0-255,66,19791,50,214073
31067,0.000241,74.125.68.0-255,1484,21275,50,214073
31068,0.000245,172.31.46.0-255,66,21341,50,214073
31069,0.000276,74.125.68.0-255,2902,24243,50,214073
31070,0.000279,172.31.46.0-255,66,24309,50,214073
31071,0.000285,74.125.68.0-255,5738,30047,50,214073
31072,0.000288,172.31.46.0-255,66,30113,50,214073
31073,0.000293,74.125.68.0-255,2902,33015,50,214073
31074,0.000308,172.31.46.0-255,66,33081,50,214073
31075,0.000315,74.125.68.0-255,2902,35983,50,214073
31076,0.000318,172.31.46.0-255,66,36049,50,214073
31077,0.000349,74.125.68.0-255,6797,42846,50,214073
31078,0.000352,172.31.46.0-255,66,42912,50,214073
31079,0.000364,172.31.46.0-255,66,42978,50,214073
31080,0.000366,74.125.68.0-255,1401,44379,50,214073
31081,0.000369,172.31.46.0-255,66,44445,50,214073
31082,0.000457,74.125.68.0-255,130,44575,50,214073
31083,0.000523,74.125.68.0-255,1484,46059,50,214073
31084,0.000527,172.31.46.0-255,66,46125,50,214073
31085,0.000534,74.125.68.0-255,2902,49027,50,214073
31086,0.000537,172.31.46.0-255,66,49093,50,214073
31087,0.000559,74.125.68.0-255,5738,54831,50,214073
31088,0.000562,172.31.46.0-255,66,54897,50,214073
31089,0.000598,74.125.68.0-255,6497,61394,50,214073
31090,0.000601,172.31.46.0-255,66,61460,50,214073
31091,0.000743,74.125.68.0-255,1484,62944,50,214073
31092,0.000748,74.125.68.0-255,2902,65846,50,214073
31093,0.000754,172.31.46.0-255,66,65912,50,214073
31094,0.000779,74.125.68.0-255,2902,68814,50,214073
31095,0.000783,172.31.46.0-255,66,68880,50,214073
31096,0.000789,74.125.68.0-255,4320,73200,50,214073
31097,0.000791,172.31.46.0-255,66,73266,50,214073
31098,0.000797,74.125.68.0-255,4320,77586,50,214073
31099,0.000799,172.31.46.0-255,66,77652,50,214073
31100,0.000827,74.125.68.0-255,4320,81972,50,214073
31101,0.000833,74.125.68.0-255,7156,89128,50,214073
31102,0.00084,172.31.46.0-255,66,89194,50,214073
31103,0.000853,172.31.46.0-255,66,89260,50,214073
31104,0.000889,74.125.68.0-255,6438,95698,50,214073
31105,0.000893,172.31.46.0-255,66,95764,50,214073
31106,0.001458,74.125.68.0-255,1484,97248,50,214073
31107,0.001463,74.125.68.0-255,1484,98732,50,214073
31108,0.001466,172.31.46.0-255,66,98798,50,214073
31109,0.001494,74.125.68.0-255,1484,100282,50,214073
31110,0.001502,74.125.68.0-255,5738,106020,50,214073
31111,0.001504,172.31.46.0-255,66,106086,50,214073
31112,0.001545,172.31.46.0-255,66,106152,50,214073
31113,0.001551,74.125.68.0-255,4320,110472,50,214073
31114,0.001552,172.31.46.0-255,66,110538,50,214073
31115,0.001581,74.125.68.0-255,1484,112022,50,214073
31116,0.001603,74.125.68.0-255,5020,117042,50,214073
31117,0.001605,172.31.46.0-255,66,117108,50,214073
31118,0.001908,74.125.68.0-255,1484,118592,50,214073
31119,0.001936,74.125.68.0-255,1484,120076,50,214073
31120,0.001941,172.31.46.0-255,66,120142,50,214073
31121,0.002,74.125.68.0-255,1484,121626,50,214073
31122,0.002028,74.125.68.0-255,1484,123110,50,214073
31123,0.002032,172.31.46.0-255,66,123176,50,214073
31124,0.002041,74.125.68.0-255,2902,126078,50,214073
31125,0.002058,172.31.46.0-255,66,126144,50,214073
31126,0.002064,74.125.68.0-255,5738,131882,50,214073
31127,0.002066,172.31.46.0-255,66,131948,50,214073
31128,0.002109,172.31.46.0-255,66,132014,50,214073
31129,0.002164,74.125.68.0-255,2902,134916,50,214073
31130,0.002167,172.31.46.0-255,66,134982,50,214073
31131,0.002197,74.125.68.0-255,5020,140002,50,214073
31132,0.0022,172.31.46.0-255,66,140068,50,214073
31133,0.004408,74.125.68.0-255,5738,145806,50,214073
31134,0.00442,172.31.46.0-255,66,145872,50,214073
31135,0.006617,74.125.68.0-255,1484,147356,50,214073
31136,0.006638,74.125.68.0-255,4320,151676,50,214073
31137,0.006641,172.31.46.0-255,66,151742,50,214073
31138,0.008855,74.125.68.0-255,5738,157480,50,214073
31139,0.008865,172.31.46.0-255,66,157546,50,214073
31140,0.01108,74.125.68.0-255,5738,163284,50,214073
31141,0.011093,172.31.46.0-255,66,163350,50,214073
31142,0.013303,74.125.68.0-255,5738,169088,50,214073
31143,0.013316,172.31.46.0-255,66,169154,50,214073
31144,0.015539,74.125.68.0-255,5738,174892,50,214073
31145,0.015554,172.31.46.0-255,66,174958,50,214073
31146,0.017776,74.125.68.0-255,5738,180696,50,214073
31147,0.017791,172.31.46.0-255,66,180762,50,214073
31148,0.02002,74.125.68.0-255,5738,186500,50,214073
31149,0.020036,172.31.46.0-255,66,186566,50,214073
31150,0.022258,74.125.68.0-255,5738,192304,50,214073
31151,0.022272,172.31.46.0-255,66,192370,50,214073
31152,0.024502,74.125.68.0-255,5738,198108,50,214073
31153,0.024519,172.31.46.0-255,66,198174,50,214073
31154,0.026747,74.125.68.0-255,5738,203912,50,214073
31155,0.026759,172.31.46.0-255,66,203978,50,214073
31156,0.027922,172.31.46.0-255,172,204150,50,214073
31157,0.027957,172.31.46.0-255,1113,205263,50,214073
31158,0.028013,172.31.46.0-255,1514,206777,50,214073
31159,0.028015,172.31.46.0-255,1294,208071,50,214073
31160,0.028969,74.125.68.0-255,5738,213809,50,214073
31161,0.028981,172.31.46.0-255,66,213875,50,214073
31162,0.029448,104.244.42.0-255,66,213941,50,214073
31163,0.02948,104.244.42.0-255,66,214007,50,214073
31164,0.029573,104.244.42.0-255,66,214073,50,214073
31165,0.0,74.125.24.0-255,150,150,50,235458
31166,1.3e-05,172.31.46.0-255,66,216,50,235458
31167,1.9e-05,74.125.24.0-255,1484,1700,50,235458
31168,2.3e-05,172.31.46.0-255,66,1766,50,235458
31169,2.8e-05,74.125.24.0-255,2902,4668,50,235458
31170,3.8e-05,172.31.46.0-255,66,4734,50,235458
31171,4.2e-05,74.125.24.0-255,2902,7636,50,235458
31172,4.4e-05,172.31.46.0-255,66,7702,50,235458
31173,8.5e-05,172.31.46.0-255,66,7768,50,235458
31174,9e-05,74.125.24.0-255,4320,12088,50,235458
31175,9.2e-05,172.31.46.0-255,66,12154,50,235458
31176,0.000121,172.31.46.0-255,66,12220,50,235458
31177,0.000207,74.125.24.0-255,1484,13704,50,235458
31178,0.00021,172.31.46.0-255,66,13770,50,235458
31179,0.000215,74.125.24.0-255,2902,16672,50,235458
31180,0.000217,172.31.46.0-255,66,16738,50,235458
31181,0.000243,74.125.24.0-255,5738,22476,50,235458
31182,0.000245,172.31.46.0-255,66,22542,50,235458
31183,0.000252,74.125.24.0-255,6797,29339,50,235458
31184,0.000254,172.31.46.0-255,66,29405,50,235458
31185,0.000297,172.31.46.0-255,66,29471,50,235458
31186,0.000301,74.125.24.0-255,2850,32321,50,235458
31187,0.000302,172.31.46.0-255,66,32387,50,235458
31188,0.000343,74.125.24.0-255,114,32501,50,235458
31189,0.000345,172.31.46.0-255,66,32567,50,235458
31190,0.000474,74.125.24.0-255,1484,34051,50,235458
31191,0.00048,74.125.24.0-255,2902,36953,50,235458
31192,0.000485,172.31.46.0-255,66,37019,50,235458
31193,0.000493,172.31.46.0-255,66,37085,50,235458
31194,0.000499,74.125.24.0-255,5738,42823,50,235458
31195,0.000504,172.31.46.0-255,66,42889,50,235458
31196,0.000532,74.125.24.0-255,5738,48627,50,235458
31197,0.000535,172.31.46.0-255,66,48693,50,235458
31198,0.000566,172.31.46.0-255,66,48759,50,235458
31199,0.000576,172.31.46.0-255,66,48825,50,235458
31200,0.000819,74.125.24.0-255,1484,50309,50,235458
31201,0.000833,74.125.24.0-255,2902,53211,50,235458
31202,0.000836,172.31.46.0-255,66,53277,50,235458
31203,0.000842,74.125.24.0-255,4320,57597,50,235458
31204,0.000844,172.31.46.0-255,66,57663,50,235458
31205,0.000869,74.125.24.0-255,1484,59147,50,235458
31206,0.000874,74.125.24.0-255,4320,63467,50,235458
31207,0.000876,172.31.46.0-255,66,63533,50,235458
31208,0.000881,74.125.24.0-255,2902,66435,50,235458
31209,0.000882,172.31.46.0-255,66,66501,50,235458
31210,0.000918,172.31.46.0-255,66,66567,50,235458
31211,0.000927,172.31.46.0-255,66,66633,50,235458
31212,0.000985,172.31.46.0-255,66,66699,50,235458
31213,0.00099,74.125.24.0-255,4320,71019,50,235458
31214,0.000992,172.31.46.0-255,66,71085,50,235458
31215,0.001032,172.31.46.0-255,66,71151,50,235458
31216,0.001037,74.125.24.0-255,3602,74753,50,235458
31217,0.001039,172.31.46.0-255,66,74819,50,235458
31218,0.001154,74.125.24.0-255,1484,76303,50,235458
31219,0.001159,74.125.24.0-255,2902,79205,50,235458
31220,0.001162,172.31.46.0-255,66,79271,50,235458
31221,0.00122,74.125.24.0-255,5738,85009,50,235458
31222,0.001223,172.31.46.0-255,66,85075,50,235458
31223,0.001239,172.31.46.0-255,66,85141,50,235458
31224,0.001245,74.125.24.0-255,7156,92297,50,235458
31225,0.001247,172.31.46.0-255,66,92363,50,235458
31226,0.001278,74.125.24.0-255,3602,95965,50,235458
31227,0.001281,172.31.46.0-255,66,96031,50,235458
31228,0.001315,74.125.24.0-255,1484,97515,50,235458
31229,0.001319,74.125.24.0-255,2902,100417,50,235458
31230,0.001322,172.31.46.0-255,66,100483,50,235458
31231,0.00135,74.125.24.0-255,5738,106221,50,235458
31232,0.001354,74.125.24.0-255,2902,109123,50,235458
31233,0.001357,172.31.46.0-255,66,109189,50,235458
31234,0.00136,172.31.46.0-255,66,109255,50,235458
31235,0.001404,172.31.46.0-255,66,109321,50,235458
31236,0.00141,74.125.24.0-255,7156,116477,50,235458
31237,0.001412,172.31.46.0-255,66,116543,50,235458
31238,0.001415,74.125.24.0-255,1484,118027,50,235458
31239,0.00145,74.125.24.0-255,2184,120211,50,235458
31240,0.001453,172.31.46.0-255,66,120277,50,235458
31241,0.001458,74.125.24.0-255,4320,124597,50,235458
31242,0.00146,172.31.46.0-255,66,124663,50,235458
31243,0.001494,172.31.46.0-255,66,124729,50,235458
31244,0.001512,172.31.46.0-255,66,124795,50,235458
31245,0.001542,172.31.46.0-255,66,124861,50,235458
31246,0.001946,74.125.24.0-255,1484,126345,50,235458
31247,0.001951,74.125.24.0-255,1484,127829,50,235458
31248,0.001955,172.31.46.0-255,66,127895,50,235458
31249,0.001973,74.125.24.0-255,1484,129379,50,235458
31250,0.001979,74.125.24.0-255,5738,135117,50,235458
31251,0.001982,172.31.46.0-255,66,135183,50,235458
31252,0.001989,74.125.24.0-255,7156,142339,50,235458
31253,0.001991,172.31.46.0-255,66,142405,50,235458
31254,0.00203,172.31.46.0-255,66,142471,50,235458
31255,0.00206,74.125.24.0-255,4320,146791,50,235458
31256,0.002063,172.31.46.0-255,66,146857,50,235458
31257,0.002067,74.125.24.0-255,2184,149041,50,235458
31258,0.002069,172.31.46.0-255,66,149107,50,235458
31259,0.002142,74.125.24.0-255,1484,150591,50,235458
31260,0.002148,74.125.24.0-255,2902,153493,50,235458
31261,0.00215,172.31.46.0-255,66,153559,50,235458
31262,0.002165,74.125.24.0-255,5738,159297,50,235458
31263,0.002171,172.31.46.0-255,66,159363,50,235458
31264,0.002176,74.125.24.0-255,2902,162265,50,235458
31265,0.002179,172.31.46.0-255,66,162331,50,235458
31266,0.002213,74.125.24.0-255,4320,166651,50,235458
31267,0.002216,172.31.46.0-255,66,166717,50,235458
31268,0.002226,172.31.46.0-255,66,166783,50,235458
31269,0.002232,74.125.24.0-255,4320,171103,50,235458
31270,0.002238,172.31.46.0-255,66,171169,50,235458
31271,0.002268,74.125.24.0-255,3602,174771,50,235458
31272,0.00227,172.31.46.0-255,66,174837,50,235458
31273,0.002308,74.125.24.0-255,7156,181993,50,235458
31274,0.002311,172.31.46.0-255,66,182059,50,235458
31275,0.002326,172.31.46.0-255,66,182125,50,235458
31276,0.002386,172.31.46.0-255,66,182191,50,235458
31277,0.002416,74.125.24.0-255,7156,189347,50,235458
31278,0.002419,172.31.46.0-255,66,189413,50,235458
31279,0.002422,74.125.24.0-255,766,190179,50,235458
31280,0.004757,74.125.24.0-255,4320,194499,50,235458
31281,0.004763,172.31.46.0-255,66,194565,50,235458
31282,0.007094,74.125.24.0-255,4320,198885,50,235458
31283,0.007099,172.31.46.0-255,66,198951,50,235458
31284,0.007121,74.125.24.0-255,1484,200435,50,235458
31285,0.00939,74.125.24.0-255,4320,204755,50,235458
31286,0.009396,172.31.46.0-255,66,204821,50,235458
31287,0.011705,74.125.24.0-255,4320,209141,50,235458
31288,0.011712,172.31.46.0-255,66,209207,50,235458
31289,0.011742,74.125.24.0-255,1484,210691,50,235458
31290,0.014035,74.125.24.0-255,4320,215011,50,235458
31291,0.014044,172.31.46.0-255,66,215077,50,235458
31292,0.016337,74.125.24.0-255,5738,220815,50,235458
31293,0.016347,172.31.46.0-255,66,220881,50,235458
31294,0.018699,74.125.24.0-255,5738,226619,50,235458
31295,0.018708,172.31.46.0-255,66,226685,50,235458
31296,0.021,74.125.24.0-255,5738,232423,50,235458
31297,0.021008,172.31.46.0-255,66,232489,50,235458
31298,0.023284,74.125.24.0-255,2732,235221,50,235458
31299,0.023291,172.31.46.0-255,66,235287,50,235458
31300,0.023448,172.31.46.0-255,105,235392,50,235458
31301,0.025692,74.125.24.0-255,66,235458,50,235458
31302,0.0,74.125.24.0-255,145,145,50,216504
31303,2.3e-05,172.31.46.0-255,66,211,50,216504
31304,3.1e-05,74.125.24.0-255,1484,1695,50,216504
31305,3.6e-05,172.31.46.0-255,66,1761,50,216504
31306,4.2e-05,74.125.24.0-255,2902,4663,50,216504
31307,4.5e-05,172.31.46.0-255,66,4729,50,216504
31308,5.3e-05,74.125.24.0-255,7156,11885,50,216504
31309,5.7e-05,172.31.46.0-255,66,11951,50,216504
31310,6.3e-05,74.125.24.0-255,4921,16872,50,216504
31311,6.6e-05,172.31.46.0-255,66,16938,50,216504
31312,8.7e-05,74.125.24.0-255,4320,21258,50,216504
31313,9e-05,172.31.46.0-255,66,21324,50,216504
31314,0.00012,172.31.46.0-255,66,21390,50,216504
31315,0.00027,74.125.24.0-255,1484,22874,50,216504
31316,0.000275,172.31.46.0-255,66,22940,50,216504
31317,0.000281,74.125.24.0-255,2902,25842,50,216504
31318,0.000284,172.31.46.0-255,66,25908,50,216504
31319,0.000287,74.125.24.0-255,1484,27392,50,216504
31320,0.00029,172.31.46.0-255,66,27458,50,216504
31321,0.000315,74.125.24.0-255,4320,31778,50,216504
31322,0.000318,172.31.46.0-255,66,31844,50,216504
31323,0.000323,74.125.24.0-255,4320,36164,50,216504
31324,0.000326,172.31.46.0-255,66,36230,50,216504
31325,0.000344,74.125.24.0-255,1484,37714,50,216504
31326,0.000346,172.31.46.0-255,66,37780,50,216504
31327,0.000372,172.31.46.0-255,66,37846,50,216504
31328,0.000379,74.125.24.0-255,6797,44643,50,216504
31329,0.000382,172.31.46.0-255,66,44709,50,216504
31330,0.000465,74.125.24.0-255,645,45354,50,216504
31331,0.00047,172.31.46.0-255,66,45420,50,216504
31332,0.000646,74.125.24.0-255,1484,46904,50,216504
31333,0.000652,74.125.24.0-255,1484,48388,50,216504
31334,0.000656,172.31.46.0-255,66,48454,50,216504
31335,0.000677,74.125.24.0-255,1484,49938,50,216504
31336,0.000685,74.125.24.0-255,5738,55676,50,216504
31337,0.000688,172.31.46.0-255,66,55742,50,216504
31338,0.000727,172.31.46.0-255,66,55808,50,216504
31339,0.000732,74.125.24.0-255,4320,60128,50,216504
31340,0.000735,172.31.46.0-255,66,60194,50,216504
31341,0.000777,74.125.24.0-255,5738,65932,50,216504
31342,0.00078,172.31.46.0-255,66,65998,50,216504
31343,0.000796,74.125.24.0-255,766,66764,50,216504
31344,0.001086,74.125.24.0-255,1484,68248,50,216504
31345,0.001093,172.31.46.0-255,66,68314,50,216504
31346,0.001099,74.125.24.0-255,2902,71216,50,216504
31347,0.001102,172.31.46.0-255,66,71282,50,216504
31348,0.001108,74.125.24.0-255,4320,75602,50,216504
31349,0.00111,172.31.46.0-255,66,75668,50,216504
31350,0.001134,74.125.24.0-255,1484,77152,50,216504
31351,0.00114,74.125.24.0-255,5738,82890,50,216504
31352,0.001143,172.31.46.0-255,66,82956,50,216504
31353,0.001146,74.125.24.0-255,1484,84440,50,216504
31354,0.001184,172.31.46.0-255,66,84506,50,216504
31355,0.00119,74.125.24.0-255,5020,89526,50,216504
31356,0.001193,172.31.46.0-255,66,89592,50,216504
31357,0.00123,74.125.24.0-255,1484,91076,50,216504
31358,0.001235,74.125.24.0-255,2902,93978,50,216504
31359,0.001238,172.31.46.0-255,66,94044,50,216504
31360,0.001255,74.125.24.0-255,1484,95528,50,216504
31361,0.001274,74.125.24.0-255,4320,99848,50,216504
31362,0.001277,172.31.46.0-255,66,99914,50,216504
31363,0.001284,74.125.24.0-255,5738,105652,50,216504
31364,0.001287,172.31.46.0-255,66,105718,50,216504
31365,0.001315,74.125.24.0-255,1484,107202,50,216504
31366,0.00133,74.125.24.0-255,7156,114358,50,216504
31367,0.001336,172.31.46.0-255,66,114424,50,216504
31368,0.001339,172.31.46.0-255,66,114490,50,216504
31369,0.001352,74.125.24.0-255,766,115256,50,216504
31370,0.00169,74.125.24.0-255,1484,116740,50,216504
31371,0.001696,172.31.46.0-255,66,116806,50,216504
31372,0.001701,74.125.24.0-255,2902,119708,50,216504
31373,0.001704,172.31.46.0-255,66,119774,50,216504
31374,0.00171,74.125.24.0-255,5738,125512,50,216504
31375,0.001713,172.31.46.0-255,66,125578,50,216504
31376,0.001749,172.31.46.0-255,66,125644,50,216504
31377,0.00177,74.125.24.0-255,4320,129964,50,216504
31378,0.001773,172.31.46.0-255,66,130030,50,216504
31379,0.001792,74.125.24.0-255,7156,137186,50,216504
31380,0.001795,172.31.46.0-255,66,137252,50,216504
31381,0.001813,74.125.24.0-255,3602,140854,50,216504
31382,0.001816,172.31.46.0-255,66,140920,50,216504
31383,0.003847,74.125.24.0-255,1484,142404,50,216504
31384,0.003875,74.125.24.0-255,4320,146724,50,216504
31385,0.003881,172.31.46.0-255,66,146790,50,216504
31386,0.005919,74.125.24.0-255,1484,148274,50,216504
31387,0.005942,74.125.24.0-255,4320,152594,50,216504
31388,0.005945,172.31.46.0-255,66,152660,50,216504
31389,0.008004,74.125.24.0-255,5738,158398,50,216504
31390,0.00801,172.31.46.0-255,66,158464,50,216504
31391,0.010052,74.125.24.0-255,5738,164202,50,216504
31392,0.010061,172.31.46.0-255,66,164268,50,216504
31393,0.012118,74.125.24.0-255,5738,170006,50,216504
31394,0.012129,172.31.46.0-255,66,170072,50,216504
31395,0.014207,74.125.24.0-255,5738,175810,50,216504
31396,0.014219,172.31.46.0-255,66,175876,50,216504
31397,0.016285,74.125.24.0-255,5738,181614,50,216504
31398,0.016304,172.31.46.0-255,66,181680,50,216504
31399,0.018357,74.125.24.0-255,5738,187418,50,216504
31400,0.01837,172.31.46.0-255,66,187484,50,216504
31401,0.020436,74.125.24.0-255,5738,193222,50,216504
31402,0.020447,172.31.46.0-255,66,193288,50,216504
31403,0.022495,74.125.24.0-255,5738,199026,50,216504
31404,0.022504,172.31.46.0-255,66,199092,50,216504
31405,0.024546,74.125.24.0-255,5738,204830,50,216504
31406,0.024558,172.31.46.0-255,66,204896,50,216504
31407,0.026613,74.125.24.0-255,5738,210634,50,216504
31408,0.026619,172.31.46.0-255,66,210700,50,216504
31409,0.028669,74.125.24.0-255,5738,216438,50,216504
31410,0.028683,172.31.46.0-255,66,216504,50,216504
31411,0.0,172.217.194.0-255,146,146,50,192901
31412,1.5e-05,172.31.46.0-255,66,212,50,192901
31413,2.2e-05,172.217.194.0-255,1484,1696,50,192901
31414,2.7e-05,172.31.46.0-255,66,1762,50,192901
31415,4e-05,172.217.194.0-255,2902,4664,50,192901
31416,5.9e-05,172.31.46.0-255,66,4730,50,192901
31417,6.7e-05,172.217.194.0-255,7156,11886,50,192901
31418,7.1e-05,172.31.46.0-255,66,11952,50,192901
31419,7.5e-05,172.217.194.0-255,2081,14033,50,192901
31420,7.8e-05,172.31.46.0-255,66,14099,50,192901
31421,0.000134,172.217.194.0-255,2902,17001,50,192901
31422,0.000137,172.31.46.0-255,66,17067,50,192901
31423,0.000145,172.217.194.0-255,7156,24223,50,192901
31424,0.000147,172.31.46.0-255,66,24289,50,192901
31425,0.000192,172.31.46.0-255,66,24355,50,192901
31426,0.000204,172.31.46.0-255,66,24421,50,192901
31427,0.000207,172.217.194.0-255,1125,25546,50,192901
31428,0.000209,172.31.46.0-255,66,25612,50,192901
31429,0.000726,172.217.194.0-255,1484,27096,50,192901
31430,0.000732,172.31.46.0-255,66,27162,50,192901
31431,0.000738,172.217.194.0-255,2902,30064,50,192901
31432,0.00074,172.31.46.0-255,66,30130,50,192901
31433,0.000753,172.217.194.0-255,5738,35868,50,192901
31434,0.000755,172.31.46.0-255,66,35934,50,192901
31435,0.00079,172.31.46.0-255,66,36000,50,192901
31436,0.000817,172.217.194.0-255,2543,38543,50,192901
31437,0.000819,172.31.46.0-255,66,38609,50,192901
31438,0.000837,172.31.46.0-255,66,38675,50,192901
31439,0.00084,172.217.194.0-255,1125,39800,50,192901
31440,0.000886,172.217.194.0-255,2902,42702,50,192901
31441,0.000911,172.31.46.0-255,66,42768,50,192901
31442,0.000936,172.217.194.0-255,5379,48147,50,192901
31443,0.000959,172.31.46.0-255,66,48213,50,192901
31444,0.00106,172.217.194.0-255,1484,49697,50,192901
31445,0.001079,172.217.194.0-255,2902,52599,50,192901
31446,0.001088,172.31.46.0-255,66,52665,50,192901
31447,0.001099,172.217.194.0-255,5738,58403,50,192901
31448,0.001104,172.31.46.0-255,66,58469,50,192901
31449,0.001153,172.217.194.0-255,1484,59953,50,192901
31450,0.001161,172.217.194.0-255,5738,65691,50,192901
31451,0.001168,172.31.46.0-255,66,65757,50,192901
31452,0.001214,172.31.46.0-255,66,65823,50,192901
31453,0.001234,172.217.194.0-255,3602,69425,50,192901
31454,0.00126,172.217.194.0-255,5738,75163,50,192901
31455,0.001276,172.217.194.0-255,5738,80901,50,192901
31456,0.001279,172.31.46.0-255,66,80967,50,192901
31457,0.001288,172.217.194.0-255,2764,83731,50,192901
31458,0.001305,172.31.46.0-255,66,83797,50,192901
31459,0.001739,172.217.194.0-255,1484,85281,50,192901
31460,0.001746,172.217.194.0-255,2902,88183,50,192901
31461,0.00175,172.31.46.0-255,66,88249,50,192901
31462,0.001756,172.217.194.0-255,2902,91151,50,192901
31463,0.001763,172.31.46.0-255,66,91217,50,192901
31464,0.001789,172.217.194.0-255,2902,94119,50,192901
31465,0.001809,172.217.194.0-255,5738,99857,50,192901
31466,0.001828,172.31.46.0-255,66,99923,50,192901
31467,0.001834,172.217.194.0-255,5020,104943,50,192901
31468,0.001882,172.217.194.0-255,1484,106427,50,192901
31469,0.001886,172.217.194.0-255,2902,109329,50,192901
31470,0.00189,172.217.194.0-255,2902,112231,50,192901
31471,0.001892,172.31.46.0-255,66,112297,50,192901
31472,0.001919,172.217.194.0-255,2902,115199,50,192901
31473,0.001925,172.217.194.0-255,5738,120937,50,192901
31474,0.001955,172.217.194.0-255,5020,125957,50,192901
31475,0.001972,172.31.46.0-255,66,126023,50,192901
31476,0.002339,172.217.194.0-255,1484,127507,50,192901
31477,0.002345,172.217.194.0-255,2902,130409,50,192901
31478,0.002349,172.31.46.0-255,66,130475,50,192901
31479,0.002377,172.217.194.0-255,5738,136213,50,192901
31480,0.002383,172.31.46.0-255,66,136279,50,192901
31481,0.002416,172.217.194.0-255,4320,140599,50,192901
31482,0.008148,172.31.46.0-255,66,140665,50,192901
31483,0.010495,172.217.194.0-255,5738,146403,50,192901
31484,0.010512,172.31.46.0-255,66,146469,50,192901
31485,0.012881,172.217.194.0-255,5738,152207,50,192901
31486,0.0129,172.31.46.0-255,66,152273,50,192901
31487,0.01529,172.217.194.0-255,5738,158011,50,192901
31488,0.015309,172.31.46.0-255,66,158077,50,192901
31489,0.017672,172.217.194.0-255,5738,163815,50,192901
31490,0.017691,172.31.46.0-255,66,163881,50,192901
31491,0.020107,172.217.194.0-255,5738,169619,50,192901
31492,0.020127,172.31.46.0-255,66,169685,50,192901
31493,0.022476,172.217.194.0-255,5738,175423,50,192901
31494,0.022491,172.31.46.0-255,66,175489,50,192901
31495,0.024877,172.217.194.0-255,5738,181227,50,192901
31496,0.024893,172.31.46.0-255,66,181293,50,192901
31497,0.027262,172.217.194.0-255,5738,187031,50,192901
31498,0.027272,172.31.46.0-255,66,187097,50,192901
31499,0.029607,172.217.194.0-255,5738,192835,50,192901
31500,0.029618,172.31.46.0-255,66,192901,50,192901
31501,0.0,172.217.194.0-255,147,147,50,213332
31502,2.3e-05,172.31.46.0-255,66,213,50,213332
31503,3.1e-05,172.217.194.0-255,1484,1697,50,213332
31504,3.5e-05,172.31.46.0-255,66,1763,50,213332
31505,4.9e-05,172.217.194.0-255,2902,4665,50,213332
31506,5.3e-05,172.31.46.0-255,66,4731,50,213332
31507,6.1e-05,172.217.194.0-255,7156,11887,50,213332
31508,6.4e-05,172.31.46.0-255,66,11953,50,213332
31509,7.7e-05,172.31.46.0-255,66,12019,50,213332
31510,0.00011,172.31.46.0-255,66,12085,50,213332
31511,0.000152,172.217.194.0-255,1484,13569,50,213332
31512,0.000155,172.31.46.0-255,66,13635,50,213332
31513,0.00016,172.217.194.0-255,2902,16537,50,213332
31514,0.000162,172.31.46.0-255,66,16603,50,213332
31515,0.000171,172.217.194.0-255,2902,19505,50,213332
31516,0.000173,172.31.46.0-255,66,19571,50,213332
31517,0.000195,172.217.194.0-255,2902,22473,50,213332
31518,0.000198,172.31.46.0-255,66,22539,50,213332
31519,0.000217,172.31.46.0-255,66,22605,50,213332
31520,0.00027,172.31.46.0-255,66,22671,50,213332
31521,0.000297,172.217.194.0-255,386,23057,50,213332
31522,0.000299,172.31.46.0-255,66,23123,50,213332
31523,0.000558,172.217.194.0-255,1484,24607,50,213332
31524,0.000563,172.217.194.0-255,2902,27509,50,213332
31525,0.000569,172.31.46.0-255,66,27575,50,213332
31526,0.000574,172.31.46.0-255,66,27641,50,213332
31527,0.000602,172.217.194.0-255,5738,33379,50,213332
31528,0.000605,172.31.46.0-255,66,33445,50,213332
31529,0.000649,172.31.46.0-255,66,33511,50,213332
31530,0.000659,172.217.194.0-255,2902,36413,50,213332
31531,0.0007,172.31.46.0-255,66,36479,50,213332
31532,0.001044,172.217.194.0-255,1484,37963,50,213332
31533,0.00105,172.217.194.0-255,2902,40865,50,213332
31534,0.001054,172.31.46.0-255,66,40931,50,213332
31535,0.001058,172.217.194.0-255,1484,42415,50,213332
31536,0.001084,172.217.194.0-255,4320,46735,50,213332
31537,0.001091,172.217.194.0-255,7156,53891,50,213332
31538,0.001108,172.31.46.0-255,66,53957,50,213332
31539,0.001133,172.217.194.0-255,5738,59695,50,213332
31540,0.001162,172.217.194.0-255,1484,61179,50,213332
31541,0.001194,172.217.194.0-255,1484,62663,50,213332
31542,0.001221,172.217.194.0-255,1484,64147,50,213332
31543,0.001227,172.217.194.0-255,5738,69885,50,213332
31544,0.001264,172.217.194.0-255,1484,71369,50,213332
31545,0.001284,172.217.194.0-255,2902,74271,50,213332
31546,0.001286,172.217.194.0-255,1484,75755,50,213332
31547,0.001307,172.217.194.0-255,4320,80075,50,213332
31548,0.001312,172.217.194.0-255,5738,85813,50,213332
31549,0.001331,172.217.194.0-255,7156,92969,50,213332
31550,0.001353,172.217.194.0-255,766,93735,50,213332
31551,0.001478,172.217.194.0-255,1484,95219,50,213332
31552,0.001499,172.217.194.0-255,2902,98121,50,213332
31553,0.001505,172.217.194.0-255,5738,103859,50,213332
31554,0.001534,172.217.194.0-255,7156,111015,50,213332
31555,0.001548,172.217.194.0-255,4320,115335,50,213332
31556,0.001555,172.217.194.0-255,7156,122491,50,213332
31557,0.001577,172.217.194.0-255,5020,127511,50,213332
31558,0.001604,172.217.194.0-255,1484,128995,50,213332
31559,0.00162,172.217.194.0-255,2902,131897,50,213332
31560,0.001643,172.217.194.0-255,5738,137635,50,213332
31561,0.001656,172.217.194.0-255,4320,141955,50,213332
31562,0.001705,172.217.194.0-255,2184,144139,50,213332
31563,0.001712,172.217.194.0-255,7156,151295,50,213332
31564,0.00173,172.217.194.0-255,4320,155615,50,213332
31565,0.001735,172.217.194.0-255,4320,159935,50,213332
31566,0.001772,172.217.194.0-255,1484,161419,50,213332
31567,0.001798,172.217.194.0-255,5020,166439,50,213332
31568,0.001805,172.217.194.0-255,7156,173595,50,213332
31569,0.001908,172.217.194.0-255,4320,177915,50,213332
31570,0.002002,172.217.194.0-255,1484,179399,50,213332
31571,0.002016,172.217.194.0-255,2902,182301,50,213332
31572,0.00202,172.217.194.0-255,2902,185203,50,213332
31573,0.002039,172.217.194.0-255,2902,188105,50,213332
31574,0.002067,172.217.194.0-255,7156,195261,50,213332
31575,0.002086,172.217.194.0-255,5738,200999,50,213332
31576,0.002107,172.217.194.0-255,2902,203901,50,213332
31577,0.002143,172.217.194.0-255,7156,211057,50,213332
31578,0.00559,172.31.46.0-255,66,211123,50,213332
31579,0.005666,172.31.46.0-255,101,211224,50,213332
31580,0.007718,172.217.194.0-255,1805,213029,50,213332
31581,0.007726,172.31.46.0-255,66,213095,50,213332
31582,0.007731,172.217.194.0-255,66,213161,50,213332
31583,0.008606,172.31.46.0-255,105,213266,50,213332
31584,0.010652,172.217.194.0-255,66,213332,50,213332
31585,0.0,172.217.194.0-255,146,146,50,191175
31586,1.4e-05,172.31.46.0-255,66,212,50,191175
31587,2.1e-05,172.217.194.0-255,1484,1696,50,191175
31588,2.5e-05,172.31.46.0-255,66,1762,50,191175
31589,3.2e-05,172.217.194.0-255,2902,4664,50,191175
31590,4.2e-05,172.31.46.0-255,66,4730,50,191175
31591,5e-05,172.217.194.0-255,7156,11886,50,191175
31592,5.3e-05,172.31.46.0-255,66,11952,50,191175
31593,8.8e-05,172.217.194.0-255,1971,13923,50,191175
31594,9.1e-05,172.31.46.0-255,66,13989,50,191175
31595,0.000201,172.217.194.0-255,1484,15473,50,191175
31596,0.000206,172.31.46.0-255,66,15539,50,191175
31597,0.00021,172.217.194.0-255,1484,17023,50,191175
31598,0.000212,172.31.46.0-255,66,17089,50,191175
31599,0.000245,172.217.194.0-255,1484,18573,50,191175
31600,0.000247,172.31.46.0-255,66,18639,50,191175
31601,0.000254,172.217.194.0-255,5738,24377,50,191175
31602,0.000256,172.31.46.0-255,66,24443,50,191175
31603,0.000287,172.217.194.0-255,5738,30181,50,191175
31604,0.00029,172.31.46.0-255,66,30247,50,191175
31605,0.000325,172.217.194.0-255,5379,35626,50,191175
31606,0.000328,172.31.46.0-255,66,35692,50,191175
31607,0.00034,172.31.46.0-255,66,35758,50,191175
31608,0.000358,172.31.46.0-255,66,35824,50,191175
31609,0.000363,172.217.194.0-255,3602,39426,50,191175
31610,0.000365,172.31.46.0-255,66,39492,50,191175
31611,0.00041,172.217.194.0-255,4651,44143,50,191175
31612,0.000413,172.31.46.0-255,66,44209,50,191175
31613,0.00042,172.217.194.0-255,5738,49947,50,191175
31614,0.000422,172.31.46.0-255,66,50013,50,191175
31615,0.00049,172.31.46.0-255,66,50079,50,191175
31616,0.000508,172.31.46.0-255,66,50145,50,191175
31617,0.000939,172.217.194.0-255,1484,51629,50,191175
31618,0.000946,172.217.194.0-255,2902,54531,50,191175
31619,0.00095,172.31.46.0-255,66,54597,50,191175
31620,0.000958,172.217.194.0-255,5738,60335,50,191175
31621,0.00096,172.31.46.0-255,66,60401,50,191175
31622,0.000975,172.217.194.0-255,1484,61885,50,191175
31623,0.001014,172.31.46.0-255,66,61951,50,191175
31624,0.001055,172.31.46.0-255,66,62017,50,191175
31625,0.001087,172.217.194.0-255,2902,64919,50,191175
31626,0.00109,172.31.46.0-255,66,64985,50,191175
31627,0.001125,172.31.46.0-255,66,65051,50,191175
31628,0.001165,172.217.194.0-255,4320,69371,50,191175
31629,0.001167,172.31.46.0-255,66,69437,50,191175
31630,0.001199,172.31.46.0-255,66,69503,50,191175
31631,0.001205,172.217.194.0-255,3602,73105,50,191175
31632,0.001207,172.31.46.0-255,66,73171,50,191175
31633,0.001691,172.217.194.0-255,1484,74655,50,191175
31634,0.001697,172.217.194.0-255,2902,77557,50,191175
31635,0.0017,172.31.46.0-255,66,77623,50,191175
31636,0.001728,172.217.194.0-255,5738,83361,50,191175
31637,0.001731,172.31.46.0-255,66,83427,50,191175
31638,0.001738,172.217.194.0-255,7156,90583,50,191175
31639,0.00174,172.31.46.0-255,66,90649,50,191175
31640,0.001762,172.217.194.0-255,5738,96387,50,191175
31641,0.001765,172.31.46.0-255,66,96453,50,191175
31642,0.001781,172.31.46.0-255,66,96519,50,191175
31643,0.00181,172.217.194.0-255,766,97285,50,191175
31644,0.001859,172.217.194.0-255,1484,98769,50,191175
31645,0.001862,172.31.46.0-255,66,98835,50,191175
31646,0.001868,172.217.194.0-255,2902,101737,50,191175
31647,0.00187,172.31.46.0-255,66,101803,50,191175
31648,0.001873,172.217.194.0-255,1484,103287,50,191175
31649,0.001901,172.217.194.0-255,4320,107607,50,191175
31650,0.001906,172.217.194.0-255,2902,110509,50,191175
31651,0.001909,172.31.46.0-255,66,110575,50,191175
31652,0.001912,172.31.46.0-255,66,110641,50,191175
31653,0.00193,172.217.194.0-255,5738,116379,50,191175
31654,0.001948,172.31.46.0-255,66,116445,50,191175
31655,0.001962,172.31.46.0-255,66,116511,50,191175
31656,0.001968,172.217.194.0-255,5020,121531,50,191175
31657,0.00197,172.31.46.0-255,66,121597,50,191175
31658,0.001999,172.217.194.0-255,5738,127335,50,191175
31659,0.002005,172.31.46.0-255,66,127401,50,191175
31660,0.002013,172.217.194.0-255,5738,133139,50,191175
31661,0.002015,172.31.46.0-255,66,133205,50,191175
31662,0.002035,172.217.194.0-255,2902,136107,50,191175
31663,0.002038,172.31.46.0-255,66,136173,50,191175
31664,0.002062,172.31.46.0-255,66,136239,50,191175
31665,0.002067,172.217.194.0-255,3602,139841,50,191175
31666,0.00207,172.31.46.0-255,66,139907,50,191175
31667,0.002124,172.217.194.0-255,1484,141391,50,191175
31668,0.00214,172.217.194.0-255,2902,144293,50,191175
31669,0.002149,172.31.46.0-255,66,144359,50,191175
31670,0.002154,172.217.194.0-255,2902,147261,50,191175
31671,0.002156,172.31.46.0-255,66,147327,50,191175
31672,0.002189,172.217.194.0-255,2902,150229,50,191175
31673,0.002192,172.31.46.0-255,66,150295,50,191175
31674,0.002208,172.31.46.0-255,66,150361,50,191175
31675,0.002214,172.217.194.0-255,4320,154681,50,191175
31676,0.002216,172.31.46.0-255,66,154747,50,191175
31677,0.002255,172.31.46.0-255,66,154813,50,191175
31678,0.00229,172.217.194.0-255,1484,156297,50,191175
31679,0.002295,172.217.194.0-255,2902,159199,50,191175
31680,0.002306,172.31.46.0-255,66,159265,50,191175
31681,0.002317,172.217.194.0-255,4320,163585,50,191175
31682,0.002327,172.31.46.0-255,66,163651,50,191175
31683,0.002353,172.217.194.0-255,1484,165135,50,191175
31684,0.002409,172.31.46.0-255,66,165201,50,191175
31685,0.002422,172.217.194.0-255,5738,170939,50,191175
31686,0.002448,172.217.194.0-255,5738,176677,50,191175
31687,0.002464,172.217.194.0-255,2902,179579,50,191175
31688,0.002471,172.31.46.0-255,66,179645,50,191175
31689,0.002511,172.217.194.0-255,2902,182547,50,191175
31690,0.002517,172.31.46.0-255,66,182613,50,191175
31691,0.002567,172.217.194.0-255,5095,187708,50,191175
31692,0.00257,172.217.194.0-255,105,187813,50,191175
31693,0.002575,172.31.46.0-255,66,187879,50,191175
31694,0.011082,172.31.46.0-255,105,187984,50,191175
31695,0.013629,172.217.194.0-255,66,188050,50,191175
31696,0.029153,172.31.46.0-255,167,188217,50,191175
31697,0.029182,172.31.46.0-255,1112,189329,50,191175
31698,0.029234,172.31.46.0-255,1514,190843,50,191175
31699,0.029236,172.31.46.0-255,332,191175,50,191175
31700,0.0,74.125.24.0-255,156,156,50,187088
31701,1.4e-05,172.31.46.0-255,66,222,50,187088
31702,2e-05,74.125.24.0-255,1484,1706,50,187088
31703,2.4e-05,172.31.46.0-255,66,1772,50,187088
31704,3.1e-05,74.125.24.0-255,2902,4674,50,187088
31705,3.5e-05,172.31.46.0-255,66,4740,50,187088
31706,4.3e-05,74.125.24.0-255,7156,11896,50,187088
31707,4.5e-05,172.31.46.0-255,66,11962,50,187088
31708,7.3e-05,74.125.24.0-255,1940,13902,50,187088
31709,7.6e-05,172.31.46.0-255,66,13968,50,187088
31710,0.000176,74.125.24.0-255,1484,15452,50,187088
31711,0.000179,172.31.46.0-255,66,15518,50,187088
31712,0.000183,74.125.24.0-255,1484,17002,50,187088
31713,0.000186,172.31.46.0-255,66,17068,50,187088
31714,0.000202,74.125.24.0-255,1484,18552,50,187088
31715,0.000204,172.31.46.0-255,66,18618,50,187088
31716,0.000211,74.125.24.0-255,5738,24356,50,187088
31717,0.000213,172.31.46.0-255,66,24422,50,187088
31718,0.00022,74.125.24.0-255,6797,31219,50,187088
31719,0.000222,172.31.46.0-255,66,31285,50,187088
31720,0.000256,74.125.24.0-255,1484,32769,50,187088
31721,0.000258,172.31.46.0-255,66,32835,50,187088
31722,0.000282,74.125.24.0-255,2902,35737,50,187088
31723,0.000284,172.31.46.0-255,66,35803,50,187088
31724,0.000291,74.125.24.0-255,5738,41541,50,187088
31725,0.000293,172.31.46.0-255,66,41607,50,187088
31726,0.000325,74.125.24.0-255,5738,47345,50,187088
31727,0.000327,172.31.46.0-255,66,47411,50,187088
31728,0.000343,74.125.24.0-255,1125,48536,50,187088
31729,0.000345,172.31.46.0-255,66,48602,50,187088
31730,0.001013,74.125.24.0-255,1484,50086,50,187088
31731,0.001018,172.31.46.0-255,66,50152,50,187088
31732,0.001028,74.125.24.0-255,2902,53054,50,187088
31733,0.00103,172.31.46.0-255,66,53120,50,187088
31734,0.001037,74.125.24.0-255,5738,58858,50,187088
31735,0.001039,172.31.46.0-255,66,58924,50,187088
31736,0.001073,74.125.24.0-255,5738,64662,50,187088
31737,0.001076,172.31.46.0-255,66,64728,50,187088
31738,0.001096,74.125.24.0-255,1706,66434,50,187088
31739,0.001098,172.31.46.0-255,66,66500,50,187088
31740,0.00115,74.125.24.0-255,1484,67984,50,187088
31741,0.001162,74.125.24.0-255,1484,69468,50,187088
31742,0.001165,172.31.46.0-255,66,69534,50,187088
31743,0.001188,74.125.24.0-255,1484,71018,50,187088
31744,0.001196,74.125.24.0-255,5738,76756,50,187088
31745,0.001199,172.31.46.0-255,66,76822,50,187088
31746,0.001217,74.125.24.0-255,1484,78306,50,187088
31747,0.001236,74.125.24.0-255,5379,83685,50,187088
31748,0.001239,172.31.46.0-255,66,83751,50,187088
31749,0.001714,74.125.24.0-255,1484,85235,50,187088
31750,0.001722,74.125.24.0-255,2902,88137,50,187088
31751,0.001726,172.31.46.0-255,66,88203,50,187088
31752,0.001735,74.125.24.0-255,5738,93941,50,187088
31753,0.001736,172.31.46.0-255,66,94007,50,187088
31754,0.001752,74.125.24.0-255,2902,96909,50,187088
31755,0.001754,172.31.46.0-255,66,96975,50,187088
31756,0.001776,172.31.46.0-255,66,97041,50,187088
31757,0.001801,74.125.24.0-255,2184,99225,50,187088
31758,0.002126,74.125.24.0-255,1484,100709,50,187088
31759,0.002139,74.125.24.0-255,2902,103611,50,187088
31760,0.002163,74.125.24.0-255,5738,109349,50,187088
31761,0.002169,74.125.24.0-255,4320,113669,50,187088
31762,0.002235,74.125.24.0-255,2184,115853,50,187088
31763,0.002337,74.125.24.0-255,1484,117337,50,187088
31764,0.002352,74.125.24.0-255,2902,120239,50,187088
31765,0.002449,172.31.46.0-255,66,120305,50,187088
31766,0.004771,74.125.24.0-255,4320,124625,50,187088
31767,0.004776,172.31.46.0-255,66,124691,50,187088
31768,0.004793,74.125.24.0-255,1484,126175,50,187088
31769,0.007088,74.125.24.0-255,4320,130495,50,187088
31770,0.007093,172.31.46.0-255,66,130561,50,187088
31771,0.009412,74.125.24.0-255,5738,136299,50,187088
31772,0.009419,172.31.46.0-255,66,136365,50,187088
31773,0.011712,74.125.24.0-255,5738,142103,50,187088
31774,0.011719,172.31.46.0-255,66,142169,50,187088
31775,0.014074,74.125.24.0-255,5738,147907,50,187088
31776,0.014085,172.31.46.0-255,66,147973,50,187088
31777,0.01643,74.125.24.0-255,5738,153711,50,187088
31778,0.016441,172.31.46.0-255,66,153777,50,187088
31779,0.018762,74.125.24.0-255,5738,159515,50,187088
31780,0.018769,172.31.46.0-255,66,159581,50,187088
31781,0.021173,74.125.24.0-255,5738,165319,50,187088
31782,0.021181,172.31.46.0-255,66,165385,50,187088
31783,0.0235,74.125.24.0-255,5738,171123,50,187088
31784,0.023508,172.31.46.0-255,66,171189,50,187088
31785,0.025709,172.31.46.0-255,172,171361,50,187088
31786,0.025741,172.31.46.0-255,1112,172473,50,187088
31787,0.025802,74.125.24.0-255,5738,178211,50,187088
31788,0.025807,172.31.46.0-255,66,178277,50,187088
31789,0.025833,172.31.46.0-255,1514,179791,50,187088
31790,0.025834,172.31.46.0-255,1295,181086,50,187088
31791,0.027258,104.244.42.0-255,66,181152,50,187088
31792,0.027294,104.244.42.0-255,66,181218,50,187088
31793,0.027377,104.244.42.0-255,66,181284,50,187088
31794,0.028115,74.125.24.0-255,5738,187022,50,187088
31795,0.02812,172.31.46.0-255,66,187088,50,187088
31796,0.0,172.217.194.0-255,298,298,50,254244
31797,2.4e-05,172.31.46.0-255,66,364,50,254244
31798,3e-05,172.217.194.0-255,1484,1848,50,254244
31799,3.4e-05,172.31.46.0-255,66,1914,50,254244
31800,4.1e-05,172.217.194.0-255,4320,6234,50,254244
31801,4.5e-05,172.31.46.0-255,66,6300,50,254244
31802,5.1e-05,172.217.194.0-255,5738,12038,50,254244
31803,5.4e-05,172.31.46.0-255,66,12104,50,254244
31804,6.7e-05,172.31.46.0-255,66,12170,50,254244
31805,7.4e-05,172.217.194.0-255,6797,18967,50,254244
31806,7.8e-05,172.31.46.0-255,66,19033,50,254244
31807,0.000139,172.217.194.0-255,1484,20517,50,254244
31808,0.000142,172.31.46.0-255,66,20583,50,254244
31809,0.000147,172.217.194.0-255,2902,23485,50,254244
31810,0.000149,172.31.46.0-255,66,23551,50,254244
31811,0.000168,172.217.194.0-255,5738,29289,50,254244
31812,0.000171,172.31.46.0-255,66,29355,50,254244
31813,0.000178,172.217.194.0-255,6797,36152,50,254244
31814,0.000181,172.31.46.0-255,66,36218,50,254244
31815,0.000198,172.217.194.0-255,2902,39120,50,254244
31816,0.000201,172.31.46.0-255,66,39186,50,254244
31817,0.000237,172.31.46.0-255,66,39252,50,254244
31818,0.000241,172.217.194.0-255,2832,42084,50,254244
31819,0.000243,172.31.46.0-255,66,42150,50,254244
31820,0.000322,172.217.194.0-255,366,42516,50,254244
31821,0.000325,172.31.46.0-255,66,42582,50,254244
31822,0.000782,172.217.194.0-255,1484,44066,50,254244
31823,0.000788,172.31.46.0-255,66,44132,50,254244
31824,0.000794,172.217.194.0-255,2902,47034,50,254244
31825,0.000796,172.31.46.0-255,66,47100,50,254244
31826,0.000801,172.217.194.0-255,2902,50002,50,254244
31827,0.000803,172.31.46.0-255,66,50068,50,254244
31828,0.000821,172.217.194.0-255,2902,52970,50,254244
31829,0.000825,172.217.194.0-255,2902,55872,50,254244
31830,0.000828,172.31.46.0-255,66,55938,50,254244
31831,0.000831,172.31.46.0-255,66,56004,50,254244
31832,0.000846,172.217.194.0-255,3961,59965,50,254244
31833,0.000849,172.31.46.0-255,66,60031,50,254244
31834,0.000881,172.217.194.0-255,1484,61515,50,254244
31835,0.000896,172.217.194.0-255,2902,64417,50,254244
31836,0.000899,172.31.46.0-255,66,64483,50,254244
31837,0.000906,172.217.194.0-255,5738,70221,50,254244
31838,0.000907,172.31.46.0-255,66,70287,50,254244
31839,0.000921,172.217.194.0-255,1484,71771,50,254244
31840,0.00095,172.217.194.0-255,5379,77150,50,254244
31841,0.000953,172.31.46.0-255,66,77216,50,254244
31842,0.001026,172.217.194.0-255,1484,78700,50,254244
31843,0.00103,172.217.194.0-255,2902,81602,50,254244
31844,0.001034,172.31.46.0-255,66,81668,50,254244
31845,0.001055,172.217.194.0-255,5738,87406,50,254244
31846,0.001057,172.31.46.0-255,66,87472,50,254244
31847,0.001062,172.217.194.0-255,2902,90374,50,254244
31848,0.001065,172.31.46.0-255,66,90440,50,254244
31849,0.001089,172.31.46.0-255,66,90506,50,254244
31850,0.001096,172.217.194.0-255,5738,96244,50,254244
31851,0.001098,172.31.46.0-255,66,96310,50,254244
31852,0.001122,172.217.194.0-255,5020,101330,50,254244
31853,0.001126,172.31.46.0-255,66,101396,50,254244
31854,0.001137,172.217.194.0-255,1484,102880,50,254244
31855,0.001142,172.217.194.0-255,2902,105782,50,254244
31856,0.001145,172.31.46.0-255,66,105848,50,254244
31857,0.001174,172.217.194.0-255,5738,111586,50,254244
31858,0.001177,172.31.46.0-255,66,111652,50,254244
31859,0.001182,172.217.194.0-255,2902,114554,50,254244
31860,0.001184,172.31.46.0-255,66,114620,50,254244
31861,0.001207,172.31.46.0-255,66,114686,50,254244
31862,0.00122,172.217.194.0-255,1484,116170,50,254244
31863,0.001227,172.217.194.0-255,5738,121908,50,254244
31864,0.00123,172.31.46.0-255,66,121974,50,254244
31865,0.001257,172.217.194.0-255,5020,126994,50,254244
31866,0.001267,172.31.46.0-255,66,127060,50,254244
31867,0.001481,172.217.194.0-255,1484,128544,50,254244
31868,0.001487,172.217.194.0-255,2902,131446,50,254244
31869,0.00149,172.31.46.0-255,66,131512,50,254244
31870,0.001513,172.217.194.0-255,5738,137250,50,254244
31871,0.001516,172.31.46.0-255,66,137316,50,254244
31872,0.001521,172.217.194.0-255,2902,140218,50,254244
31873,0.001523,172.31.46.0-255,66,140284,50,254244
31874,0.00155,172.31.46.0-255,66,140350,50,254244
31875,0.001562,172.31.46.0-255,66,140416,50,254244
31876,0.001584,172.217.194.0-255,766,141182,50,254244
31877,0.001881,172.217.194.0-255,1484,142666,50,254244
31878,0.001886,172.31.46.0-255,66,142732,50,254244
31879,0.001889,172.217.194.0-255,1484,144216,50,254244
31880,0.001905,172.217.194.0-255,1484,145700,50,254244
31881,0.001907,172.217.194.0-255,1484,147184,50,254244
31882,0.001911,172.31.46.0-255,66,147250,50,254244
31883,0.001922,172.217.194.0-255,4320,151570,50,254244
31884,0.001924,172.31.46.0-255,66,151636,50,254244
31885,0.001929,172.217.194.0-255,4320,155956,50,254244
31886,0.001931,172.31.46.0-255,66,156022,50,254244
31887,0.001963,172.31.46.0-255,66,156088,50,254244
31888,0.001993,172.31.46.0-255,66,156154,50,254244
31889,0.002041,172.217.194.0-255,1484,157638,50,254244
31890,0.002058,172.217.194.0-255,2902,160540,50,254244
31891,0.002061,172.31.46.0-255,66,160606,50,254244
31892,0.002076,172.217.194.0-255,2902,163508,50,254244
31893,0.002079,172.31.46.0-255,66,163574,50,254244
31894,0.00211,172.217.194.0-255,2902,166476,50,254244
31895,0.002113,172.31.46.0-255,66,166542,50,254244
31896,0.002132,172.31.46.0-255,66,166608,50,254244
31897,0.002171,172.217.194.0-255,4320,170928,50,254244
31898,0.002174,172.31.46.0-255,66,170994,50,254244
31899,0.002215,172.31.46.0-255,66,171060,50,254244
31900,0.002228,172.31.46.0-255,66,171126,50,254244
31901,0.00223,172.217.194.0-255,1484,172610,50,254244
31902,0.002237,172.217.194.0-255,5738,178348,50,254244
31903,0.00224,172.31.46.0-255,66,178414,50,254244
31904,0.002275,172.31.46.0-255,66,178480,50,254244
31905,0.002281,172.217.194.0-255,3602,182082,50,254244
31906,0.002283,172.31.46.0-255,66,182148,50,254244
31907,0.0023,172.217.194.0-255,7156,189304,50,254244
31908,0.002303,172.31.46.0-255,66,189370,50,254244
31909,0.002343,172.31.46.0-255,66,189436,50,254244
31910,0.002356,172.31.46.0-255,66,189502,50,254244
31911,0.002379,172.217.194.0-255,2184,191686,50,254244
31912,0.002382,172.31.46.0-255,66,191752,50,254244
31913,0.004728,172.217.194.0-255,5738,197490,50,254244
31914,0.004737,172.31.46.0-255,66,197556,50,254244
31915,0.0071,172.217.194.0-255,5738,203294,50,254244
31916,0.007108,172.31.46.0-255,66,203360,50,254244
31917,0.009459,172.217.194.0-255,4320,207680,50,254244
31918,0.009465,172.31.46.0-255,66,207746,50,254244
31919,0.009483,172.217.194.0-255,1484,209230,50,254244
31920,0.011825,172.217.194.0-255,4320,213550,50,254244
31921,0.011832,172.31.46.0-255,66,213616,50,254244
31922,0.014198,172.217.194.0-255,5738,219354,50,254244
31923,0.014212,172.31.46.0-255,66,219420,50,254244
31924,0.016595,172.217.194.0-255,5738,225158,50,254244
31925,0.016606,172.31.46.0-255,66,225224,50,254244
31926,0.018985,172.217.194.0-255,5738,230962,50,254244
31927,0.018997,172.31.46.0-255,66,231028,50,254244
31928,0.02136,172.217.194.0-255,5738,236766,50,254244
31929,0.021371,172.31.46.0-255,66,236832,50,254244
31930,0.023746,172.217.194.0-255,5738,242570,50,254244
31931,0.023754,172.31.46.0-255,66,242636,50,254244
31932,0.026112,172.217.194.0-255,5738,248374,50,254244
31933,0.026124,172.31.46.0-255,66,248440,50,254244
31934,0.028495,172.217.194.0-255,5738,254178,50,254244
31935,0.028503,172.31.46.0-255,66,254244,50,254244
31936,0.0,74.125.24.0-255,153,153,50,116263
31937,2.2e-05,172.31.46.0-255,66,219,50,116263
31938,3e-05,74.125.24.0-255,1484,1703,50,116263
31939,3.4e-05,172.31.46.0-255,66,1769,50,116263
31940,0.000116,74.125.24.0-255,2902,4671,50,116263
31941,0.00012,172.31.46.0-255,66,4737,50,116263
31942,0.000129,74.125.24.0-255,7156,11893,50,116263
31943,0.000137,172.31.46.0-255,66,11959,50,116263
31944,0.000142,74.125.24.0-255,2105,14064,50,116263
31945,0.000145,172.31.46.0-255,66,14130,50,116263
31946,0.000159,172.31.46.0-255,66,14196,50,116263
31947,0.000165,74.125.24.0-255,4320,18516,50,116263
31948,0.000167,172.31.46.0-255,66,18582,50,116263
31949,0.00017,74.125.24.0-255,1125,19707,50,116263
31950,0.000172,172.31.46.0-255,66,19773,50,116263
31951,0.000263,74.125.24.0-255,1484,21257,50,116263
31952,0.000267,172.31.46.0-255,66,21323,50,116263
31953,0.000273,74.125.24.0-255,2902,24225,50,116263
31954,0.000275,172.31.46.0-255,66,24291,50,116263
31955,0.00031,74.125.24.0-255,5738,30029,50,116263
31956,0.000313,172.31.46.0-255,66,30095,50,116263
31957,0.000318,74.125.24.0-255,2902,32997,50,116263
31958,0.00032,172.31.46.0-255,66,33063,50,116263
31959,0.000367,172.31.46.0-255,66,33129,50,116263
31960,0.000374,74.125.24.0-255,5738,38867,50,116263
31961,0.000376,172.31.46.0-255,66,38933,50,116263
31962,0.00041,74.125.24.0-255,4239,43172,50,116263
31963,0.000413,172.31.46.0-255,66,43238,50,116263
31964,0.000416,74.125.24.0-255,135,43373,50,116263
31965,0.000418,172.31.46.0-255,66,43439,50,116263
31966,0.000609,74.125.24.0-255,1484,44923,50,116263
31967,0.000617,74.125.24.0-255,2902,47825,50,116263
31968,0.00062,172.31.46.0-255,66,47891,50,116263
31969,0.000627,74.125.24.0-255,4320,52211,50,116263
31970,0.00063,172.31.46.0-255,66,52277,50,116263
31971,0.000647,74.125.24.0-255,1484,53761,50,116263
31972,0.000654,74.125.24.0-255,6797,60558,50,116263
31973,0.000661,172.31.46.0-255,66,60624,50,116263
31974,0.000695,172.31.46.0-255,66,60690,50,116263
31975,0.000722,74.125.24.0-255,1484,62174,50,116263
31976,0.000726,74.125.24.0-255,2543,64717,50,116263
31977,0.000729,172.31.46.0-255,66,64783,50,116263
31978,0.001186,74.125.24.0-255,1484,66267,50,116263
31979,0.001193,74.125.24.0-255,2902,69169,50,116263
31980,0.001197,172.31.46.0-255,66,69235,50,116263
31981,0.001205,74.125.24.0-255,5738,74973,50,116263
31982,0.001207,172.31.46.0-255,66,75039,50,116263
31983,0.001255,172.31.46.0-255,66,75105,50,116263
31984,0.001277,74.125.24.0-255,4320,79425,50,116263
31985,0.00128,172.31.46.0-255,66,79491,50,116263
31986,0.001316,172.31.46.0-255,66,79557,50,116263
31987,0.00162,74.125.24.0-255,1484,81041,50,116263
31988,0.001624,74.125.24.0-255,1484,82525,50,116263
31989,0.001633,172.31.46.0-255,66,82591,50,116263
31990,0.001638,74.125.24.0-255,1484,84075,50,116263
31991,0.001645,74.125.24.0-255,5738,89813,50,116263
31992,0.001647,172.31.46.0-255,66,89879,50,116263
31993,0.001684,172.31.46.0-255,66,89945,50,116263
31994,0.001725,172.31.46.0-255,66,90011,50,116263
31995,0.001743,172.31.46.0-255,66,90077,50,116263
31996,0.001748,74.125.24.0-255,2902,92979,50,116263
31997,0.00175,172.31.46.0-255,66,93045,50,116263
31998,0.001793,172.31.46.0-255,66,93111,50,116263
31999,0.001796,74.125.24.0-255,1484,94595,50,116263
32000,0.001818,74.125.24.0-255,2902,97497,50,116263
32001,0.00182,172.31.46.0-255,66,97563,50,116263
32002,0.001827,74.125.24.0-255,5738,103301,50,116263
32003,0.001829,172.31.46.0-255,66,103367,50,116263
32004,0.001866,172.31.46.0-255,66,103433,50,116263
32005,0.001935,172.31.46.0-255,66,103499,50,116263
32006,0.001955,172.31.46.0-255,66,103565,50,116263
32007,0.001972,172.31.46.0-255,66,103631,50,116263
32008,0.002002,74.125.24.0-255,4320,107951,50,116263
32009,0.002004,172.31.46.0-255,66,108017,50,116263
32010,0.002052,172.31.46.0-255,66,108083,50,116263
32011,0.002055,74.125.24.0-255,1484,109567,50,116263
32012,0.002101,172.31.46.0-255,66,109633,50,116263
32013,0.002105,74.125.24.0-255,2902,112535,50,116263
32014,0.002108,172.31.46.0-255,66,112601,50,116263
32015,0.002166,172.31.46.0-255,66,112667,50,116263
32016,0.002197,172.31.46.0-255,66,112733,50,116263
32017,0.002209,172.31.46.0-255,66,112799,50,116263
32018,0.002268,172.31.46.0-255,66,112865,50,116263
32019,0.002318,172.31.46.0-255,66,112931,50,116263
32020,0.002336,74.125.24.0-255,2823,115754,50,116263
32021,0.002339,172.31.46.0-255,66,115820,50,116263
32022,0.002342,74.125.24.0-255,105,115925,50,116263
32023,0.003464,172.31.46.0-255,101,116026,50,116263
32024,0.00575,74.125.24.0-255,66,116092,50,116263
32025,0.010462,172.31.46.0-255,105,116197,50,116263
32026,0.012758,74.125.24.0-255,66,116263,50,116263
32027,0.0,172.217.194.0-255,301,301,50,223926
32028,1.5e-05,172.31.46.0-255,66,367,50,223926
32029,2.2e-05,172.217.194.0-255,1484,1851,50,223926
32030,2.6e-05,172.31.46.0-255,66,1917,50,223926
32031,4.2e-05,172.217.194.0-255,2902,4819,50,223926
32032,4.6e-05,172.31.46.0-255,66,4885,50,223926
32033,5e-05,172.217.194.0-255,2902,7787,50,223926
32034,5.4e-05,172.31.46.0-255,66,7853,50,223926
32035,8e-05,172.217.194.0-255,2902,10755,50,223926
32036,8.4e-05,172.31.46.0-255,66,10821,50,223926
32037,9.8e-05,172.31.46.0-255,66,10887,50,223926
32038,0.000136,172.31.46.0-255,66,10953,50,223926
32039,0.000179,172.217.194.0-255,4320,15273,50,223926
32040,0.000182,172.31.46.0-255,66,15339,50,223926
32041,0.000187,172.217.194.0-255,4320,19659,50,223926
32042,0.00019,172.31.46.0-255,66,19725,50,223926
32043,0.000208,172.217.194.0-255,1484,21209,50,223926
32044,0.000211,172.31.46.0-255,66,21275,50,223926
32045,0.000218,172.217.194.0-255,7156,28431,50,223926
32046,0.000221,172.31.46.0-255,66,28497,50,223926
32047,0.000262,172.217.194.0-255,5379,33876,50,223926
32048,0.000265,172.31.46.0-255,66,33942,50,223926
32049,0.000272,172.217.194.0-255,5738,39680,50,223926
32050,0.000274,172.31.46.0-255,66,39746,50,223926
32051,0.000309,172.217.194.0-255,1484,41230,50,223926
32052,0.000311,172.31.46.0-255,66,41296,50,223926
32053,0.000345,172.217.194.0-255,4580,45876,50,223926
32054,0.000349,172.31.46.0-255,66,45942,50,223926
32055,0.000533,172.217.194.0-255,1484,47426,50,223926
32056,0.000538,172.31.46.0-255,66,47492,50,223926
32057,0.000544,172.217.194.0-255,2902,50394,50,223926
32058,0.000547,172.31.46.0-255,66,50460,50,223926
32059,0.000553,172.217.194.0-255,5738,56198,50,223926
32060,0.000561,172.31.46.0-255,66,56264,50,223926
32061,0.000564,172.217.194.0-255,1484,57748,50,223926
32062,0.000605,172.31.46.0-255,66,57814,50,223926
32063,0.000616,172.31.46.0-255,66,57880,50,223926
32064,0.000624,172.217.194.0-255,766,58646,50,223926
32065,0.001068,172.217.194.0-255,1484,60130,50,223926
32066,0.001073,172.31.46.0-255,66,60196,50,223926
32067,0.001079,172.217.194.0-255,2902,63098,50,223926
32068,0.001081,172.31.46.0-255,66,63164,50,223926
32069,0.001107,172.217.194.0-255,5738,68902,50,223926
32070,0.00111,172.31.46.0-255,66,68968,50,223926
32071,0.001146,172.31.46.0-255,66,69034,50,223926
32072,0.001155,172.217.194.0-255,2902,71936,50,223926
32073,0.001157,172.31.46.0-255,66,72002,50,223926
32074,0.001169,172.217.194.0-255,7156,79158,50,223926
32075,0.001171,172.31.46.0-255,66,79224,50,223926
32076,0.001204,172.217.194.0-255,3602,82826,50,223926
32077,0.001207,172.31.46.0-255,66,82892,50,223926
32078,0.001323,172.217.194.0-255,1484,84376,50,223926
32079,0.001328,172.217.194.0-255,1484,85860,50,223926
32080,0.001331,172.31.46.0-255,66,85926,50,223926
32081,0.001361,172.217.194.0-255,1484,87410,50,223926
32082,0.001367,172.217.194.0-255,5738,93148,50,223926
32083,0.001381,172.31.46.0-255,66,93214,50,223926
32084,0.001386,172.31.46.0-255,66,93280,50,223926
32085,0.001429,172.217.194.0-255,7156,100436,50,223926
32086,0.001432,172.31.46.0-255,66,100502,50,223926
32087,0.001464,172.217.194.0-255,6438,106940,50,223926
32088,0.001467,172.31.46.0-255,66,107006,50,223926
32089,0.00147,172.217.194.0-255,1484,108490,50,223926
32090,0.001473,172.217.194.0-255,1484,109974,50,223926
32091,0.001475,172.31.46.0-255,66,110040,50,223926
32092,0.001503,172.217.194.0-255,1484,111524,50,223926
32093,0.00151,172.217.194.0-255,5738,117262,50,223926
32094,0.001513,172.31.46.0-255,66,117328,50,223926
32095,0.001515,172.217.194.0-255,1484,118812,50,223926
32096,0.001555,172.31.46.0-255,66,118878,50,223926
32097,0.001567,172.31.46.0-255,66,118944,50,223926
32098,0.001612,172.217.194.0-255,1484,120428,50,223926
32099,0.001617,172.217.194.0-255,2902,123330,50,223926
32100,0.001619,172.217.194.0-255,1484,124814,50,223926
32101,0.001643,172.217.194.0-255,4320,129134,50,223926
32102,0.001652,172.217.194.0-255,7156,136290,50,223926
32103,0.001669,172.217.194.0-255,5738,142028,50,223926
32104,0.001675,172.217.194.0-255,4320,146348,50,223926
32105,0.001694,172.217.194.0-255,5738,152086,50,223926
32106,0.001758,172.217.194.0-255,766,152852,50,223926
32107,0.001826,172.217.194.0-255,5738,158590,50,223926
32108,0.001841,172.217.194.0-255,5738,164328,50,223926
32109,0.001848,172.217.194.0-255,6438,170766,50,223926
32110,0.007344,172.31.46.0-255,66,170832,50,223926
32111,0.007353,172.31.46.0-255,66,170898,50,223926
32112,0.007357,172.31.46.0-255,66,170964,50,223926
32113,0.007379,172.31.46.0-255,66,171030,50,223926
32114,0.007382,172.31.46.0-255,66,171096,50,223926
32115,0.007387,172.31.46.0-255,66,171162,50,223926
32116,0.00739,172.31.46.0-255,66,171228,50,223926
32117,0.007394,172.31.46.0-255,66,171294,50,223926
32118,0.007397,172.31.46.0-255,66,171360,50,223926
32119,0.007401,172.31.46.0-255,66,171426,50,223926
32120,0.007404,172.31.46.0-255,66,171492,50,223926
32121,0.007407,172.31.46.0-255,66,171558,50,223926
32122,0.00741,172.31.46.0-255,66,171624,50,223926
32123,0.007414,172.31.46.0-255,66,171690,50,223926
32124,0.009695,172.217.194.0-255,5738,177428,50,223926
32125,0.00971,172.31.46.0-255,66,177494,50,223926
32126,0.012014,172.217.194.0-255,5738,183232,50,223926
32127,0.012026,172.31.46.0-255,66,183298,50,223926
32128,0.014314,172.217.194.0-255,5738,189036,50,223926
32129,0.01433,172.31.46.0-255,66,189102,50,223926
32130,0.016597,172.217.194.0-255,5738,194840,50,223926
32131,0.016617,172.31.46.0-255,66,194906,50,223926
32132,0.018907,172.217.194.0-255,5738,200644,50,223926
32133,0.018923,172.31.46.0-255,66,200710,50,223926
32134,0.021209,172.217.194.0-255,5738,206448,50,223926
32135,0.021219,172.31.46.0-255,66,206514,50,223926
32136,0.023549,172.217.194.0-255,5738,212252,50,223926
32137,0.023558,172.31.46.0-255,66,212318,50,223926
32138,0.025831,172.217.194.0-255,5738,218056,50,223926
32139,0.02584,172.31.46.0-255,66,218122,50,223926
32140,0.028108,172.217.194.0-255,5738,223860,50,223926
32141,0.028115,172.31.46.0-255,66,223926,50,223926
32142,0.0,172.217.194.0-255,145,145,50,188103
32143,2.2e-05,172.31.46.0-255,66,211,50,188103
32144,2.9e-05,172.217.194.0-255,1484,1695,50,188103
32145,3.4e-05,172.31.46.0-255,66,1761,50,188103
32146,4e-05,172.217.194.0-255,2902,4663,50,188103
32147,5.3e-05,172.31.46.0-255,66,4729,50,188103
32148,6.1e-05,172.217.194.0-255,7156,11885,50,188103
32149,6.5e-05,172.31.46.0-255,66,11951,50,188103
32150,7.6e-05,172.31.46.0-255,66,12017,50,188103
32151,0.000129,172.31.46.0-255,66,12083,50,188103
32152,0.000173,172.217.194.0-255,1484,13567,50,188103
32153,0.000175,172.31.46.0-255,66,13633,50,188103
32154,0.000204,172.217.194.0-255,2902,16535,50,188103
32155,0.000206,172.31.46.0-255,66,16601,50,188103
32156,0.000212,172.217.194.0-255,5738,22339,50,188103
32157,0.000215,172.31.46.0-255,66,22405,50,188103
32158,0.000244,172.217.194.0-255,6797,29202,50,188103
32159,0.000247,172.31.46.0-255,66,29268,50,188103
32160,0.000282,172.217.194.0-255,7156,36424,50,188103
32161,0.000285,172.31.46.0-255,66,36490,50,188103
32162,0.000288,172.217.194.0-255,1484,37974,50,188103
32163,0.00029,172.31.46.0-255,66,38040,50,188103
32164,0.000322,172.31.46.0-255,66,38106,50,188103
32165,0.000715,172.217.194.0-255,647,38753,50,188103
32166,0.000721,172.31.46.0-255,66,38819,50,188103
32167,0.000833,172.217.194.0-255,1484,40303,50,188103
32168,0.000837,172.31.46.0-255,66,40369,50,188103
32169,0.000841,172.217.194.0-255,1484,41853,50,188103
32170,0.000843,172.31.46.0-255,66,41919,50,188103
32171,0.000866,172.217.194.0-255,1484,43403,50,188103
32172,0.000874,172.217.194.0-255,5738,49141,50,188103
32173,0.00088,172.31.46.0-255,66,49207,50,188103
32174,0.000887,172.217.194.0-255,5738,54945,50,188103
32175,0.000889,172.31.46.0-255,66,55011,50,188103
32176,0.000932,172.217.194.0-255,7156,62167,50,188103
32177,0.000935,172.31.46.0-255,66,62233,50,188103
32178,0.00096,172.217.194.0-255,1125,63358,50,188103
32179,0.000973,172.31.46.0-255,66,63424,50,188103
32180,0.000976,172.217.194.0-255,1125,64549,50,188103
32181,0.001215,172.217.194.0-255,1484,66033,50,188103
32182,0.001219,172.31.46.0-255,66,66099,50,188103
32183,0.001224,172.217.194.0-255,2902,69001,50,188103
32184,0.001226,172.31.46.0-255,66,69067,50,188103
32185,0.001244,172.217.194.0-255,5738,74805,50,188103
32186,0.001246,172.31.46.0-255,66,74871,50,188103
32187,0.00127,172.217.194.0-255,4320,79191,50,188103
32188,0.001272,172.31.46.0-255,66,79257,50,188103
32189,0.001293,172.217.194.0-255,1484,80741,50,188103
32190,0.001303,172.31.46.0-255,66,80807,50,188103
32191,0.001324,172.217.194.0-255,4320,85127,50,188103
32192,0.00133,172.217.194.0-255,5020,90147,50,188103
32193,0.001334,172.31.46.0-255,66,90213,50,188103
32194,0.001337,172.31.46.0-255,66,90279,50,188103
32195,0.001368,172.217.194.0-255,1484,91763,50,188103
32196,0.001372,172.217.194.0-255,2902,94665,50,188103
32197,0.001374,172.31.46.0-255,66,94731,50,188103
32198,0.00138,172.217.194.0-255,5738,100469,50,188103
32199,0.001382,172.31.46.0-255,66,100535,50,188103
32200,0.001421,172.217.194.0-255,1484,102019,50,188103
32201,0.001425,172.31.46.0-255,66,102085,50,188103
32202,0.001459,172.217.194.0-255,2902,104987,50,188103
32203,0.001463,172.31.46.0-255,66,105053,50,188103
32204,0.001473,172.217.194.0-255,6438,111491,50,188103
32205,0.001475,172.31.46.0-255,66,111557,50,188103
32206,0.001511,172.217.194.0-255,1484,113041,50,188103
32207,0.001549,172.31.46.0-255,66,113107,50,188103
32208,0.001561,172.31.46.0-255,66,113173,50,188103
32209,0.001572,172.31.46.0-255,66,113239,50,188103
32210,0.001575,172.217.194.0-255,1484,114723,50,188103
32211,0.001579,172.217.194.0-255,2902,117625,50,188103
32212,0.001581,172.31.46.0-255,66,117691,50,188103
32213,0.001586,172.217.194.0-255,2902,120593,50,188103
32214,0.001587,172.31.46.0-255,66,120659,50,188103
32215,0.001618,172.217.194.0-255,2902,123561,50,188103
32216,0.00162,172.31.46.0-255,66,123627,50,188103
32217,0.001631,172.31.46.0-255,66,123693,50,188103
32218,0.001679,172.31.46.0-255,66,123759,50,188103
32219,0.001713,172.217.194.0-255,3602,127361,50,188103
32220,0.001716,172.31.46.0-255,66,127427,50,188103
32221,0.001731,172.31.46.0-255,66,127493,50,188103
32222,0.001735,172.217.194.0-255,2902,130395,50,188103
32223,0.001737,172.31.46.0-255,66,130461,50,188103
32224,0.001783,172.31.46.0-255,66,130527,50,188103
32225,0.001894,172.217.194.0-255,1484,132011,50,188103
32226,0.001918,172.217.194.0-255,2902,134913,50,188103
32227,0.001921,172.31.46.0-255,66,134979,50,188103
32228,0.001926,172.217.194.0-255,2902,137881,50,188103
32229,0.001928,172.31.46.0-255,66,137947,50,188103
32230,0.001944,172.217.194.0-255,2902,140849,50,188103
32231,0.001947,172.31.46.0-255,66,140915,50,188103
32232,0.001953,172.217.194.0-255,1484,142399,50,188103
32233,0.001985,172.31.46.0-255,66,142465,50,188103
32234,0.001991,172.217.194.0-255,5738,148203,50,188103
32235,0.001992,172.31.46.0-255,66,148269,50,188103
32236,0.002033,172.217.194.0-255,5020,153289,50,188103
32237,0.002037,172.31.46.0-255,66,153355,50,188103
32238,0.002082,172.217.194.0-255,1484,154839,50,188103
32239,0.002087,172.217.194.0-255,2902,157741,50,188103
32240,0.00209,172.31.46.0-255,66,157807,50,188103
32241,0.002093,172.217.194.0-255,1484,159291,50,188103
32242,0.002113,172.217.194.0-255,4320,163611,50,188103
32243,0.002116,172.31.46.0-255,66,163677,50,188103
32244,0.002119,172.217.194.0-255,1484,165161,50,188103
32245,0.002156,172.31.46.0-255,66,165227,50,188103
32246,0.002167,172.31.46.0-255,66,165293,50,188103
32247,0.002187,172.217.194.0-255,2184,167477,50,188103
32248,0.002193,172.31.46.0-255,66,167543,50,188103
32249,0.002198,172.217.194.0-255,2902,170445,50,188103
32250,0.0022,172.31.46.0-255,66,170511,50,188103
32251,0.002208,172.217.194.0-255,7156,177667,50,188103
32252,0.002213,172.31.46.0-255,66,177733,50,188103
32253,0.002255,172.31.46.0-255,66,177799,50,188103
32254,0.0023,172.31.46.0-255,66,177865,50,188103
32255,0.002342,172.31.46.0-255,66,177931,50,188103
32256,0.002356,172.31.46.0-255,66,177997,50,188103
32257,0.002362,172.217.194.0-255,5605,183602,50,188103
32258,0.002364,172.31.46.0-255,66,183668,50,188103
32259,0.002383,172.217.194.0-255,105,183773,50,188103
32260,0.010174,172.31.46.0-255,66,183839,50,188103
32261,0.010244,172.31.46.0-255,105,183944,50,188103
32262,0.012921,172.217.194.0-255,66,184010,50,188103
32263,0.029404,172.31.46.0-255,172,184182,50,188103
32264,0.02943,172.31.46.0-255,1113,185295,50,188103
32265,0.029484,172.31.46.0-255,1514,186809,50,188103
32266,0.029503,172.31.46.0-255,1294,188103,50,188103
32267,0.0,172.31.46.0-255,105,105,50,276
32268,0.00151,157.240.13.0-255,105,210,50,276
32269,0.001524,172.31.46.0-255,66,276,50,276
32270,0.0,172.217.160.0-255,153,153,50,233496
32271,2.5e-05,172.31.46.0-255,66,219,50,233496
32272,3.3e-05,172.217.160.0-255,1484,1703,50,233496
32273,3.8e-05,172.31.46.0-255,66,1769,50,233496
32274,4.4e-05,172.217.160.0-255,2902,4671,50,233496
32275,4.8e-05,172.31.46.0-255,66,4737,50,233496
32276,5.4e-05,172.217.160.0-255,2902,7639,50,233496
32277,5.6e-05,172.31.46.0-255,66,7705,50,233496
32278,6.8e-05,172.31.46.0-255,66,7771,50,233496
32279,8e-05,172.31.46.0-255,66,7837,50,233496
32280,0.000107,172.217.160.0-255,6797,14634,50,233496
32281,0.00011,172.31.46.0-255,66,14700,50,233496
32282,0.000113,172.217.160.0-255,1484,16184,50,233496
32283,0.000115,172.31.46.0-255,66,16250,50,233496
32284,0.00014,172.217.160.0-255,2902,19152,50,233496
32285,0.000142,172.31.46.0-255,66,19218,50,233496
32286,0.000147,172.217.160.0-255,2902,22120,50,233496
32287,0.000149,172.31.46.0-255,66,22186,50,233496
32288,0.000174,172.217.160.0-255,2902,25088,50,233496
32289,0.000177,172.31.46.0-255,66,25154,50,233496
32290,0.000183,172.217.160.0-255,5738,30892,50,233496
32291,0.000186,172.31.46.0-255,66,30958,50,233496
32292,0.000212,172.217.160.0-255,5379,36337,50,233496
32293,0.000214,172.31.46.0-255,66,36403,50,233496
32294,0.000217,172.217.160.0-255,1484,37887,50,233496
32295,0.000219,172.31.46.0-255,66,37953,50,233496
32296,0.000239,172.217.160.0-255,4320,42273,50,233496
32297,0.000242,172.31.46.0-255,66,42339,50,233496
32298,0.000268,172.217.160.0-255,6797,49136,50,233496
32299,0.000271,172.31.46.0-255,66,49202,50,233496
32300,0.000288,172.217.160.0-255,335,49537,50,233496
32301,0.000845,172.217.160.0-255,124,49661,50,233496
32302,0.000946,172.217.160.0-255,1484,51145,50,233496
32303,0.000951,172.31.46.0-255,66,51211,50,233496
32304,0.000956,172.217.160.0-255,2902,54113,50,233496
32305,0.000959,172.31.46.0-255,66,54179,50,233496
32306,0.000965,172.217.160.0-255,5738,59917,50,233496
32307,0.000967,172.31.46.0-255,66,59983,50,233496
32308,0.00097,172.217.160.0-255,1484,61467,50,233496
32309,0.000992,172.217.160.0-255,4320,65787,50,233496
32310,0.000996,172.31.46.0-255,66,65853,50,233496
32311,0.001017,172.217.160.0-255,5738,71591,50,233496
32312,0.00102,172.31.46.0-255,66,71657,50,233496
32313,0.001053,172.31.46.0-255,66,71723,50,233496
32314,0.001057,172.217.160.0-255,3961,75684,50,233496
32315,0.00106,172.31.46.0-255,66,75750,50,233496
32316,0.001372,172.217.160.0-255,1484,77234,50,233496
32317,0.001377,172.217.160.0-255,1484,78718,50,233496
32318,0.00138,172.31.46.0-255,66,78784,50,233496
32319,0.001403,172.217.160.0-255,1484,80268,50,233496
32320,0.001409,172.217.160.0-255,5738,86006,50,233496
32321,0.001411,172.31.46.0-255,66,86072,50,233496
32322,0.001423,172.31.46.0-255,66,86138,50,233496
32323,0.001437,172.217.160.0-255,4320,90458,50,233496
32324,0.001439,172.31.46.0-255,66,90524,50,233496
32325,0.001451,172.31.46.0-255,66,90590,50,233496
32326,0.00149,172.217.160.0-255,5020,95610,50,233496
32327,0.001493,172.31.46.0-255,66,95676,50,233496
32328,0.001522,172.217.160.0-255,2902,98578,50,233496
32329,0.001524,172.31.46.0-255,66,98644,50,233496
32330,0.00155,172.217.160.0-255,2902,101546,50,233496
32331,0.001553,172.31.46.0-255,66,101612,50,233496
32332,0.001566,172.31.46.0-255,66,101678,50,233496
32333,0.00158,172.31.46.0-255,66,101744,50,233496
32334,0.001614,172.217.160.0-255,1484,103228,50,233496
32335,0.00162,172.217.160.0-255,2902,106130,50,233496
32336,0.001622,172.31.46.0-255,66,106196,50,233496
32337,0.001662,172.217.160.0-255,5738,111934,50,233496
32338,0.001665,172.31.46.0-255,66,112000,50,233496
32339,0.001678,172.31.46.0-255,66,112066,50,233496
32340,0.001712,172.217.160.0-255,5738,117804,50,233496
32341,0.001715,172.31.46.0-255,66,117870,50,233496
32342,0.001745,172.31.46.0-255,66,117936,50,233496
32343,0.001786,172.217.160.0-255,1484,119420,50,233496
32344,0.001792,172.217.160.0-255,2902,122322,50,233496
32345,0.001794,172.31.46.0-255,66,122388,50,233496
32346,0.001801,172.217.160.0-255,4320,126708,50,233496
32347,0.001803,172.31.46.0-255,66,126774,50,233496
32348,0.001817,172.217.160.0-255,1484,128258,50,233496
32349,0.001823,172.217.160.0-255,4320,132578,50,233496
32350,0.001825,172.31.46.0-255,66,132644,50,233496
32351,0.00183,172.217.160.0-255,4320,136964,50,233496
32352,0.001833,172.31.46.0-255,66,137030,50,233496
32353,0.001857,172.217.160.0-255,7156,144186,50,233496
32354,0.001861,172.31.46.0-255,66,144252,50,233496
32355,0.001864,172.217.160.0-255,1484,145736,50,233496
32356,0.001893,172.217.160.0-255,6438,152174,50,233496
32357,0.001896,172.31.46.0-255,66,152240,50,233496
32358,0.003786,172.217.160.0-255,5738,157978,50,233496
32359,0.003793,172.31.46.0-255,66,158044,50,233496
32360,0.00567,172.217.160.0-255,5738,163782,50,233496
32361,0.005673,172.31.46.0-255,66,163848,50,233496
32362,0.007571,172.217.160.0-255,5738,169586,50,233496
32363,0.007576,172.31.46.0-255,66,169652,50,233496
32364,0.009459,172.217.160.0-255,5738,175390,50,233496
32365,0.009466,172.31.46.0-255,66,175456,50,233496
32366,0.011348,172.217.160.0-255,5738,181194,50,233496
32367,0.011357,172.31.46.0-255,66,181260,50,233496
32368,0.013242,172.217.160.0-255,5738,186998,50,233496
32369,0.013251,172.31.46.0-255,66,187064,50,233496
32370,0.015156,172.217.160.0-255,5738,192802,50,233496
32371,0.015165,172.31.46.0-255,66,192868,50,233496
32372,0.017047,172.217.160.0-255,5738,198606,50,233496
32373,0.017055,172.31.46.0-255,66,198672,50,233496
32374,0.018935,172.217.160.0-255,5738,204410,50,233496
32375,0.018942,172.31.46.0-255,66,204476,50,233496
32376,0.020825,172.217.160.0-255,5738,210214,50,233496
32377,0.020834,172.31.46.0-255,66,210280,50,233496
32378,0.022739,172.217.160.0-255,5738,216018,50,233496
32379,0.022747,172.31.46.0-255,66,216084,50,233496
32380,0.024645,172.217.160.0-255,5738,221822,50,233496
32381,0.02466,172.31.46.0-255,66,221888,50,233496
32382,0.026548,172.217.160.0-255,5738,227626,50,233496
32383,0.026555,172.31.46.0-255,66,227692,50,233496
32384,0.028434,172.217.160.0-255,5738,233430,50,233496
32385,0.02844,172.31.46.0-255,66,233496,50,233496
32386,0.0,74.125.24.0-255,153,153,50,177580
32387,2.2e-05,172.31.46.0-255,66,219,50,177580
32388,2.7e-05,74.125.24.0-255,1484,1703,50,177580
32389,3e-05,172.31.46.0-255,66,1769,50,177580
32390,3.5e-05,74.125.24.0-255,2902,4671,50,177580
32391,3.7e-05,172.31.46.0-255,66,4737,50,177580
32392,5.3e-05,74.125.24.0-255,5738,10475,50,177580
32393,5.6e-05,172.31.46.0-255,66,10541,50,177580
32394,8.4e-05,74.125.24.0-255,6191,16732,50,177580
32395,8.7e-05,172.31.46.0-255,66,16798,50,177580
32396,9.9e-05,74.125.24.0-255,4320,21118,50,177580
32397,0.000102,172.31.46.0-255,66,21184,50,177580
32398,0.000136,172.31.46.0-255,66,21250,50,177580
32399,0.000192,74.125.24.0-255,1484,22734,50,177580
32400,0.000195,172.31.46.0-255,66,22800,50,177580
32401,0.000199,74.125.24.0-255,2902,25702,50,177580
32402,0.000201,172.31.46.0-255,66,25768,50,177580
32403,0.000214,74.125.24.0-255,2902,28670,50,177580
32404,0.000216,172.31.46.0-255,66,28736,50,177580
32405,0.000238,74.125.24.0-255,2902,31638,50,177580
32406,0.000241,172.31.46.0-255,66,31704,50,177580
32407,0.000261,74.125.24.0-255,4320,36024,50,177580
32408,0.000264,172.31.46.0-255,66,36090,50,177580
32409,0.000281,74.125.24.0-255,2543,38633,50,177580
32410,0.000283,172.31.46.0-255,66,38699,50,177580
32411,0.000487,74.125.24.0-255,1484,40183,50,177580
32412,0.000491,172.31.46.0-255,66,40249,50,177580
32413,0.000497,74.125.24.0-255,2902,43151,50,177580
32414,0.000498,172.31.46.0-255,66,43217,50,177580
32415,0.000517,74.125.24.0-255,4320,47537,50,177580
32416,0.00052,172.31.46.0-255,66,47603,50,177580
32417,0.000532,74.125.24.0-255,1484,49087,50,177580
32418,0.000536,74.125.24.0-255,2902,51989,50,177580
32419,0.000538,172.31.46.0-255,66,52055,50,177580
32420,0.000579,74.125.24.0-255,4309,56364,50,177580
32421,0.000582,172.31.46.0-255,66,56430,50,177580
32422,0.000596,74.125.24.0-255,331,56761,50,177580
32423,0.000656,172.31.46.0-255,66,56827,50,177580
32424,0.000737,74.125.24.0-255,1484,58311,50,177580
32425,0.000745,74.125.24.0-255,2902,61213,50,177580
32426,0.000748,172.31.46.0-255,66,61279,50,177580
32427,0.000765,74.125.24.0-255,4320,65599,50,177580
32428,0.000767,172.31.46.0-255,66,65665,50,177580
32429,0.00077,74.125.24.0-255,1484,67149,50,177580
32430,0.000797,74.125.24.0-255,4320,71469,50,177580
32431,0.0008,172.31.46.0-255,66,71535,50,177580
32432,0.000804,74.125.24.0-255,2902,74437,50,177580
32433,0.000806,172.31.46.0-255,66,74503,50,177580
32434,0.000837,172.31.46.0-255,66,74569,50,177580
32435,0.000843,74.125.24.0-255,6797,81366,50,177580
32436,0.000846,172.31.46.0-255,66,81432,50,177580
32437,0.001763,74.125.24.0-255,1484,82916,50,177580
32438,0.001772,74.125.24.0-255,2902,85818,50,177580
32439,0.001776,172.31.46.0-255,66,85884,50,177580
32440,0.001783,74.125.24.0-255,5738,91622,50,177580
32441,0.001785,172.31.46.0-255,66,91688,50,177580
32442,0.001822,172.31.46.0-255,66,91754,50,177580
32443,0.001826,74.125.24.0-255,2902,94656,50,177580
32444,0.001827,172.31.46.0-255,66,94722,50,177580
32445,0.001846,172.31.46.0-255,66,94788,50,177580
32446,0.003873,74.125.24.0-255,5738,100526,50,177580
32447,0.003878,172.31.46.0-255,66,100592,50,177580
32448,0.005913,74.125.24.0-255,5738,106330,50,177580
32449,0.005917,172.31.46.0-255,66,106396,50,177580
32450,0.00798,74.125.24.0-255,5738,112134,50,177580
32451,0.007987,172.31.46.0-255,66,112200,50,177580
32452,0.010028,74.125.24.0-255,5738,117938,50,177580
32453,0.010035,172.31.46.0-255,66,118004,50,177580
32454,0.012067,74.125.24.0-255,5738,123742,50,177580
32455,0.012076,172.31.46.0-255,66,123808,50,177580
32456,0.014125,74.125.24.0-255,5738,129546,50,177580
32457,0.014133,172.31.46.0-255,66,129612,50,177580
32458,0.016163,74.125.24.0-255,5738,135350,50,177580
32459,0.01617,172.31.46.0-255,66,135416,50,177580
32460,0.018203,74.125.24.0-255,5738,141154,50,177580
32461,0.01821,172.31.46.0-255,66,141220,50,177580
32462,0.020257,74.125.24.0-255,5738,146958,50,177580
32463,0.020265,172.31.46.0-255,66,147024,50,177580
32464,0.02229,74.125.24.0-255,5738,152762,50,177580
32465,0.022298,172.31.46.0-255,66,152828,50,177580
32466,0.024342,74.125.24.0-255,5738,158566,50,177580
32467,0.02435,172.31.46.0-255,66,158632,50,177580
32468,0.02611,172.31.46.0-255,172,158804,50,177580
32469,0.026142,172.31.46.0-255,1108,159912,50,177580
32470,0.026211,172.31.46.0-255,1514,161426,50,177580
32471,0.026213,172.31.46.0-255,1514,162940,50,177580
32472,0.026218,172.31.46.0-255,1514,164454,50,177580
32473,0.02622,172.31.46.0-255,1080,165534,50,177580
32474,0.026369,74.125.24.0-255,5738,171272,50,177580
32475,0.026376,172.31.46.0-255,66,171338,50,177580
32476,0.027677,104.244.42.0-255,66,171404,50,177580
32477,0.027763,104.244.42.0-255,66,171470,50,177580
32478,0.027792,104.244.42.0-255,66,171536,50,177580
32479,0.027813,104.244.42.0-255,66,171602,50,177580
32480,0.028372,104.244.42.0-255,108,171710,50,177580
32481,0.02838,172.31.46.0-255,66,171776,50,177580
32482,0.028409,74.125.24.0-255,5738,177514,50,177580
32483,0.028413,172.31.46.0-255,66,177580,50,177580
32484,0.0,74.125.68.0-255,146,146,50,166073
32485,2.5e-05,172.31.46.0-255,66,212,50,166073
32486,3.2e-05,74.125.68.0-255,1484,1696,50,166073
32487,3.8e-05,172.31.46.0-255,66,1762,50,166073
32488,4.1e-05,74.125.68.0-255,1484,3246,50,166073
32489,4.4e-05,172.31.46.0-255,66,3312,50,166073
32490,5.9e-05,74.125.68.0-255,2902,6214,50,166073
32491,6.2e-05,172.31.46.0-255,66,6280,50,166073
32492,6.9e-05,74.125.68.0-255,5738,12018,50,166073
32493,7.2e-05,172.31.46.0-255,66,12084,50,166073
32494,7.6e-05,74.125.68.0-255,2032,14116,50,166073
32495,7.9e-05,172.31.46.0-255,66,14182,50,166073
32496,0.000371,74.125.68.0-255,1484,15666,50,166073
32497,0.000378,172.31.46.0-255,66,15732,50,166073
32498,0.000442,74.125.68.0-255,2902,18634,50,166073
32499,0.000446,172.31.46.0-255,66,18700,50,166073
32500,0.000471,74.125.68.0-255,1484,20184,50,166073
32501,0.000474,172.31.46.0-255,66,20250,50,166073
32502,0.000504,74.125.68.0-255,2902,23152,50,166073
32503,0.000507,172.31.46.0-255,66,23218,50,166073
32504,0.000511,74.125.68.0-255,1484,24702,50,166073
32505,0.000512,172.31.46.0-255,66,24768,50,166073
32506,0.000542,74.125.68.0-255,4320,29088,50,166073
32507,0.000549,172.31.46.0-255,66,29154,50,166073
32508,0.000577,74.125.68.0-255,2543,31697,50,166073
32509,0.00058,172.31.46.0-255,66,31763,50,166073
32510,0.000732,74.125.68.0-255,1484,33247,50,166073
32511,0.000736,172.31.46.0-255,66,33313,50,166073
32512,0.000742,74.125.68.0-255,2902,36215,50,166073
32513,0.000745,172.31.46.0-255,66,36281,50,166073
32514,0.000766,74.125.68.0-255,5738,42019,50,166073
32515,0.000769,172.31.46.0-255,66,42085,50,166073
32516,0.000772,74.125.68.0-255,1484,43569,50,166073
32517,0.000799,74.125.68.0-255,4320,47889,50,166073
32518,0.000807,172.31.46.0-255,66,47955,50,166073
32519,0.00082,74.125.68.0-255,4320,52275,50,166073
32520,0.000844,74.125.68.0-255,2543,54818,50,166073
32521,0.000849,74.125.68.0-255,2902,57720,50,166073
32522,0.000866,172.31.46.0-255,66,57786,50,166073
32523,0.000902,172.31.46.0-255,66,57852,50,166073
32524,0.000906,74.125.68.0-255,126,57978,50,166073
32525,0.001227,74.125.68.0-255,352,58330,50,166073
32526,0.0013,172.31.46.0-255,66,58396,50,166073
32527,0.001438,74.125.68.0-255,1484,59880,50,166073
32528,0.001447,74.125.68.0-255,2902,62782,50,166073
32529,0.001451,172.31.46.0-255,66,62848,50,166073
32530,0.001486,74.125.68.0-255,5738,68586,50,166073
32531,0.001488,172.31.46.0-255,66,68652,50,166073
32532,0.001499,172.31.46.0-255,66,68718,50,166073
32533,0.001507,74.125.68.0-255,1484,70202,50,166073
32534,0.00154,172.31.46.0-255,66,70268,50,166073
32535,0.001547,74.125.68.0-255,5020,75288,50,166073
32536,0.001549,172.31.46.0-255,66,75354,50,166073
32537,0.002208,74.125.68.0-255,1484,76838,50,166073
32538,0.002218,74.125.68.0-255,2902,79740,50,166073
32539,0.002223,172.31.46.0-255,66,79806,50,166073
32540,0.002231,74.125.68.0-255,5738,85544,50,166073
32541,0.002233,172.31.46.0-255,66,85610,50,166073
32542,0.002243,74.125.68.0-255,4320,89930,50,166073
32543,0.00228,74.125.68.0-255,4320,94250,50,166073
32544,0.00229,74.125.68.0-255,1484,95734,50,166073
32545,0.002308,74.125.68.0-255,2902,98636,50,166073
32546,0.002321,74.125.68.0-255,1484,100120,50,166073
32547,0.002337,74.125.68.0-255,2902,103022,50,166073
32548,0.002354,74.125.68.0-255,6438,109460,50,166073
32549,0.00554,172.31.46.0-255,66,109526,50,166073
32550,0.008079,74.125.68.0-255,5738,115264,50,166073
32551,0.00809,172.31.46.0-255,66,115330,50,166073
32552,0.010625,74.125.68.0-255,5738,121068,50,166073
32553,0.010633,172.31.46.0-255,66,121134,50,166073
32554,0.013165,74.125.68.0-255,5738,126872,50,166073
32555,0.01318,172.31.46.0-255,66,126938,50,166073
32556,0.015727,74.125.68.0-255,5738,132676,50,166073
32557,0.015747,172.31.46.0-255,66,132742,50,166073
32558,0.018278,74.125.68.0-255,5738,138480,50,166073
32559,0.018294,172.31.46.0-255,66,138546,50,166073
32560,0.020846,74.125.68.0-255,5738,144284,50,166073
32561,0.020855,172.31.46.0-255,66,144350,50,166073
32562,0.023398,74.125.68.0-255,5738,150088,50,166073
32563,0.023406,172.31.46.0-255,66,150154,50,166073
32564,0.025959,74.125.68.0-255,5738,155892,50,166073
32565,0.025983,172.31.46.0-255,66,155958,50,166073
32566,0.027877,172.31.46.0-255,192,156150,50,166073
32567,0.02791,172.31.46.0-255,1114,157264,50,166073
32568,0.027968,172.31.46.0-255,1514,158778,50,166073
32569,0.02797,172.31.46.0-255,1293,160071,50,166073
32570,0.0285,74.125.68.0-255,5738,165809,50,166073
32571,0.028508,172.31.46.0-255,66,165875,50,166073
32572,0.029425,104.244.42.0-255,66,165941,50,166073
32573,0.029471,104.244.42.0-255,66,166007,50,166073
32574,0.029513,104.244.42.0-255,66,166073,50,166073
32575,0.0,74.125.24.0-255,145,145,50,241924
32576,3.1e-05,172.31.46.0-255,66,211,50,241924
32577,3.8e-05,74.125.24.0-255,1484,1695,50,241924
32578,4.4e-05,172.31.46.0-255,66,1761,50,241924
32579,5e-05,74.125.24.0-255,2902,4663,50,241924
32580,5.5e-05,172.31.46.0-255,66,4729,50,241924
32581,6.6e-05,74.125.24.0-255,7156,11885,50,241924
32582,7e-05,172.31.46.0-255,66,11951,50,241924
32583,7.4e-05,74.125.24.0-255,2006,13957,50,241924
32584,7.7e-05,172.31.46.0-255,66,14023,50,241924
32585,9.7e-05,74.125.24.0-255,4320,18343,50,241924
32586,0.0001,172.31.46.0-255,66,18409,50,241924
32587,0.000129,74.125.24.0-255,4320,22729,50,241924
32588,0.000132,172.31.46.0-255,66,22795,50,241924
32589,0.000147,74.125.24.0-255,1484,24279,50,241924
32590,0.00015,172.31.46.0-255,66,24345,50,241924
32591,0.000158,74.125.24.0-255,6797,31142,50,241924
32592,0.00016,172.31.46.0-255,66,31208,50,241924
32593,0.000214,74.125.24.0-255,1484,32692,50,241924
32594,0.000217,172.31.46.0-255,66,32758,50,241924
32595,0.000221,74.125.24.0-255,2902,35660,50,241924
32596,0.000223,172.31.46.0-255,66,35726,50,241924
32597,0.000227,74.125.24.0-255,2902,38628,50,241924
32598,0.00023,172.31.46.0-255,66,38694,50,241924
32599,0.000252,74.125.24.0-255,2902,41596,50,241924
32600,0.000255,172.31.46.0-255,66,41662,50,241924
32601,0.000258,74.125.24.0-255,1484,43146,50,241924
32602,0.00026,172.31.46.0-255,66,43212,50,241924
32603,0.000289,172.31.46.0-255,66,43278,50,241924
32604,0.000301,74.125.24.0-255,1484,44762,50,241924
32605,0.000304,172.31.46.0-255,66,44828,50,241924
32606,0.000335,172.31.46.0-255,66,44894,50,241924
32607,0.000405,74.125.24.0-255,330,45224,50,241924
32608,0.000859,74.125.24.0-255,1484,46708,50,241924
32609,0.000865,172.31.46.0-255,66,46774,50,241924
32610,0.000889,74.125.24.0-255,2902,49676,50,241924
32611,0.000892,172.31.46.0-255,66,49742,50,241924
32612,0.000898,74.125.24.0-255,5738,55480,50,241924
32613,0.000905,172.31.46.0-255,66,55546,50,241924
32614,0.000911,74.125.24.0-255,5738,61284,50,241924
32615,0.000914,172.31.46.0-255,66,61350,50,241924
32616,0.000929,172.31.46.0-255,66,61416,50,241924
32617,0.000957,74.125.24.0-255,5020,66436,50,241924
32618,0.00096,172.31.46.0-255,66,66502,50,241924
32619,0.001138,74.125.24.0-255,1484,67986,50,241924
32620,0.001145,74.125.24.0-255,2902,70888,50,241924
32621,0.001148,172.31.46.0-255,66,70954,50,241924
32622,0.001174,74.125.24.0-255,5738,76692,50,241924
32623,0.001177,172.31.46.0-255,66,76758,50,241924
32624,0.001197,74.125.24.0-255,2902,79660,50,241924
32625,0.0012,172.31.46.0-255,66,79726,50,241924
32626,0.001226,172.31.46.0-255,66,79792,50,241924
32627,0.001239,172.31.46.0-255,66,79858,50,241924
32628,0.001291,74.125.24.0-255,1484,81342,50,241924
32629,0.001297,74.125.24.0-255,2902,84244,50,241924
32630,0.0013,172.31.46.0-255,66,84310,50,241924
32631,0.00133,74.125.24.0-255,5738,90048,50,241924
32632,0.001334,172.31.46.0-255,66,90114,50,241924
32633,0.001349,74.125.24.0-255,2902,93016,50,241924
32634,0.001352,172.31.46.0-255,66,93082,50,241924
32635,0.001392,172.31.46.0-255,66,93148,50,241924
32636,0.001406,172.31.46.0-255,66,93214,50,241924
32637,0.001466,74.125.24.0-255,1484,94698,50,241924
32638,0.001471,74.125.24.0-255,2902,97600,50,241924
32639,0.001474,172.31.46.0-255,66,97666,50,241924
32640,0.001481,74.125.24.0-255,5738,103404,50,241924
32641,0.001483,172.31.46.0-255,66,103470,50,241924
32642,0.001489,74.125.24.0-255,5738,109208,50,241924
32643,0.001492,172.31.46.0-255,66,109274,50,241924
32644,0.001499,74.125.24.0-255,7156,116430,50,241924
32645,0.001501,172.31.46.0-255,66,116496,50,241924
32646,0.001514,172.31.46.0-255,66,116562,50,241924
32647,0.001607,74.125.24.0-255,1484,118046,50,241924
32648,0.001613,74.125.24.0-255,2902,120948,50,241924
32649,0.001617,172.31.46.0-255,66,121014,50,241924
32650,0.001622,74.125.24.0-255,2902,123916,50,241924
32651,0.001624,172.31.46.0-255,66,123982,50,241924
32652,0.00164,74.125.24.0-255,2902,126884,50,241924
32653,0.001643,172.31.46.0-255,66,126950,50,241924
32654,0.001648,74.125.24.0-255,4320,131270,50,241924
32655,0.00165,172.31.46.0-255,66,131336,50,241924
32656,0.001689,172.31.46.0-255,66,131402,50,241924
32657,0.0017,172.31.46.0-255,66,131468,50,241924
32658,0.001704,74.125.24.0-255,2184,133652,50,241924
32659,0.001706,172.31.46.0-255,66,133718,50,241924
32660,0.001794,74.125.24.0-255,1484,135202,50,241924
32661,0.0018,74.125.24.0-255,2902,138104,50,241924
32662,0.001804,172.31.46.0-255,66,138170,50,241924
32663,0.001828,74.125.24.0-255,5738,143908,50,241924
32664,0.001831,172.31.46.0-255,66,143974,50,241924
32665,0.001859,74.125.24.0-255,7156,151130,50,241924
32666,0.001862,172.31.46.0-255,66,151196,50,241924
32667,0.001886,74.125.24.0-255,5738,156934,50,241924
32668,0.001888,172.31.46.0-255,66,157000,50,241924
32669,0.001895,74.125.24.0-255,7156,164156,50,241924
32670,0.001898,172.31.46.0-255,66,164222,50,241924
32671,0.001919,74.125.24.0-255,3602,167824,50,241924
32672,0.002066,74.125.24.0-255,1484,169308,50,241924
32673,0.002073,74.125.24.0-255,2902,172210,50,241924
32674,0.002085,74.125.24.0-255,4320,176530,50,241924
32675,0.0021,74.125.24.0-255,1484,178014,50,241924
32676,0.002113,74.125.24.0-255,4320,182334,50,241924
32677,0.002165,74.125.24.0-255,1484,183818,50,241924
32678,0.005247,172.31.46.0-255,66,183884,50,241924
32679,0.007496,74.125.24.0-255,5738,189622,50,241924
32680,0.007504,172.31.46.0-255,66,189688,50,241924
32681,0.009746,74.125.24.0-255,5738,195426,50,241924
32682,0.009754,172.31.46.0-255,66,195492,50,241924
32683,0.011994,74.125.24.0-255,5738,201230,50,241924
32684,0.012004,172.31.46.0-255,66,201296,50,241924
32685,0.014255,74.125.24.0-255,5738,207034,50,241924
32686,0.014268,172.31.46.0-255,66,207100,50,241924
32687,0.016514,74.125.24.0-255,5738,212838,50,241924
32688,0.016523,172.31.46.0-255,66,212904,50,241924
32689,0.018764,74.125.24.0-255,5738,218642,50,241924
32690,0.018775,172.31.46.0-255,66,218708,50,241924
32691,0.021032,74.125.24.0-255,5738,224446,50,241924
32692,0.021041,172.31.46.0-255,66,224512,50,241924
32693,0.023302,74.125.24.0-255,5738,230250,50,241924
32694,0.023315,172.31.46.0-255,66,230316,50,241924
32695,0.025601,74.125.24.0-255,5738,236054,50,241924
32696,0.02561,172.31.46.0-255,66,236120,50,241924
32697,0.027857,74.125.24.0-255,5738,241858,50,241924
32698,0.027866,172.31.46.0-255,66,241924,50,241924
32699,0.0,74.125.24.0-255,298,298,50,245491
32700,1.9e-05,172.31.46.0-255,66,364,50,245491
32701,2.5e-05,74.125.24.0-255,1484,1848,50,245491
32702,3e-05,172.31.46.0-255,66,1914,50,245491
32703,4.3e-05,74.125.24.0-255,4320,6234,50,245491
32704,4.8e-05,172.31.46.0-255,66,6300,50,245491
32705,6.7e-05,74.125.24.0-255,2902,9202,50,245491
32706,7.5e-05,172.31.46.0-255,66,9268,50,245491
32707,0.000104,74.125.24.0-255,4719,13987,50,245491
32708,0.000107,172.31.46.0-255,66,14053,50,245491
32709,0.000285,74.125.24.0-255,1484,15537,50,245491
32710,0.00029,172.31.46.0-255,66,15603,50,245491
32711,0.000309,74.125.24.0-255,2902,18505,50,245491
32712,0.000312,172.31.46.0-255,66,18571,50,245491
32713,0.000316,74.125.24.0-255,2902,21473,50,245491
32714,0.000319,172.31.46.0-255,66,21539,50,245491
32715,0.000351,74.125.24.0-255,2902,24441,50,245491
32716,0.000354,172.31.46.0-255,66,24507,50,245491
32717,0.00036,74.125.24.0-255,4320,28827,50,245491
32718,0.000363,172.31.46.0-255,66,28893,50,245491
32719,0.000409,74.125.24.0-255,2543,31436,50,245491
32720,0.000412,172.31.46.0-255,66,31502,50,245491
32721,0.000451,74.125.24.0-255,1484,32986,50,245491
32722,0.000454,172.31.46.0-255,66,33052,50,245491
32723,0.000458,74.125.24.0-255,1484,34536,50,245491
32724,0.00046,172.31.46.0-255,66,34602,50,245491
32725,0.000492,74.125.24.0-255,1484,36086,50,245491
32726,0.000495,172.31.46.0-255,66,36152,50,245491
32727,0.000501,74.125.24.0-255,5738,41890,50,245491
32728,0.000504,172.31.46.0-255,66,41956,50,245491
32729,0.000532,74.125.24.0-255,2902,44858,50,245491
32730,0.000535,172.31.46.0-255,66,44924,50,245491
32731,0.000566,74.125.24.0-255,3961,48885,50,245491
32732,0.00058,172.31.46.0-255,66,48951,50,245491
32733,0.00059,74.125.24.0-255,1484,50435,50,245491
32734,0.000597,74.125.24.0-255,2902,53337,50,245491
32735,0.000603,74.125.24.0-255,5738,59075,50,245491
32736,0.000619,74.125.24.0-255,5738,64813,50,245491
32737,0.00063,74.125.24.0-255,1457,66270,50,245491
32738,0.000643,172.31.46.0-255,66,66336,50,245491
32739,0.000653,74.125.24.0-255,346,66682,50,245491
32740,0.000928,74.125.24.0-255,1484,68166,50,245491
32741,0.000933,172.31.46.0-255,66,68232,50,245491
32742,0.00094,74.125.24.0-255,2902,71134,50,245491
32743,0.000964,74.125.24.0-255,4320,75454,50,245491
32744,0.000971,74.125.24.0-255,5738,81192,50,245491
32745,0.000974,74.125.24.0-255,1484,82676,50,245491
32746,0.000988,74.125.24.0-255,4320,86996,50,245491
32747,0.000997,172.31.46.0-255,66,87062,50,245491
32748,0.001017,74.125.24.0-255,5738,92800,50,245491
32749,0.001055,172.31.46.0-255,66,92866,50,245491
32750,0.001104,74.125.24.0-255,1484,94350,50,245491
32751,0.001108,74.125.24.0-255,1484,95834,50,245491
32752,0.001112,172.31.46.0-255,66,95900,50,245491
32753,0.001145,74.125.24.0-255,1484,97384,50,245491
32754,0.001151,74.125.24.0-255,5738,103122,50,245491
32755,0.001174,74.125.24.0-255,4320,107442,50,245491
32756,0.001202,74.125.24.0-255,766,108208,50,245491
32757,0.001205,172.31.46.0-255,66,108274,50,245491
32758,0.001528,74.125.24.0-255,1484,109758,50,245491
32759,0.001533,172.31.46.0-255,66,109824,50,245491
32760,0.001539,74.125.24.0-255,2902,112726,50,245491
32761,0.001568,74.125.24.0-255,2902,115628,50,245491
32762,0.001575,172.31.46.0-255,66,115694,50,245491
32763,0.001593,74.125.24.0-255,2902,118596,50,245491
32764,0.001605,74.125.24.0-255,1484,120080,50,245491
32765,0.001614,172.31.46.0-255,66,120146,50,245491
32766,0.001624,74.125.24.0-255,2902,123048,50,245491
32767,0.001642,74.125.24.0-255,5738,128786,50,245491
32768,0.001679,74.125.24.0-255,4320,133106,50,245491
32769,0.001709,172.31.46.0-255,66,133172,50,245491
32770,0.001756,74.125.24.0-255,1484,134656,50,245491
32771,0.001769,74.125.24.0-255,2902,137558,50,245491
32772,0.001776,172.31.46.0-255,66,137624,50,245491
32773,0.001795,74.125.24.0-255,5738,143362,50,245491
32774,0.001807,74.125.24.0-255,1484,144846,50,245491
32775,0.001819,74.125.24.0-255,4320,149166,50,245491
32776,0.001832,172.31.46.0-255,66,149232,50,245491
32777,0.001853,74.125.24.0-255,7156,156388,50,245491
32778,0.001869,74.125.24.0-255,2902,159290,50,245491
32779,0.001895,172.31.46.0-255,66,159356,50,245491
32780,0.001937,74.125.24.0-255,4320,163676,50,245491
32781,0.001968,172.31.46.0-255,66,163742,50,245491
32782,0.001999,74.125.24.0-255,5738,169480,50,245491
32783,0.002007,172.31.46.0-255,66,169546,50,245491
32784,0.002025,74.125.24.0-255,3602,173148,50,245491
32785,0.002039,172.31.46.0-255,66,173214,50,245491
32786,0.004009,74.125.24.0-255,1484,174698,50,245491
32787,0.004052,74.125.24.0-255,1484,176182,50,245491
32788,0.004056,172.31.46.0-255,66,176248,50,245491
32789,0.004086,74.125.24.0-255,2902,179150,50,245491
32790,0.004089,172.31.46.0-255,66,179216,50,245491
32791,0.006061,74.125.24.0-255,5738,184954,50,245491
32792,0.00717,172.31.46.0-255,66,185020,50,245491
32793,0.009159,74.125.24.0-255,5738,190758,50,245491
32794,0.009165,172.31.46.0-255,66,190824,50,245491
32795,0.011207,74.125.24.0-255,4320,195144,50,245491
32796,0.011215,172.31.46.0-255,66,195210,50,245491
32797,0.011247,74.125.24.0-255,1484,196694,50,245491
32798,0.013256,74.125.24.0-255,4320,201014,50,245491
32799,0.013263,172.31.46.0-255,66,201080,50,245491
32800,0.015303,74.125.24.0-255,5738,206818,50,245491
32801,0.01531,172.31.46.0-255,66,206884,50,245491
32802,0.017302,74.125.24.0-255,5738,212622,50,245491
32803,0.01845,172.31.46.0-255,66,212688,50,245491
32804,0.020641,74.125.24.0-255,5738,218426,50,245491
32805,0.020649,172.31.46.0-255,66,218492,50,245491
32806,0.022663,74.125.24.0-255,2902,221394,50,245491
32807,0.02267,172.31.46.0-255,66,221460,50,245491
32808,0.022699,74.125.24.0-255,2902,224362,50,245491
32809,0.022702,172.31.46.0-255,66,224428,50,245491
32810,0.024662,74.125.24.0-255,2902,227330,50,245491
32811,0.024669,172.31.46.0-255,66,227396,50,245491
32812,0.024696,74.125.24.0-255,2902,230298,50,245491
32813,0.024699,172.31.46.0-255,66,230364,50,245491
32814,0.026689,74.125.24.0-255,2902,233266,50,245491
32815,0.026695,172.31.46.0-255,66,233332,50,245491
32816,0.026737,74.125.24.0-255,2902,236234,50,245491
32817,0.026741,172.31.46.0-255,66,236300,50,245491
32818,0.027517,172.31.46.0-255,164,236464,50,245491
32819,0.027548,172.31.46.0-255,1122,237586,50,245491
32820,0.027604,172.31.46.0-255,1514,239100,50,245491
32821,0.027606,172.31.46.0-255,323,239423,50,245491
32822,0.028732,74.125.24.0-255,4320,243743,50,245491
32823,0.028738,172.31.46.0-255,66,243809,50,245491
32824,0.028767,74.125.24.0-255,1484,245293,50,245491
32825,0.029087,104.244.42.0-255,66,245359,50,245491
32826,0.029095,104.244.42.0-255,66,245425,50,245491
32827,0.029193,104.244.42.0-255,66,245491,50,245491
32828,0.0,172.31.46.0-255,105,105,50,105
32829,0.0,172.217.194.0-255,153,153,50,228638
32830,1.6e-05,172.31.46.0-255,66,219,50,228638
32831,2.3e-05,172.217.194.0-255,1484,1703,50,228638
32832,2.7e-05,172.31.46.0-255,66,1769,50,228638
32833,4.1e-05,172.217.194.0-255,2902,4671,50,228638
32834,4.5e-05,172.31.46.0-255,66,4737,50,228638
32835,5.3e-05,172.217.194.0-255,7156,11893,50,228638
32836,5.6e-05,172.31.46.0-255,66,11959,50,228638
32837,6e-05,172.217.194.0-255,2102,14061,50,228638
32838,6.2e-05,172.31.46.0-255,66,14127,50,228638
32839,6.5e-05,172.217.194.0-255,1484,15611,50,228638
32840,6.8e-05,172.31.46.0-255,66,15677,50,228638
32841,0.000103,172.217.194.0-255,1484,17161,50,228638
32842,0.000107,172.31.46.0-255,66,17227,50,228638
32843,0.000115,172.217.194.0-255,7156,24383,50,228638
32844,0.000117,172.31.46.0-255,66,24449,50,228638
32845,0.000125,172.217.194.0-255,6797,31246,50,228638
32846,0.000127,172.31.46.0-255,66,31312,50,228638
32847,0.000182,172.217.194.0-255,1484,32796,50,228638
32848,0.000185,172.31.46.0-255,66,32862,50,228638
32849,0.000191,172.217.194.0-255,2902,35764,50,228638
32850,0.000193,172.31.46.0-255,66,35830,50,228638
32851,0.0002,172.217.194.0-255,5738,41568,50,228638
32852,0.000207,172.31.46.0-255,66,41634,50,228638
32853,0.000211,172.217.194.0-255,2902,44536,50,228638
32854,0.000214,172.31.46.0-255,66,44602,50,228638
32855,0.000239,172.217.194.0-255,2902,47504,50,228638
32856,0.000242,172.31.46.0-255,66,47570,50,228638
32857,0.000247,172.217.194.0-255,2902,50472,50,228638
32858,0.00025,172.31.46.0-255,66,50538,50,228638
32859,0.00029,172.31.46.0-255,66,50604,50,228638
32860,0.000295,172.217.194.0-255,4249,54853,50,228638
32861,0.000298,172.31.46.0-255,66,54919,50,228638
32862,0.0003,172.217.194.0-255,368,55287,50,228638
32863,0.000734,172.217.194.0-255,1484,56771,50,228638
32864,0.000739,172.31.46.0-255,66,56837,50,228638
32865,0.000745,172.217.194.0-255,2902,59739,50,228638
32866,0.000746,172.31.46.0-255,66,59805,50,228638
32867,0.000752,172.217.194.0-255,4320,64125,50,228638
32868,0.000753,172.31.46.0-255,66,64191,50,228638
32869,0.000775,172.217.194.0-255,1484,65675,50,228638
32870,0.000786,172.31.46.0-255,66,65741,50,228638
32871,0.000828,172.217.194.0-255,7156,72897,50,228638
32872,0.000831,172.31.46.0-255,66,72963,50,228638
32873,0.000856,172.217.194.0-255,5020,77983,50,228638
32874,0.000859,172.31.46.0-255,66,78049,50,228638
32875,0.000957,172.217.194.0-255,1484,79533,50,228638
32876,0.00096,172.217.194.0-255,1484,81017,50,228638
32877,0.000968,172.31.46.0-255,66,81083,50,228638
32878,0.000973,172.217.194.0-255,1484,82567,50,228638
32879,0.000975,172.217.194.0-255,1484,84051,50,228638
32880,0.000977,172.31.46.0-255,66,84117,50,228638
32881,0.00101,172.217.194.0-255,4320,88437,50,228638
32882,0.001013,172.31.46.0-255,66,88503,50,228638
32883,0.001023,172.31.46.0-255,66,88569,50,228638
32884,0.001048,172.217.194.0-255,1484,90053,50,228638
32885,0.001076,172.31.46.0-255,66,90119,50,228638
32886,0.001078,172.217.194.0-255,1484,91603,50,228638
32887,0.001098,172.217.194.0-255,2902,94505,50,228638
32888,0.0011,172.31.46.0-255,66,94571,50,228638
32889,0.001105,172.217.194.0-255,4320,98891,50,228638
32890,0.001107,172.31.46.0-255,66,98957,50,228638
32891,0.001123,172.217.194.0-255,1484,100441,50,228638
32892,0.001138,172.217.194.0-255,2902,103343,50,228638
32893,0.00114,172.31.46.0-255,66,103409,50,228638
32894,0.001176,172.31.46.0-255,66,103475,50,228638
32895,0.00118,172.217.194.0-255,2902,106377,50,228638
32896,0.001182,172.31.46.0-255,66,106443,50,228638
32897,0.001207,172.31.46.0-255,66,106509,50,228638
32898,0.001235,172.217.194.0-255,7156,113665,50,228638
32899,0.001238,172.31.46.0-255,66,113731,50,228638
32900,0.001262,172.217.194.0-255,2902,116633,50,228638
32901,0.001264,172.31.46.0-255,66,116699,50,228638
32902,0.001275,172.31.46.0-255,66,116765,50,228638
32903,0.001278,172.217.194.0-255,2902,119667,50,228638
32904,0.00128,172.31.46.0-255,66,119733,50,228638
32905,0.001315,172.31.46.0-255,66,119799,50,228638
32906,0.001982,172.217.194.0-255,1484,121283,50,228638
32907,0.001986,172.217.194.0-255,2902,124185,50,228638
32908,0.001991,172.31.46.0-255,66,124251,50,228638
32909,0.002,172.217.194.0-255,1484,125735,50,228638
32910,0.002019,172.217.194.0-255,4320,130055,50,228638
32911,0.002021,172.31.46.0-255,66,130121,50,228638
32912,0.002035,172.217.194.0-255,1484,131605,50,228638
32913,0.002062,172.31.46.0-255,66,131671,50,228638
32914,0.002067,172.217.194.0-255,5738,137409,50,228638
32915,0.002069,172.31.46.0-255,66,137475,50,228638
32916,0.002094,172.217.194.0-255,1484,138959,50,228638
32917,0.002109,172.217.194.0-255,3602,142561,50,228638
32918,0.002111,172.31.46.0-255,66,142627,50,228638
32919,0.002174,172.217.194.0-255,1484,144111,50,228638
32920,0.002186,172.217.194.0-255,2902,147013,50,228638
32921,0.002188,172.31.46.0-255,66,147079,50,228638
32922,0.002222,172.217.194.0-255,4320,151399,50,228638
32923,0.002224,172.31.46.0-255,66,151465,50,228638
32924,0.00223,172.217.194.0-255,5738,157203,50,228638
32925,0.002232,172.31.46.0-255,66,157269,50,228638
32926,0.002244,172.31.46.0-255,66,157335,50,228638
32927,0.002278,172.217.194.0-255,2902,160237,50,228638
32928,0.00228,172.31.46.0-255,66,160303,50,228638
32929,0.002289,172.31.46.0-255,66,160369,50,228638
32930,0.002337,172.31.46.0-255,66,160435,50,228638
32931,0.002347,172.31.46.0-255,66,160501,50,228638
32932,0.004664,172.217.194.0-255,5738,166239,50,228638
32933,0.004672,172.31.46.0-255,66,166305,50,228638
32934,0.006993,172.217.194.0-255,5738,172043,50,228638
32935,0.007,172.31.46.0-255,66,172109,50,228638
32936,0.009341,172.217.194.0-255,5738,177847,50,228638
32937,0.009349,172.31.46.0-255,66,177913,50,228638
32938,0.011663,172.217.194.0-255,5738,183651,50,228638
32939,0.011669,172.31.46.0-255,66,183717,50,228638
32940,0.014003,172.217.194.0-255,5738,189455,50,228638
32941,0.014012,172.31.46.0-255,66,189521,50,228638
32942,0.016332,172.217.194.0-255,5738,195259,50,228638
32943,0.01634,172.31.46.0-255,66,195325,50,228638
32944,0.018674,172.217.194.0-255,5738,201063,50,228638
32945,0.018681,172.31.46.0-255,66,201129,50,228638
32946,0.021015,172.217.194.0-255,5738,206867,50,228638
32947,0.021023,172.31.46.0-255,66,206933,50,228638
32948,0.023336,172.217.194.0-255,5738,212671,50,228638
32949,0.023343,172.31.46.0-255,66,212737,50,228638
32950,0.025667,172.217.194.0-255,5738,218475,50,228638
32951,0.025675,172.31.46.0-255,66,218541,50,228638
32952,0.02754,172.31.46.0-255,172,218713,50,228638
32953,0.027569,172.31.46.0-255,1113,219826,50,228638
32954,0.027619,172.31.46.0-255,1514,221340,50,228638
32955,0.027621,172.31.46.0-255,1296,222636,50,228638
32956,0.028022,172.217.194.0-255,5738,228374,50,228638
32957,0.028028,172.31.46.0-255,66,228440,50,228638
32958,0.029166,104.244.42.0-255,66,228506,50,228638
32959,0.029173,104.244.42.0-255,66,228572,50,228638
32960,0.029175,104.244.42.0-255,66,228638,50,228638
32961,0.0,74.125.68.0-255,153,153,50,209414
32962,1.3e-05,172.31.46.0-255,66,219,50,209414
32963,3.2e-05,74.125.68.0-255,1484,1703,50,209414
32964,3.6e-05,172.31.46.0-255,66,1769,50,209414
32965,6.2e-05,74.125.68.0-255,2902,4671,50,209414
32966,6.4e-05,172.31.46.0-255,66,4737,50,209414
32967,6.8e-05,74.125.68.0-255,2902,7639,50,209414
32968,7e-05,172.31.46.0-255,66,7705,50,209414
32969,8.4e-05,74.125.68.0-255,2902,10607,50,209414
32970,8.6e-05,172.31.46.0-255,66,10673,50,209414
32971,0.000104,74.125.68.0-255,1484,12157,50,209414
32972,0.000105,172.31.46.0-255,66,12223,50,209414
32973,0.000118,74.125.68.0-255,2084,14307,50,209414
32974,0.00012,172.31.46.0-255,66,14373,50,209414
32975,0.000137,74.125.68.0-255,4320,18693,50,209414
32976,0.000139,172.31.46.0-255,66,18759,50,209414
32977,0.000149,172.31.46.0-255,66,18825,50,209414
32978,0.000161,74.125.68.0-255,1484,20309,50,209414
32979,0.000163,172.31.46.0-255,66,20375,50,209414
32980,0.000183,74.125.68.0-255,2543,22918,50,209414
32981,0.000184,172.31.46.0-255,66,22984,50,209414
32982,0.000386,74.125.68.0-255,1484,24468,50,209414
32983,0.000391,172.31.46.0-255,66,24534,50,209414
32984,0.000394,74.125.68.0-255,1484,26018,50,209414
32985,0.000396,172.31.46.0-255,66,26084,50,209414
32986,0.000401,74.125.68.0-255,2902,28986,50,209414
32987,0.000404,172.31.46.0-255,66,29052,50,209414
32988,0.000429,74.125.68.0-255,5738,34790,50,209414
32989,0.000432,172.31.46.0-255,66,34856,50,209414
32990,0.000437,74.125.68.0-255,2902,37758,50,209414
32991,0.000438,172.31.46.0-255,66,37824,50,209414
32992,0.000463,74.125.68.0-255,3961,41785,50,209414
32993,0.000466,172.31.46.0-255,66,41851,50,209414
32994,0.000504,74.125.68.0-255,2902,44753,50,209414
32995,0.000506,172.31.46.0-255,66,44819,50,209414
32996,0.000524,74.125.68.0-255,4320,49139,50,209414
32997,0.000527,172.31.46.0-255,66,49205,50,209414
32998,0.000537,74.125.68.0-255,1484,50689,50,209414
32999,0.000567,74.125.68.0-255,2902,53591,50,209414
33000,0.00057,172.31.46.0-255,66,53657,50,209414
33001,0.000594,74.125.68.0-255,2902,56559,50,209414
33002,0.000597,172.31.46.0-255,66,56625,50,209414
33003,0.000614,74.125.68.0-255,1397,58022,50,209414
33004,0.000746,74.125.68.0-255,382,58404,50,209414
33005,0.00075,172.31.46.0-255,66,58470,50,209414
33006,0.000925,74.125.68.0-255,1484,59954,50,209414
33007,0.000959,74.125.68.0-255,2902,62856,50,209414
33008,0.000963,172.31.46.0-255,66,62922,50,209414
33009,0.000967,74.125.68.0-255,1484,64406,50,209414
33010,0.000981,74.125.68.0-255,2902,67308,50,209414
33011,0.000983,172.31.46.0-255,66,67374,50,209414
33012,0.00102,172.31.46.0-255,66,67440,50,209414
33013,0.001037,74.125.68.0-255,5738,73178,50,209414
33014,0.001039,172.31.46.0-255,66,73244,50,209414
33015,0.001066,74.125.68.0-255,2902,76146,50,209414
33016,0.001069,172.31.46.0-255,66,76212,50,209414
33017,0.001076,74.125.68.0-255,7156,83368,50,209414
33018,0.001079,172.31.46.0-255,66,83434,50,209414
33019,0.0011,74.125.68.0-255,1125,84559,50,209414
33020,0.001581,74.125.68.0-255,1484,86043,50,209414
33021,0.001588,172.31.46.0-255,66,86109,50,209414
33022,0.001593,74.125.68.0-255,1484,87593,50,209414
33023,0.001598,74.125.68.0-255,2902,90495,50,209414
33024,0.0016,172.31.46.0-255,66,90561,50,209414
33025,0.001607,74.125.68.0-255,5738,96299,50,209414
33026,0.00161,172.31.46.0-255,66,96365,50,209414
33027,0.001633,74.125.68.0-255,4320,100685,50,209414
33028,0.001635,172.31.46.0-255,66,100751,50,209414
33029,0.00167,74.125.68.0-255,2902,103653,50,209414
33030,0.001673,172.31.46.0-255,66,103719,50,209414
33031,0.001687,74.125.68.0-255,1484,105203,50,209414
33032,0.0017,74.125.68.0-255,2902,108105,50,209414
33033,0.001702,172.31.46.0-255,66,108171,50,209414
33034,0.001736,74.125.68.0-255,2902,111073,50,209414
33035,0.001739,172.31.46.0-255,66,111139,50,209414
33036,0.001774,74.125.68.0-255,1484,112623,50,209414
33037,0.001787,74.125.68.0-255,2902,115525,50,209414
33038,0.00179,172.31.46.0-255,66,115591,50,209414
33039,0.001817,74.125.68.0-255,2902,118493,50,209414
33040,0.001819,172.31.46.0-255,66,118559,50,209414
33041,0.001881,74.125.68.0-255,766,119325,50,209414
33042,0.002342,74.125.68.0-255,1484,120809,50,209414
33043,0.002345,172.31.46.0-255,66,120875,50,209414
33044,0.002364,74.125.68.0-255,2902,123777,50,209414
33045,0.002366,172.31.46.0-255,66,123843,50,209414
33046,0.00237,74.125.68.0-255,2902,126745,50,209414
33047,0.002373,172.31.46.0-255,66,126811,50,209414
33048,0.002377,74.125.68.0-255,2902,129713,50,209414
33049,0.002379,172.31.46.0-255,66,129779,50,209414
33050,0.002394,74.125.68.0-255,1484,131263,50,209414
33051,0.002415,74.125.68.0-255,5738,137001,50,209414
33052,0.002417,172.31.46.0-255,66,137067,50,209414
33053,0.002436,74.125.68.0-255,2902,139969,50,209414
33054,0.002438,172.31.46.0-255,66,140035,50,209414
33055,0.002441,74.125.68.0-255,1484,141519,50,209414
33056,0.002506,74.125.68.0-255,1484,143003,50,209414
33057,0.002508,172.31.46.0-255,66,143069,50,209414
33058,0.002537,172.31.46.0-255,66,143135,50,209414
33059,0.002541,74.125.68.0-255,2184,145319,50,209414
33060,0.002543,172.31.46.0-255,66,145385,50,209414
33061,0.002558,74.125.68.0-255,2902,148287,50,209414
33062,0.00256,172.31.46.0-255,66,148353,50,209414
33063,0.00511,74.125.68.0-255,4320,152673,50,209414
33064,0.005114,172.31.46.0-255,66,152739,50,209414
33065,0.005146,74.125.68.0-255,1484,154223,50,209414
33066,0.007694,74.125.68.0-255,4320,158543,50,209414
33067,0.007701,172.31.46.0-255,66,158609,50,209414
33068,0.010274,74.125.68.0-255,5738,164347,50,209414
33069,0.010282,172.31.46.0-255,66,164413,50,209414
33070,0.012873,74.125.68.0-255,5738,170151,50,209414
33071,0.012881,172.31.46.0-255,66,170217,50,209414
33072,0.015474,74.125.68.0-255,5738,175955,50,209414
33073,0.015486,172.31.46.0-255,66,176021,50,209414
33074,0.018064,74.125.68.0-255,5738,181759,50,209414
33075,0.018073,172.31.46.0-255,66,181825,50,209414
33076,0.020657,74.125.68.0-255,5738,187563,50,209414
33077,0.020664,172.31.46.0-255,66,187629,50,209414
33078,0.023263,74.125.68.0-255,5738,193367,50,209414
33079,0.023272,172.31.46.0-255,66,193433,50,209414
33080,0.025846,74.125.68.0-255,1484,194917,50,209414
33081,0.025874,74.125.68.0-255,4320,199237,50,209414
33082,0.02588,172.31.46.0-255,66,199303,50,209414
33083,0.026619,172.31.46.0-255,188,199491,50,209414
33084,0.02665,172.31.46.0-255,954,200445,50,209414
33085,0.026704,172.31.46.0-255,1514,201959,50,209414
33086,0.026705,172.31.46.0-255,1453,203412,50,209414
33087,0.028187,104.244.42.0-255,66,203478,50,209414
33088,0.028327,104.244.42.0-255,66,203544,50,209414
33089,0.028348,104.244.42.0-255,66,203610,50,209414
33090,0.028497,74.125.68.0-255,5738,209348,50,209414
33091,0.028502,172.31.46.0-255,66,209414,50,209414
33092,0.0,172.217.194.0-255,152,152,50,141903
33093,2.1e-05,172.31.46.0-255,66,218,50,141903
33094,2.8e-05,172.217.194.0-255,1484,1702,50,141903
33095,3.2e-05,172.31.46.0-255,66,1768,50,141903
33096,3.9e-05,172.217.194.0-255,2902,4670,50,141903
33097,4.2e-05,172.31.46.0-255,66,4736,50,141903
33098,5e-05,172.217.194.0-255,7156,11892,50,141903
33099,5.4e-05,172.31.46.0-255,66,11958,50,141903
33100,7.4e-05,172.217.194.0-255,2043,14001,50,141903
33101,7.8e-05,172.31.46.0-255,66,14067,50,141903
33102,9.6e-05,172.217.194.0-255,2902,16969,50,141903
33103,9.9e-05,172.31.46.0-255,66,17035,50,141903
33104,0.000136,172.217.194.0-255,7156,24191,50,141903
33105,0.00014,172.31.46.0-255,66,24257,50,141903
33106,0.000143,172.217.194.0-255,1484,25741,50,141903
33107,0.000144,172.31.46.0-255,66,25807,50,141903
33108,0.000197,172.31.46.0-255,66,25873,50,141903
33109,0.000204,172.217.194.0-255,6797,32670,50,141903
33110,0.000207,172.31.46.0-255,66,32736,50,141903
33111,0.000967,172.217.194.0-255,1484,34220,50,141903
33112,0.000973,172.31.46.0-255,66,34286,50,141903
33113,0.000982,172.217.194.0-255,2902,37188,50,141903
33114,0.000985,172.31.46.0-255,66,37254,50,141903
33115,0.000992,172.217.194.0-255,5738,42992,50,141903
33116,0.000994,172.31.46.0-255,66,43058,50,141903
33117,0.001001,172.217.194.0-255,5738,48796,50,141903
33118,0.001003,172.31.46.0-255,66,48862,50,141903
33119,0.001058,172.31.46.0-255,66,48928,50,141903
33120,0.001071,172.31.46.0-255,66,48994,50,141903
33121,0.001093,172.217.194.0-255,1484,50478,50,141903
33122,0.001126,172.217.194.0-255,2902,53380,50,141903
33123,0.001129,172.31.46.0-255,66,53446,50,141903
33124,0.001173,172.31.46.0-255,66,53512,50,141903
33125,0.001422,172.217.194.0-255,198,53710,50,141903
33126,0.001527,172.217.194.0-255,1484,55194,50,141903
33127,0.001532,172.31.46.0-255,66,55260,50,141903
33128,0.001539,172.217.194.0-255,2902,58162,50,141903
33129,0.001541,172.31.46.0-255,66,58228,50,141903
33130,0.001549,172.217.194.0-255,5738,63966,50,141903
33131,0.001551,172.31.46.0-255,66,64032,50,141903
33132,0.001589,172.31.46.0-255,66,64098,50,141903
33133,0.001611,172.217.194.0-255,1484,65582,50,141903
33134,0.001625,172.217.194.0-255,4320,69902,50,141903
33135,0.001628,172.31.46.0-255,66,69968,50,141903
33136,0.001649,172.217.194.0-255,5020,74988,50,141903
33137,0.001652,172.31.46.0-255,66,75054,50,141903
33138,0.004181,172.217.194.0-255,1484,76538,50,141903
33139,0.004205,172.217.194.0-255,4320,80858,50,141903
33140,0.00421,172.31.46.0-255,66,80924,50,141903
33141,0.006757,172.217.194.0-255,5738,86662,50,141903
33142,0.006762,172.31.46.0-255,66,86728,50,141903
33143,0.009326,172.217.194.0-255,5738,92466,50,141903
33144,0.009334,172.31.46.0-255,66,92532,50,141903
33145,0.0119,172.217.194.0-255,5738,98270,50,141903
33146,0.011911,172.31.46.0-255,66,98336,50,141903
33147,0.014485,172.217.194.0-255,5738,104074,50,141903
33148,0.014495,172.31.46.0-255,66,104140,50,141903
33149,0.01705,172.217.194.0-255,5738,109878,50,141903
33150,0.017064,172.31.46.0-255,66,109944,50,141903
33151,0.019637,172.217.194.0-255,5738,115682,50,141903
33152,0.019645,172.31.46.0-255,66,115748,50,141903
33153,0.022205,172.217.194.0-255,5738,121486,50,141903
33154,0.022213,172.31.46.0-255,66,121552,50,141903
33155,0.023435,172.31.46.0-255,172,121724,50,141903
33156,0.023464,172.31.46.0-255,1113,122837,50,141903
33157,0.023525,172.31.46.0-255,1514,124351,50,141903
33158,0.023527,172.31.46.0-255,1294,125645,50,141903
33159,0.024763,172.217.194.0-255,4320,129965,50,141903
33160,0.024769,172.31.46.0-255,66,130031,50,141903
33161,0.024789,172.217.194.0-255,1484,131515,50,141903
33162,0.024954,104.244.42.0-255,66,131581,50,141903
33163,0.025094,104.244.42.0-255,66,131647,50,141903
33164,0.025099,104.244.42.0-255,66,131713,50,141903
33165,0.027327,172.217.194.0-255,4320,136033,50,141903
33166,0.027332,172.31.46.0-255,66,136099,50,141903
33167,0.029906,172.217.194.0-255,5738,141837,50,141903
33168,0.029912,172.31.46.0-255,66,141903,50,141903
33169,0.0,74.125.200.0-255,299,299,50,251619
33170,2.4e-05,172.31.46.0-255,66,365,50,251619
33171,3.1e-05,74.125.200.0-255,1484,1849,50,251619
33172,3.6e-05,172.31.46.0-255,66,1915,50,251619
33173,4e-05,74.125.200.0-255,1484,3399,50,251619
33174,4.2e-05,172.31.46.0-255,66,3465,50,251619
33175,7.3e-05,74.125.200.0-255,2902,6367,50,251619
33176,7.7e-05,172.31.46.0-255,66,6433,50,251619
33177,8e-05,74.125.200.0-255,1484,7917,50,251619
33178,8.3e-05,172.31.46.0-255,66,7983,50,251619
33179,9.7e-05,74.125.200.0-255,2902,10885,50,251619
33180,0.0001,172.31.46.0-255,66,10951,50,251619
33181,0.00014,74.125.200.0-255,5738,16689,50,251619
33182,0.000143,172.31.46.0-255,66,16755,50,251619
33183,0.000155,74.125.200.0-255,426,17181,50,251619
33184,0.000157,172.31.46.0-255,66,17247,50,251619
33185,0.000164,74.125.200.0-255,4320,21567,50,251619
33186,0.000167,172.31.46.0-255,66,21633,50,251619
33187,0.000188,74.125.200.0-255,2902,24535,50,251619
33188,0.000191,172.31.46.0-255,66,24601,50,251619
33189,0.000194,74.125.200.0-255,1484,26085,50,251619
33190,0.000197,172.31.46.0-255,66,26151,50,251619
33191,0.00022,172.31.46.0-255,66,26217,50,251619
33192,0.00026,172.31.46.0-255,66,26283,50,251619
33193,0.00028,74.125.200.0-255,2902,29185,50,251619
33194,0.000282,172.31.46.0-255,66,29251,50,251619
33195,0.000331,74.125.200.0-255,2184,31435,50,251619
33196,0.000335,172.31.46.0-255,66,31501,50,251619
33197,0.000377,74.125.200.0-255,1484,32985,50,251619
33198,0.000379,172.31.46.0-255,66,33051,50,251619
33199,0.000383,74.125.200.0-255,1484,34535,50,251619
33200,0.000401,74.125.200.0-255,2902,37437,50,251619
33201,0.000403,172.31.46.0-255,66,37503,50,251619
33202,0.000407,74.125.200.0-255,1484,38987,50,251619
33203,0.000425,74.125.200.0-255,4320,43307,50,251619
33204,0.000427,172.31.46.0-255,66,43373,50,251619
33205,0.000447,74.125.200.0-255,4320,47693,50,251619
33206,0.000449,172.31.46.0-255,66,47759,50,251619
33207,0.000466,74.125.200.0-255,1462,49221,50,251619
33208,0.000731,74.125.200.0-255,1484,50705,50,251619
33209,0.000736,172.31.46.0-255,66,50771,50,251619
33210,0.000743,74.125.200.0-255,2902,53673,50,251619
33211,0.000745,172.31.46.0-255,66,53739,50,251619
33212,0.000748,74.125.200.0-255,1484,55223,50,251619
33213,0.000763,74.125.200.0-255,4320,59543,50,251619
33214,0.000766,172.31.46.0-255,66,59609,50,251619
33215,0.000771,74.125.200.0-255,2902,62511,50,251619
33216,0.000774,172.31.46.0-255,66,62577,50,251619
33217,0.000795,74.125.200.0-255,4320,66897,50,251619
33218,0.000799,172.31.46.0-255,66,66963,50,251619
33219,0.00084,172.31.46.0-255,66,67029,50,251619
33220,0.0009,74.125.200.0-255,2902,69931,50,251619
33221,0.000904,172.31.46.0-255,66,69997,50,251619
33222,0.000923,74.125.200.0-255,3602,73599,50,251619
33223,0.000925,172.31.46.0-255,66,73665,50,251619
33224,0.00093,74.125.200.0-255,2902,76567,50,251619
33225,0.000932,172.31.46.0-255,66,76633,50,251619
33226,0.000952,74.125.200.0-255,1484,78117,50,251619
33227,0.00096,74.125.200.0-255,5738,83855,50,251619
33228,0.000973,74.125.200.0-255,1484,85339,50,251619
33229,0.000982,172.31.46.0-255,66,85405,50,251619
33230,0.001019,172.31.46.0-255,66,85471,50,251619
33231,0.001057,74.125.200.0-255,1484,86955,50,251619
33232,0.001074,74.125.200.0-255,2902,89857,50,251619
33233,0.001088,172.31.46.0-255,66,89923,50,251619
33234,0.001113,172.31.46.0-255,66,89989,50,251619
33235,0.00121,74.125.200.0-255,2902,92891,50,251619
33236,0.001213,172.31.46.0-255,66,92957,50,251619
33237,0.001259,74.125.200.0-255,7156,100113,50,251619
33238,0.001305,172.31.46.0-255,66,100179,50,251619
33239,0.001344,74.125.200.0-255,2466,102645,50,251619
33240,0.001363,172.31.46.0-255,66,102711,50,251619
33241,0.001382,172.31.46.0-255,66,102777,50,251619
33242,0.001391,74.125.200.0-255,1484,104261,50,251619
33243,0.00145,74.125.200.0-255,5738,109999,50,251619
33244,0.001466,172.31.46.0-255,66,110065,50,251619
33245,0.001487,172.31.46.0-255,66,110131,50,251619
33246,0.001537,74.125.200.0-255,1484,111615,50,251619
33247,0.001581,74.125.200.0-255,1484,113099,50,251619
33248,0.001586,172.31.46.0-255,66,113165,50,251619
33249,0.001632,74.125.200.0-255,2902,116067,50,251619
33250,0.001652,74.125.200.0-255,2902,118969,50,251619
33251,0.001659,172.31.46.0-255,66,119035,50,251619
33252,0.001679,74.125.200.0-255,2902,121937,50,251619
33253,0.001683,172.31.46.0-255,66,122003,50,251619
33254,0.001721,172.31.46.0-255,66,122069,50,251619
33255,0.001739,74.125.200.0-255,4320,126389,50,251619
33256,0.001772,172.31.46.0-255,66,126455,50,251619
33257,0.001827,74.125.200.0-255,4320,130775,50,251619
33258,0.001842,74.125.200.0-255,2902,133677,50,251619
33259,0.001846,172.31.46.0-255,66,133743,50,251619
33260,0.001851,172.31.46.0-255,66,133809,50,251619
33261,0.001866,74.125.200.0-255,4320,138129,50,251619
33262,0.001878,172.31.46.0-255,66,138195,50,251619
33263,0.001896,74.125.200.0-255,5738,143933,50,251619
33264,0.001912,74.125.200.0-255,3602,147535,50,251619
33265,0.001926,172.31.46.0-255,66,147601,50,251619
33266,0.001994,74.125.200.0-255,1484,149085,50,251619
33267,0.002015,74.125.200.0-255,2902,151987,50,251619
33268,0.002019,74.125.200.0-255,1484,153471,50,251619
33269,0.002025,172.31.46.0-255,66,153537,50,251619
33270,0.002036,74.125.200.0-255,4320,157857,50,251619
33271,0.002041,74.125.200.0-255,4320,162177,50,251619
33272,0.002045,172.31.46.0-255,66,162243,50,251619
33273,0.002061,74.125.200.0-255,1484,163727,50,251619
33274,0.002074,74.125.200.0-255,1484,165211,50,251619
33275,0.00208,172.31.46.0-255,66,165277,50,251619
33276,0.002094,74.125.200.0-255,5738,171015,50,251619
33277,0.002124,74.125.200.0-255,5738,176753,50,251619
33278,0.002129,172.31.46.0-255,66,176819,50,251619
33279,0.002153,74.125.200.0-255,5020,181839,50,251619
33280,0.00216,172.31.46.0-255,66,181905,50,251619
33281,0.0023,74.125.200.0-255,1484,183389,50,251619
33282,0.004444,74.125.200.0-255,4320,187709,50,251619
33283,0.004451,172.31.46.0-255,66,187775,50,251619
33284,0.006744,74.125.200.0-255,5738,193513,50,251619
33285,0.006752,172.31.46.0-255,66,193579,50,251619
33286,0.009037,74.125.200.0-255,5738,199317,50,251619
33287,0.009044,172.31.46.0-255,66,199383,50,251619
33288,0.011328,74.125.200.0-255,5738,205121,50,251619
33289,0.011336,172.31.46.0-255,66,205187,50,251619
33290,0.013622,74.125.200.0-255,5738,210925,50,251619
33291,0.013629,172.31.46.0-255,66,210991,50,251619
33292,0.015913,74.125.200.0-255,5738,216729,50,251619
33293,0.015922,172.31.46.0-255,66,216795,50,251619
33294,0.018229,74.125.200.0-255,5738,222533,50,251619
33295,0.018245,172.31.46.0-255,66,222599,50,251619
33296,0.020583,74.125.200.0-255,5738,228337,50,251619
33297,0.020594,172.31.46.0-255,66,228403,50,251619
33298,0.022894,74.125.200.0-255,5738,234141,50,251619
33299,0.022905,172.31.46.0-255,66,234207,50,251619
33300,0.025216,74.125.200.0-255,5738,239945,50,251619
33301,0.025226,172.31.46.0-255,66,240011,50,251619
33302,0.027522,74.125.200.0-255,5738,245749,50,251619
33303,0.027539,172.31.46.0-255,66,245815,50,251619
33304,0.029833,74.125.200.0-255,5738,251553,50,251619
33305,0.029842,172.31.46.0-255,66,251619,50,251619
33306,0.0,172.31.46.0-255,105,105,50,105
33307,0.0,74.125.130.0-255,146,146,50,153020
33308,2.4e-05,172.31.46.0-255,66,212,50,153020
33309,3.3e-05,74.125.130.0-255,1484,1696,50,153020
33310,3.7e-05,172.31.46.0-255,66,1762,50,153020
33311,4e-05,74.125.130.0-255,1484,3246,50,153020
33312,4.4e-05,172.31.46.0-255,66,3312,50,153020
33313,6.9e-05,74.125.130.0-255,1484,4796,50,153020
33314,7.2e-05,172.31.46.0-255,66,4862,50,153020
33315,8.8e-05,74.125.130.0-255,1484,6346,50,153020
33316,9e-05,172.31.46.0-255,66,6412,50,153020
33317,0.000112,74.125.130.0-255,4320,10732,50,153020
33318,0.000115,172.31.46.0-255,66,10798,50,153020
33319,0.000212,74.125.130.0-255,1484,12282,50,153020
33320,0.000215,172.31.46.0-255,66,12348,50,153020
33321,0.000245,74.125.130.0-255,2044,14392,50,153020
33322,0.000248,172.31.46.0-255,66,14458,50,153020
33323,0.000294,74.125.130.0-255,4320,18778,50,153020
33324,0.000298,172.31.46.0-255,66,18844,50,153020
33325,0.000316,74.125.130.0-255,1484,20328,50,153020
33326,0.000319,172.31.46.0-255,66,20394,50,153020
33327,0.000412,172.31.46.0-255,66,20460,50,153020
33328,0.000429,74.125.130.0-255,2543,23003,50,153020
33329,0.000432,172.31.46.0-255,66,23069,50,153020
33330,0.000636,74.125.130.0-255,1484,24553,50,153020
33331,0.000641,172.31.46.0-255,66,24619,50,153020
33332,0.000673,74.125.130.0-255,2902,27521,50,153020
33333,0.000678,172.31.46.0-255,66,27587,50,153020
33334,0.000732,74.125.130.0-255,4320,31907,50,153020
33335,0.000736,172.31.46.0-255,66,31973,50,153020
33336,0.000752,74.125.130.0-255,1484,33457,50,153020
33337,0.000755,172.31.46.0-255,66,33523,50,153020
33338,0.000858,74.125.130.0-255,7156,40679,50,153020
33339,0.000862,172.31.46.0-255,66,40745,50,153020
33340,0.000884,74.125.130.0-255,6797,47542,50,153020
33341,0.000887,172.31.46.0-255,66,47608,50,153020
33342,0.001165,172.31.46.0-255,66,47674,50,153020
33343,0.001329,74.125.130.0-255,118,47792,50,153020
33344,0.001334,172.31.46.0-255,66,47858,50,153020
33345,0.001488,74.125.130.0-255,1484,49342,50,153020
33346,0.001493,172.31.46.0-255,66,49408,50,153020
33347,0.00151,74.125.130.0-255,1484,50892,50,153020
33348,0.001513,172.31.46.0-255,66,50958,50,153020
33349,0.001526,74.125.130.0-255,2902,53860,50,153020
33350,0.001529,172.31.46.0-255,66,53926,50,153020
33351,0.001579,74.125.130.0-255,4320,58246,50,153020
33352,0.001582,172.31.46.0-255,66,58312,50,153020
33353,0.001673,74.125.130.0-255,4320,62632,50,153020
33354,0.001677,172.31.46.0-255,66,62698,50,153020
33355,0.001696,74.125.130.0-255,1484,64182,50,153020
33356,0.001698,172.31.46.0-255,66,64248,50,153020
33357,0.0018,74.125.130.0-255,2902,67150,50,153020
33358,0.001804,172.31.46.0-255,66,67216,50,153020
33359,0.001825,74.125.130.0-255,2902,70118,50,153020
33360,0.001827,172.31.46.0-255,66,70184,50,153020
33361,0.001939,172.31.46.0-255,66,70250,50,153020
33362,0.003955,74.125.130.0-255,5738,75988,50,153020
33363,0.003966,172.31.46.0-255,66,76054,50,153020
33364,0.005997,74.125.130.0-255,5738,81792,50,153020
33365,0.006007,172.31.46.0-255,66,81858,50,153020
33366,0.008011,74.125.130.0-255,4320,86178,50,153020
33367,0.008018,172.31.46.0-255,66,86244,50,153020
33368,0.008037,74.125.130.0-255,1484,87728,50,153020
33369,0.00804,172.31.46.0-255,66,87794,50,153020
33370,0.010045,74.125.130.0-255,5738,93532,50,153020
33371,0.010052,172.31.46.0-255,66,93598,50,153020
33372,0.012071,74.125.130.0-255,5738,99336,50,153020
33373,0.01208,172.31.46.0-255,66,99402,50,153020
33374,0.014099,74.125.130.0-255,5738,105140,50,153020
33375,0.014109,172.31.46.0-255,66,105206,50,153020
33376,0.016116,74.125.130.0-255,5738,110944,50,153020
33377,0.016124,172.31.46.0-255,66,111010,50,153020
33378,0.018138,74.125.130.0-255,5738,116748,50,153020
33379,0.018154,172.31.46.0-255,66,116814,50,153020
33380,0.020175,74.125.130.0-255,5738,122552,50,153020
33381,0.020187,172.31.46.0-255,66,122618,50,153020
33382,0.022215,74.125.130.0-255,5738,128356,50,153020
33383,0.022227,172.31.46.0-255,66,128422,50,153020
33384,0.024244,74.125.130.0-255,5738,134160,50,153020
33385,0.024252,172.31.46.0-255,66,134226,50,153020
33386,0.026266,74.125.130.0-255,5738,139964,50,153020
33387,0.026273,172.31.46.0-255,66,140030,50,153020
33388,0.027046,172.31.46.0-255,192,140222,50,153020
33389,0.027077,172.31.46.0-255,1113,141335,50,153020
33390,0.027143,172.31.46.0-255,1514,142849,50,153020
33391,0.027145,172.31.46.0-255,1514,144363,50,153020
33392,0.027146,172.31.46.0-255,1514,145877,50,153020
33393,0.027147,172.31.46.0-255,1075,146952,50,153020
33394,0.028299,74.125.130.0-255,5738,152690,50,153020
33395,0.028307,172.31.46.0-255,66,152756,50,153020
33396,0.028627,104.244.42.0-255,66,152822,50,153020
33397,0.028635,104.244.42.0-255,66,152888,50,153020
33398,0.028732,104.244.42.0-255,66,152954,50,153020
33399,0.028771,104.244.42.0-255,66,153020,50,153020
33400,0.0,172.31.46.0-255,105,105,50,276
33401,0.001791,157.240.13.0-255,105,210,50,276
33402,0.00181,172.31.46.0-255,66,276,50,276
33403,0.0,172.217.194.0-255,295,295,50,214247
33404,1.6e-05,172.31.46.0-255,66,361,50,214247
33405,2.3e-05,172.217.194.0-255,1484,1845,50,214247
33406,2.7e-05,172.31.46.0-255,66,1911,50,214247
33407,5.3e-05,172.217.194.0-255,1484,3395,50,214247
33408,5.5e-05,172.31.46.0-255,66,3461,50,214247
33409,6.2e-05,172.217.194.0-255,2902,6363,50,214247
33410,6.5e-05,172.31.46.0-255,66,6429,50,214247
33411,7.1e-05,172.217.194.0-255,5738,12167,50,214247
33412,7.9e-05,172.31.46.0-255,66,12233,50,214247
33413,8.5e-05,172.217.194.0-255,3335,15568,50,214247
33414,8.8e-05,172.31.46.0-255,66,15634,50,214247
33415,0.000125,172.217.194.0-255,5738,21372,50,214247
33416,0.000129,172.31.46.0-255,66,21438,50,214247
33417,0.000153,172.217.194.0-255,5738,27176,50,214247
33418,0.000155,172.31.46.0-255,66,27242,50,214247
33419,0.000161,172.217.194.0-255,3961,31203,50,214247
33420,0.000164,172.31.46.0-255,66,31269,50,214247
33421,0.000276,172.217.194.0-255,1484,32753,50,214247
33422,0.000279,172.31.46.0-255,66,32819,50,214247
33423,0.000285,172.217.194.0-255,2902,35721,50,214247
33424,0.000288,172.31.46.0-255,66,35787,50,214247
33425,0.000299,172.217.194.0-255,5738,41525,50,214247
33426,0.000302,172.31.46.0-255,66,41591,50,214247
33427,0.000351,172.31.46.0-255,66,41657,50,214247
33428,0.000369,172.31.46.0-255,66,41723,50,214247
33429,0.000371,172.217.194.0-255,366,42089,50,214247
33430,0.000373,172.31.46.0-255,66,42155,50,214247
33431,0.000534,172.217.194.0-255,377,42532,50,214247
33432,0.000538,172.31.46.0-255,66,42598,50,214247
33433,0.000631,172.217.194.0-255,1484,44082,50,214247
33434,0.000637,172.217.194.0-255,2902,46984,50,214247
33435,0.000641,172.31.46.0-255,66,47050,50,214247
33436,0.000669,172.217.194.0-255,5738,52788,50,214247
33437,0.000672,172.31.46.0-255,66,52854,50,214247
33438,0.000678,172.217.194.0-255,5738,58592,50,214247
33439,0.000681,172.31.46.0-255,66,58658,50,214247
33440,0.000704,172.217.194.0-255,1125,59783,50,214247
33441,0.000854,172.217.194.0-255,1484,61267,50,214247
33442,0.000859,172.31.46.0-255,66,61333,50,214247
33443,0.000863,172.217.194.0-255,1484,62817,50,214247
33444,0.000888,172.217.194.0-255,1484,64301,50,214247
33445,0.00089,172.31.46.0-255,66,64367,50,214247
33446,0.000896,172.217.194.0-255,5738,70105,50,214247
33447,0.000899,172.31.46.0-255,66,70171,50,214247
33448,0.00093,172.217.194.0-255,6797,76968,50,214247
33449,0.000932,172.31.46.0-255,66,77034,50,214247
33450,0.001776,172.217.194.0-255,1484,78518,50,214247
33451,0.001786,172.217.194.0-255,2902,81420,50,214247
33452,0.00179,172.31.46.0-255,66,81486,50,214247
33453,0.001818,172.217.194.0-255,5738,87224,50,214247
33454,0.001821,172.31.46.0-255,66,87290,50,214247
33455,0.001825,172.217.194.0-255,2902,90192,50,214247
33456,0.001827,172.31.46.0-255,66,90258,50,214247
33457,0.001883,172.31.46.0-255,66,90324,50,214247
33458,0.001894,172.31.46.0-255,66,90390,50,214247
33459,0.001901,172.217.194.0-255,766,91156,50,214247
33460,0.001905,172.217.194.0-255,1484,92640,50,214247
33461,0.001907,172.31.46.0-255,66,92706,50,214247
33462,0.001912,172.217.194.0-255,4320,97026,50,214247
33463,0.001914,172.31.46.0-255,66,97092,50,214247
33464,0.00192,172.217.194.0-255,4320,101412,50,214247
33465,0.001921,172.31.46.0-255,66,101478,50,214247
33466,0.001959,172.217.194.0-255,5738,107216,50,214247
33467,0.001962,172.31.46.0-255,66,107282,50,214247
33468,0.001978,172.31.46.0-255,66,107348,50,214247
33469,0.001986,172.217.194.0-255,5738,113086,50,214247
33470,0.001988,172.31.46.0-255,66,113152,50,214247
33471,0.002009,172.217.194.0-255,766,113918,50,214247
33472,0.002328,172.217.194.0-255,1484,115402,50,214247
33473,0.002334,172.31.46.0-255,66,115468,50,214247
33474,0.00234,172.217.194.0-255,2902,118370,50,214247
33475,0.002342,172.31.46.0-255,66,118436,50,214247
33476,0.002354,172.217.194.0-255,5738,124174,50,214247
33477,0.002357,172.31.46.0-255,66,124240,50,214247
33478,0.002366,172.217.194.0-255,7156,131396,50,214247
33479,0.002368,172.31.46.0-255,66,131462,50,214247
33480,0.002375,172.217.194.0-255,5738,137200,50,214247
33481,0.002378,172.31.46.0-255,66,137266,50,214247
33482,0.002411,172.217.194.0-255,5738,143004,50,214247
33483,0.002418,172.31.46.0-255,66,143070,50,214247
33484,0.0048,172.217.194.0-255,5738,148808,50,214247
33485,0.004809,172.31.46.0-255,66,148874,50,214247
33486,0.007147,172.217.194.0-255,5738,154612,50,214247
33487,0.007153,172.31.46.0-255,66,154678,50,214247
33488,0.007218,172.31.46.0-255,101,154779,50,214247
33489,0.009497,172.217.194.0-255,5738,160517,50,214247
33490,0.009503,172.31.46.0-255,66,160583,50,214247
33491,0.009533,172.217.194.0-255,66,160649,50,214247
33492,0.011856,172.217.194.0-255,5738,166387,50,214247
33493,0.011865,172.31.46.0-255,66,166453,50,214247
33494,0.014215,172.217.194.0-255,5738,172191,50,214247
33495,0.014225,172.31.46.0-255,66,172257,50,214247
33496,0.016571,172.217.194.0-255,5738,177995,50,214247
33497,0.016582,172.31.46.0-255,66,178061,50,214247
33498,0.019004,172.217.194.0-255,5738,183799,50,214247
33499,0.019015,172.31.46.0-255,66,183865,50,214247
33500,0.021376,172.217.194.0-255,5738,189603,50,214247
33501,0.021383,172.31.46.0-255,66,189669,50,214247
33502,0.023747,172.217.194.0-255,5738,195407,50,214247
33503,0.023754,172.31.46.0-255,66,195473,50,214247
33504,0.026096,172.217.194.0-255,5738,201211,50,214247
33505,0.026102,172.31.46.0-255,66,201277,50,214247
33506,0.028196,172.31.46.0-255,172,201449,50,214247
33507,0.028228,172.31.46.0-255,1113,202562,50,214247
33508,0.028293,172.31.46.0-255,1514,204076,50,214247
33509,0.028295,172.31.46.0-255,1514,205590,50,214247
33510,0.028296,172.31.46.0-255,1514,207104,50,214247
33511,0.028297,172.31.46.0-255,1075,208179,50,214247
33512,0.028444,172.217.194.0-255,5738,213917,50,214247
33513,0.028451,172.31.46.0-255,66,213983,50,214247
33514,0.029787,104.244.42.0-255,66,214049,50,214247
33515,0.029823,104.244.42.0-255,66,214115,50,214247
33516,0.029872,104.244.42.0-255,66,214181,50,214247
33517,0.029892,104.244.42.0-255,66,214247,50,214247
33518,0.0,172.31.46.0-255,105,105,50,105
33519,0.0,172.217.27.0-255,146,146,50,242388
33520,1.9e-05,172.31.46.0-255,66,212,50,242388
33521,2.6e-05,172.217.27.0-255,1484,1696,50,242388
33522,3.1e-05,172.31.46.0-255,66,1762,50,242388
33523,4.4e-05,172.217.27.0-255,2902,4664,50,242388
33524,4.7e-05,172.31.46.0-255,66,4730,50,242388
33525,5.6e-05,172.217.27.0-255,7156,11886,50,242388
33526,6e-05,172.31.46.0-255,66,11952,50,242388
33527,6.4e-05,172.217.27.0-255,1969,13921,50,242388
33528,6.7e-05,172.31.46.0-255,66,13987,50,242388
33529,0.000101,172.31.46.0-255,66,14053,50,242388
33530,0.000127,172.217.27.0-255,2902,16955,50,242388
33531,0.000134,172.31.46.0-255,66,17021,50,242388
33532,0.00014,172.217.27.0-255,5379,22400,50,242388
33533,0.000143,172.31.46.0-255,66,22466,50,242388
33534,0.000193,172.217.27.0-255,1484,23950,50,242388
33535,0.000195,172.31.46.0-255,66,24016,50,242388
33536,0.0002,172.217.27.0-255,2902,26918,50,242388
33537,0.000202,172.31.46.0-255,66,26984,50,242388
33538,0.000226,172.217.27.0-255,5738,32722,50,242388
33539,0.000228,172.31.46.0-255,66,32788,50,242388
33540,0.000239,172.31.46.0-255,66,32854,50,242388
33541,0.000244,172.217.27.0-255,2902,35756,50,242388
33542,0.000247,172.31.46.0-255,66,35822,50,242388
33543,0.000283,172.217.27.0-255,7156,42978,50,242388
33544,0.000289,172.31.46.0-255,66,43044,50,242388
33545,0.000307,172.217.27.0-255,5315,48359,50,242388
33546,0.00031,172.31.46.0-255,66,48425,50,242388
33547,0.00057,172.217.27.0-255,139,48564,50,242388
33548,0.000576,172.31.46.0-255,66,48630,50,242388
33549,0.000759,172.217.27.0-255,1484,50114,50,242388
33550,0.000767,172.217.27.0-255,2902,53016,50,242388
33551,0.00077,172.31.46.0-255,66,53082,50,242388
33552,0.000774,172.217.27.0-255,1484,54566,50,242388
33553,0.000803,172.217.27.0-255,4320,58886,50,242388
33554,0.000806,172.31.46.0-255,66,58952,50,242388
33555,0.00081,172.217.27.0-255,2902,61854,50,242388
33556,0.000812,172.31.46.0-255,66,61920,50,242388
33557,0.000823,172.217.27.0-255,4320,66240,50,242388
33558,0.000825,172.31.46.0-255,66,66306,50,242388
33559,0.000832,172.217.27.0-255,7156,73462,50,242388
33560,0.000834,172.31.46.0-255,66,73528,50,242388
33561,0.000862,172.217.27.0-255,1484,75012,50,242388
33562,0.000879,172.31.46.0-255,66,75078,50,242388
33563,0.001184,172.217.27.0-255,1484,76562,50,242388
33564,0.001188,172.217.27.0-255,1484,78046,50,242388
33565,0.001191,172.31.46.0-255,66,78112,50,242388
33566,0.001196,172.217.27.0-255,2902,81014,50,242388
33567,0.001198,172.31.46.0-255,66,81080,50,242388
33568,0.001201,172.217.27.0-255,1484,82564,50,242388
33569,0.001227,172.217.27.0-255,4320,86884,50,242388
33570,0.001229,172.31.46.0-255,66,86950,50,242388
33571,0.001236,172.217.27.0-255,5738,92688,50,242388
33572,0.001238,172.31.46.0-255,66,92754,50,242388
33573,0.001245,172.217.27.0-255,7156,99910,50,242388
33574,0.001252,172.31.46.0-255,66,99976,50,242388
33575,0.001257,172.217.27.0-255,4320,104296,50,242388
33576,0.00126,172.31.46.0-255,66,104362,50,242388
33577,0.001283,172.217.27.0-255,1484,105846,50,242388
33578,0.001306,172.217.27.0-255,3602,109448,50,242388
33579,0.00131,172.31.46.0-255,66,109514,50,242388
33580,0.001421,172.217.27.0-255,1484,110998,50,242388
33581,0.001425,172.217.27.0-255,1484,112482,50,242388
33582,0.001428,172.31.46.0-255,66,112548,50,242388
33583,0.001462,172.217.27.0-255,1484,114032,50,242388
33584,0.00147,172.217.27.0-255,5738,119770,50,242388
33585,0.001472,172.31.46.0-255,66,119836,50,242388
33586,0.001478,172.217.27.0-255,4320,124156,50,242388
33587,0.00148,172.31.46.0-255,66,124222,50,242388
33588,0.001485,172.217.27.0-255,4320,128542,50,242388
33589,0.001487,172.31.46.0-255,66,128608,50,242388
33590,0.001541,172.217.27.0-255,2902,131510,50,242388
33591,0.001544,172.31.46.0-255,66,131576,50,242388
33592,0.001551,172.217.27.0-255,4320,135896,50,242388
33593,0.001553,172.31.46.0-255,66,135962,50,242388
33594,0.001558,172.217.27.0-255,2902,138864,50,242388
33595,0.00156,172.31.46.0-255,66,138930,50,242388
33596,0.001594,172.217.27.0-255,5020,143950,50,242388
33597,0.001597,172.31.46.0-255,66,144016,50,242388
33598,0.003219,172.217.27.0-255,5738,149754,50,242388
33599,0.003225,172.31.46.0-255,66,149820,50,242388
33600,0.004838,172.217.27.0-255,2902,152722,50,242388
33601,0.004841,172.31.46.0-255,66,152788,50,242388
33602,0.004868,172.217.27.0-255,2902,155690,50,242388
33603,0.00487,172.31.46.0-255,66,155756,50,242388
33604,0.006458,172.217.27.0-255,2902,158658,50,242388
33605,0.006463,172.31.46.0-255,66,158724,50,242388
33606,0.00649,172.217.27.0-255,2902,161626,50,242388
33607,0.006492,172.31.46.0-255,66,161692,50,242388
33608,0.008076,172.217.27.0-255,2902,164594,50,242388
33609,0.00808,172.31.46.0-255,66,164660,50,242388
33610,0.008112,172.217.27.0-255,2902,167562,50,242388
33611,0.008114,172.31.46.0-255,66,167628,50,242388
33612,0.0097,172.217.27.0-255,2902,170530,50,242388
33613,0.009706,172.31.46.0-255,66,170596,50,242388
33614,0.00974,172.217.27.0-255,2902,173498,50,242388
33615,0.009742,172.31.46.0-255,66,173564,50,242388
33616,0.011326,172.217.27.0-255,2902,176466,50,242388
33617,0.011333,172.31.46.0-255,66,176532,50,242388
33618,0.011357,172.217.27.0-255,2902,179434,50,242388
33619,0.011359,172.31.46.0-255,66,179500,50,242388
33620,0.012982,172.217.27.0-255,2902,182402,50,242388
33621,0.012988,172.31.46.0-255,66,182468,50,242388
33622,0.013017,172.217.27.0-255,2902,185370,50,242388
33623,0.013019,172.31.46.0-255,66,185436,50,242388
33624,0.014606,172.217.27.0-255,2902,188338,50,242388
33625,0.014613,172.31.46.0-255,66,188404,50,242388
33626,0.014644,172.217.27.0-255,2902,191306,50,242388
33627,0.014647,172.31.46.0-255,66,191372,50,242388
33628,0.016243,172.217.27.0-255,2902,194274,50,242388
33629,0.016253,172.31.46.0-255,66,194340,50,242388
33630,0.016273,172.217.27.0-255,2902,197242,50,242388
33631,0.016276,172.31.46.0-255,66,197308,50,242388
33632,0.017875,172.217.27.0-255,4320,201628,50,242388
33633,0.017881,172.31.46.0-255,66,201694,50,242388
33634,0.017909,172.217.27.0-255,1484,203178,50,242388
33635,0.019509,172.217.27.0-255,4320,207498,50,242388
33636,0.019516,172.31.46.0-255,66,207564,50,242388
33637,0.021134,172.217.27.0-255,5738,213302,50,242388
33638,0.021139,172.31.46.0-255,66,213368,50,242388
33639,0.022762,172.217.27.0-255,5738,219106,50,242388
33640,0.022769,172.31.46.0-255,66,219172,50,242388
33641,0.024392,172.217.27.0-255,5738,224910,50,242388
33642,0.0244,172.31.46.0-255,66,224976,50,242388
33643,0.026038,172.217.27.0-255,5738,230714,50,242388
33644,0.026045,172.31.46.0-255,66,230780,50,242388
33645,0.027674,172.217.27.0-255,5738,236518,50,242388
33646,0.027681,172.31.46.0-255,66,236584,50,242388
33647,0.029307,172.217.27.0-255,5738,242322,50,242388
33648,0.029314,172.31.46.0-255,66,242388,50,242388
33649,0.0,74.125.200.0-255,152,152,50,274636
33650,1.8e-05,172.31.46.0-255,66,218,50,274636
33651,2.5e-05,74.125.200.0-255,1484,1702,50,274636
33652,3e-05,172.31.46.0-255,66,1768,50,274636
33653,3.6e-05,74.125.200.0-255,2902,4670,50,274636
33654,4e-05,172.31.46.0-255,66,4736,50,274636
33655,4.6e-05,74.125.200.0-255,5738,10474,50,274636
33656,4.9e-05,172.31.46.0-255,66,10540,50,274636
33657,5.5e-05,74.125.200.0-255,4320,14860,50,274636
33658,5.9e-05,172.31.46.0-255,66,14926,50,274636
33659,9.7e-05,74.125.200.0-255,2043,16969,50,274636
33660,0.0001,172.31.46.0-255,66,17035,50,274636
33661,0.000112,172.31.46.0-255,66,17101,50,274636
33662,0.000152,74.125.200.0-255,5379,22480,50,274636
33663,0.000155,172.31.46.0-255,66,22546,50,274636
33664,0.000186,74.125.200.0-255,1484,24030,50,274636
33665,0.000188,172.31.46.0-255,66,24096,50,274636
33666,0.000209,74.125.200.0-255,2902,26998,50,274636
33667,0.000211,172.31.46.0-255,66,27064,50,274636
33668,0.000217,74.125.200.0-255,4320,31384,50,274636
33669,0.00022,172.31.46.0-255,66,31450,50,274636
33670,0.00024,74.125.200.0-255,1484,32934,50,274636
33671,0.000242,172.31.46.0-255,66,33000,50,274636
33672,0.000249,74.125.200.0-255,4320,37320,50,274636
33673,0.000252,172.31.46.0-255,66,37386,50,274636
33674,0.000258,74.125.200.0-255,5379,42765,50,274636
33675,0.000261,172.31.46.0-255,66,42831,50,274636
33676,0.000282,74.125.200.0-255,5738,48569,50,274636
33677,0.000284,172.31.46.0-255,66,48635,50,274636
33678,0.000307,74.125.200.0-255,2902,51537,50,274636
33679,0.000309,172.31.46.0-255,66,51603,50,274636
33680,0.000327,74.125.200.0-255,1484,53087,50,274636
33681,0.000344,74.125.200.0-255,4299,57386,50,274636
33682,0.000347,172.31.46.0-255,66,57452,50,274636
33683,0.000402,74.125.200.0-255,1484,58936,50,274636
33684,0.000417,74.125.200.0-255,2902,61838,50,274636
33685,0.00042,172.31.46.0-255,66,61904,50,274636
33686,0.000425,74.125.200.0-255,2902,64806,50,274636
33687,0.000427,172.31.46.0-255,66,64872,50,274636
33688,0.000439,74.125.200.0-255,1484,66356,50,274636
33689,0.000445,74.125.200.0-255,5738,72094,50,274636
33690,0.000448,172.31.46.0-255,66,72160,50,274636
33691,0.00049,74.125.200.0-255,7156,79316,50,274636
33692,0.000493,172.31.46.0-255,66,79382,50,274636
33693,0.00051,74.125.200.0-255,5379,84761,50,274636
33694,0.000513,172.31.46.0-255,66,84827,50,274636
33695,0.000534,74.125.200.0-255,1484,86311,50,274636
33696,0.000557,74.125.200.0-255,5639,91950,50,274636
33697,0.00056,172.31.46.0-255,66,92016,50,274636
33698,0.000778,74.125.200.0-255,1484,93500,50,274636
33699,0.000783,74.125.200.0-255,1484,94984,50,274636
33700,0.000787,172.31.46.0-255,66,95050,50,274636
33701,0.000806,74.125.200.0-255,2902,97952,50,274636
33702,0.000808,172.31.46.0-255,66,98018,50,274636
33703,0.000812,74.125.200.0-255,1484,99502,50,274636
33704,0.000829,74.125.200.0-255,4320,103822,50,274636
33705,0.000831,172.31.46.0-255,66,103888,50,274636
33706,0.000837,74.125.200.0-255,2902,106790,50,274636
33707,0.000839,172.31.46.0-255,66,106856,50,274636
33708,0.000876,172.31.46.0-255,66,106922,50,274636
33709,0.000893,74.125.200.0-255,4320,111242,50,274636
33710,0.000896,172.31.46.0-255,66,111308,50,274636
33711,0.000921,74.125.200.0-255,6438,117746,50,274636
33712,0.000924,172.31.46.0-255,66,117812,50,274636
33713,0.000955,74.125.200.0-255,5738,123550,50,274636
33714,0.000958,172.31.46.0-255,66,123616,50,274636
33715,0.000965,74.125.200.0-255,7156,130772,50,274636
33716,0.000968,172.31.46.0-255,66,130838,50,274636
33717,0.000989,74.125.200.0-255,1484,132322,50,274636
33718,0.001025,172.31.46.0-255,66,132388,50,274636
33719,0.001055,74.125.200.0-255,2902,135290,50,274636
33720,0.001058,172.31.46.0-255,66,135356,50,274636
33721,0.001078,74.125.200.0-255,3602,138958,50,274636
33722,0.001081,172.31.46.0-255,66,139024,50,274636
33723,0.001096,74.125.200.0-255,7156,146180,50,274636
33724,0.001099,172.31.46.0-255,66,146246,50,274636
33725,0.001102,74.125.200.0-255,1484,147730,50,274636
33726,0.001129,74.125.200.0-255,1484,149214,50,274636
33727,0.001132,172.31.46.0-255,66,149280,50,274636
33728,0.00115,74.125.200.0-255,1484,150764,50,274636
33729,0.00118,172.31.46.0-255,66,150830,50,274636
33730,0.001186,74.125.200.0-255,4320,155150,50,274636
33731,0.001188,172.31.46.0-255,66,155216,50,274636
33732,0.001214,74.125.200.0-255,1484,156700,50,274636
33733,0.001234,74.125.200.0-255,6438,163138,50,274636
33734,0.001239,172.31.46.0-255,66,163204,50,274636
33735,0.001279,74.125.200.0-255,1484,164688,50,274636
33736,0.001293,74.125.200.0-255,2902,167590,50,274636
33737,0.001297,172.31.46.0-255,66,167656,50,274636
33738,0.001343,74.125.200.0-255,2902,170558,50,274636
33739,0.001346,172.31.46.0-255,66,170624,50,274636
33740,0.001373,74.125.200.0-255,1484,172108,50,274636
33741,0.001384,172.31.46.0-255,66,172174,50,274636
33742,0.001399,74.125.200.0-255,5738,177912,50,274636
33743,0.001412,74.125.200.0-255,2184,180096,50,274636
33744,0.001422,172.31.46.0-255,66,180162,50,274636
33745,0.001497,74.125.200.0-255,1484,181646,50,274636
33746,0.001512,74.125.200.0-255,2902,184548,50,274636
33747,0.001515,172.31.46.0-255,66,184614,50,274636
33748,0.001519,74.125.200.0-255,1484,186098,50,274636
33749,0.001539,74.125.200.0-255,4320,190418,50,274636
33750,0.001541,172.31.46.0-255,66,190484,50,274636
33751,0.001546,74.125.200.0-255,2902,193386,50,274636
33752,0.001548,172.31.46.0-255,66,193452,50,274636
33753,0.001572,74.125.200.0-255,7156,200608,50,274636
33754,0.001599,74.125.200.0-255,1484,202092,50,274636
33755,0.001603,74.125.200.0-255,2184,204276,50,274636
33756,0.001612,172.31.46.0-255,66,204342,50,274636
33757,0.001695,74.125.200.0-255,1484,205826,50,274636
33758,0.001702,74.125.200.0-255,2902,208728,50,274636
33759,0.001729,74.125.200.0-255,5738,214466,50,274636
33760,0.001745,74.125.200.0-255,2902,217368,50,274636
33761,0.001804,74.125.200.0-255,4320,221688,50,274636
33762,0.001842,74.125.200.0-255,5738,227426,50,274636
33763,0.001874,74.125.200.0-255,5738,233164,50,274636
33764,0.001903,74.125.200.0-255,4320,237484,50,274636
33765,0.001963,74.125.200.0-255,5738,243222,50,274636
33766,0.001968,74.125.200.0-255,4320,247542,50,274636
33767,0.00201,74.125.200.0-255,4320,251862,50,274636
33768,0.002059,74.125.200.0-255,4320,256182,50,274636
33769,0.002119,74.125.200.0-255,5738,261920,50,274636
33770,0.002123,74.125.200.0-255,2184,264104,50,274636
33771,0.002128,74.125.200.0-255,2902,267006,50,274636
33772,0.002134,74.125.200.0-255,7024,274030,50,274636
33773,0.002137,74.125.200.0-255,97,274127,50,274636
33774,0.002183,74.125.200.0-255,105,274232,50,274636
33775,0.002377,172.31.46.0-255,66,274298,50,274636
33776,0.003488,172.31.46.0-255,101,274399,50,274636
33777,0.00537,172.31.46.0-255,105,274504,50,274636
33778,0.005808,74.125.200.0-255,66,274570,50,274636
33779,0.007689,74.125.200.0-255,66,274636,50,274636
33780,0.0,74.125.24.0-255,152,152,50,163611
33781,1.5e-05,172.31.46.0-255,66,218,50,163611
33782,2.2e-05,74.125.24.0-255,1484,1702,50,163611
33783,2.5e-05,172.31.46.0-255,66,1768,50,163611
33784,3.9e-05,74.125.24.0-255,2902,4670,50,163611
33785,4.2e-05,172.31.46.0-255,66,4736,50,163611
33786,4.9e-05,74.125.24.0-255,4320,9056,50,163611
33787,5.2e-05,172.31.46.0-255,66,9122,50,163611
33788,9.5e-05,74.125.24.0-255,4774,13896,50,163611
33789,9.9e-05,172.31.46.0-255,66,13962,50,163611
33790,0.000142,74.125.24.0-255,1484,15446,50,163611
33791,0.000145,172.31.46.0-255,66,15512,50,163611
33792,0.000148,74.125.24.0-255,1484,16996,50,163611
33793,0.00015,172.31.46.0-255,66,17062,50,163611
33794,0.00017,74.125.24.0-255,1484,18546,50,163611
33795,0.000173,172.31.46.0-255,66,18612,50,163611
33796,0.000184,74.125.24.0-255,5738,24350,50,163611
33797,0.000186,172.31.46.0-255,66,24416,50,163611
33798,0.000194,74.125.24.0-255,6797,31213,50,163611
33799,0.000196,172.31.46.0-255,66,31279,50,163611
33800,0.000286,74.125.24.0-255,1484,32763,50,163611
33801,0.000289,172.31.46.0-255,66,32829,50,163611
33802,0.000295,74.125.24.0-255,2902,35731,50,163611
33803,0.000296,172.31.46.0-255,66,35797,50,163611
33804,0.0003,74.125.24.0-255,2902,38699,50,163611
33805,0.000302,172.31.46.0-255,66,38765,50,163611
33806,0.00033,74.125.24.0-255,2902,41667,50,163611
33807,0.000332,172.31.46.0-255,66,41733,50,163611
33808,0.000337,74.125.24.0-255,4320,46053,50,163611
33809,0.000338,172.31.46.0-255,66,46119,50,163611
33810,0.000374,172.31.46.0-255,66,46185,50,163611
33811,0.000406,172.31.46.0-255,66,46251,50,163611
33812,0.000409,74.125.24.0-255,111,46362,50,163611
33813,0.000437,74.125.24.0-255,330,46692,50,163611
33814,0.000826,74.125.24.0-255,1484,48176,50,163611
33815,0.000831,172.31.46.0-255,66,48242,50,163611
33816,0.000836,74.125.24.0-255,2902,51144,50,163611
33817,0.000838,172.31.46.0-255,66,51210,50,163611
33818,0.00084,74.125.24.0-255,1484,52694,50,163611
33819,0.000872,74.125.24.0-255,4320,57014,50,163611
33820,0.000874,172.31.46.0-255,66,57080,50,163611
33821,0.000887,172.31.46.0-255,66,57146,50,163611
33822,0.000903,172.31.46.0-255,66,57212,50,163611
33823,0.001258,74.125.24.0-255,1484,58696,50,163611
33824,0.001263,74.125.24.0-255,2902,61598,50,163611
33825,0.001266,172.31.46.0-255,66,61664,50,163611
33826,0.001295,74.125.24.0-255,5738,67402,50,163611
33827,0.001298,172.31.46.0-255,66,67468,50,163611
33828,0.001302,74.125.24.0-255,2902,70370,50,163611
33829,0.001303,172.31.46.0-255,66,70436,50,163611
33830,0.001326,74.125.24.0-255,4320,74756,50,163611
33831,0.001329,172.31.46.0-255,66,74822,50,163611
33832,0.001345,172.31.46.0-255,66,74888,50,163611
33833,0.001349,74.125.24.0-255,2184,77072,50,163611
33834,0.00135,172.31.46.0-255,66,77138,50,163611
33835,0.003339,74.125.24.0-255,5738,82876,50,163611
33836,0.003345,172.31.46.0-255,66,82942,50,163611
33837,0.005332,74.125.24.0-255,2902,85844,50,163611
33838,0.005335,172.31.46.0-255,66,85910,50,163611
33839,0.005358,74.125.24.0-255,2902,88812,50,163611
33840,0.00536,172.31.46.0-255,66,88878,50,163611
33841,0.0073,74.125.24.0-255,2902,91780,50,163611
33842,0.007305,172.31.46.0-255,66,91846,50,163611
33843,0.007353,74.125.24.0-255,2902,94748,50,163611
33844,0.007356,172.31.46.0-255,66,94814,50,163611
33845,0.009275,74.125.24.0-255,2902,97716,50,163611
33846,0.009283,172.31.46.0-255,66,97782,50,163611
33847,0.009342,74.125.24.0-255,2902,100684,50,163611
33848,0.009345,172.31.46.0-255,66,100750,50,163611
33849,0.011289,74.125.24.0-255,2902,103652,50,163611
33850,0.011295,172.31.46.0-255,66,103718,50,163611
33851,0.011354,74.125.24.0-255,2902,106620,50,163611
33852,0.011357,172.31.46.0-255,66,106686,50,163611
33853,0.013276,74.125.24.0-255,2902,109588,50,163611
33854,0.013284,172.31.46.0-255,66,109654,50,163611
33855,0.013347,74.125.24.0-255,2902,112556,50,163611
33856,0.01335,172.31.46.0-255,66,112622,50,163611
33857,0.015262,74.125.24.0-255,2902,115524,50,163611
33858,0.015268,172.31.46.0-255,66,115590,50,163611
33859,0.015321,74.125.24.0-255,2902,118492,50,163611
33860,0.015325,172.31.46.0-255,66,118558,50,163611
33861,0.017276,74.125.24.0-255,2902,121460,50,163611
33862,0.017282,172.31.46.0-255,66,121526,50,163611
33863,0.017309,74.125.24.0-255,2902,124428,50,163611
33864,0.017311,172.31.46.0-255,66,124494,50,163611
33865,0.01933,74.125.24.0-255,5738,130232,50,163611
33866,0.019336,172.31.46.0-255,66,130298,50,163611
33867,0.021344,74.125.24.0-255,5738,136036,50,163611
33868,0.02135,172.31.46.0-255,66,136102,50,163611
33869,0.022969,172.31.46.0-255,172,136274,50,163611
33870,0.022997,172.31.46.0-255,1112,137386,50,163611
33871,0.023047,172.31.46.0-255,1514,138900,50,163611
33872,0.023048,172.31.46.0-255,1297,140197,50,163611
33873,0.023321,74.125.24.0-255,5738,145935,50,163611
33874,0.023328,172.31.46.0-255,66,146001,50,163611
33875,0.024488,104.244.42.0-255,66,146067,50,163611
33876,0.024527,104.244.42.0-255,66,146133,50,163611
33877,0.024572,104.244.42.0-255,66,146199,50,163611
33878,0.025312,74.125.24.0-255,5738,151937,50,163611
33879,0.025317,172.31.46.0-255,66,152003,50,163611
33880,0.027333,74.125.24.0-255,5738,157741,50,163611
33881,0.02734,172.31.46.0-255,66,157807,50,163611
33882,0.029376,74.125.24.0-255,5738,163545,50,163611
33883,0.029384,172.31.46.0-255,66,163611,50,163611
33884,0.0,172.31.46.0-255,105,105,50,276
33885,0.002122,157.240.13.0-255,105,210,50,276
33886,0.002136,172.31.46.0-255,66,276,50,276
33887,0.0,74.125.24.0-255,152,152,50,255554
33888,1.4e-05,172.31.46.0-255,66,218,50,255554
33889,2.1e-05,74.125.24.0-255,1484,1702,50,255554
33890,2.6e-05,172.31.46.0-255,66,1768,50,255554
33891,3.2e-05,74.125.24.0-255,2902,4670,50,255554
33892,3.6e-05,172.31.46.0-255,66,4736,50,255554
33893,4.3e-05,74.125.24.0-255,7156,11892,50,255554
33894,4.6e-05,172.31.46.0-255,66,11958,50,255554
33895,5e-05,74.125.24.0-255,2012,13970,50,255554
33896,5.3e-05,172.31.46.0-255,66,14036,50,255554
33897,0.000104,74.125.24.0-255,1484,15520,50,255554
33898,0.000107,172.31.46.0-255,66,15586,50,255554
33899,0.000121,74.125.24.0-255,2902,18488,50,255554
33900,0.000124,172.31.46.0-255,66,18554,50,255554
33901,0.000141,74.125.24.0-255,1484,20038,50,255554
33902,0.000143,172.31.46.0-255,66,20104,50,255554
33903,0.00017,74.125.24.0-255,4320,24424,50,255554
33904,0.000176,74.125.24.0-255,6797,31221,50,255554
33905,0.00018,172.31.46.0-255,66,31287,50,255554
33906,0.000183,172.31.46.0-255,66,31353,50,255554
33907,0.000271,74.125.24.0-255,1484,32837,50,255554
33908,0.000275,172.31.46.0-255,66,32903,50,255554
33909,0.00028,74.125.24.0-255,2902,35805,50,255554
33910,0.000283,172.31.46.0-255,66,35871,50,255554
33911,0.000288,74.125.24.0-255,4320,40191,50,255554
33912,0.000291,172.31.46.0-255,66,40257,50,255554
33913,0.000308,74.125.24.0-255,1484,41741,50,255554
33914,0.00031,172.31.46.0-255,66,41807,50,255554
33915,0.000344,172.31.46.0-255,66,41873,50,255554
33916,0.000365,74.125.24.0-255,2543,44416,50,255554
33917,0.000367,172.31.46.0-255,66,44482,50,255554
33918,0.000379,172.31.46.0-255,66,44548,50,255554
33919,0.000381,74.125.24.0-255,398,44946,50,255554
33920,0.000417,74.125.24.0-255,377,45323,50,255554
33921,0.001045,172.31.46.0-255,66,45389,50,255554
33922,0.001426,74.125.24.0-255,1484,46873,50,255554
33923,0.001437,74.125.24.0-255,2902,49775,50,255554
33924,0.001441,172.31.46.0-255,66,49841,50,255554
33925,0.001449,74.125.24.0-255,5738,55579,50,255554
33926,0.001452,172.31.46.0-255,66,55645,50,255554
33927,0.001458,74.125.24.0-255,4320,59965,50,255554
33928,0.00146,172.31.46.0-255,66,60031,50,255554
33929,0.001478,74.125.24.0-255,4320,64351,50,255554
33930,0.00148,172.31.46.0-255,66,64417,50,255554
33931,0.00152,74.125.24.0-255,4320,68737,50,255554
33932,0.001523,172.31.46.0-255,66,68803,50,255554
33933,0.001554,172.31.46.0-255,66,68869,50,255554
33934,0.001579,74.125.24.0-255,1484,70353,50,255554
33935,0.001584,74.125.24.0-255,2902,73255,50,255554
33936,0.001586,172.31.46.0-255,66,73321,50,255554
33937,0.001593,74.125.24.0-255,5738,79059,50,255554
33938,0.001595,172.31.46.0-255,66,79125,50,255554
33939,0.0016,74.125.24.0-255,2902,82027,50,255554
33940,0.001602,172.31.46.0-255,66,82093,50,255554
33941,0.001635,172.31.46.0-255,66,82159,50,255554
33942,0.001642,74.125.24.0-255,7156,89315,50,255554
33943,0.001645,172.31.46.0-255,66,89381,50,255554
33944,0.00167,74.125.24.0-255,3602,92983,50,255554
33945,0.001672,172.31.46.0-255,66,93049,50,255554
33946,0.001689,74.125.24.0-255,1484,94533,50,255554
33947,0.001702,74.125.24.0-255,2902,97435,50,255554
33948,0.001705,172.31.46.0-255,66,97501,50,255554
33949,0.001735,172.31.46.0-255,66,97567,50,255554
33950,0.001738,74.125.24.0-255,1484,99051,50,255554
33951,0.001758,74.125.24.0-255,2902,101953,50,255554
33952,0.001761,172.31.46.0-255,66,102019,50,255554
33953,0.001789,172.31.46.0-255,66,102085,50,255554
33954,0.001794,74.125.24.0-255,2902,104987,50,255554
33955,0.001796,172.31.46.0-255,66,105053,50,255554
33956,0.001808,74.125.24.0-255,2184,107237,50,255554
33957,0.001811,172.31.46.0-255,66,107303,50,255554
33958,0.001947,74.125.24.0-255,1484,108787,50,255554
33959,0.001985,74.125.24.0-255,1484,110271,50,255554
33960,0.001989,172.31.46.0-255,66,110337,50,255554
33961,0.002009,74.125.24.0-255,1484,111821,50,255554
33962,0.002017,74.125.24.0-255,5738,117559,50,255554
33963,0.002019,172.31.46.0-255,66,117625,50,255554
33964,0.002024,74.125.24.0-255,4320,121945,50,255554
33965,0.002027,172.31.46.0-255,66,122011,50,255554
33966,0.00204,172.31.46.0-255,66,122077,50,255554
33967,0.002045,74.125.24.0-255,4320,126397,50,255554
33968,0.002067,172.31.46.0-255,66,126463,50,255554
33969,0.002087,74.125.24.0-255,3602,130065,50,255554
33970,0.00209,172.31.46.0-255,66,130131,50,255554
33971,0.002681,74.125.24.0-255,1484,131615,50,255554
33972,0.002688,74.125.24.0-255,2902,134517,50,255554
33973,0.002692,172.31.46.0-255,66,134583,50,255554
33974,0.002696,74.125.24.0-255,1484,136067,50,255554
33975,0.002716,74.125.24.0-255,4320,140387,50,255554
33976,0.002719,172.31.46.0-255,66,140453,50,255554
33977,0.002734,74.125.24.0-255,4320,144773,50,255554
33978,0.002736,172.31.46.0-255,66,144839,50,255554
33979,0.002768,172.31.46.0-255,66,144905,50,255554
33980,0.002775,74.125.24.0-255,7156,152061,50,255554
33981,0.002778,172.31.46.0-255,66,152127,50,255554
33982,0.002803,74.125.24.0-255,3602,155729,50,255554
33983,0.002805,172.31.46.0-255,66,155795,50,255554
33984,0.002831,74.125.24.0-255,2902,158697,50,255554
33985,0.002834,172.31.46.0-255,66,158763,50,255554
33986,0.002846,74.125.24.0-255,1484,160247,50,255554
33987,0.002853,74.125.24.0-255,5738,165985,50,255554
33988,0.002856,172.31.46.0-255,66,166051,50,255554
33989,0.002866,74.125.24.0-255,5738,171789,50,255554
33990,0.002868,172.31.46.0-255,66,171855,50,255554
33991,0.00289,74.125.24.0-255,5738,177593,50,255554
33992,0.002892,172.31.46.0-255,66,177659,50,255554
33993,0.002921,74.125.24.0-255,1484,179143,50,255554
33994,0.002955,172.31.46.0-255,66,179209,50,255554
33995,0.003116,74.125.24.0-255,1484,180693,50,255554
33996,0.00312,74.125.24.0-255,1484,182177,50,255554
33997,0.003123,172.31.46.0-255,66,182243,50,255554
33998,0.003142,74.125.24.0-255,1484,183727,50,255554
33999,0.003148,74.125.24.0-255,5738,189465,50,255554
34000,0.00315,74.125.24.0-255,1484,190949,50,255554
34001,0.003154,172.31.46.0-255,66,191015,50,255554
34002,0.003178,172.31.46.0-255,66,191081,50,255554
34003,0.003211,172.31.46.0-255,66,191147,50,255554
34004,0.003229,74.125.24.0-255,2184,193331,50,255554
34005,0.003232,172.31.46.0-255,66,193397,50,255554
34006,0.003617,74.125.24.0-255,1484,194881,50,255554
34007,0.003622,74.125.24.0-255,2902,197783,50,255554
34008,0.003625,172.31.46.0-255,66,197849,50,255554
34009,0.003642,74.125.24.0-255,1484,199333,50,255554
34010,0.003665,74.125.24.0-255,4320,203653,50,255554
34011,0.003667,172.31.46.0-255,66,203719,50,255554
34012,0.003691,74.125.24.0-255,7156,210875,50,255554
34013,0.003694,172.31.46.0-255,66,210941,50,255554
34014,0.003713,74.125.24.0-255,1484,212425,50,255554
34015,0.003724,172.31.46.0-255,66,212491,50,255554
34016,0.003738,74.125.24.0-255,1484,213975,50,255554
34017,0.003743,74.125.24.0-255,2902,216877,50,255554
34018,0.003745,172.31.46.0-255,66,216943,50,255554
34019,0.003764,74.125.24.0-255,2184,219127,50,255554
34020,0.003767,172.31.46.0-255,66,219193,50,255554
34021,0.00432,74.125.24.0-255,1484,220677,50,255554
34022,0.004325,74.125.24.0-255,1484,222161,50,255554
34023,0.004328,172.31.46.0-255,66,222227,50,255554
34024,0.004345,74.125.24.0-255,4320,226547,50,255554
34025,0.004347,172.31.46.0-255,66,226613,50,255554
34026,0.004351,74.125.24.0-255,2902,229515,50,255554
34027,0.004352,172.31.46.0-255,66,229581,50,255554
34028,0.00438,74.125.24.0-255,4320,233901,50,255554
34029,0.004382,172.31.46.0-255,66,233967,50,255554
34030,0.004386,74.125.24.0-255,2902,236869,50,255554
34031,0.004387,172.31.46.0-255,66,236935,50,255554
34032,0.00439,74.125.24.0-255,1484,238419,50,255554
34033,0.004445,172.31.46.0-255,66,238485,50,255554
34034,0.004451,74.125.24.0-255,7156,245641,50,255554
34035,0.004453,172.31.46.0-255,66,245707,50,255554
34036,0.004475,172.31.46.0-255,66,245773,50,255554
34037,0.004488,172.31.46.0-255,66,245839,50,255554
34038,0.004622,74.125.24.0-255,1484,247323,50,255554
34039,0.004627,74.125.24.0-255,1484,248807,50,255554
34040,0.00463,172.31.46.0-255,66,248873,50,255554
34041,0.004646,74.125.24.0-255,1484,250357,50,255554
34042,0.00466,74.125.24.0-255,4789,255146,50,255554
34043,0.004662,172.31.46.0-255,66,255212,50,255554
34044,0.004696,74.125.24.0-255,105,255317,50,255554
34045,0.010848,172.31.46.0-255,66,255383,50,255554
34046,0.010882,172.31.46.0-255,105,255488,50,255554
34047,0.013144,74.125.24.0-255,66,255554,50,255554
34048,0.0,172.217.194.0-255,146,146,50,199006
34049,2.3e-05,172.31.46.0-255,66,212,50,199006
34050,3.1e-05,172.217.194.0-255,1484,1696,50,199006
34051,3.6e-05,172.31.46.0-255,66,1762,50,199006
34052,4.2e-05,172.217.194.0-255,2902,4664,50,199006
34053,4.5e-05,172.31.46.0-255,66,4730,50,199006
34054,7.9e-05,172.217.194.0-255,7156,11886,50,199006
34055,8.2e-05,172.31.46.0-255,66,11952,50,199006
34056,8.7e-05,172.217.194.0-255,1940,13892,50,199006
34057,8.9e-05,172.31.46.0-255,66,13958,50,199006
34058,9.2e-05,172.217.194.0-255,1484,15442,50,199006
34059,9.4e-05,172.31.46.0-255,66,15508,50,199006
34060,0.000134,172.31.46.0-255,66,15574,50,199006
34061,0.000142,172.217.194.0-255,5379,20953,50,199006
34062,0.000144,172.31.46.0-255,66,21019,50,199006
34063,0.000226,172.217.194.0-255,1484,22503,50,199006
34064,0.000229,172.31.46.0-255,66,22569,50,199006
34065,0.000233,172.217.194.0-255,1484,24053,50,199006
34066,0.000235,172.31.46.0-255,66,24119,50,199006
34067,0.000248,172.217.194.0-255,1484,25603,50,199006
34068,0.000251,172.31.46.0-255,66,25669,50,199006
34069,0.000283,172.217.194.0-255,4320,29989,50,199006
34070,0.000286,172.31.46.0-255,66,30055,50,199006
34071,0.000316,172.217.194.0-255,5738,35793,50,199006
34072,0.000319,172.31.46.0-255,66,35859,50,199006
34073,0.000338,172.217.194.0-255,2543,38402,50,199006
34074,0.000341,172.31.46.0-255,66,38468,50,199006
34075,0.001201,172.217.194.0-255,1484,39952,50,199006
34076,0.001207,172.31.46.0-255,66,40018,50,199006
34077,0.001217,172.217.194.0-255,2902,42920,50,199006
34078,0.001219,172.31.46.0-255,66,42986,50,199006
34079,0.001227,172.217.194.0-255,5738,48724,50,199006
34080,0.001229,172.31.46.0-255,66,48790,50,199006
34081,0.001233,172.217.194.0-255,1484,50274,50,199006
34082,0.001257,172.217.194.0-255,4320,54594,50,199006
34083,0.001259,172.31.46.0-255,66,54660,50,199006
34084,0.001277,172.217.194.0-255,2902,57562,50,199006
34085,0.00128,172.31.46.0-255,66,57628,50,199006
34086,0.001313,172.31.46.0-255,66,57694,50,199006
34087,0.001317,172.217.194.0-255,2902,60596,50,199006
34088,0.001319,172.31.46.0-255,66,60662,50,199006
34089,0.001325,172.217.194.0-255,4320,64982,50,199006
34090,0.001328,172.31.46.0-255,66,65048,50,199006
34091,0.00134,172.31.46.0-255,66,65114,50,199006
34092,0.001343,172.217.194.0-255,766,65880,50,199006
34093,0.001407,172.217.194.0-255,648,66528,50,199006
34094,0.002119,172.217.194.0-255,1484,68012,50,199006
34095,0.002127,172.31.46.0-255,66,68078,50,199006
34096,0.002133,172.217.194.0-255,2902,70980,50,199006
34097,0.002136,172.31.46.0-255,66,71046,50,199006
34098,0.00214,172.217.194.0-255,2902,73948,50,199006
34099,0.002142,172.31.46.0-255,66,74014,50,199006
34100,0.002166,172.217.194.0-255,2902,76916,50,199006
34101,0.002169,172.31.46.0-255,66,76982,50,199006
34102,0.002173,172.217.194.0-255,2902,79884,50,199006
34103,0.002175,172.31.46.0-255,66,79950,50,199006
34104,0.002177,172.217.194.0-255,1484,81434,50,199006
34105,0.002214,172.31.46.0-255,66,81500,50,199006
34106,0.00222,172.217.194.0-255,5738,87238,50,199006
34107,0.002223,172.31.46.0-255,66,87304,50,199006
34108,0.002239,172.217.194.0-255,4320,91624,50,199006
34109,0.002241,172.31.46.0-255,66,91690,50,199006
34110,0.002244,172.217.194.0-255,766,92456,50,199006
34111,0.002308,172.217.194.0-255,1484,93940,50,199006
34112,0.00231,172.31.46.0-255,66,94006,50,199006
34113,0.002343,172.217.194.0-255,2902,96908,50,199006
34114,0.002346,172.31.46.0-255,66,96974,50,199006
34115,0.002351,172.217.194.0-255,4320,101294,50,199006
34116,0.002353,172.31.46.0-255,66,101360,50,199006
34117,0.002367,172.217.194.0-255,1484,102844,50,199006
34118,0.002373,172.217.194.0-255,5738,108582,50,199006
34119,0.002376,172.31.46.0-255,66,108648,50,199006
34120,0.00238,172.217.194.0-255,2902,111550,50,199006
34121,0.002383,172.31.46.0-255,66,111616,50,199006
34122,0.002402,172.217.194.0-255,4320,115936,50,199006
34123,0.002404,172.31.46.0-255,66,116002,50,199006
34124,0.002407,172.217.194.0-255,1484,117486,50,199006
34125,0.00244,172.31.46.0-255,66,117552,50,199006
34126,0.002446,172.217.194.0-255,4320,121872,50,199006
34127,0.002448,172.31.46.0-255,66,121938,50,199006
34128,0.002467,172.217.194.0-255,7156,129094,50,199006
34129,0.00247,172.31.46.0-255,66,129160,50,199006
34130,0.002478,172.217.194.0-255,7156,136316,50,199006
34131,0.00248,172.31.46.0-255,66,136382,50,199006
34132,0.002506,172.217.194.0-255,4320,140702,50,199006
34133,0.002508,172.31.46.0-255,66,140768,50,199006
34134,0.002556,172.217.194.0-255,1484,142252,50,199006
34135,0.002585,172.31.46.0-255,66,142318,50,199006
34136,0.005111,172.217.194.0-255,4320,146638,50,199006
34137,0.005119,172.31.46.0-255,66,146704,50,199006
34138,0.005137,172.217.194.0-255,1484,148188,50,199006
34139,0.007676,172.217.194.0-255,4320,152508,50,199006
34140,0.007682,172.31.46.0-255,66,152574,50,199006
34141,0.010196,172.217.194.0-255,5738,158312,50,199006
34142,0.010204,172.31.46.0-255,66,158378,50,199006
34143,0.012766,172.217.194.0-255,5738,164116,50,199006
34144,0.012775,172.31.46.0-255,66,164182,50,199006
34145,0.015356,172.217.194.0-255,5738,169920,50,199006
34146,0.01537,172.31.46.0-255,66,169986,50,199006
34147,0.017934,172.217.194.0-255,5738,175724,50,199006
34148,0.017945,172.31.46.0-255,66,175790,50,199006
34149,0.020484,172.217.194.0-255,5738,181528,50,199006
34150,0.020495,172.31.46.0-255,66,181594,50,199006
34151,0.023026,172.217.194.0-255,5738,187332,50,199006
34152,0.023034,172.31.46.0-255,66,187398,50,199006
34153,0.025589,172.217.194.0-255,5738,193136,50,199006
34154,0.025611,172.31.46.0-255,66,193202,50,199006
34155,0.028139,172.217.194.0-255,5738,198940,50,199006
34156,0.028145,172.31.46.0-255,66,199006,50,199006
34157,0.0,172.217.194.0-255,297,297,50,193645
34158,2.5e-05,172.31.46.0-255,66,363,50,193645
34159,3.2e-05,172.217.194.0-255,1484,1847,50,193645
34160,3.7e-05,172.31.46.0-255,66,1913,50,193645
34161,4.4e-05,172.217.194.0-255,4320,6233,50,193645
34162,4.8e-05,172.31.46.0-255,66,6299,50,193645
34163,7.5e-05,172.31.46.0-255,66,6365,50,193645
34164,0.000108,172.31.46.0-255,66,6431,50,193645
34165,0.000156,172.217.194.0-255,4320,10751,50,193645
34166,0.000158,172.31.46.0-255,66,10817,50,193645
34167,0.00018,172.217.194.0-255,3961,14778,50,193645
34168,0.000182,172.31.46.0-255,66,14844,50,193645
34169,0.000224,172.217.194.0-255,5738,20582,50,193645
34170,0.000227,172.31.46.0-255,66,20648,50,193645
34171,0.000239,172.217.194.0-255,2902,23550,50,193645
34172,0.000241,172.31.46.0-255,66,23616,50,193645
34173,0.000284,172.217.194.0-255,2902,26518,50,193645
34174,0.000287,172.31.46.0-255,66,26584,50,193645
34175,0.000309,172.217.194.0-255,5379,31963,50,193645
34176,0.000312,172.31.46.0-255,66,32029,50,193645
34177,0.000336,172.217.194.0-255,2902,34931,50,193645
34178,0.000338,172.31.46.0-255,66,34997,50,193645
34179,0.000368,172.31.46.0-255,66,35063,50,193645
34180,0.000384,172.217.194.0-255,1436,36499,50,193645
34181,0.000386,172.31.46.0-255,66,36565,50,193645
34182,0.000459,172.217.194.0-255,366,36931,50,193645
34183,0.000462,172.31.46.0-255,66,36997,50,193645
34184,0.00075,172.217.194.0-255,1484,38481,50,193645
34185,0.000756,172.31.46.0-255,66,38547,50,193645
34186,0.000773,172.217.194.0-255,2902,41449,50,193645
34187,0.000775,172.31.46.0-255,66,41515,50,193645
34188,0.000778,172.217.194.0-255,1484,42999,50,193645
34189,0.000797,172.217.194.0-255,2902,45901,50,193645
34190,0.000806,172.31.46.0-255,66,45967,50,193645
34191,0.000809,172.31.46.0-255,66,46033,50,193645
34192,0.000905,172.31.46.0-255,66,46099,50,193645
34193,0.000928,172.217.194.0-255,6438,52537,50,193645
34194,0.00093,172.31.46.0-255,66,52603,50,193645
34195,0.001018,172.217.194.0-255,1484,54087,50,193645
34196,0.001037,172.217.194.0-255,2902,56989,50,193645
34197,0.00104,172.31.46.0-255,66,57055,50,193645
34198,0.001055,172.217.194.0-255,2902,59957,50,193645
34199,0.001057,172.31.46.0-255,66,60023,50,193645
34200,0.00107,172.217.194.0-255,2902,62925,50,193645
34201,0.001072,172.31.46.0-255,66,62991,50,193645
34202,0.001101,172.217.194.0-255,4320,67311,50,193645
34203,0.001103,172.31.46.0-255,66,67377,50,193645
34204,0.001124,172.31.46.0-255,66,67443,50,193645
34205,0.001178,172.217.194.0-255,4320,71763,50,193645
34206,0.001181,172.31.46.0-255,66,71829,50,193645
34207,0.0012,172.217.194.0-255,6438,78267,50,193645
34208,0.001215,172.31.46.0-255,66,78333,50,193645
34209,0.001246,172.217.194.0-255,2902,81235,50,193645
34210,0.001249,172.31.46.0-255,66,81301,50,193645
34211,0.001277,172.31.46.0-255,66,81367,50,193645
34212,0.001334,172.217.194.0-255,2902,84269,50,193645
34213,0.001337,172.31.46.0-255,66,84335,50,193645
34214,0.001359,172.217.194.0-255,5738,90073,50,193645
34215,0.001361,172.31.46.0-255,66,90139,50,193645
34216,0.00139,172.217.194.0-255,1484,91623,50,193645
34217,0.001415,172.31.46.0-255,66,91689,50,193645
34218,0.001432,172.217.194.0-255,2184,93873,50,193645
34219,0.001434,172.31.46.0-255,66,93939,50,193645
34220,0.001494,172.217.194.0-255,2902,96841,50,193645
34221,0.001497,172.31.46.0-255,66,96907,50,193645
34222,0.001515,172.217.194.0-255,4320,101227,50,193645
34223,0.001517,172.31.46.0-255,66,101293,50,193645
34224,0.001581,172.217.194.0-255,5738,107031,50,193645
34225,0.001585,172.31.46.0-255,66,107097,50,193645
34226,0.00162,172.31.46.0-255,66,107163,50,193645
34227,0.001735,172.217.194.0-255,3602,110765,50,193645
34228,0.001739,172.31.46.0-255,66,110831,50,193645
34229,0.00178,172.31.46.0-255,66,110897,50,193645
34230,0.001814,172.31.46.0-255,66,110963,50,193645
34231,0.001827,172.217.194.0-255,2184,113147,50,193645
34232,0.001829,172.31.46.0-255,66,113213,50,193645
34233,0.002007,172.217.194.0-255,2902,116115,50,193645
34234,0.002011,172.31.46.0-255,66,116181,50,193645
34235,0.002059,172.31.46.0-255,66,116247,50,193645
34236,0.002308,172.31.46.0-255,66,116313,50,193645
34237,0.002344,172.31.46.0-255,66,116379,50,193645
34238,0.002526,172.217.194.0-255,4320,120699,50,193645
34239,0.00253,172.31.46.0-255,66,120765,50,193645
34240,0.002575,172.31.46.0-255,66,120831,50,193645
34241,0.0046,172.217.194.0-255,5738,126569,50,193645
34242,0.004607,172.31.46.0-255,66,126635,50,193645
34243,0.006652,172.217.194.0-255,5738,132373,50,193645
34244,0.00666,172.31.46.0-255,66,132439,50,193645
34245,0.008694,172.217.194.0-255,5738,138177,50,193645
34246,0.008697,172.31.46.0-255,66,138243,50,193645
34247,0.010746,172.217.194.0-255,4320,142563,50,193645
34248,0.010754,172.31.46.0-255,66,142629,50,193645
34249,0.010773,172.217.194.0-255,1484,144113,50,193645
34250,0.012804,172.217.194.0-255,4320,148433,50,193645
34251,0.012813,172.31.46.0-255,66,148499,50,193645
34252,0.014872,172.217.194.0-255,5738,154237,50,193645
34253,0.01488,172.31.46.0-255,66,154303,50,193645
34254,0.016945,172.217.194.0-255,4320,158623,50,193645
34255,0.016953,172.31.46.0-255,66,158689,50,193645
34256,0.016975,172.217.194.0-255,1484,160173,50,193645
34257,0.018976,172.217.194.0-255,4320,164493,50,193645
34258,0.018983,172.31.46.0-255,66,164559,50,193645
34259,0.021011,172.217.194.0-255,5738,170297,50,193645
34260,0.021016,172.31.46.0-255,66,170363,50,193645
34261,0.02305,172.217.194.0-255,5738,176101,50,193645
34262,0.023056,172.31.46.0-255,66,176167,50,193645
34263,0.025108,172.217.194.0-255,5738,181905,50,193645
34264,0.025114,172.31.46.0-255,66,181971,50,193645
34265,0.027151,172.217.194.0-255,5738,187709,50,193645
34266,0.027158,172.31.46.0-255,66,187775,50,193645
34267,0.029186,172.217.194.0-255,4320,192095,50,193645
34268,0.029192,172.31.46.0-255,66,192161,50,193645
34269,0.029212,172.217.194.0-255,1484,193645,50,193645
34270,0.0,74.125.24.0-255,156,156,50,169233
34271,2.5e-05,172.31.46.0-255,66,222,50,169233
34272,3.2e-05,74.125.24.0-255,1484,1706,50,169233
34273,3.8e-05,172.31.46.0-255,66,1772,50,169233
34274,4.3e-05,74.125.24.0-255,2902,4674,50,169233
34275,4.7e-05,172.31.46.0-255,66,4740,50,169233
34276,5.2e-05,74.125.24.0-255,2902,7642,50,169233
34277,5.5e-05,172.31.46.0-255,66,7708,50,169233
34278,8.7e-05,74.125.24.0-255,6292,14000,50,169233
34279,9e-05,172.31.46.0-255,66,14066,50,169233
34280,0.000357,74.125.24.0-255,1484,15550,50,169233
34281,0.000363,172.31.46.0-255,66,15616,50,169233
34282,0.000369,74.125.24.0-255,2902,18518,50,169233
34283,0.000371,172.31.46.0-255,66,18584,50,169233
34284,0.0004,74.125.24.0-255,5738,24322,50,169233
34285,0.000403,172.31.46.0-255,66,24388,50,169233
34286,0.000461,74.125.24.0-255,6797,31185,50,169233
34287,0.000465,172.31.46.0-255,66,31251,50,169233
34288,0.000468,74.125.24.0-255,1484,32735,50,169233
34289,0.00047,172.31.46.0-255,66,32801,50,169233
34290,0.000489,74.125.24.0-255,5738,38539,50,169233
34291,0.000492,172.31.46.0-255,66,38605,50,169233
34292,0.000503,172.31.46.0-255,66,38671,50,169233
34293,0.000528,74.125.24.0-255,1125,39796,50,169233
34294,0.00053,172.31.46.0-255,66,39862,50,169233
34295,0.001336,74.125.24.0-255,1484,41346,50,169233
34296,0.001343,172.31.46.0-255,66,41412,50,169233
34297,0.001353,74.125.24.0-255,2902,44314,50,169233
34298,0.001356,172.31.46.0-255,66,44380,50,169233
34299,0.001362,74.125.24.0-255,5738,50118,50,169233
34300,0.001364,172.31.46.0-255,66,50184,50,169233
34301,0.001388,74.125.24.0-255,4320,54504,50,169233
34302,0.00139,172.31.46.0-255,66,54570,50,169233
34303,0.001418,172.31.46.0-255,66,54636,50,169233
34304,0.00143,172.31.46.0-255,66,54702,50,169233
34305,0.001449,74.125.24.0-255,1484,56186,50,169233
34306,0.001484,172.31.46.0-255,66,56252,50,169233
34307,0.001491,74.125.24.0-255,5738,61990,50,169233
34308,0.001492,172.31.46.0-255,66,62056,50,169233
34309,0.001514,74.125.24.0-255,1704,63760,50,169233
34310,0.001516,172.31.46.0-255,66,63826,50,169233
34311,0.001981,74.125.24.0-255,1484,65310,50,169233
34312,0.001991,74.125.24.0-255,2902,68212,50,169233
34313,0.001996,172.31.46.0-255,66,68278,50,169233
34314,0.002003,74.125.24.0-255,5738,74016,50,169233
34315,0.002006,172.31.46.0-255,66,74082,50,169233
34316,0.00203,74.125.24.0-255,2902,76984,50,169233
34317,0.002032,172.31.46.0-255,66,77050,50,169233
34318,0.002058,172.31.46.0-255,66,77116,50,169233
34319,0.002078,74.125.24.0-255,1484,78600,50,169233
34320,0.0021,74.125.24.0-255,7156,85756,50,169233
34321,0.002103,172.31.46.0-255,66,85822,50,169233
34322,0.002122,74.125.24.0-255,3602,89424,50,169233
34323,0.002125,172.31.46.0-255,66,89490,50,169233
34324,0.004178,74.125.24.0-255,5738,95228,50,169233
34325,0.004181,172.31.46.0-255,66,95294,50,169233
34326,0.006256,74.125.24.0-255,5738,101032,50,169233
34327,0.006264,172.31.46.0-255,66,101098,50,169233
34328,0.008373,74.125.24.0-255,5738,106836,50,169233
34329,0.008381,172.31.46.0-255,66,106902,50,169233
34330,0.010501,74.125.24.0-255,5738,112640,50,169233
34331,0.010513,172.31.46.0-255,66,112706,50,169233
34332,0.012597,74.125.24.0-255,5738,118444,50,169233
34333,0.012606,172.31.46.0-255,66,118510,50,169233
34334,0.014663,74.125.24.0-255,5738,124248,50,169233
34335,0.014676,172.31.46.0-255,66,124314,50,169233
34336,0.01676,74.125.24.0-255,5738,130052,50,169233
34337,0.016773,172.31.46.0-255,66,130118,50,169233
34338,0.018836,74.125.24.0-255,5738,135856,50,169233
34339,0.018849,172.31.46.0-255,66,135922,50,169233
34340,0.020904,74.125.24.0-255,5738,141660,50,169233
34341,0.020915,172.31.46.0-255,66,141726,50,169233
34342,0.023014,74.125.24.0-255,5738,147464,50,169233
34343,0.023027,172.31.46.0-255,66,147530,50,169233
34344,0.025105,74.125.24.0-255,5738,153268,50,169233
34345,0.025116,172.31.46.0-255,66,153334,50,169233
34346,0.0272,74.125.24.0-255,5738,159072,50,169233
34347,0.02721,172.31.46.0-255,66,159138,50,169233
34348,0.028274,172.31.46.0-255,172,159310,50,169233
34349,0.028305,172.31.46.0-255,1113,160423,50,169233
34350,0.028361,172.31.46.0-255,1514,161937,50,169233
34351,0.028363,172.31.46.0-255,1294,163231,50,169233
34352,0.029288,74.125.24.0-255,5738,168969,50,169233
34353,0.029297,172.31.46.0-255,66,169035,50,169233
34354,0.029825,104.244.42.0-255,66,169101,50,169233
34355,0.029834,104.244.42.0-255,66,169167,50,169233
34356,0.029929,104.244.42.0-255,66,169233,50,169233
34357,0.0,172.217.160.0-255,152,152,50,303168
34358,2.3e-05,172.31.46.0-255,66,218,50,303168
34359,3.1e-05,172.217.160.0-255,1484,1702,50,303168
34360,3.6e-05,172.31.46.0-255,66,1768,50,303168
34361,4.2e-05,172.217.160.0-255,2902,4670,50,303168
34362,4.5e-05,172.31.46.0-255,66,4736,50,303168
34363,5.3e-05,172.217.160.0-255,7156,11892,50,303168
34364,5.6e-05,172.31.46.0-255,66,11958,50,303168
34365,6.1e-05,172.217.160.0-255,2119,14077,50,303168
34366,6.4e-05,172.31.46.0-255,66,14143,50,303168
34367,0.000101,172.217.160.0-255,2902,17045,50,303168
34368,0.000104,172.31.46.0-255,66,17111,50,303168
34369,0.000112,172.217.160.0-255,7156,24267,50,303168
34370,0.000115,172.31.46.0-255,66,24333,50,303168
34371,0.000123,172.217.160.0-255,6797,31130,50,303168
34372,0.000125,172.31.46.0-255,66,31196,50,303168
34373,0.000257,172.217.160.0-255,1484,32680,50,303168
34374,0.00026,172.31.46.0-255,66,32746,50,303168
34375,0.000266,172.217.160.0-255,2902,35648,50,303168
34376,0.000267,172.31.46.0-255,66,35714,50,303168
34377,0.000274,172.217.160.0-255,5738,41452,50,303168
34378,0.000277,172.31.46.0-255,66,41518,50,303168
34379,0.000308,172.217.160.0-255,1484,43002,50,303168
34380,0.00031,172.31.46.0-255,66,43068,50,303168
34381,0.000325,172.217.160.0-255,5379,48447,50,303168
34382,0.000328,172.31.46.0-255,66,48513,50,303168
34383,0.000394,172.217.160.0-255,1484,49997,50,303168
34384,0.000396,172.31.46.0-255,66,50063,50,303168
34385,0.000399,172.217.160.0-255,1484,51547,50,303168
34386,0.000401,172.31.46.0-255,66,51613,50,303168
34387,0.000414,172.217.160.0-255,1484,53097,50,303168
34388,0.000417,172.31.46.0-255,66,53163,50,303168
34389,0.000423,172.217.160.0-255,5738,58901,50,303168
34390,0.000426,172.31.46.0-255,66,58967,50,303168
34391,0.000462,172.217.160.0-255,5738,64705,50,303168
34392,0.000465,172.31.46.0-255,66,64771,50,303168
34393,0.000482,172.217.160.0-255,1125,65896,50,303168
34394,0.001139,172.217.160.0-255,338,66234,50,303168
34395,0.001595,172.31.46.0-255,66,66300,50,303168
34396,0.001907,172.217.160.0-255,405,66705,50,303168
34397,0.00198,172.217.160.0-255,1484,68189,50,303168
34398,0.001985,172.31.46.0-255,66,68255,50,303168
34399,0.001991,172.217.160.0-255,2902,71157,50,303168
34400,0.001993,172.31.46.0-255,66,71223,50,303168
34401,0.00201,172.217.160.0-255,1484,72707,50,303168
34402,0.00203,172.217.160.0-255,2902,75609,50,303168
34403,0.002032,172.31.46.0-255,66,75675,50,303168
34404,0.002035,172.217.160.0-255,1484,77159,50,303168
34405,0.002049,172.217.160.0-255,1484,78643,50,303168
34406,0.002051,172.31.46.0-255,66,78709,50,303168
34407,0.002072,172.217.160.0-255,4320,83029,50,303168
34408,0.002074,172.31.46.0-255,66,83095,50,303168
34409,0.002077,172.217.160.0-255,1125,84220,50,303168
34410,0.002089,172.217.160.0-255,1484,85704,50,303168
34411,0.002091,172.31.46.0-255,66,85770,50,303168
34412,0.002108,172.217.160.0-255,4320,90090,50,303168
34413,0.00211,172.31.46.0-255,66,90156,50,303168
34414,0.002131,172.217.160.0-255,4320,94476,50,303168
34415,0.002132,172.31.46.0-255,66,94542,50,303168
34416,0.002161,172.217.160.0-255,5738,100280,50,303168
34417,0.002164,172.31.46.0-255,66,100346,50,303168
34418,0.002167,172.217.160.0-255,1125,101471,50,303168
34419,0.002836,172.217.160.0-255,1484,102955,50,303168
34420,0.002841,172.31.46.0-255,66,103021,50,303168
34421,0.00286,172.217.160.0-255,2902,105923,50,303168
34422,0.002862,172.31.46.0-255,66,105989,50,303168
34423,0.002865,172.217.160.0-255,1484,107473,50,303168
34424,0.00288,172.217.160.0-255,2902,110375,50,303168
34425,0.002882,172.31.46.0-255,66,110441,50,303168
34426,0.002888,172.217.160.0-255,5738,116179,50,303168
34427,0.00289,172.31.46.0-255,66,116245,50,303168
34428,0.002903,172.217.160.0-255,2902,119147,50,303168
34429,0.002904,172.31.46.0-255,66,119213,50,303168
34430,0.002942,172.217.160.0-255,1484,120697,50,303168
34431,0.002973,172.31.46.0-255,66,120763,50,303168
34432,0.003008,172.31.46.0-255,66,120829,50,303168
34433,0.003027,172.217.160.0-255,5738,126567,50,303168
34434,0.003029,172.31.46.0-255,66,126633,50,303168
34435,0.003038,172.31.46.0-255,66,126699,50,303168
34436,0.003043,172.217.160.0-255,4320,131019,50,303168
34437,0.003045,172.31.46.0-255,66,131085,50,303168
34438,0.003068,172.217.160.0-255,3602,134687,50,303168
34439,0.00307,172.31.46.0-255,66,134753,50,303168
34440,0.003122,172.217.160.0-255,1484,136237,50,303168
34441,0.003125,172.217.160.0-255,1484,137721,50,303168
34442,0.003127,172.31.46.0-255,66,137787,50,303168
34443,0.003144,172.217.160.0-255,1484,139271,50,303168
34444,0.00315,172.217.160.0-255,5738,145009,50,303168
34445,0.003152,172.31.46.0-255,66,145075,50,303168
34446,0.003169,172.217.160.0-255,5738,150813,50,303168
34447,0.003171,172.31.46.0-255,66,150879,50,303168
34448,0.003191,172.217.160.0-255,7156,158035,50,303168
34449,0.003193,172.31.46.0-255,66,158101,50,303168
34450,0.003209,172.217.160.0-255,4320,162421,50,303168
34451,0.003211,172.31.46.0-255,66,162487,50,303168
34452,0.003229,172.217.160.0-255,6438,168925,50,303168
34453,0.003231,172.31.46.0-255,66,168991,50,303168
34454,0.003351,172.217.160.0-255,1484,170475,50,303168
34455,0.003356,172.217.160.0-255,2902,173377,50,303168
34456,0.003359,172.31.46.0-255,66,173443,50,303168
34457,0.003364,172.217.160.0-255,5738,179181,50,303168
34458,0.003366,172.31.46.0-255,66,179247,50,303168
34459,0.003382,172.217.160.0-255,2902,182149,50,303168
34460,0.003383,172.31.46.0-255,66,182215,50,303168
34461,0.003407,172.31.46.0-255,66,182281,50,303168
34462,0.003418,172.31.46.0-255,66,182347,50,303168
34463,0.00342,172.217.160.0-255,766,183113,50,303168
34464,0.003728,172.217.160.0-255,1484,184597,50,303168
34465,0.00373,172.31.46.0-255,66,184663,50,303168
34466,0.003734,172.217.160.0-255,2902,187565,50,303168
34467,0.003736,172.31.46.0-255,66,187631,50,303168
34468,0.00375,172.217.160.0-255,5738,193369,50,303168
34469,0.003752,172.31.46.0-255,66,193435,50,303168
34470,0.003766,172.217.160.0-255,2902,196337,50,303168
34471,0.003768,172.31.46.0-255,66,196403,50,303168
34472,0.003799,172.31.46.0-255,66,196469,50,303168
34473,0.00381,172.31.46.0-255,66,196535,50,303168
34474,0.003897,172.217.160.0-255,1484,198019,50,303168
34475,0.003902,172.217.160.0-255,2902,200921,50,303168
34476,0.003905,172.31.46.0-255,66,200987,50,303168
34477,0.003908,172.217.160.0-255,1484,202471,50,303168
34478,0.003926,172.217.160.0-255,4320,206791,50,303168
34479,0.003929,172.31.46.0-255,66,206857,50,303168
34480,0.003934,172.217.160.0-255,5738,212595,50,303168
34481,0.003937,172.31.46.0-255,66,212661,50,303168
34482,0.003965,172.217.160.0-255,7156,219817,50,303168
34483,0.003968,172.31.46.0-255,66,219883,50,303168
34484,0.003979,172.31.46.0-255,66,219949,50,303168
34485,0.003984,172.217.160.0-255,4320,224269,50,303168
34486,0.003986,172.31.46.0-255,66,224335,50,303168
34487,0.004025,172.31.46.0-255,66,224401,50,303168
34488,0.004031,172.217.160.0-255,5738,230139,50,303168
34489,0.004033,172.31.46.0-255,66,230205,50,303168
34490,0.004036,172.217.160.0-255,2184,232389,50,303168
34491,0.004039,172.31.46.0-255,66,232455,50,303168
34492,0.004375,172.217.160.0-255,1484,233939,50,303168
34493,0.004381,172.217.160.0-255,2902,236841,50,303168
34494,0.004385,172.31.46.0-255,66,236907,50,303168
34495,0.004388,172.217.160.0-255,1484,238391,50,303168
34496,0.004406,172.217.160.0-255,4320,242711,50,303168
34497,0.004409,172.31.46.0-255,66,242777,50,303168
34498,0.004412,172.217.160.0-255,1484,244261,50,303168
34499,0.004434,172.217.160.0-255,7156,251417,50,303168
34500,0.004436,172.31.46.0-255,66,251483,50,303168
34501,0.004454,172.217.160.0-255,4320,255803,50,303168
34502,0.004456,172.31.46.0-255,66,255869,50,303168
34503,0.004469,172.217.160.0-255,2902,258771,50,303168
34504,0.004472,172.31.46.0-255,66,258837,50,303168
34505,0.00449,172.217.160.0-255,4320,263157,50,303168
34506,0.004492,172.31.46.0-255,66,263223,50,303168
34507,0.004513,172.217.160.0-255,3602,266825,50,303168
34508,0.004516,172.31.46.0-255,66,266891,50,303168
34509,0.004551,172.217.160.0-255,1484,268375,50,303168
34510,0.004569,172.217.160.0-255,2902,271277,50,303168
34511,0.004572,172.31.46.0-255,66,271343,50,303168
34512,0.004577,172.217.160.0-255,4320,275663,50,303168
34513,0.00459,172.217.160.0-255,1484,277147,50,303168
34514,0.004592,172.31.46.0-255,66,277213,50,303168
34515,0.004607,172.217.160.0-255,4320,281533,50,303168
34516,0.004625,172.217.160.0-255,7156,288689,50,303168
34517,0.004632,172.31.46.0-255,66,288755,50,303168
34518,0.004641,172.217.160.0-255,1484,290239,50,303168
34519,0.004648,172.217.160.0-255,5738,295977,50,303168
34520,0.004666,172.31.46.0-255,66,296043,50,303168
34521,0.004705,172.217.160.0-255,2902,298945,50,303168
34522,0.004718,172.31.46.0-255,66,299011,50,303168
34523,0.004746,172.217.160.0-255,3815,302826,50,303168
34524,0.004749,172.217.160.0-255,105,302931,50,303168
34525,0.004769,172.31.46.0-255,66,302997,50,303168
34526,0.007134,172.31.46.0-255,105,303102,50,303168
34527,0.009089,172.217.160.0-255,66,303168,50,303168
34528,0.0,172.217.194.0-255,150,150,50,197249
34529,1.5e-05,172.31.46.0-255,66,216,50,197249
34530,2.1e-05,172.217.194.0-255,1484,1700,50,197249
34531,2.5e-05,172.31.46.0-255,66,1766,50,197249
34532,3.2e-05,172.217.194.0-255,2902,4668,50,197249
34533,3.5e-05,172.31.46.0-255,66,4734,50,197249
34534,4.2e-05,172.217.194.0-255,7156,11890,50,197249
34535,4.5e-05,172.31.46.0-255,66,11956,50,197249
34536,4.9e-05,172.217.194.0-255,2089,14045,50,197249
34537,5.2e-05,172.31.46.0-255,66,14111,50,197249
34538,0.000109,172.217.194.0-255,5738,19849,50,197249
34539,0.000112,172.31.46.0-255,66,19915,50,197249
34540,0.000116,172.217.194.0-255,2902,22817,50,197249
34541,0.000119,172.31.46.0-255,66,22883,50,197249
34542,0.000136,172.217.194.0-255,4320,27203,50,197249
34543,0.000138,172.31.46.0-255,66,27269,50,197249
34544,0.000144,172.217.194.0-255,3961,31230,50,197249
34545,0.000146,172.31.46.0-255,66,31296,50,197249
34546,0.000407,172.217.194.0-255,1484,32780,50,197249
34547,0.000412,172.31.46.0-255,66,32846,50,197249
34548,0.000418,172.217.194.0-255,2902,35748,50,197249
34549,0.000421,172.31.46.0-255,66,35814,50,197249
34550,0.000428,172.217.194.0-255,5738,41552,50,197249
34551,0.00043,172.31.46.0-255,66,41618,50,197249
34552,0.00046,172.217.194.0-255,7156,48774,50,197249
34553,0.000463,172.31.46.0-255,66,48840,50,197249
34554,0.000478,172.217.194.0-255,6797,55637,50,197249
34555,0.000481,172.31.46.0-255,66,55703,50,197249
34556,0.000499,172.217.194.0-255,2902,58605,50,197249
34557,0.000502,172.31.46.0-255,66,58671,50,197249
34558,0.000518,172.217.194.0-255,7054,65725,50,197249
34559,0.000521,172.31.46.0-255,66,65791,50,197249
34560,0.000573,172.217.194.0-255,118,65909,50,197249
34561,0.000695,172.217.194.0-255,1484,67393,50,197249
34562,0.000699,172.31.46.0-255,66,67459,50,197249
34563,0.000704,172.217.194.0-255,2902,70361,50,197249
34564,0.000706,172.31.46.0-255,66,70427,50,197249
34565,0.000711,172.217.194.0-255,2902,73329,50,197249
34566,0.000713,172.31.46.0-255,66,73395,50,197249
34567,0.00073,172.217.194.0-255,2902,76297,50,197249
34568,0.000733,172.31.46.0-255,66,76363,50,197249
34569,0.000752,172.217.194.0-255,6797,83160,50,197249
34570,0.000754,172.31.46.0-255,66,83226,50,197249
34571,0.000761,172.217.194.0-255,7156,90382,50,197249
34572,0.000763,172.31.46.0-255,66,90448,50,197249
34573,0.000774,172.31.46.0-255,66,90514,50,197249
34574,0.000807,172.217.194.0-255,1436,91950,50,197249
34575,0.001354,172.217.194.0-255,1484,93434,50,197249
34576,0.001361,172.31.46.0-255,66,93500,50,197249
34577,0.001368,172.217.194.0-255,2902,96402,50,197249
34578,0.00137,172.31.46.0-255,66,96468,50,197249
34579,0.001376,172.217.194.0-255,5738,102206,50,197249
34580,0.001379,172.31.46.0-255,66,102272,50,197249
34581,0.001404,172.217.194.0-255,5738,108010,50,197249
34582,0.001407,172.31.46.0-255,66,108076,50,197249
34583,0.001434,172.217.194.0-255,7156,115232,50,197249
34584,0.001438,172.31.46.0-255,66,115298,50,197249
34585,0.001448,172.31.46.0-255,66,115364,50,197249
34586,0.001472,172.217.194.0-255,2184,117548,50,197249
34587,0.001475,172.31.46.0-255,66,117614,50,197249
34588,0.002171,172.217.194.0-255,1484,119098,50,197249
34589,0.002226,172.217.194.0-255,2902,122000,50,197249
34590,0.002231,172.31.46.0-255,66,122066,50,197249
34591,0.002239,172.217.194.0-255,5738,127804,50,197249
34592,0.002241,172.31.46.0-255,66,127870,50,197249
34593,0.002256,172.31.46.0-255,66,127936,50,197249
34594,0.002266,172.31.46.0-255,66,128002,50,197249
34595,0.002293,172.217.194.0-255,2184,130186,50,197249
34596,0.002295,172.31.46.0-255,66,130252,50,197249
34597,0.004629,172.217.194.0-255,1484,131736,50,197249
34598,0.004647,172.217.194.0-255,1484,133220,50,197249
34599,0.00465,172.31.46.0-255,66,133286,50,197249
34600,0.004691,172.217.194.0-255,2902,136188,50,197249
34601,0.004694,172.31.46.0-255,66,136254,50,197249
34602,0.007035,172.217.194.0-255,4320,140574,50,197249
34603,0.007041,172.31.46.0-255,66,140640,50,197249
34604,0.007061,172.217.194.0-255,1484,142124,50,197249
34605,0.009437,172.217.194.0-255,4320,146444,50,197249
34606,0.009452,172.31.46.0-255,66,146510,50,197249
34607,0.011803,172.217.194.0-255,5738,152248,50,197249
34608,0.011819,172.31.46.0-255,66,152314,50,197249
34609,0.014193,172.217.194.0-255,5738,158052,50,197249
34610,0.014204,172.31.46.0-255,66,158118,50,197249
34611,0.016607,172.217.194.0-255,5738,163856,50,197249
34612,0.016616,172.31.46.0-255,66,163922,50,197249
34613,0.018999,172.217.194.0-255,5738,169660,50,197249
34614,0.019007,172.31.46.0-255,66,169726,50,197249
34615,0.021383,172.217.194.0-255,5738,175464,50,197249
34616,0.021398,172.31.46.0-255,66,175530,50,197249
34617,0.023802,172.217.194.0-255,5738,181268,50,197249
34618,0.023813,172.31.46.0-255,66,181334,50,197249
34619,0.026209,172.217.194.0-255,5738,187072,50,197249
34620,0.026218,172.31.46.0-255,66,187138,50,197249
34621,0.02824,172.31.46.0-255,188,187326,50,197249
34622,0.028273,172.31.46.0-255,954,188280,50,197249
34623,0.028336,172.31.46.0-255,1514,189794,50,197249
34624,0.028338,172.31.46.0-255,1453,191247,50,197249
34625,0.028561,172.217.194.0-255,5738,196985,50,197249
34626,0.028568,172.31.46.0-255,66,197051,50,197249
34627,0.029782,104.244.42.0-255,66,197117,50,197249
34628,0.029821,104.244.42.0-255,66,197183,50,197249
34629,0.029877,104.244.42.0-255,66,197249,50,197249
34630,0.0,74.125.130.0-255,153,153,50,180444
34631,2.2e-05,172.31.46.0-255,66,219,50,180444
34632,3.9e-05,74.125.130.0-255,1484,1703,50,180444
34633,4.4e-05,172.31.46.0-255,66,1769,50,180444
34634,4.8e-05,74.125.130.0-255,1484,3253,50,180444
34635,5e-05,172.31.46.0-255,66,3319,50,180444
34636,7.9e-05,74.125.130.0-255,2902,6221,50,180444
34637,8.2e-05,172.31.46.0-255,66,6287,50,180444
34638,8.6e-05,74.125.130.0-255,1484,7771,50,180444
34639,8.7e-05,172.31.46.0-255,66,7837,50,180444
34640,0.000108,74.125.130.0-255,4320,12157,50,180444
34641,0.000111,172.31.46.0-255,66,12223,50,180444
34642,0.000145,74.125.130.0-255,2039,14262,50,180444
34643,0.000148,172.31.46.0-255,66,14328,50,180444
34644,0.000258,74.125.130.0-255,1484,15812,50,180444
34645,0.000262,172.31.46.0-255,66,15878,50,180444
34646,0.000276,74.125.130.0-255,2902,18780,50,180444
34647,0.000278,172.31.46.0-255,66,18846,50,180444
34648,0.000308,74.125.130.0-255,2902,21748,50,180444
34649,0.00031,172.31.46.0-255,66,21814,50,180444
34650,0.000343,74.125.130.0-255,1484,23298,50,180444
34651,0.000345,172.31.46.0-255,66,23364,50,180444
34652,0.000367,74.125.130.0-255,2902,26266,50,180444
34653,0.00037,172.31.46.0-255,66,26332,50,180444
34654,0.000373,74.125.130.0-255,1484,27816,50,180444
34655,0.000375,172.31.46.0-255,66,27882,50,180444
34656,0.000393,74.125.130.0-255,3961,31843,50,180444
34657,0.000396,172.31.46.0-255,66,31909,50,180444
34658,0.000399,74.125.130.0-255,1484,33393,50,180444
34659,0.000401,172.31.46.0-255,66,33459,50,180444
34660,0.000404,74.125.130.0-255,1484,34943,50,180444
34661,0.000406,172.31.46.0-255,66,35009,50,180444
34662,0.000424,74.125.130.0-255,1484,36493,50,180444
34663,0.000431,74.125.130.0-255,4320,40813,50,180444
34664,0.000434,172.31.46.0-255,66,40879,50,180444
34665,0.000446,74.125.130.0-255,1484,42363,50,180444
34666,0.000462,74.125.130.0-255,5738,48101,50,180444
34667,0.000465,172.31.46.0-255,66,48167,50,180444
34668,0.000492,74.125.130.0-255,1125,49292,50,180444
34669,0.000536,74.125.130.0-255,1484,50776,50,180444
34670,0.000539,172.31.46.0-255,66,50842,50,180444
34671,0.000543,74.125.130.0-255,1484,52326,50,180444
34672,0.000578,74.125.130.0-255,2902,55228,50,180444
34673,0.000581,172.31.46.0-255,66,55294,50,180444
34674,0.000584,74.125.130.0-255,1484,56778,50,180444
34675,0.000603,74.125.130.0-255,4320,61098,50,180444
34676,0.000606,74.125.130.0-255,1484,62582,50,180444
34677,0.00061,74.125.130.0-255,2902,65484,50,180444
34678,0.000614,172.31.46.0-255,66,65550,50,180444
34679,0.000621,172.31.46.0-255,66,65616,50,180444
34680,0.000645,74.125.130.0-255,1125,66741,50,180444
34681,0.000693,74.125.130.0-255,678,67419,50,180444
34682,0.000697,172.31.46.0-255,66,67485,50,180444
34683,0.000792,74.125.130.0-255,1484,68969,50,180444
34684,0.000811,74.125.130.0-255,2902,71871,50,180444
34685,0.000814,172.31.46.0-255,66,71937,50,180444
34686,0.000838,74.125.130.0-255,4320,76257,50,180444
34687,0.00084,172.31.46.0-255,66,76323,50,180444
34688,0.000859,74.125.130.0-255,1484,77807,50,180444
34689,0.000892,74.125.130.0-255,5738,83545,50,180444
34690,0.0009,172.31.46.0-255,66,83611,50,180444
34691,0.000927,172.31.46.0-255,66,83677,50,180444
34692,0.000948,74.125.130.0-255,2902,86579,50,180444
34693,0.000951,172.31.46.0-255,66,86645,50,180444
34694,0.000973,74.125.130.0-255,5738,92383,50,180444
34695,0.000976,172.31.46.0-255,66,92449,50,180444
34696,0.000979,74.125.130.0-255,1125,93574,50,180444
34697,0.00154,172.31.46.0-255,66,93640,50,180444
34698,0.001831,74.125.130.0-255,1484,95124,50,180444
34699,0.001842,74.125.130.0-255,2902,98026,50,180444
34700,0.001846,172.31.46.0-255,66,98092,50,180444
34701,0.001852,74.125.130.0-255,2902,100994,50,180444
34702,0.001854,172.31.46.0-255,66,101060,50,180444
34703,0.001883,74.125.130.0-255,2902,103962,50,180444
34704,0.001886,172.31.46.0-255,66,104028,50,180444
34705,0.001892,74.125.130.0-255,4320,108348,50,180444
34706,0.001894,172.31.46.0-255,66,108414,50,180444
34707,0.001921,74.125.130.0-255,4320,112734,50,180444
34708,0.001923,172.31.46.0-255,66,112800,50,180444
34709,0.001953,74.125.130.0-255,1484,114284,50,180444
34710,0.001968,172.31.46.0-255,66,114350,50,180444
34711,0.001972,74.125.130.0-255,2184,116534,50,180444
34712,0.001975,172.31.46.0-255,66,116600,50,180444
34713,0.004481,74.125.130.0-255,5738,122338,50,180444
34714,0.00449,172.31.46.0-255,66,122404,50,180444
34715,0.007015,74.125.130.0-255,5738,128142,50,180444
34716,0.007025,172.31.46.0-255,66,128208,50,180444
34717,0.009547,74.125.130.0-255,5738,133946,50,180444
34718,0.009558,172.31.46.0-255,66,134012,50,180444
34719,0.012103,74.125.130.0-255,5738,139750,50,180444
34720,0.01212,172.31.46.0-255,66,139816,50,180444
34721,0.014641,74.125.130.0-255,5738,145554,50,180444
34722,0.014659,172.31.46.0-255,66,145620,50,180444
34723,0.017187,74.125.130.0-255,5738,151358,50,180444
34724,0.017201,172.31.46.0-255,66,151424,50,180444
34725,0.019728,74.125.130.0-255,5738,157162,50,180444
34726,0.019743,172.31.46.0-255,66,157228,50,180444
34727,0.022271,74.125.130.0-255,5738,162966,50,180444
34728,0.022286,172.31.46.0-255,66,163032,50,180444
34729,0.024813,74.125.130.0-255,5738,168770,50,180444
34730,0.024826,172.31.46.0-255,66,168836,50,180444
34731,0.027359,74.125.130.0-255,5738,174574,50,180444
34732,0.027376,172.31.46.0-255,66,174640,50,180444
34733,0.029889,74.125.130.0-255,5738,180378,50,180444
34734,0.029899,172.31.46.0-255,66,180444,50,180444
34735,0.0,172.217.160.0-255,153,153,50,160924
34736,2.2e-05,172.31.46.0-255,66,219,50,160924
34737,2.9e-05,172.217.160.0-255,1484,1703,50,160924
34738,3.2e-05,172.31.46.0-255,66,1769,50,160924
34739,4.4e-05,172.217.160.0-255,2902,4671,50,160924
34740,4.7e-05,172.31.46.0-255,66,4737,50,160924
34741,5.3e-05,172.217.160.0-255,7156,11893,50,160924
34742,5.6e-05,172.31.46.0-255,66,11959,50,160924
34743,6.7e-05,172.31.46.0-255,66,12025,50,160924
34744,0.000101,172.217.160.0-255,6375,18400,50,160924
34745,0.000104,172.31.46.0-255,66,18466,50,160924
34746,0.000108,172.217.160.0-255,2543,21009,50,160924
34747,0.00011,172.31.46.0-255,66,21075,50,160924
34748,0.000162,172.217.160.0-255,1484,22559,50,160924
34749,0.000164,172.31.46.0-255,66,22625,50,160924
34750,0.000169,172.217.160.0-255,2902,25527,50,160924
34751,0.00017,172.31.46.0-255,66,25593,50,160924
34752,0.000174,172.217.160.0-255,2902,28495,50,160924
34753,0.000176,172.31.46.0-255,66,28561,50,160924
34754,0.000194,172.217.160.0-255,2902,31463,50,160924
34755,0.0002,172.31.46.0-255,66,31529,50,160924
34756,0.000241,172.31.46.0-255,66,31595,50,160924
34757,0.000251,172.31.46.0-255,66,31661,50,160924
34758,0.000281,172.217.160.0-255,4267,35928,50,160924
34759,0.000283,172.31.46.0-255,66,35994,50,160924
34760,0.000912,172.217.160.0-255,102,36096,50,160924
34761,0.000917,172.31.46.0-255,66,36162,50,160924
34762,0.001027,172.217.160.0-255,1484,37646,50,160924
34763,0.001031,172.31.46.0-255,66,37712,50,160924
34764,0.001038,172.217.160.0-255,2902,40614,50,160924
34765,0.00104,172.31.46.0-255,66,40680,50,160924
34766,0.001045,172.217.160.0-255,4320,45000,50,160924
34767,0.001051,172.31.46.0-255,66,45066,50,160924
34768,0.001073,172.217.160.0-255,1484,46550,50,160924
34769,0.00108,172.217.160.0-255,6797,53347,50,160924
34770,0.001082,172.31.46.0-255,66,53413,50,160924
34771,0.001118,172.217.160.0-255,7156,60569,50,160924
34772,0.001121,172.31.46.0-255,66,60635,50,160924
34773,0.001127,172.217.160.0-255,7156,67791,50,160924
34774,0.001129,172.31.46.0-255,66,67857,50,160924
34775,0.001132,172.217.160.0-255,2843,70700,50,160924
34776,0.001134,172.31.46.0-255,66,70766,50,160924
34777,0.003034,172.217.160.0-255,5738,76504,50,160924
34778,0.00304,172.31.46.0-255,66,76570,50,160924
34779,0.004939,172.217.160.0-255,4320,80890,50,160924
34780,0.004942,172.31.46.0-255,66,80956,50,160924
34781,0.004964,172.217.160.0-255,1484,82440,50,160924
34782,0.006846,172.217.160.0-255,4320,86760,50,160924
34783,0.006853,172.31.46.0-255,66,86826,50,160924
34784,0.008763,172.217.160.0-255,5738,92564,50,160924
34785,0.00877,172.31.46.0-255,66,92630,50,160924
34786,0.010682,172.217.160.0-255,5738,98368,50,160924
34787,0.010691,172.31.46.0-255,66,98434,50,160924
34788,0.012622,172.217.160.0-255,5738,104172,50,160924
34789,0.012631,172.31.46.0-255,66,104238,50,160924
34790,0.014534,172.217.160.0-255,5738,109976,50,160924
34791,0.014542,172.31.46.0-255,66,110042,50,160924
34792,0.016446,172.217.160.0-255,5738,115780,50,160924
34793,0.016453,172.31.46.0-255,66,115846,50,160924
34794,0.018354,172.217.160.0-255,5738,121584,50,160924
34795,0.018362,172.31.46.0-255,66,121650,50,160924
34796,0.020266,172.217.160.0-255,5738,127388,50,160924
34797,0.020274,172.31.46.0-255,66,127454,50,160924
34798,0.021719,172.31.46.0-255,164,127618,50,160924
34799,0.021748,172.31.46.0-255,1122,128740,50,160924
34800,0.0218,172.31.46.0-255,1514,130254,50,160924
34801,0.021801,172.31.46.0-255,1285,131539,50,160924
34802,0.022183,172.217.160.0-255,5738,137277,50,160924
34803,0.022189,172.31.46.0-255,66,137343,50,160924
34804,0.023258,104.244.42.0-255,66,137409,50,160924
34805,0.023265,104.244.42.0-255,66,137475,50,160924
34806,0.023348,104.244.42.0-255,66,137541,50,160924
34807,0.024089,172.217.160.0-255,5738,143279,50,160924
34808,0.024096,172.31.46.0-255,66,143345,50,160924
34809,0.02603,172.217.160.0-255,5738,149083,50,160924
34810,0.026037,172.31.46.0-255,66,149149,50,160924
34811,0.026173,172.31.46.0-255,101,149250,50,160924
34812,0.027947,172.217.160.0-255,5738,154988,50,160924
34813,0.027953,172.31.46.0-255,66,155054,50,160924
34814,0.02805,172.217.160.0-255,66,155120,50,160924
34815,0.029871,172.217.160.0-255,5738,160858,50,160924
34816,0.029877,172.31.46.0-255,66,160924,50,160924
34817,0.0,172.217.194.0-255,149,149,50,258416
34818,2.3e-05,172.31.46.0-255,66,215,50,258416
34819,3e-05,172.217.194.0-255,1484,1699,50,258416
34820,3.5e-05,172.31.46.0-255,66,1765,50,258416
34821,4e-05,172.217.194.0-255,2902,4667,50,258416
34822,4.3e-05,172.31.46.0-255,66,4733,50,258416
34823,5e-05,172.217.194.0-255,5738,10471,50,258416
34824,5.2e-05,172.31.46.0-255,66,10537,50,258416
34825,5.7e-05,172.217.194.0-255,2902,13439,50,258416
34826,5.9e-05,172.31.46.0-255,66,13505,50,258416
34827,0.000108,172.31.46.0-255,66,13571,50,258416
34828,0.000115,172.217.194.0-255,6797,20368,50,258416
34829,0.000117,172.31.46.0-255,66,20434,50,258416
34830,0.00012,172.217.194.0-255,1484,21918,50,258416
34831,0.000122,172.31.46.0-255,66,21984,50,258416
34832,0.000142,172.217.194.0-255,2902,24886,50,258416
34833,0.000144,172.31.46.0-255,66,24952,50,258416
34834,0.00015,172.217.194.0-255,5738,30690,50,258416
34835,0.000152,172.31.46.0-255,66,30756,50,258416
34836,0.000179,172.217.194.0-255,4320,35076,50,258416
34837,0.000181,172.31.46.0-255,66,35142,50,258416
34838,0.000246,172.31.46.0-255,66,35208,50,258416
34839,0.000248,172.31.46.0-255,66,35274,50,258416
34840,0.000265,172.217.194.0-255,2511,37785,50,258416
34841,0.000267,172.31.46.0-255,66,37851,50,258416
34842,0.00037,172.217.194.0-255,1484,39335,50,258416
34843,0.000374,172.31.46.0-255,66,39401,50,258416
34844,0.000379,172.217.194.0-255,2902,42303,50,258416
34845,0.000382,172.31.46.0-255,66,42369,50,258416
34846,0.000388,172.217.194.0-255,5738,48107,50,258416
34847,0.000391,172.31.46.0-255,66,48173,50,258416
34848,0.000405,172.217.194.0-255,2902,51075,50,258416
34849,0.000408,172.31.46.0-255,66,51141,50,258416
34850,0.000423,172.217.194.0-255,4320,55461,50,258416
34851,0.000425,172.31.46.0-255,66,55527,50,258416
34852,0.000449,172.31.46.0-255,66,55593,50,258416
34853,0.000468,172.217.194.0-255,4320,59913,50,258416
34854,0.00047,172.31.46.0-255,66,59979,50,258416
34855,0.000473,172.217.194.0-255,1484,61463,50,258416
34856,0.000476,172.217.194.0-255,766,62229,50,258416
34857,0.000478,172.31.46.0-255,66,62295,50,258416
34858,0.000525,172.217.194.0-255,380,62675,50,258416
34859,0.000597,172.217.194.0-255,1484,64159,50,258416
34860,0.000601,172.31.46.0-255,66,64225,50,258416
34861,0.000606,172.217.194.0-255,2902,67127,50,258416
34862,0.000608,172.31.46.0-255,66,67193,50,258416
34863,0.000635,172.217.194.0-255,5738,72931,50,258416
34864,0.000638,172.31.46.0-255,66,72997,50,258416
34865,0.000667,172.31.46.0-255,66,73063,50,258416
34866,0.000673,172.217.194.0-255,5738,78801,50,258416
34867,0.000675,172.31.46.0-255,66,78867,50,258416
34868,0.000696,172.217.194.0-255,6438,85305,50,258416
34869,0.000698,172.31.46.0-255,66,85371,50,258416
34870,0.000786,172.217.194.0-255,1484,86855,50,258416
34871,0.00079,172.217.194.0-255,1484,88339,50,258416
34872,0.000792,172.31.46.0-255,66,88405,50,258416
34873,0.000812,172.217.194.0-255,1484,89889,50,258416
34874,0.000818,172.217.194.0-255,5738,95627,50,258416
34875,0.000821,172.31.46.0-255,66,95693,50,258416
34876,0.000848,172.31.46.0-255,66,95759,50,258416
34877,0.000869,172.217.194.0-255,2902,98661,50,258416
34878,0.000871,172.31.46.0-255,66,98727,50,258416
34879,0.000883,172.31.46.0-255,66,98793,50,258416
34880,0.001244,172.217.194.0-255,1484,100277,50,258416
34881,0.00126,172.217.194.0-255,2902,103179,50,258416
34882,0.001263,172.31.46.0-255,66,103245,50,258416
34883,0.00127,172.217.194.0-255,4320,107565,50,258416
34884,0.001272,172.31.46.0-255,66,107631,50,258416
34885,0.001284,172.217.194.0-255,1484,109115,50,258416
34886,0.001287,172.217.194.0-255,1484,110599,50,258416
34887,0.001289,172.31.46.0-255,66,110665,50,258416
34888,0.001325,172.31.46.0-255,66,110731,50,258416
34889,0.001336,172.31.46.0-255,66,110797,50,258416
34890,0.001338,172.217.194.0-255,766,111563,50,258416
34891,0.001496,172.217.194.0-255,1484,113047,50,258416
34892,0.001501,172.217.194.0-255,2902,115949,50,258416
34893,0.001505,172.31.46.0-255,66,116015,50,258416
34894,0.001509,172.31.46.0-255,66,116081,50,258416
34895,0.001521,172.217.194.0-255,5738,121819,50,258416
34896,0.001524,172.31.46.0-255,66,121885,50,258416
34897,0.001563,172.31.46.0-255,66,121951,50,258416
34898,0.001612,172.217.194.0-255,1484,123435,50,258416
34899,0.001652,172.31.46.0-255,66,123501,50,258416
34900,0.001679,172.217.194.0-255,1484,124985,50,258416
34901,0.001682,172.217.194.0-255,1484,126469,50,258416
34902,0.001685,172.31.46.0-255,66,126535,50,258416
34903,0.001704,172.217.194.0-255,1484,128019,50,258416
34904,0.001721,172.217.194.0-255,5738,133757,50,258416
34905,0.001724,172.31.46.0-255,66,133823,50,258416
34906,0.001759,172.217.194.0-255,1484,135307,50,258416
34907,0.001777,172.217.194.0-255,1484,136791,50,258416
34908,0.001778,172.217.194.0-255,1484,138275,50,258416
34909,0.001796,172.217.194.0-255,4320,142595,50,258416
34910,0.001802,172.217.194.0-255,5020,147615,50,258416
34911,0.001812,172.31.46.0-255,66,147681,50,258416
34912,0.001816,172.31.46.0-255,78,147759,50,258416
34913,0.00182,172.31.46.0-255,66,147825,50,258416
34914,0.001823,172.31.46.0-255,66,147891,50,258416
34915,0.001825,172.31.46.0-255,66,147957,50,258416
34916,0.00207,172.217.194.0-255,1484,149441,50,258416
34917,0.002076,172.217.194.0-255,2902,152343,50,258416
34918,0.002079,172.31.46.0-255,66,152409,50,258416
34919,0.002083,172.217.194.0-255,1484,153893,50,258416
34920,0.002103,172.217.194.0-255,4320,158213,50,258416
34921,0.002105,172.31.46.0-255,66,158279,50,258416
34922,0.002111,172.217.194.0-255,4320,162599,50,258416
34923,0.002113,172.31.46.0-255,66,162665,50,258416
34924,0.002148,172.31.46.0-255,66,162731,50,258416
34925,0.002153,172.217.194.0-255,2902,165633,50,258416
34926,0.002155,172.31.46.0-255,66,165699,50,258416
34927,0.002187,172.217.194.0-255,5020,170719,50,258416
34928,0.00219,172.31.46.0-255,66,170785,50,258416
34929,0.002226,172.217.194.0-255,1484,172269,50,258416
34930,0.002231,172.217.194.0-255,2902,175171,50,258416
34931,0.002234,172.31.46.0-255,66,175237,50,258416
34932,0.002237,172.217.194.0-255,1484,176721,50,258416
34933,0.002259,172.217.194.0-255,4320,181041,50,258416
34934,0.002262,172.31.46.0-255,66,181107,50,258416
34935,0.002266,172.217.194.0-255,2902,184009,50,258416
34936,0.002269,172.31.46.0-255,66,184075,50,258416
34937,0.00228,172.217.194.0-255,1484,185559,50,258416
34938,0.002298,172.217.194.0-255,7156,192715,50,258416
34939,0.0023,172.31.46.0-255,66,192781,50,258416
34940,0.002323,172.217.194.0-255,1484,194265,50,258416
34941,0.002329,172.217.194.0-255,5738,200003,50,258416
34942,0.002332,172.31.46.0-255,66,200069,50,258416
34943,0.002355,172.217.194.0-255,5020,205089,50,258416
34944,0.002358,172.31.46.0-255,66,205155,50,258416
34945,0.002365,172.217.194.0-255,5738,210893,50,258416
34946,0.002368,172.31.46.0-255,66,210959,50,258416
34947,0.002392,172.217.194.0-255,5738,216697,50,258416
34948,0.002394,172.31.46.0-255,66,216763,50,258416
34949,0.002402,172.217.194.0-255,7156,223919,50,258416
34950,0.002404,172.31.46.0-255,66,223985,50,258416
34951,0.002444,172.217.194.0-255,7156,231141,50,258416
34952,0.002448,172.31.46.0-255,66,231207,50,258416
34953,0.002473,172.31.46.0-255,66,231273,50,258416
34954,0.002476,172.217.194.0-255,1484,232757,50,258416
34955,0.002479,172.217.194.0-255,1484,234241,50,258416
34956,0.002481,172.31.46.0-255,66,234307,50,258416
34957,0.002502,172.217.194.0-255,1484,235791,50,258416
34958,0.00251,172.217.194.0-255,5738,241529,50,258416
34959,0.002512,172.31.46.0-255,66,241595,50,258416
34960,0.002519,172.217.194.0-255,7156,248751,50,258416
34961,0.002522,172.31.46.0-255,66,248817,50,258416
34962,0.002547,172.217.194.0-255,5738,254555,50,258416
34963,0.00255,172.31.46.0-255,66,254621,50,258416
34964,0.002562,172.31.46.0-255,66,254687,50,258416
34965,0.002594,172.31.46.0-255,66,254753,50,258416
34966,0.005204,172.217.194.0-255,105,254858,50,258416
34967,0.00946,172.31.46.0-255,66,254924,50,258416
34968,0.009503,172.31.46.0-255,105,255029,50,258416
34969,0.012117,172.217.194.0-255,66,255095,50,258416
34970,0.027959,172.31.46.0-255,164,255259,50,258416
34971,0.027994,172.31.46.0-255,1122,256381,50,258416
34972,0.028073,172.31.46.0-255,1514,257895,50,258416
34973,0.028074,172.31.46.0-255,323,258218,50,258416
34974,0.029504,104.244.42.0-255,66,258284,50,258416
34975,0.029581,104.244.42.0-255,66,258350,50,258416
34976,0.029624,104.244.42.0-255,66,258416,50,258416
34977,0.0,74.125.130.0-255,150,150,50,200997
34978,3.4e-05,172.31.46.0-255,66,216,50,200997
34979,4.2e-05,74.125.130.0-255,1484,1700,50,200997
34980,4.7e-05,172.31.46.0-255,66,1766,50,200997
34981,6.2e-05,74.125.130.0-255,2902,4668,50,200997
34982,6.4e-05,172.31.46.0-255,66,4734,50,200997
34983,9.7e-05,74.125.130.0-255,5738,10472,50,200997
34984,0.000101,172.31.46.0-255,66,10538,50,200997
34985,0.000105,74.125.130.0-255,2902,13440,50,200997
34986,0.000108,172.31.46.0-255,66,13506,50,200997
34987,0.00011,74.125.130.0-255,559,14065,50,200997
34988,0.000113,172.31.46.0-255,66,14131,50,200997
34989,0.000258,74.125.130.0-255,1484,15615,50,200997
34990,0.000263,172.31.46.0-255,66,15681,50,200997
34991,0.000268,74.125.130.0-255,2902,18583,50,200997
34992,0.000271,172.31.46.0-255,66,18649,50,200997
34993,0.000289,74.125.130.0-255,5738,24387,50,200997
34994,0.000292,172.31.46.0-255,66,24453,50,200997
34995,0.000294,74.125.130.0-255,1484,25937,50,200997
34996,0.000296,172.31.46.0-255,66,26003,50,200997
34997,0.000343,74.125.130.0-255,2902,28905,50,200997
34998,0.000346,172.31.46.0-255,66,28971,50,200997
34999,0.000367,74.125.130.0-255,2543,31514,50,200997
35000,0.00037,172.31.46.0-255,66,31580,50,200997
35001,0.000467,74.125.130.0-255,1484,33064,50,200997
35002,0.000471,172.31.46.0-255,66,33130,50,200997
35003,0.000475,74.125.130.0-255,2902,36032,50,200997
35004,0.000481,172.31.46.0-255,66,36098,50,200997
35005,0.00049,74.125.130.0-255,1484,37582,50,200997
35006,0.000492,172.31.46.0-255,66,37648,50,200997
35007,0.000522,74.125.130.0-255,2902,40550,50,200997
35008,0.000526,172.31.46.0-255,66,40616,50,200997
35009,0.000532,74.125.130.0-255,5738,46354,50,200997
35010,0.000534,172.31.46.0-255,66,46420,50,200997
35011,0.000552,74.125.130.0-255,4320,50740,50,200997
35012,0.000555,172.31.46.0-255,66,50806,50,200997
35013,0.00058,74.125.130.0-255,6797,57603,50,200997
35014,0.000582,172.31.46.0-255,66,57669,50,200997
35015,0.000596,74.125.130.0-255,2902,60571,50,200997
35016,0.000599,172.31.46.0-255,66,60637,50,200997
35017,0.000623,74.125.130.0-255,5379,66016,50,200997
35018,0.000626,172.31.46.0-255,66,66082,50,200997
35019,0.00075,74.125.130.0-255,364,66446,50,200997
35020,0.000764,74.125.130.0-255,380,66826,50,200997
35021,0.000842,172.31.46.0-255,66,66892,50,200997
35022,0.001068,74.125.130.0-255,1484,68376,50,200997
35023,0.001077,74.125.130.0-255,2902,71278,50,200997
35024,0.001081,172.31.46.0-255,66,71344,50,200997
35025,0.001106,74.125.130.0-255,5738,77082,50,200997
35026,0.001109,172.31.46.0-255,66,77148,50,200997
35027,0.001115,74.125.130.0-255,4320,81468,50,200997
35028,0.001117,172.31.46.0-255,66,81534,50,200997
35029,0.001134,74.125.130.0-255,2902,84436,50,200997
35030,0.001136,172.31.46.0-255,66,84502,50,200997
35031,0.001151,74.125.130.0-255,4320,88822,50,200997
35032,0.001153,172.31.46.0-255,66,88888,50,200997
35033,0.001184,172.31.46.0-255,66,88954,50,200997
35034,0.001203,74.125.130.0-255,3602,92556,50,200997
35035,0.001206,172.31.46.0-255,66,92622,50,200997
35036,0.001886,74.125.130.0-255,1484,94106,50,200997
35037,0.001893,74.125.130.0-255,2902,97008,50,200997
35038,0.001897,172.31.46.0-255,66,97074,50,200997
35039,0.001923,74.125.130.0-255,2902,99976,50,200997
35040,0.001925,172.31.46.0-255,66,100042,50,200997
35041,0.00193,74.125.130.0-255,4320,104362,50,200997
35042,0.001932,172.31.46.0-255,66,104428,50,200997
35043,0.001956,172.31.46.0-255,66,104494,50,200997
35044,0.001962,74.125.130.0-255,5738,110232,50,200997
35045,0.001965,172.31.46.0-255,66,110298,50,200997
35046,0.002001,74.125.130.0-255,7156,117454,50,200997
35047,0.002004,172.31.46.0-255,66,117520,50,200997
35048,0.002006,74.125.130.0-255,766,118286,50,200997
35049,0.003969,74.125.130.0-255,4320,122606,50,200997
35050,0.003976,172.31.46.0-255,66,122672,50,200997
35051,0.005957,74.125.130.0-255,5738,128410,50,200997
35052,0.005963,172.31.46.0-255,66,128476,50,200997
35053,0.007945,74.125.130.0-255,2902,131378,50,200997
35054,0.007952,172.31.46.0-255,66,131444,50,200997
35055,0.007972,74.125.130.0-255,2902,134346,50,200997
35056,0.007977,172.31.46.0-255,66,134412,50,200997
35057,0.009934,74.125.130.0-255,5738,140150,50,200997
35058,0.009942,172.31.46.0-255,66,140216,50,200997
35059,0.011925,74.125.130.0-255,5738,145954,50,200997
35060,0.011933,172.31.46.0-255,66,146020,50,200997
35061,0.013933,74.125.130.0-255,5738,151758,50,200997
35062,0.013944,172.31.46.0-255,66,151824,50,200997
35063,0.015931,74.125.130.0-255,5738,157562,50,200997
35064,0.01594,172.31.46.0-255,66,157628,50,200997
35065,0.017926,74.125.130.0-255,5738,163366,50,200997
35066,0.017934,172.31.46.0-255,66,163432,50,200997
35067,0.019907,74.125.130.0-255,5738,169170,50,200997
35068,0.019915,172.31.46.0-255,66,169236,50,200997
35069,0.021902,74.125.130.0-255,5738,174974,50,200997
35070,0.02191,172.31.46.0-255,66,175040,50,200997
35071,0.023883,74.125.130.0-255,4320,179360,50,200997
35072,0.02389,172.31.46.0-255,66,179426,50,200997
35073,0.023943,74.125.130.0-255,1484,180910,50,200997
35074,0.02587,74.125.130.0-255,4320,185230,50,200997
35075,0.025878,172.31.46.0-255,66,185296,50,200997
35076,0.02786,74.125.130.0-255,5738,191034,50,200997
35077,0.027866,172.31.46.0-255,66,191100,50,200997
35078,0.028935,172.31.46.0-255,172,191272,50,200997
35079,0.02897,172.31.46.0-255,1112,192384,50,200997
35080,0.029035,172.31.46.0-255,1514,193898,50,200997
35081,0.029037,172.31.46.0-255,1295,195193,50,200997
35082,0.029846,74.125.130.0-255,5738,200931,50,200997
35083,0.029852,172.31.46.0-255,66,200997,50,200997
35084,0.0,74.125.24.0-255,152,152,50,211894
35085,1.8e-05,172.31.46.0-255,66,218,50,211894
35086,2.4e-05,74.125.24.0-255,1484,1702,50,211894
35087,2.8e-05,172.31.46.0-255,66,1768,50,211894
35088,3.4e-05,74.125.24.0-255,2902,4670,50,211894
35089,3.7e-05,172.31.46.0-255,66,4736,50,211894
35090,5.9e-05,74.125.24.0-255,2902,7638,50,211894
35091,6.1e-05,172.31.46.0-255,66,7704,50,211894
35092,0.000131,172.31.46.0-255,66,7770,50,211894
35093,0.000136,74.125.24.0-255,5738,13508,50,211894
35094,0.000138,172.31.46.0-255,66,13574,50,211894
35095,0.000169,74.125.24.0-255,4320,17894,50,211894
35096,0.000171,172.31.46.0-255,66,17960,50,211894
35097,0.000187,74.125.24.0-255,5379,23339,50,211894
35098,0.00019,172.31.46.0-255,66,23405,50,211894
35099,0.000306,74.125.24.0-255,1484,24889,50,211894
35100,0.00031,172.31.46.0-255,66,24955,50,211894
35101,0.000313,74.125.24.0-255,1484,26439,50,211894
35102,0.000315,172.31.46.0-255,66,26505,50,211894
35103,0.000336,74.125.24.0-255,1484,27989,50,211894
35104,0.000338,172.31.46.0-255,66,28055,50,211894
35105,0.000344,74.125.24.0-255,5738,33793,50,211894
35106,0.000346,172.31.46.0-255,66,33859,50,211894
35107,0.00035,74.125.24.0-255,4320,38179,50,211894
35108,0.000352,172.31.46.0-255,66,38245,50,211894
35109,0.000384,172.31.46.0-255,66,38311,50,211894
35110,0.000389,74.125.24.0-255,5738,44049,50,211894
35111,0.000391,172.31.46.0-255,66,44115,50,211894
35112,0.000405,74.125.24.0-255,1484,45599,50,211894
35113,0.000407,172.31.46.0-255,66,45665,50,211894
35114,0.000424,74.125.24.0-255,3602,49267,50,211894
35115,0.000426,172.31.46.0-255,66,49333,50,211894
35116,0.000442,74.125.24.0-255,442,49775,50,211894
35117,0.00087,172.31.46.0-255,66,49841,50,211894
35118,0.001054,74.125.24.0-255,1484,51325,50,211894
35119,0.001074,74.125.24.0-255,2902,54227,50,211894
35120,0.001078,172.31.46.0-255,66,54293,50,211894
35121,0.001099,74.125.24.0-255,5738,60031,50,211894
35122,0.001101,172.31.46.0-255,66,60097,50,211894
35123,0.001128,74.125.24.0-255,7156,67253,50,211894
35124,0.00113,172.31.46.0-255,66,67319,50,211894
35125,0.001145,74.125.24.0-255,1484,68803,50,211894
35126,0.001186,74.125.24.0-255,2902,71705,50,211894
35127,0.001189,172.31.46.0-255,66,71771,50,211894
35128,0.00121,74.125.24.0-255,7156,78927,50,211894
35129,0.001213,172.31.46.0-255,66,78993,50,211894
35130,0.001216,74.125.24.0-255,1484,80477,50,211894
35131,0.001235,74.125.24.0-255,3288,83765,50,211894
35132,0.001237,172.31.46.0-255,66,83831,50,211894
35133,0.001387,74.125.24.0-255,1484,85315,50,211894
35134,0.001403,74.125.24.0-255,2902,88217,50,211894
35135,0.001406,172.31.46.0-255,66,88283,50,211894
35136,0.001411,74.125.24.0-255,1484,89767,50,211894
35137,0.001428,74.125.24.0-255,4320,94087,50,211894
35138,0.00143,172.31.46.0-255,66,94153,50,211894
35139,0.001435,74.125.24.0-255,4320,98473,50,211894
35140,0.001437,172.31.46.0-255,66,98539,50,211894
35141,0.001489,74.125.24.0-255,2902,101441,50,211894
35142,0.001492,172.31.46.0-255,66,101507,50,211894
35143,0.001515,172.31.46.0-255,66,101573,50,211894
35144,0.001566,172.31.46.0-255,66,101639,50,211894
35145,0.001722,74.125.24.0-255,1484,103123,50,211894
35146,0.00176,74.125.24.0-255,2902,106025,50,211894
35147,0.001765,172.31.46.0-255,66,106091,50,211894
35148,0.00177,74.125.24.0-255,2902,108993,50,211894
35149,0.001772,172.31.46.0-255,66,109059,50,211894
35150,0.001788,74.125.24.0-255,2902,111961,50,211894
35151,0.00179,172.31.46.0-255,66,112027,50,211894
35152,0.001793,74.125.24.0-255,1484,113511,50,211894
35153,0.001808,74.125.24.0-255,2902,116413,50,211894
35154,0.001811,172.31.46.0-255,66,116479,50,211894
35155,0.001831,74.125.24.0-255,5738,122217,50,211894
35156,0.001833,172.31.46.0-255,66,122283,50,211894
35157,0.001867,172.31.46.0-255,66,122349,50,211894
35158,0.001869,74.125.24.0-255,1484,123833,50,211894
35159,0.001901,172.31.46.0-255,66,123899,50,211894
35160,0.001916,172.31.46.0-255,66,123965,50,211894
35161,0.001962,74.125.24.0-255,3602,127567,50,211894
35162,0.001964,172.31.46.0-255,66,127633,50,211894
35163,0.003886,74.125.24.0-255,1484,129117,50,211894
35164,0.003933,74.125.24.0-255,4320,133437,50,211894
35165,0.003937,172.31.46.0-255,66,133503,50,211894
35166,0.005896,74.125.24.0-255,5738,139241,50,211894
35167,0.0059,172.31.46.0-255,66,139307,50,211894
35168,0.007868,74.125.24.0-255,5738,145045,50,211894
35169,0.007875,172.31.46.0-255,66,145111,50,211894
35170,0.009849,74.125.24.0-255,5738,150849,50,211894
35171,0.009857,172.31.46.0-255,66,150915,50,211894
35172,0.011798,74.125.24.0-255,5738,156653,50,211894
35173,0.011805,172.31.46.0-255,66,156719,50,211894
35174,0.013756,74.125.24.0-255,5738,162457,50,211894
35175,0.013764,172.31.46.0-255,66,162523,50,211894
35176,0.015789,74.125.24.0-255,5738,168261,50,211894
35177,0.015797,172.31.46.0-255,66,168327,50,211894
35178,0.017779,74.125.24.0-255,5738,174065,50,211894
35179,0.017788,172.31.46.0-255,66,174131,50,211894
35180,0.01978,74.125.24.0-255,5738,179869,50,211894
35181,0.019789,172.31.46.0-255,66,179935,50,211894
35182,0.021771,74.125.24.0-255,5738,185673,50,211894
35183,0.021778,172.31.46.0-255,66,185739,50,211894
35184,0.023771,74.125.24.0-255,5738,191477,50,211894
35185,0.023779,172.31.46.0-255,66,191543,50,211894
35186,0.025747,74.125.24.0-255,5738,197281,50,211894
35187,0.025755,172.31.46.0-255,66,197347,50,211894
35188,0.027709,172.31.46.0-255,172,197519,50,211894
35189,0.027743,172.31.46.0-255,1112,198631,50,211894
35190,0.027758,74.125.24.0-255,4320,202951,50,211894
35191,0.027761,172.31.46.0-255,66,203017,50,211894
35192,0.027774,74.125.24.0-255,1484,204501,50,211894
35193,0.027861,172.31.46.0-255,1514,206015,50,211894
35194,0.027863,172.31.46.0-255,1295,207310,50,211894
35195,0.029284,104.244.42.0-255,66,207376,50,211894
35196,0.029331,104.244.42.0-255,66,207442,50,211894
35197,0.029411,104.244.42.0-255,66,207508,50,211894
35198,0.029711,74.125.24.0-255,4320,211828,50,211894
35199,0.029716,172.31.46.0-255,66,211894,50,211894
35200,0.0,172.217.27.0-255,150,150,50,268853
35201,3.4e-05,172.31.46.0-255,66,216,50,268853
35202,4.2e-05,172.217.27.0-255,1484,1700,50,268853
35203,4.6e-05,172.31.46.0-255,66,1766,50,268853
35204,6.6e-05,172.217.27.0-255,1484,3250,50,268853
35205,6.9e-05,172.31.46.0-255,66,3316,50,268853
35206,7.9e-05,172.217.27.0-255,2902,6218,50,268853
35207,8.2e-05,172.31.46.0-255,66,6284,50,268853
35208,8.5e-05,172.217.27.0-255,1484,7768,50,268853
35209,8.8e-05,172.217.27.0-255,2902,10670,50,268853
35210,8.9e-05,172.31.46.0-255,66,10736,50,268853
35211,9.3e-05,172.31.46.0-255,66,10802,50,268853
35212,0.000123,172.217.27.0-255,1484,12286,50,268853
35213,0.000126,172.31.46.0-255,66,12352,50,268853
35214,0.000129,172.217.27.0-255,1484,13836,50,268853
35215,0.000131,172.31.46.0-255,66,13902,50,268853
35216,0.000159,172.217.27.0-255,524,14426,50,268853
35217,0.000162,172.31.46.0-255,66,14492,50,268853
35218,0.000325,172.217.27.0-255,1484,15976,50,268853
35219,0.00033,172.31.46.0-255,66,16042,50,268853
35220,0.000336,172.217.27.0-255,2902,18944,50,268853
35221,0.000338,172.31.46.0-255,66,19010,50,268853
35222,0.000341,172.217.27.0-255,1484,20494,50,268853
35223,0.000349,172.31.46.0-255,66,20560,50,268853
35224,0.000382,172.217.27.0-255,2902,23462,50,268853
35225,0.000386,172.31.46.0-255,66,23528,50,268853
35226,0.000393,172.217.27.0-255,7156,30684,50,268853
35227,0.000396,172.31.46.0-255,66,30750,50,268853
35228,0.000418,172.217.27.0-255,2543,33293,50,268853
35229,0.000421,172.31.46.0-255,66,33359,50,268853
35230,0.000435,172.217.27.0-255,4320,37679,50,268853
35231,0.000442,172.31.46.0-255,66,37745,50,268853
35232,0.000474,172.217.27.0-255,5738,43483,50,268853
35233,0.000478,172.31.46.0-255,66,43549,50,268853
35234,0.000483,172.217.27.0-255,5738,49287,50,268853
35235,0.000488,172.31.46.0-255,66,49353,50,268853
35236,0.00049,172.217.27.0-255,7156,56509,50,268853
35237,0.000493,172.31.46.0-255,66,56575,50,268853
35238,0.000504,172.31.46.0-255,66,56641,50,268853
35239,0.000529,172.217.27.0-255,394,57035,50,268853
35240,0.000845,172.31.46.0-255,66,57101,50,268853
35241,0.000924,172.217.27.0-255,115,57216,50,268853
35242,0.000955,172.31.46.0-255,66,57282,50,268853
35243,0.001542,172.217.27.0-255,1484,58766,50,268853
35244,0.001551,172.217.27.0-255,2902,61668,50,268853
35245,0.001556,172.31.46.0-255,66,61734,50,268853
35246,0.001563,172.217.27.0-255,5738,67472,50,268853
35247,0.001565,172.31.46.0-255,66,67538,50,268853
35248,0.001576,172.217.27.0-255,2902,70440,50,268853
35249,0.001579,172.31.46.0-255,66,70506,50,268853
35250,0.001599,172.217.27.0-255,1484,71990,50,268853
35251,0.001611,172.217.27.0-255,5738,77728,50,268853
35252,0.001614,172.31.46.0-255,66,77794,50,268853
35253,0.001641,172.217.27.0-255,1484,79278,50,268853
35254,0.001646,172.217.27.0-255,2902,82180,50,268853
35255,0.001648,172.31.46.0-255,66,82246,50,268853
35256,0.001685,172.217.27.0-255,5738,87984,50,268853
35257,0.001688,172.31.46.0-255,66,88050,50,268853
35258,0.001692,172.217.27.0-255,1484,89534,50,268853
35259,0.001695,172.217.27.0-255,2184,91718,50,268853
35260,0.001697,172.31.46.0-255,66,91784,50,268853
35261,0.001797,172.217.27.0-255,1484,93268,50,268853
35262,0.00181,172.217.27.0-255,2902,96170,50,268853
35263,0.001813,172.31.46.0-255,66,96236,50,268853
35264,0.001817,172.217.27.0-255,1484,97720,50,268853
35265,0.001841,172.217.27.0-255,2902,100622,50,268853
35266,0.001845,172.31.46.0-255,66,100688,50,268853
35267,0.001871,172.217.27.0-255,4320,105008,50,268853
35268,0.001884,172.31.46.0-255,66,105074,50,268853
35269,0.001907,172.217.27.0-255,1484,106558,50,268853
35270,0.00191,172.217.27.0-255,1484,108042,50,268853
35271,0.001912,172.31.46.0-255,66,108108,50,268853
35272,0.001916,172.217.27.0-255,2902,111010,50,268853
35273,0.001918,172.31.46.0-255,66,111076,50,268853
35274,0.001924,172.217.27.0-255,5738,116814,50,268853
35275,0.001926,172.31.46.0-255,66,116880,50,268853
35276,0.001971,172.217.27.0-255,4320,121200,50,268853
35277,0.001974,172.31.46.0-255,66,121266,50,268853
35278,0.001998,172.217.27.0-255,2902,124168,50,268853
35279,0.002,172.31.46.0-255,66,124234,50,268853
35280,0.002003,172.217.27.0-255,1484,125718,50,268853
35281,0.002005,172.217.27.0-255,766,126484,50,268853
35282,0.002007,172.31.46.0-255,66,126550,50,268853
35283,0.002048,172.217.27.0-255,1484,128034,50,268853
35284,0.002052,172.217.27.0-255,2902,130936,50,268853
35285,0.002055,172.31.46.0-255,66,131002,50,268853
35286,0.002061,172.217.27.0-255,5738,136740,50,268853
35287,0.002063,172.31.46.0-255,66,136806,50,268853
35288,0.002092,172.217.27.0-255,5738,142544,50,268853
35289,0.002095,172.31.46.0-255,66,142610,50,268853
35290,0.002123,172.217.27.0-255,5738,148348,50,268853
35291,0.002125,172.31.46.0-255,66,148414,50,268853
35292,0.002136,172.31.46.0-255,66,148480,50,268853
35293,0.002169,172.217.27.0-255,2184,150664,50,268853
35294,0.002172,172.31.46.0-255,66,150730,50,268853
35295,0.002511,172.217.27.0-255,1484,152214,50,268853
35296,0.002515,172.217.27.0-255,1484,153698,50,268853
35297,0.002518,172.31.46.0-255,66,153764,50,268853
35298,0.002546,172.217.27.0-255,1484,155248,50,268853
35299,0.002552,172.217.27.0-255,5738,160986,50,268853
35300,0.002554,172.31.46.0-255,66,161052,50,268853
35301,0.002561,172.217.27.0-255,7156,168208,50,268853
35302,0.002563,172.31.46.0-255,66,168274,50,268853
35303,0.00259,172.217.27.0-255,5738,174012,50,268853
35304,0.002593,172.31.46.0-255,66,174078,50,268853
35305,0.002608,172.31.46.0-255,66,174144,50,268853
35306,0.003027,172.217.27.0-255,1484,175628,50,268853
35307,0.003031,172.217.27.0-255,1484,177112,50,268853
35308,0.003034,172.31.46.0-255,66,177178,50,268853
35309,0.003046,172.217.27.0-255,1484,178662,50,268853
35310,0.003052,172.217.27.0-255,1484,180146,50,268853
35311,0.003054,172.31.46.0-255,66,180212,50,268853
35312,0.003059,172.217.27.0-255,2902,183114,50,268853
35313,0.00306,172.31.46.0-255,66,183180,50,268853
35314,0.003087,172.217.27.0-255,5738,188918,50,268853
35315,0.003089,172.31.46.0-255,66,188984,50,268853
35316,0.003092,172.217.27.0-255,1484,190468,50,268853
35317,0.003118,172.31.46.0-255,66,190534,50,268853
35318,0.003125,172.217.27.0-255,6438,196972,50,268853
35319,0.003127,172.31.46.0-255,66,197038,50,268853
35320,0.003131,172.217.27.0-255,2902,199940,50,268853
35321,0.003133,172.31.46.0-255,66,200006,50,268853
35322,0.003169,172.217.27.0-255,4320,204326,50,268853
35323,0.003199,172.31.46.0-255,66,204392,50,268853
35324,0.003202,172.31.46.0-255,66,204458,50,268853
35325,0.003228,172.217.27.0-255,1484,205942,50,268853
35326,0.003244,172.31.46.0-255,66,206008,50,268853
35327,0.003247,172.217.27.0-255,766,206774,50,268853
35328,0.003254,172.217.27.0-255,7156,213930,50,268853
35329,0.003256,172.31.46.0-255,66,213996,50,268853
35330,0.003259,172.217.27.0-255,1484,215480,50,268853
35331,0.003261,172.217.27.0-255,1484,216964,50,268853
35332,0.003263,172.31.46.0-255,66,217030,50,268853
35333,0.003268,172.217.27.0-255,4320,221350,50,268853
35334,0.003271,172.31.46.0-255,66,221416,50,268853
35335,0.003278,172.217.27.0-255,7156,228572,50,268853
35336,0.003281,172.31.46.0-255,66,228638,50,268853
35337,0.003297,172.31.46.0-255,66,228704,50,268853
35338,0.003317,172.217.27.0-255,1484,230188,50,268853
35339,0.003321,172.217.27.0-255,1484,231672,50,268853
35340,0.003324,172.217.27.0-255,2902,234574,50,268853
35341,0.003329,172.31.46.0-255,66,234640,50,268853
35342,0.003344,172.31.46.0-255,66,234706,50,268853
35343,0.003351,172.217.27.0-255,5738,240444,50,268853
35344,0.003354,172.31.46.0-255,66,240510,50,268853
35345,0.003358,172.217.27.0-255,2902,243412,50,268853
35346,0.00336,172.31.46.0-255,66,243478,50,268853
35347,0.003396,172.31.46.0-255,66,243544,50,268853
35348,0.003404,172.217.27.0-255,7156,250700,50,268853
35349,0.003406,172.31.46.0-255,66,250766,50,268853
35350,0.003446,172.31.46.0-255,66,250832,50,268853
35351,0.003477,172.31.46.0-255,66,250898,50,268853
35352,0.00349,172.31.46.0-255,66,250964,50,268853
35353,0.003492,172.217.27.0-255,1484,252448,50,268853
35354,0.003495,172.217.27.0-255,766,253214,50,268853
35355,0.003497,172.31.46.0-255,66,253280,50,268853
35356,0.003502,172.217.27.0-255,4320,257600,50,268853
35357,0.003505,172.31.46.0-255,66,257666,50,268853
35358,0.003511,172.217.27.0-255,5738,263404,50,268853
35359,0.003514,172.31.46.0-255,66,263470,50,268853
35360,0.003518,172.217.27.0-255,1484,264954,50,268853
35361,0.003566,172.31.46.0-255,66,265020,50,268853
35362,0.003578,172.31.46.0-255,66,265086,50,268853
35363,0.003588,172.217.27.0-255,97,265183,50,268853
35364,0.003627,172.31.46.0-255,66,265249,50,268853
35365,0.003643,172.217.27.0-255,105,265354,50,268853
35366,0.005154,172.31.46.0-255,66,265420,50,268853
35367,0.005183,172.31.46.0-255,105,265525,50,268853
35368,0.006769,172.217.27.0-255,66,265591,50,268853
35369,0.028348,172.31.46.0-255,172,265763,50,268853
35370,0.028382,172.31.46.0-255,1112,266875,50,268853
35371,0.028452,172.31.46.0-255,1514,268389,50,268853
35372,0.028454,172.31.46.0-255,332,268721,50,268853
35373,0.029902,104.244.42.0-255,66,268787,50,268853
35374,0.029933,104.244.42.0-255,66,268853,50,268853
35375,0.0,74.125.68.0-255,146,146,50,214772
35376,1.5e-05,172.31.46.0-255,66,212,50,214772
35377,2.2e-05,74.125.68.0-255,1484,1696,50,214772
35378,2.6e-05,172.31.46.0-255,66,1762,50,214772
35379,2.9e-05,74.125.68.0-255,1484,3246,50,214772
35380,3.2e-05,172.31.46.0-255,66,3312,50,214772
35381,3.9e-05,74.125.68.0-255,2902,6214,50,214772
35382,4.1e-05,172.31.46.0-255,66,6280,50,214772
35383,6.9e-05,74.125.68.0-255,5738,12018,50,214772
35384,7.2e-05,172.31.46.0-255,66,12084,50,214772
35385,7.6e-05,74.125.68.0-255,2004,14088,50,214772
35386,7.8e-05,172.31.46.0-255,66,14154,50,214772
35387,0.000127,74.125.68.0-255,1484,15638,50,214772
35388,0.00013,172.31.46.0-255,66,15704,50,214772
35389,0.000134,74.125.68.0-255,1484,17188,50,214772
35390,0.000136,172.31.46.0-255,66,17254,50,214772
35391,0.000148,74.125.68.0-255,1484,18738,50,214772
35392,0.00015,172.31.46.0-255,66,18804,50,214772
35393,0.000168,74.125.68.0-255,4320,23124,50,214772
35394,0.000173,172.31.46.0-255,66,23190,50,214772
35395,0.000186,74.125.68.0-255,1484,24674,50,214772
35396,0.000188,172.31.46.0-255,66,24740,50,214772
35397,0.000191,74.125.68.0-255,1484,26224,50,214772
35398,0.000193,172.31.46.0-255,66,26290,50,214772
35399,0.000197,74.125.68.0-255,2902,29192,50,214772
35400,0.0002,172.31.46.0-255,66,29258,50,214772
35401,0.000248,74.125.68.0-255,2543,31801,50,214772
35402,0.000251,172.31.46.0-255,66,31867,50,214772
35403,0.000518,74.125.68.0-255,1484,33351,50,214772
35404,0.000524,172.31.46.0-255,66,33417,50,214772
35405,0.000529,74.125.68.0-255,1484,34901,50,214772
35406,0.000531,172.31.46.0-255,66,34967,50,214772
35407,0.000534,74.125.68.0-255,1484,36451,50,214772
35408,0.000559,74.125.68.0-255,1484,37935,50,214772
35409,0.000565,74.125.68.0-255,5738,43673,50,214772
35410,0.000569,172.31.46.0-255,66,43739,50,214772
35411,0.000573,172.31.46.0-255,66,43805,50,214772
35412,0.00059,74.125.68.0-255,5379,49184,50,214772
35413,0.000593,172.31.46.0-255,66,49250,50,214772
35414,0.000661,74.125.68.0-255,1484,50734,50,214772
35415,0.000674,74.125.68.0-255,2902,53636,50,214772
35416,0.000678,172.31.46.0-255,66,53702,50,214772
35417,0.000681,74.125.68.0-255,1484,55186,50,214772
35418,0.000699,74.125.68.0-255,2902,58088,50,214772
35419,0.000701,172.31.46.0-255,66,58154,50,214772
35420,0.000718,74.125.68.0-255,1484,59638,50,214772
35421,0.000737,74.125.68.0-255,7129,66767,50,214772
35422,0.000741,172.31.46.0-255,66,66833,50,214772
35423,0.00077,74.125.68.0-255,110,66943,50,214772
35424,0.000806,74.125.68.0-255,331,67274,50,214772
35425,0.000982,74.125.68.0-255,1484,68758,50,214772
35426,0.000987,172.31.46.0-255,66,68824,50,214772
35427,0.001008,74.125.68.0-255,2902,71726,50,214772
35428,0.001011,172.31.46.0-255,66,71792,50,214772
35429,0.001033,74.125.68.0-255,5738,77530,50,214772
35430,0.001036,172.31.46.0-255,66,77596,50,214772
35431,0.001039,74.125.68.0-255,1484,79080,50,214772
35432,0.00105,74.125.68.0-255,1484,80564,50,214772
35433,0.001052,172.31.46.0-255,66,80630,50,214772
35434,0.001073,74.125.68.0-255,1484,82114,50,214772
35435,0.001089,74.125.68.0-255,2543,84657,50,214772
35436,0.001109,172.31.46.0-255,66,84723,50,214772
35437,0.001134,74.125.68.0-255,1484,86207,50,214772
35438,0.00116,74.125.68.0-255,2902,89109,50,214772
35439,0.001163,172.31.46.0-255,66,89175,50,214772
35440,0.001188,74.125.68.0-255,5738,94913,50,214772
35441,0.00119,172.31.46.0-255,66,94979,50,214772
35442,0.001208,74.125.68.0-255,1484,96463,50,214772
35443,0.001224,74.125.68.0-255,5379,101842,50,214772
35444,0.001227,172.31.46.0-255,66,101908,50,214772
35445,0.001467,74.125.68.0-255,1484,103392,50,214772
35446,0.001488,74.125.68.0-255,2902,106294,50,214772
35447,0.001492,172.31.46.0-255,66,106360,50,214772
35448,0.001496,74.125.68.0-255,1484,107844,50,214772
35449,0.0015,74.125.68.0-255,2902,110746,50,214772
35450,0.001502,172.31.46.0-255,66,110812,50,214772
35451,0.001529,74.125.68.0-255,5738,116550,50,214772
35452,0.001532,172.31.46.0-255,66,116616,50,214772
35453,0.001579,172.31.46.0-255,66,116682,50,214772
35454,0.001591,172.31.46.0-255,66,116748,50,214772
35455,0.001594,74.125.68.0-255,766,117514,50,214772
35456,0.001934,172.31.46.0-255,66,117580,50,214772
35457,0.002026,74.125.68.0-255,1484,119064,50,214772
35458,0.002034,74.125.68.0-255,2902,121966,50,214772
35459,0.002037,172.31.46.0-255,66,122032,50,214772
35460,0.002041,74.125.68.0-255,1484,123516,50,214772
35461,0.002069,74.125.68.0-255,2902,126418,50,214772
35462,0.002071,172.31.46.0-255,66,126484,50,214772
35463,0.002089,74.125.68.0-255,2902,129386,50,214772
35464,0.002091,172.31.46.0-255,66,129452,50,214772
35465,0.002119,74.125.68.0-255,1484,130936,50,214772
35466,0.002142,172.31.46.0-255,66,131002,50,214772
35467,0.002154,172.31.46.0-255,66,131068,50,214772
35468,0.002157,74.125.68.0-255,766,131834,50,214772
35469,0.002248,74.125.68.0-255,1484,133318,50,214772
35470,0.002252,172.31.46.0-255,66,133384,50,214772
35471,0.002258,74.125.68.0-255,2902,136286,50,214772
35472,0.00226,172.31.46.0-255,66,136352,50,214772
35473,0.002287,74.125.68.0-255,5738,142090,50,214772
35474,0.00229,172.31.46.0-255,66,142156,50,214772
35475,0.002295,74.125.68.0-255,2902,145058,50,214772
35476,0.002297,172.31.46.0-255,66,145124,50,214772
35477,0.004555,74.125.68.0-255,5738,150862,50,214772
35478,0.004562,172.31.46.0-255,66,150928,50,214772
35479,0.006828,74.125.68.0-255,5738,156666,50,214772
35480,0.006834,172.31.46.0-255,66,156732,50,214772
35481,0.009097,74.125.68.0-255,5738,162470,50,214772
35482,0.009103,172.31.46.0-255,66,162536,50,214772
35483,0.011386,74.125.68.0-255,5738,168274,50,214772
35484,0.011394,172.31.46.0-255,66,168340,50,214772
35485,0.013672,74.125.68.0-255,5738,174078,50,214772
35486,0.01368,172.31.46.0-255,66,174144,50,214772
35487,0.015959,74.125.68.0-255,5738,179882,50,214772
35488,0.015968,172.31.46.0-255,66,179948,50,214772
35489,0.018244,74.125.68.0-255,5738,185686,50,214772
35490,0.018252,172.31.46.0-255,66,185752,50,214772
35491,0.020535,74.125.68.0-255,5738,191490,50,214772
35492,0.020544,172.31.46.0-255,66,191556,50,214772
35493,0.022819,74.125.68.0-255,5738,197294,50,214772
35494,0.022826,172.31.46.0-255,66,197360,50,214772
35495,0.025093,74.125.68.0-255,5738,203098,50,214772
35496,0.0251,172.31.46.0-255,66,203164,50,214772
35497,0.027372,74.125.68.0-255,5738,208902,50,214772
35498,0.02738,172.31.46.0-255,66,208968,50,214772
35499,0.029658,74.125.68.0-255,5738,214706,50,214772
35500,0.029663,172.31.46.0-255,66,214772,50,214772
35501,0.0,74.125.24.0-255,150,150,50,191512
35502,2e-05,172.31.46.0-255,66,216,50,191512
35503,2.6e-05,74.125.24.0-255,1484,1700,50,191512
35504,3.1e-05,172.31.46.0-255,66,1766,50,191512
35505,3.6e-05,74.125.24.0-255,2902,4668,50,191512
35506,4e-05,172.31.46.0-255,66,4734,50,191512
35507,4.6e-05,74.125.24.0-255,5738,10472,50,191512
35508,4.9e-05,172.31.46.0-255,66,10538,50,191512
35509,8.6e-05,172.31.46.0-255,66,10604,50,191512
35510,0.000106,74.125.24.0-255,1975,12579,50,191512
35511,0.000108,172.31.46.0-255,66,12645,50,191512
35512,0.000114,74.125.24.0-255,5738,18383,50,191512
35513,0.000116,172.31.46.0-255,66,18449,50,191512
35514,0.000118,74.125.24.0-255,1125,19574,50,191512
35515,0.00012,172.31.46.0-255,66,19640,50,191512
35516,0.000177,74.125.24.0-255,1484,21124,50,191512
35517,0.00018,172.31.46.0-255,66,21190,50,191512
35518,0.000196,74.125.24.0-255,2902,24092,50,191512
35519,0.000199,172.31.46.0-255,66,24158,50,191512
35520,0.000205,74.125.24.0-255,5738,29896,50,191512
35521,0.000207,172.31.46.0-255,66,29962,50,191512
35522,0.000242,172.31.46.0-255,66,30028,50,191512
35523,0.000248,74.125.24.0-255,7156,37184,50,191512
35524,0.000251,172.31.46.0-255,66,37250,50,191512
35525,0.000287,74.125.24.0-255,2843,40093,50,191512
35526,0.000289,172.31.46.0-255,66,40159,50,191512
35527,0.000322,74.125.24.0-255,379,40538,50,191512
35528,0.000324,172.31.46.0-255,66,40604,50,191512
35529,0.000801,74.125.24.0-255,1484,42088,50,191512
35530,0.000806,172.31.46.0-255,66,42154,50,191512
35531,0.000812,74.125.24.0-255,2902,45056,50,191512
35532,0.000818,74.125.24.0-255,2902,47958,50,191512
35533,0.000834,74.125.24.0-255,2902,50860,50,191512
35534,0.000836,74.125.24.0-255,1484,52344,50,191512
35535,0.000845,172.31.46.0-255,66,52410,50,191512
35536,0.000856,74.125.24.0-255,5379,57789,50,191512
35537,0.000861,172.31.46.0-255,66,57855,50,191512
35538,0.000916,172.31.46.0-255,66,57921,50,191512
35539,0.000929,74.125.24.0-255,5738,63659,50,191512
35540,0.000954,172.31.46.0-255,66,63725,50,191512
35541,0.000982,172.31.46.0-255,66,63791,50,191512
35542,0.001433,74.125.24.0-255,1484,65275,50,191512
35543,0.00144,74.125.24.0-255,2902,68177,50,191512
35544,0.001443,172.31.46.0-255,66,68243,50,191512
35545,0.001448,74.125.24.0-255,2902,71145,50,191512
35546,0.001455,172.31.46.0-255,66,71211,50,191512
35547,0.001466,74.125.24.0-255,2902,74113,50,191512
35548,0.001504,74.125.24.0-255,7156,81269,50,191512
35549,0.001509,172.31.46.0-255,66,81335,50,191512
35550,0.001516,74.125.24.0-255,1484,82819,50,191512
35551,0.001568,74.125.24.0-255,2902,85721,50,191512
35552,0.001582,172.31.46.0-255,66,85787,50,191512
35553,0.0016,74.125.24.0-255,5020,90807,50,191512
35554,0.001644,74.125.24.0-255,4320,95127,50,191512
35555,0.001655,172.31.46.0-255,66,95193,50,191512
35556,0.00168,74.125.24.0-255,6438,101631,50,191512
35557,0.001702,172.31.46.0-255,66,101697,50,191512
35558,0.001889,74.125.24.0-255,1484,103181,50,191512
35559,0.001894,74.125.24.0-255,1484,104665,50,191512
35560,0.0019,172.31.46.0-255,66,104731,50,191512
35561,0.001916,74.125.24.0-255,1484,106215,50,191512
35562,0.001923,74.125.24.0-255,5738,111953,50,191512
35563,0.001927,74.125.24.0-255,2902,114855,50,191512
35564,0.001933,172.31.46.0-255,66,114921,50,191512
35565,0.001961,74.125.24.0-255,2902,117823,50,191512
35566,0.001991,172.31.46.0-255,66,117889,50,191512
35567,0.002033,74.125.24.0-255,1484,119373,50,191512
35568,0.002038,74.125.24.0-255,2902,122275,50,191512
35569,0.002053,172.31.46.0-255,66,122341,50,191512
35570,0.002064,74.125.24.0-255,5738,128079,50,191512
35571,0.002069,74.125.24.0-255,5738,133817,50,191512
35572,0.002077,172.31.46.0-255,66,133883,50,191512
35573,0.002104,74.125.24.0-255,4320,138203,50,191512
35574,0.002147,74.125.24.0-255,4320,142523,50,191512
35575,0.002172,74.125.24.0-255,1484,144007,50,191512
35576,0.002241,74.125.24.0-255,1484,145491,50,191512
35577,0.002244,74.125.24.0-255,1484,146975,50,191512
35578,0.002264,74.125.24.0-255,1484,148459,50,191512
35579,0.002271,74.125.24.0-255,5738,154197,50,191512
35580,0.002282,74.125.24.0-255,1484,155681,50,191512
35581,0.002309,74.125.24.0-255,1484,157165,50,191512
35582,0.002323,74.125.24.0-255,4320,161485,50,191512
35583,0.002364,74.125.24.0-255,2902,164387,50,191512
35584,0.002381,74.125.24.0-255,2184,166571,50,191512
35585,0.002405,74.125.24.0-255,2902,169473,50,191512
35586,0.002429,74.125.24.0-255,2902,172375,50,191512
35587,0.002435,74.125.24.0-255,4320,176695,50,191512
35588,0.002442,74.125.24.0-255,7156,183851,50,191512
35589,0.002454,74.125.24.0-255,4320,188171,50,191512
35590,0.002534,74.125.24.0-255,2902,191073,50,191512
35591,0.002859,172.31.46.0-255,66,191139,50,191512
35592,0.005456,74.125.24.0-255,136,191275,50,191512
35593,0.00951,172.31.46.0-255,66,191341,50,191512
35594,0.009552,172.31.46.0-255,105,191446,50,191512
35595,0.01209,74.125.24.0-255,66,191512,50,191512
35596,0.0,74.125.24.0-255,152,152,50,186378
35597,2.1e-05,172.31.46.0-255,66,218,50,186378
35598,2.8e-05,74.125.24.0-255,1484,1702,50,186378
35599,3.2e-05,172.31.46.0-255,66,1768,50,186378
35600,3.8e-05,74.125.24.0-255,2902,4670,50,186378
35601,4.1e-05,172.31.46.0-255,66,4736,50,186378
35602,4.9e-05,74.125.24.0-255,7156,11892,50,186378
35603,5.2e-05,172.31.46.0-255,66,11958,50,186378
35604,5.6e-05,74.125.24.0-255,2082,14040,50,186378
35605,5.9e-05,172.31.46.0-255,66,14106,50,186378
35606,8.8e-05,74.125.24.0-255,2902,17008,50,186378
35607,9.1e-05,172.31.46.0-255,66,17074,50,186378
35608,9.6e-05,74.125.24.0-255,4320,21394,50,186378
35609,9.9e-05,172.31.46.0-255,66,21460,50,186378
35610,0.000114,74.125.24.0-255,2902,24362,50,186378
35611,0.000116,172.31.46.0-255,66,24428,50,186378
35612,0.000122,74.125.24.0-255,5738,30166,50,186378
35613,0.000125,172.31.46.0-255,66,30232,50,186378
35614,0.000145,74.125.24.0-255,1125,31357,50,186378
35615,0.000148,172.31.46.0-255,66,31423,50,186378
35616,0.000224,74.125.24.0-255,1484,32907,50,186378
35617,0.000227,172.31.46.0-255,66,32973,50,186378
35618,0.000233,74.125.24.0-255,2902,35875,50,186378
35619,0.000235,172.31.46.0-255,66,35941,50,186378
35620,0.000239,74.125.24.0-255,2902,38843,50,186378
35621,0.000242,172.31.46.0-255,66,38909,50,186378
35622,0.000273,74.125.24.0-255,2902,41811,50,186378
35623,0.000276,172.31.46.0-255,66,41877,50,186378
35624,0.000283,74.125.24.0-255,5738,47615,50,186378
35625,0.000285,172.31.46.0-255,66,47681,50,186378
35626,0.000297,172.31.46.0-255,66,47747,50,186378
35627,0.000333,74.125.24.0-255,3961,51708,50,186378
35628,0.000335,172.31.46.0-255,66,51774,50,186378
35629,0.000342,74.125.24.0-255,3961,55735,50,186378
35630,0.000344,172.31.46.0-255,66,55801,50,186378
35631,0.000346,74.125.24.0-255,400,56201,50,186378
35632,0.000414,74.125.24.0-255,109,56310,50,186378
35633,0.000441,74.125.24.0-255,331,56641,50,186378
35634,0.00091,172.31.46.0-255,66,56707,50,186378
35635,0.001861,74.125.24.0-255,1484,58191,50,186378
35636,0.001871,74.125.24.0-255,2902,61093,50,186378
35637,0.001875,172.31.46.0-255,66,61159,50,186378
35638,0.00192,74.125.24.0-255,5738,66897,50,186378
35639,0.001922,172.31.46.0-255,66,66963,50,186378
35640,0.001932,172.31.46.0-255,66,67029,50,186378
35641,0.001937,74.125.24.0-255,2902,69931,50,186378
35642,0.001938,172.31.46.0-255,66,69997,50,186378
35643,0.00199,172.31.46.0-255,66,70063,50,186378
35644,0.001993,74.125.24.0-255,1484,71547,50,186378
35645,0.002013,74.125.24.0-255,2902,74449,50,186378
35646,0.002015,172.31.46.0-255,66,74515,50,186378
35647,0.002021,74.125.24.0-255,5738,80253,50,186378
35648,0.002023,172.31.46.0-255,66,80319,50,186378
35649,0.002028,74.125.24.0-255,5738,86057,50,186378
35650,0.00203,172.31.46.0-255,66,86123,50,186378
35651,0.002052,74.125.24.0-255,4320,90443,50,186378
35652,0.002054,172.31.46.0-255,66,90509,50,186378
35653,0.002084,172.31.46.0-255,66,90575,50,186378
35654,0.002097,172.31.46.0-255,66,90641,50,186378
35655,0.0021,74.125.24.0-255,2902,93543,50,186378
35656,0.002102,172.31.46.0-255,66,93609,50,186378
35657,0.002144,172.31.46.0-255,66,93675,50,186378
35658,0.002156,172.31.46.0-255,66,93741,50,186378
35659,0.002183,74.125.24.0-255,7156,100897,50,186378
35660,0.002185,172.31.46.0-255,66,100963,50,186378
35661,0.00221,74.125.24.0-255,7156,108119,50,186378
35662,0.002213,172.31.46.0-255,66,108185,50,186378
35663,0.002218,74.125.24.0-255,5738,113923,50,186378
35664,0.00222,172.31.46.0-255,66,113989,50,186378
35665,0.002238,74.125.24.0-255,4320,118309,50,186378
35666,0.00224,172.31.46.0-255,66,118375,50,186378
35667,0.002267,172.31.46.0-255,66,118441,50,186378
35668,0.004627,74.125.24.0-255,5738,124179,50,186378
35669,0.004631,172.31.46.0-255,66,124245,50,186378
35670,0.006991,74.125.24.0-255,5738,129983,50,186378
35671,0.006998,172.31.46.0-255,66,130049,50,186378
35672,0.009386,74.125.24.0-255,5738,135787,50,186378
35673,0.0094,172.31.46.0-255,66,135853,50,186378
35674,0.011763,74.125.24.0-255,5738,141591,50,186378
35675,0.011778,172.31.46.0-255,66,141657,50,186378
35676,0.014166,74.125.24.0-255,5738,147395,50,186378
35677,0.014184,172.31.46.0-255,66,147461,50,186378
35678,0.016558,74.125.24.0-255,5738,153199,50,186378
35679,0.016571,172.31.46.0-255,66,153265,50,186378
35680,0.018944,74.125.24.0-255,5738,159003,50,186378
35681,0.018954,172.31.46.0-255,66,159069,50,186378
35682,0.02132,74.125.24.0-255,5738,164807,50,186378
35683,0.021329,172.31.46.0-255,66,164873,50,186378
35684,0.023748,74.125.24.0-255,5738,170611,50,186378
35685,0.023759,172.31.46.0-255,66,170677,50,186378
35686,0.026152,74.125.24.0-255,5738,176415,50,186378
35687,0.026165,172.31.46.0-255,66,176481,50,186378
35688,0.028536,74.125.24.0-255,5738,182219,50,186378
35689,0.028546,172.31.46.0-255,66,182285,50,186378
35690,0.029248,172.31.46.0-255,172,182457,50,186378
35691,0.02928,172.31.46.0-255,1113,183570,50,186378
35692,0.029364,172.31.46.0-255,1514,185084,50,186378
35693,0.029366,172.31.46.0-255,1294,186378,50,186378
35694,0.0,172.217.27.0-255,150,150,50,245152
35695,2.1e-05,172.31.46.0-255,66,216,50,245152
35696,2.9e-05,172.217.27.0-255,1484,1700,50,245152
35697,3.4e-05,172.31.46.0-255,66,1766,50,245152
35698,4e-05,172.217.27.0-255,2902,4668,50,245152
35699,4.4e-05,172.31.46.0-255,66,4734,50,245152
35700,4.9e-05,172.217.27.0-255,2902,7636,50,245152
35701,5.3e-05,172.31.46.0-255,66,7702,50,245152
35702,8.4e-05,172.217.27.0-255,1484,9186,50,245152
35703,8.8e-05,172.31.46.0-255,66,9252,50,245152
35704,9.5e-05,172.217.27.0-255,4808,14060,50,245152
35705,9.8e-05,172.31.46.0-255,66,14126,50,245152
35706,0.000104,172.217.27.0-255,4320,18446,50,245152
35707,0.000107,172.31.46.0-255,66,18512,50,245152
35708,0.000131,172.217.27.0-255,4320,22832,50,245152
35709,0.000134,172.31.46.0-255,66,22898,50,245152
35710,0.000156,172.217.27.0-255,7156,30054,50,245152
35711,0.000159,172.31.46.0-255,66,30120,50,245152
35712,0.000172,172.217.27.0-255,1125,31245,50,245152
35713,0.000185,172.31.46.0-255,66,31311,50,245152
35714,0.00028,172.217.27.0-255,1484,32795,50,245152
35715,0.000285,172.31.46.0-255,66,32861,50,245152
35716,0.00029,172.217.27.0-255,2902,35763,50,245152
35717,0.000292,172.31.46.0-255,66,35829,50,245152
35718,0.000295,172.217.27.0-255,1484,37313,50,245152
35719,0.000297,172.31.46.0-255,66,37379,50,245152
35720,0.000322,172.217.27.0-255,2902,40281,50,245152
35721,0.000324,172.31.46.0-255,66,40347,50,245152
35722,0.000331,172.217.27.0-255,5738,46085,50,245152
35723,0.000333,172.31.46.0-255,66,46151,50,245152
35724,0.000368,172.217.27.0-255,4320,50471,50,245152
35725,0.000371,172.31.46.0-255,66,50537,50,245152
35726,0.000384,172.217.27.0-255,5738,56275,50,245152
35727,0.000387,172.31.46.0-255,66,56341,50,245152
35728,0.000411,172.217.27.0-255,1484,57825,50,245152
35729,0.000428,172.217.27.0-255,7156,64981,50,245152
35730,0.000431,172.31.46.0-255,66,65047,50,245152
35731,0.00045,172.217.27.0-255,766,65813,50,245152
35732,0.000461,172.217.27.0-255,361,66174,50,245152
35733,0.000656,172.217.27.0-255,136,66310,50,245152
35734,0.000908,172.217.27.0-255,1484,67794,50,245152
35735,0.000912,172.31.46.0-255,66,67860,50,245152
35736,0.000918,172.217.27.0-255,2902,70762,50,245152
35737,0.00092,172.31.46.0-255,66,70828,50,245152
35738,0.000923,172.217.27.0-255,1484,72312,50,245152
35739,0.000949,172.217.27.0-255,4320,76632,50,245152
35740,0.000952,172.31.46.0-255,66,76698,50,245152
35741,0.000966,172.217.27.0-255,4320,81018,50,245152
35742,0.000969,172.31.46.0-255,66,81084,50,245152
35743,0.001003,172.31.46.0-255,66,81150,50,245152
35744,0.001043,172.217.27.0-255,1484,82634,50,245152
35745,0.001052,172.217.27.0-255,1484,84118,50,245152
35746,0.001055,172.31.46.0-255,66,84184,50,245152
35747,0.001076,172.217.27.0-255,2902,87086,50,245152
35748,0.001078,172.31.46.0-255,66,87152,50,245152
35749,0.001102,172.217.27.0-255,5020,92172,50,245152
35750,0.001105,172.31.46.0-255,66,92238,50,245152
35751,0.001163,172.217.27.0-255,1484,93722,50,245152
35752,0.001169,172.217.27.0-255,2902,96624,50,245152
35753,0.001171,172.31.46.0-255,66,96690,50,245152
35754,0.001175,172.217.27.0-255,1484,98174,50,245152
35755,0.001196,172.217.27.0-255,4320,102494,50,245152
35756,0.001199,172.31.46.0-255,66,102560,50,245152
35757,0.001205,172.217.27.0-255,4320,106880,50,245152
35758,0.001207,172.31.46.0-255,66,106946,50,245152
35759,0.001231,172.31.46.0-255,66,107012,50,245152
35760,0.001258,172.217.27.0-255,4320,111332,50,245152
35761,0.00126,172.31.46.0-255,66,111398,50,245152
35762,0.001295,172.31.46.0-255,66,111464,50,245152
35763,0.001383,172.217.27.0-255,2902,114366,50,245152
35764,0.001389,172.31.46.0-255,66,114432,50,245152
35765,0.001402,172.217.27.0-255,7156,121588,50,245152
35766,0.001404,172.31.46.0-255,66,121654,50,245152
35767,0.001441,172.31.46.0-255,66,121720,50,245152
35768,0.00147,172.31.46.0-255,66,121786,50,245152
35769,0.001574,172.217.27.0-255,4320,126106,50,245152
35770,0.001579,172.31.46.0-255,66,126172,50,245152
35771,0.001593,172.217.27.0-255,4320,130492,50,245152
35772,0.001597,172.31.46.0-255,66,130558,50,245152
35773,0.001606,172.217.27.0-255,2240,132798,50,245152
35774,0.001608,172.31.46.0-255,66,132864,50,245152
35775,0.001678,172.217.27.0-255,1484,134348,50,245152
35776,0.001684,172.217.27.0-255,2902,137250,50,245152
35777,0.001687,172.31.46.0-255,66,137316,50,245152
35778,0.001706,172.217.27.0-255,1484,138800,50,245152
35779,0.00172,172.217.27.0-255,4320,143120,50,245152
35780,0.001723,172.31.46.0-255,66,143186,50,245152
35781,0.001726,172.217.27.0-255,1484,144670,50,245152
35782,0.001747,172.217.27.0-255,7156,151826,50,245152
35783,0.001751,172.31.46.0-255,66,151892,50,245152
35784,0.003447,172.217.27.0-255,5738,157630,50,245152
35785,0.003454,172.31.46.0-255,66,157696,50,245152
35786,0.005107,172.217.27.0-255,2902,160598,50,245152
35787,0.005111,172.31.46.0-255,66,160664,50,245152
35788,0.005129,172.217.27.0-255,2902,163566,50,245152
35789,0.005131,172.31.46.0-255,66,163632,50,245152
35790,0.006805,172.217.27.0-255,2902,166534,50,245152
35791,0.006809,172.31.46.0-255,66,166600,50,245152
35792,0.006831,172.217.27.0-255,2902,169502,50,245152
35793,0.006833,172.31.46.0-255,66,169568,50,245152
35794,0.008455,172.217.27.0-255,2902,172470,50,245152
35795,0.008462,172.31.46.0-255,66,172536,50,245152
35796,0.008484,172.217.27.0-255,2902,175438,50,245152
35797,0.008487,172.31.46.0-255,66,175504,50,245152
35798,0.01017,172.217.27.0-255,5738,181242,50,245152
35799,0.010178,172.31.46.0-255,66,181308,50,245152
35800,0.01186,172.217.27.0-255,5738,187046,50,245152
35801,0.01187,172.31.46.0-255,66,187112,50,245152
35802,0.013609,172.217.27.0-255,5738,192850,50,245152
35803,0.013617,172.31.46.0-255,66,192916,50,245152
35804,0.015285,172.217.27.0-255,5738,198654,50,245152
35805,0.015294,172.31.46.0-255,66,198720,50,245152
35806,0.016982,172.217.27.0-255,5738,204458,50,245152
35807,0.01699,172.31.46.0-255,66,204524,50,245152
35808,0.01865,172.217.27.0-255,5738,210262,50,245152
35809,0.018657,172.31.46.0-255,66,210328,50,245152
35810,0.020323,172.217.27.0-255,5738,216066,50,245152
35811,0.02033,172.31.46.0-255,66,216132,50,245152
35812,0.021981,172.217.27.0-255,5738,221870,50,245152
35813,0.021988,172.31.46.0-255,66,221936,50,245152
35814,0.023653,172.217.27.0-255,5738,227674,50,245152
35815,0.023667,172.31.46.0-255,66,227740,50,245152
35816,0.02533,172.217.27.0-255,5738,233478,50,245152
35817,0.025337,172.31.46.0-255,66,233544,50,245152
35818,0.027013,172.217.27.0-255,5738,239282,50,245152
35819,0.027021,172.31.46.0-255,66,239348,50,245152
35820,0.02867,172.217.27.0-255,5738,245086,50,245152
35821,0.028678,172.31.46.0-255,66,245152,50,245152
35822,0.0,74.125.24.0-255,157,157,50,187207
35823,2.1e-05,172.31.46.0-255,66,223,50,187207
35824,2.9e-05,74.125.24.0-255,1484,1707,50,187207
35825,3.5e-05,172.31.46.0-255,66,1773,50,187207
35826,4.8e-05,74.125.24.0-255,2902,4675,50,187207
35827,5.2e-05,172.31.46.0-255,66,4741,50,187207
35828,6.1e-05,74.125.24.0-255,7156,11897,50,187207
35829,6.5e-05,172.31.46.0-255,66,11963,50,187207
35830,6.9e-05,74.125.24.0-255,2114,14077,50,187207
35831,7.3e-05,172.31.46.0-255,66,14143,50,187207
35832,0.000151,74.125.24.0-255,1484,15627,50,187207
35833,0.000154,172.31.46.0-255,66,15693,50,187207
35834,0.000159,74.125.24.0-255,2902,18595,50,187207
35835,0.000162,172.31.46.0-255,66,18661,50,187207
35836,0.000193,74.125.24.0-255,5738,24399,50,187207
35837,0.000199,172.31.46.0-255,66,24465,50,187207
35838,0.000212,74.125.24.0-255,7156,31621,50,187207
35839,0.000221,172.31.46.0-255,66,31687,50,187207
35840,0.000234,74.125.24.0-255,6797,38484,50,187207
35841,0.000241,172.31.46.0-255,66,38550,50,187207
35842,0.000256,172.31.46.0-255,66,38616,50,187207
35843,0.000344,74.125.24.0-255,5738,44354,50,187207
35844,0.000347,172.31.46.0-255,66,44420,50,187207
35845,0.000379,172.31.46.0-255,66,44486,50,187207
35846,0.000382,74.125.24.0-255,415,44901,50,187207
35847,0.000384,172.31.46.0-255,66,44967,50,187207
35848,0.001297,74.125.24.0-255,1484,46451,50,187207
35849,0.001304,172.31.46.0-255,66,46517,50,187207
35850,0.001313,74.125.24.0-255,2902,49419,50,187207
35851,0.00132,172.31.46.0-255,66,49485,50,187207
35852,0.001328,74.125.24.0-255,5738,55223,50,187207
35853,0.00133,172.31.46.0-255,66,55289,50,187207
35854,0.001337,74.125.24.0-255,4320,59609,50,187207
35855,0.001339,172.31.46.0-255,66,59675,50,187207
35856,0.001375,172.31.46.0-255,66,59741,50,187207
35857,0.001379,74.125.24.0-255,1484,61225,50,187207
35858,0.001417,172.31.46.0-255,66,61291,50,187207
35859,0.001477,74.125.24.0-255,1484,62775,50,187207
35860,0.001483,74.125.24.0-255,2902,65677,50,187207
35861,0.001486,172.31.46.0-255,66,65743,50,187207
35862,0.001518,74.125.24.0-255,5738,71481,50,187207
35863,0.001521,172.31.46.0-255,66,71547,50,187207
35864,0.001534,172.31.46.0-255,66,71613,50,187207
35865,0.001565,74.125.24.0-255,1484,73097,50,187207
35866,0.00158,172.31.46.0-255,66,73163,50,187207
35867,0.001857,74.125.24.0-255,1484,74647,50,187207
35868,0.001865,74.125.24.0-255,2902,77549,50,187207
35869,0.00187,172.31.46.0-255,66,77615,50,187207
35870,0.001874,74.125.24.0-255,1484,79099,50,187207
35871,0.001901,74.125.24.0-255,4320,83419,50,187207
35872,0.001904,172.31.46.0-255,66,83485,50,187207
35873,0.001916,172.31.46.0-255,66,83551,50,187207
35874,0.001948,74.125.24.0-255,2902,86453,50,187207
35875,0.001951,172.31.46.0-255,66,86519,50,187207
35876,0.001991,172.31.46.0-255,66,86585,50,187207
35877,0.001994,74.125.24.0-255,1484,88069,50,187207
35878,0.002018,74.125.24.0-255,2902,90971,50,187207
35879,0.00202,172.31.46.0-255,66,91037,50,187207
35880,0.002027,74.125.24.0-255,5738,96775,50,187207
35881,0.002029,172.31.46.0-255,66,96841,50,187207
35882,0.002069,172.31.46.0-255,66,96907,50,187207
35883,0.002103,74.125.24.0-255,7156,104063,50,187207
35884,0.002107,172.31.46.0-255,66,104129,50,187207
35885,0.002141,172.31.46.0-255,66,104195,50,187207
35886,0.002176,74.125.24.0-255,1484,105679,50,187207
35887,0.002181,74.125.24.0-255,2902,108581,50,187207
35888,0.002183,172.31.46.0-255,66,108647,50,187207
35889,0.002214,74.125.24.0-255,5738,114385,50,187207
35890,0.002217,172.31.46.0-255,66,114451,50,187207
35891,0.002245,172.31.46.0-255,66,114517,50,187207
35892,0.002273,74.125.24.0-255,2902,117419,50,187207
35893,0.002275,172.31.46.0-255,66,117485,50,187207
35894,0.002289,172.31.46.0-255,66,117551,50,187207
35895,0.002291,74.125.24.0-255,766,118317,50,187207
35896,0.004564,74.125.24.0-255,4320,122637,50,187207
35897,0.004577,172.31.46.0-255,66,122703,50,187207
35898,0.006834,74.125.24.0-255,2902,125605,50,187207
35899,0.006841,172.31.46.0-255,66,125671,50,187207
35900,0.006871,74.125.24.0-255,2902,128573,50,187207
35901,0.006874,172.31.46.0-255,66,128639,50,187207
35902,0.009107,74.125.24.0-255,2902,131541,50,187207
35903,0.009116,172.31.46.0-255,66,131607,50,187207
35904,0.009151,74.125.24.0-255,2902,134509,50,187207
35905,0.009154,172.31.46.0-255,66,134575,50,187207
35906,0.011411,74.125.24.0-255,2902,137477,50,187207
35907,0.01142,172.31.46.0-255,66,137543,50,187207
35908,0.01145,74.125.24.0-255,2902,140445,50,187207
35909,0.011453,172.31.46.0-255,66,140511,50,187207
35910,0.013669,74.125.24.0-255,2902,143413,50,187207
35911,0.013677,172.31.46.0-255,66,143479,50,187207
35912,0.013708,74.125.24.0-255,2902,146381,50,187207
35913,0.013712,172.31.46.0-255,66,146447,50,187207
35914,0.015956,74.125.24.0-255,2902,149349,50,187207
35915,0.015965,172.31.46.0-255,66,149415,50,187207
35916,0.015996,74.125.24.0-255,2902,152317,50,187207
35917,0.015999,172.31.46.0-255,66,152383,50,187207
35918,0.018253,74.125.24.0-255,5738,158121,50,187207
35919,0.018262,172.31.46.0-255,66,158187,50,187207
35920,0.020532,74.125.24.0-255,5738,163925,50,187207
35921,0.020538,172.31.46.0-255,66,163991,50,187207
35922,0.022836,74.125.24.0-255,5738,169729,50,187207
35923,0.022848,172.31.46.0-255,66,169795,50,187207
35924,0.025139,74.125.24.0-255,5738,175533,50,187207
35925,0.025155,172.31.46.0-255,66,175599,50,187207
35926,0.027416,74.125.24.0-255,5738,181337,50,187207
35927,0.027427,172.31.46.0-255,66,181403,50,187207
35928,0.02969,74.125.24.0-255,5738,187141,50,187207
35929,0.029706,172.31.46.0-255,66,187207,50,187207
35930,0.0,74.125.200.0-255,146,146,50,191754
35931,1.8e-05,172.31.46.0-255,66,212,50,191754
35932,2.4e-05,74.125.200.0-255,1484,1696,50,191754
35933,2.9e-05,172.31.46.0-255,66,1762,50,191754
35934,3.4e-05,74.125.200.0-255,2902,4664,50,191754
35935,3.8e-05,172.31.46.0-255,66,4730,50,191754
35936,4.3e-05,74.125.200.0-255,2902,7632,50,191754
35937,4.6e-05,172.31.46.0-255,66,7698,50,191754
35938,4.9e-05,74.125.200.0-255,1484,9182,50,191754
35939,5.2e-05,172.31.46.0-255,66,9248,50,191754
35940,7.9e-05,74.125.200.0-255,2902,12150,50,191754
35941,8.3e-05,172.31.46.0-255,66,12216,50,191754
35942,0.000103,74.125.200.0-255,2902,15118,50,191754
35943,0.000105,172.31.46.0-255,66,15184,50,191754
35944,0.000127,74.125.200.0-255,4808,19992,50,191754
35945,0.00013,172.31.46.0-255,66,20058,50,191754
35946,0.000156,74.125.200.0-255,4320,24378,50,191754
35947,0.000158,172.31.46.0-255,66,24444,50,191754
35948,0.000178,74.125.200.0-255,4320,28764,50,191754
35949,0.000181,172.31.46.0-255,66,28830,50,191754
35950,0.000185,74.125.200.0-255,2543,31373,50,191754
35951,0.000187,172.31.46.0-255,66,31439,50,191754
35952,0.000397,74.125.200.0-255,1484,32923,50,191754
35953,0.000403,172.31.46.0-255,66,32989,50,191754
35954,0.00041,74.125.200.0-255,2902,35891,50,191754
35955,0.000413,172.31.46.0-255,66,35957,50,191754
35956,0.000418,74.125.200.0-255,4320,40277,50,191754
35957,0.00042,172.31.46.0-255,66,40343,50,191754
35958,0.000425,74.125.200.0-255,2902,43245,50,191754
35959,0.000427,172.31.46.0-255,66,43311,50,191754
35960,0.000451,74.125.200.0-255,2902,46213,50,191754
35961,0.000454,172.31.46.0-255,66,46279,50,191754
35962,0.000458,74.125.200.0-255,2543,48822,50,191754
35963,0.000461,172.31.46.0-255,66,48888,50,191754
35964,0.000798,74.125.200.0-255,1484,50372,50,191754
35965,0.000803,74.125.200.0-255,2902,53274,50,191754
35966,0.000811,172.31.46.0-255,66,53340,50,191754
35967,0.000843,74.125.200.0-255,5738,59078,50,191754
35968,0.000847,172.31.46.0-255,66,59144,50,191754
35969,0.00085,74.125.200.0-255,1484,60628,50,191754
35970,0.00089,172.31.46.0-255,66,60694,50,191754
35971,0.000916,74.125.200.0-255,4320,65014,50,191754
35972,0.000919,172.31.46.0-255,66,65080,50,191754
35973,0.000941,74.125.200.0-255,5379,70459,50,191754
35974,0.000944,172.31.46.0-255,66,70525,50,191754
35975,0.001025,74.125.200.0-255,1484,72009,50,191754
35976,0.001029,74.125.200.0-255,1484,73493,50,191754
35977,0.001032,172.31.46.0-255,66,73559,50,191754
35978,0.00105,74.125.200.0-255,1484,75043,50,191754
35979,0.001057,74.125.200.0-255,5738,80781,50,191754
35980,0.00106,172.31.46.0-255,66,80847,50,191754
35981,0.001064,74.125.200.0-255,2902,83749,50,191754
35982,0.001066,172.31.46.0-255,66,83815,50,191754
35983,0.001113,74.125.200.0-255,4541,88356,50,191754
35984,0.001118,172.31.46.0-255,66,88422,50,191754
35985,0.001249,172.31.46.0-255,101,88523,50,191754
35986,0.001303,74.125.200.0-255,1484,90007,50,191754
35987,0.001307,74.125.200.0-255,1484,91491,50,191754
35988,0.00131,172.31.46.0-255,66,91557,50,191754
35989,0.001331,74.125.200.0-255,1484,93041,50,191754
35990,0.001338,74.125.200.0-255,5738,98779,50,191754
35991,0.00134,172.31.46.0-255,66,98845,50,191754
35992,0.001356,74.125.200.0-255,2902,101747,50,191754
35993,0.001359,172.31.46.0-255,66,101813,50,191754
35994,0.001383,172.31.46.0-255,66,101879,50,191754
35995,0.001389,74.125.200.0-255,5738,107617,50,191754
35996,0.001393,172.31.46.0-255,66,107683,50,191754
35997,0.001423,74.125.200.0-255,5020,112703,50,191754
35998,0.001427,172.31.46.0-255,66,112769,50,191754
35999,0.003324,74.125.200.0-255,66,112835,50,191754
36000,0.003522,74.125.200.0-255,5738,118573,50,191754
36001,0.003527,172.31.46.0-255,66,118639,50,191754
36002,0.005627,74.125.200.0-255,2902,121541,50,191754
36003,0.005632,172.31.46.0-255,66,121607,50,191754
36004,0.005646,74.125.200.0-255,2902,124509,50,191754
36005,0.005648,172.31.46.0-255,66,124575,50,191754
36006,0.007719,74.125.200.0-255,2902,127477,50,191754
36007,0.007723,172.31.46.0-255,66,127543,50,191754
36008,0.007743,74.125.200.0-255,2902,130445,50,191754
36009,0.007746,172.31.46.0-255,66,130511,50,191754
36010,0.009828,74.125.200.0-255,2902,133413,50,191754
36011,0.009836,172.31.46.0-255,66,133479,50,191754
36012,0.009858,74.125.200.0-255,2902,136381,50,191754
36013,0.009861,172.31.46.0-255,66,136447,50,191754
36014,0.01193,74.125.200.0-255,2902,139349,50,191754
36015,0.011939,172.31.46.0-255,66,139415,50,191754
36016,0.011959,74.125.200.0-255,2902,142317,50,191754
36017,0.011961,172.31.46.0-255,66,142383,50,191754
36018,0.014052,74.125.200.0-255,5738,148121,50,191754
36019,0.014062,172.31.46.0-255,66,148187,50,191754
36020,0.016175,74.125.200.0-255,5738,153925,50,191754
36021,0.016184,172.31.46.0-255,66,153991,50,191754
36022,0.018279,74.125.200.0-255,5738,159729,50,191754
36023,0.018288,172.31.46.0-255,66,159795,50,191754
36024,0.02039,74.125.200.0-255,5738,165533,50,191754
36025,0.020397,172.31.46.0-255,66,165599,50,191754
36026,0.022498,74.125.200.0-255,5738,171337,50,191754
36027,0.022508,172.31.46.0-255,66,171403,50,191754
36028,0.024608,74.125.200.0-255,5738,177141,50,191754
36029,0.024618,172.31.46.0-255,66,177207,50,191754
36030,0.026713,74.125.200.0-255,4320,181527,50,191754
36031,0.026719,172.31.46.0-255,66,181593,50,191754
36032,0.026742,74.125.200.0-255,1484,183077,50,191754
36033,0.027695,172.31.46.0-255,172,183249,50,191754
36034,0.027727,172.31.46.0-255,1108,184357,50,191754
36035,0.027788,172.31.46.0-255,1514,185871,50,191754
36036,0.02779,172.31.46.0-255,1299,187170,50,191754
36037,0.028832,74.125.200.0-255,4320,191490,50,191754
36038,0.028839,172.31.46.0-255,66,191556,50,191754
36039,0.029255,104.244.42.0-255,66,191622,50,191754
36040,0.029443,104.244.42.0-255,66,191688,50,191754
36041,0.029472,104.244.42.0-255,66,191754,50,191754
36042,0.0,74.125.24.0-255,145,145,50,167257
36043,2.1e-05,172.31.46.0-255,66,211,50,167257
36044,2.8e-05,74.125.24.0-255,1484,1695,50,167257
36045,3.2e-05,172.31.46.0-255,66,1761,50,167257
36046,4.5e-05,74.125.24.0-255,2902,4663,50,167257
36047,4.9e-05,172.31.46.0-255,66,4729,50,167257
36048,5.7e-05,74.125.24.0-255,7156,11885,50,167257
36049,6e-05,172.31.46.0-255,66,11951,50,167257
36050,6.6e-05,74.125.24.0-255,4320,16271,50,167257
36051,6.9e-05,172.31.46.0-255,66,16337,50,167257
36052,0.000105,74.125.24.0-255,2083,18420,50,167257
36053,0.000108,172.31.46.0-255,66,18486,50,167257
36054,0.000111,74.125.24.0-255,1484,19970,50,167257
36055,0.000113,172.31.46.0-255,66,20036,50,167257
36056,0.000157,172.31.46.0-255,66,20102,50,167257
36057,0.000163,74.125.24.0-255,5738,25840,50,167257
36058,0.000166,172.31.46.0-255,66,25906,50,167257
36059,0.00017,74.125.24.0-255,2902,28808,50,167257
36060,0.000172,172.31.46.0-255,66,28874,50,167257
36061,0.000208,74.125.24.0-255,4320,33194,50,167257
36062,0.000211,172.31.46.0-255,66,33260,50,167257
36063,0.00023,172.31.46.0-255,66,33326,50,167257
36064,0.000237,74.125.24.0-255,6438,39764,50,167257
36065,0.000239,172.31.46.0-255,66,39830,50,167257
36066,0.000242,74.125.24.0-255,397,40227,50,167257
36067,0.000244,172.31.46.0-255,66,40293,50,167257
36068,0.000283,74.125.24.0-255,115,40408,50,167257
36069,0.000285,172.31.46.0-255,66,40474,50,167257
36070,0.00039,74.125.24.0-255,1484,41958,50,167257
36071,0.000394,172.31.46.0-255,66,42024,50,167257
36072,0.000399,74.125.24.0-255,2902,44926,50,167257
36073,0.000402,172.31.46.0-255,66,44992,50,167257
36074,0.000406,74.125.24.0-255,1484,46476,50,167257
36075,0.000448,74.125.24.0-255,4320,50796,50,167257
36076,0.000451,172.31.46.0-255,66,50862,50,167257
36077,0.000469,172.31.46.0-255,66,50928,50,167257
36078,0.000481,172.31.46.0-255,66,50994,50,167257
36079,0.000592,74.125.24.0-255,1484,52478,50,167257
36080,0.000596,74.125.24.0-255,1484,53962,50,167257
36081,0.000599,172.31.46.0-255,66,54028,50,167257
36082,0.000628,74.125.24.0-255,1484,55512,50,167257
36083,0.000635,74.125.24.0-255,5738,61250,50,167257
36084,0.000637,172.31.46.0-255,66,61316,50,167257
36085,0.000654,172.31.46.0-255,66,61382,50,167257
36086,0.000692,172.31.46.0-255,66,61448,50,167257
36087,0.000764,172.31.46.0-255,66,61514,50,167257
36088,0.000775,172.31.46.0-255,66,61580,50,167257
36089,0.000801,172.31.46.0-255,66,61646,50,167257
36090,0.000827,74.125.24.0-255,2184,63830,50,167257
36091,0.00083,172.31.46.0-255,66,63896,50,167257
36092,0.000834,74.125.24.0-255,2225,66121,50,167257
36093,0.000836,172.31.46.0-255,66,66187,50,167257
36094,0.001072,74.125.24.0-255,1484,67671,50,167257
36095,0.001078,74.125.24.0-255,2902,70573,50,167257
36096,0.001081,172.31.46.0-255,66,70639,50,167257
36097,0.001115,74.125.24.0-255,5738,76377,50,167257
36098,0.001118,172.31.46.0-255,66,76443,50,167257
36099,0.001129,172.31.46.0-255,66,76509,50,167257
36100,0.001157,74.125.24.0-255,4320,80829,50,167257
36101,0.00116,172.31.46.0-255,66,80895,50,167257
36102,0.001173,172.31.46.0-255,66,80961,50,167257
36103,0.001216,74.125.24.0-255,1484,82445,50,167257
36104,0.001231,74.125.24.0-255,2902,85347,50,167257
36105,0.001234,172.31.46.0-255,66,85413,50,167257
36106,0.001241,74.125.24.0-255,5738,91151,50,167257
36107,0.001243,172.31.46.0-255,66,91217,50,167257
36108,0.001295,172.31.46.0-255,66,91283,50,167257
36109,0.0013,74.125.24.0-255,2902,94185,50,167257
36110,0.001302,172.31.46.0-255,66,94251,50,167257
36111,0.001339,74.125.24.0-255,7156,101407,50,167257
36112,0.001342,172.31.46.0-255,66,101473,50,167257
36113,0.001345,74.125.24.0-255,766,102239,50,167257
36114,0.001378,74.125.24.0-255,1484,103723,50,167257
36115,0.001381,172.31.46.0-255,66,103789,50,167257
36116,0.001405,74.125.24.0-255,4320,108109,50,167257
36117,0.001408,172.31.46.0-255,66,108175,50,167257
36118,0.001416,74.125.24.0-255,7156,115331,50,167257
36119,0.001457,74.125.24.0-255,5020,120351,50,167257
36120,0.001488,172.31.46.0-255,66,120417,50,167257
36121,0.001578,74.125.24.0-255,1484,121901,50,167257
36122,0.001584,74.125.24.0-255,2902,124803,50,167257
36123,0.001586,172.31.46.0-255,66,124869,50,167257
36124,0.001621,74.125.24.0-255,5738,130607,50,167257
36125,0.001649,74.125.24.0-255,2902,133509,50,167257
36126,0.001656,74.125.24.0-255,5738,139247,50,167257
36127,0.001662,172.31.46.0-255,66,139313,50,167257
36128,0.001741,74.125.24.0-255,4320,143633,50,167257
36129,0.001757,74.125.24.0-255,1484,145117,50,167257
36130,0.00176,74.125.24.0-255,1484,146601,50,167257
36131,0.001773,74.125.24.0-255,1484,148085,50,167257
36132,0.001795,74.125.24.0-255,5738,153823,50,167257
36133,0.001808,74.125.24.0-255,4320,158143,50,167257
36134,0.001818,172.31.46.0-255,66,158209,50,167257
36135,0.001868,74.125.24.0-255,7156,165365,50,167257
36136,0.001882,74.125.24.0-255,1484,166849,50,167257
36137,0.00189,172.31.46.0-255,66,166915,50,167257
36138,0.001934,74.125.24.0-255,105,167020,50,167257
36139,0.001943,172.31.46.0-255,66,167086,50,167257
36140,0.009146,172.31.46.0-255,105,167191,50,167257
36141,0.011156,74.125.24.0-255,66,167257,50,167257
36142,0.0,172.31.46.0-255,105,105,50,459
36143,0.000282,172.31.46.0-255,90,195,50,459
36144,0.000302,172.31.46.0-255,66,261,50,459
36145,0.00236,74.125.200.0-255,66,327,50,459
36146,0.002378,74.125.200.0-255,66,393,50,459
36147,0.002388,172.31.46.0-255,66,459,50,459
36148,0.0,172.217.194.0-255,152,152,50,211799
36149,1.7e-05,172.31.46.0-255,66,218,50,211799
36150,2.3e-05,172.217.194.0-255,1484,1702,50,211799
36151,2.7e-05,172.31.46.0-255,66,1768,50,211799
36152,3.2e-05,172.217.194.0-255,2902,4670,50,211799
36153,3.5e-05,172.31.46.0-255,66,4736,50,211799
36154,4.2e-05,172.217.194.0-255,7156,11892,50,211799
36155,4.5e-05,172.31.46.0-255,66,11958,50,211799
36156,6.9e-05,172.217.194.0-255,2054,14012,50,211799
36157,7.2e-05,172.31.46.0-255,66,14078,50,211799
36158,9.1e-05,172.217.194.0-255,2902,16980,50,211799
36159,9.3e-05,172.31.46.0-255,66,17046,50,211799
36160,0.000108,172.217.194.0-255,2902,19948,50,211799
36161,0.00011,172.31.46.0-255,66,20014,50,211799
36162,0.000129,172.217.194.0-255,4320,24334,50,211799
36163,0.000131,172.31.46.0-255,66,24400,50,211799
36164,0.000153,172.217.194.0-255,1484,25884,50,211799
36165,0.000155,172.31.46.0-255,66,25950,50,211799
36166,0.000175,172.217.194.0-255,5379,31329,50,211799
36167,0.000177,172.31.46.0-255,66,31395,50,211799
36168,0.000231,172.217.194.0-255,1484,32879,50,211799
36169,0.000234,172.31.46.0-255,66,32945,50,211799
36170,0.000238,172.217.194.0-255,2902,35847,50,211799
36171,0.00024,172.31.46.0-255,66,35913,50,211799
36172,0.000245,172.217.194.0-255,4320,40233,50,211799
36173,0.000248,172.31.46.0-255,66,40299,50,211799
36174,0.00027,172.217.194.0-255,1484,41783,50,211799
36175,0.000272,172.31.46.0-255,66,41849,50,211799
36176,0.000279,172.217.194.0-255,6797,48646,50,211799
36177,0.000281,172.31.46.0-255,66,48712,50,211799
36178,0.000291,172.31.46.0-255,66,48778,50,211799
36179,0.000311,172.217.194.0-255,5738,54516,50,211799
36180,0.000313,172.31.46.0-255,66,54582,50,211799
36181,0.000316,172.217.194.0-255,2855,57437,50,211799
36182,0.000318,172.31.46.0-255,66,57503,50,211799
36183,0.000347,172.217.194.0-255,365,57868,50,211799
36184,0.000529,172.217.194.0-255,1484,59352,50,211799
36185,0.000534,172.31.46.0-255,66,59418,50,211799
36186,0.000539,172.217.194.0-255,2902,62320,50,211799
36187,0.000542,172.31.46.0-255,66,62386,50,211799
36188,0.000547,172.217.194.0-255,5738,68124,50,211799
36189,0.000549,172.31.46.0-255,66,68190,50,211799
36190,0.000584,172.31.46.0-255,66,68256,50,211799
36191,0.000616,172.217.194.0-255,5738,73994,50,211799
36192,0.000619,172.31.46.0-255,66,74060,50,211799
36193,0.000647,172.31.46.0-255,66,74126,50,211799
36194,0.000811,172.217.194.0-255,1484,75610,50,211799
36195,0.000817,172.217.194.0-255,2902,78512,50,211799
36196,0.00082,172.31.46.0-255,66,78578,50,211799
36197,0.000839,172.217.194.0-255,2902,81480,50,211799
36198,0.000842,172.31.46.0-255,66,81546,50,211799
36199,0.000859,172.217.194.0-255,2902,84448,50,211799
36200,0.000861,172.31.46.0-255,66,84514,50,211799
36201,0.000868,172.217.194.0-255,7156,91670,50,211799
36202,0.00087,172.31.46.0-255,66,91736,50,211799
36203,0.000891,172.217.194.0-255,5738,97474,50,211799
36204,0.000893,172.31.46.0-255,66,97540,50,211799
36205,0.000904,172.31.46.0-255,66,97606,50,211799
36206,0.000906,172.217.194.0-255,766,98372,50,211799
36207,0.001238,172.217.194.0-255,1484,99856,50,211799
36208,0.001242,172.31.46.0-255,66,99922,50,211799
36209,0.001246,172.217.194.0-255,2902,102824,50,211799
36210,0.001248,172.31.46.0-255,66,102890,50,211799
36211,0.001263,172.217.194.0-255,5738,108628,50,211799
36212,0.001265,172.31.46.0-255,66,108694,50,211799
36213,0.00127,172.217.194.0-255,4320,113014,50,211799
36214,0.001272,172.31.46.0-255,66,113080,50,211799
36215,0.001291,172.217.194.0-255,4320,117400,50,211799
36216,0.001293,172.31.46.0-255,66,117466,50,211799
36217,0.001327,172.217.194.0-255,1484,118950,50,211799
36218,0.001369,172.31.46.0-255,66,119016,50,211799
36219,0.001422,172.31.46.0-255,66,119082,50,211799
36220,0.001424,172.31.46.0-255,66,119148,50,211799
36221,0.001436,172.217.194.0-255,2902,122050,50,211799
36222,0.001438,172.31.46.0-255,66,122116,50,211799
36223,0.001465,172.31.46.0-255,66,122182,50,211799
36224,0.001475,172.31.46.0-255,66,122248,50,211799
36225,0.001487,172.217.194.0-255,2902,125150,50,211799
36226,0.001489,172.31.46.0-255,66,125216,50,211799
36227,0.001505,172.31.46.0-255,66,125282,50,211799
36228,0.001533,172.31.46.0-255,66,125348,50,211799
36229,0.001553,172.217.194.0-255,4320,129668,50,211799
36230,0.001555,172.31.46.0-255,66,129734,50,211799
36231,0.001589,172.217.194.0-255,5738,135472,50,211799
36232,0.001591,172.31.46.0-255,66,135538,50,211799
36233,0.00162,172.31.46.0-255,66,135604,50,211799
36234,0.001626,172.217.194.0-255,6438,142042,50,211799
36235,0.001628,172.31.46.0-255,66,142108,50,211799
36236,0.001649,172.217.194.0-255,1484,143592,50,211799
36237,0.00167,172.217.194.0-255,2902,146494,50,211799
36238,0.001673,172.31.46.0-255,66,146560,50,211799
36239,0.001678,172.217.194.0-255,5738,152298,50,211799
36240,0.00168,172.31.46.0-255,66,152364,50,211799
36241,0.001692,172.217.194.0-255,1484,153848,50,211799
36242,0.001711,172.31.46.0-255,66,153914,50,211799
36243,0.001731,172.217.194.0-255,2902,156816,50,211799
36244,0.001733,172.31.46.0-255,66,156882,50,211799
36245,0.001744,172.31.46.0-255,66,156948,50,211799
36246,0.001765,172.217.194.0-255,766,157714,50,211799
36247,0.001768,172.217.194.0-255,1484,159198,50,211799
36248,0.00177,172.31.46.0-255,66,159264,50,211799
36249,0.00179,172.217.194.0-255,4320,163584,50,211799
36250,0.001793,172.31.46.0-255,66,163650,50,211799
36251,0.0018,172.217.194.0-255,7156,170806,50,211799
36252,0.001801,172.31.46.0-255,66,170872,50,211799
36253,0.001807,172.217.194.0-255,5738,176610,50,211799
36254,0.001809,172.31.46.0-255,66,176676,50,211799
36255,0.001836,172.31.46.0-255,66,176742,50,211799
36256,0.001843,172.217.194.0-255,6438,183180,50,211799
36257,0.001845,172.31.46.0-255,66,183246,50,211799
36258,0.002395,172.217.194.0-255,1484,184730,50,211799
36259,0.002399,172.217.194.0-255,1484,186214,50,211799
36260,0.002402,172.31.46.0-255,66,186280,50,211799
36261,0.002422,172.217.194.0-255,1484,187764,50,211799
36262,0.002428,172.217.194.0-255,5738,193502,50,211799
36263,0.00243,172.31.46.0-255,66,193568,50,211799
36264,0.002436,172.217.194.0-255,4320,197888,50,211799
36265,0.002437,172.31.46.0-255,66,197954,50,211799
36266,0.002458,172.31.46.0-255,66,198020,50,211799
36267,0.002504,172.31.46.0-255,66,198086,50,211799
36268,0.002521,172.217.194.0-255,766,198852,50,211799
36269,0.002532,172.31.46.0-255,66,198918,50,211799
36270,0.002556,172.217.194.0-255,5738,204656,50,211799
36271,0.002558,172.31.46.0-255,66,204722,50,211799
36272,0.002595,172.31.46.0-255,66,204788,50,211799
36273,0.002606,172.31.46.0-255,66,204854,50,211799
36274,0.002626,172.217.194.0-255,2244,207098,50,211799
36275,0.002629,172.31.46.0-255,66,207164,50,211799
36276,0.00515,172.217.194.0-255,105,207269,50,211799
36277,0.008448,172.31.46.0-255,66,207335,50,211799
36278,0.008492,172.31.46.0-255,105,207440,50,211799
36279,0.011048,172.217.194.0-255,66,207506,50,211799
36280,0.026872,172.31.46.0-255,172,207678,50,211799
36281,0.0269,172.31.46.0-255,1113,208791,50,211799
36282,0.026957,172.31.46.0-255,1514,210305,50,211799
36283,0.026958,172.31.46.0-255,1296,211601,50,211799
36284,0.028388,104.244.42.0-255,66,211667,50,211799
36285,0.028421,104.244.42.0-255,66,211733,50,211799
36286,0.028475,104.244.42.0-255,66,211799,50,211799
36287,0.0,172.217.194.0-255,152,152,50,182941
36288,2.3e-05,172.31.46.0-255,66,218,50,182941
36289,2.9e-05,172.217.194.0-255,1484,1702,50,182941
36290,3.4e-05,172.31.46.0-255,66,1768,50,182941
36291,3.7e-05,172.217.194.0-255,1484,3252,50,182941
36292,4.7e-05,172.31.46.0-255,66,3318,50,182941
36293,6.6e-05,172.217.194.0-255,1484,4802,50,182941
36294,6.9e-05,172.31.46.0-255,66,4868,50,182941
36295,7.7e-05,172.217.194.0-255,5738,10606,50,182941
36296,8.5e-05,172.31.46.0-255,66,10672,50,182941
36297,0.000124,172.31.46.0-255,66,10738,50,182941
36298,0.000153,172.217.194.0-255,7156,17894,50,182941
36299,0.000155,172.31.46.0-255,66,17960,50,182941
36300,0.000178,172.217.194.0-255,2543,20503,50,182941
36301,0.00018,172.31.46.0-255,66,20569,50,182941
36302,0.000183,172.217.194.0-255,1484,22053,50,182941
36303,0.000185,172.31.46.0-255,66,22119,50,182941
36304,0.00019,172.217.194.0-255,2902,25021,50,182941
36305,0.000192,172.31.46.0-255,66,25087,50,182941
36306,0.000197,172.217.194.0-255,5738,30825,50,182941
36307,0.000199,172.31.46.0-255,66,30891,50,182941
36308,0.000243,172.217.194.0-255,4320,35211,50,182941
36309,0.000245,172.31.46.0-255,66,35277,50,182941
36310,0.000281,172.31.46.0-255,66,35343,50,182941
36311,0.000295,172.31.46.0-255,66,35409,50,182941
36312,0.000412,172.217.194.0-255,362,35771,50,182941
36313,0.000416,172.31.46.0-255,66,35837,50,182941
36314,0.000528,172.217.194.0-255,1484,37321,50,182941
36315,0.000531,172.31.46.0-255,66,37387,50,182941
36316,0.000536,172.217.194.0-255,2902,40289,50,182941
36317,0.000539,172.31.46.0-255,66,40355,50,182941
36318,0.000542,172.217.194.0-255,1484,41839,50,182941
36319,0.000566,172.217.194.0-255,4320,46159,50,182941
36320,0.000568,172.31.46.0-255,66,46225,50,182941
36321,0.00057,172.217.194.0-255,1484,47709,50,182941
36322,0.000594,172.217.194.0-255,5738,53447,50,182941
36323,0.000596,172.31.46.0-255,66,53513,50,182941
36324,0.000626,172.217.194.0-255,6797,60310,50,182941
36325,0.000664,172.31.46.0-255,66,60376,50,182941
36326,0.000667,172.31.46.0-255,66,60442,50,182941
36327,0.000806,172.217.194.0-255,1484,61926,50,182941
36328,0.000817,172.217.194.0-255,1484,63410,50,182941
36329,0.00082,172.31.46.0-255,66,63476,50,182941
36330,0.000846,172.217.194.0-255,1484,64960,50,182941
36331,0.000852,172.217.194.0-255,5738,70698,50,182941
36332,0.000854,172.31.46.0-255,66,70764,50,182941
36333,0.000858,172.217.194.0-255,2902,73666,50,182941
36334,0.00086,172.31.46.0-255,66,73732,50,182941
36335,0.000888,172.31.46.0-255,66,73798,50,182941
36336,0.000901,172.31.46.0-255,66,73864,50,182941
36337,0.000903,172.217.194.0-255,1484,75348,50,182941
36338,0.000947,172.31.46.0-255,66,75414,50,182941
36339,0.000958,172.31.46.0-255,66,75480,50,182941
36340,0.001008,172.217.194.0-255,7156,82636,50,182941
36341,0.001013,172.31.46.0-255,66,82702,50,182941
36342,0.001019,172.31.46.0-255,66,82768,50,182941
36343,0.001022,172.31.46.0-255,66,82834,50,182941
36344,0.001026,172.217.194.0-255,2902,85736,50,182941
36345,0.001037,172.31.46.0-255,66,85802,50,182941
36346,0.001042,172.217.194.0-255,4320,90122,50,182941
36347,0.001044,172.31.46.0-255,66,90188,50,182941
36348,0.00108,172.31.46.0-255,66,90254,50,182941
36349,0.001128,172.217.194.0-255,1484,91738,50,182941
36350,0.001132,172.217.194.0-255,1484,93222,50,182941
36351,0.001134,172.31.46.0-255,66,93288,50,182941
36352,0.001159,172.217.194.0-255,1484,94772,50,182941
36353,0.001166,172.217.194.0-255,5738,100510,50,182941
36354,0.001168,172.31.46.0-255,66,100576,50,182941
36355,0.001174,172.217.194.0-255,5738,106314,50,182941
36356,0.001175,172.31.46.0-255,66,106380,50,182941
36357,0.001211,172.217.194.0-255,7156,113536,50,182941
36358,0.001214,172.31.46.0-255,66,113602,50,182941
36359,0.001224,172.31.46.0-255,66,113668,50,182941
36360,0.001227,172.217.194.0-255,766,114434,50,182941
36361,0.001275,172.217.194.0-255,1484,115918,50,182941
36362,0.001278,172.31.46.0-255,66,115984,50,182941
36363,0.001282,172.217.194.0-255,2902,118886,50,182941
36364,0.001284,172.31.46.0-255,66,118952,50,182941
36365,0.001303,172.217.194.0-255,1484,120436,50,182941
36366,0.001305,172.217.194.0-255,1484,121920,50,182941
36367,0.001325,172.31.46.0-255,66,121986,50,182941
36368,0.001332,172.31.46.0-255,66,122052,50,182941
36369,0.00136,172.31.46.0-255,66,122118,50,182941
36370,0.001387,172.217.194.0-255,2184,124302,50,182941
36371,0.001389,172.31.46.0-255,66,124368,50,182941
36372,0.001445,172.217.194.0-255,1484,125852,50,182941
36373,0.00146,172.217.194.0-255,2902,128754,50,182941
36374,0.001463,172.31.46.0-255,66,128820,50,182941
36375,0.001469,172.217.194.0-255,5738,134558,50,182941
36376,0.001471,172.31.46.0-255,66,134624,50,182941
36377,0.001505,172.31.46.0-255,66,134690,50,182941
36378,0.001516,172.31.46.0-255,66,134756,50,182941
36379,0.001568,172.217.194.0-255,766,135522,50,182941
36380,0.00231,172.217.194.0-255,1484,137006,50,182941
36381,0.002315,172.31.46.0-255,66,137072,50,182941
36382,0.002321,172.217.194.0-255,2902,139974,50,182941
36383,0.002323,172.31.46.0-255,66,140040,50,182941
36384,0.002355,172.217.194.0-255,5738,145778,50,182941
36385,0.002358,172.31.46.0-255,66,145844,50,182941
36386,0.002365,172.217.194.0-255,7156,153000,50,182941
36387,0.002367,172.31.46.0-255,66,153066,50,182941
36388,0.002409,172.217.194.0-255,2902,155968,50,182941
36389,0.002411,172.31.46.0-255,66,156034,50,182941
36390,0.002425,172.31.46.0-255,66,156100,50,182941
36391,0.002463,172.31.46.0-255,66,156166,50,182941
36392,0.002494,172.217.194.0-255,3602,159768,50,182941
36393,0.002496,172.31.46.0-255,66,159834,50,182941
36394,0.002513,172.31.46.0-255,66,159900,50,182941
36395,0.00252,172.217.194.0-255,6438,166338,50,182941
36396,0.002522,172.31.46.0-255,66,166404,50,182941
36397,0.002538,172.31.46.0-255,66,166470,50,182941
36398,0.002573,172.31.46.0-255,66,166536,50,182941
36399,0.00505,172.217.194.0-255,5738,172274,50,182941
36400,0.005056,172.31.46.0-255,66,172340,50,182941
36401,0.007526,172.217.194.0-255,5738,178078,50,182941
36402,0.007534,172.31.46.0-255,66,178144,50,182941
36403,0.010025,172.217.194.0-255,4560,182704,50,182941
36404,0.010031,172.31.46.0-255,66,182770,50,182941
36405,0.010222,172.31.46.0-255,105,182875,50,182941
36406,0.012666,172.217.194.0-255,66,182941,50,182941
36407,0.0,74.125.24.0-255,153,153,50,220505
36408,1.4e-05,172.31.46.0-255,66,219,50,220505
36409,2.1e-05,74.125.24.0-255,1484,1703,50,220505
36410,2.4e-05,172.31.46.0-255,66,1769,50,220505
36411,3e-05,74.125.24.0-255,2902,4671,50,220505
36412,3.3e-05,172.31.46.0-255,66,4737,50,220505
36413,4.1e-05,74.125.24.0-255,7156,11893,50,220505
36414,4.4e-05,172.31.46.0-255,66,11959,50,220505
36415,4.7e-05,74.125.24.0-255,1484,13443,50,220505
36416,4.9e-05,172.31.46.0-255,66,13509,50,220505
36417,8.8e-05,74.125.24.0-255,5738,19247,50,220505
36418,9.1e-05,172.31.46.0-255,66,19313,50,220505
36419,0.000116,172.31.46.0-255,66,19379,50,220505
36420,0.000119,74.125.24.0-255,1484,20863,50,220505
36421,0.000121,172.31.46.0-255,66,20929,50,220505
36422,0.000163,172.31.46.0-255,66,20995,50,220505
36423,0.000186,74.125.24.0-255,2184,23179,50,220505
36424,0.000188,172.31.46.0-255,66,23245,50,220505
36425,0.000202,172.31.46.0-255,66,23311,50,220505
36426,0.000242,74.125.24.0-255,5691,29002,50,220505
36427,0.000244,172.31.46.0-255,66,29068,50,220505
36428,0.000259,74.125.24.0-255,110,29178,50,220505
36429,0.000261,172.31.46.0-255,66,29244,50,220505
36430,0.000401,74.125.24.0-255,1484,30728,50,220505
36431,0.000406,172.31.46.0-255,66,30794,50,220505
36432,0.000412,74.125.24.0-255,2902,33696,50,220505
36433,0.000415,172.31.46.0-255,66,33762,50,220505
36434,0.000421,74.125.24.0-255,4320,38082,50,220505
36435,0.000424,172.31.46.0-255,66,38148,50,220505
36436,0.000442,74.125.24.0-255,1484,39632,50,220505
36437,0.000455,172.31.46.0-255,66,39698,50,220505
36438,0.0005,74.125.24.0-255,4320,44018,50,220505
36439,0.000503,172.31.46.0-255,66,44084,50,220505
36440,0.000533,172.31.46.0-255,66,44150,50,220505
36441,0.000682,74.125.24.0-255,1484,45634,50,220505
36442,0.000688,74.125.24.0-255,2902,48536,50,220505
36443,0.000691,172.31.46.0-255,66,48602,50,220505
36444,0.000697,74.125.24.0-255,4320,52922,50,220505
36445,0.000701,172.31.46.0-255,66,52988,50,220505
36446,0.000723,74.125.24.0-255,1484,54472,50,220505
36447,0.000737,172.31.46.0-255,66,54538,50,220505
36448,0.000771,172.31.46.0-255,66,54604,50,220505
36449,0.001788,74.125.24.0-255,1484,56088,50,220505
36450,0.001797,74.125.24.0-255,2902,58990,50,220505
36451,0.001801,172.31.46.0-255,66,59056,50,220505
36452,0.00181,74.125.24.0-255,5738,64794,50,220505
36453,0.001811,172.31.46.0-255,66,64860,50,220505
36454,0.001816,74.125.24.0-255,2902,67762,50,220505
36455,0.001818,172.31.46.0-255,66,67828,50,220505
36456,0.001838,74.125.24.0-255,4320,72148,50,220505
36457,0.001841,172.31.46.0-255,66,72214,50,220505
36458,0.001855,172.31.46.0-255,66,72280,50,220505
36459,0.001859,74.125.24.0-255,2184,74464,50,220505
36460,0.001861,172.31.46.0-255,66,74530,50,220505
36461,0.001887,74.125.24.0-255,2902,77432,50,220505
36462,0.001889,172.31.46.0-255,66,77498,50,220505
36463,0.001908,74.125.24.0-255,7156,84654,50,220505
36464,0.001911,172.31.46.0-255,66,84720,50,220505
36465,0.001914,74.125.24.0-255,1484,86204,50,220505
36466,0.001936,172.31.46.0-255,66,86270,50,220505
36467,0.001956,74.125.24.0-255,4320,90590,50,220505
36468,0.001958,172.31.46.0-255,66,90656,50,220505
36469,0.001973,74.125.24.0-255,5738,96394,50,220505
36470,0.001975,172.31.46.0-255,66,96460,50,220505
36471,0.001994,74.125.24.0-255,3602,100062,50,220505
36472,0.001996,172.31.46.0-255,66,100128,50,220505
36473,0.002017,74.125.24.0-255,1484,101612,50,220505
36474,0.002029,74.125.24.0-255,2902,104514,50,220505
36475,0.002031,172.31.46.0-255,66,104580,50,220505
36476,0.002034,74.125.24.0-255,1484,106064,50,220505
36477,0.002052,74.125.24.0-255,4320,110384,50,220505
36478,0.002054,172.31.46.0-255,66,110450,50,220505
36479,0.002059,74.125.24.0-255,2902,113352,50,220505
36480,0.00206,172.31.46.0-255,66,113418,50,220505
36481,0.002076,74.125.24.0-255,5738,119156,50,220505
36482,0.002078,172.31.46.0-255,66,119222,50,220505
36483,0.002108,74.125.24.0-255,4320,123542,50,220505
36484,0.002111,172.31.46.0-255,66,123608,50,220505
36485,0.002122,172.31.46.0-255,66,123674,50,220505
36486,0.002125,74.125.24.0-255,766,124440,50,220505
36487,0.002176,74.125.24.0-255,1484,125924,50,220505
36488,0.002179,172.31.46.0-255,66,125990,50,220505
36489,0.002184,74.125.24.0-255,4320,130310,50,220505
36490,0.002186,172.31.46.0-255,66,130376,50,220505
36491,0.002193,74.125.24.0-255,7156,137532,50,220505
36492,0.002195,172.31.46.0-255,66,137598,50,220505
36493,0.002206,74.125.24.0-255,5738,143336,50,220505
36494,0.002209,172.31.46.0-255,66,143402,50,220505
36495,0.002235,74.125.24.0-255,7156,150558,50,220505
36496,0.002238,172.31.46.0-255,66,150624,50,220505
36497,0.002248,172.31.46.0-255,66,150690,50,220505
36498,0.004474,74.125.24.0-255,5738,156428,50,220505
36499,0.004482,172.31.46.0-255,66,156494,50,220505
36500,0.006718,74.125.24.0-255,5738,162232,50,220505
36501,0.006724,172.31.46.0-255,66,162298,50,220505
36502,0.008971,74.125.24.0-255,5738,168036,50,220505
36503,0.008977,172.31.46.0-255,66,168102,50,220505
36504,0.009501,172.31.46.0-255,101,168203,50,220505
36505,0.011218,74.125.24.0-255,5738,173941,50,220505
36506,0.011226,172.31.46.0-255,66,174007,50,220505
36507,0.011704,74.125.24.0-255,66,174073,50,220505
36508,0.013468,74.125.24.0-255,5738,179811,50,220505
36509,0.013476,172.31.46.0-255,66,179877,50,220505
36510,0.015714,74.125.24.0-255,5738,185615,50,220505
36511,0.015727,172.31.46.0-255,66,185681,50,220505
36512,0.017976,74.125.24.0-255,5738,191419,50,220505
36513,0.017987,172.31.46.0-255,66,191485,50,220505
36514,0.020227,74.125.24.0-255,5738,197223,50,220505
36515,0.020238,172.31.46.0-255,66,197289,50,220505
36516,0.022484,74.125.24.0-255,5738,203027,50,220505
36517,0.022493,172.31.46.0-255,66,203093,50,220505
36518,0.024744,74.125.24.0-255,5738,208831,50,220505
36519,0.024752,172.31.46.0-255,66,208897,50,220505
36520,0.027003,74.125.24.0-255,5738,214635,50,220505
36521,0.027012,172.31.46.0-255,66,214701,50,220505
36522,0.029271,74.125.24.0-255,5738,220439,50,220505
36523,0.029278,172.31.46.0-255,66,220505,50,220505
36524,0.0,74.125.24.0-255,146,146,50,253465
36525,1.9e-05,172.31.46.0-255,66,212,50,253465
36526,2.6e-05,74.125.24.0-255,1484,1696,50,253465
36527,3.1e-05,172.31.46.0-255,66,1762,50,253465
36528,3.6e-05,74.125.24.0-255,2902,4664,50,253465
36529,3.9e-05,172.31.46.0-255,66,4730,50,253465
36530,4.7e-05,74.125.24.0-255,7156,11886,50,253465
36531,5.1e-05,172.31.46.0-255,66,11952,50,253465
36532,5.5e-05,74.125.24.0-255,1936,13888,50,253465
36533,5.7e-05,172.31.46.0-255,66,13954,50,253465
36534,9.4e-05,172.31.46.0-255,66,14020,50,253465
36535,0.000104,74.125.24.0-255,1484,15504,50,253465
36536,0.000107,172.31.46.0-255,66,15570,50,253465
36537,0.00013,74.125.24.0-255,3961,19531,50,253465
36538,0.000132,172.31.46.0-255,66,19597,50,253465
36539,0.000197,74.125.24.0-255,1484,21081,50,253465
36540,0.0002,172.31.46.0-255,66,21147,50,253465
36541,0.000205,74.125.24.0-255,2902,24049,50,253465
36542,0.000208,172.31.46.0-255,66,24115,50,253465
36543,0.000228,74.125.24.0-255,4320,28435,50,253465
36544,0.000231,172.31.46.0-255,66,28501,50,253465
36545,0.000252,74.125.24.0-255,1484,29985,50,253465
36546,0.000254,172.31.46.0-255,66,30051,50,253465
36547,0.000262,74.125.24.0-255,6797,36848,50,253465
36548,0.000264,172.31.46.0-255,66,36914,50,253465
36549,0.000268,74.125.24.0-255,2902,39816,50,253465
36550,0.00027,172.31.46.0-255,66,39882,50,253465
36551,0.000288,74.125.24.0-255,4320,44202,50,253465
36552,0.00029,172.31.46.0-255,66,44268,50,253465
36553,0.000304,74.125.24.0-255,4320,48588,50,253465
36554,0.000307,172.31.46.0-255,66,48654,50,253465
36555,0.000323,74.125.24.0-255,5689,54343,50,253465
36556,0.000325,172.31.46.0-255,66,54409,50,253465
36557,0.000328,74.125.24.0-255,113,54522,50,253465
36558,0.000417,74.125.24.0-255,1484,56006,50,253465
36559,0.000421,172.31.46.0-255,66,56072,50,253465
36560,0.000427,74.125.24.0-255,2902,58974,50,253465
36561,0.000429,172.31.46.0-255,66,59040,50,253465
36562,0.000454,74.125.24.0-255,5738,64778,50,253465
36563,0.000457,172.31.46.0-255,66,64844,50,253465
36564,0.000464,74.125.24.0-255,6797,71641,50,253465
36565,0.000466,172.31.46.0-255,66,71707,50,253465
36566,0.000491,74.125.24.0-255,4320,76027,50,253465
36567,0.000494,172.31.46.0-255,66,76093,50,253465
36568,0.000524,172.31.46.0-255,66,76159,50,253465
36569,0.000528,74.125.24.0-255,2226,78385,50,253465
36570,0.00053,172.31.46.0-255,66,78451,50,253465
36571,0.000576,74.125.24.0-255,4320,82771,50,253465
36572,0.000579,172.31.46.0-255,66,82837,50,253465
36573,0.000585,74.125.24.0-255,5738,88575,50,253465
36574,0.000588,172.31.46.0-255,66,88641,50,253465
36575,0.0006,172.31.46.0-255,66,88707,50,253465
36576,0.000605,74.125.24.0-255,2902,91609,50,253465
36577,0.000607,172.31.46.0-255,66,91675,50,253465
36578,0.000644,172.31.46.0-255,66,91741,50,253465
36579,0.000662,74.125.24.0-255,1484,93225,50,253465
36580,0.000687,172.31.46.0-255,66,93291,50,253465
36581,0.000705,74.125.24.0-255,1484,94775,50,253465
36582,0.000709,74.125.24.0-255,2543,97318,50,253465
36583,0.000711,172.31.46.0-255,66,97384,50,253465
36584,0.00077,74.125.24.0-255,1484,98868,50,253465
36585,0.000788,74.125.24.0-255,2902,101770,50,253465
36586,0.000792,172.31.46.0-255,66,101836,50,253465
36587,0.000811,74.125.24.0-255,5738,107574,50,253465
36588,0.000815,172.31.46.0-255,66,107640,50,253465
36589,0.000819,74.125.24.0-255,2902,110542,50,253465
36590,0.000821,172.31.46.0-255,66,110608,50,253465
36591,0.000838,74.125.24.0-255,2902,113510,50,253465
36592,0.000841,172.31.46.0-255,66,113576,50,253465
36593,0.000866,74.125.24.0-255,5738,119314,50,253465
36594,0.000868,172.31.46.0-255,66,119380,50,253465
36595,0.000896,74.125.24.0-255,7156,126536,50,253465
36596,0.000899,172.31.46.0-255,66,126602,50,253465
36597,0.000905,74.125.24.0-255,5020,131622,50,253465
36598,0.000907,172.31.46.0-255,66,131688,50,253465
36599,0.000913,74.125.24.0-255,5738,137426,50,253465
36600,0.000916,172.31.46.0-255,66,137492,50,253465
36601,0.000923,74.125.24.0-255,7156,144648,50,253465
36602,0.000926,172.31.46.0-255,66,144714,50,253465
36603,0.000932,74.125.24.0-255,5738,150452,50,253465
36604,0.000935,172.31.46.0-255,66,150518,50,253465
36605,0.000963,74.125.24.0-255,2902,153420,50,253465
36606,0.000965,172.31.46.0-255,66,153486,50,253465
36607,0.000979,172.31.46.0-255,66,153552,50,253465
36608,0.000982,74.125.24.0-255,1484,155036,50,253465
36609,0.001022,172.31.46.0-255,66,155102,50,253465
36610,0.001027,74.125.24.0-255,3961,159063,50,253465
36611,0.00103,172.31.46.0-255,66,159129,50,253465
36612,0.001101,74.125.24.0-255,1484,160613,50,253465
36613,0.001119,74.125.24.0-255,2902,163515,50,253465
36614,0.001124,74.125.24.0-255,4320,167835,50,253465
36615,0.001128,172.31.46.0-255,66,167901,50,253465
36616,0.001136,172.31.46.0-255,66,167967,50,253465
36617,0.00114,74.125.24.0-255,1484,169451,50,253465
36618,0.001156,74.125.24.0-255,4320,173771,50,253465
36619,0.001158,172.31.46.0-255,66,173837,50,253465
36620,0.001191,172.31.46.0-255,66,173903,50,253465
36621,0.001197,74.125.24.0-255,4320,178223,50,253465
36622,0.0012,74.125.24.0-255,1484,179707,50,253465
36623,0.001206,172.31.46.0-255,66,179773,50,253465
36624,0.001229,74.125.24.0-255,7156,186929,50,253465
36625,0.001239,172.31.46.0-255,66,186995,50,253465
36626,0.001314,74.125.24.0-255,2902,189897,50,253465
36627,0.001321,172.31.46.0-255,66,189963,50,253465
36628,0.001343,74.125.24.0-255,1484,191447,50,253465
36629,0.001347,74.125.24.0-255,2902,194349,50,253465
36630,0.00137,74.125.24.0-255,5738,200087,50,253465
36631,0.001385,74.125.24.0-255,1484,201571,50,253465
36632,0.001392,172.31.46.0-255,66,201637,50,253465
36633,0.001408,74.125.24.0-255,7156,208793,50,253465
36634,0.001422,74.125.24.0-255,2184,210977,50,253465
36635,0.001438,172.31.46.0-255,66,211043,50,253465
36636,0.001451,74.125.24.0-255,2902,213945,50,253465
36637,0.00147,172.31.46.0-255,66,214011,50,253465
36638,0.001478,74.125.24.0-255,7156,221167,50,253465
36639,0.001484,74.125.24.0-255,5738,226905,50,253465
36640,0.001496,172.31.46.0-255,66,226971,50,253465
36641,0.00151,74.125.24.0-255,1484,228455,50,253465
36642,0.001552,74.125.24.0-255,5738,234193,50,253465
36643,0.001563,172.31.46.0-255,66,234259,50,253465
36644,0.001581,74.125.24.0-255,6438,240697,50,253465
36645,0.001589,74.125.24.0-255,7156,247853,50,253465
36646,0.001604,172.31.46.0-255,66,247919,50,253465
36647,0.001639,74.125.24.0-255,5037,252956,50,253465
36648,0.001642,74.125.24.0-255,105,253061,50,253465
36649,0.001664,172.31.46.0-255,66,253127,50,253465
36650,0.001964,172.31.46.0-255,101,253228,50,253465
36651,0.004319,74.125.24.0-255,66,253294,50,253465
36652,0.011229,172.31.46.0-255,105,253399,50,253465
36653,0.013591,74.125.24.0-255,66,253465,50,253465
36654,0.0,74.125.24.0-255,147,147,50,176797
36655,2.1e-05,172.31.46.0-255,66,213,50,176797
36656,2.7e-05,74.125.24.0-255,1484,1697,50,176797
36657,3.2e-05,172.31.46.0-255,66,1763,50,176797
36658,3.7e-05,74.125.24.0-255,2902,4665,50,176797
36659,4e-05,172.31.46.0-255,66,4731,50,176797
36660,4.8e-05,74.125.24.0-255,7156,11887,50,176797
36661,5.1e-05,172.31.46.0-255,66,11953,50,176797
36662,5.5e-05,74.125.24.0-255,2080,14033,50,176797
36663,5.8e-05,172.31.46.0-255,66,14099,50,176797
36664,0.000266,74.125.24.0-255,1484,15583,50,176797
36665,0.000272,172.31.46.0-255,66,15649,50,176797
36666,0.000279,74.125.24.0-255,2902,18551,50,176797
36667,0.000281,172.31.46.0-255,66,18617,50,176797
36668,0.000287,74.125.24.0-255,4320,22937,50,176797
36669,0.000289,172.31.46.0-255,66,23003,50,176797
36670,0.000331,74.125.24.0-255,5738,28741,50,176797
36671,0.000334,172.31.46.0-255,66,28807,50,176797
36672,0.000354,74.125.24.0-255,2543,31350,50,176797
36673,0.000357,172.31.46.0-255,66,31416,50,176797
36674,0.000991,74.125.24.0-255,1484,32900,50,176797
36675,0.000998,172.31.46.0-255,66,32966,50,176797
36676,0.001007,74.125.24.0-255,2902,35868,50,176797
36677,0.00101,172.31.46.0-255,66,35934,50,176797
36678,0.001017,74.125.24.0-255,5738,41672,50,176797
36679,0.001019,172.31.46.0-255,66,41738,50,176797
36680,0.001055,172.31.46.0-255,66,41804,50,176797
36681,0.001068,172.31.46.0-255,66,41870,50,176797
36682,0.001112,74.125.24.0-255,4241,46111,50,176797
36683,0.001117,172.31.46.0-255,66,46177,50,176797
36684,0.00122,74.125.24.0-255,128,46305,50,176797
36685,0.001356,74.125.24.0-255,1484,47789,50,176797
36686,0.001362,74.125.24.0-255,2902,50691,50,176797
36687,0.001364,74.125.24.0-255,1484,52175,50,176797
36688,0.001371,172.31.46.0-255,66,52241,50,176797
36689,0.001374,172.31.46.0-255,66,52307,50,176797
36690,0.00139,74.125.24.0-255,5738,58045,50,176797
36691,0.001392,172.31.46.0-255,66,58111,50,176797
36692,0.001432,74.125.24.0-255,5379,63490,50,176797
36693,0.001435,172.31.46.0-255,66,63556,50,176797
36694,0.00144,74.125.24.0-255,2902,66458,50,176797
36695,0.001442,172.31.46.0-255,66,66524,50,176797
36696,0.001456,74.125.24.0-255,2902,69426,50,176797
36697,0.001459,172.31.46.0-255,66,69492,50,176797
36698,0.001475,74.125.24.0-255,4320,73812,50,176797
36699,0.001478,172.31.46.0-255,66,73878,50,176797
36700,0.001498,74.125.24.0-255,6797,80675,50,176797
36701,0.0015,172.31.46.0-255,66,80741,50,176797
36702,0.002516,74.125.24.0-255,1484,82225,50,176797
36703,0.002524,74.125.24.0-255,2902,85127,50,176797
36704,0.002527,172.31.46.0-255,66,85193,50,176797
36705,0.002557,74.125.24.0-255,4320,89513,50,176797
36706,0.00256,172.31.46.0-255,66,89579,50,176797
36707,0.002571,74.125.24.0-255,1484,91063,50,176797
36708,0.002612,74.125.24.0-255,7156,98219,50,176797
36709,0.002615,172.31.46.0-255,66,98285,50,176797
36710,0.002631,74.125.24.0-255,2902,101187,50,176797
36711,0.002633,172.31.46.0-255,66,101253,50,176797
36712,0.002639,74.125.24.0-255,5738,106991,50,176797
36713,0.00264,172.31.46.0-255,66,107057,50,176797
36714,0.002665,74.125.24.0-255,5738,112795,50,176797
36715,0.002667,172.31.46.0-255,66,112861,50,176797
36716,0.00267,74.125.24.0-255,1484,114345,50,176797
36717,0.005259,74.125.24.0-255,4320,118665,50,176797
36718,0.005264,172.31.46.0-255,66,118731,50,176797
36719,0.007911,74.125.24.0-255,5738,124469,50,176797
36720,0.007919,172.31.46.0-255,66,124535,50,176797
36721,0.010504,74.125.24.0-255,5738,130273,50,176797
36722,0.010512,172.31.46.0-255,66,130339,50,176797
36723,0.013145,74.125.24.0-255,5738,136077,50,176797
36724,0.013155,172.31.46.0-255,66,136143,50,176797
36725,0.015803,74.125.24.0-255,5738,141881,50,176797
36726,0.015814,172.31.46.0-255,66,141947,50,176797
36727,0.018474,74.125.24.0-255,4320,146267,50,176797
36728,0.018481,172.31.46.0-255,66,146333,50,176797
36729,0.018499,74.125.24.0-255,1484,147817,50,176797
36730,0.021111,74.125.24.0-255,4320,152137,50,176797
36731,0.021118,172.31.46.0-255,66,152203,50,176797
36732,0.023762,74.125.24.0-255,5738,157941,50,176797
36733,0.023769,172.31.46.0-255,66,158007,50,176797
36734,0.024861,172.31.46.0-255,188,158195,50,176797
36735,0.024892,172.31.46.0-255,954,159149,50,176797
36736,0.024936,172.31.46.0-255,1514,160663,50,176797
36737,0.024938,172.31.46.0-255,1514,162177,50,176797
36738,0.02494,172.31.46.0-255,1514,163691,50,176797
36739,0.024941,172.31.46.0-255,1234,164925,50,176797
36740,0.026413,74.125.24.0-255,5738,170663,50,176797
36741,0.026425,172.31.46.0-255,66,170729,50,176797
36742,0.026443,104.244.42.0-255,66,170795,50,176797
36743,0.026453,104.244.42.0-255,66,170861,50,176797
36744,0.026522,104.244.42.0-255,66,170927,50,176797
36745,0.026527,104.244.42.0-255,66,170993,50,176797
36746,0.029064,74.125.24.0-255,5738,176731,50,176797
36747,0.02907,172.31.46.0-255,66,176797,50,176797
36748,0.0,172.217.194.0-255,156,156,50,228930
36749,1.6e-05,172.31.46.0-255,66,222,50,228930
36750,2.3e-05,172.217.194.0-255,1484,1706,50,228930
36751,2.8e-05,172.31.46.0-255,66,1772,50,228930
36752,3.4e-05,172.217.194.0-255,2902,4674,50,228930
36753,3.8e-05,172.31.46.0-255,66,4740,50,228930
36754,4.6e-05,172.217.194.0-255,7156,11896,50,228930
36755,4.9e-05,172.31.46.0-255,66,11962,50,228930
36756,8.9e-05,172.31.46.0-255,66,12028,50,228930
36757,0.000108,172.217.194.0-255,2088,14116,50,228930
36758,0.00011,172.31.46.0-255,66,14182,50,228930
36759,0.000114,172.217.194.0-255,2543,16725,50,228930
36760,0.000116,172.31.46.0-255,66,16791,50,228930
36761,0.000141,172.217.194.0-255,1484,18275,50,228930
36762,0.000144,172.31.46.0-255,66,18341,50,228930
36763,0.000148,172.217.194.0-255,2902,21243,50,228930
36764,0.00015,172.31.46.0-255,66,21309,50,228930
36765,0.00017,172.217.194.0-255,2902,24211,50,228930
36766,0.000172,172.31.46.0-255,66,24277,50,228930
36767,0.000189,172.217.194.0-255,2902,27179,50,228930
36768,0.000191,172.31.46.0-255,66,27245,50,228930
36769,0.000198,172.217.194.0-255,6797,34042,50,228930
36770,0.0002,172.31.46.0-255,66,34108,50,228930
36771,0.000212,172.31.46.0-255,66,34174,50,228930
36772,0.000234,172.217.194.0-255,4320,38494,50,228930
36773,0.000238,172.217.194.0-255,2846,41340,50,228930
36774,0.00024,172.217.194.0-255,382,41722,50,228930
36775,0.000243,172.31.46.0-255,66,41788,50,228930
36776,0.000247,172.31.46.0-255,66,41854,50,228930
36777,0.00025,172.31.46.0-255,66,41920,50,228930
36778,0.00038,172.217.194.0-255,1484,43404,50,228930
36779,0.000388,172.217.194.0-255,2902,46306,50,228930
36780,0.000391,172.31.46.0-255,66,46372,50,228930
36781,0.000411,172.217.194.0-255,5738,52110,50,228930
36782,0.000414,172.31.46.0-255,66,52176,50,228930
36783,0.000434,172.217.194.0-255,4320,56496,50,228930
36784,0.000437,172.31.46.0-255,66,56562,50,228930
36785,0.000454,172.217.194.0-255,2543,59105,50,228930
36786,0.000457,172.31.46.0-255,66,59171,50,228930
36787,0.000461,172.217.194.0-255,2902,62073,50,228930
36788,0.000464,172.31.46.0-255,66,62139,50,228930
36789,0.000484,172.217.194.0-255,4320,66459,50,228930
36790,0.000486,172.31.46.0-255,66,66525,50,228930
36791,0.00049,172.217.194.0-255,2902,69427,50,228930
36792,0.000492,172.31.46.0-255,66,69493,50,228930
36793,0.000518,172.217.194.0-255,6249,75742,50,228930
36794,0.000521,172.31.46.0-255,66,75808,50,228930
36795,0.000816,172.217.194.0-255,1484,77292,50,228930
36796,0.000822,172.217.194.0-255,2902,80194,50,228930
36797,0.000826,172.31.46.0-255,66,80260,50,228930
36798,0.000829,172.217.194.0-255,1484,81744,50,228930
36799,0.00085,172.217.194.0-255,4320,86064,50,228930
36800,0.000853,172.31.46.0-255,66,86130,50,228930
36801,0.00086,172.217.194.0-255,5738,91868,50,228930
36802,0.000862,172.31.46.0-255,66,91934,50,228930
36803,0.000881,172.217.194.0-255,7156,99090,50,228930
36804,0.000884,172.31.46.0-255,66,99156,50,228930
36805,0.000897,172.31.46.0-255,66,99222,50,228930
36806,0.001508,172.217.194.0-255,1484,100706,50,228930
36807,0.001514,172.217.194.0-255,1484,102190,50,228930
36808,0.001517,172.31.46.0-255,66,102256,50,228930
36809,0.001536,172.217.194.0-255,1484,103740,50,228930
36810,0.001543,172.217.194.0-255,5738,109478,50,228930
36811,0.001546,172.31.46.0-255,66,109544,50,228930
36812,0.001551,172.217.194.0-255,4320,113864,50,228930
36813,0.001553,172.31.46.0-255,66,113930,50,228930
36814,0.001587,172.31.46.0-255,66,113996,50,228930
36815,0.001602,172.217.194.0-255,2902,116898,50,228930
36816,0.001604,172.31.46.0-255,66,116964,50,228930
36817,0.001637,172.31.46.0-255,66,117030,50,228930
36818,0.001969,172.217.194.0-255,1484,118514,50,228930
36819,0.001975,172.217.194.0-255,2902,121416,50,228930
36820,0.001978,172.31.46.0-255,66,121482,50,228930
36821,0.001982,172.217.194.0-255,1484,122966,50,228930
36822,0.002004,172.217.194.0-255,4320,127286,50,228930
36823,0.002007,172.31.46.0-255,66,127352,50,228930
36824,0.002014,172.217.194.0-255,4320,131672,50,228930
36825,0.002016,172.31.46.0-255,66,131738,50,228930
36826,0.002039,172.31.46.0-255,66,131804,50,228930
36827,0.002077,172.217.194.0-255,7156,138960,50,228930
36828,0.002079,172.31.46.0-255,66,139026,50,228930
36829,0.002095,172.217.194.0-255,3602,142628,50,228930
36830,0.002097,172.31.46.0-255,66,142694,50,228930
36831,0.002114,172.217.194.0-255,2902,145596,50,228930
36832,0.002116,172.31.46.0-255,66,145662,50,228930
36833,0.002141,172.217.194.0-255,5738,151400,50,228930
36834,0.002152,172.31.46.0-255,66,151466,50,228930
36835,0.002155,172.31.46.0-255,66,151532,50,228930
36836,0.002163,172.217.194.0-255,1484,153016,50,228930
36837,0.002194,172.217.194.0-255,1484,154500,50,228930
36838,0.002197,172.31.46.0-255,66,154566,50,228930
36839,0.002223,172.31.46.0-255,66,154632,50,228930
36840,0.002244,172.217.194.0-255,1484,156116,50,228930
36841,0.002255,172.217.194.0-255,1484,157600,50,228930
36842,0.002257,172.31.46.0-255,66,157666,50,228930
36843,0.002275,172.217.194.0-255,1484,159150,50,228930
36844,0.002282,172.217.194.0-255,5738,164888,50,228930
36845,0.002284,172.31.46.0-255,66,164954,50,228930
36846,0.002304,172.31.46.0-255,66,165020,50,228930
36847,0.002346,172.31.46.0-255,66,165086,50,228930
36848,0.004659,172.217.194.0-255,5738,170824,50,228930
36849,0.004668,172.31.46.0-255,66,170890,50,228930
36850,0.007011,172.217.194.0-255,5738,176628,50,228930
36851,0.007016,172.31.46.0-255,66,176694,50,228930
36852,0.009329,172.217.194.0-255,5738,182432,50,228930
36853,0.009336,172.31.46.0-255,66,182498,50,228930
36854,0.011708,172.217.194.0-255,5738,188236,50,228930
36855,0.011716,172.31.46.0-255,66,188302,50,228930
36856,0.014079,172.217.194.0-255,5738,194040,50,228930
36857,0.014086,172.31.46.0-255,66,194106,50,228930
36858,0.016463,172.217.194.0-255,5738,199844,50,228930
36859,0.016476,172.31.46.0-255,66,199910,50,228930
36860,0.018804,172.217.194.0-255,5738,205648,50,228930
36861,0.018812,172.31.46.0-255,66,205714,50,228930
36862,0.021202,172.217.194.0-255,5738,211452,50,228930
36863,0.021215,172.31.46.0-255,66,211518,50,228930
36864,0.023574,172.217.194.0-255,5738,217256,50,228930
36865,0.023584,172.31.46.0-255,66,217322,50,228930
36866,0.025918,172.217.194.0-255,5738,223060,50,228930
36867,0.02593,172.31.46.0-255,66,223126,50,228930
36868,0.028253,172.217.194.0-255,5738,228864,50,228930
36869,0.028261,172.31.46.0-255,66,228930,50,228930
36870,0.0,74.125.24.0-255,153,153,50,170023
36871,2.4e-05,172.31.46.0-255,66,219,50,170023
36872,3.2e-05,74.125.24.0-255,1484,1703,50,170023
36873,3.6e-05,172.31.46.0-255,66,1769,50,170023
36874,4.2e-05,74.125.24.0-255,2902,4671,50,170023
36875,5.4e-05,172.31.46.0-255,66,4737,50,170023
36876,6.2e-05,74.125.24.0-255,7156,11893,50,170023
36877,6.6e-05,172.31.46.0-255,66,11959,50,170023
36878,8.7e-05,74.125.24.0-255,1484,13443,50,170023
36879,8.9e-05,172.31.46.0-255,66,13509,50,170023
36880,0.000116,74.125.24.0-255,1903,15412,50,170023
36881,0.000119,172.31.46.0-255,66,15478,50,170023
36882,0.000131,172.31.46.0-255,66,15544,50,170023
36883,0.000162,74.125.24.0-255,4320,19864,50,170023
36884,0.000165,172.31.46.0-255,66,19930,50,170023
36885,0.000249,74.125.24.0-255,2543,22473,50,170023
36886,0.000252,172.31.46.0-255,66,22539,50,170023
36887,0.000285,172.31.46.0-255,66,22605,50,170023
36888,0.000313,74.125.24.0-255,6797,29402,50,170023
36889,0.000316,172.31.46.0-255,66,29468,50,170023
36890,0.000924,74.125.24.0-255,1484,30952,50,170023
36891,0.00093,172.31.46.0-255,66,31018,50,170023
36892,0.000936,74.125.24.0-255,2902,33920,50,170023
36893,0.000938,172.31.46.0-255,66,33986,50,170023
36894,0.000972,74.125.24.0-255,2902,36888,50,170023
36895,0.000975,172.31.46.0-255,66,36954,50,170023
36896,0.000983,74.125.24.0-255,7156,44110,50,170023
36897,0.000985,172.31.46.0-255,66,44176,50,170023
36898,0.001046,74.125.24.0-255,2543,46719,50,170023
36899,0.00105,172.31.46.0-255,66,46785,50,170023
36900,0.001075,74.125.24.0-255,2902,49687,50,170023
36901,0.001077,172.31.46.0-255,66,49753,50,170023
36902,0.001109,74.125.24.0-255,7156,56909,50,170023
36903,0.001112,172.31.46.0-255,66,56975,50,170023
36904,0.001174,74.125.24.0-255,2902,59877,50,170023
36905,0.001179,172.31.46.0-255,66,59943,50,170023
36906,0.001232,74.125.24.0-255,7156,67099,50,170023
36907,0.001235,172.31.46.0-255,66,67165,50,170023
36908,0.001255,74.125.24.0-255,5379,72544,50,170023
36909,0.001258,172.31.46.0-255,66,72610,50,170023
36910,0.001321,74.125.24.0-255,4320,76930,50,170023
36911,0.001324,172.31.46.0-255,66,76996,50,170023
36912,0.001362,74.125.24.0-255,4320,81316,50,170023
36913,0.001365,172.31.46.0-255,66,81382,50,170023
36914,0.001392,74.125.24.0-255,287,81669,50,170023
36915,0.00167,172.31.46.0-255,66,81735,50,170023
36916,0.001838,74.125.24.0-255,1484,83219,50,170023
36917,0.001847,74.125.24.0-255,2902,86121,50,170023
36918,0.001851,172.31.46.0-255,66,86187,50,170023
36919,0.001881,74.125.24.0-255,5738,91925,50,170023
36920,0.001883,172.31.46.0-255,66,91991,50,170023
36921,0.001914,74.125.24.0-255,1484,93475,50,170023
36922,0.001934,74.125.24.0-255,4320,97795,50,170023
36923,0.001938,172.31.46.0-255,66,97861,50,170023
36924,0.001972,74.125.24.0-255,2902,100763,50,170023
36925,0.001975,172.31.46.0-255,66,100829,50,170023
36926,0.002013,172.31.46.0-255,66,100895,50,170023
36927,0.002095,74.125.24.0-255,5020,105915,50,170023
36928,0.002098,172.31.46.0-255,66,105981,50,170023
36929,0.004412,74.125.24.0-255,5738,111719,50,170023
36930,0.004424,172.31.46.0-255,66,111785,50,170023
36931,0.006743,74.125.24.0-255,2902,114687,50,170023
36932,0.00675,172.31.46.0-255,66,114753,50,170023
36933,0.006777,74.125.24.0-255,2902,117655,50,170023
36934,0.00678,172.31.46.0-255,66,117721,50,170023
36935,0.009087,74.125.24.0-255,5738,123459,50,170023
36936,0.009094,172.31.46.0-255,66,123525,50,170023
36937,0.011425,74.125.24.0-255,5738,129263,50,170023
36938,0.011437,172.31.46.0-255,66,129329,50,170023
36939,0.013824,74.125.24.0-255,5738,135067,50,170023
36940,0.013839,172.31.46.0-255,66,135133,50,170023
36941,0.016178,74.125.24.0-255,5738,140871,50,170023
36942,0.016196,172.31.46.0-255,66,140937,50,170023
36943,0.018494,74.125.24.0-255,5738,146675,50,170023
36944,0.018506,172.31.46.0-255,66,146741,50,170023
36945,0.020843,74.125.24.0-255,5738,152479,50,170023
36946,0.020851,172.31.46.0-255,66,152545,50,170023
36947,0.023178,74.125.24.0-255,5738,158283,50,170023
36948,0.023187,172.31.46.0-255,66,158349,50,170023
36949,0.02549,74.125.24.0-255,5738,164087,50,170023
36950,0.025497,172.31.46.0-255,66,164153,50,170023
36951,0.027826,74.125.24.0-255,4320,168473,50,170023
36952,0.027834,172.31.46.0-255,66,168539,50,170023
36953,0.027865,74.125.24.0-255,1484,170023,50,170023
36954,0.0,172.217.194.0-255,153,153,50,187654
36955,2.2e-05,172.31.46.0-255,66,219,50,187654
36956,2.8e-05,172.217.194.0-255,1484,1703,50,187654
36957,3.2e-05,172.31.46.0-255,66,1769,50,187654
36958,3.8e-05,172.217.194.0-255,2902,4671,50,187654
36959,4.1e-05,172.31.46.0-255,66,4737,50,187654
36960,4.6e-05,172.217.194.0-255,4320,9057,50,187654
36961,4.9e-05,172.31.46.0-255,66,9123,50,187654
36962,5.4e-05,172.217.194.0-255,4320,13443,50,187654
36963,5.7e-05,172.31.46.0-255,66,13509,50,187654
36964,7.5e-05,172.217.194.0-255,635,14144,50,187654
36965,7.8e-05,172.31.46.0-255,66,14210,50,187654
36966,0.000111,172.217.194.0-255,1484,15694,50,187654
36967,0.000113,172.31.46.0-255,66,15760,50,187654
36968,0.000137,172.217.194.0-255,2902,18662,50,187654
36969,0.00014,172.31.46.0-255,66,18728,50,187654
36970,0.000144,172.217.194.0-255,4320,23048,50,187654
36971,0.000146,172.31.46.0-255,66,23114,50,187654
36972,0.000195,172.217.194.0-255,5738,28852,50,187654
36973,0.000197,172.31.46.0-255,66,28918,50,187654
36974,0.000216,172.217.194.0-255,2543,31461,50,187654
36975,0.000218,172.31.46.0-255,66,31527,50,187654
36976,0.000284,172.217.194.0-255,1484,33011,50,187654
36977,0.000287,172.31.46.0-255,66,33077,50,187654
36978,0.000293,172.217.194.0-255,2902,35979,50,187654
36979,0.000295,172.31.46.0-255,66,36045,50,187654
36980,0.000309,172.217.194.0-255,2902,38947,50,187654
36981,0.000311,172.31.46.0-255,66,39013,50,187654
36982,0.000327,172.217.194.0-255,2902,41915,50,187654
36983,0.000328,172.31.46.0-255,66,41981,50,187654
36984,0.000333,172.217.194.0-255,4320,46301,50,187654
36985,0.000335,172.31.46.0-255,66,46367,50,187654
36986,0.000375,172.31.46.0-255,66,46433,50,187654
36987,0.000382,172.217.194.0-255,7156,53589,50,187654
36988,0.000384,172.31.46.0-255,66,53655,50,187654
36989,0.000397,172.217.194.0-255,2543,56198,50,187654
36990,0.000398,172.31.46.0-255,66,56264,50,187654
36991,0.0017,172.217.194.0-255,646,56910,50,187654
36992,0.002021,172.217.194.0-255,1484,58394,50,187654
36993,0.002025,172.31.46.0-255,66,58460,50,187654
36994,0.00203,172.217.194.0-255,2902,61362,50,187654
36995,0.002032,172.31.46.0-255,66,61428,50,187654
36996,0.002059,172.217.194.0-255,5738,67166,50,187654
36997,0.002061,172.31.46.0-255,66,67232,50,187654
36998,0.002067,172.217.194.0-255,5738,72970,50,187654
36999,0.002069,172.31.46.0-255,66,73036,50,187654
37000,0.002086,172.217.194.0-255,7156,80192,50,187654
37001,0.002088,172.31.46.0-255,66,80258,50,187654
37002,0.002096,172.31.46.0-255,66,80324,50,187654
37003,0.00211,172.217.194.0-255,2184,82508,50,187654
37004,0.002112,172.31.46.0-255,66,82574,50,187654
37005,0.00214,172.217.194.0-255,1484,84058,50,187654
37006,0.002163,172.217.194.0-255,1484,85542,50,187654
37007,0.002165,172.31.46.0-255,66,85608,50,187654
37008,0.002185,172.217.194.0-255,1484,87092,50,187654
37009,0.00219,172.217.194.0-255,4320,91412,50,187654
37010,0.002192,172.31.46.0-255,66,91478,50,187654
37011,0.002195,172.217.194.0-255,1484,92962,50,187654
37012,0.002215,172.217.194.0-255,7156,100118,50,187654
37013,0.002216,172.31.46.0-255,66,100184,50,187654
37014,0.002233,172.217.194.0-255,2902,103086,50,187654
37015,0.002235,172.31.46.0-255,66,103152,50,187654
37016,0.002266,172.31.46.0-255,66,103218,50,187654
37017,0.002313,172.31.46.0-255,66,103284,50,187654
37018,0.002318,172.217.194.0-255,4320,107604,50,187654
37019,0.00232,172.31.46.0-255,66,107670,50,187654
37020,0.002342,172.31.46.0-255,66,107736,50,187654
37021,0.002346,172.217.194.0-255,2902,110638,50,187654
37022,0.002348,172.31.46.0-255,66,110704,50,187654
37023,0.002364,172.217.194.0-255,766,111470,50,187654
37024,0.002394,172.217.194.0-255,1484,112954,50,187654
37025,0.002396,172.31.46.0-255,66,113020,50,187654
37026,0.002422,172.31.46.0-255,66,113086,50,187654
37027,0.002439,172.217.194.0-255,1484,114570,50,187654
37028,0.002446,172.217.194.0-255,7156,121726,50,187654
37029,0.002448,172.31.46.0-255,66,121792,50,187654
37030,0.002472,172.31.46.0-255,66,121858,50,187654
37031,0.002506,172.31.46.0-255,66,121924,50,187654
37032,0.002547,172.217.194.0-255,2902,124826,50,187654
37033,0.002549,172.31.46.0-255,66,124892,50,187654
37034,0.002562,172.31.46.0-255,66,124958,50,187654
37035,0.002572,172.31.46.0-255,66,125024,50,187654
37036,0.005082,172.217.194.0-255,2902,127926,50,187654
37037,0.005086,172.31.46.0-255,66,127992,50,187654
37038,0.005106,172.217.194.0-255,2902,130894,50,187654
37039,0.005108,172.31.46.0-255,66,130960,50,187654
37040,0.005959,172.31.46.0-255,101,131061,50,187654
37041,0.007603,172.217.194.0-255,5738,136799,50,187654
37042,0.007611,172.31.46.0-255,66,136865,50,187654
37043,0.008438,172.217.194.0-255,66,136931,50,187654
37044,0.010114,172.217.194.0-255,5738,142669,50,187654
37045,0.010121,172.31.46.0-255,66,142735,50,187654
37046,0.012631,172.217.194.0-255,5738,148473,50,187654
37047,0.012638,172.31.46.0-255,66,148539,50,187654
37048,0.015169,172.217.194.0-255,5738,154277,50,187654
37049,0.01518,172.31.46.0-255,66,154343,50,187654
37050,0.017713,172.217.194.0-255,5738,160081,50,187654
37051,0.017724,172.31.46.0-255,66,160147,50,187654
37052,0.020259,172.217.194.0-255,5738,165885,50,187654
37053,0.020267,172.31.46.0-255,66,165951,50,187654
37054,0.02278,172.217.194.0-255,5738,171689,50,187654
37055,0.02279,172.31.46.0-255,66,171755,50,187654
37056,0.025297,172.217.194.0-255,5738,177493,50,187654
37057,0.025304,172.31.46.0-255,66,177559,50,187654
37058,0.027502,172.31.46.0-255,172,177731,50,187654
37059,0.02753,172.31.46.0-255,1113,178844,50,187654
37060,0.027583,172.31.46.0-255,1514,180358,50,187654
37061,0.027584,172.31.46.0-255,1294,181652,50,187654
37062,0.027829,172.217.194.0-255,5738,187390,50,187654
37063,0.027834,172.31.46.0-255,66,187456,50,187654
37064,0.029068,104.244.42.0-255,66,187522,50,187654
37065,0.029075,104.244.42.0-255,66,187588,50,187654
37066,0.029147,104.244.42.0-255,66,187654,50,187654
37067,0.0,74.125.130.0-255,146,146,50,197096
37068,2.5e-05,172.31.46.0-255,66,212,50,197096
37069,3.1e-05,74.125.130.0-255,1484,1696,50,197096
37070,3.6e-05,172.31.46.0-255,66,1762,50,197096
37071,6.4e-05,74.125.130.0-255,2902,4664,50,197096
37072,7.2e-05,172.31.46.0-255,66,4730,50,197096
37073,7.6e-05,74.125.130.0-255,1484,6214,50,197096
37074,7.9e-05,172.31.46.0-255,66,6280,50,197096
37075,0.000114,74.125.130.0-255,4320,10600,50,197096
37076,0.000117,172.31.46.0-255,66,10666,50,197096
37077,0.000122,74.125.130.0-255,2902,13568,50,197096
37078,0.000124,172.31.46.0-255,66,13634,50,197096
37079,0.000135,74.125.130.0-255,3447,17081,50,197096
37080,0.000138,172.31.46.0-255,66,17147,50,197096
37081,0.000141,74.125.130.0-255,1484,18631,50,197096
37082,0.000143,172.31.46.0-255,66,18697,50,197096
37083,0.000175,74.125.130.0-255,2902,21599,50,197096
37084,0.000178,172.31.46.0-255,66,21665,50,197096
37085,0.000182,74.125.130.0-255,2902,24567,50,197096
37086,0.000184,172.31.46.0-255,66,24633,50,197096
37087,0.000212,74.125.130.0-255,2902,27535,50,197096
37088,0.000214,172.31.46.0-255,66,27601,50,197096
37089,0.000217,74.125.130.0-255,1484,29085,50,197096
37090,0.000219,172.31.46.0-255,66,29151,50,197096
37091,0.000224,74.125.130.0-255,2543,31694,50,197096
37092,0.000231,172.31.46.0-255,66,31760,50,197096
37093,0.000415,74.125.130.0-255,1484,33244,50,197096
37094,0.00042,172.31.46.0-255,66,33310,50,197096
37095,0.000451,74.125.130.0-255,2902,36212,50,197096
37096,0.000455,172.31.46.0-255,66,36278,50,197096
37097,0.000459,74.125.130.0-255,1484,37762,50,197096
37098,0.00046,172.31.46.0-255,66,37828,50,197096
37099,0.000465,74.125.130.0-255,2902,40730,50,197096
37100,0.000467,172.31.46.0-255,66,40796,50,197096
37101,0.000477,74.125.130.0-255,2902,43698,50,197096
37102,0.000479,172.31.46.0-255,66,43764,50,197096
37103,0.00051,74.125.130.0-255,2902,46666,50,197096
37104,0.000513,172.31.46.0-255,66,46732,50,197096
37105,0.000522,74.125.130.0-255,2543,49275,50,197096
37106,0.000525,172.31.46.0-255,66,49341,50,197096
37107,0.000529,74.125.130.0-255,2902,52243,50,197096
37108,0.000531,172.31.46.0-255,66,52309,50,197096
37109,0.000538,74.125.130.0-255,5738,58047,50,197096
37110,0.00054,172.31.46.0-255,66,58113,50,197096
37111,0.000571,74.125.130.0-255,1484,59597,50,197096
37112,0.000573,172.31.46.0-255,66,59663,50,197096
37113,0.00058,74.125.130.0-255,5738,65401,50,197096
37114,0.000583,172.31.46.0-255,66,65467,50,197096
37115,0.000591,74.125.130.0-255,1380,66847,50,197096
37116,0.000593,172.31.46.0-255,66,66913,50,197096
37117,0.000719,74.125.130.0-255,401,67314,50,197096
37118,0.000724,172.31.46.0-255,66,67380,50,197096
37119,0.000883,74.125.130.0-255,1484,68864,50,197096
37120,0.000888,74.125.130.0-255,2902,71766,50,197096
37121,0.000893,172.31.46.0-255,66,71832,50,197096
37122,0.000896,172.31.46.0-255,66,71898,50,197096
37123,0.000922,74.125.130.0-255,4320,76218,50,197096
37124,0.000924,172.31.46.0-255,66,76284,50,197096
37125,0.000935,74.125.130.0-255,5738,82022,50,197096
37126,0.000938,172.31.46.0-255,66,82088,50,197096
37127,0.000976,172.31.46.0-255,66,82154,50,197096
37128,0.000982,74.125.130.0-255,4320,86474,50,197096
37129,0.000984,172.31.46.0-255,66,86540,50,197096
37130,0.001016,74.125.130.0-255,4320,90860,50,197096
37131,0.001019,172.31.46.0-255,66,90926,50,197096
37132,0.001023,74.125.130.0-255,2543,93469,50,197096
37133,0.001025,172.31.46.0-255,66,93535,50,197096
37134,0.00162,74.125.130.0-255,1484,95019,50,197096
37135,0.001625,172.31.46.0-255,66,95085,50,197096
37136,0.001658,74.125.130.0-255,2902,97987,50,197096
37137,0.001661,172.31.46.0-255,66,98053,50,197096
37138,0.001665,74.125.130.0-255,2902,100955,50,197096
37139,0.001667,172.31.46.0-255,66,101021,50,197096
37140,0.001672,74.125.130.0-255,4320,105341,50,197096
37141,0.001679,172.31.46.0-255,66,105407,50,197096
37142,0.001689,74.125.130.0-255,1484,106891,50,197096
37143,0.001691,172.31.46.0-255,66,106957,50,197096
37144,0.001723,74.125.130.0-255,7156,114113,50,197096
37145,0.001726,172.31.46.0-255,66,114179,50,197096
37146,0.001737,74.125.130.0-255,5738,119917,50,197096
37147,0.001739,172.31.46.0-255,66,119983,50,197096
37148,0.001747,74.125.130.0-255,7156,127139,50,197096
37149,0.001749,172.31.46.0-255,66,127205,50,197096
37150,0.001752,74.125.130.0-255,766,127971,50,197096
37151,0.001754,172.31.46.0-255,66,128037,50,197096
37152,0.002355,74.125.130.0-255,1484,129521,50,197096
37153,0.002362,172.31.46.0-255,66,129587,50,197096
37154,0.004077,74.125.130.0-255,2902,132489,50,197096
37155,0.004087,172.31.46.0-255,66,132555,50,197096
37156,0.004667,74.125.130.0-255,1484,134039,50,197096
37157,0.00467,172.31.46.0-255,66,134105,50,197096
37158,0.004697,74.125.130.0-255,1484,135589,50,197096
37159,0.004699,172.31.46.0-255,66,135655,50,197096
37160,0.006411,74.125.130.0-255,2902,138557,50,197096
37161,0.00642,172.31.46.0-255,66,138623,50,197096
37162,0.007013,74.125.130.0-255,2902,141525,50,197096
37163,0.007018,172.31.46.0-255,66,141591,50,197096
37164,0.008749,74.125.130.0-255,2902,144493,50,197096
37165,0.008756,172.31.46.0-255,66,144559,50,197096
37166,0.009347,74.125.130.0-255,2902,147461,50,197096
37167,0.009355,172.31.46.0-255,66,147527,50,197096
37168,0.011094,74.125.130.0-255,2902,150429,50,197096
37169,0.011109,172.31.46.0-255,66,150495,50,197096
37170,0.011681,74.125.130.0-255,2902,153397,50,197096
37171,0.011689,172.31.46.0-255,66,153463,50,197096
37172,0.013437,74.125.130.0-255,2902,156365,50,197096
37173,0.014021,74.125.130.0-255,2902,159267,50,197096
37174,0.01408,172.31.46.0-255,66,159333,50,197096
37175,0.016414,74.125.130.0-255,4320,163653,50,197096
37176,0.016426,172.31.46.0-255,66,163719,50,197096
37177,0.016459,74.125.130.0-255,1484,165203,50,197096
37178,0.018759,74.125.130.0-255,4320,169523,50,197096
37179,0.01877,172.31.46.0-255,66,169589,50,197096
37180,0.02111,74.125.130.0-255,5738,175327,50,197096
37181,0.021118,172.31.46.0-255,66,175393,50,197096
37182,0.023442,74.125.130.0-255,5738,181131,50,197096
37183,0.023452,172.31.46.0-255,66,181197,50,197096
37184,0.025785,74.125.130.0-255,5738,186935,50,197096
37185,0.025799,172.31.46.0-255,66,187001,50,197096
37186,0.02724,172.31.46.0-255,172,187173,50,197096
37187,0.027273,172.31.46.0-255,1114,188287,50,197096
37188,0.027329,172.31.46.0-255,1514,189801,50,197096
37189,0.027331,172.31.46.0-255,1293,191094,50,197096
37190,0.028136,74.125.130.0-255,5738,196832,50,197096
37191,0.028143,172.31.46.0-255,66,196898,50,197096
37192,0.028795,104.244.42.0-255,66,196964,50,197096
37193,0.028847,104.244.42.0-255,66,197030,50,197096
37194,0.028901,104.244.42.0-255,66,197096,50,197096
37195,0.0,74.125.68.0-255,152,152,50,347629
37196,1.7e-05,172.31.46.0-255,66,218,50,347629
37197,3.5e-05,74.125.68.0-255,1484,1702,50,347629
37198,3.8e-05,172.31.46.0-255,66,1768,50,347629
37199,4.9e-05,74.125.68.0-255,1484,3252,50,347629
37200,5.2e-05,172.31.46.0-255,66,3318,50,347629
37201,8.3e-05,74.125.68.0-255,2902,6220,50,347629
37202,8.5e-05,172.31.46.0-255,66,6286,50,347629
37203,9.9e-05,74.125.68.0-255,5738,12024,50,347629
37204,0.000101,172.31.46.0-255,66,12090,50,347629
37205,0.000105,74.125.68.0-255,1484,13574,50,347629
37206,0.000106,172.31.46.0-255,66,13640,50,347629
37207,0.000129,74.125.68.0-255,720,14360,50,347629
37208,0.000131,172.31.46.0-255,66,14426,50,347629
37209,0.000149,74.125.68.0-255,2902,17328,50,347629
37210,0.000151,172.31.46.0-255,66,17394,50,347629
37211,0.000156,74.125.68.0-255,4320,21714,50,347629
37212,0.000158,172.31.46.0-255,66,21780,50,347629
37213,0.000197,74.125.68.0-255,5738,27518,50,347629
37214,0.0002,172.31.46.0-255,66,27584,50,347629
37215,0.000216,74.125.68.0-255,2902,30486,50,347629
37216,0.000218,172.31.46.0-255,66,30552,50,347629
37217,0.000244,74.125.68.0-255,1125,31677,50,347629
37218,0.000246,172.31.46.0-255,66,31743,50,347629
37219,0.000371,74.125.68.0-255,1484,33227,50,347629
37220,0.000376,172.31.46.0-255,66,33293,50,347629
37221,0.00038,74.125.68.0-255,2902,36195,50,347629
37222,0.000383,172.31.46.0-255,66,36261,50,347629
37223,0.000402,74.125.68.0-255,5738,41999,50,347629
37224,0.000405,172.31.46.0-255,66,42065,50,347629
37225,0.000432,74.125.68.0-255,6797,48862,50,347629
37226,0.000436,172.31.46.0-255,66,48928,50,347629
37227,0.000446,74.125.68.0-255,1484,50412,50,347629
37228,0.000465,74.125.68.0-255,7156,57568,50,347629
37229,0.00048,172.31.46.0-255,66,57634,50,347629
37230,0.000508,74.125.68.0-255,4320,61954,50,347629
37231,0.000523,74.125.68.0-255,4235,66189,50,347629
37232,0.000528,172.31.46.0-255,66,66255,50,347629
37233,0.00067,74.125.68.0-255,131,66386,50,347629
37234,0.000928,172.31.46.0-255,66,66452,50,347629
37235,0.000956,74.125.68.0-255,1484,67936,50,347629
37236,0.000979,74.125.68.0-255,2902,70838,50,347629
37237,0.000982,74.125.68.0-255,1484,72322,50,347629
37238,0.001003,74.125.68.0-255,4320,76642,50,347629
37239,0.001008,74.125.68.0-255,4320,80962,50,347629
37240,0.001022,74.125.68.0-255,2543,83505,50,347629
37241,0.001029,172.31.46.0-255,66,83571,50,347629
37242,0.001035,74.125.68.0-255,4320,87891,50,347629
37243,0.001039,172.31.46.0-255,66,87957,50,347629
37244,0.001047,74.125.68.0-255,2902,90859,50,347629
37245,0.001058,74.125.68.0-255,1484,92343,50,347629
37246,0.001084,172.31.46.0-255,66,92409,50,347629
37247,0.0023,74.125.68.0-255,1484,93893,50,347629
37248,0.002312,74.125.68.0-255,2902,96795,50,347629
37249,0.002317,172.31.46.0-255,66,96861,50,347629
37250,0.002324,74.125.68.0-255,4320,101181,50,347629
37251,0.002327,74.125.68.0-255,1484,102665,50,347629
37252,0.002344,74.125.68.0-255,4320,106985,50,347629
37253,0.002376,74.125.68.0-255,7156,114141,50,347629
37254,0.002381,172.31.46.0-255,66,114207,50,347629
37255,0.002406,74.125.68.0-255,7156,121363,50,347629
37256,0.002417,74.125.68.0-255,1484,122847,50,347629
37257,0.002423,74.125.68.0-255,3602,126449,50,347629
37258,0.002473,172.31.46.0-255,66,126515,50,347629
37259,0.002655,74.125.68.0-255,1484,127999,50,347629
37260,0.002694,74.125.68.0-255,1484,129483,50,347629
37261,0.002699,172.31.46.0-255,66,129549,50,347629
37262,0.002708,74.125.68.0-255,1484,131033,50,347629
37263,0.002722,74.125.68.0-255,4320,135353,50,347629
37264,0.002739,172.31.46.0-255,66,135419,50,347629
37265,0.002747,74.125.68.0-255,1484,136903,50,347629
37266,0.002784,74.125.68.0-255,7156,144059,50,347629
37267,0.002787,74.125.68.0-255,1484,145543,50,347629
37268,0.00279,74.125.68.0-255,1484,147027,50,347629
37269,0.002792,74.125.68.0-255,1484,148511,50,347629
37270,0.002807,172.31.46.0-255,66,148577,50,347629
37271,0.002827,74.125.68.0-255,2902,151479,50,347629
37272,0.002832,172.31.46.0-255,66,151545,50,347629
37273,0.00285,74.125.68.0-255,1484,153029,50,347629
37274,0.002875,74.125.68.0-255,5738,158767,50,347629
37275,0.002893,172.31.46.0-255,66,158833,50,347629
37276,0.002902,74.125.68.0-255,1484,160317,50,347629
37277,0.00292,74.125.68.0-255,766,161083,50,347629
37278,0.002927,172.31.46.0-255,66,161149,50,347629
37279,0.003186,74.125.68.0-255,1484,162633,50,347629
37280,0.0032,74.125.68.0-255,1484,164117,50,347629
37281,0.003203,172.31.46.0-255,66,164183,50,347629
37282,0.003209,74.125.68.0-255,2902,167085,50,347629
37283,0.003235,172.31.46.0-255,66,167151,50,347629
37284,0.00324,74.125.68.0-255,2902,170053,50,347629
37285,0.003258,74.125.68.0-255,4320,174373,50,347629
37286,0.003261,172.31.46.0-255,66,174439,50,347629
37287,0.003282,74.125.68.0-255,4320,178759,50,347629
37288,0.003296,74.125.68.0-255,4320,183079,50,347629
37289,0.003303,172.31.46.0-255,66,183145,50,347629
37290,0.003335,172.31.46.0-255,66,183211,50,347629
37291,0.00334,74.125.68.0-255,2184,185395,50,347629
37292,0.003344,172.31.46.0-255,66,185461,50,347629
37293,0.003485,74.125.68.0-255,1484,186945,50,347629
37294,0.0035,74.125.68.0-255,1484,188429,50,347629
37295,0.003503,172.31.46.0-255,66,188495,50,347629
37296,0.003516,74.125.68.0-255,1484,189979,50,347629
37297,0.003522,74.125.68.0-255,5738,195717,50,347629
37298,0.003529,172.31.46.0-255,66,195783,50,347629
37299,0.003541,74.125.68.0-255,5738,201521,50,347629
37300,0.003555,74.125.68.0-255,2902,204423,50,347629
37301,0.003561,74.125.68.0-255,5738,210161,50,347629
37302,0.003568,172.31.46.0-255,66,210227,50,347629
37303,0.003583,74.125.68.0-255,4320,214547,50,347629
37304,0.00359,172.31.46.0-255,66,214613,50,347629
37305,0.003608,74.125.68.0-255,5020,219633,50,347629
37306,0.003613,172.31.46.0-255,66,219699,50,347629
37307,0.003629,74.125.68.0-255,1484,221183,50,347629
37308,0.003661,74.125.68.0-255,4320,225503,50,347629
37309,0.003671,172.31.46.0-255,66,225569,50,347629
37310,0.003681,74.125.68.0-255,4320,229889,50,347629
37311,0.003688,172.31.46.0-255,66,229955,50,347629
37312,0.003691,74.125.68.0-255,1484,231439,50,347629
37313,0.003709,74.125.68.0-255,2902,234341,50,347629
37314,0.003724,74.125.68.0-255,4320,238661,50,347629
37315,0.003734,74.125.68.0-255,1484,240145,50,347629
37316,0.003738,74.125.68.0-255,4320,244465,50,347629
37317,0.003759,74.125.68.0-255,5738,250203,50,347629
37318,0.003789,74.125.68.0-255,5738,255941,50,347629
37319,0.003803,74.125.68.0-255,2184,258125,50,347629
37320,0.003805,74.125.68.0-255,1484,259609,50,347629
37321,0.003825,74.125.68.0-255,7156,266765,50,347629
37322,0.003838,74.125.68.0-255,2902,269667,50,347629
37323,0.003906,74.125.68.0-255,7156,276823,50,347629
37324,0.003926,74.125.68.0-255,6438,283261,50,347629
37325,0.003936,74.125.68.0-255,1484,284745,50,347629
37326,0.004006,74.125.68.0-255,2902,287647,50,347629
37327,0.004018,74.125.68.0-255,766,288413,50,347629
37328,0.004046,74.125.68.0-255,7156,295569,50,347629
37329,0.00406,74.125.68.0-255,1484,297053,50,347629
37330,0.004075,74.125.68.0-255,2902,299955,50,347629
37331,0.004094,74.125.68.0-255,7156,307111,50,347629
37332,0.004137,74.125.68.0-255,4320,311431,50,347629
37333,0.004153,74.125.68.0-255,5020,316451,50,347629
37334,0.004157,74.125.68.0-255,2902,319353,50,347629
37335,0.00418,74.125.68.0-255,5738,325091,50,347629
37336,0.004207,74.125.68.0-255,2902,327993,50,347629
37337,0.004211,74.125.68.0-255,4320,332313,50,347629
37338,0.004257,74.125.68.0-255,4320,336633,50,347629
37339,0.00427,74.125.68.0-255,2184,338817,50,347629
37340,0.004275,74.125.68.0-255,4320,343137,50,347629
37341,0.004294,74.125.68.0-255,2902,346039,50,347629
37342,0.004297,74.125.68.0-255,1248,347287,50,347629
37343,0.00436,74.125.68.0-255,105,347392,50,347629
37344,0.005177,172.31.46.0-255,66,347458,50,347629
37345,0.006585,172.31.46.0-255,105,347563,50,347629
37346,0.009115,74.125.68.0-255,66,347629,50,347629
37347,0.0,172.217.160.0-255,146,146,50,155217
37348,2.6e-05,172.31.46.0-255,66,212,50,155217
37349,3.2e-05,172.217.160.0-255,1484,1696,50,155217
37350,3.7e-05,172.31.46.0-255,66,1762,50,155217
37351,5.1e-05,172.217.160.0-255,2902,4664,50,155217
37352,5.6e-05,172.31.46.0-255,66,4730,50,155217
37353,6.3e-05,172.217.160.0-255,7156,11886,50,155217
37354,6.7e-05,172.31.46.0-255,66,11952,50,155217
37355,7.1e-05,172.217.160.0-255,2028,13980,50,155217
37356,7.4e-05,172.31.46.0-255,66,14046,50,155217
37357,7.9e-05,172.217.160.0-255,2902,16948,50,155217
37358,8.1e-05,172.31.46.0-255,66,17014,50,155217
37359,0.000137,172.217.160.0-255,7156,24170,50,155217
37360,0.00014,172.31.46.0-255,66,24236,50,155217
37361,0.000148,172.217.160.0-255,6797,31033,50,155217
37362,0.00015,172.31.46.0-255,66,31099,50,155217
37363,0.000537,172.217.160.0-255,1484,32583,50,155217
37364,0.000543,172.31.46.0-255,66,32649,50,155217
37365,0.00055,172.217.160.0-255,2902,35551,50,155217
37366,0.000552,172.31.46.0-255,66,35617,50,155217
37367,0.000558,172.217.160.0-255,5738,41355,50,155217
37368,0.000565,172.31.46.0-255,66,41421,50,155217
37369,0.000571,172.217.160.0-255,4320,45741,50,155217
37370,0.000573,172.31.46.0-255,66,45807,50,155217
37371,0.00061,172.217.160.0-255,2543,48350,50,155217
37372,0.000613,172.31.46.0-255,66,48416,50,155217
37373,0.000629,172.31.46.0-255,66,48482,50,155217
37374,0.000633,172.217.160.0-255,2543,51025,50,155217
37375,0.000635,172.31.46.0-255,66,51091,50,155217
37376,0.000735,172.217.160.0-255,340,51431,50,155217
37377,0.00074,172.31.46.0-255,66,51497,50,155217
37378,0.001314,172.217.160.0-255,402,51899,50,155217
37379,0.001428,172.217.160.0-255,1484,53383,50,155217
37380,0.001434,172.31.46.0-255,66,53449,50,155217
37381,0.00144,172.217.160.0-255,2902,56351,50,155217
37382,0.001443,172.31.46.0-255,66,56417,50,155217
37383,0.001455,172.217.160.0-255,5738,62155,50,155217
37384,0.001457,172.31.46.0-255,66,62221,50,155217
37385,0.001504,172.31.46.0-255,66,62287,50,155217
37386,0.001518,172.31.46.0-255,66,62353,50,155217
37387,0.003192,172.217.160.0-255,5738,68091,50,155217
37388,0.003203,172.31.46.0-255,66,68157,50,155217
37389,0.004877,172.217.160.0-255,5738,73895,50,155217
37390,0.004881,172.31.46.0-255,66,73961,50,155217
37391,0.006548,172.217.160.0-255,5738,79699,50,155217
37392,0.006552,172.31.46.0-255,66,79765,50,155217
37393,0.008235,172.217.160.0-255,5738,85503,50,155217
37394,0.008248,172.31.46.0-255,66,85569,50,155217
37395,0.009944,172.217.160.0-255,5738,91307,50,155217
37396,0.009955,172.31.46.0-255,66,91373,50,155217
37397,0.011639,172.217.160.0-255,5738,97111,50,155217
37398,0.011647,172.31.46.0-255,66,97177,50,155217
37399,0.01333,172.217.160.0-255,5738,102915,50,155217
37400,0.01334,172.31.46.0-255,66,102981,50,155217
37401,0.015015,172.217.160.0-255,5738,108719,50,155217
37402,0.015023,172.31.46.0-255,66,108785,50,155217
37403,0.01671,172.217.160.0-255,5738,114523,50,155217
37404,0.016722,172.31.46.0-255,66,114589,50,155217
37405,0.018407,172.217.160.0-255,5738,120327,50,155217
37406,0.018416,172.31.46.0-255,66,120393,50,155217
37407,0.020096,172.217.160.0-255,5738,126131,50,155217
37408,0.020107,172.31.46.0-255,66,126197,50,155217
37409,0.021803,172.217.160.0-255,5738,131935,50,155217
37410,0.021812,172.31.46.0-255,66,132001,50,155217
37411,0.023493,172.217.160.0-255,5738,137739,50,155217
37412,0.0235,172.31.46.0-255,66,137805,50,155217
37413,0.025173,172.217.160.0-255,5738,143543,50,155217
37414,0.025182,172.31.46.0-255,66,143609,50,155217
37415,0.026897,172.217.160.0-255,5738,149347,50,155217
37416,0.026905,172.31.46.0-255,66,149413,50,155217
37417,0.028596,172.217.160.0-255,5738,155151,50,155217
37418,0.028603,172.31.46.0-255,66,155217,50,155217
37419,0.0,172.31.46.0-255,105,105,50,276
37420,0.002049,157.240.13.0-255,105,210,50,276
37421,0.002063,172.31.46.0-255,66,276,50,276
37422,0.0,74.125.68.0-255,153,153,50,238289
37423,2.2e-05,172.31.46.0-255,66,219,50,238289
37424,2.8e-05,74.125.68.0-255,1484,1703,50,238289
37425,3.3e-05,172.31.46.0-255,66,1769,50,238289
37426,5.3e-05,74.125.68.0-255,2902,4671,50,238289
37427,5.6e-05,172.31.46.0-255,66,4737,50,238289
37428,6e-05,74.125.68.0-255,2902,7639,50,238289
37429,6.3e-05,172.31.46.0-255,66,7705,50,238289
37430,6.8e-05,74.125.68.0-255,4320,12025,50,238289
37431,7e-05,172.31.46.0-255,66,12091,50,238289
37432,9.7e-05,74.125.68.0-255,2083,14174,50,238289
37433,0.0001,172.31.46.0-255,66,14240,50,238289
37434,0.000212,74.125.68.0-255,1484,15724,50,238289
37435,0.000215,172.31.46.0-255,66,15790,50,238289
37436,0.00022,74.125.68.0-255,2902,18692,50,238289
37437,0.000222,172.31.46.0-255,66,18758,50,238289
37438,0.000272,74.125.68.0-255,1484,20242,50,238289
37439,0.000275,172.31.46.0-255,66,20308,50,238289
37440,0.000279,74.125.68.0-255,2902,23210,50,238289
37441,0.000281,172.31.46.0-255,66,23276,50,238289
37442,0.000286,74.125.68.0-255,5738,29014,50,238289
37443,0.000288,172.31.46.0-255,66,29080,50,238289
37444,0.000293,74.125.68.0-255,3961,33041,50,238289
37445,0.000295,172.31.46.0-255,66,33107,50,238289
37446,0.000298,74.125.68.0-255,1484,34591,50,238289
37447,0.0003,172.31.46.0-255,66,34657,50,238289
37448,0.000325,74.125.68.0-255,2902,37559,50,238289
37449,0.000328,172.31.46.0-255,66,37625,50,238289
37450,0.000339,172.31.46.0-255,66,37691,50,238289
37451,0.000388,74.125.68.0-255,2902,40593,50,238289
37452,0.000391,172.31.46.0-255,66,40659,50,238289
37453,0.000425,74.125.68.0-255,2902,43561,50,238289
37454,0.000428,172.31.46.0-255,66,43627,50,238289
37455,0.000438,172.31.46.0-255,66,43693,50,238289
37456,0.000456,74.125.68.0-255,444,44137,50,238289
37457,0.000516,74.125.68.0-255,1484,45621,50,238289
37458,0.00052,172.31.46.0-255,66,45687,50,238289
37459,0.000537,74.125.68.0-255,4320,50007,50,238289
37460,0.00054,172.31.46.0-255,66,50073,50,238289
37461,0.000543,74.125.68.0-255,1484,51557,50,238289
37462,0.000546,74.125.68.0-255,1484,53041,50,238289
37463,0.000548,172.31.46.0-255,66,53107,50,238289
37464,0.000575,74.125.68.0-255,1484,54591,50,238289
37465,0.00058,74.125.68.0-255,5738,60329,50,238289
37466,0.000583,172.31.46.0-255,66,60395,50,238289
37467,0.000611,172.31.46.0-255,66,60461,50,238289
37468,0.000637,74.125.68.0-255,1484,61945,50,238289
37469,0.000669,74.125.68.0-255,4320,66265,50,238289
37470,0.000684,74.125.68.0-255,2184,68449,50,238289
37471,0.000697,74.125.68.0-255,1749,70198,50,238289
37472,0.0007,74.125.68.0-255,1484,71682,50,238289
37473,0.00071,74.125.68.0-255,1484,73166,50,238289
37474,0.000731,74.125.68.0-255,7156,80322,50,238289
37475,0.000739,172.31.46.0-255,66,80388,50,238289
37476,0.000763,74.125.68.0-255,5738,86126,50,238289
37477,0.000779,74.125.68.0-255,1484,87610,50,238289
37478,0.000855,74.125.68.0-255,6438,94048,50,238289
37479,0.000881,74.125.68.0-255,2902,96950,50,238289
37480,0.000893,74.125.68.0-255,4320,101270,50,238289
37481,0.000925,74.125.68.0-255,2902,104172,50,238289
37482,0.000935,74.125.68.0-255,2902,107074,50,238289
37483,0.000958,74.125.68.0-255,4320,111394,50,238289
37484,0.00097,74.125.68.0-255,2902,114296,50,238289
37485,0.001004,74.125.68.0-255,5738,120034,50,238289
37486,0.001025,74.125.68.0-255,5738,125772,50,238289
37487,0.001028,172.31.46.0-255,66,125838,50,238289
37488,0.001033,172.31.46.0-255,66,125904,50,238289
37489,0.001064,74.125.68.0-255,2184,128088,50,238289
37490,0.001093,74.125.68.0-255,2902,130990,50,238289
37491,0.001097,74.125.68.0-255,2902,133892,50,238289
37492,0.001104,172.31.46.0-255,66,133958,50,238289
37493,0.001122,74.125.68.0-255,4320,138278,50,238289
37494,0.001135,74.125.68.0-255,2902,141180,50,238289
37495,0.001185,172.31.46.0-255,66,141246,50,238289
37496,0.001272,74.125.68.0-255,766,142012,50,238289
37497,0.001279,74.125.68.0-255,5738,147750,50,238289
37498,0.001285,172.31.46.0-255,66,147816,50,238289
37499,0.001308,74.125.68.0-255,4320,152136,50,238289
37500,0.001325,74.125.68.0-255,4320,156456,50,238289
37501,0.001351,74.125.68.0-255,2902,159358,50,238289
37502,0.00136,74.125.68.0-255,1484,160842,50,238289
37503,0.001366,172.31.46.0-255,66,160908,50,238289
37504,0.001375,74.125.68.0-255,1484,162392,50,238289
37505,0.00142,172.31.46.0-255,66,162458,50,238289
37506,0.001444,74.125.68.0-255,766,163224,50,238289
37507,0.00148,172.31.46.0-255,66,163290,50,238289
37508,0.00151,172.31.46.0-255,66,163356,50,238289
37509,0.001577,74.125.68.0-255,5738,169094,50,238289
37510,0.001584,172.31.46.0-255,66,169160,50,238289
37511,0.001634,172.31.46.0-255,66,169226,50,238289
37512,0.001674,74.125.68.0-255,5738,174964,50,238289
37513,0.0017,172.31.46.0-255,66,175030,50,238289
37514,0.001729,74.125.68.0-255,4320,179350,50,238289
37515,0.001741,172.31.46.0-255,66,179416,50,238289
37516,0.001787,172.31.46.0-255,66,179482,50,238289
37517,0.001814,74.125.68.0-255,5020,184502,50,238289
37518,0.001836,172.31.46.0-255,66,184568,50,238289
37519,0.00184,74.125.68.0-255,1484,186052,50,238289
37520,0.001848,74.125.68.0-255,5738,191790,50,238289
37521,0.00187,74.125.68.0-255,2902,194692,50,238289
37522,0.001877,172.31.46.0-255,66,194758,50,238289
37523,0.001935,172.31.46.0-255,66,194824,50,238289
37524,0.001941,172.31.46.0-255,66,194890,50,238289
37525,0.002034,172.31.46.0-255,66,194956,50,238289
37526,0.002066,74.125.68.0-255,5738,200694,50,238289
37527,0.002077,172.31.46.0-255,66,200760,50,238289
37528,0.002128,172.31.46.0-255,66,200826,50,238289
37529,0.002231,74.125.68.0-255,4320,205146,50,238289
37530,0.002237,172.31.46.0-255,66,205212,50,238289
37531,0.0023,172.31.46.0-255,66,205278,50,238289
37532,0.004282,74.125.68.0-255,5738,211016,50,238289
37533,0.004291,172.31.46.0-255,66,211082,50,238289
37534,0.006291,74.125.68.0-255,5738,216820,50,238289
37535,0.009202,172.31.46.0-255,66,216886,50,238289
37536,0.011202,74.125.68.0-255,5738,222624,50,238289
37537,0.011211,172.31.46.0-255,66,222690,50,238289
37538,0.013209,74.125.68.0-255,5738,228428,50,238289
37539,0.013216,172.31.46.0-255,66,228494,50,238289
37540,0.015219,74.125.68.0-255,5265,233759,50,238289
37541,0.015226,172.31.46.0-255,66,233825,50,238289
37542,0.015443,172.31.46.0-255,105,233930,50,238289
37543,0.017395,74.125.68.0-255,66,233996,50,238289
37544,0.019627,172.31.46.0-255,172,234168,50,238289
37545,0.019662,172.31.46.0-255,1113,235281,50,238289
37546,0.019728,172.31.46.0-255,1514,236795,50,238289
37547,0.01973,172.31.46.0-255,1296,238091,50,238289
37548,0.021115,104.244.42.0-255,66,238157,50,238289
37549,0.021156,104.244.42.0-255,66,238223,50,238289
37550,0.021232,104.244.42.0-255,66,238289,50,238289
37551,0.0,74.125.200.0-255,152,152,50,291169
37552,2.5e-05,172.31.46.0-255,66,218,50,291169
37553,3.1e-05,74.125.200.0-255,1484,1702,50,291169
37554,3.6e-05,172.31.46.0-255,66,1768,50,291169
37555,4.2e-05,74.125.200.0-255,2902,4670,50,291169
37556,4.6e-05,172.31.46.0-255,66,4736,50,291169
37557,5.4e-05,74.125.200.0-255,7156,11892,50,291169
37558,5.7e-05,172.31.46.0-255,66,11958,50,291169
37559,6.1e-05,74.125.200.0-255,1975,13933,50,291169
37560,6.4e-05,172.31.46.0-255,66,13999,50,291169
37561,0.000127,74.125.200.0-255,1484,15483,50,291169
37562,0.00013,172.31.46.0-255,66,15549,50,291169
37563,0.000148,74.125.200.0-255,2902,18451,50,291169
37564,0.000151,172.31.46.0-255,66,18517,50,291169
37565,0.000154,74.125.200.0-255,1484,20001,50,291169
37566,0.000156,172.31.46.0-255,66,20067,50,291169
37567,0.000176,74.125.200.0-255,4320,24387,50,291169
37568,0.00018,172.31.46.0-255,66,24453,50,291169
37569,0.000189,74.125.200.0-255,2902,27355,50,291169
37570,0.000191,172.31.46.0-255,66,27421,50,291169
37571,0.000213,74.125.200.0-255,3961,31382,50,291169
37572,0.000216,172.31.46.0-255,66,31448,50,291169
37573,0.000234,74.125.200.0-255,2902,34350,50,291169
37574,0.000236,172.31.46.0-255,66,34416,50,291169
37575,0.000252,74.125.200.0-255,4320,38736,50,291169
37576,0.000255,172.31.46.0-255,66,38802,50,291169
37577,0.00026,74.125.200.0-255,2902,41704,50,291169
37578,0.000262,172.31.46.0-255,66,41770,50,291169
37579,0.000278,74.125.200.0-255,1484,43254,50,291169
37580,0.000282,172.31.46.0-255,66,43320,50,291169
37581,0.000288,74.125.200.0-255,4320,47640,50,291169
37582,0.00029,172.31.46.0-255,66,47706,50,291169
37583,0.000305,74.125.200.0-255,1125,48831,50,291169
37584,0.000336,74.125.200.0-255,1484,50315,50,291169
37585,0.00034,74.125.200.0-255,1484,51799,50,291169
37586,0.000355,74.125.200.0-255,1484,53283,50,291169
37587,0.000358,74.125.200.0-255,1484,54767,50,291169
37588,0.000363,74.125.200.0-255,2902,57669,50,291169
37589,0.00037,74.125.200.0-255,5738,63407,50,291169
37590,0.000393,74.125.200.0-255,2543,65950,50,291169
37591,0.000419,74.125.200.0-255,361,66311,50,291169
37592,0.000559,172.31.46.0-255,66,66377,50,291169
37593,0.000716,74.125.200.0-255,133,66510,50,291169
37594,0.000722,74.125.200.0-255,346,66856,50,291169
37595,0.001132,74.125.200.0-255,1484,68340,50,291169
37596,0.001138,172.31.46.0-255,66,68406,50,291169
37597,0.001145,74.125.200.0-255,1484,69890,50,291169
37598,0.001158,74.125.200.0-255,2902,72792,50,291169
37599,0.001183,74.125.200.0-255,5738,78530,50,291169
37600,0.001188,172.31.46.0-255,66,78596,50,291169
37601,0.001195,74.125.200.0-255,1484,80080,50,291169
37602,0.001214,74.125.200.0-255,5738,85818,50,291169
37603,0.001233,172.31.46.0-255,66,85884,50,291169
37604,0.001246,74.125.200.0-255,4320,90204,50,291169
37605,0.001266,74.125.200.0-255,4320,94524,50,291169
37606,0.001269,172.31.46.0-255,66,94590,50,291169
37607,0.001273,172.31.46.0-255,66,94656,50,291169
37608,0.001306,74.125.200.0-255,1484,96140,50,291169
37609,0.001329,74.125.200.0-255,5020,101160,50,291169
37610,0.001332,74.125.200.0-255,1484,102644,50,291169
37611,0.001336,74.125.200.0-255,2902,105546,50,291169
37612,0.001349,74.125.200.0-255,2902,108448,50,291169
37613,0.001361,74.125.200.0-255,2902,111350,50,291169
37614,0.001364,74.125.200.0-255,1484,112834,50,291169
37615,0.00137,172.31.46.0-255,66,112900,50,291169
37616,0.001378,74.125.200.0-255,1484,114384,50,291169
37617,0.001405,74.125.200.0-255,7156,121540,50,291169
37618,0.001416,74.125.200.0-255,2902,124442,50,291169
37619,0.001425,172.31.46.0-255,66,124508,50,291169
37620,0.001447,74.125.200.0-255,5738,130246,50,291169
37621,0.001452,172.31.46.0-255,66,130312,50,291169
37622,0.001473,74.125.200.0-255,5020,135332,50,291169
37623,0.001476,74.125.200.0-255,1484,136816,50,291169
37624,0.001479,74.125.200.0-255,1484,138300,50,291169
37625,0.001484,172.31.46.0-255,66,138366,50,291169
37626,0.001505,74.125.200.0-255,1484,139850,50,291169
37627,0.001508,74.125.200.0-255,1484,141334,50,291169
37628,0.001522,74.125.200.0-255,4320,145654,50,291169
37629,0.001529,172.31.46.0-255,66,145720,50,291169
37630,0.001546,74.125.200.0-255,2902,148622,50,291169
37631,0.001568,74.125.200.0-255,7156,155778,50,291169
37632,0.001574,172.31.46.0-255,66,155844,50,291169
37633,0.00159,74.125.200.0-255,7156,163000,50,291169
37634,0.001605,172.31.46.0-255,66,163066,50,291169
37635,0.001613,74.125.200.0-255,6438,169504,50,291169
37636,0.001623,172.31.46.0-255,66,169570,50,291169
37637,0.001719,74.125.200.0-255,1484,171054,50,291169
37638,0.001732,74.125.200.0-255,2902,173956,50,291169
37639,0.001745,172.31.46.0-255,66,174022,50,291169
37640,0.001771,74.125.200.0-255,5738,179760,50,291169
37641,0.001776,74.125.200.0-255,2902,182662,50,291169
37642,0.00178,74.125.200.0-255,2902,185564,50,291169
37643,0.001792,172.31.46.0-255,66,185630,50,291169
37644,0.001807,74.125.200.0-255,7156,192786,50,291169
37645,0.001825,74.125.200.0-255,2902,195688,50,291169
37646,0.001842,172.31.46.0-255,66,195754,50,291169
37647,0.001849,74.125.200.0-255,5738,201492,50,291169
37648,0.001856,172.31.46.0-255,66,201558,50,291169
37649,0.001867,74.125.200.0-255,2184,203742,50,291169
37650,0.001886,172.31.46.0-255,66,203808,50,291169
37651,0.001902,74.125.200.0-255,1484,205292,50,291169
37652,0.001941,74.125.200.0-255,2902,208194,50,291169
37653,0.001958,172.31.46.0-255,66,208260,50,291169
37654,0.001969,74.125.200.0-255,2902,211162,50,291169
37655,0.001994,74.125.200.0-255,2902,214064,50,291169
37656,0.001996,74.125.200.0-255,1484,215548,50,291169
37657,0.002,74.125.200.0-255,2902,218450,50,291169
37658,0.002003,172.31.46.0-255,66,218516,50,291169
37659,0.00201,172.31.46.0-255,66,218582,50,291169
37660,0.003979,74.125.200.0-255,5738,224320,50,291169
37661,0.003986,172.31.46.0-255,66,224386,50,291169
37662,0.005976,74.125.200.0-255,5738,230124,50,291169
37663,0.00889,172.31.46.0-255,66,230190,50,291169
37664,0.01086,74.125.200.0-255,5738,235928,50,291169
37665,0.010869,172.31.46.0-255,66,235994,50,291169
37666,0.012845,74.125.200.0-255,5738,241732,50,291169
37667,0.013047,172.31.46.0-255,66,241798,50,291169
37668,0.015044,74.125.200.0-255,5738,247536,50,291169
37669,0.015057,172.31.46.0-255,66,247602,50,291169
37670,0.01708,74.125.200.0-255,5738,253340,50,291169
37671,0.01709,172.31.46.0-255,66,253406,50,291169
37672,0.019066,74.125.200.0-255,5738,259144,50,291169
37673,0.019075,172.31.46.0-255,66,259210,50,291169
37674,0.021038,74.125.200.0-255,5738,264948,50,291169
37675,0.021046,172.31.46.0-255,66,265014,50,291169
37676,0.023033,74.125.200.0-255,4320,269334,50,291169
37677,0.023039,172.31.46.0-255,66,269400,50,291169
37678,0.023058,74.125.200.0-255,1484,270884,50,291169
37679,0.025016,74.125.200.0-255,4320,275204,50,291169
37680,0.025025,172.31.46.0-255,66,275270,50,291169
37681,0.026984,74.125.200.0-255,5738,281008,50,291169
37682,0.027026,172.31.46.0-255,66,281074,50,291169
37683,0.027805,172.31.46.0-255,172,281246,50,291169
37684,0.027837,172.31.46.0-255,1108,282354,50,291169
37685,0.027896,172.31.46.0-255,1514,283868,50,291169
37686,0.027897,172.31.46.0-255,1299,285167,50,291169
37687,0.029009,74.125.200.0-255,5738,290905,50,291169
37688,0.029016,172.31.46.0-255,66,290971,50,291169
37689,0.029325,104.244.42.0-255,66,291037,50,291169
37690,0.02937,104.244.42.0-255,66,291103,50,291169
37691,0.029411,104.244.42.0-255,66,291169,50,291169
37692,0.0,74.125.130.0-255,153,153,50,244701
37693,1.6e-05,172.31.46.0-255,66,219,50,244701
37694,2.2e-05,74.125.130.0-255,1484,1703,50,244701
37695,2.7e-05,172.31.46.0-255,66,1769,50,244701
37696,3.9e-05,74.125.130.0-255,2902,4671,50,244701
37697,4.3e-05,172.31.46.0-255,66,4737,50,244701
37698,4.7e-05,74.125.130.0-255,2902,7639,50,244701
37699,4.9e-05,172.31.46.0-255,66,7705,50,244701
37700,9.9e-05,74.125.130.0-255,4320,12025,50,244701
37701,0.000101,172.31.46.0-255,66,12091,50,244701
37702,0.000127,74.125.130.0-255,1902,13993,50,244701
37703,0.00013,172.31.46.0-255,66,14059,50,244701
37704,0.000269,74.125.130.0-255,1484,15543,50,244701
37705,0.000273,172.31.46.0-255,66,15609,50,244701
37706,0.000278,74.125.130.0-255,2902,18511,50,244701
37707,0.000281,172.31.46.0-255,66,18577,50,244701
37708,0.000308,74.125.130.0-255,2902,21479,50,244701
37709,0.00031,172.31.46.0-255,66,21545,50,244701
37710,0.000315,74.125.130.0-255,4320,25865,50,244701
37711,0.000317,172.31.46.0-255,66,25931,50,244701
37712,0.000366,74.125.130.0-255,5379,31310,50,244701
37713,0.000369,172.31.46.0-255,66,31376,50,244701
37714,0.000375,74.125.130.0-255,5738,37114,50,244701
37715,0.000377,172.31.46.0-255,66,37180,50,244701
37716,0.000397,74.125.130.0-255,2902,40082,50,244701
37717,0.000399,172.31.46.0-255,66,40148,50,244701
37718,0.000427,172.31.46.0-255,66,40214,50,244701
37719,0.00043,74.125.130.0-255,1484,41698,50,244701
37720,0.000431,172.31.46.0-255,66,41764,50,244701
37721,0.000476,172.31.46.0-255,66,41830,50,244701
37722,0.000478,74.125.130.0-255,766,42596,50,244701
37723,0.000481,74.125.130.0-255,379,42975,50,244701
37724,0.000528,74.125.130.0-255,365,43340,50,244701
37725,0.000661,74.125.130.0-255,1484,44824,50,244701
37726,0.000673,172.31.46.0-255,66,44890,50,244701
37727,0.000682,74.125.130.0-255,2902,47792,50,244701
37728,0.000684,74.125.130.0-255,1484,49276,50,244701
37729,0.00069,172.31.46.0-255,66,49342,50,244701
37730,0.000713,74.125.130.0-255,4320,53662,50,244701
37731,0.000717,74.125.130.0-255,2902,56564,50,244701
37732,0.000722,74.125.130.0-255,4320,60884,50,244701
37733,0.000731,172.31.46.0-255,66,60950,50,244701
37734,0.000759,172.31.46.0-255,66,61016,50,244701
37735,0.000765,74.125.130.0-255,4320,65336,50,244701
37736,0.000785,74.125.130.0-255,2902,68238,50,244701
37737,0.000788,74.125.130.0-255,766,69004,50,244701
37738,0.000805,172.31.46.0-255,66,69070,50,244701
37739,0.000926,74.125.130.0-255,1484,70554,50,244701
37740,0.000931,74.125.130.0-255,1484,72038,50,244701
37741,0.000937,172.31.46.0-255,66,72104,50,244701
37742,0.000948,74.125.130.0-255,1484,73588,50,244701
37743,0.000954,74.125.130.0-255,4320,77908,50,244701
37744,0.000972,74.125.130.0-255,1484,79392,50,244701
37745,0.000975,74.125.130.0-255,1484,80876,50,244701
37746,0.000979,172.31.46.0-255,66,80942,50,244701
37747,0.00099,74.125.130.0-255,5738,86680,50,244701
37748,0.000997,172.31.46.0-255,66,86746,50,244701
37749,0.001005,74.125.130.0-255,2902,89648,50,244701
37750,0.001052,74.125.130.0-255,3602,93250,50,244701
37751,0.001057,172.31.46.0-255,66,93316,50,244701
37752,0.001102,74.125.130.0-255,1484,94800,50,244701
37753,0.001119,74.125.130.0-255,2902,97702,50,244701
37754,0.001121,172.31.46.0-255,66,97768,50,244701
37755,0.001149,74.125.130.0-255,5738,103506,50,244701
37756,0.001154,74.125.130.0-255,4320,107826,50,244701
37757,0.001169,74.125.130.0-255,4320,112146,50,244701
37758,0.001178,172.31.46.0-255,66,112212,50,244701
37759,0.001188,74.125.130.0-255,1484,113696,50,244701
37760,0.001223,74.125.130.0-255,5020,118716,50,244701
37761,0.001236,172.31.46.0-255,66,118782,50,244701
37762,0.001345,74.125.130.0-255,1484,120266,50,244701
37763,0.00136,74.125.130.0-255,2902,123168,50,244701
37764,0.001371,172.31.46.0-255,66,123234,50,244701
37765,0.001382,74.125.130.0-255,5738,128972,50,244701
37766,0.001407,172.31.46.0-255,66,129038,50,244701
37767,0.001442,74.125.130.0-255,1484,130522,50,244701
37768,0.00145,172.31.46.0-255,66,130588,50,244701
37769,0.001496,172.31.46.0-255,66,130654,50,244701
37770,0.001623,74.125.130.0-255,1484,132138,50,244701
37771,0.001642,74.125.130.0-255,2902,135040,50,244701
37772,0.001695,172.31.46.0-255,66,135106,50,244701
37773,0.001702,74.125.130.0-255,5738,140844,50,244701
37774,0.001705,74.125.130.0-255,2902,143746,50,244701
37775,0.001714,74.125.130.0-255,4320,148066,50,244701
37776,0.001743,74.125.130.0-255,5738,153804,50,244701
37777,0.001764,74.125.130.0-255,2184,155988,50,244701
37778,0.001966,74.125.130.0-255,1484,157472,50,244701
37779,0.001984,74.125.130.0-255,2902,160374,50,244701
37780,0.002002,74.125.130.0-255,2902,163276,50,244701
37781,0.002017,74.125.130.0-255,2902,166178,50,244701
37782,0.002019,74.125.130.0-255,1484,167662,50,244701
37783,0.002023,74.125.130.0-255,2902,170564,50,244701
37784,0.00205,74.125.130.0-255,5738,176302,50,244701
37785,0.002062,74.125.130.0-255,2902,179204,50,244701
37786,0.002064,74.125.130.0-255,1484,180688,50,244701
37787,0.006637,172.31.46.0-255,66,180754,50,244701
37788,0.008685,74.125.130.0-255,4320,185074,50,244701
37789,0.008691,172.31.46.0-255,66,185140,50,244701
37790,0.008714,74.125.130.0-255,1484,186624,50,244701
37791,0.010738,74.125.130.0-255,4320,190944,50,244701
37792,0.010747,172.31.46.0-255,66,191010,50,244701
37793,0.01282,74.125.130.0-255,5738,196748,50,244701
37794,0.012828,172.31.46.0-255,66,196814,50,244701
37795,0.014907,74.125.130.0-255,5738,202552,50,244701
37796,0.014917,172.31.46.0-255,66,202618,50,244701
37797,0.016966,74.125.130.0-255,5738,208356,50,244701
37798,0.016975,172.31.46.0-255,66,208422,50,244701
37799,0.019027,74.125.130.0-255,5738,214160,50,244701
37800,0.019036,172.31.46.0-255,66,214226,50,244701
37801,0.021124,74.125.130.0-255,5738,219964,50,244701
37802,0.021132,172.31.46.0-255,66,220030,50,244701
37803,0.023212,74.125.130.0-255,1484,221514,50,244701
37804,0.023229,74.125.130.0-255,2902,224416,50,244701
37805,0.023234,172.31.46.0-255,66,224482,50,244701
37806,0.023258,74.125.130.0-255,1484,225966,50,244701
37807,0.025289,74.125.130.0-255,4320,230286,50,244701
37808,0.025298,172.31.46.0-255,66,230352,50,244701
37809,0.027345,74.125.130.0-255,4320,234672,50,244701
37810,0.027352,172.31.46.0-255,66,234738,50,244701
37811,0.027379,74.125.130.0-255,1484,236222,50,244701
37812,0.02926,172.31.46.0-255,172,236394,50,244701
37813,0.029296,172.31.46.0-255,1108,237502,50,244701
37814,0.029364,172.31.46.0-255,1514,239016,50,244701
37815,0.029366,172.31.46.0-255,1299,240315,50,244701
37816,0.029403,74.125.130.0-255,4320,244635,50,244701
37817,0.029407,172.31.46.0-255,66,244701,50,244701
37818,0.0,74.125.200.0-255,150,150,50,231933
37819,2.3e-05,172.31.46.0-255,66,216,50,231933
37820,3e-05,74.125.200.0-255,1484,1700,50,231933
37821,3.5e-05,172.31.46.0-255,66,1766,50,231933
37822,4.1e-05,74.125.200.0-255,2902,4668,50,231933
37823,4.4e-05,172.31.46.0-255,66,4734,50,231933
37824,5e-05,74.125.200.0-255,4320,9054,50,231933
37825,5.4e-05,172.31.46.0-255,66,9120,50,231933
37826,6e-05,74.125.200.0-255,4841,13961,50,231933
37827,6.3e-05,172.31.46.0-255,66,14027,50,231933
37828,8.7e-05,74.125.200.0-255,1484,15511,50,231933
37829,9e-05,172.31.46.0-255,66,15577,50,231933
37830,0.00011,74.125.200.0-255,2902,18479,50,231933
37831,0.000112,172.31.46.0-255,66,18545,50,231933
37832,0.000117,74.125.200.0-255,2902,21447,50,231933
37833,0.000119,172.31.46.0-255,66,21513,50,231933
37834,0.000136,74.125.200.0-255,2902,24415,50,231933
37835,0.000138,172.31.46.0-255,66,24481,50,231933
37836,0.000144,74.125.200.0-255,4320,28801,50,231933
37837,0.000146,172.31.46.0-255,66,28867,50,231933
37838,0.000164,74.125.200.0-255,2543,31410,50,231933
37839,0.000166,172.31.46.0-255,66,31476,50,231933
37840,0.000226,74.125.200.0-255,1484,32960,50,231933
37841,0.000228,172.31.46.0-255,66,33026,50,231933
37842,0.000245,74.125.200.0-255,2902,35928,50,231933
37843,0.000248,172.31.46.0-255,66,35994,50,231933
37844,0.00027,74.125.200.0-255,5738,41732,50,231933
37845,0.000272,172.31.46.0-255,66,41798,50,231933
37846,0.000277,74.125.200.0-255,2902,44700,50,231933
37847,0.000279,172.31.46.0-255,66,44766,50,231933
37848,0.000306,74.125.200.0-255,2902,47668,50,231933
37849,0.000309,172.31.46.0-255,66,47734,50,231933
37850,0.000317,74.125.200.0-255,6797,54531,50,231933
37851,0.000319,172.31.46.0-255,66,54597,50,231933
37852,0.000322,74.125.200.0-255,1484,56081,50,231933
37853,0.000349,74.125.200.0-255,7156,63237,50,231933
37854,0.000351,172.31.46.0-255,66,63303,50,231933
37855,0.000382,74.125.200.0-255,2898,66201,50,231933
37856,0.000384,172.31.46.0-255,66,66267,50,231933
37857,0.000402,74.125.200.0-255,331,66598,50,231933
37858,0.000675,74.125.200.0-255,1484,68082,50,231933
37859,0.000681,172.31.46.0-255,66,68148,50,231933
37860,0.000685,74.125.200.0-255,1484,69632,50,231933
37861,0.00069,74.125.200.0-255,2902,72534,50,231933
37862,0.000692,172.31.46.0-255,66,72600,50,231933
37863,0.000696,74.125.200.0-255,2902,75502,50,231933
37864,0.000699,172.31.46.0-255,66,75568,50,231933
37865,0.000722,74.125.200.0-255,2902,78470,50,231933
37866,0.000725,172.31.46.0-255,66,78536,50,231933
37867,0.00073,74.125.200.0-255,4320,82856,50,231933
37868,0.000732,172.31.46.0-255,66,82922,50,231933
37869,0.000762,74.125.200.0-255,7156,90078,50,231933
37870,0.000765,172.31.46.0-255,66,90144,50,231933
37871,0.000784,74.125.200.0-255,1484,91628,50,231933
37872,0.000814,172.31.46.0-255,66,91694,50,231933
37873,0.000864,74.125.200.0-255,1484,93178,50,231933
37874,0.000878,74.125.200.0-255,2902,96080,50,231933
37875,0.00088,172.31.46.0-255,66,96146,50,231933
37876,0.000921,74.125.200.0-255,5738,101884,50,231933
37877,0.000924,172.31.46.0-255,66,101950,50,231933
37878,0.000931,74.125.200.0-255,4320,106270,50,231933
37879,0.000933,172.31.46.0-255,66,106336,50,231933
37880,0.000957,172.31.46.0-255,66,106402,50,231933
37881,0.000963,74.125.200.0-255,4320,110722,50,231933
37882,0.000965,172.31.46.0-255,66,110788,50,231933
37883,0.000986,74.125.200.0-255,2902,113690,50,231933
37884,0.000988,172.31.46.0-255,66,113756,50,231933
37885,0.001007,74.125.200.0-255,3602,117358,50,231933
37886,0.00101,172.31.46.0-255,66,117424,50,231933
37887,0.001064,74.125.200.0-255,1484,118908,50,231933
37888,0.00109,74.125.200.0-255,2902,121810,50,231933
37889,0.001093,172.31.46.0-255,66,121876,50,231933
37890,0.001097,74.125.200.0-255,1484,123360,50,231933
37891,0.001101,74.125.200.0-255,2902,126262,50,231933
37892,0.001103,172.31.46.0-255,66,126328,50,231933
37893,0.001139,74.125.200.0-255,5738,132066,50,231933
37894,0.001143,172.31.46.0-255,66,132132,50,231933
37895,0.001153,172.31.46.0-255,66,132198,50,231933
37896,0.001168,74.125.200.0-255,2902,135100,50,231933
37897,0.00117,172.31.46.0-255,66,135166,50,231933
37898,0.001227,172.31.46.0-255,66,135232,50,231933
37899,0.001241,74.125.200.0-255,4320,139552,50,231933
37900,0.001244,172.31.46.0-255,66,139618,50,231933
37901,0.001273,74.125.200.0-255,4320,143938,50,231933
37902,0.001276,172.31.46.0-255,66,144004,50,231933
37903,0.001288,172.31.46.0-255,66,144070,50,231933
37904,0.001293,74.125.200.0-255,2902,146972,50,231933
37905,0.001295,172.31.46.0-255,66,147038,50,231933
37906,0.001323,74.125.200.0-255,5738,152776,50,231933
37907,0.001327,172.31.46.0-255,66,152842,50,231933
37908,0.00135,74.125.200.0-255,6438,159280,50,231933
37909,0.001353,172.31.46.0-255,66,159346,50,231933
37910,0.00358,74.125.200.0-255,5738,165084,50,231933
37911,0.003587,172.31.46.0-255,66,165150,50,231933
37912,0.005801,74.125.200.0-255,2902,168052,50,231933
37913,0.005806,172.31.46.0-255,66,168118,50,231933
37914,0.00582,74.125.200.0-255,2902,171020,50,231933
37915,0.005822,172.31.46.0-255,66,171086,50,231933
37916,0.008044,74.125.200.0-255,5738,176824,50,231933
37917,0.008051,172.31.46.0-255,66,176890,50,231933
37918,0.010275,74.125.200.0-255,5738,182628,50,231933
37919,0.010282,172.31.46.0-255,66,182694,50,231933
37920,0.012519,74.125.200.0-255,5738,188432,50,231933
37921,0.012528,172.31.46.0-255,66,188498,50,231933
37922,0.014832,74.125.200.0-255,5738,194236,50,231933
37923,0.014839,172.31.46.0-255,66,194302,50,231933
37924,0.017076,74.125.200.0-255,5738,200040,50,231933
37925,0.017085,172.31.46.0-255,66,200106,50,231933
37926,0.019322,74.125.200.0-255,4320,204426,50,231933
37927,0.01933,172.31.46.0-255,66,204492,50,231933
37928,0.019349,74.125.200.0-255,1484,205976,50,231933
37929,0.021572,74.125.200.0-255,4320,210296,50,231933
37930,0.02158,172.31.46.0-255,66,210362,50,231933
37931,0.023831,74.125.200.0-255,5738,216100,50,231933
37932,0.023837,172.31.46.0-255,66,216166,50,231933
37933,0.026068,74.125.200.0-255,5738,221904,50,231933
37934,0.026075,172.31.46.0-255,66,221970,50,231933
37935,0.028309,74.125.200.0-255,4320,226290,50,231933
37936,0.028316,172.31.46.0-255,66,226356,50,231933
37937,0.028336,74.125.200.0-255,1484,227840,50,231933
37938,0.029661,172.31.46.0-255,172,228012,50,231933
37939,0.029688,172.31.46.0-255,1113,229125,50,231933
37940,0.029749,172.31.46.0-255,1514,230639,50,231933
37941,0.029751,172.31.46.0-255,1294,231933,50,231933
37942,0.0,172.217.194.0-255,149,149,50,175303
37943,2e-05,172.31.46.0-255,66,215,50,175303
37944,2.6e-05,172.217.194.0-255,1484,1699,50,175303
37945,3e-05,172.31.46.0-255,66,1765,50,175303
37946,3.6e-05,172.217.194.0-255,2902,4667,50,175303
37947,4e-05,172.31.46.0-255,66,4733,50,175303
37948,4.6e-05,172.217.194.0-255,7156,11889,50,175303
37949,4.9e-05,172.31.46.0-255,66,11955,50,175303
37950,7e-05,172.217.194.0-255,5738,17693,50,175303
37951,7.3e-05,172.31.46.0-255,66,17759,50,175303
37952,9.3e-05,172.31.46.0-255,66,17825,50,175303
37953,9.7e-05,172.217.194.0-255,2543,20368,50,175303
37954,9.9e-05,172.31.46.0-255,66,20434,50,175303
37955,0.000139,172.217.194.0-255,1484,21918,50,175303
37956,0.000141,172.31.46.0-255,66,21984,50,175303
37957,0.000171,172.217.194.0-255,2902,24886,50,175303
37958,0.000173,172.31.46.0-255,66,24952,50,175303
37959,0.000177,172.217.194.0-255,1484,26436,50,175303
37960,0.000179,172.31.46.0-255,66,26502,50,175303
37961,0.000191,172.217.194.0-255,1484,27986,50,175303
37962,0.000192,172.31.46.0-255,66,28052,50,175303
37963,0.000195,172.217.194.0-255,1484,29536,50,175303
37964,0.000197,172.31.46.0-255,66,29602,50,175303
37965,0.000218,172.217.194.0-255,5738,35340,50,175303
37966,0.00022,172.31.46.0-255,66,35406,50,175303
37967,0.000262,172.31.46.0-255,66,35472,50,175303
37968,0.000271,172.31.46.0-255,66,35538,50,175303
37969,0.000274,172.217.194.0-255,430,35968,50,175303
37970,0.000275,172.31.46.0-255,66,36034,50,175303
37971,0.000507,172.217.194.0-255,1484,37518,50,175303
37972,0.000514,172.217.194.0-255,2902,40420,50,175303
37973,0.000529,172.217.194.0-255,1484,41904,50,175303
37974,0.000536,172.31.46.0-255,66,41970,50,175303
37975,0.000547,172.217.194.0-255,4320,46290,50,175303
37976,0.000578,172.31.46.0-255,66,46356,50,175303
37977,0.0006,172.217.194.0-255,4320,50676,50,175303
37978,0.000633,172.31.46.0-255,66,50742,50,175303
37979,0.00087,172.217.194.0-255,1484,52226,50,175303
37980,0.000895,172.217.194.0-255,2902,55128,50,175303
37981,0.000898,172.31.46.0-255,66,55194,50,175303
37982,0.000904,172.217.194.0-255,5738,60932,50,175303
37983,0.000916,172.217.194.0-255,1484,62416,50,175303
37984,0.00092,172.31.46.0-255,66,62482,50,175303
37985,0.000938,172.217.194.0-255,5738,68220,50,175303
37986,0.000952,172.217.194.0-255,5738,73958,50,175303
37987,0.000956,172.31.46.0-255,66,74024,50,175303
37988,0.000982,172.217.194.0-255,2184,76208,50,175303
37989,0.000996,172.31.46.0-255,66,76274,50,175303
37990,0.001075,172.217.194.0-255,1484,77758,50,175303
37991,0.001092,172.217.194.0-255,2902,80660,50,175303
37992,0.001116,172.217.194.0-255,1484,82144,50,175303
37993,0.001132,172.217.194.0-255,4320,86464,50,175303
37994,0.001164,172.217.194.0-255,1484,87948,50,175303
37995,0.001166,172.217.194.0-255,1484,89432,50,175303
37996,0.001169,172.31.46.0-255,66,89498,50,175303
37997,0.001176,172.217.194.0-255,1484,90982,50,175303
37998,0.001187,172.217.194.0-255,2902,93884,50,175303
37999,0.001192,172.31.46.0-255,66,93950,50,175303
38000,0.001202,172.217.194.0-255,2902,96852,50,175303
38001,0.001204,172.217.194.0-255,1484,98336,50,175303
38002,0.001232,172.217.194.0-255,5738,104074,50,175303
38003,0.001242,172.31.46.0-255,66,104140,50,175303
38004,0.001279,172.217.194.0-255,5738,109878,50,175303
38005,0.001289,172.217.194.0-255,2184,112062,50,175303
38006,0.001294,172.217.194.0-255,5738,117800,50,175303
38007,0.001297,172.31.46.0-255,66,117866,50,175303
38008,0.001306,172.217.194.0-255,2902,120768,50,175303
38009,0.001331,172.217.194.0-255,7156,127924,50,175303
38010,0.001336,172.31.46.0-255,66,127990,50,175303
38011,0.001357,172.217.194.0-255,3602,131592,50,175303
38012,0.001377,172.217.194.0-255,4320,135912,50,175303
38013,0.001382,172.31.46.0-255,66,135978,50,175303
38014,0.001445,172.31.46.0-255,66,136044,50,175303
38015,0.001459,172.217.194.0-255,4320,140364,50,175303
38016,0.001467,172.31.46.0-255,66,140430,50,175303
38017,0.001496,172.217.194.0-255,2902,143332,50,175303
38018,0.001504,172.31.46.0-255,66,143398,50,175303
38019,0.00154,172.217.194.0-255,1484,144882,50,175303
38020,0.001542,172.217.194.0-255,1484,146366,50,175303
38021,0.001546,172.31.46.0-255,66,146432,50,175303
38022,0.001556,172.217.194.0-255,1484,147916,50,175303
38023,0.001559,172.217.194.0-255,1484,149400,50,175303
38024,0.001573,172.217.194.0-255,4320,153720,50,175303
38025,0.001576,172.217.194.0-255,1484,155204,50,175303
38026,0.001581,172.31.46.0-255,66,155270,50,175303
38027,0.001648,172.31.46.0-255,66,155336,50,175303
38028,0.001666,172.217.194.0-255,3602,158938,50,175303
38029,0.001671,172.217.194.0-255,4320,163258,50,175303
38030,0.001686,172.31.46.0-255,66,163324,50,175303
38031,0.001735,172.31.46.0-255,66,163390,50,175303
38032,0.001747,172.217.194.0-255,7156,170546,50,175303
38033,0.001758,172.31.46.0-255,66,170612,50,175303
38034,0.001793,172.31.46.0-255,66,170678,50,175303
38035,0.001833,172.217.194.0-255,105,170783,50,175303
38036,0.001837,172.31.46.0-255,66,170849,50,175303
38037,0.008839,172.31.46.0-255,105,170954,50,175303
38038,0.011356,172.217.194.0-255,66,171020,50,175303
38039,0.026563,172.31.46.0-255,164,171184,50,175303
38040,0.026592,172.31.46.0-255,1122,172306,50,175303
38041,0.026646,172.31.46.0-255,1514,173820,50,175303
38042,0.026648,172.31.46.0-255,1285,175105,50,175303
38043,0.028115,104.244.42.0-255,66,175171,50,175303
38044,0.02814,104.244.42.0-255,66,175237,50,175303
38045,0.028193,104.244.42.0-255,66,175303,50,175303
38046,0.0,172.217.194.0-255,152,152,50,282248
38047,2.2e-05,172.31.46.0-255,66,218,50,282248
38048,2.9e-05,172.217.194.0-255,1484,1702,50,282248
38049,3.5e-05,172.31.46.0-255,66,1768,50,282248
38050,4.1e-05,172.217.194.0-255,2902,4670,50,282248
38051,4.4e-05,172.31.46.0-255,66,4736,50,282248
38052,5.3e-05,172.217.194.0-255,7156,11892,50,282248
38053,5.7e-05,172.31.46.0-255,66,11958,50,282248
38054,8.6e-05,172.217.194.0-255,2110,14068,50,282248
38055,8.9e-05,172.31.46.0-255,66,14134,50,282248
38056,0.000125,172.217.194.0-255,2902,17036,50,282248
38057,0.000127,172.31.46.0-255,66,17102,50,282248
38058,0.000147,172.217.194.0-255,4320,21422,50,282248
38059,0.00015,172.31.46.0-255,66,21488,50,282248
38060,0.000177,172.31.46.0-255,66,21554,50,282248
38061,0.00019,172.217.194.0-255,1125,22679,50,282248
38062,0.000193,172.31.46.0-255,66,22745,50,282248
38063,0.000202,172.217.194.0-255,1484,24229,50,282248
38064,0.000204,172.31.46.0-255,66,24295,50,282248
38065,0.00021,172.217.194.0-255,4320,28615,50,282248
38066,0.000213,172.31.46.0-255,66,28681,50,282248
38067,0.000237,172.217.194.0-255,7156,35837,50,282248
38068,0.000239,172.31.46.0-255,66,35903,50,282248
38069,0.00025,172.217.194.0-255,2902,38805,50,282248
38070,0.000252,172.31.46.0-255,66,38871,50,282248
38071,0.000255,172.217.194.0-255,1125,39996,50,282248
38072,0.000257,172.31.46.0-255,66,40062,50,282248
38073,0.00036,172.217.194.0-255,1484,41546,50,282248
38074,0.000364,172.31.46.0-255,66,41612,50,282248
38075,0.00037,172.217.194.0-255,2902,44514,50,282248
38076,0.000372,172.31.46.0-255,66,44580,50,282248
38077,0.000378,172.217.194.0-255,4320,48900,50,282248
38078,0.00038,172.31.46.0-255,66,48966,50,282248
38079,0.000403,172.217.194.0-255,1484,50450,50,282248
38080,0.000413,172.217.194.0-255,6797,57247,50,282248
38081,0.000416,172.31.46.0-255,66,57313,50,282248
38082,0.000427,172.217.194.0-255,646,57959,50,282248
38083,0.000498,172.217.194.0-255,1484,59443,50,282248
38084,0.000501,172.31.46.0-255,66,59509,50,282248
38085,0.000506,172.217.194.0-255,2902,62411,50,282248
38086,0.000509,172.31.46.0-255,66,62477,50,282248
38087,0.000515,172.217.194.0-255,5738,68215,50,282248
38088,0.000518,172.31.46.0-255,66,68281,50,282248
38089,0.000555,172.217.194.0-255,6797,75078,50,282248
38090,0.000558,172.31.46.0-255,66,75144,50,282248
38091,0.000604,172.217.194.0-255,1484,76628,50,282248
38092,0.000608,172.217.194.0-255,1484,78112,50,282248
38093,0.000611,172.31.46.0-255,66,78178,50,282248
38094,0.000627,172.217.194.0-255,1484,79662,50,282248
38095,0.000634,172.217.194.0-255,5738,85400,50,282248
38096,0.000637,172.31.46.0-255,66,85466,50,282248
38097,0.000667,172.217.194.0-255,6797,92263,50,282248
38098,0.00067,172.31.46.0-255,66,92329,50,282248
38099,0.000955,172.217.194.0-255,1484,93813,50,282248
38100,0.00096,172.217.194.0-255,1484,95297,50,282248
38101,0.000963,172.31.46.0-255,66,95363,50,282248
38102,0.000982,172.217.194.0-255,1484,96847,50,282248
38103,0.000989,172.217.194.0-255,5738,102585,50,282248
38104,0.000992,172.31.46.0-255,66,102651,50,282248
38105,0.001024,172.31.46.0-255,66,102717,50,282248
38106,0.001047,172.217.194.0-255,2902,105619,50,282248
38107,0.00105,172.31.46.0-255,66,105685,50,282248
38108,0.001063,172.31.46.0-255,66,105751,50,282248
38109,0.001066,172.217.194.0-255,766,106517,50,282248
38110,0.001647,172.217.194.0-255,1484,108001,50,282248
38111,0.001653,172.31.46.0-255,66,108067,50,282248
38112,0.001659,172.217.194.0-255,2902,110969,50,282248
38113,0.001661,172.31.46.0-255,66,111035,50,282248
38114,0.001667,172.217.194.0-255,4320,115355,50,282248
38115,0.001669,172.31.46.0-255,66,115421,50,282248
38116,0.001688,172.217.194.0-255,1484,116905,50,282248
38117,0.001693,172.217.194.0-255,4320,121225,50,282248
38118,0.001698,172.31.46.0-255,66,121291,50,282248
38119,0.001718,172.31.46.0-255,66,121357,50,282248
38120,0.001725,172.217.194.0-255,5738,127095,50,282248
38121,0.001727,172.31.46.0-255,66,127161,50,282248
38122,0.001756,172.217.194.0-255,5020,132181,50,282248
38123,0.001759,172.31.46.0-255,66,132247,50,282248
38124,0.001859,172.217.194.0-255,1484,133731,50,282248
38125,0.001889,172.217.194.0-255,2902,136633,50,282248
38126,0.001892,172.31.46.0-255,66,136699,50,282248
38127,0.0019,172.217.194.0-255,5738,142437,50,282248
38128,0.001902,172.31.46.0-255,66,142503,50,282248
38129,0.001914,172.31.46.0-255,66,142569,50,282248
38130,0.001949,172.217.194.0-255,2902,145471,50,282248
38131,0.001952,172.31.46.0-255,66,145537,50,282248
38132,0.001965,172.31.46.0-255,66,145603,50,282248
38133,0.002275,172.217.194.0-255,1484,147087,50,282248
38134,0.002281,172.217.194.0-255,2902,149989,50,282248
38135,0.002284,172.31.46.0-255,66,150055,50,282248
38136,0.00229,172.217.194.0-255,2902,152957,50,282248
38137,0.002292,172.31.46.0-255,66,153023,50,282248
38138,0.002306,172.217.194.0-255,2902,155925,50,282248
38139,0.002308,172.31.46.0-255,66,155991,50,282248
38140,0.002314,172.217.194.0-255,5738,161729,50,282248
38141,0.002317,172.31.46.0-255,66,161795,50,282248
38142,0.002319,172.217.194.0-255,1484,163279,50,282248
38143,0.002322,172.217.194.0-255,1484,164763,50,282248
38144,0.002324,172.31.46.0-255,66,164829,50,282248
38145,0.002351,172.217.194.0-255,2902,167731,50,282248
38146,0.002354,172.31.46.0-255,66,167797,50,282248
38147,0.00236,172.217.194.0-255,5738,173535,50,282248
38148,0.002362,172.31.46.0-255,66,173601,50,282248
38149,0.00239,172.217.194.0-255,6438,180039,50,282248
38150,0.002393,172.31.46.0-255,66,180105,50,282248
38151,0.002431,172.217.194.0-255,1484,181589,50,282248
38152,0.002448,172.217.194.0-255,2902,184491,50,282248
38153,0.002452,172.217.194.0-255,1484,185975,50,282248
38154,0.002455,172.31.46.0-255,66,186041,50,282248
38155,0.002478,172.217.194.0-255,4320,190361,50,282248
38156,0.002481,172.31.46.0-255,66,190427,50,282248
38157,0.002486,172.217.194.0-255,2902,193329,50,282248
38158,0.002488,172.31.46.0-255,66,193395,50,282248
38159,0.002529,172.31.46.0-255,66,193461,50,282248
38160,0.002533,172.217.194.0-255,1484,194945,50,282248
38161,0.002543,172.31.46.0-255,66,195011,50,282248
38162,0.002774,172.217.194.0-255,1484,196495,50,282248
38163,0.002789,172.217.194.0-255,2902,199397,50,282248
38164,0.002792,172.31.46.0-255,66,199463,50,282248
38165,0.002799,172.217.194.0-255,5738,205201,50,282248
38166,0.002801,172.31.46.0-255,66,205267,50,282248
38167,0.002807,172.217.194.0-255,4320,209587,50,282248
38168,0.00281,172.31.46.0-255,66,209653,50,282248
38169,0.002833,172.217.194.0-255,1484,211137,50,282248
38170,0.00284,172.217.194.0-255,5738,216875,50,282248
38171,0.002843,172.31.46.0-255,66,216941,50,282248
38172,0.002846,172.217.194.0-255,1484,218425,50,282248
38173,0.002868,172.217.194.0-255,5738,224163,50,282248
38174,0.002871,172.31.46.0-255,66,224229,50,282248
38175,0.002874,172.217.194.0-255,1484,225713,50,282248
38176,0.002877,172.217.194.0-255,1484,227197,50,282248
38177,0.002879,172.31.46.0-255,66,227263,50,282248
38178,0.002884,172.217.194.0-255,2184,229447,50,282248
38179,0.002886,172.31.46.0-255,66,229513,50,282248
38180,0.002952,172.217.194.0-255,1484,230997,50,282248
38181,0.002984,172.217.194.0-255,2902,233899,50,282248
38182,0.002988,172.31.46.0-255,66,233965,50,282248
38183,0.002994,172.217.194.0-255,5738,239703,50,282248
38184,0.002996,172.31.46.0-255,66,239769,50,282248
38185,0.003009,172.31.46.0-255,66,239835,50,282248
38186,0.003022,172.31.46.0-255,66,239901,50,282248
38187,0.003087,172.31.46.0-255,66,239967,50,282248
38188,0.003107,172.217.194.0-255,6438,246405,50,282248
38189,0.003167,172.217.194.0-255,1484,247889,50,282248
38190,0.003172,172.217.194.0-255,2902,250791,50,282248
38191,0.003177,172.217.194.0-255,2902,253693,50,282248
38192,0.003198,172.217.194.0-255,2902,256595,50,282248
38193,0.003223,172.217.194.0-255,4320,260915,50,282248
38194,0.003227,172.217.194.0-255,4320,265235,50,282248
38195,0.00323,172.217.194.0-255,1484,266719,50,282248
38196,0.003262,172.217.194.0-255,5020,271739,50,282248
38197,0.003284,172.217.194.0-255,4320,276059,50,282248
38198,0.003309,172.217.194.0-255,4320,280379,50,282248
38199,0.003312,172.217.194.0-255,1344,281723,50,282248
38200,0.003348,172.217.194.0-255,105,281828,50,282248
38201,0.010036,172.31.46.0-255,66,281894,50,282248
38202,0.011846,172.31.46.0-255,105,281999,50,282248
38203,0.012014,172.217.194.0-255,105,282104,50,282248
38204,0.012022,172.31.46.0-255,78,282182,50,282248
38205,0.014068,172.217.194.0-255,66,282248,50,282248
38206,0.0,74.125.68.0-255,146,146,50,274193
38207,1.4e-05,172.31.46.0-255,66,212,50,274193
38208,2.1e-05,74.125.68.0-255,1484,1696,50,274193
38209,2.5e-05,172.31.46.0-255,66,1762,50,274193
38210,3.8e-05,74.125.68.0-255,2902,4664,50,274193
38211,4.1e-05,172.31.46.0-255,66,4730,50,274193
38212,4.4e-05,74.125.68.0-255,1484,6214,50,274193
38213,4.8e-05,172.31.46.0-255,66,6280,50,274193
38214,8.4e-05,74.125.68.0-255,5738,12018,50,274193
38215,8.8e-05,172.31.46.0-255,66,12084,50,274193
38216,9.9e-05,172.31.46.0-255,66,12150,50,274193
38217,0.000106,74.125.68.0-255,5738,17888,50,274193
38218,0.000108,172.31.46.0-255,66,17954,50,274193
38219,0.00013,74.125.68.0-255,1484,19438,50,274193
38220,0.000132,172.31.46.0-255,66,19504,50,274193
38221,0.000161,74.125.68.0-255,3961,23465,50,274193
38222,0.000163,172.31.46.0-255,66,23531,50,274193
38223,0.000237,74.125.68.0-255,1484,25015,50,274193
38224,0.000241,172.31.46.0-255,66,25081,50,274193
38225,0.000245,74.125.68.0-255,1484,26565,50,274193
38226,0.000247,172.31.46.0-255,66,26631,50,274193
38227,0.000279,74.125.68.0-255,2902,29533,50,274193
38228,0.000282,172.31.46.0-255,66,29599,50,274193
38229,0.000288,74.125.68.0-255,5738,35337,50,274193
38230,0.00029,172.31.46.0-255,66,35403,50,274193
38231,0.000327,74.125.68.0-255,5379,40782,50,274193
38232,0.00033,172.31.46.0-255,66,40848,50,274193
38233,0.000337,74.125.68.0-255,5738,46586,50,274193
38234,0.000339,172.31.46.0-255,66,46652,50,274193
38235,0.000377,172.31.46.0-255,66,46718,50,274193
38236,0.000394,74.125.68.0-255,1397,48115,50,274193
38237,0.000396,172.31.46.0-255,66,48181,50,274193
38238,0.000515,74.125.68.0-255,131,48312,50,274193
38239,0.000519,172.31.46.0-255,66,48378,50,274193
38240,0.000564,74.125.68.0-255,1484,49862,50,274193
38241,0.000567,172.31.46.0-255,66,49928,50,274193
38242,0.000607,74.125.68.0-255,2902,52830,50,274193
38243,0.000611,172.31.46.0-255,66,52896,50,274193
38244,0.000617,74.125.68.0-255,5738,58634,50,274193
38245,0.00062,172.31.46.0-255,66,58700,50,274193
38246,0.000629,74.125.68.0-255,2902,61602,50,274193
38247,0.000632,172.31.46.0-255,66,61668,50,274193
38248,0.000637,74.125.68.0-255,4320,65988,50,274193
38249,0.000639,172.31.46.0-255,66,66054,50,274193
38250,0.000649,172.31.46.0-255,66,66120,50,274193
38251,0.000652,74.125.68.0-255,1484,67604,50,274193
38252,0.000678,74.125.68.0-255,5738,73342,50,274193
38253,0.000681,172.31.46.0-255,66,73408,50,274193
38254,0.000684,74.125.68.0-255,766,74174,50,274193
38255,0.001114,74.125.68.0-255,1484,75658,50,274193
38256,0.001119,172.31.46.0-255,66,75724,50,274193
38257,0.001124,74.125.68.0-255,2902,78626,50,274193
38258,0.001126,172.31.46.0-255,66,78692,50,274193
38259,0.001156,74.125.68.0-255,5738,84430,50,274193
38260,0.001158,172.31.46.0-255,66,84496,50,274193
38261,0.001163,74.125.68.0-255,4320,88816,50,274193
38262,0.001165,172.31.46.0-255,66,88882,50,274193
38263,0.001169,74.125.68.0-255,2902,91784,50,274193
38264,0.00117,172.31.46.0-255,66,91850,50,274193
38265,0.001196,74.125.68.0-255,2902,94752,50,274193
38266,0.001224,74.125.68.0-255,4320,99072,50,274193
38267,0.001228,172.31.46.0-255,66,99138,50,274193
38268,0.001231,172.31.46.0-255,66,99204,50,274193
38269,0.001245,74.125.68.0-255,7156,106360,50,274193
38270,0.001248,74.125.68.0-255,2184,108544,50,274193
38271,0.001252,172.31.46.0-255,66,108610,50,274193
38272,0.001254,172.31.46.0-255,66,108676,50,274193
38273,0.001298,74.125.68.0-255,1484,110160,50,274193
38274,0.001314,74.125.68.0-255,2902,113062,50,274193
38275,0.001316,172.31.46.0-255,66,113128,50,274193
38276,0.001346,74.125.68.0-255,4320,117448,50,274193
38277,0.001348,172.31.46.0-255,66,117514,50,274193
38278,0.001379,172.31.46.0-255,66,117580,50,274193
38279,0.001384,74.125.68.0-255,2902,120482,50,274193
38280,0.001385,172.31.46.0-255,66,120548,50,274193
38281,0.001388,74.125.68.0-255,1484,122032,50,274193
38282,0.001417,74.125.68.0-255,2902,124934,50,274193
38283,0.001419,172.31.46.0-255,66,125000,50,274193
38284,0.001429,172.31.46.0-255,66,125066,50,274193
38285,0.001431,74.125.68.0-255,766,125832,50,274193
38286,0.001577,74.125.68.0-255,1484,127316,50,274193
38287,0.00158,172.31.46.0-255,66,127382,50,274193
38288,0.001604,74.125.68.0-255,2902,130284,50,274193
38289,0.001606,172.31.46.0-255,66,130350,50,274193
38290,0.001611,74.125.68.0-255,4320,134670,50,274193
38291,0.001613,172.31.46.0-255,66,134736,50,274193
38292,0.00164,74.125.68.0-255,1484,136220,50,274193
38293,0.001643,74.125.68.0-255,1484,137704,50,274193
38294,0.001644,172.31.46.0-255,66,137770,50,274193
38295,0.001649,74.125.68.0-255,2902,140672,50,274193
38296,0.00165,172.31.46.0-255,66,140738,50,274193
38297,0.001653,74.125.68.0-255,1484,142222,50,274193
38298,0.001675,74.125.68.0-255,4320,146542,50,274193
38299,0.001677,172.31.46.0-255,66,146608,50,274193
38300,0.001688,172.31.46.0-255,66,146674,50,274193
38301,0.001718,74.125.68.0-255,1484,148158,50,274193
38302,0.001735,74.125.68.0-255,2184,150342,50,274193
38303,0.001737,172.31.46.0-255,66,150408,50,274193
38304,0.001875,74.125.68.0-255,1484,151892,50,274193
38305,0.001895,74.125.68.0-255,1484,153376,50,274193
38306,0.001898,172.31.46.0-255,66,153442,50,274193
38307,0.001921,74.125.68.0-255,1484,154926,50,274193
38308,0.001926,74.125.68.0-255,4320,159246,50,274193
38309,0.001928,172.31.46.0-255,66,159312,50,274193
38310,0.001951,74.125.68.0-255,1484,160796,50,274193
38311,0.001956,74.125.68.0-255,2902,163698,50,274193
38312,0.001958,172.31.46.0-255,66,163764,50,274193
38313,0.001976,74.125.68.0-255,4320,168084,50,274193
38314,0.001978,172.31.46.0-255,66,168150,50,274193
38315,0.001982,74.125.68.0-255,2902,171052,50,274193
38316,0.001984,172.31.46.0-255,66,171118,50,274193
38317,0.001989,74.125.68.0-255,4320,175438,50,274193
38318,0.001991,172.31.46.0-255,66,175504,50,274193
38319,0.002031,172.31.46.0-255,66,175570,50,274193
38320,0.002034,74.125.68.0-255,766,176336,50,274193
38321,0.002054,74.125.68.0-255,1484,177820,50,274193
38322,0.002056,172.31.46.0-255,66,177886,50,274193
38323,0.002061,74.125.68.0-255,4320,182206,50,274193
38324,0.002063,172.31.46.0-255,66,182272,50,274193
38325,0.002095,74.125.68.0-255,4320,186592,50,274193
38326,0.002105,74.125.68.0-255,5738,192330,50,274193
38327,0.002115,172.31.46.0-255,66,192396,50,274193
38328,0.002118,172.31.46.0-255,66,192462,50,274193
38329,0.002122,74.125.68.0-255,4320,196782,50,274193
38330,0.002124,172.31.46.0-255,66,196848,50,274193
38331,0.004225,74.125.68.0-255,2902,199750,50,274193
38332,0.004231,172.31.46.0-255,66,199816,50,274193
38333,0.004256,74.125.68.0-255,2902,202718,50,274193
38334,0.004258,172.31.46.0-255,66,202784,50,274193
38335,0.006329,74.125.68.0-255,4320,207104,50,274193
38336,0.006333,172.31.46.0-255,66,207170,50,274193
38337,0.00636,74.125.68.0-255,1484,208654,50,274193
38338,0.008436,74.125.68.0-255,4320,212974,50,274193
38339,0.008442,172.31.46.0-255,66,213040,50,274193
38340,0.010547,74.125.68.0-255,5738,218778,50,274193
38341,0.010555,172.31.46.0-255,66,218844,50,274193
38342,0.012673,74.125.68.0-255,5738,224582,50,274193
38343,0.01268,172.31.46.0-255,66,224648,50,274193
38344,0.014806,74.125.68.0-255,5738,230386,50,274193
38345,0.014815,172.31.46.0-255,66,230452,50,274193
38346,0.016935,74.125.68.0-255,5738,236190,50,274193
38347,0.016943,172.31.46.0-255,66,236256,50,274193
38348,0.019061,74.125.68.0-255,5738,241994,50,274193
38349,0.019069,172.31.46.0-255,66,242060,50,274193
38350,0.021179,74.125.68.0-255,4320,246380,50,274193
38351,0.021184,172.31.46.0-255,66,246446,50,274193
38352,0.021208,74.125.68.0-255,1484,247930,50,274193
38353,0.023316,74.125.68.0-255,4320,252250,50,274193
38354,0.023322,172.31.46.0-255,66,252316,50,274193
38355,0.025415,74.125.68.0-255,5738,258054,50,274193
38356,0.025421,172.31.46.0-255,66,258120,50,274193
38357,0.027036,172.31.46.0-255,172,258292,50,274193
38358,0.027067,172.31.46.0-255,1113,259405,50,274193
38359,0.027117,172.31.46.0-255,1514,260919,50,274193
38360,0.027118,172.31.46.0-255,1294,262213,50,274193
38361,0.027524,74.125.68.0-255,5738,267951,50,274193
38362,0.02753,172.31.46.0-255,66,268017,50,274193
38363,0.028571,104.244.42.0-255,66,268083,50,274193
38364,0.028737,104.244.42.0-255,66,268149,50,274193
38365,0.028742,104.244.42.0-255,66,268215,50,274193
38366,0.029436,104.244.42.0-255,108,268323,50,274193
38367,0.029445,172.31.46.0-255,66,268389,50,274193
38368,0.029641,74.125.68.0-255,5738,274127,50,274193
38369,0.029645,172.31.46.0-255,66,274193,50,274193
38370,0.0,172.217.194.0-255,152,152,50,237831
38371,2.5e-05,172.31.46.0-255,66,218,50,237831
38372,3.2e-05,172.217.194.0-255,1484,1702,50,237831
38373,5.9e-05,172.31.46.0-255,66,1768,50,237831
38374,6.5e-05,172.217.194.0-255,2902,4670,50,237831
38375,6.9e-05,172.31.46.0-255,66,4736,50,237831
38376,7.4e-05,172.217.194.0-255,2902,7638,50,237831
38377,7.6e-05,172.31.46.0-255,66,7704,50,237831
38378,8.4e-05,172.217.194.0-255,6232,13936,50,237831
38379,8.7e-05,172.31.46.0-255,66,14002,50,237831
38380,0.000192,172.217.194.0-255,1484,15486,50,237831
38381,0.000196,172.31.46.0-255,66,15552,50,237831
38382,0.000202,172.217.194.0-255,2902,18454,50,237831
38383,0.000204,172.31.46.0-255,66,18520,50,237831
38384,0.000229,172.217.194.0-255,5738,24258,50,237831
38385,0.000236,172.31.46.0-255,66,24324,50,237831
38386,0.00024,172.217.194.0-255,2902,27226,50,237831
38387,0.000242,172.31.46.0-255,66,27292,50,237831
38388,0.000297,172.31.46.0-255,66,27358,50,237831
38389,0.000304,172.217.194.0-255,5738,33096,50,237831
38390,0.000306,172.31.46.0-255,66,33162,50,237831
38391,0.000335,172.217.194.0-255,4320,37482,50,237831
38392,0.000338,172.31.46.0-255,66,37548,50,237831
38393,0.000367,172.31.46.0-255,66,37614,50,237831
38394,0.000371,172.217.194.0-255,2184,39798,50,237831
38395,0.000374,172.31.46.0-255,66,39864,50,237831
38396,0.000404,172.217.194.0-255,647,40511,50,237831
38397,0.000407,172.31.46.0-255,66,40577,50,237831
38398,0.00048,172.217.194.0-255,1484,42061,50,237831
38399,0.000483,172.31.46.0-255,66,42127,50,237831
38400,0.000487,172.217.194.0-255,1484,43611,50,237831
38401,0.000514,172.217.194.0-255,1484,45095,50,237831
38402,0.000517,172.31.46.0-255,66,45161,50,237831
38403,0.000524,172.217.194.0-255,5738,50899,50,237831
38404,0.000526,172.31.46.0-255,66,50965,50,237831
38405,0.00057,172.217.194.0-255,6247,57212,50,237831
38406,0.000573,172.31.46.0-255,66,57278,50,237831
38407,0.00061,172.217.194.0-255,1484,58762,50,237831
38408,0.000622,172.217.194.0-255,2902,61664,50,237831
38409,0.000625,172.31.46.0-255,66,61730,50,237831
38410,0.00063,172.217.194.0-255,2902,64632,50,237831
38411,0.000632,172.31.46.0-255,66,64698,50,237831
38412,0.000653,172.217.194.0-255,2902,67600,50,237831
38413,0.000655,172.31.46.0-255,66,67666,50,237831
38414,0.000666,172.217.194.0-255,4320,71986,50,237831
38415,0.000668,172.31.46.0-255,66,72052,50,237831
38416,0.000692,172.217.194.0-255,2543,74595,50,237831
38417,0.000695,172.31.46.0-255,66,74661,50,237831
38418,0.000704,172.217.194.0-255,4320,78981,50,237831
38419,0.000707,172.31.46.0-255,66,79047,50,237831
38420,0.00073,172.217.194.0-255,2902,81949,50,237831
38421,0.000738,172.31.46.0-255,66,82015,50,237831
38422,0.000744,172.217.194.0-255,5738,87753,50,237831
38423,0.000746,172.31.46.0-255,66,87819,50,237831
38424,0.000775,172.217.194.0-255,3961,91780,50,237831
38425,0.000782,172.31.46.0-255,66,91846,50,237831
38426,0.000947,172.217.194.0-255,1484,93330,50,237831
38427,0.000954,172.217.194.0-255,2902,96232,50,237831
38428,0.000958,172.31.46.0-255,66,96298,50,237831
38429,0.000966,172.217.194.0-255,5738,102036,50,237831
38430,0.000968,172.31.46.0-255,66,102102,50,237831
38431,0.001006,172.31.46.0-255,66,102168,50,237831
38432,0.001021,172.31.46.0-255,66,102234,50,237831
38433,0.001042,172.217.194.0-255,2184,104418,50,237831
38434,0.001045,172.31.46.0-255,66,104484,50,237831
38435,0.001129,172.217.194.0-255,1484,105968,50,237831
38436,0.001155,172.217.194.0-255,2902,108870,50,237831
38437,0.001158,172.31.46.0-255,66,108936,50,237831
38438,0.001165,172.217.194.0-255,5738,114674,50,237831
38439,0.001167,172.31.46.0-255,66,114740,50,237831
38440,0.001198,172.217.194.0-255,6797,121537,50,237831
38441,0.001202,172.31.46.0-255,66,121603,50,237831
38442,0.001245,172.217.194.0-255,5738,127341,50,237831
38443,0.00129,172.31.46.0-255,66,127407,50,237831
38444,0.001293,172.31.46.0-255,66,127473,50,237831
38445,0.001338,172.31.46.0-255,66,127539,50,237831
38446,0.001353,172.31.46.0-255,66,127605,50,237831
38447,0.00138,172.217.194.0-255,2543,130148,50,237831
38448,0.001382,172.31.46.0-255,66,130214,50,237831
38449,0.001402,172.217.194.0-255,2902,133116,50,237831
38450,0.001405,172.31.46.0-255,66,133182,50,237831
38451,0.001409,172.217.194.0-255,2902,136084,50,237831
38452,0.001412,172.31.46.0-255,66,136150,50,237831
38453,0.001452,172.217.194.0-255,4320,140470,50,237831
38454,0.001456,172.31.46.0-255,66,140536,50,237831
38455,0.001462,172.217.194.0-255,5738,146274,50,237831
38456,0.001465,172.31.46.0-255,66,146340,50,237831
38457,0.001486,172.31.46.0-255,66,146406,50,237831
38458,0.00149,172.217.194.0-255,2543,148949,50,237831
38459,0.001495,172.31.46.0-255,66,149015,50,237831
38460,0.001768,172.217.194.0-255,1484,150499,50,237831
38461,0.001775,172.217.194.0-255,2902,153401,50,237831
38462,0.001778,172.31.46.0-255,66,153467,50,237831
38463,0.001811,172.217.194.0-255,5738,159205,50,237831
38464,0.001815,172.31.46.0-255,66,159271,50,237831
38465,0.001827,172.31.46.0-255,66,159337,50,237831
38466,0.001857,172.217.194.0-255,4320,163657,50,237831
38467,0.00186,172.31.46.0-255,66,163723,50,237831
38468,0.001876,172.31.46.0-255,66,163789,50,237831
38469,0.00188,172.217.194.0-255,2184,165973,50,237831
38470,0.001882,172.31.46.0-255,66,166039,50,237831
38471,0.004132,172.217.194.0-255,5738,171777,50,237831
38472,0.004146,172.31.46.0-255,66,171843,50,237831
38473,0.006384,172.217.194.0-255,4320,176163,50,237831
38474,0.006389,172.31.46.0-255,66,176229,50,237831
38475,0.006412,172.217.194.0-255,1484,177713,50,237831
38476,0.008627,172.217.194.0-255,4320,182033,50,237831
38477,0.008633,172.31.46.0-255,66,182099,50,237831
38478,0.009263,172.31.46.0-255,101,182200,50,237831
38479,0.010887,172.217.194.0-255,5738,187938,50,237831
38480,0.010894,172.31.46.0-255,66,188004,50,237831
38481,0.011467,172.217.194.0-255,66,188070,50,237831
38482,0.013144,172.217.194.0-255,5738,193808,50,237831
38483,0.01316,172.31.46.0-255,66,193874,50,237831
38484,0.015451,172.217.194.0-255,5738,199612,50,237831
38485,0.015468,172.31.46.0-255,66,199678,50,237831
38486,0.017704,172.217.194.0-255,5738,205416,50,237831
38487,0.017722,172.31.46.0-255,66,205482,50,237831
38488,0.019985,172.217.194.0-255,5738,211220,50,237831
38489,0.019999,172.31.46.0-255,66,211286,50,237831
38490,0.022258,172.217.194.0-255,5738,217024,50,237831
38491,0.022272,172.31.46.0-255,66,217090,50,237831
38492,0.024537,172.217.194.0-255,5738,222828,50,237831
38493,0.024546,172.31.46.0-255,66,222894,50,237831
38494,0.025091,172.31.46.0-255,172,223066,50,237831
38495,0.025121,172.31.46.0-255,1112,224178,50,237831
38496,0.025182,172.31.46.0-255,1514,225692,50,237831
38497,0.025183,172.31.46.0-255,333,226025,50,237831
38498,0.026633,104.244.42.0-255,66,226091,50,237831
38499,0.026764,104.244.42.0-255,66,226157,50,237831
38500,0.026786,104.244.42.0-255,66,226223,50,237831
38501,0.026811,172.217.194.0-255,5738,231961,50,237831
38502,0.026816,172.31.46.0-255,66,232027,50,237831
38503,0.029041,172.217.194.0-255,5738,237765,50,237831
38504,0.02905,172.31.46.0-255,66,237831,50,237831
38505,0.0,74.125.24.0-255,152,152,50,201420
38506,1.7e-05,172.31.46.0-255,66,218,50,201420
38507,2.4e-05,74.125.24.0-255,1484,1702,50,201420
38508,2.7e-05,172.31.46.0-255,66,1768,50,201420
38509,3.2e-05,74.125.24.0-255,2902,4670,50,201420
38510,3.4e-05,172.31.46.0-255,66,4736,50,201420
38511,6.1e-05,74.125.24.0-255,7156,11892,50,201420
38512,6.4e-05,172.31.46.0-255,66,11958,50,201420
38513,6.7e-05,74.125.24.0-255,2093,14051,50,201420
38514,6.9e-05,172.31.46.0-255,66,14117,50,201420
38515,0.000108,74.125.24.0-255,2902,17019,50,201420
38516,0.00011,172.31.46.0-255,66,17085,50,201420
38517,0.000141,74.125.24.0-255,4320,21405,50,201420
38518,0.000144,172.31.46.0-255,66,21471,50,201420
38519,0.00015,172.31.46.0-255,66,21537,50,201420
38520,0.000154,74.125.24.0-255,1125,22662,50,201420
38521,0.000156,172.31.46.0-255,66,22728,50,201420
38522,0.000241,74.125.24.0-255,1484,24212,50,201420
38523,0.000245,172.31.46.0-255,66,24278,50,201420
38524,0.000263,74.125.24.0-255,2902,27180,50,201420
38525,0.000266,172.31.46.0-255,66,27246,50,201420
38526,0.000271,74.125.24.0-255,2902,30148,50,201420
38527,0.000273,172.31.46.0-255,66,30214,50,201420
38528,0.000293,74.125.24.0-255,7156,37370,50,201420
38529,0.000295,172.31.46.0-255,66,37436,50,201420
38530,0.000323,172.31.46.0-255,66,37502,50,201420
38531,0.000339,74.125.24.0-255,4320,41822,50,201420
38532,0.000341,172.31.46.0-255,66,41888,50,201420
38533,0.000347,74.125.24.0-255,3602,45490,50,201420
38534,0.000349,172.31.46.0-255,66,45556,50,201420
38535,0.000351,74.125.24.0-255,360,45916,50,201420
38536,0.000402,74.125.24.0-255,130,46046,50,201420
38537,0.000551,74.125.24.0-255,1484,47530,50,201420
38538,0.000557,172.31.46.0-255,66,47596,50,201420
38539,0.000562,74.125.24.0-255,2902,50498,50,201420
38540,0.000564,172.31.46.0-255,66,50564,50,201420
38541,0.000581,74.125.24.0-255,5738,56302,50,201420
38542,0.000583,172.31.46.0-255,66,56368,50,201420
38543,0.000619,172.31.46.0-255,66,56434,50,201420
38544,0.000669,172.31.46.0-255,66,56500,50,201420
38545,0.000859,74.125.24.0-255,1484,57984,50,201420
38546,0.000875,74.125.24.0-255,2902,60886,50,201420
38547,0.000878,172.31.46.0-255,66,60952,50,201420
38548,0.000896,74.125.24.0-255,1484,62436,50,201420
38549,0.000919,74.125.24.0-255,4320,66756,50,201420
38550,0.000921,172.31.46.0-255,66,66822,50,201420
38551,0.000955,172.31.46.0-255,66,66888,50,201420
38552,0.000966,172.31.46.0-255,66,66954,50,201420
38553,0.000981,74.125.24.0-255,3602,70556,50,201420
38554,0.000983,172.31.46.0-255,66,70622,50,201420
38555,0.00103,74.125.24.0-255,1484,72106,50,201420
38556,0.001043,74.125.24.0-255,2902,75008,50,201420
38557,0.001045,172.31.46.0-255,66,75074,50,201420
38558,0.001068,74.125.24.0-255,5738,80812,50,201420
38559,0.001071,172.31.46.0-255,66,80878,50,201420
38560,0.001091,74.125.24.0-255,5738,86616,50,201420
38561,0.001093,172.31.46.0-255,66,86682,50,201420
38562,0.001117,74.125.24.0-255,2902,89584,50,201420
38563,0.001121,172.31.46.0-255,66,89650,50,201420
38564,0.001126,74.125.24.0-255,2902,92552,50,201420
38565,0.001128,172.31.46.0-255,66,92618,50,201420
38566,0.001152,172.31.46.0-255,66,92684,50,201420
38567,0.001178,74.125.24.0-255,1484,94168,50,201420
38568,0.001196,74.125.24.0-255,2902,97070,50,201420
38569,0.001199,172.31.46.0-255,66,97136,50,201420
38570,0.001206,74.125.24.0-255,5738,102874,50,201420
38571,0.001208,172.31.46.0-255,66,102940,50,201420
38572,0.001224,74.125.24.0-255,4320,107260,50,201420
38573,0.001228,172.31.46.0-255,66,107326,50,201420
38574,0.00125,172.31.46.0-255,66,107392,50,201420
38575,0.001262,172.31.46.0-255,66,107458,50,201420
38576,0.001295,74.125.24.0-255,4320,111778,50,201420
38577,0.001298,172.31.46.0-255,66,111844,50,201420
38578,0.001342,74.125.24.0-255,2902,114746,50,201420
38579,0.001356,172.31.46.0-255,66,114812,50,201420
38580,0.001387,74.125.24.0-255,1484,116296,50,201420
38581,0.001396,172.31.46.0-255,66,116362,50,201420
38582,0.001404,74.125.24.0-255,1484,117846,50,201420
38583,0.001418,74.125.24.0-255,1484,119330,50,201420
38584,0.001424,74.125.24.0-255,5738,125068,50,201420
38585,0.001443,74.125.24.0-255,5738,130806,50,201420
38586,0.001448,172.31.46.0-255,66,130872,50,201420
38587,0.00148,74.125.24.0-255,7156,138028,50,201420
38588,0.001493,74.125.24.0-255,2184,140212,50,201420
38589,0.001497,172.31.46.0-255,66,140278,50,201420
38590,0.001557,74.125.24.0-255,1484,141762,50,201420
38591,0.001595,74.125.24.0-255,1484,143246,50,201420
38592,0.001597,172.31.46.0-255,66,143312,50,201420
38593,0.001617,74.125.24.0-255,1484,144796,50,201420
38594,0.001624,74.125.24.0-255,5738,150534,50,201420
38595,0.001655,74.125.24.0-255,5738,156272,50,201420
38596,0.00166,172.31.46.0-255,66,156338,50,201420
38597,0.001699,172.31.46.0-255,66,156404,50,201420
38598,0.001748,74.125.24.0-255,1484,157888,50,201420
38599,0.001764,74.125.24.0-255,2902,160790,50,201420
38600,0.001776,172.31.46.0-255,66,160856,50,201420
38601,0.001785,74.125.24.0-255,5738,166594,50,201420
38602,0.001793,172.31.46.0-255,66,166660,50,201420
38603,0.001797,74.125.24.0-255,2902,169562,50,201420
38604,0.00184,172.31.46.0-255,66,169628,50,201420
38605,0.001894,172.31.46.0-255,66,169694,50,201420
38606,0.001898,74.125.24.0-255,2184,171878,50,201420
38607,0.00191,172.31.46.0-255,66,171944,50,201420
38608,0.001917,74.125.24.0-255,2184,174128,50,201420
38609,0.001928,74.125.24.0-255,1484,175612,50,201420
38610,0.001935,172.31.46.0-255,66,175678,50,201420
38611,0.001947,74.125.24.0-255,5738,181416,50,201420
38612,0.001978,74.125.24.0-255,5738,187154,50,201420
38613,0.00198,172.31.46.0-255,66,187220,50,201420
38614,0.001986,172.31.46.0-255,66,187286,50,201420
38615,0.002,74.125.24.0-255,5738,193024,50,201420
38616,0.002007,172.31.46.0-255,66,193090,50,201420
38617,0.002018,74.125.24.0-255,5738,198828,50,201420
38618,0.002021,74.125.24.0-255,2184,201012,50,201420
38619,0.002025,172.31.46.0-255,66,201078,50,201420
38620,0.002085,74.125.24.0-255,105,201183,50,201420
38621,0.006864,172.31.46.0-255,66,201249,50,201420
38622,0.009371,172.31.46.0-255,105,201354,50,201420
38623,0.011615,74.125.24.0-255,66,201420,50,201420
38624,0.0,172.31.46.0-255,105,105,50,459
38625,0.000392,172.31.46.0-255,90,195,50,459
38626,0.000403,172.31.46.0-255,66,261,50,459
38627,0.002982,74.125.68.0-255,66,327,50,459
38628,0.003011,74.125.68.0-255,66,393,50,459
38629,0.003033,172.31.46.0-255,66,459,50,459
38630,0.0,74.125.68.0-255,156,156,50,256847
38631,1.2e-05,172.31.46.0-255,66,222,50,256847
38632,1.8e-05,74.125.68.0-255,1484,1706,50,256847
38633,2.2e-05,172.31.46.0-255,66,1772,50,256847
38634,2.7e-05,74.125.68.0-255,2902,4674,50,256847
38635,3e-05,172.31.46.0-255,66,4740,50,256847
38636,7.4e-05,74.125.68.0-255,7156,11896,50,256847
38637,7.7e-05,172.31.46.0-255,66,11962,50,256847
38638,8.1e-05,74.125.68.0-255,1929,13891,50,256847
38639,8.3e-05,172.31.46.0-255,66,13957,50,256847
38640,0.000397,74.125.68.0-255,1484,15441,50,256847
38641,0.000402,172.31.46.0-255,66,15507,50,256847
38642,0.000407,74.125.68.0-255,2902,18409,50,256847
38643,0.000409,172.31.46.0-255,66,18475,50,256847
38644,0.000412,74.125.68.0-255,1484,19959,50,256847
38645,0.000414,172.31.46.0-255,66,20025,50,256847
38646,0.000438,74.125.68.0-255,1484,21509,50,256847
38647,0.00044,172.31.46.0-255,66,21575,50,256847
38648,0.000449,74.125.68.0-255,4320,25895,50,256847
38649,0.000451,172.31.46.0-255,66,25961,50,256847
38650,0.000482,74.125.68.0-255,4320,30281,50,256847
38651,0.000485,172.31.46.0-255,66,30347,50,256847
38652,0.000513,74.125.68.0-255,1125,31472,50,256847
38653,0.000516,172.31.46.0-255,66,31538,50,256847
38654,0.000621,74.125.68.0-255,1484,33022,50,256847
38655,0.000625,172.31.46.0-255,66,33088,50,256847
38656,0.00063,74.125.68.0-255,2902,35990,50,256847
38657,0.000632,172.31.46.0-255,66,36056,50,256847
38658,0.000661,74.125.68.0-255,5738,41794,50,256847
38659,0.000664,74.125.68.0-255,1484,43278,50,256847
38660,0.000667,172.31.46.0-255,66,43344,50,256847
38661,0.000674,172.31.46.0-255,66,43410,50,256847
38662,0.000678,74.125.68.0-255,1484,44894,50,256847
38663,0.000711,74.125.68.0-255,4320,49214,50,256847
38664,0.000714,172.31.46.0-255,66,49280,50,256847
38665,0.000749,74.125.68.0-255,6797,56077,50,256847
38666,0.000752,172.31.46.0-255,66,56143,50,256847
38667,0.000758,74.125.68.0-255,5738,61881,50,256847
38668,0.00076,172.31.46.0-255,66,61947,50,256847
38669,0.000787,74.125.68.0-255,2902,64849,50,256847
38670,0.000789,172.31.46.0-255,66,64915,50,256847
38671,0.000815,74.125.68.0-255,1439,66354,50,256847
38672,0.000868,74.125.68.0-255,107,66461,50,256847
38673,0.000915,74.125.68.0-255,1484,67945,50,256847
38674,0.000918,172.31.46.0-255,66,68011,50,256847
38675,0.00093,74.125.68.0-255,1484,69495,50,256847
38676,0.000939,74.125.68.0-255,2902,72397,50,256847
38677,0.000942,172.31.46.0-255,66,72463,50,256847
38678,0.000951,74.125.68.0-255,1484,73947,50,256847
38679,0.000978,74.125.68.0-255,4320,78267,50,256847
38680,0.00098,172.31.46.0-255,66,78333,50,256847
38681,0.000987,74.125.68.0-255,5379,83712,50,256847
38682,0.000989,172.31.46.0-255,66,83778,50,256847
38683,0.001029,74.125.68.0-255,4320,88098,50,256847
38684,0.001033,172.31.46.0-255,66,88164,50,256847
38685,0.001062,74.125.68.0-255,1484,89648,50,256847
38686,0.001071,74.125.68.0-255,7156,96804,50,256847
38687,0.001074,172.31.46.0-255,66,96870,50,256847
38688,0.001079,74.125.68.0-255,3961,100831,50,256847
38689,0.001081,172.31.46.0-255,66,100897,50,256847
38690,0.001278,74.125.68.0-255,1484,102381,50,256847
38691,0.001283,74.125.68.0-255,1484,103865,50,256847
38692,0.001286,172.31.46.0-255,66,103931,50,256847
38693,0.001314,74.125.68.0-255,1484,105415,50,256847
38694,0.001321,74.125.68.0-255,5738,111153,50,256847
38695,0.001323,172.31.46.0-255,66,111219,50,256847
38696,0.001329,74.125.68.0-255,4320,115539,50,256847
38697,0.00133,172.31.46.0-255,66,115605,50,256847
38698,0.001351,74.125.68.0-255,2902,118507,50,256847
38699,0.001357,172.31.46.0-255,66,118573,50,256847
38700,0.001368,172.31.46.0-255,66,118639,50,256847
38701,0.001429,172.31.46.0-255,66,118705,50,256847
38702,0.001439,172.31.46.0-255,66,118771,50,256847
38703,0.001448,74.125.68.0-255,2902,121673,50,256847
38704,0.001451,172.31.46.0-255,66,121739,50,256847
38705,0.001478,74.125.68.0-255,1484,123223,50,256847
38706,0.001519,74.125.68.0-255,4320,127543,50,256847
38707,0.001524,172.31.46.0-255,66,127609,50,256847
38708,0.001527,172.31.46.0-255,66,127675,50,256847
38709,0.001549,74.125.68.0-255,5287,132962,50,256847
38710,0.001553,172.31.46.0-255,66,133028,50,256847
38711,0.001791,74.125.68.0-255,1484,134512,50,256847
38712,0.001796,74.125.68.0-255,1484,135996,50,256847
38713,0.001799,172.31.46.0-255,66,136062,50,256847
38714,0.001804,74.125.68.0-255,2902,138964,50,256847
38715,0.001806,172.31.46.0-255,66,139030,50,256847
38716,0.001836,74.125.68.0-255,5738,144768,50,256847
38717,0.001838,172.31.46.0-255,66,144834,50,256847
38718,0.001879,172.31.46.0-255,66,144900,50,256847
38719,0.001906,74.125.68.0-255,2902,147802,50,256847
38720,0.001909,172.31.46.0-255,66,147868,50,256847
38721,0.001939,74.125.68.0-255,4320,152188,50,256847
38722,0.001942,172.31.46.0-255,66,152254,50,256847
38723,0.001977,74.125.68.0-255,6438,158692,50,256847
38724,0.00198,172.31.46.0-255,66,158758,50,256847
38725,0.002197,74.125.68.0-255,1484,160242,50,256847
38726,0.002212,74.125.68.0-255,2902,163144,50,256847
38727,0.002215,172.31.46.0-255,66,163210,50,256847
38728,0.002219,74.125.68.0-255,1484,164694,50,256847
38729,0.002271,74.125.68.0-255,4320,169014,50,256847
38730,0.002273,172.31.46.0-255,66,169080,50,256847
38731,0.002279,74.125.68.0-255,4320,173400,50,256847
38732,0.002282,172.31.46.0-255,66,173466,50,256847
38733,0.002318,74.125.68.0-255,5738,179204,50,256847
38734,0.002321,172.31.46.0-255,66,179270,50,256847
38735,0.002324,74.125.68.0-255,1484,180754,50,256847
38736,0.002349,74.125.68.0-255,2902,183656,50,256847
38737,0.002352,172.31.46.0-255,66,183722,50,256847
38738,0.002355,74.125.68.0-255,1484,185206,50,256847
38739,0.002393,74.125.68.0-255,2902,188108,50,256847
38740,0.002395,172.31.46.0-255,66,188174,50,256847
38741,0.0024,74.125.68.0-255,2902,191076,50,256847
38742,0.002402,172.31.46.0-255,66,191142,50,256847
38743,0.002484,74.125.68.0-255,2184,193326,50,256847
38744,0.002489,172.31.46.0-255,66,193392,50,256847
38745,0.004959,74.125.68.0-255,2902,196294,50,256847
38746,0.004966,172.31.46.0-255,66,196360,50,256847
38747,0.005046,74.125.68.0-255,2902,199262,50,256847
38748,0.005049,172.31.46.0-255,66,199328,50,256847
38749,0.007531,74.125.68.0-255,2902,202230,50,256847
38750,0.007537,172.31.46.0-255,66,202296,50,256847
38751,0.007606,74.125.68.0-255,2902,205198,50,256847
38752,0.00761,172.31.46.0-255,66,205264,50,256847
38753,0.01011,74.125.68.0-255,2902,208166,50,256847
38754,0.010117,172.31.46.0-255,66,208232,50,256847
38755,0.010156,74.125.68.0-255,2902,211134,50,256847
38756,0.010158,172.31.46.0-255,66,211200,50,256847
38757,0.012699,74.125.68.0-255,2902,214102,50,256847
38758,0.012708,172.31.46.0-255,66,214168,50,256847
38759,0.012739,74.125.68.0-255,2902,217070,50,256847
38760,0.012741,172.31.46.0-255,66,217136,50,256847
38761,0.015288,74.125.68.0-255,2902,220038,50,256847
38762,0.015296,172.31.46.0-255,66,220104,50,256847
38763,0.015322,74.125.68.0-255,2902,223006,50,256847
38764,0.015325,172.31.46.0-255,66,223072,50,256847
38765,0.017874,74.125.68.0-255,2902,225974,50,256847
38766,0.017886,172.31.46.0-255,66,226040,50,256847
38767,0.017919,74.125.68.0-255,2902,228942,50,256847
38768,0.017922,172.31.46.0-255,66,229008,50,256847
38769,0.020459,74.125.68.0-255,2902,231910,50,256847
38770,0.020467,172.31.46.0-255,66,231976,50,256847
38771,0.020493,74.125.68.0-255,2902,234878,50,256847
38772,0.020495,172.31.46.0-255,66,234944,50,256847
38773,0.023033,74.125.68.0-255,2902,237846,50,256847
38774,0.02304,172.31.46.0-255,66,237912,50,256847
38775,0.023071,74.125.68.0-255,2902,240814,50,256847
38776,0.023074,172.31.46.0-255,66,240880,50,256847
38777,0.025609,74.125.68.0-255,2902,243782,50,256847
38778,0.025616,172.31.46.0-255,66,243848,50,256847
38779,0.025643,74.125.68.0-255,2902,246750,50,256847
38780,0.025645,172.31.46.0-255,66,246816,50,256847
38781,0.028182,74.125.68.0-255,2902,249718,50,256847
38782,0.028188,172.31.46.0-255,66,249784,50,256847
38783,0.028218,74.125.68.0-255,2902,252686,50,256847
38784,0.028221,172.31.46.0-255,66,252752,50,256847
38785,0.029234,172.31.46.0-255,172,252924,50,256847
38786,0.029266,172.31.46.0-255,1108,254032,50,256847
38787,0.029324,172.31.46.0-255,1514,255546,50,256847
38788,0.029326,172.31.46.0-255,1301,256847,50,256847
38789,0.0,172.31.46.0-255,105,105,50,105
38790,0.0,172.217.194.0-255,156,156,50,209773
38791,1.5e-05,172.31.46.0-255,66,222,50,209773
38792,2.2e-05,172.217.194.0-255,1484,1706,50,209773
38793,2.6e-05,172.31.46.0-255,66,1772,50,209773
38794,3.3e-05,172.217.194.0-255,2902,4674,50,209773
38795,3.6e-05,172.31.46.0-255,66,4740,50,209773
38796,4.4e-05,172.217.194.0-255,7156,11896,50,209773
38797,4.7e-05,172.31.46.0-255,66,11962,50,209773
38798,5.2e-05,172.217.194.0-255,4320,16282,50,209773
38799,5.4e-05,172.31.46.0-255,66,16348,50,209773
38800,9.8e-05,172.31.46.0-255,66,16414,50,209773
38801,0.000102,172.217.194.0-255,2543,18957,50,209773
38802,0.000104,172.31.46.0-255,66,19023,50,209773
38803,0.000186,172.217.194.0-255,1484,20507,50,209773
38804,0.000189,172.31.46.0-255,66,20573,50,209773
38805,0.000195,172.217.194.0-255,2902,23475,50,209773
38806,0.000197,172.31.46.0-255,66,23541,50,209773
38807,0.000213,172.217.194.0-255,4320,27861,50,209773
38808,0.000216,172.31.46.0-255,66,27927,50,209773
38809,0.000235,172.217.194.0-255,1484,29411,50,209773
38810,0.000237,172.31.46.0-255,66,29477,50,209773
38811,0.000256,172.217.194.0-255,2902,32379,50,209773
38812,0.000258,172.31.46.0-255,66,32445,50,209773
38813,0.000285,172.31.46.0-255,66,32511,50,209773
38814,0.0003,172.217.194.0-255,1125,33636,50,209773
38815,0.000302,172.31.46.0-255,66,33702,50,209773
38816,0.000312,172.31.46.0-255,66,33768,50,209773
38817,0.000314,172.217.194.0-255,1125,34893,50,209773
38818,0.000316,172.31.46.0-255,66,34959,50,209773
38819,0.000592,172.217.194.0-255,645,35604,50,209773
38820,0.000664,172.217.194.0-255,1484,37088,50,209773
38821,0.000668,172.31.46.0-255,66,37154,50,209773
38822,0.000674,172.217.194.0-255,2902,40056,50,209773
38823,0.000675,172.31.46.0-255,66,40122,50,209773
38824,0.00071,172.217.194.0-255,2902,43024,50,209773
38825,0.000712,172.31.46.0-255,66,43090,50,209773
38826,0.000745,172.217.194.0-255,2902,45992,50,209773
38827,0.000747,172.31.46.0-255,66,46058,50,209773
38828,0.00076,172.31.46.0-255,66,46124,50,209773
38829,0.000772,172.31.46.0-255,66,46190,50,209773
38830,0.000775,172.217.194.0-255,766,46956,50,209773
38831,0.001064,172.217.194.0-255,1484,48440,50,209773
38832,0.00107,172.31.46.0-255,66,48506,50,209773
38833,0.001075,172.217.194.0-255,2902,51408,50,209773
38834,0.001077,172.31.46.0-255,66,51474,50,209773
38835,0.001083,172.217.194.0-255,5738,57212,50,209773
38836,0.001085,172.31.46.0-255,66,57278,50,209773
38837,0.001104,172.217.194.0-255,7156,64434,50,209773
38838,0.001109,172.31.46.0-255,66,64500,50,209773
38839,0.001122,172.217.194.0-255,5738,70238,50,209773
38840,0.001124,172.31.46.0-255,66,70304,50,209773
38841,0.001127,172.217.194.0-255,1484,71788,50,209773
38842,0.001161,172.31.46.0-255,66,71854,50,209773
38843,0.001179,172.217.194.0-255,1484,73338,50,209773
38844,0.001182,172.217.194.0-255,1484,74822,50,209773
38845,0.001184,172.31.46.0-255,66,74888,50,209773
38846,0.001199,172.217.194.0-255,1484,76372,50,209773
38847,0.001206,172.217.194.0-255,5738,82110,50,209773
38848,0.001208,172.31.46.0-255,66,82176,50,209773
38849,0.001226,172.217.194.0-255,7156,89332,50,209773
38850,0.001229,172.31.46.0-255,66,89398,50,209773
38851,0.001257,172.217.194.0-255,5738,95136,50,209773
38852,0.00126,172.31.46.0-255,66,95202,50,209773
38853,0.001264,172.217.194.0-255,2902,98104,50,209773
38854,0.001266,172.31.46.0-255,66,98170,50,209773
38855,0.001278,172.217.194.0-255,1484,99654,50,209773
38856,0.0013,172.217.194.0-255,6438,106092,50,209773
38857,0.001304,172.31.46.0-255,66,106158,50,209773
38858,0.001337,172.217.194.0-255,1484,107642,50,209773
38859,0.001355,172.217.194.0-255,2902,110544,50,209773
38860,0.00136,172.31.46.0-255,66,110610,50,209773
38861,0.001366,172.217.194.0-255,5738,116348,50,209773
38862,0.001368,172.31.46.0-255,66,116414,50,209773
38863,0.001398,172.217.194.0-255,7156,123570,50,209773
38864,0.0014,172.31.46.0-255,66,123636,50,209773
38865,0.001408,172.217.194.0-255,7156,130792,50,209773
38866,0.001411,172.31.46.0-255,66,130858,50,209773
38867,0.001433,172.217.194.0-255,1484,132342,50,209773
38868,0.00144,172.217.194.0-255,5738,138080,50,209773
38869,0.001442,172.31.46.0-255,66,138146,50,209773
38870,0.001462,172.217.194.0-255,2184,140330,50,209773
38871,0.001464,172.31.46.0-255,66,140396,50,209773
38872,0.001519,172.217.194.0-255,1484,141880,50,209773
38873,0.001522,172.217.194.0-255,1484,143364,50,209773
38874,0.001525,172.31.46.0-255,66,143430,50,209773
38875,0.001544,172.217.194.0-255,1484,144914,50,209773
38876,0.001549,172.217.194.0-255,4320,149234,50,209773
38877,0.001552,172.31.46.0-255,66,149300,50,209773
38878,0.001556,172.217.194.0-255,2902,152202,50,209773
38879,0.001558,172.31.46.0-255,66,152268,50,209773
38880,0.001574,172.217.194.0-255,5738,158006,50,209773
38881,0.001577,172.31.46.0-255,66,158072,50,209773
38882,0.001599,172.217.194.0-255,5738,163810,50,209773
38883,0.001601,172.31.46.0-255,66,163876,50,209773
38884,0.001635,172.31.46.0-255,66,163942,50,209773
38885,0.001811,172.217.194.0-255,1484,165426,50,209773
38886,0.001818,172.217.194.0-255,2902,168328,50,209773
38887,0.001821,172.31.46.0-255,66,168394,50,209773
38888,0.001828,172.217.194.0-255,4320,172714,50,209773
38889,0.00183,172.31.46.0-255,66,172780,50,209773
38890,0.001846,172.217.194.0-255,1484,174264,50,209773
38891,0.001875,172.217.194.0-255,7156,181420,50,209773
38892,0.001878,172.31.46.0-255,66,181486,50,209773
38893,0.00192,172.217.194.0-255,5738,187224,50,209773
38894,0.001922,172.31.46.0-255,66,187290,50,209773
38895,0.00196,172.31.46.0-255,66,187356,50,209773
38896,0.001977,172.31.46.0-255,66,187422,50,209773
38897,0.001994,172.31.46.0-255,66,187488,50,209773
38898,0.001998,172.217.194.0-255,2184,189672,50,209773
38899,0.002,172.31.46.0-255,66,189738,50,209773
38900,0.00202,172.31.46.0-255,66,189804,50,209773
38901,0.002033,172.31.46.0-255,66,189870,50,209773
38902,0.002055,172.217.194.0-255,766,190636,50,209773
38903,0.002089,172.217.194.0-255,7156,197792,50,209773
38904,0.002092,172.31.46.0-255,66,197858,50,209773
38905,0.002115,172.31.46.0-255,66,197924,50,209773
38906,0.002132,172.31.46.0-255,66,197990,50,209773
38907,0.002144,172.31.46.0-255,66,198056,50,209773
38908,0.002167,172.217.194.0-255,3602,201658,50,209773
38909,0.00217,172.31.46.0-255,66,201724,50,209773
38910,0.002199,172.217.194.0-255,4320,206044,50,209773
38911,0.002202,172.31.46.0-255,66,206110,50,209773
38912,0.002246,172.217.194.0-255,105,206215,50,209773
38913,0.006384,172.31.46.0-255,66,206281,50,209773
38914,0.009127,172.31.46.0-255,105,206386,50,209773
38915,0.011453,172.217.194.0-255,66,206452,50,209773
38916,0.027898,172.31.46.0-255,164,206616,50,209773
38917,0.027936,172.31.46.0-255,1122,207738,50,209773
38918,0.027997,172.31.46.0-255,1514,209252,50,209773
38919,0.027999,172.31.46.0-255,323,209575,50,209773
38920,0.029435,104.244.42.0-255,66,209641,50,209773
38921,0.029471,104.244.42.0-255,66,209707,50,209773
38922,0.029552,104.244.42.0-255,66,209773,50,209773
38923,0.0,74.125.68.0-255,145,145,50,175976
38924,2.3e-05,172.31.46.0-255,66,211,50,175976
38925,3e-05,74.125.68.0-255,1484,1695,50,175976
38926,3.5e-05,172.31.46.0-255,66,1761,50,175976
38927,4.8e-05,74.125.68.0-255,2902,4663,50,175976
38928,5.1e-05,172.31.46.0-255,66,4729,50,175976
38929,5.7e-05,74.125.68.0-255,4320,9049,50,175976
38930,6e-05,172.31.46.0-255,66,9115,50,175976
38931,6.6e-05,74.125.68.0-255,4927,14042,50,175976
38932,6.9e-05,172.31.46.0-255,66,14108,50,175976
38933,0.00033,74.125.68.0-255,1484,15592,50,175976
38934,0.000336,172.31.46.0-255,66,15658,50,175976
38935,0.000342,74.125.68.0-255,2902,18560,50,175976
38936,0.000344,172.31.46.0-255,66,18626,50,175976
38937,0.000348,74.125.68.0-255,1484,20110,50,175976
38938,0.000355,172.31.46.0-255,66,20176,50,175976
38939,0.000386,74.125.68.0-255,4320,24496,50,175976
38940,0.00039,172.31.46.0-255,66,24562,50,175976
38941,0.000397,74.125.68.0-255,6797,31359,50,175976
38942,0.000399,172.31.46.0-255,66,31425,50,175976
38943,0.000431,74.125.68.0-255,7156,38581,50,175976
38944,0.000435,172.31.46.0-255,66,38647,50,175976
38945,0.000439,74.125.68.0-255,2902,41549,50,175976
38946,0.000441,172.31.46.0-255,66,41615,50,175976
38947,0.000494,74.125.68.0-255,6797,48412,50,175976
38948,0.000497,172.31.46.0-255,66,48478,50,175976
38949,0.001447,74.125.68.0-255,1484,49962,50,175976
38950,0.001454,172.31.46.0-255,66,50028,50,175976
38951,0.001465,74.125.68.0-255,2902,52930,50,175976
38952,0.001473,172.31.46.0-255,66,52996,50,175976
38953,0.00148,74.125.68.0-255,5738,58734,50,175976
38954,0.001482,172.31.46.0-255,66,58800,50,175976
38955,0.001508,74.125.68.0-255,1484,60284,50,175976
38956,0.001514,74.125.68.0-255,2902,63186,50,175976
38957,0.001517,172.31.46.0-255,66,63252,50,175976
38958,0.001561,74.125.68.0-255,1484,64736,50,175976
38959,0.0016,74.125.68.0-255,1125,65861,50,175976
38960,0.001603,172.31.46.0-255,66,65927,50,175976
38961,0.001782,74.125.68.0-255,1484,67411,50,175976
38962,0.001809,74.125.68.0-255,1484,68895,50,175976
38963,0.001813,172.31.46.0-255,66,68961,50,175976
38964,0.001818,74.125.68.0-255,2902,71863,50,175976
38965,0.001821,172.31.46.0-255,66,71929,50,175976
38966,0.001861,74.125.68.0-255,5738,77667,50,175976
38967,0.001864,172.31.46.0-255,66,77733,50,175976
38968,0.001869,74.125.68.0-255,2902,80635,50,175976
38969,0.001871,172.31.46.0-255,66,80701,50,175976
38970,0.001903,74.125.68.0-255,3961,84662,50,175976
38971,0.001905,172.31.46.0-255,66,84728,50,175976
38972,0.001912,74.125.68.0-255,5738,90466,50,175976
38973,0.001915,172.31.46.0-255,66,90532,50,175976
38974,0.001918,74.125.68.0-255,1484,92016,50,175976
38975,0.001948,74.125.68.0-255,5738,97754,50,175976
38976,0.00195,172.31.46.0-255,66,97820,50,175976
38977,0.001955,74.125.68.0-255,2543,100363,50,175976
38978,0.001957,172.31.46.0-255,66,100429,50,175976
38979,0.004281,74.125.68.0-255,2902,103331,50,175976
38980,0.004286,172.31.46.0-255,66,103397,50,175976
38981,0.004303,74.125.68.0-255,2902,106299,50,175976
38982,0.004305,172.31.46.0-255,66,106365,50,175976
38983,0.006606,74.125.68.0-255,2902,109267,50,175976
38984,0.006611,172.31.46.0-255,66,109333,50,175976
38985,0.00663,74.125.68.0-255,2902,112235,50,175976
38986,0.006634,172.31.46.0-255,66,112301,50,175976
38987,0.008923,74.125.68.0-255,2902,115203,50,175976
38988,0.008931,172.31.46.0-255,66,115269,50,175976
38989,0.008963,74.125.68.0-255,2902,118171,50,175976
38990,0.008966,172.31.46.0-255,66,118237,50,175976
38991,0.011252,74.125.68.0-255,2902,121139,50,175976
38992,0.011261,172.31.46.0-255,66,121205,50,175976
38993,0.011292,74.125.68.0-255,2902,124107,50,175976
38994,0.011295,172.31.46.0-255,66,124173,50,175976
38995,0.013581,74.125.68.0-255,2902,127075,50,175976
38996,0.013591,172.31.46.0-255,66,127141,50,175976
38997,0.013625,74.125.68.0-255,2902,130043,50,175976
38998,0.013628,172.31.46.0-255,66,130109,50,175976
38999,0.015918,74.125.68.0-255,2902,133011,50,175976
39000,0.01593,172.31.46.0-255,66,133077,50,175976
39001,0.015961,74.125.68.0-255,2902,135979,50,175976
39002,0.015965,172.31.46.0-255,66,136045,50,175976
39003,0.018269,74.125.68.0-255,2902,138947,50,175976
39004,0.018285,172.31.46.0-255,66,139013,50,175976
39005,0.01832,74.125.68.0-255,2902,141915,50,175976
39006,0.018323,172.31.46.0-255,66,141981,50,175976
39007,0.020615,74.125.68.0-255,2902,144883,50,175976
39008,0.020632,172.31.46.0-255,66,144949,50,175976
39009,0.020665,74.125.68.0-255,2902,147851,50,175976
39010,0.020668,172.31.46.0-255,66,147917,50,175976
39011,0.022953,74.125.68.0-255,2902,150819,50,175976
39012,0.022969,172.31.46.0-255,66,150885,50,175976
39013,0.023001,74.125.68.0-255,2902,153787,50,175976
39014,0.023005,172.31.46.0-255,66,153853,50,175976
39015,0.025289,74.125.68.0-255,2902,156755,50,175976
39016,0.025299,172.31.46.0-255,66,156821,50,175976
39017,0.025331,74.125.68.0-255,2902,159723,50,175976
39018,0.025334,172.31.46.0-255,66,159789,50,175976
39019,0.0266,172.31.46.0-255,196,159985,50,175976
39020,0.026636,172.31.46.0-255,1113,161098,50,175976
39021,0.026699,172.31.46.0-255,1514,162612,50,175976
39022,0.0267,172.31.46.0-255,1294,163906,50,175976
39023,0.027625,74.125.68.0-255,2902,166808,50,175976
39024,0.027635,172.31.46.0-255,66,166874,50,175976
39025,0.027659,74.125.68.0-255,2902,169776,50,175976
39026,0.027662,172.31.46.0-255,66,169842,50,175976
39027,0.028168,104.244.42.0-255,66,169908,50,175976
39028,0.028199,104.244.42.0-255,66,169974,50,175976
39029,0.028259,104.244.42.0-255,66,170040,50,175976
39030,0.029945,74.125.68.0-255,2902,172942,50,175976
39031,0.029951,172.31.46.0-255,66,173008,50,175976
39032,0.029981,74.125.68.0-255,2902,175910,50,175976
39033,0.029984,172.31.46.0-255,66,175976,50,175976
39034,0.0,172.217.194.0-255,154,154,50,225674
39035,2.7e-05,172.31.46.0-255,66,220,50,225674
39036,3.4e-05,172.217.194.0-255,1484,1704,50,225674
39037,3.8e-05,172.31.46.0-255,66,1770,50,225674
39038,5.2e-05,172.217.194.0-255,2902,4672,50,225674
39039,5.6e-05,172.31.46.0-255,66,4738,50,225674
39040,6.3e-05,172.217.194.0-255,7156,11894,50,225674
39041,6.6e-05,172.31.46.0-255,66,11960,50,225674
39042,7.1e-05,172.217.194.0-255,2096,14056,50,225674
39043,7.4e-05,172.31.46.0-255,66,14122,50,225674
39044,0.000151,172.217.194.0-255,1484,15606,50,225674
39045,0.000154,172.31.46.0-255,66,15672,50,225674
39046,0.000159,172.217.194.0-255,2902,18574,50,225674
39047,0.000162,172.31.46.0-255,66,18640,50,225674
39048,0.000189,172.217.194.0-255,5738,24378,50,225674
39049,0.000192,172.31.46.0-255,66,24444,50,225674
39050,0.000232,172.31.46.0-255,66,24510,50,225674
39051,0.00024,172.217.194.0-255,7156,31666,50,225674
39052,0.000242,172.31.46.0-255,66,31732,50,225674
39053,0.000269,172.217.194.0-255,7156,38888,50,225674
39054,0.000271,172.31.46.0-255,66,38954,50,225674
39055,0.00029,172.31.46.0-255,66,39020,50,225674
39056,0.000316,172.217.194.0-255,646,39666,50,225674
39057,0.000323,172.31.46.0-255,66,39732,50,225674
39058,0.00053,172.217.194.0-255,1484,41216,50,225674
39059,0.000535,172.31.46.0-255,66,41282,50,225674
39060,0.000541,172.217.194.0-255,2902,44184,50,225674
39061,0.000544,172.31.46.0-255,66,44250,50,225674
39062,0.00057,172.217.194.0-255,2902,47152,50,225674
39063,0.000573,172.31.46.0-255,66,47218,50,225674
39064,0.000578,172.217.194.0-255,4320,51538,50,225674
39065,0.000586,172.31.46.0-255,66,51604,50,225674
39066,0.000597,172.31.46.0-255,66,51670,50,225674
39067,0.000643,172.31.46.0-255,66,51736,50,225674
39068,0.000693,172.217.194.0-255,1484,53220,50,225674
39069,0.0007,172.217.194.0-255,2902,56122,50,225674
39070,0.000703,172.31.46.0-255,66,56188,50,225674
39071,0.000708,172.217.194.0-255,2902,59090,50,225674
39072,0.00071,172.31.46.0-255,66,59156,50,225674
39073,0.000731,172.217.194.0-255,2902,62058,50,225674
39074,0.000734,172.31.46.0-255,66,62124,50,225674
39075,0.000753,172.31.46.0-255,66,62190,50,225674
39076,0.000795,172.31.46.0-255,66,62256,50,225674
39077,0.00083,172.31.46.0-255,66,62322,50,225674
39078,0.000835,172.217.194.0-255,4320,66642,50,225674
39079,0.000838,172.31.46.0-255,66,66708,50,225674
39080,0.000863,172.217.194.0-255,5738,72446,50,225674
39081,0.000866,172.31.46.0-255,66,72512,50,225674
39082,0.000873,172.217.194.0-255,7156,79668,50,225674
39083,0.000875,172.31.46.0-255,66,79734,50,225674
39084,0.000916,172.31.46.0-255,66,79800,50,225674
39085,0.000921,172.217.194.0-255,4320,84120,50,225674
39086,0.000923,172.31.46.0-255,66,84186,50,225674
39087,0.00093,172.217.194.0-255,5738,89924,50,225674
39088,0.000932,172.31.46.0-255,66,89990,50,225674
39089,0.000957,172.217.194.0-255,4320,94310,50,225674
39090,0.00096,172.31.46.0-255,66,94376,50,225674
39091,0.000994,172.217.194.0-255,7156,101532,50,225674
39092,0.000997,172.31.46.0-255,66,101598,50,225674
39093,0.001003,172.217.194.0-255,4320,105918,50,225674
39094,0.001005,172.31.46.0-255,66,105984,50,225674
39095,0.001087,172.31.46.0-255,66,106050,50,225674
39096,0.001094,172.217.194.0-255,1484,107534,50,225674
39097,0.001099,172.217.194.0-255,2902,110436,50,225674
39098,0.001106,172.31.46.0-255,66,110502,50,225674
39099,0.001112,172.217.194.0-255,5738,116240,50,225674
39100,0.001115,172.31.46.0-255,66,116306,50,225674
39101,0.001118,172.217.194.0-255,1484,117790,50,225674
39102,0.001154,172.31.46.0-255,66,117856,50,225674
39103,0.001185,172.217.194.0-255,5738,123594,50,225674
39104,0.001188,172.31.46.0-255,66,123660,50,225674
39105,0.001218,172.217.194.0-255,6438,130098,50,225674
39106,0.001221,172.31.46.0-255,66,130164,50,225674
39107,0.001491,172.217.194.0-255,1484,131648,50,225674
39108,0.001497,172.217.194.0-255,2902,134550,50,225674
39109,0.0015,172.31.46.0-255,66,134616,50,225674
39110,0.001535,172.217.194.0-255,5738,140354,50,225674
39111,0.001538,172.31.46.0-255,66,140420,50,225674
39112,0.001545,172.217.194.0-255,5738,146158,50,225674
39113,0.001547,172.31.46.0-255,66,146224,50,225674
39114,0.001594,172.31.46.0-255,66,146290,50,225674
39115,0.001601,172.217.194.0-255,5020,151310,50,225674
39116,0.001603,172.31.46.0-255,66,151376,50,225674
39117,0.002307,172.217.194.0-255,1484,152860,50,225674
39118,0.002328,172.217.194.0-255,2902,155762,50,225674
39119,0.002332,172.31.46.0-255,66,155828,50,225674
39120,0.002338,172.217.194.0-255,2902,158730,50,225674
39121,0.00234,172.31.46.0-255,66,158796,50,225674
39122,0.002367,172.217.194.0-255,2902,161698,50,225674
39123,0.002371,172.31.46.0-255,66,161764,50,225674
39124,0.002382,172.31.46.0-255,66,161830,50,225674
39125,0.00474,172.217.194.0-255,5738,167568,50,225674
39126,0.004747,172.31.46.0-255,66,167634,50,225674
39127,0.007099,172.217.194.0-255,5738,173372,50,225674
39128,0.007105,172.31.46.0-255,66,173438,50,225674
39129,0.009448,172.217.194.0-255,5738,179176,50,225674
39130,0.009453,172.31.46.0-255,66,179242,50,225674
39131,0.011803,172.217.194.0-255,5738,184980,50,225674
39132,0.011811,172.31.46.0-255,66,185046,50,225674
39133,0.014173,172.217.194.0-255,5738,190784,50,225674
39134,0.014181,172.31.46.0-255,66,190850,50,225674
39135,0.016505,172.217.194.0-255,5738,196588,50,225674
39136,0.016514,172.31.46.0-255,66,196654,50,225674
39137,0.018855,172.217.194.0-255,5738,202392,50,225674
39138,0.018866,172.31.46.0-255,66,202458,50,225674
39139,0.021247,172.217.194.0-255,5738,208196,50,225674
39140,0.021256,172.31.46.0-255,66,208262,50,225674
39141,0.023631,172.217.194.0-255,5738,214000,50,225674
39142,0.02364,172.31.46.0-255,66,214066,50,225674
39143,0.026018,172.217.194.0-255,5738,219804,50,225674
39144,0.026025,172.31.46.0-255,66,219870,50,225674
39145,0.028375,172.217.194.0-255,5738,225608,50,225674
39146,0.028384,172.31.46.0-255,66,225674,50,225674
39147,0.0,172.31.46.0-255,105,105,50,276
39148,0.002119,157.240.13.0-255,105,210,50,276
39149,0.002135,172.31.46.0-255,66,276,50,276
39150,0.0,74.125.24.0-255,149,149,50,212482
39151,2e-05,172.31.46.0-255,66,215,50,212482
39152,2.8e-05,74.125.24.0-255,1484,1699,50,212482
39153,3.3e-05,172.31.46.0-255,66,1765,50,212482
39154,3.9e-05,74.125.24.0-255,2902,4667,50,212482
39155,4.2e-05,172.31.46.0-255,66,4733,50,212482
39156,5e-05,74.125.24.0-255,7156,11889,50,212482
39157,5.4e-05,172.31.46.0-255,66,11955,50,212482
39158,7.7e-05,74.125.24.0-255,7156,19111,50,212482
39159,8.1e-05,172.31.46.0-255,66,19177,50,212482
39160,0.000104,74.125.24.0-255,6268,25445,50,212482
39161,0.000107,172.31.46.0-255,66,25511,50,212482
39162,0.00014,74.125.24.0-255,2902,28413,50,212482
39163,0.000143,172.31.46.0-255,66,28479,50,212482
39164,0.000163,74.125.24.0-255,2543,31022,50,212482
39165,0.000166,172.31.46.0-255,66,31088,50,212482
39166,0.000244,74.125.24.0-255,1484,32572,50,212482
39167,0.000248,172.31.46.0-255,66,32638,50,212482
39168,0.00027,74.125.24.0-255,2902,35540,50,212482
39169,0.000273,172.31.46.0-255,66,35606,50,212482
39170,0.000279,74.125.24.0-255,2902,38508,50,212482
39171,0.000281,172.31.46.0-255,66,38574,50,212482
39172,0.000304,74.125.24.0-255,2902,41476,50,212482
39173,0.000306,172.31.46.0-255,66,41542,50,212482
39174,0.000312,74.125.24.0-255,4320,45862,50,212482
39175,0.000314,172.31.46.0-255,66,45928,50,212482
39176,0.000341,172.31.46.0-255,66,45994,50,212482
39177,0.000363,74.125.24.0-255,1484,47478,50,212482
39178,0.000365,172.31.46.0-255,66,47544,50,212482
39179,0.000395,172.31.46.0-255,66,47610,50,212482
39180,0.000397,74.125.24.0-255,394,48004,50,212482
39181,0.000439,74.125.24.0-255,352,48356,50,212482
39182,0.000764,74.125.24.0-255,1484,49840,50,212482
39183,0.00077,172.31.46.0-255,66,49906,50,212482
39184,0.000776,74.125.24.0-255,2902,52808,50,212482
39185,0.000779,172.31.46.0-255,66,52874,50,212482
39186,0.000782,74.125.24.0-255,1484,54358,50,212482
39187,0.000808,74.125.24.0-255,4320,58678,50,212482
39188,0.000812,172.31.46.0-255,66,58744,50,212482
39189,0.000828,172.31.46.0-255,66,58810,50,212482
39190,0.000833,74.125.24.0-255,4320,63130,50,212482
39191,0.000835,172.31.46.0-255,66,63196,50,212482
39192,0.00086,74.125.24.0-255,5738,68934,50,212482
39193,0.000863,172.31.46.0-255,66,69000,50,212482
39194,0.000884,74.125.24.0-255,766,69766,50,212482
39195,0.001134,74.125.24.0-255,1484,71250,50,212482
39196,0.001138,172.31.46.0-255,66,71316,50,212482
39197,0.001144,74.125.24.0-255,2902,74218,50,212482
39198,0.001146,172.31.46.0-255,66,74284,50,212482
39199,0.001151,74.125.24.0-255,2902,77186,50,212482
39200,0.001153,172.31.46.0-255,66,77252,50,212482
39201,0.001178,74.125.24.0-255,2902,80154,50,212482
39202,0.001181,172.31.46.0-255,66,80220,50,212482
39203,0.001195,172.31.46.0-255,66,80286,50,212482
39204,0.001244,172.31.46.0-255,66,80352,50,212482
39205,0.00127,74.125.24.0-255,2184,82536,50,212482
39206,0.001273,172.31.46.0-255,66,82602,50,212482
39207,0.001393,74.125.24.0-255,1484,84086,50,212482
39208,0.001396,74.125.24.0-255,1484,85570,50,212482
39209,0.001401,172.31.46.0-255,66,85636,50,212482
39210,0.00141,74.125.24.0-255,1484,87120,50,212482
39211,0.001416,74.125.24.0-255,4320,91440,50,212482
39212,0.001418,172.31.46.0-255,66,91506,50,212482
39213,0.00144,74.125.24.0-255,1484,92990,50,212482
39214,0.001445,74.125.24.0-255,2902,95892,50,212482
39215,0.001447,172.31.46.0-255,66,95958,50,212482
39216,0.001455,74.125.24.0-255,7156,103114,50,212482
39217,0.001458,172.31.46.0-255,66,103180,50,212482
39218,0.001485,74.125.24.0-255,2902,106082,50,212482
39219,0.001504,172.31.46.0-255,66,106148,50,212482
39220,0.001509,172.31.46.0-255,66,106214,50,212482
39221,0.001558,74.125.24.0-255,1484,107698,50,212482
39222,0.001564,74.125.24.0-255,2902,110600,50,212482
39223,0.001567,172.31.46.0-255,66,110666,50,212482
39224,0.001583,74.125.24.0-255,1484,112150,50,212482
39225,0.001595,74.125.24.0-255,1484,113634,50,212482
39226,0.001598,172.31.46.0-255,66,113700,50,212482
39227,0.001603,74.125.24.0-255,4320,118020,50,212482
39228,0.001605,172.31.46.0-255,66,118086,50,212482
39229,0.001612,74.125.24.0-255,5738,123824,50,212482
39230,0.001614,172.31.46.0-255,66,123890,50,212482
39231,0.001631,74.125.24.0-255,2902,126792,50,212482
39232,0.001633,172.31.46.0-255,66,126858,50,212482
39233,0.001636,74.125.24.0-255,1484,128342,50,212482
39234,0.00167,172.31.46.0-255,66,128408,50,212482
39235,0.001707,172.31.46.0-255,66,128474,50,212482
39236,0.00171,74.125.24.0-255,1484,129958,50,212482
39237,0.001759,172.31.46.0-255,66,130024,50,212482
39238,0.001781,74.125.24.0-255,7156,137180,50,212482
39239,0.001784,172.31.46.0-255,66,137246,50,212482
39240,0.001787,74.125.24.0-255,766,138012,50,212482
39241,0.002849,172.31.46.0-255,66,138078,50,212482
39242,0.003839,74.125.24.0-255,4320,142398,50,212482
39243,0.003846,172.31.46.0-255,66,142464,50,212482
39244,0.004878,74.125.24.0-255,1484,143948,50,212482
39245,0.005898,74.125.24.0-255,4320,148268,50,212482
39246,0.005901,172.31.46.0-255,66,148334,50,212482
39247,0.007954,74.125.24.0-255,2902,151236,50,212482
39248,0.007958,172.31.46.0-255,66,151302,50,212482
39249,0.007979,74.125.24.0-255,2902,154204,50,212482
39250,0.007982,172.31.46.0-255,66,154270,50,212482
39251,0.010014,74.125.24.0-255,5738,160008,50,212482
39252,0.010023,172.31.46.0-255,66,160074,50,212482
39253,0.012116,74.125.24.0-255,5738,165812,50,212482
39254,0.012124,172.31.46.0-255,66,165878,50,212482
39255,0.014181,74.125.24.0-255,5738,171616,50,212482
39256,0.01419,172.31.46.0-255,66,171682,50,212482
39257,0.016241,74.125.24.0-255,5738,177420,50,212482
39258,0.016251,172.31.46.0-255,66,177486,50,212482
39259,0.018321,74.125.24.0-255,5738,183224,50,212482
39260,0.018333,172.31.46.0-255,66,183290,50,212482
39261,0.020376,74.125.24.0-255,5738,189028,50,212482
39262,0.020384,172.31.46.0-255,66,189094,50,212482
39263,0.022446,74.125.24.0-255,5738,194832,50,212482
39264,0.022455,172.31.46.0-255,66,194898,50,212482
39265,0.024533,74.125.24.0-255,5738,200636,50,212482
39266,0.024542,172.31.46.0-255,66,200702,50,212482
39267,0.026589,74.125.24.0-255,5738,206440,50,212482
39268,0.026597,172.31.46.0-255,66,206506,50,212482
39269,0.028681,74.125.24.0-255,5738,212244,50,212482
39270,0.02869,172.31.46.0-255,66,212310,50,212482
39271,0.029972,172.31.46.0-255,172,212482,50,212482
39272,0.0,74.125.68.0-255,291,291,50,170333
39273,2.4e-05,172.31.46.0-255,66,357,50,170333
39274,2.9e-05,74.125.68.0-255,1484,1841,50,170333
39275,3.3e-05,172.31.46.0-255,66,1907,50,170333
39276,4.1e-05,74.125.68.0-255,4320,6227,50,170333
39277,5.5e-05,172.31.46.0-255,66,6293,50,170333
39278,6.7e-05,172.31.46.0-255,66,6359,50,170333
39279,0.000115,74.125.68.0-255,1484,7843,50,170333
39280,0.000118,172.31.46.0-255,66,7909,50,170333
39281,0.000148,74.125.68.0-255,2902,10811,50,170333
39282,0.000151,172.31.46.0-255,66,10877,50,170333
39283,0.000156,74.125.68.0-255,4320,15197,50,170333
39284,0.000159,172.31.46.0-255,66,15263,50,170333
39285,0.000169,74.125.68.0-255,5738,21001,50,170333
39286,0.000172,172.31.46.0-255,66,21067,50,170333
39287,0.000199,74.125.68.0-255,2543,23610,50,170333
39288,0.000201,172.31.46.0-255,66,23676,50,170333
39289,0.000204,74.125.68.0-255,1484,25160,50,170333
39290,0.000212,172.31.46.0-255,66,25226,50,170333
39291,0.000234,74.125.68.0-255,1484,26710,50,170333
39292,0.000241,172.31.46.0-255,66,26776,50,170333
39293,0.000249,74.125.68.0-255,7156,33932,50,170333
39294,0.000252,172.31.46.0-255,66,33998,50,170333
39295,0.000256,74.125.68.0-255,2902,36900,50,170333
39296,0.000258,172.31.46.0-255,66,36966,50,170333
39297,0.000263,74.125.68.0-255,3961,40927,50,170333
39298,0.000266,172.31.46.0-255,66,40993,50,170333
39299,0.000469,74.125.68.0-255,1484,42477,50,170333
39300,0.000475,172.31.46.0-255,66,42543,50,170333
39301,0.000481,74.125.68.0-255,2902,45445,50,170333
39302,0.000484,172.31.46.0-255,66,45511,50,170333
39303,0.000496,74.125.68.0-255,5738,51249,50,170333
39304,0.000499,172.31.46.0-255,66,51315,50,170333
39305,0.000505,74.125.68.0-255,5738,57053,50,170333
39306,0.000507,172.31.46.0-255,66,57119,50,170333
39307,0.000553,74.125.68.0-255,1458,58577,50,170333
39308,0.000624,74.125.68.0-255,109,58686,50,170333
39309,0.000628,172.31.46.0-255,66,58752,50,170333
39310,0.000653,74.125.68.0-255,333,59085,50,170333
39311,0.000925,74.125.68.0-255,1484,60569,50,170333
39312,0.00093,172.31.46.0-255,66,60635,50,170333
39313,0.000956,74.125.68.0-255,2902,63537,50,170333
39314,0.00096,172.31.46.0-255,66,63603,50,170333
39315,0.000965,74.125.68.0-255,2902,66505,50,170333
39316,0.000968,172.31.46.0-255,66,66571,50,170333
39317,0.000973,74.125.68.0-255,4320,70891,50,170333
39318,0.000975,172.31.46.0-255,66,70957,50,170333
39319,0.000978,74.125.68.0-255,1484,72441,50,170333
39320,0.001024,74.125.68.0-255,7156,79597,50,170333
39321,0.001028,172.31.46.0-255,66,79663,50,170333
39322,0.001035,74.125.68.0-255,5738,85401,50,170333
39323,0.001037,172.31.46.0-255,66,85467,50,170333
39324,0.00105,74.125.68.0-255,7156,92623,50,170333
39325,0.001053,172.31.46.0-255,66,92689,50,170333
39326,0.001056,74.125.68.0-255,766,93455,50,170333
39327,0.001712,172.31.46.0-255,66,93521,50,170333
39328,0.001739,74.125.68.0-255,1484,95005,50,170333
39329,0.001757,74.125.68.0-255,2902,97907,50,170333
39330,0.00176,172.31.46.0-255,66,97973,50,170333
39331,0.001763,74.125.68.0-255,1484,99457,50,170333
39332,0.001792,74.125.68.0-255,2902,102359,50,170333
39333,0.001794,172.31.46.0-255,66,102425,50,170333
39334,0.0018,74.125.68.0-255,5738,108163,50,170333
39335,0.001803,172.31.46.0-255,66,108229,50,170333
39336,0.00184,172.31.46.0-255,66,108295,50,170333
39337,0.001851,172.31.46.0-255,66,108361,50,170333
39338,0.001854,74.125.68.0-255,766,109127,50,170333
39339,0.002163,172.31.46.0-255,66,109193,50,170333
39340,0.004375,74.125.68.0-255,4320,113513,50,170333
39341,0.004389,172.31.46.0-255,66,113579,50,170333
39342,0.004671,74.125.68.0-255,1484,115063,50,170333
39343,0.006924,74.125.68.0-255,4320,119383,50,170333
39344,0.006933,172.31.46.0-255,66,119449,50,170333
39345,0.009458,74.125.68.0-255,4320,123769,50,170333
39346,0.009468,172.31.46.0-255,66,123835,50,170333
39347,0.009497,74.125.68.0-255,1484,125319,50,170333
39348,0.012001,74.125.68.0-255,4320,129639,50,170333
39349,0.012014,172.31.46.0-255,66,129705,50,170333
39350,0.014552,74.125.68.0-255,5738,135443,50,170333
39351,0.014566,172.31.46.0-255,66,135509,50,170333
39352,0.01709,74.125.68.0-255,5738,141247,50,170333
39353,0.01711,172.31.46.0-255,66,141313,50,170333
39354,0.019642,74.125.68.0-255,5738,147051,50,170333
39355,0.019657,172.31.46.0-255,66,147117,50,170333
39356,0.022187,74.125.68.0-255,5738,152855,50,170333
39357,0.022199,172.31.46.0-255,66,152921,50,170333
39358,0.024731,74.125.68.0-255,5738,158659,50,170333
39359,0.024745,172.31.46.0-255,66,158725,50,170333
39360,0.027291,74.125.68.0-255,5738,164463,50,170333
39361,0.027308,172.31.46.0-255,66,164529,50,170333
39362,0.029836,74.125.68.0-255,5738,170267,50,170333
39363,0.02985,172.31.46.0-255,66,170333,50,170333
39364,0.0,172.31.46.0-255,105,105,50,276
39365,0.0021,157.240.13.0-255,105,210,50,276
39366,0.002115,172.31.46.0-255,66,276,50,276
39367,0.0,74.125.68.0-255,153,153,50,274691
39368,2.4e-05,172.31.46.0-255,66,219,50,274691
39369,3.1e-05,74.125.68.0-255,1484,1703,50,274691
39370,3.6e-05,172.31.46.0-255,66,1769,50,274691
39371,4.2e-05,74.125.68.0-255,2902,4671,50,274691
39372,5.3e-05,172.31.46.0-255,66,4737,50,274691
39373,5.6e-05,74.125.68.0-255,1484,6221,50,274691
39374,5.9e-05,172.31.46.0-255,66,6287,50,274691
39375,6.4e-05,74.125.68.0-255,2902,9189,50,274691
39376,6.7e-05,172.31.46.0-255,66,9255,50,274691
39377,0.000121,74.125.68.0-255,4919,14174,50,274691
39378,0.000125,172.31.46.0-255,66,14240,50,274691
39379,0.000208,74.125.68.0-255,1484,15724,50,274691
39380,0.000211,172.31.46.0-255,66,15790,50,274691
39381,0.000216,74.125.68.0-255,1484,17274,50,274691
39382,0.000218,172.31.46.0-255,66,17340,50,274691
39383,0.000234,74.125.68.0-255,1484,18824,50,274691
39384,0.000236,172.31.46.0-255,66,18890,50,274691
39385,0.000244,74.125.68.0-255,5738,24628,50,274691
39386,0.000247,172.31.46.0-255,66,24694,50,274691
39387,0.000255,74.125.68.0-255,2902,27596,50,274691
39388,0.000257,172.31.46.0-255,66,27662,50,274691
39389,0.000264,74.125.68.0-255,3961,31623,50,274691
39390,0.000267,172.31.46.0-255,66,31689,50,274691
39391,0.000292,74.125.68.0-255,1484,33173,50,274691
39392,0.000295,172.31.46.0-255,66,33239,50,274691
39393,0.000323,74.125.68.0-255,4320,37559,50,274691
39394,0.000326,172.31.46.0-255,66,37625,50,274691
39395,0.000337,74.125.68.0-255,7156,44781,50,274691
39396,0.00034,172.31.46.0-255,66,44847,50,274691
39397,0.000364,74.125.68.0-255,1484,46331,50,274691
39398,0.000367,172.31.46.0-255,66,46397,50,274691
39399,0.000394,74.125.68.0-255,2543,48940,50,274691
39400,0.000397,172.31.46.0-255,66,49006,50,274691
39401,0.000985,74.125.68.0-255,1484,50490,50,274691
39402,0.000992,74.125.68.0-255,2902,53392,50,274691
39403,0.000997,172.31.46.0-255,66,53458,50,274691
39404,0.001002,74.125.68.0-255,2902,56360,50,274691
39405,0.001005,172.31.46.0-255,66,56426,50,274691
39406,0.001041,74.125.68.0-255,2902,59328,50,274691
39407,0.001044,172.31.46.0-255,66,59394,50,274691
39408,0.001052,74.125.68.0-255,6797,66191,50,274691
39409,0.001054,172.31.46.0-255,66,66257,50,274691
39410,0.001065,74.125.68.0-255,4320,70577,50,274691
39411,0.001067,172.31.46.0-255,66,70643,50,274691
39412,0.001101,74.125.68.0-255,4320,74963,50,274691
39413,0.001103,172.31.46.0-255,66,75029,50,274691
39414,0.001119,172.31.46.0-255,66,75095,50,274691
39415,0.001143,74.125.68.0-255,1484,76579,50,274691
39416,0.001149,74.125.68.0-255,2902,79481,50,274691
39417,0.001151,172.31.46.0-255,66,79547,50,274691
39418,0.001177,74.125.68.0-255,2902,82449,50,274691
39419,0.001181,74.125.68.0-255,4320,86769,50,274691
39420,0.001184,172.31.46.0-255,66,86835,50,274691
39421,0.001188,172.31.46.0-255,66,86901,50,274691
39422,0.001222,74.125.68.0-255,5379,92280,50,274691
39423,0.001225,172.31.46.0-255,66,92346,50,274691
39424,0.001501,74.125.68.0-255,1484,93830,50,274691
39425,0.001506,74.125.68.0-255,1484,95314,50,274691
39426,0.001509,172.31.46.0-255,66,95380,50,274691
39427,0.001543,74.125.68.0-255,2902,98282,50,274691
39428,0.001546,172.31.46.0-255,66,98348,50,274691
39429,0.001552,74.125.68.0-255,4320,102668,50,274691
39430,0.001554,172.31.46.0-255,66,102734,50,274691
39431,0.00157,74.125.68.0-255,1484,104218,50,274691
39432,0.001573,74.125.68.0-255,1484,105702,50,274691
39433,0.001575,172.31.46.0-255,66,105768,50,274691
39434,0.001609,74.125.68.0-255,7156,112924,50,274691
39435,0.001612,172.31.46.0-255,66,112990,50,274691
39436,0.001621,74.125.68.0-255,7156,120146,50,274691
39437,0.001623,172.31.46.0-255,66,120212,50,274691
39438,0.001655,74.125.68.0-255,2902,123114,50,274691
39439,0.001658,172.31.46.0-255,66,123180,50,274691
39440,0.001663,74.125.68.0-255,3602,126782,50,274691
39441,0.001665,172.31.46.0-255,66,126848,50,274691
39442,0.001699,74.125.68.0-255,1484,128332,50,274691
39443,0.00172,74.125.68.0-255,2902,131234,50,274691
39444,0.001723,172.31.46.0-255,66,131300,50,274691
39445,0.001726,74.125.68.0-255,1484,132784,50,274691
39446,0.001743,74.125.68.0-255,2902,135686,50,274691
39447,0.001747,172.31.46.0-255,66,135752,50,274691
39448,0.00177,74.125.68.0-255,1484,137236,50,274691
39449,0.001792,74.125.68.0-255,7156,144392,50,274691
39450,0.001795,172.31.46.0-255,66,144458,50,274691
39451,0.001802,74.125.68.0-255,5738,150196,50,274691
39452,0.001804,172.31.46.0-255,66,150262,50,274691
39453,0.001835,74.125.68.0-255,5738,156000,50,274691
39454,0.001838,172.31.46.0-255,66,156066,50,274691
39455,0.001869,74.125.68.0-255,5020,161086,50,274691
39456,0.001873,172.31.46.0-255,66,161152,50,274691
39457,0.001906,74.125.68.0-255,1484,162636,50,274691
39458,0.001911,74.125.68.0-255,2902,165538,50,274691
39459,0.001914,172.31.46.0-255,66,165604,50,274691
39460,0.00194,74.125.68.0-255,2902,168506,50,274691
39461,0.001943,172.31.46.0-255,66,168572,50,274691
39462,0.001949,74.125.68.0-255,4320,172892,50,274691
39463,0.001951,172.31.46.0-255,66,172958,50,274691
39464,0.001954,74.125.68.0-255,1484,174442,50,274691
39465,0.001975,74.125.68.0-255,7156,181598,50,274691
39466,0.001978,172.31.46.0-255,66,181664,50,274691
39467,0.001999,74.125.68.0-255,5738,187402,50,274691
39468,0.002002,172.31.46.0-255,66,187468,50,274691
39469,0.002042,74.125.68.0-255,5738,193206,50,274691
39470,0.002045,172.31.46.0-255,66,193272,50,274691
39471,0.002073,74.125.68.0-255,1484,194756,50,274691
39472,0.002077,74.125.68.0-255,766,195522,50,274691
39473,0.002079,172.31.46.0-255,66,195588,50,274691
39474,0.004039,74.125.68.0-255,2902,198490,50,274691
39475,0.004057,172.31.46.0-255,66,198556,50,274691
39476,0.004089,74.125.68.0-255,2902,201458,50,274691
39477,0.004092,172.31.46.0-255,66,201524,50,274691
39478,0.006047,74.125.68.0-255,2902,204426,50,274691
39479,0.006051,172.31.46.0-255,66,204492,50,274691
39480,0.006076,74.125.68.0-255,2902,207394,50,274691
39481,0.006079,172.31.46.0-255,66,207460,50,274691
39482,0.008049,74.125.68.0-255,2902,210362,50,274691
39483,0.008057,172.31.46.0-255,66,210428,50,274691
39484,0.00809,74.125.68.0-255,2902,213330,50,274691
39485,0.008092,172.31.46.0-255,66,213396,50,274691
39486,0.010061,74.125.68.0-255,2902,216298,50,274691
39487,0.010069,172.31.46.0-255,66,216364,50,274691
39488,0.010102,74.125.68.0-255,2902,219266,50,274691
39489,0.010105,172.31.46.0-255,66,219332,50,274691
39490,0.012089,74.125.68.0-255,5738,225070,50,274691
39491,0.012103,172.31.46.0-255,66,225136,50,274691
39492,0.01411,74.125.68.0-255,5738,230874,50,274691
39493,0.014123,172.31.46.0-255,66,230940,50,274691
39494,0.01613,74.125.68.0-255,5738,236678,50,274691
39495,0.016144,172.31.46.0-255,66,236744,50,274691
39496,0.018147,74.125.68.0-255,5738,242482,50,274691
39497,0.018159,172.31.46.0-255,66,242548,50,274691
39498,0.020167,74.125.68.0-255,5738,248286,50,274691
39499,0.020178,172.31.46.0-255,66,248352,50,274691
39500,0.022185,74.125.68.0-255,5738,254090,50,274691
39501,0.022199,172.31.46.0-255,66,254156,50,274691
39502,0.024198,74.125.68.0-255,5738,259894,50,274691
39503,0.024212,172.31.46.0-255,66,259960,50,274691
39504,0.026239,74.125.68.0-255,5738,265698,50,274691
39505,0.026258,172.31.46.0-255,66,265764,50,274691
39506,0.028253,74.125.68.0-255,5738,271502,50,274691
39507,0.028264,172.31.46.0-255,66,271568,50,274691
39508,0.029172,172.31.46.0-255,164,271732,50,274691
39509,0.029207,172.31.46.0-255,1122,272854,50,274691
39510,0.029272,172.31.46.0-255,1514,274368,50,274691
39511,0.029273,172.31.46.0-255,323,274691,50,274691
39512,0.0,172.217.194.0-255,153,153,50,199398
39513,1.7e-05,172.31.46.0-255,66,219,50,199398
39514,2.4e-05,172.217.194.0-255,1484,1703,50,199398
39515,2.9e-05,172.31.46.0-255,66,1769,50,199398
39516,3.5e-05,172.217.194.0-255,2902,4671,50,199398
39517,3.9e-05,172.31.46.0-255,66,4737,50,199398
39518,4.7e-05,172.217.194.0-255,7156,11893,50,199398
39519,5e-05,172.31.46.0-255,66,11959,50,199398
39520,5.4e-05,172.217.194.0-255,2093,14052,50,199398
39521,5.7e-05,172.31.46.0-255,66,14118,50,199398
39522,0.000442,172.217.194.0-255,1484,15602,50,199398
39523,0.000447,172.31.46.0-255,66,15668,50,199398
39524,0.000453,172.217.194.0-255,2902,18570,50,199398
39525,0.000456,172.31.46.0-255,66,18636,50,199398
39526,0.000462,172.217.194.0-255,4320,22956,50,199398
39527,0.000464,172.31.46.0-255,66,23022,50,199398
39528,0.000479,172.217.194.0-255,1484,24506,50,199398
39529,0.000481,172.31.46.0-255,66,24572,50,199398
39530,0.000516,172.217.194.0-255,5738,30310,50,199398
39531,0.000519,172.31.46.0-255,66,30376,50,199398
39532,0.000537,172.217.194.0-255,1125,31501,50,199398
39533,0.00054,172.31.46.0-255,66,31567,50,199398
39534,0.000689,172.217.194.0-255,1484,33051,50,199398
39535,0.000693,172.31.46.0-255,66,33117,50,199398
39536,0.000699,172.217.194.0-255,2902,36019,50,199398
39537,0.000701,172.31.46.0-255,66,36085,50,199398
39538,0.000729,172.217.194.0-255,5738,41823,50,199398
39539,0.000732,172.31.46.0-255,66,41889,50,199398
39540,0.000738,172.217.194.0-255,6797,48686,50,199398
39541,0.00074,172.31.46.0-255,66,48752,50,199398
39542,0.000753,172.217.194.0-255,2902,51654,50,199398
39543,0.000756,172.31.46.0-255,66,51720,50,199398
39544,0.000789,172.31.46.0-255,66,51786,50,199398
39545,0.000793,172.217.194.0-255,2543,54329,50,199398
39546,0.000796,172.31.46.0-255,66,54395,50,199398
39547,0.000798,172.217.194.0-255,708,55103,50,199398
39548,0.001002,172.217.194.0-255,1484,56587,50,199398
39549,0.001006,172.31.46.0-255,66,56653,50,199398
39550,0.001012,172.217.194.0-255,2902,59555,50,199398
39551,0.001014,172.31.46.0-255,66,59621,50,199398
39552,0.001017,172.217.194.0-255,1484,61105,50,199398
39553,0.001039,172.217.194.0-255,4320,65425,50,199398
39554,0.001042,172.31.46.0-255,66,65491,50,199398
39555,0.001055,172.31.46.0-255,66,65557,50,199398
39556,0.00107,172.217.194.0-255,1484,67041,50,199398
39557,0.001088,172.217.194.0-255,5738,72779,50,199398
39558,0.00109,172.31.46.0-255,66,72845,50,199398
39559,0.001107,172.217.194.0-255,5020,77865,50,199398
39560,0.001109,172.31.46.0-255,66,77931,50,199398
39561,0.001912,172.217.194.0-255,1484,79415,50,199398
39562,0.001923,172.217.194.0-255,2902,82317,50,199398
39563,0.001927,172.31.46.0-255,66,82383,50,199398
39564,0.001935,172.217.194.0-255,5738,88121,50,199398
39565,0.001937,172.31.46.0-255,66,88187,50,199398
39566,0.001944,172.217.194.0-255,5738,93925,50,199398
39567,0.001946,172.31.46.0-255,66,93991,50,199398
39568,0.001965,172.217.194.0-255,5738,99729,50,199398
39569,0.001968,172.31.46.0-255,66,99795,50,199398
39570,0.001988,172.217.194.0-255,7156,106951,50,199398
39571,0.00199,172.31.46.0-255,66,107017,50,199398
39572,0.001995,172.217.194.0-255,2902,109919,50,199398
39573,0.001997,172.31.46.0-255,66,109985,50,199398
39574,0.002023,172.217.194.0-255,2184,112169,50,199398
39575,0.002025,172.31.46.0-255,66,112235,50,199398
39576,0.002362,172.217.194.0-255,1484,113719,50,199398
39577,0.00237,172.217.194.0-255,2902,116621,50,199398
39578,0.002374,172.31.46.0-255,66,116687,50,199398
39579,0.002383,172.217.194.0-255,5738,122425,50,199398
39580,0.002385,172.31.46.0-255,66,122491,50,199398
39581,0.002401,172.217.194.0-255,5738,128229,50,199398
39582,0.002403,172.31.46.0-255,66,128295,50,199398
39583,0.002429,172.217.194.0-255,7156,135451,50,199398
39584,0.002432,172.31.46.0-255,66,135517,50,199398
39585,0.002435,172.217.194.0-255,1484,137001,50,199398
39586,0.00246,172.31.46.0-255,66,137067,50,199398
39587,0.00503,172.217.194.0-255,5738,142805,50,199398
39588,0.005035,172.31.46.0-255,66,142871,50,199398
39589,0.007635,172.217.194.0-255,5738,148609,50,199398
39590,0.007641,172.31.46.0-255,66,148675,50,199398
39591,0.010224,172.217.194.0-255,5738,154413,50,199398
39592,0.010233,172.31.46.0-255,66,154479,50,199398
39593,0.012789,172.217.194.0-255,5738,160217,50,199398
39594,0.012798,172.31.46.0-255,66,160283,50,199398
39595,0.01536,172.217.194.0-255,5738,166021,50,199398
39596,0.015367,172.31.46.0-255,66,166087,50,199398
39597,0.017926,172.217.194.0-255,5738,171825,50,199398
39598,0.017933,172.31.46.0-255,66,171891,50,199398
39599,0.020497,172.217.194.0-255,5738,177629,50,199398
39600,0.020506,172.31.46.0-255,66,177695,50,199398
39601,0.023089,172.217.194.0-255,5738,183433,50,199398
39602,0.023097,172.31.46.0-255,66,183499,50,199398
39603,0.024633,172.31.46.0-255,172,183671,50,199398
39604,0.024661,172.31.46.0-255,1113,184784,50,199398
39605,0.024714,172.31.46.0-255,1514,186298,50,199398
39606,0.024715,172.31.46.0-255,1294,187592,50,199398
39607,0.025664,172.217.194.0-255,5738,193330,50,199398
39608,0.02567,172.31.46.0-255,66,193396,50,199398
39609,0.026144,104.244.42.0-255,66,193462,50,199398
39610,0.026174,104.244.42.0-255,66,193528,50,199398
39611,0.026263,104.244.42.0-255,66,193594,50,199398
39612,0.02822,172.217.194.0-255,5738,199332,50,199398
39613,0.028225,172.31.46.0-255,66,199398,50,199398
39614,0.0,74.125.24.0-255,153,153,50,196810
39615,2.6e-05,172.31.46.0-255,66,219,50,196810
39616,3.3e-05,74.125.24.0-255,1484,1703,50,196810
39617,3.7e-05,172.31.46.0-255,66,1769,50,196810
39618,4.2e-05,74.125.24.0-255,2902,4671,50,196810
39619,4.5e-05,172.31.46.0-255,66,4737,50,196810
39620,5.3e-05,74.125.24.0-255,7156,11893,50,196810
39621,5.6e-05,172.31.46.0-255,66,11959,50,196810
39622,6.2e-05,74.125.24.0-255,7156,19115,50,196810
39623,6.5e-05,172.31.46.0-255,66,19181,50,196810
39624,8.4e-05,74.125.24.0-255,3391,22572,50,196810
39625,8.6e-05,172.31.46.0-255,66,22638,50,196810
39626,0.000121,172.31.46.0-255,66,22704,50,196810
39627,0.00024,74.125.24.0-255,1484,24188,50,196810
39628,0.000243,172.31.46.0-255,66,24254,50,196810
39629,0.000247,74.125.24.0-255,2902,27156,50,196810
39630,0.00025,172.31.46.0-255,66,27222,50,196810
39631,0.000256,74.125.24.0-255,5738,32960,50,196810
39632,0.000258,172.31.46.0-255,66,33026,50,196810
39633,0.000266,74.125.24.0-255,6797,39823,50,196810
39634,0.000268,172.31.46.0-255,66,39889,50,196810
39635,0.000296,74.125.24.0-255,7156,47045,50,196810
39636,0.000299,172.31.46.0-255,66,47111,50,196810
39637,0.000321,172.31.46.0-255,66,47177,50,196810
39638,0.000356,74.125.24.0-255,414,47591,50,196810
39639,0.000358,172.31.46.0-255,66,47657,50,196810
39640,0.000404,74.125.24.0-255,331,47988,50,196810
39641,0.000406,172.31.46.0-255,66,48054,50,196810
39642,0.000584,74.125.24.0-255,1484,49538,50,196810
39643,0.000587,172.31.46.0-255,66,49604,50,196810
39644,0.000592,74.125.24.0-255,2902,52506,50,196810
39645,0.00061,74.125.24.0-255,5738,58244,50,196810
39646,0.000658,74.125.24.0-255,2902,61146,50,196810
39647,0.000841,74.125.24.0-255,1484,62630,50,196810
39648,0.000859,74.125.24.0-255,2902,65532,50,196810
39649,0.000865,74.125.24.0-255,5738,71270,50,196810
39650,0.000882,74.125.24.0-255,7156,78426,50,196810
39651,0.000896,74.125.24.0-255,2005,80431,50,196810
39652,0.001012,172.31.46.0-255,66,80497,50,196810
39653,0.001072,74.125.24.0-255,1484,81981,50,196810
39654,0.001094,74.125.24.0-255,2902,84883,50,196810
39655,0.001099,74.125.24.0-255,2902,87785,50,196810
39656,0.001118,74.125.24.0-255,2902,90687,50,196810
39657,0.001122,74.125.24.0-255,2902,93589,50,196810
39658,0.001159,74.125.24.0-255,4320,97909,50,196810
39659,0.001181,74.125.24.0-255,5738,103647,50,196810
39660,0.001185,74.125.24.0-255,2902,106549,50,196810
39661,0.001296,172.31.46.0-255,66,106615,50,196810
39662,0.002033,74.125.24.0-255,1484,108099,50,196810
39663,0.00204,74.125.24.0-255,2902,111001,50,196810
39664,0.002044,172.31.46.0-255,66,111067,50,196810
39665,0.002052,74.125.24.0-255,5738,116805,50,196810
39666,0.002065,74.125.24.0-255,2902,119707,50,196810
39667,0.002074,172.31.46.0-255,66,119773,50,196810
39668,0.002097,74.125.24.0-255,7156,126929,50,196810
39669,0.002105,172.31.46.0-255,66,126995,50,196810
39670,0.002665,172.31.46.0-255,101,127096,50,196810
39671,0.00414,74.125.24.0-255,5738,132834,50,196810
39672,0.004147,172.31.46.0-255,66,132900,50,196810
39673,0.004644,74.125.24.0-255,66,132966,50,196810
39674,0.006162,74.125.24.0-255,5738,138704,50,196810
39675,0.006417,172.31.46.0-255,66,138770,50,196810
39676,0.008453,74.125.24.0-255,5738,144508,50,196810
39677,0.00847,172.31.46.0-255,66,144574,50,196810
39678,0.010494,74.125.24.0-255,5738,150312,50,196810
39679,0.0105,172.31.46.0-255,66,150378,50,196810
39680,0.012521,74.125.24.0-255,5738,156116,50,196810
39681,0.012538,172.31.46.0-255,66,156182,50,196810
39682,0.01457,74.125.24.0-255,5738,161920,50,196810
39683,0.014578,172.31.46.0-255,66,161986,50,196810
39684,0.016599,74.125.24.0-255,5738,167724,50,196810
39685,0.017974,172.31.46.0-255,66,167790,50,196810
39686,0.020018,74.125.24.0-255,5738,173528,50,196810
39687,0.020031,172.31.46.0-255,66,173594,50,196810
39688,0.022077,74.125.24.0-255,5738,179332,50,196810
39689,0.022088,172.31.46.0-255,66,179398,50,196810
39690,0.024128,74.125.24.0-255,5738,185136,50,196810
39691,0.024137,172.31.46.0-255,66,185202,50,196810
39692,0.026229,74.125.24.0-255,5738,190940,50,196810
39693,0.026247,172.31.46.0-255,66,191006,50,196810
39694,0.028269,74.125.24.0-255,5738,196744,50,196810
39695,0.028277,172.31.46.0-255,66,196810,50,196810
39696,0.0,74.125.24.0-255,150,150,50,176810
39697,2.2e-05,172.31.46.0-255,66,216,50,176810
39698,2.9e-05,74.125.24.0-255,1484,1700,50,176810
39699,3.4e-05,172.31.46.0-255,66,1766,50,176810
39700,4e-05,74.125.24.0-255,2902,4668,50,176810
39701,4.4e-05,172.31.46.0-255,66,4734,50,176810
39702,5e-05,74.125.24.0-255,5738,10472,50,176810
39703,5.5e-05,172.31.46.0-255,66,10538,50,176810
39704,8e-05,74.125.24.0-255,3456,13994,50,176810
39705,8.3e-05,172.31.46.0-255,66,14060,50,176810
39706,0.000145,74.125.24.0-255,1484,15544,50,176810
39707,0.000148,172.31.46.0-255,66,15610,50,176810
39708,0.000151,74.125.24.0-255,1484,17094,50,176810
39709,0.000153,172.31.46.0-255,66,17160,50,176810
39710,0.000168,74.125.24.0-255,1484,18644,50,176810
39711,0.000171,172.31.46.0-255,66,18710,50,176810
39712,0.000175,74.125.24.0-255,2902,21612,50,176810
39713,0.000177,172.31.46.0-255,66,21678,50,176810
39714,0.000191,74.125.24.0-255,2902,24580,50,176810
39715,0.000193,172.31.46.0-255,66,24646,50,176810
39716,0.000196,74.125.24.0-255,1484,26130,50,176810
39717,0.000199,172.31.46.0-255,66,26196,50,176810
39718,0.000227,74.125.24.0-255,1484,27680,50,176810
39719,0.00023,172.31.46.0-255,66,27746,50,176810
39720,0.000252,74.125.24.0-255,3961,31707,50,176810
39721,0.000255,172.31.46.0-255,66,31773,50,176810
39722,0.00032,74.125.24.0-255,1484,33257,50,176810
39723,0.000324,172.31.46.0-255,66,33323,50,176810
39724,0.000327,74.125.24.0-255,1484,34807,50,176810
39725,0.00033,172.31.46.0-255,66,34873,50,176810
39726,0.000343,74.125.24.0-255,1484,36357,50,176810
39727,0.000345,172.31.46.0-255,66,36423,50,176810
39728,0.000353,74.125.24.0-255,5738,42161,50,176810
39729,0.000355,172.31.46.0-255,66,42227,50,176810
39730,0.000393,74.125.24.0-255,7156,49383,50,176810
39731,0.000397,172.31.46.0-255,66,49449,50,176810
39732,0.000421,74.125.24.0-255,6797,56246,50,176810
39733,0.000423,172.31.46.0-255,66,56312,50,176810
39734,0.000466,172.31.46.0-255,66,56378,50,176810
39735,0.000492,74.125.24.0-255,676,57054,50,176810
39736,0.000584,74.125.24.0-255,1484,58538,50,176810
39737,0.000587,172.31.46.0-255,66,58604,50,176810
39738,0.000601,74.125.24.0-255,2902,61506,50,176810
39739,0.000603,172.31.46.0-255,66,61572,50,176810
39740,0.00063,74.125.24.0-255,5738,67310,50,176810
39741,0.000633,172.31.46.0-255,66,67376,50,176810
39742,0.000636,74.125.24.0-255,1484,68860,50,176810
39743,0.000652,74.125.24.0-255,2902,71762,50,176810
39744,0.000655,172.31.46.0-255,66,71828,50,176810
39745,0.000671,74.125.24.0-255,2543,74371,50,176810
39746,0.000674,172.31.46.0-255,66,74437,50,176810
39747,0.000686,172.31.46.0-255,66,74503,50,176810
39748,0.000713,74.125.24.0-255,4320,78823,50,176810
39749,0.000716,172.31.46.0-255,66,78889,50,176810
39750,0.00072,74.125.24.0-255,2543,81432,50,176810
39751,0.000722,172.31.46.0-255,66,81498,50,176810
39752,0.001516,74.125.24.0-255,1484,82982,50,176810
39753,0.001524,74.125.24.0-255,2902,85884,50,176810
39754,0.001528,172.31.46.0-255,66,85950,50,176810
39755,0.00155,74.125.24.0-255,2902,88852,50,176810
39756,0.001553,172.31.46.0-255,66,88918,50,176810
39757,0.00157,74.125.24.0-255,2902,91820,50,176810
39758,0.001572,172.31.46.0-255,66,91886,50,176810
39759,0.001583,172.31.46.0-255,66,91952,50,176810
39760,0.001599,74.125.24.0-255,1484,93436,50,176810
39761,0.001608,74.125.24.0-255,7156,100592,50,176810
39762,0.00161,172.31.46.0-255,66,100658,50,176810
39763,0.001633,74.125.24.0-255,6438,107096,50,176810
39764,0.001636,172.31.46.0-255,66,107162,50,176810
39765,0.003923,74.125.24.0-255,5738,112900,50,176810
39766,0.003936,172.31.46.0-255,66,112966,50,176810
39767,0.006227,74.125.24.0-255,5738,118704,50,176810
39768,0.006233,172.31.46.0-255,66,118770,50,176810
39769,0.008497,74.125.24.0-255,5738,124508,50,176810
39770,0.008506,172.31.46.0-255,66,124574,50,176810
39771,0.010787,74.125.24.0-255,5738,130312,50,176810
39772,0.010802,172.31.46.0-255,66,130378,50,176810
39773,0.013095,74.125.24.0-255,5738,136116,50,176810
39774,0.013105,172.31.46.0-255,66,136182,50,176810
39775,0.015371,74.125.24.0-255,5738,141920,50,176810
39776,0.015382,172.31.46.0-255,66,141986,50,176810
39777,0.017652,74.125.24.0-255,5738,147724,50,176810
39778,0.017662,172.31.46.0-255,66,147790,50,176810
39779,0.019953,74.125.24.0-255,5738,153528,50,176810
39780,0.01996,172.31.46.0-255,66,153594,50,176810
39781,0.022232,74.125.24.0-255,5738,159332,50,176810
39782,0.022239,172.31.46.0-255,66,159398,50,176810
39783,0.024507,74.125.24.0-255,5738,165136,50,176810
39784,0.024514,172.31.46.0-255,66,165202,50,176810
39785,0.026767,74.125.24.0-255,5738,170940,50,176810
39786,0.026776,172.31.46.0-255,66,171006,50,176810
39787,0.029015,74.125.24.0-255,5738,176744,50,176810
39788,0.029023,172.31.46.0-255,66,176810,50,176810
39789,0.0,74.125.130.0-255,155,155,50,189627
39790,2.7e-05,172.31.46.0-255,66,221,50,189627
39791,3.5e-05,74.125.130.0-255,1484,1705,50,189627
39792,3.9e-05,172.31.46.0-255,66,1771,50,189627
39793,4.6e-05,74.125.130.0-255,2902,4673,50,189627
39794,5e-05,172.31.46.0-255,66,4739,50,189627
39795,5.5e-05,74.125.130.0-255,2902,7641,50,189627
39796,5.8e-05,172.31.46.0-255,66,7707,50,189627
39797,7.8e-05,74.125.130.0-255,4320,12027,50,189627
39798,8.1e-05,172.31.46.0-255,66,12093,50,189627
39799,0.000117,74.125.130.0-255,1484,13577,50,189627
39800,0.00012,172.31.46.0-255,66,13643,50,189627
39801,0.000147,172.31.46.0-255,66,13709,50,189627
39802,0.000235,74.125.130.0-255,2902,16611,50,189627
39803,0.000239,172.31.46.0-255,66,16677,50,189627
39804,0.000266,74.125.130.0-255,4320,20997,50,189627
39805,0.000269,172.31.46.0-255,66,21063,50,189627
39806,0.000283,74.125.130.0-255,3961,25024,50,189627
39807,0.000285,172.31.46.0-255,66,25090,50,189627
39808,0.000357,74.125.130.0-255,4320,29410,50,189627
39809,0.00036,172.31.46.0-255,66,29476,50,189627
39810,0.000379,172.31.46.0-255,66,29542,50,189627
39811,0.000503,74.125.130.0-255,2543,32085,50,189627
39812,0.000507,172.31.46.0-255,66,32151,50,189627
39813,0.000547,74.125.130.0-255,1484,33635,50,189627
39814,0.000551,172.31.46.0-255,66,33701,50,189627
39815,0.000555,74.125.130.0-255,1484,35185,50,189627
39816,0.000557,172.31.46.0-255,66,35251,50,189627
39817,0.000569,74.125.130.0-255,1484,36735,50,189627
39818,0.000572,172.31.46.0-255,66,36801,50,189627
39819,0.000587,74.125.130.0-255,2902,39703,50,189627
39820,0.000602,74.125.130.0-255,2902,42605,50,189627
39821,0.000612,172.31.46.0-255,66,42671,50,189627
39822,0.000647,74.125.130.0-255,2902,45573,50,189627
39823,0.000672,172.31.46.0-255,66,45639,50,189627
39824,0.000683,74.125.130.0-255,3961,49600,50,189627
39825,0.000688,172.31.46.0-255,66,49666,50,189627
39826,0.00076,74.125.130.0-255,1484,51150,50,189627
39827,0.000764,74.125.130.0-255,1484,52634,50,189627
39828,0.000776,172.31.46.0-255,66,52700,50,189627
39829,0.000782,74.125.130.0-255,1484,54184,50,189627
39830,0.000787,74.125.130.0-255,4320,58504,50,189627
39831,0.000798,74.125.130.0-255,1484,59988,50,189627
39832,0.0008,172.31.46.0-255,66,60054,50,189627
39833,0.000849,74.125.130.0-255,2902,62956,50,189627
39834,0.000869,74.125.130.0-255,5379,68335,50,189627
39835,0.000881,172.31.46.0-255,66,68401,50,189627
39836,0.000951,74.125.130.0-255,7156,75557,50,189627
39837,0.000958,172.31.46.0-255,66,75623,50,189627
39838,0.000966,74.125.130.0-255,1484,77107,50,189627
39839,0.001037,74.125.130.0-255,1484,78591,50,189627
39840,0.001058,74.125.130.0-255,5379,83970,50,189627
39841,0.001062,172.31.46.0-255,66,84036,50,189627
39842,0.001066,172.31.46.0-255,66,84102,50,189627
39843,0.001465,74.125.130.0-255,1484,85586,50,189627
39844,0.001473,74.125.130.0-255,2902,88488,50,189627
39845,0.001476,172.31.46.0-255,66,88554,50,189627
39846,0.0015,74.125.130.0-255,5738,94292,50,189627
39847,0.001516,172.31.46.0-255,66,94358,50,189627
39848,0.001554,74.125.130.0-255,5738,100096,50,189627
39849,0.001566,172.31.46.0-255,66,100162,50,189627
39850,0.001571,74.125.130.0-255,2529,102691,50,189627
39851,0.001575,172.31.46.0-255,66,102757,50,189627
39852,0.001665,172.31.46.0-255,66,102823,50,189627
39853,0.001755,74.125.130.0-255,4320,107143,50,189627
39854,0.001758,172.31.46.0-255,66,107209,50,189627
39855,0.001789,74.125.130.0-255,2902,110111,50,189627
39856,0.001816,172.31.46.0-255,66,110177,50,189627
39857,0.001825,74.125.130.0-255,1484,111661,50,189627
39858,0.001974,74.125.130.0-255,2902,114563,50,189627
39859,0.001993,74.125.130.0-255,2184,116747,50,189627
39860,0.002032,172.31.46.0-255,66,116813,50,189627
39861,0.002068,172.31.46.0-255,66,116879,50,189627
39862,0.002201,74.125.130.0-255,4320,121199,50,189627
39863,0.002205,172.31.46.0-255,66,121265,50,189627
39864,0.002249,172.31.46.0-255,66,121331,50,189627
39865,0.002382,74.125.130.0-255,4320,125651,50,189627
39866,0.002398,172.31.46.0-255,66,125717,50,189627
39867,0.002457,172.31.46.0-255,66,125783,50,189627
39868,0.004709,74.125.130.0-255,5738,131521,50,189627
39869,0.004725,172.31.46.0-255,66,131587,50,189627
39870,0.006955,74.125.130.0-255,5738,137325,50,189627
39871,0.007977,172.31.46.0-255,66,137391,50,189627
39872,0.010225,74.125.130.0-255,5738,143129,50,189627
39873,0.010241,172.31.46.0-255,66,143195,50,189627
39874,0.012484,74.125.130.0-255,5738,148933,50,189627
39875,0.0125,172.31.46.0-255,66,148999,50,189627
39876,0.014749,74.125.130.0-255,5738,154737,50,189627
39877,0.014765,172.31.46.0-255,66,154803,50,189627
39878,0.017027,74.125.130.0-255,5738,160541,50,189627
39879,0.017466,172.31.46.0-255,66,160607,50,189627
39880,0.019721,74.125.130.0-255,5738,166345,50,189627
39881,0.01974,172.31.46.0-255,66,166411,50,189627
39882,0.021992,74.125.130.0-255,5738,172149,50,189627
39883,0.022008,172.31.46.0-255,66,172215,50,189627
39884,0.024261,74.125.130.0-255,5738,177953,50,189627
39885,0.024275,172.31.46.0-255,66,178019,50,189627
39886,0.026515,74.125.130.0-255,5738,183757,50,189627
39887,0.026526,172.31.46.0-255,66,183823,50,189627
39888,0.028803,74.125.130.0-255,5738,189561,50,189627
39889,0.02882,172.31.46.0-255,66,189627,50,189627
39890,0.0,74.125.68.0-255,295,295,50,282653
39891,2.5e-05,172.31.46.0-255,66,361,50,282653
39892,3.1e-05,74.125.68.0-255,1484,1845,50,282653
39893,3.5e-05,172.31.46.0-255,66,1911,50,282653
39894,4.4e-05,74.125.68.0-255,4320,6231,50,282653
39895,4.8e-05,172.31.46.0-255,66,6297,50,282653
39896,5.5e-05,74.125.68.0-255,5738,12035,50,282653
39897,5.8e-05,172.31.46.0-255,66,12101,50,282653
39898,0.000108,74.125.68.0-255,4690,16791,50,282653
39899,0.000112,172.31.46.0-255,66,16857,50,282653
39900,0.000118,74.125.68.0-255,5738,22595,50,282653
39901,0.000121,172.31.46.0-255,66,22661,50,282653
39902,0.000157,172.31.46.0-255,66,22727,50,282653
39903,0.000245,74.125.68.0-255,1484,24211,50,282653
39904,0.000248,172.31.46.0-255,66,24277,50,282653
39905,0.000261,74.125.68.0-255,2902,27179,50,282653
39906,0.000264,172.31.46.0-255,66,27245,50,282653
39907,0.000278,74.125.68.0-255,1484,28729,50,282653
39908,0.00028,172.31.46.0-255,66,28795,50,282653
39909,0.000303,74.125.68.0-255,2902,31697,50,282653
39910,0.000306,172.31.46.0-255,66,31763,50,282653
39911,0.000322,74.125.68.0-255,5738,37501,50,282653
39912,0.000325,172.31.46.0-255,66,37567,50,282653
39913,0.000328,74.125.68.0-255,1484,39051,50,282653
39914,0.00033,172.31.46.0-255,66,39117,50,282653
39915,0.000351,74.125.68.0-255,2543,41660,50,282653
39916,0.000354,172.31.46.0-255,66,41726,50,282653
39917,0.000359,74.125.68.0-255,4320,46046,50,282653
39918,0.000361,172.31.46.0-255,66,46112,50,282653
39919,0.000377,74.125.68.0-255,4320,50432,50,282653
39920,0.00038,172.31.46.0-255,66,50498,50,282653
39921,0.0004,74.125.68.0-255,5738,56236,50,282653
39922,0.000404,74.125.68.0-255,1433,57669,50,282653
39923,0.000407,74.125.68.0-255,116,57785,50,282653
39924,0.000527,74.125.68.0-255,1484,59269,50,282653
39925,0.000542,74.125.68.0-255,2902,62171,50,282653
39926,0.000561,74.125.68.0-255,5738,67909,50,282653
39927,0.00059,74.125.68.0-255,5738,73647,50,282653
39928,0.000612,74.125.68.0-255,7156,80803,50,282653
39929,0.000633,172.31.46.0-255,66,80869,50,282653
39930,0.000648,74.125.68.0-255,5738,86607,50,282653
39931,0.000666,74.125.68.0-255,5282,91889,50,282653
39932,0.000684,172.31.46.0-255,66,91955,50,282653
39933,0.000702,74.125.68.0-255,1484,93439,50,282653
39934,0.000723,74.125.68.0-255,2902,96341,50,282653
39935,0.000727,74.125.68.0-255,1484,97825,50,282653
39936,0.000749,74.125.68.0-255,4320,102145,50,282653
39937,0.000753,172.31.46.0-255,66,102211,50,282653
39938,0.000758,172.31.46.0-255,66,102277,50,282653
39939,0.000797,74.125.68.0-255,2902,105179,50,282653
39940,0.000811,172.31.46.0-255,66,105245,50,282653
39941,0.000821,74.125.68.0-255,4320,109565,50,282653
39942,0.000836,172.31.46.0-255,66,109631,50,282653
39943,0.000859,74.125.68.0-255,5020,114651,50,282653
39944,0.000869,172.31.46.0-255,66,114717,50,282653
39945,0.00098,74.125.68.0-255,1484,116201,50,282653
39946,0.000986,74.125.68.0-255,2902,119103,50,282653
39947,0.000995,172.31.46.0-255,66,119169,50,282653
39948,0.001012,74.125.68.0-255,4320,123489,50,282653
39949,0.001015,74.125.68.0-255,1484,124973,50,282653
39950,0.001027,172.31.46.0-255,66,125039,50,282653
39951,0.001041,74.125.68.0-255,7156,132195,50,282653
39952,0.001046,74.125.68.0-255,4320,136515,50,282653
39953,0.001065,74.125.68.0-255,4320,140835,50,282653
39954,0.00108,172.31.46.0-255,66,140901,50,282653
39955,0.00111,172.31.46.0-255,66,140967,50,282653
39956,0.001451,74.125.68.0-255,1484,142451,50,282653
39957,0.001456,74.125.68.0-255,1484,143935,50,282653
39958,0.001466,172.31.46.0-255,66,144001,50,282653
39959,0.001469,74.125.68.0-255,1484,145485,50,282653
39960,0.001472,74.125.68.0-255,1484,146969,50,282653
39961,0.001478,172.31.46.0-255,66,147035,50,282653
39962,0.001487,74.125.68.0-255,4320,151355,50,282653
39963,0.001502,74.125.68.0-255,4320,155675,50,282653
39964,0.001513,172.31.46.0-255,66,155741,50,282653
39965,0.001522,74.125.68.0-255,2902,158643,50,282653
39966,0.001566,172.31.46.0-255,66,158709,50,282653
39967,0.001614,172.31.46.0-255,66,158775,50,282653
39968,0.001774,74.125.68.0-255,1484,160259,50,282653
39969,0.001797,74.125.68.0-255,1484,161743,50,282653
39970,0.001801,172.31.46.0-255,66,161809,50,282653
39971,0.001807,74.125.68.0-255,2902,164711,50,282653
39972,0.001821,74.125.68.0-255,1484,166195,50,282653
39973,0.001824,172.31.46.0-255,66,166261,50,282653
39974,0.001835,74.125.68.0-255,4320,170581,50,282653
39975,0.001839,172.31.46.0-255,66,170647,50,282653
39976,0.001862,74.125.68.0-255,7156,177803,50,282653
39977,0.001866,74.125.68.0-255,2902,180705,50,282653
39978,0.001886,74.125.68.0-255,5738,186443,50,282653
39979,0.001891,172.31.46.0-255,66,186509,50,282653
39980,0.001902,74.125.68.0-255,6438,192947,50,282653
39981,0.001913,172.31.46.0-255,66,193013,50,282653
39982,0.001929,74.125.68.0-255,4320,197333,50,282653
39983,0.001949,74.125.68.0-255,2902,200235,50,282653
39984,0.001955,74.125.68.0-255,7156,207391,50,282653
39985,0.001959,172.31.46.0-255,66,207457,50,282653
39986,0.001974,74.125.68.0-255,2902,210359,50,282653
39987,0.001982,172.31.46.0-255,66,210425,50,282653
39988,0.001989,74.125.68.0-255,5738,216163,50,282653
39989,0.002014,172.31.46.0-255,66,216229,50,282653
39990,0.002022,74.125.68.0-255,1484,217713,50,282653
39991,0.002028,74.125.68.0-255,2902,220615,50,282653
39992,0.002032,172.31.46.0-255,66,220681,50,282653
39993,0.002048,74.125.68.0-255,1484,222165,50,282653
39994,0.00207,74.125.68.0-255,2902,225067,50,282653
39995,0.002077,172.31.46.0-255,66,225133,50,282653
39996,0.002113,74.125.68.0-255,5020,230153,50,282653
39997,0.002121,74.125.68.0-255,5738,235891,50,282653
39998,0.002126,172.31.46.0-255,66,235957,50,282653
39999,0.002184,172.31.46.0-255,66,236023,50,282653
40000,0.002188,74.125.68.0-255,2902,238925,50,282653
40001,0.002193,172.31.46.0-255,66,238991,50,282653
40002,0.002202,74.125.68.0-255,1484,240475,50,282653
40003,0.002262,74.125.68.0-255,1484,241959,50,282653
40004,0.002283,172.31.46.0-255,66,242025,50,282653
40005,0.004559,74.125.68.0-255,5738,247763,50,282653
40006,0.00458,172.31.46.0-255,66,247829,50,282653
40007,0.006859,74.125.68.0-255,5738,253567,50,282653
40008,0.012731,172.31.46.0-255,66,253633,50,282653
40009,0.014988,74.125.68.0-255,5738,259371,50,282653
40010,0.015001,172.31.46.0-255,66,259437,50,282653
40011,0.017263,74.125.68.0-255,5738,265175,50,282653
40012,0.022394,172.31.46.0-255,66,265241,50,282653
40013,0.024653,74.125.68.0-255,5738,270979,50,282653
40014,0.024665,172.31.46.0-255,66,271045,50,282653
40015,0.026917,74.125.68.0-255,5738,276783,50,282653
40016,0.026924,172.31.46.0-255,66,276849,50,282653
40017,0.02917,74.125.68.0-255,5738,282587,50,282653
40018,0.029177,172.31.46.0-255,66,282653,50,282653
40019,0.0,74.125.24.0-255,153,153,50,215518
40020,1.6e-05,172.31.46.0-255,66,219,50,215518
40021,2.3e-05,74.125.24.0-255,1484,1703,50,215518
40022,2.9e-05,172.31.46.0-255,66,1769,50,215518
40023,4.2e-05,74.125.24.0-255,2902,4671,50,215518
40024,4.6e-05,172.31.46.0-255,66,4737,50,215518
40025,5.3e-05,74.125.24.0-255,4320,9057,50,215518
40026,5.5e-05,172.31.46.0-255,66,9123,50,215518
40027,6.2e-05,74.125.24.0-255,4823,13946,50,215518
40028,6.4e-05,172.31.46.0-255,66,14012,50,215518
40029,0.000451,74.125.24.0-255,1484,15496,50,215518
40030,0.000457,172.31.46.0-255,66,15562,50,215518
40031,0.000464,74.125.24.0-255,2902,18464,50,215518
40032,0.000466,172.31.46.0-255,66,18530,50,215518
40033,0.000469,74.125.24.0-255,1484,20014,50,215518
40034,0.000477,172.31.46.0-255,66,20080,50,215518
40035,0.000505,74.125.24.0-255,4320,24400,50,215518
40036,0.000511,172.31.46.0-255,66,24466,50,215518
40037,0.00052,74.125.24.0-255,6797,31263,50,215518
40038,0.000522,172.31.46.0-255,66,31329,50,215518
40039,0.000529,74.125.24.0-255,7156,38485,50,215518
40040,0.000532,172.31.46.0-255,66,38551,50,215518
40041,0.000545,172.31.46.0-255,66,38617,50,215518
40042,0.000584,74.125.24.0-255,5738,44355,50,215518
40043,0.000587,172.31.46.0-255,66,44421,50,215518
40044,0.000603,172.31.46.0-255,66,44487,50,215518
40045,0.000608,74.125.24.0-255,2509,46996,50,215518
40046,0.00061,172.31.46.0-255,66,47062,50,215518
40047,0.000669,74.125.24.0-255,117,47179,50,215518
40048,0.000673,172.31.46.0-255,66,47245,50,215518
40049,0.000888,74.125.24.0-255,1484,48729,50,215518
40050,0.000893,74.125.24.0-255,1484,50213,50,215518
40051,0.000896,172.31.46.0-255,66,50279,50,215518
40052,0.000909,74.125.24.0-255,1484,51763,50,215518
40053,0.000921,74.125.24.0-255,5738,57501,50,215518
40054,0.000923,172.31.46.0-255,66,57567,50,215518
40055,0.00097,172.31.46.0-255,66,57633,50,215518
40056,0.000988,172.31.46.0-255,66,57699,50,215518
40057,0.002093,74.125.24.0-255,1484,59183,50,215518
40058,0.002103,74.125.24.0-255,2902,62085,50,215518
40059,0.002108,172.31.46.0-255,66,62151,50,215518
40060,0.002117,74.125.24.0-255,5738,67889,50,215518
40061,0.002119,172.31.46.0-255,66,67955,50,215518
40062,0.002129,74.125.24.0-255,2902,70857,50,215518
40063,0.002131,172.31.46.0-255,66,70923,50,215518
40064,0.002159,172.31.46.0-255,66,70989,50,215518
40065,0.002196,172.31.46.0-255,66,71055,50,215518
40066,0.002473,74.125.24.0-255,1484,72539,50,215518
40067,0.002481,74.125.24.0-255,2902,75441,50,215518
40068,0.002484,172.31.46.0-255,66,75507,50,215518
40069,0.002505,74.125.24.0-255,5738,81245,50,215518
40070,0.002508,172.31.46.0-255,66,81311,50,215518
40071,0.002544,172.31.46.0-255,66,81377,50,215518
40072,0.002593,172.31.46.0-255,66,81443,50,215518
40073,0.003383,74.125.24.0-255,1484,82927,50,215518
40074,0.003392,74.125.24.0-255,2902,85829,50,215518
40075,0.003396,172.31.46.0-255,66,85895,50,215518
40076,0.003423,74.125.24.0-255,5738,91633,50,215518
40077,0.003426,172.31.46.0-255,66,91699,50,215518
40078,0.003437,172.31.46.0-255,66,91765,50,215518
40079,0.00351,172.31.46.0-255,66,91831,50,215518
40080,0.003828,74.125.24.0-255,1484,93315,50,215518
40081,0.003836,74.125.24.0-255,2902,96217,50,215518
40082,0.00384,172.31.46.0-255,66,96283,50,215518
40083,0.003848,74.125.24.0-255,5738,102021,50,215518
40084,0.00385,172.31.46.0-255,66,102087,50,215518
40085,0.003893,172.31.46.0-255,66,102153,50,215518
40086,0.003898,74.125.24.0-255,2902,105055,50,215518
40087,0.003901,172.31.46.0-255,66,105121,50,215518
40088,0.003926,74.125.24.0-255,5738,110859,50,215518
40089,0.003928,172.31.46.0-255,66,110925,50,215518
40090,0.003947,74.125.24.0-255,2184,113109,50,215518
40091,0.00395,172.31.46.0-255,66,113175,50,215518
40092,0.004049,74.125.24.0-255,1484,114659,50,215518
40093,0.004055,74.125.24.0-255,2902,117561,50,215518
40094,0.004058,172.31.46.0-255,66,117627,50,215518
40095,0.004086,74.125.24.0-255,5738,123365,50,215518
40096,0.004089,172.31.46.0-255,66,123431,50,215518
40097,0.004094,74.125.24.0-255,2902,126333,50,215518
40098,0.004095,172.31.46.0-255,66,126399,50,215518
40099,0.004138,172.31.46.0-255,66,126465,50,215518
40100,0.004141,74.125.24.0-255,1484,127949,50,215518
40101,0.004176,172.31.46.0-255,66,128015,50,215518
40102,0.004244,74.125.24.0-255,1484,129499,50,215518
40103,0.004263,74.125.24.0-255,2902,132401,50,215518
40104,0.004266,172.31.46.0-255,66,132467,50,215518
40105,0.004272,74.125.24.0-255,4320,136787,50,215518
40106,0.004275,172.31.46.0-255,66,136853,50,215518
40107,0.004292,74.125.24.0-255,1484,138337,50,215518
40108,0.004304,74.125.24.0-255,5738,144075,50,215518
40109,0.004307,172.31.46.0-255,66,144141,50,215518
40110,0.004345,172.31.46.0-255,66,144207,50,215518
40111,0.004351,74.125.24.0-255,5020,149227,50,215518
40112,0.004353,172.31.46.0-255,66,149293,50,215518
40113,0.004766,74.125.24.0-255,1484,150777,50,215518
40114,0.004772,74.125.24.0-255,2902,153679,50,215518
40115,0.004778,172.31.46.0-255,66,153745,50,215518
40116,0.004792,74.125.24.0-255,4320,158065,50,215518
40117,0.004802,172.31.46.0-255,66,158131,50,215518
40118,0.004829,74.125.24.0-255,1484,159615,50,215518
40119,0.004836,74.125.24.0-255,4320,163935,50,215518
40120,0.004838,172.31.46.0-255,66,164001,50,215518
40121,0.004845,74.125.24.0-255,5738,169739,50,215518
40122,0.004847,172.31.46.0-255,66,169805,50,215518
40123,0.004857,74.125.24.0-255,2902,172707,50,215518
40124,0.004859,172.31.46.0-255,66,172773,50,215518
40125,0.004902,172.31.46.0-255,66,172839,50,215518
40126,0.00491,74.125.24.0-255,7156,179995,50,215518
40127,0.004912,172.31.46.0-255,66,180061,50,215518
40128,0.004926,172.31.46.0-255,66,180127,50,215518
40129,0.004961,172.31.46.0-255,66,180193,50,215518
40130,0.004989,172.31.46.0-255,66,180259,50,215518
40131,0.004992,74.125.24.0-255,766,181025,50,215518
40132,0.00505,74.125.24.0-255,1484,182509,50,215518
40133,0.005054,74.125.24.0-255,2902,185411,50,215518
40134,0.00506,74.125.24.0-255,5738,191149,50,215518
40135,0.005078,172.31.46.0-255,66,191215,50,215518
40136,0.005082,172.31.46.0-255,66,191281,50,215518
40137,0.005084,172.31.46.0-255,66,191347,50,215518
40138,0.005087,172.31.46.0-255,66,191413,50,215518
40139,0.005092,74.125.24.0-255,2902,194315,50,215518
40140,0.005093,172.31.46.0-255,66,194381,50,215518
40141,0.005103,74.125.24.0-255,5738,200119,50,215518
40142,0.005106,172.31.46.0-255,66,200185,50,215518
40143,0.005109,74.125.24.0-255,1484,201669,50,215518
40144,0.005114,74.125.24.0-255,3602,205271,50,215518
40145,0.005116,172.31.46.0-255,66,205337,50,215518
40146,0.005138,74.125.24.0-255,1484,206821,50,215518
40147,0.005156,74.125.24.0-255,1484,208305,50,215518
40148,0.005159,172.31.46.0-255,66,208371,50,215518
40149,0.005164,74.125.24.0-255,2902,211273,50,215518
40150,0.005166,172.31.46.0-255,66,211339,50,215518
40151,0.005215,74.125.24.0-255,3674,215013,50,215518
40152,0.005219,172.31.46.0-255,66,215079,50,215518
40153,0.005244,74.125.24.0-255,97,215176,50,215518
40154,0.005299,74.125.24.0-255,105,215281,50,215518
40155,0.006666,172.31.46.0-255,66,215347,50,215518
40156,0.006705,172.31.46.0-255,105,215452,50,215518
40157,0.009266,74.125.24.0-255,66,215518,50,215518
