,TIME,SRC,PACKET_SIZE,CUMULATIVE_PACKET_SIZE,PAGE_NUMBER,TOTAL_PACKET_SIZE
0,0.0,74.125.130.0-255,336,336,12,248430
1,3e-05,172.31.36.0-255,66,402,12,248430
2,3.6e-05,74.125.130.0-255,1484,1886,12,248430
3,4e-05,172.31.36.0-255,66,1952,12,248430
4,4.5e-05,74.125.130.0-255,2902,4854,12,248430
5,5.5e-05,172.31.36.0-255,66,4920,12,248430
6,6e-05,74.125.130.0-255,4320,9240,12,248430
7,6.3e-05,172.31.36.0-255,66,9306,12,248430
8,9e-05,74.125.130.0-255,1484,10790,12,248430
9,9.4e-05,172.31.36.0-255,66,10856,12,248430
10,9.8e-05,74.125.130.0-255,1484,12340,12,248430
11,9.9e-05,172.31.36.0-255,66,12406,12,248430
12,0.000103,74.125.130.0-255,2030,14436,12,248430
13,0.000106,172.31.36.0-255,66,14502,12,248430
14,0.000277,74.125.130.0-255,1484,15986,12,248430
15,0.000282,172.31.36.0-255,66,16052,12,248430
16,0.000312,74.125.130.0-255,2902,18954,12,248430
17,0.000316,172.31.36.0-255,66,19020,12,248430
18,0.000322,74.125.130.0-255,5738,24758,12,248430
19,0.000325,172.31.36.0-255,66,24824,12,248430
20,0.000335,74.125.130.0-255,4320,29144,12,248430
21,0.000338,172.31.36.0-255,66,29210,12,248430
22,0.000375,74.125.130.0-255,5379,34589,12,248430
23,0.000379,172.31.36.0-255,66,34655,12,248430
24,0.000384,74.125.130.0-255,4320,38975,12,248430
25,0.000387,172.31.36.0-255,66,39041,12,248430
26,0.00039,74.125.130.0-255,1484,40525,12,248430
27,0.000392,172.31.36.0-255,66,40591,12,248430
28,0.000425,74.125.130.0-255,4320,44911,12,248430
29,0.000429,172.31.36.0-255,66,44977,12,248430
30,0.000439,172.31.36.0-255,66,45043,12,248430
31,0.000443,74.125.130.0-255,1484,46527,12,248430
32,0.000486,172.31.36.0-255,66,46593,12,248430
33,0.000491,74.125.130.0-255,2184,48777,12,248430
34,0.000493,172.31.36.0-255,66,48843,12,248430
35,0.000496,74.125.130.0-255,412,49255,12,248430
36,0.000554,74.125.130.0-255,365,49620,12,248430
37,0.000797,172.31.36.0-255,66,49686,12,248430
38,0.000804,74.125.130.0-255,1484,51170,12,248430
39,0.000822,74.125.130.0-255,1484,52654,12,248430
40,0.000826,172.31.36.0-255,66,52720,12,248430
41,0.000855,74.125.130.0-255,2902,55622,12,248430
42,0.000858,172.31.36.0-255,66,55688,12,248430
43,0.000865,74.125.130.0-255,5738,61426,12,248430
44,0.000867,172.31.36.0-255,66,61492,12,248430
45,0.000916,74.125.130.0-255,5738,67230,12,248430
46,0.00092,172.31.36.0-255,66,67296,12,248430
47,0.000951,74.125.130.0-255,2902,70198,12,248430
48,0.000955,172.31.36.0-255,66,70264,12,248430
49,0.000972,172.31.36.0-255,66,70330,12,248430
50,0.000977,74.125.130.0-255,3602,73932,12,248430
51,0.00098,172.31.36.0-255,66,73998,12,248430
52,0.001694,74.125.130.0-255,1484,75482,12,248430
53,0.001717,74.125.130.0-255,1484,76966,12,248430
54,0.001721,172.31.36.0-255,66,77032,12,248430
55,0.001748,74.125.130.0-255,1484,78516,12,248430
56,0.001751,74.125.130.0-255,1484,80000,12,248430
57,0.001754,172.31.36.0-255,66,80066,12,248430
58,0.001759,74.125.130.0-255,2902,82968,12,248430
59,0.001762,172.31.36.0-255,66,83034,12,248430
60,0.00177,74.125.130.0-255,5738,88772,12,248430
61,0.001772,172.31.36.0-255,66,88838,12,248430
62,0.001809,172.31.36.0-255,66,88904,12,248430
63,0.001819,172.31.36.0-255,66,88970,12,248430
64,0.001844,74.125.130.0-255,1484,90454,12,248430
65,0.001848,74.125.130.0-255,766,91220,12,248430
66,0.00185,172.31.36.0-255,66,91286,12,248430
67,0.003927,74.125.130.0-255,2902,94188,12,248430
68,0.003931,172.31.36.0-255,66,94254,12,248430
69,0.003958,74.125.130.0-255,2902,97156,12,248430
70,0.00396,172.31.36.0-255,66,97222,12,248430
71,0.006038,74.125.130.0-255,2902,100124,12,248430
72,0.006042,172.31.36.0-255,66,100190,12,248430
73,0.006077,74.125.130.0-255,2902,103092,12,248430
74,0.00608,172.31.36.0-255,66,103158,12,248430
75,0.00817,74.125.130.0-255,2902,106060,12,248430
76,0.008177,172.31.36.0-255,66,106126,12,248430
77,0.008205,74.125.130.0-255,2902,109028,12,248430
78,0.008209,172.31.36.0-255,66,109094,12,248430
79,0.010297,74.125.130.0-255,4320,113414,12,248430
80,0.010307,172.31.36.0-255,66,113480,12,248430
81,0.010337,74.125.130.0-255,1484,114964,12,248430
82,0.012434,74.125.130.0-255,4320,119284,12,248430
83,0.012444,172.31.36.0-255,66,119350,12,248430
84,0.014569,74.125.130.0-255,5738,125088,12,248430
85,0.014579,172.31.36.0-255,66,125154,12,248430
86,0.016704,74.125.130.0-255,5738,130892,12,248430
87,0.016717,172.31.36.0-255,66,130958,12,248430
88,0.01885,74.125.130.0-255,5738,136696,12,248430
89,0.018866,172.31.36.0-255,66,136762,12,248430
90,0.021009,74.125.130.0-255,5738,142500,12,248430
91,0.021025,172.31.36.0-255,66,142566,12,248430
92,0.023161,74.125.130.0-255,5738,148304,12,248430
93,0.023176,172.31.36.0-255,66,148370,12,248430
94,0.025301,74.125.130.0-255,5738,154108,12,248430
95,0.025309,172.31.36.0-255,66,154174,12,248430
96,0.025314,172.31.36.0-255,182,154356,12,248430
97,0.025361,172.31.36.0-255,1078,155434,12,248430
98,0.026869,104.244.42.0-255,66,155500,12,248430
99,0.026932,104.244.42.0-255,66,155566,12,248430
100,0.027426,74.125.130.0-255,5738,161304,12,248430
101,0.027436,172.31.36.0-255,66,161370,12,248430
102,0.029552,74.125.130.0-255,5738,167108,12,248430
103,0.02956,172.31.36.0-255,66,167174,12,248430
104,0.03186,74.125.130.0-255,5738,172912,12,248430
105,0.031868,172.31.36.0-255,66,172978,12,248430
106,0.033983,74.125.130.0-255,5738,178716,12,248430
107,0.033991,172.31.36.0-255,66,178782,12,248430
108,0.03612,74.125.130.0-255,5738,184520,12,248430
109,0.036131,172.31.36.0-255,66,184586,12,248430
110,0.038255,74.125.130.0-255,5738,190324,12,248430
111,0.038261,172.31.36.0-255,66,190390,12,248430
112,0.040386,74.125.130.0-255,5738,196128,12,248430
113,0.040396,172.31.36.0-255,66,196194,12,248430
114,0.042518,74.125.130.0-255,5738,201932,12,248430
115,0.042528,172.31.36.0-255,66,201998,12,248430
116,0.044732,74.125.130.0-255,5738,207736,12,248430
117,0.044746,172.31.36.0-255,66,207802,12,248430
118,0.046881,74.125.130.0-255,5738,213540,12,248430
119,0.046892,172.31.36.0-255,66,213606,12,248430
120,0.049008,74.125.130.0-255,5738,219344,12,248430
121,0.049015,172.31.36.0-255,66,219410,12,248430
122,0.051132,74.125.130.0-255,5738,225148,12,248430
123,0.051149,172.31.36.0-255,66,225214,12,248430
124,0.05332,74.125.130.0-255,5738,230952,12,248430
125,0.053334,172.31.36.0-255,66,231018,12,248430
126,0.055477,74.125.130.0-255,5738,236756,12,248430
127,0.055489,172.31.36.0-255,66,236822,12,248430
128,0.057613,74.125.130.0-255,5738,242560,12,248430
129,0.057622,172.31.36.0-255,66,242626,12,248430
130,0.059733,74.125.130.0-255,5738,248364,12,248430
131,0.059741,172.31.36.0-255,66,248430,12,248430
132,0.0,74.125.24.0-255,153,153,12,338496
133,3.2e-05,172.31.36.0-255,66,219,12,338496
134,3.8e-05,74.125.24.0-255,1484,1703,12,338496
135,4.3e-05,172.31.36.0-255,66,1769,12,338496
136,4.9e-05,74.125.24.0-255,2902,4671,12,338496
137,5.3e-05,172.31.36.0-255,66,4737,12,338496
138,6e-05,74.125.24.0-255,7156,11893,12,338496
139,6.2e-05,172.31.36.0-255,66,11959,12,338496
140,8.6e-05,74.125.24.0-255,1484,13443,12,338496
141,9e-05,172.31.36.0-255,66,13509,12,338496
142,0.000112,74.125.24.0-255,3508,17017,12,338496
143,0.000115,172.31.36.0-255,66,17083,12,338496
144,0.000121,74.125.24.0-255,5738,22821,12,338496
145,0.000123,172.31.36.0-255,66,22887,12,338496
146,0.00017,172.31.36.0-255,66,22953,12,338496
147,0.000207,74.125.24.0-255,1484,24437,12,338496
148,0.000211,172.31.36.0-255,66,24503,12,338496
149,0.000216,74.125.24.0-255,1484,25987,12,338496
150,0.000218,172.31.36.0-255,66,26053,12,338496
151,0.000234,74.125.24.0-255,1484,27537,12,338496
152,0.000237,172.31.36.0-255,66,27603,12,338496
153,0.000244,74.125.24.0-255,5738,33341,12,338496
154,0.000246,172.31.36.0-255,66,33407,12,338496
155,0.000251,74.125.24.0-255,4320,37727,12,338496
156,0.000254,172.31.36.0-255,66,37793,12,338496
157,0.000274,74.125.24.0-255,2543,40336,12,338496
158,0.000277,172.31.36.0-255,66,40402,12,338496
159,0.000288,172.31.36.0-255,66,40468,12,338496
160,0.000308,74.125.24.0-255,5738,46206,12,338496
161,0.000311,172.31.36.0-255,66,46272,12,338496
162,0.000316,74.125.24.0-255,2819,49091,12,338496
163,0.000321,172.31.36.0-255,66,49157,12,338496
164,0.000366,74.125.24.0-255,380,49537,12,338496
165,0.00049,74.125.24.0-255,1484,51021,12,338496
166,0.000496,172.31.36.0-255,66,51087,12,338496
167,0.000502,74.125.24.0-255,2902,53989,12,338496
168,0.000506,172.31.36.0-255,66,54055,12,338496
169,0.000512,74.125.24.0-255,5738,59793,12,338496
170,0.000514,172.31.36.0-255,66,59859,12,338496
171,0.00055,74.125.24.0-255,7156,67015,12,338496
172,0.000554,172.31.36.0-255,66,67081,12,338496
173,0.000582,74.125.24.0-255,6797,73878,12,338496
174,0.000586,172.31.36.0-255,66,73944,12,338496
175,0.000594,74.125.24.0-255,7156,81100,12,338496
176,0.000596,172.31.36.0-255,66,81166,12,338496
177,0.000612,74.125.24.0-255,2543,83709,12,338496
178,0.000615,172.31.36.0-255,66,83775,12,338496
179,0.000731,74.125.24.0-255,1484,85259,12,338496
180,0.000739,74.125.24.0-255,2902,88161,12,338496
181,0.000744,172.31.36.0-255,66,88227,12,338496
182,0.000749,74.125.24.0-255,2902,91129,12,338496
183,0.000753,172.31.36.0-255,66,91195,12,338496
184,0.000769,74.125.24.0-255,2902,94097,12,338496
185,0.000773,172.31.36.0-255,66,94163,12,338496
186,0.000779,74.125.24.0-255,4320,98483,12,338496
187,0.000781,172.31.36.0-255,66,98549,12,338496
188,0.000787,74.125.24.0-255,5738,104287,12,338496
189,0.000789,172.31.36.0-255,66,104353,12,338496
190,0.000829,172.31.36.0-255,66,104419,12,338496
191,0.000834,74.125.24.0-255,2184,106603,12,338496
192,0.000836,172.31.36.0-255,66,106669,12,338496
193,0.000884,74.125.24.0-255,1484,108153,12,338496
194,0.00089,74.125.24.0-255,2902,111055,12,338496
195,0.000895,172.31.36.0-255,66,111121,12,338496
196,0.00092,74.125.24.0-255,5738,116859,12,338496
197,0.000924,172.31.36.0-255,66,116925,12,338496
198,0.00093,74.125.24.0-255,4320,121245,12,338496
199,0.000932,172.31.36.0-255,66,121311,12,338496
200,0.001001,172.31.36.0-255,101,121412,12,338496
201,0.001007,172.31.36.0-255,66,121478,12,338496
202,0.001011,172.31.36.0-255,66,121544,12,338496
203,0.001331,74.125.24.0-255,1484,123028,12,338496
204,0.001339,74.125.24.0-255,2902,125930,12,338496
205,0.001344,172.31.36.0-255,66,125996,12,338496
206,0.00135,74.125.24.0-255,2902,128898,12,338496
207,0.001352,172.31.36.0-255,66,128964,12,338496
208,0.001367,74.125.24.0-255,2902,131866,12,338496
209,0.00137,172.31.36.0-255,66,131932,12,338496
210,0.001374,74.125.24.0-255,2902,134834,12,338496
211,0.001377,172.31.36.0-255,66,134900,12,338496
212,0.001402,74.125.24.0-255,2902,137802,12,338496
213,0.001405,172.31.36.0-255,66,137868,12,338496
214,0.001435,74.125.24.0-255,7156,145024,12,338496
215,0.001438,172.31.36.0-255,66,145090,12,338496
216,0.001449,172.31.36.0-255,66,145156,12,338496
217,0.001466,74.125.24.0-255,2184,147340,12,338496
218,0.001469,172.31.36.0-255,66,147406,12,338496
219,0.001706,74.125.24.0-255,1484,148890,12,338496
220,0.001713,74.125.24.0-255,2902,151792,12,338496
221,0.001717,172.31.36.0-255,66,151858,12,338496
222,0.001721,74.125.24.0-255,1484,153342,12,338496
223,0.001744,74.125.24.0-255,4320,157662,12,338496
224,0.001747,172.31.36.0-255,66,157728,12,338496
225,0.001754,74.125.24.0-255,7156,164884,12,338496
226,0.001757,172.31.36.0-255,66,164950,12,338496
227,0.001797,74.125.24.0-255,2184,167134,12,338496
228,0.001799,172.31.36.0-255,66,167200,12,338496
229,0.001803,172.31.36.0-255,66,167266,12,338496
230,0.001855,172.31.36.0-255,66,167332,12,338496
231,0.001884,74.125.24.0-255,7156,174488,12,338496
232,0.001887,172.31.36.0-255,66,174554,12,338496
233,0.00189,74.125.24.0-255,1484,176038,12,338496
234,0.001931,172.31.36.0-255,66,176104,12,338496
235,0.001935,74.125.24.0-255,1484,177588,12,338496
236,0.001954,74.125.24.0-255,2184,179772,12,338496
237,0.001957,172.31.36.0-255,66,179838,12,338496
238,0.001999,74.125.24.0-255,4320,184158,12,338496
239,0.002003,172.31.36.0-255,66,184224,12,338496
240,0.002007,74.125.24.0-255,2902,187126,12,338496
241,0.002009,172.31.36.0-255,66,187192,12,338496
242,0.002024,74.125.24.0-255,2902,190094,12,338496
243,0.002027,172.31.36.0-255,66,190160,12,338496
244,0.002051,74.125.24.0-255,5738,195898,12,338496
245,0.002055,172.31.36.0-255,66,195964,12,338496
246,0.00206,74.125.24.0-255,5738,201702,12,338496
247,0.002063,172.31.36.0-255,66,201768,12,338496
248,0.002089,74.125.24.0-255,4320,206088,12,338496
249,0.002092,172.31.36.0-255,66,206154,12,338496
250,0.002109,74.125.24.0-255,4320,210474,12,338496
251,0.002111,172.31.36.0-255,66,210540,12,338496
252,0.002136,74.125.24.0-255,6438,216978,12,338496
253,0.00214,74.125.24.0-255,2902,219880,12,338496
254,0.002141,172.31.36.0-255,66,219946,12,338496
255,0.002145,172.31.36.0-255,66,220012,12,338496
256,0.002992,74.125.24.0-255,66,220078,12,338496
257,0.004181,74.125.24.0-255,5738,225816,12,338496
258,0.004186,172.31.36.0-255,66,225882,12,338496
259,0.006223,74.125.24.0-255,5738,231620,12,338496
260,0.006229,172.31.36.0-255,66,231686,12,338496
261,0.008264,74.125.24.0-255,5738,237424,12,338496
262,0.00827,172.31.36.0-255,66,237490,12,338496
263,0.010392,74.125.24.0-255,5738,243228,12,338496
264,0.010402,172.31.36.0-255,66,243294,12,338496
265,0.012449,74.125.24.0-255,5738,249032,12,338496
266,0.012461,172.31.36.0-255,66,249098,12,338496
267,0.014504,74.125.24.0-255,5738,254836,12,338496
268,0.014512,172.31.36.0-255,66,254902,12,338496
269,0.016611,74.125.24.0-255,5738,260640,12,338496
270,0.016621,172.31.36.0-255,66,260706,12,338496
271,0.018666,74.125.24.0-255,5738,266444,12,338496
272,0.018674,172.31.36.0-255,66,266510,12,338496
273,0.020726,74.125.24.0-255,5738,272248,12,338496
274,0.020736,172.31.36.0-255,66,272314,12,338496
275,0.022795,74.125.24.0-255,5738,278052,12,338496
276,0.022804,172.31.36.0-255,66,278118,12,338496
277,0.024838,74.125.24.0-255,5738,283856,12,338496
278,0.024844,172.31.36.0-255,66,283922,12,338496
279,0.026858,74.125.24.0-255,5738,289660,12,338496
280,0.026865,172.31.36.0-255,66,289726,12,338496
281,0.028929,74.125.24.0-255,5738,295464,12,338496
282,0.028937,172.31.36.0-255,66,295530,12,338496
283,0.029507,172.31.36.0-255,172,295702,12,338496
284,0.029538,172.31.36.0-255,1109,296811,12,338496
285,0.029597,172.31.36.0-255,1514,298325,12,338496
286,0.029599,172.31.36.0-255,1514,299839,12,338496
287,0.029601,172.31.36.0-255,1514,301353,12,338496
288,0.029602,172.31.36.0-255,1514,302867,12,338496
289,0.029629,172.31.36.0-255,1514,304381,12,338496
290,0.02963,172.31.36.0-255,1263,305644,12,338496
291,0.030999,104.244.42.0-255,66,305710,12,338496
292,0.031009,104.244.42.0-255,66,305776,12,338496
293,0.031025,74.125.24.0-255,5738,311514,12,338496
294,0.03103,172.31.36.0-255,66,311580,12,338496
295,0.031117,104.244.42.0-255,66,311646,12,338496
296,0.031124,104.244.42.0-255,66,311712,12,338496
297,0.03304,74.125.24.0-255,5738,317450,12,338496
298,0.033048,172.31.36.0-255,66,317516,12,338496
299,0.03509,74.125.24.0-255,5738,323254,12,338496
300,0.035098,172.31.36.0-255,66,323320,12,338496
301,0.037162,74.125.24.0-255,5738,329058,12,338496
302,0.037173,172.31.36.0-255,66,329124,12,338496
303,0.039239,74.125.24.0-255,5738,334862,12,338496
304,0.039254,172.31.36.0-255,66,334928,12,338496
305,0.041309,74.125.24.0-255,3157,338085,12,338496
306,0.041323,172.31.36.0-255,66,338151,12,338496
307,0.044991,172.31.36.0-255,105,338256,12,338496
308,0.045156,172.31.36.0-255,108,338364,12,338496
309,0.046646,104.244.42.0-255,66,338430,12,338496
310,0.051985,74.125.24.0-255,66,338496,12,338496
311,0.0,74.125.68.0-255,152,152,12,356710
312,3.3e-05,172.31.36.0-255,66,218,12,356710
313,4.1e-05,74.125.68.0-255,1484,1702,12,356710
314,4.5e-05,172.31.36.0-255,66,1768,12,356710
315,5e-05,74.125.68.0-255,2902,4670,12,356710
316,5.3e-05,172.31.36.0-255,66,4736,12,356710
317,5.6e-05,74.125.68.0-255,1484,6220,12,356710
318,5.8e-05,172.31.36.0-255,66,6286,12,356710
319,8.2e-05,74.125.68.0-255,5738,12024,12,356710
320,8.4e-05,172.31.36.0-255,66,12090,12,356710
321,8.8e-05,74.125.68.0-255,1985,14075,12,356710
322,9e-05,172.31.36.0-255,66,14141,12,356710
323,0.00022,74.125.68.0-255,1484,15625,12,356710
324,0.000225,172.31.36.0-255,66,15691,12,356710
325,0.000239,74.125.68.0-255,1484,17175,12,356710
326,0.000241,172.31.36.0-255,66,17241,12,356710
327,0.00026,74.125.68.0-255,2902,20143,12,356710
328,0.000262,172.31.36.0-255,66,20209,12,356710
329,0.000286,74.125.68.0-255,4320,24529,12,356710
330,0.000288,172.31.36.0-255,66,24595,12,356710
331,0.000319,74.125.68.0-255,5738,30333,12,356710
332,0.000322,172.31.36.0-255,66,30399,12,356710
333,0.000326,74.125.68.0-255,1125,31524,12,356710
334,0.000328,172.31.36.0-255,66,31590,12,356710
335,0.000349,74.125.68.0-255,1484,33074,12,356710
336,0.000352,172.31.36.0-255,66,33140,12,356710
337,0.00038,74.125.68.0-255,4320,37460,12,356710
338,0.000385,172.31.36.0-255,66,37526,12,356710
339,0.000406,74.125.68.0-255,5738,43264,12,356710
340,0.00041,172.31.36.0-255,66,43330,12,356710
341,0.000427,74.125.68.0-255,2902,46232,12,356710
342,0.00043,172.31.36.0-255,66,46298,12,356710
343,0.000452,74.125.68.0-255,2902,49200,12,356710
344,0.000455,172.31.36.0-255,66,49266,12,356710
345,0.000463,74.125.68.0-255,7156,56422,12,356710
346,0.000466,172.31.36.0-255,66,56488,12,356710
347,0.000495,74.125.68.0-255,4320,60808,12,356710
348,0.000498,172.31.36.0-255,66,60874,12,356710
349,0.000528,74.125.68.0-255,1484,62358,12,356710
350,0.000545,74.125.68.0-255,3602,65960,12,356710
351,0.000548,172.31.36.0-255,66,66026,12,356710
352,0.000742,74.125.68.0-255,647,66673,12,356710
353,0.000819,172.31.36.0-255,66,66739,12,356710
354,0.001262,74.125.68.0-255,1484,68223,12,356710
355,0.001272,74.125.68.0-255,2902,71125,12,356710
356,0.001276,172.31.36.0-255,66,71191,12,356710
357,0.001282,74.125.68.0-255,1484,72675,12,356710
358,0.0013,74.125.68.0-255,4320,76995,12,356710
359,0.001303,172.31.36.0-255,66,77061,12,356710
360,0.001307,74.125.68.0-255,2902,79963,12,356710
361,0.001309,172.31.36.0-255,66,80029,12,356710
362,0.001345,172.31.36.0-255,66,80095,12,356710
363,0.00135,74.125.68.0-255,4320,84415,12,356710
364,0.001352,172.31.36.0-255,66,84481,12,356710
365,0.001369,74.125.68.0-255,5738,90219,12,356710
366,0.001371,172.31.36.0-255,66,90285,12,356710
367,0.001374,74.125.68.0-255,766,91051,12,356710
368,0.001436,74.125.68.0-255,1484,92535,12,356710
369,0.00144,172.31.36.0-255,66,92601,12,356710
370,0.001443,74.125.68.0-255,1484,94085,12,356710
371,0.001459,74.125.68.0-255,2902,96987,12,356710
372,0.001461,172.31.36.0-255,66,97053,12,356710
373,0.001486,74.125.68.0-255,5738,102791,12,356710
374,0.001488,172.31.36.0-255,66,102857,12,356710
375,0.001491,74.125.68.0-255,1484,104341,12,356710
376,0.001509,74.125.68.0-255,7156,111497,12,356710
377,0.001511,172.31.36.0-255,66,111563,12,356710
378,0.001516,74.125.68.0-255,2902,114465,12,356710
379,0.001518,172.31.36.0-255,66,114531,12,356710
380,0.001533,74.125.68.0-255,7156,121687,12,356710
381,0.001536,172.31.36.0-255,66,121753,12,356710
382,0.00157,74.125.68.0-255,3602,125355,12,356710
383,0.001572,172.31.36.0-255,66,125421,12,356710
384,0.001584,74.125.68.0-255,2902,128323,12,356710
385,0.001586,172.31.36.0-255,66,128389,12,356710
386,0.00161,74.125.68.0-255,1484,129873,12,356710
387,0.001615,74.125.68.0-255,4320,134193,12,356710
388,0.001618,172.31.36.0-255,66,134259,12,356710
389,0.001623,74.125.68.0-255,5738,139997,12,356710
390,0.001625,172.31.36.0-255,66,140063,12,356710
391,0.001649,74.125.68.0-255,2902,142965,12,356710
392,0.001651,172.31.36.0-255,66,143031,12,356710
393,0.001662,74.125.68.0-255,2902,145933,12,356710
394,0.001664,172.31.36.0-255,66,145999,12,356710
395,0.001684,74.125.68.0-255,7156,153155,12,356710
396,0.001686,172.31.36.0-255,66,153221,12,356710
397,0.001703,74.125.68.0-255,2902,156123,12,356710
398,0.001705,172.31.36.0-255,66,156189,12,356710
399,0.001721,74.125.68.0-255,3602,159791,12,356710
400,0.001723,172.31.36.0-255,66,159857,12,356710
401,0.001758,74.125.68.0-255,1484,161341,12,356710
402,0.001771,74.125.68.0-255,1484,162825,12,356710
403,0.001773,172.31.36.0-255,66,162891,12,356710
404,0.001783,74.125.68.0-255,1484,164375,12,356710
405,0.001787,74.125.68.0-255,2902,167277,12,356710
406,0.001789,172.31.36.0-255,66,167343,12,356710
407,0.001802,74.125.68.0-255,2902,170245,12,356710
408,0.001804,172.31.36.0-255,66,170311,12,356710
409,0.001808,74.125.68.0-255,2902,173213,12,356710
410,0.001811,172.31.36.0-255,66,173279,12,356710
411,0.001816,74.125.68.0-255,4320,177599,12,356710
412,0.001818,172.31.36.0-255,66,177665,12,356710
413,0.001843,172.31.36.0-255,66,177731,12,356710
414,0.001846,74.125.68.0-255,1484,179215,12,356710
415,0.001866,74.125.68.0-255,5738,184953,12,356710
416,0.001868,172.31.36.0-255,66,185019,12,356710
417,0.001895,74.125.68.0-255,2902,187921,12,356710
418,0.001897,172.31.36.0-255,66,187987,12,356710
419,0.001919,74.125.68.0-255,5020,193007,12,356710
420,0.001921,172.31.36.0-255,66,193073,12,356710
421,0.001925,74.125.68.0-255,2902,195975,12,356710
422,0.001927,172.31.36.0-255,66,196041,12,356710
423,0.001929,74.125.68.0-255,1484,197525,12,356710
424,0.001944,74.125.68.0-255,5738,203263,12,356710
425,0.001947,172.31.36.0-255,66,203329,12,356710
426,0.001974,74.125.68.0-255,5738,209067,12,356710
427,0.001977,172.31.36.0-255,66,209133,12,356710
428,0.001986,172.31.36.0-255,66,209199,12,356710
429,0.002001,74.125.68.0-255,4320,213519,12,356710
430,0.002003,172.31.36.0-255,66,213585,12,356710
431,0.002038,74.125.68.0-255,6438,220023,12,356710
432,0.002041,172.31.36.0-255,66,220089,12,356710
433,0.002051,74.125.68.0-255,4320,224409,12,356710
434,0.002054,172.31.36.0-255,66,224475,12,356710
435,0.00206,74.125.68.0-255,5738,230213,12,356710
436,0.002062,172.31.36.0-255,66,230279,12,356710
437,0.002065,74.125.68.0-255,1484,231763,12,356710
438,0.002119,74.125.68.0-255,2902,234665,12,356710
439,0.002121,172.31.36.0-255,66,234731,12,356710
440,0.002127,74.125.68.0-255,5738,240469,12,356710
441,0.002129,172.31.36.0-255,66,240535,12,356710
442,0.002131,74.125.68.0-255,1484,242019,12,356710
443,0.002136,74.125.68.0-255,2184,244203,12,356710
444,0.002138,172.31.36.0-255,66,244269,12,356710
445,0.00217,74.125.68.0-255,1484,245753,12,356710
446,0.002184,74.125.68.0-255,2902,248655,12,356710
447,0.002187,172.31.36.0-255,66,248721,12,356710
448,0.002226,74.125.68.0-255,1484,250205,12,356710
449,0.002246,74.125.68.0-255,2902,253107,12,356710
450,0.002249,172.31.36.0-255,66,253173,12,356710
451,0.002252,74.125.68.0-255,1484,254657,12,356710
452,0.00227,74.125.68.0-255,4320,258977,12,356710
453,0.002274,172.31.36.0-255,66,259043,12,356710
454,0.002276,74.125.68.0-255,1484,260527,12,356710
455,0.00228,74.125.68.0-255,2902,263429,12,356710
456,0.002282,172.31.36.0-255,66,263495,12,356710
457,0.002314,74.125.68.0-255,5738,269233,12,356710
458,0.002318,172.31.36.0-255,66,269299,12,356710
459,0.002329,74.125.68.0-255,2902,272201,12,356710
460,0.002332,172.31.36.0-255,66,272267,12,356710
461,0.002349,74.125.68.0-255,4320,276587,12,356710
462,0.002353,172.31.36.0-255,66,276653,12,356710
463,0.002365,74.125.68.0-255,1484,278137,12,356710
464,0.002377,74.125.68.0-255,766,278903,12,356710
465,0.00238,172.31.36.0-255,66,278969,12,356710
466,0.002397,74.125.68.0-255,1484,280453,12,356710
467,0.002417,74.125.68.0-255,1484,281937,12,356710
468,0.002419,172.31.36.0-255,66,282003,12,356710
469,0.002424,74.125.68.0-255,2902,284905,12,356710
470,0.002426,172.31.36.0-255,66,284971,12,356710
471,0.00243,74.125.68.0-255,2902,287873,12,356710
472,0.002432,172.31.36.0-255,66,287939,12,356710
473,0.002454,74.125.68.0-255,1484,289423,12,356710
474,0.002465,172.31.36.0-255,66,289489,12,356710
475,0.002495,172.31.36.0-255,66,289555,12,356710
476,0.002509,74.125.68.0-255,1484,291039,12,356710
477,0.002537,172.31.36.0-255,66,291105,12,356710
478,0.002542,74.125.68.0-255,4320,295425,12,356710
479,0.002545,172.31.36.0-255,66,295491,12,356710
480,0.002569,74.125.68.0-255,2902,298393,12,356710
481,0.002572,172.31.36.0-255,66,298459,12,356710
482,0.002599,172.31.36.0-255,66,298525,12,356710
483,0.005135,74.125.68.0-255,2902,301427,12,356710
484,0.00514,172.31.36.0-255,66,301493,12,356710
485,0.005156,74.125.68.0-255,2902,304395,12,356710
486,0.005159,172.31.36.0-255,66,304461,12,356710
487,0.006422,172.31.36.0-255,101,304562,12,356710
488,0.007695,74.125.68.0-255,2902,307464,12,356710
489,0.007701,172.31.36.0-255,66,307530,12,356710
490,0.007706,74.125.68.0-255,2902,310432,12,356710
491,0.007709,172.31.36.0-255,66,310498,12,356710
492,0.008932,74.125.68.0-255,66,310564,12,356710
493,0.010253,74.125.68.0-255,5738,316302,12,356710
494,0.010262,172.31.36.0-255,66,316368,12,356710
495,0.012823,74.125.68.0-255,5738,322106,12,356710
496,0.012836,172.31.36.0-255,66,322172,12,356710
497,0.015393,74.125.68.0-255,5738,327910,12,356710
498,0.015402,172.31.36.0-255,66,327976,12,356710
499,0.017948,74.125.68.0-255,5738,333714,12,356710
500,0.017956,172.31.36.0-255,66,333780,12,356710
501,0.020522,74.125.68.0-255,5738,339518,12,356710
502,0.020533,172.31.36.0-255,66,339584,12,356710
503,0.023084,74.125.68.0-255,5738,345322,12,356710
504,0.023091,172.31.36.0-255,66,345388,12,356710
505,0.025639,74.125.68.0-255,5738,351126,12,356710
506,0.025645,172.31.36.0-255,66,351192,12,356710
507,0.028191,74.125.68.0-255,1056,352248,12,356710
508,0.028394,172.31.36.0-255,105,352353,12,356710
509,0.030909,172.31.36.0-255,172,352525,12,356710
510,0.030934,172.31.36.0-255,1108,353633,12,356710
511,0.030979,172.31.36.0-255,1514,355147,12,356710
512,0.030981,172.31.36.0-255,1299,356446,12,356710
513,0.032453,104.244.42.0-255,66,356512,12,356710
514,0.032508,104.244.42.0-255,66,356578,12,356710
515,0.032561,104.244.42.0-255,66,356644,12,356710
516,0.036191,74.125.68.0-255,66,356710,12,356710
517,0.0,74.125.24.0-255,155,155,12,278577
518,2.3e-05,172.31.36.0-255,66,221,12,278577
519,3.1e-05,74.125.24.0-255,1484,1705,12,278577
520,3.5e-05,172.31.36.0-255,66,1771,12,278577
521,5e-05,74.125.24.0-255,2902,4673,12,278577
522,5.4e-05,172.31.36.0-255,66,4739,12,278577
523,6.2e-05,74.125.24.0-255,7156,11895,12,278577
524,6.5e-05,172.31.36.0-255,66,11961,12,278577
525,6.9e-05,74.125.24.0-255,2028,13989,12,278577
526,7.2e-05,172.31.36.0-255,66,14055,12,278577
527,7.7e-05,74.125.24.0-255,2902,16957,12,278577
528,8e-05,172.31.36.0-255,66,17023,12,278577
529,8.7e-05,74.125.24.0-255,7156,24179,12,278577
530,9.1e-05,172.31.36.0-255,66,24245,12,278577
531,9.7e-05,74.125.24.0-255,5738,29983,12,278577
532,0.0001,172.31.36.0-255,66,30049,12,278577
533,0.00013,74.125.24.0-255,5738,35787,12,278577
534,0.000139,172.31.36.0-255,66,35853,12,278577
535,0.000153,172.31.36.0-255,66,35919,12,278577
536,0.000176,74.125.24.0-255,1484,37403,12,278577
537,0.000178,172.31.36.0-255,66,37469,12,278577
538,0.000184,74.125.24.0-255,2902,40371,12,278577
539,0.000186,172.31.36.0-255,66,40437,12,278577
540,0.000213,74.125.24.0-255,4320,44757,12,278577
541,0.000216,172.31.36.0-255,66,44823,12,278577
542,0.000243,172.31.36.0-255,66,44889,12,278577
543,0.000264,74.125.24.0-255,111,45000,12,278577
544,0.000266,172.31.36.0-255,66,45066,12,278577
545,0.000416,74.125.24.0-255,1484,46550,12,278577
546,0.00042,172.31.36.0-255,66,46616,12,278577
547,0.000427,74.125.24.0-255,2902,49518,12,278577
548,0.000431,172.31.36.0-255,66,49584,12,278577
549,0.000442,74.125.24.0-255,4320,53904,12,278577
550,0.000444,172.31.36.0-255,66,53970,12,278577
551,0.000471,74.125.24.0-255,1484,55454,12,278577
552,0.000475,74.125.24.0-255,1484,56938,12,278577
553,0.000478,172.31.36.0-255,66,57004,12,278577
554,0.000485,74.125.24.0-255,5738,62742,12,278577
555,0.000487,172.31.36.0-255,66,62808,12,278577
556,0.000521,74.125.24.0-255,7156,69964,12,278577
557,0.000524,172.31.36.0-255,66,70030,12,278577
558,0.000535,172.31.36.0-255,66,70096,12,278577
559,0.000994,74.125.24.0-255,1484,71580,12,278577
560,0.001001,74.125.24.0-255,2902,74482,12,278577
561,0.001005,172.31.36.0-255,66,74548,12,278577
562,0.001012,74.125.24.0-255,5738,80286,12,278577
563,0.001014,172.31.36.0-255,66,80352,12,278577
564,0.001017,74.125.24.0-255,1484,81836,12,278577
565,0.001045,172.31.36.0-255,66,81902,12,278577
566,0.00105,74.125.24.0-255,2902,84804,12,278577
567,0.001052,172.31.36.0-255,66,84870,12,278577
568,0.001087,172.31.36.0-255,66,84936,12,278577
569,0.001144,74.125.24.0-255,1484,86420,12,278577
570,0.00115,74.125.24.0-255,2902,89322,12,278577
571,0.001152,172.31.36.0-255,66,89388,12,278577
572,0.001158,74.125.24.0-255,4320,93708,12,278577
573,0.00116,172.31.36.0-255,66,93774,12,278577
574,0.001177,74.125.24.0-255,1484,95258,12,278577
575,0.001183,74.125.24.0-255,5738,100996,12,278577
576,0.00119,172.31.36.0-255,66,101062,12,278577
577,0.001222,74.125.24.0-255,7156,108218,12,278577
578,0.001226,172.31.36.0-255,66,108284,12,278577
579,0.001241,172.31.36.0-255,66,108350,12,278577
580,0.001421,74.125.24.0-255,1484,109834,12,278577
581,0.001427,74.125.24.0-255,2902,112736,12,278577
582,0.00143,172.31.36.0-255,66,112802,12,278577
583,0.001435,74.125.24.0-255,2902,115704,12,278577
584,0.001437,172.31.36.0-255,66,115770,12,278577
585,0.001456,74.125.24.0-255,2902,118672,12,278577
586,0.001472,172.31.36.0-255,66,118738,12,278577
587,0.001475,172.31.36.0-255,66,118804,12,278577
588,0.001521,74.125.24.0-255,7156,125960,12,278577
589,0.001524,172.31.36.0-255,66,126026,12,278577
590,0.001559,172.31.36.0-255,66,126092,12,278577
591,0.001792,74.125.24.0-255,1484,127576,12,278577
592,0.001798,74.125.24.0-255,2902,130478,12,278577
593,0.001801,172.31.36.0-255,66,130544,12,278577
594,0.001808,74.125.24.0-255,5738,136282,12,278577
595,0.00181,172.31.36.0-255,66,136348,12,278577
596,0.00183,74.125.24.0-255,4320,140668,12,278577
597,0.001832,172.31.36.0-255,66,140734,12,278577
598,0.001863,74.125.24.0-255,2902,143636,12,278577
599,0.001865,172.31.36.0-255,66,143702,12,278577
600,0.001885,172.31.36.0-255,66,143768,12,278577
601,0.001889,74.125.24.0-255,2184,145952,12,278577
602,0.001891,172.31.36.0-255,66,146018,12,278577
603,0.001962,74.125.24.0-255,1484,147502,12,278577
604,0.001981,74.125.24.0-255,2902,150404,12,278577
605,0.001984,172.31.36.0-255,66,150470,12,278577
606,0.00199,74.125.24.0-255,5738,156208,12,278577
607,0.001992,172.31.36.0-255,66,156274,12,278577
608,0.002056,172.31.36.0-255,66,156340,12,278577
609,0.002079,172.31.36.0-255,66,156406,12,278577
610,0.002083,74.125.24.0-255,2184,158590,12,278577
611,0.002085,172.31.36.0-255,66,158656,12,278577
612,0.002116,74.125.24.0-255,5738,164394,12,278577
613,0.002119,172.31.36.0-255,66,164460,12,278577
614,0.002156,172.31.36.0-255,66,164526,12,278577
615,0.002161,74.125.24.0-255,4320,168846,12,278577
616,0.002164,172.31.36.0-255,66,168912,12,278577
617,0.002205,172.31.36.0-255,66,168978,12,278577
618,0.002233,74.125.24.0-255,2902,171880,12,278577
619,0.002236,172.31.36.0-255,66,171946,12,278577
620,0.002241,74.125.24.0-255,4320,176266,12,278577
621,0.002244,172.31.36.0-255,66,176332,12,278577
622,0.002282,74.125.24.0-255,7156,183488,12,278577
623,0.002285,172.31.36.0-255,66,183554,12,278577
624,0.002328,172.31.36.0-255,66,183620,12,278577
625,0.002335,74.125.24.0-255,5738,189358,12,278577
626,0.002337,172.31.36.0-255,66,189424,12,278577
627,0.002368,74.125.24.0-255,5020,194444,12,278577
628,0.00237,172.31.36.0-255,66,194510,12,278577
629,0.004697,74.125.24.0-255,5738,200248,12,278577
630,0.004703,172.31.36.0-255,66,200314,12,278577
631,0.007045,74.125.24.0-255,5738,206052,12,278577
632,0.007051,172.31.36.0-255,66,206118,12,278577
633,0.00943,74.125.24.0-255,5738,211856,12,278577
634,0.00944,172.31.36.0-255,66,211922,12,278577
635,0.011805,74.125.24.0-255,5738,217660,12,278577
636,0.011814,172.31.36.0-255,66,217726,12,278577
637,0.014169,74.125.24.0-255,5738,223464,12,278577
638,0.014181,172.31.36.0-255,66,223530,12,278577
639,0.01655,74.125.24.0-255,5738,229268,12,278577
640,0.016563,172.31.36.0-255,66,229334,12,278577
641,0.018958,74.125.24.0-255,5738,235072,12,278577
642,0.018966,172.31.36.0-255,66,235138,12,278577
643,0.021335,74.125.24.0-255,5738,240876,12,278577
644,0.021344,172.31.36.0-255,66,240942,12,278577
645,0.023716,74.125.24.0-255,5738,246680,12,278577
646,0.023723,172.31.36.0-255,66,246746,12,278577
647,0.026077,74.125.24.0-255,5738,252484,12,278577
648,0.026084,172.31.36.0-255,66,252550,12,278577
649,0.028454,74.125.24.0-255,5738,258288,12,278577
650,0.028462,172.31.36.0-255,66,258354,12,278577
651,0.030818,74.125.24.0-255,5738,264092,12,278577
652,0.030827,172.31.36.0-255,66,264158,12,278577
653,0.033189,74.125.24.0-255,4921,269079,12,278577
654,0.033199,172.31.36.0-255,66,269145,12,278577
655,0.033437,172.31.36.0-255,105,269250,12,278577
656,0.035738,74.125.24.0-255,66,269316,12,278577
657,0.036184,172.31.36.0-255,172,269488,12,278577
658,0.036234,172.31.36.0-255,1107,270595,12,278577
659,0.036302,172.31.36.0-255,1514,272109,12,278577
660,0.036304,172.31.36.0-255,1514,273623,12,278577
661,0.036309,172.31.36.0-255,1514,275137,12,278577
662,0.03631,172.31.36.0-255,1514,276651,12,278577
663,0.036332,172.31.36.0-255,1514,278165,12,278577
664,0.036337,172.31.36.0-255,148,278313,12,278577
665,0.037753,104.244.42.0-255,66,278379,12,278577
666,0.037809,104.244.42.0-255,66,278445,12,278577
667,0.037886,104.244.42.0-255,66,278511,12,278577
668,0.037964,104.244.42.0-255,66,278577,12,278577
669,0.0,74.125.24.0-255,153,153,12,264618
670,2.4e-05,172.31.36.0-255,66,219,12,264618
671,3.1e-05,74.125.24.0-255,1484,1703,12,264618
672,3.6e-05,172.31.36.0-255,66,1769,12,264618
673,4.3e-05,74.125.24.0-255,2902,4671,12,264618
674,4.6e-05,172.31.36.0-255,66,4737,12,264618
675,5.4e-05,74.125.24.0-255,7156,11893,12,264618
676,5.7e-05,172.31.36.0-255,66,11959,12,264618
677,6.1e-05,74.125.24.0-255,2071,14030,12,264618
678,6.4e-05,172.31.36.0-255,66,14096,12,264618
679,0.000109,74.125.24.0-255,5738,19834,12,264618
680,0.000112,172.31.36.0-255,66,19900,12,264618
681,0.000132,74.125.24.0-255,5738,25638,12,264618
682,0.000134,172.31.36.0-255,66,25704,12,264618
683,0.000148,172.31.36.0-255,66,25770,12,264618
684,0.000166,74.125.24.0-255,1484,27254,12,264618
685,0.000169,172.31.36.0-255,66,27320,12,264618
686,0.000177,74.125.24.0-255,7156,34476,12,264618
687,0.000179,172.31.36.0-255,66,34542,12,264618
688,0.000196,74.125.24.0-255,2184,36726,12,264618
689,0.000199,172.31.36.0-255,66,36792,12,264618
690,0.000324,74.125.24.0-255,1484,38276,12,264618
691,0.000329,172.31.36.0-255,66,38342,12,264618
692,0.000334,74.125.24.0-255,2902,41244,12,264618
693,0.000337,172.31.36.0-255,66,41310,12,264618
694,0.000366,74.125.24.0-255,5738,47048,12,264618
695,0.000369,172.31.36.0-255,66,47114,12,264618
696,0.000377,74.125.24.0-255,7105,54219,12,264618
697,0.000379,172.31.36.0-255,66,54285,12,264618
698,0.000665,74.125.24.0-255,1484,55769,12,264618
699,0.000672,172.31.36.0-255,66,55835,12,264618
700,0.000692,74.125.24.0-255,2902,58737,12,264618
701,0.000695,172.31.36.0-255,66,58803,12,264618
702,0.000702,74.125.24.0-255,5738,64541,12,264618
703,0.000705,172.31.36.0-255,66,64607,12,264618
704,0.000712,74.125.24.0-255,4320,68927,12,264618
705,0.000715,172.31.36.0-255,66,68993,12,264618
706,0.000735,74.125.24.0-255,4320,73313,12,264618
707,0.000738,172.31.36.0-255,66,73379,12,264618
708,0.000751,172.31.36.0-255,66,73445,12,264618
709,0.000777,74.125.24.0-255,5020,78465,12,264618
710,0.00078,172.31.36.0-255,66,78531,12,264618
711,0.000783,74.125.24.0-255,1484,80015,12,264618
712,0.000803,74.125.24.0-255,4320,84335,12,264618
713,0.000806,172.31.36.0-255,66,84401,12,264618
714,0.000813,74.125.24.0-255,5738,90139,12,264618
715,0.000816,172.31.36.0-255,66,90205,12,264618
716,0.000831,74.125.24.0-255,2902,93107,12,264618
717,0.000833,172.31.36.0-255,66,93173,12,264618
718,0.00085,74.125.24.0-255,4320,97493,12,264618
719,0.000852,172.31.36.0-255,66,97559,12,264618
720,0.000875,74.125.24.0-255,5738,103297,12,264618
721,0.000878,172.31.36.0-255,66,103363,12,264618
722,0.000889,172.31.36.0-255,66,103429,12,264618
723,0.001012,74.125.24.0-255,1484,104913,12,264618
724,0.001036,74.125.24.0-255,2902,107815,12,264618
725,0.001039,172.31.36.0-255,66,107881,12,264618
726,0.001046,74.125.24.0-255,5738,113619,12,264618
727,0.001049,172.31.36.0-255,66,113685,12,264618
728,0.001079,74.125.24.0-255,7156,120841,12,264618
729,0.001082,172.31.36.0-255,66,120907,12,264618
730,0.001107,74.125.24.0-255,4320,125227,12,264618
731,0.00111,172.31.36.0-255,66,125293,12,264618
732,0.001124,172.31.36.0-255,66,125359,12,264618
733,0.001167,74.125.24.0-255,4320,129679,12,264618
734,0.001171,172.31.36.0-255,66,129745,12,264618
735,0.001193,74.125.24.0-255,7156,136901,12,264618
736,0.001197,172.31.36.0-255,66,136967,12,264618
737,0.001239,74.125.24.0-255,7156,144123,12,264618
738,0.001241,172.31.36.0-255,66,144189,12,264618
739,0.001264,74.125.24.0-255,5738,149927,12,264618
740,0.001267,172.31.36.0-255,66,149993,12,264618
741,0.001279,172.31.36.0-255,66,150059,12,264618
742,0.001283,74.125.24.0-255,2902,152961,12,264618
743,0.001286,172.31.36.0-255,66,153027,12,264618
744,0.001291,74.125.24.0-255,4320,157347,12,264618
745,0.001293,172.31.36.0-255,66,157413,12,264618
746,0.001298,74.125.24.0-255,4320,161733,12,264618
747,0.001301,172.31.36.0-255,66,161799,12,264618
748,0.001328,74.125.24.0-255,4320,166119,12,264618
749,0.00133,172.31.36.0-255,66,166185,12,264618
750,0.001344,172.31.36.0-255,66,166251,12,264618
751,0.001373,74.125.24.0-255,5020,171271,12,264618
752,0.001376,172.31.36.0-255,66,171337,12,264618
753,0.001696,74.125.24.0-255,1484,172821,12,264618
754,0.001701,74.125.24.0-255,1484,174305,12,264618
755,0.001704,172.31.36.0-255,66,174371,12,264618
756,0.001724,74.125.24.0-255,1484,175855,12,264618
757,0.00173,74.125.24.0-255,5738,181593,12,264618
758,0.001732,172.31.36.0-255,66,181659,12,264618
759,0.001738,74.125.24.0-255,4320,185979,12,264618
760,0.00174,172.31.36.0-255,66,186045,12,264618
761,0.001749,74.125.24.0-255,2902,188947,12,264618
762,0.001751,172.31.36.0-255,66,189013,12,264618
763,0.001778,172.31.36.0-255,66,189079,12,264618
764,0.001783,74.125.24.0-255,2902,191981,12,264618
765,0.001785,172.31.36.0-255,66,192047,12,264618
766,0.001811,74.125.24.0-255,5020,197067,12,264618
767,0.001813,172.31.36.0-255,66,197133,12,264618
768,0.001825,172.31.36.0-255,66,197199,12,264618
769,0.001828,74.125.24.0-255,1484,198683,12,264618
770,0.001853,74.125.24.0-255,7156,205839,12,264618
771,0.001856,172.31.36.0-255,66,205905,12,264618
772,0.001883,172.31.36.0-255,66,205971,12,264618
773,0.001891,74.125.24.0-255,7156,213127,12,264618
774,0.001893,172.31.36.0-255,66,213193,12,264618
775,0.001931,172.31.36.0-255,66,213259,12,264618
776,0.001934,172.31.36.0-255,66,213325,12,264618
777,0.001945,74.125.24.0-255,5738,219063,12,264618
778,0.001947,172.31.36.0-255,66,219129,12,264618
779,0.001969,74.125.24.0-255,5020,224149,12,264618
780,0.001972,172.31.36.0-255,66,224215,12,264618
781,0.001994,74.125.24.0-255,7156,231371,12,264618
782,0.001997,172.31.36.0-255,66,231437,12,264618
783,0.002012,74.125.24.0-255,4320,235757,12,264618
784,0.002015,172.31.36.0-255,66,235823,12,264618
785,0.002022,74.125.24.0-255,5738,241561,12,264618
786,0.002024,172.31.36.0-255,66,241627,12,264618
787,0.002053,74.125.24.0-255,7156,248783,12,264618
788,0.002056,172.31.36.0-255,66,248849,12,264618
789,0.002068,172.31.36.0-255,66,248915,12,264618
790,0.002124,172.31.36.0-255,66,248981,12,264618
791,0.002136,172.31.36.0-255,66,249047,12,264618
792,0.002162,74.125.24.0-255,1484,250531,12,264618
793,0.002178,172.31.36.0-255,66,250597,12,264618
794,0.002182,74.125.24.0-255,2902,253499,12,264618
795,0.002185,172.31.36.0-255,66,253565,12,264618
796,0.002224,74.125.24.0-255,163,253728,12,264618
797,0.002228,172.31.36.0-255,66,253794,12,264618
798,0.00224,74.125.24.0-255,105,253899,12,264618
799,0.00989,172.31.36.0-255,66,253965,12,264618
800,0.009934,172.31.36.0-255,105,254070,12,264618
801,0.012184,74.125.24.0-255,66,254136,12,264618
802,0.038939,172.31.36.0-255,176,254312,12,264618
803,0.038969,172.31.36.0-255,1109,255421,12,264618
804,0.039037,172.31.36.0-255,1514,256935,12,264618
805,0.039039,172.31.36.0-255,1514,258449,12,264618
806,0.039045,172.31.36.0-255,1514,259963,12,264618
807,0.039046,172.31.36.0-255,1514,261477,12,264618
808,0.039065,172.31.36.0-255,1514,262991,12,264618
809,0.039067,172.31.36.0-255,1189,264180,12,264618
810,0.040533,104.244.42.0-255,66,264246,12,264618
811,0.040544,104.244.42.0-255,66,264312,12,264618
812,0.040626,104.244.42.0-255,66,264378,12,264618
813,0.040632,104.244.42.0-255,66,264444,12,264618
814,0.050894,172.31.36.0-255,108,264552,12,264618
815,0.052433,104.244.42.0-255,66,264618,12,264618
816,0.0,74.125.24.0-255,97,97,12,229
817,0.001122,74.125.24.0-255,66,163,12,229
818,0.039168,172.31.36.0-255,66,229,12,229
819,0.0,172.31.36.0-255,66,66,12,66
820,0.0,172.217.194.0-255,147,147,12,211732
821,1.6e-05,172.31.36.0-255,66,213,12,211732
822,2.3e-05,172.217.194.0-255,1484,1697,12,211732
823,2.8e-05,172.31.36.0-255,66,1763,12,211732
824,3.4e-05,172.217.194.0-255,2902,4665,12,211732
825,3.8e-05,172.31.36.0-255,66,4731,12,211732
826,5.6e-05,172.217.194.0-255,4320,9051,12,211732
827,6e-05,172.31.36.0-255,66,9117,12,211732
828,7.1e-05,172.217.194.0-255,4840,13957,12,211732
829,7.3e-05,172.31.36.0-255,66,14023,12,211732
830,0.000113,172.217.194.0-255,1484,15507,12,211732
831,0.000116,172.31.36.0-255,66,15573,12,211732
832,0.000121,172.217.194.0-255,2902,18475,12,211732
833,0.000123,172.31.36.0-255,66,18541,12,211732
834,0.000148,172.217.194.0-255,5738,24279,12,211732
835,0.00015,172.31.36.0-255,66,24345,12,211732
836,0.000172,172.217.194.0-255,2902,27247,12,211732
837,0.000175,172.31.36.0-255,66,27313,12,211732
838,0.000197,172.217.194.0-255,3961,31274,12,211732
839,0.000199,172.31.36.0-255,66,31340,12,211732
840,0.000206,172.217.194.0-255,7156,38496,12,211732
841,0.000208,172.31.36.0-255,66,38562,12,211732
842,0.000224,172.217.194.0-255,1484,40046,12,211732
843,0.000226,172.31.36.0-255,66,40112,12,211732
844,0.00026,172.31.36.0-255,66,40178,12,211732
845,0.000276,172.217.194.0-255,4320,44498,12,211732
846,0.000278,172.31.36.0-255,66,44564,12,211732
847,0.000281,172.217.194.0-255,1484,46048,12,211732
848,0.000283,172.31.36.0-255,66,46114,12,211732
849,0.000309,172.217.194.0-255,4320,50434,12,211732
850,0.000312,172.31.36.0-255,66,50500,12,211732
851,0.000331,172.217.194.0-255,2902,53402,12,211732
852,0.000333,172.31.36.0-255,66,53468,12,211732
853,0.000356,172.217.194.0-255,4237,57705,12,211732
854,0.000358,172.31.36.0-255,66,57771,12,211732
855,0.000369,172.217.194.0-255,113,57884,12,211732
856,0.000383,172.217.194.0-255,387,58271,12,211732
857,0.000511,172.217.194.0-255,1484,59755,12,211732
858,0.000516,172.31.36.0-255,66,59821,12,211732
859,0.000522,172.217.194.0-255,2902,62723,12,211732
860,0.000525,172.31.36.0-255,66,62789,12,211732
861,0.000532,172.217.194.0-255,5738,68527,12,211732
862,0.000535,172.31.36.0-255,66,68593,12,211732
863,0.000554,172.217.194.0-255,4320,72913,12,211732
864,0.000557,172.31.36.0-255,66,72979,12,211732
865,0.000577,172.31.36.0-255,66,73045,12,211732
866,0.00059,172.31.36.0-255,66,73111,12,211732
867,0.000629,172.217.194.0-255,1484,74595,12,211732
868,0.000646,172.217.194.0-255,7156,81751,12,211732
869,0.00065,172.31.36.0-255,66,81817,12,211732
870,0.000661,172.31.36.0-255,66,81883,12,211732
871,0.000674,172.217.194.0-255,1484,83367,12,211732
872,0.000681,172.217.194.0-255,5738,89105,12,211732
873,0.000684,172.31.36.0-255,66,89171,12,211732
874,0.000718,172.31.36.0-255,66,89237,12,211732
875,0.000842,172.217.194.0-255,1484,90721,12,211732
876,0.000871,172.217.194.0-255,2902,93623,12,211732
877,0.000875,172.31.36.0-255,66,93689,12,211732
878,0.000922,172.217.194.0-255,1484,95173,12,211732
879,0.00095,172.217.194.0-255,2902,98075,12,211732
880,0.000954,172.31.36.0-255,66,98141,12,211732
881,0.000961,172.217.194.0-255,5738,103879,12,211732
882,0.000963,172.31.36.0-255,66,103945,12,211732
883,0.001007,172.31.36.0-255,66,104011,12,211732
884,0.001026,172.217.194.0-255,2902,106913,12,211732
885,0.001032,172.217.194.0-255,6438,113351,12,211732
886,0.001036,172.217.194.0-255,2902,116253,12,211732
887,0.00104,172.217.194.0-255,4320,120573,12,211732
888,0.001067,172.217.194.0-255,5738,126311,12,211732
889,0.001074,172.31.36.0-255,66,126377,12,211732
890,0.001077,172.31.36.0-255,66,126443,12,211732
891,0.001079,172.31.36.0-255,66,126509,12,211732
892,0.001082,172.31.36.0-255,66,126575,12,211732
893,0.001085,172.31.36.0-255,66,126641,12,211732
894,0.001094,172.31.36.0-255,66,126707,12,211732
895,0.001097,172.31.36.0-255,66,126773,12,211732
896,0.001111,172.31.36.0-255,66,126839,12,211732
897,0.001126,172.31.36.0-255,66,126905,12,211732
898,0.001152,172.217.194.0-255,5020,131925,12,211732
899,0.001155,172.31.36.0-255,66,131991,12,211732
900,0.00116,172.217.194.0-255,2902,134893,12,211732
901,0.001162,172.31.36.0-255,66,134959,12,211732
902,0.001178,172.217.194.0-255,2902,137861,12,211732
903,0.00118,172.31.36.0-255,66,137927,12,211732
904,0.001191,172.31.36.0-255,66,137993,12,211732
905,0.00121,172.217.194.0-255,4320,142313,12,211732
906,0.001212,172.31.36.0-255,66,142379,12,211732
907,0.001216,172.217.194.0-255,1484,143863,12,211732
908,0.001256,172.31.36.0-255,66,143929,12,211732
909,0.001289,172.31.36.0-255,66,143995,12,211732
910,0.001309,172.31.36.0-255,66,144061,12,211732
911,0.001315,172.217.194.0-255,5020,149081,12,211732
912,0.001317,172.31.36.0-255,66,149147,12,211732
913,0.001357,172.217.194.0-255,1484,150631,12,211732
914,0.001361,172.217.194.0-255,2902,153533,12,211732
915,0.001364,172.31.36.0-255,66,153599,12,211732
916,0.00137,172.217.194.0-255,4320,157919,12,211732
917,0.001372,172.31.36.0-255,66,157985,12,211732
918,0.001387,172.217.194.0-255,1484,159469,12,211732
919,0.001408,172.217.194.0-255,7156,166625,12,211732
920,0.001411,172.31.36.0-255,66,166691,12,211732
921,0.001432,172.217.194.0-255,4320,171011,12,211732
922,0.001435,172.31.36.0-255,66,171077,12,211732
923,0.001442,172.217.194.0-255,7156,178233,12,211732
924,0.001445,172.31.36.0-255,66,178299,12,211732
925,0.001466,172.217.194.0-255,5020,183319,12,211732
926,0.001469,172.31.36.0-255,66,183385,12,211732
927,0.001516,172.217.194.0-255,1484,184869,12,211732
928,0.001521,172.217.194.0-255,2902,187771,12,211732
929,0.001524,172.31.36.0-255,66,187837,12,211732
930,0.001573,172.217.194.0-255,4320,192157,12,211732
931,0.001576,172.31.36.0-255,66,192223,12,211732
932,0.001582,172.217.194.0-255,5738,197961,12,211732
933,0.001584,172.31.36.0-255,66,198027,12,211732
934,0.001598,172.31.36.0-255,66,198093,12,211732
935,0.001609,172.31.36.0-255,66,198159,12,211732
936,0.001631,172.217.194.0-255,2902,201061,12,211732
937,0.001633,172.31.36.0-255,66,201127,12,211732
938,0.001664,172.31.36.0-255,66,201193,12,211732
939,0.001676,172.31.36.0-255,66,201259,12,211732
940,0.00169,172.217.194.0-255,766,202025,12,211732
941,0.001696,172.217.194.0-255,4812,206837,12,211732
942,0.001699,172.31.36.0-255,66,206903,12,211732
943,0.001721,172.217.194.0-255,105,207008,12,211732
944,0.012068,172.31.36.0-255,66,207074,12,211732
945,0.012127,172.31.36.0-255,105,207179,12,211732
946,0.014702,172.217.194.0-255,66,207245,12,211732
947,0.033574,172.31.36.0-255,192,207437,12,211732
948,0.033609,172.31.36.0-255,952,208389,12,211732
949,0.033675,172.31.36.0-255,1514,209903,12,211732
950,0.033677,172.31.36.0-255,1457,211360,12,211732
951,0.035134,104.244.42.0-255,66,211426,12,211732
952,0.035167,104.244.42.0-255,66,211492,12,211732
953,0.03523,104.244.42.0-255,66,211558,12,211732
954,0.036238,104.244.42.0-255,108,211666,12,211732
955,0.036246,172.31.36.0-255,66,211732,12,211732
956,0.0,172.217.194.0-255,153,153,12,266739
957,1.7e-05,172.31.36.0-255,66,219,12,266739
958,2.3e-05,172.217.194.0-255,1484,1703,12,266739
959,2.8e-05,172.31.36.0-255,66,1769,12,266739
960,4.2e-05,172.217.194.0-255,2902,4671,12,266739
961,4.6e-05,172.31.36.0-255,66,4737,12,266739
962,5.4e-05,172.217.194.0-255,7156,11893,12,266739
963,5.7e-05,172.31.36.0-255,66,11959,12,266739
964,9.1e-05,172.217.194.0-255,2078,14037,12,266739
965,9.4e-05,172.31.36.0-255,66,14103,12,266739
966,0.000237,172.217.194.0-255,1484,15587,12,266739
967,0.000241,172.31.36.0-255,66,15653,12,266739
968,0.000248,172.217.194.0-255,2902,18555,12,266739
969,0.00025,172.31.36.0-255,66,18621,12,266739
970,0.00028,172.217.194.0-255,5738,24359,12,266739
971,0.000282,172.31.36.0-255,66,24425,12,266739
972,0.000285,172.217.194.0-255,1484,25909,12,266739
973,0.000287,172.31.36.0-255,66,25975,12,266739
974,0.000314,172.217.194.0-255,5379,31354,12,266739
975,0.000317,172.31.36.0-255,66,31420,12,266739
976,0.00033,172.217.194.0-255,7156,38576,12,266739
977,0.000332,172.31.36.0-255,66,38642,12,266739
978,0.000335,172.217.194.0-255,1484,40126,12,266739
979,0.000337,172.31.36.0-255,66,40192,12,266739
980,0.000368,172.217.194.0-255,5738,45930,12,266739
981,0.000371,172.31.36.0-255,66,45996,12,266739
982,0.000382,172.217.194.0-255,5738,51734,12,266739
983,0.000385,172.31.36.0-255,66,51800,12,266739
984,0.000432,172.31.36.0-255,66,51866,12,266739
985,0.000438,172.217.194.0-255,3602,55468,12,266739
986,0.00044,172.31.36.0-255,66,55534,12,266739
987,0.000495,172.217.194.0-255,338,55872,12,266739
988,0.000516,172.217.194.0-255,121,55993,12,266739
989,0.000671,172.217.194.0-255,1484,57477,12,266739
990,0.000676,172.31.36.0-255,66,57543,12,266739
991,0.000681,172.217.194.0-255,2902,60445,12,266739
992,0.000684,172.31.36.0-255,66,60511,12,266739
993,0.000688,172.217.194.0-255,2902,63413,12,266739
994,0.000696,172.31.36.0-255,66,63479,12,266739
995,0.00073,172.217.194.0-255,2902,66381,12,266739
996,0.000733,172.31.36.0-255,66,66447,12,266739
997,0.000738,172.217.194.0-255,4320,70767,12,266739
998,0.000741,172.31.36.0-255,66,70833,12,266739
999,0.000757,172.31.36.0-255,66,70899,12,266739
1000,0.000763,172.217.194.0-255,4320,75219,12,266739
1001,0.000765,172.31.36.0-255,66,75285,12,266739
1002,0.000827,172.217.194.0-255,1484,76769,12,266739
1003,0.000847,172.217.194.0-255,2499,79268,12,266739
1004,0.000851,172.31.36.0-255,66,79334,12,266739
1005,0.000857,172.217.194.0-255,4320,83654,12,266739
1006,0.000859,172.31.36.0-255,66,83720,12,266739
1007,0.000868,172.217.194.0-255,4320,88040,12,266739
1008,0.00087,172.31.36.0-255,66,88106,12,266739
1009,0.000883,172.31.36.0-255,66,88172,12,266739
1010,0.000914,172.217.194.0-255,5738,93910,12,266739
1011,0.000917,172.31.36.0-255,66,93976,12,266739
1012,0.000949,172.31.36.0-255,66,94042,12,266739
1013,0.001011,172.217.194.0-255,1484,95526,12,266739
1014,0.001016,172.217.194.0-255,2902,98428,12,266739
1015,0.001019,172.31.36.0-255,66,98494,12,266739
1016,0.001048,172.217.194.0-255,5738,104232,12,266739
1017,0.001051,172.31.36.0-255,66,104298,12,266739
1018,0.001057,172.217.194.0-255,4320,108618,12,266739
1019,0.001059,172.31.36.0-255,66,108684,12,266739
1020,0.001084,172.217.194.0-255,5738,114422,12,266739
1021,0.001086,172.31.36.0-255,66,114488,12,266739
1022,0.001103,172.31.36.0-255,66,114554,12,266739
1023,0.001107,172.217.194.0-255,2184,116738,12,266739
1024,0.00111,172.31.36.0-255,66,116804,12,266739
1025,0.001147,172.217.194.0-255,2902,119706,12,266739
1026,0.00115,172.31.36.0-255,66,119772,12,266739
1027,0.001158,172.217.194.0-255,7156,126928,12,266739
1028,0.00116,172.31.36.0-255,66,126994,12,266739
1029,0.001177,172.31.36.0-255,66,127060,12,266739
1030,0.00125,172.31.36.0-255,66,127126,12,266739
1031,0.0016,172.217.194.0-255,1484,128610,12,266739
1032,0.001609,172.217.194.0-255,2902,131512,12,266739
1033,0.001613,172.31.36.0-255,66,131578,12,266739
1034,0.001619,172.217.194.0-255,2902,134480,12,266739
1035,0.001622,172.31.36.0-255,66,134546,12,266739
1036,0.001654,172.217.194.0-255,2902,137448,12,266739
1037,0.001658,172.31.36.0-255,66,137514,12,266739
1038,0.00167,172.31.36.0-255,66,137580,12,266739
1039,0.001677,172.217.194.0-255,1484,139064,12,266739
1040,0.001717,172.31.36.0-255,66,139130,12,266739
1041,0.004264,172.217.194.0-255,5738,144868,12,266739
1042,0.004273,172.31.36.0-255,66,144934,12,266739
1043,0.006844,172.217.194.0-255,5738,150672,12,266739
1044,0.006851,172.31.36.0-255,66,150738,12,266739
1045,0.009388,172.217.194.0-255,5738,156476,12,266739
1046,0.009397,172.31.36.0-255,66,156542,12,266739
1047,0.011945,172.217.194.0-255,5738,162280,12,266739
1048,0.011954,172.31.36.0-255,66,162346,12,266739
1049,0.014539,172.217.194.0-255,5738,168084,12,266739
1050,0.014548,172.31.36.0-255,66,168150,12,266739
1051,0.0171,172.217.194.0-255,5738,173888,12,266739
1052,0.017108,172.31.36.0-255,66,173954,12,266739
1053,0.019705,172.217.194.0-255,5738,179692,12,266739
1054,0.019716,172.31.36.0-255,66,179758,12,266739
1055,0.022279,172.217.194.0-255,5738,185496,12,266739
1056,0.022287,172.31.36.0-255,66,185562,12,266739
1057,0.024837,172.217.194.0-255,5738,191300,12,266739
1058,0.024849,172.31.36.0-255,66,191366,12,266739
1059,0.027404,172.217.194.0-255,5738,197104,12,266739
1060,0.027412,172.31.36.0-255,66,197170,12,266739
1061,0.029961,172.217.194.0-255,5738,202908,12,266739
1062,0.029969,172.31.36.0-255,66,202974,12,266739
1063,0.032524,172.217.194.0-255,5738,208712,12,266739
1064,0.032533,172.31.36.0-255,66,208778,12,266739
1065,0.035074,172.217.194.0-255,5738,214516,12,266739
1066,0.035083,172.31.36.0-255,66,214582,12,266739
1067,0.035957,172.31.36.0-255,172,214754,12,266739
1068,0.035988,172.31.36.0-255,1108,215862,12,266739
1069,0.036053,172.31.36.0-255,577,216439,12,266739
1070,0.037501,104.244.42.0-255,66,216505,12,266739
1071,0.037628,172.217.194.0-255,2902,219407,12,266739
1072,0.037634,172.31.36.0-255,66,219473,12,266739
1073,0.03771,172.217.194.0-255,2902,222375,12,266739
1074,0.037714,172.31.36.0-255,66,222441,12,266739
1075,0.037718,104.244.42.0-255,66,222507,12,266739
1076,0.037723,104.244.42.0-255,66,222573,12,266739
1077,0.038236,104.244.42.0-255,108,222681,12,266739
1078,0.038241,172.31.36.0-255,66,222747,12,266739
1079,0.040205,172.217.194.0-255,2902,225649,12,266739
1080,0.04021,172.31.36.0-255,66,225715,12,266739
1081,0.040286,172.217.194.0-255,2902,228617,12,266739
1082,0.040291,172.31.36.0-255,66,228683,12,266739
1083,0.04274,172.217.194.0-255,2902,231585,12,266739
1084,0.042774,172.31.36.0-255,66,231651,12,266739
1085,0.042835,172.217.194.0-255,2902,234553,12,266739
1086,0.042841,172.31.36.0-255,66,234619,12,266739
1087,0.045367,172.217.194.0-255,4320,238939,12,266739
1088,0.045372,172.31.36.0-255,66,239005,12,266739
1089,0.045408,172.217.194.0-255,1484,240489,12,266739
1090,0.047917,172.217.194.0-255,4320,244809,12,266739
1091,0.047922,172.31.36.0-255,66,244875,12,266739
1092,0.050529,172.217.194.0-255,4320,249195,12,266739
1093,0.050536,172.31.36.0-255,66,249261,12,266739
1094,0.050573,172.217.194.0-255,1484,250745,12,266739
1095,0.053081,172.217.194.0-255,4320,255065,12,266739
1096,0.053087,172.31.36.0-255,66,255131,12,266739
1097,0.055678,172.217.194.0-255,5738,260869,12,266739
1098,0.055683,172.31.36.0-255,66,260935,12,266739
1099,0.058284,172.217.194.0-255,5738,266673,12,266739
1100,0.058289,172.31.36.0-255,66,266739,12,266739
1101,0.0,172.217.160.0-255,153,153,12,243993
1102,2.9e-05,172.31.36.0-255,66,219,12,243993
1103,3.6e-05,172.217.160.0-255,1484,1703,12,243993
1104,4.1e-05,172.31.36.0-255,66,1769,12,243993
1105,5.5e-05,172.217.160.0-255,2902,4671,12,243993
1106,5.8e-05,172.31.36.0-255,66,4737,12,243993
1107,6.3e-05,172.217.160.0-255,2902,7639,12,243993
1108,6.6e-05,172.31.36.0-255,66,7705,12,243993
1109,7.8e-05,172.31.36.0-255,66,7771,12,243993
1110,9.4e-05,172.31.36.0-255,66,7837,12,243993
1111,0.000152,172.217.160.0-255,1484,9321,12,243993
1112,0.00016,172.31.36.0-255,66,9387,12,243993
1113,0.000165,172.217.160.0-255,2902,12289,12,243993
1114,0.000168,172.31.36.0-255,66,12355,12,243993
1115,0.000174,172.217.160.0-255,5738,18093,12,243993
1116,0.000176,172.31.36.0-255,66,18159,12,243993
1117,0.00019,172.31.36.0-255,66,18225,12,243993
1118,0.000202,172.31.36.0-255,66,18291,12,243993
1119,0.000205,172.217.160.0-255,1073,19364,12,243993
1120,0.000208,172.31.36.0-255,66,19430,12,243993
1121,0.000817,172.217.160.0-255,103,19533,12,243993
1122,0.000823,172.31.36.0-255,66,19599,12,243993
1123,0.001046,172.217.160.0-255,1484,21083,12,243993
1124,0.001051,172.31.36.0-255,66,21149,12,243993
1125,0.001057,172.217.160.0-255,2902,24051,12,243993
1126,0.001059,172.31.36.0-255,66,24117,12,243993
1127,0.00107,172.217.160.0-255,2902,27019,12,243993
1128,0.001072,172.31.36.0-255,66,27085,12,243993
1129,0.001111,172.217.160.0-255,2902,29987,12,243993
1130,0.001122,172.217.160.0-255,1484,31471,12,243993
1131,0.001126,172.31.36.0-255,66,31537,12,243993
1132,0.00113,172.31.36.0-255,66,31603,12,243993
1133,0.001157,172.31.36.0-255,66,31669,12,243993
1134,0.002793,172.217.160.0-255,5738,37407,12,243993
1135,0.002801,172.31.36.0-255,66,37473,12,243993
1136,0.004427,172.217.160.0-255,5738,43211,12,243993
1137,0.004431,172.31.36.0-255,66,43277,12,243993
1138,0.00605,172.217.160.0-255,5738,49015,12,243993
1139,0.006054,172.31.36.0-255,66,49081,12,243993
1140,0.00769,172.217.160.0-255,5738,54819,12,243993
1141,0.007698,172.31.36.0-255,66,54885,12,243993
1142,0.009344,172.217.160.0-255,5738,60623,12,243993
1143,0.009355,172.31.36.0-255,66,60689,12,243993
1144,0.011,172.217.160.0-255,5738,66427,12,243993
1145,0.011016,172.31.36.0-255,66,66493,12,243993
1146,0.012666,172.217.160.0-255,5738,72231,12,243993
1147,0.012681,172.31.36.0-255,66,72297,12,243993
1148,0.014338,172.217.160.0-255,5738,78035,12,243993
1149,0.014351,172.31.36.0-255,66,78101,12,243993
1150,0.015997,172.217.160.0-255,5738,83839,12,243993
1151,0.016011,172.31.36.0-255,66,83905,12,243993
1152,0.017655,172.217.160.0-255,5738,89643,12,243993
1153,0.017669,172.31.36.0-255,66,89709,12,243993
1154,0.019308,172.217.160.0-255,5738,95447,12,243993
1155,0.01932,172.31.36.0-255,66,95513,12,243993
1156,0.020962,172.217.160.0-255,5738,101251,12,243993
1157,0.02097,172.31.36.0-255,66,101317,12,243993
1158,0.022611,172.217.160.0-255,5738,107055,12,243993
1159,0.022622,172.31.36.0-255,66,107121,12,243993
1160,0.02425,172.217.160.0-255,5738,112859,12,243993
1161,0.024258,172.31.36.0-255,66,112925,12,243993
1162,0.025891,172.217.160.0-255,5738,118663,12,243993
1163,0.025898,172.31.36.0-255,66,118729,12,243993
1164,0.027536,172.217.160.0-255,5738,124467,12,243993
1165,0.027543,172.31.36.0-255,66,124533,12,243993
1166,0.029181,172.217.160.0-255,5738,130271,12,243993
1167,0.029188,172.31.36.0-255,66,130337,12,243993
1168,0.030823,172.217.160.0-255,5738,136075,12,243993
1169,0.030829,172.31.36.0-255,66,136141,12,243993
1170,0.032466,172.217.160.0-255,5738,141879,12,243993
1171,0.032474,172.31.36.0-255,66,141945,12,243993
1172,0.034145,172.217.160.0-255,5738,147683,12,243993
1173,0.034153,172.31.36.0-255,66,147749,12,243993
1174,0.035782,172.217.160.0-255,5738,153487,12,243993
1175,0.03579,172.31.36.0-255,66,153553,12,243993
1176,0.037413,172.217.160.0-255,5738,159291,12,243993
1177,0.037419,172.31.36.0-255,66,159357,12,243993
1178,0.037769,172.31.36.0-255,172,159529,12,243993
1179,0.0378,172.31.36.0-255,1109,160638,12,243993
1180,0.037869,172.31.36.0-255,1514,162152,12,243993
1181,0.037871,172.31.36.0-255,1514,163666,12,243993
1182,0.037876,172.31.36.0-255,1514,165180,12,243993
1183,0.037877,172.31.36.0-255,1514,166694,12,243993
1184,0.037897,172.31.36.0-255,1514,168208,12,243993
1185,0.037898,172.31.36.0-255,69,168277,12,243993
1186,0.039053,172.217.160.0-255,5738,174015,12,243993
1187,0.03906,172.31.36.0-255,66,174081,12,243993
1188,0.039345,104.244.42.0-255,66,174147,12,243993
1189,0.039371,104.244.42.0-255,66,174213,12,243993
1190,0.039502,104.244.42.0-255,66,174279,12,243993
1191,0.039509,104.244.42.0-255,66,174345,12,243993
1192,0.040704,172.217.160.0-255,5738,180083,12,243993
1193,0.040711,172.31.36.0-255,66,180149,12,243993
1194,0.042353,172.217.160.0-255,5738,185887,12,243993
1195,0.042362,172.31.36.0-255,66,185953,12,243993
1196,0.044034,172.217.160.0-255,5738,191691,12,243993
1197,0.04404,172.31.36.0-255,66,191757,12,243993
1198,0.045678,172.217.160.0-255,5738,197495,12,243993
1199,0.045685,172.31.36.0-255,66,197561,12,243993
1200,0.047316,172.217.160.0-255,5738,203299,12,243993
1201,0.047323,172.31.36.0-255,66,203365,12,243993
1202,0.048959,172.217.160.0-255,5738,209103,12,243993
1203,0.048965,172.31.36.0-255,66,209169,12,243993
1204,0.050606,172.217.160.0-255,5738,214907,12,243993
1205,0.050613,172.31.36.0-255,66,214973,12,243993
1206,0.052284,172.217.160.0-255,5738,220711,12,243993
1207,0.052291,172.31.36.0-255,66,220777,12,243993
1208,0.053934,172.217.160.0-255,5738,226515,12,243993
1209,0.05394,172.31.36.0-255,66,226581,12,243993
1210,0.055577,172.217.160.0-255,5738,232319,12,243993
1211,0.055582,172.31.36.0-255,66,232385,12,243993
1212,0.057215,172.217.160.0-255,5738,238123,12,243993
1213,0.057221,172.31.36.0-255,66,238189,12,243993
1214,0.058861,172.217.160.0-255,5738,243927,12,243993
1215,0.058868,172.31.36.0-255,66,243993,12,243993
1216,0.0,172.217.194.0-255,300,300,12,230952
1217,2.6e-05,172.31.36.0-255,66,366,12,230952
1218,3.3e-05,172.217.194.0-255,1484,1850,12,230952
1219,3.7e-05,172.31.36.0-255,66,1916,12,230952
1220,4.3e-05,172.217.194.0-255,4320,6236,12,230952
1221,5.3e-05,172.31.36.0-255,66,6302,12,230952
1222,9e-05,172.31.36.0-255,66,6368,12,230952
1223,0.000166,172.217.194.0-255,1484,7852,12,230952
1224,0.00017,172.31.36.0-255,66,7918,12,230952
1225,0.000203,172.217.194.0-255,2902,10820,12,230952
1226,0.000206,172.31.36.0-255,66,10886,12,230952
1227,0.000213,172.217.194.0-255,5738,16624,12,230952
1228,0.000216,172.31.36.0-255,66,16690,12,230952
1229,0.00022,172.217.194.0-255,2902,19592,12,230952
1230,0.000223,172.31.36.0-255,66,19658,12,230952
1231,0.00026,172.217.194.0-255,3961,23619,12,230952
1232,0.000264,172.31.36.0-255,66,23685,12,230952
1233,0.000271,172.217.194.0-255,7156,30841,12,230952
1234,0.000274,172.31.36.0-255,66,30907,12,230952
1235,0.00029,172.31.36.0-255,66,30973,12,230952
1236,0.000336,172.217.194.0-255,7156,38129,12,230952
1237,0.000341,172.31.36.0-255,66,38195,12,230952
1238,0.000351,172.217.194.0-255,3926,42121,12,230952
1239,0.000361,172.31.36.0-255,66,42187,12,230952
1240,0.000558,172.217.194.0-255,384,42571,12,230952
1241,0.000564,172.31.36.0-255,66,42637,12,230952
1242,0.000763,172.217.194.0-255,1484,44121,12,230952
1243,0.000769,172.31.36.0-255,66,44187,12,230952
1244,0.000797,172.217.194.0-255,2902,47089,12,230952
1245,0.0008,172.31.36.0-255,66,47155,12,230952
1246,0.000807,172.217.194.0-255,5738,52893,12,230952
1247,0.000809,172.31.36.0-255,66,52959,12,230952
1248,0.000835,172.217.194.0-255,7156,60115,12,230952
1249,0.000839,172.31.36.0-255,66,60181,12,230952
1250,0.000854,172.217.194.0-255,5738,65919,12,230952
1251,0.000857,172.31.36.0-255,66,65985,12,230952
1252,0.00087,172.217.194.0-255,7156,73141,12,230952
1253,0.000872,172.31.36.0-255,66,73207,12,230952
1254,0.000905,172.217.194.0-255,1484,74691,12,230952
1255,0.000911,172.217.194.0-255,2184,76875,12,230952
1256,0.000914,172.31.36.0-255,66,76941,12,230952
1257,0.001012,172.217.194.0-255,1484,78425,12,230952
1258,0.001019,172.217.194.0-255,2902,81327,12,230952
1259,0.001022,172.31.36.0-255,66,81393,12,230952
1260,0.001026,172.217.194.0-255,1484,82877,12,230952
1261,0.001055,172.217.194.0-255,4320,87197,12,230952
1262,0.001058,172.31.36.0-255,66,87263,12,230952
1263,0.001065,172.217.194.0-255,7156,94419,12,230952
1264,0.001071,172.31.36.0-255,66,94485,12,230952
1265,0.00109,172.217.194.0-255,2902,97387,12,230952
1266,0.001093,172.31.36.0-255,66,97453,12,230952
1267,0.001127,172.31.36.0-255,66,97519,12,230952
1268,0.00116,172.217.194.0-255,2184,99703,12,230952
1269,0.001164,172.31.36.0-255,66,99769,12,230952
1270,0.001366,172.217.194.0-255,1484,101253,12,230952
1271,0.001374,172.217.194.0-255,2902,104155,12,230952
1272,0.001382,172.31.36.0-255,66,104221,12,230952
1273,0.001389,172.217.194.0-255,5738,109959,12,230952
1274,0.001391,172.31.36.0-255,66,110025,12,230952
1275,0.001404,172.217.194.0-255,7156,117181,12,230952
1276,0.001407,172.31.36.0-255,66,117247,12,230952
1277,0.001426,172.217.194.0-255,2902,120149,12,230952
1278,0.001429,172.31.36.0-255,66,120215,12,230952
1279,0.001456,172.217.194.0-255,4320,124535,12,230952
1280,0.001459,172.31.36.0-255,66,124601,12,230952
1281,0.001503,172.31.36.0-255,66,124667,12,230952
1282,0.001572,172.217.194.0-255,1484,126151,12,230952
1283,0.001578,172.217.194.0-255,2902,129053,12,230952
1284,0.001582,172.31.36.0-255,66,129119,12,230952
1285,0.001586,172.217.194.0-255,1484,130603,12,230952
1286,0.001616,172.217.194.0-255,4320,134923,12,230952
1287,0.001619,172.31.36.0-255,66,134989,12,230952
1288,0.001661,172.217.194.0-255,5738,140727,12,230952
1289,0.001665,172.31.36.0-255,66,140793,12,230952
1290,0.001697,172.217.194.0-255,7156,147949,12,230952
1291,0.001701,172.31.36.0-255,66,148015,12,230952
1292,0.001714,172.31.36.0-255,66,148081,12,230952
1293,0.001746,172.217.194.0-255,1484,149565,12,230952
1294,0.00176,172.217.194.0-255,2902,152467,12,230952
1295,0.001764,172.31.36.0-255,66,152533,12,230952
1296,0.001768,172.217.194.0-255,1484,154017,12,230952
1297,0.001791,172.217.194.0-255,4320,158337,12,230952
1298,0.001795,172.31.36.0-255,66,158403,12,230952
1299,0.0018,172.217.194.0-255,2902,161305,12,230952
1300,0.001802,172.31.36.0-255,66,161371,12,230952
1301,0.00185,172.31.36.0-255,66,161437,12,230952
1302,0.001861,172.31.36.0-255,66,161503,12,230952
1303,0.00189,172.217.194.0-255,2184,163687,12,230952
1304,0.001893,172.31.36.0-255,66,163753,12,230952
1305,0.001925,172.217.194.0-255,1484,165237,12,230952
1306,0.001949,172.217.194.0-255,2902,168139,12,230952
1307,0.001954,172.31.36.0-255,66,168205,12,230952
1308,0.001959,172.217.194.0-255,4320,172525,12,230952
1309,0.001963,172.31.36.0-255,66,172591,12,230952
1310,0.001981,172.217.194.0-255,1484,174075,12,230952
1311,0.002006,172.31.36.0-255,66,174141,12,230952
1312,0.002027,172.217.194.0-255,4320,178461,12,230952
1313,0.002031,172.31.36.0-255,66,178527,12,230952
1314,0.002045,172.31.36.0-255,66,178593,12,230952
1315,0.002046,172.217.194.0-255,4320,182913,12,230952
1316,0.002049,172.31.36.0-255,66,182979,12,230952
1317,0.002098,172.31.36.0-255,66,183045,12,230952
1318,0.002117,172.31.36.0-255,66,183111,12,230952
1319,0.002119,172.217.194.0-255,1484,184595,12,230952
1320,0.002124,172.217.194.0-255,2902,187497,12,230952
1321,0.002126,172.31.36.0-255,66,187563,12,230952
1322,0.002129,172.217.194.0-255,1484,189047,12,230952
1323,0.002166,172.217.194.0-255,4320,193367,12,230952
1324,0.002171,172.31.36.0-255,66,193433,12,230952
1325,0.002183,172.31.36.0-255,66,193499,12,230952
1326,0.002214,172.217.194.0-255,5738,199237,12,230952
1327,0.002219,172.31.36.0-255,66,199303,12,230952
1328,0.002254,172.217.194.0-255,6438,205741,12,230952
1329,0.002259,172.31.36.0-255,66,205807,12,230952
1330,0.002261,172.217.194.0-255,7156,212963,12,230952
1331,0.002263,172.31.36.0-255,66,213029,12,230952
1332,0.002297,172.217.194.0-255,5738,218767,12,230952
1333,0.0023,172.31.36.0-255,66,218833,12,230952
1334,0.002316,172.31.36.0-255,66,218899,12,230952
1335,0.002356,172.217.194.0-255,7156,226055,12,230952
1336,0.002359,172.31.36.0-255,66,226121,12,230952
1337,0.002406,172.31.36.0-255,66,226187,12,230952
1338,0.002421,172.31.36.0-255,66,226253,12,230952
1339,0.002436,172.31.36.0-255,66,226319,12,230952
1340,0.00244,172.217.194.0-255,105,226424,12,230952
1341,0.004978,172.31.36.0-255,66,226490,12,230952
1342,0.005006,172.31.36.0-255,105,226595,12,230952
1343,0.007589,172.217.194.0-255,66,226661,12,230952
1344,0.025594,172.31.36.0-255,172,226833,12,230952
1345,0.025666,172.31.36.0-255,1108,227941,12,230952
1346,0.025696,172.31.36.0-255,1514,229455,12,230952
1347,0.025698,172.31.36.0-255,1299,230754,12,230952
1348,0.027126,104.244.42.0-255,66,230820,12,230952
1349,0.027219,104.244.42.0-255,66,230886,12,230952
1350,0.027263,104.244.42.0-255,66,230952,12,230952
1351,0.0,172.31.36.0-255,66,66,12,66
1352,0.0,172.217.194.0-255,167,167,12,151540
1353,2.1e-05,172.31.36.0-255,66,233,12,151540
1354,2.9e-05,172.217.194.0-255,1484,1717,12,151540
1355,3.3e-05,172.31.36.0-255,66,1783,12,151540
1356,3.9e-05,172.217.194.0-255,2902,4685,12,151540
1357,5e-05,172.31.36.0-255,66,4751,12,151540
1358,5.9e-05,172.217.194.0-255,7156,11907,12,151540
1359,6.2e-05,172.31.36.0-255,66,11973,12,151540
1360,7e-05,172.217.194.0-255,6280,18253,12,151540
1361,7.3e-05,172.31.36.0-255,66,18319,12,151540
1362,8e-05,172.217.194.0-255,7156,25475,12,151540
1363,8.3e-05,172.31.36.0-255,66,25541,12,151540
1364,0.000117,172.217.194.0-255,5379,30920,12,151540
1365,0.00012,172.31.36.0-255,66,30986,12,151540
1366,0.00016,172.217.194.0-255,2902,33888,12,151540
1367,0.000163,172.31.36.0-255,66,33954,12,151540
1368,0.000194,172.217.194.0-255,4320,38274,12,151540
1369,0.000197,172.31.36.0-255,66,38340,12,151540
1370,0.0002,172.217.194.0-255,1484,39824,12,151540
1371,0.000202,172.31.36.0-255,66,39890,12,151540
1372,0.00023,172.217.194.0-255,7156,47046,12,151540
1373,0.000232,172.31.36.0-255,66,47112,12,151540
1374,0.00024,172.217.194.0-255,5738,52850,12,151540
1375,0.000242,172.31.36.0-255,66,52916,12,151540
1376,0.000281,172.31.36.0-255,66,52982,12,151540
1377,0.000305,172.217.194.0-255,1079,54061,12,151540
1378,0.000308,172.31.36.0-255,66,54127,12,151540
1379,0.000311,172.217.194.0-255,98,54225,12,151540
1380,0.000312,172.31.36.0-255,66,54291,12,151540
1381,0.000316,172.217.194.0-255,1484,55775,12,151540
1382,0.000318,172.31.36.0-255,66,55841,12,151540
1383,0.000341,172.217.194.0-255,2902,58743,12,151540
1384,0.000356,172.31.36.0-255,66,58809,12,151540
1385,0.000364,172.217.194.0-255,7156,65965,12,151540
1386,0.000367,172.31.36.0-255,66,66031,12,151540
1387,0.00037,172.217.194.0-255,1484,67515,12,151540
1388,0.000413,172.31.36.0-255,66,67581,12,151540
1389,0.000418,172.217.194.0-255,2902,70483,12,151540
1390,0.00042,172.31.36.0-255,66,70549,12,151540
1391,0.00045,172.31.36.0-255,66,70615,12,151540
1392,0.000499,172.217.194.0-255,1484,72099,12,151540
1393,0.000505,172.217.194.0-255,2902,75001,12,151540
1394,0.000507,172.31.36.0-255,66,75067,12,151540
1395,0.000514,172.217.194.0-255,5738,80805,12,151540
1396,0.000517,172.31.36.0-255,66,80871,12,151540
1397,0.000545,172.217.194.0-255,1484,82355,12,151540
1398,0.000577,172.31.36.0-255,66,82421,12,151540
1399,0.000597,172.31.36.0-255,66,82487,12,151540
1400,0.000674,172.31.36.0-255,66,82553,12,151540
1401,0.000685,172.31.36.0-255,66,82619,12,151540
1402,0.00076,172.217.194.0-255,1484,84103,12,151540
1403,0.00078,172.217.194.0-255,2902,87005,12,151540
1404,0.000787,172.217.194.0-255,5738,92743,12,151540
1405,0.00081,172.217.194.0-255,4320,97063,12,151540
1406,0.000873,172.217.194.0-255,766,97829,12,151540
1407,0.000951,172.217.194.0-255,1484,99313,12,151540
1408,0.000968,172.217.194.0-255,2902,102215,12,151540
1409,0.000975,172.217.194.0-255,5738,107953,12,151540
1410,0.000981,172.217.194.0-255,5738,113691,12,151540
1411,0.000999,172.217.194.0-255,1484,115175,12,151540
1412,0.001038,172.217.194.0-255,4320,119495,12,151540
1413,0.001048,172.217.194.0-255,766,120261,12,151540
1414,0.001172,172.217.194.0-255,1484,121745,12,151540
1415,0.00119,172.217.194.0-255,2902,124647,12,151540
1416,0.001211,172.217.194.0-255,5738,130385,12,151540
1417,0.001229,172.217.194.0-255,1484,131869,12,151540
1418,0.001266,172.31.36.0-255,66,131935,12,151540
1419,0.00127,172.217.194.0-255,1484,133419,12,151540
1420,0.001344,172.31.36.0-255,66,133485,12,151540
1421,0.001396,172.31.36.0-255,66,133551,12,151540
1422,0.001428,172.217.194.0-255,2184,135735,12,151540
1423,0.001559,172.31.36.0-255,66,135801,12,151540
1424,0.00159,172.217.194.0-255,5020,140821,12,151540
1425,0.001598,172.217.194.0-255,6522,147343,12,151540
1426,0.001612,172.31.36.0-255,66,147409,12,151540
1427,0.00164,172.217.194.0-255,105,147514,12,151540
1428,0.011385,172.31.36.0-255,66,147580,12,151540
1429,0.011432,172.31.36.0-255,105,147685,12,151540
1430,0.013704,172.217.194.0-255,66,147751,12,151540
1431,0.036117,172.31.36.0-255,74,147825,12,151540
1432,0.037665,104.244.42.0-255,74,147899,12,151540
1433,0.037684,172.31.36.0-255,66,147965,12,151540
1434,0.039452,172.31.36.0-255,608,148573,12,151540
1435,0.04102,104.244.42.0-255,66,148639,12,151540
1436,0.041149,104.244.42.0-255,212,148851,12,151540
1437,0.041156,172.31.36.0-255,66,148917,12,151540
1438,0.041405,172.31.36.0-255,117,149034,12,151540
1439,0.042758,172.31.36.0-255,243,149277,12,151540
1440,0.042789,172.31.36.0-255,836,150113,12,151540
1441,0.04281,172.31.36.0-255,1043,151156,12,151540
1442,0.043087,104.244.42.0-255,110,151266,12,151540
1443,0.043485,172.31.36.0-255,104,151370,12,151540
1444,0.044324,104.244.42.0-255,66,151436,12,151540
1445,0.044431,104.244.42.0-255,104,151540,12,151540
1446,0.0,172.217.194.0-255,153,153,12,158152
1447,2.3e-05,172.31.36.0-255,66,219,12,158152
1448,3e-05,172.217.194.0-255,1484,1703,12,158152
1449,3.5e-05,172.31.36.0-255,66,1769,12,158152
1450,5.1e-05,172.217.194.0-255,2902,4671,12,158152
1451,5.4e-05,172.31.36.0-255,66,4737,12,158152
1452,6.2e-05,172.217.194.0-255,7156,11893,12,158152
1453,6.6e-05,172.31.36.0-255,66,11959,12,158152
1454,7e-05,172.217.194.0-255,2112,14071,12,158152
1455,7.3e-05,172.31.36.0-255,66,14137,12,158152
1456,0.000147,172.217.194.0-255,1484,15621,12,158152
1457,0.000151,172.31.36.0-255,66,15687,12,158152
1458,0.000156,172.217.194.0-255,2902,18589,12,158152
1459,0.000158,172.31.36.0-255,66,18655,12,158152
1460,0.000185,172.217.194.0-255,5738,24393,12,158152
1461,0.000192,172.31.36.0-255,66,24459,12,158152
1462,0.000198,172.217.194.0-255,4320,28779,12,158152
1463,0.000201,172.31.36.0-255,66,28845,12,158152
1464,0.000233,172.217.194.0-255,2543,31388,12,158152
1465,0.000235,172.31.36.0-255,66,31454,12,158152
1466,0.000243,172.217.194.0-255,7156,38610,12,158152
1467,0.000245,172.31.36.0-255,66,38676,12,158152
1468,0.000258,172.217.194.0-255,7156,45832,12,158152
1469,0.000274,172.31.36.0-255,66,45898,12,158152
1470,0.000287,172.31.36.0-255,66,45964,12,158152
1471,0.000324,172.217.194.0-255,7156,53120,12,158152
1472,0.000327,172.31.36.0-255,66,53186,12,158152
1473,0.000333,172.217.194.0-255,3602,56788,12,158152
1474,0.000335,172.31.36.0-255,66,56854,12,158152
1475,0.000338,172.217.194.0-255,379,57233,12,158152
1476,0.000339,172.31.36.0-255,66,57299,12,158152
1477,0.000755,172.217.194.0-255,365,57664,12,158152
1478,0.000858,172.217.194.0-255,1484,59148,12,158152
1479,0.000862,172.31.36.0-255,66,59214,12,158152
1480,0.000868,172.217.194.0-255,2902,62116,12,158152
1481,0.000871,172.31.36.0-255,66,62182,12,158152
1482,0.000908,172.217.194.0-255,5738,67920,12,158152
1483,0.000911,172.31.36.0-255,66,67986,12,158152
1484,0.00093,172.31.36.0-255,66,68052,12,158152
1485,0.000957,172.217.194.0-255,5738,73790,12,158152
1486,0.00096,172.31.36.0-255,66,73856,12,158152
1487,0.000979,172.217.194.0-255,5020,78876,12,158152
1488,0.000982,172.31.36.0-255,66,78942,12,158152
1489,0.001253,172.217.194.0-255,1484,80426,12,158152
1490,0.00126,172.217.194.0-255,2902,83328,12,158152
1491,0.001263,172.31.36.0-255,66,83394,12,158152
1492,0.00127,172.217.194.0-255,4320,87714,12,158152
1493,0.001272,172.31.36.0-255,66,87780,12,158152
1494,0.001301,172.217.194.0-255,1484,89264,12,158152
1495,0.001316,172.31.36.0-255,66,89330,12,158152
1496,0.001328,172.31.36.0-255,66,89396,12,158152
1497,0.001356,172.217.194.0-255,766,90162,12,158152
1498,0.001673,172.217.194.0-255,1484,91646,12,158152
1499,0.001678,172.31.36.0-255,66,91712,12,158152
1500,0.001683,172.217.194.0-255,2902,94614,12,158152
1501,0.001685,172.31.36.0-255,66,94680,12,158152
1502,0.001692,172.217.194.0-255,5738,100418,12,158152
1503,0.001698,172.31.36.0-255,66,100484,12,158152
1504,0.001737,172.31.36.0-255,66,100550,12,158152
1505,0.001741,172.217.194.0-255,1484,102034,12,158152
1506,0.001794,172.31.36.0-255,66,102100,12,158152
1507,0.001845,172.31.36.0-255,66,102166,12,158152
1508,0.001869,172.217.194.0-255,1484,103650,12,158152
1509,0.001884,172.31.36.0-255,66,103716,12,158152
1510,0.001896,172.31.36.0-255,66,103782,12,158152
1511,0.001974,172.217.194.0-255,1484,105266,12,158152
1512,0.001978,172.217.194.0-255,1484,106750,12,158152
1513,0.001981,172.31.36.0-255,66,106816,12,158152
1514,0.002005,172.217.194.0-255,1484,108300,12,158152
1515,0.002011,172.217.194.0-255,5738,114038,12,158152
1516,0.002013,172.217.194.0-255,1484,115522,12,158152
1517,0.002018,172.31.36.0-255,66,115588,12,158152
1518,0.002052,172.31.36.0-255,66,115654,12,158152
1519,0.002057,172.217.194.0-255,4320,119974,12,158152
1520,0.00206,172.31.36.0-255,66,120040,12,158152
1521,0.002066,172.217.194.0-255,5738,125778,12,158152
1522,0.002069,172.31.36.0-255,66,125844,12,158152
1523,0.002072,172.217.194.0-255,766,126610,12,158152
1524,0.002144,172.217.194.0-255,1484,128094,12,158152
1525,0.002148,172.31.36.0-255,66,128160,12,158152
1526,0.002154,172.217.194.0-255,2902,131062,12,158152
1527,0.002156,172.31.36.0-255,66,131128,12,158152
1528,0.002196,172.217.194.0-255,5738,136866,12,158152
1529,0.002214,172.31.36.0-255,66,136932,12,158152
1530,0.002244,172.217.194.0-255,7156,144088,12,158152
1531,0.002351,172.217.194.0-255,5738,149826,12,158152
1532,0.002406,172.217.194.0-255,2184,152010,12,158152
1533,0.002539,172.217.194.0-255,1484,153494,12,158152
1534,0.002589,172.217.194.0-255,105,153599,12,158152
1535,0.00796,172.31.36.0-255,66,153665,12,158152
1536,0.007966,172.31.36.0-255,66,153731,12,158152
1537,0.007969,172.31.36.0-255,66,153797,12,158152
1538,0.007972,172.31.36.0-255,66,153863,12,158152
1539,0.007984,172.31.36.0-255,66,153929,12,158152
1540,0.007987,172.31.36.0-255,66,153995,12,158152
1541,0.00799,172.31.36.0-255,66,154061,12,158152
1542,0.007993,172.31.36.0-255,66,154127,12,158152
1543,0.007996,172.31.36.0-255,66,154193,12,158152
1544,0.008,172.31.36.0-255,66,154259,12,158152
1545,0.008003,172.31.36.0-255,66,154325,12,158152
1546,0.008007,172.31.36.0-255,66,154391,12,158152
1547,0.00801,172.31.36.0-255,66,154457,12,158152
1548,0.008013,172.31.36.0-255,66,154523,12,158152
1549,0.008017,172.31.36.0-255,66,154589,12,158152
1550,0.010265,172.31.36.0-255,66,154655,12,158152
1551,0.010304,172.31.36.0-255,105,154760,12,158152
1552,0.012903,172.217.194.0-255,66,154826,12,158152
1553,0.02942,172.31.36.0-255,172,154998,12,158152
1554,0.029475,172.31.36.0-255,1108,156106,12,158152
1555,0.029551,172.31.36.0-255,1514,157620,12,158152
1556,0.029553,172.31.36.0-255,334,157954,12,158152
1557,0.030947,104.244.42.0-255,66,158020,12,158152
1558,0.031033,104.244.42.0-255,66,158086,12,158152
1559,0.031169,104.244.42.0-255,66,158152,12,158152
1560,0.0,172.217.194.0-255,156,156,12,299131
1561,1.6e-05,172.31.36.0-255,66,222,12,299131
1562,2.3e-05,172.217.194.0-255,1484,1706,12,299131
1563,2.8e-05,172.31.36.0-255,66,1772,12,299131
1564,3.4e-05,172.217.194.0-255,2902,4674,12,299131
1565,3.7e-05,172.31.36.0-255,66,4740,12,299131
1566,4.4e-05,172.217.194.0-255,7156,11896,12,299131
1567,4.8e-05,172.31.36.0-255,66,11962,12,299131
1568,5.2e-05,172.217.194.0-255,2902,14864,12,299131
1569,5.5e-05,172.31.36.0-255,66,14930,12,299131
1570,7.8e-05,172.217.194.0-255,4872,19802,12,299131
1571,8.2e-05,172.31.36.0-255,66,19868,12,299131
1572,9.8e-05,172.217.194.0-255,1484,21352,12,299131
1573,0.0001,172.31.36.0-255,66,21418,12,299131
1574,0.000129,172.31.36.0-255,66,21484,12,299131
1575,0.000157,172.217.194.0-255,1484,22968,12,299131
1576,0.00016,172.31.36.0-255,66,23034,12,299131
1577,0.000165,172.217.194.0-255,2902,25936,12,299131
1578,0.000167,172.31.36.0-255,66,26002,12,299131
1579,0.000172,172.217.194.0-255,2902,28904,12,299131
1580,0.000174,172.31.36.0-255,66,28970,12,299131
1581,0.000203,172.217.194.0-255,2902,31872,12,299131
1582,0.000206,172.31.36.0-255,66,31938,12,299131
1583,0.000219,172.31.36.0-255,66,32004,12,299131
1584,0.000261,172.31.36.0-255,66,32070,12,299131
1585,0.000308,172.217.194.0-255,4320,36390,12,299131
1586,0.000311,172.31.36.0-255,66,36456,12,299131
1587,0.000341,172.31.36.0-255,66,36522,12,299131
1588,0.000348,172.217.194.0-255,4830,41352,12,299131
1589,0.00035,172.31.36.0-255,66,41418,12,299131
1590,0.000653,172.217.194.0-255,1484,42902,12,299131
1591,0.000661,172.217.194.0-255,2902,45804,12,299131
1592,0.000666,172.31.36.0-255,66,45870,12,299131
1593,0.000671,172.217.194.0-255,2902,48772,12,299131
1594,0.000673,172.31.36.0-255,66,48838,12,299131
1595,0.000689,172.217.194.0-255,2902,51740,12,299131
1596,0.000692,172.31.36.0-255,66,51806,12,299131
1597,0.000698,172.217.194.0-255,4320,56126,12,299131
1598,0.0007,172.31.36.0-255,66,56192,12,299131
1599,0.000704,172.217.194.0-255,2902,59094,12,299131
1600,0.000707,172.31.36.0-255,66,59160,12,299131
1601,0.00074,172.217.194.0-255,2902,62062,12,299131
1602,0.000749,172.31.36.0-255,66,62128,12,299131
1603,0.000752,172.31.36.0-255,66,62194,12,299131
1604,0.000758,172.217.194.0-255,5020,67214,12,299131
1605,0.000761,172.31.36.0-255,66,67280,12,299131
1606,0.001288,172.217.194.0-255,1484,68764,12,299131
1607,0.001314,172.217.194.0-255,2902,71666,12,299131
1608,0.001318,172.31.36.0-255,66,71732,12,299131
1609,0.001325,172.217.194.0-255,5738,77470,12,299131
1610,0.001327,172.31.36.0-255,66,77536,12,299131
1611,0.001333,172.217.194.0-255,5738,83274,12,299131
1612,0.001335,172.31.36.0-255,66,83340,12,299131
1613,0.001368,172.217.194.0-255,7156,90496,12,299131
1614,0.001371,172.31.36.0-255,66,90562,12,299131
1615,0.001383,172.31.36.0-255,66,90628,12,299131
1616,0.001386,172.217.194.0-255,766,91394,12,299131
1617,0.001596,172.217.194.0-255,1484,92878,12,299131
1618,0.001601,172.31.36.0-255,66,92944,12,299131
1619,0.001608,172.217.194.0-255,2902,95846,12,299131
1620,0.00161,172.31.36.0-255,66,95912,12,299131
1621,0.001613,172.217.194.0-255,1484,97396,12,299131
1622,0.001634,172.217.194.0-255,4320,101716,12,299131
1623,0.001637,172.31.36.0-255,66,101782,12,299131
1624,0.001642,172.217.194.0-255,4320,106102,12,299131
1625,0.001644,172.31.36.0-255,66,106168,12,299131
1626,0.001699,172.31.36.0-255,66,106234,12,299131
1627,0.001702,172.31.36.0-255,66,106300,12,299131
1628,0.001706,172.217.194.0-255,2184,108484,12,299131
1629,0.001709,172.31.36.0-255,66,108550,12,299131
1630,0.001956,172.217.194.0-255,1484,110034,12,299131
1631,0.001963,172.217.194.0-255,2902,112936,12,299131
1632,0.001966,172.31.36.0-255,66,113002,12,299131
1633,0.001994,172.217.194.0-255,5738,118740,12,299131
1634,0.001996,172.31.36.0-255,66,118806,12,299131
1635,0.002,172.217.194.0-255,1484,120290,12,299131
1636,0.002022,172.217.194.0-255,5738,126028,12,299131
1637,0.002024,172.31.36.0-255,66,126094,12,299131
1638,0.002048,172.217.194.0-255,5738,131832,12,299131
1639,0.00205,172.31.36.0-255,66,131898,12,299131
1640,0.002061,172.31.36.0-255,66,131964,12,299131
1641,0.002074,172.217.194.0-255,1484,133448,12,299131
1642,0.002076,172.217.194.0-255,766,134214,12,299131
1643,0.002078,172.31.36.0-255,66,134280,12,299131
1644,0.002221,172.217.194.0-255,1484,135764,12,299131
1645,0.002224,172.217.194.0-255,1484,137248,12,299131
1646,0.002229,172.31.36.0-255,66,137314,12,299131
1647,0.002238,172.217.194.0-255,1484,138798,12,299131
1648,0.002245,172.217.194.0-255,5738,144536,12,299131
1649,0.002248,172.31.36.0-255,66,144602,12,299131
1650,0.002285,172.217.194.0-255,7156,151758,12,299131
1651,0.00229,172.31.36.0-255,66,151824,12,299131
1652,0.002298,172.31.36.0-255,66,151890,12,299131
1653,0.002301,172.217.194.0-255,1484,153374,12,299131
1654,0.002333,172.217.194.0-255,3602,156976,12,299131
1655,0.002336,172.31.36.0-255,66,157042,12,299131
1656,0.00463,172.217.194.0-255,5738,162780,12,299131
1657,0.004638,172.31.36.0-255,66,162846,12,299131
1658,0.006936,172.217.194.0-255,5738,168584,12,299131
1659,0.00694,172.31.36.0-255,66,168650,12,299131
1660,0.009281,172.217.194.0-255,5738,174388,12,299131
1661,0.009287,172.31.36.0-255,66,174454,12,299131
1662,0.011818,172.217.194.0-255,5738,180192,12,299131
1663,0.011879,172.31.36.0-255,66,180258,12,299131
1664,0.014224,172.217.194.0-255,5738,185996,12,299131
1665,0.014232,172.31.36.0-255,66,186062,12,299131
1666,0.016561,172.217.194.0-255,5738,191800,12,299131
1667,0.016582,172.31.36.0-255,66,191866,12,299131
1668,0.018881,172.217.194.0-255,5738,197604,12,299131
1669,0.018891,172.31.36.0-255,66,197670,12,299131
1670,0.021254,172.217.194.0-255,5738,203408,12,299131
1671,0.021264,172.31.36.0-255,66,203474,12,299131
1672,0.023569,172.217.194.0-255,5738,209212,12,299131
1673,0.023578,172.31.36.0-255,66,209278,12,299131
1674,0.025877,172.217.194.0-255,5738,215016,12,299131
1675,0.025889,172.31.36.0-255,66,215082,12,299131
1676,0.027263,172.31.36.0-255,172,215254,12,299131
1677,0.02732,172.31.36.0-255,1109,216363,12,299131
1678,0.027376,172.31.36.0-255,1140,217503,12,299131
1679,0.028188,172.217.194.0-255,5738,223241,12,299131
1680,0.028195,172.31.36.0-255,66,223307,12,299131
1681,0.028828,104.244.42.0-255,66,223373,12,299131
1682,0.028929,104.244.42.0-255,66,223439,12,299131
1683,0.028971,104.244.42.0-255,66,223505,12,299131
1684,0.029515,104.244.42.0-255,108,223613,12,299131
1685,0.029522,172.31.36.0-255,66,223679,12,299131
1686,0.030493,172.217.194.0-255,5738,229417,12,299131
1687,0.030497,172.31.36.0-255,66,229483,12,299131
1688,0.032799,172.217.194.0-255,5738,235221,12,299131
1689,0.032806,172.31.36.0-255,66,235287,12,299131
1690,0.035113,172.217.194.0-255,5738,241025,12,299131
1691,0.03512,172.31.36.0-255,66,241091,12,299131
1692,0.037418,172.217.194.0-255,5738,246829,12,299131
1693,0.037425,172.31.36.0-255,66,246895,12,299131
1694,0.039751,172.217.194.0-255,5738,252633,12,299131
1695,0.039758,172.31.36.0-255,66,252699,12,299131
1696,0.042069,172.217.194.0-255,5738,258437,12,299131
1697,0.042079,172.31.36.0-255,66,258503,12,299131
1698,0.044378,172.217.194.0-255,5738,264241,12,299131
1699,0.044383,172.31.36.0-255,66,264307,12,299131
1700,0.04676,172.217.194.0-255,5738,270045,12,299131
1701,0.046767,172.31.36.0-255,66,270111,12,299131
1702,0.049063,172.217.194.0-255,5738,275849,12,299131
1703,0.049069,172.31.36.0-255,66,275915,12,299131
1704,0.051401,172.217.194.0-255,5738,281653,12,299131
1705,0.051409,172.31.36.0-255,66,281719,12,299131
1706,0.053716,172.217.194.0-255,5738,287457,12,299131
1707,0.053723,172.31.36.0-255,66,287523,12,299131
1708,0.05606,172.217.194.0-255,5738,293261,12,299131
1709,0.056066,172.31.36.0-255,66,293327,12,299131
1710,0.058388,172.217.194.0-255,5738,299065,12,299131
1711,0.058394,172.31.36.0-255,66,299131,12,299131
1712,0.0,172.217.194.0-255,153,153,12,318141
1713,4.6e-05,172.31.36.0-255,66,219,12,318141
1714,5.4e-05,172.217.194.0-255,1484,1703,12,318141
1715,5.9e-05,172.31.36.0-255,66,1769,12,318141
1716,6.4e-05,172.217.194.0-255,2902,4671,12,318141
1717,6.7e-05,172.31.36.0-255,66,4737,12,318141
1718,8.2e-05,172.217.194.0-255,7156,11893,12,318141
1719,8.5e-05,172.31.36.0-255,66,11959,12,318141
1720,0.000129,172.31.36.0-255,66,12025,12,318141
1721,0.000139,172.31.36.0-255,66,12091,12,318141
1722,0.000152,172.217.194.0-255,2543,14634,12,318141
1723,0.000154,172.31.36.0-255,66,14700,12,318141
1724,0.000326,172.217.194.0-255,1484,16184,12,318141
1725,0.000331,172.31.36.0-255,66,16250,12,318141
1726,0.000339,172.217.194.0-255,2902,19152,12,318141
1727,0.000341,172.31.36.0-255,66,19218,12,318141
1728,0.000354,172.217.194.0-255,5738,24956,12,318141
1729,0.000357,172.31.36.0-255,66,25022,12,318141
1730,0.000365,172.217.194.0-255,6797,31819,12,318141
1731,0.000367,172.31.36.0-255,66,31885,12,318141
1732,0.000412,172.31.36.0-255,66,31951,12,318141
1733,0.000416,172.217.194.0-255,2543,34494,12,318141
1734,0.000419,172.31.36.0-255,66,34560,12,318141
1735,0.000758,172.217.194.0-255,646,35206,12,318141
1736,0.000763,172.31.36.0-255,66,35272,12,318141
1737,0.000861,172.217.194.0-255,1484,36756,12,318141
1738,0.000865,172.31.36.0-255,66,36822,12,318141
1739,0.000872,172.217.194.0-255,1484,38306,12,318141
1740,0.000875,172.31.36.0-255,66,38372,12,318141
1741,0.000912,172.217.194.0-255,1484,39856,12,318141
1742,0.00092,172.217.194.0-255,5738,45594,12,318141
1743,0.000923,172.31.36.0-255,66,45660,12,318141
1744,0.00093,172.217.194.0-255,5738,51398,12,318141
1745,0.000932,172.31.36.0-255,66,51464,12,318141
1746,0.000955,172.217.194.0-255,7156,58620,12,318141
1747,0.000958,172.31.36.0-255,66,58686,12,318141
1748,0.000977,172.31.36.0-255,66,58752,12,318141
1749,0.00098,172.217.194.0-255,766,59518,12,318141
1750,0.001317,172.217.194.0-255,1484,61002,12,318141
1751,0.001324,172.31.36.0-255,66,61068,12,318141
1752,0.00133,172.217.194.0-255,2902,63970,12,318141
1753,0.001333,172.31.36.0-255,66,64036,12,318141
1754,0.001346,172.217.194.0-255,5738,69774,12,318141
1755,0.00135,172.31.36.0-255,66,69840,12,318141
1756,0.001362,172.31.36.0-255,66,69906,12,318141
1757,0.001395,172.217.194.0-255,4320,74226,12,318141
1758,0.001398,172.31.36.0-255,66,74292,12,318141
1759,0.001415,172.31.36.0-255,66,74358,12,318141
1760,0.00158,172.217.194.0-255,1484,75842,12,318141
1761,0.001585,172.217.194.0-255,2902,78744,12,318141
1762,0.001588,172.31.36.0-255,66,78810,12,318141
1763,0.001613,172.217.194.0-255,5738,84548,12,318141
1764,0.001615,172.31.36.0-255,66,84614,12,318141
1765,0.001698,172.31.36.0-255,66,84680,12,318141
1766,0.001715,172.31.36.0-255,66,84746,12,318141
1767,0.001718,172.217.194.0-255,2184,86930,12,318141
1768,0.00172,172.31.36.0-255,66,86996,12,318141
1769,0.001783,172.217.194.0-255,1484,88480,12,318141
1770,0.001798,172.217.194.0-255,2902,91382,12,318141
1771,0.001801,172.31.36.0-255,66,91448,12,318141
1772,0.001827,172.217.194.0-255,5738,97186,12,318141
1773,0.001829,172.31.36.0-255,66,97252,12,318141
1774,0.001834,172.217.194.0-255,4320,101572,12,318141
1775,0.001836,172.31.36.0-255,66,101638,12,318141
1776,0.001867,172.217.194.0-255,4320,105958,12,318141
1777,0.00187,172.31.36.0-255,66,106024,12,318141
1778,0.001899,172.217.194.0-255,7156,113180,12,318141
1779,0.001902,172.31.36.0-255,66,113246,12,318141
1780,0.001907,172.217.194.0-255,4320,117566,12,318141
1781,0.001909,172.31.36.0-255,66,117632,12,318141
1782,0.001946,172.217.194.0-255,3602,121234,12,318141
1783,0.001948,172.31.36.0-255,66,121300,12,318141
1784,0.001987,172.217.194.0-255,1484,122784,12,318141
1785,0.001999,172.217.194.0-255,2902,125686,12,318141
1786,0.002002,172.31.36.0-255,66,125752,12,318141
1787,0.002024,172.217.194.0-255,2902,128654,12,318141
1788,0.002026,172.31.36.0-255,66,128720,12,318141
1789,0.00205,172.217.194.0-255,2902,131622,12,318141
1790,0.002052,172.31.36.0-255,66,131688,12,318141
1791,0.002057,172.217.194.0-255,5738,137426,12,318141
1792,0.002059,172.31.36.0-255,66,137492,12,318141
1793,0.00208,172.217.194.0-255,4320,141812,12,318141
1794,0.002082,172.31.36.0-255,66,141878,12,318141
1795,0.002126,172.31.36.0-255,66,141944,12,318141
1796,0.00213,172.217.194.0-255,2902,144846,12,318141
1797,0.002132,172.31.36.0-255,66,144912,12,318141
1798,0.002136,172.217.194.0-255,2184,147096,12,318141
1799,0.002138,172.31.36.0-255,66,147162,12,318141
1800,0.002218,172.217.194.0-255,1484,148646,12,318141
1801,0.002231,172.217.194.0-255,2902,151548,12,318141
1802,0.002234,172.31.36.0-255,66,151614,12,318141
1803,0.002238,172.217.194.0-255,2902,154516,12,318141
1804,0.00224,172.31.36.0-255,66,154582,12,318141
1805,0.002263,172.217.194.0-255,2902,157484,12,318141
1806,0.00227,172.31.36.0-255,66,157550,12,318141
1807,0.002303,172.217.194.0-255,7156,164706,12,318141
1808,0.002306,172.31.36.0-255,66,164772,12,318141
1809,0.002335,172.217.194.0-255,5738,170510,12,318141
1810,0.002338,172.31.36.0-255,66,170576,12,318141
1811,0.002348,172.31.36.0-255,66,170642,12,318141
1812,0.002357,172.217.194.0-255,2184,172826,12,318141
1813,0.002359,172.31.36.0-255,66,172892,12,318141
1814,0.004652,172.217.194.0-255,4320,177212,12,318141
1815,0.004658,172.31.36.0-255,66,177278,12,318141
1816,0.004683,172.217.194.0-255,1484,178762,12,318141
1817,0.006975,172.217.194.0-255,4320,183082,12,318141
1818,0.006982,172.31.36.0-255,66,183148,12,318141
1819,0.009253,172.217.194.0-255,5738,188886,12,318141
1820,0.009259,172.31.36.0-255,66,188952,12,318141
1821,0.011517,172.217.194.0-255,5738,194690,12,318141
1822,0.011525,172.31.36.0-255,66,194756,12,318141
1823,0.013841,172.217.194.0-255,5738,200494,12,318141
1824,0.01385,172.31.36.0-255,66,200560,12,318141
1825,0.01615,172.217.194.0-255,5738,206298,12,318141
1826,0.016161,172.31.36.0-255,66,206364,12,318141
1827,0.018458,172.217.194.0-255,5738,212102,12,318141
1828,0.018466,172.31.36.0-255,66,212168,12,318141
1829,0.020775,172.217.194.0-255,5738,217906,12,318141
1830,0.020784,172.31.36.0-255,66,217972,12,318141
1831,0.023055,172.217.194.0-255,5738,223710,12,318141
1832,0.023063,172.31.36.0-255,66,223776,12,318141
1833,0.025379,172.217.194.0-255,5738,229514,12,318141
1834,0.025386,172.31.36.0-255,66,229580,12,318141
1835,0.027745,172.217.194.0-255,5738,235318,12,318141
1836,0.027754,172.31.36.0-255,66,235384,12,318141
1837,0.03007,172.217.194.0-255,5738,241122,12,318141
1838,0.030084,172.31.36.0-255,66,241188,12,318141
1839,0.03238,172.217.194.0-255,5738,246926,12,318141
1840,0.032395,172.31.36.0-255,66,246992,12,318141
1841,0.034664,172.217.194.0-255,5738,252730,12,318141
1842,0.034678,172.31.36.0-255,66,252796,12,318141
1843,0.035174,172.31.36.0-255,172,252968,12,318141
1844,0.035216,172.31.36.0-255,1109,254077,12,318141
1845,0.035308,172.31.36.0-255,1514,255591,12,318141
1846,0.035341,172.31.36.0-255,1080,256671,12,318141
1847,0.036745,104.244.42.0-255,66,256737,12,318141
1848,0.036827,104.244.42.0-255,66,256803,12,318141
1849,0.036881,104.244.42.0-255,66,256869,12,318141
1850,0.03693,172.217.194.0-255,2902,259771,12,318141
1851,0.036935,172.31.36.0-255,66,259837,12,318141
1852,0.036967,172.217.194.0-255,2902,262739,12,318141
1853,0.03697,172.31.36.0-255,66,262805,12,318141
1854,0.03925,172.217.194.0-255,5738,268543,12,318141
1855,0.039257,172.31.36.0-255,66,268609,12,318141
1856,0.041532,172.217.194.0-255,5738,274347,12,318141
1857,0.041539,172.31.36.0-255,66,274413,12,318141
1858,0.043859,172.217.194.0-255,5738,280151,12,318141
1859,0.043888,172.31.36.0-255,66,280217,12,318141
1860,0.04615,172.217.194.0-255,4320,284537,12,318141
1861,0.046157,172.31.36.0-255,66,284603,12,318141
1862,0.046189,172.217.194.0-255,1484,286087,12,318141
1863,0.048416,172.217.194.0-255,4320,290407,12,318141
1864,0.048422,172.31.36.0-255,66,290473,12,318141
1865,0.050719,172.217.194.0-255,4320,294793,12,318141
1866,0.050725,172.31.36.0-255,66,294859,12,318141
1867,0.05076,172.217.194.0-255,1484,296343,12,318141
1868,0.053019,172.217.194.0-255,4320,300663,12,318141
1869,0.053026,172.31.36.0-255,66,300729,12,318141
1870,0.055339,172.217.194.0-255,5738,306467,12,318141
1871,0.055346,172.31.36.0-255,66,306533,12,318141
1872,0.057631,172.217.194.0-255,5738,312271,12,318141
1873,0.057638,172.31.36.0-255,66,312337,12,318141
1874,0.05995,172.217.194.0-255,5738,318075,12,318141
1875,0.059956,172.31.36.0-255,66,318141,12,318141
1876,0.0,172.217.194.0-255,146,146,12,238819
1877,1.5e-05,172.31.36.0-255,66,212,12,238819
1878,2.2e-05,172.217.194.0-255,1484,1696,12,238819
1879,2.7e-05,172.31.36.0-255,66,1762,12,238819
1880,3.3e-05,172.217.194.0-255,2902,4664,12,238819
1881,4.6e-05,172.31.36.0-255,66,4730,12,238819
1882,5.2e-05,172.217.194.0-255,4320,9050,12,238819
1883,5.5e-05,172.31.36.0-255,66,9116,12,238819
1884,6.1e-05,172.217.194.0-255,2902,12018,12,238819
1885,6.4e-05,172.31.36.0-255,66,12084,12,238819
1886,0.000101,172.217.194.0-255,6393,18477,12,238819
1887,0.000105,172.31.36.0-255,66,18543,12,238819
1888,0.000119,172.31.36.0-255,66,18609,12,238819
1889,0.00015,172.31.36.0-255,66,18675,12,238819
1890,0.000184,172.31.36.0-255,66,18741,12,238819
1891,0.000201,172.31.36.0-255,66,18807,12,238819
1892,0.000204,172.217.194.0-255,121,18928,12,238819
1893,0.000206,172.31.36.0-255,66,18994,12,238819
1894,0.000209,172.217.194.0-255,381,19375,12,238819
1895,0.000211,172.31.36.0-255,66,19441,12,238819
1896,0.000409,172.217.194.0-255,1484,20925,12,238819
1897,0.000415,172.31.36.0-255,66,20991,12,238819
1898,0.000421,172.217.194.0-255,2902,23893,12,238819
1899,0.000423,172.31.36.0-255,66,23959,12,238819
1900,0.000431,172.217.194.0-255,1484,25443,12,238819
1901,0.000433,172.31.36.0-255,66,25509,12,238819
1902,0.000473,172.217.194.0-255,4320,29829,12,238819
1903,0.000477,172.31.36.0-255,66,29895,12,238819
1904,0.000489,172.31.36.0-255,66,29961,12,238819
1905,0.000551,172.31.36.0-255,66,30027,12,238819
1906,0.000853,172.217.194.0-255,1484,31511,12,238819
1907,0.000857,172.217.194.0-255,1484,32995,12,238819
1908,0.000869,172.31.36.0-255,66,33061,12,238819
1909,0.000873,172.217.194.0-255,1484,34545,12,238819
1910,0.000899,172.217.194.0-255,5738,40283,12,238819
1911,0.000902,172.31.36.0-255,66,40349,12,238819
1912,0.000905,172.217.194.0-255,1484,41833,12,238819
1913,0.00091,172.217.194.0-255,2902,44735,12,238819
1914,0.000912,172.31.36.0-255,66,44801,12,238819
1915,0.000937,172.217.194.0-255,5738,50539,12,238819
1916,0.00094,172.31.36.0-255,66,50605,12,238819
1917,0.000947,172.217.194.0-255,5738,56343,12,238819
1918,0.00095,172.31.36.0-255,66,56409,12,238819
1919,0.000983,172.31.36.0-255,66,56475,12,238819
1920,0.00176,172.217.194.0-255,1484,57959,12,238819
1921,0.001767,172.217.194.0-255,2902,60861,12,238819
1922,0.001771,172.31.36.0-255,66,60927,12,238819
1923,0.001778,172.217.194.0-255,4320,65247,12,238819
1924,0.00178,172.31.36.0-255,66,65313,12,238819
1925,0.001797,172.217.194.0-255,1484,66797,12,238819
1926,0.001812,172.31.36.0-255,66,66863,12,238819
1927,0.001844,172.217.194.0-255,4320,71183,12,238819
1928,0.001847,172.31.36.0-255,66,71249,12,238819
1929,0.001858,172.31.36.0-255,66,71315,12,238819
1930,0.001861,172.217.194.0-255,766,72081,12,238819
1931,0.001864,172.217.194.0-255,1484,73565,12,238819
1932,0.001866,172.31.36.0-255,66,73631,12,238819
1933,0.001901,172.217.194.0-255,4320,77951,12,238819
1934,0.001903,172.31.36.0-255,66,78017,12,238819
1935,0.001915,172.31.36.0-255,66,78083,12,238819
1936,0.001925,172.31.36.0-255,66,78149,12,238819
1937,0.001997,172.31.36.0-255,66,78215,12,238819
1938,0.00201,172.31.36.0-255,66,78281,12,238819
1939,0.002027,172.31.36.0-255,66,78347,12,238819
1940,0.002065,172.31.36.0-255,66,78413,12,238819
1941,0.00207,172.217.194.0-255,2184,80597,12,238819
1942,0.002072,172.31.36.0-255,66,80663,12,238819
1943,0.002075,172.217.194.0-255,1484,82147,12,238819
1944,0.002109,172.217.194.0-255,1484,83631,12,238819
1945,0.002112,172.31.36.0-255,66,83697,12,238819
1946,0.002118,172.217.194.0-255,4320,88017,12,238819
1947,0.002121,172.31.36.0-255,66,88083,12,238819
1948,0.002132,172.31.36.0-255,66,88149,12,238819
1949,0.002144,172.217.194.0-255,5738,93887,12,238819
1950,0.002179,172.217.194.0-255,3602,97489,12,238819
1951,0.002737,172.31.36.0-255,66,97555,12,238819
1952,0.005125,172.217.194.0-255,5738,103293,12,238819
1953,0.005133,172.31.36.0-255,66,103359,12,238819
1954,0.007465,172.217.194.0-255,5738,109097,12,238819
1955,0.00747,172.31.36.0-255,66,109163,12,238819
1956,0.009863,172.217.194.0-255,5738,114901,12,238819
1957,0.00987,172.31.36.0-255,66,114967,12,238819
1958,0.0122,172.217.194.0-255,5738,120705,12,238819
1959,0.012208,172.31.36.0-255,66,120771,12,238819
1960,0.014539,172.217.194.0-255,5738,126509,12,238819
1961,0.014547,172.31.36.0-255,66,126575,12,238819
1962,0.016878,172.217.194.0-255,5738,132313,12,238819
1963,0.016886,172.31.36.0-255,66,132379,12,238819
1964,0.019234,172.217.194.0-255,5738,138117,12,238819
1965,0.019243,172.31.36.0-255,66,138183,12,238819
1966,0.021583,172.217.194.0-255,5738,143921,12,238819
1967,0.021589,172.31.36.0-255,66,143987,12,238819
1968,0.023935,172.217.194.0-255,5738,149725,12,238819
1969,0.023942,172.31.36.0-255,66,149791,12,238819
1970,0.026285,172.217.194.0-255,5738,155529,12,238819
1971,0.026294,172.31.36.0-255,66,155595,12,238819
1972,0.028605,172.217.194.0-255,5738,161333,12,238819
1973,0.028612,172.31.36.0-255,66,161399,12,238819
1974,0.030683,172.31.36.0-255,167,161566,12,238819
1975,0.030718,172.31.36.0-255,1108,162674,12,238819
1976,0.030779,172.31.36.0-255,1514,164188,12,238819
1977,0.030781,172.31.36.0-255,333,164521,12,238819
1978,0.030921,172.217.194.0-255,4320,168841,12,238819
1979,0.030927,172.31.36.0-255,66,168907,12,238819
1980,0.030953,172.217.194.0-255,1484,170391,12,238819
1981,0.032237,104.244.42.0-255,66,170457,12,238819
1982,0.032285,104.244.42.0-255,66,170523,12,238819
1983,0.032383,104.244.42.0-255,66,170589,12,238819
1984,0.033281,172.217.194.0-255,4320,174909,12,238819
1985,0.033289,172.31.36.0-255,66,174975,12,238819
1986,0.03563,172.217.194.0-255,5738,180713,12,238819
1987,0.035637,172.31.36.0-255,66,180779,12,238819
1988,0.037953,172.217.194.0-255,5738,186517,12,238819
1989,0.03796,172.31.36.0-255,66,186583,12,238819
1990,0.040323,172.217.194.0-255,5738,192321,12,238819
1991,0.040331,172.31.36.0-255,66,192387,12,238819
1992,0.042698,172.217.194.0-255,5738,198125,12,238819
1993,0.042705,172.31.36.0-255,66,198191,12,238819
1994,0.045053,172.217.194.0-255,5738,203929,12,238819
1995,0.045058,172.31.36.0-255,66,203995,12,238819
1996,0.047399,172.217.194.0-255,5738,209733,12,238819
1997,0.047406,172.31.36.0-255,66,209799,12,238819
1998,0.049742,172.217.194.0-255,5738,215537,12,238819
1999,0.04975,172.31.36.0-255,66,215603,12,238819
2000,0.052102,172.217.194.0-255,5738,221341,12,238819
2001,0.052108,172.31.36.0-255,66,221407,12,238819
2002,0.054464,172.217.194.0-255,5738,227145,12,238819
2003,0.054471,172.31.36.0-255,66,227211,12,238819
2004,0.056805,172.217.194.0-255,5738,232949,12,238819
2005,0.056811,172.31.36.0-255,66,233015,12,238819
2006,0.05916,172.217.194.0-255,5738,238753,12,238819
2007,0.059168,172.31.36.0-255,66,238819,12,238819
2008,0.0,74.125.200.0-255,292,292,12,381168
2009,2.7e-05,172.31.36.0-255,66,358,12,381168
2010,3.3e-05,74.125.200.0-255,1484,1842,12,381168
2011,3.7e-05,172.31.36.0-255,66,1908,12,381168
2012,4.1e-05,74.125.200.0-255,1484,3392,12,381168
2013,4.3e-05,172.31.36.0-255,66,3458,12,381168
2014,6.8e-05,74.125.200.0-255,2902,6360,12,381168
2015,7.1e-05,172.31.36.0-255,66,6426,12,381168
2016,7.9e-05,74.125.200.0-255,1484,7910,12,381168
2017,8.1e-05,172.31.36.0-255,66,7976,12,381168
2018,0.000109,74.125.200.0-255,4320,12296,12,381168
2019,0.000112,172.31.36.0-255,66,12362,12,381168
2020,0.000118,74.125.200.0-255,5738,18100,12,381168
2021,0.00012,172.31.36.0-255,66,18166,12,381168
2022,0.000133,74.125.200.0-255,1850,20016,12,381168
2023,0.000135,172.31.36.0-255,66,20082,12,381168
2024,0.00014,74.125.200.0-255,2902,22984,12,381168
2025,0.000142,172.31.36.0-255,66,23050,12,381168
2026,0.000177,74.125.200.0-255,5738,28788,12,381168
2027,0.000181,172.31.36.0-255,66,28854,12,381168
2028,0.000186,74.125.200.0-255,2543,31397,12,381168
2029,0.000189,172.31.36.0-255,66,31463,12,381168
2030,0.000261,74.125.200.0-255,1484,32947,12,381168
2031,0.000265,172.31.36.0-255,66,33013,12,381168
2032,0.000286,74.125.200.0-255,2902,35915,12,381168
2033,0.00029,172.31.36.0-255,66,35981,12,381168
2034,0.000319,74.125.200.0-255,5738,41719,12,381168
2035,0.000322,172.31.36.0-255,66,41785,12,381168
2036,0.000326,74.125.200.0-255,1484,43269,12,381168
2037,0.000329,172.31.36.0-255,66,43335,12,381168
2038,0.00037,74.125.200.0-255,2902,46237,12,381168
2039,0.000374,172.31.36.0-255,66,46303,12,381168
2040,0.000407,74.125.200.0-255,6797,53100,12,381168
2041,0.000411,172.31.36.0-255,66,53166,12,381168
2042,0.000423,172.31.36.0-255,66,53232,12,381168
2043,0.000426,74.125.200.0-255,1484,54716,12,381168
2044,0.000463,74.125.200.0-255,1435,56151,12,381168
2045,0.000466,172.31.36.0-255,66,56217,12,381168
2046,0.000491,74.125.200.0-255,110,56327,12,381168
2047,0.000651,74.125.200.0-255,1484,57811,12,381168
2048,0.000655,172.31.36.0-255,66,57877,12,381168
2049,0.000658,74.125.200.0-255,1484,59361,12,381168
2050,0.000679,74.125.200.0-255,2902,62263,12,381168
2051,0.000682,172.31.36.0-255,66,62329,12,381168
2052,0.000709,74.125.200.0-255,5738,68067,12,381168
2053,0.000713,172.31.36.0-255,66,68133,12,381168
2054,0.000717,74.125.200.0-255,2902,71035,12,381168
2055,0.000719,172.31.36.0-255,66,71101,12,381168
2056,0.000757,74.125.200.0-255,4320,75421,12,381168
2057,0.00076,172.31.36.0-255,66,75487,12,381168
2058,0.000766,74.125.200.0-255,5738,81225,12,381168
2059,0.000768,172.31.36.0-255,66,81291,12,381168
2060,0.0008,74.125.200.0-255,7156,88447,12,381168
2061,0.000803,172.31.36.0-255,66,88513,12,381168
2062,0.00083,74.125.200.0-255,2184,90697,12,381168
2063,0.000834,172.31.36.0-255,66,90763,12,381168
2064,0.000866,74.125.200.0-255,333,91096,12,381168
2065,0.000925,74.125.200.0-255,1484,92580,12,381168
2066,0.000929,172.31.36.0-255,66,92646,12,381168
2067,0.000949,74.125.200.0-255,2902,95548,12,381168
2068,0.000952,172.31.36.0-255,66,95614,12,381168
2069,0.000983,74.125.200.0-255,5738,101352,12,381168
2070,0.000986,172.31.36.0-255,66,101418,12,381168
2071,0.001013,74.125.200.0-255,7156,108574,12,381168
2072,0.001016,172.31.36.0-255,66,108640,12,381168
2073,0.001019,74.125.200.0-255,1484,110124,12,381168
2074,0.001057,74.125.200.0-255,4320,114444,12,381168
2075,0.001061,172.31.36.0-255,66,114510,12,381168
2076,0.00109,74.125.200.0-255,5738,120248,12,381168
2077,0.001093,172.31.36.0-255,66,120314,12,381168
2078,0.001098,74.125.200.0-255,2902,123216,12,381168
2079,0.0011,172.31.36.0-255,66,123282,12,381168
2080,0.001132,74.125.200.0-255,2184,125466,12,381168
2081,0.001135,172.31.36.0-255,66,125532,12,381168
2082,0.001208,74.125.200.0-255,1484,127016,12,381168
2083,0.001227,74.125.200.0-255,1484,128500,12,381168
2084,0.00123,172.31.36.0-255,66,128566,12,381168
2085,0.001235,74.125.200.0-255,2902,131468,12,381168
2086,0.001237,172.31.36.0-255,66,131534,12,381168
2087,0.001267,74.125.200.0-255,5738,137272,12,381168
2088,0.00127,172.31.36.0-255,66,137338,12,381168
2089,0.001273,74.125.200.0-255,1484,138822,12,381168
2090,0.001295,74.125.200.0-255,2902,141724,12,381168
2091,0.001297,172.31.36.0-255,66,141790,12,381168
2092,0.001324,74.125.200.0-255,5738,147528,12,381168
2093,0.001328,172.31.36.0-255,66,147594,12,381168
2094,0.001336,74.125.200.0-255,2902,150496,12,381168
2095,0.001339,172.31.36.0-255,66,150562,12,381168
2096,0.001349,74.125.200.0-255,4320,154882,12,381168
2097,0.001351,172.31.36.0-255,66,154948,12,381168
2098,0.001396,74.125.200.0-255,5020,159968,12,381168
2099,0.0014,172.31.36.0-255,66,160034,12,381168
2100,0.001458,74.125.200.0-255,1484,161518,12,381168
2101,0.001463,74.125.200.0-255,2902,164420,12,381168
2102,0.001467,172.31.36.0-255,66,164486,12,381168
2103,0.001492,74.125.200.0-255,5738,170224,12,381168
2104,0.001495,172.31.36.0-255,66,170290,12,381168
2105,0.001523,74.125.200.0-255,7156,177446,12,381168
2106,0.001526,172.31.36.0-255,66,177512,12,381168
2107,0.001561,74.125.200.0-255,4320,181832,12,381168
2108,0.001565,172.31.36.0-255,66,181898,12,381168
2109,0.001588,74.125.200.0-255,1484,183382,12,381168
2110,0.001594,74.125.200.0-255,7156,190538,12,381168
2111,0.001597,172.31.36.0-255,66,190604,12,381168
2112,0.001602,74.125.200.0-255,3602,194206,12,381168
2113,0.001605,172.31.36.0-255,66,194272,12,381168
2114,0.001608,74.125.200.0-255,1484,195756,12,381168
2115,0.001636,74.125.200.0-255,2902,198658,12,381168
2116,0.001639,172.31.36.0-255,66,198724,12,381168
2117,0.001644,74.125.200.0-255,2902,201626,12,381168
2118,0.001645,172.31.36.0-255,66,201692,12,381168
2119,0.001649,74.125.200.0-255,2902,204594,12,381168
2120,0.001651,172.31.36.0-255,66,204660,12,381168
2121,0.001679,74.125.200.0-255,1484,206144,12,381168
2122,0.001686,74.125.200.0-255,7156,213300,12,381168
2123,0.001688,172.31.36.0-255,66,213366,12,381168
2124,0.001713,74.125.200.0-255,4320,217686,12,381168
2125,0.001717,172.31.36.0-255,66,217752,12,381168
2126,0.001737,74.125.200.0-255,4320,222072,12,381168
2127,0.001742,74.125.200.0-255,4320,226392,12,381168
2128,0.001742,172.31.36.0-255,66,226458,12,381168
2129,0.001745,172.31.36.0-255,66,226524,12,381168
2130,0.001788,74.125.200.0-255,2184,228708,12,381168
2131,0.001792,172.31.36.0-255,66,228774,12,381168
2132,0.00239,74.125.200.0-255,1484,230258,12,381168
2133,0.002396,74.125.200.0-255,1484,231742,12,381168
2134,0.002399,172.31.36.0-255,66,231808,12,381168
2135,0.002403,74.125.200.0-255,1484,233292,12,381168
2136,0.002425,74.125.200.0-255,1484,234776,12,381168
2137,0.002429,172.31.36.0-255,66,234842,12,381168
2138,0.002432,74.125.200.0-255,1484,236326,12,381168
2139,0.00246,74.125.200.0-255,4320,240646,12,381168
2140,0.002464,172.31.36.0-255,66,240712,12,381168
2141,0.002468,74.125.200.0-255,1484,242196,12,381168
2142,0.002501,74.125.200.0-255,1484,243680,12,381168
2143,0.002505,172.31.36.0-255,66,243746,12,381168
2144,0.002533,74.125.200.0-255,2902,246648,12,381168
2145,0.002536,172.31.36.0-255,66,246714,12,381168
2146,0.002542,74.125.200.0-255,4320,251034,12,381168
2147,0.002544,172.31.36.0-255,66,251100,12,381168
2148,0.002554,172.31.36.0-255,66,251166,12,381168
2149,0.002558,74.125.200.0-255,2902,254068,12,381168
2150,0.00256,172.31.36.0-255,66,254134,12,381168
2151,0.002563,74.125.200.0-255,766,254900,12,381168
2152,0.005078,74.125.200.0-255,4320,259220,12,381168
2153,0.005085,172.31.36.0-255,66,259286,12,381168
2154,0.007613,74.125.200.0-255,5738,265024,12,381168
2155,0.00762,172.31.36.0-255,66,265090,12,381168
2156,0.010137,74.125.200.0-255,2902,267992,12,381168
2157,0.010143,172.31.36.0-255,66,268058,12,381168
2158,0.01017,74.125.200.0-255,2902,270960,12,381168
2159,0.010174,172.31.36.0-255,66,271026,12,381168
2160,0.012669,74.125.200.0-255,2902,273928,12,381168
2161,0.012677,172.31.36.0-255,66,273994,12,381168
2162,0.012711,74.125.200.0-255,2902,276896,12,381168
2163,0.012714,172.31.36.0-255,66,276962,12,381168
2164,0.015195,74.125.200.0-255,2902,279864,12,381168
2165,0.015203,172.31.36.0-255,66,279930,12,381168
2166,0.015236,74.125.200.0-255,2902,282832,12,381168
2167,0.015239,172.31.36.0-255,66,282898,12,381168
2168,0.017735,74.125.200.0-255,2902,285800,12,381168
2169,0.017745,172.31.36.0-255,66,285866,12,381168
2170,0.017786,74.125.200.0-255,2902,288768,12,381168
2171,0.01779,172.31.36.0-255,66,288834,12,381168
2172,0.020269,74.125.200.0-255,2902,291736,12,381168
2173,0.020277,172.31.36.0-255,66,291802,12,381168
2174,0.020316,74.125.200.0-255,2902,294704,12,381168
2175,0.020319,172.31.36.0-255,66,294770,12,381168
2176,0.022789,74.125.200.0-255,2902,297672,12,381168
2177,0.022797,172.31.36.0-255,66,297738,12,381168
2178,0.022838,74.125.200.0-255,2902,300640,12,381168
2179,0.022843,172.31.36.0-255,66,300706,12,381168
2180,0.025311,74.125.200.0-255,1484,302190,12,381168
2181,0.025333,74.125.200.0-255,1484,303674,12,381168
2182,0.025338,172.31.36.0-255,66,303740,12,381168
2183,0.025374,74.125.200.0-255,2902,306642,12,381168
2184,0.025378,172.31.36.0-255,66,306708,12,381168
2185,0.02786,74.125.200.0-255,2902,309610,12,381168
2186,0.027868,172.31.36.0-255,66,309676,12,381168
2187,0.027908,74.125.200.0-255,2902,312578,12,381168
2188,0.027912,172.31.36.0-255,66,312644,12,381168
2189,0.030387,74.125.200.0-255,2902,315546,12,381168
2190,0.030394,172.31.36.0-255,66,315612,12,381168
2191,0.030428,74.125.200.0-255,2902,318514,12,381168
2192,0.030431,172.31.36.0-255,66,318580,12,381168
2193,0.032923,74.125.200.0-255,1484,320064,12,381168
2194,0.032965,74.125.200.0-255,4320,324384,12,381168
2195,0.03297,172.31.36.0-255,66,324450,12,381168
2196,0.035499,74.125.200.0-255,5738,330188,12,381168
2197,0.035507,172.31.36.0-255,66,330254,12,381168
2198,0.036412,172.31.36.0-255,172,330426,12,381168
2199,0.03644,172.31.36.0-255,1078,331504,12,381168
2200,0.037988,104.244.42.0-255,66,331570,12,381168
2201,0.037996,104.244.42.0-255,66,331636,12,381168
2202,0.038063,74.125.200.0-255,5738,337374,12,381168
2203,0.038069,172.31.36.0-255,66,337440,12,381168
2204,0.040591,74.125.200.0-255,5738,343178,12,381168
2205,0.040596,172.31.36.0-255,66,343244,12,381168
2206,0.043119,74.125.200.0-255,4320,347564,12,381168
2207,0.043124,172.31.36.0-255,66,347630,12,381168
2208,0.043154,74.125.200.0-255,1484,349114,12,381168
2209,0.045646,74.125.200.0-255,4320,353434,12,381168
2210,0.045651,172.31.36.0-255,66,353500,12,381168
2211,0.048165,74.125.200.0-255,5738,359238,12,381168
2212,0.04817,172.31.36.0-255,66,359304,12,381168
2213,0.050685,74.125.200.0-255,4320,363624,12,381168
2214,0.050689,172.31.36.0-255,66,363690,12,381168
2215,0.050719,74.125.200.0-255,1484,365174,12,381168
2216,0.05321,74.125.200.0-255,4320,369494,12,381168
2217,0.053215,172.31.36.0-255,66,369560,12,381168
2218,0.055736,74.125.200.0-255,5738,375298,12,381168
2219,0.055742,172.31.36.0-255,66,375364,12,381168
2220,0.058281,74.125.200.0-255,5738,381102,12,381168
2221,0.058287,172.31.36.0-255,66,381168,12,381168
2222,0.0,172.217.194.0-255,145,145,12,274997
2223,2.6e-05,172.31.36.0-255,66,211,12,274997
2224,3.3e-05,172.217.194.0-255,1484,1695,12,274997
2225,3.8e-05,172.31.36.0-255,66,1761,12,274997
2226,4.3e-05,172.217.194.0-255,2902,4663,12,274997
2227,5.3e-05,172.31.36.0-255,66,4729,12,274997
2228,5.9e-05,172.217.194.0-255,7156,11885,12,274997
2229,6.2e-05,172.31.36.0-255,66,11951,12,274997
2230,7.2e-05,172.31.36.0-255,66,12017,12,274997
2231,0.000111,172.31.36.0-255,66,12083,12,274997
2232,0.000123,172.217.194.0-255,1484,13567,12,274997
2233,0.00013,172.31.36.0-255,66,13633,12,274997
2234,0.000169,172.31.36.0-255,66,13699,12,274997
2235,0.000175,172.217.194.0-255,5379,19078,12,274997
2236,0.000177,172.31.36.0-255,66,19144,12,274997
2237,0.000203,172.217.194.0-255,7156,26300,12,274997
2238,0.000207,172.31.36.0-255,66,26366,12,274997
2239,0.000242,172.31.36.0-255,66,26432,12,274997
2240,0.000244,172.217.194.0-255,362,26794,12,274997
2241,0.000246,172.31.36.0-255,66,26860,12,274997
2242,0.000342,172.217.194.0-255,382,27242,12,274997
2243,0.000346,172.31.36.0-255,66,27308,12,274997
2244,0.000484,172.217.194.0-255,1484,28792,12,274997
2245,0.000489,172.31.36.0-255,66,28858,12,274997
2246,0.000494,172.217.194.0-255,2902,31760,12,274997
2247,0.000496,172.31.36.0-255,66,31826,12,274997
2248,0.000502,172.217.194.0-255,5738,37564,12,274997
2249,0.000512,172.31.36.0-255,66,37630,12,274997
2250,0.00054,172.217.194.0-255,1484,39114,12,274997
2251,0.000576,172.31.36.0-255,66,39180,12,274997
2252,0.000579,172.217.194.0-255,1484,40664,12,274997
2253,0.000609,172.31.36.0-255,66,40730,12,274997
2254,0.001236,172.217.194.0-255,1484,42214,12,274997
2255,0.001247,172.217.194.0-255,2902,45116,12,274997
2256,0.001251,172.31.36.0-255,66,45182,12,274997
2257,0.001258,172.217.194.0-255,4320,49502,12,274997
2258,0.00126,172.31.36.0-255,66,49568,12,274997
2259,0.001298,172.217.194.0-255,1484,51052,12,274997
2260,0.001314,172.31.36.0-255,66,51118,12,274997
2261,0.001327,172.31.36.0-255,66,51184,12,274997
2262,0.001671,172.217.194.0-255,1484,52668,12,274997
2263,0.001678,172.217.194.0-255,2902,55570,12,274997
2264,0.001684,172.31.36.0-255,66,55636,12,274997
2265,0.001692,172.217.194.0-255,5738,61374,12,274997
2266,0.001694,172.31.36.0-255,66,61440,12,274997
2267,0.001738,172.217.194.0-255,5738,67178,12,274997
2268,0.001742,172.31.36.0-255,66,67244,12,274997
2269,0.001777,172.217.194.0-255,7156,74400,12,274997
2270,0.001788,172.217.194.0-255,766,75166,12,274997
2271,0.001792,172.31.36.0-255,66,75232,12,274997
2272,0.001795,172.31.36.0-255,66,75298,12,274997
2273,0.001824,172.217.194.0-255,1484,76782,12,274997
2274,0.001826,172.31.36.0-255,66,76848,12,274997
2275,0.001832,172.217.194.0-255,2902,79750,12,274997
2276,0.001833,172.31.36.0-255,66,79816,12,274997
2277,0.00184,172.217.194.0-255,5738,85554,12,274997
2278,0.001847,172.31.36.0-255,66,85620,12,274997
2279,0.001852,172.217.194.0-255,2902,88522,12,274997
2280,0.001854,172.31.36.0-255,66,88588,12,274997
2281,0.001889,172.31.36.0-255,66,88654,12,274997
2282,0.001899,172.31.36.0-255,66,88720,12,274997
2283,0.001901,172.217.194.0-255,766,89486,12,274997
2284,0.001993,172.217.194.0-255,1484,90970,12,274997
2285,0.001996,172.31.36.0-255,66,91036,12,274997
2286,0.002002,172.217.194.0-255,2902,93938,12,274997
2287,0.002004,172.31.36.0-255,66,94004,12,274997
2288,0.002014,172.217.194.0-255,5738,99742,12,274997
2289,0.002016,172.31.36.0-255,66,99808,12,274997
2290,0.002021,172.217.194.0-255,2902,102710,12,274997
2291,0.002022,172.31.36.0-255,66,102776,12,274997
2292,0.002051,172.217.194.0-255,2902,105678,12,274997
2293,0.002054,172.31.36.0-255,66,105744,12,274997
2294,0.002067,172.31.36.0-255,66,105810,12,274997
2295,0.002073,172.217.194.0-255,5020,110830,12,274997
2296,0.002075,172.31.36.0-255,66,110896,12,274997
2297,0.004109,172.217.194.0-255,5738,116634,12,274997
2298,0.004115,172.31.36.0-255,66,116700,12,274997
2299,0.006096,172.217.194.0-255,5738,122438,12,274997
2300,0.006101,172.31.36.0-255,66,122504,12,274997
2301,0.008106,172.217.194.0-255,5738,128242,12,274997
2302,0.008113,172.31.36.0-255,66,128308,12,274997
2303,0.010126,172.217.194.0-255,5738,134046,12,274997
2304,0.010133,172.31.36.0-255,66,134112,12,274997
2305,0.01213,172.217.194.0-255,5738,139850,12,274997
2306,0.012137,172.31.36.0-255,66,139916,12,274997
2307,0.01411,172.217.194.0-255,5738,145654,12,274997
2308,0.014117,172.31.36.0-255,66,145720,12,274997
2309,0.016125,172.217.194.0-255,5738,151458,12,274997
2310,0.016134,172.31.36.0-255,66,151524,12,274997
2311,0.018137,172.217.194.0-255,5738,157262,12,274997
2312,0.018144,172.31.36.0-255,66,157328,12,274997
2313,0.02014,172.217.194.0-255,5738,163066,12,274997
2314,0.020147,172.31.36.0-255,66,163132,12,274997
2315,0.022147,172.217.194.0-255,5738,168870,12,274997
2316,0.022154,172.31.36.0-255,66,168936,12,274997
2317,0.024132,172.217.194.0-255,5738,174674,12,274997
2318,0.024138,172.31.36.0-255,66,174740,12,274997
2319,0.025151,172.31.36.0-255,172,174912,12,274997
2320,0.025192,172.31.36.0-255,1108,176020,12,274997
2321,0.025264,172.31.36.0-255,1514,177534,12,274997
2322,0.025266,172.31.36.0-255,1301,178835,12,274997
2323,0.026126,172.217.194.0-255,5738,184573,12,274997
2324,0.026133,172.31.36.0-255,66,184639,12,274997
2325,0.026634,104.244.42.0-255,66,184705,12,274997
2326,0.026747,104.244.42.0-255,66,184771,12,274997
2327,0.026757,104.244.42.0-255,66,184837,12,274997
2328,0.028128,172.217.194.0-255,5738,190575,12,274997
2329,0.028132,172.31.36.0-255,66,190641,12,274997
2330,0.030105,172.217.194.0-255,5738,196379,12,274997
2331,0.03011,172.31.36.0-255,66,196445,12,274997
2332,0.032098,172.217.194.0-255,5738,202183,12,274997
2333,0.032103,172.31.36.0-255,66,202249,12,274997
2334,0.034092,172.217.194.0-255,5738,207987,12,274997
2335,0.034098,172.31.36.0-255,66,208053,12,274997
2336,0.036113,172.217.194.0-255,5738,213791,12,274997
2337,0.03612,172.31.36.0-255,66,213857,12,274997
2338,0.038095,172.217.194.0-255,5738,219595,12,274997
2339,0.0381,172.31.36.0-255,66,219661,12,274997
2340,0.040135,172.217.194.0-255,5738,225399,12,274997
2341,0.040153,172.31.36.0-255,66,225465,12,274997
2342,0.042145,172.217.194.0-255,4320,229785,12,274997
2343,0.042151,172.31.36.0-255,66,229851,12,274997
2344,0.04218,172.217.194.0-255,1484,231335,12,274997
2345,0.044147,172.217.194.0-255,4320,235655,12,274997
2346,0.044153,172.31.36.0-255,66,235721,12,274997
2347,0.046144,172.217.194.0-255,5738,241459,12,274997
2348,0.046149,172.31.36.0-255,66,241525,12,274997
2349,0.048124,172.217.194.0-255,5738,247263,12,274997
2350,0.048129,172.31.36.0-255,66,247329,12,274997
2351,0.050121,172.217.194.0-255,4320,251649,12,274997
2352,0.050126,172.31.36.0-255,66,251715,12,274997
2353,0.050154,172.217.194.0-255,1484,253199,12,274997
2354,0.052113,172.217.194.0-255,4320,257519,12,274997
2355,0.05212,172.31.36.0-255,66,257585,12,274997
2356,0.054119,172.217.194.0-255,5738,263323,12,274997
2357,0.054125,172.31.36.0-255,66,263389,12,274997
2358,0.056118,172.217.194.0-255,5738,269127,12,274997
2359,0.056123,172.31.36.0-255,66,269193,12,274997
2360,0.058131,172.217.194.0-255,5738,274931,12,274997
2361,0.058136,172.31.36.0-255,66,274997,12,274997
2362,0.0,74.125.24.0-255,150,150,12,229808
2363,3.6e-05,172.31.36.0-255,66,216,12,229808
2364,4.4e-05,74.125.24.0-255,1484,1700,12,229808
2365,4.9e-05,172.31.36.0-255,66,1766,12,229808
2366,6.3e-05,74.125.24.0-255,2902,4668,12,229808
2367,6.6e-05,172.31.36.0-255,66,4734,12,229808
2368,7.4e-05,74.125.24.0-255,5738,10472,12,229808
2369,7.8e-05,172.31.36.0-255,66,10538,12,229808
2370,0.000145,172.31.36.0-255,66,10604,12,229808
2371,0.00015,74.125.24.0-255,2902,13506,12,229808
2372,0.000152,172.31.36.0-255,66,13572,12,229808
2373,0.000187,74.125.24.0-255,6797,20369,12,229808
2374,0.000191,172.31.36.0-255,66,20435,12,229808
2375,0.00058,74.125.24.0-255,1484,21919,12,229808
2376,0.000585,172.31.36.0-255,66,21985,12,229808
2377,0.000592,74.125.24.0-255,2902,24887,12,229808
2378,0.000594,172.31.36.0-255,66,24953,12,229808
2379,0.000605,74.125.24.0-255,2902,27855,12,229808
2380,0.000607,172.31.36.0-255,66,27921,12,229808
2381,0.000613,74.125.24.0-255,4320,32241,12,229808
2382,0.000615,172.31.36.0-255,66,32307,12,229808
2383,0.00065,172.31.36.0-255,66,32373,12,229808
2384,0.000656,74.125.24.0-255,4320,36693,12,229808
2385,0.000659,172.31.36.0-255,66,36759,12,229808
2386,0.000712,74.125.24.0-255,4320,41079,12,229808
2387,0.000716,172.31.36.0-255,66,41145,12,229808
2388,0.000744,74.125.24.0-255,5020,46165,12,229808
2389,0.000748,172.31.36.0-255,66,46231,12,229808
2390,0.000788,74.125.24.0-255,399,46630,12,229808
2391,0.000794,172.31.36.0-255,66,46696,12,229808
2392,0.00082,74.125.24.0-255,109,46805,12,229808
2393,0.00091,172.31.36.0-255,66,46871,12,229808
2394,0.001808,74.125.24.0-255,1484,48355,12,229808
2395,0.001821,74.125.24.0-255,2902,51257,12,229808
2396,0.001825,172.31.36.0-255,66,51323,12,229808
2397,0.001831,74.125.24.0-255,1484,52807,12,229808
2398,0.001858,74.125.24.0-255,4320,57127,12,229808
2399,0.00186,172.31.36.0-255,66,57193,12,229808
2400,0.001867,74.125.24.0-255,5738,62931,12,229808
2401,0.001869,172.31.36.0-255,66,62997,12,229808
2402,0.001903,74.125.24.0-255,5738,68735,12,229808
2403,0.001905,172.31.36.0-255,66,68801,12,229808
2404,0.001917,172.31.36.0-255,66,68867,12,229808
2405,0.003949,74.125.24.0-255,5738,74605,12,229808
2406,0.003955,172.31.36.0-255,66,74671,12,229808
2407,0.006071,74.125.24.0-255,5738,80409,12,229808
2408,0.006078,172.31.36.0-255,66,80475,12,229808
2409,0.008157,74.125.24.0-255,5738,86213,12,229808
2410,0.008171,172.31.36.0-255,66,86279,12,229808
2411,0.010251,74.125.24.0-255,5738,92017,12,229808
2412,0.010264,172.31.36.0-255,66,92083,12,229808
2413,0.012343,74.125.24.0-255,5738,97821,12,229808
2414,0.012359,172.31.36.0-255,66,97887,12,229808
2415,0.014433,74.125.24.0-255,5738,103625,12,229808
2416,0.01445,172.31.36.0-255,66,103691,12,229808
2417,0.016521,74.125.24.0-255,5738,109429,12,229808
2418,0.016535,172.31.36.0-255,66,109495,12,229808
2419,0.018606,74.125.24.0-255,5738,115233,12,229808
2420,0.018617,172.31.36.0-255,66,115299,12,229808
2421,0.020653,74.125.24.0-255,5738,121037,12,229808
2422,0.020663,172.31.36.0-255,66,121103,12,229808
2423,0.022749,74.125.24.0-255,5738,126841,12,229808
2424,0.022768,172.31.36.0-255,66,126907,12,229808
2425,0.024823,74.125.24.0-255,5738,132645,12,229808
2426,0.024833,172.31.36.0-255,66,132711,12,229808
2427,0.0269,74.125.24.0-255,5738,138449,12,229808
2428,0.02691,172.31.36.0-255,66,138515,12,229808
2429,0.028912,172.31.36.0-255,172,138687,12,229808
2430,0.028947,172.31.36.0-255,1107,139794,12,229808
2431,0.028995,172.31.36.0-255,1514,141308,12,229808
2432,0.028996,172.31.36.0-255,1514,142822,12,229808
2433,0.028997,172.31.36.0-255,708,143530,12,229808
2434,0.029025,74.125.24.0-255,5738,149268,12,229808
2435,0.02903,172.31.36.0-255,66,149334,12,229808
2436,0.030468,104.244.42.0-255,66,149400,12,229808
2437,0.030502,104.244.42.0-255,66,149466,12,229808
2438,0.030568,104.244.42.0-255,66,149532,12,229808
2439,0.030572,104.244.42.0-255,66,149598,12,229808
2440,0.031094,74.125.24.0-255,5738,155336,12,229808
2441,0.031101,172.31.36.0-255,66,155402,12,229808
2442,0.031247,104.244.42.0-255,108,155510,12,229808
2443,0.031253,172.31.36.0-255,66,155576,12,229808
2444,0.033222,74.125.24.0-255,5738,161314,12,229808
2445,0.033236,172.31.36.0-255,66,161380,12,229808
2446,0.035308,74.125.24.0-255,5738,167118,12,229808
2447,0.035319,172.31.36.0-255,66,167184,12,229808
2448,0.037343,74.125.24.0-255,5738,172922,12,229808
2449,0.037352,172.31.36.0-255,66,172988,12,229808
2450,0.039476,74.125.24.0-255,5738,178726,12,229808
2451,0.039484,172.31.36.0-255,66,178792,12,229808
2452,0.041545,74.125.24.0-255,5738,184530,12,229808
2453,0.04157,172.31.36.0-255,66,184596,12,229808
2454,0.043658,74.125.24.0-255,5738,190334,12,229808
2455,0.043666,172.31.36.0-255,66,190400,12,229808
2456,0.045709,74.125.24.0-255,4320,194720,12,229808
2457,0.045718,172.31.36.0-255,66,194786,12,229808
2458,0.045753,74.125.24.0-255,1484,196270,12,229808
2459,0.047847,74.125.24.0-255,4320,200590,12,229808
2460,0.047857,172.31.36.0-255,66,200656,12,229808
2461,0.049929,74.125.24.0-255,5738,206394,12,229808
2462,0.049948,172.31.36.0-255,66,206460,12,229808
2463,0.052032,74.125.24.0-255,5738,212198,12,229808
2464,0.052044,172.31.36.0-255,66,212264,12,229808
2465,0.054109,74.125.24.0-255,5738,218002,12,229808
2466,0.054115,172.31.36.0-255,66,218068,12,229808
2467,0.056226,74.125.24.0-255,5738,223806,12,229808
2468,0.056233,172.31.36.0-255,66,223872,12,229808
2469,0.058304,74.125.24.0-255,2902,226774,12,229808
2470,0.05831,172.31.36.0-255,66,226840,12,229808
2471,0.058342,74.125.24.0-255,2902,229742,12,229808
2472,0.058345,172.31.36.0-255,66,229808,12,229808
2473,0.0,74.125.68.0-255,153,153,12,276874
2474,1.7e-05,172.31.36.0-255,66,219,12,276874
2475,2.4e-05,74.125.68.0-255,1484,1703,12,276874
2476,2.8e-05,172.31.36.0-255,66,1769,12,276874
2477,3.4e-05,74.125.68.0-255,2902,4671,12,276874
2478,4.7e-05,172.31.36.0-255,66,4737,12,276874
2479,5.5e-05,74.125.68.0-255,5738,10475,12,276874
2480,5.9e-05,172.31.36.0-255,66,10541,12,276874
2481,6.6e-05,74.125.68.0-255,3527,14068,12,276874
2482,6.9e-05,172.31.36.0-255,66,14134,12,276874
2483,0.000147,74.125.68.0-255,1484,15618,12,276874
2484,0.00015,172.31.36.0-255,66,15684,12,276874
2485,0.000156,74.125.68.0-255,2902,18586,12,276874
2486,0.000158,172.31.36.0-255,66,18652,12,276874
2487,0.000183,74.125.68.0-255,4320,22972,12,276874
2488,0.000186,172.31.36.0-255,66,23038,12,276874
2489,0.000217,74.125.68.0-255,2902,25940,12,276874
2490,0.00022,172.31.36.0-255,66,26006,12,276874
2491,0.00025,74.125.68.0-255,5379,31385,12,276874
2492,0.000253,172.31.36.0-255,66,31451,12,276874
2493,0.000264,172.31.36.0-255,66,31517,12,276874
2494,0.000275,74.125.68.0-255,5738,37255,12,276874
2495,0.000277,172.31.36.0-255,66,37321,12,276874
2496,0.000316,74.125.68.0-255,2543,39864,12,276874
2497,0.000318,172.31.36.0-255,66,39930,12,276874
2498,0.000344,74.125.68.0-255,2902,42832,12,276874
2499,0.000347,172.31.36.0-255,66,42898,12,276874
2500,0.000381,74.125.68.0-255,7156,50054,12,276874
2501,0.000384,172.31.36.0-255,66,50120,12,276874
2502,0.000423,74.125.68.0-255,6797,56917,12,276874
2503,0.000426,172.31.36.0-255,66,56983,12,276874
2504,0.000445,74.125.68.0-255,401,57384,12,276874
2505,0.000567,74.125.68.0-255,110,57494,12,276874
2506,0.000602,74.125.68.0-255,330,57824,12,276874
2507,0.001115,172.31.36.0-255,66,57890,12,276874
2508,0.001499,74.125.68.0-255,1484,59374,12,276874
2509,0.001527,74.125.68.0-255,2902,62276,12,276874
2510,0.001542,74.125.68.0-255,1484,63760,12,276874
2511,0.001546,74.125.68.0-255,2902,66662,12,276874
2512,0.001557,74.125.68.0-255,1484,68146,12,276874
2513,0.001573,74.125.68.0-255,4320,72466,12,276874
2514,0.001576,74.125.68.0-255,1484,73950,12,276874
2515,0.001595,74.125.68.0-255,2902,76852,12,276874
2516,0.001618,74.125.68.0-255,5738,82590,12,276874
2517,0.001633,74.125.68.0-255,1484,84074,12,276874
2518,0.001934,74.125.68.0-255,1484,85558,12,276874
2519,0.001948,74.125.68.0-255,2902,88460,12,276874
2520,0.00197,74.125.68.0-255,5738,94198,12,276874
2521,0.001991,74.125.68.0-255,4320,98518,12,276874
2522,0.002008,74.125.68.0-255,5738,104256,12,276874
2523,0.002012,74.125.68.0-255,2902,107158,12,276874
2524,0.002039,74.125.68.0-255,2184,109342,12,276874
2525,0.002102,74.125.68.0-255,1484,110826,12,276874
2526,0.002117,74.125.68.0-255,2902,113728,12,276874
2527,0.00213,74.125.68.0-255,2902,116630,12,276874
2528,0.002143,74.125.68.0-255,2902,119532,12,276874
2529,0.002147,74.125.68.0-255,2902,122434,12,276874
2530,0.002169,74.125.68.0-255,2902,125336,12,276874
2531,0.002191,74.125.68.0-255,7156,132492,12,276874
2532,0.002196,74.125.68.0-255,4320,136812,12,276874
2533,0.002209,74.125.68.0-255,2902,139714,12,276874
2534,0.002245,74.125.68.0-255,3602,143316,12,276874
2535,0.005167,172.31.36.0-255,66,143382,12,276874
2536,0.007404,74.125.68.0-255,5738,149120,12,276874
2537,0.007412,172.31.36.0-255,66,149186,12,276874
2538,0.009636,74.125.68.0-255,5738,154924,12,276874
2539,0.009644,172.31.36.0-255,66,154990,12,276874
2540,0.011875,74.125.68.0-255,5738,160728,12,276874
2541,0.012176,172.31.36.0-255,66,160794,12,276874
2542,0.014417,74.125.68.0-255,5738,166532,12,276874
2543,0.014428,172.31.36.0-255,66,166598,12,276874
2544,0.016654,74.125.68.0-255,5738,172336,12,276874
2545,0.016661,172.31.36.0-255,66,172402,12,276874
2546,0.018885,74.125.68.0-255,5738,178140,12,276874
2547,0.018891,172.31.36.0-255,66,178206,12,276874
2548,0.021123,74.125.68.0-255,5738,183944,12,276874
2549,0.021131,172.31.36.0-255,66,184010,12,276874
2550,0.023357,74.125.68.0-255,5738,189748,12,276874
2551,0.023366,172.31.36.0-255,66,189814,12,276874
2552,0.025607,74.125.68.0-255,5738,195552,12,276874
2553,0.025616,172.31.36.0-255,66,195618,12,276874
2554,0.027885,74.125.68.0-255,5738,201356,12,276874
2555,0.027909,172.31.36.0-255,66,201422,12,276874
2556,0.030141,74.125.68.0-255,5738,207160,12,276874
2557,0.030152,172.31.36.0-255,66,207226,12,276874
2558,0.032382,74.125.68.0-255,5738,212964,12,276874
2559,0.032388,172.31.36.0-255,66,213030,12,276874
2560,0.034614,74.125.68.0-255,5738,218768,12,276874
2561,0.036105,172.31.36.0-255,66,218834,12,276874
2562,0.038337,74.125.68.0-255,5738,224572,12,276874
2563,0.038343,172.31.36.0-255,66,224638,12,276874
2564,0.040593,74.125.68.0-255,5738,230376,12,276874
2565,0.040604,172.31.36.0-255,66,230442,12,276874
2566,0.042831,74.125.68.0-255,5738,236180,12,276874
2567,0.042839,172.31.36.0-255,66,236246,12,276874
2568,0.045062,74.125.68.0-255,5738,241984,12,276874
2569,0.045069,172.31.36.0-255,66,242050,12,276874
2570,0.047299,74.125.68.0-255,5738,247788,12,276874
2571,0.047308,172.31.36.0-255,66,247854,12,276874
2572,0.049538,74.125.68.0-255,5738,253592,12,276874
2573,0.049546,172.31.36.0-255,66,253658,12,276874
2574,0.051768,74.125.68.0-255,5738,259396,12,276874
2575,0.051775,172.31.36.0-255,66,259462,12,276874
2576,0.054015,74.125.68.0-255,5738,265200,12,276874
2577,0.054023,172.31.36.0-255,66,265266,12,276874
2578,0.056247,74.125.68.0-255,5738,271004,12,276874
2579,0.056254,172.31.36.0-255,66,271070,12,276874
2580,0.058491,74.125.68.0-255,5738,276808,12,276874
2581,0.058499,172.31.36.0-255,66,276874,12,276874
2582,0.0,172.31.36.0-255,66,66,12,66
2583,0.0,172.217.194.0-255,153,153,12,202253
2584,2.8e-05,172.31.36.0-255,66,219,12,202253
2585,3.5e-05,172.217.194.0-255,1484,1703,12,202253
2586,4e-05,172.31.36.0-255,66,1769,12,202253
2587,5.3e-05,172.217.194.0-255,2902,4671,12,202253
2588,5.6e-05,172.31.36.0-255,66,4737,12,202253
2589,6.1e-05,172.217.194.0-255,4320,9057,12,202253
2590,6.4e-05,172.31.36.0-255,66,9123,12,202253
2591,6.8e-05,172.217.194.0-255,2902,12025,12,202253
2592,7.1e-05,172.31.36.0-255,66,12091,12,202253
2593,0.00011,172.217.194.0-255,6313,18404,12,202253
2594,0.000113,172.31.36.0-255,66,18470,12,202253
2595,0.000132,172.31.36.0-255,66,18536,12,202253
2596,0.000166,172.217.194.0-255,1484,20020,12,202253
2597,0.000174,172.31.36.0-255,66,20086,12,202253
2598,0.000182,172.217.194.0-255,2902,22988,12,202253
2599,0.000184,172.31.36.0-255,66,23054,12,202253
2600,0.000209,172.217.194.0-255,5738,28792,12,202253
2601,0.000213,172.31.36.0-255,66,28858,12,202253
2602,0.000219,172.217.194.0-255,5738,34596,12,202253
2603,0.000221,172.31.36.0-255,66,34662,12,202253
2604,0.000264,172.31.36.0-255,66,34728,12,202253
2605,0.00027,172.217.194.0-255,5738,40466,12,202253
2606,0.000272,172.31.36.0-255,66,40532,12,202253
2607,0.000302,172.217.194.0-255,3961,44493,12,202253
2608,0.000305,172.31.36.0-255,66,44559,12,202253
2609,0.000332,172.217.194.0-255,649,45208,12,202253
2610,0.000335,172.31.36.0-255,66,45274,12,202253
2611,0.00061,172.217.194.0-255,1484,46758,12,202253
2612,0.000615,172.31.36.0-255,66,46824,12,202253
2613,0.00062,172.217.194.0-255,2902,49726,12,202253
2614,0.000622,172.31.36.0-255,66,49792,12,202253
2615,0.000625,172.217.194.0-255,1484,51276,12,202253
2616,0.000647,172.217.194.0-255,4320,55596,12,202253
2617,0.00065,172.31.36.0-255,66,55662,12,202253
2618,0.000668,172.31.36.0-255,66,55728,12,202253
2619,0.000715,172.31.36.0-255,66,55794,12,202253
2620,0.00072,172.217.194.0-255,1632,57426,12,202253
2621,0.000723,172.31.36.0-255,66,57492,12,202253
2622,0.000754,172.217.194.0-255,2902,60394,12,202253
2623,0.000757,172.31.36.0-255,66,60460,12,202253
2624,0.000764,172.217.194.0-255,7156,67616,12,202253
2625,0.000767,172.31.36.0-255,66,67682,12,202253
2626,0.000779,172.217.194.0-255,5738,73420,12,202253
2627,0.000781,172.31.36.0-255,66,73486,12,202253
2628,0.000813,172.217.194.0-255,1484,74970,12,202253
2629,0.000853,172.31.36.0-255,66,75036,12,202253
2630,0.000858,172.217.194.0-255,3602,78638,12,202253
2631,0.00086,172.31.36.0-255,66,78704,12,202253
2632,0.000883,172.31.36.0-255,66,78770,12,202253
2633,0.000916,172.217.194.0-255,4320,83090,12,202253
2634,0.00092,172.31.36.0-255,66,83156,12,202253
2635,0.000939,172.31.36.0-255,66,83222,12,202253
2636,0.000941,172.217.194.0-255,766,83988,12,202253
2637,0.001188,172.217.194.0-255,1484,85472,12,202253
2638,0.001192,172.31.36.0-255,66,85538,12,202253
2639,0.001197,172.217.194.0-255,2902,88440,12,202253
2640,0.001199,172.31.36.0-255,66,88506,12,202253
2641,0.001204,172.217.194.0-255,4320,92826,12,202253
2642,0.001211,172.31.36.0-255,66,92892,12,202253
2643,0.00124,172.217.194.0-255,1484,94376,12,202253
2644,0.001258,172.31.36.0-255,66,94442,12,202253
2645,0.001288,172.31.36.0-255,66,94508,12,202253
2646,0.001312,172.217.194.0-255,2184,96692,12,202253
2647,0.001315,172.31.36.0-255,66,96758,12,202253
2648,0.001447,172.217.194.0-255,1484,98242,12,202253
2649,0.001453,172.217.194.0-255,2902,101144,12,202253
2650,0.001456,172.31.36.0-255,66,101210,12,202253
2651,0.001463,172.217.194.0-255,5738,106948,12,202253
2652,0.001465,172.31.36.0-255,66,107014,12,202253
2653,0.00149,172.217.194.0-255,7156,114170,12,202253
2654,0.001493,172.31.36.0-255,66,114236,12,202253
2655,0.001533,172.31.36.0-255,66,114302,12,202253
2656,0.001558,172.217.194.0-255,1484,115786,12,202253
2657,0.001562,172.217.194.0-255,2184,117970,12,202253
2658,0.001565,172.31.36.0-255,66,118036,12,202253
2659,0.001872,172.217.194.0-255,1484,119520,12,202253
2660,0.001888,172.217.194.0-255,2902,122422,12,202253
2661,0.001892,172.31.36.0-255,66,122488,12,202253
2662,0.001898,172.217.194.0-255,5738,128226,12,202253
2663,0.0019,172.31.36.0-255,66,128292,12,202253
2664,0.001954,172.31.36.0-255,66,128358,12,202253
2665,0.001981,172.217.194.0-255,2902,131260,12,202253
2666,0.001984,172.31.36.0-255,66,131326,12,202253
2667,0.00202,172.217.194.0-255,4320,135646,12,202253
2668,0.002023,172.31.36.0-255,66,135712,12,202253
2669,0.002053,172.217.194.0-255,6438,142150,12,202253
2670,0.002056,172.31.36.0-255,66,142216,12,202253
2671,0.002084,172.217.194.0-255,1484,143700,12,202253
2672,0.002099,172.217.194.0-255,2902,146602,12,202253
2673,0.002102,172.31.36.0-255,66,146668,12,202253
2674,0.002107,172.217.194.0-255,2902,149570,12,202253
2675,0.002109,172.31.36.0-255,66,149636,12,202253
2676,0.002125,172.217.194.0-255,2902,152538,12,202253
2677,0.002132,172.31.36.0-255,66,152604,12,202253
2678,0.00214,172.217.194.0-255,7156,159760,12,202253
2679,0.002142,172.31.36.0-255,66,159826,12,202253
2680,0.002167,172.217.194.0-255,5738,165564,12,202253
2681,0.002175,172.31.36.0-255,66,165630,12,202253
2682,0.002182,172.217.194.0-255,7156,172786,12,202253
2683,0.002184,172.31.36.0-255,66,172852,12,202253
2684,0.002188,172.217.194.0-255,3602,176454,12,202253
2685,0.00219,172.31.36.0-255,66,176520,12,202253
2686,0.002193,172.217.194.0-255,1484,178004,12,202253
2687,0.002197,172.217.194.0-255,2902,180906,12,202253
2688,0.002199,172.31.36.0-255,66,180972,12,202253
2689,0.002274,172.31.36.0-255,66,181038,12,202253
2690,0.002294,172.31.36.0-255,66,181104,12,202253
2691,0.002309,172.217.194.0-255,2184,183288,12,202253
2692,0.002312,172.31.36.0-255,66,183354,12,202253
2693,0.002321,172.217.194.0-255,1484,184838,12,202253
2694,0.002326,172.217.194.0-255,2902,187740,12,202253
2695,0.002328,172.31.36.0-255,66,187806,12,202253
2696,0.002333,172.217.194.0-255,3602,191408,12,202253
2697,0.002335,172.31.36.0-255,78,191486,12,202253
2698,0.002368,172.217.194.0-255,4320,195806,12,202253
2699,0.002368,172.31.36.0-255,66,195872,12,202253
2700,0.002374,172.31.36.0-255,66,195938,12,202253
2701,0.002377,172.31.36.0-255,66,196004,12,202253
2702,0.002409,172.217.194.0-255,1484,197488,12,202253
2703,0.002428,172.31.36.0-255,66,197554,12,202253
2704,0.00244,172.31.36.0-255,66,197620,12,202253
2705,0.002443,172.217.194.0-255,105,197725,12,202253
2706,0.00765,172.31.36.0-255,66,197791,12,202253
2707,0.007679,172.31.36.0-255,105,197896,12,202253
2708,0.009721,172.217.194.0-255,66,197962,12,202253
2709,0.028719,172.31.36.0-255,172,198134,12,202253
2710,0.02875,172.31.36.0-255,1107,199241,12,202253
2711,0.028791,172.31.36.0-255,1514,200755,12,202253
2712,0.028793,172.31.36.0-255,1300,202055,12,202253
2713,0.03027,104.244.42.0-255,66,202121,12,202253
2714,0.030304,104.244.42.0-255,66,202187,12,202253
2715,0.030377,104.244.42.0-255,66,202253,12,202253
2716,0.0,172.217.194.0-255,150,150,12,186378
2717,1.4e-05,172.31.36.0-255,66,216,12,186378
2718,2.1e-05,172.217.194.0-255,1484,1700,12,186378
2719,2.5e-05,172.31.36.0-255,66,1766,12,186378
2720,3.1e-05,172.217.194.0-255,2902,4668,12,186378
2721,4.3e-05,172.31.36.0-255,66,4734,12,186378
2722,5.1e-05,172.217.194.0-255,7156,11890,12,186378
2723,5.4e-05,172.31.36.0-255,66,11956,12,186378
2724,5.7e-05,172.217.194.0-255,1484,13440,12,186378
2725,6.1e-05,172.31.36.0-255,66,13506,12,186378
2726,9.4e-05,172.31.36.0-255,66,13572,12,186378
2727,0.000117,172.217.194.0-255,2092,15664,12,186378
2728,0.00012,172.31.36.0-255,66,15730,12,186378
2729,0.000127,172.217.194.0-255,6797,22527,12,186378
2730,0.000129,172.31.36.0-255,66,22593,12,186378
2731,0.000161,172.217.194.0-255,1484,24077,12,186378
2732,0.000163,172.31.36.0-255,66,24143,12,186378
2733,0.000169,172.217.194.0-255,2902,27045,12,186378
2734,0.000172,172.31.36.0-255,66,27111,12,186378
2735,0.000178,172.217.194.0-255,5738,32849,12,186378
2736,0.000186,172.31.36.0-255,66,32915,12,186378
2737,0.000194,172.217.194.0-255,6797,39712,12,186378
2738,0.000196,172.31.36.0-255,66,39778,12,186378
2739,0.000231,172.31.36.0-255,66,39844,12,186378
2740,0.000249,172.217.194.0-255,4320,44164,12,186378
2741,0.000251,172.31.36.0-255,66,44230,12,186378
2742,0.000256,172.217.194.0-255,2845,47075,12,186378
2743,0.000258,172.31.36.0-255,66,47141,12,186378
2744,0.000289,172.217.194.0-255,384,47525,12,186378
2745,0.000292,172.31.36.0-255,66,47591,12,186378
2746,0.000534,172.217.194.0-255,1484,49075,12,186378
2747,0.000541,172.217.194.0-255,2902,51977,12,186378
2748,0.000545,172.31.36.0-255,66,52043,12,186378
2749,0.00058,172.217.194.0-255,5738,57781,12,186378
2750,0.000584,172.31.36.0-255,66,57847,12,186378
2751,0.000597,172.31.36.0-255,66,57913,12,186378
2752,0.000613,172.31.36.0-255,66,57979,12,186378
2753,0.000645,172.217.194.0-255,766,58745,12,186378
2754,0.000741,172.217.194.0-255,1484,60229,12,186378
2755,0.000745,172.31.36.0-255,66,60295,12,186378
2756,0.00075,172.217.194.0-255,2902,63197,12,186378
2757,0.000753,172.31.36.0-255,66,63263,12,186378
2758,0.000755,172.217.194.0-255,1484,64747,12,186378
2759,0.000784,172.217.194.0-255,4320,69067,12,186378
2760,0.000787,172.31.36.0-255,66,69133,12,186378
2761,0.000799,172.31.36.0-255,66,69199,12,186378
2762,0.000829,172.217.194.0-255,1484,70683,12,186378
2763,0.000842,172.31.36.0-255,66,70749,12,186378
2764,0.000845,172.217.194.0-255,766,71515,12,186378
2765,0.000847,172.217.194.0-255,1484,72999,12,186378
2766,0.000849,172.31.36.0-255,66,73065,12,186378
2767,0.000854,172.217.194.0-255,2902,75967,12,186378
2768,0.000862,172.31.36.0-255,66,76033,12,186378
2769,0.000892,172.217.194.0-255,1484,77517,12,186378
2770,0.000905,172.31.36.0-255,66,77583,12,186378
2771,0.00092,172.31.36.0-255,66,77649,12,186378
2772,0.000943,172.217.194.0-255,2902,80551,12,186378
2773,0.000945,172.217.194.0-255,766,81317,12,186378
2774,0.00095,172.31.36.0-255,66,81383,12,186378
2775,0.000959,172.217.194.0-255,1484,82867,12,186378
2776,0.000961,172.31.36.0-255,66,82933,12,186378
2777,0.00097,172.217.194.0-255,4320,87253,12,186378
2778,0.000973,172.31.36.0-255,66,87319,12,186378
2779,0.001008,172.31.36.0-255,66,87385,12,186378
2780,0.001026,172.31.36.0-255,66,87451,12,186378
2781,0.001074,172.217.194.0-255,6438,93889,12,186378
2782,0.001078,172.31.36.0-255,66,93955,12,186378
2783,0.00114,172.217.194.0-255,1484,95439,12,186378
2784,0.001146,172.217.194.0-255,2902,98341,12,186378
2785,0.001149,172.31.36.0-255,66,98407,12,186378
2786,0.001202,172.217.194.0-255,2902,101309,12,186378
2787,0.001205,172.31.36.0-255,66,101375,12,186378
2788,0.00123,172.217.194.0-255,2902,104277,12,186378
2789,0.001233,172.31.36.0-255,66,104343,12,186378
2790,0.001247,172.31.36.0-255,66,104409,12,186378
2791,0.001258,172.31.36.0-255,66,104475,12,186378
2792,0.001263,172.217.194.0-255,2184,106659,12,186378
2793,0.001269,172.217.194.0-255,2902,109561,12,186378
2794,0.001277,172.217.194.0-255,7156,116717,12,186378
2795,0.001283,172.31.36.0-255,66,116783,12,186378
2796,0.001285,172.31.36.0-255,66,116849,12,186378
2797,0.001286,172.31.36.0-255,66,116915,12,186378
2798,0.001334,172.31.36.0-255,66,116981,12,186378
2799,0.001341,172.217.194.0-255,5738,122719,12,186378
2800,0.001343,172.31.36.0-255,66,122785,12,186378
2801,0.001369,172.217.194.0-255,2184,124969,12,186378
2802,0.001376,172.31.36.0-255,66,125035,12,186378
2803,0.001379,172.217.194.0-255,1484,126519,12,186378
2804,0.001385,172.217.194.0-255,2902,129421,12,186378
2805,0.001387,172.31.36.0-255,66,129487,12,186378
2806,0.001394,172.217.194.0-255,5738,135225,12,186378
2807,0.001396,172.31.36.0-255,66,135291,12,186378
2808,0.001402,172.217.194.0-255,5738,141029,12,186378
2809,0.001405,172.31.36.0-255,66,141095,12,186378
2810,0.001447,172.217.194.0-255,7156,148251,12,186378
2811,0.00145,172.31.36.0-255,66,148317,12,186378
2812,0.001466,172.31.36.0-255,66,148383,12,186378
2813,0.001469,172.217.194.0-255,766,149149,12,186378
2814,0.00152,172.217.194.0-255,1484,150633,12,186378
2815,0.001524,172.31.36.0-255,66,150699,12,186378
2816,0.001529,172.217.194.0-255,2902,153601,12,186378
2817,0.001531,172.31.36.0-255,66,153667,12,186378
2818,0.001536,172.217.194.0-255,4320,157987,12,186378
2819,0.001544,172.31.36.0-255,66,158053,12,186378
2820,0.001575,172.217.194.0-255,1484,159537,12,186378
2821,0.001583,172.217.194.0-255,7156,166693,12,186378
2822,0.001586,172.31.36.0-255,66,166759,12,186378
2823,0.001617,172.217.194.0-255,5738,172497,12,186378
2824,0.00162,172.31.36.0-255,66,172563,12,186378
2825,0.001636,172.31.36.0-255,66,172629,12,186378
2826,0.001648,172.31.36.0-255,66,172695,12,186378
2827,0.001681,172.217.194.0-255,2184,174879,12,186378
2828,0.001684,172.31.36.0-255,66,174945,12,186378
2829,0.001697,172.31.36.0-255,66,175011,12,186378
2830,0.001723,172.31.36.0-255,66,175077,12,186378
2831,0.001745,172.31.36.0-255,66,175143,12,186378
2832,0.001756,172.31.36.0-255,66,175209,12,186378
2833,0.001759,172.217.194.0-255,97,175306,12,186378
2834,0.001816,172.217.194.0-255,105,175411,12,186378
2835,0.009792,172.31.36.0-255,66,175477,12,186378
2836,0.009837,172.31.36.0-255,105,175582,12,186378
2837,0.011141,172.217.194.0-255,105,175687,12,186378
2838,0.011149,172.31.36.0-255,78,175765,12,186378
2839,0.01212,172.217.194.0-255,66,175831,12,186378
2840,0.034417,172.31.36.0-255,167,175998,12,186378
2841,0.034449,172.31.36.0-255,1109,177107,12,186378
2842,0.03452,172.31.36.0-255,1514,178621,12,186378
2843,0.034522,172.31.36.0-255,1514,180135,12,186378
2844,0.034524,172.31.36.0-255,1514,181649,12,186378
2845,0.034525,172.31.36.0-255,1514,183163,12,186378
2846,0.034554,172.31.36.0-255,1514,184677,12,186378
2847,0.034559,172.31.36.0-255,1263,185940,12,186378
2848,0.035905,104.244.42.0-255,66,186006,12,186378
2849,0.035927,104.244.42.0-255,66,186072,12,186378
2850,0.036052,104.244.42.0-255,66,186138,12,186378
2851,0.036058,104.244.42.0-255,66,186204,12,186378
2852,0.048706,172.31.36.0-255,108,186312,12,186378
2853,0.050182,104.244.42.0-255,66,186378,12,186378
2854,0.0,172.217.194.0-255,146,146,12,236200
2855,2.5e-05,172.31.36.0-255,66,212,12,236200
2856,3.3e-05,172.217.194.0-255,1484,1696,12,236200
2857,3.7e-05,172.31.36.0-255,66,1762,12,236200
2858,4.2e-05,172.217.194.0-255,2902,4664,12,236200
2859,4.5e-05,172.31.36.0-255,66,4730,12,236200
2860,6e-05,172.217.194.0-255,7156,11886,12,236200
2861,6.3e-05,172.31.36.0-255,66,11952,12,236200
2862,6.8e-05,172.217.194.0-255,3458,15410,12,236200
2863,7e-05,172.31.36.0-255,66,15476,12,236200
2864,7.7e-05,172.217.194.0-255,5738,21214,12,236200
2865,8.1e-05,172.31.36.0-255,66,21280,12,236200
2866,0.000117,172.217.194.0-255,7156,28436,12,236200
2867,0.00012,172.31.36.0-255,66,28502,12,236200
2868,0.000124,172.217.194.0-255,2543,31045,12,236200
2869,0.000126,172.31.36.0-255,66,31111,12,236200
2870,0.000164,172.31.36.0-255,66,31177,12,236200
2871,0.00032,172.217.194.0-255,1484,32661,12,236200
2872,0.000325,172.31.36.0-255,66,32727,12,236200
2873,0.00033,172.217.194.0-255,2902,35629,12,236200
2874,0.000333,172.31.36.0-255,66,35695,12,236200
2875,0.000336,172.217.194.0-255,1484,37179,12,236200
2876,0.000338,172.31.36.0-255,66,37245,12,236200
2877,0.000382,172.217.194.0-255,4320,41565,12,236200
2878,0.000385,172.31.36.0-255,66,41631,12,236200
2879,0.000392,172.217.194.0-255,7094,48725,12,236200
2880,0.000395,172.31.36.0-255,66,48791,12,236200
2881,0.000644,172.217.194.0-255,382,49173,12,236200
2882,0.000649,172.31.36.0-255,66,49239,12,236200
2883,0.000751,172.217.194.0-255,1484,50723,12,236200
2884,0.000754,172.31.36.0-255,66,50789,12,236200
2885,0.000759,172.217.194.0-255,2902,53691,12,236200
2886,0.000762,172.31.36.0-255,66,53757,12,236200
2887,0.000796,172.217.194.0-255,5738,59495,12,236200
2888,0.000799,172.31.36.0-255,66,59561,12,236200
2889,0.000828,172.217.194.0-255,6797,66358,12,236200
2890,0.000831,172.31.36.0-255,66,66424,12,236200
2891,0.000864,172.217.194.0-255,1484,67908,12,236200
2892,0.000869,172.217.194.0-255,2902,70810,12,236200
2893,0.000872,172.31.36.0-255,66,70876,12,236200
2894,0.000899,172.217.194.0-255,5738,76614,12,236200
2895,0.000902,172.31.36.0-255,66,76680,12,236200
2896,0.00093,172.217.194.0-255,6797,83477,12,236200
2897,0.000933,172.31.36.0-255,66,83543,12,236200
2898,0.0012,172.217.194.0-255,1484,85027,12,236200
2899,0.001209,172.217.194.0-255,2902,87929,12,236200
2900,0.001213,172.31.36.0-255,66,87995,12,236200
2901,0.001247,172.217.194.0-255,5738,93733,12,236200
2902,0.00125,172.31.36.0-255,66,93799,12,236200
2903,0.001256,172.217.194.0-255,5738,99537,12,236200
2904,0.001258,172.31.36.0-255,66,99603,12,236200
2905,0.001277,172.31.36.0-255,66,99669,12,236200
2906,0.001284,172.217.194.0-255,5020,104689,12,236200
2907,0.001287,172.31.36.0-255,66,104755,12,236200
2908,0.001342,172.217.194.0-255,1484,106239,12,236200
2909,0.001348,172.217.194.0-255,2902,109141,12,236200
2910,0.001351,172.31.36.0-255,66,109207,12,236200
2911,0.001374,172.217.194.0-255,5738,114945,12,236200
2912,0.001377,172.31.36.0-255,66,115011,12,236200
2913,0.001386,172.217.194.0-255,7156,122167,12,236200
2914,0.001388,172.31.36.0-255,66,122233,12,236200
2915,0.001422,172.217.194.0-255,5738,127971,12,236200
2916,0.001426,172.31.36.0-255,66,128037,12,236200
2917,0.00143,172.217.194.0-255,1484,129521,12,236200
2918,0.001461,172.31.36.0-255,66,129587,12,236200
2919,0.001523,172.217.194.0-255,1484,131071,12,236200
2920,0.001529,172.217.194.0-255,2902,133973,12,236200
2921,0.001532,172.31.36.0-255,66,134039,12,236200
2922,0.001535,172.217.194.0-255,1484,135523,12,236200
2923,0.001563,172.217.194.0-255,4320,139843,12,236200
2924,0.001566,172.31.36.0-255,66,139909,12,236200
2925,0.001586,172.31.36.0-255,66,139975,12,236200
2926,0.00161,172.217.194.0-255,1484,141459,12,236200
2927,0.001646,172.31.36.0-255,66,141525,12,236200
2928,0.001732,172.217.194.0-255,1484,143009,12,236200
2929,0.001736,172.217.194.0-255,1484,144493,12,236200
2930,0.00174,172.31.36.0-255,66,144559,12,236200
2931,0.001766,172.217.194.0-255,1484,146043,12,236200
2932,0.001774,172.217.194.0-255,5738,151781,12,236200
2933,0.001778,172.31.36.0-255,66,151847,12,236200
2934,0.001792,172.31.36.0-255,66,151913,12,236200
2935,0.001797,172.217.194.0-255,2902,154815,12,236200
2936,0.001799,172.31.36.0-255,66,154881,12,236200
2937,0.001846,172.31.36.0-255,66,154947,12,236200
2938,0.001854,172.217.194.0-255,5738,160685,12,236200
2939,0.001856,172.31.36.0-255,66,160751,12,236200
2940,0.001898,172.31.36.0-255,66,160817,12,236200
2941,0.001935,172.31.36.0-255,66,160883,12,236200
2942,0.001938,172.217.194.0-255,766,161649,12,236200
2943,0.001999,172.217.194.0-255,1484,163133,12,236200
2944,0.002001,172.31.36.0-255,66,163199,12,236200
2945,0.002005,172.217.194.0-255,2902,166101,12,236200
2946,0.002008,172.31.36.0-255,66,166167,12,236200
2947,0.002018,172.217.194.0-255,5738,171905,12,236200
2948,0.002021,172.31.36.0-255,66,171971,12,236200
2949,0.002033,172.31.36.0-255,66,172037,12,236200
2950,0.002045,172.31.36.0-255,66,172103,12,236200
2951,0.002213,172.217.194.0-255,1484,173587,12,236200
2952,0.002218,172.217.194.0-255,2902,176489,12,236200
2953,0.00222,172.31.36.0-255,66,176555,12,236200
2954,0.002244,172.217.194.0-255,5738,182293,12,236200
2955,0.002247,172.31.36.0-255,66,182359,12,236200
2956,0.002252,172.217.194.0-255,4320,186679,12,236200
2957,0.002254,172.31.36.0-255,66,186745,12,236200
2958,0.002279,172.217.194.0-255,5738,192483,12,236200
2959,0.002282,172.31.36.0-255,66,192549,12,236200
2960,0.002313,172.31.36.0-255,66,192615,12,236200
2961,0.002342,172.217.194.0-255,5020,197635,12,236200
2962,0.002345,172.217.194.0-255,1484,199119,12,236200
2963,0.002362,172.217.194.0-255,2902,202021,12,236200
2964,0.002368,172.217.194.0-255,5738,207759,12,236200
2965,0.002385,172.217.194.0-255,4320,212079,12,236200
2966,0.00241,172.217.194.0-255,7156,219235,12,236200
2967,0.002426,172.217.194.0-255,3602,222837,12,236200
2968,0.002457,172.217.194.0-255,5738,228575,12,236200
2969,0.002482,172.217.194.0-255,4320,232895,12,236200
2970,0.002516,172.217.194.0-255,1484,234379,12,236200
2971,0.002526,172.217.194.0-255,97,234476,12,236200
2972,0.002558,172.217.194.0-255,105,234581,12,236200
2973,0.003616,172.31.36.0-255,66,234647,12,236200
2974,0.006005,172.31.36.0-255,105,234752,12,236200
2975,0.008541,172.217.194.0-255,66,234818,12,236200
2976,0.03684,172.31.36.0-255,172,234990,12,236200
2977,0.036873,172.31.36.0-255,1078,236068,12,236200
2978,0.038334,104.244.42.0-255,66,236134,12,236200
2979,0.03836,104.244.42.0-255,66,236200,12,236200
2980,0.0,172.217.194.0-255,145,145,12,202123
2981,2.7e-05,172.31.36.0-255,66,211,12,202123
2982,3.4e-05,172.217.194.0-255,1484,1695,12,202123
2983,3.8e-05,172.31.36.0-255,66,1761,12,202123
2984,4.3e-05,172.217.194.0-255,2902,4663,12,202123
2985,4.6e-05,172.31.36.0-255,66,4729,12,202123
2986,6.1e-05,172.217.194.0-255,7156,11885,12,202123
2987,6.3e-05,172.31.36.0-255,66,11951,12,202123
2988,6.7e-05,172.217.194.0-255,2076,14027,12,202123
2989,7e-05,172.31.36.0-255,66,14093,12,202123
2990,0.000105,172.217.194.0-255,2902,16995,12,202123
2991,0.000109,172.31.36.0-255,66,17061,12,202123
2992,0.000115,172.217.194.0-255,7156,24217,12,202123
2993,0.000118,172.31.36.0-255,66,24283,12,202123
2994,0.000156,172.217.194.0-255,6797,31080,12,202123
2995,0.000159,172.31.36.0-255,66,31146,12,202123
2996,0.000243,172.217.194.0-255,1484,32630,12,202123
2997,0.000247,172.31.36.0-255,66,32696,12,202123
2998,0.000275,172.217.194.0-255,2902,35598,12,202123
2999,0.000279,172.31.36.0-255,66,35664,12,202123
3000,0.000285,172.217.194.0-255,5738,41402,12,202123
3001,0.00029,172.31.36.0-255,66,41468,12,202123
3002,0.000326,172.31.36.0-255,66,41534,12,202123
3003,0.000331,172.217.194.0-255,4320,45854,12,202123
3004,0.000333,172.31.36.0-255,66,45920,12,202123
3005,0.000366,172.31.36.0-255,66,45986,12,202123
3006,0.000589,172.217.194.0-255,358,46344,12,202123
3007,0.000593,172.31.36.0-255,66,46410,12,202123
3008,0.000612,172.217.194.0-255,385,46795,12,202123
3009,0.000614,172.31.36.0-255,66,46861,12,202123
3010,0.000815,172.217.194.0-255,1484,48345,12,202123
3011,0.000824,172.217.194.0-255,2902,51247,12,202123
3012,0.000828,172.31.36.0-255,66,51313,12,202123
3013,0.000836,172.217.194.0-255,5738,57051,12,202123
3014,0.000838,172.31.36.0-255,66,57117,12,202123
3015,0.000851,172.217.194.0-255,5738,62855,12,202123
3016,0.000853,172.31.36.0-255,66,62921,12,202123
3017,0.000885,172.217.194.0-255,7156,70077,12,202123
3018,0.000889,172.31.36.0-255,66,70143,12,202123
3019,0.000893,172.217.194.0-255,1484,71627,12,202123
3020,0.000896,172.217.194.0-255,1484,73111,12,202123
3021,0.000898,172.31.36.0-255,66,73177,12,202123
3022,0.000942,172.31.36.0-255,66,73243,12,202123
3023,0.000966,172.217.194.0-255,1484,74727,12,202123
3024,0.00097,172.217.194.0-255,1484,76211,12,202123
3025,0.000973,172.31.36.0-255,66,76277,12,202123
3026,0.000997,172.217.194.0-255,1484,77761,12,202123
3027,0.001004,172.217.194.0-255,5738,83499,12,202123
3028,0.001007,172.31.36.0-255,66,83565,12,202123
3029,0.001014,172.217.194.0-255,7156,90721,12,202123
3030,0.001016,172.31.36.0-255,66,90787,12,202123
3031,0.001046,172.217.194.0-255,2902,93689,12,202123
3032,0.00105,172.31.36.0-255,66,93755,12,202123
3033,0.001067,172.31.36.0-255,66,93821,12,202123
3034,0.001071,172.217.194.0-255,2184,96005,12,202123
3035,0.001074,172.31.36.0-255,66,96071,12,202123
3036,0.001078,172.217.194.0-255,2902,98973,12,202123
3037,0.00108,172.31.36.0-255,66,99039,12,202123
3038,0.001087,172.217.194.0-255,7156,106195,12,202123
3039,0.001091,172.31.36.0-255,66,106261,12,202123
3040,0.001145,172.31.36.0-255,66,106327,12,202123
3041,0.001178,172.31.36.0-255,66,106393,12,202123
3042,0.001234,172.217.194.0-255,1484,107877,12,202123
3043,0.001239,172.217.194.0-255,2902,110779,12,202123
3044,0.001242,172.31.36.0-255,66,110845,12,202123
3045,0.001249,172.217.194.0-255,5738,116583,12,202123
3046,0.001252,172.31.36.0-255,66,116649,12,202123
3047,0.001259,172.217.194.0-255,1484,118133,12,202123
3048,0.001288,172.31.36.0-255,66,118199,12,202123
3049,0.0013,172.31.36.0-255,66,118265,12,202123
3050,0.001319,172.217.194.0-255,2184,120449,12,202123
3051,0.001322,172.31.36.0-255,66,120515,12,202123
3052,0.00133,172.217.194.0-255,1484,121999,12,202123
3053,0.001334,172.217.194.0-255,2902,124901,12,202123
3054,0.001337,172.31.36.0-255,66,124967,12,202123
3055,0.001343,172.217.194.0-255,5738,130705,12,202123
3056,0.001345,172.31.36.0-255,66,130771,12,202123
3057,0.001389,172.31.36.0-255,66,130837,12,202123
3058,0.001415,172.217.194.0-255,7156,137993,12,202123
3059,0.001417,172.31.36.0-255,66,138059,12,202123
3060,0.00144,172.217.194.0-255,3602,141661,12,202123
3061,0.001442,172.31.36.0-255,66,141727,12,202123
3062,0.001453,172.31.36.0-255,66,141793,12,202123
3063,0.001482,172.217.194.0-255,1484,143277,12,202123
3064,0.001505,172.31.36.0-255,66,143343,12,202123
3065,0.001535,172.217.194.0-255,1484,144827,12,202123
3066,0.001541,172.217.194.0-255,3602,148429,12,202123
3067,0.001544,172.31.36.0-255,66,148495,12,202123
3068,0.001549,172.217.194.0-255,4320,152815,12,202123
3069,0.001552,172.31.36.0-255,66,152881,12,202123
3070,0.001589,172.31.36.0-255,66,152947,12,202123
3071,0.001607,172.31.36.0-255,66,153013,12,202123
3072,0.001628,172.217.194.0-255,1484,154497,12,202123
3073,0.001662,172.31.36.0-255,66,154563,12,202123
3074,0.001679,172.31.36.0-255,66,154629,12,202123
3075,0.001692,172.31.36.0-255,66,154695,12,202123
3076,0.001731,172.217.194.0-255,2184,156879,12,202123
3077,0.001746,172.217.194.0-255,2902,159781,12,202123
3078,0.001767,172.217.194.0-255,7156,166937,12,202123
3079,0.00177,172.217.194.0-255,1484,168421,12,202123
3080,0.001967,172.31.36.0-255,66,168487,12,202123
3081,0.002031,172.217.194.0-255,1484,169971,12,202123
3082,0.002038,172.217.194.0-255,2902,172873,12,202123
3083,0.002044,172.31.36.0-255,66,172939,12,202123
3084,0.002073,172.217.194.0-255,5738,178677,12,202123
3085,0.002079,172.31.36.0-255,66,178743,12,202123
3086,0.002113,172.31.36.0-255,66,178809,12,202123
3087,0.002144,172.217.194.0-255,2902,181711,12,202123
3088,0.002155,172.31.36.0-255,66,181777,12,202123
3089,0.002188,172.31.36.0-255,66,181843,12,202123
3090,0.002221,172.217.194.0-255,1484,183327,12,202123
3091,0.002234,172.217.194.0-255,2902,186229,12,202123
3092,0.002244,172.31.36.0-255,66,186295,12,202123
3093,0.002287,172.217.194.0-255,1484,187779,12,202123
3094,0.002305,172.217.194.0-255,3516,191295,12,202123
3095,0.002309,172.217.194.0-255,105,191400,12,202123
3096,0.002314,172.31.36.0-255,66,191466,12,202123
3097,0.004585,172.31.36.0-255,105,191571,12,202123
3098,0.007172,172.217.194.0-255,66,191637,12,202123
3099,0.028298,172.31.36.0-255,172,191809,12,202123
3100,0.028329,172.31.36.0-255,1108,192917,12,202123
3101,0.028383,172.31.36.0-255,1514,194431,12,202123
3102,0.028385,172.31.36.0-255,1514,195945,12,202123
3103,0.028386,172.31.36.0-255,1514,197459,12,202123
3104,0.028387,172.31.36.0-255,1514,198973,12,202123
3105,0.028418,172.31.36.0-255,1514,200487,12,202123
3106,0.028419,172.31.36.0-255,1198,201685,12,202123
3107,0.029807,104.244.42.0-255,66,201751,12,202123
3108,0.029861,104.244.42.0-255,66,201817,12,202123
3109,0.029957,104.244.42.0-255,66,201883,12,202123
3110,0.029963,104.244.42.0-255,66,201949,12,202123
3111,0.044644,172.31.36.0-255,108,202057,12,202123
3112,0.046196,104.244.42.0-255,66,202123,12,202123
3113,0.0,74.125.130.0-255,143,143,12,258266
3114,2.3e-05,172.31.36.0-255,66,209,12,258266
3115,3.1e-05,74.125.130.0-255,1484,1693,12,258266
3116,3.5e-05,172.31.36.0-255,66,1759,12,258266
3117,5.1e-05,74.125.130.0-255,2902,4661,12,258266
3118,5.5e-05,172.31.36.0-255,66,4727,12,258266
3119,6.1e-05,74.125.130.0-255,4320,9047,12,258266
3120,6.3e-05,172.31.36.0-255,66,9113,12,258266
3121,7e-05,74.125.130.0-255,4919,14032,12,258266
3122,7.3e-05,172.31.36.0-255,66,14098,12,258266
3123,9.5e-05,74.125.130.0-255,2902,17000,12,258266
3124,9.8e-05,172.31.36.0-255,66,17066,12,258266
3125,0.000125,74.125.130.0-255,1484,18550,12,258266
3126,0.000128,172.31.36.0-255,66,18616,12,258266
3127,0.000136,74.125.130.0-255,5738,24354,12,258266
3128,0.000139,172.31.36.0-255,66,24420,12,258266
3129,0.000146,74.125.130.0-255,5738,30158,12,258266
3130,0.000148,172.31.36.0-255,66,30224,12,258266
3131,0.000185,74.125.130.0-255,1125,31349,12,258266
3132,0.000187,172.31.36.0-255,66,31415,12,258266
3133,0.000292,74.125.130.0-255,1484,32899,12,258266
3134,0.000295,172.31.36.0-255,66,32965,12,258266
3135,0.000336,74.125.130.0-255,1484,34449,12,258266
3136,0.000339,172.31.36.0-255,66,34515,12,258266
3137,0.000362,74.125.130.0-255,1484,35999,12,258266
3138,0.000365,172.31.36.0-255,66,36065,12,258266
3139,0.000373,74.125.130.0-255,5738,41803,12,258266
3140,0.000375,172.31.36.0-255,66,41869,12,258266
3141,0.000379,74.125.130.0-255,2902,44771,12,258266
3142,0.000382,172.31.36.0-255,66,44837,12,258266
3143,0.000394,172.31.36.0-255,66,44903,12,258266
3144,0.0004,74.125.130.0-255,4320,49223,12,258266
3145,0.000402,172.31.36.0-255,66,49289,12,258266
3146,0.000408,74.125.130.0-255,4320,53609,12,258266
3147,0.00041,172.31.36.0-255,66,53675,12,258266
3148,0.000437,74.125.130.0-255,1484,55159,12,258266
3149,0.000441,74.125.130.0-255,1074,56233,12,258266
3150,0.000444,172.31.36.0-255,66,56299,12,258266
3151,0.000883,74.125.130.0-255,369,56668,12,258266
3152,0.001115,172.31.36.0-255,66,56734,12,258266
3153,0.001163,74.125.130.0-255,1484,58218,12,258266
3154,0.001183,74.125.130.0-255,2902,61120,12,258266
3155,0.001187,172.31.36.0-255,66,61186,12,258266
3156,0.001217,74.125.130.0-255,2902,64088,12,258266
3157,0.001219,172.31.36.0-255,66,64154,12,258266
3158,0.001225,74.125.130.0-255,4320,68474,12,258266
3159,0.001227,172.31.36.0-255,66,68540,12,258266
3160,0.001251,74.125.130.0-255,5738,74278,12,258266
3161,0.001253,172.31.36.0-255,66,74344,12,258266
3162,0.001277,74.125.130.0-255,2902,77246,12,258266
3163,0.001279,172.31.36.0-255,66,77312,12,258266
3164,0.001306,74.125.130.0-255,4320,81632,12,258266
3165,0.001309,172.31.36.0-255,66,81698,12,258266
3166,0.001312,74.125.130.0-255,1484,83182,12,258266
3167,0.001316,74.125.130.0-255,2902,86084,12,258266
3168,0.001318,172.31.36.0-255,66,86150,12,258266
3169,0.001377,74.125.130.0-255,5020,91170,12,258266
3170,0.001381,172.31.36.0-255,66,91236,12,258266
3171,0.003343,74.125.130.0-255,5738,96974,12,258266
3172,0.00335,172.31.36.0-255,66,97040,12,258266
3173,0.005291,74.125.130.0-255,5738,102778,12,258266
3174,0.005295,172.31.36.0-255,66,102844,12,258266
3175,0.007236,74.125.130.0-255,5738,108582,12,258266
3176,0.007242,172.31.36.0-255,66,108648,12,258266
3177,0.009188,74.125.130.0-255,5738,114386,12,258266
3178,0.009195,172.31.36.0-255,66,114452,12,258266
3179,0.011142,74.125.130.0-255,5738,120190,12,258266
3180,0.011151,172.31.36.0-255,66,120256,12,258266
3181,0.01309,74.125.130.0-255,5738,125994,12,258266
3182,0.013099,172.31.36.0-255,66,126060,12,258266
3183,0.015056,74.125.130.0-255,5738,131798,12,258266
3184,0.015067,172.31.36.0-255,66,131864,12,258266
3185,0.017014,74.125.130.0-255,5738,137602,12,258266
3186,0.017022,172.31.36.0-255,66,137668,12,258266
3187,0.018966,74.125.130.0-255,5738,143406,12,258266
3188,0.018973,172.31.36.0-255,66,143472,12,258266
3189,0.02092,74.125.130.0-255,5738,149210,12,258266
3190,0.020929,172.31.36.0-255,66,149276,12,258266
3191,0.022883,74.125.130.0-255,4320,153596,12,258266
3192,0.02289,172.31.36.0-255,66,153662,12,258266
3193,0.022923,74.125.130.0-255,1484,155146,12,258266
3194,0.024838,74.125.130.0-255,4320,159466,12,258266
3195,0.024847,172.31.36.0-255,66,159532,12,258266
3196,0.026799,74.125.130.0-255,5738,165270,12,258266
3197,0.026806,172.31.36.0-255,66,165336,12,258266
3198,0.028816,74.125.130.0-255,5738,171074,12,258266
3199,0.028823,172.31.36.0-255,66,171140,12,258266
3200,0.030775,74.125.130.0-255,5738,176878,12,258266
3201,0.030783,172.31.36.0-255,66,176944,12,258266
3202,0.03273,74.125.130.0-255,5738,182682,12,258266
3203,0.032738,172.31.36.0-255,66,182748,12,258266
3204,0.034684,74.125.130.0-255,1484,184232,12,258266
3205,0.034705,74.125.130.0-255,4320,188552,12,258266
3206,0.034709,172.31.36.0-255,66,188618,12,258266
3207,0.036641,74.125.130.0-255,5738,194356,12,258266
3208,0.036646,172.31.36.0-255,66,194422,12,258266
3209,0.038582,74.125.130.0-255,5738,200160,12,258266
3210,0.038588,172.31.36.0-255,66,200226,12,258266
3211,0.040529,74.125.130.0-255,5738,205964,12,258266
3212,0.040535,172.31.36.0-255,66,206030,12,258266
3213,0.042531,74.125.130.0-255,5738,211768,12,258266
3214,0.04254,172.31.36.0-255,66,211834,12,258266
3215,0.044507,74.125.130.0-255,5738,217572,12,258266
3216,0.044516,172.31.36.0-255,66,217638,12,258266
3217,0.046475,74.125.130.0-255,5738,223376,12,258266
3218,0.046483,172.31.36.0-255,66,223442,12,258266
3219,0.048431,74.125.130.0-255,5738,229180,12,258266
3220,0.04844,172.31.36.0-255,66,229246,12,258266
3221,0.050398,74.125.130.0-255,5738,234984,12,258266
3222,0.050407,172.31.36.0-255,66,235050,12,258266
3223,0.052356,74.125.130.0-255,5738,240788,12,258266
3224,0.052365,172.31.36.0-255,66,240854,12,258266
3225,0.054335,74.125.130.0-255,5738,246592,12,258266
3226,0.054344,172.31.36.0-255,66,246658,12,258266
3227,0.05632,74.125.130.0-255,5738,252396,12,258266
3228,0.056328,172.31.36.0-255,66,252462,12,258266
3229,0.058271,74.125.130.0-255,5738,258200,12,258266
3230,0.058279,172.31.36.0-255,66,258266,12,258266
3231,0.0,172.217.160.0-255,143,143,12,304436
3232,2.1e-05,172.31.36.0-255,66,209,12,304436
3233,2.8e-05,172.217.160.0-255,1484,1693,12,304436
3234,3.2e-05,172.31.36.0-255,66,1759,12,304436
3235,3.7e-05,172.217.160.0-255,2902,4661,12,304436
3236,4e-05,172.31.36.0-255,66,4727,12,304436
3237,5.5e-05,172.217.160.0-255,7156,11883,12,304436
3238,5.9e-05,172.31.36.0-255,66,11949,12,304436
3239,6.3e-05,172.217.160.0-255,1974,13923,12,304436
3240,6.5e-05,172.31.36.0-255,66,13989,12,304436
3241,7.2e-05,172.217.160.0-255,7156,21145,12,304436
3242,7.4e-05,172.31.36.0-255,66,21211,12,304436
3243,9.6e-05,172.217.160.0-255,4320,25531,12,304436
3244,0.000103,172.31.36.0-255,66,25597,12,304436
3245,0.000109,172.217.160.0-255,5379,30976,12,304436
3246,0.000112,172.31.36.0-255,66,31042,12,304436
3247,0.000151,172.217.160.0-255,4320,35362,12,304436
3248,0.000153,172.31.36.0-255,66,35428,12,304436
3249,0.000185,172.217.160.0-255,1484,36912,12,304436
3250,0.000188,172.31.36.0-255,66,36978,12,304436
3251,0.000195,172.217.160.0-255,5738,42716,12,304436
3252,0.000197,172.31.36.0-255,66,42782,12,304436
3253,0.000207,172.217.160.0-255,5379,48161,12,304436
3254,0.00021,172.31.36.0-255,66,48227,12,304436
3255,0.000592,172.217.160.0-255,1484,49711,12,304436
3256,0.000597,172.31.36.0-255,66,49777,12,304436
3257,0.000603,172.217.160.0-255,2902,52679,12,304436
3258,0.000605,172.31.36.0-255,66,52745,12,304436
3259,0.000611,172.217.160.0-255,5738,58483,12,304436
3260,0.000618,172.31.36.0-255,66,58549,12,304436
3261,0.000663,172.217.160.0-255,7068,65617,12,304436
3262,0.000666,172.31.36.0-255,66,65683,12,304436
3263,0.000831,172.217.160.0-255,120,65803,12,304436
3264,0.000942,172.217.160.0-255,1484,67287,12,304436
3265,0.000946,172.31.36.0-255,66,67353,12,304436
3266,0.000951,172.217.160.0-255,2902,70255,12,304436
3267,0.000953,172.31.36.0-255,66,70321,12,304436
3268,0.000959,172.217.160.0-255,5738,76059,12,304436
3269,0.000961,172.31.36.0-255,66,76125,12,304436
3270,0.000972,172.217.160.0-255,6797,82922,12,304436
3271,0.000974,172.31.36.0-255,66,82988,12,304436
3272,0.001007,172.217.160.0-255,7156,90144,12,304436
3273,0.00101,172.31.36.0-255,66,90210,12,304436
3274,0.001014,172.217.160.0-255,2902,93112,12,304436
3275,0.001016,172.31.36.0-255,66,93178,12,304436
3276,0.001045,172.217.160.0-255,5738,98916,12,304436
3277,0.001052,172.31.36.0-255,66,98982,12,304436
3278,0.001054,172.217.160.0-255,1442,100424,12,304436
3279,0.001433,172.31.36.0-255,66,100490,12,304436
3280,0.001661,172.217.160.0-255,1484,101974,12,304436
3281,0.00167,172.217.160.0-255,2902,104876,12,304436
3282,0.001673,172.31.36.0-255,66,104942,12,304436
3283,0.001677,172.217.160.0-255,1484,106426,12,304436
3284,0.001707,172.217.160.0-255,4320,110746,12,304436
3285,0.001709,172.31.36.0-255,66,110812,12,304436
3286,0.001714,172.217.160.0-255,2902,113714,12,304436
3287,0.001715,172.31.36.0-255,66,113780,12,304436
3288,0.00172,172.217.160.0-255,4320,118100,12,304436
3289,0.001722,172.31.36.0-255,66,118166,12,304436
3290,0.001756,172.217.160.0-255,7156,125322,12,304436
3291,0.001758,172.31.36.0-255,66,125388,12,304436
3292,0.001763,172.217.160.0-255,2902,128290,12,304436
3293,0.001765,172.31.36.0-255,66,128356,12,304436
3294,0.001795,172.217.160.0-255,6438,134794,12,304436
3295,0.001798,172.31.36.0-255,66,134860,12,304436
3296,0.003742,172.217.160.0-255,5738,140598,12,304436
3297,0.003749,172.31.36.0-255,66,140664,12,304436
3298,0.005682,172.217.160.0-255,4320,144984,12,304436
3299,0.005686,172.31.36.0-255,66,145050,12,304436
3300,0.005711,172.217.160.0-255,1484,146534,12,304436
3301,0.007644,172.217.160.0-255,4320,150854,12,304436
3302,0.00765,172.31.36.0-255,66,150920,12,304436
3303,0.009599,172.217.160.0-255,5738,156658,12,304436
3304,0.009607,172.31.36.0-255,66,156724,12,304436
3305,0.011548,172.217.160.0-255,5738,162462,12,304436
3306,0.011555,172.31.36.0-255,66,162528,12,304436
3307,0.013501,172.217.160.0-255,4320,166848,12,304436
3308,0.013508,172.31.36.0-255,66,166914,12,304436
3309,0.01355,172.217.160.0-255,1484,168398,12,304436
3310,0.015451,172.217.160.0-255,4320,172718,12,304436
3311,0.015459,172.31.36.0-255,66,172784,12,304436
3312,0.017411,172.217.160.0-255,5738,178522,12,304436
3313,0.017425,172.31.36.0-255,66,178588,12,304436
3314,0.019374,172.217.160.0-255,5738,184326,12,304436
3315,0.019382,172.31.36.0-255,66,184392,12,304436
3316,0.021327,172.217.160.0-255,5738,190130,12,304436
3317,0.021334,172.31.36.0-255,66,190196,12,304436
3318,0.023272,172.217.160.0-255,5738,195934,12,304436
3319,0.023281,172.31.36.0-255,66,196000,12,304436
3320,0.025217,172.217.160.0-255,4320,200320,12,304436
3321,0.025223,172.31.36.0-255,66,200386,12,304436
3322,0.025256,172.217.160.0-255,1484,201870,12,304436
3323,0.027171,172.217.160.0-255,4320,206190,12,304436
3324,0.027178,172.31.36.0-255,66,206256,12,304436
3325,0.029135,172.217.160.0-255,5738,211994,12,304436
3326,0.029143,172.31.36.0-255,66,212060,12,304436
3327,0.031085,172.217.160.0-255,5738,217798,12,304436
3328,0.031093,172.31.36.0-255,66,217864,12,304436
3329,0.032626,172.31.36.0-255,172,218036,12,304436
3330,0.032668,172.31.36.0-255,1108,219144,12,304436
3331,0.03275,172.31.36.0-255,1514,220658,12,304436
3332,0.032752,172.31.36.0-255,1514,222172,12,304436
3333,0.032753,172.31.36.0-255,1514,223686,12,304436
3334,0.032754,172.31.36.0-255,1514,225200,12,304436
3335,0.032755,172.31.36.0-255,1514,226714,12,304436
3336,0.032785,172.31.36.0-255,84,226798,12,304436
3337,0.033033,172.217.160.0-255,5738,232536,12,304436
3338,0.033039,172.31.36.0-255,66,232602,12,304436
3339,0.034173,104.244.42.0-255,66,232668,12,304436
3340,0.034224,104.244.42.0-255,66,232734,12,304436
3341,0.034323,104.244.42.0-255,66,232800,12,304436
3342,0.034329,104.244.42.0-255,66,232866,12,304436
3343,0.034921,104.244.42.0-255,108,232974,12,304436
3344,0.034927,172.31.36.0-255,66,233040,12,304436
3345,0.034989,172.217.160.0-255,5738,238778,12,304436
3346,0.034993,172.31.36.0-255,66,238844,12,304436
3347,0.036929,172.217.160.0-255,5738,244582,12,304436
3348,0.036934,172.31.36.0-255,66,244648,12,304436
3349,0.038866,172.217.160.0-255,4320,248968,12,304436
3350,0.038872,172.31.36.0-255,66,249034,12,304436
3351,0.038896,172.217.160.0-255,1484,250518,12,304436
3352,0.040804,172.217.160.0-255,4320,254838,12,304436
3353,0.040809,172.31.36.0-255,66,254904,12,304436
3354,0.042778,172.217.160.0-255,5738,260642,12,304436
3355,0.042797,172.31.36.0-255,66,260708,12,304436
3356,0.044757,172.217.160.0-255,5738,266446,12,304436
3357,0.044773,172.31.36.0-255,66,266512,12,304436
3358,0.04673,172.217.160.0-255,5738,272250,12,304436
3359,0.046747,172.31.36.0-255,66,272316,12,304436
3360,0.048698,172.217.160.0-255,5738,278054,12,304436
3361,0.048712,172.31.36.0-255,66,278120,12,304436
3362,0.050654,172.217.160.0-255,5738,283858,12,304436
3363,0.050662,172.31.36.0-255,66,283924,12,304436
3364,0.052607,172.217.160.0-255,5738,289662,12,304436
3365,0.052613,172.31.36.0-255,66,289728,12,304436
3366,0.054544,172.217.160.0-255,4320,294048,12,304436
3367,0.05455,172.31.36.0-255,66,294114,12,304436
3368,0.054583,172.217.160.0-255,1484,295598,12,304436
3369,0.056499,172.217.160.0-255,2902,298500,12,304436
3370,0.056505,172.31.36.0-255,66,298566,12,304436
3371,0.056536,172.217.160.0-255,1484,300050,12,304436
3372,0.058433,172.217.160.0-255,4320,304370,12,304436
3373,0.058438,172.31.36.0-255,66,304436,12,304436
3374,0.0,74.125.24.0-255,297,297,12,279614
3375,3.3e-05,172.31.36.0-255,66,363,12,279614
3376,3.9e-05,74.125.24.0-255,1484,1847,12,279614
3377,4.3e-05,172.31.36.0-255,66,1913,12,279614
3378,4.9e-05,74.125.24.0-255,4320,6233,12,279614
3379,6.1e-05,172.31.36.0-255,66,6299,12,279614
3380,6.8e-05,74.125.24.0-255,7156,13455,12,279614
3381,7.2e-05,172.31.36.0-255,66,13521,12,279614
3382,0.00011,172.31.36.0-255,66,13587,12,279614
3383,0.000141,74.125.24.0-255,3207,16794,12,279614
3384,0.000144,172.31.36.0-255,66,16860,12,279614
3385,0.000148,74.125.24.0-255,1125,17985,12,279614
3386,0.00015,172.31.36.0-255,66,18051,12,279614
3387,0.000227,74.125.24.0-255,1484,19535,12,279614
3388,0.000231,172.31.36.0-255,66,19601,12,279614
3389,0.000257,74.125.24.0-255,2902,22503,12,279614
3390,0.00026,172.31.36.0-255,66,22569,12,279614
3391,0.000264,74.125.24.0-255,2902,25471,12,279614
3392,0.000266,172.31.36.0-255,66,25537,12,279614
3393,0.000288,74.125.24.0-255,2902,28439,12,279614
3394,0.000291,172.31.36.0-255,66,28505,12,279614
3395,0.000305,74.125.24.0-255,6797,35302,12,279614
3396,0.000308,172.31.36.0-255,66,35368,12,279614
3397,0.000315,74.125.24.0-255,7156,42524,12,279614
3398,0.000318,172.31.36.0-255,66,42590,12,279614
3399,0.000346,74.125.24.0-255,7156,49746,12,279614
3400,0.000352,172.31.36.0-255,66,49812,12,279614
3401,0.000398,74.125.24.0-255,2816,52628,12,279614
3402,0.000402,172.31.36.0-255,66,52694,12,279614
3403,0.000471,74.125.24.0-255,382,53076,12,279614
3404,0.000475,172.31.36.0-255,66,53142,12,279614
3405,0.000634,74.125.24.0-255,1484,54626,12,279614
3406,0.000641,74.125.24.0-255,2902,57528,12,279614
3407,0.000644,172.31.36.0-255,66,57594,12,279614
3408,0.000672,74.125.24.0-255,5738,63332,12,279614
3409,0.000675,172.31.36.0-255,66,63398,12,279614
3410,0.000679,74.125.24.0-255,1484,64882,12,279614
3411,0.000721,172.31.36.0-255,66,64948,12,279614
3412,0.000737,172.31.36.0-255,66,65014,12,279614
3413,0.00074,74.125.24.0-255,1125,66139,12,279614
3414,0.000998,74.125.24.0-255,1484,67623,12,279614
3415,0.001003,172.31.36.0-255,66,67689,12,279614
3416,0.001008,74.125.24.0-255,2902,70591,12,279614
3417,0.00101,172.31.36.0-255,66,70657,12,279614
3418,0.001015,74.125.24.0-255,2902,73559,12,279614
3419,0.001024,172.31.36.0-255,66,73625,12,279614
3420,0.001055,74.125.24.0-255,2902,76527,12,279614
3421,0.001058,172.31.36.0-255,66,76593,12,279614
3422,0.001098,172.31.36.0-255,66,76659,12,279614
3423,0.001121,74.125.24.0-255,1484,78143,12,279614
3424,0.001128,74.125.24.0-255,5738,83881,12,279614
3425,0.001131,172.31.36.0-255,66,83947,12,279614
3426,0.001158,74.125.24.0-255,5020,88967,12,279614
3427,0.001162,172.31.36.0-255,66,89033,12,279614
3428,0.001165,74.125.24.0-255,1484,90517,12,279614
3429,0.001201,74.125.24.0-255,4320,94837,12,279614
3430,0.001204,172.31.36.0-255,66,94903,12,279614
3431,0.001211,74.125.24.0-255,7156,102059,12,279614
3432,0.001213,172.31.36.0-255,66,102125,12,279614
3433,0.001228,172.31.36.0-255,66,102191,12,279614
3434,0.001235,74.125.24.0-255,6438,108629,12,279614
3435,0.001238,172.31.36.0-255,66,108695,12,279614
3436,0.00128,74.125.24.0-255,1484,110179,12,279614
3437,0.001285,74.125.24.0-255,2902,113081,12,279614
3438,0.001289,172.31.36.0-255,66,113147,12,279614
3439,0.001294,74.125.24.0-255,2902,116049,12,279614
3440,0.001296,172.31.36.0-255,66,116115,12,279614
3441,0.00132,74.125.24.0-255,2902,119017,12,279614
3442,0.001323,172.31.36.0-255,66,119083,12,279614
3443,0.001326,74.125.24.0-255,1484,120567,12,279614
3444,0.001339,172.31.36.0-255,66,120633,12,279614
3445,0.001375,172.31.36.0-255,66,120699,12,279614
3446,0.001402,74.125.24.0-255,1484,122183,12,279614
3447,0.001418,74.125.24.0-255,2902,125085,12,279614
3448,0.001421,172.31.36.0-255,66,125151,12,279614
3449,0.001428,74.125.24.0-255,5738,130889,12,279614
3450,0.00143,172.31.36.0-255,66,130955,12,279614
3451,0.001473,172.31.36.0-255,66,131021,12,279614
3452,0.00148,74.125.24.0-255,7156,138177,12,279614
3453,0.001483,172.31.36.0-255,66,138243,12,279614
3454,0.001528,74.125.24.0-255,3602,141845,12,279614
3455,0.001531,172.31.36.0-255,66,141911,12,279614
3456,0.001572,74.125.24.0-255,1484,143395,12,279614
3457,0.001576,74.125.24.0-255,2902,146297,12,279614
3458,0.001579,172.31.36.0-255,66,146363,12,279614
3459,0.001614,74.125.24.0-255,5738,152101,12,279614
3460,0.001619,172.31.36.0-255,66,152167,12,279614
3461,0.001637,172.31.36.0-255,66,152233,12,279614
3462,0.001686,74.125.24.0-255,4320,156553,12,279614
3463,0.00169,172.31.36.0-255,66,156619,12,279614
3464,0.001725,74.125.24.0-255,6438,163057,12,279614
3465,0.001728,172.31.36.0-255,66,163123,12,279614
3466,0.001758,74.125.24.0-255,1484,164607,12,279614
3467,0.001771,74.125.24.0-255,2902,167509,12,279614
3468,0.001775,172.31.36.0-255,66,167575,12,279614
3469,0.001781,74.125.24.0-255,4320,171895,12,279614
3470,0.001783,172.31.36.0-255,66,171961,12,279614
3471,0.001802,74.125.24.0-255,1484,173445,12,279614
3472,0.001816,172.31.36.0-255,66,173511,12,279614
3473,0.001844,74.125.24.0-255,1484,174995,12,279614
3474,0.001851,74.125.24.0-255,5738,180733,12,279614
3475,0.001854,172.31.36.0-255,66,180799,12,279614
3476,0.00188,74.125.24.0-255,5020,185819,12,279614
3477,0.001883,172.31.36.0-255,66,185885,12,279614
3478,0.0022,74.125.24.0-255,1484,187369,12,279614
3479,0.002223,74.125.24.0-255,2902,190271,12,279614
3480,0.002227,172.31.36.0-255,66,190337,12,279614
3481,0.002231,74.125.24.0-255,1484,191821,12,279614
3482,0.002235,74.125.24.0-255,2902,194723,12,279614
3483,0.002236,172.31.36.0-255,66,194789,12,279614
3484,0.002248,74.125.24.0-255,5738,200527,12,279614
3485,0.002251,172.31.36.0-255,66,200593,12,279614
3486,0.002293,74.125.24.0-255,5738,206331,12,279614
3487,0.002296,172.31.36.0-255,66,206397,12,279614
3488,0.002322,74.125.24.0-255,5738,212135,12,279614
3489,0.002325,172.31.36.0-255,66,212201,12,279614
3490,0.002353,172.31.36.0-255,66,212267,12,279614
3491,0.00239,172.31.36.0-255,66,212333,12,279614
3492,0.002404,74.125.24.0-255,1484,213817,12,279614
3493,0.00241,74.125.24.0-255,5738,219555,12,279614
3494,0.002412,172.31.36.0-255,66,219621,12,279614
3495,0.004755,74.125.24.0-255,5738,225359,12,279614
3496,0.004762,172.31.36.0-255,66,225425,12,279614
3497,0.007211,74.125.24.0-255,5738,231163,12,279614
3498,0.007214,172.31.36.0-255,66,231229,12,279614
3499,0.009517,74.125.24.0-255,5738,236967,12,279614
3500,0.009524,172.31.36.0-255,66,237033,12,279614
3501,0.011837,74.125.24.0-255,5738,242771,12,279614
3502,0.011844,172.31.36.0-255,66,242837,12,279614
3503,0.014177,74.125.24.0-255,5738,248575,12,279614
3504,0.014184,172.31.36.0-255,66,248641,12,279614
3505,0.016495,74.125.24.0-255,5738,254379,12,279614
3506,0.016504,172.31.36.0-255,66,254445,12,279614
3507,0.018862,74.125.24.0-255,5738,260183,12,279614
3508,0.018869,172.31.36.0-255,66,260249,12,279614
3509,0.021172,74.125.24.0-255,5738,265987,12,279614
3510,0.021179,172.31.36.0-255,66,266053,12,279614
3511,0.023466,74.125.24.0-255,5738,271791,12,279614
3512,0.023474,172.31.36.0-255,66,271857,12,279614
3513,0.025797,74.125.24.0-255,3229,275086,12,279614
3514,0.025804,172.31.36.0-255,66,275152,12,279614
3515,0.025988,172.31.36.0-255,105,275257,12,279614
3516,0.028279,74.125.24.0-255,66,275323,12,279614
3517,0.03397,172.31.36.0-255,171,275494,12,279614
3518,0.034003,172.31.36.0-255,1132,276626,12,279614
3519,0.034043,172.31.36.0-255,1514,278140,12,279614
3520,0.034044,172.31.36.0-255,1276,279416,12,279614
3521,0.03552,104.244.42.0-255,66,279482,12,279614
3522,0.035528,104.244.42.0-255,66,279548,12,279614
3523,0.035608,104.244.42.0-255,66,279614,12,279614
3524,0.0,74.125.200.0-255,153,153,12,290241
3525,2.3e-05,172.31.36.0-255,66,219,12,290241
3526,3.1e-05,74.125.200.0-255,1484,1703,12,290241
3527,3.5e-05,172.31.36.0-255,66,1769,12,290241
3528,5e-05,74.125.200.0-255,2902,4671,12,290241
3529,5.3e-05,172.31.36.0-255,66,4737,12,290241
3530,6.2e-05,74.125.200.0-255,7156,11893,12,290241
3531,6.6e-05,172.31.36.0-255,66,11959,12,290241
3532,7e-05,74.125.200.0-255,2042,14001,12,290241
3533,7.2e-05,172.31.36.0-255,66,14067,12,290241
3534,9.3e-05,74.125.200.0-255,1484,15551,12,290241
3535,0.0001,172.31.36.0-255,66,15617,12,290241
3536,0.000123,74.125.200.0-255,1484,17101,12,290241
3537,0.000125,172.31.36.0-255,66,17167,12,290241
3538,0.000131,74.125.200.0-255,4320,21487,12,290241
3539,0.000133,172.31.36.0-255,66,21553,12,290241
3540,0.000167,74.125.200.0-255,4320,25873,12,290241
3541,0.00017,172.31.36.0-255,66,25939,12,290241
3542,0.0002,74.125.200.0-255,4320,30259,12,290241
3543,0.000203,172.31.36.0-255,66,30325,12,290241
3544,0.000206,74.125.200.0-255,1125,31450,12,290241
3545,0.000208,172.31.36.0-255,66,31516,12,290241
3546,0.000273,74.125.200.0-255,1484,33000,12,290241
3547,0.000276,74.125.200.0-255,1484,34484,12,290241
3548,0.000279,172.31.36.0-255,66,34550,12,290241
3549,0.000287,172.31.36.0-255,66,34616,12,290241
3550,0.000295,74.125.200.0-255,1484,36100,12,290241
3551,0.000298,172.31.36.0-255,66,36166,12,290241
3552,0.000303,74.125.200.0-255,2902,39068,12,290241
3553,0.000305,172.31.36.0-255,66,39134,12,290241
3554,0.00034,74.125.200.0-255,4320,43454,12,290241
3555,0.000344,172.31.36.0-255,66,43520,12,290241
3556,0.000348,74.125.200.0-255,2902,46422,12,290241
3557,0.00035,172.31.36.0-255,66,46488,12,290241
3558,0.000379,74.125.200.0-255,3961,50449,12,290241
3559,0.000382,172.31.36.0-255,66,50515,12,290241
3560,0.000389,74.125.200.0-255,7156,57671,12,290241
3561,0.000391,172.31.36.0-255,66,57737,12,290241
3562,0.0004,74.125.200.0-255,1484,59221,12,290241
3563,0.000431,74.125.200.0-255,7105,66326,12,290241
3564,0.000434,172.31.36.0-255,66,66392,12,290241
3565,0.000437,74.125.200.0-255,111,66503,12,290241
3566,0.000458,74.125.200.0-255,335,66838,12,290241
3567,0.000847,74.125.200.0-255,1484,68322,12,290241
3568,0.000853,172.31.36.0-255,66,68388,12,290241
3569,0.000859,74.125.200.0-255,2902,71290,12,290241
3570,0.000861,172.31.36.0-255,66,71356,12,290241
3571,0.000898,74.125.200.0-255,5738,77094,12,290241
3572,0.0009,172.31.36.0-255,66,77160,12,290241
3573,0.000906,74.125.200.0-255,4320,81480,12,290241
3574,0.000908,172.31.36.0-255,66,81546,12,290241
3575,0.000948,172.31.36.0-255,66,81612,12,290241
3576,0.000976,172.31.36.0-255,66,81678,12,290241
3577,0.001175,74.125.200.0-255,1484,83162,12,290241
3578,0.001181,74.125.200.0-255,2902,86064,12,290241
3579,0.001193,172.31.36.0-255,66,86130,12,290241
3580,0.0012,74.125.200.0-255,4320,90450,12,290241
3581,0.001202,172.31.36.0-255,66,90516,12,290241
3582,0.001249,74.125.200.0-255,1484,92000,12,290241
3583,0.001254,74.125.200.0-255,2902,94902,12,290241
3584,0.001256,172.31.36.0-255,66,94968,12,290241
3585,0.001262,74.125.200.0-255,4320,99288,12,290241
3586,0.001263,172.31.36.0-255,66,99354,12,290241
3587,0.001279,172.31.36.0-255,66,99420,12,290241
3588,0.001286,74.125.200.0-255,5738,105158,12,290241
3589,0.001288,172.31.36.0-255,66,105224,12,290241
3590,0.001313,74.125.200.0-255,2184,107408,12,290241
3591,0.001315,172.31.36.0-255,66,107474,12,290241
3592,0.001987,74.125.200.0-255,1484,108958,12,290241
3593,0.001992,74.125.200.0-255,1484,110442,12,290241
3594,0.001996,172.31.36.0-255,66,110508,12,290241
3595,0.002014,74.125.200.0-255,1484,111992,12,290241
3596,0.00202,74.125.200.0-255,5738,117730,12,290241
3597,0.002023,172.31.36.0-255,66,117796,12,290241
3598,0.002063,74.125.200.0-255,7156,124952,12,290241
3599,0.002066,172.31.36.0-255,66,125018,12,290241
3600,0.002072,74.125.200.0-255,4320,129338,12,290241
3601,0.002074,172.31.36.0-255,66,129404,12,290241
3602,0.002112,172.31.36.0-255,66,129470,12,290241
3603,0.002132,74.125.200.0-255,2184,131654,12,290241
3604,0.002134,172.31.36.0-255,66,131720,12,290241
3605,0.002165,74.125.200.0-255,1484,133204,12,290241
3606,0.00218,74.125.200.0-255,2902,136106,12,290241
3607,0.002183,172.31.36.0-255,66,136172,12,290241
3608,0.002187,74.125.200.0-255,1484,137656,12,290241
3609,0.002215,74.125.200.0-255,4320,141976,12,290241
3610,0.002218,172.31.36.0-255,66,142042,12,290241
3611,0.002254,74.125.200.0-255,7156,149198,12,290241
3612,0.002257,172.31.36.0-255,66,149264,12,290241
3613,0.002268,172.31.36.0-255,66,149330,12,290241
3614,0.002289,172.31.36.0-255,66,149396,12,290241
3615,0.002707,172.31.36.0-255,101,149497,12,290241
3616,0.004627,74.125.200.0-255,5738,155235,12,290241
3617,0.004634,172.31.36.0-255,66,155301,12,290241
3618,0.004951,74.125.200.0-255,66,155367,12,290241
3619,0.006935,74.125.200.0-255,5738,161105,12,290241
3620,0.006939,172.31.36.0-255,66,161171,12,290241
3621,0.009238,74.125.200.0-255,5738,166909,12,290241
3622,0.009245,172.31.36.0-255,66,166975,12,290241
3623,0.011577,74.125.200.0-255,5738,172713,12,290241
3624,0.011586,172.31.36.0-255,66,172779,12,290241
3625,0.013897,74.125.200.0-255,5738,178517,12,290241
3626,0.013906,172.31.36.0-255,66,178583,12,290241
3627,0.016211,74.125.200.0-255,5738,184321,12,290241
3628,0.016221,172.31.36.0-255,66,184387,12,290241
3629,0.01853,74.125.200.0-255,5738,190125,12,290241
3630,0.018539,172.31.36.0-255,66,190191,12,290241
3631,0.020839,74.125.200.0-255,5738,195929,12,290241
3632,0.020848,172.31.36.0-255,66,195995,12,290241
3633,0.02315,74.125.200.0-255,5738,201733,12,290241
3634,0.023157,172.31.36.0-255,66,201799,12,290241
3635,0.025461,74.125.200.0-255,5738,207537,12,290241
3636,0.025469,172.31.36.0-255,66,207603,12,290241
3637,0.027767,74.125.200.0-255,5738,213341,12,290241
3638,0.027774,172.31.36.0-255,66,213407,12,290241
3639,0.030083,74.125.200.0-255,5738,219145,12,290241
3640,0.03009,172.31.36.0-255,66,219211,12,290241
3641,0.03239,74.125.200.0-255,5738,224949,12,290241
3642,0.032398,172.31.36.0-255,66,225015,12,290241
3643,0.0343,172.31.36.0-255,172,225187,12,290241
3644,0.034333,172.31.36.0-255,1078,226265,12,290241
3645,0.0347,74.125.200.0-255,5738,232003,12,290241
3646,0.034708,172.31.36.0-255,66,232069,12,290241
3647,0.035813,104.244.42.0-255,66,232135,12,290241
3648,0.035834,104.244.42.0-255,66,232201,12,290241
3649,0.037015,74.125.200.0-255,5738,237939,12,290241
3650,0.037022,172.31.36.0-255,66,238005,12,290241
3651,0.03933,74.125.200.0-255,5738,243743,12,290241
3652,0.03934,172.31.36.0-255,66,243809,12,290241
3653,0.041648,74.125.200.0-255,5738,249547,12,290241
3654,0.041657,172.31.36.0-255,66,249613,12,290241
3655,0.043956,74.125.200.0-255,5738,255351,12,290241
3656,0.043964,172.31.36.0-255,66,255417,12,290241
3657,0.046285,74.125.200.0-255,5738,261155,12,290241
3658,0.046295,172.31.36.0-255,66,261221,12,290241
3659,0.048608,74.125.200.0-255,5738,266959,12,290241
3660,0.048615,172.31.36.0-255,66,267025,12,290241
3661,0.050916,74.125.200.0-255,5738,272763,12,290241
3662,0.050923,172.31.36.0-255,66,272829,12,290241
3663,0.053237,74.125.200.0-255,5738,278567,12,290241
3664,0.053244,172.31.36.0-255,66,278633,12,290241
3665,0.055548,74.125.200.0-255,5738,284371,12,290241
3666,0.055555,172.31.36.0-255,66,284437,12,290241
3667,0.057852,74.125.200.0-255,5738,290175,12,290241
3668,0.05786,172.31.36.0-255,66,290241,12,290241
3669,0.0,74.125.24.0-255,147,147,12,201085
3670,3.1e-05,172.31.36.0-255,66,213,12,201085
3671,3.8e-05,74.125.24.0-255,1484,1697,12,201085
3672,4.3e-05,172.31.36.0-255,66,1763,12,201085
3673,4.8e-05,74.125.24.0-255,2902,4665,12,201085
3674,5.1e-05,172.31.36.0-255,66,4731,12,201085
3675,5.7e-05,74.125.24.0-255,7156,11887,12,201085
3676,6e-05,172.31.36.0-255,66,11953,12,201085
3677,6.4e-05,74.125.24.0-255,2032,13985,12,201085
3678,6.6e-05,172.31.36.0-255,66,14051,12,201085
3679,9.6e-05,74.125.24.0-255,2902,16953,12,201085
3680,9.9e-05,172.31.36.0-255,66,17019,12,201085
3681,0.000106,74.125.24.0-255,7156,24175,12,201085
3682,0.000108,172.31.36.0-255,66,24241,12,201085
3683,0.000133,74.125.24.0-255,5738,29979,12,201085
3684,0.000137,172.31.36.0-255,66,30045,12,201085
3685,0.000165,172.31.36.0-255,66,30111,12,201085
3686,0.000172,74.125.24.0-255,5738,35849,12,201085
3687,0.000174,172.31.36.0-255,66,35915,12,201085
3688,0.000194,74.125.24.0-255,2184,38099,12,201085
3689,0.000197,172.31.36.0-255,66,38165,12,201085
3690,0.000274,74.125.24.0-255,1484,39649,12,201085
3691,0.000278,172.31.36.0-255,66,39715,12,201085
3692,0.000297,74.125.24.0-255,2902,42617,12,201085
3693,0.0003,172.31.36.0-255,66,42683,12,201085
3694,0.000307,74.125.24.0-255,5738,48421,12,201085
3695,0.00031,172.31.36.0-255,66,48487,12,201085
3696,0.000332,74.125.24.0-255,7070,55557,12,201085
3697,0.000335,172.31.36.0-255,66,55623,12,201085
3698,0.000347,74.125.24.0-255,383,56006,12,201085
3699,0.00035,172.31.36.0-255,66,56072,12,201085
3700,0.00097,74.125.24.0-255,1484,57556,12,201085
3701,0.000978,74.125.24.0-255,1484,59040,12,201085
3702,0.000982,172.31.36.0-255,66,59106,12,201085
3703,0.001004,74.125.24.0-255,1484,60590,12,201085
3704,0.00101,74.125.24.0-255,5738,66328,12,201085
3705,0.001013,172.31.36.0-255,66,66394,12,201085
3706,0.001029,74.125.24.0-255,5738,72132,12,201085
3707,0.001032,172.31.36.0-255,66,72198,12,201085
3708,0.001062,74.125.24.0-255,7156,79354,12,201085
3709,0.001065,172.31.36.0-255,66,79420,12,201085
3710,0.001076,172.31.36.0-255,66,79486,12,201085
3711,0.001093,74.125.24.0-255,2184,81670,12,201085
3712,0.001096,172.31.36.0-255,66,81736,12,201085
3713,0.001191,74.125.24.0-255,1484,83220,12,201085
3714,0.001197,74.125.24.0-255,2902,86122,12,201085
3715,0.001201,172.31.36.0-255,66,86188,12,201085
3716,0.001209,74.125.24.0-255,5738,91926,12,201085
3717,0.001212,172.31.36.0-255,66,91992,12,201085
3718,0.001234,74.125.24.0-255,7156,99148,12,201085
3719,0.001239,172.31.36.0-255,66,99214,12,201085
3720,0.001259,74.125.24.0-255,4320,103534,12,201085
3721,0.001273,74.125.24.0-255,2902,106436,12,201085
3722,0.001285,74.125.24.0-255,4320,110756,12,201085
3723,0.00142,74.125.24.0-255,4320,115076,12,201085
3724,0.001453,74.125.24.0-255,7156,122232,12,201085
3725,0.001465,74.125.24.0-255,4320,126552,12,201085
3726,0.001477,74.125.24.0-255,4320,130872,12,201085
3727,0.001493,74.125.24.0-255,7156,138028,12,201085
3728,0.001531,74.125.24.0-255,2902,140930,12,201085
3729,0.001543,74.125.24.0-255,4320,145250,12,201085
3730,0.001553,74.125.24.0-255,2902,148152,12,201085
3731,0.001565,74.125.24.0-255,2902,151054,12,201085
3732,0.001591,74.125.24.0-255,7156,158210,12,201085
3733,0.001635,74.125.24.0-255,1484,159694,12,201085
3734,0.001642,74.125.24.0-255,6438,166132,12,201085
3735,0.001678,74.125.24.0-255,4320,170452,12,201085
3736,0.001728,74.125.24.0-255,5738,176190,12,201085
3737,0.001762,74.125.24.0-255,1484,177674,12,201085
3738,0.001777,74.125.24.0-255,7156,184830,12,201085
3739,0.001881,74.125.24.0-255,2184,187014,12,201085
3740,0.001886,74.125.24.0-255,5738,192752,12,201085
3741,0.001967,74.125.24.0-255,3046,195798,12,201085
3742,0.00197,74.125.24.0-255,105,195903,12,201085
3743,0.001972,74.125.24.0-255,129,196032,12,201085
3744,0.004042,172.31.36.0-255,66,196098,12,201085
3745,0.006892,172.31.36.0-255,105,196203,12,201085
3746,0.006924,172.31.36.0-255,105,196308,12,201085
3747,0.007129,172.31.36.0-255,90,196398,12,201085
3748,0.007139,172.31.36.0-255,66,196464,12,201085
3749,0.009399,74.125.24.0-255,66,196530,12,201085
3750,0.009452,74.125.24.0-255,66,196596,12,201085
3751,0.009658,74.125.24.0-255,66,196662,12,201085
3752,0.009671,74.125.24.0-255,66,196728,12,201085
3753,0.009676,172.31.36.0-255,66,196794,12,201085
3754,0.02961,172.31.36.0-255,172,196966,12,201085
3755,0.029639,172.31.36.0-255,1107,198073,12,201085
3756,0.02967,172.31.36.0-255,1514,199587,12,201085
3757,0.029671,172.31.36.0-255,1300,200887,12,201085
3758,0.031166,104.244.42.0-255,66,200953,12,201085
3759,0.031249,104.244.42.0-255,66,201019,12,201085
3760,0.031302,104.244.42.0-255,66,201085,12,201085
3761,0.0,74.125.24.0-255,143,143,12,266731
3762,3.4e-05,172.31.36.0-255,66,209,12,266731
3763,4.1e-05,74.125.24.0-255,1484,1693,12,266731
3764,4.5e-05,172.31.36.0-255,66,1759,12,266731
3765,5e-05,74.125.24.0-255,2902,4661,12,266731
3766,5.3e-05,172.31.36.0-255,66,4727,12,266731
3767,6.8e-05,74.125.24.0-255,7156,11883,12,266731
3768,7.1e-05,172.31.36.0-255,66,11949,12,266731
3769,8.3e-05,172.31.36.0-255,66,12015,12,266731
3770,0.000116,172.31.36.0-255,66,12081,12,266731
3771,0.00017,74.125.24.0-255,1484,13565,12,266731
3772,0.000173,172.31.36.0-255,66,13631,12,266731
3773,0.00018,74.125.24.0-255,2902,16533,12,266731
3774,0.000182,172.31.36.0-255,66,16599,12,266731
3775,0.000194,74.125.24.0-255,5738,22337,12,266731
3776,0.000197,172.31.36.0-255,66,22403,12,266731
3777,0.000203,74.125.24.0-255,5738,28141,12,266731
3778,0.000206,172.31.36.0-255,66,28207,12,266731
3779,0.000261,172.31.36.0-255,66,28273,12,266731
3780,0.000272,74.125.24.0-255,5355,33628,12,266731
3781,0.000279,172.31.36.0-255,66,33694,12,266731
3782,0.000353,74.125.24.0-255,110,33804,12,266731
3783,0.000357,172.31.36.0-255,66,33870,12,266731
3784,0.000521,74.125.24.0-255,1484,35354,12,266731
3785,0.000525,172.31.36.0-255,66,35420,12,266731
3786,0.00053,74.125.24.0-255,1484,36904,12,266731
3787,0.000532,172.31.36.0-255,66,36970,12,266731
3788,0.000551,74.125.24.0-255,1484,38454,12,266731
3789,0.000555,172.31.36.0-255,66,38520,12,266731
3790,0.000559,74.125.24.0-255,1484,40004,12,266731
3791,0.000564,74.125.24.0-255,2902,42906,12,266731
3792,0.000567,172.31.36.0-255,66,42972,12,266731
3793,0.000571,74.125.24.0-255,1484,44456,12,266731
3794,0.000604,74.125.24.0-255,4320,48776,12,266731
3795,0.000608,172.31.36.0-255,66,48842,12,266731
3796,0.00062,172.31.36.0-255,66,48908,12,266731
3797,0.00065,74.125.24.0-255,2902,51810,12,266731
3798,0.000653,172.31.36.0-255,66,51876,12,266731
3799,0.000657,74.125.24.0-255,1484,53360,12,266731
3800,0.000663,74.125.24.0-255,5020,58380,12,266731
3801,0.000666,172.31.36.0-255,66,58446,12,266731
3802,0.000773,74.125.24.0-255,1484,59930,12,266731
3803,0.00079,74.125.24.0-255,2902,62832,12,266731
3804,0.000795,172.31.36.0-255,66,62898,12,266731
3805,0.000819,74.125.24.0-255,5738,68636,12,266731
3806,0.000822,172.31.36.0-255,66,68702,12,266731
3807,0.000858,172.31.36.0-255,66,68768,12,266731
3808,0.000869,172.31.36.0-255,66,68834,12,266731
3809,0.000882,74.125.24.0-255,1484,70318,12,266731
3810,0.000909,74.125.24.0-255,1484,71802,12,266731
3811,0.000912,172.31.36.0-255,66,71868,12,266731
3812,0.000938,74.125.24.0-255,2184,74052,12,266731
3813,0.000941,172.31.36.0-255,66,74118,12,266731
3814,0.001308,74.125.24.0-255,1484,75602,12,266731
3815,0.001312,74.125.24.0-255,1484,77086,12,266731
3816,0.001316,172.31.36.0-255,66,77152,12,266731
3817,0.001345,74.125.24.0-255,1484,78636,12,266731
3818,0.001352,74.125.24.0-255,5738,84374,12,266731
3819,0.001355,172.31.36.0-255,66,84440,12,266731
3820,0.001359,74.125.24.0-255,2902,87342,12,266731
3821,0.001361,172.31.36.0-255,66,87408,12,266731
3822,0.001404,172.31.36.0-255,66,87474,12,266731
3823,0.001408,74.125.24.0-255,1484,88958,12,266731
3824,0.001441,172.31.36.0-255,66,89024,12,266731
3825,0.001661,74.125.24.0-255,1484,90508,12,266731
3826,0.001668,74.125.24.0-255,2902,93410,12,266731
3827,0.001671,172.31.36.0-255,66,93476,12,266731
3828,0.001697,74.125.24.0-255,5738,99214,12,266731
3829,0.0017,172.31.36.0-255,66,99280,12,266731
3830,0.001736,172.31.36.0-255,66,99346,12,266731
3831,0.001742,74.125.24.0-255,5738,105084,12,266731
3832,0.001745,172.31.36.0-255,66,105150,12,266731
3833,0.001773,74.125.24.0-255,2902,108052,12,266731
3834,0.001776,172.31.36.0-255,66,108118,12,266731
3835,0.001814,74.125.24.0-255,2184,110302,12,266731
3836,0.001817,172.31.36.0-255,66,110368,12,266731
3837,0.002127,74.125.24.0-255,1484,111852,12,266731
3838,0.002137,74.125.24.0-255,2902,114754,12,266731
3839,0.002141,172.31.36.0-255,66,114820,12,266731
3840,0.002149,74.125.24.0-255,5738,120558,12,266731
3841,0.002152,172.31.36.0-255,66,120624,12,266731
3842,0.002186,172.31.36.0-255,66,120690,12,266731
3843,0.002223,74.125.24.0-255,2902,123592,12,266731
3844,0.002227,172.31.36.0-255,66,123658,12,266731
3845,0.002237,172.31.36.0-255,66,123724,12,266731
3846,0.002283,74.125.24.0-255,7156,130880,12,266731
3847,0.002287,172.31.36.0-255,66,130946,12,266731
3848,0.002339,172.31.36.0-255,66,131012,12,266731
3849,0.002353,172.31.36.0-255,66,131078,12,266731
3850,0.002367,172.31.36.0-255,66,131144,12,266731
3851,0.002369,74.125.24.0-255,1484,132628,12,266731
3852,0.002373,74.125.24.0-255,1484,134112,12,266731
3853,0.002375,172.31.36.0-255,66,134178,12,266731
3854,0.002381,74.125.24.0-255,4320,138498,12,266731
3855,0.002384,172.31.36.0-255,66,138564,12,266731
3856,0.004709,74.125.24.0-255,2902,141466,12,266731
3857,0.004715,172.31.36.0-255,66,141532,12,266731
3858,0.004735,74.125.24.0-255,2902,144434,12,266731
3859,0.004738,172.31.36.0-255,66,144500,12,266731
3860,0.007007,74.125.24.0-255,2902,147402,12,266731
3861,0.00701,172.31.36.0-255,66,147468,12,266731
3862,0.007036,74.125.24.0-255,2902,150370,12,266731
3863,0.007039,172.31.36.0-255,66,150436,12,266731
3864,0.009338,74.125.24.0-255,5738,156174,12,266731
3865,0.009344,172.31.36.0-255,66,156240,12,266731
3866,0.011647,74.125.24.0-255,5738,161978,12,266731
3867,0.011654,172.31.36.0-255,66,162044,12,266731
3868,0.013968,74.125.24.0-255,5738,167782,12,266731
3869,0.013982,172.31.36.0-255,66,167848,12,266731
3870,0.016259,74.125.24.0-255,5738,173586,12,266731
3871,0.016267,172.31.36.0-255,66,173652,12,266731
3872,0.018568,74.125.24.0-255,5738,179390,12,266731
3873,0.018575,172.31.36.0-255,66,179456,12,266731
3874,0.02089,74.125.24.0-255,5738,185194,12,266731
3875,0.020899,172.31.36.0-255,66,185260,12,266731
3876,0.023207,74.125.24.0-255,5738,190998,12,266731
3877,0.023214,172.31.36.0-255,66,191064,12,266731
3878,0.025524,74.125.24.0-255,5738,196802,12,266731
3879,0.02553,172.31.36.0-255,66,196868,12,266731
3880,0.027794,172.31.36.0-255,199,197067,12,266731
3881,0.027841,74.125.24.0-255,5738,202805,12,266731
3882,0.027847,172.31.36.0-255,66,202871,12,266731
3883,0.027852,172.31.36.0-255,1109,203980,12,266731
3884,0.027863,172.31.36.0-255,1514,205494,12,266731
3885,0.027865,172.31.36.0-255,1298,206792,12,266731
3886,0.029373,104.244.42.0-255,66,206858,12,266731
3887,0.029382,104.244.42.0-255,66,206924,12,266731
3888,0.029424,104.244.42.0-255,66,206990,12,266731
3889,0.030169,74.125.24.0-255,5738,212728,12,266731
3890,0.030176,172.31.36.0-255,66,212794,12,266731
3891,0.032479,74.125.24.0-255,4320,217114,12,266731
3892,0.032485,172.31.36.0-255,66,217180,12,266731
3893,0.032517,74.125.24.0-255,1484,218664,12,266731
3894,0.034799,74.125.24.0-255,2902,221566,12,266731
3895,0.034804,172.31.36.0-255,66,221632,12,266731
3896,0.034836,74.125.24.0-255,1484,223116,12,266731
3897,0.0371,74.125.24.0-255,4320,227436,12,266731
3898,0.037105,172.31.36.0-255,66,227502,12,266731
3899,0.039427,74.125.24.0-255,5738,233240,12,266731
3900,0.039432,172.31.36.0-255,66,233306,12,266731
3901,0.041733,74.125.24.0-255,2902,236208,12,266731
3902,0.041739,172.31.36.0-255,66,236274,12,266731
3903,0.041776,74.125.24.0-255,2902,239176,12,266731
3904,0.04178,172.31.36.0-255,66,239242,12,266731
3905,0.044026,74.125.24.0-255,1484,240726,12,266731
3906,0.044054,74.125.24.0-255,1484,242210,12,266731
3907,0.044058,172.31.36.0-255,66,242276,12,266731
3908,0.044087,74.125.24.0-255,2902,245178,12,266731
3909,0.044091,172.31.36.0-255,66,245244,12,266731
3910,0.046368,74.125.24.0-255,1484,246728,12,266731
3911,0.046397,74.125.24.0-255,4320,251048,12,266731
3912,0.046402,172.31.36.0-255,66,251114,12,266731
3913,0.048709,74.125.24.0-255,2902,254016,12,266731
3914,0.048713,172.31.36.0-255,66,254082,12,266731
3915,0.048744,74.125.24.0-255,2902,256984,12,266731
3916,0.048746,172.31.36.0-255,66,257050,12,266731
3917,0.051039,74.125.24.0-255,5738,262788,12,266731
3918,0.051044,172.31.36.0-255,66,262854,12,266731
3919,0.053339,74.125.24.0-255,3640,266494,12,266731
3920,0.053344,172.31.36.0-255,66,266560,12,266731
3921,0.053496,172.31.36.0-255,105,266665,12,266731
3922,0.055749,74.125.24.0-255,66,266731,12,266731
3923,0.0,74.125.24.0-255,154,154,12,196058
3924,3e-05,172.31.36.0-255,66,220,12,196058
3925,3.6e-05,74.125.24.0-255,1484,1704,12,196058
3926,4.1e-05,172.31.36.0-255,66,1770,12,196058
3927,4.5e-05,74.125.24.0-255,2902,4672,12,196058
3928,4.8e-05,172.31.36.0-255,66,4738,12,196058
3929,5.6e-05,74.125.24.0-255,7156,11894,12,196058
3930,5.9e-05,172.31.36.0-255,66,11960,12,196058
3931,6.2e-05,74.125.24.0-255,2009,13969,12,196058
3932,6.4e-05,172.31.36.0-255,66,14035,12,196058
3933,9.6e-05,172.31.36.0-255,66,14101,12,196058
3934,0.000108,74.125.24.0-255,2902,17003,12,196058
3935,0.00011,172.31.36.0-255,66,17069,12,196058
3936,0.000136,172.31.36.0-255,66,17135,12,196058
3937,0.00015,74.125.24.0-255,1484,18619,12,196058
3938,0.000152,172.31.36.0-255,66,18685,12,196058
3939,0.000183,172.31.36.0-255,66,18751,12,196058
3940,0.000215,172.31.36.0-255,66,18817,12,196058
3941,0.000217,74.125.24.0-255,112,18929,12,196058
3942,0.000219,172.31.36.0-255,66,18995,12,196058
3943,0.000336,74.125.24.0-255,1484,20479,12,196058
3944,0.000339,172.31.36.0-255,66,20545,12,196058
3945,0.000344,74.125.24.0-255,2902,23447,12,196058
3946,0.000346,172.31.36.0-255,66,23513,12,196058
3947,0.000348,74.125.24.0-255,1484,24997,12,196058
3948,0.00035,172.31.36.0-255,66,25063,12,196058
3949,0.00037,74.125.24.0-255,4320,29383,12,196058
3950,0.000372,172.31.36.0-255,66,29449,12,196058
3951,0.000384,74.125.24.0-255,4320,33769,12,196058
3952,0.000386,172.31.36.0-255,66,33835,12,196058
3953,0.000418,172.31.36.0-255,66,33901,12,196058
3954,0.000425,74.125.24.0-255,7156,41057,12,196058
3955,0.000427,172.31.36.0-255,66,41123,12,196058
3956,0.000456,74.125.24.0-255,2902,44025,12,196058
3957,0.000459,172.31.36.0-255,66,44091,12,196058
3958,0.000485,172.31.36.0-255,66,44157,12,196058
3959,0.000514,172.31.36.0-255,66,44223,12,196058
3960,0.000581,74.125.24.0-255,1484,45707,12,196058
3961,0.000587,74.125.24.0-255,2902,48609,12,196058
3962,0.000589,172.31.36.0-255,66,48675,12,196058
3963,0.000605,74.125.24.0-255,5738,54413,12,196058
3964,0.000607,172.31.36.0-255,66,54479,12,196058
3965,0.000612,74.125.24.0-255,4320,58799,12,196058
3966,0.000614,172.31.36.0-255,66,58865,12,196058
3967,0.000648,172.31.36.0-255,66,58931,12,196058
3968,0.000678,172.31.36.0-255,66,58997,12,196058
3969,0.00076,74.125.24.0-255,1484,60481,12,196058
3970,0.000774,74.125.24.0-255,2902,63383,12,196058
3971,0.000776,172.31.36.0-255,66,63449,12,196058
3972,0.000797,74.125.24.0-255,4320,67769,12,196058
3973,0.000799,172.31.36.0-255,66,67835,12,196058
3974,0.000828,74.125.24.0-255,4320,72155,12,196058
3975,0.000831,172.31.36.0-255,66,72221,12,196058
3976,0.000846,74.125.24.0-255,2902,75123,12,196058
3977,0.000848,172.31.36.0-255,66,75189,12,196058
3978,0.000873,74.125.24.0-255,1484,76673,12,196058
3979,0.000879,74.125.24.0-255,7156,83829,12,196058
3980,0.000883,172.31.36.0-255,66,83895,12,196058
3981,0.000898,74.125.24.0-255,5738,89633,12,196058
3982,0.000901,172.31.36.0-255,66,89699,12,196058
3983,0.000906,74.125.24.0-255,3602,93301,12,196058
3984,0.000908,172.31.36.0-255,66,93367,12,196058
3985,0.001004,74.125.24.0-255,1484,94851,12,196058
3986,0.001032,74.125.24.0-255,1484,96335,12,196058
3987,0.001035,172.31.36.0-255,66,96401,12,196058
3988,0.001053,74.125.24.0-255,1484,97885,12,196058
3989,0.001058,74.125.24.0-255,5738,103623,12,196058
3990,0.00106,172.31.36.0-255,66,103689,12,196058
3991,0.001064,74.125.24.0-255,2902,106591,12,196058
3992,0.001066,172.31.36.0-255,66,106657,12,196058
3993,0.001093,172.31.36.0-255,66,106723,12,196058
3994,0.00111,74.125.24.0-255,7156,113879,12,196058
3995,0.001112,172.31.36.0-255,66,113945,12,196058
3996,0.001127,74.125.24.0-255,6438,120383,12,196058
3997,0.001129,172.31.36.0-255,66,120449,12,196058
3998,0.001134,74.125.24.0-255,4320,124769,12,196058
3999,0.001136,172.31.36.0-255,66,124835,12,196058
4000,0.001157,74.125.24.0-255,1484,126319,12,196058
4001,0.001164,74.125.24.0-255,7156,133475,12,196058
4002,0.001166,172.31.36.0-255,66,133541,12,196058
4003,0.001199,172.31.36.0-255,66,133607,12,196058
4004,0.001201,74.125.24.0-255,1484,135091,12,196058
4005,0.001216,74.125.24.0-255,2184,137275,12,196058
4006,0.00122,172.31.36.0-255,66,137341,12,196058
4007,0.001316,74.125.24.0-255,1484,138825,12,196058
4008,0.00132,74.125.24.0-255,2902,141727,12,196058
4009,0.001323,172.31.36.0-255,66,141793,12,196058
4010,0.001326,74.125.24.0-255,1484,143277,12,196058
4011,0.001343,74.125.24.0-255,4320,147597,12,196058
4012,0.001346,172.31.36.0-255,66,147663,12,196058
4013,0.00136,74.125.24.0-255,2902,150565,12,196058
4014,0.001362,172.31.36.0-255,66,150631,12,196058
4015,0.0014,172.31.36.0-255,66,150697,12,196058
4016,0.001407,74.125.24.0-255,7156,157853,12,196058
4017,0.001414,172.31.36.0-255,66,157919,12,196058
4018,0.001447,74.125.24.0-255,3602,161521,12,196058
4019,0.00145,172.31.36.0-255,66,161587,12,196058
4020,0.001566,74.125.24.0-255,1484,163071,12,196058
4021,0.001581,74.125.24.0-255,2902,165973,12,196058
4022,0.001584,172.31.36.0-255,66,166039,12,196058
4023,0.001602,74.125.24.0-255,4320,170359,12,196058
4024,0.001604,172.31.36.0-255,66,170425,12,196058
4025,0.001623,74.125.24.0-255,1484,171909,12,196058
4026,0.001628,74.125.24.0-255,4320,176229,12,196058
4027,0.00163,172.31.36.0-255,66,176295,12,196058
4028,0.001659,172.31.36.0-255,66,176361,12,196058
4029,0.001663,74.125.24.0-255,4320,180681,12,196058
4030,0.001665,172.31.36.0-255,66,180747,12,196058
4031,0.001696,74.125.24.0-255,4320,185067,12,196058
4032,0.001699,172.31.36.0-255,66,185133,12,196058
4033,0.001735,172.31.36.0-255,66,185199,12,196058
4034,0.001765,74.125.24.0-255,1484,186683,12,196058
4035,0.001791,74.125.24.0-255,766,187449,12,196058
4036,0.001794,172.31.36.0-255,66,187515,12,196058
4037,0.001799,172.31.36.0-255,66,187581,12,196058
4038,0.00184,172.31.36.0-255,66,187647,12,196058
4039,0.001852,172.31.36.0-255,66,187713,12,196058
4040,0.001863,172.31.36.0-255,66,187779,12,196058
4041,0.001898,172.31.36.0-255,66,187845,12,196058
4042,0.001901,74.125.24.0-255,105,187950,12,196058
4043,0.00281,172.31.36.0-255,101,188051,12,196058
4044,0.003337,172.31.36.0-255,105,188156,12,196058
4045,0.004809,74.125.24.0-255,66,188222,12,196058
4046,0.005322,74.125.24.0-255,66,188288,12,196058
4047,0.03293,172.31.36.0-255,171,188459,12,196058
4048,0.033061,172.31.36.0-255,1131,189590,12,196058
4049,0.033139,172.31.36.0-255,1514,191104,12,196058
4050,0.033141,172.31.36.0-255,1514,192618,12,196058
4051,0.033146,172.31.36.0-255,1514,194132,12,196058
4052,0.033148,172.31.36.0-255,1514,195646,12,196058
4053,0.033167,172.31.36.0-255,148,195794,12,196058
4054,0.03449,104.244.42.0-255,66,195860,12,196058
4055,0.034588,104.244.42.0-255,66,195926,12,196058
4056,0.034688,104.244.42.0-255,66,195992,12,196058
4057,0.034706,104.244.42.0-255,66,196058,12,196058
4058,0.0,172.217.160.0-255,153,153,12,262509
4059,3.5e-05,172.31.36.0-255,66,219,12,262509
4060,4.2e-05,172.217.160.0-255,1484,1703,12,262509
4061,4.6e-05,172.31.36.0-255,66,1769,12,262509
4062,5.1e-05,172.217.160.0-255,2902,4671,12,262509
4063,5.4e-05,172.31.36.0-255,66,4737,12,262509
4064,7.6e-05,172.217.160.0-255,5738,10475,12,262509
4065,7.9e-05,172.31.36.0-255,66,10541,12,262509
4066,0.000186,172.217.160.0-255,3349,13890,12,262509
4067,0.00019,172.31.36.0-255,66,13956,12,262509
4068,0.000236,172.217.160.0-255,2902,16858,12,262509
4069,0.00024,172.31.36.0-255,66,16924,12,262509
4070,0.000255,172.217.160.0-255,1484,18408,12,262509
4071,0.000258,172.31.36.0-255,66,18474,12,262509
4072,0.000331,172.217.160.0-255,7156,25630,12,262509
4073,0.000335,172.31.36.0-255,66,25696,12,262509
4074,0.000352,172.217.160.0-255,2902,28598,12,262509
4075,0.000356,172.31.36.0-255,66,28664,12,262509
4076,0.000498,172.217.160.0-255,2543,31207,12,262509
4077,0.000503,172.31.36.0-255,66,31273,12,262509
4078,0.000554,172.217.160.0-255,5738,37011,12,262509
4079,0.000559,172.31.36.0-255,66,37077,12,262509
4080,0.000585,172.31.36.0-255,66,37143,12,262509
4081,0.0008,172.217.160.0-255,2543,39686,12,262509
4082,0.000805,172.31.36.0-255,66,39752,12,262509
4083,0.000851,172.217.160.0-255,7156,46908,12,262509
4084,0.000856,172.31.36.0-255,66,46974,12,262509
4085,0.000887,172.31.36.0-255,66,47040,12,262509
4086,0.001146,172.217.160.0-255,376,47416,12,262509
4087,0.001152,172.31.36.0-255,66,47482,12,262509
4088,0.001276,172.217.160.0-255,368,47850,12,262509
4089,0.001299,172.217.160.0-255,1484,49334,12,262509
4090,0.001303,172.31.36.0-255,66,49400,12,262509
4091,0.001308,172.217.160.0-255,1484,50884,12,262509
4092,0.001325,172.217.160.0-255,2902,53786,12,262509
4093,0.001327,172.31.36.0-255,66,53852,12,262509
4094,0.001386,172.217.160.0-255,4320,58172,12,262509
4095,0.00139,172.31.36.0-255,66,58238,12,262509
4096,0.001473,172.217.160.0-255,4320,62558,12,262509
4097,0.001477,172.31.36.0-255,66,62624,12,262509
4098,0.001501,172.217.160.0-255,6797,69421,12,262509
4099,0.001503,172.31.36.0-255,66,69487,12,262509
4100,0.001679,172.217.160.0-255,1484,70971,12,262509
4101,0.001688,172.217.160.0-255,2902,73873,12,262509
4102,0.001691,172.31.36.0-255,66,73939,12,262509
4103,0.001718,172.31.36.0-255,66,74005,12,262509
4104,0.001905,172.31.36.0-255,66,74071,12,262509
4105,0.001942,172.31.36.0-255,66,74137,12,262509
4106,0.002386,172.217.160.0-255,6438,80575,12,262509
4107,0.00239,172.31.36.0-255,66,80641,12,262509
4108,0.002504,172.217.160.0-255,5738,86379,12,262509
4109,0.002508,172.31.36.0-255,66,86445,12,262509
4110,0.002533,172.31.36.0-255,66,86511,12,262509
4111,0.002573,172.31.36.0-255,66,86577,12,262509
4112,0.003106,172.217.160.0-255,5738,92315,12,262509
4113,0.00311,172.31.36.0-255,66,92381,12,262509
4114,0.003147,172.31.36.0-255,66,92447,12,262509
4115,0.003173,172.31.36.0-255,66,92513,12,262509
4116,0.005136,172.217.160.0-255,2902,95415,12,262509
4117,0.005141,172.31.36.0-255,66,95481,12,262509
4118,0.005188,172.217.160.0-255,2902,98383,12,262509
4119,0.00519,172.31.36.0-255,66,98449,12,262509
4120,0.00711,172.217.160.0-255,2902,101351,12,262509
4121,0.007115,172.31.36.0-255,66,101417,12,262509
4122,0.007141,172.217.160.0-255,2902,104319,12,262509
4123,0.007143,172.31.36.0-255,66,104385,12,262509
4124,0.009096,172.217.160.0-255,5738,110123,12,262509
4125,0.009104,172.31.36.0-255,66,110189,12,262509
4126,0.011078,172.217.160.0-255,5738,115927,12,262509
4127,0.011086,172.31.36.0-255,66,115993,12,262509
4128,0.013072,172.217.160.0-255,5738,121731,12,262509
4129,0.013078,172.31.36.0-255,66,121797,12,262509
4130,0.015053,172.217.160.0-255,5738,127535,12,262509
4131,0.015061,172.31.36.0-255,66,127601,12,262509
4132,0.017036,172.217.160.0-255,5738,133339,12,262509
4133,0.017043,172.31.36.0-255,66,133405,12,262509
4134,0.019057,172.217.160.0-255,5738,139143,12,262509
4135,0.019063,172.31.36.0-255,66,139209,12,262509
4136,0.021054,172.217.160.0-255,5738,144947,12,262509
4137,0.021062,172.31.36.0-255,66,145013,12,262509
4138,0.023078,172.217.160.0-255,4320,149333,12,262509
4139,0.023084,172.31.36.0-255,66,149399,12,262509
4140,0.023104,172.217.160.0-255,1484,150883,12,262509
4141,0.025075,172.217.160.0-255,4320,155203,12,262509
4142,0.025093,172.31.36.0-255,66,155269,12,262509
4143,0.027105,172.217.160.0-255,5738,161007,12,262509
4144,0.027126,172.31.36.0-255,66,161073,12,262509
4145,0.029123,172.217.160.0-255,5738,166811,12,262509
4146,0.029141,172.31.36.0-255,66,166877,12,262509
4147,0.031117,172.217.160.0-255,5738,172615,12,262509
4148,0.031128,172.31.36.0-255,66,172681,12,262509
4149,0.033118,172.217.160.0-255,5738,178419,12,262509
4150,0.033133,172.31.36.0-255,66,178485,12,262509
4151,0.035112,172.217.160.0-255,5738,184223,12,262509
4152,0.035124,172.31.36.0-255,66,184289,12,262509
4153,0.037097,172.217.160.0-255,5738,190027,12,262509
4154,0.037105,172.31.36.0-255,66,190093,12,262509
4155,0.039078,172.217.160.0-255,5738,195831,12,262509
4156,0.039086,172.31.36.0-255,66,195897,12,262509
4157,0.040578,172.31.36.0-255,172,196069,12,262509
4158,0.040713,172.31.36.0-255,1108,197177,12,262509
4159,0.040797,172.31.36.0-255,1514,198691,12,262509
4160,0.0408,172.31.36.0-255,1514,200205,12,262509
4161,0.040801,172.31.36.0-255,1514,201719,12,262509
4162,0.040802,172.31.36.0-255,1514,203233,12,262509
4163,0.040803,172.31.36.0-255,1514,204747,12,262509
4164,0.040836,172.31.36.0-255,84,204831,12,262509
4165,0.041051,172.217.160.0-255,5738,210569,12,262509
4166,0.041058,172.31.36.0-255,66,210635,12,262509
4167,0.042083,104.244.42.0-255,66,210701,12,262509
4168,0.042286,104.244.42.0-255,66,210767,12,262509
4169,0.042378,104.244.42.0-255,66,210833,12,262509
4170,0.042381,104.244.42.0-255,66,210899,12,262509
4171,0.043016,172.217.160.0-255,4320,215219,12,262509
4172,0.043021,172.31.36.0-255,66,215285,12,262509
4173,0.043031,172.217.160.0-255,1484,216769,12,262509
4174,0.044998,172.217.160.0-255,4320,221089,12,262509
4175,0.045004,172.31.36.0-255,66,221155,12,262509
4176,0.046977,172.217.160.0-255,5738,226893,12,262509
4177,0.046983,172.31.36.0-255,66,226959,12,262509
4178,0.048959,172.217.160.0-255,5738,232697,12,262509
4179,0.048964,172.31.36.0-255,66,232763,12,262509
4180,0.05094,172.217.160.0-255,2902,235665,12,262509
4181,0.050946,172.31.36.0-255,66,235731,12,262509
4182,0.050979,172.217.160.0-255,2902,238633,12,262509
4183,0.050982,172.31.36.0-255,66,238699,12,262509
4184,0.05291,172.217.160.0-255,2902,241601,12,262509
4185,0.052916,172.31.36.0-255,66,241667,12,262509
4186,0.052949,172.217.160.0-255,2902,244569,12,262509
4187,0.052952,172.31.36.0-255,66,244635,12,262509
4188,0.054885,172.217.160.0-255,2902,247537,12,262509
4189,0.05489,172.31.36.0-255,66,247603,12,262509
4190,0.05493,172.217.160.0-255,2902,250505,12,262509
4191,0.054933,172.31.36.0-255,66,250571,12,262509
4192,0.056861,172.217.160.0-255,1484,252055,12,262509
4193,0.056885,172.217.160.0-255,1484,253539,12,262509
4194,0.056889,172.31.36.0-255,66,253605,12,262509
4195,0.056907,172.217.160.0-255,2902,256507,12,262509
4196,0.056909,172.31.36.0-255,66,256573,12,262509
4197,0.058851,172.217.160.0-255,2902,259475,12,262509
4198,0.058857,172.31.36.0-255,66,259541,12,262509
4199,0.058889,172.217.160.0-255,2902,262443,12,262509
4200,0.058892,172.31.36.0-255,66,262509,12,262509
4201,0.0,74.125.24.0-255,146,146,12,188971
4202,3.4e-05,172.31.36.0-255,66,212,12,188971
4203,4.2e-05,74.125.24.0-255,1484,1696,12,188971
4204,4.7e-05,172.31.36.0-255,66,1762,12,188971
4205,5.3e-05,74.125.24.0-255,2902,4664,12,188971
4206,5.6e-05,172.31.36.0-255,66,4730,12,188971
4207,5.9e-05,74.125.24.0-255,1484,6214,12,188971
4208,6.1e-05,172.31.36.0-255,66,6280,12,188971
4209,6.6e-05,74.125.24.0-255,2902,9182,12,188971
4210,6.9e-05,172.31.36.0-255,66,9248,12,188971
4211,0.0001,74.125.24.0-255,4940,14188,12,188971
4212,0.000103,172.31.36.0-255,66,14254,12,188971
4213,0.000131,74.125.24.0-255,4320,18574,12,188971
4214,0.000134,172.31.36.0-255,66,18640,12,188971
4215,0.000152,74.125.24.0-255,1484,20124,12,188971
4216,0.000155,172.31.36.0-255,66,20190,12,188971
4217,0.000158,74.125.24.0-255,1484,21674,12,188971
4218,0.00016,172.31.36.0-255,66,21740,12,188971
4219,0.000172,172.31.36.0-255,66,21806,12,188971
4220,0.000175,74.125.24.0-255,1125,22931,12,188971
4221,0.000179,172.31.36.0-255,66,22997,12,188971
4222,0.000287,74.125.24.0-255,1484,24481,12,188971
4223,0.000291,172.31.36.0-255,66,24547,12,188971
4224,0.000295,74.125.24.0-255,1484,26031,12,188971
4225,0.000297,172.31.36.0-255,66,26097,12,188971
4226,0.000315,74.125.24.0-255,1484,27581,12,188971
4227,0.000318,172.31.36.0-255,66,27647,12,188971
4228,0.000324,74.125.24.0-255,5738,33385,12,188971
4229,0.000327,172.31.36.0-255,66,33451,12,188971
4230,0.00035,74.125.24.0-255,4320,37771,12,188971
4231,0.000353,172.31.36.0-255,66,37837,12,188971
4232,0.000378,74.125.24.0-255,6797,44634,12,188971
4233,0.000381,172.31.36.0-255,66,44700,12,188971
4234,0.000396,172.31.36.0-255,66,44766,12,188971
4235,0.000398,74.125.24.0-255,1398,46164,12,188971
4236,0.000429,74.125.24.0-255,412,46576,12,188971
4237,0.000433,172.31.36.0-255,66,46642,12,188971
4238,0.000578,74.125.24.0-255,1484,48126,12,188971
4239,0.000585,74.125.24.0-255,2902,51028,12,188971
4240,0.000589,172.31.36.0-255,66,51094,12,188971
4241,0.000595,74.125.24.0-255,5738,56832,12,188971
4242,0.000597,172.31.36.0-255,66,56898,12,188971
4243,0.000647,172.31.36.0-255,66,56964,12,188971
4244,0.000653,74.125.24.0-255,4320,61284,12,188971
4245,0.000658,172.31.36.0-255,66,61350,12,188971
4246,0.000675,74.125.24.0-255,6438,67788,12,188971
4247,0.00068,172.31.36.0-255,66,67854,12,188971
4248,0.000776,74.125.24.0-255,1484,69338,12,188971
4249,0.000782,74.125.24.0-255,2902,72240,12,188971
4250,0.000785,172.31.36.0-255,66,72306,12,188971
4251,0.000809,74.125.24.0-255,5738,78044,12,188971
4252,0.000813,172.31.36.0-255,66,78110,12,188971
4253,0.00083,74.125.24.0-255,2902,81012,12,188971
4254,0.000833,172.31.36.0-255,66,81078,12,188971
4255,0.000872,172.31.36.0-255,66,81144,12,188971
4256,0.000885,74.125.24.0-255,2902,84046,12,188971
4257,0.00089,172.31.36.0-255,66,84112,12,188971
4258,0.000909,172.31.36.0-255,66,84178,12,188971
4259,0.000987,74.125.24.0-255,1484,85662,12,188971
4260,0.001005,74.125.24.0-255,2902,88564,12,188971
4261,0.001009,172.31.36.0-255,66,88630,12,188971
4262,0.001028,74.125.24.0-255,2902,91532,12,188971
4263,0.001031,172.31.36.0-255,66,91598,12,188971
4264,0.001047,74.125.24.0-255,2902,94500,12,188971
4265,0.00105,172.31.36.0-255,66,94566,12,188971
4266,0.001056,74.125.24.0-255,5738,100304,12,188971
4267,0.001058,172.31.36.0-255,66,100370,12,188971
4268,0.001108,172.31.36.0-255,66,100436,12,188971
4269,0.001114,74.125.24.0-255,5020,105456,12,188971
4270,0.001116,172.31.36.0-255,66,105522,12,188971
4271,0.00116,74.125.24.0-255,1484,107006,12,188971
4272,0.001175,74.125.24.0-255,2902,109908,12,188971
4273,0.001179,172.31.36.0-255,66,109974,12,188971
4274,0.001186,74.125.24.0-255,4320,114294,12,188971
4275,0.001188,172.31.36.0-255,66,114360,12,188971
4276,0.00121,74.125.24.0-255,1484,115844,12,188971
4277,0.001214,74.125.24.0-255,1484,117328,12,188971
4278,0.001216,172.31.36.0-255,66,117394,12,188971
4279,0.001228,172.31.36.0-255,66,117460,12,188971
4280,0.001261,74.125.24.0-255,2902,120362,12,188971
4281,0.001265,172.31.36.0-255,66,120428,12,188971
4282,0.001294,172.31.36.0-255,66,120494,12,188971
4283,0.001534,74.125.24.0-255,1484,121978,12,188971
4284,0.001539,74.125.24.0-255,2902,124880,12,188971
4285,0.001543,172.31.36.0-255,66,124946,12,188971
4286,0.001547,74.125.24.0-255,1484,126430,12,188971
4287,0.001567,74.125.24.0-255,4320,130750,12,188971
4288,0.00157,172.31.36.0-255,66,130816,12,188971
4289,0.001584,74.125.24.0-255,4320,135136,12,188971
4290,0.001587,172.31.36.0-255,66,135202,12,188971
4291,0.001606,74.125.24.0-255,5738,140940,12,188971
4292,0.001608,172.31.36.0-255,66,141006,12,188971
4293,0.001613,74.125.24.0-255,2902,143908,12,188971
4294,0.001616,172.31.36.0-255,66,143974,12,188971
4295,0.001645,74.125.24.0-255,766,144740,12,188971
4296,0.001646,172.31.36.0-255,66,144806,12,188971
4297,0.001808,74.125.24.0-255,1484,146290,12,188971
4298,0.001813,172.31.36.0-255,66,146356,12,188971
4299,0.001818,74.125.24.0-255,2902,149258,12,188971
4300,0.00182,172.31.36.0-255,66,149324,12,188971
4301,0.001848,74.125.24.0-255,5738,155062,12,188971
4302,0.001851,172.31.36.0-255,66,155128,12,188971
4303,0.001856,74.125.24.0-255,4320,159448,12,188971
4304,0.001863,172.31.36.0-255,66,159514,12,188971
4305,0.001901,172.31.36.0-255,66,159580,12,188971
4306,0.001906,172.31.36.0-255,66,159646,12,188971
4307,0.001987,172.31.36.0-255,66,159712,12,188971
4308,0.002012,74.125.24.0-255,2902,162614,12,188971
4309,0.002016,172.31.36.0-255,66,162680,12,188971
4310,0.002027,74.125.24.0-255,5738,168418,12,188971
4311,0.00203,172.31.36.0-255,66,168484,12,188971
4312,0.002058,172.31.36.0-255,66,168550,12,188971
4313,0.002074,172.31.36.0-255,66,168616,12,188971
4314,0.00209,74.125.24.0-255,2902,171518,12,188971
4315,0.002093,172.31.36.0-255,66,171584,12,188971
4316,0.0021,74.125.24.0-255,6438,178022,12,188971
4317,0.002102,172.31.36.0-255,66,178088,12,188971
4318,0.002118,172.31.36.0-255,66,178154,12,188971
4319,0.002141,172.31.36.0-255,66,178220,12,188971
4320,0.002158,172.31.36.0-255,66,178286,12,188971
4321,0.002187,172.31.36.0-255,66,178352,12,188971
4322,0.002201,172.31.36.0-255,66,178418,12,188971
4323,0.002206,74.125.24.0-255,5738,184156,12,188971
4324,0.002209,172.31.36.0-255,66,184222,12,188971
4325,0.002247,74.125.24.0-255,105,184327,12,188971
4326,0.002263,172.31.36.0-255,66,184393,12,188971
4327,0.003735,172.31.36.0-255,105,184498,12,188971
4328,0.005979,74.125.24.0-255,66,184564,12,188971
4329,0.047095,172.31.36.0-255,172,184736,12,188971
4330,0.047125,172.31.36.0-255,1108,185844,12,188971
4331,0.047184,172.31.36.0-255,1514,187358,12,188971
4332,0.047186,172.31.36.0-255,1415,188773,12,188971
4333,0.048643,104.244.42.0-255,66,188839,12,188971
4334,0.048678,104.244.42.0-255,66,188905,12,188971
4335,0.048736,104.244.42.0-255,66,188971,12,188971
4336,0.0,172.217.194.0-255,203,203,12,234371
4337,2.3e-05,172.31.36.0-255,66,269,12,234371
4338,3.1e-05,172.217.194.0-255,1484,1753,12,234371
4339,3.5e-05,172.31.36.0-255,66,1819,12,234371
4340,4.1e-05,172.217.194.0-255,2902,4721,12,234371
4341,4.4e-05,172.31.36.0-255,66,4787,12,234371
4342,5.1e-05,172.217.194.0-255,7156,11943,12,234371
4343,5.4e-05,172.31.36.0-255,66,12009,12,234371
4344,5.8e-05,172.217.194.0-255,2084,14093,12,234371
4345,6.2e-05,172.31.36.0-255,66,14159,12,234371
4346,7.5e-05,172.31.36.0-255,66,14225,12,234371
4347,0.0001,172.217.194.0-255,2902,17127,12,234371
4348,0.000103,172.31.36.0-255,66,17193,12,234371
4349,0.00011,172.217.194.0-255,5379,22572,12,234371
4350,0.000112,172.31.36.0-255,66,22638,12,234371
4351,0.000155,172.217.194.0-255,1484,24122,12,234371
4352,0.000157,172.31.36.0-255,66,24188,12,234371
4353,0.000163,172.217.194.0-255,2902,27090,12,234371
4354,0.000165,172.31.36.0-255,66,27156,12,234371
4355,0.000192,172.217.194.0-255,5738,32894,12,234371
4356,0.000195,172.31.36.0-255,66,32960,12,234371
4357,0.000203,172.217.194.0-255,6797,39757,12,234371
4358,0.000205,172.31.36.0-255,66,39823,12,234371
4359,0.000245,172.31.36.0-255,66,39889,12,234371
4360,0.00025,172.217.194.0-255,2816,42705,12,234371
4361,0.000252,172.31.36.0-255,66,42771,12,234371
4362,0.000288,172.217.194.0-255,403,43174,12,234371
4363,0.000291,172.31.36.0-255,66,43240,12,234371
4364,0.000307,172.217.194.0-255,1484,44724,12,234371
4365,0.000309,172.31.36.0-255,66,44790,12,234371
4366,0.000313,172.217.194.0-255,2902,47692,12,234371
4367,0.000315,172.31.36.0-255,66,47758,12,234371
4368,0.000349,172.217.194.0-255,1484,49242,12,234371
4369,0.000363,172.31.36.0-255,66,49308,12,234371
4370,0.000366,172.217.194.0-255,577,49885,12,234371
4371,0.000401,172.217.194.0-255,4320,54205,12,234371
4372,0.000405,172.31.36.0-255,66,54271,12,234371
4373,0.000431,172.31.36.0-255,66,54337,12,234371
4374,0.000462,172.217.194.0-255,4320,58657,12,234371
4375,0.000465,172.31.36.0-255,66,58723,12,234371
4376,0.00049,172.31.36.0-255,66,58789,12,234371
4377,0.000509,172.217.194.0-255,4320,63109,12,234371
4378,0.000512,172.31.36.0-255,66,63175,12,234371
4379,0.000533,172.217.194.0-255,2543,65718,12,234371
4380,0.000536,172.31.36.0-255,66,65784,12,234371
4381,0.000887,172.217.194.0-255,1484,67268,12,234371
4382,0.000895,172.217.194.0-255,2902,70170,12,234371
4383,0.0009,172.31.36.0-255,66,70236,12,234371
4384,0.000907,172.217.194.0-255,5738,75974,12,234371
4385,0.000909,172.31.36.0-255,66,76040,12,234371
4386,0.000938,172.217.194.0-255,5738,81778,12,234371
4387,0.000942,172.31.36.0-255,66,81844,12,234371
4388,0.000946,172.217.194.0-255,1125,82969,12,234371
4389,0.000985,172.217.194.0-255,1484,84453,12,234371
4390,0.00099,172.31.36.0-255,66,84519,12,234371
4391,0.000996,172.217.194.0-255,4320,88839,12,234371
4392,0.000999,172.31.36.0-255,66,88905,12,234371
4393,0.00103,172.31.36.0-255,66,88971,12,234371
4394,0.001035,172.217.194.0-255,4320,93291,12,234371
4395,0.001038,172.31.36.0-255,66,93357,12,234371
4396,0.001055,172.217.194.0-255,7156,100513,12,234371
4397,0.001058,172.31.36.0-255,66,100579,12,234371
4398,0.001087,172.217.194.0-255,6438,107017,12,234371
4399,0.001096,172.217.194.0-255,7156,114173,12,234371
4400,0.00111,172.31.36.0-255,66,114239,12,234371
4401,0.001115,172.217.194.0-255,2902,117141,12,234371
4402,0.00112,172.31.36.0-255,66,117207,12,234371
4403,0.001134,172.217.194.0-255,6797,124004,12,234371
4404,0.001163,172.217.194.0-255,4320,128324,12,234371
4405,0.001172,172.31.36.0-255,66,128390,12,234371
4406,0.001187,172.217.194.0-255,4320,132710,12,234371
4407,0.001215,172.217.194.0-255,4320,137030,12,234371
4408,0.001237,172.217.194.0-255,3961,140991,12,234371
4409,0.001249,172.31.36.0-255,66,141057,12,234371
4410,0.001264,172.31.36.0-255,66,141123,12,234371
4411,0.001287,172.217.194.0-255,7156,148279,12,234371
4412,0.001333,172.217.194.0-255,2902,151181,12,234371
4413,0.001354,172.31.36.0-255,66,151247,12,234371
4414,0.001362,172.217.194.0-255,6438,157685,12,234371
4415,0.001373,172.217.194.0-255,1484,159169,12,234371
4416,0.001376,172.31.36.0-255,66,159235,12,234371
4417,0.001393,172.217.194.0-255,2902,162137,12,234371
4418,0.001399,172.217.194.0-255,4320,166457,12,234371
4419,0.001411,172.31.36.0-255,66,166523,12,234371
4420,0.001419,172.217.194.0-255,1484,168007,12,234371
4421,0.001475,172.217.194.0-255,5738,173745,12,234371
4422,0.001492,172.217.194.0-255,5020,178765,12,234371
4423,0.001513,172.31.36.0-255,66,178831,12,234371
4424,0.00165,172.217.194.0-255,1484,180315,12,234371
4425,0.001655,172.217.194.0-255,2902,183217,12,234371
4426,0.001665,172.31.36.0-255,66,183283,12,234371
4427,0.001679,172.217.194.0-255,5738,189021,12,234371
4428,0.00169,172.31.36.0-255,66,189087,12,234371
4429,0.001729,172.31.36.0-255,66,189153,12,234371
4430,0.001752,172.217.194.0-255,1484,190637,12,234371
4431,0.001779,172.31.36.0-255,66,190703,12,234371
4432,0.001798,172.217.194.0-255,1484,192187,12,234371
4433,0.001832,172.217.194.0-255,1484,193671,12,234371
4434,0.001836,172.217.194.0-255,2902,196573,12,234371
4435,0.001845,172.31.36.0-255,66,196639,12,234371
4436,0.001866,172.217.194.0-255,5738,202377,12,234371
4437,0.001872,172.31.36.0-255,66,202443,12,234371
4438,0.0019,172.31.36.0-255,66,202509,12,234371
4439,0.001907,172.217.194.0-255,1484,203993,12,234371
4440,0.00192,172.31.36.0-255,66,204059,12,234371
4441,0.001929,172.217.194.0-255,3602,207661,12,234371
4442,0.001941,172.217.194.0-255,2902,210563,12,234371
4443,0.001956,172.217.194.0-255,1484,212047,12,234371
4444,0.001972,172.217.194.0-255,4320,216367,12,234371
4445,0.001975,172.31.36.0-255,66,216433,12,234371
4446,0.001998,172.217.194.0-255,5738,222171,12,234371
4447,0.002021,172.31.36.0-255,66,222237,12,234371
4448,0.002032,172.217.194.0-255,4320,226557,12,234371
4449,0.002047,172.217.194.0-255,5251,231808,12,234371
4450,0.00205,172.217.194.0-255,105,231913,12,234371
4451,0.002073,172.31.36.0-255,66,231979,12,234371
4452,0.005448,172.31.36.0-255,105,232084,12,234371
4453,0.007756,172.217.194.0-255,66,232150,12,234371
4454,0.028729,172.31.36.0-255,164,232314,12,234371
4455,0.028757,172.31.36.0-255,1118,233432,12,234371
4456,0.028812,172.31.36.0-255,567,233999,12,234371
4457,0.030308,104.244.42.0-255,66,234065,12,234371
4458,0.030316,104.244.42.0-255,66,234131,12,234371
4459,0.030373,104.244.42.0-255,66,234197,12,234371
4460,0.032841,104.244.42.0-255,108,234305,12,234371
4461,0.032845,172.31.36.0-255,66,234371,12,234371
4462,0.0,74.125.24.0-255,148,148,12,203210
4463,2.6e-05,172.31.36.0-255,66,214,12,203210
4464,3.3e-05,74.125.24.0-255,1484,1698,12,203210
4465,3.7e-05,172.31.36.0-255,66,1764,12,203210
4466,4.1e-05,74.125.24.0-255,2902,4666,12,203210
4467,4.4e-05,172.31.36.0-255,66,4732,12,203210
4468,4.8e-05,74.125.24.0-255,2902,7634,12,203210
4469,5.1e-05,172.31.36.0-255,66,7700,12,203210
4470,9.3e-05,74.125.24.0-255,4320,12020,12,203210
4471,9.6e-05,172.31.36.0-255,66,12086,12,203210
4472,0.000114,74.125.24.0-255,1950,14036,12,203210
4473,0.000117,172.31.36.0-255,66,14102,12,203210
4474,0.000317,74.125.24.0-255,1484,15586,12,203210
4475,0.000322,172.31.36.0-255,66,15652,12,203210
4476,0.000328,74.125.24.0-255,2902,18554,12,203210
4477,0.000331,172.31.36.0-255,66,18620,12,203210
4478,0.000338,74.125.24.0-255,5738,24358,12,203210
4479,0.000341,172.31.36.0-255,66,24424,12,203210
4480,0.000345,74.125.24.0-255,2902,27326,12,203210
4481,0.000349,172.31.36.0-255,66,27392,12,203210
4482,0.000365,74.125.24.0-255,1484,28876,12,203210
4483,0.000368,172.31.36.0-255,66,28942,12,203210
4484,0.000406,74.125.24.0-255,2543,31485,12,203210
4485,0.00041,172.31.36.0-255,66,31551,12,203210
4486,0.001075,74.125.24.0-255,1484,33035,12,203210
4487,0.001082,172.31.36.0-255,66,33101,12,203210
4488,0.00109,74.125.24.0-255,1484,34585,12,203210
4489,0.001093,172.31.36.0-255,66,34651,12,203210
4490,0.001099,74.125.24.0-255,2902,37553,12,203210
4491,0.001101,172.31.36.0-255,66,37619,12,203210
4492,0.001141,74.125.24.0-255,5738,43357,12,203210
4493,0.001144,172.31.36.0-255,66,43423,12,203210
4494,0.001148,74.125.24.0-255,1484,44907,12,203210
4495,0.001166,74.125.24.0-255,5379,50286,12,203210
4496,0.001169,172.31.36.0-255,66,50352,12,203210
4497,0.001221,172.31.36.0-255,66,50418,12,203210
4498,0.001238,74.125.24.0-255,4320,54738,12,203210
4499,0.00124,172.31.36.0-255,66,54804,12,203210
4500,0.001243,74.125.24.0-255,1125,55929,12,203210
4501,0.002651,172.31.36.0-255,66,55995,12,203210
4502,0.003511,74.125.24.0-255,4320,60315,12,203210
4503,0.003516,172.31.36.0-255,66,60381,12,203210
4504,0.004968,74.125.24.0-255,1484,61865,12,203210
4505,0.00581,74.125.24.0-255,4320,66185,12,203210
4506,0.005815,172.31.36.0-255,66,66251,12,203210
4507,0.008105,74.125.24.0-255,5738,71989,12,203210
4508,0.008112,172.31.36.0-255,66,72055,12,203210
4509,0.010402,74.125.24.0-255,5738,77793,12,203210
4510,0.01041,172.31.36.0-255,66,77859,12,203210
4511,0.012726,74.125.24.0-255,5738,83597,12,203210
4512,0.012734,172.31.36.0-255,66,83663,12,203210
4513,0.015041,74.125.24.0-255,5738,89401,12,203210
4514,0.015051,172.31.36.0-255,66,89467,12,203210
4515,0.017351,74.125.24.0-255,5738,95205,12,203210
4516,0.017358,172.31.36.0-255,66,95271,12,203210
4517,0.019671,74.125.24.0-255,5738,101009,12,203210
4518,0.019679,172.31.36.0-255,66,101075,12,203210
4519,0.021983,74.125.24.0-255,5738,106813,12,203210
4520,0.02199,172.31.36.0-255,66,106879,12,203210
4521,0.022566,172.31.36.0-255,172,107051,12,203210
4522,0.022595,172.31.36.0-255,1108,108159,12,203210
4523,0.022638,172.31.36.0-255,1514,109673,12,203210
4524,0.02264,172.31.36.0-255,1299,110972,12,203210
4525,0.0241,104.244.42.0-255,66,111038,12,203210
4526,0.024131,104.244.42.0-255,66,111104,12,203210
4527,0.024183,104.244.42.0-255,66,111170,12,203210
4528,0.024274,74.125.24.0-255,5738,116908,12,203210
4529,0.024279,172.31.36.0-255,66,116974,12,203210
4530,0.026543,74.125.24.0-255,5738,122712,12,203210
4531,0.026548,172.31.36.0-255,66,122778,12,203210
4532,0.028813,74.125.24.0-255,5738,128516,12,203210
4533,0.028819,172.31.36.0-255,66,128582,12,203210
4534,0.031104,74.125.24.0-255,5738,134320,12,203210
4535,0.031109,172.31.36.0-255,66,134386,12,203210
4536,0.033409,74.125.24.0-255,5738,140124,12,203210
4537,0.033414,172.31.36.0-255,66,140190,12,203210
4538,0.03569,74.125.24.0-255,2902,143092,12,203210
4539,0.035696,172.31.36.0-255,66,143158,12,203210
4540,0.03573,74.125.24.0-255,2902,146060,12,203210
4541,0.035733,172.31.36.0-255,66,146126,12,203210
4542,0.037985,74.125.24.0-255,2902,149028,12,203210
4543,0.037991,172.31.36.0-255,66,149094,12,203210
4544,0.038023,74.125.24.0-255,2902,151996,12,203210
4545,0.038026,172.31.36.0-255,66,152062,12,203210
4546,0.040266,74.125.24.0-255,2902,154964,12,203210
4547,0.040272,172.31.36.0-255,66,155030,12,203210
4548,0.040308,74.125.24.0-255,2902,157932,12,203210
4549,0.040311,172.31.36.0-255,66,157998,12,203210
4550,0.042554,74.125.24.0-255,2902,160900,12,203210
4551,0.042574,172.31.36.0-255,66,160966,12,203210
4552,0.042591,74.125.24.0-255,2902,163868,12,203210
4553,0.042594,172.31.36.0-255,66,163934,12,203210
4554,0.04487,74.125.24.0-255,5738,169672,12,203210
4555,0.044875,172.31.36.0-255,66,169738,12,203210
4556,0.047172,74.125.24.0-255,5738,175476,12,203210
4557,0.047178,172.31.36.0-255,66,175542,12,203210
4558,0.049475,74.125.24.0-255,5738,181280,12,203210
4559,0.04948,172.31.36.0-255,66,181346,12,203210
4560,0.051736,74.125.24.0-255,4320,185666,12,203210
4561,0.051742,172.31.36.0-255,66,185732,12,203210
4562,0.051771,74.125.24.0-255,1484,187216,12,203210
4563,0.05402,74.125.24.0-255,4320,191536,12,203210
4564,0.054026,172.31.36.0-255,66,191602,12,203210
4565,0.056307,74.125.24.0-255,5738,197340,12,203210
4566,0.056312,172.31.36.0-255,66,197406,12,203210
4567,0.0586,74.125.24.0-255,5738,203144,12,203210
4568,0.058605,172.31.36.0-255,66,203210,12,203210
4569,0.0,74.125.68.0-255,146,146,12,250627
4570,1.5e-05,172.31.36.0-255,66,212,12,250627
4571,2.2e-05,74.125.68.0-255,1484,1696,12,250627
4572,2.6e-05,172.31.36.0-255,66,1762,12,250627
4573,3.2e-05,74.125.68.0-255,2902,4664,12,250627
4574,4.4e-05,172.31.36.0-255,66,4730,12,250627
4575,7.9e-05,74.125.68.0-255,7156,11886,12,250627
4576,8.2e-05,172.31.36.0-255,66,11952,12,250627
4577,0.000222,74.125.68.0-255,2056,14008,12,250627
4578,0.000227,172.31.36.0-255,66,14074,12,250627
4579,0.000253,74.125.68.0-255,2902,16976,12,250627
4580,0.000256,172.31.36.0-255,66,17042,12,250627
4581,0.000315,74.125.68.0-255,5738,22780,12,250627
4582,0.000319,172.31.36.0-255,66,22846,12,250627
4583,0.000343,74.125.68.0-255,1484,24330,12,250627
4584,0.000345,172.31.36.0-255,66,24396,12,250627
4585,0.000466,74.125.68.0-255,7156,31552,12,250627
4586,0.00047,172.31.36.0-255,66,31618,12,250627
4587,0.000495,74.125.68.0-255,2543,34161,12,250627
4588,0.000498,172.31.36.0-255,66,34227,12,250627
4589,0.000699,74.125.68.0-255,5738,39965,12,250627
4590,0.000703,172.31.36.0-255,66,40031,12,250627
4591,0.00074,172.31.36.0-255,66,40097,12,250627
4592,0.001116,74.125.68.0-255,1484,41581,12,250627
4593,0.001121,172.31.36.0-255,66,41647,12,250627
4594,0.001131,74.125.68.0-255,2902,44549,12,250627
4595,0.001138,172.31.36.0-255,66,44615,12,250627
4596,0.001173,74.125.68.0-255,4320,48935,12,250627
4597,0.001176,172.31.36.0-255,66,49001,12,250627
4598,0.001198,74.125.68.0-255,1484,50485,12,250627
4599,0.001201,172.31.36.0-255,66,50551,12,250627
4600,0.001278,74.125.68.0-255,4320,54871,12,250627
4601,0.001281,172.31.36.0-255,66,54937,12,250627
4602,0.001307,74.125.68.0-255,2543,57480,12,250627
4603,0.00131,172.31.36.0-255,66,57546,12,250627
4604,0.001416,74.125.68.0-255,1484,59030,12,250627
4605,0.001421,172.31.36.0-255,66,59096,12,250627
4606,0.00143,74.125.68.0-255,7156,66252,12,250627
4607,0.001432,172.31.36.0-255,66,66318,12,250627
4608,0.001456,74.125.68.0-255,2902,69220,12,250627
4609,0.001459,172.31.36.0-255,66,69286,12,250627
4610,0.001608,74.125.68.0-255,7156,76442,12,250627
4611,0.001614,172.31.36.0-255,66,76508,12,250627
4612,0.001651,172.31.36.0-255,66,76574,12,250627
4613,0.001944,172.31.36.0-255,66,76640,12,250627
4614,0.001974,74.125.68.0-255,6797,83437,12,250627
4615,0.001977,172.31.36.0-255,66,83503,12,250627
4616,0.00224,74.125.68.0-255,5738,89241,12,250627
4617,0.002246,172.31.36.0-255,66,89307,12,250627
4618,0.002271,74.125.68.0-255,1995,91302,12,250627
4619,0.002274,172.31.36.0-255,66,91368,12,250627
4620,0.002405,74.125.68.0-255,5738,97106,12,250627
4621,0.002408,172.31.36.0-255,66,97172,12,250627
4622,0.002459,172.31.36.0-255,66,97238,12,250627
4623,0.00297,74.125.68.0-255,4320,101558,12,250627
4624,0.002973,172.31.36.0-255,66,101624,12,250627
4625,0.002999,74.125.68.0-255,2184,103808,12,250627
4626,0.003002,172.31.36.0-255,66,103874,12,250627
4627,0.003095,74.125.68.0-255,4320,108194,12,250627
4628,0.003098,172.31.36.0-255,66,108260,12,250627
4629,0.003132,172.31.36.0-255,66,108326,12,250627
4630,0.003185,172.31.36.0-255,66,108392,12,250627
4631,0.005476,74.125.68.0-255,5738,114130,12,250627
4632,0.00548,172.31.36.0-255,66,114196,12,250627
4633,0.007805,74.125.68.0-255,5738,119934,12,250627
4634,0.007815,172.31.36.0-255,66,120000,12,250627
4635,0.010118,74.125.68.0-255,5738,125738,12,250627
4636,0.010127,172.31.36.0-255,66,125804,12,250627
4637,0.012432,74.125.68.0-255,4320,130124,12,250627
4638,0.01244,172.31.36.0-255,66,130190,12,250627
4639,0.012468,74.125.68.0-255,1484,131674,12,250627
4640,0.014744,74.125.68.0-255,4320,135994,12,250627
4641,0.014753,172.31.36.0-255,66,136060,12,250627
4642,0.017065,74.125.68.0-255,5738,141798,12,250627
4643,0.017076,172.31.36.0-255,66,141864,12,250627
4644,0.019387,74.125.68.0-255,5738,147602,12,250627
4645,0.019396,172.31.36.0-255,66,147668,12,250627
4646,0.021717,74.125.68.0-255,5738,153406,12,250627
4647,0.021726,172.31.36.0-255,66,153472,12,250627
4648,0.024039,74.125.68.0-255,5738,159210,12,250627
4649,0.024047,172.31.36.0-255,66,159276,12,250627
4650,0.026364,74.125.68.0-255,5738,165014,12,250627
4651,0.026374,172.31.36.0-255,66,165080,12,250627
4652,0.02867,74.125.68.0-255,5738,170818,12,250627
4653,0.028676,172.31.36.0-255,66,170884,12,250627
4654,0.03081,172.31.36.0-255,172,171056,12,250627
4655,0.030845,172.31.36.0-255,1109,172165,12,250627
4656,0.030904,172.31.36.0-255,1514,173679,12,250627
4657,0.030906,172.31.36.0-255,1298,174977,12,250627
4658,0.030973,74.125.68.0-255,5738,180715,12,250627
4659,0.030978,172.31.36.0-255,66,180781,12,250627
4660,0.032368,104.244.42.0-255,66,180847,12,250627
4661,0.032388,104.244.42.0-255,66,180913,12,250627
4662,0.032468,104.244.42.0-255,66,180979,12,250627
4663,0.033266,74.125.68.0-255,5738,186717,12,250627
4664,0.033271,172.31.36.0-255,66,186783,12,250627
4665,0.035574,74.125.68.0-255,5738,192521,12,250627
4666,0.035582,172.31.36.0-255,66,192587,12,250627
4667,0.037878,74.125.68.0-255,5738,198325,12,250627
4668,0.037887,172.31.36.0-255,66,198391,12,250627
4669,0.040226,74.125.68.0-255,5738,204129,12,250627
4670,0.040233,172.31.36.0-255,66,204195,12,250627
4671,0.042538,74.125.68.0-255,5738,209933,12,250627
4672,0.042544,172.31.36.0-255,66,209999,12,250627
4673,0.044859,74.125.68.0-255,5738,215737,12,250627
4674,0.044866,172.31.36.0-255,66,215803,12,250627
4675,0.047186,74.125.68.0-255,5738,221541,12,250627
4676,0.047192,172.31.36.0-255,66,221607,12,250627
4677,0.049494,74.125.68.0-255,5738,227345,12,250627
4678,0.049501,172.31.36.0-255,66,227411,12,250627
4679,0.051809,74.125.68.0-255,5738,233149,12,250627
4680,0.05182,172.31.36.0-255,66,233215,12,250627
4681,0.054137,74.125.68.0-255,5738,238953,12,250627
4682,0.054154,172.31.36.0-255,66,239019,12,250627
4683,0.056469,74.125.68.0-255,5738,244757,12,250627
4684,0.056477,172.31.36.0-255,66,244823,12,250627
4685,0.058788,74.125.68.0-255,5738,250561,12,250627
4686,0.058797,172.31.36.0-255,66,250627,12,250627
4687,0.0,172.217.194.0-255,150,150,12,212187
4688,1.6e-05,172.31.36.0-255,66,216,12,212187
4689,2.3e-05,172.217.194.0-255,1484,1700,12,212187
4690,2.7e-05,172.31.36.0-255,66,1766,12,212187
4691,3.9e-05,172.217.194.0-255,2902,4668,12,212187
4692,4.1e-05,172.31.36.0-255,66,4734,12,212187
4693,4.6e-05,172.217.194.0-255,2902,7636,12,212187
4694,4.8e-05,172.31.36.0-255,66,7702,12,212187
4695,7.2e-05,172.217.194.0-255,1484,9186,12,212187
4696,7.9e-05,172.31.36.0-255,66,9252,12,212187
4697,9e-05,172.31.36.0-255,66,9318,12,212187
4698,0.000122,172.217.194.0-255,4320,13638,12,212187
4699,0.000124,172.31.36.0-255,66,13704,12,212187
4700,0.000155,172.31.36.0-255,66,13770,12,212187
4701,0.000235,172.217.194.0-255,1484,15254,12,212187
4702,0.000238,172.31.36.0-255,66,15320,12,212187
4703,0.000265,172.217.194.0-255,2902,18222,12,212187
4704,0.000267,172.31.36.0-255,66,18288,12,212187
4705,0.000272,172.217.194.0-255,5738,24026,12,212187
4706,0.000274,172.31.36.0-255,66,24092,12,212187
4707,0.000298,172.217.194.0-255,2902,26994,12,212187
4708,0.000299,172.31.36.0-255,66,27060,12,212187
4709,0.000323,172.217.194.0-255,5738,32798,12,212187
4710,0.000325,172.31.36.0-255,66,32864,12,212187
4711,0.00035,172.217.194.0-255,5379,38243,12,212187
4712,0.000352,172.31.36.0-255,66,38309,12,212187
4713,0.000357,172.217.194.0-255,4320,42629,12,212187
4714,0.000358,172.31.36.0-255,66,42695,12,212187
4715,0.000379,172.217.194.0-255,5631,48326,12,212187
4716,0.000381,172.31.36.0-255,66,48392,12,212187
4717,0.000384,172.217.194.0-255,114,48506,12,212187
4718,0.000407,172.217.194.0-255,1484,49990,12,212187
4719,0.000408,172.31.36.0-255,66,50056,12,212187
4720,0.000411,172.217.194.0-255,1484,51540,12,212187
4721,0.000428,172.217.194.0-255,1484,53024,12,212187
4722,0.000429,172.31.36.0-255,66,53090,12,212187
4723,0.000454,172.217.194.0-255,7156,60246,12,212187
4724,0.000456,172.31.36.0-255,66,60312,12,212187
4725,0.000491,172.31.36.0-255,66,60378,12,212187
4726,0.0005,172.31.36.0-255,66,60444,12,212187
4727,0.00052,172.217.194.0-255,1484,61928,12,212187
4728,0.000532,172.217.194.0-255,3961,65889,12,212187
4729,0.000534,172.31.36.0-255,66,65955,12,212187
4730,0.000797,172.217.194.0-255,1484,67439,12,212187
4731,0.000801,172.217.194.0-255,1484,68923,12,212187
4732,0.000803,172.31.36.0-255,66,68989,12,212187
4733,0.000829,172.217.194.0-255,1484,70473,12,212187
4734,0.000834,172.217.194.0-255,5738,76211,12,212187
4735,0.000836,172.31.36.0-255,66,76277,12,212187
4736,0.000859,172.217.194.0-255,2902,79179,12,212187
4737,0.00086,172.31.36.0-255,66,79245,12,212187
4738,0.00088,172.217.194.0-255,7156,86401,12,212187
4739,0.000882,172.31.36.0-255,66,86467,12,212187
4740,0.000894,172.217.194.0-255,2902,89369,12,212187
4741,0.000898,172.31.36.0-255,66,89435,12,212187
4742,0.000926,172.217.194.0-255,1484,90919,12,212187
4743,0.000955,172.31.36.0-255,66,90985,12,212187
4744,0.000958,172.217.194.0-255,1484,92469,12,212187
4745,0.000962,172.217.194.0-255,2902,95371,12,212187
4746,0.000964,172.31.36.0-255,66,95437,12,212187
4747,0.000969,172.217.194.0-255,2902,98339,12,212187
4748,0.000971,172.31.36.0-255,66,98405,12,212187
4749,0.001004,172.217.194.0-255,2902,101307,12,212187
4750,0.001007,172.31.36.0-255,66,101373,12,212187
4751,0.001014,172.217.194.0-255,7156,108529,12,212187
4752,0.001016,172.31.36.0-255,66,108595,12,212187
4753,0.001039,172.217.194.0-255,2902,111497,12,212187
4754,0.001041,172.31.36.0-255,66,111563,12,212187
4755,0.001061,172.217.194.0-255,4320,115883,12,212187
4756,0.001063,172.31.36.0-255,66,115949,12,212187
4757,0.0011,172.31.36.0-255,66,116015,12,212187
4758,0.001113,172.31.36.0-255,66,116081,12,212187
4759,0.001138,172.217.194.0-255,5738,121819,12,212187
4760,0.001141,172.31.36.0-255,66,121885,12,212187
4761,0.001151,172.31.36.0-255,66,121951,12,212187
4762,0.001175,172.217.194.0-255,1484,123435,12,212187
4763,0.001193,172.217.194.0-255,5738,129173,12,212187
4764,0.001195,172.31.36.0-255,66,129239,12,212187
4765,0.001225,172.31.36.0-255,66,129305,12,212187
4766,0.001257,172.31.36.0-255,66,129371,12,212187
4767,0.001264,172.217.194.0-255,6438,135809,12,212187
4768,0.001266,172.31.36.0-255,66,135875,12,212187
4769,0.00127,172.217.194.0-255,4320,140195,12,212187
4770,0.001272,172.31.36.0-255,66,140261,12,212187
4771,0.001307,172.217.194.0-255,2902,143163,12,212187
4772,0.00131,172.31.36.0-255,66,143229,12,212187
4773,0.00134,172.31.36.0-255,66,143295,12,212187
4774,0.001352,172.31.36.0-255,66,143361,12,212187
4775,0.001394,172.31.36.0-255,66,143427,12,212187
4776,0.001406,172.31.36.0-255,66,143493,12,212187
4777,0.001417,172.31.36.0-255,66,143559,12,212187
4778,0.001449,172.217.194.0-255,6438,149997,12,212187
4779,0.001452,172.31.36.0-255,66,150063,12,212187
4780,0.001491,172.217.194.0-255,5738,155801,12,212187
4781,0.001494,172.31.36.0-255,66,155867,12,212187
4782,0.001531,172.31.36.0-255,66,155933,12,212187
4783,0.001544,172.31.36.0-255,66,155999,12,212187
4784,0.001549,172.217.194.0-255,3602,159601,12,212187
4785,0.001551,172.31.36.0-255,66,159667,12,212187
4786,0.001658,172.217.194.0-255,1484,161151,12,212187
4787,0.001666,172.217.194.0-255,2902,164053,12,212187
4788,0.001669,172.31.36.0-255,66,164119,12,212187
4789,0.001674,172.217.194.0-255,2902,167021,12,212187
4790,0.001676,172.31.36.0-255,66,167087,12,212187
4791,0.001699,172.217.194.0-255,2902,169989,12,212187
4792,0.001701,172.31.36.0-255,66,170055,12,212187
4793,0.001715,172.31.36.0-255,66,170121,12,212187
4794,0.001738,172.217.194.0-255,2902,173023,12,212187
4795,0.00174,172.31.36.0-255,66,173089,12,212187
4796,0.001744,172.217.194.0-255,2902,175991,12,212187
4797,0.001746,172.31.36.0-255,66,176057,12,212187
4798,0.001782,172.31.36.0-255,66,176123,12,212187
4799,0.001784,172.217.194.0-255,1484,177607,12,212187
4800,0.001807,172.217.194.0-255,2902,180509,12,212187
4801,0.001809,172.31.36.0-255,66,180575,12,212187
4802,0.001813,172.217.194.0-255,2902,183477,12,212187
4803,0.001815,172.31.36.0-255,66,183543,12,212187
4804,0.001835,172.217.194.0-255,2902,186445,12,212187
4805,0.001837,172.31.36.0-255,66,186511,12,212187
4806,0.001841,172.217.194.0-255,2902,189413,12,212187
4807,0.001847,172.31.36.0-255,66,189479,12,212187
4808,0.001873,172.217.194.0-255,2902,192381,12,212187
4809,0.001875,172.31.36.0-255,66,192447,12,212187
4810,0.001881,172.217.194.0-255,5738,198185,12,212187
4811,0.001882,172.31.36.0-255,66,198251,12,212187
4812,0.001917,172.217.194.0-255,7156,205407,12,212187
4813,0.00192,172.31.36.0-255,66,205473,12,212187
4814,0.001929,172.31.36.0-255,66,205539,12,212187
4815,0.001967,172.217.194.0-255,1775,207314,12,212187
4816,0.001969,172.31.36.0-255,66,207380,12,212187
4817,0.002005,172.217.194.0-255,105,207485,12,212187
4818,0.009918,172.31.36.0-255,66,207551,12,212187
4819,0.009965,172.31.36.0-255,105,207656,12,212187
4820,0.012014,172.217.194.0-255,66,207722,12,212187
4821,0.02755,172.31.36.0-255,172,207894,12,212187
4822,0.027597,172.31.36.0-255,1107,209001,12,212187
4823,0.027703,172.31.36.0-255,1514,210515,12,212187
4824,0.027706,172.31.36.0-255,1300,211815,12,212187
4825,0.029101,104.244.42.0-255,66,211881,12,212187
4826,0.02914,104.244.42.0-255,66,211947,12,212187
4827,0.029236,104.244.42.0-255,66,212013,12,212187
4828,0.029899,104.244.42.0-255,108,212121,12,212187
4829,0.029904,172.31.36.0-255,66,212187,12,212187
4830,0.0,172.217.194.0-255,153,153,12,221424
4831,3.4e-05,172.31.36.0-255,66,219,12,221424
4832,4e-05,172.217.194.0-255,1484,1703,12,221424
4833,4.4e-05,172.31.36.0-255,66,1769,12,221424
4834,4.8e-05,172.217.194.0-255,2902,4671,12,221424
4835,5.1e-05,172.31.36.0-255,66,4737,12,221424
4836,5.5e-05,172.217.194.0-255,2902,7639,12,221424
4837,6.7e-05,172.31.36.0-255,66,7705,12,221424
4838,9.2e-05,172.217.194.0-255,2902,10607,12,221424
4839,0.0001,172.31.36.0-255,66,10673,12,221424
4840,0.000112,172.31.36.0-255,66,10739,12,221424
4841,0.000144,172.217.194.0-255,3485,14224,12,221424
4842,0.000148,172.31.36.0-255,66,14290,12,221424
4843,0.0002,172.217.194.0-255,6797,21087,12,221424
4844,0.000203,172.31.36.0-255,66,21153,12,221424
4845,0.00028,172.217.194.0-255,1484,22637,12,221424
4846,0.000284,172.31.36.0-255,66,22703,12,221424
4847,0.000288,172.217.194.0-255,1484,24187,12,221424
4848,0.00029,172.31.36.0-255,66,24253,12,221424
4849,0.00031,172.217.194.0-255,1484,25737,12,221424
4850,0.000312,172.31.36.0-255,66,25803,12,221424
4851,0.000324,172.217.194.0-255,5738,31541,12,221424
4852,0.000329,172.31.36.0-255,66,31607,12,221424
4853,0.000382,172.31.36.0-255,66,31673,12,221424
4854,0.000455,172.31.36.0-255,66,31739,12,221424
4855,0.000473,172.217.194.0-255,2831,34570,12,221424
4856,0.00048,172.31.36.0-255,66,34636,12,221424
4857,0.001099,172.217.194.0-255,366,35002,12,221424
4858,0.001106,172.31.36.0-255,66,35068,12,221424
4859,0.001137,172.217.194.0-255,1484,36552,12,221424
4860,0.001152,172.217.194.0-255,2902,39454,12,221424
4861,0.001155,172.31.36.0-255,66,39520,12,221424
4862,0.001158,172.217.194.0-255,1484,41004,12,221424
4863,0.001191,172.217.194.0-255,4320,45324,12,221424
4864,0.001194,172.31.36.0-255,66,45390,12,221424
4865,0.001202,172.217.194.0-255,5738,51128,12,221424
4866,0.001204,172.31.36.0-255,66,51194,12,221424
4867,0.001238,172.217.194.0-255,7156,58350,12,221424
4868,0.001241,172.31.36.0-255,66,58416,12,221424
4869,0.001299,172.217.194.0-255,7156,65572,12,221424
4870,0.001304,172.31.36.0-255,66,65638,12,221424
4871,0.001383,172.217.194.0-255,3602,69240,12,221424
4872,0.001388,172.31.36.0-255,66,69306,12,221424
4873,0.001407,172.31.36.0-255,66,69372,12,221424
4874,0.001477,172.217.194.0-255,5738,75110,12,221424
4875,0.001481,172.31.36.0-255,66,75176,12,221424
4876,0.001508,172.31.36.0-255,66,75242,12,221424
4877,0.001535,172.217.194.0-255,2184,77426,12,221424
4878,0.001539,172.31.36.0-255,66,77492,12,221424
4879,0.001635,172.217.194.0-255,2902,80394,12,221424
4880,0.001637,172.31.36.0-255,66,80460,12,221424
4881,0.001676,172.31.36.0-255,66,80526,12,221424
4882,0.001795,172.217.194.0-255,5738,86264,12,221424
4883,0.001798,172.31.36.0-255,66,86330,12,221424
4884,0.001829,172.217.194.0-255,5738,92068,12,221424
4885,0.001831,172.31.36.0-255,66,92134,12,221424
4886,0.001902,172.31.36.0-255,66,92200,12,221424
4887,0.001937,172.31.36.0-255,66,92266,12,221424
4888,0.002082,172.217.194.0-255,4320,96586,12,221424
4889,0.002085,172.31.36.0-255,66,96652,12,221424
4890,0.002111,172.217.194.0-255,3602,100254,12,221424
4891,0.002113,172.31.36.0-255,66,100320,12,221424
4892,0.002148,172.217.194.0-255,1484,101804,12,221424
4893,0.002161,172.217.194.0-255,2902,104706,12,221424
4894,0.002164,172.31.36.0-255,66,104772,12,221424
4895,0.00219,172.217.194.0-255,4320,109092,12,221424
4896,0.002192,172.31.36.0-255,66,109158,12,221424
4897,0.002218,172.217.194.0-255,1484,110642,12,221424
4898,0.002224,172.217.194.0-255,5738,116380,12,221424
4899,0.002227,172.31.36.0-255,66,116446,12,221424
4900,0.002268,172.217.194.0-255,7156,123602,12,221424
4901,0.002272,172.31.36.0-255,66,123668,12,221424
4902,0.002298,172.217.194.0-255,5738,129406,12,221424
4903,0.0023,172.31.36.0-255,66,129472,12,221424
4904,0.002361,172.217.194.0-255,1484,130956,12,221424
4905,0.002374,172.217.194.0-255,3602,134558,12,221424
4906,0.002377,172.31.36.0-255,66,134624,12,221424
4907,0.002434,172.217.194.0-255,1484,136108,12,221424
4908,0.002446,172.217.194.0-255,2902,139010,12,221424
4909,0.002449,172.31.36.0-255,66,139076,12,221424
4910,0.002452,172.217.194.0-255,1484,140560,12,221424
4911,0.002472,172.217.194.0-255,4320,144880,12,221424
4912,0.002475,172.31.36.0-255,66,144946,12,221424
4913,0.002494,172.217.194.0-255,5738,150684,12,221424
4914,0.002497,172.31.36.0-255,66,150750,12,221424
4915,0.002551,172.217.194.0-255,5738,156488,12,221424
4916,0.002554,172.31.36.0-255,66,156554,12,221424
4917,0.002599,172.31.36.0-255,66,156620,12,221424
4918,0.002666,172.217.194.0-255,1484,158104,12,221424
4919,0.002669,172.217.194.0-255,1484,159588,12,221424
4920,0.002671,172.31.36.0-255,66,159654,12,221424
4921,0.002691,172.217.194.0-255,1484,161138,12,221424
4922,0.002708,172.217.194.0-255,5738,166876,12,221424
4923,0.00271,172.31.36.0-255,66,166942,12,221424
4924,0.002752,172.217.194.0-255,7156,174098,12,221424
4925,0.002755,172.31.36.0-255,66,174164,12,221424
4926,0.002781,172.217.194.0-255,4320,178484,12,221424
4927,0.002783,172.31.36.0-255,66,178550,12,221424
4928,0.002836,172.217.194.0-255,5738,184288,12,221424
4929,0.002838,172.31.36.0-255,66,184354,12,221424
4930,0.002873,172.217.194.0-255,1484,185838,12,221424
4931,0.002887,172.217.194.0-255,1484,187322,12,221424
4932,0.002889,172.31.36.0-255,66,187388,12,221424
4933,0.002915,172.217.194.0-255,3602,190990,12,221424
4934,0.002917,172.31.36.0-255,66,191056,12,221424
4935,0.002941,172.217.194.0-255,1484,192540,12,221424
4936,0.002978,172.31.36.0-255,66,192606,12,221424
4937,0.00305,172.217.194.0-255,5738,198344,12,221424
4938,0.003052,172.31.36.0-255,66,198410,12,221424
4939,0.003089,172.31.36.0-255,66,198476,12,221424
4940,0.003181,172.217.194.0-255,2902,201378,12,221424
4941,0.003183,172.31.36.0-255,66,201444,12,221424
4942,0.003208,172.31.36.0-255,66,201510,12,221424
4943,0.003281,172.217.194.0-255,7156,208666,12,221424
4944,0.003283,172.31.36.0-255,66,208732,12,221424
4945,0.003311,172.31.36.0-255,66,208798,12,221424
4946,0.003438,172.217.194.0-255,4320,213118,12,221424
4947,0.00344,172.31.36.0-255,66,213184,12,221424
4948,0.003503,172.217.194.0-255,3607,216791,12,221424
4949,0.003723,172.217.194.0-255,105,216896,12,221424
4950,0.006249,172.31.36.0-255,66,216962,12,221424
4951,0.008924,172.31.36.0-255,105,217067,12,221424
4952,0.011178,172.217.194.0-255,66,217133,12,221424
4953,0.03262,172.31.36.0-255,172,217305,12,221424
4954,0.032654,172.31.36.0-255,1108,218413,12,221424
4955,0.03273,172.31.36.0-255,1514,219927,12,221424
4956,0.032732,172.31.36.0-255,1299,221226,12,221424
4957,0.034192,104.244.42.0-255,66,221292,12,221424
4958,0.034237,104.244.42.0-255,66,221358,12,221424
4959,0.034288,104.244.42.0-255,66,221424,12,221424
4960,0.0,74.125.24.0-255,153,153,12,278387
4961,2.9e-05,172.31.36.0-255,66,219,12,278387
4962,3.6e-05,74.125.24.0-255,1484,1703,12,278387
4963,4e-05,172.31.36.0-255,66,1769,12,278387
4964,5.2e-05,74.125.24.0-255,2902,4671,12,278387
4965,5.6e-05,172.31.36.0-255,66,4737,12,278387
4966,6.2e-05,74.125.24.0-255,5738,10475,12,278387
4967,6.5e-05,172.31.36.0-255,66,10541,12,278387
4968,9.7e-05,74.125.24.0-255,3421,13962,12,278387
4969,0.0001,172.31.36.0-255,66,14028,12,278387
4970,0.000161,74.125.24.0-255,1484,15512,12,278387
4971,0.000166,172.31.36.0-255,66,15578,12,278387
4972,0.000171,74.125.24.0-255,2902,18480,12,278387
4973,0.000174,172.31.36.0-255,66,18546,12,278387
4974,0.000177,74.125.24.0-255,1484,20030,12,278387
4975,0.000179,172.31.36.0-255,66,20096,12,278387
4976,0.000208,74.125.24.0-255,4320,24416,12,278387
4977,0.00021,172.31.36.0-255,66,24482,12,278387
4978,0.000217,74.125.24.0-255,5738,30220,12,278387
4979,0.000219,172.31.36.0-255,66,30286,12,278387
4980,0.000231,74.125.24.0-255,1125,31411,12,278387
4981,0.000237,172.31.36.0-255,66,31477,12,278387
4982,0.000292,74.125.24.0-255,1484,32961,12,278387
4983,0.000296,172.31.36.0-255,66,33027,12,278387
4984,0.000316,74.125.24.0-255,2902,35929,12,278387
4985,0.000319,172.31.36.0-255,66,35995,12,278387
4986,0.000326,74.125.24.0-255,5738,41733,12,278387
4987,0.000328,172.31.36.0-255,66,41799,12,278387
4988,0.000367,74.125.24.0-255,6797,48596,12,278387
4989,0.000371,172.31.36.0-255,66,48662,12,278387
4990,0.000394,74.125.24.0-255,4320,52982,12,278387
4991,0.000397,172.31.36.0-255,66,53048,12,278387
4992,0.000404,74.125.24.0-255,5738,58786,12,278387
4993,0.000406,172.31.36.0-255,66,58852,12,278387
4994,0.000446,74.125.24.0-255,4320,63172,12,278387
4995,0.000449,172.31.36.0-255,66,63238,12,278387
4996,0.000467,74.125.24.0-255,2872,66110,12,278387
4997,0.00047,172.31.36.0-255,66,66176,12,278387
4998,0.0005,74.125.24.0-255,350,66526,12,278387
4999,0.000779,172.31.36.0-255,66,66592,12,278387
5000,0.00081,74.125.24.0-255,1484,68076,12,278387
5001,0.000817,74.125.24.0-255,2902,70978,12,278387
5002,0.000821,172.31.36.0-255,66,71044,12,278387
5003,0.000828,74.125.24.0-255,5738,76782,12,278387
5004,0.00083,172.31.36.0-255,66,76848,12,278387
5005,0.000892,172.31.36.0-255,66,76914,12,278387
5006,0.000896,74.125.24.0-255,1484,78398,12,278387
5007,0.000912,172.31.36.0-255,66,78464,12,278387
5008,0.001657,74.125.24.0-255,1484,79948,12,278387
5009,0.001669,74.125.24.0-255,2902,82850,12,278387
5010,0.001675,172.31.36.0-255,66,82916,12,278387
5011,0.001683,74.125.24.0-255,5738,88654,12,278387
5012,0.001685,172.31.36.0-255,66,88720,12,278387
5013,0.001695,74.125.24.0-255,2902,91622,12,278387
5014,0.001697,172.31.36.0-255,66,91688,12,278387
5015,0.001727,172.31.36.0-255,66,91754,12,278387
5016,0.001744,172.31.36.0-255,66,91820,12,278387
5017,0.001992,74.125.24.0-255,1484,93304,12,278387
5018,0.002008,74.125.24.0-255,2902,96206,12,278387
5019,0.002012,172.31.36.0-255,66,96272,12,278387
5020,0.002047,74.125.24.0-255,5738,102010,12,278387
5021,0.00205,172.31.36.0-255,66,102076,12,278387
5022,0.002084,74.125.24.0-255,1484,103560,12,278387
5023,0.002097,74.125.24.0-255,4320,107880,12,278387
5024,0.0021,172.31.36.0-255,66,107946,12,278387
5025,0.002132,74.125.24.0-255,7156,115102,12,278387
5026,0.002134,172.31.36.0-255,66,115168,12,278387
5027,0.002139,74.125.24.0-255,4320,119488,12,278387
5028,0.002141,172.31.36.0-255,66,119554,12,278387
5029,0.002178,74.125.24.0-255,6438,125992,12,278387
5030,0.002181,172.31.36.0-255,66,126058,12,278387
5031,0.002205,172.31.36.0-255,66,126124,12,278387
5032,0.00222,172.31.36.0-255,66,126190,12,278387
5033,0.002226,74.125.24.0-255,5738,131928,12,278387
5034,0.002228,172.31.36.0-255,66,131994,12,278387
5035,0.002289,172.31.36.0-255,66,132060,12,278387
5036,0.002297,172.31.36.0-255,66,132126,12,278387
5037,0.002299,172.31.36.0-255,66,132192,12,278387
5038,0.002335,172.31.36.0-255,66,132258,12,278387
5039,0.002362,74.125.24.0-255,766,133024,12,278387
5040,0.002687,172.31.36.0-255,101,133125,12,278387
5041,0.004605,74.125.24.0-255,4320,137445,12,278387
5042,0.00461,172.31.36.0-255,66,137511,12,278387
5043,0.004958,74.125.24.0-255,1484,138995,12,278387
5044,0.006897,74.125.24.0-255,4320,143315,12,278387
5045,0.006903,172.31.36.0-255,66,143381,12,278387
5046,0.009195,74.125.24.0-255,5738,149119,12,278387
5047,0.009203,172.31.36.0-255,66,149185,12,278387
5048,0.011497,74.125.24.0-255,5738,154923,12,278387
5049,0.011504,172.31.36.0-255,66,154989,12,278387
5050,0.01383,74.125.24.0-255,5738,160727,12,278387
5051,0.013839,172.31.36.0-255,66,160793,12,278387
5052,0.016121,74.125.24.0-255,5738,166531,12,278387
5053,0.016129,172.31.36.0-255,66,166597,12,278387
5054,0.018402,74.125.24.0-255,5738,172335,12,278387
5055,0.018408,172.31.36.0-255,66,172401,12,278387
5056,0.020683,74.125.24.0-255,5738,178139,12,278387
5057,0.020689,172.31.36.0-255,66,178205,12,278387
5058,0.022977,74.125.24.0-255,5738,183943,12,278387
5059,0.022984,172.31.36.0-255,66,184009,12,278387
5060,0.025268,74.125.24.0-255,5738,189747,12,278387
5061,0.025275,172.31.36.0-255,66,189813,12,278387
5062,0.027547,74.125.24.0-255,5738,195551,12,278387
5063,0.027554,172.31.36.0-255,66,195617,12,278387
5064,0.028396,172.31.36.0-255,172,195789,12,278387
5065,0.028437,172.31.36.0-255,1078,196867,12,278387
5066,0.02982,74.125.24.0-255,5738,202605,12,278387
5067,0.029827,172.31.36.0-255,66,202671,12,278387
5068,0.029877,104.244.42.0-255,66,202737,12,278387
5069,0.029939,104.244.42.0-255,66,202803,12,278387
5070,0.032106,74.125.24.0-255,5738,208541,12,278387
5071,0.032112,172.31.36.0-255,66,208607,12,278387
5072,0.034363,74.125.24.0-255,5738,214345,12,278387
5073,0.034368,172.31.36.0-255,66,214411,12,278387
5074,0.036666,74.125.24.0-255,5738,220149,12,278387
5075,0.036671,172.31.36.0-255,66,220215,12,278387
5076,0.038954,74.125.24.0-255,5738,225953,12,278387
5077,0.03896,172.31.36.0-255,66,226019,12,278387
5078,0.041213,74.125.24.0-255,1484,227503,12,278387
5079,0.041234,74.125.24.0-255,4320,231823,12,278387
5080,0.041239,172.31.36.0-255,66,231889,12,278387
5081,0.043513,74.125.24.0-255,5738,237627,12,278387
5082,0.043518,172.31.36.0-255,66,237693,12,278387
5083,0.045779,74.125.24.0-255,5738,243431,12,278387
5084,0.045785,172.31.36.0-255,66,243497,12,278387
5085,0.048048,74.125.24.0-255,5738,249235,12,278387
5086,0.048053,172.31.36.0-255,66,249301,12,278387
5087,0.050325,74.125.24.0-255,1484,250785,12,278387
5088,0.05036,74.125.24.0-255,4320,255105,12,278387
5089,0.050365,172.31.36.0-255,66,255171,12,278387
5090,0.052644,74.125.24.0-255,5738,260909,12,278387
5091,0.05265,172.31.36.0-255,66,260975,12,278387
5092,0.054926,74.125.24.0-255,5738,266713,12,278387
5093,0.054932,172.31.36.0-255,66,266779,12,278387
5094,0.057214,74.125.24.0-255,5738,272517,12,278387
5095,0.05722,172.31.36.0-255,66,272583,12,278387
5096,0.059473,74.125.24.0-255,5738,278321,12,278387
5097,0.059478,172.31.36.0-255,66,278387,12,278387
5098,0.0,172.31.36.0-255,105,105,12,105
5099,0.0,172.217.24.0-255,226,226,12,196532
5100,1.7e-05,172.31.36.0-255,66,292,12,196532
5101,2.4e-05,172.217.24.0-255,1484,1776,12,196532
5102,2.7e-05,172.31.36.0-255,66,1842,12,196532
5103,8e-05,172.217.24.0-255,4320,6162,12,196532
5104,8.3e-05,172.31.36.0-255,66,6228,12,196532
5105,0.00035,172.31.36.0-255,66,6294,12,196532
5106,0.000884,172.217.24.0-255,5738,12032,12,196532
5107,0.00089,172.31.36.0-255,66,12098,12,196532
5108,0.001227,172.217.24.0-255,7156,19254,12,196532
5109,0.001233,172.31.36.0-255,66,19320,12,196532
5110,0.001263,172.217.24.0-255,2543,21863,12,196532
5111,0.001266,172.31.36.0-255,66,21929,12,196532
5112,0.002,172.217.24.0-255,1525,23454,12,196532
5113,0.002008,172.31.36.0-255,66,23520,12,196532
5114,0.003233,172.217.24.0-255,2902,26422,12,196532
5115,0.003238,172.31.36.0-255,66,26488,12,196532
5116,0.003991,172.217.24.0-255,2902,29390,12,196532
5117,0.003998,172.31.36.0-255,66,29456,12,196532
5118,0.005205,172.217.24.0-255,2902,32358,12,196532
5119,0.005211,172.31.36.0-255,66,32424,12,196532
5120,0.005966,172.217.24.0-255,2902,35326,12,196532
5121,0.00597,172.31.36.0-255,66,35392,12,196532
5122,0.007204,172.217.24.0-255,1443,36835,12,196532
5123,0.007211,172.31.36.0-255,66,36901,12,196532
5124,0.007217,172.217.24.0-255,1484,38385,12,196532
5125,0.00722,172.31.36.0-255,66,38451,12,196532
5126,0.007953,172.217.24.0-255,2902,41353,12,196532
5127,0.007959,172.31.36.0-255,66,41419,12,196532
5128,0.009191,172.217.24.0-255,1484,42903,12,196532
5129,0.009197,172.31.36.0-255,66,42969,12,196532
5130,0.009225,172.217.24.0-255,1484,44453,12,196532
5131,0.009228,172.31.36.0-255,66,44519,12,196532
5132,0.009924,172.217.24.0-255,2902,47421,12,196532
5133,0.00993,172.31.36.0-255,66,47487,12,196532
5134,0.011186,172.217.24.0-255,1484,48971,12,196532
5135,0.011191,172.31.36.0-255,66,49037,12,196532
5136,0.011212,172.217.24.0-255,1484,50521,12,196532
5137,0.011214,172.31.36.0-255,66,50587,12,196532
5138,0.011908,172.217.24.0-255,1484,52071,12,196532
5139,0.011914,172.31.36.0-255,66,52137,12,196532
5140,0.011941,172.217.24.0-255,1484,53621,12,196532
5141,0.011943,172.31.36.0-255,66,53687,12,196532
5142,0.013214,172.217.24.0-255,1484,55171,12,196532
5143,0.013221,172.31.36.0-255,66,55237,12,196532
5144,0.013883,172.217.24.0-255,2902,58139,12,196532
5145,0.013888,172.31.36.0-255,66,58205,12,196532
5146,0.013952,172.217.24.0-255,1484,59689,12,196532
5147,0.013957,172.31.36.0-255,66,59755,12,196532
5148,0.015199,172.217.24.0-255,1484,61239,12,196532
5149,0.015206,172.31.36.0-255,66,61305,12,196532
5150,0.015854,172.217.24.0-255,2902,64207,12,196532
5151,0.015862,172.31.36.0-255,66,64273,12,196532
5152,0.015918,172.217.24.0-255,1484,65757,12,196532
5153,0.015923,172.31.36.0-255,66,65823,12,196532
5154,0.017169,172.217.24.0-255,1484,67307,12,196532
5155,0.017845,172.217.24.0-255,2902,70209,12,196532
5156,0.017852,172.31.36.0-255,66,70275,12,196532
5157,0.017906,172.217.24.0-255,1484,71759,12,196532
5158,0.019825,172.217.24.0-255,4320,76079,12,196532
5159,0.019831,172.31.36.0-255,66,76145,12,196532
5160,0.021636,172.31.36.0-255,188,76333,12,196532
5161,0.021666,172.31.36.0-255,952,77285,12,196532
5162,0.021715,172.31.36.0-255,1514,78799,12,196532
5163,0.021717,172.31.36.0-255,1455,80254,12,196532
5164,0.021806,172.217.24.0-255,5738,85992,12,196532
5165,0.021811,172.31.36.0-255,66,86058,12,196532
5166,0.023207,104.244.42.0-255,66,86124,12,196532
5167,0.023224,104.244.42.0-255,66,86190,12,196532
5168,0.023285,104.244.42.0-255,66,86256,12,196532
5169,0.023787,172.217.24.0-255,5738,91994,12,196532
5170,0.023794,172.31.36.0-255,66,92060,12,196532
5171,0.025768,172.217.24.0-255,5738,97798,12,196532
5172,0.025774,172.31.36.0-255,66,97864,12,196532
5173,0.027758,172.217.24.0-255,5738,103602,12,196532
5174,0.027765,172.31.36.0-255,66,103668,12,196532
5175,0.029763,172.217.24.0-255,5738,109406,12,196532
5176,0.029771,172.31.36.0-255,66,109472,12,196532
5177,0.031759,172.217.24.0-255,5738,115210,12,196532
5178,0.031766,172.31.36.0-255,66,115276,12,196532
5179,0.033782,172.217.24.0-255,5738,121014,12,196532
5180,0.033789,172.31.36.0-255,66,121080,12,196532
5181,0.03577,172.217.24.0-255,5738,126818,12,196532
5182,0.035776,172.31.36.0-255,66,126884,12,196532
5183,0.037759,172.217.24.0-255,5738,132622,12,196532
5184,0.037766,172.31.36.0-255,66,132688,12,196532
5185,0.039744,172.217.24.0-255,5738,138426,12,196532
5186,0.039751,172.31.36.0-255,66,138492,12,196532
5187,0.041726,172.217.24.0-255,5738,144230,12,196532
5188,0.041732,172.31.36.0-255,66,144296,12,196532
5189,0.043704,172.217.24.0-255,5738,150034,12,196532
5190,0.04371,172.31.36.0-255,66,150100,12,196532
5191,0.045707,172.217.24.0-255,5738,155838,12,196532
5192,0.045716,172.31.36.0-255,66,155904,12,196532
5193,0.047705,172.217.24.0-255,5738,161642,12,196532
5194,0.047712,172.31.36.0-255,66,161708,12,196532
5195,0.049691,172.217.24.0-255,5738,167446,12,196532
5196,0.049698,172.31.36.0-255,66,167512,12,196532
5197,0.051675,172.217.24.0-255,5738,173250,12,196532
5198,0.051682,172.31.36.0-255,66,173316,12,196532
5199,0.053661,172.217.24.0-255,5738,179054,12,196532
5200,0.053668,172.31.36.0-255,66,179120,12,196532
5201,0.055639,172.217.24.0-255,5738,184858,12,196532
5202,0.05565,172.31.36.0-255,66,184924,12,196532
5203,0.05764,172.217.24.0-255,5738,190662,12,196532
5204,0.057645,172.31.36.0-255,66,190728,12,196532
5205,0.059619,172.217.24.0-255,5738,196466,12,196532
5206,0.059625,172.31.36.0-255,66,196532,12,196532
5207,0.0,172.217.194.0-255,153,153,12,211195
5208,2.2e-05,172.31.36.0-255,66,219,12,211195
5209,2.8e-05,172.217.194.0-255,1484,1703,12,211195
5210,3.2e-05,172.31.36.0-255,66,1769,12,211195
5211,3.5e-05,172.217.194.0-255,2902,4671,12,211195
5212,3.8e-05,172.31.36.0-255,66,4737,12,211195
5213,4.2e-05,172.217.194.0-255,1484,6221,12,211195
5214,4.4e-05,172.31.36.0-255,66,6287,12,211195
5215,8.4e-05,172.217.194.0-255,5738,12025,12,211195
5216,8.7e-05,172.31.36.0-255,66,12091,12,211195
5217,9e-05,172.217.194.0-255,1484,13575,12,211195
5218,9.1e-05,172.31.36.0-255,66,13641,12,211195
5219,9.5e-05,172.217.194.0-255,2004,15645,12,211195
5220,9.7e-05,172.31.36.0-255,66,15711,12,211195
5221,0.000106,172.217.194.0-255,4320,20031,12,211195
5222,0.000109,172.31.36.0-255,66,20097,12,211195
5223,0.000124,172.217.194.0-255,5738,25835,12,211195
5224,0.000126,172.31.36.0-255,66,25901,12,211195
5225,0.000151,172.217.194.0-255,2902,28803,12,211195
5226,0.000154,172.31.36.0-255,66,28869,12,211195
5227,0.000162,172.217.194.0-255,2543,31412,12,211195
5228,0.000164,172.31.36.0-255,66,31478,12,211195
5229,0.000275,172.217.194.0-255,1484,32962,12,211195
5230,0.000279,172.31.36.0-255,66,33028,12,211195
5231,0.000309,172.217.194.0-255,2902,35930,12,211195
5232,0.000314,172.217.194.0-255,5738,41668,12,211195
5233,0.000314,172.31.36.0-255,66,41734,12,211195
5234,0.000317,172.31.36.0-255,66,41800,12,211195
5235,0.00034,172.217.194.0-255,1484,43284,12,211195
5236,0.000342,172.31.36.0-255,66,43350,12,211195
5237,0.000382,172.31.36.0-255,66,43416,12,211195
5238,0.000395,172.31.36.0-255,66,43482,12,211195
5239,0.000645,172.217.194.0-255,378,43860,12,211195
5240,0.000673,172.217.194.0-255,366,44226,12,211195
5241,0.000696,172.31.36.0-255,66,44292,12,211195
5242,0.00073,172.217.194.0-255,1484,45776,12,211195
5243,0.000748,172.217.194.0-255,2902,48678,12,211195
5244,0.000762,172.217.194.0-255,1484,50162,12,211195
5245,0.000763,172.31.36.0-255,66,50228,12,211195
5246,0.000765,172.217.194.0-255,1484,51712,12,211195
5247,0.000768,172.31.36.0-255,66,51778,12,211195
5248,0.000789,172.217.194.0-255,5738,57516,12,211195
5249,0.000793,172.217.194.0-255,2902,60418,12,211195
5250,0.000799,172.31.36.0-255,66,60484,12,211195
5251,0.000834,172.217.194.0-255,5020,65504,12,211195
5252,0.000835,172.31.36.0-255,66,65570,12,211195
5253,0.000839,172.31.36.0-255,66,65636,12,211195
5254,0.002503,172.217.194.0-255,1484,67120,12,211195
5255,0.002514,172.217.194.0-255,2902,70022,12,211195
5256,0.002519,172.31.36.0-255,66,70088,12,211195
5257,0.002523,172.217.194.0-255,1484,71572,12,211195
5258,0.002554,172.217.194.0-255,4320,75892,12,211195
5259,0.002559,172.217.194.0-255,5738,81630,12,211195
5260,0.002577,172.217.194.0-255,4320,85950,12,211195
5261,0.00259,172.217.194.0-255,7156,93106,12,211195
5262,0.0026,172.217.194.0-255,1484,94590,12,211195
5263,0.002602,172.217.194.0-255,1484,96074,12,211195
5264,0.006478,172.31.36.0-255,66,96140,12,211195
5265,0.009031,172.217.194.0-255,5738,101878,12,211195
5266,0.009038,172.31.36.0-255,66,101944,12,211195
5267,0.011591,172.217.194.0-255,5738,107682,12,211195
5268,0.0116,172.31.36.0-255,66,107748,12,211195
5269,0.014159,172.217.194.0-255,5738,113486,12,211195
5270,0.014167,172.31.36.0-255,66,113552,12,211195
5271,0.016697,172.217.194.0-255,5738,119290,12,211195
5272,0.016706,172.31.36.0-255,66,119356,12,211195
5273,0.019251,172.217.194.0-255,5738,125094,12,211195
5274,0.019256,172.31.36.0-255,66,125160,12,211195
5275,0.021802,172.217.194.0-255,5738,130898,12,211195
5276,0.021809,172.31.36.0-255,66,130964,12,211195
5277,0.024361,172.217.194.0-255,4320,135284,12,211195
5278,0.024367,172.31.36.0-255,66,135350,12,211195
5279,0.024386,172.217.194.0-255,1484,136834,12,211195
5280,0.025301,172.31.36.0-255,198,137032,12,211195
5281,0.025331,172.31.36.0-255,952,137984,12,211195
5282,0.025372,172.31.36.0-255,1514,139498,12,211195
5283,0.025374,172.31.36.0-255,1455,140953,12,211195
5284,0.026824,104.244.42.0-255,66,141019,12,211195
5285,0.026893,172.217.194.0-255,2902,143921,12,211195
5286,0.026897,172.31.36.0-255,66,143987,12,211195
5287,0.026931,172.217.194.0-255,1484,145471,12,211195
5288,0.026955,104.244.42.0-255,66,145537,12,211195
5289,0.027006,104.244.42.0-255,66,145603,12,211195
5290,0.029434,172.217.194.0-255,4320,149923,12,211195
5291,0.029486,172.31.36.0-255,66,149989,12,211195
5292,0.032039,172.217.194.0-255,5738,155727,12,211195
5293,0.032093,172.31.36.0-255,66,155793,12,211195
5294,0.034631,172.217.194.0-255,5738,161531,12,211195
5295,0.034636,172.31.36.0-255,66,161597,12,211195
5296,0.037162,172.217.194.0-255,5738,167335,12,211195
5297,0.037168,172.31.36.0-255,66,167401,12,211195
5298,0.039714,172.217.194.0-255,5738,173139,12,211195
5299,0.03972,172.31.36.0-255,66,173205,12,211195
5300,0.042262,172.217.194.0-255,5738,178943,12,211195
5301,0.042268,172.31.36.0-255,66,179009,12,211195
5302,0.044786,172.217.194.0-255,1484,180493,12,211195
5303,0.044817,172.217.194.0-255,4320,184813,12,211195
5304,0.044821,172.31.36.0-255,66,184879,12,211195
5305,0.047356,172.217.194.0-255,4320,189199,12,211195
5306,0.047362,172.31.36.0-255,66,189265,12,211195
5307,0.047396,172.217.194.0-255,1484,190749,12,211195
5308,0.049894,172.217.194.0-255,4320,195069,12,211195
5309,0.049899,172.31.36.0-255,66,195135,12,211195
5310,0.052435,172.217.194.0-255,5738,200873,12,211195
5311,0.052492,172.31.36.0-255,66,200939,12,211195
5312,0.055024,172.217.194.0-255,4320,205259,12,211195
5313,0.05503,172.31.36.0-255,66,205325,12,211195
5314,0.055058,172.217.194.0-255,1484,206809,12,211195
5315,0.057567,172.217.194.0-255,4320,211129,12,211195
5316,0.057573,172.31.36.0-255,66,211195,12,211195
5317,0.0,172.217.194.0-255,153,153,12,295829
5318,2.5e-05,172.31.36.0-255,66,219,12,295829
5319,3.1e-05,172.217.194.0-255,1484,1703,12,295829
5320,3.4e-05,172.31.36.0-255,66,1769,12,295829
5321,3.9e-05,172.217.194.0-255,2902,4671,12,295829
5322,4.1e-05,172.31.36.0-255,66,4737,12,295829
5323,5.8e-05,172.217.194.0-255,7156,11893,12,295829
5324,6e-05,172.31.36.0-255,66,11959,12,295829
5325,7.9e-05,172.217.194.0-255,2058,14017,12,295829
5326,8.2e-05,172.31.36.0-255,66,14083,12,295829
5327,0.000168,172.217.194.0-255,1484,15567,12,295829
5328,0.000172,172.31.36.0-255,66,15633,12,295829
5329,0.000177,172.217.194.0-255,2902,18535,12,295829
5330,0.000179,172.31.36.0-255,66,18601,12,295829
5331,0.000183,172.217.194.0-255,2902,21503,12,295829
5332,0.000184,172.31.36.0-255,66,21569,12,295829
5333,0.000201,172.217.194.0-255,2902,24471,12,295829
5334,0.000202,172.31.36.0-255,66,24537,12,295829
5335,0.000237,172.31.36.0-255,66,24603,12,295829
5336,0.000247,172.217.194.0-255,1125,25728,12,295829
5337,0.00025,172.31.36.0-255,66,25794,12,295829
5338,0.00026,172.31.36.0-255,66,25860,12,295829
5339,0.000292,172.217.194.0-255,3961,29821,12,295829
5340,0.000295,172.31.36.0-255,66,29887,12,295829
5341,0.000309,172.217.194.0-255,4320,34207,12,295829
5342,0.000311,172.31.36.0-255,66,34273,12,295829
5343,0.000314,172.217.194.0-255,1484,35757,12,295829
5344,0.000315,172.31.36.0-255,66,35823,12,295829
5345,0.000339,172.217.194.0-255,2902,38725,12,295829
5346,0.000342,172.31.36.0-255,66,38791,12,295829
5347,0.000382,172.217.194.0-255,5738,44529,12,295829
5348,0.000386,172.31.36.0-255,66,44595,12,295829
5349,0.000403,172.217.194.0-255,2836,47431,12,295829
5350,0.000405,172.31.36.0-255,66,47497,12,295829
5351,0.000407,172.217.194.0-255,383,47880,12,295829
5352,0.000509,172.217.194.0-255,1484,49364,12,295829
5353,0.000512,172.31.36.0-255,66,49430,12,295829
5354,0.000517,172.217.194.0-255,2902,52332,12,295829
5355,0.000518,172.31.36.0-255,66,52398,12,295829
5356,0.000532,172.217.194.0-255,2902,55300,12,295829
5357,0.000534,172.31.36.0-255,66,55366,12,295829
5358,0.000553,172.217.194.0-255,7156,62522,12,295829
5359,0.000556,172.31.36.0-255,66,62588,12,295829
5360,0.00057,172.217.194.0-255,1484,64072,12,295829
5361,0.000581,172.217.194.0-255,1125,65197,12,295829
5362,0.000583,172.31.36.0-255,66,65263,12,295829
5363,0.000586,172.217.194.0-255,1484,66747,12,295829
5364,0.000602,172.217.194.0-255,1484,68231,12,295829
5365,0.000604,172.31.36.0-255,66,68297,12,295829
5366,0.00061,172.217.194.0-255,7156,75453,12,295829
5367,0.000612,172.31.36.0-255,66,75519,12,295829
5368,0.000636,172.217.194.0-255,6249,81768,12,295829
5369,0.000639,172.31.36.0-255,66,81834,12,295829
5370,0.000846,172.217.194.0-255,1484,83318,12,295829
5371,0.00085,172.217.194.0-255,1484,84802,12,295829
5372,0.000852,172.31.36.0-255,66,84868,12,295829
5373,0.000868,172.217.194.0-255,1484,86352,12,295829
5374,0.000873,172.217.194.0-255,4320,90672,12,295829
5375,0.000875,172.31.36.0-255,66,90738,12,295829
5376,0.000897,172.217.194.0-255,1484,92222,12,295829
5377,0.000907,172.31.36.0-255,66,92288,12,295829
5378,0.000937,172.217.194.0-255,2902,95190,12,295829
5379,0.00094,172.31.36.0-255,66,95256,12,295829
5380,0.000963,172.31.36.0-255,66,95322,12,295829
5381,0.001143,172.217.194.0-255,1484,96806,12,295829
5382,0.001147,172.217.194.0-255,1484,98290,12,295829
5383,0.001149,172.31.36.0-255,66,98356,12,295829
5384,0.001169,172.217.194.0-255,1484,99840,12,295829
5385,0.001174,172.217.194.0-255,5738,105578,12,295829
5386,0.001177,172.31.36.0-255,66,105644,12,295829
5387,0.001197,172.217.194.0-255,2902,108546,12,295829
5388,0.001198,172.31.36.0-255,66,108612,12,295829
5389,0.001228,172.31.36.0-255,66,108678,12,295829
5390,0.001264,172.31.36.0-255,66,108744,12,295829
5391,0.001472,172.217.194.0-255,1484,110228,12,295829
5392,0.00148,172.217.194.0-255,2902,113130,12,295829
5393,0.001483,172.31.36.0-255,66,113196,12,295829
5394,0.001502,172.217.194.0-255,1484,114680,12,295829
5395,0.001517,172.217.194.0-255,4320,119000,12,295829
5396,0.00152,172.31.36.0-255,66,119066,12,295829
5397,0.001525,172.217.194.0-255,5738,124804,12,295829
5398,0.001528,172.31.36.0-255,66,124870,12,295829
5399,0.001548,172.217.194.0-255,7156,132026,12,295829
5400,0.001551,172.31.36.0-255,66,132092,12,295829
5401,0.001562,172.31.36.0-255,66,132158,12,295829
5402,0.001595,172.217.194.0-255,1484,133642,12,295829
5403,0.001612,172.217.194.0-255,2902,136544,12,295829
5404,0.001615,172.31.36.0-255,66,136610,12,295829
5405,0.001621,172.217.194.0-255,5738,142348,12,295829
5406,0.001623,172.31.36.0-255,66,142414,12,295829
5407,0.001647,172.217.194.0-255,7156,149570,12,295829
5408,0.00165,172.31.36.0-255,66,149636,12,295829
5409,0.00167,172.217.194.0-255,5738,155374,12,295829
5410,0.001673,172.31.36.0-255,66,155440,12,295829
5411,0.001712,172.217.194.0-255,1484,156924,12,295829
5412,0.001736,172.31.36.0-255,66,156990,12,295829
5413,0.004063,172.217.194.0-255,5738,162728,12,295829
5414,0.004069,172.31.36.0-255,66,162794,12,295829
5415,0.006394,172.217.194.0-255,4320,167114,12,295829
5416,0.0064,172.31.36.0-255,66,167180,12,295829
5417,0.006425,172.217.194.0-255,1484,168664,12,295829
5418,0.008776,172.217.194.0-255,4320,172984,12,295829
5419,0.008783,172.31.36.0-255,66,173050,12,295829
5420,0.011158,172.217.194.0-255,5738,178788,12,295829
5421,0.011165,172.31.36.0-255,66,178854,12,295829
5422,0.013542,172.217.194.0-255,5738,184592,12,295829
5423,0.013549,172.31.36.0-255,66,184658,12,295829
5424,0.01591,172.217.194.0-255,5738,190396,12,295829
5425,0.015918,172.31.36.0-255,66,190462,12,295829
5426,0.018295,172.217.194.0-255,5738,196200,12,295829
5427,0.018302,172.31.36.0-255,66,196266,12,295829
5428,0.02066,172.217.194.0-255,5738,202004,12,295829
5429,0.02067,172.31.36.0-255,66,202070,12,295829
5430,0.023032,172.217.194.0-255,5738,207808,12,295829
5431,0.023039,172.31.36.0-255,66,207874,12,295829
5432,0.025394,172.217.194.0-255,5738,213612,12,295829
5433,0.025402,172.31.36.0-255,66,213678,12,295829
5434,0.027727,172.31.36.0-255,172,213850,12,295829
5435,0.027769,172.217.194.0-255,5738,219588,12,295829
5436,0.027774,172.31.36.0-255,66,219654,12,295829
5437,0.027778,172.31.36.0-255,1109,220763,12,295829
5438,0.027785,172.31.36.0-255,1514,222277,12,295829
5439,0.027786,172.31.36.0-255,1298,223575,12,295829
5440,0.029258,104.244.42.0-255,66,223641,12,295829
5441,0.029316,104.244.42.0-255,66,223707,12,295829
5442,0.029321,104.244.42.0-255,66,223773,12,295829
5443,0.030112,172.217.194.0-255,5738,229511,12,295829
5444,0.030117,172.31.36.0-255,66,229577,12,295829
5445,0.032494,172.217.194.0-255,4320,233897,12,295829
5446,0.032499,172.31.36.0-255,66,233963,12,295829
5447,0.032524,172.217.194.0-255,1484,235447,12,295829
5448,0.034826,172.217.194.0-255,1484,236931,12,295829
5449,0.034832,172.31.36.0-255,66,236997,12,295829
5450,0.034861,172.217.194.0-255,2902,239899,12,295829
5451,0.034864,172.31.36.0-255,66,239965,12,295829
5452,0.037157,172.217.194.0-255,2902,242867,12,295829
5453,0.037163,172.31.36.0-255,66,242933,12,295829
5454,0.037219,172.217.194.0-255,2902,245835,12,295829
5455,0.037223,172.31.36.0-255,66,245901,12,295829
5456,0.039548,172.217.194.0-255,5738,251639,12,295829
5457,0.039553,172.31.36.0-255,66,251705,12,295829
5458,0.041898,172.217.194.0-255,4320,256025,12,295829
5459,0.041903,172.31.36.0-255,66,256091,12,295829
5460,0.041931,172.217.194.0-255,1484,257575,12,295829
5461,0.044289,172.217.194.0-255,4320,261895,12,295829
5462,0.044294,172.31.36.0-255,66,261961,12,295829
5463,0.046683,172.217.194.0-255,4320,266281,12,295829
5464,0.046688,172.31.36.0-255,66,266347,12,295829
5465,0.046721,172.217.194.0-255,1484,267831,12,295829
5466,0.049011,172.217.194.0-255,4320,272151,12,295829
5467,0.049017,172.31.36.0-255,66,272217,12,295829
5468,0.051359,172.217.194.0-255,2902,275119,12,295829
5469,0.051363,172.31.36.0-255,66,275185,12,295829
5470,0.051392,172.217.194.0-255,2902,278087,12,295829
5471,0.051395,172.31.36.0-255,66,278153,12,295829
5472,0.053719,172.217.194.0-255,5738,283891,12,295829
5473,0.053724,172.31.36.0-255,66,283957,12,295829
5474,0.05608,172.217.194.0-255,2902,286859,12,295829
5475,0.056086,172.31.36.0-255,66,286925,12,295829
5476,0.056114,172.217.194.0-255,2902,289827,12,295829
5477,0.056117,172.31.36.0-255,66,289893,12,295829
5478,0.058419,172.217.194.0-255,2902,292795,12,295829
5479,0.058424,172.31.36.0-255,66,292861,12,295829
5480,0.058475,172.217.194.0-255,2902,295763,12,295829
5481,0.058478,172.31.36.0-255,66,295829,12,295829
5482,0.0,74.125.24.0-255,148,148,12,234592
5483,3e-05,172.31.36.0-255,66,214,12,234592
5484,3.7e-05,74.125.24.0-255,1484,1698,12,234592
5485,4.1e-05,172.31.36.0-255,66,1764,12,234592
5486,4.6e-05,74.125.24.0-255,2902,4666,12,234592
5487,4.8e-05,172.31.36.0-255,66,4732,12,234592
5488,6.4e-05,74.125.24.0-255,7156,11888,12,234592
5489,6.7e-05,172.31.36.0-255,66,11954,12,234592
5490,7.1e-05,74.125.24.0-255,2058,14012,12,234592
5491,7.3e-05,172.31.36.0-255,66,14078,12,234592
5492,8.6e-05,172.31.36.0-255,66,14144,12,234592
5493,0.000118,74.125.24.0-255,1484,15628,12,234592
5494,0.00012,172.31.36.0-255,66,15694,12,234592
5495,0.000127,74.125.24.0-255,5379,21073,12,234592
5496,0.00013,172.31.36.0-255,66,21139,12,234592
5497,0.000441,74.125.24.0-255,1484,22623,12,234592
5498,0.000444,74.125.24.0-255,1484,24107,12,234592
5499,0.000447,172.31.36.0-255,66,24173,12,234592
5500,0.000452,172.31.36.0-255,66,24239,12,234592
5501,0.000459,74.125.24.0-255,1484,25723,12,234592
5502,0.000463,172.31.36.0-255,66,25789,12,234592
5503,0.000477,74.125.24.0-255,5738,31527,12,234592
5504,0.000479,172.31.36.0-255,66,31593,12,234592
5505,0.000508,74.125.24.0-255,4320,35913,12,234592
5506,0.000511,172.31.36.0-255,66,35979,12,234592
5507,0.000537,74.125.24.0-255,2543,38522,12,234592
5508,0.00054,172.31.36.0-255,66,38588,12,234592
5509,0.001104,74.125.24.0-255,1484,40072,12,234592
5510,0.001111,172.31.36.0-255,66,40138,12,234592
5511,0.00112,74.125.24.0-255,2902,43040,12,234592
5512,0.001123,172.31.36.0-255,66,43106,12,234592
5513,0.001138,74.125.24.0-255,5738,48844,12,234592
5514,0.001141,172.31.36.0-255,66,48910,12,234592
5515,0.001172,74.125.24.0-255,4320,53230,12,234592
5516,0.001175,172.31.36.0-255,66,53296,12,234592
5517,0.001207,74.125.24.0-255,5379,58675,12,234592
5518,0.001211,172.31.36.0-255,66,58741,12,234592
5519,0.001222,172.31.36.0-255,66,58807,12,234592
5520,0.001228,74.125.24.0-255,5738,64545,12,234592
5521,0.00123,172.31.36.0-255,66,64611,12,234592
5522,0.001284,172.31.36.0-255,66,64677,12,234592
5523,0.001288,74.125.24.0-255,1346,66023,12,234592
5524,0.002005,74.125.24.0-255,1484,67507,12,234592
5525,0.002011,172.31.36.0-255,66,67573,12,234592
5526,0.002018,74.125.24.0-255,2902,70475,12,234592
5527,0.00202,172.31.36.0-255,66,70541,12,234592
5528,0.002046,74.125.24.0-255,5738,76279,12,234592
5529,0.002048,172.31.36.0-255,66,76345,12,234592
5530,0.002083,172.31.36.0-255,66,76411,12,234592
5531,0.002088,74.125.24.0-255,4320,80731,12,234592
5532,0.002091,172.31.36.0-255,66,80797,12,234592
5533,0.002131,74.125.24.0-255,4320,85117,12,234592
5534,0.002133,172.31.36.0-255,66,85183,12,234592
5535,0.002159,74.125.24.0-255,2184,87367,12,234592
5536,0.002162,172.31.36.0-255,66,87433,12,234592
5537,0.004379,74.125.24.0-255,2902,90335,12,234592
5538,0.004386,172.31.36.0-255,66,90401,12,234592
5539,0.00443,74.125.24.0-255,1484,91885,12,234592
5540,0.004442,74.125.24.0-255,1484,93369,12,234592
5541,0.004448,172.31.36.0-255,66,93435,12,234592
5542,0.006635,74.125.24.0-255,2902,96337,12,234592
5543,0.006641,172.31.36.0-255,66,96403,12,234592
5544,0.006721,74.125.24.0-255,2902,99305,12,234592
5545,0.006725,172.31.36.0-255,66,99371,12,234592
5546,0.008946,74.125.24.0-255,2902,102273,12,234592
5547,0.008955,172.31.36.0-255,66,102339,12,234592
5548,0.008999,74.125.24.0-255,2902,105241,12,234592
5549,0.009002,172.31.36.0-255,66,105307,12,234592
5550,0.01124,74.125.24.0-255,2902,108209,12,234592
5551,0.011249,172.31.36.0-255,66,108275,12,234592
5552,0.011283,74.125.24.0-255,2902,111177,12,234592
5553,0.011288,172.31.36.0-255,66,111243,12,234592
5554,0.013513,74.125.24.0-255,2902,114145,12,234592
5555,0.013548,172.31.36.0-255,66,114211,12,234592
5556,0.013595,74.125.24.0-255,2902,117113,12,234592
5557,0.0136,172.31.36.0-255,66,117179,12,234592
5558,0.015831,74.125.24.0-255,2902,120081,12,234592
5559,0.01584,172.31.36.0-255,66,120147,12,234592
5560,0.015872,74.125.24.0-255,2902,123049,12,234592
5561,0.015875,172.31.36.0-255,66,123115,12,234592
5562,0.018134,74.125.24.0-255,5738,128853,12,234592
5563,0.018142,172.31.36.0-255,66,128919,12,234592
5564,0.02041,74.125.24.0-255,5738,134657,12,234592
5565,0.020417,172.31.36.0-255,66,134723,12,234592
5566,0.020577,172.31.36.0-255,172,134895,12,234592
5567,0.020603,172.31.36.0-255,1109,136004,12,234592
5568,0.02065,172.31.36.0-255,1514,137518,12,234592
5569,0.020651,172.31.36.0-255,1298,138816,12,234592
5570,0.02215,104.244.42.0-255,66,138882,12,234592
5571,0.022207,104.244.42.0-255,66,138948,12,234592
5572,0.022249,104.244.42.0-255,66,139014,12,234592
5573,0.022671,74.125.24.0-255,4320,143334,12,234592
5574,0.022675,172.31.36.0-255,66,143400,12,234592
5575,0.022713,74.125.24.0-255,1484,144884,12,234592
5576,0.023441,104.244.42.0-255,108,144992,12,234592
5577,0.023464,172.31.36.0-255,66,145058,12,234592
5578,0.024934,74.125.24.0-255,2902,147960,12,234592
5579,0.024938,172.31.36.0-255,66,148026,12,234592
5580,0.02497,74.125.24.0-255,1484,149510,12,234592
5581,0.027189,74.125.24.0-255,2902,152412,12,234592
5582,0.027194,172.31.36.0-255,66,152478,12,234592
5583,0.027225,74.125.24.0-255,1484,153962,12,234592
5584,0.029465,74.125.24.0-255,4320,158282,12,234592
5585,0.029471,172.31.36.0-255,66,158348,12,234592
5586,0.031723,74.125.24.0-255,5738,164086,12,234592
5587,0.031728,172.31.36.0-255,66,164152,12,234592
5588,0.034001,74.125.24.0-255,5738,169890,12,234592
5589,0.034007,172.31.36.0-255,66,169956,12,234592
5590,0.036258,74.125.24.0-255,5738,175694,12,234592
5591,0.036265,172.31.36.0-255,66,175760,12,234592
5592,0.038509,74.125.24.0-255,5738,181498,12,234592
5593,0.038517,172.31.36.0-255,66,181564,12,234592
5594,0.040801,74.125.24.0-255,5738,187302,12,234592
5595,0.040812,172.31.36.0-255,66,187368,12,234592
5596,0.043066,74.125.24.0-255,5738,193106,12,234592
5597,0.043072,172.31.36.0-255,66,193172,12,234592
5598,0.045387,74.125.24.0-255,5738,198910,12,234592
5599,0.045392,172.31.36.0-255,66,198976,12,234592
5600,0.047655,74.125.24.0-255,2902,201878,12,234592
5601,0.047661,172.31.36.0-255,66,201944,12,234592
5602,0.047698,74.125.24.0-255,2902,204846,12,234592
5603,0.047702,172.31.36.0-255,66,204912,12,234592
5604,0.04991,74.125.24.0-255,2902,207814,12,234592
5605,0.049916,172.31.36.0-255,66,207880,12,234592
5606,0.049953,74.125.24.0-255,2902,210782,12,234592
5607,0.049957,172.31.36.0-255,66,210848,12,234592
5608,0.052177,74.125.24.0-255,2902,213750,12,234592
5609,0.052183,172.31.36.0-255,66,213816,12,234592
5610,0.052223,74.125.24.0-255,2902,216718,12,234592
5611,0.052227,172.31.36.0-255,66,216784,12,234592
5612,0.054436,74.125.24.0-255,2902,219686,12,234592
5613,0.054441,172.31.36.0-255,66,219752,12,234592
5614,0.054481,74.125.24.0-255,2902,222654,12,234592
5615,0.054484,172.31.36.0-255,66,222720,12,234592
5616,0.056686,74.125.24.0-255,2902,225622,12,234592
5617,0.056692,172.31.36.0-255,66,225688,12,234592
5618,0.056729,74.125.24.0-255,2902,228590,12,234592
5619,0.056732,172.31.36.0-255,66,228656,12,234592
5620,0.058948,74.125.24.0-255,2902,231558,12,234592
5621,0.058953,172.31.36.0-255,66,231624,12,234592
5622,0.059021,74.125.24.0-255,2902,234526,12,234592
5623,0.059025,172.31.36.0-255,66,234592,12,234592
5624,0.0,172.253.118.0-255,153,153,12,293670
5625,3.2e-05,172.31.36.0-255,66,219,12,293670
5626,3.8e-05,172.253.118.0-255,1484,1703,12,293670
5627,4.3e-05,172.31.36.0-255,66,1769,12,293670
5628,4.8e-05,172.253.118.0-255,2902,4671,12,293670
5629,5.1e-05,172.31.36.0-255,66,4737,12,293670
5630,6.5e-05,172.253.118.0-255,4320,9057,12,293670
5631,6.8e-05,172.31.36.0-255,66,9123,12,293670
5632,0.000108,172.253.118.0-255,4874,13997,12,293670
5633,0.000111,172.31.36.0-255,66,14063,12,293670
5634,0.000221,172.253.118.0-255,1484,15547,12,293670
5635,0.000225,172.31.36.0-255,66,15613,12,293670
5636,0.000239,172.253.118.0-255,2902,18515,12,293670
5637,0.000242,172.31.36.0-255,66,18581,12,293670
5638,0.000252,172.253.118.0-255,5738,24319,12,293670
5639,0.000255,172.31.36.0-255,66,24385,12,293670
5640,0.000261,172.253.118.0-255,4320,28705,12,293670
5641,0.000265,172.31.36.0-255,66,28771,12,293670
5642,0.000313,172.31.36.0-255,66,28837,12,293670
5643,0.00034,172.253.118.0-255,2543,31380,12,293670
5644,0.000343,172.31.36.0-255,66,31446,12,293670
5645,0.000349,172.253.118.0-255,5738,37184,12,293670
5646,0.000352,172.31.36.0-255,66,37250,12,293670
5647,0.000396,172.31.36.0-255,66,37316,12,293670
5648,0.000399,172.253.118.0-255,415,37731,12,293670
5649,0.000401,172.31.36.0-255,66,37797,12,293670
5650,0.000539,172.253.118.0-255,1484,39281,12,293670
5651,0.000544,172.31.36.0-255,66,39347,12,293670
5652,0.000549,172.253.118.0-255,2902,42249,12,293670
5653,0.000552,172.31.36.0-255,66,42315,12,293670
5654,0.000581,172.253.118.0-255,5738,48053,12,293670
5655,0.000585,172.31.36.0-255,66,48119,12,293670
5656,0.000592,172.253.118.0-255,7156,55275,12,293670
5657,0.000595,172.31.36.0-255,66,55341,12,293670
5658,0.000598,172.253.118.0-255,1484,56825,12,293670
5659,0.000653,172.31.36.0-255,66,56891,12,293670
5660,0.000657,172.253.118.0-255,2184,59075,12,293670
5661,0.00066,172.31.36.0-255,66,59141,12,293670
5662,0.000766,172.253.118.0-255,330,59471,12,293670
5663,0.00111,172.31.36.0-255,66,59537,12,293670
5664,0.001246,172.253.118.0-255,1484,61021,12,293670
5665,0.001255,172.253.118.0-255,2902,63923,12,293670
5666,0.001259,172.31.36.0-255,66,63989,12,293670
5667,0.001264,172.253.118.0-255,1484,65473,12,293670
5668,0.001288,172.253.118.0-255,1484,66957,12,293670
5669,0.001291,172.31.36.0-255,66,67023,12,293670
5670,0.001299,172.253.118.0-255,4320,71343,12,293670
5671,0.001302,172.31.36.0-255,66,71409,12,293670
5672,0.001319,172.31.36.0-255,66,71475,12,293670
5673,0.001331,172.31.36.0-255,66,71541,12,293670
5674,0.001344,172.253.118.0-255,2184,73725,12,293670
5675,0.001352,172.31.36.0-255,66,73791,12,293670
5676,0.001387,172.253.118.0-255,1484,75275,12,293670
5677,0.001406,172.253.118.0-255,2902,78177,12,293670
5678,0.001409,172.31.36.0-255,66,78243,12,293670
5679,0.001415,172.253.118.0-255,5738,83981,12,293670
5680,0.001418,172.31.36.0-255,66,84047,12,293670
5681,0.001451,172.253.118.0-255,7156,91203,12,293670
5682,0.001454,172.31.36.0-255,66,91269,12,293670
5683,0.001475,172.31.36.0-255,66,91335,12,293670
5684,0.001479,172.253.118.0-255,2184,93519,12,293670
5685,0.001482,172.31.36.0-255,66,93585,12,293670
5686,0.001535,172.253.118.0-255,1484,95069,12,293670
5687,0.001553,172.253.118.0-255,2902,97971,12,293670
5688,0.001556,172.31.36.0-255,66,98037,12,293670
5689,0.001563,172.253.118.0-255,5738,103775,12,293670
5690,0.001566,172.31.36.0-255,66,103841,12,293670
5691,0.001577,172.253.118.0-255,4320,108161,12,293670
5692,0.001579,172.31.36.0-255,66,108227,12,293670
5693,0.001625,172.31.36.0-255,66,108293,12,293670
5694,0.001635,172.31.36.0-255,66,108359,12,293670
5695,0.001978,172.253.118.0-255,1484,109843,12,293670
5696,0.001985,172.253.118.0-255,2902,112745,12,293670
5697,0.001989,172.31.36.0-255,66,112811,12,293670
5698,0.001996,172.253.118.0-255,5738,118549,12,293670
5699,0.001998,172.31.36.0-255,66,118615,12,293670
5700,0.002041,172.31.36.0-255,66,118681,12,293670
5701,0.002046,172.253.118.0-255,5738,124419,12,293670
5702,0.002048,172.31.36.0-255,66,124485,12,293670
5703,0.002077,172.253.118.0-255,4320,128805,12,293670
5704,0.002083,172.31.36.0-255,66,128871,12,293670
5705,0.002109,172.253.118.0-255,766,129637,12,293670
5706,0.004117,172.253.118.0-255,4320,133957,12,293670
5707,0.004121,172.31.36.0-255,66,134023,12,293670
5708,0.006153,172.253.118.0-255,4320,138343,12,293670
5709,0.006156,172.31.36.0-255,66,138409,12,293670
5710,0.006177,172.253.118.0-255,1484,139893,12,293670
5711,0.008245,172.253.118.0-255,4320,144213,12,293670
5712,0.008251,172.31.36.0-255,66,144279,12,293670
5713,0.010317,172.253.118.0-255,5738,150017,12,293670
5714,0.010325,172.31.36.0-255,66,150083,12,293670
5715,0.012386,172.253.118.0-255,5738,155821,12,293670
5716,0.012403,172.31.36.0-255,66,155887,12,293670
5717,0.014473,172.253.118.0-255,5738,161625,12,293670
5718,0.014491,172.31.36.0-255,66,161691,12,293670
5719,0.016557,172.253.118.0-255,5738,167429,12,293670
5720,0.016577,172.31.36.0-255,66,167495,12,293670
5721,0.018619,172.253.118.0-255,5738,173233,12,293670
5722,0.018627,172.31.36.0-255,66,173299,12,293670
5723,0.020677,172.253.118.0-255,5738,179037,12,293670
5724,0.020684,172.31.36.0-255,66,179103,12,293670
5725,0.022761,172.253.118.0-255,5738,184841,12,293670
5726,0.022774,172.31.36.0-255,66,184907,12,293670
5727,0.024814,172.253.118.0-255,5738,190645,12,293670
5728,0.02482,172.31.36.0-255,66,190711,12,293670
5729,0.026853,172.253.118.0-255,5738,196449,12,293670
5730,0.026858,172.31.36.0-255,66,196515,12,293670
5731,0.028898,172.253.118.0-255,5738,202253,12,293670
5732,0.028903,172.31.36.0-255,66,202319,12,293670
5733,0.030943,172.253.118.0-255,5738,208057,12,293670
5734,0.030949,172.31.36.0-255,66,208123,12,293670
5735,0.031798,172.31.36.0-255,172,208295,12,293670
5736,0.031831,172.31.36.0-255,1108,209403,12,293670
5737,0.031891,172.31.36.0-255,1514,210917,12,293670
5738,0.031893,172.31.36.0-255,1299,212216,12,293670
5739,0.032987,172.253.118.0-255,5738,217954,12,293670
5740,0.032994,172.31.36.0-255,66,218020,12,293670
5741,0.033363,104.244.42.0-255,66,218086,12,293670
5742,0.033399,104.244.42.0-255,66,218152,12,293670
5743,0.03345,104.244.42.0-255,66,218218,12,293670
5744,0.035051,172.253.118.0-255,5738,223956,12,293670
5745,0.035058,172.31.36.0-255,66,224022,12,293670
5746,0.0371,172.253.118.0-255,5738,229760,12,293670
5747,0.037106,172.31.36.0-255,66,229826,12,293670
5748,0.039159,172.253.118.0-255,5738,235564,12,293670
5749,0.039166,172.31.36.0-255,66,235630,12,293670
5750,0.041222,172.253.118.0-255,5738,241368,12,293670
5751,0.041228,172.31.36.0-255,66,241434,12,293670
5752,0.043281,172.253.118.0-255,5738,247172,12,293670
5753,0.043287,172.31.36.0-255,66,247238,12,293670
5754,0.045314,172.253.118.0-255,5738,252976,12,293670
5755,0.045323,172.31.36.0-255,66,253042,12,293670
5756,0.047381,172.253.118.0-255,5738,258780,12,293670
5757,0.047388,172.31.36.0-255,66,258846,12,293670
5758,0.049441,172.253.118.0-255,5738,264584,12,293670
5759,0.049448,172.31.36.0-255,66,264650,12,293670
5760,0.051499,172.253.118.0-255,5738,270388,12,293670
5761,0.051505,172.31.36.0-255,66,270454,12,293670
5762,0.053562,172.253.118.0-255,5738,276192,12,293670
5763,0.053569,172.31.36.0-255,66,276258,12,293670
5764,0.055627,172.253.118.0-255,5738,281996,12,293670
5765,0.055633,172.31.36.0-255,66,282062,12,293670
5766,0.057687,172.253.118.0-255,5738,287800,12,293670
5767,0.057693,172.31.36.0-255,66,287866,12,293670
5768,0.059745,172.253.118.0-255,5738,293604,12,293670
5769,0.059752,172.31.36.0-255,66,293670,12,293670
5770,0.0,172.31.36.0-255,105,105,12,105
5771,0.0,74.125.24.0-255,152,152,12,221110
5772,2.4e-05,172.31.36.0-255,66,218,12,221110
5773,2.9e-05,74.125.24.0-255,1484,1702,12,221110
5774,3.4e-05,172.31.36.0-255,66,1768,12,221110
5775,6.1e-05,74.125.24.0-255,2902,4670,12,221110
5776,6.4e-05,172.31.36.0-255,66,4736,12,221110
5777,0.00017,74.125.24.0-255,2902,7638,12,221110
5778,0.000175,172.31.36.0-255,66,7704,12,221110
5779,0.000189,74.125.24.0-255,4320,12024,12,221110
5780,0.000192,172.31.36.0-255,66,12090,12,221110
5781,0.000368,74.125.24.0-255,2109,14199,12,221110
5782,0.000374,172.31.36.0-255,66,14265,12,221110
5783,0.000429,74.125.24.0-255,1484,15749,12,221110
5784,0.000433,172.31.36.0-255,66,15815,12,221110
5785,0.000461,74.125.24.0-255,1484,17299,12,221110
5786,0.000464,172.31.36.0-255,66,17365,12,221110
5787,0.00053,74.125.24.0-255,7156,24521,12,221110
5788,0.000535,172.31.36.0-255,66,24587,12,221110
5789,0.000758,74.125.24.0-255,6797,31384,12,221110
5790,0.000764,172.31.36.0-255,66,31450,12,221110
5791,0.000971,74.125.24.0-255,7156,38606,12,221110
5792,0.000977,172.31.36.0-255,66,38672,12,221110
5793,0.001013,172.31.36.0-255,66,38738,12,221110
5794,0.001467,74.125.24.0-255,1125,39863,12,221110
5795,0.001474,172.31.36.0-255,66,39929,12,221110
5796,0.001505,74.125.24.0-255,2902,42831,12,221110
5797,0.001508,172.31.36.0-255,66,42897,12,221110
5798,0.00154,172.31.36.0-255,66,42963,12,221110
5799,0.002026,74.125.24.0-255,331,43294,12,221110
5800,0.002031,172.31.36.0-255,66,43360,12,221110
5801,0.002048,74.125.24.0-255,1484,44844,12,221110
5802,0.002098,74.125.24.0-255,4320,49164,12,221110
5803,0.002115,172.31.36.0-255,66,49230,12,221110
5804,0.002225,74.125.24.0-255,4320,53550,12,221110
5805,0.002229,172.31.36.0-255,66,53616,12,221110
5806,0.002255,74.125.24.0-255,4320,57936,12,221110
5807,0.002263,172.31.36.0-255,66,58002,12,221110
5808,0.002495,74.125.24.0-255,2902,60904,12,221110
5809,0.002499,172.31.36.0-255,66,60970,12,221110
5810,0.002552,172.31.36.0-255,66,61036,12,221110
5811,0.002555,74.125.24.0-255,4320,65356,12,221110
5812,0.002573,172.31.36.0-255,66,65422,12,221110
5813,0.003084,74.125.24.0-255,2902,68324,12,221110
5814,0.003089,172.31.36.0-255,66,68390,12,221110
5815,0.003142,172.31.36.0-255,66,68456,12,221110
5816,0.003151,74.125.24.0-255,7156,75612,12,221110
5817,0.003161,172.31.36.0-255,66,75678,12,221110
5818,0.003165,74.125.24.0-255,2902,78580,12,221110
5819,0.003181,172.31.36.0-255,66,78646,12,221110
5820,0.005444,74.125.24.0-255,2902,81548,12,221110
5821,0.005449,172.31.36.0-255,66,81614,12,221110
5822,0.005479,74.125.24.0-255,2902,84516,12,221110
5823,0.005492,172.31.36.0-255,66,84582,12,221110
5824,0.007715,74.125.24.0-255,2902,87484,12,221110
5825,0.007721,172.31.36.0-255,66,87550,12,221110
5826,0.007742,74.125.24.0-255,2902,90452,12,221110
5827,0.00785,172.31.36.0-255,66,90518,12,221110
5828,0.010003,74.125.24.0-255,2902,93420,12,221110
5829,0.01001,172.31.36.0-255,66,93486,12,221110
5830,0.010101,74.125.24.0-255,2902,96388,12,221110
5831,0.010106,172.31.36.0-255,66,96454,12,221110
5832,0.01229,74.125.24.0-255,2902,99356,12,221110
5833,0.012298,172.31.36.0-255,66,99422,12,221110
5834,0.012339,74.125.24.0-255,2902,102324,12,221110
5835,0.012351,172.31.36.0-255,66,102390,12,221110
5836,0.014557,74.125.24.0-255,2902,105292,12,221110
5837,0.014567,172.31.36.0-255,66,105358,12,221110
5838,0.014624,74.125.24.0-255,2902,108260,12,221110
5839,0.014646,172.31.36.0-255,66,108326,12,221110
5840,0.016812,74.125.24.0-255,2902,111228,12,221110
5841,0.01682,172.31.36.0-255,66,111294,12,221110
5842,0.016915,74.125.24.0-255,2902,114196,12,221110
5843,0.016921,172.31.36.0-255,66,114262,12,221110
5844,0.0191,74.125.24.0-255,2902,117164,12,221110
5845,0.019107,172.31.36.0-255,66,117230,12,221110
5846,0.019179,74.125.24.0-255,2902,120132,12,221110
5847,0.019746,172.31.36.0-255,66,120198,12,221110
5848,0.021374,74.125.24.0-255,2902,123100,12,221110
5849,0.021385,172.31.36.0-255,66,123166,12,221110
5850,0.022033,74.125.24.0-255,2902,126068,12,221110
5851,0.022041,172.31.36.0-255,66,126134,12,221110
5852,0.023642,74.125.24.0-255,2902,129036,12,221110
5853,0.02365,172.31.36.0-255,66,129102,12,221110
5854,0.024318,74.125.24.0-255,2902,132004,12,221110
5855,0.024325,172.31.36.0-255,66,132070,12,221110
5856,0.026004,74.125.24.0-255,2902,134972,12,221110
5857,0.026011,172.31.36.0-255,66,135038,12,221110
5858,0.026583,74.125.24.0-255,2902,137940,12,221110
5859,0.026589,172.31.36.0-255,66,138006,12,221110
5860,0.028295,74.125.24.0-255,2902,140908,12,221110
5861,0.028301,172.31.36.0-255,66,140974,12,221110
5862,0.028857,74.125.24.0-255,2902,143876,12,221110
5863,0.028861,172.31.36.0-255,66,143942,12,221110
5864,0.030557,74.125.24.0-255,2902,146844,12,221110
5865,0.030563,172.31.36.0-255,66,146910,12,221110
5866,0.031131,74.125.24.0-255,2902,149812,12,221110
5867,0.031137,172.31.36.0-255,66,149878,12,221110
5868,0.032812,74.125.24.0-255,2902,152780,12,221110
5869,0.032818,172.31.36.0-255,66,152846,12,221110
5870,0.0334,74.125.24.0-255,2902,155748,12,221110
5871,0.033406,172.31.36.0-255,66,155814,12,221110
5872,0.035099,74.125.24.0-255,2902,158716,12,221110
5873,0.035108,172.31.36.0-255,66,158782,12,221110
5874,0.035658,74.125.24.0-255,2902,161684,12,221110
5875,0.035665,172.31.36.0-255,66,161750,12,221110
5876,0.037393,74.125.24.0-255,2902,164652,12,221110
5877,0.0374,172.31.36.0-255,66,164718,12,221110
5878,0.037911,74.125.24.0-255,2902,167620,12,221110
5879,0.037918,172.31.36.0-255,66,167686,12,221110
5880,0.039676,74.125.24.0-255,2902,170588,12,221110
5881,0.039684,172.31.36.0-255,66,170654,12,221110
5882,0.040176,74.125.24.0-255,2902,173556,12,221110
5883,0.040183,172.31.36.0-255,66,173622,12,221110
5884,0.041965,74.125.24.0-255,2902,176524,12,221110
5885,0.041973,172.31.36.0-255,66,176590,12,221110
5886,0.042459,74.125.24.0-255,2902,179492,12,221110
5887,0.042466,172.31.36.0-255,66,179558,12,221110
5888,0.044237,74.125.24.0-255,2902,182460,12,221110
5889,0.044242,172.31.36.0-255,66,182526,12,221110
5890,0.044729,74.125.24.0-255,2902,185428,12,221110
5891,0.044734,172.31.36.0-255,66,185494,12,221110
5892,0.046503,74.125.24.0-255,2902,188396,12,221110
5893,0.046511,172.31.36.0-255,66,188462,12,221110
5894,0.047003,74.125.24.0-255,2902,191364,12,221110
5895,0.047009,172.31.36.0-255,66,191430,12,221110
5896,0.048789,74.125.24.0-255,2902,194332,12,221110
5897,0.048797,172.31.36.0-255,66,194398,12,221110
5898,0.049263,74.125.24.0-255,2902,197300,12,221110
5899,0.049269,172.31.36.0-255,66,197366,12,221110
5900,0.051069,74.125.24.0-255,2902,200268,12,221110
5901,0.051077,172.31.36.0-255,66,200334,12,221110
5902,0.051518,74.125.24.0-255,2902,203236,12,221110
5903,0.051524,172.31.36.0-255,66,203302,12,221110
5904,0.053339,74.125.24.0-255,2902,206204,12,221110
5905,0.053347,172.31.36.0-255,66,206270,12,221110
5906,0.053795,74.125.24.0-255,2902,209172,12,221110
5907,0.053802,172.31.36.0-255,66,209238,12,221110
5908,0.055611,74.125.24.0-255,2902,212140,12,221110
5909,0.055618,172.31.36.0-255,66,212206,12,221110
5910,0.056074,74.125.24.0-255,2902,215108,12,221110
5911,0.05608,172.31.36.0-255,66,215174,12,221110
5912,0.057875,74.125.24.0-255,2902,218076,12,221110
5913,0.057884,172.31.36.0-255,66,218142,12,221110
5914,0.058354,74.125.24.0-255,2902,221044,12,221110
5915,0.058359,172.31.36.0-255,66,221110,12,221110
5916,0.0,74.125.24.0-255,150,150,12,297092
5917,2.8e-05,172.31.36.0-255,66,216,12,297092
5918,3.6e-05,74.125.24.0-255,1484,1700,12,297092
5919,3.9e-05,172.31.36.0-255,66,1766,12,297092
5920,4.4e-05,74.125.24.0-255,2902,4668,12,297092
5921,4.7e-05,172.31.36.0-255,66,4734,12,297092
5922,5e-05,74.125.24.0-255,1484,6218,12,297092
5923,5.3e-05,172.31.36.0-255,66,6284,12,297092
5924,7.6e-05,74.125.24.0-255,5738,12022,12,297092
5925,7.9e-05,172.31.36.0-255,66,12088,12,297092
5926,9.2e-05,74.125.24.0-255,1975,14063,12,297092
5927,9.4e-05,172.31.36.0-255,66,14129,12,297092
5928,0.000113,74.125.24.0-255,2902,17031,12,297092
5929,0.000115,172.31.36.0-255,66,17097,12,297092
5930,0.000142,74.125.24.0-255,4320,21417,12,297092
5931,0.000145,172.31.36.0-255,66,21483,12,297092
5932,0.000161,74.125.24.0-255,2902,24385,12,297092
5933,0.000165,172.31.36.0-255,66,24451,12,297092
5934,0.000206,74.125.24.0-255,6797,31248,12,297092
5935,0.00021,172.31.36.0-255,66,31314,12,297092
5936,0.000847,74.125.24.0-255,1484,32798,12,297092
5937,0.000853,172.31.36.0-255,66,32864,12,297092
5938,0.000862,74.125.24.0-255,2902,35766,12,297092
5939,0.000864,172.31.36.0-255,66,35832,12,297092
5940,0.000871,74.125.24.0-255,5738,41570,12,297092
5941,0.000873,172.31.36.0-255,66,41636,12,297092
5942,0.000907,74.125.24.0-255,5738,47374,12,297092
5943,0.00091,172.31.36.0-255,66,47440,12,297092
5944,0.000962,74.125.24.0-255,2902,50342,12,297092
5945,0.000965,172.31.36.0-255,66,50408,12,297092
5946,0.000988,172.31.36.0-255,66,50474,12,297092
5947,0.001078,74.125.24.0-255,2902,53376,12,297092
5948,0.001082,172.31.36.0-255,66,53442,12,297092
5949,0.001099,74.125.24.0-255,1437,54879,12,297092
5950,0.001122,74.125.24.0-255,343,55222,12,297092
5951,0.001125,172.31.36.0-255,66,55288,12,297092
5952,0.00127,74.125.24.0-255,1484,56772,12,297092
5953,0.001275,74.125.24.0-255,2902,59674,12,297092
5954,0.001278,172.31.36.0-255,66,59740,12,297092
5955,0.001301,74.125.24.0-255,2902,62642,12,297092
5956,0.001303,172.31.36.0-255,66,62708,12,297092
5957,0.001315,74.125.24.0-255,2902,65610,12,297092
5958,0.001317,172.31.36.0-255,66,65676,12,297092
5959,0.001336,74.125.24.0-255,1484,67160,12,297092
5960,0.00136,172.31.36.0-255,66,67226,12,297092
5961,0.00145,74.125.24.0-255,2902,70128,12,297092
5962,0.001453,172.31.36.0-255,66,70194,12,297092
5963,0.001471,74.125.24.0-255,4320,74514,12,297092
5964,0.001473,172.31.36.0-255,66,74580,12,297092
5965,0.001519,74.125.24.0-255,2543,77123,12,297092
5966,0.001521,172.31.36.0-255,66,77189,12,297092
5967,0.001536,74.125.24.0-255,1484,78673,12,297092
5968,0.001547,74.125.24.0-255,1484,80157,12,297092
5969,0.001549,172.31.36.0-255,66,80223,12,297092
5970,0.001567,74.125.24.0-255,4320,84543,12,297092
5971,0.001569,172.31.36.0-255,66,84609,12,297092
5972,0.001582,74.125.24.0-255,2902,87511,12,297092
5973,0.001584,172.31.36.0-255,66,87577,12,297092
5974,0.001629,74.125.24.0-255,4320,91897,12,297092
5975,0.001632,172.31.36.0-255,66,91963,12,297092
5976,0.001645,74.125.24.0-255,5738,97701,12,297092
5977,0.001647,172.31.36.0-255,66,97767,12,297092
5978,0.001666,74.125.24.0-255,5738,103505,12,297092
5979,0.001668,172.31.36.0-255,66,103571,12,297092
5980,0.001762,74.125.24.0-255,4320,107891,12,297092
5981,0.001765,172.31.36.0-255,66,107957,12,297092
5982,0.001785,74.125.24.0-255,3602,111559,12,297092
5983,0.001787,172.31.36.0-255,66,111625,12,297092
5984,0.001944,74.125.24.0-255,1484,113109,12,297092
5985,0.001947,74.125.24.0-255,1484,114593,12,297092
5986,0.001949,172.31.36.0-255,66,114659,12,297092
5987,0.001966,74.125.24.0-255,1484,116143,12,297092
5988,0.001971,74.125.24.0-255,4320,120463,12,297092
5989,0.001974,172.31.36.0-255,66,120529,12,297092
5990,0.001988,74.125.24.0-255,1484,122013,12,297092
5991,0.002007,74.125.24.0-255,2902,124915,12,297092
5992,0.00201,172.31.36.0-255,66,124981,12,297092
5993,0.002033,74.125.24.0-255,7156,132137,12,297092
5994,0.002035,172.31.36.0-255,66,132203,12,297092
5995,0.00205,74.125.24.0-255,2902,135105,12,297092
5996,0.002052,172.31.36.0-255,66,135171,12,297092
5997,0.002132,74.125.24.0-255,7156,142327,12,297092
5998,0.002134,172.31.36.0-255,66,142393,12,297092
5999,0.002154,74.125.24.0-255,3602,145995,12,297092
6000,0.002157,172.31.36.0-255,66,146061,12,297092
6001,0.002488,74.125.24.0-255,1484,147545,12,297092
6002,0.002493,74.125.24.0-255,2902,150447,12,297092
6003,0.002495,172.31.36.0-255,66,150513,12,297092
6004,0.002506,74.125.24.0-255,1484,151997,12,297092
6005,0.002525,74.125.24.0-255,4320,156317,12,297092
6006,0.002528,172.31.36.0-255,66,156383,12,297092
6007,0.002559,74.125.24.0-255,2902,159285,12,297092
6008,0.002561,172.31.36.0-255,66,159351,12,297092
6009,0.002664,74.125.24.0-255,4320,163671,12,297092
6010,0.002678,74.125.24.0-255,2902,166573,12,297092
6011,0.002724,74.125.24.0-255,3602,170175,12,297092
6012,0.003578,172.31.36.0-255,66,170241,12,297092
6013,0.006163,74.125.24.0-255,5738,175979,12,297092
6014,0.006172,172.31.36.0-255,66,176045,12,297092
6015,0.008774,74.125.24.0-255,5738,181783,12,297092
6016,0.008782,172.31.36.0-255,66,181849,12,297092
6017,0.011356,74.125.24.0-255,5738,187587,12,297092
6018,0.011369,172.31.36.0-255,66,187653,12,297092
6019,0.013956,74.125.24.0-255,5738,193391,12,297092
6020,0.013972,172.31.36.0-255,66,193457,12,297092
6021,0.016602,74.125.24.0-255,5738,199195,12,297092
6022,0.016618,172.31.36.0-255,66,199261,12,297092
6023,0.019201,74.125.24.0-255,5738,204999,12,297092
6024,0.019212,172.31.36.0-255,66,205065,12,297092
6025,0.021783,74.125.24.0-255,5738,210803,12,297092
6026,0.021798,172.31.36.0-255,66,210869,12,297092
6027,0.024401,74.125.24.0-255,5738,216607,12,297092
6028,0.024417,172.31.36.0-255,66,216673,12,297092
6029,0.027037,74.125.24.0-255,5738,222411,12,297092
6030,0.027048,172.31.36.0-255,66,222477,12,297092
6031,0.028365,172.31.36.0-255,188,222665,12,297092
6032,0.028403,172.31.36.0-255,952,223617,12,297092
6033,0.028438,172.31.36.0-255,1514,225131,12,297092
6034,0.02844,172.31.36.0-255,1455,226586,12,297092
6035,0.029636,74.125.24.0-255,5738,232324,12,297092
6036,0.029645,172.31.36.0-255,66,232390,12,297092
6037,0.029898,104.244.42.0-255,66,232456,12,297092
6038,0.029979,104.244.42.0-255,66,232522,12,297092
6039,0.030026,104.244.42.0-255,66,232588,12,297092
6040,0.032236,74.125.24.0-255,5738,238326,12,297092
6041,0.032245,172.31.36.0-255,66,238392,12,297092
6042,0.034884,74.125.24.0-255,5738,244130,12,297092
6043,0.034899,172.31.36.0-255,66,244196,12,297092
6044,0.037459,74.125.24.0-255,5738,249934,12,297092
6045,0.037466,172.31.36.0-255,66,250000,12,297092
6046,0.040049,74.125.24.0-255,5738,255738,12,297092
6047,0.040071,172.31.36.0-255,66,255804,12,297092
6048,0.042653,74.125.24.0-255,5738,261542,12,297092
6049,0.04266,172.31.36.0-255,66,261608,12,297092
6050,0.045276,74.125.24.0-255,5738,267346,12,297092
6051,0.045282,172.31.36.0-255,66,267412,12,297092
6052,0.047836,74.125.24.0-255,2902,270314,12,297092
6053,0.047843,172.31.36.0-255,66,270380,12,297092
6054,0.047874,74.125.24.0-255,2902,273282,12,297092
6055,0.047877,172.31.36.0-255,66,273348,12,297092
6056,0.050422,74.125.24.0-255,2902,276250,12,297092
6057,0.050428,172.31.36.0-255,66,276316,12,297092
6058,0.050461,74.125.24.0-255,2902,279218,12,297092
6059,0.050464,172.31.36.0-255,66,279284,12,297092
6060,0.053019,74.125.24.0-255,2902,282186,12,297092
6061,0.053027,172.31.36.0-255,66,282252,12,297092
6062,0.053086,74.125.24.0-255,2902,285154,12,297092
6063,0.053089,172.31.36.0-255,66,285220,12,297092
6064,0.055595,74.125.24.0-255,2902,288122,12,297092
6065,0.055602,172.31.36.0-255,66,288188,12,297092
6066,0.055668,74.125.24.0-255,2902,291090,12,297092
6067,0.055672,172.31.36.0-255,66,291156,12,297092
6068,0.0582,74.125.24.0-255,2902,294058,12,297092
6069,0.058206,172.31.36.0-255,66,294124,12,297092
6070,0.058233,74.125.24.0-255,2902,297026,12,297092
6071,0.058236,172.31.36.0-255,66,297092,12,297092
6072,0.0,172.217.194.0-255,301,301,12,151738
6073,2.3e-05,172.31.36.0-255,66,367,12,151738
6074,3e-05,172.217.194.0-255,1484,1851,12,151738
6075,3.5e-05,172.31.36.0-255,66,1917,12,151738
6076,4.2e-05,172.217.194.0-255,4320,6237,12,151738
6077,4.6e-05,172.31.36.0-255,66,6303,12,151738
6078,6.9e-05,172.31.36.0-255,66,6369,12,151738
6079,7.5e-05,172.217.194.0-255,4320,10689,12,151738
6080,7.7e-05,172.31.36.0-255,66,10755,12,151738
6081,9.6e-05,172.217.194.0-255,1484,12239,12,151738
6082,0.0001,172.31.36.0-255,66,12305,12,151738
6083,0.000141,172.31.36.0-255,66,12371,12,151738
6084,0.00018,172.31.36.0-255,66,12437,12,151738
6085,0.000199,172.31.36.0-255,66,12503,12,151738
6086,0.00021,172.31.36.0-255,66,12569,12,151738
6087,0.000238,172.217.194.0-255,3946,16515,12,151738
6088,0.00024,172.31.36.0-255,66,16581,12,151738
6089,0.00036,172.217.194.0-255,1484,18065,12,151738
6090,0.000364,172.31.36.0-255,66,18131,12,151738
6091,0.000369,172.217.194.0-255,2902,21033,12,151738
6092,0.000372,172.31.36.0-255,66,21099,12,151738
6093,0.000376,172.217.194.0-255,2902,24001,12,151738
6094,0.000384,172.31.36.0-255,66,24067,12,151738
6095,0.000422,172.217.194.0-255,2902,26969,12,151738
6096,0.000425,172.31.36.0-255,66,27035,12,151738
6097,0.000444,172.31.36.0-255,66,27101,12,151738
6098,0.000457,172.31.36.0-255,66,27167,12,151738
6099,0.000507,172.217.194.0-255,1484,28651,12,151738
6100,0.000512,172.217.194.0-255,2902,31553,12,151738
6101,0.000515,172.31.36.0-255,66,31619,12,151738
6102,0.000521,172.217.194.0-255,4320,35939,12,151738
6103,0.000523,172.31.36.0-255,66,36005,12,151738
6104,0.000539,172.217.194.0-255,1484,37489,12,151738
6105,0.000551,172.217.194.0-255,7156,44645,12,151738
6106,0.000553,172.31.36.0-255,66,44711,12,151738
6107,0.000572,172.217.194.0-255,5738,50449,12,151738
6108,0.000574,172.31.36.0-255,66,50515,12,151738
6109,0.000616,172.31.36.0-255,66,50581,12,151738
6110,0.000641,172.217.194.0-255,2184,52765,12,151738
6111,0.000647,172.31.36.0-255,66,52831,12,151738
6112,0.00065,172.217.194.0-255,1484,54315,12,151738
6113,0.000668,172.217.194.0-255,2902,57217,12,151738
6114,0.00067,172.31.36.0-255,66,57283,12,151738
6115,0.000677,172.217.194.0-255,5738,63021,12,151738
6116,0.00068,172.31.36.0-255,66,63087,12,151738
6117,0.000683,172.217.194.0-255,1484,64571,12,151738
6118,0.000726,172.31.36.0-255,66,64637,12,151738
6119,0.000743,172.31.36.0-255,66,64703,12,151738
6120,0.000781,172.217.194.0-255,7156,71859,12,151738
6121,0.000784,172.31.36.0-255,66,71925,12,151738
6122,0.000812,172.217.194.0-255,1484,73409,12,151738
6123,0.000825,172.31.36.0-255,66,73475,12,151738
6124,0.00083,172.217.194.0-255,4320,77795,12,151738
6125,0.000833,172.31.36.0-255,66,77861,12,151738
6126,0.000875,172.31.36.0-255,66,77927,12,151738
6127,0.00098,172.217.194.0-255,1484,79411,12,151738
6128,0.000999,172.217.194.0-255,2902,82313,12,151738
6129,0.001006,172.217.194.0-255,5738,88051,12,151738
6130,0.001009,172.217.194.0-255,2902,90953,12,151738
6131,0.001018,172.31.36.0-255,66,91019,12,151738
6132,0.001023,172.31.36.0-255,66,91085,12,151738
6133,0.001025,172.31.36.0-255,66,91151,12,151738
6134,0.001042,172.31.36.0-255,66,91217,12,151738
6135,0.001052,172.31.36.0-255,66,91283,12,151738
6136,0.001079,172.217.194.0-255,2184,93467,12,151738
6137,0.001082,172.31.36.0-255,66,93533,12,151738
6138,0.00109,172.217.194.0-255,1484,95017,12,151738
6139,0.001094,172.217.194.0-255,2902,97919,12,151738
6140,0.001097,172.31.36.0-255,66,97985,12,151738
6141,0.001148,172.217.194.0-255,5738,103723,12,151738
6142,0.001152,172.31.36.0-255,66,103789,12,151738
6143,0.001175,172.31.36.0-255,66,103855,12,151738
6144,0.001186,172.31.36.0-255,66,103921,12,151738
6145,0.0012,172.31.36.0-255,66,103987,12,151738
6146,0.001241,172.217.194.0-255,2184,106171,12,151738
6147,0.001244,172.31.36.0-255,66,106237,12,151738
6148,0.001259,172.31.36.0-255,66,106303,12,151738
6149,0.001271,172.217.194.0-255,6438,112741,12,151738
6150,0.001274,172.31.36.0-255,66,112807,12,151738
6151,0.001281,172.217.194.0-255,7156,119963,12,151738
6152,0.001283,172.31.36.0-255,66,120029,12,151738
6153,0.001375,172.31.36.0-255,66,120095,12,151738
6154,0.001992,172.217.194.0-255,1484,121579,12,151738
6155,0.001999,172.217.194.0-255,2902,124481,12,151738
6156,0.002002,172.31.36.0-255,66,124547,12,151738
6157,0.002008,172.217.194.0-255,2902,127449,12,151738
6158,0.00201,172.31.36.0-255,66,127515,12,151738
6159,0.002031,172.217.194.0-255,2902,130417,12,151738
6160,0.002033,172.31.36.0-255,66,130483,12,151738
6161,0.002057,172.31.36.0-255,66,130549,12,151738
6162,0.00207,172.31.36.0-255,66,130615,12,151738
6163,0.002076,172.217.194.0-255,4320,134935,12,151738
6164,0.002078,172.31.36.0-255,66,135001,12,151738
6165,0.00212,172.217.194.0-255,7156,142157,12,151738
6166,0.002174,172.217.194.0-255,4876,147033,12,151738
6167,0.002178,172.31.36.0-255,66,147099,12,151738
6168,0.002186,172.217.194.0-255,105,147204,12,151738
6169,0.002206,172.31.36.0-255,66,147270,12,151738
6170,0.004698,172.31.36.0-255,105,147375,12,151738
6171,0.007281,172.217.194.0-255,66,147441,12,151738
6172,0.029929,172.31.36.0-255,176,147617,12,151738
6173,0.029967,172.31.36.0-255,1106,148723,12,151738
6174,0.03003,172.31.36.0-255,1514,150237,12,151738
6175,0.030032,172.31.36.0-255,1303,151540,12,151738
6176,0.031467,104.244.42.0-255,66,151606,12,151738
6177,0.031497,104.244.42.0-255,66,151672,12,151738
6178,0.031603,104.244.42.0-255,66,151738,12,151738
6179,0.0,74.125.24.0-255,147,147,12,263306
6180,2.1e-05,172.31.36.0-255,66,213,12,263306
6181,2.8e-05,74.125.24.0-255,1484,1697,12,263306
6182,3.3e-05,172.31.36.0-255,66,1763,12,263306
6183,3.6e-05,74.125.24.0-255,1484,3247,12,263306
6184,4.8e-05,172.31.36.0-255,66,3313,12,263306
6185,5.6e-05,74.125.24.0-255,4320,7633,12,263306
6186,5.9e-05,172.31.36.0-255,66,7699,12,263306
6187,9.9e-05,74.125.24.0-255,6287,13986,12,263306
6188,0.000102,172.31.36.0-255,66,14052,12,263306
6189,0.000121,74.125.24.0-255,1484,15536,12,263306
6190,0.000123,172.31.36.0-255,66,15602,12,263306
6191,0.000128,74.125.24.0-255,2902,18504,12,263306
6192,0.000131,172.31.36.0-255,66,18570,12,263306
6193,0.000137,74.125.24.0-255,4320,22890,12,263306
6194,0.00014,172.31.36.0-255,66,22956,12,263306
6195,0.000168,74.125.24.0-255,1484,24440,12,263306
6196,0.00017,172.31.36.0-255,66,24506,12,263306
6197,0.0002,74.125.24.0-255,6797,31303,12,263306
6198,0.000203,172.31.36.0-255,66,31369,12,263306
6199,0.00027,74.125.24.0-255,1484,32853,12,263306
6200,0.000273,172.31.36.0-255,66,32919,12,263306
6201,0.000277,74.125.24.0-255,1484,34403,12,263306
6202,0.000279,172.31.36.0-255,66,34469,12,263306
6203,0.000307,74.125.24.0-255,1484,35953,12,263306
6204,0.00031,172.31.36.0-255,66,36019,12,263306
6205,0.000317,74.125.24.0-255,5738,41757,12,263306
6206,0.000321,172.31.36.0-255,66,41823,12,263306
6207,0.000325,74.125.24.0-255,2902,44725,12,263306
6208,0.000327,172.31.36.0-255,66,44791,12,263306
6209,0.000359,74.125.24.0-255,3961,48752,12,263306
6210,0.000362,172.31.36.0-255,66,48818,12,263306
6211,0.000374,74.125.24.0-255,1484,50302,12,263306
6212,0.000384,74.125.24.0-255,2902,53204,12,263306
6213,0.000406,74.125.24.0-255,5738,58942,12,263306
6214,0.000425,74.125.24.0-255,2902,61844,12,263306
6215,0.000444,74.125.24.0-255,4251,66095,12,263306
6216,0.000449,74.125.24.0-255,137,66232,12,263306
6217,0.00057,172.31.36.0-255,66,66298,12,263306
6218,0.000667,74.125.24.0-255,347,66645,12,263306
6219,0.000788,74.125.24.0-255,1484,68129,12,263306
6220,0.000794,74.125.24.0-255,2902,71031,12,263306
6221,0.000803,172.31.36.0-255,66,71097,12,263306
6222,0.000822,74.125.24.0-255,5738,76835,12,263306
6223,0.000826,74.125.24.0-255,2902,79737,12,263306
6224,0.000839,74.125.24.0-255,3412,83149,12,263306
6225,0.000862,172.31.36.0-255,66,83215,12,263306
6226,0.001103,74.125.24.0-255,1484,84699,12,263306
6227,0.001125,74.125.24.0-255,2902,87601,12,263306
6228,0.001129,172.31.36.0-255,66,87667,12,263306
6229,0.001136,74.125.24.0-255,5738,93405,12,263306
6230,0.001138,74.125.24.0-255,1484,94889,12,263306
6231,0.001142,172.31.36.0-255,66,94955,12,263306
6232,0.001221,74.125.24.0-255,2902,97857,12,263306
6233,0.00124,172.31.36.0-255,66,97923,12,263306
6234,0.001898,74.125.24.0-255,1484,99407,12,263306
6235,0.001908,74.125.24.0-255,2902,102309,12,263306
6236,0.001913,172.31.36.0-255,66,102375,12,263306
6237,0.001921,74.125.24.0-255,5738,108113,12,263306
6238,0.001923,172.31.36.0-255,66,108179,12,263306
6239,0.002018,74.125.24.0-255,5020,113199,12,263306
6240,0.002262,74.125.24.0-255,1484,114683,12,263306
6241,0.002269,74.125.24.0-255,1484,116167,12,263306
6242,0.002285,74.125.24.0-255,1484,117651,12,263306
6243,0.002292,74.125.24.0-255,5738,123389,12,263306
6244,0.002298,74.125.24.0-255,5738,129127,12,263306
6245,0.002319,74.125.24.0-255,2902,132029,12,263306
6246,0.002359,74.125.24.0-255,5020,137049,12,263306
6247,0.007697,172.31.36.0-255,66,137115,12,263306
6248,0.010097,74.125.24.0-255,5738,142853,12,263306
6249,0.010106,172.31.36.0-255,66,142919,12,263306
6250,0.012517,74.125.24.0-255,5738,148657,12,263306
6251,0.012525,172.31.36.0-255,66,148723,12,263306
6252,0.01488,74.125.24.0-255,5738,154461,12,263306
6253,0.014888,172.31.36.0-255,66,154527,12,263306
6254,0.017252,74.125.24.0-255,5738,160265,12,263306
6255,0.017261,172.31.36.0-255,66,160331,12,263306
6256,0.01965,74.125.24.0-255,5738,166069,12,263306
6257,0.019658,172.31.36.0-255,66,166135,12,263306
6258,0.022023,74.125.24.0-255,5738,171873,12,263306
6259,0.02203,172.31.36.0-255,66,171939,12,263306
6260,0.024357,74.125.24.0-255,5738,177677,12,263306
6261,0.024364,172.31.36.0-255,66,177743,12,263306
6262,0.026743,74.125.24.0-255,5738,183481,12,263306
6263,0.026751,172.31.36.0-255,66,183547,12,263306
6264,0.029115,74.125.24.0-255,5738,189285,12,263306
6265,0.029124,172.31.36.0-255,66,189351,12,263306
6266,0.031544,74.125.24.0-255,5738,195089,12,263306
6267,0.031552,172.31.36.0-255,66,195155,12,263306
6268,0.033927,74.125.24.0-255,5738,200893,12,263306
6269,0.033934,172.31.36.0-255,66,200959,12,263306
6270,0.035287,172.31.36.0-255,188,201147,12,263306
6271,0.035319,172.31.36.0-255,952,202099,12,263306
6272,0.035379,172.31.36.0-255,1514,203613,12,263306
6273,0.035381,172.31.36.0-255,1455,205068,12,263306
6274,0.036272,74.125.24.0-255,5738,210806,12,263306
6275,0.036279,172.31.36.0-255,66,210872,12,263306
6276,0.036856,104.244.42.0-255,66,210938,12,263306
6277,0.036864,104.244.42.0-255,66,211004,12,263306
6278,0.037001,104.244.42.0-255,66,211070,12,263306
6279,0.038665,74.125.24.0-255,5738,216808,12,263306
6280,0.038674,172.31.36.0-255,66,216874,12,263306
6281,0.04107,74.125.24.0-255,5738,222612,12,263306
6282,0.041077,172.31.36.0-255,66,222678,12,263306
6283,0.043434,74.125.24.0-255,5738,228416,12,263306
6284,0.043441,172.31.36.0-255,66,228482,12,263306
6285,0.045861,74.125.24.0-255,5738,234220,12,263306
6286,0.045868,172.31.36.0-255,66,234286,12,263306
6287,0.048249,74.125.24.0-255,5738,240024,12,263306
6288,0.048256,172.31.36.0-255,66,240090,12,263306
6289,0.050648,74.125.24.0-255,5738,245828,12,263306
6290,0.050654,172.31.36.0-255,66,245894,12,263306
6291,0.052995,74.125.24.0-255,5738,251632,12,263306
6292,0.053002,172.31.36.0-255,66,251698,12,263306
6293,0.055404,74.125.24.0-255,5738,257436,12,263306
6294,0.055411,172.31.36.0-255,66,257502,12,263306
6295,0.057726,74.125.24.0-255,5738,263240,12,263306
6296,0.057733,172.31.36.0-255,66,263306,12,263306
6297,0.0,74.125.24.0-255,153,153,12,231654
6298,1.6e-05,172.31.36.0-255,66,219,12,231654
6299,2.3e-05,74.125.24.0-255,1484,1703,12,231654
6300,2.7e-05,172.31.36.0-255,66,1769,12,231654
6301,3.3e-05,74.125.24.0-255,2902,4671,12,231654
6302,3.7e-05,172.31.36.0-255,66,4737,12,231654
6303,4.5e-05,74.125.24.0-255,7156,11893,12,231654
6304,4.9e-05,172.31.36.0-255,66,11959,12,231654
6305,5.3e-05,74.125.24.0-255,2016,13975,12,231654
6306,5.6e-05,172.31.36.0-255,66,14041,12,231654
6307,0.000279,74.125.24.0-255,1484,15525,12,231654
6308,0.000284,172.31.36.0-255,66,15591,12,231654
6309,0.00029,74.125.24.0-255,2902,18493,12,231654
6310,0.000294,172.31.36.0-255,66,18559,12,231654
6311,0.000298,74.125.24.0-255,2902,21461,12,231654
6312,0.000301,172.31.36.0-255,66,21527,12,231654
6313,0.000322,74.125.24.0-255,2902,24429,12,231654
6314,0.000325,172.31.36.0-255,66,24495,12,231654
6315,0.000371,74.125.24.0-255,6797,31292,12,231654
6316,0.000375,172.31.36.0-255,66,31358,12,231654
6317,0.00067,74.125.24.0-255,1484,32842,12,231654
6318,0.000674,172.31.36.0-255,66,32908,12,231654
6319,0.00068,74.125.24.0-255,2902,35810,12,231654
6320,0.000682,172.31.36.0-255,66,35876,12,231654
6321,0.000689,74.125.24.0-255,5738,41614,12,231654
6322,0.000691,172.31.36.0-255,66,41680,12,231654
6323,0.000714,74.125.24.0-255,2902,44582,12,231654
6324,0.000716,172.31.36.0-255,66,44648,12,231654
6325,0.000735,74.125.24.0-255,2902,47550,12,231654
6326,0.000737,172.31.36.0-255,66,47616,12,231654
6327,0.000745,74.125.24.0-255,6797,54413,12,231654
6328,0.000747,172.31.36.0-255,66,54479,12,231654
6329,0.000773,74.125.24.0-255,2902,57381,12,231654
6330,0.000775,172.31.36.0-255,66,57447,12,231654
6331,0.000797,172.31.36.0-255,66,57513,12,231654
6332,0.0008,74.125.24.0-255,131,57644,12,231654
6333,0.000884,74.125.24.0-255,1484,59128,12,231654
6334,0.000888,172.31.36.0-255,66,59194,12,231654
6335,0.000895,74.125.24.0-255,2902,62096,12,231654
6336,0.000897,172.31.36.0-255,66,62162,12,231654
6337,0.000904,74.125.24.0-255,5738,67900,12,231654
6338,0.000906,172.31.36.0-255,66,67966,12,231654
6339,0.000937,74.125.24.0-255,4320,72286,12,231654
6340,0.000939,172.31.36.0-255,66,72352,12,231654
6341,0.000963,74.125.24.0-255,6797,79149,12,231654
6342,0.000966,172.31.36.0-255,66,79215,12,231654
6343,0.000974,74.125.24.0-255,7156,86371,12,231654
6344,0.000977,172.31.36.0-255,66,86437,12,231654
6345,0.000994,74.125.24.0-255,5379,91816,12,231654
6346,0.000996,172.31.36.0-255,66,91882,12,231654
6347,0.00102,74.125.24.0-255,1484,93366,12,231654
6348,0.001038,74.125.24.0-255,2902,96268,12,231654
6349,0.001042,172.31.36.0-255,66,96334,12,231654
6350,0.00105,74.125.24.0-255,5738,102072,12,231654
6351,0.001053,172.31.36.0-255,66,102138,12,231654
6352,0.001082,172.31.36.0-255,66,102204,12,231654
6353,0.001102,74.125.24.0-255,2902,105106,12,231654
6354,0.001105,172.31.36.0-255,66,105172,12,231654
6355,0.001108,74.125.24.0-255,1484,106656,12,231654
6356,0.001144,172.31.36.0-255,66,106722,12,231654
6357,0.001174,172.31.36.0-255,66,106788,12,231654
6358,0.00118,74.125.24.0-255,4320,111108,12,231654
6359,0.001182,172.31.36.0-255,66,111174,12,231654
6360,0.001211,172.31.36.0-255,66,111240,12,231654
6361,0.001214,74.125.24.0-255,1484,112724,12,231654
6362,0.00124,74.125.24.0-255,5304,118028,12,231654
6363,0.001243,172.31.36.0-255,66,118094,12,231654
6364,0.001278,74.125.24.0-255,1484,119578,12,231654
6365,0.001281,74.125.24.0-255,1484,121062,12,231654
6366,0.001291,172.31.36.0-255,66,121128,12,231654
6367,0.001294,74.125.24.0-255,1484,122612,12,231654
6368,0.001299,74.125.24.0-255,2902,125514,12,231654
6369,0.001301,172.31.36.0-255,66,125580,12,231654
6370,0.001316,74.125.24.0-255,2902,128482,12,231654
6371,0.001319,172.31.36.0-255,66,128548,12,231654
6372,0.001325,74.125.24.0-255,5738,134286,12,231654
6373,0.001327,172.31.36.0-255,66,134352,12,231654
6374,0.001335,74.125.24.0-255,7156,141508,12,231654
6375,0.001338,172.31.36.0-255,66,141574,12,231654
6376,0.001365,74.125.24.0-255,5738,147312,12,231654
6377,0.001371,74.125.24.0-255,5020,152332,12,231654
6378,0.001377,172.31.36.0-255,66,152398,12,231654
6379,0.001385,172.31.36.0-255,66,152464,12,231654
6380,0.001565,74.125.24.0-255,1484,153948,12,231654
6381,0.001571,74.125.24.0-255,2902,156850,12,231654
6382,0.001574,172.31.36.0-255,66,156916,12,231654
6383,0.00158,74.125.24.0-255,2902,159818,12,231654
6384,0.001582,172.31.36.0-255,66,159884,12,231654
6385,0.001597,74.125.24.0-255,2902,162786,12,231654
6386,0.001599,172.31.36.0-255,66,162852,12,231654
6387,0.001603,74.125.24.0-255,2902,165754,12,231654
6388,0.001606,172.31.36.0-255,66,165820,12,231654
6389,0.001646,172.31.36.0-255,66,165886,12,231654
6390,0.001653,74.125.24.0-255,5738,171624,12,231654
6391,0.001655,172.31.36.0-255,66,171690,12,231654
6392,0.00168,74.125.24.0-255,2902,174592,12,231654
6393,0.001683,172.31.36.0-255,66,174658,12,231654
6394,0.001701,74.125.24.0-255,2184,176842,12,231654
6395,0.001704,172.31.36.0-255,66,176908,12,231654
6396,0.001939,74.125.24.0-255,1484,178392,12,231654
6397,0.001945,74.125.24.0-255,2902,181294,12,231654
6398,0.001948,172.31.36.0-255,66,181360,12,231654
6399,0.001984,74.125.24.0-255,2902,184262,12,231654
6400,0.001986,172.31.36.0-255,66,184328,12,231654
6401,0.002007,74.125.24.0-255,2902,187230,12,231654
6402,0.00201,172.31.36.0-255,66,187296,12,231654
6403,0.002028,172.31.36.0-255,66,187362,12,231654
6404,0.00204,172.31.36.0-255,66,187428,12,231654
6405,0.002064,74.125.24.0-255,2184,189612,12,231654
6406,0.002066,172.31.36.0-255,66,189678,12,231654
6407,0.002127,74.125.24.0-255,1484,191162,12,231654
6408,0.002156,74.125.24.0-255,2902,194064,12,231654
6409,0.002159,172.31.36.0-255,66,194130,12,231654
6410,0.002166,74.125.24.0-255,5738,199868,12,231654
6411,0.002169,172.31.36.0-255,66,199934,12,231654
6412,0.002181,172.31.36.0-255,66,200000,12,231654
6413,0.002208,74.125.24.0-255,2902,202902,12,231654
6414,0.00221,172.31.36.0-255,66,202968,12,231654
6415,0.002222,172.31.36.0-255,66,203034,12,231654
6416,0.002225,74.125.24.0-255,1484,204518,12,231654
6417,0.002262,172.31.36.0-255,66,204584,12,231654
6418,0.0023,172.31.36.0-255,66,204650,12,231654
6419,0.002314,172.31.36.0-255,66,204716,12,231654
6420,0.002332,74.125.24.0-255,2902,207618,12,231654
6421,0.002334,172.31.36.0-255,66,207684,12,231654
6422,0.002338,74.125.24.0-255,1484,209168,12,231654
6423,0.00236,74.125.24.0-255,2902,212070,12,231654
6424,0.002363,172.31.36.0-255,66,212136,12,231654
6425,0.002369,74.125.24.0-255,5738,217874,12,231654
6426,0.002371,172.31.36.0-255,66,217940,12,231654
6427,0.002386,74.125.24.0-255,2902,220842,12,231654
6428,0.002388,172.31.36.0-255,66,220908,12,231654
6429,0.002399,172.31.36.0-255,66,220974,12,231654
6430,0.00245,172.31.36.0-255,66,221040,12,231654
6431,0.002462,172.31.36.0-255,66,221106,12,231654
6432,0.002508,172.31.36.0-255,66,221172,12,231654
6433,0.004816,74.125.24.0-255,105,221277,12,231654
6434,0.007346,172.31.36.0-255,101,221378,12,231654
6435,0.009033,172.31.36.0-255,105,221483,12,231654
6436,0.009696,74.125.24.0-255,66,221549,12,231654
6437,0.011355,74.125.24.0-255,66,221615,12,231654
6438,0.034887,172.31.36.0-255,172,221787,12,231654
6439,0.034916,172.31.36.0-255,1110,222897,12,231654
6440,0.034988,172.31.36.0-255,1514,224411,12,231654
6441,0.03499,172.31.36.0-255,1514,225925,12,231654
6442,0.034995,172.31.36.0-255,1514,227439,12,231654
6443,0.034995,172.31.36.0-255,1514,228953,12,231654
6444,0.035012,172.31.36.0-255,1514,230467,12,231654
6445,0.035018,172.31.36.0-255,923,231390,12,231654
6446,0.036457,104.244.42.0-255,66,231456,12,231654
6447,0.036468,104.244.42.0-255,66,231522,12,231654
6448,0.03656,104.244.42.0-255,66,231588,12,231654
6449,0.036567,104.244.42.0-255,66,231654,12,231654
6450,0.0,74.125.24.0-255,152,152,12,279704
6451,3.3e-05,172.31.36.0-255,66,218,12,279704
6452,4.1e-05,74.125.24.0-255,1484,1702,12,279704
6453,4.5e-05,172.31.36.0-255,66,1768,12,279704
6454,6.8e-05,74.125.24.0-255,1484,3252,12,279704
6455,7.1e-05,172.31.36.0-255,66,3318,12,279704
6456,7.6e-05,74.125.24.0-255,2902,6220,12,279704
6457,8.4e-05,172.31.36.0-255,66,6286,12,279704
6458,9.1e-05,74.125.24.0-255,5738,12024,12,279704
6459,9.4e-05,172.31.36.0-255,66,12090,12,279704
6460,0.000139,172.31.36.0-255,66,12156,12,279704
6461,0.000169,74.125.24.0-255,5379,17535,12,279704
6462,0.000174,172.31.36.0-255,66,17601,12,279704
6463,0.000201,74.125.24.0-255,1484,19085,12,279704
6464,0.000203,172.31.36.0-255,66,19151,12,279704
6465,0.000233,74.125.24.0-255,2902,22053,12,279704
6466,0.000236,172.31.36.0-255,66,22119,12,279704
6467,0.000242,74.125.24.0-255,5738,27857,12,279704
6468,0.000244,172.31.36.0-255,66,27923,12,279704
6469,0.000278,74.125.24.0-255,2902,30825,12,279704
6470,0.000282,172.31.36.0-255,66,30891,12,279704
6471,0.000329,172.31.36.0-255,66,30957,12,279704
6472,0.000346,172.31.36.0-255,66,31023,12,279704
6473,0.000349,74.125.24.0-255,1432,32455,12,279704
6474,0.000351,172.31.36.0-255,66,32521,12,279704
6475,0.000441,74.125.24.0-255,116,32637,12,279704
6476,0.000445,172.31.36.0-255,66,32703,12,279704
6477,0.000859,74.125.24.0-255,1484,34187,12,279704
6478,0.000864,172.31.36.0-255,66,34253,12,279704
6479,0.000874,74.125.24.0-255,2902,37155,12,279704
6480,0.000876,172.31.36.0-255,66,37221,12,279704
6481,0.000892,74.125.24.0-255,5738,42959,12,279704
6482,0.000894,172.31.36.0-255,66,43025,12,279704
6483,0.000945,172.31.36.0-255,66,43091,12,279704
6484,0.000957,172.31.36.0-255,66,43157,12,279704
6485,0.000972,74.125.24.0-255,4202,47359,12,279704
6486,0.001113,74.125.24.0-255,1484,48843,12,279704
6487,0.001131,74.125.24.0-255,2902,51745,12,279704
6488,0.001155,74.125.24.0-255,5738,57483,12,279704
6489,0.001186,74.125.24.0-255,4320,61803,12,279704
6490,0.001202,74.125.24.0-255,5738,67541,12,279704
6491,0.001222,74.125.24.0-255,7156,74697,12,279704
6492,0.001245,74.125.24.0-255,4320,79017,12,279704
6493,0.001249,74.125.24.0-255,2184,81201,12,279704
6494,0.001321,74.125.24.0-255,1484,82685,12,279704
6495,0.001337,74.125.24.0-255,2902,85587,12,279704
6496,0.001362,74.125.24.0-255,5738,91325,12,279704
6497,0.00137,74.125.24.0-255,7156,98481,12,279704
6498,0.001392,74.125.24.0-255,5738,104219,12,279704
6499,0.001399,74.125.24.0-255,7156,111375,12,279704
6500,0.001432,74.125.24.0-255,3602,114977,12,279704
6501,0.001455,74.125.24.0-255,4320,119297,12,279704
6502,0.001458,74.125.24.0-255,1484,120781,12,279704
6503,0.001477,74.125.24.0-255,7156,127937,12,279704
6504,0.001488,74.125.24.0-255,1484,129421,12,279704
6505,0.001495,74.125.24.0-255,7156,136577,12,279704
6506,0.001507,74.125.24.0-255,1484,138061,12,279704
6507,0.001543,74.125.24.0-255,2902,140963,12,279704
6508,0.001615,74.125.24.0-255,1484,142447,12,279704
6509,0.001631,74.125.24.0-255,1484,143931,12,279704
6510,0.001649,74.125.24.0-255,1484,145415,12,279704
6511,0.001654,74.125.24.0-255,5738,151153,12,279704
6512,0.0017,74.125.24.0-255,1484,152637,12,279704
6513,0.00171,74.125.24.0-255,766,153403,12,279704
6514,0.002206,74.125.24.0-255,1484,154887,12,279704
6515,0.002224,74.125.24.0-255,2902,157789,12,279704
6516,0.00223,74.125.24.0-255,5738,163527,12,279704
6517,0.00225,74.125.24.0-255,2902,166429,12,279704
6518,0.002254,74.125.24.0-255,2902,169331,12,279704
6519,0.002276,74.125.24.0-255,7156,176487,12,279704
6520,0.002308,74.125.24.0-255,2902,179389,12,279704
6521,0.002467,74.125.24.0-255,1484,180873,12,279704
6522,0.00248,74.125.24.0-255,2902,183775,12,279704
6523,0.002502,74.125.24.0-255,4320,188095,12,279704
6524,0.002523,74.125.24.0-255,1484,189579,12,279704
6525,0.002536,74.125.24.0-255,2902,192481,12,279704
6526,0.002548,74.125.24.0-255,4320,196801,12,279704
6527,0.002551,74.125.24.0-255,1484,198285,12,279704
6528,0.002577,74.125.24.0-255,2902,201187,12,279704
6529,0.002608,74.125.24.0-255,3602,204789,12,279704
6530,0.002715,74.125.24.0-255,1484,206273,12,279704
6531,0.00273,74.125.24.0-255,2902,209175,12,279704
6532,0.002735,74.125.24.0-255,4320,213495,12,279704
6533,0.002748,74.125.24.0-255,1484,214979,12,279704
6534,0.00276,74.125.24.0-255,4320,219299,12,279704
6535,0.002772,74.125.24.0-255,2902,222201,12,279704
6536,0.002775,74.125.24.0-255,1484,223685,12,279704
6537,0.002817,74.125.24.0-255,1484,225169,12,279704
6538,0.00282,74.125.24.0-255,2184,227353,12,279704
6539,0.002827,74.125.24.0-255,7156,234509,12,279704
6540,0.002857,74.125.24.0-255,5738,240247,12,279704
6541,0.002878,74.125.24.0-255,7156,247403,12,279704
6542,0.002894,74.125.24.0-255,2184,249587,12,279704
6543,0.00292,74.125.24.0-255,1484,251071,12,279704
6544,0.002935,74.125.24.0-255,4320,255391,12,279704
6545,0.002947,74.125.24.0-255,4320,259711,12,279704
6546,0.003008,74.125.24.0-255,1484,261195,12,279704
6547,0.003015,74.125.24.0-255,5738,266933,12,279704
6548,0.003033,74.125.24.0-255,2188,269121,12,279704
6549,0.003036,74.125.24.0-255,105,269226,12,279704
6550,0.004974,172.31.36.0-255,66,269292,12,279704
6551,0.007604,172.31.36.0-255,105,269397,12,279704
6552,0.009893,74.125.24.0-255,66,269463,12,279704
6553,0.034191,172.31.36.0-255,200,269663,12,279704
6554,0.034223,172.31.36.0-255,1110,270773,12,279704
6555,0.034277,172.31.36.0-255,1514,272287,12,279704
6556,0.034278,172.31.36.0-255,1514,273801,12,279704
6557,0.03428,172.31.36.0-255,1514,275315,12,279704
6558,0.034281,172.31.36.0-255,1514,276829,12,279704
6559,0.034282,172.31.36.0-255,1514,278343,12,279704
6560,0.034309,172.31.36.0-255,923,279266,12,279704
6561,0.035742,104.244.42.0-255,66,279332,12,279704
6562,0.035873,104.244.42.0-255,66,279398,12,279704
6563,0.035875,104.244.42.0-255,66,279464,12,279704
6564,0.035877,104.244.42.0-255,66,279530,12,279704
6565,0.03663,104.244.42.0-255,108,279638,12,279704
6566,0.036649,172.31.36.0-255,66,279704,12,279704
6567,0.0,172.217.194.0-255,153,153,12,233129
6568,3.1e-05,172.31.36.0-255,66,219,12,233129
6569,3.7e-05,172.217.194.0-255,1484,1703,12,233129
6570,4.1e-05,172.31.36.0-255,66,1769,12,233129
6571,4.5e-05,172.217.194.0-255,2902,4671,12,233129
6572,4.7e-05,172.31.36.0-255,66,4737,12,233129
6573,5.3e-05,172.217.194.0-255,7156,11893,12,233129
6574,5.5e-05,172.31.36.0-255,66,11959,12,233129
6575,5.9e-05,172.217.194.0-255,2028,13987,12,233129
6576,6.1e-05,172.31.36.0-255,66,14053,12,233129
6577,0.000153,172.217.194.0-255,1484,15537,12,233129
6578,0.000157,172.31.36.0-255,66,15603,12,233129
6579,0.000162,172.217.194.0-255,2902,18505,12,233129
6580,0.000164,172.31.36.0-255,66,18571,12,233129
6581,0.000191,172.217.194.0-255,5738,24309,12,233129
6582,0.000194,172.31.36.0-255,66,24375,12,233129
6583,0.000213,172.217.194.0-255,4320,28695,12,233129
6584,0.000215,172.31.36.0-255,66,28761,12,233129
6585,0.000234,172.217.194.0-255,2543,31304,12,233129
6586,0.000236,172.31.36.0-255,66,31370,12,233129
6587,0.000241,172.217.194.0-255,5738,37108,12,233129
6588,0.000243,172.31.36.0-255,66,37174,12,233129
6589,0.000264,172.217.194.0-255,1484,38658,12,233129
6590,0.000266,172.31.36.0-255,66,38724,12,233129
6591,0.000276,172.31.36.0-255,66,38790,12,233129
6592,0.001257,172.217.194.0-255,1484,40274,12,233129
6593,0.001263,172.31.36.0-255,66,40340,12,233129
6594,0.001286,172.217.194.0-255,2902,43242,12,233129
6595,0.001288,172.31.36.0-255,66,43308,12,233129
6596,0.001294,172.217.194.0-255,5738,49046,12,233129
6597,0.001296,172.31.36.0-255,66,49112,12,233129
6598,0.001327,172.217.194.0-255,6797,55909,12,233129
6599,0.001331,172.31.36.0-255,66,55975,12,233129
6600,0.001366,172.217.194.0-255,1484,57459,12,233129
6601,0.001381,172.217.194.0-255,5738,63197,12,233129
6602,0.001385,172.31.36.0-255,66,63263,12,233129
6603,0.001392,172.217.194.0-255,5738,69001,12,233129
6604,0.001395,172.31.36.0-255,66,69067,12,233129
6605,0.001415,172.217.194.0-255,2902,71969,12,233129
6606,0.001418,172.31.36.0-255,66,72035,12,233129
6607,0.001435,172.217.194.0-255,1705,73740,12,233129
6608,0.001438,172.31.36.0-255,66,73806,12,233129
6609,0.001528,172.217.194.0-255,1484,75290,12,233129
6610,0.001534,172.217.194.0-255,2902,78192,12,233129
6611,0.001536,172.31.36.0-255,66,78258,12,233129
6612,0.00156,172.217.194.0-255,5738,83996,12,233129
6613,0.001563,172.31.36.0-255,66,84062,12,233129
6614,0.001568,172.217.194.0-255,2902,86964,12,233129
6615,0.001572,172.31.36.0-255,66,87030,12,233129
6616,0.001594,172.31.36.0-255,66,87096,12,233129
6617,0.001605,172.31.36.0-255,66,87162,12,233129
6618,0.001608,172.217.194.0-255,234,87396,12,233129
6619,0.001737,172.217.194.0-255,1484,88880,12,233129
6620,0.001741,172.31.36.0-255,66,88946,12,233129
6621,0.001747,172.217.194.0-255,2902,91848,12,233129
6622,0.001749,172.31.36.0-255,66,91914,12,233129
6623,0.001752,172.217.194.0-255,1484,93398,12,233129
6624,0.001777,172.217.194.0-255,4320,97718,12,233129
6625,0.00178,172.31.36.0-255,66,97784,12,233129
6626,0.001792,172.31.36.0-255,66,97850,12,233129
6627,0.001813,172.217.194.0-255,1484,99334,12,233129
6628,0.001843,172.217.194.0-255,4320,103654,12,233129
6629,0.001845,172.31.36.0-255,66,103720,12,233129
6630,0.001865,172.31.36.0-255,66,103786,12,233129
6631,0.0019,172.217.194.0-255,4320,108106,12,233129
6632,0.001904,172.31.36.0-255,66,108172,12,233129
6633,0.001931,172.217.194.0-255,7156,115328,12,233129
6634,0.001934,172.31.36.0-255,66,115394,12,233129
6635,0.001948,172.31.36.0-255,66,115460,12,233129
6636,0.001954,172.31.36.0-255,66,115526,12,233129
6637,0.001957,172.217.194.0-255,766,116292,12,233129
6638,0.0024,172.31.36.0-255,66,116358,12,233129
6639,0.002412,172.217.194.0-255,1484,117842,12,233129
6640,0.002416,172.217.194.0-255,1484,119326,12,233129
6641,0.002419,172.31.36.0-255,66,119392,12,233129
6642,0.002443,172.217.194.0-255,1484,120876,12,233129
6643,0.00245,172.217.194.0-255,5738,126614,12,233129
6644,0.002453,172.31.36.0-255,66,126680,12,233129
6645,0.002491,172.217.194.0-255,1484,128164,12,233129
6646,0.002526,172.31.36.0-255,66,128230,12,233129
6647,0.002538,172.31.36.0-255,66,128296,12,233129
6648,0.002572,172.217.194.0-255,1484,129780,12,233129
6649,0.002583,172.217.194.0-255,1484,131264,12,233129
6650,0.002586,172.31.36.0-255,66,131330,12,233129
6651,0.002591,172.217.194.0-255,2902,134232,12,233129
6652,0.002593,172.31.36.0-255,66,134298,12,233129
6653,0.002623,172.217.194.0-255,5738,140036,12,233129
6654,0.002626,172.31.36.0-255,66,140102,12,233129
6655,0.002658,172.31.36.0-255,66,140168,12,233129
6656,0.002665,172.217.194.0-255,7156,147324,12,233129
6657,0.002667,172.31.36.0-255,66,147390,12,233129
6658,0.002697,172.217.194.0-255,2184,149574,12,233129
6659,0.002701,172.31.36.0-255,66,149640,12,233129
6660,0.002759,172.217.194.0-255,1484,151124,12,233129
6661,0.002782,172.217.194.0-255,2902,154026,12,233129
6662,0.002785,172.31.36.0-255,66,154092,12,233129
6663,0.002792,172.217.194.0-255,5738,159830,12,233129
6664,0.002794,172.31.36.0-255,66,159896,12,233129
6665,0.002797,172.217.194.0-255,1484,161380,12,233129
6666,0.002812,172.217.194.0-255,4320,165700,12,233129
6667,0.002816,172.31.36.0-255,66,165766,12,233129
6668,0.002819,172.217.194.0-255,1484,167250,12,233129
6669,0.002834,172.217.194.0-255,2902,170152,12,233129
6670,0.002837,172.31.36.0-255,66,170218,12,233129
6671,0.002865,172.31.36.0-255,66,170284,12,233129
6672,0.002883,172.217.194.0-255,2902,173186,12,233129
6673,0.002885,172.31.36.0-255,66,173252,12,233129
6674,0.002888,172.217.194.0-255,766,174018,12,233129
6675,0.002924,172.217.194.0-255,1484,175502,12,233129
6676,0.002928,172.31.36.0-255,66,175568,12,233129
6677,0.002933,172.217.194.0-255,2902,178470,12,233129
6678,0.002935,172.31.36.0-255,66,178536,12,233129
6679,0.002941,172.217.194.0-255,5738,184274,12,233129
6680,0.002943,172.31.36.0-255,66,184340,12,233129
6681,0.002946,172.217.194.0-255,1484,185824,12,233129
6682,0.002963,172.217.194.0-255,4320,190144,12,233129
6683,0.002966,172.31.36.0-255,66,190210,12,233129
6684,0.002996,172.31.36.0-255,66,190276,12,233129
6685,0.003032,172.31.36.0-255,66,190342,12,233129
6686,0.003053,172.217.194.0-255,5020,195362,12,233129
6687,0.003056,172.31.36.0-255,66,195428,12,233129
6688,0.003073,172.31.36.0-255,66,195494,12,233129
6689,0.003078,172.217.194.0-255,5020,200514,12,233129
6690,0.003081,172.31.36.0-255,66,200580,12,233129
6691,0.003114,172.217.194.0-255,5738,206318,12,233129
6692,0.003117,172.31.36.0-255,66,206384,12,233129
6693,0.003125,172.217.194.0-255,7156,213540,12,233129
6694,0.003127,172.31.36.0-255,66,213606,12,233129
6695,0.003165,172.31.36.0-255,66,213672,12,233129
6696,0.003172,172.217.194.0-255,6438,220110,12,233129
6697,0.003174,172.31.36.0-255,66,220176,12,233129
6698,0.003227,172.217.194.0-255,7156,227332,12,233129
6699,0.003231,172.31.36.0-255,66,227398,12,233129
6700,0.003242,172.31.36.0-255,66,227464,12,233129
6701,0.003258,172.217.194.0-255,3875,231339,12,233129
6702,0.003261,172.31.36.0-255,66,231405,12,233129
6703,0.003304,172.217.194.0-255,105,231510,12,233129
6704,0.004586,172.31.36.0-255,66,231576,12,233129
6705,0.004613,172.31.36.0-255,105,231681,12,233129
6706,0.007148,172.217.194.0-255,66,231747,12,233129
6707,0.037669,172.31.36.0-255,172,231919,12,233129
6708,0.037705,172.31.36.0-255,1078,232997,12,233129
6709,0.039199,104.244.42.0-255,66,233063,12,233129
6710,0.039246,104.244.42.0-255,66,233129,12,233129
6711,0.0,74.125.68.0-255,143,143,12,349653
6712,1.4e-05,172.31.36.0-255,66,209,12,349653
6713,4.1e-05,74.125.68.0-255,1484,1693,12,349653
6714,4.7e-05,172.31.36.0-255,66,1759,12,349653
6715,5.1e-05,74.125.68.0-255,1484,3243,12,349653
6716,5.4e-05,172.31.36.0-255,66,3309,12,349653
6717,6e-05,74.125.68.0-255,2902,6211,12,349653
6718,6.3e-05,172.31.36.0-255,66,6277,12,349653
6719,6.9e-05,74.125.68.0-255,4320,10597,12,349653
6720,7.2e-05,172.31.36.0-255,66,10663,12,349653
6721,0.000106,74.125.68.0-255,1484,12147,12,349653
6722,0.00011,172.31.36.0-255,66,12213,12,349653
6723,0.000114,74.125.68.0-255,1484,13697,12,349653
6724,0.000116,172.31.36.0-255,66,13763,12,349653
6725,0.000122,74.125.68.0-255,2063,15826,12,349653
6726,0.000125,172.31.36.0-255,66,15892,12,349653
6727,0.000162,74.125.68.0-255,5738,21630,12,349653
6728,0.000167,172.31.36.0-255,66,21696,12,349653
6729,0.000176,74.125.68.0-255,7156,28852,12,349653
6730,0.000178,172.31.36.0-255,66,28918,12,349653
6731,0.000192,74.125.68.0-255,2543,31461,12,349653
6732,0.000194,172.31.36.0-255,66,31527,12,349653
6733,0.000275,74.125.68.0-255,1484,33011,12,349653
6734,0.000278,172.31.36.0-255,66,33077,12,349653
6735,0.000307,74.125.68.0-255,2902,35979,12,349653
6736,0.00031,172.31.36.0-255,66,36045,12,349653
6737,0.000315,74.125.68.0-255,2902,38947,12,349653
6738,0.000317,172.31.36.0-255,66,39013,12,349653
6739,0.000343,74.125.68.0-255,1484,40497,12,349653
6740,0.000345,172.31.36.0-255,66,40563,12,349653
6741,0.00038,172.31.36.0-255,66,40629,12,349653
6742,0.000386,74.125.68.0-255,4320,44949,12,349653
6743,0.000388,172.31.36.0-255,66,45015,12,349653
6744,0.00041,74.125.68.0-255,4320,49335,12,349653
6745,0.000417,172.31.36.0-255,66,49401,12,349653
6746,0.000422,74.125.68.0-255,2902,52303,12,349653
6747,0.000424,172.31.36.0-255,66,52369,12,349653
6748,0.000459,74.125.68.0-255,5722,58091,12,349653
6749,0.000461,172.31.36.0-255,66,58157,12,349653
6750,0.000481,74.125.68.0-255,344,58501,12,349653
6751,0.000626,74.125.68.0-255,1484,59985,12,349653
6752,0.000632,172.31.36.0-255,66,60051,12,349653
6753,0.00064,74.125.68.0-255,2902,62953,12,349653
6754,0.000643,172.31.36.0-255,66,63019,12,349653
6755,0.000646,74.125.68.0-255,1484,64503,12,349653
6756,0.000668,74.125.68.0-255,1484,65987,12,349653
6757,0.00067,172.31.36.0-255,66,66053,12,349653
6758,0.000675,74.125.68.0-255,4320,70373,12,349653
6759,0.000678,172.31.36.0-255,66,70439,12,349653
6760,0.000707,172.31.36.0-255,66,70505,12,349653
6761,0.000731,74.125.68.0-255,1125,71630,12,349653
6762,0.000736,74.125.68.0-255,4320,75950,12,349653
6763,0.000739,172.31.36.0-255,66,76016,12,349653
6764,0.000764,74.125.68.0-255,5738,81754,12,349653
6765,0.000767,172.31.36.0-255,66,81820,12,349653
6766,0.000791,74.125.68.0-255,2543,84363,12,349653
6767,0.000793,172.31.36.0-255,66,84429,12,349653
6768,0.001357,74.125.68.0-255,1484,85913,12,349653
6769,0.001371,74.125.68.0-255,2902,88815,12,349653
6770,0.001374,172.31.36.0-255,66,88881,12,349653
6771,0.001378,74.125.68.0-255,1484,90365,12,349653
6772,0.001406,74.125.68.0-255,4320,94685,12,349653
6773,0.001409,172.31.36.0-255,66,94751,12,349653
6774,0.001444,74.125.68.0-255,5738,100489,12,349653
6775,0.001447,172.31.36.0-255,66,100555,12,349653
6776,0.001475,74.125.68.0-255,5738,106293,12,349653
6777,0.001478,172.31.36.0-255,66,106359,12,349653
6778,0.001482,74.125.68.0-255,4320,110679,12,349653
6779,0.001484,172.31.36.0-255,66,110745,12,349653
6780,0.001489,74.125.68.0-255,5738,116483,12,349653
6781,0.001496,172.31.36.0-255,66,116549,12,349653
6782,0.00152,74.125.68.0-255,2184,118733,12,349653
6783,0.001522,172.31.36.0-255,66,118799,12,349653
6784,0.001742,74.125.68.0-255,1484,120283,12,349653
6785,0.001758,74.125.68.0-255,2902,123185,12,349653
6786,0.001761,172.31.36.0-255,66,123251,12,349653
6787,0.001765,74.125.68.0-255,1484,124735,12,349653
6788,0.00178,74.125.68.0-255,1484,126219,12,349653
6789,0.001782,172.31.36.0-255,66,126285,12,349653
6790,0.001787,74.125.68.0-255,4320,130605,12,349653
6791,0.001789,172.31.36.0-255,66,130671,12,349653
6792,0.001819,172.31.36.0-255,66,130737,12,349653
6793,0.001822,74.125.68.0-255,1484,132221,12,349653
6794,0.001871,74.125.68.0-255,2902,135123,12,349653
6795,0.001873,172.31.36.0-255,66,135189,12,349653
6796,0.001877,74.125.68.0-255,2902,138091,12,349653
6797,0.001879,172.31.36.0-255,66,138157,12,349653
6798,0.001881,74.125.68.0-255,1484,139641,12,349653
6799,0.001907,74.125.68.0-255,2902,142543,12,349653
6800,0.001909,172.31.36.0-255,66,142609,12,349653
6801,0.001935,74.125.68.0-255,2184,144793,12,349653
6802,0.001937,172.31.36.0-255,66,144859,12,349653
6803,0.001954,74.125.68.0-255,2902,147761,12,349653
6804,0.001956,172.31.36.0-255,66,147827,12,349653
6805,0.001976,74.125.68.0-255,5738,153565,12,349653
6806,0.001978,172.31.36.0-255,66,153631,12,349653
6807,0.001981,74.125.68.0-255,1484,155115,12,349653
6808,0.002008,74.125.68.0-255,5738,160853,12,349653
6809,0.00201,172.31.36.0-255,66,160919,12,349653
6810,0.002038,172.31.36.0-255,66,160985,12,349653
6811,0.002041,74.125.68.0-255,1484,162469,12,349653
6812,0.002075,172.31.36.0-255,66,162535,12,349653
6813,0.002177,74.125.68.0-255,1484,164019,12,349653
6814,0.002196,74.125.68.0-255,2902,166921,12,349653
6815,0.002199,172.31.36.0-255,66,166987,12,349653
6816,0.002204,74.125.68.0-255,4320,171307,12,349653
6817,0.002206,172.31.36.0-255,66,171373,12,349653
6818,0.002222,74.125.68.0-255,1484,172857,12,349653
6819,0.002228,74.125.68.0-255,5738,178595,12,349653
6820,0.002232,172.31.36.0-255,66,178661,12,349653
6821,0.002246,74.125.68.0-255,2902,181563,12,349653
6822,0.002248,172.31.36.0-255,66,181629,12,349653
6823,0.002253,74.125.68.0-255,4320,185949,12,349653
6824,0.002255,172.31.36.0-255,66,186015,12,349653
6825,0.002288,74.125.68.0-255,5738,191753,12,349653
6826,0.002293,74.125.68.0-255,5020,196773,12,349653
6827,0.002298,172.31.36.0-255,66,196839,12,349653
6828,0.0023,172.31.36.0-255,66,196905,12,349653
6829,0.002368,74.125.68.0-255,1484,198389,12,349653
6830,0.00238,74.125.68.0-255,2902,201291,12,349653
6831,0.002383,172.31.36.0-255,66,201357,12,349653
6832,0.002409,74.125.68.0-255,5738,207095,12,349653
6833,0.002411,172.31.36.0-255,66,207161,12,349653
6834,0.002453,172.31.36.0-255,66,207227,12,349653
6835,0.002458,74.125.68.0-255,5738,212965,12,349653
6836,0.002461,172.31.36.0-255,66,213031,12,349653
6837,0.0025,74.125.68.0-255,2902,215933,12,349653
6838,0.002503,172.31.36.0-255,66,215999,12,349653
6839,0.002538,172.31.36.0-255,66,216065,12,349653
6840,0.002541,74.125.68.0-255,1484,217549,12,349653
6841,0.005004,74.125.68.0-255,2902,220451,12,349653
6842,0.005014,172.31.36.0-255,66,220517,12,349653
6843,0.005041,74.125.68.0-255,1484,222001,12,349653
6844,0.007483,74.125.68.0-255,4320,226321,12,349653
6845,0.007491,172.31.36.0-255,66,226387,12,349653
6846,0.00997,74.125.68.0-255,5738,232125,12,349653
6847,0.009976,172.31.36.0-255,66,232191,12,349653
6848,0.012488,74.125.68.0-255,5738,237929,12,349653
6849,0.012494,172.31.36.0-255,66,237995,12,349653
6850,0.014981,74.125.68.0-255,5738,243733,12,349653
6851,0.01499,172.31.36.0-255,66,243799,12,349653
6852,0.017487,74.125.68.0-255,5738,249537,12,349653
6853,0.017494,172.31.36.0-255,66,249603,12,349653
6854,0.019974,74.125.68.0-255,5738,255341,12,349653
6855,0.019982,172.31.36.0-255,66,255407,12,349653
6856,0.022462,74.125.68.0-255,5738,261145,12,349653
6857,0.022469,172.31.36.0-255,66,261211,12,349653
6858,0.024947,74.125.68.0-255,5738,266949,12,349653
6859,0.024955,172.31.36.0-255,66,267015,12,349653
6860,0.027442,74.125.68.0-255,5738,272753,12,349653
6861,0.02745,172.31.36.0-255,66,272819,12,349653
6862,0.029933,74.125.68.0-255,5738,278557,12,349653
6863,0.02994,172.31.36.0-255,66,278623,12,349653
6864,0.031594,172.31.36.0-255,172,278795,12,349653
6865,0.031621,172.31.36.0-255,1078,279873,12,349653
6866,0.03244,74.125.68.0-255,5738,285611,12,349653
6867,0.032446,172.31.36.0-255,66,285677,12,349653
6868,0.033089,104.244.42.0-255,66,285743,12,349653
6869,0.033126,104.244.42.0-255,66,285809,12,349653
6870,0.034956,74.125.68.0-255,5738,291547,12,349653
6871,0.034964,172.31.36.0-255,66,291613,12,349653
6872,0.037447,74.125.68.0-255,5738,297351,12,349653
6873,0.037455,172.31.36.0-255,66,297417,12,349653
6874,0.039939,74.125.68.0-255,5738,303155,12,349653
6875,0.039944,172.31.36.0-255,66,303221,12,349653
6876,0.042429,74.125.68.0-255,5738,308959,12,349653
6877,0.042435,172.31.36.0-255,66,309025,12,349653
6878,0.044921,74.125.68.0-255,5738,314763,12,349653
6879,0.04493,172.31.36.0-255,66,314829,12,349653
6880,0.04741,74.125.68.0-255,5738,320567,12,349653
6881,0.047417,172.31.36.0-255,66,320633,12,349653
6882,0.049907,74.125.68.0-255,5738,326371,12,349653
6883,0.049914,172.31.36.0-255,66,326437,12,349653
6884,0.052444,74.125.68.0-255,5738,332175,12,349653
6885,0.052452,172.31.36.0-255,66,332241,12,349653
6886,0.054934,74.125.68.0-255,5738,337979,12,349653
6887,0.054941,172.31.36.0-255,66,338045,12,349653
6888,0.057437,74.125.68.0-255,5738,343783,12,349653
6889,0.057444,172.31.36.0-255,66,343849,12,349653
6890,0.059929,74.125.68.0-255,5738,349587,12,349653
6891,0.059936,172.31.36.0-255,66,349653,12,349653
6892,0.0,172.253.118.0-255,154,154,12,205409
6893,2.5e-05,172.31.36.0-255,66,220,12,205409
6894,3.2e-05,172.253.118.0-255,1484,1704,12,205409
6895,3.7e-05,172.31.36.0-255,66,1770,12,205409
6896,4.2e-05,172.253.118.0-255,2902,4672,12,205409
6897,5.3e-05,172.31.36.0-255,66,4738,12,205409
6898,5.9e-05,172.253.118.0-255,4320,9058,12,205409
6899,6.1e-05,172.31.36.0-255,66,9124,12,205409
6900,9.3e-05,172.253.118.0-255,2902,12026,12,205409
6901,9.6e-05,172.31.36.0-255,66,12092,12,205409
6902,0.0001,172.253.118.0-255,2068,14160,12,205409
6903,0.000102,172.31.36.0-255,66,14226,12,205409
6904,0.000114,172.31.36.0-255,66,14292,12,205409
6905,0.000118,172.253.118.0-255,2902,17194,12,205409
6906,0.00012,172.31.36.0-255,66,17260,12,205409
6907,0.000159,172.253.118.0-255,5738,22998,12,205409
6908,0.000163,172.31.36.0-255,66,23064,12,205409
6909,0.000176,172.31.36.0-255,66,23130,12,205409
6910,0.00019,172.253.118.0-255,3602,26732,12,205409
6911,0.000192,172.31.36.0-255,66,26798,12,205409
6912,0.000356,172.253.118.0-255,1484,28282,12,205409
6913,0.000361,172.253.118.0-255,2902,31184,12,205409
6914,0.000364,172.31.36.0-255,66,31250,12,205409
6915,0.000368,172.31.36.0-255,66,31316,12,205409
6916,0.000374,172.253.118.0-255,4320,35636,12,205409
6917,0.000377,172.31.36.0-255,66,35702,12,205409
6918,0.00041,172.253.118.0-255,1484,37186,12,205409
6919,0.000413,172.31.36.0-255,66,37252,12,205409
6920,0.000432,172.253.118.0-255,4320,41572,12,205409
6921,0.000436,172.31.36.0-255,66,41638,12,205409
6922,0.000463,172.253.118.0-255,2897,44535,12,205409
6923,0.000469,172.31.36.0-255,66,44601,12,205409
6924,0.000808,172.253.118.0-255,1484,46085,12,205409
6925,0.000823,172.253.118.0-255,2902,48987,12,205409
6926,0.000827,172.31.36.0-255,66,49053,12,205409
6927,0.000835,172.253.118.0-255,5738,54791,12,205409
6928,0.000851,172.253.118.0-255,1484,56275,12,205409
6929,0.000867,172.253.118.0-255,5738,62013,12,205409
6930,0.000879,172.31.36.0-255,66,62079,12,205409
6931,0.000893,172.253.118.0-255,5738,67817,12,205409
6932,0.000901,172.31.36.0-255,66,67883,12,205409
6933,0.000928,172.31.36.0-255,66,67949,12,205409
6934,0.001437,172.253.118.0-255,1484,69433,12,205409
6935,0.001445,172.253.118.0-255,1484,70917,12,205409
6936,0.00145,172.31.36.0-255,66,70983,12,205409
6937,0.001477,172.253.118.0-255,1484,72467,12,205409
6938,0.001485,172.253.118.0-255,5738,78205,12,205409
6939,0.001489,172.253.118.0-255,2902,81107,12,205409
6940,0.00153,172.253.118.0-255,5738,86845,12,205409
6941,0.00154,172.253.118.0-255,1484,88329,12,205409
6942,0.001557,172.253.118.0-255,1484,89813,12,205409
6943,0.001561,172.253.118.0-255,2184,91997,12,205409
6944,0.001683,172.253.118.0-255,1484,93481,12,205409
6945,0.001689,172.253.118.0-255,2902,96383,12,205409
6946,0.001703,172.253.118.0-255,5738,102121,12,205409
6947,0.001706,172.253.118.0-255,1484,103605,12,205409
6948,0.001724,172.253.118.0-255,4320,107925,12,205409
6949,0.001869,172.253.118.0-255,766,108691,12,205409
6950,0.001966,172.253.118.0-255,1484,110175,12,205409
6951,0.001978,172.253.118.0-255,2902,113077,12,205409
6952,0.001992,172.253.118.0-255,5738,118815,12,205409
6953,0.002015,172.253.118.0-255,1484,120299,12,205409
6954,0.002044,172.253.118.0-255,2902,123201,12,205409
6955,0.002068,172.253.118.0-255,2902,126103,12,205409
6956,0.002209,172.253.118.0-255,1484,127587,12,205409
6957,0.00222,172.253.118.0-255,2902,130489,12,205409
6958,0.002239,172.253.118.0-255,5738,136227,12,205409
6959,0.00225,172.253.118.0-255,1484,137711,12,205409
6960,0.002264,172.253.118.0-255,5738,143449,12,205409
6961,0.002287,172.253.118.0-255,5738,149187,12,205409
6962,0.002327,172.253.118.0-255,4320,153507,12,205409
6963,0.002379,172.253.118.0-255,1484,154991,12,205409
6964,0.002401,172.253.118.0-255,1484,156475,12,205409
6965,0.002407,172.253.118.0-255,5738,162213,12,205409
6966,0.00243,172.253.118.0-255,4320,166533,12,205409
6967,0.00246,172.253.118.0-255,1484,168017,12,205409
6968,0.002467,172.253.118.0-255,7156,175173,12,205409
6969,0.002471,172.253.118.0-255,2184,177357,12,205409
6970,0.002507,172.253.118.0-255,4320,181677,12,205409
6971,0.002529,172.253.118.0-255,2902,184579,12,205409
6972,0.002549,172.253.118.0-255,7156,191735,12,205409
6973,0.00258,172.253.118.0-255,2902,194637,12,205409
6974,0.002679,172.253.118.0-255,5020,199657,12,205409
6975,0.002688,172.253.118.0-255,836,200493,12,205409
6976,0.00272,172.253.118.0-255,105,200598,12,205409
6977,0.004058,172.31.36.0-255,66,200664,12,205409
6978,0.004609,172.31.36.0-255,101,200765,12,205409
6979,0.006571,172.31.36.0-255,105,200870,12,205409
6980,0.006903,172.253.118.0-255,66,200936,12,205409
6981,0.008865,172.253.118.0-255,66,201002,12,205409
6982,0.043927,172.31.36.0-255,172,201174,12,205409
6983,0.043956,172.31.36.0-255,1108,202282,12,205409
6984,0.044018,172.31.36.0-255,1514,203796,12,205409
6985,0.04402,172.31.36.0-255,1415,205211,12,205409
6986,0.045486,104.244.42.0-255,66,205277,12,205409
6987,0.045513,104.244.42.0-255,66,205343,12,205409
6988,0.045617,104.244.42.0-255,66,205409,12,205409
6989,0.0,216.58.221.0-255,153,153,12,251420
6990,3.7e-05,172.31.36.0-255,66,219,12,251420
6991,4.4e-05,216.58.221.0-255,1484,1703,12,251420
6992,4.9e-05,172.31.36.0-255,66,1769,12,251420
6993,6.2e-05,216.58.221.0-255,2902,4671,12,251420
6994,6.6e-05,172.31.36.0-255,66,4737,12,251420
6995,7.4e-05,216.58.221.0-255,7156,11893,12,251420
6996,7.6e-05,172.31.36.0-255,66,11959,12,251420
6997,8e-05,216.58.221.0-255,2065,14024,12,251420
6998,8.3e-05,172.31.36.0-255,66,14090,12,251420
6999,0.000256,216.58.221.0-255,1484,15574,12,251420
7000,0.000261,172.31.36.0-255,66,15640,12,251420
7001,0.000267,216.58.221.0-255,2902,18542,12,251420
7002,0.00027,172.31.36.0-255,66,18608,12,251420
7003,0.000282,216.58.221.0-255,5738,24346,12,251420
7004,0.000285,172.31.36.0-255,66,24412,12,251420
7005,0.000314,216.58.221.0-255,6797,31209,12,251420
7006,0.000325,172.31.36.0-255,66,31275,12,251420
7007,0.000879,216.58.221.0-255,1484,32759,12,251420
7008,0.000885,172.31.36.0-255,66,32825,12,251420
7009,0.000894,216.58.221.0-255,2902,35727,12,251420
7010,0.000897,172.31.36.0-255,66,35793,12,251420
7011,0.00091,216.58.221.0-255,5738,41531,12,251420
7012,0.000912,172.31.36.0-255,66,41597,12,251420
7013,0.000918,216.58.221.0-255,4320,45917,12,251420
7014,0.00092,172.31.36.0-255,66,45983,12,251420
7015,0.000926,216.58.221.0-255,5379,51362,12,251420
7016,0.000928,172.31.36.0-255,66,51428,12,251420
7017,0.000981,172.31.36.0-255,66,51494,12,251420
7018,0.000986,216.58.221.0-255,2543,54037,12,251420
7019,0.000988,172.31.36.0-255,66,54103,12,251420
7020,0.000991,216.58.221.0-255,394,54497,12,251420
7021,0.001572,216.58.221.0-255,114,54611,12,251420
7022,0.001736,216.58.221.0-255,1484,56095,12,251420
7023,0.00174,172.31.36.0-255,66,56161,12,251420
7024,0.001744,216.58.221.0-255,1484,57645,12,251420
7025,0.001768,216.58.221.0-255,1484,59129,12,251420
7026,0.00177,172.31.36.0-255,66,59195,12,251420
7027,0.001777,216.58.221.0-255,5738,64933,12,251420
7028,0.00178,172.31.36.0-255,66,64999,12,251420
7029,0.001797,216.58.221.0-255,6797,71796,12,251420
7030,0.001799,172.31.36.0-255,66,71862,12,251420
7031,0.00182,216.58.221.0-255,4320,76182,12,251420
7032,0.001826,172.31.36.0-255,66,76248,12,251420
7033,0.001856,172.31.36.0-255,66,76314,12,251420
7034,0.001882,216.58.221.0-255,3961,80275,12,251420
7035,0.001885,172.31.36.0-255,66,80341,12,251420
7036,0.003792,216.58.221.0-255,1484,81825,12,251420
7037,0.003814,216.58.221.0-255,2902,84727,12,251420
7038,0.003817,172.31.36.0-255,66,84793,12,251420
7039,0.003842,216.58.221.0-255,1484,86277,12,251420
7040,0.005757,216.58.221.0-255,4320,90597,12,251420
7041,0.005765,172.31.36.0-255,66,90663,12,251420
7042,0.007708,216.58.221.0-255,5738,96401,12,251420
7043,0.007714,172.31.36.0-255,66,96467,12,251420
7044,0.009662,216.58.221.0-255,5738,102205,12,251420
7045,0.009669,172.31.36.0-255,66,102271,12,251420
7046,0.011617,216.58.221.0-255,2902,105173,12,251420
7047,0.011625,172.31.36.0-255,66,105239,12,251420
7048,0.011656,216.58.221.0-255,2902,108141,12,251420
7049,0.01166,172.31.36.0-255,66,108207,12,251420
7050,0.013574,216.58.221.0-255,2902,111109,12,251420
7051,0.013585,172.31.36.0-255,66,111175,12,251420
7052,0.013633,216.58.221.0-255,2902,114077,12,251420
7053,0.013636,172.31.36.0-255,66,114143,12,251420
7054,0.015527,216.58.221.0-255,2902,117045,12,251420
7055,0.015536,172.31.36.0-255,66,117111,12,251420
7056,0.015575,216.58.221.0-255,2902,120013,12,251420
7057,0.015579,172.31.36.0-255,66,120079,12,251420
7058,0.01749,216.58.221.0-255,2902,122981,12,251420
7059,0.017498,172.31.36.0-255,66,123047,12,251420
7060,0.017539,216.58.221.0-255,2902,125949,12,251420
7061,0.017542,172.31.36.0-255,66,126015,12,251420
7062,0.019444,216.58.221.0-255,2902,128917,12,251420
7063,0.019449,172.31.36.0-255,66,128983,12,251420
7064,0.019484,216.58.221.0-255,2902,131885,12,251420
7065,0.019487,172.31.36.0-255,66,131951,12,251420
7066,0.021389,216.58.221.0-255,2902,134853,12,251420
7067,0.021396,172.31.36.0-255,66,134919,12,251420
7068,0.021473,216.58.221.0-255,2902,137821,12,251420
7069,0.021479,172.31.36.0-255,66,137887,12,251420
7070,0.023346,216.58.221.0-255,2902,140789,12,251420
7071,0.023353,172.31.36.0-255,66,140855,12,251420
7072,0.023419,216.58.221.0-255,2902,143757,12,251420
7073,0.023424,172.31.36.0-255,66,143823,12,251420
7074,0.025319,216.58.221.0-255,1484,145307,12,251420
7075,0.025358,216.58.221.0-255,4320,149627,12,251420
7076,0.025364,172.31.36.0-255,66,149693,12,251420
7077,0.027325,216.58.221.0-255,5738,155431,12,251420
7078,0.027332,172.31.36.0-255,66,155497,12,251420
7079,0.029284,216.58.221.0-255,5738,161235,12,251420
7080,0.029293,172.31.36.0-255,66,161301,12,251420
7081,0.031246,216.58.221.0-255,5738,167039,12,251420
7082,0.031255,172.31.36.0-255,66,167105,12,251420
7083,0.033202,216.58.221.0-255,5738,172843,12,251420
7084,0.033211,172.31.36.0-255,66,172909,12,251420
7085,0.035183,216.58.221.0-255,5738,178647,12,251420
7086,0.03519,172.31.36.0-255,66,178713,12,251420
7087,0.037151,216.58.221.0-255,5738,184451,12,251420
7088,0.037158,172.31.36.0-255,66,184517,12,251420
7089,0.03911,216.58.221.0-255,5738,190255,12,251420
7090,0.039117,172.31.36.0-255,66,190321,12,251420
7091,0.040864,172.31.36.0-255,176,190497,12,251420
7092,0.040896,172.31.36.0-255,1108,191605,12,251420
7093,0.040942,172.31.36.0-255,1514,193119,12,251420
7094,0.040944,172.31.36.0-255,1415,194534,12,251420
7095,0.041057,216.58.221.0-255,5738,200272,12,251420
7096,0.041062,172.31.36.0-255,66,200338,12,251420
7097,0.042414,104.244.42.0-255,66,200404,12,251420
7098,0.042513,104.244.42.0-255,66,200470,12,251420
7099,0.042519,104.244.42.0-255,66,200536,12,251420
7100,0.043016,216.58.221.0-255,5738,206274,12,251420
7101,0.043022,172.31.36.0-255,66,206340,12,251420
7102,0.044965,216.58.221.0-255,5738,212078,12,251420
7103,0.044973,172.31.36.0-255,66,212144,12,251420
7104,0.046918,216.58.221.0-255,4320,216464,12,251420
7105,0.046924,172.31.36.0-255,66,216530,12,251420
7106,0.04695,216.58.221.0-255,1484,218014,12,251420
7107,0.048871,216.58.221.0-255,4320,222334,12,251420
7108,0.04888,172.31.36.0-255,66,222400,12,251420
7109,0.050819,216.58.221.0-255,5738,228138,12,251420
7110,0.050825,172.31.36.0-255,66,228204,12,251420
7111,0.052779,216.58.221.0-255,5738,233942,12,251420
7112,0.052785,172.31.36.0-255,66,234008,12,251420
7113,0.054721,216.58.221.0-255,5738,239746,12,251420
7114,0.054728,172.31.36.0-255,66,239812,12,251420
7115,0.056665,216.58.221.0-255,5738,245550,12,251420
7116,0.05667,172.31.36.0-255,66,245616,12,251420
7117,0.058607,216.58.221.0-255,5738,251354,12,251420
7118,0.058614,172.31.36.0-255,66,251420,12,251420
7119,0.0,74.125.68.0-255,153,153,12,290983
7120,2.6e-05,172.31.36.0-255,66,219,12,290983
7121,3.3e-05,74.125.68.0-255,1484,1703,12,290983
7122,3.7e-05,172.31.36.0-255,66,1769,12,290983
7123,4.5e-05,74.125.68.0-255,2902,4671,12,290983
7124,4.9e-05,172.31.36.0-255,66,4737,12,290983
7125,5.3e-05,74.125.68.0-255,1484,6221,12,290983
7126,5.5e-05,172.31.36.0-255,66,6287,12,290983
7127,6.1e-05,74.125.68.0-255,2902,9189,12,290983
7128,6.4e-05,172.31.36.0-255,66,9255,12,290983
7129,9.7e-05,74.125.68.0-255,1484,10739,12,290983
7130,0.0001,172.31.36.0-255,66,10805,12,290983
7131,0.000104,74.125.68.0-255,1484,12289,12,290983
7132,0.000106,172.31.36.0-255,66,12355,12,290983
7133,0.000119,74.125.68.0-255,1484,13839,12,290983
7134,0.000122,172.31.36.0-255,66,13905,12,290983
7135,0.000125,74.125.68.0-255,617,14522,12,290983
7136,0.000127,172.31.36.0-255,66,14588,12,290983
7137,0.000216,74.125.68.0-255,1484,16072,12,290983
7138,0.00022,172.31.36.0-255,66,16138,12,290983
7139,0.000225,74.125.68.0-255,2902,19040,12,290983
7140,0.000228,172.31.36.0-255,66,19106,12,290983
7141,0.000244,74.125.68.0-255,5738,24844,12,290983
7142,0.000247,172.31.36.0-255,66,24910,12,290983
7143,0.00025,74.125.68.0-255,1484,26394,12,290983
7144,0.000252,172.31.36.0-255,66,26460,12,290983
7145,0.00027,74.125.68.0-255,2902,29362,12,290983
7146,0.000273,172.31.36.0-255,66,29428,12,290983
7147,0.000306,74.125.68.0-255,1484,30912,12,290983
7148,0.000308,172.31.36.0-255,66,30978,12,290983
7149,0.000345,74.125.68.0-255,1125,32103,12,290983
7150,0.000347,172.31.36.0-255,66,32169,12,290983
7151,0.000443,74.125.68.0-255,1484,33653,12,290983
7152,0.000463,74.125.68.0-255,1484,35137,12,290983
7153,0.000466,172.31.36.0-255,66,35203,12,290983
7154,0.000472,74.125.68.0-255,2902,38105,12,290983
7155,0.000474,172.31.36.0-255,66,38171,12,290983
7156,0.000496,74.125.68.0-255,2902,41073,12,290983
7157,0.000499,172.31.36.0-255,66,41139,12,290983
7158,0.000519,74.125.68.0-255,2902,44041,12,290983
7159,0.000522,172.31.36.0-255,66,44107,12,290983
7160,0.000527,74.125.68.0-255,2902,47009,12,290983
7161,0.00053,172.31.36.0-255,66,47075,12,290983
7162,0.000535,74.125.68.0-255,3961,51036,12,290983
7163,0.000538,172.31.36.0-255,66,51102,12,290983
7164,0.000559,74.125.68.0-255,4320,55422,12,290983
7165,0.000562,172.31.36.0-255,66,55488,12,290983
7166,0.000587,74.125.68.0-255,4320,59808,12,290983
7167,0.00059,172.31.36.0-255,66,59874,12,290983
7168,0.000595,74.125.68.0-255,2902,62776,12,290983
7169,0.000597,172.31.36.0-255,66,62842,12,290983
7170,0.000622,74.125.68.0-255,4316,67158,12,290983
7171,0.000625,172.31.36.0-255,66,67224,12,290983
7172,0.000661,74.125.68.0-255,331,67555,12,290983
7173,0.000801,74.125.68.0-255,1484,69039,12,290983
7174,0.000805,172.31.36.0-255,66,69105,12,290983
7175,0.00081,74.125.68.0-255,2902,72007,12,290983
7176,0.000813,172.31.36.0-255,66,72073,12,290983
7177,0.000835,74.125.68.0-255,1484,73557,12,290983
7178,0.000853,74.125.68.0-255,2902,76459,12,290983
7179,0.000856,172.31.36.0-255,66,76525,12,290983
7180,0.000863,74.125.68.0-255,2902,79427,12,290983
7181,0.000865,172.31.36.0-255,66,79493,12,290983
7182,0.000889,74.125.68.0-255,2902,82395,12,290983
7183,0.000892,172.31.36.0-255,66,82461,12,290983
7184,0.000897,74.125.68.0-255,2902,85363,12,290983
7185,0.000899,172.31.36.0-255,66,85429,12,290983
7186,0.000904,74.125.68.0-255,4320,89749,12,290983
7187,0.000906,172.31.36.0-255,66,89815,12,290983
7188,0.000957,172.31.36.0-255,66,89881,12,290983
7189,0.000961,74.125.68.0-255,2902,92783,12,290983
7190,0.000964,172.31.36.0-255,66,92849,12,290983
7191,0.000967,74.125.68.0-255,766,93615,12,290983
7192,0.001115,74.125.68.0-255,1484,95099,12,290983
7193,0.00112,172.31.36.0-255,66,95165,12,290983
7194,0.001126,74.125.68.0-255,2902,98067,12,290983
7195,0.00113,172.31.36.0-255,66,98133,12,290983
7196,0.001163,74.125.68.0-255,2902,101035,12,290983
7197,0.001166,172.31.36.0-255,66,101101,12,290983
7198,0.001182,74.125.68.0-255,1484,102585,12,290983
7199,0.001189,74.125.68.0-255,5738,108323,12,290983
7200,0.001191,172.31.36.0-255,66,108389,12,290983
7201,0.001196,74.125.68.0-255,2902,111291,12,290983
7202,0.001199,172.31.36.0-255,66,111357,12,290983
7203,0.001215,74.125.68.0-255,4320,115677,12,290983
7204,0.001218,172.31.36.0-255,66,115743,12,290983
7205,0.001247,172.31.36.0-255,66,115809,12,290983
7206,0.001265,74.125.68.0-255,2184,117993,12,290983
7207,0.001267,172.31.36.0-255,66,118059,12,290983
7208,0.002099,74.125.68.0-255,1484,119543,12,290983
7209,0.002106,74.125.68.0-255,1484,121027,12,290983
7210,0.002111,172.31.36.0-255,66,121093,12,290983
7211,0.003328,74.125.68.0-255,2902,123995,12,290983
7212,0.003331,172.31.36.0-255,66,124061,12,290983
7213,0.004192,74.125.68.0-255,2902,126963,12,290983
7214,0.004199,172.31.36.0-255,66,127029,12,290983
7215,0.005405,74.125.68.0-255,2902,129931,12,290983
7216,0.005412,172.31.36.0-255,66,129997,12,290983
7217,0.006286,74.125.68.0-255,2902,132899,12,290983
7218,0.006292,172.31.36.0-255,66,132965,12,290983
7219,0.007486,74.125.68.0-255,2902,135867,12,290983
7220,0.007494,172.31.36.0-255,66,135933,12,290983
7221,0.008386,74.125.68.0-255,2902,138835,12,290983
7222,0.008395,172.31.36.0-255,66,138901,12,290983
7223,0.009572,74.125.68.0-255,2902,141803,12,290983
7224,0.00958,172.31.36.0-255,66,141869,12,290983
7225,0.010476,74.125.68.0-255,2902,144771,12,290983
7226,0.010482,172.31.36.0-255,66,144837,12,290983
7227,0.011662,74.125.68.0-255,2902,147739,12,290983
7228,0.011672,172.31.36.0-255,66,147805,12,290983
7229,0.01256,74.125.68.0-255,2902,150707,12,290983
7230,0.012568,172.31.36.0-255,66,150773,12,290983
7231,0.013769,74.125.68.0-255,2902,153675,12,290983
7232,0.013778,172.31.36.0-255,66,153741,12,290983
7233,0.014639,74.125.68.0-255,2902,156643,12,290983
7234,0.014647,172.31.36.0-255,66,156709,12,290983
7235,0.015895,74.125.68.0-255,2902,159611,12,290983
7236,0.015902,172.31.36.0-255,66,159677,12,290983
7237,0.016732,74.125.68.0-255,2902,162579,12,290983
7238,0.016739,172.31.36.0-255,66,162645,12,290983
7239,0.017983,74.125.68.0-255,2902,165547,12,290983
7240,0.01799,172.31.36.0-255,66,165613,12,290983
7241,0.018812,74.125.68.0-255,2902,168515,12,290983
7242,0.018819,172.31.36.0-255,66,168581,12,290983
7243,0.020061,74.125.68.0-255,2902,171483,12,290983
7244,0.020069,172.31.36.0-255,66,171549,12,290983
7245,0.020902,74.125.68.0-255,2902,174451,12,290983
7246,0.020909,172.31.36.0-255,66,174517,12,290983
7247,0.022151,74.125.68.0-255,2902,177419,12,290983
7248,0.022158,172.31.36.0-255,66,177485,12,290983
7249,0.022992,74.125.68.0-255,2902,180387,12,290983
7250,0.022999,172.31.36.0-255,66,180453,12,290983
7251,0.024231,74.125.68.0-255,2902,183355,12,290983
7252,0.024237,172.31.36.0-255,66,183421,12,290983
7253,0.025079,74.125.68.0-255,2902,186323,12,290983
7254,0.025086,172.31.36.0-255,66,186389,12,290983
7255,0.026311,74.125.68.0-255,2902,189291,12,290983
7256,0.026318,172.31.36.0-255,66,189357,12,290983
7257,0.027163,74.125.68.0-255,2902,192259,12,290983
7258,0.027171,172.31.36.0-255,66,192325,12,290983
7259,0.028401,74.125.68.0-255,2902,195227,12,290983
7260,0.028408,172.31.36.0-255,66,195293,12,290983
7261,0.028976,172.31.36.0-255,172,195465,12,290983
7262,0.029008,172.31.36.0-255,1109,196574,12,290983
7263,0.029073,172.31.36.0-255,1514,198088,12,290983
7264,0.029074,172.31.36.0-255,1514,199602,12,290983
7265,0.02908,172.31.36.0-255,1514,201116,12,290983
7266,0.029081,172.31.36.0-255,389,201505,12,290983
7267,0.029248,74.125.68.0-255,2902,204407,12,290983
7268,0.029254,172.31.36.0-255,66,204473,12,290983
7269,0.030473,104.244.42.0-255,66,204539,12,290983
7270,0.030491,74.125.68.0-255,2902,207441,12,290983
7271,0.030496,172.31.36.0-255,66,207507,12,290983
7272,0.030503,104.244.42.0-255,66,207573,12,290983
7273,0.030583,104.244.42.0-255,66,207639,12,290983
7274,0.030588,104.244.42.0-255,66,207705,12,290983
7275,0.031249,104.244.42.0-255,108,207813,12,290983
7276,0.031259,172.31.36.0-255,66,207879,12,290983
7277,0.031329,74.125.68.0-255,2902,210781,12,290983
7278,0.031334,172.31.36.0-255,66,210847,12,290983
7279,0.032573,74.125.68.0-255,2902,213749,12,290983
7280,0.032579,172.31.36.0-255,66,213815,12,290983
7281,0.033401,74.125.68.0-255,2902,216717,12,290983
7282,0.033407,172.31.36.0-255,66,216783,12,290983
7283,0.034649,74.125.68.0-255,2902,219685,12,290983
7284,0.034657,172.31.36.0-255,66,219751,12,290983
7285,0.035478,74.125.68.0-255,2902,222653,12,290983
7286,0.035485,172.31.36.0-255,66,222719,12,290983
7287,0.036734,74.125.68.0-255,2902,225621,12,290983
7288,0.03674,172.31.36.0-255,66,225687,12,290983
7289,0.037566,74.125.68.0-255,2902,228589,12,290983
7290,0.037574,172.31.36.0-255,66,228655,12,290983
7291,0.038819,74.125.68.0-255,2902,231557,12,290983
7292,0.038826,172.31.36.0-255,66,231623,12,290983
7293,0.039669,74.125.68.0-255,2902,234525,12,290983
7294,0.039676,172.31.36.0-255,66,234591,12,290983
7295,0.040917,74.125.68.0-255,2902,237493,12,290983
7296,0.040924,172.31.36.0-255,66,237559,12,290983
7297,0.04175,74.125.68.0-255,2902,240461,12,290983
7298,0.041758,172.31.36.0-255,66,240527,12,290983
7299,0.043001,74.125.68.0-255,2902,243429,12,290983
7300,0.043008,172.31.36.0-255,66,243495,12,290983
7301,0.043838,74.125.68.0-255,2902,246397,12,290983
7302,0.043844,172.31.36.0-255,66,246463,12,290983
7303,0.045084,74.125.68.0-255,2902,249365,12,290983
7304,0.045091,172.31.36.0-255,66,249431,12,290983
7305,0.04593,74.125.68.0-255,2902,252333,12,290983
7306,0.045936,172.31.36.0-255,66,252399,12,290983
7307,0.047169,74.125.68.0-255,2902,255301,12,290983
7308,0.047175,172.31.36.0-255,66,255367,12,290983
7309,0.048,74.125.68.0-255,2902,258269,12,290983
7310,0.048007,172.31.36.0-255,66,258335,12,290983
7311,0.049253,74.125.68.0-255,2902,261237,12,290983
7312,0.04926,172.31.36.0-255,66,261303,12,290983
7313,0.050083,74.125.68.0-255,2902,264205,12,290983
7314,0.05009,172.31.36.0-255,66,264271,12,290983
7315,0.051341,74.125.68.0-255,2902,267173,12,290983
7316,0.051348,172.31.36.0-255,66,267239,12,290983
7317,0.052161,74.125.68.0-255,2902,270141,12,290983
7318,0.052168,172.31.36.0-255,66,270207,12,290983
7319,0.053421,74.125.68.0-255,2902,273109,12,290983
7320,0.053428,172.31.36.0-255,66,273175,12,290983
7321,0.054243,74.125.68.0-255,2902,276077,12,290983
7322,0.054249,172.31.36.0-255,66,276143,12,290983
7323,0.055532,74.125.68.0-255,2902,279045,12,290983
7324,0.055541,172.31.36.0-255,66,279111,12,290983
7325,0.056343,74.125.68.0-255,2902,282013,12,290983
7326,0.05635,172.31.36.0-255,66,282079,12,290983
7327,0.057634,74.125.68.0-255,2902,284981,12,290983
7328,0.057641,172.31.36.0-255,66,285047,12,290983
7329,0.058437,74.125.68.0-255,2902,287949,12,290983
7330,0.058444,172.31.36.0-255,66,288015,12,290983
7331,0.059717,74.125.68.0-255,2902,290917,12,290983
7332,0.059724,172.31.36.0-255,66,290983,12,290983
7333,0.0,172.217.194.0-255,153,153,12,193640
7334,2.5e-05,172.31.36.0-255,66,219,12,193640
7335,3.2e-05,172.217.194.0-255,1484,1703,12,193640
7336,3.7e-05,172.31.36.0-255,66,1769,12,193640
7337,4.1e-05,172.217.194.0-255,2902,4671,12,193640
7338,4.3e-05,172.31.36.0-255,66,4737,12,193640
7339,5.8e-05,172.217.194.0-255,7156,11893,12,193640
7340,6.1e-05,172.31.36.0-255,66,11959,12,193640
7341,9.2e-05,172.217.194.0-255,2014,13973,12,193640
7342,9.5e-05,172.31.36.0-255,66,14039,12,193640
7343,9.9e-05,172.217.194.0-255,2902,16941,12,193640
7344,0.000101,172.31.36.0-255,66,17007,12,193640
7345,0.000137,172.217.194.0-255,1484,18491,12,193640
7346,0.00014,172.31.36.0-255,66,18557,12,193640
7347,0.000162,172.217.194.0-255,5738,24295,12,193640
7348,0.000165,172.31.36.0-255,66,24361,12,193640
7349,0.000196,172.217.194.0-255,6797,31158,12,193640
7350,0.000199,172.31.36.0-255,66,31224,12,193640
7351,0.000255,172.217.194.0-255,1484,32708,12,193640
7352,0.000258,172.31.36.0-255,66,32774,12,193640
7353,0.000263,172.217.194.0-255,2902,35676,12,193640
7354,0.000265,172.31.36.0-255,66,35742,12,193640
7355,0.000268,172.217.194.0-255,1484,37226,12,193640
7356,0.000279,172.31.36.0-255,66,37292,12,193640
7357,0.00031,172.217.194.0-255,4320,41612,12,193640
7358,0.000314,172.31.36.0-255,66,41678,12,193640
7359,0.00032,172.217.194.0-255,5738,47416,12,193640
7360,0.000323,172.31.36.0-255,66,47482,12,193640
7361,0.000332,172.217.194.0-255,1484,48966,12,193640
7362,0.000334,172.31.36.0-255,66,49032,12,193640
7363,0.000384,172.31.36.0-255,66,49098,12,193640
7364,0.000389,172.217.194.0-255,4248,53346,12,193640
7365,0.000391,172.31.36.0-255,66,53412,12,193640
7366,0.000631,172.217.194.0-255,368,53780,12,193640
7367,0.000732,172.31.36.0-255,66,53846,12,193640
7368,0.000894,172.217.194.0-255,1484,55330,12,193640
7369,0.000905,172.217.194.0-255,2902,58232,12,193640
7370,0.000909,172.31.36.0-255,66,58298,12,193640
7371,0.000916,172.217.194.0-255,5738,64036,12,193640
7372,0.000919,172.31.36.0-255,66,64102,12,193640
7373,0.000932,172.217.194.0-255,4320,68422,12,193640
7374,0.000935,172.31.36.0-255,66,68488,12,193640
7375,0.000975,172.31.36.0-255,66,68554,12,193640
7376,0.000987,172.31.36.0-255,66,68620,12,193640
7377,0.00131,172.217.194.0-255,1484,70104,12,193640
7378,0.00132,172.217.194.0-255,2902,73006,12,193640
7379,0.001324,172.31.36.0-255,66,73072,12,193640
7380,0.001355,172.217.194.0-255,5738,78810,12,193640
7381,0.001358,172.31.36.0-255,66,78876,12,193640
7382,0.001364,172.217.194.0-255,5738,84614,12,193640
7383,0.001366,172.31.36.0-255,66,84680,12,193640
7384,0.001382,172.217.194.0-255,2902,87582,12,193640
7385,0.001384,172.31.36.0-255,66,87648,12,193640
7386,0.001416,172.31.36.0-255,66,87714,12,193640
7387,0.001426,172.217.194.0-255,5020,92734,12,193640
7388,0.001429,172.31.36.0-255,66,92800,12,193640
7389,0.001606,172.217.194.0-255,1484,94284,12,193640
7390,0.001624,172.217.194.0-255,2902,97186,12,193640
7391,0.001627,172.31.36.0-255,66,97252,12,193640
7392,0.001632,172.217.194.0-255,4320,101572,12,193640
7393,0.001634,172.31.36.0-255,66,101638,12,193640
7394,0.001664,172.217.194.0-255,1484,103122,12,193640
7395,0.001677,172.31.36.0-255,66,103188,12,193640
7396,0.001687,172.31.36.0-255,66,103254,12,193640
7397,0.001694,172.217.194.0-255,766,104020,12,193640
7398,0.001749,172.217.194.0-255,1484,105504,12,193640
7399,0.001751,172.31.36.0-255,66,105570,12,193640
7400,0.001776,172.217.194.0-255,2902,108472,12,193640
7401,0.001778,172.31.36.0-255,66,108538,12,193640
7402,0.001784,172.217.194.0-255,5738,114276,12,193640
7403,0.001786,172.31.36.0-255,66,114342,12,193640
7404,0.001801,172.31.36.0-255,66,114408,12,193640
7405,0.001825,172.217.194.0-255,4320,118728,12,193640
7406,0.001831,172.31.36.0-255,66,118794,12,193640
7407,0.001842,172.31.36.0-255,66,118860,12,193640
7408,0.001911,172.217.194.0-255,1484,120344,12,193640
7409,0.001915,172.217.194.0-255,2902,123246,12,193640
7410,0.001917,172.31.36.0-255,66,123312,12,193640
7411,0.001923,172.217.194.0-255,5738,129050,12,193640
7412,0.001925,172.31.36.0-255,66,129116,12,193640
7413,0.001928,172.217.194.0-255,1484,130600,12,193640
7414,0.001936,172.217.194.0-255,1484,132084,12,193640
7415,0.001938,172.31.36.0-255,66,132150,12,193640
7416,0.001971,172.217.194.0-255,7156,139306,12,193640
7417,0.001973,172.31.36.0-255,66,139372,12,193640
7418,0.00201,172.31.36.0-255,66,139438,12,193640
7419,0.002016,172.217.194.0-255,5738,145176,12,193640
7420,0.002019,172.31.36.0-255,66,145242,12,193640
7421,0.00207,172.31.36.0-255,66,145308,12,193640
7422,0.002091,172.31.36.0-255,66,145374,12,193640
7423,0.0021,172.31.36.0-255,66,145440,12,193640
7424,0.00211,172.31.36.0-255,66,145506,12,193640
7425,0.002155,172.31.36.0-255,66,145572,12,193640
7426,0.002161,172.217.194.0-255,6438,152010,12,193640
7427,0.002163,172.31.36.0-255,66,152076,12,193640
7428,0.002202,172.217.194.0-255,1484,153560,12,193640
7429,0.002205,172.217.194.0-255,2902,156462,12,193640
7430,0.002208,172.31.36.0-255,66,156528,12,193640
7431,0.002213,172.217.194.0-255,5738,162266,12,193640
7432,0.002215,172.31.36.0-255,66,162332,12,193640
7433,0.002248,172.31.36.0-255,66,162398,12,193640
7434,0.002259,172.31.36.0-255,66,162464,12,193640
7435,0.002326,172.217.194.0-255,1484,163948,12,193640
7436,0.002339,172.217.194.0-255,2902,166850,12,193640
7437,0.002341,172.31.36.0-255,66,166916,12,193640
7438,0.00236,172.217.194.0-255,5738,172654,12,193640
7439,0.002363,172.31.36.0-255,66,172720,12,193640
7440,0.002393,172.31.36.0-255,66,172786,12,193640
7441,0.002421,172.217.194.0-255,4320,177106,12,193640
7442,0.002423,172.31.36.0-255,66,177172,12,193640
7443,0.002433,172.31.36.0-255,66,177238,12,193640
7444,0.002463,172.31.36.0-255,66,177304,12,193640
7445,0.002466,172.217.194.0-255,1484,178788,12,193640
7446,0.002496,172.31.36.0-255,66,178854,12,193640
7447,0.002565,172.31.36.0-255,66,178920,12,193640
7448,0.002571,172.217.194.0-255,4271,183191,12,193640
7449,0.002573,172.31.36.0-255,66,183257,12,193640
7450,0.00506,172.217.194.0-255,105,183362,12,193640
7451,0.006118,172.31.36.0-255,66,183428,12,193640
7452,0.006145,172.31.36.0-255,105,183533,12,193640
7453,0.008631,172.217.194.0-255,66,183599,12,193640
7454,0.031986,172.31.36.0-255,172,183771,12,193640
7455,0.032018,172.31.36.0-255,1110,184881,12,193640
7456,0.032073,172.31.36.0-255,1514,186395,12,193640
7457,0.032074,172.31.36.0-255,1514,187909,12,193640
7458,0.032079,172.31.36.0-255,1514,189423,12,193640
7459,0.03208,172.31.36.0-255,1514,190937,12,193640
7460,0.032099,172.31.36.0-255,1514,192451,12,193640
7461,0.0321,172.31.36.0-255,925,193376,12,193640
7462,0.033527,104.244.42.0-255,66,193442,12,193640
7463,0.033536,104.244.42.0-255,66,193508,12,193640
7464,0.033628,104.244.42.0-255,66,193574,12,193640
7465,0.033631,104.244.42.0-255,66,193640,12,193640
7466,0.0,74.125.200.0-255,153,153,12,340482
7467,3.4e-05,172.31.36.0-255,66,219,12,340482
7468,4.1e-05,74.125.200.0-255,1484,1703,12,340482
7469,4.6e-05,172.31.36.0-255,66,1769,12,340482
7470,5.2e-05,74.125.200.0-255,2902,4671,12,340482
7471,5.5e-05,172.31.36.0-255,66,4737,12,340482
7472,6.2e-05,74.125.200.0-255,5738,10475,12,340482
7473,6.6e-05,172.31.36.0-255,66,10541,12,340482
7474,7.1e-05,74.125.200.0-255,3509,14050,12,340482
7475,7.4e-05,172.31.36.0-255,66,14116,12,340482
7476,0.000144,74.125.200.0-255,1484,15600,12,340482
7477,0.000147,172.31.36.0-255,66,15666,12,340482
7478,0.000166,74.125.200.0-255,2902,18568,12,340482
7479,0.000168,172.31.36.0-255,66,18634,12,340482
7480,0.000184,74.125.200.0-255,4320,22954,12,340482
7481,0.000187,172.31.36.0-255,66,23020,12,340482
7482,0.000212,74.125.200.0-255,1484,24504,12,340482
7483,0.000215,172.31.36.0-255,66,24570,12,340482
7484,0.00024,74.125.200.0-255,6797,31367,12,340482
7485,0.000243,172.31.36.0-255,66,31433,12,340482
7486,0.000255,172.31.36.0-255,66,31499,12,340482
7487,0.000302,74.125.200.0-255,5738,37237,12,340482
7488,0.000306,172.31.36.0-255,66,37303,12,340482
7489,0.000326,74.125.200.0-255,2543,39846,12,340482
7490,0.000329,172.31.36.0-255,66,39912,12,340482
7491,0.000364,74.125.200.0-255,2902,42814,12,340482
7492,0.000367,172.31.36.0-255,66,42880,12,340482
7493,0.000384,74.125.200.0-255,2902,45782,12,340482
7494,0.000387,172.31.36.0-255,66,45848,12,340482
7495,0.000407,74.125.200.0-255,1484,47332,12,340482
7496,0.000412,172.31.36.0-255,66,47398,12,340482
7497,0.00043,74.125.200.0-255,1484,48882,12,340482
7498,0.000446,74.125.200.0-255,2902,51784,12,340482
7499,0.00045,172.31.36.0-255,66,51850,12,340482
7500,0.000466,74.125.200.0-255,5379,57229,12,340482
7501,0.000469,172.31.36.0-255,66,57295,12,340482
7502,0.000568,74.125.200.0-255,393,57688,12,340482
7503,0.000614,74.125.200.0-255,1484,59172,12,340482
7504,0.000618,172.31.36.0-255,66,59238,12,340482
7505,0.000623,74.125.200.0-255,2902,62140,12,340482
7506,0.000626,172.31.36.0-255,66,62206,12,340482
7507,0.000655,74.125.200.0-255,5738,67944,12,340482
7508,0.000659,172.31.36.0-255,66,68010,12,340482
7509,0.000679,74.125.200.0-255,1484,69494,12,340482
7510,0.000693,74.125.200.0-255,4320,73814,12,340482
7511,0.000696,172.31.36.0-255,66,73880,12,340482
7512,0.000704,74.125.200.0-255,7156,81036,12,340482
7513,0.000706,172.31.36.0-255,66,81102,12,340482
7514,0.000738,172.31.36.0-255,66,81168,12,340482
7515,0.00076,74.125.200.0-255,1050,82218,12,340482
7516,0.000804,74.125.200.0-255,1484,83702,12,340482
7517,0.000808,172.31.36.0-255,66,83768,12,340482
7518,0.000825,74.125.200.0-255,2902,86670,12,340482
7519,0.000828,172.31.36.0-255,66,86736,12,340482
7520,0.000832,74.125.200.0-255,1484,88220,12,340482
7521,0.000852,74.125.200.0-255,2902,91122,12,340482
7522,0.000856,172.31.36.0-255,66,91188,12,340482
7523,0.000867,172.31.36.0-255,66,91254,12,340482
7524,0.000871,74.125.200.0-255,2902,94156,12,340482
7525,0.000873,172.31.36.0-255,66,94222,12,340482
7526,0.000905,74.125.200.0-255,4320,98542,12,340482
7527,0.000909,172.31.36.0-255,66,98608,12,340482
7528,0.00092,172.31.36.0-255,66,98674,12,340482
7529,0.000923,74.125.200.0-255,766,99440,12,340482
7530,0.000952,74.125.200.0-255,1484,100924,12,340482
7531,0.000955,172.31.36.0-255,66,100990,12,340482
7532,0.00096,74.125.200.0-255,2902,103892,12,340482
7533,0.000965,172.31.36.0-255,66,103958,12,340482
7534,0.000976,74.125.200.0-255,1484,105442,12,340482
7535,0.000979,74.125.200.0-255,1484,106926,12,340482
7536,0.000982,172.31.36.0-255,66,106992,12,340482
7537,0.000998,74.125.200.0-255,2902,109894,12,340482
7538,0.001001,172.31.36.0-255,66,109960,12,340482
7539,0.001004,74.125.200.0-255,1484,111444,12,340482
7540,0.001023,74.125.200.0-255,4320,115764,12,340482
7541,0.001027,172.31.36.0-255,66,115830,12,340482
7542,0.001031,74.125.200.0-255,2902,118732,12,340482
7543,0.001033,172.31.36.0-255,66,118798,12,340482
7544,0.001038,74.125.200.0-255,4320,123118,12,340482
7545,0.00104,172.31.36.0-255,66,123184,12,340482
7546,0.001073,172.31.36.0-255,66,123250,12,340482
7547,0.001076,74.125.200.0-255,1484,124734,12,340482
7548,0.001102,74.125.200.0-255,766,125500,12,340482
7549,0.001106,172.31.36.0-255,66,125566,12,340482
7550,0.00116,74.125.200.0-255,1484,127050,12,340482
7551,0.001173,74.125.200.0-255,1484,128534,12,340482
7552,0.001176,172.31.36.0-255,66,128600,12,340482
7553,0.001181,74.125.200.0-255,2902,131502,12,340482
7554,0.001183,172.31.36.0-255,66,131568,12,340482
7555,0.001209,74.125.200.0-255,5738,137306,12,340482
7556,0.001214,172.31.36.0-255,66,137372,12,340482
7557,0.001229,74.125.200.0-255,2902,140274,12,340482
7558,0.001232,172.31.36.0-255,66,140340,12,340482
7559,0.001235,74.125.200.0-255,1484,141824,12,340482
7560,0.001263,74.125.200.0-255,2902,144726,12,340482
7561,0.001266,172.31.36.0-255,66,144792,12,340482
7562,0.0013,172.31.36.0-255,66,144858,12,340482
7563,0.001343,74.125.200.0-255,2902,147760,12,340482
7564,0.001346,172.31.36.0-255,66,147826,12,340482
7565,0.001364,74.125.200.0-255,3602,151428,12,340482
7566,0.001367,172.31.36.0-255,66,151494,12,340482
7567,0.001397,74.125.200.0-255,1484,152978,12,340482
7568,0.00141,74.125.200.0-255,2902,155880,12,340482
7569,0.001413,172.31.36.0-255,66,155946,12,340482
7570,0.001438,74.125.200.0-255,5738,161684,12,340482
7571,0.001441,172.31.36.0-255,66,161750,12,340482
7572,0.001445,74.125.200.0-255,1484,163234,12,340482
7573,0.001482,74.125.200.0-255,5738,168972,12,340482
7574,0.001486,172.31.36.0-255,66,169038,12,340482
7575,0.0015,172.31.36.0-255,66,169104,12,340482
7576,0.001559,74.125.200.0-255,5020,174124,12,340482
7577,0.001563,172.31.36.0-255,66,174190,12,340482
7578,0.001992,74.125.200.0-255,1484,175674,12,340482
7579,0.001999,74.125.200.0-255,2902,178576,12,340482
7580,0.002003,172.31.36.0-255,66,178642,12,340482
7581,0.002022,74.125.200.0-255,4320,182962,12,340482
7582,0.002026,172.31.36.0-255,66,183028,12,340482
7583,0.002043,74.125.200.0-255,1484,184512,12,340482
7584,0.002046,74.125.200.0-255,1484,185996,12,340482
7585,0.002055,172.31.36.0-255,66,186062,12,340482
7586,0.002086,74.125.200.0-255,4320,190382,12,340482
7587,0.00209,172.31.36.0-255,66,190448,12,340482
7588,0.002097,74.125.200.0-255,7156,197604,12,340482
7589,0.002099,172.31.36.0-255,66,197670,12,340482
7590,0.002106,74.125.200.0-255,7156,204826,12,340482
7591,0.002109,172.31.36.0-255,66,204892,12,340482
7592,0.002127,74.125.200.0-255,3602,208494,12,340482
7593,0.002129,172.31.36.0-255,66,208560,12,340482
7594,0.002159,172.31.36.0-255,66,208626,12,340482
7595,0.002197,172.31.36.0-255,66,208692,12,340482
7596,0.002202,74.125.200.0-255,2902,211594,12,340482
7597,0.002204,172.31.36.0-255,66,211660,12,340482
7598,0.002209,74.125.200.0-255,4320,215980,12,340482
7599,0.002211,172.31.36.0-255,66,216046,12,340482
7600,0.002237,74.125.200.0-255,2184,218230,12,340482
7601,0.00224,172.31.36.0-255,66,218296,12,340482
7602,0.002287,74.125.200.0-255,1484,219780,12,340482
7603,0.002311,74.125.200.0-255,2902,222682,12,340482
7604,0.002313,172.31.36.0-255,66,222748,12,340482
7605,0.004508,74.125.200.0-255,1484,224232,12,340482
7606,0.004583,74.125.200.0-255,4320,228552,12,340482
7607,0.004587,172.31.36.0-255,66,228618,12,340482
7608,0.006856,74.125.200.0-255,5738,234356,12,340482
7609,0.006859,172.31.36.0-255,66,234422,12,340482
7610,0.009134,74.125.200.0-255,5738,240160,12,340482
7611,0.009141,172.31.36.0-255,66,240226,12,340482
7612,0.011421,74.125.200.0-255,5738,245964,12,340482
7613,0.011429,172.31.36.0-255,66,246030,12,340482
7614,0.013713,74.125.200.0-255,5738,251768,12,340482
7615,0.01372,172.31.36.0-255,66,251834,12,340482
7616,0.015996,74.125.200.0-255,5738,257572,12,340482
7617,0.016004,172.31.36.0-255,66,257638,12,340482
7618,0.018289,74.125.200.0-255,5738,263376,12,340482
7619,0.018296,172.31.36.0-255,66,263442,12,340482
7620,0.020574,74.125.200.0-255,5738,269180,12,340482
7621,0.02058,172.31.36.0-255,66,269246,12,340482
7622,0.022858,74.125.200.0-255,5738,274984,12,340482
7623,0.022863,172.31.36.0-255,66,275050,12,340482
7624,0.025142,74.125.200.0-255,5738,280788,12,340482
7625,0.025148,172.31.36.0-255,66,280854,12,340482
7626,0.027423,74.125.200.0-255,5738,286592,12,340482
7627,0.02743,172.31.36.0-255,66,286658,12,340482
7628,0.029725,74.125.200.0-255,5738,292396,12,340482
7629,0.029738,172.31.36.0-255,66,292462,12,340482
7630,0.032031,74.125.200.0-255,5738,298200,12,340482
7631,0.03204,172.31.36.0-255,66,298266,12,340482
7632,0.034325,74.125.200.0-255,5738,304004,12,340482
7633,0.034332,172.31.36.0-255,66,304070,12,340482
7634,0.036605,74.125.200.0-255,5738,309808,12,340482
7635,0.036612,172.31.36.0-255,66,309874,12,340482
7636,0.038871,172.31.36.0-255,172,310046,12,340482
7637,0.038889,74.125.200.0-255,5738,315784,12,340482
7638,0.038902,172.31.36.0-255,66,315850,12,340482
7639,0.038909,172.31.36.0-255,1109,316959,12,340482
7640,0.038962,172.31.36.0-255,1514,318473,12,340482
7641,0.038964,172.31.36.0-255,1514,319987,12,340482
7642,0.038969,172.31.36.0-255,1514,321501,12,340482
7643,0.03897,172.31.36.0-255,1514,323015,12,340482
7644,0.038989,172.31.36.0-255,1514,324529,12,340482
7645,0.03899,172.31.36.0-255,1189,325718,12,340482
7646,0.040401,104.244.42.0-255,66,325784,12,340482
7647,0.040462,104.244.42.0-255,66,325850,12,340482
7648,0.040494,104.244.42.0-255,66,325916,12,340482
7649,0.040499,104.244.42.0-255,66,325982,12,340482
7650,0.040501,104.244.42.0-255,66,326048,12,340482
7651,0.041187,74.125.200.0-255,5738,331786,12,340482
7652,0.041195,172.31.36.0-255,66,331852,12,340482
7653,0.043514,74.125.200.0-255,5738,337590,12,340482
7654,0.043542,172.31.36.0-255,66,337656,12,340482
7655,0.045833,74.125.200.0-255,2655,340311,12,340482
7656,0.045847,172.31.36.0-255,66,340377,12,340482
7657,0.059167,172.31.36.0-255,105,340482,12,340482
7658,0.0,74.125.68.0-255,152,152,12,310752
7659,1.9e-05,172.31.36.0-255,66,218,12,310752
7660,2.6e-05,74.125.68.0-255,1484,1702,12,310752
7661,3.1e-05,172.31.36.0-255,66,1768,12,310752
7662,3.6e-05,74.125.68.0-255,2902,4670,12,310752
7663,4.8e-05,172.31.36.0-255,66,4736,12,310752
7664,5.5e-05,74.125.68.0-255,5738,10474,12,310752
7665,5.8e-05,172.31.36.0-255,66,10540,12,310752
7666,0.000103,74.125.68.0-255,3431,13971,12,310752
7667,0.000106,172.31.36.0-255,66,14037,12,310752
7668,0.000179,74.125.68.0-255,1484,15521,12,310752
7669,0.000182,172.31.36.0-255,66,15587,12,310752
7670,0.000185,74.125.68.0-255,1484,17071,12,310752
7671,0.000187,172.31.36.0-255,66,17137,12,310752
7672,0.000207,74.125.68.0-255,2902,20039,12,310752
7673,0.00021,172.31.36.0-255,66,20105,12,310752
7674,0.000237,74.125.68.0-255,5738,25843,12,310752
7675,0.000239,172.31.36.0-255,66,25909,12,310752
7676,0.000245,74.125.68.0-255,2902,28811,12,310752
7677,0.000248,172.31.36.0-255,66,28877,12,310752
7678,0.0003,172.31.36.0-255,66,28943,12,310752
7679,0.000347,74.125.68.0-255,2902,31845,12,310752
7680,0.000351,172.31.36.0-255,66,31911,12,310752
7681,0.00039,172.31.36.0-255,66,31977,12,310752
7682,0.000415,74.125.68.0-255,1484,33461,12,310752
7683,0.000417,172.31.36.0-255,66,33527,12,310752
7684,0.000483,74.125.68.0-255,4320,37847,12,310752
7685,0.000486,172.31.36.0-255,66,37913,12,310752
7686,0.000513,74.125.68.0-255,2184,40097,12,310752
7687,0.000516,172.31.36.0-255,66,40163,12,310752
7688,0.000519,74.125.68.0-255,410,40573,12,310752
7689,0.00054,74.125.68.0-255,4320,44893,12,310752
7690,0.00055,74.125.68.0-255,1484,46377,12,310752
7691,0.00056,74.125.68.0-255,1484,47861,12,310752
7692,0.000578,74.125.68.0-255,4320,52181,12,310752
7693,0.000604,74.125.68.0-255,1484,53665,12,310752
7694,0.000629,74.125.68.0-255,7156,60821,12,310752
7695,0.000666,74.125.68.0-255,5738,66559,12,310752
7696,0.00067,172.31.36.0-255,66,66625,12,310752
7697,0.000687,172.31.36.0-255,66,66691,12,310752
7698,0.000743,172.31.36.0-255,66,66757,12,310752
7699,0.001095,74.125.68.0-255,1484,68241,12,310752
7700,0.001101,74.125.68.0-255,2902,71143,12,310752
7701,0.001105,172.31.36.0-255,66,71209,12,310752
7702,0.001133,74.125.68.0-255,4320,75529,12,310752
7703,0.001138,74.125.68.0-255,2902,78431,12,310752
7704,0.001146,172.31.36.0-255,66,78497,12,310752
7705,0.001164,74.125.68.0-255,5738,84235,12,310752
7706,0.001195,172.31.36.0-255,66,84301,12,310752
7707,0.001203,74.125.68.0-255,7156,91457,12,310752
7708,0.001242,172.31.36.0-255,66,91523,12,310752
7709,0.001287,74.125.68.0-255,766,92289,12,310752
7710,0.00129,172.31.36.0-255,66,92355,12,310752
7711,0.001415,74.125.68.0-255,1484,93839,12,310752
7712,0.001419,172.31.36.0-255,66,93905,12,310752
7713,0.001438,74.125.68.0-255,2902,96807,12,310752
7714,0.001444,74.125.68.0-255,5738,102545,12,310752
7715,0.001466,74.125.68.0-255,4320,106865,12,310752
7716,0.001472,172.31.36.0-255,66,106931,12,310752
7717,0.001498,74.125.68.0-255,2902,109833,12,310752
7718,0.001511,172.31.36.0-255,66,109899,12,310752
7719,0.001523,74.125.68.0-255,5738,115637,12,310752
7720,0.001528,172.31.36.0-255,66,115703,12,310752
7721,0.001552,74.125.68.0-255,2902,118605,12,310752
7722,0.001571,74.125.68.0-255,2902,121507,12,310752
7723,0.001585,74.125.68.0-255,5020,126527,12,310752
7724,0.001593,172.31.36.0-255,66,126593,12,310752
7725,0.001689,74.125.68.0-255,1484,128077,12,310752
7726,0.001706,74.125.68.0-255,2902,130979,12,310752
7727,0.001712,74.125.68.0-255,4320,135299,12,310752
7728,0.001729,74.125.68.0-255,4320,139619,12,310752
7729,0.001742,74.125.68.0-255,1484,141103,12,310752
7730,0.001748,172.31.36.0-255,66,141169,12,310752
7731,0.001795,74.125.68.0-255,2902,144071,12,310752
7732,0.001798,172.31.36.0-255,66,144137,12,310752
7733,0.001803,172.31.36.0-255,66,144203,12,310752
7734,0.00185,74.125.68.0-255,2902,147105,12,310752
7735,0.001864,172.31.36.0-255,66,147171,12,310752
7736,0.001875,74.125.68.0-255,5020,152191,12,310752
7737,0.001892,172.31.36.0-255,66,152257,12,310752
7738,0.002143,74.125.68.0-255,1484,153741,12,310752
7739,0.00215,74.125.68.0-255,2902,156643,12,310752
7740,0.002153,172.31.36.0-255,66,156709,12,310752
7741,0.002184,74.125.68.0-255,1484,158193,12,310752
7742,0.002215,74.125.68.0-255,1484,159677,12,310752
7743,0.002228,74.125.68.0-255,2902,162579,12,310752
7744,0.002234,172.31.36.0-255,66,162645,12,310752
7745,0.002243,74.125.68.0-255,1484,164129,12,310752
7746,0.002261,74.125.68.0-255,4320,168449,12,310752
7747,0.002274,172.31.36.0-255,66,168515,12,310752
7748,0.004538,74.125.68.0-255,5738,174253,12,310752
7749,0.004545,172.31.36.0-255,66,174319,12,310752
7750,0.006796,74.125.68.0-255,5738,180057,12,310752
7751,0.008627,172.31.36.0-255,66,180123,12,310752
7752,0.010894,74.125.68.0-255,5738,185861,12,310752
7753,0.010902,172.31.36.0-255,66,185927,12,310752
7754,0.013157,74.125.68.0-255,5738,191665,12,310752
7755,0.013165,172.31.36.0-255,66,191731,12,310752
7756,0.015429,74.125.68.0-255,5738,197469,12,310752
7757,0.015437,172.31.36.0-255,66,197535,12,310752
7758,0.017697,74.125.68.0-255,5738,203273,12,310752
7759,0.017703,172.31.36.0-255,66,203339,12,310752
7760,0.019993,74.125.68.0-255,4320,207659,12,310752
7761,0.020001,172.31.36.0-255,66,207725,12,310752
7762,0.020028,74.125.68.0-255,1484,209209,12,310752
7763,0.022261,74.125.68.0-255,4320,213529,12,310752
7764,0.022271,172.31.36.0-255,66,213595,12,310752
7765,0.024538,74.125.68.0-255,5738,219333,12,310752
7766,0.024585,172.31.36.0-255,66,219399,12,310752
7767,0.026858,74.125.68.0-255,5738,225137,12,310752
7768,0.026865,172.31.36.0-255,66,225203,12,310752
7769,0.029121,74.125.68.0-255,5738,230941,12,310752
7770,0.029128,172.31.36.0-255,66,231007,12,310752
7771,0.029365,172.31.36.0-255,172,231179,12,310752
7772,0.029394,172.31.36.0-255,1110,232289,12,310752
7773,0.029503,172.31.36.0-255,1514,233803,12,310752
7774,0.029505,172.31.36.0-255,1299,235102,12,310752
7775,0.030911,104.244.42.0-255,66,235168,12,310752
7776,0.03098,104.244.42.0-255,66,235234,12,310752
7777,0.031056,104.244.42.0-255,66,235300,12,310752
7778,0.031383,74.125.68.0-255,5738,241038,12,310752
7779,0.03139,172.31.36.0-255,66,241104,12,310752
7780,0.033653,74.125.68.0-255,5738,246842,12,310752
7781,0.033661,172.31.36.0-255,66,246908,12,310752
7782,0.03591,74.125.68.0-255,5738,252646,12,310752
7783,0.035916,172.31.36.0-255,66,252712,12,310752
7784,0.038181,74.125.68.0-255,5738,258450,12,310752
7785,0.038203,172.31.36.0-255,66,258516,12,310752
7786,0.040514,74.125.68.0-255,5738,264254,12,310752
7787,0.040521,172.31.36.0-255,66,264320,12,310752
7788,0.042783,74.125.68.0-255,5738,270058,12,310752
7789,0.04279,172.31.36.0-255,66,270124,12,310752
7790,0.045039,74.125.68.0-255,5738,275862,12,310752
7791,0.045045,172.31.36.0-255,66,275928,12,310752
7792,0.047306,74.125.68.0-255,5738,281666,12,310752
7793,0.047312,172.31.36.0-255,66,281732,12,310752
7794,0.04957,74.125.68.0-255,5738,287470,12,310752
7795,0.049576,172.31.36.0-255,66,287536,12,310752
7796,0.051849,74.125.68.0-255,5738,293274,12,310752
7797,0.051856,172.31.36.0-255,66,293340,12,310752
7798,0.05413,74.125.68.0-255,5738,299078,12,310752
7799,0.054134,172.31.36.0-255,66,299144,12,310752
7800,0.056388,74.125.68.0-255,5738,304882,12,310752
7801,0.056395,172.31.36.0-255,66,304948,12,310752
7802,0.058666,74.125.68.0-255,5738,310686,12,310752
7803,0.058671,172.31.36.0-255,66,310752,12,310752
7804,0.0,172.31.36.0-255,105,105,12,241685
7805,0.001487,157.240.13.0-255,105,210,12,241685
7806,0.001501,172.31.36.0-255,66,276,12,241685
7807,0.007894,172.217.160.0-255,152,428,12,241685
7808,0.007907,172.31.36.0-255,66,494,12,241685
7809,0.007931,172.217.160.0-255,1484,1978,12,241685
7810,0.007935,172.31.36.0-255,66,2044,12,241685
7811,0.007941,172.217.160.0-255,2902,4946,12,241685
7812,0.007944,172.31.36.0-255,66,5012,12,241685
7813,0.00795,172.217.160.0-255,2902,7914,12,241685
7814,0.007953,172.31.36.0-255,66,7980,12,241685
7815,0.007983,172.217.160.0-255,2902,10882,12,241685
7816,0.007986,172.31.36.0-255,66,10948,12,241685
7817,0.007994,172.217.160.0-255,6230,17178,12,241685
7818,0.007996,172.31.36.0-255,66,17244,12,241685
7819,0.008011,172.31.36.0-255,66,17310,12,241685
7820,0.008052,172.217.160.0-255,2902,20212,12,241685
7821,0.008055,172.31.36.0-255,66,20278,12,241685
7822,0.008078,172.217.160.0-255,4320,24598,12,241685
7823,0.00808,172.31.36.0-255,66,24664,12,241685
7824,0.008086,172.217.160.0-255,4320,28984,12,241685
7825,0.008088,172.31.36.0-255,66,29050,12,241685
7826,0.008108,172.217.160.0-255,4320,33370,12,241685
7827,0.008111,172.31.36.0-255,66,33436,12,241685
7828,0.008114,172.217.160.0-255,1125,34561,12,241685
7829,0.008116,172.31.36.0-255,66,34627,12,241685
7830,0.00812,172.217.160.0-255,1484,36111,12,241685
7831,0.008122,172.31.36.0-255,66,36177,12,241685
7832,0.008128,172.217.160.0-255,4320,40497,12,241685
7833,0.00813,172.31.36.0-255,66,40563,12,241685
7834,0.008152,172.217.160.0-255,7156,47719,12,241685
7835,0.008154,172.31.36.0-255,66,47785,12,241685
7836,0.008176,172.217.160.0-255,2902,50687,12,241685
7837,0.008179,172.31.36.0-255,66,50753,12,241685
7838,0.008203,172.217.160.0-255,1125,51878,12,241685
7839,0.008261,172.217.160.0-255,372,52250,12,241685
7840,0.008827,172.217.160.0-255,101,52351,12,241685
7841,0.008885,172.31.36.0-255,66,52417,12,241685
7842,0.008907,172.217.160.0-255,1484,53901,12,241685
7843,0.008927,172.217.160.0-255,2902,56803,12,241685
7844,0.00893,172.31.36.0-255,66,56869,12,241685
7845,0.008937,172.217.160.0-255,5738,62607,12,241685
7846,0.008939,172.31.36.0-255,66,62673,12,241685
7847,0.008945,172.217.160.0-255,4320,66993,12,241685
7848,0.008947,172.31.36.0-255,66,67059,12,241685
7849,0.008996,172.217.160.0-255,7156,74215,12,241685
7850,0.009,172.31.36.0-255,66,74281,12,241685
7851,0.009023,172.217.160.0-255,5379,79660,12,241685
7852,0.009026,172.31.36.0-255,66,79726,12,241685
7853,0.009044,172.217.160.0-255,2902,82628,12,241685
7854,0.009047,172.31.36.0-255,66,82694,12,241685
7855,0.009068,172.217.160.0-255,3961,86655,12,241685
7856,0.00907,172.31.36.0-255,66,86721,12,241685
7857,0.010932,172.217.160.0-255,2902,89623,12,241685
7858,0.01094,172.31.36.0-255,66,89689,12,241685
7859,0.010959,172.217.160.0-255,2902,92591,12,241685
7860,0.010962,172.31.36.0-255,66,92657,12,241685
7861,0.012828,172.217.160.0-255,5738,98395,12,241685
7862,0.012836,172.31.36.0-255,66,98461,12,241685
7863,0.014703,172.217.160.0-255,5738,104199,12,241685
7864,0.014707,172.31.36.0-255,66,104265,12,241685
7865,0.016602,172.217.160.0-255,5738,110003,12,241685
7866,0.016609,172.31.36.0-255,66,110069,12,241685
7867,0.0185,172.217.160.0-255,5738,115807,12,241685
7868,0.01851,172.31.36.0-255,66,115873,12,241685
7869,0.020405,172.217.160.0-255,5738,121611,12,241685
7870,0.020413,172.31.36.0-255,66,121677,12,241685
7871,0.022296,172.217.160.0-255,5738,127415,12,241685
7872,0.022306,172.31.36.0-255,66,127481,12,241685
7873,0.024196,172.217.160.0-255,5738,133219,12,241685
7874,0.024206,172.31.36.0-255,66,133285,12,241685
7875,0.026106,172.217.160.0-255,5738,139023,12,241685
7876,0.026115,172.31.36.0-255,66,139089,12,241685
7877,0.028001,172.217.160.0-255,5738,144827,12,241685
7878,0.028009,172.31.36.0-255,66,144893,12,241685
7879,0.02989,172.217.160.0-255,5738,150631,12,241685
7880,0.029898,172.31.36.0-255,66,150697,12,241685
7881,0.031781,172.217.160.0-255,5738,156435,12,241685
7882,0.031788,172.31.36.0-255,66,156501,12,241685
7883,0.033711,172.217.160.0-255,5738,162239,12,241685
7884,0.033722,172.31.36.0-255,66,162305,12,241685
7885,0.035593,172.217.160.0-255,5738,168043,12,241685
7886,0.035599,172.31.36.0-255,66,168109,12,241685
7887,0.036839,172.31.36.0-255,172,168281,12,241685
7888,0.036873,172.31.36.0-255,1110,169391,12,241685
7889,0.036933,172.31.36.0-255,1514,170905,12,241685
7890,0.036935,172.31.36.0-255,1514,172419,12,241685
7891,0.036965,172.31.36.0-255,706,173125,12,241685
7892,0.037491,172.217.160.0-255,5738,178863,12,241685
7893,0.037498,172.31.36.0-255,66,178929,12,241685
7894,0.038406,104.244.42.0-255,66,178995,12,241685
7895,0.038443,104.244.42.0-255,66,179061,12,241685
7896,0.038492,104.244.42.0-255,66,179127,12,241685
7897,0.038495,104.244.42.0-255,66,179193,12,241685
7898,0.039373,172.217.160.0-255,5738,184931,12,241685
7899,0.039378,172.31.36.0-255,66,184997,12,241685
7900,0.041263,172.217.160.0-255,5738,190735,12,241685
7901,0.04127,172.31.36.0-255,66,190801,12,241685
7902,0.043164,172.217.160.0-255,5738,196539,12,241685
7903,0.043177,172.31.36.0-255,66,196605,12,241685
7904,0.045079,172.217.160.0-255,5738,202343,12,241685
7905,0.045088,172.31.36.0-255,66,202409,12,241685
7906,0.046974,172.217.160.0-255,5738,208147,12,241685
7907,0.046984,172.31.36.0-255,66,208213,12,241685
7908,0.048877,172.217.160.0-255,5738,213951,12,241685
7909,0.048888,172.31.36.0-255,66,214017,12,241685
7910,0.050782,172.217.160.0-255,5738,219755,12,241685
7911,0.050792,172.31.36.0-255,66,219821,12,241685
7912,0.052674,172.217.160.0-255,4320,224141,12,241685
7913,0.052682,172.31.36.0-255,66,224207,12,241685
7914,0.0527,172.217.160.0-255,1484,225691,12,241685
7915,0.054574,172.217.160.0-255,4320,230011,12,241685
7916,0.054582,172.31.36.0-255,66,230077,12,241685
7917,0.056469,172.217.160.0-255,5738,235815,12,241685
7918,0.056477,172.31.36.0-255,66,235881,12,241685
7919,0.0584,172.217.160.0-255,5738,241619,12,241685
7920,0.058407,172.31.36.0-255,66,241685,12,241685
7921,0.0,172.217.27.0-255,153,153,12,323651
7922,2.4e-05,172.31.36.0-255,66,219,12,323651
7923,3.2e-05,172.217.27.0-255,1484,1703,12,323651
7924,3.6e-05,172.31.36.0-255,66,1769,12,323651
7925,3.8e-05,172.217.27.0-255,1484,3253,12,323651
7926,4.1e-05,172.31.36.0-255,66,3319,12,323651
7927,5.7e-05,172.217.27.0-255,2902,6221,12,323651
7928,6.5e-05,172.31.36.0-255,66,6287,12,323651
7929,7.1e-05,172.217.27.0-255,5738,12025,12,323651
7930,7.5e-05,172.31.36.0-255,66,12091,12,323651
7931,8e-05,172.217.27.0-255,2088,14179,12,323651
7932,8.2e-05,172.31.36.0-255,66,14245,12,323651
7933,0.000178,172.217.27.0-255,1484,15729,12,323651
7934,0.000183,172.31.36.0-255,66,15795,12,323651
7935,0.000188,172.217.27.0-255,2902,18697,12,323651
7936,0.00019,172.31.36.0-255,66,18763,12,323651
7937,0.000195,172.217.27.0-255,2902,21665,12,323651
7938,0.000196,172.31.36.0-255,66,21731,12,323651
7939,0.000223,172.217.27.0-255,2902,24633,12,323651
7940,0.000225,172.31.36.0-255,66,24699,12,323651
7941,0.000235,172.217.27.0-255,6797,31496,12,323651
7942,0.000236,172.31.36.0-255,66,31562,12,323651
7943,0.000272,172.217.27.0-255,7156,38718,12,323651
7944,0.000274,172.31.36.0-255,66,38784,12,323651
7945,0.000278,172.217.27.0-255,2902,41686,12,323651
7946,0.00028,172.31.36.0-255,66,41752,12,323651
7947,0.000301,172.217.27.0-255,6797,48549,12,323651
7948,0.000307,172.31.36.0-255,66,48615,12,323651
7949,0.000768,172.217.27.0-255,1484,50099,12,323651
7950,0.000776,172.31.36.0-255,66,50165,12,323651
7951,0.000812,172.217.27.0-255,1484,51649,12,323651
7952,0.000818,172.31.36.0-255,66,51715,12,323651
7953,0.000829,172.217.27.0-255,2902,54617,12,323651
7954,0.000831,172.31.36.0-255,66,54683,12,323651
7955,0.000844,172.217.27.0-255,5738,60421,12,323651
7956,0.000846,172.31.36.0-255,66,60487,12,323651
7957,0.000879,172.217.27.0-255,5379,65866,12,323651
7958,0.000882,172.31.36.0-255,66,65932,12,323651
7959,0.000943,172.217.27.0-255,1484,67416,12,323651
7960,0.000951,172.217.27.0-255,2902,70318,12,323651
7961,0.000954,172.31.36.0-255,66,70384,12,323651
7962,0.000961,172.217.27.0-255,4320,74704,12,323651
7963,0.000963,172.31.36.0-255,66,74770,12,323651
7964,0.000985,172.217.27.0-255,1484,76254,12,323651
7965,0.000994,172.217.27.0-255,2902,79156,12,323651
7966,0.000997,172.31.36.0-255,66,79222,12,323651
7967,0.001034,172.31.36.0-255,66,79288,12,323651
7968,0.001039,172.217.27.0-255,2902,82190,12,323651
7969,0.001041,172.31.36.0-255,66,82256,12,323651
7970,0.001117,172.31.36.0-255,66,82322,12,323651
7971,0.001475,172.217.27.0-255,1484,83806,12,323651
7972,0.001482,172.217.27.0-255,1484,85290,12,323651
7973,0.001485,172.31.36.0-255,66,85356,12,323651
7974,0.001515,172.217.27.0-255,1484,86840,12,323651
7975,0.001521,172.217.27.0-255,4320,91160,12,323651
7976,0.001524,172.31.36.0-255,66,91226,12,323651
7977,0.00153,172.217.27.0-255,4320,95546,12,323651
7978,0.001531,172.31.36.0-255,66,95612,12,323651
7979,0.001548,172.217.27.0-255,1484,97096,12,323651
7980,0.001551,172.217.27.0-255,1484,98580,12,323651
7981,0.001557,172.31.36.0-255,66,98646,12,323651
7982,0.00156,172.217.27.0-255,1484,100130,12,323651
7983,0.001588,172.217.27.0-255,7156,107286,12,323651
7984,0.00159,172.31.36.0-255,66,107352,12,323651
7985,0.001596,172.217.27.0-255,5738,113090,12,323651
7986,0.001598,172.31.36.0-255,66,113156,12,323651
7987,0.001618,172.217.27.0-255,2902,116058,12,323651
7988,0.00162,172.31.36.0-255,66,116124,12,323651
7989,0.001623,172.217.27.0-255,766,116890,12,323651
7990,0.002079,172.31.36.0-255,66,116956,12,323651
7991,0.00325,172.217.27.0-255,1484,118440,12,323651
7992,0.003268,172.217.27.0-255,2902,121342,12,323651
7993,0.003271,172.31.36.0-255,66,121408,12,323651
7994,0.003745,172.217.27.0-255,1484,122892,12,323651
7995,0.004934,172.217.27.0-255,4320,127212,12,323651
7996,0.00494,172.31.36.0-255,66,127278,12,323651
7997,0.006613,172.217.27.0-255,5738,133016,12,323651
7998,0.006622,172.31.36.0-255,66,133082,12,323651
7999,0.008286,172.217.27.0-255,5738,138820,12,323651
8000,0.008291,172.31.36.0-255,66,138886,12,323651
8001,0.009964,172.217.27.0-255,5738,144624,12,323651
8002,0.009971,172.31.36.0-255,66,144690,12,323651
8003,0.01165,172.217.27.0-255,5738,150428,12,323651
8004,0.011663,172.31.36.0-255,66,150494,12,323651
8005,0.013355,172.217.27.0-255,5738,156232,12,323651
8006,0.013372,172.31.36.0-255,66,156298,12,323651
8007,0.01505,172.217.27.0-255,5738,162036,12,323651
8008,0.015062,172.31.36.0-255,66,162102,12,323651
8009,0.016741,172.217.27.0-255,5738,167840,12,323651
8010,0.016755,172.31.36.0-255,66,167906,12,323651
8011,0.018438,172.217.27.0-255,5738,173644,12,323651
8012,0.018452,172.31.36.0-255,66,173710,12,323651
8013,0.018578,172.31.36.0-255,101,173811,12,323651
8014,0.020122,172.217.27.0-255,5738,179549,12,323651
8015,0.02013,172.31.36.0-255,66,179615,12,323651
8016,0.020201,172.217.27.0-255,66,179681,12,323651
8017,0.021791,172.217.27.0-255,5738,185419,12,323651
8018,0.021799,172.31.36.0-255,66,185485,12,323651
8019,0.02349,172.217.27.0-255,5738,191223,12,323651
8020,0.023505,172.31.36.0-255,66,191289,12,323651
8021,0.025184,172.217.27.0-255,5738,197027,12,323651
8022,0.0252,172.31.36.0-255,66,197093,12,323651
8023,0.026883,172.217.27.0-255,5738,202831,12,323651
8024,0.0269,172.31.36.0-255,66,202897,12,323651
8025,0.028597,172.217.27.0-255,5738,208635,12,323651
8026,0.028612,172.31.36.0-255,66,208701,12,323651
8027,0.030282,172.217.27.0-255,5738,214439,12,323651
8028,0.030294,172.31.36.0-255,66,214505,12,323651
8029,0.031987,172.217.27.0-255,5738,220243,12,323651
8030,0.032002,172.31.36.0-255,66,220309,12,323651
8031,0.03368,172.217.27.0-255,5738,226047,12,323651
8032,0.033697,172.31.36.0-255,66,226113,12,323651
8033,0.035367,172.217.27.0-255,5738,231851,12,323651
8034,0.035379,172.31.36.0-255,66,231917,12,323651
8035,0.035675,172.31.36.0-255,172,232089,12,323651
8036,0.03574,172.31.36.0-255,1109,233198,12,323651
8037,0.035837,172.31.36.0-255,1514,234712,12,323651
8038,0.035839,172.31.36.0-255,1514,236226,12,323651
8039,0.03584,172.31.36.0-255,1514,237740,12,323651
8040,0.035841,172.31.36.0-255,1514,239254,12,323651
8041,0.035873,172.31.36.0-255,1514,240768,12,323651
8042,0.035874,172.31.36.0-255,1189,241957,12,323651
8043,0.037058,172.217.27.0-255,5738,247695,12,323651
8044,0.037093,172.31.36.0-255,66,247761,12,323651
8045,0.037205,104.244.42.0-255,66,247827,12,323651
8046,0.037303,104.244.42.0-255,66,247893,12,323651
8047,0.037446,104.244.42.0-255,66,247959,12,323651
8048,0.037452,104.244.42.0-255,66,248025,12,323651
8049,0.038781,172.217.27.0-255,5738,253763,12,323651
8050,0.038797,172.31.36.0-255,66,253829,12,323651
8051,0.04047,172.217.27.0-255,5738,259567,12,323651
8052,0.040482,172.31.36.0-255,66,259633,12,323651
8053,0.042169,172.217.27.0-255,5738,265371,12,323651
8054,0.042184,172.31.36.0-255,66,265437,12,323651
8055,0.043866,172.217.27.0-255,5738,271175,12,323651
8056,0.04388,172.31.36.0-255,66,271241,12,323651
8057,0.045562,172.217.27.0-255,5738,276979,12,323651
8058,0.045572,172.31.36.0-255,66,277045,12,323651
8059,0.047256,172.217.27.0-255,5738,282783,12,323651
8060,0.047272,172.31.36.0-255,66,282849,12,323651
8061,0.048956,172.217.27.0-255,5738,288587,12,323651
8062,0.048967,172.31.36.0-255,66,288653,12,323651
8063,0.049176,172.31.36.0-255,108,288761,12,323651
8064,0.050653,172.217.27.0-255,5738,294499,12,323651
8065,0.050663,172.31.36.0-255,66,294565,12,323651
8066,0.05074,104.244.42.0-255,66,294631,12,323651
8067,0.052343,172.217.27.0-255,5738,300369,12,323651
8068,0.052351,172.31.36.0-255,66,300435,12,323651
8069,0.054038,172.217.27.0-255,5738,306173,12,323651
8070,0.05405,172.31.36.0-255,66,306239,12,323651
8071,0.055733,172.217.27.0-255,5738,311977,12,323651
8072,0.055745,172.31.36.0-255,66,312043,12,323651
8073,0.05744,172.217.27.0-255,5738,317781,12,323651
8074,0.057455,172.31.36.0-255,66,317847,12,323651
8075,0.059137,172.217.27.0-255,5738,323585,12,323651
8076,0.05915,172.31.36.0-255,66,323651,12,323651
8077,0.0,74.125.68.0-255,66,66,12,66
8078,0.0,172.217.194.0-255,154,154,12,277721
8079,2.3e-05,172.31.36.0-255,66,220,12,277721
8080,3.1e-05,172.217.194.0-255,1484,1704,12,277721
8081,3.6e-05,172.31.36.0-255,66,1770,12,277721
8082,4.2e-05,172.217.194.0-255,2902,4672,12,277721
8083,4.6e-05,172.31.36.0-255,66,4738,12,277721
8084,5.4e-05,172.217.194.0-255,7156,11894,12,277721
8085,5.7e-05,172.31.36.0-255,66,11960,12,277721
8086,8.4e-05,172.31.36.0-255,66,12026,12,277721
8087,9.2e-05,172.217.194.0-255,6797,18823,12,277721
8088,9.4e-05,172.31.36.0-255,66,18889,12,277721
8089,0.000149,172.217.194.0-255,1484,20373,12,277721
8090,0.000152,172.31.36.0-255,66,20439,12,277721
8091,0.000158,172.217.194.0-255,2902,23341,12,277721
8092,0.00016,172.31.36.0-255,66,23407,12,277721
8093,0.000189,172.217.194.0-255,5738,29145,12,277721
8094,0.000193,172.31.36.0-255,66,29211,12,277721
8095,0.00021,172.217.194.0-255,1484,30695,12,277721
8096,0.000212,172.31.36.0-255,66,30761,12,277721
8097,0.000231,172.217.194.0-255,5379,36140,12,277721
8098,0.000234,172.31.36.0-255,66,36206,12,277721
8099,0.000366,172.217.194.0-255,1484,37690,12,277721
8100,0.00037,172.31.36.0-255,66,37756,12,277721
8101,0.000374,172.217.194.0-255,1484,39240,12,277721
8102,0.000376,172.31.36.0-255,66,39306,12,277721
8103,0.00039,172.217.194.0-255,1484,40790,12,277721
8104,0.000392,172.31.36.0-255,66,40856,12,277721
8105,0.000399,172.217.194.0-255,4320,45176,12,277721
8106,0.000402,172.31.36.0-255,66,45242,12,277721
8107,0.000419,172.217.194.0-255,1484,46726,12,277721
8108,0.000421,172.31.36.0-255,66,46792,12,277721
8109,0.000429,172.217.194.0-255,7112,53904,12,277721
8110,0.000431,172.31.36.0-255,66,53970,12,277721
8111,0.000556,172.217.194.0-255,364,54334,12,277721
8112,0.000654,172.217.194.0-255,1484,55818,12,277721
8113,0.000658,172.31.36.0-255,66,55884,12,277721
8114,0.000664,172.217.194.0-255,2902,58786,12,277721
8115,0.000667,172.31.36.0-255,66,58852,12,277721
8116,0.000693,172.217.194.0-255,5738,64590,12,277721
8117,0.000696,172.31.36.0-255,66,64656,12,277721
8118,0.000699,172.217.194.0-255,1484,66140,12,277721
8119,0.000729,172.217.194.0-255,2902,69042,12,277721
8120,0.000732,172.31.36.0-255,66,69108,12,277721
8121,0.000758,172.217.194.0-255,6797,75905,12,277721
8122,0.000762,172.31.36.0-255,66,75971,12,277721
8123,0.000773,172.31.36.0-255,66,76037,12,277721
8124,0.000808,172.217.194.0-255,2543,78580,12,277721
8125,0.00081,172.31.36.0-255,66,78646,12,277721
8126,0.00119,172.217.194.0-255,1484,80130,12,277721
8127,0.001196,172.217.194.0-255,2902,83032,12,277721
8128,0.001199,172.31.36.0-255,66,83098,12,277721
8129,0.001223,172.217.194.0-255,2902,86000,12,277721
8130,0.001226,172.31.36.0-255,66,86066,12,277721
8131,0.001252,172.217.194.0-255,7156,93222,12,277721
8132,0.001255,172.31.36.0-255,66,93288,12,277721
8133,0.001263,172.217.194.0-255,7156,100444,12,277721
8134,0.001265,172.31.36.0-255,66,100510,12,277721
8135,0.001348,172.217.194.0-255,5738,106248,12,277721
8136,0.001353,172.31.36.0-255,66,106314,12,277721
8137,0.001366,172.217.194.0-255,6438,112752,12,277721
8138,0.001368,172.31.36.0-255,66,112818,12,277721
8139,0.00139,172.217.194.0-255,1484,114302,12,277721
8140,0.001395,172.217.194.0-255,2902,117204,12,277721
8141,0.001397,172.31.36.0-255,66,117270,12,277721
8142,0.001416,172.217.194.0-255,5738,123008,12,277721
8143,0.001419,172.31.36.0-255,66,123074,12,277721
8144,0.001422,172.217.194.0-255,1484,124558,12,277721
8145,0.001439,172.217.194.0-255,4320,128878,12,277721
8146,0.001442,172.31.36.0-255,66,128944,12,277721
8147,0.001465,172.217.194.0-255,5738,134682,12,277721
8148,0.001468,172.31.36.0-255,66,134748,12,277721
8149,0.001475,172.217.194.0-255,5738,140486,12,277721
8150,0.001477,172.31.36.0-255,66,140552,12,277721
8151,0.001507,172.217.194.0-255,6438,146990,12,277721
8152,0.00151,172.217.194.0-255,1484,148474,12,277721
8153,0.001514,172.31.36.0-255,66,148540,12,277721
8154,0.001532,172.31.36.0-255,66,148606,12,277721
8155,0.001555,172.31.36.0-255,66,148672,12,277721
8156,0.00159,172.31.36.0-255,66,148738,12,277721
8157,0.001596,172.217.194.0-255,3602,152340,12,277721
8158,0.001598,172.31.36.0-255,66,152406,12,277721
8159,0.001603,172.217.194.0-255,4320,156726,12,277721
8160,0.001605,172.31.36.0-255,66,156792,12,277721
8161,0.00161,172.217.194.0-255,4320,161112,12,277721
8162,0.001612,172.31.36.0-255,66,161178,12,277721
8163,0.001634,172.217.194.0-255,5738,166916,12,277721
8164,0.001636,172.31.36.0-255,66,166982,12,277721
8165,0.001641,172.217.194.0-255,4320,171302,12,277721
8166,0.001644,172.31.36.0-255,66,171368,12,277721
8167,0.00168,172.217.194.0-255,5738,177106,12,277721
8168,0.001685,172.31.36.0-255,66,177172,12,277721
8169,0.001702,172.31.36.0-255,66,177238,12,277721
8170,0.001761,172.217.194.0-255,1484,178722,12,277721
8171,0.00178,172.217.194.0-255,2902,181624,12,277721
8172,0.001783,172.31.36.0-255,66,181690,12,277721
8173,0.001787,172.217.194.0-255,1484,183174,12,277721
8174,0.001806,172.217.194.0-255,4320,187494,12,277721
8175,0.001809,172.31.36.0-255,66,187560,12,277721
8176,0.001825,172.217.194.0-255,4320,191880,12,277721
8177,0.001827,172.31.36.0-255,66,191946,12,277721
8178,0.001869,172.31.36.0-255,66,192012,12,277721
8179,0.001872,172.217.194.0-255,1484,193496,12,277721
8180,0.00188,172.217.194.0-255,7156,200652,12,277721
8181,0.001883,172.31.36.0-255,66,200718,12,277721
8182,0.001897,172.217.194.0-255,2184,202902,12,277721
8183,0.001899,172.31.36.0-255,66,202968,12,277721
8184,0.00197,172.217.194.0-255,1484,204452,12,277721
8185,0.001975,172.217.194.0-255,1484,205936,12,277721
8186,0.001977,172.31.36.0-255,66,206002,12,277721
8187,0.001993,172.217.194.0-255,1484,207486,12,277721
8188,0.002007,172.217.194.0-255,4320,211806,12,277721
8189,0.002009,172.31.36.0-255,66,211872,12,277721
8190,0.002026,172.217.194.0-255,1484,213356,12,277721
8191,0.002039,172.217.194.0-255,1484,214840,12,277721
8192,0.002042,172.31.36.0-255,66,214906,12,277721
8193,0.002064,172.217.194.0-255,7156,222062,12,277721
8194,0.002067,172.31.36.0-255,66,222128,12,277721
8195,0.002082,172.217.194.0-255,4320,226448,12,277721
8196,0.002085,172.31.36.0-255,66,226514,12,277721
8197,0.002088,172.217.194.0-255,1484,227998,12,277721
8198,0.002094,172.217.194.0-255,5738,233736,12,277721
8199,0.002097,172.31.36.0-255,66,233802,12,277721
8200,0.002124,172.217.194.0-255,3602,237404,12,277721
8201,0.002128,172.31.36.0-255,66,237470,12,277721
8202,0.002131,172.217.194.0-255,1484,238954,12,277721
8203,0.002151,172.217.194.0-255,5738,244692,12,277721
8204,0.0022,172.31.36.0-255,66,244758,12,277721
8205,0.002203,172.31.36.0-255,66,244824,12,277721
8206,0.002224,172.217.194.0-255,5738,250562,12,277721
8207,0.002227,172.31.36.0-255,66,250628,12,277721
8208,0.002266,172.31.36.0-255,66,250694,12,277721
8209,0.00227,172.217.194.0-255,2184,252878,12,277721
8210,0.002272,172.31.36.0-255,66,252944,12,277721
8211,0.002332,172.217.194.0-255,1484,254428,12,277721
8212,0.002335,172.217.194.0-255,1484,255912,12,277721
8213,0.00234,172.31.36.0-255,66,255978,12,277721
8214,0.002349,172.217.194.0-255,1484,257462,12,277721
8215,0.002352,172.217.194.0-255,1484,258946,12,277721
8216,0.002354,172.31.36.0-255,66,259012,12,277721
8217,0.00238,172.217.194.0-255,4320,263332,12,277721
8218,0.002383,172.31.36.0-255,66,263398,12,277721
8219,0.002389,172.217.194.0-255,4320,267718,12,277721
8220,0.002392,172.31.36.0-255,66,267784,12,277721
8221,0.002413,172.31.36.0-255,66,267850,12,277721
8222,0.002427,172.31.36.0-255,66,267916,12,277721
8223,0.002449,172.217.194.0-255,2902,270818,12,277721
8224,0.002452,172.31.36.0-255,66,270884,12,277721
8225,0.002484,172.31.36.0-255,66,270950,12,277721
8226,0.0025,172.217.194.0-255,1484,272434,12,277721
8227,0.002503,172.217.194.0-255,1484,273918,12,277721
8228,0.002505,172.31.36.0-255,66,273984,12,277721
8229,0.002518,172.31.36.0-255,66,274050,12,277721
8230,0.002551,172.217.194.0-255,1780,275830,12,277721
8231,0.002554,172.31.36.0-255,66,275896,12,277721
8232,0.002571,172.217.194.0-255,105,276001,12,277721
8233,0.004233,172.31.36.0-255,101,276102,12,277721
8234,0.004772,172.31.36.0-255,105,276207,12,277721
8235,0.006759,172.217.194.0-255,66,276273,12,277721
8236,0.00738,172.217.194.0-255,66,276339,12,277721
8237,0.034489,172.31.36.0-255,172,276511,12,277721
8238,0.034525,172.31.36.0-255,1078,277589,12,277721
8239,0.036062,104.244.42.0-255,66,277655,12,277721
8240,0.036074,104.244.42.0-255,66,277721,12,277721
8241,0.0,74.125.24.0-255,177,177,12,241477
8242,2.3e-05,172.31.36.0-255,66,243,12,241477
8243,3.1e-05,74.125.24.0-255,1484,1727,12,241477
8244,3.6e-05,172.31.36.0-255,66,1793,12,241477
8245,4.2e-05,74.125.24.0-255,2902,4695,12,241477
8246,4.5e-05,172.31.36.0-255,66,4761,12,241477
8247,5.1e-05,74.125.24.0-255,4320,9081,12,241477
8248,5.4e-05,172.31.36.0-255,66,9147,12,241477
8249,8.8e-05,74.125.24.0-255,4851,13998,12,241477
8250,9.2e-05,172.31.36.0-255,66,14064,12,241477
8251,0.000328,74.125.24.0-255,1484,15548,12,241477
8252,0.000333,172.31.36.0-255,66,15614,12,241477
8253,0.00034,74.125.24.0-255,2902,18516,12,241477
8254,0.000342,172.31.36.0-255,66,18582,12,241477
8255,0.000348,74.125.24.0-255,4320,22902,12,241477
8256,0.00035,172.31.36.0-255,66,22968,12,241477
8257,0.000394,74.125.24.0-255,4320,27288,12,241477
8258,0.000397,172.31.36.0-255,66,27354,12,241477
8259,0.000417,74.125.24.0-255,3961,31315,12,241477
8260,0.000419,172.31.36.0-255,66,31381,12,241477
8261,0.00043,172.31.36.0-255,66,31447,12,241477
8262,0.000453,172.31.36.0-255,66,31513,12,241477
8263,0.000529,74.125.24.0-255,1484,32997,12,241477
8264,0.000533,172.31.36.0-255,66,33063,12,241477
8265,0.000539,74.125.24.0-255,2902,35965,12,241477
8266,0.000542,172.31.36.0-255,66,36031,12,241477
8267,0.000547,74.125.24.0-255,2902,38933,12,241477
8268,0.000549,172.31.36.0-255,66,38999,12,241477
8269,0.000575,74.125.24.0-255,2902,41901,12,241477
8270,0.000578,172.31.36.0-255,66,41967,12,241477
8271,0.000597,74.125.24.0-255,6797,48764,12,241477
8272,0.000599,172.31.36.0-255,66,48830,12,241477
8273,0.000621,74.125.24.0-255,396,49226,12,241477
8274,0.000664,74.125.24.0-255,349,49575,12,241477
8275,0.00103,74.125.24.0-255,1484,51059,12,241477
8276,0.001036,172.31.36.0-255,66,51125,12,241477
8277,0.001041,74.125.24.0-255,2902,54027,12,241477
8278,0.001044,172.31.36.0-255,66,54093,12,241477
8279,0.00105,74.125.24.0-255,5738,59831,12,241477
8280,0.001052,172.31.36.0-255,66,59897,12,241477
8281,0.001058,74.125.24.0-255,5738,65635,12,241477
8282,0.00106,172.31.36.0-255,66,65701,12,241477
8283,0.001098,172.31.36.0-255,66,65767,12,241477
8284,0.001103,74.125.24.0-255,3410,69177,12,241477
8285,0.001105,172.31.36.0-255,66,69243,12,241477
8286,0.001283,74.125.24.0-255,1484,70727,12,241477
8287,0.001289,74.125.24.0-255,2902,73629,12,241477
8288,0.001292,172.31.36.0-255,66,73695,12,241477
8289,0.001313,74.125.24.0-255,5738,79433,12,241477
8290,0.001316,172.31.36.0-255,66,79499,12,241477
8291,0.00134,74.125.24.0-255,5738,85237,12,241477
8292,0.001342,172.31.36.0-255,66,85303,12,241477
8293,0.001363,74.125.24.0-255,7156,92459,12,241477
8294,0.001366,172.31.36.0-255,66,92525,12,241477
8295,0.001377,172.31.36.0-255,66,92591,12,241477
8296,0.001399,74.125.24.0-255,766,93357,12,241477
8297,0.00182,172.31.36.0-255,66,93423,12,241477
8298,0.003726,74.125.24.0-255,4320,97743,12,241477
8299,0.003734,172.31.36.0-255,66,97809,12,241477
8300,0.004116,74.125.24.0-255,1484,99293,12,241477
8301,0.006077,74.125.24.0-255,4320,103613,12,241477
8302,0.006081,172.31.36.0-255,66,103679,12,241477
8303,0.008369,74.125.24.0-255,5738,109417,12,241477
8304,0.008381,172.31.36.0-255,66,109483,12,241477
8305,0.010692,74.125.24.0-255,5738,115221,12,241477
8306,0.010711,172.31.36.0-255,66,115287,12,241477
8307,0.01308,74.125.24.0-255,5738,121025,12,241477
8308,0.0131,172.31.36.0-255,66,121091,12,241477
8309,0.015472,74.125.24.0-255,5738,126829,12,241477
8310,0.015485,172.31.36.0-255,66,126895,12,241477
8311,0.017806,74.125.24.0-255,5738,132633,12,241477
8312,0.017818,172.31.36.0-255,66,132699,12,241477
8313,0.020163,74.125.24.0-255,5738,138437,12,241477
8314,0.020174,172.31.36.0-255,66,138503,12,241477
8315,0.02152,172.31.36.0-255,187,138690,12,241477
8316,0.021555,172.31.36.0-255,976,139666,12,241477
8317,0.02162,172.31.36.0-255,1514,141180,12,241477
8318,0.021622,172.31.36.0-255,1431,142611,12,241477
8319,0.022523,74.125.24.0-255,5738,148349,12,241477
8320,0.022531,172.31.36.0-255,66,148415,12,241477
8321,0.023102,104.244.42.0-255,66,148481,12,241477
8322,0.023152,104.244.42.0-255,66,148547,12,241477
8323,0.023229,104.244.42.0-255,66,148613,12,241477
8324,0.024852,74.125.24.0-255,5738,154351,12,241477
8325,0.024858,172.31.36.0-255,66,154417,12,241477
8326,0.027205,74.125.24.0-255,5738,160155,12,241477
8327,0.027212,172.31.36.0-255,66,160221,12,241477
8328,0.029539,74.125.24.0-255,5738,165959,12,241477
8329,0.029546,172.31.36.0-255,66,166025,12,241477
8330,0.031843,74.125.24.0-255,5738,171763,12,241477
8331,0.031849,172.31.36.0-255,66,171829,12,241477
8332,0.034145,74.125.24.0-255,5738,177567,12,241477
8333,0.034151,172.31.36.0-255,66,177633,12,241477
8334,0.036507,74.125.24.0-255,5738,183371,12,241477
8335,0.036513,172.31.36.0-255,66,183437,12,241477
8336,0.038857,74.125.24.0-255,5738,189175,12,241477
8337,0.038863,172.31.36.0-255,66,189241,12,241477
8338,0.041195,74.125.24.0-255,5738,194979,12,241477
8339,0.041203,172.31.36.0-255,66,195045,12,241477
8340,0.043515,74.125.24.0-255,5738,200783,12,241477
8341,0.043522,172.31.36.0-255,66,200849,12,241477
8342,0.045841,74.125.24.0-255,5738,206587,12,241477
8343,0.045847,172.31.36.0-255,66,206653,12,241477
8344,0.048152,74.125.24.0-255,5738,212391,12,241477
8345,0.048159,172.31.36.0-255,66,212457,12,241477
8346,0.050475,74.125.24.0-255,5738,218195,12,241477
8347,0.05048,172.31.36.0-255,66,218261,12,241477
8348,0.052835,74.125.24.0-255,5738,223999,12,241477
8349,0.052841,172.31.36.0-255,66,224065,12,241477
8350,0.055153,74.125.24.0-255,5738,229803,12,241477
8351,0.05516,172.31.36.0-255,66,229869,12,241477
8352,0.057479,74.125.24.0-255,5738,235607,12,241477
8353,0.057488,172.31.36.0-255,66,235673,12,241477
8354,0.059824,74.125.24.0-255,5738,241411,12,241477
8355,0.059835,172.31.36.0-255,66,241477,12,241477
8356,0.0,74.125.130.0-255,151,151,12,313048
8357,1.8e-05,172.31.36.0-255,66,217,12,313048
8358,2.4e-05,74.125.130.0-255,1484,1701,12,313048
8359,2.9e-05,172.31.36.0-255,66,1767,12,313048
8360,3.3e-05,74.125.130.0-255,1484,3251,12,313048
8361,4.4e-05,172.31.36.0-255,66,3317,12,313048
8362,7.3e-05,74.125.130.0-255,1484,4801,12,313048
8363,7.5e-05,172.31.36.0-255,66,4867,12,313048
8364,8.8e-05,74.125.130.0-255,5738,10605,12,313048
8365,9.1e-05,172.31.36.0-255,66,10671,12,313048
8366,9.9e-05,74.125.130.0-255,6342,17013,12,313048
8367,0.000101,172.31.36.0-255,66,17079,12,313048
8368,0.000113,172.31.36.0-255,66,17145,12,313048
8369,0.000146,74.125.130.0-255,3961,21106,12,313048
8370,0.000148,172.31.36.0-255,66,21172,12,313048
8371,0.000213,74.125.130.0-255,1484,22656,12,313048
8372,0.000216,172.31.36.0-255,66,22722,12,313048
8373,0.000221,74.125.130.0-255,2902,25624,12,313048
8374,0.000223,172.31.36.0-255,66,25690,12,313048
8375,0.000226,74.125.130.0-255,1484,27174,12,313048
8376,0.000228,172.31.36.0-255,66,27240,12,313048
8377,0.000247,74.125.130.0-255,2902,30142,12,313048
8378,0.00025,172.31.36.0-255,66,30208,12,313048
8379,0.000279,172.31.36.0-255,66,30274,12,313048
8380,0.000282,74.125.130.0-255,1484,31758,12,313048
8381,0.000284,172.31.36.0-255,66,31824,12,313048
8382,0.000318,172.31.36.0-255,66,31890,12,313048
8383,0.000322,74.125.130.0-255,2902,34792,12,313048
8384,0.000324,172.31.36.0-255,66,34858,12,313048
8385,0.000348,74.125.130.0-255,2801,37659,12,313048
8386,0.000351,172.31.36.0-255,66,37725,12,313048
8387,0.000358,74.125.130.0-255,429,38154,12,313048
8388,0.00067,74.125.130.0-255,1484,39638,12,313048
8389,0.000676,172.31.36.0-255,66,39704,12,313048
8390,0.000683,74.125.130.0-255,2902,42606,12,313048
8391,0.000687,172.31.36.0-255,66,42672,12,313048
8392,0.000724,74.125.130.0-255,4320,46992,12,313048
8393,0.000727,172.31.36.0-255,66,47058,12,313048
8394,0.000752,74.125.130.0-255,1484,48542,12,313048
8395,0.000767,172.31.36.0-255,66,48608,12,313048
8396,0.00077,74.125.130.0-255,1484,50092,12,313048
8397,0.000799,74.125.130.0-255,7156,57248,12,313048
8398,0.000802,172.31.36.0-255,66,57314,12,313048
8399,0.000826,74.125.130.0-255,2184,59498,12,313048
8400,0.000829,172.31.36.0-255,66,59564,12,313048
8401,0.000854,74.125.130.0-255,1484,61048,12,313048
8402,0.000871,74.125.130.0-255,1484,62532,12,313048
8403,0.000874,172.31.36.0-255,66,62598,12,313048
8404,0.000904,74.125.130.0-255,2902,65500,12,313048
8405,0.000908,172.31.36.0-255,66,65566,12,313048
8406,0.000911,74.125.130.0-255,1484,67050,12,313048
8407,0.000938,74.125.130.0-255,4320,71370,12,313048
8408,0.000941,172.31.36.0-255,66,71436,12,313048
8409,0.000948,74.125.130.0-255,5738,77174,12,313048
8410,0.000951,172.31.36.0-255,66,77240,12,313048
8411,0.000971,74.125.130.0-255,2902,80142,12,313048
8412,0.000973,172.31.36.0-255,66,80208,12,313048
8413,0.001005,74.125.130.0-255,4320,84528,12,313048
8414,0.001008,172.31.36.0-255,66,84594,12,313048
8415,0.001011,74.125.130.0-255,1484,86078,12,313048
8416,0.001041,74.125.130.0-255,4320,90398,12,313048
8417,0.001044,172.31.36.0-255,66,90464,12,313048
8418,0.001068,74.125.130.0-255,3602,94066,12,313048
8419,0.001071,172.31.36.0-255,66,94132,12,313048
8420,0.001095,74.125.130.0-255,1484,95616,12,313048
8421,0.001099,74.125.130.0-255,2902,98518,12,313048
8422,0.001102,172.31.36.0-255,66,98584,12,313048
8423,0.001105,74.125.130.0-255,1484,100068,12,313048
8424,0.001129,74.125.130.0-255,4320,104388,12,313048
8425,0.001132,172.31.36.0-255,66,104454,12,313048
8426,0.001167,172.31.36.0-255,66,104520,12,313048
8427,0.00123,74.125.130.0-255,5738,110258,12,313048
8428,0.001234,172.31.36.0-255,66,110324,12,313048
8429,0.00126,74.125.130.0-255,5020,115344,12,313048
8430,0.001263,172.31.36.0-255,66,115410,12,313048
8431,0.001328,74.125.130.0-255,1484,116894,12,313048
8432,0.001345,74.125.130.0-255,2902,119796,12,313048
8433,0.001348,172.31.36.0-255,66,119862,12,313048
8434,0.001354,74.125.130.0-255,4320,124182,12,313048
8435,0.001356,172.31.36.0-255,66,124248,12,313048
8436,0.001392,74.125.130.0-255,1484,125732,12,313048
8437,0.001407,172.31.36.0-255,66,125798,12,313048
8438,0.001412,74.125.130.0-255,4320,130118,12,313048
8439,0.001415,172.31.36.0-255,66,130184,12,313048
8440,0.001418,74.125.130.0-255,1484,131668,12,313048
8441,0.001438,74.125.130.0-255,4320,135988,12,313048
8442,0.001441,172.31.36.0-255,66,136054,12,313048
8443,0.001448,74.125.130.0-255,766,136820,12,313048
8444,0.002645,172.31.36.0-255,66,136886,12,313048
8445,0.003444,74.125.130.0-255,4320,141206,12,313048
8446,0.003452,172.31.36.0-255,66,141272,12,313048
8447,0.004612,74.125.130.0-255,1484,142756,12,313048
8448,0.005424,74.125.130.0-255,4320,147076,12,313048
8449,0.005427,172.31.36.0-255,66,147142,12,313048
8450,0.007396,74.125.130.0-255,5738,152880,12,313048
8451,0.007401,172.31.36.0-255,66,152946,12,313048
8452,0.009379,74.125.130.0-255,5738,158684,12,313048
8453,0.009386,172.31.36.0-255,66,158750,12,313048
8454,0.011371,74.125.130.0-255,5738,164488,12,313048
8455,0.011379,172.31.36.0-255,66,164554,12,313048
8456,0.013371,74.125.130.0-255,5738,170292,12,313048
8457,0.013379,172.31.36.0-255,66,170358,12,313048
8458,0.015358,74.125.130.0-255,5738,176096,12,313048
8459,0.015366,172.31.36.0-255,66,176162,12,313048
8460,0.017344,74.125.130.0-255,5738,181900,12,313048
8461,0.017352,172.31.36.0-255,66,181966,12,313048
8462,0.019339,74.125.130.0-255,5738,187704,12,313048
8463,0.019346,172.31.36.0-255,66,187770,12,313048
8464,0.021327,74.125.130.0-255,5738,193508,12,313048
8465,0.021334,172.31.36.0-255,66,193574,12,313048
8466,0.023329,74.125.130.0-255,5738,199312,12,313048
8467,0.02334,172.31.36.0-255,66,199378,12,313048
8468,0.025316,74.125.130.0-255,5738,205116,12,313048
8469,0.025324,172.31.36.0-255,66,205182,12,313048
8470,0.027308,74.125.130.0-255,5738,210920,12,313048
8471,0.027316,172.31.36.0-255,66,210986,12,313048
8472,0.029286,74.125.130.0-255,5738,216724,12,313048
8473,0.029294,172.31.36.0-255,66,216790,12,313048
8474,0.031271,74.125.130.0-255,5738,222528,12,313048
8475,0.031279,172.31.36.0-255,66,222594,12,313048
8476,0.0323,172.31.36.0-255,172,222766,12,313048
8477,0.032332,172.31.36.0-255,1109,223875,12,313048
8478,0.032401,172.31.36.0-255,1514,225389,12,313048
8479,0.032404,172.31.36.0-255,1514,226903,12,313048
8480,0.032405,172.31.36.0-255,1514,228417,12,313048
8481,0.032406,172.31.36.0-255,1514,229931,12,313048
8482,0.032436,172.31.36.0-255,1514,231445,12,313048
8483,0.032442,172.31.36.0-255,1261,232706,12,313048
8484,0.033276,74.125.130.0-255,5738,238444,12,313048
8485,0.033283,172.31.36.0-255,66,238510,12,313048
8486,0.033779,104.244.42.0-255,66,238576,12,313048
8487,0.033809,104.244.42.0-255,66,238642,12,313048
8488,0.033916,104.244.42.0-255,66,238708,12,313048
8489,0.033922,104.244.42.0-255,66,238774,12,313048
8490,0.035261,74.125.130.0-255,5738,244512,12,313048
8491,0.035269,172.31.36.0-255,66,244578,12,313048
8492,0.037255,74.125.130.0-255,5738,250316,12,313048
8493,0.037263,172.31.36.0-255,66,250382,12,313048
8494,0.039241,74.125.130.0-255,5738,256120,12,313048
8495,0.039251,172.31.36.0-255,66,256186,12,313048
8496,0.04123,74.125.130.0-255,5738,261924,12,313048
8497,0.041238,172.31.36.0-255,66,261990,12,313048
8498,0.043226,74.125.130.0-255,5738,267728,12,313048
8499,0.04324,172.31.36.0-255,66,267794,12,313048
8500,0.045234,74.125.130.0-255,5738,273532,12,313048
8501,0.045244,172.31.36.0-255,66,273598,12,313048
8502,0.047209,74.125.130.0-255,4320,277918,12,313048
8503,0.047217,172.31.36.0-255,66,277984,12,313048
8504,0.04725,74.125.130.0-255,1484,279468,12,313048
8505,0.049193,74.125.130.0-255,4320,283788,12,313048
8506,0.049201,172.31.36.0-255,66,283854,12,313048
8507,0.050944,172.31.36.0-255,108,283962,12,313048
8508,0.051213,74.125.130.0-255,5738,289700,12,313048
8509,0.051223,172.31.36.0-255,66,289766,12,313048
8510,0.052407,104.244.42.0-255,66,289832,12,313048
8511,0.053205,74.125.130.0-255,5738,295570,12,313048
8512,0.053215,172.31.36.0-255,66,295636,12,313048
8513,0.055204,74.125.130.0-255,5738,301374,12,313048
8514,0.055219,172.31.36.0-255,66,301440,12,313048
8515,0.057203,74.125.130.0-255,5738,307178,12,313048
8516,0.057216,172.31.36.0-255,66,307244,12,313048
8517,0.059199,74.125.130.0-255,5738,312982,12,313048
8518,0.059208,172.31.36.0-255,66,313048,12,313048
8519,0.0,172.217.194.0-255,153,153,12,309177
8520,2.1e-05,172.31.36.0-255,66,219,12,309177
8521,2.7e-05,172.217.194.0-255,1484,1703,12,309177
8522,3e-05,172.31.36.0-255,66,1769,12,309177
8523,3.2e-05,172.217.194.0-255,1484,3253,12,309177
8524,3.4e-05,172.31.36.0-255,66,3319,12,309177
8525,4.7e-05,172.217.194.0-255,4320,7639,12,309177
8526,4.9e-05,172.31.36.0-255,66,7705,12,309177
8527,7.4e-05,172.217.194.0-255,4320,12025,12,309177
8528,7.7e-05,172.31.36.0-255,66,12091,12,309177
8529,0.000105,172.217.194.0-255,2065,14156,12,309177
8530,0.000107,172.31.36.0-255,66,14222,12,309177
8531,0.00018,172.217.194.0-255,1484,15706,12,309177
8532,0.000183,172.31.36.0-255,66,15772,12,309177
8533,0.000187,172.217.194.0-255,2902,18674,12,309177
8534,0.000189,172.31.36.0-255,66,18740,12,309177
8535,0.000204,172.217.194.0-255,1484,20224,12,309177
8536,0.000206,172.31.36.0-255,66,20290,12,309177
8537,0.000227,172.217.194.0-255,4320,24610,12,309177
8538,0.00023,172.31.36.0-255,66,24676,12,309177
8539,0.000236,172.217.194.0-255,6797,31473,12,309177
8540,0.000238,172.31.36.0-255,66,31539,12,309177
8541,0.000276,172.217.194.0-255,1484,33023,12,309177
8542,0.000279,172.31.36.0-255,66,33089,12,309177
8543,0.000282,172.217.194.0-255,1484,34573,12,309177
8544,0.000284,172.31.36.0-255,66,34639,12,309177
8545,0.000306,172.217.194.0-255,1484,36123,12,309177
8546,0.000308,172.31.36.0-255,66,36189,12,309177
8547,0.000313,172.217.194.0-255,4320,40509,12,309177
8548,0.000316,172.31.36.0-255,66,40575,12,309177
8549,0.000335,172.217.194.0-255,1484,42059,12,309177
8550,0.000338,172.31.36.0-255,66,42125,12,309177
8551,0.000342,172.217.194.0-255,2902,45027,12,309177
8552,0.000344,172.31.36.0-255,66,45093,12,309177
8553,0.000349,172.217.194.0-255,4320,49413,12,309177
8554,0.000351,172.31.36.0-255,66,49479,12,309177
8555,0.000354,172.217.194.0-255,1484,50963,12,309177
8556,0.000383,172.217.194.0-255,7156,58119,12,309177
8557,0.000386,172.31.36.0-255,66,58185,12,309177
8558,0.000392,172.217.194.0-255,7156,65341,12,309177
8559,0.000394,172.31.36.0-255,66,65407,12,309177
8560,0.000416,172.217.194.0-255,766,66173,12,309177
8561,0.000671,172.31.36.0-255,66,66239,12,309177
8562,0.000814,172.217.194.0-255,359,66598,12,309177
8563,0.00099,172.217.194.0-255,1484,68082,12,309177
8564,0.000994,172.31.36.0-255,66,68148,12,309177
8565,0.001021,172.217.194.0-255,2902,71050,12,309177
8566,0.001024,172.31.36.0-255,66,71116,12,309177
8567,0.001029,172.217.194.0-255,5738,76854,12,309177
8568,0.001031,172.31.36.0-255,66,76920,12,309177
8569,0.001062,172.217.194.0-255,4320,81240,12,309177
8570,0.001064,172.31.36.0-255,66,81306,12,309177
8571,0.001103,172.217.194.0-255,1484,82790,12,309177
8572,0.001117,172.31.36.0-255,66,82856,12,309177
8573,0.001123,172.217.194.0-255,5020,87876,12,309177
8574,0.001125,172.31.36.0-255,66,87942,12,309177
8575,0.001154,172.217.194.0-255,1484,89426,12,309177
8576,0.001159,172.217.194.0-255,2902,92328,12,309177
8577,0.001161,172.31.36.0-255,66,92394,12,309177
8578,0.001188,172.217.194.0-255,5738,98132,12,309177
8579,0.001191,172.31.36.0-255,66,98198,12,309177
8580,0.001215,172.31.36.0-255,66,98264,12,309177
8581,0.001248,172.217.194.0-255,7156,105420,12,309177
8582,0.001252,172.31.36.0-255,66,105486,12,309177
8583,0.001272,172.217.194.0-255,6438,111924,12,309177
8584,0.001275,172.31.36.0-255,66,111990,12,309177
8585,0.001313,172.31.36.0-255,66,112056,12,309177
8586,0.00132,172.217.194.0-255,7156,119212,12,309177
8587,0.001324,172.31.36.0-255,66,119278,12,309177
8588,0.001357,172.31.36.0-255,66,119344,12,309177
8589,0.001362,172.217.194.0-255,3602,122946,12,309177
8590,0.001364,172.31.36.0-255,66,123012,12,309177
8591,0.001381,172.217.194.0-255,385,123397,12,309177
8592,0.00146,172.217.194.0-255,1484,124881,12,309177
8593,0.001463,172.31.36.0-255,66,124947,12,309177
8594,0.001491,172.217.194.0-255,2902,127849,12,309177
8595,0.001494,172.31.36.0-255,66,127915,12,309177
8596,0.001498,172.217.194.0-255,2902,130817,12,309177
8597,0.001501,172.31.36.0-255,66,130883,12,309177
8598,0.001503,172.217.194.0-255,1484,132367,12,309177
8599,0.001533,172.217.194.0-255,5738,138105,12,309177
8600,0.001535,172.31.36.0-255,66,138171,12,309177
8601,0.001572,172.31.36.0-255,66,138237,12,309177
8602,0.001595,172.217.194.0-255,5020,143257,12,309177
8603,0.001598,172.31.36.0-255,66,143323,12,309177
8604,0.001634,172.217.194.0-255,5738,149061,12,309177
8605,0.001637,172.31.36.0-255,66,149127,12,309177
8606,0.001639,172.217.194.0-255,1484,150611,12,309177
8607,0.001686,172.31.36.0-255,66,150677,12,309177
8608,0.001689,172.217.194.0-255,1484,152161,12,309177
8609,0.001725,172.31.36.0-255,66,152227,12,309177
8610,0.001749,172.217.194.0-255,5020,157247,12,309177
8611,0.001751,172.31.36.0-255,66,157313,12,309177
8612,0.001775,172.217.194.0-255,2902,160215,12,309177
8613,0.001777,172.31.36.0-255,66,160281,12,309177
8614,0.0018,172.217.194.0-255,2902,163183,12,309177
8615,0.001803,172.31.36.0-255,66,163249,12,309177
8616,0.001806,172.217.194.0-255,2902,166151,12,309177
8617,0.001808,172.31.36.0-255,66,166217,12,309177
8618,0.001811,172.217.194.0-255,1484,167701,12,309177
8619,0.001845,172.31.36.0-255,66,167767,12,309177
8620,0.001884,172.31.36.0-255,66,167833,12,309177
8621,0.002016,172.217.194.0-255,1484,169317,12,309177
8622,0.002035,172.217.194.0-255,2902,172219,12,309177
8623,0.002037,172.31.36.0-255,66,172285,12,309177
8624,0.002042,172.217.194.0-255,4320,176605,12,309177
8625,0.002045,172.31.36.0-255,66,176671,12,309177
8626,0.002067,172.217.194.0-255,2902,179573,12,309177
8627,0.002069,172.31.36.0-255,66,179639,12,309177
8628,0.002091,172.217.194.0-255,5738,185377,12,309177
8629,0.002093,172.31.36.0-255,66,185443,12,309177
8630,0.002099,172.217.194.0-255,5738,191181,12,309177
8631,0.002101,172.31.36.0-255,66,191247,12,309177
8632,0.002104,172.217.194.0-255,1484,192731,12,309177
8633,0.002135,172.217.194.0-255,5738,198469,12,309177
8634,0.002138,172.31.36.0-255,66,198535,12,309177
8635,0.002142,172.217.194.0-255,1484,200019,12,309177
8636,0.002161,172.217.194.0-255,2184,202203,12,309177
8637,0.002163,172.31.36.0-255,66,202269,12,309177
8638,0.004673,172.217.194.0-255,1484,203753,12,309177
8639,0.004714,172.217.194.0-255,4320,208073,12,309177
8640,0.004719,172.31.36.0-255,66,208139,12,309177
8641,0.00728,172.217.194.0-255,5738,213877,12,309177
8642,0.007287,172.31.36.0-255,66,213943,12,309177
8643,0.009859,172.217.194.0-255,5738,219681,12,309177
8644,0.009865,172.31.36.0-255,66,219747,12,309177
8645,0.012452,172.217.194.0-255,5738,225485,12,309177
8646,0.012459,172.31.36.0-255,66,225551,12,309177
8647,0.01502,172.217.194.0-255,5738,231289,12,309177
8648,0.015026,172.31.36.0-255,66,231355,12,309177
8649,0.017584,172.217.194.0-255,5738,237093,12,309177
8650,0.01759,172.31.36.0-255,66,237159,12,309177
8651,0.020165,172.217.194.0-255,5738,242897,12,309177
8652,0.020174,172.31.36.0-255,66,242963,12,309177
8653,0.022727,172.217.194.0-255,5738,248701,12,309177
8654,0.022735,172.31.36.0-255,66,248767,12,309177
8655,0.025292,172.217.194.0-255,5738,254505,12,309177
8656,0.025299,172.31.36.0-255,66,254571,12,309177
8657,0.027844,172.217.194.0-255,5738,260309,12,309177
8658,0.027853,172.31.36.0-255,66,260375,12,309177
8659,0.03043,172.217.194.0-255,5738,266113,12,309177
8660,0.030437,172.31.36.0-255,66,266179,12,309177
8661,0.033006,172.217.194.0-255,5738,271917,12,309177
8662,0.033015,172.31.36.0-255,66,271983,12,309177
8663,0.035602,172.217.194.0-255,5738,277721,12,309177
8664,0.035613,172.31.36.0-255,66,277787,12,309177
8665,0.038201,172.217.194.0-255,5738,283525,12,309177
8666,0.038216,172.31.36.0-255,66,283591,12,309177
8667,0.040788,172.217.194.0-255,5738,289329,12,309177
8668,0.040803,172.31.36.0-255,66,289395,12,309177
8669,0.043422,172.217.194.0-255,5738,295133,12,309177
8670,0.043437,172.31.36.0-255,66,295199,12,309177
8671,0.045407,172.31.36.0-255,181,295380,12,309177
8672,0.045437,172.31.36.0-255,281,295661,12,309177
8673,0.046023,172.217.194.0-255,5738,301399,12,309177
8674,0.04603,172.31.36.0-255,66,301465,12,309177
8675,0.046891,104.244.42.0-255,66,301531,12,309177
8676,0.046909,104.244.42.0-255,66,301597,12,309177
8677,0.048638,172.217.194.0-255,5738,307335,12,309177
8678,0.048646,172.31.36.0-255,66,307401,12,309177
8679,0.05122,172.217.194.0-255,1539,308940,12,309177
8680,0.051228,172.31.36.0-255,66,309006,12,309177
8681,0.051478,172.31.36.0-255,105,309111,12,309177
8682,0.053994,172.217.194.0-255,66,309177,12,309177
8683,0.0,172.217.194.0-255,146,146,12,285830
8684,1.5e-05,172.31.36.0-255,66,212,12,285830
8685,2.2e-05,172.217.194.0-255,1484,1696,12,285830
8686,2.6e-05,172.31.36.0-255,66,1762,12,285830
8687,3.1e-05,172.217.194.0-255,2902,4664,12,285830
8688,4.3e-05,172.31.36.0-255,66,4730,12,285830
8689,5.1e-05,172.217.194.0-255,7156,11886,12,285830
8690,5.4e-05,172.31.36.0-255,66,11952,12,285830
8691,5.8e-05,172.217.194.0-255,2048,14000,12,285830
8692,6.1e-05,172.31.36.0-255,66,14066,12,285830
8693,0.00012,172.31.36.0-255,66,14132,12,285830
8694,0.000146,172.217.194.0-255,2902,17034,12,285830
8695,0.000149,172.31.36.0-255,66,17100,12,285830
8696,0.000156,172.217.194.0-255,5379,22479,12,285830
8697,0.000158,172.31.36.0-255,66,22545,12,285830
8698,0.000168,172.217.194.0-255,2902,25447,12,285830
8699,0.000171,172.31.36.0-255,66,25513,12,285830
8700,0.0002,172.217.194.0-255,2902,28415,12,285830
8701,0.000202,172.31.36.0-255,66,28481,12,285830
8702,0.000228,172.31.36.0-255,66,28547,12,285830
8703,0.000253,172.217.194.0-255,2543,31090,12,285830
8704,0.000255,172.31.36.0-255,66,31156,12,285830
8705,0.000268,172.31.36.0-255,66,31222,12,285830
8706,0.000274,172.217.194.0-255,5379,36601,12,285830
8707,0.000277,172.31.36.0-255,66,36667,12,285830
8708,0.000308,172.217.194.0-255,378,37045,12,285830
8709,0.000311,172.31.36.0-255,66,37111,12,285830
8710,0.000409,172.217.194.0-255,98,37209,12,285830
8711,0.000414,172.31.36.0-255,66,37275,12,285830
8712,0.000418,172.217.194.0-255,364,37639,12,285830
8713,0.00042,172.31.36.0-255,66,37705,12,285830
8714,0.000635,172.217.194.0-255,1484,39189,12,285830
8715,0.00064,172.31.36.0-255,66,39255,12,285830
8716,0.000646,172.217.194.0-255,2902,42157,12,285830
8717,0.000649,172.31.36.0-255,66,42223,12,285830
8718,0.00066,172.217.194.0-255,4320,46543,12,285830
8719,0.000663,172.31.36.0-255,66,46609,12,285830
8720,0.000689,172.217.194.0-255,1484,48093,12,285830
8721,0.000697,172.217.194.0-255,7156,55249,12,285830
8722,0.000717,172.217.194.0-255,2184,57433,12,285830
8723,0.000729,172.31.36.0-255,66,57499,12,285830
8724,0.000733,172.31.36.0-255,66,57565,12,285830
8725,0.000735,172.31.36.0-255,66,57631,12,285830
8726,0.000738,172.31.36.0-255,66,57697,12,285830
8727,0.001448,172.217.194.0-255,1484,59181,12,285830
8728,0.001453,172.31.36.0-255,66,59247,12,285830
8729,0.001459,172.217.194.0-255,2902,62149,12,285830
8730,0.001462,172.31.36.0-255,66,62215,12,285830
8731,0.001474,172.217.194.0-255,5738,67953,12,285830
8732,0.001476,172.31.36.0-255,66,68019,12,285830
8733,0.00148,172.217.194.0-255,2902,70921,12,285830
8734,0.001482,172.31.36.0-255,66,70987,12,285830
8735,0.001519,172.217.194.0-255,2902,73889,12,285830
8736,0.001521,172.31.36.0-255,66,73955,12,285830
8737,0.00154,172.31.36.0-255,66,74021,12,285830
8738,0.001559,172.217.194.0-255,5020,79041,12,285830
8739,0.001698,172.217.194.0-255,1484,80525,12,285830
8740,0.001706,172.217.194.0-255,2902,83427,12,285830
8741,0.001724,172.217.194.0-255,5738,89165,12,285830
8742,0.001744,172.217.194.0-255,5738,94903,12,285830
8743,0.001784,172.217.194.0-255,4320,99223,12,285830
8744,0.00179,172.217.194.0-255,5020,104243,12,285830
8745,0.00186,172.217.194.0-255,1484,105727,12,285830
8746,0.001866,172.217.194.0-255,2902,108629,12,285830
8747,0.001869,172.217.194.0-255,1484,110113,12,285830
8748,0.001894,172.217.194.0-255,4320,114433,12,285830
8749,0.001901,172.217.194.0-255,5738,120171,12,285830
8750,0.001973,172.217.194.0-255,5020,125191,12,285830
8751,0.002007,172.217.194.0-255,1484,126675,12,285830
8752,0.002012,172.217.194.0-255,2902,129577,12,285830
8753,0.005634,172.31.36.0-255,66,129643,12,285830
8754,0.007691,172.217.194.0-255,5738,135381,12,285830
8755,0.007704,172.31.36.0-255,66,135447,12,285830
8756,0.00973,172.217.194.0-255,5738,141185,12,285830
8757,0.009747,172.31.36.0-255,66,141251,12,285830
8758,0.011755,172.217.194.0-255,5738,146989,12,285830
8759,0.011772,172.31.36.0-255,66,147055,12,285830
8760,0.013794,172.217.194.0-255,5738,152793,12,285830
8761,0.013809,172.31.36.0-255,66,152859,12,285830
8762,0.015868,172.217.194.0-255,5738,158597,12,285830
8763,0.015882,172.31.36.0-255,66,158663,12,285830
8764,0.017899,172.217.194.0-255,5738,164401,12,285830
8765,0.017912,172.31.36.0-255,66,164467,12,285830
8766,0.019929,172.217.194.0-255,5738,170205,12,285830
8767,0.019947,172.31.36.0-255,66,170271,12,285830
8768,0.021966,172.217.194.0-255,5738,176009,12,285830
8769,0.021984,172.31.36.0-255,66,176075,12,285830
8770,0.024044,172.217.194.0-255,5738,181813,12,285830
8771,0.024063,172.31.36.0-255,66,181879,12,285830
8772,0.026094,172.217.194.0-255,5738,187617,12,285830
8773,0.02611,172.31.36.0-255,66,187683,12,285830
8774,0.02814,172.217.194.0-255,5738,193421,12,285830
8775,0.028159,172.31.36.0-255,66,193487,12,285830
8776,0.030182,172.217.194.0-255,5738,199225,12,285830
8777,0.030214,172.31.36.0-255,66,199291,12,285830
8778,0.032235,172.217.194.0-255,5738,205029,12,285830
8779,0.032243,172.31.36.0-255,66,205095,12,285830
8780,0.032953,172.31.36.0-255,176,205271,12,285830
8781,0.032984,172.31.36.0-255,1108,206379,12,285830
8782,0.033042,172.31.36.0-255,1514,207893,12,285830
8783,0.033044,172.31.36.0-255,1514,209407,12,285830
8784,0.033068,172.31.36.0-255,707,210114,12,285830
8785,0.034256,172.217.194.0-255,5738,215852,12,285830
8786,0.034269,172.31.36.0-255,66,215918,12,285830
8787,0.034477,104.244.42.0-255,66,215984,12,285830
8788,0.034515,104.244.42.0-255,66,216050,12,285830
8789,0.034549,104.244.42.0-255,66,216116,12,285830
8790,0.034622,104.244.42.0-255,66,216182,12,285830
8791,0.036309,172.217.194.0-255,5738,221920,12,285830
8792,0.036322,172.31.36.0-255,66,221986,12,285830
8793,0.038338,172.217.194.0-255,5738,227724,12,285830
8794,0.03835,172.31.36.0-255,66,227790,12,285830
8795,0.040377,172.217.194.0-255,5738,233528,12,285830
8796,0.040389,172.31.36.0-255,66,233594,12,285830
8797,0.04239,172.217.194.0-255,5738,239332,12,285830
8798,0.042403,172.31.36.0-255,66,239398,12,285830
8799,0.044424,172.217.194.0-255,5738,245136,12,285830
8800,0.044431,172.31.36.0-255,66,245202,12,285830
8801,0.046436,172.217.194.0-255,5738,250940,12,285830
8802,0.046442,172.31.36.0-255,66,251006,12,285830
8803,0.048454,172.217.194.0-255,5738,256744,12,285830
8804,0.04846,172.31.36.0-255,66,256810,12,285830
8805,0.050486,172.217.194.0-255,5738,262548,12,285830
8806,0.050492,172.31.36.0-255,66,262614,12,285830
8807,0.052523,172.217.194.0-255,5738,268352,12,285830
8808,0.052529,172.31.36.0-255,66,268418,12,285830
8809,0.054563,172.217.194.0-255,5738,274156,12,285830
8810,0.054569,172.31.36.0-255,66,274222,12,285830
8811,0.056594,172.217.194.0-255,5738,279960,12,285830
8812,0.0566,172.31.36.0-255,66,280026,12,285830
8813,0.058627,172.217.194.0-255,5738,285764,12,285830
8814,0.058634,172.31.36.0-255,66,285830,12,285830
8815,0.0,172.31.36.0-255,105,105,12,276
8816,0.001814,157.240.13.0-255,105,210,12,276
8817,0.001826,172.31.36.0-255,66,276,12,276
8818,0.0,172.217.194.0-255,153,153,12,348864
8819,2.5e-05,172.31.36.0-255,66,219,12,348864
8820,3.2e-05,172.217.194.0-255,1484,1703,12,348864
8821,3.7e-05,172.31.36.0-255,66,1769,12,348864
8822,4.5e-05,172.217.194.0-255,2902,4671,12,348864
8823,4.8e-05,172.31.36.0-255,66,4737,12,348864
8824,5.5e-05,172.217.194.0-255,5738,10475,12,348864
8825,5.8e-05,172.31.36.0-255,66,10541,12,348864
8826,8.3e-05,172.217.194.0-255,1484,12025,12,348864
8827,8.6e-05,172.31.36.0-255,66,12091,12,348864
8828,9.5e-05,172.217.194.0-255,6280,18371,12,348864
8829,9.7e-05,172.31.36.0-255,66,18437,12,348864
8830,0.000105,172.217.194.0-255,7156,25593,12,348864
8831,0.000108,172.31.36.0-255,66,25659,12,348864
8832,0.00014,172.217.194.0-255,5379,31038,12,348864
8833,0.000143,172.31.36.0-255,66,31104,12,348864
8834,0.000164,172.217.194.0-255,4320,35424,12,348864
8835,0.000167,172.31.36.0-255,66,35490,12,348864
8836,0.00018,172.217.194.0-255,1484,36974,12,348864
8837,0.000182,172.31.36.0-255,66,37040,12,348864
8838,0.000188,172.217.194.0-255,4320,41360,12,348864
8839,0.00019,172.31.36.0-255,66,41426,12,348864
8840,0.000228,172.217.194.0-255,5738,47164,12,348864
8841,0.00023,172.31.36.0-255,66,47230,12,348864
8842,0.000245,172.217.194.0-255,1125,48355,12,348864
8843,0.000247,172.31.36.0-255,66,48421,12,348864
8844,0.000284,172.217.194.0-255,1484,49905,12,348864
8845,0.000287,172.31.36.0-255,66,49971,12,348864
8846,0.000292,172.217.194.0-255,2902,52873,12,348864
8847,0.000294,172.31.36.0-255,66,52939,12,348864
8848,0.000298,172.217.194.0-255,1484,54423,12,348864
8849,0.0003,172.31.36.0-255,66,54489,12,348864
8850,0.000324,172.217.194.0-255,4320,58809,12,348864
8851,0.000327,172.31.36.0-255,66,58875,12,348864
8852,0.000335,172.217.194.0-255,6797,65672,12,348864
8853,0.000337,172.31.36.0-255,66,65738,12,348864
8854,0.000422,172.217.194.0-255,646,66384,12,348864
8855,0.000603,172.217.194.0-255,1484,67868,12,348864
8856,0.00061,172.31.36.0-255,66,67934,12,348864
8857,0.000616,172.217.194.0-255,2902,70836,12,348864
8858,0.000619,172.31.36.0-255,66,70902,12,348864
8859,0.000624,172.217.194.0-255,2902,73804,12,348864
8860,0.000626,172.31.36.0-255,66,73870,12,348864
8861,0.000646,172.217.194.0-255,2902,76772,12,348864
8862,0.000649,172.31.36.0-255,66,76838,12,348864
8863,0.000656,172.217.194.0-255,7156,83994,12,348864
8864,0.000658,172.31.36.0-255,66,84060,12,348864
8865,0.000679,172.217.194.0-255,4320,88380,12,348864
8866,0.000682,172.31.36.0-255,66,88446,12,348864
8867,0.000702,172.217.194.0-255,2902,91348,12,348864
8868,0.000704,172.31.36.0-255,66,91414,12,348864
8869,0.000731,172.31.36.0-255,66,91480,12,348864
8870,0.000812,172.217.194.0-255,1484,92964,12,348864
8871,0.000819,172.217.194.0-255,2902,95866,12,348864
8872,0.000823,172.31.36.0-255,66,95932,12,348864
8873,0.000828,172.217.194.0-255,2902,98834,12,348864
8874,0.00083,172.31.36.0-255,66,98900,12,348864
8875,0.000843,172.217.194.0-255,2902,101802,12,348864
8876,0.000845,172.31.36.0-255,66,101868,12,348864
8877,0.00089,172.217.194.0-255,4320,106188,12,348864
8878,0.000894,172.31.36.0-255,66,106254,12,348864
8879,0.000925,172.217.194.0-255,1879,108133,12,348864
8880,0.000928,172.31.36.0-255,66,108199,12,348864
8881,0.000932,172.217.194.0-255,198,108397,12,348864
8882,0.001082,172.217.194.0-255,1484,109881,12,348864
8883,0.001087,172.31.36.0-255,66,109947,12,348864
8884,0.001093,172.217.194.0-255,2902,112849,12,348864
8885,0.001096,172.31.36.0-255,66,112915,12,348864
8886,0.001125,172.217.194.0-255,5738,118653,12,348864
8887,0.001127,172.31.36.0-255,66,118719,12,348864
8888,0.001147,172.217.194.0-255,5738,124457,12,348864
8889,0.00115,172.31.36.0-255,66,124523,12,348864
8890,0.001155,172.217.194.0-255,2902,127425,12,348864
8891,0.001157,172.31.36.0-255,66,127491,12,348864
8892,0.001177,172.217.194.0-255,4320,131811,12,348864
8893,0.00118,172.31.36.0-255,66,131877,12,348864
8894,0.001191,172.217.194.0-255,1484,133361,12,348864
8895,0.001219,172.31.36.0-255,66,133427,12,348864
8896,0.001376,172.217.194.0-255,1484,134911,12,348864
8897,0.001396,172.217.194.0-255,2902,137813,12,348864
8898,0.0014,172.31.36.0-255,66,137879,12,348864
8899,0.001408,172.217.194.0-255,5738,143617,12,348864
8900,0.001411,172.31.36.0-255,66,143683,12,348864
8901,0.001467,172.31.36.0-255,66,143749,12,348864
8902,0.001474,172.217.194.0-255,5738,149487,12,348864
8903,0.001477,172.31.36.0-255,66,149553,12,348864
8904,0.001537,172.217.194.0-255,5020,154573,12,348864
8905,0.00154,172.31.36.0-255,66,154639,12,348864
8906,0.001897,172.217.194.0-255,1484,156123,12,348864
8907,0.001903,172.217.194.0-255,1484,157607,12,348864
8908,0.001908,172.31.36.0-255,66,157673,12,348864
8909,0.001912,172.217.194.0-255,1484,159157,12,348864
8910,0.001924,172.217.194.0-255,1484,160641,12,348864
8911,0.001927,172.31.36.0-255,66,160707,12,348864
8912,0.001931,172.217.194.0-255,1484,162191,12,348864
8913,0.001955,172.217.194.0-255,4320,166511,12,348864
8914,0.001958,172.31.36.0-255,66,166577,12,348864
8915,0.001988,172.31.36.0-255,66,166643,12,348864
8916,0.002028,172.217.194.0-255,4320,170963,12,348864
8917,0.002033,172.31.36.0-255,66,171029,12,348864
8918,0.002058,172.217.194.0-255,6438,177467,12,348864
8919,0.002061,172.31.36.0-255,66,177533,12,348864
8920,0.002254,172.217.194.0-255,1484,179017,12,348864
8921,0.00226,172.217.194.0-255,1484,180501,12,348864
8922,0.002264,172.31.36.0-255,66,180567,12,348864
8923,0.002282,172.217.194.0-255,1484,182051,12,348864
8924,0.002289,172.217.194.0-255,5738,187789,12,348864
8925,0.002319,172.217.194.0-255,1484,189273,12,348864
8926,0.002359,172.217.194.0-255,7156,196429,12,348864
8927,0.002371,172.31.36.0-255,66,196495,12,348864
8928,0.00238,172.217.194.0-255,4320,200815,12,348864
8929,0.002385,172.217.194.0-255,3602,204417,12,348864
8930,0.002392,172.31.36.0-255,66,204483,12,348864
8931,0.002403,172.217.194.0-255,4320,208803,12,348864
8932,0.002482,172.217.194.0-255,6438,215241,12,348864
8933,0.0025,172.31.36.0-255,66,215307,12,348864
8934,0.002539,172.217.194.0-255,1484,216791,12,348864
8935,0.002558,172.217.194.0-255,2902,219693,12,348864
8936,0.002564,172.31.36.0-255,66,219759,12,348864
8937,0.002583,172.217.194.0-255,5738,225497,12,348864
8938,0.002591,172.217.194.0-255,5738,231235,12,348864
8939,0.002607,172.217.194.0-255,4320,235555,12,348864
8940,0.002614,172.31.36.0-255,66,235621,12,348864
8941,0.005167,172.217.194.0-255,5738,241359,12,348864
8942,0.005174,172.31.36.0-255,66,241425,12,348864
8943,0.007758,172.217.194.0-255,5738,247163,12,348864
8944,0.007766,172.31.36.0-255,66,247229,12,348864
8945,0.010334,172.217.194.0-255,5738,252967,12,348864
8946,0.010338,172.31.36.0-255,66,253033,12,348864
8947,0.012908,172.217.194.0-255,5738,258771,12,348864
8948,0.012918,172.31.36.0-255,66,258837,12,348864
8949,0.015498,172.217.194.0-255,5738,264575,12,348864
8950,0.015506,172.31.36.0-255,66,264641,12,348864
8951,0.018106,172.217.194.0-255,5738,270379,12,348864
8952,0.018116,172.31.36.0-255,66,270445,12,348864
8953,0.020679,172.217.194.0-255,5738,276183,12,348864
8954,0.020691,172.31.36.0-255,66,276249,12,348864
8955,0.023252,172.217.194.0-255,5738,281987,12,348864
8956,0.023261,172.31.36.0-255,66,282053,12,348864
8957,0.025852,172.217.194.0-255,5738,287791,12,348864
8958,0.025861,172.31.36.0-255,66,287857,12,348864
8959,0.028502,172.217.194.0-255,5738,293595,12,348864
8960,0.02851,172.31.36.0-255,66,293661,12,348864
8961,0.031079,172.217.194.0-255,5738,299399,12,348864
8962,0.031087,172.31.36.0-255,66,299465,12,348864
8963,0.033677,172.217.194.0-255,5738,305203,12,348864
8964,0.033685,172.31.36.0-255,66,305269,12,348864
8965,0.034158,172.31.36.0-255,172,305441,12,348864
8966,0.034188,172.31.36.0-255,1109,306550,12,348864
8967,0.034249,172.31.36.0-255,1514,308064,12,348864
8968,0.034251,172.31.36.0-255,1298,309362,12,348864
8969,0.035712,104.244.42.0-255,66,309428,12,348864
8970,0.035741,104.244.42.0-255,66,309494,12,348864
8971,0.035864,104.244.42.0-255,66,309560,12,348864
8972,0.036258,172.217.194.0-255,5738,315298,12,348864
8973,0.036265,172.31.36.0-255,66,315364,12,348864
8974,0.038845,172.217.194.0-255,5738,321102,12,348864
8975,0.038853,172.31.36.0-255,66,321168,12,348864
8976,0.041414,172.217.194.0-255,5738,326906,12,348864
8977,0.041424,172.31.36.0-255,66,326972,12,348864
8978,0.043986,172.217.194.0-255,5738,332710,12,348864
8979,0.043993,172.31.36.0-255,66,332776,12,348864
8980,0.046581,172.217.194.0-255,5738,338514,12,348864
8981,0.046589,172.31.36.0-255,66,338580,12,348864
8982,0.04917,172.217.194.0-255,5738,344318,12,348864
8983,0.049178,172.31.36.0-255,66,344384,12,348864
8984,0.051786,172.217.194.0-255,4243,348627,12,348864
8985,0.051799,172.31.36.0-255,66,348693,12,348864
8986,0.052247,172.31.36.0-255,105,348798,12,348864
8987,0.05477,172.217.194.0-255,66,348864,12,348864
8988,0.0,74.125.24.0-255,150,150,12,252901
8989,3e-05,172.31.36.0-255,66,216,12,252901
8990,3.7e-05,74.125.24.0-255,1484,1700,12,252901
8991,4.3e-05,172.31.36.0-255,66,1766,12,252901
8992,5.5e-05,74.125.24.0-255,2902,4668,12,252901
8993,5.9e-05,172.31.36.0-255,66,4734,12,252901
8994,6.7e-05,74.125.24.0-255,7156,11890,12,252901
8995,6.9e-05,172.31.36.0-255,66,11956,12,252901
8996,7.4e-05,74.125.24.0-255,2039,13995,12,252901
8997,7.6e-05,172.31.36.0-255,66,14061,12,252901
8998,8.1e-05,74.125.24.0-255,2902,16963,12,252901
8999,8.4e-05,172.31.36.0-255,66,17029,12,252901
9000,0.000115,74.125.24.0-255,7156,24185,12,252901
9001,0.000119,172.31.36.0-255,66,24251,12,252901
9002,0.000154,74.125.24.0-255,6797,31048,12,252901
9003,0.000158,172.31.36.0-255,66,31114,12,252901
9004,0.000256,74.125.24.0-255,1484,32598,12,252901
9005,0.00026,172.31.36.0-255,66,32664,12,252901
9006,0.000265,74.125.24.0-255,2902,35566,12,252901
9007,0.000267,172.31.36.0-255,66,35632,12,252901
9008,0.00027,74.125.24.0-255,1484,37116,12,252901
9009,0.000272,172.31.36.0-255,66,37182,12,252901
9010,0.000306,74.125.24.0-255,4320,41502,12,252901
9011,0.000311,172.31.36.0-255,66,41568,12,252901
9012,0.000345,172.31.36.0-255,66,41634,12,252901
9013,0.000359,74.125.24.0-255,2543,44177,12,252901
9014,0.000362,172.31.36.0-255,66,44243,12,252901
9015,0.00038,172.31.36.0-255,66,44309,12,252901
9016,0.000514,74.125.24.0-255,1484,45793,12,252901
9017,0.000521,172.31.36.0-255,66,45859,12,252901
9018,0.000528,74.125.24.0-255,2902,48761,12,252901
9019,0.00053,172.31.36.0-255,66,48827,12,252901
9020,0.000538,74.125.24.0-255,1484,50311,12,252901
9021,0.000569,74.125.24.0-255,4320,54631,12,252901
9022,0.000573,172.31.36.0-255,66,54697,12,252901
9023,0.00058,74.125.24.0-255,6247,60944,12,252901
9024,0.000583,172.31.36.0-255,66,61010,12,252901
9025,0.000605,74.125.24.0-255,2902,63912,12,252901
9026,0.000608,172.31.36.0-255,66,63978,12,252901
9027,0.000641,74.125.24.0-255,4320,68298,12,252901
9028,0.000649,172.31.36.0-255,66,68364,12,252901
9029,0.000653,74.125.24.0-255,1125,69489,12,252901
9030,0.000655,172.31.36.0-255,66,69555,12,252901
9031,0.00078,74.125.24.0-255,1484,71039,12,252901
9032,0.000785,74.125.24.0-255,2902,73941,12,252901
9033,0.000785,172.31.36.0-255,66,74007,12,252901
9034,0.000789,172.31.36.0-255,66,74073,12,252901
9035,0.000796,74.125.24.0-255,4320,78393,12,252901
9036,0.000799,172.31.36.0-255,66,78459,12,252901
9037,0.000818,74.125.24.0-255,1484,79943,12,252901
9038,0.000824,74.125.24.0-255,4320,84263,12,252901
9039,0.000831,172.31.36.0-255,66,84329,12,252901
9040,0.000854,172.31.36.0-255,66,84395,12,252901
9041,0.00088,172.31.36.0-255,66,84461,12,252901
9042,0.000915,74.125.24.0-255,1484,85945,12,252901
9043,0.000919,74.125.24.0-255,1484,87429,12,252901
9044,0.000926,172.31.36.0-255,66,87495,12,252901
9045,0.00093,74.125.24.0-255,1484,88979,12,252901
9046,0.000934,74.125.24.0-255,2902,91881,12,252901
9047,0.000942,172.31.36.0-255,66,91947,12,252901
9048,0.000968,74.125.24.0-255,2902,94849,12,252901
9049,0.000974,74.125.24.0-255,4320,99169,12,252901
9050,0.000976,172.31.36.0-255,66,99235,12,252901
9051,0.000982,172.31.36.0-255,66,99301,12,252901
9052,0.001008,172.31.36.0-255,66,99367,12,252901
9053,0.001032,172.31.36.0-255,66,99433,12,252901
9054,0.00107,74.125.24.0-255,4320,103753,12,252901
9055,0.00108,172.31.36.0-255,66,103819,12,252901
9056,0.001088,74.125.24.0-255,5738,109557,12,252901
9057,0.001098,172.31.36.0-255,66,109623,12,252901
9058,0.00112,74.125.24.0-255,6797,116420,12,252901
9059,0.001133,172.31.36.0-255,66,116486,12,252901
9060,0.001841,74.125.24.0-255,1484,117970,12,252901
9061,0.001853,74.125.24.0-255,2902,120872,12,252901
9062,0.001857,172.31.36.0-255,66,120938,12,252901
9063,0.001881,74.125.24.0-255,5738,126676,12,252901
9064,0.001884,172.31.36.0-255,66,126742,12,252901
9065,0.001891,74.125.24.0-255,7156,133898,12,252901
9066,0.001893,172.31.36.0-255,66,133964,12,252901
9067,0.001943,172.31.36.0-255,66,134030,12,252901
9068,0.001948,74.125.24.0-255,2184,136214,12,252901
9069,0.00195,172.31.36.0-255,66,136280,12,252901
9070,0.001992,172.31.36.0-255,66,136346,12,252901
9071,0.002005,172.31.36.0-255,66,136412,12,252901
9072,0.006763,172.31.36.0-255,66,136478,12,252901
9073,0.009324,74.125.24.0-255,5738,142216,12,252901
9074,0.009333,172.31.36.0-255,66,142282,12,252901
9075,0.011893,74.125.24.0-255,5738,148020,12,252901
9076,0.011901,172.31.36.0-255,66,148086,12,252901
9077,0.014464,74.125.24.0-255,5738,153824,12,252901
9078,0.014473,172.31.36.0-255,66,153890,12,252901
9079,0.017041,74.125.24.0-255,5738,159628,12,252901
9080,0.017049,172.31.36.0-255,66,159694,12,252901
9081,0.019599,74.125.24.0-255,5738,165432,12,252901
9082,0.019608,172.31.36.0-255,66,165498,12,252901
9083,0.022145,74.125.24.0-255,5738,171236,12,252901
9084,0.022152,172.31.36.0-255,66,171302,12,252901
9085,0.024697,74.125.24.0-255,5738,177040,12,252901
9086,0.024704,172.31.36.0-255,66,177106,12,252901
9087,0.027254,74.125.24.0-255,5738,182844,12,252901
9088,0.027262,172.31.36.0-255,66,182910,12,252901
9089,0.029808,74.125.24.0-255,5738,188648,12,252901
9090,0.029815,172.31.36.0-255,66,188714,12,252901
9091,0.032369,74.125.24.0-255,5738,194452,12,252901
9092,0.032377,172.31.36.0-255,66,194518,12,252901
9093,0.033648,172.31.36.0-255,172,194690,12,252901
9094,0.033677,172.31.36.0-255,1107,195797,12,252901
9095,0.033719,172.31.36.0-255,1514,197311,12,252901
9096,0.03372,172.31.36.0-255,1300,198611,12,252901
9097,0.034945,74.125.24.0-255,4320,202931,12,252901
9098,0.034951,172.31.36.0-255,66,202997,12,252901
9099,0.034986,74.125.24.0-255,1484,204481,12,252901
9100,0.035207,104.244.42.0-255,66,204547,12,252901
9101,0.035243,104.244.42.0-255,66,204613,12,252901
9102,0.035303,104.244.42.0-255,66,204679,12,252901
9103,0.036691,104.244.42.0-255,108,204787,12,252901
9104,0.036727,172.31.36.0-255,66,204853,12,252901
9105,0.037497,74.125.24.0-255,2902,207755,12,252901
9106,0.037501,172.31.36.0-255,66,207821,12,252901
9107,0.040059,74.125.24.0-255,5738,213559,12,252901
9108,0.040065,172.31.36.0-255,66,213625,12,252901
9109,0.042631,74.125.24.0-255,4320,217945,12,252901
9110,0.042636,172.31.36.0-255,66,218011,12,252901
9111,0.042668,74.125.24.0-255,1484,219495,12,252901
9112,0.045177,74.125.24.0-255,4320,223815,12,252901
9113,0.045183,172.31.36.0-255,66,223881,12,252901
9114,0.047736,74.125.24.0-255,5738,229619,12,252901
9115,0.047742,172.31.36.0-255,66,229685,12,252901
9116,0.050283,74.125.24.0-255,5738,235423,12,252901
9117,0.050288,172.31.36.0-255,66,235489,12,252901
9118,0.052866,74.125.24.0-255,5738,241227,12,252901
9119,0.052871,172.31.36.0-255,66,241293,12,252901
9120,0.055412,74.125.24.0-255,5738,247031,12,252901
9121,0.055419,172.31.36.0-255,66,247097,12,252901
9122,0.057978,74.125.24.0-255,5738,252835,12,252901
9123,0.057984,172.31.36.0-255,66,252901,12,252901
9124,0.0,172.217.24.0-255,146,146,12,245451
9125,3.6e-05,172.31.36.0-255,66,212,12,245451
9126,4.4e-05,172.217.24.0-255,1484,1696,12,245451
9127,4.8e-05,172.31.36.0-255,66,1762,12,245451
9128,5.4e-05,172.217.24.0-255,2902,4664,12,245451
9129,5.6e-05,172.31.36.0-255,66,4730,12,245451
9130,6.4e-05,172.217.24.0-255,7156,11886,12,245451
9131,6.7e-05,172.31.36.0-255,66,11952,12,245451
9132,7e-05,172.217.24.0-255,1976,13928,12,245451
9133,7.3e-05,172.31.36.0-255,66,13994,12,245451
9134,7.7e-05,172.217.24.0-255,2902,16896,12,245451
9135,7.9e-05,172.31.36.0-255,66,16962,12,245451
9136,8.6e-05,172.217.24.0-255,7156,24118,12,245451
9137,8.9e-05,172.31.36.0-255,66,24184,12,245451
9138,9.2e-05,172.217.24.0-255,1484,25668,12,245451
9139,9.5e-05,172.31.36.0-255,66,25734,12,245451
9140,0.00012,172.217.24.0-255,5379,31113,12,245451
9141,0.000123,172.31.36.0-255,66,31179,12,245451
9142,0.000234,172.217.24.0-255,1484,32663,12,245451
9143,0.000238,172.31.36.0-255,66,32729,12,245451
9144,0.000242,172.217.24.0-255,1484,34213,12,245451
9145,0.000245,172.31.36.0-255,66,34279,12,245451
9146,0.00025,172.217.24.0-255,2902,37181,12,245451
9147,0.000255,172.31.36.0-255,66,37247,12,245451
9148,0.000263,172.217.24.0-255,5738,42985,12,245451
9149,0.000265,172.31.36.0-255,66,43051,12,245451
9150,0.000302,172.31.36.0-255,66,43117,12,245451
9151,0.000321,172.217.24.0-255,2543,45660,12,245451
9152,0.000323,172.31.36.0-255,66,45726,12,245451
9153,0.000337,172.31.36.0-255,66,45792,12,245451
9154,0.000575,172.217.24.0-255,396,46188,12,245451
9155,0.00058,172.31.36.0-255,66,46254,12,245451
9156,0.001131,172.217.24.0-255,114,46368,12,245451
9157,0.001138,172.31.36.0-255,66,46434,12,245451
9158,0.001178,172.217.24.0-255,1484,47918,12,245451
9159,0.001181,172.31.36.0-255,66,47984,12,245451
9160,0.001185,172.217.24.0-255,1484,49468,12,245451
9161,0.001187,172.31.36.0-255,66,49534,12,245451
9162,0.001201,172.217.24.0-255,1484,51018,12,245451
9163,0.001203,172.31.36.0-255,66,51084,12,245451
9164,0.001209,172.217.24.0-255,4320,55404,12,245451
9165,0.001211,172.31.36.0-255,66,55470,12,245451
9166,0.001215,172.217.24.0-255,1484,56954,12,245451
9167,0.001217,172.31.36.0-255,66,57020,12,245451
9168,0.001245,172.217.24.0-255,7156,64176,12,245451
9169,0.001248,172.31.36.0-255,66,64242,12,245451
9170,0.001251,172.217.24.0-255,1484,65726,12,245451
9171,0.001253,172.31.36.0-255,66,65792,12,245451
9172,0.001285,172.31.36.0-255,66,65858,12,245451
9173,0.001383,172.217.24.0-255,2184,68042,12,245451
9174,0.001387,172.31.36.0-255,66,68108,12,245451
9175,0.003255,172.217.24.0-255,2902,71010,12,245451
9176,0.003261,172.31.36.0-255,66,71076,12,245451
9177,0.003276,172.217.24.0-255,2902,73978,12,245451
9178,0.003278,172.31.36.0-255,66,74044,12,245451
9179,0.005149,172.217.24.0-255,2902,76946,12,245451
9180,0.005151,172.31.36.0-255,66,77012,12,245451
9181,0.005168,172.217.24.0-255,2902,79914,12,245451
9182,0.00517,172.31.36.0-255,66,79980,12,245451
9183,0.007041,172.217.24.0-255,5738,85718,12,245451
9184,0.007063,172.31.36.0-255,66,85784,12,245451
9185,0.008958,172.217.24.0-255,5738,91522,12,245451
9186,0.008965,172.31.36.0-255,66,91588,12,245451
9187,0.010865,172.217.24.0-255,5738,97326,12,245451
9188,0.010873,172.31.36.0-255,66,97392,12,245451
9189,0.012771,172.217.24.0-255,5738,103130,12,245451
9190,0.012778,172.31.36.0-255,66,103196,12,245451
9191,0.014684,172.217.24.0-255,5738,108934,12,245451
9192,0.014691,172.31.36.0-255,66,109000,12,245451
9193,0.016591,172.217.24.0-255,5738,114738,12,245451
9194,0.0166,172.31.36.0-255,66,114804,12,245451
9195,0.018501,172.217.24.0-255,5738,120542,12,245451
9196,0.01851,172.31.36.0-255,66,120608,12,245451
9197,0.020418,172.217.24.0-255,5738,126346,12,245451
9198,0.02043,172.31.36.0-255,66,126412,12,245451
9199,0.022336,172.217.24.0-255,5738,132150,12,245451
9200,0.022347,172.31.36.0-255,66,132216,12,245451
9201,0.024262,172.217.24.0-255,5738,137954,12,245451
9202,0.024275,172.31.36.0-255,66,138020,12,245451
9203,0.026181,172.217.24.0-255,5738,143758,12,245451
9204,0.026191,172.31.36.0-255,66,143824,12,245451
9205,0.028092,172.217.24.0-255,5738,149562,12,245451
9206,0.0281,172.31.36.0-255,66,149628,12,245451
9207,0.029996,172.217.24.0-255,5738,155366,12,245451
9208,0.030003,172.31.36.0-255,66,155432,12,245451
9209,0.030786,172.31.36.0-255,192,155624,12,245451
9210,0.030815,172.31.36.0-255,952,156576,12,245451
9211,0.030868,172.31.36.0-255,1514,158090,12,245451
9212,0.03087,172.31.36.0-255,1455,159545,12,245451
9213,0.031921,172.217.24.0-255,5738,165283,12,245451
9214,0.03193,172.31.36.0-255,66,165349,12,245451
9215,0.032341,104.244.42.0-255,66,165415,12,245451
9216,0.032348,104.244.42.0-255,66,165481,12,245451
9217,0.032475,104.244.42.0-255,66,165547,12,245451
9218,0.03384,172.217.24.0-255,5738,171285,12,245451
9219,0.033854,172.31.36.0-255,66,171351,12,245451
9220,0.03576,172.217.24.0-255,5738,177089,12,245451
9221,0.035773,172.31.36.0-255,66,177155,12,245451
9222,0.037673,172.217.24.0-255,5738,182893,12,245451
9223,0.037682,172.31.36.0-255,66,182959,12,245451
9224,0.039575,172.217.24.0-255,5738,188697,12,245451
9225,0.039581,172.31.36.0-255,66,188763,12,245451
9226,0.041472,172.217.24.0-255,5738,194501,12,245451
9227,0.041478,172.31.36.0-255,66,194567,12,245451
9228,0.043359,172.217.24.0-255,4320,198887,12,245451
9229,0.043366,172.31.36.0-255,66,198953,12,245451
9230,0.043392,172.217.24.0-255,1484,200437,12,245451
9231,0.045254,172.217.24.0-255,4320,204757,12,245451
9232,0.045259,172.31.36.0-255,66,204823,12,245451
9233,0.047151,172.217.24.0-255,5738,210561,12,245451
9234,0.047725,172.31.36.0-255,66,210627,12,245451
9235,0.049628,172.217.24.0-255,5738,216365,12,245451
9236,0.049634,172.31.36.0-255,66,216431,12,245451
9237,0.051547,172.217.24.0-255,5738,222169,12,245451
9238,0.051557,172.31.36.0-255,66,222235,12,245451
9239,0.053503,172.217.24.0-255,5738,227973,12,245451
9240,0.053512,172.31.36.0-255,66,228039,12,245451
9241,0.055406,172.217.24.0-255,5738,233777,12,245451
9242,0.055415,172.31.36.0-255,66,233843,12,245451
9243,0.057308,172.217.24.0-255,5738,239581,12,245451
9244,0.057315,172.31.36.0-255,66,239647,12,245451
9245,0.059208,172.217.24.0-255,5738,245385,12,245451
9246,0.059216,172.31.36.0-255,66,245451,12,245451
9247,0.0,172.217.194.0-255,152,152,12,235373
9248,1.7e-05,172.31.36.0-255,66,218,12,235373
9249,2.5e-05,172.217.194.0-255,1484,1702,12,235373
9250,3e-05,172.31.36.0-255,66,1768,12,235373
9251,4.3e-05,172.217.194.0-255,2902,4670,12,235373
9252,4.6e-05,172.31.36.0-255,66,4736,12,235373
9253,5.6e-05,172.217.194.0-255,7156,11892,12,235373
9254,5.9e-05,172.31.36.0-255,66,11958,12,235373
9255,9.5e-05,172.217.194.0-255,2057,14015,12,235373
9256,9.8e-05,172.31.36.0-255,66,14081,12,235373
9257,0.000103,172.217.194.0-255,2902,16983,12,235373
9258,0.000105,172.31.36.0-255,66,17049,12,235373
9259,0.000144,172.31.36.0-255,66,17115,12,235373
9260,0.000216,172.217.194.0-255,5379,22494,12,235373
9261,0.00022,172.31.36.0-255,66,22560,12,235373
9262,0.000265,172.217.194.0-255,5738,28298,12,235373
9263,0.000268,172.31.36.0-255,66,28364,12,235373
9264,0.000297,172.217.194.0-255,5738,34102,12,235373
9265,0.0003,172.31.36.0-255,66,34168,12,235373
9266,0.000382,172.31.36.0-255,66,34234,12,235373
9267,0.000417,172.31.36.0-255,66,34300,12,235373
9268,0.000536,172.217.194.0-255,4288,38588,12,235373
9269,0.00054,172.31.36.0-255,66,38654,12,235373
9270,0.000544,172.217.194.0-255,383,39037,12,235373
9271,0.000547,172.31.36.0-255,66,39103,12,235373
9272,0.000578,172.217.194.0-255,7156,46259,12,235373
9273,0.000581,172.31.36.0-255,66,46325,12,235373
9274,0.000639,172.217.194.0-255,5738,52063,12,235373
9275,0.000643,172.31.36.0-255,66,52129,12,235373
9276,0.000687,172.31.36.0-255,66,52195,12,235373
9277,0.000796,172.217.194.0-255,5738,57933,12,235373
9278,0.000813,172.217.194.0-255,5379,63312,12,235373
9279,0.000821,172.31.36.0-255,66,63378,12,235373
9280,0.001383,172.217.194.0-255,1484,64862,12,235373
9281,0.001389,172.217.194.0-255,2902,67764,12,235373
9282,0.001392,172.31.36.0-255,66,67830,12,235373
9283,0.001396,172.217.194.0-255,1484,69314,12,235373
9284,0.001425,172.217.194.0-255,4320,73634,12,235373
9285,0.001443,172.31.36.0-255,66,73700,12,235373
9286,0.00147,172.217.194.0-255,5738,79438,12,235373
9287,0.001478,172.31.36.0-255,66,79504,12,235373
9288,0.00151,172.217.194.0-255,4320,83824,12,235373
9289,0.001516,172.31.36.0-255,66,83890,12,235373
9290,0.001556,172.31.36.0-255,66,83956,12,235373
9291,0.001621,172.217.194.0-255,2902,86858,12,235373
9292,0.001625,172.31.36.0-255,66,86924,12,235373
9293,0.00164,172.217.194.0-255,2184,89108,12,235373
9294,0.001653,172.31.36.0-255,66,89174,12,235373
9295,0.001681,172.217.194.0-255,5738,94912,12,235373
9296,0.001687,172.31.36.0-255,66,94978,12,235373
9297,0.001719,172.217.194.0-255,1484,96462,12,235373
9298,0.001759,172.31.36.0-255,66,96528,12,235373
9299,0.001836,172.217.194.0-255,4320,100848,12,235373
9300,0.001844,172.31.36.0-255,66,100914,12,235373
9301,0.001913,172.31.36.0-255,66,100980,12,235373
9302,0.001972,172.217.194.0-255,1484,102464,12,235373
9303,0.001992,172.217.194.0-255,4320,106784,12,235373
9304,0.001995,172.31.36.0-255,66,106850,12,235373
9305,0.002043,172.31.36.0-255,66,106916,12,235373
9306,0.00216,172.217.194.0-255,4320,111236,12,235373
9307,0.002163,172.31.36.0-255,66,111302,12,235373
9308,0.002204,172.31.36.0-255,66,111368,12,235373
9309,0.002597,172.217.194.0-255,5738,117106,12,235373
9310,0.002677,172.217.194.0-255,5020,122126,12,235373
9311,0.006394,172.31.36.0-255,66,122192,12,235373
9312,0.008683,172.217.194.0-255,5738,127930,12,235373
9313,0.00869,172.31.36.0-255,66,127996,12,235373
9314,0.010939,172.217.194.0-255,5738,133734,12,235373
9315,0.010947,172.31.36.0-255,66,133800,12,235373
9316,0.013225,172.217.194.0-255,5738,139538,12,235373
9317,0.014339,172.31.36.0-255,66,139604,12,235373
9318,0.016597,172.217.194.0-255,5738,145342,12,235373
9319,0.01661,172.31.36.0-255,66,145408,12,235373
9320,0.018903,172.217.194.0-255,5738,151146,12,235373
9321,0.018912,172.31.36.0-255,66,151212,12,235373
9322,0.021152,172.217.194.0-255,5738,156950,12,235373
9323,0.021159,172.31.36.0-255,66,157016,12,235373
9324,0.023466,172.217.194.0-255,5738,162754,12,235373
9325,0.023473,172.31.36.0-255,66,162820,12,235373
9326,0.025744,172.217.194.0-255,5738,168558,12,235373
9327,0.025753,172.31.36.0-255,66,168624,12,235373
9328,0.028077,172.217.194.0-255,5738,174362,12,235373
9329,0.028084,172.31.36.0-255,66,174428,12,235373
9330,0.030392,172.217.194.0-255,5738,180166,12,235373
9331,0.030399,172.31.36.0-255,66,180232,12,235373
9332,0.03246,172.31.36.0-255,172,180404,12,235373
9333,0.032491,172.31.36.0-255,1109,181513,12,235373
9334,0.032554,172.31.36.0-255,1514,183027,12,235373
9335,0.032556,172.31.36.0-255,1300,184327,12,235373
9336,0.032647,172.217.194.0-255,4320,188647,12,235373
9337,0.032652,172.31.36.0-255,66,188713,12,235373
9338,0.032673,172.217.194.0-255,1484,190197,12,235373
9339,0.033986,104.244.42.0-255,66,190263,12,235373
9340,0.034037,104.244.42.0-255,66,190329,12,235373
9341,0.034082,104.244.42.0-255,66,190395,12,235373
9342,0.034737,104.244.42.0-255,108,190503,12,235373
9343,0.034743,172.31.36.0-255,66,190569,12,235373
9344,0.034945,172.217.194.0-255,2902,193471,12,235373
9345,0.034951,172.31.36.0-255,66,193537,12,235373
9346,0.037212,172.217.194.0-255,5738,199275,12,235373
9347,0.037265,172.31.36.0-255,66,199341,12,235373
9348,0.039559,172.217.194.0-255,5738,205079,12,235373
9349,0.039566,172.31.36.0-255,66,205145,12,235373
9350,0.041829,172.217.194.0-255,5738,210883,12,235373
9351,0.041835,172.31.36.0-255,66,210949,12,235373
9352,0.044126,172.217.194.0-255,5738,216687,12,235373
9353,0.044134,172.31.36.0-255,66,216753,12,235373
9354,0.046402,172.217.194.0-255,5738,222491,12,235373
9355,0.046408,172.31.36.0-255,66,222557,12,235373
9356,0.04868,172.217.194.0-255,4320,226877,12,235373
9357,0.048687,172.31.36.0-255,66,226943,12,235373
9358,0.048713,172.217.194.0-255,1484,228427,12,235373
9359,0.050939,172.217.194.0-255,4320,232747,12,235373
9360,0.050945,172.31.36.0-255,66,232813,12,235373
9361,0.053244,172.217.194.0-255,2323,235136,12,235373
9362,0.053252,172.31.36.0-255,66,235202,12,235373
9363,0.053437,172.31.36.0-255,105,235307,12,235373
9364,0.055659,172.217.194.0-255,66,235373,12,235373
9365,0.0,74.125.24.0-255,153,153,12,290143
9366,2.1e-05,172.31.36.0-255,66,219,12,290143
9367,2.7e-05,74.125.24.0-255,1484,1703,12,290143
9368,3.2e-05,172.31.36.0-255,66,1769,12,290143
9369,3.8e-05,74.125.24.0-255,2902,4671,12,290143
9370,4.2e-05,172.31.36.0-255,66,4737,12,290143
9371,5e-05,74.125.24.0-255,5738,10475,12,290143
9372,5.3e-05,172.31.36.0-255,66,10541,12,290143
9373,7.8e-05,74.125.24.0-255,1484,12025,12,290143
9374,8.1e-05,172.31.36.0-255,66,12091,12,290143
9375,8.8e-05,74.125.24.0-255,4888,16979,12,290143
9376,9e-05,172.31.36.0-255,66,17045,12,290143
9377,9.4e-05,74.125.24.0-255,1484,18529,12,290143
9378,9.5e-05,172.31.36.0-255,66,18595,12,290143
9379,0.000126,172.31.36.0-255,66,18661,12,290143
9380,0.000167,74.125.24.0-255,4320,22981,12,290143
9381,0.00017,172.31.36.0-255,66,23047,12,290143
9382,0.0002,172.31.36.0-255,66,23113,12,290143
9383,0.000233,74.125.24.0-255,2543,25656,12,290143
9384,0.000236,172.31.36.0-255,66,25722,12,290143
9385,0.00069,74.125.24.0-255,1484,27206,12,290143
9386,0.000695,172.31.36.0-255,66,27272,12,290143
9387,0.000702,74.125.24.0-255,2902,30174,12,290143
9388,0.000704,172.31.36.0-255,66,30240,12,290143
9389,0.000711,74.125.24.0-255,5738,35978,12,290143
9390,0.000714,172.31.36.0-255,66,36044,12,290143
9391,0.000775,74.125.24.0-255,6797,42841,12,290143
9392,0.000779,172.31.36.0-255,66,42907,12,290143
9393,0.000829,74.125.24.0-255,1484,44391,12,290143
9394,0.000832,172.31.36.0-255,66,44457,12,290143
9395,0.000847,74.125.24.0-255,2902,47359,12,290143
9396,0.00085,172.31.36.0-255,66,47425,12,290143
9397,0.000855,74.125.24.0-255,4320,51745,12,290143
9398,0.000858,172.31.36.0-255,66,51811,12,290143
9399,0.000883,74.125.24.0-255,1484,53295,12,290143
9400,0.0009,172.31.36.0-255,66,53361,12,290143
9401,0.000907,74.125.24.0-255,7156,60517,12,290143
9402,0.000909,172.31.36.0-255,66,60583,12,290143
9403,0.000923,74.125.24.0-255,3122,63705,12,290143
9404,0.000925,172.31.36.0-255,66,63771,12,290143
9405,0.001082,74.125.24.0-255,1484,65255,12,290143
9406,0.001086,74.125.24.0-255,1484,66739,12,290143
9407,0.001089,172.31.36.0-255,66,66805,12,290143
9408,0.001106,74.125.24.0-255,1484,68289,12,290143
9409,0.001108,74.125.24.0-255,1484,69773,12,290143
9410,0.001114,74.125.24.0-255,5738,75511,12,290143
9411,0.001118,172.31.36.0-255,66,75577,12,290143
9412,0.001121,172.31.36.0-255,66,75643,12,290143
9413,0.001155,172.31.36.0-255,66,75709,12,290143
9414,0.001176,74.125.24.0-255,5738,81447,12,290143
9415,0.00118,172.31.36.0-255,66,81513,12,290143
9416,0.001202,74.125.24.0-255,3602,85115,12,290143
9417,0.001206,172.31.36.0-255,66,85181,12,290143
9418,0.001296,74.125.24.0-255,1484,86665,12,290143
9419,0.001311,74.125.24.0-255,2902,89567,12,290143
9420,0.001314,172.31.36.0-255,66,89633,12,290143
9421,0.001322,74.125.24.0-255,5738,95371,12,290143
9422,0.001324,172.31.36.0-255,66,95437,12,290143
9423,0.001351,74.125.24.0-255,5738,101175,12,290143
9424,0.001354,172.31.36.0-255,66,101241,12,290143
9425,0.001378,74.125.24.0-255,7156,108397,12,290143
9426,0.001381,172.31.36.0-255,66,108463,12,290143
9427,0.001395,172.31.36.0-255,66,108529,12,290143
9428,0.001426,172.31.36.0-255,66,108595,12,290143
9429,0.001467,74.125.24.0-255,5738,114333,12,290143
9430,0.001469,172.31.36.0-255,66,114399,12,290143
9431,0.001497,74.125.24.0-255,7156,121555,12,290143
9432,0.0015,172.31.36.0-255,66,121621,12,290143
9433,0.001512,172.31.36.0-255,66,121687,12,290143
9434,0.001587,74.125.24.0-255,1484,123171,12,290143
9435,0.001591,74.125.24.0-255,1484,124655,12,290143
9436,0.001594,172.31.36.0-255,66,124721,12,290143
9437,0.001611,74.125.24.0-255,1484,126205,12,290143
9438,0.001617,74.125.24.0-255,5738,131943,12,290143
9439,0.001622,172.31.36.0-255,66,132009,12,290143
9440,0.001649,172.31.36.0-255,66,132075,12,290143
9441,0.001663,74.125.24.0-255,4320,136395,12,290143
9442,0.001669,172.31.36.0-255,66,136461,12,290143
9443,0.001702,74.125.24.0-255,1484,137945,12,290143
9444,0.001734,172.31.36.0-255,66,138011,12,290143
9445,0.001787,172.31.36.0-255,66,138077,12,290143
9446,0.002213,74.125.24.0-255,1484,139561,12,290143
9447,0.002248,74.125.24.0-255,1484,141045,12,290143
9448,0.002252,172.31.36.0-255,66,141111,12,290143
9449,0.002257,74.125.24.0-255,2902,144013,12,290143
9450,0.00226,172.31.36.0-255,66,144079,12,290143
9451,0.002288,74.125.24.0-255,5738,149817,12,290143
9452,0.002292,172.31.36.0-255,66,149883,12,290143
9453,0.00231,74.125.24.0-255,7156,157039,12,290143
9454,0.002325,74.125.24.0-255,2902,159941,12,290143
9455,0.002328,74.125.24.0-255,1484,161425,12,290143
9456,0.002336,172.31.36.0-255,66,161491,12,290143
9457,0.002352,74.125.24.0-255,7156,168647,12,290143
9458,0.002368,74.125.24.0-255,3602,172249,12,290143
9459,0.002376,172.31.36.0-255,66,172315,12,290143
9460,0.004719,74.125.24.0-255,5738,178053,12,290143
9461,0.004727,172.31.36.0-255,66,178119,12,290143
9462,0.007071,74.125.24.0-255,5738,183857,12,290143
9463,0.007076,172.31.36.0-255,66,183923,12,290143
9464,0.009463,74.125.24.0-255,5738,189661,12,290143
9465,0.009469,172.31.36.0-255,66,189727,12,290143
9466,0.012074,74.125.24.0-255,5738,195465,12,290143
9467,0.012085,172.31.36.0-255,66,195531,12,290143
9468,0.014445,74.125.24.0-255,5738,201269,12,290143
9469,0.014457,172.31.36.0-255,66,201335,12,290143
9470,0.016805,74.125.24.0-255,5738,207073,12,290143
9471,0.016817,172.31.36.0-255,66,207139,12,290143
9472,0.019147,74.125.24.0-255,5738,212877,12,290143
9473,0.019157,172.31.36.0-255,66,212943,12,290143
9474,0.021527,74.125.24.0-255,5738,218681,12,290143
9475,0.021535,172.31.36.0-255,66,218747,12,290143
9476,0.023898,74.125.24.0-255,5738,224485,12,290143
9477,0.023906,172.31.36.0-255,66,224551,12,290143
9478,0.026235,74.125.24.0-255,5738,230289,12,290143
9479,0.026243,172.31.36.0-255,66,230355,12,290143
9480,0.028596,74.125.24.0-255,5738,236093,12,290143
9481,0.028604,172.31.36.0-255,66,236159,12,290143
9482,0.030974,74.125.24.0-255,5738,241897,12,290143
9483,0.03098,172.31.36.0-255,66,241963,12,290143
9484,0.033344,74.125.24.0-255,5738,247701,12,290143
9485,0.033355,172.31.36.0-255,66,247767,12,290143
9486,0.035723,74.125.24.0-255,5738,253505,12,290143
9487,0.035732,172.31.36.0-255,66,253571,12,290143
9488,0.038089,74.125.24.0-255,5738,259309,12,290143
9489,0.038097,172.31.36.0-255,66,259375,12,290143
9490,0.039818,172.31.36.0-255,172,259547,12,290143
9491,0.039852,172.31.36.0-255,1109,260656,12,290143
9492,0.03991,172.31.36.0-255,1140,261796,12,290143
9493,0.040441,74.125.24.0-255,5738,267534,12,290143
9494,0.040448,172.31.36.0-255,66,267600,12,290143
9495,0.041399,104.244.42.0-255,66,267666,12,290143
9496,0.041408,104.244.42.0-255,66,267732,12,290143
9497,0.041543,104.244.42.0-255,66,267798,12,290143
9498,0.042817,74.125.24.0-255,5738,273536,12,290143
9499,0.042827,172.31.36.0-255,66,273602,12,290143
9500,0.042949,104.244.42.0-255,108,273710,12,290143
9501,0.042954,172.31.36.0-255,66,273776,12,290143
9502,0.045191,74.125.24.0-255,5738,279514,12,290143
9503,0.045197,172.31.36.0-255,66,279580,12,290143
9504,0.047564,74.125.24.0-255,5738,285318,12,290143
9505,0.047571,172.31.36.0-255,66,285384,12,290143
9506,0.049985,74.125.24.0-255,4522,289906,12,290143
9507,0.049992,172.31.36.0-255,66,289972,12,290143
9508,0.050165,172.31.36.0-255,105,290077,12,290143
9509,0.052516,74.125.24.0-255,66,290143,12,290143
9510,0.0,172.217.194.0-255,153,153,12,357711
9511,1.9e-05,172.31.36.0-255,66,219,12,357711
9512,2.6e-05,172.217.194.0-255,1484,1703,12,357711
9513,3e-05,172.31.36.0-255,66,1769,12,357711
9514,3.6e-05,172.217.194.0-255,2902,4671,12,357711
9515,3.9e-05,172.31.36.0-255,66,4737,12,357711
9516,4.7e-05,172.217.194.0-255,7156,11893,12,357711
9517,5e-05,172.31.36.0-255,66,11959,12,357711
9518,5.4e-05,172.217.194.0-255,2077,14036,12,357711
9519,5.6e-05,172.31.36.0-255,66,14102,12,357711
9520,8.7e-05,172.217.194.0-255,2902,17004,12,357711
9521,9e-05,172.31.36.0-255,66,17070,12,357711
9522,9.3e-05,172.217.194.0-255,1484,18554,12,357711
9523,9.5e-05,172.31.36.0-255,66,18620,12,357711
9524,0.000116,172.217.194.0-255,5738,24358,12,357711
9525,0.000118,172.31.36.0-255,66,24424,12,357711
9526,0.000146,172.217.194.0-255,1484,25908,12,357711
9527,0.000148,172.31.36.0-255,66,25974,12,357711
9528,0.000174,172.217.194.0-255,7156,33130,12,357711
9529,0.000177,172.31.36.0-255,66,33196,12,357711
9530,0.000179,172.217.194.0-255,1484,34680,12,357711
9531,0.000182,172.31.36.0-255,66,34746,12,357711
9532,0.000197,172.217.194.0-255,2902,37648,12,357711
9533,0.000199,172.31.36.0-255,66,37714,12,357711
9534,0.000235,172.217.194.0-255,5738,43452,12,357711
9535,0.000238,172.31.36.0-255,66,43518,12,357711
9536,0.00026,172.217.194.0-255,5020,48538,12,357711
9537,0.000263,172.31.36.0-255,66,48604,12,357711
9538,0.00047,172.217.194.0-255,1484,50088,12,357711
9539,0.000475,172.31.36.0-255,66,50154,12,357711
9540,0.000491,172.217.194.0-255,2902,53056,12,357711
9541,0.000494,172.31.36.0-255,66,53122,12,357711
9542,0.000522,172.217.194.0-255,5738,58860,12,357711
9543,0.000533,172.31.36.0-255,66,58926,12,357711
9544,0.000547,172.217.194.0-255,5738,64664,12,357711
9545,0.000552,172.31.36.0-255,66,64730,12,357711
9546,0.000565,172.217.194.0-255,1375,66105,12,357711
9547,0.000605,172.217.194.0-255,404,66509,12,357711
9548,0.000617,172.31.36.0-255,66,66575,12,357711
9549,0.001653,172.217.194.0-255,1484,68059,12,357711
9550,0.001678,172.217.194.0-255,2902,70961,12,357711
9551,0.001682,172.31.36.0-255,66,71027,12,357711
9552,0.00169,172.217.194.0-255,5738,76765,12,357711
9553,0.001695,172.217.194.0-255,2902,79667,12,357711
9554,0.001756,172.217.194.0-255,766,80433,12,357711
9555,0.002087,172.217.194.0-255,1484,81917,12,357711
9556,0.002094,172.217.194.0-255,2902,84819,12,357711
9557,0.002107,172.217.194.0-255,1484,86303,12,357711
9558,0.002128,172.217.194.0-255,4320,90623,12,357711
9559,0.002132,172.217.194.0-255,1484,92107,12,357711
9560,0.002175,172.217.194.0-255,1484,93591,12,357711
9561,0.002189,172.217.194.0-255,2902,96493,12,357711
9562,0.002203,172.217.194.0-255,1484,97977,12,357711
9563,0.00224,172.217.194.0-255,1484,99461,12,357711
9564,0.002256,172.217.194.0-255,7156,106617,12,357711
9565,0.00226,172.217.194.0-255,2902,109519,12,357711
9566,0.002309,172.217.194.0-255,4320,113839,12,357711
9567,0.00233,172.217.194.0-255,2902,116741,12,357711
9568,0.002342,172.217.194.0-255,1484,118225,12,357711
9569,0.002353,172.217.194.0-255,1484,119709,12,357711
9570,0.002393,172.217.194.0-255,3602,123311,12,357711
9571,0.002621,172.217.194.0-255,1484,124795,12,357711
9572,0.002638,172.217.194.0-255,2902,127697,12,357711
9573,0.002655,172.217.194.0-255,5738,133435,12,357711
9574,0.002697,172.217.194.0-255,2902,136337,12,357711
9575,0.002715,172.217.194.0-255,7156,143493,12,357711
9576,0.002739,172.217.194.0-255,4320,147813,12,357711
9577,0.002756,172.217.194.0-255,7156,154969,12,357711
9578,0.002759,172.217.194.0-255,2184,157153,12,357711
9579,0.003961,172.217.194.0-255,1484,158637,12,357711
9580,0.003976,172.217.194.0-255,2902,161539,12,357711
9581,0.003991,172.217.194.0-255,4320,165859,12,357711
9582,0.004008,172.217.194.0-255,1484,167343,12,357711
9583,0.004024,172.217.194.0-255,2902,170245,12,357711
9584,0.004049,172.217.194.0-255,5738,175983,12,357711
9585,0.004055,172.217.194.0-255,4320,180303,12,357711
9586,0.004068,172.217.194.0-255,5738,186041,12,357711
9587,0.00409,172.217.194.0-255,5020,191061,12,357711
9588,0.004134,172.217.194.0-255,4320,195381,12,357711
9589,0.004145,172.217.194.0-255,1484,196865,12,357711
9590,0.004151,172.217.194.0-255,4320,201185,12,357711
9591,0.004167,172.217.194.0-255,2902,204087,12,357711
9592,0.00419,172.217.194.0-255,4320,208407,12,357711
9593,0.004216,172.217.194.0-255,5738,214145,12,357711
9594,0.004244,172.217.194.0-255,5738,219883,12,357711
9595,0.004265,172.217.194.0-255,5020,224903,12,357711
9596,0.004444,172.217.194.0-255,1484,226387,12,357711
9597,0.004449,172.217.194.0-255,2902,229289,12,357711
9598,0.004475,172.217.194.0-255,5738,235027,12,357711
9599,0.004479,172.217.194.0-255,1484,236511,12,357711
9600,0.004493,172.217.194.0-255,5738,242249,12,357711
9601,0.004524,172.217.194.0-255,4320,246569,12,357711
9602,0.004597,172.217.194.0-255,2184,248753,12,357711
9603,0.004799,172.31.36.0-255,66,248819,12,357711
9604,0.005105,172.217.194.0-255,1484,250303,12,357711
9605,0.005113,172.217.194.0-255,2902,253205,12,357711
9606,0.005119,172.31.36.0-255,66,253271,12,357711
9607,0.005144,172.217.194.0-255,5738,259009,12,357711
9608,0.005162,172.217.194.0-255,2902,261911,12,357711
9609,0.005168,172.31.36.0-255,66,261977,12,357711
9610,0.005185,172.217.194.0-255,2902,264879,12,357711
9611,0.00519,172.217.194.0-255,2902,267781,12,357711
9612,0.005199,172.31.36.0-255,66,267847,12,357711
9613,0.005209,172.217.194.0-255,4320,272167,12,357711
9614,0.005213,172.217.194.0-255,2902,275069,12,357711
9615,0.005222,172.31.36.0-255,66,275135,12,357711
9616,0.005226,172.217.194.0-255,1484,276619,12,357711
9617,0.005228,172.217.194.0-255,1484,278103,12,357711
9618,0.005248,172.217.194.0-255,4320,282423,12,357711
9619,0.005251,172.217.194.0-255,766,283189,12,357711
9620,0.00526,172.31.36.0-255,66,283255,12,357711
9621,0.005298,172.217.194.0-255,1484,284739,12,357711
9622,0.005321,172.217.194.0-255,2902,287641,12,357711
9623,0.005323,172.217.194.0-255,1484,289125,12,357711
9624,0.005339,172.217.194.0-255,4320,293445,12,357711
9625,0.005354,172.31.36.0-255,66,293511,12,357711
9626,0.005373,172.217.194.0-255,4320,297831,12,357711
9627,0.005384,172.31.36.0-255,66,297897,12,357711
9628,0.005395,172.217.194.0-255,4320,302217,12,357711
9629,0.005408,172.31.36.0-255,66,302283,12,357711
9630,0.005422,172.217.194.0-255,1484,303767,12,357711
9631,0.005429,172.217.194.0-255,5020,308787,12,357711
9632,0.005443,172.31.36.0-255,66,308853,12,357711
9633,0.006042,172.217.194.0-255,1484,310337,12,357711
9634,0.006058,172.217.194.0-255,2902,313239,12,357711
9635,0.006062,172.31.36.0-255,66,313305,12,357711
9636,0.006087,172.217.194.0-255,1484,314789,12,357711
9637,0.006092,172.217.194.0-255,2902,317691,12,357711
9638,0.006111,172.31.36.0-255,66,317757,12,357711
9639,0.006129,172.217.194.0-255,4320,322077,12,357711
9640,0.006145,172.31.36.0-255,66,322143,12,357711
9641,0.006159,172.217.194.0-255,2902,325045,12,357711
9642,0.006173,172.217.194.0-255,2902,327947,12,357711
9643,0.006176,172.217.194.0-255,1484,329431,12,357711
9644,0.006183,172.31.36.0-255,66,329497,12,357711
9645,0.006192,172.217.194.0-255,2902,332399,12,357711
9646,0.006196,172.217.194.0-255,2902,335301,12,357711
9647,0.006208,172.217.194.0-255,2902,338203,12,357711
9648,0.00621,172.31.36.0-255,66,338269,12,357711
9649,0.006227,172.217.194.0-255,2902,341171,12,357711
9650,0.006237,172.217.194.0-255,2184,343355,12,357711
9651,0.006246,172.31.36.0-255,66,343421,12,357711
9652,0.006458,172.217.194.0-255,1484,344905,12,357711
9653,0.006465,172.217.194.0-255,2902,347807,12,357711
9654,0.006468,172.31.36.0-255,66,347873,12,357711
9655,0.006489,172.217.194.0-255,2902,350775,12,357711
9656,0.006508,172.31.36.0-255,66,350841,12,357711
9657,0.006535,172.217.194.0-255,2171,353012,12,357711
9658,0.00654,172.31.36.0-255,66,353078,12,357711
9659,0.006576,172.217.194.0-255,105,353183,12,357711
9660,0.007921,172.31.36.0-255,66,353249,12,357711
9661,0.007957,172.31.36.0-255,105,353354,12,357711
9662,0.009863,172.217.194.0-255,66,353420,12,357711
9663,0.032037,172.31.36.0-255,172,353592,12,357711
9664,0.032069,172.31.36.0-255,1108,354700,12,357711
9665,0.032131,172.31.36.0-255,1514,356214,12,357711
9666,0.032133,172.31.36.0-255,1299,357513,12,357711
9667,0.033619,104.244.42.0-255,66,357579,12,357711
9668,0.033658,104.244.42.0-255,66,357645,12,357711
9669,0.033694,104.244.42.0-255,66,357711,12,357711
9670,0.0,172.31.36.0-255,105,105,12,105
9671,0.0,74.125.130.0-255,153,153,12,311031
9672,2.6e-05,172.31.36.0-255,66,219,12,311031
9673,3.3e-05,74.125.130.0-255,1484,1703,12,311031
9674,3.8e-05,172.31.36.0-255,66,1769,12,311031
9675,4.2e-05,74.125.130.0-255,2902,4671,12,311031
9676,5.2e-05,172.31.36.0-255,66,4737,12,311031
9677,5.9e-05,74.125.130.0-255,7156,11893,12,311031
9678,6.2e-05,172.31.36.0-255,66,11959,12,311031
9679,6.6e-05,74.125.130.0-255,2019,13978,12,311031
9680,6.8e-05,172.31.36.0-255,66,14044,12,311031
9681,7.3e-05,74.125.130.0-255,2902,16946,12,311031
9682,7.5e-05,172.31.36.0-255,66,17012,12,311031
9683,7.8e-05,74.125.130.0-255,1484,18496,12,311031
9684,8.1e-05,172.31.36.0-255,66,18562,12,311031
9685,0.000119,74.125.130.0-255,5738,24300,12,311031
9686,0.000122,172.31.36.0-255,66,24366,12,311031
9687,0.000134,172.31.36.0-255,66,24432,12,311031
9688,0.000138,74.125.130.0-255,2902,27334,12,311031
9689,0.00014,172.31.36.0-255,66,27400,12,311031
9690,0.000184,74.125.130.0-255,7156,34556,12,311031
9691,0.000187,172.31.36.0-255,66,34622,12,311031
9692,0.00022,74.125.130.0-255,5020,39642,12,311031
9693,0.000222,172.31.36.0-255,66,39708,12,311031
9694,0.000228,74.125.130.0-255,5738,45446,12,311031
9695,0.000231,172.31.36.0-255,66,45512,12,311031
9696,0.000259,74.125.130.0-255,4320,49832,12,311031
9697,0.000264,74.125.130.0-255,2902,52734,12,311031
9698,0.000265,172.31.36.0-255,66,52800,12,311031
9699,0.00027,172.31.36.0-255,66,52866,12,311031
9700,0.000296,74.125.130.0-255,2902,55768,12,311031
9701,0.000306,172.31.36.0-255,66,55834,12,311031
9702,0.00031,74.125.130.0-255,1714,57548,12,311031
9703,0.000313,172.31.36.0-255,66,57614,12,311031
9704,0.000532,74.125.130.0-255,1484,59098,12,311031
9705,0.000537,74.125.130.0-255,1484,60582,12,311031
9706,0.00054,74.125.130.0-255,1484,62066,12,311031
9707,0.000542,172.31.36.0-255,66,62132,12,311031
9708,0.000551,74.125.130.0-255,1484,63616,12,311031
9709,0.000553,172.31.36.0-255,66,63682,12,311031
9710,0.000593,74.125.130.0-255,5738,69420,12,311031
9711,0.000598,172.31.36.0-255,66,69486,12,311031
9712,0.000605,74.125.130.0-255,7156,76642,12,311031
9713,0.000607,172.31.36.0-255,66,76708,12,311031
9714,0.000616,74.125.130.0-255,1484,78192,12,311031
9715,0.000645,74.125.130.0-255,7156,85348,12,311031
9716,0.000649,172.31.36.0-255,66,85414,12,311031
9717,0.000677,74.125.130.0-255,4320,89734,12,311031
9718,0.00068,172.31.36.0-255,66,89800,12,311031
9719,0.000697,74.125.130.0-255,2184,91984,12,311031
9720,0.0007,172.31.36.0-255,66,92050,12,311031
9721,0.000725,74.125.130.0-255,1484,93534,12,311031
9722,0.000729,74.125.130.0-255,2902,96436,12,311031
9723,0.000732,172.31.36.0-255,66,96502,12,311031
9724,0.00076,74.125.130.0-255,2902,99404,12,311031
9725,0.000763,172.31.36.0-255,66,99470,12,311031
9726,0.000769,74.125.130.0-255,4320,103790,12,311031
9727,0.000771,172.31.36.0-255,66,103856,12,311031
9728,0.000836,172.31.36.0-255,66,103922,12,311031
9729,0.000848,172.31.36.0-255,66,103988,12,311031
9730,0.000866,172.31.36.0-255,66,104054,12,311031
9731,0.00091,74.125.130.0-255,7156,111210,12,311031
9732,0.000915,172.31.36.0-255,66,111276,12,311031
9733,0.000929,74.125.130.0-255,2184,113460,12,311031
9734,0.000936,172.31.36.0-255,66,113526,12,311031
9735,0.000988,74.125.130.0-255,1484,115010,12,311031
9736,0.00101,74.125.130.0-255,2902,117912,12,311031
9737,0.001014,172.31.36.0-255,66,117978,12,311031
9738,0.00102,74.125.130.0-255,4320,122298,12,311031
9739,0.001022,172.31.36.0-255,66,122364,12,311031
9740,0.00104,74.125.130.0-255,2902,125266,12,311031
9741,0.001043,172.31.36.0-255,66,125332,12,311031
9742,0.001074,74.125.130.0-255,5738,131070,12,311031
9743,0.001078,172.31.36.0-255,66,131136,12,311031
9744,0.001084,74.125.130.0-255,5738,136874,12,311031
9745,0.001086,172.31.36.0-255,66,136940,12,311031
9746,0.001093,74.125.130.0-255,7156,144096,12,311031
9747,0.001095,172.31.36.0-255,66,144162,12,311031
9748,0.001125,74.125.130.0-255,3602,147764,12,311031
9749,0.001128,172.31.36.0-255,66,147830,12,311031
9750,0.002286,74.125.130.0-255,1484,149314,12,311031
9751,0.002297,74.125.130.0-255,2902,152216,12,311031
9752,0.002302,172.31.36.0-255,66,152282,12,311031
9753,0.002307,74.125.130.0-255,1484,153766,12,311031
9754,0.002338,74.125.130.0-255,4320,158086,12,311031
9755,0.002341,172.31.36.0-255,66,158152,12,311031
9756,0.002349,74.125.130.0-255,7156,165308,12,311031
9757,0.002351,172.31.36.0-255,66,165374,12,311031
9758,0.002354,74.125.130.0-255,1484,166858,12,311031
9759,0.002394,172.31.36.0-255,66,166924,12,311031
9760,0.002422,74.125.130.0-255,5020,171944,12,311031
9761,0.002424,172.31.36.0-255,66,172010,12,311031
9762,0.004783,74.125.130.0-255,4320,176330,12,311031
9763,0.004786,172.31.36.0-255,66,176396,12,311031
9764,0.004812,74.125.130.0-255,1484,177880,12,311031
9765,0.007155,74.125.130.0-255,4320,182200,12,311031
9766,0.007161,172.31.36.0-255,66,182266,12,311031
9767,0.009542,74.125.130.0-255,5738,188004,12,311031
9768,0.009549,172.31.36.0-255,66,188070,12,311031
9769,0.01192,74.125.130.0-255,5738,193808,12,311031
9770,0.011928,172.31.36.0-255,66,193874,12,311031
9771,0.014316,74.125.130.0-255,5738,199612,12,311031
9772,0.014328,172.31.36.0-255,66,199678,12,311031
9773,0.016723,74.125.130.0-255,5738,205416,12,311031
9774,0.016733,172.31.36.0-255,66,205482,12,311031
9775,0.019098,74.125.130.0-255,5738,211220,12,311031
9776,0.019104,172.31.36.0-255,66,211286,12,311031
9777,0.021467,74.125.130.0-255,5738,217024,12,311031
9778,0.021473,172.31.36.0-255,66,217090,12,311031
9779,0.023856,74.125.130.0-255,5738,222828,12,311031
9780,0.023863,172.31.36.0-255,66,222894,12,311031
9781,0.026228,74.125.130.0-255,5738,228632,12,311031
9782,0.026234,172.31.36.0-255,66,228698,12,311031
9783,0.028311,172.31.36.0-255,172,228870,12,311031
9784,0.028339,172.31.36.0-255,1109,229979,12,311031
9785,0.028373,172.31.36.0-255,1514,231493,12,311031
9786,0.028375,172.31.36.0-255,1514,233007,12,311031
9787,0.02838,172.31.36.0-255,1514,234521,12,311031
9788,0.028381,172.31.36.0-255,1514,236035,12,311031
9789,0.02841,172.31.36.0-255,170,236205,12,311031
9790,0.028606,74.125.130.0-255,5738,241943,12,311031
9791,0.028612,172.31.36.0-255,66,242009,12,311031
9792,0.029863,104.244.42.0-255,66,242075,12,311031
9793,0.029885,104.244.42.0-255,66,242141,12,311031
9794,0.029928,104.244.42.0-255,66,242207,12,311031
9795,0.029932,104.244.42.0-255,66,242273,12,311031
9796,0.030971,74.125.130.0-255,1484,243757,12,311031
9797,0.030995,74.125.130.0-255,4320,248077,12,311031
9798,0.030999,172.31.36.0-255,66,248143,12,311031
9799,0.033401,74.125.130.0-255,5738,253881,12,311031
9800,0.033406,172.31.36.0-255,66,253947,12,311031
9801,0.035755,74.125.130.0-255,4320,258267,12,311031
9802,0.035761,172.31.36.0-255,66,258333,12,311031
9803,0.035791,74.125.130.0-255,1484,259817,12,311031
9804,0.038146,74.125.130.0-255,4320,264137,12,311031
9805,0.038152,172.31.36.0-255,66,264203,12,311031
9806,0.040522,74.125.130.0-255,4320,268523,12,311031
9807,0.040528,172.31.36.0-255,66,268589,12,311031
9808,0.040559,74.125.130.0-255,1484,270073,12,311031
9809,0.042904,74.125.130.0-255,4320,274393,12,311031
9810,0.04291,172.31.36.0-255,66,274459,12,311031
9811,0.045284,74.125.130.0-255,4320,278779,12,311031
9812,0.04529,172.31.36.0-255,66,278845,12,311031
9813,0.045319,74.125.130.0-255,1484,280329,12,311031
9814,0.047656,74.125.130.0-255,2902,283231,12,311031
9815,0.047661,172.31.36.0-255,66,283297,12,311031
9816,0.04769,74.125.130.0-255,1484,284781,12,311031
9817,0.050021,74.125.130.0-255,4320,289101,12,311031
9818,0.050026,172.31.36.0-255,66,289167,12,311031
9819,0.052405,74.125.130.0-255,5738,294905,12,311031
9820,0.052409,172.31.36.0-255,66,294971,12,311031
9821,0.054783,74.125.130.0-255,4320,299291,12,311031
9822,0.054787,172.31.36.0-255,66,299357,12,311031
9823,0.054817,74.125.130.0-255,1484,300841,12,311031
9824,0.057151,74.125.130.0-255,4320,305161,12,311031
9825,0.057156,172.31.36.0-255,66,305227,12,311031
9826,0.059524,74.125.130.0-255,5738,310965,12,311031
9827,0.05953,172.31.36.0-255,66,311031,12,311031
9828,0.0,172.217.194.0-255,155,155,12,293668
9829,3.3e-05,172.31.36.0-255,66,221,12,293668
9830,3.9e-05,172.217.194.0-255,1484,1705,12,293668
9831,4.3e-05,172.31.36.0-255,66,1771,12,293668
9832,4.8e-05,172.217.194.0-255,2902,4673,12,293668
9833,5e-05,172.31.36.0-255,66,4739,12,293668
9834,6.8e-05,172.217.194.0-255,7156,11895,12,293668
9835,7e-05,172.31.36.0-255,66,11961,12,293668
9836,7.4e-05,172.217.194.0-255,2049,14010,12,293668
9837,7.7e-05,172.31.36.0-255,66,14076,12,293668
9838,0.000121,172.217.194.0-255,1484,15560,12,293668
9839,0.000125,172.31.36.0-255,66,15626,12,293668
9840,0.000154,172.217.194.0-255,2902,18528,12,293668
9841,0.000157,172.31.36.0-255,66,18594,12,293668
9842,0.000164,172.217.194.0-255,5738,24332,12,293668
9843,0.000166,172.31.36.0-255,66,24398,12,293668
9844,0.00018,172.217.194.0-255,6797,31195,12,293668
9845,0.000183,172.31.36.0-255,66,31261,12,293668
9846,0.000294,172.217.194.0-255,1484,32745,12,293668
9847,0.000299,172.31.36.0-255,66,32811,12,293668
9848,0.000305,172.217.194.0-255,2902,35713,12,293668
9849,0.000309,172.31.36.0-255,66,35779,12,293668
9850,0.000337,172.217.194.0-255,5738,41517,12,293668
9851,0.000341,172.31.36.0-255,66,41583,12,293668
9852,0.000346,172.217.194.0-255,4320,45903,12,293668
9853,0.000349,172.31.36.0-255,66,45969,12,293668
9854,0.000382,172.217.194.0-255,2543,48512,12,293668
9855,0.000385,172.31.36.0-255,66,48578,12,293668
9856,0.00039,172.217.194.0-255,2902,51480,12,293668
9857,0.000392,172.31.36.0-255,66,51546,12,293668
9858,0.000419,172.217.194.0-255,7156,58702,12,293668
9859,0.000424,172.31.36.0-255,66,58768,12,293668
9860,0.000433,172.217.194.0-255,6797,65565,12,293668
9861,0.000435,172.31.36.0-255,66,65631,12,293668
9862,0.000799,172.217.194.0-255,646,66277,12,293668
9863,0.000848,172.31.36.0-255,66,66343,12,293668
9864,0.000895,172.217.194.0-255,1484,67827,12,293668
9865,0.000903,172.217.194.0-255,2902,70729,12,293668
9866,0.000906,172.31.36.0-255,66,70795,12,293668
9867,0.000911,172.217.194.0-255,2902,73697,12,293668
9868,0.000913,172.31.36.0-255,66,73763,12,293668
9869,0.000939,172.217.194.0-255,2902,76665,12,293668
9870,0.000942,172.31.36.0-255,66,76731,12,293668
9871,0.000962,172.31.36.0-255,66,76797,12,293668
9872,0.000975,172.31.36.0-255,66,76863,12,293668
9873,0.001005,172.217.194.0-255,766,77629,12,293668
9874,0.001115,172.217.194.0-255,1484,79113,12,293668
9875,0.001118,172.31.36.0-255,66,79179,12,293668
9876,0.001124,172.217.194.0-255,2902,82081,12,293668
9877,0.001126,172.31.36.0-255,66,82147,12,293668
9878,0.001154,172.217.194.0-255,5738,87885,12,293668
9879,0.001156,172.31.36.0-255,66,87951,12,293668
9880,0.00119,172.31.36.0-255,66,88017,12,293668
9881,0.001208,172.31.36.0-255,66,88083,12,293668
9882,0.001239,172.217.194.0-255,1635,89718,12,293668
9883,0.001242,172.31.36.0-255,66,89784,12,293668
9884,0.001343,172.217.194.0-255,1484,91268,12,293668
9885,0.001347,172.217.194.0-255,1484,92752,12,293668
9886,0.001352,172.31.36.0-255,66,92818,12,293668
9887,0.001381,172.217.194.0-255,1484,94302,12,293668
9888,0.001388,172.217.194.0-255,5738,100040,12,293668
9889,0.001391,172.31.36.0-255,66,100106,12,293668
9890,0.001402,172.31.36.0-255,66,100172,12,293668
9891,0.001442,172.217.194.0-255,4320,104492,12,293668
9892,0.001448,172.31.36.0-255,66,104558,12,293668
9893,0.001462,172.31.36.0-255,66,104624,12,293668
9894,0.001663,172.217.194.0-255,1484,106108,12,293668
9895,0.00167,172.217.194.0-255,2902,109010,12,293668
9896,0.001673,172.31.36.0-255,66,109076,12,293668
9897,0.001695,172.217.194.0-255,4320,113396,12,293668
9898,0.001698,172.31.36.0-255,66,113462,12,293668
9899,0.00172,172.217.194.0-255,1484,114946,12,293668
9900,0.001726,172.217.194.0-255,5738,120684,12,293668
9901,0.001728,172.31.36.0-255,66,120750,12,293668
9902,0.001759,172.217.194.0-255,5738,126488,12,293668
9903,0.001761,172.31.36.0-255,66,126554,12,293668
9904,0.001767,172.217.194.0-255,4320,130874,12,293668
9905,0.001768,172.31.36.0-255,66,130940,12,293668
9906,0.001801,172.31.36.0-255,66,131006,12,293668
9907,0.0019,172.217.194.0-255,1484,132490,12,293668
9908,0.001903,172.217.194.0-255,1484,133974,12,293668
9909,0.001906,172.31.36.0-255,66,134040,12,293668
9910,0.001918,172.217.194.0-255,1484,135524,12,293668
9911,0.001928,172.217.194.0-255,5738,141262,12,293668
9912,0.00193,172.31.36.0-255,66,141328,12,293668
9913,0.00197,172.31.36.0-255,66,141394,12,293668
9914,0.001981,172.31.36.0-255,66,141460,12,293668
9915,0.002198,172.217.194.0-255,1484,142944,12,293668
9916,0.002213,172.217.194.0-255,2902,145846,12,293668
9917,0.002217,172.31.36.0-255,66,145912,12,293668
9918,0.002247,172.217.194.0-255,5738,151650,12,293668
9919,0.002251,172.31.36.0-255,66,151716,12,293668
9920,0.002269,172.31.36.0-255,66,151782,12,293668
9921,0.002274,172.217.194.0-255,2902,154684,12,293668
9922,0.002277,172.31.36.0-255,66,154750,12,293668
9923,0.002313,172.31.36.0-255,66,154816,12,293668
9924,0.002389,172.217.194.0-255,1484,156300,12,293668
9925,0.002394,172.217.194.0-255,2902,159202,12,293668
9926,0.002397,172.31.36.0-255,66,159268,12,293668
9927,0.002402,172.217.194.0-255,2902,162170,12,293668
9928,0.002404,172.31.36.0-255,66,162236,12,293668
9929,0.002422,172.217.194.0-255,2902,165138,12,293668
9930,0.002426,172.31.36.0-255,66,165204,12,293668
9931,0.002427,172.217.194.0-255,4320,169524,12,293668
9932,0.002429,172.31.36.0-255,66,169590,12,293668
9933,0.002461,172.217.194.0-255,5738,175328,12,293668
9934,0.002464,172.31.36.0-255,66,175394,12,293668
9935,0.002484,172.217.194.0-255,4320,179714,12,293668
9936,0.002487,172.31.36.0-255,66,179780,12,293668
9937,0.002522,172.31.36.0-255,66,179846,12,293668
9938,0.005103,172.217.194.0-255,5738,185584,12,293668
9939,0.005109,172.31.36.0-255,66,185650,12,293668
9940,0.007695,172.217.194.0-255,5738,191388,12,293668
9941,0.007702,172.31.36.0-255,66,191454,12,293668
9942,0.010332,172.217.194.0-255,5738,197192,12,293668
9943,0.010348,172.31.36.0-255,66,197258,12,293668
9944,0.012975,172.217.194.0-255,5738,202996,12,293668
9945,0.012993,172.31.36.0-255,66,203062,12,293668
9946,0.015585,172.217.194.0-255,5738,208800,12,293668
9947,0.015598,172.31.36.0-255,66,208866,12,293668
9948,0.018201,172.217.194.0-255,5738,214604,12,293668
9949,0.018211,172.31.36.0-255,66,214670,12,293668
9950,0.020809,172.217.194.0-255,5738,220408,12,293668
9951,0.020815,172.31.36.0-255,66,220474,12,293668
9952,0.023402,172.217.194.0-255,5738,226212,12,293668
9953,0.023414,172.31.36.0-255,66,226278,12,293668
9954,0.026047,172.217.194.0-255,2902,229180,12,293668
9955,0.026054,172.31.36.0-255,66,229246,12,293668
9956,0.02608,172.217.194.0-255,2902,232148,12,293668
9957,0.026083,172.31.36.0-255,66,232214,12,293668
9958,0.028666,172.217.194.0-255,5738,237952,12,293668
9959,0.028675,172.31.36.0-255,66,238018,12,293668
9960,0.031277,172.217.194.0-255,5738,243756,12,293668
9961,0.031285,172.31.36.0-255,66,243822,12,293668
9962,0.031939,172.31.36.0-255,172,243994,12,293668
9963,0.032,172.31.36.0-255,1107,245101,12,293668
9964,0.03201,172.31.36.0-255,1514,246615,12,293668
9965,0.032012,172.31.36.0-255,1300,247915,12,293668
9966,0.033507,104.244.42.0-255,66,247981,12,293668
9967,0.033548,104.244.42.0-255,66,248047,12,293668
9968,0.033594,104.244.42.0-255,66,248113,12,293668
9969,0.03388,172.217.194.0-255,5738,253851,12,293668
9970,0.033886,172.31.36.0-255,66,253917,12,293668
9971,0.036489,172.217.194.0-255,5738,259655,12,293668
9972,0.036499,172.31.36.0-255,66,259721,12,293668
9973,0.039103,172.217.194.0-255,5738,265459,12,293668
9974,0.039109,172.31.36.0-255,66,265525,12,293668
9975,0.041718,172.217.194.0-255,5738,271263,12,293668
9976,0.041723,172.31.36.0-255,66,271329,12,293668
9977,0.044319,172.217.194.0-255,5738,277067,12,293668
9978,0.04434,172.31.36.0-255,66,277133,12,293668
9979,0.046953,172.217.194.0-255,5738,282871,12,293668
9980,0.046957,172.31.36.0-255,66,282937,12,293668
9981,0.049562,172.217.194.0-255,4320,287257,12,293668
9982,0.049568,172.31.36.0-255,66,287323,12,293668
9983,0.049604,172.217.194.0-255,1484,288807,12,293668
9984,0.052164,172.217.194.0-255,4099,292906,12,293668
9985,0.052171,172.31.36.0-255,66,292972,12,293668
9986,0.05253,172.31.36.0-255,105,293077,12,293668
9987,0.052565,172.31.36.0-255,105,293182,12,293668
9988,0.05279,172.31.36.0-255,90,293272,12,293668
9989,0.052801,172.31.36.0-255,66,293338,12,293668
9990,0.055104,172.217.194.0-255,66,293404,12,293668
9991,0.055115,172.217.194.0-255,66,293470,12,293668
9992,0.055332,172.217.194.0-255,66,293536,12,293668
9993,0.055361,172.217.194.0-255,66,293602,12,293668
9994,0.055368,172.31.36.0-255,66,293668,12,293668
9995,0.0,172.31.36.0-255,105,105,12,276
9996,0.00182,157.240.13.0-255,105,210,12,276
9997,0.001836,172.31.36.0-255,66,276,12,276
9998,0.0,74.125.24.0-255,152,152,12,195424
9999,3e-05,172.31.36.0-255,66,218,12,195424
10000,3.7e-05,74.125.24.0-255,1484,1702,12,195424
10001,4.1e-05,172.31.36.0-255,66,1768,12,195424
10002,4.7e-05,74.125.24.0-255,2902,4670,12,195424
10003,5.8e-05,172.31.36.0-255,66,4736,12,195424
10004,6.4e-05,74.125.24.0-255,7156,11892,12,195424
10005,6.8e-05,172.31.36.0-255,66,11958,12,195424
10006,7.1e-05,74.125.24.0-255,1999,13957,12,195424
10007,7.4e-05,172.31.36.0-255,66,14023,12,195424
10008,7.9e-05,74.125.24.0-255,4320,18343,12,195424
10009,8.2e-05,172.31.36.0-255,66,18409,12,195424
10010,0.00012,74.125.24.0-255,7156,25565,12,195424
10011,0.000125,172.31.36.0-255,66,25631,12,195424
10012,0.000131,74.125.24.0-255,5379,31010,12,195424
10013,0.000133,172.31.36.0-255,66,31076,12,195424
10014,0.000251,74.125.24.0-255,1484,32560,12,195424
10015,0.000255,172.31.36.0-255,66,32626,12,195424
10016,0.00028,74.125.24.0-255,2902,35528,12,195424
10017,0.000284,172.31.36.0-255,66,35594,12,195424
10018,0.000291,74.125.24.0-255,5738,41332,12,195424
10019,0.000294,172.31.36.0-255,66,41398,12,195424
10020,0.000306,74.125.24.0-255,6797,48195,12,195424
10021,0.000309,172.31.36.0-255,66,48261,12,195424
10022,0.000351,172.31.36.0-255,66,48327,12,195424
10023,0.000355,74.125.24.0-255,2543,50870,12,195424
10024,0.000358,172.31.36.0-255,66,50936,12,195424
10025,0.000389,74.125.24.0-255,367,51303,12,195424
10026,0.000392,172.31.36.0-255,66,51369,12,195424
10027,0.000395,74.125.24.0-255,377,51746,12,195424
10028,0.000398,172.31.36.0-255,66,51812,12,195424
10029,0.000576,74.125.24.0-255,1484,53296,12,195424
10030,0.000583,74.125.24.0-255,2902,56198,12,195424
10031,0.000586,172.31.36.0-255,66,56264,12,195424
10032,0.000614,74.125.24.0-255,4320,60584,12,195424
10033,0.000618,172.31.36.0-255,66,60650,12,195424
10034,0.000649,74.125.24.0-255,2902,63552,12,195424
10035,0.000653,172.31.36.0-255,66,63618,12,195424
10036,0.00068,74.125.24.0-255,5379,68997,12,195424
10037,0.000683,172.31.36.0-255,66,69063,12,195424
10038,0.000693,172.31.36.0-255,66,69129,12,195424
10039,0.000711,172.31.36.0-255,66,69195,12,195424
10040,0.001301,74.125.24.0-255,1484,70679,12,195424
10041,0.00131,74.125.24.0-255,2902,73581,12,195424
10042,0.001315,172.31.36.0-255,66,73647,12,195424
10043,0.001321,74.125.24.0-255,4320,77967,12,195424
10044,0.001323,172.31.36.0-255,66,78033,12,195424
10045,0.00137,172.31.36.0-255,66,78099,12,195424
10046,0.001403,74.125.24.0-255,7156,85255,12,195424
10047,0.001405,172.31.36.0-255,66,85321,12,195424
10048,0.00144,172.31.36.0-255,66,85387,12,195424
10049,0.001505,172.31.36.0-255,66,85453,12,195424
10050,0.001508,74.125.24.0-255,1484,86937,12,195424
10051,0.001529,74.125.24.0-255,5738,92675,12,195424
10052,0.001531,172.31.36.0-255,66,92741,12,195424
10053,0.001556,172.31.36.0-255,66,92807,12,195424
10054,0.001601,74.125.24.0-255,1484,94291,12,195424
10055,0.001605,74.125.24.0-255,2902,97193,12,195424
10056,0.001607,172.31.36.0-255,66,97259,12,195424
10057,0.001635,74.125.24.0-255,5738,102997,12,195424
10058,0.001638,172.31.36.0-255,66,103063,12,195424
10059,0.001641,74.125.24.0-255,1484,104547,12,195424
10060,0.001675,172.31.36.0-255,66,104613,12,195424
10061,0.001681,74.125.24.0-255,5738,110351,12,195424
10062,0.001684,172.31.36.0-255,66,110417,12,195424
10063,0.001704,74.125.24.0-255,5020,115437,12,195424
10064,0.00171,172.31.36.0-255,66,115503,12,195424
10065,0.001724,74.125.24.0-255,5738,121241,12,195424
10066,0.001732,172.31.36.0-255,66,121307,12,195424
10067,0.001755,74.125.24.0-255,1484,122791,12,195424
10068,0.001765,172.31.36.0-255,66,122857,12,195424
10069,0.001772,74.125.24.0-255,7156,130013,12,195424
10070,0.001774,172.31.36.0-255,66,130079,12,195424
10071,0.001814,172.31.36.0-255,66,130145,12,195424
10072,0.001816,74.125.24.0-255,766,130911,12,195424
10073,0.001843,74.125.24.0-255,1484,132395,12,195424
10074,0.001845,172.31.36.0-255,66,132461,12,195424
10075,0.001849,74.125.24.0-255,2902,135363,12,195424
10076,0.001851,172.31.36.0-255,66,135429,12,195424
10077,0.001885,74.125.24.0-255,5738,141167,12,195424
10078,0.001888,172.31.36.0-255,66,141233,12,195424
10079,0.001909,172.31.36.0-255,66,141299,12,195424
10080,0.001952,172.31.36.0-255,66,141365,12,195424
10081,0.00198,74.125.24.0-255,7156,148521,12,195424
10082,0.001983,172.31.36.0-255,66,148587,12,195424
10083,0.002017,74.125.24.0-255,7156,155743,12,195424
10084,0.002019,172.31.36.0-255,66,155809,12,195424
10085,0.002026,74.125.24.0-255,7156,162965,12,195424
10086,0.002028,172.31.36.0-255,66,163031,12,195424
10087,0.00206,172.31.36.0-255,66,163097,12,195424
10088,0.002094,172.31.36.0-255,66,163163,12,195424
10089,0.002144,74.125.24.0-255,7156,170319,12,195424
10090,0.002147,172.31.36.0-255,66,170385,12,195424
10091,0.002173,74.125.24.0-255,1484,171869,12,195424
10092,0.002186,172.31.36.0-255,66,171935,12,195424
10093,0.002198,172.31.36.0-255,66,172001,12,195424
10094,0.002213,172.31.36.0-255,66,172067,12,195424
10095,0.002236,74.125.24.0-255,2902,174969,12,195424
10096,0.002238,172.31.36.0-255,66,175035,12,195424
10097,0.002273,172.31.36.0-255,66,175101,12,195424
10098,0.002284,172.31.36.0-255,66,175167,12,195424
10099,0.002295,74.125.24.0-255,7156,182323,12,195424
10100,0.002298,172.31.36.0-255,66,182389,12,195424
10101,0.002323,74.125.24.0-255,5738,188127,12,195424
10102,0.002329,172.31.36.0-255,66,188193,12,195424
10103,0.002361,172.31.36.0-255,66,188259,12,195424
10104,0.002388,74.125.24.0-255,2076,190335,12,195424
10105,0.00239,172.31.36.0-255,66,190401,12,195424
10106,0.002393,74.125.24.0-255,97,190498,12,195424
10107,0.002412,74.125.24.0-255,105,190603,12,195424
10108,0.005784,172.31.36.0-255,101,190704,12,195424
10109,0.007835,172.31.36.0-255,105,190809,12,195424
10110,0.008309,74.125.24.0-255,66,190875,12,195424
10111,0.01033,74.125.24.0-255,66,190941,12,195424
10112,0.036956,172.31.36.0-255,188,191129,12,195424
10113,0.036991,172.31.36.0-255,952,192081,12,195424
10114,0.037035,172.31.36.0-255,1514,193595,12,195424
10115,0.037036,172.31.36.0-255,1457,195052,12,195424
10116,0.038443,104.244.42.0-255,66,195118,12,195424
10117,0.03847,104.244.42.0-255,66,195184,12,195424
10118,0.038563,104.244.42.0-255,66,195250,12,195424
10119,0.039293,104.244.42.0-255,108,195358,12,195424
10120,0.039317,172.31.36.0-255,66,195424,12,195424
10121,0.0,172.217.27.0-255,153,153,12,256284
10122,2.4e-05,172.31.36.0-255,66,219,12,256284
10123,3.2e-05,172.217.27.0-255,1484,1703,12,256284
10124,3.6e-05,172.31.36.0-255,66,1769,12,256284
10125,5.5e-05,172.217.27.0-255,2902,4671,12,256284
10126,5.8e-05,172.31.36.0-255,66,4737,12,256284
10127,6.7e-05,172.217.27.0-255,7156,11893,12,256284
10128,7e-05,172.31.36.0-255,66,11959,12,256284
10129,7.4e-05,172.217.27.0-255,1930,13889,12,256284
10130,7.6e-05,172.31.36.0-255,66,13955,12,256284
10131,0.000161,172.217.27.0-255,1484,15439,12,256284
10132,0.000164,172.31.36.0-255,66,15505,12,256284
10133,0.000185,172.217.27.0-255,2902,18407,12,256284
10134,0.000188,172.31.36.0-255,66,18473,12,256284
10135,0.000194,172.217.27.0-255,2902,21375,12,256284
10136,0.000196,172.31.36.0-255,66,21441,12,256284
10137,0.00021,172.217.27.0-255,2902,24343,12,256284
10138,0.000212,172.31.36.0-255,66,24409,12,256284
10139,0.000218,172.217.27.0-255,4320,28729,12,256284
10140,0.000221,172.31.36.0-255,66,28795,12,256284
10141,0.000263,172.217.27.0-255,2543,31338,12,256284
10142,0.000266,172.31.36.0-255,66,31404,12,256284
10143,0.000326,172.217.27.0-255,1484,32888,12,256284
10144,0.00033,172.31.36.0-255,66,32954,12,256284
10145,0.000334,172.217.27.0-255,1484,34438,12,256284
10146,0.000336,172.31.36.0-255,66,34504,12,256284
10147,0.00035,172.217.27.0-255,1484,35988,12,256284
10148,0.000353,172.31.36.0-255,66,36054,12,256284
10149,0.000356,172.217.27.0-255,1484,37538,12,256284
10150,0.000358,172.31.36.0-255,66,37604,12,256284
10151,0.000389,172.217.27.0-255,4320,41924,12,256284
10152,0.000392,172.31.36.0-255,66,41990,12,256284
10153,0.000399,172.217.27.0-255,6797,48787,12,256284
10154,0.000401,172.31.36.0-255,66,48853,12,256284
10155,0.002076,172.217.27.0-255,5738,54591,12,256284
10156,0.002084,172.31.36.0-255,66,54657,12,256284
10157,0.003724,172.217.27.0-255,5738,60395,12,256284
10158,0.003727,172.31.36.0-255,66,60461,12,256284
10159,0.005361,172.217.27.0-255,5738,66199,12,256284
10160,0.005365,172.31.36.0-255,66,66265,12,256284
10161,0.007003,172.217.27.0-255,5738,72003,12,256284
10162,0.00701,172.31.36.0-255,66,72069,12,256284
10163,0.008659,172.217.27.0-255,5738,77807,12,256284
10164,0.008666,172.31.36.0-255,66,77873,12,256284
10165,0.01031,172.217.27.0-255,5738,83611,12,256284
10166,0.010318,172.31.36.0-255,66,83677,12,256284
10167,0.011978,172.217.27.0-255,5738,89415,12,256284
10168,0.011986,172.31.36.0-255,66,89481,12,256284
10169,0.013634,172.217.27.0-255,5738,95219,12,256284
10170,0.013643,172.31.36.0-255,66,95285,12,256284
10171,0.015287,172.217.27.0-255,5738,101023,12,256284
10172,0.015294,172.31.36.0-255,66,101089,12,256284
10173,0.016946,172.217.27.0-255,5738,106827,12,256284
10174,0.016954,172.31.36.0-255,66,106893,12,256284
10175,0.0186,172.217.27.0-255,5738,112631,12,256284
10176,0.018607,172.31.36.0-255,66,112697,12,256284
10177,0.02025,172.217.27.0-255,5738,118435,12,256284
10178,0.020258,172.31.36.0-255,66,118501,12,256284
10179,0.021898,172.217.27.0-255,5738,124239,12,256284
10180,0.021905,172.31.36.0-255,66,124305,12,256284
10181,0.02354,172.217.27.0-255,5738,130043,12,256284
10182,0.023546,172.31.36.0-255,66,130109,12,256284
10183,0.025199,172.217.27.0-255,5738,135847,12,256284
10184,0.025209,172.31.36.0-255,66,135913,12,256284
10185,0.026862,172.217.27.0-255,5738,141651,12,256284
10186,0.026871,172.31.36.0-255,66,141717,12,256284
10187,0.028511,172.217.27.0-255,5738,147455,12,256284
10188,0.028519,172.31.36.0-255,66,147521,12,256284
10189,0.029187,172.31.36.0-255,172,147693,12,256284
10190,0.029221,172.31.36.0-255,1108,148801,12,256284
10191,0.029282,172.31.36.0-255,1514,150315,12,256284
10192,0.029284,172.31.36.0-255,1299,151614,12,256284
10193,0.030152,172.217.27.0-255,5738,157352,12,256284
10194,0.03016,172.31.36.0-255,66,157418,12,256284
10195,0.030732,104.244.42.0-255,66,157484,12,256284
10196,0.030908,104.244.42.0-255,66,157550,12,256284
10197,0.030914,104.244.42.0-255,66,157616,12,256284
10198,0.031803,172.217.27.0-255,5738,163354,12,256284
10199,0.03181,172.31.36.0-255,66,163420,12,256284
10200,0.033469,172.217.27.0-255,5738,169158,12,256284
10201,0.033482,172.31.36.0-255,66,169224,12,256284
10202,0.035134,172.217.27.0-255,5738,174962,12,256284
10203,0.035142,172.31.36.0-255,66,175028,12,256284
10204,0.036782,172.217.27.0-255,5738,180766,12,256284
10205,0.03679,172.31.36.0-255,66,180832,12,256284
10206,0.03843,172.217.27.0-255,5738,186570,12,256284
10207,0.038437,172.31.36.0-255,66,186636,12,256284
10208,0.040095,172.217.27.0-255,5738,192374,12,256284
10209,0.040103,172.31.36.0-255,66,192440,12,256284
10210,0.041757,172.217.27.0-255,5738,198178,12,256284
10211,0.041765,172.31.36.0-255,66,198244,12,256284
10212,0.043414,172.217.27.0-255,5738,203982,12,256284
10213,0.043421,172.31.36.0-255,66,204048,12,256284
10214,0.045069,172.217.27.0-255,5738,209786,12,256284
10215,0.045077,172.31.36.0-255,66,209852,12,256284
10216,0.046742,172.217.27.0-255,5738,215590,12,256284
10217,0.046752,172.31.36.0-255,66,215656,12,256284
10218,0.048454,172.217.27.0-255,5738,221394,12,256284
10219,0.048467,172.31.36.0-255,66,221460,12,256284
10220,0.050153,172.217.27.0-255,5738,227198,12,256284
10221,0.050171,172.31.36.0-255,66,227264,12,256284
10222,0.051837,172.217.27.0-255,5738,233002,12,256284
10223,0.051853,172.31.36.0-255,66,233068,12,256284
10224,0.053501,172.217.27.0-255,5738,238806,12,256284
10225,0.053513,172.31.36.0-255,66,238872,12,256284
10226,0.055151,172.217.27.0-255,5738,244610,12,256284
10227,0.055159,172.31.36.0-255,66,244676,12,256284
10228,0.056807,172.217.27.0-255,5738,250414,12,256284
10229,0.056814,172.31.36.0-255,66,250480,12,256284
10230,0.058464,172.217.27.0-255,5738,256218,12,256284
10231,0.058471,172.31.36.0-255,66,256284,12,256284
10232,0.0,74.125.24.0-255,161,161,12,320890
10233,2e-05,172.31.36.0-255,66,227,12,320890
10234,4.2e-05,74.125.24.0-255,1484,1711,12,320890
10235,4.7e-05,172.31.36.0-255,66,1777,12,320890
10236,6.7e-05,74.125.24.0-255,2902,4679,12,320890
10237,7.1e-05,172.31.36.0-255,66,4745,12,320890
10238,7.6e-05,74.125.24.0-255,2902,7647,12,320890
10239,7.9e-05,172.31.36.0-255,66,7713,12,320890
10240,0.000102,74.125.24.0-255,4320,12033,12,320890
10241,0.000105,172.31.36.0-255,66,12099,12,320890
10242,0.000119,74.125.24.0-255,3492,15591,12,320890
10243,0.000122,172.31.36.0-255,66,15657,12,320890
10244,0.000127,74.125.24.0-255,4320,19977,12,320890
10245,0.00013,172.31.36.0-255,66,20043,12,320890
10246,0.000148,74.125.24.0-255,1484,21527,12,320890
10247,0.00015,172.31.36.0-255,66,21593,12,320890
10248,0.000168,74.125.24.0-255,2902,24495,12,320890
10249,0.000171,172.31.36.0-255,66,24561,12,320890
10250,0.000196,74.125.24.0-255,6797,31358,12,320890
10251,0.000199,172.31.36.0-255,66,31424,12,320890
10252,0.000308,74.125.24.0-255,1484,32908,12,320890
10253,0.000312,172.31.36.0-255,66,32974,12,320890
10254,0.000315,74.125.24.0-255,1484,34458,12,320890
10255,0.000319,172.31.36.0-255,66,34524,12,320890
10256,0.000333,74.125.24.0-255,1484,36008,12,320890
10257,0.000336,172.31.36.0-255,66,36074,12,320890
10258,0.000374,74.125.24.0-255,5738,41812,12,320890
10259,0.000378,172.31.36.0-255,66,41878,12,320890
10260,0.000383,74.125.24.0-255,4320,46198,12,320890
10261,0.000386,172.31.36.0-255,66,46264,12,320890
10262,0.0004,74.125.24.0-255,2902,49166,12,320890
10263,0.000403,172.31.36.0-255,66,49232,12,320890
10264,0.000421,74.125.24.0-255,1484,50716,12,320890
10265,0.000444,172.31.36.0-255,66,50782,12,320890
10266,0.00048,74.125.24.0-255,5020,55802,12,320890
10267,0.000485,172.31.36.0-255,66,55868,12,320890
10268,0.000604,74.125.24.0-255,360,56228,12,320890
10269,0.000651,74.125.24.0-255,134,56362,12,320890
10270,0.000806,172.31.36.0-255,66,56428,12,320890
10271,0.000953,74.125.24.0-255,1484,57912,12,320890
10272,0.000985,74.125.24.0-255,1484,59396,12,320890
10273,0.00099,172.31.36.0-255,66,59462,12,320890
10274,0.000996,74.125.24.0-255,2902,62364,12,320890
10275,0.000999,172.31.36.0-255,66,62430,12,320890
10276,0.001028,74.125.24.0-255,5738,68168,12,320890
10277,0.001031,172.31.36.0-255,66,68234,12,320890
10278,0.001037,74.125.24.0-255,4320,72554,12,320890
10279,0.001039,172.31.36.0-255,66,72620,12,320890
10280,0.001055,74.125.24.0-255,4320,76940,12,320890
10281,0.001058,172.31.36.0-255,66,77006,12,320890
10282,0.001069,172.31.36.0-255,66,77072,12,320890
10283,0.001091,74.125.24.0-255,3602,80674,12,320890
10284,0.001094,172.31.36.0-255,66,80740,12,320890
10285,0.001219,74.125.24.0-255,1484,82224,12,320890
10286,0.001226,74.125.24.0-255,2902,85126,12,320890
10287,0.00123,172.31.36.0-255,66,85192,12,320890
10288,0.001234,74.125.24.0-255,1484,86676,12,320890
10289,0.00125,74.125.24.0-255,4320,90996,12,320890
10290,0.001252,172.31.36.0-255,66,91062,12,320890
10291,0.001302,172.31.36.0-255,66,91128,12,320890
10292,0.001324,74.125.24.0-255,5738,96866,12,320890
10293,0.001326,172.31.36.0-255,66,96932,12,320890
10294,0.001345,74.125.24.0-255,2902,99834,12,320890
10295,0.001348,172.31.36.0-255,66,99900,12,320890
10296,0.001361,172.31.36.0-255,66,99966,12,320890
10297,0.001446,172.31.36.0-255,66,100032,12,320890
10298,0.001507,74.125.24.0-255,1484,101516,12,320890
10299,0.001513,74.125.24.0-255,2902,104418,12,320890
10300,0.001517,172.31.36.0-255,66,104484,12,320890
10301,0.001535,74.125.24.0-255,5738,110222,12,320890
10302,0.001538,172.31.36.0-255,66,110288,12,320890
10303,0.001544,74.125.24.0-255,4320,114608,12,320890
10304,0.001546,172.31.36.0-255,66,114674,12,320890
10305,0.001581,74.125.24.0-255,5738,120412,12,320890
10306,0.001585,172.31.36.0-255,66,120478,12,320890
10307,0.001597,74.125.24.0-255,5738,126216,12,320890
10308,0.001599,172.31.36.0-255,66,126282,12,320890
10309,0.001608,172.31.36.0-255,66,126348,12,320890
10310,0.001726,74.125.24.0-255,1484,127832,12,320890
10311,0.001746,74.125.24.0-255,2902,130734,12,320890
10312,0.001748,172.31.36.0-255,66,130800,12,320890
10313,0.001764,74.125.24.0-255,1484,132284,12,320890
10314,0.001778,74.125.24.0-255,4320,136604,12,320890
10315,0.00178,172.31.36.0-255,66,136670,12,320890
10316,0.001801,74.125.24.0-255,7156,143826,12,320890
10317,0.001804,172.31.36.0-255,66,143892,12,320890
10318,0.00182,74.125.24.0-255,5738,149630,12,320890
10319,0.001823,172.31.36.0-255,66,149696,12,320890
10320,0.001842,74.125.24.0-255,1484,151180,12,320890
10321,0.001857,74.125.24.0-255,5738,156918,12,320890
10322,0.001859,172.31.36.0-255,66,156984,12,320890
10323,0.001872,74.125.24.0-255,3602,160586,12,320890
10324,0.001874,172.31.36.0-255,66,160652,12,320890
10325,0.002029,74.125.24.0-255,1484,162136,12,320890
10326,0.002046,74.125.24.0-255,2902,165038,12,320890
10327,0.002049,172.31.36.0-255,66,165104,12,320890
10328,0.002061,74.125.24.0-255,2902,168006,12,320890
10329,0.002064,172.31.36.0-255,66,168072,12,320890
10330,0.002077,74.125.24.0-255,2902,170974,12,320890
10331,0.00208,172.31.36.0-255,66,171040,12,320890
10332,0.002102,172.31.36.0-255,66,171106,12,320890
10333,0.002122,74.125.24.0-255,2902,174008,12,320890
10334,0.002124,172.31.36.0-255,66,174074,12,320890
10335,0.00213,74.125.24.0-255,5738,179812,12,320890
10336,0.002132,172.31.36.0-255,66,179878,12,320890
10337,0.002181,74.125.24.0-255,5020,184898,12,320890
10338,0.002184,172.31.36.0-255,66,184964,12,320890
10339,0.002288,74.125.24.0-255,1484,186448,12,320890
10340,0.002304,74.125.24.0-255,2902,189350,12,320890
10341,0.002306,172.31.36.0-255,66,189416,12,320890
10342,0.00231,74.125.24.0-255,1484,190900,12,320890
10343,0.002326,74.125.24.0-255,4320,195220,12,320890
10344,0.002328,172.31.36.0-255,66,195286,12,320890
10345,0.002331,74.125.24.0-255,1484,196770,12,320890
10346,0.002354,172.31.36.0-255,66,196836,12,320890
10347,0.002377,74.125.24.0-255,1484,198320,12,320890
10348,0.002399,172.31.36.0-255,66,198386,12,320890
10349,0.00245,74.125.24.0-255,1484,199870,12,320890
10350,0.002452,74.125.24.0-255,1484,201354,12,320890
10351,0.002461,74.125.24.0-255,1484,202838,12,320890
10352,0.002464,74.125.24.0-255,1484,204322,12,320890
10353,0.002489,74.125.24.0-255,4320,208642,12,320890
10354,0.002494,74.125.24.0-255,4320,212962,12,320890
10355,0.002516,74.125.24.0-255,5738,218700,12,320890
10356,0.002533,74.125.24.0-255,5738,224438,12,320890
10357,0.002643,74.125.24.0-255,1484,225922,12,320890
10358,0.002663,74.125.24.0-255,2902,228824,12,320890
10359,0.002685,74.125.24.0-255,5738,234562,12,320890
10360,0.002688,74.125.24.0-255,1484,236046,12,320890
10361,0.00269,74.125.24.0-255,1484,237530,12,320890
10362,0.002718,74.125.24.0-255,4320,241850,12,320890
10363,0.002739,74.125.24.0-255,7156,249006,12,320890
10364,0.002756,74.125.24.0-255,7156,256162,12,320890
10365,0.002772,74.125.24.0-255,2184,258346,12,320890
10366,0.003042,74.125.24.0-255,1484,259830,12,320890
10367,0.003046,74.125.24.0-255,1484,261314,12,320890
10368,0.003056,74.125.24.0-255,1484,262798,12,320890
10369,0.003067,74.125.24.0-255,1484,264282,12,320890
10370,0.003084,74.125.24.0-255,4320,268602,12,320890
10371,0.003099,74.125.24.0-255,4320,272922,12,320890
10372,0.003114,74.125.24.0-255,4320,277242,12,320890
10373,0.003153,74.125.24.0-255,1484,278726,12,320890
10374,0.003159,74.125.24.0-255,4320,283046,12,320890
10375,0.003206,74.125.24.0-255,7156,290202,12,320890
10376,0.00322,74.125.24.0-255,3602,293804,12,320890
10377,0.003225,74.125.24.0-255,4320,298124,12,320890
10378,0.003247,74.125.24.0-255,7156,305280,12,320890
10379,0.003252,74.125.24.0-255,4320,309600,12,320890
10380,0.003267,74.125.24.0-255,4320,313920,12,320890
10381,0.00327,74.125.24.0-255,153,314073,12,320890
10382,0.003319,74.125.24.0-255,105,314178,12,320890
10383,0.005782,172.31.36.0-255,66,314244,12,320890
10384,0.008435,172.31.36.0-255,105,314349,12,320890
10385,0.011044,74.125.24.0-255,66,314415,12,320890
10386,0.024881,172.31.36.0-255,172,314587,12,320890
10387,0.024941,172.31.36.0-255,1109,315696,12,320890
10388,0.024993,172.31.36.0-255,1514,317210,12,320890
10389,0.024995,172.31.36.0-255,1514,318724,12,320890
10390,0.025,172.31.36.0-255,1514,320238,12,320890
10391,0.025001,172.31.36.0-255,388,320626,12,320890
10392,0.026403,104.244.42.0-255,66,320692,12,320890
10393,0.026489,104.244.42.0-255,66,320758,12,320890
10394,0.026544,104.244.42.0-255,66,320824,12,320890
10395,0.026549,104.244.42.0-255,66,320890,12,320890
10396,0.0,172.217.194.0-255,153,153,12,253947
10397,2.3e-05,172.31.36.0-255,66,219,12,253947
10398,3e-05,172.217.194.0-255,1484,1703,12,253947
10399,3.5e-05,172.31.36.0-255,66,1769,12,253947
10400,4.1e-05,172.217.194.0-255,2902,4671,12,253947
10401,4.4e-05,172.31.36.0-255,66,4737,12,253947
10402,5.2e-05,172.217.194.0-255,7156,11893,12,253947
10403,5.5e-05,172.31.36.0-255,66,11959,12,253947
10404,8.3e-05,172.217.194.0-255,2048,14007,12,253947
10405,8.6e-05,172.31.36.0-255,66,14073,12,253947
10406,9.1e-05,172.217.194.0-255,2902,16975,12,253947
10407,9.3e-05,172.31.36.0-255,66,17041,12,253947
10408,0.0001,172.217.194.0-255,5738,22779,12,253947
10409,0.000103,172.31.36.0-255,66,22845,12,253947
10410,0.00013,172.217.194.0-255,1484,24329,12,253947
10411,0.000132,172.31.36.0-255,66,24395,12,253947
10412,0.000139,172.217.194.0-255,6797,31192,12,253947
10413,0.000142,172.31.36.0-255,66,31258,12,253947
10414,0.000179,172.217.194.0-255,1484,32742,12,253947
10415,0.000182,172.31.36.0-255,66,32808,12,253947
10416,0.000186,172.217.194.0-255,2902,35710,12,253947
10417,0.000188,172.31.36.0-255,66,35776,12,253947
10418,0.000203,172.217.194.0-255,4320,40096,12,253947
10419,0.000207,172.31.36.0-255,66,40162,12,253947
10420,0.000225,172.217.194.0-255,1484,41646,12,253947
10421,0.000227,172.31.36.0-255,66,41712,12,253947
10422,0.000236,172.217.194.0-255,6797,48509,12,253947
10423,0.000238,172.31.36.0-255,66,48575,12,253947
10424,0.000251,172.217.194.0-255,2902,51477,12,253947
10425,0.000254,172.31.36.0-255,66,51543,12,253947
10426,0.000281,172.31.36.0-255,66,51609,12,253947
10427,0.000285,172.217.194.0-255,2837,54446,12,253947
10428,0.000288,172.31.36.0-255,66,54512,12,253947
10429,0.00029,172.217.194.0-255,363,54875,12,253947
10430,0.000607,172.217.194.0-255,1484,56359,12,253947
10431,0.000613,172.31.36.0-255,66,56425,12,253947
10432,0.000618,172.217.194.0-255,2902,59327,12,253947
10433,0.00062,172.31.36.0-255,66,59393,12,253947
10434,0.000627,172.217.194.0-255,5738,65131,12,253947
10435,0.00063,172.31.36.0-255,66,65197,12,253947
10436,0.000666,172.31.36.0-255,66,65263,12,253947
10437,0.000672,172.217.194.0-255,4320,69583,12,253947
10438,0.000674,172.31.36.0-255,66,69649,12,253947
10439,0.000695,172.217.194.0-255,6438,76087,12,253947
10440,0.000698,172.31.36.0-255,66,76153,12,253947
10441,0.001079,172.217.194.0-255,1484,77637,12,253947
10442,0.001083,172.217.194.0-255,1484,79121,12,253947
10443,0.001086,172.31.36.0-255,66,79187,12,253947
10444,0.001109,172.217.194.0-255,1484,80671,12,253947
10445,0.001117,172.217.194.0-255,5738,86409,12,253947
10446,0.001119,172.31.36.0-255,66,86475,12,253947
10447,0.001123,172.217.194.0-255,2902,89377,12,253947
10448,0.001125,172.31.36.0-255,66,89443,12,253947
10449,0.001157,172.31.36.0-255,66,89509,12,253947
10450,0.001168,172.31.36.0-255,66,89575,12,253947
10451,0.001192,172.217.194.0-255,2184,91759,12,253947
10452,0.001195,172.31.36.0-255,66,91825,12,253947
10453,0.001565,172.217.194.0-255,1484,93309,12,253947
10454,0.001571,172.217.194.0-255,2902,96211,12,253947
10455,0.001575,172.31.36.0-255,66,96277,12,253947
10456,0.00158,172.217.194.0-255,2902,99179,12,253947
10457,0.001582,172.31.36.0-255,66,99245,12,253947
10458,0.001596,172.217.194.0-255,2902,102147,12,253947
10459,0.001598,172.31.36.0-255,66,102213,12,253947
10460,0.001605,172.217.194.0-255,5738,107951,12,253947
10461,0.001607,172.31.36.0-255,66,108017,12,253947
10462,0.00161,172.217.194.0-255,1484,109501,12,253947
10463,0.001642,172.31.36.0-255,66,109567,12,253947
10464,0.001647,172.217.194.0-255,4320,113887,12,253947
10465,0.001649,172.31.36.0-255,66,113953,12,253947
10466,0.001665,172.217.194.0-255,766,114719,12,253947
10467,0.0017,172.217.194.0-255,5738,120457,12,253947
10468,0.001703,172.31.36.0-255,66,120523,12,253947
10469,0.001711,172.217.194.0-255,7156,127679,12,253947
10470,0.001712,172.31.36.0-255,66,127745,12,253947
10471,0.001741,172.217.194.0-255,7156,134901,12,253947
10472,0.001744,172.31.36.0-255,66,134967,12,253947
10473,0.001773,172.217.194.0-255,7156,142123,12,253947
10474,0.001776,172.31.36.0-255,66,142189,12,253947
10475,0.001783,172.217.194.0-255,6438,148627,12,253947
10476,0.001785,172.31.36.0-255,66,148693,12,253947
10477,0.001867,172.217.194.0-255,1484,150177,12,253947
10478,0.001872,172.217.194.0-255,2902,153079,12,253947
10479,0.001875,172.31.36.0-255,66,153145,12,253947
10480,0.001899,172.217.194.0-255,5738,158883,12,253947
10481,0.001902,172.31.36.0-255,66,158949,12,253947
10482,0.001909,172.217.194.0-255,7156,166105,12,253947
10483,0.001913,172.31.36.0-255,66,166171,12,253947
10484,0.001949,172.31.36.0-255,66,166237,12,253947
10485,0.001953,172.217.194.0-255,2184,168421,12,253947
10486,0.001955,172.31.36.0-255,66,168487,12,253947
10487,0.00214,172.217.194.0-255,1484,169971,12,253947
10488,0.002147,172.217.194.0-255,2902,172873,12,253947
10489,0.002151,172.31.36.0-255,66,172939,12,253947
10490,0.002176,172.217.194.0-255,5738,178677,12,253947
10491,0.002179,172.31.36.0-255,66,178743,12,253947
10492,0.002182,172.217.194.0-255,1484,180227,12,253947
10493,0.002223,172.31.36.0-255,66,180293,12,253947
10494,0.002238,172.31.36.0-255,66,180359,12,253947
10495,0.002267,172.31.36.0-255,66,180425,12,253947
10496,0.002312,172.31.36.0-255,66,180491,12,253947
10497,0.002318,172.217.194.0-255,5020,185511,12,253947
10498,0.00232,172.31.36.0-255,66,185577,12,253947
10499,0.002386,172.31.36.0-255,66,185643,12,253947
10500,0.002422,172.217.194.0-255,5738,191381,12,253947
10501,0.002426,172.31.36.0-255,66,191447,12,253947
10502,0.002439,172.31.36.0-255,66,191513,12,253947
10503,0.002454,172.31.36.0-255,66,191579,12,253947
10504,0.002464,172.31.36.0-255,66,191645,12,253947
10505,0.004824,172.217.194.0-255,5738,197383,12,253947
10506,0.004831,172.31.36.0-255,66,197449,12,253947
10507,0.007236,172.217.194.0-255,5738,203187,12,253947
10508,0.00724,172.31.36.0-255,66,203253,12,253947
10509,0.009636,172.217.194.0-255,5738,208991,12,253947
10510,0.009643,172.31.36.0-255,66,209057,12,253947
10511,0.012015,172.217.194.0-255,5738,214795,12,253947
10512,0.012023,172.31.36.0-255,66,214861,12,253947
10513,0.014408,172.217.194.0-255,5738,220599,12,253947
10514,0.014415,172.31.36.0-255,66,220665,12,253947
10515,0.016793,172.217.194.0-255,5738,226403,12,253947
10516,0.016803,172.31.36.0-255,66,226469,12,253947
10517,0.019187,172.217.194.0-255,5738,232207,12,253947
10518,0.019195,172.31.36.0-255,66,232273,12,253947
10519,0.021557,172.217.194.0-255,5738,238011,12,253947
10520,0.021566,172.31.36.0-255,66,238077,12,253947
10521,0.023957,172.217.194.0-255,5738,243815,12,253947
10522,0.023965,172.31.36.0-255,66,243881,12,253947
10523,0.026354,172.217.194.0-255,5470,249351,12,253947
10524,0.026362,172.31.36.0-255,66,249417,12,253947
10525,0.027165,172.31.36.0-255,105,249522,12,253947
10526,0.029511,172.217.194.0-255,66,249588,12,253947
10527,0.037816,172.31.36.0-255,172,249760,12,253947
10528,0.03785,172.31.36.0-255,1108,250868,12,253947
10529,0.037912,172.31.36.0-255,1514,252382,12,253947
10530,0.037914,172.31.36.0-255,1301,253683,12,253947
10531,0.039361,104.244.42.0-255,66,253749,12,253947
10532,0.039393,104.244.42.0-255,66,253815,12,253947
10533,0.03946,104.244.42.0-255,66,253881,12,253947
10534,0.039473,104.244.42.0-255,66,253947,12,253947
10535,0.0,74.125.24.0-255,152,152,12,223475
10536,1.8e-05,172.31.36.0-255,66,218,12,223475
10537,2.5e-05,74.125.24.0-255,1484,1702,12,223475
10538,2.9e-05,172.31.36.0-255,66,1768,12,223475
10539,4.2e-05,74.125.24.0-255,2902,4670,12,223475
10540,4.6e-05,172.31.36.0-255,66,4736,12,223475
10541,5.1e-05,74.125.24.0-255,2902,7638,12,223475
10542,5.4e-05,172.31.36.0-255,66,7704,12,223475
10543,6.3e-05,74.125.24.0-255,7156,14860,12,223475
10544,6.6e-05,172.31.36.0-255,66,14926,12,223475
10545,8.9e-05,74.125.24.0-255,677,15603,12,223475
10546,9.7e-05,172.31.36.0-255,66,15669,12,223475
10547,0.000111,172.31.36.0-255,66,15735,12,223475
10548,0.000141,74.125.24.0-255,3961,19696,12,223475
10549,0.000144,172.31.36.0-255,66,19762,12,223475
10550,0.000274,74.125.24.0-255,1484,21246,12,223475
10551,0.000279,172.31.36.0-255,66,21312,12,223475
10552,0.000285,74.125.24.0-255,2902,24214,12,223475
10553,0.000287,172.31.36.0-255,66,24280,12,223475
10554,0.000312,74.125.24.0-255,1484,25764,12,223475
10555,0.000315,172.31.36.0-255,66,25830,12,223475
10556,0.000356,74.125.24.0-255,4320,30150,12,223475
10557,0.000359,172.31.36.0-255,66,30216,12,223475
10558,0.000377,172.31.36.0-255,66,30282,12,223475
10559,0.00039,172.31.36.0-255,66,30348,12,223475
10560,0.000393,74.125.24.0-255,396,30744,12,223475
10561,0.000395,172.31.36.0-255,66,30810,12,223475
10562,0.00042,74.125.24.0-255,347,31157,12,223475
10563,0.000423,172.31.36.0-255,66,31223,12,223475
10564,0.000674,172.31.36.0-255,101,31324,12,223475
10565,0.001083,74.125.24.0-255,1484,32808,12,223475
10566,0.001091,74.125.24.0-255,2902,35710,12,223475
10567,0.001095,172.31.36.0-255,66,35776,12,223475
10568,0.001127,74.125.24.0-255,5738,41514,12,223475
10569,0.001154,172.31.36.0-255,66,41580,12,223475
10570,0.001161,74.125.24.0-255,4320,45900,12,223475
10571,0.001172,74.125.24.0-255,5738,51638,12,223475
10572,0.001177,74.125.24.0-255,4320,55958,12,223475
10573,0.001184,172.31.36.0-255,66,56024,12,223475
10574,0.001208,74.125.24.0-255,7156,63180,12,223475
10575,0.001212,74.125.24.0-255,2184,65364,12,223475
10576,0.001239,172.31.36.0-255,66,65430,12,223475
10577,0.002673,74.125.24.0-255,66,65496,12,223475
10578,0.003292,74.125.24.0-255,5738,71234,12,223475
10579,0.003297,172.31.36.0-255,66,71300,12,223475
10580,0.005309,74.125.24.0-255,5738,77038,12,223475
10581,0.007293,172.31.36.0-255,66,77104,12,223475
10582,0.009313,74.125.24.0-255,5738,82842,12,223475
10583,0.00932,172.31.36.0-255,66,82908,12,223475
10584,0.01138,74.125.24.0-255,5738,88646,12,223475
10585,0.011452,172.31.36.0-255,66,88712,12,223475
10586,0.013523,74.125.24.0-255,5738,94450,12,223475
10587,0.013532,172.31.36.0-255,66,94516,12,223475
10588,0.015584,74.125.24.0-255,5738,100254,12,223475
10589,0.015593,172.31.36.0-255,66,100320,12,223475
10590,0.017633,74.125.24.0-255,5738,106058,12,223475
10591,0.017641,172.31.36.0-255,66,106124,12,223475
10592,0.019717,74.125.24.0-255,5738,111862,12,223475
10593,0.019725,172.31.36.0-255,66,111928,12,223475
10594,0.021775,74.125.24.0-255,5738,117666,12,223475
10595,0.021782,172.31.36.0-255,66,117732,12,223475
10596,0.023835,74.125.24.0-255,5738,123470,12,223475
10597,0.023843,172.31.36.0-255,66,123536,12,223475
10598,0.02586,74.125.24.0-255,5738,129274,12,223475
10599,0.025868,172.31.36.0-255,66,129340,12,223475
10600,0.027918,74.125.24.0-255,5738,135078,12,223475
10601,0.027926,172.31.36.0-255,66,135144,12,223475
10602,0.029991,74.125.24.0-255,5738,140882,12,223475
10603,0.03,172.31.36.0-255,66,140948,12,223475
10604,0.032028,74.125.24.0-255,4320,145268,12,223475
10605,0.032036,172.31.36.0-255,66,145334,12,223475
10606,0.032064,74.125.24.0-255,1484,146818,12,223475
10607,0.032947,172.31.36.0-255,176,146994,12,223475
10608,0.032978,172.31.36.0-255,1109,148103,12,223475
10609,0.033036,172.31.36.0-255,1140,149243,12,223475
10610,0.03409,74.125.24.0-255,4320,153563,12,223475
10611,0.034097,172.31.36.0-255,66,153629,12,223475
10612,0.034521,104.244.42.0-255,66,153695,12,223475
10613,0.034568,104.244.42.0-255,66,153761,12,223475
10614,0.034609,104.244.42.0-255,66,153827,12,223475
10615,0.036158,74.125.24.0-255,5738,159565,12,223475
10616,0.036211,172.31.36.0-255,66,159631,12,223475
10617,0.038255,74.125.24.0-255,5738,165369,12,223475
10618,0.038262,172.31.36.0-255,66,165435,12,223475
10619,0.040294,74.125.24.0-255,5738,171173,12,223475
10620,0.040299,172.31.36.0-255,66,171239,12,223475
10621,0.042348,74.125.24.0-255,5738,176977,12,223475
10622,0.042355,172.31.36.0-255,66,177043,12,223475
10623,0.044382,74.125.24.0-255,5738,182781,12,223475
10624,0.044389,172.31.36.0-255,66,182847,12,223475
10625,0.046517,74.125.24.0-255,5738,188585,12,223475
10626,0.046524,172.31.36.0-255,66,188651,12,223475
10627,0.048571,74.125.24.0-255,5738,194389,12,223475
10628,0.048578,172.31.36.0-255,66,194455,12,223475
10629,0.050639,74.125.24.0-255,5738,200193,12,223475
10630,0.050645,172.31.36.0-255,66,200259,12,223475
10631,0.052679,74.125.24.0-255,5738,205997,12,223475
10632,0.052687,172.31.36.0-255,66,206063,12,223475
10633,0.054745,74.125.24.0-255,5738,211801,12,223475
10634,0.054752,172.31.36.0-255,66,211867,12,223475
10635,0.056785,74.125.24.0-255,5738,217605,12,223475
10636,0.056792,172.31.36.0-255,66,217671,12,223475
10637,0.058826,74.125.24.0-255,5738,223409,12,223475
10638,0.058833,172.31.36.0-255,66,223475,12,223475
10639,0.0,74.125.24.0-255,153,153,12,227319
10640,1.5e-05,172.31.36.0-255,66,219,12,227319
10641,2.3e-05,74.125.24.0-255,1484,1703,12,227319
10642,2.7e-05,172.31.36.0-255,66,1769,12,227319
10643,3.4e-05,74.125.24.0-255,2902,4671,12,227319
10644,3.7e-05,172.31.36.0-255,66,4737,12,227319
10645,5.3e-05,74.125.24.0-255,7156,11893,12,227319
10646,5.7e-05,172.31.36.0-255,66,11959,12,227319
10647,6.1e-05,74.125.24.0-255,2020,13979,12,227319
10648,6.4e-05,172.31.36.0-255,66,14045,12,227319
10649,0.000549,74.125.24.0-255,1484,15529,12,227319
10650,0.000555,172.31.36.0-255,66,15595,12,227319
10651,0.000563,74.125.24.0-255,2902,18497,12,227319
10652,0.000566,172.31.36.0-255,66,18563,12,227319
10653,0.000579,74.125.24.0-255,5738,24301,12,227319
10654,0.000581,172.31.36.0-255,66,24367,12,227319
10655,0.000618,74.125.24.0-255,6797,31164,12,227319
10656,0.000622,172.31.36.0-255,66,31230,12,227319
10657,0.000873,74.125.24.0-255,1484,32714,12,227319
10658,0.000879,172.31.36.0-255,66,32780,12,227319
10659,0.000886,74.125.24.0-255,2902,35682,12,227319
10660,0.000888,172.31.36.0-255,66,35748,12,227319
10661,0.000918,74.125.24.0-255,5738,41486,12,227319
10662,0.000922,172.31.36.0-255,66,41552,12,227319
10663,0.000925,74.125.24.0-255,1484,43036,12,227319
10664,0.000927,172.31.36.0-255,66,43102,12,227319
10665,0.000957,74.125.24.0-255,5379,48481,12,227319
10666,0.00096,172.31.36.0-255,66,48547,12,227319
10667,0.000968,74.125.24.0-255,7156,55703,12,227319
10668,0.000971,172.31.36.0-255,66,55769,12,227319
10669,0.000976,74.125.24.0-255,4320,60089,12,227319
10670,0.000978,172.31.36.0-255,66,60155,12,227319
10671,0.001011,74.125.24.0-255,5379,65534,12,227319
10672,0.001014,172.31.36.0-255,66,65600,12,227319
10673,0.00188,74.125.24.0-255,646,66246,12,227319
10674,0.002046,74.125.24.0-255,1484,67730,12,227319
10675,0.002051,172.31.36.0-255,66,67796,12,227319
10676,0.002057,74.125.24.0-255,2902,70698,12,227319
10677,0.002061,172.31.36.0-255,66,70764,12,227319
10678,0.002073,74.125.24.0-255,5738,76502,12,227319
10679,0.002076,172.31.36.0-255,66,76568,12,227319
10680,0.002079,74.125.24.0-255,1484,78052,12,227319
10681,0.002117,172.31.36.0-255,66,78118,12,227319
10682,0.002129,172.31.36.0-255,66,78184,12,227319
10683,0.002153,74.125.24.0-255,2184,80368,12,227319
10684,0.002155,172.31.36.0-255,66,80434,12,227319
10685,0.004385,74.125.24.0-255,2902,83336,12,227319
10686,0.004393,172.31.36.0-255,66,83402,12,227319
10687,0.004422,74.125.24.0-255,2902,86304,12,227319
10688,0.004426,172.31.36.0-255,66,86370,12,227319
10689,0.006687,74.125.24.0-255,5738,92108,12,227319
10690,0.006694,172.31.36.0-255,66,92174,12,227319
10691,0.009001,74.125.24.0-255,5738,97912,12,227319
10692,0.009009,172.31.36.0-255,66,97978,12,227319
10693,0.011277,74.125.24.0-255,5738,103716,12,227319
10694,0.011285,172.31.36.0-255,66,103782,12,227319
10695,0.013548,74.125.24.0-255,5738,109520,12,227319
10696,0.013557,172.31.36.0-255,66,109586,12,227319
10697,0.015823,74.125.24.0-255,5738,115324,12,227319
10698,0.015832,172.31.36.0-255,66,115390,12,227319
10699,0.018121,74.125.24.0-255,5738,121128,12,227319
10700,0.01813,172.31.36.0-255,66,121194,12,227319
10701,0.02039,74.125.24.0-255,5738,126932,12,227319
10702,0.020398,172.31.36.0-255,66,126998,12,227319
10703,0.022657,74.125.24.0-255,5738,132736,12,227319
10704,0.022663,172.31.36.0-255,66,132802,12,227319
10705,0.023855,172.31.36.0-255,172,132974,12,227319
10706,0.023895,172.31.36.0-255,1109,134083,12,227319
10707,0.024729,172.31.36.0-255,1514,135597,12,227319
10708,0.024731,172.31.36.0-255,1298,136895,12,227319
10709,0.024953,74.125.24.0-255,4320,141215,12,227319
10710,0.02496,172.31.36.0-255,66,141281,12,227319
10711,0.024986,74.125.24.0-255,1484,142765,12,227319
10712,0.025399,104.244.42.0-255,66,142831,12,227319
10713,0.025487,104.244.42.0-255,66,142897,12,227319
10714,0.02632,104.244.42.0-255,66,142963,12,227319
10715,0.027218,74.125.24.0-255,4320,147283,12,227319
10716,0.027224,172.31.36.0-255,66,147349,12,227319
10717,0.029485,74.125.24.0-255,5738,153087,12,227319
10718,0.029491,172.31.36.0-255,66,153153,12,227319
10719,0.031747,74.125.24.0-255,5738,158891,12,227319
10720,0.031752,172.31.36.0-255,66,158957,12,227319
10721,0.034049,74.125.24.0-255,5738,164695,12,227319
10722,0.034054,172.31.36.0-255,66,164761,12,227319
10723,0.036326,74.125.24.0-255,5738,170499,12,227319
10724,0.036332,172.31.36.0-255,66,170565,12,227319
10725,0.038622,74.125.24.0-255,5738,176303,12,227319
10726,0.038629,172.31.36.0-255,66,176369,12,227319
10727,0.040875,74.125.24.0-255,5738,182107,12,227319
10728,0.040882,172.31.36.0-255,66,182173,12,227319
10729,0.043177,74.125.24.0-255,5738,187911,12,227319
10730,0.043185,172.31.36.0-255,66,187977,12,227319
10731,0.045455,74.125.24.0-255,4320,192297,12,227319
10732,0.045461,172.31.36.0-255,66,192363,12,227319
10733,0.045497,74.125.24.0-255,1484,193847,12,227319
10734,0.047721,74.125.24.0-255,4320,198167,12,227319
10735,0.047726,172.31.36.0-255,66,198233,12,227319
10736,0.050009,74.125.24.0-255,5738,203971,12,227319
10737,0.050014,172.31.36.0-255,66,204037,12,227319
10738,0.052313,74.125.24.0-255,1484,205521,12,227319
10739,0.052344,74.125.24.0-255,4320,209841,12,227319
10740,0.05235,172.31.36.0-255,66,209907,12,227319
10741,0.054615,74.125.24.0-255,5738,215645,12,227319
10742,0.054622,172.31.36.0-255,66,215711,12,227319
10743,0.056878,74.125.24.0-255,5738,221449,12,227319
10744,0.056884,172.31.36.0-255,66,221515,12,227319
10745,0.059165,74.125.24.0-255,5738,227253,12,227319
10746,0.059173,172.31.36.0-255,66,227319,12,227319
10747,0.0,172.217.194.0-255,153,153,12,238306
10748,2.4e-05,172.31.36.0-255,66,219,12,238306
10749,3.2e-05,172.217.194.0-255,1484,1703,12,238306
10750,3.7e-05,172.31.36.0-255,66,1769,12,238306
10751,4.2e-05,172.217.194.0-255,2902,4671,12,238306
10752,4.6e-05,172.31.36.0-255,66,4737,12,238306
10753,6.1e-05,172.217.194.0-255,7156,11893,12,238306
10754,6.4e-05,172.31.36.0-255,66,11959,12,238306
10755,7.1e-05,172.217.194.0-255,6320,18279,12,238306
10756,7.4e-05,172.31.36.0-255,66,18345,12,238306
10757,0.000102,172.217.194.0-255,2902,21247,12,238306
10758,0.000104,172.31.36.0-255,66,21313,12,238306
10759,0.000144,172.31.36.0-255,66,21379,12,238306
10760,0.000196,172.217.194.0-255,1484,22863,12,238306
10761,0.000199,172.31.36.0-255,66,22929,12,238306
10762,0.000204,172.217.194.0-255,2902,25831,12,238306
10763,0.000206,172.31.36.0-255,66,25897,12,238306
10764,0.00024,172.217.194.0-255,5738,31635,12,238306
10765,0.000243,172.31.36.0-255,66,31701,12,238306
10766,0.00025,172.217.194.0-255,5738,37439,12,238306
10767,0.000252,172.31.36.0-255,66,37505,12,238306
10768,0.000282,172.31.36.0-255,66,37571,12,238306
10769,0.000292,172.31.36.0-255,66,37637,12,238306
10770,0.000295,172.217.194.0-255,396,38033,12,238306
10771,0.000297,172.31.36.0-255,66,38099,12,238306
10772,0.000551,172.217.194.0-255,1484,39583,12,238306
10773,0.000557,172.31.36.0-255,66,39649,12,238306
10774,0.000563,172.217.194.0-255,2902,42551,12,238306
10775,0.000566,172.31.36.0-255,66,42617,12,238306
10776,0.000577,172.217.194.0-255,4320,46937,12,238306
10777,0.00058,172.31.36.0-255,66,47003,12,238306
10778,0.000615,172.217.194.0-255,1484,48487,12,238306
10779,0.000636,172.31.36.0-255,66,48553,12,238306
10780,0.000648,172.31.36.0-255,66,48619,12,238306
10781,0.0017,172.217.194.0-255,1484,50103,12,238306
10782,0.00171,172.217.194.0-255,2902,53005,12,238306
10783,0.001715,172.31.36.0-255,66,53071,12,238306
10784,0.001722,172.217.194.0-255,2902,55973,12,238306
10785,0.001724,172.31.36.0-255,66,56039,12,238306
10786,0.001762,172.217.194.0-255,2902,58941,12,238306
10787,0.001765,172.31.36.0-255,66,59007,12,238306
10788,0.001785,172.31.36.0-255,66,59073,12,238306
10789,0.001791,172.217.194.0-255,5738,64811,12,238306
10790,0.001793,172.31.36.0-255,66,64877,12,238306
10791,0.001826,172.217.194.0-255,5020,69897,12,238306
10792,0.001829,172.31.36.0-255,66,69963,12,238306
10793,0.002485,172.217.194.0-255,1484,71447,12,238306
10794,0.002494,172.217.194.0-255,2902,74349,12,238306
10795,0.002498,172.31.36.0-255,66,74415,12,238306
10796,0.002502,172.217.194.0-255,1484,75899,12,238306
10797,0.002531,172.217.194.0-255,4320,80219,12,238306
10798,0.002533,172.31.36.0-255,66,80285,12,238306
10799,0.002579,172.31.36.0-255,66,80351,12,238306
10800,0.002606,172.217.194.0-255,4320,84671,12,238306
10801,0.002608,172.31.36.0-255,66,84737,12,238306
10802,0.002617,172.217.194.0-255,7156,91893,12,238306
10803,0.00262,172.31.36.0-255,66,91959,12,238306
10804,0.00264,172.31.36.0-255,66,92025,12,238306
10805,0.002655,172.31.36.0-255,66,92091,12,238306
10806,0.002662,172.217.194.0-255,5020,97111,12,238306
10807,0.002664,172.31.36.0-255,66,97177,12,238306
10808,0.002672,172.217.194.0-255,5738,102915,12,238306
10809,0.002675,172.31.36.0-255,66,102981,12,238306
10810,0.002716,172.31.36.0-255,66,103047,12,238306
10811,0.002723,172.217.194.0-255,5738,108785,12,238306
10812,0.002725,172.31.36.0-255,66,108851,12,238306
10813,0.005373,172.217.194.0-255,4320,113171,12,238306
10814,0.005377,172.31.36.0-255,66,113237,12,238306
10815,0.005405,172.217.194.0-255,1484,114721,12,238306
10816,0.008033,172.217.194.0-255,4320,119041,12,238306
10817,0.00804,172.31.36.0-255,66,119107,12,238306
10818,0.010701,172.217.194.0-255,5738,124845,12,238306
10819,0.010709,172.31.36.0-255,66,124911,12,238306
10820,0.013353,172.217.194.0-255,5738,130649,12,238306
10821,0.013362,172.31.36.0-255,66,130715,12,238306
10822,0.016045,172.217.194.0-255,5738,136453,12,238306
10823,0.016054,172.31.36.0-255,66,136519,12,238306
10824,0.018716,172.217.194.0-255,5738,142257,12,238306
10825,0.018728,172.31.36.0-255,66,142323,12,238306
10826,0.021403,172.217.194.0-255,5738,148061,12,238306
10827,0.021412,172.31.36.0-255,66,148127,12,238306
10828,0.024093,172.217.194.0-255,5738,153865,12,238306
10829,0.024101,172.31.36.0-255,66,153931,12,238306
10830,0.026788,172.217.194.0-255,5738,159669,12,238306
10831,0.026796,172.31.36.0-255,66,159735,12,238306
10832,0.029474,172.217.194.0-255,5738,165473,12,238306
10833,0.029484,172.31.36.0-255,66,165539,12,238306
10834,0.03217,172.217.194.0-255,5738,171277,12,238306
10835,0.032179,172.31.36.0-255,66,171343,12,238306
10836,0.034865,172.217.194.0-255,5738,177081,12,238306
10837,0.034875,172.31.36.0-255,66,177147,12,238306
10838,0.037543,172.217.194.0-255,5738,182885,12,238306
10839,0.037556,172.31.36.0-255,66,182951,12,238306
10840,0.040247,172.217.194.0-255,5738,188689,12,238306
10841,0.040255,172.31.36.0-255,66,188755,12,238306
10842,0.042918,172.217.194.0-255,5738,194493,12,238306
10843,0.042926,172.31.36.0-255,66,194559,12,238306
10844,0.043056,172.31.36.0-255,172,194731,12,238306
10845,0.043101,172.31.36.0-255,1108,195839,12,238306
10846,0.04317,172.31.36.0-255,1514,197353,12,238306
10847,0.043172,172.31.36.0-255,1514,198867,12,238306
10848,0.043176,172.31.36.0-255,1514,200381,12,238306
10849,0.043178,172.31.36.0-255,1514,201895,12,238306
10850,0.043197,172.31.36.0-255,1323,203218,12,238306
10851,0.044631,104.244.42.0-255,66,203284,12,238306
10852,0.044679,104.244.42.0-255,66,203350,12,238306
10853,0.044778,104.244.42.0-255,66,203416,12,238306
10854,0.044784,104.244.42.0-255,66,203482,12,238306
10855,0.045608,172.217.194.0-255,5738,209220,12,238306
10856,0.045617,172.31.36.0-255,66,209286,12,238306
10857,0.048273,172.217.194.0-255,5738,215024,12,238306
10858,0.048281,172.31.36.0-255,66,215090,12,238306
10859,0.050964,172.217.194.0-255,5738,220828,12,238306
10860,0.050971,172.31.36.0-255,66,220894,12,238306
10861,0.053668,172.217.194.0-255,5738,226632,12,238306
10862,0.053675,172.31.36.0-255,66,226698,12,238306
10863,0.056335,172.217.194.0-255,5738,232436,12,238306
10864,0.056341,172.31.36.0-255,66,232502,12,238306
10865,0.059009,172.217.194.0-255,5738,238240,12,238306
10866,0.059015,172.31.36.0-255,66,238306,12,238306
10867,0.0,172.31.36.0-255,251,251,12,317
10868,0.005534,172.217.194.0-255,66,317,12,317
10869,0.0,172.217.194.0-255,291,291,12,196725
10870,2.5e-05,172.31.36.0-255,66,357,12,196725
10871,3.1e-05,172.217.194.0-255,1484,1841,12,196725
10872,3.5e-05,172.31.36.0-255,66,1907,12,196725
10873,5.2e-05,172.217.194.0-255,2902,4809,12,196725
10874,5.5e-05,172.31.36.0-255,66,4875,12,196725
10875,7.3e-05,172.217.194.0-255,1484,6359,12,196725
10876,7.7e-05,172.217.194.0-255,2902,9261,12,196725
10877,7.7e-05,172.31.36.0-255,66,9327,12,196725
10878,8.2e-05,172.217.194.0-255,4320,13647,12,196725
10879,8.2e-05,172.31.36.0-255,66,13713,12,196725
10880,8.5e-05,172.31.36.0-255,66,13779,12,196725
10881,0.000108,172.217.194.0-255,4702,18481,12,196725
10882,0.000111,172.31.36.0-255,66,18547,12,196725
10883,0.000134,172.31.36.0-255,66,18613,12,196725
10884,0.000153,172.217.194.0-255,1125,19738,12,196725
10885,0.000155,172.31.36.0-255,66,19804,12,196725
10886,0.000182,172.217.194.0-255,1484,21288,12,196725
10887,0.000185,172.31.36.0-255,66,21354,12,196725
10888,0.000192,172.217.194.0-255,4320,25674,12,196725
10889,0.000194,172.31.36.0-255,66,25740,12,196725
10890,0.000199,172.217.194.0-255,1484,27224,12,196725
10891,0.000202,172.31.36.0-255,66,27290,12,196725
10892,0.00022,172.217.194.0-255,1484,28774,12,196725
10893,0.000223,172.31.36.0-255,66,28840,12,196725
10894,0.000234,172.31.36.0-255,66,28906,12,196725
10895,0.000276,172.31.36.0-255,66,28972,12,196725
10896,0.000299,172.217.194.0-255,7156,36128,12,196725
10897,0.000303,172.31.36.0-255,66,36194,12,196725
10898,0.000305,172.217.194.0-255,1077,37271,12,196725
10899,0.000641,172.217.194.0-255,100,37371,12,196725
10900,0.000775,172.217.194.0-255,1484,38855,12,196725
10901,0.000779,172.31.36.0-255,66,38921,12,196725
10902,0.000784,172.217.194.0-255,2902,41823,12,196725
10903,0.000792,172.31.36.0-255,66,41889,12,196725
10904,0.000802,172.217.194.0-255,5738,47627,12,196725
10905,0.000804,172.31.36.0-255,66,47693,12,196725
10906,0.000807,172.217.194.0-255,1484,49177,12,196725
10907,0.000828,172.217.194.0-255,2902,52079,12,196725
10908,0.000831,172.31.36.0-255,66,52145,12,196725
10909,0.000837,172.217.194.0-255,5738,57883,12,196725
10910,0.000839,172.31.36.0-255,66,57949,12,196725
10911,0.000879,172.31.36.0-255,66,58015,12,196725
10912,0.000883,172.217.194.0-255,2184,60199,12,196725
10913,0.000885,172.31.36.0-255,66,60265,12,196725
10914,0.000932,172.217.194.0-255,1484,61749,12,196725
10915,0.000937,172.217.194.0-255,2902,64651,12,196725
10916,0.00094,172.31.36.0-255,66,64717,12,196725
10917,0.000963,172.217.194.0-255,5738,70455,12,196725
10918,0.000966,172.31.36.0-255,66,70521,12,196725
10919,0.000971,172.217.194.0-255,4320,74841,12,196725
10920,0.000973,172.31.36.0-255,66,74907,12,196725
10921,0.000991,172.217.194.0-255,2902,77809,12,196725
10922,0.000993,172.31.36.0-255,66,77875,12,196725
10923,0.001027,172.31.36.0-255,66,77941,12,196725
10924,0.001033,172.217.194.0-255,5738,83679,12,196725
10925,0.001035,172.31.36.0-255,66,83745,12,196725
10926,0.001069,172.217.194.0-255,2184,85929,12,196725
10927,0.001072,172.31.36.0-255,66,85995,12,196725
10928,0.001091,172.217.194.0-255,2902,88897,12,196725
10929,0.001094,172.31.36.0-255,66,88963,12,196725
10930,0.00112,172.217.194.0-255,7156,96119,12,196725
10931,0.001123,172.31.36.0-255,66,96185,12,196725
10932,0.001134,172.31.36.0-255,66,96251,12,196725
10933,0.001159,172.217.194.0-255,2902,99153,12,196725
10934,0.001162,172.31.36.0-255,66,99219,12,196725
10935,0.001198,172.31.36.0-255,66,99285,12,196725
10936,0.001205,172.217.194.0-255,5738,105023,12,196725
10937,0.001207,172.31.36.0-255,66,105089,12,196725
10938,0.001226,172.217.194.0-255,5738,110827,12,196725
10939,0.001229,172.31.36.0-255,66,110893,12,196725
10940,0.001281,172.217.194.0-255,7156,118049,12,196725
10941,0.001285,172.31.36.0-255,66,118115,12,196725
10942,0.001321,172.217.194.0-255,1484,119599,12,196725
10943,0.001323,172.31.36.0-255,66,119665,12,196725
10944,0.001339,172.217.194.0-255,2902,122567,12,196725
10945,0.001342,172.217.194.0-255,1484,124051,12,196725
10946,0.001352,172.31.36.0-255,66,124117,12,196725
10947,0.00136,172.217.194.0-255,4320,128437,12,196725
10948,0.001365,172.217.194.0-255,2902,131339,12,196725
10949,0.001367,172.31.36.0-255,66,131405,12,196725
10950,0.001372,172.31.36.0-255,66,131471,12,196725
10951,0.001405,172.217.194.0-255,7156,138627,12,196725
10952,0.001406,172.31.36.0-255,66,138693,12,196725
10953,0.00141,172.31.36.0-255,66,138759,12,196725
10954,0.00142,172.217.194.0-255,2902,141661,12,196725
10955,0.001423,172.217.194.0-255,766,142427,12,196725
10956,0.001424,172.31.36.0-255,66,142493,12,196725
10957,0.001567,172.217.194.0-255,1484,143977,12,196725
10958,0.001571,172.31.36.0-255,66,144043,12,196725
10959,0.001576,172.217.194.0-255,2902,146945,12,196725
10960,0.001579,172.217.194.0-255,1484,148429,12,196725
10961,0.001593,172.217.194.0-255,4320,152749,12,196725
10962,0.001594,172.31.36.0-255,66,152815,12,196725
10963,0.001599,172.31.36.0-255,66,152881,12,196725
10964,0.001615,172.217.194.0-255,1484,154365,12,196725
10965,0.001646,172.31.36.0-255,66,154431,12,196725
10966,0.001652,172.217.194.0-255,5738,160169,12,196725
10967,0.001662,172.31.36.0-255,66,160235,12,196725
10968,0.001689,172.217.194.0-255,5738,165973,12,196725
10969,0.001697,172.31.36.0-255,66,166039,12,196725
10970,0.001734,172.31.36.0-255,66,166105,12,196725
10971,0.001741,172.217.194.0-255,5738,171843,12,196725
10972,0.001749,172.31.36.0-255,66,171909,12,196725
10973,0.001774,172.31.36.0-255,66,171975,12,196725
10974,0.001794,172.217.194.0-255,5738,177713,12,196725
10975,0.001798,172.31.36.0-255,66,177779,12,196725
10976,0.001822,172.31.36.0-255,66,177845,12,196725
10977,0.001823,172.217.194.0-255,4320,182165,12,196725
10978,0.001828,172.31.36.0-255,66,182231,12,196725
10979,0.001868,172.217.194.0-255,5020,187251,12,196725
10980,0.001873,172.31.36.0-255,66,187317,12,196725
10981,0.001896,172.217.194.0-255,5738,193055,12,196725
10982,0.001916,172.31.36.0-255,66,193121,12,196725
10983,0.001932,172.31.36.0-255,66,193187,12,196725
10984,0.001969,172.31.36.0-255,66,193253,12,196725
10985,0.001973,172.31.36.0-255,66,193319,12,196725
10986,0.002043,172.31.36.0-255,66,193385,12,196725
10987,0.002046,172.217.194.0-255,1484,194869,12,196725
10988,0.002048,172.31.36.0-255,66,194935,12,196725
10989,0.002085,172.31.36.0-255,66,195001,12,196725
10990,0.002096,172.217.194.0-255,105,195106,12,196725
10991,0.011118,172.31.36.0-255,66,195172,12,196725
10992,0.011165,172.31.36.0-255,105,195277,12,196725
10993,0.013403,172.217.194.0-255,66,195343,12,196725
10994,0.029557,172.31.36.0-255,172,195515,12,196725
10995,0.029585,172.31.36.0-255,1078,196593,12,196725
10996,0.031058,104.244.42.0-255,66,196659,12,196725
10997,0.031108,104.244.42.0-255,66,196725,12,196725
10998,0.0,74.125.130.0-255,298,298,12,339331
10999,2.3e-05,172.31.36.0-255,66,364,12,339331
11000,3e-05,74.125.130.0-255,1484,1848,12,339331
11001,3.4e-05,172.31.36.0-255,66,1914,12,339331
11002,4.2e-05,74.125.130.0-255,4320,6234,12,339331
11003,4.5e-05,172.31.36.0-255,66,6300,12,339331
11004,5.7e-05,172.31.36.0-255,66,6366,12,339331
11005,6.9e-05,172.31.36.0-255,66,6432,12,339331
11006,0.000107,74.125.130.0-255,5738,12170,12,339331
11007,0.00011,172.31.36.0-255,66,12236,12,339331
11008,0.000129,74.125.130.0-255,2543,14779,12,339331
11009,0.000133,172.31.36.0-255,66,14845,12,339331
11010,0.000256,74.125.130.0-255,1484,16329,12,339331
11011,0.000261,172.31.36.0-255,66,16395,12,339331
11012,0.000295,74.125.130.0-255,1484,17879,12,339331
11013,0.000298,172.31.36.0-255,66,17945,12,339331
11014,0.000315,74.125.130.0-255,1484,19429,12,339331
11015,0.000317,172.31.36.0-255,66,19495,12,339331
11016,0.000348,74.125.130.0-255,1484,20979,12,339331
11017,0.000351,172.31.36.0-255,66,21045,12,339331
11018,0.000371,74.125.130.0-255,2902,23947,12,339331
11019,0.000374,172.31.36.0-255,66,24013,12,339331
11020,0.000378,74.125.130.0-255,2902,26915,12,339331
11021,0.00038,172.31.36.0-255,66,26981,12,339331
11022,0.000384,74.125.130.0-255,1484,28465,12,339331
11023,0.000387,172.31.36.0-255,66,28531,12,339331
11024,0.000414,74.125.130.0-255,2902,31433,12,339331
11025,0.000417,172.31.36.0-255,66,31499,12,339331
11026,0.000421,74.125.130.0-255,2902,34401,12,339331
11027,0.000423,172.31.36.0-255,66,34467,12,339331
11028,0.000441,74.125.130.0-255,5738,40205,12,339331
11029,0.000444,172.31.36.0-255,66,40271,12,339331
11030,0.000447,74.125.130.0-255,1484,41755,12,339331
11031,0.000465,74.125.130.0-255,4320,46075,12,339331
11032,0.000468,172.31.36.0-255,66,46141,12,339331
11033,0.000487,74.125.130.0-255,1484,47625,12,339331
11034,0.000504,74.125.130.0-255,2184,49809,12,339331
11035,0.000507,172.31.36.0-255,66,49875,12,339331
11036,0.00051,74.125.130.0-255,377,50252,12,339331
11037,0.000512,74.125.130.0-255,99,50351,12,339331
11038,0.000587,74.125.130.0-255,1484,51835,12,339331
11039,0.000592,172.31.36.0-255,66,51901,12,339331
11040,0.000598,74.125.130.0-255,2902,54803,12,339331
11041,0.000601,172.31.36.0-255,66,54869,12,339331
11042,0.000606,74.125.130.0-255,2902,57771,12,339331
11043,0.000608,172.31.36.0-255,66,57837,12,339331
11044,0.000633,74.125.130.0-255,2902,60739,12,339331
11045,0.000636,172.31.36.0-255,66,60805,12,339331
11046,0.000662,74.125.130.0-255,7156,67961,12,339331
11047,0.000665,172.31.36.0-255,66,68027,12,339331
11048,0.000686,74.125.130.0-255,4320,72347,12,339331
11049,0.000688,172.31.36.0-255,66,72413,12,339331
11050,0.000703,74.125.130.0-255,1484,73897,12,339331
11051,0.000708,74.125.130.0-255,1484,75381,12,339331
11052,0.00071,172.31.36.0-255,66,75447,12,339331
11053,0.000725,74.125.130.0-255,2902,78349,12,339331
11054,0.000728,172.31.36.0-255,66,78415,12,339331
11055,0.000748,74.125.130.0-255,6736,85151,12,339331
11056,0.000751,172.31.36.0-255,66,85217,12,339331
11057,0.000873,74.125.130.0-255,1484,86701,12,339331
11058,0.000877,74.125.130.0-255,1484,88185,12,339331
11059,0.00088,172.31.36.0-255,66,88251,12,339331
11060,0.000899,74.125.130.0-255,1484,89735,12,339331
11061,0.000904,74.125.130.0-255,2902,92637,12,339331
11062,0.000906,172.31.36.0-255,66,92703,12,339331
11063,0.000912,74.125.130.0-255,4320,97023,12,339331
11064,0.000914,172.31.36.0-255,66,97089,12,339331
11065,0.000917,74.125.130.0-255,1484,98573,12,339331
11066,0.000962,74.125.130.0-255,2902,101475,12,339331
11067,0.000965,172.31.36.0-255,66,101541,12,339331
11068,0.000987,74.125.130.0-255,4320,105861,12,339331
11069,0.00099,172.31.36.0-255,66,105927,12,339331
11070,0.000993,74.125.130.0-255,1484,107411,12,339331
11071,0.000997,74.125.130.0-255,2902,110313,12,339331
11072,0.001,172.31.36.0-255,66,110379,12,339331
11073,0.001006,74.125.130.0-255,5738,116117,12,339331
11074,0.001008,172.31.36.0-255,66,116183,12,339331
11075,0.001013,74.125.130.0-255,3602,119785,12,339331
11076,0.001016,172.31.36.0-255,66,119851,12,339331
11077,0.001147,74.125.130.0-255,1484,121335,12,339331
11078,0.001151,74.125.130.0-255,1484,122819,12,339331
11079,0.001155,172.31.36.0-255,66,122885,12,339331
11080,0.001175,74.125.130.0-255,1484,124369,12,339331
11081,0.001182,74.125.130.0-255,5738,130107,12,339331
11082,0.001185,172.31.36.0-255,66,130173,12,339331
11083,0.001202,74.125.130.0-255,4320,134493,12,339331
11084,0.001205,172.31.36.0-255,66,134559,12,339331
11085,0.001231,74.125.130.0-255,2902,137461,12,339331
11086,0.001234,172.31.36.0-255,66,137527,12,339331
11087,0.001245,172.31.36.0-255,66,137593,12,339331
11088,0.001266,74.125.130.0-255,4320,141913,12,339331
11089,0.001269,172.31.36.0-255,66,141979,12,339331
11090,0.001292,74.125.130.0-255,3602,145581,12,339331
11091,0.001295,172.31.36.0-255,66,145647,12,339331
11092,0.001598,74.125.130.0-255,1484,147131,12,339331
11093,0.001615,74.125.130.0-255,2902,150033,12,339331
11094,0.001618,172.31.36.0-255,66,150099,12,339331
11095,0.001625,74.125.130.0-255,5738,155837,12,339331
11096,0.001627,172.31.36.0-255,66,155903,12,339331
11097,0.001651,74.125.130.0-255,5738,161641,12,339331
11098,0.001655,172.31.36.0-255,66,161707,12,339331
11099,0.001668,74.125.130.0-255,5738,167445,12,339331
11100,0.00167,172.31.36.0-255,66,167511,12,339331
11101,0.001682,172.31.36.0-255,66,167577,12,339331
11102,0.001703,74.125.130.0-255,2184,169761,12,339331
11103,0.001705,172.31.36.0-255,66,169827,12,339331
11104,0.001973,74.125.130.0-255,1484,171311,12,339331
11105,0.00361,74.125.130.0-255,1484,172795,12,339331
11106,0.003617,172.31.36.0-255,66,172861,12,339331
11107,0.003659,74.125.130.0-255,2902,175763,12,339331
11108,0.003663,172.31.36.0-255,66,175829,12,339331
11109,0.005545,74.125.130.0-255,2902,178731,12,339331
11110,0.005552,172.31.36.0-255,66,178797,12,339331
11111,0.005579,74.125.130.0-255,2902,181699,12,339331
11112,0.005582,172.31.36.0-255,66,181765,12,339331
11113,0.007481,74.125.130.0-255,2902,184667,12,339331
11114,0.007488,172.31.36.0-255,66,184733,12,339331
11115,0.007509,74.125.130.0-255,2902,187635,12,339331
11116,0.007511,172.31.36.0-255,66,187701,12,339331
11117,0.009424,74.125.130.0-255,2902,190603,12,339331
11118,0.009429,172.31.36.0-255,66,190669,12,339331
11119,0.009448,74.125.130.0-255,2902,193571,12,339331
11120,0.009451,172.31.36.0-255,66,193637,12,339331
11121,0.011374,74.125.130.0-255,2902,196539,12,339331
11122,0.011381,172.31.36.0-255,66,196605,12,339331
11123,0.011389,74.125.130.0-255,2902,199507,12,339331
11124,0.011392,172.31.36.0-255,66,199573,12,339331
11125,0.013312,74.125.130.0-255,5738,205311,12,339331
11126,0.013321,172.31.36.0-255,66,205377,12,339331
11127,0.015287,74.125.130.0-255,5738,211115,12,339331
11128,0.015295,172.31.36.0-255,66,211181,12,339331
11129,0.017243,74.125.130.0-255,5738,216919,12,339331
11130,0.017251,172.31.36.0-255,66,216985,12,339331
11131,0.019197,74.125.130.0-255,5738,222723,12,339331
11132,0.019204,172.31.36.0-255,66,222789,12,339331
11133,0.021147,74.125.130.0-255,5738,228527,12,339331
11134,0.021157,172.31.36.0-255,66,228593,12,339331
11135,0.023113,74.125.130.0-255,5738,234331,12,339331
11136,0.023121,172.31.36.0-255,66,234397,12,339331
11137,0.025066,74.125.130.0-255,2902,237299,12,339331
11138,0.025073,172.31.36.0-255,66,237365,12,339331
11139,0.025095,74.125.130.0-255,2902,240267,12,339331
11140,0.025097,172.31.36.0-255,66,240333,12,339331
11141,0.027021,74.125.130.0-255,5738,246071,12,339331
11142,0.027027,172.31.36.0-255,66,246137,12,339331
11143,0.028977,74.125.130.0-255,5738,251875,12,339331
11144,0.028983,172.31.36.0-255,66,251941,12,339331
11145,0.030918,74.125.130.0-255,5738,257679,12,339331
11146,0.030925,172.31.36.0-255,66,257745,12,339331
11147,0.032874,74.125.130.0-255,5738,263483,12,339331
11148,0.032882,172.31.36.0-255,66,263549,12,339331
11149,0.034865,74.125.130.0-255,5738,269287,12,339331
11150,0.034872,172.31.36.0-255,66,269353,12,339331
11151,0.036814,74.125.130.0-255,5738,275091,12,339331
11152,0.036823,172.31.36.0-255,66,275157,12,339331
11153,0.038763,74.125.130.0-255,5738,280895,12,339331
11154,0.038775,172.31.36.0-255,66,280961,12,339331
11155,0.040714,74.125.130.0-255,5738,286699,12,339331
11156,0.040728,172.31.36.0-255,66,286765,12,339331
11157,0.042683,74.125.130.0-255,5738,292503,12,339331
11158,0.042691,172.31.36.0-255,66,292569,12,339331
11159,0.044636,74.125.130.0-255,5738,298307,12,339331
11160,0.044644,172.31.36.0-255,66,298373,12,339331
11161,0.046618,74.125.130.0-255,5738,304111,12,339331
11162,0.046626,172.31.36.0-255,66,304177,12,339331
11163,0.048587,74.125.130.0-255,5738,309915,12,339331
11164,0.048597,172.31.36.0-255,66,309981,12,339331
11165,0.050532,74.125.130.0-255,5738,315719,12,339331
11166,0.050541,172.31.36.0-255,66,315785,12,339331
11167,0.052483,74.125.130.0-255,5738,321523,12,339331
11168,0.052495,172.31.36.0-255,66,321589,12,339331
11169,0.054433,74.125.130.0-255,2902,324491,12,339331
11170,0.054439,172.31.36.0-255,66,324557,12,339331
11171,0.054458,74.125.130.0-255,2902,327459,12,339331
11172,0.054462,172.31.36.0-255,66,327525,12,339331
11173,0.056379,74.125.130.0-255,2902,330427,12,339331
11174,0.056386,172.31.36.0-255,66,330493,12,339331
11175,0.056395,74.125.130.0-255,2902,333395,12,339331
11176,0.056398,172.31.36.0-255,66,333461,12,339331
11177,0.05833,74.125.130.0-255,4320,337781,12,339331
11178,0.058338,172.31.36.0-255,66,337847,12,339331
11179,0.058359,74.125.130.0-255,1484,339331,12,339331
11180,0.0,74.125.24.0-255,146,146,12,291160
11181,1.4e-05,172.31.36.0-255,66,212,12,291160
11182,1.9e-05,74.125.24.0-255,1484,1696,12,291160
11183,2.3e-05,172.31.36.0-255,66,1762,12,291160
11184,3e-05,74.125.24.0-255,2902,4664,12,291160
11185,3.3e-05,172.31.36.0-255,66,4730,12,291160
11186,3.8e-05,74.125.24.0-255,2902,7632,12,291160
11187,4.1e-05,172.31.36.0-255,66,7698,12,291160
11188,7.1e-05,74.125.24.0-255,4320,12018,12,291160
11189,7.4e-05,172.31.36.0-255,66,12084,12,291160
11190,7.9e-05,74.125.24.0-255,1976,14060,12,291160
11191,8.2e-05,172.31.36.0-255,66,14126,12,291160
11192,0.000403,74.125.24.0-255,1484,15610,12,291160
11193,0.00041,74.125.24.0-255,2902,18512,12,291160
11194,0.000421,172.31.36.0-255,66,18578,12,291160
11195,0.000426,172.31.36.0-255,66,18644,12,291160
11196,0.000432,74.125.24.0-255,4320,22964,12,291160
11197,0.000435,172.31.36.0-255,66,23030,12,291160
11198,0.000492,74.125.24.0-255,4320,27350,12,291160
11199,0.000496,172.31.36.0-255,66,27416,12,291160
11200,0.000515,74.125.24.0-255,3961,31377,12,291160
11201,0.000519,172.31.36.0-255,66,31443,12,291160
11202,0.000645,74.125.24.0-255,1484,32927,12,291160
11203,0.000649,172.31.36.0-255,66,32993,12,291160
11204,0.000654,74.125.24.0-255,2902,35895,12,291160
11205,0.000656,172.31.36.0-255,66,35961,12,291160
11206,0.00068,74.125.24.0-255,5738,41699,12,291160
11207,0.000683,172.31.36.0-255,66,41765,12,291160
11208,0.000687,74.125.24.0-255,2902,44667,12,291160
11209,0.00069,172.31.36.0-255,66,44733,12,291160
11210,0.000713,74.125.24.0-255,2902,47635,12,291160
11211,0.000716,172.31.36.0-255,66,47701,12,291160
11212,0.000746,172.31.36.0-255,66,47767,12,291160
11213,0.000759,172.31.36.0-255,66,47833,12,291160
11214,0.000942,74.125.24.0-255,409,48242,12,291160
11215,0.001062,172.31.36.0-255,66,48308,12,291160
11216,0.001395,74.125.24.0-255,334,48642,12,291160
11217,0.001664,74.125.24.0-255,1484,50126,12,291160
11218,0.001672,172.31.36.0-255,66,50192,12,291160
11219,0.001679,74.125.24.0-255,2902,53094,12,291160
11220,0.001682,172.31.36.0-255,66,53160,12,291160
11221,0.001689,74.125.24.0-255,5738,58898,12,291160
11222,0.001691,172.31.36.0-255,66,58964,12,291160
11223,0.001723,74.125.24.0-255,7156,66120,12,291160
11224,0.001726,172.31.36.0-255,66,66186,12,291160
11225,0.00173,74.125.24.0-255,1484,67670,12,291160
11226,0.001747,74.125.24.0-255,5738,73408,12,291160
11227,0.00175,172.31.36.0-255,66,73474,12,291160
11228,0.001776,74.125.24.0-255,7156,80630,12,291160
11229,0.001778,172.31.36.0-255,66,80696,12,291160
11230,0.001783,74.125.24.0-255,2184,82880,12,291160
11231,0.001785,172.31.36.0-255,66,82946,12,291160
11232,0.002205,74.125.24.0-255,1484,84430,12,291160
11233,0.002225,74.125.24.0-255,1484,85914,12,291160
11234,0.002229,172.31.36.0-255,66,85980,12,291160
11235,0.002245,74.125.24.0-255,1484,87464,12,291160
11236,0.002252,74.125.24.0-255,5738,93202,12,291160
11237,0.002255,172.31.36.0-255,66,93268,12,291160
11238,0.002266,74.125.24.0-255,1484,94752,12,291160
11239,0.002291,172.31.36.0-255,66,94818,12,291160
11240,0.002297,74.125.24.0-255,5738,100556,12,291160
11241,0.002299,172.31.36.0-255,66,100622,12,291160
11242,0.002318,74.125.24.0-255,5020,105642,12,291160
11243,0.002321,172.31.36.0-255,66,105708,12,291160
11244,0.002931,74.125.24.0-255,1484,107192,12,291160
11245,0.002937,74.125.24.0-255,2902,110094,12,291160
11246,0.00294,172.31.36.0-255,66,110160,12,291160
11247,0.002946,74.125.24.0-255,5738,115898,12,291160
11248,0.002949,172.31.36.0-255,66,115964,12,291160
11249,0.002973,74.125.24.0-255,1484,117448,12,291160
11250,0.002988,74.125.24.0-255,5738,123186,12,291160
11251,0.002991,172.31.36.0-255,66,123252,12,291160
11252,0.003014,74.125.24.0-255,5738,128990,12,291160
11253,0.003017,172.31.36.0-255,66,129056,12,291160
11254,0.003024,74.125.24.0-255,5738,134794,12,291160
11255,0.003026,172.31.36.0-255,66,134860,12,291160
11256,0.003048,74.125.24.0-255,5020,139880,12,291160
11257,0.00305,172.31.36.0-255,66,139946,12,291160
11258,0.003984,74.125.24.0-255,1484,141430,12,291160
11259,0.00399,74.125.24.0-255,2902,144332,12,291160
11260,0.003994,172.31.36.0-255,66,144398,12,291160
11261,0.003997,74.125.24.0-255,1484,145882,12,291160
11262,0.004016,74.125.24.0-255,4320,150202,12,291160
11263,0.004018,172.31.36.0-255,66,150268,12,291160
11264,0.004054,172.31.36.0-255,66,150334,12,291160
11265,0.004071,74.125.24.0-255,1484,151818,12,291160
11266,0.004078,74.125.24.0-255,5738,157556,12,291160
11267,0.004081,172.31.36.0-255,66,157622,12,291160
11268,0.004132,74.125.24.0-255,5020,162642,12,291160
11269,0.004135,172.31.36.0-255,66,162708,12,291160
11270,0.004212,74.125.24.0-255,1484,164192,12,291160
11271,0.004228,74.125.24.0-255,2902,167094,12,291160
11272,0.00423,172.31.36.0-255,66,167160,12,291160
11273,0.004237,74.125.24.0-255,5738,172898,12,291160
11274,0.004239,172.31.36.0-255,66,172964,12,291160
11275,0.004263,74.125.24.0-255,2902,175866,12,291160
11276,0.004266,172.31.36.0-255,66,175932,12,291160
11277,0.004287,74.125.24.0-255,4320,180252,12,291160
11278,0.004289,172.31.36.0-255,66,180318,12,291160
11279,0.004304,172.31.36.0-255,66,180384,12,291160
11280,0.004309,74.125.24.0-255,3602,183986,12,291160
11281,0.004311,172.31.36.0-255,66,184052,12,291160
11282,0.004358,74.125.24.0-255,5738,189790,12,291160
11283,0.004361,172.31.36.0-255,66,189856,12,291160
11284,0.004398,172.31.36.0-255,66,189922,12,291160
11285,0.004401,74.125.24.0-255,1484,191406,12,291160
11286,0.004407,74.125.24.0-255,4320,195726,12,291160
11287,0.004409,172.31.36.0-255,66,195792,12,291160
11288,0.004435,172.31.36.0-255,66,195858,12,291160
11289,0.004482,74.125.24.0-255,1484,197342,12,291160
11290,0.004501,74.125.24.0-255,2902,200244,12,291160
11291,0.004503,172.31.36.0-255,66,200310,12,291160
11292,0.00451,74.125.24.0-255,5738,206048,12,291160
11293,0.004513,172.31.36.0-255,66,206114,12,291160
11294,0.004577,74.125.24.0-255,2902,209016,12,291160
11295,0.00458,172.31.36.0-255,66,209082,12,291160
11296,0.004596,74.125.24.0-255,5738,214820,12,291160
11297,0.004599,172.31.36.0-255,66,214886,12,291160
11298,0.004603,74.125.24.0-255,2902,217788,12,291160
11299,0.004605,172.31.36.0-255,66,217854,12,291160
11300,0.004633,74.125.24.0-255,7156,225010,12,291160
11301,0.004637,172.31.36.0-255,66,225076,12,291160
11302,0.004641,74.125.24.0-255,2902,227978,12,291160
11303,0.004643,172.31.36.0-255,66,228044,12,291160
11304,0.00468,172.31.36.0-255,66,228110,12,291160
11305,0.004687,74.125.24.0-255,7156,235266,12,291160
11306,0.004689,172.31.36.0-255,66,235332,12,291160
11307,0.004692,74.125.24.0-255,1484,236816,12,291160
11308,0.004712,74.125.24.0-255,7156,243972,12,291160
11309,0.004715,172.31.36.0-255,66,244038,12,291160
11310,0.004747,172.31.36.0-255,66,244104,12,291160
11311,0.00475,74.125.24.0-255,766,244870,12,291160
11312,0.004783,172.31.36.0-255,66,244936,12,291160
11313,0.004811,172.31.36.0-255,66,245002,12,291160
11314,0.004825,172.31.36.0-255,66,245068,12,291160
11315,0.004846,74.125.24.0-255,2184,247252,12,291160
11316,0.004848,172.31.36.0-255,66,247318,12,291160
11317,0.00488,74.125.24.0-255,1484,248802,12,291160
11318,0.004915,74.125.24.0-255,2902,251704,12,291160
11319,0.004918,172.31.36.0-255,66,251770,12,291160
11320,0.004925,74.125.24.0-255,5738,257508,12,291160
11321,0.004927,172.31.36.0-255,66,257574,12,291160
11322,0.004931,74.125.24.0-255,2902,260476,12,291160
11323,0.004933,172.31.36.0-255,66,260542,12,291160
11324,0.00494,74.125.24.0-255,5738,266280,12,291160
11325,0.004943,172.31.36.0-255,66,266346,12,291160
11326,0.004946,74.125.24.0-255,1484,267830,12,291160
11327,0.005002,74.125.24.0-255,7156,274986,12,291160
11328,0.005005,172.31.36.0-255,66,275052,12,291160
11329,0.005009,74.125.24.0-255,2902,277954,12,291160
11330,0.005011,172.31.36.0-255,66,278020,12,291160
11331,0.005014,74.125.24.0-255,1484,279504,12,291160
11332,0.005036,74.125.24.0-255,2184,281688,12,291160
11333,0.005039,172.31.36.0-255,66,281754,12,291160
11334,0.005054,74.125.24.0-255,3621,285375,12,291160
11335,0.005057,172.31.36.0-255,66,285441,12,291160
11336,0.00506,74.125.24.0-255,97,285538,12,291160
11337,0.005147,74.125.24.0-255,105,285643,12,291160
11338,0.007808,172.31.36.0-255,66,285709,12,291160
11339,0.007843,172.31.36.0-255,105,285814,12,291160
11340,0.010417,74.125.24.0-255,66,285880,12,291160
11341,0.036265,172.31.36.0-255,172,286052,12,291160
11342,0.036302,172.31.36.0-255,1110,287162,12,291160
11343,0.036364,172.31.36.0-255,1514,288676,12,291160
11344,0.036366,172.31.36.0-255,1514,290190,12,291160
11345,0.036391,172.31.36.0-255,706,290896,12,291160
11346,0.03781,104.244.42.0-255,66,290962,12,291160
11347,0.037841,104.244.42.0-255,66,291028,12,291160
11348,0.037908,104.244.42.0-255,66,291094,12,291160
11349,0.037959,104.244.42.0-255,66,291160,12,291160
11350,0.0,74.125.130.0-255,298,298,12,267176
11351,2.6e-05,172.31.36.0-255,66,364,12,267176
11352,3.3e-05,74.125.130.0-255,1484,1848,12,267176
11353,3.8e-05,172.31.36.0-255,66,1914,12,267176
11354,4.5e-05,74.125.130.0-255,4320,6234,12,267176
11355,4.9e-05,172.31.36.0-255,66,6300,12,267176
11356,6.2e-05,172.31.36.0-255,66,6366,12,267176
11357,6.8e-05,74.125.130.0-255,5738,12104,12,267176
11358,7.1e-05,172.31.36.0-255,66,12170,12,267176
11359,7.8e-05,74.125.130.0-255,7156,19326,12,267176
11360,8.1e-05,172.31.36.0-255,66,19392,12,267176
11361,0.000119,74.125.130.0-255,2543,21935,12,267176
11362,0.000122,172.31.36.0-255,66,22001,12,267176
11363,0.00026,74.125.130.0-255,1484,23485,12,267176
11364,0.000265,172.31.36.0-255,66,23551,12,267176
11365,0.000271,74.125.130.0-255,2902,26453,12,267176
11366,0.000273,172.31.36.0-255,66,26519,12,267176
11367,0.000279,74.125.130.0-255,4320,30839,12,267176
11368,0.000282,172.31.36.0-255,66,30905,12,267176
11369,0.000304,74.125.130.0-255,1484,32389,12,267176
11370,0.000306,172.31.36.0-255,66,32455,12,267176
11371,0.000314,74.125.130.0-255,6797,39252,12,267176
11372,0.000316,172.31.36.0-255,66,39318,12,267176
11373,0.000324,74.125.130.0-255,7156,46474,12,267176
11374,0.000326,172.31.36.0-255,66,46540,12,267176
11375,0.000358,74.125.130.0-255,2902,49442,12,267176
11376,0.000361,172.31.36.0-255,66,49508,12,267176
11377,0.000389,74.125.130.0-255,7086,56594,12,267176
11378,0.000392,172.31.36.0-255,66,56660,12,267176
11379,0.000395,74.125.130.0-255,100,56760,12,267176
11380,0.000397,172.31.36.0-255,66,56826,12,267176
11381,0.000576,74.125.130.0-255,1484,58310,12,267176
11382,0.000584,74.125.130.0-255,2902,61212,12,267176
11383,0.000587,172.31.36.0-255,66,61278,12,267176
11384,0.000594,74.125.130.0-255,2902,64180,12,267176
11385,0.000595,172.31.36.0-255,66,64246,12,267176
11386,0.000612,74.125.130.0-255,2902,67148,12,267176
11387,0.000614,172.31.36.0-255,66,67214,12,267176
11388,0.000621,74.125.130.0-255,5738,72952,12,267176
11389,0.000623,172.31.36.0-255,66,73018,12,267176
11390,0.000635,74.125.130.0-255,1484,74502,12,267176
11391,0.00065,74.125.130.0-255,5738,80240,12,267176
11392,0.000653,172.31.36.0-255,66,80306,12,267176
11393,0.000679,74.125.130.0-255,6797,87103,12,267176
11394,0.000682,172.31.36.0-255,66,87169,12,267176
11395,0.000687,74.125.130.0-255,3961,91130,12,267176
11396,0.00069,172.31.36.0-255,66,91196,12,267176
11397,0.001091,74.125.130.0-255,1484,92680,12,267176
11398,0.001098,74.125.130.0-255,2902,95582,12,267176
11399,0.001101,172.31.36.0-255,66,95648,12,267176
11400,0.001108,74.125.130.0-255,4320,99968,12,267176
11401,0.00111,172.31.36.0-255,66,100034,12,267176
11402,0.001129,74.125.130.0-255,1484,101518,12,267176
11403,0.001135,74.125.130.0-255,4320,105838,12,267176
11404,0.001137,74.125.130.0-255,1484,107322,12,267176
11405,0.001142,172.31.36.0-255,66,107388,12,267176
11406,0.001175,172.31.36.0-255,66,107454,12,267176
11407,0.001185,172.31.36.0-255,66,107520,12,267176
11408,0.001236,74.125.130.0-255,1484,109004,12,267176
11409,0.00125,74.125.130.0-255,2902,111906,12,267176
11410,0.001252,172.31.36.0-255,66,111972,12,267176
11411,0.001275,74.125.130.0-255,5738,117710,12,267176
11412,0.001279,172.31.36.0-255,66,117776,12,267176
11413,0.001287,74.125.130.0-255,7156,124932,12,267176
11414,0.001289,172.31.36.0-255,66,124998,12,267176
11415,0.001322,172.31.36.0-255,66,125064,12,267176
11416,0.001348,74.125.130.0-255,4320,129384,12,267176
11417,0.00135,172.31.36.0-255,66,129450,12,267176
11418,0.001354,74.125.130.0-255,2184,131634,12,267176
11419,0.001357,172.31.36.0-255,66,131700,12,267176
11420,0.001414,74.125.130.0-255,1484,133184,12,267176
11421,0.001428,74.125.130.0-255,2902,136086,12,267176
11422,0.001431,172.31.36.0-255,66,136152,12,267176
11423,0.001437,74.125.130.0-255,4320,140472,12,267176
11424,0.00144,172.31.36.0-255,66,140538,12,267176
11425,0.001443,74.125.130.0-255,1484,142022,12,267176
11426,0.001474,74.125.130.0-255,7156,149178,12,267176
11427,0.001477,172.31.36.0-255,66,149244,12,267176
11428,0.00148,74.125.130.0-255,1484,150728,12,267176
11429,0.001519,172.31.36.0-255,66,150794,12,267176
11430,0.001596,74.125.130.0-255,1484,152278,12,267176
11431,0.001602,74.125.130.0-255,2902,155180,12,267176
11432,0.001604,172.31.36.0-255,66,155246,12,267176
11433,0.001611,74.125.130.0-255,4320,159566,12,267176
11434,0.001613,172.31.36.0-255,66,159632,12,267176
11435,0.001636,74.125.130.0-255,1484,161116,12,267176
11436,0.001643,74.125.130.0-255,5738,166854,12,267176
11437,0.001645,172.31.36.0-255,66,166920,12,267176
11438,0.001653,74.125.130.0-255,7156,174076,12,267176
11439,0.001656,172.31.36.0-255,66,174142,12,267176
11440,0.001697,172.31.36.0-255,66,174208,12,267176
11441,0.001709,172.31.36.0-255,66,174274,12,267176
11442,0.001743,74.125.130.0-255,1484,175758,12,267176
11443,0.001787,172.31.36.0-255,66,175824,12,267176
11444,0.001802,172.31.36.0-255,66,175890,12,267176
11445,0.00181,74.125.130.0-255,7156,183046,12,267176
11446,0.001813,172.31.36.0-255,66,183112,12,267176
11447,0.001839,172.31.36.0-255,66,183178,12,267176
11448,0.001874,172.31.36.0-255,66,183244,12,267176
11449,0.001879,74.125.130.0-255,3602,186846,12,267176
11450,0.001882,172.31.36.0-255,66,186912,12,267176
11451,0.002084,74.125.130.0-255,1484,188396,12,267176
11452,0.002089,74.125.130.0-255,1484,189880,12,267176
11453,0.002092,172.31.36.0-255,66,189946,12,267176
11454,0.002116,74.125.130.0-255,1484,191430,12,267176
11455,0.002122,74.125.130.0-255,4320,195750,12,267176
11456,0.002125,172.31.36.0-255,66,195816,12,267176
11457,0.002136,172.31.36.0-255,66,195882,12,267176
11458,0.002202,172.31.36.0-255,66,195948,12,267176
11459,0.002205,74.125.130.0-255,1484,197432,12,267176
11460,0.002208,74.125.130.0-255,1484,198916,12,267176
11461,0.00221,172.31.36.0-255,66,198982,12,267176
11462,0.00224,74.125.130.0-255,1484,200466,12,267176
11463,0.002247,74.125.130.0-255,5738,206204,12,267176
11464,0.002249,172.31.36.0-255,66,206270,12,267176
11465,0.002254,74.125.130.0-255,4320,210590,12,267176
11466,0.002257,172.31.36.0-255,66,210656,12,267176
11467,0.002282,172.31.36.0-255,66,210722,12,267176
11468,0.002288,74.125.130.0-255,4320,215042,12,267176
11469,0.00229,172.31.36.0-255,66,215108,12,267176
11470,0.002323,74.125.130.0-255,5738,220846,12,267176
11471,0.002327,172.31.36.0-255,66,220912,12,267176
11472,0.004566,74.125.130.0-255,5738,226650,12,267176
11473,0.004573,172.31.36.0-255,66,226716,12,267176
11474,0.006814,74.125.130.0-255,5738,232454,12,267176
11475,0.00682,172.31.36.0-255,66,232520,12,267176
11476,0.009055,74.125.130.0-255,5738,238258,12,267176
11477,0.009062,172.31.36.0-255,66,238324,12,267176
11478,0.011317,74.125.130.0-255,5738,244062,12,267176
11479,0.011325,172.31.36.0-255,66,244128,12,267176
11480,0.013612,74.125.130.0-255,5738,249866,12,267176
11481,0.013622,172.31.36.0-255,66,249932,12,267176
11482,0.015881,74.125.130.0-255,5738,255670,12,267176
11483,0.015895,172.31.36.0-255,66,255736,12,267176
11484,0.018199,74.125.130.0-255,5738,261474,12,267176
11485,0.018216,172.31.36.0-255,66,261540,12,267176
11486,0.020512,74.125.130.0-255,1036,262576,12,267176
11487,0.020682,172.31.36.0-255,66,262642,12,267176
11488,0.020723,172.31.36.0-255,105,262747,12,267176
11489,0.022928,74.125.130.0-255,66,262813,12,267176
11490,0.03647,172.31.36.0-255,244,263057,12,267176
11491,0.036503,172.31.36.0-255,952,264009,12,267176
11492,0.036566,172.31.36.0-255,1514,265523,12,267176
11493,0.036568,172.31.36.0-255,1455,266978,12,267176
11494,0.038056,104.244.42.0-255,66,267044,12,267176
11495,0.038065,104.244.42.0-255,66,267110,12,267176
11496,0.038188,104.244.42.0-255,66,267176,12,267176
11497,0.0,172.217.194.0-255,152,152,12,200950
11498,2.6e-05,172.31.36.0-255,66,218,12,200950
11499,3.4e-05,172.217.194.0-255,1484,1702,12,200950
11500,3.8e-05,172.31.36.0-255,66,1768,12,200950
11501,5.2e-05,172.217.194.0-255,2902,4670,12,200950
11502,5.6e-05,172.31.36.0-255,66,4736,12,200950
11503,9.8e-05,172.217.194.0-255,7156,11892,12,200950
11504,0.000101,172.31.36.0-255,66,11958,12,200950
11505,0.000106,172.217.194.0-255,2002,13960,12,200950
11506,0.000109,172.31.36.0-255,66,14026,12,200950
11507,0.000165,172.217.194.0-255,2902,16928,12,200950
11508,0.000169,172.31.36.0-255,66,16994,12,200950
11509,0.000175,172.217.194.0-255,4320,21314,12,200950
11510,0.000178,172.31.36.0-255,66,21380,12,200950
11511,0.000212,172.31.36.0-255,66,21446,12,200950
11512,0.000219,172.217.194.0-255,3961,25407,12,200950
11513,0.000221,172.31.36.0-255,66,25473,12,200950
11514,0.000227,172.217.194.0-255,4320,29793,12,200950
11515,0.00023,172.31.36.0-255,66,29859,12,200950
11516,0.000263,172.31.36.0-255,66,29925,12,200950
11517,0.000487,172.217.194.0-255,1484,31409,12,200950
11518,0.000493,172.31.36.0-255,66,31475,12,200950
11519,0.0005,172.217.194.0-255,2902,34377,12,200950
11520,0.000503,172.31.36.0-255,66,34443,12,200950
11521,0.000515,172.217.194.0-255,4320,38763,12,200950
11522,0.000518,172.31.36.0-255,66,38829,12,200950
11523,0.000541,172.217.194.0-255,1484,40313,12,200950
11524,0.000543,172.31.36.0-255,66,40379,12,200950
11525,0.000555,172.31.36.0-255,66,40445,12,200950
11526,0.00061,172.31.36.0-255,66,40511,12,200950
11527,0.000644,172.217.194.0-255,5738,46249,12,200950
11528,0.000649,172.31.36.0-255,66,46315,12,200950
11529,0.000665,172.31.36.0-255,66,46381,12,200950
11530,0.000668,172.217.194.0-255,766,47147,12,200950
11531,0.000799,172.217.194.0-255,1484,48631,12,200950
11532,0.000804,172.31.36.0-255,66,48697,12,200950
11533,0.00081,172.217.194.0-255,2902,51599,12,200950
11534,0.000813,172.31.36.0-255,66,51665,12,200950
11535,0.000823,172.217.194.0-255,4320,55985,12,200950
11536,0.000825,172.31.36.0-255,66,56051,12,200950
11537,0.000848,172.217.194.0-255,1484,57535,12,200950
11538,0.000855,172.217.194.0-255,5738,63273,12,200950
11539,0.000858,172.31.36.0-255,66,63339,12,200950
11540,0.00089,172.217.194.0-255,1484,64823,12,200950
11541,0.000901,172.31.36.0-255,66,64889,12,200950
11542,0.000911,172.31.36.0-255,66,64955,12,200950
11543,0.000955,172.217.194.0-255,5738,70693,12,200950
11544,0.000957,172.31.36.0-255,66,70759,12,200950
11545,0.000964,172.217.194.0-255,7156,77915,12,200950
11546,0.000967,172.31.36.0-255,66,77981,12,200950
11547,0.000972,172.217.194.0-255,2902,80883,12,200950
11548,0.000974,172.31.36.0-255,66,80949,12,200950
11549,0.001003,172.31.36.0-255,66,81015,12,200950
11550,0.001025,172.217.194.0-255,1484,82499,12,200950
11551,0.00103,172.217.194.0-255,2902,85401,12,200950
11552,0.001032,172.31.36.0-255,66,85467,12,200950
11553,0.001035,172.217.194.0-255,1484,86951,12,200950
11554,0.001056,172.217.194.0-255,2184,89135,12,200950
11555,0.001058,172.31.36.0-255,66,89201,12,200950
11556,0.001222,172.217.194.0-255,1484,90685,12,200950
11557,0.001228,172.217.194.0-255,2902,93587,12,200950
11558,0.001232,172.31.36.0-255,66,93653,12,200950
11559,0.001237,172.217.194.0-255,2902,96555,12,200950
11560,0.001239,172.31.36.0-255,66,96621,12,200950
11561,0.001244,172.217.194.0-255,2902,99523,12,200950
11562,0.001251,172.31.36.0-255,66,99589,12,200950
11563,0.001276,172.217.194.0-255,1484,101073,12,200950
11564,0.001287,172.31.36.0-255,66,101139,12,200950
11565,0.001325,172.31.36.0-255,66,101205,12,200950
11566,0.001353,172.217.194.0-255,3602,104807,12,200950
11567,0.001356,172.31.36.0-255,66,104873,12,200950
11568,0.001383,172.217.194.0-255,4320,109193,12,200950
11569,0.001385,172.31.36.0-255,66,109259,12,200950
11570,0.00139,172.217.194.0-255,2902,112161,12,200950
11571,0.001393,172.31.36.0-255,66,112227,12,200950
11572,0.001418,172.217.194.0-255,4320,116547,12,200950
11573,0.001421,172.31.36.0-255,66,116613,12,200950
11574,0.001425,172.217.194.0-255,2902,119515,12,200950
11575,0.001428,172.31.36.0-255,66,119581,12,200950
11576,0.001471,172.31.36.0-255,66,119647,12,200950
11577,0.001483,172.31.36.0-255,66,119713,12,200950
11578,0.002236,172.217.194.0-255,1484,121197,12,200950
11579,0.002244,172.217.194.0-255,2902,124099,12,200950
11580,0.002248,172.31.36.0-255,66,124165,12,200950
11581,0.002254,172.217.194.0-255,2902,127067,12,200950
11582,0.002256,172.31.36.0-255,66,127133,12,200950
11583,0.002287,172.217.194.0-255,2902,130035,12,200950
11584,0.002289,172.31.36.0-255,66,130101,12,200950
11585,0.002307,172.31.36.0-255,66,130167,12,200950
11586,0.002344,172.217.194.0-255,2902,133069,12,200950
11587,0.002347,172.31.36.0-255,66,133135,12,200950
11588,0.00236,172.31.36.0-255,66,133201,12,200950
11589,0.002624,172.217.194.0-255,1484,134685,12,200950
11590,0.002631,172.217.194.0-255,2902,137587,12,200950
11591,0.002634,172.31.36.0-255,66,137653,12,200950
11592,0.002641,172.217.194.0-255,5738,143391,12,200950
11593,0.002643,172.31.36.0-255,66,143457,12,200950
11594,0.002676,172.217.194.0-255,7156,150613,12,200950
11595,0.002678,172.217.194.0-255,1484,152097,12,200950
11596,0.002683,172.217.194.0-255,4320,156417,12,200950
11597,0.002691,172.31.36.0-255,66,156483,12,200950
11598,0.002695,172.31.36.0-255,66,156549,12,200950
11599,0.002702,172.217.194.0-255,5738,162287,12,200950
11600,0.002704,172.31.36.0-255,66,162353,12,200950
11601,0.002714,172.217.194.0-255,5020,167373,12,200950
11602,0.002716,172.31.36.0-255,66,167439,12,200950
11603,0.0028,172.217.194.0-255,1484,168923,12,200950
11604,0.002804,172.217.194.0-255,1484,170407,12,200950
11605,0.002807,172.31.36.0-255,66,170473,12,200950
11606,0.00282,172.217.194.0-255,1484,171957,12,200950
11607,0.00283,172.217.194.0-255,5738,177695,12,200950
11608,0.002832,172.31.36.0-255,66,177761,12,200950
11609,0.002836,172.217.194.0-255,1484,179245,12,200950
11610,0.002857,172.217.194.0-255,4320,183565,12,200950
11611,0.002859,172.31.36.0-255,66,183631,12,200950
11612,0.002896,172.31.36.0-255,66,183697,12,200950
11613,0.002907,172.31.36.0-255,66,183763,12,200950
11614,0.002914,172.217.194.0-255,1484,185247,12,200950
11615,0.002958,172.31.36.0-255,66,185313,12,200950
11616,0.002985,172.217.194.0-255,4320,189633,12,200950
11617,0.002988,172.31.36.0-255,66,189699,12,200950
11618,0.003001,172.31.36.0-255,66,189765,12,200950
11619,0.003017,172.31.36.0-255,66,189831,12,200950
11620,0.003038,172.31.36.0-255,66,189897,12,200950
11621,0.003068,172.217.194.0-255,3602,193499,12,200950
11622,0.003071,172.31.36.0-255,66,193565,12,200950
11623,0.003075,172.217.194.0-255,2497,196062,12,200950
11624,0.003077,172.31.36.0-255,66,196128,12,200950
11625,0.00308,172.217.194.0-255,105,196233,12,200950
11626,0.005057,172.31.36.0-255,66,196299,12,200950
11627,0.005096,172.31.36.0-255,105,196404,12,200950
11628,0.007661,172.217.194.0-255,66,196470,12,200950
11629,0.031655,172.31.36.0-255,187,196657,12,200950
11630,0.031689,172.31.36.0-255,976,197633,12,200950
11631,0.031754,172.31.36.0-255,1514,199147,12,200950
11632,0.031755,172.31.36.0-255,1431,200578,12,200950
11633,0.033204,104.244.42.0-255,66,200644,12,200950
11634,0.033242,104.244.42.0-255,66,200710,12,200950
11635,0.033373,104.244.42.0-255,66,200776,12,200950
11636,0.036074,104.244.42.0-255,108,200884,12,200950
11637,0.036085,172.31.36.0-255,66,200950,12,200950
11638,0.0,172.31.36.0-255,105,105,12,276
11639,0.001774,157.240.13.0-255,105,210,12,276
11640,0.001784,172.31.36.0-255,66,276,12,276
11641,0.0,74.125.24.0-255,153,153,12,302085
11642,3.2e-05,172.31.36.0-255,66,219,12,302085
11643,4e-05,74.125.24.0-255,1484,1703,12,302085
11644,4.4e-05,172.31.36.0-255,66,1769,12,302085
11645,4.9e-05,74.125.24.0-255,2902,4671,12,302085
11646,5.2e-05,172.31.36.0-255,66,4737,12,302085
11647,5.9e-05,74.125.24.0-255,7156,11893,12,302085
11648,6.2e-05,172.31.36.0-255,66,11959,12,302085
11649,6.6e-05,74.125.24.0-255,1950,13909,12,302085
11650,6.8e-05,172.31.36.0-255,66,13975,12,302085
11651,0.000235,74.125.24.0-255,1484,15459,12,302085
11652,0.000239,172.31.36.0-255,66,15525,12,302085
11653,0.000245,74.125.24.0-255,2902,18427,12,302085
11654,0.000247,172.31.36.0-255,66,18493,12,302085
11655,0.000252,74.125.24.0-255,4320,22813,12,302085
11656,0.000255,172.31.36.0-255,66,22879,12,302085
11657,0.00027,74.125.24.0-255,1484,24363,12,302085
11658,0.000273,172.31.36.0-255,66,24429,12,302085
11659,0.000278,74.125.24.0-255,4320,28749,12,302085
11660,0.000282,172.31.36.0-255,66,28815,12,302085
11661,0.000301,74.125.24.0-255,2543,31358,12,302085
11662,0.000304,172.31.36.0-255,66,31424,12,302085
11663,0.000489,74.125.24.0-255,1484,32908,12,302085
11664,0.000494,172.31.36.0-255,66,32974,12,302085
11665,0.0005,74.125.24.0-255,2902,35876,12,302085
11666,0.000502,172.31.36.0-255,66,35942,12,302085
11667,0.000527,74.125.24.0-255,5738,41680,12,302085
11668,0.00053,172.31.36.0-255,66,41746,12,302085
11669,0.000534,74.125.24.0-255,2902,44648,12,302085
11670,0.000536,172.31.36.0-255,66,44714,12,302085
11671,0.000555,74.125.24.0-255,3961,48675,12,302085
11672,0.000558,172.31.36.0-255,66,48741,12,302085
11673,0.000943,74.125.24.0-255,1484,50225,12,302085
11674,0.000965,74.125.24.0-255,2902,53127,12,302085
11675,0.000969,172.31.36.0-255,66,53193,12,302085
11676,0.000977,74.125.24.0-255,5738,58931,12,302085
11677,0.000979,172.31.36.0-255,66,58997,12,302085
11678,0.00101,74.125.24.0-255,6797,65794,12,302085
11679,0.001015,172.31.36.0-255,66,65860,12,302085
11680,0.001063,74.125.24.0-255,1484,67344,12,302085
11681,0.001068,74.125.24.0-255,2902,70246,12,302085
11682,0.001071,172.31.36.0-255,66,70312,12,302085
11683,0.001075,74.125.24.0-255,1484,71796,12,302085
11684,0.001092,74.125.24.0-255,4320,76116,12,302085
11685,0.001095,172.31.36.0-255,66,76182,12,302085
11686,0.001101,74.125.24.0-255,4320,80502,12,302085
11687,0.001104,172.31.36.0-255,66,80568,12,302085
11688,0.001126,74.125.24.0-255,2543,83111,12,302085
11689,0.00113,172.31.36.0-255,66,83177,12,302085
11690,0.001135,74.125.24.0-255,4320,87497,12,302085
11691,0.001138,172.31.36.0-255,66,87563,12,302085
11692,0.001161,172.31.36.0-255,66,87629,12,302085
11693,0.001182,74.125.24.0-255,3123,90752,12,302085
11694,0.001184,172.31.36.0-255,66,90818,12,302085
11695,0.002163,74.125.24.0-255,1484,92302,12,302085
11696,0.002186,74.125.24.0-255,2902,95204,12,302085
11697,0.00219,172.31.36.0-255,66,95270,12,302085
11698,0.002199,74.125.24.0-255,5738,101008,12,302085
11699,0.002202,172.31.36.0-255,66,101074,12,302085
11700,0.002208,74.125.24.0-255,5738,106812,12,302085
11701,0.00221,172.31.36.0-255,66,106878,12,302085
11702,0.002247,74.125.24.0-255,5738,112616,12,302085
11703,0.00225,172.31.36.0-255,66,112682,12,302085
11704,0.002265,172.31.36.0-255,66,112748,12,302085
11705,0.004048,74.125.24.0-255,1484,114232,12,302085
11706,0.004065,74.125.24.0-255,2902,117134,12,302085
11707,0.004068,172.31.36.0-255,66,117200,12,302085
11708,0.004074,74.125.24.0-255,5738,122938,12,302085
11709,0.004076,172.31.36.0-255,66,123004,12,302085
11710,0.004078,74.125.24.0-255,1484,124488,12,302085
11711,0.00409,74.125.24.0-255,2902,127390,12,302085
11712,0.004093,172.31.36.0-255,66,127456,12,302085
11713,0.004098,74.125.24.0-255,4320,131776,12,302085
11714,0.004099,172.31.36.0-255,66,131842,12,302085
11715,0.004129,74.125.24.0-255,7156,138998,12,302085
11716,0.004131,172.31.36.0-255,66,139064,12,302085
11717,0.004141,172.31.36.0-255,66,139130,12,302085
11718,0.004405,74.125.24.0-255,1484,140614,12,302085
11719,0.004431,74.125.24.0-255,2902,143516,12,302085
11720,0.004434,172.31.36.0-255,66,143582,12,302085
11721,0.00444,74.125.24.0-255,5738,149320,12,302085
11722,0.004444,172.31.36.0-255,66,149386,12,302085
11723,0.004444,74.125.24.0-255,4320,153706,12,302085
11724,0.004447,172.31.36.0-255,66,153772,12,302085
11725,0.004472,172.31.36.0-255,66,153838,12,302085
11726,0.004489,74.125.24.0-255,1484,155322,12,302085
11727,0.004493,74.125.24.0-255,1484,156806,12,302085
11728,0.004495,172.31.36.0-255,66,156872,12,302085
11729,0.004518,74.125.24.0-255,6438,163310,12,302085
11730,0.00452,172.31.36.0-255,66,163376,12,302085
11731,0.00496,74.125.24.0-255,1484,164860,12,302085
11732,0.004976,74.125.24.0-255,2902,167762,12,302085
11733,0.004979,172.31.36.0-255,66,167828,12,302085
11734,0.005002,74.125.24.0-255,5738,173566,12,302085
11735,0.005007,172.31.36.0-255,66,173632,12,302085
11736,0.005045,74.125.24.0-255,2902,176534,12,302085
11737,0.005048,172.31.36.0-255,66,176600,12,302085
11738,0.005079,74.125.24.0-255,7156,183756,12,302085
11739,0.005083,172.31.36.0-255,66,183822,12,302085
11740,0.005094,172.31.36.0-255,66,183888,12,302085
11741,0.005317,74.125.24.0-255,1484,185372,12,302085
11742,0.005335,74.125.24.0-255,2902,188274,12,302085
11743,0.005339,172.31.36.0-255,66,188340,12,302085
11744,0.005346,74.125.24.0-255,5738,194078,12,302085
11745,0.005349,172.31.36.0-255,66,194144,12,302085
11746,0.005375,74.125.24.0-255,7156,201300,12,302085
11747,0.005378,172.31.36.0-255,66,201366,12,302085
11748,0.005402,74.125.24.0-255,5738,207104,12,302085
11749,0.005406,172.31.36.0-255,66,207170,12,302085
11750,0.005418,172.31.36.0-255,66,207236,12,302085
11751,0.005623,74.125.24.0-255,1484,208720,12,302085
11752,0.00563,74.125.24.0-255,2902,211622,12,302085
11753,0.005634,172.31.36.0-255,66,211688,12,302085
11754,0.005655,74.125.24.0-255,5738,217426,12,302085
11755,0.005658,172.31.36.0-255,66,217492,12,302085
11756,0.005662,74.125.24.0-255,1484,218976,12,302085
11757,0.005697,172.31.36.0-255,66,219042,12,302085
11758,0.005705,74.125.24.0-255,7156,226198,12,302085
11759,0.005707,172.31.36.0-255,66,226264,12,302085
11760,0.005749,74.125.24.0-255,3602,229866,12,302085
11761,0.005754,172.31.36.0-255,66,229932,12,302085
11762,0.005897,74.125.24.0-255,1484,231416,12,302085
11763,0.005903,74.125.24.0-255,2902,234318,12,302085
11764,0.005908,172.31.36.0-255,66,234384,12,302085
11765,0.005913,74.125.24.0-255,2902,237286,12,302085
11766,0.005915,172.31.36.0-255,66,237352,12,302085
11767,0.005929,74.125.24.0-255,2902,240254,12,302085
11768,0.005933,172.31.36.0-255,66,240320,12,302085
11769,0.005937,74.125.24.0-255,2902,243222,12,302085
11770,0.005939,172.31.36.0-255,66,243288,12,302085
11771,0.005963,172.31.36.0-255,66,243354,12,302085
11772,0.00597,74.125.24.0-255,7156,250510,12,302085
11773,0.005972,172.31.36.0-255,66,250576,12,302085
11774,0.005988,74.125.24.0-255,1484,252060,12,302085
11775,0.005993,74.125.24.0-255,2184,254244,12,302085
11776,0.005995,172.31.36.0-255,66,254310,12,302085
11777,0.006056,74.125.24.0-255,1484,255794,12,302085
11778,0.006061,74.125.24.0-255,2902,258696,12,302085
11779,0.006064,172.31.36.0-255,66,258762,12,302085
11780,0.006087,74.125.24.0-255,5738,264500,12,302085
11781,0.00609,172.31.36.0-255,66,264566,12,302085
11782,0.006094,74.125.24.0-255,2902,267468,12,302085
11783,0.006096,172.31.36.0-255,66,267534,12,302085
11784,0.00612,172.31.36.0-255,66,267600,12,302085
11785,0.006152,74.125.24.0-255,5738,273338,12,302085
11786,0.006155,172.31.36.0-255,66,273404,12,302085
11787,0.006171,74.125.24.0-255,5020,278424,12,302085
11788,0.006175,172.31.36.0-255,66,278490,12,302085
11789,0.006181,74.125.24.0-255,5738,284228,12,302085
11790,0.006184,172.31.36.0-255,66,284294,12,302085
11791,0.006211,74.125.24.0-255,5738,290032,12,302085
11792,0.006215,172.31.36.0-255,66,290098,12,302085
11793,0.006217,74.125.24.0-255,7156,297254,12,302085
11794,0.00622,172.31.36.0-255,66,297320,12,302085
11795,0.006229,172.31.36.0-255,66,297386,12,302085
11796,0.006302,172.31.36.0-255,66,297452,12,302085
11797,0.006305,74.125.24.0-255,105,297557,12,302085
11798,0.006853,172.31.36.0-255,66,297623,12,302085
11799,0.00688,172.31.36.0-255,105,297728,12,302085
11800,0.009451,74.125.24.0-255,66,297794,12,302085
11801,0.028729,172.31.36.0-255,172,297966,12,302085
11802,0.028761,172.31.36.0-255,1108,299074,12,302085
11803,0.028805,172.31.36.0-255,1514,300588,12,302085
11804,0.028807,172.31.36.0-255,1299,301887,12,302085
11805,0.030243,104.244.42.0-255,66,301953,12,302085
11806,0.030294,104.244.42.0-255,66,302019,12,302085
11807,0.030356,104.244.42.0-255,66,302085,12,302085
11808,0.0,74.125.68.0-255,152,152,12,343831
11809,3.3e-05,172.31.36.0-255,66,218,12,343831
11810,4e-05,74.125.68.0-255,1484,1702,12,343831
11811,4.5e-05,172.31.36.0-255,66,1768,12,343831
11812,4.7e-05,74.125.68.0-255,1484,3252,12,343831
11813,5e-05,172.31.36.0-255,66,3318,12,343831
11814,5.5e-05,74.125.68.0-255,2902,6220,12,343831
11815,5.8e-05,172.31.36.0-255,66,6286,12,343831
11816,6.5e-05,74.125.68.0-255,5738,12024,12,343831
11817,6.8e-05,172.31.36.0-255,66,12090,12,343831
11818,9.4e-05,74.125.68.0-255,2020,14110,12,343831
11819,9.6e-05,172.31.36.0-255,66,14176,12,343831
11820,0.000127,74.125.68.0-255,2902,17078,12,343831
11821,0.000131,172.31.36.0-255,66,17144,12,343831
11822,0.00016,74.125.68.0-255,4320,21464,12,343831
11823,0.000164,172.31.36.0-255,66,21530,12,343831
11824,0.000169,74.125.68.0-255,4320,25850,12,343831
11825,0.000171,172.31.36.0-255,66,25916,12,343831
11826,0.000195,74.125.68.0-255,4320,30236,12,343831
11827,0.000197,172.31.36.0-255,66,30302,12,343831
11828,0.0002,74.125.68.0-255,1125,31427,12,343831
11829,0.000202,172.31.36.0-255,66,31493,12,343831
11830,0.000271,74.125.68.0-255,1484,32977,12,343831
11831,0.000274,172.31.36.0-255,66,33043,12,343831
11832,0.000277,74.125.68.0-255,1484,34527,12,343831
11833,0.00028,172.31.36.0-255,66,34593,12,343831
11834,0.000313,74.125.68.0-255,2902,37495,12,343831
11835,0.000317,172.31.36.0-255,66,37561,12,343831
11836,0.000324,74.125.68.0-255,5738,43299,12,343831
11837,0.000326,172.31.36.0-255,66,43365,12,343831
11838,0.000357,74.125.68.0-255,5379,48744,12,343831
11839,0.00036,172.31.36.0-255,66,48810,12,343831
11840,0.000365,74.125.68.0-255,5738,54548,12,343831
11841,0.000368,172.31.36.0-255,66,54614,12,343831
11842,0.000386,74.125.68.0-255,1484,56098,12,343831
11843,0.000417,172.31.36.0-255,66,56164,12,343831
11844,0.000462,74.125.68.0-255,646,56810,12,343831
11845,0.000584,74.125.68.0-255,1484,58294,12,343831
11846,0.000588,172.31.36.0-255,66,58360,12,343831
11847,0.000592,74.125.68.0-255,1484,59844,12,343831
11848,0.000608,74.125.68.0-255,1484,61328,12,343831
11849,0.000611,172.31.36.0-255,66,61394,12,343831
11850,0.000614,74.125.68.0-255,1484,62878,12,343831
11851,0.000632,74.125.68.0-255,4320,67198,12,343831
11852,0.000636,172.31.36.0-255,66,67264,12,343831
11853,0.000641,74.125.68.0-255,2902,70166,12,343831
11854,0.000643,172.31.36.0-255,66,70232,12,343831
11855,0.000665,172.31.36.0-255,66,70298,12,343831
11856,0.0007,74.125.68.0-255,4320,74618,12,343831
11857,0.000703,172.31.36.0-255,66,74684,12,343831
11858,0.00072,74.125.68.0-255,6438,81122,12,343831
11859,0.000725,172.31.36.0-255,66,81188,12,343831
11860,0.000955,74.125.68.0-255,1484,82672,12,343831
11861,0.000975,74.125.68.0-255,2902,85574,12,343831
11862,0.000979,172.31.36.0-255,66,85640,12,343831
11863,0.000987,74.125.68.0-255,5738,91378,12,343831
11864,0.000989,172.31.36.0-255,66,91444,12,343831
11865,0.001036,74.125.68.0-255,4320,95764,12,343831
11866,0.001041,172.31.36.0-255,66,95830,12,343831
11867,0.001042,74.125.68.0-255,5738,101568,12,343831
11868,0.001044,172.31.36.0-255,66,101634,12,343831
11869,0.001059,74.125.68.0-255,4320,105954,12,343831
11870,0.001062,172.31.36.0-255,66,106020,12,343831
11871,0.001084,74.125.68.0-255,7156,113176,12,343831
11872,0.001087,172.31.36.0-255,66,113242,12,343831
11873,0.001102,74.125.68.0-255,2184,115426,12,343831
11874,0.001105,172.31.36.0-255,66,115492,12,343831
11875,0.001138,74.125.68.0-255,2902,118394,12,343831
11876,0.001142,172.31.36.0-255,66,118460,12,343831
11877,0.001157,74.125.68.0-255,2902,121362,12,343831
11878,0.001159,172.31.36.0-255,66,121428,12,343831
11879,0.001182,74.125.68.0-255,4320,125748,12,343831
11880,0.001185,172.31.36.0-255,66,125814,12,343831
11881,0.001195,172.31.36.0-255,66,125880,12,343831
11882,0.001199,74.125.68.0-255,1484,127364,12,343831
11883,0.001229,74.125.68.0-255,7156,134520,12,343831
11884,0.001233,172.31.36.0-255,66,134586,12,343831
11885,0.00127,74.125.68.0-255,6438,141024,12,343831
11886,0.001274,172.31.36.0-255,66,141090,12,343831
11887,0.001698,74.125.68.0-255,1484,142574,12,343831
11888,0.001716,74.125.68.0-255,2902,145476,12,343831
11889,0.00172,172.31.36.0-255,66,145542,12,343831
11890,0.001739,74.125.68.0-255,2902,148444,12,343831
11891,0.001742,172.31.36.0-255,66,148510,12,343831
11892,0.001765,74.125.68.0-255,2902,151412,12,343831
11893,0.001767,172.31.36.0-255,66,151478,12,343831
11894,0.001773,74.125.68.0-255,7156,158634,12,343831
11895,0.001775,172.31.36.0-255,66,158700,12,343831
11896,0.001791,74.125.68.0-255,1484,160184,12,343831
11897,0.00181,172.31.36.0-255,66,160250,12,343831
11898,0.00183,74.125.68.0-255,4320,164570,12,343831
11899,0.001833,172.31.36.0-255,66,164636,12,343831
11900,0.001838,74.125.68.0-255,2184,166820,12,343831
11901,0.00184,172.31.36.0-255,66,166886,12,343831
11902,0.002133,74.125.68.0-255,1484,168370,12,343831
11903,0.002139,74.125.68.0-255,1484,169854,12,343831
11904,0.002143,172.31.36.0-255,66,169920,12,343831
11905,0.002161,74.125.68.0-255,2902,172822,12,343831
11906,0.002163,172.31.36.0-255,66,172888,12,343831
11907,0.002166,74.125.68.0-255,1484,174372,12,343831
11908,0.002188,74.125.68.0-255,4320,178692,12,343831
11909,0.00219,172.31.36.0-255,66,178758,12,343831
11910,0.002195,74.125.68.0-255,4320,183078,12,343831
11911,0.002198,172.31.36.0-255,66,183144,12,343831
11912,0.002217,74.125.68.0-255,5738,188882,12,343831
11913,0.002221,172.31.36.0-255,66,188948,12,343831
11914,0.002244,74.125.68.0-255,1484,190432,12,343831
11915,0.002266,74.125.68.0-255,4320,194752,12,343831
11916,0.002269,172.31.36.0-255,66,194818,12,343831
11917,0.00229,74.125.68.0-255,5738,200556,12,343831
11918,0.002292,172.31.36.0-255,66,200622,12,343831
11919,0.002295,74.125.68.0-255,766,201388,12,343831
11920,0.004494,74.125.68.0-255,2902,204290,12,343831
11921,0.004498,172.31.36.0-255,66,204356,12,343831
11922,0.004513,74.125.68.0-255,1484,205840,12,343831
11923,0.00672,74.125.68.0-255,4320,210160,12,343831
11924,0.006727,172.31.36.0-255,66,210226,12,343831
11925,0.00898,74.125.68.0-255,5738,215964,12,343831
11926,0.008988,172.31.36.0-255,66,216030,12,343831
11927,0.011236,74.125.68.0-255,5738,221768,12,343831
11928,0.011244,172.31.36.0-255,66,221834,12,343831
11929,0.013473,74.125.68.0-255,5738,227572,12,343831
11930,0.013482,172.31.36.0-255,66,227638,12,343831
11931,0.015728,74.125.68.0-255,5738,233376,12,343831
11932,0.015737,172.31.36.0-255,66,233442,12,343831
11933,0.017971,74.125.68.0-255,5738,239180,12,343831
11934,0.017979,172.31.36.0-255,66,239246,12,343831
11935,0.0202,74.125.68.0-255,4320,243566,12,343831
11936,0.020207,172.31.36.0-255,66,243632,12,343831
11937,0.020237,74.125.68.0-255,1484,245116,12,343831
11938,0.022431,74.125.68.0-255,4320,249436,12,343831
11939,0.022439,172.31.36.0-255,66,249502,12,343831
11940,0.02468,74.125.68.0-255,5738,255240,12,343831
11941,0.024688,172.31.36.0-255,66,255306,12,343831
11942,0.026243,172.31.36.0-255,172,255478,12,343831
11943,0.026271,172.31.36.0-255,1109,256587,12,343831
11944,0.026319,172.31.36.0-255,1514,258101,12,343831
11945,0.026321,172.31.36.0-255,1298,259399,12,343831
11946,0.026993,74.125.68.0-255,4320,263719,12,343831
11947,0.027001,172.31.36.0-255,66,263785,12,343831
11948,0.027035,74.125.68.0-255,1484,265269,12,343831
11949,0.027778,104.244.42.0-255,66,265335,12,343831
11950,0.027786,104.244.42.0-255,66,265401,12,343831
11951,0.027894,104.244.42.0-255,66,265467,12,343831
11952,0.028641,104.244.42.0-255,108,265575,12,343831
11953,0.02865,172.31.36.0-255,66,265641,12,343831
11954,0.029228,74.125.68.0-255,4320,269961,12,343831
11955,0.029233,172.31.36.0-255,66,270027,12,343831
11956,0.031467,74.125.68.0-255,5738,275765,12,343831
11957,0.031472,172.31.36.0-255,66,275831,12,343831
11958,0.033687,74.125.68.0-255,2902,278733,12,343831
11959,0.033693,172.31.36.0-255,66,278799,12,343831
11960,0.033726,74.125.68.0-255,2902,281701,12,343831
11961,0.033729,172.31.36.0-255,66,281767,12,343831
11962,0.035919,74.125.68.0-255,1484,283251,12,343831
11963,0.03595,74.125.68.0-255,4320,287571,12,343831
11964,0.035955,172.31.36.0-255,66,287637,12,343831
11965,0.03818,74.125.68.0-255,4320,291957,12,343831
11966,0.038185,172.31.36.0-255,66,292023,12,343831
11967,0.038216,74.125.68.0-255,1484,293507,12,343831
11968,0.040401,74.125.68.0-255,4320,297827,12,343831
11969,0.040406,172.31.36.0-255,66,297893,12,343831
11970,0.042618,74.125.68.0-255,4320,302213,12,343831
11971,0.042623,172.31.36.0-255,66,302279,12,343831
11972,0.042655,74.125.68.0-255,1484,303763,12,343831
11973,0.044855,74.125.68.0-255,4320,308083,12,343831
11974,0.044861,172.31.36.0-255,66,308149,12,343831
11975,0.047078,74.125.68.0-255,2902,311051,12,343831
11976,0.047084,172.31.36.0-255,66,311117,12,343831
11977,0.047115,74.125.68.0-255,2902,314019,12,343831
11978,0.047118,172.31.36.0-255,66,314085,12,343831
11979,0.049313,74.125.68.0-255,2902,316987,12,343831
11980,0.049318,172.31.36.0-255,66,317053,12,343831
11981,0.04935,74.125.68.0-255,2902,319955,12,343831
11982,0.049353,172.31.36.0-255,66,320021,12,343831
11983,0.05155,74.125.68.0-255,2902,322923,12,343831
11984,0.051558,172.31.36.0-255,66,322989,12,343831
11985,0.051591,74.125.68.0-255,2902,325891,12,343831
11986,0.051595,172.31.36.0-255,66,325957,12,343831
11987,0.053776,74.125.68.0-255,2902,328859,12,343831
11988,0.053781,172.31.36.0-255,66,328925,12,343831
11989,0.053816,74.125.68.0-255,2902,331827,12,343831
11990,0.053819,172.31.36.0-255,66,331893,12,343831
11991,0.056,74.125.68.0-255,2902,334795,12,343831
11992,0.056005,172.31.36.0-255,66,334861,12,343831
11993,0.056043,74.125.68.0-255,1484,336345,12,343831
11994,0.056061,74.125.68.0-255,1484,337829,12,343831
11995,0.056064,172.31.36.0-255,66,337895,12,343831
11996,0.058218,74.125.68.0-255,2902,340797,12,343831
11997,0.058223,172.31.36.0-255,66,340863,12,343831
11998,0.058267,74.125.68.0-255,2902,343765,12,343831
11999,0.058271,172.31.36.0-255,66,343831,12,343831
12000,0.0,172.217.194.0-255,153,153,12,348801
12001,2.5e-05,172.31.36.0-255,66,219,12,348801
12002,3.3e-05,172.217.194.0-255,1484,1703,12,348801
12003,3.8e-05,172.31.36.0-255,66,1769,12,348801
12004,6.3e-05,172.217.194.0-255,2902,4671,12,348801
12005,6.7e-05,172.31.36.0-255,66,4737,12,348801
12006,7.3e-05,172.217.194.0-255,5738,10475,12,348801
12007,7.6e-05,172.31.36.0-255,66,10541,12,348801
12008,9.9e-05,172.217.194.0-255,3436,13977,12,348801
12009,0.000102,172.31.36.0-255,66,14043,12,348801
12010,0.00014,172.217.194.0-255,2902,16945,12,348801
12011,0.000143,172.31.36.0-255,66,17011,12,348801
12012,0.000149,172.217.194.0-255,4320,21331,12,348801
12013,0.000151,172.31.36.0-255,66,21397,12,348801
12014,0.000155,172.217.194.0-255,1484,22881,12,348801
12015,0.000157,172.31.36.0-255,66,22947,12,348801
12016,0.000192,172.217.194.0-255,7156,30103,12,348801
12017,0.000195,172.31.36.0-255,66,30169,12,348801
12018,0.000206,172.31.36.0-255,66,30235,12,348801
12019,0.000264,172.217.194.0-255,5738,35973,12,348801
12020,0.000268,172.31.36.0-255,66,36039,12,348801
12021,0.00029,172.217.194.0-255,3602,39641,12,348801
12022,0.000292,172.31.36.0-255,66,39707,12,348801
12023,0.000893,172.217.194.0-255,1484,41191,12,348801
12024,0.0009,172.31.36.0-255,66,41257,12,348801
12025,0.000945,172.217.194.0-255,1484,42741,12,348801
12026,0.000949,172.31.36.0-255,66,42807,12,348801
12027,0.001013,172.217.194.0-255,1484,44291,12,348801
12028,0.001017,172.31.36.0-255,66,44357,12,348801
12029,0.001037,172.217.194.0-255,2902,47259,12,348801
12030,0.00104,172.31.36.0-255,66,47325,12,348801
12031,0.00107,172.217.194.0-255,5738,53063,12,348801
12032,0.001072,172.31.36.0-255,66,53129,12,348801
12033,0.001075,172.217.194.0-255,1484,54613,12,348801
12034,0.001127,172.217.194.0-255,3123,57736,12,348801
12035,0.00113,172.31.36.0-255,66,57802,12,348801
12036,0.006289,172.217.194.0-255,1484,59286,12,348801
12037,0.006303,172.217.194.0-255,2902,62188,12,348801
12038,0.00631,172.31.36.0-255,66,62254,12,348801
12039,0.006319,172.217.194.0-255,4320,66574,12,348801
12040,0.006321,172.31.36.0-255,66,66640,12,348801
12041,0.006343,172.217.194.0-255,1484,68124,12,348801
12042,0.00636,172.217.194.0-255,4320,72444,12,348801
12043,0.006362,172.31.36.0-255,66,72510,12,348801
12044,0.006386,172.217.194.0-255,4320,76830,12,348801
12045,0.006388,172.31.36.0-255,66,76896,12,348801
12046,0.006395,172.217.194.0-255,5738,82634,12,348801
12047,0.006396,172.31.36.0-255,66,82700,12,348801
12048,0.006452,172.31.36.0-255,66,82766,12,348801
12049,0.011093,172.217.194.0-255,1484,84250,12,348801
12050,0.011106,172.217.194.0-255,2902,87152,12,348801
12051,0.011112,172.31.36.0-255,66,87218,12,348801
12052,0.011122,172.217.194.0-255,5738,92956,12,348801
12053,0.011124,172.31.36.0-255,66,93022,12,348801
12054,0.011149,172.217.194.0-255,2902,95924,12,348801
12055,0.011151,172.31.36.0-255,66,95990,12,348801
12056,0.011157,172.217.194.0-255,4320,100310,12,348801
12057,0.01116,172.31.36.0-255,66,100376,12,348801
12058,0.011197,172.217.194.0-255,5738,106114,12,348801
12059,0.0112,172.31.36.0-255,66,106180,12,348801
12060,0.011223,172.217.194.0-255,7156,113336,12,348801
12061,0.011225,172.31.36.0-255,66,113402,12,348801
12062,0.011232,172.217.194.0-255,3602,117004,12,348801
12063,0.011234,172.31.36.0-255,66,117070,12,348801
12064,0.011292,172.217.194.0-255,7156,124226,12,348801
12065,0.011295,172.31.36.0-255,66,124292,12,348801
12066,0.011311,172.217.194.0-255,2902,127194,12,348801
12067,0.011314,172.31.36.0-255,66,127260,12,348801
12068,0.011362,172.31.36.0-255,66,127326,12,348801
12069,0.011382,172.217.194.0-255,1484,128810,12,348801
12070,0.011385,172.217.194.0-255,1484,130294,12,348801
12071,0.011387,172.31.36.0-255,66,130360,12,348801
12072,0.011407,172.217.194.0-255,4320,134680,12,348801
12073,0.01141,172.31.36.0-255,66,134746,12,348801
12074,0.01143,172.217.194.0-255,2902,137648,12,348801
12075,0.011433,172.31.36.0-255,66,137714,12,348801
12076,0.011438,172.217.194.0-255,3602,141316,12,348801
12077,0.01144,172.31.36.0-255,66,141382,12,348801
12078,0.015142,172.217.194.0-255,1484,142866,12,348801
12079,0.015154,172.217.194.0-255,2902,145768,12,348801
12080,0.015159,172.31.36.0-255,66,145834,12,348801
12081,0.015191,172.217.194.0-255,1484,147318,12,348801
12082,0.015205,172.217.194.0-255,2902,150220,12,348801
12083,0.015208,172.31.36.0-255,66,150286,12,348801
12084,0.015213,172.217.194.0-255,2902,153188,12,348801
12085,0.015215,172.31.36.0-255,66,153254,12,348801
12086,0.015231,172.217.194.0-255,2902,156156,12,348801
12087,0.015233,172.31.36.0-255,66,156222,12,348801
12088,0.015261,172.217.194.0-255,5738,161960,12,348801
12089,0.015264,172.31.36.0-255,66,162026,12,348801
12090,0.015281,172.217.194.0-255,1484,163510,12,348801
12091,0.015307,172.217.194.0-255,5738,169248,12,348801
12092,0.01531,172.31.36.0-255,66,169314,12,348801
12093,0.015336,172.217.194.0-255,6438,175752,12,348801
12094,0.015338,172.31.36.0-255,66,175818,12,348801
12095,0.02055,172.217.194.0-255,1484,177302,12,348801
12096,0.020568,172.217.194.0-255,2902,180204,12,348801
12097,0.020578,172.31.36.0-255,66,180270,12,348801
12098,0.020588,172.217.194.0-255,5738,186008,12,348801
12099,0.020591,172.31.36.0-255,66,186074,12,348801
12100,0.020598,172.217.194.0-255,5738,191812,12,348801
12101,0.020601,172.31.36.0-255,66,191878,12,348801
12102,0.020609,172.217.194.0-255,7156,199034,12,348801
12103,0.020611,172.31.36.0-255,66,199100,12,348801
12104,0.020654,172.217.194.0-255,4320,203420,12,348801
12105,0.020657,172.31.36.0-255,66,203486,12,348801
12106,0.020677,172.217.194.0-255,4320,207806,12,348801
12107,0.020679,172.31.36.0-255,66,207872,12,348801
12108,0.0207,172.217.194.0-255,2184,210056,12,348801
12109,0.020702,172.31.36.0-255,66,210122,12,348801
12110,0.02073,172.217.194.0-255,2902,213024,12,348801
12111,0.020733,172.31.36.0-255,66,213090,12,348801
12112,0.020738,172.217.194.0-255,2902,215992,12,348801
12113,0.02074,172.31.36.0-255,66,216058,12,348801
12114,0.020755,172.217.194.0-255,4320,220378,12,348801
12115,0.020757,172.31.36.0-255,66,220444,12,348801
12116,0.020762,172.217.194.0-255,2902,223346,12,348801
12117,0.020764,172.31.36.0-255,66,223412,12,348801
12118,0.020793,172.217.194.0-255,5738,229150,12,348801
12119,0.020796,172.31.36.0-255,66,229216,12,348801
12120,0.020799,172.217.194.0-255,1484,230700,12,348801
12121,0.020847,172.31.36.0-255,66,230766,12,348801
12122,0.02085,172.217.194.0-255,766,231532,12,348801
12123,0.021723,172.31.36.0-255,66,231598,12,348801
12124,0.022422,172.217.194.0-255,1484,233082,12,348801
12125,0.022432,172.217.194.0-255,2902,235984,12,348801
12126,0.022436,172.31.36.0-255,66,236050,12,348801
12127,0.022464,172.217.194.0-255,2902,238952,12,348801
12128,0.022466,172.31.36.0-255,66,239018,12,348801
12129,0.022485,172.217.194.0-255,2902,241920,12,348801
12130,0.022488,172.31.36.0-255,66,241986,12,348801
12131,0.022505,172.217.194.0-255,1484,243470,12,348801
12132,0.022529,172.217.194.0-255,5738,249208,12,348801
12133,0.022531,172.31.36.0-255,66,249274,12,348801
12134,0.022534,172.217.194.0-255,1484,250758,12,348801
12135,0.022551,172.217.194.0-255,5738,256496,12,348801
12136,0.022553,172.31.36.0-255,66,256562,12,348801
12137,0.02257,172.217.194.0-255,1484,258046,12,348801
12138,0.022599,172.31.36.0-255,66,258112,12,348801
12139,0.024282,172.217.194.0-255,1484,259596,12,348801
12140,0.024295,172.217.194.0-255,2902,262498,12,348801
12141,0.024301,172.31.36.0-255,66,262564,12,348801
12142,0.024307,172.217.194.0-255,2902,265466,12,348801
12143,0.024309,172.31.36.0-255,66,265532,12,348801
12144,0.024313,172.217.194.0-255,1484,267016,12,348801
12145,0.02433,172.217.194.0-255,5738,272754,12,348801
12146,0.024332,172.31.36.0-255,66,272820,12,348801
12147,0.024366,172.31.36.0-255,66,272886,12,348801
12148,0.024406,172.217.194.0-255,4320,277206,12,348801
12149,0.024408,172.31.36.0-255,66,277272,12,348801
12150,0.024432,172.217.194.0-255,5020,282292,12,348801
12151,0.024435,172.31.36.0-255,66,282358,12,348801
12152,0.024478,172.217.194.0-255,5738,288096,12,348801
12153,0.02448,172.31.36.0-255,66,288162,12,348801
12154,0.024503,172.217.194.0-255,4320,292482,12,348801
12155,0.024506,172.31.36.0-255,66,292548,12,348801
12156,0.024522,172.31.36.0-255,66,292614,12,348801
12157,0.024528,172.217.194.0-255,5020,297634,12,348801
12158,0.024531,172.31.36.0-255,66,297700,12,348801
12159,0.02478,172.217.194.0-255,1484,299184,12,348801
12160,0.024814,172.217.194.0-255,2902,302086,12,348801
12161,0.024818,172.31.36.0-255,66,302152,12,348801
12162,0.024822,172.217.194.0-255,1484,303636,12,348801
12163,0.024825,172.217.194.0-255,1484,305120,12,348801
12164,0.024827,172.31.36.0-255,66,305186,12,348801
12165,0.02485,172.217.194.0-255,4320,309506,12,348801
12166,0.024852,172.31.36.0-255,66,309572,12,348801
12167,0.024871,172.217.194.0-255,1484,311056,12,348801
12168,0.024876,172.217.194.0-255,4320,315376,12,348801
12169,0.024878,172.31.36.0-255,66,315442,12,348801
12170,0.024881,172.217.194.0-255,1484,316926,12,348801
12171,0.024915,172.217.194.0-255,7156,324082,12,348801
12172,0.024918,172.31.36.0-255,66,324148,12,348801
12173,0.024921,172.217.194.0-255,1484,325632,12,348801
12174,0.024938,172.217.194.0-255,1484,327116,12,348801
12175,0.024942,172.31.36.0-255,78,327194,12,348801
12176,0.024948,172.217.194.0-255,4320,331514,12,348801
12177,0.024951,172.31.36.0-255,66,331580,12,348801
12178,0.024953,172.217.194.0-255,766,332346,12,348801
12179,0.025373,172.31.36.0-255,66,332412,12,348801
12180,0.025378,172.217.194.0-255,1484,333896,12,348801
12181,0.025382,172.217.194.0-255,1484,335380,12,348801
12182,0.025385,172.31.36.0-255,66,335446,12,348801
12183,0.025394,172.217.194.0-255,1484,336930,12,348801
12184,0.025431,172.217.194.0-255,3518,340448,12,348801
12185,0.025434,172.31.36.0-255,66,340514,12,348801
12186,0.025498,172.217.194.0-255,105,340619,12,348801
12187,0.025592,172.31.36.0-255,66,340685,12,348801
12188,0.025627,172.31.36.0-255,105,340790,12,348801
12189,0.02794,172.217.194.0-255,66,340856,12,348801
12190,0.040968,172.31.36.0-255,172,341028,12,348801
12191,0.041003,172.31.36.0-255,1109,342137,12,348801
12192,0.041073,172.31.36.0-255,1514,343651,12,348801
12193,0.041075,172.31.36.0-255,1514,345165,12,348801
12194,0.041076,172.31.36.0-255,1514,346679,12,348801
12195,0.041077,172.31.36.0-255,1514,348193,12,348801
12196,0.041108,172.31.36.0-255,170,348363,12,348801
12197,0.042526,104.244.42.0-255,66,348429,12,348801
12198,0.042584,104.244.42.0-255,66,348495,12,348801
12199,0.042668,104.244.42.0-255,66,348561,12,348801
12200,0.042681,104.244.42.0-255,66,348627,12,348801
12201,0.043379,104.244.42.0-255,108,348735,12,348801
12202,0.043388,172.31.36.0-255,66,348801,12,348801
12203,0.0,172.217.194.0-255,189,189,12,223653
12204,1.5e-05,172.31.36.0-255,66,255,12,223653
12205,2.2e-05,172.217.194.0-255,1484,1739,12,223653
12206,2.7e-05,172.31.36.0-255,66,1805,12,223653
12207,4.3e-05,172.217.194.0-255,2902,4707,12,223653
12208,4.7e-05,172.31.36.0-255,66,4773,12,223653
12209,5.5e-05,172.217.194.0-255,7156,11929,12,223653
12210,5.8e-05,172.31.36.0-255,66,11995,12,223653
12211,6.3e-05,172.217.194.0-255,1997,13992,12,223653
12212,6.6e-05,172.31.36.0-255,66,14058,12,223653
12213,9.9e-05,172.31.36.0-255,66,14124,12,223653
12214,0.000117,172.217.194.0-255,2902,17026,12,223653
12215,0.000119,172.31.36.0-255,66,17092,12,223653
12216,0.000139,172.31.36.0-255,66,17158,12,223653
12217,0.000151,172.31.36.0-255,66,17224,12,223653
12218,0.000159,172.217.194.0-255,7156,24380,12,223653
12219,0.000162,172.31.36.0-255,66,24446,12,223653
12220,0.000196,172.217.194.0-255,2902,27348,12,223653
12221,0.000198,172.31.36.0-255,66,27414,12,223653
12222,0.000206,172.217.194.0-255,6797,34211,12,223653
12223,0.000209,172.31.36.0-255,66,34277,12,223653
12224,0.000211,172.217.194.0-255,376,34653,12,223653
12225,0.000213,172.31.36.0-255,66,34719,12,223653
12226,0.000254,172.217.194.0-255,368,35087,12,223653
12227,0.000256,172.31.36.0-255,66,35153,12,223653
12228,0.000321,172.217.194.0-255,1484,36637,12,223653
12229,0.000325,172.31.36.0-255,66,36703,12,223653
12230,0.00033,172.217.194.0-255,2902,39605,12,223653
12231,0.000333,172.31.36.0-255,66,39671,12,223653
12232,0.000336,172.217.194.0-255,1484,41155,12,223653
12233,0.000366,172.217.194.0-255,4320,45475,12,223653
12234,0.000369,172.31.36.0-255,66,45541,12,223653
12235,0.000397,172.217.194.0-255,6797,52338,12,223653
12236,0.0004,172.31.36.0-255,66,52404,12,223653
12237,0.000427,172.217.194.0-255,7156,59560,12,223653
12238,0.00043,172.31.36.0-255,66,59626,12,223653
12239,0.000468,172.31.36.0-255,66,59692,12,223653
12240,0.000945,172.217.194.0-255,1484,61176,12,223653
12241,0.000952,172.217.194.0-255,2902,64078,12,223653
12242,0.000957,172.31.36.0-255,66,64144,12,223653
12243,0.000964,172.217.194.0-255,5738,69882,12,223653
12244,0.000967,172.31.36.0-255,66,69948,12,223653
12245,0.000985,172.217.194.0-255,2902,72850,12,223653
12246,0.000987,172.31.36.0-255,66,72916,12,223653
12247,0.001025,172.31.36.0-255,66,72982,12,223653
12248,0.001031,172.217.194.0-255,5738,78720,12,223653
12249,0.001033,172.31.36.0-255,66,78786,12,223653
12250,0.001078,172.217.194.0-255,5020,83806,12,223653
12251,0.001081,172.31.36.0-255,66,83872,12,223653
12252,0.001084,172.217.194.0-255,1484,85356,12,223653
12253,0.001108,172.217.194.0-255,4320,89676,12,223653
12254,0.001111,172.31.36.0-255,66,89742,12,223653
12255,0.001122,172.31.36.0-255,66,89808,12,223653
12256,0.001132,172.217.194.0-255,2902,92710,12,223653
12257,0.001135,172.31.36.0-255,66,92776,12,223653
12258,0.001182,172.31.36.0-255,66,92842,12,223653
12259,0.001185,172.217.194.0-255,766,93608,12,223653
12260,0.001227,172.217.194.0-255,2902,96510,12,223653
12261,0.001248,172.217.194.0-255,7156,103666,12,223653
12262,0.001267,172.217.194.0-255,4320,107986,12,223653
12263,0.001285,172.217.194.0-255,5738,113724,12,223653
12264,0.001288,172.217.194.0-255,1484,115208,12,223653
12265,0.001292,172.217.194.0-255,2902,118110,12,223653
12266,0.001376,172.217.194.0-255,4320,122430,12,223653
12267,0.001396,172.217.194.0-255,1484,123914,12,223653
12268,0.001399,172.217.194.0-255,2902,126816,12,223653
12269,0.001402,172.217.194.0-255,1484,128300,12,223653
12270,0.00142,172.217.194.0-255,4320,132620,12,223653
12271,0.00144,172.217.194.0-255,5738,138358,12,223653
12272,0.001468,172.217.194.0-255,5738,144096,12,223653
12273,0.001482,172.217.194.0-255,2902,146998,12,223653
12274,0.001525,172.217.194.0-255,4320,151318,12,223653
12275,0.00154,172.217.194.0-255,1484,152802,12,223653
12276,0.001546,172.217.194.0-255,4320,157122,12,223653
12277,0.001563,172.217.194.0-255,2902,160024,12,223653
12278,0.001571,172.217.194.0-255,7156,167180,12,223653
12279,0.001586,172.217.194.0-255,1484,168664,12,223653
12280,0.001617,172.217.194.0-255,2184,170848,12,223653
12281,0.001828,172.217.194.0-255,1484,172332,12,223653
12282,0.001835,172.217.194.0-255,2902,175234,12,223653
12283,0.001859,172.217.194.0-255,5738,180972,12,223653
12284,0.0019,172.217.194.0-255,7156,188128,12,223653
12285,0.001919,172.217.194.0-255,2902,191030,12,223653
12286,0.001922,172.217.194.0-255,766,191796,12,223653
12287,0.001989,172.217.194.0-255,1484,193280,12,223653
12288,0.001994,172.217.194.0-255,1484,194764,12,223653
12289,0.002005,172.217.194.0-255,1484,196248,12,223653
12290,0.002012,172.217.194.0-255,5738,201986,12,223653
12291,0.002015,172.217.194.0-255,1484,203470,12,223653
12292,0.002052,172.217.194.0-255,1484,204954,12,223653
12293,0.002055,172.217.194.0-255,1484,206438,12,223653
12294,0.002382,172.217.194.0-255,1484,207922,12,223653
12295,0.002412,172.217.194.0-255,2902,210824,12,223653
12296,0.002415,172.217.194.0-255,1484,212308,12,223653
12297,0.002432,172.217.194.0-255,4320,216628,12,223653
12298,0.002437,172.217.194.0-255,4320,220948,12,223653
12299,0.002516,172.217.194.0-255,2297,223245,12,223653
12300,0.005567,172.31.36.0-255,66,223311,12,223653
12301,0.008084,172.217.194.0-255,105,223416,12,223653
12302,0.008425,172.31.36.0-255,66,223482,12,223653
12303,0.008464,172.31.36.0-255,105,223587,12,223653
12304,0.011023,172.217.194.0-255,66,223653,12,223653
12305,0.0,172.217.160.0-255,152,152,12,336148
12306,2.4e-05,172.31.36.0-255,66,218,12,336148
12307,3.1e-05,172.217.160.0-255,1484,1702,12,336148
12308,3.6e-05,172.31.36.0-255,66,1768,12,336148
12309,4.1e-05,172.217.160.0-255,2902,4670,12,336148
12310,4.4e-05,172.31.36.0-255,66,4736,12,336148
12311,5.2e-05,172.217.160.0-255,7156,11892,12,336148
12312,5.5e-05,172.31.36.0-255,66,11958,12,336148
12313,6e-05,172.217.160.0-255,2031,13989,12,336148
12314,6.3e-05,172.31.36.0-255,66,14055,12,336148
12315,8.8e-05,172.217.160.0-255,1484,15539,12,336148
12316,9.1e-05,172.31.36.0-255,66,15605,12,336148
12317,9.6e-05,172.217.160.0-255,2902,18507,12,336148
12318,9.8e-05,172.31.36.0-255,66,18573,12,336148
12319,0.000127,172.217.160.0-255,2902,21475,12,336148
12320,0.000129,172.31.36.0-255,66,21541,12,336148
12321,0.000155,172.217.160.0-255,2902,24443,12,336148
12322,0.000157,172.31.36.0-255,66,24509,12,336148
12323,0.000164,172.217.160.0-255,6797,31306,12,336148
12324,0.000167,172.31.36.0-255,66,31372,12,336148
12325,0.00017,172.217.160.0-255,1484,32856,12,336148
12326,0.000172,172.31.36.0-255,66,32922,12,336148
12327,0.000199,172.217.160.0-255,2902,35824,12,336148
12328,0.000202,172.31.36.0-255,66,35890,12,336148
12329,0.000208,172.217.160.0-255,5738,41628,12,336148
12330,0.00021,172.31.36.0-255,66,41694,12,336148
12331,0.000229,172.217.160.0-255,2902,44596,12,336148
12332,0.000231,172.31.36.0-255,66,44662,12,336148
12333,0.000253,172.217.160.0-255,3961,48623,12,336148
12334,0.000256,172.31.36.0-255,66,48689,12,336148
12335,0.000269,172.217.160.0-255,2902,51591,12,336148
12336,0.000273,172.31.36.0-255,66,51657,12,336148
12337,0.000287,172.217.160.0-255,4320,55977,12,336148
12338,0.00029,172.31.36.0-255,66,56043,12,336148
12339,0.000297,172.217.160.0-255,7156,63199,12,336148
12340,0.000299,172.31.36.0-255,66,63265,12,336148
12341,0.000331,172.217.160.0-255,2543,65808,12,336148
12342,0.000333,172.31.36.0-255,66,65874,12,336148
12343,0.000367,172.217.160.0-255,336,66210,12,336148
12344,0.001047,172.31.36.0-255,66,66276,12,336148
12345,0.001064,172.217.160.0-255,123,66399,12,336148
12346,0.001087,172.31.36.0-255,66,66465,12,336148
12347,0.001164,172.217.160.0-255,1484,67949,12,336148
12348,0.00117,172.217.160.0-255,2902,70851,12,336148
12349,0.001173,172.31.36.0-255,66,70917,12,336148
12350,0.00118,172.217.160.0-255,4320,75237,12,336148
12351,0.001183,172.31.36.0-255,66,75303,12,336148
12352,0.001199,172.217.160.0-255,1484,76787,12,336148
12353,0.001206,172.217.160.0-255,5738,82525,12,336148
12354,0.001208,172.31.36.0-255,66,82591,12,336148
12355,0.001244,172.31.36.0-255,66,82657,12,336148
12356,0.001249,172.217.160.0-255,3961,86618,12,336148
12357,0.001251,172.31.36.0-255,66,86684,12,336148
12358,0.001535,172.217.160.0-255,1484,88168,12,336148
12359,0.001542,172.217.160.0-255,2902,91070,12,336148
12360,0.001547,172.31.36.0-255,66,91136,12,336148
12361,0.001555,172.217.160.0-255,5738,96874,12,336148
12362,0.001556,172.31.36.0-255,66,96940,12,336148
12363,0.001563,172.217.160.0-255,5738,102678,12,336148
12364,0.001565,172.31.36.0-255,66,102744,12,336148
12365,0.001574,172.217.160.0-255,7156,109900,12,336148
12366,0.001576,172.31.36.0-255,66,109966,12,336148
12367,0.001603,172.217.160.0-255,5738,115704,12,336148
12368,0.001605,172.31.36.0-255,66,115770,12,336148
12369,0.001612,172.217.160.0-255,5020,120790,12,336148
12370,0.001614,172.31.36.0-255,66,120856,12,336148
12371,0.001639,172.217.160.0-255,5738,126594,12,336148
12372,0.001642,172.31.36.0-255,66,126660,12,336148
12373,0.001654,172.31.36.0-255,66,126726,12,336148
12374,0.001679,172.217.160.0-255,4320,131046,12,336148
12375,0.001682,172.31.36.0-255,66,131112,12,336148
12376,0.001693,172.31.36.0-255,66,131178,12,336148
12377,0.001713,172.217.160.0-255,5738,136916,12,336148
12378,0.001716,172.31.36.0-255,66,136982,12,336148
12379,0.001719,172.217.160.0-255,766,137748,12,336148
12380,0.001785,172.217.160.0-255,1484,139232,12,336148
12381,0.001788,172.31.36.0-255,66,139298,12,336148
12382,0.001794,172.217.160.0-255,2902,142200,12,336148
12383,0.001796,172.31.36.0-255,66,142266,12,336148
12384,0.001801,172.217.160.0-255,2902,145168,12,336148
12385,0.001803,172.31.36.0-255,66,145234,12,336148
12386,0.001836,172.217.160.0-255,7156,152390,12,336148
12387,0.001839,172.31.36.0-255,66,152456,12,336148
12388,0.001852,172.31.36.0-255,66,152522,12,336148
12389,0.00187,172.217.160.0-255,5738,158260,12,336148
12390,0.001873,172.31.36.0-255,66,158326,12,336148
12391,0.001878,172.217.160.0-255,3602,161928,12,336148
12392,0.001881,172.31.36.0-255,66,161994,12,336148
12393,0.00378,172.217.160.0-255,4320,166314,12,336148
12394,0.003788,172.31.36.0-255,66,166380,12,336148
12395,0.003807,172.217.160.0-255,1484,167864,12,336148
12396,0.005705,172.217.160.0-255,4320,172184,12,336148
12397,0.005709,172.31.36.0-255,66,172250,12,336148
12398,0.007618,172.217.160.0-255,5738,177988,12,336148
12399,0.007624,172.31.36.0-255,66,178054,12,336148
12400,0.009544,172.217.160.0-255,5738,183792,12,336148
12401,0.009551,172.31.36.0-255,66,183858,12,336148
12402,0.011471,172.217.160.0-255,5738,189596,12,336148
12403,0.011479,172.31.36.0-255,66,189662,12,336148
12404,0.013406,172.217.160.0-255,5738,195400,12,336148
12405,0.013413,172.31.36.0-255,66,195466,12,336148
12406,0.015336,172.217.160.0-255,5738,201204,12,336148
12407,0.015345,172.31.36.0-255,66,201270,12,336148
12408,0.01726,172.217.160.0-255,5738,207008,12,336148
12409,0.017267,172.31.36.0-255,66,207074,12,336148
12410,0.019191,172.217.160.0-255,5738,212812,12,336148
12411,0.019198,172.31.36.0-255,66,212878,12,336148
12412,0.02113,172.217.160.0-255,5738,218616,12,336148
12413,0.021138,172.31.36.0-255,66,218682,12,336148
12414,0.023058,172.217.160.0-255,5738,224420,12,336148
12415,0.023066,172.31.36.0-255,66,224486,12,336148
12416,0.024999,172.217.160.0-255,5738,230224,12,336148
12417,0.025006,172.31.36.0-255,66,230290,12,336148
12418,0.026927,172.217.160.0-255,5738,236028,12,336148
12419,0.026936,172.31.36.0-255,66,236094,12,336148
12420,0.028863,172.217.160.0-255,5738,241832,12,336148
12421,0.028871,172.31.36.0-255,66,241898,12,336148
12422,0.030791,172.217.160.0-255,5738,247636,12,336148
12423,0.030798,172.31.36.0-255,66,247702,12,336148
12424,0.032739,172.217.160.0-255,5738,253440,12,336148
12425,0.032745,172.31.36.0-255,66,253506,12,336148
12426,0.033529,172.31.36.0-255,176,253682,12,336148
12427,0.033563,172.31.36.0-255,1078,254760,12,336148
12428,0.034663,172.217.160.0-255,5738,260498,12,336148
12429,0.034671,172.31.36.0-255,66,260564,12,336148
12430,0.035101,104.244.42.0-255,66,260630,12,336148
12431,0.035141,104.244.42.0-255,66,260696,12,336148
12432,0.036585,172.217.160.0-255,5738,266434,12,336148
12433,0.036592,172.31.36.0-255,66,266500,12,336148
12434,0.038536,172.217.160.0-255,5738,272238,12,336148
12435,0.038546,172.31.36.0-255,66,272304,12,336148
12436,0.040468,172.217.160.0-255,5738,278042,12,336148
12437,0.040476,172.31.36.0-255,66,278108,12,336148
12438,0.042407,172.217.160.0-255,5738,283846,12,336148
12439,0.042427,172.31.36.0-255,66,283912,12,336148
12440,0.044357,172.217.160.0-255,5738,289650,12,336148
12441,0.044366,172.31.36.0-255,66,289716,12,336148
12442,0.046301,172.217.160.0-255,5738,295454,12,336148
12443,0.046309,172.31.36.0-255,66,295520,12,336148
12444,0.048231,172.217.160.0-255,5738,301258,12,336148
12445,0.048239,172.31.36.0-255,66,301324,12,336148
12446,0.050167,172.217.160.0-255,5738,307062,12,336148
12447,0.050175,172.31.36.0-255,66,307128,12,336148
12448,0.052097,172.217.160.0-255,5738,312866,12,336148
12449,0.052104,172.31.36.0-255,66,312932,12,336148
12450,0.054023,172.217.160.0-255,5738,318670,12,336148
12451,0.054031,172.31.36.0-255,66,318736,12,336148
12452,0.055958,172.217.160.0-255,5738,324474,12,336148
12453,0.055965,172.31.36.0-255,66,324540,12,336148
12454,0.057898,172.217.160.0-255,5738,330278,12,336148
12455,0.057912,172.31.36.0-255,66,330344,12,336148
12456,0.059831,172.217.160.0-255,5738,336082,12,336148
12457,0.05984,172.31.36.0-255,66,336148,12,336148
12458,0.0,172.217.194.0-255,153,153,12,255383
12459,3.4e-05,172.31.36.0-255,66,219,12,255383
12460,4.2e-05,172.217.194.0-255,1484,1703,12,255383
12461,4.6e-05,172.31.36.0-255,66,1769,12,255383
12462,5.2e-05,172.217.194.0-255,2902,4671,12,255383
12463,6.3e-05,172.31.36.0-255,66,4737,12,255383
12464,7e-05,172.217.194.0-255,7156,11893,12,255383
12465,7.3e-05,172.31.36.0-255,66,11959,12,255383
12466,7.7e-05,172.217.194.0-255,2085,14044,12,255383
12467,7.9e-05,172.31.36.0-255,66,14110,12,255383
12468,0.000325,172.217.194.0-255,1484,15594,12,255383
12469,0.000331,172.31.36.0-255,66,15660,12,255383
12470,0.000337,172.217.194.0-255,2902,18562,12,255383
12471,0.00034,172.31.36.0-255,66,18628,12,255383
12472,0.000354,172.217.194.0-255,5738,24366,12,255383
12473,0.000357,172.31.36.0-255,66,24432,12,255383
12474,0.000404,172.31.36.0-255,66,24498,12,255383
12475,0.000412,172.217.194.0-255,7156,31654,12,255383
12476,0.000414,172.31.36.0-255,66,31720,12,255383
12477,0.000424,172.31.36.0-255,66,31786,12,255383
12478,0.000464,172.31.36.0-255,66,31852,12,255383
12479,0.000467,172.217.194.0-255,341,32193,12,255383
12480,0.00047,172.31.36.0-255,66,32259,12,255383
12481,0.00054,172.217.194.0-255,119,32378,12,255383
12482,0.000545,172.31.36.0-255,66,32444,12,255383
12483,0.000658,172.217.194.0-255,1484,33928,12,255383
12484,0.000663,172.31.36.0-255,66,33994,12,255383
12485,0.000668,172.217.194.0-255,2902,36896,12,255383
12486,0.000671,172.31.36.0-255,66,36962,12,255383
12487,0.000676,172.217.194.0-255,4320,41282,12,255383
12488,0.000685,172.31.36.0-255,66,41348,12,255383
12489,0.000729,172.217.194.0-255,1484,42832,12,255383
12490,0.000746,172.31.36.0-255,66,42898,12,255383
12491,0.000765,172.31.36.0-255,66,42964,12,255383
12492,0.000883,172.217.194.0-255,1484,44448,12,255383
12493,0.00089,172.217.194.0-255,2902,47350,12,255383
12494,0.000894,172.31.36.0-255,66,47416,12,255383
12495,0.0009,172.217.194.0-255,4320,51736,12,255383
12496,0.000902,172.31.36.0-255,66,51802,12,255383
12497,0.000926,172.217.194.0-255,1484,53286,12,255383
12498,0.000944,172.217.194.0-255,7156,60442,12,255383
12499,0.000944,172.31.36.0-255,66,60508,12,255383
12500,0.000951,172.31.36.0-255,66,60574,12,255383
12501,0.000976,172.217.194.0-255,3602,64176,12,255383
12502,0.000982,172.31.36.0-255,66,64242,12,255383
12503,0.00191,172.217.194.0-255,1484,65726,12,255383
12504,0.001924,172.217.194.0-255,2902,68628,12,255383
12505,0.001931,172.31.36.0-255,66,68694,12,255383
12506,0.00194,172.217.194.0-255,5738,74432,12,255383
12507,0.001942,172.31.36.0-255,66,74498,12,255383
12508,0.001957,172.217.194.0-255,7156,81654,12,255383
12509,0.00196,172.31.36.0-255,66,81720,12,255383
12510,0.001994,172.217.194.0-255,5738,87458,12,255383
12511,0.001996,172.31.36.0-255,66,87524,12,255383
12512,0.00201,172.31.36.0-255,66,87590,12,255383
12513,0.004021,172.217.194.0-255,5738,93328,12,255383
12514,0.00403,172.31.36.0-255,66,93394,12,255383
12515,0.006055,172.217.194.0-255,5738,99132,12,255383
12516,0.006061,172.31.36.0-255,66,99198,12,255383
12517,0.008115,172.217.194.0-255,5738,104936,12,255383
12518,0.008129,172.31.36.0-255,66,105002,12,255383
12519,0.010196,172.217.194.0-255,5738,110740,12,255383
12520,0.010212,172.31.36.0-255,66,110806,12,255383
12521,0.012312,172.217.194.0-255,5738,116544,12,255383
12522,0.012333,172.31.36.0-255,66,116610,12,255383
12523,0.014352,172.217.194.0-255,5738,122348,12,255383
12524,0.014366,172.31.36.0-255,66,122414,12,255383
12525,0.016461,172.217.194.0-255,5738,128152,12,255383
12526,0.016475,172.31.36.0-255,66,128218,12,255383
12527,0.018545,172.217.194.0-255,5738,133956,12,255383
12528,0.018564,172.31.36.0-255,66,134022,12,255383
12529,0.020655,172.217.194.0-255,5738,139760,12,255383
12530,0.020669,172.31.36.0-255,66,139826,12,255383
12531,0.022718,172.217.194.0-255,5738,145564,12,255383
12532,0.022741,172.31.36.0-255,66,145630,12,255383
12533,0.024759,172.217.194.0-255,5738,151368,12,255383
12534,0.024768,172.31.36.0-255,66,151434,12,255383
12535,0.025549,172.31.36.0-255,172,151606,12,255383
12536,0.025581,172.31.36.0-255,1108,152714,12,255383
12537,0.025641,172.31.36.0-255,1514,154228,12,255383
12538,0.025643,172.31.36.0-255,1514,155742,12,255383
12539,0.025668,172.31.36.0-255,709,156451,12,255383
12540,0.026799,172.217.194.0-255,5738,162189,12,255383
12541,0.026808,172.31.36.0-255,66,162255,12,255383
12542,0.027093,104.244.42.0-255,66,162321,12,255383
12543,0.027134,104.244.42.0-255,66,162387,12,255383
12544,0.027181,104.244.42.0-255,66,162453,12,255383
12545,0.027248,104.244.42.0-255,66,162519,12,255383
12546,0.028896,172.217.194.0-255,5738,168257,12,255383
12547,0.028911,172.31.36.0-255,66,168323,12,255383
12548,0.030961,172.217.194.0-255,5738,174061,12,255383
12549,0.030971,172.31.36.0-255,66,174127,12,255383
12550,0.033006,172.217.194.0-255,5738,179865,12,255383
12551,0.033018,172.31.36.0-255,66,179931,12,255383
12552,0.035075,172.217.194.0-255,5738,185669,12,255383
12553,0.035086,172.31.36.0-255,66,185735,12,255383
12554,0.037196,172.217.194.0-255,5738,191473,12,255383
12555,0.037204,172.31.36.0-255,66,191539,12,255383
12556,0.039228,172.217.194.0-255,5738,197277,12,255383
12557,0.039239,172.31.36.0-255,66,197343,12,255383
12558,0.041248,172.217.194.0-255,5738,203081,12,255383
12559,0.041261,172.31.36.0-255,66,203147,12,255383
12560,0.043311,172.217.194.0-255,5738,208885,12,255383
12561,0.043319,172.31.36.0-255,66,208951,12,255383
12562,0.045394,172.217.194.0-255,5738,214689,12,255383
12563,0.045411,172.31.36.0-255,66,214755,12,255383
12564,0.047496,172.217.194.0-255,5738,220493,12,255383
12565,0.04751,172.31.36.0-255,66,220559,12,255383
12566,0.049528,172.217.194.0-255,5738,226297,12,255383
12567,0.049539,172.31.36.0-255,66,226363,12,255383
12568,0.05161,172.217.194.0-255,5738,232101,12,255383
12569,0.051628,172.31.36.0-255,66,232167,12,255383
12570,0.053687,172.217.194.0-255,5738,237905,12,255383
12571,0.053697,172.31.36.0-255,66,237971,12,255383
12572,0.05569,172.217.194.0-255,5738,243709,12,255383
12573,0.055699,172.31.36.0-255,66,243775,12,255383
12574,0.057764,172.217.194.0-255,5738,249513,12,255383
12575,0.057772,172.31.36.0-255,66,249579,12,255383
12576,0.0598,172.217.194.0-255,5738,255317,12,255383
12577,0.059809,172.31.36.0-255,66,255383,12,255383
12578,0.0,172.217.194.0-255,153,153,12,368409
12579,2e-05,172.31.36.0-255,66,219,12,368409
12580,2.8e-05,172.217.194.0-255,1484,1703,12,368409
12581,3.2e-05,172.31.36.0-255,66,1769,12,368409
12582,4.9e-05,172.217.194.0-255,2902,4671,12,368409
12583,5.3e-05,172.31.36.0-255,66,4737,12,368409
12584,6.2e-05,172.217.194.0-255,7156,11893,12,368409
12585,6.7e-05,172.31.36.0-255,66,11959,12,368409
12586,7.1e-05,172.217.194.0-255,2055,14014,12,368409
12587,7.5e-05,172.31.36.0-255,66,14080,12,368409
12588,8.9e-05,172.31.36.0-255,66,14146,12,368409
12589,9.6e-05,172.217.194.0-255,5379,19525,12,368409
12590,9.8e-05,172.31.36.0-255,66,19591,12,368409
12591,0.000131,172.217.194.0-255,1484,21075,12,368409
12592,0.000133,172.31.36.0-255,66,21141,12,368409
12593,0.000139,172.217.194.0-255,2902,24043,12,368409
12594,0.000141,172.31.36.0-255,66,24109,12,368409
12595,0.000172,172.217.194.0-255,5738,29847,12,368409
12596,0.000175,172.31.36.0-255,66,29913,12,368409
12597,0.000181,172.217.194.0-255,5738,35651,12,368409
12598,0.000183,172.31.36.0-255,66,35717,12,368409
12599,0.000232,172.217.194.0-255,1125,36842,12,368409
12600,0.000235,172.31.36.0-255,66,36908,12,368409
12601,0.000264,172.217.194.0-255,1484,38392,12,368409
12602,0.000266,172.31.36.0-255,66,38458,12,368409
12603,0.000271,172.217.194.0-255,2902,41360,12,368409
12604,0.000274,172.31.36.0-255,66,41426,12,368409
12605,0.000285,172.217.194.0-255,5738,47164,12,368409
12606,0.000287,172.31.36.0-255,66,47230,12,368409
12607,0.000334,172.217.194.0-255,6797,54027,12,368409
12608,0.000337,172.31.36.0-255,66,54093,12,368409
12609,0.000362,172.217.194.0-255,375,54468,12,368409
12610,0.000557,172.217.194.0-255,98,54566,12,368409
12611,0.000608,172.217.194.0-255,1484,56050,12,368409
12612,0.000613,172.217.194.0-255,1484,57534,12,368409
12613,0.000629,172.217.194.0-255,1484,59018,12,368409
12614,0.000637,172.31.36.0-255,66,59084,12,368409
12615,0.000671,172.217.194.0-255,5738,64822,12,368409
12616,0.000676,172.217.194.0-255,2902,67724,12,368409
12617,0.000695,172.31.36.0-255,66,67790,12,368409
12618,0.000731,172.217.194.0-255,4320,72110,12,368409
12619,0.000747,172.31.36.0-255,66,72176,12,368409
12620,0.00078,172.217.194.0-255,5738,77914,12,368409
12621,0.000794,172.217.194.0-255,766,78680,12,368409
12622,0.000802,172.31.36.0-255,66,78746,12,368409
12623,0.000851,172.217.194.0-255,1484,80230,12,368409
12624,0.00087,172.217.194.0-255,1484,81714,12,368409
12625,0.000878,172.31.36.0-255,66,81780,12,368409
12626,0.000888,172.217.194.0-255,2902,84682,12,368409
12627,0.000907,172.217.194.0-255,5738,90420,12,368409
12628,0.000919,172.217.194.0-255,1484,91904,12,368409
12629,0.000937,172.31.36.0-255,66,91970,12,368409
12630,0.000942,172.217.194.0-255,2902,94872,12,368409
12631,0.000948,172.31.36.0-255,66,94938,12,368409
12632,0.000975,172.217.194.0-255,5738,100676,12,368409
12633,0.000989,172.217.194.0-255,2902,103578,12,368409
12634,0.001001,172.217.194.0-255,1484,105062,12,368409
12635,0.001012,172.217.194.0-255,2902,107964,12,368409
12636,0.00102,172.31.36.0-255,66,108030,12,368409
12637,0.001031,172.217.194.0-255,4741,112771,12,368409
12638,0.00105,172.31.36.0-255,66,112837,12,368409
12639,0.001201,172.217.194.0-255,1484,114321,12,368409
12640,0.001225,172.217.194.0-255,2902,117223,12,368409
12641,0.001232,172.217.194.0-255,5738,122961,12,368409
12642,0.001243,172.31.36.0-255,66,123027,12,368409
12643,0.001256,172.217.194.0-255,7156,130183,12,368409
12644,0.001267,172.31.36.0-255,66,130249,12,368409
12645,0.001294,172.217.194.0-255,5738,135987,12,368409
12646,0.001312,172.217.194.0-255,4320,140307,12,368409
12647,0.001317,172.31.36.0-255,66,140373,12,368409
12648,0.001348,172.217.194.0-255,6438,146811,12,368409
12649,0.001378,172.31.36.0-255,66,146877,12,368409
12650,0.001513,172.217.194.0-255,1484,148361,12,368409
12651,0.001577,172.217.194.0-255,2902,151263,12,368409
12652,0.001581,172.217.194.0-255,1484,152747,12,368409
12653,0.001588,172.31.36.0-255,66,152813,12,368409
12654,0.001598,172.217.194.0-255,2902,155715,12,368409
12655,0.001621,172.217.194.0-255,5738,161453,12,368409
12656,0.001638,172.217.194.0-255,2902,164355,12,368409
12657,0.001664,172.31.36.0-255,66,164421,12,368409
12658,0.001668,172.31.36.0-255,66,164487,12,368409
12659,0.001712,172.217.194.0-255,7156,171643,12,368409
12660,0.001722,172.31.36.0-255,66,171709,12,368409
12661,0.00176,172.217.194.0-255,5738,177447,12,368409
12662,0.001766,172.31.36.0-255,66,177513,12,368409
12663,0.001859,172.31.36.0-255,66,177579,12,368409
12664,0.001863,172.217.194.0-255,1484,179063,12,368409
12665,0.001867,172.217.194.0-255,2902,181965,12,368409
12666,0.001878,172.31.36.0-255,66,182031,12,368409
12667,0.001896,172.217.194.0-255,5738,187769,12,368409
12668,0.001903,172.217.194.0-255,5738,193507,12,368409
12669,0.001925,172.31.36.0-255,66,193573,12,368409
12670,0.001952,172.217.194.0-255,7156,200729,12,368409
12671,0.001968,172.217.194.0-255,5738,206467,12,368409
12672,0.001974,172.217.194.0-255,5020,211487,12,368409
12673,0.001989,172.31.36.0-255,66,211553,12,368409
12674,0.003979,172.217.194.0-255,5738,217291,12,368409
12675,0.005417,172.31.36.0-255,66,217357,12,368409
12676,0.007399,172.217.194.0-255,5738,223095,12,368409
12677,0.007405,172.31.36.0-255,66,223161,12,368409
12678,0.009379,172.217.194.0-255,5738,228899,12,368409
12679,0.009816,172.31.36.0-255,66,228965,12,368409
12680,0.011828,172.217.194.0-255,5738,234703,12,368409
12681,0.011835,172.31.36.0-255,66,234769,12,368409
12682,0.013848,172.217.194.0-255,5738,240507,12,368409
12683,0.01616,172.31.36.0-255,66,240573,12,368409
12684,0.018162,172.217.194.0-255,5738,246311,12,368409
12685,0.018173,172.31.36.0-255,66,246377,12,368409
12686,0.020178,172.217.194.0-255,5738,252115,12,368409
12687,0.020188,172.31.36.0-255,66,252181,12,368409
12688,0.022189,172.217.194.0-255,5738,257919,12,368409
12689,0.022196,172.31.36.0-255,66,257985,12,368409
12690,0.024187,172.217.194.0-255,5738,263723,12,368409
12691,0.024195,172.31.36.0-255,66,263789,12,368409
12692,0.026166,172.217.194.0-255,5738,269527,12,368409
12693,0.026175,172.31.36.0-255,66,269593,12,368409
12694,0.028165,172.217.194.0-255,5738,275331,12,368409
12695,0.028173,172.31.36.0-255,66,275397,12,368409
12696,0.030155,172.217.194.0-255,5738,281135,12,368409
12697,0.030163,172.31.36.0-255,66,281201,12,368409
12698,0.032138,172.217.194.0-255,5738,286939,12,368409
12699,0.032145,172.31.36.0-255,66,287005,12,368409
12700,0.034134,172.217.194.0-255,5738,292743,12,368409
12701,0.034141,172.31.36.0-255,66,292809,12,368409
12702,0.036129,172.217.194.0-255,5738,298547,12,368409
12703,0.036137,172.31.36.0-255,66,298613,12,368409
12704,0.038119,172.217.194.0-255,5738,304351,12,368409
12705,0.038127,172.31.36.0-255,66,304417,12,368409
12706,0.040084,172.217.194.0-255,5738,310155,12,368409
12707,0.040093,172.31.36.0-255,66,310221,12,368409
12708,0.042125,172.217.194.0-255,5738,315959,12,368409
12709,0.042134,172.31.36.0-255,66,316025,12,368409
12710,0.042748,172.31.36.0-255,172,316197,12,368409
12711,0.042781,172.31.36.0-255,1109,317306,12,368409
12712,0.042852,172.31.36.0-255,1514,318820,12,368409
12713,0.042854,172.31.36.0-255,1514,320334,12,368409
12714,0.042855,172.31.36.0-255,1514,321848,12,368409
12715,0.042861,172.31.36.0-255,1514,323362,12,368409
12716,0.042862,172.31.36.0-255,1514,324876,12,368409
12717,0.042863,172.31.36.0-255,1261,326137,12,368409
12718,0.044127,172.217.194.0-255,5738,331875,12,368409
12719,0.044134,172.31.36.0-255,66,331941,12,368409
12720,0.044313,104.244.42.0-255,66,332007,12,368409
12721,0.044367,104.244.42.0-255,66,332073,12,368409
12722,0.044453,104.244.42.0-255,66,332139,12,368409
12723,0.044472,104.244.42.0-255,66,332205,12,368409
12724,0.046114,172.217.194.0-255,5738,337943,12,368409
12725,0.046122,172.31.36.0-255,66,338009,12,368409
12726,0.048123,172.217.194.0-255,5738,343747,12,368409
12727,0.048131,172.31.36.0-255,66,343813,12,368409
12728,0.050114,172.217.194.0-255,5738,349551,12,368409
12729,0.050123,172.31.36.0-255,66,349617,12,368409
12730,0.05213,172.217.194.0-255,5738,355355,12,368409
12731,0.052143,172.31.36.0-255,66,355421,12,368409
12732,0.054143,172.217.194.0-255,5738,361159,12,368409
12733,0.054152,172.31.36.0-255,66,361225,12,368409
12734,0.05615,172.217.194.0-255,4320,365545,12,368409
12735,0.056159,172.31.36.0-255,66,365611,12,368409
12736,0.056188,172.217.194.0-255,1484,367095,12,368409
12737,0.058113,172.217.194.0-255,1143,368238,12,368409
12738,0.058121,172.31.36.0-255,66,368304,12,368409
12739,0.058387,172.31.36.0-255,105,368409,12,368409
12740,0.0,74.125.24.0-255,153,153,12,261148
12741,3.3e-05,172.31.36.0-255,66,219,12,261148
12742,4e-05,74.125.24.0-255,1484,1703,12,261148
12743,4.5e-05,172.31.36.0-255,66,1769,12,261148
12744,5e-05,74.125.24.0-255,2902,4671,12,261148
12745,5.2e-05,172.31.36.0-255,66,4737,12,261148
12746,5.9e-05,74.125.24.0-255,7156,11893,12,261148
12747,6.1e-05,172.31.36.0-255,66,11959,12,261148
12748,6.7e-05,74.125.24.0-255,3395,15354,12,261148
12749,6.9e-05,172.31.36.0-255,66,15420,12,261148
12750,0.000117,172.31.36.0-255,66,15486,12,261148
12751,0.000137,74.125.24.0-255,2902,18388,12,261148
12752,0.00014,172.31.36.0-255,66,18454,12,261148
12753,0.000144,74.125.24.0-255,1484,19938,12,261148
12754,0.000146,172.31.36.0-255,66,20004,12,261148
12755,0.000163,74.125.24.0-255,4320,24324,12,261148
12756,0.000166,172.31.36.0-255,66,24390,12,261148
12757,0.000191,74.125.24.0-255,5738,30128,12,261148
12758,0.000194,172.31.36.0-255,66,30194,12,261148
12759,0.000218,172.31.36.0-255,66,30260,12,261148
12760,0.000222,74.125.24.0-255,2902,33162,12,261148
12761,0.000224,172.31.36.0-255,66,33228,12,261148
12762,0.000264,172.31.36.0-255,66,33294,12,261148
12763,0.00028,74.125.24.0-255,1395,34689,12,261148
12764,0.000282,172.31.36.0-255,66,34755,12,261148
12765,0.000353,74.125.24.0-255,127,34882,12,261148
12766,0.000357,172.31.36.0-255,66,34948,12,261148
12767,0.000602,74.125.24.0-255,1484,36432,12,261148
12768,0.000606,172.31.36.0-255,66,36498,12,261148
12769,0.000612,74.125.24.0-255,2902,39400,12,261148
12770,0.000614,172.31.36.0-255,66,39466,12,261148
12771,0.000628,74.125.24.0-255,2902,42368,12,261148
12772,0.000631,172.31.36.0-255,66,42434,12,261148
12773,0.000647,74.125.24.0-255,2902,45336,12,261148
12774,0.00065,172.31.36.0-255,66,45402,12,261148
12775,0.000657,74.125.24.0-255,5738,51140,12,261148
12776,0.000662,172.31.36.0-255,66,51206,12,261148
12777,0.000675,74.125.24.0-255,1484,52690,12,261148
12778,0.000697,172.31.36.0-255,66,52756,12,261148
12779,0.000711,74.125.24.0-255,2902,55658,12,261148
12780,0.000713,74.125.24.0-255,1484,57142,12,261148
12781,0.000714,172.31.36.0-255,66,57208,12,261148
12782,0.000737,74.125.24.0-255,3602,60810,12,261148
12783,0.00074,172.31.36.0-255,66,60876,12,261148
12784,0.000745,74.125.24.0-255,4320,65196,12,261148
12785,0.000747,172.31.36.0-255,66,65262,12,261148
12786,0.000759,74.125.24.0-255,1484,66746,12,261148
12787,0.000774,74.125.24.0-255,5738,72484,12,261148
12788,0.000777,172.31.36.0-255,66,72550,12,261148
12789,0.000798,74.125.24.0-255,7156,79706,12,261148
12790,0.000802,172.31.36.0-255,66,79772,12,261148
12791,0.000822,74.125.24.0-255,1484,81256,12,261148
12792,0.000833,74.125.24.0-255,1484,82740,12,261148
12793,0.000836,172.31.36.0-255,66,82806,12,261148
12794,0.000855,172.31.36.0-255,66,82872,12,261148
12795,0.000878,74.125.24.0-255,3602,86474,12,261148
12796,0.000882,172.31.36.0-255,66,86540,12,261148
12797,0.000924,74.125.24.0-255,1484,88024,12,261148
12798,0.000928,74.125.24.0-255,2902,90926,12,261148
12799,0.000931,172.31.36.0-255,66,90992,12,261148
12800,0.000967,74.125.24.0-255,5738,96730,12,261148
12801,0.00097,172.31.36.0-255,66,96796,12,261148
12802,0.001033,172.31.36.0-255,66,96862,12,261148
12803,0.001042,172.31.36.0-255,66,96928,12,261148
12804,0.001081,172.31.36.0-255,66,96994,12,261148
12805,0.001085,74.125.24.0-255,2902,99896,12,261148
12806,0.001087,172.31.36.0-255,66,99962,12,261148
12807,0.001103,74.125.24.0-255,5738,105700,12,261148
12808,0.001105,172.31.36.0-255,66,105766,12,261148
12809,0.001121,74.125.24.0-255,1484,107250,12,261148
12810,0.001148,74.125.24.0-255,4320,111570,12,261148
12811,0.001151,172.31.36.0-255,66,111636,12,261148
12812,0.001181,172.31.36.0-255,66,111702,12,261148
12813,0.001398,74.125.24.0-255,1484,113186,12,261148
12814,0.001403,74.125.24.0-255,1484,114670,12,261148
12815,0.001406,172.31.36.0-255,66,114736,12,261148
12816,0.001419,74.125.24.0-255,1484,116220,12,261148
12817,0.001436,74.125.24.0-255,5738,121958,12,261148
12818,0.001438,172.31.36.0-255,66,122024,12,261148
12819,0.001442,74.125.24.0-255,1484,123508,12,261148
12820,0.00146,74.125.24.0-255,5738,129246,12,261148
12821,0.001463,172.31.36.0-255,66,129312,12,261148
12822,0.001481,74.125.24.0-255,1484,130796,12,261148
12823,0.001496,74.125.24.0-255,4320,135116,12,261148
12824,0.001499,172.31.36.0-255,66,135182,12,261148
12825,0.001526,172.31.36.0-255,66,135248,12,261148
12826,0.00153,74.125.24.0-255,2184,137432,12,261148
12827,0.001533,172.31.36.0-255,66,137498,12,261148
12828,0.001679,74.125.24.0-255,1484,138982,12,261148
12829,0.001684,74.125.24.0-255,2902,141884,12,261148
12830,0.001687,172.31.36.0-255,66,141950,12,261148
12831,0.001693,74.125.24.0-255,5738,147688,12,261148
12832,0.001698,172.31.36.0-255,66,147754,12,261148
12833,0.001708,172.31.36.0-255,66,147820,12,261148
12834,0.001727,74.125.24.0-255,4320,152140,12,261148
12835,0.00173,172.31.36.0-255,66,152206,12,261148
12836,0.001737,74.125.24.0-255,7156,159362,12,261148
12837,0.001739,172.31.36.0-255,66,159428,12,261148
12838,0.001744,74.125.24.0-255,3602,163030,12,261148
12839,0.001746,172.31.36.0-255,66,163096,12,261148
12840,0.001751,74.125.24.0-255,2902,165998,12,261148
12841,0.001753,172.31.36.0-255,66,166064,12,261148
12842,0.001774,74.125.24.0-255,1484,167548,12,261148
12843,0.001779,74.125.24.0-255,2902,170450,12,261148
12844,0.001783,172.31.36.0-255,66,170516,12,261148
12845,0.001812,74.125.24.0-255,7156,177672,12,261148
12846,0.001815,172.31.36.0-255,66,177738,12,261148
12847,0.001819,74.125.24.0-255,1484,179222,12,261148
12848,0.001836,74.125.24.0-255,4320,183542,12,261148
12849,0.001839,172.31.36.0-255,66,183608,12,261148
12850,0.001878,172.31.36.0-255,66,183674,12,261148
12851,0.001884,74.125.24.0-255,3602,187276,12,261148
12852,0.001887,172.31.36.0-255,66,187342,12,261148
12853,0.001938,74.125.24.0-255,1484,188826,12,261148
12854,0.001964,74.125.24.0-255,2902,191728,12,261148
12855,0.001969,172.31.36.0-255,66,191794,12,261148
12856,0.001975,74.125.24.0-255,5738,197532,12,261148
12857,0.001977,172.31.36.0-255,66,197598,12,261148
12858,0.001985,74.125.24.0-255,7156,204754,12,261148
12859,0.001987,172.31.36.0-255,66,204820,12,261148
12860,0.002012,74.125.24.0-255,2902,207722,12,261148
12861,0.002015,172.31.36.0-255,66,207788,12,261148
12862,0.002058,74.125.24.0-255,4320,212108,12,261148
12863,0.002062,172.31.36.0-255,66,212174,12,261148
12864,0.002085,172.31.36.0-255,66,212240,12,261148
12865,0.002109,74.125.24.0-255,1484,213724,12,261148
12866,0.002126,74.125.24.0-255,1484,215208,12,261148
12867,0.002129,172.31.36.0-255,66,215274,12,261148
12868,0.002149,74.125.24.0-255,1484,216758,12,261148
12869,0.002156,74.125.24.0-255,5738,222496,12,261148
12870,0.002159,172.31.36.0-255,66,222562,12,261148
12871,0.002178,74.125.24.0-255,2902,225464,12,261148
12872,0.002182,172.31.36.0-255,66,225530,12,261148
12873,0.00222,172.31.36.0-255,66,225596,12,261148
12874,0.002221,74.125.24.0-255,7156,232752,12,261148
12875,0.002224,172.31.36.0-255,66,232818,12,261148
12876,0.002246,74.125.24.0-255,3602,236420,12,261148
12877,0.002249,172.31.36.0-255,66,236486,12,261148
12878,0.002272,74.125.24.0-255,4320,240806,12,261148
12879,0.002276,172.31.36.0-255,66,240872,12,261148
12880,0.002309,172.31.36.0-255,66,240938,12,261148
12881,0.002312,74.125.24.0-255,1484,242422,12,261148
12882,0.00234,172.31.36.0-255,66,242488,12,261148
12883,0.002365,74.125.24.0-255,5738,248226,12,261148
12884,0.002369,172.31.36.0-255,66,248292,12,261148
12885,0.002375,74.125.24.0-255,3077,251369,12,261148
12886,0.002377,172.31.36.0-255,66,251435,12,261148
12887,0.002413,74.125.24.0-255,105,251540,12,261148
12888,0.016307,172.31.36.0-255,66,251606,12,261148
12889,0.016339,172.31.36.0-255,105,251711,12,261148
12890,0.018693,74.125.24.0-255,66,251777,12,261148
12891,0.047712,172.31.36.0-255,172,251949,12,261148
12892,0.047742,172.31.36.0-255,1108,253057,12,261148
12893,0.047865,172.31.36.0-255,1514,254571,12,261148
12894,0.047868,172.31.36.0-255,1514,256085,12,261148
12895,0.047869,172.31.36.0-255,1514,257599,12,261148
12896,0.04787,172.31.36.0-255,1514,259113,12,261148
12897,0.047872,172.31.36.0-255,1514,260627,12,261148
12898,0.047901,172.31.36.0-255,83,260710,12,261148
12899,0.049293,104.244.42.0-255,66,260776,12,261148
12900,0.049304,104.244.42.0-255,66,260842,12,261148
12901,0.049437,104.244.42.0-255,66,260908,12,261148
12902,0.049444,104.244.42.0-255,66,260974,12,261148
12903,0.05006,104.244.42.0-255,108,261082,12,261148
12904,0.050068,172.31.36.0-255,66,261148,12,261148
12905,0.0,172.217.194.0-255,153,153,12,276706
12906,3.6e-05,172.31.36.0-255,66,219,12,276706
12907,4.3e-05,172.217.194.0-255,1484,1703,12,276706
12908,4.7e-05,172.31.36.0-255,66,1769,12,276706
12909,5.3e-05,172.217.194.0-255,2902,4671,12,276706
12910,5.7e-05,172.31.36.0-255,66,4737,12,276706
12911,6.4e-05,172.217.194.0-255,5738,10475,12,276706
12912,6.7e-05,172.31.36.0-255,66,10541,12,276706
12913,9.8e-05,172.217.194.0-255,3456,13997,12,276706
12914,0.0001,172.31.36.0-255,66,14063,12,276706
12915,0.000107,172.217.194.0-255,4320,18383,12,276706
12916,0.00011,172.31.36.0-255,66,18449,12,276706
12917,0.000128,172.217.194.0-255,7156,25605,12,276706
12918,0.00013,172.31.36.0-255,66,25671,12,276706
12919,0.000148,172.217.194.0-255,2902,28573,12,276706
12920,0.00015,172.31.36.0-255,66,28639,12,276706
12921,0.000158,172.217.194.0-255,7156,35795,12,276706
12922,0.00016,172.31.36.0-255,66,35861,12,276706
12923,0.000208,172.217.194.0-255,4320,40181,12,276706
12924,0.000212,172.31.36.0-255,66,40247,12,276706
12925,0.000236,172.31.36.0-255,66,40313,12,276706
12926,0.000515,172.217.194.0-255,1484,41797,12,276706
12927,0.000521,172.31.36.0-255,66,41863,12,276706
12928,0.000527,172.217.194.0-255,2902,44765,12,276706
12929,0.000529,172.31.36.0-255,66,44831,12,276706
12930,0.000535,172.217.194.0-255,5738,50569,12,276706
12931,0.000537,172.31.36.0-255,66,50635,12,276706
12932,0.000573,172.217.194.0-255,4320,54955,12,276706
12933,0.000577,172.31.36.0-255,66,55021,12,276706
12934,0.000596,172.217.194.0-255,2543,57564,12,276706
12935,0.000599,172.31.36.0-255,66,57630,12,276706
12936,0.000632,172.217.194.0-255,646,58276,12,276706
12937,0.00065,172.217.194.0-255,1484,59760,12,276706
12938,0.000653,172.31.36.0-255,66,59826,12,276706
12939,0.000674,172.217.194.0-255,2902,62728,12,276706
12940,0.000677,172.31.36.0-255,66,62794,12,276706
12941,0.000684,172.217.194.0-255,5738,68532,12,276706
12942,0.000686,172.31.36.0-255,66,68598,12,276706
12943,0.000699,172.217.194.0-255,1484,70082,12,276706
12944,0.000725,172.31.36.0-255,66,70148,12,276706
12945,0.000773,172.217.194.0-255,1484,71632,12,276706
12946,0.000807,172.31.36.0-255,66,71698,12,276706
12947,0.001045,172.217.194.0-255,1484,73182,12,276706
12948,0.001062,172.217.194.0-255,2902,76084,12,276706
12949,0.001065,172.31.36.0-255,66,76150,12,276706
12950,0.001108,172.217.194.0-255,2902,79052,12,276706
12951,0.001112,172.31.36.0-255,66,79118,12,276706
12952,0.001119,172.217.194.0-255,7156,86274,12,276706
12953,0.001122,172.31.36.0-255,66,86340,12,276706
12954,0.001126,172.217.194.0-255,2902,89242,12,276706
12955,0.001128,172.31.36.0-255,66,89308,12,276706
12956,0.001153,172.217.194.0-255,2902,92210,12,276706
12957,0.001156,172.31.36.0-255,66,92276,12,276706
12958,0.00121,172.217.194.0-255,4320,96596,12,276706
12959,0.001213,172.31.36.0-255,66,96662,12,276706
12960,0.001242,172.31.36.0-255,66,96728,12,276706
12961,0.001485,172.217.194.0-255,1484,98212,12,276706
12962,0.001496,172.217.194.0-255,2902,101114,12,276706
12963,0.0015,172.31.36.0-255,66,101180,12,276706
12964,0.001528,172.217.194.0-255,5738,106918,12,276706
12965,0.001531,172.31.36.0-255,66,106984,12,276706
12966,0.001561,172.217.194.0-255,5738,112722,12,276706
12967,0.001564,172.31.36.0-255,66,112788,12,276706
12968,0.00157,172.217.194.0-255,4320,117108,12,276706
12969,0.001572,172.31.36.0-255,66,117174,12,276706
12970,0.001604,172.31.36.0-255,66,117240,12,276706
12971,0.00161,172.217.194.0-255,5020,122260,12,276706
12972,0.001613,172.31.36.0-255,66,122326,12,276706
12973,0.003891,172.217.194.0-255,1484,123810,12,276706
12974,0.0039,172.217.194.0-255,2902,126712,12,276706
12975,0.003905,172.31.36.0-255,66,126778,12,276706
12976,0.00391,172.217.194.0-255,1484,128262,12,276706
12977,0.006203,172.217.194.0-255,4320,132582,12,276706
12978,0.006208,172.31.36.0-255,66,132648,12,276706
12979,0.00853,172.217.194.0-255,5738,138386,12,276706
12980,0.008538,172.31.36.0-255,66,138452,12,276706
12981,0.010871,172.217.194.0-255,5738,144190,12,276706
12982,0.010879,172.31.36.0-255,66,144256,12,276706
12983,0.013183,172.217.194.0-255,5738,149994,12,276706
12984,0.013191,172.31.36.0-255,66,150060,12,276706
12985,0.015546,172.217.194.0-255,5738,155798,12,276706
12986,0.015553,172.31.36.0-255,66,155864,12,276706
12987,0.017854,172.217.194.0-255,5738,161602,12,276706
12988,0.017861,172.31.36.0-255,66,161668,12,276706
12989,0.020171,172.217.194.0-255,5738,167406,12,276706
12990,0.020179,172.31.36.0-255,66,167472,12,276706
12991,0.022471,172.217.194.0-255,5738,173210,12,276706
12992,0.022477,172.31.36.0-255,66,173276,12,276706
12993,0.023179,172.31.36.0-255,172,173448,12,276706
12994,0.023206,172.31.36.0-255,1109,174557,12,276706
12995,0.023253,172.31.36.0-255,1514,176071,12,276706
12996,0.023255,172.31.36.0-255,1514,177585,12,276706
12997,0.02326,172.31.36.0-255,1514,179099,12,276706
12998,0.023262,172.31.36.0-255,1514,180613,12,276706
12999,0.023281,172.31.36.0-255,1514,182127,12,276706
13000,0.023282,172.31.36.0-255,1211,183338,12,276706
13001,0.024733,104.244.42.0-255,66,183404,12,276706
13002,0.024743,104.244.42.0-255,66,183470,12,276706
13003,0.024783,172.217.194.0-255,5738,189208,12,276706
13004,0.024789,172.31.36.0-255,66,189274,12,276706
13005,0.024847,104.244.42.0-255,66,189340,12,276706
13006,0.024856,104.244.42.0-255,66,189406,12,276706
13007,0.027088,172.217.194.0-255,5738,195144,12,276706
13008,0.027101,172.31.36.0-255,66,195210,12,276706
13009,0.029398,172.217.194.0-255,5738,200948,12,276706
13010,0.029406,172.31.36.0-255,66,201014,12,276706
13011,0.031765,172.217.194.0-255,5738,206752,12,276706
13012,0.031772,172.31.36.0-255,66,206818,12,276706
13013,0.034085,172.217.194.0-255,5738,212556,12,276706
13014,0.034094,172.31.36.0-255,66,212622,12,276706
13015,0.036457,172.217.194.0-255,5738,218360,12,276706
13016,0.036471,172.31.36.0-255,66,218426,12,276706
13017,0.038781,172.217.194.0-255,5738,224164,12,276706
13018,0.03879,172.31.36.0-255,66,224230,12,276706
13019,0.041041,172.31.36.0-255,108,224338,12,276706
13020,0.041072,172.217.194.0-255,5738,230076,12,276706
13021,0.041079,172.31.36.0-255,66,230142,12,276706
13022,0.042785,104.244.42.0-255,66,230208,12,276706
13023,0.043397,172.217.194.0-255,5738,235946,12,276706
13024,0.043404,172.31.36.0-255,66,236012,12,276706
13025,0.045699,172.217.194.0-255,5738,241750,12,276706
13026,0.045707,172.31.36.0-255,66,241816,12,276706
13027,0.048027,172.217.194.0-255,5738,247554,12,276706
13028,0.048037,172.31.36.0-255,66,247620,12,276706
13029,0.050333,172.217.194.0-255,5738,253358,12,276706
13030,0.050341,172.31.36.0-255,66,253424,12,276706
13031,0.052685,172.217.194.0-255,1484,254908,12,276706
13032,0.052713,172.217.194.0-255,4320,259228,12,276706
13033,0.052719,172.31.36.0-255,66,259294,12,276706
13034,0.055038,172.217.194.0-255,5738,265032,12,276706
13035,0.055047,172.31.36.0-255,66,265098,12,276706
13036,0.057372,172.217.194.0-255,5738,270836,12,276706
13037,0.057379,172.31.36.0-255,66,270902,12,276706
13038,0.059696,172.217.194.0-255,5738,276640,12,276706
13039,0.059701,172.31.36.0-255,66,276706,12,276706
13040,0.0,172.217.194.0-255,147,147,12,253676
13041,2.5e-05,172.31.36.0-255,66,213,12,253676
13042,3.1e-05,172.217.194.0-255,1484,1697,12,253676
13043,3.5e-05,172.31.36.0-255,66,1763,12,253676
13044,3.9e-05,172.217.194.0-255,2902,4665,12,253676
13045,4.1e-05,172.31.36.0-255,66,4731,12,253676
13046,5.5e-05,172.217.194.0-255,7156,11887,12,253676
13047,5.8e-05,172.31.36.0-255,66,11953,12,253676
13048,9.6e-05,172.31.36.0-255,66,12019,12,253676
13049,0.000132,172.217.194.0-255,4880,16899,12,253676
13050,0.000135,172.31.36.0-255,66,16965,12,253676
13051,0.000141,172.217.194.0-255,3961,20926,12,253676
13052,0.000143,172.31.36.0-255,66,20992,12,253676
13053,0.000202,172.217.194.0-255,1484,22476,12,253676
13054,0.000205,172.31.36.0-255,66,22542,12,253676
13055,0.000232,172.217.194.0-255,2902,25444,12,253676
13056,0.000236,172.31.36.0-255,66,25510,12,253676
13057,0.000241,172.217.194.0-255,2902,28412,12,253676
13058,0.000243,172.31.36.0-255,66,28478,12,253676
13059,0.000265,172.217.194.0-255,2902,31380,12,253676
13060,0.000272,172.31.36.0-255,66,31446,12,253676
13061,0.000278,172.217.194.0-255,5738,37184,12,253676
13062,0.000281,172.31.36.0-255,66,37250,12,253676
13063,0.000313,172.217.194.0-255,3961,41211,12,253676
13064,0.000317,172.31.36.0-255,66,41277,12,253676
13065,0.000324,172.217.194.0-255,5738,47015,12,253676
13066,0.000326,172.31.36.0-255,66,47081,12,253676
13067,0.000368,172.31.36.0-255,66,47147,12,253676
13068,0.000535,172.217.194.0-255,1484,48631,12,253676
13069,0.000538,172.31.36.0-255,66,48697,12,253676
13070,0.000544,172.217.194.0-255,2902,51599,12,253676
13071,0.000546,172.31.36.0-255,66,51665,12,253676
13072,0.000576,172.217.194.0-255,5738,57403,12,253676
13073,0.000579,172.31.36.0-255,66,57469,12,253676
13074,0.000582,172.217.194.0-255,1484,58953,12,253676
13075,0.000598,172.217.194.0-255,4320,63273,12,253676
13076,0.0006,172.31.36.0-255,66,63339,12,253676
13077,0.000619,172.217.194.0-255,7156,70495,12,253676
13078,0.000621,172.31.36.0-255,66,70561,12,253676
13079,0.000646,172.217.194.0-255,5738,76299,12,253676
13080,0.000648,172.31.36.0-255,66,76365,12,253676
13081,0.000677,172.217.194.0-255,5020,81385,12,253676
13082,0.00068,172.31.36.0-255,66,81451,12,253676
13083,0.001178,172.217.194.0-255,1484,82935,12,253676
13084,0.001187,172.217.194.0-255,1484,84419,12,253676
13085,0.001191,172.31.36.0-255,66,84485,12,253676
13086,0.001206,172.217.194.0-255,1484,85969,12,253676
13087,0.001217,172.217.194.0-255,5738,91707,12,253676
13088,0.00122,172.31.36.0-255,66,91773,12,253676
13089,0.001231,172.31.36.0-255,66,91839,12,253676
13090,0.001259,172.217.194.0-255,4320,96159,12,253676
13091,0.001262,172.31.36.0-255,66,96225,12,253676
13092,0.001269,172.217.194.0-255,7156,103381,12,253676
13093,0.001272,172.31.36.0-255,66,103447,12,253676
13094,0.001298,172.217.194.0-255,3602,107049,12,253676
13095,0.001302,172.31.36.0-255,66,107115,12,253676
13096,0.001614,172.217.194.0-255,1484,108599,12,253676
13097,0.001621,172.217.194.0-255,2902,111501,12,253676
13098,0.001624,172.31.36.0-255,66,111567,12,253676
13099,0.001632,172.217.194.0-255,5738,117305,12,253676
13100,0.001634,172.31.36.0-255,66,117371,12,253676
13101,0.001645,172.217.194.0-255,1484,118855,12,253676
13102,0.001674,172.31.36.0-255,66,118921,12,253676
13103,0.001743,172.31.36.0-255,66,118987,12,253676
13104,0.00204,172.217.194.0-255,1484,120471,12,253676
13105,0.002046,172.217.194.0-255,1484,121955,12,253676
13106,0.002049,172.31.36.0-255,66,122021,12,253676
13107,0.00207,172.217.194.0-255,1484,123505,12,253676
13108,0.002077,172.217.194.0-255,5738,129243,12,253676
13109,0.002079,172.31.36.0-255,66,129309,12,253676
13110,0.002111,172.31.36.0-255,66,129375,12,253676
13111,0.002133,172.217.194.0-255,1484,130859,12,253676
13112,0.002146,172.31.36.0-255,66,130925,12,253676
13113,0.004762,172.217.194.0-255,5738,136663,12,253676
13114,0.004766,172.31.36.0-255,66,136729,12,253676
13115,0.007495,172.217.194.0-255,5738,142467,12,253676
13116,0.007502,172.31.36.0-255,66,142533,12,253676
13117,0.010131,172.217.194.0-255,5738,148271,12,253676
13118,0.010137,172.31.36.0-255,66,148337,12,253676
13119,0.012749,172.217.194.0-255,5738,154075,12,253676
13120,0.012756,172.31.36.0-255,66,154141,12,253676
13121,0.015401,172.217.194.0-255,5738,159879,12,253676
13122,0.015408,172.31.36.0-255,66,159945,12,253676
13123,0.018055,172.217.194.0-255,5738,165683,12,253676
13124,0.018065,172.31.36.0-255,66,165749,12,253676
13125,0.020681,172.217.194.0-255,5738,171487,12,253676
13126,0.02069,172.31.36.0-255,66,171553,12,253676
13127,0.023314,172.217.194.0-255,5738,177291,12,253676
13128,0.023321,172.31.36.0-255,66,177357,12,253676
13129,0.023719,172.31.36.0-255,172,177529,12,253676
13130,0.02376,172.31.36.0-255,1107,178636,12,253676
13131,0.023831,172.31.36.0-255,1514,180150,12,253676
13132,0.023833,172.31.36.0-255,1338,181488,12,253676
13133,0.025252,104.244.42.0-255,66,181554,12,253676
13134,0.025303,104.244.42.0-255,66,181620,12,253676
13135,0.025379,104.244.42.0-255,66,181686,12,253676
13136,0.025929,172.217.194.0-255,5738,187424,12,253676
13137,0.025935,172.31.36.0-255,66,187490,12,253676
13138,0.028596,172.217.194.0-255,2902,190392,12,253676
13139,0.028601,172.31.36.0-255,66,190458,12,253676
13140,0.028635,172.217.194.0-255,2902,193360,12,253676
13141,0.028638,172.31.36.0-255,66,193426,12,253676
13142,0.031264,172.217.194.0-255,4320,197746,12,253676
13143,0.031269,172.31.36.0-255,66,197812,12,253676
13144,0.031306,172.217.194.0-255,1484,199296,12,253676
13145,0.033906,172.217.194.0-255,2902,202198,12,253676
13146,0.033911,172.31.36.0-255,66,202264,12,253676
13147,0.03656,172.217.194.0-255,2902,205166,12,253676
13148,0.036566,172.31.36.0-255,66,205232,12,253676
13149,0.036604,172.217.194.0-255,2902,208134,12,253676
13150,0.036608,172.31.36.0-255,66,208200,12,253676
13151,0.039213,172.217.194.0-255,2902,211102,12,253676
13152,0.039218,172.31.36.0-255,66,211168,12,253676
13153,0.039254,172.217.194.0-255,2902,214070,12,253676
13154,0.039257,172.31.36.0-255,66,214136,12,253676
13155,0.041874,172.217.194.0-255,2902,217038,12,253676
13156,0.041881,172.31.36.0-255,66,217104,12,253676
13157,0.04191,172.217.194.0-255,2902,220006,12,253676
13158,0.041915,172.31.36.0-255,66,220072,12,253676
13159,0.044484,172.217.194.0-255,2902,222974,12,253676
13160,0.04449,172.31.36.0-255,66,223040,12,253676
13161,0.044526,172.217.194.0-255,2902,225942,12,253676
13162,0.044529,172.31.36.0-255,66,226008,12,253676
13163,0.047133,172.217.194.0-255,5738,231746,12,253676
13164,0.047139,172.31.36.0-255,66,231812,12,253676
13165,0.049747,172.217.194.0-255,5738,237550,12,253676
13166,0.049753,172.31.36.0-255,66,237616,12,253676
13167,0.052372,172.217.194.0-255,5738,243354,12,253676
13168,0.052377,172.31.36.0-255,66,243420,12,253676
13169,0.055021,172.217.194.0-255,4320,247740,12,253676
13170,0.055026,172.31.36.0-255,66,247806,12,253676
13171,0.055051,172.217.194.0-255,1484,249290,12,253676
13172,0.057636,172.217.194.0-255,4320,253610,12,253676
13173,0.057643,172.31.36.0-255,66,253676,12,253676
13174,0.0,74.125.68.0-255,431,431,12,94211
13175,2e-05,74.125.68.0-255,1484,1915,12,94211
13176,3.2e-05,172.31.36.0-255,66,1981,12,94211
13177,4e-05,74.125.68.0-255,2902,4883,12,94211
13178,4.4e-05,172.31.36.0-255,66,4949,12,94211
13179,5.9e-05,74.125.68.0-255,5738,10687,12,94211
13180,6.2e-05,172.31.36.0-255,66,10753,12,94211
13181,0.000262,74.125.68.0-255,1484,12237,12,94211
13182,0.000347,172.31.36.0-255,66,12303,12,94211
13183,0.000747,74.125.68.0-255,5738,18041,12,94211
13184,0.000753,172.31.36.0-255,66,18107,12,94211
13185,0.000782,74.125.68.0-255,2902,21009,12,94211
13186,0.000785,172.31.36.0-255,66,21075,12,94211
13187,0.002354,74.125.68.0-255,5738,26813,12,94211
13188,0.002457,74.125.68.0-255,4320,31133,12,94211
13189,0.003034,74.125.68.0-255,5738,36871,12,94211
13190,0.003802,74.125.68.0-255,7156,44027,12,94211
13191,0.004503,74.125.68.0-255,7156,51183,12,94211
13192,0.004695,172.31.36.0-255,66,51249,12,94211
13193,0.005143,172.31.36.0-255,66,51315,12,94211
13194,0.007043,74.125.68.0-255,7156,58471,12,94211
13195,0.007051,172.31.36.0-255,66,58537,12,94211
13196,0.007136,74.125.68.0-255,1746,60283,12,94211
13197,0.007466,74.125.68.0-255,4320,64603,12,94211
13198,0.009384,74.125.68.0-255,5610,70213,12,94211
13199,0.009825,172.31.36.0-255,66,70279,12,94211
13200,0.012221,74.125.68.0-255,7156,77435,12,94211
13201,0.012229,172.31.36.0-255,66,77501,12,94211
13202,0.012294,172.31.36.0-255,66,77567,12,94211
13203,0.012415,172.31.36.0-255,66,77633,12,94211
13204,0.012486,172.31.36.0-255,66,77699,12,94211
13205,0.012926,172.31.36.0-255,66,77765,12,94211
13206,0.014597,172.31.36.0-255,66,77831,12,94211
13207,0.014646,74.125.68.0-255,5738,83569,12,94211
13208,0.014649,172.31.36.0-255,66,83635,12,94211
13209,0.01469,172.31.36.0-255,66,83701,12,94211
13210,0.014813,74.125.68.0-255,7156,90857,12,94211
13211,0.014817,172.31.36.0-255,66,90923,12,94211
13212,0.014853,172.31.36.0-255,66,90989,12,94211
13213,0.014939,172.31.36.0-255,66,91055,12,94211
13214,0.015345,172.31.36.0-255,66,91121,12,94211
13215,0.015391,172.31.36.0-255,66,91187,12,94211
13216,0.016342,172.31.36.0-255,105,91292,12,94211
13217,0.018623,74.125.68.0-255,66,91358,12,94211
13218,0.027322,172.31.36.0-255,164,91522,12,94211
13219,0.027352,172.31.36.0-255,1116,92638,12,94211
13220,0.027413,172.31.36.0-255,1507,94145,12,94211
13221,0.029044,104.244.42.0-255,66,94211,12,94211
13222,0.0,172.31.36.0-255,105,105,12,276
13223,0.001859,157.240.13.0-255,105,210,12,276
13224,0.001874,172.31.36.0-255,66,276,12,276
13225,0.0,74.125.200.0-255,153,153,12,324558
13226,2.2e-05,172.31.36.0-255,66,219,12,324558
13227,2.9e-05,74.125.200.0-255,1484,1703,12,324558
13228,3.4e-05,172.31.36.0-255,66,1769,12,324558
13229,4e-05,74.125.200.0-255,2902,4671,12,324558
13230,4.4e-05,172.31.36.0-255,66,4737,12,324558
13231,4.9e-05,74.125.200.0-255,2902,7639,12,324558
13232,5.2e-05,172.31.36.0-255,66,7705,12,324558
13233,5.8e-05,74.125.200.0-255,4320,12025,12,324558
13234,6e-05,172.31.36.0-255,66,12091,12,324558
13235,0.000105,74.125.200.0-255,5738,17829,12,324558
13236,0.000109,172.31.36.0-255,66,17895,12,324558
13237,0.00013,74.125.200.0-255,3519,21414,12,324558
13238,0.000133,172.31.36.0-255,66,21480,12,324558
13239,0.000145,172.31.36.0-255,66,21546,12,324558
13240,0.00018,172.31.36.0-255,66,21612,12,324558
13241,0.000185,74.125.200.0-255,3602,25214,12,324558
13242,0.000187,172.31.36.0-255,66,25280,12,324558
13243,0.000347,74.125.200.0-255,1484,26764,12,324558
13244,0.000352,172.31.36.0-255,66,26830,12,324558
13245,0.000358,74.125.200.0-255,2902,29732,12,324558
13246,0.000361,172.31.36.0-255,66,29798,12,324558
13247,0.000389,74.125.200.0-255,5738,35536,12,324558
13248,0.000392,172.31.36.0-255,66,35602,12,324558
13249,0.000398,74.125.200.0-255,5738,41340,12,324558
13250,0.000401,172.31.36.0-255,66,41406,12,324558
13251,0.000432,74.125.200.0-255,1473,42879,12,324558
13252,0.000435,172.31.36.0-255,66,42945,12,324558
13253,0.000467,74.125.200.0-255,1484,44429,12,324558
13254,0.00047,172.31.36.0-255,66,44495,12,324558
13255,0.000474,74.125.200.0-255,1484,45979,12,324558
13256,0.000492,74.125.200.0-255,2902,48881,12,324558
13257,0.000495,172.31.36.0-255,66,48947,12,324558
13258,0.000525,74.125.200.0-255,2902,51849,12,324558
13259,0.000528,172.31.36.0-255,66,51915,12,324558
13260,0.000547,74.125.200.0-255,2902,54817,12,324558
13261,0.000549,172.31.36.0-255,66,54883,12,324558
13262,0.00056,172.31.36.0-255,66,54949,12,324558
13263,0.000568,74.125.200.0-255,7156,62105,12,324558
13264,0.00057,172.31.36.0-255,66,62171,12,324558
13265,0.000587,74.125.200.0-255,2902,65073,12,324558
13266,0.00059,172.31.36.0-255,66,65139,12,324558
13267,0.000604,74.125.200.0-255,1484,66623,12,324558
13268,0.000628,74.125.200.0-255,2184,68807,12,324558
13269,0.000631,172.31.36.0-255,66,68873,12,324558
13270,0.000634,74.125.200.0-255,330,69203,12,324558
13271,0.000891,74.125.200.0-255,1484,70687,12,324558
13272,0.000897,172.31.36.0-255,66,70753,12,324558
13273,0.000918,74.125.200.0-255,2902,73655,12,324558
13274,0.00092,172.31.36.0-255,66,73721,12,324558
13275,0.000926,74.125.200.0-255,2902,76623,12,324558
13276,0.000927,172.31.36.0-255,66,76689,12,324558
13277,0.000944,74.125.200.0-255,2902,79591,12,324558
13278,0.000947,172.31.36.0-255,66,79657,12,324558
13279,0.000954,74.125.200.0-255,7156,86813,12,324558
13280,0.000956,172.31.36.0-255,66,86879,12,324558
13281,0.00103,172.31.36.0-255,66,86945,12,324558
13282,0.001048,74.125.200.0-255,5738,92683,12,324558
13283,0.001052,74.125.200.0-255,2184,94867,12,324558
13284,0.001056,172.31.36.0-255,66,94933,12,324558
13285,0.001059,172.31.36.0-255,66,94999,12,324558
13286,0.00123,74.125.200.0-255,1484,96483,12,324558
13287,0.001247,74.125.200.0-255,2902,99385,12,324558
13288,0.001252,172.31.36.0-255,66,99451,12,324558
13289,0.001281,74.125.200.0-255,5738,105189,12,324558
13290,0.001283,172.31.36.0-255,66,105255,12,324558
13291,0.001292,74.125.200.0-255,7156,112411,12,324558
13292,0.001294,172.31.36.0-255,66,112477,12,324558
13293,0.001311,74.125.200.0-255,5738,118215,12,324558
13294,0.001313,172.31.36.0-255,66,118281,12,324558
13295,0.00132,74.125.200.0-255,5738,124019,12,324558
13296,0.001323,172.31.36.0-255,66,124085,12,324558
13297,0.001352,74.125.200.0-255,5020,129105,12,324558
13298,0.001355,172.31.36.0-255,66,129171,12,324558
13299,0.001405,74.125.200.0-255,4320,133491,12,324558
13300,0.001408,172.31.36.0-255,66,133557,12,324558
13301,0.001429,74.125.200.0-255,1484,135041,12,324558
13302,0.001437,74.125.200.0-255,7156,142197,12,324558
13303,0.00144,172.31.36.0-255,66,142263,12,324558
13304,0.001452,74.125.200.0-255,1484,143747,12,324558
13305,0.001481,172.31.36.0-255,66,143813,12,324558
13306,0.001513,172.31.36.0-255,66,143879,12,324558
13307,0.00152,74.125.200.0-255,5738,149617,12,324558
13308,0.001522,172.31.36.0-255,66,149683,12,324558
13309,0.001549,74.125.200.0-255,1484,151167,12,324558
13310,0.001587,172.31.36.0-255,66,151233,12,324558
13311,0.001599,74.125.200.0-255,2902,154135,12,324558
13312,0.001602,172.31.36.0-255,66,154201,12,324558
13313,0.001608,74.125.200.0-255,5020,159221,12,324558
13314,0.001611,172.31.36.0-255,66,159287,12,324558
13315,0.001624,74.125.200.0-255,1484,160771,12,324558
13316,0.001644,74.125.200.0-255,2902,163673,12,324558
13317,0.001647,172.31.36.0-255,66,163739,12,324558
13318,0.001654,74.125.200.0-255,5738,169477,12,324558
13319,0.001656,172.31.36.0-255,66,169543,12,324558
13320,0.001688,74.125.200.0-255,5738,175281,12,324558
13321,0.001696,172.31.36.0-255,66,175347,12,324558
13322,0.001705,74.125.200.0-255,7156,182503,12,324558
13323,0.001707,172.31.36.0-255,66,182569,12,324558
13324,0.001722,74.125.200.0-255,4320,186889,12,324558
13325,0.001726,172.31.36.0-255,66,186955,12,324558
13326,0.001737,74.125.200.0-255,6438,193393,12,324558
13327,0.00174,172.31.36.0-255,66,193459,12,324558
13328,0.001818,74.125.200.0-255,1484,194943,12,324558
13329,0.001832,74.125.200.0-255,2902,197845,12,324558
13330,0.001835,172.31.36.0-255,66,197911,12,324558
13331,0.00185,74.125.200.0-255,4320,202231,12,324558
13332,0.001852,172.31.36.0-255,66,202297,12,324558
13333,0.001878,74.125.200.0-255,1484,203781,12,324558
13334,0.001884,74.125.200.0-255,5738,209519,12,324558
13335,0.001888,74.125.200.0-255,2902,212421,12,324558
13336,0.001894,172.31.36.0-255,66,212487,12,324558
13337,0.001897,172.31.36.0-255,66,212553,12,324558
13338,0.001914,74.125.200.0-255,4320,216873,12,324558
13339,0.001918,172.31.36.0-255,66,216939,12,324558
13340,0.001924,74.125.200.0-255,5738,222677,12,324558
13341,0.001926,172.31.36.0-255,66,222743,12,324558
13342,0.001947,74.125.200.0-255,5020,227763,12,324558
13343,0.00195,172.31.36.0-255,66,227829,12,324558
13344,0.001988,74.125.200.0-255,1484,229313,12,324558
13345,0.001992,74.125.200.0-255,1484,230797,12,324558
13346,0.001995,172.31.36.0-255,66,230863,12,324558
13347,0.002018,74.125.200.0-255,1484,232347,12,324558
13348,0.002026,74.125.200.0-255,5738,238085,12,324558
13349,0.002029,172.31.36.0-255,66,238151,12,324558
13350,0.002066,74.125.200.0-255,4320,242471,12,324558
13351,0.002068,172.31.36.0-255,66,242537,12,324558
13352,0.002093,74.125.200.0-255,5738,248275,12,324558
13353,0.002096,172.31.36.0-255,66,248341,12,324558
13354,0.002109,172.31.36.0-255,66,248407,12,324558
13355,0.002113,74.125.200.0-255,2184,250591,12,324558
13356,0.002116,172.31.36.0-255,66,250657,12,324558
13357,0.002152,74.125.200.0-255,1484,252141,12,324558
13358,0.002156,74.125.200.0-255,1484,253625,12,324558
13359,0.002159,172.31.36.0-255,66,253691,12,324558
13360,0.002179,74.125.200.0-255,1484,255175,12,324558
13361,0.002185,74.125.200.0-255,4320,259495,12,324558
13362,0.002187,172.31.36.0-255,66,259561,12,324558
13363,0.002193,74.125.200.0-255,5738,265299,12,324558
13364,0.002196,172.31.36.0-255,66,265365,12,324558
13365,0.002228,172.31.36.0-255,66,265431,12,324558
13366,0.002249,74.125.200.0-255,2902,268333,12,324558
13367,0.002252,172.31.36.0-255,66,268399,12,324558
13368,0.002257,74.125.200.0-255,4320,272719,12,324558
13369,0.002259,172.31.36.0-255,66,272785,12,324558
13370,0.002284,74.125.200.0-255,3602,276387,12,324558
13371,0.002287,172.31.36.0-255,66,276453,12,324558
13372,0.004521,74.125.200.0-255,1484,277937,12,324558
13373,0.004547,74.125.200.0-255,4320,282257,12,324558
13374,0.004551,172.31.36.0-255,66,282323,12,324558
13375,0.006839,74.125.200.0-255,5738,288061,12,324558
13376,0.006847,172.31.36.0-255,66,288127,12,324558
13377,0.00911,74.125.200.0-255,2902,291029,12,324558
13378,0.009115,172.31.36.0-255,66,291095,12,324558
13379,0.009136,74.125.200.0-255,2902,293997,12,324558
13380,0.009138,172.31.36.0-255,66,294063,12,324558
13381,0.011387,74.125.200.0-255,5738,299801,12,324558
13382,0.011394,172.31.36.0-255,66,299867,12,324558
13383,0.013667,74.125.200.0-255,5738,305605,12,324558
13384,0.013676,172.31.36.0-255,66,305671,12,324558
13385,0.01596,74.125.200.0-255,5738,311409,12,324558
13386,0.015968,172.31.36.0-255,66,311475,12,324558
13387,0.018258,74.125.200.0-255,4697,316172,12,324558
13388,0.018271,172.31.36.0-255,66,316238,12,324558
13389,0.018497,172.31.36.0-255,105,316343,12,324558
13390,0.020721,74.125.200.0-255,66,316409,12,324558
13391,0.028452,172.31.36.0-255,172,316581,12,324558
13392,0.028489,172.31.36.0-255,1108,317689,12,324558
13393,0.028559,172.31.36.0-255,1514,319203,12,324558
13394,0.028561,172.31.36.0-255,1514,320717,12,324558
13395,0.028562,172.31.36.0-255,1514,322231,12,324558
13396,0.028563,172.31.36.0-255,1514,323745,12,324558
13397,0.028564,172.31.36.0-255,549,324294,12,324558
13398,0.030055,104.244.42.0-255,66,324360,12,324558
13399,0.030088,104.244.42.0-255,66,324426,12,324558
13400,0.03025,104.244.42.0-255,66,324492,12,324558
13401,0.030263,104.244.42.0-255,66,324558,12,324558
13402,0.0,74.125.68.0-255,143,143,12,311402
13403,2.7e-05,172.31.36.0-255,66,209,12,311402
13404,3.4e-05,74.125.68.0-255,1484,1693,12,311402
13405,3.8e-05,172.31.36.0-255,66,1759,12,311402
13406,4.1e-05,74.125.68.0-255,1484,3243,12,311402
13407,4.3e-05,172.31.36.0-255,66,3309,12,311402
13408,5.7e-05,74.125.68.0-255,2902,6211,12,311402
13409,6e-05,172.31.36.0-255,66,6277,12,311402
13410,6.6e-05,74.125.68.0-255,5738,12015,12,311402
13411,6.9e-05,172.31.36.0-255,66,12081,12,311402
13412,7.3e-05,74.125.68.0-255,2030,14111,12,311402
13413,7.4e-05,172.31.36.0-255,66,14177,12,311402
13414,0.000139,74.125.68.0-255,1484,15661,12,311402
13415,0.000144,172.31.36.0-255,66,15727,12,311402
13416,0.000147,74.125.68.0-255,1484,17211,12,311402
13417,0.000149,172.31.36.0-255,66,17277,12,311402
13418,0.000182,74.125.68.0-255,1484,18761,12,311402
13419,0.000185,172.31.36.0-255,66,18827,12,311402
13420,0.000191,74.125.68.0-255,4320,23147,12,311402
13421,0.000194,172.31.36.0-255,66,23213,12,311402
13422,0.00023,74.125.68.0-255,4320,27533,12,311402
13423,0.000232,172.31.36.0-255,66,27599,12,311402
13424,0.000264,74.125.68.0-255,1484,29083,12,311402
13425,0.000268,172.31.36.0-255,66,29149,12,311402
13426,0.000273,74.125.68.0-255,2543,31692,12,311402
13427,0.000275,172.31.36.0-255,66,31758,12,311402
13428,0.000279,74.125.68.0-255,2902,34660,12,311402
13429,0.000282,172.31.36.0-255,66,34726,12,311402
13430,0.000289,74.125.68.0-255,7156,41882,12,311402
13431,0.000291,172.31.36.0-255,66,41948,12,311402
13432,0.000295,74.125.68.0-255,2902,44850,12,311402
13433,0.000297,172.31.36.0-255,66,44916,12,311402
13434,0.000326,74.125.68.0-255,3961,48877,12,311402
13435,0.000338,172.31.36.0-255,66,48943,12,311402
13436,0.000373,74.125.68.0-255,4320,53263,12,311402
13437,0.000378,74.125.68.0-255,1484,54747,12,311402
13438,0.000379,172.31.36.0-255,66,54813,12,311402
13439,0.00038,74.125.68.0-255,1484,56297,12,311402
13440,0.000384,172.31.36.0-255,66,56363,12,311402
13441,0.000398,74.125.68.0-255,1484,57847,12,311402
13442,0.000429,74.125.68.0-255,5738,63585,12,311402
13443,0.000434,74.125.68.0-255,2543,66128,12,311402
13444,0.000443,172.31.36.0-255,66,66194,12,311402
13445,0.00056,74.125.68.0-255,361,66555,12,311402
13446,0.000815,172.31.36.0-255,66,66621,12,311402
13447,0.001162,74.125.68.0-255,1484,68105,12,311402
13448,0.001174,74.125.68.0-255,2902,71007,12,311402
13449,0.001178,74.125.68.0-255,1484,72491,12,311402
13450,0.001193,74.125.68.0-255,1484,73975,12,311402
13451,0.001198,74.125.68.0-255,2902,76877,12,311402
13452,0.001214,74.125.68.0-255,1484,78361,12,311402
13453,0.001235,74.125.68.0-255,2902,81263,12,311402
13454,0.001251,74.125.68.0-255,2543,83806,12,311402
13455,0.001254,74.125.68.0-255,1484,85290,12,311402
13456,0.001271,74.125.68.0-255,4320,89610,12,311402
13457,0.001288,74.125.68.0-255,2902,92512,12,311402
13458,0.001309,74.125.68.0-255,7156,99668,12,311402
13459,0.001315,74.125.68.0-255,2902,102570,12,311402
13460,0.00134,74.125.68.0-255,4320,106890,12,311402
13461,0.001353,74.125.68.0-255,2184,109074,12,311402
13462,0.001811,74.125.68.0-255,1484,110558,12,311402
13463,0.001829,74.125.68.0-255,2902,113460,12,311402
13464,0.001847,74.125.68.0-255,5738,119198,12,311402
13465,0.001872,74.125.68.0-255,7156,126354,12,311402
13466,0.001902,74.125.68.0-255,7156,133510,12,311402
13467,0.001916,74.125.68.0-255,5738,139248,12,311402
13468,0.001985,74.125.68.0-255,2184,141432,12,311402
13469,0.001988,172.31.36.0-255,66,141498,12,311402
13470,0.001995,172.31.36.0-255,66,141564,12,311402
13471,0.002024,172.31.36.0-255,66,141630,12,311402
13472,0.002031,74.125.68.0-255,4320,145950,12,311402
13473,0.002037,74.125.68.0-255,4320,150270,12,311402
13474,0.00204,172.31.36.0-255,66,150336,12,311402
13475,0.002065,74.125.68.0-255,5020,155356,12,311402
13476,0.002076,172.31.36.0-255,66,155422,12,311402
13477,0.002164,74.125.68.0-255,1484,156906,12,311402
13478,0.002183,74.125.68.0-255,2902,159808,12,311402
13479,0.002196,172.31.36.0-255,66,159874,12,311402
13480,0.002201,74.125.68.0-255,5738,165612,12,311402
13481,0.002204,74.125.68.0-255,1484,167096,12,311402
13482,0.002212,172.31.36.0-255,66,167162,12,311402
13483,0.002253,172.31.36.0-255,66,167228,12,311402
13484,0.002257,74.125.68.0-255,1484,168712,12,311402
13485,0.002259,74.125.68.0-255,1484,170196,12,311402
13486,0.002267,172.31.36.0-255,66,170262,12,311402
13487,0.004492,74.125.68.0-255,4320,174582,12,311402
13488,0.004496,172.31.36.0-255,66,174648,12,311402
13489,0.004529,74.125.68.0-255,1484,176132,12,311402
13490,0.006699,74.125.68.0-255,4320,180452,12,311402
13491,0.006703,172.31.36.0-255,66,180518,12,311402
13492,0.008911,74.125.68.0-255,4320,184838,12,311402
13493,0.008918,172.31.36.0-255,66,184904,12,311402
13494,0.008955,74.125.68.0-255,1484,186388,12,311402
13495,0.011164,74.125.68.0-255,4320,190708,12,311402
13496,0.011174,172.31.36.0-255,66,190774,12,311402
13497,0.013397,74.125.68.0-255,5738,196512,12,311402
13498,0.01346,172.31.36.0-255,66,196578,12,311402
13499,0.015663,74.125.68.0-255,5738,202316,12,311402
13500,0.015668,172.31.36.0-255,66,202382,12,311402
13501,0.017887,74.125.68.0-255,5738,208120,12,311402
13502,0.017896,172.31.36.0-255,66,208186,12,311402
13503,0.020115,74.125.68.0-255,5738,213924,12,311402
13504,0.020124,172.31.36.0-255,66,213990,12,311402
13505,0.022337,74.125.68.0-255,4320,218310,12,311402
13506,0.022344,172.31.36.0-255,66,218376,12,311402
13507,0.022385,74.125.68.0-255,1484,219860,12,311402
13508,0.024555,74.125.68.0-255,4320,224180,12,311402
13509,0.024563,172.31.36.0-255,66,224246,12,311402
13510,0.026796,74.125.68.0-255,5738,229984,12,311402
13511,0.026857,172.31.36.0-255,66,230050,12,311402
13512,0.029077,74.125.68.0-255,5738,235788,12,311402
13513,0.029086,172.31.36.0-255,66,235854,12,311402
13514,0.031076,172.31.36.0-255,172,236026,12,311402
13515,0.031103,172.31.36.0-255,1078,237104,12,311402
13516,0.031298,74.125.68.0-255,5738,242842,12,311402
13517,0.031305,172.31.36.0-255,66,242908,12,311402
13518,0.032655,104.244.42.0-255,66,242974,12,311402
13519,0.032663,104.244.42.0-255,66,243040,12,311402
13520,0.033513,74.125.68.0-255,5738,248778,12,311402
13521,0.033519,172.31.36.0-255,66,248844,12,311402
13522,0.035732,74.125.68.0-255,5738,254582,12,311402
13523,0.035738,172.31.36.0-255,66,254648,12,311402
13524,0.037965,74.125.68.0-255,5738,260386,12,311402
13525,0.037971,172.31.36.0-255,66,260452,12,311402
13526,0.04019,74.125.68.0-255,5738,266190,12,311402
13527,0.040195,172.31.36.0-255,66,266256,12,311402
13528,0.042406,74.125.68.0-255,5738,271994,12,311402
13529,0.042411,172.31.36.0-255,66,272060,12,311402
13530,0.044613,74.125.68.0-255,5738,277798,12,311402
13531,0.044618,172.31.36.0-255,66,277864,12,311402
13532,0.046815,74.125.68.0-255,1484,279348,12,311402
13533,0.046846,74.125.68.0-255,4320,283668,12,311402
13534,0.046851,172.31.36.0-255,66,283734,12,311402
13535,0.049067,74.125.68.0-255,4320,288054,12,311402
13536,0.049072,172.31.36.0-255,66,288120,12,311402
13537,0.049103,74.125.68.0-255,1484,289604,12,311402
13538,0.051274,74.125.68.0-255,4320,293924,12,311402
13539,0.05128,172.31.36.0-255,66,293990,12,311402
13540,0.053479,74.125.68.0-255,5738,299728,12,311402
13541,0.05354,172.31.36.0-255,66,299794,12,311402
13542,0.055742,74.125.68.0-255,5738,305532,12,311402
13543,0.055747,172.31.36.0-255,66,305598,12,311402
13544,0.057966,74.125.68.0-255,5738,311336,12,311402
13545,0.057973,172.31.36.0-255,66,311402,12,311402
13546,0.0,74.125.68.0-255,156,156,12,205820
13547,2.5e-05,172.31.36.0-255,66,222,12,205820
13548,3.3e-05,74.125.68.0-255,1484,1706,12,205820
13549,3.9e-05,172.31.36.0-255,66,1772,12,205820
13550,4.5e-05,74.125.68.0-255,2902,4674,12,205820
13551,4.9e-05,172.31.36.0-255,66,4740,12,205820
13552,5.5e-05,74.125.68.0-255,4320,9060,12,205820
13553,5.7e-05,172.31.36.0-255,66,9126,12,205820
13554,8.4e-05,74.125.68.0-255,1484,10610,12,205820
13555,8.6e-05,172.31.36.0-255,66,10676,12,205820
13556,0.000117,172.31.36.0-255,66,10742,12,205820
13557,0.000124,74.125.68.0-255,5738,16480,12,205820
13558,0.000126,172.31.36.0-255,66,16546,12,205820
13559,0.000147,74.125.68.0-255,4320,20866,12,205820
13560,0.000149,172.31.36.0-255,66,20932,12,205820
13561,0.000153,74.125.68.0-255,2902,23834,12,205820
13562,0.000155,172.31.36.0-255,66,23900,12,205820
13563,0.000195,172.31.36.0-255,66,23966,12,205820
13564,0.000199,74.125.68.0-255,2184,26150,12,205820
13565,0.000201,172.31.36.0-255,66,26216,12,205820
13566,0.000713,74.125.68.0-255,1484,27700,12,205820
13567,0.000718,172.31.36.0-255,66,27766,12,205820
13568,0.000724,74.125.68.0-255,2902,30668,12,205820
13569,0.000726,172.31.36.0-255,66,30734,12,205820
13570,0.000754,74.125.68.0-255,5738,36472,12,205820
13571,0.000758,172.31.36.0-255,66,36538,12,205820
13572,0.000784,74.125.68.0-255,7066,43604,12,205820
13573,0.000786,172.31.36.0-255,66,43670,12,205820
13574,0.000789,74.125.68.0-255,136,43806,12,205820
13575,0.000791,172.31.36.0-255,66,43872,12,205820
13576,0.001943,74.125.68.0-255,1484,45356,12,205820
13577,0.001956,74.125.68.0-255,2902,48258,12,205820
13578,0.00196,172.31.36.0-255,66,48324,12,205820
13579,0.001977,74.125.68.0-255,4320,52644,12,205820
13580,0.00198,172.31.36.0-255,66,52710,12,205820
13581,0.002018,172.31.36.0-255,66,52776,12,205820
13582,0.002065,172.31.36.0-255,66,52842,12,205820
13583,0.002092,74.125.68.0-255,6438,59280,12,205820
13584,0.002094,172.31.36.0-255,66,59346,12,205820
13585,0.004342,74.125.68.0-255,5738,65084,12,205820
13586,0.004348,172.31.36.0-255,66,65150,12,205820
13587,0.006612,74.125.68.0-255,5738,70888,12,205820
13588,0.006621,172.31.36.0-255,66,70954,12,205820
13589,0.00889,74.125.68.0-255,5738,76692,12,205820
13590,0.008899,172.31.36.0-255,66,76758,12,205820
13591,0.011192,74.125.68.0-255,5738,82496,12,205820
13592,0.011207,172.31.36.0-255,66,82562,12,205820
13593,0.013474,74.125.68.0-255,5738,88300,12,205820
13594,0.013484,172.31.36.0-255,66,88366,12,205820
13595,0.015751,74.125.68.0-255,5738,94104,12,205820
13596,0.015759,172.31.36.0-255,66,94170,12,205820
13597,0.018036,74.125.68.0-255,5738,99908,12,205820
13598,0.018045,172.31.36.0-255,66,99974,12,205820
13599,0.020317,74.125.68.0-255,5738,105712,12,205820
13600,0.020325,172.31.36.0-255,66,105778,12,205820
13601,0.022578,74.125.68.0-255,5738,111516,12,205820
13602,0.022586,172.31.36.0-255,66,111582,12,205820
13603,0.024866,74.125.68.0-255,5738,117320,12,205820
13604,0.024874,172.31.36.0-255,66,117386,12,205820
13605,0.027129,74.125.68.0-255,5738,123124,12,205820
13606,0.027136,172.31.36.0-255,66,123190,12,205820
13607,0.029396,74.125.68.0-255,5738,128928,12,205820
13608,0.029406,172.31.36.0-255,66,128994,12,205820
13609,0.031688,74.125.68.0-255,5738,134732,12,205820
13610,0.031696,172.31.36.0-255,66,134798,12,205820
13611,0.033447,172.31.36.0-255,164,134962,12,205820
13612,0.033478,172.31.36.0-255,1078,136040,12,205820
13613,0.033957,74.125.68.0-255,5738,141778,12,205820
13614,0.033963,172.31.36.0-255,66,141844,12,205820
13615,0.034981,104.244.42.0-255,66,141910,12,205820
13616,0.035017,104.244.42.0-255,66,141976,12,205820
13617,0.036233,74.125.68.0-255,5738,147714,12,205820
13618,0.036239,172.31.36.0-255,66,147780,12,205820
13619,0.038516,74.125.68.0-255,5738,153518,12,205820
13620,0.038523,172.31.36.0-255,66,153584,12,205820
13621,0.040795,74.125.68.0-255,5738,159322,12,205820
13622,0.040805,172.31.36.0-255,66,159388,12,205820
13623,0.043097,74.125.68.0-255,5738,165126,12,205820
13624,0.043104,172.31.36.0-255,66,165192,12,205820
13625,0.045381,74.125.68.0-255,5738,170930,12,205820
13626,0.045387,172.31.36.0-255,66,170996,12,205820
13627,0.047662,74.125.68.0-255,5738,176734,12,205820
13628,0.047668,172.31.36.0-255,66,176800,12,205820
13629,0.049985,74.125.68.0-255,5738,182538,12,205820
13630,0.049992,172.31.36.0-255,66,182604,12,205820
13631,0.052278,74.125.68.0-255,5738,188342,12,205820
13632,0.052284,172.31.36.0-255,66,188408,12,205820
13633,0.054551,74.125.68.0-255,5738,194146,12,205820
13634,0.054559,172.31.36.0-255,66,194212,12,205820
13635,0.056832,74.125.68.0-255,5738,199950,12,205820
13636,0.056839,172.31.36.0-255,66,200016,12,205820
13637,0.059094,74.125.68.0-255,5738,205754,12,205820
13638,0.059101,172.31.36.0-255,66,205820,12,205820
13639,0.0,172.217.194.0-255,150,150,12,319188
13640,2.1e-05,172.31.36.0-255,66,216,12,319188
13641,2.9e-05,172.217.194.0-255,1484,1700,12,319188
13642,3.5e-05,172.31.36.0-255,66,1766,12,319188
13643,4.1e-05,172.217.194.0-255,2902,4668,12,319188
13644,4.4e-05,172.31.36.0-255,66,4734,12,319188
13645,5.2e-05,172.217.194.0-255,7156,11890,12,319188
13646,5.6e-05,172.31.36.0-255,66,11956,12,319188
13647,8.4e-05,172.31.36.0-255,66,12022,12,319188
13648,9.1e-05,172.217.194.0-255,7156,19178,12,319188
13649,9.3e-05,172.31.36.0-255,66,19244,12,319188
13650,0.000145,172.217.194.0-255,3961,23205,12,319188
13651,0.000148,172.31.36.0-255,66,23271,12,319188
13652,0.000216,172.217.194.0-255,1484,24755,12,319188
13653,0.00022,172.31.36.0-255,66,24821,12,319188
13654,0.000225,172.217.194.0-255,2902,27723,12,319188
13655,0.000228,172.31.36.0-255,66,27789,12,319188
13656,0.000276,172.217.194.0-255,4320,32109,12,319188
13657,0.000279,172.31.36.0-255,66,32175,12,319188
13658,0.000285,172.217.194.0-255,5738,37913,12,319188
13659,0.000288,172.31.36.0-255,66,37979,12,319188
13660,0.000296,172.217.194.0-255,7156,45135,12,319188
13661,0.000299,172.31.36.0-255,66,45201,12,319188
13662,0.000324,172.217.194.0-255,5379,50580,12,319188
13663,0.000327,172.31.36.0-255,66,50646,12,319188
13664,0.000335,172.217.194.0-255,6797,57443,12,319188
13665,0.000338,172.31.36.0-255,66,57509,12,319188
13666,0.000341,172.217.194.0-255,397,57906,12,319188
13667,0.000343,172.31.36.0-255,66,57972,12,319188
13668,0.000413,172.217.194.0-255,380,58352,12,319188
13669,0.000416,172.31.36.0-255,66,58418,12,319188
13670,0.000582,172.217.194.0-255,1484,59902,12,319188
13671,0.000587,172.217.194.0-255,2902,62804,12,319188
13672,0.000594,172.217.194.0-255,5738,68542,12,319188
13673,0.000606,172.31.36.0-255,66,68608,12,319188
13674,0.00061,172.31.36.0-255,66,68674,12,319188
13675,0.000655,172.217.194.0-255,5738,74412,12,319188
13676,0.000671,172.217.194.0-255,5020,79432,12,319188
13677,0.000679,172.31.36.0-255,66,79498,12,319188
13678,0.001564,172.217.194.0-255,1484,80982,12,319188
13679,0.001575,172.217.194.0-255,2902,83884,12,319188
13680,0.001579,172.31.36.0-255,66,83950,12,319188
13681,0.001588,172.217.194.0-255,5738,89688,12,319188
13682,0.00159,172.31.36.0-255,66,89754,12,319188
13683,0.001608,172.217.194.0-255,7156,96910,12,319188
13684,0.001611,172.31.36.0-255,66,96976,12,319188
13685,0.001629,172.217.194.0-255,5738,102714,12,319188
13686,0.001631,172.31.36.0-255,66,102780,12,319188
13687,0.001637,172.217.194.0-255,4320,107100,12,319188
13688,0.001639,172.31.36.0-255,66,107166,12,319188
13689,0.001659,172.217.194.0-255,6438,113604,12,319188
13690,0.001661,172.31.36.0-255,66,113670,12,319188
13691,0.001766,172.217.194.0-255,1484,115154,12,319188
13692,0.001772,172.217.194.0-255,2902,118056,12,319188
13693,0.001776,172.31.36.0-255,66,118122,12,319188
13694,0.001784,172.217.194.0-255,5738,123860,12,319188
13695,0.001786,172.31.36.0-255,66,123926,12,319188
13696,0.001809,172.217.194.0-255,4320,128246,12,319188
13697,0.001812,172.31.36.0-255,66,128312,12,319188
13698,0.001842,172.31.36.0-255,66,128378,12,319188
13699,0.00185,172.217.194.0-255,7156,135534,12,319188
13700,0.001853,172.31.36.0-255,66,135600,12,319188
13701,0.001877,172.217.194.0-255,3602,139202,12,319188
13702,0.00188,172.31.36.0-255,66,139268,12,319188
13703,0.001996,172.217.194.0-255,1484,140752,12,319188
13704,0.002004,172.217.194.0-255,2902,143654,12,319188
13705,0.002008,172.31.36.0-255,66,143720,12,319188
13706,0.002056,172.217.194.0-255,5738,149458,12,319188
13707,0.002059,172.31.36.0-255,66,149524,12,319188
13708,0.002078,172.217.194.0-255,4320,153844,12,319188
13709,0.002081,172.31.36.0-255,66,153910,12,319188
13710,0.002102,172.217.194.0-255,2902,156812,12,319188
13711,0.002104,172.31.36.0-255,66,156878,12,319188
13712,0.00211,172.217.194.0-255,4320,161198,12,319188
13713,0.00216,172.217.194.0-255,4320,165518,12,319188
13714,0.002275,172.217.194.0-255,1484,167002,12,319188
13715,0.002295,172.217.194.0-255,2902,169904,12,319188
13716,0.002316,172.217.194.0-255,5738,175642,12,319188
13717,0.002319,172.217.194.0-255,1484,177126,12,319188
13718,0.002335,172.217.194.0-255,1484,178610,12,319188
13719,0.002366,172.217.194.0-255,4320,182930,12,319188
13720,0.002403,172.217.194.0-255,4320,187250,12,319188
13721,0.00242,172.217.194.0-255,4320,191570,12,319188
13722,0.002423,172.217.194.0-255,2902,194472,12,319188
13723,0.002428,172.217.194.0-255,4320,198792,12,319188
13724,0.002431,172.217.194.0-255,766,199558,12,319188
13725,0.002474,172.217.194.0-255,1484,201042,12,319188
13726,0.002479,172.217.194.0-255,2902,203944,12,319188
13727,0.002489,172.217.194.0-255,1484,205428,12,319188
13728,0.002503,172.217.194.0-255,4320,209748,12,319188
13729,0.002539,172.217.194.0-255,1484,211232,12,319188
13730,0.002545,172.217.194.0-255,4320,215552,12,319188
13731,0.002548,172.217.194.0-255,1484,217036,12,319188
13732,0.002578,172.217.194.0-255,5020,222056,12,319188
13733,0.002628,172.217.194.0-255,4320,226376,12,319188
13734,0.00264,172.217.194.0-255,1484,227860,12,319188
13735,0.002644,172.217.194.0-255,2902,230762,12,319188
13736,0.002664,172.217.194.0-255,4320,235082,12,319188
13737,0.002693,172.217.194.0-255,1484,236566,12,319188
13738,0.002709,172.217.194.0-255,5738,242304,12,319188
13739,0.002733,172.217.194.0-255,4320,246624,12,319188
13740,0.002748,172.217.194.0-255,1484,248108,12,319188
13741,0.002756,172.217.194.0-255,7156,255264,12,319188
13742,0.002819,172.217.194.0-255,5738,261002,12,319188
13743,0.002836,172.217.194.0-255,6438,267440,12,319188
13744,0.002851,172.217.194.0-255,5738,273178,12,319188
13745,0.002868,172.217.194.0-255,7156,280334,12,319188
13746,0.002875,172.217.194.0-255,5738,286072,12,319188
13747,0.002877,172.217.194.0-255,1484,287556,12,319188
13748,0.002955,172.217.194.0-255,3602,291158,12,319188
13749,0.002958,172.217.194.0-255,1484,292642,12,319188
13750,0.002982,172.217.194.0-255,7156,299798,12,319188
13751,0.003006,172.217.194.0-255,7156,306954,12,319188
13752,0.003052,172.217.194.0-255,2902,309856,12,319188
13753,0.003069,172.217.194.0-255,4027,313883,12,319188
13754,0.003072,172.217.194.0-255,105,313988,12,319188
13755,0.003074,172.217.194.0-255,129,314117,12,319188
13756,0.006646,172.31.36.0-255,66,314183,12,319188
13757,0.009055,172.31.36.0-255,105,314288,12,319188
13758,0.009094,172.31.36.0-255,105,314393,12,319188
13759,0.009332,172.31.36.0-255,90,314483,12,319188
13760,0.009343,172.31.36.0-255,66,314549,12,319188
13761,0.011248,172.217.194.0-255,66,314615,12,319188
13762,0.0113,172.217.194.0-255,66,314681,12,319188
13763,0.011542,172.217.194.0-255,66,314747,12,319188
13764,0.011568,172.217.194.0-255,66,314813,12,319188
13765,0.011573,172.31.36.0-255,66,314879,12,319188
13766,0.035487,172.31.36.0-255,188,315067,12,319188
13767,0.03552,172.31.36.0-255,952,316019,12,319188
13768,0.035584,172.31.36.0-255,1514,317533,12,319188
13769,0.035586,172.31.36.0-255,1457,318990,12,319188
13770,0.037034,104.244.42.0-255,66,319056,12,319188
13771,0.037045,104.244.42.0-255,66,319122,12,319188
13772,0.037139,104.244.42.0-255,66,319188,12,319188
13773,0.0,172.217.194.0-255,153,153,12,312237
13774,3.3e-05,172.31.36.0-255,66,219,12,312237
13775,4.3e-05,172.217.194.0-255,1484,1703,12,312237
13776,4.7e-05,172.31.36.0-255,66,1769,12,312237
13777,5.2e-05,172.217.194.0-255,2902,4671,12,312237
13778,6.5e-05,172.31.36.0-255,66,4737,12,312237
13779,7.1e-05,172.217.194.0-255,5738,10475,12,312237
13780,7.3e-05,172.31.36.0-255,66,10541,12,312237
13781,0.000109,172.217.194.0-255,3427,13968,12,312237
13782,0.000112,172.31.36.0-255,66,14034,12,312237
13783,0.000144,172.217.194.0-255,4320,18354,12,312237
13784,0.000148,172.31.36.0-255,66,18420,12,312237
13785,0.000154,172.217.194.0-255,5738,24158,12,312237
13786,0.000156,172.31.36.0-255,66,24224,12,312237
13787,0.000188,172.217.194.0-255,4320,28544,12,312237
13788,0.000191,172.31.36.0-255,66,28610,12,312237
13789,0.000214,172.217.194.0-255,2543,31153,12,312237
13790,0.000217,172.31.36.0-255,66,31219,12,312237
13791,0.000812,172.217.194.0-255,1484,32703,12,312237
13792,0.000818,172.31.36.0-255,66,32769,12,312237
13793,0.000847,172.217.194.0-255,2902,35671,12,312237
13794,0.00085,172.31.36.0-255,66,35737,12,312237
13795,0.000854,172.217.194.0-255,2902,38639,12,312237
13796,0.000856,172.31.36.0-255,66,38705,12,312237
13797,0.000865,172.217.194.0-255,7156,45861,12,312237
13798,0.000866,172.31.36.0-255,66,45927,12,312237
13799,0.0009,172.217.194.0-255,2543,48470,12,312237
13800,0.000903,172.31.36.0-255,66,48536,12,312237
13801,0.001005,172.217.194.0-255,1484,50020,12,312237
13802,0.00101,172.31.36.0-255,66,50086,12,312237
13803,0.001015,172.217.194.0-255,1484,51570,12,312237
13804,0.001017,172.31.36.0-255,66,51636,12,312237
13805,0.001048,172.217.194.0-255,1484,53120,12,312237
13806,0.001056,172.217.194.0-255,5738,58858,12,312237
13807,0.001058,172.31.36.0-255,66,58924,12,312237
13808,0.001065,172.217.194.0-255,6797,65721,12,312237
13809,0.001068,172.31.36.0-255,66,65787,12,312237
13810,0.001092,172.217.194.0-255,346,66133,12,312237
13811,0.001095,172.217.194.0-255,428,66561,12,312237
13812,0.001287,172.217.194.0-255,1484,68045,12,312237
13813,0.001292,172.31.36.0-255,66,68111,12,312237
13814,0.001298,172.217.194.0-255,2902,71013,12,312237
13815,0.0013,172.31.36.0-255,66,71079,12,312237
13816,0.001326,172.217.194.0-255,4320,75399,12,312237
13817,0.001329,172.31.36.0-255,66,75465,12,312237
13818,0.001354,172.217.194.0-255,1484,76949,12,312237
13819,0.001366,172.31.36.0-255,66,77015,12,312237
13820,0.001376,172.31.36.0-255,66,77081,12,312237
13821,0.0014,172.217.194.0-255,766,77847,12,312237
13822,0.0015,172.217.194.0-255,1484,79331,12,312237
13823,0.001502,172.31.36.0-255,66,79397,12,312237
13824,0.00152,172.217.194.0-255,2902,82299,12,312237
13825,0.001522,172.31.36.0-255,66,82365,12,312237
13826,0.001547,172.217.194.0-255,5738,88103,12,312237
13827,0.00155,172.31.36.0-255,66,88169,12,312237
13828,0.001581,172.31.36.0-255,66,88235,12,312237
13829,0.001606,172.217.194.0-255,4320,92555,12,312237
13830,0.001608,172.31.36.0-255,66,92621,12,312237
13831,0.001613,172.217.194.0-255,5738,98359,12,312237
13832,0.001616,172.31.36.0-255,66,98425,12,312237
13833,0.001656,172.217.194.0-255,5020,103445,12,312237
13834,0.001659,172.31.36.0-255,66,103511,12,312237
13835,0.001721,172.217.194.0-255,1484,104995,12,312237
13836,0.001734,172.217.194.0-255,2902,107897,12,312237
13837,0.001736,172.31.36.0-255,66,107963,12,312237
13838,0.001763,172.217.194.0-255,5738,113701,12,312237
13839,0.001765,172.31.36.0-255,66,113767,12,312237
13840,0.001771,172.217.194.0-255,7156,120923,12,312237
13841,0.001773,172.31.36.0-255,66,120989,12,312237
13842,0.001795,172.217.194.0-255,5738,126727,12,312237
13843,0.001797,172.31.36.0-255,66,126793,12,312237
13844,0.001812,172.31.36.0-255,66,126859,12,312237
13845,0.001838,172.217.194.0-255,766,127625,12,312237
13846,0.001892,172.217.194.0-255,1484,129109,12,312237
13847,0.001894,172.31.36.0-255,66,129175,12,312237
13848,0.001905,172.217.194.0-255,2902,132077,12,312237
13849,0.001919,172.31.36.0-255,66,132143,12,312237
13850,0.001925,172.217.194.0-255,5738,137881,12,312237
13851,0.001927,172.31.36.0-255,66,137947,12,312237
13852,0.001979,172.31.36.0-255,66,138013,12,312237
13853,0.002018,172.31.36.0-255,66,138079,12,312237
13854,0.002022,172.217.194.0-255,2902,140981,12,312237
13855,0.002024,172.31.36.0-255,66,141047,12,312237
13856,0.002062,172.31.36.0-255,66,141113,12,312237
13857,0.002077,172.31.36.0-255,66,141179,12,312237
13858,0.002111,172.31.36.0-255,66,141245,12,312237
13859,0.002161,172.217.194.0-255,2902,144147,12,312237
13860,0.002163,172.31.36.0-255,66,144213,12,312237
13861,0.002186,172.217.194.0-255,2902,147115,12,312237
13862,0.002188,172.31.36.0-255,66,147181,12,312237
13863,0.004202,172.217.194.0-255,2902,150083,12,312237
13864,0.004205,172.31.36.0-255,66,150149,12,312237
13865,0.004262,172.217.194.0-255,2902,153051,12,312237
13866,0.004264,172.31.36.0-255,66,153117,12,312237
13867,0.006258,172.217.194.0-255,2902,156019,12,312237
13868,0.006266,172.31.36.0-255,66,156085,12,312237
13869,0.006328,172.217.194.0-255,2902,158987,12,312237
13870,0.006332,172.31.36.0-255,66,159053,12,312237
13871,0.008351,172.217.194.0-255,2902,161955,12,312237
13872,0.008357,172.31.36.0-255,66,162021,12,312237
13873,0.008423,172.217.194.0-255,2902,164923,12,312237
13874,0.008429,172.31.36.0-255,66,164989,12,312237
13875,0.010427,172.217.194.0-255,2902,167891,12,312237
13876,0.010438,172.31.36.0-255,66,167957,12,312237
13877,0.010481,172.217.194.0-255,2902,170859,12,312237
13878,0.010486,172.31.36.0-255,66,170925,12,312237
13879,0.012497,172.217.194.0-255,2902,173827,12,312237
13880,0.012507,172.31.36.0-255,66,173893,12,312237
13881,0.012549,172.217.194.0-255,2902,176795,12,312237
13882,0.012553,172.31.36.0-255,66,176861,12,312237
13883,0.014565,172.217.194.0-255,2902,179763,12,312237
13884,0.014573,172.31.36.0-255,66,179829,12,312237
13885,0.014611,172.217.194.0-255,2902,182731,12,312237
13886,0.014615,172.31.36.0-255,66,182797,12,312237
13887,0.016611,172.217.194.0-255,2902,185699,12,312237
13888,0.016619,172.31.36.0-255,66,185765,12,312237
13889,0.016656,172.217.194.0-255,2902,188667,12,312237
13890,0.01666,172.31.36.0-255,66,188733,12,312237
13891,0.018684,172.217.194.0-255,2902,191635,12,312237
13892,0.018692,172.31.36.0-255,66,191701,12,312237
13893,0.018734,172.217.194.0-255,2902,194603,12,312237
13894,0.018738,172.31.36.0-255,66,194669,12,312237
13895,0.020723,172.217.194.0-255,2902,197571,12,312237
13896,0.02073,172.31.36.0-255,66,197637,12,312237
13897,0.020776,172.217.194.0-255,2902,200539,12,312237
13898,0.02078,172.31.36.0-255,66,200605,12,312237
13899,0.022787,172.217.194.0-255,2902,203507,12,312237
13900,0.022794,172.31.36.0-255,66,203573,12,312237
13901,0.022822,172.217.194.0-255,2902,206475,12,312237
13902,0.022826,172.31.36.0-255,66,206541,12,312237
13903,0.024042,172.31.36.0-255,172,206713,12,312237
13904,0.024073,172.31.36.0-255,1110,207823,12,312237
13905,0.024113,172.31.36.0-255,1514,209337,12,312237
13906,0.024115,172.31.36.0-255,1514,210851,12,312237
13907,0.024137,172.31.36.0-255,706,211557,12,312237
13908,0.024866,172.217.194.0-255,5738,217295,12,312237
13909,0.024873,172.31.36.0-255,66,217361,12,312237
13910,0.025573,104.244.42.0-255,66,217427,12,312237
13911,0.025636,104.244.42.0-255,66,217493,12,312237
13912,0.025693,104.244.42.0-255,66,217559,12,312237
13913,0.0257,104.244.42.0-255,66,217625,12,312237
13914,0.026906,172.217.194.0-255,5738,223363,12,312237
13915,0.026912,172.31.36.0-255,66,223429,12,312237
13916,0.028961,172.217.194.0-255,4320,227749,12,312237
13917,0.028966,172.31.36.0-255,66,227815,12,312237
13918,0.028999,172.217.194.0-255,1484,229299,12,312237
13919,0.031033,172.217.194.0-255,4320,233619,12,312237
13920,0.031039,172.31.36.0-255,66,233685,12,312237
13921,0.033091,172.217.194.0-255,5738,239423,12,312237
13922,0.033096,172.31.36.0-255,66,239489,12,312237
13923,0.035141,172.217.194.0-255,5738,245227,12,312237
13924,0.035147,172.31.36.0-255,66,245293,12,312237
13925,0.037208,172.217.194.0-255,5738,251031,12,312237
13926,0.037215,172.31.36.0-255,66,251097,12,312237
13927,0.039282,172.217.194.0-255,5738,256835,12,312237
13928,0.039287,172.31.36.0-255,66,256901,12,312237
13929,0.041347,172.217.194.0-255,5738,262639,12,312237
13930,0.041353,172.31.36.0-255,66,262705,12,312237
13931,0.043438,172.217.194.0-255,5738,268443,12,312237
13932,0.043445,172.31.36.0-255,66,268509,12,312237
13933,0.045511,172.217.194.0-255,5738,274247,12,312237
13934,0.045517,172.31.36.0-255,66,274313,12,312237
13935,0.04754,172.217.194.0-255,5738,280051,12,312237
13936,0.047546,172.31.36.0-255,66,280117,12,312237
13937,0.049609,172.217.194.0-255,4320,284437,12,312237
13938,0.049615,172.31.36.0-255,66,284503,12,312237
13939,0.049651,172.217.194.0-255,1484,285987,12,312237
13940,0.051664,172.217.194.0-255,4320,290307,12,312237
13941,0.051671,172.31.36.0-255,66,290373,12,312237
13942,0.053712,172.217.194.0-255,4320,294693,12,312237
13943,0.053717,172.31.36.0-255,66,294759,12,312237
13944,0.053749,172.217.194.0-255,1484,296243,12,312237
13945,0.055782,172.217.194.0-255,4320,300563,12,312237
13946,0.055787,172.31.36.0-255,66,300629,12,312237
13947,0.057856,172.217.194.0-255,5738,306367,12,312237
13948,0.057862,172.31.36.0-255,66,306433,12,312237
13949,0.059913,172.217.194.0-255,5738,312171,12,312237
13950,0.059919,172.31.36.0-255,66,312237,12,312237
13951,0.0,74.125.130.0-255,297,297,12,253563
13952,2.3e-05,172.31.36.0-255,66,363,12,253563
13953,3e-05,74.125.130.0-255,1484,1847,12,253563
13954,3.4e-05,172.31.36.0-255,66,1913,12,253563
13955,4e-05,74.125.130.0-255,2902,4815,12,253563
13956,4.2e-05,172.31.36.0-255,66,4881,12,253563
13957,4.9e-05,74.125.130.0-255,5738,10619,12,253563
13958,5.2e-05,172.31.36.0-255,66,10685,12,253563
13959,5.5e-05,74.125.130.0-255,1484,12169,12,253563
13960,5.7e-05,172.31.36.0-255,66,12235,12,253563
13961,0.000102,172.31.36.0-255,66,12301,12,253563
13962,0.000109,74.125.130.0-255,6797,19098,12,253563
13963,0.000112,172.31.36.0-255,66,19164,12,253563
13964,0.000227,74.125.130.0-255,1484,20648,12,253563
13965,0.000231,172.31.36.0-255,66,20714,12,253563
13966,0.000237,74.125.130.0-255,2902,23616,12,253563
13967,0.000239,172.31.36.0-255,66,23682,12,253563
13968,0.000262,74.125.130.0-255,5738,29420,12,253563
13969,0.000265,172.31.36.0-255,66,29486,12,253563
13970,0.000269,74.125.130.0-255,2902,32388,12,253563
13971,0.000271,172.31.36.0-255,66,32454,12,253563
13972,0.000287,74.125.130.0-255,2902,35356,12,253563
13973,0.00029,172.31.36.0-255,66,35422,12,253563
13974,0.000297,74.125.130.0-255,6797,42219,12,253563
13975,0.000299,172.31.36.0-255,66,42285,12,253563
13976,0.000324,74.125.130.0-255,1484,43769,12,253563
13977,0.000326,172.31.36.0-255,66,43835,12,253563
13978,0.000356,172.31.36.0-255,66,43901,12,253563
13979,0.000374,74.125.130.0-255,116,44017,12,253563
13980,0.000376,172.31.36.0-255,66,44083,12,253563
13981,0.000451,74.125.130.0-255,385,44468,12,253563
13982,0.000454,172.31.36.0-255,66,44534,12,253563
13983,0.000626,74.125.130.0-255,1484,46018,12,253563
13984,0.000631,172.31.36.0-255,66,46084,12,253563
13985,0.000636,74.125.130.0-255,2902,48986,12,253563
13986,0.000638,172.31.36.0-255,66,49052,12,253563
13987,0.000644,74.125.130.0-255,4320,53372,12,253563
13988,0.000646,172.31.36.0-255,66,53438,12,253563
13989,0.000664,74.125.130.0-255,1484,54922,12,253563
13990,0.000667,74.125.130.0-255,2902,57824,12,253563
13991,0.000676,172.31.36.0-255,66,57890,12,253563
13992,0.000723,172.31.36.0-255,66,57956,12,253563
13993,0.00074,74.125.130.0-255,2184,60140,12,253563
13994,0.000758,172.31.36.0-255,66,60206,12,253563
13995,0.000848,74.125.130.0-255,1484,61690,12,253563
13996,0.000877,74.125.130.0-255,2902,64592,12,253563
13997,0.000882,172.31.36.0-255,66,64658,12,253563
13998,0.000895,74.125.130.0-255,4320,68978,12,253563
13999,0.000908,172.31.36.0-255,66,69044,12,253563
14000,0.000928,172.31.36.0-255,66,69110,12,253563
14001,0.000963,172.31.36.0-255,66,69176,12,253563
14002,0.000982,74.125.130.0-255,1484,70660,12,253563
14003,0.001,74.125.130.0-255,6438,77098,12,253563
14004,0.001016,172.31.36.0-255,66,77164,12,253563
14005,0.003036,74.125.130.0-255,5738,82902,12,253563
14006,0.003045,172.31.36.0-255,66,82968,12,253563
14007,0.005096,74.125.130.0-255,5738,88706,12,253563
14008,0.005101,172.31.36.0-255,66,88772,12,253563
14009,0.007137,74.125.130.0-255,4320,93092,12,253563
14010,0.00714,172.31.36.0-255,66,93158,12,253563
14011,0.007159,74.125.130.0-255,1484,94642,12,253563
14012,0.00915,74.125.130.0-255,4320,98962,12,253563
14013,0.009158,172.31.36.0-255,66,99028,12,253563
14014,0.01119,74.125.130.0-255,5738,104766,12,253563
14015,0.0112,172.31.36.0-255,66,104832,12,253563
14016,0.013219,74.125.130.0-255,5738,110570,12,253563
14017,0.013228,172.31.36.0-255,66,110636,12,253563
14018,0.015252,74.125.130.0-255,5738,116374,12,253563
14019,0.01526,172.31.36.0-255,66,116440,12,253563
14020,0.017277,74.125.130.0-255,5738,122178,12,253563
14021,0.017286,172.31.36.0-255,66,122244,12,253563
14022,0.019307,74.125.130.0-255,5738,127982,12,253563
14023,0.019315,172.31.36.0-255,66,128048,12,253563
14024,0.021346,74.125.130.0-255,5738,133786,12,253563
14025,0.021353,172.31.36.0-255,66,133852,12,253563
14026,0.023368,74.125.130.0-255,5738,139590,12,253563
14027,0.023375,172.31.36.0-255,66,139656,12,253563
14028,0.025386,74.125.130.0-255,5738,145394,12,253563
14029,0.025394,172.31.36.0-255,66,145460,12,253563
14030,0.027413,74.125.130.0-255,5738,151198,12,253563
14031,0.027422,172.31.36.0-255,66,151264,12,253563
14032,0.02944,74.125.130.0-255,5738,157002,12,253563
14033,0.029448,172.31.36.0-255,66,157068,12,253563
14034,0.031467,74.125.130.0-255,5738,162806,12,253563
14035,0.031475,172.31.36.0-255,66,162872,12,253563
14036,0.033463,172.31.36.0-255,172,163044,12,253563
14037,0.033498,74.125.130.0-255,5738,168782,12,253563
14038,0.033503,172.31.36.0-255,66,168848,12,253563
14039,0.033529,172.31.36.0-255,1107,169955,12,253563
14040,0.0336,172.31.36.0-255,1514,171469,12,253563
14041,0.033602,172.31.36.0-255,1514,172983,12,253563
14042,0.033603,172.31.36.0-255,1514,174497,12,253563
14043,0.033605,172.31.36.0-255,1514,176011,12,253563
14044,0.033633,172.31.36.0-255,1514,177525,12,253563
14045,0.033634,172.31.36.0-255,148,177673,12,253563
14046,0.035027,104.244.42.0-255,66,177739,12,253563
14047,0.035122,104.244.42.0-255,66,177805,12,253563
14048,0.03518,104.244.42.0-255,66,177871,12,253563
14049,0.035237,104.244.42.0-255,66,177937,12,253563
14050,0.035522,74.125.130.0-255,5738,183675,12,253563
14051,0.035529,172.31.36.0-255,66,183741,12,253563
14052,0.035925,104.244.42.0-255,108,183849,12,253563
14053,0.035935,172.31.36.0-255,66,183915,12,253563
14054,0.037555,74.125.130.0-255,5738,189653,12,253563
14055,0.037561,172.31.36.0-255,66,189719,12,253563
14056,0.039592,74.125.130.0-255,5738,195457,12,253563
14057,0.039598,172.31.36.0-255,66,195523,12,253563
14058,0.041646,74.125.130.0-255,5738,201261,12,253563
14059,0.041654,172.31.36.0-255,66,201327,12,253563
14060,0.043689,74.125.130.0-255,5738,207065,12,253563
14061,0.043696,172.31.36.0-255,66,207131,12,253563
14062,0.045729,74.125.130.0-255,5738,212869,12,253563
14063,0.045739,172.31.36.0-255,66,212935,12,253563
14064,0.047753,74.125.130.0-255,5738,218673,12,253563
14065,0.047758,172.31.36.0-255,66,218739,12,253563
14066,0.049787,74.125.130.0-255,5738,224477,12,253563
14067,0.049795,172.31.36.0-255,66,224543,12,253563
14068,0.051819,74.125.130.0-255,5738,230281,12,253563
14069,0.051826,172.31.36.0-255,66,230347,12,253563
14070,0.053854,74.125.130.0-255,5738,236085,12,253563
14071,0.05386,172.31.36.0-255,66,236151,12,253563
14072,0.05589,74.125.130.0-255,5738,241889,12,253563
14073,0.055897,172.31.36.0-255,66,241955,12,253563
14074,0.057929,74.125.130.0-255,5738,247693,12,253563
14075,0.057936,172.31.36.0-255,66,247759,12,253563
14076,0.059969,74.125.130.0-255,5738,253497,12,253563
14077,0.059976,172.31.36.0-255,66,253563,12,253563
14078,0.0,74.125.200.0-255,150,150,12,233166
14079,2.2e-05,172.31.36.0-255,66,216,12,233166
14080,3e-05,74.125.200.0-255,1484,1700,12,233166
14081,3.5e-05,172.31.36.0-255,66,1766,12,233166
14082,4.1e-05,74.125.200.0-255,2902,4668,12,233166
14083,4.4e-05,172.31.36.0-255,66,4734,12,233166
14084,5.1e-05,74.125.200.0-255,5738,10472,12,233166
14085,5.5e-05,172.31.36.0-255,66,10538,12,233166
14086,6.2e-05,74.125.200.0-255,3456,13994,12,233166
14087,6.5e-05,172.31.36.0-255,66,14060,12,233166
14088,0.000105,74.125.200.0-255,4320,18380,12,233166
14089,0.000109,172.31.36.0-255,66,18446,12,233166
14090,0.000116,74.125.200.0-255,5738,24184,12,233166
14091,0.000118,172.31.36.0-255,66,24250,12,233166
14092,0.000159,74.125.200.0-255,6797,31047,12,233166
14093,0.000161,172.31.36.0-255,66,31113,12,233166
14094,0.000309,74.125.200.0-255,1484,32597,12,233166
14095,0.000314,172.31.36.0-255,66,32663,12,233166
14096,0.00032,74.125.200.0-255,2902,35565,12,233166
14097,0.000322,172.31.36.0-255,66,35631,12,233166
14098,0.000346,74.125.200.0-255,5738,41369,12,233166
14099,0.000349,172.31.36.0-255,66,41435,12,233166
14100,0.000355,74.125.200.0-255,4320,45755,12,233166
14101,0.000357,172.31.36.0-255,66,45821,12,233166
14102,0.00038,74.125.200.0-255,2543,48364,12,233166
14103,0.000383,172.31.36.0-255,66,48430,12,233166
14104,0.00039,74.125.200.0-255,7156,55586,12,233166
14105,0.000393,172.31.36.0-255,66,55652,12,233166
14106,0.000396,74.125.200.0-255,1484,57136,12,233166
14107,0.000398,172.31.36.0-255,66,57202,12,233166
14108,0.000436,172.31.36.0-255,66,57268,12,233166
14109,0.001626,74.125.200.0-255,645,57913,12,233166
14110,0.001791,74.125.200.0-255,1484,59397,12,233166
14111,0.001796,172.31.36.0-255,66,59463,12,233166
14112,0.001802,74.125.200.0-255,2902,62365,12,233166
14113,0.001805,172.31.36.0-255,66,62431,12,233166
14114,0.001821,74.125.200.0-255,4320,66751,12,233166
14115,0.001823,172.31.36.0-255,66,66817,12,233166
14116,0.00185,74.125.200.0-255,1484,68301,12,233166
14117,0.001857,74.125.200.0-255,7156,75457,12,233166
14118,0.001859,172.31.36.0-255,66,75523,12,233166
14119,0.001883,172.31.36.0-255,66,75589,12,233166
14120,0.001897,74.125.200.0-255,5738,81327,12,233166
14121,0.001899,172.31.36.0-255,66,81393,12,233166
14122,0.001925,74.125.200.0-255,2184,83577,12,233166
14123,0.001927,172.31.36.0-255,66,83643,12,233166
14124,0.004132,74.125.200.0-255,2902,86545,12,233166
14125,0.004136,172.31.36.0-255,66,86611,12,233166
14126,0.004161,74.125.200.0-255,2902,89513,12,233166
14127,0.004163,172.31.36.0-255,66,89579,12,233166
14128,0.006395,74.125.200.0-255,5738,95317,12,233166
14129,0.006401,172.31.36.0-255,66,95383,12,233166
14130,0.008652,74.125.200.0-255,5738,101121,12,233166
14131,0.00866,172.31.36.0-255,66,101187,12,233166
14132,0.01092,74.125.200.0-255,5738,106925,12,233166
14133,0.01093,172.31.36.0-255,66,106991,12,233166
14134,0.013185,74.125.200.0-255,5738,112729,12,233166
14135,0.013193,172.31.36.0-255,66,112795,12,233166
14136,0.015502,74.125.200.0-255,5738,118533,12,233166
14137,0.015513,172.31.36.0-255,66,118599,12,233166
14138,0.017762,74.125.200.0-255,5738,124337,12,233166
14139,0.017771,172.31.36.0-255,66,124403,12,233166
14140,0.020042,74.125.200.0-255,5738,130141,12,233166
14141,0.020051,172.31.36.0-255,66,130207,12,233166
14142,0.022299,74.125.200.0-255,5738,135945,12,233166
14143,0.022307,172.31.36.0-255,66,136011,12,233166
14144,0.023779,172.31.36.0-255,172,136183,12,233166
14145,0.023827,172.31.36.0-255,1108,137291,12,233166
14146,0.023887,172.31.36.0-255,1514,138805,12,233166
14147,0.023889,172.31.36.0-255,1299,140104,12,233166
14148,0.024556,74.125.200.0-255,5738,145842,12,233166
14149,0.024563,172.31.36.0-255,66,145908,12,233166
14150,0.025338,104.244.42.0-255,66,145974,12,233166
14151,0.025378,104.244.42.0-255,66,146040,12,233166
14152,0.025429,104.244.42.0-255,66,146106,12,233166
14153,0.026826,74.125.200.0-255,5738,151844,12,233166
14154,0.026831,172.31.36.0-255,66,151910,12,233166
14155,0.029089,74.125.200.0-255,5738,157648,12,233166
14156,0.029095,172.31.36.0-255,66,157714,12,233166
14157,0.031356,74.125.200.0-255,5738,163452,12,233166
14158,0.031364,172.31.36.0-255,66,163518,12,233166
14159,0.03362,74.125.200.0-255,5738,169256,12,233166
14160,0.033627,172.31.36.0-255,66,169322,12,233166
14161,0.035911,74.125.200.0-255,5738,175060,12,233166
14162,0.035918,172.31.36.0-255,66,175126,12,233166
14163,0.038173,74.125.200.0-255,5738,180864,12,233166
14164,0.03818,172.31.36.0-255,66,180930,12,233166
14165,0.040447,74.125.200.0-255,5738,186668,12,233166
14166,0.040457,172.31.36.0-255,66,186734,12,233166
14167,0.042704,74.125.200.0-255,5738,192472,12,233166
14168,0.04271,172.31.36.0-255,66,192538,12,233166
14169,0.044984,74.125.200.0-255,5738,198276,12,233166
14170,0.044992,172.31.36.0-255,66,198342,12,233166
14171,0.047251,74.125.200.0-255,5738,204080,12,233166
14172,0.047258,172.31.36.0-255,66,204146,12,233166
14173,0.049524,74.125.200.0-255,5738,209884,12,233166
14174,0.04953,172.31.36.0-255,66,209950,12,233166
14175,0.051781,74.125.200.0-255,5738,215688,12,233166
14176,0.051788,172.31.36.0-255,66,215754,12,233166
14177,0.054053,74.125.200.0-255,5738,221492,12,233166
14178,0.054059,172.31.36.0-255,66,221558,12,233166
14179,0.056309,74.125.200.0-255,5738,227296,12,233166
14180,0.056316,172.31.36.0-255,66,227362,12,233166
14181,0.05857,74.125.200.0-255,5738,233100,12,233166
14182,0.058576,172.31.36.0-255,66,233166,12,233166
14183,0.0,74.125.24.0-255,153,153,12,244588
14184,2.4e-05,172.31.36.0-255,66,219,12,244588
14185,3.1e-05,74.125.24.0-255,1484,1703,12,244588
14186,3.6e-05,172.31.36.0-255,66,1769,12,244588
14187,4.1e-05,74.125.24.0-255,2902,4671,12,244588
14188,5.3e-05,172.31.36.0-255,66,4737,12,244588
14189,6.1e-05,74.125.24.0-255,7156,11893,12,244588
14190,6.3e-05,172.31.36.0-255,66,11959,12,244588
14191,6.9e-05,74.125.24.0-255,4320,16279,12,244588
14192,7.2e-05,172.31.36.0-255,66,16345,12,244588
14193,0.000109,74.125.24.0-255,1985,18330,12,244588
14194,0.000111,172.31.36.0-255,66,18396,12,244588
14195,0.000119,74.125.24.0-255,7156,25552,12,244588
14196,0.000121,172.31.36.0-255,66,25618,12,244588
14197,0.000132,74.125.24.0-255,5379,30997,12,244588
14198,0.000134,172.31.36.0-255,66,31063,12,244588
14199,0.000248,74.125.24.0-255,1484,32547,12,244588
14200,0.000252,172.31.36.0-255,66,32613,12,244588
14201,0.000257,74.125.24.0-255,2902,35515,12,244588
14202,0.000259,172.31.36.0-255,66,35581,12,244588
14203,0.000269,74.125.24.0-255,4320,39901,12,244588
14204,0.000272,172.31.36.0-255,66,39967,12,244588
14205,0.000279,74.125.24.0-255,5738,45705,12,244588
14206,0.000281,172.31.36.0-255,66,45771,12,244588
14207,0.000328,172.31.36.0-255,66,45837,12,244588
14208,0.000335,74.125.24.0-255,6797,52634,12,244588
14209,0.000337,172.31.36.0-255,66,52700,12,244588
14210,0.000394,74.125.24.0-255,415,53115,12,244588
14211,0.000397,172.31.36.0-255,66,53181,12,244588
14212,0.001071,74.125.24.0-255,330,53511,12,244588
14213,0.001077,172.31.36.0-255,66,53577,12,244588
14214,0.001302,74.125.24.0-255,1484,55061,12,244588
14215,0.001309,74.125.24.0-255,2902,57963,12,244588
14216,0.001312,172.31.36.0-255,66,58029,12,244588
14217,0.001317,74.125.24.0-255,2902,60931,12,244588
14218,0.001319,172.31.36.0-255,66,60997,12,244588
14219,0.001342,74.125.24.0-255,2902,63899,12,244588
14220,0.001347,172.31.36.0-255,66,63965,12,244588
14221,0.001354,74.125.24.0-255,6797,70762,12,244588
14222,0.001356,172.31.36.0-255,66,70828,12,244588
14223,0.001414,74.125.24.0-255,1484,72312,12,244588
14224,0.001417,74.125.24.0-255,1484,73796,12,244588
14225,0.001419,172.31.36.0-255,66,73862,12,244588
14226,0.001442,74.125.24.0-255,1484,75346,12,244588
14227,0.001449,74.125.24.0-255,5738,81084,12,244588
14228,0.00145,172.31.36.0-255,66,81150,12,244588
14229,0.001478,74.125.24.0-255,6797,87947,12,244588
14230,0.00148,172.31.36.0-255,66,88013,12,244588
14231,0.002168,74.125.24.0-255,1484,89497,12,244588
14232,0.002184,74.125.24.0-255,2902,92399,12,244588
14233,0.002188,172.31.36.0-255,66,92465,12,244588
14234,0.002219,74.125.24.0-255,5738,98203,12,244588
14235,0.002221,172.31.36.0-255,66,98269,12,244588
14236,0.002253,172.31.36.0-255,66,98335,12,244588
14237,0.002268,172.31.36.0-255,66,98401,12,244588
14238,0.00229,74.125.24.0-255,2184,100585,12,244588
14239,0.002292,172.31.36.0-255,66,100651,12,244588
14240,0.002316,74.125.24.0-255,2902,103553,12,244588
14241,0.002319,172.31.36.0-255,66,103619,12,244588
14242,0.004603,74.125.24.0-255,2902,106521,12,244588
14243,0.004609,172.31.36.0-255,66,106587,12,244588
14244,0.004639,74.125.24.0-255,2902,109489,12,244588
14245,0.004641,172.31.36.0-255,66,109555,12,244588
14246,0.006954,74.125.24.0-255,5738,115293,12,244588
14247,0.006959,172.31.36.0-255,66,115359,12,244588
14248,0.009335,74.125.24.0-255,5738,121097,12,244588
14249,0.009345,172.31.36.0-255,66,121163,12,244588
14250,0.011657,74.125.24.0-255,5738,126901,12,244588
14251,0.011668,172.31.36.0-255,66,126967,12,244588
14252,0.013998,74.125.24.0-255,5738,132705,12,244588
14253,0.014008,172.31.36.0-255,66,132771,12,244588
14254,0.016345,74.125.24.0-255,5738,138509,12,244588
14255,0.016361,172.31.36.0-255,66,138575,12,244588
14256,0.018693,74.125.24.0-255,5738,144313,12,244588
14257,0.018701,172.31.36.0-255,66,144379,12,244588
14258,0.021034,74.125.24.0-255,5738,150117,12,244588
14259,0.021043,172.31.36.0-255,66,150183,12,244588
14260,0.023373,74.125.24.0-255,5738,155921,12,244588
14261,0.023379,172.31.36.0-255,66,155987,12,244588
14262,0.024406,172.31.36.0-255,192,156179,12,244588
14263,0.024447,172.31.36.0-255,952,157131,12,244588
14264,0.02452,172.31.36.0-255,1514,158645,12,244588
14265,0.024522,172.31.36.0-255,1455,160100,12,244588
14266,0.025704,74.125.24.0-255,5738,165838,12,244588
14267,0.02571,172.31.36.0-255,66,165904,12,244588
14268,0.025963,104.244.42.0-255,66,165970,12,244588
14269,0.02597,104.244.42.0-255,66,166036,12,244588
14270,0.026161,104.244.42.0-255,66,166102,12,244588
14271,0.028053,74.125.24.0-255,4320,170422,12,244588
14272,0.02806,172.31.36.0-255,66,170488,12,244588
14273,0.028091,74.125.24.0-255,1484,171972,12,244588
14274,0.030366,74.125.24.0-255,2902,174874,12,244588
14275,0.030373,172.31.36.0-255,66,174940,12,244588
14276,0.032676,74.125.24.0-255,5738,180678,12,244588
14277,0.032684,172.31.36.0-255,66,180744,12,244588
14278,0.035015,74.125.24.0-255,5738,186482,12,244588
14279,0.035025,172.31.36.0-255,66,186548,12,244588
14280,0.037354,74.125.24.0-255,5738,192286,12,244588
14281,0.037361,172.31.36.0-255,66,192352,12,244588
14282,0.039706,74.125.24.0-255,5738,198090,12,244588
14283,0.039713,172.31.36.0-255,66,198156,12,244588
14284,0.04206,74.125.24.0-255,5738,203894,12,244588
14285,0.042067,172.31.36.0-255,66,203960,12,244588
14286,0.044388,74.125.24.0-255,5738,209698,12,244588
14287,0.044394,172.31.36.0-255,66,209764,12,244588
14288,0.04671,74.125.24.0-255,5738,215502,12,244588
14289,0.046716,172.31.36.0-255,66,215568,12,244588
14290,0.049034,74.125.24.0-255,5738,221306,12,244588
14291,0.04904,172.31.36.0-255,66,221372,12,244588
14292,0.051387,74.125.24.0-255,5738,227110,12,244588
14293,0.051398,172.31.36.0-255,66,227176,12,244588
14294,0.05373,74.125.24.0-255,5738,232914,12,244588
14295,0.053738,172.31.36.0-255,66,232980,12,244588
14296,0.056056,74.125.24.0-255,5738,238718,12,244588
14297,0.056063,172.31.36.0-255,66,238784,12,244588
14298,0.058401,74.125.24.0-255,5738,244522,12,244588
14299,0.058407,172.31.36.0-255,66,244588,12,244588
14300,0.0,172.31.36.0-255,66,66,12,66
14301,0.0,74.125.24.0-255,298,298,12,248644
14302,1.5e-05,172.31.36.0-255,66,364,12,248644
14303,2.1e-05,74.125.24.0-255,1484,1848,12,248644
14304,2.5e-05,172.31.36.0-255,66,1914,12,248644
14305,3.9e-05,74.125.24.0-255,4320,6234,12,248644
14306,4.2e-05,172.31.36.0-255,66,6300,12,248644
14307,4.7e-05,74.125.24.0-255,4320,10620,12,248644
14308,5.1e-05,172.31.36.0-255,66,10686,12,248644
14309,8.9e-05,74.125.24.0-255,3296,13982,12,248644
14310,9.2e-05,172.31.36.0-255,66,14048,12,248644
14311,0.000133,74.125.24.0-255,2902,16950,12,248644
14312,0.000137,172.31.36.0-255,66,17016,12,248644
14313,0.000168,74.125.24.0-255,4320,21336,12,248644
14314,0.00017,172.31.36.0-255,66,21402,12,248644
14315,0.000186,172.31.36.0-255,66,21468,12,248644
14316,0.000191,74.125.24.0-255,2543,24011,12,248644
14317,0.000193,172.31.36.0-255,66,24077,12,248644
14318,0.000218,74.125.24.0-255,2902,26979,12,248644
14319,0.000221,172.31.36.0-255,66,27045,12,248644
14320,0.000227,74.125.24.0-255,5738,32783,12,248644
14321,0.000233,172.31.36.0-255,66,32849,12,248644
14322,0.000256,74.125.24.0-255,1484,34333,12,248644
14323,0.000259,172.31.36.0-255,66,34399,12,248644
14324,0.00027,74.125.24.0-255,5379,39778,12,248644
14325,0.000272,172.31.36.0-255,66,39844,12,248644
14326,0.000307,74.125.24.0-255,5738,45582,12,248644
14327,0.00031,172.31.36.0-255,66,45648,12,248644
14328,0.000317,74.125.24.0-255,7156,52804,12,248644
14329,0.00032,172.31.36.0-255,66,52870,12,248644
14330,0.00035,74.125.24.0-255,3961,56831,12,248644
14331,0.000352,172.31.36.0-255,66,56897,12,248644
14332,0.000376,74.125.24.0-255,676,57573,12,248644
14333,0.000544,74.125.24.0-255,1484,59057,12,248644
14334,0.000549,172.31.36.0-255,66,59123,12,248644
14335,0.000555,74.125.24.0-255,2902,62025,12,248644
14336,0.000558,172.31.36.0-255,66,62091,12,248644
14337,0.000588,74.125.24.0-255,5738,67829,12,248644
14338,0.00059,172.31.36.0-255,66,67895,12,248644
14339,0.000597,74.125.24.0-255,4320,72215,12,248644
14340,0.000599,172.31.36.0-255,66,72281,12,248644
14341,0.00063,172.31.36.0-255,66,72347,12,248644
14342,0.000637,74.125.24.0-255,5738,78085,12,248644
14343,0.000639,172.31.36.0-255,66,78151,12,248644
14344,0.000673,74.125.24.0-255,4472,82623,12,248644
14345,0.000676,172.31.36.0-255,66,82689,12,248644
14346,0.00074,74.125.24.0-255,1484,84173,12,248644
14347,0.000757,74.125.24.0-255,2902,87075,12,248644
14348,0.00076,172.31.36.0-255,66,87141,12,248644
14349,0.000766,74.125.24.0-255,5738,92879,12,248644
14350,0.000768,172.31.36.0-255,66,92945,12,248644
14351,0.000783,172.31.36.0-255,66,93011,12,248644
14352,0.000819,74.125.24.0-255,4320,97331,12,248644
14353,0.000822,172.31.36.0-255,66,97397,12,248644
14354,0.000839,172.31.36.0-255,66,97463,12,248644
14355,0.001263,74.125.24.0-255,1484,98947,12,248644
14356,0.001268,74.125.24.0-255,2902,101849,12,248644
14357,0.001272,172.31.36.0-255,66,101915,12,248644
14358,0.001278,74.125.24.0-255,2902,104817,12,248644
14359,0.00128,172.31.36.0-255,66,104883,12,248644
14360,0.001298,74.125.24.0-255,1484,106367,12,248644
14361,0.001313,172.31.36.0-255,66,106433,12,248644
14362,0.001383,172.31.36.0-255,66,106499,12,248644
14363,0.001453,74.125.24.0-255,1484,107983,12,248644
14364,0.001456,74.125.24.0-255,1484,109467,12,248644
14365,0.00146,172.31.36.0-255,66,109533,12,248644
14366,0.001486,74.125.24.0-255,1484,111017,12,248644
14367,0.001492,74.125.24.0-255,4320,115337,12,248644
14368,0.001494,172.31.36.0-255,66,115403,12,248644
14369,0.001511,74.125.24.0-255,1484,116887,12,248644
14370,0.001525,74.125.24.0-255,1484,118371,12,248644
14371,0.001528,172.31.36.0-255,66,118437,12,248644
14372,0.001567,172.31.36.0-255,66,118503,12,248644
14373,0.001583,172.31.36.0-255,66,118569,12,248644
14374,0.001844,74.125.24.0-255,1484,120053,12,248644
14375,0.00185,74.125.24.0-255,2902,122955,12,248644
14376,0.001853,172.31.36.0-255,66,123021,12,248644
14377,0.001861,74.125.24.0-255,5738,128759,12,248644
14378,0.001863,172.31.36.0-255,66,128825,12,248644
14379,0.001895,74.125.24.0-255,4320,133145,12,248644
14380,0.001897,172.31.36.0-255,66,133211,12,248644
14381,0.001926,74.125.24.0-255,5738,138949,12,248644
14382,0.001929,172.31.36.0-255,66,139015,12,248644
14383,0.001934,74.125.24.0-255,2902,141917,12,248644
14384,0.001936,172.31.36.0-255,66,141983,12,248644
14385,0.001974,172.31.36.0-255,66,142049,12,248644
14386,0.001977,74.125.24.0-255,1484,143533,12,248644
14387,0.002001,74.125.24.0-255,2902,146435,12,248644
14388,0.002005,172.31.36.0-255,66,146501,12,248644
14389,0.002024,74.125.24.0-255,2902,149403,12,248644
14390,0.002026,172.31.36.0-255,66,149469,12,248644
14391,0.002058,74.125.24.0-255,2902,152371,12,248644
14392,0.00206,172.31.36.0-255,66,152437,12,248644
14393,0.002085,172.31.36.0-255,66,152503,12,248644
14394,0.002097,172.31.36.0-255,66,152569,12,248644
14395,0.002128,74.125.24.0-255,1484,154053,12,248644
14396,0.002133,74.125.24.0-255,2902,156955,12,248644
14397,0.002135,172.31.36.0-255,66,157021,12,248644
14398,0.002142,74.125.24.0-255,5738,162759,12,248644
14399,0.002144,172.31.36.0-255,66,162825,12,248644
14400,0.002154,74.125.24.0-255,4320,167145,12,248644
14401,0.002156,172.31.36.0-255,66,167211,12,248644
14402,0.002196,172.31.36.0-255,66,167277,12,248644
14403,0.002224,74.125.24.0-255,5738,173015,12,248644
14404,0.002227,172.31.36.0-255,66,173081,12,248644
14405,0.002253,74.125.24.0-255,5020,178101,12,248644
14406,0.002255,172.31.36.0-255,66,178167,12,248644
14407,0.002281,74.125.24.0-255,1484,179651,12,248644
14408,0.002284,74.125.24.0-255,1484,181135,12,248644
14409,0.002286,172.31.36.0-255,66,181201,12,248644
14410,0.002314,74.125.24.0-255,1484,182685,12,248644
14411,0.002321,74.125.24.0-255,5738,188423,12,248644
14412,0.002324,172.31.36.0-255,66,188489,12,248644
14413,0.002332,74.125.24.0-255,7156,195645,12,248644
14414,0.002334,172.31.36.0-255,66,195711,12,248644
14415,0.002368,74.125.24.0-255,5738,201449,12,248644
14416,0.002371,172.31.36.0-255,66,201515,12,248644
14417,0.002382,172.31.36.0-255,66,201581,12,248644
14418,0.002404,74.125.24.0-255,2184,203765,12,248644
14419,0.002408,172.31.36.0-255,66,203831,12,248644
14420,0.00248,74.125.24.0-255,1484,205315,12,248644
14421,0.002495,74.125.24.0-255,2902,208217,12,248644
14422,0.002498,172.31.36.0-255,66,208283,12,248644
14423,0.002505,74.125.24.0-255,5738,214021,12,248644
14424,0.002508,172.31.36.0-255,66,214087,12,248644
14425,0.002553,172.31.36.0-255,66,214153,12,248644
14426,0.002564,172.31.36.0-255,66,214219,12,248644
14427,0.002605,74.125.24.0-255,5738,219957,12,248644
14428,0.002607,172.31.36.0-255,66,220023,12,248644
14429,0.002649,172.31.36.0-255,66,220089,12,248644
14430,0.002653,74.125.24.0-255,2902,222991,12,248644
14431,0.002655,172.31.36.0-255,66,223057,12,248644
14432,0.00266,74.125.24.0-255,2902,225959,12,248644
14433,0.002662,172.31.36.0-255,66,226025,12,248644
14434,0.002694,74.125.24.0-255,1484,227509,12,248644
14435,0.002701,74.125.24.0-255,5020,232529,12,248644
14436,0.002703,172.31.36.0-255,66,232595,12,248644
14437,0.002706,74.125.24.0-255,1484,234079,12,248644
14438,0.002723,172.31.36.0-255,66,234145,12,248644
14439,0.002728,74.125.24.0-255,3203,237348,12,248644
14440,0.002731,172.31.36.0-255,66,237414,12,248644
14441,0.002734,74.125.24.0-255,97,237511,12,248644
14442,0.002771,74.125.24.0-255,105,237616,12,248644
14443,0.012641,172.31.36.0-255,66,237682,12,248644
14444,0.012693,172.31.36.0-255,105,237787,12,248644
14445,0.014424,74.125.24.0-255,105,237892,12,248644
14446,0.014438,172.31.36.0-255,78,237970,12,248644
14447,0.015243,74.125.24.0-255,66,238036,12,248644
14448,0.050371,172.31.36.0-255,172,238208,12,248644
14449,0.050439,172.31.36.0-255,1109,239317,12,248644
14450,0.050529,172.31.36.0-255,1514,240831,12,248644
14451,0.050531,172.31.36.0-255,1514,242345,12,248644
14452,0.050533,172.31.36.0-255,1514,243859,12,248644
14453,0.050534,172.31.36.0-255,1514,245373,12,248644
14454,0.050568,172.31.36.0-255,1514,246887,12,248644
14455,0.05057,172.31.36.0-255,1211,248098,12,248644
14456,0.051926,104.244.42.0-255,66,248164,12,248644
14457,0.051961,104.244.42.0-255,66,248230,12,248644
14458,0.052119,104.244.42.0-255,66,248296,12,248644
14459,0.052124,104.244.42.0-255,66,248362,12,248644
14460,0.052774,104.244.42.0-255,108,248470,12,248644
14461,0.052786,172.31.36.0-255,66,248536,12,248644
14462,0.057001,172.31.36.0-255,108,248644,12,248644
14463,0.0,172.31.36.0-255,105,105,12,276
14464,0.001794,157.240.13.0-255,105,210,12,276
14465,0.001809,172.31.36.0-255,66,276,12,276
14466,0.0,172.217.194.0-255,143,143,12,236028
14467,3.1e-05,172.31.36.0-255,66,209,12,236028
14468,3.8e-05,172.217.194.0-255,1484,1693,12,236028
14469,4.2e-05,172.31.36.0-255,66,1759,12,236028
14470,4.7e-05,172.217.194.0-255,2902,4661,12,236028
14471,4.9e-05,172.31.36.0-255,66,4727,12,236028
14472,7e-05,172.217.194.0-255,2902,7629,12,236028
14473,7.2e-05,172.31.36.0-255,66,7695,12,236028
14474,9.7e-05,172.217.194.0-255,4320,12015,12,236028
14475,0.0001,172.31.36.0-255,66,12081,12,236028
14476,0.000121,172.217.194.0-255,2067,14148,12,236028
14477,0.000124,172.31.36.0-255,66,14214,12,236028
14478,0.000133,172.217.194.0-255,7156,21370,12,236028
14479,0.000135,172.31.36.0-255,66,21436,12,236028
14480,0.000137,172.217.194.0-255,1484,22920,12,236028
14481,0.000139,172.31.36.0-255,66,22986,12,236028
14482,0.000175,172.31.36.0-255,66,23052,12,236028
14483,0.000309,172.217.194.0-255,1484,24536,12,236028
14484,0.000314,172.31.36.0-255,66,24602,12,236028
14485,0.000342,172.217.194.0-255,2902,27504,12,236028
14486,0.000345,172.31.36.0-255,66,27570,12,236028
14487,0.000351,172.217.194.0-255,5738,33308,12,236028
14488,0.000353,172.31.36.0-255,66,33374,12,236028
14489,0.000356,172.217.194.0-255,1484,34858,12,236028
14490,0.000358,172.31.36.0-255,66,34924,12,236028
14491,0.000418,172.31.36.0-255,66,34990,12,236028
14492,0.000429,172.31.36.0-255,66,35056,12,236028
14493,0.00045,172.217.194.0-255,378,35434,12,236028
14494,0.000453,172.31.36.0-255,66,35500,12,236028
14495,0.000471,172.217.194.0-255,98,35598,12,236028
14496,0.00078,172.31.36.0-255,66,35664,12,236028
14497,0.001066,172.217.194.0-255,365,36029,12,236028
14498,0.001251,172.217.194.0-255,1484,37513,12,236028
14499,0.001257,172.31.36.0-255,66,37579,12,236028
14500,0.001264,172.217.194.0-255,2902,40481,12,236028
14501,0.001266,172.31.36.0-255,66,40547,12,236028
14502,0.001269,172.217.194.0-255,1484,42031,12,236028
14503,0.001295,172.217.194.0-255,2902,44933,12,236028
14504,0.001298,172.31.36.0-255,66,44999,12,236028
14505,0.001309,172.31.36.0-255,66,45065,12,236028
14506,0.001323,172.217.194.0-255,2902,47967,12,236028
14507,0.001326,172.31.36.0-255,66,48033,12,236028
14508,0.00136,172.31.36.0-255,66,48099,12,236028
14509,0.001588,172.217.194.0-255,1484,49583,12,236028
14510,0.001595,172.217.194.0-255,2902,52485,12,236028
14511,0.001599,172.31.36.0-255,66,52551,12,236028
14512,0.001606,172.217.194.0-255,5738,58289,12,236028
14513,0.001608,172.31.36.0-255,66,58355,12,236028
14514,0.001638,172.31.36.0-255,66,58421,12,236028
14515,0.001641,172.217.194.0-255,1484,59905,12,236028
14516,0.001678,172.217.194.0-255,4320,64225,12,236028
14517,0.001681,172.31.36.0-255,66,64291,12,236028
14518,0.001698,172.217.194.0-255,5020,69311,12,236028
14519,0.0017,172.31.36.0-255,66,69377,12,236028
14520,0.001705,172.217.194.0-255,5738,75115,12,236028
14521,0.001707,172.31.36.0-255,66,75181,12,236028
14522,0.001739,172.217.194.0-255,4320,79501,12,236028
14523,0.001741,172.31.36.0-255,66,79567,12,236028
14524,0.001754,172.31.36.0-255,66,79633,12,236028
14525,0.001777,172.217.194.0-255,4320,83953,12,236028
14526,0.001779,172.31.36.0-255,66,84019,12,236028
14527,0.001792,172.217.194.0-255,3602,87621,12,236028
14528,0.001795,172.31.36.0-255,66,87687,12,236028
14529,0.001807,172.217.194.0-255,4320,92007,12,236028
14530,0.001809,172.31.36.0-255,66,92073,12,236028
14531,0.001826,172.217.194.0-255,4320,96393,12,236028
14532,0.001829,172.31.36.0-255,66,96459,12,236028
14533,0.001868,172.217.194.0-255,4320,100779,12,236028
14534,0.00187,172.31.36.0-255,66,100845,12,236028
14535,0.00189,172.31.36.0-255,66,100911,12,236028
14536,0.001901,172.31.36.0-255,66,100977,12,236028
14537,0.00207,172.217.194.0-255,1484,102461,12,236028
14538,0.002082,172.217.194.0-255,2902,105363,12,236028
14539,0.002084,172.31.36.0-255,66,105429,12,236028
14540,0.002087,172.217.194.0-255,1484,106913,12,236028
14541,0.002105,172.217.194.0-255,4320,111233,12,236028
14542,0.002108,172.31.36.0-255,66,111299,12,236028
14543,0.002112,172.217.194.0-255,4320,115619,12,236028
14544,0.002114,172.31.36.0-255,66,115685,12,236028
14545,0.002138,172.31.36.0-255,66,115751,12,236028
14546,0.002148,172.31.36.0-255,66,115817,12,236028
14547,0.002271,172.217.194.0-255,1484,117301,12,236028
14548,0.002283,172.217.194.0-255,2902,120203,12,236028
14549,0.002286,172.31.36.0-255,66,120269,12,236028
14550,0.002305,172.217.194.0-255,5738,126007,12,236028
14551,0.002307,172.31.36.0-255,66,126073,12,236028
14552,0.002342,172.31.36.0-255,66,126139,12,236028
14553,0.002352,172.31.36.0-255,66,126205,12,236028
14554,0.002368,172.217.194.0-255,2184,128389,12,236028
14555,0.00237,172.31.36.0-255,66,128455,12,236028
14556,0.002445,172.217.194.0-255,1484,129939,12,236028
14557,0.00246,172.217.194.0-255,2902,132841,12,236028
14558,0.002464,172.31.36.0-255,66,132907,12,236028
14559,0.002469,172.217.194.0-255,4320,137227,12,236028
14560,0.002471,172.31.36.0-255,66,137293,12,236028
14561,0.002483,172.217.194.0-255,1484,138777,12,236028
14562,0.002512,172.31.36.0-255,66,138843,12,236028
14563,0.002546,172.217.194.0-255,2902,141745,12,236028
14564,0.002548,172.31.36.0-255,66,141811,12,236028
14565,0.002576,172.31.36.0-255,66,141877,12,236028
14566,0.002587,172.31.36.0-255,66,141943,12,236028
14567,0.002598,172.31.36.0-255,66,142009,12,236028
14568,0.002616,172.217.194.0-255,5738,147747,12,236028
14569,0.002618,172.31.36.0-255,66,147813,12,236028
14570,0.005174,172.217.194.0-255,4320,152133,12,236028
14571,0.005177,172.31.36.0-255,66,152199,12,236028
14572,0.005194,172.217.194.0-255,1484,153683,12,236028
14573,0.007731,172.217.194.0-255,4320,158003,12,236028
14574,0.007738,172.31.36.0-255,66,158069,12,236028
14575,0.010291,172.217.194.0-255,5738,163807,12,236028
14576,0.010298,172.31.36.0-255,66,163873,12,236028
14577,0.012856,172.217.194.0-255,5738,169611,12,236028
14578,0.012865,172.31.36.0-255,66,169677,12,236028
14579,0.01542,172.217.194.0-255,5738,175415,12,236028
14580,0.015427,172.31.36.0-255,66,175481,12,236028
14581,0.018041,172.217.194.0-255,5738,181219,12,236028
14582,0.01805,172.31.36.0-255,66,181285,12,236028
14583,0.020614,172.217.194.0-255,5738,187023,12,236028
14584,0.020622,172.31.36.0-255,66,187089,12,236028
14585,0.023174,172.217.194.0-255,5738,192827,12,236028
14586,0.023181,172.31.36.0-255,66,192893,12,236028
14587,0.025741,172.217.194.0-255,5738,198631,12,236028
14588,0.025747,172.31.36.0-255,66,198697,12,236028
14589,0.028286,172.217.194.0-255,5738,204435,12,236028
14590,0.028292,172.31.36.0-255,66,204501,12,236028
14591,0.030847,172.217.194.0-255,5738,210239,12,236028
14592,0.030854,172.31.36.0-255,66,210305,12,236028
14593,0.033396,172.217.194.0-255,5738,216043,12,236028
14594,0.033403,172.31.36.0-255,66,216109,12,236028
14595,0.035958,172.217.194.0-255,5738,221847,12,236028
14596,0.035965,172.31.36.0-255,66,221913,12,236028
14597,0.037978,172.31.36.0-255,172,222085,12,236028
14598,0.038006,172.31.36.0-255,1108,223193,12,236028
14599,0.038046,172.31.36.0-255,1514,224707,12,236028
14600,0.038047,172.31.36.0-255,1041,225748,12,236028
14601,0.038517,172.217.194.0-255,5738,231486,12,236028
14602,0.038523,172.31.36.0-255,66,231552,12,236028
14603,0.039545,104.244.42.0-255,66,231618,12,236028
14604,0.039553,104.244.42.0-255,66,231684,12,236028
14605,0.039713,104.244.42.0-255,66,231750,12,236028
14606,0.041071,172.217.194.0-255,4041,235791,12,236028
14607,0.041077,172.31.36.0-255,66,235857,12,236028
14608,0.041269,172.31.36.0-255,105,235962,12,236028
14609,0.043759,172.217.194.0-255,66,236028,12,236028
14610,0.0,74.125.200.0-255,145,145,12,222839
14611,3.2e-05,172.31.36.0-255,66,211,12,222839
14612,3.9e-05,74.125.200.0-255,1484,1695,12,222839
14613,4.4e-05,172.31.36.0-255,66,1761,12,222839
14614,4.9e-05,74.125.200.0-255,2902,4663,12,222839
14615,5.2e-05,172.31.36.0-255,66,4729,12,222839
14616,9.6e-05,74.125.200.0-255,2902,7631,12,222839
14617,9.9e-05,172.31.36.0-255,66,7697,12,222839
14618,0.000114,74.125.200.0-255,1484,9181,12,222839
14619,0.000117,172.31.36.0-255,66,9247,12,222839
14620,0.000123,74.125.200.0-255,4880,14127,12,222839
14621,0.000125,172.31.36.0-255,66,14193,12,222839
14622,0.00015,74.125.200.0-255,1484,15677,12,222839
14623,0.000152,172.31.36.0-255,66,15743,12,222839
14624,0.000157,74.125.200.0-255,2902,18645,12,222839
14625,0.00016,172.31.36.0-255,66,18711,12,222839
14626,0.000182,74.125.200.0-255,5738,24449,12,222839
14627,0.000185,172.31.36.0-255,66,24515,12,222839
14628,0.000188,74.125.200.0-255,1484,25999,12,222839
14629,0.000189,172.31.36.0-255,66,26065,12,222839
14630,0.000235,74.125.200.0-255,2902,28967,12,222839
14631,0.000238,172.31.36.0-255,66,29033,12,222839
14632,0.000257,74.125.200.0-255,2543,31576,12,222839
14633,0.000261,172.31.36.0-255,66,31642,12,222839
14634,0.000378,74.125.200.0-255,1484,33126,12,222839
14635,0.000382,172.31.36.0-255,66,33192,12,222839
14636,0.000386,74.125.200.0-255,1484,34676,12,222839
14637,0.000388,172.31.36.0-255,66,34742,12,222839
14638,0.000393,74.125.200.0-255,2902,37644,12,222839
14639,0.000396,172.31.36.0-255,66,37710,12,222839
14640,0.000438,74.125.200.0-255,4320,42030,12,222839
14641,0.000443,172.31.36.0-255,66,42096,12,222839
14642,0.000459,74.125.200.0-255,1484,43580,12,222839
14643,0.000501,74.125.200.0-255,2902,46482,12,222839
14644,0.000504,172.31.36.0-255,66,46548,12,222839
14645,0.000515,74.125.200.0-255,2543,49091,12,222839
14646,0.000518,172.31.36.0-255,66,49157,12,222839
14647,0.000641,74.125.200.0-255,1484,50641,12,222839
14648,0.000659,74.125.200.0-255,2902,53543,12,222839
14649,0.000663,172.31.36.0-255,66,53609,12,222839
14650,0.000689,74.125.200.0-255,5738,59347,12,222839
14651,0.000691,172.31.36.0-255,66,59413,12,222839
14652,0.000695,74.125.200.0-255,2902,62315,12,222839
14653,0.000697,172.31.36.0-255,66,62381,12,222839
14654,0.000736,74.125.200.0-255,3961,66342,12,222839
14655,0.000741,172.31.36.0-255,66,66408,12,222839
14656,0.000769,74.125.200.0-255,645,67053,12,222839
14657,0.00082,172.31.36.0-255,66,67119,12,222839
14658,0.001665,74.125.200.0-255,1484,68603,12,222839
14659,0.001676,74.125.200.0-255,2902,71505,12,222839
14660,0.00168,172.31.36.0-255,66,71571,12,222839
14661,0.001704,74.125.200.0-255,5738,77309,12,222839
14662,0.001706,172.31.36.0-255,66,77375,12,222839
14663,0.001711,74.125.200.0-255,4320,81695,12,222839
14664,0.001713,172.31.36.0-255,66,81761,12,222839
14665,0.001717,74.125.200.0-255,2902,84663,12,222839
14666,0.001719,172.31.36.0-255,66,84729,12,222839
14667,0.001736,74.125.200.0-255,2902,87631,12,222839
14668,0.001738,172.31.36.0-255,66,87697,12,222839
14669,0.001741,74.125.200.0-255,1484,89181,12,222839
14670,0.001771,172.31.36.0-255,66,89247,12,222839
14671,0.001774,74.125.200.0-255,2184,91431,12,222839
14672,0.001776,172.31.36.0-255,66,91497,12,222839
14673,0.004346,74.125.200.0-255,2902,94399,12,222839
14674,0.004349,172.31.36.0-255,66,94465,12,222839
14675,0.004368,74.125.200.0-255,2902,97367,12,222839
14676,0.004369,172.31.36.0-255,66,97433,12,222839
14677,0.006912,74.125.200.0-255,2902,100335,12,222839
14678,0.006918,172.31.36.0-255,66,100401,12,222839
14679,0.00694,74.125.200.0-255,2902,103303,12,222839
14680,0.006943,172.31.36.0-255,66,103369,12,222839
14681,0.009478,74.125.200.0-255,2902,106271,12,222839
14682,0.009486,172.31.36.0-255,66,106337,12,222839
14683,0.009508,74.125.200.0-255,2902,109239,12,222839
14684,0.009512,172.31.36.0-255,66,109305,12,222839
14685,0.012048,74.125.200.0-255,2902,112207,12,222839
14686,0.012055,172.31.36.0-255,66,112273,12,222839
14687,0.012087,74.125.200.0-255,2902,115175,12,222839
14688,0.012091,172.31.36.0-255,66,115241,12,222839
14689,0.014626,74.125.200.0-255,2902,118143,12,222839
14690,0.014636,172.31.36.0-255,66,118209,12,222839
14691,0.014669,74.125.200.0-255,2902,121111,12,222839
14692,0.014672,172.31.36.0-255,66,121177,12,222839
14693,0.017218,74.125.200.0-255,4320,125497,12,222839
14694,0.017224,172.31.36.0-255,66,125563,12,222839
14695,0.017259,74.125.200.0-255,1484,127047,12,222839
14696,0.019788,74.125.200.0-255,4320,131367,12,222839
14697,0.019795,172.31.36.0-255,66,131433,12,222839
14698,0.022366,74.125.200.0-255,5738,137171,12,222839
14699,0.022374,172.31.36.0-255,66,137237,12,222839
14700,0.024938,74.125.200.0-255,5738,142975,12,222839
14701,0.024945,172.31.36.0-255,66,143041,12,222839
14702,0.027524,74.125.200.0-255,5738,148779,12,222839
14703,0.027533,172.31.36.0-255,66,148845,12,222839
14704,0.030098,74.125.200.0-255,5738,154583,12,222839
14705,0.030106,172.31.36.0-255,66,154649,12,222839
14706,0.032561,172.31.36.0-255,172,154821,12,222839
14707,0.032591,172.31.36.0-255,1109,155930,12,222839
14708,0.032632,172.31.36.0-255,1140,157070,12,222839
14709,0.032663,74.125.200.0-255,1484,158554,12,222839
14710,0.032684,74.125.200.0-255,4320,162874,12,222839
14711,0.032687,172.31.36.0-255,66,162940,12,222839
14712,0.034108,104.244.42.0-255,66,163006,12,222839
14713,0.034147,104.244.42.0-255,66,163072,12,222839
14714,0.034203,104.244.42.0-255,66,163138,12,222839
14715,0.034807,104.244.42.0-255,108,163246,12,222839
14716,0.034813,172.31.36.0-255,66,163312,12,222839
14717,0.03524,74.125.200.0-255,2902,166214,12,222839
14718,0.035244,172.31.36.0-255,66,166280,12,222839
14719,0.035271,74.125.200.0-255,2902,169182,12,222839
14720,0.035274,172.31.36.0-255,66,169248,12,222839
14721,0.037794,74.125.200.0-255,2902,172150,12,222839
14722,0.0378,172.31.36.0-255,66,172216,12,222839
14723,0.037826,74.125.200.0-255,2902,175118,12,222839
14724,0.037829,172.31.36.0-255,66,175184,12,222839
14725,0.040365,74.125.200.0-255,2902,178086,12,222839
14726,0.04037,172.31.36.0-255,66,178152,12,222839
14727,0.040402,74.125.200.0-255,2902,181054,12,222839
14728,0.040405,172.31.36.0-255,66,181120,12,222839
14729,0.040497,172.31.36.0-255,101,181221,12,222839
14730,0.042933,74.125.200.0-255,2902,184123,12,222839
14731,0.042938,172.31.36.0-255,66,184189,12,222839
14732,0.042967,74.125.200.0-255,2902,187091,12,222839
14733,0.042969,172.31.36.0-255,66,187157,12,222839
14734,0.043014,74.125.200.0-255,66,187223,12,222839
14735,0.045494,74.125.200.0-255,2902,190125,12,222839
14736,0.0455,172.31.36.0-255,66,190191,12,222839
14737,0.045532,74.125.200.0-255,2902,193093,12,222839
14738,0.045535,172.31.36.0-255,66,193159,12,222839
14739,0.04806,74.125.200.0-255,2902,196061,12,222839
14740,0.048065,172.31.36.0-255,66,196127,12,222839
14741,0.048095,74.125.200.0-255,2902,199029,12,222839
14742,0.048098,172.31.36.0-255,66,199095,12,222839
14743,0.050621,74.125.200.0-255,2902,201997,12,222839
14744,0.050626,172.31.36.0-255,66,202063,12,222839
14745,0.050657,74.125.200.0-255,2902,204965,12,222839
14746,0.05066,172.31.36.0-255,66,205031,12,222839
14747,0.05318,74.125.200.0-255,2902,207933,12,222839
14748,0.053185,172.31.36.0-255,66,207999,12,222839
14749,0.053234,74.125.200.0-255,2902,210901,12,222839
14750,0.053238,172.31.36.0-255,66,210967,12,222839
14751,0.055739,74.125.200.0-255,2902,213869,12,222839
14752,0.055745,172.31.36.0-255,66,213935,12,222839
14753,0.055788,74.125.200.0-255,2902,216837,12,222839
14754,0.055791,172.31.36.0-255,66,216903,12,222839
14755,0.058295,74.125.200.0-255,2902,219805,12,222839
14756,0.0583,172.31.36.0-255,66,219871,12,222839
14757,0.05834,74.125.200.0-255,2902,222773,12,222839
14758,0.058344,172.31.36.0-255,66,222839,12,222839
14759,0.0,172.253.118.0-255,153,153,12,303316
14760,2.2e-05,172.31.36.0-255,66,219,12,303316
14761,3e-05,172.253.118.0-255,1484,1703,12,303316
14762,3.4e-05,172.31.36.0-255,66,1769,12,303316
14763,4e-05,172.253.118.0-255,2902,4671,12,303316
14764,5.3e-05,172.31.36.0-255,66,4737,12,303316
14765,6.2e-05,172.253.118.0-255,7156,11893,12,303316
14766,6.6e-05,172.31.36.0-255,66,11959,12,303316
14767,7e-05,172.253.118.0-255,2068,14027,12,303316
14768,7.3e-05,172.31.36.0-255,66,14093,12,303316
14769,0.000121,172.253.118.0-255,2902,16995,12,303316
14770,0.000124,172.31.36.0-255,66,17061,12,303316
14771,0.00013,172.253.118.0-255,4320,21381,12,303316
14772,0.000133,172.31.36.0-255,66,21447,12,303316
14773,0.000149,172.31.36.0-255,66,21513,12,303316
14774,0.000152,172.253.118.0-255,1125,22638,12,303316
14775,0.000154,172.31.36.0-255,66,22704,12,303316
14776,0.000271,172.253.118.0-255,1484,24188,12,303316
14777,0.000275,172.31.36.0-255,66,24254,12,303316
14778,0.000281,172.253.118.0-255,2902,27156,12,303316
14779,0.000283,172.31.36.0-255,66,27222,12,303316
14780,0.000324,172.253.118.0-255,5738,32960,12,303316
14781,0.000327,172.31.36.0-255,66,33026,12,303316
14782,0.000335,172.253.118.0-255,6797,39823,12,303316
14783,0.000337,172.31.36.0-255,66,39889,12,303316
14784,0.000452,172.253.118.0-255,1484,41373,12,303316
14785,0.000456,172.31.36.0-255,66,41439,12,303316
14786,0.000463,172.253.118.0-255,2902,44341,12,303316
14787,0.000465,172.31.36.0-255,66,44407,12,303316
14788,0.000513,172.253.118.0-255,5738,50145,12,303316
14789,0.000516,172.31.36.0-255,66,50211,12,303316
14790,0.000523,172.253.118.0-255,6797,57008,12,303316
14791,0.000566,172.253.118.0-255,648,57656,12,303316
14792,0.000609,172.31.36.0-255,66,57722,12,303316
14793,0.001064,172.253.118.0-255,1484,59206,12,303316
14794,0.001071,172.253.118.0-255,2902,62108,12,303316
14795,0.001074,172.31.36.0-255,66,62174,12,303316
14796,0.001081,172.253.118.0-255,5738,67912,12,303316
14797,0.001084,172.31.36.0-255,66,67978,12,303316
14798,0.001119,172.31.36.0-255,66,68044,12,303316
14799,0.001126,172.253.118.0-255,7156,75200,12,303316
14800,0.001128,172.31.36.0-255,66,75266,12,303316
14801,0.001172,172.253.118.0-255,3602,78868,12,303316
14802,0.001175,172.31.36.0-255,66,78934,12,303316
14803,0.001498,172.253.118.0-255,1484,80418,12,303316
14804,0.001505,172.253.118.0-255,2902,83320,12,303316
14805,0.001508,172.31.36.0-255,66,83386,12,303316
14806,0.001512,172.253.118.0-255,1484,84870,12,303316
14807,0.001541,172.253.118.0-255,4320,89190,12,303316
14808,0.001543,172.31.36.0-255,66,89256,12,303316
14809,0.001555,172.31.36.0-255,66,89322,12,303316
14810,0.001586,172.253.118.0-255,5738,95060,12,303316
14811,0.001588,172.31.36.0-255,66,95126,12,303316
14812,0.001615,172.31.36.0-255,66,95192,12,303316
14813,0.001694,172.253.118.0-255,1484,96676,12,303316
14814,0.001712,172.253.118.0-255,2902,99578,12,303316
14815,0.001715,172.31.36.0-255,66,99644,12,303316
14816,0.001722,172.253.118.0-255,5738,105382,12,303316
14817,0.001725,172.31.36.0-255,66,105448,12,303316
14818,0.001736,172.253.118.0-255,4320,109768,12,303316
14819,0.001738,172.31.36.0-255,66,109834,12,303316
14820,0.001744,172.253.118.0-255,5738,115572,12,303316
14821,0.001779,172.253.118.0-255,2184,117756,12,303316
14822,0.001938,172.253.118.0-255,1484,119240,12,303316
14823,0.001945,172.253.118.0-255,2902,122142,12,303316
14824,0.001968,172.253.118.0-255,5738,127880,12,303316
14825,0.002006,172.253.118.0-255,1484,129364,12,303316
14826,0.002057,172.253.118.0-255,1484,130848,12,303316
14827,0.002061,172.253.118.0-255,1484,132332,12,303316
14828,0.002071,172.253.118.0-255,1484,133816,12,303316
14829,0.002077,172.253.118.0-255,5738,139554,12,303316
14830,0.002104,172.253.118.0-255,5738,145292,12,303316
14831,0.002124,172.253.118.0-255,7156,152448,12,303316
14832,0.002127,172.253.118.0-255,1484,153932,12,303316
14833,0.002202,172.253.118.0-255,1484,155416,12,303316
14834,0.002207,172.253.118.0-255,2902,158318,12,303316
14835,0.002235,172.253.118.0-255,5738,164056,12,303316
14836,0.002241,172.253.118.0-255,4320,168376,12,303316
14837,0.00661,172.31.36.0-255,66,168442,12,303316
14838,0.008924,172.253.118.0-255,5738,174180,12,303316
14839,0.008932,172.31.36.0-255,66,174246,12,303316
14840,0.011234,172.253.118.0-255,5738,179984,12,303316
14841,0.011241,172.31.36.0-255,66,180050,12,303316
14842,0.013541,172.253.118.0-255,5738,185788,12,303316
14843,0.01355,172.31.36.0-255,66,185854,12,303316
14844,0.015841,172.253.118.0-255,5738,191592,12,303316
14845,0.01585,172.31.36.0-255,66,191658,12,303316
14846,0.018129,172.253.118.0-255,5738,197396,12,303316
14847,0.018138,172.31.36.0-255,66,197462,12,303316
14848,0.020438,172.253.118.0-255,5738,203200,12,303316
14849,0.020447,172.31.36.0-255,66,203266,12,303316
14850,0.022766,172.253.118.0-255,5738,209004,12,303316
14851,0.022774,172.31.36.0-255,66,209070,12,303316
14852,0.025075,172.253.118.0-255,5738,214808,12,303316
14853,0.025083,172.31.36.0-255,66,214874,12,303316
14854,0.027382,172.253.118.0-255,5738,220612,12,303316
14855,0.02739,172.31.36.0-255,66,220678,12,303316
14856,0.02972,172.253.118.0-255,5738,226416,12,303316
14857,0.029728,172.31.36.0-255,66,226482,12,303316
14858,0.032025,172.253.118.0-255,5738,232220,12,303316
14859,0.032034,172.31.36.0-255,66,232286,12,303316
14860,0.034333,172.253.118.0-255,5738,238024,12,303316
14861,0.03434,172.31.36.0-255,66,238090,12,303316
14862,0.034755,172.31.36.0-255,172,238262,12,303316
14863,0.034786,172.31.36.0-255,1078,239340,12,303316
14864,0.036324,104.244.42.0-255,66,239406,12,303316
14865,0.036362,104.244.42.0-255,66,239472,12,303316
14866,0.036637,172.253.118.0-255,5738,245210,12,303316
14867,0.036644,172.31.36.0-255,66,245276,12,303316
14868,0.038976,172.253.118.0-255,5738,251014,12,303316
14869,0.038982,172.31.36.0-255,66,251080,12,303316
14870,0.041289,172.253.118.0-255,5738,256818,12,303316
14871,0.041296,172.31.36.0-255,66,256884,12,303316
14872,0.043593,172.253.118.0-255,5738,262622,12,303316
14873,0.043603,172.31.36.0-255,66,262688,12,303316
14874,0.045892,172.253.118.0-255,5738,268426,12,303316
14875,0.045898,172.31.36.0-255,66,268492,12,303316
14876,0.048205,172.253.118.0-255,5738,274230,12,303316
14877,0.048212,172.31.36.0-255,66,274296,12,303316
14878,0.050523,172.253.118.0-255,5738,280034,12,303316
14879,0.05053,172.31.36.0-255,66,280100,12,303316
14880,0.052838,172.253.118.0-255,5738,285838,12,303316
14881,0.052844,172.31.36.0-255,66,285904,12,303316
14882,0.055153,172.253.118.0-255,5738,291642,12,303316
14883,0.05516,172.31.36.0-255,66,291708,12,303316
14884,0.057461,172.253.118.0-255,5738,297446,12,303316
14885,0.057468,172.31.36.0-255,66,297512,12,303316
14886,0.059789,172.253.118.0-255,5738,303250,12,303316
14887,0.059796,172.31.36.0-255,66,303316,12,303316
14888,0.0,172.217.194.0-255,143,143,12,173975
14889,1.5e-05,172.31.36.0-255,66,209,12,173975
14890,2.2e-05,172.217.194.0-255,1484,1693,12,173975
14891,2.7e-05,172.31.36.0-255,66,1759,12,173975
14892,4.4e-05,172.217.194.0-255,2902,4661,12,173975
14893,4.9e-05,172.31.36.0-255,66,4727,12,173975
14894,5.7e-05,172.217.194.0-255,7156,11883,12,173975
14895,6e-05,172.31.36.0-255,66,11949,12,173975
14896,7.9e-05,172.217.194.0-255,5738,17687,12,173975
14897,8.2e-05,172.31.36.0-255,66,17753,12,173975
14898,0.000125,172.31.36.0-255,66,17819,12,173975
14899,0.00013,172.217.194.0-255,2543,20362,12,173975
14900,0.000132,172.31.36.0-255,66,20428,12,173975
14901,0.000189,172.217.194.0-255,1484,21912,12,173975
14902,0.000192,172.31.36.0-255,66,21978,12,173975
14903,0.000197,172.217.194.0-255,2902,24880,12,173975
14904,0.0002,172.31.36.0-255,66,24946,12,173975
14905,0.000211,172.217.194.0-255,5738,30684,12,173975
14906,0.000213,172.31.36.0-255,66,30750,12,173975
14907,0.000221,172.217.194.0-255,6797,37547,12,173975
14908,0.000223,172.31.36.0-255,66,37613,12,173975
14909,0.000271,172.31.36.0-255,66,37679,12,173975
14910,0.000274,172.217.194.0-255,1484,39163,12,173975
14911,0.000276,172.31.36.0-255,66,39229,12,173975
14912,0.000281,172.217.194.0-255,2794,42023,12,173975
14913,0.000288,172.31.36.0-255,66,42089,12,173975
14914,0.000306,172.217.194.0-255,437,42526,12,173975
14915,0.00031,172.31.36.0-255,66,42592,12,173975
14916,0.000463,172.217.194.0-255,1484,44076,12,173975
14917,0.00047,172.31.36.0-255,66,44142,12,173975
14918,0.000475,172.217.194.0-255,2902,47044,12,173975
14919,0.000478,172.31.36.0-255,66,47110,12,173975
14920,0.000484,172.217.194.0-255,5738,52848,12,173975
14921,0.000493,172.31.36.0-255,66,52914,12,173975
14922,0.0005,172.217.194.0-255,6797,59711,12,173975
14923,0.000503,172.31.36.0-255,66,59777,12,173975
14924,0.000545,172.31.36.0-255,66,59843,12,173975
14925,0.00055,172.217.194.0-255,2543,62386,12,173975
14926,0.000552,172.31.36.0-255,66,62452,12,173975
14927,0.000888,172.217.194.0-255,1484,63936,12,173975
14928,0.000894,172.217.194.0-255,1484,65420,12,173975
14929,0.000898,172.31.36.0-255,66,65486,12,173975
14930,0.00092,172.217.194.0-255,1484,66970,12,173975
14931,0.000928,172.217.194.0-255,5738,72708,12,173975
14932,0.00093,172.31.36.0-255,66,72774,12,173975
14933,0.000941,172.31.36.0-255,66,72840,12,173975
14934,0.000976,172.217.194.0-255,4320,77160,12,173975
14935,0.000979,172.31.36.0-255,66,77226,12,173975
14936,0.000996,172.31.36.0-255,66,77292,12,173975
14937,0.001036,172.217.194.0-255,1484,78776,12,173975
14938,0.001041,172.217.194.0-255,2902,81678,12,173975
14939,0.001044,172.31.36.0-255,66,81744,12,173975
14940,0.001047,172.217.194.0-255,1484,83228,12,173975
14941,0.001077,172.217.194.0-255,4320,87548,12,173975
14942,0.001081,172.31.36.0-255,66,87614,12,173975
14943,0.001099,172.31.36.0-255,66,87680,12,173975
14944,0.001135,172.31.36.0-255,66,87746,12,173975
14945,0.001175,172.217.194.0-255,1484,89230,12,173975
14946,0.001189,172.217.194.0-255,2902,92132,12,173975
14947,0.001192,172.31.36.0-255,66,92198,12,173975
14948,0.001199,172.217.194.0-255,5738,97936,12,173975
14949,0.001201,172.31.36.0-255,66,98002,12,173975
14950,0.001204,172.217.194.0-255,1484,99486,12,173975
14951,0.001245,172.31.36.0-255,66,99552,12,173975
14952,0.001256,172.31.36.0-255,66,99618,12,173975
14953,0.001265,172.217.194.0-255,766,100384,12,173975
14954,0.001336,172.217.194.0-255,1484,101868,12,173975
14955,0.001342,172.217.194.0-255,4320,106188,12,173975
14956,0.00137,172.31.36.0-255,66,106254,12,173975
14957,0.001379,172.31.36.0-255,66,106320,12,173975
14958,0.001382,172.31.36.0-255,66,106386,12,173975
14959,0.001387,172.217.194.0-255,1484,107870,12,173975
14960,0.001396,172.217.194.0-255,1484,109354,12,173975
14961,0.001401,172.31.36.0-255,66,109420,12,173975
14962,0.001403,172.31.36.0-255,66,109486,12,173975
14963,0.001435,172.217.194.0-255,1484,110970,12,173975
14964,0.001443,172.217.194.0-255,5738,116708,12,173975
14965,0.001445,172.31.36.0-255,66,116774,12,173975
14966,0.001469,172.31.36.0-255,66,116840,12,173975
14967,0.001474,172.217.194.0-255,2902,119742,12,173975
14968,0.001477,172.31.36.0-255,66,119808,12,173975
14969,0.00151,172.31.36.0-255,66,119874,12,173975
14970,0.001515,172.217.194.0-255,4320,124194,12,173975
14971,0.001517,172.31.36.0-255,66,124260,12,173975
14972,0.001568,172.217.194.0-255,7156,131416,12,173975
14973,0.001572,172.31.36.0-255,66,131482,12,173975
14974,0.001593,172.31.36.0-255,66,131548,12,173975
14975,0.001599,172.217.194.0-255,5020,136568,12,173975
14976,0.001601,172.31.36.0-255,66,136634,12,173975
14977,0.001608,172.217.194.0-255,5738,142372,12,173975
14978,0.00161,172.31.36.0-255,66,142438,12,173975
14979,0.001615,172.217.194.0-255,2902,145340,12,173975
14980,0.001617,172.31.36.0-255,66,145406,12,173975
14981,0.001668,172.31.36.0-255,66,145472,12,173975
14982,0.001678,172.31.36.0-255,66,145538,12,173975
14983,0.001688,172.217.194.0-255,4320,149858,12,173975
14984,0.00169,172.31.36.0-255,66,149924,12,173975
14985,0.001721,172.217.194.0-255,2184,152108,12,173975
14986,0.001725,172.31.36.0-255,66,152174,12,173975
14987,0.001732,172.217.194.0-255,7156,159330,12,173975
14988,0.001735,172.31.36.0-255,66,159396,12,173975
14989,0.001745,172.217.194.0-255,4320,163716,12,173975
14990,0.001747,172.31.36.0-255,66,163782,12,173975
14991,0.001753,172.217.194.0-255,4320,168102,12,173975
14992,0.001755,172.31.36.0-255,66,168168,12,173975
14993,0.001799,172.31.36.0-255,66,168234,12,173975
14994,0.00181,172.31.36.0-255,66,168300,12,173975
14995,0.001822,172.31.36.0-255,66,168366,12,173975
14996,0.001868,172.31.36.0-255,66,168432,12,173975
14997,0.001938,172.31.36.0-255,66,168498,12,173975
14998,0.001943,172.217.194.0-255,3872,172370,12,173975
14999,0.001945,172.31.36.0-255,66,172436,12,173975
15000,0.001948,172.217.194.0-255,97,172533,12,173975
15001,0.001996,172.217.194.0-255,105,172638,12,173975
15002,0.010263,172.31.36.0-255,66,172704,12,173975
15003,0.010304,172.31.36.0-255,105,172809,12,173975
15004,0.012649,172.217.194.0-255,105,172914,12,173975
15005,0.01266,172.31.36.0-255,78,172992,12,173975
15006,0.012889,172.217.194.0-255,66,173058,12,173975
15007,0.026897,172.31.36.0-255,172,173230,12,173975
15008,0.02693,172.31.36.0-255,613,173843,12,173975
15009,0.028425,104.244.42.0-255,66,173909,12,173975
15010,0.028504,104.244.42.0-255,66,173975,12,173975
15011,0.0,172.217.194.0-255,146,146,12,271322
15012,1.4e-05,172.31.36.0-255,66,212,12,271322
15013,2.2e-05,172.217.194.0-255,1484,1696,12,271322
15014,2.6e-05,172.31.36.0-255,66,1762,12,271322
15015,3.2e-05,172.217.194.0-255,2902,4664,12,271322
15016,3.6e-05,172.31.36.0-255,66,4730,12,271322
15017,4.4e-05,172.217.194.0-255,7156,11886,12,271322
15018,4.7e-05,172.31.36.0-255,66,11952,12,271322
15019,5e-05,172.217.194.0-255,1484,13436,12,271322
15020,5.3e-05,172.31.36.0-255,66,13502,12,271322
15021,7.9e-05,172.217.194.0-255,4912,18414,12,271322
15022,8.2e-05,172.31.36.0-255,66,18480,12,271322
15023,9.9e-05,172.217.194.0-255,7156,25636,12,271322
15024,0.000101,172.31.36.0-255,66,25702,12,271322
15025,0.000124,172.217.194.0-255,2902,28604,12,271322
15026,0.000126,172.31.36.0-255,66,28670,12,271322
15027,0.000146,172.217.194.0-255,2543,31213,12,271322
15028,0.000148,172.31.36.0-255,66,31279,12,271322
15029,0.000177,172.217.194.0-255,1484,32763,12,271322
15030,0.00018,172.31.36.0-255,66,32829,12,271322
15031,0.000185,172.217.194.0-255,2902,35731,12,271322
15032,0.000187,172.31.36.0-255,66,35797,12,271322
15033,0.000212,172.217.194.0-255,5738,41535,12,271322
15034,0.000216,172.31.36.0-255,66,41601,12,271322
15035,0.000223,172.217.194.0-255,6797,48398,12,271322
15036,0.000226,172.31.36.0-255,66,48464,12,271322
15037,0.00027,172.217.194.0-255,1484,49948,12,271322
15038,0.000273,172.31.36.0-255,66,50014,12,271322
15039,0.000278,172.217.194.0-255,2902,52916,12,271322
15040,0.000279,172.31.36.0-255,66,52982,12,271322
15041,0.0003,172.217.194.0-255,5738,58720,12,271322
15042,0.000303,172.31.36.0-255,66,58786,12,271322
15043,0.000323,172.217.194.0-255,7073,65859,12,271322
15044,0.000326,172.31.36.0-255,66,65925,12,271322
15045,0.000351,172.217.194.0-255,401,66326,12,271322
15046,0.000897,172.217.194.0-255,1484,67810,12,271322
15047,0.000903,172.31.36.0-255,66,67876,12,271322
15048,0.00091,172.217.194.0-255,2902,70778,12,271322
15049,0.000912,172.31.36.0-255,66,70844,12,271322
15050,0.000919,172.217.194.0-255,5738,76582,12,271322
15051,0.000921,172.31.36.0-255,66,76648,12,271322
15052,0.000927,172.217.194.0-255,5738,82386,12,271322
15053,0.00093,172.31.36.0-255,66,82452,12,271322
15054,0.000946,172.217.194.0-255,5738,88190,12,271322
15055,0.000949,172.31.36.0-255,66,88256,12,271322
15056,0.000968,172.217.194.0-255,7156,95412,12,271322
15057,0.000971,172.31.36.0-255,66,95478,12,271322
15058,0.000991,172.217.194.0-255,5020,100498,12,271322
15059,0.000994,172.31.36.0-255,66,100564,12,271322
15060,0.001159,172.217.194.0-255,1484,102048,12,271322
15061,0.001165,172.217.194.0-255,2902,104950,12,271322
15062,0.001168,172.31.36.0-255,66,105016,12,271322
15063,0.001192,172.217.194.0-255,5738,110754,12,271322
15064,0.001194,172.31.36.0-255,66,110820,12,271322
15065,0.001201,172.217.194.0-255,4320,115140,12,271322
15066,0.001203,172.31.36.0-255,66,115206,12,271322
15067,0.001225,172.31.36.0-255,66,115272,12,271322
15068,0.001231,172.217.194.0-255,5738,121010,12,271322
15069,0.001233,172.31.36.0-255,66,121076,12,271322
15070,0.001254,172.217.194.0-255,5020,126096,12,271322
15071,0.001257,172.31.36.0-255,66,126162,12,271322
15072,0.00128,172.217.194.0-255,4320,130482,12,271322
15073,0.001283,172.31.36.0-255,66,130548,12,271322
15074,0.001289,172.217.194.0-255,4320,134868,12,271322
15075,0.001291,172.31.36.0-255,66,134934,12,271322
15076,0.001309,172.217.194.0-255,1484,136418,12,271322
15077,0.001322,172.31.36.0-255,66,136484,12,271322
15078,0.001338,172.217.194.0-255,1484,137968,12,271322
15079,0.001344,172.217.194.0-255,4320,142288,12,271322
15080,0.001346,172.31.36.0-255,66,142354,12,271322
15081,0.001389,172.31.36.0-255,66,142420,12,271322
15082,0.001426,172.217.194.0-255,5738,148158,12,271322
15083,0.001429,172.31.36.0-255,66,148224,12,271322
15084,0.001445,172.217.194.0-255,2902,151126,12,271322
15085,0.001447,172.31.36.0-255,66,151192,12,271322
15086,0.001454,172.217.194.0-255,7156,158348,12,271322
15087,0.001456,172.31.36.0-255,66,158414,12,271322
15088,0.001464,172.217.194.0-255,7156,165570,12,271322
15089,0.001466,172.31.36.0-255,66,165636,12,271322
15090,0.001489,172.31.36.0-255,66,165702,12,271322
15091,0.001492,172.217.194.0-255,766,166468,12,271322
15092,0.001524,172.217.194.0-255,1484,167952,12,271322
15093,0.001527,172.31.36.0-255,66,168018,12,271322
15094,0.00153,172.217.194.0-255,1484,169502,12,271322
15095,0.001549,172.217.194.0-255,4320,173822,12,271322
15096,0.001553,172.31.36.0-255,66,173888,12,271322
15097,0.001582,172.31.36.0-255,66,173954,12,271322
15098,0.001586,172.217.194.0-255,2902,176856,12,271322
15099,0.001588,172.31.36.0-255,66,176922,12,271322
15100,0.001619,172.31.36.0-255,66,176988,12,271322
15101,0.001693,172.31.36.0-255,66,177054,12,271322
15102,0.001715,172.31.36.0-255,66,177120,12,271322
15103,0.001717,172.217.194.0-255,766,177886,12,271322
15104,0.001768,172.31.36.0-255,66,177952,12,271322
15105,0.001773,172.217.194.0-255,4320,182272,12,271322
15106,0.001776,172.31.36.0-255,66,182338,12,271322
15107,0.001807,172.31.36.0-255,66,182404,12,271322
15108,0.00183,172.217.194.0-255,7156,189560,12,271322
15109,0.001833,172.31.36.0-255,66,189626,12,271322
15110,0.001838,172.217.194.0-255,2902,192528,12,271322
15111,0.00184,172.31.36.0-255,66,192594,12,271322
15112,0.001857,172.217.194.0-255,5738,198332,12,271322
15113,0.001861,172.31.36.0-255,66,198398,12,271322
15114,0.001866,172.217.194.0-255,5738,204136,12,271322
15115,0.001868,172.31.36.0-255,66,204202,12,271322
15116,0.001904,172.31.36.0-255,66,204268,12,271322
15117,0.001906,172.217.194.0-255,766,205034,12,271322
15118,0.001948,172.217.194.0-255,1484,206518,12,271322
15119,0.001951,172.31.36.0-255,66,206584,12,271322
15120,0.001956,172.217.194.0-255,2902,209486,12,271322
15121,0.001958,172.31.36.0-255,66,209552,12,271322
15122,0.001976,172.217.194.0-255,5738,215290,12,271322
15123,0.001979,172.31.36.0-255,66,215356,12,271322
15124,0.001982,172.217.194.0-255,1484,216840,12,271322
15125,0.002009,172.217.194.0-255,4320,221160,12,271322
15126,0.002014,172.31.36.0-255,66,221226,12,271322
15127,0.002017,172.31.36.0-255,66,221292,12,271322
15128,0.002032,172.217.194.0-255,5738,227030,12,271322
15129,0.002035,172.31.36.0-255,66,227096,12,271322
15130,0.002038,172.217.194.0-255,766,227862,12,271322
15131,0.002074,172.217.194.0-255,1484,229346,12,271322
15132,0.002077,172.31.36.0-255,66,229412,12,271322
15133,0.002084,172.217.194.0-255,4320,233732,12,271322
15134,0.002086,172.31.36.0-255,66,233798,12,271322
15135,0.002113,172.217.194.0-255,2902,236700,12,271322
15136,0.002116,172.31.36.0-255,66,236766,12,271322
15137,0.002142,172.217.194.0-255,7156,243922,12,271322
15138,0.002145,172.31.36.0-255,66,243988,12,271322
15139,0.002158,172.31.36.0-255,66,244054,12,271322
15140,0.002165,172.217.194.0-255,6438,250492,12,271322
15141,0.002168,172.31.36.0-255,66,250558,12,271322
15142,0.002173,172.217.194.0-255,4320,254878,12,271322
15143,0.002175,172.31.36.0-255,66,254944,12,271322
15144,0.002196,172.217.194.0-255,2902,257846,12,271322
15145,0.002199,172.31.36.0-255,66,257912,12,271322
15146,0.002203,172.217.194.0-255,2902,260814,12,271322
15147,0.002205,172.31.36.0-255,66,260880,12,271322
15148,0.00223,172.217.194.0-255,1501,262381,12,271322
15149,0.002233,172.31.36.0-255,66,262447,12,271322
15150,0.004377,172.217.194.0-255,105,262552,12,271322
15151,0.009015,172.31.36.0-255,66,262618,12,271322
15152,0.009055,172.31.36.0-255,105,262723,12,271322
15153,0.011224,172.217.194.0-255,66,262789,12,271322
15154,0.036859,172.31.36.0-255,172,262961,12,271322
15155,0.036897,172.31.36.0-255,1109,264070,12,271322
15156,0.036979,172.31.36.0-255,1514,265584,12,271322
15157,0.036981,172.31.36.0-255,1514,267098,12,271322
15158,0.036982,172.31.36.0-255,1514,268612,12,271322
15159,0.036983,172.31.36.0-255,1514,270126,12,271322
15160,0.037011,172.31.36.0-255,758,270884,12,271322
15161,0.038401,104.244.42.0-255,66,270950,12,271322
15162,0.038446,104.244.42.0-255,66,271016,12,271322
15163,0.038545,104.244.42.0-255,66,271082,12,271322
15164,0.038549,104.244.42.0-255,66,271148,12,271322
15165,0.039238,104.244.42.0-255,108,271256,12,271322
15166,0.039247,172.31.36.0-255,66,271322,12,271322
15167,0.0,172.217.194.0-255,155,155,12,212341
15168,3.7e-05,172.31.36.0-255,66,221,12,212341
15169,4.5e-05,172.217.194.0-255,1484,1705,12,212341
15170,5e-05,172.31.36.0-255,66,1771,12,212341
15171,6.4e-05,172.217.194.0-255,2902,4673,12,212341
15172,6.8e-05,172.31.36.0-255,66,4739,12,212341
15173,9.5e-05,172.217.194.0-255,5738,10477,12,212341
15174,9.8e-05,172.31.36.0-255,66,10543,12,212341
15175,0.000243,172.217.194.0-255,3457,14000,12,212341
15176,0.000248,172.31.36.0-255,66,14066,12,212341
15177,0.000557,172.217.194.0-255,1484,15550,12,212341
15178,0.000563,172.31.36.0-255,66,15616,12,212341
15179,0.000572,172.217.194.0-255,2902,18518,12,212341
15180,0.00058,172.31.36.0-255,66,18584,12,212341
15181,0.000642,172.217.194.0-255,5738,24322,12,212341
15182,0.000647,172.31.36.0-255,66,24388,12,212341
15183,0.000795,172.217.194.0-255,6797,31185,12,212341
15184,0.0008,172.31.36.0-255,66,31251,12,212341
15185,0.000976,172.217.194.0-255,4320,35571,12,212341
15186,0.000981,172.31.36.0-255,66,35637,12,212341
15187,0.001009,172.217.194.0-255,2902,38539,12,212341
15188,0.001013,172.31.36.0-255,66,38605,12,212341
15189,0.001182,172.31.36.0-255,66,38671,12,212341
15190,0.001571,172.217.194.0-255,7156,45827,12,212341
15191,0.001577,172.31.36.0-255,66,45893,12,212341
15192,0.001606,172.217.194.0-255,3961,49854,12,212341
15193,0.001608,172.31.36.0-255,66,49920,12,212341
15194,0.001829,172.217.194.0-255,678,50598,12,212341
15195,0.001833,172.31.36.0-255,66,50664,12,212341
15196,0.001862,172.217.194.0-255,4320,54984,12,212341
15197,0.001864,172.31.36.0-255,66,55050,12,212341
15198,0.001918,172.31.36.0-255,66,55116,12,212341
15199,0.002664,172.31.36.0-255,66,55182,12,212341
15200,0.002714,172.31.36.0-255,66,55248,12,212341
15201,0.003667,172.31.36.0-255,66,55314,12,212341
15202,0.003703,172.31.36.0-255,66,55380,12,212341
15203,0.005712,172.217.194.0-255,5738,61118,12,212341
15204,0.005724,172.31.36.0-255,66,61184,12,212341
15205,0.007754,172.217.194.0-255,5738,66922,12,212341
15206,0.007766,172.31.36.0-255,66,66988,12,212341
15207,0.009816,172.217.194.0-255,5738,72726,12,212341
15208,0.009831,172.31.36.0-255,66,72792,12,212341
15209,0.011877,172.217.194.0-255,5738,78530,12,212341
15210,0.011893,172.31.36.0-255,66,78596,12,212341
15211,0.013909,172.217.194.0-255,5738,84334,12,212341
15212,0.013927,172.31.36.0-255,66,84400,12,212341
15213,0.015973,172.217.194.0-255,5738,90138,12,212341
15214,0.015988,172.31.36.0-255,66,90204,12,212341
15215,0.018072,172.217.194.0-255,5738,95942,12,212341
15216,0.018096,172.31.36.0-255,66,96008,12,212341
15217,0.020127,172.217.194.0-255,5738,101746,12,212341
15218,0.020146,172.31.36.0-255,66,101812,12,212341
15219,0.02221,172.217.194.0-255,5738,107550,12,212341
15220,0.022223,172.31.36.0-255,66,107616,12,212341
15221,0.024228,172.217.194.0-255,5738,113354,12,212341
15222,0.024237,172.31.36.0-255,66,113420,12,212341
15223,0.026251,172.217.194.0-255,5738,119158,12,212341
15224,0.026257,172.31.36.0-255,66,119224,12,212341
15225,0.028298,172.217.194.0-255,4320,123544,12,212341
15226,0.028306,172.31.36.0-255,66,123610,12,212341
15227,0.028342,172.217.194.0-255,1484,125094,12,212341
15228,0.030319,172.217.194.0-255,4320,129414,12,212341
15229,0.030328,172.31.36.0-255,66,129480,12,212341
15230,0.032366,172.217.194.0-255,5738,135218,12,212341
15231,0.032375,172.31.36.0-255,66,135284,12,212341
15232,0.0344,172.217.194.0-255,5738,141022,12,212341
15233,0.034406,172.31.36.0-255,66,141088,12,212341
15234,0.034632,172.31.36.0-255,188,141276,12,212341
15235,0.034681,172.31.36.0-255,952,142228,12,212341
15236,0.034759,172.31.36.0-255,1514,143742,12,212341
15237,0.034761,172.31.36.0-255,1457,145199,12,212341
15238,0.0362,104.244.42.0-255,66,145265,12,212341
15239,0.036211,104.244.42.0-255,66,145331,12,212341
15240,0.036327,104.244.42.0-255,66,145397,12,212341
15241,0.036416,172.217.194.0-255,4320,149717,12,212341
15242,0.036423,172.31.36.0-255,66,149783,12,212341
15243,0.036466,172.217.194.0-255,1484,151267,12,212341
15244,0.038443,172.217.194.0-255,4320,155587,12,212341
15245,0.03845,172.31.36.0-255,66,155653,12,212341
15246,0.040462,172.217.194.0-255,5738,161391,12,212341
15247,0.040468,172.31.36.0-255,66,161457,12,212341
15248,0.042486,172.217.194.0-255,5738,167195,12,212341
15249,0.042491,172.31.36.0-255,66,167261,12,212341
15250,0.044511,172.217.194.0-255,5738,172999,12,212341
15251,0.044517,172.31.36.0-255,66,173065,12,212341
15252,0.046537,172.217.194.0-255,4320,177385,12,212341
15253,0.046542,172.31.36.0-255,66,177451,12,212341
15254,0.04658,172.217.194.0-255,1484,178935,12,212341
15255,0.048554,172.217.194.0-255,4320,183255,12,212341
15256,0.048559,172.31.36.0-255,66,183321,12,212341
15257,0.050569,172.217.194.0-255,5738,189059,12,212341
15258,0.050574,172.31.36.0-255,66,189125,12,212341
15259,0.052571,172.217.194.0-255,5738,194863,12,212341
15260,0.052576,172.31.36.0-255,66,194929,12,212341
15261,0.054595,172.217.194.0-255,5738,200667,12,212341
15262,0.0546,172.31.36.0-255,66,200733,12,212341
15263,0.056599,172.217.194.0-255,5738,206471,12,212341
15264,0.056606,172.31.36.0-255,66,206537,12,212341
15265,0.058632,172.217.194.0-255,5738,212275,12,212341
15266,0.058637,172.31.36.0-255,66,212341,12,212341
15267,0.0,74.125.24.0-255,153,153,12,305544
15268,1.8e-05,172.31.36.0-255,66,219,12,305544
15269,2.5e-05,74.125.24.0-255,1484,1703,12,305544
15270,2.9e-05,172.31.36.0-255,66,1769,12,305544
15271,3.5e-05,74.125.24.0-255,2902,4671,12,305544
15272,4.6e-05,172.31.36.0-255,66,4737,12,305544
15273,5.2e-05,74.125.24.0-255,5738,10475,12,305544
15274,5.5e-05,172.31.36.0-255,66,10541,12,305544
15275,8.4e-05,74.125.24.0-255,3477,14018,12,305544
15276,8.7e-05,172.31.36.0-255,66,14084,12,305544
15277,0.000373,74.125.24.0-255,1484,15568,12,305544
15278,0.00038,172.31.36.0-255,66,15634,12,305544
15279,0.000386,74.125.24.0-255,2902,18536,12,305544
15280,0.000388,172.31.36.0-255,66,18602,12,305544
15281,0.000406,74.125.24.0-255,2902,21504,12,305544
15282,0.000408,172.31.36.0-255,66,21570,12,305544
15283,0.000442,74.125.24.0-255,2902,24472,12,305544
15284,0.000445,172.31.36.0-255,66,24538,12,305544
15285,0.00045,74.125.24.0-255,2902,27440,12,305544
15286,0.000452,172.31.36.0-255,66,27506,12,305544
15287,0.000485,74.125.24.0-255,7156,34662,12,305544
15288,0.000488,172.31.36.0-255,66,34728,12,305544
15289,0.000501,74.125.24.0-255,1125,35853,12,305544
15290,0.000508,172.31.36.0-255,66,35919,12,305544
15291,0.000521,172.31.36.0-255,66,35985,12,305544
15292,0.000526,74.125.24.0-255,3961,39946,12,305544
15293,0.000529,172.31.36.0-255,66,40012,12,305544
15294,0.000583,74.125.24.0-255,1484,41496,12,305544
15295,0.000586,172.31.36.0-255,66,41562,12,305544
15296,0.000613,74.125.24.0-255,2902,44464,12,305544
15297,0.000616,172.31.36.0-255,66,44530,12,305544
15298,0.000641,74.125.24.0-255,2902,47432,12,305544
15299,0.000644,172.31.36.0-255,66,47498,12,305544
15300,0.000649,74.125.24.0-255,4320,51818,12,305544
15301,0.000652,172.31.36.0-255,66,51884,12,305544
15302,0.000678,74.125.24.0-255,5379,57263,12,305544
15303,0.000681,172.31.36.0-255,66,57329,12,305544
15304,0.000929,74.125.24.0-255,394,57723,12,305544
15305,0.000968,74.125.24.0-255,1484,59207,12,305544
15306,0.000972,172.31.36.0-255,66,59273,12,305544
15307,0.000992,74.125.24.0-255,4320,63593,12,305544
15308,0.000994,172.31.36.0-255,66,63659,12,305544
15309,0.001031,172.31.36.0-255,66,63725,12,305544
15310,0.001038,74.125.24.0-255,5738,69463,12,305544
15311,0.00104,172.31.36.0-255,66,69529,12,305544
15312,0.001075,74.125.24.0-255,4320,73849,12,305544
15313,0.001078,172.31.36.0-255,66,73915,12,305544
15314,0.001114,172.31.36.0-255,66,73981,12,305544
15315,0.001146,74.125.24.0-255,350,74331,12,305544
15316,0.001198,74.125.24.0-255,1484,75815,12,305544
15317,0.001202,172.31.36.0-255,66,75881,12,305544
15318,0.001228,74.125.24.0-255,4320,80201,12,305544
15319,0.001232,172.31.36.0-255,66,80267,12,305544
15320,0.001253,74.125.24.0-255,5738,86005,12,305544
15321,0.001256,172.31.36.0-255,66,86071,12,305544
15322,0.001295,172.31.36.0-255,66,86137,12,305544
15323,0.0013,74.125.24.0-255,4320,90457,12,305544
15324,0.001302,172.31.36.0-255,66,90523,12,305544
15325,0.00133,74.125.24.0-255,2902,93425,12,305544
15326,0.001333,172.31.36.0-255,66,93491,12,305544
15327,0.001352,74.125.24.0-255,3602,97093,12,305544
15328,0.001354,172.31.36.0-255,66,97159,12,305544
15329,0.001382,74.125.24.0-255,2902,100061,12,305544
15330,0.001384,172.31.36.0-255,66,100127,12,305544
15331,0.001411,74.125.24.0-255,4320,104447,12,305544
15332,0.001421,172.31.36.0-255,66,104513,12,305544
15333,0.001427,74.125.24.0-255,4320,108833,12,305544
15334,0.001429,172.31.36.0-255,66,108899,12,305544
15335,0.001469,74.125.24.0-255,4320,113219,12,305544
15336,0.001472,172.31.36.0-255,66,113285,12,305544
15337,0.001479,74.125.24.0-255,5738,119023,12,305544
15338,0.001481,172.31.36.0-255,66,119089,12,305544
15339,0.001488,74.125.24.0-255,7156,126245,12,305544
15340,0.001491,172.31.36.0-255,66,126311,12,305544
15341,0.001516,74.125.24.0-255,5020,131331,12,305544
15342,0.001519,172.31.36.0-255,66,131397,12,305544
15343,0.00212,74.125.24.0-255,1484,132881,12,305544
15344,0.002127,74.125.24.0-255,2902,135783,12,305544
15345,0.00213,172.31.36.0-255,66,135849,12,305544
15346,0.002163,74.125.24.0-255,2902,138751,12,305544
15347,0.002166,172.31.36.0-255,66,138817,12,305544
15348,0.002174,74.125.24.0-255,7156,145973,12,305544
15349,0.002176,172.31.36.0-255,66,146039,12,305544
15350,0.002217,172.31.36.0-255,66,146105,12,305544
15351,0.002239,74.125.24.0-255,1484,147589,12,305544
15352,0.002253,74.125.24.0-255,2184,149773,12,305544
15353,0.002256,172.31.36.0-255,66,149839,12,305544
15354,0.002406,74.125.24.0-255,1484,151323,12,305544
15355,0.002436,74.125.24.0-255,2902,154225,12,305544
15356,0.002439,172.31.36.0-255,66,154291,12,305544
15357,0.002464,74.125.24.0-255,4320,158611,12,305544
15358,0.002467,172.31.36.0-255,66,158677,12,305544
15359,0.002504,172.31.36.0-255,66,158743,12,305544
15360,0.002509,74.125.24.0-255,2902,161645,12,305544
15361,0.00251,172.31.36.0-255,66,161711,12,305544
15362,0.002529,74.125.24.0-255,5738,167449,12,305544
15363,0.002531,172.31.36.0-255,66,167515,12,305544
15364,0.002558,74.125.24.0-255,7156,174671,12,305544
15365,0.00256,172.31.36.0-255,66,174737,12,305544
15366,0.002564,74.125.24.0-255,766,175503,12,305544
15367,0.002633,172.31.36.0-255,66,175569,12,305544
15368,0.002639,74.125.24.0-255,4320,179889,12,305544
15369,0.00264,172.31.36.0-255,66,179955,12,305544
15370,0.002683,172.31.36.0-255,66,180021,12,305544
15371,0.002704,74.125.24.0-255,766,180787,12,305544
15372,0.005298,74.125.24.0-255,4320,185107,12,305544
15373,0.005308,172.31.36.0-255,66,185173,12,305544
15374,0.007914,74.125.24.0-255,5738,190911,12,305544
15375,0.007919,172.31.36.0-255,66,190977,12,305544
15376,0.010551,74.125.24.0-255,5738,196715,12,305544
15377,0.010558,172.31.36.0-255,66,196781,12,305544
15378,0.013177,74.125.24.0-255,5738,202519,12,305544
15379,0.013185,172.31.36.0-255,66,202585,12,305544
15380,0.015804,74.125.24.0-255,5738,208323,12,305544
15381,0.015813,172.31.36.0-255,66,208389,12,305544
15382,0.01844,74.125.24.0-255,5738,214127,12,305544
15383,0.018447,172.31.36.0-255,66,214193,12,305544
15384,0.021094,74.125.24.0-255,5738,219931,12,305544
15385,0.021105,172.31.36.0-255,66,219997,12,305544
15386,0.023732,74.125.24.0-255,5738,225735,12,305544
15387,0.02374,172.31.36.0-255,66,225801,12,305544
15388,0.026372,74.125.24.0-255,5738,231539,12,305544
15389,0.026381,172.31.36.0-255,66,231605,12,305544
15390,0.02899,74.125.24.0-255,5738,237343,12,305544
15391,0.028998,172.31.36.0-255,66,237409,12,305544
15392,0.030145,172.31.36.0-255,172,237581,12,305544
15393,0.03018,172.31.36.0-255,1109,238690,12,305544
15394,0.030245,172.31.36.0-255,1514,240204,12,305544
15395,0.030247,172.31.36.0-255,1298,241502,12,305544
15396,0.031638,74.125.24.0-255,5738,247240,12,305544
15397,0.031646,172.31.36.0-255,66,247306,12,305544
15398,0.031693,104.244.42.0-255,66,247372,12,305544
15399,0.031748,104.244.42.0-255,66,247438,12,305544
15400,0.031793,104.244.42.0-255,66,247504,12,305544
15401,0.034288,74.125.24.0-255,5738,253242,12,305544
15402,0.034294,172.31.36.0-255,66,253308,12,305544
15403,0.036938,74.125.24.0-255,5738,259046,12,305544
15404,0.036945,172.31.36.0-255,66,259112,12,305544
15405,0.039566,74.125.24.0-255,5738,264850,12,305544
15406,0.039573,172.31.36.0-255,66,264916,12,305544
15407,0.042203,74.125.24.0-255,5738,270654,12,305544
15408,0.042209,172.31.36.0-255,66,270720,12,305544
15409,0.044846,74.125.24.0-255,5738,276458,12,305544
15410,0.044855,172.31.36.0-255,66,276524,12,305544
15411,0.047467,74.125.24.0-255,5738,282262,12,305544
15412,0.047473,172.31.36.0-255,66,282328,12,305544
15413,0.050116,74.125.24.0-255,5738,288066,12,305544
15414,0.050122,172.31.36.0-255,66,288132,12,305544
15415,0.052772,74.125.24.0-255,5738,293870,12,305544
15416,0.052779,172.31.36.0-255,66,293936,12,305544
15417,0.055426,74.125.24.0-255,5738,299674,12,305544
15418,0.055433,172.31.36.0-255,66,299740,12,305544
15419,0.058101,74.125.24.0-255,5738,305478,12,305544
15420,0.058108,172.31.36.0-255,66,305544,12,305544
15421,0.0,74.125.24.0-255,153,153,12,260393
15422,2.4e-05,172.31.36.0-255,66,219,12,260393
15423,3.2e-05,74.125.24.0-255,1484,1703,12,260393
15424,3.7e-05,172.31.36.0-255,66,1769,12,260393
15425,4.9e-05,74.125.24.0-255,2902,4671,12,260393
15426,5.3e-05,172.31.36.0-255,66,4737,12,260393
15427,6.1e-05,74.125.24.0-255,7156,11893,12,260393
15428,6.4e-05,172.31.36.0-255,66,11959,12,260393
15429,8.1e-05,74.125.24.0-255,1484,13443,12,260393
15430,8.4e-05,172.31.36.0-255,66,13509,12,260393
15431,0.000125,172.31.36.0-255,66,13575,12,260393
15432,0.000133,74.125.24.0-255,7156,20731,12,260393
15433,0.000135,172.31.36.0-255,66,20797,12,260393
15434,0.00017,172.31.36.0-255,66,20863,12,260393
15435,0.000188,74.125.24.0-255,3602,24465,12,260393
15436,0.000191,172.31.36.0-255,66,24531,12,260393
15437,0.000194,74.125.24.0-255,1484,26015,12,260393
15438,0.000196,172.31.36.0-255,66,26081,12,260393
15439,0.000249,172.31.36.0-255,66,26147,12,260393
15440,0.000392,74.125.24.0-255,133,26280,12,260393
15441,0.000396,172.31.36.0-255,66,26346,12,260393
15442,0.000429,74.125.24.0-255,1484,27830,12,260393
15443,0.000432,172.31.36.0-255,66,27896,12,260393
15444,0.000435,74.125.24.0-255,1484,29380,12,260393
15445,0.000438,172.31.36.0-255,66,29446,12,260393
15446,0.000459,74.125.24.0-255,1484,30930,12,260393
15447,0.000461,172.31.36.0-255,66,30996,12,260393
15448,0.000474,74.125.24.0-255,7156,38152,12,260393
15449,0.000477,172.31.36.0-255,66,38218,12,260393
15450,0.000482,74.125.24.0-255,4320,42538,12,260393
15451,0.000484,172.31.36.0-255,66,42604,12,260393
15452,0.000489,74.125.24.0-255,2902,45506,12,260393
15453,0.000491,172.31.36.0-255,66,45572,12,260393
15454,0.000521,172.31.36.0-255,66,45638,12,260393
15455,0.000528,74.125.24.0-255,5020,50658,12,260393
15456,0.00053,172.31.36.0-255,66,50724,12,260393
15457,0.00061,74.125.24.0-255,1484,52208,12,260393
15458,0.000616,74.125.24.0-255,2902,55110,12,260393
15459,0.00062,172.31.36.0-255,66,55176,12,260393
15460,0.000622,74.125.24.0-255,1484,56660,12,260393
15461,0.000653,74.125.24.0-255,4320,60980,12,260393
15462,0.000656,172.31.36.0-255,66,61046,12,260393
15463,0.000674,172.31.36.0-255,66,61112,12,260393
15464,0.000687,172.31.36.0-255,66,61178,12,260393
15465,0.000738,74.125.24.0-255,1484,62662,12,260393
15466,0.000768,74.125.24.0-255,2902,65564,12,260393
15467,0.000771,172.31.36.0-255,66,65630,12,260393
15468,0.000777,74.125.24.0-255,5738,71368,12,260393
15469,0.00078,172.31.36.0-255,66,71434,12,260393
15470,0.000791,74.125.24.0-255,4320,75754,12,260393
15471,0.000794,172.31.36.0-255,66,75820,12,260393
15472,0.000797,74.125.24.0-255,1484,77304,12,260393
15473,0.000826,172.31.36.0-255,66,77370,12,260393
15474,0.000832,74.125.24.0-255,4320,81690,12,260393
15475,0.000834,172.31.36.0-255,66,81756,12,260393
15476,0.000861,74.125.24.0-255,3602,85358,12,260393
15477,0.000864,172.31.36.0-255,66,85424,12,260393
15478,0.000875,172.31.36.0-255,66,85490,12,260393
15479,0.000878,74.125.24.0-255,1484,86974,12,260393
15480,0.000906,74.125.24.0-255,6499,93473,12,260393
15481,0.000909,172.31.36.0-255,66,93539,12,260393
15482,0.001218,74.125.24.0-255,1484,95023,12,260393
15483,0.001236,74.125.24.0-255,2902,97925,12,260393
15484,0.00124,172.31.36.0-255,66,97991,12,260393
15485,0.001247,74.125.24.0-255,5738,103729,12,260393
15486,0.001249,172.31.36.0-255,66,103795,12,260393
15487,0.0013,172.31.36.0-255,66,103861,12,260393
15488,0.001325,74.125.24.0-255,1484,105345,12,260393
15489,0.001352,172.31.36.0-255,66,105411,12,260393
15490,0.001803,74.125.24.0-255,1484,106895,12,260393
15491,0.001809,74.125.24.0-255,2902,109797,12,260393
15492,0.001812,172.31.36.0-255,66,109863,12,260393
15493,0.001843,74.125.24.0-255,5738,115601,12,260393
15494,0.001846,172.31.36.0-255,66,115667,12,260393
15495,0.001851,74.125.24.0-255,4320,119987,12,260393
15496,0.001853,172.31.36.0-255,66,120053,12,260393
15497,0.001857,74.125.24.0-255,2902,122955,12,260393
15498,0.001858,172.31.36.0-255,66,123021,12,260393
15499,0.001901,172.31.36.0-255,66,123087,12,260393
15500,0.001911,172.31.36.0-255,66,123153,12,260393
15501,0.00199,74.125.24.0-255,1484,124637,12,260393
15502,0.001996,74.125.24.0-255,2902,127539,12,260393
15503,0.001998,172.31.36.0-255,66,127605,12,260393
15504,0.002031,74.125.24.0-255,5738,133343,12,260393
15505,0.002033,172.31.36.0-255,66,133409,12,260393
15506,0.002039,74.125.24.0-255,4320,137729,12,260393
15507,0.00204,172.31.36.0-255,66,137795,12,260393
15508,0.002062,74.125.24.0-255,5738,143533,12,260393
15509,0.002068,74.125.24.0-255,7156,150689,12,260393
15510,0.002073,172.31.36.0-255,66,150755,12,260393
15511,0.002075,172.31.36.0-255,66,150821,12,260393
15512,0.002091,74.125.24.0-255,4320,155141,12,260393
15513,0.002093,172.31.36.0-255,66,155207,12,260393
15514,0.002098,74.125.24.0-255,4320,159527,12,260393
15515,0.0021,172.31.36.0-255,66,159593,12,260393
15516,0.002138,172.31.36.0-255,66,159659,12,260393
15517,0.002151,172.31.36.0-255,66,159725,12,260393
15518,0.002156,74.125.24.0-255,4320,164045,12,260393
15519,0.002159,172.31.36.0-255,66,164111,12,260393
15520,0.002182,74.125.24.0-255,3602,167713,12,260393
15521,0.002186,172.31.36.0-255,66,167779,12,260393
15522,0.002209,74.125.24.0-255,1484,169263,12,260393
15523,0.002214,74.125.24.0-255,2902,172165,12,260393
15524,0.002219,172.31.36.0-255,66,172231,12,260393
15525,0.002246,74.125.24.0-255,5738,177969,12,260393
15526,0.002249,172.31.36.0-255,66,178035,12,260393
15527,0.002253,74.125.24.0-255,2902,180937,12,260393
15528,0.002255,172.31.36.0-255,66,181003,12,260393
15529,0.002274,74.125.24.0-255,1484,182487,12,260393
15530,0.00228,74.125.24.0-255,5738,188225,12,260393
15531,0.002282,172.31.36.0-255,66,188291,12,260393
15532,0.002308,74.125.24.0-255,5738,194029,12,260393
15533,0.00231,172.31.36.0-255,66,194095,12,260393
15534,0.004584,74.125.24.0-255,5738,199833,12,260393
15535,0.004589,172.31.36.0-255,66,199899,12,260393
15536,0.006866,74.125.24.0-255,5738,205637,12,260393
15537,0.006884,172.31.36.0-255,66,205703,12,260393
15538,0.009162,74.125.24.0-255,5738,211441,12,260393
15539,0.009178,172.31.36.0-255,66,211507,12,260393
15540,0.01145,74.125.24.0-255,5738,217245,12,260393
15541,0.011458,172.31.36.0-255,66,217311,12,260393
15542,0.013703,74.125.24.0-255,5738,223049,12,260393
15543,0.013709,172.31.36.0-255,66,223115,12,260393
15544,0.01599,74.125.24.0-255,5738,228853,12,260393
15545,0.015996,172.31.36.0-255,66,228919,12,260393
15546,0.018272,74.125.24.0-255,5738,234657,12,260393
15547,0.018284,172.31.36.0-255,66,234723,12,260393
15548,0.020562,74.125.24.0-255,5738,240461,12,260393
15549,0.020568,172.31.36.0-255,66,240527,12,260393
15550,0.022851,74.125.24.0-255,5738,246265,12,260393
15551,0.02286,172.31.36.0-255,66,246331,12,260393
15552,0.025122,74.125.24.0-255,5738,252069,12,260393
15553,0.025131,172.31.36.0-255,66,252135,12,260393
15554,0.027422,74.125.24.0-255,3730,255865,12,260393
15555,0.027437,172.31.36.0-255,66,255931,12,260393
15556,0.027685,172.31.36.0-255,105,256036,12,260393
15557,0.029923,74.125.24.0-255,66,256102,12,260393
15558,0.041226,172.31.36.0-255,172,256274,12,260393
15559,0.041258,172.31.36.0-255,1108,257382,12,260393
15560,0.041442,172.31.36.0-255,1514,258896,12,260393
15561,0.041445,172.31.36.0-255,1299,260195,12,260393
15562,0.042795,104.244.42.0-255,66,260261,12,260393
15563,0.042832,104.244.42.0-255,66,260327,12,260393
15564,0.042984,104.244.42.0-255,66,260393,12,260393
15565,0.0,74.125.200.0-255,150,150,12,313198
15566,3.6e-05,172.31.36.0-255,66,216,12,313198
15567,4.3e-05,74.125.200.0-255,1484,1700,12,313198
15568,4.8e-05,172.31.36.0-255,66,1766,12,313198
15569,5.4e-05,74.125.200.0-255,2902,4668,12,313198
15570,6.4e-05,172.31.36.0-255,66,4734,12,313198
15571,7.2e-05,74.125.200.0-255,7156,11890,12,313198
15572,7.6e-05,172.31.36.0-255,66,11956,12,313198
15573,0.000118,74.125.200.0-255,2000,13956,12,313198
15574,0.000121,172.31.36.0-255,66,14022,12,313198
15575,0.000281,74.125.200.0-255,1484,15506,12,313198
15576,0.000285,172.31.36.0-255,66,15572,12,313198
15577,0.000291,74.125.200.0-255,2902,18474,12,313198
15578,0.000294,172.31.36.0-255,66,18540,12,313198
15579,0.000303,74.125.200.0-255,1484,20024,12,313198
15580,0.000306,172.31.36.0-255,66,20090,12,313198
15581,0.000331,74.125.200.0-255,2902,22992,12,313198
15582,0.000335,172.31.36.0-255,66,23058,12,313198
15583,0.000338,74.125.200.0-255,1484,24542,12,313198
15584,0.00034,172.31.36.0-255,66,24608,12,313198
15585,0.000379,74.125.200.0-255,4320,28928,12,313198
15586,0.000384,172.31.36.0-255,66,28994,12,313198
15587,0.000389,74.125.200.0-255,2543,31537,12,313198
15588,0.000391,172.31.36.0-255,66,31603,12,313198
15589,0.000395,74.125.200.0-255,2902,34505,12,313198
15590,0.000398,172.31.36.0-255,66,34571,12,313198
15591,0.000401,74.125.200.0-255,1484,36055,12,313198
15592,0.000404,172.31.36.0-255,66,36121,12,313198
15593,0.000436,74.125.200.0-255,4320,40441,12,313198
15594,0.000442,172.31.36.0-255,66,40507,12,313198
15595,0.000446,74.125.200.0-255,2902,43409,12,313198
15596,0.000449,172.31.36.0-255,66,43475,12,313198
15597,0.000475,74.125.200.0-255,4320,47795,12,313198
15598,0.00048,172.31.36.0-255,66,47861,12,313198
15599,0.000483,74.125.200.0-255,1484,49345,12,313198
15600,0.000525,172.31.36.0-255,66,49411,12,313198
15601,0.000528,74.125.200.0-255,1484,50895,12,313198
15602,0.000533,74.125.200.0-255,2902,53797,12,313198
15603,0.000535,172.31.36.0-255,66,53863,12,313198
15604,0.000557,74.125.200.0-255,1484,55347,12,313198
15605,0.000596,74.125.200.0-255,766,56113,12,313198
15606,0.000599,172.31.36.0-255,66,56179,12,313198
15607,0.00065,74.125.200.0-255,414,56593,12,313198
15608,0.000805,74.125.200.0-255,1484,58077,12,313198
15609,0.000809,172.31.36.0-255,66,58143,12,313198
15610,0.000834,74.125.200.0-255,1484,59627,12,313198
15611,0.000839,74.125.200.0-255,2902,62529,12,313198
15612,0.000842,172.31.36.0-255,66,62595,12,313198
15613,0.00086,74.125.200.0-255,4320,66915,12,313198
15614,0.000864,172.31.36.0-255,66,66981,12,313198
15615,0.000888,74.125.200.0-255,1484,68465,12,313198
15616,0.000891,74.125.200.0-255,1484,69949,12,313198
15617,0.000894,172.31.36.0-255,66,70015,12,313198
15618,0.000899,74.125.200.0-255,2902,72917,12,313198
15619,0.000901,172.31.36.0-255,66,72983,12,313198
15620,0.000932,74.125.200.0-255,2902,75885,12,313198
15621,0.000935,172.31.36.0-255,66,75951,12,313198
15622,0.000938,74.125.200.0-255,1484,77435,12,313198
15623,0.000962,74.125.200.0-255,2902,80337,12,313198
15624,0.000965,172.31.36.0-255,66,80403,12,313198
15625,0.00097,74.125.200.0-255,2902,83305,12,313198
15626,0.000976,172.31.36.0-255,66,83371,12,313198
15627,0.001018,74.125.200.0-255,2902,86273,12,313198
15628,0.001022,172.31.36.0-255,66,86339,12,313198
15629,0.001052,74.125.200.0-255,4320,90659,12,313198
15630,0.001055,172.31.36.0-255,66,90725,12,313198
15631,0.001058,74.125.200.0-255,766,91491,12,313198
15632,0.001106,74.125.200.0-255,330,91821,12,313198
15633,0.001214,172.31.36.0-255,66,91887,12,313198
15634,0.001304,74.125.200.0-255,1484,93371,12,313198
15635,0.001313,74.125.200.0-255,2902,96273,12,313198
15636,0.001317,172.31.36.0-255,66,96339,12,313198
15637,0.001321,74.125.200.0-255,1484,97823,12,313198
15638,0.001325,74.125.200.0-255,2902,100725,12,313198
15639,0.001326,172.31.36.0-255,66,100791,12,313198
15640,0.001348,74.125.200.0-255,4320,105111,12,313198
15641,0.001355,172.31.36.0-255,66,105177,12,313198
15642,0.001377,74.125.200.0-255,1484,106661,12,313198
15643,0.001389,172.31.36.0-255,66,106727,12,313198
15644,0.001406,74.125.200.0-255,1484,108211,12,313198
15645,0.001437,172.31.36.0-255,66,108277,12,313198
15646,0.001468,74.125.200.0-255,3602,111879,12,313198
15647,0.001471,172.31.36.0-255,66,111945,12,313198
15648,0.001486,172.31.36.0-255,66,112011,12,313198
15649,0.001492,74.125.200.0-255,5738,117749,12,313198
15650,0.001494,172.31.36.0-255,66,117815,12,313198
15651,0.001553,74.125.200.0-255,7156,124971,12,313198
15652,0.001558,172.31.36.0-255,66,125037,12,313198
15653,0.001561,74.125.200.0-255,1484,126521,12,313198
15654,0.001585,74.125.200.0-255,1484,128005,12,313198
15655,0.001589,172.31.36.0-255,66,128071,12,313198
15656,0.001613,74.125.200.0-255,766,128837,12,313198
15657,0.001732,74.125.200.0-255,1484,130321,12,313198
15658,0.001737,172.31.36.0-255,66,130387,12,313198
15659,0.001774,74.125.200.0-255,2902,133289,12,313198
15660,0.001777,172.31.36.0-255,66,133355,12,313198
15661,0.00178,74.125.200.0-255,1484,134839,12,313198
15662,0.001808,74.125.200.0-255,2902,137741,12,313198
15663,0.001811,172.31.36.0-255,66,137807,12,313198
15664,0.001826,172.31.36.0-255,66,137873,12,313198
15665,0.001833,74.125.200.0-255,5738,143611,12,313198
15666,0.001835,172.31.36.0-255,66,143677,12,313198
15667,0.001839,74.125.200.0-255,2902,146579,12,313198
15668,0.001842,172.31.36.0-255,66,146645,12,313198
15669,0.001868,74.125.200.0-255,4320,150965,12,313198
15670,0.001871,172.31.36.0-255,66,151031,12,313198
15671,0.001875,74.125.200.0-255,3602,154633,12,313198
15672,0.001877,172.31.36.0-255,66,154699,12,313198
15673,0.001919,74.125.200.0-255,4320,159019,12,313198
15674,0.001924,172.31.36.0-255,66,159085,12,313198
15675,0.001929,74.125.200.0-255,4320,163405,12,313198
15676,0.001931,172.31.36.0-255,66,163471,12,313198
15677,0.001933,74.125.200.0-255,1484,164955,12,313198
15678,0.001958,74.125.200.0-255,4320,169275,12,313198
15679,0.001962,172.31.36.0-255,66,169341,12,313198
15680,0.001997,172.31.36.0-255,66,169407,12,313198
15681,0.002002,74.125.200.0-255,4320,173727,12,313198
15682,0.002004,172.31.36.0-255,66,173793,12,313198
15683,0.002051,172.31.36.0-255,66,173859,12,313198
15684,0.002054,74.125.200.0-255,1484,175343,12,313198
15685,0.002086,172.31.36.0-255,66,175409,12,313198
15686,0.002093,74.125.200.0-255,7156,182565,12,313198
15687,0.002096,172.31.36.0-255,66,182631,12,313198
15688,0.002126,74.125.200.0-255,2902,185533,12,313198
15689,0.002129,172.31.36.0-255,66,185599,12,313198
15690,0.002141,172.31.36.0-255,66,185665,12,313198
15691,0.002146,74.125.200.0-255,4320,189985,12,313198
15692,0.002148,172.31.36.0-255,66,190051,12,313198
15693,0.002193,74.125.200.0-255,2902,192953,12,313198
15694,0.002196,172.31.36.0-255,66,193019,12,313198
15695,0.002221,172.31.36.0-255,66,193085,12,313198
15696,0.002236,74.125.200.0-255,1484,194569,12,313198
15697,0.002268,172.31.36.0-255,66,194635,12,313198
15698,0.004561,74.125.200.0-255,5738,200373,12,313198
15699,0.004567,172.31.36.0-255,66,200439,12,313198
15700,0.006874,74.125.200.0-255,2902,203341,12,313198
15701,0.006881,172.31.36.0-255,66,203407,12,313198
15702,0.006909,74.125.200.0-255,2902,206309,12,313198
15703,0.006913,172.31.36.0-255,66,206375,12,313198
15704,0.009163,74.125.200.0-255,2902,209277,12,313198
15705,0.00917,172.31.36.0-255,66,209343,12,313198
15706,0.009198,74.125.200.0-255,2902,212245,12,313198
15707,0.009202,172.31.36.0-255,66,212311,12,313198
15708,0.011458,74.125.200.0-255,2902,215213,12,313198
15709,0.011467,172.31.36.0-255,66,215279,12,313198
15710,0.011497,74.125.200.0-255,2902,218181,12,313198
15711,0.0115,172.31.36.0-255,66,218247,12,313198
15712,0.013754,74.125.200.0-255,2902,221149,12,313198
15713,0.013762,172.31.36.0-255,66,221215,12,313198
15714,0.01379,74.125.200.0-255,2902,224117,12,313198
15715,0.013793,172.31.36.0-255,66,224183,12,313198
15716,0.016049,74.125.200.0-255,2902,227085,12,313198
15717,0.016057,172.31.36.0-255,66,227151,12,313198
15718,0.016102,74.125.200.0-255,2902,230053,12,313198
15719,0.016104,172.31.36.0-255,66,230119,12,313198
15720,0.018374,74.125.200.0-255,2902,233021,12,313198
15721,0.018382,172.31.36.0-255,66,233087,12,313198
15722,0.018409,74.125.200.0-255,2902,235989,12,313198
15723,0.018412,172.31.36.0-255,66,236055,12,313198
15724,0.020663,74.125.200.0-255,2902,238957,12,313198
15725,0.02067,172.31.36.0-255,66,239023,12,313198
15726,0.020711,74.125.200.0-255,2902,241925,12,313198
15727,0.020715,172.31.36.0-255,66,241991,12,313198
15728,0.022947,74.125.200.0-255,2902,244893,12,313198
15729,0.022954,172.31.36.0-255,66,244959,12,313198
15730,0.022986,74.125.200.0-255,2902,247861,12,313198
15731,0.022989,172.31.36.0-255,66,247927,12,313198
15732,0.025229,74.125.200.0-255,2902,250829,12,313198
15733,0.025234,172.31.36.0-255,66,250895,12,313198
15734,0.025271,74.125.200.0-255,2902,253797,12,313198
15735,0.025275,172.31.36.0-255,66,253863,12,313198
15736,0.027516,74.125.200.0-255,2902,256765,12,313198
15737,0.027523,172.31.36.0-255,66,256831,12,313198
15738,0.027561,74.125.200.0-255,2902,259733,12,313198
15739,0.027565,172.31.36.0-255,66,259799,12,313198
15740,0.029821,74.125.200.0-255,2902,262701,12,313198
15741,0.029833,172.31.36.0-255,66,262767,12,313198
15742,0.029868,74.125.200.0-255,2902,265669,12,313198
15743,0.029873,172.31.36.0-255,66,265735,12,313198
15744,0.030927,172.31.36.0-255,188,265923,12,313198
15745,0.030957,172.31.36.0-255,952,266875,12,313198
15746,0.031006,172.31.36.0-255,1514,268389,12,313198
15747,0.031008,172.31.36.0-255,1514,269903,12,313198
15748,0.031009,172.31.36.0-255,1514,271417,12,313198
15749,0.03101,172.31.36.0-255,1514,272931,12,313198
15750,0.031037,172.31.36.0-255,329,273260,12,313198
15751,0.032142,74.125.200.0-255,5738,278998,12,313198
15752,0.032149,172.31.36.0-255,66,279064,12,313198
15753,0.032523,104.244.42.0-255,66,279130,12,313198
15754,0.032532,104.244.42.0-255,66,279196,12,313198
15755,0.032616,104.244.42.0-255,66,279262,12,313198
15756,0.032619,104.244.42.0-255,66,279328,12,313198
15757,0.034431,74.125.200.0-255,5738,285066,12,313198
15758,0.034437,172.31.36.0-255,66,285132,12,313198
15759,0.036721,74.125.200.0-255,5738,290870,12,313198
15760,0.036726,172.31.36.0-255,66,290936,12,313198
15761,0.03901,74.125.200.0-255,4320,295256,12,313198
15762,0.039016,172.31.36.0-255,66,295322,12,313198
15763,0.039047,74.125.200.0-255,1484,296806,12,313198
15764,0.041289,74.125.200.0-255,2902,299708,12,313198
15765,0.041294,172.31.36.0-255,66,299774,12,313198
15766,0.04133,74.125.200.0-255,1484,301258,12,313198
15767,0.043571,74.125.200.0-255,4320,305578,12,313198
15768,0.043577,172.31.36.0-255,66,305644,12,313198
15769,0.045854,74.125.200.0-255,5738,311382,12,313198
15770,0.04586,172.31.36.0-255,66,311448,12,313198
15771,0.048139,74.125.200.0-255,1513,312961,12,313198
15772,0.048145,172.31.36.0-255,66,313027,12,313198
15773,0.048324,172.31.36.0-255,105,313132,12,313198
15774,0.050575,74.125.200.0-255,66,313198,12,313198
15775,0.0,74.125.24.0-255,153,153,12,305099
15776,3.6e-05,172.31.36.0-255,66,219,12,305099
15777,4.4e-05,74.125.24.0-255,1484,1703,12,305099
15778,4.8e-05,172.31.36.0-255,66,1769,12,305099
15779,5.4e-05,74.125.24.0-255,2902,4671,12,305099
15780,6.3e-05,172.31.36.0-255,66,4737,12,305099
15781,7.1e-05,74.125.24.0-255,7156,11893,12,305099
15782,7.3e-05,172.31.36.0-255,66,11959,12,305099
15783,0.0001,74.125.24.0-255,2047,14006,12,305099
15784,0.000107,172.31.36.0-255,66,14072,12,305099
15785,0.000141,74.125.24.0-255,2902,16974,12,305099
15786,0.000144,172.31.36.0-255,66,17040,12,305099
15787,0.000149,74.125.24.0-255,4320,21360,12,305099
15788,0.000151,172.31.36.0-255,66,21426,12,305099
15789,0.000154,74.125.24.0-255,1484,22910,12,305099
15790,0.000161,172.31.36.0-255,66,22976,12,305099
15791,0.000195,74.125.24.0-255,7156,30132,12,305099
15792,0.000198,172.31.36.0-255,66,30198,12,305099
15793,0.000201,74.125.24.0-255,1125,31323,12,305099
15794,0.000205,172.31.36.0-255,66,31389,12,305099
15795,0.000326,74.125.24.0-255,1484,32873,12,305099
15796,0.00033,172.31.36.0-255,66,32939,12,305099
15797,0.000337,74.125.24.0-255,2902,35841,12,305099
15798,0.00034,172.31.36.0-255,66,35907,12,305099
15799,0.000354,74.125.24.0-255,5738,41645,12,305099
15800,0.000356,172.31.36.0-255,66,41711,12,305099
15801,0.000393,74.125.24.0-255,6797,48508,12,305099
15802,0.000397,172.31.36.0-255,66,48574,12,305099
15803,0.000404,74.125.24.0-255,5738,54312,12,305099
15804,0.000406,172.31.36.0-255,66,54378,12,305099
15805,0.000442,74.125.24.0-255,7156,61534,12,305099
15806,0.000446,172.31.36.0-255,66,61600,12,305099
15807,0.000476,74.125.24.0-255,4274,65874,12,305099
15808,0.000495,74.125.24.0-255,111,65985,12,305099
15809,0.000497,172.31.36.0-255,66,66051,12,305099
15810,0.000583,74.125.24.0-255,1484,67535,12,305099
15811,0.000589,74.125.24.0-255,2902,70437,12,305099
15812,0.000607,74.125.24.0-255,5738,76175,12,305099
15813,0.000607,172.31.36.0-255,66,76241,12,305099
15814,0.000612,172.31.36.0-255,66,76307,12,305099
15815,0.000651,74.125.24.0-255,6797,83104,12,305099
15816,0.000657,172.31.36.0-255,66,83170,12,305099
15817,0.000678,74.125.24.0-255,7156,90326,12,305099
15818,0.000682,172.31.36.0-255,66,90392,12,305099
15819,0.000717,172.31.36.0-255,66,90458,12,305099
15820,0.001201,74.125.24.0-255,1484,91942,12,305099
15821,0.001211,74.125.24.0-255,2902,94844,12,305099
15822,0.001215,172.31.36.0-255,66,94910,12,305099
15823,0.001248,74.125.24.0-255,5738,100648,12,305099
15824,0.001253,74.125.24.0-255,2902,103550,12,305099
15825,0.001309,74.125.24.0-255,4320,107870,12,305099
15826,0.00133,74.125.24.0-255,6438,114308,12,305099
15827,0.001771,74.125.24.0-255,1484,115792,12,305099
15828,0.001791,74.125.24.0-255,1484,117276,12,305099
15829,0.00181,74.125.24.0-255,1484,118760,12,305099
15830,0.001817,74.125.24.0-255,5738,124498,12,305099
15831,0.001821,74.125.24.0-255,2902,127400,12,305099
15832,0.001843,74.125.24.0-255,7156,134556,12,305099
15833,0.001868,74.125.24.0-255,7156,141712,12,305099
15834,0.001874,74.125.24.0-255,4320,146032,12,305099
15835,0.001891,74.125.24.0-255,2184,148216,12,305099
15836,0.001943,74.125.24.0-255,1484,149700,12,305099
15837,0.001989,74.125.24.0-255,2902,152602,12,305099
15838,0.001995,74.125.24.0-255,5738,158340,12,305099
15839,0.002009,74.125.24.0-255,4320,162660,12,305099
15840,0.002052,74.125.24.0-255,1484,164144,12,305099
15841,0.002081,74.125.24.0-255,2902,167046,12,305099
15842,0.002097,74.125.24.0-255,7156,174202,12,305099
15843,0.002122,74.125.24.0-255,2902,177104,12,305099
15844,0.002489,74.125.24.0-255,1484,178588,12,305099
15845,0.002522,74.125.24.0-255,2902,181490,12,305099
15846,0.002528,74.125.24.0-255,5738,187228,12,305099
15847,0.002565,74.125.24.0-255,1484,188712,12,305099
15848,0.002567,74.125.24.0-255,766,189478,12,305099
15849,0.007445,172.31.36.0-255,66,189544,12,305099
15850,0.010052,74.125.24.0-255,5738,195282,12,305099
15851,0.010062,172.31.36.0-255,66,195348,12,305099
15852,0.012653,74.125.24.0-255,5738,201086,12,305099
15853,0.014005,172.31.36.0-255,66,201152,12,305099
15854,0.016586,74.125.24.0-255,5738,206890,12,305099
15855,0.016596,172.31.36.0-255,66,206956,12,305099
15856,0.019179,74.125.24.0-255,5738,212694,12,305099
15857,0.019188,172.31.36.0-255,66,212760,12,305099
15858,0.021754,74.125.24.0-255,5738,218498,12,305099
15859,0.021763,172.31.36.0-255,66,218564,12,305099
15860,0.024361,74.125.24.0-255,5738,224302,12,305099
15861,0.024368,172.31.36.0-255,66,224368,12,305099
15862,0.026968,74.125.24.0-255,5738,230106,12,305099
15863,0.026976,172.31.36.0-255,66,230172,12,305099
15864,0.029565,74.125.24.0-255,5738,235910,12,305099
15865,0.029572,172.31.36.0-255,66,235976,12,305099
15866,0.032162,74.125.24.0-255,5738,241714,12,305099
15867,0.032168,172.31.36.0-255,66,241780,12,305099
15868,0.033491,172.31.36.0-255,172,241952,12,305099
15869,0.033521,172.31.36.0-255,1108,243060,12,305099
15870,0.033579,172.31.36.0-255,1514,244574,12,305099
15871,0.033582,172.31.36.0-255,1514,246088,12,305099
15872,0.033606,172.31.36.0-255,707,246795,12,305099
15873,0.034743,74.125.24.0-255,5738,252533,12,305099
15874,0.03475,172.31.36.0-255,66,252599,12,305099
15875,0.035018,104.244.42.0-255,66,252665,12,305099
15876,0.035081,104.244.42.0-255,66,252731,12,305099
15877,0.035176,104.244.42.0-255,66,252797,12,305099
15878,0.035191,104.244.42.0-255,66,252863,12,305099
15879,0.037331,74.125.24.0-255,5738,258601,12,305099
15880,0.037338,172.31.36.0-255,66,258667,12,305099
15881,0.039908,74.125.24.0-255,5738,264405,12,305099
15882,0.039915,172.31.36.0-255,66,264471,12,305099
15883,0.042512,74.125.24.0-255,5738,270209,12,305099
15884,0.04252,172.31.36.0-255,66,270275,12,305099
15885,0.045145,74.125.24.0-255,5738,276013,12,305099
15886,0.045152,172.31.36.0-255,66,276079,12,305099
15887,0.047732,74.125.24.0-255,5738,281817,12,305099
15888,0.047738,172.31.36.0-255,66,281883,12,305099
15889,0.050325,74.125.24.0-255,5738,287621,12,305099
15890,0.050332,172.31.36.0-255,66,287687,12,305099
15891,0.052913,74.125.24.0-255,5738,293425,12,305099
15892,0.052922,172.31.36.0-255,66,293491,12,305099
15893,0.055503,74.125.24.0-255,5738,299229,12,305099
15894,0.055509,172.31.36.0-255,66,299295,12,305099
15895,0.058081,74.125.24.0-255,5738,305033,12,305099
15896,0.05809,172.31.36.0-255,66,305099,12,305099
15897,0.0,172.217.26.0-255,149,149,12,346232
15898,2.6e-05,172.31.36.0-255,66,215,12,346232
15899,3.2e-05,172.217.26.0-255,1484,1699,12,346232
15900,3.6e-05,172.31.36.0-255,66,1765,12,346232
15901,4.1e-05,172.217.26.0-255,2902,4667,12,346232
15902,4.3e-05,172.31.36.0-255,66,4733,12,346232
15903,4.6e-05,172.217.26.0-255,1484,6217,12,346232
15904,4.9e-05,172.31.36.0-255,66,6283,12,346232
15905,5.5e-05,172.217.26.0-255,2902,9185,12,346232
15906,5.7e-05,172.31.36.0-255,66,9251,12,346232
15907,8.8e-05,172.217.26.0-255,6330,15581,12,346232
15908,9.1e-05,172.31.36.0-255,66,15647,12,346232
15909,9.5e-05,172.217.26.0-255,2902,18549,12,346232
15910,9.7e-05,172.31.36.0-255,66,18615,12,346232
15911,0.000104,172.217.26.0-255,4320,22935,12,346232
15912,0.000107,172.31.36.0-255,66,23001,12,346232
15913,0.000135,172.217.26.0-255,1484,24485,12,346232
15914,0.000138,172.31.36.0-255,66,24551,12,346232
15915,0.000157,172.217.26.0-255,2902,27453,12,346232
15916,0.000162,172.31.36.0-255,66,27519,12,346232
15917,0.000192,172.217.26.0-255,3961,31480,12,346232
15918,0.000195,172.31.36.0-255,66,31546,12,346232
15919,0.000261,172.217.26.0-255,1484,33030,12,346232
15920,0.000265,172.31.36.0-255,66,33096,12,346232
15921,0.00027,172.217.26.0-255,2902,35998,12,346232
15922,0.000273,172.31.36.0-255,66,36064,12,346232
15923,0.000293,172.217.26.0-255,1484,37548,12,346232
15924,0.000297,172.31.36.0-255,66,37614,12,346232
15925,0.000322,172.217.26.0-255,2902,40516,12,346232
15926,0.000326,172.31.36.0-255,66,40582,12,346232
15927,0.000333,172.217.26.0-255,5738,46320,12,346232
15928,0.000335,172.31.36.0-255,66,46386,12,346232
15929,0.000358,172.217.26.0-255,2543,48929,12,346232
15930,0.000361,172.31.36.0-255,66,48995,12,346232
15931,0.00044,172.217.26.0-255,1484,50479,12,346232
15932,0.000445,172.217.26.0-255,2902,53381,12,346232
15933,0.000449,172.31.36.0-255,66,53447,12,346232
15934,0.000453,172.217.26.0-255,1484,54931,12,346232
15935,0.000474,172.217.26.0-255,4320,59251,12,346232
15936,0.000476,172.31.36.0-255,66,59317,12,346232
15937,0.000496,172.217.26.0-255,5738,65055,12,346232
15938,0.000499,172.31.36.0-255,66,65121,12,346232
15939,0.000512,172.217.26.0-255,1414,66535,12,346232
15940,0.000796,172.31.36.0-255,66,66601,12,346232
15941,0.001015,172.217.26.0-255,390,66991,12,346232
15942,0.001221,172.217.26.0-255,1484,68475,12,346232
15943,0.001226,172.31.36.0-255,66,68541,12,346232
15944,0.001243,172.217.26.0-255,2902,71443,12,346232
15945,0.001245,172.31.36.0-255,66,71509,12,346232
15946,0.001252,172.217.26.0-255,5738,77247,12,346232
15947,0.001255,172.31.36.0-255,66,77313,12,346232
15948,0.001271,172.31.36.0-255,66,77379,12,346232
15949,0.001278,172.217.26.0-255,7156,84535,12,346232
15950,0.00128,172.31.36.0-255,66,84601,12,346232
15951,0.001325,172.217.26.0-255,2543,87144,12,346232
15952,0.001328,172.31.36.0-255,66,87210,12,346232
15953,0.00139,172.217.26.0-255,1484,88694,12,346232
15954,0.001406,172.217.26.0-255,2902,91596,12,346232
15955,0.001409,172.31.36.0-255,66,91662,12,346232
15956,0.001415,172.217.26.0-255,4320,95982,12,346232
15957,0.001417,172.31.36.0-255,66,96048,12,346232
15958,0.001436,172.217.26.0-255,7156,103204,12,346232
15959,0.001438,172.31.36.0-255,66,103270,12,346232
15960,0.00146,172.217.26.0-255,1484,104754,12,346232
15961,0.001486,172.217.26.0-255,7156,111910,12,346232
15962,0.00149,172.31.36.0-255,66,111976,12,346232
15963,0.001526,172.217.26.0-255,4320,116296,12,346232
15964,0.001531,172.31.36.0-255,66,116362,12,346232
15965,0.00155,172.217.26.0-255,4320,120682,12,346232
15966,0.001553,172.31.36.0-255,66,120748,12,346232
15967,0.001556,172.217.26.0-255,766,121514,12,346232
15968,0.001572,172.217.26.0-255,1484,122998,12,346232
15969,0.001574,172.31.36.0-255,66,123064,12,346232
15970,0.001613,172.217.26.0-255,2902,125966,12,346232
15971,0.001615,172.31.36.0-255,66,126032,12,346232
15972,0.00162,172.217.26.0-255,2902,128934,12,346232
15973,0.001621,172.31.36.0-255,66,129000,12,346232
15974,0.001642,172.217.26.0-255,2902,131902,12,346232
15975,0.001645,172.31.36.0-255,66,131968,12,346232
15976,0.001651,172.217.26.0-255,7156,139124,12,346232
15977,0.001653,172.31.36.0-255,66,139190,12,346232
15978,0.001659,172.217.26.0-255,5738,144928,12,346232
15979,0.001661,172.31.36.0-255,66,144994,12,346232
15980,0.001689,172.31.36.0-255,66,145060,12,346232
15981,0.001733,172.217.26.0-255,2184,147244,12,346232
15982,0.001735,172.31.36.0-255,66,147310,12,346232
15983,0.001806,172.217.26.0-255,1484,148794,12,346232
15984,0.001817,172.217.26.0-255,2902,151696,12,346232
15985,0.00182,172.31.36.0-255,66,151762,12,346232
15986,0.001839,172.217.26.0-255,5738,157500,12,346232
15987,0.001842,172.31.36.0-255,66,157566,12,346232
15988,0.001845,172.217.26.0-255,1484,159050,12,346232
15989,0.001873,172.31.36.0-255,66,159116,12,346232
15990,0.001879,172.217.26.0-255,4320,163436,12,346232
15991,0.001881,172.31.36.0-255,66,163502,12,346232
15992,0.001909,172.217.26.0-255,6438,169940,12,346232
15993,0.001912,172.31.36.0-255,66,170006,12,346232
15994,0.003878,172.217.26.0-255,5738,175744,12,346232
15995,0.003885,172.31.36.0-255,66,175810,12,346232
15996,0.005853,172.217.26.0-255,5738,181548,12,346232
15997,0.005858,172.31.36.0-255,66,181614,12,346232
15998,0.007826,172.217.26.0-255,5738,187352,12,346232
15999,0.007831,172.31.36.0-255,66,187418,12,346232
16000,0.009795,172.217.26.0-255,5738,193156,12,346232
16001,0.009802,172.31.36.0-255,66,193222,12,346232
16002,0.011789,172.217.26.0-255,5738,198960,12,346232
16003,0.011796,172.31.36.0-255,66,199026,12,346232
16004,0.013766,172.217.26.0-255,5738,204764,12,346232
16005,0.013774,172.31.36.0-255,66,204830,12,346232
16006,0.015871,172.217.26.0-255,5738,210568,12,346232
16007,0.015876,172.31.36.0-255,66,210634,12,346232
16008,0.01785,172.217.26.0-255,5738,216372,12,346232
16009,0.017856,172.31.36.0-255,66,216438,12,346232
16010,0.019822,172.217.26.0-255,4320,220758,12,346232
16011,0.019829,172.31.36.0-255,66,220824,12,346232
16012,0.01985,172.217.26.0-255,1484,222308,12,346232
16013,0.021807,172.217.26.0-255,4320,226628,12,346232
16014,0.021813,172.31.36.0-255,66,226694,12,346232
16015,0.023786,172.217.26.0-255,5738,232432,12,346232
16016,0.023791,172.31.36.0-255,66,232498,12,346232
16017,0.025755,172.217.26.0-255,5738,238236,12,346232
16018,0.025763,172.31.36.0-255,66,238302,12,346232
16019,0.027741,172.217.26.0-255,5738,244040,12,346232
16020,0.027747,172.31.36.0-255,66,244106,12,346232
16021,0.029615,172.31.36.0-255,172,244278,12,346232
16022,0.029649,172.31.36.0-255,1107,245385,12,346232
16023,0.029711,172.217.26.0-255,5738,251123,12,346232
16024,0.029715,172.31.36.0-255,66,251189,12,346232
16025,0.029874,172.31.36.0-255,1514,252703,12,346232
16026,0.029876,172.31.36.0-255,1514,254217,12,346232
16027,0.029877,172.31.36.0-255,1514,255731,12,346232
16028,0.029878,172.31.36.0-255,1514,257245,12,346232
16029,0.029906,172.31.36.0-255,1514,258759,12,346232
16030,0.029907,172.31.36.0-255,149,258908,12,346232
16031,0.031166,104.244.42.0-255,66,258974,12,346232
16032,0.031205,104.244.42.0-255,66,259040,12,346232
16033,0.03147,104.244.42.0-255,66,259106,12,346232
16034,0.031477,104.244.42.0-255,66,259172,12,346232
16035,0.031708,172.217.26.0-255,5738,264910,12,346232
16036,0.031713,172.31.36.0-255,66,264976,12,346232
16037,0.03369,172.217.26.0-255,5738,270714,12,346232
16038,0.033696,172.31.36.0-255,66,270780,12,346232
16039,0.035664,172.217.26.0-255,5738,276518,12,346232
16040,0.035669,172.31.36.0-255,66,276584,12,346232
16041,0.037642,172.217.26.0-255,5738,282322,12,346232
16042,0.037647,172.31.36.0-255,66,282388,12,346232
16043,0.039659,172.217.26.0-255,5738,288126,12,346232
16044,0.039665,172.31.36.0-255,66,288192,12,346232
16045,0.04163,172.217.26.0-255,5738,293930,12,346232
16046,0.041637,172.31.36.0-255,66,293996,12,346232
16047,0.043597,172.217.26.0-255,5738,299734,12,346232
16048,0.043602,172.31.36.0-255,66,299800,12,346232
16049,0.045573,172.217.26.0-255,5738,305538,12,346232
16050,0.045578,172.31.36.0-255,66,305604,12,346232
16051,0.047542,172.217.26.0-255,5738,311342,12,346232
16052,0.047547,172.31.36.0-255,66,311408,12,346232
16053,0.049521,172.217.26.0-255,5738,317146,12,346232
16054,0.049527,172.31.36.0-255,66,317212,12,346232
16055,0.051489,172.217.26.0-255,5738,322950,12,346232
16056,0.051495,172.31.36.0-255,66,323016,12,346232
16057,0.053458,172.217.26.0-255,5738,328754,12,346232
16058,0.053463,172.31.36.0-255,66,328820,12,346232
16059,0.055433,172.217.26.0-255,5738,334558,12,346232
16060,0.055438,172.31.36.0-255,66,334624,12,346232
16061,0.057399,172.217.26.0-255,5738,340362,12,346232
16062,0.057404,172.31.36.0-255,66,340428,12,346232
16063,0.05937,172.217.26.0-255,5738,346166,12,346232
16064,0.059375,172.31.36.0-255,66,346232,12,346232
16065,0.0,172.217.194.0-255,152,152,12,196012
16066,3.7e-05,172.31.36.0-255,66,218,12,196012
16067,4.4e-05,172.217.194.0-255,1484,1702,12,196012
16068,4.8e-05,172.31.36.0-255,66,1768,12,196012
16069,5.4e-05,172.217.194.0-255,2902,4670,12,196012
16070,5.6e-05,172.31.36.0-255,66,4736,12,196012
16071,9.4e-05,172.217.194.0-255,7156,11892,12,196012
16072,9.7e-05,172.31.36.0-255,66,11958,12,196012
16073,0.000228,172.217.194.0-255,2018,13976,12,196012
16074,0.000233,172.31.36.0-255,66,14042,12,196012
16075,0.00027,172.217.194.0-255,4320,18362,12,196012
16076,0.000274,172.31.36.0-255,66,18428,12,196012
16077,0.000296,172.217.194.0-255,7156,25584,12,196012
16078,0.0003,172.31.36.0-255,66,25650,12,196012
16079,0.000532,172.217.194.0-255,5738,31388,12,196012
16080,0.000537,172.31.36.0-255,66,31454,12,196012
16081,0.000573,172.31.36.0-255,66,31520,12,196012
16082,0.000968,172.31.36.0-255,66,31586,12,196012
16083,0.000997,172.217.194.0-255,5693,37279,12,196012
16084,0.001001,172.31.36.0-255,66,37345,12,196012
16085,0.00132,172.31.36.0-255,66,37411,12,196012
16086,0.001606,172.31.36.0-255,66,37477,12,196012
16087,0.001669,172.31.36.0-255,66,37543,12,196012
16088,0.002595,172.31.36.0-255,66,37609,12,196012
16089,0.002629,172.31.36.0-255,66,37675,12,196012
16090,0.002673,172.31.36.0-255,66,37741,12,196012
16091,0.003562,172.217.194.0-255,7156,44897,12,196012
16092,0.003568,172.31.36.0-255,66,44963,12,196012
16093,0.003617,172.217.194.0-255,7156,52119,12,196012
16094,0.003629,172.31.36.0-255,66,52185,12,196012
16095,0.003674,172.31.36.0-255,66,52251,12,196012
16096,0.005941,172.217.194.0-255,5738,57989,12,196012
16097,0.005951,172.31.36.0-255,66,58055,12,196012
16098,0.008282,172.217.194.0-255,5738,63793,12,196012
16099,0.008299,172.31.36.0-255,66,63859,12,196012
16100,0.010615,172.217.194.0-255,5738,69597,12,196012
16101,0.010633,172.31.36.0-255,66,69663,12,196012
16102,0.01298,172.217.194.0-255,5738,75401,12,196012
16103,0.012997,172.31.36.0-255,66,75467,12,196012
16104,0.015298,172.217.194.0-255,5738,81205,12,196012
16105,0.015317,172.31.36.0-255,66,81271,12,196012
16106,0.017623,172.217.194.0-255,5738,87009,12,196012
16107,0.017645,172.31.36.0-255,66,87075,12,196012
16108,0.019965,172.217.194.0-255,5738,92813,12,196012
16109,0.019987,172.31.36.0-255,66,92879,12,196012
16110,0.022291,172.217.194.0-255,5738,98617,12,196012
16111,0.022313,172.31.36.0-255,66,98683,12,196012
16112,0.024653,172.217.194.0-255,5738,104421,12,196012
16113,0.024673,172.31.36.0-255,66,104487,12,196012
16114,0.026984,172.217.194.0-255,5738,110225,12,196012
16115,0.027003,172.31.36.0-255,66,110291,12,196012
16116,0.029333,172.217.194.0-255,5738,116029,12,196012
16117,0.02935,172.31.36.0-255,66,116095,12,196012
16118,0.030173,172.31.36.0-255,172,116267,12,196012
16119,0.030229,172.31.36.0-255,1109,117376,12,196012
16120,0.030303,172.31.36.0-255,1514,118890,12,196012
16121,0.030306,172.31.36.0-255,1298,120188,12,196012
16122,0.031662,172.217.194.0-255,5738,125926,12,196012
16123,0.031677,172.31.36.0-255,66,125992,12,196012
16124,0.031736,104.244.42.0-255,66,126058,12,196012
16125,0.031784,104.244.42.0-255,66,126124,12,196012
16126,0.031869,104.244.42.0-255,66,126190,12,196012
16127,0.03268,104.244.42.0-255,108,126298,12,196012
16128,0.032692,172.31.36.0-255,66,126364,12,196012
16129,0.033959,172.217.194.0-255,5738,132102,12,196012
16130,0.033968,172.31.36.0-255,66,132168,12,196012
16131,0.036269,172.217.194.0-255,5738,137906,12,196012
16132,0.036286,172.31.36.0-255,66,137972,12,196012
16133,0.038568,172.217.194.0-255,5738,143710,12,196012
16134,0.038582,172.31.36.0-255,66,143776,12,196012
16135,0.04086,172.217.194.0-255,5738,149514,12,196012
16136,0.040873,172.31.36.0-255,66,149580,12,196012
16137,0.043192,172.217.194.0-255,5738,155318,12,196012
16138,0.043219,172.31.36.0-255,66,155384,12,196012
16139,0.045488,172.217.194.0-255,5738,161122,12,196012
16140,0.0455,172.31.36.0-255,66,161188,12,196012
16141,0.047789,172.217.194.0-255,5738,166926,12,196012
16142,0.047803,172.31.36.0-255,66,166992,12,196012
16143,0.050092,172.217.194.0-255,5738,172730,12,196012
16144,0.050105,172.31.36.0-255,66,172796,12,196012
16145,0.052435,172.217.194.0-255,5738,178534,12,196012
16146,0.052448,172.31.36.0-255,66,178600,12,196012
16147,0.054774,172.217.194.0-255,5738,184338,12,196012
16148,0.054789,172.31.36.0-255,66,184404,12,196012
16149,0.057081,172.217.194.0-255,5738,190142,12,196012
16150,0.057096,172.31.36.0-255,66,190208,12,196012
16151,0.059412,172.217.194.0-255,5738,195946,12,196012
16152,0.059428,172.31.36.0-255,66,196012,12,196012
16153,0.0,172.217.194.0-255,152,152,12,292123
16154,3.4e-05,172.31.36.0-255,66,218,12,292123
16155,4.1e-05,172.217.194.0-255,1484,1702,12,292123
16156,4.5e-05,172.31.36.0-255,66,1768,12,292123
16157,5e-05,172.217.194.0-255,2902,4670,12,292123
16158,5.3e-05,172.31.36.0-255,66,4736,12,292123
16159,6e-05,172.217.194.0-255,5738,10474,12,292123
16160,6.3e-05,172.31.36.0-255,66,10540,12,292123
16161,8.4e-05,172.217.194.0-255,1484,12024,12,292123
16162,8.7e-05,172.31.36.0-255,66,12090,12,292123
16163,9e-05,172.217.194.0-255,1484,13574,12,292123
16164,9.2e-05,172.31.36.0-255,66,13640,12,292123
16165,9.7e-05,172.217.194.0-255,658,14298,12,292123
16166,9.9e-05,172.31.36.0-255,66,14364,12,292123
16167,0.000236,172.217.194.0-255,1484,15848,12,292123
16168,0.000242,172.31.36.0-255,66,15914,12,292123
16169,0.000247,172.217.194.0-255,2902,18816,12,292123
16170,0.000249,172.31.36.0-255,66,18882,12,292123
16171,0.000254,172.217.194.0-255,4320,23202,12,292123
16172,0.000256,172.31.36.0-255,66,23268,12,292123
16173,0.000276,172.217.194.0-255,1484,24752,12,292123
16174,0.000279,172.31.36.0-255,66,24818,12,292123
16175,0.000316,172.217.194.0-255,6797,31615,12,292123
16176,0.00032,172.31.36.0-255,66,31681,12,292123
16177,0.00036,172.217.194.0-255,4320,36001,12,292123
16178,0.000363,172.31.36.0-255,66,36067,12,292123
16179,0.000381,172.217.194.0-255,2902,38969,12,292123
16180,0.000385,172.31.36.0-255,66,39035,12,292123
16181,0.000396,172.31.36.0-255,66,39101,12,292123
16182,0.000399,172.217.194.0-255,1125,40226,12,292123
16183,0.000401,172.31.36.0-255,66,40292,12,292123
16184,0.00048,172.217.194.0-255,1484,41776,12,292123
16185,0.000485,172.217.194.0-255,2902,44678,12,292123
16186,0.000488,172.31.36.0-255,66,44744,12,292123
16187,0.000511,172.217.194.0-255,5738,50482,12,292123
16188,0.000515,172.217.194.0-255,2902,53384,12,292123
16189,0.000518,172.31.36.0-255,66,53450,12,292123
16190,0.000524,172.31.36.0-255,66,53516,12,292123
16191,0.000531,172.217.194.0-255,1484,55000,12,292123
16192,0.000559,172.217.194.0-255,2543,57543,12,292123
16193,0.000564,172.31.36.0-255,66,57609,12,292123
16194,0.000894,172.217.194.0-255,645,58254,12,292123
16195,0.000926,172.31.36.0-255,66,58320,12,292123
16196,0.001258,172.217.194.0-255,1484,59804,12,292123
16197,0.001269,172.217.194.0-255,2902,62706,12,292123
16198,0.001275,172.217.194.0-255,5738,68444,12,292123
16199,0.001299,172.217.194.0-255,5738,74182,12,292123
16200,0.001302,172.217.194.0-255,1484,75666,12,292123
16201,0.001319,172.31.36.0-255,66,75732,12,292123
16202,0.001343,172.217.194.0-255,5020,80752,12,292123
16203,0.001351,172.31.36.0-255,66,80818,12,292123
16204,0.001402,172.217.194.0-255,1484,82302,12,292123
16205,0.001419,172.217.194.0-255,2902,85204,12,292123
16206,0.001424,172.217.194.0-255,2902,88106,12,292123
16207,0.001441,172.217.194.0-255,2902,91008,12,292123
16208,0.001482,172.31.36.0-255,66,91074,12,292123
16209,0.001521,172.217.194.0-255,5738,96812,12,292123
16210,0.001551,172.31.36.0-255,66,96878,12,292123
16211,0.001684,172.217.194.0-255,1484,98362,12,292123
16212,0.001688,172.217.194.0-255,1484,99846,12,292123
16213,0.001699,172.31.36.0-255,66,99912,12,292123
16214,0.001702,172.217.194.0-255,1484,101396,12,292123
16215,0.001706,172.217.194.0-255,2902,104298,12,292123
16216,0.001711,172.31.36.0-255,66,104364,12,292123
16217,0.00172,172.217.194.0-255,2902,107266,12,292123
16218,0.001723,172.217.194.0-255,1484,108750,12,292123
16219,0.001751,172.31.36.0-255,66,108816,12,292123
16220,0.001772,172.217.194.0-255,2902,111718,12,292123
16221,0.001794,172.31.36.0-255,66,111784,12,292123
16222,0.002231,172.217.194.0-255,1484,113268,12,292123
16223,0.002252,172.217.194.0-255,2902,116170,12,292123
16224,0.002256,172.31.36.0-255,66,116236,12,292123
16225,0.002262,172.217.194.0-255,5738,121974,12,292123
16226,0.002273,172.31.36.0-255,66,122040,12,292123
16227,0.002292,172.217.194.0-255,7156,129196,12,292123
16228,0.002307,172.217.194.0-255,5738,134934,12,292123
16229,0.002312,172.217.194.0-255,5738,140672,12,292123
16230,0.002316,172.31.36.0-255,66,140738,12,292123
16231,0.002332,172.217.194.0-255,1484,142222,12,292123
16232,0.002353,172.217.194.0-255,3602,145824,12,292123
16233,0.002368,172.31.36.0-255,66,145890,12,292123
16234,0.002419,172.217.194.0-255,1484,147374,12,292123
16235,0.002423,172.217.194.0-255,2902,150276,12,292123
16236,0.002426,172.217.194.0-255,1484,151760,12,292123
16237,0.002434,172.31.36.0-255,66,151826,12,292123
16238,0.002447,172.217.194.0-255,4320,156146,12,292123
16239,0.002458,172.31.36.0-255,66,156212,12,292123
16240,0.002481,172.217.194.0-255,1484,157696,12,292123
16241,0.002503,172.31.36.0-255,66,157762,12,292123
16242,0.002522,172.31.36.0-255,66,157828,12,292123
16243,0.005029,172.217.194.0-255,5738,163566,12,292123
16244,0.005035,172.31.36.0-255,66,163632,12,292123
16245,0.007576,172.217.194.0-255,5738,169370,12,292123
16246,0.007583,172.31.36.0-255,66,169436,12,292123
16247,0.01014,172.217.194.0-255,5738,175174,12,292123
16248,0.010149,172.31.36.0-255,66,175240,12,292123
16249,0.012661,172.217.194.0-255,5738,180978,12,292123
16250,0.012671,172.31.36.0-255,66,181044,12,292123
16251,0.015187,172.217.194.0-255,5738,186782,12,292123
16252,0.015198,172.31.36.0-255,66,186848,12,292123
16253,0.017728,172.217.194.0-255,5738,192586,12,292123
16254,0.017736,172.31.36.0-255,66,192652,12,292123
16255,0.020265,172.217.194.0-255,5738,198390,12,292123
16256,0.020274,172.31.36.0-255,66,198456,12,292123
16257,0.022789,172.217.194.0-255,5738,204194,12,292123
16258,0.022796,172.31.36.0-255,66,204260,12,292123
16259,0.025305,172.217.194.0-255,5738,209998,12,292123
16260,0.025313,172.31.36.0-255,66,210064,12,292123
16261,0.02626,172.31.36.0-255,172,210236,12,292123
16262,0.026303,172.31.36.0-255,1109,211345,12,292123
16263,0.026372,172.31.36.0-255,1514,212859,12,292123
16264,0.026374,172.31.36.0-255,1514,214373,12,292123
16265,0.026375,172.31.36.0-255,978,215351,12,292123
16266,0.027849,172.217.194.0-255,5738,221089,12,292123
16267,0.027855,172.31.36.0-255,66,221155,12,292123
16268,0.027875,104.244.42.0-255,66,221221,12,292123
16269,0.027885,104.244.42.0-255,66,221287,12,292123
16270,0.027932,104.244.42.0-255,66,221353,12,292123
16271,0.027938,104.244.42.0-255,66,221419,12,292123
16272,0.030366,172.217.194.0-255,5738,227157,12,292123
16273,0.030371,172.31.36.0-255,66,227223,12,292123
16274,0.0329,172.217.194.0-255,5738,232961,12,292123
16275,0.032906,172.31.36.0-255,66,233027,12,292123
16276,0.035478,172.217.194.0-255,5738,238765,12,292123
16277,0.035483,172.31.36.0-255,66,238831,12,292123
16278,0.038011,172.217.194.0-255,5738,244569,12,292123
16279,0.038016,172.31.36.0-255,66,244635,12,292123
16280,0.040518,172.217.194.0-255,2902,247537,12,292123
16281,0.040538,172.31.36.0-255,66,247603,12,292123
16282,0.040552,172.217.194.0-255,2902,250505,12,292123
16283,0.040566,172.31.36.0-255,66,250571,12,292123
16284,0.04305,172.217.194.0-255,2902,253473,12,292123
16285,0.043056,172.31.36.0-255,66,253539,12,292123
16286,0.0431,172.217.194.0-255,2902,256441,12,292123
16287,0.043137,172.31.36.0-255,66,256507,12,292123
16288,0.045567,172.217.194.0-255,2902,259409,12,292123
16289,0.045572,172.31.36.0-255,66,259475,12,292123
16290,0.045676,172.217.194.0-255,2902,262377,12,292123
16291,0.045681,172.31.36.0-255,66,262443,12,292123
16292,0.048101,172.217.194.0-255,2902,265345,12,292123
16293,0.048108,172.31.36.0-255,66,265411,12,292123
16294,0.048184,172.217.194.0-255,2902,268313,12,292123
16295,0.048573,172.31.36.0-255,66,268379,12,292123
16296,0.050622,172.217.194.0-255,2902,271281,12,292123
16297,0.050628,172.31.36.0-255,66,271347,12,292123
16298,0.051104,172.217.194.0-255,2902,274249,12,292123
16299,0.051109,172.31.36.0-255,66,274315,12,292123
16300,0.053141,172.217.194.0-255,2902,277217,12,292123
16301,0.053146,172.31.36.0-255,66,277283,12,292123
16302,0.053625,172.217.194.0-255,2902,280185,12,292123
16303,0.05363,172.31.36.0-255,66,280251,12,292123
16304,0.055662,172.217.194.0-255,2902,283153,12,292123
16305,0.055667,172.31.36.0-255,66,283219,12,292123
16306,0.056526,172.217.194.0-255,2902,286121,12,292123
16307,0.056532,172.31.36.0-255,66,286187,12,292123
16308,0.058195,172.217.194.0-255,2902,289089,12,292123
16309,0.0582,172.31.36.0-255,66,289155,12,292123
16310,0.059055,172.217.194.0-255,2902,292057,12,292123
16311,0.05906,172.31.36.0-255,66,292123,12,292123
16312,0.0,74.125.24.0-255,153,153,12,265325
16313,3.6e-05,172.31.36.0-255,66,219,12,265325
16314,4.3e-05,74.125.24.0-255,1484,1703,12,265325
16315,4.7e-05,172.31.36.0-255,66,1769,12,265325
16316,5.1e-05,74.125.24.0-255,2902,4671,12,265325
16317,5.5e-05,172.31.36.0-255,66,4737,12,265325
16318,5.8e-05,74.125.24.0-255,1484,6221,12,265325
16319,6e-05,172.31.36.0-255,66,6287,12,265325
16320,8.3e-05,74.125.24.0-255,4320,10607,12,265325
16321,8.9e-05,172.31.36.0-255,66,10673,12,265325
16322,0.000107,74.125.24.0-255,1484,12157,12,265325
16323,0.000109,172.31.36.0-255,66,12223,12,265325
16324,0.000126,74.125.24.0-255,2018,14241,12,265325
16325,0.000129,172.31.36.0-255,66,14307,12,265325
16326,0.000165,74.125.24.0-255,4320,18627,12,265325
16327,0.000168,172.31.36.0-255,66,18693,12,265325
16328,0.000176,74.125.24.0-255,5738,24431,12,265325
16329,0.000178,172.31.36.0-255,66,24497,12,265325
16330,0.000211,74.125.24.0-255,2902,27399,12,265325
16331,0.000213,172.31.36.0-255,66,27465,12,265325
16332,0.000232,74.125.24.0-255,3961,31426,12,265325
16333,0.000235,172.31.36.0-255,66,31492,12,265325
16334,0.000471,74.125.24.0-255,1484,32976,12,265325
16335,0.000477,172.31.36.0-255,66,33042,12,265325
16336,0.000483,74.125.24.0-255,2902,35944,12,265325
16337,0.000485,172.31.36.0-255,66,36010,12,265325
16338,0.000505,74.125.24.0-255,5738,41748,12,265325
16339,0.000508,172.31.36.0-255,66,41814,12,265325
16340,0.000567,172.31.36.0-255,66,41880,12,265325
16341,0.00057,74.125.24.0-255,1484,43364,12,265325
16342,0.000573,172.31.36.0-255,66,43430,12,265325
16343,0.000612,172.31.36.0-255,66,43496,12,265325
16344,0.000906,74.125.24.0-255,108,43604,12,265325
16345,0.000925,172.31.36.0-255,66,43670,12,265325
16346,0.000944,74.125.24.0-255,1484,45154,12,265325
16347,0.000965,74.125.24.0-255,2902,48056,12,265325
16348,0.000969,172.31.36.0-255,66,48122,12,265325
16349,0.000977,74.125.24.0-255,7156,55278,12,265325
16350,0.000979,172.31.36.0-255,66,55344,12,265325
16351,0.001009,74.125.24.0-255,5379,60723,12,265325
16352,0.001012,172.31.36.0-255,66,60789,12,265325
16353,0.001026,74.125.24.0-255,1484,62273,12,265325
16354,0.00104,74.125.24.0-255,4320,66593,12,265325
16355,0.001043,172.31.36.0-255,66,66659,12,265325
16356,0.001048,74.125.24.0-255,4320,70979,12,265325
16357,0.00105,172.31.36.0-255,66,71045,12,265325
16358,0.001111,74.125.24.0-255,7063,78108,12,265325
16359,0.001115,172.31.36.0-255,66,78174,12,265325
16360,0.00127,74.125.24.0-255,1484,79658,12,265325
16361,0.001274,74.125.24.0-255,1484,81142,12,265325
16362,0.001277,172.31.36.0-255,66,81208,12,265325
16363,0.001297,74.125.24.0-255,1484,82692,12,265325
16364,0.001303,74.125.24.0-255,5738,88430,12,265325
16365,0.001306,172.31.36.0-255,66,88496,12,265325
16366,0.001309,74.125.24.0-255,1484,89980,12,265325
16367,0.001344,172.31.36.0-255,66,90046,12,265325
16368,0.001363,74.125.24.0-255,1484,91530,12,265325
16369,0.001388,172.31.36.0-255,66,91596,12,265325
16370,0.001671,74.125.24.0-255,1484,93080,12,265325
16371,0.001682,74.125.24.0-255,2902,95982,12,265325
16372,0.001686,172.31.36.0-255,66,96048,12,265325
16373,0.001693,74.125.24.0-255,5738,101786,12,265325
16374,0.001695,172.31.36.0-255,66,101852,12,265325
16375,0.001739,172.31.36.0-255,66,101918,12,265325
16376,0.00175,172.31.36.0-255,66,101984,12,265325
16377,0.001775,74.125.24.0-255,2184,104168,12,265325
16378,0.001778,172.31.36.0-255,66,104234,12,265325
16379,0.002194,74.125.24.0-255,1484,105718,12,265325
16380,0.002205,74.125.24.0-255,2902,108620,12,265325
16381,0.00221,172.31.36.0-255,66,108686,12,265325
16382,0.002218,74.125.24.0-255,5738,114424,12,265325
16383,0.00222,172.31.36.0-255,66,114490,12,265325
16384,0.002256,172.31.36.0-255,66,114556,12,265325
16385,0.002289,172.31.36.0-255,66,114622,12,265325
16386,0.002299,74.125.24.0-255,766,115388,12,265325
16387,0.002545,172.31.36.0-255,66,115454,12,265325
16388,0.00451,74.125.24.0-255,4320,119774,12,265325
16389,0.004515,172.31.36.0-255,66,119840,12,265325
16390,0.004772,74.125.24.0-255,1484,121324,12,265325
16391,0.006755,74.125.24.0-255,4320,125644,12,265325
16392,0.00676,172.31.36.0-255,66,125710,12,265325
16393,0.009007,74.125.24.0-255,5738,131448,12,265325
16394,0.009015,172.31.36.0-255,66,131514,12,265325
16395,0.011293,74.125.24.0-255,5738,137252,12,265325
16396,0.011301,172.31.36.0-255,66,137318,12,265325
16397,0.013549,74.125.24.0-255,5738,143056,12,265325
16398,0.013556,172.31.36.0-255,66,143122,12,265325
16399,0.015863,74.125.24.0-255,5738,148860,12,265325
16400,0.015871,172.31.36.0-255,66,148926,12,265325
16401,0.018113,74.125.24.0-255,5738,154664,12,265325
16402,0.018124,172.31.36.0-255,66,154730,12,265325
16403,0.020355,74.125.24.0-255,5738,160468,12,265325
16404,0.020363,172.31.36.0-255,66,160534,12,265325
16405,0.022631,74.125.24.0-255,5738,166272,12,265325
16406,0.022639,172.31.36.0-255,66,166338,12,265325
16407,0.024851,74.125.24.0-255,5738,172076,12,265325
16408,0.024857,172.31.36.0-255,66,172142,12,265325
16409,0.025278,172.31.36.0-255,172,172314,12,265325
16410,0.025322,172.31.36.0-255,1109,173423,12,265325
16411,0.025414,172.31.36.0-255,1514,174937,12,265325
16412,0.025416,172.31.36.0-255,1514,176451,12,265325
16413,0.025421,172.31.36.0-255,1514,177965,12,265325
16414,0.025422,172.31.36.0-255,1514,179479,12,265325
16415,0.025444,172.31.36.0-255,170,179649,12,265325
16416,0.026825,104.244.42.0-255,66,179715,12,265325
16417,0.026918,104.244.42.0-255,66,179781,12,265325
16418,0.026955,104.244.42.0-255,66,179847,12,265325
16419,0.026958,104.244.42.0-255,66,179913,12,265325
16420,0.02708,74.125.24.0-255,5738,185651,12,265325
16421,0.027084,172.31.36.0-255,66,185717,12,265325
16422,0.029334,74.125.24.0-255,5738,191455,12,265325
16423,0.02934,172.31.36.0-255,66,191521,12,265325
16424,0.031579,74.125.24.0-255,5738,197259,12,265325
16425,0.031585,172.31.36.0-255,66,197325,12,265325
16426,0.033811,74.125.24.0-255,2902,200227,12,265325
16427,0.033817,172.31.36.0-255,66,200293,12,265325
16428,0.033848,74.125.24.0-255,2902,203195,12,265325
16429,0.033851,172.31.36.0-255,66,203261,12,265325
16430,0.036047,74.125.24.0-255,2902,206163,12,265325
16431,0.036052,172.31.36.0-255,66,206229,12,265325
16432,0.036084,74.125.24.0-255,2902,209131,12,265325
16433,0.036087,172.31.36.0-255,66,209197,12,265325
16434,0.038272,74.125.24.0-255,2902,212099,12,265325
16435,0.038278,172.31.36.0-255,66,212165,12,265325
16436,0.038326,74.125.24.0-255,2902,215067,12,265325
16437,0.038331,172.31.36.0-255,66,215133,12,265325
16438,0.040518,74.125.24.0-255,2902,218035,12,265325
16439,0.040523,172.31.36.0-255,66,218101,12,265325
16440,0.040575,74.125.24.0-255,1484,219585,12,265325
16441,0.040586,74.125.24.0-255,1484,221069,12,265325
16442,0.040589,172.31.36.0-255,66,221135,12,265325
16443,0.042753,74.125.24.0-255,2902,224037,12,265325
16444,0.042758,172.31.36.0-255,66,224103,12,265325
16445,0.042826,74.125.24.0-255,2902,227005,12,265325
16446,0.042831,172.31.36.0-255,66,227071,12,265325
16447,0.044972,74.125.24.0-255,2902,229973,12,265325
16448,0.044977,172.31.36.0-255,66,230039,12,265325
16449,0.045048,74.125.24.0-255,2902,232941,12,265325
16450,0.045052,172.31.36.0-255,66,233007,12,265325
16451,0.047256,74.125.24.0-255,2902,235909,12,265325
16452,0.047261,172.31.36.0-255,66,235975,12,265325
16453,0.047294,74.125.24.0-255,2902,238877,12,265325
16454,0.047297,172.31.36.0-255,66,238943,12,265325
16455,0.049529,74.125.24.0-255,4320,243263,12,265325
16456,0.049534,172.31.36.0-255,66,243329,12,265325
16457,0.049559,74.125.24.0-255,1484,244813,12,265325
16458,0.051746,74.125.24.0-255,4320,249133,12,265325
16459,0.051752,172.31.36.0-255,66,249199,12,265325
16460,0.05399,74.125.24.0-255,1484,250683,12,265325
16461,0.054025,74.125.24.0-255,4320,255003,12,265325
16462,0.05403,172.31.36.0-255,66,255069,12,265325
16463,0.056261,74.125.24.0-255,4320,259389,12,265325
16464,0.056266,172.31.36.0-255,66,259455,12,265325
16465,0.056292,74.125.24.0-255,1484,260939,12,265325
16466,0.05848,74.125.24.0-255,4320,265259,12,265325
16467,0.058484,172.31.36.0-255,66,265325,12,265325
16468,0.0,172.217.194.0-255,153,153,12,269836
16469,2.7e-05,172.31.36.0-255,66,219,12,269836
16470,3.4e-05,172.217.194.0-255,1484,1703,12,269836
16471,3.8e-05,172.31.36.0-255,66,1769,12,269836
16472,4.3e-05,172.217.194.0-255,2902,4671,12,269836
16473,4.6e-05,172.31.36.0-255,66,4737,12,269836
16474,5e-05,172.217.194.0-255,2902,7639,12,269836
16475,5.3e-05,172.31.36.0-255,66,7705,12,269836
16476,7.9e-05,172.217.194.0-255,6230,13935,12,269836
16477,8.3e-05,172.31.36.0-255,66,14001,12,269836
16478,0.000196,172.217.194.0-255,1484,15485,12,269836
16479,0.0002,172.31.36.0-255,66,15551,12,269836
16480,0.000225,172.217.194.0-255,2902,18453,12,269836
16481,0.000228,172.31.36.0-255,66,18519,12,269836
16482,0.000234,172.217.194.0-255,5738,24257,12,269836
16483,0.000236,172.31.36.0-255,66,24323,12,269836
16484,0.000288,172.217.194.0-255,2902,27225,12,269836
16485,0.000291,172.31.36.0-255,66,27291,12,269836
16486,0.000321,172.31.36.0-255,66,27357,12,269836
16487,0.000333,172.31.36.0-255,66,27423,12,269836
16488,0.000337,172.217.194.0-255,2543,29966,12,269836
16489,0.000341,172.31.36.0-255,66,30032,12,269836
16490,0.000864,172.217.194.0-255,1484,31516,12,269836
16491,0.000869,172.31.36.0-255,66,31582,12,269836
16492,0.00088,172.217.194.0-255,2902,34484,12,269836
16493,0.000883,172.31.36.0-255,66,34550,12,269836
16494,0.000908,172.217.194.0-255,5738,40288,12,269836
16495,0.000912,172.31.36.0-255,66,40354,12,269836
16496,0.000931,172.217.194.0-255,4320,44674,12,269836
16497,0.000935,172.31.36.0-255,66,44740,12,269836
16498,0.000959,172.217.194.0-255,3123,47863,12,269836
16499,0.000962,172.31.36.0-255,66,47929,12,269836
16500,0.000998,172.217.194.0-255,1484,49413,12,269836
16501,0.001004,172.217.194.0-255,2902,52315,12,269836
16502,0.001007,172.31.36.0-255,66,52381,12,269836
16503,0.00103,172.217.194.0-255,5738,58119,12,269836
16504,0.001033,172.31.36.0-255,66,58185,12,269836
16505,0.001036,172.217.194.0-255,1484,59669,12,269836
16506,0.001076,172.31.36.0-255,66,59735,12,269836
16507,0.001128,172.217.194.0-255,2902,62637,12,269836
16508,0.001132,172.31.36.0-255,66,62703,12,269836
16509,0.001163,172.31.36.0-255,66,62769,12,269836
16510,0.001731,172.217.194.0-255,1484,64253,12,269836
16511,0.001739,172.217.194.0-255,2902,67155,12,269836
16512,0.001744,172.31.36.0-255,66,67221,12,269836
16513,0.00175,172.217.194.0-255,4320,71541,12,269836
16514,0.001752,172.31.36.0-255,66,71607,12,269836
16515,0.001764,172.217.194.0-255,1484,73091,12,269836
16516,0.001769,172.217.194.0-255,2902,75993,12,269836
16517,0.001771,172.31.36.0-255,66,76059,12,269836
16518,0.001805,172.31.36.0-255,66,76125,12,269836
16519,0.001826,172.217.194.0-255,4320,80445,12,269836
16520,0.001829,172.31.36.0-255,66,80511,12,269836
16521,0.001855,172.217.194.0-255,6438,86949,12,269836
16522,0.001858,172.31.36.0-255,66,87015,12,269836
16523,0.002181,172.217.194.0-255,1484,88499,12,269836
16524,0.002207,172.217.194.0-255,1484,89983,12,269836
16525,0.002211,172.217.194.0-255,2902,92885,12,269836
16526,0.002215,172.31.36.0-255,66,92951,12,269836
16527,0.002223,172.31.36.0-255,66,93017,12,269836
16528,0.002229,172.217.194.0-255,5738,98755,12,269836
16529,0.002231,172.31.36.0-255,66,98821,12,269836
16530,0.002272,172.31.36.0-255,66,98887,12,269836
16531,0.002306,172.217.194.0-255,5738,104625,12,269836
16532,0.002308,172.31.36.0-255,66,104691,12,269836
16533,0.002327,172.217.194.0-255,3602,108293,12,269836
16534,0.002329,172.31.36.0-255,66,108359,12,269836
16535,0.002492,172.217.194.0-255,1484,109843,12,269836
16536,0.002497,172.217.194.0-255,1484,111327,12,269836
16537,0.0025,172.31.36.0-255,66,111393,12,269836
16538,0.002518,172.217.194.0-255,1484,112877,12,269836
16539,0.002524,172.217.194.0-255,5738,118615,12,269836
16540,0.002526,172.31.36.0-255,66,118681,12,269836
16541,0.002563,172.217.194.0-255,5738,124419,12,269836
16542,0.002565,172.31.36.0-255,66,124485,12,269836
16543,0.002589,172.217.194.0-255,7156,131641,12,269836
16544,0.002591,172.31.36.0-255,66,131707,12,269836
16545,0.002597,172.217.194.0-255,5738,137445,12,269836
16546,0.002599,172.31.36.0-255,66,137511,12,269836
16547,0.005131,172.217.194.0-255,5738,143249,12,269836
16548,0.005139,172.31.36.0-255,66,143315,12,269836
16549,0.007658,172.217.194.0-255,2902,146217,12,269836
16550,0.007664,172.31.36.0-255,66,146283,12,269836
16551,0.007686,172.217.194.0-255,2902,149185,12,269836
16552,0.007689,172.31.36.0-255,66,149251,12,269836
16553,0.010201,172.217.194.0-255,2902,152153,12,269836
16554,0.010212,172.31.36.0-255,66,152219,12,269836
16555,0.010248,172.217.194.0-255,1484,153703,12,269836
16556,0.010264,172.217.194.0-255,1484,155187,12,269836
16557,0.010267,172.31.36.0-255,66,155253,12,269836
16558,0.012778,172.217.194.0-255,5738,160991,12,269836
16559,0.012791,172.31.36.0-255,66,161057,12,269836
16560,0.015339,172.217.194.0-255,5738,166795,12,269836
16561,0.015347,172.31.36.0-255,66,166861,12,269836
16562,0.017929,172.217.194.0-255,5738,172599,12,269836
16563,0.017934,172.31.36.0-255,66,172665,12,269836
16564,0.020473,172.217.194.0-255,5738,178403,12,269836
16565,0.020477,172.31.36.0-255,66,178469,12,269836
16566,0.023003,172.217.194.0-255,5738,184207,12,269836
16567,0.023011,172.31.36.0-255,66,184273,12,269836
16568,0.025539,172.217.194.0-255,5738,190011,12,269836
16569,0.02555,172.31.36.0-255,66,190077,12,269836
16570,0.028111,172.217.194.0-255,5738,195815,12,269836
16571,0.02812,172.31.36.0-255,66,195881,12,269836
16572,0.029798,172.31.36.0-255,188,196069,12,269836
16573,0.029825,172.31.36.0-255,952,197021,12,269836
16574,0.029863,172.31.36.0-255,1514,198535,12,269836
16575,0.029865,172.31.36.0-255,1455,199990,12,269836
16576,0.030637,172.217.194.0-255,5738,205728,12,269836
16577,0.030644,172.31.36.0-255,66,205794,12,269836
16578,0.031349,104.244.42.0-255,66,205860,12,269836
16579,0.031408,104.244.42.0-255,66,205926,12,269836
16580,0.031461,104.244.42.0-255,66,205992,12,269836
16581,0.033171,172.217.194.0-255,5738,211730,12,269836
16582,0.033177,172.31.36.0-255,66,211796,12,269836
16583,0.035737,172.217.194.0-255,5738,217534,12,269836
16584,0.035745,172.31.36.0-255,66,217600,12,269836
16585,0.038298,172.217.194.0-255,5738,223338,12,269836
16586,0.038304,172.31.36.0-255,66,223404,12,269836
16587,0.04087,172.217.194.0-255,5738,229142,12,269836
16588,0.040877,172.31.36.0-255,66,229208,12,269836
16589,0.043431,172.217.194.0-255,5738,234946,12,269836
16590,0.043437,172.31.36.0-255,66,235012,12,269836
16591,0.045983,172.217.194.0-255,5738,240750,12,269836
16592,0.045988,172.31.36.0-255,66,240816,12,269836
16593,0.048512,172.217.194.0-255,5738,246554,12,269836
16594,0.048521,172.31.36.0-255,66,246620,12,269836
16595,0.051065,172.217.194.0-255,5738,252358,12,269836
16596,0.051071,172.31.36.0-255,66,252424,12,269836
16597,0.053602,172.217.194.0-255,5738,258162,12,269836
16598,0.053607,172.31.36.0-255,66,258228,12,269836
16599,0.056152,172.217.194.0-255,5738,263966,12,269836
16600,0.056157,172.31.36.0-255,66,264032,12,269836
16601,0.0587,172.217.194.0-255,5738,269770,12,269836
16602,0.058705,172.31.36.0-255,66,269836,12,269836
16603,0.0,172.217.194.0-255,153,153,12,223220
16604,1.7e-05,172.31.36.0-255,66,219,12,223220
16605,2.4e-05,172.217.194.0-255,1484,1703,12,223220
16606,2.8e-05,172.31.36.0-255,66,1769,12,223220
16607,3.5e-05,172.217.194.0-255,2902,4671,12,223220
16608,3.8e-05,172.31.36.0-255,66,4737,12,223220
16609,5.4e-05,172.217.194.0-255,7156,11893,12,223220
16610,5.6e-05,172.31.36.0-255,66,11959,12,223220
16611,0.00013,172.31.36.0-255,66,12025,12,223220
16612,0.000134,172.217.194.0-255,2543,14568,12,223220
16613,0.000136,172.31.36.0-255,66,14634,12,223220
16614,0.00014,172.217.194.0-255,1484,16118,12,223220
16615,0.000142,172.31.36.0-255,66,16184,12,223220
16616,0.000183,172.217.194.0-255,2902,19086,12,223220
16617,0.000186,172.31.36.0-255,66,19152,12,223220
16618,0.000192,172.217.194.0-255,5738,24890,12,223220
16619,0.000194,172.31.36.0-255,66,24956,12,223220
16620,0.0002,172.217.194.0-255,5738,30694,12,223220
16621,0.000209,172.31.36.0-255,66,30760,12,223220
16622,0.000221,172.31.36.0-255,66,30826,12,223220
16623,0.000255,172.217.194.0-255,3961,34787,12,223220
16624,0.000261,172.31.36.0-255,66,34853,12,223220
16625,0.000266,172.217.194.0-255,4209,39062,12,223220
16626,0.000269,172.31.36.0-255,66,39128,12,223220
16627,0.000271,172.217.194.0-255,437,39565,12,223220
16628,0.000273,172.31.36.0-255,66,39631,12,223220
16629,0.000519,172.217.194.0-255,1484,41115,12,223220
16630,0.000525,172.31.36.0-255,66,41181,12,223220
16631,0.000532,172.217.194.0-255,2902,44083,12,223220
16632,0.000534,172.31.36.0-255,66,44149,12,223220
16633,0.000562,172.217.194.0-255,5738,49887,12,223220
16634,0.000586,172.217.194.0-255,5738,55625,12,223220
16635,0.000604,172.217.194.0-255,1484,57109,12,223220
16636,0.000615,172.31.36.0-255,66,57175,12,223220
16637,0.000645,172.217.194.0-255,3602,60777,12,223220
16638,0.000655,172.31.36.0-255,66,60843,12,223220
16639,0.00068,172.217.194.0-255,4320,65163,12,223220
16640,0.000684,172.217.194.0-255,1484,66647,12,223220
16641,0.0007,172.217.194.0-255,4320,70967,12,223220
16642,0.000709,172.31.36.0-255,66,71033,12,223220
16643,0.000722,172.217.194.0-255,7156,78189,12,223220
16644,0.000739,172.217.194.0-255,4320,82509,12,223220
16645,0.000773,172.31.36.0-255,66,82575,12,223220
16646,0.000785,172.217.194.0-255,5738,88313,12,223220
16647,0.000804,172.217.194.0-255,7156,95469,12,223220
16648,0.000807,172.31.36.0-255,66,95535,12,223220
16649,0.000844,172.31.36.0-255,66,95601,12,223220
16650,0.00086,172.217.194.0-255,2902,98503,12,223220
16651,0.000866,172.217.194.0-255,6438,104941,12,223220
16652,0.00089,172.217.194.0-255,5738,110679,12,223220
16653,0.000898,172.31.36.0-255,66,110745,12,223220
16654,0.000906,172.217.194.0-255,2902,113647,12,223220
16655,0.000911,172.31.36.0-255,66,113713,12,223220
16656,0.000943,172.217.194.0-255,4320,118033,12,223220
16657,0.000962,172.217.194.0-255,6438,124471,12,223220
16658,0.001021,172.31.36.0-255,66,124537,12,223220
16659,0.001187,172.217.194.0-255,1484,126021,12,223220
16660,0.001194,172.217.194.0-255,2902,128923,12,223220
16661,0.001198,172.217.194.0-255,2902,131825,12,223220
16662,0.00121,172.217.194.0-255,2902,134727,12,223220
16663,0.001218,172.31.36.0-255,66,134793,12,223220
16664,0.001275,172.217.194.0-255,4320,139113,12,223220
16665,0.001281,172.31.36.0-255,66,139179,12,223220
16666,0.001293,172.217.194.0-255,5738,144917,12,223220
16667,0.001298,172.31.36.0-255,66,144983,12,223220
16668,0.00132,172.217.194.0-255,5020,150003,12,223220
16669,0.001346,172.31.36.0-255,66,150069,12,223220
16670,0.00146,172.217.194.0-255,1484,151553,12,223220
16671,0.001467,172.217.194.0-255,2902,154455,12,223220
16672,0.001478,172.31.36.0-255,66,154521,12,223220
16673,0.001491,172.217.194.0-255,5738,160259,12,223220
16674,0.001556,172.217.194.0-255,2902,163161,12,223220
16675,0.001561,172.217.194.0-255,2184,165345,12,223220
16676,0.00157,172.31.36.0-255,66,165411,12,223220
16677,0.001681,172.217.194.0-255,1484,166895,12,223220
16678,0.001697,172.217.194.0-255,2902,169797,12,223220
16679,0.001702,172.217.194.0-255,2902,172699,12,223220
16680,0.001707,172.31.36.0-255,66,172765,12,223220
16681,0.001717,172.217.194.0-255,2902,175667,12,223220
16682,0.001745,172.217.194.0-255,4320,179987,12,223220
16683,0.001803,172.217.194.0-255,2184,182171,12,223220
16684,0.001813,172.31.36.0-255,66,182237,12,223220
16685,0.001855,172.217.194.0-255,1484,183721,12,223220
16686,0.00186,172.217.194.0-255,2902,186623,12,223220
16687,0.001866,172.217.194.0-255,5738,192361,12,223220
16688,0.001883,172.217.194.0-255,7156,199517,12,223220
16689,0.001898,172.217.194.0-255,5738,205255,12,223220
16690,0.001916,172.217.194.0-255,5738,210993,12,223220
16691,0.001919,172.31.36.0-255,66,211059,12,223220
16692,0.001925,172.31.36.0-255,66,211125,12,223220
16693,0.002004,172.31.36.0-255,66,211191,12,223220
16694,0.002025,172.217.194.0-255,7156,218347,12,223220
16695,0.002041,172.31.36.0-255,66,218413,12,223220
16696,0.002078,172.217.194.0-255,105,218518,12,223220
16697,0.002127,172.31.36.0-255,66,218584,12,223220
16698,0.004695,172.31.36.0-255,105,218689,12,223220
16699,0.007026,172.217.194.0-255,66,218755,12,223220
16700,0.030362,172.31.36.0-255,172,218927,12,223220
16701,0.030395,172.31.36.0-255,1110,220037,12,223220
16702,0.030461,172.31.36.0-255,1514,221551,12,223220
16703,0.030462,172.31.36.0-255,1297,222848,12,223220
16704,0.031916,104.244.42.0-255,66,222914,12,223220
16705,0.031947,104.244.42.0-255,66,222980,12,223220
16706,0.032044,104.244.42.0-255,66,223046,12,223220
16707,0.033551,104.244.42.0-255,108,223154,12,223220
16708,0.033559,172.31.36.0-255,66,223220,12,223220
16709,0.0,172.31.36.0-255,66,66,12,66
16710,0.0,172.217.194.0-255,154,154,12,122069
16711,5.8e-05,172.31.36.0-255,66,220,12,122069
16712,6.6e-05,172.217.194.0-255,1484,1704,12,122069
16713,7.2e-05,172.31.36.0-255,66,1770,12,122069
16714,7.6e-05,172.217.194.0-255,2902,4672,12,122069
16715,7.9e-05,172.31.36.0-255,66,4738,12,122069
16716,8.5e-05,172.217.194.0-255,7156,11894,12,122069
16717,8.8e-05,172.31.36.0-255,66,11960,12,122069
16718,0.000105,172.31.36.0-255,66,12026,12,122069
16719,0.000108,172.217.194.0-255,2543,14569,12,122069
16720,0.000111,172.31.36.0-255,66,14635,12,122069
16721,0.000135,172.217.194.0-255,1484,16119,12,122069
16722,0.000137,172.31.36.0-255,66,16185,12,122069
16723,0.000141,172.217.194.0-255,2902,19087,12,122069
16724,0.000144,172.31.36.0-255,66,19153,12,122069
16725,0.000146,172.217.194.0-255,1484,20637,12,122069
16726,0.000148,172.31.36.0-255,66,20703,12,122069
16727,0.000179,172.217.194.0-255,4320,25023,12,122069
16728,0.000182,172.31.36.0-255,66,25089,12,122069
16729,0.000196,172.31.36.0-255,66,25155,12,122069
16730,0.000232,172.217.194.0-255,1484,26639,12,122069
16731,0.000235,172.31.36.0-255,66,26705,12,122069
16732,0.000265,172.31.36.0-255,66,26771,12,122069
16733,0.000268,172.217.194.0-255,367,27138,12,122069
16734,0.00027,172.31.36.0-255,66,27204,12,122069
16735,0.000373,172.217.194.0-255,1484,28688,12,122069
16736,0.000379,172.31.36.0-255,66,28754,12,122069
16737,0.000384,172.217.194.0-255,2902,31656,12,122069
16738,0.000387,172.31.36.0-255,66,31722,12,122069
16739,0.000391,172.217.194.0-255,2902,34624,12,122069
16740,0.000394,172.31.36.0-255,66,34690,12,122069
16741,0.000416,172.217.194.0-255,2902,37592,12,122069
16742,0.000419,172.31.36.0-255,66,37658,12,122069
16743,0.00047,172.31.36.0-255,66,37724,12,122069
16744,0.000475,172.31.36.0-255,66,37790,12,122069
16745,0.000543,172.217.194.0-255,1484,39274,12,122069
16746,0.000562,172.217.194.0-255,2902,42176,12,122069
16747,0.000567,172.31.36.0-255,66,42242,12,122069
16748,0.000573,172.217.194.0-255,5738,47980,12,122069
16749,0.000577,172.31.36.0-255,66,48046,12,122069
16750,0.000608,172.31.36.0-255,66,48112,12,122069
16751,0.000619,172.31.36.0-255,66,48178,12,122069
16752,0.000644,172.217.194.0-255,1484,49662,12,122069
16753,0.000656,172.31.36.0-255,66,49728,12,122069
16754,0.000703,172.31.36.0-255,66,49794,12,122069
16755,0.000717,172.31.36.0-255,66,49860,12,122069
16756,0.000729,172.31.36.0-255,66,49926,12,122069
16757,0.000734,172.217.194.0-255,5738,55664,12,122069
16758,0.000737,172.31.36.0-255,66,55730,12,122069
16759,0.00076,172.217.194.0-255,4320,60050,12,122069
16760,0.000764,172.31.36.0-255,66,60116,12,122069
16761,0.000769,172.217.194.0-255,4320,64436,12,122069
16762,0.000772,172.31.36.0-255,66,64502,12,122069
16763,0.000808,172.31.36.0-255,66,64568,12,122069
16764,0.000839,172.31.36.0-255,66,64634,12,122069
16765,0.00085,172.31.36.0-255,66,64700,12,122069
16766,0.00088,172.217.194.0-255,2902,67602,12,122069
16767,0.000884,172.31.36.0-255,66,67668,12,122069
16768,0.000895,172.31.36.0-255,66,67734,12,122069
16769,0.000923,172.31.36.0-255,66,67800,12,122069
16770,0.000968,172.31.36.0-255,66,67866,12,122069
16771,0.001056,172.31.36.0-255,66,67932,12,122069
16772,0.00144,172.217.194.0-255,1484,69416,12,122069
16773,0.001457,172.217.194.0-255,2902,72318,12,122069
16774,0.001462,172.31.36.0-255,66,72384,12,122069
16775,0.00148,172.217.194.0-255,1484,73868,12,122069
16776,0.001503,172.217.194.0-255,4320,78188,12,122069
16777,0.00151,172.31.36.0-255,66,78254,12,122069
16778,0.001523,172.31.36.0-255,66,78320,12,122069
16779,0.00154,172.217.194.0-255,4320,82640,12,122069
16780,0.001543,172.31.36.0-255,66,82706,12,122069
16781,0.001555,172.31.36.0-255,66,82772,12,122069
16782,0.001603,172.217.194.0-255,1484,84256,12,122069
16783,0.001625,172.217.194.0-255,2902,87158,12,122069
16784,0.001628,172.31.36.0-255,66,87224,12,122069
16785,0.001634,172.217.194.0-255,4320,91544,12,122069
16786,0.001638,172.31.36.0-255,66,91610,12,122069
16787,0.001649,172.217.194.0-255,1484,93094,12,122069
16788,0.001666,172.217.194.0-255,1484,94578,12,122069
16789,0.001669,172.31.36.0-255,66,94644,12,122069
16790,0.001706,172.31.36.0-255,66,94710,12,122069
16791,0.001719,172.31.36.0-255,66,94776,12,122069
16792,0.001759,172.217.194.0-255,1484,96260,12,122069
16793,0.001783,172.217.194.0-255,2902,99162,12,122069
16794,0.001789,172.217.194.0-255,5738,104900,12,122069
16795,0.001794,172.31.36.0-255,66,104966,12,122069
16796,0.001832,172.31.36.0-255,66,105032,12,122069
16797,0.001842,172.217.194.0-255,4320,109352,12,122069
16798,0.001846,172.31.36.0-255,66,109418,12,122069
16799,0.001879,172.31.36.0-255,66,109484,12,122069
16800,0.00189,172.217.194.0-255,4320,113804,12,122069
16801,0.001893,172.31.36.0-255,66,113870,12,122069
16802,0.001935,172.217.194.0-255,105,113975,12,122069
16803,0.001937,172.31.36.0-255,66,114041,12,122069
16804,0.003583,172.31.36.0-255,66,114107,12,122069
16805,0.003612,172.31.36.0-255,105,114212,12,122069
16806,0.005884,172.217.194.0-255,66,114278,12,122069
16807,0.028333,172.31.36.0-255,188,114466,12,122069
16808,0.028501,172.31.36.0-255,952,115418,12,122069
16809,0.028562,172.31.36.0-255,1514,116932,12,122069
16810,0.028564,172.31.36.0-255,1514,118446,12,122069
16811,0.028566,172.31.36.0-255,1514,119960,12,122069
16812,0.028595,172.31.36.0-255,1514,121474,12,122069
16813,0.028596,172.31.36.0-255,331,121805,12,122069
16814,0.029874,104.244.42.0-255,66,121871,12,122069
16815,0.030047,104.244.42.0-255,66,121937,12,122069
16816,0.030115,104.244.42.0-255,66,122003,12,122069
16817,0.030208,104.244.42.0-255,66,122069,12,122069
16818,0.0,74.125.130.0-255,153,153,12,255103
16819,2.5e-05,172.31.36.0-255,66,219,12,255103
16820,3.3e-05,74.125.130.0-255,1484,1703,12,255103
16821,3.7e-05,172.31.36.0-255,66,1769,12,255103
16822,5.1e-05,74.125.130.0-255,2902,4671,12,255103
16823,5.5e-05,172.31.36.0-255,66,4737,12,255103
16824,6.2e-05,74.125.130.0-255,5738,10475,12,255103
16825,6.5e-05,172.31.36.0-255,66,10541,12,255103
16826,8.9e-05,74.125.130.0-255,3465,14006,12,255103
16827,9.3e-05,172.31.36.0-255,66,14072,12,255103
16828,9.6e-05,74.125.130.0-255,1484,15556,12,255103
16829,9.9e-05,172.31.36.0-255,66,15622,12,255103
16830,0.000125,74.125.130.0-255,2902,18524,12,255103
16831,0.000128,172.31.36.0-255,66,18590,12,255103
16832,0.00014,74.125.130.0-255,7156,25746,12,255103
16833,0.000142,172.31.36.0-255,66,25812,12,255103
16834,0.000163,74.125.130.0-255,2902,28714,12,255103
16835,0.000165,172.31.36.0-255,66,28780,12,255103
16836,0.000169,74.125.130.0-255,2543,31323,12,255103
16837,0.000177,172.31.36.0-255,66,31389,12,255103
16838,0.000303,74.125.130.0-255,1484,32873,12,255103
16839,0.000307,172.31.36.0-255,66,32939,12,255103
16840,0.000313,74.125.130.0-255,2902,35841,12,255103
16841,0.000315,172.31.36.0-255,66,35907,12,255103
16842,0.000318,74.125.130.0-255,1484,37391,12,255103
16843,0.000324,172.31.36.0-255,66,37457,12,255103
16844,0.000357,74.125.130.0-255,4320,41777,12,255103
16845,0.000359,172.31.36.0-255,66,41843,12,255103
16846,0.000364,74.125.130.0-255,2902,44745,12,255103
16847,0.000366,172.31.36.0-255,66,44811,12,255103
16848,0.000371,74.125.130.0-255,4320,49131,12,255103
16849,0.000378,172.31.36.0-255,66,49197,12,255103
16850,0.000389,172.31.36.0-255,66,49263,12,255103
16851,0.000395,74.125.130.0-255,4320,53583,12,255103
16852,0.000397,172.31.36.0-255,66,53649,12,255103
16853,0.000419,74.125.130.0-255,2902,56551,12,255103
16854,0.000421,172.31.36.0-255,66,56617,12,255103
16855,0.000449,74.125.130.0-255,1077,57694,12,255103
16856,0.000451,172.31.36.0-255,66,57760,12,255103
16857,0.001037,74.125.130.0-255,100,57860,12,255103
16858,0.001042,172.31.36.0-255,66,57926,12,255103
16859,0.001267,74.125.130.0-255,1484,59410,12,255103
16860,0.001273,172.31.36.0-255,66,59476,12,255103
16861,0.001281,74.125.130.0-255,2902,62378,12,255103
16862,0.001284,172.31.36.0-255,66,62444,12,255103
16863,0.001296,74.125.130.0-255,5738,68182,12,255103
16864,0.001298,172.31.36.0-255,66,68248,12,255103
16865,0.001302,74.125.130.0-255,1484,69732,12,255103
16866,0.001304,172.31.36.0-255,66,69798,12,255103
16867,0.001336,74.125.130.0-255,2902,72700,12,255103
16868,0.001339,172.31.36.0-255,66,72766,12,255103
16869,0.001346,74.125.130.0-255,5738,78504,12,255103
16870,0.001348,172.31.36.0-255,66,78570,12,255103
16871,0.001374,74.125.130.0-255,1484,80054,12,255103
16872,0.001383,74.125.130.0-255,2184,82238,12,255103
16873,0.001853,74.125.130.0-255,1484,83722,12,255103
16874,0.001861,74.125.130.0-255,2902,86624,12,255103
16875,0.001866,74.125.130.0-255,2902,89526,12,255103
16876,0.001882,74.125.130.0-255,4320,93846,12,255103
16877,0.001895,74.125.130.0-255,1484,95330,12,255103
16878,0.001911,74.125.130.0-255,5738,101068,12,255103
16879,0.001925,74.125.130.0-255,1484,102552,12,255103
16880,0.001932,74.125.130.0-255,5738,108290,12,255103
16881,0.001935,74.125.130.0-255,1484,109774,12,255103
16882,0.001949,74.125.130.0-255,5738,115512,12,255103
16883,0.001952,74.125.130.0-255,766,116278,12,255103
16884,0.005927,172.31.36.0-255,66,116344,12,255103
16885,0.00822,74.125.130.0-255,5738,122082,12,255103
16886,0.00823,172.31.36.0-255,66,122148,12,255103
16887,0.010529,74.125.130.0-255,5738,127886,12,255103
16888,0.010539,172.31.36.0-255,66,127952,12,255103
16889,0.012825,74.125.130.0-255,5738,133690,12,255103
16890,0.012834,172.31.36.0-255,66,133756,12,255103
16891,0.015131,74.125.130.0-255,5738,139494,12,255103
16892,0.015143,172.31.36.0-255,66,139560,12,255103
16893,0.017495,74.125.130.0-255,5738,145298,12,255103
16894,0.017505,172.31.36.0-255,66,145364,12,255103
16895,0.019798,74.125.130.0-255,5738,151102,12,255103
16896,0.019807,172.31.36.0-255,66,151168,12,255103
16897,0.022092,74.125.130.0-255,5738,156906,12,255103
16898,0.022099,172.31.36.0-255,66,156972,12,255103
16899,0.024399,74.125.130.0-255,5738,162710,12,255103
16900,0.02441,172.31.36.0-255,66,162776,12,255103
16901,0.026703,74.125.130.0-255,5738,168514,12,255103
16902,0.026711,172.31.36.0-255,66,168580,12,255103
16903,0.027883,172.31.36.0-255,172,168752,12,255103
16904,0.027919,172.31.36.0-255,1108,169860,12,255103
16905,0.027977,172.31.36.0-255,1514,171374,12,255103
16906,0.027979,172.31.36.0-255,1514,172888,12,255103
16907,0.028003,172.31.36.0-255,695,173583,12,255103
16908,0.029001,74.125.130.0-255,5738,179321,12,255103
16909,0.029009,172.31.36.0-255,66,179387,12,255103
16910,0.029416,104.244.42.0-255,66,179453,12,255103
16911,0.029463,104.244.42.0-255,66,179519,12,255103
16912,0.029546,104.244.42.0-255,66,179585,12,255103
16913,0.029549,104.244.42.0-255,66,179651,12,255103
16914,0.031287,74.125.130.0-255,5738,185389,12,255103
16915,0.031294,172.31.36.0-255,66,185455,12,255103
16916,0.033582,74.125.130.0-255,5738,191193,12,255103
16917,0.033589,172.31.36.0-255,66,191259,12,255103
16918,0.035886,74.125.130.0-255,5738,196997,12,255103
16919,0.035893,172.31.36.0-255,66,197063,12,255103
16920,0.038178,74.125.130.0-255,5738,202801,12,255103
16921,0.03819,172.31.36.0-255,66,202867,12,255103
16922,0.04049,74.125.130.0-255,5738,208605,12,255103
16923,0.040497,172.31.36.0-255,66,208671,12,255103
16924,0.042795,74.125.130.0-255,5738,214409,12,255103
16925,0.042801,172.31.36.0-255,66,214475,12,255103
16926,0.045088,74.125.130.0-255,5738,220213,12,255103
16927,0.045095,172.31.36.0-255,66,220279,12,255103
16928,0.047382,74.125.130.0-255,5738,226017,12,255103
16929,0.047389,172.31.36.0-255,66,226083,12,255103
16930,0.04968,74.125.130.0-255,5738,231821,12,255103
16931,0.049691,172.31.36.0-255,66,231887,12,255103
16932,0.051979,74.125.130.0-255,5738,237625,12,255103
16933,0.051987,172.31.36.0-255,66,237691,12,255103
16934,0.054272,74.125.130.0-255,5738,243429,12,255103
16935,0.05428,172.31.36.0-255,66,243495,12,255103
16936,0.056568,74.125.130.0-255,5738,249233,12,255103
16937,0.056576,172.31.36.0-255,66,249299,12,255103
16938,0.058875,74.125.130.0-255,5738,255037,12,255103
16939,0.058882,172.31.36.0-255,66,255103,12,255103
16940,0.0,172.217.194.0-255,153,153,12,279561
16941,2.8e-05,172.31.36.0-255,66,219,12,279561
16942,4.8e-05,172.217.194.0-255,1484,1703,12,279561
16943,5.3e-05,172.31.36.0-255,66,1769,12,279561
16944,5.8e-05,172.217.194.0-255,2902,4671,12,279561
16945,6.1e-05,172.31.36.0-255,66,4737,12,279561
16946,6.9e-05,172.217.194.0-255,7156,11893,12,279561
16947,7.2e-05,172.31.36.0-255,66,11959,12,279561
16948,7.6e-05,172.217.194.0-255,2060,14019,12,279561
16949,7.8e-05,172.31.36.0-255,66,14085,12,279561
16950,8.5e-05,172.217.194.0-255,5738,19823,12,279561
16951,8.7e-05,172.31.36.0-255,66,19889,12,279561
16952,0.000109,172.217.194.0-255,5738,25627,12,279561
16953,0.000112,172.31.36.0-255,66,25693,12,279561
16954,0.000117,172.217.194.0-255,5379,31072,12,279561
16955,0.00012,172.31.36.0-255,66,31138,12,279561
16956,0.000511,172.217.194.0-255,1484,32622,12,279561
16957,0.000518,172.31.36.0-255,66,32688,12,279561
16958,0.000552,172.217.194.0-255,2902,35590,12,279561
16959,0.000555,172.31.36.0-255,66,35656,12,279561
16960,0.00056,172.217.194.0-255,2902,38558,12,279561
16961,0.000562,172.31.36.0-255,66,38624,12,279561
16962,0.000603,172.217.194.0-255,7156,45780,12,279561
16963,0.000607,172.31.36.0-255,66,45846,12,279561
16964,0.000632,172.217.194.0-255,2902,48748,12,279561
16965,0.000635,172.31.36.0-255,66,48814,12,279561
16966,0.000656,172.31.36.0-255,66,48880,12,279561
16967,0.000684,172.31.36.0-255,66,48946,12,279561
16968,0.000837,172.217.194.0-255,1484,50430,12,279561
16969,0.000841,172.31.36.0-255,66,50496,12,279561
16970,0.000857,172.217.194.0-255,2902,53398,12,279561
16971,0.00086,172.31.36.0-255,66,53464,12,279561
16972,0.000888,172.217.194.0-255,4320,57784,12,279561
16973,0.000891,172.31.36.0-255,66,57850,12,279561
16974,0.00093,172.217.194.0-255,7156,65006,12,279561
16975,0.000934,172.31.36.0-255,66,65072,12,279561
16976,0.000948,172.217.194.0-255,1125,66197,12,279561
16977,0.000994,172.217.194.0-255,1484,67681,12,279561
16978,0.000998,172.31.36.0-255,66,67747,12,279561
16979,0.001014,172.217.194.0-255,2902,70649,12,279561
16980,0.001017,172.31.36.0-255,66,70715,12,279561
16981,0.001039,172.217.194.0-255,2902,73617,12,279561
16982,0.001042,172.31.36.0-255,66,73683,12,279561
16983,0.001064,172.217.194.0-255,7156,80839,12,279561
16984,0.001067,172.31.36.0-255,66,80905,12,279561
16985,0.001088,172.217.194.0-255,3125,84030,12,279561
16986,0.001091,172.31.36.0-255,66,84096,12,279561
16987,0.001187,172.217.194.0-255,1484,85580,12,279561
16988,0.001192,172.217.194.0-255,1484,87064,12,279561
16989,0.001196,172.31.36.0-255,66,87130,12,279561
16990,0.001208,172.217.194.0-255,1484,88614,12,279561
16991,0.001214,172.217.194.0-255,4320,92934,12,279561
16992,0.001216,172.31.36.0-255,66,93000,12,279561
16993,0.001232,172.217.194.0-255,1484,94484,12,279561
16994,0.001238,172.217.194.0-255,5738,100222,12,279561
16995,0.001241,172.31.36.0-255,66,100288,12,279561
16996,0.001291,172.217.194.0-255,2902,103190,12,279561
16997,0.001292,172.31.36.0-255,66,103256,12,279561
16998,0.001296,172.31.36.0-255,66,103322,12,279561
16999,0.001344,172.217.194.0-255,2184,105506,12,279561
17000,0.001348,172.31.36.0-255,66,105572,12,279561
17001,0.00145,172.217.194.0-255,1484,107056,12,279561
17002,0.001463,172.217.194.0-255,2902,109958,12,279561
17003,0.001468,172.31.36.0-255,66,110024,12,279561
17004,0.001474,172.217.194.0-255,4320,114344,12,279561
17005,0.00148,172.31.36.0-255,66,114410,12,279561
17006,0.00149,172.217.194.0-255,1484,115894,12,279561
17007,0.001497,172.217.194.0-255,5738,121632,12,279561
17008,0.001499,172.31.36.0-255,66,121698,12,279561
17009,0.001544,172.217.194.0-255,4320,126018,12,279561
17010,0.001547,172.31.36.0-255,66,126084,12,279561
17011,0.001569,172.31.36.0-255,66,126150,12,279561
17012,0.001591,172.217.194.0-255,2902,129052,12,279561
17013,0.001595,172.31.36.0-255,66,129118,12,279561
17014,0.001613,172.217.194.0-255,2184,131302,12,279561
17015,0.001616,172.31.36.0-255,66,131368,12,279561
17016,0.003924,172.217.194.0-255,5738,137106,12,279561
17017,0.003932,172.31.36.0-255,66,137172,12,279561
17018,0.006182,172.217.194.0-255,5738,142910,12,279561
17019,0.006186,172.31.36.0-255,66,142976,12,279561
17020,0.008498,172.217.194.0-255,5738,148714,12,279561
17021,0.008504,172.31.36.0-255,66,148780,12,279561
17022,0.010823,172.217.194.0-255,5738,154518,12,279561
17023,0.01083,172.31.36.0-255,66,154584,12,279561
17024,0.013119,172.217.194.0-255,5738,160322,12,279561
17025,0.013125,172.31.36.0-255,66,160388,12,279561
17026,0.01541,172.217.194.0-255,5738,166126,12,279561
17027,0.015419,172.31.36.0-255,66,166192,12,279561
17028,0.01772,172.217.194.0-255,5738,171930,12,279561
17029,0.017727,172.31.36.0-255,66,171996,12,279561
17030,0.020057,172.217.194.0-255,5738,177734,12,279561
17031,0.020064,172.31.36.0-255,66,177800,12,279561
17032,0.022372,172.217.194.0-255,5738,183538,12,279561
17033,0.022379,172.31.36.0-255,66,183604,12,279561
17034,0.023531,172.31.36.0-255,192,183796,12,279561
17035,0.023563,172.31.36.0-255,1107,184903,12,279561
17036,0.02359,172.31.36.0-255,1514,186417,12,279561
17037,0.023591,172.31.36.0-255,1302,187719,12,279561
17038,0.024652,172.217.194.0-255,5738,193457,12,279561
17039,0.02466,172.31.36.0-255,66,193523,12,279561
17040,0.025045,104.244.42.0-255,66,193589,12,279561
17041,0.025053,104.244.42.0-255,66,193655,12,279561
17042,0.025099,104.244.42.0-255,66,193721,12,279561
17043,0.026991,172.217.194.0-255,5738,199459,12,279561
17044,0.026997,172.31.36.0-255,66,199525,12,279561
17045,0.029302,172.217.194.0-255,2902,202427,12,279561
17046,0.029309,172.31.36.0-255,66,202493,12,279561
17047,0.029342,172.217.194.0-255,2902,205395,12,279561
17048,0.029345,172.31.36.0-255,66,205461,12,279561
17049,0.031612,172.217.194.0-255,5738,211199,12,279561
17050,0.031617,172.31.36.0-255,66,211265,12,279561
17051,0.033921,172.217.194.0-255,5738,217003,12,279561
17052,0.033927,172.31.36.0-255,66,217069,12,279561
17053,0.036205,172.217.194.0-255,4320,221389,12,279561
17054,0.036209,172.31.36.0-255,66,221455,12,279561
17055,0.036239,172.217.194.0-255,1484,222939,12,279561
17056,0.038497,172.217.194.0-255,4320,227259,12,279561
17057,0.038502,172.31.36.0-255,66,227325,12,279561
17058,0.040786,172.217.194.0-255,5738,233063,12,279561
17059,0.040793,172.31.36.0-255,66,233129,12,279561
17060,0.043093,172.217.194.0-255,5738,238867,12,279561
17061,0.043099,172.31.36.0-255,66,238933,12,279561
17062,0.045397,172.217.194.0-255,5738,244671,12,279561
17063,0.045403,172.31.36.0-255,66,244737,12,279561
17064,0.047661,172.217.194.0-255,5738,250475,12,279561
17065,0.047666,172.31.36.0-255,66,250541,12,279561
17066,0.049973,172.217.194.0-255,5738,256279,12,279561
17067,0.049978,172.31.36.0-255,66,256345,12,279561
17068,0.052244,172.217.194.0-255,5738,262083,12,279561
17069,0.052249,172.31.36.0-255,66,262149,12,279561
17070,0.054527,172.217.194.0-255,5738,267887,12,279561
17071,0.054532,172.31.36.0-255,66,267953,12,279561
17072,0.056834,172.217.194.0-255,5738,273691,12,279561
17073,0.05684,172.31.36.0-255,66,273757,12,279561
17074,0.059157,172.217.194.0-255,5738,279495,12,279561
17075,0.059162,172.31.36.0-255,66,279561,12,279561
17076,0.0,74.125.200.0-255,143,143,12,319697
17077,2.4e-05,172.31.36.0-255,66,209,12,319697
17078,3.2e-05,74.125.200.0-255,1484,1693,12,319697
17079,3.8e-05,172.31.36.0-255,66,1759,12,319697
17080,4.4e-05,74.125.200.0-255,2902,4661,12,319697
17081,4.8e-05,172.31.36.0-255,66,4727,12,319697
17082,5.6e-05,74.125.200.0-255,7156,11883,12,319697
17083,6e-05,172.31.36.0-255,66,11949,12,319697
17084,6.5e-05,74.125.200.0-255,1950,13899,12,319697
17085,6.7e-05,172.31.36.0-255,66,13965,12,319697
17086,0.000106,74.125.200.0-255,1484,15449,12,319697
17087,0.000109,172.31.36.0-255,66,15515,12,319697
17088,0.000113,74.125.200.0-255,1484,16999,12,319697
17089,0.000116,172.31.36.0-255,66,17065,12,319697
17090,0.000133,74.125.200.0-255,1484,18549,12,319697
17091,0.000135,172.31.36.0-255,66,18615,12,319697
17092,0.000143,74.125.200.0-255,5738,24353,12,319697
17093,0.000146,172.31.36.0-255,66,24419,12,319697
17094,0.000149,74.125.200.0-255,1484,25903,12,319697
17095,0.000151,172.31.36.0-255,66,25969,12,319697
17096,0.00018,74.125.200.0-255,5379,31348,12,319697
17097,0.000183,172.31.36.0-255,66,31414,12,319697
17098,0.000256,74.125.200.0-255,1484,32898,12,319697
17099,0.000259,172.31.36.0-255,66,32964,12,319697
17100,0.000274,74.125.200.0-255,2902,35866,12,319697
17101,0.000277,172.31.36.0-255,66,35932,12,319697
17102,0.000281,74.125.200.0-255,1484,37416,12,319697
17103,0.000283,172.31.36.0-255,66,37482,12,319697
17104,0.000306,74.125.200.0-255,4320,41802,12,319697
17105,0.000309,172.31.36.0-255,66,41868,12,319697
17106,0.000315,74.125.200.0-255,4320,46188,12,319697
17107,0.000317,172.31.36.0-255,66,46254,12,319697
17108,0.000344,74.125.200.0-255,5379,51633,12,319697
17109,0.000346,172.31.36.0-255,66,51699,12,319697
17110,0.000349,74.125.200.0-255,1484,53183,12,319697
17111,0.000369,74.125.200.0-255,7156,60339,12,319697
17112,0.000372,172.31.36.0-255,66,60405,12,319697
17113,0.000407,74.125.200.0-255,2902,63307,12,319697
17114,0.00041,172.31.36.0-255,66,63373,12,319697
17115,0.000429,74.125.200.0-255,2852,66225,12,319697
17116,0.000433,172.31.36.0-255,66,66291,12,319697
17117,0.000444,74.125.200.0-255,377,66668,12,319697
17118,0.000624,74.125.200.0-255,1484,68152,12,319697
17119,0.000627,172.31.36.0-255,66,68218,12,319697
17120,0.000632,74.125.200.0-255,1484,69702,12,319697
17121,0.000644,74.125.200.0-255,1484,71186,12,319697
17122,0.000647,172.31.36.0-255,66,71252,12,319697
17123,0.000655,74.125.200.0-255,5738,76990,12,319697
17124,0.000657,172.31.36.0-255,66,77056,12,319697
17125,0.00066,74.125.200.0-255,1484,78540,12,319697
17126,0.000674,74.125.200.0-255,2902,81442,12,319697
17127,0.000677,172.31.36.0-255,66,81508,12,319697
17128,0.0007,74.125.200.0-255,2902,84410,12,319697
17129,0.000702,172.31.36.0-255,66,84476,12,319697
17130,0.000709,74.125.200.0-255,4320,88796,12,319697
17131,0.000711,172.31.36.0-255,66,88862,12,319697
17132,0.000735,172.31.36.0-255,66,88928,12,319697
17133,0.000757,74.125.200.0-255,2184,91112,12,319697
17134,0.000759,172.31.36.0-255,66,91178,12,319697
17135,0.000908,74.125.200.0-255,1484,92662,12,319697
17136,0.000915,74.125.200.0-255,2902,95564,12,319697
17137,0.000919,172.31.36.0-255,66,95630,12,319697
17138,0.000942,74.125.200.0-255,5738,101368,12,319697
17139,0.000945,172.31.36.0-255,66,101434,12,319697
17140,0.000995,74.125.200.0-255,4320,105754,12,319697
17141,0.000998,172.31.36.0-255,66,105820,12,319697
17142,0.001004,74.125.200.0-255,5738,111558,12,319697
17143,0.001007,172.31.36.0-255,66,111624,12,319697
17144,0.001013,74.125.200.0-255,5738,117362,12,319697
17145,0.001015,172.31.36.0-255,66,117428,12,319697
17146,0.001034,74.125.200.0-255,7156,124584,12,319697
17147,0.001037,172.31.36.0-255,66,124650,12,319697
17148,0.001039,74.125.200.0-255,766,125416,12,319697
17149,0.001135,74.125.200.0-255,1484,126900,12,319697
17150,0.001139,172.31.36.0-255,66,126966,12,319697
17151,0.001144,74.125.200.0-255,2902,129868,12,319697
17152,0.001146,172.31.36.0-255,66,129934,12,319697
17153,0.001166,74.125.200.0-255,2902,132836,12,319697
17154,0.001168,172.31.36.0-255,66,132902,12,319697
17155,0.001187,74.125.200.0-255,4320,137222,12,319697
17156,0.00119,172.31.36.0-255,66,137288,12,319697
17157,0.001213,74.125.200.0-255,1484,138772,12,319697
17158,0.001234,74.125.200.0-255,7156,145928,12,319697
17159,0.001237,172.31.36.0-255,66,145994,12,319697
17160,0.00125,172.31.36.0-255,66,146060,12,319697
17161,0.001271,74.125.200.0-255,3602,149662,12,319697
17162,0.001274,172.31.36.0-255,66,149728,12,319697
17163,0.003231,74.125.200.0-255,1484,151212,12,319697
17164,0.003259,74.125.200.0-255,4320,155532,12,319697
17165,0.003265,172.31.36.0-255,66,155598,12,319697
17166,0.005263,74.125.200.0-255,5738,161336,12,319697
17167,0.005269,172.31.36.0-255,66,161402,12,319697
17168,0.007243,74.125.200.0-255,5738,167140,12,319697
17169,0.007247,172.31.36.0-255,66,167206,12,319697
17170,0.009229,74.125.200.0-255,5738,172944,12,319697
17171,0.009236,172.31.36.0-255,66,173010,12,319697
17172,0.011215,74.125.200.0-255,5738,178748,12,319697
17173,0.011223,172.31.36.0-255,66,178814,12,319697
17174,0.01322,74.125.200.0-255,5738,184552,12,319697
17175,0.013228,172.31.36.0-255,66,184618,12,319697
17176,0.015221,74.125.200.0-255,5738,190356,12,319697
17177,0.015233,172.31.36.0-255,66,190422,12,319697
17178,0.017229,74.125.200.0-255,5738,196160,12,319697
17179,0.017237,172.31.36.0-255,66,196226,12,319697
17180,0.019219,74.125.200.0-255,5738,201964,12,319697
17181,0.019228,172.31.36.0-255,66,202030,12,319697
17182,0.021225,74.125.200.0-255,5738,207768,12,319697
17183,0.021232,172.31.36.0-255,66,207834,12,319697
17184,0.02322,74.125.200.0-255,5738,213572,12,319697
17185,0.023229,172.31.36.0-255,66,213638,12,319697
17186,0.025223,74.125.200.0-255,5738,219376,12,319697
17187,0.02523,172.31.36.0-255,66,219442,12,319697
17188,0.027213,74.125.200.0-255,5738,225180,12,319697
17189,0.027221,172.31.36.0-255,66,225246,12,319697
17190,0.029209,74.125.200.0-255,5738,230984,12,319697
17191,0.029215,172.31.36.0-255,66,231050,12,319697
17192,0.030299,172.31.36.0-255,172,231222,12,319697
17193,0.030334,172.31.36.0-255,1108,232330,12,319697
17194,0.030395,172.31.36.0-255,1514,233844,12,319697
17195,0.030397,172.31.36.0-255,1299,235143,12,319697
17196,0.031205,74.125.200.0-255,5738,240881,12,319697
17197,0.031212,172.31.36.0-255,66,240947,12,319697
17198,0.031824,104.244.42.0-255,66,241013,12,319697
17199,0.031846,104.244.42.0-255,66,241079,12,319697
17200,0.03193,104.244.42.0-255,66,241145,12,319697
17201,0.033211,74.125.200.0-255,5738,246883,12,319697
17202,0.033218,172.31.36.0-255,66,246949,12,319697
17203,0.035198,74.125.200.0-255,4320,251269,12,319697
17204,0.035205,172.31.36.0-255,66,251335,12,319697
17205,0.035225,74.125.200.0-255,1484,252819,12,319697
17206,0.037185,74.125.200.0-255,4320,257139,12,319697
17207,0.037192,172.31.36.0-255,66,257205,12,319697
17208,0.039169,74.125.200.0-255,4320,261525,12,319697
17209,0.039177,172.31.36.0-255,66,261591,12,319697
17210,0.039194,74.125.200.0-255,1484,263075,12,319697
17211,0.041177,74.125.200.0-255,4320,267395,12,319697
17212,0.041186,172.31.36.0-255,66,267461,12,319697
17213,0.043186,74.125.200.0-255,5738,273199,12,319697
17214,0.043193,172.31.36.0-255,66,273265,12,319697
17215,0.0452,74.125.200.0-255,5738,279003,12,319697
17216,0.045206,172.31.36.0-255,66,279069,12,319697
17217,0.047221,74.125.200.0-255,5738,284807,12,319697
17218,0.047228,172.31.36.0-255,66,284873,12,319697
17219,0.049224,74.125.200.0-255,5738,290611,12,319697
17220,0.049231,172.31.36.0-255,66,290677,12,319697
17221,0.051235,74.125.200.0-255,5738,296415,12,319697
17222,0.051242,172.31.36.0-255,66,296481,12,319697
17223,0.053228,74.125.200.0-255,5738,302219,12,319697
17224,0.053234,172.31.36.0-255,66,302285,12,319697
17225,0.055224,74.125.200.0-255,5738,308023,12,319697
17226,0.055231,172.31.36.0-255,66,308089,12,319697
17227,0.05723,74.125.200.0-255,5738,313827,12,319697
17228,0.057242,172.31.36.0-255,66,313893,12,319697
17229,0.059229,74.125.200.0-255,5738,319631,12,319697
17230,0.059237,172.31.36.0-255,66,319697,12,319697
17231,0.0,74.125.130.0-255,153,153,12,328352
17232,2.1e-05,172.31.36.0-255,66,219,12,328352
17233,2.9e-05,74.125.130.0-255,1484,1703,12,328352
17234,3.3e-05,172.31.36.0-255,66,1769,12,328352
17235,3.7e-05,74.125.130.0-255,1484,3253,12,328352
17236,4.7e-05,172.31.36.0-255,66,3319,12,328352
17237,5.3e-05,74.125.130.0-255,2902,6221,12,328352
17238,5.5e-05,172.31.36.0-255,66,6287,12,328352
17239,6.3e-05,74.125.130.0-255,4320,10607,12,328352
17240,6.6e-05,172.31.36.0-255,66,10673,12,328352
17241,9.6e-05,74.125.130.0-255,1484,12157,12,328352
17242,9.9e-05,172.31.36.0-255,66,12223,12,328352
17243,0.000104,74.125.130.0-255,1970,14193,12,328352
17244,0.000106,172.31.36.0-255,66,14259,12,328352
17245,0.000269,74.125.130.0-255,1484,15743,12,328352
17246,0.000274,172.31.36.0-255,66,15809,12,328352
17247,0.00028,74.125.130.0-255,2902,18711,12,328352
17248,0.000283,172.31.36.0-255,66,18777,12,328352
17249,0.000309,74.125.130.0-255,5738,24515,12,328352
17250,0.000312,172.31.36.0-255,66,24581,12,328352
17251,0.000343,74.125.130.0-255,6797,31378,12,328352
17252,0.000345,172.31.36.0-255,66,31444,12,328352
17253,0.000375,74.125.130.0-255,4320,35764,12,328352
17254,0.000377,172.31.36.0-255,66,35830,12,328352
17255,0.000407,74.125.130.0-255,2902,38732,12,328352
17256,0.000409,172.31.36.0-255,66,38798,12,328352
17257,0.000439,172.31.36.0-255,66,38864,12,328352
17258,0.000463,74.125.130.0-255,1125,39989,12,328352
17259,0.000465,172.31.36.0-255,66,40055,12,328352
17260,0.000501,74.125.130.0-255,1484,41539,12,328352
17261,0.000504,172.31.36.0-255,66,41605,12,328352
17262,0.000522,74.125.130.0-255,2902,44507,12,328352
17263,0.000525,172.31.36.0-255,66,44573,12,328352
17264,0.000555,74.125.130.0-255,4320,48893,12,328352
17265,0.000558,172.31.36.0-255,66,48959,12,328352
17266,0.000586,172.31.36.0-255,66,49025,12,328352
17267,0.000639,74.125.130.0-255,385,49410,12,328352
17268,0.000684,74.125.130.0-255,1484,50894,12,328352
17269,0.000687,172.31.36.0-255,66,50960,12,328352
17270,0.000691,74.125.130.0-255,1484,52444,12,328352
17271,0.000718,74.125.130.0-255,2902,55346,12,328352
17272,0.000721,172.31.36.0-255,66,55412,12,328352
17273,0.000727,74.125.130.0-255,4320,59732,12,328352
17274,0.000729,172.31.36.0-255,66,59798,12,328352
17275,0.000756,74.125.130.0-255,5738,65536,12,328352
17276,0.000759,172.31.36.0-255,66,65602,12,328352
17277,0.000784,74.125.130.0-255,5738,71340,12,328352
17278,0.000787,172.31.36.0-255,66,71406,12,328352
17279,0.000807,74.125.130.0-255,7156,78562,12,328352
17280,0.00081,172.31.36.0-255,66,78628,12,328352
17281,0.000844,74.125.130.0-255,4320,82948,12,328352
17282,0.000846,172.31.36.0-255,66,83014,12,328352
17283,0.000878,74.125.130.0-255,766,83780,12,328352
17284,0.001228,74.125.130.0-255,1484,85264,12,328352
17285,0.001232,172.31.36.0-255,66,85330,12,328352
17286,0.001238,74.125.130.0-255,2902,88232,12,328352
17287,0.00124,172.31.36.0-255,66,88298,12,328352
17288,0.001276,74.125.130.0-255,5738,94036,12,328352
17289,0.001292,172.31.36.0-255,66,94102,12,328352
17290,0.001296,172.31.36.0-255,66,94168,12,328352
17291,0.001301,74.125.130.0-255,4320,98488,12,328352
17292,0.001305,172.31.36.0-255,66,98554,12,328352
17293,0.001325,74.125.130.0-255,5738,104292,12,328352
17294,0.001332,172.31.36.0-255,66,104358,12,328352
17295,0.001338,74.125.130.0-255,5020,109378,12,328352
17296,0.00134,172.31.36.0-255,66,109444,12,328352
17297,0.00145,74.125.130.0-255,1484,110928,12,328352
17298,0.001476,74.125.130.0-255,1484,112412,12,328352
17299,0.001481,172.31.36.0-255,66,112478,12,328352
17300,0.001493,74.125.130.0-255,2902,115380,12,328352
17301,0.0015,172.31.36.0-255,66,115446,12,328352
17302,0.001556,74.125.130.0-255,5738,121184,12,328352
17303,0.00156,172.31.36.0-255,66,121250,12,328352
17304,0.001565,74.125.130.0-255,2902,124152,12,328352
17305,0.001567,172.31.36.0-255,66,124218,12,328352
17306,0.001582,74.125.130.0-255,4320,128538,12,328352
17307,0.001585,172.31.36.0-255,66,128604,12,328352
17308,0.001596,172.31.36.0-255,66,128670,12,328352
17309,0.0016,74.125.130.0-255,2902,131572,12,328352
17310,0.001602,172.31.36.0-255,66,131638,12,328352
17311,0.001643,74.125.130.0-255,5738,137376,12,328352
17312,0.001646,172.31.36.0-255,66,137442,12,328352
17313,0.001675,74.125.130.0-255,5020,142462,12,328352
17314,0.001678,172.31.36.0-255,66,142528,12,328352
17315,0.00169,172.31.36.0-255,66,142594,12,328352
17316,0.001715,74.125.130.0-255,1484,144078,12,328352
17317,0.00172,74.125.130.0-255,2902,146980,12,328352
17318,0.001722,172.31.36.0-255,66,147046,12,328352
17319,0.001756,172.31.36.0-255,66,147112,12,328352
17320,0.001883,74.125.130.0-255,1484,148596,12,328352
17321,0.00189,74.125.130.0-255,2902,151498,12,328352
17322,0.001894,172.31.36.0-255,66,151564,12,328352
17323,0.001922,74.125.130.0-255,5738,157302,12,328352
17324,0.001925,172.31.36.0-255,66,157368,12,328352
17325,0.00196,172.31.36.0-255,66,157434,12,328352
17326,0.001965,74.125.130.0-255,2902,160336,12,328352
17327,0.001967,172.31.36.0-255,66,160402,12,328352
17328,0.002007,172.31.36.0-255,66,160468,12,328352
17329,0.002011,74.125.130.0-255,2184,162652,12,328352
17330,0.002013,172.31.36.0-255,66,162718,12,328352
17331,0.00402,74.125.130.0-255,5738,168456,12,328352
17332,0.004029,172.31.36.0-255,66,168522,12,328352
17333,0.006048,74.125.130.0-255,5738,174260,12,328352
17334,0.006054,172.31.36.0-255,66,174326,12,328352
17335,0.006291,172.31.36.0-255,101,174427,12,328352
17336,0.008096,74.125.130.0-255,5738,180165,12,328352
17337,0.008101,172.31.36.0-255,66,180231,12,328352
17338,0.008271,74.125.130.0-255,66,180297,12,328352
17339,0.01011,74.125.130.0-255,5738,186035,12,328352
17340,0.010117,172.31.36.0-255,66,186101,12,328352
17341,0.012138,74.125.130.0-255,5738,191839,12,328352
17342,0.012145,172.31.36.0-255,66,191905,12,328352
17343,0.014162,74.125.130.0-255,5738,197643,12,328352
17344,0.01417,172.31.36.0-255,66,197709,12,328352
17345,0.016197,74.125.130.0-255,5738,203447,12,328352
17346,0.016205,172.31.36.0-255,66,203513,12,328352
17347,0.01822,74.125.130.0-255,5738,209251,12,328352
17348,0.018227,172.31.36.0-255,66,209317,12,328352
17349,0.020255,74.125.130.0-255,5738,215055,12,328352
17350,0.020262,172.31.36.0-255,66,215121,12,328352
17351,0.022289,74.125.130.0-255,5738,220859,12,328352
17352,0.022296,172.31.36.0-255,66,220925,12,328352
17353,0.024333,74.125.130.0-255,5738,226663,12,328352
17354,0.02434,172.31.36.0-255,66,226729,12,328352
17355,0.026365,74.125.130.0-255,5738,232467,12,328352
17356,0.026373,172.31.36.0-255,66,232533,12,328352
17357,0.028406,74.125.130.0-255,5738,238271,12,328352
17358,0.028415,172.31.36.0-255,66,238337,12,328352
17359,0.030455,74.125.130.0-255,5738,244075,12,328352
17360,0.030463,172.31.36.0-255,66,244141,12,328352
17361,0.030711,172.31.36.0-255,188,244329,12,328352
17362,0.030743,172.31.36.0-255,952,245281,12,328352
17363,0.030803,172.31.36.0-255,1514,246795,12,328352
17364,0.030805,172.31.36.0-255,1455,248250,12,328352
17365,0.032304,104.244.42.0-255,66,248316,12,328352
17366,0.032332,104.244.42.0-255,66,248382,12,328352
17367,0.032389,104.244.42.0-255,66,248448,12,328352
17368,0.032489,74.125.130.0-255,5738,254186,12,328352
17369,0.032495,172.31.36.0-255,66,254252,12,328352
17370,0.034534,74.125.130.0-255,5738,259990,12,328352
17371,0.034541,172.31.36.0-255,66,260056,12,328352
17372,0.036573,74.125.130.0-255,5738,265794,12,328352
17373,0.03658,172.31.36.0-255,66,265860,12,328352
17374,0.038594,74.125.130.0-255,5738,271598,12,328352
17375,0.038601,172.31.36.0-255,66,271664,12,328352
17376,0.040633,74.125.130.0-255,5738,277402,12,328352
17377,0.040637,172.31.36.0-255,66,277468,12,328352
17378,0.042662,74.125.130.0-255,5738,283206,12,328352
17379,0.042669,172.31.36.0-255,66,283272,12,328352
17380,0.044685,74.125.130.0-255,4320,287592,12,328352
17381,0.044692,172.31.36.0-255,66,287658,12,328352
17382,0.044717,74.125.130.0-255,1484,289142,12,328352
17383,0.046715,74.125.130.0-255,4320,293462,12,328352
17384,0.046722,172.31.36.0-255,66,293528,12,328352
17385,0.048766,74.125.130.0-255,5738,299266,12,328352
17386,0.048775,172.31.36.0-255,66,299332,12,328352
17387,0.050803,74.125.130.0-255,5738,305070,12,328352
17388,0.05081,172.31.36.0-255,66,305136,12,328352
17389,0.052849,74.125.130.0-255,5738,310874,12,328352
17390,0.052856,172.31.36.0-255,66,310940,12,328352
17391,0.054896,74.125.130.0-255,5738,316678,12,328352
17392,0.054902,172.31.36.0-255,66,316744,12,328352
17393,0.056935,74.125.130.0-255,5738,322482,12,328352
17394,0.056941,172.31.36.0-255,66,322548,12,328352
17395,0.058967,74.125.130.0-255,5738,328286,12,328352
17396,0.058973,172.31.36.0-255,66,328352,12,328352
17397,0.0,172.217.194.0-255,153,153,12,198416
17398,2.9e-05,172.31.36.0-255,66,219,12,198416
17399,3.6e-05,172.217.194.0-255,1484,1703,12,198416
17400,4.1e-05,172.31.36.0-255,66,1769,12,198416
17401,5.3e-05,172.217.194.0-255,2902,4671,12,198416
17402,5.7e-05,172.31.36.0-255,66,4737,12,198416
17403,6.1e-05,172.217.194.0-255,2902,7639,12,198416
17404,6.4e-05,172.31.36.0-255,66,7705,12,198416
17405,9.9e-05,172.217.194.0-255,4320,12025,12,198416
17406,0.000103,172.31.36.0-255,66,12091,12,198416
17407,0.000107,172.217.194.0-255,2067,14158,12,198416
17408,0.000109,172.31.36.0-255,66,14224,12,198416
17409,0.00015,172.31.36.0-255,66,14290,12,198416
17410,0.000173,172.217.194.0-255,1484,15774,12,198416
17411,0.000177,172.31.36.0-255,66,15840,12,198416
17412,0.000187,172.217.194.0-255,5379,21219,12,198416
17413,0.000189,172.31.36.0-255,66,21285,12,198416
17414,0.000214,172.217.194.0-255,5738,27023,12,198416
17415,0.000217,172.31.36.0-255,66,27089,12,198416
17416,0.000221,172.217.194.0-255,1484,28573,12,198416
17417,0.000223,172.31.36.0-255,66,28639,12,198416
17418,0.000266,172.31.36.0-255,66,28705,12,198416
17419,0.000269,172.217.194.0-255,1484,30189,12,198416
17420,0.000271,172.31.36.0-255,66,30255,12,198416
17421,0.000276,172.217.194.0-255,2902,33157,12,198416
17422,0.000278,172.31.36.0-255,66,33223,12,198416
17423,0.000326,172.31.36.0-255,66,33289,12,198416
17424,0.00033,172.217.194.0-255,366,33655,12,198416
17425,0.000331,172.31.36.0-255,66,33721,12,198416
17426,0.000548,172.217.194.0-255,1484,35205,12,198416
17427,0.000567,172.217.194.0-255,2902,38107,12,198416
17428,0.00057,172.31.36.0-255,66,38173,12,198416
17429,0.000574,172.217.194.0-255,1484,39657,12,198416
17430,0.000598,172.217.194.0-255,4320,43977,12,198416
17431,0.000601,172.31.36.0-255,66,44043,12,198416
17432,0.000607,172.217.194.0-255,4320,48363,12,198416
17433,0.000609,172.31.36.0-255,66,48429,12,198416
17434,0.000622,172.31.36.0-255,66,48495,12,198416
17435,0.000646,172.217.194.0-255,1484,49979,12,198416
17436,0.000658,172.31.36.0-255,66,50045,12,198416
17437,0.000928,172.217.194.0-255,1484,51529,12,198416
17438,0.000943,172.217.194.0-255,2902,54431,12,198416
17439,0.000947,172.31.36.0-255,66,54497,12,198416
17440,0.000953,172.217.194.0-255,4320,58817,12,198416
17441,0.000955,172.31.36.0-255,66,58883,12,198416
17442,0.000985,172.217.194.0-255,1484,60367,12,198416
17443,0.000998,172.31.36.0-255,66,60433,12,198416
17444,0.001024,172.217.194.0-255,2902,63335,12,198416
17445,0.001027,172.31.36.0-255,66,63401,12,198416
17446,0.001039,172.31.36.0-255,66,63467,12,198416
17447,0.001276,172.217.194.0-255,1484,64951,12,198416
17448,0.001282,172.217.194.0-255,2902,67853,12,198416
17449,0.001285,172.31.36.0-255,66,67919,12,198416
17450,0.001292,172.217.194.0-255,5738,73657,12,198416
17451,0.001294,172.31.36.0-255,66,73723,12,198416
17452,0.001325,172.217.194.0-255,7156,80879,12,198416
17453,0.001328,172.31.36.0-255,66,80945,12,198416
17454,0.001358,172.217.194.0-255,7156,88101,12,198416
17455,0.001363,172.31.36.0-255,66,88167,12,198416
17456,0.001394,172.217.194.0-255,7156,95323,12,198416
17457,0.001397,172.31.36.0-255,66,95389,12,198416
17458,0.001401,172.217.194.0-255,2184,97573,12,198416
17459,0.001403,172.31.36.0-255,66,97639,12,198416
17460,0.001437,172.31.36.0-255,66,97705,12,198416
17461,0.001465,172.217.194.0-255,2902,100607,12,198416
17462,0.001469,172.31.36.0-255,66,100673,12,198416
17463,0.001486,172.31.36.0-255,66,100739,12,198416
17464,0.001499,172.31.36.0-255,66,100805,12,198416
17465,0.001514,172.217.194.0-255,4320,105125,12,198416
17466,0.001521,172.31.36.0-255,66,105191,12,198416
17467,0.001528,172.217.194.0-255,5738,110929,12,198416
17468,0.001531,172.31.36.0-255,66,110995,12,198416
17469,0.001575,172.31.36.0-255,66,111061,12,198416
17470,0.001593,172.31.36.0-255,66,111127,12,198416
17471,0.00161,172.217.194.0-255,2184,113311,12,198416
17472,0.00161,172.31.36.0-255,66,113377,12,198416
17473,0.001613,172.31.36.0-255,66,113443,12,198416
17474,0.001697,172.217.194.0-255,1484,114927,12,198416
17475,0.001702,172.217.194.0-255,2902,117829,12,198416
17476,0.001705,172.31.36.0-255,66,117895,12,198416
17477,0.001733,172.217.194.0-255,5738,123633,12,198416
17478,0.001736,172.31.36.0-255,66,123699,12,198416
17479,0.001776,172.217.194.0-255,7156,130855,12,198416
17480,0.001778,172.31.36.0-255,66,130921,12,198416
17481,0.001782,172.31.36.0-255,66,130987,12,198416
17482,0.001805,172.217.194.0-255,3602,134589,12,198416
17483,0.001809,172.31.36.0-255,66,134655,12,198416
17484,0.001841,172.217.194.0-255,1484,136139,12,198416
17485,0.001845,172.217.194.0-255,1484,137623,12,198416
17486,0.001847,172.31.36.0-255,66,137689,12,198416
17487,0.001881,172.217.194.0-255,1484,139173,12,198416
17488,0.001888,172.217.194.0-255,5738,144911,12,198416
17489,0.001891,172.31.36.0-255,66,144977,12,198416
17490,0.001895,172.217.194.0-255,1484,146461,12,198416
17491,0.0019,172.217.194.0-255,2902,149363,12,198416
17492,0.001902,172.31.36.0-255,66,149429,12,198416
17493,0.001936,172.217.194.0-255,5738,155167,12,198416
17494,0.001941,172.31.36.0-255,66,155233,12,198416
17495,0.001945,172.31.36.0-255,66,155299,12,198416
17496,0.001988,172.217.194.0-255,5020,160319,12,198416
17497,0.001992,172.31.36.0-255,66,160385,12,198416
17498,0.002032,172.217.194.0-255,1484,161869,12,198416
17499,0.002046,172.217.194.0-255,2902,164771,12,198416
17500,0.00205,172.31.36.0-255,66,164837,12,198416
17501,0.002072,172.217.194.0-255,5738,170575,12,198416
17502,0.002076,172.31.36.0-255,66,170641,12,198416
17503,0.002082,172.217.194.0-255,5738,176379,12,198416
17504,0.002085,172.31.36.0-255,66,176445,12,198416
17505,0.002129,172.217.194.0-255,5020,181465,12,198416
17506,0.002129,172.31.36.0-255,66,181531,12,198416
17507,0.002132,172.31.36.0-255,66,181597,12,198416
17508,0.002259,172.217.194.0-255,1484,183081,12,198416
17509,0.002278,172.217.194.0-255,2902,185983,12,198416
17510,0.002282,172.217.194.0-255,2902,188885,12,198416
17511,0.002282,172.31.36.0-255,66,188951,12,198416
17512,0.002285,172.31.36.0-255,66,189017,12,198416
17513,0.00231,172.217.194.0-255,2902,191919,12,198416
17514,0.002313,172.31.36.0-255,66,191985,12,198416
17515,0.002316,172.217.194.0-255,1484,193469,12,198416
17516,0.002357,172.31.36.0-255,66,193535,12,198416
17517,0.002369,172.31.36.0-255,66,193601,12,198416
17518,0.002414,172.31.36.0-255,66,193667,12,198416
17519,0.00244,172.217.194.0-255,105,193772,12,198416
17520,0.010164,172.31.36.0-255,66,193838,12,198416
17521,0.010192,172.31.36.0-255,105,193943,12,198416
17522,0.012527,172.217.194.0-255,66,194009,12,198416
17523,0.043026,172.31.36.0-255,172,194181,12,198416
17524,0.043056,172.31.36.0-255,1108,195289,12,198416
17525,0.043116,172.31.36.0-255,1514,196803,12,198416
17526,0.043118,172.31.36.0-255,1415,198218,12,198416
17527,0.044595,104.244.42.0-255,66,198284,12,198416
17528,0.044606,104.244.42.0-255,66,198350,12,198416
17529,0.044706,104.244.42.0-255,66,198416,12,198416
17530,0.0,172.217.194.0-255,298,298,12,136852
17531,1.7e-05,172.31.36.0-255,66,364,12,136852
17532,2.4e-05,172.217.194.0-255,1484,1848,12,136852
17533,2.8e-05,172.31.36.0-255,66,1914,12,136852
17534,4.4e-05,172.217.194.0-255,4320,6234,12,136852
17535,4.7e-05,172.31.36.0-255,66,6300,12,136852
17536,6e-05,172.31.36.0-255,66,6366,12,136852
17537,6.3e-05,172.217.194.0-255,1484,7850,12,136852
17538,6.7e-05,172.31.36.0-255,66,7916,12,136852
17539,0.000117,172.31.36.0-255,66,7982,12,136852
17540,0.00013,172.31.36.0-255,66,8048,12,136852
17541,0.000153,172.217.194.0-255,5020,13068,12,136852
17542,0.000156,172.31.36.0-255,66,13134,12,136852
17543,0.000174,172.31.36.0-255,66,13200,12,136852
17544,0.000177,172.217.194.0-255,118,13318,12,136852
17545,0.00018,172.31.36.0-255,66,13384,12,136852
17546,0.000244,172.217.194.0-255,1484,14868,12,136852
17547,0.000247,172.31.36.0-255,66,14934,12,136852
17548,0.000252,172.217.194.0-255,2902,17836,12,136852
17549,0.000255,172.31.36.0-255,66,17902,12,136852
17550,0.000289,172.217.194.0-255,5738,23640,12,136852
17551,0.000303,172.31.36.0-255,66,23706,12,136852
17552,0.000312,172.31.36.0-255,66,23772,12,136852
17553,0.000315,172.217.194.0-255,1484,25256,12,136852
17554,0.000321,172.31.36.0-255,66,25322,12,136852
17555,0.00035,172.31.36.0-255,66,25388,12,136852
17556,0.000459,172.217.194.0-255,1484,26872,12,136852
17557,0.000465,172.217.194.0-255,2902,29774,12,136852
17558,0.000468,172.31.36.0-255,66,29840,12,136852
17559,0.000476,172.217.194.0-255,5738,35578,12,136852
17560,0.000479,172.31.36.0-255,66,35644,12,136852
17561,0.000516,172.31.36.0-255,66,35710,12,136852
17562,0.000555,172.31.36.0-255,66,35776,12,136852
17563,0.000572,172.31.36.0-255,66,35842,12,136852
17564,0.000655,172.31.36.0-255,66,35908,12,136852
17565,0.000805,172.217.194.0-255,1484,37392,12,136852
17566,0.000824,172.217.194.0-255,2902,40294,12,136852
17567,0.000828,172.31.36.0-255,66,40360,12,136852
17568,0.000831,172.217.194.0-255,1484,41844,12,136852
17569,0.00086,172.217.194.0-255,4320,46164,12,136852
17570,0.000864,172.31.36.0-255,66,46230,12,136852
17571,0.000876,172.31.36.0-255,66,46296,12,136852
17572,0.000893,172.217.194.0-255,7156,53452,12,136852
17573,0.000896,172.31.36.0-255,66,53518,12,136852
17574,0.000921,172.217.194.0-255,6438,59956,12,136852
17575,0.000924,172.31.36.0-255,66,60022,12,136852
17576,0.001202,172.217.194.0-255,1484,61506,12,136852
17577,0.001207,172.217.194.0-255,1484,62990,12,136852
17578,0.00121,172.31.36.0-255,66,63056,12,136852
17579,0.001227,172.217.194.0-255,1484,64540,12,136852
17580,0.001237,172.217.194.0-255,5738,70278,12,136852
17581,0.001243,172.217.194.0-255,5738,76016,12,136852
17582,0.001248,172.31.36.0-255,66,76082,12,136852
17583,0.001251,172.31.36.0-255,66,76148,12,136852
17584,0.001291,172.31.36.0-255,66,76214,12,136852
17585,0.001328,172.217.194.0-255,5020,81234,12,136852
17586,0.001331,172.31.36.0-255,66,81300,12,136852
17587,0.001358,172.217.194.0-255,1484,82784,12,136852
17588,0.001363,172.217.194.0-255,2902,85686,12,136852
17589,0.001365,172.31.36.0-255,66,85752,12,136852
17590,0.001372,172.217.194.0-255,5738,91490,12,136852
17591,0.001375,172.31.36.0-255,66,91556,12,136852
17592,0.001383,172.217.194.0-255,2902,94458,12,136852
17593,0.001386,172.31.36.0-255,66,94524,12,136852
17594,0.001428,172.31.36.0-255,66,94590,12,136852
17595,0.00144,172.31.36.0-255,66,94656,12,136852
17596,0.001443,172.217.194.0-255,766,95422,12,136852
17597,0.001514,172.217.194.0-255,1484,96906,12,136852
17598,0.001518,172.31.36.0-255,66,96972,12,136852
17599,0.001536,172.217.194.0-255,2902,99874,12,136852
17600,0.001541,172.31.36.0-255,66,99940,12,136852
17601,0.001568,172.217.194.0-255,4320,104260,12,136852
17602,0.00157,172.31.36.0-255,66,104326,12,136852
17603,0.001597,172.217.194.0-255,1484,105810,12,136852
17604,0.00161,172.31.36.0-255,66,105876,12,136852
17605,0.001623,172.31.36.0-255,66,105942,12,136852
17606,0.001657,172.217.194.0-255,3602,109544,12,136852
17607,0.001661,172.31.36.0-255,66,109610,12,136852
17608,0.001664,172.217.194.0-255,1484,111094,12,136852
17609,0.001669,172.217.194.0-255,2902,113996,12,136852
17610,0.001671,172.31.36.0-255,66,114062,12,136852
17611,0.001706,172.217.194.0-255,5738,119800,12,136852
17612,0.001709,172.31.36.0-255,66,119866,12,136852
17613,0.001723,172.31.36.0-255,66,119932,12,136852
17614,0.001778,172.31.36.0-255,66,119998,12,136852
17615,0.001796,172.31.36.0-255,66,120064,12,136852
17616,0.001888,172.31.36.0-255,66,120130,12,136852
17617,0.001906,172.31.36.0-255,66,120196,12,136852
17618,0.001944,172.217.194.0-255,6438,126634,12,136852
17619,0.001948,172.31.36.0-255,66,126700,12,136852
17620,0.001951,172.217.194.0-255,342,127042,12,136852
17621,0.001955,172.217.194.0-255,105,127147,12,136852
17622,0.01045,172.31.36.0-255,66,127213,12,136852
17623,0.010499,172.31.36.0-255,105,127318,12,136852
17624,0.01084,172.217.194.0-255,105,127423,12,136852
17625,0.01085,172.31.36.0-255,78,127501,12,136852
17626,0.012761,172.217.194.0-255,66,127567,12,136852
17627,0.038427,172.31.36.0-255,188,127755,12,136852
17628,0.038461,172.31.36.0-255,952,128707,12,136852
17629,0.038532,172.31.36.0-255,1514,130221,12,136852
17630,0.038534,172.31.36.0-255,1514,131735,12,136852
17631,0.038535,172.31.36.0-255,1514,133249,12,136852
17632,0.038536,172.31.36.0-255,1514,134763,12,136852
17633,0.038564,172.31.36.0-255,1514,136277,12,136852
17634,0.038566,172.31.36.0-255,311,136588,12,136852
17635,0.039988,104.244.42.0-255,66,136654,12,136852
17636,0.040029,104.244.42.0-255,66,136720,12,136852
17637,0.040147,104.244.42.0-255,66,136786,12,136852
17638,0.040167,104.244.42.0-255,66,136852,12,136852
17639,0.0,172.253.118.0-255,153,153,12,308742
17640,2.3e-05,172.31.36.0-255,66,219,12,308742
17641,3e-05,172.253.118.0-255,1484,1703,12,308742
17642,3.6e-05,172.31.36.0-255,66,1769,12,308742
17643,4.2e-05,172.253.118.0-255,2902,4671,12,308742
17644,5.5e-05,172.31.36.0-255,66,4737,12,308742
17645,6.4e-05,172.253.118.0-255,7156,11893,12,308742
17646,6.7e-05,172.31.36.0-255,66,11959,12,308742
17647,7.1e-05,172.253.118.0-255,2066,14025,12,308742
17648,7.4e-05,172.31.36.0-255,66,14091,12,308742
17649,0.000139,172.253.118.0-255,1484,15575,12,308742
17650,0.000143,172.31.36.0-255,66,15641,12,308742
17651,0.000149,172.253.118.0-255,2902,18543,12,308742
17652,0.000152,172.31.36.0-255,66,18609,12,308742
17653,0.000201,172.253.118.0-255,2902,21511,12,308742
17654,0.000204,172.31.36.0-255,66,21577,12,308742
17655,0.000234,172.253.118.0-255,2902,24479,12,308742
17656,0.000237,172.31.36.0-255,66,24545,12,308742
17657,0.000245,172.253.118.0-255,6797,31342,12,308742
17658,0.000247,172.31.36.0-255,66,31408,12,308742
17659,0.000252,172.253.118.0-255,2902,34310,12,308742
17660,0.000254,172.31.36.0-255,66,34376,12,308742
17661,0.000257,172.253.118.0-255,1484,35860,12,308742
17662,0.000259,172.31.36.0-255,66,35926,12,308742
17663,0.0003,172.253.118.0-255,2902,38828,12,308742
17664,0.000304,172.31.36.0-255,66,38894,12,308742
17665,0.000315,172.31.36.0-255,66,38960,12,308742
17666,0.000318,172.253.118.0-255,1125,40085,12,308742
17667,0.000321,172.31.36.0-255,66,40151,12,308742
17668,0.000402,172.253.118.0-255,1484,41635,12,308742
17669,0.000406,172.31.36.0-255,66,41701,12,308742
17670,0.000411,172.253.118.0-255,2902,44603,12,308742
17671,0.000414,172.31.36.0-255,66,44669,12,308742
17672,0.000419,172.253.118.0-255,2902,47571,12,308742
17673,0.000421,172.31.36.0-255,66,47637,12,308742
17674,0.000449,172.253.118.0-255,2902,50539,12,308742
17675,0.000452,172.31.36.0-255,66,50605,12,308742
17676,0.000457,172.253.118.0-255,2902,53507,12,308742
17677,0.00046,172.31.36.0-255,66,53573,12,308742
17678,0.000487,172.253.118.0-255,4308,57881,12,308742
17679,0.00049,172.31.36.0-255,66,57947,12,308742
17680,0.000512,172.253.118.0-255,330,58277,12,308742
17681,0.000543,172.253.118.0-255,1484,59761,12,308742
17682,0.000546,172.31.36.0-255,66,59827,12,308742
17683,0.000552,172.253.118.0-255,4320,64147,12,308742
17684,0.000555,172.31.36.0-255,66,64213,12,308742
17685,0.000566,172.253.118.0-255,5738,69951,12,308742
17686,0.000568,172.31.36.0-255,66,70017,12,308742
17687,0.000618,172.253.118.0-255,1484,71501,12,308742
17688,0.000635,172.253.118.0-255,3961,75462,12,308742
17689,0.000638,172.31.36.0-255,66,75528,12,308742
17690,0.000641,172.253.118.0-255,1484,77012,12,308742
17691,0.000667,172.253.118.0-255,4320,81332,12,308742
17692,0.00067,172.31.36.0-255,66,81398,12,308742
17693,0.000677,172.253.118.0-255,7156,88554,12,308742
17694,0.000687,172.31.36.0-255,66,88620,12,308742
17695,0.000719,172.253.118.0-255,3961,92581,12,308742
17696,0.000904,172.31.36.0-255,66,92647,12,308742
17697,0.000984,172.253.118.0-255,1484,94131,12,308742
17698,0.001001,172.253.118.0-255,2902,97033,12,308742
17699,0.001026,172.253.118.0-255,5738,102771,12,308742
17700,0.001033,172.31.36.0-255,66,102837,12,308742
17701,0.00109,172.253.118.0-255,5738,108575,12,308742
17702,0.001099,172.31.36.0-255,66,108641,12,308742
17703,0.001116,172.253.118.0-255,4320,112961,12,308742
17704,0.001134,172.31.36.0-255,66,113027,12,308742
17705,0.001158,172.253.118.0-255,5020,118047,12,308742
17706,0.001174,172.31.36.0-255,66,118113,12,308742
17707,0.001425,172.253.118.0-255,1484,119597,12,308742
17708,0.001432,172.253.118.0-255,2902,122499,12,308742
17709,0.001436,172.31.36.0-255,66,122565,12,308742
17710,0.001463,172.253.118.0-255,2902,125467,12,308742
17711,0.001468,172.253.118.0-255,4320,129787,12,308742
17712,0.001488,172.253.118.0-255,2902,132689,12,308742
17713,0.001492,172.253.118.0-255,2902,135591,12,308742
17714,0.001501,172.31.36.0-255,66,135657,12,308742
17715,0.001533,172.253.118.0-255,3602,139259,12,308742
17716,0.00156,172.31.36.0-255,66,139325,12,308742
17717,0.002165,172.253.118.0-255,1484,140809,12,308742
17718,0.002172,172.253.118.0-255,1484,142293,12,308742
17719,0.002175,172.31.36.0-255,66,142359,12,308742
17720,0.002187,172.253.118.0-255,1484,143843,12,308742
17721,0.002211,172.253.118.0-255,5738,149581,12,308742
17722,0.002213,172.31.36.0-255,66,149647,12,308742
17723,0.002222,172.253.118.0-255,7156,156803,12,308742
17724,0.002224,172.31.36.0-255,66,156869,12,308742
17725,0.002244,172.253.118.0-255,5738,162607,12,308742
17726,0.002246,172.31.36.0-255,66,162673,12,308742
17727,0.002293,172.31.36.0-255,66,162739,12,308742
17728,0.002298,172.253.118.0-255,2184,164923,12,308742
17729,0.0023,172.31.36.0-255,66,164989,12,308742
17730,0.002783,172.31.36.0-255,101,165090,12,308742
17731,0.004619,172.253.118.0-255,5738,170828,12,308742
17732,0.004626,172.31.36.0-255,66,170894,12,308742
17733,0.005026,172.253.118.0-255,66,170960,12,308742
17734,0.006915,172.253.118.0-255,5738,176698,12,308742
17735,0.006922,172.31.36.0-255,66,176764,12,308742
17736,0.009232,172.253.118.0-255,5738,182502,12,308742
17737,0.00924,172.31.36.0-255,66,182568,12,308742
17738,0.011562,172.253.118.0-255,5738,188306,12,308742
17739,0.01157,172.31.36.0-255,66,188372,12,308742
17740,0.013873,172.253.118.0-255,5738,194110,12,308742
17741,0.013886,172.31.36.0-255,66,194176,12,308742
17742,0.016177,172.253.118.0-255,5738,199914,12,308742
17743,0.016186,172.31.36.0-255,66,199980,12,308742
17744,0.018487,172.253.118.0-255,5738,205718,12,308742
17745,0.018498,172.31.36.0-255,66,205784,12,308742
17746,0.020809,172.253.118.0-255,5738,211522,12,308742
17747,0.020824,172.31.36.0-255,66,211588,12,308742
17748,0.023126,172.253.118.0-255,5738,217326,12,308742
17749,0.023134,172.31.36.0-255,66,217392,12,308742
17750,0.025422,172.253.118.0-255,5738,223130,12,308742
17751,0.02543,172.31.36.0-255,66,223196,12,308742
17752,0.027719,172.253.118.0-255,5738,228934,12,308742
17753,0.027729,172.31.36.0-255,66,229000,12,308742
17754,0.030016,172.253.118.0-255,5738,234738,12,308742
17755,0.030024,172.31.36.0-255,66,234804,12,308742
17756,0.032338,172.253.118.0-255,5738,240542,12,308742
17757,0.032346,172.31.36.0-255,66,240608,12,308742
17758,0.033841,172.31.36.0-255,171,240779,12,308742
17759,0.033876,172.31.36.0-255,1132,241911,12,308742
17760,0.033935,172.31.36.0-255,1514,243425,12,308742
17761,0.033937,172.31.36.0-255,1275,244700,12,308742
17762,0.034644,172.253.118.0-255,5738,250438,12,308742
17763,0.034653,172.31.36.0-255,66,250504,12,308742
17764,0.035399,104.244.42.0-255,66,250570,12,308742
17765,0.035428,104.244.42.0-255,66,250636,12,308742
17766,0.035549,104.244.42.0-255,66,250702,12,308742
17767,0.036956,172.253.118.0-255,5738,256440,12,308742
17768,0.036962,172.31.36.0-255,66,256506,12,308742
17769,0.039284,172.253.118.0-255,5738,262244,12,308742
17770,0.039291,172.31.36.0-255,66,262310,12,308742
17771,0.041626,172.253.118.0-255,5738,268048,12,308742
17772,0.041635,172.31.36.0-255,66,268114,12,308742
17773,0.043956,172.253.118.0-255,5738,273852,12,308742
17774,0.043963,172.31.36.0-255,66,273918,12,308742
17775,0.046251,172.253.118.0-255,5738,279656,12,308742
17776,0.046258,172.31.36.0-255,66,279722,12,308742
17777,0.048572,172.253.118.0-255,5738,285460,12,308742
17778,0.048578,172.31.36.0-255,66,285526,12,308742
17779,0.050887,172.253.118.0-255,5738,291264,12,308742
17780,0.050894,172.31.36.0-255,66,291330,12,308742
17781,0.053201,172.253.118.0-255,5738,297068,12,308742
17782,0.053208,172.31.36.0-255,66,297134,12,308742
17783,0.055533,172.253.118.0-255,5738,302872,12,308742
17784,0.05554,172.31.36.0-255,66,302938,12,308742
17785,0.057833,172.253.118.0-255,5738,308676,12,308742
17786,0.05784,172.31.36.0-255,66,308742,12,308742
17787,0.0,172.31.36.0-255,105,105,12,105
17788,0.0,74.125.68.0-255,153,153,12,267275
17789,3.7e-05,172.31.36.0-255,66,219,12,267275
17790,4.5e-05,74.125.68.0-255,1484,1703,12,267275
17791,4.9e-05,172.31.36.0-255,66,1769,12,267275
17792,5.4e-05,74.125.68.0-255,2902,4671,12,267275
17793,5.7e-05,172.31.36.0-255,66,4737,12,267275
17794,6.1e-05,74.125.68.0-255,2902,7639,12,267275
17795,6.3e-05,172.31.36.0-255,66,7705,12,267275
17796,8.6e-05,74.125.68.0-255,2902,10607,12,267275
17797,8.9e-05,172.31.36.0-255,66,10673,12,267275
17798,0.000115,74.125.68.0-255,6265,16938,12,267275
17799,0.000118,172.31.36.0-255,66,17004,12,267275
17800,0.000123,74.125.68.0-255,2902,19906,12,267275
17801,0.000126,172.31.36.0-255,66,19972,12,267275
17802,0.000152,74.125.68.0-255,4320,24292,12,267275
17803,0.000155,172.31.36.0-255,66,24358,12,267275
17804,0.000171,74.125.68.0-255,4320,28678,12,267275
17805,0.000175,172.31.36.0-255,66,28744,12,267275
17806,0.000189,74.125.68.0-255,1484,30228,12,267275
17807,0.000192,172.31.36.0-255,66,30294,12,267275
17808,0.000206,74.125.68.0-255,1125,31419,12,267275
17809,0.000208,172.31.36.0-255,66,31485,12,267275
17810,0.00047,74.125.68.0-255,1484,32969,12,267275
17811,0.000476,172.31.36.0-255,66,33035,12,267275
17812,0.000481,74.125.68.0-255,2902,35937,12,267275
17813,0.000484,172.31.36.0-255,66,36003,12,267275
17814,0.000496,74.125.68.0-255,1484,37487,12,267275
17815,0.000499,172.31.36.0-255,66,37553,12,267275
17816,0.00052,74.125.68.0-255,4320,41873,12,267275
17817,0.000522,172.31.36.0-255,66,41939,12,267275
17818,0.000525,74.125.68.0-255,1484,43423,12,267275
17819,0.000527,172.31.36.0-255,66,43489,12,267275
17820,0.000532,74.125.68.0-255,2902,46391,12,267275
17821,0.000534,172.31.36.0-255,66,46457,12,267275
17822,0.00057,74.125.68.0-255,3961,50418,12,267275
17823,0.000573,172.31.36.0-255,66,50484,12,267275
17824,0.000592,74.125.68.0-255,4320,54804,12,267275
17825,0.000595,172.31.36.0-255,66,54870,12,267275
17826,0.00063,74.125.68.0-255,5738,60608,12,267275
17827,0.000632,172.31.36.0-255,66,60674,12,267275
17828,0.000687,74.125.68.0-255,2902,63576,12,267275
17829,0.000691,172.31.36.0-255,66,63642,12,267275
17830,0.000711,74.125.68.0-255,2543,66185,12,267275
17831,0.000717,172.31.36.0-255,66,66251,12,267275
17832,0.000874,74.125.68.0-255,411,66662,12,267275
17833,0.000936,172.31.36.0-255,66,66728,12,267275
17834,0.001575,74.125.68.0-255,1484,68212,12,267275
17835,0.001588,74.125.68.0-255,2902,71114,12,267275
17836,0.001594,172.31.36.0-255,66,71180,12,267275
17837,0.001617,74.125.68.0-255,5738,76918,12,267275
17838,0.00162,172.31.36.0-255,66,76984,12,267275
17839,0.001623,74.125.68.0-255,1484,78468,12,267275
17840,0.001636,74.125.68.0-255,1484,79952,12,267275
17841,0.001638,172.31.36.0-255,66,80018,12,267275
17842,0.001662,74.125.68.0-255,1484,81502,12,267275
17843,0.001675,74.125.68.0-255,2902,84404,12,267275
17844,0.001678,172.31.36.0-255,66,84470,12,267275
17845,0.001708,74.125.68.0-255,1484,85954,12,267275
17846,0.001723,74.125.68.0-255,2902,88856,12,267275
17847,0.001725,172.31.36.0-255,66,88922,12,267275
17848,0.001753,74.125.68.0-255,4320,93242,12,267275
17849,0.001755,172.31.36.0-255,66,93308,12,267275
17850,0.001788,74.125.68.0-255,4320,97628,12,267275
17851,0.001791,172.31.36.0-255,66,97694,12,267275
17852,0.001806,74.125.68.0-255,2902,100596,12,267275
17853,0.001808,172.31.36.0-255,66,100662,12,267275
17854,0.001815,74.125.68.0-255,766,101428,12,267275
17855,0.002044,172.31.36.0-255,66,101494,12,267275
17856,0.002177,74.125.68.0-255,1484,102978,12,267275
17857,0.002206,74.125.68.0-255,2902,105880,12,267275
17858,0.00221,172.31.36.0-255,66,105946,12,267275
17859,0.002234,74.125.68.0-255,5738,111684,12,267275
17860,0.002237,172.31.36.0-255,66,111750,12,267275
17861,0.002262,74.125.68.0-255,5738,117488,12,267275
17862,0.002265,172.31.36.0-255,66,117554,12,267275
17863,0.002281,74.125.68.0-255,1484,119038,12,267275
17864,0.004492,74.125.68.0-255,4320,123358,12,267275
17865,0.004497,172.31.36.0-255,66,123424,12,267275
17866,0.006729,74.125.68.0-255,5738,129162,12,267275
17867,0.006735,172.31.36.0-255,66,129228,12,267275
17868,0.00899,74.125.68.0-255,5738,134966,12,267275
17869,0.009007,172.31.36.0-255,66,135032,12,267275
17870,0.011262,74.125.68.0-255,5738,140770,12,267275
17871,0.011277,172.31.36.0-255,66,140836,12,267275
17872,0.013528,74.125.68.0-255,5738,146574,12,267275
17873,0.013544,172.31.36.0-255,66,146640,12,267275
17874,0.015814,74.125.68.0-255,5738,152378,12,267275
17875,0.015826,172.31.36.0-255,66,152444,12,267275
17876,0.018077,74.125.68.0-255,5738,158182,12,267275
17877,0.01809,172.31.36.0-255,66,158248,12,267275
17878,0.020345,74.125.68.0-255,5738,163986,12,267275
17879,0.02036,172.31.36.0-255,66,164052,12,267275
17880,0.022614,74.125.68.0-255,5738,169790,12,267275
17881,0.022631,172.31.36.0-255,66,169856,12,267275
17882,0.024891,74.125.68.0-255,5738,175594,12,267275
17883,0.024906,172.31.36.0-255,66,175660,12,267275
17884,0.027158,74.125.68.0-255,5738,181398,12,267275
17885,0.027167,172.31.36.0-255,66,181464,12,267275
17886,0.02727,172.31.36.0-255,172,181636,12,267275
17887,0.027324,172.31.36.0-255,1107,182743,12,267275
17888,0.027625,172.31.36.0-255,1514,184257,12,267275
17889,0.027627,172.31.36.0-255,1300,185557,12,267275
17890,0.028835,104.244.42.0-255,66,185623,12,267275
17891,0.028861,104.244.42.0-255,66,185689,12,267275
17892,0.029193,104.244.42.0-255,66,185755,12,267275
17893,0.029409,74.125.68.0-255,5738,191493,12,267275
17894,0.029419,172.31.36.0-255,66,191559,12,267275
17895,0.031699,74.125.68.0-255,5738,197297,12,267275
17896,0.031712,172.31.36.0-255,66,197363,12,267275
17897,0.033954,74.125.68.0-255,5738,203101,12,267275
17898,0.033971,172.31.36.0-255,66,203167,12,267275
17899,0.036212,74.125.68.0-255,5738,208905,12,267275
17900,0.036224,172.31.36.0-255,66,208971,12,267275
17901,0.038474,74.125.68.0-255,5738,214709,12,267275
17902,0.038486,172.31.36.0-255,66,214775,12,267275
17903,0.040728,74.125.68.0-255,5738,220513,12,267275
17904,0.040743,172.31.36.0-255,66,220579,12,267275
17905,0.04298,74.125.68.0-255,5738,226317,12,267275
17906,0.042996,172.31.36.0-255,66,226383,12,267275
17907,0.045248,74.125.68.0-255,5738,232121,12,267275
17908,0.045261,172.31.36.0-255,66,232187,12,267275
17909,0.047522,74.125.68.0-255,5738,237925,12,267275
17910,0.047538,172.31.36.0-255,66,237991,12,267275
17911,0.049792,74.125.68.0-255,5738,243729,12,267275
17912,0.049809,172.31.36.0-255,66,243795,12,267275
17913,0.052043,74.125.68.0-255,2902,246697,12,267275
17914,0.052049,172.31.36.0-255,66,246763,12,267275
17915,0.052085,74.125.68.0-255,2902,249665,12,267275
17916,0.052089,172.31.36.0-255,66,249731,12,267275
17917,0.054291,74.125.68.0-255,1484,251215,12,267275
17918,0.054316,74.125.68.0-255,4320,255535,12,267275
17919,0.05432,172.31.36.0-255,66,255601,12,267275
17920,0.056548,74.125.68.0-255,1484,257085,12,267275
17921,0.05658,74.125.68.0-255,4320,261405,12,267275
17922,0.056585,172.31.36.0-255,66,261471,12,267275
17923,0.058815,74.125.68.0-255,5738,267209,12,267275
17924,0.05882,172.31.36.0-255,66,267275,12,267275
17925,0.0,74.125.24.0-255,148,148,12,218326
17926,3.1e-05,172.31.36.0-255,66,214,12,218326
17927,3.7e-05,74.125.24.0-255,1484,1698,12,218326
17928,4.1e-05,172.31.36.0-255,66,1764,12,218326
17929,4.5e-05,74.125.24.0-255,2902,4666,12,218326
17930,4.7e-05,172.31.36.0-255,66,4732,12,218326
17931,6.2e-05,74.125.24.0-255,7156,11888,12,218326
17932,6.4e-05,172.31.36.0-255,66,11954,12,218326
17933,6.8e-05,74.125.24.0-255,2087,14041,12,218326
17934,7e-05,172.31.36.0-255,66,14107,12,218326
17935,0.000106,74.125.24.0-255,2902,17009,12,218326
17936,0.000109,172.31.36.0-255,66,17075,12,218326
17937,0.000134,74.125.24.0-255,4320,21395,12,218326
17938,0.000136,172.31.36.0-255,66,21461,12,218326
17939,0.000142,74.125.24.0-255,5738,27199,12,218326
17940,0.000144,172.31.36.0-255,66,27265,12,218326
17941,0.000174,74.125.24.0-255,3961,31226,12,218326
17942,0.000177,172.31.36.0-255,66,31292,12,218326
17943,0.000245,74.125.24.0-255,1484,32776,12,218326
17944,0.000249,172.31.36.0-255,66,32842,12,218326
17945,0.000252,74.125.24.0-255,1484,34326,12,218326
17946,0.000254,172.31.36.0-255,66,34392,12,218326
17947,0.000273,74.125.24.0-255,1484,35876,12,218326
17948,0.000275,172.31.36.0-255,66,35942,12,218326
17949,0.000285,74.125.24.0-255,4320,40262,12,218326
17950,0.000287,172.31.36.0-255,66,40328,12,218326
17951,0.00033,172.31.36.0-255,66,40394,12,218326
17952,0.00034,172.31.36.0-255,66,40460,12,218326
17953,0.000371,74.125.24.0-255,5379,45839,12,218326
17954,0.000374,172.31.36.0-255,66,45905,12,218326
17955,0.002387,74.125.24.0-255,646,46551,12,218326
17956,0.002439,172.31.36.0-255,66,46617,12,218326
17957,0.002592,74.125.24.0-255,1484,48101,12,218326
17958,0.002611,74.125.24.0-255,2902,51003,12,218326
17959,0.002615,172.31.36.0-255,66,51069,12,218326
17960,0.004405,74.125.24.0-255,1484,52553,12,218326
17961,0.004561,74.125.24.0-255,4320,56873,12,218326
17962,0.004566,172.31.36.0-255,66,56939,12,218326
17963,0.006543,74.125.24.0-255,5738,62677,12,218326
17964,0.006549,172.31.36.0-255,66,62743,12,218326
17965,0.008542,74.125.24.0-255,5738,68481,12,218326
17966,0.008548,172.31.36.0-255,66,68547,12,218326
17967,0.010533,74.125.24.0-255,5738,74285,12,218326
17968,0.010541,172.31.36.0-255,66,74351,12,218326
17969,0.012525,74.125.24.0-255,4320,78671,12,218326
17970,0.012532,172.31.36.0-255,66,78737,12,218326
17971,0.012562,74.125.24.0-255,1484,80221,12,218326
17972,0.014502,74.125.24.0-255,4320,84541,12,218326
17973,0.014513,172.31.36.0-255,66,84607,12,218326
17974,0.016509,74.125.24.0-255,5738,90345,12,218326
17975,0.016518,172.31.36.0-255,66,90411,12,218326
17976,0.018489,74.125.24.0-255,5738,96149,12,218326
17977,0.018496,172.31.36.0-255,66,96215,12,218326
17978,0.020466,74.125.24.0-255,5738,101953,12,218326
17979,0.020492,172.31.36.0-255,66,102019,12,218326
17980,0.022445,74.125.24.0-255,5738,107757,12,218326
17981,0.022452,172.31.36.0-255,66,107823,12,218326
17982,0.022766,172.31.36.0-255,164,107987,12,218326
17983,0.022808,172.31.36.0-255,1115,109102,12,218326
17984,0.022885,172.31.36.0-255,1514,110616,12,218326
17985,0.022888,172.31.36.0-255,1292,111908,12,218326
17986,0.024311,104.244.42.0-255,66,111974,12,218326
17987,0.024405,104.244.42.0-255,66,112040,12,218326
17988,0.024422,74.125.24.0-255,4320,116360,12,218326
17989,0.024426,172.31.36.0-255,66,116426,12,218326
17990,0.024451,104.244.42.0-255,66,116492,12,218326
17991,0.02451,74.125.24.0-255,1484,117976,12,218326
17992,0.026386,74.125.24.0-255,4320,122296,12,218326
17993,0.026391,172.31.36.0-255,66,122362,12,218326
17994,0.028324,74.125.24.0-255,5738,128100,12,218326
17995,0.028329,172.31.36.0-255,66,128166,12,218326
17996,0.030274,74.125.24.0-255,5738,133904,12,218326
17997,0.030279,172.31.36.0-255,66,133970,12,218326
17998,0.032227,74.125.24.0-255,5738,139708,12,218326
17999,0.032233,172.31.36.0-255,66,139774,12,218326
18000,0.034185,74.125.24.0-255,5738,145512,12,218326
18001,0.03419,172.31.36.0-255,66,145578,12,218326
18002,0.036154,74.125.24.0-255,5738,151316,12,218326
18003,0.03616,172.31.36.0-255,66,151382,12,218326
18004,0.038167,74.125.24.0-255,5738,157120,12,218326
18005,0.038173,172.31.36.0-255,66,157186,12,218326
18006,0.040137,74.125.24.0-255,5738,162924,12,218326
18007,0.040142,172.31.36.0-255,66,162990,12,218326
18008,0.042149,74.125.24.0-255,5738,168728,12,218326
18009,0.042155,172.31.36.0-255,66,168794,12,218326
18010,0.044098,74.125.24.0-255,4320,173114,12,218326
18011,0.044103,172.31.36.0-255,66,173180,12,218326
18012,0.044141,74.125.24.0-255,1484,174664,12,218326
18013,0.046061,74.125.24.0-255,4320,178984,12,218326
18014,0.046065,172.31.36.0-255,66,179050,12,218326
18015,0.048047,74.125.24.0-255,5738,184788,12,218326
18016,0.048053,172.31.36.0-255,66,184854,12,218326
18017,0.050025,74.125.24.0-255,5738,190592,12,218326
18018,0.050031,172.31.36.0-255,66,190658,12,218326
18019,0.052006,74.125.24.0-255,5738,196396,12,218326
18020,0.052011,172.31.36.0-255,66,196462,12,218326
18021,0.053976,74.125.24.0-255,4320,200782,12,218326
18022,0.053983,172.31.36.0-255,66,200848,12,218326
18023,0.054009,74.125.24.0-255,1484,202332,12,218326
18024,0.055947,74.125.24.0-255,4320,206652,12,218326
18025,0.055954,172.31.36.0-255,66,206718,12,218326
18026,0.0579,74.125.24.0-255,5738,212456,12,218326
18027,0.057905,172.31.36.0-255,66,212522,12,218326
18028,0.059878,74.125.24.0-255,5738,218260,12,218326
18029,0.059884,172.31.36.0-255,66,218326,12,218326
18030,0.0,74.125.200.0-255,153,153,12,325019
18031,1.6e-05,172.31.36.0-255,66,219,12,325019
18032,2.3e-05,74.125.200.0-255,1484,1703,12,325019
18033,2.9e-05,172.31.36.0-255,66,1769,12,325019
18034,3.2e-05,74.125.200.0-255,1484,3253,12,325019
18035,4.3e-05,172.31.36.0-255,66,3319,12,325019
18036,5e-05,74.125.200.0-255,2902,6221,12,325019
18037,5.3e-05,172.31.36.0-255,66,6287,12,325019
18038,6.1e-05,74.125.200.0-255,5738,12025,12,325019
18039,6.5e-05,172.31.36.0-255,66,12091,12,325019
18040,0.00011,172.31.36.0-255,66,12157,12,325019
18041,0.000121,172.31.36.0-255,66,12223,12,325019
18042,0.000131,74.125.200.0-255,2543,14766,12,325019
18043,0.000133,172.31.36.0-255,66,14832,12,325019
18044,0.000592,74.125.200.0-255,1484,16316,12,325019
18045,0.000598,172.31.36.0-255,66,16382,12,325019
18046,0.000605,74.125.200.0-255,2902,19284,12,325019
18047,0.000608,172.31.36.0-255,66,19350,12,325019
18048,0.000621,74.125.200.0-255,5738,25088,12,325019
18049,0.000624,172.31.36.0-255,66,25154,12,325019
18050,0.000628,74.125.200.0-255,2902,28056,12,325019
18051,0.00063,172.31.36.0-255,66,28122,12,325019
18052,0.000665,74.125.200.0-255,3961,32083,12,325019
18053,0.000668,172.31.36.0-255,66,32149,12,325019
18054,0.000677,74.125.200.0-255,1484,33633,12,325019
18055,0.000679,172.31.36.0-255,66,33699,12,325019
18056,0.000717,74.125.200.0-255,7156,40855,12,325019
18057,0.000721,172.31.36.0-255,66,40921,12,325019
18058,0.000747,172.31.36.0-255,66,40987,12,325019
18059,0.000751,74.125.200.0-255,116,41103,12,325019
18060,0.000838,74.125.200.0-255,1484,42587,12,325019
18061,0.000842,172.31.36.0-255,66,42653,12,325019
18062,0.000847,74.125.200.0-255,2902,45555,12,325019
18063,0.000849,172.31.36.0-255,66,45621,12,325019
18064,0.00088,74.125.200.0-255,5738,51359,12,325019
18065,0.000885,172.31.36.0-255,66,51425,12,325019
18066,0.000912,74.125.200.0-255,6797,58222,12,325019
18067,0.000915,172.31.36.0-255,66,58288,12,325019
18068,0.000946,74.125.200.0-255,7156,65444,12,325019
18069,0.000949,172.31.36.0-255,66,65510,12,325019
18070,0.000975,74.125.200.0-255,1484,66994,12,325019
18071,0.001023,74.125.200.0-255,1484,68478,12,325019
18072,0.001028,172.31.36.0-255,66,68544,12,325019
18073,0.001041,74.125.200.0-255,2902,71446,12,325019
18074,0.001048,172.31.36.0-255,66,71512,12,325019
18075,0.001089,74.125.200.0-255,3961,75473,12,325019
18076,0.001093,172.31.36.0-255,66,75539,12,325019
18077,0.001169,74.125.200.0-255,1484,77023,12,325019
18078,0.001186,74.125.200.0-255,2902,79925,12,325019
18079,0.001189,172.31.36.0-255,66,79991,12,325019
18080,0.00123,74.125.200.0-255,5738,85729,12,325019
18081,0.001233,172.31.36.0-255,66,85795,12,325019
18082,0.001246,172.31.36.0-255,66,85861,12,325019
18083,0.001267,74.125.200.0-255,2902,88763,12,325019
18084,0.001277,74.125.200.0-255,5738,94501,12,325019
18085,0.001281,172.31.36.0-255,66,94567,12,325019
18086,0.001285,172.31.36.0-255,66,94633,12,325019
18087,0.001309,74.125.200.0-255,5020,99653,12,325019
18088,0.001316,172.31.36.0-255,66,99719,12,325019
18089,0.001364,74.125.200.0-255,1484,101203,12,325019
18090,0.001368,74.125.200.0-255,1484,102687,12,325019
18091,0.001372,172.31.36.0-255,66,102753,12,325019
18092,0.001395,74.125.200.0-255,1484,104237,12,325019
18093,0.001403,74.125.200.0-255,5738,109975,12,325019
18094,0.001406,172.31.36.0-255,66,110041,12,325019
18095,0.001409,74.125.200.0-255,1484,111525,12,325019
18096,0.001433,74.125.200.0-255,2902,114427,12,325019
18097,0.001435,172.31.36.0-255,66,114493,12,325019
18098,0.001463,74.125.200.0-255,5738,120231,12,325019
18099,0.001466,172.31.36.0-255,66,120297,12,325019
18100,0.001474,74.125.200.0-255,7156,127453,12,325019
18101,0.001476,172.31.36.0-255,66,127519,12,325019
18102,0.001512,74.125.200.0-255,6438,133957,12,325019
18103,0.001515,172.31.36.0-255,66,134023,12,325019
18104,0.001546,74.125.200.0-255,7156,141179,12,325019
18105,0.001549,172.31.36.0-255,66,141245,12,325019
18106,0.001552,74.125.200.0-255,1484,142729,12,325019
18107,0.001601,172.31.36.0-255,66,142795,12,325019
18108,0.001608,74.125.200.0-255,5738,148533,12,325019
18109,0.00161,172.31.36.0-255,66,148599,12,325019
18110,0.001614,74.125.200.0-255,1484,150083,12,325019
18111,0.001642,74.125.200.0-255,5738,155821,12,325019
18112,0.001645,172.31.36.0-255,66,155887,12,325019
18113,0.001663,74.125.200.0-255,5738,161625,12,325019
18114,0.001667,172.31.36.0-255,66,161691,12,325019
18115,0.001697,74.125.200.0-255,2184,163875,12,325019
18116,0.0017,172.31.36.0-255,66,163941,12,325019
18117,0.00171,172.31.36.0-255,66,164007,12,325019
18118,0.001727,172.31.36.0-255,66,164073,12,325019
18119,0.001793,172.31.36.0-255,66,164139,12,325019
18120,0.002095,74.125.200.0-255,1484,165623,12,325019
18121,0.002136,74.125.200.0-255,1484,167107,12,325019
18122,0.00214,172.31.36.0-255,66,167173,12,325019
18123,0.002145,74.125.200.0-255,1484,168657,12,325019
18124,0.002167,74.125.200.0-255,1484,170141,12,325019
18125,0.002169,172.31.36.0-255,66,170207,12,325019
18126,0.002172,74.125.200.0-255,1484,171691,12,325019
18127,0.002177,74.125.200.0-255,2902,174593,12,325019
18128,0.002179,172.31.36.0-255,66,174659,12,325019
18129,0.002184,74.125.200.0-255,2902,177561,12,325019
18130,0.002186,172.31.36.0-255,66,177627,12,325019
18131,0.002222,74.125.200.0-255,2902,180529,12,325019
18132,0.002225,172.31.36.0-255,66,180595,12,325019
18133,0.002242,172.31.36.0-255,66,180661,12,325019
18134,0.002282,172.31.36.0-255,66,180727,12,325019
18135,0.004535,74.125.200.0-255,5738,186465,12,325019
18136,0.004544,172.31.36.0-255,66,186531,12,325019
18137,0.006786,74.125.200.0-255,5738,192269,12,325019
18138,0.006789,172.31.36.0-255,66,192335,12,325019
18139,0.00905,74.125.200.0-255,5738,198073,12,325019
18140,0.009056,172.31.36.0-255,66,198139,12,325019
18141,0.011313,74.125.200.0-255,5738,203877,12,325019
18142,0.011321,172.31.36.0-255,66,203943,12,325019
18143,0.01358,74.125.200.0-255,5738,209681,12,325019
18144,0.013589,172.31.36.0-255,66,209747,12,325019
18145,0.015843,74.125.200.0-255,5738,215485,12,325019
18146,0.015853,172.31.36.0-255,66,215551,12,325019
18147,0.018126,74.125.200.0-255,5738,221289,12,325019
18148,0.018137,172.31.36.0-255,66,221355,12,325019
18149,0.020392,74.125.200.0-255,5738,227093,12,325019
18150,0.020401,172.31.36.0-255,66,227159,12,325019
18151,0.022669,74.125.200.0-255,5738,232897,12,325019
18152,0.022679,172.31.36.0-255,66,232963,12,325019
18153,0.024954,74.125.200.0-255,5738,238701,12,325019
18154,0.02496,172.31.36.0-255,66,238767,12,325019
18155,0.027215,74.125.200.0-255,5738,244505,12,325019
18156,0.027222,172.31.36.0-255,66,244571,12,325019
18157,0.029487,74.125.200.0-255,5738,250309,12,325019
18158,0.029495,172.31.36.0-255,66,250375,12,325019
18159,0.03177,74.125.200.0-255,5738,256113,12,325019
18160,0.031779,172.31.36.0-255,66,256179,12,325019
18161,0.034052,74.125.200.0-255,5738,261917,12,325019
18162,0.03406,172.31.36.0-255,66,261983,12,325019
18163,0.034635,172.31.36.0-255,187,262170,12,325019
18164,0.034667,172.31.36.0-255,976,263146,12,325019
18165,0.034728,172.31.36.0-255,1514,264660,12,325019
18166,0.03473,172.31.36.0-255,1431,266091,12,325019
18167,0.03618,104.244.42.0-255,66,266157,12,325019
18168,0.036224,104.244.42.0-255,66,266223,12,325019
18169,0.036309,74.125.200.0-255,4320,270543,12,325019
18170,0.036315,172.31.36.0-255,66,270609,12,325019
18171,0.03635,104.244.42.0-255,66,270675,12,325019
18172,0.036355,74.125.200.0-255,1484,272159,12,325019
18173,0.038568,74.125.200.0-255,4320,276479,12,325019
18174,0.038575,172.31.36.0-255,66,276545,12,325019
18175,0.040826,74.125.200.0-255,5738,282283,12,325019
18176,0.040833,172.31.36.0-255,66,282349,12,325019
18177,0.043095,74.125.200.0-255,5738,288087,12,325019
18178,0.043102,172.31.36.0-255,66,288153,12,325019
18179,0.045397,74.125.200.0-255,5738,293891,12,325019
18180,0.045404,172.31.36.0-255,66,293957,12,325019
18181,0.047671,74.125.200.0-255,5738,299695,12,325019
18182,0.047678,172.31.36.0-255,66,299761,12,325019
18183,0.049954,74.125.200.0-255,5738,305499,12,325019
18184,0.04996,172.31.36.0-255,66,305565,12,325019
18185,0.052219,74.125.200.0-255,5738,311303,12,325019
18186,0.052226,172.31.36.0-255,66,311369,12,325019
18187,0.054473,74.125.200.0-255,5738,317107,12,325019
18188,0.054479,172.31.36.0-255,66,317173,12,325019
18189,0.056772,74.125.200.0-255,5738,322911,12,325019
18190,0.056779,172.31.36.0-255,66,322977,12,325019
18191,0.059031,74.125.200.0-255,1871,324848,12,325019
18192,0.059037,172.31.36.0-255,66,324914,12,325019
18193,0.059199,172.31.36.0-255,105,325019,12,325019
18194,0.0,74.125.24.0-255,374,374,12,198821
18195,2.6e-05,172.31.36.0-255,66,440,12,198821
18196,3.3e-05,74.125.24.0-255,1484,1924,12,198821
18197,3.8e-05,172.31.36.0-255,66,1990,12,198821
18198,7.9e-05,74.125.24.0-255,4320,6310,12,198821
18199,8.2e-05,172.31.36.0-255,66,6376,12,198821
18200,0.000233,74.125.24.0-255,4320,10696,12,198821
18201,0.000238,172.31.36.0-255,66,10762,12,198821
18202,0.000267,74.125.24.0-255,4702,15464,12,198821
18203,0.00027,172.31.36.0-255,66,15530,12,198821
18204,0.000612,172.31.36.0-255,66,15596,12,198821
18205,0.000644,74.125.24.0-255,6797,22393,12,198821
18206,0.000649,172.31.36.0-255,66,22459,12,198821
18207,0.001248,74.125.24.0-255,5738,28197,12,198821
18208,0.001257,172.31.36.0-255,66,28263,12,198821
18209,0.002087,74.125.24.0-255,2902,31165,12,198821
18210,0.002091,172.31.36.0-255,66,31231,12,198821
18211,0.003329,74.125.24.0-255,2902,34133,12,198821
18212,0.003336,172.31.36.0-255,66,34199,12,198821
18213,0.004144,74.125.24.0-255,2902,37101,12,198821
18214,0.004149,172.31.36.0-255,66,37167,12,198821
18215,0.005419,74.125.24.0-255,2902,40069,12,198821
18216,0.005432,172.31.36.0-255,66,40135,12,198821
18217,0.006199,74.125.24.0-255,2902,43037,12,198821
18218,0.006206,172.31.36.0-255,66,43103,12,198821
18219,0.007517,74.125.24.0-255,2902,46005,12,198821
18220,0.007526,172.31.36.0-255,66,46071,12,198821
18221,0.008285,74.125.24.0-255,2902,48973,12,198821
18222,0.008294,172.31.36.0-255,66,49039,12,198821
18223,0.009596,74.125.24.0-255,2902,51941,12,198821
18224,0.009605,172.31.36.0-255,66,52007,12,198821
18225,0.010351,74.125.24.0-255,2902,54909,12,198821
18226,0.010358,172.31.36.0-255,66,54975,12,198821
18227,0.011676,74.125.24.0-255,2902,57877,12,198821
18228,0.011687,172.31.36.0-255,66,57943,12,198821
18229,0.012428,74.125.24.0-255,2902,60845,12,198821
18230,0.012435,172.31.36.0-255,66,60911,12,198821
18231,0.013764,74.125.24.0-255,2902,63813,12,198821
18232,0.013774,172.31.36.0-255,66,63879,12,198821
18233,0.014497,74.125.24.0-255,2902,66781,12,198821
18234,0.014506,172.31.36.0-255,66,66847,12,198821
18235,0.015823,74.125.24.0-255,2902,69749,12,198821
18236,0.015831,172.31.36.0-255,66,69815,12,198821
18237,0.016556,74.125.24.0-255,2902,72717,12,198821
18238,0.016565,172.31.36.0-255,66,72783,12,198821
18239,0.01789,74.125.24.0-255,2902,75685,12,198821
18240,0.0179,172.31.36.0-255,66,75751,12,198821
18241,0.018629,74.125.24.0-255,2902,78653,12,198821
18242,0.018637,172.31.36.0-255,66,78719,12,198821
18243,0.019955,74.125.24.0-255,2902,81621,12,198821
18244,0.019963,172.31.36.0-255,66,81687,12,198821
18245,0.020708,74.125.24.0-255,2902,84589,12,198821
18246,0.020715,172.31.36.0-255,66,84655,12,198821
18247,0.022013,74.125.24.0-255,2902,87557,12,198821
18248,0.02202,172.31.36.0-255,66,87623,12,198821
18249,0.022771,74.125.24.0-255,2902,90525,12,198821
18250,0.022779,172.31.36.0-255,66,90591,12,198821
18251,0.024113,74.125.24.0-255,2902,93493,12,198821
18252,0.024118,172.31.36.0-255,66,93559,12,198821
18253,0.02487,74.125.24.0-255,2902,96461,12,198821
18254,0.024876,172.31.36.0-255,66,96527,12,198821
18255,0.026169,74.125.24.0-255,2902,99429,12,198821
18256,0.026176,172.31.36.0-255,66,99495,12,198821
18257,0.026917,74.125.24.0-255,2902,102397,12,198821
18258,0.026922,172.31.36.0-255,66,102463,12,198821
18259,0.028236,74.125.24.0-255,2902,105365,12,198821
18260,0.028243,172.31.36.0-255,66,105431,12,198821
18261,0.02898,74.125.24.0-255,2902,108333,12,198821
18262,0.028986,172.31.36.0-255,66,108399,12,198821
18263,0.029589,172.31.36.0-255,172,108571,12,198821
18264,0.029631,172.31.36.0-255,1078,109649,12,198821
18265,0.03031,74.125.24.0-255,2902,112551,12,198821
18266,0.030318,172.31.36.0-255,66,112617,12,198821
18267,0.031063,74.125.24.0-255,2902,115519,12,198821
18268,0.031069,172.31.36.0-255,66,115585,12,198821
18269,0.031113,104.244.42.0-255,66,115651,12,198821
18270,0.031167,104.244.42.0-255,66,115717,12,198821
18271,0.032384,74.125.24.0-255,2902,118619,12,198821
18272,0.032391,172.31.36.0-255,66,118685,12,198821
18273,0.033121,74.125.24.0-255,2902,121587,12,198821
18274,0.033126,172.31.36.0-255,66,121653,12,198821
18275,0.034433,74.125.24.0-255,2902,124555,12,198821
18276,0.034438,172.31.36.0-255,66,124621,12,198821
18277,0.035189,74.125.24.0-255,2902,127523,12,198821
18278,0.035195,172.31.36.0-255,66,127589,12,198821
18279,0.036489,74.125.24.0-255,2902,130491,12,198821
18280,0.036494,172.31.36.0-255,66,130557,12,198821
18281,0.037243,74.125.24.0-255,2902,133459,12,198821
18282,0.037248,172.31.36.0-255,66,133525,12,198821
18283,0.038548,74.125.24.0-255,2902,136427,12,198821
18284,0.038553,172.31.36.0-255,66,136493,12,198821
18285,0.039294,74.125.24.0-255,2902,139395,12,198821
18286,0.039298,172.31.36.0-255,66,139461,12,198821
18287,0.040615,74.125.24.0-255,2902,142363,12,198821
18288,0.040621,172.31.36.0-255,66,142429,12,198821
18289,0.041352,74.125.24.0-255,2902,145331,12,198821
18290,0.041357,172.31.36.0-255,66,145397,12,198821
18291,0.042698,74.125.24.0-255,2902,148299,12,198821
18292,0.042703,172.31.36.0-255,66,148365,12,198821
18293,0.043397,74.125.24.0-255,2902,151267,12,198821
18294,0.043402,172.31.36.0-255,66,151333,12,198821
18295,0.044778,74.125.24.0-255,2902,154235,12,198821
18296,0.044782,172.31.36.0-255,66,154301,12,198821
18297,0.045485,74.125.24.0-255,2902,157203,12,198821
18298,0.04549,172.31.36.0-255,66,157269,12,198821
18299,0.046842,74.125.24.0-255,2902,160171,12,198821
18300,0.046846,172.31.36.0-255,66,160237,12,198821
18301,0.047554,74.125.24.0-255,2902,163139,12,198821
18302,0.04756,172.31.36.0-255,66,163205,12,198821
18303,0.048892,74.125.24.0-255,2902,166107,12,198821
18304,0.048897,172.31.36.0-255,66,166173,12,198821
18305,0.049629,74.125.24.0-255,2902,169075,12,198821
18306,0.049634,172.31.36.0-255,66,169141,12,198821
18307,0.050939,74.125.24.0-255,2902,172043,12,198821
18308,0.050945,172.31.36.0-255,66,172109,12,198821
18309,0.051693,74.125.24.0-255,2902,175011,12,198821
18310,0.051698,172.31.36.0-255,66,175077,12,198821
18311,0.053004,74.125.24.0-255,2902,177979,12,198821
18312,0.053012,172.31.36.0-255,66,178045,12,198821
18313,0.053757,74.125.24.0-255,2902,180947,12,198821
18314,0.053763,172.31.36.0-255,66,181013,12,198821
18315,0.055069,74.125.24.0-255,2902,183915,12,198821
18316,0.055075,172.31.36.0-255,66,183981,12,198821
18317,0.055831,74.125.24.0-255,2902,186883,12,198821
18318,0.055838,172.31.36.0-255,66,186949,12,198821
18319,0.057154,74.125.24.0-255,2902,189851,12,198821
18320,0.057159,172.31.36.0-255,66,189917,12,198821
18321,0.057924,74.125.24.0-255,2902,192819,12,198821
18322,0.05793,172.31.36.0-255,66,192885,12,198821
18323,0.059243,74.125.24.0-255,2902,195787,12,198821
18324,0.059249,172.31.36.0-255,66,195853,12,198821
18325,0.059979,74.125.24.0-255,2902,198755,12,198821
18326,0.059985,172.31.36.0-255,66,198821,12,198821
18327,0.0,172.217.194.0-255,153,153,12,278224
18328,3.2e-05,172.31.36.0-255,66,219,12,278224
18329,4e-05,172.217.194.0-255,1484,1703,12,278224
18330,4.4e-05,172.31.36.0-255,66,1769,12,278224
18331,4.9e-05,172.217.194.0-255,2902,4671,12,278224
18332,5.2e-05,172.31.36.0-255,66,4737,12,278224
18333,5.9e-05,172.217.194.0-255,7156,11893,12,278224
18334,6.1e-05,172.31.36.0-255,66,11959,12,278224
18335,6.7e-05,172.217.194.0-255,4854,16813,12,278224
18336,6.9e-05,172.31.36.0-255,66,16879,12,278224
18337,0.000139,172.31.36.0-255,66,16945,12,278224
18338,0.000266,172.217.194.0-255,1484,18429,12,278224
18339,0.000271,172.217.194.0-255,2902,21331,12,278224
18340,0.000272,172.31.36.0-255,66,21397,12,278224
18341,0.000274,172.217.194.0-255,2902,24299,12,278224
18342,0.000276,172.31.36.0-255,66,24365,12,278224
18343,0.000279,172.31.36.0-255,66,24431,12,278224
18344,0.000309,172.217.194.0-255,2902,27333,12,278224
18345,0.000313,172.31.36.0-255,66,27399,12,278224
18346,0.000333,172.217.194.0-255,6797,34196,12,278224
18347,0.000336,172.31.36.0-255,66,34262,12,278224
18348,0.000663,172.217.194.0-255,1484,35746,12,278224
18349,0.000667,172.217.194.0-255,1484,37230,12,278224
18350,0.000668,172.31.36.0-255,66,37296,12,278224
18351,0.000672,172.31.36.0-255,66,37362,12,278224
18352,0.00068,172.217.194.0-255,1484,38846,12,278224
18353,0.000683,172.31.36.0-255,66,38912,12,278224
18354,0.000697,172.217.194.0-255,2902,41814,12,278224
18355,0.0007,172.31.36.0-255,66,41880,12,278224
18356,0.000723,172.217.194.0-255,2902,44782,12,278224
18357,0.000726,172.31.36.0-255,66,44848,12,278224
18358,0.000749,172.217.194.0-255,7108,51956,12,278224
18359,0.000751,172.31.36.0-255,66,52022,12,278224
18360,0.001034,172.217.194.0-255,1484,53506,12,278224
18361,0.001044,172.217.194.0-255,2902,56408,12,278224
18362,0.001048,172.31.36.0-255,66,56474,12,278224
18363,0.001056,172.217.194.0-255,5738,62212,12,278224
18364,0.001059,172.31.36.0-255,66,62278,12,278224
18365,0.001096,172.31.36.0-255,66,62344,12,278224
18366,0.001108,172.31.36.0-255,66,62410,12,278224
18367,0.001132,172.217.194.0-255,2184,64594,12,278224
18368,0.001134,172.31.36.0-255,66,64660,12,278224
18369,0.001137,172.217.194.0-255,365,65025,12,278224
18370,0.001596,172.217.194.0-255,1484,66509,12,278224
18371,0.001603,172.31.36.0-255,66,66575,12,278224
18372,0.001609,172.217.194.0-255,2902,69477,12,278224
18373,0.001611,172.31.36.0-255,66,69543,12,278224
18374,0.001617,172.217.194.0-255,5738,75281,12,278224
18375,0.001619,172.31.36.0-255,66,75347,12,278224
18376,0.001655,172.31.36.0-255,66,75413,12,278224
18377,0.001661,172.217.194.0-255,5738,81151,12,278224
18378,0.001663,172.31.36.0-255,66,81217,12,278224
18379,0.001685,172.217.194.0-255,1484,82701,12,278224
18380,0.001713,172.217.194.0-255,3602,86303,12,278224
18381,0.001716,172.31.36.0-255,66,86369,12,278224
18382,0.001916,172.217.194.0-255,1484,87853,12,278224
18383,0.001919,172.217.194.0-255,1484,89337,12,278224
18384,0.001921,172.31.36.0-255,66,89403,12,278224
18385,0.001934,172.217.194.0-255,1484,90887,12,278224
18386,0.00195,172.217.194.0-255,5738,96625,12,278224
18387,0.001953,172.31.36.0-255,66,96691,12,278224
18388,0.00196,172.217.194.0-255,7156,103847,12,278224
18389,0.001962,172.31.36.0-255,66,103913,12,278224
18390,0.001997,172.31.36.0-255,66,103979,12,278224
18391,0.002014,172.217.194.0-255,2902,106881,12,278224
18392,0.002016,172.31.36.0-255,66,106947,12,278224
18393,0.002021,172.217.194.0-255,2184,109131,12,278224
18394,0.002023,172.31.36.0-255,66,109197,12,278224
18395,0.002254,172.217.194.0-255,1484,110681,12,278224
18396,0.002268,172.217.194.0-255,2902,113583,12,278224
18397,0.00227,172.31.36.0-255,66,113649,12,278224
18398,0.002276,172.217.194.0-255,4320,117969,12,278224
18399,0.002278,172.31.36.0-255,66,118035,12,278224
18400,0.002302,172.217.194.0-255,1484,119519,12,278224
18401,0.002312,172.31.36.0-255,66,119585,12,278224
18402,0.002334,172.217.194.0-255,4320,123905,12,278224
18403,0.002336,172.31.36.0-255,66,123971,12,278224
18404,0.002346,172.31.36.0-255,66,124037,12,278224
18405,0.004642,172.217.194.0-255,5738,129775,12,278224
18406,0.004651,172.31.36.0-255,66,129841,12,278224
18407,0.006908,172.217.194.0-255,5738,135579,12,278224
18408,0.006913,172.31.36.0-255,66,135645,12,278224
18409,0.00922,172.217.194.0-255,5738,141383,12,278224
18410,0.009227,172.31.36.0-255,66,141449,12,278224
18411,0.011625,172.217.194.0-255,5738,147187,12,278224
18412,0.011632,172.31.36.0-255,66,147253,12,278224
18413,0.013946,172.217.194.0-255,5738,152991,12,278224
18414,0.013954,172.31.36.0-255,66,153057,12,278224
18415,0.016252,172.217.194.0-255,5738,158795,12,278224
18416,0.016264,172.31.36.0-255,66,158861,12,278224
18417,0.018567,172.217.194.0-255,5738,164599,12,278224
18418,0.018578,172.31.36.0-255,66,164665,12,278224
18419,0.020834,172.217.194.0-255,5738,170403,12,278224
18420,0.020843,172.31.36.0-255,66,170469,12,278224
18421,0.023138,172.217.194.0-255,4320,174789,12,278224
18422,0.023144,172.31.36.0-255,66,174855,12,278224
18423,0.023178,172.217.194.0-255,1484,176339,12,278224
18424,0.02541,172.217.194.0-255,4320,180659,12,278224
18425,0.025416,172.31.36.0-255,66,180725,12,278224
18426,0.027709,172.217.194.0-255,5738,186463,12,278224
18427,0.027716,172.31.36.0-255,66,186529,12,278224
18428,0.029964,172.217.194.0-255,5738,192267,12,278224
18429,0.029971,172.31.36.0-255,66,192333,12,278224
18430,0.032247,172.217.194.0-255,5738,198071,12,278224
18431,0.032255,172.31.36.0-255,66,198137,12,278224
18432,0.034182,172.31.36.0-255,172,198309,12,278224
18433,0.034211,172.31.36.0-255,1109,199418,12,278224
18434,0.034256,172.31.36.0-255,1514,200932,12,278224
18435,0.034258,172.31.36.0-255,1514,202446,12,278224
18436,0.034259,172.31.36.0-255,1514,203960,12,278224
18437,0.034264,172.31.36.0-255,1514,205474,12,278224
18438,0.034265,172.31.36.0-255,1514,206988,12,278224
18439,0.034266,172.31.36.0-255,70,207058,12,278224
18440,0.034518,172.217.194.0-255,5738,212796,12,278224
18441,0.034525,172.31.36.0-255,66,212862,12,278224
18442,0.035736,104.244.42.0-255,66,212928,12,278224
18443,0.035743,104.244.42.0-255,66,212994,12,278224
18444,0.03583,104.244.42.0-255,66,213060,12,278224
18445,0.035835,104.244.42.0-255,66,213126,12,278224
18446,0.036778,172.217.194.0-255,2902,216028,12,278224
18447,0.036782,172.31.36.0-255,66,216094,12,278224
18448,0.03681,172.217.194.0-255,2902,218996,12,278224
18449,0.036814,172.31.36.0-255,66,219062,12,278224
18450,0.039065,172.217.194.0-255,2902,221964,12,278224
18451,0.039071,172.31.36.0-255,66,222030,12,278224
18452,0.039101,172.217.194.0-255,2902,224932,12,278224
18453,0.039104,172.31.36.0-255,66,224998,12,278224
18454,0.04134,172.217.194.0-255,2902,227900,12,278224
18455,0.041345,172.31.36.0-255,66,227966,12,278224
18456,0.041374,172.217.194.0-255,2902,230868,12,278224
18457,0.041377,172.31.36.0-255,66,230934,12,278224
18458,0.043598,172.217.194.0-255,2902,233836,12,278224
18459,0.043603,172.31.36.0-255,66,233902,12,278224
18460,0.043646,172.217.194.0-255,2902,236804,12,278224
18461,0.04365,172.31.36.0-255,66,236870,12,278224
18462,0.045878,172.217.194.0-255,2902,239772,12,278224
18463,0.045884,172.31.36.0-255,66,239838,12,278224
18464,0.045915,172.217.194.0-255,2902,242740,12,278224
18465,0.045918,172.31.36.0-255,66,242806,12,278224
18466,0.048141,172.217.194.0-255,2902,245708,12,278224
18467,0.048147,172.31.36.0-255,66,245774,12,278224
18468,0.048189,172.217.194.0-255,2902,248676,12,278224
18469,0.048192,172.31.36.0-255,66,248742,12,278224
18470,0.050404,172.217.194.0-255,2902,251644,12,278224
18471,0.050409,172.31.36.0-255,66,251710,12,278224
18472,0.050467,172.217.194.0-255,2902,254612,12,278224
18473,0.05047,172.31.36.0-255,66,254678,12,278224
18474,0.052674,172.217.194.0-255,2902,257580,12,278224
18475,0.052679,172.31.36.0-255,66,257646,12,278224
18476,0.052705,172.217.194.0-255,2902,260548,12,278224
18477,0.052708,172.31.36.0-255,66,260614,12,278224
18478,0.054945,172.217.194.0-255,2902,263516,12,278224
18479,0.054952,172.31.36.0-255,66,263582,12,278224
18480,0.054971,172.217.194.0-255,2902,266484,12,278224
18481,0.054974,172.31.36.0-255,66,266550,12,278224
18482,0.05719,172.217.194.0-255,1484,268034,12,278224
18483,0.057232,172.217.194.0-255,4320,272354,12,278224
18484,0.057237,172.31.36.0-255,66,272420,12,278224
18485,0.059509,172.217.194.0-255,5738,278158,12,278224
18486,0.059514,172.31.36.0-255,66,278224,12,278224
18487,0.0,172.217.194.0-255,161,161,12,223048
18488,1.1e-05,172.31.36.0-255,66,227,12,223048
18489,1.6e-05,172.217.194.0-255,1484,1711,12,223048
18490,1.9e-05,172.31.36.0-255,66,1777,12,223048
18491,3.5e-05,172.217.194.0-255,2902,4679,12,223048
18492,3.7e-05,172.31.36.0-255,66,4745,12,223048
18493,4.2e-05,172.217.194.0-255,4320,9065,12,223048
18494,4.4e-05,172.31.36.0-255,66,9131,12,223048
18495,6.3e-05,172.217.194.0-255,2902,12033,12,223048
18496,6.5e-05,172.31.36.0-255,66,12099,12,223048
18497,6.9e-05,172.217.194.0-255,2902,15001,12,223048
18498,7e-05,172.31.36.0-255,66,15067,12,223048
18499,8.9e-05,172.217.194.0-255,4885,19952,12,223048
18500,9.1e-05,172.31.36.0-255,66,20018,12,223048
18501,9.5e-05,172.217.194.0-255,4320,24338,12,223048
18502,9.7e-05,172.31.36.0-255,66,24404,12,223048
18503,0.000118,172.217.194.0-255,6797,31201,12,223048
18504,0.00012,172.31.36.0-255,66,31267,12,223048
18505,0.00015,172.217.194.0-255,1484,32751,12,223048
18506,0.000152,172.31.36.0-255,66,32817,12,223048
18507,0.000175,172.217.194.0-255,2902,35719,12,223048
18508,0.000178,172.31.36.0-255,66,35785,12,223048
18509,0.000184,172.217.194.0-255,5738,41523,12,223048
18510,0.000186,172.31.36.0-255,66,41589,12,223048
18511,0.00023,172.31.36.0-255,66,41655,12,223048
18512,0.000246,172.217.194.0-255,1484,43139,12,223048
18513,0.000248,172.31.36.0-255,66,43205,12,223048
18514,0.000274,172.31.36.0-255,66,43271,12,223048
18515,0.000277,172.217.194.0-255,98,43369,12,223048
18516,0.000279,172.31.36.0-255,66,43435,12,223048
18517,0.000362,172.217.194.0-255,1484,44919,12,223048
18518,0.000367,172.217.194.0-255,2902,47821,12,223048
18519,0.00037,172.31.36.0-255,66,47887,12,223048
18520,0.000373,172.217.194.0-255,1484,49371,12,223048
18521,0.000387,172.217.194.0-255,4320,53691,12,223048
18522,0.000389,172.31.36.0-255,66,53757,12,223048
18523,0.000415,172.31.36.0-255,66,53823,12,223048
18524,0.000417,172.217.194.0-255,1484,55307,12,223048
18525,0.000441,172.217.194.0-255,7156,62463,12,223048
18526,0.000443,172.31.36.0-255,66,62529,12,223048
18527,0.00049,172.217.194.0-255,5738,68267,12,223048
18528,0.000492,172.31.36.0-255,66,68333,12,223048
18529,0.000513,172.217.194.0-255,3680,72013,12,223048
18530,0.000515,172.31.36.0-255,66,72079,12,223048
18531,0.000525,172.31.36.0-255,66,72145,12,223048
18532,0.000529,172.217.194.0-255,3961,76106,12,223048
18533,0.000531,172.31.36.0-255,66,76172,12,223048
18534,0.000583,172.217.194.0-255,1484,77656,12,223048
18535,0.000598,172.217.194.0-255,2902,80558,12,223048
18536,0.000601,172.31.36.0-255,66,80624,12,223048
18537,0.000605,172.217.194.0-255,4320,84944,12,223048
18538,0.000608,172.31.36.0-255,66,85010,12,223048
18539,0.00062,172.217.194.0-255,2902,87912,12,223048
18540,0.000622,172.31.36.0-255,66,87978,12,223048
18541,0.000645,172.217.194.0-255,5738,93716,12,223048
18542,0.000648,172.31.36.0-255,66,93782,12,223048
18543,0.000665,172.217.194.0-255,1484,95266,12,223048
18544,0.00068,172.217.194.0-255,5738,101004,12,223048
18545,0.000683,172.31.36.0-255,66,101070,12,223048
18546,0.000712,172.31.36.0-255,66,101136,12,223048
18547,0.000868,172.217.194.0-255,1484,102620,12,223048
18548,0.000884,172.217.194.0-255,2902,105522,12,223048
18549,0.000887,172.31.36.0-255,66,105588,12,223048
18550,0.000891,172.217.194.0-255,1484,107072,12,223048
18551,0.000908,172.217.194.0-255,4320,111392,12,223048
18552,0.00091,172.31.36.0-255,66,111458,12,223048
18553,0.000912,172.217.194.0-255,1484,112942,12,223048
18554,0.000932,172.217.194.0-255,5738,118680,12,223048
18555,0.000934,172.31.36.0-255,66,118746,12,223048
18556,0.000966,172.217.194.0-255,5738,124484,12,223048
18557,0.000969,172.31.36.0-255,66,124550,12,223048
18558,0.000976,172.217.194.0-255,7156,131706,12,223048
18559,0.000978,172.31.36.0-255,66,131772,12,223048
18560,0.000991,172.217.194.0-255,3602,135374,12,223048
18561,0.000993,172.31.36.0-255,66,135440,12,223048
18562,0.001054,172.217.194.0-255,1484,136924,12,223048
18563,0.001068,172.217.194.0-255,2902,139826,12,223048
18564,0.001071,172.31.36.0-255,66,139892,12,223048
18565,0.001077,172.217.194.0-255,4320,144212,12,223048
18566,0.001078,172.31.36.0-255,66,144278,12,223048
18567,0.001093,172.217.194.0-255,1484,145762,12,223048
18568,0.001104,172.31.36.0-255,66,145828,12,223048
18569,0.001131,172.217.194.0-255,2902,148730,12,223048
18570,0.001134,172.31.36.0-255,66,148796,12,223048
18571,0.001144,172.31.36.0-255,66,148862,12,223048
18572,0.001302,172.217.194.0-255,1484,150346,12,223048
18573,0.001313,172.217.194.0-255,1484,151830,12,223048
18574,0.001315,172.31.36.0-255,66,151896,12,223048
18575,0.00132,172.217.194.0-255,2902,154798,12,223048
18576,0.001322,172.31.36.0-255,66,154864,12,223048
18577,0.00134,172.217.194.0-255,5738,160602,12,223048
18578,0.001342,172.31.36.0-255,66,160668,12,223048
18579,0.001381,172.31.36.0-255,66,160734,12,223048
18580,0.001408,172.31.36.0-255,66,160800,12,223048
18581,0.001423,172.217.194.0-255,1484,162284,12,223048
18582,0.00144,172.217.194.0-255,2902,165186,12,223048
18583,0.001443,172.31.36.0-255,66,165252,12,223048
18584,0.001446,172.217.194.0-255,1484,166736,12,223048
18585,0.001468,172.217.194.0-255,4320,171056,12,223048
18586,0.001472,172.31.36.0-255,66,171122,12,223048
18587,0.001485,172.31.36.0-255,66,171188,12,223048
18588,0.001513,172.217.194.0-255,2902,174090,12,223048
18589,0.001518,172.217.194.0-255,5738,179828,12,223048
18590,0.001555,172.31.36.0-255,66,179894,12,223048
18591,0.001567,172.31.36.0-255,66,179960,12,223048
18592,0.001573,172.217.194.0-255,5020,184980,12,223048
18593,0.001576,172.31.36.0-255,66,185046,12,223048
18594,0.001599,172.217.194.0-255,1484,186530,12,223048
18595,0.001604,172.217.194.0-255,2902,189432,12,223048
18596,0.001607,172.31.36.0-255,66,189498,12,223048
18597,0.00161,172.217.194.0-255,1484,190982,12,223048
18598,0.001634,172.217.194.0-255,4320,195302,12,223048
18599,0.001637,172.31.36.0-255,66,195368,12,223048
18600,0.001641,172.217.194.0-255,1484,196852,12,223048
18601,0.00167,172.31.36.0-255,66,196918,12,223048
18602,0.001689,172.217.194.0-255,1484,198402,12,223048
18603,0.001715,172.31.36.0-255,66,198468,12,223048
18604,0.001749,172.31.36.0-255,66,198534,12,223048
18605,0.001761,172.31.36.0-255,66,198600,12,223048
18606,0.001813,172.31.36.0-255,66,198666,12,223048
18607,0.001828,172.217.194.0-255,6438,205104,12,223048
18608,0.001832,172.31.36.0-255,66,205170,12,223048
18609,0.001847,172.31.36.0-255,66,205236,12,223048
18610,0.001852,172.217.194.0-255,5738,210974,12,223048
18611,0.001855,172.31.36.0-255,66,211040,12,223048
18612,0.001895,172.31.36.0-255,66,211106,12,223048
18613,0.001898,172.217.194.0-255,1484,212590,12,223048
18614,0.001933,172.31.36.0-255,66,212656,12,223048
18615,0.001958,172.217.194.0-255,5691,218347,12,223048
18616,0.001962,172.31.36.0-255,66,218413,12,223048
18617,0.001965,172.217.194.0-255,105,218518,12,223048
18618,0.01737,172.31.36.0-255,66,218584,12,223048
18619,0.017412,172.31.36.0-255,105,218689,12,223048
18620,0.019697,172.217.194.0-255,66,218755,12,223048
18621,0.033796,172.31.36.0-255,172,218927,12,223048
18622,0.033847,172.31.36.0-255,1108,220035,12,223048
18623,0.033906,172.31.36.0-255,1514,221549,12,223048
18624,0.033908,172.31.36.0-255,1301,222850,12,223048
18625,0.035278,104.244.42.0-255,66,222916,12,223048
18626,0.035339,104.244.42.0-255,66,222982,12,223048
18627,0.035409,104.244.42.0-255,66,223048,12,223048
18628,0.0,172.31.36.0-255,130,130,12,1691
18629,0.00056,172.31.36.0-255,236,366,12,1691
18630,0.000591,172.31.36.0-255,369,735,12,1691
18631,0.002845,74.125.130.0-255,630,1365,12,1691
18632,0.003037,172.31.36.0-255,97,1462,12,1691
18633,0.003124,74.125.130.0-255,97,1559,12,1691
18634,0.010125,74.125.130.0-255,66,1625,12,1691
18635,0.040844,172.31.36.0-255,66,1691,12,1691
18636,0.0,172.217.194.0-255,156,156,12,228910
18637,1.8e-05,172.31.36.0-255,66,222,12,228910
18638,3.8e-05,172.217.194.0-255,1484,1706,12,228910
18639,5e-05,172.31.36.0-255,66,1772,12,228910
18640,8e-05,172.217.194.0-255,2902,4674,12,228910
18641,8.3e-05,172.31.36.0-255,66,4740,12,228910
18642,8.9e-05,172.217.194.0-255,4320,9060,12,228910
18643,9.2e-05,172.31.36.0-255,66,9126,12,228910
18644,0.000123,172.217.194.0-255,4876,14002,12,228910
18645,0.000126,172.31.36.0-255,66,14068,12,228910
18646,0.000152,172.217.194.0-255,2902,16970,12,228910
18647,0.000154,172.31.36.0-255,66,17036,12,228910
18648,0.000179,172.217.194.0-255,2902,19938,12,228910
18649,0.000182,172.31.36.0-255,66,20004,12,228910
18650,0.000189,172.217.194.0-255,7156,27160,12,228910
18651,0.000193,172.31.36.0-255,66,27226,12,228910
18652,0.000229,172.217.194.0-255,3961,31187,12,228910
18653,0.000231,172.31.36.0-255,66,31253,12,228910
18654,0.000266,172.217.194.0-255,1484,32737,12,228910
18655,0.000268,172.31.36.0-255,66,32803,12,228910
18656,0.000295,172.217.194.0-255,2902,35705,12,228910
18657,0.000297,172.31.36.0-255,66,35771,12,228910
18658,0.000317,172.217.194.0-255,5738,41509,12,228910
18659,0.000323,172.31.36.0-255,66,41575,12,228910
18660,0.000355,172.217.194.0-255,2902,44477,12,228910
18661,0.000357,172.31.36.0-255,66,44543,12,228910
18662,0.000389,172.217.194.0-255,3961,48504,12,228910
18663,0.000392,172.31.36.0-255,66,48570,12,228910
18664,0.0004,172.217.194.0-255,7156,55726,12,228910
18665,0.000402,172.31.36.0-255,66,55792,12,228910
18666,0.000418,172.31.36.0-255,66,55858,12,228910
18667,0.000421,172.217.194.0-255,1379,57237,12,228910
18668,0.000448,172.217.194.0-255,113,57350,12,228910
18669,0.000464,172.217.194.0-255,386,57736,12,228910
18670,0.000467,172.31.36.0-255,66,57802,12,228910
18671,0.001043,172.217.194.0-255,1484,59286,12,228910
18672,0.00105,172.217.194.0-255,2902,62188,12,228910
18673,0.001054,172.31.36.0-255,66,62254,12,228910
18674,0.00106,172.217.194.0-255,2902,65156,12,228910
18675,0.001062,172.31.36.0-255,66,65222,12,228910
18676,0.001085,172.217.194.0-255,2902,68124,12,228910
18677,0.001088,172.31.36.0-255,66,68190,12,228910
18678,0.001099,172.217.194.0-255,7156,75346,12,228910
18679,0.001102,172.31.36.0-255,66,75412,12,228910
18680,0.001105,172.217.194.0-255,1484,76896,12,228910
18681,0.001154,172.31.36.0-255,66,76962,12,228910
18682,0.001159,172.217.194.0-255,2184,79146,12,228910
18683,0.001161,172.31.36.0-255,66,79212,12,228910
18684,0.003409,172.217.194.0-255,5738,84950,12,228910
18685,0.003416,172.31.36.0-255,66,85016,12,228910
18686,0.005687,172.217.194.0-255,5738,90754,12,228910
18687,0.005694,172.31.36.0-255,66,90820,12,228910
18688,0.007956,172.217.194.0-255,5738,96558,12,228910
18689,0.007964,172.31.36.0-255,66,96624,12,228910
18690,0.010215,172.217.194.0-255,5738,102362,12,228910
18691,0.010223,172.31.36.0-255,66,102428,12,228910
18692,0.012503,172.217.194.0-255,5738,108166,12,228910
18693,0.012512,172.31.36.0-255,66,108232,12,228910
18694,0.0148,172.217.194.0-255,5738,113970,12,228910
18695,0.014811,172.31.36.0-255,66,114036,12,228910
18696,0.017067,172.217.194.0-255,5738,119774,12,228910
18697,0.017075,172.31.36.0-255,66,119840,12,228910
18698,0.019302,172.217.194.0-255,5738,125578,12,228910
18699,0.01931,172.31.36.0-255,66,125644,12,228910
18700,0.02157,172.217.194.0-255,5738,131382,12,228910
18701,0.021579,172.31.36.0-255,66,131448,12,228910
18702,0.023831,172.217.194.0-255,5738,137186,12,228910
18703,0.023838,172.31.36.0-255,66,137252,12,228910
18704,0.026129,172.217.194.0-255,5738,142990,12,228910
18705,0.026137,172.31.36.0-255,66,143056,12,228910
18706,0.026774,172.31.36.0-255,172,143228,12,228910
18707,0.026809,172.31.36.0-255,1107,144335,12,228910
18708,0.026873,172.31.36.0-255,1514,145849,12,228910
18709,0.026875,172.31.36.0-255,1301,147150,12,228910
18710,0.028306,104.244.42.0-255,66,147216,12,228910
18711,0.02836,104.244.42.0-255,66,147282,12,228910
18712,0.028391,172.217.194.0-255,2902,150184,12,228910
18713,0.028395,172.31.36.0-255,66,150250,12,228910
18714,0.028425,172.217.194.0-255,2902,153152,12,228910
18715,0.028428,172.31.36.0-255,66,153218,12,228910
18716,0.028444,104.244.42.0-255,66,153284,12,228910
18717,0.029077,104.244.42.0-255,108,153392,12,228910
18718,0.029084,172.31.36.0-255,66,153458,12,228910
18719,0.030654,172.217.194.0-255,5738,159196,12,228910
18720,0.030675,172.31.36.0-255,66,159262,12,228910
18721,0.032949,172.217.194.0-255,5738,165000,12,228910
18722,0.032956,172.31.36.0-255,66,165066,12,228910
18723,0.035231,172.217.194.0-255,5738,170804,12,228910
18724,0.035238,172.31.36.0-255,66,170870,12,228910
18725,0.037499,172.217.194.0-255,5738,176608,12,228910
18726,0.037505,172.31.36.0-255,66,176674,12,228910
18727,0.039764,172.217.194.0-255,5738,182412,12,228910
18728,0.039773,172.31.36.0-255,66,182478,12,228910
18729,0.042035,172.217.194.0-255,5738,188216,12,228910
18730,0.042042,172.31.36.0-255,66,188282,12,228910
18731,0.044303,172.217.194.0-255,5738,194020,12,228910
18732,0.044311,172.31.36.0-255,66,194086,12,228910
18733,0.046591,172.217.194.0-255,5738,199824,12,228910
18734,0.046598,172.31.36.0-255,66,199890,12,228910
18735,0.048818,172.217.194.0-255,5738,205628,12,228910
18736,0.048825,172.31.36.0-255,66,205694,12,228910
18737,0.051079,172.217.194.0-255,5738,211432,12,228910
18738,0.051085,172.31.36.0-255,66,211498,12,228910
18739,0.053372,172.217.194.0-255,5738,217236,12,228910
18740,0.053379,172.31.36.0-255,66,217302,12,228910
18741,0.055644,172.217.194.0-255,5738,223040,12,228910
18742,0.055651,172.31.36.0-255,66,223106,12,228910
18743,0.0579,172.217.194.0-255,5738,228844,12,228910
18744,0.057908,172.31.36.0-255,66,228910,12,228910
18745,0.0,172.217.194.0-255,153,153,12,229354
18746,2.9e-05,172.31.36.0-255,66,219,12,229354
18747,3.5e-05,172.217.194.0-255,1484,1703,12,229354
18748,4e-05,172.31.36.0-255,66,1769,12,229354
18749,4.5e-05,172.217.194.0-255,2902,4671,12,229354
18750,4.8e-05,172.31.36.0-255,66,4737,12,229354
18751,5.4e-05,172.217.194.0-255,7156,11893,12,229354
18752,5.7e-05,172.31.36.0-255,66,11959,12,229354
18753,9.1e-05,172.31.36.0-255,66,12025,12,229354
18754,0.000135,172.217.194.0-255,6797,18822,12,229354
18755,0.000139,172.31.36.0-255,66,18888,12,229354
18756,0.000195,172.217.194.0-255,1484,20372,12,229354
18757,0.000199,172.31.36.0-255,66,20438,12,229354
18758,0.000205,172.217.194.0-255,2902,23340,12,229354
18759,0.000207,172.31.36.0-255,66,23406,12,229354
18760,0.000212,172.217.194.0-255,2902,26308,12,229354
18761,0.000213,172.31.36.0-255,66,26374,12,229354
18762,0.000231,172.217.194.0-255,1484,27858,12,229354
18763,0.000233,172.31.36.0-255,66,27924,12,229354
18764,0.000244,172.31.36.0-255,66,27990,12,229354
18765,0.000294,172.31.36.0-255,66,28056,12,229354
18766,0.000314,172.217.194.0-255,2495,30551,12,229354
18767,0.000318,172.31.36.0-255,66,30617,12,229354
18768,0.000321,172.217.194.0-255,98,30715,12,229354
18769,0.000323,172.31.36.0-255,66,30781,12,229354
18770,0.00048,172.217.194.0-255,1484,32265,12,229354
18771,0.000485,172.31.36.0-255,66,32331,12,229354
18772,0.000504,172.217.194.0-255,1484,33815,12,229354
18773,0.000509,172.31.36.0-255,66,33881,12,229354
18774,0.000523,172.217.194.0-255,1484,35365,12,229354
18775,0.000531,172.217.194.0-255,5738,41103,12,229354
18776,0.000534,172.31.36.0-255,66,41169,12,229354
18777,0.000537,172.217.194.0-255,1484,42653,12,229354
18778,0.000547,172.31.36.0-255,66,42719,12,229354
18779,0.000553,172.217.194.0-255,4320,47039,12,229354
18780,0.000556,172.31.36.0-255,66,47105,12,229354
18781,0.000592,172.31.36.0-255,66,47171,12,229354
18782,0.00061,172.217.194.0-255,1484,48655,12,229354
18783,0.000615,172.217.194.0-255,2902,51557,12,229354
18784,0.000618,172.31.36.0-255,66,51623,12,229354
18785,0.000622,172.217.194.0-255,2902,54525,12,229354
18786,0.000625,172.31.36.0-255,66,54591,12,229354
18787,0.000639,172.217.194.0-255,2902,57493,12,229354
18788,0.000641,172.31.36.0-255,66,57559,12,229354
18789,0.000646,172.217.194.0-255,2902,60461,12,229354
18790,0.000649,172.31.36.0-255,66,60527,12,229354
18791,0.000686,172.31.36.0-255,66,60593,12,229354
18792,0.000705,172.217.194.0-255,7156,67749,12,229354
18793,0.000709,172.31.36.0-255,66,67815,12,229354
18794,0.000751,172.31.36.0-255,66,67881,12,229354
18795,0.000757,172.217.194.0-255,5738,73619,12,229354
18796,0.00076,172.31.36.0-255,66,73685,12,229354
18797,0.000782,172.31.36.0-255,66,73751,12,229354
18798,0.000815,172.31.36.0-255,66,73817,12,229354
18799,0.000831,172.217.194.0-255,1484,75301,12,229354
18800,0.00085,172.217.194.0-255,2902,78203,12,229354
18801,0.000853,172.31.36.0-255,66,78269,12,229354
18802,0.00087,172.217.194.0-255,4320,82589,12,229354
18803,0.000873,172.31.36.0-255,66,82655,12,229354
18804,0.00088,172.217.194.0-255,5738,88393,12,229354
18805,0.000883,172.31.36.0-255,66,88459,12,229354
18806,0.000903,172.217.194.0-255,2902,91361,12,229354
18807,0.000906,172.31.36.0-255,66,91427,12,229354
18808,0.00093,172.217.194.0-255,7156,98583,12,229354
18809,0.000934,172.31.36.0-255,66,98649,12,229354
18810,0.000959,172.31.36.0-255,66,98715,12,229354
18811,0.000975,172.217.194.0-255,1484,100199,12,229354
18812,0.000999,172.217.194.0-255,2902,103101,12,229354
18813,0.001003,172.31.36.0-255,66,103167,12,229354
18814,0.001059,172.217.194.0-255,5738,108905,12,229354
18815,0.001063,172.31.36.0-255,66,108971,12,229354
18816,0.001069,172.217.194.0-255,7156,116127,12,229354
18817,0.001072,172.31.36.0-255,66,116193,12,229354
18818,0.001078,172.217.194.0-255,5738,121931,12,229354
18819,0.00108,172.31.36.0-255,66,121997,12,229354
18820,0.001102,172.31.36.0-255,66,122063,12,229354
18821,0.001106,172.217.194.0-255,2184,124247,12,229354
18822,0.001108,172.31.36.0-255,66,124313,12,229354
18823,0.001133,172.217.194.0-255,1484,125797,12,229354
18824,0.001137,172.217.194.0-255,2902,128699,12,229354
18825,0.00114,172.31.36.0-255,66,128765,12,229354
18826,0.001158,172.217.194.0-255,4320,133085,12,229354
18827,0.001162,172.31.36.0-255,66,133151,12,229354
18828,0.001174,172.217.194.0-255,1484,134635,12,229354
18829,0.001185,172.217.194.0-255,2902,137537,12,229354
18830,0.001188,172.31.36.0-255,66,137603,12,229354
18831,0.001209,172.217.194.0-255,2902,140505,12,229354
18832,0.00122,172.217.194.0-255,7156,147661,12,229354
18833,0.001219,172.31.36.0-255,66,147727,12,229354
18834,0.001222,172.31.36.0-255,66,147793,12,229354
18835,0.001261,172.31.36.0-255,66,147859,12,229354
18836,0.001383,172.217.194.0-255,1484,149343,12,229354
18837,0.001386,172.217.194.0-255,1484,150827,12,229354
18838,0.00139,172.31.36.0-255,66,150893,12,229354
18839,0.001407,172.217.194.0-255,1484,152377,12,229354
18840,0.001413,172.217.194.0-255,5738,158115,12,229354
18841,0.001417,172.31.36.0-255,66,158181,12,229354
18842,0.001427,172.217.194.0-255,5738,163919,12,229354
18843,0.00143,172.31.36.0-255,66,163985,12,229354
18844,0.001454,172.217.194.0-255,7156,171141,12,229354
18845,0.001458,172.31.36.0-255,66,171207,12,229354
18846,0.001472,172.31.36.0-255,66,171273,12,229354
18847,0.001528,172.217.194.0-255,1484,172757,12,229354
18848,0.001542,172.217.194.0-255,2902,175659,12,229354
18849,0.001545,172.31.36.0-255,66,175725,12,229354
18850,0.00155,172.217.194.0-255,4320,180045,12,229354
18851,0.001553,172.31.36.0-255,66,180111,12,229354
18852,0.001565,172.217.194.0-255,1484,181595,12,229354
18853,0.001571,172.217.194.0-255,4320,185915,12,229354
18854,0.001573,172.31.36.0-255,66,185981,12,229354
18855,0.001596,172.31.36.0-255,66,186047,12,229354
18856,0.001602,172.217.194.0-255,5738,191785,12,229354
18857,0.001604,172.31.36.0-255,66,191851,12,229354
18858,0.001647,172.217.194.0-255,5020,196871,12,229354
18859,0.00165,172.31.36.0-255,66,196937,12,229354
18860,0.001744,172.217.194.0-255,1484,198421,12,229354
18861,0.001748,172.217.194.0-255,1484,199905,12,229354
18862,0.001751,172.31.36.0-255,66,199971,12,229354
18863,0.001773,172.217.194.0-255,1484,201455,12,229354
18864,0.001779,172.217.194.0-255,5738,207193,12,229354
18865,0.001781,172.31.36.0-255,66,207259,12,229354
18866,0.001787,172.217.194.0-255,2902,210161,12,229354
18867,0.00179,172.31.36.0-255,66,210227,12,229354
18868,0.001813,172.31.36.0-255,66,210293,12,229354
18869,0.001823,172.31.36.0-255,66,210359,12,229354
18870,0.001866,172.217.194.0-255,5738,216097,12,229354
18871,0.001869,172.31.36.0-255,66,216163,12,229354
18872,0.0019,172.31.36.0-255,66,216229,12,229354
18873,0.00196,172.31.36.0-255,66,216295,12,229354
18874,0.001965,172.217.194.0-255,4320,220615,12,229354
18875,0.001968,172.31.36.0-255,66,220681,12,229354
18876,0.001992,172.217.194.0-255,3974,224655,12,229354
18877,0.001995,172.31.36.0-255,66,224721,12,229354
18878,0.001999,172.217.194.0-255,105,224826,12,229354
18879,0.00357,172.31.36.0-255,66,224892,12,229354
18880,0.0036,172.31.36.0-255,105,224997,12,229354
18881,0.005928,172.217.194.0-255,66,225063,12,229354
18882,0.03,172.31.36.0-255,172,225235,12,229354
18883,0.030032,172.31.36.0-255,1108,226343,12,229354
18884,0.030073,172.31.36.0-255,1514,227857,12,229354
18885,0.030074,172.31.36.0-255,1299,229156,12,229354
18886,0.031495,104.244.42.0-255,66,229222,12,229354
18887,0.031577,104.244.42.0-255,66,229288,12,229354
18888,0.031612,104.244.42.0-255,66,229354,12,229354
18889,0.0,172.31.36.0-255,105,105,12,276
18890,0.002083,157.240.13.0-255,105,210,12,276
18891,0.002095,172.31.36.0-255,66,276,12,276
18892,0.0,74.125.68.0-255,145,145,12,375954
18893,3.7e-05,172.31.36.0-255,66,211,12,375954
18894,4.3e-05,74.125.68.0-255,1484,1695,12,375954
18895,4.7e-05,172.31.36.0-255,66,1761,12,375954
18896,5.2e-05,74.125.68.0-255,2902,4663,12,375954
18897,6.3e-05,172.31.36.0-255,66,4729,12,375954
18898,7.1e-05,74.125.68.0-255,7156,11885,12,375954
18899,7.3e-05,172.31.36.0-255,66,11951,12,375954
18900,0.000111,74.125.68.0-255,2037,13988,12,375954
18901,0.000114,172.31.36.0-255,66,14054,12,375954
18902,0.000117,74.125.68.0-255,1484,15538,12,375954
18903,0.00012,172.31.36.0-255,66,15604,12,375954
18904,0.00015,74.125.68.0-255,1484,17088,12,375954
18905,0.000153,172.31.36.0-255,66,17154,12,375954
18906,0.000161,74.125.68.0-255,7156,24310,12,375954
18907,0.000164,172.31.36.0-255,66,24376,12,375954
18908,0.000176,74.125.68.0-255,2902,27278,12,375954
18909,0.000178,172.31.36.0-255,66,27344,12,375954
18910,0.000183,74.125.68.0-255,3961,31305,12,375954
18911,0.000186,172.31.36.0-255,66,31371,12,375954
18912,0.00032,74.125.68.0-255,1484,32855,12,375954
18913,0.000328,172.31.36.0-255,66,32921,12,375954
18914,0.000345,74.125.68.0-255,2902,35823,12,375954
18915,0.000349,172.31.36.0-255,66,35889,12,375954
18916,0.000355,74.125.68.0-255,4320,40209,12,375954
18917,0.000358,172.31.36.0-255,66,40275,12,375954
18918,0.00039,74.125.68.0-255,1484,41759,12,375954
18919,0.000393,172.31.36.0-255,66,41825,12,375954
18920,0.000398,74.125.68.0-255,2902,44727,12,375954
18921,0.0004,74.125.68.0-255,1484,46211,12,375954
18922,0.000402,172.31.36.0-255,66,46277,12,375954
18923,0.000405,172.31.36.0-255,66,46343,12,375954
18924,0.000456,74.125.68.0-255,4320,50663,12,375954
18925,0.00046,172.31.36.0-255,66,50729,12,375954
18926,0.000461,74.125.68.0-255,5688,56417,12,375954
18927,0.000464,172.31.36.0-255,66,56483,12,375954
18928,0.000464,74.125.68.0-255,113,56596,12,375954
18929,0.000539,74.125.68.0-255,1484,58080,12,375954
18930,0.000547,172.31.36.0-255,66,58146,12,375954
18931,0.000558,74.125.68.0-255,2902,61048,12,375954
18932,0.000565,172.31.36.0-255,66,61114,12,375954
18933,0.000569,74.125.68.0-255,1484,62598,12,375954
18934,0.000575,74.125.68.0-255,5738,68336,12,375954
18935,0.000582,172.31.36.0-255,66,68402,12,375954
18936,0.000636,172.31.36.0-255,66,68468,12,375954
18937,0.000646,74.125.68.0-255,1484,69952,12,375954
18938,0.000656,74.125.68.0-255,4320,74272,12,375954
18939,0.000667,172.31.36.0-255,66,74338,12,375954
18940,0.000681,74.125.68.0-255,4704,79042,12,375954
18941,0.000694,172.31.36.0-255,66,79108,12,375954
18942,0.000713,74.125.68.0-255,5738,84846,12,375954
18943,0.00072,172.31.36.0-255,66,84912,12,375954
18944,0.000721,74.125.68.0-255,7156,92068,12,375954
18945,0.000744,172.31.36.0-255,66,92134,12,375954
18946,0.000748,74.125.68.0-255,2902,95036,12,375954
18947,0.000758,172.31.36.0-255,66,95102,12,375954
18948,0.000768,74.125.68.0-255,1125,96227,12,375954
18949,0.000889,74.125.68.0-255,1484,97711,12,375954
18950,0.000893,172.31.36.0-255,66,97777,12,375954
18951,0.000898,74.125.68.0-255,2902,100679,12,375954
18952,0.000907,172.31.36.0-255,66,100745,12,375954
18953,0.00092,74.125.68.0-255,4320,105065,12,375954
18954,0.000926,172.31.36.0-255,66,105131,12,375954
18955,0.000942,74.125.68.0-255,1484,106615,12,375954
18956,0.000954,74.125.68.0-255,7156,113771,12,375954
18957,0.000965,172.31.36.0-255,66,113837,12,375954
18958,0.000975,74.125.68.0-255,4320,118157,12,375954
18959,0.000979,172.31.36.0-255,66,118223,12,375954
18960,0.001018,74.125.68.0-255,2184,120407,12,375954
18961,0.001026,172.31.36.0-255,66,120473,12,375954
18962,0.001608,74.125.68.0-255,1484,121957,12,375954
18963,0.001614,74.125.68.0-255,2902,124859,12,375954
18964,0.001618,172.31.36.0-255,66,124925,12,375954
18965,0.001644,74.125.68.0-255,1484,126409,12,375954
18966,0.001649,74.125.68.0-255,2902,129311,12,375954
18967,0.001652,172.31.36.0-255,66,129377,12,375954
18968,0.001655,74.125.68.0-255,1484,130861,12,375954
18969,0.001681,74.125.68.0-255,4320,135181,12,375954
18970,0.001684,172.31.36.0-255,66,135247,12,375954
18971,0.001688,74.125.68.0-255,2902,138149,12,375954
18972,0.00169,172.31.36.0-255,66,138215,12,375954
18973,0.001693,74.125.68.0-255,1484,139699,12,375954
18974,0.001732,172.31.36.0-255,66,139765,12,375954
18975,0.001739,74.125.68.0-255,6438,146203,12,375954
18976,0.001741,172.31.36.0-255,66,146269,12,375954
18977,0.001891,74.125.68.0-255,1484,147753,12,375954
18978,0.001911,74.125.68.0-255,2902,150655,12,375954
18979,0.001914,172.31.36.0-255,66,150721,12,375954
18980,0.001933,74.125.68.0-255,4320,155041,12,375954
18981,0.001935,172.31.36.0-255,66,155107,12,375954
18982,0.001939,74.125.68.0-255,1484,156591,12,375954
18983,0.001965,74.125.68.0-255,4320,160911,12,375954
18984,0.001967,172.31.36.0-255,66,160977,12,375954
18985,0.001971,74.125.68.0-255,1484,162461,12,375954
18986,0.001996,74.125.68.0-255,1125,163586,12,375954
18987,0.001999,172.31.36.0-255,66,163652,12,375954
18988,0.00255,74.125.68.0-255,1484,165136,12,375954
18989,0.002572,74.125.68.0-255,1484,166620,12,375954
18990,0.002577,172.31.36.0-255,66,166686,12,375954
18991,0.002581,74.125.68.0-255,1484,168170,12,375954
18992,0.002607,74.125.68.0-255,4320,172490,12,375954
18993,0.00261,172.31.36.0-255,66,172556,12,375954
18994,0.002648,172.31.36.0-255,66,172622,12,375954
18995,0.002652,74.125.68.0-255,1484,174106,12,375954
18996,0.002655,74.125.68.0-255,1484,175590,12,375954
18997,0.002656,172.31.36.0-255,66,175656,12,375954
18998,0.002678,74.125.68.0-255,2902,178558,12,375954
18999,0.00268,172.31.36.0-255,66,178624,12,375954
19000,0.002683,74.125.68.0-255,1484,180108,12,375954
19001,0.002686,74.125.68.0-255,1484,181592,12,375954
19002,0.002688,172.31.36.0-255,66,181658,12,375954
19003,0.002693,74.125.68.0-255,2902,184560,12,375954
19004,0.002695,172.31.36.0-255,66,184626,12,375954
19005,0.002729,74.125.68.0-255,1484,186110,12,375954
19006,0.00275,74.125.68.0-255,3602,189712,12,375954
19007,0.002753,172.31.36.0-255,66,189778,12,375954
19008,0.003428,74.125.68.0-255,1484,191262,12,375954
19009,0.003441,74.125.68.0-255,1484,192746,12,375954
19010,0.003445,172.31.36.0-255,66,192812,12,375954
19011,0.003481,74.125.68.0-255,1484,194296,12,375954
19012,0.003487,74.125.68.0-255,4320,198616,12,375954
19013,0.003488,172.31.36.0-255,66,198682,12,375954
19014,0.003492,74.125.68.0-255,1484,200166,12,375954
19015,0.003509,74.125.68.0-255,2902,203068,12,375954
19016,0.003511,74.125.68.0-255,1484,204552,12,375954
19017,0.003526,74.125.68.0-255,1484,206036,12,375954
19018,0.003542,74.125.68.0-255,2902,208938,12,375954
19019,0.003556,74.125.68.0-255,4320,213258,12,375954
19020,0.003572,74.125.68.0-255,5738,218996,12,375954
19021,0.003586,74.125.68.0-255,2902,221898,12,375954
19022,0.00359,74.125.68.0-255,3602,225500,12,375954
19023,0.003618,74.125.68.0-255,4320,229820,12,375954
19024,0.003627,74.125.68.0-255,1484,231304,12,375954
19025,0.00364,74.125.68.0-255,5738,237042,12,375954
19026,0.003652,74.125.68.0-255,2902,239944,12,375954
19027,0.003655,74.125.68.0-255,1484,241428,12,375954
19028,0.003695,74.125.68.0-255,1484,242912,12,375954
19029,0.003715,74.125.68.0-255,4320,247232,12,375954
19030,0.003794,74.125.68.0-255,5738,252970,12,375954
19031,0.003819,74.125.68.0-255,1484,254454,12,375954
19032,0.003836,74.125.68.0-255,2902,257356,12,375954
19033,0.003859,74.125.68.0-255,766,258122,12,375954
19034,0.004244,74.125.68.0-255,1484,259606,12,375954
19035,0.00427,74.125.68.0-255,1484,261090,12,375954
19036,0.004322,74.125.68.0-255,2902,263992,12,375954
19037,0.004325,74.125.68.0-255,1484,265476,12,375954
19038,0.004368,74.125.68.0-255,1484,266960,12,375954
19039,0.004399,74.125.68.0-255,2902,269862,12,375954
19040,0.004413,74.125.68.0-255,1484,271346,12,375954
19041,0.00449,74.125.68.0-255,1484,272830,12,375954
19042,0.004513,74.125.68.0-255,1484,274314,12,375954
19043,0.004523,74.125.68.0-255,1484,275798,12,375954
19044,0.004548,74.125.68.0-255,1484,277282,12,375954
19045,0.004573,74.125.68.0-255,2902,280184,12,375954
19046,0.004597,74.125.68.0-255,1484,281668,12,375954
19047,0.004619,74.125.68.0-255,1484,283152,12,375954
19048,0.004647,74.125.68.0-255,2902,286054,12,375954
19049,0.004681,74.125.68.0-255,1484,287538,12,375954
19050,0.004703,74.125.68.0-255,2902,290440,12,375954
19051,0.00474,74.125.68.0-255,1484,291924,12,375954
19052,0.004755,74.125.68.0-255,766,292690,12,375954
19053,0.005032,74.125.68.0-255,1484,294174,12,375954
19054,0.005068,74.125.68.0-255,2902,297076,12,375954
19055,0.005088,74.125.68.0-255,1484,298560,12,375954
19056,0.005133,74.125.68.0-255,1484,300044,12,375954
19057,0.005165,74.125.68.0-255,1484,301528,12,375954
19058,0.005201,74.125.68.0-255,1484,303012,12,375954
19059,0.00524,74.125.68.0-255,1484,304496,12,375954
19060,0.005286,74.125.68.0-255,2902,307398,12,375954
19061,0.005332,74.125.68.0-255,1484,308882,12,375954
19062,0.005353,74.125.68.0-255,1484,310366,12,375954
19063,0.005398,74.125.68.0-255,1484,311850,12,375954
19064,0.005447,74.125.68.0-255,2902,314752,12,375954
19065,0.005464,74.125.68.0-255,4320,319072,12,375954
19066,0.005539,74.125.68.0-255,4320,323392,12,375954
19067,0.005551,74.125.68.0-255,3602,326994,12,375954
19068,0.005973,74.125.68.0-255,1484,328478,12,375954
19069,0.00599,74.125.68.0-255,2902,331380,12,375954
19070,0.005994,74.125.68.0-255,2902,334282,12,375954
19071,0.006007,74.125.68.0-255,2902,337184,12,375954
19072,0.006017,74.125.68.0-255,1484,338668,12,375954
19073,0.006028,74.125.68.0-255,1484,340152,12,375954
19074,0.006049,74.125.68.0-255,2902,343054,12,375954
19075,0.006059,74.125.68.0-255,1484,344538,12,375954
19076,0.006072,74.125.68.0-255,1484,346022,12,375954
19077,0.006087,74.125.68.0-255,4320,350342,12,375954
19078,0.006105,74.125.68.0-255,4320,354662,12,375954
19079,0.00612,74.125.68.0-255,1484,356146,12,375954
19080,0.006133,74.125.68.0-255,4320,360466,12,375954
19081,0.00615,74.125.68.0-255,2184,362650,12,375954
19082,0.006174,74.125.68.0-255,1484,364134,12,375954
19083,0.006178,74.125.68.0-255,2902,367036,12,375954
19084,0.006183,74.125.68.0-255,4320,371356,12,375954
19085,0.006194,74.125.68.0-255,1484,372840,12,375954
19086,0.006197,74.125.68.0-255,153,372993,12,375954
19087,0.006265,74.125.68.0-255,105,373098,12,375954
19088,0.008358,172.31.36.0-255,66,373164,12,375954
19089,0.010638,172.31.36.0-255,105,373269,12,375954
19090,0.01314,74.125.68.0-255,66,373335,12,375954
19091,0.037753,172.31.36.0-255,172,373507,12,375954
19092,0.037782,172.31.36.0-255,1109,374616,12,375954
19093,0.037818,172.31.36.0-255,1140,375756,12,375954
19094,0.039293,104.244.42.0-255,66,375822,12,375954
19095,0.039338,104.244.42.0-255,66,375888,12,375954
19096,0.039385,104.244.42.0-255,66,375954,12,375954
19097,0.0,172.217.194.0-255,146,146,12,261963
19098,2.3e-05,172.31.36.0-255,66,212,12,261963
19099,3e-05,172.217.194.0-255,1484,1696,12,261963
19100,3.5e-05,172.31.36.0-255,66,1762,12,261963
19101,4.1e-05,172.217.194.0-255,2902,4664,12,261963
19102,4.4e-05,172.31.36.0-255,66,4730,12,261963
19103,5.2e-05,172.217.194.0-255,7156,11886,12,261963
19104,5.4e-05,172.31.36.0-255,66,11952,12,261963
19105,5.8e-05,172.217.194.0-255,1975,13927,12,261963
19106,6.1e-05,172.31.36.0-255,66,13993,12,261963
19107,0.000106,172.217.194.0-255,1484,15477,12,261963
19108,0.000108,172.31.36.0-255,66,15543,12,261963
19109,0.000112,172.217.194.0-255,1484,17027,12,261963
19110,0.000115,172.31.36.0-255,66,17093,12,261963
19111,0.000129,172.217.194.0-255,1484,18577,12,261963
19112,0.000131,172.31.36.0-255,66,18643,12,261963
19113,0.000138,172.217.194.0-255,5738,24381,12,261963
19114,0.000141,172.31.36.0-255,66,24447,12,261963
19115,0.000144,172.217.194.0-255,1484,25931,12,261963
19116,0.000146,172.31.36.0-255,66,25997,12,261963
19117,0.000173,172.217.194.0-255,5379,31376,12,261963
19118,0.000176,172.31.36.0-255,66,31442,12,261963
19119,0.000659,172.217.194.0-255,1484,32926,12,261963
19120,0.000665,172.31.36.0-255,66,32992,12,261963
19121,0.000672,172.217.194.0-255,2902,35894,12,261963
19122,0.000675,172.31.36.0-255,66,35960,12,261963
19123,0.000682,172.217.194.0-255,5738,41698,12,261963
19124,0.000684,172.31.36.0-255,66,41764,12,261963
19125,0.000715,172.217.194.0-255,5738,47502,12,261963
19126,0.000718,172.31.36.0-255,66,47568,12,261963
19127,0.000748,172.31.36.0-255,66,47634,12,261963
19128,0.000762,172.31.36.0-255,66,47700,12,261963
19129,0.000822,172.217.194.0-255,365,48065,12,261963
19130,0.000934,172.217.194.0-255,1484,49549,12,261963
19131,0.000939,172.31.36.0-255,66,49615,12,261963
19132,0.000945,172.217.194.0-255,2902,52517,12,261963
19133,0.000947,172.31.36.0-255,66,52583,12,261963
19134,0.000954,172.217.194.0-255,5738,58321,12,261963
19135,0.000955,172.31.36.0-255,66,58387,12,261963
19136,0.000972,172.217.194.0-255,2902,61289,12,261963
19137,0.000974,172.31.36.0-255,66,61355,12,261963
19138,0.001001,172.217.194.0-255,6797,68152,12,261963
19139,0.001003,172.31.36.0-255,66,68218,12,261963
19140,0.001007,172.217.194.0-255,1484,69702,12,261963
19141,0.001026,172.217.194.0-255,5738,75440,12,261963
19142,0.001029,172.31.36.0-255,66,75506,12,261963
19143,0.001042,172.217.194.0-255,2902,78408,12,261963
19144,0.001045,172.31.36.0-255,66,78474,12,261963
19145,0.001057,172.217.194.0-255,1484,79958,12,261963
19146,0.001076,172.217.194.0-255,2543,82501,12,261963
19147,0.001079,172.31.36.0-255,66,82567,12,261963
19148,0.003107,172.217.194.0-255,1484,84051,12,261963
19149,0.003123,172.217.194.0-255,2902,86953,12,261963
19150,0.00313,172.31.36.0-255,66,87019,12,261963
19151,0.00314,172.217.194.0-255,5738,92757,12,261963
19152,0.003142,172.31.36.0-255,66,92823,12,261963
19153,0.003145,172.217.194.0-255,1484,94307,12,261963
19154,0.003148,172.31.36.0-255,78,94385,12,261963
19155,0.003155,172.217.194.0-255,5738,100123,12,261963
19156,0.003159,172.31.36.0-255,78,100201,12,261963
19157,0.003193,172.217.194.0-255,5738,105939,12,261963
19158,0.003196,172.31.36.0-255,66,106005,12,261963
19159,0.003204,172.217.194.0-255,7156,113161,12,261963
19160,0.003206,172.31.36.0-255,66,113227,12,261963
19161,0.003211,172.217.194.0-255,3602,116829,12,261963
19162,0.003213,172.31.36.0-255,66,116895,12,261963
19163,0.00338,172.217.194.0-255,1484,118379,12,261963
19164,0.003391,172.217.194.0-255,1484,119863,12,261963
19165,0.003394,172.31.36.0-255,66,119929,12,261963
19166,0.00341,172.217.194.0-255,1484,121413,12,261963
19167,0.003414,172.217.194.0-255,1484,122897,12,261963
19168,0.003416,172.31.36.0-255,66,122963,12,261963
19169,0.003443,172.217.194.0-255,4320,127283,12,261963
19170,0.003445,172.31.36.0-255,66,127349,12,261963
19171,0.003453,172.217.194.0-255,7156,134505,12,261963
19172,0.003455,172.31.36.0-255,66,134571,12,261963
19173,0.00346,172.217.194.0-255,4320,138891,12,261963
19174,0.003463,172.31.36.0-255,66,138957,12,261963
19175,0.003482,172.217.194.0-255,5738,144695,12,261963
19176,0.003484,172.31.36.0-255,66,144761,12,261963
19177,0.003512,172.31.36.0-255,66,144827,12,261963
19178,0.003516,172.217.194.0-255,2902,147729,12,261963
19179,0.003518,172.31.36.0-255,66,147795,12,261963
19180,0.00354,172.217.194.0-255,5738,153533,12,261963
19181,0.003543,172.31.36.0-255,66,153599,12,261963
19182,0.003546,172.217.194.0-255,1484,155083,12,261963
19183,0.003579,172.31.36.0-255,66,155149,12,261963
19184,0.003619,172.217.194.0-255,5738,160887,12,261963
19185,0.003622,172.31.36.0-255,66,160953,12,261963
19186,0.003642,172.217.194.0-255,5738,166691,12,261963
19187,0.003644,172.31.36.0-255,66,166757,12,261963
19188,0.003651,172.217.194.0-255,7156,173913,12,261963
19189,0.003654,172.31.36.0-255,66,173979,12,261963
19190,0.003684,172.217.194.0-255,5738,179717,12,261963
19191,0.003686,172.31.36.0-255,66,179783,12,261963
19192,0.003698,172.31.36.0-255,66,179849,12,261963
19193,0.003749,172.217.194.0-255,1484,181333,12,261963
19194,0.003754,172.217.194.0-255,2902,184235,12,261963
19195,0.003756,172.31.36.0-255,66,184301,12,261963
19196,0.003762,172.217.194.0-255,4320,188621,12,261963
19197,0.003764,172.31.36.0-255,66,188687,12,261963
19198,0.003783,172.217.194.0-255,1484,190171,12,261963
19199,0.003818,172.31.36.0-255,66,190237,12,261963
19200,0.00386,172.217.194.0-255,2902,193139,12,261963
19201,0.003864,172.31.36.0-255,66,193205,12,261963
19202,0.003893,172.217.194.0-255,5738,198943,12,261963
19203,0.003896,172.31.36.0-255,66,199009,12,261963
19204,0.003917,172.31.36.0-255,66,199075,12,261963
19205,0.003947,172.217.194.0-255,2184,201259,12,261963
19206,0.003949,172.31.36.0-255,66,201325,12,261963
19207,0.003964,172.31.36.0-255,66,201391,12,261963
19208,0.003979,172.31.36.0-255,66,201457,12,261963
19209,0.003982,172.217.194.0-255,1484,202941,12,261963
19210,0.004025,172.217.194.0-255,6438,209379,12,261963
19211,0.004135,172.217.194.0-255,1484,210863,12,261963
19212,0.004148,172.217.194.0-255,2902,213765,12,261963
19213,0.004171,172.217.194.0-255,2902,216667,12,261963
19214,0.004184,172.217.194.0-255,2902,219569,12,261963
19215,0.00419,172.217.194.0-255,4320,223889,12,261963
19216,0.004211,172.217.194.0-255,2902,226791,12,261963
19217,0.004223,172.217.194.0-255,1484,228275,12,261963
19218,0.004258,172.217.194.0-255,2902,231177,12,261963
19219,0.004274,172.217.194.0-255,7156,238333,12,261963
19220,0.00431,172.217.194.0-255,2184,240517,12,261963
19221,0.004318,172.217.194.0-255,5738,246255,12,261963
19222,0.004349,172.217.194.0-255,7156,253411,12,261963
19223,0.004352,172.217.194.0-255,766,254177,12,261963
19224,0.004373,172.217.194.0-255,1484,255661,12,261963
19225,0.00439,172.217.194.0-255,1649,257310,12,261963
19226,0.004422,172.217.194.0-255,105,257415,12,261963
19227,0.005526,172.31.36.0-255,66,257481,12,261963
19228,0.008055,172.31.36.0-255,105,257586,12,261963
19229,0.010138,172.217.194.0-255,66,257652,12,261963
19230,0.036437,172.31.36.0-255,192,257844,12,261963
19231,0.036475,172.31.36.0-255,952,258796,12,261963
19232,0.036542,172.31.36.0-255,1514,260310,12,261963
19233,0.036544,172.31.36.0-255,1455,261765,12,261963
19234,0.03802,104.244.42.0-255,66,261831,12,261963
19235,0.038034,104.244.42.0-255,66,261897,12,261963
19236,0.038113,104.244.42.0-255,66,261963,12,261963
19237,0.0,74.125.24.0-255,159,159,12,265916
19238,3.3e-05,172.31.36.0-255,66,225,12,265916
19239,4e-05,74.125.24.0-255,1484,1709,12,265916
19240,4.3e-05,172.31.36.0-255,66,1775,12,265916
19241,4.8e-05,74.125.24.0-255,2902,4677,12,265916
19242,5.1e-05,172.31.36.0-255,66,4743,12,265916
19243,5.6e-05,74.125.24.0-255,2902,7645,12,265916
19244,5.8e-05,172.31.36.0-255,66,7711,12,265916
19245,6.4e-05,74.125.24.0-255,4320,12031,12,265916
19246,6.7e-05,172.31.36.0-255,66,12097,12,265916
19247,9.4e-05,74.125.24.0-255,2056,14153,12,265916
19248,9.7e-05,172.31.36.0-255,66,14219,12,265916
19249,0.000127,74.125.24.0-255,2902,17121,12,265916
19250,0.000129,172.31.36.0-255,66,17187,12,265916
19251,0.000152,74.125.24.0-255,7156,24343,12,265916
19252,0.000154,172.31.36.0-255,66,24409,12,265916
19253,0.000199,74.125.24.0-255,6797,31206,12,265916
19254,0.000203,172.31.36.0-255,66,31272,12,265916
19255,0.000321,74.125.24.0-255,1484,32756,12,265916
19256,0.000325,172.31.36.0-255,66,32822,12,265916
19257,0.000341,74.125.24.0-255,2902,35724,12,265916
19258,0.000345,172.31.36.0-255,66,35790,12,265916
19259,0.000348,74.125.24.0-255,1484,37274,12,265916
19260,0.00035,172.31.36.0-255,66,37340,12,265916
19261,0.00038,74.125.24.0-255,5738,43078,12,265916
19262,0.000383,172.31.36.0-255,66,43144,12,265916
19263,0.00041,172.31.36.0-255,66,43210,12,265916
19264,0.000438,172.31.36.0-255,66,43276,12,265916
19265,0.000443,74.125.24.0-255,2820,46096,12,265916
19266,0.000445,172.31.36.0-255,66,46162,12,265916
19267,0.000565,74.125.24.0-255,132,46294,12,265916
19268,0.000844,172.31.36.0-255,66,46360,12,265916
19269,0.000868,74.125.24.0-255,1484,47844,12,265916
19270,0.000876,74.125.24.0-255,2902,50746,12,265916
19271,0.00088,172.31.36.0-255,66,50812,12,265916
19272,0.000904,74.125.24.0-255,5738,56550,12,265916
19273,0.000907,172.31.36.0-255,66,56616,12,265916
19274,0.000911,74.125.24.0-255,2902,59518,12,265916
19275,0.000913,172.31.36.0-255,66,59584,12,265916
19276,0.000946,172.31.36.0-255,66,59650,12,265916
19277,0.000952,74.125.24.0-255,4320,63970,12,265916
19278,0.000954,172.31.36.0-255,66,64036,12,265916
19279,0.000971,74.125.24.0-255,5379,69415,12,265916
19280,0.000974,172.31.36.0-255,66,69481,12,265916
19281,0.001031,74.125.24.0-255,1484,70965,12,265916
19282,0.001046,74.125.24.0-255,2902,73867,12,265916
19283,0.001049,172.31.36.0-255,66,73933,12,265916
19284,0.001055,74.125.24.0-255,5738,79671,12,265916
19285,0.001057,172.31.36.0-255,66,79737,12,265916
19286,0.001113,172.31.36.0-255,66,79803,12,265916
19287,0.001125,172.31.36.0-255,66,79869,12,265916
19288,0.00119,74.125.24.0-255,1484,81353,12,265916
19289,0.00121,74.125.24.0-255,2902,84255,12,265916
19290,0.001213,172.31.36.0-255,66,84321,12,265916
19291,0.001219,74.125.24.0-255,5738,90059,12,265916
19292,0.001221,172.31.36.0-255,66,90125,12,265916
19293,0.001258,172.31.36.0-255,66,90191,12,265916
19294,0.001279,74.125.24.0-255,2902,93093,12,265916
19295,0.001282,172.31.36.0-255,66,93159,12,265916
19296,0.001293,172.31.36.0-255,66,93225,12,265916
19297,0.001315,74.125.24.0-255,1484,94709,12,265916
19298,0.001338,172.31.36.0-255,66,94775,12,265916
19299,0.001367,172.31.36.0-255,66,94841,12,265916
19300,0.00138,172.31.36.0-255,66,94907,12,265916
19301,0.001652,74.125.24.0-255,1484,96391,12,265916
19302,0.001657,74.125.24.0-255,2902,99293,12,265916
19303,0.00166,172.31.36.0-255,66,99359,12,265916
19304,0.001683,74.125.24.0-255,5738,105097,12,265916
19305,0.001688,172.31.36.0-255,66,105163,12,265916
19306,0.0017,74.125.24.0-255,7156,112319,12,265916
19307,0.001703,172.31.36.0-255,66,112385,12,265916
19308,0.001724,74.125.24.0-255,5738,118123,12,265916
19309,0.001727,172.31.36.0-255,66,118189,12,265916
19310,0.001739,172.31.36.0-255,66,118255,12,265916
19311,0.003985,74.125.24.0-255,5738,123993,12,265916
19312,0.003992,172.31.36.0-255,66,124059,12,265916
19313,0.006245,74.125.24.0-255,2902,126961,12,265916
19314,0.00625,172.31.36.0-255,66,127027,12,265916
19315,0.00627,74.125.24.0-255,2902,129929,12,265916
19316,0.006273,172.31.36.0-255,66,129995,12,265916
19317,0.008517,74.125.24.0-255,5738,135733,12,265916
19318,0.008525,172.31.36.0-255,66,135799,12,265916
19319,0.010814,74.125.24.0-255,5738,141537,12,265916
19320,0.010822,172.31.36.0-255,66,141603,12,265916
19321,0.013073,74.125.24.0-255,5738,147341,12,265916
19322,0.013084,172.31.36.0-255,66,147407,12,265916
19323,0.015329,74.125.24.0-255,5738,153145,12,265916
19324,0.015337,172.31.36.0-255,66,153211,12,265916
19325,0.017578,74.125.24.0-255,5738,158949,12,265916
19326,0.017586,172.31.36.0-255,66,159015,12,265916
19327,0.019837,74.125.24.0-255,5738,164753,12,265916
19328,0.019844,172.31.36.0-255,66,164819,12,265916
19329,0.022096,74.125.24.0-255,5738,170557,12,265916
19330,0.022101,172.31.36.0-255,66,170623,12,265916
19331,0.024413,74.125.24.0-255,5738,176361,12,265916
19332,0.02442,172.31.36.0-255,66,176427,12,265916
19333,0.026684,74.125.24.0-255,5738,182165,12,265916
19334,0.026691,172.31.36.0-255,66,182231,12,265916
19335,0.027552,172.31.36.0-255,172,182403,12,265916
19336,0.027593,172.31.36.0-255,1107,183510,12,265916
19337,0.027672,172.31.36.0-255,1514,185024,12,265916
19338,0.027675,172.31.36.0-255,1514,186538,12,265916
19339,0.027679,172.31.36.0-255,1514,188052,12,265916
19340,0.02768,172.31.36.0-255,1514,189566,12,265916
19341,0.027702,172.31.36.0-255,172,189738,12,265916
19342,0.028933,74.125.24.0-255,4320,194058,12,265916
19343,0.028939,172.31.36.0-255,66,194124,12,265916
19344,0.028968,74.125.24.0-255,1484,195608,12,265916
19345,0.029101,104.244.42.0-255,66,195674,12,265916
19346,0.029192,104.244.42.0-255,66,195740,12,265916
19347,0.029239,104.244.42.0-255,66,195806,12,265916
19348,0.029244,104.244.42.0-255,66,195872,12,265916
19349,0.031189,74.125.24.0-255,4320,200192,12,265916
19350,0.031195,172.31.36.0-255,66,200258,12,265916
19351,0.033449,74.125.24.0-255,5738,205996,12,265916
19352,0.033454,172.31.36.0-255,66,206062,12,265916
19353,0.035714,74.125.24.0-255,5738,211800,12,265916
19354,0.03572,172.31.36.0-255,66,211866,12,265916
19355,0.037953,74.125.24.0-255,4320,216186,12,265916
19356,0.037959,172.31.36.0-255,66,216252,12,265916
19357,0.037987,74.125.24.0-255,1484,217736,12,265916
19358,0.040232,74.125.24.0-255,4320,222056,12,265916
19359,0.040238,172.31.36.0-255,66,222122,12,265916
19360,0.042468,74.125.24.0-255,5738,227860,12,265916
19361,0.042473,172.31.36.0-255,66,227926,12,265916
19362,0.044736,74.125.24.0-255,5738,233664,12,265916
19363,0.044741,172.31.36.0-255,66,233730,12,265916
19364,0.046986,74.125.24.0-255,5738,239468,12,265916
19365,0.046992,172.31.36.0-255,66,239534,12,265916
19366,0.049244,74.125.24.0-255,5738,245272,12,265916
19367,0.04925,172.31.36.0-255,66,245338,12,265916
19368,0.051493,74.125.24.0-255,5738,251076,12,265916
19369,0.051498,172.31.36.0-255,66,251142,12,265916
19370,0.053739,74.125.24.0-255,4320,255462,12,265916
19371,0.053745,172.31.36.0-255,66,255528,12,265916
19372,0.053775,74.125.24.0-255,1484,257012,12,265916
19373,0.055989,74.125.24.0-255,2902,259914,12,265916
19374,0.055995,172.31.36.0-255,66,259980,12,265916
19375,0.058241,74.125.24.0-255,2902,262882,12,265916
19376,0.058246,172.31.36.0-255,66,262948,12,265916
19377,0.058275,74.125.24.0-255,2902,265850,12,265916
19378,0.058278,172.31.36.0-255,66,265916,12,265916
19379,0.0,172.31.36.0-255,105,105,12,105
19380,0.0,172.217.194.0-255,153,153,12,205225
19381,2.5e-05,172.31.36.0-255,66,219,12,205225
19382,3.2e-05,172.217.194.0-255,1484,1703,12,205225
19383,3.7e-05,172.31.36.0-255,66,1769,12,205225
19384,7.9e-05,172.217.194.0-255,1484,3253,12,205225
19385,8.2e-05,172.31.36.0-255,66,3319,12,205225
19386,0.000111,172.217.194.0-255,1484,4803,12,205225
19387,0.000114,172.31.36.0-255,66,4869,12,205225
19388,0.000117,172.217.194.0-255,1484,6353,12,205225
19389,0.000119,172.31.36.0-255,66,6419,12,205225
19390,0.000137,172.217.194.0-255,2902,9321,12,205225
19391,0.000139,172.31.36.0-255,66,9387,12,205225
19392,0.000142,172.217.194.0-255,1484,10871,12,205225
19393,0.000144,172.31.36.0-255,66,10937,12,205225
19394,0.00015,172.217.194.0-255,4320,15257,12,205225
19395,0.000153,172.31.36.0-255,66,15323,12,205225
19396,0.000171,172.217.194.0-255,3464,18787,12,205225
19397,0.000173,172.31.36.0-255,66,18853,12,205225
19398,0.000184,172.31.36.0-255,66,18919,12,205225
19399,0.00019,172.217.194.0-255,3961,22880,12,205225
19400,0.000192,172.31.36.0-255,66,22946,12,205225
19401,0.000243,172.217.194.0-255,1484,24430,12,205225
19402,0.000245,172.31.36.0-255,66,24496,12,205225
19403,0.00025,172.217.194.0-255,2902,27398,12,205225
19404,0.000252,172.31.36.0-255,66,27464,12,205225
19405,0.000278,172.217.194.0-255,5738,33202,12,205225
19406,0.000281,172.31.36.0-255,66,33268,12,205225
19407,0.000301,172.217.194.0-255,4320,37588,12,205225
19408,0.000303,172.31.36.0-255,66,37654,12,205225
19409,0.000335,172.31.36.0-255,66,37720,12,205225
19410,0.000347,172.31.36.0-255,66,37786,12,205225
19411,0.000398,172.217.194.0-255,365,38151,12,205225
19412,0.000437,172.217.194.0-255,1484,39635,12,205225
19413,0.00044,172.31.36.0-255,66,39701,12,205225
19414,0.000447,172.217.194.0-255,4320,44021,12,205225
19415,0.000449,172.31.36.0-255,66,44087,12,205225
19416,0.000467,172.217.194.0-255,2902,46989,12,205225
19417,0.00047,172.31.36.0-255,66,47055,12,205225
19418,0.000494,172.217.194.0-255,4320,51375,12,205225
19419,0.000497,172.31.36.0-255,66,51441,12,205225
19420,0.000501,172.217.194.0-255,2902,54343,12,205225
19421,0.000503,172.31.36.0-255,66,54409,12,205225
19422,0.000516,172.217.194.0-255,1125,55534,12,205225
19423,0.000521,172.217.194.0-255,4320,59854,12,205225
19424,0.000523,172.31.36.0-255,66,59920,12,205225
19425,0.000538,172.217.194.0-255,1484,61404,12,205225
19426,0.000555,172.217.194.0-255,7156,68560,12,205225
19427,0.000558,172.31.36.0-255,66,68626,12,205225
19428,0.000574,172.217.194.0-255,1484,70110,12,205225
19429,0.000579,172.217.194.0-255,2543,72653,12,205225
19430,0.000581,172.31.36.0-255,66,72719,12,205225
19431,0.000874,172.217.194.0-255,1484,74203,12,205225
19432,0.00088,172.217.194.0-255,2902,77105,12,205225
19433,0.000884,172.31.36.0-255,66,77171,12,205225
19434,0.0009,172.217.194.0-255,4320,81491,12,205225
19435,0.000902,172.31.36.0-255,66,81557,12,205225
19436,0.000929,172.217.194.0-255,1484,83041,12,205225
19437,0.000943,172.31.36.0-255,66,83107,12,205225
19438,0.000989,172.31.36.0-255,66,83173,12,205225
19439,0.001017,172.217.194.0-255,1484,84657,12,205225
19440,0.001021,172.217.194.0-255,1484,86141,12,205225
19441,0.001023,172.31.36.0-255,66,86207,12,205225
19442,0.001036,172.217.194.0-255,1484,87691,12,205225
19443,0.001042,172.217.194.0-255,5738,93429,12,205225
19444,0.001045,172.31.36.0-255,66,93495,12,205225
19445,0.001064,172.217.194.0-255,4320,97815,12,205225
19446,0.001066,172.31.36.0-255,66,97881,12,205225
19447,0.001098,172.31.36.0-255,66,97947,12,205225
19448,0.001112,172.31.36.0-255,66,98013,12,205225
19449,0.001324,172.217.194.0-255,1484,99497,12,205225
19450,0.00133,172.217.194.0-255,2902,102399,12,205225
19451,0.001333,172.31.36.0-255,66,102465,12,205225
19452,0.001337,172.217.194.0-255,1484,103949,12,205225
19453,0.001359,172.217.194.0-255,4320,108269,12,205225
19454,0.001362,172.31.36.0-255,66,108335,12,205225
19455,0.001367,172.217.194.0-255,2902,111237,12,205225
19456,0.001369,172.31.36.0-255,66,111303,12,205225
19457,0.001397,172.217.194.0-255,5738,117041,12,205225
19458,0.0014,172.31.36.0-255,66,117107,12,205225
19459,0.001403,172.31.36.0-255,66,117173,12,205225
19460,0.001417,172.217.194.0-255,2902,120075,12,205225
19461,0.00142,172.31.36.0-255,66,120141,12,205225
19462,0.001452,172.217.194.0-255,2184,122325,12,205225
19463,0.001455,172.31.36.0-255,66,122391,12,205225
19464,0.001591,172.217.194.0-255,1484,123875,12,205225
19465,0.001596,172.217.194.0-255,1484,125359,12,205225
19466,0.001599,172.31.36.0-255,66,125425,12,205225
19467,0.00162,172.217.194.0-255,1484,126909,12,205225
19468,0.001627,172.217.194.0-255,5738,132647,12,205225
19469,0.00163,172.31.36.0-255,66,132713,12,205225
19470,0.001662,172.31.36.0-255,66,132779,12,205225
19471,0.001721,172.31.36.0-255,66,132845,12,205225
19472,0.001743,172.217.194.0-255,4320,137165,12,205225
19473,0.001745,172.31.36.0-255,66,137231,12,205225
19474,0.001767,172.217.194.0-255,4320,141551,12,205225
19475,0.00177,172.31.36.0-255,66,141617,12,205225
19476,0.001782,172.217.194.0-255,7156,148773,12,205225
19477,0.001785,172.31.36.0-255,66,148839,12,205225
19478,0.001808,172.217.194.0-255,2902,151741,12,205225
19479,0.001825,172.31.36.0-255,66,151807,12,205225
19480,0.001828,172.31.36.0-255,66,151873,12,205225
19481,0.001838,172.217.194.0-255,1484,153357,12,205225
19482,0.001873,172.31.36.0-255,66,153423,12,205225
19483,0.001881,172.217.194.0-255,7156,160579,12,205225
19484,0.001883,172.31.36.0-255,66,160645,12,205225
19485,0.001917,172.31.36.0-255,66,160711,12,205225
19486,0.00192,172.217.194.0-255,766,161477,12,205225
19487,0.001938,172.217.194.0-255,1484,162961,12,205225
19488,0.001941,172.31.36.0-255,66,163027,12,205225
19489,0.001946,172.217.194.0-255,2902,165929,12,205225
19490,0.001948,172.31.36.0-255,66,165995,12,205225
19491,0.001966,172.217.194.0-255,4320,170315,12,205225
19492,0.001969,172.31.36.0-255,66,170381,12,205225
19493,0.001988,172.217.194.0-255,1484,171865,12,205225
19494,0.001994,172.217.194.0-255,2902,174767,12,205225
19495,0.001997,172.31.36.0-255,66,174833,12,205225
19496,0.002025,172.31.36.0-255,66,174899,12,205225
19497,0.002064,172.31.36.0-255,66,174965,12,205225
19498,0.0021,172.217.194.0-255,5738,180703,12,205225
19499,0.002104,172.31.36.0-255,66,180769,12,205225
19500,0.002111,172.217.194.0-255,7156,187925,12,205225
19501,0.002114,172.31.36.0-255,66,187991,12,205225
19502,0.002148,172.31.36.0-255,66,188057,12,205225
19503,0.002156,172.217.194.0-255,6438,194495,12,205225
19504,0.002158,172.31.36.0-255,66,194561,12,205225
19505,0.002214,172.217.194.0-255,4320,198881,12,205225
19506,0.002218,172.31.36.0-255,66,198947,12,205225
19507,0.002254,172.31.36.0-255,66,199013,12,205225
19508,0.002261,172.217.194.0-255,5738,204751,12,205225
19509,0.002264,172.31.36.0-255,66,204817,12,205225
19510,0.002299,172.31.36.0-255,66,204883,12,205225
19511,0.002302,172.217.194.0-255,105,204988,12,205225
19512,0.004468,172.31.36.0-255,66,205054,12,205225
19513,0.004505,172.31.36.0-255,105,205159,12,205225
19514,0.006815,172.217.194.0-255,66,205225,12,205225
19515,0.0,172.253.118.0-255,297,297,12,211540
19516,2.8e-05,172.31.36.0-255,66,363,12,211540
19517,5e-05,172.253.118.0-255,1484,1847,12,211540
19518,5.5e-05,172.31.36.0-255,66,1913,12,211540
19519,6.1e-05,172.253.118.0-255,4320,6233,12,211540
19520,6.4e-05,172.31.36.0-255,66,6299,12,211540
19521,0.000102,172.253.118.0-255,7156,13455,12,211540
19522,0.000104,172.31.36.0-255,66,13521,12,211540
19523,0.000111,172.253.118.0-255,6048,19569,12,211540
19524,0.000113,172.31.36.0-255,66,19635,12,211540
19525,0.00012,172.253.118.0-255,7156,26791,12,211540
19526,0.000123,172.31.36.0-255,66,26857,12,211540
19527,0.000128,172.253.118.0-255,3961,30818,12,211540
19528,0.00013,172.31.36.0-255,66,30884,12,211540
19529,0.000327,172.253.118.0-255,1484,32368,12,211540
19530,0.000332,172.31.36.0-255,66,32434,12,211540
19531,0.000338,172.253.118.0-255,2902,35336,12,211540
19532,0.000343,172.253.118.0-255,4320,39656,12,211540
19533,0.000343,172.31.36.0-255,66,39722,12,211540
19534,0.000346,172.31.36.0-255,66,39788,12,211540
19535,0.000355,172.253.118.0-255,1484,41272,12,211540
19536,0.000358,172.31.36.0-255,66,41338,12,211540
19537,0.000365,172.253.118.0-255,6797,48135,12,211540
19538,0.000368,172.31.36.0-255,66,48201,12,211540
19539,0.000404,172.253.118.0-255,1484,49685,12,211540
19540,0.000407,172.31.36.0-255,66,49751,12,211540
19541,0.000436,172.31.36.0-255,66,49817,12,211540
19542,0.000454,172.253.118.0-255,2902,52719,12,211540
19543,0.000457,172.31.36.0-255,66,52785,12,211540
19544,0.00046,172.253.118.0-255,1484,54269,12,211540
19545,0.000462,172.31.36.0-255,66,54335,12,211540
19546,0.000485,172.253.118.0-255,1481,55816,12,211540
19547,0.000746,172.253.118.0-255,330,56146,12,211540
19548,0.000752,172.31.36.0-255,66,56212,12,211540
19549,0.0014,172.253.118.0-255,1484,57696,12,211540
19550,0.001408,172.253.118.0-255,2902,60598,12,211540
19551,0.001412,172.31.36.0-255,66,60664,12,211540
19552,0.001421,172.253.118.0-255,5738,66402,12,211540
19553,0.001423,172.31.36.0-255,66,66468,12,211540
19554,0.001463,172.31.36.0-255,66,66534,12,211540
19555,0.001468,172.253.118.0-255,2902,69436,12,211540
19556,0.00147,172.31.36.0-255,66,69502,12,211540
19557,0.001485,172.253.118.0-255,4320,73822,12,211540
19558,0.001487,172.31.36.0-255,66,73888,12,211540
19559,0.001516,172.253.118.0-255,3602,77490,12,211540
19560,0.001518,172.31.36.0-255,66,77556,12,211540
19561,0.004445,172.253.118.0-255,1484,79040,12,211540
19562,0.004467,172.253.118.0-255,2902,81942,12,211540
19563,0.004471,172.31.36.0-255,66,82008,12,211540
19564,0.004476,172.253.118.0-255,1484,83492,12,211540
19565,0.006813,172.253.118.0-255,2902,86394,12,211540
19566,0.00682,172.31.36.0-255,66,86460,12,211540
19567,0.006846,172.253.118.0-255,1484,87944,12,211540
19568,0.009155,172.253.118.0-255,4320,92264,12,211540
19569,0.009161,172.31.36.0-255,66,92330,12,211540
19570,0.01152,172.253.118.0-255,5738,98068,12,211540
19571,0.011529,172.31.36.0-255,66,98134,12,211540
19572,0.013874,172.253.118.0-255,5738,103872,12,211540
19573,0.013882,172.31.36.0-255,66,103938,12,211540
19574,0.016249,172.253.118.0-255,5738,109676,12,211540
19575,0.016256,172.31.36.0-255,66,109742,12,211540
19576,0.018597,172.253.118.0-255,5738,115480,12,211540
19577,0.018604,172.31.36.0-255,66,115546,12,211540
19578,0.020949,172.253.118.0-255,5738,121284,12,211540
19579,0.020962,172.31.36.0-255,66,121350,12,211540
19580,0.023335,172.253.118.0-255,5738,127088,12,211540
19581,0.023347,172.31.36.0-255,66,127154,12,211540
19582,0.025681,172.253.118.0-255,4320,131474,12,211540
19583,0.025688,172.31.36.0-255,66,131540,12,211540
19584,0.025723,172.253.118.0-255,1484,133024,12,211540
19585,0.028037,172.253.118.0-255,4320,137344,12,211540
19586,0.028044,172.31.36.0-255,66,137410,12,211540
19587,0.030378,172.253.118.0-255,4320,141730,12,211540
19588,0.030386,172.31.36.0-255,66,141796,12,211540
19589,0.030403,172.253.118.0-255,1484,143280,12,211540
19590,0.032725,172.253.118.0-255,4320,147600,12,211540
19591,0.032733,172.31.36.0-255,66,147666,12,211540
19592,0.033382,172.31.36.0-255,172,147838,12,211540
19593,0.03341,172.31.36.0-255,1078,148916,12,211540
19594,0.034926,104.244.42.0-255,66,148982,12,211540
19595,0.034984,104.244.42.0-255,66,149048,12,211540
19596,0.035072,172.253.118.0-255,5738,154786,12,211540
19597,0.035078,172.31.36.0-255,66,154852,12,211540
19598,0.037418,172.253.118.0-255,5738,160590,12,211540
19599,0.037423,172.31.36.0-255,66,160656,12,211540
19600,0.039754,172.253.118.0-255,4320,164976,12,211540
19601,0.039759,172.31.36.0-255,66,165042,12,211540
19602,0.039795,172.253.118.0-255,1484,166526,12,211540
19603,0.042079,172.253.118.0-255,4320,170846,12,211540
19604,0.042084,172.31.36.0-255,66,170912,12,211540
19605,0.044426,172.253.118.0-255,5738,176650,12,211540
19606,0.044431,172.31.36.0-255,66,176716,12,211540
19607,0.04679,172.253.118.0-255,5738,182454,12,211540
19608,0.046796,172.31.36.0-255,66,182520,12,211540
19609,0.049122,172.253.118.0-255,5738,188258,12,211540
19610,0.049128,172.31.36.0-255,66,188324,12,211540
19611,0.051467,172.253.118.0-255,5738,194062,12,211540
19612,0.051472,172.31.36.0-255,66,194128,12,211540
19613,0.053817,172.253.118.0-255,5738,199866,12,211540
19614,0.053822,172.31.36.0-255,66,199932,12,211540
19615,0.056145,172.253.118.0-255,5738,205670,12,211540
19616,0.05615,172.31.36.0-255,66,205736,12,211540
19617,0.058483,172.253.118.0-255,5738,211474,12,211540
19618,0.058488,172.31.36.0-255,66,211540,12,211540
19619,0.0,74.125.68.0-255,153,153,12,354884
19620,2.5e-05,172.31.36.0-255,66,219,12,354884
19621,3.3e-05,74.125.68.0-255,1484,1703,12,354884
19622,3.8e-05,172.31.36.0-255,66,1769,12,354884
19623,4.2e-05,74.125.68.0-255,1484,3253,12,354884
19624,4.5e-05,172.31.36.0-255,66,3319,12,354884
19625,5.2e-05,74.125.68.0-255,2902,6221,12,354884
19626,5.5e-05,172.31.36.0-255,66,6287,12,354884
19627,8e-05,74.125.68.0-255,4320,10607,12,354884
19628,8.3e-05,172.31.36.0-255,66,10673,12,354884
19629,0.000108,74.125.68.0-255,1484,12157,12,354884
19630,0.000111,172.31.36.0-255,66,12223,12,354884
19631,0.000116,74.125.68.0-255,1988,14211,12,354884
19632,0.000119,172.31.36.0-255,66,14277,12,354884
19633,0.000123,74.125.68.0-255,2902,17179,12,354884
19634,0.000126,172.31.36.0-255,66,17245,12,354884
19635,0.000134,74.125.68.0-255,7156,24401,12,354884
19636,0.000136,172.31.36.0-255,66,24467,12,354884
19637,0.000139,74.125.68.0-255,1484,25951,12,354884
19638,0.000141,172.31.36.0-255,66,26017,12,354884
19639,0.000146,74.125.68.0-255,2902,28919,12,354884
19640,0.000149,172.31.36.0-255,66,28985,12,354884
19641,0.000173,74.125.68.0-255,2543,31528,12,354884
19642,0.000176,172.31.36.0-255,66,31594,12,354884
19643,0.000238,74.125.68.0-255,1484,33078,12,354884
19644,0.000241,172.31.36.0-255,66,33144,12,354884
19645,0.000245,74.125.68.0-255,1484,34628,12,354884
19646,0.000246,172.31.36.0-255,66,34694,12,354884
19647,0.000262,74.125.68.0-255,1484,36178,12,354884
19648,0.000264,172.31.36.0-255,66,36244,12,354884
19649,0.000271,74.125.68.0-255,5738,41982,12,354884
19650,0.000274,172.31.36.0-255,66,42048,12,354884
19651,0.000309,74.125.68.0-255,6797,48845,12,354884
19652,0.000312,172.31.36.0-255,66,48911,12,354884
19653,0.000405,74.125.68.0-255,1484,50395,12,354884
19654,0.000424,74.125.68.0-255,2902,53297,12,354884
19655,0.000427,172.31.36.0-255,66,53363,12,354884
19656,0.000431,74.125.68.0-255,1484,54847,12,354884
19657,0.000436,74.125.68.0-255,2902,57749,12,354884
19658,0.000438,172.31.36.0-255,66,57815,12,354884
19659,0.000475,74.125.68.0-255,5738,63553,12,354884
19660,0.000478,172.31.36.0-255,66,63619,12,354884
19661,0.000532,74.125.68.0-255,3123,66742,12,354884
19662,0.000535,172.31.36.0-255,66,66808,12,354884
19663,0.000592,74.125.68.0-255,1484,68292,12,354884
19664,0.000606,74.125.68.0-255,2902,71194,12,354884
19665,0.000609,172.31.36.0-255,66,71260,12,354884
19666,0.000634,74.125.68.0-255,5738,76998,12,354884
19667,0.000637,172.31.36.0-255,66,77064,12,354884
19668,0.00064,74.125.68.0-255,1484,78548,12,354884
19669,0.000661,74.125.68.0-255,5379,83927,12,354884
19670,0.000664,172.31.36.0-255,66,83993,12,354884
19671,0.000697,172.31.36.0-255,66,84059,12,354884
19672,0.000737,74.125.68.0-255,5379,89438,12,354884
19673,0.00074,172.31.36.0-255,66,89504,12,354884
19674,0.001212,74.125.68.0-255,1484,90988,12,354884
19675,0.001235,74.125.68.0-255,2902,93890,12,354884
19676,0.001238,172.31.36.0-255,66,93956,12,354884
19677,0.001245,74.125.68.0-255,2902,96858,12,354884
19678,0.001247,172.31.36.0-255,66,96924,12,354884
19679,0.00126,74.125.68.0-255,2902,99826,12,354884
19680,0.001262,172.31.36.0-255,66,99892,12,354884
19681,0.00127,74.125.68.0-255,7156,107048,12,354884
19682,0.001273,172.31.36.0-255,66,107114,12,354884
19683,0.00129,74.125.68.0-255,2902,110016,12,354884
19684,0.001293,172.31.36.0-255,66,110082,12,354884
19685,0.001311,74.125.68.0-255,7156,117238,12,354884
19686,0.001313,172.31.36.0-255,66,117304,12,354884
19687,0.001347,74.125.68.0-255,2902,120206,12,354884
19688,0.00135,172.31.36.0-255,66,120272,12,354884
19689,0.001368,74.125.68.0-255,3602,123874,12,354884
19690,0.001371,172.31.36.0-255,66,123940,12,354884
19691,0.001393,74.125.68.0-255,1484,125424,12,354884
19692,0.001411,74.125.68.0-255,2902,128326,12,354884
19693,0.001414,172.31.36.0-255,66,128392,12,354884
19694,0.001437,74.125.68.0-255,5738,134130,12,354884
19695,0.00144,172.31.36.0-255,66,134196,12,354884
19696,0.001446,74.125.68.0-255,4320,138516,12,354884
19697,0.001448,172.31.36.0-255,66,138582,12,354884
19698,0.001479,74.125.68.0-255,5738,144320,12,354884
19699,0.001482,172.31.36.0-255,66,144386,12,354884
19700,0.001488,74.125.68.0-255,2902,147288,12,354884
19701,0.00149,172.31.36.0-255,66,147354,12,354884
19702,0.001509,74.125.68.0-255,7156,154510,12,354884
19703,0.001512,172.31.36.0-255,66,154576,12,354884
19704,0.001523,74.125.68.0-255,1484,156060,12,354884
19705,0.001527,74.125.68.0-255,2184,158244,12,354884
19706,0.001529,172.31.36.0-255,66,158310,12,354884
19707,0.001608,74.125.68.0-255,1484,159794,12,354884
19708,0.001625,74.125.68.0-255,1484,161278,12,354884
19709,0.001629,172.31.36.0-255,66,161344,12,354884
19710,0.001645,74.125.68.0-255,1484,162828,12,354884
19711,0.001652,74.125.68.0-255,5738,168566,12,354884
19712,0.001655,172.31.36.0-255,66,168632,12,354884
19713,0.001661,74.125.68.0-255,5738,174370,12,354884
19714,0.001663,172.31.36.0-255,66,174436,12,354884
19715,0.001692,74.125.68.0-255,7156,181592,12,354884
19716,0.001696,172.31.36.0-255,66,181658,12,354884
19717,0.001746,74.125.68.0-255,2902,184560,12,354884
19718,0.00175,172.31.36.0-255,66,184626,12,354884
19719,0.001773,172.31.36.0-255,66,184692,12,354884
19720,0.001793,74.125.68.0-255,1484,186176,12,354884
19721,0.001797,74.125.68.0-255,2902,189078,12,354884
19722,0.0018,172.31.36.0-255,66,189144,12,354884
19723,0.001811,74.125.68.0-255,1484,190628,12,354884
19724,0.001832,74.125.68.0-255,4320,194948,12,354884
19725,0.001839,74.125.68.0-255,7156,202104,12,354884
19726,0.001843,172.31.36.0-255,66,202170,12,354884
19727,0.001846,172.31.36.0-255,66,202236,12,354884
19728,0.00186,74.125.68.0-255,1484,203720,12,354884
19729,0.001873,172.31.36.0-255,66,203786,12,354884
19730,0.001879,74.125.68.0-255,5020,208806,12,354884
19731,0.001882,172.31.36.0-255,66,208872,12,354884
19732,0.001889,74.125.68.0-255,5738,214610,12,354884
19733,0.001891,172.31.36.0-255,66,214676,12,354884
19734,0.001906,74.125.68.0-255,2902,217578,12,354884
19735,0.001909,172.31.36.0-255,66,217644,12,354884
19736,0.001943,74.125.68.0-255,5738,223382,12,354884
19737,0.001947,172.31.36.0-255,66,223448,12,354884
19738,0.00199,74.125.68.0-255,4320,227768,12,354884
19739,0.002012,74.125.68.0-255,5020,232788,12,354884
19740,0.002026,74.125.68.0-255,2902,235690,12,354884
19741,0.00203,74.125.68.0-255,2902,238592,12,354884
19742,0.002046,74.125.68.0-255,1484,240076,12,354884
19743,0.002049,74.125.68.0-255,1484,241560,12,354884
19744,0.002074,74.125.68.0-255,7156,248716,12,354884
19745,0.002078,74.125.68.0-255,2902,251618,12,354884
19746,0.00211,74.125.68.0-255,4320,255938,12,354884
19747,0.002143,74.125.68.0-255,2184,258122,12,354884
19748,0.00219,74.125.68.0-255,1484,259606,12,354884
19749,0.002194,74.125.68.0-255,2902,262508,12,354884
19750,0.002227,74.125.68.0-255,5738,268246,12,354884
19751,0.002242,74.125.68.0-255,2902,271148,12,354884
19752,0.002245,74.125.68.0-255,1484,272632,12,354884
19753,0.002275,74.125.68.0-255,1484,274116,12,354884
19754,0.002317,74.125.68.0-255,4320,278436,12,354884
19755,0.007431,172.31.36.0-255,66,278502,12,354884
19756,0.007441,172.31.36.0-255,66,278568,12,354884
19757,0.007445,172.31.36.0-255,66,278634,12,354884
19758,0.007448,172.31.36.0-255,66,278700,12,354884
19759,0.007474,172.31.36.0-255,66,278766,12,354884
19760,0.00748,172.31.36.0-255,66,278832,12,354884
19761,0.007484,172.31.36.0-255,66,278898,12,354884
19762,0.007487,172.31.36.0-255,66,278964,12,354884
19763,0.00749,172.31.36.0-255,66,279030,12,354884
19764,0.007493,172.31.36.0-255,66,279096,12,354884
19765,0.007497,172.31.36.0-255,66,279162,12,354884
19766,0.007501,172.31.36.0-255,66,279228,12,354884
19767,0.007504,172.31.36.0-255,66,279294,12,354884
19768,0.007507,172.31.36.0-255,66,279360,12,354884
19769,0.007511,172.31.36.0-255,66,279426,12,354884
19770,0.007514,172.31.36.0-255,66,279492,12,354884
19771,0.007518,172.31.36.0-255,66,279558,12,354884
19772,0.009812,74.125.68.0-255,5738,285296,12,354884
19773,0.009823,172.31.36.0-255,66,285362,12,354884
19774,0.01212,74.125.68.0-255,5738,291100,12,354884
19775,0.012129,172.31.36.0-255,66,291166,12,354884
19776,0.014421,74.125.68.0-255,5738,296904,12,354884
19777,0.014432,172.31.36.0-255,66,296970,12,354884
19778,0.016729,74.125.68.0-255,5738,302708,12,354884
19779,0.016743,172.31.36.0-255,66,302774,12,354884
19780,0.019045,74.125.68.0-255,5738,308512,12,354884
19781,0.019058,172.31.36.0-255,66,308578,12,354884
19782,0.021407,74.125.68.0-255,5738,314316,12,354884
19783,0.021423,172.31.36.0-255,66,314382,12,354884
19784,0.023719,74.125.68.0-255,5738,320120,12,354884
19785,0.02373,172.31.36.0-255,66,320186,12,354884
19786,0.026024,74.125.68.0-255,5738,325924,12,354884
19787,0.026034,172.31.36.0-255,66,325990,12,354884
19788,0.02832,74.125.68.0-255,5738,331728,12,354884
19789,0.028329,172.31.36.0-255,66,331794,12,354884
19790,0.030627,74.125.68.0-255,5738,337532,12,354884
19791,0.030638,172.31.36.0-255,66,337598,12,354884
19792,0.032953,74.125.68.0-255,5738,343336,12,354884
19793,0.032962,172.31.36.0-255,66,343402,12,354884
19794,0.035253,74.125.68.0-255,5738,349140,12,354884
19795,0.035262,172.31.36.0-255,66,349206,12,354884
19796,0.035802,172.31.36.0-255,172,349378,12,354884
19797,0.035837,172.31.36.0-255,1108,350486,12,354884
19798,0.035898,172.31.36.0-255,1514,352000,12,354884
19799,0.0359,172.31.36.0-255,1299,353299,12,354884
19800,0.037325,104.244.42.0-255,66,353365,12,354884
19801,0.03737,104.244.42.0-255,66,353431,12,354884
19802,0.037423,104.244.42.0-255,66,353497,12,354884
19803,0.037525,74.125.68.0-255,1150,354647,12,354884
19804,0.03769,172.31.36.0-255,66,354713,12,354884
19805,0.037795,172.31.36.0-255,105,354818,12,354884
19806,0.040057,74.125.68.0-255,66,354884,12,354884
19807,0.0,74.125.24.0-255,158,158,12,274093
19808,3.5e-05,172.31.36.0-255,66,224,12,274093
19809,4.3e-05,74.125.24.0-255,1484,1708,12,274093
19810,4.7e-05,172.31.36.0-255,66,1774,12,274093
19811,5.2e-05,74.125.24.0-255,2902,4676,12,274093
19812,5.4e-05,172.31.36.0-255,66,4742,12,274093
19813,6.2e-05,74.125.24.0-255,7156,11898,12,274093
19814,6.5e-05,172.31.36.0-255,66,11964,12,274093
19815,6.9e-05,74.125.24.0-255,1942,13906,12,274093
19816,7.2e-05,172.31.36.0-255,66,13972,12,274093
19817,0.00012,172.31.36.0-255,66,14038,12,274093
19818,0.000126,74.125.24.0-255,5379,19417,12,274093
19819,0.000128,172.31.36.0-255,66,19483,12,274093
19820,0.000237,74.125.24.0-255,1484,20967,12,274093
19821,0.000242,172.31.36.0-255,66,21033,12,274093
19822,0.000247,74.125.24.0-255,2902,23935,12,274093
19823,0.00025,172.31.36.0-255,66,24001,12,274093
19824,0.000252,74.125.24.0-255,1484,25485,12,274093
19825,0.000255,172.31.36.0-255,66,25551,12,274093
19826,0.000277,74.125.24.0-255,4320,29871,12,274093
19827,0.00028,172.31.36.0-255,66,29937,12,274093
19828,0.000283,74.125.24.0-255,1484,31421,12,274093
19829,0.000285,172.31.36.0-255,66,31487,12,274093
19830,0.000332,172.31.36.0-255,66,31553,12,274093
19831,0.000336,172.31.36.0-255,66,31619,12,274093
19832,0.000338,74.125.24.0-255,110,31729,12,274093
19833,0.00034,172.31.36.0-255,66,31795,12,274093
19834,0.000558,74.125.24.0-255,331,32126,12,274093
19835,0.000563,172.31.36.0-255,66,32192,12,274093
19836,0.000916,74.125.24.0-255,1484,33676,12,274093
19837,0.000926,74.125.24.0-255,2902,36578,12,274093
19838,0.00093,172.31.36.0-255,66,36644,12,274093
19839,0.000937,74.125.24.0-255,5738,42382,12,274093
19840,0.000939,172.31.36.0-255,66,42448,12,274093
19841,0.000979,172.31.36.0-255,66,42514,12,274093
19842,0.001004,74.125.24.0-255,2902,45416,12,274093
19843,0.001007,172.31.36.0-255,66,45482,12,274093
19844,0.001018,172.31.36.0-255,66,45548,12,274093
19845,0.001021,74.125.24.0-255,766,46314,12,274093
19846,0.00147,74.125.24.0-255,1484,47798,12,274093
19847,0.001476,172.31.36.0-255,66,47864,12,274093
19848,0.001483,74.125.24.0-255,2902,50766,12,274093
19849,0.001484,172.31.36.0-255,66,50832,12,274093
19850,0.001491,74.125.24.0-255,5738,56570,12,274093
19851,0.001493,172.31.36.0-255,66,56636,12,274093
19852,0.001514,74.125.24.0-255,1484,58120,12,274093
19853,0.001541,172.31.36.0-255,66,58186,12,274093
19854,0.001546,74.125.24.0-255,4320,62506,12,274093
19855,0.001548,172.31.36.0-255,66,62572,12,274093
19856,0.001555,74.125.24.0-255,5738,68310,12,274093
19857,0.001556,172.31.36.0-255,66,68376,12,274093
19858,0.001572,74.125.24.0-255,766,69142,12,274093
19859,0.001602,74.125.24.0-255,1484,70626,12,274093
19860,0.001604,172.31.36.0-255,66,70692,12,274093
19861,0.001609,74.125.24.0-255,2902,73594,12,274093
19862,0.001611,172.31.36.0-255,66,73660,12,274093
19863,0.001621,74.125.24.0-255,1484,75144,12,274093
19864,0.001626,74.125.24.0-255,2902,78046,12,274093
19865,0.001628,172.31.36.0-255,66,78112,12,274093
19866,0.001657,74.125.24.0-255,7156,85268,12,274093
19867,0.001659,172.31.36.0-255,66,85334,12,274093
19868,0.001665,74.125.24.0-255,5738,91072,12,274093
19869,0.001667,172.31.36.0-255,66,91138,12,274093
19870,0.001691,74.125.24.0-255,2902,94040,12,274093
19871,0.001694,172.31.36.0-255,66,94106,12,274093
19872,0.001721,172.31.36.0-255,66,94172,12,274093
19873,0.001772,74.125.24.0-255,1484,95656,12,274093
19874,0.001777,74.125.24.0-255,2902,98558,12,274093
19875,0.001779,172.31.36.0-255,66,98624,12,274093
19876,0.001833,74.125.24.0-255,5738,104362,12,274093
19877,0.001835,172.31.36.0-255,66,104428,12,274093
19878,0.001848,172.31.36.0-255,66,104494,12,274093
19879,0.001857,172.31.36.0-255,66,104560,12,274093
19880,0.001889,74.125.24.0-255,2184,106744,12,274093
19881,0.001891,172.31.36.0-255,66,106810,12,274093
19882,0.001903,172.31.36.0-255,66,106876,12,274093
19883,0.001917,172.31.36.0-255,66,106942,12,274093
19884,0.001954,74.125.24.0-255,6438,113380,12,274093
19885,0.001956,172.31.36.0-255,66,113446,12,274093
19886,0.002148,74.125.24.0-255,1484,114930,12,274093
19887,0.002151,74.125.24.0-255,1484,116414,12,274093
19888,0.002153,172.31.36.0-255,66,116480,12,274093
19889,0.002168,74.125.24.0-255,1484,117964,12,274093
19890,0.002174,74.125.24.0-255,5738,123702,12,274093
19891,0.002176,172.31.36.0-255,66,123768,12,274093
19892,0.002192,74.125.24.0-255,2902,126670,12,274093
19893,0.002194,172.31.36.0-255,66,126736,12,274093
19894,0.002224,172.31.36.0-255,66,126802,12,274093
19895,0.002234,172.31.36.0-255,66,126868,12,274093
19896,0.002256,74.125.24.0-255,2184,129052,12,274093
19897,0.002259,172.31.36.0-255,66,129118,12,274093
19898,0.00456,74.125.24.0-255,2902,132020,12,274093
19899,0.004563,172.31.36.0-255,66,132086,12,274093
19900,0.004597,74.125.24.0-255,2902,134988,12,274093
19901,0.0046,172.31.36.0-255,66,135054,12,274093
19902,0.006861,74.125.24.0-255,2902,137956,12,274093
19903,0.006867,172.31.36.0-255,66,138022,12,274093
19904,0.006918,74.125.24.0-255,2902,140924,12,274093
19905,0.006922,172.31.36.0-255,66,140990,12,274093
19906,0.009193,74.125.24.0-255,2902,143892,12,274093
19907,0.009199,172.31.36.0-255,66,143958,12,274093
19908,0.009237,74.125.24.0-255,2902,146860,12,274093
19909,0.009241,172.31.36.0-255,66,146926,12,274093
19910,0.011556,74.125.24.0-255,5738,152664,12,274093
19911,0.011564,172.31.36.0-255,66,152730,12,274093
19912,0.013902,74.125.24.0-255,5738,158468,12,274093
19913,0.01391,172.31.36.0-255,66,158534,12,274093
19914,0.01626,74.125.24.0-255,5738,164272,12,274093
19915,0.01627,172.31.36.0-255,66,164338,12,274093
19916,0.018594,74.125.24.0-255,5738,170076,12,274093
19917,0.018603,172.31.36.0-255,66,170142,12,274093
19918,0.0209,74.125.24.0-255,5738,175880,12,274093
19919,0.020907,172.31.36.0-255,66,175946,12,274093
19920,0.023213,74.125.24.0-255,5738,181684,12,274093
19921,0.02322,172.31.36.0-255,66,181750,12,274093
19922,0.025529,74.125.24.0-255,5738,187488,12,274093
19923,0.025536,172.31.36.0-255,66,187554,12,274093
19924,0.027882,74.125.24.0-255,5738,193292,12,274093
19925,0.027888,172.31.36.0-255,66,193358,12,274093
19926,0.028328,172.31.36.0-255,172,193530,12,274093
19927,0.02837,172.31.36.0-255,1108,194638,12,274093
19928,0.028438,172.31.36.0-255,1514,196152,12,274093
19929,0.02844,172.31.36.0-255,1514,197666,12,274093
19930,0.028442,172.31.36.0-255,711,198377,12,274093
19931,0.029854,104.244.42.0-255,66,198443,12,274093
19932,0.029875,104.244.42.0-255,66,198509,12,274093
19933,0.03,104.244.42.0-255,66,198575,12,274093
19934,0.030003,104.244.42.0-255,66,198641,12,274093
19935,0.030219,74.125.24.0-255,5738,204379,12,274093
19936,0.030223,172.31.36.0-255,66,204445,12,274093
19937,0.032548,74.125.24.0-255,5738,210183,12,274093
19938,0.032553,172.31.36.0-255,66,210249,12,274093
19939,0.034885,74.125.24.0-255,5738,215987,12,274093
19940,0.034896,172.31.36.0-255,66,216053,12,274093
19941,0.037276,74.125.24.0-255,5738,221791,12,274093
19942,0.037282,172.31.36.0-255,66,221857,12,274093
19943,0.039589,74.125.24.0-255,5738,227595,12,274093
19944,0.039594,172.31.36.0-255,66,227661,12,274093
19945,0.0419,74.125.24.0-255,5738,233399,12,274093
19946,0.041923,172.31.36.0-255,66,233465,12,274093
19947,0.04422,74.125.24.0-255,5738,239203,12,274093
19948,0.044226,172.31.36.0-255,66,239269,12,274093
19949,0.046513,74.125.24.0-255,5738,245007,12,274093
19950,0.04652,172.31.36.0-255,66,245073,12,274093
19951,0.048825,74.125.24.0-255,5738,250811,12,274093
19952,0.048834,172.31.36.0-255,66,250877,12,274093
19953,0.051178,74.125.24.0-255,5738,256615,12,274093
19954,0.051185,172.31.36.0-255,66,256681,12,274093
19955,0.053507,74.125.24.0-255,5738,262419,12,274093
19956,0.053514,172.31.36.0-255,66,262485,12,274093
19957,0.055793,74.125.24.0-255,5738,268223,12,274093
19958,0.055799,172.31.36.0-255,66,268289,12,274093
19959,0.058091,74.125.24.0-255,5738,274027,12,274093
19960,0.058097,172.31.36.0-255,66,274093,12,274093
19961,0.0,74.125.130.0-255,289,289,12,347398
19962,1.1e-05,172.31.36.0-255,66,355,12,347398
19963,4.5e-05,74.125.130.0-255,1484,1839,12,347398
19964,4.9e-05,172.31.36.0-255,66,1905,12,347398
19965,5.6e-05,74.125.130.0-255,4320,6225,12,347398
19966,5.9e-05,172.31.36.0-255,66,6291,12,347398
19967,8.6e-05,74.125.130.0-255,4320,10611,12,347398
19968,8.9e-05,172.31.36.0-255,66,10677,12,347398
19969,0.000113,74.125.130.0-255,3233,13910,12,347398
19970,0.000115,172.31.36.0-255,66,13976,12,347398
19971,0.000125,172.31.36.0-255,66,14042,12,347398
19972,0.000131,74.125.130.0-255,1484,15526,12,347398
19973,0.000133,172.31.36.0-255,66,15592,12,347398
19974,0.000162,74.125.130.0-255,6797,22389,12,347398
19975,0.000168,172.31.36.0-255,66,22455,12,347398
19976,0.00032,74.125.130.0-255,1484,23939,12,347398
19977,0.000324,172.31.36.0-255,66,24005,12,347398
19978,0.000328,74.125.130.0-255,1484,25489,12,347398
19979,0.00033,172.31.36.0-255,66,25555,12,347398
19980,0.000345,74.125.130.0-255,1484,27039,12,347398
19981,0.000347,172.31.36.0-255,66,27105,12,347398
19982,0.000372,74.125.130.0-255,4320,31425,12,347398
19983,0.000374,172.31.36.0-255,66,31491,12,347398
19984,0.000406,74.125.130.0-255,7156,38647,12,347398
19985,0.000408,172.31.36.0-255,66,38713,12,347398
19986,0.000442,74.125.130.0-255,6797,45510,12,347398
19987,0.000444,172.31.36.0-255,66,45576,12,347398
19988,0.000507,74.125.130.0-255,7156,52732,12,347398
19989,0.00051,172.31.36.0-255,66,52798,12,347398
19990,0.000516,74.125.130.0-255,4212,57010,12,347398
19991,0.000518,172.31.36.0-255,66,57076,12,347398
19992,0.000646,74.125.130.0-255,120,57196,12,347398
19993,0.000967,172.31.36.0-255,66,57262,12,347398
19994,0.00104,74.125.130.0-255,1484,58746,12,347398
19995,0.001047,74.125.130.0-255,1484,60230,12,347398
19996,0.001062,74.125.130.0-255,1484,61714,12,347398
19997,0.001065,74.125.130.0-255,1484,63198,12,347398
19998,0.001083,74.125.130.0-255,4320,67518,12,347398
19999,0.001098,74.125.130.0-255,2902,70420,12,347398
20000,0.001114,74.125.130.0-255,5738,76158,12,347398
20001,0.001121,74.125.130.0-255,5738,81896,12,347398
20002,0.001133,74.125.130.0-255,4320,86216,12,347398
20003,0.001154,74.125.130.0-255,5020,91236,12,347398
20004,0.001169,74.125.130.0-255,381,91617,12,347398
20005,0.001524,74.125.130.0-255,1484,93101,12,347398
20006,0.001532,74.125.130.0-255,2902,96003,12,347398
20007,0.001549,74.125.130.0-255,2902,98905,12,347398
20008,0.001551,74.125.130.0-255,1484,100389,12,347398
20009,0.00157,74.125.130.0-255,2902,103291,12,347398
20010,0.001576,74.125.130.0-255,4320,107611,12,347398
20011,0.001598,74.125.130.0-255,4320,111931,12,347398
20012,0.001605,74.125.130.0-255,5738,117669,12,347398
20013,0.001609,74.125.130.0-255,2902,120571,12,347398
20014,0.00163,74.125.130.0-255,4320,124891,12,347398
20015,0.001633,74.125.130.0-255,766,125657,12,347398
20016,0.002074,74.125.130.0-255,1484,127141,12,347398
20017,0.002082,74.125.130.0-255,2902,130043,12,347398
20018,0.002096,74.125.130.0-255,1484,131527,12,347398
20019,0.002117,74.125.130.0-255,2902,134429,12,347398
20020,0.002124,74.125.130.0-255,5738,140167,12,347398
20021,0.002143,74.125.130.0-255,4320,144487,12,347398
20022,0.002172,74.125.130.0-255,7156,151643,12,347398
20023,0.002178,74.125.130.0-255,4320,155963,12,347398
20024,0.002207,74.125.130.0-255,3602,159565,12,347398
20025,0.002347,74.125.130.0-255,1484,161049,12,347398
20026,0.002361,74.125.130.0-255,2902,163951,12,347398
20027,0.002388,74.125.130.0-255,5738,169689,12,347398
20028,0.002402,74.125.130.0-255,1484,171173,12,347398
20029,0.002413,74.125.130.0-255,1484,172657,12,347398
20030,0.002416,74.125.130.0-255,1484,174141,12,347398
20031,0.002433,74.125.130.0-255,2902,177043,12,347398
20032,0.002453,74.125.130.0-255,2902,179945,12,347398
20033,0.002471,74.125.130.0-255,5738,185683,12,347398
20034,0.002475,74.125.130.0-255,2902,188585,12,347398
20035,0.002502,74.125.130.0-255,1484,190069,12,347398
20036,0.002517,74.125.130.0-255,3602,193671,12,347398
20037,0.002913,74.125.130.0-255,1484,195155,12,347398
20038,0.00293,74.125.130.0-255,1484,196639,12,347398
20039,0.002946,74.125.130.0-255,1484,198123,12,347398
20040,0.002949,74.125.130.0-255,1484,199607,12,347398
20041,0.002969,74.125.130.0-255,4320,203927,12,347398
20042,0.002989,74.125.130.0-255,2902,206829,12,347398
20043,0.003,74.125.130.0-255,2902,209731,12,347398
20044,0.00302,74.125.130.0-255,2902,212633,12,347398
20045,0.003043,74.125.130.0-255,1484,214117,12,347398
20046,0.003083,74.125.130.0-255,2902,217019,12,347398
20047,0.003106,74.125.130.0-255,2184,219203,12,347398
20048,0.00337,74.125.130.0-255,1484,220687,12,347398
20049,0.00339,74.125.130.0-255,2902,223589,12,347398
20050,0.003409,74.125.130.0-255,5738,229327,12,347398
20051,0.00343,74.125.130.0-255,7156,236483,12,347398
20052,0.003438,74.125.130.0-255,1484,237967,12,347398
20053,0.003452,74.125.130.0-255,1484,239451,12,347398
20054,0.00349,74.125.130.0-255,5020,244471,12,347398
20055,0.003494,74.125.130.0-255,1484,245955,12,347398
20056,0.003505,74.125.130.0-255,1484,247439,12,347398
20057,0.003518,74.125.130.0-255,2902,250341,12,347398
20058,0.003522,74.125.130.0-255,2902,253243,12,347398
20059,0.003538,74.125.130.0-255,2902,256145,12,347398
20060,0.003544,74.125.130.0-255,4320,260465,12,347398
20061,0.003558,74.125.130.0-255,2902,263367,12,347398
20062,0.003583,74.125.130.0-255,1484,264851,12,347398
20063,0.003637,74.125.130.0-255,5020,269871,12,347398
20064,0.003643,74.125.130.0-255,4320,274191,12,347398
20065,0.003656,74.125.130.0-255,1484,275675,12,347398
20066,0.003678,74.125.130.0-255,2902,278577,12,347398
20067,0.003747,74.125.130.0-255,1484,280061,12,347398
20068,0.003752,74.125.130.0-255,2902,282963,12,347398
20069,0.003776,74.125.130.0-255,5738,288701,12,347398
20070,0.003794,74.125.130.0-255,4320,293021,12,347398
20071,0.003808,74.125.130.0-255,2902,295923,12,347398
20072,0.003836,74.125.130.0-255,5738,301661,12,347398
20073,0.003854,74.125.130.0-255,7156,308817,12,347398
20074,0.003889,74.125.130.0-255,7156,315973,12,347398
20075,0.003909,74.125.130.0-255,6438,322411,12,347398
20076,0.003935,74.125.130.0-255,5738,328149,12,347398
20077,0.003958,74.125.130.0-255,7156,335305,12,347398
20078,0.003979,74.125.130.0-255,2902,338207,12,347398
20079,0.004035,74.125.130.0-255,3570,341777,12,347398
20080,0.004066,74.125.130.0-255,105,341882,12,347398
20081,0.005432,172.31.36.0-255,66,341948,12,347398
20082,0.007624,172.31.36.0-255,105,342053,12,347398
20083,0.010053,74.125.130.0-255,66,342119,12,347398
20084,0.033794,172.31.36.0-255,171,342290,12,347398
20085,0.03383,172.31.36.0-255,1134,343424,12,347398
20086,0.033894,172.31.36.0-255,1514,344938,12,347398
20087,0.033896,172.31.36.0-255,1514,346452,12,347398
20088,0.033897,172.31.36.0-255,682,347134,12,347398
20089,0.035332,104.244.42.0-255,66,347200,12,347398
20090,0.035437,104.244.42.0-255,66,347266,12,347398
20091,0.035513,104.244.42.0-255,66,347332,12,347398
20092,0.035531,104.244.42.0-255,66,347398,12,347398
20093,0.0,172.217.194.0-255,154,154,12,148929
20094,2.1e-05,172.31.36.0-255,66,220,12,148929
20095,2.9e-05,172.217.194.0-255,1484,1704,12,148929
20096,3.4e-05,172.31.36.0-255,66,1770,12,148929
20097,4e-05,172.217.194.0-255,2902,4672,12,148929
20098,4.4e-05,172.31.36.0-255,66,4738,12,148929
20099,5.2e-05,172.217.194.0-255,7156,11894,12,148929
20100,5.5e-05,172.31.36.0-255,66,11960,12,148929
20101,5.9e-05,172.217.194.0-255,2148,14108,12,148929
20102,6.2e-05,172.31.36.0-255,66,14174,12,148929
20103,0.000102,172.217.194.0-255,4320,18494,12,148929
20104,0.000107,172.31.36.0-255,66,18560,12,148929
20105,0.000127,172.217.194.0-255,7156,25716,12,148929
20106,0.00013,172.31.36.0-255,66,25782,12,148929
20107,0.000141,172.31.36.0-255,66,25848,12,148929
20108,0.000164,172.217.194.0-255,4320,30168,12,148929
20109,0.000166,172.31.36.0-255,66,30234,12,148929
20110,0.000197,172.31.36.0-255,66,30300,12,148929
20111,0.000203,172.217.194.0-255,4320,34620,12,148929
20112,0.000205,172.31.36.0-255,66,34686,12,148929
20113,0.000229,172.31.36.0-255,66,34752,12,148929
20114,0.000234,172.217.194.0-255,2543,37295,12,148929
20115,0.000236,172.31.36.0-255,66,37361,12,148929
20116,0.000335,172.217.194.0-255,362,37723,12,148929
20117,0.000339,172.31.36.0-255,66,37789,12,148929
20118,0.000343,172.217.194.0-255,382,38171,12,148929
20119,0.000345,172.31.36.0-255,66,38237,12,148929
20120,0.000478,172.217.194.0-255,1484,39721,12,148929
20121,0.000483,172.31.36.0-255,66,39787,12,148929
20122,0.000489,172.217.194.0-255,2902,42689,12,148929
20123,0.000492,172.31.36.0-255,66,42755,12,148929
20124,0.000495,172.217.194.0-255,1484,44239,12,148929
20125,0.000513,172.217.194.0-255,4320,48559,12,148929
20126,0.000516,172.31.36.0-255,66,48625,12,148929
20127,0.000541,172.217.194.0-255,1484,50109,12,148929
20128,0.00056,172.217.194.0-255,5379,55488,12,148929
20129,0.000563,172.31.36.0-255,66,55554,12,148929
20130,0.00057,172.217.194.0-255,7156,62710,12,148929
20131,0.000573,172.31.36.0-255,66,62776,12,148929
20132,0.000577,172.217.194.0-255,2902,65678,12,148929
20133,0.000579,172.31.36.0-255,66,65744,12,148929
20134,0.000607,172.217.194.0-255,6247,71991,12,148929
20135,0.00061,172.31.36.0-255,66,72057,12,148929
20136,0.001018,172.217.194.0-255,1484,73541,12,148929
20137,0.001025,172.217.194.0-255,2902,76443,12,148929
20138,0.001028,172.31.36.0-255,66,76509,12,148929
20139,0.001053,172.217.194.0-255,5738,82247,12,148929
20140,0.001056,172.31.36.0-255,66,82313,12,148929
20141,0.001069,172.31.36.0-255,66,82379,12,148929
20142,0.001097,172.217.194.0-255,2902,85281,12,148929
20143,0.001099,172.31.36.0-255,66,85347,12,148929
20144,0.001112,172.31.36.0-255,66,85413,12,148929
20145,0.001736,172.217.194.0-255,1484,86897,12,148929
20146,0.001743,172.217.194.0-255,2902,89799,12,148929
20147,0.001747,172.31.36.0-255,66,89865,12,148929
20148,0.001754,172.217.194.0-255,4320,94185,12,148929
20149,0.001756,172.31.36.0-255,66,94251,12,148929
20150,0.001769,172.217.194.0-255,1484,95735,12,148929
20151,0.001772,172.217.194.0-255,1484,97219,12,148929
20152,0.001774,172.31.36.0-255,66,97285,12,148929
20153,0.001786,172.31.36.0-255,66,97351,12,148929
20154,0.001823,172.31.36.0-255,66,97417,12,148929
20155,0.001843,172.217.194.0-255,5020,102437,12,148929
20156,0.001846,172.31.36.0-255,66,102503,12,148929
20157,0.001869,172.217.194.0-255,5738,108241,12,148929
20158,0.001873,172.31.36.0-255,66,108307,12,148929
20159,0.001897,172.217.194.0-255,7156,115463,12,148929
20160,0.0019,172.31.36.0-255,66,115529,12,148929
20161,0.001914,172.31.36.0-255,66,115595,12,148929
20162,0.001921,172.217.194.0-255,5738,121333,12,148929
20163,0.001923,172.31.36.0-255,66,121399,12,148929
20164,0.001952,172.31.36.0-255,66,121465,12,148929
20165,0.00197,172.31.36.0-255,66,121531,12,148929
20166,0.001976,172.217.194.0-255,3602,125133,12,148929
20167,0.001978,172.31.36.0-255,66,125199,12,148929
20168,0.002036,172.31.36.0-255,66,125265,12,148929
20169,0.002059,172.217.194.0-255,4320,129585,12,148929
20170,0.002061,172.31.36.0-255,66,129651,12,148929
20171,0.002071,172.217.194.0-255,2902,132553,12,148929
20172,0.002073,172.31.36.0-255,66,132619,12,148929
20173,0.002115,172.31.36.0-255,66,132685,12,148929
20174,0.002119,172.217.194.0-255,1484,134169,12,148929
20175,0.002138,172.31.36.0-255,66,134235,12,148929
20176,0.00215,172.31.36.0-255,66,134301,12,148929
20177,0.002233,172.31.36.0-255,66,134367,12,148929
20178,0.002246,172.31.36.0-255,66,134433,12,148929
20179,0.00226,172.217.194.0-255,2902,137335,12,148929
20180,0.002327,172.31.36.0-255,66,137401,12,148929
20181,0.002353,172.217.194.0-255,6438,143839,12,148929
20182,0.002356,172.217.194.0-255,1484,145323,12,148929
20183,0.002361,172.217.194.0-255,3264,148587,12,148929
20184,0.002375,172.217.194.0-255,105,148692,12,148929
20185,0.0024,172.31.36.0-255,66,148758,12,148929
20186,0.004527,172.31.36.0-255,105,148863,12,148929
20187,0.006768,172.217.194.0-255,66,148929,12,148929
20188,0.0,74.125.68.0-255,153,153,12,241484
20189,2.2e-05,172.31.36.0-255,66,219,12,241484
20190,4.8e-05,74.125.68.0-255,1484,1703,12,241484
20191,5.2e-05,172.31.36.0-255,66,1769,12,241484
20192,8.8e-05,74.125.68.0-255,1484,3253,12,241484
20193,9e-05,172.31.36.0-255,66,3319,12,241484
20194,0.000108,74.125.68.0-255,2902,6221,12,241484
20195,0.000111,172.31.36.0-255,66,6287,12,241484
20196,0.000129,74.125.68.0-255,1484,7771,12,241484
20197,0.000131,172.31.36.0-255,66,7837,12,241484
20198,0.000159,74.125.68.0-255,2902,10739,12,241484
20199,0.000162,172.31.36.0-255,66,10805,12,241484
20200,0.000168,74.125.68.0-255,4884,15689,12,241484
20201,0.000171,172.31.36.0-255,66,15755,12,241484
20202,0.000174,74.125.68.0-255,1484,17239,12,241484
20203,0.000178,172.31.36.0-255,66,17305,12,241484
20204,0.000213,172.31.36.0-255,66,17371,12,241484
20205,0.00023,74.125.68.0-255,4320,21691,12,241484
20206,0.000233,172.31.36.0-255,66,21757,12,241484
20207,0.000251,74.125.68.0-255,1125,22882,12,241484
20208,0.000253,172.31.36.0-255,66,22948,12,241484
20209,0.000431,74.125.68.0-255,1484,24432,12,241484
20210,0.000435,172.31.36.0-255,66,24498,12,241484
20211,0.000452,74.125.68.0-255,2902,27400,12,241484
20212,0.000455,172.31.36.0-255,66,27466,12,241484
20213,0.000462,74.125.68.0-255,4320,31786,12,241484
20214,0.000464,172.31.36.0-255,66,31852,12,241484
20215,0.000484,74.125.68.0-255,1484,33336,12,241484
20216,0.000487,172.31.36.0-255,66,33402,12,241484
20217,0.000493,74.125.68.0-255,5738,39140,12,241484
20218,0.000495,172.31.36.0-255,66,39206,12,241484
20219,0.000498,74.125.68.0-255,1484,40690,12,241484
20220,0.000523,74.125.68.0-255,5738,46428,12,241484
20221,0.000525,172.31.36.0-255,66,46494,12,241484
20222,0.000561,172.31.36.0-255,66,46560,12,241484
20223,0.000637,74.125.68.0-255,396,46956,12,241484
20224,0.00066,74.125.68.0-255,115,47071,12,241484
20225,0.000987,74.125.68.0-255,1484,48555,12,241484
20226,0.000992,172.31.36.0-255,66,48621,12,241484
20227,0.000998,74.125.68.0-255,2902,51523,12,241484
20228,0.001,172.31.36.0-255,66,51589,12,241484
20229,0.001026,74.125.68.0-255,5738,57327,12,241484
20230,0.001029,172.31.36.0-255,66,57393,12,241484
20231,0.001036,74.125.68.0-255,5738,63131,12,241484
20232,0.001037,172.31.36.0-255,66,63197,12,241484
20233,0.001053,74.125.68.0-255,4320,67517,12,241484
20234,0.001055,172.31.36.0-255,66,67583,12,241484
20235,0.001078,74.125.68.0-255,2902,70485,12,241484
20236,0.00108,172.31.36.0-255,66,70551,12,241484
20237,0.001085,74.125.68.0-255,2902,73453,12,241484
20238,0.001088,172.31.36.0-255,66,73519,12,241484
20239,0.001114,172.31.36.0-255,66,73585,12,241484
20240,0.002202,74.125.68.0-255,1484,75069,12,241484
20241,0.002214,74.125.68.0-255,2902,77971,12,241484
20242,0.002219,172.31.36.0-255,66,78037,12,241484
20243,0.002227,74.125.68.0-255,5738,83775,12,241484
20244,0.002229,172.31.36.0-255,66,83841,12,241484
20245,0.002247,74.125.68.0-255,2902,86743,12,241484
20246,0.002249,172.31.36.0-255,66,86809,12,241484
20247,0.002284,172.31.36.0-255,66,86875,12,241484
20248,0.002324,74.125.68.0-255,5738,92613,12,241484
20249,0.002326,172.31.36.0-255,66,92679,12,241484
20250,0.002345,74.125.68.0-255,5020,97699,12,241484
20251,0.002348,172.31.36.0-255,66,97765,12,241484
20252,0.004683,74.125.68.0-255,5738,103503,12,241484
20253,0.004687,172.31.36.0-255,66,103569,12,241484
20254,0.007153,74.125.68.0-255,5738,109307,12,241484
20255,0.007159,172.31.36.0-255,66,109373,12,241484
20256,0.009494,74.125.68.0-255,5738,115111,12,241484
20257,0.009502,172.31.36.0-255,66,115177,12,241484
20258,0.01185,74.125.68.0-255,5738,120915,12,241484
20259,0.011858,172.31.36.0-255,66,120981,12,241484
20260,0.014199,74.125.68.0-255,5738,126719,12,241484
20261,0.014209,172.31.36.0-255,66,126785,12,241484
20262,0.01654,74.125.68.0-255,5738,132523,12,241484
20263,0.016546,172.31.36.0-255,66,132589,12,241484
20264,0.018895,74.125.68.0-255,5738,138327,12,241484
20265,0.018908,172.31.36.0-255,66,138393,12,241484
20266,0.021247,74.125.68.0-255,5738,144131,12,241484
20267,0.021255,172.31.36.0-255,66,144197,12,241484
20268,0.023599,74.125.68.0-255,5738,149935,12,241484
20269,0.023607,172.31.36.0-255,66,150001,12,241484
20270,0.025944,74.125.68.0-255,5738,155739,12,241484
20271,0.025951,172.31.36.0-255,66,155805,12,241484
20272,0.027002,172.31.36.0-255,172,155977,12,241484
20273,0.027057,172.31.36.0-255,1106,157083,12,241484
20274,0.027107,172.31.36.0-255,1514,158597,12,241484
20275,0.027108,172.31.36.0-255,1301,159898,12,241484
20276,0.028314,74.125.68.0-255,5738,165636,12,241484
20277,0.02832,172.31.36.0-255,66,165702,12,241484
20278,0.028552,104.244.42.0-255,66,165768,12,241484
20279,0.028596,104.244.42.0-255,66,165834,12,241484
20280,0.028693,104.244.42.0-255,66,165900,12,241484
20281,0.030661,74.125.68.0-255,5738,171638,12,241484
20282,0.030668,172.31.36.0-255,66,171704,12,241484
20283,0.033003,74.125.68.0-255,5738,177442,12,241484
20284,0.033009,172.31.36.0-255,66,177508,12,241484
20285,0.035347,74.125.68.0-255,5738,183246,12,241484
20286,0.035353,172.31.36.0-255,66,183312,12,241484
20287,0.037715,74.125.68.0-255,5738,189050,12,241484
20288,0.037723,172.31.36.0-255,66,189116,12,241484
20289,0.040074,74.125.68.0-255,5738,194854,12,241484
20290,0.040084,172.31.36.0-255,66,194920,12,241484
20291,0.042428,74.125.68.0-255,5738,200658,12,241484
20292,0.042434,172.31.36.0-255,66,200724,12,241484
20293,0.044787,74.125.68.0-255,5738,206462,12,241484
20294,0.044793,172.31.36.0-255,66,206528,12,241484
20295,0.047133,74.125.68.0-255,5738,212266,12,241484
20296,0.047139,172.31.36.0-255,66,212332,12,241484
20297,0.04948,74.125.68.0-255,5738,218070,12,241484
20298,0.049486,172.31.36.0-255,66,218136,12,241484
20299,0.051821,74.125.68.0-255,5738,223874,12,241484
20300,0.051828,172.31.36.0-255,66,223940,12,241484
20301,0.05418,74.125.68.0-255,5738,229678,12,241484
20302,0.054188,172.31.36.0-255,66,229744,12,241484
20303,0.056538,74.125.68.0-255,2902,232646,12,241484
20304,0.056545,172.31.36.0-255,66,232712,12,241484
20305,0.056563,74.125.68.0-255,2902,235614,12,241484
20306,0.056567,172.31.36.0-255,66,235680,12,241484
20307,0.058905,74.125.68.0-255,5738,241418,12,241484
20308,0.058914,172.31.36.0-255,66,241484,12,241484
20309,0.0,74.125.68.0-255,153,153,12,265617
20310,3.3e-05,172.31.36.0-255,66,219,12,265617
20311,4.1e-05,74.125.68.0-255,1484,1703,12,265617
20312,4.5e-05,172.31.36.0-255,66,1769,12,265617
20313,5.8e-05,74.125.68.0-255,2902,4671,12,265617
20314,6e-05,172.31.36.0-255,66,4737,12,265617
20315,6.6e-05,74.125.68.0-255,5738,10475,12,265617
20316,6.9e-05,172.31.36.0-255,66,10541,12,265617
20317,0.000101,74.125.68.0-255,2902,13443,12,265617
20318,0.000104,172.31.36.0-255,66,13509,12,265617
20319,0.000136,74.125.68.0-255,3478,16987,12,265617
20320,0.000139,172.31.36.0-255,66,17053,12,265617
20321,0.000143,74.125.68.0-255,1484,18537,12,265617
20322,0.000145,172.31.36.0-255,66,18603,12,265617
20323,0.000148,74.125.68.0-255,1484,20087,12,265617
20324,0.000149,172.31.36.0-255,66,20153,12,265617
20325,0.000187,172.31.36.0-255,66,20219,12,265617
20326,0.000192,74.125.68.0-255,2543,22762,12,265617
20327,0.000194,172.31.36.0-255,66,22828,12,265617
20328,0.000339,74.125.68.0-255,1484,24312,12,265617
20329,0.000344,172.31.36.0-255,66,24378,12,265617
20330,0.00035,74.125.68.0-255,2902,27280,12,265617
20331,0.000355,172.31.36.0-255,66,27346,12,265617
20332,0.000376,74.125.68.0-255,5738,33084,12,265617
20333,0.000379,172.31.36.0-255,66,33150,12,265617
20334,0.00041,74.125.68.0-255,6797,39947,12,265617
20335,0.000414,172.31.36.0-255,66,40013,12,265617
20336,0.00043,74.125.68.0-255,1484,41497,12,265617
20337,0.000434,172.31.36.0-255,66,41563,12,265617
20338,0.000453,74.125.68.0-255,2902,44465,12,265617
20339,0.000455,172.31.36.0-255,66,44531,12,265617
20340,0.000482,74.125.68.0-255,4320,48851,12,265617
20341,0.000485,172.31.36.0-255,66,48917,12,265617
20342,0.000515,74.125.68.0-255,5738,54655,12,265617
20343,0.000518,172.31.36.0-255,66,54721,12,265617
20344,0.000523,74.125.68.0-255,2543,57264,12,265617
20345,0.000525,172.31.36.0-255,66,57330,12,265617
20346,0.000678,74.125.68.0-255,397,57727,12,265617
20347,0.000753,74.125.68.0-255,348,58075,12,265617
20348,0.000838,172.31.36.0-255,66,58141,12,265617
20349,0.001312,74.125.68.0-255,1484,59625,12,265617
20350,0.001321,74.125.68.0-255,1484,61109,12,265617
20351,0.001326,172.31.36.0-255,66,61175,12,265617
20352,0.001368,74.125.68.0-255,2902,64077,12,265617
20353,0.001372,172.31.36.0-255,66,64143,12,265617
20354,0.001381,74.125.68.0-255,5738,69881,12,265617
20355,0.001383,172.31.36.0-255,66,69947,12,265617
20356,0.001395,74.125.68.0-255,5738,75685,12,265617
20357,0.001397,172.31.36.0-255,66,75751,12,265617
20358,0.001404,74.125.68.0-255,7156,82907,12,265617
20359,0.001406,172.31.36.0-255,66,82973,12,265617
20360,0.001455,172.31.36.0-255,66,83039,12,265617
20361,0.001927,74.125.68.0-255,1484,84523,12,265617
20362,0.001949,74.125.68.0-255,2902,87425,12,265617
20363,0.001951,172.31.36.0-255,66,87491,12,265617
20364,0.00198,74.125.68.0-255,5738,93229,12,265617
20365,0.001982,172.31.36.0-255,66,93295,12,265617
20366,0.001985,74.125.68.0-255,1484,94779,12,265617
20367,0.002007,74.125.68.0-255,2902,97681,12,265617
20368,0.002009,172.31.36.0-255,66,97747,12,265617
20369,0.002014,74.125.68.0-255,4320,102067,12,265617
20370,0.002015,172.31.36.0-255,66,102133,12,265617
20371,0.002031,74.125.68.0-255,1484,103617,12,265617
20372,0.002038,74.125.68.0-255,7156,110773,12,265617
20373,0.002045,172.31.36.0-255,66,110839,12,265617
20374,0.002083,74.125.68.0-255,1484,112323,12,265617
20375,0.002104,74.125.68.0-255,5020,117343,12,265617
20376,0.002107,172.31.36.0-255,66,117409,12,265617
20377,0.004331,74.125.68.0-255,5738,123147,12,265617
20378,0.004336,172.31.36.0-255,66,123213,12,265617
20379,0.006558,74.125.68.0-255,5738,128951,12,265617
20380,0.006564,172.31.36.0-255,66,129017,12,265617
20381,0.0088,74.125.68.0-255,5738,134755,12,265617
20382,0.008806,172.31.36.0-255,66,134821,12,265617
20383,0.011034,74.125.68.0-255,5738,140559,12,265617
20384,0.011041,172.31.36.0-255,66,140625,12,265617
20385,0.013273,74.125.68.0-255,5738,146363,12,265617
20386,0.013282,172.31.36.0-255,66,146429,12,265617
20387,0.015511,74.125.68.0-255,5738,152167,12,265617
20388,0.015519,172.31.36.0-255,66,152233,12,265617
20389,0.017739,74.125.68.0-255,5738,157971,12,265617
20390,0.017746,172.31.36.0-255,66,158037,12,265617
20391,0.019975,74.125.68.0-255,5738,163775,12,265617
20392,0.019983,172.31.36.0-255,66,163841,12,265617
20393,0.022222,74.125.68.0-255,5738,169579,12,265617
20394,0.022236,172.31.36.0-255,66,169645,12,265617
20395,0.022388,172.31.36.0-255,101,169746,12,265617
20396,0.024464,74.125.68.0-255,5738,175484,12,265617
20397,0.02447,172.31.36.0-255,66,175550,12,265617
20398,0.024564,74.125.68.0-255,66,175616,12,265617
20399,0.026377,172.31.36.0-255,172,175788,12,265617
20400,0.026406,172.31.36.0-255,1108,176896,12,265617
20401,0.026455,172.31.36.0-255,1514,178410,12,265617
20402,0.026457,172.31.36.0-255,1301,179711,12,265617
20403,0.026694,74.125.68.0-255,5738,185449,12,265617
20404,0.0267,172.31.36.0-255,66,185515,12,265617
20405,0.027908,104.244.42.0-255,66,185581,12,265617
20406,0.027935,104.244.42.0-255,66,185647,12,265617
20407,0.028021,104.244.42.0-255,66,185713,12,265617
20408,0.028937,74.125.68.0-255,5738,191451,12,265617
20409,0.028941,172.31.36.0-255,66,191517,12,265617
20410,0.031169,74.125.68.0-255,5738,197255,12,265617
20411,0.031175,172.31.36.0-255,66,197321,12,265617
20412,0.033399,74.125.68.0-255,5738,203059,12,265617
20413,0.033405,172.31.36.0-255,66,203125,12,265617
20414,0.035667,74.125.68.0-255,5738,208863,12,265617
20415,0.035674,172.31.36.0-255,66,208929,12,265617
20416,0.0379,74.125.68.0-255,5738,214667,12,265617
20417,0.037905,172.31.36.0-255,66,214733,12,265617
20418,0.040136,74.125.68.0-255,5738,220471,12,265617
20419,0.040155,172.31.36.0-255,66,220537,12,265617
20420,0.042381,74.125.68.0-255,5738,226275,12,265617
20421,0.042387,172.31.36.0-255,66,226341,12,265617
20422,0.044612,74.125.68.0-255,4320,230661,12,265617
20423,0.044618,172.31.36.0-255,66,230727,12,265617
20424,0.044654,74.125.68.0-255,1484,232211,12,265617
20425,0.046851,74.125.68.0-255,4320,236531,12,265617
20426,0.046857,172.31.36.0-255,66,236597,12,265617
20427,0.049099,74.125.68.0-255,5738,242335,12,265617
20428,0.049116,172.31.36.0-255,66,242401,12,265617
20429,0.051383,74.125.68.0-255,5738,248139,12,265617
20430,0.051406,172.31.36.0-255,66,248205,12,265617
20431,0.053654,74.125.68.0-255,5738,253943,12,265617
20432,0.053671,172.31.36.0-255,66,254009,12,265617
20433,0.055905,74.125.68.0-255,5738,259747,12,265617
20434,0.055916,172.31.36.0-255,66,259813,12,265617
20435,0.058146,74.125.68.0-255,5738,265551,12,265617
20436,0.058153,172.31.36.0-255,66,265617,12,265617
20437,0.0,74.125.130.0-255,153,153,12,369445
20438,2.3e-05,172.31.36.0-255,66,219,12,369445
20439,3.1e-05,74.125.130.0-255,1484,1703,12,369445
20440,3.5e-05,172.31.36.0-255,66,1769,12,369445
20441,4.1e-05,74.125.130.0-255,2902,4671,12,369445
20442,4.3e-05,172.31.36.0-255,66,4737,12,369445
20443,4.7e-05,74.125.130.0-255,1484,6221,12,369445
20444,5e-05,172.31.36.0-255,66,6287,12,369445
20445,7.2e-05,74.125.130.0-255,2902,9189,12,369445
20446,7.5e-05,172.31.36.0-255,66,9255,12,369445
20447,9.3e-05,74.125.130.0-255,2902,12157,12,369445
20448,9.6e-05,172.31.36.0-255,66,12223,12,369445
20449,0.000126,74.125.130.0-255,6289,18512,12,369445
20450,0.000129,172.31.36.0-255,66,18578,12,369445
20451,0.000134,74.125.130.0-255,4320,22898,12,369445
20452,0.000136,172.31.36.0-255,66,22964,12,369445
20453,0.000161,74.125.130.0-255,2902,25866,12,369445
20454,0.000164,172.31.36.0-255,66,25932,12,369445
20455,0.000186,74.125.130.0-255,5379,31311,12,369445
20456,0.000188,172.31.36.0-255,66,31377,12,369445
20457,0.000282,74.125.130.0-255,1484,32861,12,369445
20458,0.000286,172.31.36.0-255,66,32927,12,369445
20459,0.00029,74.125.130.0-255,1484,34411,12,369445
20460,0.000292,172.31.36.0-255,66,34477,12,369445
20461,0.000307,74.125.130.0-255,2902,37379,12,369445
20462,0.00031,172.31.36.0-255,66,37445,12,369445
20463,0.000335,74.125.130.0-255,5738,43183,12,369445
20464,0.000338,172.31.36.0-255,66,43249,12,369445
20465,0.00036,74.125.130.0-255,6797,50046,12,369445
20466,0.000362,172.31.36.0-255,66,50112,12,369445
20467,0.000367,74.125.130.0-255,2902,53014,12,369445
20468,0.00037,172.31.36.0-255,66,53080,12,369445
20469,0.000385,74.125.130.0-255,4320,57400,12,369445
20470,0.000387,172.31.36.0-255,66,57466,12,369445
20471,0.000405,74.125.130.0-255,7156,64622,12,369445
20472,0.000407,172.31.36.0-255,66,64688,12,369445
20473,0.00042,74.125.130.0-255,1125,65813,12,369445
20474,0.000715,74.125.130.0-255,343,66156,12,369445
20475,0.001062,172.31.36.0-255,66,66222,12,369445
20476,0.001079,74.125.130.0-255,116,66338,12,369445
20477,0.001098,172.31.36.0-255,66,66404,12,369445
20478,0.001127,74.125.130.0-255,1484,67888,12,369445
20479,0.001149,74.125.130.0-255,2902,70790,12,369445
20480,0.001152,172.31.36.0-255,66,70856,12,369445
20481,0.001173,74.125.130.0-255,4320,75176,12,369445
20482,0.001175,172.31.36.0-255,66,75242,12,369445
20483,0.001211,74.125.130.0-255,5738,80980,12,369445
20484,0.001214,172.31.36.0-255,66,81046,12,369445
20485,0.001233,74.125.130.0-255,2902,83948,12,369445
20486,0.001235,172.31.36.0-255,66,84014,12,369445
20487,0.001264,74.125.130.0-255,4320,88334,12,369445
20488,0.001266,172.31.36.0-255,66,88400,12,369445
20489,0.001285,74.125.130.0-255,5738,94138,12,369445
20490,0.001288,172.31.36.0-255,66,94204,12,369445
20491,0.00129,74.125.130.0-255,1484,95688,12,369445
20492,0.001295,74.125.130.0-255,2902,98590,12,369445
20493,0.001297,172.31.36.0-255,66,98656,12,369445
20494,0.001314,74.125.130.0-255,2184,100840,12,369445
20495,0.001316,172.31.36.0-255,66,100906,12,369445
20496,0.001546,74.125.130.0-255,1484,102390,12,369445
20497,0.001557,74.125.130.0-255,1484,103874,12,369445
20498,0.001562,172.31.36.0-255,66,103940,12,369445
20499,0.001574,74.125.130.0-255,2902,106842,12,369445
20500,0.001576,172.31.36.0-255,66,106908,12,369445
20501,0.001599,74.125.130.0-255,1484,108392,12,369445
20502,0.001623,74.125.130.0-255,4320,112712,12,369445
20503,0.001626,172.31.36.0-255,66,112778,12,369445
20504,0.001629,74.125.130.0-255,1484,114262,12,369445
20505,0.001664,172.31.36.0-255,66,114328,12,369445
20506,0.001667,74.125.130.0-255,1484,115812,12,369445
20507,0.00167,74.125.130.0-255,1484,117296,12,369445
20508,0.001672,172.31.36.0-255,66,117362,12,369445
20509,0.001684,74.125.130.0-255,1484,118846,12,369445
20510,0.001701,74.125.130.0-255,2902,121748,12,369445
20511,0.001704,172.31.36.0-255,66,121814,12,369445
20512,0.001723,74.125.130.0-255,2902,124716,12,369445
20513,0.001726,172.31.36.0-255,66,124782,12,369445
20514,0.001729,74.125.130.0-255,1484,126266,12,369445
20515,0.001745,74.125.130.0-255,2184,128450,12,369445
20516,0.001747,172.31.36.0-255,66,128516,12,369445
20517,0.001762,74.125.130.0-255,1484,130000,12,369445
20518,0.001783,74.125.130.0-255,2902,132902,12,369445
20519,0.001785,172.31.36.0-255,66,132968,12,369445
20520,0.001804,74.125.130.0-255,5738,138706,12,369445
20521,0.001806,172.31.36.0-255,66,138772,12,369445
20522,0.00181,74.125.130.0-255,1484,140256,12,369445
20523,0.00183,74.125.130.0-255,2902,143158,12,369445
20524,0.001833,172.31.36.0-255,66,143224,12,369445
20525,0.001852,74.125.130.0-255,2902,146126,12,369445
20526,0.001854,172.31.36.0-255,66,146192,12,369445
20527,0.001873,74.125.130.0-255,2902,149094,12,369445
20528,0.001875,74.125.130.0-255,1484,150578,12,369445
20529,0.001878,172.31.36.0-255,66,150644,12,369445
20530,0.001921,172.31.36.0-255,66,150710,12,369445
20531,0.001925,74.125.130.0-255,2184,152894,12,369445
20532,0.001927,172.31.36.0-255,66,152960,12,369445
20533,0.002015,74.125.130.0-255,1484,154444,12,369445
20534,0.002034,74.125.130.0-255,2902,157346,12,369445
20535,0.002037,172.31.36.0-255,66,157412,12,369445
20536,0.00206,74.125.130.0-255,5738,163150,12,369445
20537,0.002062,172.31.36.0-255,66,163216,12,369445
20538,0.002066,74.125.130.0-255,2902,166118,12,369445
20539,0.002068,172.31.36.0-255,66,166184,12,369445
20540,0.002093,74.125.130.0-255,4320,170504,12,369445
20541,0.002097,172.31.36.0-255,66,170570,12,369445
20542,0.002107,74.125.130.0-255,4320,174890,12,369445
20543,0.002109,172.31.36.0-255,66,174956,12,369445
20544,0.002128,74.125.130.0-255,4320,179276,12,369445
20545,0.00213,172.31.36.0-255,66,179342,12,369445
20546,0.002137,74.125.130.0-255,5738,185080,12,369445
20547,0.002139,172.31.36.0-255,66,185146,12,369445
20548,0.002193,74.125.130.0-255,2184,187330,12,369445
20549,0.002197,172.31.36.0-255,66,187396,12,369445
20550,0.00228,74.125.130.0-255,1484,188880,12,369445
20551,0.0023,74.125.130.0-255,2902,191782,12,369445
20552,0.002304,172.31.36.0-255,66,191848,12,369445
20553,0.00231,74.125.130.0-255,5738,197586,12,369445
20554,0.002313,172.31.36.0-255,66,197652,12,369445
20555,0.002316,74.125.130.0-255,1484,199136,12,369445
20556,0.00234,74.125.130.0-255,5738,204874,12,369445
20557,0.002343,172.31.36.0-255,66,204940,12,369445
20558,0.00235,74.125.130.0-255,5738,210678,12,369445
20559,0.002352,172.31.36.0-255,66,210744,12,369445
20560,0.002379,74.125.130.0-255,2902,213646,12,369445
20561,0.00239,172.31.36.0-255,66,213712,12,369445
20562,0.002393,172.31.36.0-255,66,213778,12,369445
20563,0.002412,74.125.130.0-255,5738,219516,12,369445
20564,0.002415,172.31.36.0-255,66,219582,12,369445
20565,0.002442,74.125.130.0-255,2902,222484,12,369445
20566,0.002445,172.31.36.0-255,66,222550,12,369445
20567,0.002455,74.125.130.0-255,2902,225452,12,369445
20568,0.002458,172.31.36.0-255,66,225518,12,369445
20569,0.002463,74.125.130.0-255,4320,229838,12,369445
20570,0.002465,172.31.36.0-255,66,229904,12,369445
20571,0.002483,74.125.130.0-255,4320,234224,12,369445
20572,0.002486,172.31.36.0-255,66,234290,12,369445
20573,0.00251,74.125.130.0-255,4320,238610,12,369445
20574,0.002512,172.31.36.0-255,66,238676,12,369445
20575,0.002525,172.31.36.0-255,66,238742,12,369445
20576,0.002612,74.125.130.0-255,1484,240226,12,369445
20577,0.002634,74.125.130.0-255,1484,241710,12,369445
20578,0.002638,172.31.36.0-255,66,241776,12,369445
20579,0.005124,74.125.130.0-255,2902,244678,12,369445
20580,0.005132,172.31.36.0-255,66,244744,12,369445
20581,0.005232,74.125.130.0-255,1484,246228,12,369445
20582,0.005247,74.125.130.0-255,1484,247712,12,369445
20583,0.00525,172.31.36.0-255,66,247778,12,369445
20584,0.007733,74.125.130.0-255,2902,250680,12,369445
20585,0.007737,172.31.36.0-255,66,250746,12,369445
20586,0.007834,74.125.130.0-255,1484,252230,12,369445
20587,0.007854,74.125.130.0-255,1484,253714,12,369445
20588,0.007856,172.31.36.0-255,66,253780,12,369445
20589,0.010345,74.125.130.0-255,2902,256682,12,369445
20590,0.010352,172.31.36.0-255,66,256748,12,369445
20591,0.010468,74.125.130.0-255,2902,259650,12,369445
20592,0.010473,172.31.36.0-255,66,259716,12,369445
20593,0.012968,74.125.130.0-255,2902,262618,12,369445
20594,0.012976,172.31.36.0-255,66,262684,12,369445
20595,0.01308,74.125.130.0-255,2902,265586,12,369445
20596,0.013085,172.31.36.0-255,66,265652,12,369445
20597,0.015596,74.125.130.0-255,2902,268554,12,369445
20598,0.015606,172.31.36.0-255,66,268620,12,369445
20599,0.015678,74.125.130.0-255,2902,271522,12,369445
20600,0.015688,172.31.36.0-255,66,271588,12,369445
20601,0.018231,74.125.130.0-255,2902,274490,12,369445
20602,0.018244,172.31.36.0-255,66,274556,12,369445
20603,0.018293,74.125.130.0-255,2902,277458,12,369445
20604,0.018296,172.31.36.0-255,66,277524,12,369445
20605,0.020872,74.125.130.0-255,2902,280426,12,369445
20606,0.020881,172.31.36.0-255,66,280492,12,369445
20607,0.020941,74.125.130.0-255,2902,283394,12,369445
20608,0.020945,172.31.36.0-255,66,283460,12,369445
20609,0.023493,74.125.130.0-255,2902,286362,12,369445
20610,0.023501,172.31.36.0-255,66,286428,12,369445
20611,0.023545,74.125.130.0-255,2902,289330,12,369445
20612,0.023548,172.31.36.0-255,66,289396,12,369445
20613,0.026125,74.125.130.0-255,2902,292298,12,369445
20614,0.026135,172.31.36.0-255,66,292364,12,369445
20615,0.026158,74.125.130.0-255,2902,295266,12,369445
20616,0.026161,172.31.36.0-255,66,295332,12,369445
20617,0.028768,74.125.130.0-255,5738,301070,12,369445
20618,0.028776,172.31.36.0-255,66,301136,12,369445
20619,0.031433,74.125.130.0-255,5738,306874,12,369445
20620,0.031441,172.31.36.0-255,66,306940,12,369445
20621,0.032497,172.31.36.0-255,172,307112,12,369445
20622,0.03253,172.31.36.0-255,1107,308219,12,369445
20623,0.032593,172.31.36.0-255,1514,309733,12,369445
20624,0.032595,172.31.36.0-255,1300,311033,12,369445
20625,0.034054,74.125.130.0-255,5738,316771,12,369445
20626,0.034062,172.31.36.0-255,66,316837,12,369445
20627,0.034082,104.244.42.0-255,66,316903,12,369445
20628,0.034089,104.244.42.0-255,66,316969,12,369445
20629,0.034183,104.244.42.0-255,66,317035,12,369445
20630,0.036113,104.244.42.0-255,108,317143,12,369445
20631,0.036121,172.31.36.0-255,66,317209,12,369445
20632,0.036667,74.125.130.0-255,5738,322947,12,369445
20633,0.036672,172.31.36.0-255,66,323013,12,369445
20634,0.039327,74.125.130.0-255,5738,328751,12,369445
20635,0.039336,172.31.36.0-255,66,328817,12,369445
20636,0.041964,74.125.130.0-255,5738,334555,12,369445
20637,0.041971,172.31.36.0-255,66,334621,12,369445
20638,0.044595,74.125.130.0-255,5738,340359,12,369445
20639,0.044602,172.31.36.0-255,66,340425,12,369445
20640,0.04722,74.125.130.0-255,5738,346163,12,369445
20641,0.047231,172.31.36.0-255,66,346229,12,369445
20642,0.049843,74.125.130.0-255,5738,351967,12,369445
20643,0.049849,172.31.36.0-255,66,352033,12,369445
20644,0.052495,74.125.130.0-255,5738,357771,12,369445
20645,0.052502,172.31.36.0-255,66,357837,12,369445
20646,0.055134,74.125.130.0-255,5738,363575,12,369445
20647,0.055144,172.31.36.0-255,66,363641,12,369445
20648,0.057769,74.125.130.0-255,5738,369379,12,369445
20649,0.057774,172.31.36.0-255,66,369445,12,369445
20650,0.0,172.217.194.0-255,153,153,12,268490
20651,2.7e-05,172.31.36.0-255,66,219,12,268490
20652,3.3e-05,172.217.194.0-255,1484,1703,12,268490
20653,3.7e-05,172.31.36.0-255,66,1769,12,268490
20654,4.2e-05,172.217.194.0-255,2902,4671,12,268490
20655,4.5e-05,172.31.36.0-255,66,4737,12,268490
20656,4.7e-05,172.217.194.0-255,1484,6221,12,268490
20657,5e-05,172.31.36.0-255,66,6287,12,268490
20658,7.6e-05,172.217.194.0-255,5738,12025,12,268490
20659,7.9e-05,172.31.36.0-255,66,12091,12,268490
20660,8.3e-05,172.217.194.0-255,2038,14129,12,268490
20661,8.5e-05,172.31.36.0-255,66,14195,12,268490
20662,0.000425,172.217.194.0-255,1484,15679,12,268490
20663,0.000429,172.31.36.0-255,66,15745,12,268490
20664,0.000435,172.217.194.0-255,2902,18647,12,268490
20665,0.000437,172.31.36.0-255,66,18713,12,268490
20666,0.000441,172.217.194.0-255,1484,20197,12,268490
20667,0.000442,172.31.36.0-255,66,20263,12,268490
20668,0.00047,172.217.194.0-255,4320,24583,12,268490
20669,0.000473,172.31.36.0-255,66,24649,12,268490
20670,0.00049,172.217.194.0-255,5738,30387,12,268490
20671,0.000493,172.31.36.0-255,66,30453,12,268490
20672,0.000527,172.217.194.0-255,6797,37250,12,268490
20673,0.00053,172.31.36.0-255,66,37316,12,268490
20674,0.000543,172.31.36.0-255,66,37382,12,268490
20675,0.00056,172.31.36.0-255,66,37448,12,268490
20676,0.000568,172.217.194.0-255,339,37787,12,268490
20677,0.000571,172.31.36.0-255,66,37853,12,268490
20678,0.000604,172.217.194.0-255,122,37975,12,268490
20679,0.000607,172.31.36.0-255,66,38041,12,268490
20680,0.000727,172.217.194.0-255,1484,39525,12,268490
20681,0.000732,172.217.194.0-255,1484,41009,12,268490
20682,0.000734,172.31.36.0-255,66,41075,12,268490
20683,0.000748,172.217.194.0-255,1484,42559,12,268490
20684,0.000762,172.217.194.0-255,4320,46879,12,268490
20685,0.000765,172.31.36.0-255,66,46945,12,268490
20686,0.000782,172.217.194.0-255,1484,48429,12,268490
20687,0.000788,172.217.194.0-255,5738,54167,12,268490
20688,0.00079,172.31.36.0-255,66,54233,12,268490
20689,0.000814,172.217.194.0-255,7156,61389,12,268490
20690,0.000817,172.31.36.0-255,66,61455,12,268490
20691,0.00082,172.217.194.0-255,1484,62939,12,268490
20692,0.000862,172.31.36.0-255,66,63005,12,268490
20693,0.001209,172.217.194.0-255,1484,64489,12,268490
20694,0.001218,172.217.194.0-255,2902,67391,12,268490
20695,0.001221,172.31.36.0-255,66,67457,12,268490
20696,0.001247,172.217.194.0-255,5738,73195,12,268490
20697,0.001249,172.31.36.0-255,66,73261,12,268490
20698,0.001255,172.217.194.0-255,4320,77581,12,268490
20699,0.001257,172.31.36.0-255,66,77647,12,268490
20700,0.00129,172.217.194.0-255,7156,84803,12,268490
20701,0.001294,172.31.36.0-255,66,84869,12,268490
20702,0.001299,172.217.194.0-255,2902,87771,12,268490
20703,0.001301,172.31.36.0-255,66,87837,12,268490
20704,0.001321,172.217.194.0-255,7156,94993,12,268490
20705,0.001324,172.31.36.0-255,66,95059,12,268490
20706,0.001344,172.217.194.0-255,2184,97243,12,268490
20707,0.001347,172.31.36.0-255,66,97309,12,268490
20708,0.002035,172.217.194.0-255,1484,98793,12,268490
20709,0.002045,172.217.194.0-255,2902,101695,12,268490
20710,0.002049,172.31.36.0-255,66,101761,12,268490
20711,0.002056,172.217.194.0-255,5738,107499,12,268490
20712,0.002058,172.31.36.0-255,66,107565,12,268490
20713,0.002064,172.217.194.0-255,5738,113303,12,268490
20714,0.002066,172.31.36.0-255,66,113369,12,268490
20715,0.002092,172.217.194.0-255,1484,114853,12,268490
20716,0.002106,172.31.36.0-255,66,114919,12,268490
20717,0.00211,172.217.194.0-255,2184,117103,12,268490
20718,0.002112,172.31.36.0-255,66,117169,12,268490
20719,0.002383,172.217.194.0-255,1484,118653,12,268490
20720,0.002388,172.217.194.0-255,2902,121555,12,268490
20721,0.002391,172.31.36.0-255,66,121621,12,268490
20722,0.002398,172.217.194.0-255,4320,125941,12,268490
20723,0.0024,172.31.36.0-255,66,126007,12,268490
20724,0.002422,172.217.194.0-255,1484,127491,12,268490
20725,0.002429,172.217.194.0-255,7156,134647,12,268490
20726,0.002431,172.31.36.0-255,66,134713,12,268490
20727,0.002448,172.217.194.0-255,2902,137615,12,268490
20728,0.00245,172.31.36.0-255,66,137681,12,268490
20729,0.002492,172.31.36.0-255,66,137747,12,268490
20730,0.002496,172.217.194.0-255,2184,139931,12,268490
20731,0.002498,172.31.36.0-255,66,139997,12,268490
20732,0.00505,172.217.194.0-255,4320,144317,12,268490
20733,0.005055,172.31.36.0-255,66,144383,12,268490
20734,0.005072,172.217.194.0-255,1484,145867,12,268490
20735,0.007615,172.217.194.0-255,2902,148769,12,268490
20736,0.007622,172.31.36.0-255,66,148835,12,268490
20737,0.007645,172.217.194.0-255,1484,150319,12,268490
20738,0.010217,172.217.194.0-255,4320,154639,12,268490
20739,0.010225,172.31.36.0-255,66,154705,12,268490
20740,0.012817,172.217.194.0-255,5738,160443,12,268490
20741,0.012826,172.31.36.0-255,66,160509,12,268490
20742,0.015378,172.217.194.0-255,5738,166247,12,268490
20743,0.015385,172.31.36.0-255,66,166313,12,268490
20744,0.017975,172.217.194.0-255,5738,172051,12,268490
20745,0.017981,172.31.36.0-255,66,172117,12,268490
20746,0.020557,172.217.194.0-255,5738,177855,12,268490
20747,0.020564,172.31.36.0-255,66,177921,12,268490
20748,0.023176,172.217.194.0-255,5738,183659,12,268490
20749,0.023185,172.31.36.0-255,66,183725,12,268490
20750,0.025791,172.217.194.0-255,5738,189463,12,268490
20751,0.025799,172.31.36.0-255,66,189529,12,268490
20752,0.028391,172.217.194.0-255,5738,195267,12,268490
20753,0.028406,172.31.36.0-255,66,195333,12,268490
20754,0.029998,172.31.36.0-255,172,195505,12,268490
20755,0.030031,172.31.36.0-255,1107,196612,12,268490
20756,0.030073,172.31.36.0-255,1514,198126,12,268490
20757,0.030075,172.31.36.0-255,1300,199426,12,268490
20758,0.03098,172.217.194.0-255,5738,205164,12,268490
20759,0.03099,172.31.36.0-255,66,205230,12,268490
20760,0.031561,104.244.42.0-255,66,205296,12,268490
20761,0.031605,104.244.42.0-255,66,205362,12,268490
20762,0.031663,104.244.42.0-255,66,205428,12,268490
20763,0.033244,104.244.42.0-255,108,205536,12,268490
20764,0.033254,172.31.36.0-255,66,205602,12,268490
20765,0.033559,172.217.194.0-255,2902,208504,12,268490
20766,0.033564,172.31.36.0-255,66,208570,12,268490
20767,0.033593,172.217.194.0-255,2902,211472,12,268490
20768,0.033596,172.31.36.0-255,66,211538,12,268490
20769,0.036136,172.217.194.0-255,2902,214440,12,268490
20770,0.036142,172.31.36.0-255,66,214506,12,268490
20771,0.036178,172.217.194.0-255,2902,217408,12,268490
20772,0.036182,172.31.36.0-255,66,217474,12,268490
20773,0.038722,172.217.194.0-255,2902,220376,12,268490
20774,0.038728,172.31.36.0-255,66,220442,12,268490
20775,0.038753,172.217.194.0-255,2902,223344,12,268490
20776,0.038756,172.31.36.0-255,66,223410,12,268490
20777,0.041367,172.217.194.0-255,5738,229148,12,268490
20778,0.041375,172.31.36.0-255,66,229214,12,268490
20779,0.043951,172.217.194.0-255,5738,234952,12,268490
20780,0.043957,172.31.36.0-255,66,235018,12,268490
20781,0.046519,172.217.194.0-255,4320,239338,12,268490
20782,0.046524,172.31.36.0-255,66,239404,12,268490
20783,0.046559,172.217.194.0-255,1484,240888,12,268490
20784,0.049112,172.217.194.0-255,4320,245208,12,268490
20785,0.049117,172.31.36.0-255,66,245274,12,268490
20786,0.051671,172.217.194.0-255,5738,251012,12,268490
20787,0.051677,172.31.36.0-255,66,251078,12,268490
20788,0.054228,172.217.194.0-255,5738,256816,12,268490
20789,0.054234,172.31.36.0-255,66,256882,12,268490
20790,0.056816,172.217.194.0-255,5738,262620,12,268490
20791,0.056825,172.31.36.0-255,66,262686,12,268490
20792,0.059409,172.217.194.0-255,5738,268424,12,268490
20793,0.059416,172.31.36.0-255,66,268490,12,268490
20794,0.0,74.125.130.0-255,153,153,12,329708
20795,2.2e-05,172.31.36.0-255,66,219,12,329708
20796,2.9e-05,74.125.130.0-255,1484,1703,12,329708
20797,3.4e-05,172.31.36.0-255,66,1769,12,329708
20798,3.8e-05,74.125.130.0-255,1484,3253,12,329708
20799,4.9e-05,172.31.36.0-255,66,3319,12,329708
20800,8.1e-05,74.125.130.0-255,1484,4803,12,329708
20801,8.4e-05,172.31.36.0-255,66,4869,12,329708
20802,8.8e-05,74.125.130.0-255,1484,6353,12,329708
20803,9e-05,172.31.36.0-255,66,6419,12,329708
20804,9.6e-05,74.125.130.0-255,2902,9321,12,329708
20805,9.9e-05,172.31.36.0-255,66,9387,12,329708
20806,0.000103,74.125.130.0-255,1484,10871,12,329708
20807,0.000105,172.31.36.0-255,66,10937,12,329708
20808,0.000136,74.125.130.0-255,2902,13839,12,329708
20809,0.000139,172.31.36.0-255,66,13905,12,329708
20810,0.000165,74.125.130.0-255,4885,18790,12,329708
20811,0.000168,172.31.36.0-255,66,18856,12,329708
20812,0.000203,74.125.130.0-255,5738,24594,12,329708
20813,0.000206,172.31.36.0-255,66,24660,12,329708
20814,0.000209,74.125.130.0-255,1484,26144,12,329708
20815,0.00021,172.31.36.0-255,66,26210,12,329708
20816,0.000234,74.125.130.0-255,2902,29112,12,329708
20817,0.000237,172.31.36.0-255,66,29178,12,329708
20818,0.000266,74.125.130.0-255,2543,31721,12,329708
20819,0.000269,172.31.36.0-255,66,31787,12,329708
20820,0.000497,74.125.130.0-255,1484,33271,12,329708
20821,0.000503,172.31.36.0-255,66,33337,12,329708
20822,0.00051,74.125.130.0-255,2902,36239,12,329708
20823,0.000512,172.31.36.0-255,66,36305,12,329708
20824,0.000535,74.125.130.0-255,1484,37789,12,329708
20825,0.000537,172.31.36.0-255,66,37855,12,329708
20826,0.000566,74.125.130.0-255,2902,40757,12,329708
20827,0.000569,172.31.36.0-255,66,40823,12,329708
20828,0.000575,74.125.130.0-255,5738,46561,12,329708
20829,0.000577,172.31.36.0-255,66,46627,12,329708
20830,0.000627,74.125.130.0-255,2543,49170,12,329708
20831,0.00063,172.31.36.0-255,66,49236,12,329708
20832,0.000659,74.125.130.0-255,2902,52138,12,329708
20833,0.000662,172.31.36.0-255,66,52204,12,329708
20834,0.000666,74.125.130.0-255,1484,53688,12,329708
20835,0.000688,74.125.130.0-255,2902,56590,12,329708
20836,0.000691,172.31.36.0-255,66,56656,12,329708
20837,0.000709,74.125.130.0-255,4320,60976,12,329708
20838,0.000711,172.31.36.0-255,66,61042,12,329708
20839,0.000741,74.125.130.0-255,1484,62526,12,329708
20840,0.000744,74.125.130.0-255,1484,64010,12,329708
20841,0.000747,74.125.130.0-255,2795,66805,12,329708
20842,0.000753,172.31.36.0-255,66,66871,12,329708
20843,0.000756,172.31.36.0-255,66,66937,12,329708
20844,0.000844,74.125.130.0-255,119,67056,12,329708
20845,0.001224,74.125.130.0-255,1484,68540,12,329708
20846,0.00123,172.31.36.0-255,66,68606,12,329708
20847,0.00124,74.125.130.0-255,2902,71508,12,329708
20848,0.001242,172.31.36.0-255,66,71574,12,329708
20849,0.001275,74.125.130.0-255,5738,77312,12,329708
20850,0.001279,172.31.36.0-255,66,77378,12,329708
20851,0.001282,74.125.130.0-255,1484,78862,12,329708
20852,0.00131,74.125.130.0-255,2902,81764,12,329708
20853,0.001313,172.31.36.0-255,66,81830,12,329708
20854,0.001316,74.125.130.0-255,1484,83314,12,329708
20855,0.001343,74.125.130.0-255,4320,87634,12,329708
20856,0.001345,172.31.36.0-255,66,87700,12,329708
20857,0.001349,74.125.130.0-255,1484,89184,12,329708
20858,0.001353,74.125.130.0-255,2902,92086,12,329708
20859,0.001356,172.31.36.0-255,66,92152,12,329708
20860,0.001382,74.125.130.0-255,2902,95054,12,329708
20861,0.001385,172.31.36.0-255,66,95120,12,329708
20862,0.001419,74.125.130.0-255,2902,98022,12,329708
20863,0.001422,172.31.36.0-255,66,98088,12,329708
20864,0.001425,74.125.130.0-255,1484,99572,12,329708
20865,0.001429,74.125.130.0-255,2184,101756,12,329708
20866,0.001431,172.31.36.0-255,66,101822,12,329708
20867,0.001461,74.125.130.0-255,1484,103306,12,329708
20868,0.001466,74.125.130.0-255,2902,106208,12,329708
20869,0.001468,172.31.36.0-255,66,106274,12,329708
20870,0.00148,74.125.130.0-255,1484,107758,12,329708
20871,0.001502,74.125.130.0-255,2902,110660,12,329708
20872,0.001504,172.31.36.0-255,66,110726,12,329708
20873,0.001533,74.125.130.0-255,5738,116464,12,329708
20874,0.001535,172.31.36.0-255,66,116530,12,329708
20875,0.001538,74.125.130.0-255,1484,118014,12,329708
20876,0.001542,74.125.130.0-255,2902,120916,12,329708
20877,0.001545,172.31.36.0-255,66,120982,12,329708
20878,0.001567,74.125.130.0-255,2902,123884,12,329708
20879,0.00157,172.31.36.0-255,66,123950,12,329708
20880,0.0016,74.125.130.0-255,2902,126852,12,329708
20881,0.001602,172.31.36.0-255,66,126918,12,329708
20882,0.001605,74.125.130.0-255,1484,128402,12,329708
20883,0.00161,74.125.130.0-255,2902,131304,12,329708
20884,0.001612,172.31.36.0-255,66,131370,12,329708
20885,0.00164,74.125.130.0-255,2902,134272,12,329708
20886,0.001643,172.31.36.0-255,66,134338,12,329708
20887,0.001669,74.125.130.0-255,2184,136522,12,329708
20888,0.001672,172.31.36.0-255,66,136588,12,329708
20889,0.001701,74.125.130.0-255,1484,138072,12,329708
20890,0.001719,74.125.130.0-255,2902,140974,12,329708
20891,0.001723,172.31.36.0-255,66,141040,12,329708
20892,0.001726,74.125.130.0-255,1484,142524,12,329708
20893,0.001749,74.125.130.0-255,1484,144008,12,329708
20894,0.001752,172.31.36.0-255,66,144074,12,329708
20895,0.001758,74.125.130.0-255,4320,148394,12,329708
20896,0.00176,172.31.36.0-255,66,148460,12,329708
20897,0.001788,74.125.130.0-255,7156,155616,12,329708
20898,0.001791,172.31.36.0-255,66,155682,12,329708
20899,0.001819,74.125.130.0-255,1484,157166,12,329708
20900,0.001844,74.125.130.0-255,2902,160068,12,329708
20901,0.001847,172.31.36.0-255,66,160134,12,329708
20902,0.00185,74.125.130.0-255,1484,161618,12,329708
20903,0.001875,74.125.130.0-255,2902,164520,12,329708
20904,0.001878,172.31.36.0-255,66,164586,12,329708
20905,0.001904,74.125.130.0-255,2902,167488,12,329708
20906,0.001907,172.31.36.0-255,66,167554,12,329708
20907,0.001937,74.125.130.0-255,3602,171156,12,329708
20908,0.001941,172.31.36.0-255,66,171222,12,329708
20909,0.002381,74.125.130.0-255,1484,172706,12,329708
20910,0.002398,74.125.130.0-255,2902,175608,12,329708
20911,0.002402,172.31.36.0-255,66,175674,12,329708
20912,0.00243,74.125.130.0-255,5738,181412,12,329708
20913,0.002433,172.31.36.0-255,66,181478,12,329708
20914,0.002462,74.125.130.0-255,4320,185798,12,329708
20915,0.002465,74.125.130.0-255,1484,187282,12,329708
20916,0.00247,172.31.36.0-255,66,187348,12,329708
20917,0.002495,74.125.130.0-255,4320,191668,12,329708
20918,0.002498,172.31.36.0-255,66,191734,12,329708
20919,0.002503,74.125.130.0-255,4320,196054,12,329708
20920,0.002505,172.31.36.0-255,66,196120,12,329708
20921,0.004977,74.125.130.0-255,1484,197604,12,329708
20922,0.005004,74.125.130.0-255,4320,201924,12,329708
20923,0.005009,172.31.36.0-255,66,201990,12,329708
20924,0.007478,74.125.130.0-255,5738,207728,12,329708
20925,0.007482,172.31.36.0-255,66,207794,12,329708
20926,0.009961,74.125.130.0-255,5738,213532,12,329708
20927,0.009968,172.31.36.0-255,66,213598,12,329708
20928,0.01246,74.125.130.0-255,5738,219336,12,329708
20929,0.012468,172.31.36.0-255,66,219402,12,329708
20930,0.014956,74.125.130.0-255,5738,225140,12,329708
20931,0.014964,172.31.36.0-255,66,225206,12,329708
20932,0.017449,74.125.130.0-255,5738,230944,12,329708
20933,0.017458,172.31.36.0-255,66,231010,12,329708
20934,0.019951,74.125.130.0-255,5738,236748,12,329708
20935,0.019964,172.31.36.0-255,66,236814,12,329708
20936,0.022451,74.125.130.0-255,5738,242552,12,329708
20937,0.022459,172.31.36.0-255,66,242618,12,329708
20938,0.024937,74.125.130.0-255,5738,248356,12,329708
20939,0.024944,172.31.36.0-255,66,248422,12,329708
20940,0.027434,74.125.130.0-255,5738,254160,12,329708
20941,0.027442,172.31.36.0-255,66,254226,12,329708
20942,0.029919,74.125.130.0-255,5738,259964,12,329708
20943,0.029925,172.31.36.0-255,66,260030,12,329708
20944,0.032405,74.125.130.0-255,5738,265768,12,329708
20945,0.032412,172.31.36.0-255,66,265834,12,329708
20946,0.034898,74.125.130.0-255,5738,271572,12,329708
20947,0.034905,172.31.36.0-255,66,271638,12,329708
20948,0.036121,172.31.36.0-255,172,271810,12,329708
20949,0.036153,172.31.36.0-255,1078,272888,12,329708
20950,0.037387,74.125.130.0-255,5738,278626,12,329708
20951,0.037394,172.31.36.0-255,66,278692,12,329708
20952,0.037645,104.244.42.0-255,66,278758,12,329708
20953,0.037689,104.244.42.0-255,66,278824,12,329708
20954,0.039867,74.125.130.0-255,4320,283144,12,329708
20955,0.039873,172.31.36.0-255,66,283210,12,329708
20956,0.039895,74.125.130.0-255,1484,284694,12,329708
20957,0.042352,74.125.130.0-255,4320,289014,12,329708
20958,0.042358,172.31.36.0-255,66,289080,12,329708
20959,0.044842,74.125.130.0-255,5738,294818,12,329708
20960,0.044849,172.31.36.0-255,66,294884,12,329708
20961,0.04734,74.125.130.0-255,5738,300622,12,329708
20962,0.047349,172.31.36.0-255,66,300688,12,329708
20963,0.049842,74.125.130.0-255,5738,306426,12,329708
20964,0.04985,172.31.36.0-255,66,306492,12,329708
20965,0.05233,74.125.130.0-255,5738,312230,12,329708
20966,0.052336,172.31.36.0-255,66,312296,12,329708
20967,0.054823,74.125.130.0-255,5738,318034,12,329708
20968,0.05483,172.31.36.0-255,66,318100,12,329708
20969,0.057308,74.125.130.0-255,5738,323838,12,329708
20970,0.057314,172.31.36.0-255,66,323904,12,329708
20971,0.059797,74.125.130.0-255,5738,329642,12,329708
20972,0.059803,172.31.36.0-255,66,329708,12,329708
20973,0.0,172.217.194.0-255,153,153,12,204834
20974,2.5e-05,172.31.36.0-255,66,219,12,204834
20975,6.7e-05,172.217.194.0-255,1484,1703,12,204834
20976,7.2e-05,172.31.36.0-255,66,1769,12,204834
20977,9.3e-05,172.217.194.0-255,2902,4671,12,204834
20978,9.8e-05,172.31.36.0-255,66,4737,12,204834
20979,0.000104,172.217.194.0-255,5738,10475,12,204834
20980,0.000107,172.31.36.0-255,66,10541,12,204834
20981,0.000139,172.217.194.0-255,3486,14027,12,204834
20982,0.000141,172.31.36.0-255,66,14093,12,204834
20983,0.00017,172.217.194.0-255,4320,18413,12,204834
20984,0.000172,172.31.36.0-255,66,18479,12,204834
20985,0.000206,172.31.36.0-255,66,18545,12,204834
20986,0.000219,172.31.36.0-255,66,18611,12,204834
20987,0.000232,172.217.194.0-255,7156,25767,12,204834
20988,0.000235,172.31.36.0-255,66,25833,12,204834
20989,0.000259,172.217.194.0-255,766,26599,12,204834
20990,0.000262,172.31.36.0-255,66,26665,12,204834
20991,0.000336,172.217.194.0-255,1484,28149,12,204834
20992,0.00034,172.31.36.0-255,66,28215,12,204834
20993,0.000347,172.217.194.0-255,4320,32535,12,204834
20994,0.00035,172.31.36.0-255,66,32601,12,204834
20995,0.000362,172.217.194.0-255,7156,39757,12,204834
20996,0.000365,172.31.36.0-255,66,39823,12,204834
20997,0.00039,172.217.194.0-255,4251,44074,12,204834
20998,0.000392,172.31.36.0-255,66,44140,12,204834
20999,0.001496,172.217.194.0-255,98,44238,12,204834
21000,0.001503,172.31.36.0-255,66,44304,12,204834
21001,0.001537,172.217.194.0-255,1484,45788,12,204834
21002,0.001539,172.31.36.0-255,66,45854,12,204834
21003,0.001544,172.217.194.0-255,1484,47338,12,204834
21004,0.00157,172.217.194.0-255,1484,48822,12,204834
21005,0.001573,172.31.36.0-255,66,48888,12,204834
21006,0.001582,172.217.194.0-255,7156,56044,12,204834
21007,0.001584,172.31.36.0-255,66,56110,12,204834
21008,0.001605,172.31.36.0-255,66,56176,12,204834
21009,0.00163,172.217.194.0-255,1484,57660,12,204834
21010,0.001644,172.217.194.0-255,6438,64098,12,204834
21011,0.001646,172.31.36.0-255,66,64164,12,204834
21012,0.004011,172.217.194.0-255,5738,69902,12,204834
21013,0.004018,172.31.36.0-255,66,69968,12,204834
21014,0.006356,172.217.194.0-255,5738,75706,12,204834
21015,0.00636,172.31.36.0-255,66,75772,12,204834
21016,0.008715,172.217.194.0-255,5738,81510,12,204834
21017,0.008724,172.31.36.0-255,66,81576,12,204834
21018,0.011106,172.217.194.0-255,5738,87314,12,204834
21019,0.011118,172.31.36.0-255,66,87380,12,204834
21020,0.013507,172.217.194.0-255,5738,93118,12,204834
21021,0.013517,172.31.36.0-255,66,93184,12,204834
21022,0.01588,172.217.194.0-255,5738,98922,12,204834
21023,0.01589,172.31.36.0-255,66,98988,12,204834
21024,0.01827,172.217.194.0-255,5738,104726,12,204834
21025,0.018279,172.31.36.0-255,66,104792,12,204834
21026,0.020619,172.217.194.0-255,5738,110530,12,204834
21027,0.020627,172.31.36.0-255,66,110596,12,204834
21028,0.022988,172.217.194.0-255,5738,116334,12,204834
21029,0.022996,172.31.36.0-255,66,116400,12,204834
21030,0.025386,172.217.194.0-255,5738,122138,12,204834
21031,0.025396,172.31.36.0-255,66,122204,12,204834
21032,0.027757,172.217.194.0-255,5738,127942,12,204834
21033,0.027767,172.31.36.0-255,66,128008,12,204834
21034,0.030137,172.217.194.0-255,5738,133746,12,204834
21035,0.030151,172.31.36.0-255,66,133812,12,204834
21036,0.032528,172.217.194.0-255,5738,139550,12,204834
21037,0.032538,172.31.36.0-255,66,139616,12,204834
21038,0.033234,172.31.36.0-255,164,139780,12,204834
21039,0.033269,172.31.36.0-255,1078,140858,12,204834
21040,0.034781,104.244.42.0-255,66,140924,12,204834
21041,0.034922,104.244.42.0-255,66,140990,12,204834
21042,0.034927,172.217.194.0-255,5738,146728,12,204834
21043,0.034932,172.31.36.0-255,66,146794,12,204834
21044,0.037307,172.217.194.0-255,5738,152532,12,204834
21045,0.037316,172.31.36.0-255,66,152598,12,204834
21046,0.039732,172.217.194.0-255,5738,158336,12,204834
21047,0.03974,172.31.36.0-255,66,158402,12,204834
21048,0.042122,172.217.194.0-255,5738,164140,12,204834
21049,0.042133,172.31.36.0-255,66,164206,12,204834
21050,0.044505,172.217.194.0-255,5738,169944,12,204834
21051,0.044512,172.31.36.0-255,66,170010,12,204834
21052,0.046894,172.217.194.0-255,5738,175748,12,204834
21053,0.046904,172.31.36.0-255,66,175814,12,204834
21054,0.049279,172.217.194.0-255,5738,181552,12,204834
21055,0.049286,172.31.36.0-255,66,181618,12,204834
21056,0.051659,172.217.194.0-255,5738,187356,12,204834
21057,0.051666,172.31.36.0-255,66,187422,12,204834
21058,0.054052,172.217.194.0-255,5738,193160,12,204834
21059,0.054063,172.31.36.0-255,66,193226,12,204834
21060,0.056429,172.217.194.0-255,5738,198964,12,204834
21061,0.056436,172.31.36.0-255,66,199030,12,204834
21062,0.058785,172.217.194.0-255,5738,204768,12,204834
21063,0.058792,172.31.36.0-255,66,204834,12,204834
21064,0.0,74.125.24.0-255,152,152,12,193830
21065,1.6e-05,172.31.36.0-255,66,218,12,193830
21066,2.2e-05,74.125.24.0-255,1484,1702,12,193830
21067,2.8e-05,172.31.36.0-255,66,1768,12,193830
21068,4.3e-05,74.125.24.0-255,2902,4670,12,193830
21069,4.6e-05,172.31.36.0-255,66,4736,12,193830
21070,5.1e-05,74.125.24.0-255,2902,7638,12,193830
21071,5.3e-05,172.31.36.0-255,66,7704,12,193830
21072,5.9e-05,74.125.24.0-255,2902,10606,12,193830
21073,6.2e-05,172.31.36.0-255,66,10672,12,193830
21074,9.1e-05,74.125.24.0-255,1484,12156,12,193830
21075,9.3e-05,172.31.36.0-255,66,12222,12,193830
21076,0.000101,74.125.24.0-255,5738,17960,12,193830
21077,0.000104,172.31.36.0-255,66,18026,12,193830
21078,0.000127,74.125.24.0-255,3457,21483,12,193830
21079,0.00013,172.31.36.0-255,66,21549,12,193830
21080,0.000133,74.125.24.0-255,1484,23033,12,193830
21081,0.000136,172.31.36.0-255,66,23099,12,193830
21082,0.000175,172.31.36.0-255,66,23165,12,193830
21083,0.00058,74.125.24.0-255,1484,24649,12,193830
21084,0.000585,172.31.36.0-255,66,24715,12,193830
21085,0.000591,74.125.24.0-255,2902,27617,12,193830
21086,0.000594,172.31.36.0-255,66,27683,12,193830
21087,0.000597,74.125.24.0-255,1484,29167,12,193830
21088,0.000607,172.31.36.0-255,66,29233,12,193830
21089,0.000638,74.125.24.0-255,4320,33553,12,193830
21090,0.000641,172.31.36.0-255,66,33619,12,193830
21091,0.000655,172.31.36.0-255,66,33685,12,193830
21092,0.00066,74.125.24.0-255,2902,36587,12,193830
21093,0.000662,172.31.36.0-255,66,36653,12,193830
21094,0.000702,172.31.36.0-255,66,36719,12,193830
21095,0.001051,74.125.24.0-255,394,37113,12,193830
21096,0.001077,172.31.36.0-255,66,37179,12,193830
21097,0.001176,74.125.24.0-255,113,37292,12,193830
21098,0.00123,74.125.24.0-255,1484,38776,12,193830
21099,0.001235,172.31.36.0-255,66,38842,12,193830
21100,0.001241,74.125.24.0-255,2902,41744,12,193830
21101,0.001243,172.31.36.0-255,66,41810,12,193830
21102,0.001256,74.125.24.0-255,7156,48966,12,193830
21103,0.001258,172.31.36.0-255,66,49032,12,193830
21104,0.001313,172.31.36.0-255,66,49098,12,193830
21105,0.001318,74.125.24.0-255,2902,52000,12,193830
21106,0.00132,172.31.36.0-255,66,52066,12,193830
21107,0.001346,74.125.24.0-255,3602,55668,12,193830
21108,0.001349,172.31.36.0-255,66,55734,12,193830
21109,0.001515,74.125.24.0-255,1484,57218,12,193830
21110,0.001522,74.125.24.0-255,2902,60120,12,193830
21111,0.001526,172.31.36.0-255,66,60186,12,193830
21112,0.001559,74.125.24.0-255,5738,65924,12,193830
21113,0.001562,172.31.36.0-255,66,65990,12,193830
21114,0.001577,172.31.36.0-255,66,66056,12,193830
21115,0.001584,74.125.24.0-255,7156,73212,12,193830
21116,0.001587,172.31.36.0-255,66,73278,12,193830
21117,0.001617,74.125.24.0-255,3602,76880,12,193830
21118,0.00162,172.31.36.0-255,66,76946,12,193830
21119,0.001648,74.125.24.0-255,7156,84102,12,193830
21120,0.001651,172.31.36.0-255,66,84168,12,193830
21121,0.001694,172.31.36.0-255,66,84234,12,193830
21122,0.001705,172.31.36.0-255,66,84300,12,193830
21123,0.001733,74.125.24.0-255,1484,85784,12,193830
21124,0.001738,74.125.24.0-255,2902,88686,12,193830
21125,0.00174,172.31.36.0-255,66,88752,12,193830
21126,0.001746,74.125.24.0-255,5738,94490,12,193830
21127,0.001749,172.31.36.0-255,66,94556,12,193830
21128,0.001756,74.125.24.0-255,7156,101712,12,193830
21129,0.001759,172.31.36.0-255,66,101778,12,193830
21130,0.001797,74.125.24.0-255,1484,103262,12,193830
21131,0.001834,172.31.36.0-255,66,103328,12,193830
21132,0.001838,74.125.24.0-255,2184,105512,12,193830
21133,0.00184,172.31.36.0-255,66,105578,12,193830
21134,0.001843,74.125.24.0-255,1484,107062,12,193830
21135,0.001863,74.125.24.0-255,1484,108546,12,193830
21136,0.001866,172.31.36.0-255,66,108612,12,193830
21137,0.001888,74.125.24.0-255,1484,110096,12,193830
21138,0.001894,74.125.24.0-255,5738,115834,12,193830
21139,0.001897,172.31.36.0-255,66,115900,12,193830
21140,0.001904,74.125.24.0-255,5738,121638,12,193830
21141,0.001906,172.31.36.0-255,66,121704,12,193830
21142,0.001936,172.31.36.0-255,66,121770,12,193830
21143,0.001971,74.125.24.0-255,1484,123254,12,193830
21144,0.001987,172.31.36.0-255,66,123320,12,193830
21145,0.00202,172.31.36.0-255,66,123386,12,193830
21146,0.002032,172.31.36.0-255,66,123452,12,193830
21147,0.002043,172.31.36.0-255,66,123518,12,193830
21148,0.002088,172.31.36.0-255,66,123584,12,193830
21149,0.002112,74.125.24.0-255,1484,125068,12,193830
21150,0.002118,74.125.24.0-255,3602,128670,12,193830
21151,0.002121,172.31.36.0-255,66,128736,12,193830
21152,0.002196,74.125.24.0-255,1484,130220,12,193830
21153,0.002203,74.125.24.0-255,2902,133122,12,193830
21154,0.002207,172.31.36.0-255,66,133188,12,193830
21155,0.002212,74.125.24.0-255,2902,136090,12,193830
21156,0.002214,172.31.36.0-255,66,136156,12,193830
21157,0.002241,74.125.24.0-255,2902,139058,12,193830
21158,0.002245,172.31.36.0-255,66,139124,12,193830
21159,0.002266,172.31.36.0-255,66,139190,12,193830
21160,0.002277,172.31.36.0-255,66,139256,12,193830
21161,0.002331,172.31.36.0-255,66,139322,12,193830
21162,0.002378,172.31.36.0-255,66,139388,12,193830
21163,0.002395,172.31.36.0-255,66,139454,12,193830
21164,0.004763,74.125.24.0-255,5738,145192,12,193830
21165,0.00477,172.31.36.0-255,66,145258,12,193830
21166,0.007154,74.125.24.0-255,5738,150996,12,193830
21167,0.007174,172.31.36.0-255,66,151062,12,193830
21168,0.009489,74.125.24.0-255,5738,156800,12,193830
21169,0.009495,172.31.36.0-255,66,156866,12,193830
21170,0.011815,74.125.24.0-255,5738,162604,12,193830
21171,0.011822,172.31.36.0-255,66,162670,12,193830
21172,0.014169,74.125.24.0-255,5738,168408,12,193830
21173,0.014178,172.31.36.0-255,66,168474,12,193830
21174,0.016497,74.125.24.0-255,5738,174212,12,193830
21175,0.016505,172.31.36.0-255,66,174278,12,193830
21176,0.018843,74.125.24.0-255,5738,180016,12,193830
21177,0.018854,172.31.36.0-255,66,180082,12,193830
21178,0.02117,74.125.24.0-255,4817,184899,12,193830
21179,0.021179,172.31.36.0-255,66,184965,12,193830
21180,0.021388,172.31.36.0-255,105,185070,12,193830
21181,0.023683,74.125.24.0-255,66,185136,12,193830
21182,0.033283,172.31.36.0-255,172,185308,12,193830
21183,0.033318,172.31.36.0-255,1108,186416,12,193830
21184,0.033382,172.31.36.0-255,1514,187930,12,193830
21185,0.033389,172.31.36.0-255,1514,189444,12,193830
21186,0.033412,172.31.36.0-255,1514,190958,12,193830
21187,0.033413,172.31.36.0-255,1514,192472,12,193830
21188,0.03343,172.31.36.0-255,1028,193500,12,193830
21189,0.034835,104.244.42.0-255,66,193566,12,193830
21190,0.034932,104.244.42.0-255,66,193632,12,193830
21191,0.034986,104.244.42.0-255,66,193698,12,193830
21192,0.035007,104.244.42.0-255,66,193764,12,193830
21193,0.035018,104.244.42.0-255,66,193830,12,193830
21194,0.0,172.217.194.0-255,150,150,12,246714
21195,3.7e-05,172.31.36.0-255,66,216,12,246714
21196,4.4e-05,172.217.194.0-255,1484,1700,12,246714
21197,4.9e-05,172.31.36.0-255,66,1766,12,246714
21198,5.4e-05,172.217.194.0-255,2902,4668,12,246714
21199,5.7e-05,172.31.36.0-255,66,4734,12,246714
21200,6.4e-05,172.217.194.0-255,7156,11890,12,246714
21201,6.7e-05,172.31.36.0-255,66,11956,12,246714
21202,9.2e-05,172.217.194.0-255,2092,14048,12,246714
21203,9.7e-05,172.31.36.0-255,66,14114,12,246714
21204,0.00011,172.217.194.0-255,2902,17016,12,246714
21205,0.000114,172.31.36.0-255,66,17082,12,246714
21206,0.000118,172.217.194.0-255,1484,18566,12,246714
21207,0.00012,172.31.36.0-255,66,18632,12,246714
21208,0.000146,172.217.194.0-255,5738,24370,12,246714
21209,0.00015,172.31.36.0-255,66,24436,12,246714
21210,0.000184,172.217.194.0-255,6797,31233,12,246714
21211,0.000189,172.31.36.0-255,66,31299,12,246714
21212,0.000638,172.217.194.0-255,1484,32783,12,246714
21213,0.000643,172.31.36.0-255,66,32849,12,246714
21214,0.000652,172.217.194.0-255,2902,35751,12,246714
21215,0.000655,172.31.36.0-255,66,35817,12,246714
21216,0.000662,172.217.194.0-255,5738,41555,12,246714
21217,0.000665,172.31.36.0-255,66,41621,12,246714
21218,0.000695,172.217.194.0-255,5738,47359,12,246714
21219,0.000698,172.31.36.0-255,66,47425,12,246714
21220,0.000702,172.217.194.0-255,2902,50327,12,246714
21221,0.000704,172.31.36.0-255,66,50393,12,246714
21222,0.000722,172.217.194.0-255,3961,54354,12,246714
21223,0.000725,172.31.36.0-255,66,54420,12,246714
21224,0.000741,172.217.194.0-255,2902,57322,12,246714
21225,0.000745,172.31.36.0-255,66,57388,12,246714
21226,0.00077,172.31.36.0-255,66,57454,12,246714
21227,0.000793,172.217.194.0-255,340,57794,12,246714
21228,0.000826,172.217.194.0-255,433,58227,12,246714
21229,0.001036,172.217.194.0-255,1484,59711,12,246714
21230,0.001042,172.31.36.0-255,66,59777,12,246714
21231,0.001048,172.217.194.0-255,2902,62679,12,246714
21232,0.001051,172.31.36.0-255,66,62745,12,246714
21233,0.001057,172.217.194.0-255,5738,68483,12,246714
21234,0.00106,172.31.36.0-255,66,68549,12,246714
21235,0.001078,172.217.194.0-255,2902,71451,12,246714
21236,0.001081,172.31.36.0-255,66,71517,12,246714
21237,0.001114,172.31.36.0-255,66,71583,12,246714
21238,0.001155,172.217.194.0-255,2902,74485,12,246714
21239,0.001158,172.31.36.0-255,66,74551,12,246714
21240,0.00118,172.217.194.0-255,7156,81707,12,246714
21241,0.001183,172.31.36.0-255,66,81773,12,246714
21242,0.001212,172.217.194.0-255,766,82539,12,246714
21243,0.001487,172.217.194.0-255,1484,84023,12,246714
21244,0.001489,172.31.36.0-255,66,84089,12,246714
21245,0.001494,172.217.194.0-255,2902,86991,12,246714
21246,0.001496,172.31.36.0-255,66,87057,12,246714
21247,0.0015,172.217.194.0-255,2902,89959,12,246714
21248,0.001503,172.31.36.0-255,66,90025,12,246714
21249,0.001522,172.217.194.0-255,2902,92927,12,246714
21250,0.001524,172.31.36.0-255,66,92993,12,246714
21251,0.001557,172.217.194.0-255,4320,97313,12,246714
21252,0.001559,172.31.36.0-255,66,97379,12,246714
21253,0.001582,172.31.36.0-255,66,97445,12,246714
21254,0.0016,172.217.194.0-255,1484,98929,12,246714
21255,0.001621,172.31.36.0-255,66,98995,12,246714
21256,0.003859,172.217.194.0-255,5738,104733,12,246714
21257,0.003863,172.31.36.0-255,66,104799,12,246714
21258,0.006108,172.217.194.0-255,5738,110537,12,246714
21259,0.006115,172.31.36.0-255,66,110603,12,246714
21260,0.008389,172.217.194.0-255,5738,116341,12,246714
21261,0.008396,172.31.36.0-255,66,116407,12,246714
21262,0.010649,172.217.194.0-255,5738,122145,12,246714
21263,0.010659,172.31.36.0-255,66,122211,12,246714
21264,0.01292,172.217.194.0-255,5738,127949,12,246714
21265,0.012927,172.31.36.0-255,66,128015,12,246714
21266,0.015173,172.217.194.0-255,5738,133753,12,246714
21267,0.015182,172.31.36.0-255,66,133819,12,246714
21268,0.017434,172.217.194.0-255,5738,139557,12,246714
21269,0.017444,172.31.36.0-255,66,139623,12,246714
21270,0.019709,172.217.194.0-255,5738,145361,12,246714
21271,0.01972,172.31.36.0-255,66,145427,12,246714
21272,0.021955,172.217.194.0-255,5738,151165,12,246714
21273,0.021964,172.31.36.0-255,66,151231,12,246714
21274,0.024216,172.217.194.0-255,5738,156969,12,246714
21275,0.024224,172.31.36.0-255,66,157035,12,246714
21276,0.026482,172.217.194.0-255,5738,162773,12,246714
21277,0.026491,172.31.36.0-255,66,162839,12,246714
21278,0.02876,172.217.194.0-255,5738,168577,12,246714
21279,0.028768,172.31.36.0-255,66,168643,12,246714
21280,0.029568,172.31.36.0-255,172,168815,12,246714
21281,0.029599,172.31.36.0-255,1109,169924,12,246714
21282,0.029662,172.31.36.0-255,1140,171064,12,246714
21283,0.031015,172.217.194.0-255,5738,176802,12,246714
21284,0.031027,172.31.36.0-255,66,176868,12,246714
21285,0.031151,104.244.42.0-255,66,176934,12,246714
21286,0.031192,104.244.42.0-255,66,177000,12,246714
21287,0.031246,104.244.42.0-255,66,177066,12,246714
21288,0.03328,172.217.194.0-255,5738,182804,12,246714
21289,0.033286,172.31.36.0-255,66,182870,12,246714
21290,0.035548,172.217.194.0-255,5738,188608,12,246714
21291,0.035555,172.31.36.0-255,66,188674,12,246714
21292,0.037829,172.217.194.0-255,5738,194412,12,246714
21293,0.037836,172.31.36.0-255,66,194478,12,246714
21294,0.040087,172.217.194.0-255,5738,200216,12,246714
21295,0.040096,172.31.36.0-255,66,200282,12,246714
21296,0.042338,172.217.194.0-255,5738,206020,12,246714
21297,0.042345,172.31.36.0-255,66,206086,12,246714
21298,0.044634,172.217.194.0-255,5738,211824,12,246714
21299,0.044642,172.31.36.0-255,66,211890,12,246714
21300,0.04689,172.217.194.0-255,5738,217628,12,246714
21301,0.046896,172.31.36.0-255,66,217694,12,246714
21302,0.049145,172.217.194.0-255,5738,223432,12,246714
21303,0.049152,172.31.36.0-255,66,223498,12,246714
21304,0.051394,172.217.194.0-255,5738,229236,12,246714
21305,0.051401,172.31.36.0-255,66,229302,12,246714
21306,0.053632,172.217.194.0-255,5738,235040,12,246714
21307,0.053638,172.31.36.0-255,66,235106,12,246714
21308,0.055893,172.217.194.0-255,5738,240844,12,246714
21309,0.055899,172.31.36.0-255,66,240910,12,246714
21310,0.058151,172.217.194.0-255,5738,246648,12,246714
21311,0.058157,172.31.36.0-255,66,246714,12,246714
21312,0.0,74.125.130.0-255,153,153,12,256152
21313,1.3e-05,172.31.36.0-255,66,219,12,256152
21314,1.9e-05,74.125.130.0-255,1484,1703,12,256152
21315,2.4e-05,172.31.36.0-255,66,1769,12,256152
21316,2.9e-05,74.125.130.0-255,2902,4671,12,256152
21317,3.1e-05,172.31.36.0-255,66,4737,12,256152
21318,5.3e-05,74.125.130.0-255,4320,9057,12,256152
21319,5.5e-05,172.31.36.0-255,66,9123,12,256152
21320,7.5e-05,74.125.130.0-255,1484,10607,12,256152
21321,7.7e-05,172.31.36.0-255,66,10673,12,256152
21322,8.2e-05,74.125.130.0-255,3474,14147,12,256152
21323,8.4e-05,172.31.36.0-255,66,14213,12,256152
21324,0.000122,74.125.130.0-255,1484,15697,12,256152
21325,0.000124,172.31.36.0-255,66,15763,12,256152
21326,0.000129,74.125.130.0-255,1484,17247,12,256152
21327,0.00013,172.31.36.0-255,66,17313,12,256152
21328,0.000144,74.125.130.0-255,1484,18797,12,256152
21329,0.000145,172.31.36.0-255,66,18863,12,256152
21330,0.000171,74.125.130.0-255,5738,24601,12,256152
21331,0.000173,172.31.36.0-255,66,24667,12,256152
21332,0.000177,74.125.130.0-255,2902,27569,12,256152
21333,0.000179,172.31.36.0-255,66,27635,12,256152
21334,0.000191,74.125.130.0-255,1484,29119,12,256152
21335,0.000193,172.31.36.0-255,66,29185,12,256152
21336,0.000206,74.125.130.0-255,2543,31728,12,256152
21337,0.000208,172.31.36.0-255,66,31794,12,256152
21338,0.000379,74.125.130.0-255,1484,33278,12,256152
21339,0.000383,172.31.36.0-255,66,33344,12,256152
21340,0.00039,74.125.130.0-255,2902,36246,12,256152
21341,0.000392,172.31.36.0-255,66,36312,12,256152
21342,0.000395,74.125.130.0-255,1484,37796,12,256152
21343,0.000397,172.31.36.0-255,66,37862,12,256152
21344,0.000412,74.125.130.0-255,4320,42182,12,256152
21345,0.000418,74.125.130.0-255,4320,46502,12,256152
21346,0.000445,74.125.130.0-255,5379,51881,12,256152
21347,0.000469,74.125.130.0-255,2902,54783,12,256152
21348,0.000489,74.125.130.0-255,4320,59103,12,256152
21349,0.000504,172.31.36.0-255,66,59169,12,256152
21350,0.000538,74.125.130.0-255,6797,65966,12,256152
21351,0.000553,172.31.36.0-255,66,66032,12,256152
21352,0.000844,74.125.130.0-255,646,66678,12,256152
21353,0.001014,74.125.130.0-255,1484,68162,12,256152
21354,0.001019,74.125.130.0-255,1484,69646,12,256152
21355,0.001033,74.125.130.0-255,1484,71130,12,256152
21356,0.001065,74.125.130.0-255,5738,76868,12,256152
21357,0.001068,74.125.130.0-255,1484,78352,12,256152
21358,0.001084,74.125.130.0-255,1484,79836,12,256152
21359,0.001089,74.125.130.0-255,3961,83797,12,256152
21360,0.001123,74.125.130.0-255,7156,90953,12,256152
21361,0.001139,74.125.130.0-255,1484,92437,12,256152
21362,0.001144,74.125.130.0-255,4320,96757,12,256152
21363,0.001181,74.125.130.0-255,3961,100718,12,256152
21364,0.005186,172.31.36.0-255,66,100784,12,256152
21365,0.007213,74.125.130.0-255,5738,106522,12,256152
21366,0.007218,172.31.36.0-255,66,106588,12,256152
21367,0.009237,74.125.130.0-255,5738,112326,12,256152
21368,0.009245,172.31.36.0-255,66,112392,12,256152
21369,0.011268,74.125.130.0-255,5738,118130,12,256152
21370,0.011277,172.31.36.0-255,66,118196,12,256152
21371,0.013305,74.125.130.0-255,5738,123934,12,256152
21372,0.013315,172.31.36.0-255,66,124000,12,256152
21373,0.015344,74.125.130.0-255,5738,129738,12,256152
21374,0.015354,172.31.36.0-255,66,129804,12,256152
21375,0.017372,74.125.130.0-255,5738,135542,12,256152
21376,0.017381,172.31.36.0-255,66,135608,12,256152
21377,0.019391,74.125.130.0-255,5738,141346,12,256152
21378,0.019397,172.31.36.0-255,66,141412,12,256152
21379,0.021417,74.125.130.0-255,5738,147150,12,256152
21380,0.021425,172.31.36.0-255,66,147216,12,256152
21381,0.023442,74.125.130.0-255,5738,152954,12,256152
21382,0.02345,172.31.36.0-255,66,153020,12,256152
21383,0.025474,74.125.130.0-255,5738,158758,12,256152
21384,0.025481,172.31.36.0-255,66,158824,12,256152
21385,0.026638,172.31.36.0-255,171,158995,12,256152
21386,0.026671,172.31.36.0-255,1133,160128,12,256152
21387,0.026731,172.31.36.0-255,1514,161642,12,256152
21388,0.026733,172.31.36.0-255,1274,162916,12,256152
21389,0.027508,74.125.130.0-255,5738,168654,12,256152
21390,0.027515,172.31.36.0-255,66,168720,12,256152
21391,0.028184,104.244.42.0-255,66,168786,12,256152
21392,0.028192,104.244.42.0-255,66,168852,12,256152
21393,0.02829,104.244.42.0-255,66,168918,12,256152
21394,0.029354,104.244.42.0-255,108,169026,12,256152
21395,0.029367,172.31.36.0-255,66,169092,12,256152
21396,0.029546,74.125.130.0-255,5738,174830,12,256152
21397,0.029551,172.31.36.0-255,66,174896,12,256152
21398,0.031612,74.125.130.0-255,5738,180634,12,256152
21399,0.031619,172.31.36.0-255,66,180700,12,256152
21400,0.033635,74.125.130.0-255,5738,186438,12,256152
21401,0.033642,172.31.36.0-255,66,186504,12,256152
21402,0.035671,74.125.130.0-255,5738,192242,12,256152
21403,0.035677,172.31.36.0-255,66,192308,12,256152
21404,0.037698,74.125.130.0-255,5738,198046,12,256152
21405,0.037707,172.31.36.0-255,66,198112,12,256152
21406,0.039726,74.125.130.0-255,5738,203850,12,256152
21407,0.039732,172.31.36.0-255,66,203916,12,256152
21408,0.041755,74.125.130.0-255,5738,209654,12,256152
21409,0.041762,172.31.36.0-255,66,209720,12,256152
21410,0.043784,74.125.130.0-255,5738,215458,12,256152
21411,0.04379,172.31.36.0-255,66,215524,12,256152
21412,0.045822,74.125.130.0-255,5738,221262,12,256152
21413,0.045828,172.31.36.0-255,66,221328,12,256152
21414,0.047858,74.125.130.0-255,5738,227066,12,256152
21415,0.047865,172.31.36.0-255,66,227132,12,256152
21416,0.049894,74.125.130.0-255,5738,232870,12,256152
21417,0.049905,172.31.36.0-255,66,232936,12,256152
21418,0.051951,74.125.130.0-255,5738,238674,12,256152
21419,0.051961,172.31.36.0-255,66,238740,12,256152
21420,0.053995,74.125.130.0-255,5738,244478,12,256152
21421,0.054004,172.31.36.0-255,66,244544,12,256152
21422,0.056035,74.125.130.0-255,5738,250282,12,256152
21423,0.056042,172.31.36.0-255,66,250348,12,256152
21424,0.058077,74.125.130.0-255,5738,256086,12,256152
21425,0.058085,172.31.36.0-255,66,256152,12,256152
21426,0.0,74.125.24.0-255,146,146,12,189746
21427,2e-05,172.31.36.0-255,66,212,12,189746
21428,2.7e-05,74.125.24.0-255,1484,1696,12,189746
21429,3.1e-05,172.31.36.0-255,66,1762,12,189746
21430,4.5e-05,74.125.24.0-255,2902,4664,12,189746
21431,4.8e-05,172.31.36.0-255,66,4730,12,189746
21432,5.2e-05,74.125.24.0-255,2902,7632,12,189746
21433,5.6e-05,172.31.36.0-255,66,7698,12,189746
21434,9.8e-05,172.31.36.0-255,66,7764,12,189746
21435,0.000104,74.125.24.0-255,5738,13502,12,189746
21436,0.000106,172.31.36.0-255,66,13568,12,189746
21437,0.000166,172.31.36.0-255,66,13634,12,189746
21438,0.000242,74.125.24.0-255,1484,15118,12,189746
21439,0.000245,172.31.36.0-255,66,15184,12,189746
21440,0.000263,74.125.24.0-255,2902,18086,12,189746
21441,0.000283,172.31.36.0-255,66,18152,12,189746
21442,0.000291,74.125.24.0-255,5738,23890,12,189746
21443,0.000295,172.31.36.0-255,66,23956,12,189746
21444,0.0003,74.125.24.0-255,4320,28276,12,189746
21445,0.000302,172.31.36.0-255,66,28342,12,189746
21446,0.000325,74.125.24.0-255,2902,31244,12,189746
21447,0.000329,172.31.36.0-255,66,31310,12,189746
21448,0.000372,172.31.36.0-255,66,31376,12,189746
21449,0.00038,74.125.24.0-255,1484,32860,12,189746
21450,0.000382,172.31.36.0-255,66,32926,12,189746
21451,0.000448,74.125.24.0-255,2480,35406,12,189746
21452,0.000452,172.31.36.0-255,66,35472,12,189746
21453,0.000455,74.125.24.0-255,127,35599,12,189746
21454,0.000458,172.31.36.0-255,66,35665,12,189746
21455,0.000568,74.125.24.0-255,1484,37149,12,189746
21456,0.000576,74.125.24.0-255,2902,40051,12,189746
21457,0.00058,172.31.36.0-255,66,40117,12,189746
21458,0.000583,74.125.24.0-255,1484,41601,12,189746
21459,0.000604,74.125.24.0-255,4320,45921,12,189746
21460,0.000609,172.31.36.0-255,66,45987,12,189746
21461,0.000615,74.125.24.0-255,5738,51725,12,189746
21462,0.000618,172.31.36.0-255,66,51791,12,189746
21463,0.000653,172.31.36.0-255,66,51857,12,189746
21464,0.000685,74.125.24.0-255,4320,56177,12,189746
21465,0.000688,172.31.36.0-255,66,56243,12,189746
21466,0.000694,74.125.24.0-255,5020,61263,12,189746
21467,0.000696,172.31.36.0-255,66,61329,12,189746
21468,0.00085,74.125.24.0-255,1484,62813,12,189746
21469,0.000856,74.125.24.0-255,2902,65715,12,189746
21470,0.000862,172.31.36.0-255,66,65781,12,189746
21471,0.00089,74.125.24.0-255,5738,71519,12,189746
21472,0.000893,172.31.36.0-255,66,71585,12,189746
21473,0.000922,172.31.36.0-255,66,71651,12,189746
21474,0.000942,74.125.24.0-255,4320,75971,12,189746
21475,0.000946,172.31.36.0-255,66,76037,12,189746
21476,0.000957,172.31.36.0-255,66,76103,12,189746
21477,0.00099,74.125.24.0-255,2184,78287,12,189746
21478,0.000994,172.31.36.0-255,66,78353,12,189746
21479,0.001019,74.125.24.0-255,2902,81255,12,189746
21480,0.001023,172.31.36.0-255,66,81321,12,189746
21481,0.001028,74.125.24.0-255,4320,85641,12,189746
21482,0.00103,172.31.36.0-255,66,85707,12,189746
21483,0.001068,172.31.36.0-255,66,85773,12,189746
21484,0.001131,172.31.36.0-255,66,85839,12,189746
21485,0.001149,74.125.24.0-255,2902,88741,12,189746
21486,0.001152,172.31.36.0-255,66,88807,12,189746
21487,0.001157,74.125.24.0-255,3602,92409,12,189746
21488,0.00116,172.31.36.0-255,66,92475,12,189746
21489,0.001319,74.125.24.0-255,1484,93959,12,189746
21490,0.001352,74.125.24.0-255,1484,95443,12,189746
21491,0.001356,172.31.36.0-255,66,95509,12,189746
21492,0.001359,74.125.24.0-255,1484,96993,12,189746
21493,0.001381,74.125.24.0-255,1484,98477,12,189746
21494,0.001384,172.31.36.0-255,66,98543,12,189746
21495,0.001387,74.125.24.0-255,1484,100027,12,189746
21496,0.001393,74.125.24.0-255,5738,105765,12,189746
21497,0.001397,172.31.36.0-255,66,105831,12,189746
21498,0.001453,172.31.36.0-255,66,105897,12,189746
21499,0.001489,74.125.24.0-255,2902,108799,12,189746
21500,0.001493,172.31.36.0-255,66,108865,12,189746
21501,0.001524,74.125.24.0-255,5020,113885,12,189746
21502,0.001527,172.31.36.0-255,66,113951,12,189746
21503,0.002061,74.125.24.0-255,1484,115435,12,189746
21504,0.002084,74.125.24.0-255,2902,118337,12,189746
21505,0.002088,172.31.36.0-255,66,118403,12,189746
21506,0.002093,74.125.24.0-255,1484,119887,12,189746
21507,0.002099,74.125.24.0-255,5738,125625,12,189746
21508,0.002101,172.31.36.0-255,66,125691,12,189746
21509,0.002148,172.31.36.0-255,66,125757,12,189746
21510,0.002159,172.31.36.0-255,66,125823,12,189746
21511,0.002229,172.31.36.0-255,66,125889,12,189746
21512,0.002249,172.31.36.0-255,66,125955,12,189746
21513,0.002261,172.31.36.0-255,66,126021,12,189746
21514,0.002291,74.125.24.0-255,766,126787,12,189746
21515,0.002296,172.31.36.0-255,78,126865,12,189746
21516,0.002309,172.31.36.0-255,78,126943,12,189746
21517,0.002348,172.31.36.0-255,66,127009,12,189746
21518,0.002364,172.31.36.0-255,66,127075,12,189746
21519,0.002369,74.125.24.0-255,5738,132813,12,189746
21520,0.002372,172.31.36.0-255,66,132879,12,189746
21521,0.002389,74.125.24.0-255,5738,138617,12,189746
21522,0.002391,172.31.36.0-255,66,138683,12,189746
21523,0.00242,74.125.24.0-255,6438,145121,12,189746
21524,0.002425,172.31.36.0-255,66,145187,12,189746
21525,0.002428,74.125.24.0-255,1484,146671,12,189746
21526,0.002448,172.31.36.0-255,66,146737,12,189746
21527,0.00246,172.31.36.0-255,66,146803,12,189746
21528,0.002462,74.125.24.0-255,1484,148287,12,189746
21529,0.002533,74.125.24.0-255,3602,151889,12,189746
21530,0.002537,172.31.36.0-255,66,151955,12,189746
21531,0.00254,74.125.24.0-255,1484,153439,12,189746
21532,0.002546,74.125.24.0-255,5738,159177,12,189746
21533,0.002548,172.31.36.0-255,66,159243,12,189746
21534,0.002555,74.125.24.0-255,7156,166399,12,189746
21535,0.002557,172.31.36.0-255,66,166465,12,189746
21536,0.00256,74.125.24.0-255,1484,167949,12,189746
21537,0.002594,74.125.24.0-255,5738,173687,12,189746
21538,0.002597,172.31.36.0-255,66,173753,12,189746
21539,0.002608,172.31.36.0-255,66,173819,12,189746
21540,0.002611,74.125.24.0-255,2184,176003,12,189746
21541,0.002614,172.31.36.0-255,66,176069,12,189746
21542,0.002655,74.125.24.0-255,2902,178971,12,189746
21543,0.002658,172.31.36.0-255,66,179037,12,189746
21544,0.002663,74.125.24.0-255,4320,183357,12,189746
21545,0.002665,172.31.36.0-255,66,183423,12,189746
21546,0.002706,74.125.24.0-255,3861,187284,12,189746
21547,0.002709,172.31.36.0-255,66,187350,12,189746
21548,0.002731,74.125.24.0-255,105,187455,12,189746
21549,0.009311,172.31.36.0-255,66,187521,12,189746
21550,0.009341,172.31.36.0-255,105,187626,12,189746
21551,0.011234,74.125.24.0-255,66,187692,12,189746
21552,0.036235,172.31.36.0-255,172,187864,12,189746
21553,0.036285,172.31.36.0-255,1108,188972,12,189746
21554,0.036329,172.31.36.0-255,576,189548,12,189746
21555,0.037777,104.244.42.0-255,66,189614,12,189746
21556,0.037813,104.244.42.0-255,66,189680,12,189746
21557,0.037869,104.244.42.0-255,66,189746,12,189746
21558,0.0,74.125.24.0-255,146,146,12,294262
21559,2.2e-05,172.31.36.0-255,66,212,12,294262
21560,3e-05,74.125.24.0-255,1484,1696,12,294262
21561,3.4e-05,172.31.36.0-255,66,1762,12,294262
21562,4e-05,74.125.24.0-255,2902,4664,12,294262
21563,4.3e-05,172.31.36.0-255,66,4730,12,294262
21564,5.1e-05,74.125.24.0-255,7156,11886,12,294262
21565,5.3e-05,172.31.36.0-255,66,11952,12,294262
21566,6.6e-05,74.125.24.0-255,2047,13999,12,294262
21567,6.9e-05,172.31.36.0-255,66,14065,12,294262
21568,0.000106,74.125.24.0-255,2902,16967,12,294262
21569,0.000109,172.31.36.0-255,66,17033,12,294262
21570,0.000113,74.125.24.0-255,1484,18517,12,294262
21571,0.000115,172.31.36.0-255,66,18583,12,294262
21572,0.000129,74.125.24.0-255,1484,20067,12,294262
21573,0.000131,172.31.36.0-255,66,20133,12,294262
21574,0.000139,74.125.24.0-255,7156,27289,12,294262
21575,0.000141,172.31.36.0-255,66,27355,12,294262
21576,0.000171,74.125.24.0-255,3961,31316,12,294262
21577,0.000174,172.31.36.0-255,66,31382,12,294262
21578,0.000664,74.125.24.0-255,1484,32866,12,294262
21579,0.000669,172.31.36.0-255,66,32932,12,294262
21580,0.000676,74.125.24.0-255,2902,35834,12,294262
21581,0.000678,172.31.36.0-255,66,35900,12,294262
21582,0.000684,74.125.24.0-255,5738,41638,12,294262
21583,0.000686,172.31.36.0-255,66,41704,12,294262
21584,0.000727,172.31.36.0-255,66,41770,12,294262
21585,0.000737,172.31.36.0-255,66,41836,12,294262
21586,0.000772,74.125.24.0-255,1459,43295,12,294262
21587,0.000775,172.31.36.0-255,66,43361,12,294262
21588,0.000808,74.125.24.0-255,344,43705,12,294262
21589,0.001085,172.31.36.0-255,66,43771,12,294262
21590,0.001101,74.125.24.0-255,1484,45255,12,294262
21591,0.001107,74.125.24.0-255,2902,48157,12,294262
21592,0.001109,172.31.36.0-255,66,48223,12,294262
21593,0.001116,74.125.24.0-255,5738,53961,12,294262
21594,0.001117,172.31.36.0-255,66,54027,12,294262
21595,0.00114,74.125.24.0-255,4320,58347,12,294262
21596,0.001144,172.31.36.0-255,66,58413,12,294262
21597,0.00119,172.31.36.0-255,66,58479,12,294262
21598,0.001232,172.31.36.0-255,66,58545,12,294262
21599,0.001578,74.125.24.0-255,1484,60029,12,294262
21600,0.001587,74.125.24.0-255,2902,62931,12,294262
21601,0.001605,172.31.36.0-255,66,62997,12,294262
21602,0.001613,74.125.24.0-255,5738,68735,12,294262
21603,0.001615,172.31.36.0-255,66,68801,12,294262
21604,0.00162,74.125.24.0-255,2902,71703,12,294262
21605,0.001622,172.31.36.0-255,66,71769,12,294262
21606,0.001739,74.125.24.0-255,1484,73253,12,294262
21607,0.001764,74.125.24.0-255,2902,76155,12,294262
21608,0.001772,74.125.24.0-255,5738,81893,12,294262
21609,0.001787,74.125.24.0-255,2902,84795,12,294262
21610,0.001806,74.125.24.0-255,7156,91951,12,294262
21611,0.001814,74.125.24.0-255,7156,99107,12,294262
21612,0.001828,74.125.24.0-255,4320,103427,12,294262
21613,0.00184,74.125.24.0-255,2184,105611,12,294262
21614,0.001965,74.125.24.0-255,1484,107095,12,294262
21615,0.001972,74.125.24.0-255,2902,109997,12,294262
21616,0.001991,74.125.24.0-255,1484,111481,12,294262
21617,0.001994,74.125.24.0-255,1484,112965,12,294262
21618,0.002011,74.125.24.0-255,1484,114449,12,294262
21619,0.002016,74.125.24.0-255,4320,118769,12,294262
21620,0.002029,74.125.24.0-255,1484,120253,12,294262
21621,0.002032,74.125.24.0-255,1484,121737,12,294262
21622,0.002059,74.125.24.0-255,2902,124639,12,294262
21623,0.002065,74.125.24.0-255,6438,131077,12,294262
21624,0.002171,74.125.24.0-255,1484,132561,12,294262
21625,0.002177,74.125.24.0-255,2902,135463,12,294262
21626,0.002187,74.125.24.0-255,1484,136947,12,294262
21627,0.0022,74.125.24.0-255,4320,141267,12,294262
21628,0.002203,74.125.24.0-255,1484,142751,12,294262
21629,0.002243,74.125.24.0-255,4320,147071,12,294262
21630,0.002258,74.125.24.0-255,4320,151391,12,294262
21631,0.002285,74.125.24.0-255,5020,156411,12,294262
21632,0.005648,172.31.36.0-255,66,156477,12,294262
21633,0.007965,74.125.24.0-255,5738,162215,12,294262
21634,0.007971,172.31.36.0-255,66,162281,12,294262
21635,0.010236,74.125.24.0-255,5738,168019,12,294262
21636,0.010243,172.31.36.0-255,66,168085,12,294262
21637,0.01252,74.125.24.0-255,5738,173823,12,294262
21638,0.012529,172.31.36.0-255,66,173889,12,294262
21639,0.014801,74.125.24.0-255,5738,179627,12,294262
21640,0.014811,172.31.36.0-255,66,179693,12,294262
21641,0.017105,74.125.24.0-255,5738,185431,12,294262
21642,0.017122,172.31.36.0-255,66,185497,12,294262
21643,0.019409,74.125.24.0-255,5738,191235,12,294262
21644,0.019424,172.31.36.0-255,66,191301,12,294262
21645,0.02175,74.125.24.0-255,5738,197039,12,294262
21646,0.021901,172.31.36.0-255,66,197105,12,294262
21647,0.02415,74.125.24.0-255,5738,202843,12,294262
21648,0.024159,172.31.36.0-255,66,202909,12,294262
21649,0.026434,74.125.24.0-255,5738,208647,12,294262
21650,0.026441,172.31.36.0-255,66,208713,12,294262
21651,0.028704,74.125.24.0-255,5738,214451,12,294262
21652,0.02871,172.31.36.0-255,66,214517,12,294262
21653,0.030993,74.125.24.0-255,5738,220255,12,294262
21654,0.031001,172.31.36.0-255,66,220321,12,294262
21655,0.033274,74.125.24.0-255,5738,226059,12,294262
21656,0.033281,172.31.36.0-255,66,226125,12,294262
21657,0.035566,74.125.24.0-255,5738,231863,12,294262
21658,0.035575,172.31.36.0-255,66,231929,12,294262
21659,0.037828,74.125.24.0-255,5738,237667,12,294262
21660,0.037836,172.31.36.0-255,66,237733,12,294262
21661,0.039925,172.31.36.0-255,172,237905,12,294262
21662,0.039954,172.31.36.0-255,1108,239013,12,294262
21663,0.040017,172.31.36.0-255,1514,240527,12,294262
21664,0.040019,172.31.36.0-255,1301,241828,12,294262
21665,0.040096,74.125.24.0-255,5738,247566,12,294262
21666,0.0401,172.31.36.0-255,66,247632,12,294262
21667,0.041477,104.244.42.0-255,66,247698,12,294262
21668,0.041507,104.244.42.0-255,66,247764,12,294262
21669,0.041527,104.244.42.0-255,66,247830,12,294262
21670,0.042362,74.125.24.0-255,5738,253568,12,294262
21671,0.042368,172.31.36.0-255,66,253634,12,294262
21672,0.044651,74.125.24.0-255,5738,259372,12,294262
21673,0.044659,172.31.36.0-255,66,259438,12,294262
21674,0.046907,74.125.24.0-255,5738,265176,12,294262
21675,0.046913,172.31.36.0-255,66,265242,12,294262
21676,0.049185,74.125.24.0-255,5738,270980,12,294262
21677,0.049192,172.31.36.0-255,66,271046,12,294262
21678,0.051445,74.125.24.0-255,5738,276784,12,294262
21679,0.051452,172.31.36.0-255,66,276850,12,294262
21680,0.05372,74.125.24.0-255,5738,282588,12,294262
21681,0.053726,172.31.36.0-255,66,282654,12,294262
21682,0.056012,74.125.24.0-255,5738,288392,12,294262
21683,0.056018,172.31.36.0-255,66,288458,12,294262
21684,0.058303,74.125.24.0-255,5738,294196,12,294262
21685,0.05831,172.31.36.0-255,66,294262,12,294262
21686,0.0,74.125.68.0-255,297,297,12,301302
21687,3e-05,172.31.36.0-255,66,363,12,301302
21688,3.6e-05,74.125.68.0-255,1484,1847,12,301302
21689,4e-05,172.31.36.0-255,66,1913,12,301302
21690,5.2e-05,74.125.68.0-255,1484,3397,12,301302
21691,5.5e-05,172.31.36.0-255,66,3463,12,301302
21692,7.3e-05,74.125.68.0-255,2902,6365,12,301302
21693,7.6e-05,172.31.36.0-255,66,6431,12,301302
21694,8.2e-05,74.125.68.0-255,5738,12169,12,301302
21695,8.4e-05,172.31.36.0-255,66,12235,12,301302
21696,0.000111,74.125.68.0-255,6103,18338,12,301302
21697,0.000114,172.31.36.0-255,66,18404,12,301302
21698,0.00014,74.125.68.0-255,7156,25560,12,301302
21699,0.000144,172.31.36.0-255,66,25626,12,301302
21700,0.000171,74.125.68.0-255,2902,28528,12,301302
21701,0.000174,172.31.36.0-255,66,28594,12,301302
21702,0.000196,74.125.68.0-255,2543,31137,12,301302
21703,0.000199,172.31.36.0-255,66,31203,12,301302
21704,0.000316,74.125.68.0-255,1484,32687,12,301302
21705,0.000323,172.31.36.0-255,66,32753,12,301302
21706,0.000329,74.125.68.0-255,2902,35655,12,301302
21707,0.000332,172.31.36.0-255,66,35721,12,301302
21708,0.000353,74.125.68.0-255,4320,40041,12,301302
21709,0.000359,172.31.36.0-255,66,40107,12,301302
21710,0.000372,74.125.68.0-255,1484,41591,12,301302
21711,0.000375,172.31.36.0-255,66,41657,12,301302
21712,0.000381,74.125.68.0-255,2902,44559,12,301302
21713,0.000383,172.31.36.0-255,66,44625,12,301302
21714,0.000414,74.125.68.0-255,4320,48945,12,301302
21715,0.000418,172.31.36.0-255,66,49011,12,301302
21716,0.000422,74.125.68.0-255,1484,50495,12,301302
21717,0.000424,172.31.36.0-255,66,50561,12,301302
21718,0.000437,74.125.68.0-255,2902,53463,12,301302
21719,0.00044,172.31.36.0-255,66,53529,12,301302
21720,0.000472,74.125.68.0-255,5738,59267,12,301302
21721,0.000475,172.31.36.0-255,66,59333,12,301302
21722,0.000478,74.125.68.0-255,1484,60817,12,301302
21723,0.000492,74.125.68.0-255,2902,63719,12,301302
21724,0.000495,172.31.36.0-255,66,63785,12,301302
21725,0.000533,74.125.68.0-255,2184,65969,12,301302
21726,0.000536,172.31.36.0-255,66,66035,12,301302
21727,0.000587,74.125.68.0-255,413,66448,12,301302
21728,0.000637,74.125.68.0-255,1484,67932,12,301302
21729,0.000641,172.31.36.0-255,66,67998,12,301302
21730,0.00066,74.125.68.0-255,2902,70900,12,301302
21731,0.000663,172.31.36.0-255,66,70966,12,301302
21732,0.000683,74.125.68.0-255,2902,73868,12,301302
21733,0.000685,172.31.36.0-255,66,73934,12,301302
21734,0.0007,74.125.68.0-255,4320,78254,12,301302
21735,0.000703,172.31.36.0-255,66,78320,12,301302
21736,0.000729,74.125.68.0-255,1484,79804,12,301302
21737,0.000749,74.125.68.0-255,4320,84124,12,301302
21738,0.000751,172.31.36.0-255,66,84190,12,301302
21739,0.000758,74.125.68.0-255,5738,89928,12,301302
21740,0.000761,172.31.36.0-255,66,89994,12,301302
21741,0.000782,74.125.68.0-255,1484,91478,12,301302
21742,0.000788,74.125.68.0-255,4320,95798,12,301302
21743,0.00079,172.31.36.0-255,66,95864,12,301302
21744,0.000814,74.125.68.0-255,5020,100884,12,301302
21745,0.000817,172.31.36.0-255,66,100950,12,301302
21746,0.001673,74.125.68.0-255,1484,102434,12,301302
21747,0.001682,74.125.68.0-255,2902,105336,12,301302
21748,0.001687,172.31.36.0-255,66,105402,12,301302
21749,0.001691,74.125.68.0-255,1484,106886,12,301302
21750,0.001697,74.125.68.0-255,1484,108370,12,301302
21751,0.001699,172.31.36.0-255,66,108436,12,301302
21752,0.001721,74.125.68.0-255,1484,109920,12,301302
21753,0.001726,74.125.68.0-255,2902,112822,12,301302
21754,0.001729,172.31.36.0-255,66,112888,12,301302
21755,0.001748,74.125.68.0-255,2902,115790,12,301302
21756,0.001751,172.31.36.0-255,66,115856,12,301302
21757,0.001759,74.125.68.0-255,7156,123012,12,301302
21758,0.001761,172.31.36.0-255,66,123078,12,301302
21759,0.001778,74.125.68.0-255,1484,124562,12,301302
21760,0.001786,74.125.68.0-255,7156,131718,12,301302
21761,0.001789,172.31.36.0-255,66,131784,12,301302
21762,0.001808,74.125.68.0-255,2902,134686,12,301302
21763,0.001811,172.31.36.0-255,66,134752,12,301302
21764,0.001814,74.125.68.0-255,766,135518,12,301302
21765,0.002091,74.125.68.0-255,1484,137002,12,301302
21766,0.002097,172.31.36.0-255,66,137068,12,301302
21767,0.002102,74.125.68.0-255,1484,138552,12,301302
21768,0.002121,74.125.68.0-255,2902,141454,12,301302
21769,0.002124,172.31.36.0-255,66,141520,12,301302
21770,0.00213,74.125.68.0-255,5738,147258,12,301302
21771,0.002133,172.31.36.0-255,66,147324,12,301302
21772,0.00215,74.125.68.0-255,2902,150226,12,301302
21773,0.002153,172.31.36.0-255,66,150292,12,301302
21774,0.002186,172.31.36.0-255,66,150358,12,301302
21775,0.002204,74.125.68.0-255,1484,151842,12,301302
21776,0.002235,172.31.36.0-255,66,151908,12,301302
21777,0.004539,74.125.68.0-255,5738,157646,12,301302
21778,0.004548,172.31.36.0-255,66,157712,12,301302
21779,0.00684,74.125.68.0-255,5738,163450,12,301302
21780,0.00685,172.31.36.0-255,66,163516,12,301302
21781,0.009174,74.125.68.0-255,5738,169254,12,301302
21782,0.009184,172.31.36.0-255,66,169320,12,301302
21783,0.011469,74.125.68.0-255,5738,175058,12,301302
21784,0.011473,172.31.36.0-255,66,175124,12,301302
21785,0.013768,74.125.68.0-255,5738,180862,12,301302
21786,0.013776,172.31.36.0-255,66,180928,12,301302
21787,0.01606,74.125.68.0-255,5738,186666,12,301302
21788,0.01607,172.31.36.0-255,66,186732,12,301302
21789,0.018369,74.125.68.0-255,5738,192470,12,301302
21790,0.018382,172.31.36.0-255,66,192536,12,301302
21791,0.02068,74.125.68.0-255,5738,198274,12,301302
21792,0.020689,172.31.36.0-255,66,198340,12,301302
21793,0.022979,74.125.68.0-255,5738,204078,12,301302
21794,0.022988,172.31.36.0-255,66,204144,12,301302
21795,0.025297,74.125.68.0-255,5738,209882,12,301302
21796,0.025305,172.31.36.0-255,66,209948,12,301302
21797,0.027606,74.125.68.0-255,5738,215686,12,301302
21798,0.027614,172.31.36.0-255,66,215752,12,301302
21799,0.029337,172.31.36.0-255,175,215927,12,301302
21800,0.029369,172.31.36.0-255,1132,217059,12,301302
21801,0.029425,172.31.36.0-255,1514,218573,12,301302
21802,0.029427,172.31.36.0-255,1275,219848,12,301302
21803,0.029892,74.125.68.0-255,5738,225586,12,301302
21804,0.0299,172.31.36.0-255,66,225652,12,301302
21805,0.030864,104.244.42.0-255,66,225718,12,301302
21806,0.030914,104.244.42.0-255,66,225784,12,301302
21807,0.030955,104.244.42.0-255,66,225850,12,301302
21808,0.032193,74.125.68.0-255,5738,231588,12,301302
21809,0.032201,172.31.36.0-255,66,231654,12,301302
21810,0.034489,74.125.68.0-255,5738,237392,12,301302
21811,0.034496,172.31.36.0-255,66,237458,12,301302
21812,0.036792,74.125.68.0-255,5738,243196,12,301302
21813,0.0368,172.31.36.0-255,66,243262,12,301302
21814,0.039094,74.125.68.0-255,5738,249000,12,301302
21815,0.039101,172.31.36.0-255,66,249066,12,301302
21816,0.041403,74.125.68.0-255,5738,254804,12,301302
21817,0.041414,172.31.36.0-255,66,254870,12,301302
21818,0.043724,74.125.68.0-255,5738,260608,12,301302
21819,0.043731,172.31.36.0-255,66,260674,12,301302
21820,0.046024,74.125.68.0-255,5738,266412,12,301302
21821,0.046031,172.31.36.0-255,66,266478,12,301302
21822,0.048323,74.125.68.0-255,5738,272216,12,301302
21823,0.04833,172.31.36.0-255,66,272282,12,301302
21824,0.05062,74.125.68.0-255,5738,278020,12,301302
21825,0.050627,172.31.36.0-255,66,278086,12,301302
21826,0.052927,74.125.68.0-255,5738,283824,12,301302
21827,0.052935,172.31.36.0-255,66,283890,12,301302
21828,0.055237,74.125.68.0-255,5738,289628,12,301302
21829,0.055244,172.31.36.0-255,66,289694,12,301302
21830,0.057548,74.125.68.0-255,5738,295432,12,301302
21831,0.057554,172.31.36.0-255,66,295498,12,301302
21832,0.059846,74.125.68.0-255,5738,301236,12,301302
21833,0.059853,172.31.36.0-255,66,301302,12,301302
21834,0.0,172.31.36.0-255,105,105,12,105
21835,0.0,74.125.24.0-255,296,296,12,296446
21836,3.5e-05,172.31.36.0-255,66,362,12,296446
21837,4.2e-05,74.125.24.0-255,1484,1846,12,296446
21838,4.7e-05,172.31.36.0-255,66,1912,12,296446
21839,5.4e-05,74.125.24.0-255,4320,6232,12,296446
21840,5.7e-05,172.31.36.0-255,66,6298,12,296446
21841,6.8e-05,172.31.36.0-255,66,6364,12,296446
21842,7.5e-05,74.125.24.0-255,5738,12102,12,296446
21843,7.7e-05,172.31.36.0-255,66,12168,12,296446
21844,0.000106,172.31.36.0-255,66,12234,12,296446
21845,0.000196,74.125.24.0-255,1484,13718,12,296446
21846,0.000204,172.31.36.0-255,66,13784,12,296446
21847,0.00021,74.125.24.0-255,2902,16686,12,296446
21848,0.000212,172.31.36.0-255,66,16752,12,296446
21849,0.000221,74.125.24.0-255,5738,22490,12,296446
21850,0.000223,172.31.36.0-255,66,22556,12,296446
21851,0.000273,74.125.24.0-255,6797,29353,12,296446
21852,0.000276,172.31.36.0-255,66,29419,12,296446
21853,0.000327,74.125.24.0-255,1484,30903,12,296446
21854,0.00033,172.31.36.0-255,66,30969,12,296446
21855,0.000334,74.125.24.0-255,2902,33871,12,296446
21856,0.000336,172.31.36.0-255,66,33937,12,296446
21857,0.000343,74.125.24.0-255,5738,39675,12,296446
21858,0.000345,172.31.36.0-255,66,39741,12,296446
21859,0.000393,74.125.24.0-255,7130,46871,12,296446
21860,0.000399,172.31.36.0-255,66,46937,12,296446
21861,0.000403,74.125.24.0-255,111,47048,12,296446
21862,0.000405,172.31.36.0-255,66,47114,12,296446
21863,0.000666,74.125.24.0-255,330,47444,12,296446
21864,0.000671,172.31.36.0-255,66,47510,12,296446
21865,0.001414,74.125.24.0-255,1484,48994,12,296446
21866,0.001428,74.125.24.0-255,2902,51896,12,296446
21867,0.001433,172.31.36.0-255,66,51962,12,296446
21868,0.001455,74.125.24.0-255,4320,56282,12,296446
21869,0.001458,172.31.36.0-255,66,56348,12,296446
21870,0.001463,74.125.24.0-255,2902,59250,12,296446
21871,0.001465,172.31.36.0-255,66,59316,12,296446
21872,0.001478,74.125.24.0-255,2902,62218,12,296446
21873,0.00148,172.31.36.0-255,66,62284,12,296446
21874,0.001484,74.125.24.0-255,1484,63768,12,296446
21875,0.001515,172.31.36.0-255,66,63834,12,296446
21876,0.001523,74.125.24.0-255,6797,70631,12,296446
21877,0.001525,172.31.36.0-255,66,70697,12,296446
21878,0.001591,74.125.24.0-255,1484,72181,12,296446
21879,0.001607,74.125.24.0-255,2902,75083,12,296446
21880,0.00161,172.31.36.0-255,66,75149,12,296446
21881,0.001617,74.125.24.0-255,5738,80887,12,296446
21882,0.001619,172.31.36.0-255,66,80953,12,296446
21883,0.001644,74.125.24.0-255,5738,86691,12,296446
21884,0.001646,172.31.36.0-255,66,86757,12,296446
21885,0.001664,74.125.24.0-255,7156,93913,12,296446
21886,0.001666,172.31.36.0-255,66,93979,12,296446
21887,0.001669,74.125.24.0-255,1484,95463,12,296446
21888,0.001717,74.125.24.0-255,7156,102619,12,296446
21889,0.001721,172.31.36.0-255,66,102685,12,296446
21890,0.001738,74.125.24.0-255,2184,104869,12,296446
21891,0.001741,172.31.36.0-255,66,104935,12,296446
21892,0.001766,74.125.24.0-255,1484,106419,12,296446
21893,0.001786,74.125.24.0-255,2902,109321,12,296446
21894,0.001789,172.31.36.0-255,66,109387,12,296446
21895,0.001798,74.125.24.0-255,5738,115125,12,296446
21896,0.0018,172.31.36.0-255,66,115191,12,296446
21897,0.001859,74.125.24.0-255,7156,122347,12,296446
21898,0.001863,172.31.36.0-255,66,122413,12,296446
21899,0.001879,172.31.36.0-255,66,122479,12,296446
21900,0.001884,74.125.24.0-255,2184,124663,12,296446
21901,0.001886,172.31.36.0-255,66,124729,12,296446
21902,0.003845,74.125.24.0-255,5738,130467,12,296446
21903,0.003853,172.31.36.0-255,66,130533,12,296446
21904,0.005818,74.125.24.0-255,5738,136271,12,296446
21905,0.005824,172.31.36.0-255,66,136337,12,296446
21906,0.007802,74.125.24.0-255,5738,142075,12,296446
21907,0.007806,172.31.36.0-255,66,142141,12,296446
21908,0.009765,74.125.24.0-255,5738,147879,12,296446
21909,0.009775,172.31.36.0-255,66,147945,12,296446
21910,0.011778,74.125.24.0-255,5738,153683,12,296446
21911,0.011792,172.31.36.0-255,66,153749,12,296446
21912,0.01379,74.125.24.0-255,5738,159487,12,296446
21913,0.013799,172.31.36.0-255,66,159553,12,296446
21914,0.015806,74.125.24.0-255,5738,165291,12,296446
21915,0.015823,172.31.36.0-255,66,165357,12,296446
21916,0.017797,74.125.24.0-255,5738,171095,12,296446
21917,0.017813,172.31.36.0-255,66,171161,12,296446
21918,0.019821,74.125.24.0-255,5738,176899,12,296446
21919,0.019831,172.31.36.0-255,66,176965,12,296446
21920,0.021815,74.125.24.0-255,5738,182703,12,296446
21921,0.021828,172.31.36.0-255,66,182769,12,296446
21922,0.023823,74.125.24.0-255,5738,188507,12,296446
21923,0.023836,172.31.36.0-255,66,188573,12,296446
21924,0.025847,74.125.24.0-255,5738,194311,12,296446
21925,0.025861,172.31.36.0-255,66,194377,12,296446
21926,0.027856,74.125.24.0-255,5738,200115,12,296446
21927,0.027864,172.31.36.0-255,66,200181,12,296446
21928,0.029854,74.125.24.0-255,5738,205919,12,296446
21929,0.029862,172.31.36.0-255,66,205985,12,296446
21930,0.031836,74.125.24.0-255,5738,211723,12,296446
21931,0.031842,172.31.36.0-255,66,211789,12,296446
21932,0.03317,172.31.36.0-255,172,211961,12,296446
21933,0.033203,172.31.36.0-255,1107,213068,12,296446
21934,0.033245,172.31.36.0-255,1514,214582,12,296446
21935,0.033246,172.31.36.0-255,1300,215882,12,296446
21936,0.033846,74.125.24.0-255,5738,221620,12,296446
21937,0.033853,172.31.36.0-255,66,221686,12,296446
21938,0.034701,104.244.42.0-255,66,221752,12,296446
21939,0.034757,104.244.42.0-255,66,221818,12,296446
21940,0.034807,104.244.42.0-255,66,221884,12,296446
21941,0.035824,74.125.24.0-255,5738,227622,12,296446
21942,0.035831,172.31.36.0-255,66,227688,12,296446
21943,0.037819,74.125.24.0-255,4320,232008,12,296446
21944,0.037827,172.31.36.0-255,66,232074,12,296446
21945,0.037844,74.125.24.0-255,1484,233558,12,296446
21946,0.039798,74.125.24.0-255,4320,237878,12,296446
21947,0.039809,172.31.36.0-255,66,237944,12,296446
21948,0.041813,74.125.24.0-255,5738,243682,12,296446
21949,0.041818,172.31.36.0-255,66,243748,12,296446
21950,0.043771,74.125.24.0-255,2902,246650,12,296446
21951,0.043777,172.31.36.0-255,66,246716,12,296446
21952,0.04381,74.125.24.0-255,2902,249618,12,296446
21953,0.043813,172.31.36.0-255,66,249684,12,296446
21954,0.045704,74.125.24.0-255,2902,252586,12,296446
21955,0.04571,172.31.36.0-255,66,252652,12,296446
21956,0.045776,74.125.24.0-255,2902,255554,12,296446
21957,0.045781,172.31.36.0-255,66,255620,12,296446
21958,0.047673,74.125.24.0-255,2902,258522,12,296446
21959,0.047678,172.31.36.0-255,66,258588,12,296446
21960,0.047752,74.125.24.0-255,2902,261490,12,296446
21961,0.047757,172.31.36.0-255,66,261556,12,296446
21962,0.049634,74.125.24.0-255,1484,263040,12,296446
21963,0.049744,74.125.24.0-255,4320,267360,12,296446
21964,0.049749,172.31.36.0-255,66,267426,12,296446
21965,0.05171,74.125.24.0-255,5738,273164,12,296446
21966,0.051716,172.31.36.0-255,66,273230,12,296446
21967,0.053688,74.125.24.0-255,5738,278968,12,296446
21968,0.053695,172.31.36.0-255,66,279034,12,296446
21969,0.05572,74.125.24.0-255,5738,284772,12,296446
21970,0.055726,172.31.36.0-255,66,284838,12,296446
21971,0.057738,74.125.24.0-255,5738,290576,12,296446
21972,0.057748,172.31.36.0-255,66,290642,12,296446
21973,0.059721,74.125.24.0-255,5738,296380,12,296446
21974,0.059726,172.31.36.0-255,66,296446,12,296446
21975,0.0,74.125.24.0-255,147,147,12,161703
21976,1.4e-05,172.31.36.0-255,66,213,12,161703
21977,2.1e-05,74.125.24.0-255,1484,1697,12,161703
21978,2.6e-05,172.31.36.0-255,66,1763,12,161703
21979,4e-05,74.125.24.0-255,2902,4665,12,161703
21980,4.4e-05,172.31.36.0-255,66,4731,12,161703
21981,5.2e-05,74.125.24.0-255,7156,11887,12,161703
21982,5.6e-05,172.31.36.0-255,66,11953,12,161703
21983,7e-05,172.31.36.0-255,66,12019,12,161703
21984,0.000115,74.125.24.0-255,6797,18816,12,161703
21985,0.000118,172.31.36.0-255,66,18882,12,161703
21986,0.000165,74.125.24.0-255,1484,20366,12,161703
21987,0.000168,172.31.36.0-255,66,20432,12,161703
21988,0.000173,74.125.24.0-255,2902,23334,12,161703
21989,0.000175,172.31.36.0-255,66,23400,12,161703
21990,0.000182,74.125.24.0-255,4320,27720,12,161703
21991,0.000189,172.31.36.0-255,66,27786,12,161703
21992,0.000213,74.125.24.0-255,1484,29270,12,161703
21993,0.000215,172.31.36.0-255,66,29336,12,161703
21994,0.000229,172.31.36.0-255,66,29402,12,161703
21995,0.000233,74.125.24.0-255,1484,30886,12,161703
21996,0.000235,172.31.36.0-255,66,30952,12,161703
21997,0.000307,172.31.36.0-255,66,31018,12,161703
21998,0.000311,74.125.24.0-255,134,31152,12,161703
21999,0.000313,172.31.36.0-255,66,31218,12,161703
22000,0.000315,74.125.24.0-255,348,31566,12,161703
22001,0.000317,172.31.36.0-255,66,31632,12,161703
22002,0.000473,74.125.24.0-255,1484,33116,12,161703
22003,0.000478,172.31.36.0-255,66,33182,12,161703
22004,0.000485,74.125.24.0-255,2902,36084,12,161703
22005,0.000488,172.31.36.0-255,66,36150,12,161703
22006,0.0005,74.125.24.0-255,5738,41888,12,161703
22007,0.000502,172.31.36.0-255,66,41954,12,161703
22008,0.000508,74.125.24.0-255,5738,47692,12,161703
22009,0.000511,172.31.36.0-255,66,47758,12,161703
22010,0.000554,74.125.24.0-255,7156,54914,12,161703
22011,0.000557,172.31.36.0-255,66,54980,12,161703
22012,0.000574,172.31.36.0-255,66,55046,12,161703
22013,0.000752,74.125.24.0-255,1484,56530,12,161703
22014,0.000759,74.125.24.0-255,2902,59432,12,161703
22015,0.000762,172.31.36.0-255,66,59498,12,161703
22016,0.000794,74.125.24.0-255,5738,65236,12,161703
22017,0.000798,172.31.36.0-255,66,65302,12,161703
22018,0.000816,172.31.36.0-255,66,65368,12,161703
22019,0.000829,172.31.36.0-255,66,65434,12,161703
22020,0.000853,74.125.24.0-255,2902,68336,12,161703
22021,0.000856,172.31.36.0-255,66,68402,12,161703
22022,0.000885,74.125.24.0-255,2902,71304,12,161703
22023,0.000887,172.31.36.0-255,66,71370,12,161703
22024,0.000895,74.125.24.0-255,7156,78526,12,161703
22025,0.000897,172.31.36.0-255,66,78592,12,161703
22026,0.0009,74.125.24.0-255,1484,80076,12,161703
22027,0.00094,172.31.36.0-255,66,80142,12,161703
22028,0.000966,74.125.24.0-255,6438,86580,12,161703
22029,0.000969,172.31.36.0-255,66,86646,12,161703
22030,0.001003,74.125.24.0-255,1484,88130,12,161703
22031,0.001008,74.125.24.0-255,2902,91032,12,161703
22032,0.001011,172.31.36.0-255,66,91098,12,161703
22033,0.00104,74.125.24.0-255,5738,96836,12,161703
22034,0.001044,172.31.36.0-255,66,96902,12,161703
22035,0.001047,74.125.24.0-255,1484,98386,12,161703
22036,0.001077,172.31.36.0-255,66,98452,12,161703
22037,0.001106,74.125.24.0-255,2902,101354,12,161703
22038,0.001108,172.31.36.0-255,66,101420,12,161703
22039,0.001115,74.125.24.0-255,5738,107158,12,161703
22040,0.001118,172.31.36.0-255,66,107224,12,161703
22041,0.001124,74.125.24.0-255,5020,112244,12,161703
22042,0.001131,172.31.36.0-255,66,112310,12,161703
22043,0.001137,74.125.24.0-255,5738,118048,12,161703
22044,0.00114,172.31.36.0-255,66,118114,12,161703
22045,0.001189,172.31.36.0-255,66,118180,12,161703
22046,0.001202,172.31.36.0-255,66,118246,12,161703
22047,0.001265,74.125.24.0-255,3602,121848,12,161703
22048,0.001268,172.31.36.0-255,66,121914,12,161703
22049,0.001337,74.125.24.0-255,1484,123398,12,161703
22050,0.001343,74.125.24.0-255,2902,126300,12,161703
22051,0.001346,172.31.36.0-255,66,126366,12,161703
22052,0.001382,74.125.24.0-255,5738,132104,12,161703
22053,0.001385,172.31.36.0-255,66,132170,12,161703
22054,0.001393,74.125.24.0-255,5738,137908,12,161703
22055,0.001395,172.31.36.0-255,66,137974,12,161703
22056,0.00142,172.31.36.0-255,66,138040,12,161703
22057,0.001427,74.125.24.0-255,5020,143060,12,161703
22058,0.00143,172.31.36.0-255,66,143126,12,161703
22059,0.001525,74.125.24.0-255,1484,144610,12,161703
22060,0.001552,74.125.24.0-255,2902,147512,12,161703
22061,0.001556,172.31.36.0-255,66,147578,12,161703
22062,0.001563,74.125.24.0-255,5738,153316,12,161703
22063,0.001566,172.31.36.0-255,66,153382,12,161703
22064,0.00157,74.125.24.0-255,2902,156284,12,161703
22065,0.001592,172.31.36.0-255,66,156350,12,161703
22066,0.001631,172.31.36.0-255,66,156416,12,161703
22067,0.001647,172.31.36.0-255,66,156482,12,161703
22068,0.001671,172.31.36.0-255,66,156548,12,161703
22069,0.001743,172.31.36.0-255,66,156614,12,161703
22070,0.001747,172.31.36.0-255,66,156680,12,161703
22071,0.001787,172.31.36.0-255,66,156746,12,161703
22072,0.001828,172.31.36.0-255,66,156812,12,161703
22073,0.001841,172.31.36.0-255,66,156878,12,161703
22074,0.001844,74.125.24.0-255,105,156983,12,161703
22075,0.00896,172.31.36.0-255,66,157049,12,161703
22076,0.009003,172.31.36.0-255,105,157154,12,161703
22077,0.011273,74.125.24.0-255,66,157220,12,161703
22078,0.029933,172.31.36.0-255,188,157408,12,161703
22079,0.029965,172.31.36.0-255,952,158360,12,161703
22080,0.030027,172.31.36.0-255,1514,159874,12,161703
22081,0.030029,172.31.36.0-255,1457,161331,12,161703
22082,0.031502,104.244.42.0-255,66,161397,12,161703
22083,0.031542,104.244.42.0-255,66,161463,12,161703
22084,0.03158,104.244.42.0-255,66,161529,12,161703
22085,0.03218,104.244.42.0-255,108,161637,12,161703
22086,0.03219,172.31.36.0-255,66,161703,12,161703
22087,0.0,74.125.24.0-255,153,153,12,252515
22088,4.5e-05,172.31.36.0-255,66,219,12,252515
22089,5.3e-05,74.125.24.0-255,1484,1703,12,252515
22090,5.7e-05,172.31.36.0-255,66,1769,12,252515
22091,6.2e-05,74.125.24.0-255,2902,4671,12,252515
22092,6.5e-05,172.31.36.0-255,66,4737,12,252515
22093,7.1e-05,74.125.24.0-255,4320,9057,12,252515
22094,7.4e-05,172.31.36.0-255,66,9123,12,252515
22095,7.7e-05,74.125.24.0-255,1484,10607,12,252515
22096,8e-05,172.31.36.0-255,66,10673,12,252515
22097,0.00012,172.31.36.0-255,66,10739,12,252515
22098,0.000127,74.125.24.0-255,7156,17895,12,252515
22099,0.00013,172.31.36.0-255,66,17961,12,252515
22100,0.000134,74.125.24.0-255,2543,20504,12,252515
22101,0.000136,172.31.36.0-255,66,20570,12,252515
22102,0.000247,74.125.24.0-255,1484,22054,12,252515
22103,0.00025,172.31.36.0-255,66,22120,12,252515
22104,0.000254,74.125.24.0-255,1484,23604,12,252515
22105,0.000256,172.31.36.0-255,66,23670,12,252515
22106,0.000273,74.125.24.0-255,1484,25154,12,252515
22107,0.000276,172.31.36.0-255,66,25220,12,252515
22108,0.000283,74.125.24.0-255,5738,30958,12,252515
22109,0.000286,172.31.36.0-255,66,31024,12,252515
22110,0.000304,74.125.24.0-255,6797,37821,12,252515
22111,0.000307,172.31.36.0-255,66,37887,12,252515
22112,0.000313,74.125.24.0-255,4320,42207,12,252515
22113,0.000315,172.31.36.0-255,66,42273,12,252515
22114,0.000332,74.125.24.0-255,2902,45175,12,252515
22115,0.000336,172.31.36.0-255,66,45241,12,252515
22116,0.000356,74.125.24.0-255,5738,50979,12,252515
22117,0.000361,172.31.36.0-255,66,51045,12,252515
22118,0.00037,74.125.24.0-255,4273,55318,12,252515
22119,0.000377,172.31.36.0-255,66,55384,12,252515
22120,0.00092,74.125.24.0-255,110,55494,12,252515
22121,0.00108,74.125.24.0-255,1484,56978,12,252515
22122,0.001084,172.31.36.0-255,66,57044,12,252515
22123,0.001099,74.125.24.0-255,2902,59946,12,252515
22124,0.001116,74.125.24.0-255,5738,65684,12,252515
22125,0.001152,74.125.24.0-255,1484,67168,12,252515
22126,0.001208,74.125.24.0-255,5738,72906,12,252515
22127,0.001247,74.125.24.0-255,5379,78285,12,252515
22128,0.001287,74.125.24.0-255,2902,81187,12,252515
22129,0.001312,74.125.24.0-255,4320,85507,12,252515
22130,0.001364,74.125.24.0-255,1484,86991,12,252515
22131,0.001368,74.125.24.0-255,2902,89893,12,252515
22132,0.001389,74.125.24.0-255,5738,95631,12,252515
22133,0.001404,74.125.24.0-255,2902,98533,12,252515
22134,0.001419,74.125.24.0-255,4320,102853,12,252515
22135,0.001448,74.125.24.0-255,5738,108591,12,252515
22136,0.001454,74.125.24.0-255,7156,115747,12,252515
22137,0.001505,74.125.24.0-255,3602,119349,12,252515
22138,0.002294,74.125.24.0-255,1484,120833,12,252515
22139,0.007993,172.31.36.0-255,66,120899,12,252515
22140,0.010288,74.125.24.0-255,5738,126637,12,252515
22141,0.010294,172.31.36.0-255,66,126703,12,252515
22142,0.012543,74.125.24.0-255,5738,132441,12,252515
22143,0.01255,172.31.36.0-255,66,132507,12,252515
22144,0.014768,74.125.24.0-255,5738,138245,12,252515
22145,0.014778,172.31.36.0-255,66,138311,12,252515
22146,0.017038,74.125.24.0-255,5738,144049,12,252515
22147,0.017637,172.31.36.0-255,66,144115,12,252515
22148,0.019885,74.125.24.0-255,5738,149853,12,252515
22149,0.019895,172.31.36.0-255,66,149919,12,252515
22150,0.02216,74.125.24.0-255,4320,154239,12,252515
22151,0.022169,172.31.36.0-255,66,154305,12,252515
22152,0.022193,74.125.24.0-255,1484,155789,12,252515
22153,0.02442,74.125.24.0-255,4320,160109,12,252515
22154,0.024428,172.31.36.0-255,66,160175,12,252515
22155,0.0267,74.125.24.0-255,5738,165913,12,252515
22156,0.026748,172.31.36.0-255,66,165979,12,252515
22157,0.028965,74.125.24.0-255,5738,171717,12,252515
22158,0.028971,172.31.36.0-255,66,171783,12,252515
22159,0.029473,172.31.36.0-255,172,171955,12,252515
22160,0.029507,172.31.36.0-255,1110,173065,12,252515
22161,0.029539,172.31.36.0-255,1514,174579,12,252515
22162,0.029541,172.31.36.0-255,1514,176093,12,252515
22163,0.029542,172.31.36.0-255,706,176799,12,252515
22164,0.031091,104.244.42.0-255,66,176865,12,252515
22165,0.0311,104.244.42.0-255,66,176931,12,252515
22166,0.031102,104.244.42.0-255,66,176997,12,252515
22167,0.031127,104.244.42.0-255,66,177063,12,252515
22168,0.031226,74.125.24.0-255,5738,182801,12,252515
22169,0.031233,172.31.36.0-255,66,182867,12,252515
22170,0.033483,74.125.24.0-255,5738,188605,12,252515
22171,0.033489,172.31.36.0-255,66,188671,12,252515
22172,0.035713,74.125.24.0-255,5738,194409,12,252515
22173,0.03572,172.31.36.0-255,66,194475,12,252515
22174,0.037985,74.125.24.0-255,5738,200213,12,252515
22175,0.037993,172.31.36.0-255,66,200279,12,252515
22176,0.040301,74.125.24.0-255,5738,206017,12,252515
22177,0.040309,172.31.36.0-255,66,206083,12,252515
22178,0.042544,74.125.24.0-255,5738,211821,12,252515
22179,0.042551,172.31.36.0-255,66,211887,12,252515
22180,0.044783,74.125.24.0-255,5738,217625,12,252515
22181,0.04479,172.31.36.0-255,66,217691,12,252515
22182,0.04703,74.125.24.0-255,5738,223429,12,252515
22183,0.047037,172.31.36.0-255,66,223495,12,252515
22184,0.049267,74.125.24.0-255,5738,229233,12,252515
22185,0.049274,172.31.36.0-255,66,229299,12,252515
22186,0.051538,74.125.24.0-255,5738,235037,12,252515
22187,0.051547,172.31.36.0-255,66,235103,12,252515
22188,0.053815,74.125.24.0-255,5738,240841,12,252515
22189,0.053821,172.31.36.0-255,66,240907,12,252515
22190,0.056042,74.125.24.0-255,5738,246645,12,252515
22191,0.056048,172.31.36.0-255,66,246711,12,252515
22192,0.05827,74.125.24.0-255,5738,252449,12,252515
22193,0.058276,172.31.36.0-255,66,252515,12,252515
22194,0.0,74.125.24.0-255,298,298,12,190084
22195,2.3e-05,172.31.36.0-255,66,364,12,190084
22196,2.8e-05,74.125.24.0-255,1484,1848,12,190084
22197,3.2e-05,172.31.36.0-255,66,1914,12,190084
22198,3.8e-05,74.125.24.0-255,4320,6234,12,190084
22199,4.6e-05,172.31.36.0-255,66,6300,12,190084
22200,7.5e-05,74.125.24.0-255,4320,10620,12,190084
22201,7.8e-05,172.31.36.0-255,66,10686,12,190084
22202,0.000107,74.125.24.0-255,3259,13945,12,190084
22203,0.00011,172.31.36.0-255,66,14011,12,190084
22204,0.000371,74.125.24.0-255,1484,15495,12,190084
22205,0.000377,172.31.36.0-255,66,15561,12,190084
22206,0.000383,74.125.24.0-255,2902,18463,12,190084
22207,0.000386,172.31.36.0-255,66,18529,12,190084
22208,0.000389,74.125.24.0-255,1484,20013,12,190084
22209,0.000391,172.31.36.0-255,66,20079,12,190084
22210,0.000424,74.125.24.0-255,4320,24399,12,190084
22211,0.000427,172.31.36.0-255,66,24465,12,190084
22212,0.000515,74.125.24.0-255,6797,31262,12,190084
22213,0.000518,172.31.36.0-255,66,31328,12,190084
22214,0.000599,74.125.24.0-255,1484,32812,12,190084
22215,0.000602,172.31.36.0-255,66,32878,12,190084
22216,0.000607,74.125.24.0-255,2902,35780,12,190084
22217,0.000609,172.31.36.0-255,66,35846,12,190084
22218,0.000638,74.125.24.0-255,5738,41584,12,190084
22219,0.000641,172.31.36.0-255,66,41650,12,190084
22220,0.00065,74.125.24.0-255,6797,48447,12,190084
22221,0.000652,172.31.36.0-255,66,48513,12,190084
22222,0.000662,74.125.24.0-255,1484,49997,12,190084
22223,0.000665,172.31.36.0-255,66,50063,12,190084
22224,0.000696,172.31.36.0-255,66,50129,12,190084
22225,0.000746,74.125.24.0-255,2853,52982,12,190084
22226,0.000749,172.31.36.0-255,66,53048,12,190084
22227,0.000865,74.125.24.0-255,109,53157,12,190084
22228,0.000881,74.125.24.0-255,332,53489,12,190084
22229,0.000908,172.31.36.0-255,66,53555,12,190084
22230,0.001789,74.125.24.0-255,1484,55039,12,190084
22231,0.001815,74.125.24.0-255,2902,57941,12,190084
22232,0.00182,172.31.36.0-255,66,58007,12,190084
22233,0.001827,74.125.24.0-255,4320,62327,12,190084
22234,0.001829,172.31.36.0-255,66,62393,12,190084
22235,0.001871,172.31.36.0-255,66,62459,12,190084
22236,0.001883,172.31.36.0-255,66,62525,12,190084
22237,0.00192,172.31.36.0-255,66,62591,12,190084
22238,0.00454,74.125.24.0-255,5738,68329,12,190084
22239,0.004546,172.31.36.0-255,66,68395,12,190084
22240,0.007199,74.125.24.0-255,5738,74133,12,190084
22241,0.007205,172.31.36.0-255,66,74199,12,190084
22242,0.009835,74.125.24.0-255,5738,79937,12,190084
22243,0.009843,172.31.36.0-255,66,80003,12,190084
22244,0.012489,74.125.24.0-255,5738,85741,12,190084
22245,0.012497,172.31.36.0-255,66,85807,12,190084
22246,0.015116,74.125.24.0-255,5738,91545,12,190084
22247,0.015126,172.31.36.0-255,66,91611,12,190084
22248,0.017766,74.125.24.0-255,5738,97349,12,190084
22249,0.017778,172.31.36.0-255,66,97415,12,190084
22250,0.020404,74.125.24.0-255,5738,103153,12,190084
22251,0.020415,172.31.36.0-255,66,103219,12,190084
22252,0.023054,74.125.24.0-255,5738,108957,12,190084
22253,0.023063,172.31.36.0-255,66,109023,12,190084
22254,0.02566,74.125.24.0-255,5738,114761,12,190084
22255,0.025668,172.31.36.0-255,66,114827,12,190084
22256,0.027102,172.31.36.0-255,171,114998,12,190084
22257,0.027142,172.31.36.0-255,1132,116130,12,190084
22258,0.027214,172.31.36.0-255,1514,117644,12,190084
22259,0.027217,172.31.36.0-255,1514,119158,12,190084
22260,0.027248,172.31.36.0-255,684,119842,12,190084
22261,0.028309,74.125.24.0-255,5738,125580,12,190084
22262,0.028314,172.31.36.0-255,66,125646,12,190084
22263,0.02864,104.244.42.0-255,66,125712,12,190084
22264,0.02869,104.244.42.0-255,66,125778,12,190084
22265,0.0288,104.244.42.0-255,66,125844,12,190084
22266,0.028803,104.244.42.0-255,66,125910,12,190084
22267,0.030909,74.125.24.0-255,4320,130230,12,190084
22268,0.030914,172.31.36.0-255,66,130296,12,190084
22269,0.030948,74.125.24.0-255,1484,131780,12,190084
22270,0.033543,74.125.24.0-255,2902,134682,12,190084
22271,0.033549,172.31.36.0-255,66,134748,12,190084
22272,0.036178,74.125.24.0-255,5738,140486,12,190084
22273,0.036184,172.31.36.0-255,66,140552,12,190084
22274,0.038813,74.125.24.0-255,5738,146290,12,190084
22275,0.038819,172.31.36.0-255,66,146356,12,190084
22276,0.041434,74.125.24.0-255,4320,150676,12,190084
22277,0.041439,172.31.36.0-255,66,150742,12,190084
22278,0.041473,74.125.24.0-255,1484,152226,12,190084
22279,0.044069,74.125.24.0-255,4320,156546,12,190084
22280,0.044075,172.31.36.0-255,66,156612,12,190084
22281,0.046681,74.125.24.0-255,5738,162350,12,190084
22282,0.046687,172.31.36.0-255,66,162416,12,190084
22283,0.049327,74.125.24.0-255,4320,166736,12,190084
22284,0.049333,172.31.36.0-255,66,166802,12,190084
22285,0.049364,74.125.24.0-255,1484,168286,12,190084
22286,0.051932,74.125.24.0-255,4320,172606,12,190084
22287,0.051937,172.31.36.0-255,66,172672,12,190084
22288,0.054582,74.125.24.0-255,5738,178410,12,190084
22289,0.054588,172.31.36.0-255,66,178476,12,190084
22290,0.057201,74.125.24.0-255,5738,184214,12,190084
22291,0.057207,172.31.36.0-255,66,184280,12,190084
22292,0.059832,74.125.24.0-255,5738,190018,12,190084
22293,0.059838,172.31.36.0-255,66,190084,12,190084
22294,0.0,74.125.200.0-255,153,153,12,344184
22295,2.2e-05,172.31.36.0-255,66,219,12,344184
22296,2.9e-05,74.125.200.0-255,1484,1703,12,344184
22297,3.3e-05,172.31.36.0-255,66,1769,12,344184
22298,3.7e-05,74.125.200.0-255,1484,3253,12,344184
22299,3.9e-05,172.31.36.0-255,66,3319,12,344184
22300,4.6e-05,74.125.200.0-255,2902,6221,12,344184
22301,4.8e-05,172.31.36.0-255,66,6287,12,344184
22302,5.5e-05,74.125.200.0-255,5738,12025,12,344184
22303,5.8e-05,172.31.36.0-255,66,12091,12,344184
22304,8.5e-05,74.125.200.0-255,2060,14151,12,344184
22305,8.8e-05,172.31.36.0-255,66,14217,12,344184
22306,0.000233,74.125.200.0-255,1484,15701,12,344184
22307,0.000238,172.31.36.0-255,66,15767,12,344184
22308,0.000243,74.125.200.0-255,2902,18669,12,344184
22309,0.000246,172.31.36.0-255,66,18735,12,344184
22310,0.000273,74.125.200.0-255,5738,24473,12,344184
22311,0.000276,172.31.36.0-255,66,24539,12,344184
22312,0.000279,74.125.200.0-255,1484,26023,12,344184
22313,0.000281,172.31.36.0-255,66,26089,12,344184
22314,0.000297,74.125.200.0-255,2902,28991,12,344184
22315,0.000299,172.31.36.0-255,66,29057,12,344184
22316,0.000338,74.125.200.0-255,2543,31600,12,344184
22317,0.000341,172.31.36.0-255,66,31666,12,344184
22318,0.000626,74.125.200.0-255,1484,33150,12,344184
22319,0.000631,172.31.36.0-255,66,33216,12,344184
22320,0.000635,74.125.200.0-255,1484,34700,12,344184
22321,0.000638,172.31.36.0-255,66,34766,12,344184
22322,0.000653,74.125.200.0-255,2902,37668,12,344184
22323,0.000655,172.31.36.0-255,66,37734,12,344184
22324,0.000675,74.125.200.0-255,5738,43472,12,344184
22325,0.000678,172.31.36.0-255,66,43538,12,344184
22326,0.000684,74.125.200.0-255,5379,48917,12,344184
22327,0.000687,172.31.36.0-255,66,48983,12,344184
22328,0.000705,74.125.200.0-255,2902,51885,12,344184
22329,0.000707,172.31.36.0-255,66,51951,12,344184
22330,0.000729,74.125.200.0-255,2902,54853,12,344184
22331,0.000732,172.31.36.0-255,66,54919,12,344184
22332,0.000737,74.125.200.0-255,2902,57821,12,344184
22333,0.000739,172.31.36.0-255,66,57887,12,344184
22334,0.000765,74.125.200.0-255,130,58017,12,344184
22335,0.00077,172.31.36.0-255,66,58083,12,344184
22336,0.000786,74.125.200.0-255,349,58432,12,344184
22337,0.001055,74.125.200.0-255,1484,59916,12,344184
22338,0.00106,172.31.36.0-255,66,59982,12,344184
22339,0.00108,74.125.200.0-255,2902,62884,12,344184
22340,0.001082,172.31.36.0-255,66,62950,12,344184
22341,0.001086,74.125.200.0-255,1484,64434,12,344184
22342,0.001098,74.125.200.0-255,1484,65918,12,344184
22343,0.001101,172.31.36.0-255,66,65984,12,344184
22344,0.001107,74.125.200.0-255,4320,70304,12,344184
22345,0.001108,172.31.36.0-255,66,70370,12,344184
22346,0.001146,172.31.36.0-255,66,70436,12,344184
22347,0.001153,74.125.200.0-255,5738,76174,12,344184
22348,0.001155,172.31.36.0-255,66,76240,12,344184
22349,0.001162,74.125.200.0-255,7156,83396,12,344184
22350,0.001165,172.31.36.0-255,66,83462,12,344184
22351,0.001186,74.125.200.0-255,766,84228,12,344184
22352,0.001217,74.125.200.0-255,1484,85712,12,344184
22353,0.001221,172.31.36.0-255,66,85778,12,344184
22354,0.001236,74.125.200.0-255,4320,90098,12,344184
22355,0.001239,172.31.36.0-255,66,90164,12,344184
22356,0.001242,74.125.200.0-255,1484,91648,12,344184
22357,0.001255,74.125.200.0-255,2902,94550,12,344184
22358,0.001257,172.31.36.0-255,66,94616,12,344184
22359,0.001282,74.125.200.0-255,5738,100354,12,344184
22360,0.001285,172.31.36.0-255,66,100420,12,344184
22361,0.001325,172.31.36.0-255,66,100486,12,344184
22362,0.001347,74.125.200.0-255,4320,104806,12,344184
22363,0.00135,172.31.36.0-255,66,104872,12,344184
22364,0.001374,74.125.200.0-255,3602,108474,12,344184
22365,0.001376,172.31.36.0-255,66,108540,12,344184
22366,0.001397,74.125.200.0-255,4320,112860,12,344184
22367,0.0014,172.31.36.0-255,66,112926,12,344184
22368,0.001413,74.125.200.0-255,2902,115828,12,344184
22369,0.001416,172.31.36.0-255,66,115894,12,344184
22370,0.001427,172.31.36.0-255,66,115960,12,344184
22371,0.001447,74.125.200.0-255,1484,117444,12,344184
22372,0.001482,172.31.36.0-255,66,117510,12,344184
22373,0.00151,74.125.200.0-255,6438,123948,12,344184
22374,0.001513,172.31.36.0-255,66,124014,12,344184
22375,0.001566,74.125.200.0-255,7156,131170,12,344184
22376,0.001568,74.125.200.0-255,1484,132654,12,344184
22377,0.001572,172.31.36.0-255,66,132720,12,344184
22378,0.001588,74.125.200.0-255,7156,139876,12,344184
22379,0.001591,172.31.36.0-255,66,139942,12,344184
22380,0.001595,74.125.200.0-255,2902,142844,12,344184
22381,0.001597,172.31.36.0-255,66,142910,12,344184
22382,0.001621,74.125.200.0-255,7156,150066,12,344184
22383,0.001624,172.31.36.0-255,66,150132,12,344184
22384,0.001661,172.31.36.0-255,66,150198,12,344184
22385,0.001702,74.125.200.0-255,1484,151682,12,344184
22386,0.001715,74.125.200.0-255,2902,154584,12,344184
22387,0.001718,172.31.36.0-255,66,154650,12,344184
22388,0.001738,74.125.200.0-255,5738,160388,12,344184
22389,0.00174,172.31.36.0-255,66,160454,12,344184
22390,0.001761,74.125.200.0-255,4320,164774,12,344184
22391,0.001763,172.31.36.0-255,66,164840,12,344184
22392,0.00177,74.125.200.0-255,5738,170578,12,344184
22393,0.001772,172.31.36.0-255,66,170644,12,344184
22394,0.001813,172.31.36.0-255,66,170710,12,344184
22395,0.001818,74.125.200.0-255,2184,172894,12,344184
22396,0.00182,172.31.36.0-255,66,172960,12,344184
22397,0.001868,74.125.200.0-255,1484,174444,12,344184
22398,0.001882,74.125.200.0-255,2902,177346,12,344184
22399,0.001885,172.31.36.0-255,66,177412,12,344184
22400,0.001924,74.125.200.0-255,5738,183150,12,344184
22401,0.001928,172.31.36.0-255,66,183216,12,344184
22402,0.00194,74.125.200.0-255,7156,190372,12,344184
22403,0.001943,172.31.36.0-255,66,190438,12,344184
22404,0.001947,74.125.200.0-255,2902,193340,12,344184
22405,0.001949,172.31.36.0-255,66,193406,12,344184
22406,0.001989,172.31.36.0-255,66,193472,12,344184
22407,0.001993,74.125.200.0-255,2184,195656,12,344184
22408,0.001995,172.31.36.0-255,66,195722,12,344184
22409,0.004006,74.125.200.0-255,5738,201460,12,344184
22410,0.004013,172.31.36.0-255,66,201526,12,344184
22411,0.006032,74.125.200.0-255,5738,207264,12,344184
22412,0.006037,172.31.36.0-255,66,207330,12,344184
22413,0.008066,74.125.200.0-255,5738,213068,12,344184
22414,0.008073,172.31.36.0-255,66,213134,12,344184
22415,0.010081,74.125.200.0-255,2902,216036,12,344184
22416,0.010085,172.31.36.0-255,66,216102,12,344184
22417,0.010104,74.125.200.0-255,2902,219004,12,344184
22418,0.010106,172.31.36.0-255,66,219070,12,344184
22419,0.012099,74.125.200.0-255,2902,221972,12,344184
22420,0.012108,172.31.36.0-255,66,222038,12,344184
22421,0.012129,74.125.200.0-255,2902,224940,12,344184
22422,0.012132,172.31.36.0-255,66,225006,12,344184
22423,0.014123,74.125.200.0-255,2902,227908,12,344184
22424,0.014131,172.31.36.0-255,66,227974,12,344184
22425,0.01415,74.125.200.0-255,2902,230876,12,344184
22426,0.014153,172.31.36.0-255,66,230942,12,344184
22427,0.016151,74.125.200.0-255,5738,236680,12,344184
22428,0.016159,172.31.36.0-255,66,236746,12,344184
22429,0.018191,74.125.200.0-255,5738,242484,12,344184
22430,0.018201,172.31.36.0-255,66,242550,12,344184
22431,0.02023,74.125.200.0-255,5738,248288,12,344184
22432,0.020237,172.31.36.0-255,66,248354,12,344184
22433,0.022263,74.125.200.0-255,5738,254092,12,344184
22434,0.022271,172.31.36.0-255,66,254158,12,344184
22435,0.02429,74.125.200.0-255,5738,259896,12,344184
22436,0.024295,172.31.36.0-255,66,259962,12,344184
22437,0.026307,74.125.200.0-255,5738,265700,12,344184
22438,0.026315,172.31.36.0-255,66,265766,12,344184
22439,0.028346,74.125.200.0-255,5738,271504,12,344184
22440,0.028354,172.31.36.0-255,66,271570,12,344184
22441,0.030391,74.125.200.0-255,5738,277308,12,344184
22442,0.0304,172.31.36.0-255,66,277374,12,344184
22443,0.032461,74.125.200.0-255,5738,283112,12,344184
22444,0.032469,172.31.36.0-255,66,283178,12,344184
22445,0.034418,172.31.36.0-255,172,283350,12,344184
22446,0.03445,172.31.36.0-255,1107,284457,12,344184
22447,0.034475,74.125.200.0-255,4320,288777,12,344184
22448,0.03448,172.31.36.0-255,66,288843,12,344184
22449,0.034497,74.125.200.0-255,1484,290327,12,344184
22450,0.0346,172.31.36.0-255,1514,291841,12,344184
22451,0.034603,172.31.36.0-255,1514,293355,12,344184
22452,0.034608,172.31.36.0-255,1514,294869,12,344184
22453,0.034609,172.31.36.0-255,1514,296383,12,344184
22454,0.034628,172.31.36.0-255,172,296555,12,344184
22455,0.035959,104.244.42.0-255,66,296621,12,344184
22456,0.035995,104.244.42.0-255,66,296687,12,344184
22457,0.03614,104.244.42.0-255,66,296753,12,344184
22458,0.036153,104.244.42.0-255,66,296819,12,344184
22459,0.036523,74.125.200.0-255,4320,301139,12,344184
22460,0.036529,172.31.36.0-255,66,301205,12,344184
22461,0.03856,74.125.200.0-255,5738,306943,12,344184
22462,0.038567,172.31.36.0-255,66,307009,12,344184
22463,0.040584,74.125.200.0-255,5738,312747,12,344184
22464,0.04059,172.31.36.0-255,66,312813,12,344184
22465,0.042602,74.125.200.0-255,5738,318551,12,344184
22466,0.042609,172.31.36.0-255,66,318617,12,344184
22467,0.044636,74.125.200.0-255,5738,324355,12,344184
22468,0.044643,172.31.36.0-255,66,324421,12,344184
22469,0.046656,74.125.200.0-255,5738,330159,12,344184
22470,0.046663,172.31.36.0-255,66,330225,12,344184
22471,0.048677,74.125.200.0-255,5738,335963,12,344184
22472,0.048683,172.31.36.0-255,66,336029,12,344184
22473,0.0507,74.125.200.0-255,5738,341767,12,344184
22474,0.050706,172.31.36.0-255,66,341833,12,344184
22475,0.052725,74.125.200.0-255,2114,343947,12,344184
22476,0.052731,172.31.36.0-255,66,344013,12,344184
22477,0.052914,172.31.36.0-255,105,344118,12,344184
22478,0.054922,74.125.200.0-255,66,344184,12,344184
22479,0.0,74.125.200.0-255,295,295,12,411245
22480,3.4e-05,172.31.36.0-255,66,361,12,411245
22481,4.1e-05,74.125.200.0-255,1484,1845,12,411245
22482,4.6e-05,172.31.36.0-255,66,1911,12,411245
22483,5.1e-05,74.125.200.0-255,4320,6231,12,411245
22484,5.3e-05,172.31.36.0-255,66,6297,12,411245
22485,5.7e-05,74.125.200.0-255,2902,9199,12,411245
22486,6.1e-05,172.31.36.0-255,66,9265,12,411245
22487,6.6e-05,74.125.200.0-255,2902,12167,12,411245
22488,6.8e-05,172.31.36.0-255,66,12233,12,411245
22489,8.8e-05,74.125.200.0-255,1484,13717,12,411245
22490,9e-05,172.31.36.0-255,66,13783,12,411245
22491,9.3e-05,74.125.200.0-255,1484,15267,12,411245
22492,9.5e-05,172.31.36.0-255,66,15333,12,411245
22493,0.000119,172.31.36.0-255,66,15399,12,411245
22494,0.000124,74.125.200.0-255,4320,19719,12,411245
22495,0.000126,172.31.36.0-255,66,19785,12,411245
22496,0.000173,74.125.200.0-255,3961,23746,12,411245
22497,0.000175,172.31.36.0-255,66,23812,12,411245
22498,0.000264,74.125.200.0-255,1484,25296,12,411245
22499,0.000268,172.31.36.0-255,66,25362,12,411245
22500,0.000281,74.125.200.0-255,1484,26846,12,411245
22501,0.000283,172.31.36.0-255,66,26912,12,411245
22502,0.000315,74.125.200.0-255,2902,29814,12,411245
22503,0.000321,172.31.36.0-255,66,29880,12,411245
22504,0.000342,74.125.200.0-255,5738,35618,12,411245
22505,0.000345,172.31.36.0-255,66,35684,12,411245
22506,0.000351,74.125.200.0-255,5379,41063,12,411245
22507,0.000353,172.31.36.0-255,66,41129,12,411245
22508,0.000377,74.125.200.0-255,2902,44031,12,411245
22509,0.00038,172.31.36.0-255,66,44097,12,411245
22510,0.000399,74.125.200.0-255,2902,46999,12,411245
22511,0.000402,172.31.36.0-255,66,47065,12,411245
22512,0.000418,74.125.200.0-255,4320,51385,12,411245
22513,0.000421,172.31.36.0-255,66,51451,12,411245
22514,0.00045,74.125.200.0-255,7104,58555,12,411245
22515,0.000453,172.31.36.0-255,66,58621,12,411245
22516,0.000457,74.125.200.0-255,114,58735,12,411245
22517,0.000552,74.125.200.0-255,1484,60219,12,411245
22518,0.000556,172.31.36.0-255,66,60285,12,411245
22519,0.000573,74.125.200.0-255,1484,61769,12,411245
22520,0.000585,74.125.200.0-255,1484,63253,12,411245
22521,0.000588,172.31.36.0-255,66,63319,12,411245
22522,0.000602,74.125.200.0-255,1484,64803,12,411245
22523,0.000616,74.125.200.0-255,2902,67705,12,411245
22524,0.00062,172.31.36.0-255,66,67771,12,411245
22525,0.000637,74.125.200.0-255,1484,69255,12,411245
22526,0.000662,74.125.200.0-255,6797,76052,12,411245
22527,0.000665,172.31.36.0-255,66,76118,12,411245
22528,0.000789,74.125.200.0-255,1484,77602,12,411245
22529,0.000793,74.125.200.0-255,1484,79086,12,411245
22530,0.000796,172.31.36.0-255,66,79152,12,411245
22531,0.000812,74.125.200.0-255,1484,80636,12,411245
22532,0.000827,74.125.200.0-255,4320,84956,12,411245
22533,0.00083,172.31.36.0-255,66,85022,12,411245
22534,0.000841,74.125.200.0-255,1484,86506,12,411245
22535,0.000857,74.125.200.0-255,4320,90826,12,411245
22536,0.00086,172.31.36.0-255,66,90892,12,411245
22537,0.000876,74.125.200.0-255,2228,93120,12,411245
22538,0.000881,172.31.36.0-255,66,93186,12,411245
22539,0.000888,74.125.200.0-255,1484,94670,12,411245
22540,0.000916,74.125.200.0-255,2902,97572,12,411245
22541,0.000919,172.31.36.0-255,66,97638,12,411245
22542,0.000945,74.125.200.0-255,2902,100540,12,411245
22543,0.000947,172.31.36.0-255,66,100606,12,411245
22544,0.00097,74.125.200.0-255,2902,103508,12,411245
22545,0.000973,172.31.36.0-255,66,103574,12,411245
22546,0.000977,74.125.200.0-255,2902,106476,12,411245
22547,0.000979,172.31.36.0-255,66,106542,12,411245
22548,0.000982,74.125.200.0-255,1484,108026,12,411245
22549,0.001006,74.125.200.0-255,2529,110555,12,411245
22550,0.001009,172.31.36.0-255,66,110621,12,411245
22551,0.001271,74.125.200.0-255,1484,112105,12,411245
22552,0.001296,74.125.200.0-255,2902,115007,12,411245
22553,0.0013,172.31.36.0-255,66,115073,12,411245
22554,0.001324,74.125.200.0-255,5738,120811,12,411245
22555,0.001326,172.31.36.0-255,66,120877,12,411245
22556,0.001329,74.125.200.0-255,1484,122361,12,411245
22557,0.001346,74.125.200.0-255,5738,128099,12,411245
22558,0.001349,172.31.36.0-255,66,128165,12,411245
22559,0.001368,74.125.200.0-255,1484,129649,12,411245
22560,0.001371,74.125.200.0-255,1484,131133,12,411245
22561,0.001373,172.31.36.0-255,66,131199,12,411245
22562,0.001396,74.125.200.0-255,7156,138355,12,411245
22563,0.0014,172.31.36.0-255,66,138421,12,411245
22564,0.001413,74.125.200.0-255,1484,139905,12,411245
22565,0.001419,74.125.200.0-255,5020,144925,12,411245
22566,0.001421,172.31.36.0-255,66,144991,12,411245
22567,0.001518,74.125.200.0-255,1484,146475,12,411245
22568,0.001552,74.125.200.0-255,1484,147959,12,411245
22569,0.001555,172.31.36.0-255,66,148025,12,411245
22570,0.001573,74.125.200.0-255,1484,149509,12,411245
22571,0.001576,74.125.200.0-255,1484,150993,12,411245
22572,0.001578,172.31.36.0-255,66,151059,12,411245
22573,0.001592,74.125.200.0-255,2902,153961,12,411245
22574,0.001595,172.31.36.0-255,66,154027,12,411245
22575,0.001614,74.125.200.0-255,1484,155511,12,411245
22576,0.001638,74.125.200.0-255,7156,162667,12,411245
22577,0.001641,172.31.36.0-255,66,162733,12,411245
22578,0.001653,74.125.200.0-255,1484,164217,12,411245
22579,0.001668,74.125.200.0-255,2902,167119,12,411245
22580,0.001672,172.31.36.0-255,66,167185,12,411245
22581,0.001675,74.125.200.0-255,1484,168669,12,411245
22582,0.001687,74.125.200.0-255,2902,171571,12,411245
22583,0.00169,172.31.36.0-255,66,171637,12,411245
22584,0.00171,74.125.200.0-255,1484,173121,12,411245
22585,0.001722,74.125.200.0-255,1484,174605,12,411245
22586,0.001725,172.31.36.0-255,66,174671,12,411245
22587,0.001742,74.125.200.0-255,3988,178659,12,411245
22588,0.001746,172.31.36.0-255,66,178725,12,411245
22589,0.001797,74.125.200.0-255,1484,180209,12,411245
22590,0.001812,74.125.200.0-255,2902,183111,12,411245
22591,0.001815,172.31.36.0-255,66,183177,12,411245
22592,0.001832,74.125.200.0-255,4320,187497,12,411245
22593,0.001835,172.31.36.0-255,66,187563,12,411245
22594,0.001856,74.125.200.0-255,1484,189047,12,411245
22595,0.001873,74.125.200.0-255,4320,193367,12,411245
22596,0.001876,172.31.36.0-255,66,193433,12,411245
22597,0.001896,74.125.200.0-255,5738,199171,12,411245
22598,0.001899,172.31.36.0-255,66,199237,12,411245
22599,0.001917,74.125.200.0-255,2902,202139,12,411245
22600,0.001919,172.31.36.0-255,66,202205,12,411245
22601,0.001953,74.125.200.0-255,1484,203689,12,411245
22602,0.001978,172.31.36.0-255,66,203755,12,411245
22603,0.001992,74.125.200.0-255,766,204521,12,411245
22604,0.002113,172.31.36.0-255,66,204587,12,411245
22605,0.002116,74.125.200.0-255,1484,206071,12,411245
22606,0.00213,74.125.200.0-255,1484,207555,12,411245
22607,0.002132,172.31.36.0-255,66,207621,12,411245
22608,0.002149,74.125.200.0-255,1484,209105,12,411245
22609,0.002153,74.125.200.0-255,2902,212007,12,411245
22610,0.002155,172.31.36.0-255,66,212073,12,411245
22611,0.002172,74.125.200.0-255,1484,213557,12,411245
22612,0.002195,74.125.200.0-255,1484,215041,12,411245
22613,0.002198,172.31.36.0-255,66,215107,12,411245
22614,0.00222,74.125.200.0-255,7156,222263,12,411245
22615,0.002223,74.125.200.0-255,1484,223747,12,411245
22616,0.002224,172.31.36.0-255,66,223813,12,411245
22617,0.002244,74.125.200.0-255,5738,229551,12,411245
22618,0.002247,172.31.36.0-255,66,229617,12,411245
22619,0.002261,74.125.200.0-255,1484,231101,12,411245
22620,0.002291,74.125.200.0-255,4320,235421,12,411245
22621,0.002294,172.31.36.0-255,66,235487,12,411245
22622,0.002319,74.125.200.0-255,2902,238389,12,411245
22623,0.002322,172.31.36.0-255,66,238455,12,411245
22624,0.002325,74.125.200.0-255,766,239221,12,411245
22625,0.002642,74.125.200.0-255,1484,240705,12,411245
22626,0.002645,172.31.36.0-255,66,240771,12,411245
22627,0.002669,74.125.200.0-255,2902,243673,12,411245
22628,0.002672,172.31.36.0-255,66,243739,12,411245
22629,0.002676,74.125.200.0-255,2902,246641,12,411245
22630,0.002678,172.31.36.0-255,66,246707,12,411245
22631,0.002683,74.125.200.0-255,4320,251027,12,411245
22632,0.002685,172.31.36.0-255,66,251093,12,411245
22633,0.002707,74.125.200.0-255,1484,252577,12,411245
22634,0.002723,74.125.200.0-255,1484,254061,12,411245
22635,0.002725,172.31.36.0-255,66,254127,12,411245
22636,0.002738,74.125.200.0-255,1484,255611,12,411245
22637,0.002757,74.125.200.0-255,4320,259931,12,411245
22638,0.002761,172.31.36.0-255,66,259997,12,411245
22639,0.002769,74.125.200.0-255,7156,267153,12,411245
22640,0.002771,172.31.36.0-255,66,267219,12,411245
22641,0.002826,74.125.200.0-255,1484,268703,12,411245
22642,0.002847,74.125.200.0-255,4320,273023,12,411245
22643,0.00285,172.31.36.0-255,66,273089,12,411245
22644,0.002864,74.125.200.0-255,766,273855,12,411245
22645,0.006169,74.125.200.0-255,4320,278175,12,411245
22646,0.006175,172.31.36.0-255,66,278241,12,411245
22647,0.008765,74.125.200.0-255,5738,283979,12,411245
22648,0.008772,172.31.36.0-255,66,284045,12,411245
22649,0.010909,74.125.200.0-255,4320,288365,12,411245
22650,0.010916,172.31.36.0-255,66,288431,12,411245
22651,0.010933,74.125.200.0-255,1484,289915,12,411245
22652,0.012946,74.125.200.0-255,4320,294235,12,411245
22653,0.012952,172.31.36.0-255,66,294301,12,411245
22654,0.014978,74.125.200.0-255,5738,300039,12,411245
22655,0.014985,172.31.36.0-255,66,300105,12,411245
22656,0.017006,74.125.200.0-255,5738,305843,12,411245
22657,0.017013,172.31.36.0-255,66,305909,12,411245
22658,0.019036,74.125.200.0-255,5738,311647,12,411245
22659,0.019045,172.31.36.0-255,66,311713,12,411245
22660,0.021086,74.125.200.0-255,5738,317451,12,411245
22661,0.021092,172.31.36.0-255,66,317517,12,411245
22662,0.02312,74.125.200.0-255,5738,323255,12,411245
22663,0.023126,172.31.36.0-255,66,323321,12,411245
22664,0.025153,74.125.200.0-255,5738,329059,12,411245
22665,0.02516,172.31.36.0-255,66,329125,12,411245
22666,0.027171,74.125.200.0-255,5738,334863,12,411245
22667,0.027178,172.31.36.0-255,66,334929,12,411245
22668,0.029193,74.125.200.0-255,5738,340667,12,411245
22669,0.029199,172.31.36.0-255,66,340733,12,411245
22670,0.031222,74.125.200.0-255,5738,346471,12,411245
22671,0.031228,172.31.36.0-255,66,346537,12,411245
22672,0.033247,74.125.200.0-255,5738,352275,12,411245
22673,0.033254,172.31.36.0-255,66,352341,12,411245
22674,0.035265,74.125.200.0-255,4320,356661,12,411245
22675,0.035271,172.31.36.0-255,66,356727,12,411245
22676,0.035311,74.125.200.0-255,1484,358211,12,411245
22677,0.035787,172.31.36.0-255,172,358383,12,411245
22678,0.035818,172.31.36.0-255,1107,359490,12,411245
22679,0.035862,172.31.36.0-255,1514,361004,12,411245
22680,0.035864,172.31.36.0-255,1514,362518,12,411245
22681,0.035869,172.31.36.0-255,1514,364032,12,411245
22682,0.03587,172.31.36.0-255,1514,365546,12,411245
22683,0.035894,172.31.36.0-255,1514,367060,12,411245
22684,0.0359,172.31.36.0-255,148,367208,12,411245
22685,0.037287,74.125.200.0-255,4320,371528,12,411245
22686,0.037293,172.31.36.0-255,66,371594,12,411245
22687,0.037343,104.244.42.0-255,66,371660,12,411245
22688,0.03741,104.244.42.0-255,66,371726,12,411245
22689,0.037467,104.244.42.0-255,66,371792,12,411245
22690,0.037472,104.244.42.0-255,66,371858,12,411245
22691,0.039328,74.125.200.0-255,5738,377596,12,411245
22692,0.039334,172.31.36.0-255,66,377662,12,411245
22693,0.041357,74.125.200.0-255,5738,383400,12,411245
22694,0.041362,172.31.36.0-255,66,383466,12,411245
22695,0.043376,74.125.200.0-255,5738,389204,12,411245
22696,0.043382,172.31.36.0-255,66,389270,12,411245
22697,0.045404,74.125.200.0-255,5738,395008,12,411245
22698,0.045409,172.31.36.0-255,66,395074,12,411245
22699,0.04742,74.125.200.0-255,5738,400812,12,411245
22700,0.047426,172.31.36.0-255,66,400878,12,411245
22701,0.04944,74.125.200.0-255,5738,406616,12,411245
22702,0.049445,172.31.36.0-255,66,406682,12,411245
22703,0.05145,74.125.200.0-255,4326,411008,12,411245
22704,0.051456,172.31.36.0-255,66,411074,12,411245
22705,0.051649,172.31.36.0-255,105,411179,12,411245
22706,0.053624,74.125.200.0-255,66,411245,12,411245
22707,0.0,74.125.24.0-255,153,153,12,277352
22708,2.4e-05,172.31.36.0-255,66,219,12,277352
22709,3.1e-05,74.125.24.0-255,1484,1703,12,277352
22710,3.6e-05,172.31.36.0-255,66,1769,12,277352
22711,4.2e-05,74.125.24.0-255,2902,4671,12,277352
22712,4.5e-05,172.31.36.0-255,66,4737,12,277352
22713,5e-05,74.125.24.0-255,2902,7639,12,277352
22714,5.2e-05,172.31.36.0-255,66,7705,12,277352
22715,8.1e-05,74.125.24.0-255,6295,14000,12,277352
22716,8.4e-05,172.31.36.0-255,66,14066,12,277352
22717,0.000845,74.125.24.0-255,1484,15550,12,277352
22718,0.000852,172.31.36.0-255,66,15616,12,277352
22719,0.000861,74.125.24.0-255,2902,18518,12,277352
22720,0.000864,172.31.36.0-255,66,18584,12,277352
22721,0.000869,74.125.24.0-255,2902,21486,12,277352
22722,0.000872,172.31.36.0-255,66,21552,12,277352
22723,0.000898,74.125.24.0-255,2902,24454,12,277352
22724,0.0009,172.31.36.0-255,66,24520,12,277352
22725,0.000908,74.125.24.0-255,6797,31317,12,277352
22726,0.000911,172.31.36.0-255,66,31383,12,277352
22727,0.00094,74.125.24.0-255,4320,35703,12,277352
22728,0.000943,172.31.36.0-255,66,35769,12,277352
22729,0.000951,74.125.24.0-255,5738,41507,12,277352
22730,0.000953,172.31.36.0-255,66,41573,12,277352
22731,0.000972,74.125.24.0-255,2902,44475,12,277352
22732,0.000974,172.31.36.0-255,66,44541,12,277352
22733,0.000999,74.125.24.0-255,3961,48502,12,277352
22734,0.001002,172.31.36.0-255,66,48568,12,277352
22735,0.001022,74.125.24.0-255,4320,52888,12,277352
22736,0.001025,172.31.36.0-255,66,52954,12,277352
22737,0.001029,74.125.24.0-255,2902,55856,12,277352
22738,0.001031,172.31.36.0-255,66,55922,12,277352
22739,0.001046,74.125.24.0-255,2902,58824,12,277352
22740,0.001049,172.31.36.0-255,66,58890,12,277352
22741,0.001083,74.125.24.0-255,7093,65983,12,277352
22742,0.001086,172.31.36.0-255,66,66049,12,277352
22743,0.001099,74.125.24.0-255,381,66430,12,277352
22744,0.001508,74.125.24.0-255,1484,67914,12,277352
22745,0.001515,172.31.36.0-255,66,67980,12,277352
22746,0.001523,74.125.24.0-255,2902,70882,12,277352
22747,0.001526,172.31.36.0-255,66,70948,12,277352
22748,0.001532,74.125.24.0-255,5738,76686,12,277352
22749,0.001534,172.31.36.0-255,66,76752,12,277352
22750,0.00154,74.125.24.0-255,5738,82490,12,277352
22751,0.001543,172.31.36.0-255,66,82556,12,277352
22752,0.001578,74.125.24.0-255,4320,86876,12,277352
22753,0.001581,172.31.36.0-255,66,86942,12,277352
22754,0.001613,172.31.36.0-255,66,87008,12,277352
22755,0.001628,172.31.36.0-255,66,87074,12,277352
22756,0.001636,74.125.24.0-255,6438,93512,12,277352
22757,0.001638,172.31.36.0-255,66,93578,12,277352
22758,0.001715,74.125.24.0-255,5738,99316,12,277352
22759,0.001718,172.31.36.0-255,66,99382,12,277352
22760,0.001754,172.31.36.0-255,66,99448,12,277352
22761,0.001769,172.31.36.0-255,66,99514,12,277352
22762,0.001799,74.125.24.0-255,6438,105952,12,277352
22763,0.001802,172.31.36.0-255,66,106018,12,277352
22764,0.001809,74.125.24.0-255,6797,112815,12,277352
22765,0.001812,172.31.36.0-255,66,112881,12,277352
22766,0.002186,74.125.24.0-255,1484,114365,12,277352
22767,0.002191,74.125.24.0-255,1484,115849,12,277352
22768,0.002195,172.31.36.0-255,66,115915,12,277352
22769,0.002211,74.125.24.0-255,1484,117399,12,277352
22770,0.002238,74.125.24.0-255,2902,120301,12,277352
22771,0.002241,172.31.36.0-255,66,120367,12,277352
22772,0.002263,74.125.24.0-255,4320,124687,12,277352
22773,0.002273,172.31.36.0-255,66,124753,12,277352
22774,0.002278,74.125.24.0-255,2902,127655,12,277352
22775,0.00228,172.31.36.0-255,66,127721,12,277352
22776,0.002307,74.125.24.0-255,5738,133459,12,277352
22777,0.00231,172.31.36.0-255,66,133525,12,277352
22778,0.002335,172.31.36.0-255,66,133591,12,277352
22779,0.004654,74.125.24.0-255,5738,139329,12,277352
22780,0.004661,172.31.36.0-255,66,139395,12,277352
22781,0.006985,74.125.24.0-255,5738,145133,12,277352
22782,0.006991,172.31.36.0-255,66,145199,12,277352
22783,0.009315,74.125.24.0-255,5738,150937,12,277352
22784,0.009322,172.31.36.0-255,66,151003,12,277352
22785,0.011635,74.125.24.0-255,5738,156741,12,277352
22786,0.011644,172.31.36.0-255,66,156807,12,277352
22787,0.013974,74.125.24.0-255,5738,162545,12,277352
22788,0.013982,172.31.36.0-255,66,162611,12,277352
22789,0.016367,74.125.24.0-255,5738,168349,12,277352
22790,0.016375,172.31.36.0-255,66,168415,12,277352
22791,0.018755,74.125.24.0-255,5738,174153,12,277352
22792,0.018764,172.31.36.0-255,66,174219,12,277352
22793,0.021076,74.125.24.0-255,5738,179957,12,277352
22794,0.021087,172.31.36.0-255,66,180023,12,277352
22795,0.023445,74.125.24.0-255,5738,185761,12,277352
22796,0.023454,172.31.36.0-255,66,185827,12,277352
22797,0.025845,74.125.24.0-255,5738,191565,12,277352
22798,0.025853,172.31.36.0-255,66,191631,12,277352
22799,0.028213,74.125.24.0-255,5738,197369,12,277352
22800,0.028224,172.31.36.0-255,66,197435,12,277352
22801,0.030552,74.125.24.0-255,5738,203173,12,277352
22802,0.03056,172.31.36.0-255,66,203239,12,277352
22803,0.032212,172.31.36.0-255,172,203411,12,277352
22804,0.032245,172.31.36.0-255,1107,204518,12,277352
22805,0.032304,172.31.36.0-255,1514,206032,12,277352
22806,0.032306,172.31.36.0-255,1300,207332,12,277352
22807,0.032865,74.125.24.0-255,5738,213070,12,277352
22808,0.032872,172.31.36.0-255,66,213136,12,277352
22809,0.033779,104.244.42.0-255,66,213202,12,277352
22810,0.033816,104.244.42.0-255,66,213268,12,277352
22811,0.033907,104.244.42.0-255,66,213334,12,277352
22812,0.034483,104.244.42.0-255,108,213442,12,277352
22813,0.03449,172.31.36.0-255,66,213508,12,277352
22814,0.035281,74.125.24.0-255,5738,219246,12,277352
22815,0.035287,172.31.36.0-255,66,219312,12,277352
22816,0.037604,74.125.24.0-255,5738,225050,12,277352
22817,0.037611,172.31.36.0-255,66,225116,12,277352
22818,0.03997,74.125.24.0-255,5738,230854,12,277352
22819,0.039977,172.31.36.0-255,66,230920,12,277352
22820,0.042288,74.125.24.0-255,5738,236658,12,277352
22821,0.042297,172.31.36.0-255,66,236724,12,277352
22822,0.044619,74.125.24.0-255,5738,242462,12,277352
22823,0.044626,172.31.36.0-255,66,242528,12,277352
22824,0.04699,74.125.24.0-255,5738,248266,12,277352
22825,0.046997,172.31.36.0-255,66,248332,12,277352
22826,0.049316,74.125.24.0-255,5738,254070,12,277352
22827,0.049324,172.31.36.0-255,66,254136,12,277352
22828,0.051705,74.125.24.0-255,5738,259874,12,277352
22829,0.051711,172.31.36.0-255,66,259940,12,277352
22830,0.054059,74.125.24.0-255,5738,265678,12,277352
22831,0.054066,172.31.36.0-255,66,265744,12,277352
22832,0.056441,74.125.24.0-255,5738,271482,12,277352
22833,0.05645,172.31.36.0-255,66,271548,12,277352
22834,0.058788,74.125.24.0-255,5738,277286,12,277352
22835,0.058799,172.31.36.0-255,66,277352,12,277352
22836,0.0,172.217.194.0-255,146,146,12,288711
22837,2.8e-05,172.31.36.0-255,66,212,12,288711
22838,3.5e-05,172.217.194.0-255,1484,1696,12,288711
22839,3.9e-05,172.31.36.0-255,66,1762,12,288711
22840,7.5e-05,172.217.194.0-255,2902,4664,12,288711
22841,7.9e-05,172.31.36.0-255,66,4730,12,288711
22842,8.2e-05,172.217.194.0-255,1484,6214,12,288711
22843,8.5e-05,172.31.36.0-255,66,6280,12,288711
22844,0.000116,172.217.194.0-255,5738,12018,12,288711
22845,0.00012,172.31.36.0-255,66,12084,12,288711
22846,0.000124,172.217.194.0-255,2038,14122,12,288711
22847,0.000126,172.31.36.0-255,66,14188,12,288711
22848,0.000181,172.217.194.0-255,1484,15672,12,288711
22849,0.000185,172.31.36.0-255,66,15738,12,288711
22850,0.000189,172.217.194.0-255,1484,17222,12,288711
22851,0.00019,172.31.36.0-255,66,17288,12,288711
22852,0.000226,172.217.194.0-255,1484,18772,12,288711
22853,0.000229,172.31.36.0-255,66,18838,12,288711
22854,0.000238,172.217.194.0-255,5738,24576,12,288711
22855,0.000241,172.31.36.0-255,66,24642,12,288711
22856,0.000277,172.31.36.0-255,66,24708,12,288711
22857,0.000312,172.217.194.0-255,1484,26192,12,288711
22858,0.000315,172.31.36.0-255,66,26258,12,288711
22859,0.00035,172.31.36.0-255,66,26324,12,288711
22860,0.000466,172.217.194.0-255,1484,27808,12,288711
22861,0.00047,172.31.36.0-255,66,27874,12,288711
22862,0.000475,172.217.194.0-255,2902,30776,12,288711
22863,0.000477,172.31.36.0-255,66,30842,12,288711
22864,0.000505,172.217.194.0-255,5738,36580,12,288711
22865,0.000514,172.31.36.0-255,66,36646,12,288711
22866,0.000541,172.217.194.0-255,6797,43443,12,288711
22867,0.000545,172.31.36.0-255,66,43509,12,288711
22868,0.000598,172.217.194.0-255,2902,46411,12,288711
22869,0.000601,172.31.36.0-255,66,46477,12,288711
22870,0.00063,172.217.194.0-255,4320,50797,12,288711
22871,0.000633,172.31.36.0-255,66,50863,12,288711
22872,0.00064,172.217.194.0-255,5738,56601,12,288711
22873,0.000642,172.31.36.0-255,66,56667,12,288711
22874,0.000666,172.217.194.0-255,4541,61208,12,288711
22875,0.000669,172.31.36.0-255,66,61274,12,288711
22876,0.000673,172.217.194.0-255,1484,62758,12,288711
22877,0.000712,172.217.194.0-255,4320,67078,12,288711
22878,0.000716,172.31.36.0-255,66,67144,12,288711
22879,0.000722,172.217.194.0-255,5738,72882,12,288711
22880,0.000726,172.31.36.0-255,66,72948,12,288711
22881,0.000758,172.217.194.0-255,4830,77778,12,288711
22882,0.000762,172.31.36.0-255,66,77844,12,288711
22883,0.001015,172.217.194.0-255,1484,79328,12,288711
22884,0.00102,172.217.194.0-255,1484,80812,12,288711
22885,0.001023,172.31.36.0-255,66,80878,12,288711
22886,0.001044,172.217.194.0-255,1484,82362,12,288711
22887,0.00105,172.217.194.0-255,5738,88100,12,288711
22888,0.001053,172.31.36.0-255,66,88166,12,288711
22889,0.00106,172.217.194.0-255,5738,93904,12,288711
22890,0.001063,172.31.36.0-255,66,93970,12,288711
22891,0.001084,172.217.194.0-255,1111,95081,12,288711
22892,0.001271,172.31.36.0-255,66,95147,12,288711
22893,0.001374,172.217.194.0-255,1484,96631,12,288711
22894,0.001384,172.217.194.0-255,2902,99533,12,288711
22895,0.001388,172.31.36.0-255,66,99599,12,288711
22896,0.001411,172.217.194.0-255,5738,105337,12,288711
22897,0.001414,172.31.36.0-255,66,105403,12,288711
22898,0.001421,172.217.194.0-255,5738,111141,12,288711
22899,0.001423,172.31.36.0-255,66,111207,12,288711
22900,0.001452,172.217.194.0-255,2902,114109,12,288711
22901,0.001456,172.31.36.0-255,66,114175,12,288711
22902,0.001494,172.31.36.0-255,66,114241,12,288711
22903,0.002111,172.217.194.0-255,1484,115725,12,288711
22904,0.002119,172.217.194.0-255,2902,118627,12,288711
22905,0.002124,172.31.36.0-255,66,118693,12,288711
22906,0.002131,172.217.194.0-255,5738,124431,12,288711
22907,0.002133,172.31.36.0-255,66,124497,12,288711
22908,0.002157,172.217.194.0-255,5738,130235,12,288711
22909,0.002159,172.31.36.0-255,66,130301,12,288711
22910,0.002208,172.217.194.0-255,7156,137457,12,288711
22911,0.002211,172.31.36.0-255,66,137523,12,288711
22912,0.002223,172.31.36.0-255,66,137589,12,288711
22913,0.002225,172.217.194.0-255,766,138355,12,288711
22914,0.002229,172.217.194.0-255,1484,139839,12,288711
22915,0.002231,172.31.36.0-255,66,139905,12,288711
22916,0.00226,172.217.194.0-255,4320,144225,12,288711
22917,0.002263,172.31.36.0-255,66,144291,12,288711
22918,0.002273,172.31.36.0-255,66,144357,12,288711
22919,0.002299,172.217.194.0-255,1484,145841,12,288711
22920,0.00231,172.31.36.0-255,66,145907,12,288711
22921,0.002335,172.217.194.0-255,5738,151645,12,288711
22922,0.002337,172.31.36.0-255,66,151711,12,288711
22923,0.002362,172.217.194.0-255,3602,155313,12,288711
22924,0.002364,172.31.36.0-255,66,155379,12,288711
22925,0.002407,172.217.194.0-255,4320,159699,12,288711
22926,0.002409,172.31.36.0-255,66,159765,12,288711
22927,0.002434,172.217.194.0-255,5738,165503,12,288711
22928,0.002437,172.31.36.0-255,66,165569,12,288711
22929,0.002449,172.31.36.0-255,66,165635,12,288711
22930,0.002464,172.31.36.0-255,66,165701,12,288711
22931,0.002467,172.217.194.0-255,1484,167185,12,288711
22932,0.002471,172.217.194.0-255,2902,170087,12,288711
22933,0.002474,172.31.36.0-255,66,170153,12,288711
22934,0.002479,172.217.194.0-255,5738,175891,12,288711
22935,0.002482,172.31.36.0-255,66,175957,12,288711
22936,0.002515,172.31.36.0-255,66,176023,12,288711
22937,0.00252,172.217.194.0-255,4320,180343,12,288711
22938,0.002523,172.31.36.0-255,66,180409,12,288711
22939,0.002528,172.217.194.0-255,4320,184729,12,288711
22940,0.002531,172.31.36.0-255,66,184795,12,288711
22941,0.002551,172.217.194.0-255,2184,186979,12,288711
22942,0.002553,172.31.36.0-255,66,187045,12,288711
22943,0.002585,172.217.194.0-255,7156,194201,12,288711
22944,0.002588,172.31.36.0-255,66,194267,12,288711
22945,0.002591,172.217.194.0-255,1484,195751,12,288711
22946,0.002617,172.217.194.0-255,7156,202907,12,288711
22947,0.00262,172.31.36.0-255,66,202973,12,288711
22948,0.002627,172.217.194.0-255,7156,210129,12,288711
22949,0.00263,172.31.36.0-255,66,210195,12,288711
22950,0.002661,172.31.36.0-255,66,210261,12,288711
22951,0.002664,172.217.194.0-255,766,211027,12,288711
22952,0.002719,172.217.194.0-255,1484,212511,12,288711
22953,0.002721,172.31.36.0-255,66,212577,12,288711
22954,0.002749,172.217.194.0-255,2902,215479,12,288711
22955,0.002752,172.31.36.0-255,66,215545,12,288711
22956,0.002758,172.217.194.0-255,5738,221283,12,288711
22957,0.002791,172.217.194.0-255,4320,225603,12,288711
22958,0.002809,172.217.194.0-255,2902,228505,12,288711
22959,0.002825,172.217.194.0-255,1484,229989,12,288711
22960,0.002841,172.217.194.0-255,7156,237145,12,288711
22961,0.002844,172.217.194.0-255,1484,238629,12,288711
22962,0.00289,172.217.194.0-255,6438,245067,12,288711
22963,0.003118,172.217.194.0-255,1484,246551,12,288711
22964,0.003137,172.217.194.0-255,2902,249453,12,288711
22965,0.003153,172.217.194.0-255,2902,252355,12,288711
22966,0.003171,172.217.194.0-255,2902,255257,12,288711
22967,0.003247,172.217.194.0-255,2184,257441,12,288711
22968,0.003296,172.217.194.0-255,1484,258925,12,288711
22969,0.003313,172.217.194.0-255,1484,260409,12,288711
22970,0.003318,172.217.194.0-255,4320,264729,12,288711
22971,0.003323,172.217.194.0-255,5738,270467,12,288711
22972,0.003336,172.217.194.0-255,2902,273369,12,288711
22973,0.00338,172.217.194.0-255,4320,277689,12,288711
22974,0.0034,172.217.194.0-255,6389,284078,12,288711
22975,0.003403,172.217.194.0-255,105,284183,12,288711
22976,0.004942,172.31.36.0-255,66,284249,12,288711
22977,0.007365,172.31.36.0-255,105,284354,12,288711
22978,0.009653,172.217.194.0-255,66,284420,12,288711
22979,0.038862,172.31.36.0-255,172,284592,12,288711
22980,0.038894,172.31.36.0-255,1108,285700,12,288711
22981,0.038934,172.31.36.0-255,1514,287214,12,288711
22982,0.038935,172.31.36.0-255,1299,288513,12,288711
22983,0.040407,104.244.42.0-255,66,288579,12,288711
22984,0.040458,104.244.42.0-255,66,288645,12,288711
22985,0.04051,104.244.42.0-255,66,288711,12,288711
22986,0.0,172.217.194.0-255,143,143,12,141341
22987,1.9e-05,172.31.36.0-255,66,209,12,141341
22988,2.4e-05,172.217.194.0-255,1484,1693,12,141341
22989,2.8e-05,172.31.36.0-255,66,1759,12,141341
22990,4.2e-05,172.217.194.0-255,2902,4661,12,141341
22991,4.5e-05,172.31.36.0-255,66,4727,12,141341
22992,5e-05,172.217.194.0-255,2902,7629,12,141341
22993,5.3e-05,172.31.36.0-255,66,7695,12,141341
22994,8.1e-05,172.217.194.0-255,4320,12015,12,141341
22995,8.6e-05,172.31.36.0-255,66,12081,12,141341
22996,9.4e-05,172.217.194.0-255,1484,13565,12,141341
22997,9.6e-05,172.31.36.0-255,66,13631,12,141341
22998,0.000109,172.31.36.0-255,66,13697,12,141341
22999,0.000116,172.217.194.0-255,6797,20494,12,141341
23000,0.000119,172.31.36.0-255,66,20560,12,141341
23001,0.00015,172.217.194.0-255,1484,22044,12,141341
23002,0.000154,172.31.36.0-255,66,22110,12,141341
23003,0.000164,172.217.194.0-255,2902,25012,12,141341
23004,0.000167,172.31.36.0-255,66,25078,12,141341
23005,0.000206,172.217.194.0-255,5738,30816,12,141341
23006,0.000209,172.31.36.0-255,66,30882,12,141341
23007,0.000222,172.31.36.0-255,66,30948,12,141341
23008,0.000256,172.217.194.0-255,3961,34909,12,141341
23009,0.000259,172.31.36.0-255,66,34975,12,141341
23010,0.00027,172.31.36.0-255,66,35041,12,141341
23011,0.000281,172.217.194.0-255,363,35404,12,141341
23012,0.000283,172.31.36.0-255,66,35470,12,141341
23013,0.000469,172.217.194.0-255,1484,36954,12,141341
23014,0.000475,172.31.36.0-255,66,37020,12,141341
23015,0.000481,172.217.194.0-255,2902,39922,12,141341
23016,0.000483,172.31.36.0-255,66,39988,12,141341
23017,0.000487,172.217.194.0-255,2902,42890,12,141341
23018,0.000495,172.31.36.0-255,66,42956,12,141341
23019,0.000524,172.217.194.0-255,2902,45858,12,141341
23020,0.000532,172.31.36.0-255,66,45924,12,141341
23021,0.000544,172.31.36.0-255,66,45990,12,141341
23022,0.000592,172.31.36.0-255,66,46056,12,141341
23023,0.000905,172.217.194.0-255,1484,47540,12,141341
23024,0.000913,172.217.194.0-255,2902,50442,12,141341
23025,0.00092,172.31.36.0-255,66,50508,12,141341
23026,0.000927,172.217.194.0-255,5738,56246,12,141341
23027,0.00093,172.31.36.0-255,66,56312,12,141341
23028,0.000985,172.31.36.0-255,66,56378,12,141341
23029,0.001003,172.31.36.0-255,66,56444,12,141341
23030,0.001033,172.217.194.0-255,766,57210,12,141341
23031,0.001125,172.217.194.0-255,1484,58694,12,141341
23032,0.00113,172.31.36.0-255,66,58760,12,141341
23033,0.001136,172.217.194.0-255,2902,61662,12,141341
23034,0.001138,172.31.36.0-255,66,61728,12,141341
23035,0.001141,172.217.194.0-255,1484,63212,12,141341
23036,0.001161,172.217.194.0-255,4320,67532,12,141341
23037,0.001164,172.31.36.0-255,66,67598,12,141341
23038,0.001181,172.31.36.0-255,66,67664,12,141341
23039,0.001209,172.217.194.0-255,2902,70566,12,141341
23040,0.001216,172.31.36.0-255,66,70632,12,141341
23041,0.001223,172.217.194.0-255,7156,77788,12,141341
23042,0.001225,172.31.36.0-255,66,77854,12,141341
23043,0.001232,172.217.194.0-255,7156,85010,12,141341
23044,0.001235,172.31.36.0-255,66,85076,12,141341
23045,0.001268,172.217.194.0-255,766,85842,12,141341
23046,0.001285,172.31.36.0-255,66,85908,12,141341
23047,0.001302,172.31.36.0-255,66,85974,12,141341
23048,0.001306,172.217.194.0-255,2184,88158,12,141341
23049,0.001309,172.31.36.0-255,66,88224,12,141341
23050,0.0017,172.217.194.0-255,1484,89708,12,141341
23051,0.001706,172.217.194.0-255,2902,92610,12,141341
23052,0.001708,172.217.194.0-255,1484,94094,12,141341
23053,0.001714,172.31.36.0-255,66,94160,12,141341
23054,0.001726,172.217.194.0-255,4320,98480,12,141341
23055,0.001728,172.31.36.0-255,66,98546,12,141341
23056,0.001739,172.217.194.0-255,7156,105702,12,141341
23057,0.001741,172.31.36.0-255,66,105768,12,141341
23058,0.001772,172.217.194.0-255,4320,110088,12,141341
23059,0.001775,172.31.36.0-255,66,110154,12,141341
23060,0.001806,172.31.36.0-255,66,110220,12,141341
23061,0.001832,172.217.194.0-255,3602,113822,12,141341
23062,0.001835,172.31.36.0-255,66,113888,12,141341
23063,0.001848,172.31.36.0-255,66,113954,12,141341
23064,0.001867,172.31.36.0-255,66,114020,12,141341
23065,0.001923,172.31.36.0-255,66,114086,12,141341
23066,0.001942,172.217.194.0-255,3602,117688,12,141341
23067,0.001944,172.31.36.0-255,66,117754,12,141341
23068,0.001999,172.31.36.0-255,66,117820,12,141341
23069,0.00203,172.217.194.0-255,3602,121422,12,141341
23070,0.002033,172.31.36.0-255,66,121488,12,141341
23071,0.002047,172.31.36.0-255,66,121554,12,141341
23072,0.00207,172.31.36.0-255,66,121620,12,141341
23073,0.002081,172.31.36.0-255,66,121686,12,141341
23074,0.002125,172.31.36.0-255,66,121752,12,141341
23075,0.002128,172.217.194.0-255,1484,123236,12,141341
23076,0.002132,172.217.194.0-255,2902,126138,12,141341
23077,0.002134,172.31.36.0-255,66,126204,12,141341
23078,0.002145,172.217.194.0-255,5738,131942,12,141341
23079,0.002147,172.31.36.0-255,66,132008,12,141341
23080,0.002157,172.31.36.0-255,66,132074,12,141341
23081,0.002187,172.217.194.0-255,4320,136394,12,141341
23082,0.002194,172.31.36.0-255,66,136460,12,141341
23083,0.002206,172.31.36.0-255,66,136526,12,141341
23084,0.002241,172.31.36.0-255,66,136592,12,141341
23085,0.002243,172.217.194.0-255,105,136697,12,141341
23086,0.004865,172.31.36.0-255,66,136763,12,141341
23087,0.004901,172.31.36.0-255,105,136868,12,141341
23088,0.007407,172.217.194.0-255,66,136934,12,141341
23089,0.052608,172.31.36.0-255,172,137106,12,141341
23090,0.052675,172.31.36.0-255,1108,138214,12,141341
23091,0.052907,172.31.36.0-255,1514,139728,12,141341
23092,0.052909,172.31.36.0-255,1415,141143,12,141341
23093,0.054168,104.244.42.0-255,66,141209,12,141341
23094,0.054242,104.244.42.0-255,66,141275,12,141341
23095,0.054526,104.244.42.0-255,66,141341,12,141341
23096,0.0,74.125.24.0-255,143,143,12,205243
23097,2.3e-05,172.31.36.0-255,66,209,12,205243
23098,5.9e-05,74.125.24.0-255,1484,1693,12,205243
23099,6.4e-05,172.31.36.0-255,66,1759,12,205243
23100,9.3e-05,74.125.24.0-255,2902,4661,12,205243
23101,9.5e-05,172.31.36.0-255,66,4727,12,205243
23102,0.0001,74.125.24.0-255,4320,9047,12,205243
23103,0.000102,172.31.36.0-255,66,9113,12,205243
23104,0.000122,74.125.24.0-255,1484,10597,12,205243
23105,0.000124,172.31.36.0-255,66,10663,12,205243
23106,0.000158,172.31.36.0-255,66,10729,12,205243
23107,0.000168,172.31.36.0-255,66,10795,12,205243
23108,0.000196,74.125.24.0-255,3961,14756,12,205243
23109,0.000198,172.31.36.0-255,66,14822,12,205243
23110,0.00034,74.125.24.0-255,1484,16306,12,205243
23111,0.000344,172.31.36.0-255,66,16372,12,205243
23112,0.000351,74.125.24.0-255,2902,19274,12,205243
23113,0.000353,172.31.36.0-255,66,19340,12,205243
23114,0.000387,74.125.24.0-255,5738,25078,12,205243
23115,0.00039,172.31.36.0-255,66,25144,12,205243
23116,0.000393,74.125.24.0-255,1484,26628,12,205243
23117,0.000395,172.31.36.0-255,66,26694,12,205243
23118,0.000441,172.31.36.0-255,66,26760,12,205243
23119,0.000475,172.31.36.0-255,66,26826,12,205243
23120,0.000478,74.125.24.0-255,133,26959,12,205243
23121,0.00048,172.31.36.0-255,66,27025,12,205243
23122,0.000766,74.125.24.0-255,345,27370,12,205243
23123,0.000771,172.31.36.0-255,66,27436,12,205243
23124,0.001205,74.125.24.0-255,1484,28920,12,205243
23125,0.001247,74.125.24.0-255,1484,30404,12,205243
23126,0.001253,172.31.36.0-255,66,30470,12,205243
23127,0.001259,74.125.24.0-255,2902,33372,12,205243
23128,0.001261,172.31.36.0-255,66,33438,12,205243
23129,0.001295,74.125.24.0-255,5738,39176,12,205243
23130,0.001298,172.31.36.0-255,66,39242,12,205243
23131,0.001344,172.31.36.0-255,66,39308,12,205243
23132,0.001355,172.31.36.0-255,66,39374,12,205243
23133,0.001363,74.125.24.0-255,766,40140,12,205243
23134,0.001509,74.125.24.0-255,1484,41624,12,205243
23135,0.001518,172.31.36.0-255,66,41690,12,205243
23136,0.001542,74.125.24.0-255,2902,44592,12,205243
23137,0.001545,172.31.36.0-255,66,44658,12,205243
23138,0.001552,74.125.24.0-255,5738,50396,12,205243
23139,0.001554,172.31.36.0-255,66,50462,12,205243
23140,0.00159,172.31.36.0-255,66,50528,12,205243
23141,0.001628,74.125.24.0-255,2902,53430,12,205243
23142,0.001632,172.31.36.0-255,66,53496,12,205243
23143,0.001647,172.31.36.0-255,66,53562,12,205243
23144,0.001652,74.125.24.0-255,4320,57882,12,205243
23145,0.001655,172.31.36.0-255,66,57948,12,205243
23146,0.001666,172.31.36.0-255,66,58014,12,205243
23147,0.001728,74.125.24.0-255,2902,60916,12,205243
23148,0.001732,172.31.36.0-255,66,60982,12,205243
23149,0.001779,172.31.36.0-255,66,61048,12,205243
23150,0.001786,74.125.24.0-255,7156,68204,12,205243
23151,0.001789,172.31.36.0-255,66,68270,12,205243
23152,0.001806,172.31.36.0-255,66,68336,12,205243
23153,0.001822,172.31.36.0-255,66,68402,12,205243
23154,0.001824,74.125.24.0-255,766,69168,12,205243
23155,0.001855,74.125.24.0-255,4320,73488,12,205243
23156,0.001858,172.31.36.0-255,66,73554,12,205243
23157,0.001886,74.125.24.0-255,1484,75038,12,205243
23158,0.001894,74.125.24.0-255,7156,82194,12,205243
23159,0.001898,172.31.36.0-255,66,82260,12,205243
23160,0.001907,172.31.36.0-255,66,82326,12,205243
23161,0.001942,74.125.24.0-255,5738,88064,12,205243
23162,0.001947,172.31.36.0-255,66,88130,12,205243
23163,0.001954,74.125.24.0-255,6438,94568,12,205243
23164,0.001957,172.31.36.0-255,66,94634,12,205243
23165,0.001971,172.31.36.0-255,66,94700,12,205243
23166,0.002034,74.125.24.0-255,1484,96184,12,205243
23167,0.002037,74.125.24.0-255,2902,99086,12,205243
23168,0.002077,74.125.24.0-255,5738,104824,12,205243
23169,0.002092,172.31.36.0-255,66,104890,12,205243
23170,0.002112,172.31.36.0-255,66,104956,12,205243
23171,0.002123,74.125.24.0-255,2902,107858,12,205243
23172,0.002165,74.125.24.0-255,1484,109342,12,205243
23173,0.002168,74.125.24.0-255,1484,110826,12,205243
23174,0.002183,74.125.24.0-255,1484,112310,12,205243
23175,0.002188,74.125.24.0-255,2902,115212,12,205243
23176,0.002201,172.31.36.0-255,66,115278,12,205243
23177,0.002209,74.125.24.0-255,2902,118180,12,205243
23178,0.002232,74.125.24.0-255,2902,121082,12,205243
23179,0.002239,74.125.24.0-255,7156,128238,12,205243
23180,0.002243,172.31.36.0-255,66,128304,12,205243
23181,0.002302,74.125.24.0-255,1484,129788,12,205243
23182,0.002322,74.125.24.0-255,2184,131972,12,205243
23183,0.002327,74.125.24.0-255,4320,136292,12,205243
23184,0.002342,74.125.24.0-255,7156,143448,12,205243
23185,0.002366,172.31.36.0-255,66,143514,12,205243
23186,0.004647,74.125.24.0-255,5738,149252,12,205243
23187,0.004657,172.31.36.0-255,66,149318,12,205243
23188,0.00692,74.125.24.0-255,5738,155056,12,205243
23189,0.006923,172.31.36.0-255,66,155122,12,205243
23190,0.009194,74.125.24.0-255,5738,160860,12,205243
23191,0.009199,172.31.36.0-255,66,160926,12,205243
23192,0.011471,74.125.24.0-255,5738,166664,12,205243
23193,0.011479,172.31.36.0-255,66,166730,12,205243
23194,0.013756,74.125.24.0-255,5738,172468,12,205243
23195,0.013771,172.31.36.0-255,66,172534,12,205243
23196,0.016034,74.125.24.0-255,5738,178272,12,205243
23197,0.016053,172.31.36.0-255,66,178338,12,205243
23198,0.018345,74.125.24.0-255,5738,184076,12,205243
23199,0.018359,172.31.36.0-255,66,184142,12,205243
23200,0.020615,74.125.24.0-255,5738,189880,12,205243
23201,0.020624,172.31.36.0-255,66,189946,12,205243
23202,0.022898,74.125.24.0-255,5738,195684,12,205243
23203,0.022906,172.31.36.0-255,66,195750,12,205243
23204,0.025175,74.125.24.0-255,4965,200715,12,205243
23205,0.025182,172.31.36.0-255,66,200781,12,205243
23206,0.025398,172.31.36.0-255,105,200886,12,205243
23207,0.027642,74.125.24.0-255,66,200952,12,205243
23208,0.029653,172.31.36.0-255,172,201124,12,205243
23209,0.029702,172.31.36.0-255,1108,202232,12,205243
23210,0.029788,172.31.36.0-255,1514,203746,12,205243
23211,0.02979,172.31.36.0-255,1299,205045,12,205243
23212,0.031194,104.244.42.0-255,66,205111,12,205243
23213,0.031285,104.244.42.0-255,66,205177,12,205243
23214,0.031334,104.244.42.0-255,66,205243,12,205243
23215,0.0,74.125.68.0-255,299,299,12,228366
23216,3.7e-05,172.31.36.0-255,66,365,12,228366
23217,4.4e-05,74.125.68.0-255,1484,1849,12,228366
23218,4.9e-05,172.31.36.0-255,66,1915,12,228366
23219,5.4e-05,74.125.68.0-255,2902,4817,12,228366
23220,5.6e-05,172.31.36.0-255,66,4883,12,228366
23221,6.3e-05,74.125.68.0-255,5738,10621,12,228366
23222,6.6e-05,172.31.36.0-255,66,10687,12,228366
23223,7.1e-05,74.125.68.0-255,3241,13928,12,228366
23224,7.3e-05,172.31.36.0-255,66,13994,12,228366
23225,7.7e-05,74.125.68.0-255,1484,15478,12,228366
23226,7.9e-05,172.31.36.0-255,66,15544,12,228366
23227,9.7e-05,74.125.68.0-255,2902,18446,12,228366
23228,0.000102,172.31.36.0-255,66,18512,12,228366
23229,0.000132,172.31.36.0-255,66,18578,12,228366
23230,0.00015,74.125.68.0-255,4320,22898,12,228366
23231,0.000152,172.31.36.0-255,66,22964,12,228366
23232,0.000186,74.125.68.0-255,7156,30120,12,228366
23233,0.00019,172.31.36.0-255,66,30186,12,228366
23234,0.000198,74.125.68.0-255,7156,37342,12,228366
23235,0.0002,172.31.36.0-255,66,37408,12,228366
23236,0.000207,74.125.68.0-255,4320,41728,12,228366
23237,0.000209,172.31.36.0-255,66,41794,12,228366
23238,0.000233,74.125.68.0-255,3602,45396,12,228366
23239,0.000236,172.31.36.0-255,66,45462,12,228366
23240,0.000241,74.125.68.0-255,2902,48364,12,228366
23241,0.000243,172.31.36.0-255,66,48430,12,228366
23242,0.00027,74.125.68.0-255,4320,52750,12,228366
23243,0.000273,172.31.36.0-255,66,52816,12,228366
23244,0.000292,74.125.68.0-255,2857,55673,12,228366
23245,0.000294,172.31.36.0-255,66,55739,12,228366
23246,0.000892,74.125.68.0-255,110,55849,12,228366
23247,0.000954,172.31.36.0-255,66,55915,12,228366
23248,0.001167,74.125.68.0-255,1484,57399,12,228366
23249,0.001178,74.125.68.0-255,2902,60301,12,228366
23250,0.001183,172.31.36.0-255,66,60367,12,228366
23251,0.001188,74.125.68.0-255,1484,61851,12,228366
23252,0.001209,74.125.68.0-255,2902,64753,12,228366
23253,0.001213,172.31.36.0-255,66,64819,12,228366
23254,0.001219,74.125.68.0-255,4320,69139,12,228366
23255,0.001221,172.31.36.0-255,66,69205,12,228366
23256,0.001247,74.125.68.0-255,1484,70689,12,228366
23257,0.001276,74.125.68.0-255,2902,73591,12,228366
23258,0.001281,172.31.36.0-255,66,73657,12,228366
23259,0.001314,74.125.68.0-255,5738,79395,12,228366
23260,0.001318,172.31.36.0-255,66,79461,12,228366
23261,0.00133,172.31.36.0-255,66,79527,12,228366
23262,0.001332,74.125.68.0-255,766,80293,12,228366
23263,0.001647,172.31.36.0-255,66,80359,12,228366
23264,0.003623,74.125.68.0-255,4320,84679,12,228366
23265,0.003632,172.31.36.0-255,66,84745,12,228366
23266,0.003909,74.125.68.0-255,1484,86229,12,228366
23267,0.005922,74.125.68.0-255,4320,90549,12,228366
23268,0.005933,172.31.36.0-255,66,90615,12,228366
23269,0.008221,74.125.68.0-255,5738,96353,12,228366
23270,0.008235,172.31.36.0-255,66,96419,12,228366
23271,0.010538,74.125.68.0-255,5738,102157,12,228366
23272,0.010556,172.31.36.0-255,66,102223,12,228366
23273,0.012859,74.125.68.0-255,5738,107961,12,228366
23274,0.012876,172.31.36.0-255,66,108027,12,228366
23275,0.015189,74.125.68.0-255,5738,113765,12,228366
23276,0.01521,172.31.36.0-255,66,113831,12,228366
23277,0.017503,74.125.68.0-255,5738,119569,12,228366
23278,0.017523,172.31.36.0-255,66,119635,12,228366
23279,0.019817,74.125.68.0-255,5738,125373,12,228366
23280,0.019835,172.31.36.0-255,66,125439,12,228366
23281,0.022129,74.125.68.0-255,5738,131177,12,228366
23282,0.022147,172.31.36.0-255,66,131243,12,228366
23283,0.024437,74.125.68.0-255,5738,136981,12,228366
23284,0.024456,172.31.36.0-255,66,137047,12,228366
23285,0.026788,74.125.68.0-255,5738,142785,12,228366
23286,0.026807,172.31.36.0-255,66,142851,12,228366
23287,0.029083,74.125.68.0-255,5738,148589,12,228366
23288,0.029091,172.31.36.0-255,66,148655,12,228366
23289,0.030161,172.31.36.0-255,172,148827,12,228366
23290,0.030205,172.31.36.0-255,1109,149936,12,228366
23291,0.030273,172.31.36.0-255,1514,151450,12,228366
23292,0.030275,172.31.36.0-255,1298,152748,12,228366
23293,0.031371,74.125.68.0-255,5738,158486,12,228366
23294,0.031378,172.31.36.0-255,66,158552,12,228366
23295,0.031716,104.244.42.0-255,66,158618,12,228366
23296,0.031737,104.244.42.0-255,66,158684,12,228366
23297,0.031863,104.244.42.0-255,66,158750,12,228366
23298,0.033648,74.125.68.0-255,4320,163070,12,228366
23299,0.033654,172.31.36.0-255,66,163136,12,228366
23300,0.033672,74.125.68.0-255,1484,164620,12,228366
23301,0.035924,74.125.68.0-255,4320,168940,12,228366
23302,0.03593,172.31.36.0-255,66,169006,12,228366
23303,0.038208,74.125.68.0-255,2902,171908,12,228366
23304,0.038213,172.31.36.0-255,66,171974,12,228366
23305,0.038242,74.125.68.0-255,2902,174876,12,228366
23306,0.038246,172.31.36.0-255,66,174942,12,228366
23307,0.040486,74.125.68.0-255,2902,177844,12,228366
23308,0.040492,172.31.36.0-255,66,177910,12,228366
23309,0.040526,74.125.68.0-255,2902,180812,12,228366
23310,0.040529,172.31.36.0-255,66,180878,12,228366
23311,0.042758,74.125.68.0-255,2902,183780,12,228366
23312,0.042763,172.31.36.0-255,66,183846,12,228366
23313,0.042796,74.125.68.0-255,2902,186748,12,228366
23314,0.0428,172.31.36.0-255,66,186814,12,228366
23315,0.045044,74.125.68.0-255,2902,189716,12,228366
23316,0.04505,172.31.36.0-255,66,189782,12,228366
23317,0.045086,74.125.68.0-255,2902,192684,12,228366
23318,0.045089,172.31.36.0-255,66,192750,12,228366
23319,0.047321,74.125.68.0-255,2902,195652,12,228366
23320,0.047326,172.31.36.0-255,66,195718,12,228366
23321,0.047351,74.125.68.0-255,2902,198620,12,228366
23322,0.047354,172.31.36.0-255,66,198686,12,228366
23323,0.049582,74.125.68.0-255,2902,201588,12,228366
23324,0.049587,172.31.36.0-255,66,201654,12,228366
23325,0.049625,74.125.68.0-255,2902,204556,12,228366
23326,0.049628,172.31.36.0-255,66,204622,12,228366
23327,0.051876,74.125.68.0-255,2902,207524,12,228366
23328,0.051881,172.31.36.0-255,66,207590,12,228366
23329,0.051911,74.125.68.0-255,2902,210492,12,228366
23330,0.051914,172.31.36.0-255,66,210558,12,228366
23331,0.054142,74.125.68.0-255,2902,213460,12,228366
23332,0.054148,172.31.36.0-255,66,213526,12,228366
23333,0.054177,74.125.68.0-255,2902,216428,12,228366
23334,0.05418,172.31.36.0-255,66,216494,12,228366
23335,0.056414,74.125.68.0-255,2902,219396,12,228366
23336,0.056419,172.31.36.0-255,66,219462,12,228366
23337,0.056451,74.125.68.0-255,2902,222364,12,228366
23338,0.056454,172.31.36.0-255,66,222430,12,228366
23339,0.058692,74.125.68.0-255,2902,225332,12,228366
23340,0.058697,172.31.36.0-255,66,225398,12,228366
23341,0.058731,74.125.68.0-255,2902,228300,12,228366
23342,0.058734,172.31.36.0-255,66,228366,12,228366
23343,0.0,172.217.194.0-255,153,153,12,204343
23344,2.1e-05,172.31.36.0-255,66,219,12,204343
23345,2.8e-05,172.217.194.0-255,1484,1703,12,204343
23346,3.2e-05,172.31.36.0-255,66,1769,12,204343
23347,3.8e-05,172.217.194.0-255,2902,4671,12,204343
23348,4e-05,172.31.36.0-255,66,4737,12,204343
23349,5.3e-05,172.217.194.0-255,7156,11893,12,204343
23350,5.6e-05,172.31.36.0-255,66,11959,12,204343
23351,8.7e-05,172.217.194.0-255,1968,13927,12,204343
23352,8.9e-05,172.31.36.0-255,66,13993,12,204343
23353,0.00015,172.217.194.0-255,1484,15477,12,204343
23354,0.000152,172.31.36.0-255,66,15543,12,204343
23355,0.000158,172.217.194.0-255,2902,18445,12,204343
23356,0.000161,172.31.36.0-255,66,18511,12,204343
23357,0.000164,172.217.194.0-255,1484,19995,12,204343
23358,0.00017,172.31.36.0-255,66,20061,12,204343
23359,0.000201,172.217.194.0-255,4320,24381,12,204343
23360,0.000203,172.31.36.0-255,66,24447,12,204343
23361,0.000238,172.31.36.0-255,66,24513,12,204343
23362,0.000248,172.31.36.0-255,66,24579,12,204343
23363,0.0003,172.31.36.0-255,66,24645,12,204343
23364,0.000324,172.217.194.0-255,4320,28965,12,204343
23365,0.000326,172.31.36.0-255,66,29031,12,204343
23366,0.000348,172.217.194.0-255,2815,31846,12,204343
23367,0.00035,172.31.36.0-255,66,31912,12,204343
23368,0.000353,172.217.194.0-255,436,32348,12,204343
23369,0.000355,172.31.36.0-255,66,32414,12,204343
23370,0.000604,172.217.194.0-255,1484,33898,12,204343
23371,0.000609,172.31.36.0-255,66,33964,12,204343
23372,0.000614,172.217.194.0-255,2902,36866,12,204343
23373,0.000616,172.31.36.0-255,66,36932,12,204343
23374,0.000645,172.217.194.0-255,5738,42670,12,204343
23375,0.000648,172.31.36.0-255,66,42736,12,204343
23376,0.000658,172.31.36.0-255,66,42802,12,204343
23377,0.000708,172.31.36.0-255,66,42868,12,204343
23378,0.001292,172.217.194.0-255,1484,44352,12,204343
23379,0.001309,172.217.194.0-255,2902,47254,12,204343
23380,0.001314,172.217.194.0-255,5738,52992,12,204343
23381,0.001341,172.31.36.0-255,66,53058,12,204343
23382,0.001345,172.31.36.0-255,66,53124,12,204343
23383,0.001384,172.31.36.0-255,66,53190,12,204343
23384,0.001389,172.217.194.0-255,2902,56092,12,204343
23385,0.001391,172.31.36.0-255,66,56158,12,204343
23386,0.001394,172.217.194.0-255,1484,57642,12,204343
23387,0.001427,172.217.194.0-255,6438,64080,12,204343
23388,0.00143,172.31.36.0-255,66,64146,12,204343
23389,0.001495,172.217.194.0-255,1484,65630,12,204343
23390,0.001501,172.217.194.0-255,2902,68532,12,204343
23391,0.001504,172.31.36.0-255,66,68598,12,204343
23392,0.001511,172.217.194.0-255,5738,74336,12,204343
23393,0.001513,172.31.36.0-255,66,74402,12,204343
23394,0.001567,172.31.36.0-255,66,74468,12,204343
23395,0.001585,172.31.36.0-255,66,74534,12,204343
23396,0.001728,172.217.194.0-255,1484,76018,12,204343
23397,0.001733,172.217.194.0-255,2902,78920,12,204343
23398,0.001739,172.31.36.0-255,66,78986,12,204343
23399,0.001752,172.217.194.0-255,2902,81888,12,204343
23400,0.001759,172.31.36.0-255,66,81954,12,204343
23401,0.001789,172.217.194.0-255,1484,83438,12,204343
23402,0.001799,172.31.36.0-255,66,83504,12,204343
23403,0.001853,172.31.36.0-255,66,83570,12,204343
23404,0.001876,172.217.194.0-255,1484,85054,12,204343
23405,0.001895,172.217.194.0-255,2902,87956,12,204343
23406,0.001898,172.31.36.0-255,66,88022,12,204343
23407,0.001903,172.217.194.0-255,2902,90924,12,204343
23408,0.001904,172.31.36.0-255,66,90990,12,204343
23409,0.001927,172.217.194.0-255,2902,93892,12,204343
23410,0.001929,172.31.36.0-255,66,93958,12,204343
23411,0.001934,172.217.194.0-255,2902,96860,12,204343
23412,0.001941,172.31.36.0-255,66,96926,12,204343
23413,0.001982,172.31.36.0-255,66,96992,12,204343
23414,0.002006,172.31.36.0-255,66,97058,12,204343
23415,0.00201,172.217.194.0-255,2902,99960,12,204343
23416,0.002012,172.31.36.0-255,66,100026,12,204343
23417,0.002017,172.217.194.0-255,4320,104346,12,204343
23418,0.00202,172.31.36.0-255,66,104412,12,204343
23419,0.002056,172.31.36.0-255,66,104478,12,204343
23420,0.00206,172.217.194.0-255,1484,105962,12,204343
23421,0.002106,172.31.36.0-255,66,106028,12,204343
23422,0.002125,172.31.36.0-255,66,106094,12,204343
23423,0.002162,172.31.36.0-255,66,106160,12,204343
23424,0.00217,172.217.194.0-255,7156,113316,12,204343
23425,0.002177,172.31.36.0-255,66,113382,12,204343
23426,0.002244,172.31.36.0-255,66,113448,12,204343
23427,0.002273,172.217.194.0-255,1484,114932,12,204343
23428,0.002278,172.217.194.0-255,2902,117834,12,204343
23429,0.002281,172.31.36.0-255,66,117900,12,204343
23430,0.002287,172.217.194.0-255,2902,120802,12,204343
23431,0.002289,172.31.36.0-255,66,120868,12,204343
23432,0.002314,172.217.194.0-255,2902,123770,12,204343
23433,0.002317,172.31.36.0-255,66,123836,12,204343
23434,0.002334,172.31.36.0-255,66,123902,12,204343
23435,0.002368,172.217.194.0-255,2902,126804,12,204343
23436,0.00237,172.31.36.0-255,66,126870,12,204343
23437,0.002391,172.31.36.0-255,66,126936,12,204343
23438,0.002394,172.217.194.0-255,1484,128420,12,204343
23439,0.004748,172.217.194.0-255,4320,132740,12,204343
23440,0.004756,172.31.36.0-255,66,132806,12,204343
23441,0.00686,172.31.36.0-255,101,132907,12,204343
23442,0.007114,172.217.194.0-255,5738,138645,12,204343
23443,0.00712,172.31.36.0-255,66,138711,12,204343
23444,0.009229,172.217.194.0-255,66,138777,12,204343
23445,0.00946,172.217.194.0-255,4320,143097,12,204343
23446,0.009464,172.31.36.0-255,66,143163,12,204343
23447,0.009491,172.217.194.0-255,1484,144647,12,204343
23448,0.011854,172.217.194.0-255,4320,148967,12,204343
23449,0.011871,172.31.36.0-255,66,149033,12,204343
23450,0.014234,172.217.194.0-255,5738,154771,12,204343
23451,0.014242,172.31.36.0-255,66,154837,12,204343
23452,0.016599,172.217.194.0-255,5738,160575,12,204343
23453,0.016609,172.31.36.0-255,66,160641,12,204343
23454,0.01896,172.217.194.0-255,5738,166379,12,204343
23455,0.018971,172.31.36.0-255,66,166445,12,204343
23456,0.021339,172.217.194.0-255,5738,172183,12,204343
23457,0.021351,172.31.36.0-255,66,172249,12,204343
23458,0.023718,172.217.194.0-255,5738,177987,12,204343
23459,0.023724,172.31.36.0-255,66,178053,12,204343
23460,0.026072,172.217.194.0-255,5738,183791,12,204343
23461,0.02609,172.31.36.0-255,66,183857,12,204343
23462,0.028427,172.217.194.0-255,4320,188177,12,204343
23463,0.028433,172.31.36.0-255,66,188243,12,204343
23464,0.028457,172.217.194.0-255,1484,189727,12,204343
23465,0.030798,172.217.194.0-255,4320,194047,12,204343
23466,0.030807,172.31.36.0-255,66,194113,12,204343
23467,0.033149,172.217.194.0-255,862,194975,12,204343
23468,0.033326,172.31.36.0-255,105,195080,12,204343
23469,0.040263,172.217.194.0-255,66,195146,12,204343
23470,0.04455,172.31.36.0-255,172,195318,12,204343
23471,0.044585,172.31.36.0-255,1108,196426,12,204343
23472,0.044652,172.31.36.0-255,1514,197940,12,204343
23473,0.044654,172.31.36.0-255,1514,199454,12,204343
23474,0.044655,172.31.36.0-255,1514,200968,12,204343
23475,0.044661,172.31.36.0-255,1514,202482,12,204343
23476,0.044682,172.31.36.0-255,1514,203996,12,204343
23477,0.044683,172.31.36.0-255,83,204079,12,204343
23478,0.046126,104.244.42.0-255,66,204145,12,204343
23479,0.046166,104.244.42.0-255,66,204211,12,204343
23480,0.046224,104.244.42.0-255,66,204277,12,204343
23481,0.046278,104.244.42.0-255,66,204343,12,204343
23482,0.0,172.217.194.0-255,146,146,12,271902
23483,0.000109,172.31.36.0-255,66,212,12,271902
23484,0.000117,172.217.194.0-255,1484,1696,12,271902
23485,0.000121,172.31.36.0-255,66,1762,12,271902
23486,0.000135,172.217.194.0-255,2902,4664,12,271902
23487,0.000137,172.31.36.0-255,66,4730,12,271902
23488,0.000146,172.217.194.0-255,7156,11886,12,271902
23489,0.000148,172.31.36.0-255,66,11952,12,271902
23490,0.000154,172.217.194.0-255,3447,15399,12,271902
23491,0.000155,172.31.36.0-255,66,15465,12,271902
23492,0.000161,172.217.194.0-255,4320,19785,12,271902
23493,0.000163,172.31.36.0-255,66,19851,12,271902
23494,0.000174,172.31.36.0-255,66,19917,12,271902
23495,0.000177,172.217.194.0-255,1125,21042,12,271902
23496,0.00018,172.31.36.0-255,66,21108,12,271902
23497,0.00068,172.217.194.0-255,1484,22592,12,271902
23498,0.000686,172.31.36.0-255,66,22658,12,271902
23499,0.000695,172.217.194.0-255,2902,25560,12,271902
23500,0.000697,172.31.36.0-255,66,25626,12,271902
23501,0.000708,172.217.194.0-255,1484,27110,12,271902
23502,0.00071,172.31.36.0-255,66,27176,12,271902
23503,0.000746,172.217.194.0-255,5738,32914,12,271902
23504,0.000749,172.31.36.0-255,66,32980,12,271902
23505,0.000775,172.217.194.0-255,2902,35882,12,271902
23506,0.000779,172.31.36.0-255,66,35948,12,271902
23507,0.000808,172.217.194.0-255,4320,40268,12,271902
23508,0.000811,172.31.36.0-255,66,40334,12,271902
23509,0.000816,172.217.194.0-255,2902,43236,12,271902
23510,0.000818,172.31.36.0-255,66,43302,12,271902
23511,0.000853,172.217.194.0-255,4320,47622,12,271902
23512,0.000856,172.31.36.0-255,66,47688,12,271902
23513,0.000867,172.31.36.0-255,66,47754,12,271902
23514,0.000911,172.217.194.0-255,378,48132,12,271902
23515,0.000989,172.217.194.0-255,366,48498,12,271902
23516,0.001614,172.217.194.0-255,1484,49982,12,271902
23517,0.001621,172.217.194.0-255,2902,52884,12,271902
23518,0.001642,172.217.194.0-255,5738,58622,12,271902
23519,0.001666,172.217.194.0-255,2902,61524,12,271902
23520,0.001692,172.217.194.0-255,1484,63008,12,271902
23521,0.001912,172.217.194.0-255,1484,64492,12,271902
23522,0.001917,172.217.194.0-255,2902,67394,12,271902
23523,0.001937,172.217.194.0-255,4320,71714,12,271902
23524,0.001949,172.217.194.0-255,1484,73198,12,271902
23525,0.001962,172.217.194.0-255,1484,74682,12,271902
23526,0.001999,172.217.194.0-255,2902,77584,12,271902
23527,0.002009,172.217.194.0-255,2902,80486,12,271902
23528,0.00204,172.217.194.0-255,766,81252,12,271902
23529,0.002096,172.217.194.0-255,5738,86990,12,271902
23530,0.002127,172.217.194.0-255,1484,88474,12,271902
23531,0.002148,172.217.194.0-255,1484,89958,12,271902
23532,0.002161,172.217.194.0-255,1484,91442,12,271902
23533,0.002167,172.217.194.0-255,5738,97180,12,271902
23534,0.002181,172.217.194.0-255,2902,100082,12,271902
23535,0.002191,172.217.194.0-255,1484,101566,12,271902
23536,0.00221,172.217.194.0-255,1484,103050,12,271902
23537,0.002249,172.217.194.0-255,5738,108788,12,271902
23538,0.002268,172.217.194.0-255,3602,112390,12,271902
23539,0.002298,172.217.194.0-255,1484,113874,12,271902
23540,0.002311,172.217.194.0-255,2902,116776,12,271902
23541,0.002331,172.217.194.0-255,5738,122514,12,271902
23542,0.002365,172.217.194.0-255,4320,126834,12,271902
23543,0.002385,172.217.194.0-255,5738,132572,12,271902
23544,0.002395,172.217.194.0-255,1484,134056,12,271902
23545,0.002409,172.217.194.0-255,2902,136958,12,271902
23546,0.005816,172.31.36.0-255,66,137024,12,271902
23547,0.00812,172.217.194.0-255,5738,142762,12,271902
23548,0.008129,172.31.36.0-255,66,142828,12,271902
23549,0.010428,172.217.194.0-255,5738,148566,12,271902
23550,0.011408,172.31.36.0-255,66,148632,12,271902
23551,0.013706,172.217.194.0-255,5738,154370,12,271902
23552,0.01372,172.31.36.0-255,66,154436,12,271902
23553,0.01604,172.217.194.0-255,5738,160174,12,271902
23554,0.016052,172.31.36.0-255,66,160240,12,271902
23555,0.018388,172.217.194.0-255,5738,165978,12,271902
23556,0.018404,172.31.36.0-255,66,166044,12,271902
23557,0.020682,172.217.194.0-255,5738,171782,12,271902
23558,0.02069,172.31.36.0-255,66,171848,12,271902
23559,0.02301,172.217.194.0-255,5738,177586,12,271902
23560,0.023021,172.31.36.0-255,66,177652,12,271902
23561,0.025306,172.217.194.0-255,5738,183390,12,271902
23562,0.025316,172.31.36.0-255,66,183456,12,271902
23563,0.027641,172.217.194.0-255,5738,189194,12,271902
23564,0.027649,172.31.36.0-255,66,189260,12,271902
23565,0.029914,172.217.194.0-255,5738,194998,12,271902
23566,0.029922,172.31.36.0-255,66,195064,12,271902
23567,0.03221,172.217.194.0-255,5738,200802,12,271902
23568,0.032218,172.31.36.0-255,66,200868,12,271902
23569,0.034482,172.217.194.0-255,5738,206606,12,271902
23570,0.03449,172.31.36.0-255,66,206672,12,271902
23571,0.036774,172.217.194.0-255,5738,212410,12,271902
23572,0.03678,172.31.36.0-255,66,212476,12,271902
23573,0.039074,172.217.194.0-255,5738,218214,12,271902
23574,0.039081,172.31.36.0-255,66,218280,12,271902
23575,0.040281,172.31.36.0-255,176,218456,12,271902
23576,0.040311,172.31.36.0-255,1078,219534,12,271902
23577,0.041372,172.217.194.0-255,5738,225272,12,271902
23578,0.04138,172.31.36.0-255,66,225338,12,271902
23579,0.041827,104.244.42.0-255,66,225404,12,271902
23580,0.041871,104.244.42.0-255,66,225470,12,271902
23581,0.043692,172.217.194.0-255,5738,231208,12,271902
23582,0.043701,172.31.36.0-255,66,231274,12,271902
23583,0.045987,172.217.194.0-255,5738,237012,12,271902
23584,0.045992,172.31.36.0-255,66,237078,12,271902
23585,0.048271,172.217.194.0-255,5738,242816,12,271902
23586,0.04829,172.31.36.0-255,66,242882,12,271902
23587,0.050605,172.217.194.0-255,5738,248620,12,271902
23588,0.050615,172.31.36.0-255,66,248686,12,271902
23589,0.052904,172.217.194.0-255,5738,254424,12,271902
23590,0.05291,172.31.36.0-255,66,254490,12,271902
23591,0.055177,172.217.194.0-255,5738,260228,12,271902
23592,0.055182,172.31.36.0-255,66,260294,12,271902
23593,0.057463,172.217.194.0-255,5738,266032,12,271902
23594,0.057468,172.31.36.0-255,66,266098,12,271902
23595,0.059746,172.217.194.0-255,5738,271836,12,271902
23596,0.059752,172.31.36.0-255,66,271902,12,271902
23597,0.0,74.125.68.0-255,153,153,12,236396
23598,2.6e-05,172.31.36.0-255,66,219,12,236396
23599,3.4e-05,74.125.68.0-255,1484,1703,12,236396
23600,3.9e-05,172.31.36.0-255,66,1769,12,236396
23601,5.4e-05,74.125.68.0-255,2902,4671,12,236396
23602,5.7e-05,172.31.36.0-255,66,4737,12,236396
23603,6.4e-05,74.125.68.0-255,5738,10475,12,236396
23604,6.8e-05,172.31.36.0-255,66,10541,12,236396
23605,0.000153,74.125.68.0-255,3470,14011,12,236396
23606,0.000156,172.31.36.0-255,66,14077,12,236396
23607,0.000216,74.125.68.0-255,1484,15561,12,236396
23608,0.00022,172.31.36.0-255,66,15627,12,236396
23609,0.000257,172.31.36.0-255,66,15693,12,236396
23610,0.000416,74.125.68.0-255,1484,17177,12,236396
23611,0.00042,172.31.36.0-255,66,17243,12,236396
23612,0.000448,74.125.68.0-255,2902,20145,12,236396
23613,0.000451,172.31.36.0-255,66,20211,12,236396
23614,0.000493,74.125.68.0-255,5738,25949,12,236396
23615,0.000496,172.31.36.0-255,66,26015,12,236396
23616,0.00053,74.125.68.0-255,6797,32812,12,236396
23617,0.000533,172.31.36.0-255,66,32878,12,236396
23618,0.000727,172.31.36.0-255,66,32944,12,236396
23619,0.000749,74.125.68.0-255,7156,40100,12,236396
23620,0.000752,172.31.36.0-255,66,40166,12,236396
23621,0.001055,74.125.68.0-255,2763,42929,12,236396
23622,0.00106,172.31.36.0-255,66,42995,12,236396
23623,0.001099,74.125.68.0-255,2902,45897,12,236396
23624,0.001102,172.31.36.0-255,66,45963,12,236396
23625,0.00115,74.125.68.0-255,5738,51701,12,236396
23626,0.001153,172.31.36.0-255,66,51767,12,236396
23627,0.001177,74.125.68.0-255,1484,53251,12,236396
23628,0.001281,74.125.68.0-255,7156,60407,12,236396
23629,0.001285,172.31.36.0-255,66,60473,12,236396
23630,0.00134,172.31.36.0-255,66,60539,12,236396
23631,0.001566,172.31.36.0-255,66,60605,12,236396
23632,0.001707,74.125.68.0-255,7156,67761,12,236396
23633,0.001711,172.31.36.0-255,66,67827,12,236396
23634,0.001747,172.31.36.0-255,66,67893,12,236396
23635,0.002096,74.125.68.0-255,5738,73631,12,236396
23636,0.002101,172.31.36.0-255,66,73697,12,236396
23637,0.002128,74.125.68.0-255,5020,78717,12,236396
23638,0.00213,172.31.36.0-255,66,78783,12,236396
23639,0.002318,172.31.36.0-255,66,78849,12,236396
23640,0.002344,74.125.68.0-255,2902,81751,12,236396
23641,0.002347,172.31.36.0-255,66,81817,12,236396
23642,0.002496,74.125.68.0-255,7156,88973,12,236396
23643,0.002501,172.31.36.0-255,66,89039,12,236396
23644,0.002548,172.31.36.0-255,66,89105,12,236396
23645,0.002914,172.31.36.0-255,66,89171,12,236396
23646,0.002965,172.31.36.0-255,66,89237,12,236396
23647,0.005196,74.125.68.0-255,5738,94975,12,236396
23648,0.005201,172.31.36.0-255,66,95041,12,236396
23649,0.007429,74.125.68.0-255,5738,100779,12,236396
23650,0.007437,172.31.36.0-255,66,100845,12,236396
23651,0.009659,74.125.68.0-255,5738,106583,12,236396
23652,0.009668,172.31.36.0-255,66,106649,12,236396
23653,0.011931,74.125.68.0-255,5738,112387,12,236396
23654,0.011947,172.31.36.0-255,66,112453,12,236396
23655,0.014187,74.125.68.0-255,5738,118191,12,236396
23656,0.014203,172.31.36.0-255,66,118257,12,236396
23657,0.016449,74.125.68.0-255,5738,123995,12,236396
23658,0.016465,172.31.36.0-255,66,124061,12,236396
23659,0.018717,74.125.68.0-255,5738,129799,12,236396
23660,0.018733,172.31.36.0-255,66,129865,12,236396
23661,0.020971,74.125.68.0-255,5738,135603,12,236396
23662,0.020986,172.31.36.0-255,66,135669,12,236396
23663,0.023234,74.125.68.0-255,5738,141407,12,236396
23664,0.02325,172.31.36.0-255,66,141473,12,236396
23665,0.025504,74.125.68.0-255,5738,147211,12,236396
23666,0.025523,172.31.36.0-255,66,147277,12,236396
23667,0.027759,74.125.68.0-255,5738,153015,12,236396
23668,0.027774,172.31.36.0-255,66,153081,12,236396
23669,0.030032,74.125.68.0-255,5738,158819,12,236396
23670,0.030051,172.31.36.0-255,66,158885,12,236396
23671,0.032303,74.125.68.0-255,5738,164623,12,236396
23672,0.03232,172.31.36.0-255,66,164689,12,236396
23673,0.03456,74.125.68.0-255,5738,170427,12,236396
23674,0.034579,172.31.36.0-255,66,170493,12,236396
23675,0.036836,74.125.68.0-255,5738,176231,12,236396
23676,0.036847,172.31.36.0-255,66,176297,12,236396
23677,0.039114,74.125.68.0-255,5738,182035,12,236396
23678,0.039136,172.31.36.0-255,66,182101,12,236396
23679,0.041363,74.125.68.0-255,5738,187839,12,236396
23680,0.041376,172.31.36.0-255,66,187905,12,236396
23681,0.041429,172.31.36.0-255,176,188081,12,236396
23682,0.041453,172.31.36.0-255,1109,189190,12,236396
23683,0.041519,172.31.36.0-255,576,189766,12,236396
23684,0.042982,104.244.42.0-255,66,189832,12,236396
23685,0.043022,104.244.42.0-255,66,189898,12,236396
23686,0.043066,104.244.42.0-255,66,189964,12,236396
23687,0.043618,74.125.68.0-255,5738,195702,12,236396
23688,0.043628,172.31.36.0-255,66,195768,12,236396
23689,0.045863,74.125.68.0-255,5738,201506,12,236396
23690,0.045872,172.31.36.0-255,66,201572,12,236396
23691,0.048097,74.125.68.0-255,5738,207310,12,236396
23692,0.048107,172.31.36.0-255,66,207376,12,236396
23693,0.050348,74.125.68.0-255,5738,213114,12,236396
23694,0.05036,172.31.36.0-255,66,213180,12,236396
23695,0.052621,74.125.68.0-255,5738,218918,12,236396
23696,0.05264,172.31.36.0-255,66,218984,12,236396
23697,0.054935,74.125.68.0-255,5738,224722,12,236396
23698,0.054943,172.31.36.0-255,66,224788,12,236396
23699,0.057183,74.125.68.0-255,5738,230526,12,236396
23700,0.057193,172.31.36.0-255,66,230592,12,236396
23701,0.059428,74.125.68.0-255,5738,236330,12,236396
23702,0.059441,172.31.36.0-255,66,236396,12,236396
23703,0.0,172.31.36.0-255,105,105,12,276
23704,0.002084,157.240.13.0-255,105,210,12,276
23705,0.0021,172.31.36.0-255,66,276,12,276
23706,0.0,74.125.24.0-255,146,146,12,224094
23707,3.3e-05,172.31.36.0-255,66,212,12,224094
23708,4e-05,74.125.24.0-255,1484,1696,12,224094
23709,4.5e-05,172.31.36.0-255,66,1762,12,224094
23710,5e-05,74.125.24.0-255,2902,4664,12,224094
23711,5.3e-05,172.31.36.0-255,66,4730,12,224094
23712,6.7e-05,74.125.24.0-255,7156,11886,12,224094
23713,7.1e-05,172.31.36.0-255,66,11952,12,224094
23714,7.5e-05,74.125.24.0-255,1977,13929,12,224094
23715,7.8e-05,172.31.36.0-255,66,13995,12,224094
23716,0.000102,74.125.24.0-255,2902,16897,12,224094
23717,0.000106,172.31.36.0-255,66,16963,12,224094
23718,0.000149,172.31.36.0-255,66,17029,12,224094
23719,0.000156,74.125.24.0-255,5379,22408,12,224094
23720,0.000158,172.31.36.0-255,66,22474,12,224094
23721,0.000366,74.125.24.0-255,1484,23958,12,224094
23722,0.000371,172.31.36.0-255,66,24024,12,224094
23723,0.000376,74.125.24.0-255,2902,26926,12,224094
23724,0.000379,172.31.36.0-255,66,26992,12,224094
23725,0.000417,74.125.24.0-255,5738,32730,12,224094
23726,0.000421,172.31.36.0-255,66,32796,12,224094
23727,0.000426,74.125.24.0-255,2902,35698,12,224094
23728,0.000428,172.31.36.0-255,66,35764,12,224094
23729,0.000453,74.125.24.0-255,3961,39725,12,224094
23730,0.000456,172.31.36.0-255,66,39791,12,224094
23731,0.000463,74.125.24.0-255,7156,46947,12,224094
23732,0.000468,172.31.36.0-255,66,47013,12,224094
23733,0.000504,172.31.36.0-255,66,47079,12,224094
23734,0.00054,74.125.24.0-255,111,47190,12,224094
23735,0.000545,172.31.36.0-255,66,47256,12,224094
23736,0.001199,74.125.24.0-255,1484,48740,12,224094
23737,0.001209,74.125.24.0-255,2902,51642,12,224094
23738,0.001213,172.31.36.0-255,66,51708,12,224094
23739,0.001249,74.125.24.0-255,5738,57446,12,224094
23740,0.001254,172.31.36.0-255,66,57512,12,224094
23741,0.001273,172.31.36.0-255,66,57578,12,224094
23742,0.001344,172.31.36.0-255,66,57644,12,224094
23743,0.001347,74.125.24.0-255,1484,59128,12,224094
23744,0.001352,74.125.24.0-255,2902,62030,12,224094
23745,0.001353,172.31.36.0-255,66,62096,12,224094
23746,0.001357,74.125.24.0-255,1484,63580,12,224094
23747,0.001382,74.125.24.0-255,4320,67900,12,224094
23748,0.001386,172.31.36.0-255,66,67966,12,224094
23749,0.001394,74.125.24.0-255,7156,75122,12,224094
23750,0.001397,172.31.36.0-255,66,75188,12,224094
23751,0.001419,74.125.24.0-255,1484,76672,12,224094
23752,0.001464,172.31.36.0-255,66,76738,12,224094
23753,0.001485,74.125.24.0-255,3868,80606,12,224094
23754,0.001488,172.31.36.0-255,66,80672,12,224094
23755,0.00386,74.125.24.0-255,2902,83574,12,224094
23756,0.003865,172.31.36.0-255,66,83640,12,224094
23757,0.003889,74.125.24.0-255,2902,86542,12,224094
23758,0.003892,172.31.36.0-255,66,86608,12,224094
23759,0.00627,74.125.24.0-255,5738,92346,12,224094
23760,0.006277,172.31.36.0-255,66,92412,12,224094
23761,0.008657,74.125.24.0-255,5738,98150,12,224094
23762,0.008663,172.31.36.0-255,66,98216,12,224094
23763,0.011032,74.125.24.0-255,5738,103954,12,224094
23764,0.011044,172.31.36.0-255,66,104020,12,224094
23765,0.013425,74.125.24.0-255,5738,109758,12,224094
23766,0.013436,172.31.36.0-255,66,109824,12,224094
23767,0.015778,74.125.24.0-255,5738,115562,12,224094
23768,0.015791,172.31.36.0-255,66,115628,12,224094
23769,0.01814,74.125.24.0-255,5738,121366,12,224094
23770,0.018152,172.31.36.0-255,66,121432,12,224094
23771,0.020536,74.125.24.0-255,5738,127170,12,224094
23772,0.02055,172.31.36.0-255,66,127236,12,224094
23773,0.022912,74.125.24.0-255,5738,132974,12,224094
23774,0.022925,172.31.36.0-255,66,133040,12,224094
23775,0.025301,74.125.24.0-255,5738,138778,12,224094
23776,0.025311,172.31.36.0-255,66,138844,12,224094
23777,0.026901,172.31.36.0-255,172,139016,12,224094
23778,0.026935,172.31.36.0-255,1110,140126,12,224094
23779,0.026972,172.31.36.0-255,1514,141640,12,224094
23780,0.026974,172.31.36.0-255,1514,143154,12,224094
23781,0.027,172.31.36.0-255,706,143860,12,224094
23782,0.027736,74.125.24.0-255,5738,149598,12,224094
23783,0.027746,172.31.36.0-255,66,149664,12,224094
23784,0.02844,104.244.42.0-255,66,149730,12,224094
23785,0.028478,104.244.42.0-255,66,149796,12,224094
23786,0.028509,104.244.42.0-255,66,149862,12,224094
23787,0.028512,104.244.42.0-255,66,149928,12,224094
23788,0.03006,74.125.24.0-255,4320,154248,12,224094
23789,0.030065,172.31.36.0-255,66,154314,12,224094
23790,0.030094,74.125.24.0-255,1484,155798,12,224094
23791,0.032471,74.125.24.0-255,4320,160118,12,224094
23792,0.032477,172.31.36.0-255,66,160184,12,224094
23793,0.03488,74.125.24.0-255,5738,165922,12,224094
23794,0.034893,172.31.36.0-255,66,165988,12,224094
23795,0.037276,74.125.24.0-255,5738,171726,12,224094
23796,0.037285,172.31.36.0-255,66,171792,12,224094
23797,0.039667,74.125.24.0-255,5738,177530,12,224094
23798,0.039675,172.31.36.0-255,66,177596,12,224094
23799,0.042085,74.125.24.0-255,5738,183334,12,224094
23800,0.042093,172.31.36.0-255,66,183400,12,224094
23801,0.044455,74.125.24.0-255,5738,189138,12,224094
23802,0.044462,172.31.36.0-255,66,189204,12,224094
23803,0.046801,74.125.24.0-255,5738,194942,12,224094
23804,0.046808,172.31.36.0-255,66,195008,12,224094
23805,0.049213,74.125.24.0-255,5738,200746,12,224094
23806,0.049222,172.31.36.0-255,66,200812,12,224094
23807,0.051639,74.125.24.0-255,5738,206550,12,224094
23808,0.051647,172.31.36.0-255,66,206616,12,224094
23809,0.054011,74.125.24.0-255,5738,212354,12,224094
23810,0.054017,172.31.36.0-255,66,212420,12,224094
23811,0.056358,74.125.24.0-255,5738,218158,12,224094
23812,0.056365,172.31.36.0-255,66,218224,12,224094
23813,0.058764,74.125.24.0-255,4320,222544,12,224094
23814,0.05877,172.31.36.0-255,66,222610,12,224094
23815,0.058842,74.125.24.0-255,1484,224094,12,224094
23816,0.0,74.125.24.0-255,152,152,12,303887
23817,3.3e-05,172.31.36.0-255,66,218,12,303887
23818,4.1e-05,74.125.24.0-255,1484,1702,12,303887
23819,4.5e-05,172.31.36.0-255,66,1768,12,303887
23820,5e-05,74.125.24.0-255,2902,4670,12,303887
23821,5.3e-05,172.31.36.0-255,66,4736,12,303887
23822,6.1e-05,74.125.24.0-255,7156,11892,12,303887
23823,6.3e-05,172.31.36.0-255,66,11958,12,303887
23824,0.000133,74.125.24.0-255,2027,13985,12,303887
23825,0.000136,172.31.36.0-255,66,14051,12,303887
23826,0.000155,74.125.24.0-255,2902,16953,12,303887
23827,0.000157,172.31.36.0-255,66,17019,12,303887
23828,0.000164,74.125.24.0-255,7156,24175,12,303887
23829,0.000166,172.31.36.0-255,66,24241,12,303887
23830,0.000194,74.125.24.0-255,1484,25725,12,303887
23831,0.000196,172.31.36.0-255,66,25791,12,303887
23832,0.00021,74.125.24.0-255,5379,31170,12,303887
23833,0.000212,172.31.36.0-255,66,31236,12,303887
23834,0.000276,74.125.24.0-255,1484,32720,12,303887
23835,0.000278,172.31.36.0-255,66,32786,12,303887
23836,0.000284,74.125.24.0-255,2902,35688,12,303887
23837,0.000286,172.31.36.0-255,66,35754,12,303887
23838,0.000312,74.125.24.0-255,5738,41492,12,303887
23839,0.000315,172.31.36.0-255,66,41558,12,303887
23840,0.00033,74.125.24.0-255,5738,47296,12,303887
23841,0.000333,172.31.36.0-255,66,47362,12,303887
23842,0.000359,172.31.36.0-255,66,47428,12,303887
23843,0.000399,172.31.36.0-255,66,47494,12,303887
23844,0.000465,74.125.24.0-255,343,47837,12,303887
23845,0.000468,172.31.36.0-255,66,47903,12,303887
23846,0.00062,74.125.24.0-255,1484,49387,12,303887
23847,0.000626,74.125.24.0-255,2902,52289,12,303887
23848,0.000629,172.31.36.0-255,66,52355,12,303887
23849,0.000636,74.125.24.0-255,4320,56675,12,303887
23850,0.000646,172.31.36.0-255,66,56741,12,303887
23851,0.000649,74.125.24.0-255,1484,58225,12,303887
23852,0.000693,172.31.36.0-255,66,58291,12,303887
23853,0.000704,172.31.36.0-255,66,58357,12,303887
23854,0.000908,74.125.24.0-255,1484,59841,12,303887
23855,0.000914,74.125.24.0-255,2902,62743,12,303887
23856,0.000917,172.31.36.0-255,66,62809,12,303887
23857,0.000922,74.125.24.0-255,2902,65711,12,303887
23858,0.000933,172.31.36.0-255,66,65777,12,303887
23859,0.000939,74.125.24.0-255,2902,68679,12,303887
23860,0.000944,74.125.24.0-255,4320,72999,12,303887
23861,0.000947,172.31.36.0-255,66,73065,12,303887
23862,0.000984,172.31.36.0-255,66,73131,12,303887
23863,0.001003,74.125.24.0-255,4320,77451,12,303887
23864,0.00101,172.31.36.0-255,66,77517,12,303887
23865,0.00102,74.125.24.0-255,3602,81119,12,303887
23866,0.001027,172.31.36.0-255,66,81185,12,303887
23867,0.001044,74.125.24.0-255,1484,82669,12,303887
23868,0.001049,74.125.24.0-255,2902,85571,12,303887
23869,0.001054,172.31.36.0-255,66,85637,12,303887
23870,0.001059,74.125.24.0-255,1484,87121,12,303887
23871,0.001076,74.125.24.0-255,4320,91441,12,303887
23872,0.001079,172.31.36.0-255,66,91507,12,303887
23873,0.00114,172.31.36.0-255,66,91573,12,303887
23874,0.001147,74.125.24.0-255,2902,94475,12,303887
23875,0.001154,172.31.36.0-255,66,94541,12,303887
23876,0.001172,172.31.36.0-255,66,94607,12,303887
23877,0.001718,74.125.24.0-255,1484,96091,12,303887
23878,0.001728,74.125.24.0-255,2902,98993,12,303887
23879,0.001732,172.31.36.0-255,66,99059,12,303887
23880,0.001739,74.125.24.0-255,5738,104797,12,303887
23881,0.001741,172.31.36.0-255,66,104863,12,303887
23882,0.001748,74.125.24.0-255,5738,110601,12,303887
23883,0.001766,74.125.24.0-255,4320,114921,12,303887
23884,0.00179,74.125.24.0-255,5020,119941,12,303887
23885,0.001843,74.125.24.0-255,1484,121425,12,303887
23886,0.001847,74.125.24.0-255,1484,122909,12,303887
23887,0.00186,74.125.24.0-255,1484,124393,12,303887
23888,0.001877,74.125.24.0-255,5738,130131,12,303887
23889,0.001904,74.125.24.0-255,5738,135869,12,303887
23890,0.001924,74.125.24.0-255,7156,143025,12,303887
23891,0.001972,74.125.24.0-255,7156,150181,12,303887
23892,0.001988,74.125.24.0-255,3602,153783,12,303887
23893,0.002104,74.125.24.0-255,1484,155267,12,303887
23894,0.00211,74.125.24.0-255,2902,158169,12,303887
23895,0.002124,74.125.24.0-255,5738,163907,12,303887
23896,0.002158,74.125.24.0-255,5738,169645,12,303887
23897,0.002178,74.125.24.0-255,5738,175383,12,303887
23898,0.002185,172.31.36.0-255,66,175449,12,303887
23899,0.002191,172.31.36.0-255,66,175515,12,303887
23900,0.002211,74.125.24.0-255,2184,177699,12,303887
23901,0.002221,172.31.36.0-255,66,177765,12,303887
23902,0.002293,74.125.24.0-255,1484,179249,12,303887
23903,0.002298,74.125.24.0-255,1484,180733,12,303887
23904,0.00231,172.31.36.0-255,66,180799,12,303887
23905,0.00232,74.125.24.0-255,1484,182283,12,303887
23906,0.002328,74.125.24.0-255,5738,188021,12,303887
23907,0.002334,74.125.24.0-255,7156,195177,12,303887
23908,0.002336,172.31.36.0-255,66,195243,12,303887
23909,0.002341,172.31.36.0-255,66,195309,12,303887
23910,0.002345,74.125.24.0-255,1484,196793,12,303887
23911,0.002385,74.125.24.0-255,7156,203949,12,303887
23912,0.002387,172.31.36.0-255,66,204015,12,303887
23913,0.002394,172.31.36.0-255,66,204081,12,303887
23914,0.002421,172.31.36.0-255,66,204147,12,303887
23915,0.004764,74.125.24.0-255,5738,209885,12,303887
23916,0.004773,172.31.36.0-255,66,209951,12,303887
23917,0.007153,74.125.24.0-255,5738,215689,12,303887
23918,0.007159,172.31.36.0-255,66,215755,12,303887
23919,0.009476,74.125.24.0-255,5738,221493,12,303887
23920,0.009484,172.31.36.0-255,66,221559,12,303887
23921,0.011816,74.125.24.0-255,5738,227297,12,303887
23922,0.011827,172.31.36.0-255,66,227363,12,303887
23923,0.014186,74.125.24.0-255,5738,233101,12,303887
23924,0.014202,172.31.36.0-255,66,233167,12,303887
23925,0.016575,74.125.24.0-255,5738,238905,12,303887
23926,0.016592,172.31.36.0-255,66,238971,12,303887
23927,0.018905,74.125.24.0-255,5738,244709,12,303887
23928,0.018919,172.31.36.0-255,66,244775,12,303887
23929,0.021236,74.125.24.0-255,5738,250513,12,303887
23930,0.021249,172.31.36.0-255,66,250579,12,303887
23931,0.023571,74.125.24.0-255,5738,256317,12,303887
23932,0.023589,172.31.36.0-255,66,256383,12,303887
23933,0.025967,74.125.24.0-255,5738,262121,12,303887
23934,0.025983,172.31.36.0-255,66,262187,12,303887
23935,0.028292,74.125.24.0-255,5738,267925,12,303887
23936,0.0283,172.31.36.0-255,66,267991,12,303887
23937,0.028715,172.31.36.0-255,172,268163,12,303887
23938,0.028756,172.31.36.0-255,1109,269272,12,303887
23939,0.028832,172.31.36.0-255,1514,270786,12,303887
23940,0.028834,172.31.36.0-255,1298,272084,12,303887
23941,0.030239,104.244.42.0-255,66,272150,12,303887
23942,0.030281,104.244.42.0-255,66,272216,12,303887
23943,0.030372,104.244.42.0-255,66,272282,12,303887
23944,0.030646,74.125.24.0-255,5738,278020,12,303887
23945,0.030651,172.31.36.0-255,66,278086,12,303887
23946,0.032993,74.125.24.0-255,5738,283824,12,303887
23947,0.033002,172.31.36.0-255,66,283890,12,303887
23948,0.035353,74.125.24.0-255,5738,289628,12,303887
23949,0.035362,172.31.36.0-255,66,289694,12,303887
23950,0.037709,74.125.24.0-255,5738,295432,12,303887
23951,0.03772,172.31.36.0-255,66,295498,12,303887
23952,0.040024,74.125.24.0-255,5738,301236,12,303887
23953,0.040052,172.31.36.0-255,66,301302,12,303887
23954,0.042407,74.125.24.0-255,2348,303650,12,303887
23955,0.042418,172.31.36.0-255,66,303716,12,303887
23956,0.042826,172.31.36.0-255,105,303821,12,303887
23957,0.045121,74.125.24.0-255,66,303887,12,303887
23958,0.0,172.217.194.0-255,145,145,12,225524
23959,2.3e-05,172.31.36.0-255,66,211,12,225524
23960,3e-05,172.217.194.0-255,1484,1695,12,225524
23961,3.5e-05,172.31.36.0-255,66,1761,12,225524
23962,4e-05,172.217.194.0-255,2902,4663,12,225524
23963,5.1e-05,172.31.36.0-255,66,4729,12,225524
23964,5.9e-05,172.217.194.0-255,7156,11885,12,225524
23965,6.2e-05,172.31.36.0-255,66,11951,12,225524
23966,6.6e-05,172.217.194.0-255,2087,14038,12,225524
23967,6.9e-05,172.31.36.0-255,66,14104,12,225524
23968,0.000105,172.217.194.0-255,2902,17006,12,225524
23969,0.000108,172.31.36.0-255,66,17072,12,225524
23970,0.000113,172.217.194.0-255,4320,21392,12,225524
23971,0.000115,172.31.36.0-255,66,21458,12,225524
23972,0.000126,172.31.36.0-255,66,21524,12,225524
23973,0.000129,172.217.194.0-255,1125,22649,12,225524
23974,0.000131,172.31.36.0-255,66,22715,12,225524
23975,0.000156,172.217.194.0-255,1484,24199,12,225524
23976,0.000158,172.31.36.0-255,66,24265,12,225524
23977,0.000162,172.217.194.0-255,1484,25749,12,225524
23978,0.000164,172.31.36.0-255,66,25815,12,225524
23979,0.000194,172.217.194.0-255,2902,28717,12,225524
23980,0.000197,172.31.36.0-255,66,28783,12,225524
23981,0.000208,172.31.36.0-255,66,28849,12,225524
23982,0.000254,172.217.194.0-255,2543,31392,12,225524
23983,0.000257,172.31.36.0-255,66,31458,12,225524
23984,0.000262,172.217.194.0-255,2902,34360,12,225524
23985,0.000264,172.31.36.0-255,66,34426,12,225524
23986,0.000272,172.217.194.0-255,7156,41582,12,225524
23987,0.000274,172.31.36.0-255,66,41648,12,225524
23988,0.000312,172.217.194.0-255,6797,48445,12,225524
23989,0.000315,172.31.36.0-255,66,48511,12,225524
23990,0.000317,172.217.194.0-255,346,48857,12,225524
23991,0.000625,172.217.194.0-255,118,48975,12,225524
23992,0.00063,172.217.194.0-255,375,49350,12,225524
23993,0.000736,172.217.194.0-255,1484,50834,12,225524
23994,0.00074,172.31.36.0-255,66,50900,12,225524
23995,0.000747,172.217.194.0-255,2902,53802,12,225524
23996,0.000749,172.31.36.0-255,66,53868,12,225524
23997,0.000774,172.217.194.0-255,1484,55352,12,225524
23998,0.000796,172.217.194.0-255,4320,59672,12,225524
23999,0.000799,172.31.36.0-255,66,59738,12,225524
24000,0.000807,172.217.194.0-255,6797,66535,12,225524
24001,0.000809,172.31.36.0-255,66,66601,12,225524
24002,0.000848,172.217.194.0-255,1484,68085,12,225524
24003,0.000873,172.217.194.0-255,5738,73823,12,225524
24004,0.000877,172.31.36.0-255,66,73889,12,225524
24005,0.000888,172.31.36.0-255,66,73955,12,225524
24006,0.000895,172.217.194.0-255,1125,75080,12,225524
24007,0.001444,172.217.194.0-255,1484,76564,12,225524
24008,0.001449,172.31.36.0-255,66,76630,12,225524
24009,0.001457,172.217.194.0-255,2902,79532,12,225524
24010,0.001459,172.31.36.0-255,66,79598,12,225524
24011,0.001489,172.217.194.0-255,5738,85336,12,225524
24012,0.001492,172.31.36.0-255,66,85402,12,225524
24013,0.001506,172.31.36.0-255,66,85468,12,225524
24014,0.001512,172.217.194.0-255,4320,89788,12,225524
24015,0.001514,172.31.36.0-255,66,89854,12,225524
24016,0.001544,172.217.194.0-255,5738,95592,12,225524
24017,0.001547,172.31.36.0-255,66,95658,12,225524
24018,0.00155,172.217.194.0-255,766,96424,12,225524
24019,0.001575,172.217.194.0-255,1484,97908,12,225524
24020,0.001579,172.217.194.0-255,2902,100810,12,225524
24021,0.001584,172.31.36.0-255,66,100876,12,225524
24022,0.001587,172.31.36.0-255,66,100942,12,225524
24023,0.001605,172.217.194.0-255,1484,102426,12,225524
24024,0.001613,172.217.194.0-255,7156,109582,12,225524
24025,0.001616,172.31.36.0-255,66,109648,12,225524
24026,0.001629,172.217.194.0-255,2902,112550,12,225524
24027,0.001631,172.31.36.0-255,66,112616,12,225524
24028,0.001638,172.217.194.0-255,7156,119772,12,225524
24029,0.00164,172.31.36.0-255,66,119838,12,225524
24030,0.001711,172.31.36.0-255,66,119904,12,225524
24031,0.001716,172.217.194.0-255,2902,122806,12,225524
24032,0.001718,172.31.36.0-255,66,122872,12,225524
24033,0.001723,172.217.194.0-255,4320,127192,12,225524
24034,0.001725,172.31.36.0-255,66,127258,12,225524
24035,0.001731,172.217.194.0-255,4320,131578,12,225524
24036,0.001734,172.31.36.0-255,66,131644,12,225524
24037,0.001757,172.217.194.0-255,4320,135964,12,225524
24038,0.001762,172.217.194.0-255,4320,140284,12,225524
24039,0.001767,172.31.36.0-255,66,140350,12,225524
24040,0.001782,172.31.36.0-255,66,140416,12,225524
24041,0.001788,172.217.194.0-255,4320,144736,12,225524
24042,0.00179,172.31.36.0-255,66,144802,12,225524
24043,0.001801,172.31.36.0-255,66,144868,12,225524
24044,0.001834,172.217.194.0-255,1484,146352,12,225524
24045,0.00184,172.217.194.0-255,2902,149254,12,225524
24046,0.001842,172.31.36.0-255,66,149320,12,225524
24047,0.001849,172.217.194.0-255,5738,155058,12,225524
24048,0.001851,172.31.36.0-255,66,155124,12,225524
24049,0.001875,172.217.194.0-255,2902,158026,12,225524
24050,0.001879,172.31.36.0-255,66,158092,12,225524
24051,0.001882,172.31.36.0-255,66,158158,12,225524
24052,0.001902,172.217.194.0-255,5738,163896,12,225524
24053,0.001905,172.31.36.0-255,66,163962,12,225524
24054,0.001927,172.217.194.0-255,7156,171118,12,225524
24055,0.00193,172.31.36.0-255,66,171184,12,225524
24056,0.00198,172.31.36.0-255,66,171250,12,225524
24057,0.002,172.31.36.0-255,66,171316,12,225524
24058,0.002003,172.217.194.0-255,1484,172800,12,225524
24059,0.002007,172.217.194.0-255,2902,175702,12,225524
24060,0.002009,172.31.36.0-255,66,175768,12,225524
24061,0.002035,172.217.194.0-255,5738,181506,12,225524
24062,0.002043,172.31.36.0-255,66,181572,12,225524
24063,0.002046,172.217.194.0-255,1484,183056,12,225524
24064,0.002049,172.217.194.0-255,1484,184540,12,225524
24065,0.002051,172.31.36.0-255,66,184606,12,225524
24066,0.002093,172.31.36.0-255,66,184672,12,225524
24067,0.002105,172.31.36.0-255,66,184738,12,225524
24068,0.002108,172.217.194.0-255,1484,186222,12,225524
24069,0.002151,172.31.36.0-255,66,186288,12,225524
24070,0.002167,172.31.36.0-255,66,186354,12,225524
24071,0.002202,172.31.36.0-255,66,186420,12,225524
24072,0.002231,172.217.194.0-255,2184,188604,12,225524
24073,0.002235,172.31.36.0-255,66,188670,12,225524
24074,0.002248,172.31.36.0-255,66,188736,12,225524
24075,0.002302,172.31.36.0-255,66,188802,12,225524
24076,0.002343,172.217.194.0-255,5738,194540,12,225524
24077,0.002346,172.31.36.0-255,66,194606,12,225524
24078,0.002352,172.217.194.0-255,3602,198208,12,225524
24079,0.002355,172.31.36.0-255,66,198274,12,225524
24080,0.00236,172.217.194.0-255,4320,202594,12,225524
24081,0.002363,172.31.36.0-255,66,202660,12,225524
24082,0.002374,172.31.36.0-255,66,202726,12,225524
24083,0.00239,172.31.36.0-255,66,202792,12,225524
24084,0.002395,172.217.194.0-255,2184,204976,12,225524
24085,0.002397,172.31.36.0-255,66,205042,12,225524
24086,0.002402,172.217.194.0-255,2902,207944,12,225524
24087,0.002404,172.31.36.0-255,66,208010,12,225524
24088,0.004739,172.217.194.0-255,5738,213748,12,225524
24089,0.004746,172.31.36.0-255,66,213814,12,225524
24090,0.007062,172.217.194.0-255,861,214675,12,225524
24091,0.010831,172.31.36.0-255,66,214741,12,225524
24092,0.01087,172.31.36.0-255,105,214846,12,225524
24093,0.013162,172.217.194.0-255,66,214912,12,225524
24094,0.033128,172.31.36.0-255,199,215111,12,225524
24095,0.033162,172.31.36.0-255,1109,216220,12,225524
24096,0.033238,172.31.36.0-255,1514,217734,12,225524
24097,0.03324,172.31.36.0-255,1514,219248,12,225524
24098,0.033241,172.31.36.0-255,1514,220762,12,225524
24099,0.033243,172.31.36.0-255,1514,222276,12,225524
24100,0.033272,172.31.36.0-255,1514,223790,12,225524
24101,0.033278,172.31.36.0-255,1188,224978,12,225524
24102,0.034655,104.244.42.0-255,66,225044,12,225524
24103,0.034691,104.244.42.0-255,66,225110,12,225524
24104,0.034832,104.244.42.0-255,66,225176,12,225524
24105,0.034839,104.244.42.0-255,66,225242,12,225524
24106,0.035748,104.244.42.0-255,108,225350,12,225524
24107,0.035762,172.31.36.0-255,66,225416,12,225524
24108,0.047455,172.31.36.0-255,108,225524,12,225524
24109,0.0,172.217.27.0-255,153,153,12,303080
24110,2.4e-05,172.31.36.0-255,66,219,12,303080
24111,3.1e-05,172.217.27.0-255,1484,1703,12,303080
24112,3.7e-05,172.31.36.0-255,66,1769,12,303080
24113,4.3e-05,172.217.27.0-255,2902,4671,12,303080
24114,4.7e-05,172.31.36.0-255,66,4737,12,303080
24115,5.3e-05,172.217.27.0-255,4320,9057,12,303080
24116,5.6e-05,172.31.36.0-255,66,9123,12,303080
24117,0.0001,172.31.36.0-255,66,9189,12,303080
24118,0.000107,172.217.27.0-255,7156,16345,12,303080
24119,0.00011,172.31.36.0-255,66,16411,12,303080
24120,0.00013,172.217.27.0-255,4320,20731,12,303080
24121,0.000133,172.31.36.0-255,66,20797,12,303080
24122,0.000152,172.217.27.0-255,1125,21922,12,303080
24123,0.000154,172.31.36.0-255,66,21988,12,303080
24124,0.000203,172.217.27.0-255,1484,23472,12,303080
24125,0.000206,172.31.36.0-255,66,23538,12,303080
24126,0.000211,172.217.27.0-255,2902,26440,12,303080
24127,0.000214,172.31.36.0-255,66,26506,12,303080
24128,0.000253,172.217.27.0-255,5738,32244,12,303080
24129,0.000256,172.31.36.0-255,66,32310,12,303080
24130,0.000263,172.217.27.0-255,5738,38048,12,303080
24131,0.000265,172.31.36.0-255,66,38114,12,303080
24132,0.000273,172.217.27.0-255,7156,45270,12,303080
24133,0.000276,172.31.36.0-255,66,45336,12,303080
24134,0.000313,172.31.36.0-255,66,45402,12,303080
24135,0.000615,172.217.27.0-255,138,45540,12,303080
24136,0.00062,172.31.36.0-255,66,45606,12,303080
24137,0.000804,172.217.27.0-255,1484,47090,12,303080
24138,0.00081,172.217.27.0-255,2902,49992,12,303080
24139,0.000815,172.31.36.0-255,66,50058,12,303080
24140,0.000818,172.31.36.0-255,66,50124,12,303080
24141,0.000834,172.217.27.0-255,5738,55862,12,303080
24142,0.000836,172.31.36.0-255,66,55928,12,303080
24143,0.000861,172.217.27.0-255,4320,60248,12,303080
24144,0.000864,172.31.36.0-255,66,60314,12,303080
24145,0.000867,172.217.27.0-255,1484,61798,12,303080
24146,0.000891,172.217.27.0-255,4320,66118,12,303080
24147,0.000893,172.31.36.0-255,66,66184,12,303080
24148,0.000906,172.31.36.0-255,66,66250,12,303080
24149,0.000949,172.217.27.0-255,3602,69852,12,303080
24150,0.000954,172.31.36.0-255,66,69918,12,303080
24151,0.001008,172.217.27.0-255,1484,71402,12,303080
24152,0.001014,172.217.27.0-255,2902,74304,12,303080
24153,0.001017,172.31.36.0-255,66,74370,12,303080
24154,0.001032,172.217.27.0-255,5738,80108,12,303080
24155,0.001035,172.31.36.0-255,66,80174,12,303080
24156,0.001041,172.217.27.0-255,4320,84494,12,303080
24157,0.001043,172.31.36.0-255,66,84560,12,303080
24158,0.001071,172.217.27.0-255,5738,90298,12,303080
24159,0.001074,172.31.36.0-255,66,90364,12,303080
24160,0.001088,172.31.36.0-255,66,90430,12,303080
24161,0.001092,172.217.27.0-255,2184,92614,12,303080
24162,0.001094,172.31.36.0-255,66,92680,12,303080
24163,0.001242,172.217.27.0-255,1484,94164,12,303080
24164,0.001247,172.217.27.0-255,1484,95648,12,303080
24165,0.00125,172.31.36.0-255,66,95714,12,303080
24166,0.00127,172.217.27.0-255,1484,97198,12,303080
24167,0.001278,172.217.27.0-255,5738,102936,12,303080
24168,0.00128,172.31.36.0-255,66,103002,12,303080
24169,0.001284,172.217.27.0-255,1484,104486,12,303080
24170,0.001312,172.31.36.0-255,66,104552,12,303080
24171,0.001315,172.217.27.0-255,1484,106036,12,303080
24172,0.001318,172.217.27.0-255,1484,107520,12,303080
24173,0.00132,172.31.36.0-255,66,107586,12,303080
24174,0.001345,172.217.27.0-255,1484,109070,12,303080
24175,0.001353,172.217.27.0-255,5738,114808,12,303080
24176,0.001356,172.31.36.0-255,66,114874,12,303080
24177,0.001358,172.217.27.0-255,766,115640,12,303080
24178,0.001682,172.217.27.0-255,1484,117124,12,303080
24179,0.001709,172.31.36.0-255,66,117190,12,303080
24180,0.003011,172.217.27.0-255,2902,120092,12,303080
24181,0.003353,172.217.27.0-255,2902,122994,12,303080
24182,0.006578,172.31.36.0-255,66,123060,12,303080
24183,0.006583,172.31.36.0-255,66,123126,12,303080
24184,0.008233,172.217.27.0-255,5738,128864,12,303080
24185,0.00824,172.31.36.0-255,66,128930,12,303080
24186,0.009898,172.217.27.0-255,5738,134668,12,303080
24187,0.009906,172.31.36.0-255,66,134734,12,303080
24188,0.011566,172.217.27.0-255,5738,140472,12,303080
24189,0.011574,172.31.36.0-255,66,140538,12,303080
24190,0.013244,172.217.27.0-255,5738,146276,12,303080
24191,0.013251,172.31.36.0-255,66,146342,12,303080
24192,0.014916,172.217.27.0-255,5738,152080,12,303080
24193,0.014924,172.31.36.0-255,66,152146,12,303080
24194,0.01659,172.217.27.0-255,5738,157884,12,303080
24195,0.016598,172.31.36.0-255,66,157950,12,303080
24196,0.018289,172.217.27.0-255,5738,163688,12,303080
24197,0.018296,172.31.36.0-255,66,163754,12,303080
24198,0.019996,172.217.27.0-255,5738,169492,12,303080
24199,0.020003,172.31.36.0-255,66,169558,12,303080
24200,0.021663,172.217.27.0-255,5738,175296,12,303080
24201,0.021671,172.31.36.0-255,66,175362,12,303080
24202,0.023329,172.217.27.0-255,5738,181100,12,303080
24203,0.023336,172.31.36.0-255,66,181166,12,303080
24204,0.024992,172.217.27.0-255,5738,186904,12,303080
24205,0.024999,172.31.36.0-255,66,186970,12,303080
24206,0.026665,172.217.27.0-255,5738,192708,12,303080
24207,0.026673,172.31.36.0-255,66,192774,12,303080
24208,0.028344,172.217.27.0-255,5738,198512,12,303080
24209,0.028352,172.31.36.0-255,66,198578,12,303080
24210,0.030021,172.217.27.0-255,5738,204316,12,303080
24211,0.030028,172.31.36.0-255,66,204382,12,303080
24212,0.03169,172.217.27.0-255,5738,210120,12,303080
24213,0.031698,172.31.36.0-255,66,210186,12,303080
24214,0.033356,172.217.27.0-255,5738,215924,12,303080
24215,0.033364,172.31.36.0-255,66,215990,12,303080
24216,0.035017,172.217.27.0-255,5738,221728,12,303080
24217,0.035023,172.31.36.0-255,66,221794,12,303080
24218,0.035497,172.31.36.0-255,172,221966,12,303080
24219,0.035527,172.31.36.0-255,1078,223044,12,303080
24220,0.036691,172.217.27.0-255,5738,228782,12,303080
24221,0.036698,172.31.36.0-255,66,228848,12,303080
24222,0.037032,104.244.42.0-255,66,228914,12,303080
24223,0.037065,104.244.42.0-255,66,228980,12,303080
24224,0.038425,172.217.27.0-255,5738,234718,12,303080
24225,0.038441,172.31.36.0-255,66,234784,12,303080
24226,0.040106,172.217.27.0-255,5738,240522,12,303080
24227,0.040113,172.31.36.0-255,66,240588,12,303080
24228,0.041775,172.217.27.0-255,5738,246326,12,303080
24229,0.041781,172.31.36.0-255,66,246392,12,303080
24230,0.043446,172.217.27.0-255,5738,252130,12,303080
24231,0.043453,172.31.36.0-255,66,252196,12,303080
24232,0.045117,172.217.27.0-255,5738,257934,12,303080
24233,0.045123,172.31.36.0-255,66,258000,12,303080
24234,0.046787,172.217.27.0-255,5738,263738,12,303080
24235,0.046794,172.31.36.0-255,66,263804,12,303080
24236,0.048449,172.217.27.0-255,5738,269542,12,303080
24237,0.048454,172.31.36.0-255,66,269608,12,303080
24238,0.050109,172.217.27.0-255,5738,275346,12,303080
24239,0.050116,172.31.36.0-255,66,275412,12,303080
24240,0.051789,172.217.27.0-255,4320,279732,12,303080
24241,0.051796,172.31.36.0-255,66,279798,12,303080
24242,0.051812,172.217.27.0-255,1484,281282,12,303080
24243,0.053451,172.217.27.0-255,4320,285602,12,303080
24244,0.053457,172.31.36.0-255,66,285668,12,303080
24245,0.05513,172.217.27.0-255,5738,291406,12,303080
24246,0.05514,172.31.36.0-255,66,291472,12,303080
24247,0.056811,172.217.27.0-255,5738,297210,12,303080
24248,0.056818,172.31.36.0-255,66,297276,12,303080
24249,0.058486,172.217.27.0-255,5738,303014,12,303080
24250,0.058492,172.31.36.0-255,66,303080,12,303080
24251,0.0,74.125.68.0-255,226,226,12,169769
24252,2.6e-05,172.31.36.0-255,66,292,12,169769
24253,3.2e-05,74.125.68.0-255,1484,1776,12,169769
24254,3.7e-05,172.31.36.0-255,66,1842,12,169769
24255,6.6e-05,74.125.68.0-255,2902,4744,12,169769
24256,6.9e-05,172.31.36.0-255,66,4810,12,169769
24257,0.000179,74.125.68.0-255,2902,7712,12,169769
24258,0.000183,172.31.36.0-255,66,7778,12,169769
24259,0.000202,74.125.68.0-255,1484,9262,12,169769
24260,0.000204,172.31.36.0-255,66,9328,12,169769
24261,0.00037,74.125.68.0-255,4890,14218,12,169769
24262,0.000376,172.31.36.0-255,66,14284,12,169769
24263,0.000649,172.31.36.0-255,66,14350,12,169769
24264,0.000708,74.125.68.0-255,2902,17252,12,169769
24265,0.000712,172.31.36.0-255,66,17318,12,169769
24266,0.001113,74.125.68.0-255,5379,22697,12,169769
24267,0.00112,172.31.36.0-255,66,22763,12,169769
24268,0.003666,74.125.68.0-255,5738,28501,12,169769
24269,0.003676,172.31.36.0-255,66,28567,12,169769
24270,0.006205,74.125.68.0-255,5738,34305,12,169769
24271,0.006215,172.31.36.0-255,66,34371,12,169769
24272,0.008737,74.125.68.0-255,2902,37273,12,169769
24273,0.008749,172.31.36.0-255,66,37339,12,169769
24274,0.008791,74.125.68.0-255,2902,40241,12,169769
24275,0.008795,172.31.36.0-255,66,40307,12,169769
24276,0.011276,74.125.68.0-255,2902,43209,12,169769
24277,0.011284,172.31.36.0-255,66,43275,12,169769
24278,0.011321,74.125.68.0-255,2902,46177,12,169769
24279,0.011324,172.31.36.0-255,66,46243,12,169769
24280,0.013822,74.125.68.0-255,2902,49145,12,169769
24281,0.013835,172.31.36.0-255,66,49211,12,169769
24282,0.013858,74.125.68.0-255,2902,52113,12,169769
24283,0.013861,172.31.36.0-255,66,52179,12,169769
24284,0.016366,74.125.68.0-255,2902,55081,12,169769
24285,0.016382,172.31.36.0-255,66,55147,12,169769
24286,0.016405,74.125.68.0-255,2902,58049,12,169769
24287,0.016409,172.31.36.0-255,66,58115,12,169769
24288,0.01891,74.125.68.0-255,2902,61017,12,169769
24289,0.018924,172.31.36.0-255,66,61083,12,169769
24290,0.018949,74.125.68.0-255,2902,63985,12,169769
24291,0.018952,172.31.36.0-255,66,64051,12,169769
24292,0.02145,74.125.68.0-255,2902,66953,12,169769
24293,0.021464,172.31.36.0-255,66,67019,12,169769
24294,0.021496,74.125.68.0-255,2902,69921,12,169769
24295,0.021499,172.31.36.0-255,66,69987,12,169769
24296,0.024001,74.125.68.0-255,2902,72889,12,169769
24297,0.024018,172.31.36.0-255,66,72955,12,169769
24298,0.024042,74.125.68.0-255,2902,75857,12,169769
24299,0.024045,172.31.36.0-255,66,75923,12,169769
24300,0.026534,74.125.68.0-255,2902,78825,12,169769
24301,0.026542,172.31.36.0-255,66,78891,12,169769
24302,0.026581,74.125.68.0-255,2902,81793,12,169769
24303,0.026584,172.31.36.0-255,66,81859,12,169769
24304,0.026633,172.31.36.0-255,172,82031,12,169769
24305,0.026659,172.31.36.0-255,1109,83140,12,169769
24306,0.026757,172.31.36.0-255,1514,84654,12,169769
24307,0.026759,172.31.36.0-255,1514,86168,12,169769
24308,0.02676,172.31.36.0-255,1514,87682,12,169769
24309,0.026761,172.31.36.0-255,1514,89196,12,169769
24310,0.026796,172.31.36.0-255,1514,90710,12,169769
24311,0.026797,172.31.36.0-255,1189,91899,12,169769
24312,0.028183,104.244.42.0-255,66,91965,12,169769
24313,0.028287,104.244.42.0-255,66,92031,12,169769
24314,0.028354,104.244.42.0-255,66,92097,12,169769
24315,0.028358,104.244.42.0-255,66,92163,12,169769
24316,0.029061,74.125.68.0-255,2902,95065,12,169769
24317,0.029068,172.31.36.0-255,66,95131,12,169769
24318,0.029104,74.125.68.0-255,2902,98033,12,169769
24319,0.029107,172.31.36.0-255,66,98099,12,169769
24320,0.031602,74.125.68.0-255,2902,101001,12,169769
24321,0.031614,172.31.36.0-255,66,101067,12,169769
24322,0.031636,74.125.68.0-255,2902,103969,12,169769
24323,0.03164,172.31.36.0-255,66,104035,12,169769
24324,0.034155,74.125.68.0-255,2902,106937,12,169769
24325,0.03417,172.31.36.0-255,66,107003,12,169769
24326,0.034194,74.125.68.0-255,2902,109905,12,169769
24327,0.034196,172.31.36.0-255,66,109971,12,169769
24328,0.036734,74.125.68.0-255,2902,112873,12,169769
24329,0.036749,172.31.36.0-255,66,112939,12,169769
24330,0.036759,74.125.68.0-255,2902,115841,12,169769
24331,0.036763,172.31.36.0-255,66,115907,12,169769
24332,0.039281,74.125.68.0-255,2902,118809,12,169769
24333,0.039295,172.31.36.0-255,66,118875,12,169769
24334,0.03932,74.125.68.0-255,2902,121777,12,169769
24335,0.039323,172.31.36.0-255,66,121843,12,169769
24336,0.041823,74.125.68.0-255,2902,124745,12,169769
24337,0.041833,172.31.36.0-255,66,124811,12,169769
24338,0.041865,74.125.68.0-255,2902,127713,12,169769
24339,0.041868,172.31.36.0-255,66,127779,12,169769
24340,0.044358,74.125.68.0-255,2902,130681,12,169769
24341,0.044368,172.31.36.0-255,66,130747,12,169769
24342,0.044387,74.125.68.0-255,1484,132231,12,169769
24343,0.04439,172.31.36.0-255,66,132297,12,169769
24344,0.044401,74.125.68.0-255,1484,133781,12,169769
24345,0.044405,172.31.36.0-255,66,133847,12,169769
24346,0.046897,74.125.68.0-255,2902,136749,12,169769
24347,0.04691,172.31.36.0-255,66,136815,12,169769
24348,0.046944,74.125.68.0-255,2902,139717,12,169769
24349,0.046948,172.31.36.0-255,66,139783,12,169769
24350,0.049436,74.125.68.0-255,2902,142685,12,169769
24351,0.04945,172.31.36.0-255,66,142751,12,169769
24352,0.049467,74.125.68.0-255,1484,144235,12,169769
24353,0.049469,172.31.36.0-255,66,144301,12,169769
24354,0.049489,74.125.68.0-255,1484,145785,12,169769
24355,0.049491,172.31.36.0-255,66,145851,12,169769
24356,0.051989,74.125.68.0-255,2902,148753,12,169769
24357,0.052003,172.31.36.0-255,66,148819,12,169769
24358,0.052028,74.125.68.0-255,2902,151721,12,169769
24359,0.052031,172.31.36.0-255,66,151787,12,169769
24360,0.054533,74.125.68.0-255,2902,154689,12,169769
24361,0.05454,172.31.36.0-255,66,154755,12,169769
24362,0.054574,74.125.68.0-255,2902,157657,12,169769
24363,0.054576,172.31.36.0-255,66,157723,12,169769
24364,0.056448,172.31.36.0-255,108,157831,12,169769
24365,0.057076,74.125.68.0-255,2902,160733,12,169769
24366,0.057083,172.31.36.0-255,66,160799,12,169769
24367,0.057129,74.125.68.0-255,2902,163701,12,169769
24368,0.057132,172.31.36.0-255,66,163767,12,169769
24369,0.057975,104.244.42.0-255,66,163833,12,169769
24370,0.059596,74.125.68.0-255,2902,166735,12,169769
24371,0.059604,172.31.36.0-255,66,166801,12,169769
24372,0.059643,74.125.68.0-255,2902,169703,12,169769
24373,0.059646,172.31.36.0-255,66,169769,12,169769
24374,0.0,172.217.194.0-255,153,153,12,217925
24375,2.1e-05,172.31.36.0-255,66,219,12,217925
24376,2.7e-05,172.217.194.0-255,1484,1703,12,217925
24377,3.1e-05,172.31.36.0-255,66,1769,12,217925
24378,3.6e-05,172.217.194.0-255,2902,4671,12,217925
24379,4.9e-05,172.31.36.0-255,66,4737,12,217925
24380,5.2e-05,172.217.194.0-255,1484,6221,12,217925
24381,5.5e-05,172.31.36.0-255,66,6287,12,217925
24382,6.1e-05,172.217.194.0-255,5738,12025,12,217925
24383,6.3e-05,172.31.36.0-255,66,12091,12,217925
24384,0.000104,172.31.36.0-255,66,12157,12,217925
24385,0.000122,172.31.36.0-255,66,12223,12,217925
24386,0.000169,172.31.36.0-255,66,12289,12,217925
24387,0.000175,172.217.194.0-255,4320,16609,12,217925
24388,0.000176,172.31.36.0-255,66,16675,12,217925
24389,0.000219,172.31.36.0-255,66,16741,12,217925
24390,0.000224,172.217.194.0-255,2858,19599,12,217925
24391,0.000227,172.31.36.0-255,66,19665,12,217925
24392,0.000263,172.31.36.0-255,66,19731,12,217925
24393,0.00029,172.217.194.0-255,6513,26244,12,217925
24394,0.000299,172.31.36.0-255,66,26310,12,217925
24395,0.000302,172.217.194.0-255,1484,27794,12,217925
24396,0.000303,172.31.36.0-255,66,27860,12,217925
24397,0.000308,172.217.194.0-255,2902,30762,12,217925
24398,0.00031,172.31.36.0-255,66,30828,12,217925
24399,0.000315,172.217.194.0-255,5738,36566,12,217925
24400,0.000318,172.31.36.0-255,66,36632,12,217925
24401,0.00036,172.31.36.0-255,66,36698,12,217925
24402,0.000389,172.217.194.0-255,1484,38182,12,217925
24403,0.000403,172.31.36.0-255,66,38248,12,217925
24404,0.000677,172.217.194.0-255,1484,39732,12,217925
24405,0.000683,172.217.194.0-255,2902,42634,12,217925
24406,0.000687,172.31.36.0-255,66,42700,12,217925
24407,0.000692,172.217.194.0-255,1484,44184,12,217925
24408,0.000718,172.217.194.0-255,2902,47086,12,217925
24409,0.000722,172.31.36.0-255,66,47152,12,217925
24410,0.000729,172.217.194.0-255,7156,54308,12,217925
24411,0.000732,172.31.36.0-255,66,54374,12,217925
24412,0.000747,172.217.194.0-255,1484,55858,12,217925
24413,0.000773,172.217.194.0-255,4320,60178,12,217925
24414,0.000778,172.31.36.0-255,66,60244,12,217925
24415,0.000803,172.31.36.0-255,66,60310,12,217925
24416,0.000924,172.217.194.0-255,1484,61794,12,217925
24417,0.000932,172.217.194.0-255,2902,64696,12,217925
24418,0.000936,172.31.36.0-255,66,64762,12,217925
24419,0.000944,172.217.194.0-255,5738,70500,12,217925
24420,0.000946,172.31.36.0-255,66,70566,12,217925
24421,0.001044,172.31.36.0-255,66,70632,12,217925
24422,0.001077,172.217.194.0-255,7156,77788,12,217925
24423,0.001081,172.31.36.0-255,66,77854,12,217925
24424,0.001111,172.217.194.0-255,6438,84292,12,217925
24425,0.001115,172.31.36.0-255,66,84358,12,217925
24426,0.001484,172.217.194.0-255,1484,85842,12,217925
24427,0.00149,172.217.194.0-255,2902,88744,12,217925
24428,0.001495,172.31.36.0-255,66,88810,12,217925
24429,0.001503,172.217.194.0-255,5738,94548,12,217925
24430,0.001505,172.31.36.0-255,66,94614,12,217925
24431,0.001522,172.31.36.0-255,66,94680,12,217925
24432,0.001559,172.217.194.0-255,4320,99000,12,217925
24433,0.001562,172.31.36.0-255,66,99066,12,217925
24434,0.001572,172.31.36.0-255,66,99132,12,217925
24435,0.00158,172.217.194.0-255,2184,101316,12,217925
24436,0.001582,172.31.36.0-255,66,101382,12,217925
24437,0.002004,172.217.194.0-255,1484,102866,12,217925
24438,0.00201,172.217.194.0-255,2902,105768,12,217925
24439,0.002013,172.31.36.0-255,66,105834,12,217925
24440,0.002041,172.217.194.0-255,5738,111572,12,217925
24441,0.002043,172.31.36.0-255,66,111638,12,217925
24442,0.002052,172.31.36.0-255,66,111704,12,217925
24443,0.002093,172.217.194.0-255,4320,116024,12,217925
24444,0.002096,172.31.36.0-255,66,116090,12,217925
24445,0.002105,172.31.36.0-255,66,116156,12,217925
24446,0.002123,172.217.194.0-255,2184,118340,12,217925
24447,0.002125,172.31.36.0-255,66,118406,12,217925
24448,0.002179,172.217.194.0-255,1484,119890,12,217925
24449,0.002186,172.217.194.0-255,1484,121374,12,217925
24450,0.002188,172.31.36.0-255,66,121440,12,217925
24451,0.002202,172.217.194.0-255,1484,122924,12,217925
24452,0.002211,172.217.194.0-255,5738,128662,12,217925
24453,0.002213,172.31.36.0-255,66,128728,12,217925
24454,0.002224,172.31.36.0-255,66,128794,12,217925
24455,0.002245,172.217.194.0-255,4320,133114,12,217925
24456,0.002255,172.31.36.0-255,66,133180,12,217925
24457,0.002275,172.31.36.0-255,66,133246,12,217925
24458,0.002304,172.31.36.0-255,66,133312,12,217925
24459,0.002313,172.31.36.0-255,66,133378,12,217925
24460,0.002345,172.31.36.0-255,66,133444,12,217925
24461,0.002351,172.217.194.0-255,6438,139882,12,217925
24462,0.002352,172.31.36.0-255,66,139948,12,217925
24463,0.002355,172.217.194.0-255,1484,141432,12,217925
24464,0.002356,172.31.36.0-255,78,141510,12,217925
24465,0.002399,172.31.36.0-255,78,141588,12,217925
24466,0.002429,172.217.194.0-255,7156,148744,12,217925
24467,0.002432,172.31.36.0-255,66,148810,12,217925
24468,0.004766,172.217.194.0-255,5738,154548,12,217925
24469,0.00477,172.31.36.0-255,66,154614,12,217925
24470,0.007065,172.217.194.0-255,5738,160352,12,217925
24471,0.007071,172.31.36.0-255,66,160418,12,217925
24472,0.009391,172.217.194.0-255,5738,166156,12,217925
24473,0.0094,172.31.36.0-255,66,166222,12,217925
24474,0.011727,172.217.194.0-255,5738,171960,12,217925
24475,0.011737,172.31.36.0-255,66,172026,12,217925
24476,0.014058,172.217.194.0-255,5738,177764,12,217925
24477,0.014064,172.31.36.0-255,66,177830,12,217925
24478,0.016366,172.217.194.0-255,4320,182150,12,217925
24479,0.016374,172.31.36.0-255,66,182216,12,217925
24480,0.016405,172.217.194.0-255,1484,183700,12,217925
24481,0.018689,172.217.194.0-255,4320,188020,12,217925
24482,0.018696,172.31.36.0-255,66,188086,12,217925
24483,0.021011,172.217.194.0-255,5738,193824,12,217925
24484,0.021019,172.31.36.0-255,66,193890,12,217925
24485,0.023337,172.217.194.0-255,5738,199628,12,217925
24486,0.023343,172.31.36.0-255,66,199694,12,217925
24487,0.025668,172.217.194.0-255,5738,205432,12,217925
24488,0.025674,172.31.36.0-255,66,205498,12,217925
24489,0.027458,172.31.36.0-255,188,205686,12,217925
24490,0.027498,172.31.36.0-255,952,206638,12,217925
24491,0.027578,172.31.36.0-255,1514,208152,12,217925
24492,0.02758,172.31.36.0-255,1514,209666,12,217925
24493,0.027581,172.31.36.0-255,1514,211180,12,217925
24494,0.027582,172.31.36.0-255,1514,212694,12,217925
24495,0.027613,172.31.36.0-255,327,213021,12,217925
24496,0.027992,172.217.194.0-255,4403,217424,12,217925
24497,0.027997,172.31.36.0-255,66,217490,12,217925
24498,0.02818,172.31.36.0-255,105,217595,12,217925
24499,0.02907,104.244.42.0-255,66,217661,12,217925
24500,0.029077,104.244.42.0-255,66,217727,12,217925
24501,0.029161,104.244.42.0-255,66,217793,12,217925
24502,0.029163,104.244.42.0-255,66,217859,12,217925
24503,0.030425,172.217.194.0-255,66,217925,12,217925
24504,0.0,74.125.24.0-255,178,178,12,335225
24505,3.9e-05,172.31.36.0-255,66,244,12,335225
24506,4.6e-05,74.125.24.0-255,1484,1728,12,335225
24507,5.2e-05,172.31.36.0-255,66,1794,12,335225
24508,5.8e-05,74.125.24.0-255,2902,4696,12,335225
24509,6.1e-05,172.31.36.0-255,66,4762,12,335225
24510,6.8e-05,74.125.24.0-255,7156,11918,12,335225
24511,7.1e-05,172.31.36.0-255,66,11984,12,335225
24512,7.4e-05,74.125.24.0-255,1484,13468,12,335225
24513,7.7e-05,172.31.36.0-255,66,13534,12,335225
24514,0.000117,172.31.36.0-255,66,13600,12,335225
24515,0.000126,74.125.24.0-255,6797,20397,12,335225
24516,0.000128,172.31.36.0-255,66,20463,12,335225
24517,0.000267,74.125.24.0-255,1484,21947,12,335225
24518,0.000272,172.31.36.0-255,66,22013,12,335225
24519,0.000278,74.125.24.0-255,2902,24915,12,335225
24520,0.00028,172.31.36.0-255,66,24981,12,335225
24521,0.000288,74.125.24.0-255,5738,30719,12,335225
24522,0.00029,172.31.36.0-255,66,30785,12,335225
24523,0.000318,74.125.24.0-255,6797,37582,12,335225
24524,0.00032,172.31.36.0-255,66,37648,12,335225
24525,0.000363,172.31.36.0-255,66,37714,12,335225
24526,0.000368,74.125.24.0-255,2818,40532,12,335225
24527,0.000371,172.31.36.0-255,66,40598,12,335225
24528,0.000404,74.125.24.0-255,125,40723,12,335225
24529,0.000407,172.31.36.0-255,66,40789,12,335225
24530,0.000442,74.125.24.0-255,1484,42273,12,335225
24531,0.000445,172.31.36.0-255,66,42339,12,335225
24532,0.000449,74.125.24.0-255,1484,43823,12,335225
24533,0.000453,172.31.36.0-255,66,43889,12,335225
24534,0.000467,74.125.24.0-255,1484,45373,12,335225
24535,0.000474,74.125.24.0-255,4320,49693,12,335225
24536,0.000476,172.31.36.0-255,66,49759,12,335225
24537,0.00052,74.125.24.0-255,5738,55497,12,335225
24538,0.000524,172.31.36.0-255,66,55563,12,335225
24539,0.000544,74.125.24.0-255,2249,57812,12,335225
24540,0.000547,172.31.36.0-255,66,57878,12,335225
24541,0.000573,172.31.36.0-255,66,57944,12,335225
24542,0.000579,74.125.24.0-255,5738,63682,12,335225
24543,0.000581,172.31.36.0-255,66,63748,12,335225
24544,0.000597,74.125.24.0-255,2902,66650,12,335225
24545,0.0006,172.31.36.0-255,66,66716,12,335225
24546,0.000627,74.125.24.0-255,4320,71036,12,335225
24547,0.000629,172.31.36.0-255,66,71102,12,335225
24548,0.000663,172.31.36.0-255,66,71168,12,335225
24549,0.001054,74.125.24.0-255,1484,72652,12,335225
24550,0.001061,74.125.24.0-255,2902,75554,12,335225
24551,0.001064,172.31.36.0-255,66,75620,12,335225
24552,0.001068,74.125.24.0-255,1484,77104,12,335225
24553,0.001087,74.125.24.0-255,4320,81424,12,335225
24554,0.00109,172.31.36.0-255,66,81490,12,335225
24555,0.001094,74.125.24.0-255,1484,82974,12,335225
24556,0.00111,74.125.24.0-255,5738,88712,12,335225
24557,0.001113,172.31.36.0-255,66,88778,12,335225
24558,0.00114,74.125.24.0-255,2902,91680,12,335225
24559,0.001145,172.31.36.0-255,66,91746,12,335225
24560,0.001153,172.31.36.0-255,66,91812,12,335225
24561,0.001171,74.125.24.0-255,2184,93996,12,335225
24562,0.001174,172.31.36.0-255,66,94062,12,335225
24563,0.001206,74.125.24.0-255,2902,96964,12,335225
24564,0.00121,172.31.36.0-255,66,97030,12,335225
24565,0.001228,74.125.24.0-255,5738,102768,12,335225
24566,0.001232,172.31.36.0-255,66,102834,12,335225
24567,0.001255,74.125.24.0-255,1484,104318,12,335225
24568,0.001258,74.125.24.0-255,1484,105802,12,335225
24569,0.00126,172.31.36.0-255,66,105868,12,335225
24570,0.001272,172.31.36.0-255,66,105934,12,335225
24571,0.001305,172.31.36.0-255,66,106000,12,335225
24572,0.001317,74.125.24.0-255,2184,108184,12,335225
24573,0.001321,172.31.36.0-255,66,108250,12,335225
24574,0.001642,74.125.24.0-255,1484,109734,12,335225
24575,0.001662,74.125.24.0-255,2902,112636,12,335225
24576,0.001666,172.31.36.0-255,66,112702,12,335225
24577,0.001673,74.125.24.0-255,5738,118440,12,335225
24578,0.001675,172.31.36.0-255,66,118506,12,335225
24579,0.001682,74.125.24.0-255,5738,124244,12,335225
24580,0.001685,172.31.36.0-255,66,124310,12,335225
24581,0.001701,74.125.24.0-255,1484,125794,12,335225
24582,0.001708,74.125.24.0-255,4320,130114,12,335225
24583,0.001711,172.31.36.0-255,66,130180,12,335225
24584,0.001743,172.31.36.0-255,66,130246,12,335225
24585,0.001748,74.125.24.0-255,2184,132430,12,335225
24586,0.001752,172.31.36.0-255,66,132496,12,335225
24587,0.00189,74.125.24.0-255,1484,133980,12,335225
24588,0.001896,74.125.24.0-255,2902,136882,12,335225
24589,0.0019,172.31.36.0-255,66,136948,12,335225
24590,0.00192,74.125.24.0-255,5738,142686,12,335225
24591,0.001922,172.31.36.0-255,66,142752,12,335225
24592,0.001925,74.125.24.0-255,1484,144236,12,335225
24593,0.001947,74.125.24.0-255,5738,149974,12,335225
24594,0.00195,172.31.36.0-255,66,150040,12,335225
24595,0.001971,74.125.24.0-255,7156,157196,12,335225
24596,0.001974,172.31.36.0-255,66,157262,12,335225
24597,0.002004,74.125.24.0-255,7156,164418,12,335225
24598,0.002007,172.31.36.0-255,66,164484,12,335225
24599,0.002028,74.125.24.0-255,2184,166668,12,335225
24600,0.002032,172.31.36.0-255,66,166734,12,335225
24601,0.003985,74.125.24.0-255,5738,172472,12,335225
24602,0.004001,172.31.36.0-255,66,172538,12,335225
24603,0.005981,74.125.24.0-255,5738,178276,12,335225
24604,0.005985,172.31.36.0-255,66,178342,12,335225
24605,0.007947,74.125.24.0-255,4320,182662,12,335225
24606,0.007949,172.31.36.0-255,66,182728,12,335225
24607,0.007967,74.125.24.0-255,1484,184212,12,335225
24608,0.009924,74.125.24.0-255,4320,188532,12,335225
24609,0.009934,172.31.36.0-255,66,188598,12,335225
24610,0.011938,74.125.24.0-255,5738,194336,12,335225
24611,0.011951,172.31.36.0-255,66,194402,12,335225
24612,0.013918,74.125.24.0-255,5738,200140,12,335225
24613,0.013932,172.31.36.0-255,66,200206,12,335225
24614,0.015917,74.125.24.0-255,5738,205944,12,335225
24615,0.01593,172.31.36.0-255,66,206010,12,335225
24616,0.017914,74.125.24.0-255,5738,211748,12,335225
24617,0.017929,172.31.36.0-255,66,211814,12,335225
24618,0.019921,74.125.24.0-255,5738,217552,12,335225
24619,0.019937,172.31.36.0-255,66,217618,12,335225
24620,0.021912,74.125.24.0-255,5738,223356,12,335225
24621,0.021923,172.31.36.0-255,66,223422,12,335225
24622,0.023877,74.125.24.0-255,5738,229160,12,335225
24623,0.023893,172.31.36.0-255,66,229226,12,335225
24624,0.025833,74.125.24.0-255,5738,234964,12,335225
24625,0.025845,172.31.36.0-255,66,235030,12,335225
24626,0.027795,74.125.24.0-255,5738,240768,12,335225
24627,0.02781,172.31.36.0-255,66,240834,12,335225
24628,0.029776,74.125.24.0-255,5738,246572,12,335225
24629,0.029784,172.31.36.0-255,66,246638,12,335225
24630,0.031752,74.125.24.0-255,5738,252376,12,335225
24631,0.03176,172.31.36.0-255,66,252442,12,335225
24632,0.033715,74.125.24.0-255,5738,258180,12,335225
24633,0.033725,172.31.36.0-255,66,258246,12,335225
24634,0.035671,74.125.24.0-255,5738,263984,12,335225
24635,0.035686,172.31.36.0-255,66,264050,12,335225
24636,0.03763,74.125.24.0-255,5738,269788,12,335225
24637,0.037639,172.31.36.0-255,66,269854,12,335225
24638,0.039604,74.125.24.0-255,5738,275592,12,335225
24639,0.039612,172.31.36.0-255,66,275658,12,335225
24640,0.041584,74.125.24.0-255,5738,281396,12,335225
24641,0.041591,172.31.36.0-255,66,281462,12,335225
24642,0.043554,74.125.24.0-255,5738,287200,12,335225
24643,0.043563,172.31.36.0-255,66,287266,12,335225
24644,0.045535,74.125.24.0-255,5738,293004,12,335225
24645,0.045548,172.31.36.0-255,66,293070,12,335225
24646,0.047498,74.125.24.0-255,5738,298808,12,335225
24647,0.047504,172.31.36.0-255,66,298874,12,335225
24648,0.047548,172.31.36.0-255,176,299050,12,335225
24649,0.047572,172.31.36.0-255,1108,300158,12,335225
24650,0.047673,172.31.36.0-255,1514,301672,12,335225
24651,0.047675,172.31.36.0-255,1415,303087,12,335225
24652,0.049098,104.244.42.0-255,66,303153,12,335225
24653,0.049106,104.244.42.0-255,66,303219,12,335225
24654,0.049298,104.244.42.0-255,66,303285,12,335225
24655,0.049467,74.125.24.0-255,2902,306187,12,335225
24656,0.049471,172.31.36.0-255,66,306253,12,335225
24657,0.049499,74.125.24.0-255,2902,309155,12,335225
24658,0.049502,172.31.36.0-255,66,309221,12,335225
24659,0.051427,74.125.24.0-255,2902,312123,12,335225
24660,0.051432,172.31.36.0-255,66,312189,12,335225
24661,0.051474,74.125.24.0-255,2902,315091,12,335225
24662,0.051478,172.31.36.0-255,66,315157,12,335225
24663,0.053408,74.125.24.0-255,2902,318059,12,335225
24664,0.053413,172.31.36.0-255,66,318125,12,335225
24665,0.053502,74.125.24.0-255,2902,321027,12,335225
24666,0.053506,172.31.36.0-255,66,321093,12,335225
24667,0.05534,74.125.24.0-255,2902,323995,12,335225
24668,0.055345,172.31.36.0-255,66,324061,12,335225
24669,0.055449,74.125.24.0-255,2902,326963,12,335225
24670,0.055454,172.31.36.0-255,66,327029,12,335225
24671,0.057324,74.125.24.0-255,2902,329931,12,335225
24672,0.057329,172.31.36.0-255,66,329997,12,335225
24673,0.0574,74.125.24.0-255,2902,332899,12,335225
24674,0.057405,172.31.36.0-255,66,332965,12,335225
24675,0.059261,74.125.24.0-255,2089,335054,12,335225
24676,0.059267,172.31.36.0-255,66,335120,12,335225
24677,0.059436,172.31.36.0-255,105,335225,12,335225
24678,0.0,74.125.200.0-255,66,66,12,66
24679,0.0,172.31.36.0-255,105,105,12,459
24680,0.000255,172.31.36.0-255,90,195,12,459
24681,0.000264,172.31.36.0-255,66,261,12,459
24682,0.002088,172.217.27.0-255,66,327,12,459
24683,0.002101,172.217.27.0-255,66,393,12,459
24684,0.00211,172.31.36.0-255,66,459,12,459
24685,0.0,74.125.24.0-255,152,152,12,282775
24686,3e-05,172.31.36.0-255,66,218,12,282775
24687,3.7e-05,74.125.24.0-255,1484,1702,12,282775
24688,4.2e-05,172.31.36.0-255,66,1768,12,282775
24689,4.7e-05,74.125.24.0-255,2902,4670,12,282775
24690,5e-05,172.31.36.0-255,66,4736,12,282775
24691,5.8e-05,74.125.24.0-255,7156,11892,12,282775
24692,6.2e-05,172.31.36.0-255,66,11958,12,282775
24693,8.7e-05,74.125.24.0-255,2075,14033,12,282775
24694,9e-05,172.31.36.0-255,66,14099,12,282775
24695,0.000205,74.125.24.0-255,1484,15583,12,282775
24696,0.000209,172.31.36.0-255,66,15649,12,282775
24697,0.00023,74.125.24.0-255,2902,18551,12,282775
24698,0.000233,172.31.36.0-255,66,18617,12,282775
24699,0.000239,74.125.24.0-255,5738,24355,12,282775
24700,0.000241,172.31.36.0-255,66,24421,12,282775
24701,0.000244,74.125.24.0-255,1484,25905,12,282775
24702,0.000245,172.31.36.0-255,66,25971,12,282775
24703,0.000263,74.125.24.0-255,2902,28873,12,282775
24704,0.000267,172.31.36.0-255,66,28939,12,282775
24705,0.000284,74.125.24.0-255,3961,32900,12,282775
24706,0.00029,172.31.36.0-255,66,32966,12,282775
24707,0.00031,74.125.24.0-255,4320,37286,12,282775
24708,0.000313,172.31.36.0-255,66,37352,12,282775
24709,0.000324,172.31.36.0-255,66,37418,12,282775
24710,0.000339,74.125.24.0-255,1484,38902,12,282775
24711,0.000341,172.31.36.0-255,66,38968,12,282775
24712,0.000344,74.125.24.0-255,1125,40093,12,282775
24713,0.000348,172.31.36.0-255,66,40159,12,282775
24714,0.000897,74.125.24.0-255,1484,41643,12,282775
24715,0.000903,172.31.36.0-255,66,41709,12,282775
24716,0.000927,74.125.24.0-255,2902,44611,12,282775
24717,0.000931,172.31.36.0-255,66,44677,12,282775
24718,0.000938,74.125.24.0-255,5738,50415,12,282775
24719,0.000941,172.31.36.0-255,66,50481,12,282775
24720,0.000979,74.125.24.0-255,6797,57278,12,282775
24721,0.000984,172.31.36.0-255,66,57344,12,282775
24722,0.000991,74.125.24.0-255,5738,63082,12,282775
24723,0.000994,172.31.36.0-255,66,63148,12,282775
24724,0.001018,172.31.36.0-255,66,63214,12,282775
24725,0.001023,74.125.24.0-255,2543,65757,12,282775
24726,0.001025,172.31.36.0-255,66,65823,12,282775
24727,0.001045,74.125.24.0-255,2902,68725,12,282775
24728,0.001048,172.31.36.0-255,66,68791,12,282775
24729,0.001052,74.125.24.0-255,1484,70275,12,282775
24730,0.001068,74.125.24.0-255,5738,76013,12,282775
24731,0.001071,172.31.36.0-255,66,76079,12,282775
24732,0.001077,74.125.24.0-255,5738,81817,12,282775
24733,0.001079,172.31.36.0-255,66,81883,12,282775
24734,0.001121,74.125.24.0-255,1704,83587,12,282775
24735,0.001125,172.31.36.0-255,66,83653,12,282775
24736,0.001414,74.125.24.0-255,1484,85137,12,282775
24737,0.001421,74.125.24.0-255,2902,88039,12,282775
24738,0.001426,172.31.36.0-255,66,88105,12,282775
24739,0.001429,74.125.24.0-255,1484,89589,12,282775
24740,0.001447,74.125.24.0-255,4320,93909,12,282775
24741,0.00145,172.31.36.0-255,66,93975,12,282775
24742,0.001454,74.125.24.0-255,2902,96877,12,282775
24743,0.001456,172.31.36.0-255,66,96943,12,282775
24744,0.00148,172.31.36.0-255,66,97009,12,282775
24745,0.001484,74.125.24.0-255,4320,101329,12,282775
24746,0.001487,172.31.36.0-255,66,101395,12,282775
24747,0.001509,74.125.24.0-255,6438,107833,12,282775
24748,0.001512,172.31.36.0-255,66,107899,12,282775
24749,0.00162,74.125.24.0-255,1484,109383,12,282775
24750,0.001639,74.125.24.0-255,2902,112285,12,282775
24751,0.001641,172.31.36.0-255,66,112351,12,282775
24752,0.001645,74.125.24.0-255,2902,115253,12,282775
24753,0.001647,172.31.36.0-255,66,115319,12,282775
24754,0.001661,74.125.24.0-255,2902,118221,12,282775
24755,0.001664,172.31.36.0-255,66,118287,12,282775
24756,0.00167,74.125.24.0-255,5738,124025,12,282775
24757,0.001672,172.31.36.0-255,66,124091,12,282775
24758,0.001691,74.125.24.0-255,7156,131247,12,282775
24759,0.001693,172.31.36.0-255,66,131313,12,282775
24760,0.001704,172.31.36.0-255,66,131379,12,282775
24761,0.001719,74.125.24.0-255,766,132145,12,282775
24762,0.002364,74.125.24.0-255,1484,133629,12,282775
24763,0.002366,172.31.36.0-255,66,133695,12,282775
24764,0.002382,74.125.24.0-255,2902,136597,12,282775
24765,0.002385,172.31.36.0-255,66,136663,12,282775
24766,0.002389,74.125.24.0-255,4320,140983,12,282775
24767,0.002391,172.31.36.0-255,66,141049,12,282775
24768,0.004742,74.125.24.0-255,2902,143951,12,282775
24769,0.004745,172.31.36.0-255,66,144017,12,282775
24770,0.004764,74.125.24.0-255,2902,146919,12,282775
24771,0.004766,172.31.36.0-255,66,146985,12,282775
24772,0.007122,74.125.24.0-255,4320,151305,12,282775
24773,0.007129,172.31.36.0-255,66,151371,12,282775
24774,0.007146,74.125.24.0-255,1484,152855,12,282775
24775,0.00725,172.31.36.0-255,101,152956,12,282775
24776,0.009477,74.125.24.0-255,4320,157276,12,282775
24777,0.009484,172.31.36.0-255,66,157342,12,282775
24778,0.009625,74.125.24.0-255,1484,158826,12,282775
24779,0.01186,74.125.24.0-255,4320,163146,12,282775
24780,0.011867,172.31.36.0-255,66,163212,12,282775
24781,0.014234,74.125.24.0-255,5738,168950,12,282775
24782,0.014241,172.31.36.0-255,66,169016,12,282775
24783,0.0166,74.125.24.0-255,5738,174754,12,282775
24784,0.016611,172.31.36.0-255,66,174820,12,282775
24785,0.018946,74.125.24.0-255,5738,180558,12,282775
24786,0.018953,172.31.36.0-255,66,180624,12,282775
24787,0.021304,74.125.24.0-255,4320,184944,12,282775
24788,0.021311,172.31.36.0-255,66,185010,12,282775
24789,0.021344,74.125.24.0-255,1484,186494,12,282775
24790,0.023658,74.125.24.0-255,4320,190814,12,282775
24791,0.023667,172.31.36.0-255,66,190880,12,282775
24792,0.025995,74.125.24.0-255,5738,196618,12,282775
24793,0.026003,172.31.36.0-255,66,196684,12,282775
24794,0.028081,172.31.36.0-255,172,196856,12,282775
24795,0.028111,172.31.36.0-255,1109,197965,12,282775
24796,0.028149,172.31.36.0-255,1514,199479,12,282775
24797,0.02815,172.31.36.0-255,1514,200993,12,282775
24798,0.028173,172.31.36.0-255,978,201971,12,282775
24799,0.028346,74.125.24.0-255,5738,207709,12,282775
24800,0.028353,172.31.36.0-255,66,207775,12,282775
24801,0.029619,104.244.42.0-255,66,207841,12,282775
24802,0.029699,104.244.42.0-255,66,207907,12,282775
24803,0.029718,104.244.42.0-255,66,207973,12,282775
24804,0.03073,74.125.24.0-255,5738,213711,12,282775
24805,0.030737,172.31.36.0-255,66,213777,12,282775
24806,0.031499,104.244.42.0-255,108,213885,12,282775
24807,0.031525,172.31.36.0-255,66,213951,12,282775
24808,0.033127,74.125.24.0-255,5738,219689,12,282775
24809,0.033133,172.31.36.0-255,66,219755,12,282775
24810,0.035472,74.125.24.0-255,5738,225493,12,282775
24811,0.03548,172.31.36.0-255,66,225559,12,282775
24812,0.037824,74.125.24.0-255,4320,229879,12,282775
24813,0.03783,172.31.36.0-255,66,229945,12,282775
24814,0.03786,74.125.24.0-255,1484,231429,12,282775
24815,0.040182,74.125.24.0-255,4320,235749,12,282775
24816,0.040188,172.31.36.0-255,66,235815,12,282775
24817,0.042591,74.125.24.0-255,1484,237299,12,282775
24818,0.042628,74.125.24.0-255,4320,241619,12,282775
24819,0.042633,172.31.36.0-255,66,241685,12,282775
24820,0.045011,74.125.24.0-255,5738,247423,12,282775
24821,0.045017,172.31.36.0-255,66,247489,12,282775
24822,0.047419,74.125.24.0-255,5738,253227,12,282775
24823,0.047426,172.31.36.0-255,66,253293,12,282775
24824,0.049839,74.125.24.0-255,5738,259031,12,282775
24825,0.049844,172.31.36.0-255,66,259097,12,282775
24826,0.052255,74.125.24.0-255,5738,264835,12,282775
24827,0.05226,172.31.36.0-255,66,264901,12,282775
24828,0.054606,74.125.24.0-255,2902,267803,12,282775
24829,0.054612,172.31.36.0-255,66,267869,12,282775
24830,0.054639,74.125.24.0-255,2902,270771,12,282775
24831,0.054642,172.31.36.0-255,66,270837,12,282775
24832,0.056941,74.125.24.0-255,2902,273739,12,282775
24833,0.056946,172.31.36.0-255,66,273805,12,282775
24834,0.057011,74.125.24.0-255,2902,276707,12,282775
24835,0.057016,172.31.36.0-255,66,276773,12,282775
24836,0.059318,74.125.24.0-255,2902,279675,12,282775
24837,0.059324,172.31.36.0-255,66,279741,12,282775
24838,0.05937,74.125.24.0-255,1484,281225,12,282775
24839,0.059386,74.125.24.0-255,1484,282709,12,282775
24840,0.059389,172.31.36.0-255,66,282775,12,282775
24841,0.0,172.217.194.0-255,153,153,12,264710
24842,2.6e-05,172.31.36.0-255,66,219,12,264710
24843,3.3e-05,172.217.194.0-255,1484,1703,12,264710
24844,3.8e-05,172.31.36.0-255,66,1769,12,264710
24845,4.3e-05,172.217.194.0-255,2902,4671,12,264710
24846,4.5e-05,172.31.36.0-255,66,4737,12,264710
24847,6.7e-05,172.217.194.0-255,1484,6221,12,264710
24848,6.9e-05,172.31.36.0-255,66,6287,12,264710
24849,7.4e-05,172.217.194.0-255,2902,9189,12,264710
24850,7.7e-05,172.31.36.0-255,66,9255,12,264710
24851,0.000104,172.217.194.0-255,4892,14147,12,264710
24852,0.000108,172.31.36.0-255,66,14213,12,264710
24853,0.000206,172.217.194.0-255,1484,15697,12,264710
24854,0.000209,172.31.36.0-255,66,15763,12,264710
24855,0.000215,172.217.194.0-255,2902,18665,12,264710
24856,0.000217,172.31.36.0-255,66,18731,12,264710
24857,0.00022,172.217.194.0-255,1484,20215,12,264710
24858,0.000223,172.31.36.0-255,66,20281,12,264710
24859,0.000255,172.217.194.0-255,4320,24601,12,264710
24860,0.000258,172.31.36.0-255,66,24667,12,264710
24861,0.000266,172.217.194.0-255,6797,31464,12,264710
24862,0.000268,172.31.36.0-255,66,31530,12,264710
24863,0.000275,172.217.194.0-255,5738,37268,12,264710
24864,0.000278,172.31.36.0-255,66,37334,12,264710
24865,0.000315,172.31.36.0-255,66,37400,12,264710
24866,0.000322,172.217.194.0-255,5738,43138,12,264710
24867,0.000324,172.31.36.0-255,66,43204,12,264710
24868,0.000352,172.217.194.0-255,5738,48942,12,264710
24869,0.000355,172.31.36.0-255,66,49008,12,264710
24870,0.000386,172.31.36.0-255,66,49074,12,264710
24871,0.000389,172.217.194.0-255,676,49750,12,264710
24872,0.000732,172.217.194.0-255,1484,51234,12,264710
24873,0.000737,172.31.36.0-255,66,51300,12,264710
24874,0.000757,172.217.194.0-255,2902,54202,12,264710
24875,0.00076,172.217.194.0-255,1484,55686,12,264710
24876,0.000767,172.31.36.0-255,66,55752,12,264710
24877,0.000777,172.217.194.0-255,4320,60072,12,264710
24878,0.000785,172.31.36.0-255,66,60138,12,264710
24879,0.000797,172.217.194.0-255,2902,63040,12,264710
24880,0.00081,172.31.36.0-255,66,63106,12,264710
24881,0.000813,172.217.194.0-255,7156,70262,12,264710
24882,0.000828,172.31.36.0-255,66,70328,12,264710
24883,0.000831,172.217.194.0-255,2902,73230,12,264710
24884,0.000842,172.217.194.0-255,766,73996,12,264710
24885,0.000843,172.31.36.0-255,66,74062,12,264710
24886,0.001169,172.31.36.0-255,66,74128,12,264710
24887,0.002178,172.217.194.0-255,1484,75612,12,264710
24888,0.002188,172.217.194.0-255,2902,78514,12,264710
24889,0.002191,172.217.194.0-255,1484,79998,12,264710
24890,0.002209,172.217.194.0-255,2902,82900,12,264710
24891,0.002228,172.217.194.0-255,7156,90056,12,264710
24892,0.002238,172.217.194.0-255,1484,91540,12,264710
24893,0.002252,172.217.194.0-255,2902,94442,12,264710
24894,0.002306,172.217.194.0-255,1484,95926,12,264710
24895,0.002317,172.217.194.0-255,2902,98828,12,264710
24896,0.00233,172.217.194.0-255,1484,100312,12,264710
24897,0.002345,172.217.194.0-255,4320,104632,12,264710
24898,0.002348,172.217.194.0-255,1484,106116,12,264710
24899,0.002366,172.217.194.0-255,7156,113272,12,264710
24900,0.002391,172.217.194.0-255,2902,116174,12,264710
24901,0.002397,172.217.194.0-255,7156,123330,12,264710
24902,0.002402,172.217.194.0-255,5020,128350,12,264710
24903,0.002458,172.217.194.0-255,1484,129834,12,264710
24904,0.002476,172.217.194.0-255,2902,132736,12,264710
24905,0.002518,172.217.194.0-255,4320,137056,12,264710
24906,0.002528,172.217.194.0-255,1484,138540,12,264710
24907,0.002551,172.217.194.0-255,2902,141442,12,264710
24908,0.002555,172.217.194.0-255,2902,144344,12,264710
24909,0.002955,172.217.194.0-255,1484,145828,12,264710
24910,0.002967,172.217.194.0-255,2902,148730,12,264710
24911,0.002982,172.217.194.0-255,1484,150214,12,264710
24912,0.002998,172.217.194.0-255,4320,154534,12,264710
24913,0.003018,172.217.194.0-255,7156,161690,12,264710
24914,0.003032,172.217.194.0-255,5738,167428,12,264710
24915,0.003038,172.217.194.0-255,4320,171748,12,264710
24916,0.003054,172.217.194.0-255,2902,174650,12,264710
24917,0.00309,172.217.194.0-255,3602,178252,12,264710
24918,0.003211,172.217.194.0-255,1484,179736,12,264710
24919,0.003215,172.217.194.0-255,1484,181220,12,264710
24920,0.003237,172.217.194.0-255,1484,182704,12,264710
24921,0.003243,172.217.194.0-255,5738,188442,12,264710
24922,0.003295,172.217.194.0-255,1484,189926,12,264710
24923,0.003391,172.217.194.0-255,1484,191410,12,264710
24924,0.003396,172.217.194.0-255,1484,192894,12,264710
24925,0.003406,172.217.194.0-255,1484,194378,12,264710
24926,0.003429,172.217.194.0-255,5738,200116,12,264710
24927,0.003435,172.217.194.0-255,4320,204436,12,264710
24928,0.003462,172.217.194.0-255,1484,205920,12,264710
24929,0.003472,172.217.194.0-255,1484,207404,12,264710
24930,0.003514,172.217.194.0-255,6438,213842,12,264710
24931,0.003541,172.217.194.0-255,1484,215326,12,264710
24932,0.003556,172.217.194.0-255,7156,222482,12,264710
24933,0.003587,172.217.194.0-255,2902,225384,12,264710
24934,0.00366,172.217.194.0-255,2902,228286,12,264710
24935,0.003694,172.31.36.0-255,66,228352,12,264710
24936,0.003705,172.217.194.0-255,7156,235508,12,264710
24937,0.00373,172.217.194.0-255,5738,241246,12,264710
24938,0.003732,172.31.36.0-255,66,241312,12,264710
24939,0.003737,172.31.36.0-255,66,241378,12,264710
24940,0.003768,172.31.36.0-255,66,241444,12,264710
24941,0.003777,172.217.194.0-255,4320,245764,12,264710
24942,0.003786,172.31.36.0-255,66,245830,12,264710
24943,0.003793,172.217.194.0-255,4320,250150,12,264710
24944,0.003801,172.31.36.0-255,66,250216,12,264710
24945,0.003824,172.217.194.0-255,6277,256493,12,264710
24946,0.003828,172.217.194.0-255,105,256598,12,264710
24947,0.00383,172.31.36.0-255,66,256664,12,264710
24948,0.00614,172.31.36.0-255,66,256730,12,264710
24949,0.006168,172.31.36.0-255,105,256835,12,264710
24950,0.008122,172.217.194.0-255,66,256901,12,264710
24951,0.032938,172.31.36.0-255,210,257111,12,264710
24952,0.03297,172.31.36.0-255,1109,258220,12,264710
24953,0.033018,172.31.36.0-255,1514,259734,12,264710
24954,0.03302,172.31.36.0-255,1514,261248,12,264710
24955,0.033021,172.31.36.0-255,1514,262762,12,264710
24956,0.033022,172.31.36.0-255,1514,264276,12,264710
24957,0.033049,172.31.36.0-255,170,264446,12,264710
24958,0.034499,104.244.42.0-255,66,264512,12,264710
24959,0.034537,104.244.42.0-255,66,264578,12,264710
24960,0.034582,104.244.42.0-255,66,264644,12,264710
24961,0.034587,104.244.42.0-255,66,264710,12,264710
24962,0.0,172.31.36.0-255,105,105,12,105
24963,0.0,74.125.24.0-255,298,298,12,242594
24964,3.4e-05,172.31.36.0-255,66,364,12,242594
24965,4.1e-05,74.125.24.0-255,1484,1848,12,242594
24966,4.6e-05,172.31.36.0-255,66,1914,12,242594
24967,5.9e-05,74.125.24.0-255,4320,6234,12,242594
24968,6.3e-05,172.31.36.0-255,66,6300,12,242594
24969,6.8e-05,74.125.24.0-255,4320,10620,12,242594
24970,7.1e-05,172.31.36.0-255,66,10686,12,242594
24971,0.000103,74.125.24.0-255,3237,13923,12,242594
24972,0.000106,172.31.36.0-255,66,13989,12,242594
24973,0.000109,74.125.24.0-255,1484,15473,12,242594
24974,0.000111,172.31.36.0-255,66,15539,12,242594
24975,0.000131,74.125.24.0-255,2902,18441,12,242594
24976,0.000138,172.31.36.0-255,66,18507,12,242594
24977,0.000142,74.125.24.0-255,1484,19991,12,242594
24978,0.000145,172.31.36.0-255,66,20057,12,242594
24979,0.000187,172.31.36.0-255,66,20123,12,242594
24980,0.000191,74.125.24.0-255,2543,22666,12,242594
24981,0.000194,172.31.36.0-255,66,22732,12,242594
24982,0.000307,74.125.24.0-255,1484,24216,12,242594
24983,0.000312,172.31.36.0-255,66,24282,12,242594
24984,0.000316,74.125.24.0-255,2902,27184,12,242594
24985,0.000318,172.31.36.0-255,66,27250,12,242594
24986,0.000344,74.125.24.0-255,5738,32988,12,242594
24987,0.000348,74.125.24.0-255,2902,35890,12,242594
24988,0.00035,172.31.36.0-255,66,35956,12,242594
24989,0.000353,172.31.36.0-255,66,36022,12,242594
24990,0.000371,74.125.24.0-255,3961,39983,12,242594
24991,0.000374,172.31.36.0-255,66,40049,12,242594
24992,0.000405,74.125.24.0-255,1484,41533,12,242594
24993,0.000408,172.31.36.0-255,66,41599,12,242594
24994,0.000413,74.125.24.0-255,2902,44501,12,242594
24995,0.000418,172.31.36.0-255,66,44567,12,242594
24996,0.00042,74.125.24.0-255,4320,48887,12,242594
24997,0.000435,172.31.36.0-255,66,48953,12,242594
24998,0.000447,74.125.24.0-255,1484,50437,12,242594
24999,0.000456,74.125.24.0-255,2902,53339,12,242594
25000,0.000463,172.31.36.0-255,66,53405,12,242594
25001,0.000472,74.125.24.0-255,4294,57699,12,242594
25002,0.000482,172.31.36.0-255,66,57765,12,242594
25003,0.000581,74.125.24.0-255,108,57873,12,242594
25004,0.000586,74.125.24.0-255,332,58205,12,242594
25005,0.00094,172.31.36.0-255,66,58271,12,242594
25006,0.001225,74.125.24.0-255,1484,59755,12,242594
25007,0.001235,74.125.24.0-255,2902,62657,12,242594
25008,0.001239,172.31.36.0-255,66,62723,12,242594
25009,0.001247,74.125.24.0-255,5738,68461,12,242594
25010,0.001249,172.31.36.0-255,66,68527,12,242594
25011,0.001286,172.31.36.0-255,66,68593,12,242594
25012,0.001298,172.31.36.0-255,66,68659,12,242594
25013,0.001333,74.125.24.0-255,1484,70143,12,242594
25014,0.001344,74.125.24.0-255,5020,75163,12,242594
25015,0.001361,172.31.36.0-255,66,75229,12,242594
25016,0.003424,74.125.24.0-255,5738,80967,12,242594
25017,0.00343,172.31.36.0-255,66,81033,12,242594
25018,0.005512,74.125.24.0-255,5738,86771,12,242594
25019,0.005519,172.31.36.0-255,66,86837,12,242594
25020,0.007596,74.125.24.0-255,5738,92575,12,242594
25021,0.007602,172.31.36.0-255,66,92641,12,242594
25022,0.009651,74.125.24.0-255,5738,98379,12,242594
25023,0.009658,172.31.36.0-255,66,98445,12,242594
25024,0.011701,74.125.24.0-255,5738,104183,12,242594
25025,0.011708,172.31.36.0-255,66,104249,12,242594
25026,0.013805,74.125.24.0-255,5738,109987,12,242594
25027,0.013815,172.31.36.0-255,66,110053,12,242594
25028,0.01588,74.125.24.0-255,5738,115791,12,242594
25029,0.015887,172.31.36.0-255,66,115857,12,242594
25030,0.017982,74.125.24.0-255,5738,121595,12,242594
25031,0.01799,172.31.36.0-255,66,121661,12,242594
25032,0.020037,74.125.24.0-255,5738,127399,12,242594
25033,0.020044,172.31.36.0-255,66,127465,12,242594
25034,0.022137,74.125.24.0-255,5738,133203,12,242594
25035,0.022145,172.31.36.0-255,66,133269,12,242594
25036,0.024138,172.31.36.0-255,172,133441,12,242594
25037,0.024178,172.31.36.0-255,1109,134550,12,242594
25038,0.024219,74.125.24.0-255,5738,140288,12,242594
25039,0.024224,172.31.36.0-255,66,140354,12,242594
25040,0.024283,172.31.36.0-255,1514,141868,12,242594
25041,0.024285,172.31.36.0-255,1298,143166,12,242594
25042,0.025712,104.244.42.0-255,66,143232,12,242594
25043,0.025721,104.244.42.0-255,66,143298,12,242594
25044,0.025843,104.244.42.0-255,66,143364,12,242594
25045,0.026293,74.125.24.0-255,5738,149102,12,242594
25046,0.026301,172.31.36.0-255,66,149168,12,242594
25047,0.028397,74.125.24.0-255,5738,154906,12,242594
25048,0.028402,172.31.36.0-255,66,154972,12,242594
25049,0.030492,74.125.24.0-255,4320,159292,12,242594
25050,0.030498,172.31.36.0-255,66,159358,12,242594
25051,0.030533,74.125.24.0-255,1484,160842,12,242594
25052,0.032567,74.125.24.0-255,4320,165162,12,242594
25053,0.032572,172.31.36.0-255,66,165228,12,242594
25054,0.034616,74.125.24.0-255,2902,168130,12,242594
25055,0.034622,172.31.36.0-255,66,168196,12,242594
25056,0.034658,74.125.24.0-255,2902,171098,12,242594
25057,0.034661,172.31.36.0-255,66,171164,12,242594
25058,0.036652,74.125.24.0-255,2902,174066,12,242594
25059,0.036658,172.31.36.0-255,66,174132,12,242594
25060,0.03674,74.125.24.0-255,1484,175616,12,242594
25061,0.036754,74.125.24.0-255,1484,177100,12,242594
25062,0.036757,172.31.36.0-255,66,177166,12,242594
25063,0.038693,74.125.24.0-255,2902,180068,12,242594
25064,0.038698,172.31.36.0-255,66,180134,12,242594
25065,0.038814,74.125.24.0-255,2902,183036,12,242594
25066,0.038818,172.31.36.0-255,66,183102,12,242594
25067,0.040777,74.125.24.0-255,2902,186004,12,242594
25068,0.040782,172.31.36.0-255,66,186070,12,242594
25069,0.040851,74.125.24.0-255,2902,188972,12,242594
25070,0.040857,172.31.36.0-255,66,189038,12,242594
25071,0.042865,74.125.24.0-255,2902,191940,12,242594
25072,0.042869,172.31.36.0-255,66,192006,12,242594
25073,0.043007,74.125.24.0-255,2902,194908,12,242594
25074,0.043012,172.31.36.0-255,66,194974,12,242594
25075,0.044935,74.125.24.0-255,2902,197876,12,242594
25076,0.044939,172.31.36.0-255,66,197942,12,242594
25077,0.045074,74.125.24.0-255,2902,200844,12,242594
25078,0.045079,172.31.36.0-255,66,200910,12,242594
25079,0.046978,74.125.24.0-255,2902,203812,12,242594
25080,0.046984,172.31.36.0-255,66,203878,12,242594
25081,0.047125,74.125.24.0-255,2902,206780,12,242594
25082,0.047131,172.31.36.0-255,66,206846,12,242594
25083,0.049042,74.125.24.0-255,2902,209748,12,242594
25084,0.049047,172.31.36.0-255,66,209814,12,242594
25085,0.049193,74.125.24.0-255,1484,211298,12,242594
25086,0.04922,74.125.24.0-255,1484,212782,12,242594
25087,0.049224,172.31.36.0-255,66,212848,12,242594
25088,0.051149,74.125.24.0-255,1484,214332,12,242594
25089,0.051356,74.125.24.0-255,1484,215816,12,242594
25090,0.05136,172.31.36.0-255,66,215882,12,242594
25091,0.051389,74.125.24.0-255,2902,218784,12,242594
25092,0.051391,172.31.36.0-255,66,218850,12,242594
25093,0.053408,74.125.24.0-255,2902,221752,12,242594
25094,0.053413,172.31.36.0-255,66,221818,12,242594
25095,0.053465,74.125.24.0-255,2902,224720,12,242594
25096,0.053469,172.31.36.0-255,66,224786,12,242594
25097,0.055462,74.125.24.0-255,2902,227688,12,242594
25098,0.055467,172.31.36.0-255,66,227754,12,242594
25099,0.055508,74.125.24.0-255,2902,230656,12,242594
25100,0.055511,172.31.36.0-255,66,230722,12,242594
25101,0.057533,74.125.24.0-255,2902,233624,12,242594
25102,0.057537,172.31.36.0-255,66,233690,12,242594
25103,0.057577,74.125.24.0-255,2902,236592,12,242594
25104,0.057581,172.31.36.0-255,66,236658,12,242594
25105,0.059613,74.125.24.0-255,2902,239560,12,242594
25106,0.05962,172.31.36.0-255,66,239626,12,242594
25107,0.059653,74.125.24.0-255,2902,242528,12,242594
25108,0.059657,172.31.36.0-255,66,242594,12,242594
25109,0.0,172.217.194.0-255,153,153,12,220419
25110,2.5e-05,172.31.36.0-255,66,219,12,220419
25111,3.2e-05,172.217.194.0-255,1484,1703,12,220419
25112,3.8e-05,172.31.36.0-255,66,1769,12,220419
25113,5.1e-05,172.217.194.0-255,2902,4671,12,220419
25114,5.5e-05,172.31.36.0-255,66,4737,12,220419
25115,6.3e-05,172.217.194.0-255,7156,11893,12,220419
25116,6.6e-05,172.31.36.0-255,66,11959,12,220419
25117,7.1e-05,172.217.194.0-255,2040,13999,12,220419
25118,7.3e-05,172.31.36.0-255,66,14065,12,220419
25119,0.000106,172.217.194.0-255,2902,16967,12,220419
25120,0.00011,172.31.36.0-255,66,17033,12,220419
25121,0.000118,172.217.194.0-255,7156,24189,12,220419
25122,0.00012,172.31.36.0-255,66,24255,12,220419
25123,0.000128,172.217.194.0-255,1484,25739,12,220419
25124,0.00013,172.31.36.0-255,66,25805,12,220419
25125,0.000161,172.217.194.0-255,5379,31184,12,220419
25126,0.000165,172.31.36.0-255,66,31250,12,220419
25127,0.000204,172.217.194.0-255,1484,32734,12,220419
25128,0.000207,172.31.36.0-255,66,32800,12,220419
25129,0.000212,172.217.194.0-255,2902,35702,12,220419
25130,0.000214,172.31.36.0-255,66,35768,12,220419
25131,0.000219,172.217.194.0-255,2902,38670,12,220419
25132,0.000226,172.31.36.0-255,66,38736,12,220419
25133,0.000259,172.217.194.0-255,2902,41638,12,220419
25134,0.000262,172.31.36.0-255,66,41704,12,220419
25135,0.000269,172.217.194.0-255,5738,47442,12,220419
25136,0.000271,172.31.36.0-255,66,47508,12,220419
25137,0.000287,172.31.36.0-255,66,47574,12,220419
25138,0.000319,172.217.194.0-255,3961,51535,12,220419
25139,0.000322,172.31.36.0-255,66,51601,12,220419
25140,0.000328,172.217.194.0-255,3961,55562,12,220419
25141,0.00033,172.31.36.0-255,66,55628,12,220419
25142,0.000333,172.217.194.0-255,376,56004,12,220419
25143,0.000336,172.217.194.0-255,398,56402,12,220419
25144,0.00052,172.217.194.0-255,1484,57886,12,220419
25145,0.000526,172.31.36.0-255,66,57952,12,220419
25146,0.000532,172.217.194.0-255,2902,60854,12,220419
25147,0.000535,172.31.36.0-255,66,60920,12,220419
25148,0.000539,172.217.194.0-255,2902,63822,12,220419
25149,0.000542,172.31.36.0-255,66,63888,12,220419
25150,0.000571,172.217.194.0-255,2902,66790,12,220419
25151,0.000574,172.31.36.0-255,66,66856,12,220419
25152,0.000582,172.217.194.0-255,7156,74012,12,220419
25153,0.000584,172.31.36.0-255,66,74078,12,220419
25154,0.000608,172.217.194.0-255,5738,79816,12,220419
25155,0.000611,172.31.36.0-255,66,79882,12,220419
25156,0.000615,172.217.194.0-255,2902,82784,12,220419
25157,0.000617,172.31.36.0-255,66,82850,12,220419
25158,0.000653,172.31.36.0-255,66,82916,12,220419
25159,0.000947,172.217.194.0-255,1484,84400,12,220419
25160,0.000952,172.217.194.0-255,2902,87302,12,220419
25161,0.000962,172.31.36.0-255,66,87368,12,220419
25162,0.00097,172.217.194.0-255,5738,93106,12,220419
25163,0.000973,172.31.36.0-255,66,93172,12,220419
25164,0.001015,172.31.36.0-255,66,93238,12,220419
25165,0.001022,172.217.194.0-255,7156,100394,12,220419
25166,0.001025,172.31.36.0-255,66,100460,12,220419
25167,0.001065,172.217.194.0-255,3602,104062,12,220419
25168,0.001069,172.31.36.0-255,66,104128,12,220419
25169,0.001104,172.217.194.0-255,1484,105612,12,220419
25170,0.001109,172.217.194.0-255,2902,108514,12,220419
25171,0.001111,172.31.36.0-255,66,108580,12,220419
25172,0.001118,172.217.194.0-255,5738,114318,12,220419
25173,0.001121,172.31.36.0-255,66,114384,12,220419
25174,0.001162,172.217.194.0-255,1484,115868,12,220419
25175,0.001194,172.31.36.0-255,66,115934,12,220419
25176,0.001211,172.31.36.0-255,66,116000,12,220419
25177,0.001219,172.217.194.0-255,7156,123156,12,220419
25178,0.001221,172.31.36.0-255,66,123222,12,220419
25179,0.001247,172.217.194.0-255,7156,130378,12,220419
25180,0.001254,172.31.36.0-255,66,130444,12,220419
25181,0.00126,172.217.194.0-255,4320,134764,12,220419
25182,0.001263,172.31.36.0-255,66,134830,12,220419
25183,0.001309,172.31.36.0-255,66,134896,12,220419
25184,0.001314,172.217.194.0-255,3602,138498,12,220419
25185,0.001316,172.31.36.0-255,66,138564,12,220419
25186,0.001337,172.31.36.0-255,66,138630,12,220419
25187,0.001351,172.31.36.0-255,66,138696,12,220419
25188,0.00139,172.31.36.0-255,66,138762,12,220419
25189,0.001407,172.217.194.0-255,1484,140246,12,220419
25190,0.001436,172.31.36.0-255,66,140312,12,220419
25191,0.001454,172.31.36.0-255,66,140378,12,220419
25192,0.001465,172.217.194.0-255,1484,141862,12,220419
25193,0.00148,172.217.194.0-255,1484,143346,12,220419
25194,0.001482,172.31.36.0-255,66,143412,12,220419
25195,0.001488,172.217.194.0-255,4320,147732,12,220419
25196,0.001491,172.31.36.0-255,66,147798,12,220419
25197,0.001496,172.217.194.0-255,2902,150700,12,220419
25198,0.001503,172.31.36.0-255,66,150766,12,220419
25199,0.001527,172.217.194.0-255,5738,156504,12,220419
25200,0.00153,172.31.36.0-255,66,156570,12,220419
25201,0.001549,172.31.36.0-255,66,156636,12,220419
25202,0.001581,172.217.194.0-255,3602,160238,12,220419
25203,0.001583,172.31.36.0-255,66,160304,12,220419
25204,0.001606,172.217.194.0-255,1484,161788,12,220419
25205,0.001609,172.217.194.0-255,1484,163272,12,220419
25206,0.001611,172.31.36.0-255,66,163338,12,220419
25207,0.001628,172.217.194.0-255,1484,164822,12,220419
25208,0.001633,172.217.194.0-255,2902,167724,12,220419
25209,0.001635,172.31.36.0-255,66,167790,12,220419
25210,0.001654,172.217.194.0-255,2902,170692,12,220419
25211,0.001656,172.31.36.0-255,66,170758,12,220419
25212,0.001664,172.217.194.0-255,7156,177914,12,220419
25213,0.001666,172.31.36.0-255,66,177980,12,220419
25214,0.001686,172.217.194.0-255,5738,183718,12,220419
25215,0.001688,172.31.36.0-255,66,183784,12,220419
25216,0.001728,172.217.194.0-255,2902,186686,12,220419
25217,0.001731,172.31.36.0-255,66,186752,12,220419
25218,0.001765,172.31.36.0-255,66,186818,12,220419
25219,0.001799,172.217.194.0-255,1484,188302,12,220419
25220,0.001804,172.217.194.0-255,2902,191204,12,220419
25221,0.001807,172.31.36.0-255,66,191270,12,220419
25222,0.00181,172.217.194.0-255,1484,192754,12,220419
25223,0.00184,172.217.194.0-255,4320,197074,12,220419
25224,0.001843,172.31.36.0-255,66,197140,12,220419
25225,0.001849,172.217.194.0-255,5738,202878,12,220419
25226,0.001852,172.31.36.0-255,66,202944,12,220419
25227,0.001868,172.31.36.0-255,66,203010,12,220419
25228,0.001893,172.217.194.0-255,2902,205912,12,220419
25229,0.001895,172.31.36.0-255,66,205978,12,220419
25230,0.001908,172.31.36.0-255,66,206044,12,220419
25231,0.001924,172.31.36.0-255,66,206110,12,220419
25232,0.001974,172.31.36.0-255,66,206176,12,220419
25233,0.002004,172.217.194.0-255,1484,207660,12,220419
25234,0.002009,172.217.194.0-255,2902,210562,12,220419
25235,0.002011,172.31.36.0-255,66,210628,12,220419
25236,0.002044,172.217.194.0-255,5092,215720,12,220419
25237,0.002047,172.31.36.0-255,66,215786,12,220419
25238,0.00205,172.217.194.0-255,105,215891,12,220419
25239,0.009414,172.31.36.0-255,66,215957,12,220419
25240,0.009464,172.31.36.0-255,105,216062,12,220419
25241,0.011433,172.217.194.0-255,66,216128,12,220419
25242,0.035808,172.31.36.0-255,172,216300,12,220419
25243,0.035844,172.31.36.0-255,1108,217408,12,220419
25244,0.035906,172.31.36.0-255,1514,218922,12,220419
25245,0.035908,172.31.36.0-255,1299,220221,12,220419
25246,0.037353,104.244.42.0-255,66,220287,12,220419
25247,0.037394,104.244.42.0-255,66,220353,12,220419
25248,0.037436,104.244.42.0-255,66,220419,12,220419
25249,0.0,74.125.68.0-255,153,153,12,248002
25250,2.8e-05,172.31.36.0-255,66,219,12,248002
25251,3.5e-05,74.125.68.0-255,1484,1703,12,248002
25252,4e-05,172.31.36.0-255,66,1769,12,248002
25253,4.5e-05,74.125.68.0-255,2902,4671,12,248002
25254,4.8e-05,172.31.36.0-255,66,4737,12,248002
25255,6.3e-05,74.125.68.0-255,5738,10475,12,248002
25256,6.5e-05,172.31.36.0-255,66,10541,12,248002
25257,6.8e-05,74.125.68.0-255,1484,12025,12,248002
25258,7.1e-05,172.31.36.0-255,66,12091,12,248002
25259,0.000109,74.125.68.0-255,4924,17015,12,248002
25260,0.000113,172.31.36.0-255,66,17081,12,248002
25261,0.00012,74.125.68.0-255,7156,24237,12,248002
25262,0.000123,172.31.36.0-255,66,24303,12,248002
25263,0.000147,74.125.68.0-255,5738,30041,12,248002
25264,0.00015,172.31.36.0-255,66,30107,12,248002
25265,0.000178,74.125.68.0-255,1125,31232,12,248002
25266,0.000182,172.31.36.0-255,66,31298,12,248002
25267,0.000225,74.125.68.0-255,1484,32782,12,248002
25268,0.000228,172.31.36.0-255,66,32848,12,248002
25269,0.000232,74.125.68.0-255,1484,34332,12,248002
25270,0.000235,172.31.36.0-255,66,34398,12,248002
25271,0.000263,74.125.68.0-255,1484,35882,12,248002
25272,0.000267,172.31.36.0-255,66,35948,12,248002
25273,0.000273,74.125.68.0-255,4320,40268,12,248002
25274,0.000276,172.31.36.0-255,66,40334,12,248002
25275,0.00031,74.125.68.0-255,7156,47490,12,248002
25276,0.000314,172.31.36.0-255,66,47556,12,248002
25277,0.00034,74.125.68.0-255,2543,50099,12,248002
25278,0.000343,172.31.36.0-255,66,50165,12,248002
25279,0.00035,74.125.68.0-255,7156,57321,12,248002
25280,0.000354,172.31.36.0-255,66,57387,12,248002
25281,0.000399,172.31.36.0-255,66,57453,12,248002
25282,0.000402,74.125.68.0-255,125,57578,12,248002
25283,0.000445,74.125.68.0-255,1484,59062,12,248002
25284,0.000449,172.31.36.0-255,66,59128,12,248002
25285,0.000453,74.125.68.0-255,1484,60612,12,248002
25286,0.000483,74.125.68.0-255,2902,63514,12,248002
25287,0.000488,172.31.36.0-255,66,63580,12,248002
25288,0.000489,74.125.68.0-255,5738,69318,12,248002
25289,0.000492,172.31.36.0-255,66,69384,12,248002
25290,0.000543,172.31.36.0-255,66,69450,12,248002
25291,0.000555,172.31.36.0-255,66,69516,12,248002
25292,0.00056,74.125.68.0-255,3602,73118,12,248002
25293,0.000563,172.31.36.0-255,66,73184,12,248002
25294,0.000636,74.125.68.0-255,1484,74668,12,248002
25295,0.000642,74.125.68.0-255,2902,77570,12,248002
25296,0.000646,172.31.36.0-255,66,77636,12,248002
25297,0.000674,74.125.68.0-255,2902,80538,12,248002
25298,0.000678,172.31.36.0-255,66,80604,12,248002
25299,0.000683,74.125.68.0-255,4320,84924,12,248002
25300,0.000685,172.31.36.0-255,66,84990,12,248002
25301,0.000745,172.31.36.0-255,66,85056,12,248002
25302,0.000752,74.125.68.0-255,7156,92212,12,248002
25303,0.000754,172.31.36.0-255,66,92278,12,248002
25304,0.000788,74.125.68.0-255,6138,98416,12,248002
25305,0.000792,172.31.36.0-255,66,98482,12,248002
25306,0.00099,74.125.68.0-255,1484,99966,12,248002
25307,0.000994,74.125.68.0-255,1484,101450,12,248002
25308,0.000998,172.31.36.0-255,66,101516,12,248002
25309,0.001014,74.125.68.0-255,1484,103000,12,248002
25310,0.00102,74.125.68.0-255,4320,107320,12,248002
25311,0.001023,172.31.36.0-255,66,107386,12,248002
25312,0.001027,74.125.68.0-255,2902,110288,12,248002
25313,0.001029,172.31.36.0-255,66,110354,12,248002
25314,0.001059,74.125.68.0-255,2902,113256,12,248002
25315,0.001062,172.31.36.0-255,66,113322,12,248002
25316,0.001076,172.31.36.0-255,66,113388,12,248002
25317,0.001081,74.125.68.0-255,4320,117708,12,248002
25318,0.001083,172.31.36.0-255,66,117774,12,248002
25319,0.001119,74.125.68.0-255,3602,121376,12,248002
25320,0.001124,172.31.36.0-255,66,121442,12,248002
25321,0.001237,74.125.68.0-255,1484,122926,12,248002
25322,0.00125,74.125.68.0-255,2902,125828,12,248002
25323,0.001254,172.31.36.0-255,66,125894,12,248002
25324,0.001273,74.125.68.0-255,5738,131632,12,248002
25325,0.001276,172.31.36.0-255,66,131698,12,248002
25326,0.001302,74.125.68.0-255,7156,138854,12,248002
25327,0.001306,172.31.36.0-255,66,138920,12,248002
25328,0.001334,74.125.68.0-255,1484,140404,12,248002
25329,0.001345,74.125.68.0-255,1484,141888,12,248002
25330,0.001348,172.31.36.0-255,66,141954,12,248002
25331,0.001388,172.31.36.0-255,66,142020,12,248002
25332,0.001395,172.31.36.0-255,66,142086,12,248002
25333,0.001438,74.125.68.0-255,2184,144270,12,248002
25334,0.001442,172.31.36.0-255,66,144336,12,248002
25335,0.001457,172.31.36.0-255,66,144402,12,248002
25336,0.001463,74.125.68.0-255,7156,151558,12,248002
25337,0.001466,172.31.36.0-255,66,151624,12,248002
25338,0.001476,172.31.36.0-255,66,151690,12,248002
25339,0.00148,74.125.68.0-255,4320,156010,12,248002
25340,0.001483,172.31.36.0-255,66,156076,12,248002
25341,0.001489,74.125.68.0-255,5738,161814,12,248002
25342,0.001491,172.31.36.0-255,66,161880,12,248002
25343,0.001541,172.31.36.0-255,66,161946,12,248002
25344,0.001546,74.125.68.0-255,2902,164848,12,248002
25345,0.001548,172.31.36.0-255,66,164914,12,248002
25346,0.001596,172.31.36.0-255,66,164980,12,248002
25347,0.001625,74.125.68.0-255,5020,170000,12,248002
25348,0.001629,172.31.36.0-255,66,170066,12,248002
25349,0.001643,172.31.36.0-255,66,170132,12,248002
25350,0.001648,74.125.68.0-255,4320,174452,12,248002
25351,0.001651,172.31.36.0-255,66,174518,12,248002
25352,0.001657,74.125.68.0-255,5020,179538,12,248002
25353,0.001659,172.31.36.0-255,66,179604,12,248002
25354,0.001733,172.31.36.0-255,66,179670,12,248002
25355,0.001756,172.31.36.0-255,66,179736,12,248002
25356,0.001767,172.31.36.0-255,66,179802,12,248002
25357,0.001772,74.125.68.0-255,4320,184122,12,248002
25358,0.001796,74.125.68.0-255,5020,189142,12,248002
25359,0.001801,74.125.68.0-255,4320,193462,12,248002
25360,0.001844,74.125.68.0-255,5738,199200,12,248002
25361,0.001891,74.125.68.0-255,5738,204938,12,248002
25362,0.001906,74.125.68.0-255,2184,207122,12,248002
25363,0.001914,74.125.68.0-255,7156,214278,12,248002
25364,0.001925,74.125.68.0-255,1484,215762,12,248002
25365,0.001948,74.125.68.0-255,2902,218664,12,248002
25366,0.001961,74.125.68.0-255,4320,222984,12,248002
25367,0.001975,74.125.68.0-255,4320,227304,12,248002
25368,0.005767,172.31.36.0-255,66,227370,12,248002
25369,0.007719,74.125.68.0-255,5738,233108,12,248002
25370,0.007725,172.31.36.0-255,66,233174,12,248002
25371,0.009671,74.125.68.0-255,3933,237107,12,248002
25372,0.009677,172.31.36.0-255,66,237173,12,248002
25373,0.010177,172.31.36.0-255,105,237278,12,248002
25374,0.0121,74.125.68.0-255,66,237344,12,248002
25375,0.03348,172.31.36.0-255,172,237516,12,248002
25376,0.033511,172.31.36.0-255,1109,238625,12,248002
25377,0.033563,172.31.36.0-255,1514,240139,12,248002
25378,0.033565,172.31.36.0-255,1514,241653,12,248002
25379,0.033566,172.31.36.0-255,1514,243167,12,248002
25380,0.033567,172.31.36.0-255,1514,244681,12,248002
25381,0.033598,172.31.36.0-255,1514,246195,12,248002
25382,0.0336,172.31.36.0-255,1261,247456,12,248002
25383,0.034999,104.244.42.0-255,66,247522,12,248002
25384,0.035011,104.244.42.0-255,66,247588,12,248002
25385,0.035097,104.244.42.0-255,66,247654,12,248002
25386,0.035101,104.244.42.0-255,66,247720,12,248002
25387,0.035813,104.244.42.0-255,108,247828,12,248002
25388,0.035836,172.31.36.0-255,66,247894,12,248002
25389,0.054051,172.31.36.0-255,108,248002,12,248002
25390,0.0,74.125.130.0-255,153,153,12,224308
25391,3.5e-05,172.31.36.0-255,66,219,12,224308
25392,4.1e-05,74.125.130.0-255,1484,1703,12,224308
25393,4.4e-05,172.31.36.0-255,66,1769,12,224308
25394,4.9e-05,74.125.130.0-255,2902,4671,12,224308
25395,5.2e-05,172.31.36.0-255,66,4737,12,224308
25396,7.4e-05,74.125.130.0-255,5738,10475,12,224308
25397,7.7e-05,172.31.36.0-255,66,10541,12,224308
25398,0.00013,74.125.130.0-255,3467,14008,12,224308
25399,0.000134,172.31.36.0-255,66,14074,12,224308
25400,0.000295,74.125.130.0-255,1484,15558,12,224308
25401,0.000301,172.31.36.0-255,66,15624,12,224308
25402,0.000306,74.125.130.0-255,2902,18526,12,224308
25403,0.000308,172.31.36.0-255,66,18592,12,224308
25404,0.000333,74.125.130.0-255,4320,22912,12,224308
25405,0.000337,172.31.36.0-255,66,22978,12,224308
25406,0.00034,74.125.130.0-255,1484,24462,12,224308
25407,0.000342,172.31.36.0-255,66,24528,12,224308
25408,0.000362,74.125.130.0-255,4320,28848,12,224308
25409,0.000365,172.31.36.0-255,66,28914,12,224308
25410,0.000389,172.31.36.0-255,66,28980,12,224308
25411,0.000411,74.125.130.0-255,4320,33300,12,224308
25412,0.000414,172.31.36.0-255,66,33366,12,224308
25413,0.00044,74.125.130.0-255,4320,37686,12,224308
25414,0.000444,172.31.36.0-255,66,37752,12,224308
25415,0.000457,172.31.36.0-255,66,37818,12,224308
25416,0.000479,74.125.130.0-255,5738,43556,12,224308
25417,0.000482,172.31.36.0-255,66,43622,12,224308
25418,0.000506,74.125.130.0-255,3602,47224,12,224308
25419,0.000509,74.125.130.0-255,374,47598,12,224308
25420,0.00051,172.31.36.0-255,66,47664,12,224308
25421,0.000555,74.125.130.0-255,370,48034,12,224308
25422,0.000758,172.31.36.0-255,66,48100,12,224308
25423,0.0022,74.125.130.0-255,1484,49584,12,224308
25424,0.002206,74.125.130.0-255,1484,51068,12,224308
25425,0.00221,172.31.36.0-255,66,51134,12,224308
25426,0.002233,74.125.130.0-255,1484,52618,12,224308
25427,0.002238,74.125.130.0-255,5738,58356,12,224308
25428,0.00224,172.31.36.0-255,66,58422,12,224308
25429,0.002245,74.125.130.0-255,4320,62742,12,224308
25430,0.002246,172.31.36.0-255,66,62808,12,224308
25431,0.002277,74.125.130.0-255,2902,65710,12,224308
25432,0.002278,172.31.36.0-255,66,65776,12,224308
25433,0.002295,74.125.130.0-255,2902,68678,12,224308
25434,0.002297,172.31.36.0-255,66,68744,12,224308
25435,0.002301,74.125.130.0-255,2902,71646,12,224308
25436,0.002302,172.31.36.0-255,66,71712,12,224308
25437,0.002305,74.125.130.0-255,2902,74614,12,224308
25438,0.002307,172.31.36.0-255,66,74680,12,224308
25439,0.002324,74.125.130.0-255,1484,76164,12,224308
25440,0.004591,74.125.130.0-255,4320,80484,12,224308
25441,0.0046,172.31.36.0-255,66,80550,12,224308
25442,0.006886,74.125.130.0-255,5738,86288,12,224308
25443,0.006893,172.31.36.0-255,66,86354,12,224308
25444,0.009184,74.125.130.0-255,5738,92092,12,224308
25445,0.009191,172.31.36.0-255,66,92158,12,224308
25446,0.011477,74.125.130.0-255,5738,97896,12,224308
25447,0.011487,172.31.36.0-255,66,97962,12,224308
25448,0.013779,74.125.130.0-255,5738,103700,12,224308
25449,0.013786,172.31.36.0-255,66,103766,12,224308
25450,0.016083,74.125.130.0-255,5738,109504,12,224308
25451,0.016092,172.31.36.0-255,66,109570,12,224308
25452,0.018391,74.125.130.0-255,5738,115308,12,224308
25453,0.0184,172.31.36.0-255,66,115374,12,224308
25454,0.018957,172.31.36.0-255,176,115550,12,224308
25455,0.018995,172.31.36.0-255,1106,116656,12,224308
25456,0.019056,172.31.36.0-255,1514,118170,12,224308
25457,0.019058,172.31.36.0-255,1301,119471,12,224308
25458,0.020467,104.244.42.0-255,66,119537,12,224308
25459,0.02056,104.244.42.0-255,66,119603,12,224308
25460,0.020604,104.244.42.0-255,66,119669,12,224308
25461,0.020694,74.125.130.0-255,5738,125407,12,224308
25462,0.020698,172.31.36.0-255,66,125473,12,224308
25463,0.023008,74.125.130.0-255,5738,131211,12,224308
25464,0.023018,172.31.36.0-255,66,131277,12,224308
25465,0.025319,74.125.130.0-255,5738,137015,12,224308
25466,0.025326,172.31.36.0-255,66,137081,12,224308
25467,0.027616,74.125.130.0-255,5738,142819,12,224308
25468,0.027622,172.31.36.0-255,66,142885,12,224308
25469,0.029916,74.125.130.0-255,5738,148623,12,224308
25470,0.029923,172.31.36.0-255,66,148689,12,224308
25471,0.032218,74.125.130.0-255,5738,154427,12,224308
25472,0.032224,172.31.36.0-255,66,154493,12,224308
25473,0.034499,74.125.130.0-255,5738,160231,12,224308
25474,0.034505,172.31.36.0-255,66,160297,12,224308
25475,0.036799,74.125.130.0-255,5738,166035,12,224308
25476,0.036809,172.31.36.0-255,66,166101,12,224308
25477,0.039105,74.125.130.0-255,5738,171839,12,224308
25478,0.03911,172.31.36.0-255,66,171905,12,224308
25479,0.041395,74.125.130.0-255,5738,177643,12,224308
25480,0.041403,172.31.36.0-255,66,177709,12,224308
25481,0.043695,74.125.130.0-255,5738,183447,12,224308
25482,0.043701,172.31.36.0-255,66,183513,12,224308
25483,0.045991,74.125.130.0-255,5738,189251,12,224308
25484,0.045998,172.31.36.0-255,66,189317,12,224308
25485,0.048282,74.125.130.0-255,5738,195055,12,224308
25486,0.048288,172.31.36.0-255,66,195121,12,224308
25487,0.04882,172.31.36.0-255,101,195222,12,224308
25488,0.050574,74.125.130.0-255,5738,200960,12,224308
25489,0.05058,172.31.36.0-255,66,201026,12,224308
25490,0.051061,74.125.130.0-255,66,201092,12,224308
25491,0.052908,74.125.130.0-255,5738,206830,12,224308
25492,0.052917,172.31.36.0-255,66,206896,12,224308
25493,0.055211,74.125.130.0-255,5738,212634,12,224308
25494,0.055218,172.31.36.0-255,66,212700,12,224308
25495,0.057518,74.125.130.0-255,5738,218438,12,224308
25496,0.057525,172.31.36.0-255,66,218504,12,224308
25497,0.05982,74.125.130.0-255,5738,224242,12,224308
25498,0.059826,172.31.36.0-255,66,224308,12,224308
25499,0.0,172.217.194.0-255,147,147,12,231214
25500,2.2e-05,172.31.36.0-255,66,213,12,231214
25501,3e-05,172.217.194.0-255,1484,1697,12,231214
25502,3.5e-05,172.31.36.0-255,66,1763,12,231214
25503,4e-05,172.217.194.0-255,2902,4665,12,231214
25504,4.3e-05,172.31.36.0-255,66,4731,12,231214
25505,5.2e-05,172.217.194.0-255,5738,10469,12,231214
25506,5.4e-05,172.31.36.0-255,66,10535,12,231214
25507,7.3e-05,172.217.194.0-255,1484,12019,12,231214
25508,7.7e-05,172.31.36.0-255,66,12085,12,231214
25509,8.2e-05,172.217.194.0-255,2031,14116,12,231214
25510,8.4e-05,172.31.36.0-255,66,14182,12,231214
25511,0.00013,172.31.36.0-255,66,14248,12,231214
25512,0.000137,172.217.194.0-255,5379,19627,12,231214
25513,0.00014,172.31.36.0-255,66,19693,12,231214
25514,0.000182,172.217.194.0-255,1484,21177,12,231214
25515,0.000185,172.31.36.0-255,66,21243,12,231214
25516,0.000192,172.217.194.0-255,2902,24145,12,231214
25517,0.000194,172.31.36.0-255,66,24211,12,231214
25518,0.000201,172.217.194.0-255,5738,29949,12,231214
25519,0.000204,172.31.36.0-255,66,30015,12,231214
25520,0.000208,172.217.194.0-255,2902,32917,12,231214
25521,0.000211,172.31.36.0-255,66,32983,12,231214
25522,0.000234,172.217.194.0-255,2902,35885,12,231214
25523,0.000237,172.31.36.0-255,66,35951,12,231214
25524,0.000257,172.217.194.0-255,1125,37076,12,231214
25525,0.00026,172.31.36.0-255,66,37142,12,231214
25526,0.000726,172.217.194.0-255,1484,38626,12,231214
25527,0.000732,172.31.36.0-255,66,38692,12,231214
25528,0.000739,172.217.194.0-255,2902,41594,12,231214
25529,0.000741,172.31.36.0-255,66,41660,12,231214
25530,0.000747,172.217.194.0-255,5738,47398,12,231214
25531,0.000748,172.31.36.0-255,66,47464,12,231214
25532,0.000779,172.217.194.0-255,4320,51784,12,231214
25533,0.000782,172.31.36.0-255,66,51850,12,231214
25534,0.000801,172.217.194.0-255,2855,54705,12,231214
25535,0.000804,172.31.36.0-255,66,54771,12,231214
25536,0.001482,172.217.194.0-255,366,55137,12,231214
25537,0.001514,172.217.194.0-255,1484,56621,12,231214
25538,0.00152,172.31.36.0-255,66,56687,12,231214
25539,0.001527,172.217.194.0-255,4320,61007,12,231214
25540,0.001529,172.31.36.0-255,66,61073,12,231214
25541,0.00157,172.31.36.0-255,66,61139,12,231214
25542,0.001573,172.217.194.0-255,1484,62623,12,231214
25543,0.001624,172.31.36.0-255,66,62689,12,231214
25544,0.001643,172.217.194.0-255,5020,67709,12,231214
25545,0.001646,172.31.36.0-255,66,67775,12,231214
25546,0.003675,172.217.194.0-255,5738,73513,12,231214
25547,0.003681,172.31.36.0-255,66,73579,12,231214
25548,0.005718,172.217.194.0-255,5738,79317,12,231214
25549,0.005726,172.31.36.0-255,66,79383,12,231214
25550,0.007777,172.217.194.0-255,5738,85121,12,231214
25551,0.00779,172.31.36.0-255,66,85187,12,231214
25552,0.00983,172.217.194.0-255,5738,90925,12,231214
25553,0.009844,172.31.36.0-255,66,90991,12,231214
25554,0.011889,172.217.194.0-255,5738,96729,12,231214
25555,0.011902,172.31.36.0-255,66,96795,12,231214
25556,0.013961,172.217.194.0-255,5738,102533,12,231214
25557,0.013973,172.31.36.0-255,66,102599,12,231214
25558,0.016001,172.217.194.0-255,5738,108337,12,231214
25559,0.016009,172.31.36.0-255,66,108403,12,231214
25560,0.01804,172.217.194.0-255,5738,114141,12,231214
25561,0.018048,172.31.36.0-255,66,114207,12,231214
25562,0.020086,172.217.194.0-255,5738,119945,12,231214
25563,0.020093,172.31.36.0-255,66,120011,12,231214
25564,0.02214,172.217.194.0-255,5738,125749,12,231214
25565,0.022148,172.31.36.0-255,66,125815,12,231214
25566,0.024186,172.217.194.0-255,5738,131553,12,231214
25567,0.024194,172.31.36.0-255,66,131619,12,231214
25568,0.026209,172.217.194.0-255,5738,137357,12,231214
25569,0.026215,172.31.36.0-255,66,137423,12,231214
25570,0.026613,172.31.36.0-255,199,137622,12,231214
25571,0.026654,172.31.36.0-255,1107,138729,12,231214
25572,0.026731,172.31.36.0-255,577,139306,12,231214
25573,0.028171,104.244.42.0-255,66,139372,12,231214
25574,0.028208,104.244.42.0-255,66,139438,12,231214
25575,0.028216,172.217.194.0-255,5738,145176,12,231214
25576,0.028221,172.31.36.0-255,66,145242,12,231214
25577,0.028267,104.244.42.0-255,66,145308,12,231214
25578,0.030263,172.217.194.0-255,5738,151046,12,231214
25579,0.030268,172.31.36.0-255,66,151112,12,231214
25580,0.032284,172.217.194.0-255,5738,156850,12,231214
25581,0.032289,172.31.36.0-255,66,156916,12,231214
25582,0.034319,172.217.194.0-255,5738,162654,12,231214
25583,0.034325,172.31.36.0-255,66,162720,12,231214
25584,0.036347,172.217.194.0-255,5738,168458,12,231214
25585,0.036353,172.31.36.0-255,66,168524,12,231214
25586,0.038363,172.217.194.0-255,5738,174262,12,231214
25587,0.038369,172.31.36.0-255,66,174328,12,231214
25588,0.040389,172.217.194.0-255,5738,180066,12,231214
25589,0.040394,172.31.36.0-255,66,180132,12,231214
25590,0.042426,172.217.194.0-255,2902,183034,12,231214
25591,0.042432,172.31.36.0-255,66,183100,12,231214
25592,0.042454,172.217.194.0-255,2902,186002,12,231214
25593,0.042457,172.31.36.0-255,66,186068,12,231214
25594,0.044447,172.217.194.0-255,5738,191806,12,231214
25595,0.044453,172.31.36.0-255,66,191872,12,231214
25596,0.046499,172.217.194.0-255,4320,196192,12,231214
25597,0.046504,172.31.36.0-255,66,196258,12,231214
25598,0.046528,172.217.194.0-255,1484,197742,12,231214
25599,0.048525,172.217.194.0-255,4320,202062,12,231214
25600,0.04853,172.31.36.0-255,66,202128,12,231214
25601,0.050584,172.217.194.0-255,5738,207866,12,231214
25602,0.050588,172.31.36.0-255,66,207932,12,231214
25603,0.052612,172.217.194.0-255,5738,213670,12,231214
25604,0.052616,172.31.36.0-255,66,213736,12,231214
25605,0.054678,172.217.194.0-255,5738,219474,12,231214
25606,0.054682,172.31.36.0-255,66,219540,12,231214
25607,0.056738,172.217.194.0-255,5738,225278,12,231214
25608,0.056744,172.31.36.0-255,66,225344,12,231214
25609,0.05877,172.217.194.0-255,4320,229664,12,231214
25610,0.058774,172.31.36.0-255,66,229730,12,231214
25611,0.058803,172.217.194.0-255,1484,231214,12,231214
25612,0.0,74.125.24.0-255,153,153,12,300217
25613,2.2e-05,172.31.36.0-255,66,219,12,300217
25614,3e-05,74.125.24.0-255,1484,1703,12,300217
25615,3.4e-05,172.31.36.0-255,66,1769,12,300217
25616,4e-05,74.125.24.0-255,2902,4671,12,300217
25617,4.3e-05,172.31.36.0-255,66,4737,12,300217
25618,4.8e-05,74.125.24.0-255,2902,7639,12,300217
25619,5.1e-05,172.31.36.0-255,66,7705,12,300217
25620,5.8e-05,74.125.24.0-255,4320,12025,12,300217
25621,6e-05,172.31.36.0-255,66,12091,12,300217
25622,6.6e-05,74.125.24.0-255,2082,14173,12,300217
25623,7.1e-05,172.31.36.0-255,66,14239,12,300217
25624,0.00023,74.125.24.0-255,1484,15723,12,300217
25625,0.000235,172.31.36.0-255,66,15789,12,300217
25626,0.000241,74.125.24.0-255,2902,18691,12,300217
25627,0.000245,172.31.36.0-255,66,18757,12,300217
25628,0.000248,74.125.24.0-255,1484,20241,12,300217
25629,0.000251,172.31.36.0-255,66,20307,12,300217
25630,0.000279,74.125.24.0-255,4320,24627,12,300217
25631,0.000282,172.31.36.0-255,66,24693,12,300217
25632,0.00029,74.125.24.0-255,6797,31490,12,300217
25633,0.000292,172.31.36.0-255,66,31556,12,300217
25634,0.000382,74.125.24.0-255,1484,33040,12,300217
25635,0.000385,172.31.36.0-255,66,33106,12,300217
25636,0.000391,74.125.24.0-255,2902,36008,12,300217
25637,0.000393,172.31.36.0-255,66,36074,12,300217
25638,0.000396,74.125.24.0-255,1484,37558,12,300217
25639,0.000399,172.31.36.0-255,66,37624,12,300217
25640,0.000426,74.125.24.0-255,4320,41944,12,300217
25641,0.00043,172.31.36.0-255,66,42010,12,300217
25642,0.000435,74.125.24.0-255,4320,46330,12,300217
25643,0.000438,172.31.36.0-255,66,46396,12,300217
25644,0.00048,172.31.36.0-255,66,46462,12,300217
25645,0.00049,74.125.24.0-255,4320,50782,12,300217
25646,0.000495,172.31.36.0-255,66,50848,12,300217
25647,0.000512,74.125.24.0-255,7106,57954,12,300217
25648,0.000516,74.125.24.0-255,113,58067,12,300217
25649,0.000534,172.31.36.0-255,66,58133,12,300217
25650,0.000595,74.125.24.0-255,330,58463,12,300217
25651,0.000844,74.125.24.0-255,1484,59947,12,300217
25652,0.000849,172.31.36.0-255,66,60013,12,300217
25653,0.000855,74.125.24.0-255,2902,62915,12,300217
25654,0.000873,74.125.24.0-255,5738,68653,12,300217
25655,0.000889,172.31.36.0-255,66,68719,12,300217
25656,0.000906,74.125.24.0-255,6797,75516,12,300217
25657,0.000909,172.31.36.0-255,66,75582,12,300217
25658,0.000957,74.125.24.0-255,1484,77066,12,300217
25659,0.000976,74.125.24.0-255,2902,79968,12,300217
25660,0.00098,74.125.24.0-255,2902,82870,12,300217
25661,0.000985,172.31.36.0-255,66,82936,12,300217
25662,0.000999,74.125.24.0-255,2902,85838,12,300217
25663,0.001004,74.125.24.0-255,2902,88740,12,300217
25664,0.001037,172.31.36.0-255,66,88806,12,300217
25665,0.001048,74.125.24.0-255,3961,92767,12,300217
25666,0.001053,172.31.36.0-255,66,92833,12,300217
25667,0.001401,74.125.24.0-255,1484,94317,12,300217
25668,0.001407,74.125.24.0-255,2902,97219,12,300217
25669,0.00141,172.31.36.0-255,66,97285,12,300217
25670,0.001417,74.125.24.0-255,5738,103023,12,300217
25671,0.001431,172.31.36.0-255,66,103089,12,300217
25672,0.00144,74.125.24.0-255,2902,105991,12,300217
25673,0.001455,172.31.36.0-255,66,106057,12,300217
25674,0.001506,74.125.24.0-255,2184,108241,12,300217
25675,0.001516,172.31.36.0-255,66,108307,12,300217
25676,0.001674,74.125.24.0-255,1484,109791,12,300217
25677,0.00168,74.125.24.0-255,2902,112693,12,300217
25678,0.001683,172.31.36.0-255,66,112759,12,300217
25679,0.001687,74.125.24.0-255,1484,114243,12,300217
25680,0.001705,74.125.24.0-255,4320,118563,12,300217
25681,0.001712,74.125.24.0-255,5738,124301,12,300217
25682,0.001728,74.125.24.0-255,4320,128621,12,300217
25683,0.00174,172.31.36.0-255,66,128687,12,300217
25684,0.001764,74.125.24.0-255,1484,130171,12,300217
25685,0.001772,172.31.36.0-255,66,130237,12,300217
25686,0.001784,74.125.24.0-255,3602,133839,12,300217
25687,0.001789,172.31.36.0-255,66,133905,12,300217
25688,0.001813,74.125.24.0-255,1484,135389,12,300217
25689,0.001835,74.125.24.0-255,2902,138291,12,300217
25690,0.00184,74.125.24.0-255,4320,142611,12,300217
25691,0.001845,172.31.36.0-255,66,142677,12,300217
25692,0.001868,74.125.24.0-255,1484,144161,12,300217
25693,0.001898,172.31.36.0-255,66,144227,12,300217
25694,0.001917,74.125.24.0-255,5738,149965,12,300217
25695,0.001943,74.125.24.0-255,5020,154985,12,300217
25696,0.001947,172.31.36.0-255,66,155051,12,300217
25697,0.001952,172.31.36.0-255,66,155117,12,300217
25698,0.004021,74.125.24.0-255,5738,160855,12,300217
25699,0.004028,172.31.36.0-255,66,160921,12,300217
25700,0.006079,74.125.24.0-255,5738,166659,12,300217
25701,0.008608,172.31.36.0-255,66,166725,12,300217
25702,0.010691,74.125.24.0-255,5738,172463,12,300217
25703,0.010699,172.31.36.0-255,66,172529,12,300217
25704,0.012755,74.125.24.0-255,5738,178267,12,300217
25705,0.013328,172.31.36.0-255,66,178333,12,300217
25706,0.015393,74.125.24.0-255,5738,184071,12,300217
25707,0.015401,172.31.36.0-255,66,184137,12,300217
25708,0.017466,74.125.24.0-255,5738,189875,12,300217
25709,0.017477,172.31.36.0-255,66,189941,12,300217
25710,0.019573,74.125.24.0-255,5738,195679,12,300217
25711,0.019581,172.31.36.0-255,66,195745,12,300217
25712,0.021662,74.125.24.0-255,5738,201483,12,300217
25713,0.02167,172.31.36.0-255,66,201549,12,300217
25714,0.02373,74.125.24.0-255,5738,207287,12,300217
25715,0.023736,172.31.36.0-255,66,207353,12,300217
25716,0.025796,74.125.24.0-255,5738,213091,12,300217
25717,0.025804,172.31.36.0-255,66,213157,12,300217
25718,0.027859,74.125.24.0-255,5738,218895,12,300217
25719,0.027867,172.31.36.0-255,66,218961,12,300217
25720,0.029904,74.125.24.0-255,5738,224699,12,300217
25721,0.029912,172.31.36.0-255,66,224765,12,300217
25722,0.031985,74.125.24.0-255,5738,230503,12,300217
25723,0.031992,172.31.36.0-255,66,230569,12,300217
25724,0.034089,74.125.24.0-255,5738,236307,12,300217
25725,0.03689,172.31.36.0-255,66,236373,12,300217
25726,0.038924,74.125.24.0-255,5738,242111,12,300217
25727,0.038931,172.31.36.0-255,66,242177,12,300217
25728,0.040993,74.125.24.0-255,5738,247915,12,300217
25729,0.041,172.31.36.0-255,66,247981,12,300217
25730,0.043054,74.125.24.0-255,5738,253719,12,300217
25731,0.04306,172.31.36.0-255,66,253785,12,300217
25732,0.045111,74.125.24.0-255,5738,259523,12,300217
25733,0.045118,172.31.36.0-255,66,259589,12,300217
25734,0.047141,74.125.24.0-255,5738,265327,12,300217
25735,0.047148,172.31.36.0-255,66,265393,12,300217
25736,0.049216,74.125.24.0-255,5738,271131,12,300217
25737,0.049224,172.31.36.0-255,66,271197,12,300217
25738,0.051261,74.125.24.0-255,5738,276935,12,300217
25739,0.051269,172.31.36.0-255,66,277001,12,300217
25740,0.053321,74.125.24.0-255,5738,282739,12,300217
25741,0.05333,172.31.36.0-255,66,282805,12,300217
25742,0.055386,74.125.24.0-255,5738,288543,12,300217
25743,0.055392,172.31.36.0-255,66,288609,12,300217
25744,0.057456,74.125.24.0-255,5738,294347,12,300217
25745,0.057465,172.31.36.0-255,66,294413,12,300217
25746,0.059499,74.125.24.0-255,5738,300151,12,300217
25747,0.059507,172.31.36.0-255,66,300217,12,300217
25748,0.0,74.125.24.0-255,153,153,12,248158
25749,2.1e-05,172.31.36.0-255,66,219,12,248158
25750,2.8e-05,74.125.24.0-255,1484,1703,12,248158
25751,3.2e-05,172.31.36.0-255,66,1769,12,248158
25752,3.6e-05,74.125.24.0-255,2902,4671,12,248158
25753,4.8e-05,172.31.36.0-255,66,4737,12,248158
25754,6.7e-05,74.125.24.0-255,2902,7639,12,248158
25755,7.3e-05,172.31.36.0-255,66,7705,12,248158
25756,9.4e-05,74.125.24.0-255,4320,12025,12,248158
25757,9.7e-05,172.31.36.0-255,66,12091,12,248158
25758,0.000139,74.125.24.0-255,1969,14060,12,248158
25759,0.000142,172.31.36.0-255,66,14126,12,248158
25760,0.0002,74.125.24.0-255,1484,15610,12,248158
25761,0.000202,172.31.36.0-255,66,15676,12,248158
25762,0.000206,74.125.24.0-255,1484,17160,12,248158
25763,0.000208,172.31.36.0-255,66,17226,12,248158
25764,0.000227,74.125.24.0-255,1484,18710,12,248158
25765,0.000229,172.31.36.0-255,66,18776,12,248158
25766,0.000241,74.125.24.0-255,5738,24514,12,248158
25767,0.000244,172.31.36.0-255,66,24580,12,248158
25768,0.000284,74.125.24.0-255,6797,31377,12,248158
25769,0.000287,172.31.36.0-255,66,31443,12,248158
25770,0.000327,74.125.24.0-255,7156,38599,12,248158
25771,0.000329,172.31.36.0-255,66,38665,12,248158
25772,0.000334,74.125.24.0-255,4320,42985,12,248158
25773,0.000336,172.31.36.0-255,66,43051,12,248158
25774,0.000376,74.125.24.0-255,2902,45953,12,248158
25775,0.00038,172.31.36.0-255,66,46019,12,248158
25776,0.000401,74.125.24.0-255,2543,48562,12,248158
25777,0.000403,172.31.36.0-255,66,48628,12,248158
25778,0.001417,74.125.24.0-255,1484,50112,12,248158
25779,0.001422,172.31.36.0-255,66,50178,12,248158
25780,0.001431,74.125.24.0-255,2902,53080,12,248158
25781,0.001433,172.31.36.0-255,66,53146,12,248158
25782,0.001445,74.125.24.0-255,5738,58884,12,248158
25783,0.001446,172.31.36.0-255,66,58950,12,248158
25784,0.001452,74.125.24.0-255,5738,64688,12,248158
25785,0.001454,172.31.36.0-255,66,64754,12,248158
25786,0.001494,74.125.24.0-255,7156,71910,12,248158
25787,0.001496,172.31.36.0-255,66,71976,12,248158
25788,0.001525,74.125.24.0-255,6797,78773,12,248158
25789,0.001527,172.31.36.0-255,66,78839,12,248158
25790,0.001536,172.31.36.0-255,66,78905,12,248158
25791,0.001612,172.31.36.0-255,66,78971,12,248158
25792,0.001625,172.31.36.0-255,66,79037,12,248158
25793,0.001628,74.125.24.0-255,1156,80193,12,248158
25794,0.00208,74.125.24.0-255,1484,81677,12,248158
25795,0.002084,172.31.36.0-255,66,81743,12,248158
25796,0.002089,74.125.24.0-255,2902,84645,12,248158
25797,0.002091,172.31.36.0-255,66,84711,12,248158
25798,0.002113,74.125.24.0-255,5738,90449,12,248158
25799,0.002122,172.31.36.0-255,66,90515,12,248158
25800,0.00213,74.125.24.0-255,5738,96253,12,248158
25801,0.002132,172.31.36.0-255,66,96319,12,248158
25802,0.002161,74.125.24.0-255,1484,97803,12,248158
25803,0.002176,172.31.36.0-255,66,97869,12,248158
25804,0.002181,74.125.24.0-255,2184,100053,12,248158
25805,0.002184,172.31.36.0-255,66,100119,12,248158
25806,0.004461,74.125.24.0-255,5738,105857,12,248158
25807,0.004469,172.31.36.0-255,66,105923,12,248158
25808,0.00675,74.125.24.0-255,5738,111661,12,248158
25809,0.006758,172.31.36.0-255,66,111727,12,248158
25810,0.009094,74.125.24.0-255,5738,117465,12,248158
25811,0.009102,172.31.36.0-255,66,117531,12,248158
25812,0.0114,74.125.24.0-255,5738,123269,12,248158
25813,0.011407,172.31.36.0-255,66,123335,12,248158
25814,0.013664,74.125.24.0-255,5738,129073,12,248158
25815,0.013671,172.31.36.0-255,66,129139,12,248158
25816,0.015938,74.125.24.0-255,5738,134877,12,248158
25817,0.015944,172.31.36.0-255,66,134943,12,248158
25818,0.018228,74.125.24.0-255,5738,140681,12,248158
25819,0.018236,172.31.36.0-255,66,140747,12,248158
25820,0.020516,74.125.24.0-255,5738,146485,12,248158
25821,0.020523,172.31.36.0-255,66,146551,12,248158
25822,0.022771,74.125.24.0-255,5738,152289,12,248158
25823,0.022777,172.31.36.0-255,66,152355,12,248158
25824,0.02503,74.125.24.0-255,5738,158093,12,248158
25825,0.025037,172.31.36.0-255,66,158159,12,248158
25826,0.027298,74.125.24.0-255,5738,163897,12,248158
25827,0.027301,172.31.36.0-255,66,163963,12,248158
25828,0.029595,74.125.24.0-255,5738,169701,12,248158
25829,0.029598,172.31.36.0-255,66,169767,12,248158
25830,0.031848,74.125.24.0-255,5738,175505,12,248158
25831,0.031854,172.31.36.0-255,66,175571,12,248158
25832,0.031952,172.31.36.0-255,172,175743,12,248158
25833,0.031978,172.31.36.0-255,1108,176851,12,248158
25834,0.032076,172.31.36.0-255,1514,178365,12,248158
25835,0.032078,172.31.36.0-255,1299,179664,12,248158
25836,0.03348,104.244.42.0-255,66,179730,12,248158
25837,0.033501,104.244.42.0-255,66,179796,12,248158
25838,0.033641,104.244.42.0-255,66,179862,12,248158
25839,0.034127,74.125.24.0-255,5738,185600,12,248158
25840,0.034134,172.31.36.0-255,66,185666,12,248158
25841,0.036396,74.125.24.0-255,5738,191404,12,248158
25842,0.036404,172.31.36.0-255,66,191470,12,248158
25843,0.038664,74.125.24.0-255,5738,197208,12,248158
25844,0.038684,172.31.36.0-255,66,197274,12,248158
25845,0.040955,74.125.24.0-255,5738,203012,12,248158
25846,0.040962,172.31.36.0-255,66,203078,12,248158
25847,0.043221,74.125.24.0-255,5738,208816,12,248158
25848,0.043227,172.31.36.0-255,66,208882,12,248158
25849,0.045497,74.125.24.0-255,4320,213202,12,248158
25850,0.045502,172.31.36.0-255,66,213268,12,248158
25851,0.045536,74.125.24.0-255,1484,214752,12,248158
25852,0.047801,74.125.24.0-255,4320,219072,12,248158
25853,0.047807,172.31.36.0-255,66,219138,12,248158
25854,0.050071,74.125.24.0-255,5738,224876,12,248158
25855,0.050077,172.31.36.0-255,66,224942,12,248158
25856,0.052388,74.125.24.0-255,5738,230680,12,248158
25857,0.052394,172.31.36.0-255,66,230746,12,248158
25858,0.054662,74.125.24.0-255,5738,236484,12,248158
25859,0.054667,172.31.36.0-255,66,236550,12,248158
25860,0.056946,74.125.24.0-255,5738,242288,12,248158
25861,0.056952,172.31.36.0-255,66,242354,12,248158
25862,0.05925,74.125.24.0-255,5738,248092,12,248158
25863,0.059257,172.31.36.0-255,66,248158,12,248158
25864,0.0,74.125.24.0-255,146,146,12,211320
25865,3.4e-05,172.31.36.0-255,66,212,12,211320
25866,4.2e-05,74.125.24.0-255,1484,1696,12,211320
25867,4.6e-05,172.31.36.0-255,66,1762,12,211320
25868,5e-05,74.125.24.0-255,2902,4664,12,211320
25869,6.1e-05,172.31.36.0-255,66,4730,12,211320
25870,9.7e-05,74.125.24.0-255,7156,11886,12,211320
25871,0.000101,172.31.36.0-255,66,11952,12,211320
25872,0.000255,74.125.24.0-255,7156,19108,12,211320
25873,0.00026,172.31.36.0-255,66,19174,12,211320
25874,0.000287,172.31.36.0-255,66,19240,12,211320
25875,0.00062,74.125.24.0-255,2543,21783,12,211320
25876,0.000626,172.31.36.0-255,66,21849,12,211320
25877,0.000668,74.125.24.0-255,7156,29005,12,211320
25878,0.000672,172.31.36.0-255,66,29071,12,211320
25879,0.000713,172.31.36.0-255,66,29137,12,211320
25880,0.001055,74.125.24.0-255,1484,30621,12,211320
25881,0.001062,172.31.36.0-255,66,30687,12,211320
25882,0.001099,74.125.24.0-255,2902,33589,12,211320
25883,0.001103,172.31.36.0-255,66,33655,12,211320
25884,0.001143,74.125.24.0-255,5738,39393,12,211320
25885,0.001147,172.31.36.0-255,66,39459,12,211320
25886,0.00129,172.31.36.0-255,66,39525,12,211320
25887,0.00144,74.125.24.0-255,1484,41009,12,211320
25888,0.001445,172.31.36.0-255,66,41075,12,211320
25889,0.001476,74.125.24.0-255,2902,43977,12,211320
25890,0.001478,172.31.36.0-255,66,44043,12,211320
25891,0.001535,74.125.24.0-255,5738,49781,12,211320
25892,0.001538,172.31.36.0-255,66,49847,12,211320
25893,0.001668,74.125.24.0-255,5738,55585,12,211320
25894,0.001672,172.31.36.0-255,66,55651,12,211320
25895,0.001704,74.125.24.0-255,7156,62807,12,211320
25896,0.001706,172.31.36.0-255,66,62873,12,211320
25897,0.001966,172.31.36.0-255,66,62939,12,211320
25898,0.004217,74.125.24.0-255,5738,68677,12,211320
25899,0.004221,172.31.36.0-255,66,68743,12,211320
25900,0.006463,74.125.24.0-255,5738,74481,12,211320
25901,0.006469,172.31.36.0-255,66,74547,12,211320
25902,0.008717,74.125.24.0-255,5738,80285,12,211320
25903,0.008724,172.31.36.0-255,66,80351,12,211320
25904,0.010963,74.125.24.0-255,5738,86089,12,211320
25905,0.010972,172.31.36.0-255,66,86155,12,211320
25906,0.013225,74.125.24.0-255,5738,91893,12,211320
25907,0.013237,172.31.36.0-255,66,91959,12,211320
25908,0.015494,74.125.24.0-255,5738,97697,12,211320
25909,0.015506,172.31.36.0-255,66,97763,12,211320
25910,0.017804,74.125.24.0-255,5738,103501,12,211320
25911,0.017823,172.31.36.0-255,66,103567,12,211320
25912,0.020091,74.125.24.0-255,5738,109305,12,211320
25913,0.020108,172.31.36.0-255,66,109371,12,211320
25914,0.022362,74.125.24.0-255,5738,115109,12,211320
25915,0.022378,172.31.36.0-255,66,115175,12,211320
25916,0.024621,74.125.24.0-255,5738,120913,12,211320
25917,0.024631,172.31.36.0-255,66,120979,12,211320
25918,0.025177,172.31.36.0-255,172,121151,12,211320
25919,0.025219,172.31.36.0-255,1109,122260,12,211320
25920,0.025298,172.31.36.0-255,1514,123774,12,211320
25921,0.025301,172.31.36.0-255,1300,125074,12,211320
25922,0.026688,104.244.42.0-255,66,125140,12,211320
25923,0.0268,104.244.42.0-255,66,125206,12,211320
25924,0.026804,104.244.42.0-255,66,125272,12,211320
25925,0.026865,74.125.24.0-255,4320,129592,12,211320
25926,0.026869,172.31.36.0-255,66,129658,12,211320
25927,0.026905,74.125.24.0-255,1484,131142,12,211320
25928,0.027537,104.244.42.0-255,108,131250,12,211320
25929,0.027561,172.31.36.0-255,66,131316,12,211320
25930,0.029088,74.125.24.0-255,2902,134218,12,211320
25931,0.029093,172.31.36.0-255,66,134284,12,211320
25932,0.031343,74.125.24.0-255,5738,140022,12,211320
25933,0.03135,172.31.36.0-255,66,140088,12,211320
25934,0.033594,74.125.24.0-255,2902,142990,12,211320
25935,0.033601,172.31.36.0-255,66,143056,12,211320
25936,0.033636,74.125.24.0-255,2902,145958,12,211320
25937,0.033639,172.31.36.0-255,66,146024,12,211320
25938,0.035821,74.125.24.0-255,2902,148926,12,211320
25939,0.035828,172.31.36.0-255,66,148992,12,211320
25940,0.035869,74.125.24.0-255,2902,151894,12,211320
25941,0.035872,172.31.36.0-255,66,151960,12,211320
25942,0.038073,74.125.24.0-255,2902,154862,12,211320
25943,0.03808,172.31.36.0-255,66,154928,12,211320
25944,0.038113,74.125.24.0-255,2902,157830,12,211320
25945,0.038117,172.31.36.0-255,66,157896,12,211320
25946,0.040321,74.125.24.0-255,2902,160798,12,211320
25947,0.040327,172.31.36.0-255,66,160864,12,211320
25948,0.040364,74.125.24.0-255,2902,163766,12,211320
25949,0.040367,172.31.36.0-255,66,163832,12,211320
25950,0.042569,74.125.24.0-255,2902,166734,12,211320
25951,0.042575,172.31.36.0-255,66,166800,12,211320
25952,0.042611,74.125.24.0-255,2902,169702,12,211320
25953,0.042615,172.31.36.0-255,66,169768,12,211320
25954,0.044805,74.125.24.0-255,2902,172670,12,211320
25955,0.044811,172.31.36.0-255,66,172736,12,211320
25956,0.044851,74.125.24.0-255,2902,175638,12,211320
25957,0.044854,172.31.36.0-255,66,175704,12,211320
25958,0.047055,74.125.24.0-255,2902,178606,12,211320
25959,0.047062,172.31.36.0-255,66,178672,12,211320
25960,0.047102,74.125.24.0-255,2902,181574,12,211320
25961,0.047105,172.31.36.0-255,66,181640,12,211320
25962,0.049301,74.125.24.0-255,2902,184542,12,211320
25963,0.04931,172.31.36.0-255,66,184608,12,211320
25964,0.049347,74.125.24.0-255,2902,187510,12,211320
25965,0.049349,172.31.36.0-255,66,187576,12,211320
25966,0.051562,74.125.24.0-255,2902,190478,12,211320
25967,0.051573,172.31.36.0-255,66,190544,12,211320
25968,0.051621,74.125.24.0-255,2902,193446,12,211320
25969,0.051624,172.31.36.0-255,66,193512,12,211320
25970,0.053801,74.125.24.0-255,2902,196414,12,211320
25971,0.053806,172.31.36.0-255,66,196480,12,211320
25972,0.053854,74.125.24.0-255,2902,199382,12,211320
25973,0.053858,172.31.36.0-255,66,199448,12,211320
25974,0.056051,74.125.24.0-255,2902,202350,12,211320
25975,0.056057,172.31.36.0-255,66,202416,12,211320
25976,0.056095,74.125.24.0-255,2902,205318,12,211320
25977,0.056098,172.31.36.0-255,66,205384,12,211320
25978,0.058316,74.125.24.0-255,2902,208286,12,211320
25979,0.058321,172.31.36.0-255,66,208352,12,211320
25980,0.058359,74.125.24.0-255,2902,211254,12,211320
25981,0.058362,172.31.36.0-255,66,211320,12,211320
25982,0.0,74.125.24.0-255,297,297,12,257167
25983,2.9e-05,172.31.36.0-255,66,363,12,257167
25984,3.7e-05,74.125.24.0-255,1484,1847,12,257167
25985,4.2e-05,172.31.36.0-255,66,1913,12,257167
25986,4.8e-05,74.125.24.0-255,4320,6233,12,257167
25987,6.1e-05,172.31.36.0-255,66,6299,12,257167
25988,6.7e-05,74.125.24.0-255,4320,10619,12,257167
25989,7.1e-05,172.31.36.0-255,66,10685,12,257167
25990,8.7e-05,172.31.36.0-255,66,10751,12,257167
25991,0.0001,172.31.36.0-255,66,10817,12,257167
25992,0.000154,74.125.24.0-255,1484,12301,12,257167
25993,0.000157,172.31.36.0-255,66,12367,12,257167
25994,0.000163,74.125.24.0-255,1484,13851,12,257167
25995,0.000165,172.31.36.0-255,66,13917,12,257167
25996,0.000198,74.125.24.0-255,1484,15401,12,257167
25997,0.0002,172.31.36.0-255,66,15467,12,257167
25998,0.000206,74.125.24.0-255,4320,19787,12,257167
25999,0.000209,172.31.36.0-255,66,19853,12,257167
26000,0.000221,74.125.24.0-255,5738,25591,12,257167
26001,0.000224,172.31.36.0-255,66,25657,12,257167
26002,0.000229,74.125.24.0-255,2902,28559,12,257167
26003,0.000231,172.31.36.0-255,66,28625,12,257167
26004,0.000268,172.31.36.0-255,66,28691,12,257167
26005,0.000275,74.125.24.0-255,6797,35488,12,257167
26006,0.000278,172.31.36.0-255,66,35554,12,257167
26007,0.000328,74.125.24.0-255,391,35945,12,257167
26008,0.000331,172.31.36.0-255,66,36011,12,257167
26009,0.000363,74.125.24.0-255,352,36363,12,257167
26010,0.000366,172.31.36.0-255,66,36429,12,257167
26011,0.001357,74.125.24.0-255,1484,37913,12,257167
26012,0.001383,74.125.24.0-255,2902,40815,12,257167
26013,0.001389,172.31.36.0-255,66,40881,12,257167
26014,0.001398,74.125.24.0-255,5738,46619,12,257167
26015,0.001424,74.125.24.0-255,7156,53775,12,257167
26016,0.001455,74.125.24.0-255,3602,57377,12,257167
26017,0.001571,74.125.24.0-255,1484,58861,12,257167
26018,0.001578,74.125.24.0-255,2902,61763,12,257167
26019,0.0016,74.125.24.0-255,5738,67501,12,257167
26020,0.001607,74.125.24.0-255,5738,73239,12,257167
26021,0.001631,74.125.24.0-255,1484,74723,12,257167
26022,0.001654,74.125.24.0-255,5738,80461,12,257167
26023,0.001674,74.125.24.0-255,5738,86199,12,257167
26024,0.0017,74.125.24.0-255,5020,91219,12,257167
26025,0.001763,74.125.24.0-255,5738,96957,12,257167
26026,0.001782,74.125.24.0-255,7156,104113,12,257167
26027,0.001802,74.125.24.0-255,5738,109851,12,257167
26028,0.002302,74.125.24.0-255,1484,111335,12,257167
26029,0.002332,74.125.24.0-255,2902,114237,12,257167
26030,0.002358,74.125.24.0-255,4320,118557,12,257167
26031,0.002373,74.125.24.0-255,1484,120041,12,257167
26032,0.00601,172.31.36.0-255,66,120107,12,257167
26033,0.008347,74.125.24.0-255,5738,125845,12,257167
26034,0.008359,172.31.36.0-255,66,125911,12,257167
26035,0.010664,74.125.24.0-255,5738,131649,12,257167
26036,0.010671,172.31.36.0-255,66,131715,12,257167
26037,0.012985,74.125.24.0-255,5738,137453,12,257167
26038,0.012992,172.31.36.0-255,66,137519,12,257167
26039,0.015318,74.125.24.0-255,5738,143257,12,257167
26040,0.015325,172.31.36.0-255,66,143323,12,257167
26041,0.017656,74.125.24.0-255,5738,149061,12,257167
26042,0.017668,172.31.36.0-255,66,149127,12,257167
26043,0.019977,74.125.24.0-255,5738,154865,12,257167
26044,0.019984,172.31.36.0-255,66,154931,12,257167
26045,0.022315,74.125.24.0-255,5738,160669,12,257167
26046,0.022324,172.31.36.0-255,66,160735,12,257167
26047,0.024639,74.125.24.0-255,5738,166473,12,257167
26048,0.024649,172.31.36.0-255,66,166539,12,257167
26049,0.026975,74.125.24.0-255,5738,172277,12,257167
26050,0.029503,172.31.36.0-255,66,172343,12,257167
26051,0.03189,74.125.24.0-255,5738,178081,12,257167
26052,0.031909,172.31.36.0-255,66,178147,12,257167
26053,0.034226,74.125.24.0-255,5738,183885,12,257167
26054,0.034234,172.31.36.0-255,66,183951,12,257167
26055,0.036576,74.125.24.0-255,5738,189689,12,257167
26056,0.03659,172.31.36.0-255,66,189755,12,257167
26057,0.038901,74.125.24.0-255,5738,195493,12,257167
26058,0.038919,172.31.36.0-255,66,195559,12,257167
26059,0.041241,74.125.24.0-255,5738,201297,12,257167
26060,0.041249,172.31.36.0-255,66,201363,12,257167
26061,0.043585,74.125.24.0-255,5738,207101,12,257167
26062,0.043594,172.31.36.0-255,66,207167,12,257167
26063,0.045886,74.125.24.0-255,5738,212905,12,257167
26064,0.045895,172.31.36.0-255,66,212971,12,257167
26065,0.0482,74.125.24.0-255,5738,218709,12,257167
26066,0.048208,172.31.36.0-255,66,218775,12,257167
26067,0.048789,172.31.36.0-255,172,218947,12,257167
26068,0.048823,172.31.36.0-255,1108,220055,12,257167
26069,0.048888,172.31.36.0-255,1514,221569,12,257167
26070,0.04889,172.31.36.0-255,1514,223083,12,257167
26071,0.048892,172.31.36.0-255,1514,224597,12,257167
26072,0.048893,172.31.36.0-255,1514,226111,12,257167
26073,0.048925,172.31.36.0-255,1514,227625,12,257167
26074,0.048926,172.31.36.0-255,84,227709,12,257167
26075,0.050375,104.244.42.0-255,66,227775,12,257167
26076,0.050457,104.244.42.0-255,66,227841,12,257167
26077,0.050475,104.244.42.0-255,66,227907,12,257167
26078,0.050523,74.125.24.0-255,5738,233645,12,257167
26079,0.050528,172.31.36.0-255,66,233711,12,257167
26080,0.050611,104.244.42.0-255,66,233777,12,257167
26081,0.051179,104.244.42.0-255,108,233885,12,257167
26082,0.051186,172.31.36.0-255,66,233951,12,257167
26083,0.052867,74.125.24.0-255,5738,239689,12,257167
26084,0.052874,172.31.36.0-255,66,239755,12,257167
26085,0.055163,74.125.24.0-255,5738,245493,12,257167
26086,0.05517,172.31.36.0-255,66,245559,12,257167
26087,0.057502,74.125.24.0-255,5738,251297,12,257167
26088,0.057509,172.31.36.0-255,66,251363,12,257167
26089,0.059811,74.125.24.0-255,5738,257101,12,257167
26090,0.059818,172.31.36.0-255,66,257167,12,257167
26091,0.0,172.217.194.0-255,153,153,12,129406
26092,3.5e-05,172.31.36.0-255,66,219,12,129406
26093,6.2e-05,172.217.194.0-255,1484,1703,12,129406
26094,6.8e-05,172.31.36.0-255,66,1769,12,129406
26095,7.4e-05,172.217.194.0-255,2902,4671,12,129406
26096,7.7e-05,172.31.36.0-255,66,4737,12,129406
26097,8.3e-05,172.217.194.0-255,4320,9057,12,129406
26098,8.5e-05,172.31.36.0-255,66,9123,12,129406
26099,9.6e-05,172.31.36.0-255,66,9189,12,129406
26100,0.000109,172.31.36.0-255,66,9255,12,129406
26101,0.000149,172.217.194.0-255,1484,10739,12,129406
26102,0.000152,172.31.36.0-255,66,10805,12,129406
26103,0.000157,172.217.194.0-255,2902,13707,12,129406
26104,0.000159,172.31.36.0-255,66,13773,12,129406
26105,0.000165,172.217.194.0-255,5738,19511,12,129406
26106,0.000168,172.31.36.0-255,66,19577,12,129406
26107,0.000211,172.31.36.0-255,66,19643,12,129406
26108,0.000214,172.217.194.0-255,1484,21127,12,129406
26109,0.000216,172.31.36.0-255,66,21193,12,129406
26110,0.000242,172.217.194.0-255,5738,26931,12,129406
26111,0.000245,172.31.36.0-255,66,26997,12,129406
26112,0.000257,172.217.194.0-255,2867,29864,12,129406
26113,0.000259,172.31.36.0-255,66,29930,12,129406
26114,0.000267,172.217.194.0-255,363,30293,12,129406
26115,0.000271,172.31.36.0-255,66,30359,12,129406
26116,0.000502,172.217.194.0-255,1484,31843,12,129406
26117,0.000507,172.31.36.0-255,66,31909,12,129406
26118,0.000513,172.217.194.0-255,2902,34811,12,129406
26119,0.000515,172.31.36.0-255,66,34877,12,129406
26120,0.000528,172.217.194.0-255,5738,40615,12,129406
26121,0.00053,172.31.36.0-255,66,40681,12,129406
26122,0.000536,172.217.194.0-255,4320,45001,12,129406
26123,0.000538,172.31.36.0-255,66,45067,12,129406
26124,0.000586,172.31.36.0-255,66,45133,12,129406
26125,0.000599,172.31.36.0-255,66,45199,12,129406
26126,0.000602,172.217.194.0-255,766,45965,12,129406
26127,0.001045,172.217.194.0-255,1484,47449,12,129406
26128,0.00105,172.31.36.0-255,66,47515,12,129406
26129,0.001055,172.217.194.0-255,2902,50417,12,129406
26130,0.001057,172.31.36.0-255,66,50483,12,129406
26131,0.001069,172.217.194.0-255,5738,56221,12,129406
26132,0.001072,172.31.36.0-255,66,56287,12,129406
26133,0.001115,172.31.36.0-255,66,56353,12,129406
26134,0.001127,172.31.36.0-255,66,56419,12,129406
26135,0.001167,172.217.194.0-255,5738,62157,12,129406
26136,0.001171,172.31.36.0-255,66,62223,12,129406
26137,0.001179,172.217.194.0-255,7156,69379,12,129406
26138,0.001181,172.31.36.0-255,66,69445,12,129406
26139,0.001216,172.31.36.0-255,66,69511,12,129406
26140,0.001236,172.217.194.0-255,2902,72413,12,129406
26141,0.001239,172.31.36.0-255,66,72479,12,129406
26142,0.001247,172.217.194.0-255,6438,78917,12,129406
26143,0.001249,172.31.36.0-255,66,78983,12,129406
26144,0.001274,172.217.194.0-255,7156,86139,12,129406
26145,0.001277,172.31.36.0-255,66,86205,12,129406
26146,0.001316,172.31.36.0-255,66,86271,12,129406
26147,0.001364,172.31.36.0-255,66,86337,12,129406
26148,0.001379,172.31.36.0-255,66,86403,12,129406
26149,0.001393,172.31.36.0-255,66,86469,12,129406
26150,0.001436,172.217.194.0-255,4320,90789,12,129406
26151,0.001437,172.31.36.0-255,66,90855,12,129406
26152,0.001438,172.217.194.0-255,1484,92339,12,129406
26153,0.00144,172.31.36.0-255,66,92405,12,129406
26154,0.001475,172.217.194.0-255,4320,96725,12,129406
26155,0.001479,172.31.36.0-255,66,96791,12,129406
26156,0.001489,172.31.36.0-255,66,96857,12,129406
26157,0.001516,172.217.194.0-255,766,97623,12,129406
26158,0.001529,172.31.36.0-255,66,97689,12,129406
26159,0.001541,172.31.36.0-255,66,97755,12,129406
26160,0.001622,172.31.36.0-255,66,97821,12,129406
26161,0.001636,172.31.36.0-255,66,97887,12,129406
26162,0.001651,172.31.36.0-255,66,97953,12,129406
26163,0.001681,172.217.194.0-255,3602,101555,12,129406
26164,0.001685,172.31.36.0-255,66,101621,12,129406
26165,0.001718,172.217.194.0-255,4320,105941,12,129406
26166,0.001722,172.31.36.0-255,66,106007,12,129406
26167,0.001734,172.31.36.0-255,66,106073,12,129406
26168,0.001746,172.217.194.0-255,7156,113229,12,129406
26169,0.001749,172.31.36.0-255,66,113295,12,129406
26170,0.001795,172.31.36.0-255,66,113361,12,129406
26171,0.001812,172.217.194.0-255,3602,116963,12,129406
26172,0.00182,172.31.36.0-255,66,117029,12,129406
26173,0.001836,172.217.194.0-255,4320,121349,12,129406
26174,0.001836,172.31.36.0-255,66,121415,12,129406
26175,0.00184,172.31.36.0-255,66,121481,12,129406
26176,0.001894,172.217.194.0-255,5968,127449,12,129406
26177,0.001894,172.31.36.0-255,101,127550,12,129406
26178,0.001901,172.31.36.0-255,66,127616,12,129406
26179,0.001904,172.31.36.0-255,66,127682,12,129406
26180,0.001921,172.217.194.0-255,105,127787,12,129406
26181,0.003625,172.31.36.0-255,105,127892,12,129406
26182,0.004155,172.217.194.0-255,66,127958,12,129406
26183,0.005873,172.217.194.0-255,66,128024,12,129406
26184,0.039442,172.31.36.0-255,172,128196,12,129406
26185,0.039472,172.31.36.0-255,1078,129274,12,129406
26186,0.040963,104.244.42.0-255,66,129340,12,129406
26187,0.041043,104.244.42.0-255,66,129406,12,129406
26188,0.0,172.31.36.0-255,105,105,12,276
26189,0.001777,157.240.13.0-255,105,210,12,276
26190,0.001789,172.31.36.0-255,66,276,12,276
26191,0.0,74.125.24.0-255,146,146,12,328002
26192,2.2e-05,172.31.36.0-255,66,212,12,328002
26193,2.9e-05,74.125.24.0-255,1484,1696,12,328002
26194,3.5e-05,172.31.36.0-255,66,1762,12,328002
26195,4.3e-05,74.125.24.0-255,2902,4664,12,328002
26196,4.7e-05,172.31.36.0-255,66,4730,12,328002
26197,5.5e-05,74.125.24.0-255,7156,11886,12,328002
26198,5.8e-05,172.31.36.0-255,66,11952,12,328002
26199,6.2e-05,74.125.24.0-255,1966,13918,12,328002
26200,6.5e-05,172.31.36.0-255,66,13984,12,328002
26201,8.7e-05,74.125.24.0-255,1484,15468,12,328002
26202,9e-05,172.31.36.0-255,66,15534,12,328002
26203,9.5e-05,74.125.24.0-255,2902,18436,12,328002
26204,9.8e-05,172.31.36.0-255,66,18502,12,328002
26205,0.000103,74.125.24.0-255,2902,21404,12,328002
26206,0.000105,172.31.36.0-255,66,21470,12,328002
26207,0.000129,74.125.24.0-255,2902,24372,12,328002
26208,0.000131,172.31.36.0-255,66,24438,12,328002
26209,0.000139,74.125.24.0-255,6797,31235,12,328002
26210,0.000141,172.31.36.0-255,66,31301,12,328002
26211,0.000312,74.125.24.0-255,1484,32785,12,328002
26212,0.000317,172.31.36.0-255,66,32851,12,328002
26213,0.000323,74.125.24.0-255,2902,35753,12,328002
26214,0.000325,172.31.36.0-255,66,35819,12,328002
26215,0.000331,74.125.24.0-255,2902,38721,12,328002
26216,0.000333,172.31.36.0-255,66,38787,12,328002
26217,0.000353,74.125.24.0-255,2902,41689,12,328002
26218,0.000356,172.31.36.0-255,66,41755,12,328002
26219,0.000364,74.125.24.0-255,6797,48552,12,328002
26220,0.000367,172.31.36.0-255,66,48618,12,328002
26221,0.00038,172.31.36.0-255,66,48684,12,328002
26222,0.000413,74.125.24.0-255,4320,53004,12,328002
26223,0.000417,172.31.36.0-255,66,53070,12,328002
26224,0.000421,74.125.24.0-255,2543,55613,12,328002
26225,0.000423,172.31.36.0-255,66,55679,12,328002
26226,0.000426,74.125.24.0-255,401,56080,12,328002
26227,0.000445,74.125.24.0-255,110,56190,12,328002
26228,0.000514,74.125.24.0-255,331,56521,12,328002
26229,0.000896,74.125.24.0-255,1484,58005,12,328002
26230,0.000901,172.31.36.0-255,66,58071,12,328002
26231,0.000907,74.125.24.0-255,2902,60973,12,328002
26232,0.000909,172.31.36.0-255,66,61039,12,328002
26233,0.000915,74.125.24.0-255,4320,65359,12,328002
26234,0.000917,172.31.36.0-255,66,65425,12,328002
26235,0.000948,74.125.24.0-255,1484,66909,12,328002
26236,0.000962,172.31.36.0-255,66,66975,12,328002
26237,0.00097,74.125.24.0-255,7156,74131,12,328002
26238,0.000973,172.31.36.0-255,66,74197,12,328002
26239,0.001021,74.125.24.0-255,3602,77799,12,328002
26240,0.001024,172.31.36.0-255,66,77865,12,328002
26241,0.001152,74.125.24.0-255,1484,79349,12,328002
26242,0.001158,74.125.24.0-255,2902,82251,12,328002
26243,0.001161,172.31.36.0-255,66,82317,12,328002
26244,0.001169,74.125.24.0-255,5738,88055,12,328002
26245,0.001171,172.31.36.0-255,66,88121,12,328002
26246,0.001194,74.125.24.0-255,7156,95277,12,328002
26247,0.001196,172.31.36.0-255,66,95343,12,328002
26248,0.001226,74.125.24.0-255,5738,101081,12,328002
26249,0.001229,172.31.36.0-255,66,101147,12,328002
26250,0.001237,74.125.24.0-255,7156,108303,12,328002
26251,0.001239,172.31.36.0-255,66,108369,12,328002
26252,0.001253,74.125.24.0-255,3602,111971,12,328002
26253,0.001255,172.31.36.0-255,66,112037,12,328002
26254,0.001317,74.125.24.0-255,1484,113521,12,328002
26255,0.001322,74.125.24.0-255,2902,116423,12,328002
26256,0.001325,172.31.36.0-255,66,116489,12,328002
26257,0.00133,74.125.24.0-255,2902,119391,12,328002
26258,0.001332,172.31.36.0-255,66,119457,12,328002
26259,0.001347,74.125.24.0-255,2902,122359,12,328002
26260,0.00135,172.31.36.0-255,66,122425,12,328002
26261,0.001361,172.31.36.0-255,66,122491,12,328002
26262,0.001377,74.125.24.0-255,2902,125393,12,328002
26263,0.001382,172.31.36.0-255,66,125459,12,328002
26264,0.001403,74.125.24.0-255,7156,132615,12,328002
26265,0.001406,172.31.36.0-255,66,132681,12,328002
26266,0.001428,74.125.24.0-255,5020,137701,12,328002
26267,0.001431,172.31.36.0-255,66,137767,12,328002
26268,0.001792,74.125.24.0-255,1484,139251,12,328002
26269,0.001799,74.125.24.0-255,2902,142153,12,328002
26270,0.001803,172.31.36.0-255,66,142219,12,328002
26271,0.001809,74.125.24.0-255,4320,146539,12,328002
26272,0.001811,172.31.36.0-255,66,146605,12,328002
26273,0.001825,74.125.24.0-255,1484,148089,12,328002
26274,0.001832,74.125.24.0-255,7156,155245,12,328002
26275,0.001835,172.31.36.0-255,66,155311,12,328002
26276,0.001868,74.125.24.0-255,5738,161049,12,328002
26277,0.001872,172.31.36.0-255,66,161115,12,328002
26278,0.001885,172.31.36.0-255,66,161181,12,328002
26279,0.003902,74.125.24.0-255,5738,166919,12,328002
26280,0.003909,172.31.36.0-255,66,166985,12,328002
26281,0.005924,74.125.24.0-255,5738,172723,12,328002
26282,0.005928,172.31.36.0-255,66,172789,12,328002
26283,0.007914,74.125.24.0-255,5738,178527,12,328002
26284,0.007922,172.31.36.0-255,66,178593,12,328002
26285,0.009949,74.125.24.0-255,5738,184331,12,328002
26286,0.009956,172.31.36.0-255,66,184397,12,328002
26287,0.011992,74.125.24.0-255,5738,190135,12,328002
26288,0.012009,172.31.36.0-255,66,190201,12,328002
26289,0.014038,74.125.24.0-255,5738,195939,12,328002
26290,0.014045,172.31.36.0-255,66,196005,12,328002
26291,0.016051,74.125.24.0-255,5738,201743,12,328002
26292,0.016058,172.31.36.0-255,66,201809,12,328002
26293,0.018067,74.125.24.0-255,5738,207547,12,328002
26294,0.018074,172.31.36.0-255,66,207613,12,328002
26295,0.020112,74.125.24.0-255,5738,213351,12,328002
26296,0.020125,172.31.36.0-255,66,213417,12,328002
26297,0.022155,74.125.24.0-255,5738,219155,12,328002
26298,0.022164,172.31.36.0-255,66,219221,12,328002
26299,0.024171,74.125.24.0-255,5738,224959,12,328002
26300,0.024181,172.31.36.0-255,66,225025,12,328002
26301,0.026189,74.125.24.0-255,5738,230763,12,328002
26302,0.026199,172.31.36.0-255,66,230829,12,328002
26303,0.028217,74.125.24.0-255,5738,236567,12,328002
26304,0.028223,172.31.36.0-255,66,236633,12,328002
26305,0.028966,172.31.36.0-255,188,236821,12,328002
26306,0.028994,172.31.36.0-255,952,237773,12,328002
26307,0.029056,172.31.36.0-255,1514,239287,12,328002
26308,0.029058,172.31.36.0-255,1457,240744,12,328002
26309,0.030239,74.125.24.0-255,5738,246482,12,328002
26310,0.030245,172.31.36.0-255,66,246548,12,328002
26311,0.030464,104.244.42.0-255,66,246614,12,328002
26312,0.030542,104.244.42.0-255,66,246680,12,328002
26313,0.030605,104.244.42.0-255,66,246746,12,328002
26314,0.032248,74.125.24.0-255,5738,252484,12,328002
26315,0.032256,172.31.36.0-255,66,252550,12,328002
26316,0.034272,74.125.24.0-255,5738,258288,12,328002
26317,0.034279,172.31.36.0-255,66,258354,12,328002
26318,0.03628,74.125.24.0-255,5738,264092,12,328002
26319,0.036291,172.31.36.0-255,66,264158,12,328002
26320,0.038317,74.125.24.0-255,5738,269896,12,328002
26321,0.038325,172.31.36.0-255,66,269962,12,328002
26322,0.04037,74.125.24.0-255,5738,275700,12,328002
26323,0.040382,172.31.36.0-255,66,275766,12,328002
26324,0.042378,74.125.24.0-255,5738,281504,12,328002
26325,0.042385,172.31.36.0-255,66,281570,12,328002
26326,0.044424,74.125.24.0-255,5738,287308,12,328002
26327,0.044432,172.31.36.0-255,66,287374,12,328002
26328,0.046448,74.125.24.0-255,5738,293112,12,328002
26329,0.046456,172.31.36.0-255,66,293178,12,328002
26330,0.048463,74.125.24.0-255,5738,298916,12,328002
26331,0.04847,172.31.36.0-255,66,298982,12,328002
26332,0.050485,74.125.24.0-255,5738,304720,12,328002
26333,0.050491,172.31.36.0-255,66,304786,12,328002
26334,0.052547,74.125.24.0-255,5738,310524,12,328002
26335,0.052558,172.31.36.0-255,66,310590,12,328002
26336,0.054577,74.125.24.0-255,5738,316328,12,328002
26337,0.054584,172.31.36.0-255,66,316394,12,328002
26338,0.056584,74.125.24.0-255,5738,322132,12,328002
26339,0.056592,172.31.36.0-255,66,322198,12,328002
26340,0.0586,74.125.24.0-255,5738,327936,12,328002
26341,0.058607,172.31.36.0-255,66,328002,12,328002
26342,0.0,172.217.194.0-255,66,66,12,66
26343,0.0,172.217.194.0-255,145,145,12,243604
26344,2.5e-05,172.31.36.0-255,66,211,12,243604
26345,3.1e-05,172.217.194.0-255,1484,1695,12,243604
26346,3.4e-05,172.31.36.0-255,66,1761,12,243604
26347,4e-05,172.217.194.0-255,2902,4663,12,243604
26348,5.3e-05,172.31.36.0-255,66,4729,12,243604
26349,6e-05,172.217.194.0-255,7156,11885,12,243604
26350,6.3e-05,172.31.36.0-255,66,11951,12,243604
26351,6.7e-05,172.217.194.0-255,2078,14029,12,243604
26352,7e-05,172.31.36.0-255,66,14095,12,243604
26353,0.000161,172.217.194.0-255,1484,15579,12,243604
26354,0.000167,172.31.36.0-255,66,15645,12,243604
26355,0.000172,172.217.194.0-255,2902,18547,12,243604
26356,0.000175,172.31.36.0-255,66,18613,12,243604
26357,0.000187,172.217.194.0-255,5738,24351,12,243604
26358,0.00019,172.31.36.0-255,66,24417,12,243604
26359,0.000195,172.217.194.0-255,4320,28737,12,243604
26360,0.000197,172.31.36.0-255,66,28803,12,243604
26361,0.000226,172.217.194.0-255,2543,31346,12,243604
26362,0.000229,172.31.36.0-255,66,31412,12,243604
26363,0.000374,172.217.194.0-255,1484,32896,12,243604
26364,0.000378,172.31.36.0-255,66,32962,12,243604
26365,0.000382,172.217.194.0-255,1484,34446,12,243604
26366,0.000385,172.31.36.0-255,66,34512,12,243604
26367,0.000405,172.217.194.0-255,1484,35996,12,243604
26368,0.000407,172.31.36.0-255,66,36062,12,243604
26369,0.000419,172.217.194.0-255,5738,41800,12,243604
26370,0.000422,172.31.36.0-255,66,41866,12,243604
26371,0.000457,172.31.36.0-255,66,41932,12,243604
26372,0.000469,172.31.36.0-255,66,41998,12,243604
26373,0.000495,172.217.194.0-255,2902,44900,12,243604
26374,0.000498,172.31.36.0-255,66,44966,12,243604
26375,0.000501,172.217.194.0-255,1399,46365,12,243604
26376,0.000771,172.217.194.0-255,117,46482,12,243604
26377,0.000802,172.31.36.0-255,66,46548,12,243604
26378,0.001053,172.217.194.0-255,383,46931,12,243604
26379,0.001519,172.217.194.0-255,1484,48415,12,243604
26380,0.001527,172.31.36.0-255,66,48481,12,243604
26381,0.001533,172.217.194.0-255,2902,51383,12,243604
26382,0.001535,172.31.36.0-255,66,51449,12,243604
26383,0.001546,172.217.194.0-255,5738,57187,12,243604
26384,0.001548,172.31.36.0-255,66,57253,12,243604
26385,0.001611,172.31.36.0-255,66,57319,12,243604
26386,0.001614,172.217.194.0-255,1484,58803,12,243604
26387,0.001621,172.217.194.0-255,7156,65959,12,243604
26388,0.001623,172.31.36.0-255,66,66025,12,243604
26389,0.001647,172.217.194.0-255,2184,68209,12,243604
26390,0.001649,172.31.36.0-255,66,68275,12,243604
26391,0.001742,172.217.194.0-255,1484,69759,12,243604
26392,0.001757,172.217.194.0-255,2902,72661,12,243604
26393,0.001759,172.31.36.0-255,66,72727,12,243604
26394,0.001779,172.217.194.0-255,5738,78465,12,243604
26395,0.001781,172.31.36.0-255,66,78531,12,243604
26396,0.001831,172.31.36.0-255,66,78597,12,243604
26397,0.001855,172.217.194.0-255,1484,80081,12,243604
26398,0.001865,172.31.36.0-255,66,80147,12,243604
26399,0.001888,172.217.194.0-255,2184,82331,12,243604
26400,0.00189,172.31.36.0-255,66,82397,12,243604
26401,0.001894,172.217.194.0-255,2902,85299,12,243604
26402,0.001896,172.31.36.0-255,66,85365,12,243604
26403,0.001902,172.217.194.0-255,4320,89685,12,243604
26404,0.001904,172.31.36.0-255,66,89751,12,243604
26405,0.001926,172.217.194.0-255,2902,92653,12,243604
26406,0.001929,172.31.36.0-255,66,92719,12,243604
26407,0.001941,172.31.36.0-255,66,92785,12,243604
26408,0.001987,172.31.36.0-255,66,92851,12,243604
26409,0.002011,172.217.194.0-255,2184,95035,12,243604
26410,0.002013,172.31.36.0-255,66,95101,12,243604
26411,0.004235,172.217.194.0-255,2902,98003,12,243604
26412,0.00424,172.31.36.0-255,66,98069,12,243604
26413,0.004265,172.217.194.0-255,2902,100971,12,243604
26414,0.004268,172.31.36.0-255,66,101037,12,243604
26415,0.006516,172.217.194.0-255,2902,103939,12,243604
26416,0.006521,172.31.36.0-255,66,104005,12,243604
26417,0.006555,172.217.194.0-255,2902,106907,12,243604
26418,0.006558,172.31.36.0-255,66,106973,12,243604
26419,0.00879,172.217.194.0-255,2902,109875,12,243604
26420,0.008797,172.31.36.0-255,66,109941,12,243604
26421,0.008828,172.217.194.0-255,2902,112843,12,243604
26422,0.008832,172.31.36.0-255,66,112909,12,243604
26423,0.011081,172.217.194.0-255,5738,118647,12,243604
26424,0.011088,172.31.36.0-255,66,118713,12,243604
26425,0.013378,172.217.194.0-255,5738,124451,12,243604
26426,0.013387,172.31.36.0-255,66,124517,12,243604
26427,0.015675,172.217.194.0-255,5738,130255,12,243604
26428,0.015683,172.31.36.0-255,66,130321,12,243604
26429,0.017964,172.217.194.0-255,1484,131805,12,243604
26430,0.018,172.217.194.0-255,4320,136125,12,243604
26431,0.018006,172.31.36.0-255,66,136191,12,243604
26432,0.020295,172.217.194.0-255,5738,141929,12,243604
26433,0.020301,172.31.36.0-255,66,141995,12,243604
26434,0.022579,172.217.194.0-255,5738,147733,12,243604
26435,0.022586,172.31.36.0-255,66,147799,12,243604
26436,0.024763,172.31.36.0-255,172,147971,12,243604
26437,0.024794,172.31.36.0-255,1108,149079,12,243604
26438,0.02483,172.31.36.0-255,1514,150593,12,243604
26439,0.024832,172.31.36.0-255,1301,151894,12,243604
26440,0.024845,172.217.194.0-255,5738,157632,12,243604
26441,0.024854,172.31.36.0-255,66,157698,12,243604
26442,0.026273,104.244.42.0-255,66,157764,12,243604
26443,0.026338,104.244.42.0-255,66,157830,12,243604
26444,0.026358,104.244.42.0-255,66,157896,12,243604
26445,0.027101,172.217.194.0-255,5738,163634,12,243604
26446,0.027107,172.31.36.0-255,66,163700,12,243604
26447,0.029354,172.217.194.0-255,4320,168020,12,243604
26448,0.029361,172.31.36.0-255,66,168086,12,243604
26449,0.029396,172.217.194.0-255,1484,169570,12,243604
26450,0.031649,172.217.194.0-255,4320,173890,12,243604
26451,0.031656,172.31.36.0-255,66,173956,12,243604
26452,0.033916,172.217.194.0-255,5738,179694,12,243604
26453,0.033923,172.31.36.0-255,66,179760,12,243604
26454,0.036169,172.217.194.0-255,5738,185498,12,243604
26455,0.036175,172.31.36.0-255,66,185564,12,243604
26456,0.038461,172.217.194.0-255,5738,191302,12,243604
26457,0.038466,172.31.36.0-255,66,191368,12,243604
26458,0.040715,172.217.194.0-255,5738,197106,12,243604
26459,0.040721,172.31.36.0-255,66,197172,12,243604
26460,0.042985,172.217.194.0-255,5738,202910,12,243604
26461,0.04299,172.31.36.0-255,66,202976,12,243604
26462,0.045255,172.217.194.0-255,5738,208714,12,243604
26463,0.045262,172.31.36.0-255,66,208780,12,243604
26464,0.047543,172.217.194.0-255,5738,214518,12,243604
26465,0.047549,172.31.36.0-255,66,214584,12,243604
26466,0.049833,172.217.194.0-255,5738,220322,12,243604
26467,0.049839,172.31.36.0-255,66,220388,12,243604
26468,0.052113,172.217.194.0-255,5738,226126,12,243604
26469,0.05212,172.31.36.0-255,66,226192,12,243604
26470,0.054398,172.217.194.0-255,5738,231930,12,243604
26471,0.054404,172.31.36.0-255,66,231996,12,243604
26472,0.056699,172.217.194.0-255,5738,237734,12,243604
26473,0.056706,172.31.36.0-255,66,237800,12,243604
26474,0.058985,172.217.194.0-255,5738,243538,12,243604
26475,0.058991,172.31.36.0-255,66,243604,12,243604
26476,0.0,74.125.200.0-255,151,151,12,283980
26477,2.6e-05,172.31.36.0-255,66,217,12,283980
26478,3.3e-05,74.125.200.0-255,1484,1701,12,283980
26479,3.6e-05,172.31.36.0-255,66,1767,12,283980
26480,4.1e-05,74.125.200.0-255,2902,4669,12,283980
26481,4.3e-05,172.31.36.0-255,66,4735,12,283980
26482,4.6e-05,74.125.200.0-255,1484,6219,12,283980
26483,5.7e-05,172.31.36.0-255,66,6285,12,283980
26484,9.6e-05,74.125.200.0-255,2902,9187,12,283980
26485,0.0001,172.31.36.0-255,66,9253,12,283980
26486,0.00013,74.125.200.0-255,2902,12155,12,283980
26487,0.000133,172.31.36.0-255,66,12221,12,283980
26488,0.00017,74.125.200.0-255,3474,15695,12,283980
26489,0.000176,172.31.36.0-255,66,15761,12,283980
26490,0.000181,74.125.200.0-255,4320,20081,12,283980
26491,0.000183,172.31.36.0-255,66,20147,12,283980
26492,0.000188,74.125.200.0-255,5738,25885,12,283980
26493,0.000196,172.31.36.0-255,66,25951,12,283980
26494,0.000203,74.125.200.0-255,5379,31330,12,283980
26495,0.000205,172.31.36.0-255,66,31396,12,283980
26496,0.000241,74.125.200.0-255,1484,32880,12,283980
26497,0.000244,172.31.36.0-255,66,32946,12,283980
26498,0.000249,74.125.200.0-255,2902,35848,12,283980
26499,0.00025,172.31.36.0-255,66,35914,12,283980
26500,0.000256,74.125.200.0-255,5738,41652,12,283980
26501,0.000265,172.31.36.0-255,66,41718,12,283980
26502,0.000269,74.125.200.0-255,1484,43202,12,283980
26503,0.000271,172.31.36.0-255,66,43268,12,283980
26504,0.000284,172.31.36.0-255,66,43334,12,283980
26505,0.000325,172.31.36.0-255,66,43400,12,283980
26506,0.000351,74.125.200.0-255,3968,47368,12,283980
26507,0.000354,172.31.36.0-255,66,47434,12,283980
26508,0.000555,74.125.200.0-255,1484,48918,12,283980
26509,0.000569,74.125.200.0-255,2902,51820,12,283980
26510,0.000573,172.31.36.0-255,66,51886,12,283980
26511,0.000578,74.125.200.0-255,4320,56206,12,283980
26512,0.000581,172.31.36.0-255,66,56272,12,283980
26513,0.000601,74.125.200.0-255,1484,57756,12,283980
26514,0.000629,172.31.36.0-255,66,57822,12,283980
26515,0.000653,74.125.200.0-255,5738,63560,12,283980
26516,0.000656,172.31.36.0-255,66,63626,12,283980
26517,0.000682,172.31.36.0-255,66,63692,12,283980
26518,0.000686,74.125.200.0-255,4320,68012,12,283980
26519,0.000688,172.31.36.0-255,66,68078,12,283980
26520,0.000718,74.125.200.0-255,7156,75234,12,283980
26521,0.000721,172.31.36.0-255,66,75300,12,283980
26522,0.000746,74.125.200.0-255,2543,77843,12,283980
26523,0.000749,172.31.36.0-255,66,77909,12,283980
26524,0.001059,74.125.200.0-255,1484,79393,12,283980
26525,0.001065,74.125.200.0-255,2902,82295,12,283980
26526,0.001068,172.31.36.0-255,66,82361,12,283980
26527,0.001072,74.125.200.0-255,1484,83845,12,283980
26528,0.001096,74.125.200.0-255,2902,86747,12,283980
26529,0.001098,172.31.36.0-255,66,86813,12,283980
26530,0.001103,74.125.200.0-255,4320,91133,12,283980
26531,0.001105,172.31.36.0-255,66,91199,12,283980
26532,0.001126,74.125.200.0-255,4320,95519,12,283980
26533,0.001128,172.31.36.0-255,66,95585,12,283980
26534,0.001132,74.125.200.0-255,2902,98487,12,283980
26535,0.001139,172.31.36.0-255,66,98553,12,283980
26536,0.001144,74.125.200.0-255,4320,102873,12,283980
26537,0.001146,172.31.36.0-255,66,102939,12,283980
26538,0.001151,74.125.200.0-255,5738,108677,12,283980
26539,0.001153,172.31.36.0-255,66,108743,12,283980
26540,0.001183,74.125.200.0-255,2902,111645,12,283980
26541,0.001185,74.125.200.0-255,766,112411,12,283980
26542,0.001187,172.31.36.0-255,66,112477,12,283980
26543,0.001314,172.31.36.0-255,66,112543,12,283980
26544,0.001818,74.125.200.0-255,1484,114027,12,283980
26545,0.001839,74.125.200.0-255,2902,116929,12,283980
26546,0.001843,172.31.36.0-255,66,116995,12,283980
26547,0.001848,74.125.200.0-255,2902,119897,12,283980
26548,0.00185,172.31.36.0-255,66,119963,12,283980
26549,0.001877,74.125.200.0-255,2902,122865,12,283980
26550,0.001879,172.31.36.0-255,66,122931,12,283980
26551,0.001885,74.125.200.0-255,5738,128669,12,283980
26552,0.001886,172.31.36.0-255,66,128735,12,283980
26553,0.001954,74.125.200.0-255,7156,135891,12,283980
26554,0.001958,172.31.36.0-255,66,135957,12,283980
26555,0.001966,172.31.36.0-255,66,136023,12,283980
26556,0.00197,74.125.200.0-255,2184,138207,12,283980
26557,0.001976,172.31.36.0-255,66,138273,12,283980
26558,0.004309,74.125.200.0-255,1484,139757,12,283980
26559,0.004336,74.125.200.0-255,4320,144077,12,283980
26560,0.00434,172.31.36.0-255,66,144143,12,283980
26561,0.00672,74.125.200.0-255,2902,147045,12,283980
26562,0.006722,172.31.36.0-255,66,147111,12,283980
26563,0.006747,74.125.200.0-255,2902,150013,12,283980
26564,0.006748,172.31.36.0-255,66,150079,12,283980
26565,0.009133,74.125.200.0-255,5738,155817,12,283980
26566,0.00914,172.31.36.0-255,66,155883,12,283980
26567,0.011405,74.125.200.0-255,5738,161621,12,283980
26568,0.011413,172.31.36.0-255,66,161687,12,283980
26569,0.013684,74.125.200.0-255,5738,167425,12,283980
26570,0.013702,172.31.36.0-255,66,167491,12,283980
26571,0.01598,74.125.200.0-255,5738,173229,12,283980
26572,0.015995,172.31.36.0-255,66,173295,12,283980
26573,0.018273,74.125.200.0-255,5738,179033,12,283980
26574,0.018291,172.31.36.0-255,66,179099,12,283980
26575,0.020564,74.125.200.0-255,5738,184837,12,283980
26576,0.020575,172.31.36.0-255,66,184903,12,283980
26577,0.022853,74.125.200.0-255,5738,190641,12,283980
26578,0.022864,172.31.36.0-255,66,190707,12,283980
26579,0.025127,74.125.200.0-255,5738,196445,12,283980
26580,0.025134,172.31.36.0-255,66,196511,12,283980
26581,0.025709,172.31.36.0-255,172,196683,12,283980
26582,0.025741,172.31.36.0-255,1109,197792,12,283980
26583,0.025778,172.31.36.0-255,1514,199306,12,283980
26584,0.025781,172.31.36.0-255,1298,200604,12,283980
26585,0.027205,104.244.42.0-255,66,200670,12,283980
26586,0.027289,104.244.42.0-255,66,200736,12,283980
26587,0.027338,104.244.42.0-255,66,200802,12,283980
26588,0.027396,74.125.200.0-255,4320,205122,12,283980
26589,0.0274,172.31.36.0-255,66,205188,12,283980
26590,0.027428,74.125.200.0-255,1484,206672,12,283980
26591,0.028717,104.244.42.0-255,108,206780,12,283980
26592,0.028741,172.31.36.0-255,66,206846,12,283980
26593,0.02965,74.125.200.0-255,4320,211166,12,283980
26594,0.029656,172.31.36.0-255,66,211232,12,283980
26595,0.031917,74.125.200.0-255,5738,216970,12,283980
26596,0.031922,172.31.36.0-255,66,217036,12,283980
26597,0.034187,74.125.200.0-255,5738,222774,12,283980
26598,0.034192,172.31.36.0-255,66,222840,12,283980
26599,0.036435,74.125.200.0-255,4320,227160,12,283980
26600,0.036439,172.31.36.0-255,66,227226,12,283980
26601,0.036467,74.125.200.0-255,1484,228710,12,283980
26602,0.038695,74.125.200.0-255,4320,233030,12,283980
26603,0.0387,172.31.36.0-255,66,233096,12,283980
26604,0.040946,74.125.200.0-255,4320,237416,12,283980
26605,0.040951,172.31.36.0-255,66,237482,12,283980
26606,0.040982,74.125.200.0-255,1484,238966,12,283980
26607,0.043223,74.125.200.0-255,4320,243286,12,283980
26608,0.043229,172.31.36.0-255,66,243352,12,283980
26609,0.0455,74.125.200.0-255,5738,249090,12,283980
26610,0.045511,172.31.36.0-255,66,249156,12,283980
26611,0.047772,74.125.200.0-255,5738,254894,12,283980
26612,0.047779,172.31.36.0-255,66,254960,12,283980
26613,0.050038,74.125.200.0-255,5738,260698,12,283980
26614,0.050042,172.31.36.0-255,66,260764,12,283980
26615,0.052297,74.125.200.0-255,5738,266502,12,283980
26616,0.052308,172.31.36.0-255,66,266568,12,283980
26617,0.05458,74.125.200.0-255,5738,272306,12,283980
26618,0.054587,172.31.36.0-255,66,272372,12,283980
26619,0.056841,74.125.200.0-255,5738,278110,12,283980
26620,0.056847,172.31.36.0-255,66,278176,12,283980
26621,0.059111,74.125.200.0-255,5738,283914,12,283980
26622,0.059116,172.31.36.0-255,66,283980,12,283980
26623,0.0,172.217.194.0-255,153,153,12,250168
26624,1.8e-05,172.31.36.0-255,66,219,12,250168
26625,2.5e-05,172.217.194.0-255,1484,1703,12,250168
26626,2.9e-05,172.31.36.0-255,66,1769,12,250168
26627,3.2e-05,172.217.194.0-255,1484,3253,12,250168
26628,3.5e-05,172.31.36.0-255,66,3319,12,250168
26629,5.1e-05,172.217.194.0-255,1484,4803,12,250168
26630,5.4e-05,172.31.36.0-255,66,4869,12,250168
26631,6e-05,172.217.194.0-255,4320,9189,12,250168
26632,6.3e-05,172.31.36.0-255,66,9255,12,250168
26633,7.7e-05,172.217.194.0-255,1484,10739,12,250168
26634,7.9e-05,172.31.36.0-255,66,10805,12,250168
26635,8.5e-05,172.217.194.0-255,1484,12289,12,250168
26636,8.6e-05,172.31.36.0-255,66,12355,12,250168
26637,0.000107,172.217.194.0-255,1950,14305,12,250168
26638,0.00011,172.31.36.0-255,66,14371,12,250168
26639,0.00028,172.217.194.0-255,1484,15855,12,250168
26640,0.000287,172.31.36.0-255,66,15921,12,250168
26641,0.000293,172.217.194.0-255,2902,18823,12,250168
26642,0.000298,172.31.36.0-255,66,18889,12,250168
26643,0.000314,172.217.194.0-255,4320,23209,12,250168
26644,0.00032,172.31.36.0-255,66,23275,12,250168
26645,0.000327,172.217.194.0-255,1484,24759,12,250168
26646,0.000329,172.31.36.0-255,66,24825,12,250168
26647,0.000333,172.217.194.0-255,1484,26309,12,250168
26648,0.000335,172.31.36.0-255,66,26375,12,250168
26649,0.000361,172.217.194.0-255,5379,31754,12,250168
26650,0.000366,172.31.36.0-255,66,31820,12,250168
26651,0.000574,172.217.194.0-255,1484,33304,12,250168
26652,0.000579,172.31.36.0-255,66,33370,12,250168
26653,0.000587,172.217.194.0-255,2902,36272,12,250168
26654,0.00059,172.31.36.0-255,66,36338,12,250168
26655,0.000594,172.217.194.0-255,1484,37822,12,250168
26656,0.000618,172.217.194.0-255,4320,42142,12,250168
26657,0.000622,172.31.36.0-255,66,42208,12,250168
26658,0.000639,172.217.194.0-255,5738,47946,12,250168
26659,0.000641,172.31.36.0-255,66,48012,12,250168
26660,0.000653,172.217.194.0-255,1125,49137,12,250168
26661,0.000677,172.217.194.0-255,2902,52039,12,250168
26662,0.00068,172.31.36.0-255,66,52105,12,250168
26663,0.000698,172.217.194.0-255,4320,56425,12,250168
26664,0.000701,172.31.36.0-255,66,56491,12,250168
26665,0.000708,172.217.194.0-255,5738,62229,12,250168
26666,0.00071,172.31.36.0-255,66,62295,12,250168
26667,0.000746,172.217.194.0-255,3961,66256,12,250168
26668,0.000751,172.31.36.0-255,66,66322,12,250168
26669,0.001229,172.217.194.0-255,646,66968,12,250168
26670,0.001362,172.217.194.0-255,1484,68452,12,250168
26671,0.001366,172.31.36.0-255,66,68518,12,250168
26672,0.001372,172.217.194.0-255,2902,71420,12,250168
26673,0.001375,172.31.36.0-255,66,71486,12,250168
26674,0.001378,172.217.194.0-255,1484,72970,12,250168
26675,0.001398,172.217.194.0-255,4320,77290,12,250168
26676,0.0014,172.31.36.0-255,66,77356,12,250168
26677,0.001405,172.217.194.0-255,4320,81676,12,250168
26678,0.001407,172.31.36.0-255,66,81742,12,250168
26679,0.00144,172.217.194.0-255,1484,83226,12,250168
26680,0.001452,172.31.36.0-255,66,83292,12,250168
26681,0.001458,172.217.194.0-255,5020,88312,12,250168
26682,0.001461,172.31.36.0-255,66,88378,12,250168
26683,0.001964,172.217.194.0-255,1484,89862,12,250168
26684,0.001967,172.217.194.0-255,1484,91346,12,250168
26685,0.001969,172.31.36.0-255,66,91412,12,250168
26686,0.001985,172.217.194.0-255,1484,92896,12,250168
26687,0.001991,172.217.194.0-255,5738,98634,12,250168
26688,0.001993,172.31.36.0-255,66,98700,12,250168
26689,0.002022,172.31.36.0-255,66,98766,12,250168
26690,0.00206,172.217.194.0-255,2902,101668,12,250168
26691,0.002062,172.31.36.0-255,66,101734,12,250168
26692,0.002086,172.31.36.0-255,66,101800,12,250168
26693,0.002277,172.217.194.0-255,1484,103284,12,250168
26694,0.00229,172.217.194.0-255,1484,104768,12,250168
26695,0.002293,172.31.36.0-255,66,104834,12,250168
26696,0.002313,172.217.194.0-255,1484,106318,12,250168
26697,0.002319,172.217.194.0-255,5738,112056,12,250168
26698,0.002321,172.31.36.0-255,66,112122,12,250168
26699,0.002328,172.217.194.0-255,7156,119278,12,250168
26700,0.00233,172.31.36.0-255,66,119344,12,250168
26701,0.002342,172.217.194.0-255,2902,122246,12,250168
26702,0.002344,172.31.36.0-255,66,122312,12,250168
26703,0.002364,172.217.194.0-255,2902,125214,12,250168
26704,0.002367,172.31.36.0-255,66,125280,12,250168
26705,0.002391,172.31.36.0-255,66,125346,12,250168
26706,0.004981,172.217.194.0-255,5738,131084,12,250168
26707,0.004987,172.31.36.0-255,66,131150,12,250168
26708,0.007625,172.217.194.0-255,5738,136888,12,250168
26709,0.007632,172.31.36.0-255,66,136954,12,250168
26710,0.010243,172.217.194.0-255,5738,142692,12,250168
26711,0.010249,172.31.36.0-255,66,142758,12,250168
26712,0.012876,172.217.194.0-255,5738,148496,12,250168
26713,0.012885,172.31.36.0-255,66,148562,12,250168
26714,0.01548,172.217.194.0-255,5738,154300,12,250168
26715,0.015489,172.31.36.0-255,66,154366,12,250168
26716,0.01808,172.217.194.0-255,5738,160104,12,250168
26717,0.018088,172.31.36.0-255,66,160170,12,250168
26718,0.020724,172.217.194.0-255,5738,165908,12,250168
26719,0.02073,172.31.36.0-255,66,165974,12,250168
26720,0.023327,172.217.194.0-255,5738,171712,12,250168
26721,0.023336,172.31.36.0-255,66,171778,12,250168
26722,0.024656,172.31.36.0-255,171,171949,12,250168
26723,0.024691,172.31.36.0-255,1132,173081,12,250168
26724,0.024726,172.31.36.0-255,1514,174595,12,250168
26725,0.024728,172.31.36.0-255,1275,175870,12,250168
26726,0.025959,172.217.194.0-255,5738,181608,12,250168
26727,0.025965,172.31.36.0-255,66,181674,12,250168
26728,0.026233,104.244.42.0-255,66,181740,12,250168
26729,0.026242,104.244.42.0-255,66,181806,12,250168
26730,0.026295,104.244.42.0-255,66,181872,12,250168
26731,0.028581,172.217.194.0-255,4320,186192,12,250168
26732,0.028586,172.31.36.0-255,66,186258,12,250168
26733,0.028614,172.217.194.0-255,1484,187742,12,250168
26734,0.03122,172.217.194.0-255,4320,192062,12,250168
26735,0.031224,172.31.36.0-255,66,192128,12,250168
26736,0.033803,172.217.194.0-255,5738,197866,12,250168
26737,0.03381,172.31.36.0-255,66,197932,12,250168
26738,0.036438,172.217.194.0-255,5738,203670,12,250168
26739,0.036444,172.31.36.0-255,66,203736,12,250168
26740,0.039088,172.217.194.0-255,5738,209474,12,250168
26741,0.039094,172.31.36.0-255,66,209540,12,250168
26742,0.041718,172.217.194.0-255,5738,215278,12,250168
26743,0.041723,172.31.36.0-255,66,215344,12,250168
26744,0.044369,172.217.194.0-255,5738,221082,12,250168
26745,0.044375,172.31.36.0-255,66,221148,12,250168
26746,0.04701,172.217.194.0-255,5738,226886,12,250168
26747,0.04702,172.31.36.0-255,66,226952,12,250168
26748,0.049621,172.217.194.0-255,5738,232690,12,250168
26749,0.049625,172.31.36.0-255,66,232756,12,250168
26750,0.052228,172.217.194.0-255,5738,238494,12,250168
26751,0.052234,172.31.36.0-255,66,238560,12,250168
26752,0.054821,172.217.194.0-255,5738,244298,12,250168
26753,0.054827,172.31.36.0-255,66,244364,12,250168
26754,0.057436,172.217.194.0-255,5738,250102,12,250168
26755,0.05744,172.31.36.0-255,66,250168,12,250168
26756,0.0,172.217.194.0-255,153,153,12,203323
26757,2.8e-05,172.31.36.0-255,66,219,12,203323
26758,3.4e-05,172.217.194.0-255,1484,1703,12,203323
26759,3.9e-05,172.31.36.0-255,66,1769,12,203323
26760,5.1e-05,172.217.194.0-255,2902,4671,12,203323
26761,5.5e-05,172.31.36.0-255,66,4737,12,203323
26762,9.3e-05,172.217.194.0-255,7156,11893,12,203323
26763,9.8e-05,172.31.36.0-255,66,11959,12,203323
26764,0.000157,172.217.194.0-255,2085,14044,12,203323
26765,0.000162,172.31.36.0-255,66,14110,12,203323
26766,0.000398,172.217.194.0-255,1484,15594,12,203323
26767,0.000403,172.31.36.0-255,66,15660,12,203323
26768,0.000408,172.217.194.0-255,2902,18562,12,203323
26769,0.00041,172.31.36.0-255,66,18628,12,203323
26770,0.000433,172.217.194.0-255,5738,24366,12,203323
26771,0.000438,172.31.36.0-255,66,24432,12,203323
26772,0.000513,172.217.194.0-255,4320,28752,12,203323
26773,0.000517,172.31.36.0-255,66,28818,12,203323
26774,0.000545,172.217.194.0-255,2543,31361,12,203323
26775,0.000548,172.31.36.0-255,66,31427,12,203323
26776,0.000603,172.217.194.0-255,1484,32911,12,203323
26777,0.000607,172.31.36.0-255,66,32977,12,203323
26778,0.000636,172.217.194.0-255,2902,35879,12,203323
26779,0.000641,172.31.36.0-255,66,35945,12,203323
26780,0.000647,172.217.194.0-255,5738,41683,12,203323
26781,0.000649,172.31.36.0-255,66,41749,12,203323
26782,0.000707,172.217.194.0-255,2902,44651,12,203323
26783,0.000712,172.31.36.0-255,66,44717,12,203323
26784,0.000731,172.217.194.0-255,3961,48678,12,203323
26785,0.000734,172.31.36.0-255,66,48744,12,203323
26786,0.000793,172.217.194.0-255,2902,51646,12,203323
26787,0.000797,172.31.36.0-255,66,51712,12,203323
26788,0.000852,172.31.36.0-255,66,51778,12,203323
26789,0.000963,172.217.194.0-255,2793,54571,12,203323
26790,0.000967,172.31.36.0-255,66,54637,12,203323
26791,0.000974,172.217.194.0-255,119,54756,12,203323
26792,0.000994,172.217.194.0-255,1484,56240,12,203323
26793,0.001265,172.217.194.0-255,7156,63396,12,203323
26794,0.00129,172.217.194.0-255,5379,68775,12,203323
26795,0.001384,172.217.194.0-255,382,69157,12,203323
26796,0.001388,172.31.36.0-255,66,69223,12,203323
26797,0.001417,172.217.194.0-255,5738,74961,12,203323
26798,0.001442,172.31.36.0-255,66,75027,12,203323
26799,0.001588,172.217.194.0-255,5738,80765,12,203323
26800,0.001601,172.31.36.0-255,66,80831,12,203323
26801,0.001629,172.31.36.0-255,66,80897,12,203323
26802,0.001833,172.31.36.0-255,66,80963,12,203323
26803,0.001856,172.31.36.0-255,66,81029,12,203323
26804,0.002076,172.31.36.0-255,66,81095,12,203323
26805,0.002141,172.31.36.0-255,66,81161,12,203323
26806,0.002142,172.217.194.0-255,6438,87599,12,203323
26807,0.002146,172.31.36.0-255,66,87665,12,203323
26808,0.00256,172.217.194.0-255,6438,94103,12,203323
26809,0.002565,172.31.36.0-255,66,94169,12,203323
26810,0.002778,172.217.194.0-255,1484,95653,12,203323
26811,0.002788,172.217.194.0-255,2902,98555,12,203323
26812,0.002792,172.31.36.0-255,66,98621,12,203323
26813,0.002817,172.217.194.0-255,1484,100105,12,203323
26814,0.002822,172.217.194.0-255,2902,103007,12,203323
26815,0.002898,172.31.36.0-255,66,103073,12,203323
26816,0.002977,172.217.194.0-255,4320,107393,12,203323
26817,0.002993,172.217.194.0-255,7156,114549,12,203323
26818,0.003002,172.31.36.0-255,66,114615,12,203323
26819,0.003013,172.217.194.0-255,3602,118217,12,203323
26820,0.003033,172.31.36.0-255,66,118283,12,203323
26821,0.003415,172.217.194.0-255,1484,119767,12,203323
26822,0.003438,172.217.194.0-255,1484,121251,12,203323
26823,0.003443,172.31.36.0-255,66,121317,12,203323
26824,0.003471,172.217.194.0-255,1484,122801,12,203323
26825,0.003476,172.217.194.0-255,2902,125703,12,203323
26826,0.003488,172.217.194.0-255,1484,127187,12,203323
26827,0.003494,172.31.36.0-255,66,127253,12,203323
26828,0.003505,172.217.194.0-255,5738,132991,12,203323
26829,0.00352,172.31.36.0-255,66,133057,12,203323
26830,0.003586,172.217.194.0-255,4320,137377,12,203323
26831,0.003601,172.217.194.0-255,2902,140279,12,203323
26832,0.003604,172.31.36.0-255,66,140345,12,203323
26833,0.003609,172.31.36.0-255,66,140411,12,203323
26834,0.003663,172.217.194.0-255,4320,144731,12,203323
26835,0.003685,172.31.36.0-255,66,144797,12,203323
26836,0.003695,172.31.36.0-255,66,144863,12,203323
26837,0.00395,172.217.194.0-255,1484,146347,12,203323
26838,0.003958,172.217.194.0-255,2902,149249,12,203323
26839,0.003962,172.31.36.0-255,66,149315,12,203323
26840,0.003992,172.217.194.0-255,1484,150799,12,203323
26841,0.003999,172.217.194.0-255,5738,156537,12,203323
26842,0.004016,172.31.36.0-255,66,156603,12,203323
26843,0.004067,172.217.194.0-255,4320,160923,12,203323
26844,0.004097,172.31.36.0-255,66,160989,12,203323
26845,0.004236,172.217.194.0-255,4320,165309,12,203323
26846,0.004247,172.217.194.0-255,1484,166793,12,203323
26847,0.004251,172.31.36.0-255,66,166859,12,203323
26848,0.004296,172.217.194.0-255,4320,171179,12,203323
26849,0.004315,172.217.194.0-255,7156,178335,12,203323
26850,0.004321,172.31.36.0-255,66,178401,12,203323
26851,0.004344,172.217.194.0-255,7156,185557,12,203323
26852,0.004346,172.31.36.0-255,66,185623,12,203323
26853,0.004372,172.217.194.0-255,2184,187807,12,203323
26854,0.004382,172.31.36.0-255,66,187873,12,203323
26855,0.004592,172.31.36.0-255,66,187939,12,203323
26856,0.004773,172.217.194.0-255,5738,193677,12,203323
26857,0.004777,172.31.36.0-255,66,193743,12,203323
26858,0.004848,172.31.36.0-255,66,193809,12,203323
26859,0.005378,172.217.194.0-255,7156,200965,12,203323
26860,0.005384,172.31.36.0-255,66,201031,12,203323
26861,0.0102,172.31.36.0-255,66,201097,12,203323
26862,0.010514,172.31.36.0-255,105,201202,12,203323
26863,0.012836,172.217.194.0-255,66,201268,12,203323
26864,0.031024,172.31.36.0-255,172,201440,12,203323
26865,0.03105,172.31.36.0-255,1109,202549,12,203323
26866,0.031109,172.31.36.0-255,576,203125,12,203323
26867,0.032574,104.244.42.0-255,66,203191,12,203323
26868,0.032626,104.244.42.0-255,66,203257,12,203323
26869,0.03268,104.244.42.0-255,66,203323,12,203323
26870,0.0,216.58.221.0-255,153,153,12,271522
26871,2.7e-05,172.31.36.0-255,66,219,12,271522
26872,3.3e-05,216.58.221.0-255,1484,1703,12,271522
26873,3.8e-05,172.31.36.0-255,66,1769,12,271522
26874,4.9e-05,216.58.221.0-255,2902,4671,12,271522
26875,5.2e-05,172.31.36.0-255,66,4737,12,271522
26876,5.9e-05,216.58.221.0-255,7156,11893,12,271522
26877,6.2e-05,172.31.36.0-255,66,11959,12,271522
26878,6.6e-05,216.58.221.0-255,2049,14008,12,271522
26879,6.9e-05,172.31.36.0-255,66,14074,12,271522
26880,0.000227,216.58.221.0-255,1484,15558,12,271522
26881,0.000232,172.31.36.0-255,66,15624,12,271522
26882,0.000238,216.58.221.0-255,2902,18526,12,271522
26883,0.00024,172.31.36.0-255,66,18592,12,271522
26884,0.000245,216.58.221.0-255,4320,22912,12,271522
26885,0.000253,172.31.36.0-255,66,22978,12,271522
26886,0.000285,216.58.221.0-255,1484,24462,12,271522
26887,0.000289,172.31.36.0-255,66,24528,12,271522
26888,0.000301,172.31.36.0-255,66,24594,12,271522
26889,0.000312,172.31.36.0-255,66,24660,12,271522
26890,0.000366,172.31.36.0-255,66,24726,12,271522
26891,0.000371,216.58.221.0-255,3892,28618,12,271522
26892,0.000374,172.31.36.0-255,66,28684,12,271522
26893,0.000998,216.58.221.0-255,137,28821,12,271522
26894,0.001004,172.31.36.0-255,66,28887,12,271522
26895,0.001219,216.58.221.0-255,1484,30371,12,271522
26896,0.001225,172.31.36.0-255,66,30437,12,271522
26897,0.001232,216.58.221.0-255,2902,33339,12,271522
26898,0.001234,172.31.36.0-255,66,33405,12,271522
26899,0.001244,216.58.221.0-255,2902,36307,12,271522
26900,0.001246,172.31.36.0-255,66,36373,12,271522
26901,0.001269,216.58.221.0-255,2902,39275,12,271522
26902,0.001271,172.31.36.0-255,66,39341,12,271522
26903,0.001303,216.58.221.0-255,1484,40825,12,271522
26904,0.001315,172.31.36.0-255,66,40891,12,271522
26905,0.001325,172.31.36.0-255,66,40957,12,271522
26906,0.001328,216.58.221.0-255,1484,42441,12,271522
26907,0.001356,216.58.221.0-255,2184,44625,12,271522
26908,0.001359,172.31.36.0-255,66,44691,12,271522
26909,0.001423,216.58.221.0-255,1484,46175,12,271522
26910,0.001428,216.58.221.0-255,2902,49077,12,271522
26911,0.00143,172.31.36.0-255,66,49143,12,271522
26912,0.001455,216.58.221.0-255,1484,50627,12,271522
26913,0.00146,216.58.221.0-255,2902,53529,12,271522
26914,0.001462,172.31.36.0-255,66,53595,12,271522
26915,0.001495,216.58.221.0-255,5738,59333,12,271522
26916,0.001498,172.31.36.0-255,66,59399,12,271522
26917,0.001516,172.31.36.0-255,66,59465,12,271522
26918,0.001553,172.31.36.0-255,66,59531,12,271522
26919,0.001596,216.58.221.0-255,7156,66687,12,271522
26920,0.001599,172.31.36.0-255,66,66753,12,271522
26921,0.001633,216.58.221.0-255,1484,68237,12,271522
26922,0.001645,172.31.36.0-255,66,68303,12,271522
26923,0.001657,172.31.36.0-255,66,68369,12,271522
26924,0.001681,216.58.221.0-255,5020,73389,12,271522
26925,0.001685,172.31.36.0-255,66,73455,12,271522
26926,0.001755,216.58.221.0-255,1484,74939,12,271522
26927,0.001794,216.58.221.0-255,1484,76423,12,271522
26928,0.001797,172.31.36.0-255,66,76489,12,271522
26929,0.001802,216.58.221.0-255,2902,79391,12,271522
26930,0.001804,172.31.36.0-255,66,79457,12,271522
26931,0.001836,216.58.221.0-255,1484,80941,12,271522
26932,0.001841,216.58.221.0-255,2902,83843,12,271522
26933,0.001843,172.31.36.0-255,66,83909,12,271522
26934,0.00185,216.58.221.0-255,5738,89647,12,271522
26935,0.001852,172.31.36.0-255,66,89713,12,271522
26936,0.001857,216.58.221.0-255,4320,94033,12,271522
26937,0.001859,172.31.36.0-255,66,94099,12,271522
26938,0.001888,216.58.221.0-255,2902,97001,12,271522
26939,0.001891,172.31.36.0-255,66,97067,12,271522
26940,0.001896,216.58.221.0-255,2902,99969,12,271522
26941,0.001898,172.31.36.0-255,66,100035,12,271522
26942,0.001928,172.31.36.0-255,66,100101,12,271522
26943,0.003902,216.58.221.0-255,5738,105839,12,271522
26944,0.003909,172.31.36.0-255,66,105905,12,271522
26945,0.005879,216.58.221.0-255,4320,110225,12,271522
26946,0.005883,172.31.36.0-255,66,110291,12,271522
26947,0.005911,216.58.221.0-255,1484,111775,12,271522
26948,0.007864,216.58.221.0-255,4320,116095,12,271522
26949,0.00787,172.31.36.0-255,66,116161,12,271522
26950,0.009844,216.58.221.0-255,5738,121899,12,271522
26951,0.009851,172.31.36.0-255,66,121965,12,271522
26952,0.011834,216.58.221.0-255,5738,127703,12,271522
26953,0.011842,172.31.36.0-255,66,127769,12,271522
26954,0.013821,216.58.221.0-255,5738,133507,12,271522
26955,0.013831,172.31.36.0-255,66,133573,12,271522
26956,0.015808,216.58.221.0-255,5738,139311,12,271522
26957,0.015815,172.31.36.0-255,66,139377,12,271522
26958,0.017792,216.58.221.0-255,5738,145115,12,271522
26959,0.017798,172.31.36.0-255,66,145181,12,271522
26960,0.019798,216.58.221.0-255,5738,150919,12,271522
26961,0.019807,172.31.36.0-255,66,150985,12,271522
26962,0.021825,216.58.221.0-255,5738,156723,12,271522
26963,0.021833,172.31.36.0-255,66,156789,12,271522
26964,0.023845,216.58.221.0-255,5738,162527,12,271522
26965,0.023852,172.31.36.0-255,66,162593,12,271522
26966,0.025724,172.31.36.0-255,172,162765,12,271522
26967,0.025755,172.31.36.0-255,1107,163872,12,271522
26968,0.025796,172.31.36.0-255,1514,165386,12,271522
26969,0.025797,172.31.36.0-255,1300,166686,12,271522
26970,0.025822,216.58.221.0-255,2902,169588,12,271522
26971,0.025827,172.31.36.0-255,66,169654,12,271522
26972,0.025856,216.58.221.0-255,2902,172556,12,271522
26973,0.02586,172.31.36.0-255,66,172622,12,271522
26974,0.027265,104.244.42.0-255,66,172688,12,271522
26975,0.027309,104.244.42.0-255,66,172754,12,271522
26976,0.02736,104.244.42.0-255,66,172820,12,271522
26977,0.027811,216.58.221.0-255,2902,175722,12,271522
26978,0.027814,172.31.36.0-255,66,175788,12,271522
26979,0.027848,216.58.221.0-255,2902,178690,12,271522
26980,0.027851,172.31.36.0-255,66,178756,12,271522
26981,0.029785,216.58.221.0-255,2902,181658,12,271522
26982,0.02979,172.31.36.0-255,66,181724,12,271522
26983,0.029824,216.58.221.0-255,2902,184626,12,271522
26984,0.029827,172.31.36.0-255,66,184692,12,271522
26985,0.031764,216.58.221.0-255,2902,187594,12,271522
26986,0.031769,172.31.36.0-255,66,187660,12,271522
26987,0.031804,216.58.221.0-255,2902,190562,12,271522
26988,0.031807,172.31.36.0-255,66,190628,12,271522
26989,0.033735,216.58.221.0-255,2902,193530,12,271522
26990,0.033741,172.31.36.0-255,66,193596,12,271522
26991,0.033779,216.58.221.0-255,2902,196498,12,271522
26992,0.033782,172.31.36.0-255,66,196564,12,271522
26993,0.035704,216.58.221.0-255,2902,199466,12,271522
26994,0.035709,172.31.36.0-255,66,199532,12,271522
26995,0.035753,216.58.221.0-255,2902,202434,12,271522
26996,0.035757,172.31.36.0-255,66,202500,12,271522
26997,0.037675,216.58.221.0-255,2902,205402,12,271522
26998,0.03768,172.31.36.0-255,66,205468,12,271522
26999,0.037717,216.58.221.0-255,2902,208370,12,271522
27000,0.03772,172.31.36.0-255,66,208436,12,271522
27001,0.039655,216.58.221.0-255,2902,211338,12,271522
27002,0.039661,172.31.36.0-255,66,211404,12,271522
27003,0.039694,216.58.221.0-255,2902,214306,12,271522
27004,0.039697,172.31.36.0-255,66,214372,12,271522
27005,0.041646,216.58.221.0-255,2902,217274,12,271522
27006,0.041652,172.31.36.0-255,66,217340,12,271522
27007,0.041684,216.58.221.0-255,2902,220242,12,271522
27008,0.041687,172.31.36.0-255,66,220308,12,271522
27009,0.043675,216.58.221.0-255,2902,223210,12,271522
27010,0.04368,172.31.36.0-255,66,223276,12,271522
27011,0.043715,216.58.221.0-255,2902,226178,12,271522
27012,0.043718,172.31.36.0-255,66,226244,12,271522
27013,0.045647,216.58.221.0-255,2902,229146,12,271522
27014,0.04567,172.31.36.0-255,66,229212,12,271522
27015,0.04569,216.58.221.0-255,2902,232114,12,271522
27016,0.045694,172.31.36.0-255,66,232180,12,271522
27017,0.047641,216.58.221.0-255,1484,233664,12,271522
27018,0.047674,216.58.221.0-255,4320,237984,12,271522
27019,0.047679,172.31.36.0-255,66,238050,12,271522
27020,0.049651,216.58.221.0-255,5738,243788,12,271522
27021,0.049657,172.31.36.0-255,66,243854,12,271522
27022,0.051641,216.58.221.0-255,5738,249592,12,271522
27023,0.051646,172.31.36.0-255,66,249658,12,271522
27024,0.053619,216.58.221.0-255,5738,255396,12,271522
27025,0.053625,172.31.36.0-255,66,255462,12,271522
27026,0.055606,216.58.221.0-255,5738,261200,12,271522
27027,0.055611,172.31.36.0-255,66,261266,12,271522
27028,0.05758,216.58.221.0-255,4320,265586,12,271522
27029,0.057586,172.31.36.0-255,66,265652,12,271522
27030,0.057616,216.58.221.0-255,1484,267136,12,271522
27031,0.059554,216.58.221.0-255,4320,271456,12,271522
27032,0.059559,172.31.36.0-255,66,271522,12,271522
27033,0.0,172.217.194.0-255,153,153,12,196117
27034,1.3e-05,172.31.36.0-255,66,219,12,196117
27035,4.1e-05,172.217.194.0-255,1484,1703,12,196117
27036,4.5e-05,172.31.36.0-255,66,1769,12,196117
27037,5e-05,172.217.194.0-255,2902,4671,12,196117
27038,5.4e-05,172.31.36.0-255,66,4737,12,196117
27039,6.1e-05,172.217.194.0-255,5738,10475,12,196117
27040,6.3e-05,172.31.36.0-255,66,10541,12,196117
27041,7.8e-05,172.217.194.0-255,1484,12025,12,196117
27042,8e-05,172.31.36.0-255,66,12091,12,196117
27043,0.000107,172.31.36.0-255,66,12157,12,196117
27044,0.000127,172.217.194.0-255,4320,16477,12,196117
27045,0.000129,172.31.36.0-255,66,16543,12,196117
27046,0.000142,172.217.194.0-255,2543,19086,12,196117
27047,0.000144,172.31.36.0-255,66,19152,12,196117
27048,0.000165,172.217.194.0-255,5738,24890,12,196117
27049,0.000168,172.31.36.0-255,66,24956,12,196117
27050,0.000192,172.217.194.0-255,1484,26440,12,196117
27051,0.000194,172.31.36.0-255,66,26506,12,196117
27052,0.000201,172.217.194.0-255,5738,32244,12,196117
27053,0.000203,172.31.36.0-255,66,32310,12,196117
27054,0.000232,172.217.194.0-255,3961,36271,12,196117
27055,0.000236,172.31.36.0-255,66,36337,12,196117
27056,0.000355,172.217.194.0-255,1484,37821,12,196117
27057,0.00036,172.31.36.0-255,66,37887,12,196117
27058,0.000374,172.217.194.0-255,2902,40789,12,196117
27059,0.000377,172.31.36.0-255,66,40855,12,196117
27060,0.000385,172.217.194.0-255,5738,46593,12,196117
27061,0.000388,172.31.36.0-255,66,46659,12,196117
27062,0.00044,172.217.194.0-255,4320,50979,12,196117
27063,0.000443,172.31.36.0-255,66,51045,12,196117
27064,0.000458,172.217.194.0-255,3122,54167,12,196117
27065,0.000461,172.31.36.0-255,66,54233,12,196117
27066,0.000546,172.217.194.0-255,1484,55717,12,196117
27067,0.000552,172.217.194.0-255,1484,57201,12,196117
27068,0.000555,172.31.36.0-255,66,57267,12,196117
27069,0.000573,172.217.194.0-255,1484,58751,12,196117
27070,0.000579,172.217.194.0-255,4320,63071,12,196117
27071,0.000582,172.31.36.0-255,66,63137,12,196117
27072,0.000588,172.217.194.0-255,4320,67457,12,196117
27073,0.000591,172.31.36.0-255,66,67523,12,196117
27074,0.000602,172.217.194.0-255,1484,69007,12,196117
27075,0.000629,172.217.194.0-255,2902,71909,12,196117
27076,0.000633,172.31.36.0-255,66,71975,12,196117
27077,0.000656,172.217.194.0-255,2543,74518,12,196117
27078,0.000659,172.31.36.0-255,66,74584,12,196117
27079,0.000665,172.217.194.0-255,5738,80322,12,196117
27080,0.000668,172.31.36.0-255,66,80388,12,196117
27081,0.000686,172.217.194.0-255,5738,86126,12,196117
27082,0.000688,172.31.36.0-255,66,86192,12,196117
27083,0.000702,172.217.194.0-255,2543,88735,12,196117
27084,0.000704,172.31.36.0-255,66,88801,12,196117
27085,0.001173,172.217.194.0-255,1484,90285,12,196117
27086,0.001178,172.217.194.0-255,1484,91769,12,196117
27087,0.001181,172.31.36.0-255,66,91835,12,196117
27088,0.001203,172.217.194.0-255,1484,93319,12,196117
27089,0.00121,172.217.194.0-255,5738,99057,12,196117
27090,0.001213,172.31.36.0-255,66,99123,12,196117
27091,0.001216,172.217.194.0-255,1484,100607,12,196117
27092,0.001248,172.31.36.0-255,66,100673,12,196117
27093,0.00126,172.31.36.0-255,66,100739,12,196117
27094,0.001314,172.217.194.0-255,1484,102223,12,196117
27095,0.001319,172.217.194.0-255,2902,105125,12,196117
27096,0.001321,172.31.36.0-255,66,105191,12,196117
27097,0.001342,172.217.194.0-255,5738,110929,12,196117
27098,0.001344,172.31.36.0-255,66,110995,12,196117
27099,0.001366,172.217.194.0-255,7156,118151,12,196117
27100,0.001369,172.31.36.0-255,66,118217,12,196117
27101,0.001387,172.217.194.0-255,2902,121119,12,196117
27102,0.001389,172.31.36.0-255,66,121185,12,196117
27103,0.001403,172.217.194.0-255,1484,122669,12,196117
27104,0.001425,172.31.36.0-255,66,122735,12,196117
27105,0.001446,172.217.194.0-255,3602,126337,12,196117
27106,0.001449,172.31.36.0-255,66,126403,12,196117
27107,0.002033,172.217.194.0-255,1484,127887,12,196117
27108,0.002054,172.217.194.0-255,2902,130789,12,196117
27109,0.002057,172.31.36.0-255,66,130855,12,196117
27110,0.002064,172.217.194.0-255,5738,136593,12,196117
27111,0.002066,172.31.36.0-255,66,136659,12,196117
27112,0.002113,172.31.36.0-255,66,136725,12,196117
27113,0.002152,172.217.194.0-255,2184,138909,12,196117
27114,0.002155,172.31.36.0-255,66,138975,12,196117
27115,0.002158,172.31.36.0-255,66,139041,12,196117
27116,0.002213,172.217.194.0-255,2902,141943,12,196117
27117,0.002217,172.31.36.0-255,66,142009,12,196117
27118,0.002223,172.217.194.0-255,4320,146329,12,196117
27119,0.002225,172.31.36.0-255,66,146395,12,196117
27120,0.002235,172.31.36.0-255,66,146461,12,196117
27121,0.002255,172.217.194.0-255,1484,147945,12,196117
27122,0.002278,172.31.36.0-255,66,148011,12,196117
27123,0.002298,172.217.194.0-255,3602,151613,12,196117
27124,0.002301,172.31.36.0-255,66,151679,12,196117
27125,0.002313,172.31.36.0-255,66,151745,12,196117
27126,0.002342,172.217.194.0-255,7156,158901,12,196117
27127,0.002345,172.31.36.0-255,66,158967,12,196117
27128,0.002359,172.31.36.0-255,66,159033,12,196117
27129,0.002376,172.217.194.0-255,2184,161217,12,196117
27130,0.002378,172.31.36.0-255,66,161283,12,196117
27131,0.00239,172.31.36.0-255,66,161349,12,196117
27132,0.002432,172.31.36.0-255,66,161415,12,196117
27133,0.002485,172.31.36.0-255,66,161481,12,196117
27134,0.002512,172.217.194.0-255,2184,163665,12,196117
27135,0.002514,172.31.36.0-255,66,163731,12,196117
27136,0.002534,172.31.36.0-255,66,163797,12,196117
27137,0.002556,172.217.194.0-255,3602,167399,12,196117
27138,0.007838,172.31.36.0-255,66,167465,12,196117
27139,0.007983,172.31.36.0-255,101,167566,12,196117
27140,0.01038,172.217.194.0-255,5738,173304,12,196117
27141,0.010387,172.31.36.0-255,66,173370,12,196117
27142,0.010466,172.217.194.0-255,66,173436,12,196117
27143,0.012918,172.217.194.0-255,5738,179174,12,196117
27144,0.012926,172.31.36.0-255,66,179240,12,196117
27145,0.015486,172.217.194.0-255,5738,184978,12,196117
27146,0.015494,172.31.36.0-255,66,185044,12,196117
27147,0.018026,172.217.194.0-255,5738,190782,12,196117
27148,0.018034,172.31.36.0-255,66,190848,12,196117
27149,0.020577,172.217.194.0-255,807,191655,12,196117
27150,0.020759,172.31.36.0-255,105,191760,12,196117
27151,0.027655,172.217.194.0-255,66,191826,12,196117
27152,0.035181,172.31.36.0-255,172,191998,12,196117
27153,0.035211,172.31.36.0-255,1108,193106,12,196117
27154,0.03527,172.31.36.0-255,1514,194620,12,196117
27155,0.035272,172.31.36.0-255,1299,195919,12,196117
27156,0.036732,104.244.42.0-255,66,195985,12,196117
27157,0.036791,104.244.42.0-255,66,196051,12,196117
27158,0.036832,104.244.42.0-255,66,196117,12,196117
27159,0.0,172.217.194.0-255,146,146,12,262015
27160,2.3e-05,172.31.36.0-255,66,212,12,262015
27161,3e-05,172.217.194.0-255,1484,1696,12,262015
27162,3.4e-05,172.31.36.0-255,66,1762,12,262015
27163,3.8e-05,172.217.194.0-255,2902,4664,12,262015
27164,4.1e-05,172.31.36.0-255,66,4730,12,262015
27165,4.4e-05,172.217.194.0-255,1484,6214,12,262015
27166,4.7e-05,172.31.36.0-255,66,6280,12,262015
27167,7.3e-05,172.217.194.0-255,4320,10600,12,262015
27168,7.5e-05,172.31.36.0-255,66,10666,12,262015
27169,8e-05,172.217.194.0-255,3465,14131,12,262015
27170,8.3e-05,172.31.36.0-255,66,14197,12,262015
27171,0.000125,172.217.194.0-255,1484,15681,12,262015
27172,0.000127,172.31.36.0-255,66,15747,12,262015
27173,0.000142,172.217.194.0-255,2902,18649,12,262015
27174,0.000144,172.31.36.0-255,66,18715,12,262015
27175,0.000159,172.217.194.0-255,2902,21617,12,262015
27176,0.000162,172.31.36.0-255,66,21683,12,262015
27177,0.000183,172.217.194.0-255,2902,24585,12,262015
27178,0.000185,172.31.36.0-255,66,24651,12,262015
27179,0.000214,172.217.194.0-255,6797,31448,12,262015
27180,0.000217,172.31.36.0-255,66,31514,12,262015
27181,0.000389,172.217.194.0-255,1484,32998,12,262015
27182,0.000393,172.31.36.0-255,66,33064,12,262015
27183,0.000416,172.217.194.0-255,2902,35966,12,262015
27184,0.000419,172.31.36.0-255,66,36032,12,262015
27185,0.000426,172.217.194.0-255,5738,41770,12,262015
27186,0.000429,172.31.36.0-255,66,41836,12,262015
27187,0.000474,172.217.194.0-255,5738,47574,12,262015
27188,0.000478,172.31.36.0-255,66,47640,12,262015
27189,0.000489,172.31.36.0-255,66,47706,12,262015
27190,0.000516,172.217.194.0-255,5379,53085,12,262015
27191,0.000521,172.217.194.0-255,3961,57046,12,262015
27192,0.000526,172.31.36.0-255,66,57112,12,262015
27193,0.000534,172.31.36.0-255,66,57178,12,262015
27194,0.000575,172.217.194.0-255,379,57557,12,262015
27195,0.000651,172.217.194.0-255,365,57922,12,262015
27196,0.000672,172.217.194.0-255,1484,59406,12,262015
27197,0.000676,172.31.36.0-255,66,59472,12,262015
27198,0.000683,172.217.194.0-255,4320,63792,12,262015
27199,0.000685,172.31.36.0-255,66,63858,12,262015
27200,0.00069,172.217.194.0-255,4320,68178,12,262015
27201,0.000693,172.31.36.0-255,66,68244,12,262015
27202,0.00071,172.217.194.0-255,5738,73982,12,262015
27203,0.000713,172.31.36.0-255,66,74048,12,262015
27204,0.000726,172.31.36.0-255,66,74114,12,262015
27205,0.000752,172.217.194.0-255,5020,79134,12,262015
27206,0.000756,172.31.36.0-255,66,79200,12,262015
27207,0.00076,172.217.194.0-255,2902,82102,12,262015
27208,0.000762,172.31.36.0-255,66,82168,12,262015
27209,0.000776,172.217.194.0-255,2902,85070,12,262015
27210,0.000778,172.31.36.0-255,66,85136,12,262015
27211,0.000784,172.217.194.0-255,4320,89456,12,262015
27212,0.000786,172.31.36.0-255,66,89522,12,262015
27213,0.000829,172.31.36.0-255,66,89588,12,262015
27214,0.000843,172.31.36.0-255,66,89654,12,262015
27215,0.00086,172.217.194.0-255,1484,91138,12,262015
27216,0.000875,172.217.194.0-255,5020,96158,12,262015
27217,0.000878,172.31.36.0-255,66,96224,12,262015
27218,0.000882,172.217.194.0-255,2902,99126,12,262015
27219,0.000884,172.31.36.0-255,66,99192,12,262015
27220,0.000904,172.217.194.0-255,4320,103512,12,262015
27221,0.000906,172.31.36.0-255,66,103578,12,262015
27222,0.000919,172.31.36.0-255,66,103644,12,262015
27223,0.000942,172.217.194.0-255,4320,107964,12,262015
27224,0.000945,172.31.36.0-255,66,108030,12,262015
27225,0.000951,172.217.194.0-255,6438,114468,12,262015
27226,0.000953,172.31.36.0-255,66,114534,12,262015
27227,0.000956,172.217.194.0-255,1484,116018,12,262015
27228,0.000981,172.217.194.0-255,2902,118920,12,262015
27229,0.000983,172.31.36.0-255,66,118986,12,262015
27230,0.00099,172.217.194.0-255,5738,124724,12,262015
27231,0.000992,172.31.36.0-255,66,124790,12,262015
27232,0.001039,172.31.36.0-255,66,124856,12,262015
27233,0.001057,172.217.194.0-255,7156,132012,12,262015
27234,0.001075,172.217.194.0-255,3602,135614,12,262015
27235,0.001079,172.31.36.0-255,66,135680,12,262015
27236,0.001144,172.217.194.0-255,1484,137164,12,262015
27237,0.00115,172.217.194.0-255,2902,140066,12,262015
27238,0.001167,172.217.194.0-255,5738,145804,12,262015
27239,0.001181,172.31.36.0-255,66,145870,12,262015
27240,0.001187,172.217.194.0-255,5738,151608,12,262015
27241,0.001192,172.31.36.0-255,66,151674,12,262015
27242,0.001204,172.217.194.0-255,7156,158830,12,262015
27243,0.001251,172.217.194.0-255,7156,165986,12,262015
27244,0.001268,172.217.194.0-255,3602,169588,12,262015
27245,0.001271,172.217.194.0-255,1484,171072,12,262015
27246,0.001275,172.217.194.0-255,2902,173974,12,262015
27247,0.00128,172.217.194.0-255,5738,179712,12,262015
27248,0.001294,172.217.194.0-255,1484,181196,12,262015
27249,0.001307,172.31.36.0-255,66,181262,12,262015
27250,0.00132,172.217.194.0-255,7156,188418,12,262015
27251,0.001326,172.31.36.0-255,66,188484,12,262015
27252,0.001378,172.217.194.0-255,5738,194222,12,262015
27253,0.0014,172.217.194.0-255,5738,199960,12,262015
27254,0.001403,172.217.194.0-255,1484,201444,12,262015
27255,0.001415,172.31.36.0-255,66,201510,12,262015
27256,0.001436,172.31.36.0-255,66,201576,12,262015
27257,0.001443,172.217.194.0-255,6438,208014,12,262015
27258,0.001474,172.217.194.0-255,1484,209498,12,262015
27259,0.001478,172.217.194.0-255,2902,212400,12,262015
27260,0.001483,172.31.36.0-255,66,212466,12,262015
27261,0.001506,172.217.194.0-255,5738,218204,12,262015
27262,0.001509,172.217.194.0-255,1484,219688,12,262015
27263,0.001511,172.217.194.0-255,1484,221172,12,262015
27264,0.001517,172.31.36.0-255,66,221238,12,262015
27265,0.001535,172.217.194.0-255,7156,228394,12,262015
27266,0.00156,172.31.36.0-255,66,228460,12,262015
27267,0.001572,172.217.194.0-255,7156,235616,12,262015
27268,0.001585,172.217.194.0-255,6438,242054,12,262015
27269,0.001588,172.31.36.0-255,66,242120,12,262015
27270,0.001619,172.31.36.0-255,66,242186,12,262015
27271,0.001665,172.217.194.0-255,4320,246506,12,262015
27272,0.001692,172.31.36.0-255,66,246572,12,262015
27273,0.001706,172.217.194.0-255,3602,250174,12,262015
27274,0.001726,172.217.194.0-255,5738,255912,12,262015
27275,0.001737,172.31.36.0-255,66,255978,12,262015
27276,0.001755,172.31.36.0-255,66,256044,12,262015
27277,0.001765,172.217.194.0-255,1338,257382,12,262015
27278,0.001791,172.217.194.0-255,105,257487,12,262015
27279,0.004332,172.31.36.0-255,66,257553,12,262015
27280,0.004366,172.31.36.0-255,105,257658,12,262015
27281,0.00695,172.217.194.0-255,66,257724,12,262015
27282,0.030677,172.31.36.0-255,172,257896,12,262015
27283,0.030744,172.31.36.0-255,1106,259002,12,262015
27284,0.030812,172.31.36.0-255,1514,260516,12,262015
27285,0.030814,172.31.36.0-255,1301,261817,12,262015
27286,0.032226,104.244.42.0-255,66,261883,12,262015
27287,0.032314,104.244.42.0-255,66,261949,12,262015
27288,0.03238,104.244.42.0-255,66,262015,12,262015
27289,0.0,74.125.24.0-255,153,153,12,169309
27290,1.4e-05,172.31.36.0-255,66,219,12,169309
27291,2e-05,74.125.24.0-255,1484,1703,12,169309
27292,2.4e-05,172.31.36.0-255,66,1769,12,169309
27293,3e-05,74.125.24.0-255,2902,4671,12,169309
27294,4.2e-05,172.31.36.0-255,66,4737,12,169309
27295,5e-05,74.125.24.0-255,7156,11893,12,169309
27296,5.4e-05,172.31.36.0-255,66,11959,12,169309
27297,5.9e-05,74.125.24.0-255,2105,14064,12,169309
27298,6.2e-05,172.31.36.0-255,66,14130,12,169309
27299,0.000194,74.125.24.0-255,1484,15614,12,169309
27300,0.000199,172.31.36.0-255,66,15680,12,169309
27301,0.000205,74.125.24.0-255,2902,18582,12,169309
27302,0.000208,172.31.36.0-255,66,18648,12,169309
27303,0.000218,74.125.24.0-255,2902,21550,12,169309
27304,0.00022,172.31.36.0-255,66,21616,12,169309
27305,0.000248,74.125.24.0-255,2902,24518,12,169309
27306,0.000251,172.31.36.0-255,66,24584,12,169309
27307,0.000265,74.125.24.0-255,6797,31381,12,169309
27308,0.000267,172.31.36.0-255,66,31447,12,169309
27309,0.000313,74.125.24.0-255,1484,32931,12,169309
27310,0.000316,172.31.36.0-255,66,32997,12,169309
27311,0.000345,74.125.24.0-255,2902,35899,12,169309
27312,0.000348,172.31.36.0-255,66,35965,12,169309
27313,0.000352,74.125.24.0-255,1484,37449,12,169309
27314,0.000353,172.31.36.0-255,66,37515,12,169309
27315,0.000379,74.125.24.0-255,4320,41835,12,169309
27316,0.000382,172.31.36.0-255,66,41901,12,169309
27317,0.00039,74.125.24.0-255,1484,43385,12,169309
27318,0.000391,172.31.36.0-255,66,43451,12,169309
27319,0.000431,172.31.36.0-255,66,43517,12,169309
27320,0.000446,172.31.36.0-255,66,43583,12,169309
27321,0.004941,74.125.24.0-255,645,44228,12,169309
27322,0.00499,172.31.36.0-255,66,44294,12,169309
27323,0.005558,74.125.24.0-255,1484,45778,12,169309
27324,0.005567,74.125.24.0-255,2902,48680,12,169309
27325,0.005571,172.31.36.0-255,66,48746,12,169309
27326,0.007624,74.125.24.0-255,1484,50230,12,169309
27327,0.008233,74.125.24.0-255,4320,54550,12,169309
27328,0.00824,172.31.36.0-255,66,54616,12,169309
27329,0.01086,74.125.24.0-255,5738,60354,12,169309
27330,0.010869,172.31.36.0-255,66,60420,12,169309
27331,0.013503,74.125.24.0-255,5738,66158,12,169309
27332,0.01351,172.31.36.0-255,66,66224,12,169309
27333,0.016187,74.125.24.0-255,5738,71962,12,169309
27334,0.016196,172.31.36.0-255,66,72028,12,169309
27335,0.018819,74.125.24.0-255,5738,77766,12,169309
27336,0.018828,172.31.36.0-255,66,77832,12,169309
27337,0.02145,74.125.24.0-255,5738,83570,12,169309
27338,0.021461,172.31.36.0-255,66,83636,12,169309
27339,0.024103,74.125.24.0-255,5738,89374,12,169309
27340,0.024112,172.31.36.0-255,66,89440,12,169309
27341,0.026736,74.125.24.0-255,5738,95178,12,169309
27342,0.026745,172.31.36.0-255,66,95244,12,169309
27343,0.029391,74.125.24.0-255,5738,100982,12,169309
27344,0.029402,172.31.36.0-255,66,101048,12,169309
27345,0.03203,74.125.24.0-255,5738,106786,12,169309
27346,0.032039,172.31.36.0-255,66,106852,12,169309
27347,0.034647,74.125.24.0-255,5738,112590,12,169309
27348,0.034656,172.31.36.0-255,66,112656,12,169309
27349,0.037287,74.125.24.0-255,5738,118394,12,169309
27350,0.037296,172.31.36.0-255,66,118460,12,169309
27351,0.039328,172.31.36.0-255,182,118642,12,169309
27352,0.039363,172.31.36.0-255,1108,119750,12,169309
27353,0.039426,172.31.36.0-255,1514,121264,12,169309
27354,0.039428,172.31.36.0-255,1415,122679,12,169309
27355,0.039936,74.125.24.0-255,5738,128417,12,169309
27356,0.039943,172.31.36.0-255,66,128483,12,169309
27357,0.040891,104.244.42.0-255,66,128549,12,169309
27358,0.040938,104.244.42.0-255,66,128615,12,169309
27359,0.041035,104.244.42.0-255,66,128681,12,169309
27360,0.042567,74.125.24.0-255,5738,134419,12,169309
27361,0.042574,172.31.36.0-255,66,134485,12,169309
27362,0.045211,74.125.24.0-255,5738,140223,12,169309
27363,0.04522,172.31.36.0-255,66,140289,12,169309
27364,0.047852,74.125.24.0-255,5738,146027,12,169309
27365,0.047859,172.31.36.0-255,66,146093,12,169309
27366,0.050488,74.125.24.0-255,5738,151831,12,169309
27367,0.050495,172.31.36.0-255,66,151897,12,169309
27368,0.053125,74.125.24.0-255,5738,157635,12,169309
27369,0.05313,172.31.36.0-255,66,157701,12,169309
27370,0.055747,74.125.24.0-255,5738,163439,12,169309
27371,0.055753,172.31.36.0-255,66,163505,12,169309
27372,0.058377,74.125.24.0-255,5738,169243,12,169309
27373,0.058384,172.31.36.0-255,66,169309,12,169309
27374,0.0,172.31.36.0-255,66,66,12,66
27375,0.0,104.244.42.0-255,66,66,12,66
27376,0.0,172.217.194.0-255,297,297,12,187943
27377,3.4e-05,172.31.36.0-255,66,363,12,187943
27378,4e-05,172.217.194.0-255,1484,1847,12,187943
27379,4.5e-05,172.31.36.0-255,66,1913,12,187943
27380,5.2e-05,172.217.194.0-255,4320,6233,12,187943
27381,5.5e-05,172.31.36.0-255,66,6299,12,187943
27382,6.2e-05,172.217.194.0-255,5738,12037,12,187943
27383,6.4e-05,172.31.36.0-255,66,12103,12,187943
27384,7.1e-05,172.217.194.0-255,6165,18268,12,187943
27385,7.3e-05,172.31.36.0-255,66,18334,12,187943
27386,7.9e-05,172.217.194.0-255,4320,22654,12,187943
27387,8.2e-05,172.31.36.0-255,66,22720,12,187943
27388,0.000111,172.31.36.0-255,66,22786,12,187943
27389,0.000134,172.217.194.0-255,1484,24270,12,187943
27390,0.000137,172.31.36.0-255,66,24336,12,187943
27391,0.000141,172.217.194.0-255,2902,27238,12,187943
27392,0.000144,172.31.36.0-255,66,27304,12,187943
27393,0.000163,172.217.194.0-255,5738,33042,12,187943
27394,0.000166,172.31.36.0-255,66,33108,12,187943
27395,0.000198,172.31.36.0-255,66,33174,12,187943
27396,0.000271,172.31.36.0-255,66,33240,12,187943
27397,0.000301,172.217.194.0-255,364,33604,12,187943
27398,0.000305,172.31.36.0-255,66,33670,12,187943
27399,0.000399,172.217.194.0-255,1484,35154,12,187943
27400,0.000406,172.31.36.0-255,66,35220,12,187943
27401,0.000412,172.217.194.0-255,2902,38122,12,187943
27402,0.000414,172.31.36.0-255,66,38188,12,187943
27403,0.000421,172.217.194.0-255,5738,43926,12,187943
27404,0.000424,172.31.36.0-255,66,43992,12,187943
27405,0.000429,172.217.194.0-255,2902,46894,12,187943
27406,0.000431,172.31.36.0-255,66,46960,12,187943
27407,0.000455,172.217.194.0-255,1484,48444,12,187943
27408,0.000469,172.31.36.0-255,66,48510,12,187943
27409,0.000472,172.217.194.0-255,1484,49994,12,187943
27410,0.000503,172.217.194.0-255,6438,56432,12,187943
27411,0.000507,172.31.36.0-255,66,56498,12,187943
27412,0.000862,172.217.194.0-255,1484,57982,12,187943
27413,0.00087,172.217.194.0-255,2902,60884,12,187943
27414,0.000875,172.31.36.0-255,66,60950,12,187943
27415,0.000883,172.217.194.0-255,5738,66688,12,187943
27416,0.000885,172.31.36.0-255,66,66754,12,187943
27417,0.000926,172.31.36.0-255,66,66820,12,187943
27418,0.000934,172.217.194.0-255,7156,73976,12,187943
27419,0.000936,172.31.36.0-255,66,74042,12,187943
27420,0.000955,172.217.194.0-255,3602,77644,12,187943
27421,0.000958,172.31.36.0-255,66,77710,12,187943
27422,0.000977,172.217.194.0-255,5738,83448,12,187943
27423,0.00098,172.31.36.0-255,66,83514,12,187943
27424,0.000984,172.217.194.0-255,2902,86416,12,187943
27425,0.000986,172.31.36.0-255,66,86482,12,187943
27426,0.001006,172.217.194.0-255,4320,90802,12,187943
27427,0.001009,172.31.36.0-255,66,90868,12,187943
27428,0.001015,172.217.194.0-255,4320,95188,12,187943
27429,0.001017,172.31.36.0-255,66,95254,12,187943
27430,0.001063,172.31.36.0-255,66,95320,12,187943
27431,0.00107,172.217.194.0-255,6438,101758,12,187943
27432,0.001073,172.31.36.0-255,66,101824,12,187943
27433,0.001131,172.217.194.0-255,1484,103308,12,187943
27434,0.001135,172.217.194.0-255,2902,106210,12,187943
27435,0.001138,172.31.36.0-255,66,106276,12,187943
27436,0.001144,172.217.194.0-255,5738,112014,12,187943
27437,0.001147,172.31.36.0-255,66,112080,12,187943
27438,0.001158,172.31.36.0-255,66,112146,12,187943
27439,0.001184,172.217.194.0-255,2902,115048,12,187943
27440,0.001187,172.31.36.0-255,66,115114,12,187943
27441,0.0012,172.31.36.0-255,66,115180,12,187943
27442,0.001265,172.217.194.0-255,1484,116664,12,187943
27443,0.001269,172.217.194.0-255,1484,118148,12,187943
27444,0.001272,172.31.36.0-255,66,118214,12,187943
27445,0.001283,172.217.194.0-255,1484,119698,12,187943
27446,0.001289,172.217.194.0-255,4320,124018,12,187943
27447,0.001292,172.31.36.0-255,66,124084,12,187943
27448,0.001311,172.217.194.0-255,1484,125568,12,187943
27449,0.001316,172.217.194.0-255,4320,129888,12,187943
27450,0.001319,172.31.36.0-255,66,129954,12,187943
27451,0.001345,172.31.36.0-255,66,130020,12,187943
27452,0.00135,172.217.194.0-255,4320,134340,12,187943
27453,0.001353,172.31.36.0-255,66,134406,12,187943
27454,0.001388,172.217.194.0-255,6438,140844,12,187943
27455,0.001391,172.31.36.0-255,66,140910,12,187943
27456,0.001431,172.217.194.0-255,1484,142394,12,187943
27457,0.001444,172.217.194.0-255,2902,145296,12,187943
27458,0.001448,172.31.36.0-255,66,145362,12,187943
27459,0.001455,172.217.194.0-255,5738,151100,12,187943
27460,0.001458,172.31.36.0-255,66,151166,12,187943
27461,0.001464,172.217.194.0-255,5738,156904,12,187943
27462,0.001466,172.31.36.0-255,66,156970,12,187943
27463,0.001491,172.217.194.0-255,5738,162708,12,187943
27464,0.001494,172.31.36.0-255,66,162774,12,187943
27465,0.001507,172.31.36.0-255,66,162840,12,187943
27466,0.001514,172.217.194.0-255,7156,169996,12,187943
27467,0.001516,172.31.36.0-255,66,170062,12,187943
27468,0.001541,172.217.194.0-255,5738,175800,12,187943
27469,0.001544,172.31.36.0-255,66,175866,12,187943
27470,0.001614,172.217.194.0-255,3602,179468,12,187943
27471,0.001799,172.217.194.0-255,97,179565,12,187943
27472,0.001801,172.217.194.0-255,105,179670,12,187943
27473,0.002579,172.31.36.0-255,66,179736,12,187943
27474,0.005358,172.31.36.0-255,105,179841,12,187943
27475,0.007587,172.217.194.0-255,66,179907,12,187943
27476,0.023361,172.31.36.0-255,190,180097,12,187943
27477,0.023397,172.31.36.0-255,1108,181205,12,187943
27478,0.023464,172.31.36.0-255,1514,182719,12,187943
27479,0.023466,172.31.36.0-255,1514,184233,12,187943
27480,0.023468,172.31.36.0-255,1514,185747,12,187943
27481,0.023469,172.31.36.0-255,1514,187261,12,187943
27482,0.02347,172.31.36.0-255,616,187877,12,187943
27483,0.025008,104.244.42.0-255,66,187943,12,187943
27484,0.0,74.125.24.0-255,143,143,12,239627
27485,1.6e-05,172.31.36.0-255,66,209,12,239627
27486,2.3e-05,74.125.24.0-255,1484,1693,12,239627
27487,2.9e-05,172.31.36.0-255,66,1759,12,239627
27488,3.4e-05,74.125.24.0-255,2902,4661,12,239627
27489,3.7e-05,172.31.36.0-255,66,4727,12,239627
27490,4.5e-05,74.125.24.0-255,7156,11883,12,239627
27491,4.8e-05,172.31.36.0-255,66,11949,12,239627
27492,6.9e-05,74.125.24.0-255,2066,14015,12,239627
27493,7.2e-05,172.31.36.0-255,66,14081,12,239627
27494,8.6e-05,172.31.36.0-255,66,14147,12,239627
27495,0.000133,172.31.36.0-255,66,14213,12,239627
27496,0.000165,172.31.36.0-255,66,14279,12,239627
27497,0.000273,74.125.24.0-255,1484,15763,12,239627
27498,0.000277,172.31.36.0-255,66,15829,12,239627
27499,0.000283,74.125.24.0-255,2902,18731,12,239627
27500,0.000285,172.31.36.0-255,66,18797,12,239627
27501,0.000304,74.125.24.0-255,4320,23117,12,239627
27502,0.000307,172.31.36.0-255,66,23183,12,239627
27503,0.000313,74.125.24.0-255,5738,28921,12,239627
27504,0.000316,172.31.36.0-255,66,28987,12,239627
27505,0.000356,74.125.24.0-255,2853,31840,12,239627
27506,0.000359,172.31.36.0-255,66,31906,12,239627
27507,0.000431,74.125.24.0-255,110,32016,12,239627
27508,0.000435,172.31.36.0-255,66,32082,12,239627
27509,0.00075,74.125.24.0-255,1484,33566,12,239627
27510,0.000755,172.31.36.0-255,66,33632,12,239627
27511,0.00076,74.125.24.0-255,2902,36534,12,239627
27512,0.000763,172.31.36.0-255,66,36600,12,239627
27513,0.000769,74.125.24.0-255,4320,40920,12,239627
27514,0.00079,74.125.24.0-255,1484,42404,12,239627
27515,0.000795,74.125.24.0-255,2902,45306,12,239627
27516,0.0008,172.31.36.0-255,66,45372,12,239627
27517,0.000827,74.125.24.0-255,4320,49692,12,239627
27518,0.000845,74.125.24.0-255,6438,56130,12,239627
27519,0.000851,172.31.36.0-255,66,56196,12,239627
27520,0.002016,74.125.24.0-255,1484,57680,12,239627
27521,0.002027,74.125.24.0-255,2902,60582,12,239627
27522,0.002032,172.31.36.0-255,66,60648,12,239627
27523,0.002041,74.125.24.0-255,5738,66386,12,239627
27524,0.002129,74.125.24.0-255,7156,73542,12,239627
27525,0.002148,74.125.24.0-255,5020,78562,12,239627
27526,0.002862,172.31.36.0-255,66,78628,12,239627
27527,0.004917,74.125.24.0-255,5738,84366,12,239627
27528,0.004922,172.31.36.0-255,66,84432,12,239627
27529,0.007046,74.125.24.0-255,5738,90170,12,239627
27530,0.007051,172.31.36.0-255,66,90236,12,239627
27531,0.009117,74.125.24.0-255,5738,95974,12,239627
27532,0.009124,172.31.36.0-255,66,96040,12,239627
27533,0.011182,74.125.24.0-255,5738,101778,12,239627
27534,0.011191,172.31.36.0-255,66,101844,12,239627
27535,0.013278,74.125.24.0-255,5738,107582,12,239627
27536,0.013288,172.31.36.0-255,66,107648,12,239627
27537,0.015363,74.125.24.0-255,5738,113386,12,239627
27538,0.015375,172.31.36.0-255,66,113452,12,239627
27539,0.017458,74.125.24.0-255,5738,119190,12,239627
27540,0.017467,172.31.36.0-255,66,119256,12,239627
27541,0.019541,74.125.24.0-255,5738,124994,12,239627
27542,0.019548,172.31.36.0-255,66,125060,12,239627
27543,0.021626,74.125.24.0-255,5738,130798,12,239627
27544,0.021634,172.31.36.0-255,66,130864,12,239627
27545,0.023685,74.125.24.0-255,5738,136602,12,239627
27546,0.023693,172.31.36.0-255,66,136668,12,239627
27547,0.025762,74.125.24.0-255,5738,142406,12,239627
27548,0.02577,172.31.36.0-255,66,142472,12,239627
27549,0.027089,172.31.36.0-255,172,142644,12,239627
27550,0.027121,172.31.36.0-255,1108,143752,12,239627
27551,0.02718,172.31.36.0-255,1514,145266,12,239627
27552,0.027182,172.31.36.0-255,1299,146565,12,239627
27553,0.027854,74.125.24.0-255,5738,152303,12,239627
27554,0.027862,172.31.36.0-255,66,152369,12,239627
27555,0.028684,104.244.42.0-255,66,152435,12,239627
27556,0.028712,104.244.42.0-255,66,152501,12,239627
27557,0.028758,104.244.42.0-255,66,152567,12,239627
27558,0.029961,74.125.24.0-255,5738,158305,12,239627
27559,0.029967,172.31.36.0-255,66,158371,12,239627
27560,0.032043,74.125.24.0-255,5738,164109,12,239627
27561,0.032049,172.31.36.0-255,66,164175,12,239627
27562,0.034151,74.125.24.0-255,5738,169913,12,239627
27563,0.034158,172.31.36.0-255,66,169979,12,239627
27564,0.036248,74.125.24.0-255,5738,175717,12,239627
27565,0.036255,172.31.36.0-255,66,175783,12,239627
27566,0.038341,74.125.24.0-255,5738,181521,12,239627
27567,0.038348,172.31.36.0-255,66,181587,12,239627
27568,0.040445,74.125.24.0-255,5738,187325,12,239627
27569,0.040454,172.31.36.0-255,66,187391,12,239627
27570,0.042521,74.125.24.0-255,5738,193129,12,239627
27571,0.042528,172.31.36.0-255,66,193195,12,239627
27572,0.044586,74.125.24.0-255,5738,198933,12,239627
27573,0.044595,172.31.36.0-255,66,198999,12,239627
27574,0.046676,74.125.24.0-255,5738,204737,12,239627
27575,0.046683,172.31.36.0-255,66,204803,12,239627
27576,0.048772,74.125.24.0-255,5738,210541,12,239627
27577,0.048779,172.31.36.0-255,66,210607,12,239627
27578,0.050869,74.125.24.0-255,5738,216345,12,239627
27579,0.050876,172.31.36.0-255,66,216411,12,239627
27580,0.052931,74.125.24.0-255,5738,222149,12,239627
27581,0.052937,172.31.36.0-255,66,222215,12,239627
27582,0.055045,74.125.24.0-255,5738,227953,12,239627
27583,0.055052,172.31.36.0-255,66,228019,12,239627
27584,0.05713,74.125.24.0-255,5738,233757,12,239627
27585,0.057138,172.31.36.0-255,66,233823,12,239627
27586,0.059217,74.125.24.0-255,5738,239561,12,239627
27587,0.059223,172.31.36.0-255,66,239627,12,239627
27588,0.0,74.125.24.0-255,148,148,12,243001
27589,2.3e-05,172.31.36.0-255,66,214,12,243001
27590,3e-05,74.125.24.0-255,1484,1698,12,243001
27591,3.5e-05,172.31.36.0-255,66,1764,12,243001
27592,3.9e-05,74.125.24.0-255,2902,4666,12,243001
27593,4.3e-05,172.31.36.0-255,66,4732,12,243001
27594,5e-05,74.125.24.0-255,7156,11888,12,243001
27595,5.3e-05,172.31.36.0-255,66,11954,12,243001
27596,9e-05,172.31.36.0-255,66,12020,12,243001
27597,9.6e-05,74.125.24.0-255,4320,16340,12,243001
27598,9.8e-05,172.31.36.0-255,66,16406,12,243001
27599,0.00011,74.125.24.0-255,1484,17890,12,243001
27600,0.000112,172.31.36.0-255,66,17956,12,243001
27601,0.000171,74.125.24.0-255,5379,23335,12,243001
27602,0.000176,172.31.36.0-255,66,23401,12,243001
27603,0.000259,74.125.24.0-255,1484,24885,12,243001
27604,0.000263,172.31.36.0-255,66,24951,12,243001
27605,0.000268,74.125.24.0-255,2902,27853,12,243001
27606,0.00027,172.31.36.0-255,66,27919,12,243001
27607,0.000292,74.125.24.0-255,5738,33657,12,243001
27608,0.000295,172.31.36.0-255,66,33723,12,243001
27609,0.000313,74.125.24.0-255,2902,36625,12,243001
27610,0.000316,172.31.36.0-255,66,36691,12,243001
27611,0.000359,172.31.36.0-255,66,36757,12,243001
27612,0.000371,172.31.36.0-255,66,36823,12,243001
27613,0.000517,74.125.24.0-255,645,37468,12,243001
27614,0.000521,172.31.36.0-255,66,37534,12,243001
27615,0.000675,74.125.24.0-255,1484,39018,12,243001
27616,0.00068,172.31.36.0-255,66,39084,12,243001
27617,0.000685,74.125.24.0-255,2902,41986,12,243001
27618,0.000687,172.31.36.0-255,66,42052,12,243001
27619,0.000692,74.125.24.0-255,2902,44954,12,243001
27620,0.000694,172.31.36.0-255,66,45020,12,243001
27621,0.000723,74.125.24.0-255,2902,47922,12,243001
27622,0.000726,172.31.36.0-255,66,47988,12,243001
27623,0.000732,74.125.24.0-255,5738,53726,12,243001
27624,0.000734,172.31.36.0-255,66,53792,12,243001
27625,0.00076,74.125.24.0-255,2902,56694,12,243001
27626,0.000763,172.31.36.0-255,66,56760,12,243001
27627,0.000793,74.125.24.0-255,3961,60721,12,243001
27628,0.000806,172.31.36.0-255,66,60787,12,243001
27629,0.00127,74.125.24.0-255,1484,62271,12,243001
27630,0.001278,74.125.24.0-255,2902,65173,12,243001
27631,0.001282,172.31.36.0-255,66,65239,12,243001
27632,0.001309,74.125.24.0-255,5738,70977,12,243001
27633,0.001313,172.31.36.0-255,66,71043,12,243001
27634,0.001319,74.125.24.0-255,4320,75363,12,243001
27635,0.001321,172.31.36.0-255,66,75429,12,243001
27636,0.001337,74.125.24.0-255,7156,82585,12,243001
27637,0.001341,172.31.36.0-255,66,82651,12,243001
27638,0.001376,74.125.24.0-255,5738,88389,12,243001
27639,0.001379,172.31.36.0-255,66,88455,12,243001
27640,0.001402,74.125.24.0-255,6438,94893,12,243001
27641,0.001404,172.31.36.0-255,66,94959,12,243001
27642,0.001887,74.125.24.0-255,1484,96443,12,243001
27643,0.001895,74.125.24.0-255,2902,99345,12,243001
27644,0.001899,172.31.36.0-255,66,99411,12,243001
27645,0.001908,74.125.24.0-255,4320,103731,12,243001
27646,0.00191,172.31.36.0-255,66,103797,12,243001
27647,0.001922,74.125.24.0-255,1484,105281,12,243001
27648,0.001926,74.125.24.0-255,2902,108183,12,243001
27649,0.001955,74.125.24.0-255,1484,109667,12,243001
27650,0.001972,74.125.24.0-255,7156,116823,12,243001
27651,0.002007,74.125.24.0-255,2184,119007,12,243001
27652,0.002286,74.125.24.0-255,1484,120491,12,243001
27653,0.002306,74.125.24.0-255,2902,123393,12,243001
27654,0.002316,74.125.24.0-255,2902,126295,12,243001
27655,0.002329,74.125.24.0-255,2902,129197,12,243001
27656,0.002332,74.125.24.0-255,1484,130681,12,243001
27657,0.002352,74.125.24.0-255,2902,133583,12,243001
27658,0.002358,74.125.24.0-255,5738,139321,12,243001
27659,0.002367,74.125.24.0-255,1484,140805,12,243001
27660,0.002391,74.125.24.0-255,2184,142989,12,243001
27661,0.002417,74.125.24.0-255,2902,145891,12,243001
27662,0.002419,74.125.24.0-255,1484,147375,12,243001
27663,0.002437,74.125.24.0-255,4320,151695,12,243001
27664,0.00244,74.125.24.0-255,2902,154597,12,243001
27665,0.002443,74.125.24.0-255,1484,156081,12,243001
27666,0.002455,74.125.24.0-255,1484,157565,12,243001
27667,0.002487,74.125.24.0-255,2902,160467,12,243001
27668,0.002534,74.125.24.0-255,2902,163369,12,243001
27669,0.002592,74.125.24.0-255,5738,169107,12,243001
27670,0.002614,74.125.24.0-255,5020,174127,12,243001
27671,0.00269,74.125.24.0-255,2902,177029,12,243001
27672,0.002706,74.125.24.0-255,2902,179931,12,243001
27673,0.002741,74.125.24.0-255,3602,183533,12,243001
27674,0.002771,74.125.24.0-255,2902,186435,12,243001
27675,0.002789,74.125.24.0-255,4320,190755,12,243001
27676,0.002846,74.125.24.0-255,5738,196493,12,243001
27677,0.002876,74.125.24.0-255,4320,200813,12,243001
27678,0.002938,74.125.24.0-255,1484,202297,12,243001
27679,0.002987,74.125.24.0-255,4320,206617,12,243001
27680,0.002999,74.125.24.0-255,2902,209519,12,243001
27681,0.003004,74.125.24.0-255,2902,212421,12,243001
27682,0.00306,74.125.24.0-255,5738,218159,12,243001
27683,0.003063,74.125.24.0-255,1484,219643,12,243001
27684,0.003089,74.125.24.0-255,5020,224663,12,243001
27685,0.003151,74.125.24.0-255,4320,228983,12,243001
27686,0.00317,74.125.24.0-255,2902,231885,12,243001
27687,0.003195,74.125.24.0-255,2902,234787,12,243001
27688,0.003212,74.125.24.0-255,2590,237377,12,243001
27689,0.003246,74.125.24.0-255,105,237482,12,243001
27690,0.006902,172.31.36.0-255,66,237548,12,243001
27691,0.00936,172.31.36.0-255,105,237653,12,243001
27692,0.011604,74.125.24.0-255,66,237719,12,243001
27693,0.030669,172.31.36.0-255,172,237891,12,243001
27694,0.030697,172.31.36.0-255,1108,238999,12,243001
27695,0.030757,172.31.36.0-255,1514,240513,12,243001
27696,0.030759,172.31.36.0-255,1514,242027,12,243001
27697,0.030782,172.31.36.0-255,710,242737,12,243001
27698,0.032231,104.244.42.0-255,66,242803,12,243001
27699,0.032242,104.244.42.0-255,66,242869,12,243001
27700,0.032333,104.244.42.0-255,66,242935,12,243001
27701,0.032338,104.244.42.0-255,66,243001,12,243001
27702,0.0,172.217.194.0-255,153,153,12,222331
27703,1.8e-05,172.31.36.0-255,66,219,12,222331
27704,2.4e-05,172.217.194.0-255,1484,1703,12,222331
27705,2.8e-05,172.31.36.0-255,66,1769,12,222331
27706,3.4e-05,172.217.194.0-255,2902,4671,12,222331
27707,3.6e-05,172.31.36.0-255,66,4737,12,222331
27708,4.3e-05,172.217.194.0-255,5738,10475,12,222331
27709,4.6e-05,172.31.36.0-255,66,10541,12,222331
27710,5.3e-05,172.217.194.0-255,6318,16859,12,222331
27711,5.7e-05,172.31.36.0-255,66,16925,12,222331
27712,9.5e-05,172.31.36.0-255,66,16991,12,222331
27713,0.000155,172.217.194.0-255,1484,18475,12,222331
27714,0.000159,172.31.36.0-255,66,18541,12,222331
27715,0.000165,172.217.194.0-255,2902,21443,12,222331
27716,0.000168,172.31.36.0-255,66,21509,12,222331
27717,0.000173,172.217.194.0-255,1484,22993,12,222331
27718,0.000175,172.31.36.0-255,66,23059,12,222331
27719,0.000201,172.217.194.0-255,4320,27379,12,222331
27720,0.000205,172.31.36.0-255,66,27445,12,222331
27721,0.000215,172.31.36.0-255,66,27511,12,222331
27722,0.000231,172.217.194.0-255,2543,30054,12,222331
27723,0.000233,172.31.36.0-255,66,30120,12,222331
27724,0.00025,172.217.194.0-255,5738,35858,12,222331
27725,0.000253,172.31.36.0-255,66,35924,12,222331
27726,0.000273,172.217.194.0-255,6797,42721,12,222331
27727,0.000276,172.31.36.0-255,66,42787,12,222331
27728,0.000279,172.217.194.0-255,647,43434,12,222331
27729,0.000281,172.31.36.0-255,66,43500,12,222331
27730,0.000487,172.217.194.0-255,1484,44984,12,222331
27731,0.000494,172.31.36.0-255,66,45050,12,222331
27732,0.000501,172.217.194.0-255,2902,47952,12,222331
27733,0.000504,172.31.36.0-255,66,48018,12,222331
27734,0.000509,172.217.194.0-255,5738,53756,12,222331
27735,0.000512,172.31.36.0-255,66,53822,12,222331
27736,0.000558,172.31.36.0-255,66,53888,12,222331
27737,0.000566,172.217.194.0-255,7156,61044,12,222331
27738,0.000569,172.31.36.0-255,66,61110,12,222331
27739,0.000597,172.217.194.0-255,3602,64712,12,222331
27740,0.000601,172.31.36.0-255,66,64778,12,222331
27741,0.000653,172.217.194.0-255,1484,66262,12,222331
27742,0.000661,172.217.194.0-255,2902,69164,12,222331
27743,0.000665,172.31.36.0-255,66,69230,12,222331
27744,0.000672,172.217.194.0-255,5738,74968,12,222331
27745,0.000675,172.31.36.0-255,66,75034,12,222331
27746,0.000691,172.217.194.0-255,2902,77936,12,222331
27747,0.000694,172.31.36.0-255,66,78002,12,222331
27748,0.000723,172.31.36.0-255,66,78068,12,222331
27749,0.000769,172.31.36.0-255,66,78134,12,222331
27750,0.000815,172.31.36.0-255,66,78200,12,222331
27751,0.000832,172.217.194.0-255,1125,79325,12,222331
27752,0.000914,172.217.194.0-255,1484,80809,12,222331
27753,0.00092,172.31.36.0-255,66,80875,12,222331
27754,0.000925,172.217.194.0-255,2902,83777,12,222331
27755,0.000928,172.31.36.0-255,66,83843,12,222331
27756,0.000931,172.217.194.0-255,1484,85327,12,222331
27757,0.000956,172.217.194.0-255,4320,89647,12,222331
27758,0.00096,172.31.36.0-255,66,89713,12,222331
27759,0.000967,172.217.194.0-255,5738,95451,12,222331
27760,0.00097,172.31.36.0-255,66,95517,12,222331
27761,0.001017,172.31.36.0-255,66,95583,12,222331
27762,0.001024,172.217.194.0-255,5020,100603,12,222331
27763,0.001026,172.31.36.0-255,66,100669,12,222331
27764,0.001046,172.217.194.0-255,2902,103571,12,222331
27765,0.00105,172.31.36.0-255,66,103637,12,222331
27766,0.001076,172.217.194.0-255,2902,106539,12,222331
27767,0.001079,172.31.36.0-255,66,106605,12,222331
27768,0.001085,172.217.194.0-255,7156,113761,12,222331
27769,0.001087,172.31.36.0-255,66,113827,12,222331
27770,0.001098,172.31.36.0-255,66,113893,12,222331
27771,0.00113,172.217.194.0-255,1484,115377,12,222331
27772,0.001137,172.217.194.0-255,6438,121815,12,222331
27773,0.001141,172.31.36.0-255,66,121881,12,222331
27774,0.001155,172.217.194.0-255,1484,123365,12,222331
27775,0.001177,172.217.194.0-255,4320,127685,12,222331
27776,0.001182,172.31.36.0-255,66,127751,12,222331
27777,0.001203,172.217.194.0-255,7156,134907,12,222331
27778,0.001206,172.31.36.0-255,66,134973,12,222331
27779,0.001241,172.217.194.0-255,7156,142129,12,222331
27780,0.001245,172.31.36.0-255,66,142195,12,222331
27781,0.001277,172.31.36.0-255,66,142261,12,222331
27782,0.001366,172.217.194.0-255,1484,143745,12,222331
27783,0.001377,172.217.194.0-255,2902,146647,12,222331
27784,0.001381,172.217.194.0-255,2902,149549,12,222331
27785,0.001387,172.31.36.0-255,66,149615,12,222331
27786,0.001397,172.31.36.0-255,66,149681,12,222331
27787,0.001402,172.217.194.0-255,2902,152583,12,222331
27788,0.001404,172.31.36.0-255,66,152649,12,222331
27789,0.001417,172.31.36.0-255,66,152715,12,222331
27790,0.001438,172.217.194.0-255,4320,157035,12,222331
27791,0.00145,172.217.194.0-255,2902,159937,12,222331
27792,0.001484,172.31.36.0-255,66,160003,12,222331
27793,0.001612,172.217.194.0-255,1484,161487,12,222331
27794,0.001617,172.217.194.0-255,2902,164389,12,222331
27795,0.001622,172.217.194.0-255,5738,170127,12,222331
27796,0.00163,172.31.36.0-255,66,170193,12,222331
27797,0.001704,172.217.194.0-255,1484,171677,12,222331
27798,0.001714,172.217.194.0-255,2184,173861,12,222331
27799,0.001729,172.31.36.0-255,66,173927,12,222331
27800,0.001755,172.217.194.0-255,1484,175411,12,222331
27801,0.001757,172.217.194.0-255,1484,176895,12,222331
27802,0.001775,172.217.194.0-255,1484,178379,12,222331
27803,0.001782,172.217.194.0-255,5738,184117,12,222331
27804,0.001799,172.217.194.0-255,5738,189855,12,222331
27805,0.001816,172.217.194.0-255,7156,197011,12,222331
27806,0.001821,172.31.36.0-255,66,197077,12,222331
27807,0.001864,172.31.36.0-255,66,197143,12,222331
27808,0.00187,172.217.194.0-255,4320,201463,12,222331
27809,0.001874,172.31.36.0-255,66,201529,12,222331
27810,0.001913,172.217.194.0-255,3602,205131,12,222331
27811,0.001915,172.31.36.0-255,66,205197,12,222331
27812,0.00192,172.31.36.0-255,66,205263,12,222331
27813,0.001956,172.217.194.0-255,2902,208165,12,222331
27814,0.001984,172.31.36.0-255,66,208231,12,222331
27815,0.002005,172.217.194.0-255,4320,212551,12,222331
27816,0.00202,172.31.36.0-255,66,212617,12,222331
27817,0.002053,172.31.36.0-255,66,212683,12,222331
27818,0.00207,172.217.194.0-255,97,212780,12,222331
27819,0.002072,172.217.194.0-255,105,212885,12,222331
27820,0.005257,172.31.36.0-255,66,212951,12,222331
27821,0.005389,172.31.36.0-255,105,213056,12,222331
27822,0.007855,172.217.194.0-255,66,213122,12,222331
27823,0.027764,172.31.36.0-255,172,213294,12,222331
27824,0.027792,172.31.36.0-255,1108,214402,12,222331
27825,0.027863,172.31.36.0-255,1514,215916,12,222331
27826,0.027864,172.31.36.0-255,1514,217430,12,222331
27827,0.027865,172.31.36.0-255,1514,218944,12,222331
27828,0.027866,172.31.36.0-255,1514,220458,12,222331
27829,0.027893,172.31.36.0-255,1501,221959,12,222331
27830,0.029286,104.244.42.0-255,66,222025,12,222331
27831,0.029414,104.244.42.0-255,66,222091,12,222331
27832,0.029416,104.244.42.0-255,66,222157,12,222331
27833,0.030888,104.244.42.0-255,108,222265,12,222331
27834,0.030911,172.31.36.0-255,66,222331,12,222331
27835,0.0,172.253.118.0-255,152,152,12,311994
27836,2.6e-05,172.31.36.0-255,66,218,12,311994
27837,3.4e-05,172.253.118.0-255,1484,1702,12,311994
27838,3.9e-05,172.31.36.0-255,66,1768,12,311994
27839,4.5e-05,172.253.118.0-255,2902,4670,12,311994
27840,4.9e-05,172.31.36.0-255,66,4736,12,311994
27841,5.7e-05,172.253.118.0-255,7156,11892,12,311994
27842,6.1e-05,172.31.36.0-255,66,11958,12,311994
27843,6.5e-05,172.253.118.0-255,2103,14061,12,311994
27844,6.8e-05,172.31.36.0-255,66,14127,12,311994
27845,7.2e-05,172.253.118.0-255,1484,15611,12,311994
27846,7.4e-05,172.31.36.0-255,66,15677,12,311994
27847,0.000105,172.253.118.0-255,2902,18579,12,311994
27848,0.000108,172.31.36.0-255,66,18645,12,311994
27849,0.000115,172.253.118.0-255,5738,24383,12,311994
27850,0.000117,172.31.36.0-255,66,24449,12,311994
27851,0.000141,172.253.118.0-255,6797,31246,12,311994
27852,0.000144,172.31.36.0-255,66,31312,12,311994
27853,0.000244,172.253.118.0-255,1484,32796,12,311994
27854,0.000248,172.31.36.0-255,66,32862,12,311994
27855,0.000253,172.253.118.0-255,2902,35764,12,311994
27856,0.000255,172.31.36.0-255,66,35830,12,311994
27857,0.00027,172.253.118.0-255,5738,41568,12,311994
27858,0.000273,172.31.36.0-255,66,41634,12,311994
27859,0.000296,172.253.118.0-255,5738,47372,12,311994
27860,0.000299,172.31.36.0-255,66,47438,12,311994
27861,0.000343,172.31.36.0-255,66,47504,12,311994
27862,0.000348,172.253.118.0-255,3961,51465,12,311994
27863,0.00035,172.31.36.0-255,66,51531,12,311994
27864,0.000353,172.253.118.0-255,362,51893,12,311994
27865,0.000356,172.31.36.0-255,66,51959,12,311994
27866,0.000418,172.253.118.0-255,131,52090,12,311994
27867,0.00045,172.253.118.0-255,347,52437,12,311994
27868,0.000775,172.253.118.0-255,1484,53921,12,311994
27869,0.00078,172.31.36.0-255,66,53987,12,311994
27870,0.000786,172.253.118.0-255,2902,56889,12,311994
27871,0.000788,172.31.36.0-255,66,56955,12,311994
27872,0.000795,172.253.118.0-255,5738,62693,12,311994
27873,0.000797,172.31.36.0-255,66,62759,12,311994
27874,0.000831,172.31.36.0-255,66,62825,12,311994
27875,0.000851,172.253.118.0-255,4320,67145,12,311994
27876,0.000854,172.31.36.0-255,66,67211,12,311994
27877,0.000864,172.31.36.0-255,66,67277,12,311994
27878,0.000885,172.253.118.0-255,2184,69461,12,311994
27879,0.000888,172.31.36.0-255,66,69527,12,311994
27880,0.001242,172.253.118.0-255,1484,71011,12,311994
27881,0.001247,172.253.118.0-255,1484,72495,12,311994
27882,0.00125,172.31.36.0-255,66,72561,12,311994
27883,0.001264,172.253.118.0-255,1484,74045,12,311994
27884,0.001284,172.253.118.0-255,4320,78365,12,311994
27885,0.001287,172.31.36.0-255,66,78431,12,311994
27886,0.001305,172.253.118.0-255,1484,79915,12,311994
27887,0.001309,172.253.118.0-255,2902,82817,12,311994
27888,0.001311,172.31.36.0-255,66,82883,12,311994
27889,0.001332,172.253.118.0-255,5738,88621,12,311994
27890,0.001334,172.31.36.0-255,66,88687,12,311994
27891,0.001351,172.253.118.0-255,4320,93007,12,311994
27892,0.001354,172.31.36.0-255,66,93073,12,311994
27893,0.00139,172.253.118.0-255,7156,100229,12,311994
27894,0.001392,172.31.36.0-255,66,100295,12,311994
27895,0.001416,172.253.118.0-255,3602,103897,12,311994
27896,0.001419,172.31.36.0-255,66,103963,12,311994
27897,0.001441,172.253.118.0-255,1484,105447,12,311994
27898,0.001446,172.253.118.0-255,2902,108349,12,311994
27899,0.001448,172.31.36.0-255,66,108415,12,311994
27900,0.001455,172.253.118.0-255,5738,114153,12,311994
27901,0.001458,172.31.36.0-255,66,114219,12,311994
27902,0.001494,172.31.36.0-255,66,114285,12,311994
27903,0.001498,172.253.118.0-255,1484,115769,12,311994
27904,0.001525,172.31.36.0-255,66,115835,12,311994
27905,0.00174,172.253.118.0-255,1484,117319,12,311994
27906,0.001754,172.253.118.0-255,2902,120221,12,311994
27907,0.001757,172.31.36.0-255,66,120287,12,311994
27908,0.001764,172.253.118.0-255,5738,126025,12,311994
27909,0.001767,172.31.36.0-255,66,126091,12,311994
27910,0.001795,172.31.36.0-255,66,126157,12,311994
27911,0.001814,172.253.118.0-255,4320,130477,12,311994
27912,0.001817,172.31.36.0-255,66,130543,12,311994
27913,0.00183,172.31.36.0-255,66,130609,12,311994
27914,0.001875,172.253.118.0-255,1484,132093,12,311994
27915,0.001892,172.253.118.0-255,2902,134995,12,311994
27916,0.001894,172.31.36.0-255,66,135061,12,311994
27917,0.001901,172.253.118.0-255,4320,139381,12,311994
27918,0.001904,172.31.36.0-255,66,139447,12,311994
27919,0.001931,172.253.118.0-255,1484,140931,12,311994
27920,0.001944,172.31.36.0-255,66,140997,12,311994
27921,0.001964,172.253.118.0-255,4320,145317,12,311994
27922,0.001966,172.31.36.0-255,66,145383,12,311994
27923,0.001994,172.31.36.0-255,66,145449,12,311994
27924,0.004017,172.253.118.0-255,5738,151187,12,311994
27925,0.004025,172.31.36.0-255,66,151253,12,311994
27926,0.006029,172.253.118.0-255,5738,156991,12,311994
27927,0.006033,172.31.36.0-255,66,157057,12,311994
27928,0.008043,172.253.118.0-255,5738,162795,12,311994
27929,0.008047,172.31.36.0-255,66,162861,12,311994
27930,0.010057,172.253.118.0-255,5738,168599,12,311994
27931,0.010064,172.31.36.0-255,66,168665,12,311994
27932,0.012087,172.253.118.0-255,5738,174403,12,311994
27933,0.012094,172.31.36.0-255,66,174469,12,311994
27934,0.01411,172.253.118.0-255,5738,180207,12,311994
27935,0.014118,172.31.36.0-255,66,180273,12,311994
27936,0.016145,172.253.118.0-255,5738,186011,12,311994
27937,0.016153,172.31.36.0-255,66,186077,12,311994
27938,0.018166,172.253.118.0-255,5738,191815,12,311994
27939,0.018176,172.31.36.0-255,66,191881,12,311994
27940,0.020185,172.253.118.0-255,5738,197619,12,311994
27941,0.020193,172.31.36.0-255,66,197685,12,311994
27942,0.0222,172.253.118.0-255,5738,203423,12,311994
27943,0.022208,172.31.36.0-255,66,203489,12,311994
27944,0.024241,172.253.118.0-255,5738,209227,12,311994
27945,0.024248,172.31.36.0-255,66,209293,12,311994
27946,0.026263,172.253.118.0-255,5738,215031,12,311994
27947,0.02627,172.31.36.0-255,66,215097,12,311994
27948,0.028271,172.253.118.0-255,5738,220835,12,311994
27949,0.028279,172.31.36.0-255,66,220901,12,311994
27950,0.030354,172.253.118.0-255,5738,226639,12,311994
27951,0.030362,172.31.36.0-255,66,226705,12,311994
27952,0.032375,172.253.118.0-255,5738,232443,12,311994
27953,0.032382,172.31.36.0-255,66,232509,12,311994
27954,0.034416,172.253.118.0-255,5738,238247,12,311994
27955,0.034424,172.31.36.0-255,66,238313,12,311994
27956,0.036438,172.253.118.0-255,5738,244051,12,311994
27957,0.036446,172.31.36.0-255,66,244117,12,311994
27958,0.037221,172.31.36.0-255,172,244289,12,311994
27959,0.037256,172.31.36.0-255,1108,245397,12,311994
27960,0.03731,172.31.36.0-255,1514,246911,12,311994
27961,0.037312,172.31.36.0-255,1041,247952,12,311994
27962,0.03846,172.253.118.0-255,5738,253690,12,311994
27963,0.038467,172.31.36.0-255,66,253756,12,311994
27964,0.038722,104.244.42.0-255,66,253822,12,311994
27965,0.038748,104.244.42.0-255,66,253888,12,311994
27966,0.038826,104.244.42.0-255,66,253954,12,311994
27967,0.040473,172.253.118.0-255,5738,259692,12,311994
27968,0.04048,172.31.36.0-255,66,259758,12,311994
27969,0.0425,172.253.118.0-255,5738,265496,12,311994
27970,0.042507,172.31.36.0-255,66,265562,12,311994
27971,0.044521,172.253.118.0-255,5738,271300,12,311994
27972,0.044528,172.31.36.0-255,66,271366,12,311994
27973,0.046541,172.253.118.0-255,5738,277104,12,311994
27974,0.046548,172.31.36.0-255,66,277170,12,311994
27975,0.048627,172.253.118.0-255,5738,282908,12,311994
27976,0.048637,172.31.36.0-255,66,282974,12,311994
27977,0.050658,172.253.118.0-255,5738,288712,12,311994
27978,0.050664,172.31.36.0-255,66,288778,12,311994
27979,0.052686,172.253.118.0-255,5738,294516,12,311994
27980,0.052692,172.31.36.0-255,66,294582,12,311994
27981,0.054714,172.253.118.0-255,5738,300320,12,311994
27982,0.054721,172.31.36.0-255,66,300386,12,311994
27983,0.056737,172.253.118.0-255,5738,306124,12,311994
27984,0.056745,172.31.36.0-255,66,306190,12,311994
27985,0.058754,172.253.118.0-255,5738,311928,12,311994
27986,0.058762,172.31.36.0-255,66,311994,12,311994
27987,0.0,74.125.24.0-255,153,153,12,199499
27988,3.4e-05,172.31.36.0-255,66,219,12,199499
27989,4.1e-05,74.125.24.0-255,1484,1703,12,199499
27990,4.5e-05,172.31.36.0-255,66,1769,12,199499
27991,5e-05,74.125.24.0-255,2902,4671,12,199499
27992,5.3e-05,172.31.36.0-255,66,4737,12,199499
27993,6e-05,74.125.24.0-255,5738,10475,12,199499
27994,6.3e-05,172.31.36.0-255,66,10541,12,199499
27995,8.6e-05,74.125.24.0-255,1484,12025,12,199499
27996,9e-05,172.31.36.0-255,66,12091,12,199499
27997,9.1e-05,74.125.24.0-255,5738,17829,12,199499
27998,9.5e-05,172.31.36.0-255,66,17895,12,199499
27999,0.000126,172.31.36.0-255,66,17961,12,199499
28000,0.000132,74.125.24.0-255,3961,21922,12,199499
28001,0.000134,172.31.36.0-255,66,21988,12,199499
28002,0.000163,74.125.24.0-255,4320,26308,12,199499
28003,0.000166,172.31.36.0-255,66,26374,12,199499
28004,0.000184,74.125.24.0-255,4320,30694,12,199499
28005,0.000186,172.31.36.0-255,66,30760,12,199499
28006,0.000213,74.125.24.0-255,5738,36498,12,199499
28007,0.000216,172.31.36.0-255,66,36564,12,199499
28008,0.000223,74.125.24.0-255,7156,43720,12,199499
28009,0.000225,172.31.36.0-255,66,43786,12,199499
28010,0.000249,74.125.24.0-255,7156,50942,12,199499
28011,0.000252,172.31.36.0-255,66,51008,12,199499
28012,0.000274,74.125.24.0-255,5020,56028,12,199499
28013,0.000277,172.31.36.0-255,66,56094,12,199499
28014,0.000279,74.125.24.0-255,356,56450,12,199499
28015,0.000281,172.31.36.0-255,66,56516,12,199499
28016,0.000961,74.125.24.0-255,134,56650,12,199499
28017,0.000966,172.31.36.0-255,66,56716,12,199499
28018,0.001003,74.125.24.0-255,1484,58200,12,199499
28019,0.00101,74.125.24.0-255,2902,61102,12,199499
28020,0.001013,172.31.36.0-255,66,61168,12,199499
28021,0.00102,74.125.24.0-255,5738,66906,12,199499
28022,0.001023,172.31.36.0-255,66,66972,12,199499
28023,0.001042,74.125.24.0-255,5738,72710,12,199499
28024,0.001045,172.31.36.0-255,66,72776,12,199499
28025,0.001079,74.125.24.0-255,7156,79932,12,199499
28026,0.001083,172.31.36.0-255,66,79998,12,199499
28027,0.001094,172.31.36.0-255,66,80064,12,199499
28028,0.001097,74.125.24.0-255,766,80830,12,199499
28029,0.001182,74.125.24.0-255,1484,82314,12,199499
28030,0.001186,172.31.36.0-255,66,82380,12,199499
28031,0.001191,74.125.24.0-255,2902,85282,12,199499
28032,0.001193,172.31.36.0-255,66,85348,12,199499
28033,0.0012,74.125.24.0-255,5738,91086,12,199499
28034,0.001203,172.31.36.0-255,66,91152,12,199499
28035,0.001232,74.125.24.0-255,5738,96890,12,199499
28036,0.001235,172.31.36.0-255,66,96956,12,199499
28037,0.001239,74.125.24.0-255,2902,99858,12,199499
28038,0.001241,172.31.36.0-255,66,99924,12,199499
28039,0.001263,172.31.36.0-255,66,99990,12,199499
28040,0.001269,74.125.24.0-255,4320,104310,12,199499
28041,0.001271,172.31.36.0-255,66,104376,12,199499
28042,0.001296,74.125.24.0-255,5020,109396,12,199499
28043,0.001299,172.31.36.0-255,66,109462,12,199499
28044,0.001324,172.31.36.0-255,66,109528,12,199499
28045,0.001363,172.31.36.0-255,66,109594,12,199499
28046,0.001369,74.125.24.0-255,5020,114614,12,199499
28047,0.001371,172.31.36.0-255,66,114680,12,199499
28048,0.001791,74.125.24.0-255,1484,116164,12,199499
28049,0.001798,74.125.24.0-255,2902,119066,12,199499
28050,0.001802,172.31.36.0-255,66,119132,12,199499
28051,0.001842,74.125.24.0-255,4320,123452,12,199499
28052,0.001845,172.31.36.0-255,66,123518,12,199499
28053,0.00186,74.125.24.0-255,1484,125002,12,199499
28054,0.001872,172.31.36.0-255,66,125068,12,199499
28055,0.001882,74.125.24.0-255,1484,126552,12,199499
28056,0.00191,172.31.36.0-255,66,126618,12,199499
28057,0.001938,74.125.24.0-255,4320,130938,12,199499
28058,0.00194,172.31.36.0-255,66,131004,12,199499
28059,0.001958,74.125.24.0-255,4320,135324,12,199499
28060,0.001961,172.31.36.0-255,66,135390,12,199499
28061,0.001971,172.31.36.0-255,66,135456,12,199499
28062,0.001989,74.125.24.0-255,1484,136940,12,199499
28063,0.002004,74.125.24.0-255,5738,142678,12,199499
28064,0.002007,172.31.36.0-255,66,142744,12,199499
28065,0.002033,172.31.36.0-255,66,142810,12,199499
28066,0.00204,74.125.24.0-255,7156,149966,12,199499
28067,0.002042,172.31.36.0-255,66,150032,12,199499
28068,0.002069,172.31.36.0-255,66,150098,12,199499
28069,0.002084,172.31.36.0-255,66,150164,12,199499
28070,0.002104,74.125.24.0-255,7156,157320,12,199499
28071,0.002107,172.31.36.0-255,66,157386,12,199499
28072,0.002111,74.125.24.0-255,3602,160988,12,199499
28073,0.002114,172.31.36.0-255,66,161054,12,199499
28074,0.002144,74.125.24.0-255,7156,168210,12,199499
28075,0.002147,172.31.36.0-255,66,168276,12,199499
28076,0.00218,172.31.36.0-255,66,168342,12,199499
28077,0.002194,172.31.36.0-255,66,168408,12,199499
28078,0.002215,74.125.24.0-255,4320,172728,12,199499
28079,0.002217,172.31.36.0-255,66,172794,12,199499
28080,0.002248,172.31.36.0-255,66,172860,12,199499
28081,0.002281,172.31.36.0-255,66,172926,12,199499
28082,0.002301,172.31.36.0-255,66,172992,12,199499
28083,0.002314,74.125.24.0-255,5020,178012,12,199499
28084,0.002317,172.31.36.0-255,66,178078,12,199499
28085,0.002358,74.125.24.0-255,5738,183816,12,199499
28086,0.00236,172.31.36.0-255,66,183882,12,199499
28087,0.002426,74.125.24.0-255,3977,187859,12,199499
28088,0.002428,74.125.24.0-255,105,187964,12,199499
28089,0.002444,74.125.24.0-255,129,188093,12,199499
28090,0.004806,172.31.36.0-255,66,188159,12,199499
28091,0.005984,172.31.36.0-255,101,188260,12,199499
28092,0.00754,172.31.36.0-255,105,188365,12,199499
28093,0.007564,172.31.36.0-255,105,188470,12,199499
28094,0.007787,172.31.36.0-255,90,188560,12,199499
28095,0.007797,172.31.36.0-255,66,188626,12,199499
28096,0.00852,74.125.24.0-255,66,188692,12,199499
28097,0.010053,74.125.24.0-255,66,188758,12,199499
28098,0.01011,74.125.24.0-255,66,188824,12,199499
28099,0.010283,74.125.24.0-255,66,188890,12,199499
28100,0.010312,74.125.24.0-255,66,188956,12,199499
28101,0.010317,172.31.36.0-255,66,189022,12,199499
28102,0.035643,172.31.36.0-255,172,189194,12,199499
28103,0.035679,172.31.36.0-255,1109,190303,12,199499
28104,0.035721,172.31.36.0-255,1514,191817,12,199499
28105,0.035723,172.31.36.0-255,1514,193331,12,199499
28106,0.035729,172.31.36.0-255,1514,194845,12,199499
28107,0.03573,172.31.36.0-255,1514,196359,12,199499
28108,0.035751,172.31.36.0-255,1514,197873,12,199499
28109,0.035752,172.31.36.0-255,1188,199061,12,199499
28110,0.037203,104.244.42.0-255,66,199127,12,199499
28111,0.037286,104.244.42.0-255,66,199193,12,199499
28112,0.037304,104.244.42.0-255,66,199259,12,199499
28113,0.037325,104.244.42.0-255,66,199325,12,199499
28114,0.048655,172.31.36.0-255,108,199433,12,199499
28115,0.050196,104.244.42.0-255,66,199499,12,199499
28116,0.0,74.125.24.0-255,153,153,12,232297
28117,2.2e-05,172.31.36.0-255,66,219,12,232297
28118,2.9e-05,74.125.24.0-255,1484,1703,12,232297
28119,3.5e-05,172.31.36.0-255,66,1769,12,232297
28120,4.1e-05,74.125.24.0-255,2902,4671,12,232297
28121,4.5e-05,172.31.36.0-255,66,4737,12,232297
28122,5.2e-05,74.125.24.0-255,7156,11893,12,232297
28123,5.6e-05,172.31.36.0-255,66,11959,12,232297
28124,0.000115,172.31.36.0-255,66,12025,12,232297
28125,0.00013,172.31.36.0-255,66,12091,12,232297
28126,0.000143,172.31.36.0-255,66,12157,12,232297
28127,0.000182,74.125.24.0-255,2902,15059,12,232297
28128,0.000185,172.31.36.0-255,66,15125,12,232297
28129,0.000221,172.31.36.0-255,66,15191,12,232297
28130,0.000223,74.125.24.0-255,125,15316,12,232297
28131,0.000226,172.31.36.0-255,66,15382,12,232297
28132,0.000361,74.125.24.0-255,1484,16866,12,232297
28133,0.000364,172.31.36.0-255,66,16932,12,232297
28134,0.000381,74.125.24.0-255,2902,19834,12,232297
28135,0.000384,172.31.36.0-255,66,19900,12,232297
28136,0.000388,74.125.24.0-255,2902,22802,12,232297
28137,0.000391,172.31.36.0-255,66,22868,12,232297
28138,0.000416,74.125.24.0-255,7156,30024,12,232297
28139,0.000419,172.31.36.0-255,66,30090,12,232297
28140,0.000456,172.31.36.0-255,66,30156,12,232297
28141,0.000462,74.125.24.0-255,3602,33758,12,232297
28142,0.000464,172.31.36.0-255,66,33824,12,232297
28143,0.000483,74.125.24.0-255,347,34171,12,232297
28144,0.000987,74.125.24.0-255,1484,35655,12,232297
28145,0.001012,74.125.24.0-255,2902,38557,12,232297
28146,0.001017,74.125.24.0-255,4320,42877,12,232297
28147,0.001035,74.125.24.0-255,4320,47197,12,232297
28148,0.001049,74.125.24.0-255,4320,51517,12,232297
28149,0.001054,74.125.24.0-255,2902,54419,12,232297
28150,0.001072,74.125.24.0-255,5738,60157,12,232297
28151,0.001216,172.31.36.0-255,66,60223,12,232297
28152,0.003232,74.125.24.0-255,5738,65961,12,232297
28153,0.00324,172.31.36.0-255,66,66027,12,232297
28154,0.005246,74.125.24.0-255,2902,68929,12,232297
28155,0.005265,74.125.24.0-255,2902,71831,12,232297
28156,0.006679,172.31.36.0-255,66,71897,12,232297
28157,0.008669,74.125.24.0-255,5738,77635,12,232297
28158,0.008677,172.31.36.0-255,66,77701,12,232297
28159,0.010688,74.125.24.0-255,5738,83439,12,232297
28160,0.010699,172.31.36.0-255,66,83505,12,232297
28161,0.012717,74.125.24.0-255,5738,89243,12,232297
28162,0.012733,172.31.36.0-255,66,89309,12,232297
28163,0.014746,74.125.24.0-255,5738,95047,12,232297
28164,0.014766,172.31.36.0-255,66,95113,12,232297
28165,0.01677,74.125.24.0-255,5738,100851,12,232297
28166,0.016781,172.31.36.0-255,66,100917,12,232297
28167,0.018793,74.125.24.0-255,5738,106655,12,232297
28168,0.018804,172.31.36.0-255,66,106721,12,232297
28169,0.02083,74.125.24.0-255,5738,112459,12,232297
28170,0.020839,172.31.36.0-255,66,112525,12,232297
28171,0.022759,172.31.36.0-255,172,112697,12,232297
28172,0.022792,172.31.36.0-255,1109,113806,12,232297
28173,0.022833,74.125.24.0-255,2902,116708,12,232297
28174,0.022839,172.31.36.0-255,66,116774,12,232297
28175,0.022898,74.125.24.0-255,2902,119676,12,232297
28176,0.022942,172.31.36.0-255,1514,121190,12,232297
28177,0.022943,172.31.36.0-255,1514,122704,12,232297
28178,0.022944,172.31.36.0-255,1514,124218,12,232297
28179,0.022946,172.31.36.0-255,1514,125732,12,232297
28180,0.022978,172.31.36.0-255,1514,127246,12,232297
28181,0.02298,172.31.36.0-255,1261,128507,12,232297
28182,0.022988,172.31.36.0-255,66,128573,12,232297
28183,0.024313,104.244.42.0-255,66,128639,12,232297
28184,0.02436,104.244.42.0-255,66,128705,12,232297
28185,0.024503,104.244.42.0-255,66,128771,12,232297
28186,0.024509,104.244.42.0-255,66,128837,12,232297
28187,0.024563,104.244.42.0-255,66,128903,12,232297
28188,0.024845,74.125.24.0-255,2902,131805,12,232297
28189,0.024853,172.31.36.0-255,66,131871,12,232297
28190,0.025003,74.125.24.0-255,2902,134773,12,232297
28191,0.025008,172.31.36.0-255,66,134839,12,232297
28192,0.026834,74.125.24.0-255,2902,137741,12,232297
28193,0.026843,172.31.36.0-255,66,137807,12,232297
28194,0.02697,74.125.24.0-255,2902,140709,12,232297
28195,0.027687,172.31.36.0-255,66,140775,12,232297
28196,0.028841,74.125.24.0-255,2902,143677,12,232297
28197,0.028848,172.31.36.0-255,66,143743,12,232297
28198,0.029687,74.125.24.0-255,2902,146645,12,232297
28199,0.029694,172.31.36.0-255,66,146711,12,232297
28200,0.030855,74.125.24.0-255,2902,149613,12,232297
28201,0.030862,172.31.36.0-255,66,149679,12,232297
28202,0.0317,74.125.24.0-255,2902,152581,12,232297
28203,0.031707,172.31.36.0-255,66,152647,12,232297
28204,0.032846,74.125.24.0-255,2902,155549,12,232297
28205,0.032854,172.31.36.0-255,66,155615,12,232297
28206,0.033708,74.125.24.0-255,2902,158517,12,232297
28207,0.033715,172.31.36.0-255,66,158583,12,232297
28208,0.034866,74.125.24.0-255,2902,161485,12,232297
28209,0.034878,172.31.36.0-255,66,161551,12,232297
28210,0.035724,74.125.24.0-255,2902,164453,12,232297
28211,0.035733,172.31.36.0-255,66,164519,12,232297
28212,0.036886,74.125.24.0-255,2902,167421,12,232297
28213,0.036894,172.31.36.0-255,66,167487,12,232297
28214,0.037712,74.125.24.0-255,2902,170389,12,232297
28215,0.037719,172.31.36.0-255,66,170455,12,232297
28216,0.038879,74.125.24.0-255,2902,173357,12,232297
28217,0.038887,172.31.36.0-255,66,173423,12,232297
28218,0.03972,74.125.24.0-255,2902,176325,12,232297
28219,0.039726,172.31.36.0-255,66,176391,12,232297
28220,0.040894,74.125.24.0-255,2902,179293,12,232297
28221,0.040902,172.31.36.0-255,66,179359,12,232297
28222,0.041729,74.125.24.0-255,2902,182261,12,232297
28223,0.041735,172.31.36.0-255,66,182327,12,232297
28224,0.042899,74.125.24.0-255,2902,185229,12,232297
28225,0.042906,172.31.36.0-255,66,185295,12,232297
28226,0.04374,74.125.24.0-255,2902,188197,12,232297
28227,0.043748,172.31.36.0-255,66,188263,12,232297
28228,0.044907,74.125.24.0-255,2902,191165,12,232297
28229,0.044915,172.31.36.0-255,66,191231,12,232297
28230,0.045724,74.125.24.0-255,2902,194133,12,232297
28231,0.045923,172.31.36.0-255,66,194199,12,232297
28232,0.046923,74.125.24.0-255,2902,197101,12,232297
28233,0.04693,172.31.36.0-255,66,197167,12,232297
28234,0.047896,74.125.24.0-255,2902,200069,12,232297
28235,0.047902,172.31.36.0-255,66,200135,12,232297
28236,0.048939,74.125.24.0-255,2902,203037,12,232297
28237,0.048946,172.31.36.0-255,66,203103,12,232297
28238,0.049904,74.125.24.0-255,2902,206005,12,232297
28239,0.05094,74.125.24.0-255,2902,208907,12,232297
28240,0.05106,172.31.36.0-255,66,208973,12,232297
28241,0.05308,74.125.24.0-255,5738,214711,12,232297
28242,0.053093,172.31.36.0-255,66,214777,12,232297
28243,0.055098,74.125.24.0-255,5738,220515,12,232297
28244,0.055108,172.31.36.0-255,66,220581,12,232297
28245,0.057122,74.125.24.0-255,5738,226319,12,232297
28246,0.05713,172.31.36.0-255,66,226385,12,232297
28247,0.05861,172.31.36.0-255,108,226493,12,232297
28248,0.05912,74.125.24.0-255,5738,232231,12,232297
28249,0.059128,172.31.36.0-255,66,232297,12,232297
28250,0.0,74.125.68.0-255,153,153,12,332177
28251,2.3e-05,172.31.36.0-255,66,219,12,332177
28252,2.7e-05,74.125.68.0-255,1484,1703,12,332177
28253,3.2e-05,172.31.36.0-255,66,1769,12,332177
28254,4.6e-05,74.125.68.0-255,2902,4671,12,332177
28255,4.8e-05,172.31.36.0-255,66,4737,12,332177
28256,7.4e-05,74.125.68.0-255,5738,10475,12,332177
28257,7.6e-05,172.31.36.0-255,66,10541,12,332177
28258,9e-05,74.125.68.0-255,3394,13935,12,332177
28259,9.2e-05,172.31.36.0-255,66,14001,12,332177
28260,0.000217,74.125.68.0-255,1484,15485,12,332177
28261,0.00022,172.31.36.0-255,66,15551,12,332177
28262,0.000225,74.125.68.0-255,2902,18453,12,332177
28263,0.000227,172.31.36.0-255,66,18519,12,332177
28264,0.000229,74.125.68.0-255,1484,20003,12,332177
28265,0.000231,172.31.36.0-255,66,20069,12,332177
28266,0.000255,74.125.68.0-255,2902,22971,12,332177
28267,0.000258,172.31.36.0-255,66,23037,12,332177
28268,0.000272,74.125.68.0-255,4320,27357,12,332177
28269,0.000276,172.31.36.0-255,66,27423,12,332177
28270,0.000283,74.125.68.0-255,1484,28907,12,332177
28271,0.000285,172.31.36.0-255,66,28973,12,332177
28272,0.000289,74.125.68.0-255,2543,31516,12,332177
28273,0.000291,172.31.36.0-255,66,31582,12,332177
28274,0.000315,74.125.68.0-255,2902,34484,12,332177
28275,0.000319,172.31.36.0-255,66,34550,12,332177
28276,0.000333,74.125.68.0-255,1484,36034,12,332177
28277,0.000335,172.31.36.0-255,66,36100,12,332177
28278,0.000369,74.125.68.0-255,5738,41838,12,332177
28279,0.000372,74.125.68.0-255,2902,44740,12,332177
28280,0.000373,172.31.36.0-255,66,44806,12,332177
28281,0.000376,74.125.68.0-255,4320,49126,12,332177
28282,0.000376,172.31.36.0-255,66,49192,12,332177
28283,0.00038,172.31.36.0-255,66,49258,12,332177
28284,0.000385,172.31.36.0-255,66,49324,12,332177
28285,0.000411,74.125.68.0-255,1484,50808,12,332177
28286,0.000428,74.125.68.0-255,4320,55128,12,332177
28287,0.000433,172.31.36.0-255,66,55194,12,332177
28288,0.000442,74.125.68.0-255,2519,57713,12,332177
28289,0.000444,172.31.36.0-255,66,57779,12,332177
28290,0.000477,74.125.68.0-255,343,58122,12,332177
28291,0.000648,74.125.68.0-255,1484,59606,12,332177
28292,0.000652,172.31.36.0-255,66,59672,12,332177
28293,0.000655,74.125.68.0-255,1484,61156,12,332177
28294,0.00067,74.125.68.0-255,1484,62640,12,332177
28295,0.000672,172.31.36.0-255,66,62706,12,332177
28296,0.000677,74.125.68.0-255,4320,67026,12,332177
28297,0.000679,172.31.36.0-255,66,67092,12,332177
28298,0.000701,74.125.68.0-255,2902,69994,12,332177
28299,0.000704,172.31.36.0-255,66,70060,12,332177
28300,0.00072,74.125.68.0-255,4320,74380,12,332177
28301,0.000723,172.31.36.0-255,66,74446,12,332177
28302,0.000747,172.31.36.0-255,66,74512,12,332177
28303,0.000754,74.125.68.0-255,2902,77414,12,332177
28304,0.000756,172.31.36.0-255,66,77480,12,332177
28305,0.000805,74.125.68.0-255,2902,80382,12,332177
28306,0.000808,172.31.36.0-255,66,80448,12,332177
28307,0.000825,74.125.68.0-255,3602,84050,12,332177
28308,0.000828,172.31.36.0-255,66,84116,12,332177
28309,0.000845,74.125.68.0-255,7156,91272,12,332177
28310,0.000847,172.31.36.0-255,66,91338,12,332177
28311,0.000851,74.125.68.0-255,2902,94240,12,332177
28312,0.000853,172.31.36.0-255,66,94306,12,332177
28313,0.000873,74.125.68.0-255,1484,95790,12,332177
28314,0.000887,74.125.68.0-255,7156,102946,12,332177
28315,0.00089,172.31.36.0-255,66,103012,12,332177
28316,0.000909,74.125.68.0-255,2902,105914,12,332177
28317,0.000911,172.31.36.0-255,66,105980,12,332177
28318,0.000921,172.31.36.0-255,66,106046,12,332177
28319,0.000956,74.125.68.0-255,2184,108230,12,332177
28320,0.000959,172.31.36.0-255,66,108296,12,332177
28321,0.001129,74.125.68.0-255,1484,109780,12,332177
28322,0.001133,74.125.68.0-255,2902,112682,12,332177
28323,0.001136,172.31.36.0-255,66,112748,12,332177
28324,0.001154,74.125.68.0-255,2902,115650,12,332177
28325,0.001157,172.31.36.0-255,66,115716,12,332177
28326,0.001168,74.125.68.0-255,2902,118618,12,332177
28327,0.00117,172.31.36.0-255,66,118684,12,332177
28328,0.001175,74.125.68.0-255,5738,124422,12,332177
28329,0.001177,172.31.36.0-255,66,124488,12,332177
28330,0.001188,74.125.68.0-255,1484,125972,12,332177
28331,0.001217,74.125.68.0-255,2902,128874,12,332177
28332,0.001219,172.31.36.0-255,66,128940,12,332177
28333,0.001246,172.31.36.0-255,66,129006,12,332177
28334,0.001249,74.125.68.0-255,1484,130490,12,332177
28335,0.001262,74.125.68.0-255,2184,132674,12,332177
28336,0.001265,172.31.36.0-255,66,132740,12,332177
28337,0.001601,74.125.68.0-255,1484,134224,12,332177
28338,0.001637,74.125.68.0-255,1484,135708,12,332177
28339,0.001643,172.31.36.0-255,66,135774,12,332177
28340,0.001679,74.125.68.0-255,1484,137258,12,332177
28341,0.001707,74.125.68.0-255,1484,138742,12,332177
28342,0.001711,172.31.36.0-255,66,138808,12,332177
28343,0.001745,74.125.68.0-255,2902,141710,12,332177
28344,0.001749,172.31.36.0-255,66,141776,12,332177
28345,0.001778,74.125.68.0-255,5738,147514,12,332177
28346,0.00178,172.31.36.0-255,66,147580,12,332177
28347,0.00181,74.125.68.0-255,1484,149064,12,332177
28348,0.001866,74.125.68.0-255,2902,151966,12,332177
28349,0.001869,172.31.36.0-255,66,152032,12,332177
28350,0.001891,74.125.68.0-255,4320,156352,12,332177
28351,0.001894,172.31.36.0-255,66,156418,12,332177
28352,0.001898,74.125.68.0-255,2902,159320,12,332177
28353,0.0019,172.31.36.0-255,66,159386,12,332177
28354,0.001913,74.125.68.0-255,2902,162288,12,332177
28355,0.001915,172.31.36.0-255,66,162354,12,332177
28356,0.001932,74.125.68.0-255,2902,165256,12,332177
28357,0.001934,172.31.36.0-255,66,165322,12,332177
28358,0.001949,74.125.68.0-255,2184,167506,12,332177
28359,0.001951,172.31.36.0-255,66,167572,12,332177
28360,0.003932,74.125.68.0-255,2902,170474,12,332177
28361,0.003937,172.31.36.0-255,66,170540,12,332177
28362,0.003954,74.125.68.0-255,2902,173442,12,332177
28363,0.003955,172.31.36.0-255,66,173508,12,332177
28364,0.005936,74.125.68.0-255,4320,177828,12,332177
28365,0.005939,172.31.36.0-255,66,177894,12,332177
28366,0.005952,74.125.68.0-255,1484,179378,12,332177
28367,0.007346,172.31.36.0-255,101,179479,12,332177
28368,0.007945,74.125.68.0-255,4320,183799,12,332177
28369,0.007952,172.31.36.0-255,66,183865,12,332177
28370,0.009354,74.125.68.0-255,1484,185349,12,332177
28371,0.009952,74.125.68.0-255,4320,189669,12,332177
28372,0.009958,172.31.36.0-255,66,189735,12,332177
28373,0.011976,74.125.68.0-255,5738,195473,12,332177
28374,0.011983,172.31.36.0-255,66,195539,12,332177
28375,0.013985,74.125.68.0-255,5738,201277,12,332177
28376,0.013992,172.31.36.0-255,66,201343,12,332177
28377,0.016062,74.125.68.0-255,5738,207081,12,332177
28378,0.016071,172.31.36.0-255,66,207147,12,332177
28379,0.018071,74.125.68.0-255,5738,212885,12,332177
28380,0.018077,172.31.36.0-255,66,212951,12,332177
28381,0.020095,74.125.68.0-255,5738,218689,12,332177
28382,0.020101,172.31.36.0-255,66,218755,12,332177
28383,0.022103,74.125.68.0-255,5738,224493,12,332177
28384,0.022111,172.31.36.0-255,66,224559,12,332177
28385,0.024114,74.125.68.0-255,5738,230297,12,332177
28386,0.02412,172.31.36.0-255,66,230363,12,332177
28387,0.024569,172.31.36.0-255,188,230551,12,332177
28388,0.024596,172.31.36.0-255,952,231503,12,332177
28389,0.02464,172.31.36.0-255,1514,233017,12,332177
28390,0.024642,172.31.36.0-255,1514,234531,12,332177
28391,0.024664,172.31.36.0-255,494,235025,12,332177
28392,0.026121,74.125.68.0-255,5738,240763,12,332177
28393,0.026127,172.31.36.0-255,66,240829,12,332177
28394,0.026147,104.244.42.0-255,66,240895,12,332177
28395,0.026157,104.244.42.0-255,66,240961,12,332177
28396,0.026245,104.244.42.0-255,66,241027,12,332177
28397,0.02625,104.244.42.0-255,66,241093,12,332177
28398,0.028196,74.125.68.0-255,5738,246831,12,332177
28399,0.028202,172.31.36.0-255,66,246897,12,332177
28400,0.030205,74.125.68.0-255,5738,252635,12,332177
28401,0.030211,172.31.36.0-255,66,252701,12,332177
28402,0.03221,74.125.68.0-255,5738,258439,12,332177
28403,0.032216,172.31.36.0-255,66,258505,12,332177
28404,0.034207,74.125.68.0-255,4320,262825,12,332177
28405,0.034211,172.31.36.0-255,66,262891,12,332177
28406,0.03424,74.125.68.0-255,1484,264375,12,332177
28407,0.036208,74.125.68.0-255,1484,265859,12,332177
28408,0.036213,172.31.36.0-255,66,265925,12,332177
28409,0.036246,74.125.68.0-255,2902,268827,12,332177
28410,0.036249,172.31.36.0-255,66,268893,12,332177
28411,0.038217,74.125.68.0-255,2902,271795,12,332177
28412,0.038223,172.31.36.0-255,66,271861,12,332177
28413,0.038261,74.125.68.0-255,2902,274763,12,332177
28414,0.038264,172.31.36.0-255,66,274829,12,332177
28415,0.040225,74.125.68.0-255,2902,277731,12,332177
28416,0.04023,172.31.36.0-255,66,277797,12,332177
28417,0.040265,74.125.68.0-255,2902,280699,12,332177
28418,0.040268,172.31.36.0-255,66,280765,12,332177
28419,0.042224,74.125.68.0-255,2902,283667,12,332177
28420,0.042229,172.31.36.0-255,66,283733,12,332177
28421,0.042262,74.125.68.0-255,2902,286635,12,332177
28422,0.042265,172.31.36.0-255,66,286701,12,332177
28423,0.044235,74.125.68.0-255,2902,289603,12,332177
28424,0.04424,172.31.36.0-255,66,289669,12,332177
28425,0.044269,74.125.68.0-255,2902,292571,12,332177
28426,0.044272,172.31.36.0-255,66,292637,12,332177
28427,0.046235,74.125.68.0-255,2902,295539,12,332177
28428,0.046241,172.31.36.0-255,66,295605,12,332177
28429,0.046273,74.125.68.0-255,2902,298507,12,332177
28430,0.046276,172.31.36.0-255,66,298573,12,332177
28431,0.048234,74.125.68.0-255,2902,301475,12,332177
28432,0.048239,172.31.36.0-255,66,301541,12,332177
28433,0.048274,74.125.68.0-255,2902,304443,12,332177
28434,0.048277,172.31.36.0-255,66,304509,12,332177
28435,0.050259,74.125.68.0-255,4320,308829,12,332177
28436,0.050265,172.31.36.0-255,66,308895,12,332177
28437,0.050288,74.125.68.0-255,1484,310379,12,332177
28438,0.052271,74.125.68.0-255,4320,314699,12,332177
28439,0.052278,172.31.36.0-255,66,314765,12,332177
28440,0.054296,74.125.68.0-255,5738,320503,12,332177
28441,0.054303,172.31.36.0-255,66,320569,12,332177
28442,0.056322,74.125.68.0-255,5738,326307,12,332177
28443,0.056328,172.31.36.0-255,66,326373,12,332177
28444,0.058345,74.125.68.0-255,5738,332111,12,332177
28445,0.058351,172.31.36.0-255,66,332177,12,332177
28446,0.0,74.125.24.0-255,150,150,12,170118
28447,3e-05,172.31.36.0-255,66,216,12,170118
28448,3.7e-05,74.125.24.0-255,1484,1700,12,170118
28449,4.2e-05,172.31.36.0-255,66,1766,12,170118
28450,4.7e-05,74.125.24.0-255,2902,4668,12,170118
28451,5.1e-05,172.31.36.0-255,66,4734,12,170118
28452,5.7e-05,74.125.24.0-255,5738,10472,12,170118
28453,6e-05,172.31.36.0-255,66,10538,12,170118
28454,9e-05,74.125.24.0-255,2902,13440,12,170118
28455,9.3e-05,172.31.36.0-255,66,13506,12,170118
28456,0.000119,172.31.36.0-255,66,13572,12,170118
28457,0.000156,172.31.36.0-255,66,13638,12,170118
28458,0.000314,74.125.24.0-255,1484,15122,12,170118
28459,0.000318,172.31.36.0-255,66,15188,12,170118
28460,0.000337,74.125.24.0-255,2902,18090,12,170118
28461,0.000341,172.31.36.0-255,66,18156,12,170118
28462,0.000344,74.125.24.0-255,1484,19640,12,170118
28463,0.000349,172.31.36.0-255,66,19706,12,170118
28464,0.000378,74.125.24.0-255,2902,22608,12,170118
28465,0.000383,172.31.36.0-255,66,22674,12,170118
28466,0.000403,74.125.24.0-255,2902,25576,12,170118
28467,0.000408,172.31.36.0-255,66,25642,12,170118
28468,0.00042,172.31.36.0-255,66,25708,12,170118
28469,0.000438,74.125.24.0-255,1484,27192,12,170118
28470,0.00044,172.31.36.0-255,66,27258,12,170118
28471,0.000475,172.31.36.0-255,66,27324,12,170118
28472,0.000478,74.125.24.0-255,136,27460,12,170118
28473,0.000481,172.31.36.0-255,66,27526,12,170118
28474,0.000683,74.125.24.0-255,1484,29010,12,170118
28475,0.00069,74.125.24.0-255,2902,31912,12,170118
28476,0.000694,172.31.36.0-255,66,31978,12,170118
28477,0.000712,74.125.24.0-255,5738,37716,12,170118
28478,0.000715,172.31.36.0-255,66,37782,12,170118
28479,0.000734,74.125.24.0-255,4320,42102,12,170118
28480,0.000737,172.31.36.0-255,66,42168,12,170118
28481,0.00076,74.125.24.0-255,5738,47906,12,170118
28482,0.000763,172.31.36.0-255,66,47972,12,170118
28483,0.00077,74.125.24.0-255,7156,55128,12,170118
28484,0.000773,172.31.36.0-255,66,55194,12,170118
28485,0.000791,74.125.24.0-255,6438,61632,12,170118
28486,0.000795,172.31.36.0-255,66,61698,12,170118
28487,0.001262,74.125.24.0-255,1484,63182,12,170118
28488,0.001274,74.125.24.0-255,2902,66084,12,170118
28489,0.001278,172.31.36.0-255,66,66150,12,170118
28490,0.001286,74.125.24.0-255,5738,71888,12,170118
28491,0.001288,172.31.36.0-255,66,71954,12,170118
28492,0.00133,172.31.36.0-255,66,72020,12,170118
28493,0.001341,172.31.36.0-255,66,72086,12,170118
28494,0.001367,74.125.24.0-255,766,72852,12,170118
28495,0.001549,74.125.24.0-255,1484,74336,12,170118
28496,0.001555,172.31.36.0-255,66,74402,12,170118
28497,0.001563,74.125.24.0-255,2902,77304,12,170118
28498,0.001565,172.31.36.0-255,66,77370,12,170118
28499,0.001571,74.125.24.0-255,5738,83108,12,170118
28500,0.001573,172.31.36.0-255,66,83174,12,170118
28501,0.001578,74.125.24.0-255,2902,86076,12,170118
28502,0.00158,172.31.36.0-255,66,86142,12,170118
28503,0.00161,74.125.24.0-255,4320,90462,12,170118
28504,0.001615,172.31.36.0-255,66,90528,12,170118
28505,0.001633,172.31.36.0-255,66,90594,12,170118
28506,0.001661,172.31.36.0-255,66,90660,12,170118
28507,0.001674,172.31.36.0-255,66,90726,12,170118
28508,0.001702,172.31.36.0-255,66,90792,12,170118
28509,0.001717,74.125.24.0-255,2184,92976,12,170118
28510,0.00172,172.31.36.0-255,66,93042,12,170118
28511,0.001723,74.125.24.0-255,1484,94526,12,170118
28512,0.001743,74.125.24.0-255,2902,97428,12,170118
28513,0.001746,172.31.36.0-255,66,97494,12,170118
28514,0.001751,74.125.24.0-255,4320,101814,12,170118
28515,0.001754,172.31.36.0-255,66,101880,12,170118
28516,0.001765,74.125.24.0-255,1484,103364,12,170118
28517,0.001821,74.125.24.0-255,4320,107684,12,170118
28518,0.001838,172.31.36.0-255,66,107750,12,170118
28519,0.00185,172.31.36.0-255,66,107816,12,170118
28520,0.001856,74.125.24.0-255,7156,114972,12,170118
28521,0.001858,172.31.36.0-255,66,115038,12,170118
28522,0.00191,74.125.24.0-255,3602,118640,12,170118
28523,0.001914,172.31.36.0-255,66,118706,12,170118
28524,0.002208,74.125.24.0-255,1484,120190,12,170118
28525,0.002229,74.125.24.0-255,2902,123092,12,170118
28526,0.002233,172.31.36.0-255,66,123158,12,170118
28527,0.002239,74.125.24.0-255,5738,128896,12,170118
28528,0.002241,172.31.36.0-255,66,128962,12,170118
28529,0.002244,74.125.24.0-255,1484,130446,12,170118
28530,0.002284,172.31.36.0-255,66,130512,12,170118
28531,0.002287,74.125.24.0-255,1484,131996,12,170118
28532,0.002299,74.125.24.0-255,1484,133480,12,170118
28533,0.002302,172.31.36.0-255,66,133546,12,170118
28534,0.002312,74.125.24.0-255,2902,136448,12,170118
28535,0.002314,172.31.36.0-255,66,136514,12,170118
28536,0.002383,172.31.36.0-255,66,136580,12,170118
28537,0.002391,172.31.36.0-255,66,136646,12,170118
28538,0.002394,172.31.36.0-255,66,136712,12,170118
28539,0.002406,172.31.36.0-255,66,136778,12,170118
28540,0.002415,172.31.36.0-255,66,136844,12,170118
28541,0.002453,172.31.36.0-255,66,136910,12,170118
28542,0.002464,172.31.36.0-255,66,136976,12,170118
28543,0.00247,74.125.24.0-255,4320,141296,12,170118
28544,0.002472,172.31.36.0-255,66,141362,12,170118
28545,0.002505,172.31.36.0-255,66,141428,12,170118
28546,0.002519,172.31.36.0-255,66,141494,12,170118
28547,0.002525,74.125.24.0-255,6438,147932,12,170118
28548,0.002527,172.31.36.0-255,66,147998,12,170118
28549,0.002568,74.125.24.0-255,1484,149482,12,170118
28550,0.002587,74.125.24.0-255,5738,155220,12,170118
28551,0.00259,172.31.36.0-255,66,155286,12,170118
28552,0.002613,74.125.24.0-255,4320,159606,12,170118
28553,0.002617,172.31.36.0-255,66,159672,12,170118
28554,0.002619,74.125.24.0-255,1484,161156,12,170118
28555,0.002621,172.31.36.0-255,78,161234,12,170118
28556,0.002633,172.31.36.0-255,66,161300,12,170118
28557,0.002635,74.125.24.0-255,1484,162784,12,170118
28558,0.002646,172.31.36.0-255,66,162850,12,170118
28559,0.002649,74.125.24.0-255,1484,164334,12,170118
28560,0.002699,74.125.24.0-255,97,164431,12,170118
28561,0.002708,172.31.36.0-255,66,164497,12,170118
28562,0.002726,74.125.24.0-255,105,164602,12,170118
28563,0.004226,172.31.36.0-255,66,164668,12,170118
28564,0.004262,172.31.36.0-255,105,164773,12,170118
28565,0.006771,74.125.24.0-255,66,164839,12,170118
28566,0.028548,172.31.36.0-255,172,165011,12,170118
28567,0.02861,172.31.36.0-255,1108,166119,12,170118
28568,0.028689,172.31.36.0-255,1514,167633,12,170118
28569,0.028691,172.31.36.0-255,1514,169147,12,170118
28570,0.028692,172.31.36.0-255,707,169854,12,170118
28571,0.030091,104.244.42.0-255,66,169920,12,170118
28572,0.030152,104.244.42.0-255,66,169986,12,170118
28573,0.030271,104.244.42.0-255,66,170052,12,170118
28574,0.030274,104.244.42.0-255,66,170118,12,170118
28575,0.0,172.31.36.0-255,105,105,12,276
28576,0.001522,157.240.13.0-255,105,210,12,276
28577,0.001534,172.31.36.0-255,66,276,12,276
28578,0.0,172.217.160.0-255,146,146,12,293564
28579,2.3e-05,172.31.36.0-255,66,212,12,293564
28580,3e-05,172.217.160.0-255,1484,1696,12,293564
28581,3.5e-05,172.31.36.0-255,66,1762,12,293564
28582,4.1e-05,172.217.160.0-255,2902,4664,12,293564
28583,4.4e-05,172.31.36.0-255,66,4730,12,293564
28584,5.2e-05,172.217.160.0-255,7156,11886,12,293564
28585,5.5e-05,172.31.36.0-255,66,11952,12,293564
28586,6e-05,172.217.160.0-255,3471,15423,12,293564
28587,6.2e-05,172.31.36.0-255,66,15489,12,293564
28588,7.8e-05,172.31.36.0-255,66,15555,12,293564
28589,8.2e-05,172.217.160.0-255,2543,18098,12,293564
28590,8.5e-05,172.31.36.0-255,66,18164,12,293564
28591,0.000137,172.217.160.0-255,2902,21066,12,293564
28592,0.00014,172.31.36.0-255,66,21132,12,293564
28593,0.000145,172.217.160.0-255,2902,24034,12,293564
28594,0.000147,172.31.36.0-255,66,24100,12,293564
28595,0.000165,172.217.160.0-255,1484,25584,12,293564
28596,0.000167,172.31.36.0-255,66,25650,12,293564
28597,0.000178,172.31.36.0-255,66,25716,12,293564
28598,0.000221,172.217.160.0-255,2850,28566,12,293564
28599,0.000231,172.31.36.0-255,66,28632,12,293564
28600,0.000234,172.31.36.0-255,66,28698,12,293564
28601,0.000538,172.217.160.0-255,369,29067,12,293564
28602,0.000544,172.31.36.0-255,66,29133,12,293564
28603,0.000618,172.217.160.0-255,1484,30617,12,293564
28604,0.000622,172.31.36.0-255,66,30683,12,293564
28605,0.000628,172.217.160.0-255,2902,33585,12,293564
28606,0.00063,172.31.36.0-255,66,33651,12,293564
28607,0.000633,172.217.160.0-255,1484,35135,12,293564
28608,0.000656,172.217.160.0-255,4320,39455,12,293564
28609,0.000659,172.31.36.0-255,66,39521,12,293564
28610,0.000679,172.217.160.0-255,2902,42423,12,293564
28611,0.000681,172.31.36.0-255,66,42489,12,293564
28612,0.000712,172.31.36.0-255,66,42555,12,293564
28613,0.000723,172.31.36.0-255,66,42621,12,293564
28614,0.000767,172.217.160.0-255,1484,44105,12,293564
28615,0.000772,172.217.160.0-255,2902,47007,12,293564
28616,0.000775,172.31.36.0-255,66,47073,12,293564
28617,0.000823,172.217.160.0-255,4320,51393,12,293564
28618,0.000826,172.31.36.0-255,66,51459,12,293564
28619,0.000832,172.217.160.0-255,5738,57197,12,293564
28620,0.000835,172.31.36.0-255,66,57263,12,293564
28621,0.000847,172.31.36.0-255,66,57329,12,293564
28622,0.000857,172.31.36.0-255,66,57395,12,293564
28623,0.000871,172.217.160.0-255,1484,58879,12,293564
28624,0.000894,172.217.160.0-255,7156,66035,12,293564
28625,0.000906,172.31.36.0-255,66,66101,12,293564
28626,0.000909,172.31.36.0-255,66,66167,12,293564
28627,0.00102,172.31.36.0-255,66,66233,12,293564
28628,0.001257,172.217.160.0-255,1484,67717,12,293564
28629,0.001262,172.217.160.0-255,1484,69201,12,293564
28630,0.001265,172.31.36.0-255,66,69267,12,293564
28631,0.001287,172.217.160.0-255,1484,70751,12,293564
28632,0.001294,172.217.160.0-255,5738,76489,12,293564
28633,0.001297,172.31.36.0-255,66,76555,12,293564
28634,0.0013,172.217.160.0-255,1484,78039,12,293564
28635,0.001329,172.31.36.0-255,66,78105,12,293564
28636,0.00134,172.31.36.0-255,66,78171,12,293564
28637,0.001363,172.217.160.0-255,2184,80355,12,293564
28638,0.001365,172.31.36.0-255,66,80421,12,293564
28639,0.001645,172.217.160.0-255,1484,81905,12,293564
28640,0.001651,172.217.160.0-255,2902,84807,12,293564
28641,0.001654,172.31.36.0-255,66,84873,12,293564
28642,0.001659,172.217.160.0-255,2902,87775,12,293564
28643,0.001661,172.31.36.0-255,66,87841,12,293564
28644,0.003279,172.217.160.0-255,5738,93579,12,293564
28645,0.003287,172.31.36.0-255,66,93645,12,293564
28646,0.004919,172.217.160.0-255,5738,99383,12,293564
28647,0.004923,172.31.36.0-255,66,99449,12,293564
28648,0.006547,172.217.160.0-255,5738,105187,12,293564
28649,0.006552,172.31.36.0-255,66,105253,12,293564
28650,0.008209,172.217.160.0-255,5738,110991,12,293564
28651,0.008213,172.31.36.0-255,66,111057,12,293564
28652,0.009842,172.217.160.0-255,5738,116795,12,293564
28653,0.009849,172.31.36.0-255,66,116861,12,293564
28654,0.01149,172.217.160.0-255,5738,122599,12,293564
28655,0.011498,172.31.36.0-255,66,122665,12,293564
28656,0.013132,172.217.160.0-255,5738,128403,12,293564
28657,0.01314,172.31.36.0-255,66,128469,12,293564
28658,0.014769,172.217.160.0-255,5738,134207,12,293564
28659,0.014778,172.31.36.0-255,66,134273,12,293564
28660,0.016416,172.217.160.0-255,5738,140011,12,293564
28661,0.016426,172.31.36.0-255,66,140077,12,293564
28662,0.018057,172.217.160.0-255,5738,145815,12,293564
28663,0.018065,172.31.36.0-255,66,145881,12,293564
28664,0.019704,172.217.160.0-255,5738,151619,12,293564
28665,0.019711,172.31.36.0-255,66,151685,12,293564
28666,0.021336,172.217.160.0-255,5738,157423,12,293564
28667,0.021344,172.31.36.0-255,66,157489,12,293564
28668,0.022973,172.217.160.0-255,5738,163227,12,293564
28669,0.022979,172.31.36.0-255,66,163293,12,293564
28670,0.024659,172.217.160.0-255,5738,169031,12,293564
28671,0.024666,172.31.36.0-255,66,169097,12,293564
28672,0.02631,172.217.160.0-255,5738,174835,12,293564
28673,0.026318,172.31.36.0-255,66,174901,12,293564
28674,0.027951,172.217.160.0-255,5738,180639,12,293564
28675,0.027959,172.31.36.0-255,66,180705,12,293564
28676,0.029601,172.217.160.0-255,5738,186443,12,293564
28677,0.029609,172.31.36.0-255,66,186509,12,293564
28678,0.03124,172.217.160.0-255,5738,192247,12,293564
28679,0.031248,172.31.36.0-255,66,192313,12,293564
28680,0.032871,172.217.160.0-255,5738,198051,12,293564
28681,0.032879,172.31.36.0-255,66,198117,12,293564
28682,0.034508,172.217.160.0-255,5738,203855,12,293564
28683,0.034516,172.31.36.0-255,66,203921,12,293564
28684,0.036153,172.217.160.0-255,5738,209659,12,293564
28685,0.036162,172.31.36.0-255,66,209725,12,293564
28686,0.037801,172.217.160.0-255,5738,215463,12,293564
28687,0.037808,172.31.36.0-255,66,215529,12,293564
28688,0.039477,172.217.160.0-255,5738,221267,12,293564
28689,0.039485,172.31.36.0-255,66,221333,12,293564
28690,0.039555,172.31.36.0-255,172,221505,12,293564
28691,0.039582,172.31.36.0-255,1109,222614,12,293564
28692,0.039703,172.31.36.0-255,576,223190,12,293564
28693,0.041067,104.244.42.0-255,66,223256,12,293564
28694,0.041102,172.217.160.0-255,2902,226158,12,293564
28695,0.041107,172.31.36.0-255,66,226224,12,293564
28696,0.041128,172.217.160.0-255,2902,229126,12,293564
28697,0.041132,172.31.36.0-255,66,229192,12,293564
28698,0.04116,104.244.42.0-255,66,229258,12,293564
28699,0.041258,104.244.42.0-255,66,229324,12,293564
28700,0.042738,172.217.160.0-255,2902,232226,12,293564
28701,0.042745,172.31.36.0-255,66,232292,12,293564
28702,0.042767,172.217.160.0-255,2902,235194,12,293564
28703,0.04277,172.31.36.0-255,66,235260,12,293564
28704,0.0444,172.217.160.0-255,2902,238162,12,293564
28705,0.044407,172.31.36.0-255,66,238228,12,293564
28706,0.044429,172.217.160.0-255,2902,241130,12,293564
28707,0.044431,172.31.36.0-255,66,241196,12,293564
28708,0.046036,172.217.160.0-255,2902,244098,12,293564
28709,0.046043,172.31.36.0-255,66,244164,12,293564
28710,0.046062,172.217.160.0-255,2902,247066,12,293564
28711,0.046064,172.31.36.0-255,66,247132,12,293564
28712,0.04768,172.217.160.0-255,5738,252870,12,293564
28713,0.047686,172.31.36.0-255,66,252936,12,293564
28714,0.049314,172.217.160.0-255,5738,258674,12,293564
28715,0.04932,172.31.36.0-255,66,258740,12,293564
28716,0.050964,172.217.160.0-255,5738,264478,12,293564
28717,0.050972,172.31.36.0-255,66,264544,12,293564
28718,0.052617,172.217.160.0-255,5738,270282,12,293564
28719,0.052624,172.31.36.0-255,66,270348,12,293564
28720,0.054255,172.217.160.0-255,5738,276086,12,293564
28721,0.054261,172.31.36.0-255,66,276152,12,293564
28722,0.055911,172.217.160.0-255,5738,281890,12,293564
28723,0.055917,172.31.36.0-255,66,281956,12,293564
28724,0.057549,172.217.160.0-255,5738,287694,12,293564
28725,0.057556,172.31.36.0-255,66,287760,12,293564
28726,0.05919,172.217.160.0-255,5738,293498,12,293564
28727,0.059196,172.31.36.0-255,66,293564,12,293564
28728,0.0,74.125.24.0-255,153,153,12,297932
28729,4.7e-05,172.31.36.0-255,66,219,12,297932
28730,5.4e-05,74.125.24.0-255,1484,1703,12,297932
28731,5.8e-05,172.31.36.0-255,66,1769,12,297932
28732,6.3e-05,74.125.24.0-255,2902,4671,12,297932
28733,6.6e-05,172.31.36.0-255,66,4737,12,297932
28734,7.2e-05,74.125.24.0-255,5738,10475,12,297932
28735,7.5e-05,172.31.36.0-255,66,10541,12,297932
28736,7.9e-05,74.125.24.0-255,2902,13443,12,297932
28737,8.2e-05,172.31.36.0-255,66,13509,12,297932
28738,9.7e-05,74.125.24.0-255,693,14202,12,297932
28739,9.9e-05,172.31.36.0-255,66,14268,12,297932
28740,0.000124,74.125.24.0-255,2902,17170,12,297932
28741,0.000127,172.31.36.0-255,66,17236,12,297932
28742,0.000145,74.125.24.0-255,7156,24392,12,297932
28743,0.000148,172.31.36.0-255,66,24458,12,297932
28744,0.000197,74.125.24.0-255,6797,31255,12,297932
28745,0.000201,172.31.36.0-255,66,31321,12,297932
28746,0.000309,74.125.24.0-255,1484,32805,12,297932
28747,0.000312,172.31.36.0-255,66,32871,12,297932
28748,0.000318,74.125.24.0-255,2902,35773,12,297932
28749,0.00032,172.31.36.0-255,66,35839,12,297932
28750,0.000349,74.125.24.0-255,4320,40159,12,297932
28751,0.000353,172.31.36.0-255,66,40225,12,297932
28752,0.000383,74.125.24.0-255,1484,41709,12,297932
28753,0.000386,172.31.36.0-255,66,41775,12,297932
28754,0.000391,74.125.24.0-255,2902,44677,12,297932
28755,0.000393,172.31.36.0-255,66,44743,12,297932
28756,0.00042,74.125.24.0-255,6797,51540,12,297932
28757,0.000425,74.125.24.0-255,4320,55860,12,297932
28758,0.000427,172.31.36.0-255,66,55926,12,297932
28759,0.000431,172.31.36.0-255,66,55992,12,297932
28760,0.000447,74.125.24.0-255,2902,58894,12,297932
28761,0.000451,172.31.36.0-255,66,58960,12,297932
28762,0.000483,74.125.24.0-255,7153,66113,12,297932
28763,0.000487,172.31.36.0-255,66,66179,12,297932
28764,0.000529,74.125.24.0-255,1484,67663,12,297932
28765,0.000534,74.125.24.0-255,1484,69147,12,297932
28766,0.000537,172.31.36.0-255,66,69213,12,297932
28767,0.000553,74.125.24.0-255,1484,70697,12,297932
28768,0.000558,74.125.24.0-255,4320,75017,12,297932
28769,0.000562,172.31.36.0-255,66,75083,12,297932
28770,0.000576,74.125.24.0-255,1484,76567,12,297932
28771,0.00058,74.125.24.0-255,2902,79469,12,297932
28772,0.000583,172.31.36.0-255,66,79535,12,297932
28773,0.000605,74.125.24.0-255,3961,83496,12,297932
28774,0.000608,172.31.36.0-255,66,83562,12,297932
28775,0.000615,74.125.24.0-255,7156,90718,12,297932
28776,0.000618,172.31.36.0-255,66,90784,12,297932
28777,0.000622,74.125.24.0-255,2902,93686,12,297932
28778,0.000625,172.31.36.0-255,66,93752,12,297932
28779,0.000643,74.125.24.0-255,6797,100549,12,297932
28780,0.000646,172.31.36.0-255,66,100615,12,297932
28781,0.000649,74.125.24.0-255,331,100946,12,297932
28782,0.001083,172.31.36.0-255,66,101012,12,297932
28783,0.001226,74.125.24.0-255,1484,102496,12,297932
28784,0.001236,74.125.24.0-255,2902,105398,12,297932
28785,0.001239,172.31.36.0-255,66,105464,12,297932
28786,0.001246,74.125.24.0-255,4320,109784,12,297932
28787,0.001249,172.31.36.0-255,66,109850,12,297932
28788,0.001267,74.125.24.0-255,1484,111334,12,297932
28789,0.001271,74.125.24.0-255,1484,112818,12,297932
28790,0.001274,172.31.36.0-255,66,112884,12,297932
28791,0.001304,172.31.36.0-255,66,112950,12,297932
28792,0.001315,172.31.36.0-255,66,113016,12,297932
28793,0.00134,74.125.24.0-255,2184,115200,12,297932
28794,0.001343,172.31.36.0-255,66,115266,12,297932
28795,0.002001,74.125.24.0-255,1484,116750,12,297932
28796,0.002012,74.125.24.0-255,2902,119652,12,297932
28797,0.002017,172.31.36.0-255,66,119718,12,297932
28798,0.002037,74.125.24.0-255,5738,125456,12,297932
28799,0.002039,172.31.36.0-255,66,125522,12,297932
28800,0.002056,74.125.24.0-255,2902,128424,12,297932
28801,0.002058,172.31.36.0-255,66,128490,12,297932
28802,0.002082,172.31.36.0-255,66,128556,12,297932
28803,0.00209,74.125.24.0-255,7156,135712,12,297932
28804,0.002093,172.31.36.0-255,66,135778,12,297932
28805,0.002118,74.125.24.0-255,3602,139380,12,297932
28806,0.002121,172.31.36.0-255,66,139446,12,297932
28807,0.002127,74.125.24.0-255,4320,143766,12,297932
28808,0.002129,172.31.36.0-255,66,143832,12,297932
28809,0.002145,74.125.24.0-255,5738,149570,12,297932
28810,0.002147,172.31.36.0-255,66,149636,12,297932
28811,0.002162,74.125.24.0-255,4320,153956,12,297932
28812,0.002163,172.31.36.0-255,66,154022,12,297932
28813,0.002196,172.31.36.0-255,66,154088,12,297932
28814,0.002232,172.31.36.0-255,66,154154,12,297932
28815,0.002275,172.31.36.0-255,66,154220,12,297932
28816,0.002281,74.125.24.0-255,5738,159958,12,297932
28817,0.002284,172.31.36.0-255,66,160024,12,297932
28818,0.002365,74.125.24.0-255,766,160790,12,297932
28819,0.003995,172.31.36.0-255,66,160856,12,297932
28820,0.006371,74.125.24.0-255,5738,166594,12,297932
28821,0.006377,172.31.36.0-255,66,166660,12,297932
28822,0.00875,74.125.24.0-255,5738,172398,12,297932
28823,0.008759,172.31.36.0-255,66,172464,12,297932
28824,0.011117,74.125.24.0-255,5738,178202,12,297932
28825,0.011129,172.31.36.0-255,66,178268,12,297932
28826,0.013471,74.125.24.0-255,5738,184006,12,297932
28827,0.013486,172.31.36.0-255,66,184072,12,297932
28828,0.01585,74.125.24.0-255,5738,189810,12,297932
28829,0.015866,172.31.36.0-255,66,189876,12,297932
28830,0.018214,74.125.24.0-255,5738,195614,12,297932
28831,0.018232,172.31.36.0-255,66,195680,12,297932
28832,0.020573,74.125.24.0-255,5738,201418,12,297932
28833,0.020587,172.31.36.0-255,66,201484,12,297932
28834,0.022911,74.125.24.0-255,5738,207222,12,297932
28835,0.022925,172.31.36.0-255,66,207288,12,297932
28836,0.025233,74.125.24.0-255,2902,210190,12,297932
28837,0.025242,172.31.36.0-255,66,210256,12,297932
28838,0.025272,74.125.24.0-255,2902,213158,12,297932
28839,0.025275,172.31.36.0-255,66,213224,12,297932
28840,0.026131,172.31.36.0-255,167,213391,12,297932
28841,0.026162,172.31.36.0-255,1108,214499,12,297932
28842,0.026203,172.31.36.0-255,1514,216013,12,297932
28843,0.026205,172.31.36.0-255,333,216346,12,297932
28844,0.027575,74.125.24.0-255,5738,222084,12,297932
28845,0.027585,172.31.36.0-255,66,222150,12,297932
28846,0.027669,104.244.42.0-255,66,222216,12,297932
28847,0.02772,104.244.42.0-255,66,222282,12,297932
28848,0.027767,104.244.42.0-255,66,222348,12,297932
28849,0.030834,74.125.24.0-255,5738,228086,12,297932
28850,0.030848,172.31.36.0-255,66,228152,12,297932
28851,0.033158,74.125.24.0-255,5738,233890,12,297932
28852,0.033166,172.31.36.0-255,66,233956,12,297932
28853,0.035474,74.125.24.0-255,5738,239694,12,297932
28854,0.035482,172.31.36.0-255,66,239760,12,297932
28855,0.037852,74.125.24.0-255,2902,242662,12,297932
28856,0.037859,172.31.36.0-255,66,242728,12,297932
28857,0.037886,74.125.24.0-255,2902,245630,12,297932
28858,0.037889,172.31.36.0-255,66,245696,12,297932
28859,0.040197,74.125.24.0-255,5738,251434,12,297932
28860,0.040222,172.31.36.0-255,66,251500,12,297932
28861,0.042565,74.125.24.0-255,5738,257238,12,297932
28862,0.042574,172.31.36.0-255,66,257304,12,297932
28863,0.044879,74.125.24.0-255,5738,263042,12,297932
28864,0.044886,172.31.36.0-255,66,263108,12,297932
28865,0.047213,74.125.24.0-255,5738,268846,12,297932
28866,0.047222,172.31.36.0-255,66,268912,12,297932
28867,0.04952,74.125.24.0-255,5738,274650,12,297932
28868,0.04953,172.31.36.0-255,66,274716,12,297932
28869,0.051876,74.125.24.0-255,5738,280454,12,297932
28870,0.051884,172.31.36.0-255,66,280520,12,297932
28871,0.054243,74.125.24.0-255,5738,286258,12,297932
28872,0.054256,172.31.36.0-255,66,286324,12,297932
28873,0.056621,74.125.24.0-255,5738,292062,12,297932
28874,0.056633,172.31.36.0-255,66,292128,12,297932
28875,0.05895,74.125.24.0-255,5738,297866,12,297932
28876,0.058957,172.31.36.0-255,66,297932,12,297932
28877,0.0,74.125.68.0-255,153,153,12,290892
28878,3.5e-05,172.31.36.0-255,66,219,12,290892
28879,4.2e-05,74.125.68.0-255,1484,1703,12,290892
28880,4.7e-05,172.31.36.0-255,66,1769,12,290892
28881,7.2e-05,74.125.68.0-255,1484,3253,12,290892
28882,7.4e-05,172.31.36.0-255,66,3319,12,290892
28883,8e-05,74.125.68.0-255,2902,6221,12,290892
28884,8.2e-05,172.31.36.0-255,66,6287,12,290892
28885,0.000109,74.125.68.0-255,4320,10607,12,290892
28886,0.000112,172.31.36.0-255,66,10673,12,290892
28887,0.00016,74.125.68.0-255,2902,13575,12,290892
28888,0.000164,172.31.36.0-255,66,13641,12,290892
28889,0.0002,74.125.68.0-255,3494,17135,12,290892
28890,0.000204,172.31.36.0-255,66,17201,12,290892
28891,0.000222,74.125.68.0-255,4320,21521,12,290892
28892,0.000224,172.31.36.0-255,66,21587,12,290892
28893,0.000262,172.31.36.0-255,66,21653,12,290892
28894,0.000518,74.125.68.0-255,1484,23137,12,290892
28895,0.000522,172.31.36.0-255,66,23203,12,290892
28896,0.000541,74.125.68.0-255,2902,26105,12,290892
28897,0.000544,172.31.36.0-255,66,26171,12,290892
28898,0.000571,74.125.68.0-255,5738,31909,12,290892
28899,0.000574,172.31.36.0-255,66,31975,12,290892
28900,0.00061,74.125.68.0-255,6797,38772,12,290892
28901,0.000614,172.31.36.0-255,66,38838,12,290892
28902,0.000643,74.125.68.0-255,2902,41740,12,290892
28903,0.000646,172.31.36.0-255,66,41806,12,290892
28904,0.000666,74.125.68.0-255,4320,46126,12,290892
28905,0.000669,172.31.36.0-255,66,46192,12,290892
28906,0.000674,74.125.68.0-255,2902,49094,12,290892
28907,0.000676,172.31.36.0-255,66,49160,12,290892
28908,0.000682,74.125.68.0-255,4320,53480,12,290892
28909,0.000688,172.31.36.0-255,66,53546,12,290892
28910,0.000709,74.125.68.0-255,2819,56365,12,290892
28911,0.00072,172.31.36.0-255,66,56431,12,290892
28912,0.00076,74.125.68.0-255,381,56812,12,290892
28913,0.000852,172.31.36.0-255,66,56878,12,290892
28914,0.001303,74.125.68.0-255,1484,58362,12,290892
28915,0.001351,74.125.68.0-255,1484,59846,12,290892
28916,0.001356,74.125.68.0-255,2902,62748,12,290892
28917,0.001361,74.125.68.0-255,5738,68486,12,290892
28918,0.001365,74.125.68.0-255,4320,72806,12,290892
28919,0.001382,74.125.68.0-255,5738,78544,12,290892
28920,0.001388,172.31.36.0-255,66,78610,12,290892
28921,0.001425,74.125.68.0-255,4320,82930,12,290892
28922,0.001442,74.125.68.0-255,2902,85832,12,290892
28923,0.001447,172.31.36.0-255,66,85898,12,290892
28924,0.001476,74.125.68.0-255,4320,90218,12,290892
28925,0.001504,74.125.68.0-255,766,90984,12,290892
28926,0.001511,172.31.36.0-255,66,91050,12,290892
28927,0.001996,74.125.68.0-255,1484,92534,12,290892
28928,0.002012,74.125.68.0-255,1484,94018,12,290892
28929,0.002016,172.31.36.0-255,66,94084,12,290892
28930,0.00203,74.125.68.0-255,1484,95568,12,290892
28931,0.002033,74.125.68.0-255,1484,97052,12,290892
28932,0.002037,172.31.36.0-255,66,97118,12,290892
28933,0.002059,74.125.68.0-255,2902,100020,12,290892
28934,0.002064,74.125.68.0-255,5738,105758,12,290892
28935,0.002073,172.31.36.0-255,66,105824,12,290892
28936,0.002113,172.31.36.0-255,66,105890,12,290892
28937,0.002132,74.125.68.0-255,2902,108792,12,290892
28938,0.002136,172.31.36.0-255,66,108858,12,290892
28939,0.002148,74.125.68.0-255,1484,110342,12,290892
28940,0.002164,172.31.36.0-255,66,110408,12,290892
28941,0.002176,74.125.68.0-255,4320,114728,12,290892
28942,0.002181,172.31.36.0-255,66,114794,12,290892
28943,0.002189,74.125.68.0-255,5738,120532,12,290892
28944,0.002203,172.31.36.0-255,66,120598,12,290892
28945,0.002231,172.31.36.0-255,66,120664,12,290892
28946,0.002261,74.125.68.0-255,1484,122148,12,290892
28947,0.002266,74.125.68.0-255,2902,125050,12,290892
28948,0.002276,172.31.36.0-255,66,125116,12,290892
28949,0.002289,74.125.68.0-255,4320,129436,12,290892
28950,0.002301,74.125.68.0-255,2902,132338,12,290892
28951,0.002306,172.31.36.0-255,66,132404,12,290892
28952,0.002315,74.125.68.0-255,5738,138142,12,290892
28953,0.002319,172.31.36.0-255,66,138208,12,290892
28954,0.002333,74.125.68.0-255,5738,143946,12,290892
28955,0.002345,74.125.68.0-255,2902,146848,12,290892
28956,0.002347,172.31.36.0-255,66,146914,12,290892
28957,0.002351,172.31.36.0-255,66,146980,12,290892
28958,0.004642,74.125.68.0-255,2902,149882,12,290892
28959,0.004646,172.31.36.0-255,66,149948,12,290892
28960,0.004664,74.125.68.0-255,2902,152850,12,290892
28961,0.004682,172.31.36.0-255,66,152916,12,290892
28962,0.006952,74.125.68.0-255,2902,155818,12,290892
28963,0.006959,172.31.36.0-255,66,155884,12,290892
28964,0.00698,74.125.68.0-255,2902,158786,12,290892
28965,0.007012,172.31.36.0-255,66,158852,12,290892
28966,0.009265,74.125.68.0-255,2902,161754,12,290892
28967,0.009271,172.31.36.0-255,66,161820,12,290892
28968,0.009289,74.125.68.0-255,1484,163304,12,290892
28969,0.009305,74.125.68.0-255,1484,164788,12,290892
28970,0.009316,172.31.36.0-255,66,164854,12,290892
28971,0.011599,74.125.68.0-255,2902,167756,12,290892
28972,0.011607,172.31.36.0-255,66,167822,12,290892
28973,0.011628,74.125.68.0-255,2902,170724,12,290892
28974,0.011658,172.31.36.0-255,66,170790,12,290892
28975,0.013914,74.125.68.0-255,2902,173692,12,290892
28976,0.01392,172.31.36.0-255,66,173758,12,290892
28977,0.013953,74.125.68.0-255,2902,176660,12,290892
28978,0.013979,172.31.36.0-255,66,176726,12,290892
28979,0.016229,74.125.68.0-255,2902,179628,12,290892
28980,0.016238,172.31.36.0-255,66,179694,12,290892
28981,0.016275,74.125.68.0-255,2902,182596,12,290892
28982,0.016432,172.31.36.0-255,66,182662,12,290892
28983,0.018589,74.125.68.0-255,2902,185564,12,290892
28984,0.018596,172.31.36.0-255,66,185630,12,290892
28985,0.018719,74.125.68.0-255,2902,188532,12,290892
28986,0.018885,172.31.36.0-255,66,188598,12,290892
28987,0.020903,74.125.68.0-255,2902,191500,12,290892
28988,0.020911,172.31.36.0-255,66,191566,12,290892
28989,0.021181,74.125.68.0-255,2902,194468,12,290892
28990,0.021187,172.31.36.0-255,66,194534,12,290892
28991,0.023215,74.125.68.0-255,2902,197436,12,290892
28992,0.023221,172.31.36.0-255,66,197502,12,290892
28993,0.023519,74.125.68.0-255,2902,200404,12,290892
28994,0.023524,172.31.36.0-255,66,200470,12,290892
28995,0.025556,74.125.68.0-255,2902,203372,12,290892
28996,0.025567,172.31.36.0-255,66,203438,12,290892
28997,0.025873,74.125.68.0-255,2902,206340,12,290892
28998,0.025879,172.31.36.0-255,66,206406,12,290892
28999,0.027881,74.125.68.0-255,2902,209308,12,290892
29000,0.02789,172.31.36.0-255,66,209374,12,290892
29001,0.02818,74.125.68.0-255,2902,212276,12,290892
29002,0.028184,172.31.36.0-255,66,212342,12,290892
29003,0.028972,172.31.36.0-255,172,212514,12,290892
29004,0.029004,172.31.36.0-255,1078,213592,12,290892
29005,0.030218,74.125.68.0-255,2902,216494,12,290892
29006,0.030225,172.31.36.0-255,66,216560,12,290892
29007,0.030495,104.244.42.0-255,66,216626,12,290892
29008,0.030502,74.125.68.0-255,2902,219528,12,290892
29009,0.030506,172.31.36.0-255,66,219594,12,290892
29010,0.030526,104.244.42.0-255,66,219660,12,290892
29011,0.032547,74.125.68.0-255,2902,222562,12,290892
29012,0.032553,172.31.36.0-255,66,222628,12,290892
29013,0.032819,74.125.68.0-255,2902,225530,12,290892
29014,0.032826,172.31.36.0-255,66,225596,12,290892
29015,0.034859,74.125.68.0-255,2902,228498,12,290892
29016,0.034865,172.31.36.0-255,66,228564,12,290892
29017,0.03513,74.125.68.0-255,2902,231466,12,290892
29018,0.035135,172.31.36.0-255,66,231532,12,290892
29019,0.037194,74.125.68.0-255,2902,234434,12,290892
29020,0.0372,172.31.36.0-255,66,234500,12,290892
29021,0.037449,74.125.68.0-255,2902,237402,12,290892
29022,0.037455,172.31.36.0-255,66,237468,12,290892
29023,0.03952,74.125.68.0-255,2902,240370,12,290892
29024,0.039525,172.31.36.0-255,66,240436,12,290892
29025,0.03976,74.125.68.0-255,2902,243338,12,290892
29026,0.039766,172.31.36.0-255,66,243404,12,290892
29027,0.041851,74.125.68.0-255,2902,246306,12,290892
29028,0.041857,172.31.36.0-255,66,246372,12,290892
29029,0.042063,74.125.68.0-255,2902,249274,12,290892
29030,0.042068,172.31.36.0-255,66,249340,12,290892
29031,0.044175,74.125.68.0-255,2902,252242,12,290892
29032,0.044182,172.31.36.0-255,66,252308,12,290892
29033,0.04436,74.125.68.0-255,2902,255210,12,290892
29034,0.044367,172.31.36.0-255,66,255276,12,290892
29035,0.046497,74.125.68.0-255,2902,258178,12,290892
29036,0.046502,172.31.36.0-255,66,258244,12,290892
29037,0.046667,74.125.68.0-255,2902,261146,12,290892
29038,0.046672,172.31.36.0-255,66,261212,12,290892
29039,0.048837,74.125.68.0-255,2902,264114,12,290892
29040,0.048843,172.31.36.0-255,66,264180,12,290892
29041,0.04896,74.125.68.0-255,2902,267082,12,290892
29042,0.048964,172.31.36.0-255,66,267148,12,290892
29043,0.05116,74.125.68.0-255,2902,270050,12,290892
29044,0.05117,172.31.36.0-255,66,270116,12,290892
29045,0.05126,74.125.68.0-255,2902,273018,12,290892
29046,0.051297,172.31.36.0-255,66,273084,12,290892
29047,0.053484,74.125.68.0-255,2902,275986,12,290892
29048,0.053492,172.31.36.0-255,66,276052,12,290892
29049,0.053589,74.125.68.0-255,2902,278954,12,290892
29050,0.053593,172.31.36.0-255,66,279020,12,290892
29051,0.055804,74.125.68.0-255,2902,281922,12,290892
29052,0.05581,172.31.36.0-255,66,281988,12,290892
29053,0.055884,74.125.68.0-255,2902,284890,12,290892
29054,0.055908,172.31.36.0-255,66,284956,12,290892
29055,0.058117,74.125.68.0-255,2902,287858,12,290892
29056,0.058123,172.31.36.0-255,66,287924,12,290892
29057,0.058202,74.125.68.0-255,2902,290826,12,290892
29058,0.058216,172.31.36.0-255,66,290892,12,290892
29059,0.0,74.125.24.0-255,66,66,12,66
29060,0.0,216.58.203.0-255,146,146,12,322134
29061,3.7e-05,172.31.36.0-255,66,212,12,322134
29062,4.4e-05,216.58.203.0-255,1484,1696,12,322134
29063,4.9e-05,172.31.36.0-255,66,1762,12,322134
29064,6.3e-05,216.58.203.0-255,2902,4664,12,322134
29065,6.6e-05,172.31.36.0-255,66,4730,12,322134
29066,7.3e-05,216.58.203.0-255,5738,10468,12,322134
29067,7.5e-05,172.31.36.0-255,66,10534,12,322134
29068,8e-05,216.58.203.0-255,3421,13955,12,322134
29069,8.3e-05,172.31.36.0-255,66,14021,12,322134
29070,0.000211,216.58.203.0-255,1484,15505,12,322134
29071,0.000216,172.31.36.0-255,66,15571,12,322134
29072,0.000223,216.58.203.0-255,2902,18473,12,322134
29073,0.000225,172.31.36.0-255,66,18539,12,322134
29074,0.000237,216.58.203.0-255,4320,22859,12,322134
29075,0.00024,172.31.36.0-255,66,22925,12,322134
29076,0.000287,172.31.36.0-255,66,22991,12,322134
29077,0.000297,172.31.36.0-255,66,23057,12,322134
29078,0.000321,216.58.203.0-255,1484,24541,12,322134
29079,0.000324,172.31.36.0-255,66,24607,12,322134
29080,0.000331,216.58.203.0-255,5379,29986,12,322134
29081,0.000333,172.31.36.0-255,66,30052,12,322134
29082,0.000477,216.58.203.0-255,1484,31536,12,322134
29083,0.000483,172.31.36.0-255,66,31602,12,322134
29084,0.000488,216.58.203.0-255,2902,34504,12,322134
29085,0.000492,172.31.36.0-255,66,34570,12,322134
29086,0.000521,216.58.203.0-255,5738,40308,12,322134
29087,0.000525,172.31.36.0-255,66,40374,12,322134
29088,0.000526,216.58.203.0-255,4320,44694,12,322134
29089,0.000528,172.31.36.0-255,66,44760,12,322134
29090,0.000552,216.58.203.0-255,2872,47632,12,322134
29091,0.000555,172.31.36.0-255,66,47698,12,322134
29092,0.000849,216.58.203.0-255,115,47813,12,322134
29093,0.000854,172.31.36.0-255,66,47879,12,322134
29094,0.000983,216.58.203.0-255,1484,49363,12,322134
29095,0.000988,172.31.36.0-255,66,49429,12,322134
29096,0.000996,216.58.203.0-255,2902,52331,12,322134
29097,0.000998,172.31.36.0-255,66,52397,12,322134
29098,0.001011,216.58.203.0-255,5738,58135,12,322134
29099,0.001013,172.31.36.0-255,66,58201,12,322134
29100,0.00105,172.31.36.0-255,66,58267,12,322134
29101,0.001078,216.58.203.0-255,1484,59751,12,322134
29102,0.001082,172.31.36.0-255,66,59817,12,322134
29103,0.001108,172.31.36.0-255,66,59883,12,322134
29104,0.001398,216.58.203.0-255,1484,61367,12,322134
29105,0.001403,172.31.36.0-255,66,61433,12,322134
29106,0.00141,216.58.203.0-255,2902,64335,12,322134
29107,0.001412,172.31.36.0-255,66,64401,12,322134
29108,0.001424,216.58.203.0-255,4320,68721,12,322134
29109,0.001427,172.31.36.0-255,66,68787,12,322134
29110,0.001433,216.58.203.0-255,5738,74525,12,322134
29111,0.001435,172.31.36.0-255,66,74591,12,322134
29112,0.001438,216.58.203.0-255,1484,76075,12,322134
29113,0.00144,172.31.36.0-255,66,76141,12,322134
29114,0.001471,216.58.203.0-255,5738,81879,12,322134
29115,0.001475,172.31.36.0-255,66,81945,12,322134
29116,0.001489,216.58.203.0-255,4320,86265,12,322134
29117,0.001492,172.31.36.0-255,66,86331,12,322134
29118,0.001529,172.31.36.0-255,66,86397,12,322134
29119,0.001589,216.58.203.0-255,1484,87881,12,322134
29120,0.001592,172.31.36.0-255,66,87947,12,322134
29121,0.001598,216.58.203.0-255,2902,90849,12,322134
29122,0.0016,172.31.36.0-255,66,90915,12,322134
29123,0.001611,216.58.203.0-255,5738,96653,12,322134
29124,0.001615,172.31.36.0-255,66,96719,12,322134
29125,0.001623,216.58.203.0-255,7156,103875,12,322134
29126,0.001626,172.31.36.0-255,66,103941,12,322134
29127,0.001668,216.58.203.0-255,5738,109679,12,322134
29128,0.001672,172.31.36.0-255,66,109745,12,322134
29129,0.001684,172.31.36.0-255,66,109811,12,322134
29130,0.003317,216.58.203.0-255,5738,115549,12,322134
29131,0.003322,172.31.36.0-255,66,115615,12,322134
29132,0.004961,216.58.203.0-255,5738,121353,12,322134
29133,0.004966,172.31.36.0-255,66,121419,12,322134
29134,0.006605,216.58.203.0-255,5738,127157,12,322134
29135,0.006611,172.31.36.0-255,66,127223,12,322134
29136,0.008263,216.58.203.0-255,5738,132961,12,322134
29137,0.008269,172.31.36.0-255,66,133027,12,322134
29138,0.009921,216.58.203.0-255,5738,138765,12,322134
29139,0.009927,172.31.36.0-255,66,138831,12,322134
29140,0.011574,216.58.203.0-255,5738,144569,12,322134
29141,0.011582,172.31.36.0-255,66,144635,12,322134
29142,0.01323,216.58.203.0-255,5738,150373,12,322134
29143,0.013237,172.31.36.0-255,66,150439,12,322134
29144,0.014878,216.58.203.0-255,5738,156177,12,322134
29145,0.014885,172.31.36.0-255,66,156243,12,322134
29146,0.016519,216.58.203.0-255,5738,161981,12,322134
29147,0.016526,172.31.36.0-255,66,162047,12,322134
29148,0.018177,216.58.203.0-255,5738,167785,12,322134
29149,0.018188,172.31.36.0-255,66,167851,12,322134
29150,0.01984,216.58.203.0-255,5738,173589,12,322134
29151,0.019848,172.31.36.0-255,66,173655,12,322134
29152,0.021496,216.58.203.0-255,5738,179393,12,322134
29153,0.021503,172.31.36.0-255,66,179459,12,322134
29154,0.023153,216.58.203.0-255,5738,185197,12,322134
29155,0.023158,172.31.36.0-255,66,185263,12,322134
29156,0.024802,216.58.203.0-255,5738,191001,12,322134
29157,0.024808,172.31.36.0-255,66,191067,12,322134
29158,0.026478,216.58.203.0-255,5738,196805,12,322134
29159,0.026486,172.31.36.0-255,66,196871,12,322134
29160,0.028129,216.58.203.0-255,5738,202609,12,322134
29161,0.028137,172.31.36.0-255,66,202675,12,322134
29162,0.02978,216.58.203.0-255,5738,208413,12,322134
29163,0.029788,172.31.36.0-255,66,208479,12,322134
29164,0.031448,216.58.203.0-255,5738,214217,12,322134
29165,0.031455,172.31.36.0-255,66,214283,12,322134
29166,0.033093,216.58.203.0-255,5738,220021,12,322134
29167,0.0331,172.31.36.0-255,66,220087,12,322134
29168,0.033877,172.31.36.0-255,172,220259,12,322134
29169,0.033907,172.31.36.0-255,1107,221366,12,322134
29170,0.03397,172.31.36.0-255,1514,222880,12,322134
29171,0.033972,172.31.36.0-255,1514,224394,12,322134
29172,0.033973,172.31.36.0-255,1514,225908,12,322134
29173,0.033978,172.31.36.0-255,1514,227422,12,322134
29174,0.03398,172.31.36.0-255,1514,228936,12,322134
29175,0.03398,172.31.36.0-255,70,229006,12,322134
29176,0.034748,216.58.203.0-255,5738,234744,12,322134
29177,0.034755,172.31.36.0-255,66,234810,12,322134
29178,0.03548,104.244.42.0-255,66,234876,12,322134
29179,0.035487,104.244.42.0-255,66,234942,12,322134
29180,0.035574,104.244.42.0-255,66,235008,12,322134
29181,0.035579,104.244.42.0-255,66,235074,12,322134
29182,0.0364,216.58.203.0-255,5738,240812,12,322134
29183,0.036406,172.31.36.0-255,66,240878,12,322134
29184,0.038052,216.58.203.0-255,5738,246616,12,322134
29185,0.038059,172.31.36.0-255,66,246682,12,322134
29186,0.039692,216.58.203.0-255,5738,252420,12,322134
29187,0.039699,172.31.36.0-255,66,252486,12,322134
29188,0.041335,216.58.203.0-255,5738,258224,12,322134
29189,0.04134,172.31.36.0-255,66,258290,12,322134
29190,0.042974,216.58.203.0-255,5738,264028,12,322134
29191,0.042979,172.31.36.0-255,66,264094,12,322134
29192,0.044645,216.58.203.0-255,5738,269832,12,322134
29193,0.04465,172.31.36.0-255,66,269898,12,322134
29194,0.046289,216.58.203.0-255,5738,275636,12,322134
29195,0.046294,172.31.36.0-255,66,275702,12,322134
29196,0.047948,216.58.203.0-255,5738,281440,12,322134
29197,0.047954,172.31.36.0-255,66,281506,12,322134
29198,0.049596,216.58.203.0-255,5738,287244,12,322134
29199,0.049602,172.31.36.0-255,66,287310,12,322134
29200,0.051241,216.58.203.0-255,5738,293048,12,322134
29201,0.051246,172.31.36.0-255,66,293114,12,322134
29202,0.05288,216.58.203.0-255,5738,298852,12,322134
29203,0.052885,172.31.36.0-255,66,298918,12,322134
29204,0.054523,216.58.203.0-255,5738,304656,12,322134
29205,0.054528,172.31.36.0-255,66,304722,12,322134
29206,0.05616,216.58.203.0-255,5738,310460,12,322134
29207,0.056167,172.31.36.0-255,66,310526,12,322134
29208,0.057799,216.58.203.0-255,5738,316264,12,322134
29209,0.057804,172.31.36.0-255,66,316330,12,322134
29210,0.059445,216.58.203.0-255,5738,322068,12,322134
29211,0.05945,172.31.36.0-255,66,322134,12,322134
29212,0.0,74.125.24.0-255,579,579,12,85162
29213,3.1e-05,74.125.24.0-255,1484,2063,12,85162
29214,4.1e-05,172.31.36.0-255,66,2129,12,85162
29215,4.9e-05,74.125.24.0-255,4320,6449,12,85162
29216,5.2e-05,172.31.36.0-255,66,6515,12,85162
29217,0.000209,74.125.24.0-255,5738,12253,12,85162
29218,0.000215,172.31.36.0-255,66,12319,12,85162
29219,0.000243,74.125.24.0-255,3279,15598,12,85162
29220,0.000245,172.31.36.0-255,66,15664,12,85162
29221,0.000602,172.31.36.0-255,66,15730,12,85162
29222,0.00104,74.125.24.0-255,4320,20050,12,85162
29223,0.001048,172.31.36.0-255,66,20116,12,85162
29224,0.002519,74.125.24.0-255,5738,25854,12,85162
29225,0.002685,74.125.24.0-255,5738,31592,12,85162
29226,0.002705,74.125.24.0-255,7156,38748,12,85162
29227,0.003974,74.125.24.0-255,2902,41650,12,85162
29228,0.004676,74.125.24.0-255,7156,48806,12,85162
29229,0.008319,172.31.36.0-255,66,48872,12,85162
29230,0.008804,172.31.36.0-255,66,48938,12,85162
29231,0.010843,172.31.36.0-255,66,49004,12,85162
29232,0.011028,172.31.36.0-255,66,49070,12,85162
29233,0.01106,172.31.36.0-255,66,49136,12,85162
29234,0.011741,74.125.24.0-255,4976,54112,12,85162
29235,0.011747,172.31.36.0-255,66,54178,12,85162
29236,0.011952,172.31.36.0-255,66,54244,12,85162
29237,0.012482,172.31.36.0-255,66,54310,12,85162
29238,0.01252,172.31.36.0-255,66,54376,12,85162
29239,0.013215,172.31.36.0-255,66,54442,12,85162
29240,0.013735,74.125.24.0-255,5018,59460,12,85162
29241,0.013741,172.31.36.0-255,66,59526,12,85162
29242,0.013947,172.31.36.0-255,66,59592,12,85162
29243,0.014022,172.31.36.0-255,66,59658,12,85162
29244,0.014671,74.125.24.0-255,5738,65396,12,85162
29245,0.014676,172.31.36.0-255,66,65462,12,85162
29246,0.014722,172.31.36.0-255,66,65528,12,85162
29247,0.015275,172.31.36.0-255,66,65594,12,85162
29248,0.015303,74.125.24.0-255,2902,68496,12,85162
29249,0.015307,172.31.36.0-255,66,68562,12,85162
29250,0.015861,172.31.36.0-255,66,68628,12,85162
29251,0.015939,172.31.36.0-255,66,68694,12,85162
29252,0.016763,74.125.24.0-255,5738,74432,12,85162
29253,0.01677,172.31.36.0-255,66,74498,12,85162
29254,0.016834,172.31.36.0-255,66,74564,12,85162
29255,0.01757,172.31.36.0-255,66,74630,12,85162
29256,0.017619,172.31.36.0-255,66,74696,12,85162
29257,0.018259,74.125.24.0-255,5738,80434,12,85162
29258,0.018265,172.31.36.0-255,66,80500,12,85162
29259,0.018328,172.31.36.0-255,66,80566,12,85162
29260,0.018753,172.31.36.0-255,66,80632,12,85162
29261,0.018801,172.31.36.0-255,66,80698,12,85162
29262,0.019614,172.31.36.0-255,105,80803,12,85162
29263,0.025821,74.125.24.0-255,66,80869,12,85162
29264,0.029465,172.31.36.0-255,172,81041,12,85162
29265,0.029497,172.31.36.0-255,1109,82150,12,85162
29266,0.029543,172.31.36.0-255,1514,83664,12,85162
29267,0.029544,172.31.36.0-255,1300,84964,12,85162
29268,0.03101,104.244.42.0-255,66,85030,12,85162
29269,0.03106,104.244.42.0-255,66,85096,12,85162
29270,0.031081,104.244.42.0-255,66,85162,12,85162
29271,0.0,74.125.68.0-255,298,298,12,365697
29272,3.2e-05,172.31.36.0-255,66,364,12,365697
29273,3.9e-05,74.125.68.0-255,1484,1848,12,365697
29274,4.4e-05,172.31.36.0-255,66,1914,12,365697
29275,5e-05,74.125.68.0-255,4320,6234,12,365697
29276,5.3e-05,172.31.36.0-255,66,6300,12,365697
29277,5.9e-05,74.125.68.0-255,5738,12038,12,365697
29278,6.2e-05,172.31.36.0-255,66,12104,12,365697
29279,8.2e-05,74.125.68.0-255,6160,18264,12,365697
29280,8.5e-05,172.31.36.0-255,66,18330,12,365697
29281,0.000119,74.125.68.0-255,7156,25486,12,365697
29282,0.000121,172.31.36.0-255,66,25552,12,365697
29283,0.000154,74.125.68.0-255,5379,30931,12,365697
29284,0.000158,172.31.36.0-255,66,30997,12,365697
29285,0.000195,74.125.68.0-255,1484,32481,12,365697
29286,0.000198,172.31.36.0-255,66,32547,12,365697
29287,0.000202,74.125.68.0-255,1484,34031,12,365697
29288,0.000204,172.31.36.0-255,66,34097,12,365697
29289,0.000224,74.125.68.0-255,1484,35581,12,365697
29290,0.000226,172.31.36.0-255,66,35647,12,365697
29291,0.000244,74.125.68.0-255,1484,37131,12,365697
29292,0.000246,172.31.36.0-255,66,37197,12,365697
29293,0.000274,74.125.68.0-255,2902,40099,12,365697
29294,0.000277,172.31.36.0-255,66,40165,12,365697
29295,0.000311,74.125.68.0-255,4320,44485,12,365697
29296,0.000314,172.31.36.0-255,66,44551,12,365697
29297,0.000326,74.125.68.0-255,1484,46035,12,365697
29298,0.00033,172.31.36.0-255,66,46101,12,365697
29299,0.000333,74.125.68.0-255,1484,47585,12,365697
29300,0.000335,172.31.36.0-255,66,47651,12,365697
29301,0.000339,74.125.68.0-255,2902,50553,12,365697
29302,0.000342,172.31.36.0-255,66,50619,12,365697
29303,0.000348,74.125.68.0-255,5738,56357,12,365697
29304,0.000351,172.31.36.0-255,66,56423,12,365697
29305,0.000371,74.125.68.0-255,1484,57907,12,365697
29306,0.000394,74.125.68.0-255,2902,60809,12,365697
29307,0.000398,172.31.36.0-255,66,60875,12,365697
29308,0.000401,74.125.68.0-255,1484,62359,12,365697
29309,0.00042,74.125.68.0-255,2902,65261,12,365697
29310,0.000423,172.31.36.0-255,66,65327,12,365697
29311,0.000447,74.125.68.0-255,1126,66453,12,365697
29312,0.000508,74.125.68.0-255,1484,67937,12,365697
29313,0.000513,172.31.36.0-255,66,68003,12,365697
29314,0.000518,74.125.68.0-255,2902,70905,12,365697
29315,0.00052,172.31.36.0-255,66,70971,12,365697
29316,0.000559,74.125.68.0-255,4320,75291,12,365697
29317,0.000563,172.31.36.0-255,66,75357,12,365697
29318,0.000599,74.125.68.0-255,5738,81095,12,365697
29319,0.000602,172.31.36.0-255,66,81161,12,365697
29320,0.000608,74.125.68.0-255,4320,85481,12,365697
29321,0.00061,172.31.36.0-255,66,85547,12,365697
29322,0.000623,74.125.68.0-255,1484,87031,12,365697
29323,0.000631,74.125.68.0-255,7156,94187,12,365697
29324,0.000634,172.31.36.0-255,66,94253,12,365697
29325,0.000666,74.125.68.0-255,2902,97155,12,365697
29326,0.00067,172.31.36.0-255,66,97221,12,365697
29327,0.000687,74.125.68.0-255,3602,100823,12,365697
29328,0.00069,172.31.36.0-255,66,100889,12,365697
29329,0.000693,74.125.68.0-255,348,101237,12,365697
29330,0.000737,74.125.68.0-255,1484,102721,12,365697
29331,0.000743,172.31.36.0-255,66,102787,12,365697
29332,0.000756,74.125.68.0-255,1484,104271,12,365697
29333,0.000778,74.125.68.0-255,2902,107173,12,365697
29334,0.000781,172.31.36.0-255,66,107239,12,365697
29335,0.00081,74.125.68.0-255,4320,111559,12,365697
29336,0.000813,172.31.36.0-255,66,111625,12,365697
29337,0.000831,74.125.68.0-255,1484,113109,12,365697
29338,0.000838,74.125.68.0-255,5738,118847,12,365697
29339,0.00084,172.31.36.0-255,66,118913,12,365697
29340,0.000858,74.125.68.0-255,1484,120397,12,365697
29341,0.000871,74.125.68.0-255,1484,121881,12,365697
29342,0.000875,172.31.36.0-255,66,121947,12,365697
29343,0.000905,172.31.36.0-255,66,122013,12,365697
29344,0.000919,74.125.68.0-255,2184,124197,12,365697
29345,0.000922,172.31.36.0-255,66,124263,12,365697
29346,0.000963,74.125.68.0-255,1484,125747,12,365697
29347,0.000981,74.125.68.0-255,2902,128649,12,365697
29348,0.000984,172.31.36.0-255,66,128715,12,365697
29349,0.000999,74.125.68.0-255,1484,130199,12,365697
29350,0.001019,74.125.68.0-255,4320,134519,12,365697
29351,0.001021,172.31.36.0-255,66,134585,12,365697
29352,0.001026,74.125.68.0-255,4320,138905,12,365697
29353,0.001029,172.31.36.0-255,66,138971,12,365697
29354,0.001035,74.125.68.0-255,5738,144709,12,365697
29355,0.001039,172.31.36.0-255,66,144775,12,365697
29356,0.001069,172.31.36.0-255,66,144841,12,365697
29357,0.001073,74.125.68.0-255,2184,147025,12,365697
29358,0.001075,172.31.36.0-255,66,147091,12,365697
29359,0.001115,74.125.68.0-255,1484,148575,12,365697
29360,0.001145,74.125.68.0-255,2902,151477,12,365697
29361,0.001148,172.31.36.0-255,66,151543,12,365697
29362,0.001168,74.125.68.0-255,2902,154445,12,365697
29363,0.001171,172.31.36.0-255,66,154511,12,365697
29364,0.001206,74.125.68.0-255,4320,158831,12,365697
29365,0.00121,172.31.36.0-255,66,158897,12,365697
29366,0.001245,74.125.68.0-255,7156,166053,12,365697
29367,0.001249,172.31.36.0-255,66,166119,12,365697
29368,0.00126,172.31.36.0-255,66,166185,12,365697
29369,0.001288,74.125.68.0-255,6438,172623,12,365697
29370,0.001292,172.31.36.0-255,66,172689,12,365697
29371,0.00137,74.125.68.0-255,1484,174173,12,365697
29372,0.001376,74.125.68.0-255,2902,177075,12,365697
29373,0.00138,172.31.36.0-255,66,177141,12,365697
29374,0.001414,74.125.68.0-255,5738,182879,12,365697
29375,0.001417,172.31.36.0-255,66,182945,12,365697
29376,0.00142,74.125.68.0-255,1484,184429,12,365697
29377,0.001434,74.125.68.0-255,2902,187331,12,365697
29378,0.001437,172.31.36.0-255,66,187397,12,365697
29379,0.00146,74.125.68.0-255,2902,190299,12,365697
29380,0.001463,172.31.36.0-255,66,190365,12,365697
29381,0.001473,172.31.36.0-255,66,190431,12,365697
29382,0.001519,74.125.68.0-255,7156,197587,12,365697
29383,0.001521,172.31.36.0-255,66,197653,12,365697
29384,0.001533,74.125.68.0-255,766,198419,12,365697
29385,0.001537,74.125.68.0-255,2902,201321,12,365697
29386,0.00154,172.31.36.0-255,66,201387,12,365697
29387,0.001545,74.125.68.0-255,4320,205707,12,365697
29388,0.001548,172.31.36.0-255,66,205773,12,365697
29389,0.001585,74.125.68.0-255,4320,210093,12,365697
29390,0.001594,74.125.68.0-255,1484,211577,12,365697
29391,0.001594,172.31.36.0-255,66,211643,12,365697
29392,0.001615,74.125.68.0-255,4320,215963,12,365697
29393,0.001618,172.31.36.0-255,66,216029,12,365697
29394,0.001622,74.125.68.0-255,1484,217513,12,365697
29395,0.00165,74.125.68.0-255,7156,224669,12,365697
29396,0.001654,172.31.36.0-255,66,224735,12,365697
29397,0.001676,74.125.68.0-255,2902,227637,12,365697
29398,0.001679,172.31.36.0-255,66,227703,12,365697
29399,0.001694,74.125.68.0-255,5020,232723,12,365697
29400,0.001698,172.31.36.0-255,66,232789,12,365697
29401,0.001729,172.31.36.0-255,66,232855,12,365697
29402,0.001734,74.125.68.0-255,2902,235757,12,365697
29403,0.001736,172.31.36.0-255,66,235823,12,365697
29404,0.001785,172.31.36.0-255,66,235889,12,365697
29405,0.001792,74.125.68.0-255,7156,243045,12,365697
29406,0.001794,172.31.36.0-255,66,243111,12,365697
29407,0.001836,74.125.68.0-255,2184,245295,12,365697
29408,0.00184,172.31.36.0-255,66,245361,12,365697
29409,0.001895,74.125.68.0-255,1484,246845,12,365697
29410,0.001919,74.125.68.0-255,2902,249747,12,365697
29411,0.001923,172.31.36.0-255,66,249813,12,365697
29412,0.001927,74.125.68.0-255,1484,251297,12,365697
29413,0.001947,74.125.68.0-255,2902,254199,12,365697
29414,0.00195,172.31.36.0-255,66,254265,12,365697
29415,0.001958,74.125.68.0-255,5738,260003,12,365697
29416,0.001961,172.31.36.0-255,66,260069,12,365697
29417,0.001998,74.125.68.0-255,2902,262971,12,365697
29418,0.002002,172.31.36.0-255,66,263037,12,365697
29419,0.00202,74.125.68.0-255,2902,265939,12,365697
29420,0.002023,172.31.36.0-255,66,266005,12,365697
29421,0.002031,74.125.68.0-255,7156,273161,12,365697
29422,0.002034,172.31.36.0-255,66,273227,12,365697
29423,0.002062,74.125.68.0-255,4320,277547,12,365697
29424,0.002065,172.31.36.0-255,66,277613,12,365697
29425,0.002086,74.125.68.0-255,2184,279797,12,365697
29426,0.00209,172.31.36.0-255,66,279863,12,365697
29427,0.002103,74.125.68.0-255,1484,281347,12,365697
29428,0.002117,74.125.68.0-255,1484,282831,12,365697
29429,0.00212,172.31.36.0-255,66,282897,12,365697
29430,0.002141,74.125.68.0-255,1484,284381,12,365697
29431,0.002163,74.125.68.0-255,4320,288701,12,365697
29432,0.002167,172.31.36.0-255,66,288767,12,365697
29433,0.002172,74.125.68.0-255,2902,291669,12,365697
29434,0.002174,172.31.36.0-255,66,291735,12,365697
29435,0.002195,74.125.68.0-255,2902,294637,12,365697
29436,0.002199,172.31.36.0-255,66,294703,12,365697
29437,0.002205,74.125.68.0-255,5738,300441,12,365697
29438,0.002208,172.31.36.0-255,66,300507,12,365697
29439,0.002231,74.125.68.0-255,1484,301991,12,365697
29440,0.002239,74.125.68.0-255,5738,307729,12,365697
29441,0.002243,172.31.36.0-255,66,307795,12,365697
29442,0.002266,74.125.68.0-255,2902,310697,12,365697
29443,0.00227,74.125.68.0-255,2902,313599,12,365697
29444,0.002271,172.31.36.0-255,66,313665,12,365697
29445,0.002275,172.31.36.0-255,66,313731,12,365697
29446,0.00449,74.125.68.0-255,5738,319469,12,365697
29447,0.004497,172.31.36.0-255,66,319535,12,365697
29448,0.006713,74.125.68.0-255,5738,325273,12,365697
29449,0.00672,172.31.36.0-255,66,325339,12,365697
29450,0.008937,74.125.68.0-255,4320,329659,12,365697
29451,0.00894,172.31.36.0-255,66,329725,12,365697
29452,0.008955,74.125.68.0-255,1484,331209,12,365697
29453,0.01116,74.125.68.0-255,4320,335529,12,365697
29454,0.011167,172.31.36.0-255,66,335595,12,365697
29455,0.013396,74.125.68.0-255,5738,341333,12,365697
29456,0.013404,172.31.36.0-255,66,341399,12,365697
29457,0.015625,74.125.68.0-255,5738,347137,12,365697
29458,0.015639,172.31.36.0-255,66,347203,12,365697
29459,0.017864,74.125.68.0-255,5738,352941,12,365697
29460,0.017872,172.31.36.0-255,66,353007,12,365697
29461,0.020095,74.125.68.0-255,5738,358745,12,365697
29462,0.020102,172.31.36.0-255,66,358811,12,365697
29463,0.022312,74.125.68.0-255,1357,360168,12,365697
29464,0.022607,172.31.36.0-255,66,360234,12,365697
29465,0.022635,172.31.36.0-255,105,360339,12,365697
29466,0.024815,74.125.68.0-255,66,360405,12,365697
29467,0.035747,172.31.36.0-255,172,360577,12,365697
29468,0.035777,172.31.36.0-255,1108,361685,12,365697
29469,0.035839,172.31.36.0-255,1514,363199,12,365697
29470,0.035841,172.31.36.0-255,1514,364713,12,365697
29471,0.035865,172.31.36.0-255,720,365433,12,365697
29472,0.037225,104.244.42.0-255,66,365499,12,365697
29473,0.037259,104.244.42.0-255,66,365565,12,365697
29474,0.037342,104.244.42.0-255,66,365631,12,365697
29475,0.037347,104.244.42.0-255,66,365697,12,365697
29476,0.0,172.217.194.0-255,153,153,12,136538
29477,1.7e-05,172.31.36.0-255,66,219,12,136538
29478,2.4e-05,172.217.194.0-255,1484,1703,12,136538
29479,2.8e-05,172.31.36.0-255,66,1769,12,136538
29480,3.4e-05,172.217.194.0-255,2902,4671,12,136538
29481,3.8e-05,172.31.36.0-255,66,4737,12,136538
29482,4.4e-05,172.217.194.0-255,5738,10475,12,136538
29483,4.8e-05,172.31.36.0-255,66,10541,12,136538
29484,6.9e-05,172.217.194.0-255,3413,13954,12,136538
29485,7.2e-05,172.31.36.0-255,66,14020,12,136538
29486,0.000117,172.217.194.0-255,2902,16922,12,136538
29487,0.00012,172.31.36.0-255,66,16988,12,136538
29488,0.000125,172.217.194.0-255,4320,21308,12,136538
29489,0.000128,172.31.36.0-255,66,21374,12,136538
29490,0.000166,172.31.36.0-255,66,21440,12,136538
29491,0.000169,172.217.194.0-255,1484,22924,12,136538
29492,0.000171,172.31.36.0-255,66,22990,12,136538
29493,0.0002,172.31.36.0-255,66,23056,12,136538
29494,0.000212,172.31.36.0-255,66,23122,12,136538
29495,0.000229,172.217.194.0-255,5738,28860,12,136538
29496,0.000232,172.31.36.0-255,66,28926,12,136538
29497,0.000237,172.217.194.0-255,3602,32528,12,136538
29498,0.00024,172.31.36.0-255,66,32594,12,136538
29499,0.000263,172.217.194.0-255,376,32970,12,136538
29500,0.000265,172.31.36.0-255,66,33036,12,136538
29501,0.000281,172.217.194.0-255,398,33434,12,136538
29502,0.000284,172.31.36.0-255,66,33500,12,136538
29503,0.00041,172.217.194.0-255,1484,34984,12,136538
29504,0.000414,172.31.36.0-255,66,35050,12,136538
29505,0.00042,172.217.194.0-255,2902,37952,12,136538
29506,0.000423,172.31.36.0-255,66,38018,12,136538
29507,0.000429,172.217.194.0-255,5738,43756,12,136538
29508,0.000432,172.31.36.0-255,66,43822,12,136538
29509,0.00047,172.31.36.0-255,66,43888,12,136538
29510,0.000486,172.217.194.0-255,1484,45372,12,136538
29511,0.000512,172.31.36.0-255,66,45438,12,136538
29512,0.001245,172.217.194.0-255,1484,46922,12,136538
29513,0.001263,172.217.194.0-255,2902,49824,12,136538
29514,0.001267,172.31.36.0-255,66,49890,12,136538
29515,0.001275,172.217.194.0-255,5738,55628,12,136538
29516,0.001277,172.31.36.0-255,66,55694,12,136538
29517,0.001301,172.217.194.0-255,4320,60014,12,136538
29518,0.001304,172.31.36.0-255,66,60080,12,136538
29519,0.001331,172.31.36.0-255,66,60146,12,136538
29520,0.001353,172.217.194.0-255,7156,67302,12,136538
29521,0.001355,172.31.36.0-255,66,67368,12,136538
29522,0.001379,172.217.194.0-255,3602,70970,12,136538
29523,0.001381,172.31.36.0-255,66,71036,12,136538
29524,0.001656,172.217.194.0-255,1484,72520,12,136538
29525,0.001676,172.217.194.0-255,2902,75422,12,136538
29526,0.001679,172.31.36.0-255,66,75488,12,136538
29527,0.001687,172.217.194.0-255,5738,81226,12,136538
29528,0.001689,172.31.36.0-255,66,81292,12,136538
29529,0.001716,172.217.194.0-255,5738,87030,12,136538
29530,0.001719,172.31.36.0-255,66,87096,12,136538
29531,0.001723,172.217.194.0-255,1484,88580,12,136538
29532,0.001751,172.31.36.0-255,66,88646,12,136538
29533,0.001757,172.217.194.0-255,5020,93666,12,136538
29534,0.001759,172.31.36.0-255,66,93732,12,136538
29535,0.002003,172.217.194.0-255,1484,95216,12,136538
29536,0.002023,172.217.194.0-255,2902,98118,12,136538
29537,0.002028,172.31.36.0-255,66,98184,12,136538
29538,0.002035,172.217.194.0-255,5738,103922,12,136538
29539,0.002037,172.31.36.0-255,66,103988,12,136538
29540,0.002056,172.217.194.0-255,2902,106890,12,136538
29541,0.002058,172.31.36.0-255,66,106956,12,136538
29542,0.002104,172.31.36.0-255,66,107022,12,136538
29543,0.002118,172.31.36.0-255,66,107088,12,136538
29544,0.002132,172.31.36.0-255,66,107154,12,136538
29545,0.002169,172.31.36.0-255,66,107220,12,136538
29546,0.002175,172.217.194.0-255,5020,112240,12,136538
29547,0.002177,172.31.36.0-255,66,112306,12,136538
29548,0.002212,172.31.36.0-255,66,112372,12,136538
29549,0.002255,172.31.36.0-255,66,112438,12,136538
29550,0.002278,172.217.194.0-255,4320,116758,12,136538
29551,0.002281,172.31.36.0-255,66,116824,12,136538
29552,0.002302,172.31.36.0-255,66,116890,12,136538
29553,0.002347,172.31.36.0-255,66,116956,12,136538
29554,0.002368,172.217.194.0-255,2902,119858,12,136538
29555,0.00237,172.31.36.0-255,66,119924,12,136538
29556,0.002404,172.31.36.0-255,66,119990,12,136538
29557,0.00247,172.31.36.0-255,66,120056,12,136538
29558,0.002495,172.217.194.0-255,2184,122240,12,136538
29559,0.002498,172.31.36.0-255,66,122306,12,136538
29560,0.002513,172.31.36.0-255,66,122372,12,136538
29561,0.002529,172.31.36.0-255,66,122438,12,136538
29562,0.002553,172.217.194.0-255,5738,128176,12,136538
29563,0.002556,172.31.36.0-255,66,128242,12,136538
29564,0.002571,172.31.36.0-255,66,128308,12,136538
29565,0.002593,172.217.194.0-255,3515,131823,12,136538
29566,0.002596,172.31.36.0-255,66,131889,12,136538
29567,0.002599,172.217.194.0-255,105,131994,12,136538
29568,0.01041,172.31.36.0-255,66,132060,12,136538
29569,0.010451,172.31.36.0-255,105,132165,12,136538
29570,0.012976,172.217.194.0-255,66,132231,12,136538
29571,0.030638,172.31.36.0-255,188,132419,12,136538
29572,0.030673,172.31.36.0-255,952,133371,12,136538
29573,0.030734,172.31.36.0-255,1514,134885,12,136538
29574,0.030736,172.31.36.0-255,1455,136340,12,136538
29575,0.032215,104.244.42.0-255,66,136406,12,136538
29576,0.032248,104.244.42.0-255,66,136472,12,136538
29577,0.032302,104.244.42.0-255,66,136538,12,136538
29578,0.0,172.217.194.0-255,153,153,12,239035
29579,3e-05,172.31.36.0-255,66,219,12,239035
29580,3.7e-05,172.217.194.0-255,1484,1703,12,239035
29581,4.2e-05,172.31.36.0-255,66,1769,12,239035
29582,4.7e-05,172.217.194.0-255,2902,4671,12,239035
29583,4.9e-05,172.31.36.0-255,66,4737,12,239035
29584,5.5e-05,172.217.194.0-255,5738,10475,12,239035
29585,5.7e-05,172.31.36.0-255,66,10541,12,239035
29586,0.000125,172.217.194.0-255,3501,14042,12,239035
29587,0.000129,172.31.36.0-255,66,14108,12,239035
29588,0.000176,172.217.194.0-255,4320,18428,12,239035
29589,0.00018,172.31.36.0-255,66,18494,12,239035
29590,0.000239,172.217.194.0-255,5738,24232,12,239035
29591,0.000243,172.31.36.0-255,66,24298,12,239035
29592,0.000258,172.217.194.0-255,4320,28618,12,239035
29593,0.000261,172.31.36.0-255,66,28684,12,239035
29594,0.00037,172.217.194.0-255,5379,34063,12,239035
29595,0.000375,172.31.36.0-255,66,34129,12,239035
29596,0.000445,172.217.194.0-255,5738,39867,12,239035
29597,0.000451,172.31.36.0-255,66,39933,12,239035
29598,0.00049,172.31.36.0-255,66,39999,12,239035
29599,0.000764,172.31.36.0-255,66,40065,12,239035
29600,0.000845,172.217.194.0-255,100,40165,12,239035
29601,0.000851,172.31.36.0-255,66,40231,12,239035
29602,0.000854,172.217.194.0-255,364,40595,12,239035
29603,0.000856,172.31.36.0-255,66,40661,12,239035
29604,0.001222,172.217.194.0-255,1484,42145,12,239035
29605,0.001228,172.31.36.0-255,66,42211,12,239035
29606,0.001236,172.217.194.0-255,2902,45113,12,239035
29607,0.001238,172.31.36.0-255,66,45179,12,239035
29608,0.001287,172.217.194.0-255,5738,50917,12,239035
29609,0.001304,172.31.36.0-255,66,50983,12,239035
29610,0.001329,172.217.194.0-255,4320,55303,12,239035
29611,0.001355,172.31.36.0-255,66,55369,12,239035
29612,0.001384,172.217.194.0-255,2902,58271,12,239035
29613,0.001406,172.31.36.0-255,66,58337,12,239035
29614,0.00141,172.31.36.0-255,66,58403,12,239035
29615,0.001551,172.217.194.0-255,4320,62723,12,239035
29616,0.001555,172.31.36.0-255,66,62789,12,239035
29617,0.001577,172.217.194.0-255,3602,66391,12,239035
29618,0.001588,172.31.36.0-255,66,66457,12,239035
29619,0.001997,172.217.194.0-255,1484,67941,12,239035
29620,0.002003,172.217.194.0-255,1484,69425,12,239035
29621,0.002006,172.31.36.0-255,66,69491,12,239035
29622,0.002025,172.217.194.0-255,1484,70975,12,239035
29623,0.00205,172.217.194.0-255,5738,76713,12,239035
29624,0.002072,172.31.36.0-255,66,76779,12,239035
29625,0.002119,172.217.194.0-255,4320,81099,12,239035
29626,0.002129,172.31.36.0-255,66,81165,12,239035
29627,0.002162,172.31.36.0-255,66,81231,12,239035
29628,0.002306,172.31.36.0-255,66,81297,12,239035
29629,0.002464,172.31.36.0-255,66,81363,12,239035
29630,0.002742,172.217.194.0-255,7156,88519,12,239035
29631,0.002746,172.31.36.0-255,66,88585,12,239035
29632,0.002767,172.217.194.0-255,5020,93605,12,239035
29633,0.00278,172.31.36.0-255,66,93671,12,239035
29634,0.002906,172.217.194.0-255,7156,100827,12,239035
29635,0.00291,172.31.36.0-255,66,100893,12,239035
29636,0.002953,172.31.36.0-255,66,100959,12,239035
29637,0.005282,172.217.194.0-255,5738,106697,12,239035
29638,0.005286,172.31.36.0-255,66,106763,12,239035
29639,0.007616,172.217.194.0-255,5738,112501,12,239035
29640,0.007622,172.31.36.0-255,66,112567,12,239035
29641,0.009944,172.217.194.0-255,5738,118305,12,239035
29642,0.00995,172.31.36.0-255,66,118371,12,239035
29643,0.012238,172.217.194.0-255,5738,124109,12,239035
29644,0.012247,172.31.36.0-255,66,124175,12,239035
29645,0.014539,172.217.194.0-255,5738,129913,12,239035
29646,0.014545,172.31.36.0-255,66,129979,12,239035
29647,0.01687,172.217.194.0-255,5738,135717,12,239035
29648,0.016876,172.31.36.0-255,66,135783,12,239035
29649,0.019173,172.217.194.0-255,5738,141521,12,239035
29650,0.019181,172.31.36.0-255,66,141587,12,239035
29651,0.02148,172.217.194.0-255,5738,147325,12,239035
29652,0.021488,172.31.36.0-255,66,147391,12,239035
29653,0.02381,172.217.194.0-255,5738,153129,12,239035
29654,0.023816,172.31.36.0-255,66,153195,12,239035
29655,0.026112,172.217.194.0-255,5738,158933,12,239035
29656,0.026832,172.31.36.0-255,66,158999,12,239035
29657,0.029123,172.217.194.0-255,5738,164737,12,239035
29658,0.029129,172.31.36.0-255,66,164803,12,239035
29659,0.031403,172.217.194.0-255,4320,169123,12,239035
29660,0.03141,172.31.36.0-255,66,169189,12,239035
29661,0.031443,172.217.194.0-255,1484,170673,12,239035
29662,0.033687,172.217.194.0-255,4320,174993,12,239035
29663,0.033695,172.31.36.0-255,66,175059,12,239035
29664,0.035973,172.217.194.0-255,5738,180797,12,239035
29665,0.036025,172.31.36.0-255,66,180863,12,239035
29666,0.038343,172.217.194.0-255,5738,186601,12,239035
29667,0.038351,172.31.36.0-255,66,186667,12,239035
29668,0.04063,172.217.194.0-255,5738,192405,12,239035
29669,0.040637,172.31.36.0-255,66,192471,12,239035
29670,0.042925,172.217.194.0-255,5738,198209,12,239035
29671,0.042933,172.31.36.0-255,66,198275,12,239035
29672,0.045244,172.217.194.0-255,5738,204013,12,239035
29673,0.045256,172.31.36.0-255,66,204079,12,239035
29674,0.047576,172.217.194.0-255,5738,209817,12,239035
29675,0.047584,172.31.36.0-255,66,209883,12,239035
29676,0.049889,172.217.194.0-255,5738,215621,12,239035
29677,0.049896,172.31.36.0-255,66,215687,12,239035
29678,0.052173,172.217.194.0-255,5738,221425,12,239035
29679,0.052181,172.31.36.0-255,66,221491,12,239035
29680,0.054473,172.217.194.0-255,5738,227229,12,239035
29681,0.054479,172.31.36.0-255,66,227295,12,239035
29682,0.056787,172.217.194.0-255,5738,233033,12,239035
29683,0.056795,172.31.36.0-255,66,233099,12,239035
29684,0.059085,172.217.194.0-255,2902,236001,12,239035
29685,0.059091,172.31.36.0-255,66,236067,12,239035
29686,0.059108,172.217.194.0-255,2902,238969,12,239035
29687,0.059754,172.31.36.0-255,66,239035,12,239035
29688,0.0,74.125.24.0-255,152,152,12,259957
29689,2.3e-05,172.31.36.0-255,66,218,12,259957
29690,3.1e-05,74.125.24.0-255,1484,1702,12,259957
29691,3.6e-05,172.31.36.0-255,66,1768,12,259957
29692,4.2e-05,74.125.24.0-255,2902,4670,12,259957
29693,4.5e-05,172.31.36.0-255,66,4736,12,259957
29694,5.1e-05,74.125.24.0-255,4320,9056,12,259957
29695,5.4e-05,172.31.36.0-255,66,9122,12,259957
29696,6.7e-05,172.31.36.0-255,66,9188,12,259957
29697,0.000101,172.31.36.0-255,66,9254,12,259957
29698,0.000123,74.125.24.0-255,3961,13215,12,259957
29699,0.000126,172.31.36.0-255,66,13281,12,259957
29700,0.000168,74.125.24.0-255,1484,14765,12,259957
29701,0.000171,172.31.36.0-255,66,14831,12,259957
29702,0.000175,74.125.24.0-255,2902,17733,12,259957
29703,0.000178,172.31.36.0-255,66,17799,12,259957
29704,0.000184,74.125.24.0-255,4320,22119,12,259957
29705,0.000187,172.31.36.0-255,66,22185,12,259957
29706,0.00021,74.125.24.0-255,1484,23669,12,259957
29707,0.000213,172.31.36.0-255,66,23735,12,259957
29708,0.000218,74.125.24.0-255,4320,28055,12,259957
29709,0.00022,172.31.36.0-255,66,28121,12,259957
29710,0.000225,74.125.24.0-255,2902,31023,12,259957
29711,0.000227,172.31.36.0-255,66,31089,12,259957
29712,0.000265,172.31.36.0-255,66,31155,12,259957
29713,0.000272,74.125.24.0-255,6797,37952,12,259957
29714,0.000275,172.31.36.0-255,66,38018,12,259957
29715,0.000277,74.125.24.0-255,398,38416,12,259957
29716,0.000279,172.31.36.0-255,66,38482,12,259957
29717,0.000387,74.125.24.0-255,346,38828,12,259957
29718,0.00055,74.125.24.0-255,1484,40312,12,259957
29719,0.000556,172.31.36.0-255,66,40378,12,259957
29720,0.000563,74.125.24.0-255,2902,43280,12,259957
29721,0.000566,172.31.36.0-255,66,43346,12,259957
29722,0.000572,74.125.24.0-255,5738,49084,12,259957
29723,0.000575,172.31.36.0-255,66,49150,12,259957
29724,0.00058,74.125.24.0-255,4320,53470,12,259957
29725,0.000582,172.31.36.0-255,66,53536,12,259957
29726,0.000597,172.31.36.0-255,66,53602,12,259957
29727,0.000621,74.125.24.0-255,5738,59340,12,259957
29728,0.000625,172.31.36.0-255,66,59406,12,259957
29729,0.000638,74.125.24.0-255,1125,60531,12,259957
29730,0.001121,74.125.24.0-255,1484,62015,12,259957
29731,0.001127,172.31.36.0-255,66,62081,12,259957
29732,0.001134,74.125.24.0-255,2902,64983,12,259957
29733,0.001137,172.31.36.0-255,66,65049,12,259957
29734,0.001162,74.125.24.0-255,5738,70787,12,259957
29735,0.001165,172.31.36.0-255,66,70853,12,259957
29736,0.001169,74.125.24.0-255,2902,73755,12,259957
29737,0.001171,172.31.36.0-255,66,73821,12,259957
29738,0.001175,74.125.24.0-255,1484,75305,12,259957
29739,0.001194,74.125.24.0-255,7156,82461,12,259957
29740,0.001197,172.31.36.0-255,66,82527,12,259957
29741,0.001214,74.125.24.0-255,1484,84011,12,259957
29742,0.00122,74.125.24.0-255,4320,88331,12,259957
29743,0.001222,172.31.36.0-255,66,88397,12,259957
29744,0.001244,74.125.24.0-255,6438,94835,12,259957
29745,0.001247,172.31.36.0-255,66,94901,12,259957
29746,0.00201,74.125.24.0-255,1484,96385,12,259957
29747,0.00202,74.125.24.0-255,2902,99287,12,259957
29748,0.002025,172.31.36.0-255,66,99353,12,259957
29749,0.002033,74.125.24.0-255,5738,105091,12,259957
29750,0.002035,172.31.36.0-255,66,105157,12,259957
29751,0.002064,172.31.36.0-255,66,105223,12,259957
29752,0.002087,74.125.24.0-255,4320,109543,12,259957
29753,0.002089,172.31.36.0-255,66,109609,12,259957
29754,0.002101,172.31.36.0-255,66,109675,12,259957
29755,0.002104,74.125.24.0-255,766,110441,12,259957
29756,0.00425,74.125.24.0-255,4320,114761,12,259957
29757,0.004258,172.31.36.0-255,66,114827,12,259957
29758,0.006397,74.125.24.0-255,4320,119147,12,259957
29759,0.006401,172.31.36.0-255,66,119213,12,259957
29760,0.006418,74.125.24.0-255,1484,120697,12,259957
29761,0.008593,74.125.24.0-255,4320,125017,12,259957
29762,0.008601,172.31.36.0-255,66,125083,12,259957
29763,0.010774,74.125.24.0-255,5738,130821,12,259957
29764,0.010782,172.31.36.0-255,66,130887,12,259957
29765,0.012936,74.125.24.0-255,5738,136625,12,259957
29766,0.012945,172.31.36.0-255,66,136691,12,259957
29767,0.015072,74.125.24.0-255,5738,142429,12,259957
29768,0.015081,172.31.36.0-255,66,142495,12,259957
29769,0.017242,74.125.24.0-255,5738,148233,12,259957
29770,0.017251,172.31.36.0-255,66,148299,12,259957
29771,0.019444,74.125.24.0-255,5738,154037,12,259957
29772,0.019451,172.31.36.0-255,66,154103,12,259957
29773,0.021585,74.125.24.0-255,5738,159841,12,259957
29774,0.021592,172.31.36.0-255,66,159907,12,259957
29775,0.023766,74.125.24.0-255,5738,165645,12,259957
29776,0.023773,172.31.36.0-255,66,165711,12,259957
29777,0.025905,74.125.24.0-255,5738,171449,12,259957
29778,0.025911,172.31.36.0-255,66,171515,12,259957
29779,0.028085,74.125.24.0-255,5738,177253,12,259957
29780,0.028094,172.31.36.0-255,66,177319,12,259957
29781,0.030229,74.125.24.0-255,5738,183057,12,259957
29782,0.030238,172.31.36.0-255,66,183123,12,259957
29783,0.032412,74.125.24.0-255,5738,188861,12,259957
29784,0.032419,172.31.36.0-255,66,188927,12,259957
29785,0.033301,172.31.36.0-255,172,189099,12,259957
29786,0.033328,172.31.36.0-255,1078,190177,12,259957
29787,0.034585,74.125.24.0-255,5738,195915,12,259957
29788,0.034592,172.31.36.0-255,66,195981,12,259957
29789,0.034945,104.244.42.0-255,66,196047,12,259957
29790,0.034988,104.244.42.0-255,66,196113,12,259957
29791,0.036767,74.125.24.0-255,5738,201851,12,259957
29792,0.036774,172.31.36.0-255,66,201917,12,259957
29793,0.038922,74.125.24.0-255,5738,207655,12,259957
29794,0.03893,172.31.36.0-255,66,207721,12,259957
29795,0.041087,74.125.24.0-255,5738,213459,12,259957
29796,0.041094,172.31.36.0-255,66,213525,12,259957
29797,0.043256,74.125.24.0-255,5738,219263,12,259957
29798,0.043262,172.31.36.0-255,66,219329,12,259957
29799,0.045424,74.125.24.0-255,5738,225067,12,259957
29800,0.045432,172.31.36.0-255,66,225133,12,259957
29801,0.0476,74.125.24.0-255,5738,230871,12,259957
29802,0.047605,172.31.36.0-255,66,230937,12,259957
29803,0.049776,74.125.24.0-255,5738,236675,12,259957
29804,0.04978,172.31.36.0-255,66,236741,12,259957
29805,0.051956,74.125.24.0-255,5738,242479,12,259957
29806,0.051962,172.31.36.0-255,66,242545,12,259957
29807,0.054071,74.125.24.0-255,5738,248283,12,259957
29808,0.054079,172.31.36.0-255,66,248349,12,259957
29809,0.056239,74.125.24.0-255,5738,254087,12,259957
29810,0.056248,172.31.36.0-255,66,254153,12,259957
29811,0.058401,74.125.24.0-255,5738,259891,12,259957
29812,0.058408,172.31.36.0-255,66,259957,12,259957
29813,0.0,74.125.200.0-255,153,153,12,343273
29814,2.2e-05,172.31.36.0-255,66,219,12,343273
29815,3e-05,74.125.200.0-255,1484,1703,12,343273
29816,3.4e-05,172.31.36.0-255,66,1769,12,343273
29817,4.8e-05,74.125.200.0-255,2902,4671,12,343273
29818,5.2e-05,172.31.36.0-255,66,4737,12,343273
29819,6e-05,74.125.200.0-255,5738,10475,12,343273
29820,6.3e-05,172.31.36.0-255,66,10541,12,343273
29821,9.5e-05,74.125.200.0-255,3501,14042,12,343273
29822,9.8e-05,172.31.36.0-255,66,14108,12,343273
29823,0.000183,74.125.200.0-255,1484,15592,12,343273
29824,0.000187,172.31.36.0-255,66,15658,12,343273
29825,0.00019,74.125.200.0-255,1484,17142,12,343273
29826,0.000192,172.31.36.0-255,66,17208,12,343273
29827,0.000215,74.125.200.0-255,1484,18692,12,343273
29828,0.000217,172.31.36.0-255,66,18758,12,343273
29829,0.000224,74.125.200.0-255,5738,24496,12,343273
29830,0.000226,172.31.36.0-255,66,24562,12,343273
29831,0.000232,74.125.200.0-255,4320,28882,12,343273
29832,0.000235,172.31.36.0-255,66,28948,12,343273
29833,0.000257,74.125.200.0-255,1484,30432,12,343273
29834,0.00026,172.31.36.0-255,66,30498,12,343273
29835,0.000287,74.125.200.0-255,3961,34459,12,343273
29836,0.00029,172.31.36.0-255,66,34525,12,343273
29837,0.000294,74.125.200.0-255,2902,37427,12,343273
29838,0.000297,172.31.36.0-255,66,37493,12,343273
29839,0.000302,74.125.200.0-255,4320,41813,12,343273
29840,0.000305,172.31.36.0-255,66,41879,12,343273
29841,0.000309,74.125.200.0-255,2902,44781,12,343273
29842,0.000311,172.31.36.0-255,66,44847,12,343273
29843,0.000348,74.125.200.0-255,5738,50585,12,343273
29844,0.000351,172.31.36.0-255,66,50651,12,343273
29845,0.000387,74.125.200.0-255,6799,57450,12,343273
29846,0.000477,74.125.200.0-255,1484,58934,12,343273
29847,0.000481,74.125.200.0-255,1484,60418,12,343273
29848,0.000498,74.125.200.0-255,1484,61902,12,343273
29849,0.00052,74.125.200.0-255,5738,67640,12,343273
29850,0.000523,74.125.200.0-255,1484,69124,12,343273
29851,0.000537,74.125.200.0-255,4320,73444,12,343273
29852,0.000577,74.125.200.0-255,7156,80600,12,343273
29853,0.000582,74.125.200.0-255,2902,83502,12,343273
29854,0.000601,74.125.200.0-255,4320,87822,12,343273
29855,0.000631,74.125.200.0-255,3882,91704,12,343273
29856,0.000665,172.31.36.0-255,66,91770,12,343273
29857,0.000743,74.125.200.0-255,1484,93254,12,343273
29858,0.000771,74.125.200.0-255,2902,96156,12,343273
29859,0.000787,74.125.200.0-255,4320,100476,12,343273
29860,0.000798,172.31.36.0-255,66,100542,12,343273
29861,0.000816,74.125.200.0-255,5738,106280,12,343273
29862,0.000823,74.125.200.0-255,4320,110600,12,343273
29863,0.000837,74.125.200.0-255,7156,117756,12,343273
29864,0.000842,74.125.200.0-255,4320,122076,12,343273
29865,0.000871,74.125.200.0-255,4472,126548,12,343273
29866,0.000875,172.31.36.0-255,66,126614,12,343273
29867,0.000885,74.125.200.0-255,2902,129516,12,343273
29868,0.000906,172.31.36.0-255,66,129582,12,343273
29869,0.000914,74.125.200.0-255,5738,135320,12,343273
29870,0.000956,74.125.200.0-255,4320,139640,12,343273
29871,0.000986,172.31.36.0-255,66,139706,12,343273
29872,0.001009,74.125.200.0-255,1484,141190,12,343273
29873,0.001022,74.125.200.0-255,2902,144092,12,343273
29874,0.001032,172.31.36.0-255,66,144158,12,343273
29875,0.00105,74.125.200.0-255,5738,149896,12,343273
29876,0.001056,74.125.200.0-255,4320,154216,12,343273
29877,0.001069,74.125.200.0-255,2902,157118,12,343273
29878,0.001081,74.125.200.0-255,1484,158602,12,343273
29879,0.001098,74.125.200.0-255,5738,164340,12,343273
29880,0.001108,172.31.36.0-255,66,164406,12,343273
29881,0.001139,74.125.200.0-255,7156,171562,12,343273
29882,0.001144,74.125.200.0-255,2184,173746,12,343273
29883,0.001152,172.31.36.0-255,66,173812,12,343273
29884,0.001276,74.125.200.0-255,1484,175296,12,343273
29885,0.001282,74.125.200.0-255,2902,178198,12,343273
29886,0.001292,74.125.200.0-255,1484,179682,12,343273
29887,0.001305,74.125.200.0-255,2902,182584,12,343273
29888,0.001308,74.125.200.0-255,1484,184068,12,343273
29889,0.001341,74.125.200.0-255,4320,188388,12,343273
29890,0.001346,74.125.200.0-255,4320,192708,12,343273
29891,0.001351,172.31.36.0-255,66,192774,12,343273
29892,0.001363,74.125.200.0-255,7156,199930,12,343273
29893,0.001365,74.125.200.0-255,1484,201414,12,343273
29894,0.001383,172.31.36.0-255,66,201480,12,343273
29895,0.001416,74.125.200.0-255,6438,207918,12,343273
29896,0.001424,172.31.36.0-255,66,207984,12,343273
29897,0.001517,74.125.200.0-255,1484,209468,12,343273
29898,0.00154,74.125.200.0-255,2902,212370,12,343273
29899,0.00156,74.125.200.0-255,5738,218108,12,343273
29900,0.001566,74.125.200.0-255,2902,221010,12,343273
29901,0.001571,172.31.36.0-255,66,221076,12,343273
29902,0.001616,74.125.200.0-255,1484,222560,12,343273
29903,0.001622,74.125.200.0-255,4320,226880,12,343273
29904,0.001643,74.125.200.0-255,6438,233318,12,343273
29905,0.001687,74.125.200.0-255,1484,234802,12,343273
29906,0.001711,74.125.200.0-255,5738,240540,12,343273
29907,0.001718,74.125.200.0-255,5738,246278,12,343273
29908,0.001724,172.31.36.0-255,66,246344,12,343273
29909,0.00177,74.125.200.0-255,7156,253500,12,343273
29910,0.001777,172.31.36.0-255,66,253566,12,343273
29911,0.001821,74.125.200.0-255,7156,260722,12,343273
29912,0.001832,172.31.36.0-255,66,260788,12,343273
29913,0.001882,172.31.36.0-255,66,260854,12,343273
29914,0.002207,74.125.200.0-255,1484,262338,12,343273
29915,0.002233,74.125.200.0-255,1484,263822,12,343273
29916,0.002241,172.31.36.0-255,66,263888,12,343273
29917,0.002251,74.125.200.0-255,1484,265372,12,343273
29918,0.002262,74.125.200.0-255,5738,271110,12,343273
29919,0.002267,74.125.200.0-255,4320,275430,12,343273
29920,0.002288,74.125.200.0-255,1484,276914,12,343273
29921,0.002295,74.125.200.0-255,7156,284070,12,343273
29922,0.002299,74.125.200.0-255,2902,286972,12,343273
29923,0.002305,172.31.36.0-255,66,287038,12,343273
29924,0.004575,74.125.200.0-255,5738,292776,12,343273
29925,0.004582,172.31.36.0-255,66,292842,12,343273
29926,0.006856,74.125.200.0-255,5738,298580,12,343273
29927,0.010506,172.31.36.0-255,66,298646,12,343273
29928,0.01278,74.125.200.0-255,5738,304384,12,343273
29929,0.012791,172.31.36.0-255,66,304450,12,343273
29930,0.015061,74.125.200.0-255,5738,310188,12,343273
29931,0.016171,172.31.36.0-255,66,310254,12,343273
29932,0.018463,74.125.200.0-255,5738,315992,12,343273
29933,0.018476,172.31.36.0-255,66,316058,12,343273
29934,0.020755,74.125.200.0-255,5738,321796,12,343273
29935,0.024457,172.31.36.0-255,66,321862,12,343273
29936,0.026739,74.125.200.0-255,5738,327600,12,343273
29937,0.026754,172.31.36.0-255,66,327666,12,343273
29938,0.029035,74.125.200.0-255,5738,333404,12,343273
29939,0.029044,172.31.36.0-255,66,333470,12,343273
29940,0.031322,74.125.200.0-255,5493,338963,12,343273
29941,0.031333,172.31.36.0-255,66,339029,12,343273
29942,0.031706,172.31.36.0-255,105,339134,12,343273
29943,0.033957,74.125.200.0-255,66,339200,12,343273
29944,0.042474,172.31.36.0-255,172,339372,12,343273
29945,0.042508,172.31.36.0-255,1109,340481,12,343273
29946,0.042573,172.31.36.0-255,1514,341995,12,343273
29947,0.042575,172.31.36.0-255,1080,343075,12,343273
29948,0.044042,104.244.42.0-255,66,343141,12,343273
29949,0.044095,104.244.42.0-255,66,343207,12,343273
29950,0.044129,104.244.42.0-255,66,343273,12,343273
29951,0.0,74.125.24.0-255,298,298,12,250853
29952,2.3e-05,172.31.36.0-255,66,364,12,250853
29953,2.9e-05,74.125.24.0-255,1484,1848,12,250853
29954,3.4e-05,172.31.36.0-255,66,1914,12,250853
29955,5.1e-05,74.125.24.0-255,4320,6234,12,250853
29956,5.5e-05,172.31.36.0-255,66,6300,12,250853
29957,0.000101,172.31.36.0-255,66,6366,12,250853
29958,0.000631,74.125.24.0-255,1484,7850,12,250853
29959,0.000638,172.31.36.0-255,66,7916,12,250853
29960,0.000647,74.125.24.0-255,2902,10818,12,250853
29961,0.000649,172.31.36.0-255,66,10884,12,250853
29962,0.000661,74.125.24.0-255,5738,16622,12,250853
29963,0.000664,172.31.36.0-255,66,16688,12,250853
29964,0.000672,74.125.24.0-255,6797,23485,12,250853
29965,0.000674,172.31.36.0-255,66,23551,12,250853
29966,0.0007,74.125.24.0-255,1484,25035,12,250853
29967,0.000702,172.31.36.0-255,66,25101,12,250853
29968,0.000745,172.31.36.0-255,66,25167,12,250853
29969,0.00075,74.125.24.0-255,2543,27710,12,250853
29970,0.000752,172.31.36.0-255,66,27776,12,250853
29971,0.000796,74.125.24.0-255,2902,30678,12,250853
29972,0.0008,172.31.36.0-255,66,30744,12,250853
29973,0.000805,74.125.24.0-255,2902,33646,12,250853
29974,0.000808,172.31.36.0-255,66,33712,12,250853
29975,0.000839,74.125.24.0-255,1484,35196,12,250853
29976,0.000842,172.31.36.0-255,66,35262,12,250853
29977,0.000859,172.31.36.0-255,66,35328,12,250853
29978,0.000862,74.125.24.0-255,1125,36453,12,250853
29979,0.000864,172.31.36.0-255,66,36519,12,250853
29980,0.000885,74.125.24.0-255,411,36930,12,250853
29981,0.000949,74.125.24.0-255,1484,38414,12,250853
29982,0.000955,172.31.36.0-255,66,38480,12,250853
29983,0.00096,74.125.24.0-255,2902,41382,12,250853
29984,0.000962,172.31.36.0-255,66,41448,12,250853
29985,0.001003,74.125.24.0-255,5738,47186,12,250853
29986,0.001007,172.31.36.0-255,66,47252,12,250853
29987,0.00102,172.31.36.0-255,66,47318,12,250853
29988,0.001047,74.125.24.0-255,2543,49861,12,250853
29989,0.00105,172.31.36.0-255,66,49927,12,250853
29990,0.001053,74.125.24.0-255,1484,51411,12,250853
29991,0.00107,172.31.36.0-255,66,51477,12,250853
29992,0.001355,74.125.24.0-255,1484,52961,12,250853
29993,0.001363,74.125.24.0-255,2902,55863,12,250853
29994,0.00137,172.31.36.0-255,66,55929,12,250853
29995,0.001377,74.125.24.0-255,4320,60249,12,250853
29996,0.001379,172.31.36.0-255,66,60315,12,250853
29997,0.001407,74.125.24.0-255,1484,61799,12,250853
29998,0.001413,74.125.24.0-255,4320,66119,12,250853
29999,0.001416,172.31.36.0-255,66,66185,12,250853
30000,0.00145,172.31.36.0-255,66,66251,12,250853
30001,0.001493,172.31.36.0-255,66,66317,12,250853
30002,0.001498,74.125.24.0-255,2184,68501,12,250853
30003,0.001501,172.31.36.0-255,66,68567,12,250853
30004,0.001961,74.125.24.0-255,1484,70051,12,250853
30005,0.00197,74.125.24.0-255,2902,72953,12,250853
30006,0.001976,172.31.36.0-255,66,73019,12,250853
30007,0.002009,74.125.24.0-255,5738,78757,12,250853
30008,0.002012,172.31.36.0-255,66,78823,12,250853
30009,0.002042,74.125.24.0-255,7156,85979,12,250853
30010,0.002046,172.31.36.0-255,66,86045,12,250853
30011,0.002075,74.125.24.0-255,5738,91783,12,250853
30012,0.002078,172.31.36.0-255,66,91849,12,250853
30013,0.002084,74.125.24.0-255,5738,97587,12,250853
30014,0.002087,172.31.36.0-255,66,97653,12,250853
30015,0.002098,74.125.24.0-255,5020,102673,12,250853
30016,0.002101,172.31.36.0-255,66,102739,12,250853
30017,0.004423,74.125.24.0-255,5738,108477,12,250853
30018,0.004431,172.31.36.0-255,66,108543,12,250853
30019,0.00676,74.125.24.0-255,5738,114281,12,250853
30020,0.006768,172.31.36.0-255,66,114347,12,250853
30021,0.009087,74.125.24.0-255,5738,120085,12,250853
30022,0.009099,172.31.36.0-255,66,120151,12,250853
30023,0.011454,74.125.24.0-255,5738,125889,12,250853
30024,0.011461,172.31.36.0-255,66,125955,12,250853
30025,0.013766,74.125.24.0-255,5738,131693,12,250853
30026,0.013775,172.31.36.0-255,66,131759,12,250853
30027,0.016074,74.125.24.0-255,5738,137497,12,250853
30028,0.016083,172.31.36.0-255,66,137563,12,250853
30029,0.018425,74.125.24.0-255,5738,143301,12,250853
30030,0.018434,172.31.36.0-255,66,143367,12,250853
30031,0.020783,74.125.24.0-255,5738,149105,12,250853
30032,0.020793,172.31.36.0-255,66,149171,12,250853
30033,0.023204,74.125.24.0-255,5738,154909,12,250853
30034,0.023214,172.31.36.0-255,66,154975,12,250853
30035,0.025559,74.125.24.0-255,5738,160713,12,250853
30036,0.025568,172.31.36.0-255,66,160779,12,250853
30037,0.027858,74.125.24.0-255,5738,166517,12,250853
30038,0.027866,172.31.36.0-255,66,166583,12,250853
30039,0.030152,74.125.24.0-255,5738,172321,12,250853
30040,0.03016,172.31.36.0-255,66,172387,12,250853
30041,0.032535,74.125.24.0-255,5738,178125,12,250853
30042,0.032542,172.31.36.0-255,66,178191,12,250853
30043,0.033932,172.31.36.0-255,171,178362,12,250853
30044,0.033965,172.31.36.0-255,1134,179496,12,250853
30045,0.034028,172.31.36.0-255,1514,181010,12,250853
30046,0.03403,172.31.36.0-255,1514,182524,12,250853
30047,0.034035,172.31.36.0-255,1514,184038,12,250853
30048,0.034037,172.31.36.0-255,1514,185552,12,250853
30049,0.034056,172.31.36.0-255,1193,186745,12,250853
30050,0.034897,74.125.24.0-255,5738,192483,12,250853
30051,0.034905,172.31.36.0-255,66,192549,12,250853
30052,0.035463,104.244.42.0-255,66,192615,12,250853
30053,0.035516,104.244.42.0-255,66,192681,12,250853
30054,0.035598,104.244.42.0-255,66,192747,12,250853
30055,0.035621,104.244.42.0-255,66,192813,12,250853
30056,0.037222,74.125.24.0-255,5738,198551,12,250853
30057,0.03723,172.31.36.0-255,66,198617,12,250853
30058,0.039576,74.125.24.0-255,5738,204355,12,250853
30059,0.039586,172.31.36.0-255,66,204421,12,250853
30060,0.041918,74.125.24.0-255,5738,210159,12,250853
30061,0.041924,172.31.36.0-255,66,210225,12,250853
30062,0.044278,74.125.24.0-255,5738,215963,12,250853
30063,0.044285,172.31.36.0-255,66,216029,12,250853
30064,0.046642,74.125.24.0-255,5738,221767,12,250853
30065,0.046649,172.31.36.0-255,66,221833,12,250853
30066,0.049054,74.125.24.0-255,5738,227571,12,250853
30067,0.049061,172.31.36.0-255,66,227637,12,250853
30068,0.051353,74.125.24.0-255,5738,233375,12,250853
30069,0.05136,172.31.36.0-255,66,233441,12,250853
30070,0.053679,74.125.24.0-255,5738,239179,12,250853
30071,0.053686,172.31.36.0-255,66,239245,12,250853
30072,0.055984,74.125.24.0-255,5738,244983,12,250853
30073,0.056,172.31.36.0-255,66,245049,12,250853
30074,0.058338,74.125.24.0-255,5738,250787,12,250853
30075,0.058346,172.31.36.0-255,66,250853,12,250853
30076,0.0,74.125.24.0-255,66,66,12,66
30077,0.0,74.125.68.0-255,298,298,12,280308
30078,3.5e-05,172.31.36.0-255,66,364,12,280308
30079,4.1e-05,74.125.68.0-255,1484,1848,12,280308
30080,4.5e-05,172.31.36.0-255,66,1914,12,280308
30081,5.2e-05,74.125.68.0-255,4320,6234,12,280308
30082,6.2e-05,172.31.36.0-255,66,6300,12,280308
30083,6.7e-05,74.125.68.0-255,2902,9202,12,280308
30084,6.9e-05,172.31.36.0-255,66,9268,12,280308
30085,7.5e-05,74.125.68.0-255,4320,13588,12,280308
30086,7.7e-05,172.31.36.0-255,66,13654,12,280308
30087,8e-05,74.125.68.0-255,359,14013,12,280308
30088,8.2e-05,172.31.36.0-255,66,14079,12,280308
30089,0.000222,74.125.68.0-255,1484,15563,12,280308
30090,0.000228,172.31.36.0-255,66,15629,12,280308
30091,0.000233,74.125.68.0-255,2902,18531,12,280308
30092,0.000235,172.31.36.0-255,66,18597,12,280308
30093,0.000256,74.125.68.0-255,4320,22917,12,280308
30094,0.000264,172.31.36.0-255,66,22983,12,280308
30095,0.00027,74.125.68.0-255,5738,28721,12,280308
30096,0.000273,172.31.36.0-255,66,28787,12,280308
30097,0.000319,74.125.68.0-255,5379,34166,12,280308
30098,0.000323,172.31.36.0-255,66,34232,12,280308
30099,0.000329,74.125.68.0-255,5738,39970,12,280308
30100,0.000333,172.31.36.0-255,66,40036,12,280308
30101,0.000372,172.31.36.0-255,66,40102,12,280308
30102,0.000399,74.125.68.0-255,4320,44422,12,280308
30103,0.000403,172.31.36.0-255,66,44488,12,280308
30104,0.00041,74.125.68.0-255,4320,48808,12,280308
30105,0.000412,172.31.36.0-255,66,48874,12,280308
30106,0.000424,172.31.36.0-255,66,48940,12,280308
30107,0.000455,74.125.68.0-255,442,49382,12,280308
30108,0.000602,74.125.68.0-255,1484,50866,12,280308
30109,0.000606,172.31.36.0-255,66,50932,12,280308
30110,0.000612,74.125.68.0-255,2902,53834,12,280308
30111,0.000614,172.31.36.0-255,66,53900,12,280308
30112,0.000653,74.125.68.0-255,5738,59638,12,280308
30113,0.000662,172.31.36.0-255,66,59704,12,280308
30114,0.000675,172.31.36.0-255,66,59770,12,280308
30115,0.000719,172.31.36.0-255,66,59836,12,280308
30116,0.000723,74.125.68.0-255,2184,62020,12,280308
30117,0.000726,172.31.36.0-255,66,62086,12,280308
30118,0.001174,74.125.68.0-255,1484,63570,12,280308
30119,0.001181,74.125.68.0-255,2902,66472,12,280308
30120,0.001186,172.31.36.0-255,66,66538,12,280308
30121,0.001192,74.125.68.0-255,2902,69440,12,280308
30122,0.001195,172.31.36.0-255,66,69506,12,280308
30123,0.00122,74.125.68.0-255,2902,72408,12,280308
30124,0.001224,172.31.36.0-255,66,72474,12,280308
30125,0.00123,74.125.68.0-255,5738,78212,12,280308
30126,0.001232,172.31.36.0-255,66,78278,12,280308
30127,0.00124,74.125.68.0-255,7156,85434,12,280308
30128,0.001243,172.31.36.0-255,66,85500,12,280308
30129,0.001315,172.31.36.0-255,66,85566,12,280308
30130,0.001342,74.125.68.0-255,1484,87050,12,280308
30131,0.001347,74.125.68.0-255,2902,89952,12,280308
30132,0.001351,172.31.36.0-255,66,90018,12,280308
30133,0.001381,74.125.68.0-255,2902,92920,12,280308
30134,0.001384,172.31.36.0-255,66,92986,12,280308
30135,0.00139,74.125.68.0-255,4320,97306,12,280308
30136,0.001395,172.31.36.0-255,66,97372,12,280308
30137,0.001407,74.125.68.0-255,7156,104528,12,280308
30138,0.00141,172.31.36.0-255,66,104594,12,280308
30139,0.001441,74.125.68.0-255,1484,106078,12,280308
30140,0.001447,74.125.68.0-255,4320,110398,12,280308
30141,0.00145,172.31.36.0-255,66,110464,12,280308
30142,0.001474,74.125.68.0-255,4320,114784,12,280308
30143,0.001477,172.31.36.0-255,66,114850,12,280308
30144,0.001508,74.125.68.0-255,5020,119870,12,280308
30145,0.001512,172.31.36.0-255,66,119936,12,280308
30146,0.002121,74.125.68.0-255,1484,121420,12,280308
30147,0.002139,74.125.68.0-255,2902,124322,12,280308
30148,0.002143,172.31.36.0-255,66,124388,12,280308
30149,0.00215,74.125.68.0-255,5738,130126,12,280308
30150,0.002153,172.31.36.0-255,66,130192,12,280308
30151,0.002193,172.31.36.0-255,66,130258,12,280308
30152,0.002205,74.125.68.0-255,2902,133160,12,280308
30153,0.002207,172.31.36.0-255,66,133226,12,280308
30154,0.002236,74.125.68.0-255,7156,140382,12,280308
30155,0.002239,172.31.36.0-255,66,140448,12,280308
30156,0.002245,74.125.68.0-255,5020,145468,12,280308
30157,0.002247,172.31.36.0-255,66,145534,12,280308
30158,0.004729,74.125.68.0-255,4320,149854,12,280308
30159,0.004735,172.31.36.0-255,66,149920,12,280308
30160,0.004761,74.125.68.0-255,1484,151404,12,280308
30161,0.007228,74.125.68.0-255,4320,155724,12,280308
30162,0.007235,172.31.36.0-255,66,155790,12,280308
30163,0.009751,74.125.68.0-255,5738,161528,12,280308
30164,0.009762,172.31.36.0-255,66,161594,12,280308
30165,0.01226,74.125.68.0-255,5738,167332,12,280308
30166,0.012268,172.31.36.0-255,66,167398,12,280308
30167,0.014755,74.125.68.0-255,5738,173136,12,280308
30168,0.014762,172.31.36.0-255,66,173202,12,280308
30169,0.017246,74.125.68.0-255,5738,178940,12,280308
30170,0.017253,172.31.36.0-255,66,179006,12,280308
30171,0.019754,74.125.68.0-255,5738,184744,12,280308
30172,0.019765,172.31.36.0-255,66,184810,12,280308
30173,0.022253,74.125.68.0-255,5738,190548,12,280308
30174,0.022262,172.31.36.0-255,66,190614,12,280308
30175,0.024762,74.125.68.0-255,5738,196352,12,280308
30176,0.02477,172.31.36.0-255,66,196418,12,280308
30177,0.027266,74.125.68.0-255,5738,202156,12,280308
30178,0.027273,172.31.36.0-255,66,202222,12,280308
30179,0.02978,74.125.68.0-255,5738,207960,12,280308
30180,0.029796,172.31.36.0-255,66,208026,12,280308
30181,0.032219,172.31.36.0-255,187,208213,12,280308
30182,0.032256,172.31.36.0-255,976,209189,12,280308
30183,0.032279,74.125.68.0-255,5738,214927,12,280308
30184,0.032284,172.31.36.0-255,66,214993,12,280308
30185,0.032361,172.31.36.0-255,1514,216507,12,280308
30186,0.032363,172.31.36.0-255,1431,217938,12,280308
30187,0.033819,104.244.42.0-255,66,218004,12,280308
30188,0.033827,104.244.42.0-255,66,218070,12,280308
30189,0.033978,104.244.42.0-255,66,218136,12,280308
30190,0.034778,74.125.68.0-255,5738,223874,12,280308
30191,0.034783,172.31.36.0-255,66,223940,12,280308
30192,0.035595,104.244.42.0-255,108,224048,12,280308
30193,0.035605,172.31.36.0-255,66,224114,12,280308
30194,0.037257,74.125.68.0-255,4320,228434,12,280308
30195,0.037263,172.31.36.0-255,66,228500,12,280308
30196,0.037298,74.125.68.0-255,1484,229984,12,280308
30197,0.039757,74.125.68.0-255,4320,234304,12,280308
30198,0.039763,172.31.36.0-255,66,234370,12,280308
30199,0.042246,74.125.68.0-255,4320,238690,12,280308
30200,0.042252,172.31.36.0-255,66,238756,12,280308
30201,0.042284,74.125.68.0-255,1484,240240,12,280308
30202,0.044745,74.125.68.0-255,4320,244560,12,280308
30203,0.044754,172.31.36.0-255,66,244626,12,280308
30204,0.047246,74.125.68.0-255,2902,247528,12,280308
30205,0.047256,172.31.36.0-255,66,247594,12,280308
30206,0.047298,74.125.68.0-255,2902,250496,12,280308
30207,0.047302,172.31.36.0-255,66,250562,12,280308
30208,0.049745,74.125.68.0-255,2902,253464,12,280308
30209,0.049753,172.31.36.0-255,66,253530,12,280308
30210,0.049834,74.125.68.0-255,2902,256432,12,280308
30211,0.049839,172.31.36.0-255,66,256498,12,280308
30212,0.052234,74.125.68.0-255,2902,259400,12,280308
30213,0.05224,172.31.36.0-255,66,259466,12,280308
30214,0.052319,74.125.68.0-255,2902,262368,12,280308
30215,0.052323,172.31.36.0-255,66,262434,12,280308
30216,0.054731,74.125.68.0-255,2902,265336,12,280308
30217,0.054737,172.31.36.0-255,66,265402,12,280308
30218,0.054808,74.125.68.0-255,2902,268304,12,280308
30219,0.054812,172.31.36.0-255,66,268370,12,280308
30220,0.05721,74.125.68.0-255,2902,271272,12,280308
30221,0.057216,172.31.36.0-255,66,271338,12,280308
30222,0.057306,74.125.68.0-255,2902,274240,12,280308
30223,0.05731,172.31.36.0-255,66,274306,12,280308
30224,0.059707,74.125.68.0-255,1484,275790,12,280308
30225,0.059738,74.125.68.0-255,1484,277274,12,280308
30226,0.059742,172.31.36.0-255,66,277340,12,280308
30227,0.059791,74.125.68.0-255,2902,280242,12,280308
30228,0.059795,172.31.36.0-255,66,280308,12,280308
30229,0.0,172.217.194.0-255,153,153,12,173497
30230,1.2e-05,172.31.36.0-255,66,219,12,173497
30231,1.8e-05,172.217.194.0-255,1484,1703,12,173497
30232,2.3e-05,172.31.36.0-255,66,1769,12,173497
30233,5.4e-05,172.217.194.0-255,2902,4671,12,173497
30234,5.7e-05,172.31.36.0-255,66,4737,12,173497
30235,6.6e-05,172.217.194.0-255,7156,11893,12,173497
30236,6.8e-05,172.31.36.0-255,66,11959,12,173497
30237,0.000107,172.31.36.0-255,66,12025,12,173497
30238,0.000111,172.217.194.0-255,2543,14568,12,173497
30239,0.000113,172.31.36.0-255,66,14634,12,173497
30240,0.000191,172.217.194.0-255,1484,16118,12,173497
30241,0.000195,172.31.36.0-255,66,16184,12,173497
30242,0.0002,172.217.194.0-255,2902,19086,12,173497
30243,0.000202,172.31.36.0-255,66,19152,12,173497
30244,0.000208,172.217.194.0-255,4320,23472,12,173497
30245,0.000216,172.31.36.0-255,66,23538,12,173497
30246,0.000244,172.217.194.0-255,1484,25022,12,173497
30247,0.000246,172.31.36.0-255,66,25088,12,173497
30248,0.000262,172.31.36.0-255,66,25154,12,173497
30249,0.000274,172.31.36.0-255,66,25220,12,173497
30250,0.000302,172.217.194.0-255,1745,26965,12,173497
30251,0.000304,172.31.36.0-255,66,27031,12,173497
30252,0.000554,172.217.194.0-255,1484,28515,12,173497
30253,0.00056,172.31.36.0-255,66,28581,12,173497
30254,0.000567,172.217.194.0-255,2902,31483,12,173497
30255,0.00057,172.31.36.0-255,66,31549,12,173497
30256,0.000581,172.217.194.0-255,5738,37287,12,173497
30257,0.000584,172.31.36.0-255,66,37353,12,173497
30258,0.000635,172.31.36.0-255,66,37419,12,173497
30259,0.000672,172.31.36.0-255,66,37485,12,173497
30260,0.000868,172.217.194.0-255,1484,38969,12,173497
30261,0.000874,172.217.194.0-255,2902,41871,12,173497
30262,0.000878,172.31.36.0-255,66,41937,12,173497
30263,0.000903,172.217.194.0-255,2902,44839,12,173497
30264,0.000906,172.31.36.0-255,66,44905,12,173497
30265,0.000912,172.217.194.0-255,4320,49225,12,173497
30266,0.000914,172.31.36.0-255,66,49291,12,173497
30267,0.000954,172.31.36.0-255,66,49357,12,173497
30268,0.000969,172.31.36.0-255,66,49423,12,173497
30269,0.000992,172.217.194.0-255,766,50189,12,173497
30270,0.001063,172.217.194.0-255,1484,51673,12,173497
30271,0.001068,172.31.36.0-255,66,51739,12,173497
30272,0.001074,172.217.194.0-255,2902,54641,12,173497
30273,0.001076,172.31.36.0-255,66,54707,12,173497
30274,0.001111,172.217.194.0-255,5738,60445,12,173497
30275,0.001114,172.31.36.0-255,66,60511,12,173497
30276,0.001121,172.217.194.0-255,5738,66249,12,173497
30277,0.001123,172.31.36.0-255,66,66315,12,173497
30278,0.001142,172.31.36.0-255,66,66381,12,173497
30279,0.00118,172.217.194.0-255,6438,72819,12,173497
30280,0.001183,172.31.36.0-255,66,72885,12,173497
30281,0.001221,172.31.36.0-255,66,72951,12,173497
30282,0.001243,172.217.194.0-255,7156,80107,12,173497
30283,0.001247,172.31.36.0-255,66,80173,12,173497
30284,0.001251,172.217.194.0-255,1484,81657,12,173497
30285,0.001362,172.217.194.0-255,5738,87395,12,173497
30286,0.001365,172.31.36.0-255,66,87461,12,173497
30287,0.00141,172.217.194.0-255,766,88227,12,173497
30288,0.001416,172.31.36.0-255,66,88293,12,173497
30289,0.001585,172.217.194.0-255,1484,89777,12,173497
30290,0.001589,172.217.194.0-255,1484,91261,12,173497
30291,0.001592,172.31.36.0-255,66,91327,12,173497
30292,0.001617,172.217.194.0-255,1484,92811,12,173497
30293,0.001624,172.217.194.0-255,5738,98549,12,173497
30294,0.001642,172.217.194.0-255,5738,104287,12,173497
30295,0.001657,172.217.194.0-255,7156,111443,12,173497
30296,0.001663,172.217.194.0-255,5738,117181,12,173497
30297,0.001676,172.31.36.0-255,66,117247,12,173497
30298,0.001724,172.217.194.0-255,5020,122267,12,173497
30299,0.00175,172.31.36.0-255,66,122333,12,173497
30300,0.001783,172.217.194.0-255,1484,123817,12,173497
30301,0.001799,172.217.194.0-255,2902,126719,12,173497
30302,0.001802,172.31.36.0-255,66,126785,12,173497
30303,0.001807,172.217.194.0-255,2902,129687,12,173497
30304,0.00183,172.217.194.0-255,2902,132589,12,173497
30305,0.001859,172.31.36.0-255,66,132655,12,173497
30306,0.001881,172.217.194.0-255,4320,136975,12,173497
30307,0.001893,172.217.194.0-255,766,137741,12,173497
30308,0.001909,172.31.36.0-255,66,137807,12,173497
30309,0.001916,172.217.194.0-255,1484,139291,12,173497
30310,0.001941,172.217.194.0-255,4320,143611,12,173497
30311,0.001945,172.217.194.0-255,2902,146513,12,173497
30312,0.001953,172.31.36.0-255,66,146579,12,173497
30313,0.001975,172.217.194.0-255,7156,153735,12,173497
30314,0.001981,172.217.194.0-255,4320,158055,12,173497
30315,0.001995,172.31.36.0-255,66,158121,12,173497
30316,0.002036,172.31.36.0-255,66,158187,12,173497
30317,0.002067,172.217.194.0-255,6438,164625,12,173497
30318,0.002137,172.31.36.0-255,66,164691,12,173497
30319,0.002149,172.217.194.0-255,7082,171773,12,173497
30320,0.002151,172.217.194.0-255,105,171878,12,173497
30321,0.002182,172.31.36.0-255,66,171944,12,173497
30322,0.01083,172.31.36.0-255,105,172049,12,173497
30323,0.013124,172.217.194.0-255,66,172115,12,173497
30324,0.040395,172.31.36.0-255,172,172287,12,173497
30325,0.04043,172.31.36.0-255,1078,173365,12,173497
30326,0.041932,104.244.42.0-255,66,173431,12,173497
30327,0.042001,104.244.42.0-255,66,173497,12,173497
30328,0.0,172.253.118.0-255,148,148,12,258753
30329,1.8e-05,172.31.36.0-255,66,214,12,258753
30330,2.4e-05,172.253.118.0-255,1484,1698,12,258753
30331,2.8e-05,172.31.36.0-255,66,1764,12,258753
30332,3.4e-05,172.253.118.0-255,2902,4666,12,258753
30333,3.6e-05,172.31.36.0-255,66,4732,12,258753
30334,4.1e-05,172.253.118.0-255,2902,7634,12,258753
30335,4.3e-05,172.31.36.0-255,66,7700,12,258753
30336,0.000103,172.253.118.0-255,6231,13931,12,258753
30337,0.000105,172.31.36.0-255,66,13997,12,258753
30338,0.000136,172.253.118.0-255,2902,16899,12,258753
30339,0.000138,172.31.36.0-255,66,16965,12,258753
30340,0.00016,172.253.118.0-255,4320,21285,12,258753
30341,0.000162,172.31.36.0-255,66,21351,12,258753
30342,0.000181,172.253.118.0-255,4320,25671,12,258753
30343,0.000183,172.31.36.0-255,66,25737,12,258753
30344,0.00019,172.253.118.0-255,5379,31116,12,258753
30345,0.000193,172.31.36.0-255,66,31182,12,258753
30346,0.000293,172.253.118.0-255,1484,32666,12,258753
30347,0.000309,172.31.36.0-255,66,32732,12,258753
30348,0.000315,172.253.118.0-255,2902,35634,12,258753
30349,0.000318,172.31.36.0-255,66,35700,12,258753
30350,0.000324,172.253.118.0-255,5738,41438,12,258753
30351,0.000327,172.31.36.0-255,66,41504,12,258753
30352,0.000332,172.253.118.0-255,4320,45824,12,258753
30353,0.000334,172.31.36.0-255,66,45890,12,258753
30354,0.000357,172.253.118.0-255,5738,51628,12,258753
30355,0.000359,172.31.36.0-255,66,51694,12,258753
30356,0.000386,172.253.118.0-255,6797,58491,12,258753
30357,0.000389,172.31.36.0-255,66,58557,12,258753
30358,0.000395,172.253.118.0-255,7108,65665,12,258753
30359,0.000398,172.31.36.0-255,66,65731,12,258753
30360,0.000541,172.253.118.0-255,112,65843,12,258753
30361,0.000725,172.253.118.0-255,1484,67327,12,258753
30362,0.000728,172.253.118.0-255,1484,68811,12,258753
30363,0.000734,172.31.36.0-255,66,68877,12,258753
30364,0.000746,172.253.118.0-255,1484,70361,12,258753
30365,0.000748,172.31.36.0-255,66,70427,12,258753
30366,0.000754,172.253.118.0-255,5738,76165,12,258753
30367,0.000758,172.31.36.0-255,66,76231,12,258753
30368,0.000801,172.31.36.0-255,66,76297,12,258753
30369,0.000831,172.253.118.0-255,4320,80617,12,258753
30370,0.000834,172.31.36.0-255,66,80683,12,258753
30371,0.000855,172.253.118.0-255,5379,86062,12,258753
30372,0.000858,172.31.36.0-255,66,86128,12,258753
30373,0.002851,172.253.118.0-255,5738,91866,12,258753
30374,0.002858,172.31.36.0-255,66,91932,12,258753
30375,0.004864,172.253.118.0-255,5738,97670,12,258753
30376,0.004869,172.31.36.0-255,66,97736,12,258753
30377,0.006877,172.253.118.0-255,5738,103474,12,258753
30378,0.006883,172.31.36.0-255,66,103540,12,258753
30379,0.008893,172.253.118.0-255,5738,109278,12,258753
30380,0.0089,172.31.36.0-255,66,109344,12,258753
30381,0.010906,172.253.118.0-255,5738,115082,12,258753
30382,0.010913,172.31.36.0-255,66,115148,12,258753
30383,0.012929,172.253.118.0-255,5738,120886,12,258753
30384,0.012936,172.31.36.0-255,66,120952,12,258753
30385,0.014939,172.253.118.0-255,5738,126690,12,258753
30386,0.014948,172.31.36.0-255,66,126756,12,258753
30387,0.016945,172.253.118.0-255,5738,132494,12,258753
30388,0.016953,172.31.36.0-255,66,132560,12,258753
30389,0.018985,172.253.118.0-255,5738,138298,12,258753
30390,0.018993,172.31.36.0-255,66,138364,12,258753
30391,0.020994,172.253.118.0-255,5738,144102,12,258753
30392,0.021003,172.31.36.0-255,66,144168,12,258753
30393,0.023011,172.253.118.0-255,5738,149906,12,258753
30394,0.023019,172.31.36.0-255,66,149972,12,258753
30395,0.025006,172.253.118.0-255,5738,155710,12,258753
30396,0.025012,172.31.36.0-255,66,155776,12,258753
30397,0.026439,172.31.36.0-255,188,155964,12,258753
30398,0.02647,172.31.36.0-255,952,156916,12,258753
30399,0.026534,172.31.36.0-255,1514,158430,12,258753
30400,0.026536,172.31.36.0-255,1457,159887,12,258753
30401,0.02701,172.253.118.0-255,5738,165625,12,258753
30402,0.027018,172.31.36.0-255,66,165691,12,258753
30403,0.027989,104.244.42.0-255,66,165757,12,258753
30404,0.028016,104.244.42.0-255,66,165823,12,258753
30405,0.028096,104.244.42.0-255,66,165889,12,258753
30406,0.029052,172.253.118.0-255,5738,171627,12,258753
30407,0.029057,172.31.36.0-255,66,171693,12,258753
30408,0.031103,172.253.118.0-255,5738,177431,12,258753
30409,0.031109,172.31.36.0-255,66,177497,12,258753
30410,0.033114,172.253.118.0-255,5738,183235,12,258753
30411,0.033121,172.31.36.0-255,66,183301,12,258753
30412,0.035128,172.253.118.0-255,5738,189039,12,258753
30413,0.035135,172.31.36.0-255,66,189105,12,258753
30414,0.037148,172.253.118.0-255,5738,194843,12,258753
30415,0.037154,172.31.36.0-255,66,194909,12,258753
30416,0.039157,172.253.118.0-255,5738,200647,12,258753
30417,0.039164,172.31.36.0-255,66,200713,12,258753
30418,0.041174,172.253.118.0-255,5738,206451,12,258753
30419,0.041183,172.31.36.0-255,66,206517,12,258753
30420,0.0432,172.253.118.0-255,5738,212255,12,258753
30421,0.043208,172.31.36.0-255,66,212321,12,258753
30422,0.045215,172.253.118.0-255,5738,218059,12,258753
30423,0.045222,172.31.36.0-255,66,218125,12,258753
30424,0.047233,172.253.118.0-255,5738,223863,12,258753
30425,0.04724,172.31.36.0-255,66,223929,12,258753
30426,0.049253,172.253.118.0-255,5738,229667,12,258753
30427,0.049259,172.31.36.0-255,66,229733,12,258753
30428,0.051294,172.253.118.0-255,5738,235471,12,258753
30429,0.0513,172.31.36.0-255,66,235537,12,258753
30430,0.053311,172.253.118.0-255,5738,241275,12,258753
30431,0.053318,172.31.36.0-255,66,241341,12,258753
30432,0.055322,172.253.118.0-255,5738,247079,12,258753
30433,0.055328,172.31.36.0-255,66,247145,12,258753
30434,0.057342,172.253.118.0-255,5738,252883,12,258753
30435,0.05735,172.31.36.0-255,66,252949,12,258753
30436,0.059362,172.253.118.0-255,5738,258687,12,258753
30437,0.059369,172.31.36.0-255,66,258753,12,258753
30438,0.0,74.125.130.0-255,152,152,12,306454
30439,2.8e-05,172.31.36.0-255,66,218,12,306454
30440,3.6e-05,74.125.130.0-255,1484,1702,12,306454
30441,4e-05,172.31.36.0-255,66,1768,12,306454
30442,4.5e-05,74.125.130.0-255,2902,4670,12,306454
30443,4.7e-05,172.31.36.0-255,66,4736,12,306454
30444,5.1e-05,74.125.130.0-255,2902,7638,12,306454
30445,5.4e-05,172.31.36.0-255,66,7704,12,306454
30446,7.9e-05,74.125.130.0-255,4320,12024,12,306454
30447,8.2e-05,172.31.36.0-255,66,12090,12,306454
30448,8.5e-05,74.125.130.0-255,2056,14146,12,306454
30449,8.8e-05,172.31.36.0-255,66,14212,12,306454
30450,0.000182,74.125.130.0-255,1484,15696,12,306454
30451,0.000186,172.31.36.0-255,66,15762,12,306454
30452,0.000191,74.125.130.0-255,2902,18664,12,306454
30453,0.000194,172.31.36.0-255,66,18730,12,306454
30454,0.000216,74.125.130.0-255,2902,21632,12,306454
30455,0.000219,172.31.36.0-255,66,21698,12,306454
30456,0.000236,74.125.130.0-255,4320,26018,12,306454
30457,0.000238,172.31.36.0-255,66,26084,12,306454
30458,0.000265,74.125.130.0-255,2902,28986,12,306454
30459,0.000268,172.31.36.0-255,66,29052,12,306454
30460,0.000283,172.31.36.0-255,101,29153,12,306454
30461,0.000288,74.125.130.0-255,2543,31696,12,306454
30462,0.000291,172.31.36.0-255,66,31762,12,306454
30463,0.000338,74.125.130.0-255,1484,33246,12,306454
30464,0.000356,74.125.130.0-255,2902,36148,12,306454
30465,0.000359,172.31.36.0-255,66,36214,12,306454
30466,0.000362,74.125.130.0-255,1484,37698,12,306454
30467,0.000382,74.125.130.0-255,2902,40600,12,306454
30468,0.000385,172.31.36.0-255,66,40666,12,306454
30469,0.000392,74.125.130.0-255,5738,46404,12,306454
30470,0.000394,172.31.36.0-255,66,46470,12,306454
30471,0.00041,74.125.130.0-255,1484,47954,12,306454
30472,0.00042,74.125.130.0-255,1125,49079,12,306454
30473,0.000422,172.31.36.0-255,66,49145,12,306454
30474,0.000844,74.125.130.0-255,1484,50629,12,306454
30475,0.000853,74.125.130.0-255,2902,53531,12,306454
30476,0.000857,172.31.36.0-255,66,53597,12,306454
30477,0.00088,74.125.130.0-255,5738,59335,12,306454
30478,0.000884,172.31.36.0-255,66,59401,12,306454
30479,0.000889,74.125.130.0-255,2902,62303,12,306454
30480,0.000891,172.31.36.0-255,66,62369,12,306454
30481,0.000906,74.125.130.0-255,3961,66330,12,306454
30482,0.000908,172.31.36.0-255,66,66396,12,306454
30483,0.000911,74.125.130.0-255,647,67043,12,306454
30484,0.001103,74.125.130.0-255,1484,68527,12,306454
30485,0.001108,172.31.36.0-255,66,68593,12,306454
30486,0.001123,74.125.130.0-255,2902,71495,12,306454
30487,0.001125,172.31.36.0-255,66,71561,12,306454
30488,0.00116,74.125.130.0-255,4320,75881,12,306454
30489,0.001164,172.31.36.0-255,66,75947,12,306454
30490,0.001169,74.125.130.0-255,2902,78849,12,306454
30491,0.001171,172.31.36.0-255,66,78915,12,306454
30492,0.001188,74.125.130.0-255,2902,81817,12,306454
30493,0.00119,172.31.36.0-255,66,81883,12,306454
30494,0.00122,74.125.130.0-255,2902,84785,12,306454
30495,0.001224,172.31.36.0-255,66,84851,12,306454
30496,0.001242,74.125.130.0-255,3961,88812,12,306454
30497,0.001244,172.31.36.0-255,66,88878,12,306454
30498,0.001249,74.125.130.0-255,2902,91780,12,306454
30499,0.001251,172.31.36.0-255,66,91846,12,306454
30500,0.001272,74.125.130.0-255,4320,96166,12,306454
30501,0.001276,172.31.36.0-255,66,96232,12,306454
30502,0.00128,74.125.130.0-255,2902,99134,12,306454
30503,0.001282,172.31.36.0-255,66,99200,12,306454
30504,0.001333,74.125.130.0-255,2543,101743,12,306454
30505,0.001337,172.31.36.0-255,66,101809,12,306454
30506,0.001444,74.125.130.0-255,1484,103293,12,306454
30507,0.00146,74.125.130.0-255,2902,106195,12,306454
30508,0.001463,172.31.36.0-255,66,106261,12,306454
30509,0.001477,74.125.130.0-255,1484,107745,12,306454
30510,0.001487,74.125.130.0-255,1484,109229,12,306454
30511,0.00149,172.31.36.0-255,66,109295,12,306454
30512,0.001507,74.125.130.0-255,1484,110779,12,306454
30513,0.001528,74.125.130.0-255,2902,113681,12,306454
30514,0.001531,172.31.36.0-255,66,113747,12,306454
30515,0.001547,74.125.130.0-255,2902,116649,12,306454
30516,0.00155,172.31.36.0-255,66,116715,12,306454
30517,0.001552,74.125.130.0-255,1484,118199,12,306454
30518,0.001569,74.125.130.0-255,2902,121101,12,306454
30519,0.001571,172.31.36.0-255,66,121167,12,306454
30520,0.001574,74.125.130.0-255,1484,122651,12,306454
30521,0.001591,74.125.130.0-255,2902,125553,12,306454
30522,0.001593,172.31.36.0-255,66,125619,12,306454
30523,0.001603,74.125.130.0-255,1484,127103,12,306454
30524,0.001607,74.125.130.0-255,2902,130005,12,306454
30525,0.00161,172.31.36.0-255,66,130071,12,306454
30526,0.001613,74.125.130.0-255,1484,131555,12,306454
30527,0.001628,74.125.130.0-255,2902,134457,12,306454
30528,0.00163,172.31.36.0-255,66,134523,12,306454
30529,0.001659,74.125.130.0-255,2184,136707,12,306454
30530,0.00166,172.31.36.0-255,66,136773,12,306454
30531,0.001801,74.125.130.0-255,1484,138257,12,306454
30532,0.001804,74.125.130.0-255,1484,139741,12,306454
30533,0.001806,172.31.36.0-255,66,139807,12,306454
30534,0.001819,74.125.130.0-255,1484,141291,12,306454
30535,0.001843,74.125.130.0-255,5738,147029,12,306454
30536,0.001845,172.31.36.0-255,66,147095,12,306454
30537,0.001848,74.125.130.0-255,1484,148579,12,306454
30538,0.001867,74.125.130.0-255,5738,154317,12,306454
30539,0.001869,172.31.36.0-255,66,154383,12,306454
30540,0.001891,74.125.130.0-255,2902,157285,12,306454
30541,0.001893,172.31.36.0-255,66,157351,12,306454
30542,0.001918,172.31.36.0-255,66,157417,12,306454
30543,0.001943,74.125.130.0-255,5020,162437,12,306454
30544,0.001946,172.31.36.0-255,66,162503,12,306454
30545,0.002549,74.125.130.0-255,66,162569,12,306454
30546,0.004255,74.125.130.0-255,4320,166889,12,306454
30547,0.004259,172.31.36.0-255,66,166955,12,306454
30548,0.004277,74.125.130.0-255,1484,168439,12,306454
30549,0.006572,74.125.130.0-255,4320,172759,12,306454
30550,0.006579,172.31.36.0-255,66,172825,12,306454
30551,0.008897,74.125.130.0-255,5738,178563,12,306454
30552,0.008905,172.31.36.0-255,66,178629,12,306454
30553,0.011231,74.125.130.0-255,5738,184367,12,306454
30554,0.011239,172.31.36.0-255,66,184433,12,306454
30555,0.013558,74.125.130.0-255,5738,190171,12,306454
30556,0.013567,172.31.36.0-255,66,190237,12,306454
30557,0.015994,74.125.130.0-255,5738,195975,12,306454
30558,0.016002,172.31.36.0-255,66,196041,12,306454
30559,0.018316,74.125.130.0-255,5738,201779,12,306454
30560,0.018324,172.31.36.0-255,66,201845,12,306454
30561,0.02066,74.125.130.0-255,5738,207583,12,306454
30562,0.020667,172.31.36.0-255,66,207649,12,306454
30563,0.022995,74.125.130.0-255,5738,213387,12,306454
30564,0.023002,172.31.36.0-255,66,213453,12,306454
30565,0.025328,74.125.130.0-255,5738,219191,12,306454
30566,0.025336,172.31.36.0-255,66,219257,12,306454
30567,0.026554,172.31.36.0-255,172,219429,12,306454
30568,0.026584,172.31.36.0-255,1107,220536,12,306454
30569,0.026622,172.31.36.0-255,1514,222050,12,306454
30570,0.026623,172.31.36.0-255,1300,223350,12,306454
30571,0.027652,74.125.130.0-255,5738,229088,12,306454
30572,0.027658,172.31.36.0-255,66,229154,12,306454
30573,0.028113,104.244.42.0-255,66,229220,12,306454
30574,0.02812,104.244.42.0-255,66,229286,12,306454
30575,0.028155,104.244.42.0-255,66,229352,12,306454
30576,0.029972,74.125.130.0-255,2902,232254,12,306454
30577,0.029976,172.31.36.0-255,66,232320,12,306454
30578,0.03001,74.125.130.0-255,2902,235222,12,306454
30579,0.030013,172.31.36.0-255,66,235288,12,306454
30580,0.032294,74.125.130.0-255,2902,238190,12,306454
30581,0.0323,172.31.36.0-255,66,238256,12,306454
30582,0.032332,74.125.130.0-255,2902,241158,12,306454
30583,0.032335,172.31.36.0-255,66,241224,12,306454
30584,0.034603,74.125.130.0-255,2902,244126,12,306454
30585,0.034607,172.31.36.0-255,66,244192,12,306454
30586,0.034633,74.125.130.0-255,1484,245676,12,306454
30587,0.034643,74.125.130.0-255,1484,247160,12,306454
30588,0.034645,172.31.36.0-255,66,247226,12,306454
30589,0.036921,74.125.130.0-255,2902,250128,12,306454
30590,0.036926,172.31.36.0-255,66,250194,12,306454
30591,0.036992,74.125.130.0-255,2902,253096,12,306454
30592,0.036998,172.31.36.0-255,66,253162,12,306454
30593,0.039247,74.125.130.0-255,2902,256064,12,306454
30594,0.039252,172.31.36.0-255,66,256130,12,306454
30595,0.039315,74.125.130.0-255,2902,259032,12,306454
30596,0.039319,172.31.36.0-255,66,259098,12,306454
30597,0.041561,74.125.130.0-255,2902,262000,12,306454
30598,0.041566,172.31.36.0-255,66,262066,12,306454
30599,0.041628,74.125.130.0-255,2902,264968,12,306454
30600,0.041632,172.31.36.0-255,66,265034,12,306454
30601,0.043897,74.125.130.0-255,2902,267936,12,306454
30602,0.043903,172.31.36.0-255,66,268002,12,306454
30603,0.04394,74.125.130.0-255,2902,270904,12,306454
30604,0.043944,172.31.36.0-255,66,270970,12,306454
30605,0.046214,74.125.130.0-255,2902,273872,12,306454
30606,0.04622,172.31.36.0-255,66,273938,12,306454
30607,0.04626,74.125.130.0-255,2902,276840,12,306454
30608,0.046264,172.31.36.0-255,66,276906,12,306454
30609,0.048525,74.125.130.0-255,2902,279808,12,306454
30610,0.048531,172.31.36.0-255,66,279874,12,306454
30611,0.048568,74.125.130.0-255,2902,282776,12,306454
30612,0.048572,172.31.36.0-255,66,282842,12,306454
30613,0.050834,74.125.130.0-255,2902,285744,12,306454
30614,0.050839,172.31.36.0-255,66,285810,12,306454
30615,0.050879,74.125.130.0-255,2902,288712,12,306454
30616,0.050882,172.31.36.0-255,66,288778,12,306454
30617,0.05315,74.125.130.0-255,2902,291680,12,306454
30618,0.053155,172.31.36.0-255,66,291746,12,306454
30619,0.053193,74.125.130.0-255,2902,294648,12,306454
30620,0.053196,172.31.36.0-255,66,294714,12,306454
30621,0.055467,74.125.130.0-255,1484,296198,12,306454
30622,0.055519,74.125.130.0-255,4320,300518,12,306454
30623,0.055525,172.31.36.0-255,66,300584,12,306454
30624,0.057848,74.125.130.0-255,4320,304904,12,306454
30625,0.057854,172.31.36.0-255,66,304970,12,306454
30626,0.05788,74.125.130.0-255,1484,306454,12,306454
30627,0.0,74.125.24.0-255,146,146,12,246263
30628,2.5e-05,172.31.36.0-255,66,212,12,246263
30629,5.6e-05,74.125.24.0-255,1484,1696,12,246263
30630,6.1e-05,172.31.36.0-255,66,1762,12,246263
30631,6.6e-05,74.125.24.0-255,2902,4664,12,246263
30632,6.8e-05,172.31.36.0-255,66,4730,12,246263
30633,0.000106,74.125.24.0-255,2902,7632,12,246263
30634,0.000109,172.31.36.0-255,66,7698,12,246263
30635,0.000137,74.125.24.0-255,4320,12018,12,246263
30636,0.00014,172.31.36.0-255,66,12084,12,246263
30637,0.000189,74.125.24.0-255,2040,14124,12,246263
30638,0.000193,172.31.36.0-255,66,14190,12,246263
30639,0.00024,172.31.36.0-255,66,14256,12,246263
30640,0.000419,74.125.24.0-255,5379,19635,12,246263
30641,0.000423,172.31.36.0-255,66,19701,12,246263
30642,0.000725,74.125.24.0-255,1484,21185,12,246263
30643,0.00073,172.31.36.0-255,66,21251,12,246263
30644,0.000734,74.125.24.0-255,2902,24153,12,246263
30645,0.000737,172.31.36.0-255,66,24219,12,246263
30646,0.000788,74.125.24.0-255,4320,28539,12,246263
30647,0.000792,172.31.36.0-255,66,28605,12,246263
30648,0.000815,74.125.24.0-255,1484,30089,12,246263
30649,0.000817,172.31.36.0-255,66,30155,12,246263
30650,0.000894,74.125.24.0-255,2902,33057,12,246263
30651,0.000897,172.31.36.0-255,66,33123,12,246263
30652,0.000931,172.31.36.0-255,66,33189,12,246263
30653,0.001072,74.125.24.0-255,7156,40345,12,246263
30654,0.001077,172.31.36.0-255,66,40411,12,246263
30655,0.001109,74.125.24.0-255,4320,44731,12,246263
30656,0.001113,172.31.36.0-255,66,44797,12,246263
30657,0.001263,74.125.24.0-255,1397,46194,12,246263
30658,0.001268,74.125.24.0-255,385,46579,12,246263
30659,0.00127,172.31.36.0-255,66,46645,12,246263
30660,0.001311,74.125.24.0-255,1484,48129,12,246263
30661,0.001322,74.125.24.0-255,2902,51031,12,246263
30662,0.001324,172.31.36.0-255,66,51097,12,246263
30663,0.001375,74.125.24.0-255,5738,56835,12,246263
30664,0.001377,172.31.36.0-255,66,56901,12,246263
30665,0.001464,74.125.24.0-255,2902,59803,12,246263
30666,0.001466,172.31.36.0-255,66,59869,12,246263
30667,0.001504,172.31.36.0-255,66,59935,12,246263
30668,0.001718,172.31.36.0-255,66,60001,12,246263
30669,0.00174,74.125.24.0-255,1125,61126,12,246263
30670,0.001869,74.125.24.0-255,1484,62610,12,246263
30671,0.001871,172.31.36.0-255,66,62676,12,246263
30672,0.001898,74.125.24.0-255,2902,65578,12,246263
30673,0.001949,74.125.24.0-255,1484,67062,12,246263
30674,0.001962,74.125.24.0-255,4320,71382,12,246263
30675,0.002048,74.125.24.0-255,1484,72866,12,246263
30676,0.002078,74.125.24.0-255,2902,75768,12,246263
30677,0.002271,74.125.24.0-255,1484,77252,12,246263
30678,0.002289,74.125.24.0-255,7156,84408,12,246263
30679,0.002306,74.125.24.0-255,2184,86592,12,246263
30680,0.002456,74.125.24.0-255,4320,90912,12,246263
30681,0.002478,74.125.24.0-255,7156,98068,12,246263
30682,0.002663,74.125.24.0-255,5738,103806,12,246263
30683,0.002682,74.125.24.0-255,5738,109544,12,246263
30684,0.003077,74.125.24.0-255,1484,111028,12,246263
30685,0.003634,74.125.24.0-255,4320,115348,12,246263
30686,0.004602,172.31.36.0-255,66,115414,12,246263
30687,0.007125,74.125.24.0-255,5738,121152,12,246263
30688,0.007131,172.31.36.0-255,66,121218,12,246263
30689,0.009689,74.125.24.0-255,5738,126956,12,246263
30690,0.009697,172.31.36.0-255,66,127022,12,246263
30691,0.012218,74.125.24.0-255,5738,132760,12,246263
30692,0.012225,172.31.36.0-255,66,132826,12,246263
30693,0.01479,74.125.24.0-255,5738,138564,12,246263
30694,0.0148,172.31.36.0-255,66,138630,12,246263
30695,0.017369,74.125.24.0-255,5738,144368,12,246263
30696,0.017379,172.31.36.0-255,66,144434,12,246263
30697,0.019917,74.125.24.0-255,5738,150172,12,246263
30698,0.019924,172.31.36.0-255,66,150238,12,246263
30699,0.022481,74.125.24.0-255,5738,155976,12,246263
30700,0.022488,172.31.36.0-255,66,156042,12,246263
30701,0.025069,74.125.24.0-255,5738,161780,12,246263
30702,0.025076,172.31.36.0-255,66,161846,12,246263
30703,0.027597,74.125.24.0-255,5738,167584,12,246263
30704,0.027605,172.31.36.0-255,66,167650,12,246263
30705,0.030144,74.125.24.0-255,5738,173388,12,246263
30706,0.030152,172.31.36.0-255,66,173454,12,246263
30707,0.032677,74.125.24.0-255,5738,179192,12,246263
30708,0.032683,172.31.36.0-255,66,179258,12,246263
30709,0.032896,172.31.36.0-255,188,179446,12,246263
30710,0.032924,172.31.36.0-255,952,180398,12,246263
30711,0.032979,172.31.36.0-255,1514,181912,12,246263
30712,0.032981,172.31.36.0-255,1514,183426,12,246263
30713,0.032982,172.31.36.0-255,1514,184940,12,246263
30714,0.032983,172.31.36.0-255,1514,186454,12,246263
30715,0.033012,172.31.36.0-255,1514,187968,12,246263
30716,0.033013,172.31.36.0-255,311,188279,12,246263
30717,0.034457,104.244.42.0-255,66,188345,12,246263
30718,0.03453,104.244.42.0-255,66,188411,12,246263
30719,0.034588,104.244.42.0-255,66,188477,12,246263
30720,0.034593,104.244.42.0-255,66,188543,12,246263
30721,0.035217,74.125.24.0-255,4320,192863,12,246263
30722,0.035227,172.31.36.0-255,66,192929,12,246263
30723,0.035233,104.244.42.0-255,108,193037,12,246263
30724,0.035242,172.31.36.0-255,66,193103,12,246263
30725,0.035245,74.125.24.0-255,1484,194587,12,246263
30726,0.037758,74.125.24.0-255,4320,198907,12,246263
30727,0.037763,172.31.36.0-255,66,198973,12,246263
30728,0.040311,74.125.24.0-255,5738,204711,12,246263
30729,0.040316,172.31.36.0-255,66,204777,12,246263
30730,0.042856,74.125.24.0-255,5738,210515,12,246263
30731,0.042862,172.31.36.0-255,66,210581,12,246263
30732,0.045418,74.125.24.0-255,2902,213483,12,246263
30733,0.045423,172.31.36.0-255,66,213549,12,246263
30734,0.045458,74.125.24.0-255,2902,216451,12,246263
30735,0.045462,172.31.36.0-255,66,216517,12,246263
30736,0.047958,74.125.24.0-255,2902,219419,12,246263
30737,0.047963,172.31.36.0-255,66,219485,12,246263
30738,0.047999,74.125.24.0-255,2902,222387,12,246263
30739,0.048002,172.31.36.0-255,66,222453,12,246263
30740,0.050512,74.125.24.0-255,2902,225355,12,246263
30741,0.050517,172.31.36.0-255,66,225421,12,246263
30742,0.050551,74.125.24.0-255,2902,228323,12,246263
30743,0.050554,172.31.36.0-255,66,228389,12,246263
30744,0.053064,74.125.24.0-255,2902,231291,12,246263
30745,0.053069,172.31.36.0-255,66,231357,12,246263
30746,0.053105,74.125.24.0-255,2902,234259,12,246263
30747,0.053108,172.31.36.0-255,66,234325,12,246263
30748,0.055589,74.125.24.0-255,2902,237227,12,246263
30749,0.055595,172.31.36.0-255,66,237293,12,246263
30750,0.055629,74.125.24.0-255,2902,240195,12,246263
30751,0.055632,172.31.36.0-255,66,240261,12,246263
30752,0.058114,74.125.24.0-255,2902,243163,12,246263
30753,0.05812,172.31.36.0-255,66,243229,12,246263
30754,0.058171,74.125.24.0-255,1484,244713,12,246263
30755,0.058183,74.125.24.0-255,1484,246197,12,246263
30756,0.058186,172.31.36.0-255,66,246263,12,246263
30757,0.0,74.125.24.0-255,146,146,12,365220
30758,1.5e-05,172.31.36.0-255,66,212,12,365220
30759,2e-05,74.125.24.0-255,1484,1696,12,365220
30760,2.4e-05,172.31.36.0-255,66,1762,12,365220
30761,3e-05,74.125.24.0-255,2902,4664,12,365220
30762,3.3e-05,172.31.36.0-255,66,4730,12,365220
30763,3.7e-05,74.125.24.0-255,2902,7632,12,365220
30764,3.9e-05,172.31.36.0-255,66,7698,12,365220
30765,7e-05,74.125.24.0-255,2902,10600,12,365220
30766,7.3e-05,172.31.36.0-255,66,10666,12,365220
30767,9e-05,74.125.24.0-255,3439,14105,12,365220
30768,9.3e-05,172.31.36.0-255,66,14171,12,365220
30769,0.000107,74.125.24.0-255,2902,17073,12,365220
30770,0.000109,172.31.36.0-255,66,17139,12,365220
30771,0.000129,74.125.24.0-255,4320,21459,12,365220
30772,0.000132,172.31.36.0-255,66,21525,12,365220
30773,0.000136,74.125.24.0-255,4320,25845,12,365220
30774,0.000138,172.31.36.0-255,66,25911,12,365220
30775,0.000197,172.31.36.0-255,66,25977,12,365220
30776,0.000218,74.125.24.0-255,5379,31356,12,365220
30777,0.00022,172.31.36.0-255,66,31422,12,365220
30778,0.000225,74.125.24.0-255,4320,35742,12,365220
30779,0.000227,172.31.36.0-255,66,35808,12,365220
30780,0.000243,74.125.24.0-255,3961,39769,12,365220
30781,0.000245,172.31.36.0-255,66,39835,12,365220
30782,0.000274,74.125.24.0-255,4320,44155,12,365220
30783,0.000276,172.31.36.0-255,66,44221,12,365220
30784,0.000295,74.125.24.0-255,2902,47123,12,365220
30785,0.000297,172.31.36.0-255,66,47189,12,365220
30786,0.000309,172.31.36.0-255,66,47255,12,365220
30787,0.000328,74.125.24.0-255,1422,48677,12,365220
30788,0.000392,74.125.24.0-255,131,48808,12,365220
30789,0.000396,172.31.36.0-255,66,48874,12,365220
30790,0.000412,74.125.24.0-255,348,49222,12,365220
30791,0.000723,74.125.24.0-255,1484,50706,12,365220
30792,0.000727,172.31.36.0-255,66,50772,12,365220
30793,0.000732,74.125.24.0-255,2902,53674,12,365220
30794,0.000734,172.31.36.0-255,66,53740,12,365220
30795,0.000758,74.125.24.0-255,4320,58060,12,365220
30796,0.000759,172.31.36.0-255,66,58126,12,365220
30797,0.000775,74.125.24.0-255,1484,59610,12,365220
30798,0.000787,172.31.36.0-255,66,59676,12,365220
30799,0.000793,74.125.24.0-255,5738,65414,12,365220
30800,0.000795,172.31.36.0-255,66,65480,12,365220
30801,0.000816,74.125.24.0-255,5020,70500,12,365220
30802,0.000819,172.31.36.0-255,66,70566,12,365220
30803,0.00093,172.31.36.0-255,101,70667,12,365220
30804,0.001097,74.125.24.0-255,1484,72151,12,365220
30805,0.001102,74.125.24.0-255,1484,73635,12,365220
30806,0.001106,172.31.36.0-255,66,73701,12,365220
30807,0.001126,74.125.24.0-255,1484,75185,12,365220
30808,0.001133,74.125.24.0-255,5738,80923,12,365220
30809,0.001135,172.31.36.0-255,66,80989,12,365220
30810,0.001141,74.125.24.0-255,4320,85309,12,365220
30811,0.001143,172.31.36.0-255,66,85375,12,365220
30812,0.001159,74.125.24.0-255,1484,86859,12,365220
30813,0.001177,74.125.24.0-255,4320,91179,12,365220
30814,0.00118,172.31.36.0-255,66,91245,12,365220
30815,0.001186,74.125.24.0-255,4320,95565,12,365220
30816,0.001188,172.31.36.0-255,66,95631,12,365220
30817,0.001208,74.125.24.0-255,7156,102787,12,365220
30818,0.00121,74.125.24.0-255,1484,104271,12,365220
30819,0.001213,172.31.36.0-255,66,104337,12,365220
30820,0.001222,74.125.24.0-255,766,105103,12,365220
30821,0.001224,172.31.36.0-255,66,105169,12,365220
30822,0.001269,74.125.24.0-255,1484,106653,12,365220
30823,0.001287,74.125.24.0-255,4320,110973,12,365220
30824,0.00129,172.31.36.0-255,66,111039,12,365220
30825,0.001298,74.125.24.0-255,5738,116777,12,365220
30826,0.0013,172.31.36.0-255,66,116843,12,365220
30827,0.001324,74.125.24.0-255,1484,118327,12,365220
30828,0.001342,74.125.24.0-255,7156,125483,12,365220
30829,0.001347,172.31.36.0-255,66,125549,12,365220
30830,0.001363,74.125.24.0-255,2902,128451,12,365220
30831,0.001366,172.31.36.0-255,66,128517,12,365220
30832,0.001373,74.125.24.0-255,7156,135673,12,365220
30833,0.001376,172.31.36.0-255,66,135739,12,365220
30834,0.001395,74.125.24.0-255,3602,139341,12,365220
30835,0.001398,172.31.36.0-255,66,139407,12,365220
30836,0.001689,74.125.24.0-255,1484,140891,12,365220
30837,0.001696,74.125.24.0-255,2902,143793,12,365220
30838,0.001699,172.31.36.0-255,66,143859,12,365220
30839,0.001703,74.125.24.0-255,1484,145343,12,365220
30840,0.001726,74.125.24.0-255,4320,149663,12,365220
30841,0.001728,172.31.36.0-255,66,149729,12,365220
30842,0.001759,74.125.24.0-255,5738,155467,12,365220
30843,0.001761,172.31.36.0-255,66,155533,12,365220
30844,0.001785,74.125.24.0-255,7156,162689,12,365220
30845,0.001787,172.31.36.0-255,66,162755,12,365220
30846,0.0018,172.31.36.0-255,66,162821,12,365220
30847,0.001886,74.125.24.0-255,1484,164305,12,365220
30848,0.001912,74.125.24.0-255,2902,167207,12,365220
30849,0.001915,172.31.36.0-255,66,167273,12,365220
30850,0.001923,74.125.24.0-255,5738,173011,12,365220
30851,0.001925,172.31.36.0-255,66,173077,12,365220
30852,0.00193,74.125.24.0-255,4320,177397,12,365220
30853,0.001934,172.31.36.0-255,66,177463,12,365220
30854,0.001939,74.125.24.0-255,4320,181783,12,365220
30855,0.001941,172.31.36.0-255,66,181849,12,365220
30856,0.001965,74.125.24.0-255,7156,189005,12,365220
30857,0.001968,172.31.36.0-255,66,189071,12,365220
30858,0.00198,172.31.36.0-255,66,189137,12,365220
30859,0.002011,74.125.24.0-255,1484,190621,12,365220
30860,0.002014,74.125.24.0-255,1484,192105,12,365220
30861,0.002017,172.31.36.0-255,66,192171,12,365220
30862,0.002032,74.125.24.0-255,1484,193655,12,365220
30863,0.00204,74.125.24.0-255,5738,199393,12,365220
30864,0.002043,172.31.36.0-255,66,199459,12,365220
30865,0.002059,172.31.36.0-255,66,199525,12,365220
30866,0.002084,74.125.24.0-255,4320,203845,12,365220
30867,0.002087,172.31.36.0-255,66,203911,12,365220
30868,0.002095,74.125.24.0-255,7156,211067,12,365220
30869,0.002098,172.31.36.0-255,66,211133,12,365220
30870,0.002146,74.125.24.0-255,3602,214735,12,365220
30871,0.002149,172.31.36.0-255,66,214801,12,365220
30872,0.002298,74.125.24.0-255,1484,216285,12,365220
30873,0.002304,74.125.24.0-255,2902,219187,12,365220
30874,0.002308,172.31.36.0-255,66,219253,12,365220
30875,0.002325,74.125.24.0-255,2902,222155,12,365220
30876,0.002329,172.31.36.0-255,66,222221,12,365220
30877,0.002352,74.125.24.0-255,2902,225123,12,365220
30878,0.002355,172.31.36.0-255,66,225189,12,365220
30879,0.002359,74.125.24.0-255,2902,228091,12,365220
30880,0.002362,172.31.36.0-255,66,228157,12,365220
30881,0.003241,74.125.24.0-255,66,228223,12,365220
30882,0.004663,74.125.24.0-255,2902,231125,12,365220
30883,0.00467,172.31.36.0-255,66,231191,12,365220
30884,0.00469,74.125.24.0-255,2902,234093,12,365220
30885,0.004693,172.31.36.0-255,66,234159,12,365220
30886,0.00701,74.125.24.0-255,2902,237061,12,365220
30887,0.007014,172.31.36.0-255,66,237127,12,365220
30888,0.007035,74.125.24.0-255,2902,240029,12,365220
30889,0.007038,172.31.36.0-255,66,240095,12,365220
30890,0.009377,74.125.24.0-255,5738,245833,12,365220
30891,0.009383,172.31.36.0-255,66,245899,12,365220
30892,0.011732,74.125.24.0-255,5738,251637,12,365220
30893,0.011742,172.31.36.0-255,66,251703,12,365220
30894,0.01411,74.125.24.0-255,5738,257441,12,365220
30895,0.014134,172.31.36.0-255,66,257507,12,365220
30896,0.016491,74.125.24.0-255,5738,263245,12,365220
30897,0.016501,172.31.36.0-255,66,263311,12,365220
30898,0.018846,74.125.24.0-255,5738,269049,12,365220
30899,0.018854,172.31.36.0-255,66,269115,12,365220
30900,0.021203,74.125.24.0-255,5738,274853,12,365220
30901,0.02121,172.31.36.0-255,66,274919,12,365220
30902,0.023558,74.125.24.0-255,5738,280657,12,365220
30903,0.023566,172.31.36.0-255,66,280723,12,365220
30904,0.02592,74.125.24.0-255,5738,286461,12,365220
30905,0.025928,172.31.36.0-255,66,286527,12,365220
30906,0.028281,74.125.24.0-255,5738,292265,12,365220
30907,0.028289,172.31.36.0-255,66,292331,12,365220
30908,0.030623,74.125.24.0-255,5738,298069,12,365220
30909,0.03063,172.31.36.0-255,66,298135,12,365220
30910,0.032584,172.31.36.0-255,187,298322,12,365220
30911,0.032617,172.31.36.0-255,976,299298,12,365220
30912,0.032687,172.31.36.0-255,1514,300812,12,365220
30913,0.032689,172.31.36.0-255,1514,302326,12,365220
30914,0.032693,172.31.36.0-255,1514,303840,12,365220
30915,0.032694,172.31.36.0-255,1514,305354,12,365220
30916,0.032712,172.31.36.0-255,303,305657,12,365220
30917,0.032984,74.125.24.0-255,5738,311395,12,365220
30918,0.032991,172.31.36.0-255,66,311461,12,365220
30919,0.03417,104.244.42.0-255,66,311527,12,365220
30920,0.034199,104.244.42.0-255,66,311593,12,365220
30921,0.034253,104.244.42.0-255,66,311659,12,365220
30922,0.034276,104.244.42.0-255,66,311725,12,365220
30923,0.03536,74.125.24.0-255,5738,317463,12,365220
30924,0.035366,172.31.36.0-255,66,317529,12,365220
30925,0.037719,74.125.24.0-255,5738,323267,12,365220
30926,0.037725,172.31.36.0-255,66,323333,12,365220
30927,0.040064,74.125.24.0-255,5738,329071,12,365220
30928,0.040071,172.31.36.0-255,66,329137,12,365220
30929,0.042422,74.125.24.0-255,5738,334875,12,365220
30930,0.042428,172.31.36.0-255,66,334941,12,365220
30931,0.044788,74.125.24.0-255,5738,340679,12,365220
30932,0.044794,172.31.36.0-255,66,340745,12,365220
30933,0.047156,74.125.24.0-255,5738,346483,12,365220
30934,0.047163,172.31.36.0-255,66,346549,12,365220
30935,0.049511,74.125.24.0-255,5738,352287,12,365220
30936,0.049517,172.31.36.0-255,66,352353,12,365220
30937,0.051882,74.125.24.0-255,5738,358091,12,365220
30938,0.051888,172.31.36.0-255,66,358157,12,365220
30939,0.05423,74.125.24.0-255,5738,363895,12,365220
30940,0.054236,172.31.36.0-255,66,363961,12,365220
30941,0.056606,74.125.24.0-255,1154,365115,12,365220
30942,0.056761,172.31.36.0-255,105,365220,12,365220
30943,0.0,74.125.24.0-255,146,146,12,279229
30944,3.5e-05,172.31.36.0-255,66,212,12,279229
30945,4.3e-05,74.125.24.0-255,1484,1696,12,279229
30946,4.7e-05,172.31.36.0-255,66,1762,12,279229
30947,5.2e-05,74.125.24.0-255,2902,4664,12,279229
30948,5.4e-05,172.31.36.0-255,66,4730,12,279229
30949,6.3e-05,74.125.24.0-255,7156,11886,12,279229
30950,6.6e-05,172.31.36.0-255,66,11952,12,279229
30951,7e-05,74.125.24.0-255,2004,13956,12,279229
30952,7.3e-05,172.31.36.0-255,66,14022,12,279229
30953,0.000283,74.125.24.0-255,1484,15506,12,279229
30954,0.000288,172.31.36.0-255,66,15572,12,279229
30955,0.000295,74.125.24.0-255,2902,18474,12,279229
30956,0.000298,172.31.36.0-255,66,18540,12,279229
30957,0.0003,74.125.24.0-255,1484,20024,12,279229
30958,0.000303,172.31.36.0-255,66,20090,12,279229
30959,0.000335,74.125.24.0-255,4320,24410,12,279229
30960,0.000339,172.31.36.0-255,66,24476,12,279229
30961,0.000347,74.125.24.0-255,6797,31273,12,279229
30962,0.000349,172.31.36.0-255,66,31339,12,279229
30963,0.000543,74.125.24.0-255,1484,32823,12,279229
30964,0.000547,172.31.36.0-255,66,32889,12,279229
30965,0.000553,74.125.24.0-255,2902,35791,12,279229
30966,0.000556,172.31.36.0-255,66,35857,12,279229
30967,0.000564,74.125.24.0-255,5738,41595,12,279229
30968,0.000566,172.31.36.0-255,66,41661,12,279229
30969,0.000574,74.125.24.0-255,6797,48458,12,279229
30970,0.000576,172.31.36.0-255,66,48524,12,279229
30971,0.000612,74.125.24.0-255,2902,51426,12,279229
30972,0.000616,74.125.24.0-255,2902,54328,12,279229
30973,0.000617,172.31.36.0-255,66,54394,12,279229
30974,0.000621,172.31.36.0-255,66,54460,12,279229
30975,0.000641,74.125.24.0-255,1484,55944,12,279229
30976,0.000653,172.31.36.0-255,66,56010,12,279229
30977,0.000656,74.125.24.0-255,1421,57431,12,279229
30978,0.000745,74.125.24.0-255,382,57813,12,279229
30979,0.000749,172.31.36.0-255,66,57879,12,279229
30980,0.000837,74.125.24.0-255,1484,59363,12,279229
30981,0.000843,74.125.24.0-255,2902,62265,12,279229
30982,0.000846,172.31.36.0-255,66,62331,12,279229
30983,0.000861,74.125.24.0-255,5738,68069,12,279229
30984,0.000864,172.31.36.0-255,66,68135,12,279229
30985,0.000916,74.125.24.0-255,5738,73873,12,279229
30986,0.00092,172.31.36.0-255,66,73939,12,279229
30987,0.000943,74.125.24.0-255,6797,80736,12,279229
30988,0.000947,172.31.36.0-255,66,80802,12,279229
30989,0.000965,74.125.24.0-255,1484,82286,12,279229
30990,0.000991,172.31.36.0-255,66,82352,12,279229
30991,0.001907,74.125.24.0-255,1484,83836,12,279229
30992,0.001918,74.125.24.0-255,2902,86738,12,279229
30993,0.001922,172.31.36.0-255,66,86804,12,279229
30994,0.001928,74.125.24.0-255,2902,89706,12,279229
30995,0.00193,172.31.36.0-255,66,89772,12,279229
30996,0.001945,74.125.24.0-255,1484,91256,12,279229
30997,0.001948,74.125.24.0-255,1484,92740,12,279229
30998,0.00195,172.31.36.0-255,66,92806,12,279229
30999,0.001974,74.125.24.0-255,7156,99962,12,279229
31000,0.001976,172.31.36.0-255,66,100028,12,279229
31001,0.001992,74.125.24.0-255,4320,104348,12,279229
31002,0.001994,172.31.36.0-255,66,104414,12,279229
31003,0.002034,172.31.36.0-255,66,104480,12,279229
31004,0.002037,74.125.24.0-255,766,105246,12,279229
31005,0.002081,74.125.24.0-255,1484,106730,12,279229
31006,0.002083,172.31.36.0-255,66,106796,12,279229
31007,0.002102,74.125.24.0-255,2902,109698,12,279229
31008,0.002105,172.31.36.0-255,66,109764,12,279229
31009,0.002111,74.125.24.0-255,5738,115502,12,279229
31010,0.002113,172.31.36.0-255,66,115568,12,279229
31011,0.002134,74.125.24.0-255,4320,119888,12,279229
31012,0.002136,172.31.36.0-255,66,119954,12,279229
31013,0.002158,172.31.36.0-255,66,120020,12,279229
31014,0.00219,172.31.36.0-255,66,120086,12,279229
31015,0.002208,74.125.24.0-255,5020,125106,12,279229
31016,0.00221,172.31.36.0-255,66,125172,12,279229
31017,0.002213,74.125.24.0-255,1484,126656,12,279229
31018,0.002233,172.31.36.0-255,66,126722,12,279229
31019,0.004369,74.125.24.0-255,5738,132460,12,279229
31020,0.004374,172.31.36.0-255,66,132526,12,279229
31021,0.006553,74.125.24.0-255,5738,138264,12,279229
31022,0.006558,172.31.36.0-255,66,138330,12,279229
31023,0.008693,74.125.24.0-255,5738,144068,12,279229
31024,0.0087,172.31.36.0-255,66,144134,12,279229
31025,0.010851,74.125.24.0-255,5738,149872,12,279229
31026,0.01086,172.31.36.0-255,66,149938,12,279229
31027,0.012965,74.125.24.0-255,5738,155676,12,279229
31028,0.012981,172.31.36.0-255,66,155742,12,279229
31029,0.015174,74.125.24.0-255,5738,161480,12,279229
31030,0.015189,172.31.36.0-255,66,161546,12,279229
31031,0.01736,74.125.24.0-255,5738,167284,12,279229
31032,0.017379,172.31.36.0-255,66,167350,12,279229
31033,0.019578,74.125.24.0-255,5738,173088,12,279229
31034,0.019593,172.31.36.0-255,66,173154,12,279229
31035,0.021809,74.125.24.0-255,5738,178892,12,279229
31036,0.021818,172.31.36.0-255,66,178958,12,279229
31037,0.023942,74.125.24.0-255,5738,184696,12,279229
31038,0.023953,172.31.36.0-255,66,184762,12,279229
31039,0.02611,74.125.24.0-255,5738,190500,12,279229
31040,0.026119,172.31.36.0-255,66,190566,12,279229
31041,0.028256,74.125.24.0-255,5738,196304,12,279229
31042,0.028263,172.31.36.0-255,66,196370,12,279229
31043,0.029043,172.31.36.0-255,188,196558,12,279229
31044,0.02908,172.31.36.0-255,952,197510,12,279229
31045,0.029121,172.31.36.0-255,1514,199024,12,279229
31046,0.029123,172.31.36.0-255,1455,200479,12,279229
31047,0.030446,74.125.24.0-255,5738,206217,12,279229
31048,0.030452,172.31.36.0-255,66,206283,12,279229
31049,0.030599,104.244.42.0-255,66,206349,12,279229
31050,0.030655,104.244.42.0-255,66,206415,12,279229
31051,0.030715,104.244.42.0-255,66,206481,12,279229
31052,0.032571,74.125.24.0-255,5738,212219,12,279229
31053,0.032577,172.31.36.0-255,66,212285,12,279229
31054,0.034734,74.125.24.0-255,5738,218023,12,279229
31055,0.034739,172.31.36.0-255,66,218089,12,279229
31056,0.036894,74.125.24.0-255,5738,223827,12,279229
31057,0.036899,172.31.36.0-255,66,223893,12,279229
31058,0.039048,74.125.24.0-255,4320,228213,12,279229
31059,0.039069,172.31.36.0-255,66,228279,12,279229
31060,0.039082,74.125.24.0-255,1484,229763,12,279229
31061,0.041247,74.125.24.0-255,4320,234083,12,279229
31062,0.041252,172.31.36.0-255,66,234149,12,279229
31063,0.043382,74.125.24.0-255,5738,239887,12,279229
31064,0.043387,172.31.36.0-255,66,239953,12,279229
31065,0.045555,74.125.24.0-255,4320,244273,12,279229
31066,0.04556,172.31.36.0-255,66,244339,12,279229
31067,0.045591,74.125.24.0-255,1484,245823,12,279229
31068,0.047681,74.125.24.0-255,4320,250143,12,279229
31069,0.047686,172.31.36.0-255,66,250209,12,279229
31070,0.049819,74.125.24.0-255,5738,255947,12,279229
31071,0.049825,172.31.36.0-255,66,256013,12,279229
31072,0.051985,74.125.24.0-255,5738,261751,12,279229
31073,0.05199,172.31.36.0-255,66,261817,12,279229
31074,0.054117,74.125.24.0-255,5738,267555,12,279229
31075,0.054122,172.31.36.0-255,66,267621,12,279229
31076,0.056305,74.125.24.0-255,5738,273359,12,279229
31077,0.056311,172.31.36.0-255,66,273425,12,279229
31078,0.058521,74.125.24.0-255,5738,279163,12,279229
31079,0.05853,172.31.36.0-255,66,279229,12,279229
31080,0.0,172.217.27.0-255,153,153,12,219947
31081,2.4e-05,172.31.36.0-255,66,219,12,219947
31082,5.9e-05,172.217.27.0-255,1484,1703,12,219947
31083,6.3e-05,172.31.36.0-255,66,1769,12,219947
31084,6.8e-05,172.217.27.0-255,2902,4671,12,219947
31085,7.1e-05,172.31.36.0-255,66,4737,12,219947
31086,7.4e-05,172.217.27.0-255,1484,6221,12,219947
31087,7.6e-05,172.31.36.0-255,66,6287,12,219947
31088,8.1e-05,172.217.27.0-255,2902,9189,12,219947
31089,8.4e-05,172.31.36.0-255,66,9255,12,219947
31090,0.000119,172.217.27.0-255,4941,14196,12,219947
31091,0.000123,172.31.36.0-255,66,14262,12,219947
31092,0.00019,172.217.27.0-255,1484,15746,12,219947
31093,0.000193,172.31.36.0-255,66,15812,12,219947
31094,0.000198,172.217.27.0-255,2902,18714,12,219947
31095,0.000201,172.31.36.0-255,66,18780,12,219947
31096,0.000232,172.217.27.0-255,5738,24518,12,219947
31097,0.000235,172.31.36.0-255,66,24584,12,219947
31098,0.000272,172.217.27.0-255,2902,27486,12,219947
31099,0.000276,172.31.36.0-255,66,27552,12,219947
31100,0.000311,172.217.27.0-255,5379,32931,12,219947
31101,0.000315,172.31.36.0-255,66,32997,12,219947
31102,0.000325,172.31.36.0-255,66,33063,12,219947
31103,0.000339,172.217.27.0-255,6797,39860,12,219947
31104,0.000344,172.31.36.0-255,66,39926,12,219947
31105,0.000364,172.217.27.0-255,2902,42828,12,219947
31106,0.000368,172.31.36.0-255,66,42894,12,219947
31107,0.000373,172.217.27.0-255,4320,47214,12,219947
31108,0.000375,172.31.36.0-255,66,47280,12,219947
31109,0.000387,172.31.36.0-255,66,47346,12,219947
31110,0.00039,172.217.27.0-255,1409,48755,12,219947
31111,0.000753,172.31.36.0-255,66,48821,12,219947
31112,0.000765,172.217.27.0-255,393,49214,12,219947
31113,0.000954,172.217.27.0-255,1484,50698,12,219947
31114,0.00096,172.31.36.0-255,66,50764,12,219947
31115,0.000966,172.217.27.0-255,2902,53666,12,219947
31116,0.000968,172.31.36.0-255,66,53732,12,219947
31117,0.000982,172.217.27.0-255,5738,59470,12,219947
31118,0.000984,172.31.36.0-255,66,59536,12,219947
31119,0.00103,172.31.36.0-255,66,59602,12,219947
31120,0.00104,172.31.36.0-255,66,59668,12,219947
31121,0.001069,172.217.27.0-255,1125,60793,12,219947
31122,0.001309,172.217.27.0-255,1484,62277,12,219947
31123,0.001316,172.31.36.0-255,66,62343,12,219947
31124,0.00132,172.217.27.0-255,1484,63827,12,219947
31125,0.001325,172.217.27.0-255,2902,66729,12,219947
31126,0.001327,172.31.36.0-255,66,66795,12,219947
31127,0.00134,172.217.27.0-255,5738,72533,12,219947
31128,0.001342,172.31.36.0-255,66,72599,12,219947
31129,0.001391,172.217.27.0-255,1484,74083,12,219947
31130,0.001404,172.217.27.0-255,2902,76985,12,219947
31131,0.001407,172.31.36.0-255,66,77051,12,219947
31132,0.00141,172.217.27.0-255,1484,78535,12,219947
31133,0.001424,172.217.27.0-255,1484,80019,12,219947
31134,0.001426,172.31.36.0-255,66,80085,12,219947
31135,0.001454,172.217.27.0-255,1484,81569,12,219947
31136,0.001456,172.217.27.0-255,1484,83053,12,219947
31137,0.001458,172.31.36.0-255,66,83119,12,219947
31138,0.001482,172.217.27.0-255,2902,86021,12,219947
31139,0.001484,172.31.36.0-255,66,86087,12,219947
31140,0.00149,172.217.27.0-255,5738,91825,12,219947
31141,0.001492,172.31.36.0-255,66,91891,12,219947
31142,0.001521,172.217.27.0-255,3602,95493,12,219947
31143,0.001524,172.31.36.0-255,66,95559,12,219947
31144,0.001656,172.217.27.0-255,1484,97043,12,219947
31145,0.001679,172.217.27.0-255,1484,98527,12,219947
31146,0.001681,172.31.36.0-255,66,98593,12,219947
31147,0.001703,172.217.27.0-255,1484,100077,12,219947
31148,0.001715,172.217.27.0-255,1484,101561,12,219947
31149,0.001717,172.31.36.0-255,66,101627,12,219947
31150,0.001721,172.217.27.0-255,1484,103111,12,219947
31151,0.001747,172.217.27.0-255,1484,104595,12,219947
31152,0.001749,172.31.36.0-255,66,104661,12,219947
31153,0.001755,172.217.27.0-255,5738,110399,12,219947
31154,0.001757,172.31.36.0-255,66,110465,12,219947
31155,0.001779,172.217.27.0-255,2902,113367,12,219947
31156,0.001781,172.31.36.0-255,66,113433,12,219947
31157,0.001815,172.31.36.0-255,66,113499,12,219947
31158,0.001827,172.31.36.0-255,66,113565,12,219947
31159,0.002027,172.217.27.0-255,1484,115049,12,219947
31160,0.00203,172.217.27.0-255,1484,116533,12,219947
31161,0.002032,172.31.36.0-255,66,116599,12,219947
31162,0.002055,172.217.27.0-255,1484,118083,12,219947
31163,0.002061,172.217.27.0-255,5738,123821,12,219947
31164,0.002064,172.31.36.0-255,66,123887,12,219947
31165,0.002069,172.217.27.0-255,4320,128207,12,219947
31166,0.002071,172.31.36.0-255,66,128273,12,219947
31167,0.002077,172.217.27.0-255,5738,134011,12,219947
31168,0.002079,172.31.36.0-255,66,134077,12,219947
31169,0.00209,172.217.27.0-255,7156,141233,12,219947
31170,0.002093,172.31.36.0-255,66,141299,12,219947
31171,0.002159,172.217.27.0-255,6438,147737,12,219947
31172,0.002161,172.31.36.0-255,66,147803,12,219947
31173,0.002281,172.217.27.0-255,1484,149287,12,219947
31174,0.002292,172.217.27.0-255,2902,152189,12,219947
31175,0.002294,172.31.36.0-255,66,152255,12,219947
31176,0.002298,172.217.27.0-255,2902,155157,12,219947
31177,0.002301,172.31.36.0-255,66,155223,12,219947
31178,0.002315,172.217.27.0-255,2902,158125,12,219947
31179,0.002318,172.31.36.0-255,66,158191,12,219947
31180,0.002331,172.217.27.0-255,4320,162511,12,219947
31181,0.002333,172.31.36.0-255,66,162577,12,219947
31182,0.00238,172.31.36.0-255,66,162643,12,219947
31183,0.002389,172.31.36.0-255,66,162709,12,219947
31184,0.002394,172.217.27.0-255,5020,167729,12,219947
31185,0.002401,172.31.36.0-255,66,167795,12,219947
31186,0.002418,172.31.36.0-255,66,167861,12,219947
31187,0.002428,172.31.36.0-255,66,167927,12,219947
31188,0.002461,172.217.27.0-255,5738,173665,12,219947
31189,0.002463,172.31.36.0-255,66,173731,12,219947
31190,0.002472,172.31.36.0-255,66,173797,12,219947
31191,0.002487,172.31.36.0-255,66,173863,12,219947
31192,0.002534,172.31.36.0-255,66,173929,12,219947
31193,0.002538,172.217.27.0-255,2902,176831,12,219947
31194,0.00254,172.31.36.0-255,66,176897,12,219947
31195,0.002577,172.31.36.0-255,66,176963,12,219947
31196,0.002587,172.31.36.0-255,66,177029,12,219947
31197,0.002596,172.31.36.0-255,66,177095,12,219947
31198,0.002603,172.217.27.0-255,5738,182833,12,219947
31199,0.002604,172.31.36.0-255,66,182899,12,219947
31200,0.002635,172.217.27.0-255,5738,188637,12,219947
31201,0.002637,172.31.36.0-255,66,188703,12,219947
31202,0.002648,172.217.27.0-255,7156,195859,12,219947
31203,0.002705,172.217.27.0-255,3602,199461,12,219947
31204,0.00271,172.217.27.0-255,4320,203781,12,219947
31205,0.002716,172.217.27.0-255,4320,208101,12,219947
31206,0.002788,172.217.27.0-255,6212,214313,12,219947
31207,0.002791,172.217.27.0-255,105,214418,12,219947
31208,0.005187,172.31.36.0-255,66,214484,12,219947
31209,0.007818,172.31.36.0-255,105,214589,12,219947
31210,0.009412,172.217.27.0-255,66,214655,12,219947
31211,0.032346,172.31.36.0-255,172,214827,12,219947
31212,0.03238,172.31.36.0-255,1108,215935,12,219947
31213,0.032418,172.31.36.0-255,1514,217449,12,219947
31214,0.03242,172.31.36.0-255,1514,218963,12,219947
31215,0.032443,172.31.36.0-255,720,219683,12,219947
31216,0.03383,104.244.42.0-255,66,219749,12,219947
31217,0.033859,104.244.42.0-255,66,219815,12,219947
31218,0.033913,104.244.42.0-255,66,219881,12,219947
31219,0.033915,104.244.42.0-255,66,219947,12,219947
31220,0.0,172.217.194.0-255,152,152,12,219472
31221,3.6e-05,172.31.36.0-255,66,218,12,219472
31222,4.3e-05,172.217.194.0-255,1484,1702,12,219472
31223,4.8e-05,172.31.36.0-255,66,1768,12,219472
31224,5.3e-05,172.217.194.0-255,2902,4670,12,219472
31225,5.6e-05,172.31.36.0-255,66,4736,12,219472
31226,6e-05,172.217.194.0-255,2902,7638,12,219472
31227,6.3e-05,172.31.36.0-255,66,7704,12,219472
31228,9.5e-05,172.217.194.0-255,6337,14041,12,219472
31229,9.9e-05,172.31.36.0-255,66,14107,12,219472
31230,0.000444,172.217.194.0-255,1484,15591,12,219472
31231,0.000449,172.31.36.0-255,66,15657,12,219472
31232,0.000457,172.217.194.0-255,2902,18559,12,219472
31233,0.00046,172.31.36.0-255,66,18625,12,219472
31234,0.000465,172.217.194.0-255,2902,21527,12,219472
31235,0.000467,172.31.36.0-255,66,21593,12,219472
31236,0.000484,172.217.194.0-255,2902,24495,12,219472
31237,0.000487,172.31.36.0-255,66,24561,12,219472
31238,0.00049,172.217.194.0-255,1484,26045,12,219472
31239,0.000492,172.31.36.0-255,66,26111,12,219472
31240,0.000523,172.217.194.0-255,5379,31490,12,219472
31241,0.000527,172.31.36.0-255,66,31556,12,219472
31242,0.000554,172.217.194.0-255,1484,33040,12,219472
31243,0.000557,172.31.36.0-255,66,33106,12,219472
31244,0.000563,172.217.194.0-255,2902,36008,12,219472
31245,0.000566,172.31.36.0-255,66,36074,12,219472
31246,0.000593,172.217.194.0-255,5738,41812,12,219472
31247,0.000597,172.31.36.0-255,66,41878,12,219472
31248,0.000607,172.31.36.0-255,66,41944,12,219472
31249,0.000662,172.31.36.0-255,66,42010,12,219472
31250,0.000667,172.217.194.0-255,98,42108,12,219472
31251,0.000893,172.217.194.0-255,365,42473,12,219472
31252,0.001222,172.217.194.0-255,1484,43957,12,219472
31253,0.001228,172.31.36.0-255,66,44023,12,219472
31254,0.001234,172.217.194.0-255,2902,46925,12,219472
31255,0.001236,172.31.36.0-255,66,46991,12,219472
31256,0.001239,172.217.194.0-255,1484,48475,12,219472
31257,0.001256,172.217.194.0-255,4320,52795,12,219472
31258,0.001259,172.31.36.0-255,66,52861,12,219472
31259,0.001265,172.217.194.0-255,7156,60017,12,219472
31260,0.001268,172.31.36.0-255,66,60083,12,219472
31261,0.001301,172.31.36.0-255,66,60149,12,219472
31262,0.001305,172.217.194.0-255,2184,62333,12,219472
31263,0.001307,172.31.36.0-255,66,62399,12,219472
31264,0.001362,172.217.194.0-255,2902,65301,12,219472
31265,0.001365,172.31.36.0-255,66,65367,12,219472
31266,0.001393,172.31.36.0-255,66,65433,12,219472
31267,0.001402,172.31.36.0-255,66,65499,12,219472
31268,0.001426,172.217.194.0-255,7156,72655,12,219472
31269,0.001428,172.31.36.0-255,66,72721,12,219472
31270,0.001431,172.217.194.0-255,1484,74205,12,219472
31271,0.00145,172.217.194.0-255,2184,76389,12,219472
31272,0.001452,172.31.36.0-255,66,76455,12,219472
31273,0.001494,172.31.36.0-255,66,76521,12,219472
31274,0.001507,172.217.194.0-255,2902,79423,12,219472
31275,0.001509,172.31.36.0-255,66,79489,12,219472
31276,0.001523,172.31.36.0-255,66,79555,12,219472
31277,0.001528,172.217.194.0-255,3602,83157,12,219472
31278,0.001531,172.31.36.0-255,66,83223,12,219472
31279,0.001594,172.31.36.0-255,66,83289,12,219472
31280,0.001607,172.217.194.0-255,4320,87609,12,219472
31281,0.001609,172.31.36.0-255,66,87675,12,219472
31282,0.001613,172.217.194.0-255,2902,90577,12,219472
31283,0.001616,172.31.36.0-255,66,90643,12,219472
31284,0.001653,172.31.36.0-255,66,90709,12,219472
31285,0.001665,172.31.36.0-255,66,90775,12,219472
31286,0.001677,172.217.194.0-255,1484,92259,12,219472
31287,0.001693,172.31.36.0-255,66,92325,12,219472
31288,0.001712,172.217.194.0-255,1484,93809,12,219472
31289,0.001715,172.217.194.0-255,1484,95293,12,219472
31290,0.001717,172.31.36.0-255,66,95359,12,219472
31291,0.001736,172.217.194.0-255,1484,96843,12,219472
31292,0.001742,172.217.194.0-255,5738,102581,12,219472
31293,0.001747,172.217.194.0-255,5738,108319,12,219472
31294,0.001765,172.217.194.0-255,4320,112639,12,219472
31295,0.001787,172.217.194.0-255,2902,115541,12,219472
31296,0.001853,172.217.194.0-255,1484,117025,12,219472
31297,0.001867,172.217.194.0-255,2902,119927,12,219472
31298,0.001884,172.217.194.0-255,2902,122829,12,219472
31299,0.001898,172.217.194.0-255,2902,125731,12,219472
31300,0.001916,172.217.194.0-255,2902,128633,12,219472
31301,0.001936,172.217.194.0-255,7156,135789,12,219472
31302,0.001949,172.217.194.0-255,2902,138691,12,219472
31303,0.001972,172.217.194.0-255,4320,143011,12,219472
31304,0.001993,172.217.194.0-255,6438,149449,12,219472
31305,0.002056,172.217.194.0-255,1484,150933,12,219472
31306,0.002073,172.217.194.0-255,2902,153835,12,219472
31307,0.002095,172.217.194.0-255,5738,159573,12,219472
31308,0.002118,172.217.194.0-255,1484,161057,12,219472
31309,0.002165,172.217.194.0-255,766,161823,12,219472
31310,0.002205,172.217.194.0-255,1484,163307,12,219472
31311,0.002223,172.217.194.0-255,4320,167627,12,219472
31312,0.002234,172.217.194.0-255,1484,169111,12,219472
31313,0.002249,172.217.194.0-255,4320,173431,12,219472
31314,0.002269,172.217.194.0-255,2902,176333,12,219472
31315,0.002329,172.217.194.0-255,1484,177817,12,219472
31316,0.00393,172.31.36.0-255,66,177883,12,219472
31317,0.006219,172.217.194.0-255,5738,183621,12,219472
31318,0.006225,172.31.36.0-255,66,183687,12,219472
31319,0.00852,172.217.194.0-255,5738,189425,12,219472
31320,0.008528,172.31.36.0-255,66,189491,12,219472
31321,0.010791,172.217.194.0-255,5738,195229,12,219472
31322,0.010798,172.31.36.0-255,66,195295,12,219472
31323,0.013069,172.217.194.0-255,5738,201033,12,219472
31324,0.013075,172.31.36.0-255,66,201099,12,219472
31325,0.01535,172.217.194.0-255,5738,206837,12,219472
31326,0.015356,172.31.36.0-255,66,206903,12,219472
31327,0.017609,172.217.194.0-255,5738,212641,12,219472
31328,0.017615,172.31.36.0-255,66,212707,12,219472
31329,0.019878,172.217.194.0-255,5738,218445,12,219472
31330,0.019891,172.31.36.0-255,66,218511,12,219472
31331,0.022129,172.217.194.0-255,724,219235,12,219472
31332,0.022261,172.31.36.0-255,66,219301,12,219472
31333,0.02229,172.31.36.0-255,105,219406,12,219472
31334,0.024523,172.217.194.0-255,66,219472,12,219472
31335,0.0,74.125.68.0-255,152,152,12,279147
31336,3.5e-05,172.31.36.0-255,66,218,12,279147
31337,4.2e-05,74.125.68.0-255,1484,1702,12,279147
31338,4.6e-05,172.31.36.0-255,66,1768,12,279147
31339,5.1e-05,74.125.68.0-255,2902,4670,12,279147
31340,5.4e-05,172.31.36.0-255,66,4736,12,279147
31341,6.1e-05,74.125.68.0-255,5738,10474,12,279147
31342,6.4e-05,172.31.36.0-255,66,10540,12,279147
31343,8.9e-05,74.125.68.0-255,3405,13945,12,279147
31344,9.1e-05,172.31.36.0-255,66,14011,12,279147
31345,0.000208,74.125.68.0-255,1484,15495,12,279147
31346,0.000213,172.31.36.0-255,66,15561,12,279147
31347,0.00022,74.125.68.0-255,2902,18463,12,279147
31348,0.000222,172.31.36.0-255,66,18529,12,279147
31349,0.000235,74.125.68.0-255,1484,20013,12,279147
31350,0.000239,172.31.36.0-255,66,20079,12,279147
31351,0.000264,74.125.68.0-255,4320,24399,12,279147
31352,0.000266,172.31.36.0-255,66,24465,12,279147
31353,0.000272,74.125.68.0-255,4320,28785,12,279147
31354,0.000275,172.31.36.0-255,66,28851,12,279147
31355,0.000287,74.125.68.0-255,2543,31394,12,279147
31356,0.000289,172.31.36.0-255,66,31460,12,279147
31357,0.000311,74.125.68.0-255,7156,38616,12,279147
31358,0.000314,172.31.36.0-255,66,38682,12,279147
31359,0.000343,172.31.36.0-255,66,38748,12,279147
31360,0.00037,74.125.68.0-255,1125,39873,12,279147
31361,0.000373,172.31.36.0-255,66,39939,12,279147
31362,0.000413,74.125.68.0-255,1484,41423,12,279147
31363,0.000416,172.31.36.0-255,66,41489,12,279147
31364,0.000419,74.125.68.0-255,1484,42973,12,279147
31365,0.000423,172.31.36.0-255,66,43039,12,279147
31366,0.000438,74.125.68.0-255,2902,45941,12,279147
31367,0.000442,172.31.36.0-255,66,46007,12,279147
31368,0.000459,74.125.68.0-255,5738,51745,12,279147
31369,0.000462,172.31.36.0-255,66,51811,12,279147
31370,0.000482,74.125.68.0-255,5379,57190,12,279147
31371,0.000486,172.31.36.0-255,66,57256,12,279147
31372,0.000546,74.125.68.0-255,1484,58740,12,279147
31373,0.000552,74.125.68.0-255,2902,61642,12,279147
31374,0.000555,172.31.36.0-255,66,61708,12,279147
31375,0.000583,74.125.68.0-255,5738,67446,12,279147
31376,0.000586,172.31.36.0-255,66,67512,12,279147
31377,0.000608,74.125.68.0-255,6797,74309,12,279147
31378,0.000611,172.31.36.0-255,66,74375,12,279147
31379,0.000637,172.31.36.0-255,66,74441,12,279147
31380,0.000682,74.125.68.0-255,1484,75925,12,279147
31381,0.000706,74.125.68.0-255,6797,82722,12,279147
31382,0.00071,172.31.36.0-255,66,82788,12,279147
31383,0.002115,74.125.68.0-255,1484,84272,12,279147
31384,0.002126,74.125.68.0-255,2902,87174,12,279147
31385,0.00213,172.31.36.0-255,66,87240,12,279147
31386,0.002135,74.125.68.0-255,1484,88724,12,279147
31387,0.002156,74.125.68.0-255,4320,93044,12,279147
31388,0.002158,172.31.36.0-255,66,93110,12,279147
31389,0.002161,74.125.68.0-255,2902,96012,12,279147
31390,0.002163,172.31.36.0-255,66,96078,12,279147
31391,0.002166,74.125.68.0-255,1484,97562,12,279147
31392,0.002178,74.125.68.0-255,2902,100464,12,279147
31393,0.002179,172.31.36.0-255,66,100530,12,279147
31394,0.002184,74.125.68.0-255,2902,103432,12,279147
31395,0.002185,172.31.36.0-255,66,103498,12,279147
31396,0.0022,74.125.68.0-255,5738,109236,12,279147
31397,0.002202,172.31.36.0-255,66,109302,12,279147
31398,0.002205,74.125.68.0-255,1484,110786,12,279147
31399,0.002231,74.125.68.0-255,6438,117224,12,279147
31400,0.002233,172.31.36.0-255,66,117290,12,279147
31401,0.002258,74.125.68.0-255,1484,118774,12,279147
31402,0.002269,74.125.68.0-255,4320,123094,12,279147
31403,0.002272,172.31.36.0-255,66,123160,12,279147
31404,0.002277,74.125.68.0-255,4320,127480,12,279147
31405,0.002278,172.31.36.0-255,66,127546,12,279147
31406,0.002289,74.125.68.0-255,2902,130448,12,279147
31407,0.002291,172.31.36.0-255,66,130514,12,279147
31408,0.002294,74.125.68.0-255,1484,131998,12,279147
31409,0.002305,74.125.68.0-255,1484,133482,12,279147
31410,0.002307,172.31.36.0-255,66,133548,12,279147
31411,0.004514,74.125.68.0-255,2902,136450,12,279147
31412,0.004518,172.31.36.0-255,66,136516,12,279147
31413,0.004538,74.125.68.0-255,2902,139418,12,279147
31414,0.00454,172.31.36.0-255,66,139484,12,279147
31415,0.006771,74.125.68.0-255,5738,145222,12,279147
31416,0.006777,172.31.36.0-255,66,145288,12,279147
31417,0.009024,74.125.68.0-255,5738,151026,12,279147
31418,0.009031,172.31.36.0-255,66,151092,12,279147
31419,0.011288,74.125.68.0-255,5738,156830,12,279147
31420,0.011295,172.31.36.0-255,66,156896,12,279147
31421,0.013549,74.125.68.0-255,5738,162634,12,279147
31422,0.013559,172.31.36.0-255,66,162700,12,279147
31423,0.015799,74.125.68.0-255,5738,168438,12,279147
31424,0.015805,172.31.36.0-255,66,168504,12,279147
31425,0.018056,74.125.68.0-255,5738,174242,12,279147
31426,0.018063,172.31.36.0-255,66,174308,12,279147
31427,0.02032,74.125.68.0-255,5738,180046,12,279147
31428,0.020328,172.31.36.0-255,66,180112,12,279147
31429,0.022566,74.125.68.0-255,5738,185850,12,279147
31430,0.022573,172.31.36.0-255,66,185916,12,279147
31431,0.024818,74.125.68.0-255,5738,191654,12,279147
31432,0.024825,172.31.36.0-255,66,191720,12,279147
31433,0.024861,172.31.36.0-255,172,191892,12,279147
31434,0.024889,172.31.36.0-255,1108,193000,12,279147
31435,0.024991,172.31.36.0-255,1514,194514,12,279147
31436,0.024993,172.31.36.0-255,1299,195813,12,279147
31437,0.026416,104.244.42.0-255,66,195879,12,279147
31438,0.026441,104.244.42.0-255,66,195945,12,279147
31439,0.026531,104.244.42.0-255,66,196011,12,279147
31440,0.027058,74.125.68.0-255,2902,198913,12,279147
31441,0.027062,172.31.36.0-255,66,198979,12,279147
31442,0.027079,74.125.68.0-255,2902,201881,12,279147
31443,0.027082,172.31.36.0-255,66,201947,12,279147
31444,0.029311,74.125.68.0-255,5738,207685,12,279147
31445,0.029318,172.31.36.0-255,66,207751,12,279147
31446,0.031558,74.125.68.0-255,5738,213489,12,279147
31447,0.031564,172.31.36.0-255,66,213555,12,279147
31448,0.033802,74.125.68.0-255,5738,219293,12,279147
31449,0.033807,172.31.36.0-255,66,219359,12,279147
31450,0.036049,74.125.68.0-255,5738,225097,12,279147
31451,0.036054,172.31.36.0-255,66,225163,12,279147
31452,0.038288,74.125.68.0-255,5738,230901,12,279147
31453,0.038293,172.31.36.0-255,66,230967,12,279147
31454,0.040548,74.125.68.0-255,5738,236705,12,279147
31455,0.040556,172.31.36.0-255,66,236771,12,279147
31456,0.042811,74.125.68.0-255,4320,241091,12,279147
31457,0.042817,172.31.36.0-255,66,241157,12,279147
31458,0.042849,74.125.68.0-255,1484,242641,12,279147
31459,0.045054,74.125.68.0-255,2902,245543,12,279147
31460,0.045059,172.31.36.0-255,66,245609,12,279147
31461,0.04509,74.125.68.0-255,1484,247093,12,279147
31462,0.047301,74.125.68.0-255,2902,249995,12,279147
31463,0.047307,172.31.36.0-255,66,250061,12,279147
31464,0.047339,74.125.68.0-255,1484,251545,12,279147
31465,0.049543,74.125.68.0-255,4320,255865,12,279147
31466,0.049549,172.31.36.0-255,66,255931,12,279147
31467,0.051816,74.125.68.0-255,5738,261669,12,279147
31468,0.051821,172.31.36.0-255,66,261735,12,279147
31469,0.054074,74.125.68.0-255,5738,267473,12,279147
31470,0.054079,172.31.36.0-255,66,267539,12,279147
31471,0.056321,74.125.68.0-255,5738,273277,12,279147
31472,0.056326,172.31.36.0-255,66,273343,12,279147
31473,0.058589,74.125.68.0-255,5738,279081,12,279147
31474,0.058595,172.31.36.0-255,66,279147,12,279147
31475,0.0,74.125.68.0-255,153,153,12,357921
31476,9e-06,172.31.36.0-255,66,219,12,357921
31477,3.2e-05,74.125.68.0-255,1484,1703,12,357921
31478,3.7e-05,172.31.36.0-255,66,1769,12,357921
31479,4e-05,74.125.68.0-255,1484,3253,12,357921
31480,4.2e-05,172.31.36.0-255,66,3319,12,357921
31481,7e-05,74.125.68.0-255,2902,6221,12,357921
31482,7.3e-05,172.31.36.0-255,66,6287,12,357921
31483,8e-05,74.125.68.0-255,5738,12025,12,357921
31484,8.2e-05,172.31.36.0-255,66,12091,12,357921
31485,8.6e-05,74.125.68.0-255,1976,14067,12,357921
31486,8.9e-05,172.31.36.0-255,66,14133,12,357921
31487,0.000432,74.125.68.0-255,1484,15617,12,357921
31488,0.000439,172.31.36.0-255,66,15683,12,357921
31489,0.000445,74.125.68.0-255,2902,18585,12,357921
31490,0.000449,172.31.36.0-255,66,18651,12,357921
31491,0.000476,74.125.68.0-255,5738,24389,12,357921
31492,0.000479,172.31.36.0-255,66,24455,12,357921
31493,0.000493,74.125.68.0-255,2902,27357,12,357921
31494,0.000496,172.31.36.0-255,66,27423,12,357921
31495,0.00052,74.125.68.0-255,3961,31384,12,357921
31496,0.000523,172.31.36.0-255,66,31450,12,357921
31497,0.000628,74.125.68.0-255,1484,32934,12,357921
31498,0.000632,172.31.36.0-255,66,33000,12,357921
31499,0.000636,74.125.68.0-255,1484,34484,12,357921
31500,0.000637,172.31.36.0-255,66,34550,12,357921
31501,0.000652,74.125.68.0-255,1484,36034,12,357921
31502,0.000654,172.31.36.0-255,66,36100,12,357921
31503,0.00066,74.125.68.0-255,2902,39002,12,357921
31504,0.000662,172.31.36.0-255,66,39068,12,357921
31505,0.000679,74.125.68.0-255,2902,41970,12,357921
31506,0.000682,172.31.36.0-255,66,42036,12,357921
31507,0.000685,74.125.68.0-255,1484,43520,12,357921
31508,0.000687,172.31.36.0-255,66,43586,12,357921
31509,0.000712,74.125.68.0-255,5379,48965,12,357921
31510,0.000716,172.31.36.0-255,66,49031,12,357921
31511,0.00082,74.125.68.0-255,1484,50515,12,357921
31512,0.000824,172.31.36.0-255,66,50581,12,357921
31513,0.000829,74.125.68.0-255,2902,53483,12,357921
31514,0.000832,172.31.36.0-255,66,53549,12,357921
31515,0.000835,74.125.68.0-255,1484,55033,12,357921
31516,0.000837,172.31.36.0-255,66,55099,12,357921
31517,0.000841,74.125.68.0-255,2902,58001,12,357921
31518,0.000843,172.31.36.0-255,66,58067,12,357921
31519,0.000872,74.125.68.0-255,5738,63805,12,357921
31520,0.000875,172.31.36.0-255,66,63871,12,357921
31521,0.000895,74.125.68.0-255,2888,66759,12,357921
31522,0.000898,172.31.36.0-255,66,66825,12,357921
31523,0.001165,74.125.68.0-255,332,67157,12,357921
31524,0.00117,172.31.36.0-255,66,67223,12,357921
31525,0.001459,74.125.68.0-255,1484,68707,12,357921
31526,0.001465,172.31.36.0-255,66,68773,12,357921
31527,0.001471,74.125.68.0-255,2902,71675,12,357921
31528,0.001474,172.31.36.0-255,66,71741,12,357921
31529,0.001479,74.125.68.0-255,2902,74643,12,357921
31530,0.001481,172.31.36.0-255,66,74709,12,357921
31531,0.001509,74.125.68.0-255,2902,77611,12,357921
31532,0.001514,74.125.68.0-255,4320,81931,12,357921
31533,0.001519,74.125.68.0-255,2902,84833,12,357921
31534,0.001535,74.125.68.0-255,2543,87376,12,357921
31535,0.001615,74.125.68.0-255,5379,92755,12,357921
31536,0.002055,74.125.68.0-255,1484,94239,12,357921
31537,0.002061,74.125.68.0-255,1484,95723,12,357921
31538,0.002066,74.125.68.0-255,2902,98625,12,357921
31539,0.002077,74.125.68.0-255,1484,100109,12,357921
31540,0.0021,74.125.68.0-255,4320,104429,12,357921
31541,0.002135,74.125.68.0-255,7156,111585,12,357921
31542,0.002155,74.125.68.0-255,4320,115905,12,357921
31543,0.00218,74.125.68.0-255,2902,118807,12,357921
31544,0.002674,74.125.68.0-255,1484,120291,12,357921
31545,0.002687,74.125.68.0-255,2902,123193,12,357921
31546,0.00271,74.125.68.0-255,5738,128931,12,357921
31547,0.002714,74.125.68.0-255,2902,131833,12,357921
31548,0.002727,74.125.68.0-255,2902,134735,12,357921
31549,0.002749,74.125.68.0-255,7156,141891,12,357921
31550,0.002763,74.125.68.0-255,1484,143375,12,357921
31551,0.002874,74.125.68.0-255,1484,144859,12,357921
31552,0.002885,74.125.68.0-255,2902,147761,12,357921
31553,0.002909,74.125.68.0-255,1484,149245,12,357921
31554,0.002912,74.125.68.0-255,1484,150729,12,357921
31555,0.002914,74.125.68.0-255,1484,152213,12,357921
31556,0.002929,74.125.68.0-255,2902,155115,12,357921
31557,0.002936,74.125.68.0-255,5738,160853,12,357921
31558,0.002938,74.125.68.0-255,1484,162337,12,357921
31559,0.002972,74.125.68.0-255,2902,165239,12,357921
31560,0.003005,74.125.68.0-255,2184,167423,12,357921
31561,0.003098,74.125.68.0-255,1484,168907,12,357921
31562,0.00311,74.125.68.0-255,1484,170391,12,357921
31563,0.003121,74.125.68.0-255,1484,171875,12,357921
31564,0.003132,74.125.68.0-255,2902,174777,12,357921
31565,0.003148,74.125.68.0-255,5738,180515,12,357921
31566,0.003162,74.125.68.0-255,1484,181999,12,357921
31567,0.003165,74.125.68.0-255,1484,183483,12,357921
31568,0.003181,74.125.68.0-255,5738,189221,12,357921
31569,0.003192,74.125.68.0-255,2902,192123,12,357921
31570,0.003228,74.125.68.0-255,2902,195025,12,357921
31571,0.003244,74.125.68.0-255,6438,201463,12,357921
31572,0.003272,74.125.68.0-255,4320,205783,12,357921
31573,0.003295,74.125.68.0-255,5738,211521,12,357921
31574,0.003299,74.125.68.0-255,4320,215841,12,357921
31575,0.003336,74.125.68.0-255,5738,221579,12,357921
31576,0.003371,74.125.68.0-255,3602,225181,12,357921
31577,0.003389,74.125.68.0-255,5738,230919,12,357921
31578,0.003438,74.125.68.0-255,7156,238075,12,357921
31579,0.003451,74.125.68.0-255,5738,243813,12,357921
31580,0.003457,74.125.68.0-255,4320,248133,12,357921
31581,0.003495,74.125.68.0-255,2902,251035,12,357921
31582,0.003499,74.125.68.0-255,2902,253937,12,357921
31583,0.003514,74.125.68.0-255,1484,255421,12,357921
31584,0.003552,74.125.68.0-255,5738,261159,12,357921
31585,0.003555,74.125.68.0-255,2902,264061,12,357921
31586,0.003591,74.125.68.0-255,4320,268381,12,357921
31587,0.003608,74.125.68.0-255,5020,273401,12,357921
31588,0.003657,74.125.68.0-255,1484,274885,12,357921
31589,0.003674,74.125.68.0-255,1484,276369,12,357921
31590,0.003688,74.125.68.0-255,1484,277853,12,357921
31591,0.003691,74.125.68.0-255,1484,279337,12,357921
31592,0.003707,74.125.68.0-255,1484,280821,12,357921
31593,0.003712,74.125.68.0-255,4320,285141,12,357921
31594,0.003742,74.125.68.0-255,2902,288043,12,357921
31595,0.003764,74.125.68.0-255,5738,293781,12,357921
31596,0.003769,74.125.68.0-255,5738,299519,12,357921
31597,0.003785,74.125.68.0-255,1484,301003,12,357921
31598,0.003789,74.125.68.0-255,2902,303905,12,357921
31599,0.003793,74.125.68.0-255,1484,305389,12,357921
31600,0.003797,74.125.68.0-255,3602,308991,12,357921
31601,0.003802,74.125.68.0-255,4320,313311,12,357921
31602,0.003816,74.125.68.0-255,1484,314795,12,357921
31603,0.003827,74.125.68.0-255,2902,317697,12,357921
31604,0.003841,74.125.68.0-255,5738,323435,12,357921
31605,0.003846,74.125.68.0-255,4320,327755,12,357921
31606,0.003849,74.125.68.0-255,1484,329239,12,357921
31607,0.003861,74.125.68.0-255,4320,333559,12,357921
31608,0.003893,74.125.68.0-255,1484,335043,12,357921
31609,0.003909,74.125.68.0-255,4320,339363,12,357921
31610,0.003926,74.125.68.0-255,2184,341547,12,357921
31611,0.003959,74.125.68.0-255,5722,347269,12,357921
31612,0.003962,74.125.68.0-255,97,347366,12,357921
31613,0.004042,74.125.68.0-255,105,347471,12,357921
31614,0.00634,172.31.36.0-255,66,347537,12,357921
31615,0.008944,172.31.36.0-255,105,347642,12,357921
31616,0.01119,74.125.68.0-255,66,347708,12,357921
31617,0.041449,172.31.36.0-255,172,347880,12,357921
31618,0.041482,172.31.36.0-255,1110,348990,12,357921
31619,0.041557,172.31.36.0-255,1514,350504,12,357921
31620,0.041559,172.31.36.0-255,1514,352018,12,357921
31621,0.041561,172.31.36.0-255,1514,353532,12,357921
31622,0.041562,172.31.36.0-255,1514,355046,12,357921
31623,0.041592,172.31.36.0-255,1514,356560,12,357921
31624,0.041594,172.31.36.0-255,923,357483,12,357921
31625,0.042996,104.244.42.0-255,66,357549,12,357921
31626,0.04308,104.244.42.0-255,66,357615,12,357921
31627,0.043125,104.244.42.0-255,66,357681,12,357921
31628,0.043171,104.244.42.0-255,66,357747,12,357921
31629,0.046496,104.244.42.0-255,108,357855,12,357921
31630,0.046507,172.31.36.0-255,66,357921,12,357921
31631,0.0,172.31.36.0-255,66,66,12,66
31632,0.0,74.125.130.0-255,167,167,12,269425
31633,2.8e-05,172.31.36.0-255,66,233,12,269425
31634,3.4e-05,74.125.130.0-255,1484,1717,12,269425
31635,3.9e-05,172.31.36.0-255,66,1783,12,269425
31636,6.4e-05,74.125.130.0-255,2902,4685,12,269425
31637,6.7e-05,172.31.36.0-255,66,4751,12,269425
31638,0.000102,74.125.130.0-255,4320,9071,12,269425
31639,0.000105,172.31.36.0-255,66,9137,12,269425
31640,0.00011,74.125.130.0-255,4320,13457,12,269425
31641,0.000113,172.31.36.0-255,66,13523,12,269425
31642,0.000142,74.125.130.0-255,4911,18434,12,269425
31643,0.000145,172.31.36.0-255,66,18500,12,269425
31644,0.000177,74.125.130.0-255,7156,25656,12,269425
31645,0.000181,172.31.36.0-255,66,25722,12,269425
31646,0.000209,74.125.130.0-255,5379,31101,12,269425
31647,0.000212,172.31.36.0-255,66,31167,12,269425
31648,0.00031,74.125.130.0-255,1484,32651,12,269425
31649,0.000315,172.31.36.0-255,66,32717,12,269425
31650,0.000319,74.125.130.0-255,1484,34201,12,269425
31651,0.000321,172.31.36.0-255,66,34267,12,269425
31652,0.000345,74.125.130.0-255,1484,35751,12,269425
31653,0.000348,172.31.36.0-255,66,35817,12,269425
31654,0.000355,74.125.130.0-255,5738,41555,12,269425
31655,0.000358,172.31.36.0-255,66,41621,12,269425
31656,0.000371,74.125.130.0-255,6797,48418,12,269425
31657,0.000374,172.31.36.0-255,66,48484,12,269425
31658,0.000404,74.125.130.0-255,5738,54222,12,269425
31659,0.000408,172.31.36.0-255,66,54288,12,269425
31660,0.000436,74.125.130.0-255,4320,58608,12,269425
31661,0.00044,172.31.36.0-255,66,58674,12,269425
31662,0.000462,74.125.130.0-255,7055,65729,12,269425
31663,0.000465,172.31.36.0-255,66,65795,12,269425
31664,0.000468,74.125.130.0-255,116,65911,12,269425
31665,0.000598,74.125.130.0-255,1484,67395,12,269425
31666,0.000602,172.31.36.0-255,66,67461,12,269425
31667,0.000607,74.125.130.0-255,1484,68945,12,269425
31668,0.000628,74.125.130.0-255,1484,70429,12,269425
31669,0.000632,172.31.36.0-255,66,70495,12,269425
31670,0.000639,74.125.130.0-255,5738,76233,12,269425
31671,0.000641,172.31.36.0-255,66,76299,12,269425
31672,0.000645,74.125.130.0-255,2902,79201,12,269425
31673,0.000653,172.31.36.0-255,66,79267,12,269425
31674,0.000683,74.125.130.0-255,2902,82169,12,269425
31675,0.000686,172.31.36.0-255,66,82235,12,269425
31676,0.000694,74.125.130.0-255,6797,89032,12,269425
31677,0.000697,172.31.36.0-255,66,89098,12,269425
31678,0.000708,74.125.130.0-255,4320,93418,12,269425
31679,0.000711,172.31.36.0-255,66,93484,12,269425
31680,0.000724,74.125.130.0-255,4320,97804,12,269425
31681,0.000727,172.31.36.0-255,66,97870,12,269425
31682,0.000755,74.125.130.0-255,2543,100413,12,269425
31683,0.00076,172.31.36.0-255,66,100479,12,269425
31684,0.001795,74.125.130.0-255,1484,101963,12,269425
31685,0.001816,74.125.130.0-255,2902,104865,12,269425
31686,0.00182,172.31.36.0-255,66,104931,12,269425
31687,0.00184,74.125.130.0-255,4320,109251,12,269425
31688,0.001842,172.31.36.0-255,66,109317,12,269425
31689,0.001847,74.125.130.0-255,4320,113637,12,269425
31690,0.001848,172.31.36.0-255,66,113703,12,269425
31691,0.001863,74.125.130.0-255,1484,115187,12,269425
31692,0.001868,74.125.130.0-255,2902,118089,12,269425
31693,0.001869,172.31.36.0-255,66,118155,12,269425
31694,0.001901,172.31.36.0-255,66,118221,12,269425
31695,0.001906,74.125.130.0-255,4320,122541,12,269425
31696,0.001907,172.31.36.0-255,66,122607,12,269425
31697,0.001927,74.125.130.0-255,1484,124091,12,269425
31698,0.001938,74.125.130.0-255,2184,126275,12,269425
31699,0.001939,172.31.36.0-255,66,126341,12,269425
31700,0.004421,74.125.130.0-255,1484,127825,12,269425
31701,0.004445,74.125.130.0-255,4320,132145,12,269425
31702,0.004449,172.31.36.0-255,66,132211,12,269425
31703,0.006954,74.125.130.0-255,5738,137949,12,269425
31704,0.00696,172.31.36.0-255,66,138015,12,269425
31705,0.009483,74.125.130.0-255,5738,143753,12,269425
31706,0.009489,172.31.36.0-255,66,143819,12,269425
31707,0.012037,74.125.130.0-255,5738,149557,12,269425
31708,0.012045,172.31.36.0-255,66,149623,12,269425
31709,0.014544,74.125.130.0-255,5738,155361,12,269425
31710,0.01455,172.31.36.0-255,66,155427,12,269425
31711,0.017054,74.125.130.0-255,5738,161165,12,269425
31712,0.017061,172.31.36.0-255,66,161231,12,269425
31713,0.019572,74.125.130.0-255,5738,166969,12,269425
31714,0.019583,172.31.36.0-255,66,167035,12,269425
31715,0.02208,74.125.130.0-255,5738,172773,12,269425
31716,0.022088,172.31.36.0-255,66,172839,12,269425
31717,0.024585,74.125.130.0-255,5738,178577,12,269425
31718,0.024591,172.31.36.0-255,66,178643,12,269425
31719,0.027097,74.125.130.0-255,5738,184381,12,269425
31720,0.027104,172.31.36.0-255,66,184447,12,269425
31721,0.029606,74.125.130.0-255,5738,190185,12,269425
31722,0.029615,172.31.36.0-255,66,190251,12,269425
31723,0.032114,74.125.130.0-255,5738,195989,12,269425
31724,0.032122,172.31.36.0-255,66,196055,12,269425
31725,0.034627,74.125.130.0-255,5738,201793,12,269425
31726,0.034635,172.31.36.0-255,66,201859,12,269425
31727,0.037132,74.125.130.0-255,5738,207597,12,269425
31728,0.03714,172.31.36.0-255,66,207663,12,269425
31729,0.037228,172.31.36.0-255,172,207835,12,269425
31730,0.037253,172.31.36.0-255,1107,208942,12,269425
31731,0.037365,172.31.36.0-255,1514,210456,12,269425
31732,0.037368,172.31.36.0-255,1514,211970,12,269425
31733,0.037369,172.31.36.0-255,1514,213484,12,269425
31734,0.03737,172.31.36.0-255,1514,214998,12,269425
31735,0.037399,172.31.36.0-255,1514,216512,12,269425
31736,0.037405,172.31.36.0-255,149,216661,12,269425
31737,0.038798,104.244.42.0-255,66,216727,12,269425
31738,0.038807,104.244.42.0-255,66,216793,12,269425
31739,0.038971,104.244.42.0-255,66,216859,12,269425
31740,0.038978,104.244.42.0-255,66,216925,12,269425
31741,0.039646,74.125.130.0-255,5738,222663,12,269425
31742,0.039653,172.31.36.0-255,66,222729,12,269425
31743,0.042141,74.125.130.0-255,5738,228467,12,269425
31744,0.042146,172.31.36.0-255,66,228533,12,269425
31745,0.044647,74.125.130.0-255,5738,234271,12,269425
31746,0.044666,172.31.36.0-255,66,234337,12,269425
31747,0.047154,74.125.130.0-255,5738,240075,12,269425
31748,0.047159,172.31.36.0-255,66,240141,12,269425
31749,0.049673,74.125.130.0-255,5738,245879,12,269425
31750,0.049679,172.31.36.0-255,66,245945,12,269425
31751,0.052175,74.125.130.0-255,5738,251683,12,269425
31752,0.05218,172.31.36.0-255,66,251749,12,269425
31753,0.054665,74.125.130.0-255,5738,257487,12,269425
31754,0.054669,172.31.36.0-255,66,257553,12,269425
31755,0.057164,74.125.130.0-255,2902,260455,12,269425
31756,0.057169,172.31.36.0-255,66,260521,12,269425
31757,0.057205,74.125.130.0-255,2902,263423,12,269425
31758,0.057208,172.31.36.0-255,66,263489,12,269425
31759,0.059655,74.125.130.0-255,2902,266391,12,269425
31760,0.059659,172.31.36.0-255,66,266457,12,269425
31761,0.059689,74.125.130.0-255,2902,269359,12,269425
31762,0.059692,172.31.36.0-255,66,269425,12,269425
31763,0.0,172.217.194.0-255,153,153,12,171793
31764,2.3e-05,172.31.36.0-255,66,219,12,171793
31765,3.1e-05,172.217.194.0-255,1484,1703,12,171793
31766,3.6e-05,172.31.36.0-255,66,1769,12,171793
31767,4.1e-05,172.217.194.0-255,2902,4671,12,171793
31768,5.5e-05,172.31.36.0-255,66,4737,12,171793
31769,6.3e-05,172.217.194.0-255,7156,11893,12,171793
31770,6.6e-05,172.31.36.0-255,66,11959,12,171793
31771,8.3e-05,172.31.36.0-255,66,12025,12,171793
31772,0.000122,172.217.194.0-255,2543,14568,12,171793
31773,0.000129,172.31.36.0-255,66,14634,12,171793
31774,0.000153,172.217.194.0-255,1484,16118,12,171793
31775,0.000156,172.31.36.0-255,66,16184,12,171793
31776,0.000161,172.217.194.0-255,2902,19086,12,171793
31777,0.000164,172.31.36.0-255,66,19152,12,171793
31778,0.000199,172.217.194.0-255,5738,24890,12,171793
31779,0.000202,172.31.36.0-255,66,24956,12,171793
31780,0.000213,172.31.36.0-255,66,25022,12,171793
31781,0.000246,172.217.194.0-255,5379,30401,12,171793
31782,0.000248,172.31.36.0-255,66,30467,12,171793
31783,0.000308,172.217.194.0-255,5738,36205,12,171793
31784,0.000311,172.31.36.0-255,66,36271,12,171793
31785,0.000339,172.217.194.0-255,4252,40523,12,171793
31786,0.000342,172.31.36.0-255,66,40589,12,171793
31787,0.000345,172.217.194.0-255,364,40953,12,171793
31788,0.000347,172.31.36.0-255,66,41019,12,171793
31789,0.000377,172.217.194.0-255,1484,42503,12,171793
31790,0.000379,172.31.36.0-255,66,42569,12,171793
31791,0.000387,172.217.194.0-255,4320,46889,12,171793
31792,0.000389,172.31.36.0-255,66,46955,12,171793
31793,0.000407,172.217.194.0-255,576,47531,12,171793
31794,0.000598,172.217.194.0-255,1484,49015,12,171793
31795,0.000614,172.217.194.0-255,2902,51917,12,171793
31796,0.000621,172.217.194.0-255,4320,56237,12,171793
31797,0.000631,172.217.194.0-255,1484,57721,12,171793
31798,0.000642,172.31.36.0-255,66,57787,12,171793
31799,0.000709,172.31.36.0-255,66,57853,12,171793
31800,0.001186,172.217.194.0-255,1484,59337,12,171793
31801,0.001192,172.217.194.0-255,2902,62239,12,171793
31802,0.001196,172.31.36.0-255,66,62305,12,171793
31803,0.0012,172.217.194.0-255,1484,63789,12,171793
31804,0.001234,172.217.194.0-255,4320,68109,12,171793
31805,0.001259,172.217.194.0-255,1484,69593,12,171793
31806,0.001272,172.31.36.0-255,66,69659,12,171793
31807,0.001298,172.31.36.0-255,66,69725,12,171793
31808,0.001589,172.217.194.0-255,1484,71209,12,171793
31809,0.00161,172.217.194.0-255,2902,74111,12,171793
31810,0.001613,172.31.36.0-255,66,74177,12,171793
31811,0.001617,172.217.194.0-255,1484,75661,12,171793
31812,0.001633,172.217.194.0-255,2902,78563,12,171793
31813,0.001653,172.217.194.0-255,4320,82883,12,171793
31814,0.001673,172.31.36.0-255,66,82949,12,171793
31815,0.001678,172.217.194.0-255,1484,84433,12,171793
31816,0.001684,172.217.194.0-255,5738,90171,12,171793
31817,0.001695,172.31.36.0-255,66,90237,12,171793
31818,0.001712,172.217.194.0-255,4320,94557,12,171793
31819,0.001741,172.31.36.0-255,66,94623,12,171793
31820,0.001773,172.217.194.0-255,1484,96107,12,171793
31821,0.001789,172.217.194.0-255,2902,99009,12,171793
31822,0.001795,172.217.194.0-255,4320,103329,12,171793
31823,0.001807,172.31.36.0-255,66,103395,12,171793
31824,0.001811,172.217.194.0-255,1484,104879,12,171793
31825,0.001843,172.217.194.0-255,1484,106363,12,171793
31826,0.001857,172.217.194.0-255,4320,110683,12,171793
31827,0.001892,172.31.36.0-255,66,110749,12,171793
31828,0.001902,172.31.36.0-255,66,110815,12,171793
31829,0.001914,172.217.194.0-255,2902,113717,12,171793
31830,0.001938,172.217.194.0-255,3602,117319,12,171793
31831,0.001965,172.31.36.0-255,66,117385,12,171793
31832,0.002113,172.217.194.0-255,1484,118869,12,171793
31833,0.002117,172.217.194.0-255,1484,120353,12,171793
31834,0.002128,172.217.194.0-255,1484,121837,12,171793
31835,0.002133,172.217.194.0-255,2902,124739,12,171793
31836,0.00214,172.31.36.0-255,66,124805,12,171793
31837,0.002147,172.217.194.0-255,1484,126289,12,171793
31838,0.002183,172.31.36.0-255,66,126355,12,171793
31839,0.002242,172.31.36.0-255,66,126421,12,171793
31840,0.002297,172.217.194.0-255,1484,127905,12,171793
31841,0.002325,172.217.194.0-255,2902,130807,12,171793
31842,0.002328,172.31.36.0-255,66,130873,12,171793
31843,0.002336,172.217.194.0-255,5738,136611,12,171793
31844,0.002346,172.217.194.0-255,4320,140931,12,171793
31845,0.00236,172.217.194.0-255,1484,142415,12,171793
31846,0.002365,172.217.194.0-255,2902,145317,12,171793
31847,0.002392,172.217.194.0-255,1484,146801,12,171793
31848,0.002461,172.217.194.0-255,1484,148285,12,171793
31849,0.002484,172.217.194.0-255,5738,154023,12,171793
31850,0.002553,172.217.194.0-255,4320,158343,12,171793
31851,0.002559,172.217.194.0-255,5020,163363,12,171793
31852,0.002583,172.217.194.0-255,7156,170519,12,171793
31853,0.008503,172.31.36.0-255,66,170585,12,171793
31854,0.011072,172.217.194.0-255,105,170690,12,171793
31855,0.0115,172.31.36.0-255,66,170756,12,171793
31856,0.011544,172.31.36.0-255,105,170861,12,171793
31857,0.014136,172.217.194.0-255,66,170927,12,171793
31858,0.044158,172.31.36.0-255,172,171099,12,171793
31859,0.044191,172.31.36.0-255,562,171661,12,171793
31860,0.0457,104.244.42.0-255,66,171727,12,171793
31861,0.045734,104.244.42.0-255,66,171793,12,171793
31862,0.0,172.217.194.0-255,156,156,12,289504
31863,2.6e-05,172.31.36.0-255,66,222,12,289504
31864,3.3e-05,172.217.194.0-255,1484,1706,12,289504
31865,3.7e-05,172.31.36.0-255,66,1772,12,289504
31866,4.2e-05,172.217.194.0-255,2902,4674,12,289504
31867,4.5e-05,172.31.36.0-255,66,4740,12,289504
31868,5.2e-05,172.217.194.0-255,7156,11896,12,289504
31869,5.4e-05,172.31.36.0-255,66,11962,12,289504
31870,5.7e-05,172.217.194.0-255,2045,14007,12,289504
31871,5.9e-05,172.31.36.0-255,66,14073,12,289504
31872,0.000107,172.217.194.0-255,4320,18393,12,289504
31873,0.00011,172.31.36.0-255,66,18459,12,289504
31874,0.000126,172.217.194.0-255,5738,24197,12,289504
31875,0.000128,172.31.36.0-255,66,24263,12,289504
31876,0.000155,172.217.194.0-255,5738,30001,12,289504
31877,0.000157,172.31.36.0-255,66,30067,12,289504
31878,0.000175,172.217.194.0-255,1125,31192,12,289504
31879,0.000177,172.31.36.0-255,66,31258,12,289504
31880,0.000221,172.217.194.0-255,1484,32742,12,289504
31881,0.000224,172.31.36.0-255,66,32808,12,289504
31882,0.000245,172.217.194.0-255,2902,35710,12,289504
31883,0.000248,172.31.36.0-255,66,35776,12,289504
31884,0.000254,172.217.194.0-255,5738,41514,12,289504
31885,0.000256,172.31.36.0-255,66,41580,12,289504
31886,0.000261,172.217.194.0-255,4320,45900,12,289504
31887,0.000262,172.31.36.0-255,66,45966,12,289504
31888,0.000306,172.31.36.0-255,66,46032,12,289504
31889,0.000312,172.217.194.0-255,7088,53120,12,289504
31890,0.000314,172.31.36.0-255,66,53186,12,289504
31891,0.000335,172.217.194.0-255,98,53284,12,289504
31892,0.000338,172.31.36.0-255,66,53350,12,289504
31893,0.000342,172.217.194.0-255,364,53714,12,289504
31894,0.000478,172.217.194.0-255,1484,55198,12,289504
31895,0.000483,172.31.36.0-255,66,55264,12,289504
31896,0.000488,172.217.194.0-255,2902,58166,12,289504
31897,0.000491,172.31.36.0-255,66,58232,12,289504
31898,0.000496,172.217.194.0-255,5738,63970,12,289504
31899,0.000497,172.31.36.0-255,66,64036,12,289504
31900,0.000528,172.217.194.0-255,7156,71192,12,289504
31901,0.000531,172.31.36.0-255,66,71258,12,289504
31902,0.000537,172.217.194.0-255,4320,75578,12,289504
31903,0.000539,172.31.36.0-255,66,75644,12,289504
31904,0.000565,172.31.36.0-255,66,75710,12,289504
31905,0.00057,172.217.194.0-255,1634,77344,12,289504
31906,0.000572,172.31.36.0-255,66,77410,12,289504
31907,0.000913,172.217.194.0-255,1484,78894,12,289504
31908,0.00092,172.217.194.0-255,2902,81796,12,289504
31909,0.000924,172.31.36.0-255,66,81862,12,289504
31910,0.000929,172.217.194.0-255,2902,84764,12,289504
31911,0.00093,172.31.36.0-255,66,84830,12,289504
31912,0.000948,172.217.194.0-255,2902,87732,12,289504
31913,0.000951,172.31.36.0-255,66,87798,12,289504
31914,0.000956,172.217.194.0-255,4320,92118,12,289504
31915,0.000958,172.31.36.0-255,66,92184,12,289504
31916,0.000979,172.217.194.0-255,4320,96504,12,289504
31917,0.000981,172.31.36.0-255,66,96570,12,289504
31918,0.001005,172.217.194.0-255,2902,99472,12,289504
31919,0.001008,172.31.36.0-255,66,99538,12,289504
31920,0.001042,172.31.36.0-255,66,99604,12,289504
31921,0.001424,172.217.194.0-255,1484,101088,12,289504
31922,0.00143,172.217.194.0-255,2902,103990,12,289504
31923,0.001434,172.31.36.0-255,66,104056,12,289504
31924,0.001439,172.217.194.0-255,2902,106958,12,289504
31925,0.001441,172.31.36.0-255,66,107024,12,289504
31926,0.001456,172.217.194.0-255,2902,109926,12,289504
31927,0.001458,172.31.36.0-255,66,109992,12,289504
31928,0.001462,172.217.194.0-255,2902,112894,12,289504
31929,0.001464,172.31.36.0-255,66,112960,12,289504
31930,0.001468,172.217.194.0-255,2902,115862,12,289504
31931,0.00147,172.31.36.0-255,66,115928,12,289504
31932,0.001487,172.217.194.0-255,7156,123084,12,289504
31933,0.001489,172.31.36.0-255,66,123150,12,289504
31934,0.001512,172.217.194.0-255,7156,130306,12,289504
31935,0.001515,172.31.36.0-255,66,130372,12,289504
31936,0.001534,172.217.194.0-255,3602,133974,12,289504
31937,0.001536,172.31.36.0-255,66,134040,12,289504
31938,0.001554,172.217.194.0-255,1484,135524,12,289504
31939,0.001558,172.217.194.0-255,2902,138426,12,289504
31940,0.00156,172.31.36.0-255,66,138492,12,289504
31941,0.001564,172.217.194.0-255,2902,141394,12,289504
31942,0.001566,172.31.36.0-255,66,141460,12,289504
31943,0.001584,172.217.194.0-255,2902,144362,12,289504
31944,0.001587,172.31.36.0-255,66,144428,12,289504
31945,0.001621,172.217.194.0-255,1484,145912,12,289504
31946,0.001648,172.31.36.0-255,66,145978,12,289504
31947,0.001659,172.31.36.0-255,66,146044,12,289504
31948,0.001664,172.217.194.0-255,4320,150364,12,289504
31949,0.001666,172.31.36.0-255,66,150430,12,289504
31950,0.0017,172.31.36.0-255,66,150496,12,289504
31951,0.001746,172.31.36.0-255,66,150562,12,289504
31952,0.001793,172.217.194.0-255,1484,152046,12,289504
31953,0.001797,172.217.194.0-255,1484,153530,12,289504
31954,0.0018,172.31.36.0-255,66,153596,12,289504
31955,0.001812,172.217.194.0-255,1484,155080,12,289504
31956,0.001818,172.217.194.0-255,5738,160818,12,289504
31957,0.00182,172.31.36.0-255,66,160884,12,289504
31958,0.001858,172.31.36.0-255,66,160950,12,289504
31959,0.001879,172.217.194.0-255,1484,162434,12,289504
31960,0.001893,172.31.36.0-255,66,162500,12,289504
31961,0.001977,172.217.194.0-255,1484,163984,12,289504
31962,0.001981,172.217.194.0-255,2902,166886,12,289504
31963,0.001984,172.31.36.0-255,66,166952,12,289504
31964,0.001987,172.217.194.0-255,2902,169854,12,289504
31965,0.001989,172.31.36.0-255,66,169920,12,289504
31966,0.002004,172.217.194.0-255,2902,172822,12,289504
31967,0.002006,172.31.36.0-255,66,172888,12,289504
31968,0.002015,172.31.36.0-255,66,172954,12,289504
31969,0.002047,172.217.194.0-255,4320,177274,12,289504
31970,0.00205,172.31.36.0-255,66,177340,12,289504
31971,0.002059,172.31.36.0-255,66,177406,12,289504
31972,0.004089,172.217.194.0-255,5738,183144,12,289504
31973,0.004095,172.31.36.0-255,66,183210,12,289504
31974,0.006141,172.217.194.0-255,4320,187530,12,289504
31975,0.006144,172.31.36.0-255,66,187596,12,289504
31976,0.006159,172.217.194.0-255,1484,189080,12,289504
31977,0.008199,172.217.194.0-255,4320,193400,12,289504
31978,0.008207,172.31.36.0-255,66,193466,12,289504
31979,0.010249,172.217.194.0-255,5738,199204,12,289504
31980,0.010255,172.31.36.0-255,66,199270,12,289504
31981,0.012295,172.217.194.0-255,5738,205008,12,289504
31982,0.012303,172.31.36.0-255,66,205074,12,289504
31983,0.014322,172.217.194.0-255,5738,210812,12,289504
31984,0.01433,172.31.36.0-255,66,210878,12,289504
31985,0.016368,172.217.194.0-255,5738,216616,12,289504
31986,0.016374,172.31.36.0-255,66,216682,12,289504
31987,0.018404,172.217.194.0-255,5738,222420,12,289504
31988,0.018409,172.31.36.0-255,66,222486,12,289504
31989,0.020456,172.217.194.0-255,5738,228224,12,289504
31990,0.020463,172.31.36.0-255,66,228290,12,289504
31991,0.022484,172.217.194.0-255,5738,234028,12,289504
31992,0.02249,172.31.36.0-255,66,234094,12,289504
31993,0.024552,172.217.194.0-255,5738,239832,12,289504
31994,0.024559,172.31.36.0-255,66,239898,12,289504
31995,0.026566,172.217.194.0-255,5738,245636,12,289504
31996,0.026573,172.31.36.0-255,66,245702,12,289504
31997,0.026598,172.31.36.0-255,172,245874,12,289504
31998,0.026626,172.31.36.0-255,1106,246980,12,289504
31999,0.026731,172.31.36.0-255,1514,248494,12,289504
32000,0.026733,172.31.36.0-255,1303,249797,12,289504
32001,0.028093,104.244.42.0-255,66,249863,12,289504
32002,0.028112,104.244.42.0-255,66,249929,12,289504
32003,0.028236,104.244.42.0-255,66,249995,12,289504
32004,0.028626,172.217.194.0-255,2902,252897,12,289504
32005,0.02863,172.31.36.0-255,66,252963,12,289504
32006,0.028657,172.217.194.0-255,2902,255865,12,289504
32007,0.02866,172.31.36.0-255,66,255931,12,289504
32008,0.030682,172.217.194.0-255,5738,261669,12,289504
32009,0.030687,172.31.36.0-255,66,261735,12,289504
32010,0.032729,172.217.194.0-255,5738,267473,12,289504
32011,0.032735,172.31.36.0-255,66,267539,12,289504
32012,0.034773,172.217.194.0-255,5738,273277,12,289504
32013,0.034779,172.31.36.0-255,66,273343,12,289504
32014,0.036821,172.217.194.0-255,5738,279081,12,289504
32015,0.036828,172.31.36.0-255,66,279147,12,289504
32016,0.038851,172.217.194.0-255,5738,284885,12,289504
32017,0.038856,172.31.36.0-255,66,284951,12,289504
32018,0.040886,172.217.194.0-255,4316,289267,12,289504
32019,0.040891,172.31.36.0-255,66,289333,12,289504
32020,0.041089,172.31.36.0-255,105,289438,12,289504
32021,0.043117,172.217.194.0-255,66,289504,12,289504
32022,0.0,74.125.24.0-255,149,149,12,237186
32023,2.2e-05,172.31.36.0-255,66,215,12,237186
32024,2.8e-05,74.125.24.0-255,1484,1699,12,237186
32025,3.3e-05,172.31.36.0-255,66,1765,12,237186
32026,3.8e-05,74.125.24.0-255,2902,4667,12,237186
32027,4e-05,172.31.36.0-255,66,4733,12,237186
32028,4.6e-05,74.125.24.0-255,4320,9053,12,237186
32029,4.9e-05,172.31.36.0-255,66,9119,12,237186
32030,0.000114,74.125.24.0-255,4320,13439,12,237186
32031,0.000117,172.31.36.0-255,66,13505,12,237186
32032,0.000129,74.125.24.0-255,586,14091,12,237186
32033,0.000132,172.31.36.0-255,66,14157,12,237186
32034,0.000237,74.125.24.0-255,1484,15641,12,237186
32035,0.000242,172.31.36.0-255,66,15707,12,237186
32036,0.000249,74.125.24.0-255,2902,18609,12,237186
32037,0.000252,172.31.36.0-255,66,18675,12,237186
32038,0.000258,74.125.24.0-255,5738,24413,12,237186
32039,0.00026,172.31.36.0-255,66,24479,12,237186
32040,0.000296,74.125.24.0-255,2902,27381,12,237186
32041,0.000299,172.31.36.0-255,66,27447,12,237186
32042,0.000313,74.125.24.0-255,3961,31408,12,237186
32043,0.000316,172.31.36.0-255,66,31474,12,237186
32044,0.000322,74.125.24.0-255,5738,37212,12,237186
32045,0.000324,172.31.36.0-255,66,37278,12,237186
32046,0.000355,74.125.24.0-255,1484,38762,12,237186
32047,0.000358,172.31.36.0-255,66,38828,12,237186
32048,0.00037,172.31.36.0-255,66,38894,12,237186
32049,0.000396,74.125.24.0-255,1484,40378,12,237186
32050,0.000399,172.31.36.0-255,66,40444,12,237186
32051,0.000415,172.31.36.0-255,66,40510,12,237186
32052,0.00044,74.125.24.0-255,412,40922,12,237186
32053,0.000545,74.125.24.0-255,1484,42406,12,237186
32054,0.000551,172.31.36.0-255,66,42472,12,237186
32055,0.000556,74.125.24.0-255,2902,45374,12,237186
32056,0.000559,172.31.36.0-255,66,45440,12,237186
32057,0.000563,74.125.24.0-255,2902,48342,12,237186
32058,0.000565,172.31.36.0-255,66,48408,12,237186
32059,0.000601,74.125.24.0-255,2902,51310,12,237186
32060,0.000605,172.31.36.0-255,66,51376,12,237186
32061,0.000618,172.31.36.0-255,66,51442,12,237186
32062,0.00063,172.31.36.0-255,66,51508,12,237186
32063,0.000633,74.125.24.0-255,333,51841,12,237186
32064,0.000893,74.125.24.0-255,1484,53325,12,237186
32065,0.000899,172.31.36.0-255,66,53391,12,237186
32066,0.000905,74.125.24.0-255,2902,56293,12,237186
32067,0.000908,172.31.36.0-255,66,56359,12,237186
32068,0.000913,74.125.24.0-255,2902,59261,12,237186
32069,0.000915,172.31.36.0-255,66,59327,12,237186
32070,0.00094,74.125.24.0-255,2902,62229,12,237186
32071,0.000944,172.31.36.0-255,66,62295,12,237186
32072,0.000948,74.125.24.0-255,2902,65197,12,237186
32073,0.000951,172.31.36.0-255,66,65263,12,237186
32074,0.000962,172.31.36.0-255,66,65329,12,237186
32075,0.00098,74.125.24.0-255,1484,66813,12,237186
32076,0.001002,74.125.24.0-255,5738,72551,12,237186
32077,0.001006,172.31.36.0-255,66,72617,12,237186
32078,0.001026,74.125.24.0-255,1484,74101,12,237186
32079,0.001046,74.125.24.0-255,2184,76285,12,237186
32080,0.001049,172.31.36.0-255,66,76351,12,237186
32081,0.003043,74.125.24.0-255,1484,77835,12,237186
32082,0.003122,74.125.24.0-255,4320,82155,12,237186
32083,0.003128,172.31.36.0-255,66,82221,12,237186
32084,0.005144,74.125.24.0-255,5738,87959,12,237186
32085,0.005148,172.31.36.0-255,66,88025,12,237186
32086,0.007161,74.125.24.0-255,4320,92345,12,237186
32087,0.007168,172.31.36.0-255,66,92411,12,237186
32088,0.007188,74.125.24.0-255,1484,93895,12,237186
32089,0.009228,74.125.24.0-255,4320,98215,12,237186
32090,0.009236,172.31.36.0-255,66,98281,12,237186
32091,0.011266,74.125.24.0-255,5738,104019,12,237186
32092,0.011275,172.31.36.0-255,66,104085,12,237186
32093,0.013345,74.125.24.0-255,5738,109823,12,237186
32094,0.013354,172.31.36.0-255,66,109889,12,237186
32095,0.015417,74.125.24.0-255,4320,114209,12,237186
32096,0.015426,172.31.36.0-255,66,114275,12,237186
32097,0.015448,74.125.24.0-255,1484,115759,12,237186
32098,0.017505,74.125.24.0-255,4320,120079,12,237186
32099,0.017518,172.31.36.0-255,66,120145,12,237186
32100,0.019579,74.125.24.0-255,5738,125883,12,237186
32101,0.019586,172.31.36.0-255,66,125949,12,237186
32102,0.021636,74.125.24.0-255,5738,131687,12,237186
32103,0.021642,172.31.36.0-255,66,131753,12,237186
32104,0.023721,74.125.24.0-255,5738,137491,12,237186
32105,0.023728,172.31.36.0-255,66,137557,12,237186
32106,0.025101,172.31.36.0-255,172,137729,12,237186
32107,0.025143,172.31.36.0-255,1107,138836,12,237186
32108,0.025214,172.31.36.0-255,1514,140350,12,237186
32109,0.025217,172.31.36.0-255,1300,141650,12,237186
32110,0.025762,74.125.24.0-255,5738,147388,12,237186
32111,0.025768,172.31.36.0-255,66,147454,12,237186
32112,0.026627,104.244.42.0-255,66,147520,12,237186
32113,0.026672,104.244.42.0-255,66,147586,12,237186
32114,0.026767,104.244.42.0-255,66,147652,12,237186
32115,0.027793,74.125.24.0-255,2902,150554,12,237186
32116,0.027798,172.31.36.0-255,66,150620,12,237186
32117,0.027848,74.125.24.0-255,2902,153522,12,237186
32118,0.02785,172.31.36.0-255,66,153588,12,237186
32119,0.029948,74.125.24.0-255,4320,157908,12,237186
32120,0.029953,172.31.36.0-255,66,157974,12,237186
32121,0.029983,74.125.24.0-255,1484,159458,12,237186
32122,0.032017,74.125.24.0-255,4320,163778,12,237186
32123,0.032023,172.31.36.0-255,66,163844,12,237186
32124,0.034044,74.125.24.0-255,4320,168164,12,237186
32125,0.034049,172.31.36.0-255,66,168230,12,237186
32126,0.034079,74.125.24.0-255,1484,169714,12,237186
32127,0.036115,74.125.24.0-255,4320,174034,12,237186
32128,0.03612,172.31.36.0-255,66,174100,12,237186
32129,0.038159,74.125.24.0-255,4320,178420,12,237186
32130,0.038164,172.31.36.0-255,66,178486,12,237186
32131,0.038194,74.125.24.0-255,1484,179970,12,237186
32132,0.040235,74.125.24.0-255,4320,184290,12,237186
32133,0.040241,172.31.36.0-255,66,184356,12,237186
32134,0.042287,74.125.24.0-255,5738,190094,12,237186
32135,0.042293,172.31.36.0-255,66,190160,12,237186
32136,0.044328,74.125.24.0-255,5738,195898,12,237186
32137,0.044335,172.31.36.0-255,66,195964,12,237186
32138,0.046399,74.125.24.0-255,5738,201702,12,237186
32139,0.046404,172.31.36.0-255,66,201768,12,237186
32140,0.048469,74.125.24.0-255,5738,207506,12,237186
32141,0.048475,172.31.36.0-255,66,207572,12,237186
32142,0.050531,74.125.24.0-255,5738,213310,12,237186
32143,0.050536,172.31.36.0-255,66,213376,12,237186
32144,0.052581,74.125.24.0-255,2902,216278,12,237186
32145,0.052586,172.31.36.0-255,66,216344,12,237186
32146,0.052613,74.125.24.0-255,2902,219246,12,237186
32147,0.052616,172.31.36.0-255,66,219312,12,237186
32148,0.054717,74.125.24.0-255,1484,220796,12,237186
32149,0.054749,74.125.24.0-255,1484,222280,12,237186
32150,0.054753,172.31.36.0-255,66,222346,12,237186
32151,0.05479,74.125.24.0-255,2902,225248,12,237186
32152,0.054795,172.31.36.0-255,66,225314,12,237186
32153,0.056823,74.125.24.0-255,2902,228216,12,237186
32154,0.056828,172.31.36.0-255,66,228282,12,237186
32155,0.056876,74.125.24.0-255,2902,231184,12,237186
32156,0.05688,172.31.36.0-255,66,231250,12,237186
32157,0.058883,74.125.24.0-255,2902,234152,12,237186
32158,0.058889,172.31.36.0-255,66,234218,12,237186
32159,0.058979,74.125.24.0-255,2902,237120,12,237186
32160,0.058985,172.31.36.0-255,66,237186,12,237186
32161,0.0,172.217.194.0-255,153,153,12,251044
32162,3.6e-05,172.31.36.0-255,66,219,12,251044
32163,4.4e-05,172.217.194.0-255,1484,1703,12,251044
32164,4.8e-05,172.31.36.0-255,66,1769,12,251044
32165,5.3e-05,172.217.194.0-255,2902,4671,12,251044
32166,5.5e-05,172.31.36.0-255,66,4737,12,251044
32167,7.1e-05,172.217.194.0-255,7156,11893,12,251044
32168,7.4e-05,172.31.36.0-255,66,11959,12,251044
32169,7.9e-05,172.217.194.0-255,2017,13976,12,251044
32170,8.2e-05,172.31.36.0-255,66,14042,12,251044
32171,0.000128,172.217.194.0-255,1484,15526,12,251044
32172,0.00013,172.31.36.0-255,66,15592,12,251044
32173,0.000136,172.217.194.0-255,2902,18494,12,251044
32174,0.000138,172.31.36.0-255,66,18560,12,251044
32175,0.000151,172.217.194.0-255,5738,24298,12,251044
32176,0.000154,172.31.36.0-255,66,24364,12,251044
32177,0.000182,172.217.194.0-255,6797,31161,12,251044
32178,0.000192,172.31.36.0-255,66,31227,12,251044
32179,0.000221,172.217.194.0-255,7156,38383,12,251044
32180,0.000225,172.31.36.0-255,66,38449,12,251044
32181,0.000237,172.31.36.0-255,66,38515,12,251044
32182,0.000294,172.217.194.0-255,1125,39640,12,251044
32183,0.000298,172.31.36.0-255,66,39706,12,251044
32184,0.000302,172.217.194.0-255,1484,41190,12,251044
32185,0.000304,172.31.36.0-255,66,41256,12,251044
32186,0.00031,172.217.194.0-255,4320,45576,12,251044
32187,0.000312,172.31.36.0-255,66,45642,12,251044
32188,0.000331,172.31.36.0-255,66,45708,12,251044
32189,0.000333,172.217.194.0-255,1125,46833,12,251044
32190,0.000335,172.31.36.0-255,66,46899,12,251044
32191,0.000358,172.217.194.0-255,647,47546,12,251044
32192,0.00046,172.217.194.0-255,1484,49030,12,251044
32193,0.000464,172.31.36.0-255,66,49096,12,251044
32194,0.00047,172.217.194.0-255,2902,51998,12,251044
32195,0.000472,172.31.36.0-255,66,52064,12,251044
32196,0.000485,172.217.194.0-255,5738,57802,12,251044
32197,0.000488,172.31.36.0-255,66,57868,12,251044
32198,0.000491,172.217.194.0-255,1484,59352,12,251044
32199,0.000555,172.217.194.0-255,4829,64181,12,251044
32200,0.00056,172.31.36.0-255,66,64247,12,251044
32201,0.00087,172.217.194.0-255,1484,65731,12,251044
32202,0.000886,172.217.194.0-255,2902,68633,12,251044
32203,0.00089,172.31.36.0-255,66,68699,12,251044
32204,0.000893,172.217.194.0-255,1484,70183,12,251044
32205,0.000918,172.217.194.0-255,4320,74503,12,251044
32206,0.000922,172.31.36.0-255,66,74569,12,251044
32207,0.000935,172.31.36.0-255,66,74635,12,251044
32208,0.000971,172.217.194.0-255,1484,76119,12,251044
32209,0.000985,172.31.36.0-255,66,76185,12,251044
32210,0.00144,172.217.194.0-255,1484,77669,12,251044
32211,0.00145,172.217.194.0-255,2902,80571,12,251044
32212,0.001455,172.31.36.0-255,66,80637,12,251044
32213,0.001461,172.217.194.0-255,2902,83539,12,251044
32214,0.001463,172.31.36.0-255,66,83605,12,251044
32215,0.001488,172.217.194.0-255,2902,86507,12,251044
32216,0.001492,172.31.36.0-255,66,86573,12,251044
32217,0.001505,172.31.36.0-255,66,86639,12,251044
32218,0.001524,172.31.36.0-255,66,86705,12,251044
32219,0.003531,172.217.194.0-255,5738,92443,12,251044
32220,0.003537,172.31.36.0-255,66,92509,12,251044
32221,0.00556,172.217.194.0-255,4320,96829,12,251044
32222,0.005563,172.31.36.0-255,66,96895,12,251044
32223,0.005589,172.217.194.0-255,1484,98379,12,251044
32224,0.007577,172.217.194.0-255,4320,102699,12,251044
32225,0.007585,172.31.36.0-255,66,102765,12,251044
32226,0.009613,172.217.194.0-255,5738,108503,12,251044
32227,0.009621,172.31.36.0-255,66,108569,12,251044
32228,0.011656,172.217.194.0-255,5738,114307,12,251044
32229,0.011664,172.31.36.0-255,66,114373,12,251044
32230,0.013667,172.217.194.0-255,5738,120111,12,251044
32231,0.013676,172.31.36.0-255,66,120177,12,251044
32232,0.015693,172.217.194.0-255,5738,125915,12,251044
32233,0.015702,172.31.36.0-255,66,125981,12,251044
32234,0.017733,172.217.194.0-255,5738,131719,12,251044
32235,0.01774,172.31.36.0-255,66,131785,12,251044
32236,0.019764,172.217.194.0-255,5738,137523,12,251044
32237,0.01977,172.31.36.0-255,66,137589,12,251044
32238,0.021813,172.217.194.0-255,5738,143327,12,251044
32239,0.021819,172.31.36.0-255,66,143393,12,251044
32240,0.023856,172.217.194.0-255,5738,149131,12,251044
32241,0.023864,172.31.36.0-255,66,149197,12,251044
32242,0.025866,172.217.194.0-255,5738,154935,12,251044
32243,0.025874,172.31.36.0-255,66,155001,12,251044
32244,0.027887,172.217.194.0-255,5738,160739,12,251044
32245,0.027893,172.31.36.0-255,66,160805,12,251044
32246,0.028099,172.31.36.0-255,172,160977,12,251044
32247,0.028128,172.31.36.0-255,1109,162086,12,251044
32248,0.028188,172.31.36.0-255,1514,163600,12,251044
32249,0.02819,172.31.36.0-255,1298,164898,12,251044
32250,0.029655,104.244.42.0-255,66,164964,12,251044
32251,0.029664,104.244.42.0-255,66,165030,12,251044
32252,0.02976,104.244.42.0-255,66,165096,12,251044
32253,0.029946,172.217.194.0-255,5738,170834,12,251044
32254,0.029951,172.31.36.0-255,66,170900,12,251044
32255,0.030457,104.244.42.0-255,108,171008,12,251044
32256,0.030479,172.31.36.0-255,66,171074,12,251044
32257,0.031967,172.217.194.0-255,5738,176812,12,251044
32258,0.031971,172.31.36.0-255,66,176878,12,251044
32259,0.033975,172.217.194.0-255,5738,182616,12,251044
32260,0.03398,172.31.36.0-255,66,182682,12,251044
32261,0.035991,172.217.194.0-255,5738,188420,12,251044
32262,0.036011,172.31.36.0-255,66,188486,12,251044
32263,0.038032,172.217.194.0-255,5738,194224,12,251044
32264,0.038037,172.31.36.0-255,66,194290,12,251044
32265,0.040047,172.217.194.0-255,4320,198610,12,251044
32266,0.040052,172.31.36.0-255,66,198676,12,251044
32267,0.040081,172.217.194.0-255,1484,200160,12,251044
32268,0.042067,172.217.194.0-255,4320,204480,12,251044
32269,0.042072,172.31.36.0-255,66,204546,12,251044
32270,0.044082,172.217.194.0-255,5738,210284,12,251044
32271,0.044088,172.31.36.0-255,66,210350,12,251044
32272,0.046126,172.217.194.0-255,5738,216088,12,251044
32273,0.046132,172.31.36.0-255,66,216154,12,251044
32274,0.048166,172.217.194.0-255,5738,221892,12,251044
32275,0.048172,172.31.36.0-255,66,221958,12,251044
32276,0.050189,172.217.194.0-255,1484,223442,12,251044
32277,0.050222,172.217.194.0-255,4320,227762,12,251044
32278,0.050226,172.31.36.0-255,66,227828,12,251044
32279,0.052263,172.217.194.0-255,5738,233566,12,251044
32280,0.052269,172.31.36.0-255,66,233632,12,251044
32281,0.054304,172.217.194.0-255,5738,239370,12,251044
32282,0.054314,172.31.36.0-255,66,239436,12,251044
32283,0.056329,172.217.194.0-255,5738,245174,12,251044
32284,0.05634,172.31.36.0-255,66,245240,12,251044
32285,0.058361,172.217.194.0-255,5738,250978,12,251044
32286,0.058371,172.31.36.0-255,66,251044,12,251044
32287,0.0,74.125.200.0-255,153,153,12,353578
32288,2.2e-05,172.31.36.0-255,66,219,12,353578
32289,2.8e-05,74.125.200.0-255,1484,1703,12,353578
32290,3.3e-05,172.31.36.0-255,66,1769,12,353578
32291,3.9e-05,74.125.200.0-255,2902,4671,12,353578
32292,4.3e-05,172.31.36.0-255,66,4737,12,353578
32293,4.6e-05,74.125.200.0-255,1484,6221,12,353578
32294,4.8e-05,172.31.36.0-255,66,6287,12,353578
32295,8.4e-05,74.125.200.0-255,4320,10607,12,353578
32296,8.8e-05,172.31.36.0-255,66,10673,12,353578
32297,9.6e-05,74.125.200.0-255,6303,16976,12,353578
32298,9.9e-05,172.31.36.0-255,66,17042,12,353578
32299,0.000104,74.125.200.0-255,4320,21362,12,353578
32300,0.000106,172.31.36.0-255,66,21428,12,353578
32301,0.000112,74.125.200.0-255,4320,25748,12,353578
32302,0.000114,172.31.36.0-255,66,25814,12,353578
32303,0.000133,74.125.200.0-255,1484,27298,12,353578
32304,0.000136,172.31.36.0-255,66,27364,12,353578
32305,0.000156,74.125.200.0-255,3961,31325,12,353578
32306,0.000159,172.31.36.0-255,66,31391,12,353578
32307,0.000236,74.125.200.0-255,1484,32875,12,353578
32308,0.000239,172.31.36.0-255,66,32941,12,353578
32309,0.000243,74.125.200.0-255,1484,34425,12,353578
32310,0.000246,172.31.36.0-255,66,34491,12,353578
32311,0.000251,74.125.200.0-255,2902,37393,12,353578
32312,0.000254,172.31.36.0-255,66,37459,12,353578
32313,0.000286,74.125.200.0-255,5738,43197,12,353578
32314,0.00029,172.31.36.0-255,66,43263,12,353578
32315,0.000294,74.125.200.0-255,2902,46165,12,353578
32316,0.000297,172.31.36.0-255,66,46231,12,353578
32317,0.000315,74.125.200.0-255,2543,48774,12,353578
32318,0.000317,172.31.36.0-255,66,48840,12,353578
32319,0.000324,74.125.200.0-255,5738,54578,12,353578
32320,0.000326,172.31.36.0-255,66,54644,12,353578
32321,0.000345,74.125.200.0-255,1484,56128,12,353578
32322,0.000372,172.31.36.0-255,66,56194,12,353578
32323,0.000648,74.125.200.0-255,647,56841,12,353578
32324,0.000796,74.125.200.0-255,1484,58325,12,353578
32325,0.000801,172.31.36.0-255,66,58391,12,353578
32326,0.000807,74.125.200.0-255,2902,61293,12,353578
32327,0.00081,172.31.36.0-255,66,61359,12,353578
32328,0.000828,74.125.200.0-255,5738,67097,12,353578
32329,0.00083,172.31.36.0-255,66,67163,12,353578
32330,0.000861,74.125.200.0-255,1484,68647,12,353578
32331,0.000881,172.31.36.0-255,66,68713,12,353578
32332,0.000903,74.125.200.0-255,2902,71615,12,353578
32333,0.000905,172.31.36.0-255,66,71681,12,353578
32334,0.000911,74.125.200.0-255,4320,76001,12,353578
32335,0.000913,172.31.36.0-255,66,76067,12,353578
32336,0.000921,74.125.200.0-255,6438,82505,12,353578
32337,0.000923,172.31.36.0-255,66,82571,12,353578
32338,0.001095,74.125.200.0-255,1484,84055,12,353578
32339,0.0011,74.125.200.0-255,1484,85539,12,353578
32340,0.001103,172.31.36.0-255,66,85605,12,353578
32341,0.001126,74.125.200.0-255,1484,87089,12,353578
32342,0.001131,74.125.200.0-255,4320,91409,12,353578
32343,0.001134,172.31.36.0-255,66,91475,12,353578
32344,0.001138,74.125.200.0-255,1484,92959,12,353578
32345,0.001161,74.125.200.0-255,7156,100115,12,353578
32346,0.001164,172.31.36.0-255,66,100181,12,353578
32347,0.001174,172.31.36.0-255,66,100247,12,353578
32348,0.001215,74.125.200.0-255,4320,104567,12,353578
32349,0.001219,172.31.36.0-255,66,104633,12,353578
32350,0.001241,74.125.200.0-255,3602,108235,12,353578
32351,0.001245,172.31.36.0-255,66,108301,12,353578
32352,0.001266,74.125.200.0-255,5738,114039,12,353578
32353,0.001269,172.31.36.0-255,66,114105,12,353578
32354,0.001305,74.125.200.0-255,1484,115589,12,353578
32355,0.001321,74.125.200.0-255,5738,121327,12,353578
32356,0.001335,172.31.36.0-255,66,121393,12,353578
32357,0.001373,74.125.200.0-255,7156,128549,12,353578
32358,0.00138,172.31.36.0-255,66,128615,12,353578
32359,0.001393,74.125.200.0-255,2184,130799,12,353578
32360,0.001396,172.31.36.0-255,66,130865,12,353578
32361,0.001678,74.125.200.0-255,1484,132349,12,353578
32362,0.001682,74.125.200.0-255,1484,133833,12,353578
32363,0.001685,172.31.36.0-255,66,133899,12,353578
32364,0.001708,74.125.200.0-255,1484,135383,12,353578
32365,0.001715,74.125.200.0-255,5738,141121,12,353578
32366,0.001717,172.31.36.0-255,66,141187,12,353578
32367,0.001722,74.125.200.0-255,2902,144089,12,353578
32368,0.001724,172.31.36.0-255,66,144155,12,353578
32369,0.001727,74.125.200.0-255,1484,145639,12,353578
32370,0.001746,74.125.200.0-255,2902,148541,12,353578
32371,0.001749,172.31.36.0-255,66,148607,12,353578
32372,0.001761,74.125.200.0-255,1484,150091,12,353578
32373,0.001782,172.31.36.0-255,66,150157,12,353578
32374,0.001815,74.125.200.0-255,2902,153059,12,353578
32375,0.001829,172.31.36.0-255,66,153125,12,353578
32376,0.001834,74.125.200.0-255,3602,156727,12,353578
32377,0.001839,172.31.36.0-255,66,156793,12,353578
32378,0.001859,74.125.200.0-255,1484,158277,12,353578
32379,0.001883,74.125.200.0-255,5738,164015,12,353578
32380,0.001886,172.31.36.0-255,66,164081,12,353578
32381,0.001915,172.31.36.0-255,66,164147,12,353578
32382,0.001921,74.125.200.0-255,5738,169885,12,353578
32383,0.001926,172.31.36.0-255,66,169951,12,353578
32384,0.001965,172.31.36.0-255,66,170017,12,353578
32385,0.001973,74.125.200.0-255,1484,171501,12,353578
32386,0.001991,74.125.200.0-255,2184,173685,12,353578
32387,0.001999,172.31.36.0-255,66,173751,12,353578
32388,0.002014,74.125.200.0-255,4320,178071,12,353578
32389,0.002029,172.31.36.0-255,66,178137,12,353578
32390,0.002035,74.125.200.0-255,4320,182457,12,353578
32391,0.002037,74.125.200.0-255,1484,183941,12,353578
32392,0.002043,172.31.36.0-255,66,184007,12,353578
32393,0.002059,74.125.200.0-255,4320,188327,12,353578
32394,0.002067,74.125.200.0-255,7156,195483,12,353578
32395,0.002085,74.125.200.0-255,4320,199803,12,353578
32396,0.00209,74.125.200.0-255,4320,204123,12,353578
32397,0.002124,74.125.200.0-255,5738,209861,12,353578
32398,0.002147,74.125.200.0-255,766,210627,12,353578
32399,0.002154,74.125.200.0-255,7156,217783,12,353578
32400,0.002171,74.125.200.0-255,4320,222103,12,353578
32401,0.002183,74.125.200.0-255,4320,226423,12,353578
32402,0.002203,74.125.200.0-255,4320,230743,12,353578
32403,0.002225,74.125.200.0-255,5738,236481,12,353578
32404,0.002231,74.125.200.0-255,5020,241501,12,353578
32405,0.007598,172.31.36.0-255,66,241567,12,353578
32406,0.010203,74.125.200.0-255,5738,247305,12,353578
32407,0.010211,172.31.36.0-255,66,247371,12,353578
32408,0.012793,74.125.200.0-255,5738,253109,12,353578
32409,0.012802,172.31.36.0-255,66,253175,12,353578
32410,0.015378,74.125.200.0-255,5738,258913,12,353578
32411,0.015386,172.31.36.0-255,66,258979,12,353578
32412,0.017999,74.125.200.0-255,5738,264717,12,353578
32413,0.01801,172.31.36.0-255,66,264783,12,353578
32414,0.020611,74.125.200.0-255,5738,270521,12,353578
32415,0.02062,172.31.36.0-255,66,270587,12,353578
32416,0.023225,74.125.200.0-255,5738,276325,12,353578
32417,0.023233,172.31.36.0-255,66,276391,12,353578
32418,0.025814,74.125.200.0-255,5738,282129,12,353578
32419,0.025822,172.31.36.0-255,66,282195,12,353578
32420,0.028402,74.125.200.0-255,5738,287933,12,353578
32421,0.02841,172.31.36.0-255,66,287999,12,353578
32422,0.030881,172.31.36.0-255,164,288163,12,353578
32423,0.030914,172.31.36.0-255,1115,289278,12,353578
32424,0.030974,172.31.36.0-255,1514,290792,12,353578
32425,0.030976,172.31.36.0-255,1293,292085,12,353578
32426,0.031001,74.125.200.0-255,5738,297823,12,353578
32427,0.031006,172.31.36.0-255,66,297889,12,353578
32428,0.032439,104.244.42.0-255,66,297955,12,353578
32429,0.032483,104.244.42.0-255,66,298021,12,353578
32430,0.032532,104.244.42.0-255,66,298087,12,353578
32431,0.03359,74.125.200.0-255,5738,303825,12,353578
32432,0.033595,172.31.36.0-255,66,303891,12,353578
32433,0.036164,74.125.200.0-255,5738,309629,12,353578
32434,0.03617,172.31.36.0-255,66,309695,12,353578
32435,0.03874,74.125.200.0-255,5738,315433,12,353578
32436,0.038747,172.31.36.0-255,66,315499,12,353578
32437,0.041334,74.125.200.0-255,5738,321237,12,353578
32438,0.041344,172.31.36.0-255,66,321303,12,353578
32439,0.043921,74.125.200.0-255,5738,327041,12,353578
32440,0.043928,172.31.36.0-255,66,327107,12,353578
32441,0.046518,74.125.200.0-255,5738,332845,12,353578
32442,0.046525,172.31.36.0-255,66,332911,12,353578
32443,0.049108,74.125.200.0-255,5738,338649,12,353578
32444,0.049115,172.31.36.0-255,66,338715,12,353578
32445,0.051709,74.125.200.0-255,5738,344453,12,353578
32446,0.051716,172.31.36.0-255,66,344519,12,353578
32447,0.054296,74.125.200.0-255,5738,350257,12,353578
32448,0.054302,172.31.36.0-255,66,350323,12,353578
32449,0.056886,74.125.200.0-255,3018,353341,12,353578
32450,0.056893,172.31.36.0-255,66,353407,12,353578
32451,0.057074,172.31.36.0-255,105,353512,12,353578
32452,0.059605,74.125.200.0-255,66,353578,12,353578
32453,0.0,74.125.24.0-255,153,153,12,154788
32454,2.4e-05,172.31.36.0-255,66,219,12,154788
32455,3.1e-05,74.125.24.0-255,1484,1703,12,154788
32456,3.6e-05,172.31.36.0-255,66,1769,12,154788
32457,4.2e-05,74.125.24.0-255,2902,4671,12,154788
32458,5.4e-05,172.31.36.0-255,66,4737,12,154788
32459,6.1e-05,74.125.24.0-255,5738,10475,12,154788
32460,6.4e-05,172.31.36.0-255,66,10541,12,154788
32461,7.1e-05,74.125.24.0-255,5738,16279,12,154788
32462,7.4e-05,172.31.36.0-255,66,16345,12,154788
32463,0.000117,172.31.36.0-255,66,16411,12,154788
32464,0.000124,74.125.24.0-255,6797,23208,12,154788
32465,0.000131,172.31.36.0-255,66,23274,12,154788
32466,0.000161,74.125.24.0-255,1484,24758,12,154788
32467,0.000164,172.31.36.0-255,66,24824,12,154788
32468,0.000169,74.125.24.0-255,2902,27726,12,154788
32469,0.000172,172.31.36.0-255,66,27792,12,154788
32470,0.000183,74.125.24.0-255,5738,33530,12,154788
32471,0.000186,172.31.36.0-255,66,33596,12,154788
32472,0.000193,74.125.24.0-255,6797,40393,12,154788
32473,0.000196,172.31.36.0-255,66,40459,12,154788
32474,0.000238,172.31.36.0-255,66,40525,12,154788
32475,0.000266,74.125.24.0-255,2815,43340,12,154788
32476,0.000268,172.31.36.0-255,66,43406,12,154788
32477,0.000294,74.125.24.0-255,132,43538,12,154788
32478,0.000297,172.31.36.0-255,66,43604,12,154788
32479,0.000492,74.125.24.0-255,1484,45088,12,154788
32480,0.000498,172.31.36.0-255,66,45154,12,154788
32481,0.000504,74.125.24.0-255,2902,48056,12,154788
32482,0.000507,172.31.36.0-255,66,48122,12,154788
32483,0.000513,74.125.24.0-255,4320,52442,12,154788
32484,0.00052,172.31.36.0-255,66,52508,12,154788
32485,0.000572,74.125.24.0-255,1484,53992,12,154788
32486,0.000586,74.125.24.0-255,6797,60789,12,154788
32487,0.000589,172.31.36.0-255,66,60855,12,154788
32488,0.000597,74.125.24.0-255,7156,68011,12,154788
32489,0.000599,172.31.36.0-255,66,68077,12,154788
32490,0.00061,172.31.36.0-255,66,68143,12,154788
32491,0.00064,74.125.24.0-255,1384,69527,12,154788
32492,0.000791,74.125.24.0-255,1484,71011,12,154788
32493,0.000795,172.31.36.0-255,66,71077,12,154788
32494,0.000826,74.125.24.0-255,2902,73979,12,154788
32495,0.000829,172.31.36.0-255,66,74045,12,154788
32496,0.000836,74.125.24.0-255,5738,79783,12,154788
32497,0.000839,172.31.36.0-255,66,79849,12,154788
32498,0.000852,172.31.36.0-255,66,79915,12,154788
32499,0.000886,74.125.24.0-255,2902,82817,12,154788
32500,0.000889,172.31.36.0-255,66,82883,12,154788
32501,0.000906,172.31.36.0-255,66,82949,12,154788
32502,0.000909,74.125.24.0-255,766,83715,12,154788
32503,0.001204,74.125.24.0-255,1484,85199,12,154788
32504,0.001211,172.31.36.0-255,66,85265,12,154788
32505,0.001243,74.125.24.0-255,2902,88167,12,154788
32506,0.001246,172.31.36.0-255,66,88233,12,154788
32507,0.001254,74.125.24.0-255,5738,93971,12,154788
32508,0.001256,172.31.36.0-255,66,94037,12,154788
32509,0.001265,74.125.24.0-255,1484,95521,12,154788
32510,0.001292,74.125.24.0-255,7156,102677,12,154788
32511,0.001295,172.31.36.0-255,66,102743,12,154788
32512,0.001325,74.125.24.0-255,5738,108481,12,154788
32513,0.001327,172.31.36.0-255,66,108547,12,154788
32514,0.001362,172.31.36.0-255,66,108613,12,154788
32515,0.001365,74.125.24.0-255,1484,110097,12,154788
32516,0.001421,172.31.36.0-255,66,110163,12,154788
32517,0.001488,74.125.24.0-255,766,110929,12,154788
32518,0.00149,74.125.24.0-255,1484,112413,12,154788
32519,0.001501,172.31.36.0-255,66,112479,12,154788
32520,0.001505,172.31.36.0-255,66,112545,12,154788
32521,0.001508,172.31.36.0-255,66,112611,12,154788
32522,0.001511,172.31.36.0-255,66,112677,12,154788
32523,0.00152,74.125.24.0-255,2902,115579,12,154788
32524,0.001523,172.31.36.0-255,66,115645,12,154788
32525,0.001528,74.125.24.0-255,2902,118547,12,154788
32526,0.00153,172.31.36.0-255,66,118613,12,154788
32527,0.001569,74.125.24.0-255,2902,121515,12,154788
32528,0.001572,172.31.36.0-255,66,121581,12,154788
32529,0.001575,74.125.24.0-255,1484,123065,12,154788
32530,0.001598,172.31.36.0-255,66,123131,12,154788
32531,0.001612,172.31.36.0-255,66,123197,12,154788
32532,0.001644,74.125.24.0-255,1484,124681,12,154788
32533,0.001648,74.125.24.0-255,1484,126165,12,154788
32534,0.00165,172.31.36.0-255,66,126231,12,154788
32535,0.00167,74.125.24.0-255,1484,127715,12,154788
32536,0.001677,74.125.24.0-255,5738,133453,12,154788
32537,0.001679,172.31.36.0-255,66,133519,12,154788
32538,0.001683,74.125.24.0-255,2902,136421,12,154788
32539,0.001685,172.31.36.0-255,66,136487,12,154788
32540,0.001719,172.31.36.0-255,66,136553,12,154788
32541,0.001757,74.125.24.0-255,1484,138037,12,154788
32542,0.001791,172.31.36.0-255,66,138103,12,154788
32543,0.001812,74.125.24.0-255,3602,141705,12,154788
32544,0.001814,172.31.36.0-255,66,141771,12,154788
32545,0.001821,74.125.24.0-255,1484,143255,12,154788
32546,0.001842,172.31.36.0-255,66,143321,12,154788
32547,0.001849,74.125.24.0-255,6438,149759,12,154788
32548,0.001866,172.31.36.0-255,66,149825,12,154788
32549,0.001868,172.31.36.0-255,66,149891,12,154788
32550,0.001935,172.31.36.0-255,66,149957,12,154788
32551,0.001963,172.31.36.0-255,66,150023,12,154788
32552,0.001977,172.31.36.0-255,66,150089,12,154788
32553,0.001979,74.125.24.0-255,105,150194,12,154788
32554,0.004731,172.31.36.0-255,66,150260,12,154788
32555,0.004769,172.31.36.0-255,105,150365,12,154788
32556,0.007346,74.125.24.0-255,66,150431,12,154788
32557,0.0338,172.31.36.0-255,172,150603,12,154788
32558,0.033835,172.31.36.0-255,1108,151711,12,154788
32559,0.033896,172.31.36.0-255,1514,153225,12,154788
32560,0.033918,172.31.36.0-255,1299,154524,12,154788
32561,0.035342,104.244.42.0-255,66,154590,12,154788
32562,0.03538,104.244.42.0-255,66,154656,12,154788
32563,0.03549,104.244.42.0-255,66,154722,12,154788
32564,0.035494,104.244.42.0-255,66,154788,12,154788
32565,0.0,172.217.194.0-255,226,226,12,141153
32566,3.1e-05,172.31.36.0-255,66,292,12,141153
32567,3.7e-05,172.217.194.0-255,1484,1776,12,141153
32568,4.1e-05,172.31.36.0-255,66,1842,12,141153
32569,6.7e-05,172.217.194.0-255,4320,6162,12,141153
32570,7.5e-05,172.31.36.0-255,66,6228,12,141153
32571,0.000263,172.31.36.0-255,66,6294,12,141153
32572,0.000609,172.31.36.0-255,66,6360,12,141153
32573,0.000989,172.217.194.0-255,5738,12098,12,141153
32574,0.000996,172.31.36.0-255,66,12164,12,141153
32575,0.001023,172.217.194.0-255,2753,14917,12,141153
32576,0.001026,172.31.36.0-255,66,14983,12,141153
32577,0.003557,172.217.194.0-255,2902,17885,12,141153
32578,0.003566,172.31.36.0-255,66,17951,12,141153
32579,0.003596,172.217.194.0-255,2902,20853,12,141153
32580,0.0036,172.31.36.0-255,66,20919,12,141153
32581,0.006162,172.217.194.0-255,2902,23821,12,141153
32582,0.006169,172.31.36.0-255,66,23887,12,141153
32583,0.006201,172.217.194.0-255,2902,26789,12,141153
32584,0.006204,172.31.36.0-255,66,26855,12,141153
32585,0.009003,172.217.194.0-255,2902,29757,12,141153
32586,0.009011,172.31.36.0-255,66,29823,12,141153
32587,0.009104,172.217.194.0-255,2902,32725,12,141153
32588,0.009109,172.31.36.0-255,66,32791,12,141153
32589,0.011721,172.217.194.0-255,2902,35693,12,141153
32590,0.011729,172.31.36.0-255,66,35759,12,141153
32591,0.011773,172.217.194.0-255,2902,38661,12,141153
32592,0.011776,172.31.36.0-255,66,38727,12,141153
32593,0.01431,172.217.194.0-255,2902,41629,12,141153
32594,0.014319,172.31.36.0-255,66,41695,12,141153
32595,0.014365,172.217.194.0-255,2902,44597,12,141153
32596,0.014369,172.31.36.0-255,66,44663,12,141153
32597,0.016869,172.217.194.0-255,2902,47565,12,141153
32598,0.016876,172.31.36.0-255,66,47631,12,141153
32599,0.016978,172.217.194.0-255,2902,50533,12,141153
32600,0.016984,172.31.36.0-255,66,50599,12,141153
32601,0.019464,172.217.194.0-255,2902,53501,12,141153
32602,0.019471,172.31.36.0-255,66,53567,12,141153
32603,0.019566,172.217.194.0-255,2902,56469,12,141153
32604,0.019572,172.31.36.0-255,66,56535,12,141153
32605,0.022086,172.217.194.0-255,2902,59437,12,141153
32606,0.022094,172.31.36.0-255,66,59503,12,141153
32607,0.022164,172.217.194.0-255,2902,62405,12,141153
32608,0.022169,172.31.36.0-255,66,62471,12,141153
32609,0.024389,172.31.36.0-255,172,62643,12,141153
32610,0.024432,172.31.36.0-255,1078,63721,12,141153
32611,0.025289,172.217.194.0-255,2902,66623,12,141153
32612,0.025296,172.31.36.0-255,66,66689,12,141153
32613,0.025432,172.217.194.0-255,1484,68173,12,141153
32614,0.025437,172.31.36.0-255,66,68239,12,141153
32615,0.025465,172.217.194.0-255,1484,69723,12,141153
32616,0.025469,172.31.36.0-255,66,69789,12,141153
32617,0.025934,104.244.42.0-255,66,69855,12,141153
32618,0.025975,104.244.42.0-255,66,69921,12,141153
32619,0.029105,172.217.194.0-255,2902,72823,12,141153
32620,0.029111,172.31.36.0-255,66,72889,12,141153
32621,0.029151,172.217.194.0-255,2902,75791,12,141153
32622,0.029155,172.31.36.0-255,66,75857,12,141153
32623,0.031954,172.217.194.0-255,2902,78759,12,141153
32624,0.031958,172.31.36.0-255,66,78825,12,141153
32625,0.032005,172.217.194.0-255,2902,81727,12,141153
32626,0.032009,172.31.36.0-255,66,81793,12,141153
32627,0.034894,172.217.194.0-255,2902,84695,12,141153
32628,0.0349,172.31.36.0-255,66,84761,12,141153
32629,0.035043,172.217.194.0-255,2902,87663,12,141153
32630,0.035049,172.31.36.0-255,66,87729,12,141153
32631,0.037703,172.217.194.0-255,2902,90631,12,141153
32632,0.037709,172.31.36.0-255,66,90697,12,141153
32633,0.037788,172.217.194.0-255,2902,93599,12,141153
32634,0.037792,172.31.36.0-255,66,93665,12,141153
32635,0.040514,172.217.194.0-255,2902,96567,12,141153
32636,0.040521,172.31.36.0-255,66,96633,12,141153
32637,0.040558,172.217.194.0-255,2902,99535,12,141153
32638,0.040561,172.31.36.0-255,66,99601,12,141153
32639,0.043116,172.217.194.0-255,2902,102503,12,141153
32640,0.043122,172.31.36.0-255,66,102569,12,141153
32641,0.043178,172.217.194.0-255,2902,105471,12,141153
32642,0.043183,172.31.36.0-255,66,105537,12,141153
32643,0.046057,172.217.194.0-255,2902,108439,12,141153
32644,0.046062,172.31.36.0-255,66,108505,12,141153
32645,0.046177,172.217.194.0-255,2902,111407,12,141153
32646,0.046183,172.31.36.0-255,66,111473,12,141153
32647,0.04879,172.217.194.0-255,2902,114375,12,141153
32648,0.048796,172.31.36.0-255,66,114441,12,141153
32649,0.048913,172.217.194.0-255,2902,117343,12,141153
32650,0.048919,172.31.36.0-255,66,117409,12,141153
32651,0.051417,172.217.194.0-255,2902,120311,12,141153
32652,0.051423,172.31.36.0-255,66,120377,12,141153
32653,0.051463,172.217.194.0-255,2902,123279,12,141153
32654,0.051467,172.31.36.0-255,66,123345,12,141153
32655,0.053989,172.217.194.0-255,2902,126247,12,141153
32656,0.053994,172.31.36.0-255,66,126313,12,141153
32657,0.054054,172.217.194.0-255,2902,129215,12,141153
32658,0.054058,172.31.36.0-255,66,129281,12,141153
32659,0.056575,172.217.194.0-255,2902,132183,12,141153
32660,0.056581,172.31.36.0-255,66,132249,12,141153
32661,0.056652,172.217.194.0-255,2902,135151,12,141153
32662,0.056656,172.31.36.0-255,66,135217,12,141153
32663,0.059115,172.217.194.0-255,2902,138119,12,141153
32664,0.059121,172.31.36.0-255,66,138185,12,141153
32665,0.059185,172.217.194.0-255,2902,141087,12,141153
32666,0.059189,172.31.36.0-255,66,141153,12,141153
32667,0.0,172.217.194.0-255,146,146,12,249527
32668,1.4e-05,172.31.36.0-255,66,212,12,249527
32669,2.1e-05,172.217.194.0-255,1484,1696,12,249527
32670,2.7e-05,172.31.36.0-255,66,1762,12,249527
32671,3.3e-05,172.217.194.0-255,2902,4664,12,249527
32672,3.6e-05,172.31.36.0-255,66,4730,12,249527
32673,4.5e-05,172.217.194.0-255,7156,11886,12,249527
32674,4.8e-05,172.31.36.0-255,66,11952,12,249527
32675,8.6e-05,172.217.194.0-255,4320,16272,12,249527
32676,8.9e-05,172.31.36.0-255,66,16338,12,249527
32677,0.000115,172.31.36.0-255,66,16404,12,249527
32678,0.000123,172.217.194.0-255,7156,23560,12,249527
32679,0.000126,172.31.36.0-255,66,23626,12,249527
32680,0.000156,172.31.36.0-255,66,23692,12,249527
32681,0.000161,172.217.194.0-255,2184,25876,12,249527
32682,0.000163,172.31.36.0-255,66,25942,12,249527
32683,0.000249,172.217.194.0-255,1484,27426,12,249527
32684,0.000253,172.31.36.0-255,66,27492,12,249527
32685,0.000258,172.217.194.0-255,2902,30394,12,249527
32686,0.00026,172.31.36.0-255,66,30460,12,249527
32687,0.000267,172.217.194.0-255,5738,36198,12,249527
32688,0.000269,172.31.36.0-255,66,36264,12,249527
32689,0.000291,172.217.194.0-255,7110,43374,12,249527
32690,0.000294,172.31.36.0-255,66,43440,12,249527
32691,0.000641,172.217.194.0-255,1484,44924,12,249527
32692,0.000646,172.31.36.0-255,66,44990,12,249527
32693,0.000652,172.217.194.0-255,2902,47892,12,249527
32694,0.000654,172.31.36.0-255,66,47958,12,249527
32695,0.00066,172.217.194.0-255,5738,53696,12,249527
32696,0.000663,172.31.36.0-255,66,53762,12,249527
32697,0.000696,172.31.36.0-255,66,53828,12,249527
32698,0.000707,172.31.36.0-255,66,53894,12,249527
32699,0.000727,172.217.194.0-255,1125,55019,12,249527
32700,0.001319,172.31.36.0-255,66,55085,12,249527
32701,0.001735,172.217.194.0-255,1484,56569,12,249527
32702,0.001745,172.217.194.0-255,2902,59471,12,249527
32703,0.001749,172.31.36.0-255,66,59537,12,249527
32704,0.001758,172.217.194.0-255,5738,65275,12,249527
32705,0.00176,172.31.36.0-255,66,65341,12,249527
32706,0.001767,172.217.194.0-255,7156,72497,12,249527
32707,0.001769,172.31.36.0-255,66,72563,12,249527
32708,0.001824,172.217.194.0-255,2902,75465,12,249527
32709,0.001827,172.31.36.0-255,66,75531,12,249527
32710,0.001862,172.31.36.0-255,66,75597,12,249527
32711,0.00196,172.217.194.0-255,1484,77081,12,249527
32712,0.001968,172.217.194.0-255,2902,79983,12,249527
32713,0.001971,172.31.36.0-255,66,80049,12,249527
32714,0.001978,172.217.194.0-255,5738,85787,12,249527
32715,0.00198,172.31.36.0-255,66,85853,12,249527
32716,0.001996,172.217.194.0-255,4320,90173,12,249527
32717,0.001998,172.31.36.0-255,66,90239,12,249527
32718,0.002027,172.31.36.0-255,66,90305,12,249527
32719,0.002039,172.31.36.0-255,66,90371,12,249527
32720,0.002073,172.217.194.0-255,2184,92555,12,249527
32721,0.002076,172.31.36.0-255,66,92621,12,249527
32722,0.00209,172.31.36.0-255,66,92687,12,249527
32723,0.002103,172.31.36.0-255,66,92753,12,249527
32724,0.002137,172.31.36.0-255,66,92819,12,249527
32725,0.004279,172.217.194.0-255,5738,98557,12,249527
32726,0.004287,172.31.36.0-255,66,98623,12,249527
32727,0.006383,172.217.194.0-255,5738,104361,12,249527
32728,0.006387,172.31.36.0-255,66,104427,12,249527
32729,0.00849,172.217.194.0-255,5738,110165,12,249527
32730,0.008496,172.31.36.0-255,66,110231,12,249527
32731,0.010589,172.217.194.0-255,5738,115969,12,249527
32732,0.010593,172.31.36.0-255,66,116035,12,249527
32733,0.012666,172.217.194.0-255,5738,121773,12,249527
32734,0.012675,172.31.36.0-255,66,121839,12,249527
32735,0.01478,172.217.194.0-255,5738,127577,12,249527
32736,0.014788,172.31.36.0-255,66,127643,12,249527
32737,0.016901,172.217.194.0-255,5738,133381,12,249527
32738,0.016908,172.31.36.0-255,66,133447,12,249527
32739,0.019,172.217.194.0-255,5738,139185,12,249527
32740,0.019031,172.31.36.0-255,66,139251,12,249527
32741,0.021112,172.217.194.0-255,5738,144989,12,249527
32742,0.021119,172.31.36.0-255,66,145055,12,249527
32743,0.023198,172.217.194.0-255,5738,150793,12,249527
32744,0.023205,172.31.36.0-255,66,150859,12,249527
32745,0.025297,172.217.194.0-255,5738,156597,12,249527
32746,0.025305,172.31.36.0-255,66,156663,12,249527
32747,0.027409,172.217.194.0-255,5738,162401,12,249527
32748,0.027416,172.31.36.0-255,66,162467,12,249527
32749,0.029521,172.217.194.0-255,5738,168205,12,249527
32750,0.029529,172.31.36.0-255,66,168271,12,249527
32751,0.031629,172.217.194.0-255,5738,174009,12,249527
32752,0.031638,172.31.36.0-255,66,174075,12,249527
32753,0.033749,172.217.194.0-255,5738,179813,12,249527
32754,0.033759,172.31.36.0-255,66,179879,12,249527
32755,0.035855,172.217.194.0-255,5738,185617,12,249527
32756,0.035866,172.31.36.0-255,66,185683,12,249527
32757,0.037975,172.217.194.0-255,5738,191421,12,249527
32758,0.037983,172.31.36.0-255,66,191487,12,249527
32759,0.040099,172.217.194.0-255,5738,197225,12,249527
32760,0.04011,172.31.36.0-255,66,197291,12,249527
32761,0.042212,172.217.194.0-255,5738,203029,12,249527
32762,0.042227,172.31.36.0-255,66,203095,12,249527
32763,0.044349,172.217.194.0-255,5738,208833,12,249527
32764,0.044361,172.31.36.0-255,66,208899,12,249527
32765,0.046509,172.217.194.0-255,5738,214637,12,249527
32766,0.046526,172.31.36.0-255,66,214703,12,249527
32767,0.048663,172.217.194.0-255,5738,220441,12,249527
32768,0.048679,172.31.36.0-255,66,220507,12,249527
32769,0.050808,172.217.194.0-255,5738,226245,12,249527
32770,0.05082,172.31.36.0-255,66,226311,12,249527
32771,0.052947,172.217.194.0-255,5738,232049,12,249527
32772,0.052957,172.31.36.0-255,66,232115,12,249527
32773,0.055056,172.217.194.0-255,5738,237853,12,249527
32774,0.055065,172.31.36.0-255,66,237919,12,249527
32775,0.057179,172.217.194.0-255,5738,243657,12,249527
32776,0.057187,172.31.36.0-255,66,243723,12,249527
32777,0.059274,172.217.194.0-255,5738,249461,12,249527
32778,0.059282,172.31.36.0-255,66,249527,12,249527
32779,0.0,172.217.194.0-255,146,146,12,220678
32780,2.4e-05,172.31.36.0-255,66,212,12,220678
32781,3.1e-05,172.217.194.0-255,1484,1696,12,220678
32782,3.7e-05,172.31.36.0-255,66,1762,12,220678
32783,5.2e-05,172.217.194.0-255,2902,4664,12,220678
32784,5.5e-05,172.31.36.0-255,66,4730,12,220678
32785,6.3e-05,172.217.194.0-255,5738,10468,12,220678
32786,6.6e-05,172.31.36.0-255,66,10534,12,220678
32787,8.2e-05,172.31.36.0-255,66,10600,12,220678
32788,8.9e-05,172.217.194.0-255,6797,17397,12,220678
32789,9.2e-05,172.31.36.0-255,66,17463,12,220678
32790,0.000143,172.217.194.0-255,1484,18947,12,220678
32791,0.000146,172.31.36.0-255,66,19013,12,220678
32792,0.000157,172.217.194.0-255,2902,21915,12,220678
32793,0.000159,172.31.36.0-255,66,21981,12,220678
32794,0.000165,172.217.194.0-255,4320,26301,12,220678
32795,0.000168,172.31.36.0-255,66,26367,12,220678
32796,0.000196,172.217.194.0-255,1484,27851,12,220678
32797,0.000203,172.31.36.0-255,66,27917,12,220678
32798,0.000211,172.217.194.0-255,6797,34714,12,220678
32799,0.000213,172.31.36.0-255,66,34780,12,220678
32800,0.000288,172.217.194.0-255,1484,36264,12,220678
32801,0.000291,172.31.36.0-255,66,36330,12,220678
32802,0.000296,172.217.194.0-255,2902,39232,12,220678
32803,0.000298,172.31.36.0-255,66,39298,12,220678
32804,0.000302,172.217.194.0-255,1484,40782,12,220678
32805,0.000309,172.31.36.0-255,66,40848,12,220678
32806,0.000333,172.217.194.0-255,4320,45168,12,220678
32807,0.00034,172.31.36.0-255,66,45234,12,220678
32808,0.00036,172.217.194.0-255,7093,52327,12,220678
32809,0.000362,172.31.36.0-255,66,52393,12,220678
32810,0.000446,172.217.194.0-255,6052,58445,12,220678
32811,0.000456,172.217.194.0-255,7156,65601,12,220678
32812,0.00048,172.217.194.0-255,3413,69014,12,220678
32813,0.00063,172.31.36.0-255,66,69080,12,220678
32814,0.000828,172.217.194.0-255,1484,70564,12,220678
32815,0.000834,172.217.194.0-255,2902,73466,12,220678
32816,0.000841,172.31.36.0-255,66,73532,12,220678
32817,0.000857,172.217.194.0-255,5738,79270,12,220678
32818,0.000897,172.217.194.0-255,4320,83590,12,220678
32819,0.000911,172.31.36.0-255,66,83656,12,220678
32820,0.000929,172.31.36.0-255,66,83722,12,220678
32821,0.001101,172.217.194.0-255,1484,85206,12,220678
32822,0.001108,172.217.194.0-255,2902,88108,12,220678
32823,0.001112,172.217.194.0-255,1484,89592,12,220678
32824,0.001118,172.31.36.0-255,66,89658,12,220678
32825,0.001133,172.217.194.0-255,4320,93978,12,220678
32826,0.001148,172.217.194.0-255,5738,99716,12,220678
32827,0.001152,172.31.36.0-255,66,99782,12,220678
32828,0.001162,172.217.194.0-255,4320,104102,12,220678
32829,0.001184,172.31.36.0-255,66,104168,12,220678
32830,0.001225,172.217.194.0-255,3602,107770,12,220678
32831,0.001239,172.31.36.0-255,66,107836,12,220678
32832,0.001324,172.217.194.0-255,1484,109320,12,220678
32833,0.001341,172.217.194.0-255,2902,112222,12,220678
32834,0.001349,172.217.194.0-255,5738,117960,12,220678
32835,0.001351,172.217.194.0-255,1484,119444,12,220678
32836,0.001366,172.217.194.0-255,5738,125182,12,220678
32837,0.00137,172.31.36.0-255,66,125248,12,220678
32838,0.001376,172.31.36.0-255,66,125314,12,220678
32839,0.001419,172.217.194.0-255,2184,127498,12,220678
32840,0.001439,172.31.36.0-255,66,127564,12,220678
32841,0.001534,172.217.194.0-255,1484,129048,12,220678
32842,0.001552,172.217.194.0-255,2902,131950,12,220678
32843,0.001557,172.217.194.0-255,2902,134852,12,220678
32844,0.001565,172.31.36.0-255,66,134918,12,220678
32845,0.001583,172.217.194.0-255,2902,137820,12,220678
32846,0.00159,172.217.194.0-255,5738,143558,12,220678
32847,0.001609,172.31.36.0-255,66,143624,12,220678
32848,0.001618,172.217.194.0-255,4320,147944,12,220678
32849,0.001623,172.31.36.0-255,66,148010,12,220678
32850,0.001684,172.217.194.0-255,6438,154448,12,220678
32851,0.001746,172.31.36.0-255,66,154514,12,220678
32852,0.001757,172.217.194.0-255,1484,155998,12,220678
32853,0.001764,172.217.194.0-255,2184,158182,12,220678
32854,0.001812,172.217.194.0-255,2184,160366,12,220678
32855,0.001834,172.31.36.0-255,66,160432,12,220678
32856,0.001847,172.217.194.0-255,1484,161916,12,220678
32857,0.001856,172.217.194.0-255,2902,164818,12,220678
32858,0.001879,172.217.194.0-255,4320,169138,12,220678
32859,0.001882,172.31.36.0-255,66,169204,12,220678
32860,0.001887,172.31.36.0-255,66,169270,12,220678
32861,0.001909,172.217.194.0-255,1484,170754,12,220678
32862,0.001919,172.217.194.0-255,2902,173656,12,220678
32863,0.001941,172.31.36.0-255,66,173722,12,220678
32864,0.001995,172.217.194.0-255,1484,175206,12,220678
32865,0.002013,172.31.36.0-255,66,175272,12,220678
32866,0.002019,172.217.194.0-255,4320,179592,12,220678
32867,0.002029,172.31.36.0-255,66,179658,12,220678
32868,0.002079,172.31.36.0-255,66,179724,12,220678
32869,0.002083,172.217.194.0-255,766,180490,12,220678
32870,0.002107,172.217.194.0-255,5738,186228,12,220678
32871,0.002125,172.217.194.0-255,2902,189130,12,220678
32872,0.002142,172.31.36.0-255,66,189196,12,220678
32873,0.002153,172.217.194.0-255,7156,196352,12,220678
32874,0.002158,172.31.36.0-255,66,196418,12,220678
32875,0.002177,172.217.194.0-255,5738,202156,12,220678
32876,0.0022,172.217.194.0-255,5020,207176,12,220678
32877,0.00222,172.217.194.0-255,5738,212914,12,220678
32878,0.002224,172.217.194.0-255,2902,215816,12,220678
32879,0.002231,172.31.36.0-255,66,215882,12,220678
32880,0.00226,172.217.194.0-255,97,215979,12,220678
32881,0.002265,172.31.36.0-255,66,216045,12,220678
32882,0.004512,172.217.194.0-255,105,216150,12,220678
32883,0.010355,172.31.36.0-255,66,216216,12,220678
32884,0.010393,172.31.36.0-255,105,216321,12,220678
32885,0.012646,172.217.194.0-255,66,216387,12,220678
32886,0.037772,172.31.36.0-255,172,216559,12,220678
32887,0.037809,172.31.36.0-255,1108,217667,12,220678
32888,0.037873,172.31.36.0-255,1514,219181,12,220678
32889,0.037875,172.31.36.0-255,1299,220480,12,220678
32890,0.039339,104.244.42.0-255,66,220546,12,220678
32891,0.039527,104.244.42.0-255,66,220612,12,220678
32892,0.039547,104.244.42.0-255,66,220678,12,220678
32893,0.0,74.125.200.0-255,296,296,12,299542
32894,3.4e-05,172.31.36.0-255,66,362,12,299542
32895,4e-05,74.125.200.0-255,1484,1846,12,299542
32896,4.4e-05,172.31.36.0-255,66,1912,12,299542
32897,4.6e-05,74.125.200.0-255,1484,3396,12,299542
32898,4.9e-05,172.31.36.0-255,66,3462,12,299542
32899,6.3e-05,74.125.200.0-255,2902,6364,12,299542
32900,6.6e-05,172.31.36.0-255,66,6430,12,299542
32901,7.2e-05,74.125.200.0-255,5738,12168,12,299542
32902,7.5e-05,172.31.36.0-255,66,12234,12,299542
32903,0.00012,74.125.200.0-255,3257,15491,12,299542
32904,0.000124,172.31.36.0-255,66,15557,12,299542
32905,0.00013,74.125.200.0-255,4320,19877,12,299542
32906,0.000132,172.31.36.0-255,66,19943,12,299542
32907,0.000145,172.31.36.0-255,66,20009,12,299542
32908,0.000148,74.125.200.0-255,1125,21134,12,299542
32909,0.00015,172.31.36.0-255,66,21200,12,299542
32910,0.000196,74.125.200.0-255,1484,22684,12,299542
32911,0.000201,172.31.36.0-255,66,22750,12,299542
32912,0.000206,74.125.200.0-255,2902,25652,12,299542
32913,0.000209,172.31.36.0-255,66,25718,12,299542
32914,0.000242,74.125.200.0-255,5738,31456,12,299542
32915,0.000246,172.31.36.0-255,66,31522,12,299542
32916,0.000251,74.125.200.0-255,2902,34424,12,299542
32917,0.000253,172.31.36.0-255,66,34490,12,299542
32918,0.000258,74.125.200.0-255,4320,38810,12,299542
32919,0.000261,172.31.36.0-255,66,38876,12,299542
32920,0.000267,74.125.200.0-255,4320,43196,12,299542
32921,0.000269,172.31.36.0-255,66,43262,12,299542
32922,0.000295,74.125.200.0-255,4320,47582,12,299542
32923,0.000298,172.31.36.0-255,66,47648,12,299542
32924,0.000306,74.125.200.0-255,7156,54804,12,299542
32925,0.000308,172.31.36.0-255,66,54870,12,299542
32926,0.000338,74.125.200.0-255,1145,56015,12,299542
32927,0.000396,74.125.200.0-255,1484,57499,12,299542
32928,0.0004,172.31.36.0-255,66,57565,12,299542
32929,0.000406,74.125.200.0-255,2902,60467,12,299542
32930,0.000411,172.31.36.0-255,66,60533,12,299542
32931,0.000434,74.125.200.0-255,5738,66271,12,299542
32932,0.000441,172.31.36.0-255,66,66337,12,299542
32933,0.000443,74.125.200.0-255,5738,72075,12,299542
32934,0.000448,74.125.200.0-255,2902,74977,12,299542
32935,0.000459,172.31.36.0-255,66,75043,12,299542
32936,0.000475,74.125.200.0-255,4320,79363,12,299542
32937,0.00048,172.31.36.0-255,66,79429,12,299542
32938,0.000494,74.125.200.0-255,4320,83749,12,299542
32939,0.000498,172.31.36.0-255,66,83815,12,299542
32940,0.000529,74.125.200.0-255,6438,90253,12,299542
32941,0.000532,172.31.36.0-255,66,90319,12,299542
32942,0.000536,74.125.200.0-255,329,90648,12,299542
32943,0.000647,74.125.200.0-255,1484,92132,12,299542
32944,0.000653,74.125.200.0-255,2902,95034,12,299542
32945,0.000665,172.31.36.0-255,66,95100,12,299542
32946,0.000676,74.125.200.0-255,5738,100838,12,299542
32947,0.000679,74.125.200.0-255,1484,102322,12,299542
32948,0.000681,172.31.36.0-255,66,102388,12,299542
32949,0.000702,74.125.200.0-255,2902,105290,12,299542
32950,0.000708,74.125.200.0-255,5738,111028,12,299542
32951,0.00071,172.31.36.0-255,66,111094,12,299542
32952,0.000715,172.31.36.0-255,66,111160,12,299542
32953,0.000742,172.31.36.0-255,66,111226,12,299542
32954,0.000757,74.125.200.0-255,2902,114128,12,299542
32955,0.00076,172.31.36.0-255,66,114194,12,299542
32956,0.000764,74.125.200.0-255,1484,115678,12,299542
32957,0.000767,74.125.200.0-255,766,116444,12,299542
32958,0.000775,172.31.36.0-255,66,116510,12,299542
32959,0.000808,74.125.200.0-255,1484,117994,12,299542
32960,0.00083,74.125.200.0-255,4320,122314,12,299542
32961,0.000834,74.125.200.0-255,1484,123798,12,299542
32962,0.00084,172.31.36.0-255,66,123864,12,299542
32963,0.000848,74.125.200.0-255,5738,129602,12,299542
32964,0.000855,172.31.36.0-255,66,129668,12,299542
32965,0.000868,74.125.200.0-255,2902,132570,12,299542
32966,0.000885,172.31.36.0-255,66,132636,12,299542
32967,0.000903,74.125.200.0-255,6438,139074,12,299542
32968,0.000908,172.31.36.0-255,66,139140,12,299542
32969,0.000954,74.125.200.0-255,1484,140624,12,299542
32970,0.000959,74.125.200.0-255,2902,143526,12,299542
32971,0.000972,172.31.36.0-255,66,143592,12,299542
32972,0.001,74.125.200.0-255,4320,147912,12,299542
32973,0.001003,172.31.36.0-255,66,147978,12,299542
32974,0.001009,74.125.200.0-255,5738,153716,12,299542
32975,0.00103,172.31.36.0-255,66,153782,12,299542
32976,0.001075,74.125.200.0-255,1484,155266,12,299542
32977,0.001087,172.31.36.0-255,66,155332,12,299542
32978,0.001104,74.125.200.0-255,766,156098,12,299542
32979,0.001105,172.31.36.0-255,66,156164,12,299542
32980,0.001171,74.125.200.0-255,1484,157648,12,299542
32981,0.001177,74.125.200.0-255,2902,160550,12,299542
32982,0.001177,172.31.36.0-255,66,160616,12,299542
32983,0.001182,172.31.36.0-255,66,160682,12,299542
32984,0.001203,74.125.200.0-255,1484,162166,12,299542
32985,0.001208,74.125.200.0-255,2902,165068,12,299542
32986,0.001211,172.31.36.0-255,66,165134,12,299542
32987,0.001231,74.125.200.0-255,5738,170872,12,299542
32988,0.001239,172.31.36.0-255,66,170938,12,299542
32989,0.001263,172.31.36.0-255,66,171004,12,299542
32990,0.001303,74.125.200.0-255,2902,173906,12,299542
32991,0.001309,172.31.36.0-255,66,173972,12,299542
32992,0.001329,74.125.200.0-255,6438,180410,12,299542
32993,0.001336,172.31.36.0-255,66,180476,12,299542
32994,0.001405,74.125.200.0-255,1484,181960,12,299542
32995,0.00142,74.125.200.0-255,2902,184862,12,299542
32996,0.001426,172.31.36.0-255,66,184928,12,299542
32997,0.001442,74.125.200.0-255,5738,190666,12,299542
32998,0.001451,74.125.200.0-255,4320,194986,12,299542
32999,0.001458,172.31.36.0-255,66,195052,12,299542
33000,0.001462,74.125.200.0-255,1484,196536,12,299542
33001,0.001463,172.31.36.0-255,66,196602,12,299542
33002,0.001508,172.31.36.0-255,66,196668,12,299542
33003,0.001525,172.31.36.0-255,66,196734,12,299542
33004,0.001659,74.125.200.0-255,1484,198218,12,299542
33005,0.001675,74.125.200.0-255,2902,201120,12,299542
33006,0.001679,172.31.36.0-255,66,201186,12,299542
33007,0.001695,74.125.200.0-255,5738,206924,12,299542
33008,0.001704,74.125.200.0-255,2902,209826,12,299542
33009,0.001704,172.31.36.0-255,66,209892,12,299542
33010,0.001709,172.31.36.0-255,66,209958,12,299542
33011,0.001747,172.31.36.0-255,66,210024,12,299542
33012,0.001749,74.125.200.0-255,1484,211508,12,299542
33013,0.001785,172.31.36.0-255,66,211574,12,299542
33014,0.001818,74.125.200.0-255,2902,214476,12,299542
33015,0.001831,172.31.36.0-255,66,214542,12,299542
33016,0.001856,74.125.200.0-255,2902,217444,12,299542
33017,0.001864,172.31.36.0-255,66,217510,12,299542
33018,0.001882,74.125.200.0-255,7156,224666,12,299542
33019,0.001886,172.31.36.0-255,66,224732,12,299542
33020,0.001915,172.31.36.0-255,66,224798,12,299542
33021,0.001924,74.125.200.0-255,2184,226982,12,299542
33022,0.001929,172.31.36.0-255,66,227048,12,299542
33023,0.001934,74.125.200.0-255,4320,231368,12,299542
33024,0.001945,172.31.36.0-255,66,231434,12,299542
33025,0.001958,74.125.200.0-255,2902,234336,12,299542
33026,0.00197,172.31.36.0-255,66,234402,12,299542
33027,0.002015,74.125.200.0-255,5738,240140,12,299542
33028,0.002018,172.31.36.0-255,66,240206,12,299542
33029,0.002023,172.31.36.0-255,66,240272,12,299542
33030,0.002032,74.125.200.0-255,7156,247428,12,299542
33031,0.002037,172.31.36.0-255,66,247494,12,299542
33032,0.002059,74.125.200.0-255,2184,249678,12,299542
33033,0.002062,74.125.200.0-255,1484,251162,12,299542
33034,0.002063,172.31.36.0-255,66,251228,12,299542
33035,0.004033,74.125.200.0-255,1484,252712,12,299542
33036,0.00404,172.31.36.0-255,66,252778,12,299542
33037,0.004075,74.125.200.0-255,2902,255680,12,299542
33038,0.004079,172.31.36.0-255,66,255746,12,299542
33039,0.006057,74.125.200.0-255,2902,258648,12,299542
33040,0.006063,172.31.36.0-255,66,258714,12,299542
33041,0.006088,74.125.200.0-255,2902,261616,12,299542
33042,0.006091,172.31.36.0-255,66,261682,12,299542
33043,0.008066,74.125.200.0-255,4320,266002,12,299542
33044,0.008076,172.31.36.0-255,66,266068,12,299542
33045,0.008104,74.125.200.0-255,1484,267552,12,299542
33046,0.010074,74.125.200.0-255,4320,271872,12,299542
33047,0.01008,172.31.36.0-255,66,271938,12,299542
33048,0.01208,74.125.200.0-255,5738,277676,12,299542
33049,0.012086,172.31.36.0-255,66,277742,12,299542
33050,0.014089,74.125.200.0-255,5738,283480,12,299542
33051,0.014096,172.31.36.0-255,66,283546,12,299542
33052,0.016088,74.125.200.0-255,5738,289284,12,299542
33053,0.016095,172.31.36.0-255,66,289350,12,299542
33054,0.018109,74.125.200.0-255,4402,293752,12,299542
33055,0.018117,172.31.36.0-255,66,293818,12,299542
33056,0.021043,172.31.36.0-255,105,293923,12,299542
33057,0.022985,74.125.200.0-255,66,293989,12,299542
33058,0.034786,172.31.36.0-255,172,294161,12,299542
33059,0.03482,172.31.36.0-255,1109,295270,12,299542
33060,0.034858,172.31.36.0-255,1514,296784,12,299542
33061,0.03486,172.31.36.0-255,1514,298298,12,299542
33062,0.034861,172.31.36.0-255,980,299278,12,299542
33063,0.036316,104.244.42.0-255,66,299344,12,299542
33064,0.036349,104.244.42.0-255,66,299410,12,299542
33065,0.036398,104.244.42.0-255,66,299476,12,299542
33066,0.036402,104.244.42.0-255,66,299542,12,299542
33067,0.0,74.125.130.0-255,152,152,12,312353
33068,3.3e-05,172.31.36.0-255,66,218,12,312353
33069,4e-05,74.125.130.0-255,1484,1702,12,312353
33070,4.4e-05,172.31.36.0-255,66,1768,12,312353
33071,4.8e-05,74.125.130.0-255,2902,4670,12,312353
33072,5.1e-05,172.31.36.0-255,66,4736,12,312353
33073,5.7e-05,74.125.130.0-255,5738,10474,12,312353
33074,6e-05,172.31.36.0-255,66,10540,12,312353
33075,8.4e-05,74.125.130.0-255,2902,13442,12,312353
33076,8.7e-05,172.31.36.0-255,66,13508,12,312353
33077,0.000115,172.31.36.0-255,66,13574,12,312353
33078,0.000138,172.31.36.0-255,66,13640,12,312353
33079,0.000204,74.125.130.0-255,1484,15124,12,312353
33080,0.000208,172.31.36.0-255,66,15190,12,312353
33081,0.000213,74.125.130.0-255,2902,18092,12,312353
33082,0.000215,172.31.36.0-255,66,18158,12,312353
33083,0.00022,74.125.130.0-255,5738,23896,12,312353
33084,0.000223,172.31.36.0-255,66,23962,12,312353
33085,0.000228,74.125.130.0-255,4320,28282,12,312353
33086,0.000231,172.31.36.0-255,66,28348,12,312353
33087,0.000274,172.31.36.0-255,66,28414,12,312353
33088,0.000295,74.125.130.0-255,6797,35211,12,312353
33089,0.000298,172.31.36.0-255,66,35277,12,312353
33090,0.000314,74.125.130.0-255,378,35655,12,312353
33091,0.000317,172.31.36.0-255,66,35721,12,312353
33092,0.000355,74.125.130.0-255,364,36085,12,312353
33093,0.000358,172.31.36.0-255,66,36151,12,312353
33094,0.000722,74.125.130.0-255,1484,37635,12,312353
33095,0.000726,172.31.36.0-255,66,37701,12,312353
33096,0.00073,74.125.130.0-255,1484,39185,12,312353
33097,0.000734,172.31.36.0-255,101,39286,12,312353
33098,0.00075,74.125.130.0-255,1484,40770,12,312353
33099,0.000753,172.31.36.0-255,66,40836,12,312353
33100,0.000758,74.125.130.0-255,4320,45156,12,312353
33101,0.000761,74.125.130.0-255,2902,48058,12,312353
33102,0.000762,172.31.36.0-255,66,48124,12,312353
33103,0.000765,172.31.36.0-255,66,48190,12,312353
33104,0.000792,74.125.130.0-255,6797,54987,12,312353
33105,0.000795,172.31.36.0-255,66,55053,12,312353
33106,0.000808,172.31.36.0-255,66,55119,12,312353
33107,0.000855,74.125.130.0-255,3413,58532,12,312353
33108,0.000858,172.31.36.0-255,66,58598,12,312353
33109,0.000908,74.125.130.0-255,1484,60082,12,312353
33110,0.000913,74.125.130.0-255,2902,62984,12,312353
33111,0.000916,172.31.36.0-255,66,63050,12,312353
33112,0.000943,74.125.130.0-255,5738,68788,12,312353
33113,0.000946,172.31.36.0-255,66,68854,12,312353
33114,0.000951,74.125.130.0-255,4320,73174,12,312353
33115,0.000953,172.31.36.0-255,66,73240,12,312353
33116,0.000958,74.125.130.0-255,2902,76142,12,312353
33117,0.00096,172.31.36.0-255,66,76208,12,312353
33118,0.000989,172.31.36.0-255,66,76274,12,312353
33119,0.001005,74.125.130.0-255,4320,80594,12,312353
33120,0.001008,172.31.36.0-255,66,80660,12,312353
33121,0.001027,74.125.130.0-255,3602,84262,12,312353
33122,0.00103,172.31.36.0-255,66,84328,12,312353
33123,0.001496,74.125.130.0-255,1484,85812,12,312353
33124,0.001505,74.125.130.0-255,2902,88714,12,312353
33125,0.001508,172.31.36.0-255,66,88780,12,312353
33126,0.001515,74.125.130.0-255,5738,94518,12,312353
33127,0.001518,172.31.36.0-255,66,94584,12,312353
33128,0.001552,172.31.36.0-255,66,94650,12,312353
33129,0.001559,74.125.130.0-255,7156,101806,12,312353
33130,0.001561,172.31.36.0-255,66,101872,12,312353
33131,0.001582,74.125.130.0-255,1484,103356,12,312353
33132,0.0016,74.125.130.0-255,2184,105540,12,312353
33133,0.001602,172.31.36.0-255,66,105606,12,312353
33134,0.001935,74.125.130.0-255,1484,107090,12,312353
33135,0.001942,74.125.130.0-255,2902,109992,12,312353
33136,0.001946,172.31.36.0-255,66,110058,12,312353
33137,0.001952,74.125.130.0-255,2902,112960,12,312353
33138,0.001953,172.31.36.0-255,66,113026,12,312353
33139,0.001959,74.125.130.0-255,4320,117346,12,312353
33140,0.001961,172.31.36.0-255,66,117412,12,312353
33141,0.001997,172.31.36.0-255,66,117478,12,312353
33142,0.002001,74.125.130.0-255,1484,118962,12,312353
33143,0.002031,172.31.36.0-255,66,119028,12,312353
33144,0.002057,74.125.130.0-255,1484,120512,12,312353
33145,0.002061,74.125.130.0-255,1484,121996,12,312353
33146,0.002065,172.31.36.0-255,66,122062,12,312353
33147,0.002083,74.125.130.0-255,1484,123546,12,312353
33148,0.002091,74.125.130.0-255,5738,129284,12,312353
33149,0.002094,172.31.36.0-255,66,129350,12,312353
33150,0.0021,74.125.130.0-255,4320,133670,12,312353
33151,0.002102,172.31.36.0-255,66,133736,12,312353
33152,0.002135,74.125.130.0-255,7156,140892,12,312353
33153,0.002139,172.31.36.0-255,66,140958,12,312353
33154,0.002153,172.31.36.0-255,66,141024,12,312353
33155,0.002172,74.125.130.0-255,1484,142508,12,312353
33156,0.002177,74.125.130.0-255,1484,143992,12,312353
33157,0.002179,172.31.36.0-255,66,144058,12,312353
33158,0.002199,74.125.130.0-255,1484,145542,12,312353
33159,0.002207,74.125.130.0-255,5738,151280,12,312353
33160,0.00221,172.31.36.0-255,66,151346,12,312353
33161,0.002222,74.125.130.0-255,7156,158502,12,312353
33162,0.002225,172.31.36.0-255,66,158568,12,312353
33163,0.002251,172.31.36.0-255,66,158634,12,312353
33164,0.002276,74.125.130.0-255,5738,164372,12,312353
33165,0.002279,172.31.36.0-255,66,164438,12,312353
33166,0.002282,74.125.130.0-255,2184,166622,12,312353
33167,0.002285,172.31.36.0-255,66,166688,12,312353
33168,0.002914,74.125.130.0-255,66,166754,12,312353
33169,0.004492,74.125.130.0-255,2902,169656,12,312353
33170,0.004496,172.31.36.0-255,66,169722,12,312353
33171,0.004509,74.125.130.0-255,2902,172624,12,312353
33172,0.004513,172.31.36.0-255,66,172690,12,312353
33173,0.006749,74.125.130.0-255,4320,177010,12,312353
33174,0.006755,172.31.36.0-255,66,177076,12,312353
33175,0.006774,74.125.130.0-255,1484,178560,12,312353
33176,0.008976,74.125.130.0-255,4320,182880,12,312353
33177,0.008983,172.31.36.0-255,66,182946,12,312353
33178,0.01121,74.125.130.0-255,5738,188684,12,312353
33179,0.011218,172.31.36.0-255,66,188750,12,312353
33180,0.013448,74.125.130.0-255,5738,194488,12,312353
33181,0.013457,172.31.36.0-255,66,194554,12,312353
33182,0.015689,74.125.130.0-255,5738,200292,12,312353
33183,0.015695,172.31.36.0-255,66,200358,12,312353
33184,0.017939,74.125.130.0-255,5738,206096,12,312353
33185,0.017947,172.31.36.0-255,66,206162,12,312353
33186,0.020202,74.125.130.0-255,5738,211900,12,312353
33187,0.020211,172.31.36.0-255,66,211966,12,312353
33188,0.022453,74.125.130.0-255,5738,217704,12,312353
33189,0.02246,172.31.36.0-255,66,217770,12,312353
33190,0.024704,74.125.130.0-255,5738,223508,12,312353
33191,0.024711,172.31.36.0-255,66,223574,12,312353
33192,0.026945,74.125.130.0-255,5738,229312,12,312353
33193,0.026952,172.31.36.0-255,66,229378,12,312353
33194,0.029177,74.125.130.0-255,5738,235116,12,312353
33195,0.029183,172.31.36.0-255,66,235182,12,312353
33196,0.030876,172.31.36.0-255,172,235354,12,312353
33197,0.030904,172.31.36.0-255,1109,236463,12,312353
33198,0.030953,172.31.36.0-255,1514,237977,12,312353
33199,0.030955,172.31.36.0-255,1298,239275,12,312353
33200,0.031412,74.125.130.0-255,5738,245013,12,312353
33201,0.03142,172.31.36.0-255,66,245079,12,312353
33202,0.03244,104.244.42.0-255,66,245145,12,312353
33203,0.032447,104.244.42.0-255,66,245211,12,312353
33204,0.032571,104.244.42.0-255,66,245277,12,312353
33205,0.033662,74.125.130.0-255,1484,246761,12,312353
33206,0.033692,74.125.130.0-255,4320,251081,12,312353
33207,0.033697,172.31.36.0-255,66,251147,12,312353
33208,0.035914,74.125.130.0-255,5738,256885,12,312353
33209,0.03592,172.31.36.0-255,66,256951,12,312353
33210,0.038157,74.125.130.0-255,5738,262689,12,312353
33211,0.038162,172.31.36.0-255,66,262755,12,312353
33212,0.040382,74.125.130.0-255,5738,268493,12,312353
33213,0.040387,172.31.36.0-255,66,268559,12,312353
33214,0.042604,74.125.130.0-255,4320,272879,12,312353
33215,0.042609,172.31.36.0-255,66,272945,12,312353
33216,0.042639,74.125.130.0-255,1484,274429,12,312353
33217,0.044841,74.125.130.0-255,4320,278749,12,312353
33218,0.044847,172.31.36.0-255,66,278815,12,312353
33219,0.047074,74.125.130.0-255,5738,284553,12,312353
33220,0.047083,172.31.36.0-255,66,284619,12,312353
33221,0.049312,74.125.130.0-255,5738,290357,12,312353
33222,0.049317,172.31.36.0-255,66,290423,12,312353
33223,0.051541,74.125.130.0-255,1484,291907,12,312353
33224,0.051575,74.125.130.0-255,4320,296227,12,312353
33225,0.05158,172.31.36.0-255,66,296293,12,312353
33226,0.053803,74.125.130.0-255,4320,300613,12,312353
33227,0.053808,172.31.36.0-255,66,300679,12,312353
33228,0.053842,74.125.130.0-255,1484,302163,12,312353
33229,0.056028,74.125.130.0-255,4320,306483,12,312353
33230,0.056034,172.31.36.0-255,66,306549,12,312353
33231,0.058259,74.125.130.0-255,5738,312287,12,312353
33232,0.058265,172.31.36.0-255,66,312353,12,312353
33233,0.0,74.125.68.0-255,146,146,12,317543
33234,2.2e-05,172.31.36.0-255,66,212,12,317543
33235,2.9e-05,74.125.68.0-255,1484,1696,12,317543
33236,3.4e-05,172.31.36.0-255,66,1762,12,317543
33237,6.9e-05,74.125.68.0-255,2902,4664,12,317543
33238,7.2e-05,172.31.36.0-255,66,4730,12,317543
33239,7.7e-05,74.125.68.0-255,2902,7632,12,317543
33240,8e-05,172.31.36.0-255,66,7698,12,317543
33241,0.000106,74.125.68.0-255,1484,9182,12,317543
33242,0.00011,172.31.36.0-255,66,9248,12,317543
33243,0.000117,74.125.68.0-255,4777,14025,12,317543
33244,0.00012,172.31.36.0-255,66,14091,12,317543
33245,0.000124,74.125.68.0-255,2902,16993,12,317543
33246,0.000127,172.31.36.0-255,66,17059,12,317543
33247,0.000159,74.125.68.0-255,7156,24215,12,317543
33248,0.000162,172.31.36.0-255,66,24281,12,317543
33249,0.000183,74.125.68.0-255,6797,31078,12,317543
33250,0.000186,172.31.36.0-255,66,31144,12,317543
33251,0.000282,74.125.68.0-255,1484,32628,12,317543
33252,0.000285,172.31.36.0-255,66,32694,12,317543
33253,0.000289,74.125.68.0-255,1484,34178,12,317543
33254,0.000291,172.31.36.0-255,66,34244,12,317543
33255,0.00031,74.125.68.0-255,1484,35728,12,317543
33256,0.000313,172.31.36.0-255,66,35794,12,317543
33257,0.000336,74.125.68.0-255,5738,41532,12,317543
33258,0.000338,172.31.36.0-255,66,41598,12,317543
33259,0.000343,74.125.68.0-255,2902,44500,12,317543
33260,0.000345,172.31.36.0-255,66,44566,12,317543
33261,0.000351,74.125.68.0-255,3961,48527,12,317543
33262,0.000353,172.31.36.0-255,66,48593,12,317543
33263,0.000391,172.31.36.0-255,66,48659,12,317543
33264,0.000397,74.125.68.0-255,4320,52979,12,317543
33265,0.000449,74.125.68.0-255,4267,57246,12,317543
33266,0.000478,74.125.68.0-255,115,57361,12,317543
33267,0.000576,172.31.36.0-255,66,57427,12,317543
33268,0.000608,74.125.68.0-255,1484,58911,12,317543
33269,0.000615,74.125.68.0-255,2902,61813,12,317543
33270,0.000629,74.125.68.0-255,1484,63297,12,317543
33271,0.000636,172.31.36.0-255,66,63363,12,317543
33272,0.000663,74.125.68.0-255,5738,69101,12,317543
33273,0.000677,74.125.68.0-255,1484,70585,12,317543
33274,0.000691,74.125.68.0-255,5738,76323,12,317543
33275,0.000703,74.125.68.0-255,2902,79225,12,317543
33276,0.000708,172.31.36.0-255,66,79291,12,317543
33277,0.000746,74.125.68.0-255,766,80057,12,317543
33278,0.000765,172.31.36.0-255,66,80123,12,317543
33279,0.00079,74.125.68.0-255,331,80454,12,317543
33280,0.000826,74.125.68.0-255,1484,81938,12,317543
33281,0.000839,74.125.68.0-255,2902,84840,12,317543
33282,0.000849,172.31.36.0-255,66,84906,12,317543
33283,0.000861,74.125.68.0-255,4320,89226,12,317543
33284,0.000878,74.125.68.0-255,2902,92128,12,317543
33285,0.00088,172.31.36.0-255,66,92194,12,317543
33286,0.000892,74.125.68.0-255,5738,97932,12,317543
33287,0.000904,74.125.68.0-255,7156,105088,12,317543
33288,0.000929,172.31.36.0-255,66,105154,12,317543
33289,0.000949,74.125.68.0-255,217,105371,12,317543
33290,0.000956,172.31.36.0-255,66,105437,12,317543
33291,0.00098,74.125.68.0-255,1484,106921,12,317543
33292,0.000986,74.125.68.0-255,4320,111241,12,317543
33293,0.00099,74.125.68.0-255,2902,114143,12,317543
33294,0.001003,74.125.68.0-255,2902,117045,12,317543
33295,0.001012,172.31.36.0-255,66,117111,12,317543
33296,0.001019,74.125.68.0-255,1484,118595,12,317543
33297,0.001024,74.125.68.0-255,2902,121497,12,317543
33298,0.001042,74.125.68.0-255,5738,127235,12,317543
33299,0.001049,74.125.68.0-255,7156,134391,12,317543
33300,0.001052,172.31.36.0-255,66,134457,12,317543
33301,0.001086,172.31.36.0-255,66,134523,12,317543
33302,0.001096,74.125.68.0-255,2902,137425,12,317543
33303,0.00111,74.125.68.0-255,2184,139609,12,317543
33304,0.001115,172.31.36.0-255,66,139675,12,317543
33305,0.001363,74.125.68.0-255,1484,141159,12,317543
33306,0.001388,74.125.68.0-255,2902,144061,12,317543
33307,0.001395,74.125.68.0-255,5738,149799,12,317543
33308,0.001404,172.31.36.0-255,66,149865,12,317543
33309,0.001437,74.125.68.0-255,7156,157021,12,317543
33310,0.001452,74.125.68.0-255,1484,158505,12,317543
33311,0.00146,172.31.36.0-255,66,158571,12,317543
33312,0.001483,74.125.68.0-255,2184,160755,12,317543
33313,0.00149,172.31.36.0-255,66,160821,12,317543
33314,0.00161,74.125.68.0-255,1484,162305,12,317543
33315,0.001616,74.125.68.0-255,2902,165207,12,317543
33316,0.001639,74.125.68.0-255,2902,168109,12,317543
33317,0.001645,172.31.36.0-255,66,168175,12,317543
33318,0.001654,74.125.68.0-255,2902,171077,12,317543
33319,0.001666,172.31.36.0-255,66,171143,12,317543
33320,0.001702,74.125.68.0-255,1484,172627,12,317543
33321,0.001728,172.31.36.0-255,66,172693,12,317543
33322,0.001738,74.125.68.0-255,766,173459,12,317543
33323,0.002093,74.125.68.0-255,1484,174943,12,317543
33324,0.002098,172.31.36.0-255,66,175009,12,317543
33325,0.002109,74.125.68.0-255,1484,176493,12,317543
33326,0.002124,74.125.68.0-255,1484,177977,12,317543
33327,0.002151,74.125.68.0-255,1484,179461,12,317543
33328,0.002159,172.31.36.0-255,66,179527,12,317543
33329,0.002168,74.125.68.0-255,4320,183847,12,317543
33330,0.002172,74.125.68.0-255,4320,188167,12,317543
33331,0.002185,74.125.68.0-255,5738,193905,12,317543
33332,0.002217,74.125.68.0-255,2184,196089,12,317543
33333,0.011077,172.31.36.0-255,66,196155,12,317543
33334,0.011825,74.125.68.0-255,1484,197639,12,317543
33335,0.013346,74.125.68.0-255,4320,201959,12,317543
33336,0.013354,172.31.36.0-255,66,202025,12,317543
33337,0.01562,74.125.68.0-255,5738,207763,12,317543
33338,0.015701,172.31.36.0-255,66,207829,12,317543
33339,0.017957,74.125.68.0-255,5738,213567,12,317543
33340,0.017964,172.31.36.0-255,66,213633,12,317543
33341,0.02024,74.125.68.0-255,5738,219371,12,317543
33342,0.0229,172.31.36.0-255,66,219437,12,317543
33343,0.025163,74.125.68.0-255,5738,225175,12,317543
33344,0.025173,172.31.36.0-255,66,225241,12,317543
33345,0.027431,74.125.68.0-255,5738,230979,12,317543
33346,0.027445,172.31.36.0-255,66,231045,12,317543
33347,0.029694,74.125.68.0-255,5738,236783,12,317543
33348,0.029883,172.31.36.0-255,66,236849,12,317543
33349,0.032144,74.125.68.0-255,5738,242587,12,317543
33350,0.032152,172.31.36.0-255,66,242653,12,317543
33351,0.034409,74.125.68.0-255,5738,248391,12,317543
33352,0.034417,172.31.36.0-255,66,248457,12,317543
33353,0.03667,74.125.68.0-255,1484,249941,12,317543
33354,0.036695,74.125.68.0-255,4320,254261,12,317543
33355,0.036699,172.31.36.0-255,66,254327,12,317543
33356,0.037833,172.31.36.0-255,171,254498,12,317543
33357,0.037866,172.31.36.0-255,1132,255630,12,317543
33358,0.037933,172.31.36.0-255,1514,257144,12,317543
33359,0.037935,172.31.36.0-255,1514,258658,12,317543
33360,0.037936,172.31.36.0-255,1514,260172,12,317543
33361,0.037938,172.31.36.0-255,1514,261686,12,317543
33362,0.037939,172.31.36.0-255,149,261835,12,317543
33363,0.038967,74.125.68.0-255,5738,267573,12,317543
33364,0.038974,172.31.36.0-255,66,267639,12,317543
33365,0.039411,104.244.42.0-255,66,267705,12,317543
33366,0.039449,104.244.42.0-255,66,267771,12,317543
33367,0.039547,104.244.42.0-255,66,267837,12,317543
33368,0.039568,104.244.42.0-255,66,267903,12,317543
33369,0.040171,104.244.42.0-255,108,268011,12,317543
33370,0.040177,172.31.36.0-255,66,268077,12,317543
33371,0.041218,74.125.68.0-255,5738,273815,12,317543
33372,0.041222,172.31.36.0-255,66,273881,12,317543
33373,0.043487,74.125.68.0-255,5738,279619,12,317543
33374,0.043494,172.31.36.0-255,66,279685,12,317543
33375,0.045754,74.125.68.0-255,5738,285423,12,317543
33376,0.04576,172.31.36.0-255,66,285489,12,317543
33377,0.048019,74.125.68.0-255,5738,291227,12,317543
33378,0.048026,172.31.36.0-255,66,291293,12,317543
33379,0.050281,74.125.68.0-255,5738,297031,12,317543
33380,0.050288,172.31.36.0-255,66,297097,12,317543
33381,0.052553,74.125.68.0-255,2902,299999,12,317543
33382,0.05256,172.31.36.0-255,66,300065,12,317543
33383,0.052588,74.125.68.0-255,2902,302967,12,317543
33384,0.054809,74.125.68.0-255,2902,305869,12,317543
33385,0.055048,172.31.36.0-255,66,305935,12,317543
33386,0.05731,74.125.68.0-255,5738,311673,12,317543
33387,0.057316,172.31.36.0-255,66,311739,12,317543
33388,0.059585,74.125.68.0-255,5738,317477,12,317543
33389,0.059592,172.31.36.0-255,66,317543,12,317543
33390,0.0,74.125.68.0-255,150,150,12,207113
33391,1.6e-05,172.31.36.0-255,66,216,12,207113
33392,2.3e-05,74.125.68.0-255,1484,1700,12,207113
33393,2.7e-05,172.31.36.0-255,66,1766,12,207113
33394,3.3e-05,74.125.68.0-255,2902,4668,12,207113
33395,3.6e-05,172.31.36.0-255,66,4734,12,207113
33396,6.3e-05,74.125.68.0-255,5738,10472,12,207113
33397,6.7e-05,172.31.36.0-255,66,10538,12,207113
33398,0.000134,74.125.68.0-255,3485,14023,12,207113
33399,0.000139,172.31.36.0-255,66,14089,12,207113
33400,0.000192,74.125.68.0-255,1484,15573,12,207113
33401,0.000196,172.31.36.0-255,66,15639,12,207113
33402,0.000215,74.125.68.0-255,2902,18541,12,207113
33403,0.000217,172.31.36.0-255,66,18607,12,207113
33404,0.000241,74.125.68.0-255,1484,20091,12,207113
33405,0.000244,172.31.36.0-255,66,20157,12,207113
33406,0.000266,74.125.68.0-255,2902,23059,12,207113
33407,0.000268,172.31.36.0-255,66,23125,12,207113
33408,0.000308,74.125.68.0-255,5738,28863,12,207113
33409,0.000311,172.31.36.0-255,66,28929,12,207113
33410,0.000388,74.125.68.0-255,2543,31472,12,207113
33411,0.000391,172.31.36.0-255,66,31538,12,207113
33412,0.000431,74.125.68.0-255,2902,34440,12,207113
33413,0.000434,172.31.36.0-255,66,34506,12,207113
33414,0.000467,74.125.68.0-255,5738,40244,12,207113
33415,0.000471,172.31.36.0-255,66,40310,12,207113
33416,0.000558,74.125.68.0-255,7156,47466,12,207113
33417,0.000563,172.31.36.0-255,66,47532,12,207113
33418,0.000577,74.125.68.0-255,5379,52911,12,207113
33419,0.00058,172.31.36.0-255,66,52977,12,207113
33420,0.000739,74.125.68.0-255,4320,57297,12,207113
33421,0.000746,172.31.36.0-255,66,57363,12,207113
33422,0.000797,74.125.68.0-255,1484,58847,12,207113
33423,0.00082,74.125.68.0-255,7072,65919,12,207113
33424,0.000824,172.31.36.0-255,66,65985,12,207113
33425,0.000912,74.125.68.0-255,2902,68887,12,207113
33426,0.000916,172.31.36.0-255,66,68953,12,207113
33427,0.000962,74.125.68.0-255,4320,73273,12,207113
33428,0.000965,172.31.36.0-255,66,73339,12,207113
33429,0.001004,172.31.36.0-255,66,73405,12,207113
33430,0.001255,74.125.68.0-255,7156,80561,12,207113
33431,0.001261,172.31.36.0-255,66,80627,12,207113
33432,0.001299,172.31.36.0-255,66,80693,12,207113
33433,0.001661,172.31.36.0-255,66,80759,12,207113
33434,0.001691,172.31.36.0-255,66,80825,12,207113
33435,0.001885,172.31.36.0-255,66,80891,12,207113
33436,0.001925,172.31.36.0-255,66,80957,12,207113
33437,0.002378,172.31.36.0-255,66,81023,12,207113
33438,0.002442,172.31.36.0-255,66,81089,12,207113
33439,0.003282,172.31.36.0-255,66,81155,12,207113
33440,0.003393,172.31.36.0-255,66,81221,12,207113
33441,0.005636,74.125.68.0-255,5738,86959,12,207113
33442,0.005642,172.31.36.0-255,66,87025,12,207113
33443,0.007889,74.125.68.0-255,5738,92763,12,207113
33444,0.007894,172.31.36.0-255,66,92829,12,207113
33445,0.010139,74.125.68.0-255,5738,98567,12,207113
33446,0.010146,172.31.36.0-255,66,98633,12,207113
33447,0.012404,74.125.68.0-255,5738,104371,12,207113
33448,0.012421,172.31.36.0-255,66,104437,12,207113
33449,0.014682,74.125.68.0-255,5738,110175,12,207113
33450,0.01469,172.31.36.0-255,66,110241,12,207113
33451,0.016938,74.125.68.0-255,5738,115979,12,207113
33452,0.016946,172.31.36.0-255,66,116045,12,207113
33453,0.019192,74.125.68.0-255,5738,121783,12,207113
33454,0.0192,172.31.36.0-255,66,121849,12,207113
33455,0.021452,74.125.68.0-255,5738,127587,12,207113
33456,0.021461,172.31.36.0-255,66,127653,12,207113
33457,0.023713,74.125.68.0-255,5738,133391,12,207113
33458,0.023721,172.31.36.0-255,66,133457,12,207113
33459,0.025975,74.125.68.0-255,5738,139195,12,207113
33460,0.025984,172.31.36.0-255,66,139261,12,207113
33461,0.028235,74.125.68.0-255,5738,144999,12,207113
33462,0.028243,172.31.36.0-255,66,145065,12,207113
33463,0.030503,74.125.68.0-255,5738,150803,12,207113
33464,0.030512,172.31.36.0-255,66,150869,12,207113
33465,0.032763,74.125.68.0-255,5738,156607,12,207113
33466,0.032786,172.31.36.0-255,66,156673,12,207113
33467,0.035033,74.125.68.0-255,5738,162411,12,207113
33468,0.035042,172.31.36.0-255,66,162477,12,207113
33469,0.037286,74.125.68.0-255,5738,168215,12,207113
33470,0.037294,172.31.36.0-255,66,168281,12,207113
33471,0.03938,172.31.36.0-255,172,168453,12,207113
33472,0.039434,172.31.36.0-255,1109,169562,12,207113
33473,0.039512,172.31.36.0-255,1514,171076,12,207113
33474,0.039514,172.31.36.0-255,1514,172590,12,207113
33475,0.039518,172.31.36.0-255,1514,174104,12,207113
33476,0.039519,172.31.36.0-255,397,174501,12,207113
33477,0.039541,74.125.68.0-255,4320,178821,12,207113
33478,0.039547,172.31.36.0-255,66,178887,12,207113
33479,0.039571,74.125.68.0-255,1484,180371,12,207113
33480,0.040958,104.244.42.0-255,66,180437,12,207113
33481,0.040993,104.244.42.0-255,66,180503,12,207113
33482,0.041088,104.244.42.0-255,66,180569,12,207113
33483,0.041108,104.244.42.0-255,66,180635,12,207113
33484,0.041785,74.125.68.0-255,4320,184955,12,207113
33485,0.04179,172.31.36.0-255,66,185021,12,207113
33486,0.044043,74.125.68.0-255,5738,190759,12,207113
33487,0.044049,172.31.36.0-255,66,190825,12,207113
33488,0.046293,74.125.68.0-255,5738,196563,12,207113
33489,0.046298,172.31.36.0-255,66,196629,12,207113
33490,0.048548,74.125.68.0-255,5738,202367,12,207113
33491,0.048554,172.31.36.0-255,66,202433,12,207113
33492,0.050802,74.125.68.0-255,4443,206876,12,207113
33493,0.050807,172.31.36.0-255,66,206942,12,207113
33494,0.050958,172.31.36.0-255,105,207047,12,207113
33495,0.053157,74.125.68.0-255,66,207113,12,207113
33496,0.0,74.125.24.0-255,153,153,12,227897
33497,2.8e-05,172.31.36.0-255,66,219,12,227897
33498,3.5e-05,74.125.24.0-255,1484,1703,12,227897
33499,4e-05,172.31.36.0-255,66,1769,12,227897
33500,4.7e-05,74.125.24.0-255,2902,4671,12,227897
33501,5e-05,172.31.36.0-255,66,4737,12,227897
33502,5.7e-05,74.125.24.0-255,7156,11893,12,227897
33503,6e-05,172.31.36.0-255,66,11959,12,227897
33504,7.7e-05,74.125.24.0-255,3468,15427,12,227897
33505,8e-05,172.31.36.0-255,66,15493,12,227897
33506,9.5e-05,172.31.36.0-255,66,15559,12,227897
33507,9.9e-05,74.125.24.0-255,2543,18102,12,227897
33508,0.000102,172.31.36.0-255,66,18168,12,227897
33509,0.000127,74.125.24.0-255,2902,21070,12,227897
33510,0.00013,172.31.36.0-255,66,21136,12,227897
33511,0.000153,74.125.24.0-255,7156,28292,12,227897
33512,0.000157,172.31.36.0-255,66,28358,12,227897
33513,0.00016,74.125.24.0-255,2902,31260,12,227897
33514,0.000162,172.31.36.0-255,66,31326,12,227897
33515,0.00022,74.125.24.0-255,3961,35287,12,227897
33516,0.000224,172.31.36.0-255,66,35353,12,227897
33517,0.000259,74.125.24.0-255,4320,39673,12,227897
33518,0.000261,172.31.36.0-255,66,39739,12,227897
33519,0.00028,74.125.24.0-255,2902,42641,12,227897
33520,0.000284,172.31.36.0-255,66,42707,12,227897
33521,0.000299,74.125.24.0-255,5738,48445,12,227897
33522,0.000303,172.31.36.0-255,66,48511,12,227897
33523,0.000326,74.125.24.0-255,2902,51413,12,227897
33524,0.00033,172.31.36.0-255,66,51479,12,227897
33525,0.000334,74.125.24.0-255,1706,53185,12,227897
33526,0.000336,172.31.36.0-255,66,53251,12,227897
33527,0.000381,74.125.24.0-255,1484,54735,12,227897
33528,0.000388,74.125.24.0-255,2902,57637,12,227897
33529,0.000401,172.31.36.0-255,66,57703,12,227897
33530,0.000407,74.125.24.0-255,2902,60605,12,227897
33531,0.00042,74.125.24.0-255,2902,63507,12,227897
33532,0.00042,172.31.36.0-255,66,63573,12,227897
33533,0.000428,172.31.36.0-255,66,63639,12,227897
33534,0.00044,74.125.24.0-255,1484,65123,12,227897
33535,0.000458,74.125.24.0-255,5738,70861,12,227897
33536,0.00047,172.31.36.0-255,66,70927,12,227897
33537,0.000482,74.125.24.0-255,6797,77724,12,227897
33538,0.000495,172.31.36.0-255,66,77790,12,227897
33539,0.000533,74.125.24.0-255,4320,82110,12,227897
33540,0.000548,74.125.24.0-255,5379,87489,12,227897
33541,0.00055,172.31.36.0-255,66,87555,12,227897
33542,0.000555,172.31.36.0-255,66,87621,12,227897
33543,0.000728,74.125.24.0-255,1484,89105,12,227897
33544,0.000741,74.125.24.0-255,2902,92007,12,227897
33545,0.000745,172.31.36.0-255,66,92073,12,227897
33546,0.000766,74.125.24.0-255,1484,93557,12,227897
33547,0.000781,74.125.24.0-255,4320,97877,12,227897
33548,0.000792,172.31.36.0-255,66,97943,12,227897
33549,0.000809,74.125.24.0-255,1484,99427,12,227897
33550,0.000819,74.125.24.0-255,2902,102329,12,227897
33551,0.000823,172.31.36.0-255,66,102395,12,227897
33552,0.000844,74.125.24.0-255,5738,108133,12,227897
33553,0.000847,172.31.36.0-255,66,108199,12,227897
33554,0.000868,74.125.24.0-255,4320,112519,12,227897
33555,0.000876,172.31.36.0-255,66,112585,12,227897
33556,0.000889,74.125.24.0-255,7156,119741,12,227897
33557,0.000897,172.31.36.0-255,66,119807,12,227897
33558,0.000908,74.125.24.0-255,2184,121991,12,227897
33559,0.000916,172.31.36.0-255,66,122057,12,227897
33560,0.001024,74.125.24.0-255,1484,123541,12,227897
33561,0.001038,74.125.24.0-255,2902,126443,12,227897
33562,0.001042,172.31.36.0-255,66,126509,12,227897
33563,0.001059,74.125.24.0-255,1484,127993,12,227897
33564,0.001072,74.125.24.0-255,4320,132313,12,227897
33565,0.001075,74.125.24.0-255,1484,133797,12,227897
33566,0.001078,172.31.36.0-255,66,133863,12,227897
33567,0.001105,172.31.36.0-255,66,133929,12,227897
33568,0.001121,74.125.24.0-255,1484,135413,12,227897
33569,0.001139,74.125.24.0-255,5738,141151,12,227897
33570,0.001148,172.31.36.0-255,66,141217,12,227897
33571,0.001161,74.125.24.0-255,1484,142701,12,227897
33572,0.001164,172.31.36.0-255,66,142767,12,227897
33573,0.001179,74.125.24.0-255,7156,149923,12,227897
33574,0.001187,172.31.36.0-255,66,149989,12,227897
33575,0.001197,74.125.24.0-255,1484,151473,12,227897
33576,0.001233,172.31.36.0-255,66,151539,12,227897
33577,0.001252,172.31.36.0-255,66,151605,12,227897
33578,0.00127,74.125.24.0-255,766,152371,12,227897
33579,0.001273,74.125.24.0-255,1484,153855,12,227897
33580,0.001277,74.125.24.0-255,2902,156757,12,227897
33581,0.001279,172.31.36.0-255,66,156823,12,227897
33582,0.001282,74.125.24.0-255,4320,161143,12,227897
33583,0.001285,172.31.36.0-255,66,161209,12,227897
33584,0.001299,172.31.36.0-255,66,161275,12,227897
33585,0.001313,172.31.36.0-255,66,161341,12,227897
33586,0.001317,74.125.24.0-255,1484,162825,12,227897
33587,0.001332,74.125.24.0-255,2902,165727,12,227897
33588,0.001341,172.31.36.0-255,66,165793,12,227897
33589,0.001346,74.125.24.0-255,1484,167277,12,227897
33590,0.001365,74.125.24.0-255,4320,171597,12,227897
33591,0.00137,172.31.36.0-255,66,171663,12,227897
33592,0.001378,74.125.24.0-255,7156,178819,12,227897
33593,0.001382,172.31.36.0-255,66,178885,12,227897
33594,0.001402,74.125.24.0-255,5738,184623,12,227897
33595,0.001406,172.31.36.0-255,66,184689,12,227897
33596,0.001423,172.31.36.0-255,66,184755,12,227897
33597,0.001424,74.125.24.0-255,2184,186939,12,227897
33598,0.001427,172.31.36.0-255,66,187005,12,227897
33599,0.001461,74.125.24.0-255,4320,191325,12,227897
33600,0.00147,172.31.36.0-255,66,191391,12,227897
33601,0.001499,172.31.36.0-255,66,191457,12,227897
33602,0.001504,172.31.36.0-255,66,191523,12,227897
33603,0.001536,74.125.24.0-255,6438,197961,12,227897
33604,0.00154,172.31.36.0-255,66,198027,12,227897
33605,0.001813,74.125.24.0-255,1484,199511,12,227897
33606,0.001818,74.125.24.0-255,1484,200995,12,227897
33607,0.001821,172.31.36.0-255,66,201061,12,227897
33608,0.001826,74.125.24.0-255,2902,203963,12,227897
33609,0.00184,172.31.36.0-255,66,204029,12,227897
33610,0.00186,74.125.24.0-255,5738,209767,12,227897
33611,0.001866,172.31.36.0-255,66,209833,12,227897
33612,0.001914,74.125.24.0-255,2902,212735,12,227897
33613,0.001926,172.31.36.0-255,66,212801,12,227897
33614,0.001962,172.31.36.0-255,66,212867,12,227897
33615,0.001978,172.31.36.0-255,66,212933,12,227897
33616,0.002009,74.125.24.0-255,4320,217253,12,227897
33617,0.002019,172.31.36.0-255,66,217319,12,227897
33618,0.002064,172.31.36.0-255,66,217385,12,227897
33619,0.002068,172.31.36.0-255,66,217451,12,227897
33620,0.002095,172.31.36.0-255,66,217517,12,227897
33621,0.004144,74.125.24.0-255,105,217622,12,227897
33622,0.00845,172.31.36.0-255,66,217688,12,227897
33623,0.008485,172.31.36.0-255,105,217793,12,227897
33624,0.010511,74.125.24.0-255,66,217859,12,227897
33625,0.033152,172.31.36.0-255,172,218031,12,227897
33626,0.033183,172.31.36.0-255,1110,219141,12,227897
33627,0.033221,172.31.36.0-255,1514,220655,12,227897
33628,0.033223,172.31.36.0-255,1514,222169,12,227897
33629,0.033227,172.31.36.0-255,1514,223683,12,227897
33630,0.033228,172.31.36.0-255,1514,225197,12,227897
33631,0.033247,172.31.36.0-255,1514,226711,12,227897
33632,0.033248,172.31.36.0-255,922,227633,12,227897
33633,0.034689,104.244.42.0-255,66,227699,12,227897
33634,0.034712,104.244.42.0-255,66,227765,12,227897
33635,0.034779,104.244.42.0-255,66,227831,12,227897
33636,0.034785,104.244.42.0-255,66,227897,12,227897
33637,0.0,172.217.194.0-255,146,146,12,181780
33638,3e-05,172.31.36.0-255,66,212,12,181780
33639,3.7e-05,172.217.194.0-255,1484,1696,12,181780
33640,4.1e-05,172.31.36.0-255,66,1762,12,181780
33641,4.6e-05,172.217.194.0-255,2902,4664,12,181780
33642,4.8e-05,172.31.36.0-255,66,4730,12,181780
33643,6.4e-05,172.217.194.0-255,7156,11886,12,181780
33644,6.6e-05,172.31.36.0-255,66,11952,12,181780
33645,7e-05,172.217.194.0-255,2011,13963,12,181780
33646,7.3e-05,172.31.36.0-255,66,14029,12,181780
33647,7.8e-05,172.217.194.0-255,2902,16931,12,181780
33648,8.1e-05,172.31.36.0-255,66,16997,12,181780
33649,0.000142,172.217.194.0-255,7156,24153,12,181780
33650,0.000146,172.31.36.0-255,66,24219,12,181780
33651,0.000153,172.217.194.0-255,6797,31016,12,181780
33652,0.000156,172.31.36.0-255,66,31082,12,181780
33653,0.000175,172.217.194.0-255,1484,32566,12,181780
33654,0.000184,172.31.36.0-255,66,32632,12,181780
33655,0.000189,172.217.194.0-255,2902,35534,12,181780
33656,0.000191,172.31.36.0-255,66,35600,12,181780
33657,0.000197,172.217.194.0-255,5738,41338,12,181780
33658,0.0002,172.31.36.0-255,66,41404,12,181780
33659,0.000233,172.31.36.0-255,66,41470,12,181780
33660,0.000245,172.217.194.0-255,5738,47208,12,181780
33661,0.000248,172.31.36.0-255,66,47274,12,181780
33662,0.000283,172.217.194.0-255,4320,51594,12,181780
33663,0.000287,172.31.36.0-255,66,51660,12,181780
33664,0.000293,172.217.194.0-255,4275,55935,12,181780
33665,0.000296,172.31.36.0-255,66,56001,12,181780
33666,0.000304,172.217.194.0-255,98,56099,12,181780
33667,0.000306,172.31.36.0-255,66,56165,12,181780
33668,0.000331,172.217.194.0-255,364,56529,12,181780
33669,0.000339,172.31.36.0-255,66,56595,12,181780
33670,0.000434,172.217.194.0-255,1484,58079,12,181780
33671,0.000438,172.31.36.0-255,66,58145,12,181780
33672,0.000443,172.217.194.0-255,2902,61047,12,181780
33673,0.000448,172.31.36.0-255,66,61113,12,181780
33674,0.000477,172.217.194.0-255,5738,66851,12,181780
33675,0.000481,172.31.36.0-255,66,66917,12,181780
33676,0.000488,172.217.194.0-255,7156,74073,12,181780
33677,0.000492,172.217.194.0-255,2902,76975,12,181780
33678,0.000492,172.31.36.0-255,66,77041,12,181780
33679,0.000495,172.31.36.0-255,66,77107,12,181780
33680,0.000541,172.217.194.0-255,2184,79291,12,181780
33681,0.000545,172.31.36.0-255,66,79357,12,181780
33682,0.000569,172.217.194.0-255,1484,80841,12,181780
33683,0.000574,172.217.194.0-255,2902,83743,12,181780
33684,0.000577,172.217.194.0-255,1484,85227,12,181780
33685,0.000589,172.31.36.0-255,66,85293,12,181780
33686,0.000598,172.217.194.0-255,4320,89613,12,181780
33687,0.000605,172.31.36.0-255,66,89679,12,181780
33688,0.000642,172.31.36.0-255,66,89745,12,181780
33689,0.000647,172.31.36.0-255,66,89811,12,181780
33690,0.000671,172.217.194.0-255,766,90577,12,181780
33691,0.000782,172.217.194.0-255,1484,92061,12,181780
33692,0.000788,172.217.194.0-255,2902,94963,12,181780
33693,0.000789,172.31.36.0-255,66,95029,12,181780
33694,0.000794,172.31.36.0-255,66,95095,12,181780
33695,0.000809,172.217.194.0-255,5738,100833,12,181780
33696,0.000821,172.31.36.0-255,66,100899,12,181780
33697,0.00086,172.31.36.0-255,66,100965,12,181780
33698,0.000898,172.31.36.0-255,66,101031,12,181780
33699,0.001106,172.217.194.0-255,1484,102515,12,181780
33700,0.001111,172.217.194.0-255,2902,105417,12,181780
33701,0.001115,172.31.36.0-255,66,105483,12,181780
33702,0.001122,172.217.194.0-255,5738,111221,12,181780
33703,0.001129,172.31.36.0-255,66,111287,12,181780
33704,0.001144,172.217.194.0-255,7156,118443,12,181780
33705,0.001157,172.31.36.0-255,66,118509,12,181780
33706,0.001181,172.31.36.0-255,66,118575,12,181780
33707,0.001209,172.217.194.0-255,4320,122895,12,181780
33708,0.001213,172.217.194.0-255,2184,125079,12,181780
33709,0.001224,172.31.36.0-255,66,125145,12,181780
33710,0.001305,172.31.36.0-255,66,125211,12,181780
33711,0.001326,172.31.36.0-255,66,125277,12,181780
33712,0.001366,172.31.36.0-255,66,125343,12,181780
33713,0.00137,172.217.194.0-255,5020,130363,12,181780
33714,0.001387,172.31.36.0-255,66,130429,12,181780
33715,0.001398,172.217.194.0-255,7156,137585,12,181780
33716,0.001403,172.31.36.0-255,66,137651,12,181780
33717,0.001428,172.217.194.0-255,7156,144807,12,181780
33718,0.00144,172.31.36.0-255,66,144873,12,181780
33719,0.001444,172.31.36.0-255,66,144939,12,181780
33720,0.001462,172.217.194.0-255,1484,146423,12,181780
33721,0.001472,172.217.194.0-255,3602,150025,12,181780
33722,0.001481,172.31.36.0-255,66,150091,12,181780
33723,0.001494,172.217.194.0-255,5738,155829,12,181780
33724,0.001502,172.31.36.0-255,66,155895,12,181780
33725,0.00151,172.217.194.0-255,1484,157379,12,181780
33726,0.001527,172.31.36.0-255,66,157445,12,181780
33727,0.00155,172.217.194.0-255,4320,161765,12,181780
33728,0.001556,172.31.36.0-255,66,161831,12,181780
33729,0.001586,172.217.194.0-255,1484,163315,12,181780
33730,0.001592,172.31.36.0-255,66,163381,12,181780
33731,0.001691,172.217.194.0-255,1484,164865,12,181780
33732,0.001716,172.217.194.0-255,7156,172021,12,181780
33733,0.001776,172.217.194.0-255,1484,173505,12,181780
33734,0.001791,172.217.194.0-255,1484,174989,12,181780
33735,0.001813,172.217.194.0-255,5067,180056,12,181780
33736,0.001816,172.217.194.0-255,105,180161,12,181780
33737,0.004977,172.31.36.0-255,66,180227,12,181780
33738,0.009845,172.31.36.0-255,105,180332,12,181780
33739,0.012415,172.217.194.0-255,66,180398,12,181780
33740,0.033445,172.31.36.0-255,172,180570,12,181780
33741,0.033473,172.31.36.0-255,1078,181648,12,181780
33742,0.035024,104.244.42.0-255,66,181714,12,181780
33743,0.035033,104.244.42.0-255,66,181780,12,181780
33744,0.0,74.125.24.0-255,292,292,12,210079
33745,3.2e-05,172.31.36.0-255,66,358,12,210079
33746,3.7e-05,74.125.24.0-255,1484,1842,12,210079
33747,4.1e-05,172.31.36.0-255,66,1908,12,210079
33748,4.7e-05,74.125.24.0-255,4320,6228,12,210079
33749,5e-05,172.31.36.0-255,66,6294,12,210079
33750,5.6e-05,74.125.24.0-255,5738,12032,12,210079
33751,5.9e-05,172.31.36.0-255,66,12098,12,210079
33752,7.7e-05,74.125.24.0-255,2902,15000,12,210079
33753,8e-05,172.31.36.0-255,66,15066,12,210079
33754,0.000116,172.31.36.0-255,66,15132,12,210079
33755,0.000123,74.125.24.0-255,6797,21929,12,210079
33756,0.000125,172.31.36.0-255,66,21995,12,210079
33757,0.000273,74.125.24.0-255,1484,23479,12,210079
33758,0.000278,172.31.36.0-255,66,23545,12,210079
33759,0.000283,74.125.24.0-255,2902,26447,12,210079
33760,0.000286,172.31.36.0-255,66,26513,12,210079
33761,0.000291,74.125.24.0-255,4320,30833,12,210079
33762,0.000295,172.31.36.0-255,66,30899,12,210079
33763,0.000319,74.125.24.0-255,1484,32383,12,210079
33764,0.000322,172.31.36.0-255,66,32449,12,210079
33765,0.000336,172.31.36.0-255,66,32515,12,210079
33766,0.000364,74.125.24.0-255,5379,37894,12,210079
33767,0.000368,172.31.36.0-255,66,37960,12,210079
33768,0.000381,172.31.36.0-255,66,38026,12,210079
33769,0.000535,74.125.24.0-255,396,38422,12,210079
33770,0.00054,172.31.36.0-255,66,38488,12,210079
33771,0.000704,74.125.24.0-255,1484,39972,12,210079
33772,0.000709,74.125.24.0-255,2902,42874,12,210079
33773,0.000711,172.31.36.0-255,66,42940,12,210079
33774,0.000715,172.31.36.0-255,66,43006,12,210079
33775,0.000734,74.125.24.0-255,5738,48744,12,210079
33776,0.000737,172.31.36.0-255,66,48810,12,210079
33777,0.000771,172.31.36.0-255,66,48876,12,210079
33778,0.000783,172.31.36.0-255,66,48942,12,210079
33779,0.000805,74.125.24.0-255,1048,49990,12,210079
33780,0.00089,74.125.24.0-255,1484,51474,12,210079
33781,0.000894,172.31.36.0-255,66,51540,12,210079
33782,0.000898,74.125.24.0-255,1484,53024,12,210079
33783,0.000909,74.125.24.0-255,1484,54508,12,210079
33784,0.000912,172.31.36.0-255,66,54574,12,210079
33785,0.00094,74.125.24.0-255,5738,60312,12,210079
33786,0.000943,172.31.36.0-255,66,60378,12,210079
33787,0.000946,74.125.24.0-255,1484,61862,12,210079
33788,0.000956,172.31.36.0-255,66,61928,12,210079
33789,0.000978,74.125.24.0-255,7156,69084,12,210079
33790,0.00098,172.31.36.0-255,66,69150,12,210079
33791,0.001006,74.125.24.0-255,6438,75588,12,210079
33792,0.001009,172.31.36.0-255,66,75654,12,210079
33793,0.001054,74.125.24.0-255,1484,77138,12,210079
33794,0.001069,74.125.24.0-255,2902,80040,12,210079
33795,0.001073,172.31.36.0-255,66,80106,12,210079
33796,0.00108,74.125.24.0-255,5738,85844,12,210079
33797,0.001082,172.31.36.0-255,66,85910,12,210079
33798,0.001116,172.31.36.0-255,66,85976,12,210079
33799,0.001134,74.125.24.0-255,2902,88878,12,210079
33800,0.001136,172.31.36.0-255,66,88944,12,210079
33801,0.001149,172.31.36.0-255,66,89010,12,210079
33802,0.001179,74.125.24.0-255,5738,94748,12,210079
33803,0.001183,172.31.36.0-255,66,94814,12,210079
33804,0.00121,74.125.24.0-255,5738,100552,12,210079
33805,0.001213,172.31.36.0-255,66,100618,12,210079
33806,0.001227,172.31.36.0-255,66,100684,12,210079
33807,0.001234,74.125.24.0-255,7156,107840,12,210079
33808,0.001237,172.31.36.0-255,66,107906,12,210079
33809,0.001254,74.125.24.0-255,2184,110090,12,210079
33810,0.001257,172.31.36.0-255,66,110156,12,210079
33811,0.001269,74.125.24.0-255,1484,111640,12,210079
33812,0.001295,172.31.36.0-255,66,111706,12,210079
33813,0.001298,74.125.24.0-255,1484,113190,12,210079
33814,0.001324,172.31.36.0-255,66,113256,12,210079
33815,0.001344,74.125.24.0-255,4320,117576,12,210079
33816,0.001348,172.31.36.0-255,66,117642,12,210079
33817,0.001374,172.31.36.0-255,66,117708,12,210079
33818,0.001386,74.125.24.0-255,1484,119192,12,210079
33819,0.00139,74.125.24.0-255,2902,122094,12,210079
33820,0.001394,172.31.36.0-255,66,122160,12,210079
33821,0.001413,74.125.24.0-255,5738,127898,12,210079
33822,0.001416,172.31.36.0-255,66,127964,12,210079
33823,0.001455,74.125.24.0-255,1484,129448,12,210079
33824,0.00149,172.31.36.0-255,66,129514,12,210079
33825,0.001502,172.31.36.0-255,66,129580,12,210079
33826,0.001515,172.31.36.0-255,66,129646,12,210079
33827,0.001537,74.125.24.0-255,5020,134666,12,210079
33828,0.00154,172.31.36.0-255,66,134732,12,210079
33829,0.001553,172.31.36.0-255,66,134798,12,210079
33830,0.001579,74.125.24.0-255,5020,139818,12,210079
33831,0.001583,172.31.36.0-255,66,139884,12,210079
33832,0.00162,74.125.24.0-255,1484,141368,12,210079
33833,0.001624,74.125.24.0-255,1484,142852,12,210079
33834,0.001627,172.31.36.0-255,66,142918,12,210079
33835,0.001644,74.125.24.0-255,1484,144402,12,210079
33836,0.001652,74.125.24.0-255,5738,150140,12,210079
33837,0.001655,172.31.36.0-255,66,150206,12,210079
33838,0.001657,74.125.24.0-255,1484,151690,12,210079
33839,0.001697,172.31.36.0-255,66,151756,12,210079
33840,0.001705,74.125.24.0-255,7156,158912,12,210079
33841,0.001714,172.31.36.0-255,66,158978,12,210079
33842,0.001722,74.125.24.0-255,3602,162580,12,210079
33843,0.001725,172.31.36.0-255,66,162646,12,210079
33844,0.001911,74.125.24.0-255,1484,164130,12,210079
33845,0.001918,74.125.24.0-255,2902,167032,12,210079
33846,0.001921,172.31.36.0-255,66,167098,12,210079
33847,0.001926,74.125.24.0-255,2902,170000,12,210079
33848,0.001928,172.31.36.0-255,66,170066,12,210079
33849,0.001944,74.125.24.0-255,2902,172968,12,210079
33850,0.001947,172.31.36.0-255,66,173034,12,210079
33851,0.001959,172.31.36.0-255,66,173100,12,210079
33852,0.002003,74.125.24.0-255,7156,180256,12,210079
33853,0.002007,172.31.36.0-255,66,180322,12,210079
33854,0.00203,74.125.24.0-255,6438,186760,12,210079
33855,0.002033,172.31.36.0-255,66,186826,12,210079
33856,0.002089,74.125.24.0-255,1484,188310,12,210079
33857,0.002104,74.125.24.0-255,2902,191212,12,210079
33858,0.002108,172.31.36.0-255,66,191278,12,210079
33859,0.002115,74.125.24.0-255,5738,197016,12,210079
33860,0.002117,172.31.36.0-255,66,197082,12,210079
33861,0.002156,172.31.36.0-255,66,197148,12,210079
33862,0.00217,172.31.36.0-255,66,197214,12,210079
33863,0.002199,74.125.24.0-255,4320,201534,12,210079
33864,0.002202,172.31.36.0-255,66,201600,12,210079
33865,0.002227,74.125.24.0-255,6689,208289,12,210079
33866,0.002232,172.31.36.0-255,66,208355,12,210079
33867,0.002235,74.125.24.0-255,105,208460,12,210079
33868,0.008501,172.31.36.0-255,66,208526,12,210079
33869,0.008528,172.31.36.0-255,105,208631,12,210079
33870,0.010894,74.125.24.0-255,66,208697,12,210079
33871,0.033905,172.31.36.0-255,172,208869,12,210079
33872,0.033938,172.31.36.0-255,1078,209947,12,210079
33873,0.035451,104.244.42.0-255,66,210013,12,210079
33874,0.035487,104.244.42.0-255,66,210079,12,210079
33875,0.0,172.217.194.0-255,153,153,12,318930
33876,2.5e-05,172.31.36.0-255,66,219,12,318930
33877,3.3e-05,172.217.194.0-255,1484,1703,12,318930
33878,3.8e-05,172.31.36.0-255,66,1769,12,318930
33879,4.4e-05,172.217.194.0-255,2902,4671,12,318930
33880,4.7e-05,172.31.36.0-255,66,4737,12,318930
33881,5.5e-05,172.217.194.0-255,7156,11893,12,318930
33882,5.9e-05,172.31.36.0-255,66,11959,12,318930
33883,6.3e-05,172.217.194.0-255,2038,13997,12,318930
33884,6.5e-05,172.31.36.0-255,66,14063,12,318930
33885,0.000138,172.217.194.0-255,1484,15547,12,318930
33886,0.000143,172.217.194.0-255,2902,18449,12,318930
33887,0.000147,172.31.36.0-255,66,18515,12,318930
33888,0.000152,172.31.36.0-255,66,18581,12,318930
33889,0.000171,172.217.194.0-255,5738,24319,12,318930
33890,0.000173,172.31.36.0-255,66,24385,12,318930
33891,0.000198,172.217.194.0-255,2902,27287,12,318930
33892,0.0002,172.31.36.0-255,66,27353,12,318930
33893,0.000223,172.217.194.0-255,6797,34150,12,318930
33894,0.000226,172.31.36.0-255,66,34216,12,318930
33895,0.000229,172.217.194.0-255,1484,35700,12,318930
33896,0.000231,172.31.36.0-255,66,35766,12,318930
33897,0.000251,172.217.194.0-255,7156,42922,12,318930
33898,0.000253,172.31.36.0-255,66,42988,12,318930
33899,0.000276,172.217.194.0-255,1484,44472,12,318930
33900,0.000279,172.31.36.0-255,66,44538,12,318930
33901,0.000285,172.217.194.0-255,3961,48499,12,318930
33902,0.000287,172.31.36.0-255,66,48565,12,318930
33903,0.000978,172.217.194.0-255,1484,50049,12,318930
33904,0.000985,172.31.36.0-255,66,50115,12,318930
33905,0.000993,172.217.194.0-255,2902,53017,12,318930
33906,0.000995,172.31.36.0-255,66,53083,12,318930
33907,0.001003,172.217.194.0-255,5738,58821,12,318930
33908,0.001005,172.31.36.0-255,66,58887,12,318930
33909,0.001011,172.217.194.0-255,4320,63207,12,318930
33910,0.001013,172.31.36.0-255,66,63273,12,318930
33911,0.00103,172.217.194.0-255,2543,65816,12,318930
33912,0.001032,172.31.36.0-255,66,65882,12,318930
33913,0.001036,172.217.194.0-255,1484,67366,12,318930
33914,0.001063,172.31.36.0-255,66,67432,12,318930
33915,0.001084,172.217.194.0-255,1484,68916,12,318930
33916,0.001103,172.31.36.0-255,66,68982,12,318930
33917,0.001106,172.217.194.0-255,766,69748,12,318930
33918,0.00112,172.217.194.0-255,1484,71232,12,318930
33919,0.001122,172.31.36.0-255,66,71298,12,318930
33920,0.001148,172.217.194.0-255,4320,75618,12,318930
33921,0.001151,172.31.36.0-255,66,75684,12,318930
33922,0.001159,172.217.194.0-255,7156,82840,12,318930
33923,0.001161,172.31.36.0-255,66,82906,12,318930
33924,0.001175,172.217.194.0-255,2902,85808,12,318930
33925,0.001177,172.31.36.0-255,66,85874,12,318930
33926,0.00118,172.217.194.0-255,1010,86884,12,318930
33927,0.001365,172.217.194.0-255,1484,88368,12,318930
33928,0.001371,172.31.36.0-255,66,88434,12,318930
33929,0.001378,172.217.194.0-255,2902,91336,12,318930
33930,0.001382,172.31.36.0-255,66,91402,12,318930
33931,0.001388,172.217.194.0-255,5738,97140,12,318930
33932,0.00139,172.31.36.0-255,66,97206,12,318930
33933,0.001426,172.217.194.0-255,5738,102944,12,318930
33934,0.00143,172.31.36.0-255,66,103010,12,318930
33935,0.001448,172.217.194.0-255,1820,104830,12,318930
33936,0.001451,172.31.36.0-255,66,104896,12,318930
33937,0.001469,172.217.194.0-255,2902,107798,12,318930
33938,0.001472,172.31.36.0-255,66,107864,12,318930
33939,0.001493,172.217.194.0-255,2902,110766,12,318930
33940,0.001495,172.31.36.0-255,66,110832,12,318930
33941,0.001503,172.217.194.0-255,7156,117988,12,318930
33942,0.001506,172.31.36.0-255,66,118054,12,318930
33943,0.001541,172.217.194.0-255,2902,120956,12,318930
33944,0.001544,172.31.36.0-255,66,121022,12,318930
33945,0.001572,172.31.36.0-255,66,121088,12,318930
33946,0.001579,172.217.194.0-255,6438,127526,12,318930
33947,0.001581,172.31.36.0-255,66,127592,12,318930
33948,0.001945,172.217.194.0-255,1484,129076,12,318930
33949,0.001954,172.217.194.0-255,2902,131978,12,318930
33950,0.001959,172.31.36.0-255,66,132044,12,318930
33951,0.001967,172.217.194.0-255,5738,137782,12,318930
33952,0.00197,172.31.36.0-255,66,137848,12,318930
33953,0.002004,172.217.194.0-255,7156,145004,12,318930
33954,0.002008,172.31.36.0-255,66,145070,12,318930
33955,0.00202,172.31.36.0-255,66,145136,12,318930
33956,0.002027,172.217.194.0-255,7156,152292,12,318930
33957,0.002029,172.31.36.0-255,66,152358,12,318930
33958,0.004028,172.217.194.0-255,5738,158096,12,318930
33959,0.004034,172.31.36.0-255,66,158162,12,318930
33960,0.006032,172.217.194.0-255,4320,162482,12,318930
33961,0.006036,172.31.36.0-255,66,162548,12,318930
33962,0.006047,172.217.194.0-255,1484,164032,12,318930
33963,0.008045,172.217.194.0-255,4320,168352,12,318930
33964,0.008052,172.31.36.0-255,66,168418,12,318930
33965,0.010077,172.217.194.0-255,5738,174156,12,318930
33966,0.010086,172.31.36.0-255,66,174222,12,318930
33967,0.01209,172.217.194.0-255,5738,179960,12,318930
33968,0.012108,172.31.36.0-255,66,180026,12,318930
33969,0.014109,172.217.194.0-255,5738,185764,12,318930
33970,0.014118,172.31.36.0-255,66,185830,12,318930
33971,0.016133,172.217.194.0-255,5738,191568,12,318930
33972,0.016141,172.31.36.0-255,66,191634,12,318930
33973,0.018171,172.217.194.0-255,5738,197372,12,318930
33974,0.018182,172.31.36.0-255,66,197438,12,318930
33975,0.02022,172.217.194.0-255,5738,203176,12,318930
33976,0.020229,172.31.36.0-255,66,203242,12,318930
33977,0.022262,172.217.194.0-255,5738,208980,12,318930
33978,0.02227,172.31.36.0-255,66,209046,12,318930
33979,0.024264,172.217.194.0-255,5738,214784,12,318930
33980,0.024272,172.31.36.0-255,66,214850,12,318930
33981,0.025644,172.31.36.0-255,172,215022,12,318930
33982,0.025677,172.31.36.0-255,1108,216130,12,318930
33983,0.025736,172.31.36.0-255,1514,217644,12,318930
33984,0.025738,172.31.36.0-255,1514,219158,12,318930
33985,0.025762,172.31.36.0-255,708,219866,12,318930
33986,0.026273,172.217.194.0-255,5738,225604,12,318930
33987,0.02628,172.31.36.0-255,66,225670,12,318930
33988,0.027209,104.244.42.0-255,66,225736,12,318930
33989,0.027217,104.244.42.0-255,66,225802,12,318930
33990,0.02729,104.244.42.0-255,66,225868,12,318930
33991,0.027339,104.244.42.0-255,66,225934,12,318930
33992,0.02831,172.217.194.0-255,5738,231672,12,318930
33993,0.028317,172.31.36.0-255,66,231738,12,318930
33994,0.03033,172.217.194.0-255,5738,237476,12,318930
33995,0.030337,172.31.36.0-255,66,237542,12,318930
33996,0.032377,172.217.194.0-255,5738,243280,12,318930
33997,0.032383,172.31.36.0-255,66,243346,12,318930
33998,0.034362,172.217.194.0-255,2902,246248,12,318930
33999,0.03437,172.31.36.0-255,66,246314,12,318930
34000,0.034391,172.217.194.0-255,2902,249216,12,318930
34001,0.034395,172.31.36.0-255,66,249282,12,318930
34002,0.036398,172.217.194.0-255,5738,255020,12,318930
34003,0.036405,172.31.36.0-255,66,255086,12,318930
34004,0.038405,172.217.194.0-255,5738,260824,12,318930
34005,0.038412,172.31.36.0-255,66,260890,12,318930
34006,0.040414,172.217.194.0-255,5738,266628,12,318930
34007,0.040421,172.31.36.0-255,66,266694,12,318930
34008,0.04245,172.217.194.0-255,5738,272432,12,318930
34009,0.042456,172.31.36.0-255,66,272498,12,318930
34010,0.044456,172.217.194.0-255,5738,278236,12,318930
34011,0.044473,172.31.36.0-255,66,278302,12,318930
34012,0.046475,172.217.194.0-255,5738,284040,12,318930
34013,0.046482,172.31.36.0-255,66,284106,12,318930
34014,0.048535,172.217.194.0-255,5738,289844,12,318930
34015,0.048543,172.31.36.0-255,66,289910,12,318930
34016,0.050548,172.217.194.0-255,5738,295648,12,318930
34017,0.050555,172.31.36.0-255,66,295714,12,318930
34018,0.052551,172.217.194.0-255,5738,301452,12,318930
34019,0.052557,172.31.36.0-255,66,301518,12,318930
34020,0.054585,172.217.194.0-255,5738,307256,12,318930
34021,0.054591,172.31.36.0-255,66,307322,12,318930
34022,0.056617,172.217.194.0-255,5738,313060,12,318930
34023,0.056623,172.31.36.0-255,66,313126,12,318930
34024,0.058636,172.217.194.0-255,5738,318864,12,318930
34025,0.058643,172.31.36.0-255,66,318930,12,318930
34026,0.0,74.125.24.0-255,156,156,12,161645
34027,3.4e-05,172.31.36.0-255,66,222,12,161645
34028,4.1e-05,74.125.24.0-255,1484,1706,12,161645
34029,4.5e-05,172.31.36.0-255,66,1772,12,161645
34030,4.8e-05,74.125.24.0-255,1484,3256,12,161645
34031,5.1e-05,172.31.36.0-255,66,3322,12,161645
34032,8.6e-05,74.125.24.0-255,1484,4806,12,161645
34033,8.9e-05,172.31.36.0-255,66,4872,12,161645
34034,9.6e-05,74.125.24.0-255,5738,10610,12,161645
34035,9.8e-05,172.31.36.0-255,66,10676,12,161645
34036,0.000116,172.31.36.0-255,66,10742,12,161645
34037,0.000142,74.125.24.0-255,2056,12798,12,161645
34038,0.000145,172.31.36.0-255,66,12864,12,161645
34039,0.000148,74.125.24.0-255,1484,14348,12,161645
34040,0.000155,172.31.36.0-255,66,14414,12,161645
34041,0.000161,74.125.24.0-255,5379,19793,12,161645
34042,0.000164,172.31.36.0-255,66,19859,12,161645
34043,0.000197,74.125.24.0-255,5738,25597,12,161645
34044,0.000213,172.31.36.0-255,66,25663,12,161645
34045,0.000217,74.125.24.0-255,1484,27147,12,161645
34046,0.000219,172.31.36.0-255,66,27213,12,161645
34047,0.00023,172.31.36.0-255,66,27279,12,161645
34048,0.00025,74.125.24.0-255,1484,28763,12,161645
34049,0.000258,172.31.36.0-255,66,28829,12,161645
34050,0.0003,172.31.36.0-255,66,28895,12,161645
34051,0.000303,74.125.24.0-255,415,29310,12,161645
34052,0.000305,172.31.36.0-255,66,29376,12,161645
34053,0.000519,74.125.24.0-255,1484,30860,12,161645
34054,0.000524,172.31.36.0-255,66,30926,12,161645
34055,0.000529,74.125.24.0-255,2902,33828,12,161645
34056,0.000532,172.31.36.0-255,66,33894,12,161645
34057,0.000552,74.125.24.0-255,5738,39632,12,161645
34058,0.00056,172.31.36.0-255,66,39698,12,161645
34059,0.000565,74.125.24.0-255,2902,42600,12,161645
34060,0.000567,172.31.36.0-255,66,42666,12,161645
34061,0.000608,172.31.36.0-255,66,42732,12,161645
34062,0.000649,74.125.24.0-255,4320,47052,12,161645
34063,0.000652,172.31.36.0-255,66,47118,12,161645
34064,0.000674,74.125.24.0-255,6438,53556,12,161645
34065,0.000678,172.31.36.0-255,66,53622,12,161645
34066,0.000773,74.125.24.0-255,1484,55106,12,161645
34067,0.00078,74.125.24.0-255,2902,58008,12,161645
34068,0.000782,172.31.36.0-255,66,58074,12,161645
34069,0.000789,74.125.24.0-255,5738,63812,12,161645
34070,0.000791,172.31.36.0-255,66,63878,12,161645
34071,0.000837,172.31.36.0-255,66,63944,12,161645
34072,0.000856,172.31.36.0-255,66,64010,12,161645
34073,0.000893,172.31.36.0-255,66,64076,12,161645
34074,0.000925,74.125.24.0-255,2902,66978,12,161645
34075,0.000929,172.31.36.0-255,66,67044,12,161645
34076,0.000932,74.125.24.0-255,1484,68528,12,161645
34077,0.000953,172.31.36.0-255,66,68594,12,161645
34078,0.000957,74.125.24.0-255,2902,71496,12,161645
34079,0.000961,172.31.36.0-255,66,71562,12,161645
34080,0.000994,74.125.24.0-255,3602,75164,12,161645
34081,0.000997,172.31.36.0-255,66,75230,12,161645
34082,0.001046,74.125.24.0-255,1484,76714,12,161645
34083,0.001061,74.125.24.0-255,2902,79616,12,161645
34084,0.001065,172.31.36.0-255,66,79682,12,161645
34085,0.001091,74.125.24.0-255,5738,85420,12,161645
34086,0.001099,172.31.36.0-255,66,85486,12,161645
34087,0.001116,74.125.24.0-255,4320,89806,12,161645
34088,0.001119,172.31.36.0-255,66,89872,12,161645
34089,0.001156,172.31.36.0-255,66,89938,12,161645
34090,0.001168,172.31.36.0-255,66,90004,12,161645
34091,0.001268,74.125.24.0-255,1484,91488,12,161645
34092,0.001274,74.125.24.0-255,2902,94390,12,161645
34093,0.001277,172.31.36.0-255,66,94456,12,161645
34094,0.001281,74.125.24.0-255,1484,95940,12,161645
34095,0.001302,74.125.24.0-255,4320,100260,12,161645
34096,0.001306,172.31.36.0-255,66,100326,12,161645
34097,0.001311,74.125.24.0-255,4320,104646,12,161645
34098,0.001314,172.31.36.0-255,66,104712,12,161645
34099,0.00132,74.125.24.0-255,5738,110450,12,161645
34100,0.001322,172.31.36.0-255,66,110516,12,161645
34101,0.001336,172.31.36.0-255,66,110582,12,161645
34102,0.00134,74.125.24.0-255,2184,112766,12,161645
34103,0.001343,172.31.36.0-255,66,112832,12,161645
34104,0.00142,74.125.24.0-255,1484,114316,12,161645
34105,0.001442,74.125.24.0-255,2902,117218,12,161645
34106,0.001445,172.31.36.0-255,66,117284,12,161645
34107,0.001452,74.125.24.0-255,5738,123022,12,161645
34108,0.001455,172.31.36.0-255,66,123088,12,161645
34109,0.001478,172.31.36.0-255,66,123154,12,161645
34110,0.00151,74.125.24.0-255,2902,126056,12,161645
34111,0.001517,172.31.36.0-255,66,126122,12,161645
34112,0.00153,172.31.36.0-255,66,126188,12,161645
34113,0.001557,74.125.24.0-255,2184,128372,12,161645
34114,0.00156,172.31.36.0-255,66,128438,12,161645
34115,0.001611,74.125.24.0-255,1484,129922,12,161645
34116,0.001616,74.125.24.0-255,2902,132824,12,161645
34117,0.001619,172.31.36.0-255,66,132890,12,161645
34118,0.00166,74.125.24.0-255,2902,135792,12,161645
34119,0.001664,172.31.36.0-255,66,135858,12,161645
34120,0.001686,74.125.24.0-255,2902,138760,12,161645
34121,0.00169,172.31.36.0-255,66,138826,12,161645
34122,0.001704,172.31.36.0-255,66,138892,12,161645
34123,0.001715,172.31.36.0-255,66,138958,12,161645
34124,0.001718,74.125.24.0-255,766,139724,12,161645
34125,0.001721,74.125.24.0-255,1484,141208,12,161645
34126,0.001723,172.31.36.0-255,66,141274,12,161645
34127,0.001727,74.125.24.0-255,1484,142758,12,161645
34128,0.001763,74.125.24.0-255,2902,145660,12,161645
34129,0.001767,172.31.36.0-255,66,145726,12,161645
34130,0.001778,172.31.36.0-255,66,145792,12,161645
34131,0.001797,172.31.36.0-255,66,145858,12,161645
34132,0.001847,172.31.36.0-255,66,145924,12,161645
34133,0.001875,74.125.24.0-255,3602,149526,12,161645
34134,0.001879,172.31.36.0-255,66,149592,12,161645
34135,0.001893,172.31.36.0-255,66,149658,12,161645
34136,0.001913,172.31.36.0-255,66,149724,12,161645
34137,0.001946,74.125.24.0-255,7156,156880,12,161645
34138,0.001949,172.31.36.0-255,66,156946,12,161645
34139,0.001968,172.31.36.0-255,66,157012,12,161645
34140,0.001971,74.125.24.0-255,105,157117,12,161645
34141,0.003561,172.31.36.0-255,66,157183,12,161645
34142,0.003588,172.31.36.0-255,105,157288,12,161645
34143,0.005863,74.125.24.0-255,66,157354,12,161645
34144,0.031929,172.31.36.0-255,172,157526,12,161645
34145,0.031959,172.31.36.0-255,1109,158635,12,161645
34146,0.032008,172.31.36.0-255,1514,160149,12,161645
34147,0.03201,172.31.36.0-255,1298,161447,12,161645
34148,0.033479,104.244.42.0-255,66,161513,12,161645
34149,0.033611,104.244.42.0-255,66,161579,12,161645
34150,0.033651,104.244.42.0-255,66,161645,12,161645
34151,0.0,74.125.24.0-255,153,153,12,265502
34152,2.3e-05,172.31.36.0-255,66,219,12,265502
34153,3e-05,74.125.24.0-255,1484,1703,12,265502
34154,3.6e-05,172.31.36.0-255,66,1769,12,265502
34155,4.3e-05,74.125.24.0-255,2902,4671,12,265502
34156,4.6e-05,172.31.36.0-255,66,4737,12,265502
34157,5e-05,74.125.24.0-255,2902,7639,12,265502
34158,5.3e-05,172.31.36.0-255,66,7705,12,265502
34159,8.2e-05,74.125.24.0-255,6305,14010,12,265502
34160,8.6e-05,172.31.36.0-255,66,14076,12,265502
34161,0.00027,74.125.24.0-255,1484,15560,12,265502
34162,0.000275,172.31.36.0-255,66,15626,12,265502
34163,0.000282,74.125.24.0-255,2902,18528,12,265502
34164,0.000285,172.31.36.0-255,66,18594,12,265502
34165,0.000291,74.125.24.0-255,5738,24332,12,265502
34166,0.000294,172.31.36.0-255,66,24398,12,265502
34167,0.000317,74.125.24.0-255,5738,30136,12,265502
34168,0.00032,172.31.36.0-255,66,30202,12,265502
34169,0.000355,172.31.36.0-255,66,30268,12,265502
34170,0.000367,172.31.36.0-255,66,30334,12,265502
34171,0.000415,172.31.36.0-255,66,30400,12,265502
34172,0.000442,74.125.24.0-255,6438,36838,12,265502
34173,0.000444,172.31.36.0-255,66,36904,12,265502
34174,0.000447,74.125.24.0-255,390,37294,12,265502
34175,0.000449,172.31.36.0-255,66,37360,12,265502
34176,0.000462,74.125.24.0-255,354,37714,12,265502
34177,0.000465,172.31.36.0-255,66,37780,12,265502
34178,0.000548,74.125.24.0-255,1484,39264,12,265502
34179,0.000552,172.31.36.0-255,66,39330,12,265502
34180,0.000558,74.125.24.0-255,2902,42232,12,265502
34181,0.000571,172.31.36.0-255,66,42298,12,265502
34182,0.000583,74.125.24.0-255,5738,48036,12,265502
34183,0.000587,172.31.36.0-255,66,48102,12,265502
34184,0.000635,74.125.24.0-255,4320,52422,12,265502
34185,0.00064,172.31.36.0-255,66,52488,12,265502
34186,0.00065,74.125.24.0-255,2543,55031,12,265502
34187,0.00067,172.31.36.0-255,66,55097,12,265502
34188,0.000703,74.125.24.0-255,1484,56581,12,265502
34189,0.000708,74.125.24.0-255,2902,59483,12,265502
34190,0.000711,74.125.24.0-255,1484,60967,12,265502
34191,0.00072,172.31.36.0-255,66,61033,12,265502
34192,0.000732,74.125.24.0-255,4320,65353,12,265502
34193,0.000736,74.125.24.0-255,2902,68255,12,265502
34194,0.000758,74.125.24.0-255,3961,72216,12,265502
34195,0.000771,172.31.36.0-255,66,72282,12,265502
34196,0.00093,74.125.24.0-255,1484,73766,12,265502
34197,0.000936,74.125.24.0-255,2902,76668,12,265502
34198,0.00094,74.125.24.0-255,2902,79570,12,265502
34199,0.000958,74.125.24.0-255,2902,82472,12,265502
34200,0.000964,172.31.36.0-255,66,82538,12,265502
34201,0.001037,172.31.36.0-255,66,82604,12,265502
34202,0.001057,74.125.24.0-255,1484,84088,12,265502
34203,0.001075,74.125.24.0-255,2902,86990,12,265502
34204,0.001083,172.31.36.0-255,66,87056,12,265502
34205,0.001094,74.125.24.0-255,5738,92794,12,265502
34206,0.001099,172.31.36.0-255,66,92860,12,265502
34207,0.001109,74.125.24.0-255,5738,98598,12,265502
34208,0.001122,74.125.24.0-255,4320,102918,12,265502
34209,0.001138,74.125.24.0-255,1484,104402,12,265502
34210,0.00117,74.125.24.0-255,2184,106586,12,265502
34211,0.001172,172.31.36.0-255,66,106652,12,265502
34212,0.001177,172.31.36.0-255,66,106718,12,265502
34213,0.001208,74.125.24.0-255,1484,108202,12,265502
34214,0.001212,74.125.24.0-255,1484,109686,12,265502
34215,0.001227,74.125.24.0-255,1484,111170,12,265502
34216,0.001233,74.125.24.0-255,4320,115490,12,265502
34217,0.00124,172.31.36.0-255,66,115556,12,265502
34218,0.001248,74.125.24.0-255,1484,117040,12,265502
34219,0.001262,74.125.24.0-255,4320,121360,12,265502
34220,0.001275,74.125.24.0-255,2902,124262,12,265502
34221,0.001281,74.125.24.0-255,5738,130000,12,265502
34222,0.001295,172.31.36.0-255,66,130066,12,265502
34223,0.001318,74.125.24.0-255,2184,132250,12,265502
34224,0.001334,172.31.36.0-255,66,132316,12,265502
34225,0.001415,74.125.24.0-255,1484,133800,12,265502
34226,0.001419,74.125.24.0-255,1484,135284,12,265502
34227,0.001425,172.31.36.0-255,66,135350,12,265502
34228,0.001432,74.125.24.0-255,1484,136834,12,265502
34229,0.001439,74.125.24.0-255,5738,142572,12,265502
34230,0.001444,74.125.24.0-255,4320,146892,12,265502
34231,0.00145,172.31.36.0-255,66,146958,12,265502
34232,0.00146,74.125.24.0-255,2902,149860,12,265502
34233,0.001495,172.31.36.0-255,66,149926,12,265502
34234,0.001533,172.31.36.0-255,66,149992,12,265502
34235,0.001562,74.125.24.0-255,1484,151476,12,265502
34236,0.001585,74.125.24.0-255,2902,154378,12,265502
34237,0.001623,74.125.24.0-255,1484,155862,12,265502
34238,0.001637,74.125.24.0-255,2902,158764,12,265502
34239,0.001655,74.125.24.0-255,2902,161666,12,265502
34240,0.001674,74.125.24.0-255,5738,167404,12,265502
34241,0.00168,172.31.36.0-255,66,167470,12,265502
34242,0.00171,172.31.36.0-255,66,167536,12,265502
34243,0.00172,74.125.24.0-255,1484,169020,12,265502
34244,0.001741,74.125.24.0-255,2902,171922,12,265502
34245,0.001744,74.125.24.0-255,1484,173406,12,265502
34246,0.001759,74.125.24.0-255,4320,177726,12,265502
34247,0.001762,74.125.24.0-255,1484,179210,12,265502
34248,0.001768,172.31.36.0-255,66,179276,12,265502
34249,0.001793,74.125.24.0-255,1484,180760,12,265502
34250,0.001808,74.125.24.0-255,5738,186498,12,265502
34251,0.001816,172.31.36.0-255,66,186564,12,265502
34252,0.001838,74.125.24.0-255,3602,190166,12,265502
34253,0.001857,172.31.36.0-255,66,190232,12,265502
34254,0.001976,74.125.24.0-255,1484,191716,12,265502
34255,0.001982,74.125.24.0-255,1484,193200,12,265502
34256,0.001993,74.125.24.0-255,1484,194684,12,265502
34257,0.001997,172.31.36.0-255,66,194750,12,265502
34258,0.002009,74.125.24.0-255,5738,200488,12,265502
34259,0.002015,172.31.36.0-255,66,200554,12,265502
34260,0.002053,172.31.36.0-255,66,200620,12,265502
34261,0.002063,74.125.24.0-255,2902,203522,12,265502
34262,0.002097,172.31.36.0-255,66,203588,12,265502
34263,0.002231,74.125.24.0-255,1484,205072,12,265502
34264,0.002237,74.125.24.0-255,2902,207974,12,265502
34265,0.002243,172.31.36.0-255,66,208040,12,265502
34266,0.002256,74.125.24.0-255,5738,213778,12,265502
34267,0.002259,74.125.24.0-255,1484,215262,12,265502
34268,0.002272,172.31.36.0-255,66,215328,12,265502
34269,0.006018,172.31.36.0-255,66,215394,12,265502
34270,0.008289,74.125.24.0-255,5738,221132,12,265502
34271,0.008295,172.31.36.0-255,66,221198,12,265502
34272,0.010581,74.125.24.0-255,5738,226936,12,265502
34273,0.010588,172.31.36.0-255,66,227002,12,265502
34274,0.012857,74.125.24.0-255,5738,232740,12,265502
34275,0.012865,172.31.36.0-255,66,232806,12,265502
34276,0.015141,74.125.24.0-255,5738,238544,12,265502
34277,0.01725,172.31.36.0-255,66,238610,12,265502
34278,0.019518,74.125.24.0-255,5738,244348,12,265502
34279,0.019527,172.31.36.0-255,66,244414,12,265502
34280,0.021791,74.125.24.0-255,5738,250152,12,265502
34281,0.021799,172.31.36.0-255,66,250218,12,265502
34282,0.024108,74.125.24.0-255,5006,255224,12,265502
34283,0.024116,172.31.36.0-255,66,255290,12,265502
34284,0.02436,172.31.36.0-255,105,255395,12,265502
34285,0.026611,74.125.24.0-255,66,255461,12,265502
34286,0.037074,172.31.36.0-255,172,255633,12,265502
34287,0.037132,172.31.36.0-255,1110,256743,12,265502
34288,0.037205,172.31.36.0-255,1514,258257,12,265502
34289,0.037207,172.31.36.0-255,1514,259771,12,265502
34290,0.037208,172.31.36.0-255,1514,261285,12,265502
34291,0.037209,172.31.36.0-255,1514,262799,12,265502
34292,0.037238,172.31.36.0-255,1514,264313,12,265502
34293,0.037244,172.31.36.0-255,925,265238,12,265502
34294,0.03857,104.244.42.0-255,66,265304,12,265502
34295,0.038624,104.244.42.0-255,66,265370,12,265502
34296,0.038739,104.244.42.0-255,66,265436,12,265502
34297,0.038745,104.244.42.0-255,66,265502,12,265502
34298,0.0,172.31.36.0-255,105,105,12,276
34299,0.001998,157.240.13.0-255,105,210,12,276
34300,0.002009,172.31.36.0-255,66,276,12,276
34301,0.0,74.125.130.0-255,152,152,12,369845
34302,2.7e-05,172.31.36.0-255,66,218,12,369845
34303,3.3e-05,74.125.130.0-255,1484,1702,12,369845
34304,3.7e-05,172.31.36.0-255,66,1768,12,369845
34305,4e-05,74.125.130.0-255,1484,3252,12,369845
34306,4.3e-05,172.31.36.0-255,66,3318,12,369845
34307,4.9e-05,74.125.130.0-255,2902,6220,12,369845
34308,5.2e-05,172.31.36.0-255,66,6286,12,369845
34309,5.6e-05,74.125.130.0-255,1484,7770,12,369845
34310,5.8e-05,172.31.36.0-255,66,7836,12,369845
34311,8e-05,74.125.130.0-255,4320,12156,12,369845
34312,8.2e-05,172.31.36.0-255,66,12222,12,369845
34313,0.000112,74.125.130.0-255,4874,17096,12,369845
34314,0.000115,172.31.36.0-255,66,17162,12,369845
34315,0.000121,74.125.130.0-255,5738,22900,12,369845
34316,0.000124,172.31.36.0-255,66,22966,12,369845
34317,0.000157,74.125.130.0-255,7156,30122,12,369845
34318,0.000159,172.31.36.0-255,66,30188,12,369845
34319,0.000172,74.125.130.0-255,1125,31313,12,369845
34320,0.000175,172.31.36.0-255,66,31379,12,369845
34321,0.000241,74.125.130.0-255,1484,32863,12,369845
34322,0.000244,172.31.36.0-255,66,32929,12,369845
34323,0.000264,74.125.130.0-255,2902,35831,12,369845
34324,0.000267,172.31.36.0-255,66,35897,12,369845
34325,0.000282,74.125.130.0-255,4320,40217,12,369845
34326,0.000287,172.31.36.0-255,66,40283,12,369845
34327,0.000325,74.125.130.0-255,5738,46021,12,369845
34328,0.000343,172.31.36.0-255,66,46087,12,369845
34329,0.000348,74.125.130.0-255,2902,48989,12,369845
34330,0.00035,172.31.36.0-255,66,49055,12,369845
34331,0.000355,74.125.130.0-255,4320,53375,12,369845
34332,0.000358,172.31.36.0-255,66,53441,12,369845
34333,0.00038,74.125.130.0-255,1484,54925,12,369845
34334,0.000415,74.125.130.0-255,2902,57827,12,369845
34335,0.000418,172.31.36.0-255,66,57893,12,369845
34336,0.000424,74.125.130.0-255,4320,62213,12,369845
34337,0.000426,172.31.36.0-255,66,62279,12,369845
34338,0.00044,74.125.130.0-255,1484,63763,12,369845
34339,0.000445,74.125.130.0-255,2184,65947,12,369845
34340,0.000448,172.31.36.0-255,66,66013,12,369845
34341,0.000542,74.125.130.0-255,376,66389,12,369845
34342,0.000555,74.125.130.0-255,98,66487,12,369845
34343,0.00102,172.31.36.0-255,66,66553,12,369845
34344,0.00138,74.125.130.0-255,1484,68037,12,369845
34345,0.001403,74.125.130.0-255,2902,70939,12,369845
34346,0.001407,172.31.36.0-255,66,71005,12,369845
34347,0.001428,74.125.130.0-255,4320,75325,12,369845
34348,0.00143,172.31.36.0-255,66,75391,12,369845
34349,0.001448,74.125.130.0-255,1484,76875,12,369845
34350,0.001451,74.125.130.0-255,1484,78359,12,369845
34351,0.001453,172.31.36.0-255,66,78425,12,369845
34352,0.001459,74.125.130.0-255,2902,81327,12,369845
34353,0.001461,172.31.36.0-255,66,81393,12,369845
34354,0.00149,74.125.130.0-255,5738,87131,12,369845
34355,0.001494,172.31.36.0-255,66,87197,12,369845
34356,0.001498,74.125.130.0-255,1484,88681,12,369845
34357,0.001515,74.125.130.0-255,2902,91583,12,369845
34358,0.001517,172.31.36.0-255,66,91649,12,369845
34359,0.001539,74.125.130.0-255,5738,97387,12,369845
34360,0.001542,172.31.36.0-255,66,97453,12,369845
34361,0.001545,74.125.130.0-255,1484,98937,12,369845
34362,0.001601,74.125.130.0-255,2184,101121,12,369845
34363,0.001604,172.31.36.0-255,66,101187,12,369845
34364,0.001893,74.125.130.0-255,1484,102671,12,369845
34365,0.001925,74.125.130.0-255,2902,105573,12,369845
34366,0.001927,172.31.36.0-255,66,105639,12,369845
34367,0.001943,74.125.130.0-255,1484,107123,12,369845
34368,0.001963,74.125.130.0-255,4320,111443,12,369845
34369,0.001965,172.31.36.0-255,66,111509,12,369845
34370,0.001968,74.125.130.0-255,1484,112993,12,369845
34371,0.001983,74.125.130.0-255,2902,115895,12,369845
34372,0.001985,172.31.36.0-255,66,115961,12,369845
34373,0.002016,74.125.130.0-255,5738,121699,12,369845
34374,0.002018,172.31.36.0-255,66,121765,12,369845
34375,0.002037,74.125.130.0-255,7156,128921,12,369845
34376,0.002039,172.31.36.0-255,66,128987,12,369845
34377,0.002055,74.125.130.0-255,1484,130471,12,369845
34378,0.002071,74.125.130.0-255,5020,135491,12,369845
34379,0.002073,172.31.36.0-255,66,135557,12,369845
34380,0.002076,74.125.130.0-255,1484,137041,12,369845
34381,0.002095,74.125.130.0-255,5738,142779,12,369845
34382,0.002098,172.31.36.0-255,66,142845,12,369845
34383,0.00211,74.125.130.0-255,4320,147165,12,369845
34384,0.002113,172.31.36.0-255,66,147231,12,369845
34385,0.002133,74.125.130.0-255,5738,152969,12,369845
34386,0.002136,172.31.36.0-255,66,153035,12,369845
34387,0.002146,172.31.36.0-255,66,153101,12,369845
34388,0.002163,74.125.130.0-255,2902,156003,12,369845
34389,0.002165,172.31.36.0-255,66,156069,12,369845
34390,0.002171,74.125.130.0-255,5020,161089,12,369845
34391,0.002174,172.31.36.0-255,66,161155,12,369845
34392,0.002193,74.125.130.0-255,5738,166893,12,369845
34393,0.002196,172.31.36.0-255,66,166959,12,369845
34394,0.002216,74.125.130.0-255,5738,172697,12,369845
34395,0.002218,172.31.36.0-255,66,172763,12,369845
34396,0.002245,74.125.130.0-255,7156,179919,12,369845
34397,0.002248,172.31.36.0-255,66,179985,12,369845
34398,0.002262,74.125.130.0-255,1484,181469,12,369845
34399,0.002283,172.31.36.0-255,66,181535,12,369845
34400,0.00233,172.31.36.0-255,66,181601,12,369845
34401,0.002346,74.125.130.0-255,5738,187339,12,369845
34402,0.00235,172.31.36.0-255,66,187405,12,369845
34403,0.002373,74.125.130.0-255,5738,193143,12,369845
34404,0.002375,172.31.36.0-255,66,193209,12,369845
34405,0.002381,74.125.130.0-255,7156,200365,12,369845
34406,0.002384,172.31.36.0-255,66,200431,12,369845
34407,0.002387,74.125.130.0-255,1484,201915,12,369845
34408,0.002412,74.125.130.0-255,6438,208353,12,369845
34409,0.002415,172.31.36.0-255,66,208419,12,369845
34410,0.002422,74.125.130.0-255,7156,215575,12,369845
34411,0.002424,172.31.36.0-255,66,215641,12,369845
34412,0.002491,172.31.36.0-255,66,215707,12,369845
34413,0.002502,172.31.36.0-255,66,215773,12,369845
34414,0.002508,74.125.130.0-255,5738,221511,12,369845
34415,0.00251,172.31.36.0-255,66,221577,12,369845
34416,0.002529,74.125.130.0-255,3602,225179,12,369845
34417,0.002532,172.31.36.0-255,66,225245,12,369845
34418,0.002536,74.125.130.0-255,2902,228147,12,369845
34419,0.002538,172.31.36.0-255,66,228213,12,369845
34420,0.00256,172.31.36.0-255,66,228279,12,369845
34421,0.00259,74.125.130.0-255,5738,234017,12,369845
34422,0.002593,172.31.36.0-255,66,234083,12,369845
34423,0.002599,74.125.130.0-255,5738,239821,12,369845
34424,0.002601,172.31.36.0-255,66,239887,12,369845
34425,0.002604,74.125.130.0-255,2902,242789,12,369845
34426,0.002606,172.31.36.0-255,66,242855,12,369845
34427,0.00515,74.125.130.0-255,5738,248593,12,369845
34428,0.005156,172.31.36.0-255,66,248659,12,369845
34429,0.007715,74.125.130.0-255,5738,254397,12,369845
34430,0.00772,172.31.36.0-255,66,254463,12,369845
34431,0.010286,74.125.130.0-255,5738,260201,12,369845
34432,0.010293,172.31.36.0-255,66,260267,12,369845
34433,0.012865,74.125.130.0-255,5738,266005,12,369845
34434,0.012872,172.31.36.0-255,66,266071,12,369845
34435,0.015447,74.125.130.0-255,5738,271809,12,369845
34436,0.015456,172.31.36.0-255,66,271875,12,369845
34437,0.018027,74.125.130.0-255,5738,277613,12,369845
34438,0.018035,172.31.36.0-255,66,277679,12,369845
34439,0.020612,74.125.130.0-255,5738,283417,12,369845
34440,0.020618,172.31.36.0-255,66,283483,12,369845
34441,0.023192,74.125.130.0-255,5738,289221,12,369845
34442,0.023201,172.31.36.0-255,66,289287,12,369845
34443,0.025767,74.125.130.0-255,5738,295025,12,369845
34444,0.025774,172.31.36.0-255,66,295091,12,369845
34445,0.028359,74.125.130.0-255,5738,300829,12,369845
34446,0.028366,172.31.36.0-255,66,300895,12,369845
34447,0.030932,74.125.130.0-255,5738,306633,12,369845
34448,0.030939,172.31.36.0-255,66,306699,12,369845
34449,0.031302,172.31.36.0-255,176,306875,12,369845
34450,0.031335,172.31.36.0-255,1109,307984,12,369845
34451,0.031366,172.31.36.0-255,1514,309498,12,369845
34452,0.031368,172.31.36.0-255,1514,311012,12,369845
34453,0.031374,172.31.36.0-255,1514,312526,12,369845
34454,0.031375,172.31.36.0-255,390,312916,12,369845
34455,0.032788,104.244.42.0-255,66,312982,12,369845
34456,0.03282,104.244.42.0-255,66,313048,12,369845
34457,0.03289,104.244.42.0-255,66,313114,12,369845
34458,0.032893,104.244.42.0-255,66,313180,12,369845
34459,0.033497,74.125.130.0-255,5738,318918,12,369845
34460,0.033502,172.31.36.0-255,66,318984,12,369845
34461,0.036064,74.125.130.0-255,5738,324722,12,369845
34462,0.03607,172.31.36.0-255,66,324788,12,369845
34463,0.038652,74.125.130.0-255,5738,330526,12,369845
34464,0.03866,172.31.36.0-255,66,330592,12,369845
34465,0.041222,74.125.130.0-255,5738,336330,12,369845
34466,0.041232,172.31.36.0-255,66,336396,12,369845
34467,0.043791,74.125.130.0-255,5738,342134,12,369845
34468,0.043796,172.31.36.0-255,66,342200,12,369845
34469,0.046349,74.125.130.0-255,5738,347938,12,369845
34470,0.046354,172.31.36.0-255,66,348004,12,369845
34471,0.048912,74.125.130.0-255,5738,353742,12,369845
34472,0.048917,172.31.36.0-255,66,353808,12,369845
34473,0.051479,74.125.130.0-255,5738,359546,12,369845
34474,0.051484,172.31.36.0-255,66,359612,12,369845
34475,0.054051,74.125.130.0-255,2902,362514,12,369845
34476,0.054056,172.31.36.0-255,66,362580,12,369845
34477,0.054084,74.125.130.0-255,2902,365482,12,369845
34478,0.054088,172.31.36.0-255,66,365548,12,369845
34479,0.056609,74.125.130.0-255,2902,368450,12,369845
34480,0.056613,172.31.36.0-255,66,368516,12,369845
34481,0.056639,74.125.130.0-255,1092,369608,12,369845
34482,0.056777,172.31.36.0-255,66,369674,12,369845
34483,0.056803,172.31.36.0-255,105,369779,12,369845
34484,0.059325,74.125.130.0-255,66,369845,12,369845
34485,0.0,172.217.194.0-255,66,66,12,66
34486,0.0,172.217.24.0-255,156,156,12,322267
34487,1.5e-05,172.31.36.0-255,66,222,12,322267
34488,2.2e-05,172.217.24.0-255,1484,1706,12,322267
34489,2.6e-05,172.31.36.0-255,66,1772,12,322267
34490,2.9e-05,172.217.24.0-255,1484,3256,12,322267
34491,3.2e-05,172.31.36.0-255,66,3322,12,322267
34492,3.9e-05,172.217.24.0-255,2902,6224,12,322267
34493,4.2e-05,172.31.36.0-255,66,6290,12,322267
34494,4.9e-05,172.217.24.0-255,5738,12028,12,322267
34495,5.2e-05,172.31.36.0-255,66,12094,12,322267
34496,7.3e-05,172.217.24.0-255,2902,14996,12,322267
34497,7.6e-05,172.31.36.0-255,66,15062,12,322267
34498,0.000113,172.31.36.0-255,66,15128,12,322267
34499,0.00013,172.217.24.0-255,2902,18030,12,322267
34500,0.000132,172.31.36.0-255,66,18096,12,322267
34501,0.000149,172.217.24.0-255,2543,20639,12,322267
34502,0.000151,172.31.36.0-255,66,20705,12,322267
34503,0.000187,172.217.24.0-255,1484,22189,12,322267
34504,0.000191,172.217.24.0-255,2902,25091,12,322267
34505,0.000196,172.31.36.0-255,66,25157,12,322267
34506,0.000199,172.31.36.0-255,66,25223,12,322267
34507,0.000212,172.217.24.0-255,5738,30961,12,322267
34508,0.000215,172.31.36.0-255,66,31027,12,322267
34509,0.000219,172.217.24.0-255,2902,33929,12,322267
34510,0.000221,172.31.36.0-255,66,33995,12,322267
34511,0.000252,172.217.24.0-255,3961,37956,12,322267
34512,0.000255,172.31.36.0-255,66,38022,12,322267
34513,0.000263,172.217.24.0-255,7156,45178,12,322267
34514,0.000265,172.31.36.0-255,66,45244,12,322267
34515,0.000272,172.217.24.0-255,5738,50982,12,322267
34516,0.000274,172.31.36.0-255,66,51048,12,322267
34517,0.000299,172.217.24.0-255,3961,55009,12,322267
34518,0.000302,172.31.36.0-255,66,55075,12,322267
34519,0.000305,172.217.24.0-255,358,55433,12,322267
34520,0.000788,172.217.24.0-255,139,55572,12,322267
34521,0.000895,172.217.24.0-255,1484,57056,12,322267
34522,0.0009,172.31.36.0-255,66,57122,12,322267
34523,0.000906,172.217.24.0-255,2902,60024,12,322267
34524,0.000909,172.31.36.0-255,66,60090,12,322267
34525,0.000917,172.217.24.0-255,5738,65828,12,322267
34526,0.000919,172.31.36.0-255,66,65894,12,322267
34527,0.000924,172.217.24.0-255,4320,70214,12,322267
34528,0.000925,172.31.36.0-255,66,70280,12,322267
34529,0.000954,172.217.24.0-255,5379,75659,12,322267
34530,0.000957,172.31.36.0-255,66,75725,12,322267
34531,0.000969,172.31.36.0-255,66,75791,12,322267
34532,0.000992,172.217.24.0-255,1484,77275,12,322267
34533,0.000996,172.217.24.0-255,2543,79818,12,322267
34534,0.000998,172.31.36.0-255,66,79884,12,322267
34535,0.0013,172.217.24.0-255,1484,81368,12,322267
34536,0.001306,172.217.24.0-255,2902,84270,12,322267
34537,0.001311,172.31.36.0-255,66,84336,12,322267
34538,0.001335,172.217.24.0-255,5738,90074,12,322267
34539,0.001338,172.31.36.0-255,66,90140,12,322267
34540,0.001366,172.217.24.0-255,7156,97296,12,322267
34541,0.001369,172.31.36.0-255,66,97362,12,322267
34542,0.00141,172.31.36.0-255,66,97428,12,322267
34543,0.001426,172.217.24.0-255,1484,98912,12,322267
34544,0.00143,172.217.24.0-255,2184,101096,12,322267
34545,0.001432,172.31.36.0-255,66,101162,12,322267
34546,0.001451,172.217.24.0-255,1484,102646,12,322267
34547,0.001473,172.217.24.0-255,2902,105548,12,322267
34548,0.001476,172.31.36.0-255,66,105614,12,322267
34549,0.001483,172.217.24.0-255,5738,111352,12,322267
34550,0.001485,172.31.36.0-255,66,111418,12,322267
34551,0.001488,172.217.24.0-255,1484,112902,12,322267
34552,0.001507,172.217.24.0-255,5738,118640,12,322267
34553,0.00151,172.31.36.0-255,66,118706,12,322267
34554,0.001513,172.217.24.0-255,1484,120190,12,322267
34555,0.001548,172.31.36.0-255,66,120256,12,322267
34556,0.001553,172.217.24.0-255,2184,122440,12,322267
34557,0.001555,172.31.36.0-255,66,122506,12,322267
34558,0.001586,172.217.24.0-255,1484,123990,12,322267
34559,0.001592,172.217.24.0-255,2902,126892,12,322267
34560,0.001595,172.31.36.0-255,66,126958,12,322267
34561,0.001601,172.217.24.0-255,4320,131278,12,322267
34562,0.001603,172.31.36.0-255,66,131344,12,322267
34563,0.001622,172.217.24.0-255,1484,132828,12,322267
34564,0.001627,172.217.24.0-255,2902,135730,12,322267
34565,0.001629,172.31.36.0-255,66,135796,12,322267
34566,0.001666,172.217.24.0-255,7156,142952,12,322267
34567,0.001676,172.31.36.0-255,66,143018,12,322267
34568,0.001679,172.31.36.0-255,66,143084,12,322267
34569,0.001699,172.217.24.0-255,3602,146686,12,322267
34570,0.001701,172.31.36.0-255,66,146752,12,322267
34571,0.001716,172.217.24.0-255,4320,151072,12,322267
34572,0.001718,172.31.36.0-255,66,151138,12,322267
34573,0.001745,172.31.36.0-255,66,151204,12,322267
34574,0.001752,172.217.24.0-255,5738,156942,12,322267
34575,0.001754,172.31.36.0-255,66,157008,12,322267
34576,0.001802,172.217.24.0-255,4320,161328,12,322267
34577,0.001805,172.31.36.0-255,66,161394,12,322267
34578,0.001833,172.31.36.0-255,66,161460,12,322267
34579,0.00188,172.217.24.0-255,1484,162944,12,322267
34580,0.001884,172.217.24.0-255,1484,164428,12,322267
34581,0.001886,172.31.36.0-255,66,164494,12,322267
34582,0.001906,172.217.24.0-255,1484,165978,12,322267
34583,0.001913,172.217.24.0-255,5738,171716,12,322267
34584,0.001915,172.31.36.0-255,66,171782,12,322267
34585,0.001932,172.31.36.0-255,66,171848,12,322267
34586,0.001946,172.31.36.0-255,66,171914,12,322267
34587,0.00195,172.217.24.0-255,2184,174098,12,322267
34588,0.001953,172.31.36.0-255,66,174164,12,322267
34589,0.003882,172.217.24.0-255,5738,179902,12,322267
34590,0.008085,172.31.36.0-255,66,179968,12,322267
34591,0.009242,172.217.24.0-255,1484,181452,12,322267
34592,0.010015,172.217.24.0-255,4320,185772,12,322267
34593,0.010023,172.31.36.0-255,66,185838,12,322267
34594,0.011974,172.217.24.0-255,5738,191576,12,322267
34595,0.011982,172.31.36.0-255,66,191642,12,322267
34596,0.013916,172.217.24.0-255,5738,197380,12,322267
34597,0.013923,172.31.36.0-255,66,197446,12,322267
34598,0.015863,172.217.24.0-255,5738,203184,12,322267
34599,0.015869,172.31.36.0-255,66,203250,12,322267
34600,0.017811,172.217.24.0-255,5738,208988,12,322267
34601,0.017818,172.31.36.0-255,66,209054,12,322267
34602,0.019765,172.217.24.0-255,5738,214792,12,322267
34603,0.019773,172.31.36.0-255,66,214858,12,322267
34604,0.021751,172.217.24.0-255,5738,220596,12,322267
34605,0.021758,172.31.36.0-255,66,220662,12,322267
34606,0.023711,172.217.24.0-255,5738,226400,12,322267
34607,0.023721,172.31.36.0-255,66,226466,12,322267
34608,0.025653,172.217.24.0-255,5738,232204,12,322267
34609,0.025661,172.31.36.0-255,66,232270,12,322267
34610,0.027602,172.217.24.0-255,5738,238008,12,322267
34611,0.027609,172.31.36.0-255,66,238074,12,322267
34612,0.029553,172.217.24.0-255,5738,243812,12,322267
34613,0.029561,172.31.36.0-255,66,243878,12,322267
34614,0.03133,172.31.36.0-255,187,244065,12,322267
34615,0.031366,172.31.36.0-255,976,245041,12,322267
34616,0.031435,172.31.36.0-255,1514,246555,12,322267
34617,0.031437,172.31.36.0-255,1514,248069,12,322267
34618,0.031443,172.31.36.0-255,1514,249583,12,322267
34619,0.031444,172.31.36.0-255,1514,251097,12,322267
34620,0.031475,172.31.36.0-255,303,251400,12,322267
34621,0.03151,172.217.24.0-255,5738,257138,12,322267
34622,0.031515,172.31.36.0-255,66,257204,12,322267
34623,0.032886,104.244.42.0-255,66,257270,12,322267
34624,0.032938,104.244.42.0-255,66,257336,12,322267
34625,0.033032,104.244.42.0-255,66,257402,12,322267
34626,0.033038,104.244.42.0-255,66,257468,12,322267
34627,0.033462,172.217.24.0-255,5738,263206,12,322267
34628,0.033469,172.31.36.0-255,66,263272,12,322267
34629,0.035415,172.217.24.0-255,5738,269010,12,322267
34630,0.035421,172.31.36.0-255,66,269076,12,322267
34631,0.037367,172.217.24.0-255,5738,274814,12,322267
34632,0.037374,172.31.36.0-255,66,274880,12,322267
34633,0.039322,172.217.24.0-255,5738,280618,12,322267
34634,0.039329,172.31.36.0-255,66,280684,12,322267
34635,0.041279,172.217.24.0-255,5738,286422,12,322267
34636,0.041286,172.31.36.0-255,66,286488,12,322267
34637,0.04323,172.217.24.0-255,5738,292226,12,322267
34638,0.043238,172.31.36.0-255,66,292292,12,322267
34639,0.045187,172.217.24.0-255,5738,298030,12,322267
34640,0.045194,172.31.36.0-255,66,298096,12,322267
34641,0.047203,172.217.24.0-255,5738,303834,12,322267
34642,0.047212,172.31.36.0-255,66,303900,12,322267
34643,0.049186,172.217.24.0-255,5738,309638,12,322267
34644,0.049193,172.31.36.0-255,66,309704,12,322267
34645,0.051179,172.217.24.0-255,5738,315442,12,322267
34646,0.051185,172.31.36.0-255,66,315508,12,322267
34647,0.053129,172.217.24.0-255,5738,321246,12,322267
34648,0.053136,172.31.36.0-255,66,321312,12,322267
34649,0.055058,172.217.24.0-255,718,322030,12,322267
34650,0.055189,172.31.36.0-255,66,322096,12,322267
34651,0.055226,172.31.36.0-255,105,322201,12,322267
34652,0.057178,172.217.24.0-255,66,322267,12,322267
34653,0.0,74.125.24.0-255,146,146,12,196215
34654,3.7e-05,172.31.36.0-255,66,212,12,196215
34655,4.4e-05,74.125.24.0-255,1484,1696,12,196215
34656,4.8e-05,172.31.36.0-255,66,1762,12,196215
34657,5.4e-05,74.125.24.0-255,2902,4664,12,196215
34658,6.5e-05,172.31.36.0-255,66,4730,12,196215
34659,7.2e-05,74.125.24.0-255,7156,11886,12,196215
34660,7.4e-05,172.31.36.0-255,66,11952,12,196215
34661,0.000102,74.125.24.0-255,2066,14018,12,196215
34662,0.000106,172.31.36.0-255,66,14084,12,196215
34663,0.00011,74.125.24.0-255,2902,16986,12,196215
34664,0.000113,172.31.36.0-255,66,17052,12,196215
34665,0.000118,74.125.24.0-255,4320,21372,12,196215
34666,0.00012,172.31.36.0-255,66,21438,12,196215
34667,0.00015,74.125.24.0-255,2902,24340,12,196215
34668,0.000153,172.31.36.0-255,66,24406,12,196215
34669,0.00016,74.125.24.0-255,6797,31203,12,196215
34670,0.000162,172.31.36.0-255,66,31269,12,196215
34671,0.000212,74.125.24.0-255,7156,38425,12,196215
34672,0.000217,172.31.36.0-255,66,38491,12,196215
34673,0.000223,74.125.24.0-255,7156,45647,12,196215
34674,0.000227,172.31.36.0-255,66,45713,12,196215
34675,0.000256,74.125.24.0-255,2543,48256,12,196215
34676,0.000259,172.31.36.0-255,66,48322,12,196215
34677,0.000263,74.125.24.0-255,2902,51224,12,196215
34678,0.000265,172.31.36.0-255,66,51290,12,196215
34679,0.000297,74.125.24.0-255,7156,58446,12,196215
34680,0.0003,172.31.36.0-255,66,58512,12,196215
34681,0.000307,74.125.24.0-255,7126,65638,12,196215
34682,0.000311,172.31.36.0-255,66,65704,12,196215
34683,0.000334,74.125.24.0-255,113,65817,12,196215
34684,0.000337,172.31.36.0-255,66,65883,12,196215
34685,0.000359,74.125.24.0-255,331,66214,12,196215
34686,0.000486,74.125.24.0-255,1484,67698,12,196215
34687,0.000491,172.31.36.0-255,66,67764,12,196215
34688,0.000497,74.125.24.0-255,2902,70666,12,196215
34689,0.000499,172.31.36.0-255,66,70732,12,196215
34690,0.000533,74.125.24.0-255,5738,76470,12,196215
34691,0.000549,172.31.36.0-255,66,76536,12,196215
34692,0.000589,172.31.36.0-255,66,76602,12,196215
34693,0.000629,74.125.24.0-255,7156,83758,12,196215
34694,0.000633,172.31.36.0-255,66,83824,12,196215
34695,0.000645,74.125.24.0-255,2543,86367,12,196215
34696,0.000653,172.31.36.0-255,66,86433,12,196215
34697,0.001201,74.125.24.0-255,1484,87917,12,196215
34698,0.001209,74.125.24.0-255,2902,90819,12,196215
34699,0.001214,172.31.36.0-255,66,90885,12,196215
34700,0.001223,74.125.24.0-255,5738,96623,12,196215
34701,0.001225,172.31.36.0-255,66,96689,12,196215
34702,0.001238,74.125.24.0-255,7156,103845,12,196215
34703,0.001242,172.31.36.0-255,66,103911,12,196215
34704,0.001247,74.125.24.0-255,2902,106813,12,196215
34705,0.001249,172.31.36.0-255,66,106879,12,196215
34706,0.001292,172.31.36.0-255,66,106945,12,196215
34707,0.001296,74.125.24.0-255,2184,109129,12,196215
34708,0.001298,172.31.36.0-255,66,109195,12,196215
34709,0.001396,74.125.24.0-255,1484,110679,12,196215
34710,0.001402,74.125.24.0-255,2902,113581,12,196215
34711,0.001405,172.31.36.0-255,66,113647,12,196215
34712,0.001412,74.125.24.0-255,5738,119385,12,196215
34713,0.001414,172.31.36.0-255,66,119451,12,196215
34714,0.001449,172.31.36.0-255,66,119517,12,196215
34715,0.001473,74.125.24.0-255,1484,121001,12,196215
34716,0.001489,74.125.24.0-255,2902,123903,12,196215
34717,0.001491,172.31.36.0-255,66,123969,12,196215
34718,0.001523,172.31.36.0-255,66,124035,12,196215
34719,0.001563,74.125.24.0-255,1484,125519,12,196215
34720,0.001587,172.31.36.0-255,66,125585,12,196215
34721,0.0016,172.31.36.0-255,66,125651,12,196215
34722,0.00161,172.31.36.0-255,66,125717,12,196215
34723,0.001649,74.125.24.0-255,1484,127201,12,196215
34724,0.001652,74.125.24.0-255,2902,130103,12,196215
34725,0.001654,172.31.36.0-255,66,130169,12,196215
34726,0.001661,74.125.24.0-255,5738,135907,12,196215
34727,0.001663,172.31.36.0-255,66,135973,12,196215
34728,0.001697,172.31.36.0-255,66,136039,12,196215
34729,0.001728,74.125.24.0-255,4320,140359,12,196215
34730,0.00173,172.31.36.0-255,66,140425,12,196215
34731,0.001741,172.31.36.0-255,66,140491,12,196215
34732,0.001828,74.125.24.0-255,1484,141975,12,196215
34733,0.00184,74.125.24.0-255,2902,144877,12,196215
34734,0.001842,172.31.36.0-255,66,144943,12,196215
34735,0.001863,74.125.24.0-255,2902,147845,12,196215
34736,0.001865,172.31.36.0-255,66,147911,12,196215
34737,0.001888,74.125.24.0-255,2902,150813,12,196215
34738,0.00189,172.31.36.0-255,66,150879,12,196215
34739,0.001914,172.31.36.0-255,66,150945,12,196215
34740,0.00192,74.125.24.0-255,7156,158101,12,196215
34741,0.001922,172.31.36.0-255,66,158167,12,196215
34742,0.001958,74.125.24.0-255,3602,161769,12,196215
34743,0.00196,172.31.36.0-255,66,161835,12,196215
34744,0.002108,74.125.24.0-255,1484,163319,12,196215
34745,0.00212,74.125.24.0-255,2902,166221,12,196215
34746,0.002123,172.31.36.0-255,66,166287,12,196215
34747,0.002128,74.125.24.0-255,2902,169189,12,196215
34748,0.002129,172.31.36.0-255,66,169255,12,196215
34749,0.002147,74.125.24.0-255,2902,172157,12,196215
34750,0.002149,172.31.36.0-255,66,172223,12,196215
34751,0.002158,172.31.36.0-255,66,172289,12,196215
34752,0.002183,74.125.24.0-255,2902,175191,12,196215
34753,0.002184,172.31.36.0-255,66,175257,12,196215
34754,0.002187,74.125.24.0-255,1484,176741,12,196215
34755,0.00222,172.31.36.0-255,66,176807,12,196215
34756,0.002246,74.125.24.0-255,3602,180409,12,196215
34757,0.002249,172.31.36.0-255,66,180475,12,196215
34758,0.002266,172.31.36.0-255,66,180541,12,196215
34759,0.002292,74.125.24.0-255,7156,187697,12,196215
34760,0.002294,172.31.36.0-255,66,187763,12,196215
34761,0.002334,172.31.36.0-255,66,187829,12,196215
34762,0.002391,172.31.36.0-255,66,187895,12,196215
34763,0.002422,172.31.36.0-255,66,187961,12,196215
34764,0.002446,172.31.36.0-255,66,188027,12,196215
34765,0.00245,74.125.24.0-255,3324,191351,12,196215
34766,0.002452,172.31.36.0-255,66,191417,12,196215
34767,0.004754,74.125.24.0-255,105,191522,12,196215
34768,0.008042,172.31.36.0-255,66,191588,12,196215
34769,0.00807,172.31.36.0-255,105,191693,12,196215
34770,0.010391,74.125.24.0-255,66,191759,12,196215
34771,0.041134,172.31.36.0-255,221,191980,12,196215
34772,0.041162,172.31.36.0-255,1108,193088,12,196215
34773,0.041225,172.31.36.0-255,1514,194602,12,196215
34774,0.041227,172.31.36.0-255,1415,196017,12,196215
34775,0.042672,104.244.42.0-255,66,196083,12,196215
34776,0.04272,104.244.42.0-255,66,196149,12,196215
34777,0.042824,104.244.42.0-255,66,196215,12,196215
34778,0.0,172.217.194.0-255,145,145,12,195602
34779,3.1e-05,172.31.36.0-255,66,211,12,195602
34780,3.8e-05,172.217.194.0-255,1484,1695,12,195602
34781,4.2e-05,172.31.36.0-255,66,1761,12,195602
34782,4.7e-05,172.217.194.0-255,2902,4663,12,195602
34783,4.9e-05,172.31.36.0-255,66,4729,12,195602
34784,5.7e-05,172.217.194.0-255,7156,11885,12,195602
34785,6e-05,172.31.36.0-255,66,11951,12,195602
34786,8e-05,172.217.194.0-255,7156,19107,12,195602
34787,8.3e-05,172.31.36.0-255,66,19173,12,195602
34788,0.000118,172.31.36.0-255,66,19239,12,195602
34789,0.000123,172.217.194.0-255,2543,21782,12,195602
34790,0.000125,172.31.36.0-255,66,21848,12,195602
34791,0.000173,172.217.194.0-255,1484,23332,12,195602
34792,0.000176,172.31.36.0-255,66,23398,12,195602
34793,0.000181,172.217.194.0-255,2902,26300,12,195602
34794,0.000183,172.31.36.0-255,66,26366,12,195602
34795,0.000204,172.217.194.0-255,5738,32104,12,195602
34796,0.000207,172.31.36.0-255,66,32170,12,195602
34797,0.00022,172.217.194.0-255,4320,36490,12,195602
34798,0.000223,172.31.36.0-255,66,36556,12,195602
34799,0.000251,172.31.36.0-255,66,36622,12,195602
34800,0.000263,172.31.36.0-255,66,36688,12,195602
34801,0.000282,172.217.194.0-255,98,36786,12,195602
34802,0.000285,172.31.36.0-255,66,36852,12,195602
34803,0.000406,172.217.194.0-255,1484,38336,12,195602
34804,0.000409,172.31.36.0-255,66,38402,12,195602
34805,0.000415,172.217.194.0-255,2902,41304,12,195602
34806,0.000418,172.31.36.0-255,66,41370,12,195602
34807,0.000445,172.217.194.0-255,5738,47108,12,195602
34808,0.000449,172.31.36.0-255,66,47174,12,195602
34809,0.000455,172.217.194.0-255,5738,52912,12,195602
34810,0.000458,172.31.36.0-255,66,52978,12,195602
34811,0.000504,172.217.194.0-255,5379,58357,12,195602
34812,0.000507,172.31.36.0-255,66,58423,12,195602
34813,0.000513,172.217.194.0-255,5738,64161,12,195602
34814,0.000516,172.31.36.0-255,66,64227,12,195602
34815,0.000574,172.217.194.0-255,6797,71024,12,195602
34816,0.000579,172.31.36.0-255,66,71090,12,195602
34817,0.000727,172.217.194.0-255,1484,72574,12,195602
34818,0.000742,172.217.194.0-255,2902,75476,12,195602
34819,0.000746,172.31.36.0-255,66,75542,12,195602
34820,0.00075,172.217.194.0-255,1484,77026,12,195602
34821,0.00077,172.217.194.0-255,4320,81346,12,195602
34822,0.000775,172.31.36.0-255,66,81412,12,195602
34823,0.000797,172.31.36.0-255,66,81478,12,195602
34824,0.000815,172.217.194.0-255,1484,82962,12,195602
34825,0.000834,172.217.194.0-255,4320,87282,12,195602
34826,0.000837,172.31.36.0-255,66,87348,12,195602
34827,0.000859,172.217.194.0-255,6438,93786,12,195602
34828,0.000862,172.31.36.0-255,66,93852,12,195602
34829,0.000881,172.217.194.0-255,2902,96754,12,195602
34830,0.000884,172.31.36.0-255,66,96820,12,195602
34831,0.000904,172.217.194.0-255,5738,102558,12,195602
34832,0.000907,172.31.36.0-255,66,102624,12,195602
34833,0.00092,172.31.36.0-255,66,102690,12,195602
34834,0.000997,172.31.36.0-255,66,102756,12,195602
34835,0.001018,172.217.194.0-255,5020,107776,12,195602
34836,0.001021,172.31.36.0-255,66,107842,12,195602
34837,0.001038,172.217.194.0-255,1484,109326,12,195602
34838,0.001049,172.217.194.0-255,1484,110810,12,195602
34839,0.001051,172.31.36.0-255,66,110876,12,195602
34840,0.00107,172.217.194.0-255,1484,112360,12,195602
34841,0.001077,172.217.194.0-255,5738,118098,12,195602
34842,0.00108,172.31.36.0-255,66,118164,12,195602
34843,0.001086,172.217.194.0-255,2902,121066,12,195602
34844,0.001088,172.31.36.0-255,66,121132,12,195602
34845,0.001109,172.217.194.0-255,2902,124034,12,195602
34846,0.001112,172.31.36.0-255,66,124100,12,195602
34847,0.001123,172.31.36.0-255,66,124166,12,195602
34848,0.001144,172.217.194.0-255,4320,128486,12,195602
34849,0.001147,172.31.36.0-255,66,128552,12,195602
34850,0.001152,172.217.194.0-255,5020,133572,12,195602
34851,0.001154,172.31.36.0-255,66,133638,12,195602
34852,0.001206,172.217.194.0-255,1484,135122,12,195602
34853,0.001211,172.217.194.0-255,2902,138024,12,195602
34854,0.001214,172.31.36.0-255,66,138090,12,195602
34855,0.00123,172.217.194.0-255,4320,142410,12,195602
34856,0.001233,172.31.36.0-255,66,142476,12,195602
34857,0.001256,172.217.194.0-255,1484,143960,12,195602
34858,0.001259,172.217.194.0-255,1484,145444,12,195602
34859,0.001262,172.31.36.0-255,66,145510,12,195602
34860,0.001272,172.31.36.0-255,66,145576,12,195602
34861,0.00131,172.31.36.0-255,66,145642,12,195602
34862,0.001395,172.217.194.0-255,1484,147126,12,195602
34863,0.001399,172.217.194.0-255,1484,148610,12,195602
34864,0.001402,172.31.36.0-255,66,148676,12,195602
34865,0.001422,172.217.194.0-255,1484,150160,12,195602
34866,0.001429,172.217.194.0-255,5738,155898,12,195602
34867,0.001432,172.31.36.0-255,66,155964,12,195602
34868,0.001437,172.217.194.0-255,2902,158866,12,195602
34869,0.001439,172.31.36.0-255,66,158932,12,195602
34870,0.001467,172.31.36.0-255,66,158998,12,195602
34871,0.001478,172.31.36.0-255,66,159064,12,195602
34872,0.001494,172.217.194.0-255,2184,161248,12,195602
34873,0.001497,172.31.36.0-255,66,161314,12,195602
34874,0.00151,172.217.194.0-255,1484,162798,12,195602
34875,0.001525,172.217.194.0-255,2902,165700,12,195602
34876,0.001528,172.31.36.0-255,66,165766,12,195602
34877,0.001534,172.217.194.0-255,5738,171504,12,195602
34878,0.001536,172.31.36.0-255,66,171570,12,195602
34879,0.001549,172.31.36.0-255,66,171636,12,195602
34880,0.001563,172.217.194.0-255,1484,173120,12,195602
34881,0.001571,172.217.194.0-255,7156,180276,12,195602
34882,0.001574,172.31.36.0-255,66,180342,12,195602
34883,0.001597,172.217.194.0-255,4320,184662,12,195602
34884,0.0016,172.31.36.0-255,66,184728,12,195602
34885,0.001633,172.31.36.0-255,66,184794,12,195602
34886,0.001656,172.217.194.0-255,2184,186978,12,195602
34887,0.001659,172.31.36.0-255,66,187044,12,195602
34888,0.001673,172.31.36.0-255,66,187110,12,195602
34889,0.001726,172.31.36.0-255,66,187176,12,195602
34890,0.001755,172.217.194.0-255,6438,193614,12,195602
34891,0.001759,172.31.36.0-255,66,193680,12,195602
34892,0.001778,172.31.36.0-255,66,193746,12,195602
34893,0.001791,172.31.36.0-255,66,193812,12,195602
34894,0.001811,172.31.36.0-255,66,193878,12,195602
34895,0.001814,172.217.194.0-255,105,193983,12,195602
34896,0.008413,172.31.36.0-255,66,194049,12,195602
34897,0.008439,172.31.36.0-255,105,194154,12,195602
34898,0.010777,172.217.194.0-255,66,194220,12,195602
34899,0.033795,172.31.36.0-255,172,194392,12,195602
34900,0.033827,172.31.36.0-255,1078,195470,12,195602
34901,0.035367,104.244.42.0-255,66,195536,12,195602
34902,0.035376,104.244.42.0-255,66,195602,12,195602
34903,0.0,172.217.194.0-255,153,153,12,293829
34904,2.3e-05,172.31.36.0-255,66,219,12,293829
34905,3.1e-05,172.217.194.0-255,1484,1703,12,293829
34906,3.5e-05,172.31.36.0-255,66,1769,12,293829
34907,4.1e-05,172.217.194.0-255,2902,4671,12,293829
34908,4.4e-05,172.31.36.0-255,66,4737,12,293829
34909,5.2e-05,172.217.194.0-255,7156,11893,12,293829
34910,5.5e-05,172.31.36.0-255,66,11959,12,293829
34911,6e-05,172.217.194.0-255,2017,13976,12,293829
34912,6.3e-05,172.31.36.0-255,66,14042,12,293829
34913,0.000564,172.217.194.0-255,1484,15526,12,293829
34914,0.000571,172.31.36.0-255,66,15592,12,293829
34915,0.00058,172.217.194.0-255,2902,18494,12,293829
34916,0.000582,172.31.36.0-255,66,18560,12,293829
34917,0.00059,172.217.194.0-255,5738,24298,12,293829
34918,0.000592,172.31.36.0-255,66,24364,12,293829
34919,0.000628,172.217.194.0-255,6797,31161,12,293829
34920,0.000632,172.31.36.0-255,66,31227,12,293829
34921,0.00097,172.217.194.0-255,1484,32711,12,293829
34922,0.000977,172.31.36.0-255,66,32777,12,293829
34923,0.000984,172.217.194.0-255,2902,35679,12,293829
34924,0.000986,172.31.36.0-255,66,35745,12,293829
34925,0.000993,172.217.194.0-255,5738,41483,12,293829
34926,0.000996,172.31.36.0-255,66,41549,12,293829
34927,0.001034,172.31.36.0-255,66,41615,12,293829
34928,0.00104,172.217.194.0-255,5738,47353,12,293829
34929,0.001043,172.31.36.0-255,66,47419,12,293829
34930,0.001087,172.217.194.0-255,4551,51970,12,293829
34931,0.001091,172.31.36.0-255,66,52036,12,293829
34932,0.001119,172.217.194.0-255,5738,57774,12,293829
34933,0.001121,172.31.36.0-255,66,57840,12,293829
34934,0.001161,172.217.194.0-255,7156,64996,12,293829
34935,0.001164,172.31.36.0-255,66,65062,12,293829
34936,0.001207,172.31.36.0-255,66,65128,12,293829
34937,0.001256,172.31.36.0-255,66,65194,12,293829
34938,0.001631,172.217.194.0-255,1484,66678,12,293829
34939,0.001639,172.217.194.0-255,2902,69580,12,293829
34940,0.001644,172.31.36.0-255,66,69646,12,293829
34941,0.001669,172.217.194.0-255,5738,75384,12,293829
34942,0.001673,172.31.36.0-255,66,75450,12,293829
34943,0.001676,172.217.194.0-255,1484,76934,12,293829
34944,0.001712,172.31.36.0-255,66,77000,12,293829
34945,0.001724,172.31.36.0-255,66,77066,12,293829
34946,0.001727,172.217.194.0-255,766,77832,12,293829
34947,0.001814,172.217.194.0-255,1484,79316,12,293829
34948,0.001816,172.31.36.0-255,66,79382,12,293829
34949,0.001832,172.217.194.0-255,2902,82284,12,293829
34950,0.001835,172.31.36.0-255,66,82350,12,293829
34951,0.001841,172.217.194.0-255,5738,88088,12,293829
34952,0.001844,172.31.36.0-255,66,88154,12,293829
34953,0.001876,172.31.36.0-255,66,88220,12,293829
34954,0.001909,172.217.194.0-255,5738,93958,12,293829
34955,0.001912,172.31.36.0-255,66,94024,12,293829
34956,0.001942,172.31.36.0-255,66,94090,12,293829
34957,0.001957,172.31.36.0-255,66,94156,12,293829
34958,0.001964,172.217.194.0-255,7156,101312,12,293829
34959,0.001967,172.31.36.0-255,66,101378,12,293829
34960,0.001991,172.217.194.0-255,7156,108534,12,293829
34961,0.001994,172.31.36.0-255,66,108600,12,293829
34962,0.002017,172.217.194.0-255,5020,113620,12,293829
34963,0.00202,172.31.36.0-255,66,113686,12,293829
34964,0.002062,172.217.194.0-255,1484,115170,12,293829
34965,0.002066,172.217.194.0-255,2902,118072,12,293829
34966,0.002068,172.31.36.0-255,66,118138,12,293829
34967,0.002091,172.217.194.0-255,2902,121040,12,293829
34968,0.002094,172.31.36.0-255,66,121106,12,293829
34969,0.002114,172.217.194.0-255,2902,124008,12,293829
34970,0.002117,172.31.36.0-255,66,124074,12,293829
34971,0.002129,172.31.36.0-255,66,124140,12,293829
34972,0.002165,172.31.36.0-255,66,124206,12,293829
34973,0.002178,172.217.194.0-255,5020,129226,12,293829
34974,0.002181,172.31.36.0-255,66,129292,12,293829
34975,0.002205,172.217.194.0-255,1484,130776,12,293829
34976,0.00221,172.217.194.0-255,2902,133678,12,293829
34977,0.002212,172.31.36.0-255,66,133744,12,293829
34978,0.002216,172.217.194.0-255,1484,135228,12,293829
34979,0.002239,172.217.194.0-255,4320,139548,12,293829
34980,0.002241,172.31.36.0-255,66,139614,12,293829
34981,0.002247,172.217.194.0-255,4320,143934,12,293829
34982,0.002249,172.31.36.0-255,66,144000,12,293829
34983,0.00229,172.31.36.0-255,66,144066,12,293829
34984,0.002301,172.31.36.0-255,66,144132,12,293829
34985,0.004535,172.217.194.0-255,5738,149870,12,293829
34986,0.004543,172.31.36.0-255,66,149936,12,293829
34987,0.006774,172.217.194.0-255,5738,155674,12,293829
34988,0.006782,172.31.36.0-255,66,155740,12,293829
34989,0.009007,172.217.194.0-255,5738,161478,12,293829
34990,0.009014,172.31.36.0-255,66,161544,12,293829
34991,0.011245,172.217.194.0-255,5738,167282,12,293829
34992,0.011252,172.31.36.0-255,66,167348,12,293829
34993,0.013476,172.217.194.0-255,5738,173086,12,293829
34994,0.013486,172.31.36.0-255,66,173152,12,293829
34995,0.015714,172.217.194.0-255,5738,178890,12,293829
34996,0.015726,172.31.36.0-255,66,178956,12,293829
34997,0.01793,172.217.194.0-255,5738,184694,12,293829
34998,0.017938,172.31.36.0-255,66,184760,12,293829
34999,0.020156,172.217.194.0-255,5738,190498,12,293829
35000,0.020164,172.31.36.0-255,66,190564,12,293829
35001,0.022392,172.217.194.0-255,5738,196302,12,293829
35002,0.022401,172.31.36.0-255,66,196368,12,293829
35003,0.024629,172.217.194.0-255,5738,202106,12,293829
35004,0.024634,172.31.36.0-255,66,202172,12,293829
35005,0.02687,172.217.194.0-255,5738,207910,12,293829
35006,0.026878,172.31.36.0-255,66,207976,12,293829
35007,0.029095,172.217.194.0-255,2902,210878,12,293829
35008,0.029102,172.31.36.0-255,66,210944,12,293829
35009,0.029123,172.217.194.0-255,2902,213846,12,293829
35010,0.029126,172.31.36.0-255,66,213912,12,293829
35011,0.030063,172.31.36.0-255,172,214084,12,293829
35012,0.030094,172.31.36.0-255,1109,215193,12,293829
35013,0.030158,172.31.36.0-255,1514,216707,12,293829
35014,0.03016,172.31.36.0-255,1298,218005,12,293829
35015,0.031327,172.217.194.0-255,5738,223743,12,293829
35016,0.031334,172.31.36.0-255,66,223809,12,293829
35017,0.031587,104.244.42.0-255,66,223875,12,293829
35018,0.031641,104.244.42.0-255,66,223941,12,293829
35019,0.031693,104.244.42.0-255,66,224007,12,293829
35020,0.032249,104.244.42.0-255,108,224115,12,293829
35021,0.032258,172.31.36.0-255,66,224181,12,293829
35022,0.033543,172.217.194.0-255,5738,229919,12,293829
35023,0.033549,172.31.36.0-255,66,229985,12,293829
35024,0.035788,172.217.194.0-255,5738,235723,12,293829
35025,0.035798,172.31.36.0-255,66,235789,12,293829
35026,0.038059,172.217.194.0-255,5738,241527,12,293829
35027,0.038067,172.31.36.0-255,66,241593,12,293829
35028,0.040293,172.217.194.0-255,5738,247331,12,293829
35029,0.0403,172.31.36.0-255,66,247397,12,293829
35030,0.04252,172.217.194.0-255,5738,253135,12,293829
35031,0.04253,172.31.36.0-255,66,253201,12,293829
35032,0.044777,172.217.194.0-255,5738,258939,12,293829
35033,0.044784,172.31.36.0-255,66,259005,12,293829
35034,0.046996,172.217.194.0-255,5738,264743,12,293829
35035,0.047004,172.31.36.0-255,66,264809,12,293829
35036,0.049223,172.217.194.0-255,5738,270547,12,293829
35037,0.049231,172.31.36.0-255,66,270613,12,293829
35038,0.051459,172.217.194.0-255,5738,276351,12,293829
35039,0.051467,172.31.36.0-255,66,276417,12,293829
35040,0.053702,172.217.194.0-255,5738,282155,12,293829
35041,0.05371,172.31.36.0-255,66,282221,12,293829
35042,0.055933,172.217.194.0-255,5738,287959,12,293829
35043,0.055939,172.31.36.0-255,66,288025,12,293829
35044,0.058161,172.217.194.0-255,5738,293763,12,293829
35045,0.058167,172.31.36.0-255,66,293829,12,293829
35046,0.0,172.217.194.0-255,150,150,12,243322
35047,2.5e-05,172.31.36.0-255,66,216,12,243322
35048,3.1e-05,172.217.194.0-255,1484,1700,12,243322
35049,3.5e-05,172.31.36.0-255,66,1766,12,243322
35050,4.1e-05,172.217.194.0-255,2902,4668,12,243322
35051,4.3e-05,172.31.36.0-255,66,4734,12,243322
35052,7.2e-05,172.217.194.0-255,4320,9054,12,243322
35053,7.5e-05,172.31.36.0-255,66,9120,12,243322
35054,8.1e-05,172.217.194.0-255,4941,14061,12,243322
35055,8.4e-05,172.31.36.0-255,66,14127,12,243322
35056,8.9e-05,172.217.194.0-255,2902,17029,12,243322
35057,9.1e-05,172.31.36.0-255,66,17095,12,243322
35058,0.000127,172.31.36.0-255,66,17161,12,243322
35059,0.000133,172.217.194.0-255,5379,22540,12,243322
35060,0.000136,172.31.36.0-255,66,22606,12,243322
35061,0.000615,172.217.194.0-255,1484,24090,12,243322
35062,0.000621,172.31.36.0-255,66,24156,12,243322
35063,0.00063,172.217.194.0-255,2902,27058,12,243322
35064,0.000633,172.31.36.0-255,66,27124,12,243322
35065,0.00064,172.217.194.0-255,5738,32862,12,243322
35066,0.000642,172.31.36.0-255,66,32928,12,243322
35067,0.00067,172.31.36.0-255,66,32994,12,243322
35068,0.000712,172.217.194.0-255,4320,37314,12,243322
35069,0.000716,172.31.36.0-255,66,37380,12,243322
35070,0.000746,172.31.36.0-255,66,37446,12,243322
35071,0.000862,172.217.194.0-255,360,37806,12,243322
35072,0.000866,172.31.36.0-255,66,37872,12,243322
35073,0.000891,172.217.194.0-255,1484,39356,12,243322
35074,0.000894,172.31.36.0-255,66,39422,12,243322
35075,0.000916,172.217.194.0-255,4320,43742,12,243322
35076,0.00092,172.31.36.0-255,66,43808,12,243322
35077,0.000923,172.217.194.0-255,1484,45292,12,243322
35078,0.000943,172.217.194.0-255,5738,51030,12,243322
35079,0.000946,172.31.36.0-255,66,51096,12,243322
35080,0.000949,172.217.194.0-255,1484,52580,12,243322
35081,0.000969,172.31.36.0-255,66,52646,12,243322
35082,0.000988,172.217.194.0-255,5738,58384,12,243322
35083,0.00099,172.31.36.0-255,66,58450,12,243322
35084,0.000996,172.217.194.0-255,5020,63470,12,243322
35085,0.000998,172.31.36.0-255,66,63536,12,243322
35086,0.00126,172.217.194.0-255,384,63920,12,243322
35087,0.001665,172.217.194.0-255,1484,65404,12,243322
35088,0.001669,172.31.36.0-255,66,65470,12,243322
35089,0.001688,172.217.194.0-255,2902,68372,12,243322
35090,0.001691,172.31.36.0-255,66,68438,12,243322
35091,0.001697,172.217.194.0-255,5738,74176,12,243322
35092,0.001699,172.31.36.0-255,66,74242,12,243322
35093,0.001726,172.217.194.0-255,7156,81398,12,243322
35094,0.001728,172.31.36.0-255,66,81464,12,243322
35095,0.001741,172.217.194.0-255,5738,87202,12,243322
35096,0.001744,172.31.36.0-255,66,87268,12,243322
35097,0.001747,172.217.194.0-255,2902,90170,12,243322
35098,0.00175,172.31.36.0-255,66,90236,12,243322
35099,0.001773,172.217.194.0-255,2902,93138,12,243322
35100,0.001775,172.31.36.0-255,66,93204,12,243322
35101,0.001822,172.217.194.0-255,5020,98224,12,243322
35102,0.001825,172.31.36.0-255,66,98290,12,243322
35103,0.002541,172.217.194.0-255,1484,99774,12,243322
35104,0.002545,172.217.194.0-255,1484,101258,12,243322
35105,0.002548,172.31.36.0-255,66,101324,12,243322
35106,0.002566,172.217.194.0-255,1484,102808,12,243322
35107,0.002572,172.217.194.0-255,5738,108546,12,243322
35108,0.002575,172.31.36.0-255,66,108612,12,243322
35109,0.002579,172.217.194.0-255,2902,111514,12,243322
35110,0.002581,172.31.36.0-255,66,111580,12,243322
35111,0.002595,172.217.194.0-255,2902,114482,12,243322
35112,0.002596,172.31.36.0-255,66,114548,12,243322
35113,0.005137,172.217.194.0-255,5738,120286,12,243322
35114,0.00514,172.31.36.0-255,66,120352,12,243322
35115,0.007677,172.217.194.0-255,5738,126090,12,243322
35116,0.007684,172.31.36.0-255,66,126156,12,243322
35117,0.010234,172.217.194.0-255,5738,131894,12,243322
35118,0.010242,172.31.36.0-255,66,131960,12,243322
35119,0.012813,172.217.194.0-255,5738,137698,12,243322
35120,0.012822,172.31.36.0-255,66,137764,12,243322
35121,0.0154,172.217.194.0-255,5738,143502,12,243322
35122,0.015411,172.31.36.0-255,66,143568,12,243322
35123,0.017985,172.217.194.0-255,5738,149306,12,243322
35124,0.017991,172.31.36.0-255,66,149372,12,243322
35125,0.020531,172.217.194.0-255,5738,155110,12,243322
35126,0.020537,172.31.36.0-255,66,155176,12,243322
35127,0.023081,172.217.194.0-255,5738,160914,12,243322
35128,0.023088,172.31.36.0-255,66,160980,12,243322
35129,0.025624,172.217.194.0-255,4320,165300,12,243322
35130,0.025631,172.31.36.0-255,66,165366,12,243322
35131,0.025651,172.217.194.0-255,1484,166850,12,243322
35132,0.028196,172.217.194.0-255,4320,171170,12,243322
35133,0.028204,172.31.36.0-255,66,171236,12,243322
35134,0.030763,172.217.194.0-255,5738,176974,12,243322
35135,0.030772,172.31.36.0-255,66,177040,12,243322
35136,0.032399,172.31.36.0-255,172,177212,12,243322
35137,0.03243,172.31.36.0-255,1078,178290,12,243322
35138,0.033313,172.217.194.0-255,5738,184028,12,243322
35139,0.03332,172.31.36.0-255,66,184094,12,243322
35140,0.033963,104.244.42.0-255,66,184160,12,243322
35141,0.034047,104.244.42.0-255,66,184226,12,243322
35142,0.035884,172.217.194.0-255,5738,189964,12,243322
35143,0.035889,172.31.36.0-255,66,190030,12,243322
35144,0.03846,172.217.194.0-255,2902,192932,12,243322
35145,0.038466,172.31.36.0-255,66,192998,12,243322
35146,0.0385,172.217.194.0-255,2902,195900,12,243322
35147,0.038504,172.31.36.0-255,66,195966,12,243322
35148,0.040997,172.217.194.0-255,2902,198868,12,243322
35149,0.041002,172.31.36.0-255,66,198934,12,243322
35150,0.041037,172.217.194.0-255,2902,201836,12,243322
35151,0.04104,172.31.36.0-255,66,201902,12,243322
35152,0.043549,172.217.194.0-255,2902,204804,12,243322
35153,0.043555,172.31.36.0-255,66,204870,12,243322
35154,0.043586,172.217.194.0-255,2902,207772,12,243322
35155,0.043588,172.31.36.0-255,66,207838,12,243322
35156,0.046126,172.217.194.0-255,2902,210740,12,243322
35157,0.046132,172.31.36.0-255,66,210806,12,243322
35158,0.046153,172.217.194.0-255,2902,213708,12,243322
35159,0.046156,172.31.36.0-255,66,213774,12,243322
35160,0.048691,172.217.194.0-255,5738,219512,12,243322
35161,0.048699,172.31.36.0-255,66,219578,12,243322
35162,0.051231,172.217.194.0-255,2902,222480,12,243322
35163,0.051236,172.31.36.0-255,66,222546,12,243322
35164,0.051255,172.217.194.0-255,2902,225448,12,243322
35165,0.051257,172.31.36.0-255,66,225514,12,243322
35166,0.053784,172.217.194.0-255,2902,228416,12,243322
35167,0.053789,172.31.36.0-255,66,228482,12,243322
35168,0.053825,172.217.194.0-255,2902,231384,12,243322
35169,0.053828,172.31.36.0-255,66,231450,12,243322
35170,0.056339,172.217.194.0-255,2902,234352,12,243322
35171,0.056344,172.31.36.0-255,66,234418,12,243322
35172,0.056376,172.217.194.0-255,2902,237320,12,243322
35173,0.056379,172.31.36.0-255,66,237386,12,243322
35174,0.058883,172.217.194.0-255,2902,240288,12,243322
35175,0.058889,172.31.36.0-255,66,240354,12,243322
35176,0.058927,172.217.194.0-255,2902,243256,12,243322
35177,0.05893,172.31.36.0-255,66,243322,12,243322
35178,0.0,172.253.118.0-255,152,152,12,289022
35179,2.9e-05,172.31.36.0-255,66,218,12,289022
35180,3.6e-05,172.253.118.0-255,1484,1702,12,289022
35181,4.1e-05,172.31.36.0-255,66,1768,12,289022
35182,5.4e-05,172.253.118.0-255,2902,4670,12,289022
35183,5.7e-05,172.31.36.0-255,66,4736,12,289022
35184,6.5e-05,172.253.118.0-255,7156,11892,12,289022
35185,6.7e-05,172.31.36.0-255,66,11958,12,289022
35186,7.2e-05,172.253.118.0-255,2103,14061,12,289022
35187,7.4e-05,172.31.36.0-255,66,14127,12,289022
35188,0.000113,172.31.36.0-255,66,14193,12,289022
35189,0.000141,172.253.118.0-255,1484,15677,12,289022
35190,0.000145,172.31.36.0-255,66,15743,12,289022
35191,0.000152,172.253.118.0-255,5379,21122,12,289022
35192,0.000155,172.31.36.0-255,66,21188,12,289022
35193,0.000207,172.253.118.0-255,1484,22672,12,289022
35194,0.00021,172.31.36.0-255,66,22738,12,289022
35195,0.000215,172.253.118.0-255,2902,25640,12,289022
35196,0.000217,172.31.36.0-255,66,25706,12,289022
35197,0.000247,172.253.118.0-255,5738,31444,12,289022
35198,0.00025,172.31.36.0-255,66,31510,12,289022
35199,0.000301,172.31.36.0-255,66,31576,12,289022
35200,0.000314,172.31.36.0-255,66,31642,12,289022
35201,0.000344,172.253.118.0-255,1399,33041,12,289022
35202,0.000348,172.31.36.0-255,66,33107,12,289022
35203,0.000374,172.253.118.0-255,130,33237,12,289022
35204,0.000377,172.31.36.0-255,66,33303,12,289022
35205,0.000401,172.253.118.0-255,347,33650,12,289022
35206,0.000406,172.31.36.0-255,66,33716,12,289022
35207,0.00084,172.253.118.0-255,1484,35200,12,289022
35208,0.000846,172.253.118.0-255,1484,36684,12,289022
35209,0.000851,172.31.36.0-255,66,36750,12,289022
35210,0.000873,172.253.118.0-255,1484,38234,12,289022
35211,0.00088,172.253.118.0-255,5738,43972,12,289022
35212,0.000884,172.31.36.0-255,66,44038,12,289022
35213,0.000891,172.253.118.0-255,7156,51194,12,289022
35214,0.000893,172.31.36.0-255,66,51260,12,289022
35215,0.000934,172.31.36.0-255,66,51326,12,289022
35216,0.000938,172.253.118.0-255,2184,53510,12,289022
35217,0.000941,172.31.36.0-255,66,53576,12,289022
35218,0.001203,172.253.118.0-255,1484,55060,12,289022
35219,0.001212,172.253.118.0-255,2902,57962,12,289022
35220,0.001215,172.31.36.0-255,66,58028,12,289022
35221,0.001242,172.253.118.0-255,5738,63766,12,289022
35222,0.001245,172.31.36.0-255,66,63832,12,289022
35223,0.001251,172.253.118.0-255,4320,68152,12,289022
35224,0.001253,172.31.36.0-255,66,68218,12,289022
35225,0.001287,172.31.36.0-255,66,68284,12,289022
35226,0.0013,172.31.36.0-255,66,68350,12,289022
35227,0.001418,172.253.118.0-255,1484,69834,12,289022
35228,0.001432,172.253.118.0-255,2902,72736,12,289022
35229,0.001435,172.31.36.0-255,66,72802,12,289022
35230,0.001442,172.253.118.0-255,4320,77122,12,289022
35231,0.001444,172.31.36.0-255,66,77188,12,289022
35232,0.001473,172.253.118.0-255,1484,78672,12,289022
35233,0.001482,172.253.118.0-255,7156,85828,12,289022
35234,0.001485,172.31.36.0-255,66,85894,12,289022
35235,0.001514,172.253.118.0-255,5738,91632,12,289022
35236,0.001517,172.31.36.0-255,66,91698,12,289022
35237,0.00152,172.253.118.0-255,1484,93182,12,289022
35238,0.001527,172.253.118.0-255,7156,100338,12,289022
35239,0.001529,172.31.36.0-255,66,100404,12,289022
35240,0.00155,172.253.118.0-255,2184,102588,12,289022
35241,0.001552,172.31.36.0-255,66,102654,12,289022
35242,0.001572,172.253.118.0-255,4320,106974,12,289022
35243,0.001576,172.31.36.0-255,66,107040,12,289022
35244,0.001602,172.253.118.0-255,1484,108524,12,289022
35245,0.001632,172.253.118.0-255,4320,112844,12,289022
35246,0.001635,172.31.36.0-255,66,112910,12,289022
35247,0.001641,172.253.118.0-255,4320,117230,12,289022
35248,0.001644,172.31.36.0-255,66,117296,12,289022
35249,0.001649,172.253.118.0-255,4320,121616,12,289022
35250,0.001652,172.31.36.0-255,66,121682,12,289022
35251,0.001685,172.253.118.0-255,7156,128838,12,289022
35252,0.001689,172.31.36.0-255,66,128904,12,289022
35253,0.001699,172.31.36.0-255,66,128970,12,289022
35254,0.001726,172.253.118.0-255,1484,130454,12,289022
35255,0.001731,172.253.118.0-255,2902,133356,12,289022
35256,0.001734,172.31.36.0-255,66,133422,12,289022
35257,0.001765,172.253.118.0-255,5738,139160,12,289022
35258,0.001769,172.31.36.0-255,66,139226,12,289022
35259,0.001773,172.253.118.0-255,2902,142128,12,289022
35260,0.001776,172.31.36.0-255,66,142194,12,289022
35261,0.001816,172.31.36.0-255,66,142260,12,289022
35262,0.001838,172.253.118.0-255,7156,149416,12,289022
35263,0.001842,172.31.36.0-255,66,149482,12,289022
35264,0.001867,172.253.118.0-255,3602,153084,12,289022
35265,0.001869,172.31.36.0-255,66,153150,12,289022
35266,0.001924,172.253.118.0-255,1484,154634,12,289022
35267,0.001951,172.253.118.0-255,2902,157536,12,289022
35268,0.001953,172.31.36.0-255,66,157602,12,289022
35269,0.001979,172.253.118.0-255,5738,163340,12,289022
35270,0.001981,172.31.36.0-255,66,163406,12,289022
35271,0.001986,172.253.118.0-255,2902,166308,12,289022
35272,0.001988,172.31.36.0-255,66,166374,12,289022
35273,0.002018,172.253.118.0-255,1484,167858,12,289022
35274,0.002094,172.253.118.0-255,1484,169342,12,289022
35275,0.002097,172.253.118.0-255,1484,170826,12,289022
35276,0.002115,172.253.118.0-255,1484,172310,12,289022
35277,0.00212,172.253.118.0-255,5738,178048,12,289022
35278,0.002182,172.253.118.0-255,4320,182368,12,289022
35279,0.00221,172.253.118.0-255,5738,188106,12,289022
35280,0.002227,172.253.118.0-255,5020,193126,12,289022
35281,0.00227,172.253.118.0-255,5738,198864,12,289022
35282,0.002283,172.253.118.0-255,4320,203184,12,289022
35283,0.002296,172.253.118.0-255,2902,206086,12,289022
35284,0.002308,172.253.118.0-255,1484,207570,12,289022
35285,0.002325,172.253.118.0-255,7156,214726,12,289022
35286,0.002339,172.253.118.0-255,5738,220464,12,289022
35287,0.002341,172.253.118.0-255,1484,221948,12,289022
35288,0.002355,172.253.118.0-255,2902,224850,12,289022
35289,0.002367,172.253.118.0-255,2184,227034,12,289022
35290,0.002441,172.253.118.0-255,1484,228518,12,289022
35291,0.002445,172.253.118.0-255,1484,230002,12,289022
35292,0.002465,172.253.118.0-255,1484,231486,12,289022
35293,0.002471,172.253.118.0-255,5738,237224,12,289022
35294,0.002504,172.253.118.0-255,1484,238708,12,289022
35295,0.002509,172.31.36.0-255,78,238786,12,289022
35296,0.002513,172.253.118.0-255,1484,240270,12,289022
35297,0.002516,172.253.118.0-255,1484,241754,12,289022
35298,0.002521,172.253.118.0-255,4320,246074,12,289022
35299,0.002537,172.253.118.0-255,2902,248976,12,289022
35300,0.00254,172.253.118.0-255,766,249742,12,289022
35301,0.002561,172.253.118.0-255,1484,251226,12,289022
35302,0.002581,172.253.118.0-255,1484,252710,12,289022
35303,0.002586,172.253.118.0-255,2902,255612,12,289022
35304,0.002602,172.253.118.0-255,1484,257096,12,289022
35305,0.002607,172.253.118.0-255,4320,261416,12,289022
35306,0.002619,172.253.118.0-255,4320,265736,12,289022
35307,0.00266,172.253.118.0-255,5738,271474,12,289022
35308,0.002662,172.253.118.0-255,1484,272958,12,289022
35309,0.002665,172.31.36.0-255,78,273036,12,289022
35310,0.002671,172.253.118.0-255,5020,278056,12,289022
35311,0.002696,172.253.118.0-255,4320,282376,12,289022
35312,0.002709,172.253.118.0-255,1897,284273,12,289022
35313,0.002743,172.253.118.0-255,105,284378,12,289022
35314,0.004783,172.31.36.0-255,66,284444,12,289022
35315,0.007211,172.31.36.0-255,105,284549,12,289022
35316,0.009469,172.253.118.0-255,66,284615,12,289022
35317,0.038132,172.31.36.0-255,172,284787,12,289022
35318,0.038173,172.31.36.0-255,1108,285895,12,289022
35319,0.038224,172.31.36.0-255,1514,287409,12,289022
35320,0.038249,172.31.36.0-255,1415,288824,12,289022
35321,0.039701,104.244.42.0-255,66,288890,12,289022
35322,0.039737,104.244.42.0-255,66,288956,12,289022
35323,0.039827,104.244.42.0-255,66,289022,12,289022
35324,0.0,172.217.194.0-255,148,148,12,262471
35325,3.3e-05,172.31.36.0-255,66,214,12,262471
35326,4e-05,172.217.194.0-255,1484,1698,12,262471
35327,4.5e-05,172.31.36.0-255,66,1764,12,262471
35328,5.9e-05,172.217.194.0-255,2902,4666,12,262471
35329,6.2e-05,172.31.36.0-255,66,4732,12,262471
35330,6.9e-05,172.217.194.0-255,7156,11888,12,262471
35331,7.3e-05,172.31.36.0-255,66,11954,12,262471
35332,7.8e-05,172.217.194.0-255,2003,13957,12,262471
35333,8.2e-05,172.31.36.0-255,66,14023,12,262471
35334,8.8e-05,172.217.194.0-255,2902,16925,12,262471
35335,9e-05,172.31.36.0-255,66,16991,12,262471
35336,9.6e-05,172.217.194.0-255,5738,22729,12,262471
35337,9.9e-05,172.31.36.0-255,66,22795,12,262471
35338,0.000121,172.217.194.0-255,1484,24279,12,262471
35339,0.000123,172.31.36.0-255,66,24345,12,262471
35340,0.000131,172.217.194.0-255,6797,31142,12,262471
35341,0.000134,172.31.36.0-255,66,31208,12,262471
35342,0.000253,172.217.194.0-255,1484,32692,12,262471
35343,0.000258,172.31.36.0-255,66,32758,12,262471
35344,0.000264,172.217.194.0-255,2902,35660,12,262471
35345,0.000266,172.31.36.0-255,66,35726,12,262471
35346,0.00029,172.217.194.0-255,5738,41464,12,262471
35347,0.000294,172.31.36.0-255,66,41530,12,262471
35348,0.000362,172.217.194.0-255,5738,47268,12,262471
35349,0.000367,172.31.36.0-255,66,47334,12,262471
35350,0.000395,172.217.194.0-255,5379,52713,12,262471
35351,0.000398,172.31.36.0-255,66,52779,12,262471
35352,0.000412,172.31.36.0-255,66,52845,12,262471
35353,0.000415,172.217.194.0-255,1125,53970,12,262471
35354,0.000417,172.31.36.0-255,66,54036,12,262471
35355,0.000612,172.217.194.0-255,385,54421,12,262471
35356,0.000661,172.217.194.0-255,361,54782,12,262471
35357,0.000888,172.217.194.0-255,1484,56266,12,262471
35358,0.000894,172.31.36.0-255,66,56332,12,262471
35359,0.0009,172.217.194.0-255,2902,59234,12,262471
35360,0.000902,172.31.36.0-255,66,59300,12,262471
35361,0.000908,172.217.194.0-255,5738,65038,12,262471
35362,0.000917,172.31.36.0-255,66,65104,12,262471
35363,0.000968,172.31.36.0-255,66,65170,12,262471
35364,0.000976,172.217.194.0-255,7156,72326,12,262471
35365,0.000978,172.31.36.0-255,66,72392,12,262471
35366,0.001009,172.217.194.0-255,3602,75994,12,262471
35367,0.001013,172.31.36.0-255,66,76060,12,262471
35368,0.001662,172.217.194.0-255,1484,77544,12,262471
35369,0.00167,172.217.194.0-255,2902,80446,12,262471
35370,0.001674,172.31.36.0-255,66,80512,12,262471
35371,0.001681,172.217.194.0-255,5738,86250,12,262471
35372,0.001683,172.31.36.0-255,66,86316,12,262471
35373,0.001715,172.31.36.0-255,66,86382,12,262471
35374,0.001726,172.31.36.0-255,66,86448,12,262471
35375,0.001755,172.217.194.0-255,766,87214,12,262471
35376,0.001923,172.217.194.0-255,1484,88698,12,262471
35377,0.001925,172.31.36.0-255,66,88764,12,262471
35378,0.00193,172.217.194.0-255,2902,91666,12,262471
35379,0.001931,172.31.36.0-255,66,91732,12,262471
35380,0.00196,172.217.194.0-255,5738,97470,12,262471
35381,0.001962,172.31.36.0-255,66,97536,12,262471
35382,0.001967,172.217.194.0-255,2902,100438,12,262471
35383,0.00197,172.31.36.0-255,66,100504,12,262471
35384,0.001995,172.217.194.0-255,7156,107660,12,262471
35385,0.001998,172.31.36.0-255,66,107726,12,262471
35386,0.002032,172.31.36.0-255,66,107792,12,262471
35387,0.00209,172.217.194.0-255,1484,109276,12,262471
35388,0.002107,172.217.194.0-255,2902,112178,12,262471
35389,0.00211,172.31.36.0-255,66,112244,12,262471
35390,0.002116,172.217.194.0-255,5738,117982,12,262471
35391,0.002118,172.31.36.0-255,66,118048,12,262471
35392,0.002157,172.31.36.0-255,66,118114,12,262471
35393,0.00216,172.217.194.0-255,1484,119598,12,262471
35394,0.002191,172.31.36.0-255,66,119664,12,262471
35395,0.002306,172.217.194.0-255,1484,121148,12,262471
35396,0.00231,172.217.194.0-255,2902,124050,12,262471
35397,0.002313,172.31.36.0-255,66,124116,12,262471
35398,0.002318,172.217.194.0-255,2902,127018,12,262471
35399,0.00232,172.31.36.0-255,66,127084,12,262471
35400,0.00234,172.217.194.0-255,2902,129986,12,262471
35401,0.002343,172.31.36.0-255,66,130052,12,262471
35402,0.002358,172.31.36.0-255,66,130118,12,262471
35403,0.002383,172.217.194.0-255,4320,134438,12,262471
35404,0.002386,172.31.36.0-255,66,134504,12,262471
35405,0.002393,172.217.194.0-255,7156,141660,12,262471
35406,0.002395,172.31.36.0-255,66,141726,12,262471
35407,0.002398,172.217.194.0-255,1484,143210,12,262471
35408,0.002458,172.217.194.0-255,2184,145394,12,262471
35409,0.002461,172.31.36.0-255,66,145460,12,262471
35410,0.002625,172.217.194.0-255,1484,146944,12,262471
35411,0.002628,172.217.194.0-255,1484,148428,12,262471
35412,0.002631,172.31.36.0-255,66,148494,12,262471
35413,0.002655,172.217.194.0-255,4320,152814,12,262471
35414,0.002657,172.31.36.0-255,66,152880,12,262471
35415,0.002662,172.217.194.0-255,4320,157200,12,262471
35416,0.002664,172.31.36.0-255,66,157266,12,262471
35417,0.002706,172.217.194.0-255,5738,163004,12,262471
35418,0.002708,172.31.36.0-255,66,163070,12,262471
35419,0.002715,172.217.194.0-255,5738,168808,12,262471
35420,0.00279,172.217.194.0-255,1484,170292,12,262471
35421,0.002806,172.217.194.0-255,2902,173194,12,262471
35422,0.002827,172.217.194.0-255,5738,178932,12,262471
35423,0.002834,172.217.194.0-255,5738,184670,12,262471
35424,0.002855,172.217.194.0-255,5738,190408,12,262471
35425,0.002872,172.217.194.0-255,7156,197564,12,262471
35426,0.002899,172.217.194.0-255,2902,200466,12,262471
35427,0.00292,172.217.194.0-255,7156,207622,12,262471
35428,0.002938,172.217.194.0-255,4320,211942,12,262471
35429,0.002981,172.217.194.0-255,1484,213426,12,262471
35430,0.003011,172.217.194.0-255,7156,220582,12,262471
35431,0.003024,172.217.194.0-255,5738,226320,12,262471
35432,0.003029,172.217.194.0-255,4320,230640,12,262471
35433,0.003049,172.217.194.0-255,5020,235660,12,262471
35434,0.003068,172.217.194.0-255,4320,239980,12,262471
35435,0.003086,172.217.194.0-255,5738,245718,12,262471
35436,0.003121,172.217.194.0-255,4320,250038,12,262471
35437,0.003155,172.217.194.0-255,2566,252604,12,262471
35438,0.003174,172.217.194.0-255,105,252709,12,262471
35439,0.005284,172.31.36.0-255,66,252775,12,262471
35440,0.00871,172.31.36.0-255,105,252880,12,262471
35441,0.010908,172.217.194.0-255,66,252946,12,262471
35442,0.036739,172.31.36.0-255,188,253134,12,262471
35443,0.036769,172.31.36.0-255,952,254086,12,262471
35444,0.036838,172.31.36.0-255,1514,255600,12,262471
35445,0.036864,172.31.36.0-255,1514,257114,12,262471
35446,0.036865,172.31.36.0-255,1514,258628,12,262471
35447,0.036884,172.31.36.0-255,1514,260142,12,262471
35448,0.036889,172.31.36.0-255,1514,261656,12,262471
35449,0.03689,172.31.36.0-255,311,261967,12,262471
35450,0.038269,104.244.42.0-255,66,262033,12,262471
35451,0.038304,104.244.42.0-255,66,262099,12,262471
35452,0.03841,104.244.42.0-255,66,262165,12,262471
35453,0.038413,104.244.42.0-255,66,262231,12,262471
35454,0.038422,104.244.42.0-255,66,262297,12,262471
35455,0.039062,104.244.42.0-255,108,262405,12,262471
35456,0.039084,172.31.36.0-255,66,262471,12,262471
35457,0.0,172.217.194.0-255,152,152,12,209319
35458,3.5e-05,172.31.36.0-255,66,218,12,209319
35459,4.2e-05,172.217.194.0-255,1484,1702,12,209319
35460,4.7e-05,172.31.36.0-255,66,1768,12,209319
35461,5.2e-05,172.217.194.0-255,2902,4670,12,209319
35462,5.4e-05,172.31.36.0-255,66,4736,12,209319
35463,6e-05,172.217.194.0-255,5738,10474,12,209319
35464,6.3e-05,172.31.36.0-255,66,10540,12,209319
35465,7.5e-05,172.31.36.0-255,66,10606,12,209319
35466,8.8e-05,172.31.36.0-255,66,10672,12,209319
35467,9.1e-05,172.217.194.0-255,1125,11797,12,209319
35468,9.3e-05,172.31.36.0-255,66,11863,12,209319
35469,0.000139,172.217.194.0-255,1484,13347,12,209319
35470,0.000142,172.31.36.0-255,66,13413,12,209319
35471,0.000147,172.217.194.0-255,2902,16315,12,209319
35472,0.000149,172.31.36.0-255,66,16381,12,209319
35473,0.000156,172.217.194.0-255,5738,22119,12,209319
35474,0.000158,172.31.36.0-255,66,22185,12,209319
35475,0.000172,172.31.36.0-255,66,22251,12,209319
35476,0.0002,172.217.194.0-255,2543,24794,12,209319
35477,0.000203,172.31.36.0-255,66,24860,12,209319
35478,0.000217,172.31.36.0-255,66,24926,12,209319
35479,0.000504,172.217.194.0-255,362,25288,12,209319
35480,0.000509,172.31.36.0-255,66,25354,12,209319
35481,0.000513,172.217.194.0-255,380,25734,12,209319
35482,0.000515,172.31.36.0-255,66,25800,12,209319
35483,0.000931,172.217.194.0-255,1484,27284,12,209319
35484,0.000937,172.31.36.0-255,66,27350,12,209319
35485,0.000945,172.217.194.0-255,2902,30252,12,209319
35486,0.000948,172.31.36.0-255,66,30318,12,209319
35487,0.000953,172.217.194.0-255,4320,34638,12,209319
35488,0.000955,172.31.36.0-255,66,34704,12,209319
35489,0.000971,172.217.194.0-255,1484,36188,12,209319
35490,0.000979,172.217.194.0-255,5738,41926,12,209319
35491,0.000982,172.31.36.0-255,66,41992,12,209319
35492,0.001002,172.217.194.0-255,7156,49148,12,209319
35493,0.001005,172.31.36.0-255,66,49214,12,209319
35494,0.001011,172.217.194.0-255,4320,53534,12,209319
35495,0.001013,172.31.36.0-255,66,53600,12,209319
35496,0.001057,172.217.194.0-255,6438,60038,12,209319
35497,0.001061,172.31.36.0-255,66,60104,12,209319
35498,0.001083,172.217.194.0-255,1484,61588,12,209319
35499,0.001113,172.217.194.0-255,1484,63072,12,209319
35500,0.001116,172.31.36.0-255,66,63138,12,209319
35501,0.001132,172.217.194.0-255,1484,64622,12,209319
35502,0.001139,172.217.194.0-255,5738,70360,12,209319
35503,0.001141,172.31.36.0-255,66,70426,12,209319
35504,0.001154,172.31.36.0-255,66,70492,12,209319
35505,0.001166,172.31.36.0-255,66,70558,12,209319
35506,0.00121,172.217.194.0-255,1484,72042,12,209319
35507,0.001224,172.217.194.0-255,2902,74944,12,209319
35508,0.001228,172.31.36.0-255,66,75010,12,209319
35509,0.001231,172.217.194.0-255,1484,76494,12,209319
35510,0.001251,172.217.194.0-255,4320,80814,12,209319
35511,0.001254,172.31.36.0-255,66,80880,12,209319
35512,0.001267,172.31.36.0-255,66,80946,12,209319
35513,0.001324,172.31.36.0-255,66,81012,12,209319
35514,0.001343,172.217.194.0-255,2184,83196,12,209319
35515,0.001346,172.31.36.0-255,66,83262,12,209319
35516,0.001359,172.31.36.0-255,66,83328,12,209319
35517,0.001397,172.31.36.0-255,66,83394,12,209319
35518,0.001417,172.217.194.0-255,5020,88414,12,209319
35519,0.00142,172.31.36.0-255,66,88480,12,209319
35520,0.001433,172.31.36.0-255,66,88546,12,209319
35521,0.001459,172.217.194.0-255,1484,90030,12,209319
35522,0.00148,172.31.36.0-255,66,90096,12,209319
35523,0.001485,172.217.194.0-255,4320,94416,12,209319
35524,0.001488,172.31.36.0-255,66,94482,12,209319
35525,0.001501,172.217.194.0-255,2184,96666,12,209319
35526,0.001503,172.31.36.0-255,66,96732,12,209319
35527,0.001544,172.217.194.0-255,1484,98216,12,209319
35528,0.001548,172.217.194.0-255,2902,101118,12,209319
35529,0.001551,172.31.36.0-255,66,101184,12,209319
35530,0.001573,172.217.194.0-255,5738,106922,12,209319
35531,0.001576,172.31.36.0-255,66,106988,12,209319
35532,0.00159,172.217.194.0-255,1484,108472,12,209319
35533,0.001619,172.31.36.0-255,66,108538,12,209319
35534,0.001628,172.31.36.0-255,66,108604,12,209319
35535,0.00164,172.217.194.0-255,2184,110788,12,209319
35536,0.001642,172.31.36.0-255,66,110854,12,209319
35537,0.00167,172.217.194.0-255,2902,113756,12,209319
35538,0.001672,172.31.36.0-255,66,113822,12,209319
35539,0.001734,172.31.36.0-255,66,113888,12,209319
35540,0.00175,172.217.194.0-255,5738,119626,12,209319
35541,0.001753,172.31.36.0-255,66,119692,12,209319
35542,0.001766,172.31.36.0-255,66,119758,12,209319
35543,0.001778,172.217.194.0-255,1484,121242,12,209319
35544,0.001793,172.217.194.0-255,2902,124144,12,209319
35545,0.001796,172.31.36.0-255,66,124210,12,209319
35546,0.001818,172.217.194.0-255,5738,129948,12,209319
35547,0.00182,172.31.36.0-255,66,130014,12,209319
35548,0.001826,172.217.194.0-255,5738,135752,12,209319
35549,0.001827,172.31.36.0-255,66,135818,12,209319
35550,0.00186,172.31.36.0-255,66,135884,12,209319
35551,0.001863,172.217.194.0-255,1484,137368,12,209319
35552,0.001879,172.217.194.0-255,3602,140970,12,209319
35553,0.001881,172.31.36.0-255,66,141036,12,209319
35554,0.001902,172.217.194.0-255,5738,146774,12,209319
35555,0.001904,172.31.36.0-255,66,146840,12,209319
35556,0.001927,172.217.194.0-255,2902,149742,12,209319
35557,0.001929,172.31.36.0-255,66,149808,12,209319
35558,0.001949,172.217.194.0-255,7156,156964,12,209319
35559,0.001951,172.31.36.0-255,66,157030,12,209319
35560,0.001973,172.217.194.0-255,2902,159932,12,209319
35561,0.001975,172.31.36.0-255,66,159998,12,209319
35562,0.001981,172.217.194.0-255,5738,165736,12,209319
35563,0.001983,172.31.36.0-255,66,165802,12,209319
35564,0.002004,172.31.36.0-255,66,165868,12,209319
35565,0.002024,172.217.194.0-255,6438,172306,12,209319
35566,0.002027,172.31.36.0-255,66,172372,12,209319
35567,0.002037,172.31.36.0-255,66,172438,12,209319
35568,0.002043,172.217.194.0-255,4320,176758,12,209319
35569,0.002044,172.31.36.0-255,66,176824,12,209319
35570,0.00398,172.217.194.0-255,1484,178308,12,209319
35571,0.003996,172.217.194.0-255,4320,182628,12,209319
35572,0.003999,172.31.36.0-255,66,182694,12,209319
35573,0.005964,172.217.194.0-255,5738,188432,12,209319
35574,0.005972,172.31.36.0-255,66,188498,12,209319
35575,0.007929,172.217.194.0-255,5738,194236,12,209319
35576,0.007938,172.31.36.0-255,66,194302,12,209319
35577,0.009889,172.217.194.0-255,2902,197204,12,209319
35578,0.009895,172.31.36.0-255,66,197270,12,209319
35579,0.009909,172.217.194.0-255,2902,200172,12,209319
35580,0.009912,172.31.36.0-255,66,200238,12,209319
35581,0.011821,172.217.194.0-255,1073,201311,12,209319
35582,0.01739,172.31.36.0-255,66,201377,12,209319
35583,0.017421,172.31.36.0-255,105,201482,12,209319
35584,0.019373,172.217.194.0-255,66,201548,12,209319
35585,0.031799,172.31.36.0-255,172,201720,12,209319
35586,0.031834,172.31.36.0-255,1108,202828,12,209319
35587,0.031892,172.31.36.0-255,1514,204342,12,209319
35588,0.031894,172.31.36.0-255,1514,205856,12,209319
35589,0.031899,172.31.36.0-255,1514,207370,12,209319
35590,0.031901,172.31.36.0-255,1514,208884,12,209319
35591,0.031919,172.31.36.0-255,171,209055,12,209319
35592,0.03335,104.244.42.0-255,66,209121,12,209319
35593,0.033422,104.244.42.0-255,66,209187,12,209319
35594,0.033439,104.244.42.0-255,66,209253,12,209319
35595,0.033442,104.244.42.0-255,66,209319,12,209319
35596,0.0,74.125.24.0-255,152,152,12,344060
35597,3.2e-05,172.31.36.0-255,66,218,12,344060
35598,4e-05,74.125.24.0-255,1484,1702,12,344060
35599,4.4e-05,172.31.36.0-255,66,1768,12,344060
35600,4.9e-05,74.125.24.0-255,2902,4670,12,344060
35601,5.1e-05,172.31.36.0-255,66,4736,12,344060
35602,6.7e-05,74.125.24.0-255,2902,7638,12,344060
35603,7e-05,172.31.36.0-255,66,7704,12,344060
35604,9.5e-05,74.125.24.0-255,6330,14034,12,344060
35605,9.9e-05,172.31.36.0-255,66,14100,12,344060
35606,0.000181,74.125.24.0-255,1484,15584,12,344060
35607,0.000186,172.31.36.0-255,66,15650,12,344060
35608,0.000191,74.125.24.0-255,2902,18552,12,344060
35609,0.000196,172.31.36.0-255,66,18618,12,344060
35610,0.000202,74.125.24.0-255,5738,24356,12,344060
35611,0.000204,172.31.36.0-255,66,24422,12,344060
35612,0.000253,74.125.24.0-255,6797,31219,12,344060
35613,0.000258,172.31.36.0-255,66,31285,12,344060
35614,0.000708,74.125.24.0-255,1484,32769,12,344060
35615,0.000714,172.31.36.0-255,66,32835,12,344060
35616,0.000723,74.125.24.0-255,2902,35737,12,344060
35617,0.000725,172.31.36.0-255,66,35803,12,344060
35618,0.000731,74.125.24.0-255,5738,41541,12,344060
35619,0.000734,172.31.36.0-255,66,41607,12,344060
35620,0.000739,74.125.24.0-255,4320,45927,12,344060
35621,0.000741,172.31.36.0-255,66,45993,12,344060
35622,0.00076,74.125.24.0-255,1484,47477,12,344060
35623,0.000763,172.31.36.0-255,66,47543,12,344060
35624,0.00077,74.125.24.0-255,5738,53281,12,344060
35625,0.000772,172.31.36.0-255,66,53347,12,344060
35626,0.000793,172.31.36.0-255,66,53413,12,344060
35627,0.000799,74.125.24.0-255,3961,57374,12,344060
35628,0.000801,172.31.36.0-255,66,57440,12,344060
35629,0.000822,74.125.24.0-255,647,58087,12,344060
35630,0.000909,74.125.24.0-255,1484,59571,12,344060
35631,0.000916,172.31.36.0-255,66,59637,12,344060
35632,0.000922,74.125.24.0-255,2902,62539,12,344060
35633,0.000924,172.31.36.0-255,66,62605,12,344060
35634,0.000949,74.125.24.0-255,5738,68343,12,344060
35635,0.000952,172.31.36.0-255,66,68409,12,344060
35636,0.00098,74.125.24.0-255,4320,72729,12,344060
35637,0.000982,172.31.36.0-255,66,72795,12,344060
35638,0.001004,74.125.24.0-255,5738,78533,12,344060
35639,0.001007,172.31.36.0-255,66,78599,12,344060
35640,0.001012,74.125.24.0-255,4320,82919,12,344060
35641,0.001015,172.31.36.0-255,66,82985,12,344060
35642,0.001072,74.125.24.0-255,2902,85887,12,344060
35643,0.001076,172.31.36.0-255,66,85953,12,344060
35644,0.001097,74.125.24.0-255,6438,92391,12,344060
35645,0.0011,172.31.36.0-255,66,92457,12,344060
35646,0.001519,74.125.24.0-255,1484,93941,12,344060
35647,0.001526,74.125.24.0-255,2902,96843,12,344060
35648,0.001532,172.31.36.0-255,66,96909,12,344060
35649,0.001538,74.125.24.0-255,5738,102647,12,344060
35650,0.00154,172.31.36.0-255,66,102713,12,344060
35651,0.001553,74.125.24.0-255,2902,105615,12,344060
35652,0.001555,172.31.36.0-255,66,105681,12,344060
35653,0.001576,74.125.24.0-255,5738,111419,12,344060
35654,0.001578,172.31.36.0-255,66,111485,12,344060
35655,0.00163,172.31.36.0-255,66,111551,12,344060
35656,0.001648,74.125.24.0-255,1484,113035,12,344060
35657,0.001667,74.125.24.0-255,2902,115937,12,344060
35658,0.00167,172.31.36.0-255,66,116003,12,344060
35659,0.001676,74.125.24.0-255,5738,121741,12,344060
35660,0.001678,172.31.36.0-255,66,121807,12,344060
35661,0.00168,74.125.24.0-255,1484,123291,12,344060
35662,0.001714,172.31.36.0-255,66,123357,12,344060
35663,0.00172,74.125.24.0-255,5738,129095,12,344060
35664,0.001723,172.31.36.0-255,66,129161,12,344060
35665,0.001754,74.125.24.0-255,5738,134899,12,344060
35666,0.001757,172.31.36.0-255,66,134965,12,344060
35667,0.001773,74.125.24.0-255,766,135731,12,344060
35668,0.001875,74.125.24.0-255,1484,137215,12,344060
35669,0.001877,172.31.36.0-255,66,137281,12,344060
35670,0.001903,74.125.24.0-255,2902,140183,12,344060
35671,0.001905,172.31.36.0-255,66,140249,12,344060
35672,0.001921,74.125.24.0-255,1484,141733,12,344060
35673,0.00194,74.125.24.0-255,4320,146053,12,344060
35674,0.001943,172.31.36.0-255,66,146119,12,344060
35675,0.001957,74.125.24.0-255,5738,151857,12,344060
35676,0.001959,172.31.36.0-255,66,151923,12,344060
35677,0.001981,74.125.24.0-255,7156,159079,12,344060
35678,0.001983,172.31.36.0-255,66,159145,12,344060
35679,0.002013,74.125.24.0-255,2902,162047,12,344060
35680,0.002016,172.31.36.0-255,66,162113,12,344060
35681,0.002037,172.31.36.0-255,66,162179,12,344060
35682,0.002161,74.125.24.0-255,1484,163663,12,344060
35683,0.00218,74.125.24.0-255,2902,166565,12,344060
35684,0.002181,172.31.36.0-255,66,166631,12,344060
35685,0.002184,74.125.24.0-255,1484,168115,12,344060
35686,0.002202,74.125.24.0-255,4320,172435,12,344060
35687,0.002204,172.31.36.0-255,66,172501,12,344060
35688,0.002206,74.125.24.0-255,1484,173985,12,344060
35689,0.002234,172.31.36.0-255,66,174051,12,344060
35690,0.002243,172.31.36.0-255,66,174117,12,344060
35691,0.002253,74.125.24.0-255,3602,177719,12,344060
35692,0.002255,172.31.36.0-255,66,177785,12,344060
35693,0.002285,74.125.24.0-255,1484,179269,12,344060
35694,0.002296,74.125.24.0-255,2902,182171,12,344060
35695,0.002298,172.31.36.0-255,66,182237,12,344060
35696,0.002301,74.125.24.0-255,1484,183721,12,344060
35697,0.002322,74.125.24.0-255,4320,188041,12,344060
35698,0.002327,74.125.24.0-255,4320,192361,12,344060
35699,0.002362,74.125.24.0-255,5738,198099,12,344060
35700,0.002381,74.125.24.0-255,4320,202419,12,344060
35701,0.004456,172.31.36.0-255,66,202485,12,344060
35702,0.006778,74.125.24.0-255,5738,208223,12,344060
35703,0.006783,172.31.36.0-255,66,208289,12,344060
35704,0.009115,74.125.24.0-255,5738,214027,12,344060
35705,0.009121,172.31.36.0-255,66,214093,12,344060
35706,0.011429,74.125.24.0-255,5738,219831,12,344060
35707,0.011434,172.31.36.0-255,66,219897,12,344060
35708,0.013732,74.125.24.0-255,5738,225635,12,344060
35709,0.013742,172.31.36.0-255,66,225701,12,344060
35710,0.016093,74.125.24.0-255,5738,231439,12,344060
35711,0.016101,172.31.36.0-255,66,231505,12,344060
35712,0.018464,74.125.24.0-255,5738,237243,12,344060
35713,0.018472,172.31.36.0-255,66,237309,12,344060
35714,0.020774,74.125.24.0-255,5738,243047,12,344060
35715,0.020782,172.31.36.0-255,66,243113,12,344060
35716,0.023084,74.125.24.0-255,5738,248851,12,344060
35717,0.02309,172.31.36.0-255,66,248917,12,344060
35718,0.025386,74.125.24.0-255,5738,254655,12,344060
35719,0.025393,172.31.36.0-255,66,254721,12,344060
35720,0.027708,74.125.24.0-255,5738,260459,12,344060
35721,0.027716,172.31.36.0-255,66,260525,12,344060
35722,0.030033,74.125.24.0-255,5738,266263,12,344060
35723,0.030041,172.31.36.0-255,66,266329,12,344060
35724,0.032358,74.125.24.0-255,5738,272067,12,344060
35725,0.032363,172.31.36.0-255,66,272133,12,344060
35726,0.032414,172.31.36.0-255,172,272305,12,344060
35727,0.032442,172.31.36.0-255,1107,273412,12,344060
35728,0.032534,172.31.36.0-255,1514,274926,12,344060
35729,0.032537,172.31.36.0-255,1514,276440,12,344060
35730,0.032559,172.31.36.0-255,1514,277954,12,344060
35731,0.03256,172.31.36.0-255,1514,279468,12,344060
35732,0.032564,172.31.36.0-255,1514,280982,12,344060
35733,0.032565,172.31.36.0-255,148,281130,12,344060
35734,0.033971,104.244.42.0-255,66,281196,12,344060
35735,0.034027,104.244.42.0-255,66,281262,12,344060
35736,0.034129,104.244.42.0-255,66,281328,12,344060
35737,0.034133,104.244.42.0-255,66,281394,12,344060
35738,0.034661,74.125.24.0-255,4320,285714,12,344060
35739,0.034664,172.31.36.0-255,66,285780,12,344060
35740,0.034693,74.125.24.0-255,1484,287264,12,344060
35741,0.034865,104.244.42.0-255,108,287372,12,344060
35742,0.034873,172.31.36.0-255,66,287438,12,344060
35743,0.036994,74.125.24.0-255,4320,291758,12,344060
35744,0.036998,172.31.36.0-255,66,291824,12,344060
35745,0.039286,74.125.24.0-255,5738,297562,12,344060
35746,0.039292,172.31.36.0-255,66,297628,12,344060
35747,0.041625,74.125.24.0-255,5738,303366,12,344060
35748,0.04163,172.31.36.0-255,66,303432,12,344060
35749,0.043974,74.125.24.0-255,5738,309170,12,344060
35750,0.043979,172.31.36.0-255,66,309236,12,344060
35751,0.046278,74.125.24.0-255,5738,314974,12,344060
35752,0.046281,172.31.36.0-255,66,315040,12,344060
35753,0.048572,74.125.24.0-255,5738,320778,12,344060
35754,0.048577,172.31.36.0-255,66,320844,12,344060
35755,0.050862,74.125.24.0-255,5738,326582,12,344060
35756,0.050868,172.31.36.0-255,66,326648,12,344060
35757,0.053176,74.125.24.0-255,5738,332386,12,344060
35758,0.053181,172.31.36.0-255,66,332452,12,344060
35759,0.055459,74.125.24.0-255,5738,338190,12,344060
35760,0.055464,172.31.36.0-255,66,338256,12,344060
35761,0.057775,74.125.24.0-255,5738,343994,12,344060
35762,0.057781,172.31.36.0-255,66,344060,12,344060
35763,0.0,172.31.36.0-255,105,105,12,276
35764,0.002081,157.240.13.0-255,105,210,12,276
35765,0.002095,172.31.36.0-255,66,276,12,276
35766,0.0,74.125.200.0-255,153,153,12,285533
35767,3.1e-05,172.31.36.0-255,66,219,12,285533
35768,3.8e-05,74.125.200.0-255,1484,1703,12,285533
35769,4.3e-05,172.31.36.0-255,66,1769,12,285533
35770,4.8e-05,74.125.200.0-255,2902,4671,12,285533
35771,5.2e-05,172.31.36.0-255,66,4737,12,285533
35772,5.8e-05,74.125.200.0-255,5738,10475,12,285533
35773,6.1e-05,172.31.36.0-255,66,10541,12,285533
35774,6.6e-05,74.125.200.0-255,3455,13996,12,285533
35775,6.8e-05,172.31.36.0-255,66,14062,12,285533
35776,0.000118,74.125.200.0-255,1484,15546,12,285533
35777,0.000121,172.31.36.0-255,66,15612,12,285533
35778,0.000135,74.125.200.0-255,2902,18514,12,285533
35779,0.000139,172.31.36.0-255,66,18580,12,285533
35780,0.000156,74.125.200.0-255,1484,20064,12,285533
35781,0.000159,172.31.36.0-255,66,20130,12,285533
35782,0.000172,74.125.200.0-255,4320,24450,12,285533
35783,0.000174,172.31.36.0-255,66,24516,12,285533
35784,0.00018,74.125.200.0-255,2902,27418,12,285533
35785,0.000182,172.31.36.0-255,66,27484,12,285533
35786,0.000203,74.125.200.0-255,3961,31445,12,285533
35787,0.000206,172.31.36.0-255,66,31511,12,285533
35788,0.000224,74.125.200.0-255,4320,35831,12,285533
35789,0.000227,172.31.36.0-255,66,35897,12,285533
35790,0.000249,74.125.200.0-255,5738,41635,12,285533
35791,0.000252,172.31.36.0-255,66,41701,12,285533
35792,0.000291,74.125.200.0-255,6797,48498,12,285533
35793,0.000295,172.31.36.0-255,66,48564,12,285533
35794,0.001267,74.125.200.0-255,1484,50048,12,285533
35795,0.001273,172.31.36.0-255,66,50114,12,285533
35796,0.001282,74.125.200.0-255,2902,53016,12,285533
35797,0.001284,172.31.36.0-255,66,53082,12,285533
35798,0.001304,74.125.200.0-255,5738,58820,12,285533
35799,0.001307,172.31.36.0-255,66,58886,12,285533
35800,0.001331,74.125.200.0-255,1484,60370,12,285533
35801,0.001337,74.125.200.0-255,2902,63272,12,285533
35802,0.00134,172.31.36.0-255,66,63338,12,285533
35803,0.001373,74.125.200.0-255,3961,67299,12,285533
35804,0.001376,172.31.36.0-255,66,67365,12,285533
35805,0.001397,74.125.200.0-255,4320,71685,12,285533
35806,0.001399,172.31.36.0-255,66,71751,12,285533
35807,0.001427,74.125.200.0-255,5738,77489,12,285533
35808,0.00143,172.31.36.0-255,66,77555,12,285533
35809,0.001453,74.125.200.0-255,7156,84711,12,285533
35810,0.001455,172.31.36.0-255,66,84777,12,285533
35811,0.001477,74.125.200.0-255,4320,89097,12,285533
35812,0.001479,172.31.36.0-255,66,89163,12,285533
35813,0.0015,74.125.200.0-255,5738,94901,12,285533
35814,0.001502,172.31.36.0-255,66,94967,12,285533
35815,0.001511,74.125.200.0-255,1484,96451,12,285533
35816,0.001529,74.125.200.0-255,3602,100053,12,285533
35817,0.001531,172.31.36.0-255,66,100119,12,285533
35818,0.001587,74.125.200.0-255,647,100766,12,285533
35819,0.002026,74.125.200.0-255,1484,102250,12,285533
35820,0.002028,172.31.36.0-255,66,102316,12,285533
35821,0.002032,74.125.200.0-255,1484,103800,12,285533
35822,0.002045,74.125.200.0-255,1484,105284,12,285533
35823,0.002047,172.31.36.0-255,66,105350,12,285533
35824,0.002071,74.125.200.0-255,5738,111088,12,285533
35825,0.002089,172.31.36.0-255,66,111154,12,285533
35826,0.002096,74.125.200.0-255,5738,116892,12,285533
35827,0.002099,172.31.36.0-255,66,116958,12,285533
35828,0.004137,74.125.200.0-255,5738,122696,12,285533
35829,0.004142,172.31.36.0-255,66,122762,12,285533
35830,0.006196,74.125.200.0-255,5738,128500,12,285533
35831,0.006201,172.31.36.0-255,66,128566,12,285533
35832,0.008251,74.125.200.0-255,5738,134304,12,285533
35833,0.008259,172.31.36.0-255,66,134370,12,285533
35834,0.01032,74.125.200.0-255,5738,140108,12,285533
35835,0.010328,172.31.36.0-255,66,140174,12,285533
35836,0.012387,74.125.200.0-255,5738,145912,12,285533
35837,0.012396,172.31.36.0-255,66,145978,12,285533
35838,0.014447,74.125.200.0-255,5738,151716,12,285533
35839,0.014456,172.31.36.0-255,66,151782,12,285533
35840,0.016507,74.125.200.0-255,5738,157520,12,285533
35841,0.016515,172.31.36.0-255,66,157586,12,285533
35842,0.018572,74.125.200.0-255,5738,163324,12,285533
35843,0.01858,172.31.36.0-255,66,163390,12,285533
35844,0.020648,74.125.200.0-255,5738,169128,12,285533
35845,0.020656,172.31.36.0-255,66,169194,12,285533
35846,0.022714,74.125.200.0-255,5738,174932,12,285533
35847,0.022724,172.31.36.0-255,66,174998,12,285533
35848,0.024754,172.31.36.0-255,172,175170,12,285533
35849,0.02478,74.125.200.0-255,5738,180908,12,285533
35850,0.024787,172.31.36.0-255,66,180974,12,285533
35851,0.024793,172.31.36.0-255,1107,182081,12,285533
35852,0.02489,172.31.36.0-255,1514,183595,12,285533
35853,0.024893,172.31.36.0-255,1514,185109,12,285533
35854,0.024894,172.31.36.0-255,1514,186623,12,285533
35855,0.024895,172.31.36.0-255,1514,188137,12,285533
35856,0.024896,172.31.36.0-255,1514,189651,12,285533
35857,0.024924,172.31.36.0-255,148,189799,12,285533
35858,0.0263,104.244.42.0-255,66,189865,12,285533
35859,0.026326,104.244.42.0-255,66,189931,12,285533
35860,0.026452,104.244.42.0-255,66,189997,12,285533
35861,0.026457,104.244.42.0-255,66,190063,12,285533
35862,0.026852,74.125.200.0-255,5738,195801,12,285533
35863,0.026858,172.31.36.0-255,66,195867,12,285533
35864,0.028934,74.125.200.0-255,5738,201605,12,285533
35865,0.028947,172.31.36.0-255,66,201671,12,285533
35866,0.031025,74.125.200.0-255,4320,205991,12,285533
35867,0.031032,172.31.36.0-255,66,206057,12,285533
35868,0.03106,74.125.200.0-255,1484,207541,12,285533
35869,0.033069,74.125.200.0-255,4320,211861,12,285533
35870,0.033075,172.31.36.0-255,66,211927,12,285533
35871,0.035127,74.125.200.0-255,5738,217665,12,285533
35872,0.035132,172.31.36.0-255,66,217731,12,285533
35873,0.037179,74.125.200.0-255,5738,223469,12,285533
35874,0.037185,172.31.36.0-255,66,223535,12,285533
35875,0.039224,74.125.200.0-255,2902,226437,12,285533
35876,0.03923,172.31.36.0-255,66,226503,12,285533
35877,0.039261,74.125.200.0-255,2902,229405,12,285533
35878,0.039265,172.31.36.0-255,66,229471,12,285533
35879,0.041279,74.125.200.0-255,2902,232373,12,285533
35880,0.041284,172.31.36.0-255,66,232439,12,285533
35881,0.041316,74.125.200.0-255,2902,235341,12,285533
35882,0.04132,172.31.36.0-255,66,235407,12,285533
35883,0.043321,74.125.200.0-255,2902,238309,12,285533
35884,0.043327,172.31.36.0-255,66,238375,12,285533
35885,0.043366,74.125.200.0-255,2902,241277,12,285533
35886,0.04337,172.31.36.0-255,66,241343,12,285533
35887,0.045381,74.125.200.0-255,2902,244245,12,285533
35888,0.045386,172.31.36.0-255,66,244311,12,285533
35889,0.045439,74.125.200.0-255,2902,247213,12,285533
35890,0.045444,172.31.36.0-255,66,247279,12,285533
35891,0.047431,74.125.200.0-255,2902,250181,12,285533
35892,0.047436,172.31.36.0-255,66,250247,12,285533
35893,0.047483,74.125.200.0-255,2902,253149,12,285533
35894,0.047487,172.31.36.0-255,66,253215,12,285533
35895,0.049475,74.125.200.0-255,1484,254699,12,285533
35896,0.049524,74.125.200.0-255,1484,256183,12,285533
35897,0.049529,172.31.36.0-255,66,256249,12,285533
35898,0.049548,74.125.200.0-255,2902,259151,12,285533
35899,0.049551,172.31.36.0-255,66,259217,12,285533
35900,0.051577,74.125.200.0-255,4320,263537,12,285533
35901,0.051583,172.31.36.0-255,66,263603,12,285533
35902,0.051614,74.125.200.0-255,1484,265087,12,285533
35903,0.053638,74.125.200.0-255,4320,269407,12,285533
35904,0.053644,172.31.36.0-255,66,269473,12,285533
35905,0.055686,74.125.200.0-255,4320,273793,12,285533
35906,0.055692,172.31.36.0-255,66,273859,12,285533
35907,0.055724,74.125.200.0-255,1484,275343,12,285533
35908,0.057736,74.125.200.0-255,4320,279663,12,285533
35909,0.057741,172.31.36.0-255,66,279729,12,285533
35910,0.059785,74.125.200.0-255,5738,285467,12,285533
35911,0.059791,172.31.36.0-255,66,285533,12,285533
35912,0.0,74.125.24.0-255,146,146,12,155813
35913,1.4e-05,172.31.36.0-255,66,212,12,155813
35914,2e-05,74.125.24.0-255,1484,1696,12,155813
35915,2.4e-05,172.31.36.0-255,66,1762,12,155813
35916,2.9e-05,74.125.24.0-255,2902,4664,12,155813
35917,4.2e-05,172.31.36.0-255,66,4730,12,155813
35918,5e-05,74.125.24.0-255,7156,11886,12,155813
35919,5.3e-05,172.31.36.0-255,66,11952,12,155813
35920,9.5e-05,74.125.24.0-255,1967,13919,12,155813
35921,9.9e-05,172.31.36.0-255,66,13985,12,155813
35922,0.000194,74.125.24.0-255,1484,15469,12,155813
35923,0.000199,172.31.36.0-255,66,15535,12,155813
35924,0.000204,74.125.24.0-255,2902,18437,12,155813
35925,0.000206,172.31.36.0-255,66,18503,12,155813
35926,0.000209,74.125.24.0-255,2902,21405,12,155813
35927,0.000211,172.31.36.0-255,66,21471,12,155813
35928,0.000234,74.125.24.0-255,2902,24373,12,155813
35929,0.000235,172.31.36.0-255,66,24439,12,155813
35930,0.000279,172.31.36.0-255,66,24505,12,155813
35931,0.000292,172.31.36.0-255,66,24571,12,155813
35932,0.000353,172.31.36.0-255,66,24637,12,155813
35933,0.000356,74.125.24.0-255,395,25032,12,155813
35934,0.000358,172.31.36.0-255,66,25098,12,155813
35935,0.000381,74.125.24.0-255,113,25211,12,155813
35936,0.000384,172.31.36.0-255,66,25277,12,155813
35937,0.000404,74.125.24.0-255,333,25610,12,155813
35938,0.000406,172.31.36.0-255,66,25676,12,155813
35939,0.000598,74.125.24.0-255,1484,27160,12,155813
35940,0.000604,172.31.36.0-255,66,27226,12,155813
35941,0.00061,74.125.24.0-255,2902,30128,12,155813
35942,0.000612,172.31.36.0-255,66,30194,12,155813
35943,0.000618,74.125.24.0-255,5738,35932,12,155813
35944,0.000628,172.31.36.0-255,66,35998,12,155813
35945,0.000631,74.125.24.0-255,1484,37482,12,155813
35946,0.000663,172.31.36.0-255,66,37548,12,155813
35947,0.000695,74.125.24.0-255,2902,40450,12,155813
35948,0.000697,172.31.36.0-255,66,40516,12,155813
35949,0.000733,172.31.36.0-255,66,40582,12,155813
35950,0.000929,74.125.24.0-255,1484,42066,12,155813
35951,0.000937,74.125.24.0-255,2902,44968,12,155813
35952,0.000942,172.31.36.0-255,66,45034,12,155813
35953,0.000946,74.125.24.0-255,1484,46518,12,155813
35954,0.000975,74.125.24.0-255,4320,50838,12,155813
35955,0.00098,172.31.36.0-255,66,50904,12,155813
35956,0.000994,172.31.36.0-255,66,50970,12,155813
35957,0.000997,74.125.24.0-255,1484,52454,12,155813
35958,0.001064,172.31.36.0-255,66,52520,12,155813
35959,0.001149,74.125.24.0-255,1484,54004,12,155813
35960,0.001166,74.125.24.0-255,2902,56906,12,155813
35961,0.001171,172.31.36.0-255,66,56972,12,155813
35962,0.001177,74.125.24.0-255,5738,62710,12,155813
35963,0.001179,172.31.36.0-255,66,62776,12,155813
35964,0.001212,172.31.36.0-255,66,62842,12,155813
35965,0.001253,74.125.24.0-255,5738,68580,12,155813
35966,0.001257,172.31.36.0-255,66,68646,12,155813
35967,0.001284,172.31.36.0-255,66,68712,12,155813
35968,0.001362,74.125.24.0-255,1484,70196,12,155813
35969,0.001368,74.125.24.0-255,2902,73098,12,155813
35970,0.001371,172.31.36.0-255,66,73164,12,155813
35971,0.001375,74.125.24.0-255,1484,74648,12,155813
35972,0.001405,74.125.24.0-255,4320,78968,12,155813
35973,0.001408,172.31.36.0-255,66,79034,12,155813
35974,0.001415,74.125.24.0-255,5738,84772,12,155813
35975,0.001417,172.31.36.0-255,66,84838,12,155813
35976,0.001463,172.31.36.0-255,66,84904,12,155813
35977,0.001484,74.125.24.0-255,2902,87806,12,155813
35978,0.001486,172.31.36.0-255,66,87872,12,155813
35979,0.001493,74.125.24.0-255,5020,92892,12,155813
35980,0.001495,172.31.36.0-255,66,92958,12,155813
35981,0.00153,74.125.24.0-255,1484,94442,12,155813
35982,0.001533,74.125.24.0-255,1484,95926,12,155813
35983,0.001536,172.31.36.0-255,66,95992,12,155813
35984,0.001547,74.125.24.0-255,1484,97476,12,155813
35985,0.001557,74.125.24.0-255,5738,103214,12,155813
35986,0.00156,172.31.36.0-255,66,103280,12,155813
35987,0.001563,74.125.24.0-255,1484,104764,12,155813
35988,0.00159,172.31.36.0-255,66,104830,12,155813
35989,0.001633,172.31.36.0-255,66,104896,12,155813
35990,0.001646,172.31.36.0-255,66,104962,12,155813
35991,0.001679,74.125.24.0-255,2902,107864,12,155813
35992,0.001682,172.31.36.0-255,66,107930,12,155813
35993,0.00171,172.31.36.0-255,66,107996,12,155813
35994,0.001715,74.125.24.0-255,5020,113016,12,155813
35995,0.001717,172.31.36.0-255,66,113082,12,155813
35996,0.00218,74.125.24.0-255,1484,114566,12,155813
35997,0.002185,74.125.24.0-255,2902,117468,12,155813
35998,0.002192,172.31.36.0-255,66,117534,12,155813
35999,0.002227,74.125.24.0-255,5738,123272,12,155813
36000,0.00223,172.31.36.0-255,66,123338,12,155813
36001,0.002234,74.125.24.0-255,2902,126240,12,155813
36002,0.002236,172.31.36.0-255,66,126306,12,155813
36003,0.002246,172.31.36.0-255,66,126372,12,155813
36004,0.002294,172.31.36.0-255,66,126438,12,155813
36005,0.002339,74.125.24.0-255,1484,127922,12,155813
36006,0.002355,74.125.24.0-255,2902,130824,12,155813
36007,0.002358,172.31.36.0-255,66,130890,12,155813
36008,0.002362,74.125.24.0-255,2902,133792,12,155813
36009,0.002364,172.31.36.0-255,66,133858,12,155813
36010,0.002382,74.125.24.0-255,2902,136760,12,155813
36011,0.002384,172.31.36.0-255,66,136826,12,155813
36012,0.0024,172.31.36.0-255,66,136892,12,155813
36013,0.00242,74.125.24.0-255,1484,138376,12,155813
36014,0.002431,172.31.36.0-255,66,138442,12,155813
36015,0.002437,74.125.24.0-255,5738,144180,12,155813
36016,0.002439,172.31.36.0-255,66,144246,12,155813
36017,0.002488,74.125.24.0-255,5020,149266,12,155813
36018,0.002493,172.31.36.0-255,66,149332,12,155813
36019,0.002506,172.31.36.0-255,66,149398,12,155813
36020,0.002517,172.31.36.0-255,66,149464,12,155813
36021,0.002574,172.31.36.0-255,66,149530,12,155813
36022,0.002586,172.31.36.0-255,66,149596,12,155813
36023,0.002598,172.31.36.0-255,66,149662,12,155813
36024,0.005135,74.125.24.0-255,1605,151267,12,155813
36025,0.005142,172.31.36.0-255,66,151333,12,155813
36026,0.007371,172.31.36.0-255,105,151438,12,155813
36027,0.009864,74.125.24.0-255,66,151504,12,155813
36028,0.025892,172.31.36.0-255,188,151692,12,155813
36029,0.025948,172.31.36.0-255,952,152644,12,155813
36030,0.026045,172.31.36.0-255,1514,154158,12,155813
36031,0.026047,172.31.36.0-255,1457,155615,12,155813
36032,0.027419,104.244.42.0-255,66,155681,12,155813
36033,0.027457,104.244.42.0-255,66,155747,12,155813
36034,0.027606,104.244.42.0-255,66,155813,12,155813
36035,0.0,172.217.194.0-255,150,150,12,241363
36036,1.9e-05,172.31.36.0-255,66,216,12,241363
36037,2.6e-05,172.217.194.0-255,1484,1700,12,241363
36038,3.1e-05,172.31.36.0-255,66,1766,12,241363
36039,3.7e-05,172.217.194.0-255,2902,4668,12,241363
36040,4.1e-05,172.31.36.0-255,66,4734,12,241363
36041,5.6e-05,172.217.194.0-255,7156,11890,12,241363
36042,5.9e-05,172.31.36.0-255,66,11956,12,241363
36043,6.3e-05,172.217.194.0-255,2902,14858,12,241363
36044,6.7e-05,172.31.36.0-255,66,14924,12,241363
36045,0.000109,172.217.194.0-255,6206,21130,12,241363
36046,0.000113,172.31.36.0-255,66,21196,12,241363
36047,0.000126,172.31.36.0-255,66,21262,12,241363
36048,0.000153,172.217.194.0-255,1484,22746,12,241363
36049,0.000155,172.31.36.0-255,66,22812,12,241363
36050,0.00016,172.217.194.0-255,2902,25714,12,241363
36051,0.000162,172.31.36.0-255,66,25780,12,241363
36052,0.000166,172.217.194.0-255,1484,27264,12,241363
36053,0.000169,172.31.36.0-255,66,27330,12,241363
36054,0.000195,172.217.194.0-255,4320,31650,12,241363
36055,0.000198,172.31.36.0-255,66,31716,12,241363
36056,0.000231,172.217.194.0-255,6797,38513,12,241363
36057,0.000233,172.31.36.0-255,66,38579,12,241363
36058,0.000413,172.217.194.0-255,1484,40063,12,241363
36059,0.000418,172.31.36.0-255,66,40129,12,241363
36060,0.000425,172.217.194.0-255,2902,43031,12,241363
36061,0.000427,172.31.36.0-255,66,43097,12,241363
36062,0.000437,172.217.194.0-255,2902,45999,12,241363
36063,0.00044,172.31.36.0-255,66,46065,12,241363
36064,0.000469,172.217.194.0-255,2902,48967,12,241363
36065,0.000472,172.31.36.0-255,66,49033,12,241363
36066,0.000495,172.217.194.0-255,6797,55830,12,241363
36067,0.000498,172.31.36.0-255,66,55896,12,241363
36068,0.000738,172.217.194.0-255,1484,57380,12,241363
36069,0.000745,172.217.194.0-255,2902,60282,12,241363
36070,0.000749,172.31.36.0-255,66,60348,12,241363
36071,0.000757,172.217.194.0-255,5738,66086,12,241363
36072,0.000759,172.31.36.0-255,66,66152,12,241363
36073,0.000767,172.217.194.0-255,1484,67636,12,241363
36074,0.00079,172.217.194.0-255,1484,69120,12,241363
36075,0.000793,172.31.36.0-255,66,69186,12,241363
36076,0.000813,172.217.194.0-255,5738,74924,12,241363
36077,0.000816,172.31.36.0-255,66,74990,12,241363
36078,0.000848,172.217.194.0-255,5379,80369,12,241363
36079,0.00085,172.31.36.0-255,66,80435,12,241363
36080,0.000863,172.31.36.0-255,66,80501,12,241363
36081,0.001113,172.217.194.0-255,1484,81985,12,241363
36082,0.001129,172.217.194.0-255,2902,84887,12,241363
36083,0.001133,172.31.36.0-255,66,84953,12,241363
36084,0.001191,172.217.194.0-255,4320,89273,12,241363
36085,0.001194,172.31.36.0-255,66,89339,12,241363
36086,0.001221,172.217.194.0-255,1484,90823,12,241363
36087,0.001226,172.217.194.0-255,2902,93725,12,241363
36088,0.001228,172.31.36.0-255,66,93791,12,241363
36089,0.00124,172.31.36.0-255,66,93857,12,241363
36090,0.001254,172.31.36.0-255,66,93923,12,241363
36091,0.001301,172.217.194.0-255,1484,95407,12,241363
36092,0.001321,172.217.194.0-255,2902,98309,12,241363
36093,0.001325,172.31.36.0-255,66,98375,12,241363
36094,0.001331,172.217.194.0-255,5738,104113,12,241363
36095,0.001334,172.31.36.0-255,66,104179,12,241363
36096,0.001375,172.31.36.0-255,66,104245,12,241363
36097,0.001415,172.31.36.0-255,66,104311,12,241363
36098,0.001612,172.217.194.0-255,1484,105795,12,241363
36099,0.001618,172.217.194.0-255,2902,108697,12,241363
36100,0.001622,172.31.36.0-255,66,108763,12,241363
36101,0.001627,172.217.194.0-255,2902,111665,12,241363
36102,0.001629,172.31.36.0-255,66,111731,12,241363
36103,0.001663,172.217.194.0-255,2902,114633,12,241363
36104,0.001666,172.31.36.0-255,66,114699,12,241363
36105,0.00168,172.31.36.0-255,66,114765,12,241363
36106,0.001684,172.217.194.0-255,2902,117667,12,241363
36107,0.001687,172.31.36.0-255,66,117733,12,241363
36108,0.001728,172.31.36.0-255,66,117799,12,241363
36109,0.001763,172.217.194.0-255,1484,119283,12,241363
36110,0.001766,172.217.194.0-255,1484,120767,12,241363
36111,0.001769,172.31.36.0-255,66,120833,12,241363
36112,0.001795,172.217.194.0-255,1484,122317,12,241363
36113,0.001799,172.217.194.0-255,2902,125219,12,241363
36114,0.001801,172.31.36.0-255,66,125285,12,241363
36115,0.001807,172.217.194.0-255,4320,129605,12,241363
36116,0.001809,172.31.36.0-255,66,129671,12,241363
36117,0.00183,172.217.194.0-255,2902,132573,12,241363
36118,0.001833,172.217.194.0-255,1484,134057,12,241363
36119,0.001838,172.31.36.0-255,66,134123,12,241363
36120,0.001856,172.217.194.0-255,5738,139861,12,241363
36121,0.001859,172.31.36.0-255,66,139927,12,241363
36122,0.001864,172.217.194.0-255,4320,144247,12,241363
36123,0.001866,172.31.36.0-255,66,144313,12,241363
36124,0.001894,172.217.194.0-255,4320,148633,12,241363
36125,0.001897,172.31.36.0-255,66,148699,12,241363
36126,0.001902,172.217.194.0-255,3602,152301,12,241363
36127,0.001905,172.31.36.0-255,66,152367,12,241363
36128,0.002053,172.217.194.0-255,1484,153851,12,241363
36129,0.002059,172.217.194.0-255,2902,156753,12,241363
36130,0.002062,172.31.36.0-255,66,156819,12,241363
36131,0.002067,172.217.194.0-255,2902,159721,12,241363
36132,0.002069,172.31.36.0-255,66,159787,12,241363
36133,0.002099,172.217.194.0-255,2902,162689,12,241363
36134,0.002102,172.31.36.0-255,66,162755,12,241363
36135,0.002119,172.31.36.0-255,66,162821,12,241363
36136,0.002149,172.217.194.0-255,4320,167141,12,241363
36137,0.002152,172.31.36.0-255,66,167207,12,241363
36138,0.002187,172.31.36.0-255,66,167273,12,241363
36139,0.002233,172.217.194.0-255,1484,168757,12,241363
36140,0.002251,172.217.194.0-255,2902,171659,12,241363
36141,0.002253,172.31.36.0-255,66,171725,12,241363
36142,0.002258,172.217.194.0-255,2902,174627,12,241363
36143,0.00226,172.31.36.0-255,66,174693,12,241363
36144,0.00228,172.217.194.0-255,2902,177595,12,241363
36145,0.002283,172.31.36.0-255,66,177661,12,241363
36146,0.002296,172.217.194.0-255,2902,180563,12,241363
36147,0.002299,172.31.36.0-255,66,180629,12,241363
36148,0.002334,172.31.36.0-255,66,180695,12,241363
36149,0.002398,172.31.36.0-255,66,180761,12,241363
36150,0.002402,172.217.194.0-255,1484,182245,12,241363
36151,0.002407,172.217.194.0-255,2902,185147,12,241363
36152,0.002409,172.31.36.0-255,66,185213,12,241363
36153,0.00242,172.217.194.0-255,5738,190951,12,241363
36154,0.002422,172.31.36.0-255,66,191017,12,241363
36155,0.002456,172.31.36.0-255,66,191083,12,241363
36156,0.002467,172.31.36.0-255,66,191149,12,241363
36157,0.002491,172.217.194.0-255,1484,192633,12,241363
36158,0.002524,172.31.36.0-255,66,192699,12,241363
36159,0.002571,172.31.36.0-255,66,192765,12,241363
36160,0.002579,172.217.194.0-255,7156,199921,12,241363
36161,0.002582,172.31.36.0-255,66,199987,12,241363
36162,0.002628,172.31.36.0-255,66,200053,12,241363
36163,0.002634,172.217.194.0-255,4320,204373,12,241363
36164,0.002636,172.31.36.0-255,66,204439,12,241363
36165,0.005189,172.217.194.0-255,5738,210177,12,241363
36166,0.005198,172.31.36.0-255,66,210243,12,241363
36167,0.007761,172.217.194.0-255,5738,215981,12,241363
36168,0.007767,172.31.36.0-255,66,216047,12,241363
36169,0.010313,172.217.194.0-255,5738,221785,12,241363
36170,0.01032,172.31.36.0-255,66,221851,12,241363
36171,0.012899,172.217.194.0-255,5738,227589,12,241363
36172,0.012906,172.31.36.0-255,66,227655,12,241363
36173,0.015485,172.217.194.0-255,5738,233393,12,241363
36174,0.015496,172.31.36.0-255,66,233459,12,241363
36175,0.018047,172.217.194.0-255,3376,236835,12,241363
36176,0.018059,172.31.36.0-255,66,236901,12,241363
36177,0.020441,172.31.36.0-255,105,237006,12,241363
36178,0.022978,172.217.194.0-255,66,237072,12,241363
36179,0.030507,172.31.36.0-255,172,237244,12,241363
36180,0.030533,172.31.36.0-255,1108,238352,12,241363
36181,0.030596,172.31.36.0-255,1514,239866,12,241363
36182,0.030597,172.31.36.0-255,1299,241165,12,241363
36183,0.032063,104.244.42.0-255,66,241231,12,241363
36184,0.03209,104.244.42.0-255,66,241297,12,241363
36185,0.032131,104.244.42.0-255,66,241363,12,241363
36186,0.0,172.217.194.0-255,153,153,12,87071
36187,1.7e-05,172.31.36.0-255,66,219,12,87071
36188,2.4e-05,172.217.194.0-255,1484,1703,12,87071
36189,2.9e-05,172.31.36.0-255,66,1769,12,87071
36190,3.2e-05,172.217.194.0-255,1484,3253,12,87071
36191,3.4e-05,172.31.36.0-255,66,3319,12,87071
36192,4.9e-05,172.217.194.0-255,2902,6221,12,87071
36193,5.3e-05,172.31.36.0-255,66,6287,12,87071
36194,5.8e-05,172.217.194.0-255,2902,9189,12,87071
36195,6e-05,172.31.36.0-255,66,9255,12,87071
36196,8.3e-05,172.217.194.0-255,2902,12157,12,87071
36197,8.6e-05,172.31.36.0-255,66,12223,12,87071
36198,9.6e-05,172.217.194.0-255,2902,15125,12,87071
36199,9.9e-05,172.31.36.0-255,66,15191,12,87071
36200,0.000121,172.31.36.0-255,66,15257,12,87071
36201,0.000129,172.217.194.0-255,1484,16741,12,87071
36202,0.000131,172.31.36.0-255,66,16807,12,87071
36203,0.000156,172.217.194.0-255,3961,20768,12,87071
36204,0.000159,172.31.36.0-255,66,20834,12,87071
36205,0.00017,172.217.194.0-255,5738,26572,12,87071
36206,0.000173,172.31.36.0-255,66,26638,12,87071
36207,0.000207,172.31.36.0-255,66,26704,12,87071
36208,0.000233,172.217.194.0-255,4320,31024,12,87071
36209,0.000241,172.31.36.0-255,66,31090,12,87071
36210,0.000256,172.31.36.0-255,66,31156,12,87071
36211,0.000258,172.217.194.0-255,378,31534,12,87071
36212,0.00026,172.31.36.0-255,66,31600,12,87071
36213,0.000494,172.217.194.0-255,98,31698,12,87071
36214,0.000499,172.31.36.0-255,66,31764,12,87071
36215,0.000504,172.217.194.0-255,365,32129,12,87071
36216,0.000951,172.217.194.0-255,1484,33613,12,87071
36217,0.000957,172.31.36.0-255,66,33679,12,87071
36218,0.000961,172.217.194.0-255,1484,35163,12,87071
36219,0.000985,172.217.194.0-255,1484,36647,12,87071
36220,0.000987,172.31.36.0-255,66,36713,12,87071
36221,0.000994,172.217.194.0-255,5738,42451,12,87071
36222,0.000996,172.31.36.0-255,66,42517,12,87071
36223,0.001029,172.31.36.0-255,66,42583,12,87071
36224,0.001059,172.217.194.0-255,1484,44067,12,87071
36225,0.001075,172.31.36.0-255,66,44133,12,87071
36226,0.001313,172.217.194.0-255,1484,45617,12,87071
36227,0.00132,172.217.194.0-255,2902,48519,12,87071
36228,0.001325,172.31.36.0-255,66,48585,12,87071
36229,0.001361,172.217.194.0-255,5738,54323,12,87071
36230,0.001365,172.31.36.0-255,66,54389,12,87071
36231,0.001368,172.217.194.0-255,1484,55873,12,87071
36232,0.001387,172.31.36.0-255,66,55939,12,87071
36233,0.001391,172.217.194.0-255,1484,57423,12,87071
36234,0.001415,172.217.194.0-255,4320,61743,12,87071
36235,0.001418,172.31.36.0-255,66,61809,12,87071
36236,0.001461,172.31.36.0-255,66,61875,12,87071
36237,0.001466,172.217.194.0-255,2902,64777,12,87071
36238,0.001469,172.31.36.0-255,66,64843,12,87071
36239,0.00152,172.31.36.0-255,66,64909,12,87071
36240,0.001532,172.31.36.0-255,66,64975,12,87071
36241,0.001595,172.31.36.0-255,66,65041,12,87071
36242,0.001634,172.217.194.0-255,5738,70779,12,87071
36243,0.001643,172.31.36.0-255,66,70845,12,87071
36244,0.001654,172.31.36.0-255,66,70911,12,87071
36245,0.001682,172.31.36.0-255,66,70977,12,87071
36246,0.001712,172.31.36.0-255,66,71043,12,87071
36247,0.00175,172.217.194.0-255,2184,73227,12,87071
36248,0.001754,172.31.36.0-255,66,73293,12,87071
36249,0.001782,172.31.36.0-255,66,73359,12,87071
36250,0.001836,172.31.36.0-255,66,73425,12,87071
36251,0.00184,172.217.194.0-255,1484,74909,12,87071
36252,0.001874,172.31.36.0-255,66,74975,12,87071
36253,0.001903,172.31.36.0-255,66,75041,12,87071
36254,0.001956,172.31.36.0-255,66,75107,12,87071
36255,0.001981,172.31.36.0-255,66,75173,12,87071
36256,0.001983,172.217.194.0-255,766,75939,12,87071
36257,0.00199,172.217.194.0-255,6417,82356,12,87071
36258,0.001993,172.31.36.0-255,66,82422,12,87071
36259,0.001995,172.217.194.0-255,105,82527,12,87071
36260,0.004536,172.31.36.0-255,66,82593,12,87071
36261,0.004562,172.31.36.0-255,105,82698,12,87071
36262,0.006526,172.217.194.0-255,66,82764,12,87071
36263,0.03536,172.31.36.0-255,188,82952,12,87071
36264,0.035402,172.31.36.0-255,952,83904,12,87071
36265,0.03544,172.31.36.0-255,1514,85418,12,87071
36266,0.035442,172.31.36.0-255,1455,86873,12,87071
36267,0.036939,104.244.42.0-255,66,86939,12,87071
36268,0.036979,104.244.42.0-255,66,87005,12,87071
36269,0.037031,104.244.42.0-255,66,87071,12,87071
36270,0.0,172.217.194.0-255,153,153,12,185633
36271,3.2e-05,172.31.36.0-255,66,219,12,185633
36272,3.8e-05,172.217.194.0-255,1484,1703,12,185633
36273,4.2e-05,172.31.36.0-255,66,1769,12,185633
36274,4.8e-05,172.217.194.0-255,2902,4671,12,185633
36275,5.1e-05,172.31.36.0-255,66,4737,12,185633
36276,8.3e-05,172.217.194.0-255,2902,7639,12,185633
36277,8.5e-05,172.31.36.0-255,66,7705,12,185633
36278,0.000105,172.217.194.0-255,4320,12025,12,185633
36279,0.000108,172.31.36.0-255,66,12091,12,185633
36280,0.000236,172.217.194.0-255,1974,14065,12,185633
36281,0.000241,172.31.36.0-255,66,14131,12,185633
36282,0.000293,172.31.36.0-255,66,14197,12,185633
36283,0.000313,172.217.194.0-255,1484,15681,12,185633
36284,0.000316,172.31.36.0-255,66,15747,12,185633
36285,0.000502,172.217.194.0-255,2902,18649,12,185633
36286,0.000507,172.31.36.0-255,66,18715,12,185633
36287,0.000522,172.217.194.0-255,2543,21258,12,185633
36288,0.000524,172.31.36.0-255,66,21324,12,185633
36289,0.000617,172.217.194.0-255,1484,22808,12,185633
36290,0.000621,172.31.36.0-255,66,22874,12,185633
36291,0.000659,172.31.36.0-255,66,22940,12,185633
36292,0.0011,172.31.36.0-255,66,23006,12,185633
36293,0.001298,172.217.194.0-255,381,23387,12,185633
36294,0.001302,172.31.36.0-255,66,23453,12,185633
36295,0.001335,172.217.194.0-255,2902,26355,12,185633
36296,0.001337,172.31.36.0-255,66,26421,12,185633
36297,0.00139,172.31.36.0-255,66,26487,12,185633
36298,0.001774,172.217.194.0-255,5738,32225,12,185633
36299,0.001795,172.217.194.0-255,6438,38663,12,185633
36300,0.002012,172.217.194.0-255,1484,40147,12,185633
36301,0.002987,172.217.194.0-255,1484,41631,12,185633
36302,0.003063,172.217.194.0-255,1484,43115,12,185633
36303,0.003955,172.217.194.0-255,2902,46017,12,185633
36304,0.00542,172.31.36.0-255,66,46083,12,185633
36305,0.005907,172.31.36.0-255,101,46184,12,185633
36306,0.007699,172.217.194.0-255,5738,51922,12,185633
36307,0.007706,172.31.36.0-255,66,51988,12,185633
36308,0.008213,172.217.194.0-255,66,52054,12,185633
36309,0.01003,172.217.194.0-255,5738,57792,12,185633
36310,0.010037,172.31.36.0-255,66,57858,12,185633
36311,0.012471,172.217.194.0-255,5738,63596,12,185633
36312,0.012479,172.31.36.0-255,66,63662,12,185633
36313,0.014777,172.217.194.0-255,5738,69400,12,185633
36314,0.014784,172.31.36.0-255,66,69466,12,185633
36315,0.017103,172.217.194.0-255,5738,75204,12,185633
36316,0.017116,172.31.36.0-255,66,75270,12,185633
36317,0.019445,172.217.194.0-255,5738,81008,12,185633
36318,0.019454,172.31.36.0-255,66,81074,12,185633
36319,0.021744,172.217.194.0-255,5738,86812,12,185633
36320,0.021751,172.31.36.0-255,66,86878,12,185633
36321,0.024046,172.217.194.0-255,5738,92616,12,185633
36322,0.024053,172.31.36.0-255,66,92682,12,185633
36323,0.024437,172.31.36.0-255,188,92870,12,185633
36324,0.024467,172.31.36.0-255,952,93822,12,185633
36325,0.024497,172.31.36.0-255,1514,95336,12,185633
36326,0.024498,172.31.36.0-255,1455,96791,12,185633
36327,0.026022,104.244.42.0-255,66,96857,12,185633
36328,0.026031,104.244.42.0-255,66,96923,12,185633
36329,0.026148,104.244.42.0-255,66,96989,12,185633
36330,0.026348,172.217.194.0-255,5738,102727,12,185633
36331,0.026353,172.31.36.0-255,66,102793,12,185633
36332,0.028649,172.217.194.0-255,5738,108531,12,185633
36333,0.028654,172.31.36.0-255,66,108597,12,185633
36334,0.030943,172.217.194.0-255,5738,114335,12,185633
36335,0.030947,172.31.36.0-255,66,114401,12,185633
36336,0.033236,172.217.194.0-255,2902,117303,12,185633
36337,0.033242,172.31.36.0-255,66,117369,12,185633
36338,0.03327,172.217.194.0-255,2902,120271,12,185633
36339,0.033291,172.31.36.0-255,66,120337,12,185633
36340,0.035538,172.217.194.0-255,2902,123239,12,185633
36341,0.035543,172.31.36.0-255,66,123305,12,185633
36342,0.035574,172.217.194.0-255,2902,126207,12,185633
36343,0.035588,172.31.36.0-255,66,126273,12,185633
36344,0.037814,172.217.194.0-255,2902,129175,12,185633
36345,0.03782,172.31.36.0-255,66,129241,12,185633
36346,0.037875,172.217.194.0-255,2902,132143,12,185633
36347,0.037893,172.31.36.0-255,66,132209,12,185633
36348,0.040095,172.217.194.0-255,2902,135111,12,185633
36349,0.040099,172.31.36.0-255,66,135177,12,185633
36350,0.040162,172.217.194.0-255,2902,138079,12,185633
36351,0.040175,172.31.36.0-255,66,138145,12,185633
36352,0.042415,172.217.194.0-255,2902,141047,12,185633
36353,0.04242,172.31.36.0-255,66,141113,12,185633
36354,0.042449,172.217.194.0-255,2902,144015,12,185633
36355,0.042456,172.31.36.0-255,66,144081,12,185633
36356,0.044723,172.217.194.0-255,2902,146983,12,185633
36357,0.044729,172.31.36.0-255,66,147049,12,185633
36358,0.044758,172.217.194.0-255,2902,149951,12,185633
36359,0.044782,172.31.36.0-255,66,150017,12,185633
36360,0.047042,172.217.194.0-255,2902,152919,12,185633
36361,0.047046,172.31.36.0-255,66,152985,12,185633
36362,0.047075,172.217.194.0-255,2902,155887,12,185633
36363,0.047087,172.31.36.0-255,66,155953,12,185633
36364,0.049342,172.217.194.0-255,2902,158855,12,185633
36365,0.049347,172.31.36.0-255,66,158921,12,185633
36366,0.049398,172.217.194.0-255,2902,161823,12,185633
36367,0.049412,172.31.36.0-255,66,161889,12,185633
36368,0.051673,172.217.194.0-255,2902,164791,12,185633
36369,0.051678,172.31.36.0-255,66,164857,12,185633
36370,0.051715,172.217.194.0-255,2902,167759,12,185633
36371,0.05173,172.31.36.0-255,66,167825,12,185633
36372,0.053964,172.217.194.0-255,2902,170727,12,185633
36373,0.05397,172.31.36.0-255,66,170793,12,185633
36374,0.054018,172.217.194.0-255,2902,173695,12,185633
36375,0.054047,172.31.36.0-255,66,173761,12,185633
36376,0.056262,172.217.194.0-255,2902,176663,12,185633
36377,0.056266,172.31.36.0-255,66,176729,12,185633
36378,0.056314,172.217.194.0-255,2902,179631,12,185633
36379,0.056333,172.31.36.0-255,66,179697,12,185633
36380,0.058573,172.217.194.0-255,2902,182599,12,185633
36381,0.058579,172.31.36.0-255,66,182665,12,185633
36382,0.058627,172.217.194.0-255,2902,185567,12,185633
36383,0.058656,172.31.36.0-255,66,185633,12,185633
36384,0.0,172.217.194.0-255,152,152,12,178814
36385,1.5e-05,172.31.36.0-255,66,218,12,178814
36386,2.3e-05,172.217.194.0-255,1484,1702,12,178814
36387,2.8e-05,172.31.36.0-255,66,1768,12,178814
36388,5.8e-05,172.217.194.0-255,2902,4670,12,178814
36389,6.2e-05,172.31.36.0-255,66,4736,12,178814
36390,7e-05,172.217.194.0-255,7156,11892,12,178814
36391,7.2e-05,172.31.36.0-255,66,11958,12,178814
36392,0.000119,172.31.36.0-255,66,12024,12,178814
36393,0.000146,172.217.194.0-255,3448,15472,12,178814
36394,0.000148,172.31.36.0-255,66,15538,12,178814
36395,0.000155,172.217.194.0-255,5738,21276,12,178814
36396,0.000158,172.31.36.0-255,66,21342,12,178814
36397,0.000183,172.217.194.0-255,1125,22467,12,178814
36398,0.000186,172.31.36.0-255,66,22533,12,178814
36399,0.000275,172.217.194.0-255,1484,24017,12,178814
36400,0.000278,172.31.36.0-255,66,24083,12,178814
36401,0.000284,172.217.194.0-255,2902,26985,12,178814
36402,0.000287,172.31.36.0-255,66,27051,12,178814
36403,0.000317,172.217.194.0-255,5738,32789,12,178814
36404,0.00032,172.31.36.0-255,66,32855,12,178814
36405,0.000325,172.217.194.0-255,4320,37175,12,178814
36406,0.000328,172.31.36.0-255,66,37241,12,178814
36407,0.000369,172.31.36.0-255,66,37307,12,178814
36408,0.000414,172.31.36.0-255,66,37373,12,178814
36409,0.000611,172.217.194.0-255,1484,38857,12,178814
36410,0.000617,172.31.36.0-255,66,38923,12,178814
36411,0.000623,172.217.194.0-255,2902,41825,12,178814
36412,0.000625,172.31.36.0-255,66,41891,12,178814
36413,0.000628,172.217.194.0-255,1484,43375,12,178814
36414,0.000659,172.217.194.0-255,4320,47695,12,178814
36415,0.000663,172.31.36.0-255,66,47761,12,178814
36416,0.000677,172.31.36.0-255,66,47827,12,178814
36417,0.000682,172.217.194.0-255,2902,50729,12,178814
36418,0.000684,172.31.36.0-255,66,50795,12,178814
36419,0.00071,172.217.194.0-255,7156,57951,12,178814
36420,0.000713,172.31.36.0-255,66,58017,12,178814
36421,0.000715,172.217.194.0-255,766,58783,12,178814
36422,0.000738,172.217.194.0-255,1484,60267,12,178814
36423,0.00074,172.31.36.0-255,66,60333,12,178814
36424,0.000772,172.217.194.0-255,4320,64653,12,178814
36425,0.000775,172.31.36.0-255,66,64719,12,178814
36426,0.000794,172.217.194.0-255,4320,69039,12,178814
36427,0.000797,172.31.36.0-255,66,69105,12,178814
36428,0.000803,172.217.194.0-255,5738,74843,12,178814
36429,0.000805,172.31.36.0-255,66,74909,12,178814
36430,0.000852,172.31.36.0-255,66,74975,12,178814
36431,0.000858,172.217.194.0-255,4320,79295,12,178814
36432,0.00086,172.31.36.0-255,66,79361,12,178814
36433,0.0009,172.217.194.0-255,2184,81545,12,178814
36434,0.000904,172.31.36.0-255,66,81611,12,178814
36435,0.001015,172.217.194.0-255,1484,83095,12,178814
36436,0.001023,172.217.194.0-255,2902,85997,12,178814
36437,0.001025,172.31.36.0-255,66,86063,12,178814
36438,0.001029,172.217.194.0-255,1484,87547,12,178814
36439,0.001055,172.217.194.0-255,2902,90449,12,178814
36440,0.001059,172.31.36.0-255,66,90515,12,178814
36441,0.001066,172.217.194.0-255,5738,96253,12,178814
36442,0.001068,172.31.36.0-255,66,96319,12,178814
36443,0.001072,172.217.194.0-255,1484,97803,12,178814
36444,0.001112,172.31.36.0-255,66,97869,12,178814
36445,0.00112,172.217.194.0-255,6438,104307,12,178814
36446,0.001122,172.31.36.0-255,66,104373,12,178814
36447,0.001209,172.217.194.0-255,1484,105857,12,178814
36448,0.001214,172.217.194.0-255,2902,108759,12,178814
36449,0.001217,172.31.36.0-255,66,108825,12,178814
36450,0.001228,172.217.194.0-255,1484,110309,12,178814
36451,0.001249,172.217.194.0-255,4320,114629,12,178814
36452,0.001251,172.217.194.0-255,1484,116113,12,178814
36453,0.001255,172.31.36.0-255,66,116179,12,178814
36454,0.001289,172.31.36.0-255,66,116245,12,178814
36455,0.001316,172.31.36.0-255,66,116311,12,178814
36456,0.001345,172.217.194.0-255,3602,119913,12,178814
36457,0.001348,172.31.36.0-255,66,119979,12,178814
36458,0.001351,172.217.194.0-255,1484,121463,12,178814
36459,0.001372,172.217.194.0-255,2902,124365,12,178814
36460,0.001374,172.31.36.0-255,66,124431,12,178814
36461,0.001381,172.217.194.0-255,5738,130169,12,178814
36462,0.001383,172.31.36.0-255,66,130235,12,178814
36463,0.001417,172.217.194.0-255,5738,135973,12,178814
36464,0.001421,172.31.36.0-255,66,136039,12,178814
36465,0.001432,172.31.36.0-255,66,136105,12,178814
36466,0.001484,172.31.36.0-255,66,136171,12,178814
36467,0.001498,172.31.36.0-255,66,136237,12,178814
36468,0.001503,172.217.194.0-255,2902,139139,12,178814
36469,0.001505,172.31.36.0-255,66,139205,12,178814
36470,0.001592,172.31.36.0-255,66,139271,12,178814
36471,0.001601,172.31.36.0-255,66,139337,12,178814
36472,0.001604,172.31.36.0-255,66,139403,12,178814
36473,0.001608,172.217.194.0-255,2184,141587,12,178814
36474,0.001615,172.31.36.0-255,66,141653,12,178814
36475,0.001619,172.217.194.0-255,1484,143137,12,178814
36476,0.001641,172.217.194.0-255,1484,144621,12,178814
36477,0.001643,172.31.36.0-255,66,144687,12,178814
36478,0.001651,172.217.194.0-255,7156,151843,12,178814
36479,0.001654,172.31.36.0-255,66,151909,12,178814
36480,0.001661,172.217.194.0-255,7156,159065,12,178814
36481,0.001664,172.31.36.0-255,66,159131,12,178814
36482,0.001693,172.217.194.0-255,4320,163451,12,178814
36483,0.001696,172.31.36.0-255,66,163517,12,178814
36484,0.001709,172.31.36.0-255,66,163583,12,178814
36485,0.001753,172.31.36.0-255,66,163649,12,178814
36486,0.001767,172.31.36.0-255,66,163715,12,178814
36487,0.001809,172.217.194.0-255,5738,169453,12,178814
36488,0.001812,172.31.36.0-255,66,169519,12,178814
36489,0.001839,172.217.194.0-255,5020,174539,12,178814
36490,0.001841,172.31.36.0-255,66,174605,12,178814
36491,0.001853,172.31.36.0-255,66,174671,12,178814
36492,0.001867,172.31.36.0-255,66,174737,12,178814
36493,0.001881,172.31.36.0-255,66,174803,12,178814
36494,0.001914,172.217.194.0-255,2221,177024,12,178814
36495,0.001917,172.31.36.0-255,66,177090,12,178814
36496,0.001942,172.217.194.0-255,105,177195,12,178814
36497,0.004367,172.31.36.0-255,66,177261,12,178814
36498,0.004405,172.31.36.0-255,105,177366,12,178814
36499,0.006671,172.217.194.0-255,66,177432,12,178814
36500,0.03502,172.31.36.0-255,172,177604,12,178814
36501,0.035055,172.31.36.0-255,1078,178682,12,178814
36502,0.036536,104.244.42.0-255,66,178748,12,178814
36503,0.036572,104.244.42.0-255,66,178814,12,178814
36504,0.0,216.58.221.0-255,153,153,12,281446
36505,1.6e-05,172.31.36.0-255,66,219,12,281446
36506,2.3e-05,216.58.221.0-255,1484,1703,12,281446
36507,2.7e-05,172.31.36.0-255,66,1769,12,281446
36508,3.3e-05,216.58.221.0-255,2902,4671,12,281446
36509,4.7e-05,172.31.36.0-255,66,4737,12,281446
36510,5.4e-05,216.58.221.0-255,5738,10475,12,281446
36511,5.7e-05,172.31.36.0-255,66,10541,12,281446
36512,6.3e-05,216.58.221.0-255,3459,14000,12,281446
36513,6.6e-05,172.31.36.0-255,66,14066,12,281446
36514,0.000157,216.58.221.0-255,1484,15550,12,281446
36515,0.000161,172.31.36.0-255,66,15616,12,281446
36516,0.000164,216.58.221.0-255,1484,17100,12,281446
36517,0.000166,172.31.36.0-255,66,17166,12,281446
36518,0.000195,216.58.221.0-255,2902,20068,12,281446
36519,0.000198,172.31.36.0-255,66,20134,12,281446
36520,0.000205,216.58.221.0-255,5738,25872,12,281446
36521,0.000207,172.31.36.0-255,66,25938,12,281446
36522,0.000236,216.58.221.0-255,5379,31317,12,281446
36523,0.000239,172.31.36.0-255,66,31383,12,281446
36524,0.000246,216.58.221.0-255,5738,37121,12,281446
36525,0.000248,172.31.36.0-255,66,37187,12,281446
36526,0.000275,216.58.221.0-255,1484,38671,12,281446
36527,0.000277,172.31.36.0-255,66,38737,12,281446
36528,0.000318,172.31.36.0-255,66,38803,12,281446
36529,0.00036,216.58.221.0-255,1484,40287,12,281446
36530,0.000363,172.31.36.0-255,66,40353,12,281446
36531,0.000367,216.58.221.0-255,2902,43255,12,281446
36532,0.000369,172.31.36.0-255,66,43321,12,281446
36533,0.000373,216.58.221.0-255,1484,44805,12,281446
36534,0.000375,172.31.36.0-255,66,44871,12,281446
36535,0.000405,216.58.221.0-255,2902,47773,12,281446
36536,0.000408,172.31.36.0-255,66,47839,12,281446
36537,0.000414,216.58.221.0-255,5738,53577,12,281446
36538,0.000417,172.31.36.0-255,66,53643,12,281446
36539,0.000421,216.58.221.0-255,2543,56186,12,281446
36540,0.000423,172.31.36.0-255,66,56252,12,281446
36541,0.000492,216.58.221.0-255,355,56607,12,281446
36542,0.001086,216.58.221.0-255,388,56995,12,281446
36543,0.001235,216.58.221.0-255,1484,58479,12,281446
36544,0.00124,172.31.36.0-255,66,58545,12,281446
36545,0.001247,216.58.221.0-255,2902,61447,12,281446
36546,0.001249,172.31.36.0-255,66,61513,12,281446
36547,0.001261,216.58.221.0-255,4320,65833,12,281446
36548,0.001263,172.31.36.0-255,66,65899,12,281446
36549,0.001286,216.58.221.0-255,1484,67383,12,281446
36550,0.001296,216.58.221.0-255,6797,74180,12,281446
36551,0.001298,172.31.36.0-255,66,74246,12,281446
36552,0.00131,216.58.221.0-255,7156,81402,12,281446
36553,0.001312,172.31.36.0-255,66,81468,12,281446
36554,0.001363,172.31.36.0-255,66,81534,12,281446
36555,0.00162,216.58.221.0-255,1484,83018,12,281446
36556,0.001627,216.58.221.0-255,2902,85920,12,281446
36557,0.001631,172.31.36.0-255,66,85986,12,281446
36558,0.001639,216.58.221.0-255,5738,91724,12,281446
36559,0.001642,172.31.36.0-255,66,91790,12,281446
36560,0.001653,216.58.221.0-255,4320,96110,12,281446
36561,0.001656,172.31.36.0-255,66,96176,12,281446
36562,0.001687,216.58.221.0-255,2902,99078,12,281446
36563,0.00169,172.31.36.0-255,66,99144,12,281446
36564,0.00171,172.31.36.0-255,66,99210,12,281446
36565,0.001714,216.58.221.0-255,2184,101394,12,281446
36566,0.001716,172.31.36.0-255,66,101460,12,281446
36567,0.001998,216.58.221.0-255,1484,102944,12,281446
36568,0.002005,216.58.221.0-255,2902,105846,12,281446
36569,0.00201,172.31.36.0-255,66,105912,12,281446
36570,0.002015,216.58.221.0-255,2902,108814,12,281446
36571,0.002018,172.31.36.0-255,66,108880,12,281446
36572,0.002035,216.58.221.0-255,2902,111782,12,281446
36573,0.002038,172.31.36.0-255,66,111848,12,281446
36574,0.002049,216.58.221.0-255,5738,117586,12,281446
36575,0.002051,172.31.36.0-255,66,117652,12,281446
36576,0.002087,216.58.221.0-255,7156,124808,12,281446
36577,0.002091,172.31.36.0-255,66,124874,12,281446
36578,0.00211,216.58.221.0-255,4320,129194,12,281446
36579,0.002113,172.31.36.0-255,66,129260,12,281446
36580,0.002135,216.58.221.0-255,6438,135698,12,281446
36581,0.002138,172.31.36.0-255,66,135764,12,281446
36582,0.002171,216.58.221.0-255,4320,140084,12,281446
36583,0.002173,172.31.36.0-255,66,140150,12,281446
36584,0.002176,216.58.221.0-255,1484,141634,12,281446
36585,0.002182,216.58.221.0-255,5738,147372,12,281446
36586,0.002189,172.31.36.0-255,66,147438,12,281446
36587,0.002197,216.58.221.0-255,7156,154594,12,281446
36588,0.0022,172.31.36.0-255,66,154660,12,281446
36589,0.002253,216.58.221.0-255,7156,161816,12,281446
36590,0.002257,172.31.36.0-255,66,161882,12,281446
36591,0.002263,216.58.221.0-255,4320,166202,12,281446
36592,0.002265,172.31.36.0-255,66,166268,12,281446
36593,0.002273,216.58.221.0-255,1484,167752,12,281446
36594,0.002278,216.58.221.0-255,2184,169936,12,281446
36595,0.00228,172.31.36.0-255,66,170002,12,281446
36596,0.002287,216.58.221.0-255,5738,175740,12,281446
36597,0.002293,216.58.221.0-255,4320,180060,12,281446
36598,0.0023,216.58.221.0-255,4320,184380,12,281446
36599,0.002307,216.58.221.0-255,5738,190118,12,281446
36600,0.002323,216.58.221.0-255,2184,192302,12,281446
36601,0.002329,172.31.36.0-255,66,192368,12,281446
36602,0.002331,172.31.36.0-255,66,192434,12,281446
36603,0.002332,172.31.36.0-255,66,192500,12,281446
36604,0.002333,172.31.36.0-255,66,192566,12,281446
36605,0.002334,172.31.36.0-255,66,192632,12,281446
36606,0.002347,172.31.36.0-255,66,192698,12,281446
36607,0.002629,216.58.221.0-255,1484,194182,12,281446
36608,0.002654,216.58.221.0-255,2902,197084,12,281446
36609,0.002657,172.31.36.0-255,66,197150,12,281446
36610,0.002664,216.58.221.0-255,5738,202888,12,281446
36611,0.002666,172.31.36.0-255,66,202954,12,281446
36612,0.002673,216.58.221.0-255,1484,204438,12,281446
36613,0.002722,172.31.36.0-255,66,204504,12,281446
36614,0.002727,216.58.221.0-255,2902,207406,12,281446
36615,0.002729,172.31.36.0-255,66,207472,12,281446
36616,0.00277,172.31.36.0-255,66,207538,12,281446
36617,0.002793,172.31.36.0-255,66,207604,12,281446
36618,0.00281,172.31.36.0-255,66,207670,12,281446
36619,0.002876,216.58.221.0-255,1484,209154,12,281446
36620,0.002882,216.58.221.0-255,2902,212056,12,281446
36621,0.002885,172.31.36.0-255,66,212122,12,281446
36622,0.00289,216.58.221.0-255,4320,216442,12,281446
36623,0.002893,172.31.36.0-255,66,216508,12,281446
36624,0.002896,216.58.221.0-255,1484,217992,12,281446
36625,0.002929,216.58.221.0-255,7156,225148,12,281446
36626,0.002933,172.31.36.0-255,66,225214,12,281446
36627,0.002938,216.58.221.0-255,2902,228116,12,281446
36628,0.00294,172.31.36.0-255,66,228182,12,281446
36629,0.002986,172.31.36.0-255,66,228248,12,281446
36630,0.002989,216.58.221.0-255,1484,229732,12,281446
36631,0.002994,216.58.221.0-255,2902,232634,12,281446
36632,0.002997,172.31.36.0-255,66,232700,12,281446
36633,0.003009,216.58.221.0-255,5738,238438,12,281446
36634,0.003011,172.31.36.0-255,66,238504,12,281446
36635,0.003015,216.58.221.0-255,2902,241406,12,281446
36636,0.003017,172.31.36.0-255,66,241472,12,281446
36637,0.003033,216.58.221.0-255,5738,247210,12,281446
36638,0.003036,172.31.36.0-255,66,247276,12,281446
36639,0.00306,216.58.221.0-255,4320,251596,12,281446
36640,0.003063,172.31.36.0-255,66,251662,12,281446
36641,0.00308,172.31.36.0-255,66,251728,12,281446
36642,0.003105,216.58.221.0-255,2184,253912,12,281446
36643,0.003112,172.31.36.0-255,66,253978,12,281446
36644,0.003135,216.58.221.0-255,2902,256880,12,281446
36645,0.003137,172.31.36.0-255,66,256946,12,281446
36646,0.003142,216.58.221.0-255,4320,261266,12,281446
36647,0.003145,172.31.36.0-255,66,261332,12,281446
36648,0.003147,216.58.221.0-255,1484,262816,12,281446
36649,0.003174,216.58.221.0-255,7156,269972,12,281446
36650,0.00318,172.31.36.0-255,66,270038,12,281446
36651,0.003218,172.31.36.0-255,66,270104,12,281446
36652,0.003244,216.58.221.0-255,2184,272288,12,281446
36653,0.003246,172.31.36.0-255,66,272354,12,281446
36654,0.003254,216.58.221.0-255,4326,276680,12,281446
36655,0.003256,172.31.36.0-255,66,276746,12,281446
36656,0.003263,216.58.221.0-255,105,276851,12,281446
36657,0.007661,172.31.36.0-255,66,276917,12,281446
36658,0.0077,172.31.36.0-255,105,277022,12,281446
36659,0.009637,216.58.221.0-255,66,277088,12,281446
36660,0.028835,172.31.36.0-255,172,277260,12,281446
36661,0.028885,172.31.36.0-255,1107,278367,12,281446
36662,0.028953,172.31.36.0-255,1514,279881,12,281446
36663,0.029002,172.31.36.0-255,1301,281182,12,281446
36664,0.030394,104.244.42.0-255,66,281248,12,281446
36665,0.030452,104.244.42.0-255,66,281314,12,281446
36666,0.030488,104.244.42.0-255,66,281380,12,281446
36667,0.030542,104.244.42.0-255,66,281446,12,281446
36668,0.0,74.125.24.0-255,151,151,12,123584
36669,2.9e-05,172.31.36.0-255,66,217,12,123584
36670,0.000107,74.125.24.0-255,1484,1701,12,123584
36671,0.000111,172.31.36.0-255,66,1767,12,123584
36672,0.000117,74.125.24.0-255,2902,4669,12,123584
36673,0.00012,172.31.36.0-255,66,4735,12,123584
36674,0.000144,74.125.24.0-255,5738,10473,12,123584
36675,0.000148,172.31.36.0-255,66,10539,12,123584
36676,0.000195,172.31.36.0-255,66,10605,12,123584
36677,0.000203,74.125.24.0-255,6797,17402,12,123584
36678,0.000206,172.31.36.0-255,66,17468,12,123584
36679,0.000334,74.125.24.0-255,1484,18952,12,123584
36680,0.000339,172.31.36.0-255,66,19018,12,123584
36681,0.000345,74.125.24.0-255,2902,21920,12,123584
36682,0.000347,172.31.36.0-255,66,21986,12,123584
36683,0.000378,74.125.24.0-255,5738,27724,12,123584
36684,0.000382,172.31.36.0-255,66,27790,12,123584
36685,0.000418,172.31.36.0-255,66,27856,12,123584
36686,0.000431,172.31.36.0-255,66,27922,12,123584
36687,0.000434,74.125.24.0-255,1435,29357,12,123584
36688,0.000438,172.31.36.0-255,66,29423,12,123584
36689,0.000464,74.125.24.0-255,113,29536,12,123584
36690,0.000473,172.31.36.0-255,66,29602,12,123584
36691,0.000578,74.125.24.0-255,1484,31086,12,123584
36692,0.000585,172.31.36.0-255,66,31152,12,123584
36693,0.000623,74.125.24.0-255,2902,34054,12,123584
36694,0.000627,172.31.36.0-255,66,34120,12,123584
36695,0.000634,74.125.24.0-255,5738,39858,12,123584
36696,0.000637,172.31.36.0-255,66,39924,12,123584
36697,0.000658,172.31.36.0-255,66,39990,12,123584
36698,0.000707,172.31.36.0-255,66,40056,12,123584
36699,0.000725,172.31.36.0-255,66,40122,12,123584
36700,0.000728,74.125.24.0-255,449,40571,12,123584
36701,0.000749,74.125.24.0-255,1484,42055,12,123584
36702,0.000752,172.31.36.0-255,66,42121,12,123584
36703,0.000774,74.125.24.0-255,4320,46441,12,123584
36704,0.000778,172.31.36.0-255,66,46507,12,123584
36705,0.000781,74.125.24.0-255,1484,47991,12,123584
36706,0.000814,172.31.36.0-255,66,48057,12,123584
36707,0.000834,172.31.36.0-255,66,48123,12,123584
36708,0.000838,74.125.24.0-255,2184,50307,12,123584
36709,0.00084,172.31.36.0-255,66,50373,12,123584
36710,0.000981,74.125.24.0-255,1484,51857,12,123584
36711,0.000998,74.125.24.0-255,2902,54759,12,123584
36712,0.001001,172.31.36.0-255,66,54825,12,123584
36713,0.001007,74.125.24.0-255,4320,59145,12,123584
36714,0.001009,172.31.36.0-255,66,59211,12,123584
36715,0.001038,74.125.24.0-255,1484,60695,12,123584
36716,0.00109,172.31.36.0-255,66,60761,12,123584
36717,0.001119,74.125.24.0-255,1484,62245,12,123584
36718,0.001132,172.31.36.0-255,66,62311,12,123584
36719,0.00116,74.125.24.0-255,4320,66631,12,123584
36720,0.001162,172.31.36.0-255,66,66697,12,123584
36721,0.001193,74.125.24.0-255,5738,72435,12,123584
36722,0.001196,172.31.36.0-255,66,72501,12,123584
36723,0.001209,172.31.36.0-255,66,72567,12,123584
36724,0.001226,172.31.36.0-255,66,72633,12,123584
36725,0.001274,172.31.36.0-255,66,72699,12,123584
36726,0.001311,74.125.24.0-255,4320,77019,12,123584
36727,0.001314,172.31.36.0-255,66,77085,12,123584
36728,0.001354,172.31.36.0-255,66,77151,12,123584
36729,0.001444,74.125.24.0-255,1484,78635,12,123584
36730,0.001454,74.125.24.0-255,2902,81537,12,123584
36731,0.001458,74.125.24.0-255,2902,84439,12,123584
36732,0.001459,172.31.36.0-255,66,84505,12,123584
36733,0.001462,172.31.36.0-255,66,84571,12,123584
36734,0.001487,74.125.24.0-255,2902,87473,12,123584
36735,0.001496,172.31.36.0-255,66,87539,12,123584
36736,0.00151,172.31.36.0-255,66,87605,12,123584
36737,0.00152,172.31.36.0-255,66,87671,12,123584
36738,0.001554,74.125.24.0-255,2184,89855,12,123584
36739,0.001563,172.31.36.0-255,66,89921,12,123584
36740,0.001823,74.125.24.0-255,1484,91405,12,123584
36741,0.001829,74.125.24.0-255,2902,94307,12,123584
36742,0.001831,74.125.24.0-255,1484,95791,12,123584
36743,0.001834,172.31.36.0-255,66,95857,12,123584
36744,0.001864,74.125.24.0-255,4320,100177,12,123584
36745,0.001868,172.31.36.0-255,66,100243,12,123584
36746,0.001874,74.125.24.0-255,5738,105981,12,123584
36747,0.001877,172.31.36.0-255,66,106047,12,123584
36748,0.00189,172.31.36.0-255,66,106113,12,123584
36749,0.00193,172.31.36.0-255,66,106179,12,123584
36750,0.001942,172.31.36.0-255,66,106245,12,123584
36751,0.001947,74.125.24.0-255,4320,110565,12,123584
36752,0.001949,172.31.36.0-255,66,110631,12,123584
36753,0.002001,172.31.36.0-255,66,110697,12,123584
36754,0.002007,74.125.24.0-255,3602,114299,12,123584
36755,0.002009,172.31.36.0-255,66,114365,12,123584
36756,0.002031,172.31.36.0-255,66,114431,12,123584
36757,0.002059,172.31.36.0-255,66,114497,12,123584
36758,0.002108,74.125.24.0-255,4320,118817,12,123584
36759,0.002111,172.31.36.0-255,66,118883,12,123584
36760,0.002151,172.31.36.0-255,66,118949,12,123584
36761,0.002154,74.125.24.0-255,105,119054,12,123584
36762,0.003704,172.31.36.0-255,66,119120,12,123584
36763,0.00373,172.31.36.0-255,105,119225,12,123584
36764,0.005989,74.125.24.0-255,66,119291,12,123584
36765,0.036718,172.31.36.0-255,172,119463,12,123584
36766,0.036741,172.31.36.0-255,1108,120571,12,123584
36767,0.036799,172.31.36.0-255,1514,122085,12,123584
36768,0.036801,172.31.36.0-255,1301,123386,12,123584
36769,0.038203,104.244.42.0-255,66,123452,12,123584
36770,0.038291,104.244.42.0-255,66,123518,12,123584
36771,0.038304,104.244.42.0-255,66,123584,12,123584
36772,0.0,172.217.194.0-255,185,185,12,209114
36773,2e-05,172.31.36.0-255,66,251,12,209114
36774,2.7e-05,172.217.194.0-255,1484,1735,12,209114
36775,3e-05,172.31.36.0-255,66,1801,12,209114
36776,3.6e-05,172.217.194.0-255,2902,4703,12,209114
36777,3.8e-05,172.31.36.0-255,66,4769,12,209114
36778,4.4e-05,172.217.194.0-255,5738,10507,12,209114
36779,4.7e-05,172.31.36.0-255,66,10573,12,209114
36780,0.00011,172.31.36.0-255,66,10639,12,209114
36781,0.00012,172.31.36.0-255,66,10705,12,209114
36782,0.000256,172.217.194.0-255,1484,12189,12,209114
36783,0.000262,172.31.36.0-255,66,12255,12,209114
36784,0.000268,172.217.194.0-255,2902,15157,12,209114
36785,0.00027,172.31.36.0-255,66,15223,12,209114
36786,0.000297,172.217.194.0-255,5738,20961,12,209114
36787,0.000301,172.31.36.0-255,66,21027,12,209114
36788,0.000307,172.217.194.0-255,6797,27824,12,209114
36789,0.00031,172.31.36.0-255,66,27890,12,209114
36790,0.000705,172.217.194.0-255,1484,29374,12,209114
36791,0.00071,172.31.36.0-255,66,29440,12,209114
36792,0.000716,172.217.194.0-255,2902,32342,12,209114
36793,0.000718,172.31.36.0-255,66,32408,12,209114
36794,0.000722,172.217.194.0-255,1484,33892,12,209114
36795,0.000723,172.31.36.0-255,66,33958,12,209114
36796,0.000756,172.217.194.0-255,4320,38278,12,209114
36797,0.00076,172.31.36.0-255,66,38344,12,209114
36798,0.000769,172.31.36.0-255,66,38410,12,209114
36799,0.000904,172.217.194.0-255,1484,39894,12,209114
36800,0.00091,172.31.36.0-255,66,39960,12,209114
36801,0.000917,172.217.194.0-255,2902,42862,12,209114
36802,0.000919,172.31.36.0-255,66,42928,12,209114
36803,0.000926,172.217.194.0-255,5738,48666,12,209114
36804,0.000928,172.31.36.0-255,66,48732,12,209114
36805,0.00095,172.217.194.0-255,4320,53052,12,209114
36806,0.000952,172.31.36.0-255,66,53118,12,209114
36807,0.000986,172.217.194.0-255,7156,60274,12,209114
36808,0.000999,172.217.194.0-255,2902,63176,12,209114
36809,0.001019,172.31.36.0-255,66,63242,12,209114
36810,0.001022,172.31.36.0-255,66,63308,12,209114
36811,0.001026,172.31.36.0-255,66,63374,12,209114
36812,0.001031,172.217.194.0-255,4320,67694,12,209114
36813,0.001033,172.31.36.0-255,66,67760,12,209114
36814,0.001043,172.31.36.0-255,66,67826,12,209114
36815,0.001045,172.217.194.0-255,561,68387,12,209114
36816,0.001068,172.217.194.0-255,1484,69871,12,209114
36817,0.00107,172.31.36.0-255,66,69937,12,209114
36818,0.001076,172.217.194.0-255,4320,74257,12,209114
36819,0.001078,172.31.36.0-255,66,74323,12,209114
36820,0.0011,172.217.194.0-255,4320,78643,12,209114
36821,0.001103,172.31.36.0-255,66,78709,12,209114
36822,0.001119,172.217.194.0-255,2902,81611,12,209114
36823,0.001121,172.31.36.0-255,66,81677,12,209114
36824,0.001128,172.217.194.0-255,7156,88833,12,209114
36825,0.00113,172.31.36.0-255,66,88899,12,209114
36826,0.001148,172.217.194.0-255,1484,90383,12,209114
36827,0.00119,172.31.36.0-255,66,90449,12,209114
36828,0.001208,172.217.194.0-255,3602,94051,12,209114
36829,0.001211,172.31.36.0-255,66,94117,12,209114
36830,0.001358,172.217.194.0-255,1484,95601,12,209114
36831,0.001363,172.217.194.0-255,2902,98503,12,209114
36832,0.001366,172.31.36.0-255,66,98569,12,209114
36833,0.001369,172.217.194.0-255,1484,100053,12,209114
36834,0.001389,172.217.194.0-255,4320,104373,12,209114
36835,0.001392,172.31.36.0-255,66,104439,12,209114
36836,0.001405,172.31.36.0-255,66,104505,12,209114
36837,0.001412,172.217.194.0-255,7156,111661,12,209114
36838,0.001414,172.31.36.0-255,66,111727,12,209114
36839,0.001465,172.217.194.0-255,3602,115329,12,209114
36840,0.001468,172.31.36.0-255,66,115395,12,209114
36841,0.001545,172.217.194.0-255,1484,116879,12,209114
36842,0.001564,172.217.194.0-255,2902,119781,12,209114
36843,0.001567,172.31.36.0-255,66,119847,12,209114
36844,0.001604,172.217.194.0-255,4320,124167,12,209114
36845,0.001606,172.31.36.0-255,66,124233,12,209114
36846,0.00163,172.217.194.0-255,1484,125717,12,209114
36847,0.001656,172.31.36.0-255,66,125783,12,209114
36848,0.001693,172.217.194.0-255,1484,127267,12,209114
36849,0.001708,172.217.194.0-255,2902,130169,12,209114
36850,0.001712,172.31.36.0-255,66,130235,12,209114
36851,0.001718,172.217.194.0-255,5738,135973,12,209114
36852,0.001729,172.217.194.0-255,1484,137457,12,209114
36853,0.001741,172.31.36.0-255,66,137523,12,209114
36854,0.001759,172.31.36.0-255,66,137589,12,209114
36855,0.001774,172.217.194.0-255,1484,139073,12,209114
36856,0.001779,172.217.194.0-255,4320,143393,12,209114
36857,0.001792,172.31.36.0-255,66,143459,12,209114
36858,0.001804,172.217.194.0-255,6438,149897,12,209114
36859,0.001809,172.31.36.0-255,66,149963,12,209114
36860,0.001897,172.217.194.0-255,1484,151447,12,209114
36861,0.001903,172.217.194.0-255,2902,154349,12,209114
36862,0.001917,172.31.36.0-255,66,154415,12,209114
36863,0.001923,172.217.194.0-255,5738,160153,12,209114
36864,0.001928,172.31.36.0-255,66,160219,12,209114
36865,0.00194,172.217.194.0-255,7156,167375,12,209114
36866,0.001963,172.217.194.0-255,5738,173113,12,209114
36867,0.00197,172.31.36.0-255,66,173179,12,209114
36868,0.001991,172.31.36.0-255,66,173245,12,209114
36869,0.002036,172.217.194.0-255,1484,174729,12,209114
36870,0.002039,172.217.194.0-255,1484,176213,12,209114
36871,0.002052,172.31.36.0-255,66,176279,12,209114
36872,0.002056,172.217.194.0-255,1484,177763,12,209114
36873,0.002061,172.217.194.0-255,5738,183501,12,209114
36874,0.002066,172.217.194.0-255,4320,187821,12,209114
36875,0.002072,172.31.36.0-255,66,187887,12,209114
36876,0.002087,172.217.194.0-255,2902,190789,12,209114
36877,0.002102,172.31.36.0-255,66,190855,12,209114
36878,0.00212,172.217.194.0-255,4320,195175,12,209114
36879,0.002135,172.31.36.0-255,66,195241,12,209114
36880,0.002152,172.31.36.0-255,66,195307,12,209114
36881,0.002171,172.217.194.0-255,4320,199627,12,209114
36882,0.002214,172.31.36.0-255,66,199693,12,209114
36883,0.002251,172.31.36.0-255,66,199759,12,209114
36884,0.002259,172.217.194.0-255,1484,201243,12,209114
36885,0.00234,172.31.36.0-255,66,201309,12,209114
36886,0.002361,172.217.194.0-255,2184,203493,12,209114
36887,0.002386,172.217.194.0-255,105,203598,12,209114
36888,0.002392,172.31.36.0-255,66,203664,12,209114
36889,0.004762,172.31.36.0-255,105,203769,12,209114
36890,0.007072,172.217.194.0-255,66,203835,12,209114
36891,0.026268,172.31.36.0-255,172,204007,12,209114
36892,0.026323,172.31.36.0-255,1108,205115,12,209114
36893,0.026402,172.31.36.0-255,1514,206629,12,209114
36894,0.026404,172.31.36.0-255,1514,208143,12,209114
36895,0.026405,172.31.36.0-255,707,208850,12,209114
36896,0.027805,104.244.42.0-255,66,208916,12,209114
36897,0.027848,104.244.42.0-255,66,208982,12,209114
36898,0.027951,104.244.42.0-255,66,209048,12,209114
36899,0.027954,104.244.42.0-255,66,209114,12,209114
36900,0.0,172.217.194.0-255,153,153,12,242429
36901,3.5e-05,172.31.36.0-255,66,219,12,242429
36902,4.2e-05,172.217.194.0-255,1484,1703,12,242429
36903,4.7e-05,172.31.36.0-255,66,1769,12,242429
36904,5.2e-05,172.217.194.0-255,2902,4671,12,242429
36905,5.4e-05,172.31.36.0-255,66,4737,12,242429
36906,6.2e-05,172.217.194.0-255,7156,11893,12,242429
36907,6.5e-05,172.31.36.0-255,66,11959,12,242429
36908,6.9e-05,172.217.194.0-255,2084,14043,12,242429
36909,7.1e-05,172.31.36.0-255,66,14109,12,242429
36910,0.000185,172.217.194.0-255,1484,15593,12,242429
36911,0.00019,172.31.36.0-255,66,15659,12,242429
36912,0.000196,172.217.194.0-255,2902,18561,12,242429
36913,0.000199,172.31.36.0-255,66,18627,12,242429
36914,0.000205,172.217.194.0-255,5738,24365,12,242429
36915,0.000207,172.31.36.0-255,66,24431,12,242429
36916,0.000252,172.217.194.0-255,6797,31228,12,242429
36917,0.000255,172.31.36.0-255,66,31294,12,242429
36918,0.000465,172.217.194.0-255,1484,32778,12,242429
36919,0.000469,172.31.36.0-255,66,32844,12,242429
36920,0.000474,172.217.194.0-255,2902,35746,12,242429
36921,0.000477,172.31.36.0-255,66,35812,12,242429
36922,0.000484,172.217.194.0-255,5738,41550,12,242429
36923,0.000486,172.31.36.0-255,66,41616,12,242429
36924,0.000503,172.217.194.0-255,2902,44518,12,242429
36925,0.000507,172.31.36.0-255,66,44584,12,242429
36926,0.00053,172.217.194.0-255,3961,48545,12,242429
36927,0.000533,172.31.36.0-255,66,48611,12,242429
36928,0.000566,172.31.36.0-255,66,48677,12,242429
36929,0.00057,172.217.194.0-255,2543,51220,12,242429
36930,0.000573,172.31.36.0-255,66,51286,12,242429
36931,0.000885,172.217.194.0-255,646,51932,12,242429
36932,0.000963,172.217.194.0-255,1484,53416,12,242429
36933,0.000968,172.31.36.0-255,66,53482,12,242429
36934,0.000974,172.217.194.0-255,2902,56384,12,242429
36935,0.000977,172.31.36.0-255,66,56450,12,242429
36936,0.000983,172.217.194.0-255,5738,62188,12,242429
36937,0.000986,172.31.36.0-255,66,62254,12,242429
36938,0.001029,172.31.36.0-255,66,62320,12,242429
36939,0.00104,172.31.36.0-255,66,62386,12,242429
36940,0.001061,172.217.194.0-255,1484,63870,12,242429
36941,0.001076,172.217.194.0-255,766,64636,12,242429
36942,0.001078,172.31.36.0-255,66,64702,12,242429
36943,0.001257,172.217.194.0-255,1484,66186,12,242429
36944,0.001264,172.217.194.0-255,2902,69088,12,242429
36945,0.001268,172.31.36.0-255,66,69154,12,242429
36946,0.001275,172.217.194.0-255,5738,74892,12,242429
36947,0.001277,172.31.36.0-255,66,74958,12,242429
36948,0.001284,172.217.194.0-255,5738,80696,12,242429
36949,0.001286,172.31.36.0-255,66,80762,12,242429
36950,0.00132,172.31.36.0-255,66,80828,12,242429
36951,0.001338,172.217.194.0-255,1484,82312,12,242429
36952,0.001344,172.217.194.0-255,5020,87332,12,242429
36953,0.001348,172.31.36.0-255,66,87398,12,242429
36954,0.001638,172.217.194.0-255,1484,88882,12,242429
36955,0.001645,172.217.194.0-255,2902,91784,12,242429
36956,0.00165,172.31.36.0-255,66,91850,12,242429
36957,0.001658,172.217.194.0-255,5738,97588,12,242429
36958,0.00166,172.31.36.0-255,66,97654,12,242429
36959,0.001694,172.31.36.0-255,66,97720,12,242429
36960,0.001704,172.31.36.0-255,66,97786,12,242429
36961,0.001716,172.217.194.0-255,1484,99270,12,242429
36962,0.001719,172.217.194.0-255,766,100036,12,242429
36963,0.001721,172.31.36.0-255,66,100102,12,242429
36964,0.004029,172.217.194.0-255,4320,104422,12,242429
36965,0.004032,172.31.36.0-255,66,104488,12,242429
36966,0.00405,172.217.194.0-255,1484,105972,12,242429
36967,0.006378,172.217.194.0-255,4320,110292,12,242429
36968,0.006386,172.31.36.0-255,66,110358,12,242429
36969,0.008721,172.217.194.0-255,5738,116096,12,242429
36970,0.008728,172.31.36.0-255,66,116162,12,242429
36971,0.011071,172.217.194.0-255,5738,121900,12,242429
36972,0.011079,172.31.36.0-255,66,121966,12,242429
36973,0.0134,172.217.194.0-255,5738,127704,12,242429
36974,0.013409,172.31.36.0-255,66,127770,12,242429
36975,0.015745,172.217.194.0-255,5738,133508,12,242429
36976,0.015754,172.31.36.0-255,66,133574,12,242429
36977,0.018098,172.217.194.0-255,5738,139312,12,242429
36978,0.018112,172.31.36.0-255,66,139378,12,242429
36979,0.02047,172.217.194.0-255,5738,145116,12,242429
36980,0.020482,172.31.36.0-255,66,145182,12,242429
36981,0.02281,172.217.194.0-255,2902,148084,12,242429
36982,0.022817,172.31.36.0-255,66,148150,12,242429
36983,0.022851,172.217.194.0-255,2902,151052,12,242429
36984,0.022854,172.31.36.0-255,66,151118,12,242429
36985,0.02519,172.217.194.0-255,5738,156856,12,242429
36986,0.025198,172.31.36.0-255,66,156922,12,242429
36987,0.027529,172.217.194.0-255,5738,162660,12,242429
36988,0.027534,172.31.36.0-255,66,162726,12,242429
36989,0.027901,172.31.36.0-255,164,162890,12,242429
36990,0.027929,172.31.36.0-255,1115,164005,12,242429
36991,0.027954,172.31.36.0-255,1514,165519,12,242429
36992,0.027956,172.31.36.0-255,1292,166811,12,242429
36993,0.029468,104.244.42.0-255,66,166877,12,242429
36994,0.029474,104.244.42.0-255,66,166943,12,242429
36995,0.029499,104.244.42.0-255,66,167009,12,242429
36996,0.029827,172.217.194.0-255,2902,169911,12,242429
36997,0.029832,172.31.36.0-255,66,169977,12,242429
36998,0.029865,172.217.194.0-255,2902,172879,12,242429
36999,0.029869,172.31.36.0-255,66,172945,12,242429
37000,0.032158,172.217.194.0-255,2902,175847,12,242429
37001,0.032164,172.31.36.0-255,66,175913,12,242429
37002,0.032198,172.217.194.0-255,2902,178815,12,242429
37003,0.0322,172.31.36.0-255,66,178881,12,242429
37004,0.03449,172.217.194.0-255,2902,181783,12,242429
37005,0.034495,172.31.36.0-255,66,181849,12,242429
37006,0.034541,172.217.194.0-255,2902,184751,12,242429
37007,0.034546,172.31.36.0-255,66,184817,12,242429
37008,0.036842,172.217.194.0-255,2902,187719,12,242429
37009,0.036848,172.31.36.0-255,66,187785,12,242429
37010,0.036881,172.217.194.0-255,2902,190687,12,242429
37011,0.036884,172.31.36.0-255,66,190753,12,242429
37012,0.039157,172.217.194.0-255,2902,193655,12,242429
37013,0.039162,172.31.36.0-255,66,193721,12,242429
37014,0.039194,172.217.194.0-255,2902,196623,12,242429
37015,0.039197,172.31.36.0-255,66,196689,12,242429
37016,0.041489,172.217.194.0-255,2902,199591,12,242429
37017,0.041565,172.31.36.0-255,66,199657,12,242429
37018,0.04158,172.217.194.0-255,2902,202559,12,242429
37019,0.041584,172.31.36.0-255,66,202625,12,242429
37020,0.043893,172.217.194.0-255,2902,205527,12,242429
37021,0.043898,172.31.36.0-255,66,205593,12,242429
37022,0.04393,172.217.194.0-255,2902,208495,12,242429
37023,0.043933,172.31.36.0-255,66,208561,12,242429
37024,0.046232,172.217.194.0-255,2902,211463,12,242429
37025,0.046237,172.31.36.0-255,66,211529,12,242429
37026,0.046267,172.217.194.0-255,2902,214431,12,242429
37027,0.04627,172.31.36.0-255,66,214497,12,242429
37028,0.048615,172.217.194.0-255,4320,218817,12,242429
37029,0.048621,172.31.36.0-255,66,218883,12,242429
37030,0.048648,172.217.194.0-255,1484,220367,12,242429
37031,0.050963,172.217.194.0-255,4320,224687,12,242429
37032,0.050969,172.31.36.0-255,66,224753,12,242429
37033,0.053285,172.217.194.0-255,5738,230491,12,242429
37034,0.053292,172.31.36.0-255,66,230557,12,242429
37035,0.055671,172.217.194.0-255,2902,233459,12,242429
37036,0.055677,172.31.36.0-255,66,233525,12,242429
37037,0.05571,172.217.194.0-255,2902,236427,12,242429
37038,0.055713,172.31.36.0-255,66,236493,12,242429
37039,0.058009,172.217.194.0-255,2902,239395,12,242429
37040,0.058014,172.31.36.0-255,66,239461,12,242429
37041,0.05805,172.217.194.0-255,2902,242363,12,242429
37042,0.058054,172.31.36.0-255,66,242429,12,242429
37043,0.0,74.125.24.0-255,154,154,12,274619
37044,2.5e-05,172.31.36.0-255,66,220,12,274619
37045,3.3e-05,74.125.24.0-255,1484,1704,12,274619
37046,3.8e-05,172.31.36.0-255,66,1770,12,274619
37047,5.2e-05,74.125.24.0-255,2902,4672,12,274619
37048,5.6e-05,172.31.36.0-255,66,4738,12,274619
37049,6.4e-05,74.125.24.0-255,7156,11894,12,274619
37050,6.7e-05,172.31.36.0-255,66,11960,12,274619
37051,7e-05,74.125.24.0-255,1484,13444,12,274619
37052,7.3e-05,172.31.36.0-255,66,13510,12,274619
37053,7.7e-05,74.125.24.0-255,619,14129,12,274619
37054,8e-05,172.31.36.0-255,66,14195,12,274619
37055,0.00015,74.125.24.0-255,1484,15679,12,274619
37056,0.000153,172.31.36.0-255,66,15745,12,274619
37057,0.00019,74.125.24.0-255,1484,17229,12,274619
37058,0.000192,172.31.36.0-255,66,17295,12,274619
37059,0.000223,74.125.24.0-255,1484,18779,12,274619
37060,0.000225,172.31.36.0-255,66,18845,12,274619
37061,0.000232,74.125.24.0-255,5738,24583,12,274619
37062,0.000235,172.31.36.0-255,66,24649,12,274619
37063,0.000247,74.125.24.0-255,6797,31446,12,274619
37064,0.000249,172.31.36.0-255,66,31512,12,274619
37065,0.000257,74.125.24.0-255,7156,38668,12,274619
37066,0.000259,172.31.36.0-255,66,38734,12,274619
37067,0.000271,172.31.36.0-255,66,38800,12,274619
37068,0.000449,74.125.24.0-255,1484,40284,12,274619
37069,0.000454,172.31.36.0-255,66,40350,12,274619
37070,0.00046,74.125.24.0-255,2902,43252,12,274619
37071,0.000463,172.31.36.0-255,66,43318,12,274619
37072,0.000473,74.125.24.0-255,4320,47638,12,274619
37073,0.000476,172.31.36.0-255,66,47704,12,274619
37074,0.000488,74.125.24.0-255,1484,49188,12,274619
37075,0.000494,74.125.24.0-255,2902,52090,12,274619
37076,0.000497,172.31.36.0-255,66,52156,12,274619
37077,0.000528,74.125.24.0-255,3961,56117,12,274619
37078,0.000531,172.31.36.0-255,66,56183,12,274619
37079,0.000564,74.125.24.0-255,1484,57667,12,274619
37080,0.000578,74.125.24.0-255,2902,60569,12,274619
37081,0.000581,172.31.36.0-255,66,60635,12,274619
37082,0.000609,74.125.24.0-255,5738,66373,12,274619
37083,0.000612,172.31.36.0-255,66,66439,12,274619
37084,0.000618,74.125.24.0-255,4320,70759,12,274619
37085,0.000621,172.31.36.0-255,66,70825,12,274619
37086,0.00066,74.125.24.0-255,7156,77981,12,274619
37087,0.000663,172.31.36.0-255,66,78047,12,274619
37088,0.000691,74.125.24.0-255,4543,82590,12,274619
37089,0.000694,172.31.36.0-255,66,82656,12,274619
37090,0.000705,172.31.36.0-255,66,82722,12,274619
37091,0.001706,74.125.24.0-255,1484,84206,12,274619
37092,0.001715,74.125.24.0-255,2902,87108,12,274619
37093,0.00172,172.31.36.0-255,66,87174,12,274619
37094,0.001726,74.125.24.0-255,2902,90076,12,274619
37095,0.001729,172.31.36.0-255,66,90142,12,274619
37096,0.001739,74.125.24.0-255,2902,93044,12,274619
37097,0.001741,172.31.36.0-255,66,93110,12,274619
37098,0.001774,74.125.24.0-255,4320,97430,12,274619
37099,0.001777,172.31.36.0-255,66,97496,12,274619
37100,0.001793,172.31.36.0-255,66,97562,12,274619
37101,0.001829,74.125.24.0-255,5020,102582,12,274619
37102,0.001832,172.31.36.0-255,66,102648,12,274619
37103,0.002218,74.125.24.0-255,1484,104132,12,274619
37104,0.002227,74.125.24.0-255,2902,107034,12,274619
37105,0.002231,172.31.36.0-255,66,107100,12,274619
37106,0.002236,74.125.24.0-255,1484,108584,12,274619
37107,0.00226,74.125.24.0-255,4320,112904,12,274619
37108,0.002262,172.31.36.0-255,66,112970,12,274619
37109,0.002277,172.31.36.0-255,66,113036,12,274619
37110,0.002285,74.125.24.0-255,7156,120192,12,274619
37111,0.002287,172.31.36.0-255,66,120258,12,274619
37112,0.004549,74.125.24.0-255,5738,125996,12,274619
37113,0.004554,172.31.36.0-255,66,126062,12,274619
37114,0.00682,74.125.24.0-255,5738,131800,12,274619
37115,0.006826,172.31.36.0-255,66,131866,12,274619
37116,0.009097,74.125.24.0-255,5738,137604,12,274619
37117,0.009107,172.31.36.0-255,66,137670,12,274619
37118,0.011381,74.125.24.0-255,5738,143408,12,274619
37119,0.011391,172.31.36.0-255,66,143474,12,274619
37120,0.013752,74.125.24.0-255,5738,149212,12,274619
37121,0.01376,172.31.36.0-255,66,149278,12,274619
37122,0.016034,74.125.24.0-255,5738,155016,12,274619
37123,0.016044,172.31.36.0-255,66,155082,12,274619
37124,0.0184,74.125.24.0-255,5738,160820,12,274619
37125,0.018415,172.31.36.0-255,66,160886,12,274619
37126,0.020736,74.125.24.0-255,5738,166624,12,274619
37127,0.020749,172.31.36.0-255,66,166690,12,274619
37128,0.023026,74.125.24.0-255,5738,172428,12,274619
37129,0.023034,172.31.36.0-255,66,172494,12,274619
37130,0.025309,74.125.24.0-255,5738,178232,12,274619
37131,0.025318,172.31.36.0-255,66,178298,12,274619
37132,0.027555,74.125.24.0-255,5738,184036,12,274619
37133,0.027563,172.31.36.0-255,66,184102,12,274619
37134,0.029811,74.125.24.0-255,5738,189840,12,274619
37135,0.02982,172.31.36.0-255,66,189906,12,274619
37136,0.032124,74.125.24.0-255,5738,195644,12,274619
37137,0.03214,172.31.36.0-255,66,195710,12,274619
37138,0.034426,74.125.24.0-255,5738,201448,12,274619
37139,0.034438,172.31.36.0-255,66,201514,12,274619
37140,0.034536,172.31.36.0-255,172,201686,12,274619
37141,0.034585,172.31.36.0-255,1107,202793,12,274619
37142,0.034663,172.31.36.0-255,1514,204307,12,274619
37143,0.034665,172.31.36.0-255,1514,205821,12,274619
37144,0.034666,172.31.36.0-255,1514,207335,12,274619
37145,0.034672,172.31.36.0-255,1514,208849,12,274619
37146,0.034673,172.31.36.0-255,1514,210363,12,274619
37147,0.034702,172.31.36.0-255,148,210511,12,274619
37148,0.036105,104.244.42.0-255,66,210577,12,274619
37149,0.036138,104.244.42.0-255,66,210643,12,274619
37150,0.03624,104.244.42.0-255,66,210709,12,274619
37151,0.036245,104.244.42.0-255,66,210775,12,274619
37152,0.036694,74.125.24.0-255,5738,216513,12,274619
37153,0.036706,172.31.36.0-255,66,216579,12,274619
37154,0.039012,74.125.24.0-255,5738,222317,12,274619
37155,0.039029,172.31.36.0-255,66,222383,12,274619
37156,0.041352,74.125.24.0-255,5738,228121,12,274619
37157,0.041363,172.31.36.0-255,66,228187,12,274619
37158,0.043724,74.125.24.0-255,5738,233925,12,274619
37159,0.043736,172.31.36.0-255,66,233991,12,274619
37160,0.046014,74.125.24.0-255,5738,239729,12,274619
37161,0.046025,172.31.36.0-255,66,239795,12,274619
37162,0.048325,74.125.24.0-255,5738,245533,12,274619
37163,0.048334,172.31.36.0-255,66,245599,12,274619
37164,0.050623,74.125.24.0-255,5738,251337,12,274619
37165,0.050632,172.31.36.0-255,66,251403,12,274619
37166,0.05293,74.125.24.0-255,5738,257141,12,274619
37167,0.052941,172.31.36.0-255,66,257207,12,274619
37168,0.055216,74.125.24.0-255,5738,262945,12,274619
37169,0.055222,172.31.36.0-255,66,263011,12,274619
37170,0.057507,74.125.24.0-255,5738,268749,12,274619
37171,0.057515,172.31.36.0-255,66,268815,12,274619
37172,0.059782,74.125.24.0-255,5738,274553,12,274619
37173,0.059792,172.31.36.0-255,66,274619,12,274619
37174,0.0,74.125.24.0-255,157,157,12,280397
37175,3.3e-05,172.31.36.0-255,66,223,12,280397
37176,4e-05,74.125.24.0-255,1484,1707,12,280397
37177,4.4e-05,172.31.36.0-255,66,1773,12,280397
37178,4.8e-05,74.125.24.0-255,2902,4675,12,280397
37179,5.1e-05,172.31.36.0-255,66,4741,12,280397
37180,5.4e-05,74.125.24.0-255,1484,6225,12,280397
37181,5.6e-05,172.31.36.0-255,66,6291,12,280397
37182,8.1e-05,74.125.24.0-255,5738,12029,12,280397
37183,8.4e-05,172.31.36.0-255,66,12095,12,280397
37184,0.000125,172.31.36.0-255,66,12161,12,280397
37185,0.000156,74.125.24.0-255,5379,17540,12,280397
37186,0.00016,172.31.36.0-255,66,17606,12,280397
37187,0.000197,74.125.24.0-255,5738,23344,12,280397
37188,0.000201,172.31.36.0-255,66,23410,12,280397
37189,0.000206,74.125.24.0-255,2902,26312,12,280397
37190,0.000208,172.31.36.0-255,66,26378,12,280397
37191,0.000241,172.31.36.0-255,66,26444,12,280397
37192,0.000257,74.125.24.0-255,2543,28987,12,280397
37193,0.000261,172.31.36.0-255,66,29053,12,280397
37194,0.000275,172.31.36.0-255,66,29119,12,280397
37195,0.000374,74.125.24.0-255,384,29503,12,280397
37196,0.00038,172.31.36.0-255,66,29569,12,280397
37197,0.000529,74.125.24.0-255,1484,31053,12,280397
37198,0.000534,172.31.36.0-255,66,31119,12,280397
37199,0.000539,74.125.24.0-255,2902,34021,12,280397
37200,0.000541,172.31.36.0-255,66,34087,12,280397
37201,0.000546,74.125.24.0-255,2902,36989,12,280397
37202,0.000548,172.31.36.0-255,66,37055,12,280397
37203,0.000566,74.125.24.0-255,2902,39957,12,280397
37204,0.000572,172.31.36.0-255,66,40023,12,280397
37205,0.000574,74.125.24.0-255,7156,47179,12,280397
37206,0.000599,172.31.36.0-255,66,47245,12,280397
37207,0.000602,74.125.24.0-255,2543,49788,12,280397
37208,0.000616,172.31.36.0-255,66,49854,12,280397
37209,0.000647,74.125.24.0-255,3961,53815,12,280397
37210,0.000656,172.31.36.0-255,66,53881,12,280397
37211,0.001147,74.125.24.0-255,1484,55365,12,280397
37212,0.00116,74.125.24.0-255,2902,58267,12,280397
37213,0.001163,172.31.36.0-255,66,58333,12,280397
37214,0.001171,74.125.24.0-255,5738,64071,12,280397
37215,0.001182,74.125.24.0-255,1484,65555,12,280397
37216,0.001187,172.31.36.0-255,66,65621,12,280397
37217,0.001222,172.31.36.0-255,66,65687,12,280397
37218,0.001237,74.125.24.0-255,4320,70007,12,280397
37219,0.001248,172.31.36.0-255,66,70073,12,280397
37220,0.001271,172.31.36.0-255,66,70139,12,280397
37221,0.001379,74.125.24.0-255,1484,71623,12,280397
37222,0.0014,74.125.24.0-255,2902,74525,12,280397
37223,0.001404,172.31.36.0-255,66,74591,12,280397
37224,0.001427,74.125.24.0-255,5738,80329,12,280397
37225,0.001432,172.31.36.0-255,66,80395,12,280397
37226,0.001447,74.125.24.0-255,1484,81879,12,280397
37227,0.001451,74.125.24.0-255,2902,84781,12,280397
37228,0.001459,172.31.36.0-255,66,84847,12,280397
37229,0.001478,74.125.24.0-255,4320,89167,12,280397
37230,0.001485,172.31.36.0-255,66,89233,12,280397
37231,0.001498,74.125.24.0-255,1484,90717,12,280397
37232,0.001502,74.125.24.0-255,2902,93619,12,280397
37233,0.001514,172.31.36.0-255,66,93685,12,280397
37234,0.001518,74.125.24.0-255,2902,96587,12,280397
37235,0.001537,74.125.24.0-255,7156,103743,12,280397
37236,0.001537,172.31.36.0-255,66,103809,12,280397
37237,0.001539,74.125.24.0-255,766,104575,12,280397
37238,0.001542,172.31.36.0-255,66,104641,12,280397
37239,0.002021,74.125.24.0-255,1484,106125,12,280397
37240,0.002032,74.125.24.0-255,2902,109027,12,280397
37241,0.002036,172.31.36.0-255,66,109093,12,280397
37242,0.002044,74.125.24.0-255,5738,114831,12,280397
37243,0.002048,74.125.24.0-255,4320,119151,12,280397
37244,0.00207,74.125.24.0-255,7156,126307,12,280397
37245,0.002083,74.125.24.0-255,4320,130627,12,280397
37246,0.0023,74.125.24.0-255,1484,132111,12,280397
37247,0.002307,74.125.24.0-255,2902,135013,12,280397
37248,0.002327,74.125.24.0-255,5738,140751,12,280397
37249,0.002356,74.125.24.0-255,7156,147907,12,280397
37250,0.002399,74.125.24.0-255,4320,152227,12,280397
37251,0.002454,74.125.24.0-255,2902,155129,12,280397
37252,0.005972,172.31.36.0-255,66,155195,12,280397
37253,0.008367,74.125.24.0-255,5738,160933,12,280397
37254,0.008373,172.31.36.0-255,66,160999,12,280397
37255,0.010742,74.125.24.0-255,5738,166737,12,280397
37256,0.01075,172.31.36.0-255,66,166803,12,280397
37257,0.013144,74.125.24.0-255,5738,172541,12,280397
37258,0.013475,172.31.36.0-255,66,172607,12,280397
37259,0.015837,74.125.24.0-255,5738,178345,12,280397
37260,0.015847,172.31.36.0-255,66,178411,12,280397
37261,0.018207,74.125.24.0-255,5738,184149,12,280397
37262,0.018212,172.31.36.0-255,66,184215,12,280397
37263,0.02054,74.125.24.0-255,5738,189953,12,280397
37264,0.020547,172.31.36.0-255,66,190019,12,280397
37265,0.022939,74.125.24.0-255,5738,195757,12,280397
37266,0.022947,172.31.36.0-255,66,195823,12,280397
37267,0.025278,74.125.24.0-255,5738,201561,12,280397
37268,0.025286,172.31.36.0-255,66,201627,12,280397
37269,0.027611,74.125.24.0-255,5738,207365,12,280397
37270,0.02762,172.31.36.0-255,66,207431,12,280397
37271,0.029938,74.125.24.0-255,5738,213169,12,280397
37272,0.029945,172.31.36.0-255,66,213235,12,280397
37273,0.032286,74.125.24.0-255,5738,218973,12,280397
37274,0.033441,172.31.36.0-255,66,219039,12,280397
37275,0.035819,74.125.24.0-255,5738,224777,12,280397
37276,0.035827,172.31.36.0-255,66,224843,12,280397
37277,0.038153,74.125.24.0-255,5738,230581,12,280397
37278,0.038161,172.31.36.0-255,66,230647,12,280397
37279,0.040515,74.125.24.0-255,5738,236385,12,280397
37280,0.040521,172.31.36.0-255,66,236451,12,280397
37281,0.042914,74.125.24.0-255,5738,242189,12,280397
37282,0.042922,172.31.36.0-255,66,242255,12,280397
37283,0.045383,74.125.24.0-255,5738,247993,12,280397
37284,0.04539,172.31.36.0-255,66,248059,12,280397
37285,0.047747,74.125.24.0-255,5738,253797,12,280397
37286,0.047754,172.31.36.0-255,66,253863,12,280397
37287,0.050075,74.125.24.0-255,5738,259601,12,280397
37288,0.050084,172.31.36.0-255,66,259667,12,280397
37289,0.05244,74.125.24.0-255,5738,265405,12,280397
37290,0.052446,172.31.36.0-255,66,265471,12,280397
37291,0.054769,74.125.24.0-255,5738,271209,12,280397
37292,0.054776,172.31.36.0-255,66,271275,12,280397
37293,0.057149,74.125.24.0-255,5738,277013,12,280397
37294,0.057157,172.31.36.0-255,66,277079,12,280397
37295,0.059579,74.125.24.0-255,3147,280226,12,280397
37296,0.059588,172.31.36.0-255,66,280292,12,280397
37297,0.059792,172.31.36.0-255,105,280397,12,280397
37298,0.0,172.217.194.0-255,153,153,12,281180
37299,1.5e-05,172.31.36.0-255,66,219,12,281180
37300,2.2e-05,172.217.194.0-255,1484,1703,12,281180
37301,2.6e-05,172.31.36.0-255,66,1769,12,281180
37302,4.1e-05,172.217.194.0-255,2902,4671,12,281180
37303,4.5e-05,172.31.36.0-255,66,4737,12,281180
37304,5e-05,172.217.194.0-255,2902,7639,12,281180
37305,5.3e-05,172.31.36.0-255,66,7705,12,281180
37306,8.6e-05,172.217.194.0-255,1484,9189,12,281180
37307,8.9e-05,172.31.36.0-255,66,9255,12,281180
37308,9.7e-05,172.217.194.0-255,7156,16411,12,281180
37309,9.9e-05,172.31.36.0-255,66,16477,12,281180
37310,0.000123,172.217.194.0-255,2064,18541,12,281180
37311,0.000129,172.31.36.0-255,66,18607,12,281180
37312,0.000142,172.31.36.0-255,66,18673,12,281180
37313,0.000147,172.217.194.0-255,2543,21216,12,281180
37314,0.000149,172.31.36.0-255,66,21282,12,281180
37315,0.000244,172.217.194.0-255,1484,22766,12,281180
37316,0.000247,172.31.36.0-255,66,22832,12,281180
37317,0.000268,172.217.194.0-255,2902,25734,12,281180
37318,0.000271,172.31.36.0-255,66,25800,12,281180
37319,0.000276,172.217.194.0-255,4320,30120,12,281180
37320,0.000279,172.31.36.0-255,66,30186,12,281180
37321,0.000307,172.217.194.0-255,1484,31670,12,281180
37322,0.00031,172.31.36.0-255,66,31736,12,281180
37323,0.000337,172.217.194.0-255,6797,38533,12,281180
37324,0.000341,172.31.36.0-255,66,38599,12,281180
37325,0.000349,172.217.194.0-255,7156,45755,12,281180
37326,0.000351,172.31.36.0-255,66,45821,12,281180
37327,0.000395,172.31.36.0-255,66,45887,12,281180
37328,0.000399,172.217.194.0-255,1415,47302,12,281180
37329,0.00091,172.217.194.0-255,99,47401,12,281180
37330,0.000964,172.217.194.0-255,1484,48885,12,281180
37331,0.00097,172.31.36.0-255,66,48951,12,281180
37332,0.000976,172.217.194.0-255,2902,51853,12,281180
37333,0.000978,172.31.36.0-255,66,51919,12,281180
37334,0.001013,172.217.194.0-255,5738,57657,12,281180
37335,0.001016,172.31.36.0-255,66,57723,12,281180
37336,0.001024,172.217.194.0-255,7156,64879,12,281180
37337,0.001026,172.31.36.0-255,66,64945,12,281180
37338,0.001054,172.217.194.0-255,1484,66429,12,281180
37339,0.001075,172.217.194.0-255,1484,67913,12,281180
37340,0.001078,172.31.36.0-255,66,67979,12,281180
37341,0.001124,172.31.36.0-255,66,68045,12,281180
37342,0.001303,172.217.194.0-255,362,68407,12,281180
37343,0.00134,172.217.194.0-255,1484,69891,12,281180
37344,0.001344,172.31.36.0-255,66,69957,12,281180
37345,0.001366,172.217.194.0-255,4320,74277,12,281180
37346,0.001369,172.31.36.0-255,66,74343,12,281180
37347,0.001374,172.217.194.0-255,2902,77245,12,281180
37348,0.001376,172.31.36.0-255,66,77311,12,281180
37349,0.001408,172.217.194.0-255,1484,78795,12,281180
37350,0.001421,172.31.36.0-255,66,78861,12,281180
37351,0.001426,172.217.194.0-255,2902,81763,12,281180
37352,0.001428,172.31.36.0-255,66,81829,12,281180
37353,0.001457,172.217.194.0-255,5738,87567,12,281180
37354,0.001459,172.31.36.0-255,66,87633,12,281180
37355,0.001504,172.217.194.0-255,5020,92653,12,281180
37356,0.001508,172.31.36.0-255,66,92719,12,281180
37357,0.001538,172.217.194.0-255,2902,95621,12,281180
37358,0.001542,172.31.36.0-255,66,95687,12,281180
37359,0.001547,172.217.194.0-255,4320,100007,12,281180
37360,0.00155,172.31.36.0-255,66,100073,12,281180
37361,0.001566,172.31.36.0-255,66,100139,12,281180
37362,0.001599,172.31.36.0-255,66,100205,12,281180
37363,0.001625,172.217.194.0-255,1484,101689,12,281180
37364,0.001656,172.217.194.0-255,5738,107427,12,281180
37365,0.001659,172.31.36.0-255,66,107493,12,281180
37366,0.001686,172.217.194.0-255,2184,109677,12,281180
37367,0.001688,172.31.36.0-255,66,109743,12,281180
37368,0.001981,172.217.194.0-255,1484,111227,12,281180
37369,0.001988,172.217.194.0-255,2902,114129,12,281180
37370,0.001991,172.31.36.0-255,66,114195,12,281180
37371,0.001995,172.217.194.0-255,1484,115679,12,281180
37372,0.003999,172.217.194.0-255,4320,119999,12,281180
37373,0.004006,172.31.36.0-255,66,120065,12,281180
37374,0.005987,172.217.194.0-255,5738,125803,12,281180
37375,0.005991,172.31.36.0-255,66,125869,12,281180
37376,0.008001,172.217.194.0-255,5738,131607,12,281180
37377,0.008008,172.31.36.0-255,66,131673,12,281180
37378,0.009991,172.217.194.0-255,5738,137411,12,281180
37379,0.009999,172.31.36.0-255,66,137477,12,281180
37380,0.011983,172.217.194.0-255,5738,143215,12,281180
37381,0.011992,172.31.36.0-255,66,143281,12,281180
37382,0.013998,172.217.194.0-255,5738,149019,12,281180
37383,0.014009,172.31.36.0-255,66,149085,12,281180
37384,0.016074,172.217.194.0-255,5738,154823,12,281180
37385,0.016089,172.31.36.0-255,66,154889,12,281180
37386,0.018122,172.217.194.0-255,5738,160627,12,281180
37387,0.01814,172.31.36.0-255,66,160693,12,281180
37388,0.020144,172.217.194.0-255,5738,166431,12,281180
37389,0.020156,172.31.36.0-255,66,166497,12,281180
37390,0.022167,172.217.194.0-255,5738,172235,12,281180
37391,0.022179,172.31.36.0-255,66,172301,12,281180
37392,0.024171,172.217.194.0-255,5738,178039,12,281180
37393,0.024181,172.31.36.0-255,66,178105,12,281180
37394,0.026182,172.217.194.0-255,5738,183843,12,281180
37395,0.026191,172.31.36.0-255,66,183909,12,281180
37396,0.028185,172.217.194.0-255,5738,189647,12,281180
37397,0.028194,172.31.36.0-255,66,189713,12,281180
37398,0.030188,172.217.194.0-255,5738,195451,12,281180
37399,0.030196,172.31.36.0-255,66,195517,12,281180
37400,0.032204,172.217.194.0-255,5738,201255,12,281180
37401,0.032212,172.31.36.0-255,66,201321,12,281180
37402,0.034248,172.217.194.0-255,5738,207059,12,281180
37403,0.034255,172.31.36.0-255,66,207125,12,281180
37404,0.036262,172.217.194.0-255,5738,212863,12,281180
37405,0.03627,172.31.36.0-255,66,212929,12,281180
37406,0.03827,172.217.194.0-255,5738,218667,12,281180
37407,0.03828,172.31.36.0-255,66,218733,12,281180
37408,0.040285,172.217.194.0-255,5738,224471,12,281180
37409,0.040295,172.31.36.0-255,66,224537,12,281180
37410,0.042274,172.217.194.0-255,5738,230275,12,281180
37411,0.042282,172.31.36.0-255,66,230341,12,281180
37412,0.044262,172.217.194.0-255,5738,236079,12,281180
37413,0.044272,172.31.36.0-255,66,236145,12,281180
37414,0.046286,172.217.194.0-255,5738,241883,12,281180
37415,0.046305,172.31.36.0-255,66,241949,12,281180
37416,0.04745,172.31.36.0-255,172,242121,12,281180
37417,0.047484,172.31.36.0-255,1108,243229,12,281180
37418,0.047575,172.31.36.0-255,1514,244743,12,281180
37419,0.047578,172.31.36.0-255,1415,246158,12,281180
37420,0.048315,172.217.194.0-255,5738,251896,12,281180
37421,0.048326,172.31.36.0-255,66,251962,12,281180
37422,0.04902,104.244.42.0-255,66,252028,12,281180
37423,0.049065,104.244.42.0-255,66,252094,12,281180
37424,0.049196,104.244.42.0-255,66,252160,12,281180
37425,0.050333,172.217.194.0-255,5738,257898,12,281180
37426,0.050341,172.31.36.0-255,66,257964,12,281180
37427,0.052336,172.217.194.0-255,5738,263702,12,281180
37428,0.052343,172.31.36.0-255,66,263768,12,281180
37429,0.05433,172.217.194.0-255,5738,269506,12,281180
37430,0.054337,172.31.36.0-255,66,269572,12,281180
37431,0.05634,172.217.194.0-255,5738,275310,12,281180
37432,0.056346,172.31.36.0-255,66,275376,12,281180
37433,0.058332,172.217.194.0-255,5738,281114,12,281180
37434,0.05834,172.31.36.0-255,66,281180,12,281180
37435,0.0,74.125.24.0-255,153,153,12,298790
37436,3e-05,172.31.36.0-255,66,219,12,298790
37437,3.7e-05,74.125.24.0-255,1484,1703,12,298790
37438,4.1e-05,172.31.36.0-255,66,1769,12,298790
37439,4.5e-05,74.125.24.0-255,2902,4671,12,298790
37440,4.8e-05,172.31.36.0-255,66,4737,12,298790
37441,5.5e-05,74.125.24.0-255,7156,11893,12,298790
37442,5.8e-05,172.31.36.0-255,66,11959,12,298790
37443,6.2e-05,74.125.24.0-255,2047,14006,12,298790
37444,6.5e-05,172.31.36.0-255,66,14072,12,298790
37445,9.9e-05,74.125.24.0-255,2902,16974,12,298790
37446,0.000102,172.31.36.0-255,66,17040,12,298790
37447,0.000108,74.125.24.0-255,4320,21360,12,298790
37448,0.000111,172.31.36.0-255,66,21426,12,298790
37449,0.000124,74.125.24.0-255,2902,24328,12,298790
37450,0.000126,172.31.36.0-255,66,24394,12,298790
37451,0.000158,74.125.24.0-255,2902,27296,12,298790
37452,0.000161,172.31.36.0-255,66,27362,12,298790
37453,0.000176,74.125.24.0-255,3961,31323,12,298790
37454,0.000178,172.31.36.0-255,66,31389,12,298790
37455,0.000518,74.125.24.0-255,1484,32873,12,298790
37456,0.000524,172.31.36.0-255,66,32939,12,298790
37457,0.000531,74.125.24.0-255,2902,35841,12,298790
37458,0.000534,172.31.36.0-255,66,35907,12,298790
37459,0.000554,74.125.24.0-255,5738,41645,12,298790
37460,0.000557,172.31.36.0-255,66,41711,12,298790
37461,0.000561,74.125.24.0-255,1484,43195,12,298790
37462,0.000563,172.31.36.0-255,66,43261,12,298790
37463,0.000603,172.31.36.0-255,66,43327,12,298790
37464,0.000612,74.125.24.0-255,7156,50483,12,298790
37465,0.000615,172.31.36.0-255,66,50549,12,298790
37466,0.000642,74.125.24.0-255,5379,55928,12,298790
37467,0.000646,172.31.36.0-255,66,55994,12,298790
37468,0.000649,74.125.24.0-255,403,56397,12,298790
37469,0.000931,172.31.36.0-255,66,56463,12,298790
37470,0.001168,74.125.24.0-255,341,56804,12,298790
37471,0.001316,74.125.24.0-255,1484,58288,12,298790
37472,0.001322,172.31.36.0-255,66,58354,12,298790
37473,0.001328,74.125.24.0-255,2902,61256,12,298790
37474,0.00133,172.31.36.0-255,66,61322,12,298790
37475,0.001338,74.125.24.0-255,5738,67060,12,298790
37476,0.001341,172.31.36.0-255,66,67126,12,298790
37477,0.001359,74.125.24.0-255,5738,72864,12,298790
37478,0.001362,172.31.36.0-255,66,72930,12,298790
37479,0.001383,74.125.24.0-255,6797,79727,12,298790
37480,0.001386,172.31.36.0-255,66,79793,12,298790
37481,0.001419,172.31.36.0-255,66,79859,12,298790
37482,0.00195,74.125.24.0-255,1484,81343,12,298790
37483,0.001961,74.125.24.0-255,1484,82827,12,298790
37484,0.001963,172.31.36.0-255,66,82893,12,298790
37485,0.001981,74.125.24.0-255,1484,84377,12,298790
37486,0.001986,74.125.24.0-255,5738,90115,12,298790
37487,0.001988,172.31.36.0-255,66,90181,12,298790
37488,0.002001,172.31.36.0-255,66,90247,12,298790
37489,0.002016,74.125.24.0-255,4320,94567,12,298790
37490,0.002018,172.31.36.0-255,66,94633,12,298790
37491,0.002038,74.125.24.0-255,6438,101071,12,298790
37492,0.002041,172.31.36.0-255,66,101137,12,298790
37493,0.00217,74.125.24.0-255,1484,102621,12,298790
37494,0.002174,74.125.24.0-255,2902,105523,12,298790
37495,0.002177,172.31.36.0-255,66,105589,12,298790
37496,0.002179,74.125.24.0-255,1484,107073,12,298790
37497,0.002195,74.125.24.0-255,4320,111393,12,298790
37498,0.002197,172.31.36.0-255,66,111459,12,298790
37499,0.002221,74.125.24.0-255,7156,118615,12,298790
37500,0.002223,172.31.36.0-255,66,118681,12,298790
37501,0.002247,74.125.24.0-255,5738,124419,12,298790
37502,0.002249,172.31.36.0-255,66,124485,12,298790
37503,0.002259,172.31.36.0-255,66,124551,12,298790
37504,0.002306,74.125.24.0-255,2184,126735,12,298790
37505,0.002308,172.31.36.0-255,66,126801,12,298790
37506,0.002349,74.125.24.0-255,1484,128285,12,298790
37507,0.002353,74.125.24.0-255,2902,131187,12,298790
37508,0.002355,172.31.36.0-255,66,131253,12,298790
37509,0.002371,74.125.24.0-255,1484,132737,12,298790
37510,0.002384,74.125.24.0-255,2902,135639,12,298790
37511,0.002386,172.31.36.0-255,66,135705,12,298790
37512,0.002389,74.125.24.0-255,1484,137189,12,298790
37513,0.002406,74.125.24.0-255,4320,141509,12,298790
37514,0.002409,172.31.36.0-255,66,141575,12,298790
37515,0.002415,74.125.24.0-255,5738,147313,12,298790
37516,0.002417,172.31.36.0-255,66,147379,12,298790
37517,0.002433,74.125.24.0-255,7156,154535,12,298790
37518,0.002435,172.31.36.0-255,66,154601,12,298790
37519,0.002441,74.125.24.0-255,6438,161039,12,298790
37520,0.002443,172.31.36.0-255,66,161105,12,298790
37521,0.002505,74.125.24.0-255,1484,162589,12,298790
37522,0.002521,74.125.24.0-255,2902,165491,12,298790
37523,0.002524,172.31.36.0-255,66,165557,12,298790
37524,0.002537,74.125.24.0-255,2902,168459,12,298790
37525,0.002539,172.31.36.0-255,66,168525,12,298790
37526,0.00502,74.125.24.0-255,4320,172845,12,298790
37527,0.005027,172.31.36.0-255,66,172911,12,298790
37528,0.005046,74.125.24.0-255,1484,174395,12,298790
37529,0.007533,74.125.24.0-255,4320,178715,12,298790
37530,0.007539,172.31.36.0-255,66,178781,12,298790
37531,0.010056,74.125.24.0-255,5738,184519,12,298790
37532,0.010063,172.31.36.0-255,66,184585,12,298790
37533,0.012572,74.125.24.0-255,5738,190323,12,298790
37534,0.012588,172.31.36.0-255,66,190389,12,298790
37535,0.015104,74.125.24.0-255,5738,196127,12,298790
37536,0.015114,172.31.36.0-255,66,196193,12,298790
37537,0.017623,74.125.24.0-255,5738,201931,12,298790
37538,0.017631,172.31.36.0-255,66,201997,12,298790
37539,0.020122,74.125.24.0-255,5738,207735,12,298790
37540,0.02013,172.31.36.0-255,66,207801,12,298790
37541,0.022661,74.125.24.0-255,4320,212121,12,298790
37542,0.022668,172.31.36.0-255,66,212187,12,298790
37543,0.022686,74.125.24.0-255,1484,213671,12,298790
37544,0.025157,74.125.24.0-255,4320,217991,12,298790
37545,0.025165,172.31.36.0-255,66,218057,12,298790
37546,0.027662,74.125.24.0-255,5738,223795,12,298790
37547,0.027669,172.31.36.0-255,66,223861,12,298790
37548,0.029269,172.31.36.0-255,172,224033,12,298790
37549,0.029301,172.31.36.0-255,1108,225141,12,298790
37550,0.029338,172.31.36.0-255,1514,226655,12,298790
37551,0.029339,172.31.36.0-255,1514,228169,12,298790
37552,0.029361,172.31.36.0-255,709,228878,12,298790
37553,0.03019,74.125.24.0-255,5738,234616,12,298790
37554,0.030196,172.31.36.0-255,66,234682,12,298790
37555,0.030757,104.244.42.0-255,66,234748,12,298790
37556,0.030927,104.244.42.0-255,66,234814,12,298790
37557,0.030934,104.244.42.0-255,66,234880,12,298790
37558,0.030945,104.244.42.0-255,66,234946,12,298790
37559,0.032697,74.125.24.0-255,5738,240684,12,298790
37560,0.032703,172.31.36.0-255,66,240750,12,298790
37561,0.035208,74.125.24.0-255,5738,246488,12,298790
37562,0.035213,172.31.36.0-255,66,246554,12,298790
37563,0.037729,74.125.24.0-255,5738,252292,12,298790
37564,0.037735,172.31.36.0-255,66,252358,12,298790
37565,0.040235,74.125.24.0-255,5738,258096,12,298790
37566,0.040241,172.31.36.0-255,66,258162,12,298790
37567,0.042752,74.125.24.0-255,5738,263900,12,298790
37568,0.042758,172.31.36.0-255,66,263966,12,298790
37569,0.045282,74.125.24.0-255,5738,269704,12,298790
37570,0.045288,172.31.36.0-255,66,269770,12,298790
37571,0.047783,74.125.24.0-255,5738,275508,12,298790
37572,0.047792,172.31.36.0-255,66,275574,12,298790
37573,0.050301,74.125.24.0-255,5738,281312,12,298790
37574,0.050306,172.31.36.0-255,66,281378,12,298790
37575,0.052823,74.125.24.0-255,5738,287116,12,298790
37576,0.052828,172.31.36.0-255,66,287182,12,298790
37577,0.055339,74.125.24.0-255,5738,292920,12,298790
37578,0.055345,172.31.36.0-255,66,292986,12,298790
37579,0.057828,74.125.24.0-255,5738,298724,12,298790
37580,0.057833,172.31.36.0-255,66,298790,12,298790
37581,0.0,74.125.24.0-255,152,152,12,319921
37582,2.3e-05,172.31.36.0-255,66,218,12,319921
37583,3.1e-05,74.125.24.0-255,1484,1702,12,319921
37584,3.6e-05,172.31.36.0-255,66,1768,12,319921
37585,4.9e-05,74.125.24.0-255,2902,4670,12,319921
37586,5.2e-05,172.31.36.0-255,66,4736,12,319921
37587,9.2e-05,74.125.24.0-255,5738,10474,12,319921
37588,9.5e-05,172.31.36.0-255,66,10540,12,319921
37589,0.000101,74.125.24.0-255,3467,14007,12,319921
37590,0.000103,172.31.36.0-255,66,14073,12,319921
37591,0.000303,74.125.24.0-255,1484,15557,12,319921
37592,0.000308,172.31.36.0-255,66,15623,12,319921
37593,0.000314,74.125.24.0-255,2902,18525,12,319921
37594,0.000315,172.31.36.0-255,66,18591,12,319921
37595,0.000321,74.125.24.0-255,4320,22911,12,319921
37596,0.000323,172.31.36.0-255,66,22977,12,319921
37597,0.000353,74.125.24.0-255,1484,24461,12,319921
37598,0.000355,172.31.36.0-255,66,24527,12,319921
37599,0.000362,74.125.24.0-255,6797,31324,12,319921
37600,0.000364,172.31.36.0-255,66,31390,12,319921
37601,0.000467,74.125.24.0-255,1484,32874,12,319921
37602,0.00047,172.31.36.0-255,66,32940,12,319921
37603,0.000475,74.125.24.0-255,2902,35842,12,319921
37604,0.000477,172.31.36.0-255,66,35908,12,319921
37605,0.000483,74.125.24.0-255,5738,41646,12,319921
37606,0.00049,172.31.36.0-255,66,41712,12,319921
37607,0.000494,74.125.24.0-255,4320,46032,12,319921
37608,0.000497,172.31.36.0-255,66,46098,12,319921
37609,0.000529,74.125.24.0-255,2543,48641,12,319921
37610,0.000532,172.31.36.0-255,66,48707,12,319921
37611,0.000539,74.125.24.0-255,7156,55863,12,319921
37612,0.000541,172.31.36.0-255,66,55929,12,319921
37613,0.000582,74.125.24.0-255,398,56327,12,319921
37614,0.000598,172.31.36.0-255,66,56393,12,319921
37615,0.000657,74.125.24.0-255,111,56504,12,319921
37616,0.000673,74.125.24.0-255,330,56834,12,319921
37617,0.001016,172.31.36.0-255,66,56900,12,319921
37618,0.00107,74.125.24.0-255,1484,58384,12,319921
37619,0.001075,74.125.24.0-255,2902,61286,12,319921
37620,0.001078,172.31.36.0-255,66,61352,12,319921
37621,0.001099,74.125.24.0-255,5738,67090,12,319921
37622,0.001101,172.31.36.0-255,66,67156,12,319921
37623,0.001138,74.125.24.0-255,4320,71476,12,319921
37624,0.001141,172.31.36.0-255,66,71542,12,319921
37625,0.001176,172.31.36.0-255,66,71608,12,319921
37626,0.001179,74.125.24.0-255,1484,73092,12,319921
37627,0.001205,172.31.36.0-255,66,73158,12,319921
37628,0.001227,74.125.24.0-255,1484,74642,12,319921
37629,0.001247,74.125.24.0-255,2902,77544,12,319921
37630,0.001249,172.31.36.0-255,66,77610,12,319921
37631,0.00128,74.125.24.0-255,5738,83348,12,319921
37632,0.001283,172.31.36.0-255,66,83414,12,319921
37633,0.001289,74.125.24.0-255,5738,89152,12,319921
37634,0.001292,172.31.36.0-255,66,89218,12,319921
37635,0.00133,74.125.24.0-255,4320,93538,12,319921
37636,0.001344,172.31.36.0-255,66,93604,12,319921
37637,0.001365,74.125.24.0-255,766,94370,12,319921
37638,0.001405,74.125.24.0-255,1484,95854,12,319921
37639,0.001415,172.31.36.0-255,66,95920,12,319921
37640,0.001429,74.125.24.0-255,2902,98822,12,319921
37641,0.001446,74.125.24.0-255,1484,100306,12,319921
37642,0.001451,74.125.24.0-255,5738,106044,12,319921
37643,0.001456,172.31.36.0-255,66,106110,12,319921
37644,0.001496,74.125.24.0-255,1484,107594,12,319921
37645,0.00153,74.125.24.0-255,7156,114750,12,319921
37646,0.001541,74.125.24.0-255,1484,116234,12,319921
37647,0.001544,74.125.24.0-255,2184,118418,12,319921
37648,0.001548,172.31.36.0-255,66,118484,12,319921
37649,0.00158,74.125.24.0-255,2902,121386,12,319921
37650,0.001594,74.125.24.0-255,2902,124288,12,319921
37651,0.001597,172.31.36.0-255,66,124354,12,319921
37652,0.001601,172.31.36.0-255,66,124420,12,319921
37653,0.001637,74.125.24.0-255,7156,131576,12,319921
37654,0.00164,74.125.24.0-255,1484,133060,12,319921
37655,0.001647,172.31.36.0-255,66,133126,12,319921
37656,0.001699,172.31.36.0-255,66,133192,12,319921
37657,0.001737,172.31.36.0-255,66,133258,12,319921
37658,0.001769,74.125.24.0-255,1484,134742,12,319921
37659,0.00179,74.125.24.0-255,2902,137644,12,319921
37660,0.001801,172.31.36.0-255,66,137710,12,319921
37661,0.001811,74.125.24.0-255,5738,143448,12,319921
37662,0.001826,172.31.36.0-255,66,143514,12,319921
37663,0.001834,74.125.24.0-255,1484,144998,12,319921
37664,0.00187,74.125.24.0-255,5738,150736,12,319921
37665,0.001894,172.31.36.0-255,66,150802,12,319921
37666,0.001917,74.125.24.0-255,5020,155822,12,319921
37667,0.001927,172.31.36.0-255,66,155888,12,319921
37668,0.002064,74.125.24.0-255,1484,157372,12,319921
37669,0.00207,74.125.24.0-255,2902,160274,12,319921
37670,0.002078,172.31.36.0-255,66,160340,12,319921
37671,0.002108,74.125.24.0-255,5738,166078,12,319921
37672,0.002112,74.125.24.0-255,1484,167562,12,319921
37673,0.00213,74.125.24.0-255,2902,170464,12,319921
37674,0.002141,74.125.24.0-255,4320,174784,12,319921
37675,0.002167,74.125.24.0-255,7156,181940,12,319921
37676,0.008746,172.31.36.0-255,66,182006,12,319921
37677,0.010883,74.125.24.0-255,5738,187744,12,319921
37678,0.01089,172.31.36.0-255,66,187810,12,319921
37679,0.01303,74.125.24.0-255,5738,193548,12,319921
37680,0.01304,172.31.36.0-255,66,193614,12,319921
37681,0.015148,74.125.24.0-255,5738,199352,12,319921
37682,0.015161,172.31.36.0-255,66,199418,12,319921
37683,0.017288,74.125.24.0-255,5738,205156,12,319921
37684,0.017299,172.31.36.0-255,66,205222,12,319921
37685,0.019441,74.125.24.0-255,5738,210960,12,319921
37686,0.01945,172.31.36.0-255,66,211026,12,319921
37687,0.021664,74.125.24.0-255,5738,216764,12,319921
37688,0.021692,172.31.36.0-255,66,216830,12,319921
37689,0.02384,74.125.24.0-255,5738,222568,12,319921
37690,0.02385,172.31.36.0-255,66,222634,12,319921
37691,0.025975,74.125.24.0-255,5738,228372,12,319921
37692,0.025985,172.31.36.0-255,66,228438,12,319921
37693,0.028157,74.125.24.0-255,5738,234176,12,319921
37694,0.028165,172.31.36.0-255,66,234242,12,319921
37695,0.03028,74.125.24.0-255,5738,239980,12,319921
37696,0.030288,172.31.36.0-255,66,240046,12,319921
37697,0.032395,74.125.24.0-255,2902,242948,12,319921
37698,0.0324,172.31.36.0-255,66,243014,12,319921
37699,0.032427,74.125.24.0-255,2902,245916,12,319921
37700,0.03243,172.31.36.0-255,66,245982,12,319921
37701,0.033513,172.31.36.0-255,172,246154,12,319921
37702,0.033566,172.31.36.0-255,1108,247262,12,319921
37703,0.033625,172.31.36.0-255,1514,248776,12,319921
37704,0.033627,172.31.36.0-255,1299,250075,12,319921
37705,0.034548,74.125.24.0-255,5738,255813,12,319921
37706,0.034555,172.31.36.0-255,66,255879,12,319921
37707,0.035044,104.244.42.0-255,66,255945,12,319921
37708,0.035127,104.244.42.0-255,66,256011,12,319921
37709,0.035181,104.244.42.0-255,66,256077,12,319921
37710,0.036768,74.125.24.0-255,5738,261815,12,319921
37711,0.036774,172.31.36.0-255,66,261881,12,319921
37712,0.038958,74.125.24.0-255,5738,267619,12,319921
37713,0.038966,172.31.36.0-255,66,267685,12,319921
37714,0.041121,74.125.24.0-255,5738,273423,12,319921
37715,0.041128,172.31.36.0-255,66,273489,12,319921
37716,0.043309,74.125.24.0-255,5738,279227,12,319921
37717,0.043319,172.31.36.0-255,66,279293,12,319921
37718,0.045482,74.125.24.0-255,5738,285031,12,319921
37719,0.045489,172.31.36.0-255,66,285097,12,319921
37720,0.047652,74.125.24.0-255,5738,290835,12,319921
37721,0.047658,172.31.36.0-255,66,290901,12,319921
37722,0.049784,74.125.24.0-255,5738,296639,12,319921
37723,0.04979,172.31.36.0-255,66,296705,12,319921
37724,0.051947,74.125.24.0-255,5738,302443,12,319921
37725,0.051954,172.31.36.0-255,66,302509,12,319921
37726,0.054072,74.125.24.0-255,5738,308247,12,319921
37727,0.054079,172.31.36.0-255,66,308313,12,319921
37728,0.056231,74.125.24.0-255,5738,314051,12,319921
37729,0.056237,172.31.36.0-255,66,314117,12,319921
37730,0.058416,74.125.24.0-255,5738,319855,12,319921
37731,0.058422,172.31.36.0-255,66,319921,12,319921
37732,0.0,74.125.24.0-255,152,152,12,299618
37733,3.4e-05,172.31.36.0-255,66,218,12,299618
37734,4.2e-05,74.125.24.0-255,1484,1702,12,299618
37735,4.6e-05,172.31.36.0-255,66,1768,12,299618
37736,5.2e-05,74.125.24.0-255,2902,4670,12,299618
37737,5.5e-05,172.31.36.0-255,66,4736,12,299618
37738,6.1e-05,74.125.24.0-255,5738,10474,12,299618
37739,6.3e-05,172.31.36.0-255,66,10540,12,299618
37740,9.2e-05,74.125.24.0-255,3398,13938,12,299618
37741,9.4e-05,172.31.36.0-255,66,14004,12,299618
37742,0.000179,74.125.24.0-255,1484,15488,12,299618
37743,0.000185,172.31.36.0-255,66,15554,12,299618
37744,0.00019,74.125.24.0-255,2902,18456,12,299618
37745,0.000194,172.31.36.0-255,66,18522,12,299618
37746,0.000218,74.125.24.0-255,2902,21424,12,299618
37747,0.000221,172.31.36.0-255,66,21490,12,299618
37748,0.000244,74.125.24.0-255,2902,24392,12,299618
37749,0.000247,172.31.36.0-255,66,24458,12,299618
37750,0.000254,74.125.24.0-255,6797,31255,12,299618
37751,0.000257,172.31.36.0-255,66,31321,12,299618
37752,0.000264,74.125.24.0-255,7156,38477,12,299618
37753,0.000266,172.31.36.0-255,66,38543,12,299618
37754,0.000298,172.31.36.0-255,66,38609,12,299618
37755,0.000333,74.125.24.0-255,2902,41511,12,299618
37756,0.000337,172.31.36.0-255,66,41577,12,299618
37757,0.000357,74.125.24.0-255,2902,44479,12,299618
37758,0.00036,172.31.36.0-255,66,44545,12,299618
37759,0.000367,74.125.24.0-255,7156,51701,12,299618
37760,0.00037,172.31.36.0-255,66,51767,12,299618
37761,0.000394,74.125.24.0-255,4232,55999,12,299618
37762,0.000397,172.31.36.0-255,66,56065,12,299618
37763,0.000505,74.125.24.0-255,384,56449,12,299618
37764,0.000671,74.125.24.0-255,1484,57933,12,299618
37765,0.000676,172.31.36.0-255,66,57999,12,299618
37766,0.000698,74.125.24.0-255,2902,60901,12,299618
37767,0.000704,74.125.24.0-255,5738,66639,12,299618
37768,0.000705,172.31.36.0-255,66,66705,12,299618
37769,0.000709,172.31.36.0-255,66,66771,12,299618
37770,0.000728,74.125.24.0-255,4320,71091,12,299618
37771,0.000731,172.31.36.0-255,66,71157,12,299618
37772,0.000775,172.31.36.0-255,66,71223,12,299618
37773,0.000786,172.31.36.0-255,66,71289,12,299618
37774,0.001044,74.125.24.0-255,1484,72773,12,299618
37775,0.001059,74.125.24.0-255,2902,75675,12,299618
37776,0.001062,172.31.36.0-255,66,75741,12,299618
37777,0.001092,74.125.24.0-255,2902,78643,12,299618
37778,0.001095,172.31.36.0-255,66,78709,12,299618
37779,0.001113,74.125.24.0-255,2902,81611,12,299618
37780,0.001116,172.31.36.0-255,66,81677,12,299618
37781,0.001127,172.31.36.0-255,66,81743,12,299618
37782,0.001152,74.125.24.0-255,5738,87481,12,299618
37783,0.001155,172.31.36.0-255,66,87547,12,299618
37784,0.001178,74.125.24.0-255,6438,93985,12,299618
37785,0.001181,172.31.36.0-255,66,94051,12,299618
37786,0.001412,74.125.24.0-255,1484,95535,12,299618
37787,0.001428,74.125.24.0-255,2902,98437,12,299618
37788,0.001434,172.31.36.0-255,66,98503,12,299618
37789,0.001448,74.125.24.0-255,4320,102823,12,299618
37790,0.001452,172.31.36.0-255,66,102889,12,299618
37791,0.001469,74.125.24.0-255,1484,104373,12,299618
37792,0.001483,172.31.36.0-255,66,104439,12,299618
37793,0.001508,172.31.36.0-255,66,104505,12,299618
37794,0.00154,74.125.24.0-255,1484,105989,12,299618
37795,0.001554,74.125.24.0-255,3602,109591,12,299618
37796,0.001558,172.31.36.0-255,66,109657,12,299618
37797,0.002002,74.125.24.0-255,1484,111141,12,299618
37798,0.00201,74.125.24.0-255,1484,112625,12,299618
37799,0.002014,172.31.36.0-255,66,112691,12,299618
37800,0.002034,74.125.24.0-255,1484,114175,12,299618
37801,0.002041,74.125.24.0-255,5738,119913,12,299618
37802,0.002044,172.31.36.0-255,66,119979,12,299618
37803,0.002052,74.125.24.0-255,7156,127135,12,299618
37804,0.002054,172.31.36.0-255,66,127201,12,299618
37805,0.00207,74.125.24.0-255,5738,132939,12,299618
37806,0.002073,172.31.36.0-255,66,133005,12,299618
37807,0.002076,74.125.24.0-255,1484,134489,12,299618
37808,0.002111,172.31.36.0-255,66,134555,12,299618
37809,0.002165,74.125.24.0-255,1484,136039,12,299618
37810,0.002169,74.125.24.0-255,1484,137523,12,299618
37811,0.002172,172.31.36.0-255,66,137589,12,299618
37812,0.002192,74.125.24.0-255,1484,139073,12,299618
37813,0.002198,74.125.24.0-255,5738,144811,12,299618
37814,0.002201,172.31.36.0-255,66,144877,12,299618
37815,0.002208,74.125.24.0-255,5738,150615,12,299618
37816,0.00221,172.31.36.0-255,66,150681,12,299618
37817,0.002222,74.125.24.0-255,1484,152165,12,299618
37818,0.002252,172.31.36.0-255,66,152231,12,299618
37819,0.002257,74.125.24.0-255,5020,157251,12,299618
37820,0.00226,172.31.36.0-255,66,157317,12,299618
37821,0.004641,74.125.24.0-255,5738,163055,12,299618
37822,0.004648,172.31.36.0-255,66,163121,12,299618
37823,0.007031,74.125.24.0-255,5738,168859,12,299618
37824,0.007036,172.31.36.0-255,66,168925,12,299618
37825,0.009404,74.125.24.0-255,5738,174663,12,299618
37826,0.009412,172.31.36.0-255,66,174729,12,299618
37827,0.011815,74.125.24.0-255,5738,180467,12,299618
37828,0.011829,172.31.36.0-255,66,180533,12,299618
37829,0.014225,74.125.24.0-255,5738,186271,12,299618
37830,0.014236,172.31.36.0-255,66,186337,12,299618
37831,0.016633,74.125.24.0-255,5738,192075,12,299618
37832,0.016644,172.31.36.0-255,66,192141,12,299618
37833,0.019037,74.125.24.0-255,5738,197879,12,299618
37834,0.019057,172.31.36.0-255,66,197945,12,299618
37835,0.021438,74.125.24.0-255,5738,203683,12,299618
37836,0.021449,172.31.36.0-255,66,203749,12,299618
37837,0.023826,74.125.24.0-255,5738,209487,12,299618
37838,0.023835,172.31.36.0-255,66,209553,12,299618
37839,0.026281,74.125.24.0-255,5738,215291,12,299618
37840,0.026302,172.31.36.0-255,66,215357,12,299618
37841,0.028681,74.125.24.0-255,5738,221095,12,299618
37842,0.028688,172.31.36.0-255,66,221161,12,299618
37843,0.031088,74.125.24.0-255,5738,226899,12,299618
37844,0.03111,172.31.36.0-255,66,226965,12,299618
37845,0.033497,74.125.24.0-255,5738,232703,12,299618
37846,0.033506,172.31.36.0-255,66,232769,12,299618
37847,0.035854,172.31.36.0-255,172,232941,12,299618
37848,0.035903,74.125.24.0-255,5738,238679,12,299618
37849,0.03591,172.31.36.0-255,66,238745,12,299618
37850,0.035916,172.31.36.0-255,1108,239853,12,299618
37851,0.035927,172.31.36.0-255,1514,241367,12,299618
37852,0.035929,172.31.36.0-255,1299,242666,12,299618
37853,0.037373,104.244.42.0-255,66,242732,12,299618
37854,0.037465,104.244.42.0-255,66,242798,12,299618
37855,0.037516,104.244.42.0-255,66,242864,12,299618
37856,0.038276,74.125.24.0-255,5738,248602,12,299618
37857,0.038287,172.31.36.0-255,66,248668,12,299618
37858,0.040671,74.125.24.0-255,5738,254406,12,299618
37859,0.040676,172.31.36.0-255,66,254472,12,299618
37860,0.043046,74.125.24.0-255,5738,260210,12,299618
37861,0.043068,172.31.36.0-255,66,260276,12,299618
37862,0.045464,74.125.24.0-255,5738,266014,12,299618
37863,0.045471,172.31.36.0-255,66,266080,12,299618
37864,0.047863,74.125.24.0-255,5738,271818,12,299618
37865,0.047869,172.31.36.0-255,66,271884,12,299618
37866,0.050237,74.125.24.0-255,5738,277622,12,299618
37867,0.050243,172.31.36.0-255,66,277688,12,299618
37868,0.052612,74.125.24.0-255,5738,283426,12,299618
37869,0.052616,172.31.36.0-255,66,283492,12,299618
37870,0.05499,74.125.24.0-255,4320,287812,12,299618
37871,0.054996,172.31.36.0-255,66,287878,12,299618
37872,0.055062,74.125.24.0-255,1484,289362,12,299618
37873,0.057366,74.125.24.0-255,4320,293682,12,299618
37874,0.057372,172.31.36.0-255,66,293748,12,299618
37875,0.059739,74.125.24.0-255,4320,298068,12,299618
37876,0.059745,172.31.36.0-255,66,298134,12,299618
37877,0.059773,74.125.24.0-255,1484,299618,12,299618
37878,0.0,74.125.130.0-255,152,152,12,354304
37879,3.6e-05,172.31.36.0-255,66,218,12,354304
37880,4.3e-05,74.125.130.0-255,1484,1702,12,354304
37881,4.7e-05,172.31.36.0-255,66,1768,12,354304
37882,5e-05,74.125.130.0-255,1484,3252,12,354304
37883,6.1e-05,172.31.36.0-255,66,3318,12,354304
37884,6.6e-05,74.125.130.0-255,2902,6220,12,354304
37885,6.9e-05,172.31.36.0-255,66,6286,12,354304
37886,9.3e-05,74.125.130.0-255,1484,7770,12,354304
37887,9.7e-05,172.31.36.0-255,66,7836,12,354304
37888,0.000121,74.125.130.0-255,4320,12156,12,354304
37889,0.000124,172.31.36.0-255,66,12222,12,354304
37890,0.000129,74.125.130.0-255,1484,13706,12,354304
37891,0.000131,172.31.36.0-255,66,13772,12,354304
37892,0.000134,74.125.130.0-255,689,14461,12,354304
37893,0.000136,172.31.36.0-255,66,14527,12,354304
37894,0.000145,74.125.130.0-255,1484,16011,12,354304
37895,0.000147,172.31.36.0-255,66,16077,12,354304
37896,0.000152,74.125.130.0-255,4320,20397,12,354304
37897,0.000155,172.31.36.0-255,66,20463,12,354304
37898,0.000226,172.31.36.0-255,66,20529,12,354304
37899,0.000229,74.125.130.0-255,1125,21654,12,354304
37900,0.000231,172.31.36.0-255,66,21720,12,354304
37901,0.00036,74.125.130.0-255,1484,23204,12,354304
37902,0.000364,172.31.36.0-255,66,23270,12,354304
37903,0.000369,74.125.130.0-255,2902,26172,12,354304
37904,0.000373,172.31.36.0-255,66,26238,12,354304
37905,0.000377,74.125.130.0-255,2902,29140,12,354304
37906,0.000386,172.31.36.0-255,66,29206,12,354304
37907,0.000418,74.125.130.0-255,4320,33526,12,354304
37908,0.000426,172.31.36.0-255,66,33592,12,354304
37909,0.000436,74.125.130.0-255,2902,36494,12,354304
37910,0.000438,172.31.36.0-255,66,36560,12,354304
37911,0.000467,74.125.130.0-255,6797,43357,12,354304
37912,0.000477,172.31.36.0-255,66,43423,12,354304
37913,0.00049,172.31.36.0-255,66,43489,12,354304
37914,0.000494,74.125.130.0-255,2543,46032,12,354304
37915,0.000496,172.31.36.0-255,66,46098,12,354304
37916,0.000785,74.125.130.0-255,647,46745,12,354304
37917,0.000807,172.31.36.0-255,66,46811,12,354304
37918,0.001086,74.125.130.0-255,1484,48295,12,354304
37919,0.001097,74.125.130.0-255,2902,51197,12,354304
37920,0.001101,172.31.36.0-255,66,51263,12,354304
37921,0.00114,74.125.130.0-255,5738,57001,12,354304
37922,0.001144,172.31.36.0-255,66,57067,12,354304
37923,0.00115,74.125.130.0-255,5738,62805,12,354304
37924,0.001153,172.31.36.0-255,66,62871,12,354304
37925,0.001177,74.125.130.0-255,7156,70027,12,354304
37926,0.00118,172.31.36.0-255,66,70093,12,354304
37927,0.001184,74.125.130.0-255,1484,71577,12,354304
37928,0.001217,74.125.130.0-255,7156,78733,12,354304
37929,0.001221,172.31.36.0-255,66,78799,12,354304
37930,0.001246,74.125.130.0-255,2184,80983,12,354304
37931,0.001249,172.31.36.0-255,66,81049,12,354304
37932,0.001361,74.125.130.0-255,1484,82533,12,354304
37933,0.001368,74.125.130.0-255,2902,85435,12,354304
37934,0.001372,172.31.36.0-255,66,85501,12,354304
37935,0.001376,74.125.130.0-255,1484,86985,12,354304
37936,0.001399,74.125.130.0-255,4320,91305,12,354304
37937,0.001402,172.31.36.0-255,66,91371,12,354304
37938,0.001407,74.125.130.0-255,2902,94273,12,354304
37939,0.001409,172.31.36.0-255,66,94339,12,354304
37940,0.001414,74.125.130.0-255,4320,98659,12,354304
37941,0.001416,172.31.36.0-255,66,98725,12,354304
37942,0.001419,74.125.130.0-255,1484,100209,12,354304
37943,0.001457,74.125.130.0-255,7156,107365,12,354304
37944,0.001463,172.31.36.0-255,66,107431,12,354304
37945,0.001469,74.125.130.0-255,4320,111751,12,354304
37946,0.001472,172.31.36.0-255,66,111817,12,354304
37947,0.001513,74.125.130.0-255,3602,115419,12,354304
37948,0.001518,172.31.36.0-255,66,115485,12,354304
37949,0.00161,74.125.130.0-255,1484,116969,12,354304
37950,0.001613,74.125.130.0-255,1484,118453,12,354304
37951,0.001616,172.31.36.0-255,66,118519,12,354304
37952,0.00164,74.125.130.0-255,1484,120003,12,354304
37953,0.001646,74.125.130.0-255,5738,125741,12,354304
37954,0.001649,172.31.36.0-255,66,125807,12,354304
37955,0.001653,74.125.130.0-255,2902,128709,12,354304
37956,0.001655,172.31.36.0-255,66,128775,12,354304
37957,0.00166,74.125.130.0-255,4320,133095,12,354304
37958,0.001662,172.31.36.0-255,66,133161,12,354304
37959,0.001694,172.31.36.0-255,66,133227,12,354304
37960,0.001703,74.125.130.0-255,4320,137547,12,354304
37961,0.001705,172.31.36.0-255,66,137613,12,354304
37962,0.001747,74.125.130.0-255,3602,141215,12,354304
37963,0.001749,172.31.36.0-255,66,141281,12,354304
37964,0.001868,74.125.130.0-255,1484,142765,12,354304
37965,0.001881,74.125.130.0-255,2902,145667,12,354304
37966,0.001883,172.31.36.0-255,66,145733,12,354304
37967,0.001886,74.125.130.0-255,1484,147217,12,354304
37968,0.001912,74.125.130.0-255,1484,148701,12,354304
37969,0.001914,172.31.36.0-255,66,148767,12,354304
37970,0.00192,74.125.130.0-255,4320,153087,12,354304
37971,0.001922,172.31.36.0-255,66,153153,12,354304
37972,0.001926,74.125.130.0-255,2902,156055,12,354304
37973,0.001928,172.31.36.0-255,66,156121,12,354304
37974,0.00195,74.125.130.0-255,5738,161859,12,354304
37975,0.001957,172.31.36.0-255,66,161925,12,354304
37976,0.001962,74.125.130.0-255,5738,167663,12,354304
37977,0.001965,172.31.36.0-255,66,167729,12,354304
37978,0.00197,74.125.130.0-255,5738,173467,12,354304
37979,0.001975,172.31.36.0-255,66,173533,12,354304
37980,0.001997,74.125.130.0-255,1484,175017,12,354304
37981,0.002001,74.125.130.0-255,766,175783,12,354304
37982,0.002007,172.31.36.0-255,66,175849,12,354304
37983,0.002011,74.125.130.0-255,1484,177333,12,354304
37984,0.002047,74.125.130.0-255,1484,178817,12,354304
37985,0.002049,172.31.36.0-255,66,178883,12,354304
37986,0.002071,74.125.130.0-255,2902,181785,12,354304
37987,0.002073,172.31.36.0-255,66,181851,12,354304
37988,0.002083,172.31.36.0-255,66,181917,12,354304
37989,0.0021,172.31.36.0-255,66,181983,12,354304
37990,0.002104,74.125.130.0-255,4320,186303,12,354304
37991,0.002106,172.31.36.0-255,66,186369,12,354304
37992,0.002133,74.125.130.0-255,2184,188553,12,354304
37993,0.002136,172.31.36.0-255,66,188619,12,354304
37994,0.002328,74.125.130.0-255,1484,190103,12,354304
37995,0.002346,74.125.130.0-255,2902,193005,12,354304
37996,0.002348,172.31.36.0-255,66,193071,12,354304
37997,0.002351,74.125.130.0-255,1484,194555,12,354304
37998,0.002419,74.125.130.0-255,2902,197457,12,354304
37999,0.002421,172.31.36.0-255,66,197523,12,354304
38000,0.002461,74.125.130.0-255,4320,201843,12,354304
38001,0.002464,172.31.36.0-255,66,201909,12,354304
38002,0.00247,74.125.130.0-255,5738,207647,12,354304
38003,0.002472,172.31.36.0-255,66,207713,12,354304
38004,0.002508,74.125.130.0-255,2902,210615,12,354304
38005,0.002511,172.31.36.0-255,66,210681,12,354304
38006,0.00253,74.125.130.0-255,4320,215001,12,354304
38007,0.002533,172.31.36.0-255,66,215067,12,354304
38008,0.002556,74.125.130.0-255,1484,216551,12,354304
38009,0.002582,74.125.130.0-255,2902,219453,12,354304
38010,0.002584,172.31.36.0-255,66,219519,12,354304
38011,0.002612,74.125.130.0-255,3602,223121,12,354304
38012,0.002614,172.31.36.0-255,66,223187,12,354304
38013,0.005213,74.125.130.0-255,1484,224671,12,354304
38014,0.005233,74.125.130.0-255,4320,228991,12,354304
38015,0.005238,172.31.36.0-255,66,229057,12,354304
38016,0.007865,74.125.130.0-255,5738,234795,12,354304
38017,0.00787,172.31.36.0-255,66,234861,12,354304
38018,0.010533,74.125.130.0-255,5738,240599,12,354304
38019,0.010542,172.31.36.0-255,66,240665,12,354304
38020,0.013197,74.125.130.0-255,5738,246403,12,354304
38021,0.013205,172.31.36.0-255,66,246469,12,354304
38022,0.015843,74.125.130.0-255,5738,252207,12,354304
38023,0.015857,172.31.36.0-255,66,252273,12,354304
38024,0.018497,74.125.130.0-255,5738,258011,12,354304
38025,0.018511,172.31.36.0-255,66,258077,12,354304
38026,0.021154,74.125.130.0-255,5738,263815,12,354304
38027,0.021167,172.31.36.0-255,66,263881,12,354304
38028,0.023797,74.125.130.0-255,5738,269619,12,354304
38029,0.023807,172.31.36.0-255,66,269685,12,354304
38030,0.026455,74.125.130.0-255,5738,275423,12,354304
38031,0.026466,172.31.36.0-255,66,275489,12,354304
38032,0.029105,74.125.130.0-255,5738,281227,12,354304
38033,0.029114,172.31.36.0-255,66,281293,12,354304
38034,0.031751,74.125.130.0-255,5738,287031,12,354304
38035,0.03176,172.31.36.0-255,66,287097,12,354304
38036,0.034393,74.125.130.0-255,5738,292835,12,354304
38037,0.034401,172.31.36.0-255,66,292901,12,354304
38038,0.037045,74.125.130.0-255,5738,298639,12,354304
38039,0.037053,172.31.36.0-255,66,298705,12,354304
38040,0.039691,74.125.130.0-255,5738,304443,12,354304
38041,0.039701,172.31.36.0-255,66,304509,12,354304
38042,0.041396,172.31.36.0-255,172,304681,12,354304
38043,0.041428,172.31.36.0-255,1108,305789,12,354304
38044,0.041472,172.31.36.0-255,1514,307303,12,354304
38045,0.041493,172.31.36.0-255,1514,308817,12,354304
38046,0.041497,172.31.36.0-255,1514,310331,12,354304
38047,0.041512,172.31.36.0-255,1514,311845,12,354304
38048,0.041515,172.31.36.0-255,1501,313346,12,354304
38049,0.042342,74.125.130.0-255,5738,319084,12,354304
38050,0.042351,172.31.36.0-255,66,319150,12,354304
38051,0.042934,104.244.42.0-255,66,319216,12,354304
38052,0.042993,104.244.42.0-255,66,319282,12,354304
38053,0.043046,104.244.42.0-255,66,319348,12,354304
38054,0.043105,104.244.42.0-255,66,319414,12,354304
38055,0.045022,74.125.130.0-255,5738,325152,12,354304
38056,0.045042,172.31.36.0-255,66,325218,12,354304
38057,0.047739,74.125.130.0-255,5738,330956,12,354304
38058,0.047745,172.31.36.0-255,66,331022,12,354304
38059,0.050384,74.125.130.0-255,5738,336760,12,354304
38060,0.050395,172.31.36.0-255,66,336826,12,354304
38061,0.053018,74.125.130.0-255,5738,342564,12,354304
38062,0.053024,172.31.36.0-255,66,342630,12,354304
38063,0.055681,74.125.130.0-255,5738,348368,12,354304
38064,0.055686,172.31.36.0-255,66,348434,12,354304
38065,0.058311,74.125.130.0-255,4320,352754,12,354304
38066,0.058316,172.31.36.0-255,66,352820,12,354304
38067,0.058351,74.125.130.0-255,1484,354304,12,354304
38068,0.0,74.125.24.0-255,153,153,12,256934
38069,3.5e-05,172.31.36.0-255,66,219,12,256934
38070,4.3e-05,74.125.24.0-255,1484,1703,12,256934
38071,4.8e-05,172.31.36.0-255,66,1769,12,256934
38072,5.3e-05,74.125.24.0-255,2902,4671,12,256934
38073,5.6e-05,172.31.36.0-255,66,4737,12,256934
38074,6.3e-05,74.125.24.0-255,7156,11893,12,256934
38075,6.5e-05,172.31.36.0-255,66,11959,12,256934
38076,6.9e-05,74.125.24.0-255,2033,13992,12,256934
38077,7.2e-05,172.31.36.0-255,66,14058,12,256934
38078,0.000103,74.125.24.0-255,2902,16960,12,256934
38079,0.000105,172.31.36.0-255,66,17026,12,256934
38080,0.000125,74.125.24.0-255,1484,18510,12,256934
38081,0.000127,172.31.36.0-255,66,18576,12,256934
38082,0.000133,74.125.24.0-255,5738,24314,12,256934
38083,0.000135,172.31.36.0-255,66,24380,12,256934
38084,0.00017,74.125.24.0-255,6797,31177,12,256934
38085,0.000174,172.31.36.0-255,66,31243,12,256934
38086,0.000244,74.125.24.0-255,1484,32727,12,256934
38087,0.000247,172.31.36.0-255,66,32793,12,256934
38088,0.000254,74.125.24.0-255,2902,35695,12,256934
38089,0.000257,172.31.36.0-255,66,35761,12,256934
38090,0.000262,74.125.24.0-255,4320,40081,12,256934
38091,0.000265,172.31.36.0-255,66,40147,12,256934
38092,0.000288,74.125.24.0-255,1484,41631,12,256934
38093,0.00029,172.31.36.0-255,66,41697,12,256934
38094,0.000295,74.125.24.0-255,2902,44599,12,256934
38095,0.000298,172.31.36.0-255,66,44665,12,256934
38096,0.000325,74.125.24.0-255,5738,50403,12,256934
38097,0.000325,172.31.36.0-255,66,50469,12,256934
38098,0.000329,172.31.36.0-255,66,50535,12,256934
38099,0.000351,74.125.24.0-255,4269,54804,12,256934
38100,0.000356,74.125.24.0-255,112,54916,12,256934
38101,0.000356,172.31.36.0-255,66,54982,12,256934
38102,0.000358,74.125.24.0-255,333,55315,12,256934
38103,0.00066,74.125.24.0-255,1484,56799,12,256934
38104,0.000665,172.31.36.0-255,66,56865,12,256934
38105,0.000668,74.125.24.0-255,1484,58349,12,256934
38106,0.000684,74.125.24.0-255,1484,59833,12,256934
38107,0.000689,172.31.36.0-255,66,59899,12,256934
38108,0.00069,74.125.24.0-255,5738,65637,12,256934
38109,0.000693,172.31.36.0-255,66,65703,12,256934
38110,0.00071,74.125.24.0-255,2902,68605,12,256934
38111,0.00072,172.31.36.0-255,66,68671,12,256934
38112,0.000743,172.31.36.0-255,66,68737,12,256934
38113,0.000749,74.125.24.0-255,5738,74475,12,256934
38114,0.00076,172.31.36.0-255,66,74541,12,256934
38115,0.00081,74.125.24.0-255,2902,77443,12,256934
38116,0.000818,172.31.36.0-255,66,77509,12,256934
38117,0.000824,74.125.24.0-255,2184,79693,12,256934
38118,0.000833,172.31.36.0-255,66,79759,12,256934
38119,0.000869,74.125.24.0-255,1484,81243,12,256934
38120,0.000874,74.125.24.0-255,2902,84145,12,256934
38121,0.000884,172.31.36.0-255,66,84211,12,256934
38122,0.000913,74.125.24.0-255,5738,89949,12,256934
38123,0.000918,172.31.36.0-255,66,90015,12,256934
38124,0.000921,74.125.24.0-255,5738,95753,12,256934
38125,0.000935,172.31.36.0-255,66,95819,12,256934
38126,0.000945,74.125.24.0-255,7156,102975,12,256934
38127,0.000959,172.31.36.0-255,66,103041,12,256934
38128,0.000983,74.125.24.0-255,2184,105225,12,256934
38129,0.000986,172.31.36.0-255,66,105291,12,256934
38130,0.002002,74.125.24.0-255,1484,106775,12,256934
38131,0.002013,74.125.24.0-255,2902,109677,12,256934
38132,0.002017,172.31.36.0-255,66,109743,12,256934
38133,0.002026,74.125.24.0-255,5738,115481,12,256934
38134,0.002028,172.31.36.0-255,66,115547,12,256934
38135,0.002088,74.125.24.0-255,766,116313,12,256934
38136,0.002159,74.125.24.0-255,1484,117797,12,256934
38137,0.002181,74.125.24.0-255,2902,120699,12,256934
38138,0.002186,74.125.24.0-255,5738,126437,12,256934
38139,0.002221,74.125.24.0-255,2902,129339,12,256934
38140,0.002244,74.125.24.0-255,7156,136495,12,256934
38141,0.002312,74.125.24.0-255,7156,143651,12,256934
38142,0.002346,74.125.24.0-255,5738,149389,12,256934
38143,0.002348,74.125.24.0-255,1484,150873,12,256934
38144,0.002373,74.125.24.0-255,3602,154475,12,256934
38145,0.002514,74.125.24.0-255,1484,155959,12,256934
38146,0.002553,74.125.24.0-255,2902,158861,12,256934
38147,0.002567,74.125.24.0-255,2902,161763,12,256934
38148,0.00257,74.125.24.0-255,1484,163247,12,256934
38149,0.002587,74.125.24.0-255,5738,168985,12,256934
38150,0.002619,74.125.24.0-255,1484,170469,12,256934
38151,0.002635,74.125.24.0-255,4320,174789,12,256934
38152,0.002653,74.125.24.0-255,1484,176273,12,256934
38153,0.002667,74.125.24.0-255,2184,178457,12,256934
38154,0.002812,74.125.24.0-255,1484,179941,12,256934
38155,0.002833,74.125.24.0-255,1484,181425,12,256934
38156,0.002849,74.125.24.0-255,1484,182909,12,256934
38157,0.002855,74.125.24.0-255,5738,188647,12,256934
38158,0.002891,74.125.24.0-255,1484,190131,12,256934
38159,0.002915,74.125.24.0-255,4320,194451,12,256934
38160,0.002938,74.125.24.0-255,5020,199471,12,256934
38161,0.002943,74.125.24.0-255,4320,203791,12,256934
38162,0.002946,74.125.24.0-255,1484,205275,12,256934
38163,0.002957,74.125.24.0-255,4320,209595,12,256934
38164,0.00297,74.125.24.0-255,2902,212497,12,256934
38165,0.003032,74.125.24.0-255,5738,218235,12,256934
38166,0.003043,74.125.24.0-255,1484,219719,12,256934
38167,0.003074,74.125.24.0-255,1484,221203,12,256934
38168,0.003104,74.125.24.0-255,3602,224805,12,256934
38169,0.003111,74.125.24.0-255,7156,231961,12,256934
38170,0.003113,74.125.24.0-255,1484,233445,12,256934
38171,0.003131,74.125.24.0-255,2902,236347,12,256934
38172,0.003149,74.125.24.0-255,2902,239249,12,256934
38173,0.003184,74.125.24.0-255,1484,240733,12,256934
38174,0.00319,74.125.24.0-255,6598,247331,12,256934
38175,0.00322,74.125.24.0-255,105,247436,12,256934
38176,0.005276,172.31.36.0-255,66,247502,12,256934
38177,0.007487,172.31.36.0-255,105,247607,12,256934
38178,0.009727,74.125.24.0-255,66,247673,12,256934
38179,0.03322,172.31.36.0-255,172,247845,12,256934
38180,0.033251,172.31.36.0-255,1107,248952,12,256934
38181,0.033338,172.31.36.0-255,1514,250466,12,256934
38182,0.03334,172.31.36.0-255,1514,251980,12,256934
38183,0.033345,172.31.36.0-255,1514,253494,12,256934
38184,0.033346,172.31.36.0-255,1514,255008,12,256934
38185,0.033365,172.31.36.0-255,1514,256522,12,256934
38186,0.033367,172.31.36.0-255,148,256670,12,256934
38187,0.034781,104.244.42.0-255,66,256736,12,256934
38188,0.0348,104.244.42.0-255,66,256802,12,256934
38189,0.034915,104.244.42.0-255,66,256868,12,256934
38190,0.034963,104.244.42.0-255,66,256934,12,256934
38191,0.0,172.217.194.0-255,149,149,12,209479
38192,3.1e-05,172.31.36.0-255,66,215,12,209479
38193,3.8e-05,172.217.194.0-255,1484,1699,12,209479
38194,4.2e-05,172.31.36.0-255,66,1765,12,209479
38195,4.7e-05,172.217.194.0-255,2902,4667,12,209479
38196,4.9e-05,172.31.36.0-255,66,4733,12,209479
38197,5.7e-05,172.217.194.0-255,7156,11889,12,209479
38198,5.9e-05,172.31.36.0-255,66,11955,12,209479
38199,8.4e-05,172.217.194.0-255,7156,19111,12,209479
38200,8.7e-05,172.31.36.0-255,66,19177,12,209479
38201,0.000114,172.217.194.0-255,4843,24020,12,209479
38202,0.000117,172.31.36.0-255,66,24086,12,209479
38203,0.000124,172.217.194.0-255,6797,30883,12,209479
38204,0.000127,172.31.36.0-255,66,30949,12,209479
38205,0.000147,172.217.194.0-255,4320,35269,12,209479
38206,0.00015,172.31.36.0-255,66,35335,12,209479
38207,0.000155,172.217.194.0-255,5738,41073,12,209479
38208,0.000157,172.31.36.0-255,66,41139,12,209479
38209,0.000195,172.217.194.0-255,4320,45459,12,209479
38210,0.000198,172.31.36.0-255,66,45525,12,209479
38211,0.000213,172.217.194.0-255,2543,48068,12,209479
38212,0.000216,172.31.36.0-255,66,48134,12,209479
38213,0.001746,172.217.194.0-255,1484,49618,12,209479
38214,0.001752,172.31.36.0-255,66,49684,12,209479
38215,0.001763,172.217.194.0-255,2902,52586,12,209479
38216,0.001765,172.31.36.0-255,66,52652,12,209479
38217,0.001771,172.217.194.0-255,5738,58390,12,209479
38218,0.001773,172.31.36.0-255,66,58456,12,209479
38219,0.001794,172.217.194.0-255,2902,61358,12,209479
38220,0.001796,172.31.36.0-255,66,61424,12,209479
38221,0.001816,172.217.194.0-255,3961,65385,12,209479
38222,0.001818,172.31.36.0-255,66,65451,12,209479
38223,0.002049,172.217.194.0-255,1484,66935,12,209479
38224,0.002058,172.217.194.0-255,2902,69837,12,209479
38225,0.002061,172.31.36.0-255,66,69903,12,209479
38226,0.002086,172.217.194.0-255,1484,71387,12,209479
38227,0.00211,172.217.194.0-255,2902,74289,12,209479
38228,0.002113,172.31.36.0-255,66,74355,12,209479
38229,0.002124,172.31.36.0-255,66,74421,12,209479
38230,0.002127,172.217.194.0-255,766,75187,12,209479
38231,0.00213,172.31.36.0-255,78,75265,12,209479
38232,0.00214,172.31.36.0-255,78,75343,12,209479
38233,0.002166,172.217.194.0-255,4320,79663,12,209479
38234,0.002169,172.31.36.0-255,66,79729,12,209479
38235,0.002462,172.217.194.0-255,1484,81213,12,209479
38236,0.00247,172.217.194.0-255,2902,84115,12,209479
38237,0.002473,172.31.36.0-255,66,84181,12,209479
38238,0.002478,172.217.194.0-255,2902,87083,12,209479
38239,0.002479,172.31.36.0-255,66,87149,12,209479
38240,0.002495,172.217.194.0-255,2902,90051,12,209479
38241,0.002497,172.31.36.0-255,66,90117,12,209479
38242,0.0025,172.217.194.0-255,1484,91601,12,209479
38243,0.002526,172.217.194.0-255,5396,96997,12,209479
38244,0.002528,172.31.36.0-255,66,97063,12,209479
38245,0.003365,172.217.194.0-255,1484,98547,12,209479
38246,0.003373,172.217.194.0-255,2902,101449,12,209479
38247,0.003376,172.31.36.0-255,66,101515,12,209479
38248,0.00338,172.217.194.0-255,1484,102999,12,209479
38249,0.003395,172.217.194.0-255,4320,107319,12,209479
38250,0.003397,172.31.36.0-255,66,107385,12,209479
38251,0.0034,172.217.194.0-255,1484,108869,12,209479
38252,0.003431,172.217.194.0-255,4320,113189,12,209479
38253,0.003434,172.31.36.0-255,66,113255,12,209479
38254,0.003437,172.31.36.0-255,66,113321,12,209479
38255,0.003456,172.217.194.0-255,6438,119759,12,209479
38256,0.003458,172.31.36.0-255,66,119825,12,209479
38257,0.004103,172.217.194.0-255,1484,121309,12,209479
38258,0.004122,172.217.194.0-255,2902,124211,12,209479
38259,0.004125,172.31.36.0-255,66,124277,12,209479
38260,0.004132,172.217.194.0-255,5738,130015,12,209479
38261,0.004134,172.31.36.0-255,66,130081,12,209479
38262,0.004137,172.217.194.0-255,1484,131565,12,209479
38263,0.004158,172.217.194.0-255,2902,134467,12,209479
38264,0.00416,172.31.36.0-255,66,134533,12,209479
38265,0.004196,172.31.36.0-255,66,134599,12,209479
38266,0.004228,172.217.194.0-255,6438,141037,12,209479
38267,0.00423,172.31.36.0-255,66,141103,12,209479
38268,0.00425,172.217.194.0-255,2902,144005,12,209479
38269,0.004252,172.31.36.0-255,66,144071,12,209479
38270,0.004273,172.217.194.0-255,4320,148391,12,209479
38271,0.004276,172.31.36.0-255,66,148457,12,209479
38272,0.004283,172.217.194.0-255,7156,155613,12,209479
38273,0.004285,172.31.36.0-255,66,155679,12,209479
38274,0.004311,172.31.36.0-255,66,155745,12,209479
38275,0.004331,172.217.194.0-255,7156,162901,12,209479
38276,0.004334,172.31.36.0-255,66,162967,12,209479
38277,0.004338,172.217.194.0-255,3602,166569,12,209479
38278,0.00434,172.31.36.0-255,66,166635,12,209479
38279,0.004361,172.217.194.0-255,4320,170955,12,209479
38280,0.004364,172.31.36.0-255,66,171021,12,209479
38281,0.004407,172.31.36.0-255,66,171087,12,209479
38282,0.004419,172.31.36.0-255,66,171153,12,209479
38283,0.004482,172.31.36.0-255,66,171219,12,209479
38284,0.004509,172.217.194.0-255,2902,174121,12,209479
38285,0.004512,172.31.36.0-255,66,174187,12,209479
38286,0.004524,172.31.36.0-255,66,174253,12,209479
38287,0.004533,172.31.36.0-255,66,174319,12,209479
38288,0.004536,172.217.194.0-255,1484,175803,12,209479
38289,0.004539,172.217.194.0-255,2902,178705,12,209479
38290,0.004541,172.31.36.0-255,66,178771,12,209479
38291,0.004547,172.217.194.0-255,5738,184509,12,209479
38292,0.004549,172.31.36.0-255,66,184575,12,209479
38293,0.004559,172.31.36.0-255,66,184641,12,209479
38294,0.004585,172.217.194.0-255,1484,186125,12,209479
38295,0.004616,172.31.36.0-255,66,186191,12,209479
38296,0.004646,172.31.36.0-255,66,186257,12,209479
38297,0.004668,172.217.194.0-255,7156,193413,12,209479
38298,0.004671,172.31.36.0-255,66,193479,12,209479
38299,0.004685,172.31.36.0-255,66,193545,12,209479
38300,0.004701,172.217.194.0-255,4320,197865,12,209479
38301,0.004704,172.31.36.0-255,66,197931,12,209479
38302,0.004708,172.217.194.0-255,766,198697,12,209479
38303,0.004728,172.217.194.0-255,1484,200181,12,209479
38304,0.004731,172.31.36.0-255,66,200247,12,209479
38305,0.004787,172.31.36.0-255,66,200313,12,209479
38306,0.00479,172.31.36.0-255,66,200379,12,209479
38307,0.004813,172.217.194.0-255,4320,204699,12,209479
38308,0.004816,172.31.36.0-255,66,204765,12,209479
38309,0.004874,172.31.36.0-255,66,204831,12,209479
38310,0.004877,172.217.194.0-255,105,204936,12,209479
38311,0.006623,172.31.36.0-255,66,205002,12,209479
38312,0.006676,172.31.36.0-255,105,205107,12,209479
38313,0.008612,172.217.194.0-255,66,205173,12,209479
38314,0.026828,172.31.36.0-255,187,205360,12,209479
38315,0.026886,172.31.36.0-255,976,206336,12,209479
38316,0.026968,172.31.36.0-255,1514,207850,12,209479
38317,0.026971,172.31.36.0-255,1431,209281,12,209479
38318,0.028386,104.244.42.0-255,66,209347,12,209479
38319,0.028412,104.244.42.0-255,66,209413,12,209479
38320,0.028555,104.244.42.0-255,66,209479,12,209479
38321,0.0,172.31.36.0-255,105,105,12,105
38322,0.0,172.217.194.0-255,153,153,12,246803
38323,1.6e-05,172.31.36.0-255,66,219,12,246803
38324,2.3e-05,172.217.194.0-255,1484,1703,12,246803
38325,2.7e-05,172.31.36.0-255,66,1769,12,246803
38326,3.4e-05,172.217.194.0-255,2902,4671,12,246803
38327,4.6e-05,172.31.36.0-255,66,4737,12,246803
38328,5.4e-05,172.217.194.0-255,7156,11893,12,246803
38329,5.7e-05,172.31.36.0-255,66,11959,12,246803
38330,7.5e-05,172.217.194.0-255,2038,13997,12,246803
38331,8.1e-05,172.31.36.0-255,66,14063,12,246803
38332,0.000153,172.217.194.0-255,1484,15547,12,246803
38333,0.000156,172.31.36.0-255,66,15613,12,246803
38334,0.000162,172.217.194.0-255,2902,18515,12,246803
38335,0.000164,172.31.36.0-255,66,18581,12,246803
38336,0.000194,172.217.194.0-255,5738,24319,12,246803
38337,0.000197,172.31.36.0-255,66,24385,12,246803
38338,0.000228,172.217.194.0-255,6797,31182,12,246803
38339,0.000231,172.31.36.0-255,66,31248,12,246803
38340,0.000297,172.217.194.0-255,1484,32732,12,246803
38341,0.0003,172.31.36.0-255,66,32798,12,246803
38342,0.000306,172.217.194.0-255,2902,35700,12,246803
38343,0.000308,172.31.36.0-255,66,35766,12,246803
38344,0.000331,172.217.194.0-255,1484,37250,12,246803
38345,0.000335,172.31.36.0-255,66,37316,12,246803
38346,0.000339,172.217.194.0-255,2902,40218,12,246803
38347,0.000341,172.31.36.0-255,66,40284,12,246803
38348,0.000347,172.217.194.0-255,5738,46022,12,246803
38349,0.000354,172.31.36.0-255,66,46088,12,246803
38350,0.00039,172.217.194.0-255,2543,48631,12,246803
38351,0.000393,172.31.36.0-255,66,48697,12,246803
38352,0.000429,172.217.194.0-255,1484,50181,12,246803
38353,0.000432,172.31.36.0-255,66,50247,12,246803
38354,0.000436,172.217.194.0-255,2902,53149,12,246803
38355,0.000475,172.217.194.0-255,2902,56051,12,246803
38356,0.000494,172.217.194.0-255,2902,58953,12,246803
38357,0.000529,172.217.194.0-255,2902,61855,12,246803
38358,0.000545,172.217.194.0-255,3961,65816,12,246803
38359,0.000565,172.217.194.0-255,364,66180,12,246803
38360,0.000634,172.31.36.0-255,66,66246,12,246803
38361,0.00067,172.217.194.0-255,379,66625,12,246803
38362,0.000758,172.217.194.0-255,1484,68109,12,246803
38363,0.000763,172.217.194.0-255,2902,71011,12,246803
38364,0.000776,172.31.36.0-255,66,71077,12,246803
38365,0.000788,172.217.194.0-255,5738,76815,12,246803
38366,0.000815,172.31.36.0-255,66,76881,12,246803
38367,0.000833,172.217.194.0-255,6248,83129,12,246803
38368,0.00084,172.31.36.0-255,66,83195,12,246803
38369,0.001249,172.217.194.0-255,1484,84679,12,246803
38370,0.001265,172.217.194.0-255,2902,87581,12,246803
38371,0.001269,172.31.36.0-255,66,87647,12,246803
38372,0.001272,172.217.194.0-255,1484,89131,12,246803
38373,0.001301,172.217.194.0-255,4320,93451,12,246803
38374,0.001304,172.217.194.0-255,1484,94935,12,246803
38375,0.001311,172.31.36.0-255,66,95001,12,246803
38376,0.00134,172.217.194.0-255,5379,100380,12,246803
38377,0.001367,172.31.36.0-255,66,100446,12,246803
38378,0.001553,172.217.194.0-255,1484,101930,12,246803
38379,0.001575,172.217.194.0-255,2902,104832,12,246803
38380,0.001579,172.31.36.0-255,66,104898,12,246803
38381,0.001585,172.217.194.0-255,4320,109218,12,246803
38382,0.001589,172.31.36.0-255,66,109284,12,246803
38383,0.00161,172.217.194.0-255,1484,110768,12,246803
38384,0.001624,172.217.194.0-255,1484,112252,12,246803
38385,0.001639,172.217.194.0-255,7156,119408,12,246803
38386,0.001651,172.217.194.0-255,2184,121592,12,246803
38387,0.001659,172.31.36.0-255,66,121658,12,246803
38388,0.002257,172.217.194.0-255,1484,123142,12,246803
38389,0.002264,172.217.194.0-255,2902,126044,12,246803
38390,0.002269,172.31.36.0-255,66,126110,12,246803
38391,0.002276,172.217.194.0-255,2902,129012,12,246803
38392,0.002303,172.217.194.0-255,2902,131914,12,246803
38393,0.002313,172.217.194.0-255,1484,133398,12,246803
38394,0.002342,172.217.194.0-255,5020,138418,12,246803
38395,0.003241,172.217.194.0-255,1484,139902,12,246803
38396,0.00325,172.217.194.0-255,2902,142804,12,246803
38397,0.003254,172.217.194.0-255,2902,145706,12,246803
38398,0.003271,172.217.194.0-255,2902,148608,12,246803
38399,0.003273,172.217.194.0-255,1484,150092,12,246803
38400,0.003332,172.217.194.0-255,5738,155830,12,246803
38401,0.003486,172.217.194.0-255,1484,157314,12,246803
38402,0.00349,172.217.194.0-255,1484,158798,12,246803
38403,0.003501,172.217.194.0-255,1484,160282,12,246803
38404,0.003507,172.217.194.0-255,5738,166020,12,246803
38405,0.003527,172.217.194.0-255,7156,173176,12,246803
38406,0.003542,172.217.194.0-255,5738,178914,12,246803
38407,0.00355,172.217.194.0-255,7156,186070,12,246803
38408,0.003553,172.217.194.0-255,1484,187554,12,246803
38409,0.003573,172.217.194.0-255,2184,189738,12,246803
38410,0.00374,172.217.194.0-255,1484,191222,12,246803
38411,0.003756,172.217.194.0-255,2902,194124,12,246803
38412,0.003791,172.217.194.0-255,2902,197026,12,246803
38413,0.00381,172.217.194.0-255,2902,199928,12,246803
38414,0.003828,172.217.194.0-255,1484,201412,12,246803
38415,0.003842,172.217.194.0-255,4320,205732,12,246803
38416,0.003862,172.217.194.0-255,5020,210752,12,246803
38417,0.003892,172.217.194.0-255,1484,212236,12,246803
38418,0.003895,172.217.194.0-255,1484,213720,12,246803
38419,0.003906,172.217.194.0-255,1484,215204,12,246803
38420,0.003909,172.217.194.0-255,1484,216688,12,246803
38421,0.003929,172.217.194.0-255,4320,221008,12,246803
38422,0.003932,172.217.194.0-255,1484,222492,12,246803
38423,0.003974,172.217.194.0-255,2902,225394,12,246803
38424,0.004079,172.217.194.0-255,4320,229714,12,246803
38425,0.00415,172.217.194.0-255,2902,232616,12,246803
38426,0.004205,172.217.194.0-255,5738,238354,12,246803
38427,0.004234,172.217.194.0-255,3648,242002,12,246803
38428,0.004237,172.217.194.0-255,105,242107,12,246803
38429,0.006431,172.31.36.0-255,66,242173,12,246803
38430,0.006876,172.31.36.0-255,101,242274,12,246803
38431,0.008565,172.31.36.0-255,105,242379,12,246803
38432,0.009043,172.217.194.0-255,66,242445,12,246803
38433,0.010724,172.217.194.0-255,66,242511,12,246803
38434,0.032162,172.31.36.0-255,172,242683,12,246803
38435,0.032198,172.31.36.0-255,1107,243790,12,246803
38436,0.032266,172.31.36.0-255,1514,245304,12,246803
38437,0.032268,172.31.36.0-255,1301,246605,12,246803
38438,0.033748,104.244.42.0-255,66,246671,12,246803
38439,0.03378,104.244.42.0-255,66,246737,12,246803
38440,0.033832,104.244.42.0-255,66,246803,12,246803
38441,0.0,172.217.194.0-255,162,162,12,193404
38442,1.6e-05,172.31.36.0-255,66,228,12,193404
38443,2.3e-05,172.217.194.0-255,1484,1712,12,193404
38444,2.7e-05,172.31.36.0-255,66,1778,12,193404
38445,3.1e-05,172.217.194.0-255,1484,3262,12,193404
38446,4.1e-05,172.31.36.0-255,66,3328,12,193404
38447,6.2e-05,172.217.194.0-255,4320,7648,12,193404
38448,6.6e-05,172.31.36.0-255,66,7714,12,193404
38449,9e-05,172.217.194.0-255,4320,12034,12,193404
38450,9.3e-05,172.31.36.0-255,66,12100,12,193404
38451,0.000124,172.217.194.0-255,4903,17003,12,193404
38452,0.000127,172.31.36.0-255,66,17069,12,193404
38453,0.000144,172.31.36.0-255,66,17135,12,193404
38454,0.000149,172.217.194.0-255,3961,21096,12,193404
38455,0.000152,172.31.36.0-255,66,21162,12,193404
38456,0.000345,172.217.194.0-255,1484,22646,12,193404
38457,0.000351,172.31.36.0-255,66,22712,12,193404
38458,0.000357,172.217.194.0-255,2902,25614,12,193404
38459,0.000359,172.31.36.0-255,66,25680,12,193404
38460,0.00039,172.217.194.0-255,5738,31418,12,193404
38461,0.000393,172.31.36.0-255,66,31484,12,193404
38462,0.000398,172.217.194.0-255,2902,34386,12,193404
38463,0.0004,172.31.36.0-255,66,34452,12,193404
38464,0.000446,172.31.36.0-255,66,34518,12,193404
38465,0.000453,172.217.194.0-255,5738,40256,12,193404
38466,0.000455,172.31.36.0-255,66,40322,12,193404
38467,0.000478,172.217.194.0-255,2902,43224,12,193404
38468,0.000484,172.31.36.0-255,66,43290,12,193404
38469,0.000509,172.217.194.0-255,1414,44704,12,193404
38470,0.000511,172.31.36.0-255,66,44770,12,193404
38471,0.000523,172.217.194.0-255,98,44868,12,193404
38472,0.00058,172.217.194.0-255,365,45233,12,193404
38473,0.001096,172.31.36.0-255,66,45299,12,193404
38474,0.00331,172.217.194.0-255,1484,46783,12,193404
38475,0.003369,172.217.194.0-255,2902,49685,12,193404
38476,0.003375,172.31.36.0-255,66,49751,12,193404
38477,0.003393,172.217.194.0-255,1484,51235,12,193404
38478,0.005622,172.217.194.0-255,4320,55555,12,193404
38479,0.005628,172.31.36.0-255,66,55621,12,193404
38480,0.007904,172.217.194.0-255,5738,61359,12,193404
38481,0.007911,172.31.36.0-255,66,61425,12,193404
38482,0.010172,172.217.194.0-255,5738,67163,12,193404
38483,0.01018,172.31.36.0-255,66,67229,12,193404
38484,0.012461,172.217.194.0-255,5738,72967,12,193404
38485,0.012468,172.31.36.0-255,66,73033,12,193404
38486,0.014724,172.217.194.0-255,5738,78771,12,193404
38487,0.014735,172.31.36.0-255,66,78837,12,193404
38488,0.017006,172.217.194.0-255,5738,84575,12,193404
38489,0.017018,172.31.36.0-255,66,84641,12,193404
38490,0.019317,172.217.194.0-255,5738,90379,12,193404
38491,0.019328,172.31.36.0-255,66,90445,12,193404
38492,0.021596,172.217.194.0-255,5738,96183,12,193404
38493,0.021605,172.31.36.0-255,66,96249,12,193404
38494,0.023837,172.217.194.0-255,5738,101987,12,193404
38495,0.023843,172.31.36.0-255,66,102053,12,193404
38496,0.023983,172.31.36.0-255,172,102225,12,193404
38497,0.024008,172.31.36.0-255,1108,103333,12,193404
38498,0.024136,172.31.36.0-255,1514,104847,12,193404
38499,0.024152,172.31.36.0-255,1299,106146,12,193404
38500,0.025556,104.244.42.0-255,66,106212,12,193404
38501,0.025565,104.244.42.0-255,66,106278,12,193404
38502,0.025707,104.244.42.0-255,66,106344,12,193404
38503,0.026107,172.217.194.0-255,5738,112082,12,193404
38504,0.026113,172.31.36.0-255,66,112148,12,193404
38505,0.028367,172.217.194.0-255,5738,117886,12,193404
38506,0.028374,172.31.36.0-255,66,117952,12,193404
38507,0.030645,172.217.194.0-255,5738,123690,12,193404
38508,0.030652,172.31.36.0-255,66,123756,12,193404
38509,0.032907,172.217.194.0-255,5738,129494,12,193404
38510,0.032914,172.31.36.0-255,66,129560,12,193404
38511,0.035188,172.217.194.0-255,5738,135298,12,193404
38512,0.035195,172.31.36.0-255,66,135364,12,193404
38513,0.037538,172.217.194.0-255,5738,141102,12,193404
38514,0.037545,172.31.36.0-255,66,141168,12,193404
38515,0.039812,172.217.194.0-255,5738,146906,12,193404
38516,0.039818,172.31.36.0-255,66,146972,12,193404
38517,0.042139,172.217.194.0-255,5738,152710,12,193404
38518,0.042149,172.31.36.0-255,66,152776,12,193404
38519,0.0444,172.217.194.0-255,5738,158514,12,193404
38520,0.044407,172.31.36.0-255,66,158580,12,193404
38521,0.046698,172.217.194.0-255,5738,164318,12,193404
38522,0.046704,172.31.36.0-255,66,164384,12,193404
38523,0.048956,172.217.194.0-255,5738,170122,12,193404
38524,0.048963,172.31.36.0-255,66,170188,12,193404
38525,0.051232,172.217.194.0-255,5738,175926,12,193404
38526,0.051239,172.31.36.0-255,66,175992,12,193404
38527,0.053505,172.217.194.0-255,5738,181730,12,193404
38528,0.053511,172.31.36.0-255,66,181796,12,193404
38529,0.055765,172.217.194.0-255,5738,187534,12,193404
38530,0.055772,172.31.36.0-255,66,187600,12,193404
38531,0.058029,172.217.194.0-255,5738,193338,12,193404
38532,0.058035,172.31.36.0-255,66,193404,12,193404
38533,0.0,74.125.24.0-255,153,153,12,126328
38534,2.7e-05,172.31.36.0-255,66,219,12,126328
38535,3.4e-05,74.125.24.0-255,1484,1703,12,126328
38536,3.8e-05,172.31.36.0-255,66,1769,12,126328
38537,5.1e-05,74.125.24.0-255,2902,4671,12,126328
38538,5.5e-05,172.31.36.0-255,66,4737,12,126328
38539,6.2e-05,74.125.24.0-255,7156,11893,12,126328
38540,6.6e-05,172.31.36.0-255,66,11959,12,126328
38541,8e-05,172.31.36.0-255,66,12025,12,126328
38542,0.000111,74.125.24.0-255,3494,15519,12,126328
38543,0.000114,172.31.36.0-255,66,15585,12,126328
38544,0.000118,74.125.24.0-255,2543,18128,12,126328
38545,0.000121,172.31.36.0-255,66,18194,12,126328
38546,0.000474,74.125.24.0-255,1484,19678,12,126328
38547,0.000479,172.31.36.0-255,66,19744,12,126328
38548,0.000486,74.125.24.0-255,2902,22646,12,126328
38549,0.000489,172.31.36.0-255,66,22712,12,126328
38550,0.000503,74.125.24.0-255,5738,28450,12,126328
38551,0.000506,172.31.36.0-255,66,28516,12,126328
38552,0.000546,172.31.36.0-255,66,28582,12,126328
38553,0.000548,74.125.24.0-255,7156,35738,12,126328
38554,0.00055,172.31.36.0-255,66,35804,12,126328
38555,0.00061,74.125.24.0-255,2818,38622,12,126328
38556,0.000615,172.31.36.0-255,66,38688,12,126328
38557,0.000644,74.125.24.0-255,382,39070,12,126328
38558,0.000648,172.31.36.0-255,66,39136,12,126328
38559,0.000775,74.125.24.0-255,1484,40620,12,126328
38560,0.000778,172.31.36.0-255,66,40686,12,126328
38561,0.000783,74.125.24.0-255,2902,43588,12,126328
38562,0.000786,172.31.36.0-255,66,43654,12,126328
38563,0.000813,74.125.24.0-255,5738,49392,12,126328
38564,0.000817,172.31.36.0-255,66,49458,12,126328
38565,0.000857,172.31.36.0-255,66,49524,12,126328
38566,0.000862,74.125.24.0-255,4320,53844,12,126328
38567,0.000864,172.31.36.0-255,66,53910,12,126328
38568,0.000904,74.125.24.0-255,7156,61066,12,126328
38569,0.000907,172.31.36.0-255,66,61132,12,126328
38570,0.000947,172.31.36.0-255,66,61198,12,126328
38571,0.000964,74.125.24.0-255,766,61964,12,126328
38572,0.000966,172.31.36.0-255,66,62030,12,126328
38573,0.000994,172.31.36.0-255,66,62096,12,126328
38574,0.001041,172.31.36.0-255,66,62162,12,126328
38575,0.001051,172.31.36.0-255,66,62228,12,126328
38576,0.001054,74.125.24.0-255,2184,64412,12,126328
38577,0.001057,172.31.36.0-255,66,64478,12,126328
38578,0.001089,74.125.24.0-255,2902,67380,12,126328
38579,0.001092,172.31.36.0-255,66,67446,12,126328
38580,0.001099,74.125.24.0-255,7156,74602,12,126328
38581,0.001102,172.31.36.0-255,66,74668,12,126328
38582,0.001138,172.31.36.0-255,66,74734,12,126328
38583,0.001185,172.31.36.0-255,66,74800,12,126328
38584,0.001242,74.125.24.0-255,1484,76284,12,126328
38585,0.001256,74.125.24.0-255,2902,79186,12,126328
38586,0.001264,172.31.36.0-255,66,79252,12,126328
38587,0.001292,74.125.24.0-255,5738,84990,12,126328
38588,0.001296,172.31.36.0-255,66,85056,12,126328
38589,0.001318,172.31.36.0-255,66,85122,12,126328
38590,0.001325,74.125.24.0-255,1484,86606,12,126328
38591,0.001348,74.125.24.0-255,2902,89508,12,126328
38592,0.001355,172.31.36.0-255,66,89574,12,126328
38593,0.001392,172.31.36.0-255,66,89640,12,126328
38594,0.001404,74.125.24.0-255,1484,91124,12,126328
38595,0.001413,74.125.24.0-255,2902,94026,12,126328
38596,0.001418,172.31.36.0-255,66,94092,12,126328
38597,0.001428,74.125.24.0-255,5738,99830,12,126328
38598,0.001432,172.31.36.0-255,66,99896,12,126328
38599,0.001498,172.31.36.0-255,66,99962,12,126328
38600,0.001511,172.31.36.0-255,66,100028,12,126328
38601,0.001514,74.125.24.0-255,5020,105048,12,126328
38602,0.001526,172.31.36.0-255,66,105114,12,126328
38603,0.001653,74.125.24.0-255,1484,106598,12,126328
38604,0.001659,74.125.24.0-255,2902,109500,12,126328
38605,0.001662,172.31.36.0-255,66,109566,12,126328
38606,0.001668,74.125.24.0-255,2902,112468,12,126328
38607,0.001673,172.31.36.0-255,66,112534,12,126328
38608,0.001696,74.125.24.0-255,2902,115436,12,126328
38609,0.00171,172.31.36.0-255,66,115502,12,126328
38610,0.001722,74.125.24.0-255,7156,122658,12,126328
38611,0.001725,172.31.36.0-255,66,122724,12,126328
38612,0.001764,172.31.36.0-255,66,122790,12,126328
38613,0.001801,172.31.36.0-255,66,122856,12,126328
38614,0.001815,172.31.36.0-255,66,122922,12,126328
38615,0.001858,74.125.24.0-255,1484,124406,12,126328
38616,0.001873,172.31.36.0-255,66,124472,12,126328
38617,0.001901,172.31.36.0-255,66,124538,12,126328
38618,0.001942,74.125.24.0-255,105,124643,12,126328
38619,0.001943,172.31.36.0-255,66,124709,12,126328
38620,0.003762,172.31.36.0-255,66,124775,12,126328
38621,0.00379,172.31.36.0-255,105,124880,12,126328
38622,0.006029,74.125.24.0-255,66,124946,12,126328
38623,0.040295,172.31.36.0-255,172,125118,12,126328
38624,0.040322,172.31.36.0-255,1078,126196,12,126328
38625,0.041797,104.244.42.0-255,66,126262,12,126328
38626,0.041836,104.244.42.0-255,66,126328,12,126328
38627,0.0,74.125.200.0-255,146,146,12,370891
38628,3.1e-05,172.31.36.0-255,66,212,12,370891
38629,3.8e-05,74.125.200.0-255,1484,1696,12,370891
38630,4.2e-05,172.31.36.0-255,66,1762,12,370891
38631,4.7e-05,74.125.200.0-255,2902,4664,12,370891
38632,4.9e-05,172.31.36.0-255,66,4730,12,370891
38633,5.4e-05,74.125.200.0-255,2902,7632,12,370891
38634,5.6e-05,172.31.36.0-255,66,7698,12,370891
38635,7.8e-05,74.125.200.0-255,4320,12018,12,370891
38636,8.1e-05,172.31.36.0-255,66,12084,12,370891
38637,8.5e-05,74.125.200.0-255,2019,14103,12,370891
38638,8.7e-05,172.31.36.0-255,66,14169,12,370891
38639,9.1e-05,74.125.200.0-255,2902,17071,12,370891
38640,9.3e-05,172.31.36.0-255,66,17137,12,370891
38641,0.000141,74.125.200.0-255,7156,24293,12,370891
38642,0.000145,172.31.36.0-255,66,24359,12,370891
38643,0.000163,74.125.200.0-255,4320,28679,12,370891
38644,0.000166,172.31.36.0-255,66,28745,12,370891
38645,0.000185,74.125.200.0-255,2543,31288,12,370891
38646,0.000187,172.31.36.0-255,66,31354,12,370891
38647,0.000217,74.125.200.0-255,1484,32838,12,370891
38648,0.000221,172.31.36.0-255,66,32904,12,370891
38649,0.000242,74.125.200.0-255,2902,35806,12,370891
38650,0.000245,172.31.36.0-255,66,35872,12,370891
38651,0.000248,74.125.200.0-255,1484,37356,12,370891
38652,0.00025,172.31.36.0-255,66,37422,12,370891
38653,0.000264,74.125.200.0-255,4320,41742,12,370891
38654,0.000267,172.31.36.0-255,66,41808,12,370891
38655,0.00027,74.125.200.0-255,1484,43292,12,370891
38656,0.000271,172.31.36.0-255,66,43358,12,370891
38657,0.000303,74.125.200.0-255,4320,47678,12,370891
38658,0.000307,172.31.36.0-255,66,47744,12,370891
38659,0.000313,74.125.200.0-255,6797,54541,12,370891
38660,0.000315,172.31.36.0-255,66,54607,12,370891
38661,0.000327,172.31.36.0-255,66,54673,12,370891
38662,0.00036,74.125.200.0-255,1432,56105,12,370891
38663,0.000524,74.125.200.0-255,115,56220,12,370891
38664,0.000631,74.125.200.0-255,1484,57704,12,370891
38665,0.000635,172.31.36.0-255,66,57770,12,370891
38666,0.000653,74.125.200.0-255,1484,59254,12,370891
38667,0.00067,74.125.200.0-255,1484,60738,12,370891
38668,0.000672,172.31.36.0-255,66,60804,12,370891
38669,0.000687,74.125.200.0-255,1484,62288,12,370891
38670,0.000692,74.125.200.0-255,2902,65190,12,370891
38671,0.000694,172.31.36.0-255,66,65256,12,370891
38672,0.000708,74.125.200.0-255,1484,66740,12,370891
38673,0.000721,74.125.200.0-255,2902,69642,12,370891
38674,0.000724,172.31.36.0-255,66,69708,12,370891
38675,0.000741,74.125.200.0-255,1484,71192,12,370891
38676,0.000746,74.125.200.0-255,2543,73735,12,370891
38677,0.000748,172.31.36.0-255,66,73801,12,370891
38678,0.00075,74.125.200.0-255,331,74132,12,370891
38679,0.000803,74.125.200.0-255,1484,75616,12,370891
38680,0.000806,172.31.36.0-255,66,75682,12,370891
38681,0.000823,74.125.200.0-255,1484,77166,12,370891
38682,0.000835,74.125.200.0-255,2902,80068,12,370891
38683,0.000838,172.31.36.0-255,66,80134,12,370891
38684,0.000854,74.125.200.0-255,1484,81618,12,370891
38685,0.000872,74.125.200.0-255,4320,85938,12,370891
38686,0.000876,172.31.36.0-255,66,86004,12,370891
38687,0.00088,74.125.200.0-255,1484,87488,12,370891
38688,0.000896,74.125.200.0-255,2902,90390,12,370891
38689,0.0009,172.31.36.0-255,66,90456,12,370891
38690,0.000917,74.125.200.0-255,1125,91581,12,370891
38691,0.001081,74.125.200.0-255,1484,93065,12,370891
38692,0.001086,172.31.36.0-255,66,93131,12,370891
38693,0.001097,74.125.200.0-255,2902,96033,12,370891
38694,0.001099,172.31.36.0-255,66,96099,12,370891
38695,0.001112,74.125.200.0-255,1484,97583,12,370891
38696,0.001129,74.125.200.0-255,4320,101903,12,370891
38697,0.001132,172.31.36.0-255,66,101969,12,370891
38698,0.001168,74.125.200.0-255,7156,109125,12,370891
38699,0.001171,172.31.36.0-255,66,109191,12,370891
38700,0.001192,74.125.200.0-255,4320,113511,12,370891
38701,0.001194,172.31.36.0-255,66,113577,12,370891
38702,0.001216,74.125.200.0-255,5738,119315,12,370891
38703,0.001218,172.31.36.0-255,66,119381,12,370891
38704,0.001254,74.125.200.0-255,4320,123701,12,370891
38705,0.001257,172.31.36.0-255,66,123767,12,370891
38706,0.001274,74.125.200.0-255,2184,125951,12,370891
38707,0.001277,172.31.36.0-255,66,126017,12,370891
38708,0.001355,74.125.200.0-255,1484,127501,12,370891
38709,0.001372,74.125.200.0-255,2902,130403,12,370891
38710,0.001375,172.31.36.0-255,66,130469,12,370891
38711,0.001382,74.125.200.0-255,5738,136207,12,370891
38712,0.001384,172.31.36.0-255,66,136273,12,370891
38713,0.001388,74.125.200.0-255,4320,140593,12,370891
38714,0.00139,172.31.36.0-255,66,140659,12,370891
38715,0.001418,74.125.200.0-255,4320,144979,12,370891
38716,0.001421,172.31.36.0-255,66,145045,12,370891
38717,0.001432,172.31.36.0-255,66,145111,12,370891
38718,0.001436,74.125.200.0-255,1484,146595,12,370891
38719,0.001441,74.125.200.0-255,2902,149497,12,370891
38720,0.001443,172.31.36.0-255,66,149563,12,370891
38721,0.001463,74.125.200.0-255,766,150329,12,370891
38722,0.001568,74.125.200.0-255,1484,151813,12,370891
38723,0.001572,172.31.36.0-255,66,151879,12,370891
38724,0.001592,74.125.200.0-255,2902,154781,12,370891
38725,0.001595,172.31.36.0-255,66,154847,12,370891
38726,0.0016,74.125.200.0-255,4320,159167,12,370891
38727,0.001603,172.31.36.0-255,66,159233,12,370891
38728,0.001614,74.125.200.0-255,1484,160717,12,370891
38729,0.001625,74.125.200.0-255,1484,162201,12,370891
38730,0.001627,172.31.36.0-255,66,162267,12,370891
38731,0.001651,172.31.36.0-255,66,162333,12,370891
38732,0.001661,172.31.36.0-255,66,162399,12,370891
38733,0.00168,74.125.200.0-255,2902,165301,12,370891
38734,0.001683,172.31.36.0-255,66,165367,12,370891
38735,0.001688,74.125.200.0-255,2184,167551,12,370891
38736,0.00169,172.31.36.0-255,66,167617,12,370891
38737,0.001812,74.125.200.0-255,1484,169101,12,370891
38738,0.001831,74.125.200.0-255,2902,172003,12,370891
38739,0.001834,172.31.36.0-255,66,172069,12,370891
38740,0.001838,74.125.200.0-255,1484,173553,12,370891
38741,0.001857,74.125.200.0-255,4320,177873,12,370891
38742,0.001859,172.31.36.0-255,66,177939,12,370891
38743,0.001862,74.125.200.0-255,1484,179423,12,370891
38744,0.001878,74.125.200.0-255,7156,186579,12,370891
38745,0.00188,172.31.36.0-255,66,186645,12,370891
38746,0.001897,74.125.200.0-255,4320,190965,12,370891
38747,0.0019,172.31.36.0-255,66,191031,12,370891
38748,0.001902,74.125.200.0-255,1484,192515,12,370891
38749,0.001934,74.125.200.0-255,4320,196835,12,370891
38750,0.001938,172.31.36.0-255,66,196901,12,370891
38751,0.001958,74.125.200.0-255,5020,201921,12,370891
38752,0.001961,172.31.36.0-255,66,201987,12,370891
38753,0.002045,74.125.200.0-255,1484,203471,12,370891
38754,0.002063,74.125.200.0-255,2902,206373,12,370891
38755,0.002067,172.31.36.0-255,66,206439,12,370891
38756,0.002085,74.125.200.0-255,2902,209341,12,370891
38757,0.002088,172.31.36.0-255,66,209407,12,370891
38758,0.002117,74.125.200.0-255,4320,213727,12,370891
38759,0.00212,172.31.36.0-255,66,213793,12,370891
38760,0.002137,74.125.200.0-255,5738,219531,12,370891
38761,0.002141,172.31.36.0-255,66,219597,12,370891
38762,0.002162,74.125.200.0-255,2902,222499,12,370891
38763,0.002164,172.31.36.0-255,66,222565,12,370891
38764,0.002169,74.125.200.0-255,4320,226885,12,370891
38765,0.002171,172.31.36.0-255,66,226951,12,370891
38766,0.002197,74.125.200.0-255,5738,232689,12,370891
38767,0.002199,172.31.36.0-255,66,232755,12,370891
38768,0.002203,74.125.200.0-255,3602,236357,12,370891
38769,0.002205,172.31.36.0-255,66,236423,12,370891
38770,0.00221,74.125.200.0-255,4320,240743,12,370891
38771,0.002213,172.31.36.0-255,66,240809,12,370891
38772,0.002231,74.125.200.0-255,1484,242293,12,370891
38773,0.002247,74.125.200.0-255,7156,249449,12,370891
38774,0.00225,172.31.36.0-255,66,249515,12,370891
38775,0.002272,172.31.36.0-255,66,249581,12,370891
38776,0.002282,74.125.200.0-255,1484,251065,12,370891
38777,0.002286,74.125.200.0-255,2902,253967,12,370891
38778,0.002288,172.31.36.0-255,66,254033,12,370891
38779,0.004504,74.125.200.0-255,1484,255517,12,370891
38780,0.004523,74.125.200.0-255,4320,259837,12,370891
38781,0.004526,172.31.36.0-255,66,259903,12,370891
38782,0.00678,74.125.200.0-255,5738,265641,12,370891
38783,0.006789,172.31.36.0-255,66,265707,12,370891
38784,0.009033,74.125.200.0-255,5738,271445,12,370891
38785,0.00904,172.31.36.0-255,66,271511,12,370891
38786,0.011289,74.125.200.0-255,5738,277249,12,370891
38787,0.011296,172.31.36.0-255,66,277315,12,370891
38788,0.013541,74.125.200.0-255,5738,283053,12,370891
38789,0.013548,172.31.36.0-255,66,283119,12,370891
38790,0.01579,74.125.200.0-255,5738,288857,12,370891
38791,0.015798,172.31.36.0-255,66,288923,12,370891
38792,0.018056,74.125.200.0-255,5738,294661,12,370891
38793,0.018066,172.31.36.0-255,66,294727,12,370891
38794,0.020317,74.125.200.0-255,5738,300465,12,370891
38795,0.020324,172.31.36.0-255,66,300531,12,370891
38796,0.022585,74.125.200.0-255,5738,306269,12,370891
38797,0.022592,172.31.36.0-255,66,306335,12,370891
38798,0.024839,74.125.200.0-255,5738,312073,12,370891
38799,0.024846,172.31.36.0-255,66,312139,12,370891
38800,0.027094,74.125.200.0-255,5738,317877,12,370891
38801,0.027101,172.31.36.0-255,66,317943,12,370891
38802,0.029352,74.125.200.0-255,5738,323681,12,370891
38803,0.029358,172.31.36.0-255,66,323747,12,370891
38804,0.031605,74.125.200.0-255,5738,329485,12,370891
38805,0.031612,172.31.36.0-255,66,329551,12,370891
38806,0.033865,74.125.200.0-255,5738,335289,12,370891
38807,0.033872,172.31.36.0-255,66,335355,12,370891
38808,0.036123,74.125.200.0-255,5738,341093,12,370891
38809,0.036131,172.31.36.0-255,66,341159,12,370891
38810,0.037205,172.31.36.0-255,172,341331,12,370891
38811,0.037235,172.31.36.0-255,1078,342409,12,370891
38812,0.038419,74.125.200.0-255,5738,348147,12,370891
38813,0.038427,172.31.36.0-255,66,348213,12,370891
38814,0.038754,104.244.42.0-255,66,348279,12,370891
38815,0.038791,104.244.42.0-255,66,348345,12,370891
38816,0.040681,74.125.200.0-255,5738,354083,12,370891
38817,0.040691,172.31.36.0-255,66,354149,12,370891
38818,0.042933,74.125.200.0-255,4320,358469,12,370891
38819,0.042939,172.31.36.0-255,66,358535,12,370891
38820,0.04297,74.125.200.0-255,1484,360019,12,370891
38821,0.045183,74.125.200.0-255,4320,364339,12,370891
38822,0.045189,172.31.36.0-255,66,364405,12,370891
38823,0.047437,74.125.200.0-255,5738,370143,12,370891
38824,0.047442,172.31.36.0-255,66,370209,12,370891
38825,0.049647,74.125.200.0-255,445,370654,12,370891
38826,0.049804,172.31.36.0-255,66,370720,12,370891
38827,0.04983,172.31.36.0-255,105,370825,12,370891
38828,0.05205,74.125.200.0-255,66,370891,12,370891
38829,0.0,74.125.130.0-255,152,152,12,224608
38830,2.1e-05,172.31.36.0-255,66,218,12,224608
38831,3e-05,74.125.130.0-255,1484,1702,12,224608
38832,3.5e-05,172.31.36.0-255,66,1768,12,224608
38833,4.9e-05,74.125.130.0-255,2902,4670,12,224608
38834,5.3e-05,172.31.36.0-255,66,4736,12,224608
38835,6e-05,74.125.130.0-255,5738,10474,12,224608
38836,6.3e-05,172.31.36.0-255,66,10540,12,224608
38837,6.7e-05,74.125.130.0-255,2902,13442,12,224608
38838,7.1e-05,172.31.36.0-255,66,13508,12,224608
38839,0.000111,172.31.36.0-255,66,13574,12,224608
38840,0.000114,74.125.130.0-255,1484,15058,12,224608
38841,0.000116,172.31.36.0-255,66,15124,12,224608
38842,0.000123,74.125.130.0-255,5379,20503,12,224608
38843,0.000126,172.31.36.0-255,66,20569,12,224608
38844,0.000498,74.125.130.0-255,1484,22053,12,224608
38845,0.000503,172.31.36.0-255,66,22119,12,224608
38846,0.00051,74.125.130.0-255,2902,25021,12,224608
38847,0.000513,172.31.36.0-255,66,25087,12,224608
38848,0.000524,74.125.130.0-255,5738,30825,12,224608
38849,0.000527,172.31.36.0-255,66,30891,12,224608
38850,0.000541,74.125.130.0-255,4320,35211,12,224608
38851,0.000544,172.31.36.0-255,66,35277,12,224608
38852,0.000567,74.125.130.0-255,2543,37820,12,224608
38853,0.00057,172.31.36.0-255,66,37886,12,224608
38854,0.000575,74.125.130.0-255,2902,40788,12,224608
38855,0.000577,172.31.36.0-255,66,40854,12,224608
38856,0.000582,74.125.130.0-255,4320,45174,12,224608
38857,0.000585,172.31.36.0-255,66,45240,12,224608
38858,0.000597,172.31.36.0-255,66,45306,12,224608
38859,0.000624,74.125.130.0-255,1411,46717,12,224608
38860,0.000806,74.125.130.0-255,100,46817,12,224608
38861,0.000976,74.125.130.0-255,1484,48301,12,224608
38862,0.000981,172.31.36.0-255,66,48367,12,224608
38863,0.000987,74.125.130.0-255,2902,51269,12,224608
38864,0.000989,172.31.36.0-255,66,51335,12,224608
38865,0.001017,74.125.130.0-255,5738,57073,12,224608
38866,0.001022,172.31.36.0-255,66,57139,12,224608
38867,0.001033,74.125.130.0-255,2902,60041,12,224608
38868,0.00104,172.31.36.0-255,66,60107,12,224608
38869,0.001081,172.31.36.0-255,66,60173,12,224608
38870,0.001102,74.125.130.0-255,7156,67329,12,224608
38871,0.001112,172.31.36.0-255,66,67395,12,224608
38872,0.001118,74.125.130.0-255,3961,71356,12,224608
38873,0.00112,172.31.36.0-255,66,71422,12,224608
38874,0.003357,74.125.130.0-255,5738,77160,12,224608
38875,0.003365,172.31.36.0-255,66,77226,12,224608
38876,0.005596,74.125.130.0-255,1484,78710,12,224608
38877,0.005617,74.125.130.0-255,4320,83030,12,224608
38878,0.00562,172.31.36.0-255,66,83096,12,224608
38879,0.007866,74.125.130.0-255,5738,88834,12,224608
38880,0.007872,172.31.36.0-255,66,88900,12,224608
38881,0.010135,74.125.130.0-255,5738,94638,12,224608
38882,0.010143,172.31.36.0-255,66,94704,12,224608
38883,0.012396,74.125.130.0-255,5738,100442,12,224608
38884,0.012404,172.31.36.0-255,66,100508,12,224608
38885,0.014697,74.125.130.0-255,5738,106246,12,224608
38886,0.014708,172.31.36.0-255,66,106312,12,224608
38887,0.016968,74.125.130.0-255,5738,112050,12,224608
38888,0.016975,172.31.36.0-255,66,112116,12,224608
38889,0.019227,74.125.130.0-255,5738,117854,12,224608
38890,0.019234,172.31.36.0-255,66,117920,12,224608
38891,0.021482,74.125.130.0-255,4320,122240,12,224608
38892,0.02149,172.31.36.0-255,66,122306,12,224608
38893,0.021518,74.125.130.0-255,1484,123790,12,224608
38894,0.023737,74.125.130.0-255,4320,128110,12,224608
38895,0.023744,172.31.36.0-255,66,128176,12,224608
38896,0.026058,74.125.130.0-255,5738,133914,12,224608
38897,0.026073,172.31.36.0-255,66,133980,12,224608
38898,0.028329,74.125.130.0-255,5738,139718,12,224608
38899,0.028339,172.31.36.0-255,66,139784,12,224608
38900,0.030516,172.31.36.0-255,172,139956,12,224608
38901,0.03055,172.31.36.0-255,1108,141064,12,224608
38902,0.030588,74.125.130.0-255,5738,146802,12,224608
38903,0.030593,172.31.36.0-255,66,146868,12,224608
38904,0.030739,172.31.36.0-255,1514,148382,12,224608
38905,0.030741,172.31.36.0-255,1514,149896,12,224608
38906,0.030742,172.31.36.0-255,1514,151410,12,224608
38907,0.030743,172.31.36.0-255,1514,152924,12,224608
38908,0.030744,172.31.36.0-255,1514,154438,12,224608
38909,0.030774,172.31.36.0-255,84,154522,12,224608
38910,0.032047,104.244.42.0-255,66,154588,12,224608
38911,0.032096,104.244.42.0-255,66,154654,12,224608
38912,0.032291,104.244.42.0-255,66,154720,12,224608
38913,0.032295,104.244.42.0-255,66,154786,12,224608
38914,0.032823,104.244.42.0-255,108,154894,12,224608
38915,0.032827,172.31.36.0-255,66,154960,12,224608
38916,0.032853,74.125.130.0-255,5738,160698,12,224608
38917,0.032856,172.31.36.0-255,66,160764,12,224608
38918,0.035112,74.125.130.0-255,5738,166502,12,224608
38919,0.03512,172.31.36.0-255,66,166568,12,224608
38920,0.037465,74.125.130.0-255,5738,172306,12,224608
38921,0.037479,172.31.36.0-255,66,172372,12,224608
38922,0.03976,74.125.130.0-255,5738,178110,12,224608
38923,0.039774,172.31.36.0-255,66,178176,12,224608
38924,0.04204,74.125.130.0-255,5738,183914,12,224608
38925,0.042048,172.31.36.0-255,66,183980,12,224608
38926,0.044315,74.125.130.0-255,5738,189718,12,224608
38927,0.044323,172.31.36.0-255,66,189784,12,224608
38928,0.046594,74.125.130.0-255,5738,195522,12,224608
38929,0.046605,172.31.36.0-255,66,195588,12,224608
38930,0.048865,74.125.130.0-255,5738,201326,12,224608
38931,0.048872,172.31.36.0-255,66,201392,12,224608
38932,0.051129,74.125.130.0-255,5738,207130,12,224608
38933,0.051136,172.31.36.0-255,66,207196,12,224608
38934,0.05339,74.125.130.0-255,5738,212934,12,224608
38935,0.053397,172.31.36.0-255,66,213000,12,224608
38936,0.055644,74.125.130.0-255,5738,218738,12,224608
38937,0.055654,172.31.36.0-255,66,218804,12,224608
38938,0.05792,74.125.130.0-255,5738,224542,12,224608
38939,0.057927,172.31.36.0-255,66,224608,12,224608
38940,0.0,74.125.200.0-255,150,150,12,344928
38941,2.6e-05,172.31.36.0-255,66,216,12,344928
38942,3.3e-05,74.125.200.0-255,1484,1700,12,344928
38943,3.7e-05,172.31.36.0-255,66,1766,12,344928
38944,4.2e-05,74.125.200.0-255,2902,4668,12,344928
38945,5.2e-05,172.31.36.0-255,66,4734,12,344928
38946,5.5e-05,74.125.200.0-255,1484,6218,12,344928
38947,5.7e-05,172.31.36.0-255,66,6284,12,344928
38948,6.2e-05,74.125.200.0-255,2902,9186,12,344928
38949,6.4e-05,172.31.36.0-255,66,9252,12,344928
38950,9.4e-05,74.125.200.0-255,6256,15508,12,344928
38951,9.7e-05,172.31.36.0-255,66,15574,12,344928
38952,0.000107,74.125.200.0-255,4320,19894,12,344928
38953,0.000109,172.31.36.0-255,66,19960,12,344928
38954,0.000144,74.125.200.0-255,2902,22862,12,344928
38955,0.000148,172.31.36.0-255,66,22928,12,344928
38956,0.000178,74.125.200.0-255,2902,25830,12,344928
38957,0.000181,172.31.36.0-255,66,25896,12,344928
38958,0.000188,74.125.200.0-255,5379,31275,12,344928
38959,0.00019,172.31.36.0-255,66,31341,12,344928
38960,0.000225,74.125.200.0-255,1484,32825,12,344928
38961,0.000228,172.31.36.0-255,66,32891,12,344928
38962,0.000258,74.125.200.0-255,2902,35793,12,344928
38963,0.000261,172.31.36.0-255,66,35859,12,344928
38964,0.000285,74.125.200.0-255,1484,37343,12,344928
38965,0.000288,172.31.36.0-255,66,37409,12,344928
38966,0.000293,74.125.200.0-255,2902,40311,12,344928
38967,0.000295,172.31.36.0-255,66,40377,12,344928
38968,0.0003,74.125.200.0-255,5738,46115,12,344928
38969,0.000303,172.31.36.0-255,66,46181,12,344928
38970,0.000305,74.125.200.0-255,1484,47665,12,344928
38971,0.000314,172.31.36.0-255,66,47731,12,344928
38972,0.000337,74.125.200.0-255,1125,48856,12,344928
38973,0.000347,74.125.200.0-255,2902,51758,12,344928
38974,0.00035,172.31.36.0-255,66,51824,12,344928
38975,0.000353,74.125.200.0-255,1484,53308,12,344928
38976,0.000376,74.125.200.0-255,1484,54792,12,344928
38977,0.000379,172.31.36.0-255,66,54858,12,344928
38978,0.000385,74.125.200.0-255,4320,59178,12,344928
38979,0.000388,172.31.36.0-255,66,59244,12,344928
38980,0.00042,74.125.200.0-255,2902,62146,12,344928
38981,0.000424,172.31.36.0-255,66,62212,12,344928
38982,0.000449,74.125.200.0-255,4274,66486,12,344928
38983,0.000452,172.31.36.0-255,66,66552,12,344928
38984,0.000488,74.125.200.0-255,110,66662,12,344928
38985,0.00064,74.125.200.0-255,1484,68146,12,344928
38986,0.000643,172.31.36.0-255,66,68212,12,344928
38987,0.000693,74.125.200.0-255,1484,69696,12,344928
38988,0.000705,74.125.200.0-255,1484,71180,12,344928
38989,0.000708,172.31.36.0-255,66,71246,12,344928
38990,0.000712,74.125.200.0-255,1484,72730,12,344928
38991,0.000735,74.125.200.0-255,1484,74214,12,344928
38992,0.000739,172.31.36.0-255,66,74280,12,344928
38993,0.000744,74.125.200.0-255,2902,77182,12,344928
38994,0.000745,172.31.36.0-255,66,77248,12,344928
38995,0.000764,74.125.200.0-255,2902,80150,12,344928
38996,0.000772,172.31.36.0-255,66,80216,12,344928
38997,0.000797,74.125.200.0-255,1484,81700,12,344928
38998,0.000813,74.125.200.0-255,1484,83184,12,344928
38999,0.000816,172.31.36.0-255,66,83250,12,344928
39000,0.000845,74.125.200.0-255,2902,86152,12,344928
39001,0.000848,172.31.36.0-255,66,86218,12,344928
39002,0.00087,74.125.200.0-255,5738,91956,12,344928
39003,0.000873,172.31.36.0-255,66,92022,12,344928
39004,0.00088,74.125.200.0-255,7156,99178,12,344928
39005,0.000883,172.31.36.0-255,66,99244,12,344928
39006,0.000923,74.125.200.0-255,2184,101428,12,344928
39007,0.000926,172.31.36.0-255,66,101494,12,344928
39008,0.00123,74.125.200.0-255,331,101825,12,344928
39009,0.001263,172.31.36.0-255,66,101891,12,344928
39010,0.001338,74.125.200.0-255,1484,103375,12,344928
39011,0.001346,74.125.200.0-255,2902,106277,12,344928
39012,0.001351,172.31.36.0-255,66,106343,12,344928
39013,0.001358,74.125.200.0-255,5738,112081,12,344928
39014,0.001361,172.31.36.0-255,66,112147,12,344928
39015,0.001364,74.125.200.0-255,1484,113631,12,344928
39016,0.001393,74.125.200.0-255,2902,116533,12,344928
39017,0.001397,172.31.36.0-255,66,116599,12,344928
39018,0.001403,74.125.200.0-255,5738,122337,12,344928
39019,0.001406,172.31.36.0-255,66,122403,12,344928
39020,0.001439,74.125.200.0-255,7156,129559,12,344928
39021,0.001448,172.31.36.0-255,66,129625,12,344928
39022,0.001478,74.125.200.0-255,2902,132527,12,344928
39023,0.001481,172.31.36.0-255,66,132593,12,344928
39024,0.001487,74.125.200.0-255,3602,136195,12,344928
39025,0.00149,172.31.36.0-255,66,136261,12,344928
39026,0.001905,74.125.200.0-255,1484,137745,12,344928
39027,0.001915,74.125.200.0-255,2902,140647,12,344928
39028,0.00192,172.31.36.0-255,66,140713,12,344928
39029,0.001927,74.125.200.0-255,2902,143615,12,344928
39030,0.001929,172.31.36.0-255,66,143681,12,344928
39031,0.001959,74.125.200.0-255,4320,148001,12,344928
39032,0.001965,172.31.36.0-255,66,148067,12,344928
39033,0.001972,74.125.200.0-255,5738,153805,12,344928
39034,0.001974,172.31.36.0-255,66,153871,12,344928
39035,0.002,74.125.200.0-255,2902,156773,12,344928
39036,0.002003,172.31.36.0-255,66,156839,12,344928
39037,0.002007,74.125.200.0-255,4320,161159,12,344928
39038,0.002009,172.31.36.0-255,66,161225,12,344928
39039,0.002048,74.125.200.0-255,2902,164127,12,344928
39040,0.002051,172.31.36.0-255,66,164193,12,344928
39041,0.002084,74.125.200.0-255,6438,170631,12,344928
39042,0.002086,172.31.36.0-255,66,170697,12,344928
39043,0.002348,74.125.200.0-255,1484,172181,12,344928
39044,0.002363,74.125.200.0-255,2902,175083,12,344928
39045,0.002366,172.31.36.0-255,66,175149,12,344928
39046,0.002373,74.125.200.0-255,4320,179469,12,344928
39047,0.002374,172.31.36.0-255,66,179535,12,344928
39048,0.002396,74.125.200.0-255,1484,181019,12,344928
39049,0.002403,74.125.200.0-255,2902,183921,12,344928
39050,0.002405,172.31.36.0-255,66,183987,12,344928
39051,0.002408,74.125.200.0-255,1484,185471,12,344928
39052,0.002436,74.125.200.0-255,2902,188373,12,344928
39053,0.002439,172.31.36.0-255,66,188439,12,344928
39054,0.002442,74.125.200.0-255,1484,189923,12,344928
39055,0.002445,74.125.200.0-255,2902,192825,12,344928
39056,0.002447,172.31.36.0-255,66,192891,12,344928
39057,0.002476,74.125.200.0-255,5738,198629,12,344928
39058,0.002478,172.31.36.0-255,66,198695,12,344928
39059,0.002499,74.125.200.0-255,6438,205133,12,344928
39060,0.002502,172.31.36.0-255,66,205199,12,344928
39061,0.002529,74.125.200.0-255,7156,212355,12,344928
39062,0.002531,172.31.36.0-255,66,212421,12,344928
39063,0.005026,74.125.200.0-255,5738,218159,12,344928
39064,0.005031,172.31.36.0-255,66,218225,12,344928
39065,0.007565,74.125.200.0-255,5738,223963,12,344928
39066,0.007572,172.31.36.0-255,66,224029,12,344928
39067,0.010086,74.125.200.0-255,5738,229767,12,344928
39068,0.010096,172.31.36.0-255,66,229833,12,344928
39069,0.012626,74.125.200.0-255,5738,235571,12,344928
39070,0.012636,172.31.36.0-255,66,235637,12,344928
39071,0.01514,74.125.200.0-255,2902,238539,12,344928
39072,0.01515,172.31.36.0-255,66,238605,12,344928
39073,0.015183,74.125.200.0-255,2902,241507,12,344928
39074,0.015187,172.31.36.0-255,66,241573,12,344928
39075,0.017662,74.125.200.0-255,2902,244475,12,344928
39076,0.01767,172.31.36.0-255,66,244541,12,344928
39077,0.017701,74.125.200.0-255,2902,247443,12,344928
39078,0.017705,172.31.36.0-255,66,247509,12,344928
39079,0.020197,74.125.200.0-255,2902,250411,12,344928
39080,0.020204,172.31.36.0-255,66,250477,12,344928
39081,0.020233,74.125.200.0-255,2902,253379,12,344928
39082,0.020236,172.31.36.0-255,66,253445,12,344928
39083,0.022717,74.125.200.0-255,2902,256347,12,344928
39084,0.022725,172.31.36.0-255,66,256413,12,344928
39085,0.022755,74.125.200.0-255,2902,259315,12,344928
39086,0.022759,172.31.36.0-255,66,259381,12,344928
39087,0.02478,172.31.36.0-255,172,259553,12,344928
39088,0.024822,172.31.36.0-255,1107,260660,12,344928
39089,0.024894,172.31.36.0-255,1514,262174,12,344928
39090,0.024896,172.31.36.0-255,1300,263474,12,344928
39091,0.02534,74.125.200.0-255,5738,269212,12,344928
39092,0.025348,172.31.36.0-255,66,269278,12,344928
39093,0.026322,104.244.42.0-255,66,269344,12,344928
39094,0.026367,104.244.42.0-255,66,269410,12,344928
39095,0.026461,104.244.42.0-255,66,269476,12,344928
39096,0.027872,74.125.200.0-255,5738,275214,12,344928
39097,0.027879,172.31.36.0-255,66,275280,12,344928
39098,0.0304,74.125.200.0-255,5738,281018,12,344928
39099,0.030408,172.31.36.0-255,66,281084,12,344928
39100,0.032937,74.125.200.0-255,5738,286822,12,344928
39101,0.032944,172.31.36.0-255,66,286888,12,344928
39102,0.035466,74.125.200.0-255,5738,292626,12,344928
39103,0.035473,172.31.36.0-255,66,292692,12,344928
39104,0.037997,74.125.200.0-255,5738,298430,12,344928
39105,0.038004,172.31.36.0-255,66,298496,12,344928
39106,0.040526,74.125.200.0-255,5738,304234,12,344928
39107,0.040535,172.31.36.0-255,66,304300,12,344928
39108,0.043069,74.125.200.0-255,5738,310038,12,344928
39109,0.043075,172.31.36.0-255,66,310104,12,344928
39110,0.045592,74.125.200.0-255,5738,315842,12,344928
39111,0.045599,172.31.36.0-255,66,315908,12,344928
39112,0.048174,74.125.200.0-255,5738,321646,12,344928
39113,0.048181,172.31.36.0-255,66,321712,12,344928
39114,0.05071,74.125.200.0-255,5738,327450,12,344928
39115,0.050716,172.31.36.0-255,66,327516,12,344928
39116,0.053236,74.125.200.0-255,5738,333254,12,344928
39117,0.053242,172.31.36.0-255,66,333320,12,344928
39118,0.055874,74.125.200.0-255,5738,339058,12,344928
39119,0.055881,172.31.36.0-255,66,339124,12,344928
39120,0.058397,74.125.200.0-255,5738,344862,12,344928
39121,0.058403,172.31.36.0-255,66,344928,12,344928
39122,0.0,172.217.194.0-255,153,153,12,185815
39123,3.5e-05,172.31.36.0-255,66,219,12,185815
39124,4.2e-05,172.217.194.0-255,1484,1703,12,185815
39125,4.8e-05,172.31.36.0-255,66,1769,12,185815
39126,6.1e-05,172.217.194.0-255,2902,4671,12,185815
39127,6.4e-05,172.31.36.0-255,66,4737,12,185815
39128,7.1e-05,172.217.194.0-255,7156,11893,12,185815
39129,7.4e-05,172.31.36.0-255,66,11959,12,185815
39130,8.4e-05,172.31.36.0-255,66,12025,12,185815
39131,0.000125,172.31.36.0-255,66,12091,12,185815
39132,0.00015,172.217.194.0-255,1484,13575,12,185815
39133,0.000152,172.31.36.0-255,66,13641,12,185815
39134,0.000157,172.217.194.0-255,2902,16543,12,185815
39135,0.000159,172.31.36.0-255,66,16609,12,185815
39136,0.000195,172.217.194.0-255,5738,22347,12,185815
39137,0.000199,172.31.36.0-255,66,22413,12,185815
39138,0.000206,172.217.194.0-255,7156,29569,12,185815
39139,0.000208,172.31.36.0-255,66,29635,12,185815
39140,0.000244,172.217.194.0-255,6797,36432,12,185815
39141,0.000248,172.31.36.0-255,66,36498,12,185815
39142,0.000251,172.217.194.0-255,1484,37982,12,185815
39143,0.000254,172.31.36.0-255,66,38048,12,185815
39144,0.000261,172.217.194.0-255,5738,43786,12,185815
39145,0.000269,172.31.36.0-255,66,43852,12,185815
39146,0.000294,172.217.194.0-255,2835,46687,12,185815
39147,0.000304,172.31.36.0-255,66,46753,12,185815
39148,0.000698,172.217.194.0-255,363,47116,12,185815
39149,0.000704,172.31.36.0-255,66,47182,12,185815
39150,0.000804,172.217.194.0-255,1484,48666,12,185815
39151,0.000808,172.31.36.0-255,66,48732,12,185815
39152,0.000814,172.217.194.0-255,2902,51634,12,185815
39153,0.000816,172.31.36.0-255,66,51700,12,185815
39154,0.000828,172.217.194.0-255,5738,57438,12,185815
39155,0.000831,172.31.36.0-255,66,57504,12,185815
39156,0.000874,172.31.36.0-255,66,57570,12,185815
39157,0.000892,172.31.36.0-255,66,57636,12,185815
39158,0.001417,172.217.194.0-255,1484,59120,12,185815
39159,0.001429,172.217.194.0-255,2902,62022,12,185815
39160,0.001434,172.31.36.0-255,66,62088,12,185815
39161,0.001442,172.217.194.0-255,5738,67826,12,185815
39162,0.001444,172.31.36.0-255,66,67892,12,185815
39163,0.001455,172.217.194.0-255,2902,70794,12,185815
39164,0.001458,172.31.36.0-255,66,70860,12,185815
39165,0.001492,172.31.36.0-255,66,70926,12,185815
39166,0.001505,172.31.36.0-255,66,70992,12,185815
39167,0.001549,172.217.194.0-255,5738,76730,12,185815
39168,0.001553,172.31.36.0-255,66,76796,12,185815
39169,0.00156,172.217.194.0-255,7156,83952,12,185815
39170,0.001562,172.31.36.0-255,66,84018,12,185815
39171,0.001615,172.31.36.0-255,66,84084,12,185815
39172,0.001647,172.217.194.0-255,2902,86986,12,185815
39173,0.001656,172.31.36.0-255,66,87052,12,185815
39174,0.001662,172.217.194.0-255,4320,91372,12,185815
39175,0.001664,172.31.36.0-255,66,91438,12,185815
39176,0.001668,172.217.194.0-255,2184,93622,12,185815
39177,0.001671,172.31.36.0-255,66,93688,12,185815
39178,0.001701,172.217.194.0-255,1484,95172,12,185815
39179,0.001705,172.217.194.0-255,1484,96656,12,185815
39180,0.001708,172.31.36.0-255,66,96722,12,185815
39181,0.001735,172.217.194.0-255,1484,98206,12,185815
39182,0.001742,172.217.194.0-255,5738,103944,12,185815
39183,0.001745,172.31.36.0-255,66,104010,12,185815
39184,0.001753,172.217.194.0-255,7156,111166,12,185815
39185,0.001756,172.31.36.0-255,66,111232,12,185815
39186,0.00177,172.31.36.0-255,66,111298,12,185815
39187,0.001776,172.217.194.0-255,2184,113482,12,185815
39188,0.001778,172.31.36.0-255,66,113548,12,185815
39189,0.001876,172.217.194.0-255,1484,115032,12,185815
39190,0.001883,172.217.194.0-255,2902,117934,12,185815
39191,0.001886,172.31.36.0-255,66,118000,12,185815
39192,0.001891,172.217.194.0-255,2902,120902,12,185815
39193,0.001893,172.31.36.0-255,66,120968,12,185815
39194,0.001916,172.217.194.0-255,2902,123870,12,185815
39195,0.001918,172.31.36.0-255,66,123936,12,185815
39196,0.001924,172.217.194.0-255,5738,129674,12,185815
39197,0.001931,172.31.36.0-255,66,129740,12,185815
39198,0.001966,172.217.194.0-255,7156,136896,12,185815
39199,0.00197,172.31.36.0-255,66,136962,12,185815
39200,0.001985,172.31.36.0-255,66,137028,12,185815
39201,0.002014,172.217.194.0-255,1484,138512,12,185815
39202,0.002018,172.217.194.0-255,2902,141414,12,185815
39203,0.00202,172.31.36.0-255,66,141480,12,185815
39204,0.002027,172.217.194.0-255,5738,147218,12,185815
39205,0.00203,172.31.36.0-255,66,147284,12,185815
39206,0.002065,172.31.36.0-255,66,147350,12,185815
39207,0.002072,172.217.194.0-255,7156,154506,12,185815
39208,0.002074,172.31.36.0-255,66,154572,12,185815
39209,0.002116,172.31.36.0-255,66,154638,12,185815
39210,0.002121,172.217.194.0-255,4320,158958,12,185815
39211,0.002123,172.31.36.0-255,66,159024,12,185815
39212,0.002165,172.31.36.0-255,66,159090,12,185815
39213,0.002189,172.31.36.0-255,66,159156,12,185815
39214,0.002215,172.217.194.0-255,6438,165594,12,185815
39215,0.002218,172.31.36.0-255,66,165660,12,185815
39216,0.002276,172.31.36.0-255,66,165726,12,185815
39217,0.002336,172.217.194.0-255,1484,167210,12,185815
39218,0.002354,172.31.36.0-255,66,167276,12,185815
39219,0.004594,172.217.194.0-255,5738,173014,12,185815
39220,0.0046,172.31.36.0-255,66,173080,12,185815
39221,0.006817,172.217.194.0-255,5738,178818,12,185815
39222,0.006824,172.31.36.0-255,66,178884,12,185815
39223,0.009065,172.217.194.0-255,2399,181283,12,185815
39224,0.009072,172.31.36.0-255,66,181349,12,185815
39225,0.009254,172.31.36.0-255,105,181454,12,185815
39226,0.011436,172.217.194.0-255,66,181520,12,185815
39227,0.025778,172.31.36.0-255,176,181696,12,185815
39228,0.025837,172.31.36.0-255,1109,182805,12,185815
39229,0.025914,172.31.36.0-255,1514,184319,12,185815
39230,0.025916,172.31.36.0-255,1298,185617,12,185815
39231,0.027311,104.244.42.0-255,66,185683,12,185815
39232,0.027376,104.244.42.0-255,66,185749,12,185815
39233,0.027452,104.244.42.0-255,66,185815,12,185815
39234,0.0,74.125.24.0-255,146,146,12,251231
39235,3.2e-05,172.31.36.0-255,66,212,12,251231
39236,3.9e-05,74.125.24.0-255,1484,1696,12,251231
39237,4.2e-05,172.31.36.0-255,66,1762,12,251231
39238,4.8e-05,74.125.24.0-255,2902,4664,12,251231
39239,5e-05,172.31.36.0-255,66,4730,12,251231
39240,5.3e-05,74.125.24.0-255,1484,6214,12,251231
39241,5.7e-05,172.31.36.0-255,66,6280,12,251231
39242,8.8e-05,74.125.24.0-255,5738,12018,12,251231
39243,9.1e-05,172.31.36.0-255,66,12084,12,251231
39244,9.6e-05,74.125.24.0-255,2074,14158,12,251231
39245,9.8e-05,172.31.36.0-255,66,14224,12,251231
39246,0.000161,74.125.24.0-255,1484,15708,12,251231
39247,0.000166,172.31.36.0-255,66,15774,12,251231
39248,0.000181,74.125.24.0-255,2902,18676,12,251231
39249,0.000184,172.31.36.0-255,66,18742,12,251231
39250,0.000191,74.125.24.0-255,5738,24480,12,251231
39251,0.000193,172.31.36.0-255,66,24546,12,251231
39252,0.000222,74.125.24.0-255,6797,31343,12,251231
39253,0.000225,172.31.36.0-255,66,31409,12,251231
39254,0.000401,74.125.24.0-255,1484,32893,12,251231
39255,0.000406,172.31.36.0-255,66,32959,12,251231
39256,0.000428,74.125.24.0-255,2902,35861,12,251231
39257,0.000431,172.31.36.0-255,66,35927,12,251231
39258,0.000455,74.125.24.0-255,4320,40247,12,251231
39259,0.000458,172.31.36.0-255,66,40313,12,251231
39260,0.000475,74.125.24.0-255,7156,47469,12,251231
39261,0.000479,172.31.36.0-255,66,47535,12,251231
39262,0.000505,74.125.24.0-255,2543,50078,12,251231
39263,0.000508,172.31.36.0-255,66,50144,12,251231
39264,0.000514,74.125.24.0-255,5738,55882,12,251231
39265,0.000516,172.31.36.0-255,66,55948,12,251231
39266,0.000543,74.125.24.0-255,2902,58850,12,251231
39267,0.000547,172.31.36.0-255,66,58916,12,251231
39268,0.000572,74.125.24.0-255,6797,65713,12,251231
39269,0.000575,172.31.36.0-255,66,65779,12,251231
39270,0.000579,74.125.24.0-255,365,66144,12,251231
39271,0.000667,74.125.24.0-255,377,66521,12,251231
39272,0.000835,172.31.36.0-255,66,66587,12,251231
39273,0.001161,74.125.24.0-255,1484,68071,12,251231
39274,0.001173,74.125.24.0-255,2902,70973,12,251231
39275,0.001178,172.31.36.0-255,66,71039,12,251231
39276,0.001207,74.125.24.0-255,5738,76777,12,251231
39277,0.00121,172.31.36.0-255,66,76843,12,251231
39278,0.001216,74.125.24.0-255,2902,79745,12,251231
39279,0.001218,172.31.36.0-255,66,79811,12,251231
39280,0.001246,74.125.24.0-255,7156,86967,12,251231
39281,0.00125,172.31.36.0-255,66,87033,12,251231
39282,0.001267,74.125.24.0-255,5738,92771,12,251231
39283,0.00127,172.31.36.0-255,66,92837,12,251231
39284,0.001306,172.31.36.0-255,66,92903,12,251231
39285,0.001707,74.125.24.0-255,1484,94387,12,251231
39286,0.001717,74.125.24.0-255,2902,97289,12,251231
39287,0.001721,172.31.36.0-255,66,97355,12,251231
39288,0.001728,74.125.24.0-255,5738,103093,12,251231
39289,0.00173,172.31.36.0-255,66,103159,12,251231
39290,0.001785,172.31.36.0-255,66,103225,12,251231
39291,0.00179,74.125.24.0-255,2902,106127,12,251231
39292,0.001792,172.31.36.0-255,66,106193,12,251231
39293,0.001815,172.31.36.0-255,66,106259,12,251231
39294,0.004171,74.125.24.0-255,5738,111997,12,251231
39295,0.004176,172.31.36.0-255,66,112063,12,251231
39296,0.006509,74.125.24.0-255,5738,117801,12,251231
39297,0.006516,172.31.36.0-255,66,117867,12,251231
39298,0.008837,74.125.24.0-255,5738,123605,12,251231
39299,0.008844,172.31.36.0-255,66,123671,12,251231
39300,0.011155,74.125.24.0-255,5738,129409,12,251231
39301,0.011163,172.31.36.0-255,66,129475,12,251231
39302,0.013513,74.125.24.0-255,5738,135213,12,251231
39303,0.013524,172.31.36.0-255,66,135279,12,251231
39304,0.015867,74.125.24.0-255,5738,141017,12,251231
39305,0.015876,172.31.36.0-255,66,141083,12,251231
39306,0.018231,74.125.24.0-255,5738,146821,12,251231
39307,0.018239,172.31.36.0-255,66,146887,12,251231
39308,0.020586,74.125.24.0-255,5738,152625,12,251231
39309,0.020595,172.31.36.0-255,66,152691,12,251231
39310,0.022923,74.125.24.0-255,5738,158429,12,251231
39311,0.022931,172.31.36.0-255,66,158495,12,251231
39312,0.025225,172.31.36.0-255,172,158667,12,251231
39313,0.025278,74.125.24.0-255,5738,164405,12,251231
39314,0.025284,172.31.36.0-255,66,164471,12,251231
39315,0.025323,172.31.36.0-255,1108,165579,12,251231
39316,0.025415,172.31.36.0-255,1514,167093,12,251231
39317,0.025417,172.31.36.0-255,1514,168607,12,251231
39318,0.025418,172.31.36.0-255,708,169315,12,251231
39319,0.026793,104.244.42.0-255,66,169381,12,251231
39320,0.026881,104.244.42.0-255,66,169447,12,251231
39321,0.026986,104.244.42.0-255,66,169513,12,251231
39322,0.026989,104.244.42.0-255,66,169579,12,251231
39323,0.027624,74.125.24.0-255,5738,175317,12,251231
39324,0.027648,172.31.36.0-255,66,175383,12,251231
39325,0.029956,74.125.24.0-255,5738,181121,12,251231
39326,0.029962,172.31.36.0-255,66,181187,12,251231
39327,0.032304,74.125.24.0-255,5738,186925,12,251231
39328,0.03231,172.31.36.0-255,66,186991,12,251231
39329,0.03465,74.125.24.0-255,5738,192729,12,251231
39330,0.034656,172.31.36.0-255,66,192795,12,251231
39331,0.037007,74.125.24.0-255,5738,198533,12,251231
39332,0.037012,172.31.36.0-255,66,198599,12,251231
39333,0.039349,74.125.24.0-255,5738,204337,12,251231
39334,0.039354,172.31.36.0-255,66,204403,12,251231
39335,0.041695,74.125.24.0-255,5738,210141,12,251231
39336,0.041714,172.31.36.0-255,66,210207,12,251231
39337,0.044067,74.125.24.0-255,5738,215945,12,251231
39338,0.044073,172.31.36.0-255,66,216011,12,251231
39339,0.04644,74.125.24.0-255,5738,221749,12,251231
39340,0.046446,172.31.36.0-255,66,221815,12,251231
39341,0.048783,74.125.24.0-255,5738,227553,12,251231
39342,0.04879,172.31.36.0-255,66,227619,12,251231
39343,0.051124,74.125.24.0-255,5738,233357,12,251231
39344,0.051129,172.31.36.0-255,66,233423,12,251231
39345,0.053475,74.125.24.0-255,2902,236325,12,251231
39346,0.05348,172.31.36.0-255,66,236391,12,251231
39347,0.053511,74.125.24.0-255,2902,239293,12,251231
39348,0.053514,172.31.36.0-255,66,239359,12,251231
39349,0.055804,74.125.24.0-255,2902,242261,12,251231
39350,0.05581,172.31.36.0-255,66,242327,12,251231
39351,0.055839,74.125.24.0-255,2902,245229,12,251231
39352,0.055842,172.31.36.0-255,66,245295,12,251231
39353,0.058136,74.125.24.0-255,2902,248197,12,251231
39354,0.058141,172.31.36.0-255,66,248263,12,251231
39355,0.058176,74.125.24.0-255,2902,251165,12,251231
39356,0.058179,172.31.36.0-255,66,251231,12,251231
39357,0.0,74.125.68.0-255,152,152,12,183502
39358,4.6e-05,172.31.36.0-255,66,218,12,183502
39359,5.5e-05,74.125.68.0-255,1484,1702,12,183502
39360,5.9e-05,172.31.36.0-255,66,1768,12,183502
39361,7.2e-05,74.125.68.0-255,2902,4670,12,183502
39362,7.4e-05,172.31.36.0-255,66,4736,12,183502
39363,0.000102,74.125.68.0-255,1484,6220,12,183502
39364,0.000104,172.31.36.0-255,66,6286,12,183502
39365,0.00014,74.125.68.0-255,5738,12024,12,183502
39366,0.000143,172.31.36.0-255,66,12090,12,183502
39367,0.000315,74.125.68.0-255,1975,14065,12,183502
39368,0.00032,172.31.36.0-255,66,14131,12,183502
39369,0.000358,74.125.68.0-255,1484,15615,12,183502
39370,0.000362,172.31.36.0-255,66,15681,12,183502
39371,0.000402,172.31.36.0-255,66,15747,12,183502
39372,0.0007,74.125.68.0-255,5379,21126,12,183502
39373,0.000704,172.31.36.0-255,66,21192,12,183502
39374,0.000868,172.31.36.0-255,66,21258,12,183502
39375,0.000911,172.31.36.0-255,66,21324,12,183502
39376,0.001515,172.31.36.0-255,66,21390,12,183502
39377,0.001547,74.125.68.0-255,3165,24555,12,183502
39378,0.00155,172.31.36.0-255,66,24621,12,183502
39379,0.001832,74.125.68.0-255,1484,26105,12,183502
39380,0.001836,172.31.36.0-255,66,26171,12,183502
39381,0.001873,172.31.36.0-255,66,26237,12,183502
39382,0.001908,172.31.36.0-255,66,26303,12,183502
39383,0.002713,74.125.68.0-255,4320,30623,12,183502
39384,0.002717,172.31.36.0-255,66,30689,12,183502
39385,0.002778,172.31.36.0-255,66,30755,12,183502
39386,0.003282,74.125.68.0-255,7156,37911,12,183502
39387,0.003286,172.31.36.0-255,66,37977,12,183502
39388,0.003343,74.125.68.0-255,4320,42297,12,183502
39389,0.003347,172.31.36.0-255,66,42363,12,183502
39390,0.003351,172.31.36.0-255,66,42429,12,183502
39391,0.005579,74.125.68.0-255,4320,46749,12,183502
39392,0.00559,172.31.36.0-255,66,46815,12,183502
39393,0.005622,74.125.68.0-255,1484,48299,12,183502
39394,0.00785,74.125.68.0-255,4320,52619,12,183502
39395,0.007868,172.31.36.0-255,66,52685,12,183502
39396,0.010125,74.125.68.0-255,5738,58423,12,183502
39397,0.010216,172.31.36.0-255,66,58489,12,183502
39398,0.0125,74.125.68.0-255,5738,64227,12,183502
39399,0.012516,172.31.36.0-255,66,64293,12,183502
39400,0.014777,74.125.68.0-255,5738,70031,12,183502
39401,0.014792,172.31.36.0-255,66,70097,12,183502
39402,0.017045,74.125.68.0-255,5738,75835,12,183502
39403,0.017057,172.31.36.0-255,66,75901,12,183502
39404,0.019327,74.125.68.0-255,5738,81639,12,183502
39405,0.01934,172.31.36.0-255,66,81705,12,183502
39406,0.021588,74.125.68.0-255,5738,87443,12,183502
39407,0.021602,172.31.36.0-255,66,87509,12,183502
39408,0.023862,74.125.68.0-255,5738,93247,12,183502
39409,0.023879,172.31.36.0-255,66,93313,12,183502
39410,0.026141,74.125.68.0-255,5738,99051,12,183502
39411,0.026157,172.31.36.0-255,66,99117,12,183502
39412,0.028404,74.125.68.0-255,5738,104855,12,183502
39413,0.028415,172.31.36.0-255,66,104921,12,183502
39414,0.029094,172.31.36.0-255,188,105109,12,183502
39415,0.029142,172.31.36.0-255,952,106061,12,183502
39416,0.029222,172.31.36.0-255,1514,107575,12,183502
39417,0.029224,172.31.36.0-255,1455,109030,12,183502
39418,0.030644,104.244.42.0-255,66,109096,12,183502
39419,0.030661,74.125.68.0-255,5738,114834,12,183502
39420,0.030668,172.31.36.0-255,66,114900,12,183502
39421,0.030702,104.244.42.0-255,66,114966,12,183502
39422,0.03083,104.244.42.0-255,66,115032,12,183502
39423,0.031556,104.244.42.0-255,108,115140,12,183502
39424,0.031566,172.31.36.0-255,66,115206,12,183502
39425,0.03293,74.125.68.0-255,5738,120944,12,183502
39426,0.032938,172.31.36.0-255,66,121010,12,183502
39427,0.035195,74.125.68.0-255,5738,126748,12,183502
39428,0.035215,172.31.36.0-255,66,126814,12,183502
39429,0.037463,74.125.68.0-255,5738,132552,12,183502
39430,0.037477,172.31.36.0-255,66,132618,12,183502
39431,0.039714,74.125.68.0-255,5738,138356,12,183502
39432,0.039722,172.31.36.0-255,66,138422,12,183502
39433,0.041961,74.125.68.0-255,4320,142742,12,183502
39434,0.041972,172.31.36.0-255,66,142808,12,183502
39435,0.042006,74.125.68.0-255,1484,144292,12,183502
39436,0.044246,74.125.68.0-255,4320,148612,12,183502
39437,0.044264,172.31.36.0-255,66,148678,12,183502
39438,0.046515,74.125.68.0-255,5738,154416,12,183502
39439,0.04658,172.31.36.0-255,66,154482,12,183502
39440,0.048832,74.125.68.0-255,5738,160220,12,183502
39441,0.048847,172.31.36.0-255,66,160286,12,183502
39442,0.051113,74.125.68.0-255,5738,166024,12,183502
39443,0.05113,172.31.36.0-255,66,166090,12,183502
39444,0.05339,74.125.68.0-255,5738,171828,12,183502
39445,0.053406,172.31.36.0-255,66,171894,12,183502
39446,0.055669,74.125.68.0-255,5738,177632,12,183502
39447,0.055685,172.31.36.0-255,66,177698,12,183502
39448,0.057984,74.125.68.0-255,5738,183436,12,183502
39449,0.058002,172.31.36.0-255,66,183502,12,183502
39450,0.0,74.125.24.0-255,150,150,12,253203
39451,2.9e-05,172.31.36.0-255,66,216,12,253203
39452,3.6e-05,74.125.24.0-255,1484,1700,12,253203
39453,4e-05,172.31.36.0-255,66,1766,12,253203
39454,4.5e-05,74.125.24.0-255,2902,4668,12,253203
39455,4.7e-05,172.31.36.0-255,66,4734,12,253203
39456,5.4e-05,74.125.24.0-255,4320,9054,12,253203
39457,5.6e-05,172.31.36.0-255,66,9120,12,253203
39458,9.6e-05,74.125.24.0-255,2902,12022,12,253203
39459,9.9e-05,172.31.36.0-255,66,12088,12,253203
39460,0.000113,74.125.24.0-255,2024,14112,12,253203
39461,0.000115,172.31.36.0-255,66,14178,12,253203
39462,0.000146,74.125.24.0-255,5738,19916,12,253203
39463,0.000149,172.31.36.0-255,66,19982,12,253203
39464,0.000201,74.125.24.0-255,4320,24302,12,253203
39465,0.000205,172.31.36.0-255,66,24368,12,253203
39466,0.00022,74.125.24.0-255,4320,28688,12,253203
39467,0.000222,172.31.36.0-255,66,28754,12,253203
39468,0.000289,74.125.24.0-255,2543,31297,12,253203
39469,0.000294,172.31.36.0-255,66,31363,12,253203
39470,0.000619,74.125.24.0-255,1484,32847,12,253203
39471,0.000624,172.31.36.0-255,66,32913,12,253203
39472,0.000634,74.125.24.0-255,2902,35815,12,253203
39473,0.000636,172.31.36.0-255,66,35881,12,253203
39474,0.000641,74.125.24.0-255,2902,38783,12,253203
39475,0.000643,172.31.36.0-255,66,38849,12,253203
39476,0.000678,74.125.24.0-255,4320,43169,12,253203
39477,0.000682,172.31.36.0-255,66,43235,12,253203
39478,0.00072,74.125.24.0-255,5738,48973,12,253203
39479,0.000724,172.31.36.0-255,66,49039,12,253203
39480,0.000746,74.125.24.0-255,3961,53000,12,253203
39481,0.000749,172.31.36.0-255,66,53066,12,253203
39482,0.000846,172.31.36.0-255,66,53132,12,253203
39483,0.001179,74.125.24.0-255,648,53780,12,253203
39484,0.00121,172.31.36.0-255,66,53846,12,253203
39485,0.001332,74.125.24.0-255,1484,55330,12,253203
39486,0.001338,74.125.24.0-255,1484,56814,12,253203
39487,0.00134,172.31.36.0-255,66,56880,12,253203
39488,0.001359,74.125.24.0-255,1484,58364,12,253203
39489,0.001364,74.125.24.0-255,2902,61266,12,253203
39490,0.001365,172.31.36.0-255,66,61332,12,253203
39491,0.001384,74.125.24.0-255,2902,64234,12,253203
39492,0.001386,172.31.36.0-255,66,64300,12,253203
39493,0.001422,74.125.24.0-255,5738,70038,12,253203
39494,0.001425,172.31.36.0-255,66,70104,12,253203
39495,0.001448,74.125.24.0-255,7156,77260,12,253203
39496,0.001451,172.31.36.0-255,66,77326,12,253203
39497,0.001556,74.125.24.0-255,7156,84482,12,253203
39498,0.00156,172.31.36.0-255,66,84548,12,253203
39499,0.001576,74.125.24.0-255,3602,88150,12,253203
39500,0.001579,172.31.36.0-255,66,88216,12,253203
39501,0.001695,74.125.24.0-255,1484,89700,12,253203
39502,0.0017,74.125.24.0-255,2902,92602,12,253203
39503,0.001702,172.31.36.0-255,66,92668,12,253203
39504,0.001722,74.125.24.0-255,5738,98406,12,253203
39505,0.001724,172.31.36.0-255,66,98472,12,253203
39506,0.001795,74.125.24.0-255,4320,102792,12,253203
39507,0.001799,172.31.36.0-255,66,102858,12,253203
39508,0.001829,172.31.36.0-255,66,102924,12,253203
39509,0.001915,74.125.24.0-255,5738,108662,12,253203
39510,0.00192,172.31.36.0-255,66,108728,12,253203
39511,0.001973,74.125.24.0-255,5020,113748,12,253203
39512,0.001976,172.31.36.0-255,66,113814,12,253203
39513,0.004341,74.125.24.0-255,5738,119552,12,253203
39514,0.004346,172.31.36.0-255,66,119618,12,253203
39515,0.006706,74.125.24.0-255,5738,125356,12,253203
39516,0.006712,172.31.36.0-255,66,125422,12,253203
39517,0.009045,74.125.24.0-255,5738,131160,12,253203
39518,0.009054,172.31.36.0-255,66,131226,12,253203
39519,0.011605,74.125.24.0-255,5738,136964,12,253203
39520,0.011657,172.31.36.0-255,66,137030,12,253203
39521,0.013998,74.125.24.0-255,5738,142768,12,253203
39522,0.014005,172.31.36.0-255,66,142834,12,253203
39523,0.016369,74.125.24.0-255,5738,148572,12,253203
39524,0.016377,172.31.36.0-255,66,148638,12,253203
39525,0.018746,74.125.24.0-255,5738,154376,12,253203
39526,0.018756,172.31.36.0-255,66,154442,12,253203
39527,0.021111,74.125.24.0-255,5738,160180,12,253203
39528,0.021118,172.31.36.0-255,66,160246,12,253203
39529,0.023477,74.125.24.0-255,5738,165984,12,253203
39530,0.023486,172.31.36.0-255,66,166050,12,253203
39531,0.025836,74.125.24.0-255,5738,171788,12,253203
39532,0.025844,172.31.36.0-255,66,171854,12,253203
39533,0.027559,172.31.36.0-255,188,172042,12,253203
39534,0.027604,172.31.36.0-255,952,172994,12,253203
39535,0.027686,172.31.36.0-255,733,173727,12,253203
39536,0.028187,74.125.24.0-255,5738,179465,12,253203
39537,0.028193,172.31.36.0-255,66,179531,12,253203
39538,0.029178,104.244.42.0-255,66,179597,12,253203
39539,0.029185,104.244.42.0-255,66,179663,12,253203
39540,0.029262,104.244.42.0-255,66,179729,12,253203
39541,0.030558,74.125.24.0-255,4320,184049,12,253203
39542,0.030562,172.31.36.0-255,66,184115,12,253203
39543,0.030592,74.125.24.0-255,1484,185599,12,253203
39544,0.032922,74.125.24.0-255,4320,189919,12,253203
39545,0.032927,172.31.36.0-255,66,189985,12,253203
39546,0.035259,74.125.24.0-255,5738,195723,12,253203
39547,0.035264,172.31.36.0-255,66,195789,12,253203
39548,0.037626,74.125.24.0-255,5738,201527,12,253203
39549,0.037631,172.31.36.0-255,66,201593,12,253203
39550,0.039991,74.125.24.0-255,5738,207331,12,253203
39551,0.039997,172.31.36.0-255,66,207397,12,253203
39552,0.042356,74.125.24.0-255,5738,213135,12,253203
39553,0.042363,172.31.36.0-255,66,213201,12,253203
39554,0.044713,74.125.24.0-255,4320,217521,12,253203
39555,0.044718,172.31.36.0-255,66,217587,12,253203
39556,0.044746,74.125.24.0-255,1484,219071,12,253203
39557,0.04706,74.125.24.0-255,1484,220555,12,253203
39558,0.047064,172.31.36.0-255,66,220621,12,253203
39559,0.047092,74.125.24.0-255,2902,223523,12,253203
39560,0.047095,172.31.36.0-255,66,223589,12,253203
39561,0.049423,74.125.24.0-255,5738,229327,12,253203
39562,0.049428,172.31.36.0-255,66,229393,12,253203
39563,0.051794,74.125.24.0-255,2902,232295,12,253203
39564,0.0518,172.31.36.0-255,66,232361,12,253203
39565,0.051819,74.125.24.0-255,2902,235263,12,253203
39566,0.051821,172.31.36.0-255,66,235329,12,253203
39567,0.054124,74.125.24.0-255,2902,238231,12,253203
39568,0.054129,172.31.36.0-255,66,238297,12,253203
39569,0.054163,74.125.24.0-255,2902,241199,12,253203
39570,0.054167,172.31.36.0-255,66,241265,12,253203
39571,0.056498,74.125.24.0-255,2902,244167,12,253203
39572,0.056503,172.31.36.0-255,66,244233,12,253203
39573,0.056562,74.125.24.0-255,2902,247135,12,253203
39574,0.056566,172.31.36.0-255,66,247201,12,253203
39575,0.058855,74.125.24.0-255,2902,250103,12,253203
39576,0.058862,172.31.36.0-255,66,250169,12,253203
39577,0.058881,74.125.24.0-255,1484,251653,12,253203
39578,0.058892,74.125.24.0-255,1484,253137,12,253203
39579,0.058895,172.31.36.0-255,66,253203,12,253203
39580,0.0,216.58.221.0-255,288,288,12,279421
39581,3.3e-05,172.31.36.0-255,66,354,12,279421
39582,3.8e-05,216.58.221.0-255,1484,1838,12,279421
39583,4.3e-05,172.31.36.0-255,66,1904,12,279421
39584,5e-05,216.58.221.0-255,4320,6224,12,279421
39585,6e-05,172.31.36.0-255,66,6290,12,279421
39586,7.3e-05,172.31.36.0-255,66,6356,12,279421
39587,7.8e-05,216.58.221.0-255,2902,9258,12,279421
39588,8.1e-05,172.31.36.0-255,66,9324,12,279421
39589,0.000104,216.58.221.0-255,7156,16480,12,279421
39590,0.000107,172.31.36.0-255,66,16546,12,279421
39591,0.000113,216.58.221.0-255,4320,20866,12,279421
39592,0.000115,172.31.36.0-255,66,20932,12,279421
39593,0.000142,216.58.221.0-255,1125,22057,12,279421
39594,0.000145,172.31.36.0-255,66,22123,12,279421
39595,0.000171,216.58.221.0-255,1484,23607,12,279421
39596,0.000174,172.31.36.0-255,66,23673,12,279421
39597,0.000179,216.58.221.0-255,2902,26575,12,279421
39598,0.000181,172.31.36.0-255,66,26641,12,279421
39599,0.000187,216.58.221.0-255,2902,29543,12,279421
39600,0.00019,172.31.36.0-255,66,29609,12,279421
39601,0.000214,216.58.221.0-255,2902,32511,12,279421
39602,0.000218,172.31.36.0-255,66,32577,12,279421
39603,0.000225,216.58.221.0-255,5738,38315,12,279421
39604,0.000228,172.31.36.0-255,66,38381,12,279421
39605,0.000234,216.58.221.0-255,7156,45537,12,279421
39606,0.000237,172.31.36.0-255,66,45603,12,279421
39607,0.000284,216.58.221.0-255,7156,52759,12,279421
39608,0.000287,172.31.36.0-255,66,52825,12,279421
39609,0.000313,216.58.221.0-255,3928,56753,12,279421
39610,0.000317,172.31.36.0-255,66,56819,12,279421
39611,0.000988,216.58.221.0-255,115,56934,12,279421
39612,0.001185,216.58.221.0-255,1484,58418,12,279421
39613,0.001192,172.31.36.0-255,66,58484,12,279421
39614,0.001199,216.58.221.0-255,2902,61386,12,279421
39615,0.001201,172.31.36.0-255,66,61452,12,279421
39616,0.001214,216.58.221.0-255,5738,67190,12,279421
39617,0.001216,172.31.36.0-255,66,67256,12,279421
39618,0.001223,216.58.221.0-255,7156,74412,12,279421
39619,0.001226,172.31.36.0-255,66,74478,12,279421
39620,0.001262,172.31.36.0-255,66,74544,12,279421
39621,0.001295,216.58.221.0-255,2184,76728,12,279421
39622,0.001298,172.31.36.0-255,66,76794,12,279421
39623,0.001838,216.58.221.0-255,1484,78278,12,279421
39624,0.001846,216.58.221.0-255,2902,81180,12,279421
39625,0.00185,172.31.36.0-255,66,81246,12,279421
39626,0.001857,216.58.221.0-255,5738,86984,12,279421
39627,0.001859,172.31.36.0-255,66,87050,12,279421
39628,0.00187,216.58.221.0-255,4320,91370,12,279421
39629,0.001872,172.31.36.0-255,66,91436,12,279421
39630,0.001906,216.58.221.0-255,5738,97174,12,279421
39631,0.001908,172.31.36.0-255,66,97240,12,279421
39632,0.001921,172.31.36.0-255,66,97306,12,279421
39633,0.001974,216.58.221.0-255,2184,99490,12,279421
39634,0.001977,172.31.36.0-255,66,99556,12,279421
39635,0.003835,216.58.221.0-255,2902,102458,12,279421
39636,0.003838,172.31.36.0-255,66,102524,12,279421
39637,0.003893,216.58.221.0-255,2902,105426,12,279421
39638,0.003897,172.31.36.0-255,66,105492,12,279421
39639,0.005772,216.58.221.0-255,2902,108394,12,279421
39640,0.005778,172.31.36.0-255,66,108460,12,279421
39641,0.005818,216.58.221.0-255,2902,111362,12,279421
39642,0.005821,172.31.36.0-255,66,111428,12,279421
39643,0.007695,216.58.221.0-255,2902,114330,12,279421
39644,0.007699,172.31.36.0-255,66,114396,12,279421
39645,0.007736,216.58.221.0-255,2902,117298,12,279421
39646,0.007739,172.31.36.0-255,66,117364,12,279421
39647,0.009617,216.58.221.0-255,2902,120266,12,279421
39648,0.009623,172.31.36.0-255,66,120332,12,279421
39649,0.009651,216.58.221.0-255,2902,123234,12,279421
39650,0.009655,172.31.36.0-255,66,123300,12,279421
39651,0.011548,216.58.221.0-255,2902,126202,12,279421
39652,0.011555,172.31.36.0-255,66,126268,12,279421
39653,0.011583,216.58.221.0-255,2902,129170,12,279421
39654,0.011586,172.31.36.0-255,66,129236,12,279421
39655,0.013481,216.58.221.0-255,2902,132138,12,279421
39656,0.013488,172.31.36.0-255,66,132204,12,279421
39657,0.013517,216.58.221.0-255,2902,135106,12,279421
39658,0.013521,172.31.36.0-255,66,135172,12,279421
39659,0.015416,216.58.221.0-255,2902,138074,12,279421
39660,0.015424,172.31.36.0-255,66,138140,12,279421
39661,0.015454,216.58.221.0-255,2902,141042,12,279421
39662,0.015458,172.31.36.0-255,66,141108,12,279421
39663,0.017358,216.58.221.0-255,2902,144010,12,279421
39664,0.017366,172.31.36.0-255,66,144076,12,279421
39665,0.01741,216.58.221.0-255,2902,146978,12,279421
39666,0.017414,172.31.36.0-255,66,147044,12,279421
39667,0.019289,216.58.221.0-255,2902,149946,12,279421
39668,0.019297,172.31.36.0-255,66,150012,12,279421
39669,0.019336,216.58.221.0-255,2902,152914,12,279421
39670,0.01934,172.31.36.0-255,66,152980,12,279421
39671,0.02122,216.58.221.0-255,2902,155882,12,279421
39672,0.021227,172.31.36.0-255,66,155948,12,279421
39673,0.021264,216.58.221.0-255,2902,158850,12,279421
39674,0.021267,172.31.36.0-255,66,158916,12,279421
39675,0.023146,216.58.221.0-255,2902,161818,12,279421
39676,0.023151,172.31.36.0-255,66,161884,12,279421
39677,0.023183,216.58.221.0-255,2902,164786,12,279421
39678,0.023186,172.31.36.0-255,66,164852,12,279421
39679,0.025089,216.58.221.0-255,5738,170590,12,279421
39680,0.025096,172.31.36.0-255,66,170656,12,279421
39681,0.027024,216.58.221.0-255,5738,176394,12,279421
39682,0.02703,172.31.36.0-255,66,176460,12,279421
39683,0.028954,216.58.221.0-255,5738,182198,12,279421
39684,0.028961,172.31.36.0-255,66,182264,12,279421
39685,0.030123,172.31.36.0-255,172,182436,12,279421
39686,0.030152,172.31.36.0-255,1108,183544,12,279421
39687,0.030192,172.31.36.0-255,1514,185058,12,279421
39688,0.030193,172.31.36.0-255,1301,186359,12,279421
39689,0.030889,216.58.221.0-255,5738,192097,12,279421
39690,0.030897,172.31.36.0-255,66,192163,12,279421
39691,0.031605,104.244.42.0-255,66,192229,12,279421
39692,0.031629,104.244.42.0-255,66,192295,12,279421
39693,0.031693,104.244.42.0-255,66,192361,12,279421
39694,0.032817,216.58.221.0-255,5738,198099,12,279421
39695,0.032823,172.31.36.0-255,66,198165,12,279421
39696,0.034743,216.58.221.0-255,5738,203903,12,279421
39697,0.03475,172.31.36.0-255,66,203969,12,279421
39698,0.036682,216.58.221.0-255,5738,209707,12,279421
39699,0.03669,172.31.36.0-255,66,209773,12,279421
39700,0.03862,216.58.221.0-255,5738,215511,12,279421
39701,0.038628,172.31.36.0-255,66,215577,12,279421
39702,0.040574,216.58.221.0-255,5738,221315,12,279421
39703,0.040583,172.31.36.0-255,66,221381,12,279421
39704,0.042507,216.58.221.0-255,5738,227119,12,279421
39705,0.042513,172.31.36.0-255,66,227185,12,279421
39706,0.044429,216.58.221.0-255,5738,232923,12,279421
39707,0.044436,172.31.36.0-255,66,232989,12,279421
39708,0.046371,216.58.221.0-255,5738,238727,12,279421
39709,0.046377,172.31.36.0-255,66,238793,12,279421
39710,0.048308,216.58.221.0-255,5738,244531,12,279421
39711,0.048315,172.31.36.0-255,66,244597,12,279421
39712,0.050247,216.58.221.0-255,5738,250335,12,279421
39713,0.050254,172.31.36.0-255,66,250401,12,279421
39714,0.052194,216.58.221.0-255,5738,256139,12,279421
39715,0.0522,172.31.36.0-255,66,256205,12,279421
39716,0.054124,216.58.221.0-255,5738,261943,12,279421
39717,0.05413,172.31.36.0-255,66,262009,12,279421
39718,0.056059,216.58.221.0-255,5738,267747,12,279421
39719,0.056067,172.31.36.0-255,66,267813,12,279421
39720,0.05799,216.58.221.0-255,5738,273551,12,279421
39721,0.057996,172.31.36.0-255,66,273617,12,279421
39722,0.059914,216.58.221.0-255,5738,279355,12,279421
39723,0.05992,172.31.36.0-255,66,279421,12,279421
39724,0.0,74.125.130.0-255,160,160,12,316521
39725,2.5e-05,172.31.36.0-255,66,226,12,316521
39726,3.2e-05,74.125.130.0-255,1484,1710,12,316521
39727,3.7e-05,172.31.36.0-255,66,1776,12,316521
39728,4.2e-05,74.125.130.0-255,2902,4678,12,316521
39729,4.5e-05,172.31.36.0-255,66,4744,12,316521
39730,6.2e-05,74.125.130.0-255,7156,11900,12,316521
39731,6.5e-05,172.31.36.0-255,66,11966,12,316521
39732,7.9e-05,74.125.130.0-255,2103,14069,12,316521
39733,8.2e-05,172.31.36.0-255,66,14135,12,316521
39734,0.00015,74.125.130.0-255,1484,15619,12,316521
39735,0.000154,172.31.36.0-255,66,15685,12,316521
39736,0.000161,74.125.130.0-255,2902,18587,12,316521
39737,0.000163,172.31.36.0-255,66,18653,12,316521
39738,0.000196,74.125.130.0-255,5738,24391,12,316521
39739,0.0002,172.31.36.0-255,66,24457,12,316521
39740,0.000205,74.125.130.0-255,4320,28777,12,316521
39741,0.000208,172.31.36.0-255,66,28843,12,316521
39742,0.000225,74.125.130.0-255,1484,30327,12,316521
39743,0.000228,172.31.36.0-255,66,30393,12,316521
39744,0.000278,172.31.36.0-255,66,30459,12,316521
39745,0.000286,74.125.130.0-255,6797,37256,12,316521
39746,0.000289,172.31.36.0-255,66,37322,12,316521
39747,0.000455,74.125.130.0-255,1484,38806,12,316521
39748,0.000459,172.31.36.0-255,66,38872,12,316521
39749,0.000464,74.125.130.0-255,2902,41774,12,316521
39750,0.000467,172.31.36.0-255,66,41840,12,316521
39751,0.000488,74.125.130.0-255,5738,47578,12,316521
39752,0.000496,172.31.36.0-255,66,47644,12,316521
39753,0.000544,172.31.36.0-255,66,47710,12,316521
39754,0.000622,74.125.130.0-255,1484,49194,12,316521
39755,0.000635,74.125.130.0-255,1484,50678,12,316521
39756,0.000638,172.31.36.0-255,66,50744,12,316521
39757,0.000665,74.125.130.0-255,1484,52228,12,316521
39758,0.000672,74.125.130.0-255,5738,57966,12,316521
39759,0.000675,172.31.36.0-255,66,58032,12,316521
39760,0.000682,74.125.130.0-255,6797,64829,12,316521
39761,0.000685,172.31.36.0-255,66,64895,12,316521
39762,0.000698,74.125.130.0-255,7156,72051,12,316521
39763,0.000701,172.31.36.0-255,66,72117,12,316521
39764,0.000749,74.125.130.0-255,7156,79273,12,316521
39765,0.000752,172.31.36.0-255,66,79339,12,316521
39766,0.00078,74.125.130.0-255,2543,81882,12,316521
39767,0.000783,172.31.36.0-255,66,81948,12,316521
39768,0.00111,74.125.130.0-255,1484,83432,12,316521
39769,0.001119,74.125.130.0-255,2902,86334,12,316521
39770,0.001123,172.31.36.0-255,66,86400,12,316521
39771,0.001129,74.125.130.0-255,2902,89302,12,316521
39772,0.001133,172.31.36.0-255,66,89368,12,316521
39773,0.001153,74.125.130.0-255,2902,92270,12,316521
39774,0.001155,172.31.36.0-255,66,92336,12,316521
39775,0.001167,172.31.36.0-255,66,92402,12,316521
39776,0.001201,74.125.130.0-255,2902,95304,12,316521
39777,0.001204,172.31.36.0-255,66,95370,12,316521
39778,0.001211,74.125.130.0-255,7156,102526,12,316521
39779,0.001214,172.31.36.0-255,66,102592,12,316521
39780,0.001225,74.125.130.0-255,3602,106194,12,316521
39781,0.001228,172.31.36.0-255,66,106260,12,316521
39782,0.001299,74.125.130.0-255,1484,107744,12,316521
39783,0.001304,74.125.130.0-255,1484,109228,12,316521
39784,0.001307,172.31.36.0-255,66,109294,12,316521
39785,0.001337,74.125.130.0-255,1484,110778,12,316521
39786,0.001343,74.125.130.0-255,4320,115098,12,316521
39787,0.001345,172.31.36.0-255,66,115164,12,316521
39788,0.001356,172.31.36.0-255,66,115230,12,316521
39789,0.001388,74.125.130.0-255,5738,120968,12,316521
39790,0.001391,172.31.36.0-255,66,121034,12,316521
39791,0.001424,74.125.130.0-255,5738,126772,12,316521
39792,0.001427,172.31.36.0-255,66,126838,12,316521
39793,0.001433,74.125.130.0-255,5020,131858,12,316521
39794,0.001435,172.31.36.0-255,66,131924,12,316521
39795,0.001706,74.125.130.0-255,1484,133408,12,316521
39796,0.001714,74.125.130.0-255,2902,136310,12,316521
39797,0.001718,172.31.36.0-255,66,136376,12,316521
39798,0.001723,74.125.130.0-255,2902,139278,12,316521
39799,0.001725,172.31.36.0-255,66,139344,12,316521
39800,0.001763,74.125.130.0-255,2902,142246,12,316521
39801,0.001766,172.31.36.0-255,66,142312,12,316521
39802,0.001771,74.125.130.0-255,4320,146632,12,316521
39803,0.001773,172.31.36.0-255,66,146698,12,316521
39804,0.001779,74.125.130.0-255,5738,152436,12,316521
39805,0.001782,172.31.36.0-255,66,152502,12,316521
39806,0.0018,172.31.36.0-255,66,152568,12,316521
39807,0.001804,74.125.130.0-255,2184,154752,12,316521
39808,0.001807,172.31.36.0-255,66,154818,12,316521
39809,0.004026,74.125.130.0-255,5738,160556,12,316521
39810,0.004034,172.31.36.0-255,66,160622,12,316521
39811,0.006261,74.125.130.0-255,5738,166360,12,316521
39812,0.006266,172.31.36.0-255,66,166426,12,316521
39813,0.008505,74.125.130.0-255,5738,172164,12,316521
39814,0.008512,172.31.36.0-255,66,172230,12,316521
39815,0.010754,74.125.130.0-255,5738,177968,12,316521
39816,0.010762,172.31.36.0-255,66,178034,12,316521
39817,0.012995,74.125.130.0-255,5738,183772,12,316521
39818,0.013002,172.31.36.0-255,66,183838,12,316521
39819,0.015228,74.125.130.0-255,5738,189576,12,316521
39820,0.015235,172.31.36.0-255,66,189642,12,316521
39821,0.017511,74.125.130.0-255,5738,195380,12,316521
39822,0.01752,172.31.36.0-255,66,195446,12,316521
39823,0.019746,74.125.130.0-255,5738,201184,12,316521
39824,0.019753,172.31.36.0-255,66,201250,12,316521
39825,0.021995,74.125.130.0-255,5738,206988,12,316521
39826,0.022003,172.31.36.0-255,66,207054,12,316521
39827,0.023376,172.31.36.0-255,164,207218,12,316521
39828,0.023437,172.31.36.0-255,1117,208335,12,316521
39829,0.023515,172.31.36.0-255,1514,209849,12,316521
39830,0.023518,172.31.36.0-255,1514,211363,12,316521
39831,0.023519,172.31.36.0-255,1514,212877,12,316521
39832,0.023527,172.31.36.0-255,1514,214391,12,316521
39833,0.023567,172.31.36.0-255,1506,215897,12,316521
39834,0.024226,74.125.130.0-255,5738,221635,12,316521
39835,0.024232,172.31.36.0-255,66,221701,12,316521
39836,0.024914,104.244.42.0-255,66,221767,12,316521
39837,0.025027,104.244.42.0-255,66,221833,12,316521
39838,0.025153,104.244.42.0-255,66,221899,12,316521
39839,0.025679,104.244.42.0-255,108,222007,12,316521
39840,0.025699,172.31.36.0-255,66,222073,12,316521
39841,0.026454,74.125.130.0-255,5738,227811,12,316521
39842,0.026459,172.31.36.0-255,66,227877,12,316521
39843,0.028674,74.125.130.0-255,5738,233615,12,316521
39844,0.02868,172.31.36.0-255,66,233681,12,316521
39845,0.030907,74.125.130.0-255,5738,239419,12,316521
39846,0.030912,172.31.36.0-255,66,239485,12,316521
39847,0.033154,74.125.130.0-255,5738,245223,12,316521
39848,0.03316,172.31.36.0-255,66,245289,12,316521
39849,0.035373,74.125.130.0-255,2902,248191,12,316521
39850,0.035379,172.31.36.0-255,66,248257,12,316521
39851,0.035412,74.125.130.0-255,2902,251159,12,316521
39852,0.035416,172.31.36.0-255,66,251225,12,316521
39853,0.037598,74.125.130.0-255,2902,254127,12,316521
39854,0.037603,172.31.36.0-255,66,254193,12,316521
39855,0.03764,74.125.130.0-255,2902,257095,12,316521
39856,0.037644,172.31.36.0-255,66,257161,12,316521
39857,0.039822,74.125.130.0-255,2902,260063,12,316521
39858,0.039842,172.31.36.0-255,66,260129,12,316521
39859,0.039862,74.125.130.0-255,2902,263031,12,316521
39860,0.039866,172.31.36.0-255,66,263097,12,316521
39861,0.042065,74.125.130.0-255,2902,265999,12,316521
39862,0.04207,172.31.36.0-255,66,266065,12,316521
39863,0.042103,74.125.130.0-255,2902,268967,12,316521
39864,0.042106,172.31.36.0-255,66,269033,12,316521
39865,0.044291,74.125.130.0-255,2902,271935,12,316521
39866,0.044296,172.31.36.0-255,66,272001,12,316521
39867,0.044328,74.125.130.0-255,2902,274903,12,316521
39868,0.044332,172.31.36.0-255,66,274969,12,316521
39869,0.046513,74.125.130.0-255,2902,277871,12,316521
39870,0.046518,172.31.36.0-255,66,277937,12,316521
39871,0.046557,74.125.130.0-255,2902,280839,12,316521
39872,0.04656,172.31.36.0-255,66,280905,12,316521
39873,0.048746,74.125.130.0-255,2902,283807,12,316521
39874,0.048751,172.31.36.0-255,66,283873,12,316521
39875,0.04879,74.125.130.0-255,2902,286775,12,316521
39876,0.048793,172.31.36.0-255,66,286841,12,316521
39877,0.050979,74.125.130.0-255,2902,289743,12,316521
39878,0.050987,172.31.36.0-255,66,289809,12,316521
39879,0.051025,74.125.130.0-255,2902,292711,12,316521
39880,0.051042,172.31.36.0-255,66,292777,12,316521
39881,0.053216,74.125.130.0-255,2902,295679,12,316521
39882,0.053221,172.31.36.0-255,66,295745,12,316521
39883,0.05326,74.125.130.0-255,2902,298647,12,316521
39884,0.053263,172.31.36.0-255,66,298713,12,316521
39885,0.055441,74.125.130.0-255,2902,301615,12,316521
39886,0.055446,172.31.36.0-255,66,301681,12,316521
39887,0.055478,74.125.130.0-255,2902,304583,12,316521
39888,0.055482,172.31.36.0-255,66,304649,12,316521
39889,0.057669,74.125.130.0-255,2902,307551,12,316521
39890,0.057674,172.31.36.0-255,66,307617,12,316521
39891,0.057713,74.125.130.0-255,2902,310519,12,316521
39892,0.057717,172.31.36.0-255,66,310585,12,316521
39893,0.059895,74.125.130.0-255,1484,312069,12,316521
39894,0.059926,74.125.130.0-255,2902,314971,12,316521
39895,0.059931,172.31.36.0-255,66,315037,12,316521
39896,0.059958,74.125.130.0-255,1484,316521,12,316521
39897,0.0,74.125.24.0-255,153,153,12,233348
39898,1.2e-05,172.31.36.0-255,66,219,12,233348
39899,1.7e-05,74.125.24.0-255,1484,1703,12,233348
39900,2.1e-05,172.31.36.0-255,66,1769,12,233348
39901,2.7e-05,74.125.24.0-255,2902,4671,12,233348
39902,3.5e-05,172.31.36.0-255,66,4737,12,233348
39903,4.2e-05,74.125.24.0-255,7156,11893,12,233348
39904,4.5e-05,172.31.36.0-255,66,11959,12,233348
39905,4.9e-05,74.125.24.0-255,2048,14007,12,233348
39906,5.2e-05,172.31.36.0-255,66,14073,12,233348
39907,8.8e-05,74.125.24.0-255,4320,18393,12,233348
39908,9.1e-05,172.31.36.0-255,66,18459,12,233348
39909,9.7e-05,74.125.24.0-255,4320,22779,12,233348
39910,0.0001,172.31.36.0-255,66,22845,12,233348
39911,0.000138,74.125.24.0-255,1484,24329,12,233348
39912,0.000141,172.31.36.0-255,66,24395,12,233348
39913,0.000149,74.125.24.0-255,6797,31192,12,233348
39914,0.000152,172.31.36.0-255,66,31258,12,233348
39915,0.000291,74.125.24.0-255,1484,32742,12,233348
39916,0.000295,172.31.36.0-255,66,32808,12,233348
39917,0.0003,74.125.24.0-255,2902,35710,12,233348
39918,0.000303,172.31.36.0-255,66,35776,12,233348
39919,0.000308,74.125.24.0-255,4320,40096,12,233348
39920,0.000316,172.31.36.0-255,66,40162,12,233348
39921,0.00034,74.125.24.0-255,1484,41646,12,233348
39922,0.000342,172.31.36.0-255,66,41712,12,233348
39923,0.000349,74.125.24.0-255,6797,48509,12,233348
39924,0.000351,172.31.36.0-255,66,48575,12,233348
39925,0.000397,74.125.24.0-255,7156,55731,12,233348
39926,0.000399,172.31.36.0-255,66,55797,12,233348
39927,0.000439,172.31.36.0-255,66,55863,12,233348
39928,0.000442,74.125.24.0-255,1458,57321,12,233348
39929,0.000502,74.125.24.0-255,110,57431,12,233348
39930,0.000505,172.31.36.0-255,66,57497,12,233348
39931,0.000529,74.125.24.0-255,332,57829,12,233348
39932,0.000773,74.125.24.0-255,1484,59313,12,233348
39933,0.000777,172.31.36.0-255,66,59379,12,233348
39934,0.000783,74.125.24.0-255,2902,62281,12,233348
39935,0.000785,172.31.36.0-255,66,62347,12,233348
39936,0.000791,74.125.24.0-255,5738,68085,12,233348
39937,0.000798,172.31.36.0-255,66,68151,12,233348
39938,0.000801,74.125.24.0-255,1484,69635,12,233348
39939,0.00083,172.31.36.0-255,66,69701,12,233348
39940,0.000892,172.31.36.0-255,66,69767,12,233348
39941,0.00092,74.125.24.0-255,766,70533,12,233348
39942,0.00109,74.125.24.0-255,1484,72017,12,233348
39943,0.001094,172.31.36.0-255,66,72083,12,233348
39944,0.001099,74.125.24.0-255,2902,74985,12,233348
39945,0.001101,172.31.36.0-255,66,75051,12,233348
39946,0.001138,74.125.24.0-255,5738,80789,12,233348
39947,0.001141,172.31.36.0-255,66,80855,12,233348
39948,0.001152,172.31.36.0-255,66,80921,12,233348
39949,0.001181,74.125.24.0-255,2902,83823,12,233348
39950,0.001184,172.31.36.0-255,66,83889,12,233348
39951,0.001197,172.31.36.0-255,66,83955,12,233348
39952,0.003519,74.125.24.0-255,5738,89693,12,233348
39953,0.003526,172.31.36.0-255,66,89759,12,233348
39954,0.005846,74.125.24.0-255,5738,95497,12,233348
39955,0.00585,172.31.36.0-255,66,95563,12,233348
39956,0.008186,74.125.24.0-255,5738,101301,12,233348
39957,0.008194,172.31.36.0-255,66,101367,12,233348
39958,0.010546,74.125.24.0-255,5738,107105,12,233348
39959,0.010553,172.31.36.0-255,66,107171,12,233348
39960,0.012879,74.125.24.0-255,5738,112909,12,233348
39961,0.012887,172.31.36.0-255,66,112975,12,233348
39962,0.015226,74.125.24.0-255,5738,118713,12,233348
39963,0.015234,172.31.36.0-255,66,118779,12,233348
39964,0.017611,74.125.24.0-255,5738,124517,12,233348
39965,0.017621,172.31.36.0-255,66,124583,12,233348
39966,0.019984,74.125.24.0-255,5738,130321,12,233348
39967,0.019991,172.31.36.0-255,66,130387,12,233348
39968,0.022327,74.125.24.0-255,5738,136125,12,233348
39969,0.022335,172.31.36.0-255,66,136191,12,233348
39970,0.024654,74.125.24.0-255,5738,141929,12,233348
39971,0.024662,172.31.36.0-255,66,141995,12,233348
39972,0.02679,172.31.36.0-255,172,142167,12,233348
39973,0.026823,172.31.36.0-255,1106,143273,12,233348
39974,0.026885,172.31.36.0-255,1514,144787,12,233348
39975,0.026887,172.31.36.0-255,1303,146090,12,233348
39976,0.026991,74.125.24.0-255,5738,151828,12,233348
39977,0.026997,172.31.36.0-255,66,151894,12,233348
39978,0.028291,104.244.42.0-255,66,151960,12,233348
39979,0.02832,104.244.42.0-255,66,152026,12,233348
39980,0.028405,104.244.42.0-255,66,152092,12,233348
39981,0.029314,74.125.24.0-255,5738,157830,12,233348
39982,0.029319,172.31.36.0-255,66,157896,12,233348
39983,0.031654,74.125.24.0-255,5738,163634,12,233348
39984,0.031661,172.31.36.0-255,66,163700,12,233348
39985,0.033984,74.125.24.0-255,5738,169438,12,233348
39986,0.033991,172.31.36.0-255,66,169504,12,233348
39987,0.036378,74.125.24.0-255,5738,175242,12,233348
39988,0.036385,172.31.36.0-255,66,175308,12,233348
39989,0.038723,74.125.24.0-255,5738,181046,12,233348
39990,0.03873,172.31.36.0-255,66,181112,12,233348
39991,0.041055,74.125.24.0-255,5738,186850,12,233348
39992,0.041064,172.31.36.0-255,66,186916,12,233348
39993,0.043398,74.125.24.0-255,5738,192654,12,233348
39994,0.043405,172.31.36.0-255,66,192720,12,233348
39995,0.045755,74.125.24.0-255,5738,198458,12,233348
39996,0.045761,172.31.36.0-255,66,198524,12,233348
39997,0.048115,74.125.24.0-255,5738,204262,12,233348
39998,0.048121,172.31.36.0-255,66,204328,12,233348
39999,0.050476,74.125.24.0-255,5738,210066,12,233348
40000,0.050485,172.31.36.0-255,66,210132,12,233348
40001,0.052824,74.125.24.0-255,5738,215870,12,233348
40002,0.05283,172.31.36.0-255,66,215936,12,233348
40003,0.055163,74.125.24.0-255,5738,221674,12,233348
40004,0.055169,172.31.36.0-255,66,221740,12,233348
40005,0.057495,74.125.24.0-255,5738,227478,12,233348
40006,0.057502,172.31.36.0-255,66,227544,12,233348
40007,0.059834,74.125.24.0-255,5738,233282,12,233348
40008,0.05984,172.31.36.0-255,66,233348,12,233348
40009,0.0,74.125.68.0-255,162,162,12,308691
40010,2.3e-05,172.31.36.0-255,66,228,12,308691
40011,3e-05,74.125.68.0-255,1484,1712,12,308691
40012,3.5e-05,172.31.36.0-255,66,1778,12,308691
40013,4.2e-05,74.125.68.0-255,2902,4680,12,308691
40014,4.5e-05,172.31.36.0-255,66,4746,12,308691
40015,5e-05,74.125.68.0-255,2902,7648,12,308691
40016,5.3e-05,172.31.36.0-255,66,7714,12,308691
40017,5.9e-05,74.125.68.0-255,4320,12034,12,308691
40018,6.2e-05,172.31.36.0-255,66,12100,12,308691
40019,8.2e-05,74.125.68.0-255,2012,14112,12,308691
40020,8.4e-05,172.31.36.0-255,66,14178,12,308691
40021,0.0002,74.125.68.0-255,1484,15662,12,308691
40022,0.000203,172.31.36.0-255,66,15728,12,308691
40023,0.000209,74.125.68.0-255,2902,18630,12,308691
40024,0.000212,172.31.36.0-255,66,18696,12,308691
40025,0.000227,74.125.68.0-255,2902,21598,12,308691
40026,0.000229,172.31.36.0-255,66,21664,12,308691
40027,0.000252,74.125.68.0-255,2902,24566,12,308691
40028,0.000255,172.31.36.0-255,66,24632,12,308691
40029,0.000259,74.125.68.0-255,2902,27534,12,308691
40030,0.000262,172.31.36.0-255,66,27600,12,308691
40031,0.000268,74.125.68.0-255,3961,31561,12,308691
40032,0.00027,172.31.36.0-255,66,31627,12,308691
40033,0.00032,172.31.36.0-255,66,31693,12,308691
40034,0.000331,172.31.36.0-255,66,31759,12,308691
40035,0.000357,74.125.68.0-255,1484,33243,12,308691
40036,0.000359,172.31.36.0-255,66,33309,12,308691
40037,0.000371,172.31.36.0-255,66,33375,12,308691
40038,0.000398,74.125.68.0-255,5738,39113,12,308691
40039,0.000401,172.31.36.0-255,66,39179,12,308691
40040,0.000418,74.125.68.0-255,766,39945,12,308691
40041,0.000423,74.125.68.0-255,398,40343,12,308691
40042,0.000905,74.125.68.0-255,109,40452,12,308691
40043,0.000949,74.125.68.0-255,1484,41936,12,308691
40044,0.000954,172.31.36.0-255,66,42002,12,308691
40045,0.000958,74.125.68.0-255,1484,43486,12,308691
40046,0.000976,74.125.68.0-255,2902,46388,12,308691
40047,0.000979,172.31.36.0-255,66,46454,12,308691
40048,0.000999,74.125.68.0-255,5738,52192,12,308691
40049,0.001001,172.31.36.0-255,66,52258,12,308691
40050,0.00102,74.125.68.0-255,2902,55160,12,308691
40051,0.001023,172.31.36.0-255,66,55226,12,308691
40052,0.001048,74.125.68.0-255,5738,60964,12,308691
40053,0.001051,172.31.36.0-255,66,61030,12,308691
40054,0.001055,74.125.68.0-255,2902,63932,12,308691
40055,0.001057,172.31.36.0-255,66,63998,12,308691
40056,0.001078,74.125.68.0-255,7156,71154,12,308691
40057,0.00108,172.31.36.0-255,66,71220,12,308691
40058,0.001104,74.125.68.0-255,1484,72704,12,308691
40059,0.001118,74.125.68.0-255,2184,74888,12,308691
40060,0.001121,172.31.36.0-255,66,74954,12,308691
40061,0.001227,74.125.68.0-255,1484,76438,12,308691
40062,0.001232,74.125.68.0-255,1484,77922,12,308691
40063,0.001234,172.31.36.0-255,66,77988,12,308691
40064,0.001254,74.125.68.0-255,1484,79472,12,308691
40065,0.001267,74.125.68.0-255,2902,82374,12,308691
40066,0.00127,172.31.36.0-255,66,82440,12,308691
40067,0.001284,74.125.68.0-255,2902,85342,12,308691
40068,0.001286,172.31.36.0-255,66,85408,12,308691
40069,0.001339,74.125.68.0-255,4320,89728,12,308691
40070,0.001345,172.31.36.0-255,66,89794,12,308691
40071,0.00136,74.125.68.0-255,2902,92696,12,308691
40072,0.001363,172.31.36.0-255,66,92762,12,308691
40073,0.001367,74.125.68.0-255,2902,95664,12,308691
40074,0.001369,172.31.36.0-255,66,95730,12,308691
40075,0.001375,74.125.68.0-255,4320,100050,12,308691
40076,0.001377,172.31.36.0-255,66,100116,12,308691
40077,0.001388,172.31.36.0-255,66,100182,12,308691
40078,0.001411,74.125.68.0-255,766,100948,12,308691
40079,0.001469,74.125.68.0-255,1484,102432,12,308691
40080,0.001473,172.31.36.0-255,66,102498,12,308691
40081,0.001487,74.125.68.0-255,2902,105400,12,308691
40082,0.001491,172.31.36.0-255,66,105466,12,308691
40083,0.001516,74.125.68.0-255,5738,111204,12,308691
40084,0.001519,172.31.36.0-255,66,111270,12,308691
40085,0.001531,74.125.68.0-255,1484,112754,12,308691
40086,0.001553,74.125.68.0-255,2902,115656,12,308691
40087,0.001556,172.31.36.0-255,66,115722,12,308691
40088,0.001577,74.125.68.0-255,5738,121460,12,308691
40089,0.00158,172.31.36.0-255,66,121526,12,308691
40090,0.001583,74.125.68.0-255,1484,123010,12,308691
40091,0.001602,74.125.68.0-255,2902,125912,12,308691
40092,0.001605,172.31.36.0-255,66,125978,12,308691
40093,0.001611,74.125.68.0-255,5738,131716,12,308691
40094,0.001614,172.31.36.0-255,66,131782,12,308691
40095,0.001641,74.125.68.0-255,3602,135384,12,308691
40096,0.001644,172.31.36.0-255,66,135450,12,308691
40097,0.002105,74.125.68.0-255,1484,136934,12,308691
40098,0.002148,74.125.68.0-255,1484,138418,12,308691
40099,0.002152,172.31.36.0-255,66,138484,12,308691
40100,0.002167,74.125.68.0-255,2902,141386,12,308691
40101,0.00217,172.31.36.0-255,66,141452,12,308691
40102,0.002197,74.125.68.0-255,5738,147190,12,308691
40103,0.002199,172.31.36.0-255,66,147256,12,308691
40104,0.002205,74.125.68.0-255,4320,151576,12,308691
40105,0.002207,172.31.36.0-255,66,151642,12,308691
40106,0.00222,74.125.68.0-255,2902,154544,12,308691
40107,0.002222,172.31.36.0-255,66,154610,12,308691
40108,0.002248,172.31.36.0-255,66,154676,12,308691
40109,0.002268,74.125.68.0-255,1484,156160,12,308691
40110,0.002288,74.125.68.0-255,3602,159762,12,308691
40111,0.002291,172.31.36.0-255,66,159828,12,308691
40112,0.004603,74.125.68.0-255,5738,165566,12,308691
40113,0.00461,172.31.36.0-255,66,165632,12,308691
40114,0.006948,74.125.68.0-255,5738,171370,12,308691
40115,0.006953,172.31.36.0-255,66,171436,12,308691
40116,0.009274,74.125.68.0-255,5738,177174,12,308691
40117,0.009282,172.31.36.0-255,66,177240,12,308691
40118,0.011599,74.125.68.0-255,5738,182978,12,308691
40119,0.011608,172.31.36.0-255,66,183044,12,308691
40120,0.01392,74.125.68.0-255,5738,188782,12,308691
40121,0.013928,172.31.36.0-255,66,188848,12,308691
40122,0.016243,74.125.68.0-255,5738,194586,12,308691
40123,0.016252,172.31.36.0-255,66,194652,12,308691
40124,0.018565,74.125.68.0-255,5738,200390,12,308691
40125,0.018575,172.31.36.0-255,66,200456,12,308691
40126,0.020895,74.125.68.0-255,5738,206194,12,308691
40127,0.020906,172.31.36.0-255,66,206260,12,308691
40128,0.023239,74.125.68.0-255,5738,211998,12,308691
40129,0.023247,172.31.36.0-255,66,212064,12,308691
40130,0.025575,74.125.68.0-255,5738,217802,12,308691
40131,0.025582,172.31.36.0-255,66,217868,12,308691
40132,0.027904,74.125.68.0-255,5738,223606,12,308691
40133,0.027913,172.31.36.0-255,66,223672,12,308691
40134,0.030229,74.125.68.0-255,5738,229410,12,308691
40135,0.030236,172.31.36.0-255,66,229476,12,308691
40136,0.032552,74.125.68.0-255,5738,235214,12,308691
40137,0.03256,172.31.36.0-255,66,235280,12,308691
40138,0.034356,172.31.36.0-255,172,235452,12,308691
40139,0.034388,172.31.36.0-255,1107,236559,12,308691
40140,0.03446,172.31.36.0-255,1514,238073,12,308691
40141,0.034462,172.31.36.0-255,1514,239587,12,308691
40142,0.034468,172.31.36.0-255,1514,241101,12,308691
40143,0.034469,172.31.36.0-255,1514,242615,12,308691
40144,0.034487,172.31.36.0-255,1514,244129,12,308691
40145,0.034489,172.31.36.0-255,148,244277,12,308691
40146,0.034882,74.125.68.0-255,2902,247179,12,308691
40147,0.034888,172.31.36.0-255,66,247245,12,308691
40148,0.034909,74.125.68.0-255,2902,250147,12,308691
40149,0.034912,172.31.36.0-255,66,250213,12,308691
40150,0.035909,104.244.42.0-255,66,250279,12,308691
40151,0.03596,104.244.42.0-255,66,250345,12,308691
40152,0.036057,104.244.42.0-255,66,250411,12,308691
40153,0.036112,104.244.42.0-255,66,250477,12,308691
40154,0.036668,104.244.42.0-255,108,250585,12,308691
40155,0.036675,172.31.36.0-255,66,250651,12,308691
40156,0.037205,74.125.68.0-255,5738,256389,12,308691
40157,0.03721,172.31.36.0-255,66,256455,12,308691
40158,0.039579,74.125.68.0-255,5738,262193,12,308691
40159,0.039586,172.31.36.0-255,66,262259,12,308691
40160,0.041934,74.125.68.0-255,5738,267997,12,308691
40161,0.041943,172.31.36.0-255,66,268063,12,308691
40162,0.044269,74.125.68.0-255,5738,273801,12,308691
40163,0.044276,172.31.36.0-255,66,273867,12,308691
40164,0.046613,74.125.68.0-255,5738,279605,12,308691
40165,0.04662,172.31.36.0-255,66,279671,12,308691
40166,0.048941,74.125.68.0-255,5738,285409,12,308691
40167,0.048948,172.31.36.0-255,66,285475,12,308691
40168,0.051273,74.125.68.0-255,5738,291213,12,308691
40169,0.051279,172.31.36.0-255,66,291279,12,308691
40170,0.0536,74.125.68.0-255,5738,297017,12,308691
40171,0.053606,172.31.36.0-255,66,297083,12,308691
40172,0.055927,74.125.68.0-255,5738,302821,12,308691
40173,0.055934,172.31.36.0-255,66,302887,12,308691
40174,0.05826,74.125.68.0-255,5738,308625,12,308691
40175,0.058267,172.31.36.0-255,66,308691,12,308691
40176,0.0,74.125.68.0-255,153,153,12,339758
40177,3.4e-05,172.31.36.0-255,66,219,12,339758
40178,4.1e-05,74.125.68.0-255,1484,1703,12,339758
40179,4.4e-05,172.31.36.0-255,66,1769,12,339758
40180,4.9e-05,74.125.68.0-255,2902,4671,12,339758
40181,5.2e-05,172.31.36.0-255,66,4737,12,339758
40182,7.9e-05,74.125.68.0-255,1484,6221,12,339758
40183,8.1e-05,172.31.36.0-255,66,6287,12,339758
40184,0.000104,74.125.68.0-255,2902,9189,12,339758
40185,0.000107,172.31.36.0-255,66,9255,12,339758
40186,0.000138,74.125.68.0-255,4822,14077,12,339758
40187,0.000142,172.31.36.0-255,66,14143,12,339758
40188,0.000145,74.125.68.0-255,1484,15627,12,339758
40189,0.000147,172.31.36.0-255,66,15693,12,339758
40190,0.00016,74.125.68.0-255,4320,20013,12,339758
40191,0.000163,172.31.36.0-255,66,20079,12,339758
40192,0.000202,74.125.68.0-255,5738,25817,12,339758
40193,0.000206,172.31.36.0-255,66,25883,12,339758
40194,0.000229,74.125.68.0-255,5379,31262,12,339758
40195,0.000232,172.31.36.0-255,66,31328,12,339758
40196,0.000278,74.125.68.0-255,1484,32812,12,339758
40197,0.000281,172.31.36.0-255,66,32878,12,339758
40198,0.000284,74.125.68.0-255,1484,34362,12,339758
40199,0.000286,172.31.36.0-255,66,34428,12,339758
40200,0.0003,74.125.68.0-255,1484,35912,12,339758
40201,0.000302,172.31.36.0-255,66,35978,12,339758
40202,0.000332,74.125.68.0-255,5738,41716,12,339758
40203,0.000335,172.31.36.0-255,66,41782,12,339758
40204,0.000338,74.125.68.0-255,1484,43266,12,339758
40205,0.000341,172.31.36.0-255,66,43332,12,339758
40206,0.000345,74.125.68.0-255,2902,46234,12,339758
40207,0.000347,172.31.36.0-255,66,46300,12,339758
40208,0.00037,74.125.68.0-255,6797,53097,12,339758
40209,0.000373,172.31.36.0-255,66,53163,12,339758
40210,0.000377,74.125.68.0-255,1484,54647,12,339758
40211,0.000401,74.125.68.0-255,2902,57549,12,339758
40212,0.000404,172.31.36.0-255,66,57615,12,339758
40213,0.00041,74.125.68.0-255,5738,63353,12,339758
40214,0.000412,172.31.36.0-255,66,63419,12,339758
40215,0.000426,74.125.68.0-255,2852,66271,12,339758
40216,0.000429,172.31.36.0-255,66,66337,12,339758
40217,0.000451,74.125.68.0-255,117,66454,12,339758
40218,0.000508,74.125.68.0-255,330,66784,12,339758
40219,0.000858,172.31.36.0-255,66,66850,12,339758
40220,0.000862,74.125.68.0-255,1484,68334,12,339758
40221,0.000867,74.125.68.0-255,2902,71236,12,339758
40222,0.00087,172.31.36.0-255,66,71302,12,339758
40223,0.000896,74.125.68.0-255,2902,74204,12,339758
40224,0.000899,172.31.36.0-255,66,74270,12,339758
40225,0.000905,74.125.68.0-255,4320,78590,12,339758
40226,0.000907,172.31.36.0-255,66,78656,12,339758
40227,0.000937,172.31.36.0-255,66,78722,12,339758
40228,0.000941,74.125.68.0-255,2902,81624,12,339758
40229,0.000944,172.31.36.0-255,66,81690,12,339758
40230,0.000996,74.125.68.0-255,5738,87428,12,339758
40231,0.000999,172.31.36.0-255,66,87494,12,339758
40232,0.001017,74.125.68.0-255,5020,92514,12,339758
40233,0.00102,172.31.36.0-255,66,92580,12,339758
40234,0.001178,74.125.68.0-255,1484,94064,12,339758
40235,0.001185,74.125.68.0-255,2902,96966,12,339758
40236,0.001188,172.31.36.0-255,66,97032,12,339758
40237,0.001195,74.125.68.0-255,4320,101352,12,339758
40238,0.001197,172.31.36.0-255,66,101418,12,339758
40239,0.001233,172.31.36.0-255,66,101484,12,339758
40240,0.001257,74.125.68.0-255,5738,107222,12,339758
40241,0.00126,172.31.36.0-255,66,107288,12,339758
40242,0.001284,74.125.68.0-255,5738,113026,12,339758
40243,0.001287,172.31.36.0-255,66,113092,12,339758
40244,0.001301,74.125.68.0-255,5020,118112,12,339758
40245,0.001304,172.31.36.0-255,66,118178,12,339758
40246,0.001469,74.125.68.0-255,1484,119662,12,339758
40247,0.001512,74.125.68.0-255,1484,121146,12,339758
40248,0.001516,172.31.36.0-255,66,121212,12,339758
40249,0.001522,74.125.68.0-255,1484,122696,12,339758
40250,0.001536,74.125.68.0-255,1484,124180,12,339758
40251,0.001537,172.31.36.0-255,66,124246,12,339758
40252,0.001572,74.125.68.0-255,4320,128566,12,339758
40253,0.001574,172.31.36.0-255,66,128632,12,339758
40254,0.00159,74.125.68.0-255,1484,130116,12,339758
40255,0.001593,74.125.68.0-255,1484,131600,12,339758
40256,0.001595,172.31.36.0-255,66,131666,12,339758
40257,0.001605,172.31.36.0-255,66,131732,12,339758
40258,0.00161,74.125.68.0-255,2902,134634,12,339758
40259,0.001611,172.31.36.0-255,66,134700,12,339758
40260,0.001633,74.125.68.0-255,7156,141856,12,339758
40261,0.001635,172.31.36.0-255,66,141922,12,339758
40262,0.001659,74.125.68.0-255,2184,144106,12,339758
40263,0.001661,172.31.36.0-255,66,144172,12,339758
40264,0.001749,74.125.68.0-255,1484,145656,12,339758
40265,0.001768,74.125.68.0-255,2902,148558,12,339758
40266,0.001771,172.31.36.0-255,66,148624,12,339758
40267,0.001778,74.125.68.0-255,5738,154362,12,339758
40268,0.00178,172.31.36.0-255,66,154428,12,339758
40269,0.001829,172.31.36.0-255,66,154494,12,339758
40270,0.001846,74.125.68.0-255,1484,155978,12,339758
40271,0.001866,74.125.68.0-255,1484,157462,12,339758
40272,0.00187,172.31.36.0-255,66,157528,12,339758
40273,0.001895,172.31.36.0-255,66,157594,12,339758
40274,0.001917,74.125.68.0-255,2184,159778,12,339758
40275,0.00192,172.31.36.0-255,66,159844,12,339758
40276,0.002147,74.125.68.0-255,1484,161328,12,339758
40277,0.002154,74.125.68.0-255,2902,164230,12,339758
40278,0.00216,172.31.36.0-255,66,164296,12,339758
40279,0.002166,74.125.68.0-255,4320,168616,12,339758
40280,0.00217,172.31.36.0-255,66,168682,12,339758
40281,0.002198,74.125.68.0-255,5738,174420,12,339758
40282,0.002201,172.31.36.0-255,66,174486,12,339758
40283,0.002228,74.125.68.0-255,2902,177388,12,339758
40284,0.002231,172.31.36.0-255,66,177454,12,339758
40285,0.002238,74.125.68.0-255,5738,183192,12,339758
40286,0.002242,172.31.36.0-255,66,183258,12,339758
40287,0.002248,74.125.68.0-255,7156,190414,12,339758
40288,0.002251,172.31.36.0-255,66,190480,12,339758
40289,0.002256,74.125.68.0-255,3602,194082,12,339758
40290,0.002259,172.31.36.0-255,66,194148,12,339758
40291,0.00447,74.125.68.0-255,4320,198468,12,339758
40292,0.004473,172.31.36.0-255,66,198534,12,339758
40293,0.004486,74.125.68.0-255,1484,200018,12,339758
40294,0.00671,74.125.68.0-255,4320,204338,12,339758
40295,0.006716,172.31.36.0-255,66,204404,12,339758
40296,0.00895,74.125.68.0-255,5738,210142,12,339758
40297,0.008956,172.31.36.0-255,66,210208,12,339758
40298,0.011183,74.125.68.0-255,5738,215946,12,339758
40299,0.011192,172.31.36.0-255,66,216012,12,339758
40300,0.013419,74.125.68.0-255,5738,221750,12,339758
40301,0.013427,172.31.36.0-255,66,221816,12,339758
40302,0.015659,74.125.68.0-255,5738,227554,12,339758
40303,0.015666,172.31.36.0-255,66,227620,12,339758
40304,0.0179,74.125.68.0-255,5738,233358,12,339758
40305,0.01791,172.31.36.0-255,66,233424,12,339758
40306,0.020144,74.125.68.0-255,5738,239162,12,339758
40307,0.020153,172.31.36.0-255,66,239228,12,339758
40308,0.022379,74.125.68.0-255,5738,244966,12,339758
40309,0.022385,172.31.36.0-255,66,245032,12,339758
40310,0.02462,74.125.68.0-255,5738,250770,12,339758
40311,0.024628,172.31.36.0-255,66,250836,12,339758
40312,0.02686,74.125.68.0-255,5738,256574,12,339758
40313,0.026868,172.31.36.0-255,66,256640,12,339758
40314,0.029104,74.125.68.0-255,5738,262378,12,339758
40315,0.029112,172.31.36.0-255,66,262444,12,339758
40316,0.031346,74.125.68.0-255,4320,266764,12,339758
40317,0.031353,172.31.36.0-255,66,266830,12,339758
40318,0.031372,74.125.68.0-255,1484,268314,12,339758
40319,0.033571,74.125.68.0-255,2902,271216,12,339758
40320,0.033578,172.31.36.0-255,66,271282,12,339758
40321,0.033612,74.125.68.0-255,1484,272766,12,339758
40322,0.034358,172.31.36.0-255,183,272949,12,339758
40323,0.03439,172.31.36.0-255,952,273901,12,339758
40324,0.03443,172.31.36.0-255,1514,275415,12,339758
40325,0.034432,172.31.36.0-255,1455,276870,12,339758
40326,0.035808,74.125.68.0-255,4320,281190,12,339758
40327,0.035814,172.31.36.0-255,66,281256,12,339758
40328,0.035898,104.244.42.0-255,66,281322,12,339758
40329,0.035941,104.244.42.0-255,66,281388,12,339758
40330,0.036008,104.244.42.0-255,66,281454,12,339758
40331,0.038034,74.125.68.0-255,5738,287192,12,339758
40332,0.038039,172.31.36.0-255,66,287258,12,339758
40333,0.040284,74.125.68.0-255,5738,292996,12,339758
40334,0.040291,172.31.36.0-255,66,293062,12,339758
40335,0.042514,74.125.68.0-255,5738,298800,12,339758
40336,0.04252,172.31.36.0-255,66,298866,12,339758
40337,0.044742,74.125.68.0-255,5738,304604,12,339758
40338,0.044747,172.31.36.0-255,66,304670,12,339758
40339,0.046977,74.125.68.0-255,5738,310408,12,339758
40340,0.046982,172.31.36.0-255,66,310474,12,339758
40341,0.049204,74.125.68.0-255,5738,316212,12,339758
40342,0.04921,172.31.36.0-255,66,316278,12,339758
40343,0.051447,74.125.68.0-255,5738,322016,12,339758
40344,0.051452,172.31.36.0-255,66,322082,12,339758
40345,0.053669,74.125.68.0-255,2902,324984,12,339758
40346,0.053673,172.31.36.0-255,66,325050,12,339758
40347,0.053703,74.125.68.0-255,2902,327952,12,339758
40348,0.053706,172.31.36.0-255,66,328018,12,339758
40349,0.0559,74.125.68.0-255,2902,330920,12,339758
40350,0.055905,172.31.36.0-255,66,330986,12,339758
40351,0.055929,74.125.68.0-255,2902,333888,12,339758
40352,0.055931,172.31.36.0-255,66,333954,12,339758
40353,0.058133,74.125.68.0-255,5738,339692,12,339758
40354,0.05814,172.31.36.0-255,66,339758,12,339758
40355,0.0,74.125.200.0-255,153,153,12,294118
40356,3.2e-05,172.31.36.0-255,66,219,12,294118
40357,4e-05,74.125.200.0-255,1484,1703,12,294118
40358,4.4e-05,172.31.36.0-255,66,1769,12,294118
40359,5.7e-05,74.125.200.0-255,2902,4671,12,294118
40360,6e-05,172.31.36.0-255,66,4737,12,294118
40361,6.7e-05,74.125.200.0-255,5738,10475,12,294118
40362,6.9e-05,172.31.36.0-255,66,10541,12,294118
40363,0.000106,74.125.200.0-255,6317,16858,12,294118
40364,0.00011,172.31.36.0-255,66,16924,12,294118
40365,0.000116,74.125.200.0-255,4320,21244,12,294118
40366,0.000118,172.31.36.0-255,66,21310,12,294118
40367,0.00016,74.125.200.0-255,2902,24212,12,294118
40368,0.000164,172.31.36.0-255,66,24278,12,294118
40369,0.000192,74.125.200.0-255,4320,28598,12,294118
40370,0.000195,172.31.36.0-255,66,28664,12,294118
40371,0.000222,74.125.200.0-255,2543,31207,12,294118
40372,0.000225,172.31.36.0-255,66,31273,12,294118
40373,0.000407,74.125.200.0-255,1484,32757,12,294118
40374,0.000411,172.31.36.0-255,66,32823,12,294118
40375,0.000416,74.125.200.0-255,2902,35725,12,294118
40376,0.000419,172.31.36.0-255,66,35791,12,294118
40377,0.000452,74.125.200.0-255,4320,40111,12,294118
40378,0.000457,172.31.36.0-255,66,40177,12,294118
40379,0.000486,74.125.200.0-255,5738,45915,12,294118
40380,0.000491,172.31.36.0-255,66,45981,12,294118
40381,0.0005,74.125.200.0-255,1484,47465,12,294118
40382,0.000503,172.31.36.0-255,66,47531,12,294118
40383,0.000531,74.125.200.0-255,5738,53269,12,294118
40384,0.000535,172.31.36.0-255,66,53335,12,294118
40385,0.00054,74.125.200.0-255,2902,56237,12,294118
40386,0.000542,172.31.36.0-255,66,56303,12,294118
40387,0.000571,74.125.200.0-255,1484,57787,12,294118
40388,0.000597,172.31.36.0-255,66,57853,12,294118
40389,0.000783,74.125.200.0-255,400,58253,12,294118
40390,0.000836,172.31.36.0-255,66,58319,12,294118
40391,0.000857,74.125.200.0-255,1484,59803,12,294118
40392,0.000864,74.125.200.0-255,2902,62705,12,294118
40393,0.000869,172.31.36.0-255,66,62771,12,294118
40394,0.000874,74.125.200.0-255,1484,64255,12,294118
40395,0.000897,74.125.200.0-255,2902,67157,12,294118
40396,0.000899,172.31.36.0-255,66,67223,12,294118
40397,0.000928,74.125.200.0-255,5738,72961,12,294118
40398,0.000933,74.125.200.0-255,4320,77281,12,294118
40399,0.000933,172.31.36.0-255,66,77347,12,294118
40400,0.000937,74.125.200.0-255,2902,80249,12,294118
40401,0.000937,172.31.36.0-255,66,80315,12,294118
40402,0.000939,172.31.36.0-255,66,80381,12,294118
40403,0.000966,74.125.200.0-255,2902,83283,12,294118
40404,0.000969,172.31.36.0-255,66,83349,12,294118
40405,0.000974,74.125.200.0-255,2902,86251,12,294118
40406,0.000977,172.31.36.0-255,66,86317,12,294118
40407,0.001005,74.125.200.0-255,6438,92755,12,294118
40408,0.001009,172.31.36.0-255,66,92821,12,294118
40409,0.001033,74.125.200.0-255,344,93165,12,294118
40410,0.001188,172.31.36.0-255,66,93231,12,294118
40411,0.001432,74.125.200.0-255,1484,94715,12,294118
40412,0.001442,74.125.200.0-255,2902,97617,12,294118
40413,0.001446,172.31.36.0-255,66,97683,12,294118
40414,0.001451,74.125.200.0-255,1484,99167,12,294118
40415,0.001476,74.125.200.0-255,4320,103487,12,294118
40416,0.00148,172.31.36.0-255,66,103553,12,294118
40417,0.001486,74.125.200.0-255,4320,107873,12,294118
40418,0.001488,172.31.36.0-255,66,107939,12,294118
40419,0.001518,74.125.200.0-255,2902,110841,12,294118
40420,0.001521,172.31.36.0-255,66,110907,12,294118
40421,0.00153,172.31.36.0-255,66,110973,12,294118
40422,0.00154,74.125.200.0-255,1484,112457,12,294118
40423,0.001577,74.125.200.0-255,6438,118895,12,294118
40424,0.00158,172.31.36.0-255,66,118961,12,294118
40425,0.001972,74.125.200.0-255,1484,120445,12,294118
40426,0.001991,74.125.200.0-255,2902,123347,12,294118
40427,0.001996,172.31.36.0-255,66,123413,12,294118
40428,0.002,74.125.200.0-255,1484,124897,12,294118
40429,0.003961,74.125.200.0-255,4320,129217,12,294118
40430,0.003966,172.31.36.0-255,66,129283,12,294118
40431,0.005932,74.125.200.0-255,1484,130767,12,294118
40432,0.005956,74.125.200.0-255,4320,135087,12,294118
40433,0.005959,172.31.36.0-255,66,135153,12,294118
40434,0.007951,74.125.200.0-255,5738,140891,12,294118
40435,0.007958,172.31.36.0-255,66,140957,12,294118
40436,0.009941,74.125.200.0-255,5738,146695,12,294118
40437,0.00995,172.31.36.0-255,66,146761,12,294118
40438,0.011925,74.125.200.0-255,5738,152499,12,294118
40439,0.011932,172.31.36.0-255,66,152565,12,294118
40440,0.013931,74.125.200.0-255,5738,158303,12,294118
40441,0.013941,172.31.36.0-255,66,158369,12,294118
40442,0.015964,74.125.200.0-255,5738,164107,12,294118
40443,0.015972,172.31.36.0-255,66,164173,12,294118
40444,0.017941,74.125.200.0-255,5738,169911,12,294118
40445,0.017947,172.31.36.0-255,66,169977,12,294118
40446,0.019932,74.125.200.0-255,5738,175715,12,294118
40447,0.019938,172.31.36.0-255,66,175781,12,294118
40448,0.021914,74.125.200.0-255,5738,181519,12,294118
40449,0.021921,172.31.36.0-255,66,181585,12,294118
40450,0.023903,74.125.200.0-255,5738,187323,12,294118
40451,0.023913,172.31.36.0-255,66,187389,12,294118
40452,0.025882,74.125.200.0-255,4320,191709,12,294118
40453,0.02589,172.31.36.0-255,66,191775,12,294118
40454,0.025927,74.125.200.0-255,1484,193259,12,294118
40455,0.027855,74.125.200.0-255,4320,197579,12,294118
40456,0.027861,172.31.36.0-255,66,197645,12,294118
40457,0.029839,74.125.200.0-255,5738,203383,12,294118
40458,0.029846,172.31.36.0-255,66,203449,12,294118
40459,0.030686,172.31.36.0-255,172,203621,12,294118
40460,0.030717,172.31.36.0-255,1107,204728,12,294118
40461,0.030759,172.31.36.0-255,1514,206242,12,294118
40462,0.03076,172.31.36.0-255,1300,207542,12,294118
40463,0.031812,74.125.200.0-255,4320,211862,12,294118
40464,0.031818,172.31.36.0-255,66,211928,12,294118
40465,0.031849,74.125.200.0-255,1484,213412,12,294118
40466,0.032237,104.244.42.0-255,66,213478,12,294118
40467,0.03228,104.244.42.0-255,66,213544,12,294118
40468,0.032333,104.244.42.0-255,66,213610,12,294118
40469,0.033696,104.244.42.0-255,108,213718,12,294118
40470,0.033717,172.31.36.0-255,66,213784,12,294118
40471,0.033778,74.125.200.0-255,2902,216686,12,294118
40472,0.033782,172.31.36.0-255,66,216752,12,294118
40473,0.033809,74.125.200.0-255,1484,218236,12,294118
40474,0.035739,74.125.200.0-255,1484,219720,12,294118
40475,0.035744,172.31.36.0-255,66,219786,12,294118
40476,0.035777,74.125.200.0-255,2902,222688,12,294118
40477,0.03578,172.31.36.0-255,66,222754,12,294118
40478,0.037719,74.125.200.0-255,2902,225656,12,294118
40479,0.037723,172.31.36.0-255,66,225722,12,294118
40480,0.037763,74.125.200.0-255,2902,228624,12,294118
40481,0.037767,172.31.36.0-255,66,228690,12,294118
40482,0.039696,74.125.200.0-255,2902,231592,12,294118
40483,0.039701,172.31.36.0-255,66,231658,12,294118
40484,0.039739,74.125.200.0-255,2902,234560,12,294118
40485,0.039742,172.31.36.0-255,66,234626,12,294118
40486,0.041673,74.125.200.0-255,2902,237528,12,294118
40487,0.041678,172.31.36.0-255,66,237594,12,294118
40488,0.041712,74.125.200.0-255,2902,240496,12,294118
40489,0.041716,172.31.36.0-255,66,240562,12,294118
40490,0.043648,74.125.200.0-255,2902,243464,12,294118
40491,0.043657,172.31.36.0-255,66,243530,12,294118
40492,0.043691,74.125.200.0-255,2902,246432,12,294118
40493,0.043696,172.31.36.0-255,66,246498,12,294118
40494,0.045626,74.125.200.0-255,2902,249400,12,294118
40495,0.045633,172.31.36.0-255,66,249466,12,294118
40496,0.045667,74.125.200.0-255,2902,252368,12,294118
40497,0.04567,172.31.36.0-255,66,252434,12,294118
40498,0.047593,74.125.200.0-255,2902,255336,12,294118
40499,0.047599,172.31.36.0-255,66,255402,12,294118
40500,0.047633,74.125.200.0-255,2902,258304,12,294118
40501,0.047636,172.31.36.0-255,66,258370,12,294118
40502,0.049559,74.125.200.0-255,2902,261272,12,294118
40503,0.049564,172.31.36.0-255,66,261338,12,294118
40504,0.049595,74.125.200.0-255,1484,262822,12,294118
40505,0.049614,74.125.200.0-255,1484,264306,12,294118
40506,0.049617,172.31.36.0-255,66,264372,12,294118
40507,0.051524,74.125.200.0-255,2902,267274,12,294118
40508,0.05153,172.31.36.0-255,66,267340,12,294118
40509,0.051571,74.125.200.0-255,2902,270242,12,294118
40510,0.051574,172.31.36.0-255,66,270308,12,294118
40511,0.053497,74.125.200.0-255,2902,273210,12,294118
40512,0.053503,172.31.36.0-255,66,273276,12,294118
40513,0.053534,74.125.200.0-255,2902,276178,12,294118
40514,0.053537,172.31.36.0-255,66,276244,12,294118
40515,0.055496,74.125.200.0-255,2902,279146,12,294118
40516,0.055502,172.31.36.0-255,66,279212,12,294118
40517,0.055536,74.125.200.0-255,2902,282114,12,294118
40518,0.055539,172.31.36.0-255,66,282180,12,294118
40519,0.057462,74.125.200.0-255,2902,285082,12,294118
40520,0.057469,172.31.36.0-255,66,285148,12,294118
40521,0.057502,74.125.200.0-255,2902,288050,12,294118
40522,0.057506,172.31.36.0-255,66,288116,12,294118
40523,0.05943,74.125.200.0-255,2902,291018,12,294118
40524,0.059436,172.31.36.0-255,66,291084,12,294118
40525,0.059454,74.125.200.0-255,1484,292568,12,294118
40526,0.059469,74.125.200.0-255,1484,294052,12,294118
40527,0.059472,172.31.36.0-255,66,294118,12,294118
40528,0.0,74.125.24.0-255,66,66,12,66
40529,0.0,172.217.194.0-255,156,156,12,172068
40530,2.3e-05,172.31.36.0-255,66,222,12,172068
40531,3.1e-05,172.217.194.0-255,1484,1706,12,172068
40532,3.5e-05,172.31.36.0-255,66,1772,12,172068
40533,4.1e-05,172.217.194.0-255,2902,4674,12,172068
40534,5.2e-05,172.31.36.0-255,66,4740,12,172068
40535,5.8e-05,172.217.194.0-255,5738,10478,12,172068
40536,6.2e-05,172.31.36.0-255,66,10544,12,172068
40537,6.9e-05,172.217.194.0-255,4320,14864,12,172068
40538,7.1e-05,172.31.36.0-255,66,14930,12,172068
40539,0.000101,172.217.194.0-255,6305,21235,12,172068
40540,0.000104,172.31.36.0-255,66,21301,12,172068
40541,0.000116,172.31.36.0-255,66,21367,12,172068
40542,0.000142,172.217.194.0-255,1484,22851,12,172068
40543,0.000144,172.31.36.0-255,66,22917,12,172068
40544,0.000179,172.217.194.0-255,2902,25819,12,172068
40545,0.000182,172.31.36.0-255,66,25885,12,172068
40546,0.000189,172.217.194.0-255,5738,31623,12,172068
40547,0.000191,172.31.36.0-255,66,31689,12,172068
40548,0.000212,172.31.36.0-255,66,31755,12,172068
40549,0.000215,172.217.194.0-255,1484,33239,12,172068
40550,0.000217,172.31.36.0-255,66,33305,12,172068
40551,0.000238,172.31.36.0-255,66,33371,12,172068
40552,0.000256,172.217.194.0-255,369,33740,12,172068
40553,0.000259,172.31.36.0-255,66,33806,12,172068
40554,0.000299,172.217.194.0-255,1484,35290,12,172068
40555,0.000301,172.31.36.0-255,66,35356,12,172068
40556,0.000306,172.217.194.0-255,2902,38258,12,172068
40557,0.000309,172.31.36.0-255,66,38324,12,172068
40558,0.00033,172.217.194.0-255,4320,42644,12,172068
40559,0.000333,172.31.36.0-255,66,42710,12,172068
40560,0.000355,172.217.194.0-255,1484,44194,12,172068
40561,0.000366,172.217.194.0-255,6797,50991,12,172068
40562,0.000369,172.31.36.0-255,66,51057,12,172068
40563,0.000403,172.217.194.0-255,7156,58213,12,172068
40564,0.000406,172.31.36.0-255,66,58279,12,172068
40565,0.000412,172.217.194.0-255,4320,62599,12,172068
40566,0.000414,172.31.36.0-255,66,62665,12,172068
40567,0.000443,172.217.194.0-255,5379,68044,12,172068
40568,0.000446,172.31.36.0-255,66,68110,12,172068
40569,0.000484,172.217.194.0-255,1484,69594,12,172068
40570,0.000488,172.217.194.0-255,1484,71078,12,172068
40571,0.00049,172.31.36.0-255,66,71144,12,172068
40572,0.000505,172.217.194.0-255,1484,72628,12,172068
40573,0.000516,172.217.194.0-255,5738,78366,12,172068
40574,0.000519,172.31.36.0-255,66,78432,12,172068
40575,0.000522,172.217.194.0-255,1484,79916,12,172068
40576,0.000556,172.31.36.0-255,66,79982,12,172068
40577,0.000561,172.217.194.0-255,2902,82884,12,172068
40578,0.000564,172.31.36.0-255,66,82950,12,172068
40579,0.000602,172.31.36.0-255,66,83016,12,172068
40580,0.000607,172.217.194.0-255,2902,85918,12,172068
40581,0.000609,172.31.36.0-255,66,85984,12,172068
40582,0.000649,172.31.36.0-255,66,86050,12,172068
40583,0.000652,172.217.194.0-255,1484,87534,12,172068
40584,0.000696,172.217.194.0-255,4320,91854,12,172068
40585,0.000698,172.31.36.0-255,66,91920,12,172068
40586,0.000742,172.31.36.0-255,66,91986,12,172068
40587,0.000751,172.217.194.0-255,5887,97873,12,172068
40588,0.000754,172.31.36.0-255,66,97939,12,172068
40589,0.000761,172.217.194.0-255,7156,105095,12,172068
40590,0.000774,172.217.194.0-255,1125,106220,12,172068
40591,0.000778,172.31.36.0-255,66,106286,12,172068
40592,0.00078,172.31.36.0-255,66,106352,12,172068
40593,0.000818,172.217.194.0-255,1484,107836,12,172068
40594,0.000821,172.31.36.0-255,66,107902,12,172068
40595,0.000825,172.217.194.0-255,2902,110804,12,172068
40596,0.000827,172.31.36.0-255,66,110870,12,172068
40597,0.000838,172.217.194.0-255,5738,116608,12,172068
40598,0.000841,172.31.36.0-255,66,116674,12,172068
40599,0.000848,172.217.194.0-255,5738,122412,12,172068
40600,0.00085,172.31.36.0-255,66,122478,12,172068
40601,0.000878,172.217.194.0-255,7156,129634,12,172068
40602,0.000881,172.31.36.0-255,66,129700,12,172068
40603,0.000893,172.31.36.0-255,66,129766,12,172068
40604,0.000896,172.217.194.0-255,766,130532,12,172068
40605,0.001205,172.217.194.0-255,1484,132016,12,172068
40606,0.00121,172.31.36.0-255,66,132082,12,172068
40607,0.001216,172.217.194.0-255,2902,134984,12,172068
40608,0.001218,172.31.36.0-255,66,135050,12,172068
40609,0.001221,172.217.194.0-255,1484,136534,12,172068
40610,0.001252,172.217.194.0-255,4320,140854,12,172068
40611,0.001255,172.31.36.0-255,66,140920,12,172068
40612,0.001269,172.31.36.0-255,66,140986,12,172068
40613,0.001272,172.217.194.0-255,1484,142470,12,172068
40614,0.001305,172.31.36.0-255,66,142536,12,172068
40615,0.001673,172.217.194.0-255,1484,144020,12,172068
40616,0.00168,172.217.194.0-255,2902,146922,12,172068
40617,0.001686,172.31.36.0-255,66,146988,12,172068
40618,0.001693,172.217.194.0-255,5738,152726,12,172068
40619,0.001696,172.31.36.0-255,66,152792,12,172068
40620,0.0017,172.217.194.0-255,2902,155694,12,172068
40621,0.001703,172.31.36.0-255,66,155760,12,172068
40622,0.001743,172.31.36.0-255,66,155826,12,172068
40623,0.001756,172.31.36.0-255,66,155892,12,172068
40624,0.001836,172.217.194.0-255,1484,157376,12,172068
40625,0.001842,172.217.194.0-255,2902,160278,12,172068
40626,0.001845,172.31.36.0-255,66,160344,12,172068
40627,0.001874,172.217.194.0-255,5738,166082,12,172068
40628,0.001877,172.31.36.0-255,66,166148,12,172068
40629,0.001891,172.31.36.0-255,66,166214,12,172068
40630,0.00194,172.31.36.0-255,66,166280,12,172068
40631,0.001966,172.217.194.0-255,3602,169882,12,172068
40632,0.001968,172.31.36.0-255,66,169948,12,172068
40633,0.001983,172.31.36.0-255,66,170014,12,172068
40634,0.001996,172.31.36.0-255,66,170080,12,172068
40635,0.002069,172.31.36.0-255,66,170146,12,172068
40636,0.002119,172.31.36.0-255,66,170212,12,172068
40637,0.002136,172.31.36.0-255,66,170278,12,172068
40638,0.002158,172.31.36.0-255,66,170344,12,172068
40639,0.002161,172.217.194.0-255,105,170449,12,172068
40640,0.00525,172.31.36.0-255,66,170515,12,172068
40641,0.005289,172.31.36.0-255,105,170620,12,172068
40642,0.007528,172.217.194.0-255,66,170686,12,172068
40643,0.039238,172.31.36.0-255,172,170858,12,172068
40644,0.03927,172.31.36.0-255,1078,171936,12,172068
40645,0.040768,104.244.42.0-255,66,172002,12,172068
40646,0.040812,104.244.42.0-255,66,172068,12,172068
40647,0.0,74.125.200.0-255,150,150,12,357512
40648,2.6e-05,172.31.36.0-255,66,216,12,357512
40649,3.2e-05,74.125.200.0-255,1484,1700,12,357512
40650,3.6e-05,172.31.36.0-255,66,1766,12,357512
40651,3.9e-05,74.125.200.0-255,1484,3250,12,357512
40652,4.1e-05,172.31.36.0-255,66,3316,12,357512
40653,6.8e-05,74.125.200.0-255,2902,6218,12,357512
40654,7.6e-05,172.31.36.0-255,66,6284,12,357512
40655,8.3e-05,74.125.200.0-255,5738,12022,12,357512
40656,8.5e-05,172.31.36.0-255,66,12088,12,357512
40657,0.0001,74.125.200.0-255,4849,16937,12,357512
40658,0.000103,172.31.36.0-255,66,17003,12,357512
40659,0.000106,74.125.200.0-255,2902,19905,12,357512
40660,0.000108,172.31.36.0-255,66,19971,12,357512
40661,0.000138,74.125.200.0-255,2902,22873,12,357512
40662,0.000142,172.31.36.0-255,66,22939,12,357512
40663,0.000146,74.125.200.0-255,2902,25841,12,357512
40664,0.000149,172.31.36.0-255,66,25907,12,357512
40665,0.00018,74.125.200.0-255,5379,31286,12,357512
40666,0.000183,172.31.36.0-255,66,31352,12,357512
40667,0.000256,74.125.200.0-255,1484,32836,12,357512
40668,0.00026,172.31.36.0-255,66,32902,12,357512
40669,0.000263,74.125.200.0-255,1484,34386,12,357512
40670,0.000266,172.31.36.0-255,66,34452,12,357512
40671,0.000284,74.125.200.0-255,1484,35936,12,357512
40672,0.000287,172.31.36.0-255,66,36002,12,357512
40673,0.000294,74.125.200.0-255,5738,41740,12,357512
40674,0.000302,172.31.36.0-255,66,41806,12,357512
40675,0.000339,74.125.200.0-255,6797,48603,12,357512
40676,0.000342,172.31.36.0-255,66,48669,12,357512
40677,0.000348,74.125.200.0-255,4320,52989,12,357512
40678,0.00035,172.31.36.0-255,66,53055,12,357512
40679,0.000384,74.125.200.0-255,5738,58793,12,357512
40680,0.000393,172.31.36.0-255,66,58859,12,357512
40681,0.000402,74.125.200.0-255,7066,65925,12,357512
40682,0.000415,172.31.36.0-255,66,65991,12,357512
40683,0.000441,74.125.200.0-255,418,66409,12,357512
40684,0.000703,74.125.200.0-255,1484,67893,12,357512
40685,0.000707,172.31.36.0-255,66,67959,12,357512
40686,0.000713,74.125.200.0-255,2902,70861,12,357512
40687,0.000722,172.31.36.0-255,66,70927,12,357512
40688,0.000736,74.125.200.0-255,5738,76665,12,357512
40689,0.000748,172.31.36.0-255,66,76731,12,357512
40690,0.000758,74.125.200.0-255,4320,81051,12,357512
40691,0.000764,172.31.36.0-255,66,81117,12,357512
40692,0.000792,74.125.200.0-255,5738,86855,12,357512
40693,0.000799,172.31.36.0-255,66,86921,12,357512
40694,0.000805,74.125.200.0-255,2184,89105,12,357512
40695,0.000806,172.31.36.0-255,66,89171,12,357512
40696,0.001179,74.125.200.0-255,1484,90655,12,357512
40697,0.001187,74.125.200.0-255,2902,93557,12,357512
40698,0.001212,74.125.200.0-255,2902,96459,12,357512
40699,0.001225,74.125.200.0-255,4320,100779,12,357512
40700,0.001241,74.125.200.0-255,1484,102263,12,357512
40701,0.001267,74.125.200.0-255,7156,109419,12,357512
40702,0.00127,74.125.200.0-255,1484,110903,12,357512
40703,0.001299,74.125.200.0-255,2902,113805,12,357512
40704,0.001315,74.125.200.0-255,1484,115289,12,357512
40705,0.001328,74.125.200.0-255,2902,118191,12,357512
40706,0.001368,74.125.200.0-255,1484,119675,12,357512
40707,0.001388,74.125.200.0-255,2902,122577,12,357512
40708,0.001391,74.125.200.0-255,766,123343,12,357512
40709,0.001439,74.125.200.0-255,1484,124827,12,357512
40710,0.001457,74.125.200.0-255,1484,126311,12,357512
40711,0.001482,74.125.200.0-255,1484,127795,12,357512
40712,0.001491,74.125.200.0-255,1484,129279,12,357512
40713,0.001523,74.125.200.0-255,2902,132181,12,357512
40714,0.001554,74.125.200.0-255,4320,136501,12,357512
40715,0.001569,74.125.200.0-255,2902,139403,12,357512
40716,0.001587,74.125.200.0-255,4320,143723,12,357512
40717,0.00159,74.125.200.0-255,1484,145207,12,357512
40718,0.001611,74.125.200.0-255,7156,152363,12,357512
40719,0.001613,74.125.200.0-255,1484,153847,12,357512
40720,0.001631,74.125.200.0-255,3602,157449,12,357512
40721,0.001724,74.125.200.0-255,1484,158933,12,357512
40722,0.001736,74.125.200.0-255,2902,161835,12,357512
40723,0.001763,74.125.200.0-255,2902,164737,12,357512
40724,0.00178,74.125.200.0-255,2902,167639,12,357512
40725,0.001822,74.125.200.0-255,2902,170541,12,357512
40726,0.001841,74.125.200.0-255,4320,174861,12,357512
40727,0.001855,74.125.200.0-255,2184,177045,12,357512
40728,0.001995,74.125.200.0-255,1484,178529,12,357512
40729,0.002012,74.125.200.0-255,1484,180013,12,357512
40730,0.00203,74.125.200.0-255,1484,181497,12,357512
40731,0.002036,74.125.200.0-255,5738,187235,12,357512
40732,0.00204,74.125.200.0-255,2902,190137,12,357512
40733,0.002078,74.125.200.0-255,1484,191621,12,357512
40734,0.002082,74.125.200.0-255,2902,194523,12,357512
40735,0.002294,74.125.200.0-255,1484,196007,12,357512
40736,0.002319,74.125.200.0-255,1484,197491,12,357512
40737,0.002328,74.125.200.0-255,1484,198975,12,357512
40738,0.002347,74.125.200.0-255,4320,203295,12,357512
40739,0.002364,74.125.200.0-255,2902,206197,12,357512
40740,0.003697,172.31.36.0-255,66,206263,12,357512
40741,0.006076,74.125.200.0-255,5738,212001,12,357512
40742,0.006082,172.31.36.0-255,66,212067,12,357512
40743,0.008413,74.125.200.0-255,5738,217805,12,357512
40744,0.008419,172.31.36.0-255,66,217871,12,357512
40745,0.010759,74.125.200.0-255,5738,223609,12,357512
40746,0.010769,172.31.36.0-255,66,223675,12,357512
40747,0.013096,74.125.200.0-255,5738,229413,12,357512
40748,0.013107,172.31.36.0-255,66,229479,12,357512
40749,0.015462,74.125.200.0-255,5738,235217,12,357512
40750,0.015469,172.31.36.0-255,66,235283,12,357512
40751,0.01779,74.125.200.0-255,5738,241021,12,357512
40752,0.017796,172.31.36.0-255,66,241087,12,357512
40753,0.020124,74.125.200.0-255,5738,246825,12,357512
40754,0.020133,172.31.36.0-255,66,246891,12,357512
40755,0.022458,74.125.200.0-255,5738,252629,12,357512
40756,0.022465,172.31.36.0-255,66,252695,12,357512
40757,0.024809,74.125.200.0-255,5738,258433,12,357512
40758,0.024817,172.31.36.0-255,66,258499,12,357512
40759,0.027141,74.125.200.0-255,5738,264237,12,357512
40760,0.027148,172.31.36.0-255,66,264303,12,357512
40761,0.029467,74.125.200.0-255,2902,267205,12,357512
40762,0.029473,172.31.36.0-255,66,267271,12,357512
40763,0.029507,74.125.200.0-255,2902,270173,12,357512
40764,0.02952,172.31.36.0-255,66,270239,12,357512
40765,0.031803,74.125.200.0-255,2902,273141,12,357512
40766,0.03181,172.31.36.0-255,66,273207,12,357512
40767,0.031854,74.125.200.0-255,2902,276109,12,357512
40768,0.031866,172.31.36.0-255,66,276175,12,357512
40769,0.034153,74.125.200.0-255,2902,279077,12,357512
40770,0.03416,172.31.36.0-255,66,279143,12,357512
40771,0.034188,74.125.200.0-255,2902,282045,12,357512
40772,0.034332,172.31.36.0-255,66,282111,12,357512
40773,0.036131,172.31.36.0-255,172,282283,12,357512
40774,0.036162,172.31.36.0-255,1110,283393,12,357512
40775,0.036205,172.31.36.0-255,1514,284907,12,357512
40776,0.036206,172.31.36.0-255,1514,286421,12,357512
40777,0.036208,172.31.36.0-255,1514,287935,12,357512
40778,0.036209,172.31.36.0-255,1514,289449,12,357512
40779,0.03624,172.31.36.0-255,1514,290963,12,357512
40780,0.036241,172.31.36.0-255,923,291886,12,357512
40781,0.0365,74.125.200.0-255,2902,294788,12,357512
40782,0.036506,172.31.36.0-255,66,294854,12,357512
40783,0.036653,74.125.200.0-255,2902,297756,12,357512
40784,0.036659,172.31.36.0-255,66,297822,12,357512
40785,0.037691,104.244.42.0-255,66,297888,12,357512
40786,0.037742,104.244.42.0-255,66,297954,12,357512
40787,0.037784,104.244.42.0-255,66,298020,12,357512
40788,0.037789,104.244.42.0-255,66,298086,12,357512
40789,0.038829,74.125.200.0-255,2902,300988,12,357512
40790,0.038836,172.31.36.0-255,66,301054,12,357512
40791,0.038975,74.125.200.0-255,2902,303956,12,357512
40792,0.03898,172.31.36.0-255,66,304022,12,357512
40793,0.041157,74.125.200.0-255,2902,306924,12,357512
40794,0.041163,172.31.36.0-255,66,306990,12,357512
40795,0.041301,74.125.200.0-255,2902,309892,12,357512
40796,0.041306,172.31.36.0-255,66,309958,12,357512
40797,0.043484,74.125.200.0-255,2902,312860,12,357512
40798,0.04349,172.31.36.0-255,66,312926,12,357512
40799,0.043628,74.125.200.0-255,2902,315828,12,357512
40800,0.043633,172.31.36.0-255,66,315894,12,357512
40801,0.045832,74.125.200.0-255,2902,318796,12,357512
40802,0.045838,172.31.36.0-255,66,318862,12,357512
40803,0.045942,74.125.200.0-255,2902,321764,12,357512
40804,0.045947,172.31.36.0-255,66,321830,12,357512
40805,0.048153,74.125.200.0-255,2902,324732,12,357512
40806,0.048159,172.31.36.0-255,66,324798,12,357512
40807,0.048269,74.125.200.0-255,2902,327700,12,357512
40808,0.048273,172.31.36.0-255,66,327766,12,357512
40809,0.05048,74.125.200.0-255,2902,330668,12,357512
40810,0.050486,172.31.36.0-255,66,330734,12,357512
40811,0.050581,74.125.200.0-255,2902,333636,12,357512
40812,0.050586,172.31.36.0-255,66,333702,12,357512
40813,0.052803,74.125.200.0-255,1484,335186,12,357512
40814,0.052884,74.125.200.0-255,1484,336670,12,357512
40815,0.05289,172.31.36.0-255,66,336736,12,357512
40816,0.052905,74.125.200.0-255,2902,339638,12,357512
40817,0.052914,172.31.36.0-255,66,339704,12,357512
40818,0.055216,74.125.200.0-255,2902,342606,12,357512
40819,0.055223,172.31.36.0-255,66,342672,12,357512
40820,0.055258,74.125.200.0-255,2902,345574,12,357512
40821,0.055271,172.31.36.0-255,66,345640,12,357512
40822,0.057551,74.125.200.0-255,2902,348542,12,357512
40823,0.057557,172.31.36.0-255,66,348608,12,357512
40824,0.057592,74.125.200.0-255,2902,351510,12,357512
40825,0.057599,172.31.36.0-255,66,351576,12,357512
40826,0.059874,74.125.200.0-255,2902,354478,12,357512
40827,0.059879,172.31.36.0-255,66,354544,12,357512
40828,0.059925,74.125.200.0-255,2902,357446,12,357512
40829,0.059934,172.31.36.0-255,66,357512,12,357512
40830,0.0,172.217.194.0-255,298,298,12,311174
40831,3.2e-05,172.31.36.0-255,66,364,12,311174
40832,3.8e-05,172.217.194.0-255,1484,1848,12,311174
40833,4.3e-05,172.31.36.0-255,66,1914,12,311174
40834,4.8e-05,172.217.194.0-255,2902,4816,12,311174
40835,5.2e-05,172.31.36.0-255,66,4882,12,311174
40836,7.7e-05,172.217.194.0-255,1484,6366,12,311174
40837,7.9e-05,172.31.36.0-255,66,6432,12,311174
40838,8.4e-05,172.217.194.0-255,2902,9334,12,311174
40839,8.7e-05,172.31.36.0-255,66,9400,12,311174
40840,0.000112,172.217.194.0-255,1484,10884,12,311174
40841,0.000115,172.31.36.0-255,66,10950,12,311174
40842,0.000127,172.31.36.0-255,66,11016,12,311174
40843,0.000132,172.217.194.0-255,4320,15336,12,311174
40844,0.000135,172.31.36.0-255,66,15402,12,311174
40845,0.000178,172.217.194.0-255,5379,20781,12,311174
40846,0.000181,172.31.36.0-255,66,20847,12,311174
40847,0.000265,172.217.194.0-255,1484,22331,12,311174
40848,0.000269,172.31.36.0-255,66,22397,12,311174
40849,0.000274,172.217.194.0-255,2902,25299,12,311174
40850,0.000276,172.31.36.0-255,66,25365,12,311174
40851,0.000299,172.217.194.0-255,2902,28267,12,311174
40852,0.000304,172.31.36.0-255,66,28333,12,311174
40853,0.000322,172.217.194.0-255,2902,31235,12,311174
40854,0.000325,172.31.36.0-255,66,31301,12,311174
40855,0.00035,172.31.36.0-255,66,31367,12,311174
40856,0.000374,172.217.194.0-255,1484,32851,12,311174
40857,0.000377,172.31.36.0-255,66,32917,12,311174
40858,0.000409,172.31.36.0-255,66,32983,12,311174
40859,0.000648,172.217.194.0-255,378,33361,12,311174
40860,0.000729,172.217.194.0-255,366,33727,12,311174
40861,0.000772,172.217.194.0-255,1484,35211,12,311174
40862,0.000776,172.217.194.0-255,2902,38113,12,311174
40863,0.000778,172.31.36.0-255,66,38179,12,311174
40864,0.000781,172.31.36.0-255,66,38245,12,311174
40865,0.000793,172.217.194.0-255,1484,39729,12,311174
40866,0.000829,172.217.194.0-255,4320,44049,12,311174
40867,0.000833,172.31.36.0-255,66,44115,12,311174
40868,0.000847,172.31.36.0-255,66,44181,12,311174
40869,0.000854,172.217.194.0-255,5738,49919,12,311174
40870,0.000856,172.31.36.0-255,66,49985,12,311174
40871,0.000879,172.217.194.0-255,1484,51469,12,311174
40872,0.000904,172.217.194.0-255,3602,55071,12,311174
40873,0.000908,172.31.36.0-255,66,55137,12,311174
40874,0.001193,172.217.194.0-255,1484,56621,12,311174
40875,0.001203,172.217.194.0-255,2902,59523,12,311174
40876,0.001207,172.31.36.0-255,66,59589,12,311174
40877,0.001231,172.217.194.0-255,5738,65327,12,311174
40878,0.001235,172.31.36.0-255,66,65393,12,311174
40879,0.001239,172.217.194.0-255,1484,66877,12,311174
40880,0.001265,172.217.194.0-255,4320,71197,12,311174
40881,0.001268,172.31.36.0-255,66,71263,12,311174
40882,0.001275,172.217.194.0-255,4320,75583,12,311174
40883,0.001277,172.31.36.0-255,66,75649,12,311174
40884,0.001308,172.31.36.0-255,66,75715,12,311174
40885,0.001315,172.217.194.0-255,5020,80735,12,311174
40886,0.001318,172.31.36.0-255,66,80801,12,311174
40887,0.00136,172.217.194.0-255,1484,82285,12,311174
40888,0.001365,172.217.194.0-255,2902,85187,12,311174
40889,0.001368,172.31.36.0-255,66,85253,12,311174
40890,0.001372,172.217.194.0-255,1484,86737,12,311174
40891,0.001395,172.217.194.0-255,4320,91057,12,311174
40892,0.001398,172.31.36.0-255,66,91123,12,311174
40893,0.001408,172.31.36.0-255,66,91189,12,311174
40894,0.001461,172.217.194.0-255,7156,98345,12,311174
40895,0.001466,172.31.36.0-255,66,98411,12,311174
40896,0.001498,172.31.36.0-255,66,98477,12,311174
40897,0.001734,172.217.194.0-255,1484,99961,12,311174
40898,0.00174,172.217.194.0-255,2902,102863,12,311174
40899,0.001745,172.31.36.0-255,66,102929,12,311174
40900,0.001753,172.217.194.0-255,5738,108667,12,311174
40901,0.001754,172.31.36.0-255,66,108733,12,311174
40902,0.001794,172.31.36.0-255,66,108799,12,311174
40903,0.001819,172.217.194.0-255,2902,111701,12,311174
40904,0.001824,172.31.36.0-255,66,111767,12,311174
40905,0.001836,172.31.36.0-255,66,111833,12,311174
40906,0.001859,172.217.194.0-255,1484,113317,12,311174
40907,0.001879,172.217.194.0-255,2902,116219,12,311174
40908,0.001887,172.217.194.0-255,5738,121957,12,311174
40909,0.001905,172.217.194.0-255,7156,129113,12,311174
40910,0.001911,172.31.36.0-255,66,129179,12,311174
40911,0.001921,172.217.194.0-255,4320,133499,12,311174
40912,0.001928,172.31.36.0-255,66,133565,12,311174
40913,0.001948,172.217.194.0-255,2184,135749,12,311174
40914,0.001982,172.31.36.0-255,66,135815,12,311174
40915,0.002044,172.217.194.0-255,1484,137299,12,311174
40916,0.002051,172.217.194.0-255,2902,140201,12,311174
40917,0.002057,172.217.194.0-255,2902,143103,12,311174
40918,0.002065,172.31.36.0-255,66,143169,12,311174
40919,0.00208,172.217.194.0-255,2902,146071,12,311174
40920,0.002125,172.217.194.0-255,7156,153227,12,311174
40921,0.002132,172.31.36.0-255,66,153293,12,311174
40922,0.002144,172.217.194.0-255,5738,159031,12,311174
40923,0.002203,172.31.36.0-255,66,159097,12,311174
40924,0.004295,172.217.194.0-255,5738,164835,12,311174
40925,0.004301,172.31.36.0-255,66,164901,12,311174
40926,0.006433,172.217.194.0-255,5738,170639,12,311174
40927,0.00644,172.31.36.0-255,66,170705,12,311174
40928,0.008566,172.217.194.0-255,5738,176443,12,311174
40929,0.008577,172.31.36.0-255,66,176509,12,311174
40930,0.010711,172.217.194.0-255,5738,182247,12,311174
40931,0.01072,172.31.36.0-255,66,182313,12,311174
40932,0.012822,172.217.194.0-255,5738,188051,12,311174
40933,0.01283,172.31.36.0-255,66,188117,12,311174
40934,0.01496,172.217.194.0-255,5738,193855,12,311174
40935,0.01497,172.31.36.0-255,66,193921,12,311174
40936,0.017069,172.217.194.0-255,5738,199659,12,311174
40937,0.017081,172.31.36.0-255,66,199725,12,311174
40938,0.019189,172.217.194.0-255,5738,205463,12,311174
40939,0.019198,172.31.36.0-255,66,205529,12,311174
40940,0.021289,172.217.194.0-255,5738,211267,12,311174
40941,0.0213,172.31.36.0-255,66,211333,12,311174
40942,0.023429,172.217.194.0-255,5738,217071,12,311174
40943,0.023437,172.31.36.0-255,66,217137,12,311174
40944,0.024845,172.31.36.0-255,172,217309,12,311174
40945,0.024876,172.31.36.0-255,1107,218416,12,311174
40946,0.024939,172.31.36.0-255,1514,219930,12,311174
40947,0.024941,172.31.36.0-255,1300,221230,12,311174
40948,0.025539,172.217.194.0-255,5738,226968,12,311174
40949,0.025546,172.31.36.0-255,66,227034,12,311174
40950,0.026426,104.244.42.0-255,66,227100,12,311174
40951,0.026471,104.244.42.0-255,66,227166,12,311174
40952,0.026506,104.244.42.0-255,66,227232,12,311174
40953,0.027633,172.217.194.0-255,2902,230134,12,311174
40954,0.02764,172.31.36.0-255,66,230200,12,311174
40955,0.027647,172.217.194.0-255,2902,233102,12,311174
40956,0.02765,172.31.36.0-255,66,233168,12,311174
40957,0.029776,172.217.194.0-255,5738,238906,12,311174
40958,0.029784,172.31.36.0-255,66,238972,12,311174
40959,0.031902,172.217.194.0-255,5738,244710,12,311174
40960,0.031909,172.31.36.0-255,66,244776,12,311174
40961,0.034027,172.217.194.0-255,5738,250514,12,311174
40962,0.034034,172.31.36.0-255,66,250580,12,311174
40963,0.03612,172.217.194.0-255,5738,256318,12,311174
40964,0.036127,172.31.36.0-255,66,256384,12,311174
40965,0.038243,172.217.194.0-255,5738,262122,12,311174
40966,0.03825,172.31.36.0-255,66,262188,12,311174
40967,0.040353,172.217.194.0-255,5738,267926,12,311174
40968,0.040363,172.31.36.0-255,66,267992,12,311174
40969,0.042461,172.217.194.0-255,5738,273730,12,311174
40970,0.042468,172.31.36.0-255,66,273796,12,311174
40971,0.044562,172.217.194.0-255,5738,279534,12,311174
40972,0.044569,172.31.36.0-255,66,279600,12,311174
40973,0.046667,172.217.194.0-255,5738,285338,12,311174
40974,0.046674,172.31.36.0-255,66,285404,12,311174
40975,0.048777,172.217.194.0-255,5738,291142,12,311174
40976,0.048784,172.31.36.0-255,66,291208,12,311174
40977,0.050945,172.217.194.0-255,5738,296946,12,311174
40978,0.050952,172.31.36.0-255,66,297012,12,311174
40979,0.053089,172.217.194.0-255,5738,302750,12,311174
40980,0.053097,172.31.36.0-255,66,302816,12,311174
40981,0.055207,172.217.194.0-255,5738,308554,12,311174
40982,0.055213,172.31.36.0-255,66,308620,12,311174
40983,0.057317,172.217.194.0-255,2317,310937,12,311174
40984,0.057324,172.31.36.0-255,66,311003,12,311174
40985,0.057496,172.31.36.0-255,105,311108,12,311174
40986,0.059565,172.217.194.0-255,66,311174,12,311174
40987,0.0,172.217.160.0-255,147,147,12,323610
40988,2.5e-05,172.31.36.0-255,66,213,12,323610
40989,3.2e-05,172.217.160.0-255,1484,1697,12,323610
40990,3.6e-05,172.31.36.0-255,66,1763,12,323610
40991,4.2e-05,172.217.160.0-255,2902,4665,12,323610
40992,4.5e-05,172.31.36.0-255,66,4731,12,323610
40993,5.3e-05,172.217.160.0-255,7156,11887,12,323610
40994,5.6e-05,172.31.36.0-255,66,11953,12,323610
40995,6e-05,172.217.160.0-255,2105,14058,12,323610
40996,6.4e-05,172.31.36.0-255,66,14124,12,323610
40997,0.000351,172.217.160.0-255,1484,15608,12,323610
40998,0.000357,172.31.36.0-255,66,15674,12,323610
40999,0.000364,172.217.160.0-255,2902,18576,12,323610
41000,0.000366,172.31.36.0-255,66,18642,12,323610
41001,0.000373,172.217.160.0-255,5738,24380,12,323610
41002,0.000375,172.31.36.0-255,66,24446,12,323610
41003,0.000419,172.217.160.0-255,6797,31243,12,323610
41004,0.000423,172.31.36.0-255,66,31309,12,323610
41005,0.000474,172.217.160.0-255,1484,32793,12,323610
41006,0.000478,172.31.36.0-255,66,32859,12,323610
41007,0.000482,172.217.160.0-255,2902,35761,12,323610
41008,0.000484,172.31.36.0-255,66,35827,12,323610
41009,0.000488,172.217.160.0-255,1484,37311,12,323610
41010,0.00049,172.31.36.0-255,66,37377,12,323610
41011,0.000528,172.217.160.0-255,4320,41697,12,323610
41012,0.000532,172.31.36.0-255,66,41763,12,323610
41013,0.000539,172.217.160.0-255,6797,48560,12,323610
41014,0.000542,172.31.36.0-255,66,48626,12,323610
41015,0.00082,172.217.160.0-255,1484,50110,12,323610
41016,0.000826,172.31.36.0-255,66,50176,12,323610
41017,0.000832,172.217.160.0-255,2902,53078,12,323610
41018,0.000835,172.31.36.0-255,66,53144,12,323610
41019,0.000842,172.217.160.0-255,5738,58882,12,323610
41020,0.000845,172.31.36.0-255,66,58948,12,323610
41021,0.000877,172.217.160.0-255,7067,66015,12,323610
41022,0.00088,172.31.36.0-255,66,66081,12,323610
41023,0.000946,172.217.160.0-255,408,66489,12,323610
41024,0.001092,172.217.160.0-255,1484,67973,12,323610
41025,0.001095,172.31.36.0-255,66,68039,12,323610
41026,0.001101,172.217.160.0-255,2902,70941,12,323610
41027,0.001103,172.31.36.0-255,66,71007,12,323610
41028,0.001109,172.217.160.0-255,4320,75327,12,323610
41029,0.001111,172.31.36.0-255,66,75393,12,323610
41030,0.001133,172.217.160.0-255,1484,76877,12,323610
41031,0.001139,172.217.160.0-255,4320,81197,12,323610
41032,0.001141,172.31.36.0-255,66,81263,12,323610
41033,0.001149,172.217.160.0-255,7156,88419,12,323610
41034,0.001151,172.31.36.0-255,66,88485,12,323610
41035,0.001176,172.217.160.0-255,5379,93864,12,323610
41036,0.001179,172.31.36.0-255,66,93930,12,323610
41037,0.001186,172.217.160.0-255,6797,100727,12,323610
41038,0.001189,172.31.36.0-255,66,100793,12,323610
41039,0.001196,172.217.160.0-255,7156,107949,12,323610
41040,0.001198,172.31.36.0-255,66,108015,12,323610
41041,0.00125,172.31.36.0-255,66,108081,12,323610
41042,0.001653,172.217.160.0-255,1484,109565,12,323610
41043,0.001659,172.217.160.0-255,2902,112467,12,323610
41044,0.001662,172.31.36.0-255,66,112533,12,323610
41045,0.001678,172.217.160.0-255,4320,116853,12,323610
41046,0.00168,172.31.36.0-255,66,116919,12,323610
41047,0.003324,172.217.160.0-255,5738,122657,12,323610
41048,0.003331,172.31.36.0-255,66,122723,12,323610
41049,0.004977,172.217.160.0-255,5738,128461,12,323610
41050,0.004981,172.31.36.0-255,66,128527,12,323610
41051,0.006623,172.217.160.0-255,5738,134265,12,323610
41052,0.006625,172.31.36.0-255,66,134331,12,323610
41053,0.00829,172.217.160.0-255,5738,140069,12,323610
41054,0.008297,172.31.36.0-255,66,140135,12,323610
41055,0.009956,172.217.160.0-255,5738,145873,12,323610
41056,0.009965,172.31.36.0-255,66,145939,12,323610
41057,0.011617,172.217.160.0-255,5738,151677,12,323610
41058,0.011625,172.31.36.0-255,66,151743,12,323610
41059,0.013288,172.217.160.0-255,5738,157481,12,323610
41060,0.013296,172.31.36.0-255,66,157547,12,323610
41061,0.014956,172.217.160.0-255,5738,163285,12,323610
41062,0.014964,172.31.36.0-255,66,163351,12,323610
41063,0.016625,172.217.160.0-255,5738,169089,12,323610
41064,0.016637,172.31.36.0-255,66,169155,12,323610
41065,0.018304,172.217.160.0-255,5738,174893,12,323610
41066,0.018312,172.31.36.0-255,66,174959,12,323610
41067,0.019975,172.217.160.0-255,5738,180697,12,323610
41068,0.019984,172.31.36.0-255,66,180763,12,323610
41069,0.021643,172.217.160.0-255,5738,186501,12,323610
41070,0.021651,172.31.36.0-255,66,186567,12,323610
41071,0.023303,172.217.160.0-255,5738,192305,12,323610
41072,0.023313,172.31.36.0-255,66,192371,12,323610
41073,0.024974,172.217.160.0-255,5738,198109,12,323610
41074,0.024982,172.31.36.0-255,66,198175,12,323610
41075,0.026653,172.217.160.0-255,5738,203913,12,323610
41076,0.026664,172.31.36.0-255,66,203979,12,323610
41077,0.028324,172.217.160.0-255,5738,209717,12,323610
41078,0.028331,172.31.36.0-255,66,209783,12,323610
41079,0.029997,172.217.160.0-255,5738,215521,12,323610
41080,0.030008,172.31.36.0-255,66,215587,12,323610
41081,0.031677,172.217.160.0-255,5738,221325,12,323610
41082,0.031688,172.31.36.0-255,66,221391,12,323610
41083,0.033362,172.217.160.0-255,5738,227129,12,323610
41084,0.03337,172.31.36.0-255,66,227195,12,323610
41085,0.034311,172.31.36.0-255,172,227367,12,323610
41086,0.034345,172.31.36.0-255,1108,228475,12,323610
41087,0.034411,172.31.36.0-255,1514,229989,12,323610
41088,0.034413,172.31.36.0-255,1514,231503,12,323610
41089,0.034418,172.31.36.0-255,1514,233017,12,323610
41090,0.034419,172.31.36.0-255,1514,234531,12,323610
41091,0.034438,172.31.36.0-255,1514,236045,12,323610
41092,0.034439,172.31.36.0-255,67,236112,12,323610
41093,0.035047,172.217.160.0-255,5738,241850,12,323610
41094,0.035054,172.31.36.0-255,66,241916,12,323610
41095,0.035859,104.244.42.0-255,66,241982,12,323610
41096,0.035865,104.244.42.0-255,66,242048,12,323610
41097,0.035969,104.244.42.0-255,66,242114,12,323610
41098,0.035974,104.244.42.0-255,66,242180,12,323610
41099,0.036652,104.244.42.0-255,108,242288,12,323610
41100,0.036659,172.31.36.0-255,66,242354,12,323610
41101,0.036708,172.217.160.0-255,5738,248092,12,323610
41102,0.036711,172.31.36.0-255,66,248158,12,323610
41103,0.038375,172.217.160.0-255,5738,253896,12,323610
41104,0.038383,172.31.36.0-255,66,253962,12,323610
41105,0.04004,172.217.160.0-255,5738,259700,12,323610
41106,0.040047,172.31.36.0-255,66,259766,12,323610
41107,0.041699,172.217.160.0-255,5738,265504,12,323610
41108,0.041712,172.31.36.0-255,66,265570,12,323610
41109,0.043363,172.217.160.0-255,5738,271308,12,323610
41110,0.043371,172.31.36.0-255,66,271374,12,323610
41111,0.045035,172.217.160.0-255,5738,277112,12,323610
41112,0.045045,172.31.36.0-255,66,277178,12,323610
41113,0.046715,172.217.160.0-255,5738,282916,12,323610
41114,0.046723,172.31.36.0-255,66,282982,12,323610
41115,0.048451,172.217.160.0-255,5738,288720,12,323610
41116,0.048458,172.31.36.0-255,66,288786,12,323610
41117,0.050131,172.217.160.0-255,5738,294524,12,323610
41118,0.050139,172.31.36.0-255,66,294590,12,323610
41119,0.051805,172.217.160.0-255,5738,300328,12,323610
41120,0.051812,172.31.36.0-255,66,300394,12,323610
41121,0.053476,172.217.160.0-255,5738,306132,12,323610
41122,0.053484,172.31.36.0-255,66,306198,12,323610
41123,0.055146,172.217.160.0-255,5738,311936,12,323610
41124,0.055153,172.31.36.0-255,66,312002,12,323610
41125,0.056816,172.217.160.0-255,5738,317740,12,323610
41126,0.056823,172.31.36.0-255,66,317806,12,323610
41127,0.058486,172.217.160.0-255,5738,323544,12,323610
41128,0.058493,172.31.36.0-255,66,323610,12,323610
41129,0.0,172.31.36.0-255,171,171,12,10927
41130,2.8e-05,172.31.36.0-255,1130,1301,12,10927
41131,0.000109,172.31.36.0-255,1514,2815,12,10927
41132,0.000111,172.31.36.0-255,1514,4329,12,10927
41133,0.000115,172.31.36.0-255,1514,5843,12,10927
41134,0.000116,172.31.36.0-255,1514,7357,12,10927
41135,0.000135,172.31.36.0-255,1514,8871,12,10927
41136,0.000136,172.31.36.0-255,1514,10385,12,10927
41137,0.000156,172.31.36.0-255,212,10597,12,10927
41138,0.00153,104.244.42.0-255,66,10663,12,10927
41139,0.001541,104.244.42.0-255,66,10729,12,10927
41140,0.001647,104.244.42.0-255,66,10795,12,10927
41141,0.001684,104.244.42.0-255,66,10861,12,10927
41142,0.001688,104.244.42.0-255,66,10927,12,10927
41143,0.0,74.125.24.0-255,153,153,12,224610
41144,2.4e-05,172.31.36.0-255,66,219,12,224610
41145,3.1e-05,74.125.24.0-255,1484,1703,12,224610
41146,3.6e-05,172.31.36.0-255,66,1769,12,224610
41147,5.9e-05,74.125.24.0-255,2902,4671,12,224610
41148,6.2e-05,172.31.36.0-255,66,4737,12,224610
41149,6.7e-05,74.125.24.0-255,2902,7639,12,224610
41150,6.9e-05,172.31.36.0-255,66,7705,12,224610
41151,7.5e-05,74.125.24.0-255,4320,12025,12,224610
41152,7.8e-05,172.31.36.0-255,66,12091,12,224610
41153,9.4e-05,74.125.24.0-255,1484,13575,12,224610
41154,9.6e-05,172.31.36.0-255,66,13641,12,224610
41155,0.000119,172.31.36.0-255,66,13707,12,224610
41156,0.000122,74.125.24.0-255,1484,15191,12,224610
41157,0.000124,172.31.36.0-255,66,15257,12,224610
41158,0.000146,74.125.24.0-255,7156,22413,12,224610
41159,0.000149,172.31.36.0-255,66,22479,12,224610
41160,0.000179,74.125.24.0-255,1125,23604,12,224610
41161,0.000182,172.31.36.0-255,66,23670,12,224610
41162,0.000248,74.125.24.0-255,1484,25154,12,224610
41163,0.000252,172.31.36.0-255,66,25220,12,224610
41164,0.000257,74.125.24.0-255,2902,28122,12,224610
41165,0.000259,172.31.36.0-255,66,28188,12,224610
41166,0.000266,74.125.24.0-255,4320,32508,12,224610
41167,0.00027,172.31.36.0-255,66,32574,12,224610
41168,0.000276,74.125.24.0-255,5738,38312,12,224610
41169,0.000279,172.31.36.0-255,66,38378,12,224610
41170,0.000311,172.31.36.0-255,66,38444,12,224610
41171,0.00033,74.125.24.0-255,2543,40987,12,224610
41172,0.000332,172.31.36.0-255,66,41053,12,224610
41173,0.000359,74.125.24.0-255,5738,46791,12,224610
41174,0.000361,172.31.36.0-255,66,46857,12,224610
41175,0.000394,74.125.24.0-255,2822,49679,12,224610
41176,0.000396,172.31.36.0-255,66,49745,12,224610
41177,0.0004,74.125.24.0-255,132,49877,12,224610
41178,0.000585,74.125.24.0-255,1484,51361,12,224610
41179,0.00059,172.31.36.0-255,66,51427,12,224610
41180,0.000597,74.125.24.0-255,2902,54329,12,224610
41181,0.0006,172.31.36.0-255,66,54395,12,224610
41182,0.000603,74.125.24.0-255,1484,55879,12,224610
41183,0.000631,74.125.24.0-255,4320,60199,12,224610
41184,0.000636,74.125.24.0-255,4320,64519,12,224610
41185,0.000641,172.31.36.0-255,66,64585,12,224610
41186,0.00065,172.31.36.0-255,66,64651,12,224610
41187,0.000662,172.31.36.0-255,66,64717,12,224610
41188,0.000697,74.125.24.0-255,2543,67260,12,224610
41189,0.0007,172.31.36.0-255,66,67326,12,224610
41190,0.000708,74.125.24.0-255,6797,74123,12,224610
41191,0.000711,172.31.36.0-255,66,74189,12,224610
41192,0.000897,74.125.24.0-255,1484,75673,12,224610
41193,0.000904,74.125.24.0-255,2902,78575,12,224610
41194,0.000909,172.31.36.0-255,66,78641,12,224610
41195,0.000913,74.125.24.0-255,1484,80125,12,224610
41196,0.000937,74.125.24.0-255,4320,84445,12,224610
41197,0.000941,172.31.36.0-255,66,84511,12,224610
41198,0.000944,74.125.24.0-255,1484,85995,12,224610
41199,0.000955,172.31.36.0-255,66,86061,12,224610
41200,0.000975,74.125.24.0-255,4320,90381,12,224610
41201,0.000979,172.31.36.0-255,66,90447,12,224610
41202,0.001009,172.31.36.0-255,66,90513,12,224610
41203,0.001012,74.125.24.0-255,766,91279,12,224610
41204,0.001027,74.125.24.0-255,1484,92763,12,224610
41205,0.001029,172.31.36.0-255,66,92829,12,224610
41206,0.001053,74.125.24.0-255,4320,97149,12,224610
41207,0.001056,172.31.36.0-255,66,97215,12,224610
41208,0.001063,74.125.24.0-255,4320,101535,12,224610
41209,0.001067,172.31.36.0-255,66,101601,12,224610
41210,0.001087,74.125.24.0-255,5738,107339,12,224610
41211,0.001091,172.31.36.0-255,66,107405,12,224610
41212,0.001098,74.125.24.0-255,7156,114561,12,224610
41213,0.0011,172.31.36.0-255,66,114627,12,224610
41214,0.00113,74.125.24.0-255,7156,121783,12,224610
41215,0.001132,172.31.36.0-255,66,121849,12,224610
41216,0.001152,74.125.24.0-255,3602,125451,12,224610
41217,0.001156,172.31.36.0-255,66,125517,12,224610
41218,0.001201,172.31.36.0-255,66,125583,12,224610
41219,0.001218,74.125.24.0-255,1484,127067,12,224610
41220,0.001229,172.31.36.0-255,66,127133,12,224610
41221,0.001233,74.125.24.0-255,2902,130035,12,224610
41222,0.001237,172.31.36.0-255,66,130101,12,224610
41223,0.001281,172.31.36.0-255,66,130167,12,224610
41224,0.001288,74.125.24.0-255,7156,137323,12,224610
41225,0.001291,172.31.36.0-255,66,137389,12,224610
41226,0.001302,172.31.36.0-255,66,137455,12,224610
41227,0.001343,172.31.36.0-255,66,137521,12,224610
41228,0.001347,74.125.24.0-255,766,138287,12,224610
41229,0.001436,74.125.24.0-255,1484,139771,12,224610
41230,0.001444,172.31.36.0-255,66,139837,12,224610
41231,0.001449,74.125.24.0-255,2902,142739,12,224610
41232,0.001451,172.31.36.0-255,66,142805,12,224610
41233,0.001457,74.125.24.0-255,5738,148543,12,224610
41234,0.001459,172.31.36.0-255,66,148609,12,224610
41235,0.001473,172.31.36.0-255,66,148675,12,224610
41236,0.001491,74.125.24.0-255,4320,152995,12,224610
41237,0.001493,172.31.36.0-255,66,153061,12,224610
41238,0.0015,74.125.24.0-255,7156,160217,12,224610
41239,0.001503,172.31.36.0-255,66,160283,12,224610
41240,0.001525,74.125.24.0-255,3602,163885,12,224610
41241,0.001529,172.31.36.0-255,66,163951,12,224610
41242,0.001594,74.125.24.0-255,1484,165435,12,224610
41243,0.001599,74.125.24.0-255,1484,166919,12,224610
41244,0.001601,172.31.36.0-255,66,166985,12,224610
41245,0.001626,74.125.24.0-255,1484,168469,12,224610
41246,0.001633,74.125.24.0-255,5738,174207,12,224610
41247,0.001635,172.31.36.0-255,66,174273,12,224610
41248,0.001642,74.125.24.0-255,7156,181429,12,224610
41249,0.001645,172.31.36.0-255,66,181495,12,224610
41250,0.001656,74.125.24.0-255,1484,182979,12,224610
41251,0.001691,172.31.36.0-255,66,183045,12,224610
41252,0.001695,74.125.24.0-255,2184,185229,12,224610
41253,0.001697,172.31.36.0-255,66,185295,12,224610
41254,0.001701,74.125.24.0-255,2902,188197,12,224610
41255,0.001703,172.31.36.0-255,66,188263,12,224610
41256,0.001708,74.125.24.0-255,4320,192583,12,224610
41257,0.001711,172.31.36.0-255,66,192649,12,224610
41258,0.001725,74.125.24.0-255,2902,195551,12,224610
41259,0.001727,172.31.36.0-255,66,195617,12,224610
41260,0.001745,74.125.24.0-255,5738,201355,12,224610
41261,0.00175,172.31.36.0-255,66,201421,12,224610
41262,0.001786,172.31.36.0-255,66,201487,12,224610
41263,0.0018,172.31.36.0-255,66,201553,12,224610
41264,0.001806,74.125.24.0-255,7156,208709,12,224610
41265,0.001808,172.31.36.0-255,66,208775,12,224610
41266,0.00183,74.125.24.0-255,1484,210259,12,224610
41267,0.001895,172.31.36.0-255,66,210325,12,224610
41268,0.001925,74.125.24.0-255,3602,213927,12,224610
41269,0.001928,172.31.36.0-255,66,213993,12,224610
41270,0.001933,74.125.24.0-255,5738,219731,12,224610
41271,0.001936,172.31.36.0-255,66,219797,12,224610
41272,0.001959,172.31.36.0-255,66,219863,12,224610
41273,0.001962,74.125.24.0-255,97,219960,12,224610
41274,0.001982,74.125.24.0-255,105,220065,12,224610
41275,0.004731,172.31.36.0-255,66,220131,12,224610
41276,0.004776,172.31.36.0-255,105,220236,12,224610
41277,0.006991,74.125.24.0-255,66,220302,12,224610
41278,0.033658,172.31.36.0-255,187,220489,12,224610
41279,0.033705,172.31.36.0-255,976,221465,12,224610
41280,0.033781,172.31.36.0-255,1514,222979,12,224610
41281,0.033783,172.31.36.0-255,1433,224412,12,224610
41282,0.035156,104.244.42.0-255,66,224478,12,224610
41283,0.035189,104.244.42.0-255,66,224544,12,224610
41284,0.035309,104.244.42.0-255,66,224610,12,224610
41285,0.0,172.31.36.0-255,105,105,12,276
41286,0.001806,157.240.13.0-255,105,210,12,276
41287,0.00182,172.31.36.0-255,66,276,12,276
41288,0.0,172.217.26.0-255,630,630,12,1561
41289,0.002487,172.31.36.0-255,236,866,12,1561
41290,0.00252,172.31.36.0-255,369,1235,12,1561
41291,0.003222,172.31.36.0-255,97,1332,12,1561
41292,0.004444,172.217.26.0-255,97,1429,12,1561
41293,0.005144,172.217.26.0-255,66,1495,12,1561
41294,0.042085,172.31.36.0-255,66,1561,12,1561
41295,0.0,172.31.36.0-255,105,105,12,355342
41296,0.014045,74.125.68.0-255,210,315,12,355342
41297,0.01407,172.31.36.0-255,66,381,12,355342
41298,0.014076,74.125.68.0-255,1484,1865,12,355342
41299,0.014081,172.31.36.0-255,66,1931,12,355342
41300,0.014084,74.125.68.0-255,1484,3415,12,355342
41301,0.014087,172.31.36.0-255,66,3481,12,355342
41302,0.014092,74.125.68.0-255,2902,6383,12,355342
41303,0.014096,172.31.36.0-255,66,6449,12,355342
41304,0.014098,74.125.68.0-255,1484,7933,12,355342
41305,0.014101,172.31.36.0-255,66,7999,12,355342
41306,0.014133,74.125.68.0-255,4320,12319,12,355342
41307,0.014136,172.31.36.0-255,66,12385,12,355342
41308,0.01414,74.125.68.0-255,1894,14279,12,355342
41309,0.014142,172.31.36.0-255,66,14345,12,355342
41310,0.014146,74.125.68.0-255,2902,17247,12,355342
41311,0.014148,172.31.36.0-255,66,17313,12,355342
41312,0.014154,74.125.68.0-255,4320,21633,12,355342
41313,0.014156,172.31.36.0-255,66,21699,12,355342
41314,0.014175,74.125.68.0-255,2902,24601,12,355342
41315,0.014179,172.31.36.0-255,66,24667,12,355342
41316,0.014187,74.125.68.0-255,6797,31464,12,355342
41317,0.014189,172.31.36.0-255,66,31530,12,355342
41318,0.014295,74.125.68.0-255,1484,33014,12,355342
41319,0.014299,172.31.36.0-255,66,33080,12,355342
41320,0.014318,74.125.68.0-255,2902,35982,12,355342
41321,0.014321,172.31.36.0-255,66,36048,12,355342
41322,0.014325,74.125.68.0-255,2902,38950,12,355342
41323,0.014328,172.31.36.0-255,66,39016,12,355342
41324,0.014331,74.125.68.0-255,1484,40500,12,355342
41325,0.014334,172.31.36.0-255,66,40566,12,355342
41326,0.01436,74.125.68.0-255,2902,43468,12,355342
41327,0.014363,172.31.36.0-255,66,43534,12,355342
41328,0.014366,74.125.68.0-255,1484,45018,12,355342
41329,0.014401,74.125.68.0-255,4320,49338,12,355342
41330,0.014404,172.31.36.0-255,66,49404,12,355342
41331,0.01441,172.31.36.0-255,66,49470,12,355342
41332,0.014443,74.125.68.0-255,4320,53790,12,355342
41333,0.014455,172.31.36.0-255,66,53856,12,355342
41334,0.014458,74.125.68.0-255,4235,58091,12,355342
41335,0.014462,74.125.68.0-255,132,58223,12,355342
41336,0.014472,172.31.36.0-255,66,58289,12,355342
41337,0.01453,74.125.68.0-255,1484,59773,12,355342
41338,0.014544,74.125.68.0-255,2902,62675,12,355342
41339,0.014552,172.31.36.0-255,66,62741,12,355342
41340,0.014583,74.125.68.0-255,4320,67061,12,355342
41341,0.01459,172.31.36.0-255,66,67127,12,355342
41342,0.014607,74.125.68.0-255,1484,68611,12,355342
41343,0.014613,74.125.68.0-255,5738,74349,12,355342
41344,0.014617,74.125.68.0-255,1484,75833,12,355342
41345,0.014624,172.31.36.0-255,66,75899,12,355342
41346,0.014644,74.125.68.0-255,5379,81278,12,355342
41347,0.014647,172.31.36.0-255,66,81344,12,355342
41348,0.014651,74.125.68.0-255,2902,84246,12,355342
41349,0.014656,74.125.68.0-255,4320,88566,12,355342
41350,0.01466,172.31.36.0-255,66,88632,12,355342
41351,0.014694,74.125.68.0-255,3961,92593,12,355342
41352,0.014703,172.31.36.0-255,66,92659,12,355342
41353,0.014794,74.125.68.0-255,1484,94143,12,355342
41354,0.014807,74.125.68.0-255,2902,97045,12,355342
41355,0.01482,172.31.36.0-255,66,97111,12,355342
41356,0.014822,74.125.68.0-255,1484,98595,12,355342
41357,0.014844,74.125.68.0-255,4320,102915,12,355342
41358,0.014848,74.125.68.0-255,2902,105817,12,355342
41359,0.014848,172.31.36.0-255,66,105883,12,355342
41360,0.014853,172.31.36.0-255,66,105949,12,355342
41361,0.014862,74.125.68.0-255,5738,111687,12,355342
41362,0.014873,172.31.36.0-255,66,111753,12,355342
41363,0.014877,74.125.68.0-255,4320,116073,12,355342
41364,0.014889,74.125.68.0-255,1484,117557,12,355342
41365,0.014889,172.31.36.0-255,66,117623,12,355342
41366,0.014921,172.31.36.0-255,66,117689,12,355342
41367,0.014922,74.125.68.0-255,766,118455,12,355342
41368,0.015022,74.125.68.0-255,1484,119939,12,355342
41369,0.015025,172.31.36.0-255,66,120005,12,355342
41370,0.01504,74.125.68.0-255,2902,122907,12,355342
41371,0.015048,172.31.36.0-255,66,122973,12,355342
41372,0.01506,74.125.68.0-255,5738,128711,12,355342
41373,0.015064,172.31.36.0-255,66,128777,12,355342
41374,0.015083,74.125.68.0-255,2902,131679,12,355342
41375,0.015094,172.31.36.0-255,66,131745,12,355342
41376,0.015108,74.125.68.0-255,5738,137483,12,355342
41377,0.01511,172.31.36.0-255,66,137549,12,355342
41378,0.015116,172.31.36.0-255,66,137615,12,355342
41379,0.015153,74.125.68.0-255,5020,142635,12,355342
41380,0.015162,172.31.36.0-255,66,142701,12,355342
41381,0.015422,74.125.68.0-255,1484,144185,12,355342
41382,0.015429,74.125.68.0-255,2902,147087,12,355342
41383,0.015432,172.31.36.0-255,66,147153,12,355342
41384,0.015449,74.125.68.0-255,4320,151473,12,355342
41385,0.015458,74.125.68.0-255,1484,152957,12,355342
41386,0.015463,172.31.36.0-255,66,153023,12,355342
41387,0.015488,74.125.68.0-255,7156,160179,12,355342
41388,0.015497,172.31.36.0-255,66,160245,12,355342
41389,0.015511,74.125.68.0-255,5738,165983,12,355342
41390,0.015514,172.31.36.0-255,66,166049,12,355342
41391,0.015539,172.31.36.0-255,66,166115,12,355342
41392,0.015564,74.125.68.0-255,7156,173271,12,355342
41393,0.015573,172.31.36.0-255,66,173337,12,355342
41394,0.01559,74.125.68.0-255,6438,179775,12,355342
41395,0.015598,172.31.36.0-255,66,179841,12,355342
41396,0.015612,172.31.36.0-255,66,179907,12,355342
41397,0.015622,74.125.68.0-255,2902,182809,12,355342
41398,0.015629,74.125.68.0-255,5738,188547,12,355342
41399,0.01563,172.31.36.0-255,66,188613,12,355342
41400,0.015635,172.31.36.0-255,66,188679,12,355342
41401,0.015671,74.125.68.0-255,6438,195117,12,355342
41402,0.015678,74.125.68.0-255,4320,199437,12,355342
41403,0.015682,172.31.36.0-255,66,199503,12,355342
41404,0.01569,74.125.68.0-255,2902,202405,12,355342
41405,0.015695,172.31.36.0-255,66,202471,12,355342
41406,0.015702,74.125.68.0-255,1484,203955,12,355342
41407,0.015736,172.31.36.0-255,66,204021,12,355342
41408,0.01577,74.125.68.0-255,4320,208341,12,355342
41409,0.015783,172.31.36.0-255,66,208407,12,355342
41410,0.015791,74.125.68.0-255,7156,215563,12,355342
41411,0.015795,74.125.68.0-255,766,216329,12,355342
41412,0.015798,74.125.68.0-255,1484,217813,12,355342
41413,0.015798,172.31.36.0-255,66,217879,12,355342
41414,0.015802,74.125.68.0-255,4320,222199,12,355342
41415,0.015805,74.125.68.0-255,1484,223683,12,355342
41416,0.015814,172.31.36.0-255,66,223749,12,355342
41417,0.015843,74.125.68.0-255,7156,230905,12,355342
41418,0.015849,172.31.36.0-255,66,230971,12,355342
41419,0.01586,74.125.68.0-255,5738,236709,12,355342
41420,0.015862,172.31.36.0-255,66,236775,12,355342
41421,0.015866,172.31.36.0-255,66,236841,12,355342
41422,0.015911,74.125.68.0-255,6438,243279,12,355342
41423,0.015916,74.125.68.0-255,2902,246181,12,355342
41424,0.015921,74.125.68.0-255,4320,250501,12,355342
41425,0.015926,172.31.36.0-255,66,250567,12,355342
41426,0.015958,74.125.68.0-255,4320,254887,12,355342
41427,0.015964,172.31.36.0-255,66,254953,12,355342
41428,0.015974,74.125.68.0-255,1484,256437,12,355342
41429,0.015983,74.125.68.0-255,7156,263593,12,355342
41430,0.015989,172.31.36.0-255,66,263659,12,355342
41431,0.016009,74.125.68.0-255,2184,265843,12,355342
41432,0.016015,172.31.36.0-255,66,265909,12,355342
41433,0.016039,74.125.68.0-255,2902,268811,12,355342
41434,0.016044,172.31.36.0-255,66,268877,12,355342
41435,0.016068,74.125.68.0-255,4320,273197,12,355342
41436,0.016071,172.31.36.0-255,66,273263,12,355342
41437,0.01609,74.125.68.0-255,5738,279001,12,355342
41438,0.016096,172.31.36.0-255,66,279067,12,355342
41439,0.016121,74.125.68.0-255,5738,284805,12,355342
41440,0.016129,172.31.36.0-255,66,284871,12,355342
41441,0.016157,74.125.68.0-255,7156,292027,12,355342
41442,0.016163,74.125.68.0-255,2902,294929,12,355342
41443,0.016165,172.31.36.0-255,66,294995,12,355342
41444,0.01617,172.31.36.0-255,66,295061,12,355342
41445,0.016187,74.125.68.0-255,2902,297963,12,355342
41446,0.016195,172.31.36.0-255,66,298029,12,355342
41447,0.016218,74.125.68.0-255,5020,303049,12,355342
41448,0.01623,172.31.36.0-255,66,303115,12,355342
41449,0.016231,74.125.68.0-255,1484,304599,12,355342
41450,0.016249,74.125.68.0-255,4320,308919,12,355342
41451,0.016252,172.31.36.0-255,66,308985,12,355342
41452,0.016274,74.125.68.0-255,7156,316141,12,355342
41453,0.016282,172.31.36.0-255,66,316207,12,355342
41454,0.016303,74.125.68.0-255,5738,321945,12,355342
41455,0.016316,172.31.36.0-255,66,322011,12,355342
41456,0.016321,74.125.68.0-255,2902,324913,12,355342
41457,0.016326,74.125.68.0-255,2902,327815,12,355342
41458,0.016332,172.31.36.0-255,66,327881,12,355342
41459,0.016345,74.125.68.0-255,4320,332201,12,355342
41460,0.016359,172.31.36.0-255,66,332267,12,355342
41461,0.016364,74.125.68.0-255,2184,334451,12,355342
41462,0.016374,172.31.36.0-255,66,334517,12,355342
41463,0.016376,74.125.68.0-255,1484,336001,12,355342
41464,0.016394,74.125.68.0-255,1484,337485,12,355342
41465,0.016401,172.31.36.0-255,66,337551,12,355342
41466,0.016414,74.125.68.0-255,2902,340453,12,355342
41467,0.016425,172.31.36.0-255,66,340519,12,355342
41468,0.016431,74.125.68.0-255,3830,344349,12,355342
41469,0.016435,74.125.68.0-255,97,344446,12,355342
41470,0.016448,172.31.36.0-255,66,344512,12,355342
41471,0.016511,74.125.68.0-255,105,344617,12,355342
41472,0.021724,172.31.36.0-255,66,344683,12,355342
41473,0.021751,172.31.36.0-255,105,344788,12,355342
41474,0.024304,74.125.68.0-255,66,344854,12,355342
41475,0.038406,172.31.36.0-255,182,345036,12,355342
41476,0.038439,172.31.36.0-255,1109,346145,12,355342
41477,0.038496,172.31.36.0-255,1514,347659,12,355342
41478,0.038499,172.31.36.0-255,1514,349173,12,355342
41479,0.038506,172.31.36.0-255,1514,350687,12,355342
41480,0.038508,172.31.36.0-255,1514,352201,12,355342
41481,0.038534,172.31.36.0-255,1514,353715,12,355342
41482,0.038535,172.31.36.0-255,1189,354904,12,355342
41483,0.039926,104.244.42.0-255,66,354970,12,355342
41484,0.039937,104.244.42.0-255,66,355036,12,355342
41485,0.04008,104.244.42.0-255,66,355102,12,355342
41486,0.040116,104.244.42.0-255,66,355168,12,355342
41487,0.050157,172.31.36.0-255,108,355276,12,355342
41488,0.051708,104.244.42.0-255,66,355342,12,355342
41489,0.0,172.217.194.0-255,153,153,12,203035
41490,2.1e-05,172.31.36.0-255,66,219,12,203035
41491,2.8e-05,172.217.194.0-255,1484,1703,12,203035
41492,3.2e-05,172.31.36.0-255,66,1769,12,203035
41493,4.5e-05,172.217.194.0-255,2902,4671,12,203035
41494,4.8e-05,172.31.36.0-255,66,4737,12,203035
41495,5.6e-05,172.217.194.0-255,7156,11893,12,203035
41496,5.9e-05,172.31.36.0-255,66,11959,12,203035
41497,8.5e-05,172.217.194.0-255,5738,17697,12,203035
41498,8.8e-05,172.31.36.0-255,66,17763,12,203035
41499,0.00013,172.31.36.0-255,66,17829,12,203035
41500,0.000135,172.217.194.0-255,2543,20372,12,203035
41501,0.000137,172.31.36.0-255,66,20438,12,203035
41502,0.000159,172.217.194.0-255,1484,21922,12,203035
41503,0.000165,172.31.36.0-255,66,21988,12,203035
41504,0.00017,172.217.194.0-255,2902,24890,12,203035
41505,0.000172,172.31.36.0-255,66,24956,12,203035
41506,0.000197,172.217.194.0-255,4320,29276,12,203035
41507,0.000199,172.31.36.0-255,66,29342,12,203035
41508,0.00023,172.217.194.0-255,1484,30826,12,203035
41509,0.000233,172.31.36.0-255,66,30892,12,203035
41510,0.000239,172.217.194.0-255,4320,35212,12,203035
41511,0.000241,172.31.36.0-255,66,35278,12,203035
41512,0.000284,172.217.194.0-255,6797,42075,12,203035
41513,0.000287,172.31.36.0-255,66,42141,12,203035
41514,0.000299,172.31.36.0-255,66,42207,12,203035
41515,0.000307,172.217.194.0-255,1125,43332,12,203035
41516,0.000309,172.31.36.0-255,66,43398,12,203035
41517,0.000365,172.217.194.0-255,645,44043,12,203035
41518,0.000367,172.31.36.0-255,66,44109,12,203035
41519,0.000529,172.217.194.0-255,1484,45593,12,203035
41520,0.000535,172.217.194.0-255,1484,47077,12,203035
41521,0.000538,172.31.36.0-255,66,47143,12,203035
41522,0.000569,172.217.194.0-255,1484,48627,12,203035
41523,0.000576,172.217.194.0-255,5738,54365,12,203035
41524,0.000579,172.31.36.0-255,66,54431,12,203035
41525,0.000585,172.217.194.0-255,5738,60169,12,203035
41526,0.000587,172.31.36.0-255,66,60235,12,203035
41527,0.00059,172.217.194.0-255,1484,61719,12,203035
41528,0.000636,172.31.36.0-255,66,61785,12,203035
41529,0.000642,172.217.194.0-255,5020,66805,12,203035
41530,0.000645,172.31.36.0-255,66,66871,12,203035
41531,0.00082,172.217.194.0-255,1484,68355,12,203035
41532,0.000824,172.217.194.0-255,1484,69839,12,203035
41533,0.000836,172.31.36.0-255,66,69905,12,203035
41534,0.00084,172.217.194.0-255,1484,71389,12,203035
41535,0.000867,172.217.194.0-255,5738,77127,12,203035
41536,0.000869,172.31.36.0-255,66,77193,12,203035
41537,0.000876,172.217.194.0-255,5738,82931,12,203035
41538,0.000879,172.31.36.0-255,66,82997,12,203035
41539,0.000914,172.217.194.0-255,7156,90153,12,203035
41540,0.000916,172.31.36.0-255,66,90219,12,203035
41541,0.00093,172.217.194.0-255,2902,93121,12,203035
41542,0.00094,172.31.36.0-255,66,93187,12,203035
41543,0.000974,172.31.36.0-255,66,93253,12,203035
41544,0.000977,172.31.36.0-255,66,93319,12,203035
41545,0.000995,172.217.194.0-255,4320,97639,12,203035
41546,0.000998,172.31.36.0-255,66,97705,12,203035
41547,0.001037,172.31.36.0-255,66,97771,12,203035
41548,0.001041,172.217.194.0-255,1484,99255,12,203035
41549,0.001062,172.217.194.0-255,2184,101439,12,203035
41550,0.001065,172.31.36.0-255,66,101505,12,203035
41551,0.001479,172.217.194.0-255,1484,102989,12,203035
41552,0.001486,172.217.194.0-255,2902,105891,12,203035
41553,0.001489,172.31.36.0-255,66,105957,12,203035
41554,0.001493,172.217.194.0-255,1484,107441,12,203035
41555,0.001523,172.217.194.0-255,4320,111761,12,203035
41556,0.001526,172.31.36.0-255,66,111827,12,203035
41557,0.001539,172.31.36.0-255,66,111893,12,203035
41558,0.001555,172.31.36.0-255,66,111959,12,203035
41559,0.001579,172.217.194.0-255,766,112725,12,203035
41560,0.002041,172.217.194.0-255,1484,114209,12,203035
41561,0.002046,172.31.36.0-255,66,114275,12,203035
41562,0.002052,172.217.194.0-255,2902,117177,12,203035
41563,0.002054,172.31.36.0-255,66,117243,12,203035
41564,0.002079,172.217.194.0-255,5738,122981,12,203035
41565,0.002081,172.31.36.0-255,66,123047,12,203035
41566,0.002101,172.31.36.0-255,66,123113,12,203035
41567,0.002135,172.217.194.0-255,2902,126015,12,203035
41568,0.002137,172.31.36.0-255,66,126081,12,203035
41569,0.002177,172.217.194.0-255,5738,131819,12,203035
41570,0.002179,172.31.36.0-255,66,131885,12,203035
41571,0.002211,172.31.36.0-255,66,131951,12,203035
41572,0.002217,172.217.194.0-255,5738,137689,12,203035
41573,0.002219,172.31.36.0-255,66,137755,12,203035
41574,0.002228,172.217.194.0-255,7156,144911,12,203035
41575,0.00223,172.31.36.0-255,66,144977,12,203035
41576,0.002265,172.217.194.0-255,3602,148579,12,203035
41577,0.002267,172.31.36.0-255,66,148645,12,203035
41578,0.00229,172.31.36.0-255,66,148711,12,203035
41579,0.002324,172.31.36.0-255,66,148777,12,203035
41580,0.002338,172.217.194.0-255,2184,150961,12,203035
41581,0.002345,172.31.36.0-255,66,151027,12,203035
41582,0.002351,172.217.194.0-255,5738,156765,12,203035
41583,0.002354,172.31.36.0-255,66,156831,12,203035
41584,0.002379,172.217.194.0-255,1484,158315,12,203035
41585,0.002397,172.31.36.0-255,66,158381,12,203035
41586,0.00243,172.217.194.0-255,7156,165537,12,203035
41587,0.002433,172.31.36.0-255,66,165603,12,203035
41588,0.002437,172.217.194.0-255,2902,168505,12,203035
41589,0.00244,172.31.36.0-255,66,168571,12,203035
41590,0.002446,172.217.194.0-255,5020,173591,12,203035
41591,0.002453,172.31.36.0-255,66,173657,12,203035
41592,0.002456,172.217.194.0-255,1484,175141,12,203035
41593,0.00246,172.217.194.0-255,2902,178043,12,203035
41594,0.002463,172.31.36.0-255,66,178109,12,203035
41595,0.002488,172.217.194.0-255,2902,181011,12,203035
41596,0.002491,172.31.36.0-255,66,181077,12,203035
41597,0.002499,172.217.194.0-255,1484,182561,12,203035
41598,0.002511,172.31.36.0-255,66,182627,12,203035
41599,0.002553,172.31.36.0-255,66,182693,12,203035
41600,0.002563,172.31.36.0-255,66,182759,12,203035
41601,0.002588,172.217.194.0-255,5738,188497,12,203035
41602,0.002595,172.31.36.0-255,66,188563,12,203035
41603,0.002705,172.217.194.0-255,7156,195719,12,203035
41604,0.00272,172.217.194.0-255,1484,197203,12,203035
41605,0.002722,172.217.194.0-255,1025,198228,12,203035
41606,0.002725,172.217.194.0-255,105,198333,12,203035
41607,0.003059,172.31.36.0-255,66,198399,12,203035
41608,0.005183,172.31.36.0-255,105,198504,12,203035
41609,0.007415,172.217.194.0-255,66,198570,12,203035
41610,0.037217,172.31.36.0-255,172,198742,12,203035
41611,0.037255,172.31.36.0-255,1108,199850,12,203035
41612,0.037332,172.31.36.0-255,1514,201364,12,203035
41613,0.037334,172.31.36.0-255,1299,202663,12,203035
41614,0.038769,104.244.42.0-255,66,202729,12,203035
41615,0.038807,104.244.42.0-255,66,202795,12,203035
41616,0.038882,104.244.42.0-255,66,202861,12,203035
41617,0.039452,104.244.42.0-255,108,202969,12,203035
41618,0.03946,172.31.36.0-255,66,203035,12,203035
41619,0.0,172.217.194.0-255,152,152,12,342248
41620,2.7e-05,172.31.36.0-255,66,218,12,342248
41621,3.4e-05,172.217.194.0-255,1484,1702,12,342248
41622,4e-05,172.31.36.0-255,66,1768,12,342248
41623,4.5e-05,172.217.194.0-255,2902,4670,12,342248
41624,4.7e-05,172.31.36.0-255,66,4736,12,342248
41625,5.4e-05,172.217.194.0-255,7156,11892,12,342248
41626,5.6e-05,172.31.36.0-255,66,11958,12,342248
41627,7.9e-05,172.217.194.0-255,2036,13994,12,342248
41628,8.1e-05,172.31.36.0-255,66,14060,12,342248
41629,8.5e-05,172.217.194.0-255,1484,15544,12,342248
41630,8.7e-05,172.31.36.0-255,66,15610,12,342248
41631,0.000103,172.217.194.0-255,1484,17094,12,342248
41632,0.000105,172.31.36.0-255,66,17160,12,342248
41633,0.000108,172.217.194.0-255,1484,18644,12,342248
41634,0.00011,172.31.36.0-255,66,18710,12,342248
41635,0.000128,172.217.194.0-255,5738,24448,12,342248
41636,0.000131,172.31.36.0-255,66,24514,12,342248
41637,0.000137,172.217.194.0-255,4320,28834,12,342248
41638,0.000139,172.31.36.0-255,66,28900,12,342248
41639,0.000156,172.217.194.0-255,2543,31443,12,342248
41640,0.000158,172.31.36.0-255,66,31509,12,342248
41641,0.000195,172.217.194.0-255,1484,32993,12,342248
41642,0.000199,172.31.36.0-255,66,33059,12,342248
41643,0.000216,172.217.194.0-255,1484,34543,12,342248
41644,0.000219,172.31.36.0-255,66,34609,12,342248
41645,0.000239,172.217.194.0-255,1484,36093,12,342248
41646,0.000241,172.31.36.0-255,66,36159,12,342248
41647,0.000247,172.217.194.0-255,5738,41897,12,342248
41648,0.00025,172.31.36.0-255,66,41963,12,342248
41649,0.000256,172.217.194.0-255,6797,48760,12,342248
41650,0.000258,172.31.36.0-255,66,48826,12,342248
41651,0.000261,172.217.194.0-255,1484,50310,12,342248
41652,0.00031,172.31.36.0-255,66,50376,12,342248
41653,0.000314,172.217.194.0-255,2822,53198,12,342248
41654,0.000316,172.31.36.0-255,66,53264,12,342248
41655,0.000319,172.217.194.0-255,119,53383,12,342248
41656,0.000416,172.217.194.0-255,377,53760,12,342248
41657,0.000637,172.217.194.0-255,1484,55244,12,342248
41658,0.000641,172.31.36.0-255,66,55310,12,342248
41659,0.000646,172.217.194.0-255,2902,58212,12,342248
41660,0.000648,172.31.36.0-255,66,58278,12,342248
41661,0.000654,172.217.194.0-255,5738,64016,12,342248
41662,0.000656,172.31.36.0-255,66,64082,12,342248
41663,0.000684,172.217.194.0-255,7156,71238,12,342248
41664,0.000687,172.31.36.0-255,66,71304,12,342248
41665,0.00071,172.217.194.0-255,5738,77042,12,342248
41666,0.000712,172.31.36.0-255,66,77108,12,342248
41667,0.000723,172.31.36.0-255,66,77174,12,342248
41668,0.000748,172.217.194.0-255,2184,79358,12,342248
41669,0.000753,172.31.36.0-255,66,79424,12,342248
41670,0.001205,172.217.194.0-255,1484,80908,12,342248
41671,0.001213,172.217.194.0-255,2902,83810,12,342248
41672,0.001217,172.31.36.0-255,66,83876,12,342248
41673,0.001224,172.217.194.0-255,5738,89614,12,342248
41674,0.001226,172.31.36.0-255,66,89680,12,342248
41675,0.001229,172.217.194.0-255,1484,91164,12,342248
41676,0.001259,172.31.36.0-255,66,91230,12,342248
41677,0.001269,172.31.36.0-255,66,91296,12,342248
41678,0.001312,172.217.194.0-255,2184,93480,12,342248
41679,0.001315,172.31.36.0-255,66,93546,12,342248
41680,0.001355,172.217.194.0-255,1484,95030,12,342248
41681,0.001359,172.217.194.0-255,1484,96514,12,342248
41682,0.001361,172.31.36.0-255,66,96580,12,342248
41683,0.001376,172.217.194.0-255,1484,98064,12,342248
41684,0.001382,172.217.194.0-255,4320,102384,12,342248
41685,0.001384,172.31.36.0-255,66,102450,12,342248
41686,0.001409,172.217.194.0-255,1484,103934,12,342248
41687,0.00142,172.31.36.0-255,66,104000,12,342248
41688,0.001433,172.31.36.0-255,66,104066,12,342248
41689,0.001478,172.217.194.0-255,2184,106250,12,342248
41690,0.001481,172.31.36.0-255,66,106316,12,342248
41691,0.001583,172.217.194.0-255,1484,107800,12,342248
41692,0.001604,172.217.194.0-255,2902,110702,12,342248
41693,0.001609,172.31.36.0-255,66,110768,12,342248
41694,0.001627,172.217.194.0-255,5738,116506,12,342248
41695,0.00163,172.31.36.0-255,66,116572,12,342248
41696,0.001667,172.217.194.0-255,5738,122310,12,342248
41697,0.001671,172.31.36.0-255,66,122376,12,342248
41698,0.001694,172.217.194.0-255,7156,129532,12,342248
41699,0.001697,172.31.36.0-255,66,129598,12,342248
41700,0.001715,172.217.194.0-255,1484,131082,12,342248
41701,0.00173,172.217.194.0-255,5738,136820,12,342248
41702,0.001733,172.31.36.0-255,66,136886,12,342248
41703,0.00175,172.217.194.0-255,3602,140488,12,342248
41704,0.001752,172.31.36.0-255,66,140554,12,342248
41705,0.001974,172.217.194.0-255,1484,142038,12,342248
41706,0.001993,172.217.194.0-255,2902,144940,12,342248
41707,0.001996,172.31.36.0-255,66,145006,12,342248
41708,0.001999,172.217.194.0-255,1484,146490,12,342248
41709,0.002019,172.217.194.0-255,4320,150810,12,342248
41710,0.002021,172.31.36.0-255,66,150876,12,342248
41711,0.002028,172.217.194.0-255,7156,158032,12,342248
41712,0.00203,172.31.36.0-255,66,158098,12,342248
41713,0.002053,172.31.36.0-255,66,158164,12,342248
41714,0.002079,172.217.194.0-255,5738,163902,12,342248
41715,0.002081,172.31.36.0-255,66,163968,12,342248
41716,0.002085,172.217.194.0-255,2184,166152,12,342248
41717,0.002087,172.31.36.0-255,66,166218,12,342248
41718,0.002143,172.217.194.0-255,1484,167702,12,342248
41719,0.002146,172.217.194.0-255,1484,169186,12,342248
41720,0.002148,172.31.36.0-255,66,169252,12,342248
41721,0.002162,172.217.194.0-255,1484,170736,12,342248
41722,0.002167,172.217.194.0-255,5738,176474,12,342248
41723,0.00217,172.31.36.0-255,66,176540,12,342248
41724,0.002192,172.217.194.0-255,2902,179442,12,342248
41725,0.002195,172.31.36.0-255,66,179508,12,342248
41726,0.002219,172.217.194.0-255,7156,186664,12,342248
41727,0.002221,172.31.36.0-255,66,186730,12,342248
41728,0.00431,172.217.194.0-255,5738,192468,12,342248
41729,0.004315,172.31.36.0-255,66,192534,12,342248
41730,0.006467,172.217.194.0-255,5738,198272,12,342248
41731,0.006473,172.31.36.0-255,66,198338,12,342248
41732,0.008594,172.217.194.0-255,5738,204076,12,342248
41733,0.0086,172.31.36.0-255,66,204142,12,342248
41734,0.010737,172.217.194.0-255,5738,209880,12,342248
41735,0.010745,172.31.36.0-255,66,209946,12,342248
41736,0.012928,172.217.194.0-255,5738,215684,12,342248
41737,0.012935,172.31.36.0-255,66,215750,12,342248
41738,0.015117,172.217.194.0-255,5738,221488,12,342248
41739,0.015131,172.31.36.0-255,66,221554,12,342248
41740,0.017253,172.217.194.0-255,5738,227292,12,342248
41741,0.017269,172.31.36.0-255,66,227358,12,342248
41742,0.019415,172.217.194.0-255,5738,233096,12,342248
41743,0.019427,172.31.36.0-255,66,233162,12,342248
41744,0.021565,172.217.194.0-255,5738,238900,12,342248
41745,0.021572,172.31.36.0-255,66,238966,12,342248
41746,0.023665,172.217.194.0-255,5738,244704,12,342248
41747,0.023672,172.31.36.0-255,66,244770,12,342248
41748,0.025805,172.217.194.0-255,5738,250508,12,342248
41749,0.025812,172.31.36.0-255,66,250574,12,342248
41750,0.027955,172.217.194.0-255,4320,254894,12,342248
41751,0.027962,172.31.36.0-255,66,254960,12,342248
41752,0.027991,172.217.194.0-255,1484,256444,12,342248
41753,0.030079,172.217.194.0-255,4320,260764,12,342248
41754,0.030086,172.31.36.0-255,66,260830,12,342248
41755,0.032196,172.217.194.0-255,5738,266568,12,342248
41756,0.032203,172.31.36.0-255,66,266634,12,342248
41757,0.034343,172.217.194.0-255,5738,272372,12,342248
41758,0.03435,172.31.36.0-255,66,272438,12,342248
41759,0.035574,172.31.36.0-255,172,272610,12,342248
41760,0.035605,172.31.36.0-255,1078,273688,12,342248
41761,0.036546,172.217.194.0-255,5738,279426,12,342248
41762,0.036553,172.31.36.0-255,66,279492,12,342248
41763,0.03708,104.244.42.0-255,66,279558,12,342248
41764,0.037132,104.244.42.0-255,66,279624,12,342248
41765,0.03866,172.217.194.0-255,5738,285362,12,342248
41766,0.038668,172.31.36.0-255,66,285428,12,342248
41767,0.040802,172.217.194.0-255,4320,289748,12,342248
41768,0.040808,172.31.36.0-255,66,289814,12,342248
41769,0.040842,172.217.194.0-255,1484,291298,12,342248
41770,0.04294,172.217.194.0-255,4320,295618,12,342248
41771,0.042946,172.31.36.0-255,66,295684,12,342248
41772,0.04505,172.217.194.0-255,5738,301422,12,342248
41773,0.045056,172.31.36.0-255,66,301488,12,342248
41774,0.047145,172.217.194.0-255,5738,307226,12,342248
41775,0.04715,172.31.36.0-255,66,307292,12,342248
41776,0.049266,172.217.194.0-255,5738,313030,12,342248
41777,0.049271,172.31.36.0-255,66,313096,12,342248
41778,0.051384,172.217.194.0-255,5738,318834,12,342248
41779,0.05139,172.31.36.0-255,66,318900,12,342248
41780,0.053515,172.217.194.0-255,5738,324638,12,342248
41781,0.05352,172.31.36.0-255,66,324704,12,342248
41782,0.055632,172.217.194.0-255,2902,327606,12,342248
41783,0.055638,172.31.36.0-255,66,327672,12,342248
41784,0.055672,172.217.194.0-255,2902,330574,12,342248
41785,0.055675,172.31.36.0-255,66,330640,12,342248
41786,0.057798,172.217.194.0-255,5738,336378,12,342248
41787,0.057803,172.31.36.0-255,66,336444,12,342248
41788,0.059909,172.217.194.0-255,5738,342182,12,342248
41789,0.059915,172.31.36.0-255,66,342248,12,342248
41790,0.0,172.217.194.0-255,155,155,12,204155
41791,1.7e-05,172.31.36.0-255,66,221,12,204155
41792,2.4e-05,172.217.194.0-255,1484,1705,12,204155
41793,2.8e-05,172.31.36.0-255,66,1771,12,204155
41794,3.3e-05,172.217.194.0-255,2902,4673,12,204155
41795,3.6e-05,172.31.36.0-255,66,4739,12,204155
41796,4.3e-05,172.217.194.0-255,5738,10477,12,204155
41797,4.6e-05,172.31.36.0-255,66,10543,12,204155
41798,6.7e-05,172.217.194.0-255,1484,12027,12,204155
41799,7e-05,172.31.36.0-255,66,12093,12,204155
41800,7.6e-05,172.217.194.0-255,2105,14198,12,204155
41801,7.8e-05,172.31.36.0-255,66,14264,12,204155
41802,0.000103,172.217.194.0-255,1484,15748,12,204155
41803,0.000107,172.31.36.0-255,66,15814,12,204155
41804,0.000142,172.31.36.0-255,66,15880,12,204155
41805,0.00016,172.217.194.0-255,5379,21259,12,204155
41806,0.000162,172.31.36.0-255,66,21325,12,204155
41807,0.000204,172.217.194.0-255,5738,27063,12,204155
41808,0.000208,172.31.36.0-255,66,27129,12,204155
41809,0.00022,172.31.36.0-255,66,27195,12,204155
41810,0.000246,172.217.194.0-255,1484,28679,12,204155
41811,0.000249,172.31.36.0-255,66,28745,12,204155
41812,0.000269,172.31.36.0-255,66,28811,12,204155
41813,0.000296,172.217.194.0-255,121,28932,12,204155
41814,0.0003,172.31.36.0-255,66,28998,12,204155
41815,0.000325,172.217.194.0-255,382,29380,12,204155
41816,0.000328,172.31.36.0-255,66,29446,12,204155
41817,0.000639,172.217.194.0-255,1484,30930,12,204155
41818,0.000645,172.31.36.0-255,66,30996,12,204155
41819,0.000652,172.217.194.0-255,2902,33898,12,204155
41820,0.000654,172.31.36.0-255,66,33964,12,204155
41821,0.00066,172.217.194.0-255,5738,39702,12,204155
41822,0.000663,172.31.36.0-255,66,39768,12,204155
41823,0.000666,172.217.194.0-255,1484,41252,12,204155
41824,0.000699,172.31.36.0-255,66,41318,12,204155
41825,0.000763,172.31.36.0-255,66,41384,12,204155
41826,0.000782,172.217.194.0-255,2184,43568,12,204155
41827,0.000792,172.31.36.0-255,66,43634,12,204155
41828,0.000834,172.217.194.0-255,1484,45118,12,204155
41829,0.00084,172.217.194.0-255,2902,48020,12,204155
41830,0.000844,172.31.36.0-255,66,48086,12,204155
41831,0.000847,172.217.194.0-255,1484,49570,12,204155
41832,0.00087,172.217.194.0-255,4320,53890,12,204155
41833,0.000873,172.31.36.0-255,66,53956,12,204155
41834,0.000879,172.217.194.0-255,5738,59694,12,204155
41835,0.000881,172.31.36.0-255,66,59760,12,204155
41836,0.000911,172.217.194.0-255,7156,66916,12,204155
41837,0.000915,172.31.36.0-255,66,66982,12,204155
41838,0.000935,172.217.194.0-255,5738,72720,12,204155
41839,0.000939,172.31.36.0-255,66,72786,12,204155
41840,0.000987,172.31.36.0-255,66,72852,12,204155
41841,0.001033,172.31.36.0-255,66,72918,12,204155
41842,0.001062,172.217.194.0-255,6438,79356,12,204155
41843,0.001066,172.31.36.0-255,66,79422,12,204155
41844,0.001125,172.217.194.0-255,1484,80906,12,204155
41845,0.001133,172.217.194.0-255,2902,83808,12,204155
41846,0.001137,172.31.36.0-255,66,83874,12,204155
41847,0.001142,172.217.194.0-255,4320,88194,12,204155
41848,0.001144,172.31.36.0-255,66,88260,12,204155
41849,0.001159,172.217.194.0-255,1484,89744,12,204155
41850,0.001165,172.217.194.0-255,4320,94064,12,204155
41851,0.001167,172.31.36.0-255,66,94130,12,204155
41852,0.001194,172.31.36.0-255,66,94196,12,204155
41853,0.001206,172.31.36.0-255,66,94262,12,204155
41854,0.001325,172.217.194.0-255,1484,95746,12,204155
41855,0.001331,172.217.194.0-255,2902,98648,12,204155
41856,0.001334,172.31.36.0-255,66,98714,12,204155
41857,0.001356,172.217.194.0-255,5738,104452,12,204155
41858,0.001359,172.31.36.0-255,66,104518,12,204155
41859,0.001396,172.31.36.0-255,66,104584,12,204155
41860,0.001408,172.31.36.0-255,66,104650,12,204155
41861,0.00143,172.217.194.0-255,766,105416,12,204155
41862,0.001485,172.217.194.0-255,1484,106900,12,204155
41863,0.001488,172.31.36.0-255,66,106966,12,204155
41864,0.001513,172.217.194.0-255,2902,109868,12,204155
41865,0.001516,172.31.36.0-255,66,109934,12,204155
41866,0.001522,172.217.194.0-255,5738,115672,12,204155
41867,0.001525,172.31.36.0-255,66,115738,12,204155
41868,0.001531,172.217.194.0-255,5738,121476,12,204155
41869,0.001533,172.31.36.0-255,66,121542,12,204155
41870,0.001574,172.217.194.0-255,7156,128698,12,204155
41871,0.001586,172.217.194.0-255,766,129464,12,204155
41872,0.001606,172.31.36.0-255,66,129530,12,204155
41873,0.00168,172.217.194.0-255,1484,131014,12,204155
41874,0.001687,172.217.194.0-255,2902,133916,12,204155
41875,0.001698,172.217.194.0-255,1484,135400,12,204155
41876,0.001702,172.217.194.0-255,2902,138302,12,204155
41877,0.001706,172.31.36.0-255,66,138368,12,204155
41878,0.001713,172.31.36.0-255,66,138434,12,204155
41879,0.001729,172.217.194.0-255,5738,144172,12,204155
41880,0.001746,172.217.194.0-255,5738,149910,12,204155
41881,0.001766,172.217.194.0-255,7156,157066,12,204155
41882,0.001775,172.31.36.0-255,66,157132,12,204155
41883,0.001796,172.217.194.0-255,6438,163570,12,204155
41884,0.00182,172.31.36.0-255,66,163636,12,204155
41885,0.001855,172.217.194.0-255,1484,165120,12,204155
41886,0.001861,172.217.194.0-255,2902,168022,12,204155
41887,0.001877,172.217.194.0-255,5738,173760,12,204155
41888,0.001885,172.31.36.0-255,66,173826,12,204155
41889,0.001909,172.217.194.0-255,1484,175310,12,204155
41890,0.001937,172.31.36.0-255,66,175376,12,204155
41891,0.001952,172.217.194.0-255,7156,182532,12,204155
41892,0.001959,172.31.36.0-255,66,182598,12,204155
41893,0.001978,172.217.194.0-255,2184,184782,12,204155
41894,0.002034,172.31.36.0-255,66,184848,12,204155
41895,0.002086,172.217.194.0-255,5020,189868,12,204155
41896,0.002091,172.31.36.0-255,66,189934,12,204155
41897,0.002106,172.217.194.0-255,7156,197090,12,204155
41898,0.002144,172.217.194.0-255,2184,199274,12,204155
41899,0.00217,172.31.36.0-255,66,199340,12,204155
41900,0.002176,172.31.36.0-255,66,199406,12,204155
41901,0.002191,172.217.194.0-255,105,199511,12,204155
41902,0.010791,172.31.36.0-255,66,199577,12,204155
41903,0.010854,172.31.36.0-255,105,199682,12,204155
41904,0.013415,172.217.194.0-255,66,199748,12,204155
41905,0.037461,172.31.36.0-255,172,199920,12,204155
41906,0.037527,172.31.36.0-255,1108,201028,12,204155
41907,0.037601,172.31.36.0-255,1514,202542,12,204155
41908,0.037603,172.31.36.0-255,1415,203957,12,204155
41909,0.038983,104.244.42.0-255,66,204023,12,204155
41910,0.039039,104.244.42.0-255,66,204089,12,204155
41911,0.039162,104.244.42.0-255,66,204155,12,204155
41912,0.0,172.217.194.0-255,153,153,12,329978
41913,2.2e-05,172.31.36.0-255,66,219,12,329978
41914,3e-05,172.217.194.0-255,1484,1703,12,329978
41915,3.5e-05,172.31.36.0-255,66,1769,12,329978
41916,4.2e-05,172.217.194.0-255,2902,4671,12,329978
41917,4.6e-05,172.31.36.0-255,66,4737,12,329978
41918,5.5e-05,172.217.194.0-255,7156,11893,12,329978
41919,5.8e-05,172.31.36.0-255,66,11959,12,329978
41920,6.2e-05,172.217.194.0-255,2091,14050,12,329978
41921,6.5e-05,172.31.36.0-255,66,14116,12,329978
41922,9.3e-05,172.217.194.0-255,4320,18436,12,329978
41923,9.7e-05,172.31.36.0-255,66,18502,12,329978
41924,0.000122,172.217.194.0-255,7156,25658,12,329978
41925,0.000125,172.31.36.0-255,66,25724,12,329978
41926,0.000131,172.217.194.0-255,5379,31103,12,329978
41927,0.000134,172.31.36.0-255,66,31169,12,329978
41928,0.000252,172.217.194.0-255,1484,32653,12,329978
41929,0.000256,172.31.36.0-255,66,32719,12,329978
41930,0.000262,172.217.194.0-255,2902,35621,12,329978
41931,0.000265,172.31.36.0-255,66,35687,12,329978
41932,0.000268,172.217.194.0-255,1484,37171,12,329978
41933,0.000269,172.31.36.0-255,66,37237,12,329978
41934,0.000303,172.217.194.0-255,4320,41557,12,329978
41935,0.000306,172.31.36.0-255,66,41623,12,329978
41936,0.000312,172.217.194.0-255,5738,47361,12,329978
41937,0.000314,172.31.36.0-255,66,47427,12,329978
41938,0.00032,172.217.194.0-255,4320,51747,12,329978
41939,0.000322,172.31.36.0-255,66,51813,12,329978
41940,0.000346,172.31.36.0-255,66,51879,12,329978
41941,0.000361,172.217.194.0-255,1484,53363,12,329978
41942,0.000364,172.31.36.0-255,66,53429,12,329978
41943,0.000403,172.217.194.0-255,2795,56224,12,329978
41944,0.000408,172.217.194.0-255,121,56345,12,329978
41945,0.000524,172.31.36.0-255,66,56411,12,329978
41946,0.000536,172.217.194.0-255,378,56789,12,329978
41947,0.000939,172.217.194.0-255,1484,58273,12,329978
41948,0.000947,172.31.36.0-255,66,58339,12,329978
41949,0.000962,172.217.194.0-255,2902,61241,12,329978
41950,0.000966,172.217.194.0-255,1484,62725,12,329978
41951,0.000987,172.217.194.0-255,4320,67045,12,329978
41952,0.00099,172.31.36.0-255,66,67111,12,329978
41953,0.000995,172.31.36.0-255,66,67177,12,329978
41954,0.001009,172.217.194.0-255,1484,68661,12,329978
41955,0.001041,172.217.194.0-255,4320,72981,12,329978
41956,0.001063,172.217.194.0-255,6438,79419,12,329978
41957,0.001074,172.31.36.0-255,66,79485,12,329978
41958,0.001092,172.217.194.0-255,1484,80969,12,329978
41959,0.001095,172.217.194.0-255,1484,82453,12,329978
41960,0.001102,172.31.36.0-255,66,82519,12,329978
41961,0.001119,172.217.194.0-255,1484,84003,12,329978
41962,0.001125,172.217.194.0-255,5738,89741,12,329978
41963,0.001141,172.31.36.0-255,66,89807,12,329978
41964,0.001174,172.217.194.0-255,6249,96056,12,329978
41965,0.001194,172.31.36.0-255,66,96122,12,329978
41966,0.001356,172.217.194.0-255,1484,97606,12,329978
41967,0.00137,172.217.194.0-255,2902,100508,12,329978
41968,0.001374,172.31.36.0-255,66,100574,12,329978
41969,0.001386,172.217.194.0-255,1484,102058,12,329978
41970,0.001403,172.217.194.0-255,4320,106378,12,329978
41971,0.001436,172.217.194.0-255,7156,113534,12,329978
41972,0.001444,172.31.36.0-255,66,113600,12,329978
41973,0.001487,172.217.194.0-255,3602,117202,12,329978
41974,0.001493,172.31.36.0-255,66,117268,12,329978
41975,0.001693,172.217.194.0-255,1484,118752,12,329978
41976,0.0017,172.217.194.0-255,2902,121654,12,329978
41977,0.001703,172.31.36.0-255,66,121720,12,329978
41978,0.001711,172.217.194.0-255,5738,127458,12,329978
41979,0.001721,172.31.36.0-255,66,127524,12,329978
41980,0.001796,172.217.194.0-255,7156,134680,12,329978
41981,0.001803,172.31.36.0-255,66,134746,12,329978
41982,0.001835,172.31.36.0-255,66,134812,12,329978
41983,0.001925,172.217.194.0-255,1484,136296,12,329978
41984,0.001931,172.217.194.0-255,2902,139198,12,329978
41985,0.001937,172.31.36.0-255,66,139264,12,329978
41986,0.001962,172.217.194.0-255,5738,145002,12,329978
41987,0.001974,172.31.36.0-255,66,145068,12,329978
41988,0.002002,172.217.194.0-255,7156,152224,12,329978
41989,0.002021,172.31.36.0-255,66,152290,12,329978
41990,0.002039,172.217.194.0-255,1484,153774,12,329978
41991,0.002054,172.217.194.0-255,2184,155958,12,329978
41992,0.002069,172.31.36.0-255,66,156024,12,329978
41993,0.00211,172.217.194.0-255,1484,157508,12,329978
41994,0.002116,172.217.194.0-255,2902,160410,12,329978
41995,0.002118,172.31.36.0-255,66,160476,12,329978
41996,0.002132,172.217.194.0-255,1484,161960,12,329978
41997,0.002149,172.217.194.0-255,4320,166280,12,329978
41998,0.002153,172.217.194.0-255,2902,169182,12,329978
41999,0.002165,172.31.36.0-255,66,169248,12,329978
42000,0.002183,172.217.194.0-255,2902,172150,12,329978
42001,0.00219,172.31.36.0-255,66,172216,12,329978
42002,0.002224,172.31.36.0-255,66,172282,12,329978
42003,0.002266,172.217.194.0-255,1484,173766,12,329978
42004,0.002272,172.217.194.0-255,2902,176668,12,329978
42005,0.00229,172.217.194.0-255,5738,182406,12,329978
42006,0.002303,172.217.194.0-255,1484,183890,12,329978
42007,0.002339,172.217.194.0-255,2902,186792,12,329978
42008,0.002347,172.217.194.0-255,7156,193948,12,329978
42009,0.002369,172.217.194.0-255,3602,197550,12,329978
42010,0.007284,172.31.36.0-255,66,197616,12,329978
42011,0.009631,172.217.194.0-255,5738,203354,12,329978
42012,0.009638,172.31.36.0-255,66,203420,12,329978
42013,0.011992,172.217.194.0-255,5738,209158,12,329978
42014,0.012002,172.31.36.0-255,66,209224,12,329978
42015,0.014357,172.217.194.0-255,5738,214962,12,329978
42016,0.015739,172.31.36.0-255,66,215028,12,329978
42017,0.018114,172.217.194.0-255,5738,220766,12,329978
42018,0.018124,172.31.36.0-255,66,220832,12,329978
42019,0.020449,172.217.194.0-255,5738,226570,12,329978
42020,0.020457,172.31.36.0-255,66,226636,12,329978
42021,0.022808,172.217.194.0-255,5738,232374,12,329978
42022,0.022815,172.31.36.0-255,66,232440,12,329978
42023,0.025145,172.217.194.0-255,5738,238178,12,329978
42024,0.025157,172.31.36.0-255,66,238244,12,329978
42025,0.027486,172.217.194.0-255,5738,243982,12,329978
42026,0.027494,172.31.36.0-255,66,244048,12,329978
42027,0.029818,172.217.194.0-255,5738,249786,12,329978
42028,0.029825,172.31.36.0-255,66,249852,12,329978
42029,0.03218,172.217.194.0-255,5738,255590,12,329978
42030,0.032189,172.31.36.0-255,66,255656,12,329978
42031,0.034167,172.31.36.0-255,172,255828,12,329978
42032,0.034201,172.31.36.0-255,1109,256937,12,329978
42033,0.034267,172.31.36.0-255,1514,258451,12,329978
42034,0.034269,172.31.36.0-255,1514,259965,12,329978
42035,0.034276,172.31.36.0-255,1514,261479,12,329978
42036,0.034277,172.31.36.0-255,1514,262993,12,329978
42037,0.034295,172.31.36.0-255,1514,264507,12,329978
42038,0.034297,172.31.36.0-255,1189,265696,12,329978
42039,0.034541,172.217.194.0-255,5738,271434,12,329978
42040,0.034548,172.31.36.0-255,66,271500,12,329978
42041,0.035713,104.244.42.0-255,66,271566,12,329978
42042,0.035733,104.244.42.0-255,66,271632,12,329978
42043,0.035823,104.244.42.0-255,66,271698,12,329978
42044,0.035829,104.244.42.0-255,66,271764,12,329978
42045,0.0369,172.217.194.0-255,5738,277502,12,329978
42046,0.03691,172.31.36.0-255,66,277568,12,329978
42047,0.039277,172.217.194.0-255,5738,283306,12,329978
42048,0.039285,172.31.36.0-255,66,283372,12,329978
42049,0.041623,172.217.194.0-255,5738,289110,12,329978
42050,0.041631,172.31.36.0-255,66,289176,12,329978
42051,0.043968,172.217.194.0-255,5738,294914,12,329978
42052,0.043977,172.31.36.0-255,66,294980,12,329978
42053,0.046336,172.217.194.0-255,5738,300718,12,329978
42054,0.046346,172.31.36.0-255,66,300784,12,329978
42055,0.048702,172.217.194.0-255,5738,306522,12,329978
42056,0.048709,172.31.36.0-255,66,306588,12,329978
42057,0.05013,172.31.36.0-255,108,306696,12,329978
42058,0.051063,172.217.194.0-255,5738,312434,12,329978
42059,0.05107,172.31.36.0-255,66,312500,12,329978
42060,0.051652,104.244.42.0-255,66,312566,12,329978
42061,0.053442,172.217.194.0-255,5738,318304,12,329978
42062,0.053451,172.31.36.0-255,66,318370,12,329978
42063,0.055797,172.217.194.0-255,5738,324108,12,329978
42064,0.055806,172.31.36.0-255,66,324174,12,329978
42065,0.058178,172.217.194.0-255,5738,329912,12,329978
42066,0.058188,172.31.36.0-255,66,329978,12,329978
42067,0.0,74.125.24.0-255,149,149,12,215023
42068,3.5e-05,172.31.36.0-255,66,215,12,215023
42069,4.3e-05,74.125.24.0-255,1484,1699,12,215023
42070,4.7e-05,172.31.36.0-255,66,1765,12,215023
42071,5.2e-05,74.125.24.0-255,2902,4667,12,215023
42072,5.4e-05,172.31.36.0-255,66,4733,12,215023
42073,6.1e-05,74.125.24.0-255,5738,10471,12,215023
42074,6.4e-05,172.31.36.0-255,66,10537,12,215023
42075,6.8e-05,74.125.24.0-255,2902,13439,12,215023
42076,7.1e-05,172.31.36.0-255,66,13505,12,215023
42077,0.000109,172.31.36.0-255,66,13571,12,215023
42078,0.000124,172.31.36.0-255,66,13637,12,215023
42079,0.000139,74.125.24.0-255,1484,15121,12,215023
42080,0.000142,172.31.36.0-255,66,15187,12,215023
42081,0.000158,74.125.24.0-255,4320,19507,12,215023
42082,0.000163,172.31.36.0-255,66,19573,12,215023
42083,0.00017,74.125.24.0-255,7156,26729,12,215023
42084,0.000172,172.31.36.0-255,66,26795,12,215023
42085,0.000195,74.125.24.0-255,3961,30756,12,215023
42086,0.000197,172.31.36.0-255,66,30822,12,215023
42087,0.00022,74.125.24.0-255,1484,32306,12,215023
42088,0.000223,172.31.36.0-255,66,32372,12,215023
42089,0.000237,74.125.24.0-255,2902,35274,12,215023
42090,0.00024,172.31.36.0-255,66,35340,12,215023
42091,0.00026,74.125.24.0-255,4320,39660,12,215023
42092,0.000262,172.31.36.0-255,66,39726,12,215023
42093,0.00029,74.125.24.0-255,5738,45464,12,215023
42094,0.000292,172.31.36.0-255,66,45530,12,215023
42095,0.000295,74.125.24.0-255,1484,47014,12,215023
42096,0.000297,172.31.36.0-255,66,47080,12,215023
42097,0.0003,74.125.24.0-255,1125,48205,12,215023
42098,0.000846,172.31.36.0-255,66,48271,12,215023
42099,0.000908,74.125.24.0-255,648,48919,12,215023
42100,0.001122,74.125.24.0-255,1484,50403,12,215023
42101,0.001128,172.31.36.0-255,66,50469,12,215023
42102,0.001134,74.125.24.0-255,2902,53371,12,215023
42103,0.001137,172.31.36.0-255,66,53437,12,215023
42104,0.001159,74.125.24.0-255,1484,54921,12,215023
42105,0.001164,74.125.24.0-255,2902,57823,12,215023
42106,0.001167,172.31.36.0-255,66,57889,12,215023
42107,0.001173,74.125.24.0-255,4320,62209,12,215023
42108,0.001174,172.31.36.0-255,66,62275,12,215023
42109,0.001187,74.125.24.0-255,1484,63759,12,215023
42110,0.001197,74.125.24.0-255,7156,70915,12,215023
42111,0.001199,172.31.36.0-255,66,70981,12,215023
42112,0.00122,74.125.24.0-255,5738,76719,12,215023
42113,0.001223,172.31.36.0-255,66,76785,12,215023
42114,0.001229,74.125.24.0-255,6438,83223,12,215023
42115,0.001231,172.31.36.0-255,66,83289,12,215023
42116,0.001328,74.125.24.0-255,1484,84773,12,215023
42117,0.001335,74.125.24.0-255,2902,87675,12,215023
42118,0.001337,172.31.36.0-255,66,87741,12,215023
42119,0.001345,74.125.24.0-255,5738,93479,12,215023
42120,0.001346,172.31.36.0-255,66,93545,12,215023
42121,0.001401,172.31.36.0-255,66,93611,12,215023
42122,0.001424,172.31.36.0-255,66,93677,12,215023
42123,0.001448,74.125.24.0-255,5020,98697,12,215023
42124,0.001451,172.31.36.0-255,66,98763,12,215023
42125,0.001468,74.125.24.0-255,1484,100247,12,215023
42126,0.001473,74.125.24.0-255,2902,103149,12,215023
42127,0.001476,172.31.36.0-255,66,103215,12,215023
42128,0.001494,74.125.24.0-255,5738,108953,12,215023
42129,0.001496,172.31.36.0-255,66,109019,12,215023
42130,0.001528,172.31.36.0-255,66,109085,12,215023
42131,0.001535,74.125.24.0-255,7156,116241,12,215023
42132,0.001537,172.31.36.0-255,66,116307,12,215023
42133,0.001574,74.125.24.0-255,3602,119909,12,215023
42134,0.001577,172.31.36.0-255,66,119975,12,215023
42135,0.001828,74.125.24.0-255,1484,121459,12,215023
42136,0.001835,74.125.24.0-255,2902,124361,12,215023
42137,0.001839,172.31.36.0-255,66,124427,12,215023
42138,0.001845,74.125.24.0-255,4320,128747,12,215023
42139,0.001848,172.31.36.0-255,66,128813,12,215023
42140,0.001878,74.125.24.0-255,1484,130297,12,215023
42141,0.00189,172.31.36.0-255,66,130363,12,215023
42142,0.001897,74.125.24.0-255,7156,137519,12,215023
42143,0.001899,172.31.36.0-255,66,137585,12,215023
42144,0.001932,74.125.24.0-255,6438,144023,12,215023
42145,0.001935,172.31.36.0-255,66,144089,12,215023
42146,0.001941,74.125.24.0-255,5738,149827,12,215023
42147,0.001943,172.31.36.0-255,66,149893,12,215023
42148,0.001954,74.125.24.0-255,1484,151377,12,215023
42149,0.001957,74.125.24.0-255,1484,152861,12,215023
42150,0.001959,172.31.36.0-255,66,152927,12,215023
42151,0.001986,172.31.36.0-255,66,152993,12,215023
42152,0.001992,74.125.24.0-255,5738,158731,12,215023
42153,0.001994,172.31.36.0-255,66,158797,12,215023
42154,0.00201,74.125.24.0-255,2184,160981,12,215023
42155,0.002012,172.31.36.0-255,66,161047,12,215023
42156,0.002304,74.125.24.0-255,1484,162531,12,215023
42157,0.002316,74.125.24.0-255,2902,165433,12,215023
42158,0.002318,172.31.36.0-255,66,165499,12,215023
42159,0.002337,74.125.24.0-255,4320,169819,12,215023
42160,0.00234,172.31.36.0-255,66,169885,12,215023
42161,0.002345,74.125.24.0-255,4320,174205,12,215023
42162,0.002347,172.31.36.0-255,66,174271,12,215023
42163,0.002372,74.125.24.0-255,4320,178591,12,215023
42164,0.002374,172.31.36.0-255,66,178657,12,215023
42165,0.002377,74.125.24.0-255,1484,180141,12,215023
42166,0.002405,172.31.36.0-255,66,180207,12,215023
42167,0.002408,74.125.24.0-255,1484,181691,12,215023
42168,0.002438,172.31.36.0-255,66,181757,12,215023
42169,0.002448,172.31.36.0-255,66,181823,12,215023
42170,0.002544,74.125.24.0-255,2902,184725,12,215023
42171,0.002587,74.125.24.0-255,6438,191163,12,215023
42172,0.002624,74.125.24.0-255,5738,196901,12,215023
42173,0.002628,74.125.24.0-255,3602,200503,12,215023
42174,0.002634,74.125.24.0-255,5738,206241,12,215023
42175,0.002669,74.125.24.0-255,5738,211979,12,215023
42176,0.007695,172.31.36.0-255,66,212045,12,215023
42177,0.01037,74.125.24.0-255,2147,214192,12,215023
42178,0.010378,172.31.36.0-255,66,214258,12,215023
42179,0.010554,172.31.36.0-255,105,214363,12,215023
42180,0.013169,74.125.24.0-255,66,214429,12,215023
42181,0.046118,172.31.36.0-255,181,214610,12,215023
42182,0.046213,172.31.36.0-255,281,214891,12,215023
42183,0.047668,104.244.42.0-255,66,214957,12,215023
42184,0.047751,104.244.42.0-255,66,215023,12,215023
42185,0.0,172.217.194.0-255,151,151,12,329846
42186,3.4e-05,172.31.36.0-255,66,217,12,329846
42187,4.1e-05,172.217.194.0-255,1484,1701,12,329846
42188,4.6e-05,172.31.36.0-255,66,1767,12,329846
42189,5.2e-05,172.217.194.0-255,2902,4669,12,329846
42190,5.4e-05,172.31.36.0-255,66,4735,12,329846
42191,6.2e-05,172.217.194.0-255,7156,11891,12,329846
42192,6.6e-05,172.31.36.0-255,66,11957,12,329846
42193,7.1e-05,172.217.194.0-255,3493,15450,12,329846
42194,7.3e-05,172.31.36.0-255,66,15516,12,329846
42195,8e-05,172.217.194.0-255,7156,22672,12,329846
42196,8.3e-05,172.31.36.0-255,66,22738,12,329846
42197,0.000104,172.217.194.0-255,5738,28476,12,329846
42198,0.000106,172.31.36.0-255,66,28542,12,329846
42199,0.00011,172.217.194.0-255,2543,31085,12,329846
42200,0.000112,172.31.36.0-255,66,31151,12,329846
42201,0.001237,172.217.194.0-255,1484,32635,12,329846
42202,0.001245,172.31.36.0-255,66,32701,12,329846
42203,0.001254,172.217.194.0-255,2902,35603,12,329846
42204,0.001256,172.31.36.0-255,66,35669,12,329846
42205,0.001262,172.217.194.0-255,5738,41407,12,329846
42206,0.001265,172.31.36.0-255,66,41473,12,329846
42207,0.001294,172.217.194.0-255,4320,45793,12,329846
42208,0.001297,172.31.36.0-255,66,45859,12,329846
42209,0.001316,172.217.194.0-255,6797,52656,12,329846
42210,0.001318,172.31.36.0-255,66,52722,12,329846
42211,0.001344,172.217.194.0-255,7156,59878,12,329846
42212,0.001346,172.31.36.0-255,66,59944,12,329846
42213,0.001361,172.217.194.0-255,4320,64264,12,329846
42214,0.001364,172.31.36.0-255,66,64330,12,329846
42215,0.001366,172.217.194.0-255,1377,65707,12,329846
42216,0.001368,172.31.36.0-255,66,65773,12,329846
42217,0.001464,172.217.194.0-255,118,65891,12,329846
42218,0.001673,172.217.194.0-255,1484,67375,12,329846
42219,0.00169,172.217.194.0-255,2902,70277,12,329846
42220,0.001706,172.217.194.0-255,4320,74597,12,329846
42221,0.001716,172.217.194.0-255,1484,76081,12,329846
42222,0.001734,172.217.194.0-255,2902,78983,12,329846
42223,0.001746,172.217.194.0-255,4320,83303,12,329846
42224,0.001758,172.217.194.0-255,4320,87623,12,329846
42225,0.001768,172.217.194.0-255,1484,89107,12,329846
42226,0.001771,172.217.194.0-255,1484,90591,12,329846
42227,0.001784,172.217.194.0-255,4320,94911,12,329846
42228,0.001806,172.217.194.0-255,4320,99231,12,329846
42229,0.001808,172.217.194.0-255,766,99997,12,329846
42230,0.001811,172.217.194.0-255,1484,101481,12,329846
42231,0.001815,172.217.194.0-255,2902,104383,12,329846
42232,0.001833,172.217.194.0-255,1484,105867,12,329846
42233,0.001839,172.217.194.0-255,5738,111605,12,329846
42234,0.001861,172.217.194.0-255,4320,115925,12,329846
42235,0.001874,172.217.194.0-255,7156,123081,12,329846
42236,0.001889,172.217.194.0-255,4320,127401,12,329846
42237,0.001913,172.217.194.0-255,7156,134557,12,329846
42238,0.00198,172.217.194.0-255,5738,140295,12,329846
42239,0.002042,172.217.194.0-255,4320,144615,12,329846
42240,0.00206,172.217.194.0-255,5738,150353,12,329846
42241,0.002102,172.217.194.0-255,1484,151837,12,329846
42242,0.002109,172.217.194.0-255,7156,158993,12,329846
42243,0.002128,172.217.194.0-255,5020,164013,12,329846
42244,0.002134,172.217.194.0-255,4320,168333,12,329846
42245,0.004007,172.31.36.0-255,66,168399,12,329846
42246,0.006091,172.217.194.0-255,5738,174137,12,329846
42247,0.0061,172.31.36.0-255,66,174203,12,329846
42248,0.008126,172.217.194.0-255,5738,179941,12,329846
42249,0.008132,172.31.36.0-255,66,180007,12,329846
42250,0.010166,172.217.194.0-255,5738,185745,12,329846
42251,0.010172,172.31.36.0-255,66,185811,12,329846
42252,0.012381,172.217.194.0-255,5738,191549,12,329846
42253,0.014916,172.31.36.0-255,66,191615,12,329846
42254,0.016957,172.217.194.0-255,5738,197353,12,329846
42255,0.016968,172.31.36.0-255,66,197419,12,329846
42256,0.019013,172.217.194.0-255,5738,203157,12,329846
42257,0.019023,172.31.36.0-255,66,203223,12,329846
42258,0.021054,172.217.194.0-255,5738,208961,12,329846
42259,0.021064,172.31.36.0-255,66,209027,12,329846
42260,0.023114,172.217.194.0-255,5738,214765,12,329846
42261,0.023121,172.31.36.0-255,66,214831,12,329846
42262,0.025154,172.217.194.0-255,5738,220569,12,329846
42263,0.025162,172.31.36.0-255,66,220635,12,329846
42264,0.027201,172.217.194.0-255,5738,226373,12,329846
42265,0.027213,172.31.36.0-255,66,226439,12,329846
42266,0.029239,172.217.194.0-255,5738,232177,12,329846
42267,0.029249,172.31.36.0-255,66,232243,12,329846
42268,0.031296,172.217.194.0-255,5738,237981,12,329846
42269,0.031304,172.31.36.0-255,66,238047,12,329846
42270,0.032468,172.31.36.0-255,172,238219,12,329846
42271,0.032495,172.31.36.0-255,1109,239328,12,329846
42272,0.032545,172.31.36.0-255,1514,240842,12,329846
42273,0.032547,172.31.36.0-255,1514,242356,12,329846
42274,0.032548,172.31.36.0-255,1514,243870,12,329846
42275,0.032555,172.31.36.0-255,1514,245384,12,329846
42276,0.032573,172.31.36.0-255,1514,246898,12,329846
42277,0.032574,172.31.36.0-255,1188,248086,12,329846
42278,0.033311,172.217.194.0-255,5738,253824,12,329846
42279,0.033319,172.31.36.0-255,66,253890,12,329846
42280,0.034027,104.244.42.0-255,66,253956,12,329846
42281,0.034035,104.244.42.0-255,66,254022,12,329846
42282,0.034107,104.244.42.0-255,66,254088,12,329846
42283,0.034113,104.244.42.0-255,66,254154,12,329846
42284,0.035334,172.217.194.0-255,5738,259892,12,329846
42285,0.035341,172.31.36.0-255,66,259958,12,329846
42286,0.037372,172.217.194.0-255,5738,265696,12,329846
42287,0.037379,172.31.36.0-255,66,265762,12,329846
42288,0.039429,172.217.194.0-255,5738,271500,12,329846
42289,0.039436,172.31.36.0-255,66,271566,12,329846
42290,0.041465,172.217.194.0-255,5738,277304,12,329846
42291,0.041473,172.31.36.0-255,66,277370,12,329846
42292,0.043514,172.217.194.0-255,5738,283108,12,329846
42293,0.043522,172.31.36.0-255,66,283174,12,329846
42294,0.045566,172.217.194.0-255,5738,288912,12,329846
42295,0.045574,172.31.36.0-255,66,288978,12,329846
42296,0.047616,172.217.194.0-255,5738,294716,12,329846
42297,0.047623,172.31.36.0-255,66,294782,12,329846
42298,0.049651,172.217.194.0-255,1484,296266,12,329846
42299,0.049677,172.217.194.0-255,4320,300586,12,329846
42300,0.049681,172.31.36.0-255,66,300652,12,329846
42301,0.05171,172.217.194.0-255,5738,306390,12,329846
42302,0.051717,172.31.36.0-255,66,306456,12,329846
42303,0.053526,172.31.36.0-255,108,306564,12,329846
42304,0.053742,172.217.194.0-255,5738,312302,12,329846
42305,0.053751,172.31.36.0-255,66,312368,12,329846
42306,0.05519,104.244.42.0-255,66,312434,12,329846
42307,0.055791,172.217.194.0-255,5738,318172,12,329846
42308,0.055798,172.31.36.0-255,66,318238,12,329846
42309,0.057819,172.217.194.0-255,5738,323976,12,329846
42310,0.057826,172.31.36.0-255,66,324042,12,329846
42311,0.059866,172.217.194.0-255,5738,329780,12,329846
42312,0.059875,172.31.36.0-255,66,329846,12,329846
42313,0.0,172.253.118.0-255,153,153,12,257328
42314,3.4e-05,172.31.36.0-255,66,219,12,257328
42315,4.1e-05,172.253.118.0-255,1484,1703,12,257328
42316,4.6e-05,172.31.36.0-255,66,1769,12,257328
42317,5e-05,172.253.118.0-255,2902,4671,12,257328
42318,6.3e-05,172.31.36.0-255,66,4737,12,257328
42319,7e-05,172.253.118.0-255,7156,11893,12,257328
42320,7.3e-05,172.31.36.0-255,66,11959,12,257328
42321,7.7e-05,172.253.118.0-255,1986,13945,12,257328
42322,8e-05,172.31.36.0-255,66,14011,12,257328
42323,0.00011,172.253.118.0-255,1484,15495,12,257328
42324,0.000113,172.31.36.0-255,66,15561,12,257328
42325,0.000141,172.253.118.0-255,2902,18463,12,257328
42326,0.000144,172.31.36.0-255,66,18529,12,257328
42327,0.00015,172.253.118.0-255,5738,24267,12,257328
42328,0.000152,172.31.36.0-255,66,24333,12,257328
42329,0.000177,172.253.118.0-255,6797,31130,12,257328
42330,0.00018,172.31.36.0-255,66,31196,12,257328
42331,0.00036,172.253.118.0-255,1484,32680,12,257328
42332,0.000364,172.31.36.0-255,66,32746,12,257328
42333,0.000379,172.253.118.0-255,2902,35648,12,257328
42334,0.000387,172.31.36.0-255,66,35714,12,257328
42335,0.000393,172.253.118.0-255,5738,41452,12,257328
42336,0.000396,172.31.36.0-255,66,41518,12,257328
42337,0.000424,172.253.118.0-255,6797,48315,12,257328
42338,0.000427,172.31.36.0-255,66,48381,12,257328
42339,0.000852,172.253.118.0-255,1484,49865,12,257328
42340,0.000858,172.31.36.0-255,66,49931,12,257328
42341,0.000867,172.253.118.0-255,2902,52833,12,257328
42342,0.000875,172.31.36.0-255,66,52899,12,257328
42343,0.000882,172.253.118.0-255,5738,58637,12,257328
42344,0.000885,172.31.36.0-255,66,58703,12,257328
42345,0.000916,172.253.118.0-255,2902,61605,12,257328
42346,0.000919,172.31.36.0-255,66,61671,12,257328
42347,0.000939,172.253.118.0-255,4542,66213,12,257328
42348,0.000942,172.31.36.0-255,66,66279,12,257328
42349,0.001762,172.253.118.0-255,1484,67763,12,257328
42350,0.00177,172.253.118.0-255,2902,70665,12,257328
42351,0.001774,172.31.36.0-255,66,70731,12,257328
42352,0.001781,172.253.118.0-255,5738,76469,12,257328
42353,0.001783,172.31.36.0-255,66,76535,12,257328
42354,0.001818,172.253.118.0-255,7156,83691,12,257328
42355,0.00182,172.31.36.0-255,66,83757,12,257328
42356,0.001877,172.31.36.0-255,66,83823,12,257328
42357,0.001881,172.253.118.0-255,2184,86007,12,257328
42358,0.001884,172.31.36.0-255,66,86073,12,257328
42359,0.003858,172.253.118.0-255,5738,91811,12,257328
42360,0.003862,172.31.36.0-255,66,91877,12,257328
42361,0.005853,172.253.118.0-255,4320,96197,12,257328
42362,0.005855,172.31.36.0-255,66,96263,12,257328
42363,0.005871,172.253.118.0-255,1484,97747,12,257328
42364,0.007867,172.253.118.0-255,4320,102067,12,257328
42365,0.007874,172.31.36.0-255,66,102133,12,257328
42366,0.009872,172.253.118.0-255,5738,107871,12,257328
42367,0.009879,172.31.36.0-255,66,107937,12,257328
42368,0.011878,172.253.118.0-255,5738,113675,12,257328
42369,0.011887,172.31.36.0-255,66,113741,12,257328
42370,0.013885,172.253.118.0-255,5738,119479,12,257328
42371,0.013892,172.31.36.0-255,66,119545,12,257328
42372,0.015884,172.253.118.0-255,5738,125283,12,257328
42373,0.015892,172.31.36.0-255,66,125349,12,257328
42374,0.017885,172.253.118.0-255,5738,131087,12,257328
42375,0.017893,172.31.36.0-255,66,131153,12,257328
42376,0.019891,172.253.118.0-255,5738,136891,12,257328
42377,0.019899,172.31.36.0-255,66,136957,12,257328
42378,0.021703,172.31.36.0-255,172,137129,12,257328
42379,0.021733,172.31.36.0-255,1108,138237,12,257328
42380,0.021775,172.31.36.0-255,1514,139751,12,257328
42381,0.021776,172.31.36.0-255,1299,141050,12,257328
42382,0.021897,172.253.118.0-255,5738,146788,12,257328
42383,0.021903,172.31.36.0-255,66,146854,12,257328
42384,0.023223,104.244.42.0-255,66,146920,12,257328
42385,0.023284,104.244.42.0-255,66,146986,12,257328
42386,0.023287,104.244.42.0-255,66,147052,12,257328
42387,0.023897,172.253.118.0-255,5738,152790,12,257328
42388,0.023901,172.31.36.0-255,66,152856,12,257328
42389,0.025893,172.253.118.0-255,5738,158594,12,257328
42390,0.025898,172.31.36.0-255,66,158660,12,257328
42391,0.027886,172.253.118.0-255,5738,164398,12,257328
42392,0.027891,172.31.36.0-255,66,164464,12,257328
42393,0.02989,172.253.118.0-255,5738,170202,12,257328
42394,0.029895,172.31.36.0-255,66,170268,12,257328
42395,0.031913,172.253.118.0-255,5738,176006,12,257328
42396,0.031918,172.31.36.0-255,66,176072,12,257328
42397,0.033915,172.253.118.0-255,5738,181810,12,257328
42398,0.033921,172.31.36.0-255,66,181876,12,257328
42399,0.035915,172.253.118.0-255,5738,187614,12,257328
42400,0.035921,172.31.36.0-255,66,187680,12,257328
42401,0.037911,172.253.118.0-255,5738,193418,12,257328
42402,0.037916,172.31.36.0-255,66,193484,12,257328
42403,0.039914,172.253.118.0-255,5738,199222,12,257328
42404,0.039919,172.31.36.0-255,66,199288,12,257328
42405,0.041911,172.253.118.0-255,5738,205026,12,257328
42406,0.041919,172.31.36.0-255,66,205092,12,257328
42407,0.043896,172.253.118.0-255,5738,210830,12,257328
42408,0.043918,172.31.36.0-255,66,210896,12,257328
42409,0.045912,172.253.118.0-255,5738,216634,12,257328
42410,0.045918,172.31.36.0-255,66,216700,12,257328
42411,0.047929,172.253.118.0-255,5738,222438,12,257328
42412,0.047935,172.31.36.0-255,66,222504,12,257328
42413,0.049917,172.253.118.0-255,5738,228242,12,257328
42414,0.049923,172.31.36.0-255,66,228308,12,257328
42415,0.05191,172.253.118.0-255,5738,234046,12,257328
42416,0.051915,172.31.36.0-255,66,234112,12,257328
42417,0.053905,172.253.118.0-255,5738,239850,12,257328
42418,0.053911,172.31.36.0-255,66,239916,12,257328
42419,0.05592,172.253.118.0-255,5738,245654,12,257328
42420,0.055942,172.31.36.0-255,66,245720,12,257328
42421,0.057977,172.253.118.0-255,5738,251458,12,257328
42422,0.057995,172.31.36.0-255,66,251524,12,257328
42423,0.059983,172.253.118.0-255,5738,257262,12,257328
42424,0.059999,172.31.36.0-255,66,257328,12,257328
42425,0.0,74.125.24.0-255,152,152,12,198022
42426,3.3e-05,172.31.36.0-255,66,218,12,198022
42427,4e-05,74.125.24.0-255,1484,1702,12,198022
42428,4.4e-05,172.31.36.0-255,66,1768,12,198022
42429,5e-05,74.125.24.0-255,2902,4670,12,198022
42430,5.3e-05,172.31.36.0-255,66,4736,12,198022
42431,5.9e-05,74.125.24.0-255,5738,10474,12,198022
42432,6.1e-05,172.31.36.0-255,66,10540,12,198022
42433,0.000126,74.125.24.0-255,3528,14068,12,198022
42434,0.00013,172.31.36.0-255,66,14134,12,198022
42435,0.000185,172.31.36.0-255,66,14200,12,198022
42436,0.000203,74.125.24.0-255,1484,15684,12,198022
42437,0.000205,172.31.36.0-255,66,15750,12,198022
42438,0.000353,74.125.24.0-255,5379,21129,12,198022
42439,0.000359,172.31.36.0-255,66,21195,12,198022
42440,0.000442,74.125.24.0-255,5738,26933,12,198022
42441,0.000447,172.31.36.0-255,66,26999,12,198022
42442,0.00053,172.31.36.0-255,66,27065,12,198022
42443,0.000537,74.125.24.0-255,3961,31026,12,198022
42444,0.00054,172.31.36.0-255,66,31092,12,198022
42445,0.000718,172.31.36.0-255,66,31158,12,198022
42446,0.000739,74.125.24.0-255,5379,36537,12,198022
42447,0.000742,172.31.36.0-255,66,36603,12,198022
42448,0.000922,74.125.24.0-255,647,37250,12,198022
42449,0.000926,172.31.36.0-255,66,37316,12,198022
42450,0.001057,74.125.24.0-255,1484,38800,12,198022
42451,0.001061,172.31.36.0-255,66,38866,12,198022
42452,0.001067,74.125.24.0-255,2902,41768,12,198022
42453,0.00107,172.31.36.0-255,66,41834,12,198022
42454,0.001127,74.125.24.0-255,2902,44736,12,198022
42455,0.001146,74.125.24.0-255,2902,47638,12,198022
42456,0.001204,74.125.24.0-255,1484,49122,12,198022
42457,0.001383,74.125.24.0-255,5738,54860,12,198022
42458,0.001398,74.125.24.0-255,5020,59880,12,198022
42459,0.001536,74.125.24.0-255,4320,64200,12,198022
42460,0.001577,74.125.24.0-255,4320,68520,12,198022
42461,0.002043,74.125.24.0-255,4320,72840,12,198022
42462,0.002545,74.125.24.0-255,5738,78578,12,198022
42463,0.003137,74.125.24.0-255,5738,84316,12,198022
42464,0.00376,172.31.36.0-255,66,84382,12,198022
42465,0.00607,74.125.24.0-255,5738,90120,12,198022
42466,0.006076,172.31.36.0-255,66,90186,12,198022
42467,0.008404,74.125.24.0-255,5738,95924,12,198022
42468,0.008409,172.31.36.0-255,66,95990,12,198022
42469,0.01073,74.125.24.0-255,5738,101728,12,198022
42470,0.010736,172.31.36.0-255,66,101794,12,198022
42471,0.01306,74.125.24.0-255,5738,107532,12,198022
42472,0.013067,172.31.36.0-255,66,107598,12,198022
42473,0.015389,74.125.24.0-255,5738,113336,12,198022
42474,0.015398,172.31.36.0-255,66,113402,12,198022
42475,0.017726,74.125.24.0-255,5738,119140,12,198022
42476,0.017732,172.31.36.0-255,66,119206,12,198022
42477,0.020052,74.125.24.0-255,5738,124944,12,198022
42478,0.020059,172.31.36.0-255,66,125010,12,198022
42479,0.022385,74.125.24.0-255,2902,127912,12,198022
42480,0.022392,172.31.36.0-255,66,127978,12,198022
42481,0.022419,74.125.24.0-255,2902,130880,12,198022
42482,0.022437,172.31.36.0-255,66,130946,12,198022
42483,0.024683,74.125.24.0-255,2902,133848,12,198022
42484,0.024691,172.31.36.0-255,66,133914,12,198022
42485,0.024722,74.125.24.0-255,2902,136816,12,198022
42486,0.027041,74.125.24.0-255,2902,139718,12,198022
42487,0.027109,172.31.36.0-255,66,139784,12,198022
42488,0.029407,74.125.24.0-255,5738,145522,12,198022
42489,0.029417,172.31.36.0-255,66,145588,12,198022
42490,0.031745,74.125.24.0-255,5738,151326,12,198022
42491,0.039378,172.31.36.0-255,66,151392,12,198022
42492,0.040494,74.125.24.0-255,1484,152876,12,198022
42493,0.041692,74.125.24.0-255,4320,157196,12,198022
42494,0.0417,172.31.36.0-255,66,157262,12,198022
42495,0.044002,74.125.24.0-255,5738,163000,12,198022
42496,0.044043,172.31.36.0-255,66,163066,12,198022
42497,0.046385,74.125.24.0-255,5738,168804,12,198022
42498,0.046394,172.31.36.0-255,66,168870,12,198022
42499,0.048745,74.125.24.0-255,5738,174608,12,198022
42500,0.048751,172.31.36.0-255,66,174674,12,198022
42501,0.051057,74.125.24.0-255,5738,180412,12,198022
42502,0.051063,172.31.36.0-255,66,180478,12,198022
42503,0.053392,74.125.24.0-255,5738,186216,12,198022
42504,0.053403,172.31.36.0-255,66,186282,12,198022
42505,0.055711,74.125.24.0-255,5738,192020,12,198022
42506,0.055717,172.31.36.0-255,66,192086,12,198022
42507,0.058043,74.125.24.0-255,2902,194988,12,198022
42508,0.058049,172.31.36.0-255,66,195054,12,198022
42509,0.058067,74.125.24.0-255,2902,197956,12,198022
42510,0.058096,172.31.36.0-255,66,198022,12,198022
42511,0.0,74.125.130.0-255,143,143,12,221797
42512,1.6e-05,172.31.36.0-255,66,209,12,221797
42513,2.2e-05,74.125.130.0-255,1484,1693,12,221797
42514,2.8e-05,172.31.36.0-255,66,1759,12,221797
42515,5.1e-05,74.125.130.0-255,2902,4661,12,221797
42516,5.4e-05,172.31.36.0-255,66,4727,12,221797
42517,5.7e-05,74.125.130.0-255,1484,6211,12,221797
42518,5.9e-05,172.31.36.0-255,66,6277,12,221797
42519,8.5e-05,74.125.130.0-255,2902,9179,12,221797
42520,8.8e-05,172.31.36.0-255,66,9245,12,221797
42521,9.5e-05,74.125.130.0-255,4923,14168,12,221797
42522,9.7e-05,172.31.36.0-255,66,14234,12,221797
42523,0.000288,74.125.130.0-255,1484,15718,12,221797
42524,0.000293,172.31.36.0-255,66,15784,12,221797
42525,0.000299,74.125.130.0-255,2902,18686,12,221797
42526,0.000302,172.31.36.0-255,66,18752,12,221797
42527,0.000306,74.125.130.0-255,1484,20236,12,221797
42528,0.000309,172.31.36.0-255,66,20302,12,221797
42529,0.000338,74.125.130.0-255,2902,23204,12,221797
42530,0.000341,172.31.36.0-255,66,23270,12,221797
42531,0.000347,74.125.130.0-255,5738,29008,12,221797
42532,0.00035,172.31.36.0-255,66,29074,12,221797
42533,0.000367,74.125.130.0-255,5738,34812,12,221797
42534,0.000369,172.31.36.0-255,66,34878,12,221797
42535,0.000393,74.125.130.0-255,2543,37421,12,221797
42536,0.000396,172.31.36.0-255,66,37487,12,221797
42537,0.000399,74.125.130.0-255,1484,38971,12,221797
42538,0.000401,172.31.36.0-255,66,39037,12,221797
42539,0.000422,74.125.130.0-255,7156,46193,12,221797
42540,0.000424,172.31.36.0-255,66,46259,12,221797
42541,0.000429,74.125.130.0-255,2902,49161,12,221797
42542,0.000431,172.31.36.0-255,66,49227,12,221797
42543,0.000448,74.125.130.0-255,1484,50711,12,221797
42544,0.000479,172.31.36.0-255,66,50777,12,221797
42545,0.000497,74.125.130.0-255,1484,52261,12,221797
42546,0.000502,74.125.130.0-255,3602,55863,12,221797
42547,0.000503,74.125.130.0-255,347,56210,12,221797
42548,0.000508,172.31.36.0-255,66,56276,12,221797
42549,0.000995,172.31.36.0-255,66,56342,12,221797
42550,0.001908,74.125.130.0-255,116,56458,12,221797
42551,0.002573,74.125.130.0-255,2902,59360,12,221797
42552,0.002578,172.31.36.0-255,66,59426,12,221797
42553,0.003043,74.125.130.0-255,1484,60910,12,221797
42554,0.004654,74.125.130.0-255,1484,62394,12,221797
42555,0.004659,172.31.36.0-255,66,62460,12,221797
42556,0.004679,74.125.130.0-255,2902,65362,12,221797
42557,0.004681,172.31.36.0-255,66,65428,12,221797
42558,0.006722,74.125.130.0-255,2902,68330,12,221797
42559,0.006728,172.31.36.0-255,66,68396,12,221797
42560,0.006748,74.125.130.0-255,2902,71298,12,221797
42561,0.006751,172.31.36.0-255,66,71364,12,221797
42562,0.008805,74.125.130.0-255,5738,77102,12,221797
42563,0.008813,172.31.36.0-255,66,77168,12,221797
42564,0.010886,74.125.130.0-255,5738,82906,12,221797
42565,0.010895,172.31.36.0-255,66,82972,12,221797
42566,0.012966,74.125.130.0-255,5738,88710,12,221797
42567,0.012973,172.31.36.0-255,66,88776,12,221797
42568,0.015047,74.125.130.0-255,5738,94514,12,221797
42569,0.015058,172.31.36.0-255,66,94580,12,221797
42570,0.01715,74.125.130.0-255,5738,100318,12,221797
42571,0.017157,172.31.36.0-255,66,100384,12,221797
42572,0.019232,74.125.130.0-255,5738,106122,12,221797
42573,0.019239,172.31.36.0-255,66,106188,12,221797
42574,0.021304,74.125.130.0-255,5738,111926,12,221797
42575,0.021312,172.31.36.0-255,66,111992,12,221797
42576,0.023383,74.125.130.0-255,5738,117730,12,221797
42577,0.023391,172.31.36.0-255,66,117796,12,221797
42578,0.025478,74.125.130.0-255,5738,123534,12,221797
42579,0.025486,172.31.36.0-255,66,123600,12,221797
42580,0.02759,74.125.130.0-255,5738,129338,12,221797
42581,0.027599,172.31.36.0-255,66,129404,12,221797
42582,0.029223,172.31.36.0-255,172,129576,12,221797
42583,0.029253,172.31.36.0-255,1109,130685,12,221797
42584,0.029505,172.31.36.0-255,1514,132199,12,221797
42585,0.029508,172.31.36.0-255,1514,133713,12,221797
42586,0.029535,172.31.36.0-255,760,134473,12,221797
42587,0.029675,74.125.130.0-255,5738,140211,12,221797
42588,0.029681,172.31.36.0-255,66,140277,12,221797
42589,0.030753,104.244.42.0-255,66,140343,12,221797
42590,0.030802,104.244.42.0-255,66,140409,12,221797
42591,0.031069,104.244.42.0-255,66,140475,12,221797
42592,0.031107,104.244.42.0-255,66,140541,12,221797
42593,0.031753,74.125.130.0-255,5738,146279,12,221797
42594,0.03176,172.31.36.0-255,66,146345,12,221797
42595,0.033844,74.125.130.0-255,5738,152083,12,221797
42596,0.033851,172.31.36.0-255,66,152149,12,221797
42597,0.035935,74.125.130.0-255,5738,157887,12,221797
42598,0.035945,172.31.36.0-255,66,157953,12,221797
42599,0.038018,74.125.130.0-255,5738,163691,12,221797
42600,0.038025,172.31.36.0-255,66,163757,12,221797
42601,0.040099,74.125.130.0-255,5738,169495,12,221797
42602,0.040112,172.31.36.0-255,66,169561,12,221797
42603,0.042208,74.125.130.0-255,5738,175299,12,221797
42604,0.042214,172.31.36.0-255,66,175365,12,221797
42605,0.044295,74.125.130.0-255,5738,181103,12,221797
42606,0.044302,172.31.36.0-255,66,181169,12,221797
42607,0.04637,74.125.130.0-255,5738,186907,12,221797
42608,0.046377,172.31.36.0-255,66,186973,12,221797
42609,0.048459,74.125.130.0-255,5738,192711,12,221797
42610,0.048466,172.31.36.0-255,66,192777,12,221797
42611,0.050541,74.125.130.0-255,5738,198515,12,221797
42612,0.050548,172.31.36.0-255,66,198581,12,221797
42613,0.052626,74.125.130.0-255,5738,204319,12,221797
42614,0.052631,172.31.36.0-255,66,204385,12,221797
42615,0.054704,74.125.130.0-255,5738,210123,12,221797
42616,0.054711,172.31.36.0-255,66,210189,12,221797
42617,0.056779,74.125.130.0-255,5738,215927,12,221797
42618,0.056786,172.31.36.0-255,66,215993,12,221797
42619,0.058884,74.125.130.0-255,5738,221731,12,221797
42620,0.05889,172.31.36.0-255,66,221797,12,221797
42621,0.0,74.125.130.0-255,150,150,12,326881
42622,2.3e-05,172.31.36.0-255,66,216,12,326881
42623,3.1e-05,74.125.130.0-255,1484,1700,12,326881
42624,3.6e-05,172.31.36.0-255,66,1766,12,326881
42625,3.9e-05,74.125.130.0-255,1484,3250,12,326881
42626,4.3e-05,172.31.36.0-255,66,3316,12,326881
42627,8.5e-05,74.125.130.0-255,1484,4800,12,326881
42628,8.9e-05,172.31.36.0-255,66,4866,12,326881
42629,9.2e-05,74.125.130.0-255,1484,6350,12,326881
42630,9.4e-05,172.31.36.0-255,66,6416,12,326881
42631,0.0001,74.125.130.0-255,2902,9318,12,326881
42632,0.000103,172.31.36.0-255,66,9384,12,326881
42633,0.00011,74.125.130.0-255,4985,14369,12,326881
42634,0.000113,172.31.36.0-255,66,14435,12,326881
42635,0.000145,74.125.130.0-255,5738,20173,12,326881
42636,0.000148,172.31.36.0-255,66,20239,12,326881
42637,0.000151,74.125.130.0-255,1484,21723,12,326881
42638,0.000153,172.31.36.0-255,66,21789,12,326881
42639,0.000177,74.125.130.0-255,2902,24691,12,326881
42640,0.000184,172.31.36.0-255,66,24757,12,326881
42641,0.000189,74.125.130.0-255,2902,27659,12,326881
42642,0.000191,172.31.36.0-255,66,27725,12,326881
42643,0.000214,74.125.130.0-255,2902,30627,12,326881
42644,0.00022,172.31.36.0-255,66,30693,12,326881
42645,0.000223,74.125.130.0-255,1125,31818,12,326881
42646,0.000225,172.31.36.0-255,66,31884,12,326881
42647,0.000329,74.125.130.0-255,1484,33368,12,326881
42648,0.000333,172.31.36.0-255,66,33434,12,326881
42649,0.000339,74.125.130.0-255,2902,36336,12,326881
42650,0.000342,172.31.36.0-255,66,36402,12,326881
42651,0.000345,74.125.130.0-255,1484,37886,12,326881
42652,0.000352,172.31.36.0-255,66,37952,12,326881
42653,0.000384,74.125.130.0-255,4320,42272,12,326881
42654,0.000387,172.31.36.0-255,66,42338,12,326881
42655,0.000395,74.125.130.0-255,7156,49494,12,326881
42656,0.000397,172.31.36.0-255,66,49560,12,326881
42657,0.0004,74.125.130.0-255,1484,51044,12,326881
42658,0.000434,74.125.130.0-255,5738,56782,12,326881
42659,0.000437,172.31.36.0-255,66,56848,12,326881
42660,0.000449,172.31.36.0-255,66,56914,12,326881
42661,0.000451,74.125.130.0-255,766,57680,12,326881
42662,0.000494,74.125.130.0-255,388,58068,12,326881
42663,0.000613,74.125.130.0-255,1484,59552,12,326881
42664,0.000617,172.31.36.0-255,66,59618,12,326881
42665,0.000642,74.125.130.0-255,2902,62520,12,326881
42666,0.000645,172.31.36.0-255,66,62586,12,326881
42667,0.00068,74.125.130.0-255,5738,68324,12,326881
42668,0.000684,172.31.36.0-255,66,68390,12,326881
42669,0.000712,74.125.130.0-255,7156,75546,12,326881
42670,0.000715,172.31.36.0-255,66,75612,12,326881
42671,0.000718,74.125.130.0-255,1484,77096,12,326881
42672,0.000756,74.125.130.0-255,5738,82834,12,326881
42673,0.000759,172.31.36.0-255,66,82900,12,326881
42674,0.000787,74.125.130.0-255,4320,87220,12,326881
42675,0.00079,74.125.130.0-255,1484,88704,12,326881
42676,0.000793,74.125.130.0-255,2902,91606,12,326881
42677,0.000798,172.31.36.0-255,66,91672,12,326881
42678,0.000802,172.31.36.0-255,66,91738,12,326881
42679,0.000809,74.125.130.0-255,506,92244,12,326881
42680,0.000975,74.125.130.0-255,1484,93728,12,326881
42681,0.000981,172.31.36.0-255,66,93794,12,326881
42682,0.000985,74.125.130.0-255,1484,95278,12,326881
42683,0.001017,74.125.130.0-255,1484,96762,12,326881
42684,0.001019,172.31.36.0-255,66,96828,12,326881
42685,0.001027,74.125.130.0-255,5738,102566,12,326881
42686,0.00103,172.31.36.0-255,66,102632,12,326881
42687,0.001039,74.125.130.0-255,2902,105534,12,326881
42688,0.001042,172.31.36.0-255,66,105600,12,326881
42689,0.001044,74.125.130.0-255,1484,107084,12,326881
42690,0.001087,172.31.36.0-255,66,107150,12,326881
42691,0.001095,74.125.130.0-255,7156,114306,12,326881
42692,0.001098,172.31.36.0-255,66,114372,12,326881
42693,0.001144,74.125.130.0-255,3602,117974,12,326881
42694,0.001147,172.31.36.0-255,66,118040,12,326881
42695,0.001515,74.125.130.0-255,1484,119524,12,326881
42696,0.001522,74.125.130.0-255,2902,122426,12,326881
42697,0.001526,172.31.36.0-255,66,122492,12,326881
42698,0.001532,74.125.130.0-255,4320,126812,12,326881
42699,0.001534,172.31.36.0-255,66,126878,12,326881
42700,0.001558,74.125.130.0-255,5738,132616,12,326881
42701,0.001568,172.31.36.0-255,66,132682,12,326881
42702,0.001604,172.31.36.0-255,66,132748,12,326881
42703,0.001629,74.125.130.0-255,1484,134232,12,326881
42704,0.001655,74.125.130.0-255,6438,140670,12,326881
42705,0.001658,172.31.36.0-255,66,140736,12,326881
42706,0.001697,74.125.130.0-255,1484,142220,12,326881
42707,0.0017,74.125.130.0-255,1484,143704,12,326881
42708,0.001705,172.31.36.0-255,66,143770,12,326881
42709,0.001722,74.125.130.0-255,1484,145254,12,326881
42710,0.001725,74.125.130.0-255,1484,146738,12,326881
42711,0.001727,172.31.36.0-255,66,146804,12,326881
42712,0.00176,74.125.130.0-255,4320,151124,12,326881
42713,0.001764,172.31.36.0-255,66,151190,12,326881
42714,0.001772,74.125.130.0-255,7156,158346,12,326881
42715,0.001773,172.31.36.0-255,66,158412,12,326881
42716,0.001835,172.31.36.0-255,66,158478,12,326881
42717,0.001842,74.125.130.0-255,5020,163498,12,326881
42718,0.001844,172.31.36.0-255,66,163564,12,326881
42719,0.001901,74.125.130.0-255,1484,165048,12,326881
42720,0.001907,74.125.130.0-255,2902,167950,12,326881
42721,0.00191,172.31.36.0-255,66,168016,12,326881
42722,0.001929,74.125.130.0-255,1484,169500,12,326881
42723,0.001946,74.125.130.0-255,2902,172402,12,326881
42724,0.00195,172.31.36.0-255,66,172468,12,326881
42725,0.001955,74.125.130.0-255,2902,175370,12,326881
42726,0.001957,172.31.36.0-255,66,175436,12,326881
42727,0.001983,74.125.130.0-255,2902,178338,12,326881
42728,0.001986,172.31.36.0-255,66,178404,12,326881
42729,0.001991,74.125.130.0-255,2902,181306,12,326881
42730,0.001993,172.31.36.0-255,66,181372,12,326881
42731,0.00203,172.31.36.0-255,66,181438,12,326881
42732,0.002035,74.125.130.0-255,2902,184340,12,326881
42733,0.002037,172.31.36.0-255,66,184406,12,326881
42734,0.002078,74.125.130.0-255,5020,189426,12,326881
42735,0.002082,172.31.36.0-255,66,189492,12,326881
42736,0.002094,74.125.130.0-255,1484,190976,12,326881
42737,0.00212,74.125.130.0-255,2902,193878,12,326881
42738,0.002124,172.31.36.0-255,66,193944,12,326881
42739,0.002157,74.125.130.0-255,5738,199682,12,326881
42740,0.002161,172.31.36.0-255,66,199748,12,326881
42741,0.002173,74.125.130.0-255,5738,205486,12,326881
42742,0.002175,172.31.36.0-255,66,205552,12,326881
42743,0.002182,74.125.130.0-255,7156,212708,12,326881
42744,0.002185,172.31.36.0-255,66,212774,12,326881
42745,0.002258,172.31.36.0-255,66,212840,12,326881
42746,0.002306,74.125.130.0-255,1484,214324,12,326881
42747,0.002319,74.125.130.0-255,1484,215808,12,326881
42748,0.002321,172.31.36.0-255,66,215874,12,326881
42749,0.002345,74.125.130.0-255,1484,217358,12,326881
42750,0.002385,74.125.130.0-255,4320,221678,12,326881
42751,0.002388,172.31.36.0-255,66,221744,12,326881
42752,0.002417,74.125.130.0-255,1484,223228,12,326881
42753,0.002421,74.125.130.0-255,1484,224712,12,326881
42754,0.002423,172.31.36.0-255,66,224778,12,326881
42755,0.002435,172.31.36.0-255,66,224844,12,326881
42756,0.002453,172.31.36.0-255,66,224910,12,326881
42757,0.00248,74.125.130.0-255,2184,227094,12,326881
42758,0.002482,172.31.36.0-255,66,227160,12,326881
42759,0.002561,74.125.130.0-255,1484,228644,12,326881
42760,0.002575,74.125.130.0-255,2902,231546,12,326881
42761,0.002579,172.31.36.0-255,66,231612,12,326881
42762,0.002611,74.125.130.0-255,4320,235932,12,326881
42763,0.002615,172.31.36.0-255,66,235998,12,326881
42764,0.002625,74.125.130.0-255,1484,237482,12,326881
42765,0.00265,74.125.130.0-255,5738,243220,12,326881
42766,0.002654,172.31.36.0-255,66,243286,12,326881
42767,0.002678,74.125.130.0-255,1484,244770,12,326881
42768,0.002692,172.31.36.0-255,66,244836,12,326881
42769,0.002695,74.125.130.0-255,1484,246320,12,326881
42770,0.005328,74.125.130.0-255,4320,250640,12,326881
42771,0.005337,172.31.36.0-255,66,250706,12,326881
42772,0.007978,74.125.130.0-255,4320,255026,12,326881
42773,0.007982,172.31.36.0-255,66,255092,12,326881
42774,0.008005,74.125.130.0-255,1484,256576,12,326881
42775,0.010619,74.125.130.0-255,4320,260896,12,326881
42776,0.01063,172.31.36.0-255,66,260962,12,326881
42777,0.013274,74.125.130.0-255,5738,266700,12,326881
42778,0.013284,172.31.36.0-255,66,266766,12,326881
42779,0.015919,74.125.130.0-255,5738,272504,12,326881
42780,0.015928,172.31.36.0-255,66,272570,12,326881
42781,0.018583,74.125.130.0-255,5738,278308,12,326881
42782,0.018593,172.31.36.0-255,66,278374,12,326881
42783,0.021247,74.125.130.0-255,5738,284112,12,326881
42784,0.021256,172.31.36.0-255,66,284178,12,326881
42785,0.023902,74.125.130.0-255,5738,289916,12,326881
42786,0.02391,172.31.36.0-255,66,289982,12,326881
42787,0.026566,74.125.130.0-255,5738,295720,12,326881
42788,0.026574,172.31.36.0-255,66,295786,12,326881
42789,0.02921,74.125.130.0-255,4320,300106,12,326881
42790,0.029217,172.31.36.0-255,66,300172,12,326881
42791,0.029236,74.125.130.0-255,1484,301656,12,326881
42792,0.031868,74.125.130.0-255,4320,305976,12,326881
42793,0.031879,172.31.36.0-255,66,306042,12,326881
42794,0.034531,74.125.130.0-255,5738,311780,12,326881
42795,0.034539,172.31.36.0-255,66,311846,12,326881
42796,0.037071,172.31.36.0-255,172,312018,12,326881
42797,0.037109,172.31.36.0-255,1108,313126,12,326881
42798,0.03717,172.31.36.0-255,1514,314640,12,326881
42799,0.037172,172.31.36.0-255,67,314707,12,326881
42800,0.037181,74.125.130.0-255,5738,320445,12,326881
42801,0.037186,172.31.36.0-255,66,320511,12,326881
42802,0.038724,104.244.42.0-255,66,320577,12,326881
42803,0.039836,74.125.130.0-255,5542,326119,12,326881
42804,0.039841,172.31.36.0-255,66,326185,12,326881
42805,0.040035,172.31.36.0-255,105,326290,12,326881
42806,0.040071,172.31.36.0-255,105,326395,12,326881
42807,0.040351,172.31.36.0-255,90,326485,12,326881
42808,0.040359,172.31.36.0-255,66,326551,12,326881
42809,0.042635,74.125.130.0-255,66,326617,12,326881
42810,0.042658,74.125.130.0-255,66,326683,12,326881
42811,0.04294,74.125.130.0-255,66,326749,12,326881
42812,0.042978,74.125.130.0-255,66,326815,12,326881
42813,0.042984,172.31.36.0-255,66,326881,12,326881
42814,0.0,172.217.194.0-255,150,150,12,272720
42815,2.1e-05,172.31.36.0-255,66,216,12,272720
42816,3e-05,172.217.194.0-255,1484,1700,12,272720
42817,3.5e-05,172.31.36.0-255,66,1766,12,272720
42818,4.8e-05,172.217.194.0-255,2902,4668,12,272720
42819,5.2e-05,172.31.36.0-255,66,4734,12,272720
42820,5.8e-05,172.217.194.0-255,2902,7636,12,272720
42821,6e-05,172.31.36.0-255,66,7702,12,272720
42822,6.8e-05,172.217.194.0-255,7156,14858,12,272720
42823,7.1e-05,172.31.36.0-255,66,14924,12,272720
42824,0.000106,172.217.194.0-255,598,15522,12,272720
42825,0.00011,172.31.36.0-255,66,15588,12,272720
42826,0.000129,172.31.36.0-255,66,15654,12,272720
42827,0.000137,172.217.194.0-255,6797,22451,12,272720
42828,0.00014,172.31.36.0-255,66,22517,12,272720
42829,0.000179,172.217.194.0-255,7156,29673,12,272720
42830,0.000182,172.31.36.0-255,66,29739,12,272720
42831,0.00019,172.217.194.0-255,7156,36895,12,272720
42832,0.000192,172.31.36.0-255,66,36961,12,272720
42833,0.00022,172.217.194.0-255,2543,39504,12,272720
42834,0.000222,172.31.36.0-255,66,39570,12,272720
42835,0.000621,172.217.194.0-255,1484,41054,12,272720
42836,0.000627,172.31.36.0-255,66,41120,12,272720
42837,0.000633,172.217.194.0-255,2902,44022,12,272720
42838,0.000636,172.31.36.0-255,66,44088,12,272720
42839,0.000639,172.217.194.0-255,1484,45572,12,272720
42840,0.000647,172.31.36.0-255,66,45638,12,272720
42841,0.000677,172.217.194.0-255,4320,49958,12,272720
42842,0.000685,172.31.36.0-255,66,50024,12,272720
42843,0.000691,172.217.194.0-255,4320,54344,12,272720
42844,0.000694,172.31.36.0-255,66,54410,12,272720
42845,0.000729,172.31.36.0-255,66,54476,12,272720
42846,0.000774,172.31.36.0-255,66,54542,12,272720
42847,0.000778,172.217.194.0-255,649,55191,12,272720
42848,0.001015,172.217.194.0-255,1484,56675,12,272720
42849,0.001021,172.31.36.0-255,66,56741,12,272720
42850,0.001027,172.217.194.0-255,2902,59643,12,272720
42851,0.001029,172.31.36.0-255,66,59709,12,272720
42852,0.001039,172.217.194.0-255,4320,64029,12,272720
42853,0.001042,172.31.36.0-255,66,64095,12,272720
42854,0.001066,172.217.194.0-255,1484,65579,12,272720
42855,0.001078,172.217.194.0-255,5738,71317,12,272720
42856,0.001081,172.31.36.0-255,66,71383,12,272720
42857,0.001084,172.217.194.0-255,1125,72508,12,272720
42858,0.00124,172.217.194.0-255,1484,73992,12,272720
42859,0.001244,172.31.36.0-255,66,74058,12,272720
42860,0.00125,172.217.194.0-255,2902,76960,12,272720
42861,0.001252,172.31.36.0-255,66,77026,12,272720
42862,0.001258,172.217.194.0-255,5738,82764,12,272720
42863,0.001265,172.31.36.0-255,66,82830,12,272720
42864,0.001311,172.31.36.0-255,66,82896,12,272720
42865,0.001354,172.31.36.0-255,66,82962,12,272720
42866,0.001383,172.217.194.0-255,766,83728,12,272720
42867,0.001653,172.217.194.0-255,1484,85212,12,272720
42868,0.001658,172.31.36.0-255,66,85278,12,272720
42869,0.001663,172.217.194.0-255,2902,88180,12,272720
42870,0.001665,172.31.36.0-255,66,88246,12,272720
42871,0.001677,172.217.194.0-255,4320,92566,12,272720
42872,0.001679,172.31.36.0-255,66,92632,12,272720
42873,0.001703,172.217.194.0-255,1484,94116,12,272720
42874,0.001716,172.217.194.0-255,1484,95600,12,272720
42875,0.001726,172.31.36.0-255,66,95666,12,272720
42876,0.001759,172.31.36.0-255,66,95732,12,272720
42877,0.002089,172.217.194.0-255,1484,97216,12,272720
42878,0.002096,172.217.194.0-255,2902,100118,12,272720
42879,0.002099,172.31.36.0-255,66,100184,12,272720
42880,0.002106,172.217.194.0-255,5738,105922,12,272720
42881,0.002108,172.31.36.0-255,66,105988,12,272720
42882,0.002144,172.217.194.0-255,7156,113144,12,272720
42883,0.002147,172.31.36.0-255,66,113210,12,272720
42884,0.002167,172.31.36.0-255,66,113276,12,272720
42885,0.002172,172.217.194.0-255,2184,115460,12,272720
42886,0.002174,172.31.36.0-255,66,115526,12,272720
42887,0.002214,172.217.194.0-255,2902,118428,12,272720
42888,0.002218,172.31.36.0-255,66,118494,12,272720
42889,0.002223,172.217.194.0-255,2902,121396,12,272720
42890,0.002225,172.31.36.0-255,66,121462,12,272720
42891,0.002244,172.217.194.0-255,1484,122946,12,272720
42892,0.002259,172.31.36.0-255,66,123012,12,272720
42893,0.002293,172.31.36.0-255,66,123078,12,272720
42894,0.002319,172.31.36.0-255,66,123144,12,272720
42895,0.004571,172.217.194.0-255,5738,128882,12,272720
42896,0.004578,172.31.36.0-255,66,128948,12,272720
42897,0.006855,172.217.194.0-255,5738,134686,12,272720
42898,0.006859,172.31.36.0-255,66,134752,12,272720
42899,0.009121,172.217.194.0-255,5738,140490,12,272720
42900,0.009128,172.31.36.0-255,66,140556,12,272720
42901,0.011386,172.217.194.0-255,5738,146294,12,272720
42902,0.011399,172.31.36.0-255,66,146360,12,272720
42903,0.013671,172.217.194.0-255,5738,152098,12,272720
42904,0.013679,172.31.36.0-255,66,152164,12,272720
42905,0.015967,172.217.194.0-255,5738,157902,12,272720
42906,0.015983,172.31.36.0-255,66,157968,12,272720
42907,0.018266,172.217.194.0-255,5738,163706,12,272720
42908,0.018278,172.31.36.0-255,66,163772,12,272720
42909,0.020525,172.217.194.0-255,5738,169510,12,272720
42910,0.020533,172.31.36.0-255,66,169576,12,272720
42911,0.022838,172.217.194.0-255,5738,175314,12,272720
42912,0.022847,172.31.36.0-255,66,175380,12,272720
42913,0.025129,172.217.194.0-255,5738,181118,12,272720
42914,0.025137,172.31.36.0-255,66,181184,12,272720
42915,0.02612,172.31.36.0-255,183,181367,12,272720
42916,0.026153,172.31.36.0-255,952,182319,12,272720
42917,0.026223,172.31.36.0-255,1514,183833,12,272720
42918,0.026224,172.31.36.0-255,1455,185288,12,272720
42919,0.027413,172.217.194.0-255,5738,191026,12,272720
42920,0.02742,172.31.36.0-255,66,191092,12,272720
42921,0.027697,104.244.42.0-255,66,191158,12,272720
42922,0.02773,104.244.42.0-255,66,191224,12,272720
42923,0.027818,104.244.42.0-255,66,191290,12,272720
42924,0.028781,104.244.42.0-255,108,191398,12,272720
42925,0.02879,172.31.36.0-255,66,191464,12,272720
42926,0.029707,172.217.194.0-255,5738,197202,12,272720
42927,0.029713,172.31.36.0-255,66,197268,12,272720
42928,0.032033,172.217.194.0-255,5738,203006,12,272720
42929,0.03204,172.31.36.0-255,66,203072,12,272720
42930,0.034336,172.217.194.0-255,5738,208810,12,272720
42931,0.034343,172.31.36.0-255,66,208876,12,272720
42932,0.036637,172.217.194.0-255,5738,214614,12,272720
42933,0.036644,172.31.36.0-255,66,214680,12,272720
42934,0.038913,172.217.194.0-255,5738,220418,12,272720
42935,0.038921,172.31.36.0-255,66,220484,12,272720
42936,0.041195,172.217.194.0-255,5738,226222,12,272720
42937,0.041205,172.31.36.0-255,66,226288,12,272720
42938,0.043482,172.217.194.0-255,5738,232026,12,272720
42939,0.043488,172.31.36.0-255,66,232092,12,272720
42940,0.04579,172.217.194.0-255,5738,237830,12,272720
42941,0.045804,172.31.36.0-255,66,237896,12,272720
42942,0.048086,172.217.194.0-255,5738,243634,12,272720
42943,0.048096,172.31.36.0-255,66,243700,12,272720
42944,0.050381,172.217.194.0-255,5738,249438,12,272720
42945,0.050388,172.31.36.0-255,66,249504,12,272720
42946,0.052671,172.217.194.0-255,5738,255242,12,272720
42947,0.052679,172.31.36.0-255,66,255308,12,272720
42948,0.054948,172.217.194.0-255,5738,261046,12,272720
42949,0.054955,172.31.36.0-255,66,261112,12,272720
42950,0.057243,172.217.194.0-255,5738,266850,12,272720
42951,0.057249,172.31.36.0-255,66,266916,12,272720
42952,0.059535,172.217.194.0-255,5738,272654,12,272720
42953,0.059542,172.31.36.0-255,66,272720,12,272720
42954,0.0,74.125.200.0-255,150,150,12,319939
42955,1.6e-05,172.31.36.0-255,66,216,12,319939
42956,2.3e-05,74.125.200.0-255,1484,1700,12,319939
42957,2.7e-05,172.31.36.0-255,66,1766,12,319939
42958,3.2e-05,74.125.200.0-255,2902,4668,12,319939
42959,4.4e-05,172.31.36.0-255,66,4734,12,319939
42960,5.1e-05,74.125.200.0-255,5738,10472,12,319939
42961,5.4e-05,172.31.36.0-255,66,10538,12,319939
42962,7.9e-05,74.125.200.0-255,1484,12022,12,319939
42963,8.1e-05,172.31.36.0-255,66,12088,12,319939
42964,8.6e-05,74.125.200.0-255,2058,14146,12,319939
42965,8.7e-05,172.31.36.0-255,66,14212,12,319939
42966,9.2e-05,74.125.200.0-255,2902,17114,12,319939
42967,9.4e-05,172.31.36.0-255,66,17180,12,319939
42968,0.000101,74.125.200.0-255,7156,24336,12,319939
42969,0.000104,172.31.36.0-255,66,24402,12,319939
42970,0.00011,74.125.200.0-255,5738,30140,12,319939
42971,0.000112,172.31.36.0-255,66,30206,12,319939
42972,0.000149,74.125.200.0-255,1125,31331,12,319939
42973,0.000151,172.31.36.0-255,66,31397,12,319939
42974,0.000235,74.125.200.0-255,1484,32881,12,319939
42975,0.000237,172.31.36.0-255,66,32947,12,319939
42976,0.000241,74.125.200.0-255,1484,34431,12,319939
42977,0.000243,172.31.36.0-255,66,34497,12,319939
42978,0.000263,74.125.200.0-255,1484,35981,12,319939
42979,0.000265,172.31.36.0-255,66,36047,12,319939
42980,0.000272,74.125.200.0-255,5738,41785,12,319939
42981,0.000274,172.31.36.0-255,66,41851,12,319939
42982,0.000279,74.125.200.0-255,4320,46171,12,319939
42983,0.000282,172.31.36.0-255,66,46237,12,319939
42984,0.000309,74.125.200.0-255,2543,48780,12,319939
42985,0.000311,172.31.36.0-255,66,48846,12,319939
42986,0.000319,74.125.200.0-255,7156,56002,12,319939
42987,0.000321,172.31.36.0-255,66,56068,12,319939
42988,0.000349,74.125.200.0-255,2902,58970,12,319939
42989,0.000351,172.31.36.0-255,66,59036,12,319939
42990,0.000381,74.125.200.0-255,7072,66108,12,319939
42991,0.000384,172.31.36.0-255,66,66174,12,319939
42992,0.000387,74.125.200.0-255,131,66305,12,319939
42993,0.000472,74.125.200.0-255,1484,67789,12,319939
42994,0.000475,172.31.36.0-255,66,67855,12,319939
42995,0.000489,74.125.200.0-255,2902,70757,12,319939
42996,0.000496,172.31.36.0-255,66,70823,12,319939
42997,0.00052,74.125.200.0-255,1484,72307,12,319939
42998,0.000524,74.125.200.0-255,2902,75209,12,319939
42999,0.000526,172.31.36.0-255,66,75275,12,319939
43000,0.000529,74.125.200.0-255,1484,76759,12,319939
43001,0.000554,74.125.200.0-255,4320,81079,12,319939
43002,0.000556,172.31.36.0-255,66,81145,12,319939
43003,0.000559,74.125.200.0-255,1484,82629,12,319939
43004,0.00058,74.125.200.0-255,1125,83754,12,319939
43005,0.000583,172.31.36.0-255,66,83820,12,319939
43006,0.000606,74.125.200.0-255,2902,86722,12,319939
43007,0.000609,172.31.36.0-255,66,86788,12,319939
43008,0.00063,74.125.200.0-255,1484,88272,12,319939
43009,0.000635,74.125.200.0-255,2902,91174,12,319939
43010,0.000637,172.31.36.0-255,66,91240,12,319939
43011,0.000663,74.125.200.0-255,5738,96978,12,319939
43012,0.000666,172.31.36.0-255,66,97044,12,319939
43013,0.000671,74.125.200.0-255,3961,101005,12,319939
43014,0.000674,172.31.36.0-255,66,101071,12,319939
43015,0.000698,74.125.200.0-255,348,101419,12,319939
43016,0.001243,74.125.200.0-255,1484,102903,12,319939
43017,0.001248,172.31.36.0-255,66,102969,12,319939
43018,0.001255,74.125.200.0-255,2902,105871,12,319939
43019,0.001258,172.31.36.0-255,66,105937,12,319939
43020,0.001284,74.125.200.0-255,4320,110257,12,319939
43021,0.001287,172.31.36.0-255,66,110323,12,319939
43022,0.001293,74.125.200.0-255,5738,116061,12,319939
43023,0.001296,172.31.36.0-255,66,116127,12,319939
43024,0.001333,172.31.36.0-255,66,116193,12,319939
43025,0.001339,74.125.200.0-255,4320,120513,12,319939
43026,0.001341,172.31.36.0-255,66,120579,12,319939
43027,0.001372,74.125.200.0-255,3602,124181,12,319939
43028,0.001376,172.31.36.0-255,66,124247,12,319939
43029,0.001952,74.125.200.0-255,1484,125731,12,319939
43030,0.00197,74.125.200.0-255,2902,128633,12,319939
43031,0.001974,172.31.36.0-255,66,128699,12,319939
43032,0.00198,74.125.200.0-255,4320,133019,12,319939
43033,0.001982,172.31.36.0-255,66,133085,12,319939
43034,0.001988,74.125.200.0-255,4320,137405,12,319939
43035,0.001997,172.31.36.0-255,66,137471,12,319939
43036,0.00203,74.125.200.0-255,1484,138955,12,319939
43037,0.002043,172.31.36.0-255,66,139021,12,319939
43038,0.002047,74.125.200.0-255,2902,141923,12,319939
43039,0.002049,172.31.36.0-255,66,141989,12,319939
43040,0.002085,74.125.200.0-255,2902,144891,12,319939
43041,0.002088,172.31.36.0-255,66,144957,12,319939
43042,0.002112,74.125.200.0-255,2184,147141,12,319939
43043,0.002115,172.31.36.0-255,66,147207,12,319939
43044,0.002178,74.125.200.0-255,1484,148691,12,319939
43045,0.002183,74.125.200.0-255,2902,151593,12,319939
43046,0.002188,172.31.36.0-255,66,151659,12,319939
43047,0.002221,74.125.200.0-255,5738,157397,12,319939
43048,0.002225,172.31.36.0-255,66,157463,12,319939
43049,0.002233,74.125.200.0-255,7156,164619,12,319939
43050,0.002235,172.31.36.0-255,66,164685,12,319939
43051,0.002277,74.125.200.0-255,1484,166169,12,319939
43052,0.0023,74.125.200.0-255,7156,173325,12,319939
43053,0.002302,172.31.36.0-255,66,173391,12,319939
43054,0.002313,172.31.36.0-255,66,173457,12,319939
43055,0.004574,74.125.200.0-255,5738,179195,12,319939
43056,0.004581,172.31.36.0-255,66,179261,12,319939
43057,0.006851,74.125.200.0-255,5738,184999,12,319939
43058,0.006858,172.31.36.0-255,66,185065,12,319939
43059,0.009128,74.125.200.0-255,5738,190803,12,319939
43060,0.009135,172.31.36.0-255,66,190869,12,319939
43061,0.011406,74.125.200.0-255,5738,196607,12,319939
43062,0.011412,172.31.36.0-255,66,196673,12,319939
43063,0.013675,74.125.200.0-255,5738,202411,12,319939
43064,0.013681,172.31.36.0-255,66,202477,12,319939
43065,0.015949,74.125.200.0-255,5738,208215,12,319939
43066,0.015954,172.31.36.0-255,66,208281,12,319939
43067,0.01823,74.125.200.0-255,5738,214019,12,319939
43068,0.018237,172.31.36.0-255,66,214085,12,319939
43069,0.020503,74.125.200.0-255,5738,219823,12,319939
43070,0.02051,172.31.36.0-255,66,219889,12,319939
43071,0.022806,74.125.200.0-255,5738,225627,12,319939
43072,0.022815,172.31.36.0-255,66,225693,12,319939
43073,0.025079,74.125.200.0-255,5738,231431,12,319939
43074,0.025087,172.31.36.0-255,66,231497,12,319939
43075,0.027354,74.125.200.0-255,5738,237235,12,319939
43076,0.027361,172.31.36.0-255,66,237301,12,319939
43077,0.029629,74.125.200.0-255,5738,243039,12,319939
43078,0.029635,172.31.36.0-255,66,243105,12,319939
43079,0.031911,74.125.200.0-255,5738,248843,12,319939
43080,0.031918,172.31.36.0-255,66,248909,12,319939
43081,0.0342,74.125.200.0-255,5738,254647,12,319939
43082,0.034209,172.31.36.0-255,66,254713,12,319939
43083,0.036482,74.125.200.0-255,5738,260451,12,319939
43084,0.036489,172.31.36.0-255,66,260517,12,319939
43085,0.038757,74.125.200.0-255,5738,266255,12,319939
43086,0.038769,172.31.36.0-255,66,266321,12,319939
43087,0.04104,74.125.200.0-255,5738,272059,12,319939
43088,0.041048,172.31.36.0-255,66,272125,12,319939
43089,0.043324,74.125.200.0-255,5738,277863,12,319939
43090,0.043337,172.31.36.0-255,66,277929,12,319939
43091,0.045633,74.125.200.0-255,5738,283667,12,319939
43092,0.04564,172.31.36.0-255,66,283733,12,319939
43093,0.046709,172.31.36.0-255,172,283905,12,319939
43094,0.046739,172.31.36.0-255,1078,284983,12,319939
43095,0.047905,74.125.200.0-255,5738,290721,12,319939
43096,0.047913,172.31.36.0-255,66,290787,12,319939
43097,0.04824,104.244.42.0-255,66,290853,12,319939
43098,0.048279,104.244.42.0-255,66,290919,12,319939
43099,0.050177,74.125.200.0-255,5738,296657,12,319939
43100,0.050183,172.31.36.0-255,66,296723,12,319939
43101,0.052462,74.125.200.0-255,5738,302461,12,319939
43102,0.052468,172.31.36.0-255,66,302527,12,319939
43103,0.054724,74.125.200.0-255,5738,308265,12,319939
43104,0.054731,172.31.36.0-255,66,308331,12,319939
43105,0.05701,74.125.200.0-255,5738,314069,12,319939
43106,0.05702,172.31.36.0-255,66,314135,12,319939
43107,0.059292,74.125.200.0-255,5738,319873,12,319939
43108,0.059298,172.31.36.0-255,66,319939,12,319939
43109,0.0,172.31.36.0-255,105,105,12,276
43110,0.001784,157.240.13.0-255,105,210,12,276
43111,0.001799,172.31.36.0-255,66,276,12,276
43112,0.0,74.125.24.0-255,66,66,12,66
43113,0.0,74.125.24.0-255,298,298,12,217034
43114,1.5e-05,172.31.36.0-255,66,364,12,217034
43115,2.2e-05,74.125.24.0-255,1484,1848,12,217034
43116,2.7e-05,172.31.36.0-255,66,1914,12,217034
43117,4.1e-05,74.125.24.0-255,4320,6234,12,217034
43118,4.5e-05,172.31.36.0-255,66,6300,12,217034
43119,9.5e-05,172.31.36.0-255,66,6366,12,217034
43120,0.00021,74.125.24.0-255,1484,7850,12,217034
43121,0.000214,172.31.36.0-255,66,7916,12,217034
43122,0.00022,74.125.24.0-255,2902,10818,12,217034
43123,0.000222,172.31.36.0-255,66,10884,12,217034
43124,0.000233,74.125.24.0-255,5738,16622,12,217034
43125,0.000236,172.31.36.0-255,66,16688,12,217034
43126,0.00024,74.125.24.0-255,2902,19590,12,217034
43127,0.000243,172.31.36.0-255,66,19656,12,217034
43128,0.000287,74.125.24.0-255,3961,23617,12,217034
43129,0.00029,172.31.36.0-255,66,23683,12,217034
43130,0.000556,74.125.24.0-255,1484,25167,12,217034
43131,0.000561,172.31.36.0-255,66,25233,12,217034
43132,0.000566,74.125.24.0-255,1484,26717,12,217034
43133,0.000568,172.31.36.0-255,66,26783,12,217034
43134,0.000588,74.125.24.0-255,1484,28267,12,217034
43135,0.00059,172.31.36.0-255,66,28333,12,217034
43136,0.000601,74.125.24.0-255,5738,34071,12,217034
43137,0.000605,172.31.36.0-255,66,34137,12,217034
43138,0.000655,172.31.36.0-255,66,34203,12,217034
43139,0.00068,74.125.24.0-255,2543,36746,12,217034
43140,0.000684,172.31.36.0-255,66,36812,12,217034
43141,0.000696,172.31.36.0-255,66,36878,12,217034
43142,0.000701,74.125.24.0-255,2820,39698,12,217034
43143,0.000703,172.31.36.0-255,66,39764,12,217034
43144,0.001025,74.125.24.0-255,131,39895,12,217034
43145,0.001115,172.31.36.0-255,66,39961,12,217034
43146,0.001233,74.125.24.0-255,1484,41445,12,217034
43147,0.00124,74.125.24.0-255,2902,44347,12,217034
43148,0.001244,172.31.36.0-255,66,44413,12,217034
43149,0.00125,74.125.24.0-255,2902,47315,12,217034
43150,0.001252,172.31.36.0-255,66,47381,12,217034
43151,0.00128,74.125.24.0-255,2902,50283,12,217034
43152,0.001283,172.31.36.0-255,66,50349,12,217034
43153,0.00129,74.125.24.0-255,6797,57146,12,217034
43154,0.001292,172.31.36.0-255,66,57212,12,217034
43155,0.001296,74.125.24.0-255,1484,58696,12,217034
43156,0.001339,172.31.36.0-255,66,58762,12,217034
43157,0.001343,74.125.24.0-255,2543,61305,12,217034
43158,0.001345,172.31.36.0-255,66,61371,12,217034
43159,0.003644,74.125.24.0-255,5738,67109,12,217034
43160,0.003652,172.31.36.0-255,66,67175,12,217034
43161,0.005964,74.125.24.0-255,5738,72913,12,217034
43162,0.005969,172.31.36.0-255,66,72979,12,217034
43163,0.008256,74.125.24.0-255,5738,78717,12,217034
43164,0.008261,172.31.36.0-255,66,78783,12,217034
43165,0.010538,74.125.24.0-255,5738,84521,12,217034
43166,0.010546,172.31.36.0-255,66,84587,12,217034
43167,0.012842,74.125.24.0-255,5738,90325,12,217034
43168,0.012852,172.31.36.0-255,66,90391,12,217034
43169,0.015195,74.125.24.0-255,5738,96129,12,217034
43170,0.015203,172.31.36.0-255,66,96195,12,217034
43171,0.017507,74.125.24.0-255,5738,101933,12,217034
43172,0.017515,172.31.36.0-255,66,101999,12,217034
43173,0.0198,74.125.24.0-255,5738,107737,12,217034
43174,0.019809,172.31.36.0-255,66,107803,12,217034
43175,0.022157,74.125.24.0-255,5738,113541,12,217034
43176,0.022165,172.31.36.0-255,66,113607,12,217034
43177,0.024492,74.125.24.0-255,5738,119345,12,217034
43178,0.024499,172.31.36.0-255,66,119411,12,217034
43179,0.024592,172.31.36.0-255,172,119583,12,217034
43180,0.02462,172.31.36.0-255,1109,120692,12,217034
43181,0.024687,172.31.36.0-255,1514,122206,12,217034
43182,0.02469,172.31.36.0-255,1514,123720,12,217034
43183,0.024691,172.31.36.0-255,1514,125234,12,217034
43184,0.024692,172.31.36.0-255,1514,126748,12,217034
43185,0.024723,172.31.36.0-255,1514,128262,12,217034
43186,0.024725,172.31.36.0-255,1274,129536,12,217034
43187,0.026132,104.244.42.0-255,66,129602,12,217034
43188,0.026168,104.244.42.0-255,66,129668,12,217034
43189,0.026264,104.244.42.0-255,66,129734,12,217034
43190,0.026271,104.244.42.0-255,66,129800,12,217034
43191,0.026788,74.125.24.0-255,5738,135538,12,217034
43192,0.026796,172.31.36.0-255,66,135604,12,217034
43193,0.029124,74.125.24.0-255,5738,141342,12,217034
43194,0.029135,172.31.36.0-255,66,141408,12,217034
43195,0.031482,74.125.24.0-255,5738,147146,12,217034
43196,0.031491,172.31.36.0-255,66,147212,12,217034
43197,0.033753,74.125.24.0-255,5738,152950,12,217034
43198,0.033762,172.31.36.0-255,66,153016,12,217034
43199,0.03609,74.125.24.0-255,5738,158754,12,217034
43200,0.036099,172.31.36.0-255,66,158820,12,217034
43201,0.038363,74.125.24.0-255,5738,164558,12,217034
43202,0.038377,172.31.36.0-255,66,164624,12,217034
43203,0.040682,74.125.24.0-255,5738,170362,12,217034
43204,0.040694,172.31.36.0-255,66,170428,12,217034
43205,0.042975,74.125.24.0-255,5738,176166,12,217034
43206,0.042984,172.31.36.0-255,66,176232,12,217034
43207,0.045295,74.125.24.0-255,5738,181970,12,217034
43208,0.045303,172.31.36.0-255,66,182036,12,217034
43209,0.045458,172.31.36.0-255,108,182144,12,217034
43210,0.047035,104.244.42.0-255,66,182210,12,217034
43211,0.047618,74.125.24.0-255,5738,187948,12,217034
43212,0.047626,172.31.36.0-255,66,188014,12,217034
43213,0.049963,74.125.24.0-255,5738,193752,12,217034
43214,0.049971,172.31.36.0-255,66,193818,12,217034
43215,0.052314,74.125.24.0-255,5738,199556,12,217034
43216,0.052323,172.31.36.0-255,66,199622,12,217034
43217,0.054589,74.125.24.0-255,5738,205360,12,217034
43218,0.054598,172.31.36.0-255,66,205426,12,217034
43219,0.056944,74.125.24.0-255,5738,211164,12,217034
43220,0.056954,172.31.36.0-255,66,211230,12,217034
43221,0.059254,74.125.24.0-255,5738,216968,12,217034
43222,0.059265,172.31.36.0-255,66,217034,12,217034
43223,0.0,74.125.24.0-255,153,153,12,236951
43224,1.8e-05,172.31.36.0-255,66,219,12,236951
43225,2.5e-05,74.125.24.0-255,1484,1703,12,236951
43226,2.9e-05,172.31.36.0-255,66,1769,12,236951
43227,4.4e-05,74.125.24.0-255,2902,4671,12,236951
43228,4.8e-05,172.31.36.0-255,66,4737,12,236951
43229,5.6e-05,74.125.24.0-255,7156,11893,12,236951
43230,5.9e-05,172.31.36.0-255,66,11959,12,236951
43231,7.7e-05,74.125.24.0-255,2902,14861,12,236951
43232,8e-05,172.31.36.0-255,66,14927,12,236951
43233,0.000104,74.125.24.0-255,4901,19828,12,236951
43234,0.000107,172.31.36.0-255,66,19894,12,236951
43235,0.000119,172.31.36.0-255,66,19960,12,236951
43236,0.000155,172.31.36.0-255,66,20026,12,236951
43237,0.000179,74.125.24.0-255,1484,21510,12,236951
43238,0.000181,172.31.36.0-255,66,21576,12,236951
43239,0.000211,74.125.24.0-255,6438,28014,12,236951
43240,0.000214,172.31.36.0-255,66,28080,12,236951
43241,0.000225,172.31.36.0-255,66,28146,12,236951
43242,0.000231,74.125.24.0-255,2902,31048,12,236951
43243,0.000232,172.31.36.0-255,66,31114,12,236951
43244,0.000271,74.125.24.0-255,4269,35383,12,236951
43245,0.000274,172.31.36.0-255,66,35449,12,236951
43246,0.000804,74.125.24.0-255,116,35565,12,236951
43247,0.00081,172.31.36.0-255,66,35631,12,236951
43248,0.000839,74.125.24.0-255,1484,37115,12,236951
43249,0.000842,172.31.36.0-255,66,37181,12,236951
43250,0.000847,74.125.24.0-255,2902,40083,12,236951
43251,0.00085,172.31.36.0-255,66,40149,12,236951
43252,0.000874,74.125.24.0-255,7156,47305,12,236951
43253,0.000877,172.31.36.0-255,66,47371,12,236951
43254,0.000924,172.31.36.0-255,66,47437,12,236951
43255,0.000973,74.125.24.0-255,6438,53875,12,236951
43256,0.000976,172.31.36.0-255,66,53941,12,236951
43257,0.001295,74.125.24.0-255,1484,55425,12,236951
43258,0.001302,74.125.24.0-255,2902,58327,12,236951
43259,0.001306,172.31.36.0-255,66,58393,12,236951
43260,0.001313,74.125.24.0-255,5738,64131,12,236951
43261,0.001315,172.31.36.0-255,66,64197,12,236951
43262,0.00136,172.31.36.0-255,66,64263,12,236951
43263,0.001377,172.31.36.0-255,66,64329,12,236951
43264,0.0014,74.125.24.0-255,5738,70067,12,236951
43265,0.001403,172.31.36.0-255,66,70133,12,236951
43266,0.001463,172.31.36.0-255,66,70199,12,236951
43267,0.001476,172.31.36.0-255,66,70265,12,236951
43268,0.001655,74.125.24.0-255,1484,71749,12,236951
43269,0.001663,74.125.24.0-255,2902,74651,12,236951
43270,0.001667,172.31.36.0-255,66,74717,12,236951
43271,0.00169,74.125.24.0-255,5738,80455,12,236951
43272,0.001693,172.31.36.0-255,66,80521,12,236951
43273,0.001696,74.125.24.0-255,1484,82005,12,236951
43274,0.001742,172.31.36.0-255,66,82071,12,236951
43275,0.001754,172.31.36.0-255,66,82137,12,236951
43276,0.001786,74.125.24.0-255,2184,84321,12,236951
43277,0.001789,172.31.36.0-255,66,84387,12,236951
43278,0.001843,74.125.24.0-255,1484,85871,12,236951
43279,0.001849,74.125.24.0-255,2902,88773,12,236951
43280,0.001853,172.31.36.0-255,66,88839,12,236951
43281,0.001883,74.125.24.0-255,5738,94577,12,236951
43282,0.001887,172.31.36.0-255,66,94643,12,236951
43283,0.0019,172.31.36.0-255,66,94709,12,236951
43284,0.00195,172.31.36.0-255,66,94775,12,236951
43285,0.001975,74.125.24.0-255,3602,98377,12,236951
43286,0.001978,172.31.36.0-255,66,98443,12,236951
43287,0.001991,172.31.36.0-255,66,98509,12,236951
43288,0.002021,74.125.24.0-255,5738,104247,12,236951
43289,0.002025,172.31.36.0-255,66,104313,12,236951
43290,0.002043,172.31.36.0-255,66,104379,12,236951
43291,0.002056,172.31.36.0-255,66,104445,12,236951
43292,0.00405,74.125.24.0-255,5738,110183,12,236951
43293,0.004059,172.31.36.0-255,66,110249,12,236951
43294,0.006066,74.125.24.0-255,5738,115987,12,236951
43295,0.006074,172.31.36.0-255,66,116053,12,236951
43296,0.008106,74.125.24.0-255,5738,121791,12,236951
43297,0.008113,172.31.36.0-255,66,121857,12,236951
43298,0.010119,74.125.24.0-255,5738,127595,12,236951
43299,0.010126,172.31.36.0-255,66,127661,12,236951
43300,0.012154,74.125.24.0-255,5738,133399,12,236951
43301,0.012163,172.31.36.0-255,66,133465,12,236951
43302,0.014221,74.125.24.0-255,5738,139203,12,236951
43303,0.014229,172.31.36.0-255,66,139269,12,236951
43304,0.016232,74.125.24.0-255,5738,145007,12,236951
43305,0.016243,172.31.36.0-255,66,145073,12,236951
43306,0.018302,74.125.24.0-255,5738,150811,12,236951
43307,0.018319,172.31.36.0-255,66,150877,12,236951
43308,0.020303,74.125.24.0-255,5738,156615,12,236951
43309,0.020314,172.31.36.0-255,66,156681,12,236951
43310,0.022331,74.125.24.0-255,5738,162419,12,236951
43311,0.022341,172.31.36.0-255,66,162485,12,236951
43312,0.024336,74.125.24.0-255,5738,168223,12,236951
43313,0.02435,172.31.36.0-255,66,168289,12,236951
43314,0.026407,74.125.24.0-255,5738,174027,12,236951
43315,0.026418,172.31.36.0-255,66,174093,12,236951
43316,0.028455,74.125.24.0-255,2902,176995,12,236951
43317,0.028464,172.31.36.0-255,66,177061,12,236951
43318,0.028496,74.125.24.0-255,2902,179963,12,236951
43319,0.028499,172.31.36.0-255,66,180029,12,236951
43320,0.030474,74.125.24.0-255,2902,182931,12,236951
43321,0.030482,172.31.36.0-255,66,182997,12,236951
43322,0.030515,74.125.24.0-255,2902,185899,12,236951
43323,0.030518,172.31.36.0-255,66,185965,12,236951
43324,0.032488,74.125.24.0-255,2902,188867,12,236951
43325,0.032495,172.31.36.0-255,66,188933,12,236951
43326,0.032526,74.125.24.0-255,2902,191835,12,236951
43327,0.03253,172.31.36.0-255,66,191901,12,236951
43328,0.034512,74.125.24.0-255,5738,197639,12,236951
43329,0.034522,172.31.36.0-255,66,197705,12,236951
43330,0.036532,74.125.24.0-255,5738,203443,12,236951
43331,0.036541,172.31.36.0-255,66,203509,12,236951
43332,0.038522,74.125.24.0-255,5738,209247,12,236951
43333,0.038529,172.31.36.0-255,66,209313,12,236951
43334,0.039244,172.31.36.0-255,172,209485,12,236951
43335,0.039274,172.31.36.0-255,1078,210563,12,236951
43336,0.040523,74.125.24.0-255,5738,216301,12,236951
43337,0.040531,172.31.36.0-255,66,216367,12,236951
43338,0.040801,104.244.42.0-255,66,216433,12,236951
43339,0.040849,104.244.42.0-255,66,216499,12,236951
43340,0.042513,74.125.24.0-255,5738,222237,12,236951
43341,0.042524,172.31.36.0-255,66,222303,12,236951
43342,0.044545,74.125.24.0-255,5738,228041,12,236951
43343,0.044553,172.31.36.0-255,66,228107,12,236951
43344,0.046583,74.125.24.0-255,5738,233845,12,236951
43345,0.046592,172.31.36.0-255,66,233911,12,236951
43346,0.048608,74.125.24.0-255,2803,236714,12,236951
43347,0.048616,172.31.36.0-255,66,236780,12,236951
43348,0.048786,172.31.36.0-255,105,236885,12,236951
43349,0.050765,74.125.24.0-255,66,236951,12,236951
43350,0.0,172.217.194.0-255,143,143,12,154657
43351,2.2e-05,172.31.36.0-255,66,209,12,154657
43352,3e-05,172.217.194.0-255,1484,1693,12,154657
43353,3.5e-05,172.31.36.0-255,66,1759,12,154657
43354,4.9e-05,172.217.194.0-255,2902,4661,12,154657
43355,5.2e-05,172.31.36.0-255,66,4727,12,154657
43356,5.9e-05,172.217.194.0-255,5738,10465,12,154657
43357,6.2e-05,172.31.36.0-255,66,10531,12,154657
43358,7.5e-05,172.31.36.0-255,66,10597,12,154657
43359,0.000105,172.217.194.0-255,3447,14044,12,154657
43360,0.000108,172.31.36.0-255,66,14110,12,154657
43361,0.000122,172.31.36.0-255,66,14176,12,154657
43362,0.000128,172.217.194.0-255,4320,18496,12,154657
43363,0.00013,172.31.36.0-255,66,18562,12,154657
43364,0.000167,172.31.36.0-255,66,18628,12,154657
43365,0.000172,172.217.194.0-255,2902,21530,12,154657
43366,0.000174,172.31.36.0-255,66,21596,12,154657
43367,0.000212,172.31.36.0-255,66,21662,12,154657
43368,0.000366,172.217.194.0-255,1484,23146,12,154657
43369,0.000372,172.31.36.0-255,66,23212,12,154657
43370,0.000376,172.217.194.0-255,1484,24696,12,154657
43371,0.000378,172.31.36.0-255,66,24762,12,154657
43372,0.000409,172.217.194.0-255,1484,26246,12,154657
43373,0.000413,172.31.36.0-255,66,26312,12,154657
43374,0.00042,172.217.194.0-255,5738,32050,12,154657
43375,0.000423,172.31.36.0-255,66,32116,12,154657
43376,0.000428,172.217.194.0-255,4320,36436,12,154657
43377,0.00043,172.31.36.0-255,66,36502,12,154657
43378,0.000458,172.217.194.0-255,2902,39404,12,154657
43379,0.00046,172.31.36.0-255,66,39470,12,154657
43380,0.000496,172.31.36.0-255,66,39536,12,154657
43381,0.000523,172.217.194.0-255,5738,45274,12,154657
43382,0.000526,172.31.36.0-255,66,45340,12,154657
43383,0.000552,172.217.194.0-255,2184,47524,12,154657
43384,0.000555,172.31.36.0-255,66,47590,12,154657
43385,0.000583,172.217.194.0-255,1484,49074,12,154657
43386,0.000588,172.217.194.0-255,2902,51976,12,154657
43387,0.00059,172.31.36.0-255,66,52042,12,154657
43388,0.000596,172.217.194.0-255,4320,56362,12,154657
43389,0.000598,172.31.36.0-255,66,56428,12,154657
43390,0.000633,172.31.36.0-255,66,56494,12,154657
43391,0.000679,172.31.36.0-255,66,56560,12,154657
43392,0.000708,172.217.194.0-255,5020,61580,12,154657
43393,0.000711,172.31.36.0-255,66,61646,12,154657
43394,0.000815,172.217.194.0-255,1484,63130,12,154657
43395,0.000821,172.217.194.0-255,2902,66032,12,154657
43396,0.000825,172.31.36.0-255,66,66098,12,154657
43397,0.000831,172.217.194.0-255,5738,71836,12,154657
43398,0.000833,172.31.36.0-255,66,71902,12,154657
43399,0.000853,172.217.194.0-255,7156,79058,12,154657
43400,0.000856,172.31.36.0-255,66,79124,12,154657
43401,0.000879,172.217.194.0-255,5738,84862,12,154657
43402,0.000881,172.31.36.0-255,66,84928,12,154657
43403,0.000894,172.31.36.0-255,66,84994,12,154657
43404,0.001508,172.217.194.0-255,1484,86478,12,154657
43405,0.001515,172.217.194.0-255,2902,89380,12,154657
43406,0.001519,172.31.36.0-255,66,89446,12,154657
43407,0.001548,172.217.194.0-255,5738,95184,12,154657
43408,0.001551,172.31.36.0-255,66,95250,12,154657
43409,0.001557,172.217.194.0-255,4320,99570,12,154657
43410,0.001559,172.31.36.0-255,66,99636,12,154657
43411,0.001582,172.217.194.0-255,5738,105374,12,154657
43412,0.001584,172.31.36.0-255,66,105440,12,154657
43413,0.001603,172.31.36.0-255,66,105506,12,154657
43414,0.001672,172.217.194.0-255,1484,106990,12,154657
43415,0.001678,172.217.194.0-255,2902,109892,12,154657
43416,0.00168,172.31.36.0-255,66,109958,12,154657
43417,0.001687,172.217.194.0-255,5738,115696,12,154657
43418,0.001688,172.31.36.0-255,66,115762,12,154657
43419,0.001732,172.31.36.0-255,66,115828,12,154657
43420,0.001736,172.217.194.0-255,1484,117312,12,154657
43421,0.001763,172.31.36.0-255,66,117378,12,154657
43422,0.00178,172.217.194.0-255,2184,119562,12,154657
43423,0.001782,172.31.36.0-255,66,119628,12,154657
43424,0.001788,172.217.194.0-255,4320,123948,12,154657
43425,0.00179,172.31.36.0-255,66,124014,12,154657
43426,0.001838,172.31.36.0-255,66,124080,12,154657
43427,0.001841,172.217.194.0-255,1484,125564,12,154657
43428,0.001865,172.217.194.0-255,2902,128466,12,154657
43429,0.001867,172.31.36.0-255,66,128532,12,154657
43430,0.001887,172.217.194.0-255,6438,134970,12,154657
43431,0.00189,172.31.36.0-255,66,135036,12,154657
43432,0.001947,172.217.194.0-255,5738,140774,12,154657
43433,0.00195,172.31.36.0-255,66,140840,12,154657
43434,0.002002,172.31.36.0-255,66,140906,12,154657
43435,0.002006,172.217.194.0-255,1484,142390,12,154657
43436,0.002008,172.217.194.0-255,1484,143874,12,154657
43437,0.002011,172.31.36.0-255,66,143940,12,154657
43438,0.002079,172.31.36.0-255,66,144006,12,154657
43439,0.002119,172.31.36.0-255,66,144072,12,154657
43440,0.002138,172.31.36.0-255,66,144138,12,154657
43441,0.002182,172.31.36.0-255,66,144204,12,154657
43442,0.002213,172.217.194.0-255,5738,149942,12,154657
43443,0.002221,172.31.36.0-255,66,150008,12,154657
43444,0.002251,172.217.194.0-255,105,150113,12,154657
43445,0.002282,172.31.36.0-255,66,150179,12,154657
43446,0.004578,172.31.36.0-255,105,150284,12,154657
43447,0.006764,172.217.194.0-255,66,150350,12,154657
43448,0.030922,172.31.36.0-255,188,150538,12,154657
43449,0.030959,172.31.36.0-255,952,151490,12,154657
43450,0.031022,172.31.36.0-255,1514,153004,12,154657
43451,0.031044,172.31.36.0-255,1455,154459,12,154657
43452,0.032512,104.244.42.0-255,66,154525,12,154657
43453,0.032543,104.244.42.0-255,66,154591,12,154657
43454,0.032597,104.244.42.0-255,66,154657,12,154657
43455,0.0,74.125.24.0-255,156,156,12,272299
43456,2e-05,172.31.36.0-255,66,222,12,272299
43457,2.7e-05,74.125.24.0-255,1484,1706,12,272299
43458,3.1e-05,172.31.36.0-255,66,1772,12,272299
43459,3.7e-05,74.125.24.0-255,2902,4674,12,272299
43460,4e-05,172.31.36.0-255,66,4740,12,272299
43461,4.8e-05,74.125.24.0-255,7156,11896,12,272299
43462,5e-05,172.31.36.0-255,66,11962,12,272299
43463,5.4e-05,74.125.24.0-255,2075,14037,12,272299
43464,5.6e-05,172.31.36.0-255,66,14103,12,272299
43465,6.2e-05,74.125.24.0-255,2902,17005,12,272299
43466,6.4e-05,172.31.36.0-255,66,17071,12,272299
43467,9.9e-05,172.31.36.0-255,66,17137,12,272299
43468,0.000105,74.125.24.0-255,5379,22516,12,272299
43469,0.000108,172.31.36.0-255,66,22582,12,272299
43470,0.000185,74.125.24.0-255,1484,24066,12,272299
43471,0.000188,172.31.36.0-255,66,24132,12,272299
43472,0.000192,74.125.24.0-255,1484,25616,12,272299
43473,0.000194,172.31.36.0-255,66,25682,12,272299
43474,0.000208,74.125.24.0-255,1484,27166,12,272299
43475,0.00021,172.31.36.0-255,66,27232,12,272299
43476,0.000217,74.125.24.0-255,5738,32970,12,272299
43477,0.00022,172.31.36.0-255,66,33036,12,272299
43478,0.000239,74.125.24.0-255,1484,34520,12,272299
43479,0.000241,172.31.36.0-255,66,34586,12,272299
43480,0.000276,172.31.36.0-255,66,34652,12,272299
43481,0.000279,74.125.24.0-255,1484,36136,12,272299
43482,0.000281,172.31.36.0-255,66,36202,12,272299
43483,0.000304,172.31.36.0-255,66,36268,12,272299
43484,0.000473,74.125.24.0-255,134,36402,12,272299
43485,0.000486,74.125.24.0-255,345,36747,12,272299
43486,0.000634,74.125.24.0-255,1484,38231,12,272299
43487,0.00064,172.31.36.0-255,66,38297,12,272299
43488,0.000646,74.125.24.0-255,2902,41199,12,272299
43489,0.000648,172.31.36.0-255,66,41265,12,272299
43490,0.000655,74.125.24.0-255,5738,47003,12,272299
43491,0.000657,172.31.36.0-255,66,47069,12,272299
43492,0.000704,74.125.24.0-255,6247,53316,12,272299
43493,0.000707,172.31.36.0-255,66,53382,12,272299
43494,0.001895,74.125.24.0-255,1484,54866,12,272299
43495,0.001908,74.125.24.0-255,2902,57768,12,272299
43496,0.001912,172.31.36.0-255,66,57834,12,272299
43497,0.00192,74.125.24.0-255,5738,63572,12,272299
43498,0.001922,172.31.36.0-255,66,63638,12,272299
43499,0.001943,172.31.36.0-255,66,63704,12,272299
43500,0.001957,74.125.24.0-255,4320,68024,12,272299
43501,0.00196,172.31.36.0-255,66,68090,12,272299
43502,0.00197,172.31.36.0-255,66,68156,12,272299
43503,0.001993,74.125.24.0-255,2184,70340,12,272299
43504,0.001995,172.31.36.0-255,66,70406,12,272299
43505,0.002062,74.125.24.0-255,1484,71890,12,272299
43506,0.002069,74.125.24.0-255,2902,74792,12,272299
43507,0.002071,172.31.36.0-255,66,74858,12,272299
43508,0.002078,74.125.24.0-255,5738,80596,12,272299
43509,0.00208,172.31.36.0-255,66,80662,12,272299
43510,0.002097,74.125.24.0-255,5738,86400,12,272299
43511,0.002099,172.31.36.0-255,66,86466,12,272299
43512,0.00212,74.125.24.0-255,7156,93622,12,272299
43513,0.002123,172.31.36.0-255,66,93688,12,272299
43514,0.002131,74.125.24.0-255,7156,100844,12,272299
43515,0.002132,172.31.36.0-255,66,100910,12,272299
43516,0.002213,172.31.36.0-255,66,100976,12,272299
43517,0.002227,172.31.36.0-255,66,101042,12,272299
43518,0.002232,74.125.24.0-255,2184,103226,12,272299
43519,0.002234,172.31.36.0-255,66,103292,12,272299
43520,0.002238,74.125.24.0-255,2902,106194,12,272299
43521,0.00224,172.31.36.0-255,66,106260,12,272299
43522,0.002268,74.125.24.0-255,7156,113416,12,272299
43523,0.002271,172.31.36.0-255,66,113482,12,272299
43524,0.004473,74.125.24.0-255,5738,119220,12,272299
43525,0.004478,172.31.36.0-255,66,119286,12,272299
43526,0.006686,74.125.24.0-255,5738,125024,12,272299
43527,0.006693,172.31.36.0-255,66,125090,12,272299
43528,0.008908,74.125.24.0-255,5738,130828,12,272299
43529,0.008915,172.31.36.0-255,66,130894,12,272299
43530,0.011128,74.125.24.0-255,5738,136632,12,272299
43531,0.011135,172.31.36.0-255,66,136698,12,272299
43532,0.013329,74.125.24.0-255,5738,142436,12,272299
43533,0.013337,172.31.36.0-255,66,142502,12,272299
43534,0.015557,74.125.24.0-255,5738,148240,12,272299
43535,0.015567,172.31.36.0-255,66,148306,12,272299
43536,0.017778,74.125.24.0-255,5738,154044,12,272299
43537,0.017787,172.31.36.0-255,66,154110,12,272299
43538,0.019986,74.125.24.0-255,5738,159848,12,272299
43539,0.019994,172.31.36.0-255,66,159914,12,272299
43540,0.0222,74.125.24.0-255,5738,165652,12,272299
43541,0.022207,172.31.36.0-255,66,165718,12,272299
43542,0.024398,74.125.24.0-255,5738,171456,12,272299
43543,0.024405,172.31.36.0-255,66,171522,12,272299
43544,0.026633,74.125.24.0-255,5738,177260,12,272299
43545,0.02664,172.31.36.0-255,66,177326,12,272299
43546,0.028862,74.125.24.0-255,5738,183064,12,272299
43547,0.02887,172.31.36.0-255,66,183130,12,272299
43548,0.031094,74.125.24.0-255,5738,188868,12,272299
43549,0.031102,172.31.36.0-255,66,188934,12,272299
43550,0.033314,74.125.24.0-255,5738,194672,12,272299
43551,0.03332,172.31.36.0-255,66,194738,12,272299
43552,0.033534,172.31.36.0-255,176,194914,12,272299
43553,0.033567,172.31.36.0-255,1107,196021,12,272299
43554,0.033658,172.31.36.0-255,1514,197535,12,272299
43555,0.03366,172.31.36.0-255,1514,199049,12,272299
43556,0.033661,172.31.36.0-255,1514,200563,12,272299
43557,0.033666,172.31.36.0-255,1514,202077,12,272299
43558,0.033667,172.31.36.0-255,1514,203591,12,272299
43559,0.033668,172.31.36.0-255,148,203739,12,272299
43560,0.035123,104.244.42.0-255,66,203805,12,272299
43561,0.035131,104.244.42.0-255,66,203871,12,272299
43562,0.03523,104.244.42.0-255,66,203937,12,272299
43563,0.035235,104.244.42.0-255,66,204003,12,272299
43564,0.035499,74.125.24.0-255,5738,209741,12,272299
43565,0.035506,172.31.36.0-255,66,209807,12,272299
43566,0.037714,74.125.24.0-255,5738,215545,12,272299
43567,0.03772,172.31.36.0-255,66,215611,12,272299
43568,0.03993,74.125.24.0-255,5738,221349,12,272299
43569,0.039936,172.31.36.0-255,66,221415,12,272299
43570,0.042161,74.125.24.0-255,5738,227153,12,272299
43571,0.042173,172.31.36.0-255,66,227219,12,272299
43572,0.044402,74.125.24.0-255,5738,232957,12,272299
43573,0.044409,172.31.36.0-255,66,233023,12,272299
43574,0.046613,74.125.24.0-255,5738,238761,12,272299
43575,0.046619,172.31.36.0-255,66,238827,12,272299
43576,0.048828,74.125.24.0-255,5738,244565,12,272299
43577,0.048834,172.31.36.0-255,66,244631,12,272299
43578,0.051044,74.125.24.0-255,5738,250369,12,272299
43579,0.05105,172.31.36.0-255,66,250435,12,272299
43580,0.053259,74.125.24.0-255,5738,256173,12,272299
43581,0.05328,172.31.36.0-255,66,256239,12,272299
43582,0.055512,74.125.24.0-255,5738,261977,12,272299
43583,0.055518,172.31.36.0-255,66,262043,12,272299
43584,0.057733,74.125.24.0-255,4320,266363,12,272299
43585,0.057739,172.31.36.0-255,66,266429,12,272299
43586,0.057765,74.125.24.0-255,1484,267913,12,272299
43587,0.05998,74.125.24.0-255,4320,272233,12,272299
43588,0.059986,172.31.36.0-255,66,272299,12,272299
43589,0.0,74.125.200.0-255,153,153,12,334012
43590,2.8e-05,172.31.36.0-255,66,219,12,334012
43591,3.5e-05,74.125.200.0-255,1484,1703,12,334012
43592,3.9e-05,172.31.36.0-255,66,1769,12,334012
43593,4.5e-05,74.125.200.0-255,2902,4671,12,334012
43594,4.8e-05,172.31.36.0-255,66,4737,12,334012
43595,5.6e-05,74.125.200.0-255,5738,10475,12,334012
43596,5.9e-05,172.31.36.0-255,66,10541,12,334012
43597,7.9e-05,74.125.200.0-255,1484,12025,12,334012
43598,8.2e-05,172.31.36.0-255,66,12091,12,334012
43599,8.6e-05,74.125.200.0-255,2054,14145,12,334012
43600,8.7e-05,172.31.36.0-255,66,14211,12,334012
43601,9.1e-05,74.125.200.0-255,2902,17113,12,334012
43602,9.3e-05,172.31.36.0-255,66,17179,12,334012
43603,0.000127,172.31.36.0-255,66,17245,12,334012
43604,0.000134,74.125.200.0-255,5379,22624,12,334012
43605,0.000136,172.31.36.0-255,66,22690,12,334012
43606,0.000153,74.125.200.0-255,1484,24174,12,334012
43607,0.000155,172.31.36.0-255,66,24240,12,334012
43608,0.000185,74.125.200.0-255,2902,27142,12,334012
43609,0.000188,172.31.36.0-255,66,27208,12,334012
43610,0.000203,74.125.200.0-255,2902,30110,12,334012
43611,0.000206,172.31.36.0-255,66,30176,12,334012
43612,0.000219,74.125.200.0-255,2902,33078,12,334012
43613,0.000221,172.31.36.0-255,66,33144,12,334012
43614,0.000226,74.125.200.0-255,4320,37464,12,334012
43615,0.000229,172.31.36.0-255,66,37530,12,334012
43616,0.000251,74.125.200.0-255,1484,39014,12,334012
43617,0.000254,172.31.36.0-255,66,39080,12,334012
43618,0.000272,74.125.200.0-255,1125,40205,12,334012
43619,0.000274,172.31.36.0-255,66,40271,12,334012
43620,0.000304,172.31.36.0-255,101,40372,12,334012
43621,0.000653,74.125.200.0-255,1484,41856,12,334012
43622,0.000668,74.125.200.0-255,2902,44758,12,334012
43623,0.000672,172.31.36.0-255,66,44824,12,334012
43624,0.000702,74.125.200.0-255,2902,47726,12,334012
43625,0.000706,172.31.36.0-255,66,47792,12,334012
43626,0.000726,74.125.200.0-255,2902,50694,12,334012
43627,0.000729,172.31.36.0-255,66,50760,12,334012
43628,0.000733,74.125.200.0-255,2902,53662,12,334012
43629,0.000736,172.31.36.0-255,66,53728,12,334012
43630,0.000741,74.125.200.0-255,3961,57689,12,334012
43631,0.000743,172.31.36.0-255,66,57755,12,334012
43632,0.000796,74.125.200.0-255,1484,59239,12,334012
43633,0.000802,74.125.200.0-255,2902,62141,12,334012
43634,0.000806,172.31.36.0-255,66,62207,12,334012
43635,0.000809,74.125.200.0-255,1484,63691,12,334012
43636,0.00083,74.125.200.0-255,4320,68011,12,334012
43637,0.000834,172.31.36.0-255,66,68077,12,334012
43638,0.000841,74.125.200.0-255,6797,74874,12,334012
43639,0.000844,172.31.36.0-255,66,74940,12,334012
43640,0.000904,74.125.200.0-255,1484,76424,12,334012
43641,0.000909,74.125.200.0-255,1484,77908,12,334012
43642,0.000912,172.31.36.0-255,66,77974,12,334012
43643,0.000916,74.125.200.0-255,2902,80876,12,334012
43644,0.000919,172.31.36.0-255,66,80942,12,334012
43645,0.00094,74.125.200.0-255,5738,86680,12,334012
43646,0.000943,172.31.36.0-255,66,86746,12,334012
43647,0.000968,74.125.200.0-255,1484,88230,12,334012
43648,0.000981,74.125.200.0-255,3961,92191,12,334012
43649,0.000984,172.31.36.0-255,66,92257,12,334012
43650,0.001004,74.125.200.0-255,5738,97995,12,334012
43651,0.001007,172.31.36.0-255,66,98061,12,334012
43652,0.001035,74.125.200.0-255,5738,103799,12,334012
43653,0.001038,172.31.36.0-255,66,103865,12,334012
43654,0.001068,74.125.200.0-255,2902,106767,12,334012
43655,0.001072,172.31.36.0-255,66,106833,12,334012
43656,0.001091,74.125.200.0-255,2429,109262,12,334012
43657,0.001094,172.31.36.0-255,66,109328,12,334012
43658,0.001115,74.125.200.0-255,211,109539,12,334012
43659,0.001302,74.125.200.0-255,1484,111023,12,334012
43660,0.001309,172.31.36.0-255,66,111089,12,334012
43661,0.001315,74.125.200.0-255,2902,113991,12,334012
43662,0.001318,172.31.36.0-255,66,114057,12,334012
43663,0.001323,74.125.200.0-255,2902,116959,12,334012
43664,0.001325,172.31.36.0-255,66,117025,12,334012
43665,0.001348,74.125.200.0-255,1484,118509,12,334012
43666,0.001354,74.125.200.0-255,5738,124247,12,334012
43667,0.001357,172.31.36.0-255,66,124313,12,334012
43668,0.001374,74.125.200.0-255,4320,128633,12,334012
43669,0.001377,172.31.36.0-255,66,128699,12,334012
43670,0.001394,74.125.200.0-255,7156,135855,12,334012
43671,0.001396,172.31.36.0-255,66,135921,12,334012
43672,0.00146,74.125.200.0-255,1484,137405,12,334012
43673,0.001479,74.125.200.0-255,6438,143843,12,334012
43674,0.001482,172.31.36.0-255,66,143909,12,334012
43675,0.001925,74.125.200.0-255,1484,145393,12,334012
43676,0.001942,74.125.200.0-255,2902,148295,12,334012
43677,0.001944,172.31.36.0-255,66,148361,12,334012
43678,0.001948,74.125.200.0-255,2902,151263,12,334012
43679,0.001951,172.31.36.0-255,66,151329,12,334012
43680,0.001963,74.125.200.0-255,2902,154231,12,334012
43681,0.001965,172.31.36.0-255,66,154297,12,334012
43682,0.001977,74.125.200.0-255,1484,155781,12,334012
43683,0.002002,172.31.36.0-255,66,155847,12,334012
43684,0.002032,74.125.200.0-255,2902,158749,12,334012
43685,0.002034,172.31.36.0-255,66,158815,12,334012
43686,0.002056,172.31.36.0-255,66,158881,12,334012
43687,0.00217,74.125.200.0-255,1484,160365,12,334012
43688,0.002183,74.125.200.0-255,2902,163267,12,334012
43689,0.002186,172.31.36.0-255,66,163333,12,334012
43690,0.002209,74.125.200.0-255,1484,164817,12,334012
43691,0.002227,74.125.200.0-255,4320,169137,12,334012
43692,0.002229,172.31.36.0-255,66,169203,12,334012
43693,0.002242,74.125.200.0-255,5738,174941,12,334012
43694,0.002244,172.31.36.0-255,66,175007,12,334012
43695,0.002262,74.125.200.0-255,4320,179327,12,334012
43696,0.002264,172.31.36.0-255,66,179393,12,334012
43697,0.002281,74.125.200.0-255,2902,182295,12,334012
43698,0.002283,172.31.36.0-255,66,182361,12,334012
43699,0.002302,74.125.200.0-255,4320,186681,12,334012
43700,0.002304,172.31.36.0-255,66,186747,12,334012
43701,0.002307,74.125.200.0-255,1484,188231,12,334012
43702,0.002326,74.125.200.0-255,4320,192551,12,334012
43703,0.002328,172.31.36.0-255,66,192617,12,334012
43704,0.00233,74.125.200.0-255,766,193383,12,334012
43705,0.002583,74.125.200.0-255,66,193449,12,334012
43706,0.004631,74.125.200.0-255,4320,197769,12,334012
43707,0.004636,172.31.36.0-255,66,197835,12,334012
43708,0.006958,74.125.200.0-255,5738,203573,12,334012
43709,0.006964,172.31.36.0-255,66,203639,12,334012
43710,0.009287,74.125.200.0-255,5738,209377,12,334012
43711,0.009295,172.31.36.0-255,66,209443,12,334012
43712,0.011615,74.125.200.0-255,5738,215181,12,334012
43713,0.011622,172.31.36.0-255,66,215247,12,334012
43714,0.013993,74.125.200.0-255,5738,220985,12,334012
43715,0.014003,172.31.36.0-255,66,221051,12,334012
43716,0.016338,74.125.200.0-255,5738,226789,12,334012
43717,0.016349,172.31.36.0-255,66,226855,12,334012
43718,0.018677,74.125.200.0-255,5738,232593,12,334012
43719,0.018686,172.31.36.0-255,66,232659,12,334012
43720,0.02101,74.125.200.0-255,5738,238397,12,334012
43721,0.021017,172.31.36.0-255,66,238463,12,334012
43722,0.023341,74.125.200.0-255,5738,244201,12,334012
43723,0.023349,172.31.36.0-255,66,244267,12,334012
43724,0.025675,74.125.200.0-255,5738,250005,12,334012
43725,0.025683,172.31.36.0-255,66,250071,12,334012
43726,0.028013,74.125.200.0-255,5738,255809,12,334012
43727,0.028021,172.31.36.0-255,66,255875,12,334012
43728,0.030342,74.125.200.0-255,5738,261613,12,334012
43729,0.030352,172.31.36.0-255,66,261679,12,334012
43730,0.032676,74.125.200.0-255,5738,267417,12,334012
43731,0.032683,172.31.36.0-255,66,267483,12,334012
43732,0.032692,172.31.36.0-255,172,267655,12,334012
43733,0.032735,172.31.36.0-255,1109,268764,12,334012
43734,0.032873,172.31.36.0-255,1140,269904,12,334012
43735,0.034231,104.244.42.0-255,66,269970,12,334012
43736,0.034313,104.244.42.0-255,66,270036,12,334012
43737,0.034407,104.244.42.0-255,66,270102,12,334012
43738,0.035006,74.125.200.0-255,5738,275840,12,334012
43739,0.035013,172.31.36.0-255,66,275906,12,334012
43740,0.037329,74.125.200.0-255,5738,281644,12,334012
43741,0.037335,172.31.36.0-255,66,281710,12,334012
43742,0.039647,74.125.200.0-255,5738,287448,12,334012
43743,0.039652,172.31.36.0-255,66,287514,12,334012
43744,0.041972,74.125.200.0-255,5738,293252,12,334012
43745,0.041993,172.31.36.0-255,66,293318,12,334012
43746,0.044307,74.125.200.0-255,5738,299056,12,334012
43747,0.044313,172.31.36.0-255,66,299122,12,334012
43748,0.046648,74.125.200.0-255,5738,304860,12,334012
43749,0.046653,172.31.36.0-255,66,304926,12,334012
43750,0.048976,74.125.200.0-255,5738,310664,12,334012
43751,0.048981,172.31.36.0-255,66,310730,12,334012
43752,0.051292,74.125.200.0-255,5738,316468,12,334012
43753,0.051297,172.31.36.0-255,66,316534,12,334012
43754,0.053626,74.125.200.0-255,5738,322272,12,334012
43755,0.053631,172.31.36.0-255,66,322338,12,334012
43756,0.05595,74.125.200.0-255,5738,328076,12,334012
43757,0.055955,172.31.36.0-255,66,328142,12,334012
43758,0.058262,74.125.200.0-255,1484,329626,12,334012
43759,0.058296,74.125.200.0-255,4320,333946,12,334012
43760,0.058301,172.31.36.0-255,66,334012,12,334012
43761,0.0,74.125.24.0-255,155,155,12,230494
43762,3.5e-05,172.31.36.0-255,66,221,12,230494
43763,4.1e-05,74.125.24.0-255,1484,1705,12,230494
43764,4.5e-05,172.31.36.0-255,66,1771,12,230494
43765,5.1e-05,74.125.24.0-255,2902,4673,12,230494
43766,5.5e-05,172.31.36.0-255,66,4739,12,230494
43767,6.8e-05,74.125.24.0-255,4320,9059,12,230494
43768,7.1e-05,172.31.36.0-255,66,9125,12,230494
43769,7.8e-05,74.125.24.0-255,4874,13999,12,230494
43770,8e-05,172.31.36.0-255,66,14065,12,230494
43771,9.1e-05,172.31.36.0-255,66,14131,12,230494
43772,9.8e-05,74.125.24.0-255,5379,19510,12,230494
43773,0.000101,172.31.36.0-255,66,19576,12,230494
43774,0.000189,74.125.24.0-255,1484,21060,12,230494
43775,0.000192,172.31.36.0-255,66,21126,12,230494
43776,0.000198,74.125.24.0-255,2902,24028,12,230494
43777,0.0002,172.31.36.0-255,66,24094,12,230494
43778,0.000212,74.125.24.0-255,5738,29832,12,230494
43779,0.000216,172.31.36.0-255,66,29898,12,230494
43780,0.000219,74.125.24.0-255,1484,31382,12,230494
43781,0.000221,172.31.36.0-255,66,31448,12,230494
43782,0.000275,172.31.36.0-255,66,31514,12,230494
43783,0.000281,74.125.24.0-255,5738,37252,12,230494
43784,0.000283,172.31.36.0-255,66,37318,12,230494
43785,0.00029,74.125.24.0-255,5020,42338,12,230494
43786,0.000292,172.31.36.0-255,66,42404,12,230494
43787,0.000344,74.125.24.0-255,400,42804,12,230494
43788,0.000349,172.31.36.0-255,66,42870,12,230494
43789,0.000377,74.125.24.0-255,345,43215,12,230494
43790,0.00038,172.31.36.0-255,66,43281,12,230494
43791,0.000497,74.125.24.0-255,1484,44765,12,230494
43792,0.000502,74.125.24.0-255,2902,47667,12,230494
43793,0.000506,172.31.36.0-255,66,47733,12,230494
43794,0.00051,74.125.24.0-255,1484,49217,12,230494
43795,0.000542,74.125.24.0-255,4320,53537,12,230494
43796,0.000546,172.31.36.0-255,66,53603,12,230494
43797,0.000566,172.31.36.0-255,66,53669,12,230494
43798,0.000597,74.125.24.0-255,5738,59407,12,230494
43799,0.000601,172.31.36.0-255,66,59473,12,230494
43800,0.000632,74.125.24.0-255,5020,64493,12,230494
43801,0.000635,172.31.36.0-255,66,64559,12,230494
43802,0.000646,172.31.36.0-255,66,64625,12,230494
43803,0.000666,74.125.24.0-255,1484,66109,12,230494
43804,0.00068,74.125.24.0-255,7156,73265,12,230494
43805,0.000684,172.31.36.0-255,66,73331,12,230494
43806,0.00072,172.31.36.0-255,66,73397,12,230494
43807,0.000736,74.125.24.0-255,6438,79835,12,230494
43808,0.000739,172.31.36.0-255,66,79901,12,230494
43809,0.000761,172.31.36.0-255,66,79967,12,230494
43810,0.000768,74.125.24.0-255,7156,87123,12,230494
43811,0.000774,172.31.36.0-255,66,87189,12,230494
43812,0.000803,74.125.24.0-255,5738,92927,12,230494
43813,0.000807,172.31.36.0-255,66,92993,12,230494
43814,0.000836,74.125.24.0-255,5020,98013,12,230494
43815,0.00084,172.31.36.0-255,66,98079,12,230494
43816,0.00087,74.125.24.0-255,1484,99563,12,230494
43817,0.000875,74.125.24.0-255,2902,102465,12,230494
43818,0.000878,172.31.36.0-255,66,102531,12,230494
43819,0.000885,74.125.24.0-255,5738,108269,12,230494
43820,0.000887,172.31.36.0-255,66,108335,12,230494
43821,0.000892,74.125.24.0-255,2902,111237,12,230494
43822,0.000894,172.31.36.0-255,66,111303,12,230494
43823,0.000936,172.31.36.0-255,66,111369,12,230494
43824,0.000957,74.125.24.0-255,4320,115689,12,230494
43825,0.000961,172.31.36.0-255,66,115755,12,230494
43826,0.000989,74.125.24.0-255,6438,122193,12,230494
43827,0.000992,172.31.36.0-255,66,122259,12,230494
43828,0.001171,74.125.24.0-255,1484,123743,12,230494
43829,0.001185,74.125.24.0-255,2902,126645,12,230494
43830,0.001189,172.31.36.0-255,66,126711,12,230494
43831,0.001193,74.125.24.0-255,2902,129613,12,230494
43832,0.001195,172.31.36.0-255,66,129679,12,230494
43833,0.001218,74.125.24.0-255,2902,132581,12,230494
43834,0.001222,74.125.24.0-255,2902,135483,12,230494
43835,0.001222,172.31.36.0-255,66,135549,12,230494
43836,0.001225,172.31.36.0-255,66,135615,12,230494
43837,0.001258,172.31.36.0-255,66,135681,12,230494
43838,0.001309,172.31.36.0-255,66,135747,12,230494
43839,0.001312,74.125.24.0-255,1484,137231,12,230494
43840,0.001317,74.125.24.0-255,2902,140133,12,230494
43841,0.001319,172.31.36.0-255,66,140199,12,230494
43842,0.001343,74.125.24.0-255,5738,145937,12,230494
43843,0.001347,172.31.36.0-255,66,146003,12,230494
43844,0.001387,74.125.24.0-255,1484,147487,12,230494
43845,0.001426,172.31.36.0-255,66,147553,12,230494
43846,0.001438,172.31.36.0-255,66,147619,12,230494
43847,0.001441,74.125.24.0-255,1484,149103,12,230494
43848,0.001445,74.125.24.0-255,2902,152005,12,230494
43849,0.001447,172.31.36.0-255,66,152071,12,230494
43850,0.001453,74.125.24.0-255,5738,157809,12,230494
43851,0.001456,172.31.36.0-255,66,157875,12,230494
43852,0.00146,74.125.24.0-255,2902,160777,12,230494
43853,0.001462,172.31.36.0-255,66,160843,12,230494
43854,0.001498,172.31.36.0-255,66,160909,12,230494
43855,0.001509,172.31.36.0-255,66,160975,12,230494
43856,0.001567,172.31.36.0-255,66,161041,12,230494
43857,0.001572,74.125.24.0-255,2902,163943,12,230494
43858,0.001575,172.31.36.0-255,66,164009,12,230494
43859,0.001621,172.31.36.0-255,66,164075,12,230494
43860,0.00191,74.125.24.0-255,1484,165559,12,230494
43861,0.001918,74.125.24.0-255,2902,168461,12,230494
43862,0.001921,172.31.36.0-255,66,168527,12,230494
43863,0.001926,74.125.24.0-255,2902,171429,12,230494
43864,0.001928,172.31.36.0-255,66,171495,12,230494
43865,0.001931,74.125.24.0-255,1484,172979,12,230494
43866,0.001965,74.125.24.0-255,5738,178717,12,230494
43867,0.001969,172.31.36.0-255,66,178783,12,230494
43868,0.001981,172.31.36.0-255,66,178849,12,230494
43869,0.002013,74.125.24.0-255,5738,184587,12,230494
43870,0.002016,172.31.36.0-255,66,184653,12,230494
43871,0.002022,74.125.24.0-255,3602,188255,12,230494
43872,0.002024,172.31.36.0-255,66,188321,12,230494
43873,0.00429,74.125.24.0-255,5738,194059,12,230494
43874,0.004297,172.31.36.0-255,66,194125,12,230494
43875,0.006543,74.125.24.0-255,5738,199863,12,230494
43876,0.00655,172.31.36.0-255,66,199929,12,230494
43877,0.008816,74.125.24.0-255,5738,205667,12,230494
43878,0.008823,172.31.36.0-255,66,205733,12,230494
43879,0.011099,74.125.24.0-255,5738,211471,12,230494
43880,0.011107,172.31.36.0-255,66,211537,12,230494
43881,0.013373,74.125.24.0-255,5738,217275,12,230494
43882,0.013383,172.31.36.0-255,66,217341,12,230494
43883,0.015655,74.125.24.0-255,5738,223079,12,230494
43884,0.015664,172.31.36.0-255,66,223145,12,230494
43885,0.017906,74.125.24.0-255,5058,228203,12,230494
43886,0.017915,172.31.36.0-255,66,228269,12,230494
43887,0.018178,172.31.36.0-255,105,228374,12,230494
43888,0.020393,74.125.24.0-255,66,228440,12,230494
43889,0.036914,172.31.36.0-255,172,228612,12,230494
43890,0.036945,172.31.36.0-255,1107,229719,12,230494
43891,0.036984,172.31.36.0-255,577,230296,12,230494
43892,0.038491,104.244.42.0-255,66,230362,12,230494
43893,0.038502,104.244.42.0-255,66,230428,12,230494
43894,0.038525,104.244.42.0-255,66,230494,12,230494
43895,0.0,172.217.194.0-255,153,153,12,183477
43896,2.5e-05,172.31.36.0-255,66,219,12,183477
43897,3.2e-05,172.217.194.0-255,1484,1703,12,183477
43898,3.6e-05,172.31.36.0-255,66,1769,12,183477
43899,4.1e-05,172.217.194.0-255,2902,4671,12,183477
43900,5.1e-05,172.31.36.0-255,66,4737,12,183477
43901,5.8e-05,172.217.194.0-255,7156,11893,12,183477
43902,6.1e-05,172.31.36.0-255,66,11959,12,183477
43903,6.4e-05,172.217.194.0-255,2004,13963,12,183477
43904,6.6e-05,172.31.36.0-255,66,14029,12,183477
43905,7e-05,172.217.194.0-255,1484,15513,12,183477
43906,7.1e-05,172.31.36.0-255,66,15579,12,183477
43907,9.7e-05,172.31.36.0-255,66,15645,12,183477
43908,0.000123,172.217.194.0-255,1484,17129,12,183477
43909,0.000125,172.31.36.0-255,66,17195,12,183477
43910,0.000143,172.31.36.0-255,66,17261,12,183477
43911,0.000167,172.217.194.0-255,5020,22281,12,183477
43912,0.00017,172.31.36.0-255,66,22347,12,183477
43913,0.001967,172.217.194.0-255,1484,23831,12,183477
43914,0.001974,172.31.36.0-255,66,23897,12,183477
43915,0.001984,172.217.194.0-255,2902,26799,12,183477
43916,0.001986,172.31.36.0-255,66,26865,12,183477
43917,0.002,172.217.194.0-255,5738,32603,12,183477
43918,0.002002,172.31.36.0-255,66,32669,12,183477
43919,0.002034,172.217.194.0-255,5738,38407,12,183477
43920,0.002037,172.31.36.0-255,66,38473,12,183477
43921,0.002062,172.217.194.0-255,1714,40187,12,183477
43922,0.002064,172.31.36.0-255,66,40253,12,183477
43923,0.004986,172.217.194.0-255,1484,41737,12,183477
43924,0.00499,172.31.36.0-255,66,41803,12,183477
43925,0.004995,172.217.194.0-255,2902,44705,12,183477
43926,0.004997,172.31.36.0-255,66,44771,12,183477
43927,0.005026,172.217.194.0-255,1484,46255,12,183477
43928,0.00728,172.217.194.0-255,1484,47739,12,183477
43929,0.007287,172.31.36.0-255,66,47805,12,183477
43930,0.007315,172.217.194.0-255,2902,50707,12,183477
43931,0.007317,172.31.36.0-255,66,50773,12,183477
43932,0.009605,172.217.194.0-255,5738,56511,12,183477
43933,0.009614,172.31.36.0-255,66,56577,12,183477
43934,0.011939,172.217.194.0-255,5738,62315,12,183477
43935,0.011946,172.31.36.0-255,66,62381,12,183477
43936,0.014241,172.217.194.0-255,5738,68119,12,183477
43937,0.014248,172.31.36.0-255,66,68185,12,183477
43938,0.016554,172.217.194.0-255,5738,73923,12,183477
43939,0.016566,172.31.36.0-255,66,73989,12,183477
43940,0.018888,172.217.194.0-255,5738,79727,12,183477
43941,0.018898,172.31.36.0-255,66,79793,12,183477
43942,0.0212,172.217.194.0-255,5738,85531,12,183477
43943,0.021207,172.31.36.0-255,66,85597,12,183477
43944,0.023533,172.217.194.0-255,5738,91335,12,183477
43945,0.02354,172.31.36.0-255,66,91401,12,183477
43946,0.025844,172.217.194.0-255,5738,97139,12,183477
43947,0.025852,172.31.36.0-255,66,97205,12,183477
43948,0.028103,172.31.36.0-255,171,97376,12,183477
43949,0.028148,172.217.194.0-255,5738,103114,12,183477
43950,0.028153,172.31.36.0-255,66,103180,12,183477
43951,0.028158,172.31.36.0-255,1131,104311,12,183477
43952,0.028299,172.31.36.0-255,1514,105825,12,183477
43953,0.028301,172.31.36.0-255,1276,107101,12,183477
43954,0.029631,104.244.42.0-255,66,107167,12,183477
43955,0.029727,104.244.42.0-255,66,107233,12,183477
43956,0.029882,104.244.42.0-255,66,107299,12,183477
43957,0.030426,172.217.194.0-255,2902,110201,12,183477
43958,0.030431,172.31.36.0-255,66,110267,12,183477
43959,0.03046,172.217.194.0-255,2902,113169,12,183477
43960,0.030463,172.31.36.0-255,66,113235,12,183477
43961,0.032714,172.217.194.0-255,2902,116137,12,183477
43962,0.032724,172.31.36.0-255,66,116203,12,183477
43963,0.032782,172.217.194.0-255,2902,119105,12,183477
43964,0.032785,172.31.36.0-255,66,119171,12,183477
43965,0.035011,172.217.194.0-255,2902,122073,12,183477
43966,0.035023,172.31.36.0-255,66,122139,12,183477
43967,0.03508,172.217.194.0-255,2902,125041,12,183477
43968,0.035084,172.31.36.0-255,66,125107,12,183477
43969,0.037391,172.217.194.0-255,2902,128009,12,183477
43970,0.037407,172.31.36.0-255,66,128075,12,183477
43971,0.037459,172.217.194.0-255,1484,129559,12,183477
43972,0.037476,172.217.194.0-255,1484,131043,12,183477
43973,0.037478,172.31.36.0-255,66,131109,12,183477
43974,0.03976,172.217.194.0-255,2902,134011,12,183477
43975,0.039769,172.31.36.0-255,66,134077,12,183477
43976,0.039799,172.217.194.0-255,2902,136979,12,183477
43977,0.039802,172.31.36.0-255,66,137045,12,183477
43978,0.042132,172.217.194.0-255,5738,142783,12,183477
43979,0.042139,172.31.36.0-255,66,142849,12,183477
43980,0.04447,172.217.194.0-255,5738,148587,12,183477
43981,0.044477,172.31.36.0-255,66,148653,12,183477
43982,0.046826,172.217.194.0-255,5738,154391,12,183477
43983,0.046833,172.31.36.0-255,66,154457,12,183477
43984,0.049127,172.217.194.0-255,5738,160195,12,183477
43985,0.049136,172.31.36.0-255,66,160261,12,183477
43986,0.051423,172.217.194.0-255,5738,165999,12,183477
43987,0.051435,172.31.36.0-255,66,166065,12,183477
43988,0.053722,172.217.194.0-255,5738,171803,12,183477
43989,0.053732,172.31.36.0-255,66,171869,12,183477
43990,0.056022,172.217.194.0-255,5738,177607,12,183477
43991,0.05603,172.31.36.0-255,66,177673,12,183477
43992,0.058316,172.217.194.0-255,5738,183411,12,183477
43993,0.058327,172.31.36.0-255,66,183477,12,183477
43994,0.0,74.125.24.0-255,297,297,12,207702
43995,3.7e-05,172.31.36.0-255,66,363,12,207702
43996,4.4e-05,74.125.24.0-255,1484,1847,12,207702
43997,4.8e-05,172.31.36.0-255,66,1913,12,207702
43998,6.3e-05,74.125.24.0-255,4320,6233,12,207702
43999,6.6e-05,172.31.36.0-255,66,6299,12,207702
44000,7.2e-05,74.125.24.0-255,5738,12037,12,207702
44001,7.6e-05,172.31.36.0-255,66,12103,12,207702
44002,8.3e-05,74.125.24.0-255,6093,18196,12,207702
44003,8.6e-05,172.31.36.0-255,66,18262,12,207702
44004,9.9e-05,172.31.36.0-255,66,18328,12,207702
44005,0.000127,74.125.24.0-255,1125,19453,12,207702
44006,0.00013,172.31.36.0-255,66,19519,12,207702
44007,0.000163,74.125.24.0-255,1484,21003,12,207702
44008,0.000166,172.31.36.0-255,66,21069,12,207702
44009,0.00017,74.125.24.0-255,1484,22553,12,207702
44010,0.000171,172.31.36.0-255,66,22619,12,207702
44011,0.000211,74.125.24.0-255,2902,25521,12,207702
44012,0.000214,172.31.36.0-255,66,25587,12,207702
44013,0.000221,74.125.24.0-255,7156,32743,12,207702
44014,0.000224,172.31.36.0-255,66,32809,12,207702
44015,0.000241,172.31.36.0-255,66,32875,12,207702
44016,0.000247,74.125.24.0-255,5321,38196,12,207702
44017,0.000249,172.31.36.0-255,66,38262,12,207702
44018,0.000252,74.125.24.0-255,130,38392,12,207702
44019,0.000254,172.31.36.0-255,66,38458,12,207702
44020,0.001873,74.125.24.0-255,1484,39942,12,207702
44021,0.001882,172.31.36.0-255,66,40008,12,207702
44022,0.001893,74.125.24.0-255,2902,42910,12,207702
44023,0.001895,172.31.36.0-255,66,42976,12,207702
44024,0.001908,74.125.24.0-255,5738,48714,12,207702
44025,0.001916,74.125.24.0-255,7156,55870,12,207702
44026,0.001949,74.125.24.0-255,2184,58054,12,207702
44027,0.006698,172.31.36.0-255,66,58120,12,207702
44028,0.008728,74.125.24.0-255,5738,63858,12,207702
44029,0.008736,172.31.36.0-255,66,63924,12,207702
44030,0.010736,74.125.24.0-255,5738,69662,12,207702
44031,0.010929,172.31.36.0-255,66,69728,12,207702
44032,0.012928,74.125.24.0-255,5738,75466,12,207702
44033,0.012935,172.31.36.0-255,66,75532,12,207702
44034,0.01494,74.125.24.0-255,5738,81270,12,207702
44035,0.014949,172.31.36.0-255,66,81336,12,207702
44036,0.017013,74.125.24.0-255,5738,87074,12,207702
44037,0.017021,172.31.36.0-255,66,87140,12,207702
44038,0.019043,74.125.24.0-255,4320,91460,12,207702
44039,0.019049,172.31.36.0-255,66,91526,12,207702
44040,0.019086,74.125.24.0-255,1484,93010,12,207702
44041,0.02109,74.125.24.0-255,4320,97330,12,207702
44042,0.021096,172.31.36.0-255,66,97396,12,207702
44043,0.023116,74.125.24.0-255,5738,103134,12,207702
44044,0.023165,172.31.36.0-255,66,103200,12,207702
44045,0.02517,74.125.24.0-255,5738,108938,12,207702
44046,0.025176,172.31.36.0-255,66,109004,12,207702
44047,0.027224,74.125.24.0-255,5738,114742,12,207702
44048,0.027231,172.31.36.0-255,66,114808,12,207702
44049,0.029246,74.125.24.0-255,5738,120546,12,207702
44050,0.029253,172.31.36.0-255,66,120612,12,207702
44051,0.030965,172.31.36.0-255,172,120784,12,207702
44052,0.031009,172.31.36.0-255,1078,121862,12,207702
44053,0.031302,74.125.24.0-255,5738,127600,12,207702
44054,0.031308,172.31.36.0-255,66,127666,12,207702
44055,0.032509,104.244.42.0-255,66,127732,12,207702
44056,0.032548,104.244.42.0-255,66,127798,12,207702
44057,0.033306,74.125.24.0-255,5738,133536,12,207702
44058,0.033313,172.31.36.0-255,66,133602,12,207702
44059,0.035355,74.125.24.0-255,5738,139340,12,207702
44060,0.035361,172.31.36.0-255,66,139406,12,207702
44061,0.037375,74.125.24.0-255,5738,145144,12,207702
44062,0.037381,172.31.36.0-255,66,145210,12,207702
44063,0.039437,74.125.24.0-255,5738,150948,12,207702
44064,0.039445,172.31.36.0-255,66,151014,12,207702
44065,0.041446,74.125.24.0-255,5738,156752,12,207702
44066,0.041451,172.31.36.0-255,66,156818,12,207702
44067,0.04346,74.125.24.0-255,5738,162556,12,207702
44068,0.043465,172.31.36.0-255,66,162622,12,207702
44069,0.045462,74.125.24.0-255,5738,168360,12,207702
44070,0.045467,172.31.36.0-255,66,168426,12,207702
44071,0.047493,74.125.24.0-255,5738,174164,12,207702
44072,0.0475,172.31.36.0-255,66,174230,12,207702
44073,0.049503,74.125.24.0-255,5738,179968,12,207702
44074,0.049508,172.31.36.0-255,66,180034,12,207702
44075,0.051514,74.125.24.0-255,5738,185772,12,207702
44076,0.05152,172.31.36.0-255,66,185838,12,207702
44077,0.053547,74.125.24.0-255,5738,191576,12,207702
44078,0.053555,172.31.36.0-255,66,191642,12,207702
44079,0.055547,74.125.24.0-255,4320,195962,12,207702
44080,0.055553,172.31.36.0-255,66,196028,12,207702
44081,0.055597,74.125.24.0-255,1484,197512,12,207702
44082,0.057593,74.125.24.0-255,4320,201832,12,207702
44083,0.057599,172.31.36.0-255,66,201898,12,207702
44084,0.059652,74.125.24.0-255,5738,207636,12,207702
44085,0.059708,172.31.36.0-255,66,207702,12,207702
44086,0.0,74.125.68.0-255,146,146,12,312338
44087,2.3e-05,172.31.36.0-255,66,212,12,312338
44088,3.1e-05,74.125.68.0-255,1484,1696,12,312338
44089,3.6e-05,172.31.36.0-255,66,1762,12,312338
44090,4.2e-05,74.125.68.0-255,2902,4664,12,312338
44091,4.6e-05,172.31.36.0-255,66,4730,12,312338
44092,5.3e-05,74.125.68.0-255,5738,10468,12,312338
44093,5.6e-05,172.31.36.0-255,66,10534,12,312338
44094,0.000102,74.125.68.0-255,3465,13999,12,312338
44095,0.000105,172.31.36.0-255,66,14065,12,312338
44096,0.000382,74.125.68.0-255,1484,15549,12,312338
44097,0.000389,172.31.36.0-255,66,15615,12,312338
44098,0.000393,74.125.68.0-255,1484,17099,12,312338
44099,0.000395,172.31.36.0-255,66,17165,12,312338
44100,0.00041,74.125.68.0-255,2902,20067,12,312338
44101,0.000415,172.31.36.0-255,66,20133,12,312338
44102,0.000431,74.125.68.0-255,5738,25871,12,312338
44103,0.000434,172.31.36.0-255,66,25937,12,312338
44104,0.000467,74.125.68.0-255,5379,31316,12,312338
44105,0.00047,172.31.36.0-255,66,31382,12,312338
44106,0.000717,74.125.68.0-255,1484,32866,12,312338
44107,0.000722,172.31.36.0-255,66,32932,12,312338
44108,0.000746,74.125.68.0-255,2902,35834,12,312338
44109,0.00075,172.31.36.0-255,66,35900,12,312338
44110,0.000777,74.125.68.0-255,1484,37384,12,312338
44111,0.00078,172.31.36.0-255,66,37450,12,312338
44112,0.000819,74.125.68.0-255,2902,40352,12,312338
44113,0.000822,172.31.36.0-255,66,40418,12,312338
44114,0.00086,74.125.68.0-255,4320,44738,12,312338
44115,0.000863,172.31.36.0-255,66,44804,12,312338
44116,0.000901,74.125.68.0-255,5379,50183,12,312338
44117,0.000904,172.31.36.0-255,66,50249,12,312338
44118,0.000925,74.125.68.0-255,1484,51733,12,312338
44119,0.00093,74.125.68.0-255,2902,54635,12,312338
44120,0.000937,172.31.36.0-255,66,54701,12,312338
44121,0.000955,74.125.68.0-255,5738,60439,12,312338
44122,0.000972,172.31.36.0-255,66,60505,12,312338
44123,0.000991,74.125.68.0-255,5691,66196,12,312338
44124,0.001008,74.125.68.0-255,111,66307,12,312338
44125,0.001036,172.31.36.0-255,66,66373,12,312338
44126,0.001125,74.125.68.0-255,1484,67857,12,312338
44127,0.00116,74.125.68.0-255,1484,69341,12,312338
44128,0.001164,172.31.36.0-255,66,69407,12,312338
44129,0.001192,74.125.68.0-255,1484,70891,12,312338
44130,0.001198,74.125.68.0-255,4320,75211,12,312338
44131,0.001221,172.31.36.0-255,66,75277,12,312338
44132,0.001232,74.125.68.0-255,4320,79597,12,312338
44133,0.001235,74.125.68.0-255,1484,81081,12,312338
44134,0.001248,74.125.68.0-255,4320,85401,12,312338
44135,0.001251,172.31.36.0-255,66,85467,12,312338
44136,0.001284,74.125.68.0-255,2902,88369,12,312338
44137,0.001289,172.31.36.0-255,66,88435,12,312338
44138,0.001304,74.125.68.0-255,4320,92755,12,312338
44139,0.00132,172.31.36.0-255,66,92821,12,312338
44140,0.001356,74.125.68.0-255,5738,98559,12,312338
44141,0.001375,74.125.68.0-255,2184,100743,12,312338
44142,0.001381,172.31.36.0-255,66,100809,12,312338
44143,0.001391,74.125.68.0-255,330,101139,12,312338
44144,0.001468,74.125.68.0-255,1484,102623,12,312338
44145,0.001475,172.31.36.0-255,66,102689,12,312338
44146,0.001484,74.125.68.0-255,1484,104173,12,312338
44147,0.001499,74.125.68.0-255,2902,107075,12,312338
44148,0.001517,74.125.68.0-255,4320,111395,12,312338
44149,0.001525,172.31.36.0-255,66,111461,12,312338
44150,0.001533,74.125.68.0-255,1484,112945,12,312338
44151,0.00154,74.125.68.0-255,5738,118683,12,312338
44152,0.001548,172.31.36.0-255,66,118749,12,312338
44153,0.001578,74.125.68.0-255,2902,121651,12,312338
44154,0.001587,172.31.36.0-255,66,121717,12,312338
44155,0.001599,74.125.68.0-255,4320,126037,12,312338
44156,0.00162,172.31.36.0-255,66,126103,12,312338
44157,0.00163,74.125.68.0-255,1484,127587,12,312338
44158,0.001681,172.31.36.0-255,66,127653,12,312338
44159,0.0017,74.125.68.0-255,1484,129137,12,312338
44160,0.001723,74.125.68.0-255,2902,132039,12,312338
44161,0.001738,74.125.68.0-255,1484,133523,12,312338
44162,0.001741,172.31.36.0-255,66,133589,12,312338
44163,0.001752,74.125.68.0-255,1484,135073,12,312338
44164,0.001773,74.125.68.0-255,4320,139393,12,312338
44165,0.001783,172.31.36.0-255,66,139459,12,312338
44166,0.001823,172.31.36.0-255,66,139525,12,312338
44167,0.001868,74.125.68.0-255,1484,141009,12,312338
44168,0.00191,172.31.36.0-255,66,141075,12,312338
44169,0.001957,74.125.68.0-255,3602,144677,12,312338
44170,0.001971,74.125.68.0-255,1484,146161,12,312338
44171,0.001989,74.125.68.0-255,2902,149063,12,312338
44172,0.001992,172.31.36.0-255,66,149129,12,312338
44173,0.001997,172.31.36.0-255,66,149195,12,312338
44174,0.002012,74.125.68.0-255,1484,150679,12,312338
44175,0.002048,172.31.36.0-255,66,150745,12,312338
44176,0.002096,74.125.68.0-255,5738,156483,12,312338
44177,0.002107,172.31.36.0-255,66,156549,12,312338
44178,0.002133,74.125.68.0-255,2902,159451,12,312338
44179,0.002167,172.31.36.0-255,66,159517,12,312338
44180,0.004261,74.125.68.0-255,5738,165255,12,312338
44181,0.00427,172.31.36.0-255,66,165321,12,312338
44182,0.006343,74.125.68.0-255,2902,168223,12,312338
44183,0.006359,74.125.68.0-255,2902,171125,12,312338
44184,0.008947,172.31.36.0-255,66,171191,12,312338
44185,0.011041,74.125.68.0-255,5738,176929,12,312338
44186,0.011049,172.31.36.0-255,66,176995,12,312338
44187,0.01315,74.125.68.0-255,5738,182733,12,312338
44188,0.013281,172.31.36.0-255,66,182799,12,312338
44189,0.015387,74.125.68.0-255,5738,188537,12,312338
44190,0.015398,172.31.36.0-255,66,188603,12,312338
44191,0.017486,74.125.68.0-255,5738,194341,12,312338
44192,0.017493,172.31.36.0-255,66,194407,12,312338
44193,0.019584,74.125.68.0-255,5738,200145,12,312338
44194,0.019592,172.31.36.0-255,66,200211,12,312338
44195,0.021717,74.125.68.0-255,5738,205949,12,312338
44196,0.021724,172.31.36.0-255,66,206015,12,312338
44197,0.023816,74.125.68.0-255,5738,211753,12,312338
44198,0.023824,172.31.36.0-255,66,211819,12,312338
44199,0.025916,74.125.68.0-255,5738,217557,12,312338
44200,0.025926,172.31.36.0-255,66,217623,12,312338
44201,0.028024,74.125.68.0-255,5738,223361,12,312338
44202,0.028033,172.31.36.0-255,66,223427,12,312338
44203,0.030122,74.125.68.0-255,5738,229165,12,312338
44204,0.03013,172.31.36.0-255,66,229231,12,312338
44205,0.031322,172.31.36.0-255,172,229403,12,312338
44206,0.031349,172.31.36.0-255,1106,230509,12,312338
44207,0.0314,172.31.36.0-255,1514,232023,12,312338
44208,0.031402,172.31.36.0-255,1301,233324,12,312338
44209,0.032225,74.125.68.0-255,5738,239062,12,312338
44210,0.032232,172.31.36.0-255,66,239128,12,312338
44211,0.032895,104.244.42.0-255,66,239194,12,312338
44212,0.032903,104.244.42.0-255,66,239260,12,312338
44213,0.03293,104.244.42.0-255,66,239326,12,312338
44214,0.034314,74.125.68.0-255,5738,245064,12,312338
44215,0.03432,172.31.36.0-255,66,245130,12,312338
44216,0.036417,74.125.68.0-255,5738,250868,12,312338
44217,0.036423,172.31.36.0-255,66,250934,12,312338
44218,0.03852,74.125.68.0-255,5738,256672,12,312338
44219,0.038526,172.31.36.0-255,66,256738,12,312338
44220,0.040626,74.125.68.0-255,5738,262476,12,312338
44221,0.040634,172.31.36.0-255,66,262542,12,312338
44222,0.042736,74.125.68.0-255,5738,268280,12,312338
44223,0.042742,172.31.36.0-255,66,268346,12,312338
44224,0.044837,74.125.68.0-255,5738,274084,12,312338
44225,0.044843,172.31.36.0-255,66,274150,12,312338
44226,0.046935,74.125.68.0-255,5738,279888,12,312338
44227,0.046941,172.31.36.0-255,66,279954,12,312338
44228,0.049038,74.125.68.0-255,5738,285692,12,312338
44229,0.049045,172.31.36.0-255,66,285758,12,312338
44230,0.051136,74.125.68.0-255,5738,291496,12,312338
44231,0.051148,172.31.36.0-255,66,291562,12,312338
44232,0.053222,74.125.68.0-255,2902,294464,12,312338
44233,0.053227,172.31.36.0-255,66,294530,12,312338
44234,0.053244,74.125.68.0-255,2902,297432,12,312338
44235,0.053268,172.31.36.0-255,66,297498,12,312338
44236,0.055301,74.125.68.0-255,2902,300400,12,312338
44237,0.055307,172.31.36.0-255,66,300466,12,312338
44238,0.055335,74.125.68.0-255,2902,303368,12,312338
44239,0.055367,172.31.36.0-255,66,303434,12,312338
44240,0.057401,74.125.68.0-255,2902,306336,12,312338
44241,0.057407,172.31.36.0-255,66,306402,12,312338
44242,0.057444,74.125.68.0-255,2902,309304,12,312338
44243,0.058022,172.31.36.0-255,66,309370,12,312338
44244,0.059493,74.125.68.0-255,2902,312272,12,312338
44245,0.0595,172.31.36.0-255,66,312338,12,312338
44246,0.0,74.125.24.0-255,153,153,12,303238
44247,1.6e-05,172.31.36.0-255,66,219,12,303238
44248,2.3e-05,74.125.24.0-255,1484,1703,12,303238
44249,2.8e-05,172.31.36.0-255,66,1769,12,303238
44250,4.1e-05,74.125.24.0-255,2902,4671,12,303238
44251,4.6e-05,172.31.36.0-255,66,4737,12,303238
44252,5.4e-05,74.125.24.0-255,7156,11893,12,303238
44253,5.7e-05,172.31.36.0-255,66,11959,12,303238
44254,6.2e-05,74.125.24.0-255,2092,14051,12,303238
44255,6.6e-05,172.31.36.0-255,66,14117,12,303238
44256,0.000127,74.125.24.0-255,1484,15601,12,303238
44257,0.00013,172.31.36.0-255,66,15667,12,303238
44258,0.000156,74.125.24.0-255,2902,18569,12,303238
44259,0.00016,172.31.36.0-255,66,18635,12,303238
44260,0.000166,74.125.24.0-255,5738,24373,12,303238
44261,0.000169,172.31.36.0-255,66,24439,12,303238
44262,0.000172,74.125.24.0-255,1484,25923,12,303238
44263,0.000174,172.31.36.0-255,66,25989,12,303238
44264,0.000212,74.125.24.0-255,4320,30309,12,303238
44265,0.000214,172.31.36.0-255,66,30375,12,303238
44266,0.000221,74.125.24.0-255,5738,36113,12,303238
44267,0.000223,172.31.36.0-255,66,36179,12,303238
44268,0.000258,172.31.36.0-255,66,36245,12,303238
44269,0.000264,74.125.24.0-255,3961,40206,12,303238
44270,0.000266,172.31.36.0-255,66,40272,12,303238
44271,0.000644,74.125.24.0-255,1484,41756,12,303238
44272,0.00065,74.125.24.0-255,2902,44658,12,303238
44273,0.000656,172.31.36.0-255,66,44724,12,303238
44274,0.00066,172.31.36.0-255,66,44790,12,303238
44275,0.000672,74.125.24.0-255,4320,49110,12,303238
44276,0.000675,172.31.36.0-255,66,49176,12,303238
44277,0.000698,74.125.24.0-255,1484,50660,12,303238
44278,0.00071,74.125.24.0-255,6797,57457,12,303238
44279,0.000739,74.125.24.0-255,2543,60000,12,303238
44280,0.000753,172.31.36.0-255,66,60066,12,303238
44281,0.001373,74.125.24.0-255,1484,61550,12,303238
44282,0.00138,74.125.24.0-255,1484,63034,12,303238
44283,0.001384,172.31.36.0-255,66,63100,12,303238
44284,0.001391,74.125.24.0-255,2902,66002,12,303238
44285,0.001418,74.125.24.0-255,5738,71740,12,303238
44286,0.001464,74.125.24.0-255,4320,76060,12,303238
44287,0.001481,74.125.24.0-255,7156,83216,12,303238
44288,0.001498,74.125.24.0-255,5738,88954,12,303238
44289,0.001518,74.125.24.0-255,4906,93860,12,303238
44290,0.001834,74.125.24.0-255,1484,95344,12,303238
44291,0.001856,74.125.24.0-255,1484,96828,12,303238
44292,0.001873,74.125.24.0-255,2902,99730,12,303238
44293,0.001878,74.125.24.0-255,2902,102632,12,303238
44294,0.001888,74.125.24.0-255,1484,104116,12,303238
44295,0.001899,74.125.24.0-255,1484,105600,12,303238
44296,0.001904,74.125.24.0-255,4320,109920,12,303238
44297,0.001929,74.125.24.0-255,5738,115658,12,303238
44298,0.001947,74.125.24.0-255,5738,121396,12,303238
44299,0.001954,74.125.24.0-255,6438,127834,12,303238
44300,0.002085,74.125.24.0-255,211,128045,12,303238
44301,0.002134,74.125.24.0-255,1484,129529,12,303238
44302,0.002155,74.125.24.0-255,4320,133849,12,303238
44303,0.002181,74.125.24.0-255,7156,141005,12,303238
44304,0.002214,74.125.24.0-255,5738,146743,12,303238
44305,0.002234,74.125.24.0-255,7156,153899,12,303238
44306,0.002248,74.125.24.0-255,1484,155383,12,303238
44307,0.002274,74.125.24.0-255,6438,161821,12,303238
44308,0.005338,172.31.36.0-255,66,161887,12,303238
44309,0.007618,74.125.24.0-255,5738,167625,12,303238
44310,0.007625,172.31.36.0-255,66,167691,12,303238
44311,0.009874,74.125.24.0-255,5738,173429,12,303238
44312,0.009882,172.31.36.0-255,66,173495,12,303238
44313,0.01214,74.125.24.0-255,5738,179233,12,303238
44314,0.012148,172.31.36.0-255,66,179299,12,303238
44315,0.014408,74.125.24.0-255,5738,185037,12,303238
44316,0.014416,172.31.36.0-255,66,185103,12,303238
44317,0.016666,74.125.24.0-255,5738,190841,12,303238
44318,0.016675,172.31.36.0-255,66,190907,12,303238
44319,0.018925,74.125.24.0-255,5738,196645,12,303238
44320,0.018934,172.31.36.0-255,66,196711,12,303238
44321,0.021193,74.125.24.0-255,5738,202449,12,303238
44322,0.021203,172.31.36.0-255,66,202515,12,303238
44323,0.023455,74.125.24.0-255,5738,208253,12,303238
44324,0.023464,172.31.36.0-255,66,208319,12,303238
44325,0.025722,74.125.24.0-255,5738,214057,12,303238
44326,0.02573,172.31.36.0-255,66,214123,12,303238
44327,0.028011,74.125.24.0-255,5738,219861,12,303238
44328,0.02802,172.31.36.0-255,66,219927,12,303238
44329,0.030294,74.125.24.0-255,5738,225665,12,303238
44330,0.030302,172.31.36.0-255,66,225731,12,303238
44331,0.032557,74.125.24.0-255,5738,231469,12,303238
44332,0.032566,172.31.36.0-255,66,231535,12,303238
44333,0.034834,74.125.24.0-255,5738,237273,12,303238
44334,0.034843,172.31.36.0-255,66,237339,12,303238
44335,0.037127,74.125.24.0-255,5738,243077,12,303238
44336,0.037136,172.31.36.0-255,66,243143,12,303238
44337,0.039394,74.125.24.0-255,5738,248881,12,303238
44338,0.039403,172.31.36.0-255,66,248947,12,303238
44339,0.039586,172.31.36.0-255,172,249119,12,303238
44340,0.039614,172.31.36.0-255,1109,250228,12,303238
44341,0.039663,172.31.36.0-255,576,250804,12,303238
44342,0.041124,104.244.42.0-255,66,250870,12,303238
44343,0.041163,104.244.42.0-255,66,250936,12,303238
44344,0.041229,104.244.42.0-255,66,251002,12,303238
44345,0.041698,74.125.24.0-255,5738,256740,12,303238
44346,0.041705,172.31.36.0-255,66,256806,12,303238
44347,0.043941,74.125.24.0-255,5738,262544,12,303238
44348,0.043948,172.31.36.0-255,66,262610,12,303238
44349,0.046221,74.125.24.0-255,5738,268348,12,303238
44350,0.046228,172.31.36.0-255,66,268414,12,303238
44351,0.048488,74.125.24.0-255,5738,274152,12,303238
44352,0.048495,172.31.36.0-255,66,274218,12,303238
44353,0.050779,74.125.24.0-255,5738,279956,12,303238
44354,0.050786,172.31.36.0-255,66,280022,12,303238
44355,0.053064,74.125.24.0-255,5738,285760,12,303238
44356,0.053071,172.31.36.0-255,66,285826,12,303238
44357,0.05533,74.125.24.0-255,5738,291564,12,303238
44358,0.055338,172.31.36.0-255,66,291630,12,303238
44359,0.057605,74.125.24.0-255,5738,297368,12,303238
44360,0.057611,172.31.36.0-255,66,297434,12,303238
44361,0.05987,74.125.24.0-255,5738,303172,12,303238
44362,0.059878,172.31.36.0-255,66,303238,12,303238
44363,0.0,74.125.200.0-255,152,152,12,281318
44364,2.2e-05,172.31.36.0-255,66,218,12,281318
44365,5.5e-05,74.125.200.0-255,1484,1702,12,281318
44366,5.9e-05,172.31.36.0-255,66,1768,12,281318
44367,8.4e-05,74.125.200.0-255,2902,4670,12,281318
44368,8.7e-05,172.31.36.0-255,66,4736,12,281318
44369,8.9e-05,74.125.200.0-255,1484,6220,12,281318
44370,9.2e-05,172.31.36.0-255,66,6286,12,281318
44371,0.000124,74.125.200.0-255,2902,9188,12,281318
44372,0.000127,172.31.36.0-255,66,9254,12,281318
44373,0.00013,74.125.200.0-255,1484,10738,12,281318
44374,0.000131,172.31.36.0-255,66,10804,12,281318
44375,0.000164,74.125.200.0-255,2902,13706,12,281318
44376,0.000167,172.31.36.0-255,66,13772,12,281318
44377,0.000201,74.125.200.0-255,2058,15830,12,281318
44378,0.000204,172.31.36.0-255,66,15896,12,281318
44379,0.000233,74.125.200.0-255,2902,18798,12,281318
44380,0.000235,172.31.36.0-255,66,18864,12,281318
44381,0.000238,74.125.200.0-255,1484,20348,12,281318
44382,0.00024,172.31.36.0-255,66,20414,12,281318
44383,0.000271,74.125.200.0-255,2902,23316,12,281318
44384,0.000274,172.31.36.0-255,66,23382,12,281318
44385,0.00028,74.125.200.0-255,5738,29120,12,281318
44386,0.000283,172.31.36.0-255,66,29186,12,281318
44387,0.000286,74.125.200.0-255,1484,30670,12,281318
44388,0.000288,172.31.36.0-255,66,30736,12,281318
44389,0.000347,74.125.200.0-255,1125,31861,12,281318
44390,0.00035,172.31.36.0-255,66,31927,12,281318
44391,0.000602,74.125.200.0-255,1484,33411,12,281318
44392,0.000608,172.31.36.0-255,66,33477,12,281318
44393,0.000633,74.125.200.0-255,2902,36379,12,281318
44394,0.000638,172.31.36.0-255,66,36445,12,281318
44395,0.00064,74.125.200.0-255,1484,37929,12,281318
44396,0.000645,74.125.200.0-255,1484,39413,12,281318
44397,0.000668,74.125.200.0-255,1484,40897,12,281318
44398,0.000674,74.125.200.0-255,5738,46635,12,281318
44399,0.000681,172.31.36.0-255,66,46701,12,281318
44400,0.000706,74.125.200.0-255,5379,52080,12,281318
44401,0.000723,172.31.36.0-255,66,52146,12,281318
44402,0.000741,74.125.200.0-255,1484,53630,12,281318
44403,0.000773,74.125.200.0-255,2902,56532,12,281318
44404,0.000784,74.125.200.0-255,2902,59434,12,281318
44405,0.000799,74.125.200.0-255,2902,62336,12,281318
44406,0.000806,172.31.36.0-255,66,62402,12,281318
44407,0.00084,74.125.200.0-255,2902,65304,12,281318
44408,0.000844,172.31.36.0-255,66,65370,12,281318
44409,0.000869,74.125.200.0-255,1395,66765,12,281318
44410,0.000901,74.125.200.0-255,133,66898,12,281318
44411,0.001093,74.125.200.0-255,1484,68382,12,281318
44412,0.001098,172.31.36.0-255,66,68448,12,281318
44413,0.001144,74.125.200.0-255,2902,71350,12,281318
44414,0.001151,172.31.36.0-255,66,71416,12,281318
44415,0.001161,74.125.200.0-255,1484,72900,12,281318
44416,0.00118,74.125.200.0-255,2902,75802,12,281318
44417,0.001204,74.125.200.0-255,2902,78704,12,281318
44418,0.001228,172.31.36.0-255,66,78770,12,281318
44419,0.001259,74.125.200.0-255,4320,83090,12,281318
44420,0.001271,172.31.36.0-255,66,83156,12,281318
44421,0.001303,74.125.200.0-255,5738,88894,12,281318
44422,0.001318,172.31.36.0-255,66,88960,12,281318
44423,0.001358,74.125.200.0-255,1484,90444,12,281318
44424,0.001406,74.125.200.0-255,1484,91928,12,281318
44425,0.001413,172.31.36.0-255,66,91994,12,281318
44426,0.001433,74.125.200.0-255,2902,94896,12,281318
44427,0.001454,172.31.36.0-255,66,94962,12,281318
44428,0.001477,74.125.200.0-255,1484,96446,12,281318
44429,0.001504,74.125.200.0-255,1484,97930,12,281318
44430,0.00151,74.125.200.0-255,2902,100832,12,281318
44431,0.001539,74.125.200.0-255,766,101598,12,281318
44432,0.001544,172.31.36.0-255,66,101664,12,281318
44433,0.001803,172.31.36.0-255,66,101730,12,281318
44434,0.001836,74.125.200.0-255,348,102078,12,281318
44435,0.001877,74.125.200.0-255,1484,103562,12,281318
44436,0.00188,172.31.36.0-255,66,103628,12,281318
44437,0.001884,74.125.200.0-255,1484,105112,12,281318
44438,0.00191,74.125.200.0-255,2902,108014,12,281318
44439,0.001913,172.31.36.0-255,66,108080,12,281318
44440,0.001916,74.125.200.0-255,1484,109564,12,281318
44441,0.001938,74.125.200.0-255,2902,112466,12,281318
44442,0.00194,172.31.36.0-255,66,112532,12,281318
44443,0.001969,74.125.200.0-255,1484,114016,12,281318
44444,0.001973,74.125.200.0-255,1484,115500,12,281318
44445,0.001975,172.31.36.0-255,66,115566,12,281318
44446,0.001995,74.125.200.0-255,1484,117050,12,281318
44447,0.002002,74.125.200.0-255,5738,122788,12,281318
44448,0.002005,172.31.36.0-255,66,122854,12,281318
44449,0.002009,74.125.200.0-255,2902,125756,12,281318
44450,0.002029,74.125.200.0-255,1484,127240,12,281318
44451,0.002035,74.125.200.0-255,5738,132978,12,281318
44452,0.002041,172.31.36.0-255,66,133044,12,281318
44453,0.002075,74.125.200.0-255,3602,136646,12,281318
44454,0.002097,172.31.36.0-255,66,136712,12,281318
44455,0.004361,74.125.200.0-255,1484,138196,12,281318
44456,0.004404,74.125.200.0-255,1484,139680,12,281318
44457,0.004409,172.31.36.0-255,66,139746,12,281318
44458,0.004425,74.125.200.0-255,2902,142648,12,281318
44459,0.004433,172.31.36.0-255,66,142714,12,281318
44460,0.006725,74.125.200.0-255,2902,145616,12,281318
44461,0.006728,172.31.36.0-255,66,145682,12,281318
44462,0.006751,74.125.200.0-255,2902,148584,12,281318
44463,0.006754,172.31.36.0-255,66,148650,12,281318
44464,0.009057,74.125.200.0-255,2902,151552,12,281318
44465,0.009064,172.31.36.0-255,66,151618,12,281318
44466,0.0091,74.125.200.0-255,2902,154520,12,281318
44467,0.009104,172.31.36.0-255,66,154586,12,281318
44468,0.011378,74.125.200.0-255,2902,157488,12,281318
44469,0.011385,172.31.36.0-255,66,157554,12,281318
44470,0.011415,74.125.200.0-255,2902,160456,12,281318
44471,0.011418,172.31.36.0-255,66,160522,12,281318
44472,0.013711,74.125.200.0-255,2902,163424,12,281318
44473,0.013724,172.31.36.0-255,66,163490,12,281318
44474,0.01376,74.125.200.0-255,2902,166392,12,281318
44475,0.013764,172.31.36.0-255,66,166458,12,281318
44476,0.016039,74.125.200.0-255,2902,169360,12,281318
44477,0.016047,172.31.36.0-255,66,169426,12,281318
44478,0.016076,74.125.200.0-255,2902,172328,12,281318
44479,0.016079,172.31.36.0-255,66,172394,12,281318
44480,0.018377,74.125.200.0-255,2902,175296,12,281318
44481,0.018388,172.31.36.0-255,66,175362,12,281318
44482,0.018417,74.125.200.0-255,2902,178264,12,281318
44483,0.018419,172.31.36.0-255,66,178330,12,281318
44484,0.020707,74.125.200.0-255,2902,181232,12,281318
44485,0.020712,172.31.36.0-255,66,181298,12,281318
44486,0.020738,74.125.200.0-255,2902,184200,12,281318
44487,0.02074,172.31.36.0-255,66,184266,12,281318
44488,0.023014,74.125.200.0-255,2902,187168,12,281318
44489,0.023019,172.31.36.0-255,66,187234,12,281318
44490,0.023043,74.125.200.0-255,2902,190136,12,281318
44491,0.023045,172.31.36.0-255,66,190202,12,281318
44492,0.025331,74.125.200.0-255,2902,193104,12,281318
44493,0.025338,172.31.36.0-255,66,193170,12,281318
44494,0.025363,74.125.200.0-255,2902,196072,12,281318
44495,0.025365,172.31.36.0-255,66,196138,12,281318
44496,0.027648,74.125.200.0-255,2902,199040,12,281318
44497,0.027651,172.31.36.0-255,66,199106,12,281318
44498,0.027679,74.125.200.0-255,2902,202008,12,281318
44499,0.027682,172.31.36.0-255,66,202074,12,281318
44500,0.029986,74.125.200.0-255,2902,204976,12,281318
44501,0.029994,172.31.36.0-255,66,205042,12,281318
44502,0.030031,74.125.200.0-255,2902,207944,12,281318
44503,0.030034,172.31.36.0-255,66,208010,12,281318
44504,0.032304,74.125.200.0-255,2902,210912,12,281318
44505,0.032311,172.31.36.0-255,66,210978,12,281318
44506,0.032356,74.125.200.0-255,2902,213880,12,281318
44507,0.03236,172.31.36.0-255,66,213946,12,281318
44508,0.032447,172.31.36.0-255,167,214113,12,281318
44509,0.032485,172.31.36.0-255,1109,215222,12,281318
44510,0.03256,172.31.36.0-255,1514,216736,12,281318
44511,0.032562,172.31.36.0-255,1298,218034,12,281318
44512,0.034009,104.244.42.0-255,66,218100,12,281318
44513,0.03407,104.244.42.0-255,66,218166,12,281318
44514,0.034122,104.244.42.0-255,66,218232,12,281318
44515,0.034619,74.125.200.0-255,2902,221134,12,281318
44516,0.034622,172.31.36.0-255,66,221200,12,281318
44517,0.034668,74.125.200.0-255,2902,224102,12,281318
44518,0.034671,172.31.36.0-255,66,224168,12,281318
44519,0.036957,74.125.200.0-255,2902,227070,12,281318
44520,0.036961,172.31.36.0-255,66,227136,12,281318
44521,0.036997,74.125.200.0-255,2902,230038,12,281318
44522,0.037,172.31.36.0-255,66,230104,12,281318
44523,0.039288,74.125.200.0-255,2902,233006,12,281318
44524,0.039293,172.31.36.0-255,66,233072,12,281318
44525,0.039332,74.125.200.0-255,2902,235974,12,281318
44526,0.039337,172.31.36.0-255,66,236040,12,281318
44527,0.041601,74.125.200.0-255,2902,238942,12,281318
44528,0.041606,172.31.36.0-255,66,239008,12,281318
44529,0.041647,74.125.200.0-255,2902,241910,12,281318
44530,0.04165,172.31.36.0-255,66,241976,12,281318
44531,0.043919,74.125.200.0-255,1484,243460,12,281318
44532,0.043946,74.125.200.0-255,2902,246362,12,281318
44533,0.04395,172.31.36.0-255,66,246428,12,281318
44534,0.043972,74.125.200.0-255,1484,247912,12,281318
44535,0.046262,74.125.200.0-255,4320,252232,12,281318
44536,0.046268,172.31.36.0-255,66,252298,12,281318
44537,0.048587,74.125.200.0-255,5738,258036,12,281318
44538,0.048593,172.31.36.0-255,66,258102,12,281318
44539,0.050923,74.125.200.0-255,5738,263840,12,281318
44540,0.050929,172.31.36.0-255,66,263906,12,281318
44541,0.053248,74.125.200.0-255,5738,269644,12,281318
44542,0.053255,172.31.36.0-255,66,269710,12,281318
44543,0.055617,74.125.200.0-255,5738,275448,12,281318
44544,0.055624,172.31.36.0-255,66,275514,12,281318
44545,0.057938,74.125.200.0-255,5738,281252,12,281318
44546,0.057945,172.31.36.0-255,66,281318,12,281318
44547,0.0,172.217.194.0-255,147,147,12,226661
44548,3.6e-05,172.31.36.0-255,66,213,12,226661
44549,4.4e-05,172.217.194.0-255,1484,1697,12,226661
44550,4.9e-05,172.31.36.0-255,66,1763,12,226661
44551,6.1e-05,172.217.194.0-255,2902,4665,12,226661
44552,6.4e-05,172.31.36.0-255,66,4731,12,226661
44553,7.2e-05,172.217.194.0-255,7156,11887,12,226661
44554,7.5e-05,172.31.36.0-255,66,11953,12,226661
44555,8e-05,172.217.194.0-255,2902,14855,12,226661
44556,8.3e-05,172.31.36.0-255,66,14921,12,226661
44557,0.000113,172.217.194.0-255,3483,18404,12,226661
44558,0.000117,172.31.36.0-255,66,18470,12,226661
44559,0.000156,172.31.36.0-255,66,18536,12,226661
44560,0.000168,172.217.194.0-255,1484,20020,12,226661
44561,0.000174,172.31.36.0-255,66,20086,12,226661
44562,0.00018,172.217.194.0-255,2902,22988,12,226661
44563,0.000182,172.31.36.0-255,66,23054,12,226661
44564,0.000188,172.217.194.0-255,1484,24538,12,226661
44565,0.00019,172.31.36.0-255,66,24604,12,226661
44566,0.000226,172.217.194.0-255,4320,28924,12,226661
44567,0.000229,172.31.36.0-255,66,28990,12,226661
44568,0.00024,172.31.36.0-255,66,29056,12,226661
44569,0.000264,172.217.194.0-255,3961,33017,12,226661
44570,0.000267,172.31.36.0-255,66,33083,12,226661
44571,0.000274,172.217.194.0-255,7156,40239,12,226661
44572,0.000276,172.31.36.0-255,66,40305,12,226661
44573,0.0003,172.217.194.0-255,2830,43135,12,226661
44574,0.000303,172.31.36.0-255,66,43201,12,226661
44575,0.000306,172.217.194.0-255,367,43568,12,226661
44576,0.000308,172.31.36.0-255,66,43634,12,226661
44577,0.000564,172.217.194.0-255,1484,45118,12,226661
44578,0.000571,172.217.194.0-255,2902,48020,12,226661
44579,0.000575,172.31.36.0-255,66,48086,12,226661
44580,0.000588,172.217.194.0-255,1484,49570,12,226661
44581,0.000612,172.217.194.0-255,4320,53890,12,226661
44582,0.000615,172.31.36.0-255,66,53956,12,226661
44583,0.000653,172.217.194.0-255,4320,58276,12,226661
44584,0.000657,172.31.36.0-255,66,58342,12,226661
44585,0.000685,172.217.194.0-255,2902,61244,12,226661
44586,0.000688,172.31.36.0-255,66,61310,12,226661
44587,0.000707,172.31.36.0-255,66,61376,12,226661
44588,0.000712,172.217.194.0-255,2184,63560,12,226661
44589,0.000714,172.31.36.0-255,66,63626,12,226661
44590,0.000995,172.217.194.0-255,1484,65110,12,226661
44591,0.001001,172.217.194.0-255,1484,66594,12,226661
44592,0.001004,172.31.36.0-255,66,66660,12,226661
44593,0.001025,172.217.194.0-255,1484,68144,12,226661
44594,0.001031,172.217.194.0-255,4320,72464,12,226661
44595,0.001033,172.31.36.0-255,66,72530,12,226661
44596,0.001058,172.217.194.0-255,1484,74014,12,226661
44597,0.001078,172.217.194.0-255,5738,79752,12,226661
44598,0.001082,172.31.36.0-255,66,79818,12,226661
44599,0.00111,172.217.194.0-255,7156,86974,12,226661
44600,0.001113,172.31.36.0-255,66,87040,12,226661
44601,0.001121,172.217.194.0-255,7156,94196,12,226661
44602,0.001123,172.31.36.0-255,66,94262,12,226661
44603,0.001169,172.217.194.0-255,1484,95746,12,226661
44604,0.001185,172.217.194.0-255,5020,100766,12,226661
44605,0.001188,172.31.36.0-255,66,100832,12,226661
44606,0.001216,172.217.194.0-255,7156,107988,12,226661
44607,0.001219,172.31.36.0-255,66,108054,12,226661
44608,0.001222,172.217.194.0-255,1484,109538,12,226661
44609,0.001252,172.31.36.0-255,66,109604,12,226661
44610,0.001279,172.217.194.0-255,5738,115342,12,226661
44611,0.001283,172.31.36.0-255,66,115408,12,226661
44612,0.001298,172.31.36.0-255,66,115474,12,226661
44613,0.001472,172.217.194.0-255,1484,116958,12,226661
44614,0.00149,172.217.194.0-255,2902,119860,12,226661
44615,0.001493,172.31.36.0-255,66,119926,12,226661
44616,0.001498,172.217.194.0-255,2902,122828,12,226661
44617,0.0015,172.31.36.0-255,66,122894,12,226661
44618,0.001527,172.217.194.0-255,2902,125796,12,226661
44619,0.00153,172.31.36.0-255,66,125862,12,226661
44620,0.001544,172.31.36.0-255,66,125928,12,226661
44621,0.001551,172.217.194.0-255,7156,133084,12,226661
44622,0.001554,172.31.36.0-255,66,133150,12,226661
44623,0.001583,172.217.194.0-255,3602,136752,12,226661
44624,0.001587,172.31.36.0-255,66,136818,12,226661
44625,0.001615,172.217.194.0-255,1484,138302,12,226661
44626,0.00162,172.217.194.0-255,2902,141204,12,226661
44627,0.001622,172.31.36.0-255,66,141270,12,226661
44628,0.001629,172.217.194.0-255,5738,147008,12,226661
44629,0.001631,172.31.36.0-255,66,147074,12,226661
44630,0.001648,172.31.36.0-255,66,147140,12,226661
44631,0.001663,172.31.36.0-255,66,147206,12,226661
44632,0.00169,172.217.194.0-255,1484,148690,12,226661
44633,0.001695,172.217.194.0-255,2184,150874,12,226661
44634,0.001697,172.31.36.0-255,66,150940,12,226661
44635,0.001877,172.217.194.0-255,1484,152424,12,226661
44636,0.001895,172.217.194.0-255,2902,155326,12,226661
44637,0.001899,172.31.36.0-255,66,155392,12,226661
44638,0.001906,172.217.194.0-255,5738,161130,12,226661
44639,0.001908,172.31.36.0-255,66,161196,12,226661
44640,0.001921,172.217.194.0-255,5738,166934,12,226661
44641,0.001924,172.31.36.0-255,66,167000,12,226661
44642,0.001968,172.31.36.0-255,66,167066,12,226661
44643,0.001975,172.217.194.0-255,5020,172086,12,226661
44644,0.001981,172.217.194.0-255,5738,177824,12,226661
44645,0.001981,172.31.36.0-255,66,177890,12,226661
44646,0.001984,172.31.36.0-255,66,177956,12,226661
44647,0.002063,172.31.36.0-255,66,178022,12,226661
44648,0.002077,172.31.36.0-255,66,178088,12,226661
44649,0.002088,172.31.36.0-255,66,178154,12,226661
44650,0.002128,172.31.36.0-255,66,178220,12,226661
44651,0.002141,172.31.36.0-255,66,178286,12,226661
44652,0.002187,172.31.36.0-255,66,178352,12,226661
44653,0.002228,172.31.36.0-255,66,178418,12,226661
44654,0.004321,172.217.194.0-255,5738,184156,12,226661
44655,0.004327,172.31.36.0-255,66,184222,12,226661
44656,0.006378,172.217.194.0-255,4320,188542,12,226661
44657,0.006382,172.31.36.0-255,66,188608,12,226661
44658,0.006398,172.217.194.0-255,1484,190092,12,226661
44659,0.008492,172.217.194.0-255,4320,194412,12,226661
44660,0.008495,172.31.36.0-255,66,194478,12,226661
44661,0.01057,172.217.194.0-255,5738,200216,12,226661
44662,0.010579,172.31.36.0-255,66,200282,12,226661
44663,0.012642,172.217.194.0-255,5738,206020,12,226661
44664,0.012654,172.31.36.0-255,66,206086,12,226661
44665,0.014759,172.217.194.0-255,5738,211824,12,226661
44666,0.014766,172.31.36.0-255,66,211890,12,226661
44667,0.016853,172.217.194.0-255,5738,217628,12,226661
44668,0.016862,172.31.36.0-255,66,217694,12,226661
44669,0.018981,172.217.194.0-255,4257,221951,12,226661
44670,0.01899,172.31.36.0-255,66,222017,12,226661
44671,0.019233,172.31.36.0-255,105,222122,12,226661
44672,0.021283,172.217.194.0-255,66,222188,12,226661
44673,0.044563,172.31.36.0-255,172,222360,12,226661
44674,0.044591,172.31.36.0-255,1108,223468,12,226661
44675,0.044654,172.31.36.0-255,1514,224982,12,226661
44676,0.044676,172.31.36.0-255,1415,226397,12,226661
44677,0.046127,104.244.42.0-255,66,226463,12,226661
44678,0.046178,104.244.42.0-255,66,226529,12,226661
44679,0.046227,104.244.42.0-255,66,226595,12,226661
44680,0.046284,104.244.42.0-255,66,226661,12,226661
44681,0.0,172.31.36.0-255,105,105,12,105
44682,0.0,172.253.118.0-255,331,331,12,244949
44683,1.8e-05,172.31.36.0-255,66,397,12,244949
44684,2.3e-05,172.253.118.0-255,1484,1881,12,244949
44685,2.8e-05,172.31.36.0-255,66,1947,12,244949
44686,3.7e-05,172.253.118.0-255,4320,6267,12,244949
44687,4e-05,172.31.36.0-255,66,6333,12,244949
44688,4.4e-05,172.253.118.0-255,1484,7817,12,244949
44689,4.6e-05,172.31.36.0-255,66,7883,12,244949
44690,7.7e-05,172.253.118.0-255,6248,14131,12,244949
44691,8e-05,172.31.36.0-255,66,14197,12,244949
44692,0.000111,172.253.118.0-255,1484,15681,12,244949
44693,0.000113,172.31.36.0-255,66,15747,12,244949
44694,0.000119,172.253.118.0-255,2902,18649,12,244949
44695,0.000121,172.31.36.0-255,66,18715,12,244949
44696,0.000124,172.253.118.0-255,1484,20199,12,244949
44697,0.000126,172.31.36.0-255,66,20265,12,244949
44698,0.000151,172.253.118.0-255,4320,24585,12,244949
44699,0.000154,172.31.36.0-255,66,24651,12,244949
44700,0.00016,172.253.118.0-255,4320,28971,12,244949
44701,0.000162,172.31.36.0-255,66,29037,12,244949
44702,0.000194,172.253.118.0-255,2543,31580,12,244949
44703,0.000197,172.31.36.0-255,66,31646,12,244949
44704,0.000233,172.253.118.0-255,2902,34548,12,244949
44705,0.000236,172.31.36.0-255,66,34614,12,244949
44706,0.000259,172.253.118.0-255,5738,40352,12,244949
44707,0.000262,172.31.36.0-255,66,40418,12,244949
44708,0.000297,172.253.118.0-255,5738,46156,12,244949
44709,0.0003,172.31.36.0-255,66,46222,12,244949
44710,0.000317,172.253.118.0-255,2543,48765,12,244949
44711,0.00032,172.31.36.0-255,66,48831,12,244949
44712,0.001381,172.253.118.0-255,1484,50315,12,244949
44713,0.001388,172.31.36.0-255,66,50381,12,244949
44714,0.001398,172.253.118.0-255,2902,53283,12,244949
44715,0.001401,172.31.36.0-255,66,53349,12,244949
44716,0.001407,172.253.118.0-255,2902,56251,12,244949
44717,0.001409,172.31.36.0-255,66,56317,12,244949
44718,0.001427,172.253.118.0-255,2902,59219,12,244949
44719,0.001429,172.31.36.0-255,66,59285,12,244949
44720,0.001438,172.253.118.0-255,6797,66082,12,244949
44721,0.00144,172.31.36.0-255,66,66148,12,244949
44722,0.001458,172.253.118.0-255,1484,67632,12,244949
44723,0.00148,172.31.36.0-255,66,67698,12,244949
44724,0.001501,172.253.118.0-255,2902,70600,12,244949
44725,0.001503,172.31.36.0-255,66,70666,12,244949
44726,0.001509,172.253.118.0-255,3123,73789,12,244949
44727,0.001511,172.31.36.0-255,66,73855,12,244949
44728,0.001537,172.253.118.0-255,1484,75339,12,244949
44729,0.001562,172.253.118.0-255,2902,78241,12,244949
44730,0.001565,172.31.36.0-255,66,78307,12,244949
44731,0.001569,172.253.118.0-255,1484,79791,12,244949
44732,0.001591,172.253.118.0-255,4320,84111,12,244949
44733,0.001593,172.31.36.0-255,66,84177,12,244949
44734,0.001601,172.253.118.0-255,6797,90974,12,244949
44735,0.001603,172.31.36.0-255,66,91040,12,244949
44736,0.002365,172.253.118.0-255,1484,92524,12,244949
44737,0.002373,172.253.118.0-255,2902,95426,12,244949
44738,0.002378,172.31.36.0-255,66,95492,12,244949
44739,0.002386,172.253.118.0-255,5738,101230,12,244949
44740,0.002389,172.31.36.0-255,66,101296,12,244949
44741,0.002392,172.253.118.0-255,1484,102780,12,244949
44742,0.00474,172.253.118.0-255,4320,107100,12,244949
44743,0.004745,172.31.36.0-255,66,107166,12,244949
44744,0.007094,172.253.118.0-255,5738,112904,12,244949
44745,0.007101,172.31.36.0-255,66,112970,12,244949
44746,0.009457,172.253.118.0-255,5738,118708,12,244949
44747,0.009466,172.31.36.0-255,66,118774,12,244949
44748,0.011832,172.253.118.0-255,5738,124512,12,244949
44749,0.011839,172.31.36.0-255,66,124578,12,244949
44750,0.014186,172.253.118.0-255,5738,130316,12,244949
44751,0.014193,172.31.36.0-255,66,130382,12,244949
44752,0.016552,172.253.118.0-255,5738,136120,12,244949
44753,0.016561,172.31.36.0-255,66,136186,12,244949
44754,0.018922,172.253.118.0-255,5738,141924,12,244949
44755,0.01893,172.31.36.0-255,66,141990,12,244949
44756,0.021313,172.253.118.0-255,5738,147728,12,244949
44757,0.021321,172.31.36.0-255,66,147794,12,244949
44758,0.023669,172.253.118.0-255,5738,153532,12,244949
44759,0.023676,172.31.36.0-255,66,153598,12,244949
44760,0.026015,172.253.118.0-255,5738,159336,12,244949
44761,0.026023,172.31.36.0-255,66,159402,12,244949
44762,0.028388,172.253.118.0-255,5738,165140,12,244949
44763,0.028396,172.31.36.0-255,66,165206,12,244949
44764,0.030736,172.253.118.0-255,5738,170944,12,244949
44765,0.030743,172.31.36.0-255,66,171010,12,244949
44766,0.032384,172.31.36.0-255,172,171182,12,244949
44767,0.032418,172.31.36.0-255,1110,172292,12,244949
44768,0.032477,172.31.36.0-255,1514,173806,12,244949
44769,0.032479,172.31.36.0-255,1297,175103,12,244949
44770,0.033105,172.253.118.0-255,5738,180841,12,244949
44771,0.033112,172.31.36.0-255,66,180907,12,244949
44772,0.033922,104.244.42.0-255,66,180973,12,244949
44773,0.033942,104.244.42.0-255,66,181039,12,244949
44774,0.034049,104.244.42.0-255,66,181105,12,244949
44775,0.035469,172.253.118.0-255,5738,186843,12,244949
44776,0.035479,172.31.36.0-255,66,186909,12,244949
44777,0.037839,172.253.118.0-255,5738,192647,12,244949
44778,0.037847,172.31.36.0-255,66,192713,12,244949
44779,0.040269,172.253.118.0-255,5738,198451,12,244949
44780,0.040279,172.31.36.0-255,66,198517,12,244949
44781,0.042651,172.253.118.0-255,5738,204255,12,244949
44782,0.042658,172.31.36.0-255,66,204321,12,244949
44783,0.045016,172.253.118.0-255,5738,210059,12,244949
44784,0.045022,172.31.36.0-255,66,210125,12,244949
44785,0.047366,172.253.118.0-255,5738,215863,12,244949
44786,0.047373,172.31.36.0-255,66,215929,12,244949
44787,0.049721,172.253.118.0-255,5738,221667,12,244949
44788,0.049727,172.31.36.0-255,66,221733,12,244949
44789,0.052098,172.253.118.0-255,5738,227471,12,244949
44790,0.052106,172.31.36.0-255,66,227537,12,244949
44791,0.054452,172.253.118.0-255,5738,233275,12,244949
44792,0.054459,172.31.36.0-255,66,233341,12,244949
44793,0.056828,172.253.118.0-255,5738,239079,12,244949
44794,0.056835,172.31.36.0-255,66,239145,12,244949
44795,0.059219,172.253.118.0-255,5738,244883,12,244949
44796,0.059224,172.31.36.0-255,66,244949,12,244949
44797,0.0,172.217.194.0-255,153,153,12,293663
44798,3.8e-05,172.31.36.0-255,66,219,12,293663
44799,4.5e-05,172.217.194.0-255,1484,1703,12,293663
44800,5e-05,172.31.36.0-255,66,1769,12,293663
44801,5.5e-05,172.217.194.0-255,2902,4671,12,293663
44802,6.6e-05,172.31.36.0-255,66,4737,12,293663
44803,7.3e-05,172.217.194.0-255,7156,11893,12,293663
44804,7.6e-05,172.31.36.0-255,66,11959,12,293663
44805,8.1e-05,172.217.194.0-255,2040,13999,12,293663
44806,8.3e-05,172.31.36.0-255,66,14065,12,293663
44807,0.000218,172.217.194.0-255,1484,15549,12,293663
44808,0.000223,172.31.36.0-255,66,15615,12,293663
44809,0.00023,172.217.194.0-255,2902,18517,12,293663
44810,0.000232,172.31.36.0-255,66,18583,12,293663
44811,0.000247,172.217.194.0-255,5738,24321,12,293663
44812,0.000249,172.31.36.0-255,66,24387,12,293663
44813,0.000307,172.217.194.0-255,6797,31184,12,293663
44814,0.000311,172.31.36.0-255,66,31250,12,293663
44815,0.000364,172.217.194.0-255,1484,32734,12,293663
44816,0.000368,172.31.36.0-255,66,32800,12,293663
44817,0.000373,172.217.194.0-255,2902,35702,12,293663
44818,0.000376,172.31.36.0-255,66,35768,12,293663
44819,0.000405,172.217.194.0-255,5738,41506,12,293663
44820,0.000409,172.31.36.0-255,66,41572,12,293663
44821,0.000432,172.217.194.0-255,4320,45892,12,293663
44822,0.000438,172.31.36.0-255,66,45958,12,293663
44823,0.00045,172.217.194.0-255,2543,48501,12,293663
44824,0.000458,172.31.36.0-255,66,48567,12,293663
44825,0.000465,172.217.194.0-255,7156,55723,12,293663
44826,0.000468,172.31.36.0-255,66,55789,12,293663
44827,0.000476,172.217.194.0-255,7156,62945,12,293663
44828,0.000479,172.31.36.0-255,66,63011,12,293663
44829,0.000517,172.217.194.0-255,3165,66176,12,293663
44830,0.000521,172.31.36.0-255,66,66242,12,293663
44831,0.000746,172.217.194.0-255,1484,67726,12,293663
44832,0.000752,172.217.194.0-255,2902,70628,12,293663
44833,0.000756,172.31.36.0-255,66,70694,12,293663
44834,0.000789,172.217.194.0-255,5738,76432,12,293663
44835,0.000793,172.31.36.0-255,66,76498,12,293663
44836,0.000805,172.31.36.0-255,66,76564,12,293663
44837,0.000853,172.31.36.0-255,66,76630,12,293663
44838,0.001377,172.217.194.0-255,1484,78114,12,293663
44839,0.001387,172.217.194.0-255,2902,81016,12,293663
44840,0.001391,172.31.36.0-255,66,81082,12,293663
44841,0.0014,172.217.194.0-255,5738,86820,12,293663
44842,0.001402,172.31.36.0-255,66,86886,12,293663
44843,0.001429,172.31.36.0-255,66,86952,12,293663
44844,0.001459,172.217.194.0-255,4320,91272,12,293663
44845,0.001462,172.31.36.0-255,66,91338,12,293663
44846,0.001482,172.31.36.0-255,66,91404,12,293663
44847,0.001649,172.217.194.0-255,1484,92888,12,293663
44848,0.001655,172.217.194.0-255,2902,95790,12,293663
44849,0.001659,172.31.36.0-255,66,95856,12,293663
44850,0.001662,172.217.194.0-255,1484,97340,12,293663
44851,0.001692,172.217.194.0-255,4320,101660,12,293663
44852,0.001695,172.31.36.0-255,66,101726,12,293663
44853,0.001707,172.31.36.0-255,66,101792,12,293663
44854,0.00172,172.31.36.0-255,66,101858,12,293663
44855,0.001754,172.217.194.0-255,5020,106878,12,293663
44856,0.001758,172.31.36.0-255,66,106944,12,293663
44857,0.001765,172.217.194.0-255,4320,111264,12,293663
44858,0.001767,172.31.36.0-255,66,111330,12,293663
44859,0.00179,172.217.194.0-255,1484,112814,12,293663
44860,0.001801,172.31.36.0-255,66,112880,12,293663
44861,0.001831,172.217.194.0-255,4320,117200,12,293663
44862,0.001835,172.31.36.0-255,66,117266,12,293663
44863,0.001848,172.31.36.0-255,66,117332,12,293663
44864,0.00185,172.217.194.0-255,766,118098,12,293663
44865,0.002146,172.217.194.0-255,1484,119582,12,293663
44866,0.002152,172.31.36.0-255,66,119648,12,293663
44867,0.002157,172.217.194.0-255,2902,122550,12,293663
44868,0.002161,172.31.36.0-255,66,122616,12,293663
44869,0.002232,172.217.194.0-255,5738,128354,12,293663
44870,0.002237,172.31.36.0-255,66,128420,12,293663
44871,0.002243,172.217.194.0-255,7156,135576,12,293663
44872,0.002248,172.31.36.0-255,66,135642,12,293663
44873,0.002256,172.31.36.0-255,66,135708,12,293663
44874,0.00226,172.217.194.0-255,2184,137892,12,293663
44875,0.002262,172.31.36.0-255,66,137958,12,293663
44876,0.004491,172.217.194.0-255,2902,140860,12,293663
44877,0.004498,172.31.36.0-255,66,140926,12,293663
44878,0.004537,172.217.194.0-255,2902,143828,12,293663
44879,0.00454,172.31.36.0-255,66,143894,12,293663
44880,0.006726,172.217.194.0-255,2902,146796,12,293663
44881,0.006731,172.31.36.0-255,66,146862,12,293663
44882,0.006773,172.217.194.0-255,2902,149764,12,293663
44883,0.006777,172.31.36.0-255,66,149830,12,293663
44884,0.008987,172.217.194.0-255,2902,152732,12,293663
44885,0.008996,172.31.36.0-255,66,152798,12,293663
44886,0.009045,172.217.194.0-255,2902,155700,12,293663
44887,0.00905,172.31.36.0-255,66,155766,12,293663
44888,0.011268,172.217.194.0-255,2902,158668,12,293663
44889,0.01128,172.31.36.0-255,66,158734,12,293663
44890,0.011325,172.217.194.0-255,2902,161636,12,293663
44891,0.011329,172.31.36.0-255,66,161702,12,293663
44892,0.013539,172.217.194.0-255,2902,164604,12,293663
44893,0.013549,172.31.36.0-255,66,164670,12,293663
44894,0.013591,172.217.194.0-255,2902,167572,12,293663
44895,0.013594,172.31.36.0-255,66,167638,12,293663
44896,0.015797,172.217.194.0-255,2902,170540,12,293663
44897,0.015808,172.31.36.0-255,66,170606,12,293663
44898,0.015851,172.217.194.0-255,2902,173508,12,293663
44899,0.015854,172.31.36.0-255,66,173574,12,293663
44900,0.018067,172.217.194.0-255,2902,176476,12,293663
44901,0.018084,172.31.36.0-255,66,176542,12,293663
44902,0.018122,172.217.194.0-255,2902,179444,12,293663
44903,0.018126,172.31.36.0-255,66,179510,12,293663
44904,0.020359,172.217.194.0-255,2902,182412,12,293663
44905,0.020372,172.31.36.0-255,66,182478,12,293663
44906,0.020413,172.217.194.0-255,2902,185380,12,293663
44907,0.020416,172.31.36.0-255,66,185446,12,293663
44908,0.02262,172.217.194.0-255,2902,188348,12,293663
44909,0.022636,172.31.36.0-255,66,188414,12,293663
44910,0.02268,172.217.194.0-255,2902,191316,12,293663
44911,0.022684,172.31.36.0-255,66,191382,12,293663
44912,0.024893,172.217.194.0-255,2902,194284,12,293663
44913,0.024915,172.31.36.0-255,66,194350,12,293663
44914,0.024951,172.217.194.0-255,2902,197252,12,293663
44915,0.024955,172.31.36.0-255,66,197318,12,293663
44916,0.027202,172.217.194.0-255,5738,203056,12,293663
44917,0.027217,172.31.36.0-255,66,203122,12,293663
44918,0.02949,172.217.194.0-255,5738,208860,12,293663
44919,0.029506,172.31.36.0-255,66,208926,12,293663
44920,0.031795,172.217.194.0-255,5738,214664,12,293663
44921,0.03181,172.31.36.0-255,66,214730,12,293663
44922,0.034074,172.217.194.0-255,5738,220468,12,293663
44923,0.034089,172.31.36.0-255,66,220534,12,293663
44924,0.036335,172.217.194.0-255,5738,226272,12,293663
44925,0.036352,172.31.36.0-255,66,226338,12,293663
44926,0.038598,172.217.194.0-255,5738,232076,12,293663
44927,0.038608,172.31.36.0-255,66,232142,12,293663
44928,0.03877,172.31.36.0-255,188,232330,12,293663
44929,0.038797,172.31.36.0-255,952,233282,12,293663
44930,0.038861,172.31.36.0-255,1514,234796,12,293663
44931,0.038863,172.31.36.0-255,1514,236310,12,293663
44932,0.038864,172.31.36.0-255,1514,237824,12,293663
44933,0.038869,172.31.36.0-255,1514,239338,12,293663
44934,0.038871,172.31.36.0-255,1514,240852,12,293663
44935,0.038872,172.31.36.0-255,311,241163,12,293663
44936,0.040353,104.244.42.0-255,66,241229,12,293663
44937,0.040361,104.244.42.0-255,66,241295,12,293663
44938,0.04045,104.244.42.0-255,66,241361,12,293663
44939,0.040452,104.244.42.0-255,66,241427,12,293663
44940,0.040869,172.217.194.0-255,5738,247165,12,293663
44941,0.040874,172.31.36.0-255,66,247231,12,293663
44942,0.043128,172.217.194.0-255,5738,252969,12,293663
44943,0.043134,172.31.36.0-255,66,253035,12,293663
44944,0.045404,172.217.194.0-255,5738,258773,12,293663
44945,0.04541,172.31.36.0-255,66,258839,12,293663
44946,0.047652,172.217.194.0-255,5738,264577,12,293663
44947,0.047658,172.31.36.0-255,66,264643,12,293663
44948,0.049909,172.217.194.0-255,5738,270381,12,293663
44949,0.049915,172.31.36.0-255,66,270447,12,293663
44950,0.052144,172.217.194.0-255,5738,276185,12,293663
44951,0.05215,172.31.36.0-255,66,276251,12,293663
44952,0.054393,172.217.194.0-255,5738,281989,12,293663
44953,0.054399,172.31.36.0-255,66,282055,12,293663
44954,0.056684,172.217.194.0-255,5738,287793,12,293663
44955,0.05669,172.31.36.0-255,66,287859,12,293663
44956,0.058949,172.217.194.0-255,5738,293597,12,293663
44957,0.058954,172.31.36.0-255,66,293663,12,293663
44958,0.0,74.125.24.0-255,156,156,12,185082
44959,4e-05,172.31.36.0-255,66,222,12,185082
44960,4.7e-05,74.125.24.0-255,1484,1706,12,185082
44961,5.2e-05,172.31.36.0-255,66,1772,12,185082
44962,5.6e-05,74.125.24.0-255,2902,4674,12,185082
44963,6.7e-05,172.31.36.0-255,66,4740,12,185082
44964,7.2e-05,74.125.24.0-255,2902,7642,12,185082
44965,7.4e-05,172.31.36.0-255,66,7708,12,185082
44966,8.5e-05,172.31.36.0-255,66,7774,12,185082
44967,0.000101,172.31.36.0-255,66,7840,12,185082
44968,0.000129,74.125.24.0-255,2543,10383,12,185082
44969,0.000132,172.31.36.0-255,66,10449,12,185082
44970,0.000173,74.125.24.0-255,1484,11933,12,185082
44971,0.000176,172.31.36.0-255,66,11999,12,185082
44972,0.000179,74.125.24.0-255,1484,13483,12,185082
44973,0.000181,172.31.36.0-255,66,13549,12,185082
44974,0.000203,74.125.24.0-255,1484,15033,12,185082
44975,0.000212,172.31.36.0-255,66,15099,12,185082
44976,0.000221,74.125.24.0-255,5738,20837,12,185082
44977,0.000224,172.31.36.0-255,66,20903,12,185082
44978,0.000231,74.125.24.0-255,7156,28059,12,185082
44979,0.000234,172.31.36.0-255,66,28125,12,185082
44980,0.000262,74.125.24.0-255,3961,32086,12,185082
44981,0.000265,172.31.36.0-255,66,32152,12,185082
44982,0.000279,172.31.36.0-255,66,32218,12,185082
44983,0.000282,74.125.24.0-255,1436,33654,12,185082
44984,0.000285,172.31.36.0-255,66,33720,12,185082
44985,0.000316,74.125.24.0-255,110,33830,12,185082
44986,0.000319,172.31.36.0-255,66,33896,12,185082
44987,0.000412,74.125.24.0-255,1484,35380,12,185082
44988,0.00042,74.125.24.0-255,2902,38282,12,185082
44989,0.000423,172.31.36.0-255,66,38348,12,185082
44990,0.000427,74.125.24.0-255,2902,41250,12,185082
44991,0.000429,172.31.36.0-255,66,41316,12,185082
44992,0.000454,74.125.24.0-255,2902,44218,12,185082
44993,0.000459,172.31.36.0-255,66,44284,12,185082
44994,0.000465,74.125.24.0-255,7156,51440,12,185082
44995,0.000468,172.31.36.0-255,66,51506,12,185082
44996,0.00051,74.125.24.0-255,6797,58303,12,185082
44997,0.000514,172.31.36.0-255,66,58369,12,185082
44998,0.000526,172.31.36.0-255,66,58435,12,185082
44999,0.000688,74.125.24.0-255,1484,59919,12,185082
45000,0.000705,74.125.24.0-255,2902,62821,12,185082
45001,0.000709,172.31.36.0-255,66,62887,12,185082
45002,0.000716,74.125.24.0-255,4320,67207,12,185082
45003,0.000718,172.31.36.0-255,66,67273,12,185082
45004,0.000723,74.125.24.0-255,4320,71593,12,185082
45005,0.000731,172.31.36.0-255,66,71659,12,185082
45006,0.000764,74.125.24.0-255,4320,75979,12,185082
45007,0.000768,172.31.36.0-255,66,76045,12,185082
45008,0.000774,74.125.24.0-255,5738,81783,12,185082
45009,0.000777,172.31.36.0-255,66,81849,12,185082
45010,0.00081,172.31.36.0-255,66,81915,12,185082
45011,0.000862,172.31.36.0-255,66,81981,12,185082
45012,0.000887,74.125.24.0-255,2902,84883,12,185082
45013,0.00089,172.31.36.0-255,66,84949,12,185082
45014,0.000919,172.31.36.0-255,66,85015,12,185082
45015,0.000926,74.125.24.0-255,6438,91453,12,185082
45016,0.000929,172.31.36.0-255,66,91519,12,185082
45017,0.000936,74.125.24.0-255,7156,98675,12,185082
45018,0.000938,172.31.36.0-255,66,98741,12,185082
45019,0.000941,74.125.24.0-255,1484,100225,12,185082
45020,0.000945,74.125.24.0-255,2902,103127,12,185082
45021,0.000947,172.31.36.0-255,66,103193,12,185082
45022,0.000953,74.125.24.0-255,5738,108931,12,185082
45023,0.000957,172.31.36.0-255,66,108997,12,185082
45024,0.000971,172.31.36.0-255,66,109063,12,185082
45025,0.000976,74.125.24.0-255,3602,112665,12,185082
45026,0.000978,172.31.36.0-255,66,112731,12,185082
45027,0.001084,74.125.24.0-255,1484,114215,12,185082
45028,0.001107,74.125.24.0-255,2902,117117,12,185082
45029,0.001111,172.31.36.0-255,66,117183,12,185082
45030,0.001116,74.125.24.0-255,2902,120085,12,185082
45031,0.001118,172.31.36.0-255,66,120151,12,185082
45032,0.001153,74.125.24.0-255,1484,121635,12,185082
45033,0.001164,172.31.36.0-255,66,121701,12,185082
45034,0.001176,172.31.36.0-255,66,121767,12,185082
45035,0.001206,172.31.36.0-255,66,121833,12,185082
45036,0.001269,74.125.24.0-255,1484,123317,12,185082
45037,0.001274,74.125.24.0-255,2902,126219,12,185082
45038,0.001277,172.31.36.0-255,66,126285,12,185082
45039,0.001282,74.125.24.0-255,2902,129187,12,185082
45040,0.001284,172.31.36.0-255,66,129253,12,185082
45041,0.001328,74.125.24.0-255,2902,132155,12,185082
45042,0.001332,172.31.36.0-255,66,132221,12,185082
45043,0.00135,172.31.36.0-255,66,132287,12,185082
45044,0.00136,172.31.36.0-255,66,132353,12,185082
45045,0.00139,74.125.24.0-255,2184,134537,12,185082
45046,0.001394,172.31.36.0-255,66,134603,12,185082
45047,0.001453,74.125.24.0-255,1484,136087,12,185082
45048,0.001466,74.125.24.0-255,2902,138989,12,185082
45049,0.00147,172.31.36.0-255,66,139055,12,185082
45050,0.001476,74.125.24.0-255,5738,144793,12,185082
45051,0.001479,172.31.36.0-255,66,144859,12,185082
45052,0.001525,172.31.36.0-255,66,144925,12,185082
45053,0.001538,172.31.36.0-255,66,144991,12,185082
45054,0.001567,74.125.24.0-255,766,145757,12,185082
45055,0.001582,172.31.36.0-255,66,145823,12,185082
45056,0.001587,74.125.24.0-255,4320,150143,12,185082
45057,0.001589,172.31.36.0-255,66,150209,12,185082
45058,0.001595,74.125.24.0-255,5738,155947,12,185082
45059,0.001597,172.31.36.0-255,66,156013,12,185082
45060,0.00164,172.31.36.0-255,66,156079,12,185082
45061,0.001645,74.125.24.0-255,2184,158263,12,185082
45062,0.001647,172.31.36.0-255,66,158329,12,185082
45063,0.001695,74.125.24.0-255,4320,162649,12,185082
45064,0.001697,172.31.36.0-255,66,162715,12,185082
45065,0.001739,172.31.36.0-255,66,162781,12,185082
45066,0.001756,172.31.36.0-255,66,162847,12,185082
45067,0.001758,74.125.24.0-255,1484,164331,12,185082
45068,0.001763,74.125.24.0-255,2902,167233,12,185082
45069,0.001765,172.31.36.0-255,66,167299,12,185082
45070,0.001771,74.125.24.0-255,5738,173037,12,185082
45071,0.001774,172.31.36.0-255,66,173103,12,185082
45072,0.001788,172.31.36.0-255,66,173169,12,185082
45073,0.001794,74.125.24.0-255,7156,180325,12,185082
45074,0.001797,172.31.36.0-255,66,180391,12,185082
45075,0.001839,172.31.36.0-255,66,180457,12,185082
45076,0.001877,74.125.24.0-255,105,180562,12,185082
45077,0.003574,172.31.36.0-255,66,180628,12,185082
45078,0.003602,172.31.36.0-255,105,180733,12,185082
45079,0.005818,74.125.24.0-255,66,180799,12,185082
45080,0.03017,172.31.36.0-255,164,180963,12,185082
45081,0.030207,172.31.36.0-255,1115,182078,12,185082
45082,0.030247,172.31.36.0-255,1514,183592,12,185082
45083,0.030249,172.31.36.0-255,1292,184884,12,185082
45084,0.031726,104.244.42.0-255,66,184950,12,185082
45085,0.03176,104.244.42.0-255,66,185016,12,185082
45086,0.031815,104.244.42.0-255,66,185082,12,185082
45087,0.0,172.217.194.0-255,153,153,12,213378
45088,2.3e-05,172.31.36.0-255,66,219,12,213378
45089,3e-05,172.217.194.0-255,1484,1703,12,213378
45090,3.6e-05,172.31.36.0-255,66,1769,12,213378
45091,4.2e-05,172.217.194.0-255,2902,4671,12,213378
45092,4.6e-05,172.31.36.0-255,66,4737,12,213378
45093,5.3e-05,172.217.194.0-255,5738,10475,12,213378
45094,5.7e-05,172.31.36.0-255,66,10541,12,213378
45095,6.3e-05,172.217.194.0-255,4320,14861,12,213378
45096,6.6e-05,172.31.36.0-255,66,14927,12,213378
45097,0.000105,172.31.36.0-255,66,14993,12,213378
45098,0.000112,172.217.194.0-255,6797,21790,12,213378
45099,0.000115,172.31.36.0-255,66,21856,12,213378
45100,0.000533,172.217.194.0-255,1484,23340,12,213378
45101,0.000539,172.31.36.0-255,66,23406,12,213378
45102,0.000561,172.217.194.0-255,1484,24890,12,213378
45103,0.000563,172.31.36.0-255,66,24956,12,213378
45104,0.000578,172.217.194.0-255,1484,26440,12,213378
45105,0.000581,172.31.36.0-255,66,26506,12,213378
45106,0.000588,172.217.194.0-255,5738,32244,12,213378
45107,0.00059,172.31.36.0-255,66,32310,12,213378
45108,0.000597,172.217.194.0-255,6797,39107,12,213378
45109,0.000599,172.31.36.0-255,66,39173,12,213378
45110,0.000687,172.217.194.0-255,1484,40657,12,213378
45111,0.00069,172.217.194.0-255,1484,42141,12,213378
45112,0.000695,172.31.36.0-255,66,42207,12,213378
45113,0.000698,172.31.36.0-255,66,42273,12,213378
45114,0.000708,172.217.194.0-255,1484,43757,12,213378
45115,0.00071,172.31.36.0-255,66,43823,12,213378
45116,0.000717,172.217.194.0-255,5738,49561,12,213378
45117,0.00072,172.31.36.0-255,66,49627,12,213378
45118,0.000757,172.31.36.0-255,66,49693,12,213378
45119,0.0008,172.217.194.0-255,1484,51177,12,213378
45120,0.000818,172.217.194.0-255,2902,54079,12,213378
45121,0.000822,172.31.36.0-255,66,54145,12,213378
45122,0.000827,172.217.194.0-255,2902,57047,12,213378
45123,0.000829,172.31.36.0-255,66,57113,12,213378
45124,0.000842,172.217.194.0-255,2902,60015,12,213378
45125,0.000844,172.31.36.0-255,66,60081,12,213378
45126,0.000851,172.217.194.0-255,5738,65819,12,213378
45127,0.000854,172.31.36.0-255,66,65885,12,213378
45128,0.000897,172.217.194.0-255,4320,70205,12,213378
45129,0.000902,172.31.36.0-255,66,70271,12,213378
45130,0.000928,172.31.36.0-255,66,70337,12,213378
45131,0.001457,172.217.194.0-255,1484,71821,12,213378
45132,0.001463,172.217.194.0-255,2902,74723,12,213378
45133,0.001467,172.31.36.0-255,66,74789,12,213378
45134,0.001474,172.217.194.0-255,5738,80527,12,213378
45135,0.001476,172.31.36.0-255,66,80593,12,213378
45136,0.001511,172.31.36.0-255,66,80659,12,213378
45137,0.00153,172.217.194.0-255,2902,83561,12,213378
45138,0.001534,172.31.36.0-255,66,83627,12,213378
45139,0.001569,172.31.36.0-255,66,83693,12,213378
45140,0.001586,172.217.194.0-255,2184,85877,12,213378
45141,0.001589,172.31.36.0-255,66,85943,12,213378
45142,0.00426,172.217.194.0-255,5738,91681,12,213378
45143,0.004267,172.31.36.0-255,66,91747,12,213378
45144,0.006934,172.217.194.0-255,5738,97485,12,213378
45145,0.006939,172.31.36.0-255,66,97551,12,213378
45146,0.009597,172.217.194.0-255,5738,103289,12,213378
45147,0.009605,172.31.36.0-255,66,103355,12,213378
45148,0.012278,172.217.194.0-255,5738,109093,12,213378
45149,0.012286,172.31.36.0-255,66,109159,12,213378
45150,0.014955,172.217.194.0-255,5738,114897,12,213378
45151,0.014966,172.31.36.0-255,66,114963,12,213378
45152,0.017624,172.217.194.0-255,5738,120701,12,213378
45153,0.017633,172.31.36.0-255,66,120767,12,213378
45154,0.020294,172.217.194.0-255,5738,126505,12,213378
45155,0.020302,172.31.36.0-255,66,126571,12,213378
45156,0.022956,172.217.194.0-255,5738,132309,12,213378
45157,0.022965,172.31.36.0-255,66,132375,12,213378
45158,0.025626,172.217.194.0-255,5738,138113,12,213378
45159,0.025634,172.31.36.0-255,66,138179,12,213378
45160,0.028268,172.217.194.0-255,5738,143917,12,213378
45161,0.028274,172.31.36.0-255,66,143983,12,213378
45162,0.02928,172.31.36.0-255,172,144155,12,213378
45163,0.029311,172.31.36.0-255,1109,145264,12,213378
45164,0.029372,172.31.36.0-255,1514,146778,12,213378
45165,0.029374,172.31.36.0-255,1514,148292,12,213378
45166,0.029399,172.31.36.0-255,978,149270,12,213378
45167,0.030839,104.244.42.0-255,66,149336,12,213378
45168,0.03088,104.244.42.0-255,66,149402,12,213378
45169,0.030919,172.217.194.0-255,5738,155140,12,213378
45170,0.030924,172.31.36.0-255,66,155206,12,213378
45171,0.030976,104.244.42.0-255,66,155272,12,213378
45172,0.03098,104.244.42.0-255,66,155338,12,213378
45173,0.033563,172.217.194.0-255,5738,161076,12,213378
45174,0.033571,172.31.36.0-255,66,161142,12,213378
45175,0.036236,172.217.194.0-255,5738,166880,12,213378
45176,0.036247,172.31.36.0-255,66,166946,12,213378
45177,0.038875,172.217.194.0-255,5738,172684,12,213378
45178,0.038885,172.31.36.0-255,66,172750,12,213378
45179,0.041585,172.217.194.0-255,5738,178488,12,213378
45180,0.041592,172.31.36.0-255,66,178554,12,213378
45181,0.044271,172.217.194.0-255,5738,184292,12,213378
45182,0.044279,172.31.36.0-255,66,184358,12,213378
45183,0.046908,172.217.194.0-255,5738,190096,12,213378
45184,0.046916,172.31.36.0-255,66,190162,12,213378
45185,0.049589,172.217.194.0-255,5738,195900,12,213378
45186,0.049596,172.31.36.0-255,66,195966,12,213378
45187,0.052277,172.217.194.0-255,5738,201704,12,213378
45188,0.052289,172.31.36.0-255,66,201770,12,213378
45189,0.05495,172.217.194.0-255,5738,207508,12,213378
45190,0.054958,172.31.36.0-255,66,207574,12,213378
45191,0.057612,172.217.194.0-255,5738,213312,12,213378
45192,0.057618,172.31.36.0-255,66,213378,12,213378
45193,0.0,172.217.194.0-255,150,150,12,178518
45194,3.2e-05,172.31.36.0-255,66,216,12,178518
45195,4e-05,172.217.194.0-255,1484,1700,12,178518
45196,4.4e-05,172.31.36.0-255,66,1766,12,178518
45197,5e-05,172.217.194.0-255,2902,4668,12,178518
45198,6.2e-05,172.31.36.0-255,66,4734,12,178518
45199,6.9e-05,172.217.194.0-255,7156,11890,12,178518
45200,7.2e-05,172.31.36.0-255,66,11956,12,178518
45201,7.8e-05,172.217.194.0-255,4830,16786,12,178518
45202,8e-05,172.31.36.0-255,66,16852,12,178518
45203,0.000134,172.31.36.0-255,66,16918,12,178518
45204,0.00016,172.217.194.0-255,2902,19820,12,178518
45205,0.000164,172.31.36.0-255,66,19886,12,178518
45206,0.000169,172.217.194.0-255,2902,22788,12,178518
45207,0.000171,172.31.36.0-255,66,22854,12,178518
45208,0.000194,172.217.194.0-255,1484,24338,12,178518
45209,0.000201,172.31.36.0-255,66,24404,12,178518
45210,0.000215,172.31.36.0-255,66,24470,12,178518
45211,0.000221,172.217.194.0-255,2902,27372,12,178518
45212,0.000223,172.31.36.0-255,66,27438,12,178518
45213,0.000282,172.31.36.0-255,66,27504,12,178518
45214,0.000286,172.217.194.0-255,2184,29688,12,178518
45215,0.000288,172.31.36.0-255,66,29754,12,178518
45216,0.000388,172.217.194.0-255,647,30401,12,178518
45217,0.000393,172.31.36.0-255,66,30467,12,178518
45218,0.000711,172.217.194.0-255,1484,31951,12,178518
45219,0.000715,172.31.36.0-255,66,32017,12,178518
45220,0.000746,172.217.194.0-255,2902,34919,12,178518
45221,0.000749,172.31.36.0-255,66,34985,12,178518
45222,0.000755,172.217.194.0-255,5738,40723,12,178518
45223,0.000765,172.31.36.0-255,66,40789,12,178518
45224,0.000796,172.31.36.0-255,66,40855,12,178518
45225,0.000798,172.217.194.0-255,5738,46593,12,178518
45226,0.000803,172.31.36.0-255,66,46659,12,178518
45227,0.000835,172.217.194.0-255,5738,52397,12,178518
45228,0.000839,172.217.194.0-255,2184,54581,12,178518
45229,0.000841,172.31.36.0-255,66,54647,12,178518
45230,0.000856,172.31.36.0-255,66,54713,12,178518
45231,0.001053,172.217.194.0-255,1484,56197,12,178518
45232,0.001058,172.217.194.0-255,2902,59099,12,178518
45233,0.001061,172.31.36.0-255,66,59165,12,178518
45234,0.001065,172.217.194.0-255,1484,60649,12,178518
45235,0.001087,172.217.194.0-255,4320,64969,12,178518
45236,0.001102,172.217.194.0-255,5738,70707,12,178518
45237,0.001103,172.31.36.0-255,66,70773,12,178518
45238,0.001108,172.31.36.0-255,66,70839,12,178518
45239,0.001134,172.217.194.0-255,7156,77995,12,178518
45240,0.001141,172.31.36.0-255,66,78061,12,178518
45241,0.001146,172.217.194.0-255,5738,83799,12,178518
45242,0.001165,172.31.36.0-255,66,83865,12,178518
45243,0.00117,172.217.194.0-255,5020,88885,12,178518
45244,0.001178,172.31.36.0-255,66,88951,12,178518
45245,0.001182,172.31.36.0-255,66,89017,12,178518
45246,0.001217,172.217.194.0-255,1484,90501,12,178518
45247,0.001233,172.31.36.0-255,66,90567,12,178518
45248,0.00128,172.31.36.0-255,66,90633,12,178518
45249,0.001331,172.31.36.0-255,66,90699,12,178518
45250,0.001343,172.217.194.0-255,5738,96437,12,178518
45251,0.001362,172.31.36.0-255,66,96503,12,178518
45252,0.001367,172.31.36.0-255,66,96569,12,178518
45253,0.001395,172.217.194.0-255,6438,103007,12,178518
45254,0.001405,172.31.36.0-255,66,103073,12,178518
45255,0.001439,172.217.194.0-255,1484,104557,12,178518
45256,0.001443,172.217.194.0-255,2902,107459,12,178518
45257,0.001453,172.31.36.0-255,66,107525,12,178518
45258,0.001483,172.217.194.0-255,5738,113263,12,178518
45259,0.001501,172.217.194.0-255,4320,117583,12,178518
45260,0.001525,172.217.194.0-255,6438,124021,12,178518
45261,0.001676,172.217.194.0-255,1484,125505,12,178518
45262,0.001681,172.217.194.0-255,1484,126989,12,178518
45263,0.001698,172.217.194.0-255,1484,128473,12,178518
45264,0.001705,172.217.194.0-255,5738,134211,12,178518
45265,0.001713,172.217.194.0-255,7156,141367,12,178518
45266,0.001743,172.217.194.0-255,2902,144269,12,178518
45267,0.001772,172.217.194.0-255,2184,146453,12,178518
45268,0.001789,172.217.194.0-255,4320,150773,12,178518
45269,0.001826,172.217.194.0-255,5738,156511,12,178518
45270,0.001839,172.217.194.0-255,2902,159413,12,178518
45271,0.001873,172.217.194.0-255,4320,163733,12,178518
45272,0.001985,172.217.194.0-255,1484,165217,12,178518
45273,0.001999,172.217.194.0-255,5738,170955,12,178518
45274,0.002012,172.217.194.0-255,5738,176693,12,178518
45275,0.002086,172.217.194.0-255,97,176790,12,178518
45276,0.002088,172.217.194.0-255,105,176895,12,178518
45277,0.005796,172.31.36.0-255,66,176961,12,178518
45278,0.00799,172.31.36.0-255,105,177066,12,178518
45279,0.010332,172.217.194.0-255,66,177132,12,178518
45280,0.032383,172.31.36.0-255,176,177308,12,178518
45281,0.032414,172.31.36.0-255,1078,178386,12,178518
45282,0.033939,104.244.42.0-255,66,178452,12,178518
45283,0.033995,104.244.42.0-255,66,178518,12,178518
45284,0.0,74.125.24.0-255,66,66,12,66
45285,0.0,172.217.194.0-255,153,153,12,211757
45286,2.6e-05,172.31.36.0-255,66,219,12,211757
45287,3.2e-05,172.217.194.0-255,1484,1703,12,211757
45288,3.6e-05,172.31.36.0-255,66,1769,12,211757
45289,4.1e-05,172.217.194.0-255,2902,4671,12,211757
45290,4.3e-05,172.31.36.0-255,66,4737,12,211757
45291,4.9e-05,172.217.194.0-255,7156,11893,12,211757
45292,5e-05,172.31.36.0-255,66,11959,12,211757
45293,8.4e-05,172.31.36.0-255,66,12025,12,211757
45294,9.9e-05,172.217.194.0-255,4871,16896,12,211757
45295,0.000101,172.31.36.0-255,66,16962,12,211757
45296,0.000105,172.217.194.0-255,2543,19505,12,211757
45297,0.000106,172.31.36.0-255,66,19571,12,211757
45298,0.000198,172.217.194.0-255,1484,21055,12,211757
45299,0.000202,172.31.36.0-255,66,21121,12,211757
45300,0.000205,172.217.194.0-255,1484,22605,12,211757
45301,0.000207,172.31.36.0-255,66,22671,12,211757
45302,0.00022,172.217.194.0-255,1484,24155,12,211757
45303,0.000222,172.31.36.0-255,66,24221,12,211757
45304,0.000227,172.217.194.0-255,5738,29959,12,211757
45305,0.000229,172.31.36.0-255,66,30025,12,211757
45306,0.000255,172.31.36.0-255,66,30091,12,211757
45307,0.000278,172.217.194.0-255,5379,35470,12,211757
45308,0.000281,172.31.36.0-255,66,35536,12,211757
45309,0.000321,172.31.36.0-255,66,35602,12,211757
45310,0.000324,172.217.194.0-255,378,35980,12,211757
45311,0.000326,172.31.36.0-255,66,36046,12,211757
45312,0.000567,172.217.194.0-255,1484,37530,12,211757
45313,0.000571,172.31.36.0-255,66,37596,12,211757
45314,0.000574,172.217.194.0-255,1484,39080,12,211757
45315,0.000591,172.217.194.0-255,1484,40564,12,211757
45316,0.000593,172.31.36.0-255,66,40630,12,211757
45317,0.000599,172.217.194.0-255,5738,46368,12,211757
45318,0.000601,172.31.36.0-255,66,46434,12,211757
45319,0.000606,172.217.194.0-255,5738,52172,12,211757
45320,0.000609,172.31.36.0-255,66,52238,12,211757
45321,0.000645,172.31.36.0-255,66,52304,12,211757
45322,0.00065,172.217.194.0-255,5020,57324,12,211757
45323,0.000652,172.31.36.0-255,66,57390,12,211757
45324,0.000984,172.217.194.0-255,1484,58874,12,211757
45325,0.001009,172.217.194.0-255,2902,61776,12,211757
45326,0.001012,172.31.36.0-255,66,61842,12,211757
45327,0.001016,172.217.194.0-255,1484,63326,12,211757
45328,0.001035,172.217.194.0-255,4320,67646,12,211757
45329,0.001037,172.31.36.0-255,66,67712,12,211757
45330,0.001055,172.217.194.0-255,2902,70614,12,211757
45331,0.001057,172.31.36.0-255,66,70680,12,211757
45332,0.001081,172.31.36.0-255,66,70746,12,211757
45333,0.001127,172.31.36.0-255,66,70812,12,211757
45334,0.001401,172.217.194.0-255,1484,72296,12,211757
45335,0.001408,172.217.194.0-255,2902,75198,12,211757
45336,0.001412,172.31.36.0-255,66,75264,12,211757
45337,0.00144,172.217.194.0-255,5738,81002,12,211757
45338,0.001444,172.31.36.0-255,66,81068,12,211757
45339,0.001474,172.31.36.0-255,66,81134,12,211757
45340,0.001495,172.217.194.0-255,4320,85454,12,211757
45341,0.001499,172.31.36.0-255,66,85520,12,211757
45342,0.001524,172.31.36.0-255,66,85586,12,211757
45343,0.002004,172.217.194.0-255,1484,87070,12,211757
45344,0.002013,172.217.194.0-255,2902,89972,12,211757
45345,0.002017,172.31.36.0-255,66,90038,12,211757
45346,0.002024,172.217.194.0-255,5738,95776,12,211757
45347,0.002026,172.31.36.0-255,66,95842,12,211757
45348,0.002085,172.31.36.0-255,66,95908,12,211757
45349,0.002096,172.31.36.0-255,66,95974,12,211757
45350,0.002941,172.217.194.0-255,1484,97458,12,211757
45351,0.002949,172.217.194.0-255,2902,100360,12,211757
45352,0.002952,172.31.36.0-255,66,100426,12,211757
45353,0.002958,172.217.194.0-255,2902,103328,12,211757
45354,0.00296,172.31.36.0-255,66,103394,12,211757
45355,0.002974,172.217.194.0-255,2902,106296,12,211757
45356,0.002976,172.31.36.0-255,66,106362,12,211757
45357,0.002983,172.217.194.0-255,7156,113518,12,211757
45358,0.002984,172.31.36.0-255,66,113584,12,211757
45359,0.003001,172.217.194.0-255,5738,119322,12,211757
45360,0.003003,172.31.36.0-255,66,119388,12,211757
45361,0.003013,172.31.36.0-255,66,119454,12,211757
45362,0.003051,172.217.194.0-255,7156,126610,12,211757
45363,0.003054,172.31.36.0-255,66,126676,12,211757
45364,0.003102,172.31.36.0-255,66,126742,12,211757
45365,0.003115,172.31.36.0-255,66,126808,12,211757
45366,0.003185,172.217.194.0-255,1484,128292,12,211757
45367,0.00319,172.217.194.0-255,2902,131194,12,211757
45368,0.003194,172.31.36.0-255,66,131260,12,211757
45369,0.003219,172.217.194.0-255,5738,136998,12,211757
45370,0.003223,172.31.36.0-255,66,137064,12,211757
45371,0.003228,172.217.194.0-255,4320,141384,12,211757
45372,0.00323,172.31.36.0-255,66,141450,12,211757
45373,0.003268,172.31.36.0-255,66,141516,12,211757
45374,0.00328,172.31.36.0-255,66,141582,12,211757
45375,0.003311,172.217.194.0-255,1484,143066,12,211757
45376,0.003317,172.217.194.0-255,2902,145968,12,211757
45377,0.00332,172.31.36.0-255,66,146034,12,211757
45378,0.003339,172.217.194.0-255,1484,147518,12,211757
45379,0.003353,172.217.194.0-255,4320,151838,12,211757
45380,0.003357,172.31.36.0-255,66,151904,12,211757
45381,0.003363,172.217.194.0-255,5738,157642,12,211757
45382,0.003366,172.31.36.0-255,66,157708,12,211757
45383,0.003372,172.217.194.0-255,5738,163446,12,211757
45384,0.003375,172.31.36.0-255,66,163512,12,211757
45385,0.003396,172.217.194.0-255,7156,170668,12,211757
45386,0.003401,172.31.36.0-255,66,170734,12,211757
45387,0.003422,172.31.36.0-255,66,170800,12,211757
45388,0.00346,172.217.194.0-255,3602,174402,12,211757
45389,0.003463,172.31.36.0-255,66,174468,12,211757
45390,0.00348,172.31.36.0-255,66,174534,12,211757
45391,0.003484,172.217.194.0-255,2184,176718,12,211757
45392,0.003486,172.31.36.0-255,66,176784,12,211757
45393,0.003542,172.217.194.0-255,1484,178268,12,211757
45394,0.003547,172.217.194.0-255,2902,181170,12,211757
45395,0.003549,172.31.36.0-255,66,181236,12,211757
45396,0.003555,172.217.194.0-255,5738,186974,12,211757
45397,0.003557,172.31.36.0-255,66,187040,12,211757
45398,0.003569,172.31.36.0-255,66,187106,12,211757
45399,0.003573,172.217.194.0-255,4320,191426,12,211757
45400,0.003575,172.31.36.0-255,66,191492,12,211757
45401,0.003592,172.217.194.0-255,6438,197930,12,211757
45402,0.003595,172.31.36.0-255,66,197996,12,211757
45403,0.003619,172.217.194.0-255,5580,203576,12,211757
45404,0.003621,172.31.36.0-255,66,203642,12,211757
45405,0.003624,172.217.194.0-255,105,203747,12,211757
45406,0.004976,172.31.36.0-255,66,203813,12,211757
45407,0.00501,172.31.36.0-255,105,203918,12,211757
45408,0.007517,172.217.194.0-255,66,203984,12,211757
45409,0.028622,172.31.36.0-255,172,204156,12,211757
45410,0.028653,172.31.36.0-255,1107,205263,12,211757
45411,0.028709,172.31.36.0-255,1514,206777,12,211757
45412,0.028711,172.31.36.0-255,1514,208291,12,211757
45413,0.028716,172.31.36.0-255,1514,209805,12,211757
45414,0.028718,172.31.36.0-255,1514,211319,12,211757
45415,0.028734,172.31.36.0-255,174,211493,12,211757
45416,0.030203,104.244.42.0-255,66,211559,12,211757
45417,0.030229,104.244.42.0-255,66,211625,12,211757
45418,0.030284,104.244.42.0-255,66,211691,12,211757
45419,0.030302,104.244.42.0-255,66,211757,12,211757
45420,0.0,74.125.24.0-255,165,165,12,320323
45421,3.2e-05,172.31.36.0-255,66,231,12,320323
45422,4e-05,74.125.24.0-255,1484,1715,12,320323
45423,4.4e-05,172.31.36.0-255,66,1781,12,320323
45424,5e-05,74.125.24.0-255,2902,4683,12,320323
45425,5.3e-05,172.31.36.0-255,66,4749,12,320323
45426,6.1e-05,74.125.24.0-255,5738,10487,12,320323
45427,6.4e-05,172.31.36.0-255,66,10553,12,320323
45428,9.5e-05,74.125.24.0-255,3456,14009,12,320323
45429,9.8e-05,172.31.36.0-255,66,14075,12,320323
45430,0.000179,74.125.24.0-255,1484,15559,12,320323
45431,0.000185,172.31.36.0-255,66,15625,12,320323
45432,0.000207,74.125.24.0-255,2902,18527,12,320323
45433,0.000209,172.31.36.0-255,66,18593,12,320323
45434,0.000225,74.125.24.0-255,4320,22913,12,320323
45435,0.000229,172.31.36.0-255,66,22979,12,320323
45436,0.000246,74.125.24.0-255,1484,24463,12,320323
45437,0.000248,172.31.36.0-255,66,24529,12,320323
45438,0.000253,74.125.24.0-255,2902,27431,12,320323
45439,0.000255,172.31.36.0-255,66,27497,12,320323
45440,0.000272,74.125.24.0-255,3961,31458,12,320323
45441,0.000276,172.31.36.0-255,66,31524,12,320323
45442,0.000278,74.125.24.0-255,7156,38680,12,320323
45443,0.000281,172.31.36.0-255,66,38746,12,320323
45444,0.000304,74.125.24.0-255,2902,41648,12,320323
45445,0.000306,172.31.36.0-255,66,41714,12,320323
45446,0.00033,74.125.24.0-255,6797,48511,12,320323
45447,0.000334,172.31.36.0-255,66,48577,12,320323
45448,0.000348,74.125.24.0-255,1484,50061,12,320323
45449,0.00035,172.31.36.0-255,66,50127,12,320323
45450,0.000382,172.31.36.0-255,66,50193,12,320323
45451,0.000417,74.125.24.0-255,2902,53095,12,320323
45452,0.000422,172.31.36.0-255,66,53161,12,320323
45453,0.000442,74.125.24.0-255,4337,57498,12,320323
45454,0.000445,172.31.36.0-255,66,57564,12,320323
45455,0.000448,74.125.24.0-255,332,57896,12,320323
45456,0.000815,172.31.36.0-255,66,57962,12,320323
45457,0.000952,74.125.24.0-255,1484,59446,12,320323
45458,0.000963,74.125.24.0-255,2902,62348,12,320323
45459,0.000967,172.31.36.0-255,66,62414,12,320323
45460,0.000976,74.125.24.0-255,5738,68152,12,320323
45461,0.000978,172.31.36.0-255,66,68218,12,320323
45462,0.001011,74.125.24.0-255,7156,75374,12,320323
45463,0.001015,172.31.36.0-255,66,75440,12,320323
45464,0.00104,74.125.24.0-255,5738,81178,12,320323
45465,0.001043,172.31.36.0-255,66,81244,12,320323
45466,0.001056,172.31.36.0-255,66,81310,12,320323
45467,0.001605,74.125.24.0-255,1484,82794,12,320323
45468,0.001614,74.125.24.0-255,2902,85696,12,320323
45469,0.001618,172.31.36.0-255,66,85762,12,320323
45470,0.001626,74.125.24.0-255,5738,91500,12,320323
45471,0.001628,172.31.36.0-255,66,91566,12,320323
45472,0.00166,172.31.36.0-255,66,91632,12,320323
45473,0.001681,74.125.24.0-255,1484,93116,12,320323
45474,0.001692,172.31.36.0-255,66,93182,12,320323
45475,0.001736,74.125.24.0-255,1484,94666,12,320323
45476,0.00174,74.125.24.0-255,2902,97568,12,320323
45477,0.001742,172.31.36.0-255,66,97634,12,320323
45478,0.001749,74.125.24.0-255,5738,103372,12,320323
45479,0.00175,172.31.36.0-255,66,103438,12,320323
45480,0.001783,172.31.36.0-255,66,103504,12,320323
45481,0.001793,172.31.36.0-255,66,103570,12,320323
45482,0.001807,74.125.24.0-255,2184,105754,12,320323
45483,0.001809,172.31.36.0-255,66,105820,12,320323
45484,0.002013,74.125.24.0-255,1484,107304,12,320323
45485,0.002017,74.125.24.0-255,2902,110206,12,320323
45486,0.002022,172.31.36.0-255,66,110272,12,320323
45487,0.002037,74.125.24.0-255,4320,114592,12,320323
45488,0.002039,172.31.36.0-255,66,114658,12,320323
45489,0.002051,74.125.24.0-255,1484,116142,12,320323
45490,0.002057,74.125.24.0-255,5738,121880,12,320323
45491,0.002059,172.31.36.0-255,66,121946,12,320323
45492,0.002089,74.125.24.0-255,7156,129102,12,320323
45493,0.002092,172.31.36.0-255,66,129168,12,320323
45494,0.002104,172.31.36.0-255,66,129234,12,320323
45495,0.002136,74.125.24.0-255,4320,133554,12,320323
45496,0.002139,172.31.36.0-255,66,133620,12,320323
45497,0.002144,74.125.24.0-255,5738,139358,12,320323
45498,0.002147,172.31.36.0-255,66,139424,12,320323
45499,0.002151,74.125.24.0-255,4320,143744,12,320323
45500,0.002153,172.31.36.0-255,66,143810,12,320323
45501,0.002173,74.125.24.0-255,7156,150966,12,320323
45502,0.002176,172.31.36.0-255,66,151032,12,320323
45503,0.002195,74.125.24.0-255,7156,158188,12,320323
45504,0.002198,172.31.36.0-255,66,158254,12,320323
45505,0.002224,74.125.24.0-255,5020,163274,12,320323
45506,0.002227,172.31.36.0-255,66,163340,12,320323
45507,0.00226,74.125.24.0-255,1484,164824,12,320323
45508,0.002264,74.125.24.0-255,1484,166308,12,320323
45509,0.002266,172.31.36.0-255,66,166374,12,320323
45510,0.002282,74.125.24.0-255,1484,167858,12,320323
45511,0.002285,74.125.24.0-255,1484,169342,12,320323
45512,0.002287,172.31.36.0-255,66,169408,12,320323
45513,0.004496,74.125.24.0-255,2902,172310,12,320323
45514,0.004501,172.31.36.0-255,66,172376,12,320323
45515,0.004517,74.125.24.0-255,2902,175278,12,320323
45516,0.004519,172.31.36.0-255,66,175344,12,320323
45517,0.006763,74.125.24.0-255,5738,181082,12,320323
45518,0.006769,172.31.36.0-255,66,181148,12,320323
45519,0.009026,74.125.24.0-255,5738,186886,12,320323
45520,0.009034,172.31.36.0-255,66,186952,12,320323
45521,0.011295,74.125.24.0-255,5738,192690,12,320323
45522,0.011302,172.31.36.0-255,66,192756,12,320323
45523,0.013535,74.125.24.0-255,5738,198494,12,320323
45524,0.013543,172.31.36.0-255,66,198560,12,320323
45525,0.015796,74.125.24.0-255,5738,204298,12,320323
45526,0.015806,172.31.36.0-255,66,204364,12,320323
45527,0.018091,74.125.24.0-255,5738,210102,12,320323
45528,0.018099,172.31.36.0-255,66,210168,12,320323
45529,0.02034,74.125.24.0-255,5738,215906,12,320323
45530,0.020348,172.31.36.0-255,66,215972,12,320323
45531,0.022616,74.125.24.0-255,5738,221710,12,320323
45532,0.022623,172.31.36.0-255,66,221776,12,320323
45533,0.024896,74.125.24.0-255,5738,227514,12,320323
45534,0.024903,172.31.36.0-255,66,227580,12,320323
45535,0.026499,172.31.36.0-255,172,227752,12,320323
45536,0.026535,172.31.36.0-255,1109,228861,12,320323
45537,0.026566,172.31.36.0-255,1514,230375,12,320323
45538,0.026568,172.31.36.0-255,1514,231889,12,320323
45539,0.026591,172.31.36.0-255,978,232867,12,320323
45540,0.027153,74.125.24.0-255,5738,238605,12,320323
45541,0.027159,172.31.36.0-255,66,238671,12,320323
45542,0.028028,104.244.42.0-255,66,238737,12,320323
45543,0.02813,104.244.42.0-255,66,238803,12,320323
45544,0.028135,104.244.42.0-255,66,238869,12,320323
45545,0.028138,104.244.42.0-255,66,238935,12,320323
45546,0.029434,74.125.24.0-255,5738,244673,12,320323
45547,0.029439,172.31.36.0-255,66,244739,12,320323
45548,0.031686,74.125.24.0-255,5738,250477,12,320323
45549,0.031691,172.31.36.0-255,66,250543,12,320323
45550,0.033977,74.125.24.0-255,5738,256281,12,320323
45551,0.033982,172.31.36.0-255,66,256347,12,320323
45552,0.036225,74.125.24.0-255,5738,262085,12,320323
45553,0.036232,172.31.36.0-255,66,262151,12,320323
45554,0.038477,74.125.24.0-255,5738,267889,12,320323
45555,0.038482,172.31.36.0-255,66,267955,12,320323
45556,0.040735,74.125.24.0-255,5738,273693,12,320323
45557,0.040756,172.31.36.0-255,66,273759,12,320323
45558,0.043063,74.125.24.0-255,5738,279497,12,320323
45559,0.043069,172.31.36.0-255,66,279563,12,320323
45560,0.045358,74.125.24.0-255,5738,285301,12,320323
45561,0.045363,172.31.36.0-255,66,285367,12,320323
45562,0.047616,74.125.24.0-255,5738,291105,12,320323
45563,0.047622,172.31.36.0-255,66,291171,12,320323
45564,0.049897,74.125.24.0-255,5738,296909,12,320323
45565,0.049903,172.31.36.0-255,66,296975,12,320323
45566,0.05215,74.125.24.0-255,5738,302713,12,320323
45567,0.052155,172.31.36.0-255,66,302779,12,320323
45568,0.054411,74.125.24.0-255,5738,308517,12,320323
45569,0.054416,172.31.36.0-255,66,308583,12,320323
45570,0.056673,74.125.24.0-255,5738,314321,12,320323
45571,0.056678,172.31.36.0-255,66,314387,12,320323
45572,0.058922,74.125.24.0-255,2902,317289,12,320323
45573,0.058927,172.31.36.0-255,66,317355,12,320323
45574,0.058961,74.125.24.0-255,2902,320257,12,320323
45575,0.058965,172.31.36.0-255,66,320323,12,320323
45576,0.0,74.125.200.0-255,153,153,12,226556
45577,2.2e-05,172.31.36.0-255,66,219,12,226556
45578,2.9e-05,74.125.200.0-255,1484,1703,12,226556
45579,3.4e-05,172.31.36.0-255,66,1769,12,226556
45580,3.7e-05,74.125.200.0-255,1484,3253,12,226556
45581,4e-05,172.31.36.0-255,66,3319,12,226556
45582,6.4e-05,74.125.200.0-255,2902,6221,12,226556
45583,6.7e-05,172.31.36.0-255,66,6287,12,226556
45584,8.9e-05,74.125.200.0-255,1484,7771,12,226556
45585,9.2e-05,172.31.36.0-255,66,7837,12,226556
45586,0.000111,74.125.200.0-255,2902,10739,12,226556
45587,0.000113,172.31.36.0-255,66,10805,12,226556
45588,0.000167,74.125.200.0-255,3493,14298,12,226556
45589,0.00017,172.31.36.0-255,66,14364,12,226556
45590,0.000241,74.125.200.0-255,1484,15848,12,226556
45591,0.000244,172.31.36.0-255,66,15914,12,226556
45592,0.000262,74.125.200.0-255,2902,18816,12,226556
45593,0.000265,172.31.36.0-255,66,18882,12,226556
45594,0.000312,74.125.200.0-255,4320,23202,12,226556
45595,0.000316,172.31.36.0-255,66,23268,12,226556
45596,0.000414,74.125.200.0-255,5738,29006,12,226556
45597,0.000419,172.31.36.0-255,66,29072,12,226556
45598,0.000479,74.125.200.0-255,2543,31615,12,226556
45599,0.000482,172.31.36.0-255,66,31681,12,226556
45600,0.000547,74.125.200.0-255,4320,36001,12,226556
45601,0.000551,172.31.36.0-255,66,36067,12,226556
45602,0.000575,74.125.200.0-255,5738,41805,12,226556
45603,0.000578,172.31.36.0-255,66,41871,12,226556
45604,0.000689,74.125.200.0-255,1484,43355,12,226556
45605,0.000693,172.31.36.0-255,66,43421,12,226556
45606,0.000712,74.125.200.0-255,5379,48800,12,226556
45607,0.000715,172.31.36.0-255,66,48866,12,226556
45608,0.000869,172.31.36.0-255,66,48932,12,226556
45609,0.001116,74.125.200.0-255,648,49580,12,226556
45610,0.001155,74.125.200.0-255,5379,54959,12,226556
45611,0.00117,172.31.36.0-255,66,55025,12,226556
45612,0.001548,74.125.200.0-255,6797,61822,12,226556
45613,0.001552,172.31.36.0-255,66,61888,12,226556
45614,0.001669,74.125.200.0-255,5738,67626,12,226556
45615,0.002681,74.125.200.0-255,7156,74782,12,226556
45616,0.002729,74.125.200.0-255,3602,78384,12,226556
45617,0.002877,74.125.200.0-255,1484,79868,12,226556
45618,0.002976,74.125.200.0-255,4320,84188,12,226556
45619,0.005094,172.31.36.0-255,66,84254,12,226556
45620,0.007018,74.125.200.0-255,5738,89992,12,226556
45621,0.007025,172.31.36.0-255,66,90058,12,226556
45622,0.008989,74.125.200.0-255,5738,95796,12,226556
45623,0.008996,172.31.36.0-255,66,95862,12,226556
45624,0.010924,74.125.200.0-255,5738,101600,12,226556
45625,0.010931,172.31.36.0-255,66,101666,12,226556
45626,0.012865,74.125.200.0-255,5738,107404,12,226556
45627,0.013679,172.31.36.0-255,66,107470,12,226556
45628,0.015609,74.125.200.0-255,5738,113208,12,226556
45629,0.015617,172.31.36.0-255,66,113274,12,226556
45630,0.017552,74.125.200.0-255,5738,119012,12,226556
45631,0.022819,172.31.36.0-255,66,119078,12,226556
45632,0.024689,74.125.200.0-255,1484,120562,12,226556
45633,0.024739,74.125.200.0-255,4320,124882,12,226556
45634,0.024745,172.31.36.0-255,66,124948,12,226556
45635,0.026731,74.125.200.0-255,5738,130686,12,226556
45636,0.026739,172.31.36.0-255,66,130752,12,226556
45637,0.02878,74.125.200.0-255,5738,136490,12,226556
45638,0.028787,172.31.36.0-255,66,136556,12,226556
45639,0.030714,74.125.200.0-255,5738,142294,12,226556
45640,0.030722,172.31.36.0-255,66,142360,12,226556
45641,0.032647,74.125.200.0-255,5738,148098,12,226556
45642,0.032654,172.31.36.0-255,66,148164,12,226556
45643,0.034601,74.125.200.0-255,5738,153902,12,226556
45644,0.034608,172.31.36.0-255,66,153968,12,226556
45645,0.036543,74.125.200.0-255,4320,158288,12,226556
45646,0.036549,172.31.36.0-255,66,158354,12,226556
45647,0.036565,74.125.200.0-255,1484,159838,12,226556
45648,0.038154,172.31.36.0-255,172,160010,12,226556
45649,0.038182,172.31.36.0-255,1108,161118,12,226556
45650,0.038231,172.31.36.0-255,1514,162632,12,226556
45651,0.038232,172.31.36.0-255,1300,163932,12,226556
45652,0.038465,74.125.200.0-255,4320,168252,12,226556
45653,0.038471,172.31.36.0-255,66,168318,12,226556
45654,0.039722,104.244.42.0-255,66,168384,12,226556
45655,0.039776,104.244.42.0-255,66,168450,12,226556
45656,0.039797,104.244.42.0-255,66,168516,12,226556
45657,0.040395,74.125.200.0-255,5738,174254,12,226556
45658,0.040599,172.31.36.0-255,66,174320,12,226556
45659,0.042531,74.125.200.0-255,5738,180058,12,226556
45660,0.042538,172.31.36.0-255,66,180124,12,226556
45661,0.044472,74.125.200.0-255,5738,185862,12,226556
45662,0.044479,172.31.36.0-255,66,185928,12,226556
45663,0.0464,74.125.200.0-255,5738,191666,12,226556
45664,0.046407,172.31.36.0-255,66,191732,12,226556
45665,0.048335,74.125.200.0-255,5738,197470,12,226556
45666,0.048342,172.31.36.0-255,66,197536,12,226556
45667,0.050269,74.125.200.0-255,5738,203274,12,226556
45668,0.050277,172.31.36.0-255,66,203340,12,226556
45669,0.052195,74.125.200.0-255,5738,209078,12,226556
45670,0.052202,172.31.36.0-255,66,209144,12,226556
45671,0.054127,74.125.200.0-255,5738,214882,12,226556
45672,0.054133,172.31.36.0-255,66,214948,12,226556
45673,0.05617,74.125.200.0-255,5738,220686,12,226556
45674,0.056177,172.31.36.0-255,66,220752,12,226556
45675,0.058109,74.125.200.0-255,5738,226490,12,226556
45676,0.058115,172.31.36.0-255,66,226556,12,226556
